Date/Time	Green Algae	Bluegreen	Diatoms	Cryptophyta	#5	#6	#7	Yellow substances	Total conc.	Transmission	Depth	Temp. Sample	Green Algae	Bluegreen	Diatoms	Cryptophyta	#5	#6	#7	Yellow substances	Total cell count	Trans. 700 nm	LED 3 [525 nm]	LED 4 [570 nm]	LED 5 [610 nm]	LED 6 [370 nm]	LED 7 [590 nm]	LED 8 [470 nm]	Pressure	Temp. LEDs	Temp. Sensor
date	µg/l	µg/l	µg/l	µg/l	µg/l	µg/l	µg/l	r.u.	µg/l	%	m	°C	cells/ml	cells/ml	cells/ml	cells/ml	cells/ml	cells/ml	cells/ml	r.u.	cells/ml	digits	digits	digits	digits	digits	digits	digits	bar	°C	°C
9/1/2026 12:20:13 PM	5.47	0.38	3.63	0.00	0.00	0.00	0.00	0.00	9.48	83.86	0.01	26.71	2898	376	1634	0	0	0	0	0	4908	152.95	11.64	3.86	11.89	22.61	11.50	32.81	1.00	25.87	26.02
9/1/2026 12:20:15 PM	5.43	0.41	3.57	0.00	0.00	0.00	0.00	0.00	9.41	81.95	0.04	26.60	2879	411	1607	0	0	0	0	0	4897	149.46	11.27	2.96	11.79	21.19	12.13	33.31	1.00	25.91	26.02
9/1/2026 12:20:18 PM	7.20	0.26	2.07	0.16	0.00	0.00	0.00	0.00	9.69	82.97	0.17	26.59	3816	256	932	5	0	0	0	0	5010	151.33	9.75	2.18	11.06	23.24	12.58	32.77	1.02	25.95	26.00
9/1/2026 12:20:21 PM	6.63	0.00	2.11	0.67	0.00	0.00	0.00	0.00	9.40	83.57	0.33	26.62	3512	0	949	20	0	0	0	0	4481	152.42	10.71	3.25	10.91	22.74	12.89	33.12	1.03	25.99	26.03
9/1/2026 12:20:24 PM	6.16	0.25	2.75	0.35	0.00	0.00	0.00	0.00	9.51	82.88	0.43	26.64	3266	248	1239	10	0	0	0	0	4763	151.17	11.06	1.79	11.14	22.20	13.44	33.28	1.04	26.01	26.08
9/1/2026 12:20:26 PM	7.12	0.07	2.30	0.16	0.00	0.00	0.00	0.00	9.65	83.44	0.51	26.56	3775	74	1035	5	0	0	0	0	4889	152.18	9.96	2.99	10.88	23.29	11.62	33.47	1.05	26.01	26.05
9/1/2026 12:20:29 PM	6.48	0.03	2.41	0.48	0.00	0.00	0.00	0.00	9.41	83.45	0.57	26.57	3433	33	1085	15	0	0	0	0	4566	152.21	10.71	2.91	11.00	22.38	12.50	33.35	1.06	26.05	26.14
9/1/2026 12:20:32 PM	6.78	0.51	2.52	0.04	0.00	0.00	0.00	0.00	9.85	83.11	0.60	26.60	3593	508	1136	1	0	0	0	0	5239	151.58	10.21	2.76	11.98	23.05	12.82	32.95	1.06	26.09	26.13
9/1/2026 12:20:35 PM	7.65	0.00	1.16	0.93	0.00	0.00	0.00	0.00	9.74	83.47	0.62	26.52	4053	0	524	28	0	0	0	0	4605	152.24	9.84	3.21	10.68	22.99	14.26	34.10	1.06	26.12	26.14
9/1/2026 12:20:37 PM	6.36	0.00	2.42	0.68	0.00	0.00	0.00	0.00	9.46	83.76	0.65	26.50	3373	0	1087	20	0	0	0	0	4481	152.77	11.16	2.90	10.69	22.48	13.41	33.88	1.06	26.17	26.16
9/1/2026 12:20:40 PM	5.97	0.37	2.91	0.17	0.00	0.00	0.00	0.00	9.42	83.24	0.70	26.47	3163	367	1311	5	0	0	0	0	4846	151.82	10.98	2.83	11.35	22.66	12.60	32.06	1.07	26.20	26.18
9/1/2026 12:20:43 PM	7.22	0.00	1.82	0.65	0.00	0.00	0.00	0.00	9.69	82.93	0.74	26.49	3827	0	819	19	0	0	0	0	4666	151.26	10.42	2.10	10.60	23.34	13.68	33.87	1.07	26.22	26.21
9/1/2026 12:20:45 PM	5.25	0.40	3.87	0.00	0.00	0.00	0.00	0.00	9.52	80.88	0.78	26.50	2780	400	1744	0	0	0	0	0	4924	147.53	11.99	1.91	11.59	21.84	12.67	33.66	1.08	26.27	26.22
9/1/2026 12:20:48 PM	6.53	0.49	2.71	0.00	0.00	0.00	0.00	0.10	9.73	80.54	0.81	26.58	3462	493	1219	0	0	0	0	0	5173	146.91	10.81	2.47	13.00	24.60	11.34	33.04	1.08	26.27	26.22
9/1/2026 12:20:51 PM	5.58	0.63	3.21	0.00	0.00	0.00	0.00	0.09	9.42	80.55	0.87	26.54	2956	634	1443	0	0	0	0	0	5033	146.91	11.37	2.42	12.23	23.65	12.62	31.94	1.09	26.31	26.21
9/1/2026 12:20:54 PM	9.06	0.12	0.84	0.00	0.00	0.00	0.00	0.00	10.01	80.54	0.92	26.53	4802	116	377	0	0	0	0	0	5295	146.90	7.46	1.90	11.30	23.53	11.09	33.63	1.09	26.33	26.24
9/1/2026 12:20:56 PM	7.06	0.61	2.07	0.00	0.00	0.00	0.00	0.00	9.74	81.40	0.98	26.47	3739	611	934	0	0	0	0	0	5284	148.47	9.47	0.61	12.29	22.14	13.02	32.21	1.10	26.37	26.22
9/1/2026 12:20:59 PM	7.08	0.55	2.28	0.00	0.00	0.00	0.00	0.00	9.91	79.96	1.07	26.42	3754	545	1025	0	0	0	0	0	5324	145.84	9.40	2.82	12.81	21.48	12.35	33.93	1.10	26.38	26.26
9/1/2026 12:21:02 PM	5.71	0.34	3.06	0.00	0.00	0.00	0.00	0.00	9.11	79.36	1.16	26.50	3028	337	1376	0	0	0	0	0	4741	144.76	10.46	2.45	11.13	21.17	11.65	31.69	1.11	26.41	26.27
9/1/2026 12:21:05 PM	6.70	0.25	2.64	0.00	0.00	0.00	0.00	0.02	9.59	80.39	1.19	26.47	3551	252	1186	0	0	0	0	0	4989	146.63	10.32	2.00	10.78	23.58	12.12	32.78	1.12	26.42	26.29
9/1/2026 12:21:07 PM	6.05	0.00	2.40	0.46	0.00	0.00	0.00	0.01	8.92	79.56	1.24	26.45	3209	0	1082	14	0	0	0	0	4305	145.12	10.55	2.73	10.02	22.14	12.16	31.36	1.12	26.45	26.30
9/1/2026 12:21:10 PM	6.61	0.31	2.94	0.00	0.00	0.00	0.00	0.00	9.86	79.55	1.29	26.32	3502	313	1325	0	0	0	0	0	5139	145.09	10.80	2.27	11.38	23.39	12.44	33.88	1.13	26.46	26.34
9/1/2026 12:21:13 PM	6.57	0.00	3.55	0.48	0.00	0.00	0.00	0.00	10.60	80.39	1.33	26.18	3481	0	1598	14	0	0	0	0	5093	146.63	13.19	2.70	11.41	25.46	14.10	38.17	1.13	26.54	26.40
9/1/2026 12:21:16 PM	7.43	0.13	4.30	0.00	0.00	0.00	0.00	0.00	11.85	80.47	1.39	26.07	3939	125	1933	0	0	0	0	0	5998	146.77	13.67	2.91	13.04	27.08	13.74	43.01	1.14	26.52	26.38
9/1/2026 12:21:18 PM	7.25	0.00	3.97	0.20	0.00	0.00	0.00	0.00	11.42	80.27	1.42	26.05	3842	0	1786	6	0	0	0	0	5634	146.41	13.31	3.46	11.63	26.42	13.93	41.85	1.14	26.54	26.37
9/1/2026 12:21:21 PM	8.37	0.00	3.15	0.27	0.00	0.00	0.00	0.00	11.79	79.94	1.45	25.99	4438	0	1417	8	0	0	0	0	5864	145.81	12.43	3.06	12.61	27.13	14.03	42.47	1.14	26.58	26.37
9/1/2026 12:21:24 PM	8.19	0.00	3.32	0.34	0.00	0.00	0.00	0.00	11.85	80.40	1.48	25.91	4340	0	1494	10	0	0	0	0	5845	146.65	13.15	2.98	12.39	28.30	14.47	42.10	1.14	26.61	26.43
9/1/2026 12:21:26 PM	7.50	0.00	3.78	0.41	0.00	0.00	0.00	0.00	11.69	80.48	1.50	25.87	3973	0	1703	12	0	0	0	0	5688	146.79	13.60	2.51	12.79	26.22	14.83	43.16	1.15	26.63	26.42
9/1/2026 12:21:29 PM	8.11	0.00	3.40	0.30	0.00	0.00	0.00	0.00	11.80	80.57	1.53	25.84	4296	0	1530	9	0	0	0	0	5835	146.97	12.80	4.14	11.76	27.49	14.28	42.65	1.15	26.65	26.45
9/1/2026 12:21:32 PM	7.54	0.00	3.91	0.34	0.00	0.00	0.00	0.00	11.79	80.37	1.56	25.84	3996	0	1759	10	0	0	0	0	5765	146.58	13.88	3.06	12.11	27.61	14.79	42.83	1.15	26.67	26.50
9/1/2026 12:21:35 PM	8.23	0.00	3.92	0.19	0.00	0.00	0.00	0.00	12.34	80.56	1.60	25.83	4364	0	1763	6	0	0	0	0	6133	146.94	13.68	2.96	12.12	28.35	15.02	45.04	1.16	26.68	26.47
9/1/2026 12:21:38 PM	7.97	0.00	3.92	0.32	0.00	0.00	0.00	0.00	12.21	80.78	1.66	25.70	4224	0	1763	10	0	0	0	0	5997	147.33	14.02	3.89	12.85	28.50	14.59	44.30	1.16	26.70	26.51
9/1/2026 12:21:40 PM	8.78	0.20	3.14	0.82	0.00	0.00	0.00	0.00	12.94	81.10	1.70	25.53	4655	195	1413	25	0	0	0	0	6288	147.92	14.52	4.05	15.13	30.03	16.79	45.58	1.17	26.72	26.51
9/1/2026 12:21:43 PM	8.83	0.00	3.18	0.75	0.00	0.00	0.00	0.00	12.76	80.19	1.75	25.51	4682	0	1429	23	0	0	0	0	6133	146.26	14.27	4.51	14.17	30.10	15.81	45.51	1.17	26.77	26.55
9/1/2026 12:21:46 PM	8.63	0.28	3.55	0.49	0.00	0.00	0.00	0.00	12.94	81.40	1.79	25.58	4575	276	1597	15	0	0	0	0	6462	148.47	14.45	2.66	14.53	29.89	16.76	45.49	1.18	26.77	26.53
9/1/2026 12:21:49 PM	9.52	0.05	2.77	0.83	0.00	0.00	0.00	0.00	13.16	81.63	1.83	25.55	5044	49	1246	25	0	0	0	0	6362	148.88	14.15	3.95	14.79	31.15	16.54	46.20	1.18	26.76	26.51
9/1/2026 12:21:51 PM	8.55	0.16	3.48	0.81	0.00	0.00	0.00	0.00	13.00	81.98	1.87	25.55	4531	157	1568	24	0	0	0	0	6279	149.53	15.19	3.71	14.88	30.61	17.02	45.92	1.18	26.77	26.51
9/1/2026 12:21:54 PM	10.35	0.11	1.82	0.89	0.00	0.00	0.00	0.00	13.18	82.26	1.89	25.55	5488	115	819	27	0	0	0	0	6449	150.04	12.88	3.83	14.93	31.23	16.76	45.27	1.18	26.84	26.64
9/1/2026 12:21:57 PM	8.10	0.57	4.77	0.00	0.00	0.00	0.00	0.05	13.44	81.40	1.92	25.53	4293	572	2146	0	0	0	0	0	7011	148.48	15.99	3.32	15.56	32.81	15.95	46.16	1.19	26.82	26.59
9/1/2026 12:22:00 PM	9.29	0.58	3.43	0.22	0.00	0.00	0.00	0.00	13.52	81.56	1.97	25.59	4926	584	1543	7	0	0	0	0	7059	148.77	13.90	3.81	15.91	30.77	16.54	46.23	1.19	26.87	26.59
9/1/2026 12:22:02 PM	8.37	0.32	4.76	0.00	0.00	0.00	0.00	0.00	13.45	81.20	2.00	25.55	4436	319	2143	0	0	0	0	0	6898	148.11	15.53	3.58	15.02	31.44	15.29	47.43	1.20	26.88	26.67
9/1/2026 12:22:05 PM	9.02	0.33	4.27	0.00	0.00	0.00	0.00	0.00	13.63	81.29	2.04	25.53	4782	334	1921	0	0	0	0	0	7037	148.27	15.00	1.97	15.39	31.72	15.40	47.62	1.20	26.90	26.64
9/1/2026 12:22:08 PM	10.71	0.03	2.63	0.81	0.00	0.00	0.00	0.00	14.17	81.60	2.09	25.46	5674	27	1183	24	0	0	0	0	6909	148.83	14.39	4.56	15.76	33.45	16.92	49.57	1.21	26.93	26.71
9/1/2026 12:22:11 PM	9.79	1.43	4.40	0.00	0.00	0.00	0.00	0.10	15.62	81.15	2.16	25.25	5188	1430	1981	0	0	0	0	0	8600	148.01	16.93	4.15	20.66	37.41	18.84	50.85	1.21	26.91	26.64
9/1/2026 12:22:13 PM	11.46	1.53	3.59	0.24	0.00	0.00	0.00	0.00	16.82	81.21	2.21	25.25	6074	1531	1614	7	0	0	0	0	9226	148.13	16.47	4.07	20.82	38.20	22.15	53.59	1.22	26.94	26.69
9/1/2026 12:22:16 PM	11.07	1.56	3.85	0.38	0.00	0.00	0.00	0.10	16.85	81.11	2.26	25.08	5866	1560	1731	11	0	0	0	0	9168	147.95	17.47	5.40	21.48	40.05	22.17	54.35	1.22	26.96	26.72
9/1/2026 12:22:19 PM	12.63	1.49	3.42	0.41	0.00	0.00	0.00	0.10	17.95	80.97	2.27	24.85	6694	1492	1540	12	0	0	0	0	9738	147.68	17.50	4.77	21.98	42.63	23.25	57.86	1.22	26.98	26.74
9/1/2026 12:22:21 PM	12.33	2.41	4.28	0.11	0.00	0.00	0.00	0.13	19.13	80.46	2.31	24.95	6536	2407	1925	3	0	0	0	0	10872	146.75	18.94	6.05	25.44	44.57	25.44	59.64	1.23	26.98	26.75
9/1/2026 12:22:25 PM	11.99	2.91	5.33	0.00	0.00	0.00	0.00	0.27	20.23	80.35	2.38	24.57	6357	2911	2398	0	0	0	0	0	11665	146.56	21.36	6.86	28.26	48.45	27.01	63.39	1.23	26.99	26.80
9/1/2026 12:22:27 PM	14.93	2.58	3.82	0.56	0.00	0.00	0.00	0.27	21.88	80.85	2.46	24.07	7911	2582	1717	17	0	0	0	0	12227	147.47	21.15	6.80	28.85	52.71	29.46	69.06	1.24	27.02	26.79
9/1/2026 12:22:30 PM	14.95	3.20	6.05	0.00	0.00	0.00	0.00	0.18	24.21	79.76	2.49	23.60	7924	3202	2725	0	0	0	0	0	13851	145.49	24.65	6.92	32.38	56.31	31.23	75.50	1.24	27.03	26.79
9/1/2026 12:22:33 PM	17.27	3.32	6.06	0.00	0.00	0.00	0.00	0.04	26.65	79.12	2.53	23.54	9152	3319	2727	0	0	0	0	0	15198	144.32	25.71	7.29	34.59	59.91	33.50	82.19	1.25	27.01	26.75
9/1/2026 12:22:35 PM	18.47	2.85	5.10	0.66	0.00	0.00	0.00	0.02	27.08	79.89	2.61	23.33	9788	2852	2296	20	0	0	0	0	14955	145.72	25.84	7.72	34.04	61.32	34.79	84.59	1.26	27.04	26.80
9/1/2026 12:22:38 PM	18.43	3.13	6.77	0.23	0.00	0.00	0.00	0.00	28.55	78.57	2.68	23.00	9766	3125	3048	7	0	0	0	0	15947	143.30	28.03	8.19	35.92	63.24	35.60	90.12	1.26	27.05	26.83
9/1/2026 12:22:41 PM	23.83	3.62	7.12	1.02	0.00	0.00	0.00	0.00	35.60	76.82	2.75	22.22	12632	3622	3205	31	0	0	0	0	19489	140.12	34.13	10.14	44.68	77.76	44.90	113.49	1.27	27.03	26.80
9/1/2026 12:22:44 PM	29.46	4.39	9.37	0.63	0.00	0.00	0.00	0.00	43.85	75.27	2.81	21.17	15611	4394	4218	19	0	0	0	0	24242	137.30	40.91	11.52	53.97	93.91	52.80	141.40	1.27	27.02	26.85
9/1/2026 12:22:46 PM	30.93	4.19	8.53	1.34	0.00	0.00	0.00	0.00	44.99	77.98	2.82	21.37	16392	4187	3839	40	0	0	0	0	24459	142.24	41.76	11.98	55.39	96.25	55.18	146.02	1.28	27.08	26.80
9/1/2026 12:22:49 PM	31.67	4.19	8.57	1.26	0.00	0.00	0.00	0.00	45.69	78.11	2.87	21.63	16783	4190	3857	38	0	0	0	0	24868	142.47	42.01	11.79	55.81	97.85	55.61	148.31	1.28	27.09	26.88
9/1/2026 12:22:52 PM	33.45	3.74	7.90	1.87	0.00	0.00	0.00	0.00	46.96	77.73	2.93	21.77	17730	3736	3553	56	0	0	0	0	25075	141.77	42.79	12.66	56.82	100.51	56.83	154.42	1.29	27.07	26.87
9/1/2026 12:22:54 PM	35.94	3.47	8.03	2.28	0.00	0.00	0.00	0.00	49.74	77.13	2.97	21.07	19050	3474	3616	69	0	0	0	0	26208	140.69	45.06	13.18	59.48	105.55	59.64	166.07	1.29	27.07	26.88
9/1/2026 12:22:57 PM	43.10	4.38	9.25	1.94	0.00	0.00	0.00	0.00	58.67	76.21	3.00	20.91	22845	4383	4160	58	0	0	0	0	31447	139.01	50.76	15.51	69.87	123.58	67.85	194.67	1.29	27.07	26.88
9/1/2026 12:22:59 PM	46.22	4.66	11.74	2.45	0.00	0.00	0.00	0.00	65.07	76.55	3.07	20.43	24495	4658	5284	74	0	0	0	0	34511	139.63	59.49	16.97	76.90	138.08	75.98	217.36	1.30	27.06	26.87
9/1/2026 12:23:02 PM	50.81	5.22	14.23	2.14	0.00	0.00	0.00	0.00	72.40	76.31	3.15	19.68	26930	5219	6404	64	0	0	0	0	38618	139.18	67.01	18.64	84.31	155.53	82.77	240.92	1.31	27.09	26.95
9/1/2026 12:23:05 PM	52.52	5.10	15.46	2.81	0.00	0.00	0.00	0.00	75.90	75.88	3.21	19.23	27837	5102	6959	84	0	0	0	0	39982	138.40	72.31	19.28	88.02	163.07	87.83	254.82	1.31	27.05	26.87
9/1/2026 12:23:08 PM	54.95	5.90	16.26	2.63	0.00	0.00	0.00	0.00	79.73	75.14	3.28	18.54	29124	5900	7315	79	0	0	0	0	42418	137.06	75.45	20.65	93.29	171.51	92.32	265.12	1.32	27.08	26.91
9/1/2026 12:23:10 PM	52.25	8.18	15.26	1.83	0.00	0.00	0.00	0.00	77.52	76.10	3.34	18.22	27692	8183	6866	55	0	0	0	0	42795	138.80	71.44	21.04	96.20	164.59	93.66	248.34	1.33	27.08	26.96
9/1/2026 12:23:13 PM	51.49	7.97	13.94	2.30	0.00	0.00	0.00	0.00	75.70	75.75	3.38	18.63	27289	7972	6272	69	0	0	0	0	41602	138.17	69.53	20.64	94.44	160.83	92.93	242.07	1.33	27.06	26.96
9/1/2026 12:23:16 PM	50.78	9.21	14.49	1.71	0.00	0.00	0.00	0.00	76.18	75.67	3.43	19.05	26913	9206	6521	51	0	0	0	0	42690	138.02	69.35	21.32	97.70	159.93	94.61	240.13	1.34	27.03	26.98
9/1/2026 12:23:19 PM	51.88	9.34	13.46	2.22	0.00	0.00	0.00	0.00	76.90	76.15	3.49	19.30	27494	9342	6055	67	0	0	0	0	42958	138.91	69.30	21.53	99.27	161.02	96.96	241.80	1.34	27.04	27.03
9/1/2026 12:23:21 PM	51.86	9.82	14.30	1.60	0.00	0.00	0.00	0.00	77.58	76.11	3.50	19.41	27488	9818	6435	48	0	0	0	0	43789	138.82	69.50	21.96	100.64	161.72	96.78	243.07	1.34	27.02	27.00
9/1/2026 12:23:24 PM	52.17	10.27	14.01	1.71	0.00	0.00	0.00	0.00	78.15	75.65	3.56	18.94	27649	10269	6302	51	0	0	0	0	44273	137.98	69.62	22.09	102.48	162.08	98.78	243.61	1.35	27.02	27.00
9/1/2026 12:23:27 PM	48.94	14.64	12.87	1.72	0.00	0.00	0.00	0.00	78.17	75.88	3.62	18.22	25940	14639	5792	52	0	0	0	0	46422	138.40	68.65	23.94	114.17	156.20	109.98	228.97	1.35	26.98	27.03
9/1/2026 12:23:30 PM	35.34	41.54	10.59	1.23	0.00	0.00	0.00	0.00	88.70	74.75	3.73	17.86	18729	41539	4767	37	0	0	0	0	65072	136.34	73.78	38.52	195.90	141.83	185.73	178.54	1.37	27.00	27.00
9/1/2026 12:23:32 PM	23.65	67.23	10.22	0.00	0.00	0.00	0.00	0.00	101.10	74.25	3.82	14.89	12535	67228	4599	0	0	0	0	0	84362	135.44	80.99	53.20	275.98	133.66	256.95	139.08	1.37	26.97	27.01
9/1/2026 12:23:35 PM	25.38	64.57	10.17	0.00	0.00	0.00	0.00	0.00	100.12	73.98	3.87	15.77	13452	64572	4576	0	0	0	0	0	82600	134.93	79.99	51.41	268.37	135.02	248.86	144.15	1.38	26.96	27.04
9/1/2026 12:23:38 PM	27.38	60.67	9.85	0.00	0.00	0.00	0.00	0.00	97.89	74.09	3.91	16.18	14509	60672	4431	0	0	0	0	0	79612	135.14	77.75	49.21	256.34	135.66	236.25	148.42	1.38	26.93	27.01
9/1/2026 12:23:40 PM	27.31	58.53	8.59	1.07	0.00	0.00	0.00	0.00	95.50	74.24	3.95	16.78	14472	58525	3866	32	0	0	0	0	76896	135.41	76.77	47.83	247.61	133.86	234.02	146.30	1.39	26.93	27.11
9/1/2026 12:23:43 PM	25.77	62.65	9.55	0.00	0.00	0.00	0.00	0.00	97.97	73.90	4.01	17.23	13659	62654	4297	0	0	0	0	0	80609	134.80	77.58	50.36	260.23	133.43	242.93	142.02	1.39	26.91	27.01
9/1/2026 12:23:46 PM	23.55	61.79	8.68	0.00	0.00	0.00	0.00	0.00	94.02	73.02	4.07	17.37	12484	61787	3907	0	0	0	0	0	78178	133.19	73.94	49.42	255.18	125.33	236.51	131.01	1.40	26.87	27.06
9/1/2026 12:23:49 PM	19.14	59.03	8.22	0.00	0.00	0.00	0.00	0.00	86.39	70.57	4.11	17.40	10146	59029	3697	0	0	0	0	0	72872	128.72	68.43	46.36	240.16	110.97	224.45	114.26	1.40	26.87	27.06
9/1/2026 12:23:51 PM	20.35	57.62	5.61	0.00	0.00	0.00	0.00	0.00	83.58	72.52	4.17	16.14	10785	57618	2525	0	0	0	0	0	70929	132.28	62.99	45.04	238.43	106.35	212.77	107.22	1.41	26.84	27.03
9/1/2026 12:23:54 PM	16.06	49.76	4.60	0.00	0.00	0.00	0.00	0.00	70.42	72.01	4.22	14.93	8513	49762	2069	0	0	0	0	0	60344	131.34	52.86	38.26	207.24	85.67	180.51	88.03	1.41	26.82	27.01
9/1/2026 12:23:57 PM	15.79	48.56	5.42	0.00	0.00	0.00	0.00	0.00	69.77	71.93	4.25	14.54	8369	48556	2440	0	0	0	0	0	59364	131.20	53.68	38.03	200.73	87.27	179.64	89.33	1.42	26.78	27.06
9/1/2026 12:24:00 PM	12.97	38.64	3.59	1.83	0.00	0.00	0.00	0.00	57.03	74.21	4.29	14.75	6876	38640	1615	55	0	0	0	0	47186	135.36	46.84	31.20	160.39	73.65	153.87	76.28	1.42	26.76	27.00
9/1/2026 12:24:02 PM	11.14	37.09	4.61	1.01	0.00	0.00	0.00	0.00	53.85	74.37	4.35	15.21	5906	37090	2073	30	0	0	0	0	45099	135.66	44.18	29.16	152.68	67.14	145.18	71.76	1.43	26.72	27.06
9/1/2026 12:24:05 PM	9.53	34.07	4.79	0.00	0.00	0.00	0.00	0.00	48.39	74.82	4.39	14.89	5053	34071	2155	0	0	0	0	0	41279	136.47	38.81	26.46	138.66	59.71	129.51	61.92	1.43	26.67	27.03
9/1/2026 12:24:08 PM	8.19	28.34	3.10	0.99	0.00	0.00	0.00	0.00	40.62	75.33	4.48	14.58	4339	28342	1397	30	0	0	0	0	34107	137.41	33.60	22.65	116.83	50.76	111.72	52.49	1.44	26.64	27.03
9/1/2026 12:24:11 PM	6.81	24.45	3.11	0.49	0.00	0.00	0.00	0.00	34.86	74.79	4.53	14.64	3609	24453	1399	15	0	0	0	0	29475	136.41	28.87	19.64	100.45	43.88	95.52	44.50	1.44	26.63	27.01
9/1/2026 12:24:14 PM	6.77	19.54	1.48	0.00	0.00	0.00	0.00	0.00	27.79	77.13	4.62	14.37	3587	19542	667	0	0	0	0	0	23796	140.69	20.92	15.04	81.46	35.39	73.83	34.01	1.45	26.59	27.04
9/1/2026 12:24:16 PM	6.24	16.71	0.68	0.00	0.00	0.00	0.00	0.00	23.63	77.66	4.69	13.96	3306	16707	306	0	0	0	0	0	20320	141.64	17.11	12.65	71.74	29.73	61.25	28.33	1.46	26.53	27.01
9/1/2026 12:24:19 PM	5.52	14.89	0.60	0.00	0.00	0.00	0.00	0.00	21.01	77.66	4.75	14.04	2926	14892	270	0	0	0	0	0	18088	141.66	15.40	11.48	64.29	26.89	54.57	24.78	1.47	26.52	27.01
9/1/2026 12:24:22 PM	5.07	13.89	0.92	0.00	0.00	0.00	0.00	0.00	19.88	77.72	4.81	14.05	2687	13886	414	0	0	0	0	0	16987	141.76	14.98	11.07	58.67	25.95	53.13	24.25	1.47	26.47	27.00
9/1/2026 12:24:24 PM	4.83	12.26	0.73	0.00	0.00	0.00	0.00	0.00	17.82	77.54	4.87	13.83	2562	12257	326	0	0	0	0	0	15146	141.44	13.37	9.54	52.49	23.59	47.24	22.23	1.48	26.46	27.03
9/1/2026 12:24:27 PM	4.42	10.63	0.57	0.00	0.00	0.00	0.00	0.00	15.62	77.50	4.91	14.03	2342	10631	255	0	0	0	0	0	13229	141.35	11.74	8.23	46.15	21.06	41.22	19.68	1.48	26.38	27.00
9/1/2026 12:24:30 PM	3.99	9.73	0.63	0.00	0.00	0.00	0.00	0.00	14.34	77.44	4.95	13.60	2115	9725	282	0	0	0	0	0	12122	141.26	10.99	7.63	42.19	19.51	38.29	18.22	1.49	26.34	26.98
9/1/2026 12:24:33 PM	3.84	9.05	0.55	0.00	0.00	0.00	0.00	0.00	13.45	77.22	5.01	13.33	2037	9048	249	0	0	0	0	0	11335	140.85	10.25	7.11	39.09	18.45	36.33	17.26	1.49	26.33	27.01
9/1/2026 12:24:35 PM	3.59	8.50	0.61	0.00	0.00	0.00	0.00	0.00	12.70	77.18	5.09	13.25	1902	8504	273	0	0	0	0	0	10679	140.77	9.85	6.70	36.86	17.55	34.46	16.48	1.50	26.28	27.00
9/1/2026 12:24:38 PM	3.39	7.69	0.53	0.00	0.00	0.00	0.00	0.00	11.61	77.35	5.17	12.60	1797	7687	240	0	0	0	0	0	9723	141.08	9.04	6.24	33.73	16.36	31.35	15.22	1.51	26.24	26.93
9/1/2026 12:24:41 PM	3.09	6.69	0.51	0.00	0.00	0.00	0.00	0.01	10.28	75.64	5.29	11.76	1638	6688	228	0	0	0	0	0	8554	137.97	8.15	5.47	29.60	14.94	28.01	13.93	1.52	26.21	26.93
9/1/2026 12:24:44 PM	3.05	6.64	0.61	0.00	0.00	0.00	0.00	0.00	10.30	75.29	5.35	11.77	1617	6639	274	0	0	0	0	0	8529	137.33	8.29	5.46	29.43	14.94	27.97	14.13	1.52	26.15	26.90
9/1/2026 12:24:46 PM	3.17	6.77	0.50	0.00	0.00	0.00	0.00	0.00	10.44	75.61	5.40	11.70	1680	6772	225	0	0	0	0	0	8677	137.91	8.23	5.49	30.05	15.07	28.25	14.13	1.53	26.10	26.91
9/1/2026 12:24:49 PM	2.87	6.60	0.62	0.00	0.00	0.00	0.00	0.00	10.09	76.19	5.50	11.90	1523	6595	281	0	0	0	0	0	8399	138.97	8.20	5.47	29.25	14.54	27.57	13.61	1.54	26.05	26.87
9/1/2026 12:24:52 PM	2.78	6.10	0.56	0.00	0.00	0.00	0.00	0.02	9.44	76.94	5.59	11.87	1473	6103	252	0	0	0	0	0	7828	140.34	7.69	5.13	27.15	14.03	25.98	13.06	1.55	25.99	26.87
9/1/2026 12:24:55 PM	2.58	5.53	0.49	0.00	0.00	0.00	0.00	0.06	8.60	74.64	5.78	11.66	1367	5530	219	0	0	0	0	0	7116	136.15	7.12	4.65	24.92	13.35	23.79	12.19	1.57	25.95	26.85
9/1/2026 12:24:57 PM	2.31	5.04	0.53	0.00	0.00	0.00	0.00	0.08	7.88	74.49	5.93	11.53	1224	5042	237	0	0	0	0	0	6503	135.87	6.76	4.37	22.97	12.72	21.99	11.50	1.58	25.91	26.87
9/1/2026 12:25:00 PM	2.45	4.92	0.53	0.00	0.00	0.00	0.00	0.06	7.90	74.79	6.01	11.31	1299	4923	238	0	0	0	0	0	6460	136.42	6.73	4.34	22.83	12.70	21.50	11.80	1.59	25.83	26.85
9/1/2026 12:25:02 PM	2.33	4.87	0.57	0.00	0.00	0.00	0.00	0.07	7.78	75.06	6.10	11.52	1237	4875	256	0	0	0	0	0	6368	136.91	6.74	4.22	22.44	12.66	21.48	11.66	1.60	25.81	26.80
9/1/2026 12:25:05 PM	2.32	4.76	0.59	0.00	0.00	0.00	0.00	0.08	7.67	75.00	6.17	11.58	1228	4764	265	0	0	0	0	0	6257	136.79	6.70	4.19	21.91	12.70	21.26	11.72	1.60	25.76	26.80
9/1/2026 12:25:08 PM	2.11	4.56	0.45	0.00	0.00	0.00	0.00	0.09	7.13	77.16	6.34	11.41	1120	4565	204	0	0	0	0	0	5889	140.74	6.18	4.00	20.94	11.82	20.25	10.51	1.62	25.72	26.82
9/1/2026 12:25:11 PM	2.24	4.73	0.43	0.00	0.00	0.00	0.00	0.08	7.40	77.04	6.42	11.51	1189	4728	194	0	0	0	0	0	6111	140.52	6.31	4.02	21.66	12.08	20.84	10.82	1.63	25.64	26.77
9/1/2026 12:25:14 PM	2.26	4.69	0.49	0.00	0.00	0.00	0.00	0.08	7.44	77.04	6.63	11.52	1197	4692	222	0	0	0	0	0	6111	140.52	6.42	4.08	21.60	12.26	20.78	11.12	1.65	25.59	26.77
9/1/2026 12:25:16 PM	2.31	4.81	0.50	0.00	0.00	0.00	0.00	0.08	7.62	76.79	6.71	11.49	1222	4813	227	0	0	0	0	0	6262	140.07	6.54	4.15	22.07	12.40	21.25	11.30	1.66	25.54	26.71
9/1/2026 12:25:19 PM	2.29	4.85	0.60	0.00	0.00	0.00	0.00	0.08	7.75	76.94	6.85	11.53	1215	4850	272	0	0	0	0	0	6338	140.34	6.78	4.22	22.33	12.69	21.42	11.69	1.67	25.48	26.72
9/1/2026 12:25:22 PM	2.29	4.75	0.54	0.00	0.00	0.00	0.00	0.08	7.58	76.64	7.02	11.58	1216	4750	243	0	0	0	0	0	6208	139.79	6.58	4.11	21.89	12.46	21.04	11.41	1.69	25.41	26.64
9/1/2026 12:25:25 PM	2.25	4.73	0.54	0.00	0.00	0.00	0.00	0.07	7.52	76.64	7.11	11.59	1194	4728	242	0	0	0	0	0	6164	139.79	6.51	4.12	21.70	12.25	21.00	11.22	1.70	25.36	26.66
9/1/2026 12:25:27 PM	2.10	4.62	0.54	0.00	0.00	0.00	0.00	0.09	7.26	76.31	7.24	11.59	1113	4615	245	0	0	0	0	0	5972	139.19	6.39	4.03	21.08	12.05	20.62	10.84	1.71	25.31	26.64
9/1/2026 12:25:30 PM	2.27	4.54	0.47	0.00	0.00	0.00	0.00	0.09	7.28	75.91	7.37	11.56	1202	4542	213	0	0	0	0	0	5957	138.47	6.29	3.94	20.96	12.19	20.38	11.08	1.72	25.24	26.56
9/1/2026 12:25:33 PM	2.22	4.47	0.47	0.00	0.00	0.00	0.00	0.08	7.17	75.86	7.44	11.57	1178	4473	213	0	0	0	0	0	5863	138.37	6.19	4.01	20.73	11.93	20.01	10.86	1.73	25.20	26.55
9/1/2026 12:25:36 PM	2.29	4.55	0.47	0.00	0.00	0.00	0.00	0.09	7.31	75.89	7.58	11.68	1212	4552	211	0	0	0	0	0	5975	138.42	6.32	4.00	21.22	12.31	20.18	11.15	1.74	25.14	26.55
9/1/2026 12:25:39 PM	2.27	4.48	0.46	0.00	0.00	0.00	0.00	0.09	7.21	76.05	7.66	11.66	1202	4481	207	0	0	0	0	0	5890	138.71	6.23	3.94	20.89	12.10	19.97	11.00	1.75	25.06	26.51
9/1/2026 12:25:41 PM	2.08	4.37	0.52	0.00	0.00	0.00	0.00	0.11	6.96	75.76	7.87	11.55	1101	4367	234	0	0	0	0	0	5702	138.18	6.20	3.88	20.21	12.02	19.70	10.75	1.77	25.00	26.48
9/1/2026 12:25:44 PM	2.00	4.31	0.59	0.00	0.00	0.00	0.00	0.13	6.90	76.02	8.03	11.37	1061	4310	266	0	0	0	0	0	5638	138.66	6.33	3.86	20.12	12.26	19.41	10.91	1.79	24.95	26.50
9/1/2026 12:25:47 PM	2.13	4.31	0.47	0.00	0.00	0.00	0.00	0.11	6.92	76.14	8.17	11.33	1130	4313	213	0	0	0	0	0	5655	138.88	6.10	3.80	20.09	11.97	19.43	10.71	1.80	24.96	26.53
9/1/2026 12:25:50 PM	2.07	4.25	0.45	0.00	0.00	0.00	0.00	0.11	6.76	75.70	8.34	11.27	1095	4251	201	0	0	0	0	0	5547	138.07	5.98	3.74	19.76	11.77	19.18	10.41	1.82	24.85	26.43
9/1/2026 12:25:53 PM	1.93	4.12	0.40	0.00	0.00	0.00	0.00	0.14	6.45	75.96	8.52	11.18	1022	4124	180	0	0	0	0	0	5326	138.56	5.77	3.53	19.18	11.52	18.60	9.89	1.83	24.79	26.38
9/1/2026 12:25:55 PM	2.10	4.23	0.47	0.00	0.00	0.00	0.00	0.12	6.79	76.34	8.73	11.19	1112	4230	210	0	0	0	0	0	5552	139.24	6.03	3.81	19.72	11.97	19.16	10.64	1.86	24.73	26.37
9/1/2026 12:25:58 PM	2.10	4.19	0.39	0.00	0.00	0.00	0.00	0.14	6.67	76.22	8.96	11.20	1111	4187	173	0	0	0	0	0	5471	139.03	5.88	3.62	19.56	11.94	18.89	10.40	1.88	24.65	26.38
9/1/2026 12:26:01 PM	2.19	4.12	0.38	0.00	0.00	0.00	0.00	0.12	6.70	76.07	9.15	11.16	1162	4124	170	0	0	0	0	0	5456	138.74	5.83	3.61	19.41	11.84	18.73	10.54	1.90	24.66	26.35
9/1/2026 12:26:04 PM	2.19	4.11	0.39	0.00	0.00	0.00	0.00	0.12	6.69	75.94	9.34	11.19	1161	4106	175	0	0	0	0	0	5442	138.52	5.84	3.66	19.24	11.93	18.79	10.62	1.91	24.54	26.24
9/1/2026 12:26:06 PM	2.05	4.07	0.36	0.00	0.00	0.00	0.00	0.14	6.47	76.24	9.53	11.22	1085	4065	161	0	0	0	0	0	5310	139.06	5.72	3.51	19.04	11.76	18.44	10.15	1.93	24.49	26.22
9/1/2026 12:26:09 PM	2.24	4.11	0.32	0.00	0.00	0.00	0.00	0.14	6.68	75.97	9.74	11.18	1187	4113	145	0	0	0	0	0	5445	138.58	5.76	3.62	19.30	12.09	18.75	10.62	1.95	24.44	26.22
