Date/Time	Green Algae	Bluegreen	Diatoms	Cryptophyta	#5	#6	#7	Yellow substances	Total conc.	Transmission	Depth	Temp. Sample	Green Algae	Bluegreen	Diatoms	Cryptophyta	#5	#6	#7	Yellow substances	Total cell count	Trans. 700 nm	LED 3 [525 nm]	LED 4 [570 nm]	LED 5 [610 nm]	LED 6 [370 nm]	LED 7 [590 nm]	LED 8 [470 nm]	Pressure	Temp. LEDs	Temp. Sensor
date	µg/l	µg/l	µg/l	µg/l	µg/l	µg/l	µg/l	r.u.	µg/l	%	m	°C	cells/ml	cells/ml	cells/ml	cells/ml	cells/ml	cells/ml	cells/ml	r.u.	cells/ml	digits	digits	digits	digits	digits	digits	digits	bar	°C	°C
9/22/2026 2:54:54 PM	12.97	0.65	2.09	1.03	0.00	0.00	0.00	0.00	16.75	78.05	0.00	24.39	6876	650	941	31	0	0	0	0	8497	142.36	15.58	5.80	20.03	38.69	20.87	55.77	1.00	22.72	23.85
9/22/2026 2:54:57 PM	12.63	1.24	3.35	0.12	0.00	0.00	0.00	0.00	17.33	82.46	0.07	24.36	6694	1235	1507	4	0	0	0	0	9440	150.40	16.01	4.40	20.44	39.86	21.06	55.91	1.01	22.72	23.89
9/22/2026 2:55:00 PM	12.94	0.83	2.43	0.67	0.00	0.00	0.00	0.00	16.87	82.79	0.11	24.25	6860	825	1094	20	0	0	0	0	8799	151.01	15.39	4.55	19.78	38.64	21.00	55.73	1.01	22.77	23.88
9/22/2026 2:55:03 PM	12.68	0.63	2.35	0.84	0.00	0.00	0.00	0.00	16.49	83.49	0.15	24.23	6720	632	1055	25	0	0	0	0	8433	152.29	15.41	4.54	19.17	37.98	20.69	55.17	1.01	22.83	23.89
9/22/2026 2:55:05 PM	13.12	0.82	2.86	0.51	0.00	0.00	0.00	0.00	17.32	82.72	0.22	24.20	6953	822	1288	15	0	0	0	0	9078	150.88	15.97	4.59	19.97	39.83	20.96	57.39	1.02	22.83	23.89
9/22/2026 2:55:08 PM	13.05	0.73	2.44	0.79	0.00	0.00	0.00	0.00	17.01	82.55	0.26	24.22	6918	728	1096	24	0	0	0	0	8766	150.57	15.76	4.81	19.84	39.23	21.13	56.49	1.03	22.87	23.91
9/22/2026 2:55:11 PM	12.36	0.56	2.75	0.75	0.00	0.00	0.00	0.00	16.41	83.35	0.32	24.29	6551	557	1237	22	0	0	0	0	8367	152.02	15.83	4.06	18.65	38.01	20.49	55.33	1.03	22.91	23.89
9/22/2026 2:55:14 PM	12.57	0.77	2.84	0.58	0.00	0.00	0.00	0.00	16.76	83.38	0.35	24.31	6663	773	1276	18	0	0	0	0	8729	152.08	15.95	3.86	19.10	39.08	21.00	55.40	1.03	22.93	23.91
9/22/2026 2:55:17 PM	13.41	0.64	1.79	0.92	0.00	0.00	0.00	0.00	16.76	83.73	0.37	24.33	7107	640	805	28	0	0	0	0	8581	152.71	14.96	4.87	19.50	38.98	20.90	55.38	1.04	22.98	23.96
9/22/2026 2:55:19 PM	11.86	0.54	2.88	0.89	0.00	0.00	0.00	0.00	16.18	83.59	0.42	24.33	6287	541	1296	27	0	0	0	0	8151	152.47	16.28	4.57	18.69	37.73	20.50	54.62	1.04	22.98	23.94
9/22/2026 2:55:22 PM	11.92	0.95	3.90	0.00	0.00	0.00	0.00	0.00	16.77	83.43	0.45	24.33	6317	945	1757	0	0	0	0	0	9019	152.18	16.14	3.51	19.09	38.32	19.86	55.75	1.04	23.02	23.99
9/22/2026 2:55:25 PM	12.40	0.47	2.78	0.78	0.00	0.00	0.00	0.00	16.43	83.38	0.50	24.32	6571	469	1251	24	0	0	0	0	8315	152.09	15.94	4.68	18.67	38.29	20.05	55.64	1.05	23.09	23.94
9/22/2026 2:55:28 PM	12.10	0.68	2.86	0.61	0.00	0.00	0.00	0.00	16.24	83.34	0.51	24.37	6414	676	1287	18	0	0	0	0	8395	152.00	15.53	3.55	18.59	37.07	20.50	54.66	1.05	23.11	23.93
9/22/2026 2:55:30 PM	12.84	0.66	2.22	0.64	0.00	0.00	0.00	0.00	16.35	83.39	0.57	24.36	6804	658	997	19	0	0	0	0	8478	152.11	14.76	3.22	18.43	37.70	20.66	54.35	1.06	23.11	23.94
9/22/2026 2:55:33 PM	11.77	0.55	2.83	0.80	0.00	0.00	0.00	0.00	15.96	83.62	0.60	24.37	6240	553	1275	24	0	0	0	0	8092	152.52	15.79	4.59	18.53	36.94	19.99	53.95	1.06	23.14	24.01
9/22/2026 2:55:35 PM	12.63	0.49	2.13	0.99	0.00	0.00	0.00	0.00	16.24	83.64	0.62	24.38	6691	495	957	30	0	0	0	0	8173	152.55	15.31	4.44	18.72	37.69	20.61	54.61	1.06	23.21	24.05
9/22/2026 2:55:38 PM	11.96	0.71	2.97	0.62	0.00	0.00	0.00	0.00	16.27	83.43	0.67	24.38	6338	713	1337	19	0	0	0	0	8407	152.18	15.80	4.47	18.95	37.49	20.22	54.45	1.07	23.24	24.05
9/22/2026 2:55:41 PM	12.01	0.75	3.44	0.19	0.00	0.00	0.00	0.00	16.39	83.47	0.72	24.39	6363	753	1548	6	0	0	0	0	8670	152.25	15.76	4.50	18.51	38.58	19.09	54.25	1.07	23.26	23.96
9/22/2026 2:55:44 PM	12.77	0.63	2.13	0.80	0.00	0.00	0.00	0.00	16.33	83.53	0.76	24.40	6766	632	960	24	0	0	0	0	8383	152.36	14.90	5.05	19.15	37.75	20.08	54.36	1.07	23.28	23.97
9/22/2026 2:55:46 PM	12.71	0.90	2.64	0.45	0.00	0.00	0.00	0.00	16.70	83.12	0.80	24.40	6736	901	1190	13	0	0	0	0	8841	151.62	15.09	4.21	19.55	37.98	20.55	55.11	1.08	23.29	24.02
9/22/2026 2:55:49 PM	12.28	0.90	3.00	0.31	0.00	0.00	0.00	0.00	16.49	83.65	0.86	24.43	6508	898	1350	9	0	0	0	0	8766	152.57	15.23	4.24	19.23	37.62	19.99	54.53	1.08	23.33	24.05
9/22/2026 2:55:52 PM	11.73	0.77	3.41	0.26	0.00	0.00	0.00	0.00	16.18	83.32	0.92	24.47	6218	773	1534	8	0	0	0	0	8534	151.97	15.59	3.97	18.50	37.16	19.46	54.11	1.09	23.39	24.12
9/22/2026 2:55:55 PM	12.20	0.50	2.43	0.89	0.00	0.00	0.00	0.00	16.01	83.59	1.00	24.46	6465	500	1092	27	0	0	0	0	8083	152.46	15.47	4.74	18.45	37.55	20.00	53.73	1.10	23.38	24.04
9/22/2026 2:55:57 PM	12.01	0.65	2.68	0.61	0.00	0.00	0.00	0.00	15.96	83.48	1.06	24.44	6365	651	1208	18	0	0	0	0	8242	152.27	15.26	4.11	18.27	37.28	19.85	53.07	1.10	23.42	24.10
9/22/2026 2:56:00 PM	12.31	0.69	2.69	0.53	0.00	0.00	0.00	0.00	16.23	83.44	1.11	24.42	6524	695	1211	16	0	0	0	0	8446	152.19	15.25	4.76	18.68	38.11	19.58	53.60	1.11	23.45	24.09
9/22/2026 2:56:03 PM	12.34	0.38	2.37	1.00	0.00	0.00	0.00	0.00	16.09	83.93	1.17	24.42	6538	381	1067	30	0	0	0	0	8016	153.08	15.66	4.65	18.32	37.79	20.14	54.44	1.11	23.48	24.14
9/22/2026 2:56:05 PM	12.16	0.66	2.86	0.58	0.00	0.00	0.00	0.00	16.26	83.57	1.21	24.47	6447	658	1288	17	0	0	0	0	8410	152.43	15.57	4.13	18.59	37.72	20.06	54.36	1.12	23.54	24.17
9/22/2026 2:56:08 PM	12.80	0.48	2.20	0.68	0.00	0.00	0.00	0.00	16.16	83.71	1.27	24.42	6785	476	991	20	0	0	0	0	8272	152.68	14.61	4.16	18.20	37.45	19.57	54.32	1.12	23.53	24.15
9/22/2026 2:56:11 PM	12.45	0.34	2.24	0.96	0.00	0.00	0.00	0.00	15.99	83.57	1.33	24.45	6597	336	1009	29	0	0	0	0	7970	152.42	15.27	4.79	18.15	37.52	19.68	54.21	1.13	23.57	24.14
9/22/2026 2:56:14 PM	12.25	0.62	2.65	0.67	0.00	0.00	0.00	0.00	16.18	83.78	1.40	24.46	6490	618	1194	20	0	0	0	0	8321	152.81	15.33	4.56	18.70	37.40	19.87	54.25	1.14	23.59	24.17
9/22/2026 2:56:16 PM	12.63	0.57	2.01	1.05	0.00	0.00	0.00	0.00	16.26	83.47	1.45	24.46	6694	566	907	32	0	0	0	0	8198	152.24	15.31	4.88	19.10	37.75	20.77	54.35	1.14	23.61	24.14
9/22/2026 2:56:19 PM	12.05	0.85	3.07	0.29	0.00	0.00	0.00	0.00	16.26	83.43	1.52	24.47	6384	850	1382	9	0	0	0	0	8624	152.17	15.22	4.59	18.94	37.49	19.42	53.72	1.15	23.65	24.25
9/22/2026 2:56:22 PM	12.64	0.61	2.46	0.85	0.00	0.00	0.00	0.00	16.57	83.34	1.59	24.42	6702	613	1107	26	0	0	0	0	8448	152.00	15.59	5.07	19.44	38.02	20.48	55.70	1.16	23.67	24.18
9/22/2026 2:56:25 PM	12.19	0.91	2.91	0.37	0.00	0.00	0.00	0.00	16.38	83.59	1.63	24.40	6461	911	1308	11	0	0	0	0	8691	152.46	15.15	4.00	19.15	37.24	20.22	54.13	1.16	23.68	24.23
9/22/2026 2:56:27 PM	12.11	0.91	3.00	0.38	0.00	0.00	0.00	0.00	16.39	83.57	1.68	24.39	6419	911	1348	11	0	0	0	0	8689	152.43	15.46	4.47	19.18	37.97	20.06	53.80	1.16	23.73	24.26
9/22/2026 2:56:30 PM	12.18	1.04	2.49	0.53	0.00	0.00	0.00	0.00	16.25	83.66	1.73	24.39	6456	1044	1120	16	0	0	0	0	8636	152.59	15.00	4.34	19.47	37.48	20.76	52.54	1.17	23.75	24.23
9/22/2026 2:56:33 PM	12.47	0.59	1.98	0.94	0.00	0.00	0.00	0.00	15.98	83.56	1.80	24.43	6609	589	890	28	0	0	0	0	8116	152.41	14.87	4.94	18.77	37.31	20.16	53.04	1.18	23.80	24.31
9/22/2026 2:56:36 PM	12.08	0.71	2.46	0.78	0.00	0.00	0.00	0.00	16.04	83.52	1.85	24.38	6402	708	1109	24	0	0	0	0	8243	152.34	15.27	4.63	18.93	37.02	20.32	53.34	1.18	23.80	24.26
9/22/2026 2:56:38 PM	11.29	0.81	2.82	0.66	0.00	0.00	0.00	0.00	15.59	83.53	1.94	24.35	5983	814	1271	20	0	0	0	0	8088	152.36	15.48	4.37	18.47	36.48	20.07	51.27	1.19	23.84	24.28
9/22/2026 2:56:41 PM	11.19	1.12	2.52	0.33	0.00	0.00	0.00	0.02	15.15	83.77	2.05	24.38	5930	1118	1135	10	0	0	0	0	8192	152.80	14.08	3.91	18.36	35.33	19.58	48.53	1.20	23.88	24.31
9/22/2026 2:56:44 PM	11.13	1.26	2.43	0.12	0.00	0.00	0.00	0.08	14.95	83.88	2.12	24.37	5901	1264	1094	4	0	0	0	0	8263	152.98	13.46	4.05	18.44	35.47	19.05	47.68	1.21	23.88	24.31
9/22/2026 2:56:46 PM	10.59	1.42	2.84	0.00	0.00	0.00	0.00	0.09	14.85	83.84	2.18	24.37	5613	1416	1279	0	0	0	0	0	8308	152.92	13.81	4.02	18.65	35.14	19.09	47.16	1.21	23.95	24.33
9/22/2026 2:56:50 PM	11.00	1.29	2.47	0.10	0.00	0.00	0.00	0.08	14.87	83.60	2.24	24.28	5831	1292	1111	3	0	0	0	0	8237	152.49	13.43	4.08	18.43	35.22	18.99	47.33	1.22	23.94	24.30
9/22/2026 2:56:52 PM	11.27	1.34	2.49	0.14	0.00	0.00	0.00	0.05	15.23	83.84	2.26	24.23	5973	1340	1119	4	0	0	0	0	8437	152.93	13.70	3.98	18.84	35.60	19.60	48.21	1.22	23.99	24.38
9/22/2026 2:56:55 PM	10.92	1.30	2.48	0.14	0.00	0.00	0.00	0.13	14.85	83.74	2.37	24.18	5789	1295	1118	4	0	0	0	0	8207	152.75	13.66	4.04	18.47	35.90	19.18	47.65	1.23	23.99	24.41
9/22/2026 2:56:58 PM	10.80	1.66	2.23	0.17	0.00	0.00	0.00	0.24	14.86	83.74	2.40	24.11	5726	1657	1003	5	0	0	0	0	8391	152.74	13.58	4.45	19.61	36.82	20.09	47.16	1.24	24.04	24.38
9/22/2026 2:57:00 PM	11.06	1.81	2.37	0.00	0.00	0.00	0.00	0.16	15.25	83.76	2.43	24.07	5864	1811	1068	0	0	0	0	0	8743	152.76	13.55	3.97	20.40	36.41	20.04	47.43	1.24	24.05	24.39
9/22/2026 2:57:03 PM	9.99	2.19	2.25	0.00	0.00	0.00	0.00	0.31	14.43	83.55	2.45	23.95	5292	2195	1012	0	0	0	0	0	8499	152.39	13.23	4.11	20.49	35.96	20.81	44.54	1.24	24.07	24.44
9/22/2026 2:57:06 PM	10.36	2.14	2.11	0.00	0.00	0.00	0.00	0.30	14.61	83.46	2.50	23.82	5492	2143	948	0	0	0	0	0	8583	152.22	13.08	4.32	20.72	36.34	20.49	45.14	1.25	24.09	24.42
9/22/2026 2:57:09 PM	9.96	2.15	2.37	0.01	0.00	0.00	0.00	0.27	14.49	83.28	2.56	23.56	5277	2154	1066	0	0	0	0	0	8497	151.89	13.38	4.33	20.41	35.69	20.79	44.72	1.25	24.10	24.47
9/22/2026 2:57:11 PM	10.08	2.11	2.06	0.09	0.00	0.00	0.00	0.32	14.34	83.42	2.61	23.45	5344	2107	926	3	0	0	0	0	8380	152.15	13.07	4.45	20.30	35.95	20.67	44.47	1.26	24.13	24.44
9/22/2026 2:57:14 PM	10.21	2.32	2.02	0.00	0.00	0.00	0.00	0.30	14.56	83.53	2.65	23.45	5414	2321	911	0	0	0	0	0	8646	152.35	12.94	4.37	21.16	35.88	20.88	44.34	1.26	24.15	24.49
9/22/2026 2:57:17 PM	9.86	2.25	2.17	0.04	0.00	0.00	0.00	0.32	14.32	83.35	2.71	23.55	5224	2253	975	1	0	0	0	0	8452	152.02	13.14	4.46	20.62	35.78	20.92	44.05	1.27	24.17	24.50
9/22/2026 2:57:20 PM	10.21	2.16	2.21	0.00	0.00	0.00	0.00	0.27	14.58	83.27	2.78	23.20	5410	2163	995	0	0	0	0	0	8569	151.88	13.17	4.29	20.62	35.86	20.67	44.86	1.27	24.18	24.49
9/22/2026 2:57:23 PM	10.30	2.29	2.27	0.00	0.00	0.00	0.00	0.27	14.86	83.02	2.84	22.77	5457	2288	1023	0	0	0	0	0	8768	151.43	13.47	4.27	21.41	36.33	21.02	45.42	1.28	24.20	24.55
9/22/2026 2:57:25 PM	10.33	2.29	2.37	0.00	0.00	0.00	0.00	0.25	14.98	82.86	2.89	22.60	5475	2285	1065	0	0	0	0	0	8825	151.12	13.61	4.45	21.35	36.32	21.26	45.75	1.28	24.24	24.54
9/22/2026 2:57:28 PM	10.13	2.38	2.46	0.00	0.00	0.00	0.00	0.27	14.97	82.66	2.93	22.62	5367	2384	1107	0	0	0	0	0	8859	150.77	13.83	4.18	21.44	36.48	21.80	45.65	1.29	24.28	24.59
9/22/2026 2:57:31 PM	10.43	2.29	2.21	0.18	0.00	0.00	0.00	0.27	15.10	82.57	2.99	22.38	5526	2290	994	5	0	0	0	0	8815	150.61	13.87	4.82	21.59	36.89	21.97	46.28	1.29	24.28	24.59
9/22/2026 2:57:33 PM	10.64	2.45	2.37	0.00	0.00	0.00	0.00	0.24	15.45	82.83	3.00	21.98	5639	2449	1065	0	0	0	0	0	9153	151.07	13.87	4.57	22.19	37.04	22.06	46.73	1.29	24.29	24.59
9/22/2026 2:57:36 PM	10.63	2.50	2.30	0.00	0.00	0.00	0.00	0.23	15.43	82.78	3.02	21.88	5635	2497	1036	0	0	0	0	0	9167	150.98	13.76	4.46	22.30	36.82	22.16	46.42	1.30	24.29	24.62
9/22/2026 2:57:38 PM	10.62	2.42	2.40	0.00	0.00	0.00	0.00	0.24	15.44	82.55	3.04	21.71	5628	2425	1080	0	0	0	0	0	9132	150.57	13.87	4.83	22.06	36.99	22.01	46.77	1.30	24.30	24.60
9/22/2026 2:57:41 PM	10.81	2.50	2.21	0.00	0.00	0.00	0.00	0.23	15.53	82.66	3.08	21.45	5731	2504	997	0	0	0	0	0	9231	150.77	13.69	4.29	22.46	36.95	22.19	46.62	1.30	24.36	24.65
9/22/2026 2:57:44 PM	10.89	2.70	2.45	0.00	0.00	0.00	0.00	0.22	16.04	82.44	3.12	21.30	5771	2699	1102	0	0	0	0	0	9572	150.37	14.29	4.92	23.26	37.78	23.27	47.82	1.31	24.34	24.62
9/22/2026 2:57:47 PM	11.13	2.68	2.39	0.00	0.00	0.00	0.00	0.19	16.20	82.39	3.18	21.30	5898	2681	1077	0	0	0	0	0	9657	150.27	14.25	4.92	23.44	37.80	23.21	48.19	1.31	24.34	24.62
9/22/2026 2:57:50 PM	11.29	2.82	2.60	0.00	0.00	0.00	0.00	0.14	16.72	82.18	3.22	21.29	5985	2821	1171	0	0	0	0	0	9978	149.88	14.77	5.03	24.16	38.11	24.11	49.25	1.32	24.36	24.63
9/22/2026 2:57:52 PM	12.20	3.32	2.91	0.00	0.00	0.00	0.00	0.06	18.43	82.01	3.27	21.05	6466	3318	1311	0	0	0	0	0	11095	149.59	16.13	5.45	27.07	40.34	26.68	53.05	1.32	24.40	24.68
9/22/2026 2:57:55 PM	13.46	4.01	3.22	0.50	0.00	0.00	0.00	0.00	21.19	81.14	3.31	20.20	7135	4008	1449	15	0	0	0	0	12607	147.99	19.15	6.94	32.00	44.48	32.22	60.48	1.32	24.42	24.71
9/22/2026 2:57:58 PM	13.49	4.42	3.90	0.42	0.00	0.00	0.00	0.00	22.23	80.54	3.36	19.04	7152	4417	1757	13	0	0	0	0	13339	146.90	20.58	7.55	34.13	46.02	33.90	63.41	1.33	24.40	24.65
9/22/2026 2:58:01 PM	13.61	4.66	4.27	0.27	0.00	0.00	0.00	0.00	22.82	80.62	3.40	18.98	7215	4657	1922	8	0	0	0	0	13803	147.05	21.19	7.60	35.08	47.09	34.68	64.76	1.33	24.39	24.65
9/22/2026 2:58:03 PM	13.31	4.35	3.87	0.29	0.00	0.00	0.00	0.00	21.83	80.81	3.39	19.07	7057	4352	1740	9	0	0	0	0	13158	147.40	20.08	7.26	33.32	45.51	33.08	61.91	1.33	24.43	24.73
9/22/2026 2:58:06 PM	13.22	4.44	4.15	0.02	0.00	0.00	0.00	0.00	21.83	80.82	3.45	18.72	7008	4438	1869	1	0	0	0	0	13315	147.42	19.88	6.88	33.16	45.29	32.68	61.82	1.34	24.44	24.71
9/22/2026 2:58:09 PM	14.68	5.14	4.26	0.89	0.00	0.00	0.00	0.00	24.98	80.06	3.54	18.24	7781	5143	1916	27	0	0	0	0	14867	146.03	23.96	8.70	39.04	51.62	39.50	70.63	1.35	24.45	24.76
9/22/2026 2:58:12 PM	17.07	14.19	7.17	4.95	0.00	0.00	0.00	0.00	43.38	78.09	3.64	18.74	9048	14192	3228	148	0	0	0	0	26616	142.43	49.60	22.73	86.26	81.66	88.76	108.32	1.36	24.43	24.76
9/22/2026 2:58:15 PM	16.80	14.76	6.24	5.78	0.00	0.00	0.00	0.00	43.58	77.44	3.69	19.28	8905	14761	2807	173	0	0	0	0	26647	141.26	50.25	23.23	88.99	80.85	92.89	107.28	1.36	24.45	24.78
9/22/2026 2:58:17 PM	16.52	19.34	9.63	0.33	0.00	0.00	0.00	0.00	45.82	77.43	3.74	19.19	8755	19341	4335	10	0	0	0	0	32441	141.24	44.14	22.26	96.86	78.45	90.48	100.67	1.37	24.45	24.79
9/22/2026 2:58:20 PM	16.68	15.73	7.02	2.08	0.00	0.00	0.00	0.00	41.51	78.20	3.78	17.94	8840	15730	3160	62	0	0	0	0	27792	142.64	41.54	19.54	84.80	74.09	83.22	96.18	1.37	24.45	24.78
9/22/2026 2:58:23 PM	18.43	16.88	6.91	3.42	0.00	0.00	0.00	0.00	45.65	77.26	3.82	16.76	9769	16881	3110	103	0	0	0	0	29862	140.92	46.94	21.70	93.32	81.67	93.55	107.32	1.37	24.46	24.81
9/22/2026 2:58:26 PM	20.37	18.10	5.42	5.31	0.00	0.00	0.00	0.00	49.20	76.87	3.87	16.21	10795	18096	2440	159	0	0	0	0	31490	140.21	51.19	23.86	102.06	87.74	105.05	115.60	1.38	24.44	24.83
9/22/2026 2:58:28 PM	27.23	37.39	12.13	2.47	0.00	0.00	0.00	0.00	79.22	74.56	3.89	15.94	14434	37386	5459	74	0	0	0	0	57354	136.00	73.89	39.83	178.66	129.08	169.75	159.63	1.38	24.43	24.76
9/22/2026 2:58:31 PM	27.24	47.60	11.42	3.58	0.00	0.00	0.00	0.00	89.85	73.22	3.98	15.64	14439	47600	5140	108	0	0	0	0	67287	133.56	81.89	46.08	217.79	134.65	208.36	166.48	1.39	24.42	24.81
9/22/2026 2:58:33 PM	28.53	56.41	12.44	3.13	0.00	0.00	0.00	0.00	100.51	72.14	4.01	15.32	15121	56411	5596	94	0	0	0	0	77221	131.58	89.35	52.09	250.82	145.80	238.27	175.78	1.39	24.40	24.79
9/22/2026 2:58:36 PM	29.80	54.62	10.13	5.33	0.00	0.00	0.00	0.00	99.89	71.97	4.12	15.06	15793	54623	4559	160	0	0	0	0	75134	131.29	90.54	52.20	247.85	147.39	239.51	178.38	1.40	24.44	24.87
9/22/2026 2:58:39 PM	27.35	59.92	13.56	1.66	0.00	0.00	0.00	0.00	102.49	71.82	4.20	15.02	14495	59923	6102	50	0	0	0	0	80570	131.00	88.89	52.59	260.44	143.90	244.95	172.51	1.41	24.39	24.83
9/22/2026 2:58:42 PM	28.57	60.39	13.32	1.60	0.00	0.00	0.00	0.00	103.88	71.87	4.24	15.00	15141	60393	5992	48	0	0	0	0	81574	131.10	89.29	53.47	262.86	146.97	246.75	175.05	1.42	24.39	24.87
9/22/2026 2:58:45 PM	31.12	58.89	10.36	3.83	0.00	0.00	0.00	0.00	104.20	71.76	4.28	14.76	16494	58894	4660	115	0	0	0	0	80163	130.89	90.02	54.35	261.68	150.29	249.11	179.43	1.42	24.36	24.87
9/22/2026 2:58:47 PM	29.08	62.37	11.46	1.27	0.00	0.00	0.00	0.00	104.18	71.57	4.34	14.69	15412	62372	5158	38	0	0	0	0	82980	130.54	85.85	53.50	267.98	143.86	250.90	168.92	1.43	24.38	24.91
9/22/2026 2:58:50 PM	16.03	55.78	5.14	0.00	0.00	0.00	0.00	0.00	76.95	72.09	4.40	14.09	8498	55776	2313	0	0	0	0	0	66586	131.49	58.14	40.55	224.43	93.00	206.75	90.98	1.43	24.37	24.87
9/22/2026 2:58:53 PM	17.06	55.28	2.03	0.00	0.00	0.00	0.00	0.00	74.37	72.36	4.45	14.21	9041	55277	915	0	0	0	0	0	65233	131.99	51.77	39.22	222.81	86.76	200.52	82.10	1.44	24.32	24.89
9/22/2026 2:58:56 PM	14.92	49.65	1.16	0.00	0.00	0.00	0.00	0.00	65.73	72.63	4.46	14.17	7908	49650	520	0	0	0	0	0	58077	132.48	44.98	34.20	198.55	75.69	180.36	69.51	1.44	24.32	24.92
9/22/2026 2:58:58 PM	13.69	45.51	0.60	0.00	0.00	0.00	0.00	0.00	59.81	73.69	4.50	14.17	7257	45513	270	0	0	0	0	0	53040	134.42	40.54	31.03	182.44	68.88	164.28	61.52	1.44	24.29	24.92
9/22/2026 2:59:01 PM	10.56	35.82	0.00	0.00	0.00	0.00	0.00	0.00	46.38	74.45	4.57	14.31	5595	35821	0	0	0	0	0	0	41416	135.81	30.70	24.18	143.10	52.73	129.65	45.77	1.45	24.29	24.95
9/22/2026 2:59:04 PM	9.47	33.29	0.00	0.00	0.00	0.00	0.00	0.00	42.76	74.61	4.64	14.73	5018	33290	0	0	0	0	0	0	38307	136.09	27.81	22.30	133.10	48.37	120.25	41.37	1.45	24.26	24.95
9/22/2026 2:59:07 PM	9.58	35.80	0.00	0.00	0.00	0.00	0.00	0.00	45.38	74.02	4.76	14.08	5078	35805	0	0	0	0	0	0	40882	135.01	29.18	24.03	143.67	50.67	127.40	42.48	1.47	24.24	24.92
9/22/2026 2:59:10 PM	7.07	23.96	0.00	0.00	0.00	0.00	0.00	0.00	31.03	73.89	4.88	13.25	3745	23960	0	0	0	0	0	0	27705	134.77	20.37	16.11	97.13	34.76	87.16	31.14	1.48	24.23	24.91
9/22/2026 2:59:12 PM	5.55	13.49	0.55	0.00	0.00	0.00	0.00	0.00	19.58	74.27	5.00	13.20	2939	13491	247	0	0	0	0	0	16677	135.46	14.01	9.48	56.53	24.96	53.07	24.81	1.49	24.20	24.89
9/22/2026 2:59:15 PM	5.64	12.94	0.35	0.00	0.00	0.00	0.00	0.00	18.93	74.15	5.13	12.65	2991	12938	156	0	0	0	0	0	16085	135.26	13.29	9.21	55.29	24.12	50.17	24.25	1.50	24.18	24.94
9/22/2026 2:59:17 PM	5.13	10.86	0.60	0.00	0.00	0.00	0.00	0.00	16.59	74.09	5.19	12.63	2719	10856	272	0	0	0	0	0	13846	135.15	12.12	7.92	47.13	22.00	43.44	22.93	1.51	24.17	24.97
9/22/2026 2:59:21 PM	5.51	11.52	0.37	0.00	0.00	0.00	0.00	0.00	17.41	73.80	5.28	12.40	2919	11524	168	0	0	0	0	0	14612	134.62	12.30	8.41	50.05	22.76	45.33	23.50	1.52	24.09	24.92
9/22/2026 2:59:23 PM	5.27	10.49	0.49	0.00	0.00	0.00	0.00	0.00	16.24	74.05	5.38	12.31	2791	10487	221	0	0	0	0	0	13499	135.06	11.71	7.82	46.14	21.73	41.80	22.83	1.53	24.09	24.94
9/22/2026 2:59:26 PM	4.16	7.13	0.50	0.00	0.00	0.00	0.00	0.00	11.80	74.22	5.43	12.16	2206	7134	224	0	0	0	0	0	9565	135.38	8.97	5.55	32.55	17.23	30.03	17.76	1.53	24.05	24.94
9/22/2026 2:59:29 PM	4.12	6.88	0.47	0.00	0.00	0.00	0.00	0.00	11.46	74.27	5.49	12.13	2182	6877	212	0	0	0	0	0	9271	135.47	8.71	5.25	31.56	16.77	29.14	17.48	1.54	24.03	24.95
9/22/2026 2:59:31 PM	3.68	5.37	0.61	0.00	0.00	0.00	0.00	0.00	9.65	73.98	5.64	11.98	1948	5366	273	0	0	0	0	0	7588	134.94	7.67	4.38	25.73	14.74	23.98	16.24	1.55	24.02	24.94
