Date/Time	Green Algae	Bluegreen	Diatoms	Cryptophyta	#5	#6	#7	Yellow substances	Total conc.	Transmission	Depth	Temp. Sample	Green Algae	Bluegreen	Diatoms	Cryptophyta	#5	#6	#7	Yellow substances	Total cell count	Trans. 700 nm	LED 3 [525 nm]	LED 4 [570 nm]	LED 5 [610 nm]	LED 6 [370 nm]	LED 7 [590 nm]	LED 8 [470 nm]	Pressure	Temp. LEDs	Temp. Sensor
date	µg/l	µg/l	µg/l	µg/l	µg/l	µg/l	µg/l	r.u.	µg/l	%	m	°C	cells/ml	cells/ml	cells/ml	cells/ml	cells/ml	cells/ml	cells/ml	r.u.	cells/ml	digits	digits	digits	digits	digits	digits	digits	bar	°C	°C
9/8/2026 1:09:02 PM	5.20	0.00	2.49	0.82	0.00	0.00	0.00	0.00	8.52	86.18	0.32	25.98	2758	0	1122	25	0	0	0	0	3904	157.19	10.96	5.55	10.29	20.67	12.00	30.72	1.03	23.20	23.52
9/8/2026 1:09:05 PM	6.19	0.00	1.64	0.88	0.00	0.00	0.00	0.01	8.71	86.14	0.49	25.94	3283	0	737	26	0	0	0	0	4046	157.12	10.00	4.04	9.24	21.52	13.30	30.66	1.05	23.26	23.49
9/8/2026 1:09:08 PM	5.97	0.18	3.08	0.00	0.00	0.00	0.00	0.11	9.23	86.65	0.72	25.91	3163	182	1388	0	0	0	0	0	4732	158.04	11.07	1.63	10.49	24.11	11.74	32.73	1.07	23.31	23.57
9/8/2026 1:09:11 PM	7.21	0.00	2.65	0.60	0.00	0.00	0.00	0.00	10.45	84.84	0.88	25.82	3820	0	1193	18	0	0	0	0	5031	154.75	11.62	4.21	8.80	25.09	15.01	37.52	1.09	23.33	23.56
9/8/2026 1:09:13 PM	5.87	0.00	4.22	0.27	0.00	0.00	0.00	0.02	10.36	86.36	1.00	25.73	3114	0	1897	8	0	0	0	0	5019	157.51	13.69	4.05	10.77	25.90	13.01	37.52	1.10	23.39	23.56
9/8/2026 1:09:16 PM	8.14	0.00	1.24	1.33	0.00	0.00	0.00	0.00	10.71	86.74	1.08	25.78	4314	0	558	40	0	0	0	0	4912	158.20	11.47	3.53	12.89	24.90	15.94	37.80	1.11	23.45	23.59
9/8/2026 1:09:19 PM	7.09	0.00	2.92	0.86	0.00	0.00	0.00	0.00	10.86	85.57	1.13	25.83	3757	0	1312	26	0	0	0	0	5095	156.07	12.82	3.94	12.06	24.76	15.13	39.80	1.11	23.50	23.65
9/8/2026 1:09:22 PM	8.31	0.34	2.05	0.74	0.00	0.00	0.00	0.00	11.43	86.02	1.20	25.73	4402	335	923	22	0	0	0	0	5683	156.90	11.45	3.53	14.34	24.77	15.48	40.29	1.12	23.53	23.60
9/8/2026 1:09:24 PM	8.41	0.00	2.48	0.96	0.00	0.00	0.00	0.00	11.84	86.43	1.32	25.59	4455	0	1115	29	0	0	0	0	5599	157.63	13.19	4.96	12.73	28.54	15.79	41.76	1.13	23.58	23.65
9/8/2026 1:09:27 PM	7.59	0.36	4.02	0.71	0.00	0.00	0.00	0.00	12.68	84.86	1.40	25.10	4023	362	1809	21	0	0	0	0	6214	154.78	14.93	4.09	15.95	26.66	16.84	46.63	1.14	23.62	23.64
9/8/2026 1:09:29 PM	8.50	0.19	3.52	1.07	0.00	0.00	0.00	0.00	13.28	84.47	1.43	25.16	4507	193	1583	32	0	0	0	0	6314	154.07	15.81	4.67	15.97	30.56	17.71	47.36	1.14	23.67	23.72
9/8/2026 1:09:32 PM	7.03	0.56	5.56	0.15	0.00	0.00	0.00	0.00	13.30	86.74	1.52	25.29	3728	557	2500	5	0	0	0	0	6789	158.21	16.65	5.24	16.44	29.35	15.87	47.90	1.15	23.70	23.75
9/8/2026 1:09:35 PM	10.44	0.00	2.86	1.29	0.00	0.00	0.00	0.00	14.59	85.68	1.61	25.19	5533	4	1287	39	0	0	0	0	6862	156.28	16.16	3.72	16.32	34.21	19.43	51.68	1.16	23.74	23.75
9/8/2026 1:09:38 PM	9.27	0.00	3.20	1.09	0.00	0.00	0.00	0.00	13.56	86.17	1.71	25.07	4915	0	1439	33	0	0	0	0	6387	157.17	14.97	4.94	14.94	29.83	17.92	50.01	1.17	23.78	23.78
9/8/2026 1:09:41 PM	8.90	0.21	4.54	0.49	0.00	0.00	0.00	0.00	14.14	85.56	1.86	24.98	4717	208	2044	15	0	0	0	0	6983	156.05	16.48	4.36	16.06	32.42	16.97	50.71	1.18	23.83	23.78
9/8/2026 1:09:43 PM	7.68	0.25	5.27	0.57	0.00	0.00	0.00	0.00	13.76	86.88	1.98	24.98	4068	248	2370	17	0	0	0	0	6703	158.46	17.79	3.32	15.55	31.80	17.88	49.77	1.19	23.84	23.80
9/8/2026 1:09:46 PM	8.32	0.43	5.32	0.27	0.00	0.00	0.00	0.00	14.34	86.06	2.04	24.95	4411	429	2393	8	0	0	0	0	7242	156.97	17.15	3.76	16.64	31.61	17.59	51.89	1.20	23.89	23.85
9/8/2026 1:09:49 PM	8.77	0.00	4.86	0.88	0.00	0.00	0.00	0.00	14.51	85.04	2.12	24.82	4647	0	2187	26	0	0	0	0	6861	155.10	17.88	5.75	15.58	33.41	18.06	53.37	1.21	23.93	23.86
9/8/2026 1:09:52 PM	8.59	0.14	4.68	0.83	0.00	0.00	0.00	0.00	14.24	85.50	2.23	24.75	4554	140	2107	25	0	0	0	0	6826	155.94	17.41	3.34	16.24	31.73	18.63	52.31	1.22	23.99	23.91
9/8/2026 1:09:54 PM	8.39	1.18	4.01	0.59	0.00	0.00	0.00	0.00	14.16	85.08	2.37	24.70	4449	1176	1803	18	0	0	0	0	7446	155.18	16.07	5.31	18.91	31.32	19.43	47.28	1.23	24.00	23.83
9/8/2026 1:09:57 PM	8.26	2.40	3.64	2.58	0.00	0.00	0.00	0.00	16.88	84.44	2.50	24.42	4377	2395	1639	77	0	0	0	0	8488	154.01	22.11	7.31	26.86	36.36	31.04	53.07	1.25	24.03	23.86
9/8/2026 1:10:00 PM	8.59	2.89	3.62	2.83	0.00	0.00	0.00	0.00	17.94	80.32	2.60	24.24	4552	2894	1631	85	0	0	0	0	9162	146.50	23.23	9.37	29.99	38.03	33.11	55.24	1.25	24.08	23.89
