Date/Time	Green Algae	Bluegreen	Diatoms	Cryptophyta	#5	#6	#7	Yellow substances	Total conc.	Transmission	Depth	Temp. Sample	Green Algae	Bluegreen	Diatoms	Cryptophyta	#5	#6	#7	Yellow substances	Total cell count	Trans. 700 nm	LED 3 [525 nm]	LED 4 [570 nm]	LED 5 [610 nm]	LED 6 [370 nm]	LED 7 [590 nm]	LED 8 [470 nm]	Pressure	Temp. LEDs	Temp. Sensor
date	µg/l	µg/l	µg/l	µg/l	µg/l	µg/l	µg/l	r.u.	µg/l	%	m	°C	cells/ml	cells/ml	cells/ml	cells/ml	cells/ml	cells/ml	cells/ml	r.u.	cells/ml	digits	digits	digits	digits	digits	digits	digits	bar	°C	°C
9/8/2026 11:01:09 AM	9.18	2.74	5.39	0.73	0.00	0.00	0.00	0.00	18.04	81.95	0.06	25.29	4867	2735	2427	22	0	0	0	0	10051	149.47	21.17	6.13	26.32	38.83	27.76	55.97	1.01	23.45	23.28
9/8/2026 11:01:12 AM	10.67	3.09	5.10	0.24	0.00	0.00	0.00	0.00	19.09	82.62	0.26	25.27	5655	3089	2293	7	0	0	0	0	11045	150.69	20.10	5.60	27.46	40.40	28.17	58.10	1.03	23.47	23.25
9/8/2026 11:01:15 AM	11.22	2.79	4.29	0.99	0.00	0.00	0.00	0.00	19.29	82.73	0.35	25.28	5946	2788	1932	30	0	0	0	0	10696	150.90	20.61	6.65	28.03	41.04	29.27	59.68	1.03	23.47	23.33
9/8/2026 11:01:17 AM	11.74	2.87	4.48	0.71	0.00	0.00	0.00	0.00	19.80	82.58	0.38	25.24	6220	2872	2017	21	0	0	0	0	11131	150.61	20.38	6.41	28.46	41.43	29.16	61.58	1.04	23.49	23.33
9/8/2026 11:01:20 AM	11.12	2.94	5.19	0.59	0.00	0.00	0.00	0.00	19.84	83.17	0.44	25.16	5893	2937	2337	18	0	0	0	0	11185	151.70	21.28	7.10	28.72	41.80	28.80	61.75	1.04	23.55	23.32
9/8/2026 11:01:23 AM	10.93	2.69	4.88	0.89	0.00	0.00	0.00	0.00	19.39	82.54	0.53	25.11	5795	2685	2195	27	0	0	0	0	10702	150.54	21.38	6.83	27.77	41.67	28.81	60.57	1.05	23.55	23.38
9/8/2026 11:01:26 AM	10.52	2.93	5.71	0.39	0.00	0.00	0.00	0.00	19.56	83.12	0.58	25.02	5578	2934	2571	12	0	0	0	0	11094	151.60	21.66	6.78	27.97	41.96	28.21	60.55	1.06	23.58	23.32
9/8/2026 11:01:28 AM	11.01	2.46	4.87	1.10	0.00	0.00	0.00	0.00	19.44	82.83	0.65	24.92	5833	2459	2191	33	0	0	0	0	10517	151.08	21.84	6.77	27.46	41.99	28.97	61.63	1.06	23.60	23.35
9/8/2026 11:01:31 AM	11.00	2.46	4.85	0.95	0.00	0.00	0.00	0.00	19.25	83.23	0.66	25.01	5828	2461	2181	28	0	0	0	0	10499	151.80	21.20	6.73	27.26	41.06	28.26	61.23	1.07	23.63	23.36
9/8/2026 11:01:34 AM	11.73	2.38	4.41	1.17	0.00	0.00	0.00	0.00	19.69	82.63	0.69	25.01	6218	2377	1984	35	0	0	0	0	10615	150.71	21.39	6.71	27.52	42.60	29.09	62.47	1.07	23.69	23.43
9/8/2026 11:01:37 AM	11.06	2.83	5.42	0.71	0.00	0.00	0.00	0.00	20.01	82.84	0.81	24.99	5860	2832	2438	21	0	0	0	0	11151	151.10	22.04	7.23	28.70	42.59	29.06	62.71	1.08	23.68	23.46
9/8/2026 11:01:40 AM	11.27	2.32	4.64	1.29	0.00	0.00	0.00	0.00	19.52	83.08	0.84	25.05	5971	2322	2087	39	0	0	0	0	10419	151.54	21.80	7.03	27.60	41.81	29.06	62.64	1.08	23.69	23.44
9/8/2026 11:01:42 AM	11.00	2.68	5.61	0.68	0.00	0.00	0.00	0.00	19.96	82.91	0.88	25.00	5828	2685	2523	20	0	0	0	0	11056	151.23	22.27	6.89	28.11	42.83	28.74	63.05	1.09	23.73	23.46
9/8/2026 11:01:45 AM	11.37	2.60	5.16	0.84	0.00	0.00	0.00	0.00	19.96	82.90	0.95	24.86	6025	2597	2323	25	0	0	0	0	10970	151.21	21.75	7.31	28.36	42.26	28.65	63.55	1.09	23.77	23.48
9/8/2026 11:01:48 AM	11.01	2.75	5.61	0.59	0.00	0.00	0.00	0.00	19.97	83.18	1.02	24.91	5835	2752	2526	18	0	0	0	0	11131	151.71	22.08	6.60	28.13	42.63	28.80	62.89	1.10	23.80	23.49
9/8/2026 11:01:51 AM	11.30	2.29	4.97	1.20	0.00	0.00	0.00	0.00	19.77	83.20	1.16	24.93	5991	2295	2237	36	0	0	0	0	10559	151.74	22.29	7.23	27.67	42.67	28.91	63.63	1.11	23.81	23.51
9/8/2026 11:01:54 AM	11.96	2.80	4.94	0.96	0.00	0.00	0.00	0.00	20.65	83.05	1.27	24.97	6336	2801	2222	29	0	0	0	0	11388	151.48	22.17	7.53	29.56	43.84	30.09	64.92	1.12	23.84	23.54
9/8/2026 11:01:56 AM	11.29	2.68	5.81	1.05	0.00	0.00	0.00	0.00	20.83	82.94	1.37	24.99	5983	2682	2613	31	0	0	0	0	11310	151.28	23.88	7.73	29.54	44.66	30.38	66.44	1.13	23.88	23.54
9/8/2026 11:01:59 AM	11.75	3.06	5.86	0.99	0.00	0.00	0.00	0.00	21.66	82.98	1.48	24.91	6228	3061	2636	30	0	0	0	0	11955	151.36	24.45	7.70	31.01	46.45	32.04	67.77	1.14	23.89	23.59
9/8/2026 11:02:02 AM	11.62	3.29	6.42	0.57	0.00	0.00	0.00	0.00	21.91	82.78	1.53	24.83	6161	3295	2888	17	0	0	0	0	12361	150.99	24.50	7.78	31.42	46.74	31.60	68.03	1.15	23.92	23.59
9/8/2026 11:02:05 AM	12.03	3.45	6.38	0.45	0.00	0.00	0.00	0.00	22.30	82.79	1.66	24.79	6374	3447	2872	13	0	0	0	0	12706	151.01	24.40	7.54	31.89	47.46	32.06	68.73	1.16	23.95	23.64
9/8/2026 11:02:07 AM	11.62	3.53	6.89	0.26	0.00	0.00	0.00	0.00	22.29	83.00	1.72	24.85	6157	3526	3102	8	0	0	0	0	12793	151.38	24.78	7.86	31.98	47.54	31.60	68.62	1.17	23.98	23.65
9/8/2026 11:02:10 AM	11.84	3.64	6.89	0.24	0.00	0.00	0.00	0.00	22.61	82.65	1.76	24.83	6277	3640	3099	7	0	0	0	0	13023	150.75	24.97	7.87	32.43	48.36	32.12	69.09	1.17	23.99	23.62
9/8/2026 11:02:13 AM	12.06	3.44	6.64	0.54	0.00	0.00	0.00	0.00	22.68	82.74	1.79	24.79	6391	3438	2988	16	0	0	0	0	12833	150.91	25.22	8.30	32.51	48.50	32.34	70.15	1.18	24.02	23.64
9/8/2026 11:02:15 AM	11.84	3.58	7.05	0.24	0.00	0.00	0.00	0.00	22.71	82.90	1.84	24.75	6276	3580	3171	7	0	0	0	0	13035	151.20	25.26	7.69	32.35	48.55	32.20	69.85	1.18	24.05	23.69
9/8/2026 11:02:19 AM	12.47	2.97	6.07	1.04	0.00	0.00	0.00	0.00	22.56	83.00	1.89	24.68	6610	2973	2732	31	0	0	0	0	12346	151.39	25.36	8.14	31.74	48.63	32.56	71.23	1.19	24.08	23.72
9/8/2026 11:02:21 AM	11.89	3.71	7.05	0.17	0.00	0.00	0.00	0.00	22.81	82.88	1.92	24.70	6300	3712	3171	5	0	0	0	0	13187	151.16	25.09	7.52	32.71	48.24	32.50	69.98	1.19	24.09	23.72
9/8/2026 11:02:24 AM	11.87	3.62	6.78	0.31	0.00	0.00	0.00	0.00	22.58	82.87	1.98	24.63	6293	3621	3052	9	0	0	0	0	12974	151.15	24.90	7.54	32.42	47.96	32.44	69.30	1.19	24.11	23.73
9/8/2026 11:02:27 AM	11.77	3.48	6.75	0.48	0.00	0.00	0.00	0.00	22.48	82.80	2.05	24.60	6237	3481	3037	14	0	0	0	0	12769	151.03	25.24	8.03	32.24	48.27	32.29	69.22	1.20	24.14	23.69
9/8/2026 11:02:29 AM	11.88	3.49	6.97	0.34	0.00	0.00	0.00	0.00	22.69	82.84	2.10	24.61	6296	3493	3138	10	0	0	0	0	12938	151.10	25.28	7.91	32.37	48.31	32.14	70.27	1.21	24.16	23.78
9/8/2026 11:02:32 AM	11.79	3.52	7.26	0.36	0.00	0.00	0.00	0.00	22.93	82.91	2.14	24.74	6246	3523	3268	11	0	0	0	0	13048	151.23	25.97	7.78	32.59	49.00	32.67	71.12	1.21	24.18	23.80
9/8/2026 11:02:35 AM	11.68	3.71	6.93	0.38	0.00	0.00	0.00	0.00	22.70	82.96	2.18	24.78	6191	3711	3119	11	0	0	0	0	13032	151.32	25.32	8.06	33.04	47.97	32.79	69.66	1.21	24.19	23.81
9/8/2026 11:02:38 AM	12.27	3.61	6.62	0.47	0.00	0.00	0.00	0.00	22.96	82.88	2.24	24.73	6501	3607	2979	14	0	0	0	0	13101	151.16	25.23	8.07	32.99	48.99	32.94	70.45	1.22	24.23	23.80
9/8/2026 11:02:40 AM	12.18	3.72	7.15	0.31	0.00	0.00	0.00	0.00	23.36	82.98	2.28	24.72	6456	3718	3216	9	0	0	0	0	13399	151.36	25.87	8.03	33.50	49.52	33.24	71.92	1.22	24.26	23.80
9/8/2026 11:02:43 AM	12.39	3.66	6.88	0.74	0.00	0.00	0.00	0.00	23.67	82.58	2.36	24.71	6567	3661	3095	22	0	0	0	0	13345	150.62	26.65	8.17	34.12	50.26	34.69	73.25	1.23	24.30	23.88
9/8/2026 11:02:46 AM	12.60	4.31	6.75	1.27	0.00	0.00	0.00	0.00	24.94	82.45	2.45	24.67	6678	4309	3038	38	0	0	0	0	14064	150.39	28.49	9.78	37.89	52.33	38.58	75.61	1.24	24.29	23.85
9/8/2026 11:02:49 AM	12.47	4.54	7.49	1.40	0.00	0.00	0.00	0.00	25.90	82.35	2.49	24.59	6611	4537	3370	42	0	0	0	0	14560	150.21	30.45	10.52	39.73	54.06	40.33	78.91	1.24	24.30	23.86
9/8/2026 11:02:51 AM	16.21	5.89	6.00	5.12	0.00	0.00	0.00	0.00	33.22	81.98	2.54	24.56	8590	5893	2699	154	0	0	0	0	17336	149.53	41.00	17.31	55.41	68.72	59.32	100.32	1.25	24.35	23.94
9/8/2026 11:02:54 AM	14.98	4.52	6.37	7.17	0.00	0.00	0.00	0.00	33.05	80.98	2.55	23.88	7940	4524	2868	215	0	0	0	0	15548	147.71	46.19	16.47	53.85	69.57	63.00	106.07	1.25	24.38	23.86
9/8/2026 11:02:57 AM	18.50	10.06	11.21	7.83	0.00	0.00	0.00	0.00	47.60	79.17	2.58	23.76	9805	10059	5046	235	0	0	0	0	25144	144.40	63.34	27.41	85.05	93.29	89.21	143.05	1.25	24.40	23.97
9/8/2026 11:03:00 AM	50.81	13.92	2.94	35.25	0.00	0.00	0.00	0.00	102.93	75.54	2.62	23.98	26930	13919	1324	1058	0	0	0	0	43231	137.78	141.72	67.83	187.12	196.44	218.54	338.55	1.26	24.43	23.93
9/8/2026 11:03:02 AM	71.19	27.16	17.41	46.61	0.00	0.00	0.00	0.00	162.38	69.22	2.65	22.96	37731	27163	7837	1398	0	0	0	0	74130	126.26	225.41	101.01	293.62	313.79	334.00	514.64	1.26	24.42	23.94
9/8/2026 11:03:05 AM	53.80	22.55	17.35	32.85	0.00	0.00	0.00	0.00	126.54	67.57	2.70	22.58	28514	22546	7806	985	0	0	0	0	59852	123.25	173.51	70.56	226.96	240.41	258.48	399.27	1.26	24.44	23.97
9/8/2026 11:03:07 AM	50.62	22.40	15.63	28.80	0.00	0.00	0.00	0.00	117.46	67.99	2.76	22.74	26830	22404	7035	864	0	0	0	0	57132	124.02	155.68	66.17	213.84	217.81	237.88	366.94	1.27	24.47	23.93
9/8/2026 11:03:10 AM	36.98	20.95	12.85	14.42	0.00	0.00	0.00	0.00	85.20	69.02	2.82	22.76	19600	20948	5782	433	0	0	0	0	46763	125.90	101.71	44.49	158.51	155.69	166.87	245.87	1.28	24.51	24.05
9/8/2026 11:03:13 AM	41.65	23.30	13.78	15.33	0.00	0.00	0.00	0.00	94.06	69.49	2.88	22.37	22072	23303	6203	460	0	0	0	0	52038	126.75	109.19	49.41	175.79	167.49	181.93	273.11	1.28	24.49	24.05
9/8/2026 11:03:16 AM	33.86	16.56	9.22	14.63	0.00	0.00	0.00	0.00	74.27	69.76	2.93	21.82	17944	16557	4149	439	0	0	0	0	39090	127.24	90.20	37.66	135.99	137.16	148.21	220.02	1.29	24.52	24.04
9/8/2026 11:03:18 AM	28.27	16.98	8.76	8.37	0.00	0.00	0.00	0.00	62.39	70.50	2.99	21.46	14985	16976	3944	251	0	0	0	0	36156	128.60	68.23	30.16	118.08	109.62	121.24	174.66	1.29	24.56	24.10
9/8/2026 11:03:21 AM	27.93	18.33	9.42	6.10	0.00	0.00	0.00	0.00	61.79	70.39	3.05	21.41	14804	18330	4240	183	0	0	0	0	37557	128.39	64.41	29.89	117.76	109.60	117.13	165.30	1.30	24.54	24.09
9/8/2026 11:03:24 AM	21.53	14.33	7.47	3.41	0.00	0.00	0.00	0.00	46.74	69.57	3.11	21.06	11412	14329	3361	102	0	0	0	0	29204	126.89	47.00	21.48	88.62	83.96	87.32	122.04	1.30	24.58	24.15
9/8/2026 11:03:27 AM	21.79	12.56	6.34	3.75	0.00	0.00	0.00	0.00	44.45	69.67	3.20	20.65	11551	12564	2855	112	0	0	0	0	27082	127.08	44.74	19.39	81.67	81.83	82.28	118.76	1.31	24.59	24.10
9/8/2026 11:03:30 AM	20.57	11.71	6.00	2.90	0.00	0.00	0.00	0.00	41.17	69.31	3.27	20.09	10904	11706	2698	87	0	0	0	0	25396	126.42	40.44	17.73	75.11	76.34	74.84	109.12	1.32	24.59	24.17
9/8/2026 11:03:32 AM	20.87	10.54	6.16	1.73	0.00	0.00	0.00	0.00	39.30	68.85	3.32	19.55	11061	10536	2773	52	0	0	0	0	24422	125.58	37.16	15.87	68.26	75.57	66.93	104.63	1.32	24.59	24.14
9/8/2026 11:03:35 AM	20.85	10.06	6.66	0.87	0.00	0.00	0.00	0.00	38.44	68.33	3.40	19.50	11053	10059	2998	26	0	0	0	0	24135	124.65	35.58	14.92	64.84	75.42	62.51	102.32	1.33	24.62	24.12
9/8/2026 11:03:38 AM	21.03	8.16	5.89	0.40	0.00	0.00	0.00	0.20	35.47	67.99	3.42	19.32	11144	8156	2649	12	0	0	0	0	21962	124.01	32.14	12.72	55.95	75.55	54.01	97.76	1.34	24.60	24.18
9/8/2026 11:03:41 AM	21.23	7.77	6.10	0.30	0.00	0.00	0.00	0.34	35.41	67.51	3.53	19.37	11251	7775	2746	9	0	0	0	0	21781	123.14	32.48	12.35	54.73	78.01	52.91	99.82	1.35	24.62	24.20
9/8/2026 11:03:44 AM	20.75	7.70	6.21	0.16	0.00	0.00	0.00	0.46	34.81	67.04	3.58	18.96	10996	7700	2792	5	0	0	0	0	21493	122.29	32.22	12.16	53.90	78.29	51.92	98.89	1.35	24.63	24.26
9/8/2026 11:03:46 AM	20.91	7.43	5.76	0.25	0.00	0.00	0.00	0.53	34.36	67.55	3.64	18.62	11083	7435	2592	8	0	0	0	0	21117	123.22	31.58	11.87	52.86	78.50	51.15	98.39	1.36	24.60	24.25
9/8/2026 11:03:49 AM	21.41	7.71	6.19	0.18	0.00	0.00	0.00	0.48	35.48	67.03	3.69	18.61	11346	7707	2787	5	0	0	0	0	21845	122.27	32.65	12.45	54.58	80.20	52.44	101.25	1.36	24.63	24.23
9/8/2026 11:03:52 AM	21.05	7.44	5.95	0.05	0.00	0.00	0.00	0.55	34.49	67.29	3.79	18.65	11157	7442	2675	2	0	0	0	0	21276	122.74	31.54	11.76	52.76	79.16	50.74	99.02	1.37	24.64	24.30
9/8/2026 11:03:55 AM	19.49	5.90	5.17	0.00	0.00	0.00	0.00	0.95	30.55	67.65	3.87	18.09	10329	5899	2324	0	0	0	0	0	18552	123.41	28.70	9.86	45.55	77.65	43.26	92.91	1.38	24.64	24.30
9/8/2026 11:03:57 AM	19.42	5.79	5.16	0.00	0.00	0.00	0.00	1.00	30.37	67.68	3.92	17.78	10294	5790	2323	0	0	0	0	0	18407	123.45	28.69	9.80	45.03	78.13	42.96	93.03	1.38	24.64	24.31
9/8/2026 11:04:00 AM	19.14	5.42	5.03	0.00	0.00	0.00	0.00	1.11	29.59	67.92	4.01	17.69	10144	5421	2262	0	0	0	0	0	17826	123.89	28.25	9.28	43.38	78.33	41.46	92.21	1.39	24.65	24.30
9/8/2026 11:04:02 AM	19.15	5.20	4.92	0.00	0.00	0.00	0.00	1.25	29.27	68.84	4.02	17.62	10150	5198	2216	0	0	0	0	0	17564	125.57	28.18	9.12	42.54	79.85	40.73	92.76	1.39	24.64	24.33
9/8/2026 11:04:05 AM	18.85	5.18	4.81	0.00	0.00	0.00	0.00	1.23	28.84	68.45	4.11	17.79	9989	5180	2165	0	0	0	0	0	17334	124.86	27.74	8.91	42.27	78.53	40.14	91.13	1.40	24.66	24.34
9/8/2026 11:04:08 AM	18.18	4.70	4.71	0.00	0.00	0.00	0.00	1.39	27.59	70.21	4.27	16.90	9635	4700	2119	0	0	0	0	0	16454	128.06	27.12	8.69	39.64	78.58	38.30	89.57	1.42	24.64	24.30
9/8/2026 11:04:11 AM	18.07	4.63	4.66	0.00	0.00	0.00	0.00	1.42	27.36	70.92	4.37	16.15	9578	4631	2097	0	0	0	0	0	16306	129.36	26.97	8.54	39.32	78.44	37.89	89.14	1.43	24.63	24.41
9/8/2026 11:04:14 AM	17.87	4.65	4.83	0.00	0.00	0.00	0.00	1.44	27.34	71.02	4.41	16.31	9471	4649	2171	0	0	0	0	0	16292	129.54	27.27	8.58	39.26	78.77	38.11	89.34	1.43	24.62	24.39
9/8/2026 11:04:16 AM	17.52	4.48	4.56	0.00	0.00	0.00	0.00	1.45	26.56	71.37	4.49	16.17	9284	4479	2052	0	0	0	0	0	15815	130.18	26.41	8.36	38.15	77.27	36.95	87.14	1.44	24.60	24.39
9/8/2026 11:04:19 AM	15.95	4.14	4.27	0.00	0.00	0.00	0.00	1.53	24.36	73.22	4.55	15.83	8456	4137	1922	0	0	0	0	0	14514	133.56	24.91	7.74	35.74	73.68	33.92	81.29	1.45	24.60	24.34
9/8/2026 11:04:22 AM	16.42	4.17	4.09	0.00	0.00	0.00	0.00	1.46	24.67	73.15	4.61	16.09	8700	4166	1840	0	0	0	0	0	14707	133.43	24.64	7.72	36.09	73.35	34.10	81.59	1.45	24.59	24.39
9/8/2026 11:04:25 AM	16.20	4.25	4.30	0.00	0.00	0.00	0.00	1.53	24.75	73.95	4.67	16.61	8585	4250	1934	0	0	0	0	0	14769	134.88	25.16	7.84	36.33	74.34	34.57	82.20	1.46	24.57	24.44
9/8/2026 11:04:27 AM	15.20	3.82	4.10	0.00	0.00	0.00	0.00	1.52	23.12	74.19	4.75	16.64	8057	3815	1846	0	0	0	0	0	13718	135.32	23.87	7.31	33.57	71.10	32.31	78.01	1.47	24.56	24.38
9/8/2026 11:04:30 AM	15.12	3.84	4.46	0.00	0.00	0.00	0.00	1.45	23.42	75.13	4.78	16.51	8016	3837	2005	0	0	0	0	0	13859	137.04	24.42	7.64	33.89	70.79	32.58	78.66	1.47	24.54	24.42
9/8/2026 11:04:33 AM	14.83	3.71	4.05	0.00	0.00	0.00	0.00	1.47	22.60	75.58	4.84	15.88	7862	3713	1824	0	0	0	0	0	13400	137.85	23.34	7.28	32.64	69.26	31.77	76.20	1.47	24.54	24.46
9/8/2026 11:04:36 AM	14.27	3.66	3.84	0.00	0.00	0.00	0.00	1.48	21.77	75.59	4.89	15.87	7562	3659	1728	0	0	0	0	0	12949	137.87	22.58	6.93	31.89	67.49	30.82	73.53	1.48	24.49	24.44
9/8/2026 11:04:38 AM	14.71	3.69	3.87	0.00	0.00	0.00	0.00	1.47	22.27	76.10	4.93	16.01	7799	3689	1742	0	0	0	0	0	13230	138.80	22.93	6.88	32.50	68.56	31.23	75.08	1.48	24.48	24.41
9/8/2026 11:04:41 AM	14.59	3.72	3.81	0.00	0.00	0.00	0.00	1.52	22.11	75.94	4.97	16.21	7732	3721	1712	0	0	0	0	0	13165	138.52	22.84	7.07	32.67	68.82	30.95	74.76	1.49	24.46	24.46
9/8/2026 11:04:44 AM	14.58	3.74	3.78	0.00	0.00	0.00	0.00	1.52	22.10	76.06	5.02	16.60	7729	3738	1700	0	0	0	0	0	13167	138.73	22.81	7.07	32.84	68.77	30.82	74.64	1.49	24.47	24.50
9/8/2026 11:04:46 AM	14.30	3.61	3.72	0.00	0.00	0.00	0.00	1.49	21.63	75.90	5.06	16.79	7582	3609	1672	0	0	0	0	0	12863	138.45	22.35	6.93	31.87	67.42	30.30	73.23	1.50	24.46	24.47
9/8/2026 11:04:49 AM	13.99	3.43	3.67	0.00	0.00	0.00	0.00	1.40	21.08	76.61	5.12	16.89	7412	3426	1651	0	0	0	0	0	12489	139.74	21.75	6.57	30.79	65.13	29.42	71.31	1.50	24.41	24.44
9/8/2026 11:04:52 AM	13.36	3.18	3.27	0.00	0.00	0.00	0.00	1.41	19.81	77.21	5.15	16.66	7078	3184	1472	0	0	0	0	0	11734	140.84	20.36	6.29	28.83	62.51	27.90	67.62	1.50	24.41	24.47
9/8/2026 11:04:55 AM	13.77	3.34	3.35	0.00	0.00	0.00	0.00	1.44	20.46	77.24	5.19	16.65	7296	3339	1508	0	0	0	0	0	12144	140.88	20.96	6.42	30.00	64.24	28.67	69.54	1.51	24.39	24.46
9/8/2026 11:04:58 AM	13.61	3.33	3.21	0.00	0.00	0.00	0.00	1.45	20.15	77.09	5.24	16.90	7214	3329	1444	0	0	0	0	0	11988	140.62	20.59	6.32	29.73	63.65	28.36	68.53	1.51	24.34	24.46
9/8/2026 11:05:00 AM	13.39	3.24	3.38	0.00	0.00	0.00	0.00	1.47	20.01	76.89	5.27	16.69	7094	3243	1520	0	0	0	0	0	11857	140.25	20.77	6.43	29.12	63.78	28.35	68.61	1.52	24.36	24.47
9/8/2026 11:05:03 AM	13.12	3.06	3.27	0.00	0.00	0.00	0.00	1.42	19.45	77.18	5.30	16.37	6955	3056	1474	0	0	0	0	0	11484	140.77	20.15	6.28	27.98	62.05	27.50	66.94	1.52	24.32	24.44
9/8/2026 11:05:06 AM	13.58	3.39	3.23	0.00	0.00	0.00	0.00	1.44	20.19	77.12	5.36	16.36	7198	3386	1451	0	0	0	0	0	12035	140.67	20.58	6.52	29.62	63.52	28.83	68.45	1.53	24.31	24.49
9/8/2026 11:05:09 AM	14.02	3.96	3.19	0.00	0.00	0.00	0.00	1.29	21.16	76.92	5.41	16.11	7428	3960	1434	0	0	0	0	0	12822	140.30	21.04	6.58	33.88	62.92	28.94	68.78	1.53	24.26	24.46
9/8/2026 11:05:11 AM	12.64	3.26	3.30	0.00	0.00	0.00	0.00	1.44	19.20	77.62	5.44	15.71	6700	3262	1483	0	0	0	0	0	11445	141.57	20.15	6.36	28.67	61.42	27.49	65.63	1.53	24.24	24.44
9/8/2026 11:05:14 AM	12.85	3.21	3.34	0.00	0.00	0.00	0.00	1.41	19.40	77.68	5.48	15.79	6811	3205	1505	0	0	0	0	0	11522	141.69	20.25	6.41	28.58	61.54	27.59	66.27	1.54	24.22	24.47
9/8/2026 11:05:17 AM	13.03	3.23	3.11	0.00	0.00	0.00	0.00	1.42	19.37	77.48	5.54	15.74	6905	3235	1398	0	0	0	0	0	11537	141.32	19.92	6.23	28.95	61.53	27.26	65.96	1.54	24.19	24.42
9/8/2026 11:05:20 AM	13.05	3.47	3.69	0.00	0.00	0.00	0.00	1.47	20.21	77.31	5.58	15.64	6919	3466	1661	0	0	0	0	0	12046	141.02	21.42	6.69	30.06	63.90	29.00	68.80	1.55	24.14	24.46
9/8/2026 11:05:22 AM	13.15	3.34	3.69	0.00	0.00	0.00	0.00	1.39	20.18	77.62	5.60	15.82	6969	3339	1661	0	0	0	0	0	11969	141.57	21.18	6.79	29.42	62.99	28.82	68.56	1.55	24.13	24.44
9/8/2026 11:05:25 AM	13.01	3.48	4.04	0.00	0.00	0.00	0.00	1.42	20.53	77.51	5.72	15.33	6896	3479	1816	0	0	0	0	0	12192	141.39	22.01	6.93	30.22	64.02	29.47	69.72	1.56	24.10	24.46
9/8/2026 11:05:28 AM	14.24	4.10	5.63	0.00	0.00	0.00	0.00	1.25	23.97	74.77	5.74	14.37	7549	4098	2533	0	0	0	0	0	14180	136.38	26.25	7.79	35.24	69.07	33.68	79.12	1.56	24.11	24.46
