Date/Time	Green Algae	Bluegreen	Diatoms	Cryptophyta	#5	#6	#7	Yellow substances	Total conc.	Transmission	Depth	Temp. Sample	Green Algae	Bluegreen	Diatoms	Cryptophyta	#5	#6	#7	Yellow substances	Total cell count	Trans. 700 nm	LED 3 [525 nm]	LED 4 [570 nm]	LED 5 [610 nm]	LED 6 [370 nm]	LED 7 [590 nm]	LED 8 [470 nm]	Pressure	Temp. LEDs	Temp. Sensor
date	µg/l	µg/l	µg/l	µg/l	µg/l	µg/l	µg/l	r.u.	µg/l	%	m	°C	cells/ml	cells/ml	cells/ml	cells/ml	cells/ml	cells/ml	cells/ml	r.u.	cells/ml	digits	digits	digits	digits	digits	digits	digits	bar	°C	°C
9/1/2026 10:13:32 AM	8.69	0.00	3.84	0.77	0.00	0.00	0.00	0.00	13.30	60.35	0.01	26.19	4606	0	1728	23	0	0	0	0	6356	110.08	15.63	4.97	15.12	31.29	16.12	47.83	1.00	24.65	24.57
9/1/2026 10:13:35 AM	9.09	0.10	3.78	0.48	0.00	0.00	0.00	0.00	13.45	59.61	0.07	26.29	4820	97	1701	14	0	0	0	0	6632	108.75	14.91	4.33	15.10	31.25	15.81	47.98	1.01	24.69	24.57
9/1/2026 10:13:38 AM	9.25	0.00	3.36	0.77	0.00	0.00	0.00	0.00	13.38	60.11	0.14	26.26	4904	0	1513	23	0	0	0	0	6440	109.64	15.01	4.14	14.45	31.76	16.71	47.58	1.01	24.71	24.59
9/1/2026 10:13:40 AM	9.54	0.00	3.30	0.75	0.00	0.00	0.00	0.00	13.58	59.78	0.20	26.17	5054	0	1484	22	0	0	0	0	6560	109.05	14.93	3.97	14.88	31.92	16.71	48.33	1.02	24.74	24.65
9/1/2026 10:13:43 AM	8.49	0.00	4.39	0.67	0.00	0.00	0.00	0.00	13.55	59.67	0.27	26.20	4501	0	1977	20	0	0	0	0	6499	108.86	16.41	5.13	15.16	32.01	16.14	48.99	1.03	24.81	24.68
9/1/2026 10:13:46 AM	9.24	0.00	4.37	0.63	0.00	0.00	0.00	0.00	14.24	60.05	0.40	26.07	4896	0	1967	19	0	0	0	0	6882	109.54	16.60	4.19	15.00	33.22	17.34	51.53	1.04	24.82	24.62
9/1/2026 10:13:48 AM	9.76	0.00	4.02	0.67	0.00	0.00	0.00	0.00	14.45	59.96	0.48	26.27	5174	1	1808	20	0	0	0	0	7003	109.37	16.45	3.66	15.52	34.16	17.53	51.58	1.05	24.86	24.59
9/1/2026 10:13:51 AM	8.72	0.00	4.54	0.75	0.00	0.00	0.00	0.00	14.00	59.97	0.58	26.29	4621	0	2041	22	0	0	0	0	6685	109.40	16.95	4.63	15.30	32.43	17.29	51.12	1.06	24.89	24.62
9/1/2026 10:13:53 AM	9.32	0.08	4.65	0.35	0.00	0.00	0.00	0.00	14.41	59.79	0.64	26.25	4942	78	2094	10	0	0	0	0	7125	109.06	16.54	4.04	15.61	33.55	16.57	51.79	1.06	24.89	24.67
9/1/2026 10:13:56 AM	8.85	0.12	4.94	0.66	0.00	0.00	0.00	0.00	14.56	60.54	0.67	26.26	4691	121	2221	20	0	0	0	0	7053	110.44	17.86	4.03	16.15	33.97	18.00	52.51	1.07	24.95	24.76
9/1/2026 10:13:59 AM	9.12	0.00	4.65	0.71	0.00	0.00	0.00	0.00	14.48	60.44	0.73	26.15	4834	0	2092	21	0	0	0	0	6947	110.25	17.31	4.79	15.16	33.86	17.76	52.59	1.07	24.98	24.78
9/1/2026 10:14:02 AM	8.87	0.00	4.98	0.60	0.00	0.00	0.00	0.00	14.45	60.94	0.82	26.14	4702	0	2241	18	0	0	0	0	6960	111.16	17.48	4.44	15.41	33.27	17.43	53.00	1.08	25.02	24.78
9/1/2026 10:14:04 AM	8.98	0.05	4.54	0.88	0.00	0.00	0.00	0.00	14.44	60.86	0.88	26.22	4759	46	2044	26	0	0	0	0	6876	111.02	17.47	4.01	16.32	32.83	18.31	52.85	1.09	25.05	24.73
9/1/2026 10:14:07 AM	8.73	0.11	4.98	0.50	0.00	0.00	0.00	0.00	14.32	60.85	0.95	26.20	4625	106	2243	15	0	0	0	0	6989	110.99	17.40	4.51	15.93	33.43	16.96	51.70	1.09	25.10	24.79
9/1/2026 10:14:10 AM	9.09	0.09	4.15	0.87	0.00	0.00	0.00	0.00	14.19	60.58	1.00	26.23	4816	88	1865	26	0	0	0	0	6796	110.51	16.84	5.05	16.32	33.10	17.50	50.90	1.10	25.12	24.81
9/1/2026 10:14:13 AM	9.31	0.00	4.05	1.10	0.00	0.00	0.00	0.00	14.46	60.38	1.07	26.22	4932	0	1824	33	0	0	0	0	6789	110.14	17.36	4.59	16.28	33.60	18.62	52.35	1.10	25.15	24.83
9/1/2026 10:14:15 AM	8.40	0.00	5.53	0.45	0.00	0.00	0.00	0.00	14.39	60.58	1.12	26.16	4454	0	2490	14	0	0	0	0	6958	110.51	18.08	4.79	14.86	33.77	17.08	52.79	1.11	25.17	24.87
9/1/2026 10:14:18 AM	8.91	0.02	4.89	0.68	0.00	0.00	0.00	0.00	14.50	60.27	1.16	26.12	4722	17	2202	21	0	0	0	0	6962	109.95	17.70	4.39	16.09	33.62	17.53	52.88	1.11	25.20	24.84
9/1/2026 10:14:21 AM	8.62	0.00	5.01	0.85	0.00	0.00	0.00	0.00	14.49	61.26	1.21	26.08	4571	0	2255	25	0	0	0	0	6852	111.74	18.23	4.88	16.37	33.52	17.82	53.13	1.12	25.24	24.83
9/1/2026 10:14:23 AM	8.76	0.00	5.02	0.81	0.00	0.00	0.00	0.00	14.59	60.63	1.26	26.12	4642	0	2261	24	0	0	0	0	6927	110.60	18.14	4.47	15.99	33.51	18.16	53.66	1.12	25.28	24.87
9/1/2026 10:14:27 AM	8.49	0.13	5.55	0.49	0.00	0.00	0.00	0.00	14.66	61.22	1.29	26.20	4498	134	2496	15	0	0	0	0	7143	111.67	18.36	4.62	16.41	33.84	17.39	53.41	1.13	25.30	24.89
9/1/2026 10:14:29 AM	8.53	0.00	5.51	0.50	0.00	0.00	0.00	0.00	14.54	61.11	1.42	26.27	4519	0	2479	15	0	0	0	0	7013	111.47	18.26	4.39	15.56	33.91	17.22	53.32	1.14	25.31	24.94
9/1/2026 10:14:32 AM	8.49	0.24	5.58	0.39	0.00	0.00	0.00	0.00	14.70	60.74	1.43	26.37	4501	240	2511	12	0	0	0	0	7264	110.80	18.29	3.77	16.30	33.86	17.88	53.15	1.14	25.36	24.94
9/1/2026 10:14:35 AM	9.17	0.00	4.81	0.72	0.00	0.00	0.00	0.00	14.69	60.66	1.46	26.34	4858	0	2165	22	0	0	0	0	7045	110.66	17.76	4.20	16.13	34.09	17.85	53.52	1.14	25.36	24.97
9/1/2026 10:14:37 AM	8.52	0.06	5.25	0.76	0.00	0.00	0.00	0.00	14.58	60.70	1.51	26.25	4514	61	2360	23	0	0	0	0	6958	110.72	18.40	4.30	16.44	33.31	18.14	53.64	1.15	25.40	24.99
9/1/2026 10:14:40 AM	8.81	0.00	4.94	0.61	0.00	0.00	0.00	0.00	14.36	60.91	1.61	26.18	4669	0	2224	18	0	0	0	0	6911	111.11	17.44	4.68	15.18	33.39	17.34	52.48	1.16	25.42	25.00
9/1/2026 10:14:43 AM	9.22	0.00	4.55	0.91	0.00	0.00	0.00	0.00	14.68	61.24	1.62	26.29	4885	0	2048	27	0	0	0	0	6960	111.72	17.65	4.80	16.47	33.51	18.21	53.80	1.16	25.45	24.99
9/1/2026 10:14:46 AM	8.78	0.00	5.07	0.71	0.00	0.00	0.00	0.00	14.57	60.77	1.65	26.30	4656	0	2283	21	0	0	0	0	6959	110.86	18.04	4.61	16.13	33.72	17.61	53.37	1.16	25.46	25.03
9/1/2026 10:14:48 AM	8.53	0.00	5.06	0.88	0.00	0.00	0.00	0.00	14.47	60.98	1.71	26.21	4523	0	2275	26	0	0	0	0	6824	111.23	18.44	4.87	15.85	33.98	18.16	52.82	1.17	25.52	25.05
9/1/2026 10:14:51 AM	8.78	0.00	5.11	0.80	0.00	0.00	0.00	0.00	14.69	61.05	1.75	26.22	4655	0	2298	24	0	0	0	0	6977	111.37	18.52	4.25	15.99	34.47	18.33	53.57	1.17	25.56	25.08
9/1/2026 10:14:54 AM	10.82	0.86	6.28	0.61	0.00	0.00	0.00	0.00	18.56	60.32	1.78	26.26	5736	856	2825	18	0	0	0	0	9435	110.03	22.19	5.41	21.69	42.43	23.08	64.41	1.17	25.57	25.08
9/1/2026 10:14:56 AM	10.57	1.22	6.99	0.00	0.00	0.00	0.00	0.00	18.77	60.43	1.83	26.16	5600	1216	3145	0	0	0	0	0	9961	110.24	22.20	4.86	22.04	42.98	22.50	63.77	1.18	25.58	25.10
9/1/2026 10:14:59 AM	10.42	0.52	7.05	0.84	0.00	0.00	0.00	0.00	18.82	60.71	1.87	26.11	5525	518	3171	25	0	0	0	0	9238	110.75	23.83	5.63	21.61	42.68	23.22	67.67	1.18	25.60	25.12
9/1/2026 10:15:01 AM	11.69	0.73	7.37	0.59	0.00	0.00	0.00	0.00	20.38	60.31	1.91	26.08	6195	734	3318	18	0	0	0	0	10265	110.01	24.54	6.31	23.48	45.75	24.05	72.47	1.19	25.61	25.08
9/1/2026 10:15:04 AM	11.61	1.02	8.15	0.58	0.00	0.00	0.00	0.00	21.36	60.31	1.92	26.11	6153	1016	3669	17	0	0	0	0	10856	110.02	26.49	6.06	24.80	48.12	26.10	75.10	1.19	25.68	25.20
9/1/2026 10:15:07 AM	11.84	1.54	9.39	0.18	0.00	0.00	0.00	0.00	22.95	60.14	1.96	25.88	6273	1540	4227	6	0	0	0	0	12046	109.71	28.67	6.36	26.93	52.04	27.85	78.84	1.19	25.66	25.16
9/1/2026 10:15:10 AM	15.79	1.27	9.56	1.33	0.00	0.00	0.00	0.00	27.95	59.26	2.06	25.30	8370	1270	4302	40	0	0	0	0	13982	108.10	34.04	8.66	32.58	62.87	34.16	97.92	1.20	25.71	25.21
9/1/2026 10:15:12 AM	17.64	1.97	10.64	0.87	0.00	0.00	0.00	0.00	31.11	58.11	2.16	25.04	9347	1969	4786	26	0	0	0	0	16129	106.00	36.47	8.89	36.59	69.13	37.53	106.90	1.21	25.76	25.18
9/1/2026 10:15:15 AM	17.77	2.08	10.29	0.82	0.00	0.00	0.00	0.00	30.96	58.29	2.22	24.52	9418	2075	4633	25	0	0	0	0	16151	106.33	35.77	9.01	36.68	68.77	37.36	105.66	1.22	25.77	25.21
9/1/2026 10:15:18 AM	18.37	1.89	10.52	0.99	0.00	0.00	0.00	0.00	31.77	58.09	2.29	24.27	9737	1889	4733	30	0	0	0	0	16389	105.96	36.96	8.97	37.00	70.99	38.20	109.12	1.22	25.78	25.26
9/1/2026 10:15:21 AM	19.25	1.74	10.16	1.21	0.00	0.00	0.00	0.00	32.37	57.84	2.37	24.03	10204	1742	4574	36	0	0	0	0	16556	105.51	37.18	9.07	37.42	72.32	38.89	111.62	1.23	25.81	25.28
9/1/2026 10:15:23 AM	19.85	1.79	9.71	1.81	0.00	0.00	0.00	0.00	33.17	57.80	2.46	23.62	10523	1787	4371	54	0	0	0	0	16735	105.45	38.29	9.89	39.16	73.83	41.23	114.34	1.24	25.85	25.26
9/1/2026 10:15:26 AM	24.29	3.07	8.54	5.20	0.00	0.00	0.00	0.00	41.10	56.70	2.53	23.30	12873	3071	3842	156	0	0	0	0	19942	103.43	48.54	16.07	54.99	88.51	59.79	139.14	1.25	25.85	25.34
9/1/2026 10:15:29 AM	25.98	2.87	7.32	6.83	0.00	0.00	0.00	0.00	43.01	56.61	2.57	23.36	13771	2874	3292	205	0	0	0	0	20142	103.27	51.45	17.47	58.27	92.78	65.41	146.39	1.25	25.85	25.28
9/1/2026 10:15:31 AM	25.44	3.07	7.27	6.46	0.00	0.00	0.00	0.00	42.23	56.64	2.63	23.45	13486	3066	3270	194	0	0	0	0	20016	103.33	50.04	16.58	57.50	90.43	64.44	143.15	1.26	25.88	25.34
9/1/2026 10:15:34 AM	26.66	4.97	6.19	6.52	0.00	0.00	0.00	0.00	44.34	56.11	2.68	22.65	14130	4973	2784	196	0	0	0	0	22082	102.36	49.56	18.12	65.00	91.07	70.72	144.45	1.26	25.88	25.39
9/1/2026 10:15:37 AM	25.66	5.18	5.59	6.04	0.00	0.00	0.00	0.00	42.46	55.82	2.79	22.05	13598	5178	2513	181	0	0	0	0	21470	101.83	46.62	16.85	62.90	86.90	68.51	136.44	1.27	25.90	25.40
9/1/2026 10:15:40 AM	24.90	5.84	5.94	4.70	0.00	0.00	0.00	0.00	41.39	55.75	2.83	21.63	13199	5844	2674	141	0	0	0	0	21858	101.71	43.64	15.56	61.75	84.03	65.66	129.90	1.28	25.91	25.42
9/1/2026 10:15:42 AM	23.36	6.02	6.11	3.95	0.00	0.00	0.00	0.00	39.44	55.39	2.94	21.22	12381	6024	2749	119	0	0	0	0	21272	101.05	41.13	14.76	59.53	79.47	62.37	122.42	1.29	25.92	25.42
9/1/2026 10:15:45 AM	18.88	5.91	5.10	2.67	0.00	0.00	0.00	0.00	32.57	54.16	3.04	21.22	10006	5914	2296	80	0	0	0	0	18296	98.80	32.98	12.40	51.21	64.74	52.64	97.60	1.30	25.97	25.45
9/1/2026 10:15:48 AM	17.77	5.63	5.17	2.26	0.00	0.00	0.00	0.00	30.83	54.32	3.19	21.35	9417	5634	2325	68	0	0	0	0	17445	99.10	31.36	11.56	48.12	62.15	49.43	91.79	1.31	25.95	25.44
9/1/2026 10:15:51 AM	16.31	4.33	4.26	2.10	0.00	0.00	0.00	0.00	27.01	53.62	3.32	20.47	8643	4331	1919	63	0	0	0	0	14955	97.82	27.82	9.83	40.31	57.40	42.54	80.71	1.33	25.96	25.44
9/1/2026 10:15:54 AM	15.92	3.91	4.12	1.49	0.00	0.00	0.00	0.14	25.45	53.73	3.46	19.11	8437	3909	1855	45	0	0	0	0	14246	98.01	25.75	9.28	36.89	57.42	38.25	76.58	1.34	26.00	25.48
9/1/2026 10:15:56 AM	15.93	3.82	4.19	1.33	0.00	0.00	0.00	0.41	25.26	53.05	3.68	18.47	8444	3819	1884	40	0	0	0	0	14187	96.78	25.92	9.06	36.36	60.85	37.61	78.09	1.36	25.99	25.53
9/1/2026 10:15:59 AM	16.45	3.92	4.43	1.03	0.00	0.00	0.00	0.53	25.84	52.45	3.80	18.22	8719	3918	1996	31	0	0	0	0	14663	95.68	26.19	8.88	36.74	63.64	37.63	80.49	1.37	26.02	25.52
9/1/2026 10:16:02 AM	16.71	3.98	4.50	1.19	0.00	0.00	0.00	0.49	26.39	52.86	3.93	18.43	8858	3980	2027	36	0	0	0	0	14901	96.43	26.89	9.30	37.64	64.33	38.59	81.97	1.39	26.01	25.55
9/1/2026 10:16:05 AM	17.03	3.69	4.04	1.48	0.00	0.00	0.00	0.47	26.24	52.81	4.05	18.36	9027	3691	1816	44	0	0	0	0	14578	96.34	26.69	9.08	36.98	64.11	38.60	82.04	1.40	26.00	25.58
9/1/2026 10:16:08 AM	17.11	3.89	4.28	1.40	0.00	0.00	0.00	0.47	26.68	52.84	4.14	18.14	9069	3890	1925	42	0	0	0	0	14925	96.40	27.15	9.34	37.85	64.86	39.20	83.01	1.41	26.01	25.58
9/1/2026 10:16:10 AM	15.78	3.31	3.97	1.62	0.00	0.00	0.00	0.95	24.68	54.77	4.45	16.66	8361	3315	1785	49	0	0	0	0	13510	99.92	27.07	9.02	35.06	67.78	37.06	81.49	1.44	26.01	25.57
9/1/2026 10:16:13 AM	15.76	3.35	3.88	1.59	0.00	0.00	0.00	0.98	24.58	55.39	4.51	15.75	8355	3348	1747	48	0	0	0	0	13497	101.05	26.85	9.11	35.07	67.87	36.90	81.18	1.44	25.99	25.60
9/1/2026 10:16:16 AM	15.85	3.39	3.92	1.63	0.00	0.00	0.00	0.99	24.78	55.59	4.67	15.84	8398	3385	1762	49	0	0	0	0	13594	101.41	27.14	9.14	35.38	68.39	37.33	81.82	1.46	25.99	25.58
9/1/2026 10:16:19 AM	15.78	3.17	3.76	1.79	0.00	0.00	0.00	0.96	24.49	55.85	4.66	15.91	8362	3171	1691	54	0	0	0	0	13277	101.88	27.01	9.12	34.73	67.63	36.94	81.29	1.46	25.97	25.57
9/1/2026 10:16:21 AM	15.74	3.20	3.68	1.93	0.00	0.00	0.00	0.98	24.55	55.71	4.70	15.96	8343	3198	1654	58	0	0	0	0	13253	101.63	27.29	9.30	35.06	67.92	37.46	81.51	1.46	25.95	25.63
9/1/2026 10:16:24 AM	15.94	3.38	3.89	1.68	0.00	0.00	0.00	0.95	24.89	55.75	4.69	16.59	8448	3376	1753	50	0	0	0	0	13627	101.69	27.20	9.29	35.54	68.12	37.46	81.96	1.46	25.96	25.66
9/1/2026 10:16:26 AM	15.66	3.26	3.89	1.66	0.00	0.00	0.00	0.93	24.48	55.31	4.71	17.08	8301	3263	1749	50	0	0	0	0	13363	100.89	26.86	9.10	34.82	67.03	36.79	80.77	1.46	25.96	25.71
9/1/2026 10:16:29 AM	16.25	3.45	4.04	1.57	0.00	0.00	0.00	0.94	25.32	55.06	4.73	17.20	8613	3451	1819	47	0	0	0	0	13930	100.44	27.40	9.20	35.92	68.84	37.75	83.08	1.46	25.94	25.74
9/1/2026 10:16:32 AM	16.43	3.45	3.96	1.57	0.00	0.00	0.00	0.89	25.40	55.14	4.77	16.59	8706	3451	1781	47	0	0	0	0	13985	100.60	27.18	9.24	35.98	68.32	37.71	82.94	1.47	25.90	25.66
9/1/2026 10:16:35 AM	16.69	3.49	4.41	1.49	0.00	0.00	0.00	0.81	26.08	54.79	4.87	15.93	8847	3490	1984	45	0	0	0	0	14366	99.95	27.91	9.37	36.56	68.81	38.14	84.77	1.48	25.88	25.68
9/1/2026 10:16:38 AM	14.95	3.46	4.27	1.49	0.00	0.00	0.00	0.94	24.18	56.60	5.02	15.28	7924	3456	1923	45	0	0	0	0	13348	103.26	26.94	9.23	34.96	66.20	36.55	79.45	1.49	25.88	25.71
9/1/2026 10:16:40 AM	14.74	3.28	4.06	1.50	0.00	0.00	0.00	0.93	23.58	57.54	5.15	14.98	7810	3285	1826	45	0	0	0	0	12965	104.97	26.25	8.82	33.90	64.93	35.71	77.81	1.50	25.86	25.73
9/1/2026 10:16:43 AM	14.76	2.87	3.72	1.82	0.00	0.00	0.00	0.90	23.17	56.95	5.19	14.87	7822	2867	1673	55	0	0	0	0	12416	103.90	26.14	8.51	32.70	64.09	35.32	77.41	1.51	25.88	25.69
9/1/2026 10:16:46 AM	14.47	3.27	4.26	1.27	0.00	0.00	0.00	0.92	23.27	56.05	5.22	15.10	7667	3270	1917	38	0	0	0	0	12893	102.24	25.82	8.63	33.32	64.08	34.77	76.78	1.51	25.80	25.73
9/1/2026 10:16:49 AM	14.49	3.42	4.47	1.23	0.00	0.00	0.00	0.84	23.61	53.64	5.25	15.51	7678	3421	2011	37	0	0	0	0	13146	97.86	26.09	8.89	34.00	63.58	35.22	77.02	1.51	25.81	25.69
9/1/2026 10:16:51 AM	16.53	5.89	6.56	0.62	0.00	0.00	0.00	1.07	29.59	74.06	5.32	15.67	8759	5886	2952	19	0	0	0	0	17616	135.09	32.06	11.36	45.47	77.28	44.83	91.96	1.52	25.77	25.69
9/1/2026 10:16:54 AM	16.83	4.24	5.32	2.16	0.00	0.00	0.00	0.97	28.54	70.21	5.33	15.47	8917	4240	2393	65	0	0	0	0	15615	128.07	32.80	11.22	41.87	75.94	44.18	92.77	1.52	25.74	25.73
