Date/Time	Green Algae	Bluegreen	Diatoms	Cryptophyta	#5	#6	#7	Yellow substances	Total conc.	Transmission	Depth	Temp. Sample	Green Algae	Bluegreen	Diatoms	Cryptophyta	#5	#6	#7	Yellow substances	Total cell count	Trans. 700 nm	LED 3 [525 nm]	LED 4 [570 nm]	LED 5 [610 nm]	LED 6 [370 nm]	LED 7 [590 nm]	LED 8 [470 nm]	Pressure	Temp. LEDs	Temp. Sensor
date	µg/l	µg/l	µg/l	µg/l	µg/l	µg/l	µg/l	r.u.	µg/l	%	m	°C	cells/ml	cells/ml	cells/ml	cells/ml	cells/ml	cells/ml	cells/ml	r.u.	cells/ml	digits	digits	digits	digits	digits	digits	digits	bar	°C	°C
9/22/2026 12:52:20 PM	11.31	0.84	2.89	0.37	0.00	0.00	0.00	0.12	15.40	85.27	0.16	24.08	5993	839	1298	11	0	0	0	0	8141	155.52	15.00	5.21	18.38	37.79	18.63	51.18	1.02	22.48	21.89
9/22/2026 12:52:23 PM	13.18	0.55	1.53	0.71	0.00	0.00	0.00	0.00	15.97	85.97	0.27	24.45	6984	547	689	21	0	0	0	0	8241	156.80	13.61	4.85	18.32	37.44	19.13	52.56	1.03	22.51	21.95
9/22/2026 12:52:25 PM	12.24	0.37	1.91	1.02	0.00	0.00	0.00	0.03	15.54	85.42	0.36	24.39	6486	370	858	31	0	0	0	0	7744	155.80	14.84	5.22	17.90	37.55	19.29	52.09	1.04	22.55	21.95
9/22/2026 12:52:28 PM	11.46	0.93	2.77	0.26	0.00	0.00	0.00	0.10	15.43	86.79	0.65	24.41	6075	935	1247	8	0	0	0	0	8265	158.30	14.61	3.76	18.01	37.38	19.27	50.67	1.06	22.57	21.95
9/22/2026 12:52:31 PM	11.90	0.84	2.49	0.39	0.00	0.00	0.00	0.03	15.63	85.86	0.64	24.37	6308	843	1121	12	0	0	0	0	8284	156.61	14.42	4.03	18.14	37.02	19.36	51.01	1.06	22.56	21.98
9/22/2026 12:52:34 PM	11.65	0.84	2.74	0.53	0.00	0.00	0.00	0.00	15.75	86.07	0.64	24.32	6173	839	1235	16	0	0	0	0	8262	156.98	14.98	4.75	18.78	36.36	19.57	51.95	1.06	22.60	22.00
9/22/2026 12:52:36 PM	12.96	0.00	0.89	1.58	0.00	0.00	0.00	0.00	15.42	85.94	0.64	24.24	6867	0	400	47	0	0	0	0	7314	156.75	14.34	5.16	17.27	37.18	19.83	52.32	1.06	22.62	22.01
9/22/2026 12:52:39 PM	12.09	0.69	2.49	0.49	0.00	0.00	0.00	0.07	15.76	86.25	0.64	24.13	6406	690	1122	15	0	0	0	0	8233	157.31	14.84	3.59	17.81	38.19	19.65	52.26	1.06	22.65	22.01
9/22/2026 12:52:42 PM	12.03	0.00	1.35	1.55	0.00	0.00	0.00	0.14	14.93	86.17	0.64	24.01	6377	0	605	46	0	0	0	0	7029	157.17	15.09	4.73	16.78	38.11	19.76	51.84	1.06	22.66	22.03
9/22/2026 12:52:45 PM	12.34	0.24	2.13	1.07	0.00	0.00	0.00	0.00	15.79	85.79	0.64	24.07	6542	239	960	32	0	0	0	0	7772	156.47	15.26	4.88	17.85	37.32	19.52	53.73	1.06	22.68	22.05
9/22/2026 12:52:48 PM	12.13	0.55	2.14	0.81	0.00	0.00	0.00	0.13	15.63	85.87	0.61	24.12	6430	548	965	24	0	0	0	0	7968	156.62	15.04	4.60	18.04	38.90	19.64	52.62	1.06	22.72	22.05
9/22/2026 12:52:50 PM	11.23	0.57	2.93	0.55	0.00	0.00	0.00	0.06	15.28	85.79	0.74	24.16	5952	573	1319	16	0	0	0	0	7860	156.47	15.38	3.64	17.21	37.14	19.22	51.32	1.07	22.73	22.05
9/22/2026 12:52:53 PM	12.25	0.07	1.53	1.48	0.00	0.00	0.00	0.04	15.33	86.62	0.80	24.21	6493	73	687	44	0	0	0	0	7297	157.98	15.25	4.72	17.26	37.66	20.01	52.36	1.08	22.75	22.09
9/22/2026 12:52:56 PM	11.87	0.66	1.74	0.78	0.00	0.00	0.00	0.05	15.05	85.76	1.31	24.44	6289	665	784	23	0	0	0	0	7761	156.42	13.84	4.33	17.71	36.15	19.30	49.46	1.13	22.78	22.06
9/22/2026 12:52:59 PM	10.96	0.68	2.58	0.55	0.00	0.00	0.00	0.05	14.77	86.11	1.66	24.47	5807	678	1163	17	0	0	0	0	7665	157.06	14.52	3.97	17.19	35.63	18.79	49.02	1.16	22.81	22.06
9/22/2026 12:53:01 PM	11.28	0.62	2.03	0.92	0.00	0.00	0.00	0.10	14.84	86.31	1.85	24.45	5976	619	914	28	0	0	0	0	7536	157.43	14.64	4.45	17.64	36.50	19.55	49.57	1.18	22.82	22.09
9/22/2026 12:53:04 PM	11.94	0.19	1.45	1.13	0.00	0.00	0.00	0.04	14.72	85.89	1.99	24.41	6328	191	654	34	0	0	0	0	7207	156.66	13.95	4.73	16.73	36.02	18.58	49.76	1.20	22.83	22.13
9/22/2026 12:53:07 PM	11.65	0.56	2.09	0.70	0.00	0.00	0.00	0.04	15.01	86.03	2.15	24.41	6176	561	941	21	0	0	0	0	7699	156.91	14.20	3.83	17.16	36.16	19.09	49.80	1.21	22.88	22.16
9/22/2026 12:53:10 PM	11.61	0.79	2.31	0.49	0.00	0.00	0.00	0.07	15.20	86.11	2.36	24.38	6151	786	1041	15	0	0	0	0	7993	157.06	14.21	4.16	17.81	36.64	19.07	49.97	1.23	22.90	22.21
9/22/2026 12:53:13 PM	11.05	0.67	2.51	0.55	0.00	0.00	0.00	0.10	14.78	85.91	2.47	24.36	5855	669	1131	16	0	0	0	0	7672	156.69	14.51	3.77	17.11	36.29	18.87	49.34	1.24	22.92	22.17
9/22/2026 12:53:15 PM	12.01	0.48	1.79	0.98	0.00	0.00	0.00	0.07	15.26	86.18	2.59	24.36	6366	479	806	29	0	0	0	0	7681	157.18	14.55	4.43	17.66	37.21	19.65	51.00	1.25	22.93	22.19
9/22/2026 12:53:18 PM	11.25	1.23	2.27	0.47	0.00	0.00	0.00	0.12	15.22	85.94	2.76	24.05	5964	1233	1021	14	0	0	0	0	8232	156.76	14.28	4.30	19.02	36.77	20.25	49.04	1.27	22.96	22.21
9/22/2026 12:53:21 PM	10.90	1.64	2.28	0.38	0.00	0.00	0.00	0.22	15.20	85.73	2.96	23.59	5775	1643	1027	11	0	0	0	0	8456	156.36	14.31	4.67	20.13	37.37	20.95	48.33	1.29	22.99	22.24
9/22/2026 12:53:24 PM	11.79	2.59	2.36	0.49	0.00	0.00	0.00	0.20	17.23	84.52	3.31	22.15	6250	2588	1063	15	0	0	0	0	9915	154.16	15.93	5.56	24.60	40.56	25.33	52.17	1.32	23.02	22.24
9/22/2026 12:53:26 PM	12.66	3.44	2.97	0.61	0.00	0.00	0.00	0.08	19.67	83.73	3.48	21.18	6709	3437	1335	18	0	0	0	0	11500	152.72	18.40	6.54	29.18	43.45	29.88	57.29	1.34	23.03	22.27
9/22/2026 12:53:29 PM	12.35	3.32	2.91	0.56	0.00	0.00	0.00	0.14	19.14	83.64	3.56	21.92	6548	3316	1310	17	0	0	0	0	11191	152.55	17.99	6.39	28.35	43.11	28.99	56.21	1.35	23.06	22.29
9/22/2026 12:53:32 PM	16.49	7.35	4.42	1.95	0.00	0.00	0.00	0.14	30.22	82.08	3.87	19.61	8742	7352	1987	59	0	0	0	0	18140	149.72	30.40	12.53	51.18	63.43	52.16	82.26	1.38	23.07	22.29
9/22/2026 12:53:35 PM	19.01	9.70	4.75	0.26	0.00	0.00	0.00	0.00	33.72	80.47	4.16	16.07	10078	9704	2135	8	0	0	0	0	21925	146.77	28.79	12.01	58.12	65.93	56.30	85.16	1.41	23.13	22.37
9/22/2026 12:53:38 PM	12.97	6.49	3.07	0.00	0.00	0.00	0.00	0.00	22.54	80.29	4.61	14.51	6874	6493	1383	0	0	0	0	0	14750	146.44	18.83	7.73	39.55	43.78	37.96	57.02	1.45	23.11	22.34
9/22/2026 12:53:40 PM	7.29	3.88	1.45	0.00	0.00	0.00	0.00	0.02	12.62	80.28	5.04	13.15	3865	3880	651	0	0	0	0	0	8395	146.42	10.57	4.52	23.81	24.93	22.93	30.83	1.49	23.12	22.35
9/22/2026 12:53:43 PM	5.44	3.20	1.05	0.00	0.00	0.00	0.00	0.05	9.69	80.01	5.37	12.64	2882	3202	474	0	0	0	0	0	6557	145.94	8.31	3.71	19.48	19.48	18.76	23.22	1.53	23.12	22.40
9/22/2026 12:53:46 PM	5.52	3.32	1.15	0.00	0.00	0.00	0.00	0.04	10.00	80.08	5.56	12.71	2926	3323	518	0	0	0	0	0	6767	146.06	8.63	3.80	20.13	19.85	19.27	23.83	1.55	23.14	22.43
9/22/2026 12:53:48 PM	6.80	3.77	1.37	0.00	0.00	0.00	0.00	0.00	11.94	80.03	5.67	13.01	3603	3769	618	0	0	0	0	0	7990	145.97	10.04	4.45	23.11	23.26	21.86	28.79	1.56	23.14	22.45
9/22/2026 12:53:51 PM	4.45	3.08	0.82	0.00	0.00	0.00	0.00	0.07	8.35	79.46	6.10	13.51	2357	3079	370	0	0	0	0	0	5806	144.93	7.21	3.41	18.02	16.68	17.31	19.10	1.60	23.13	22.43
9/22/2026 12:53:54 PM	2.98	2.63	0.46	0.00	0.00	0.00	0.00	0.10	6.07	78.97	6.56	11.94	1582	2627	208	0	0	0	0	0	4417	144.04	5.40	2.55	14.78	12.37	14.38	12.94	1.64	23.14	22.50
9/22/2026 12:53:56 PM	2.88	2.61	0.45	0.00	0.00	0.00	0.00	0.10	5.95	78.87	6.80	11.89	1529	2610	204	0	0	0	0	0	4343	143.86	5.31	2.69	14.66	12.19	14.18	12.62	1.67	23.13	22.50
9/22/2026 12:53:59 PM	2.57	2.54	0.38	0.00	0.00	0.00	0.00	0.11	5.50	78.49	7.40	11.92	1363	2544	172	0	0	0	0	0	4079	143.17	4.95	2.59	14.01	11.35	13.73	11.36	1.73	23.11	22.50
9/22/2026 12:54:02 PM	2.89	2.60	0.40	0.00	0.00	0.00	0.00	0.09	5.89	78.57	7.55	11.85	1530	2601	179	0	0	0	0	0	4311	143.31	5.17	2.63	14.61	11.87	14.06	12.32	1.74	23.13	22.53
9/22/2026 12:54:05 PM	2.75	2.54	0.38	0.00	0.00	0.00	0.00	0.09	5.67	78.29	7.91	11.86	1455	2544	172	0	0	0	0	0	4172	142.80	5.01	2.51	14.19	11.45	13.84	11.77	1.78	23.12	22.54
9/22/2026 12:54:08 PM	2.83	2.59	0.43	0.00	0.00	0.00	0.00	0.07	5.85	78.41	8.05	11.78	1498	2588	196	0	0	0	0	0	4281	143.01	5.17	2.56	14.54	11.55	13.99	12.13	1.79	23.08	22.53
9/22/2026 12:54:10 PM	2.77	2.58	0.49	0.00	0.00	0.00	0.00	0.09	5.84	78.16	8.39	11.86	1469	2579	219	0	0	0	0	0	4267	142.56	5.27	2.67	14.47	11.79	14.02	12.28	1.82	23.07	22.51
9/22/2026 12:54:13 PM	2.93	2.58	0.47	0.00	0.00	0.00	0.00	0.07	5.99	78.10	8.61	11.95	1554	2584	213	0	0	0	0	0	4352	142.45	5.30	2.61	14.61	11.88	14.15	12.63	1.84	23.04	22.59
9/22/2026 12:54:16 PM	2.95	2.58	0.42	0.00	0.00	0.00	0.00	0.07	5.94	78.23	8.81	12.01	1563	2577	187	0	0	0	0	0	4328	142.69	5.16	2.63	14.50	11.72	14.12	12.43	1.86	23.05	22.56
9/22/2026 12:54:19 PM	2.86	2.55	0.49	0.00	0.00	0.00	0.00	0.08	5.89	77.73	9.09	12.05	1514	2553	218	0	0	0	0	0	4285	141.78	5.27	2.60	14.45	11.79	13.99	12.46	1.89	23.01	22.56
9/22/2026 12:54:21 PM	2.99	2.62	0.39	0.00	0.00	0.00	0.00	0.08	6.00	77.98	9.25	11.94	1583	2622	178	0	0	0	0	0	4383	142.23	5.20	2.68	14.77	11.93	14.18	12.54	1.91	23.00	22.54
9/22/2026 12:54:24 PM	3.08	2.58	0.41	0.00	0.00	0.00	0.00	0.05	6.07	77.90	9.42	12.02	1632	2578	185	0	0	0	0	0	4396	142.09	5.20	2.61	14.65	11.80	14.16	12.73	1.92	22.97	22.58
