Date/Time	Green Algae	Bluegreen	Diatoms	Cryptophyta	#5	#6	#7	Yellow substances	Total conc.	Transmission	Depth	Temp. Sample	Green Algae	Bluegreen	Diatoms	Cryptophyta	#5	#6	#7	Yellow substances	Total cell count	Trans. 700 nm	LED 3 [525 nm]	LED 4 [570 nm]	LED 5 [610 nm]	LED 6 [370 nm]	LED 7 [590 nm]	LED 8 [470 nm]	Pressure	Temp. LEDs	Temp. Sensor
date	µg/l	µg/l	µg/l	µg/l	µg/l	µg/l	µg/l	r.u.	µg/l	%	m	°C	cells/ml	cells/ml	cells/ml	cells/ml	cells/ml	cells/ml	cells/ml	r.u.	cells/ml	digits	digits	digits	digits	digits	digits	digits	bar	°C	°C
9/22/2026 1:47:29 PM	14.10	0.50	2.78	0.89	0.00	0.00	0.00	0.00	18.28	84.04	0.07	24.24	7474	502	1250	27	0	0	0	0	9253	153.28	17.04	4.90	20.64	41.73	21.98	62.28	1.01	20.58	20.60
9/22/2026 1:47:32 PM	12.51	0.97	4.70	0.48	0.00	0.00	0.00	0.00	18.67	83.59	0.15	24.22	6631	975	2117	14	0	0	0	0	9737	152.46	19.58	3.44	21.20	42.42	23.66	63.10	1.02	20.64	20.63
9/22/2026 1:47:35 PM	14.61	0.66	2.61	1.07	0.00	0.00	0.00	0.00	18.96	83.76	0.20	24.22	7742	664	1176	32	0	0	0	0	9615	152.77	17.59	6.49	22.27	43.36	22.75	63.85	1.02	20.70	20.70
9/22/2026 1:47:38 PM	13.81	0.79	3.40	0.80	0.00	0.00	0.00	0.00	18.81	83.41	0.23	24.14	7321	794	1529	24	0	0	0	0	9669	152.13	18.27	4.19	21.40	42.89	23.55	63.32	1.02	20.76	20.63
9/22/2026 1:47:40 PM	12.82	0.00	3.63	1.45	0.00	0.00	0.00	0.00	17.90	84.16	0.26	24.07	6794	0	1635	43	0	0	0	0	8472	153.51	19.43	5.44	19.55	41.78	22.27	63.50	1.03	20.80	20.68
9/22/2026 1:47:43 PM	12.92	1.09	3.99	0.52	0.00	0.00	0.00	0.00	18.52	83.69	0.24	24.15	6846	1091	1796	16	0	0	0	0	9748	152.65	18.42	4.30	21.71	41.81	23.31	61.77	1.02	20.84	20.68
9/22/2026 1:47:46 PM	15.00	0.21	1.81	1.35	0.00	0.00	0.00	0.00	18.38	83.76	0.27	24.20	7949	213	814	41	0	0	0	0	9018	152.78	16.68	5.01	20.40	42.59	22.50	62.86	1.03	20.91	20.84
9/22/2026 1:47:49 PM	13.15	0.04	3.25	1.43	0.00	0.00	0.00	0.00	17.88	84.92	0.33	24.05	6971	40	1465	43	0	0	0	0	8518	154.89	19.12	5.64	19.60	42.98	21.98	62.06	1.03	20.98	20.73
9/22/2026 1:47:52 PM	13.34	0.73	3.96	0.33	0.00	0.00	0.00	0.00	18.36	84.33	0.38	24.03	7072	734	1782	10	0	0	0	0	9598	153.82	17.95	4.95	20.41	43.07	21.14	61.44	1.04	21.00	20.74
9/22/2026 1:47:54 PM	13.62	1.02	3.40	0.66	0.00	0.00	0.00	0.00	18.70	84.30	0.39	24.10	7220	1020	1530	20	0	0	0	0	9790	153.76	18.06	5.02	21.83	43.16	23.20	61.63	1.04	21.02	20.91
9/22/2026 1:47:57 PM	14.10	0.00	2.44	1.55	0.00	0.00	0.00	0.00	18.09	83.97	0.39	24.13	7473	0	1099	47	0	0	0	0	8618	153.16	18.15	4.49	19.30	42.90	22.96	62.79	1.04	21.08	20.86
9/22/2026 1:48:00 PM	13.07	0.29	3.13	1.35	0.00	0.00	0.00	0.00	17.84	83.92	0.40	24.07	6925	294	1406	41	0	0	0	0	8666	153.07	18.48	5.94	20.48	41.55	22.15	61.66	1.04	21.15	20.89
9/22/2026 1:48:03 PM	14.01	0.13	2.36	1.51	0.00	0.00	0.00	0.00	18.00	84.96	0.41	23.87	7424	134	1060	45	0	0	0	0	8663	154.96	17.79	4.65	19.88	42.12	22.86	62.21	1.04	21.18	20.87
9/22/2026 1:48:06 PM	13.03	0.28	3.65	0.98	0.00	0.00	0.00	0.00	17.94	84.02	0.42	23.78	6906	283	1641	29	0	0	0	0	8859	153.24	18.27	5.62	20.28	40.94	21.23	62.84	1.04	21.22	20.89
9/22/2026 1:48:08 PM	13.30	0.04	3.33	1.27	0.00	0.00	0.00	0.00	17.94	84.35	0.42	23.85	7050	38	1498	38	0	0	0	0	8625	153.85	18.73	5.29	19.52	42.48	21.65	62.67	1.04	21.25	20.95
9/22/2026 1:48:11 PM	12.45	0.04	4.04	1.11	0.00	0.00	0.00	0.00	17.64	84.55	0.44	23.91	6597	40	1820	33	0	0	0	0	8491	154.22	19.27	5.84	19.35	41.78	20.76	62.16	1.04	21.31	20.97
9/22/2026 1:48:14 PM	12.74	0.47	3.35	0.97	0.00	0.00	0.00	0.00	17.52	84.66	0.44	24.02	6751	469	1507	29	0	0	0	0	8755	154.42	17.74	5.08	20.07	40.24	21.58	60.25	1.04	21.36	20.95
9/22/2026 1:48:17 PM	12.74	0.91	4.24	0.22	0.00	0.00	0.00	0.00	18.11	84.46	0.44	23.93	6754	907	1907	7	0	0	0	0	9574	154.04	17.87	4.83	20.67	41.57	21.17	60.67	1.04	21.40	21.03
9/22/2026 1:48:19 PM	12.84	0.28	3.57	1.03	0.00	0.00	0.00	0.00	17.71	84.17	0.45	23.88	6804	275	1605	31	0	0	0	0	8715	153.52	18.60	5.03	19.46	42.20	21.54	60.82	1.04	21.41	21.07
9/22/2026 1:48:22 PM	13.61	0.87	3.46	0.48	0.00	0.00	0.00	0.00	18.42	84.21	0.45	23.86	7213	865	1556	15	0	0	0	0	9649	153.59	17.64	4.10	20.65	42.92	22.42	60.96	1.04	21.46	21.05
9/22/2026 1:48:24 PM	13.36	0.14	2.80	1.34	0.00	0.00	0.00	0.00	17.64	83.70	0.49	23.80	7079	144	1260	40	0	0	0	0	8523	152.66	18.00	5.17	19.47	41.94	21.85	60.74	1.05	21.51	21.03
9/22/2026 1:48:27 PM	11.66	0.78	4.95	0.19	0.00	0.00	0.00	0.00	17.58	84.34	0.49	23.85	6180	779	2227	6	0	0	0	0	9192	153.82	18.75	5.09	19.85	41.21	20.35	59.41	1.05	21.56	21.10
9/22/2026 1:48:30 PM	13.68	0.00	2.28	1.51	0.00	0.00	0.00	0.00	17.47	84.55	0.52	23.79	7252	0	1027	45	0	0	0	0	8324	154.22	17.24	5.88	19.40	40.98	21.41	60.91	1.05	21.58	21.10
9/22/2026 1:48:33 PM	12.89	0.80	3.96	0.75	0.00	0.00	0.00	0.00	18.40	83.71	0.54	23.83	6831	803	1781	23	0	0	0	0	9438	152.67	18.88	5.44	21.35	42.61	22.56	61.92	1.05	21.61	21.11
9/22/2026 1:48:36 PM	13.86	0.72	3.35	0.59	0.00	0.00	0.00	0.00	18.52	84.26	0.56	23.85	7346	723	1506	18	0	0	0	0	9593	153.68	17.30	5.38	21.29	41.87	21.66	62.74	1.06	21.66	21.16
9/22/2026 1:48:38 PM	11.91	0.98	5.05	0.00	0.00	0.00	0.00	0.00	17.94	84.05	0.58	23.85	6311	982	2272	0	0	0	0	0	9565	153.30	18.71	4.28	20.27	41.62	20.97	60.01	1.06	21.69	21.16
9/22/2026 1:48:41 PM	12.77	0.18	3.27	1.22	0.00	0.00	0.00	0.00	17.44	84.33	0.61	23.90	6766	179	1472	37	0	0	0	0	8453	153.82	18.37	4.91	19.21	41.42	21.66	60.27	1.06	21.76	21.19
9/22/2026 1:48:44 PM	12.83	0.50	3.40	0.92	0.00	0.00	0.00	0.00	17.64	84.17	0.65	24.08	6798	495	1528	28	0	0	0	0	8849	153.53	17.77	4.61	20.04	40.37	21.87	60.64	1.06	21.77	21.19
9/22/2026 1:48:47 PM	12.56	0.76	3.70	0.70	0.00	0.00	0.00	0.00	17.72	83.95	0.68	24.16	6657	758	1667	21	0	0	0	0	9103	153.11	17.93	4.92	20.51	40.81	21.85	59.76	1.07	21.81	21.23
9/22/2026 1:48:49 PM	12.70	0.81	3.54	0.71	0.00	0.00	0.00	0.00	17.75	83.85	0.68	24.15	6730	807	1591	21	0	0	0	0	9149	152.93	17.74	5.04	20.66	40.95	21.94	59.48	1.07	21.85	21.23
9/22/2026 1:48:52 PM	12.68	0.68	3.25	0.98	0.00	0.00	0.00	0.00	17.60	83.76	0.71	24.21	6720	680	1464	29	0	0	0	0	8894	152.77	17.83	5.87	20.75	40.89	21.86	59.22	1.07	21.89	21.29
9/22/2026 1:48:55 PM	13.26	0.46	3.09	1.03	0.00	0.00	0.00	0.00	17.85	84.17	0.73	24.16	7029	464	1389	31	0	0	0	0	8914	153.53	17.79	5.24	20.26	41.63	21.91	60.71	1.07	21.93	21.31
9/22/2026 1:48:58 PM	13.50	0.06	2.16	1.67	0.00	0.00	0.00	0.00	17.39	83.70	0.72	24.16	7155	59	973	50	0	0	0	0	8237	152.67	17.50	5.32	19.59	40.85	22.25	60.32	1.07	21.97	21.29
9/22/2026 1:49:00 PM	13.56	0.62	2.52	1.09	0.00	0.00	0.00	0.00	17.80	84.74	0.78	24.17	7187	624	1135	33	0	0	0	0	8980	154.56	17.08	5.10	20.61	41.33	22.45	59.63	1.08	22.01	21.34
9/22/2026 1:49:03 PM	12.73	0.70	3.62	0.71	0.00	0.00	0.00	0.00	17.75	84.31	0.77	24.25	6746	696	1629	21	0	0	0	0	9092	153.77	17.79	4.18	20.22	40.58	22.11	60.26	1.08	22.04	21.40
9/22/2026 1:49:06 PM	12.83	0.76	3.64	0.63	0.00	0.00	0.00	0.00	17.85	84.35	0.80	24.25	6800	756	1637	19	0	0	0	0	9211	153.85	17.69	5.37	20.69	41.10	21.45	60.13	1.08	22.08	21.44
9/22/2026 1:49:08 PM	13.06	0.56	3.06	1.06	0.00	0.00	0.00	0.00	17.74	84.26	0.81	24.27	6924	562	1376	32	0	0	0	0	8894	153.69	17.74	6.34	20.79	41.42	21.58	59.94	1.08	22.10	21.37
9/22/2026 1:49:11 PM	14.34	0.00	1.85	1.92	0.00	0.00	0.00	0.01	18.11	84.36	0.83	24.18	7602	0	833	58	0	0	0	0	8493	153.86	18.31	5.42	19.81	44.03	23.57	62.06	1.08	22.12	21.42
9/22/2026 1:49:14 PM	13.66	0.48	2.92	1.32	0.00	0.00	0.00	0.00	18.39	83.70	0.87	24.22	7239	484	1316	40	0	0	0	0	9079	152.66	18.34	5.27	21.28	41.96	23.36	63.13	1.08	22.15	21.42
9/22/2026 1:49:17 PM	13.40	0.76	3.51	0.49	0.00	0.00	0.00	0.00	18.16	84.55	0.88	24.25	7103	758	1579	15	0	0	0	0	9454	154.22	17.32	5.32	20.77	41.81	21.22	60.93	1.09	22.19	21.42
9/22/2026 1:49:19 PM	13.55	0.04	2.44	1.44	0.00	0.00	0.00	0.00	17.48	84.57	0.92	24.22	7184	43	1097	43	0	0	0	0	8366	154.26	17.32	5.53	19.55	40.74	21.44	60.97	1.09	22.25	21.47
9/22/2026 1:49:22 PM	13.33	0.65	3.30	0.84	0.00	0.00	0.00	0.00	18.12	84.17	0.98	24.19	7065	651	1486	25	0	0	0	0	9227	153.53	17.81	4.72	20.66	41.68	22.36	61.33	1.10	22.28	21.50
9/22/2026 1:49:25 PM	13.52	0.30	2.88	1.11	0.00	0.00	0.00	0.00	17.81	84.75	1.05	24.25	7163	298	1297	33	0	0	0	0	8792	154.58	17.60	4.98	19.83	41.63	21.77	61.11	1.10	22.30	21.55
9/22/2026 1:49:28 PM	12.75	0.41	3.51	0.98	0.00	0.00	0.00	0.00	17.65	84.99	1.10	24.26	6759	407	1580	29	0	0	0	0	8775	155.01	18.17	4.92	19.87	41.00	21.70	60.72	1.11	22.33	21.58
9/22/2026 1:49:31 PM	12.25	0.64	3.98	0.89	0.00	0.00	0.00	0.00	17.77	84.90	1.15	24.24	6493	641	1792	27	0	0	0	0	8953	154.85	18.84	5.28	20.58	41.12	22.13	60.59	1.11	22.38	21.60
9/22/2026 1:49:33 PM	12.84	0.57	3.26	0.93	0.00	0.00	0.00	0.00	17.61	84.60	1.20	24.18	6804	573	1469	28	0	0	0	0	8874	154.31	17.90	5.46	20.12	41.75	21.63	59.09	1.12	22.41	21.60
9/22/2026 1:49:36 PM	13.03	1.04	3.63	0.52	0.00	0.00	0.00	0.00	18.21	84.66	1.21	24.10	6906	1035	1632	16	0	0	0	0	9589	154.41	17.61	4.76	21.45	41.18	22.50	60.61	1.12	22.44	21.66
9/22/2026 1:49:39 PM	12.96	0.53	3.43	0.74	0.00	0.00	0.00	0.00	17.67	84.44	1.23	24.05	6870	535	1544	22	0	0	0	0	8971	154.01	17.56	4.72	19.84	41.06	21.33	60.04	1.12	22.47	21.61
9/22/2026 1:49:42 PM	12.75	0.85	3.94	0.40	0.00	0.00	0.00	0.00	17.94	84.73	1.25	24.09	6757	852	1772	12	0	0	0	0	9393	154.55	17.65	4.73	20.61	40.92	21.43	60.36	1.12	22.51	21.69
9/22/2026 1:49:44 PM	13.13	0.48	3.61	0.70	0.00	0.00	0.00	0.00	17.92	84.21	1.28	24.09	6960	482	1623	21	0	0	0	0	9086	153.59	17.73	4.77	20.04	41.16	21.28	61.56	1.12	22.53	21.72
9/22/2026 1:49:47 PM	12.61	0.31	3.43	1.08	0.00	0.00	0.00	0.00	17.44	84.43	1.29	24.05	6686	314	1545	32	0	0	0	0	8578	153.99	18.12	5.03	19.65	40.49	21.50	60.43	1.13	22.57	21.74
9/22/2026 1:49:50 PM	13.86	0.36	2.52	1.07	0.00	0.00	0.00	0.00	17.81	84.70	1.30	24.07	7345	360	1132	32	0	0	0	0	8870	154.48	16.96	4.26	19.69	41.45	22.08	60.63	1.13	22.59	21.74
9/22/2026 1:49:53 PM	12.90	0.69	3.79	0.62	0.00	0.00	0.00	0.00	18.00	84.50	1.32	24.00	6839	687	1704	19	0	0	0	0	9249	154.13	18.02	5.38	20.59	41.72	21.39	60.80	1.13	22.62	21.77
9/22/2026 1:49:56 PM	12.99	0.71	3.95	0.32	0.00	0.00	0.00	0.00	17.98	84.86	1.36	24.05	6885	715	1779	10	0	0	0	0	9388	154.77	17.48	4.58	20.17	41.18	20.88	60.92	1.13	22.66	21.79
9/22/2026 1:49:58 PM	12.85	0.37	2.95	1.29	0.00	0.00	0.00	0.00	17.47	84.74	1.47	24.19	6813	370	1328	39	0	0	0	0	8549	154.56	17.88	5.51	20.18	40.47	22.02	60.10	1.14	22.67	21.81
9/22/2026 1:50:01 PM	12.74	0.53	3.38	0.67	0.00	0.00	0.00	0.00	17.31	84.62	1.55	24.26	6750	527	1522	20	0	0	0	0	8819	154.35	17.16	4.83	19.44	40.48	20.70	58.65	1.15	22.70	21.84
9/22/2026 1:50:04 PM	12.44	1.01	4.04	0.42	0.00	0.00	0.00	0.00	17.90	84.63	1.61	24.24	6591	1005	1817	13	0	0	0	0	9427	154.35	17.97	4.70	20.91	40.96	21.99	59.64	1.16	22.74	21.85
9/22/2026 1:50:07 PM	12.76	0.52	3.23	1.00	0.00	0.00	0.00	0.00	17.51	84.40	1.64	24.18	6764	518	1453	30	0	0	0	0	8765	153.95	17.67	4.77	20.06	40.27	21.95	59.87	1.16	22.78	21.89
9/22/2026 1:50:09 PM	12.21	1.03	4.15	0.41	0.00	0.00	0.00	0.00	17.80	84.71	1.67	24.17	6469	1031	1867	12	0	0	0	0	9380	154.51	17.84	4.91	21.18	39.82	21.81	59.89	1.16	22.80	21.90
9/22/2026 1:50:12 PM	12.20	0.85	4.30	0.30	0.00	0.00	0.00	0.00	17.65	85.06	1.73	24.12	6465	854	1934	9	0	0	0	0	9261	155.15	17.84	4.95	20.33	40.43	20.83	59.50	1.17	22.82	21.93
9/22/2026 1:50:15 PM	12.69	0.88	4.21	0.40	0.00	0.00	0.00	0.00	18.18	84.94	1.77	24.12	6727	880	1893	12	0	0	0	0	9513	154.93	18.37	4.47	20.68	41.97	21.98	60.94	1.17	22.84	21.93
9/22/2026 1:50:17 PM	13.07	0.09	2.46	1.53	0.00	0.00	0.00	0.00	17.15	84.68	1.81	24.15	6928	89	1106	46	0	0	0	0	8170	154.46	17.33	5.65	19.59	39.70	21.51	59.95	1.18	22.90	22.00
9/22/2026 1:50:20 PM	12.00	1.07	3.83	0.40	0.00	0.00	0.00	0.00	17.31	84.79	1.84	24.07	6359	1069	1726	12	0	0	0	0	9166	154.64	17.19	5.25	20.81	39.27	21.21	57.43	1.18	22.90	22.00
9/22/2026 1:50:23 PM	11.74	0.52	2.83	0.96	0.00	0.00	0.00	0.00	16.05	84.62	1.89	24.10	6223	525	1271	29	0	0	0	0	8048	154.33	16.25	4.91	18.76	37.39	20.38	54.31	1.19	22.93	22.00
9/22/2026 1:50:26 PM	11.82	0.96	2.57	0.40	0.00	0.00	0.00	0.00	15.74	84.76	1.94	24.12	6264	962	1155	12	0	0	0	0	8394	154.59	14.46	4.06	18.69	36.20	19.80	51.27	1.19	22.97	22.06
9/22/2026 1:50:28 PM	11.68	0.98	2.55	0.41	0.00	0.00	0.00	0.00	15.62	84.38	1.97	24.13	6191	979	1148	12	0	0	0	0	8331	153.90	14.41	4.64	18.80	36.09	19.46	50.67	1.19	22.98	22.06
9/22/2026 1:50:31 PM	10.53	1.59	2.40	0.01	0.00	0.00	0.00	0.10	14.53	84.43	1.99	24.13	5582	1587	1080	0	0	0	0	0	8250	154.00	12.98	4.25	18.89	34.22	19.11	45.36	1.19	23.00	22.03
9/22/2026 1:50:34 PM	10.90	1.40	2.72	0.02	0.00	0.00	0.00	0.00	15.04	84.61	2.04	24.09	5779	1399	1225	1	0	0	0	0	8403	154.33	13.49	4.21	18.87	34.08	19.09	47.41	1.20	23.04	22.14
9/22/2026 1:50:37 PM	10.56	1.51	2.76	0.00	0.00	0.00	0.00	0.01	14.83	84.13	2.06	24.07	5595	1510	1243	0	0	0	0	0	8349	153.45	13.56	4.19	19.39	33.91	18.64	46.22	1.20	23.08	22.11
9/22/2026 1:50:39 PM	10.07	1.58	2.52	0.06	0.00	0.00	0.00	0.12	14.23	83.93	2.07	24.07	5335	1585	1135	2	0	0	0	0	8057	153.09	13.13	4.68	18.86	33.80	18.82	44.62	1.20	23.09	22.17
9/22/2026 1:50:42 PM	11.21	1.06	1.37	0.82	0.00	0.00	0.00	0.02	14.46	83.70	2.09	24.04	5941	1063	617	24	0	0	0	0	7646	152.67	12.97	5.11	18.57	33.76	19.50	45.90	1.20	23.10	22.14
9/22/2026 1:50:45 PM	10.76	1.44	2.57	0.14	0.00	0.00	0.00	0.03	14.93	84.15	2.10	24.08	5705	1445	1158	4	0	0	0	0	8312	153.48	13.65	4.22	18.95	34.52	19.54	46.84	1.21	23.15	22.21
9/22/2026 1:50:48 PM	11.11	1.44	2.42	0.31	0.00	0.00	0.00	0.00	15.29	83.82	2.09	24.13	5891	1436	1090	9	0	0	0	0	8426	152.89	13.92	4.60	19.52	34.86	20.13	47.83	1.20	23.17	22.21
9/22/2026 1:50:50 PM	11.30	1.20	2.20	0.53	0.00	0.00	0.00	0.00	15.23	84.29	2.09	24.13	5991	1197	989	16	0	0	0	0	8193	153.74	14.06	4.45	19.02	35.18	20.18	48.32	1.21	23.18	22.17
9/22/2026 1:50:53 PM	11.04	1.09	2.45	0.65	0.00	0.00	0.00	0.00	15.23	84.39	2.09	24.11	5850	1089	1104	20	0	0	0	0	8063	153.92	14.62	4.60	19.04	34.88	20.27	49.21	1.20	23.18	22.22
9/22/2026 1:50:55 PM	11.26	1.03	2.55	0.58	0.00	0.00	0.00	0.00	15.43	83.97	2.09	24.11	5967	1034	1149	18	0	0	0	0	8167	153.15	14.71	4.33	18.91	35.35	20.22	50.12	1.20	23.23	22.24
9/22/2026 1:50:58 PM	11.58	0.93	2.42	0.73	0.00	0.00	0.00	0.00	15.66	84.52	2.08	24.09	6139	931	1091	22	0	0	0	0	8182	154.16	14.98	4.37	18.98	36.10	20.57	51.15	1.20	23.25	22.30
9/22/2026 1:51:01 PM	11.59	1.38	3.12	0.24	0.00	0.00	0.00	0.00	16.33	84.57	2.08	24.03	6141	1379	1405	7	0	0	0	0	8932	154.25	15.28	4.53	20.29	36.79	20.86	52.39	1.20	23.28	22.35
9/22/2026 1:51:04 PM	11.66	1.06	2.70	0.60	0.00	0.00	0.00	0.00	16.02	83.92	2.08	24.01	6179	1062	1215	18	0	0	0	0	8474	153.06	15.32	4.58	19.57	36.71	20.80	52.12	1.20	23.31	22.37
9/22/2026 1:51:07 PM	11.50	1.14	2.77	0.58	0.00	0.00	0.00	0.00	15.99	83.91	2.08	24.01	6097	1144	1246	17	0	0	0	0	8504	153.04	15.39	4.71	19.74	36.67	20.87	51.71	1.20	23.33	22.37
9/22/2026 1:51:09 PM	11.25	1.52	3.15	0.19	0.00	0.00	0.00	0.00	16.10	84.14	2.10	23.98	5962	1515	1418	6	0	0	0	0	8900	153.47	15.16	4.64	20.38	36.35	20.83	51.01	1.21	23.34	22.35
9/22/2026 1:51:12 PM	11.00	1.47	3.14	0.16	0.00	0.00	0.00	0.00	15.76	84.26	2.13	23.98	5829	1465	1412	5	0	0	0	0	8711	153.68	14.88	4.24	19.81	35.59	20.50	50.03	1.21	23.35	22.40
