Date/Time	Green Algae	Bluegreen	Diatoms	Cryptophyta	#5	#6	#7	Yellow substances	Total conc.	Transmission	Depth	Temp. Sample	Green Algae	Bluegreen	Diatoms	Cryptophyta	#5	#6	#7	Yellow substances	Total cell count	Trans. 700 nm	LED 3 [525 nm]	LED 4 [570 nm]	LED 5 [610 nm]	LED 6 [370 nm]	LED 7 [590 nm]	LED 8 [470 nm]	Pressure	Temp. LEDs	Temp. Sensor
date	µg/l	µg/l	µg/l	µg/l	µg/l	µg/l	µg/l	r.u.	µg/l	%	m	°C	cells/ml	cells/ml	cells/ml	cells/ml	cells/ml	cells/ml	cells/ml	r.u.	cells/ml	digits	digits	digits	digits	digits	digits	digits	bar	°C	°C
9/29/2026 12:55:32 PM	11.61	0.97	4.94	0.24	0.00	0.00	0.00	0.00	17.77	83.33	0.08	20.62	6156	973	2224	7	0	0	0	0	9360	152.00	18.50	4.40	20.90	39.05	21.55	61.08	1.01	21.52	22.17
9/29/2026 12:55:35 PM	13.13	0.64	3.87	0.52	0.00	0.00	0.00	0.00	18.16	84.08	0.15	20.72	6961	638	1740	16	0	0	0	0	9353	153.35	17.71	5.10	20.69	40.97	21.18	62.31	1.01	21.55	22.16
9/29/2026 12:55:37 PM	13.17	0.79	4.72	0.54	0.00	0.00	0.00	0.00	19.22	82.17	0.28	20.70	6979	787	2126	16	0	0	0	0	9908	149.87	19.51	5.38	22.34	42.31	22.71	66.74	1.03	21.58	22.22
9/29/2026 12:55:40 PM	15.81	0.88	2.56	1.15	0.00	0.00	0.00	0.00	20.40	83.13	0.39	20.60	8380	879	1154	34	0	0	0	0	10447	151.63	18.77	3.22	22.89	46.46	26.68	67.90	1.04	21.63	22.22
9/29/2026 12:55:43 PM	14.94	0.00	3.62	1.26	0.00	0.00	0.00	0.00	19.82	82.82	0.45	20.55	7917	0	1631	38	0	0	0	0	9586	151.07	19.88	5.70	20.92	45.78	23.23	70.12	1.04	21.67	22.22
9/29/2026 12:55:46 PM	15.51	0.00	3.46	1.70	0.00	0.00	0.00	0.00	20.67	82.74	0.49	20.60	8219	0	1558	51	0	0	0	0	9827	150.91	20.59	6.38	22.33	45.61	25.32	74.65	1.05	21.72	22.27
9/29/2026 12:55:48 PM	17.22	0.00	2.00	2.07	0.00	0.00	0.00	0.00	21.28	82.53	0.55	20.61	9126	0	898	62	0	0	0	0	10086	150.53	19.77	6.33	23.49	47.92	26.38	75.00	1.05	21.76	22.34
9/29/2026 12:55:51 PM	16.94	0.00	2.93	1.88	0.00	0.00	0.00	0.00	21.75	82.49	0.59	20.65	8978	0	1320	56	0	0	0	0	10354	150.46	21.18	7.06	23.87	49.74	25.99	76.68	1.06	21.77	22.35
9/29/2026 12:55:53 PM	15.45	0.00	3.74	1.74	0.00	0.00	0.00	0.00	20.94	82.88	0.69	20.68	8188	0	1685	52	0	0	0	0	9925	151.17	21.69	5.62	22.76	47.44	25.83	74.83	1.07	21.82	22.35
9/29/2026 12:55:56 PM	16.60	0.00	3.19	2.12	0.00	0.00	0.00	0.00	21.91	82.52	0.78	20.34	8799	0	1436	64	0	0	0	0	10299	150.52	21.93	6.82	24.82	48.53	27.02	78.66	1.08	21.87	22.38
9/29/2026 12:55:59 PM	16.76	0.00	3.39	2.11	0.00	0.00	0.00	0.00	22.26	82.19	0.87	19.87	8885	0	1525	63	0	0	0	0	10473	149.91	22.67	5.88	24.34	50.19	28.01	79.40	1.09	21.90	22.35
9/29/2026 12:56:02 PM	16.29	0.04	4.10	1.91	0.00	0.00	0.00	0.00	22.35	82.29	0.98	19.66	8635	37	1846	57	0	0	0	0	10576	150.09	23.25	6.87	25.01	50.08	27.02	80.16	1.10	21.92	22.35
9/29/2026 12:56:05 PM	17.02	0.00	2.91	2.52	0.00	0.00	0.00	0.00	22.45	82.15	1.05	19.61	9023	0	1309	76	0	0	0	0	10407	149.83	23.27	6.94	25.19	51.92	28.77	78.97	1.10	21.94	22.40
9/29/2026 12:56:07 PM	16.71	0.18	3.54	2.30	0.00	0.00	0.00	0.00	22.72	83.02	1.11	19.72	8855	182	1591	69	0	0	0	0	10697	151.43	23.84	6.90	25.75	52.00	28.96	79.87	1.11	21.98	22.46
9/29/2026 12:56:10 PM	16.31	0.55	4.88	1.61	0.00	0.00	0.00	0.00	23.35	82.16	1.19	19.80	8646	546	2198	48	0	0	0	0	11438	149.85	24.68	6.25	26.35	52.72	28.90	81.64	1.12	22.02	22.50
9/29/2026 12:56:13 PM	16.95	0.00	3.95	2.19	0.00	0.00	0.00	0.00	23.09	82.51	1.24	19.88	8985	0	1776	66	0	0	0	0	10827	150.49	24.34	7.44	25.67	53.04	28.22	81.98	1.12	22.03	22.51
9/29/2026 12:56:16 PM	16.52	0.47	4.60	1.57	0.00	0.00	0.00	0.00	23.16	83.15	1.29	19.93	8756	474	2070	47	0	0	0	0	11347	151.66	24.06	6.78	26.05	52.75	28.02	80.72	1.13	22.06	22.50
9/29/2026 12:56:18 PM	17.24	0.41	4.16	1.95	0.00	0.00	0.00	0.00	23.76	82.86	1.34	19.96	9140	407	1873	58	0	0	0	0	11478	151.14	24.31	7.49	27.28	53.11	29.11	83.58	1.13	22.08	22.51
9/29/2026 12:56:21 PM	16.98	0.72	4.45	1.36	0.00	0.00	0.00	0.00	23.51	83.14	1.39	20.06	8998	718	2003	41	0	0	0	0	11761	151.65	23.62	6.10	26.49	53.25	28.65	80.85	1.14	22.11	22.53
9/29/2026 12:56:24 PM	16.87	0.54	3.59	1.90	0.00	0.00	0.00	0.00	22.90	82.46	1.49	20.11	8939	539	1618	57	0	0	0	0	11153	150.40	23.15	6.22	26.18	51.81	29.15	79.23	1.15	22.14	22.54
9/29/2026 12:56:27 PM	16.40	0.55	4.29	1.66	0.00	0.00	0.00	0.00	22.91	82.65	1.61	19.86	8695	553	1930	50	0	0	0	0	11227	150.76	23.80	6.50	25.94	52.45	28.43	79.16	1.16	22.15	22.54
9/29/2026 12:56:29 PM	16.17	0.38	3.86	1.89	0.00	0.00	0.00	0.00	22.31	82.70	1.66	19.61	8569	384	1738	57	0	0	0	0	10748	150.83	23.03	6.76	25.64	50.10	27.92	78.34	1.16	22.17	22.54
9/29/2026 12:56:32 PM	16.17	0.43	3.81	1.96	0.00	0.00	0.00	0.00	22.37	82.36	1.71	19.56	8568	433	1716	59	0	0	0	0	10776	150.22	23.39	6.27	25.49	51.03	28.63	77.80	1.17	22.21	22.59
9/29/2026 12:56:35 PM	16.53	0.45	3.92	1.79	0.00	0.00	0.00	0.00	22.69	82.44	1.83	19.49	8762	449	1765	54	0	0	0	0	11029	150.36	23.16	7.37	26.09	51.41	27.76	79.02	1.18	22.21	22.62
9/29/2026 12:56:37 PM	16.01	0.84	4.71	1.34	0.00	0.00	0.00	0.00	22.90	82.61	1.92	19.39	8484	842	2121	40	0	0	0	0	11486	150.68	23.48	6.18	26.51	50.92	28.39	79.14	1.19	22.24	22.61
9/29/2026 12:56:40 PM	15.63	0.48	3.87	1.61	0.00	0.00	0.00	0.00	21.58	82.82	1.97	19.37	8284	477	1740	48	0	0	0	0	10549	151.05	22.10	5.97	24.61	48.68	27.02	75.18	1.19	22.26	22.61
9/29/2026 12:56:43 PM	16.45	0.74	4.21	1.51	0.00	0.00	0.00	0.00	22.91	82.78	2.02	19.44	8718	743	1894	45	0	0	0	0	11400	150.99	23.13	6.10	26.37	51.19	28.62	79.12	1.20	22.28	22.69
9/29/2026 12:56:46 PM	15.97	0.50	4.22	1.55	0.00	0.00	0.00	0.00	22.24	82.66	2.11	19.54	8463	502	1898	46	0	0	0	0	10909	150.77	22.87	6.69	25.35	50.39	27.16	77.36	1.21	22.27	22.66
9/29/2026 12:56:48 PM	16.16	0.40	3.80	1.72	0.00	0.00	0.00	0.00	22.08	82.84	2.21	19.53	8563	401	1712	52	0	0	0	0	10727	151.09	22.48	6.49	25.13	49.89	27.29	77.12	1.22	22.29	22.64
9/29/2026 12:56:51 PM	16.88	0.25	2.75	2.05	0.00	0.00	0.00	0.00	21.93	82.87	2.30	19.52	8948	248	1239	61	0	0	0	0	10496	151.15	21.33	6.66	25.16	49.04	27.44	76.97	1.23	22.33	22.72
9/29/2026 12:56:54 PM	15.26	0.52	3.58	1.82	0.00	0.00	0.00	0.00	21.18	82.87	2.47	19.38	8086	522	1611	55	0	0	0	0	10273	151.14	21.94	6.33	24.72	47.77	27.24	73.53	1.24	22.32	22.67
9/29/2026 12:56:57 PM	14.97	0.91	4.70	0.92	0.00	0.00	0.00	0.00	21.50	82.67	2.52	19.41	7933	910	2116	28	0	0	0	0	10986	150.79	21.77	6.06	24.99	47.94	26.00	73.78	1.25	22.37	22.67
9/29/2026 12:56:59 PM	15.43	0.85	4.24	1.16	0.00	0.00	0.00	0.00	21.68	82.94	2.59	19.40	8175	846	1910	35	0	0	0	0	10966	151.28	21.69	6.16	25.28	48.30	26.61	74.45	1.25	22.37	22.67
9/29/2026 12:57:02 PM	15.01	0.85	4.66	1.06	0.00	0.00	0.00	0.00	21.58	82.75	2.65	19.35	7956	853	2095	32	0	0	0	0	10935	150.94	22.04	6.02	25.06	48.10	26.38	74.32	1.26	22.37	22.69
9/29/2026 12:57:04 PM	15.50	0.51	3.87	1.71	0.00	0.00	0.00	0.00	21.58	82.55	2.76	19.39	8213	515	1740	51	0	0	0	0	10518	150.57	22.22	6.34	25.04	48.22	27.24	75.40	1.27	22.38	22.69
9/29/2026 12:57:07 PM	15.92	0.71	3.11	1.90	0.00	0.00	0.00	0.00	21.63	82.77	2.89	19.31	8435	711	1397	57	0	0	0	0	10601	150.97	21.58	6.47	25.78	48.15	28.23	74.42	1.28	22.40	22.77
9/29/2026 12:57:10 PM	15.40	0.97	3.90	1.72	0.00	0.00	0.00	0.00	22.00	82.31	3.02	19.20	8164	974	1757	52	0	0	0	0	10947	150.12	22.60	6.93	26.78	48.56	28.65	75.40	1.30	22.42	22.75
9/29/2026 12:57:13 PM	15.49	1.22	3.89	1.61	0.00	0.00	0.00	0.00	22.21	82.51	3.10	19.12	8211	1216	1748	48	0	0	0	0	11224	150.49	22.55	6.62	27.25	48.99	29.32	75.02	1.30	22.42	22.75
9/29/2026 12:57:16 PM	15.32	1.39	4.05	1.42	0.00	0.00	0.00	0.00	22.18	82.61	3.22	19.12	8121	1388	1822	43	0	0	0	0	11372	150.67	22.36	6.88	27.56	48.74	29.03	74.38	1.32	22.42	22.72
9/29/2026 12:57:18 PM	15.52	1.38	3.73	1.48	0.00	0.00	0.00	0.00	22.11	82.57	3.30	19.02	8227	1381	1678	44	0	0	0	0	11330	150.60	22.05	6.80	27.39	49.00	29.10	73.67	1.32	22.42	22.72
9/29/2026 12:57:21 PM	14.90	2.00	3.32	1.07	0.00	0.00	0.00	0.00	21.29	82.22	3.35	19.00	7896	2003	1492	32	0	0	0	0	11423	149.96	20.33	6.65	27.55	47.27	28.75	67.69	1.33	22.45	22.80
9/29/2026 12:57:24 PM	14.65	2.02	3.44	0.92	0.00	0.00	0.00	0.00	21.03	82.41	3.38	19.03	7765	2020	1549	28	0	0	0	0	11362	150.30	20.02	6.48	27.19	46.59	28.18	66.85	1.33	22.45	22.75
9/29/2026 12:57:27 PM	14.92	2.03	3.03	1.04	0.00	0.00	0.00	0.00	21.02	82.47	3.40	19.06	7910	2027	1362	31	0	0	0	0	11330	150.43	19.73	6.37	27.17	46.88	28.54	66.26	1.33	22.46	22.79
9/29/2026 12:57:29 PM	15.13	2.05	3.27	0.95	0.00	0.00	0.00	0.00	21.40	82.26	3.43	19.06	8021	2047	1469	29	0	0	0	0	11567	150.03	20.13	6.24	27.40	47.77	28.78	67.59	1.34	22.46	22.80
9/29/2026 12:57:32 PM	14.90	2.37	3.84	0.58	0.00	0.00	0.00	0.00	21.70	82.27	3.47	19.20	7899	2370	1728	17	0	0	0	0	12014	150.06	20.24	6.71	28.36	47.65	28.58	68.06	1.34	22.47	22.79
9/29/2026 12:57:35 PM	15.19	1.90	3.33	1.15	0.00	0.00	0.00	0.00	21.57	82.43	3.53	19.34	8053	1895	1499	34	0	0	0	0	11481	150.35	20.67	6.58	27.57	48.02	28.99	69.04	1.35	22.50	22.83
9/29/2026 12:57:38 PM	15.12	2.25	3.30	0.65	0.00	0.00	0.00	0.00	21.32	82.24	3.65	19.29	8012	2251	1485	20	0	0	0	0	11768	150.00	19.37	6.61	27.74	47.07	28.05	66.71	1.36	22.47	22.85
9/29/2026 12:57:40 PM	14.19	2.27	2.75	0.68	0.00	0.00	0.00	0.01	19.89	82.04	3.74	19.05	7523	2266	1238	20	0	0	0	0	11047	149.64	18.04	6.14	26.24	44.77	27.07	60.97	1.37	22.51	22.82
9/29/2026 12:57:43 PM	14.43	2.29	2.40	0.77	0.00	0.00	0.00	0.00	19.89	82.28	3.85	18.85	7646	2290	1079	23	0	0	0	0	11038	150.07	17.60	6.21	26.47	44.25	27.28	60.76	1.38	22.52	22.83
9/29/2026 12:57:46 PM	14.21	2.77	2.51	0.36	0.00	0.00	0.00	0.06	19.86	81.71	3.90	18.68	7530	2773	1131	11	0	0	0	0	11446	149.04	17.04	5.94	27.13	44.48	27.45	59.29	1.38	22.52	22.85
9/29/2026 12:57:48 PM	14.37	3.08	2.54	0.29	0.00	0.00	0.00	0.10	20.28	81.48	3.96	18.65	7616	3079	1143	9	0	0	0	0	11847	148.62	17.29	5.93	28.19	45.56	28.49	60.02	1.39	22.53	22.87
9/29/2026 12:57:51 PM	14.72	3.25	2.18	0.47	0.00	0.00	0.00	0.10	20.62	81.22	3.98	18.60	7801	3250	982	14	0	0	0	0	12048	148.14	17.35	6.39	29.25	46.14	29.54	60.50	1.39	22.52	22.87
9/29/2026 12:57:54 PM	15.08	4.26	2.58	0.13	0.00	0.00	0.00	0.05	22.04	81.12	4.03	18.70	7992	4257	1159	4	0	0	0	0	13412	147.96	17.95	7.05	32.84	47.28	32.17	61.85	1.40	22.52	22.87
9/29/2026 12:57:57 PM	15.36	4.63	2.85	0.15	0.00	0.00	0.00	0.09	22.98	80.71	4.10	18.71	8138	4626	1280	4	0	0	0	0	14050	147.20	19.10	7.23	34.64	49.44	34.14	64.26	1.40	22.52	22.88
9/29/2026 12:58:00 PM	17.62	8.41	2.96	0.65	0.00	0.00	0.00	0.00	29.64	80.14	4.14	18.44	9336	8411	1332	20	0	0	0	0	19098	146.18	24.42	11.14	51.61	58.04	50.32	74.58	1.41	22.52	22.87
9/29/2026 12:58:02 PM	17.90	10.58	3.52	0.53	0.00	0.00	0.00	0.00	32.53	79.23	4.18	18.22	9485	10579	1583	16	0	0	0	0	21664	144.51	26.80	12.87	60.10	61.18	57.84	78.16	1.41	22.53	22.88
9/29/2026 12:58:05 PM	17.66	10.09	3.23	0.92	0.00	0.00	0.00	0.00	31.90	79.47	4.28	18.03	9360	10094	1453	27	0	0	0	0	20935	144.95	26.90	12.63	58.62	60.57	57.29	77.47	1.42	22.52	22.90
9/29/2026 12:58:08 PM	14.98	15.40	3.01	0.43	0.00	0.00	0.00	0.00	33.83	78.77	4.35	16.37	7941	15404	1354	13	0	0	0	0	24711	143.68	27.03	14.88	74.28	56.34	71.14	67.69	1.43	22.53	22.87
9/29/2026 12:58:10 PM	14.12	18.86	3.80	0.00	0.00	0.00	0.00	0.00	36.79	77.86	4.40	15.25	7485	18863	1711	0	0	0	0	0	28058	142.01	29.31	16.91	86.44	57.68	80.71	67.57	1.43	22.54	22.90
9/29/2026 12:58:13 PM	14.06	14.56	3.72	0.00	0.00	0.00	0.00	0.00	32.35	78.38	4.47	15.53	7454	14563	1675	0	0	0	0	0	23692	142.96	26.19	13.92	70.37	54.06	66.52	65.75	1.44	22.52	22.93
9/29/2026 12:58:16 PM	12.95	11.22	2.93	0.00	0.00	0.00	0.00	0.00	27.10	78.65	4.56	15.95	6863	11215	1321	0	0	0	0	0	19399	143.46	21.68	11.15	56.40	47.11	53.74	57.76	1.45	22.54	22.93
9/29/2026 12:58:19 PM	12.03	9.09	1.95	0.62	0.00	0.00	0.00	0.00	23.70	78.98	4.68	15.60	6378	9094	878	19	0	0	0	0	16368	144.05	19.49	9.58	48.17	42.39	47.55	52.55	1.46	22.51	22.87
9/29/2026 12:58:22 PM	10.28	6.58	1.84	0.44	0.00	0.00	0.00	0.00	19.15	79.02	4.82	15.32	5451	6585	826	13	0	0	0	0	12875	144.14	16.12	7.24	36.96	35.85	37.03	44.71	1.47	22.52	22.93
9/29/2026 12:58:24 PM	8.83	5.12	1.63	0.16	0.00	0.00	0.00	0.00	15.73	79.42	4.94	13.73	4680	5116	732	5	0	0	0	0	10533	144.85	12.95	6.03	29.77	29.86	29.45	37.68	1.48	22.49	22.91
9/29/2026 12:58:27 PM	8.99	5.44	1.85	0.00	0.00	0.00	0.00	0.00	16.29	79.43	5.00	13.72	4766	5442	834	0	0	0	0	0	11042	144.88	13.25	6.32	31.22	30.52	30.03	38.73	1.49	22.48	22.95
9/29/2026 12:58:29 PM	8.55	4.88	1.82	0.00	0.00	0.00	0.00	0.00	15.26	79.53	5.11	14.03	4534	4881	820	0	0	0	0	0	10235	145.06	12.61	5.84	28.61	29.19	27.91	36.84	1.50	22.49	22.91
9/29/2026 12:58:33 PM	8.29	4.44	1.60	0.12	0.00	0.00	0.00	0.00	14.45	79.31	5.26	13.68	4392	4442	722	4	0	0	0	0	9559	144.66	12.05	5.59	26.78	28.01	26.51	35.38	1.52	22.47	22.93
9/29/2026 12:58:35 PM	7.66	4.00	1.62	0.03	0.00	0.00	0.00	0.00	13.32	79.50	5.40	13.30	4062	4002	731	1	0	0	0	0	8796	145.01	11.17	5.10	24.48	25.99	24.22	32.95	1.53	22.46	22.93
9/29/2026 12:58:38 PM	6.46	3.89	1.02	0.00	0.00	0.00	0.00	0.03	11.37	78.82	5.55	12.73	3425	3887	461	0	0	0	0	0	7774	143.76	9.23	4.60	23.03	22.08	21.52	26.49	1.54	22.45	22.93
9/29/2026 12:58:41 PM	5.04	3.30	1.04	0.00	0.00	0.00	0.00	0.02	9.38	78.67	5.70	12.63	2673	3301	468	0	0	0	0	0	6441	143.49	8.03	3.86	19.39	18.14	18.81	21.66	1.56	22.41	22.98
9/29/2026 12:58:43 PM	4.71	3.21	0.94	0.00	0.00	0.00	0.00	0.04	8.85	78.41	5.79	12.46	2497	3207	421	0	0	0	0	0	6126	143.03	7.61	3.72	18.72	17.31	18.11	20.28	1.57	22.45	23.01
9/29/2026 12:58:46 PM	4.56	3.29	0.94	0.00	0.00	0.00	0.00	0.03	8.79	78.27	5.92	12.80	2417	3289	425	0	0	0	0	0	6130	142.76	7.59	3.72	18.92	16.95	18.25	19.79	1.58	22.41	22.91
9/29/2026 12:58:49 PM	4.14	3.22	0.87	0.00	0.00	0.00	0.00	0.05	8.22	77.94	6.00	12.75	2192	3221	390	0	0	0	0	0	5803	142.16	7.18	3.60	18.15	16.00	17.73	18.22	1.59	22.38	22.98
9/29/2026 12:58:52 PM	4.09	3.17	0.79	0.00	0.00	0.00	0.00	0.05	8.06	77.98	6.07	12.63	2167	3173	357	0	0	0	0	0	5697	142.24	6.94	3.60	17.89	15.58	17.42	17.72	1.59	22.38	22.93
9/29/2026 12:58:54 PM	3.90	3.11	0.73	0.00	0.00	0.00	0.00	0.05	7.74	77.76	6.17	12.55	2068	3108	327	0	0	0	0	0	5503	141.84	6.67	3.47	17.47	15.00	16.95	16.86	1.60	22.35	22.98
9/29/2026 12:58:57 PM	3.91	3.13	0.76	0.00	0.00	0.00	0.00	0.04	7.80	77.69	6.26	12.42	2074	3126	343	0	0	0	0	0	5543	141.70	6.73	3.50	17.54	14.91	17.09	16.93	1.61	22.35	22.93
9/29/2026 12:59:00 PM	2.96	2.99	0.60	0.00	0.00	0.00	0.00	0.10	6.55	77.35	6.45	12.29	1568	2990	270	0	0	0	0	0	4828	141.09	5.90	3.11	16.22	12.96	15.65	13.51	1.63	22.32	22.93
9/29/2026 12:59:03 PM	3.09	2.90	0.63	0.00	0.00	0.00	0.00	0.08	6.62	77.13	6.54	12.23	1639	2895	286	0	0	0	0	0	4820	140.69	5.95	3.12	16.13	13.02	15.33	13.93	1.64	22.31	23.03
9/29/2026 12:59:05 PM	2.90	2.76	0.66	0.00	0.00	0.00	0.00	0.11	6.32	77.03	6.69	12.23	1538	2757	297	0	0	0	0	0	4592	140.51	5.86	3.01	15.37	12.91	14.91	13.57	1.66	22.28	22.88
9/29/2026 12:59:08 PM	2.94	2.70	0.55	0.00	0.00	0.00	0.00	0.08	6.18	77.02	6.83	12.16	1556	2700	245	0	0	0	0	0	4501	140.49	5.53	3.08	15.07	12.37	14.59	13.06	1.67	22.26	22.91
9/29/2026 12:59:11 PM	2.70	2.60	0.58	0.00	0.00	0.00	0.00	0.09	5.87	76.79	6.96	12.12	1430	2596	260	0	0	0	0	0	4285	140.07	5.41	2.92	14.49	11.92	14.15	12.44	1.68	22.23	22.93
9/29/2026 12:59:14 PM	2.66	2.58	0.53	0.00	0.00	0.00	0.00	0.10	5.77	76.79	7.09	12.14	1412	2576	239	0	0	0	0	0	4226	140.07	5.30	2.82	14.29	11.84	14.09	12.21	1.69	22.21	22.93
9/29/2026 12:59:16 PM	2.73	2.50	0.51	0.00	0.00	0.00	0.00	0.09	5.74	76.56	7.21	12.10	1444	2504	230	0	0	0	0	0	4178	139.65	5.21	2.83	14.08	11.64	13.82	12.19	1.71	22.18	22.96
9/29/2026 12:59:19 PM	2.47	2.49	0.57	0.00	0.00	0.00	0.00	0.09	5.53	76.56	7.37	11.99	1310	2494	254	0	0	0	0	0	4058	139.65	5.19	2.77	13.83	11.27	13.71	11.63	1.72	22.16	22.87
9/29/2026 12:59:22 PM	2.58	2.48	0.54	0.00	0.00	0.00	0.00	0.09	5.60	76.47	7.47	11.98	1367	2483	242	0	0	0	0	0	4091	139.48	5.19	2.71	13.99	11.39	13.59	11.83	1.73	22.12	22.83
9/29/2026 12:59:24 PM	2.48	2.59	0.71	0.00	0.00	0.00	0.00	0.09	5.79	76.40	7.56	12.03	1315	2594	320	0	0	0	0	0	4228	139.35	5.56	2.81	14.21	11.65	14.34	12.23	1.74	22.12	22.87
9/29/2026 12:59:27 PM	2.67	2.53	0.56	0.00	0.00	0.00	0.00	0.08	5.77	76.63	7.64	12.25	1417	2529	253	0	0	0	0	0	4200	139.76	5.30	2.83	14.18	11.62	13.92	12.21	1.75	22.07	22.95
9/29/2026 12:59:30 PM	2.65	2.60	0.58	0.00	0.00	0.00	0.00	0.09	5.83	76.44	7.69	12.20	1404	2595	263	0	0	0	0	0	4262	139.43	5.38	2.88	14.37	11.72	14.19	12.26	1.75	22.06	22.98
9/29/2026 12:59:33 PM	2.69	2.57	0.58	0.00	0.00	0.00	0.00	0.08	5.84	76.55	7.73	12.15	1424	2567	262	0	0	0	0	0	4253	139.62	5.38	2.86	14.37	11.74	14.05	12.34	1.76	22.01	22.95
9/29/2026 12:59:35 PM	2.78	2.72	0.59	0.00	0.00	0.00	0.00	0.07	6.08	76.27	7.77	12.27	1475	2715	264	0	0	0	0	0	4454	139.12	5.54	2.92	15.19	11.89	14.41	12.60	1.76	21.98	22.83
9/29/2026 12:59:38 PM	2.84	2.60	0.58	0.00	0.00	0.00	0.00	0.07	6.02	76.36	7.84	12.55	1506	2599	262	0	0	0	0	0	4366	139.29	5.47	2.87	14.70	11.95	14.18	12.76	1.77	21.98	22.87
9/29/2026 12:59:41 PM	2.89	2.61	0.61	0.00	0.00	0.00	0.00	0.06	6.11	76.36	7.91	12.62	1530	2611	275	0	0	0	0	0	4416	139.28	5.55	2.85	14.80	11.98	14.29	12.96	1.77	21.96	22.82
9/29/2026 12:59:44 PM	2.73	2.56	0.61	0.00	0.00	0.00	0.00	0.07	5.90	76.32	8.03	12.54	1448	2565	274	0	0	0	0	0	4286	139.21	5.43	2.84	14.38	11.72	14.15	12.51	1.79	21.91	22.83
9/29/2026 12:59:46 PM	2.81	2.56	0.56	0.00	0.00	0.00	0.00	0.07	5.93	76.22	8.14	12.33	1489	2557	251	0	0	0	0	0	4297	139.02	5.36	2.83	14.38	11.74	14.12	12.54	1.80	21.87	22.87
9/29/2026 12:59:49 PM	2.68	2.52	0.58	0.00	0.00	0.00	0.00	0.08	5.78	76.19	8.29	12.20	1421	2519	262	0	0	0	0	0	4201	138.97	5.35	2.78	14.21	11.69	13.87	12.32	1.81	21.85	22.80
9/29/2026 12:59:52 PM	2.83	2.63	0.58	0.00	0.00	0.00	0.00	0.06	6.04	75.96	8.43	12.10	1500	2625	261	0	0	0	0	0	4386	138.55	5.47	2.90	14.88	11.83	14.14	12.67	1.83	21.82	22.77
9/29/2026 12:59:55 PM	2.72	2.49	0.57	0.00	0.00	0.00	0.00	0.07	5.78	76.00	8.62	11.99	1440	2494	258	0	0	0	0	0	4192	138.63	5.30	2.79	14.05	11.61	13.90	12.33	1.84	21.78	22.80
9/29/2026 12:59:57 PM	2.44	2.50	0.53	0.00	0.00	0.00	0.00	0.10	5.47	76.22	8.83	11.96	1292	2498	240	0	0	0	0	0	4030	139.02	5.11	2.72	13.74	11.16	13.73	11.42	1.87	21.76	22.80
9/29/2026 1:00:00 PM	2.60	2.51	0.62	0.00	0.00	0.00	0.00	0.07	5.73	76.00	8.94	11.94	1377	2514	279	0	0	0	0	0	4171	138.63	5.35	2.83	14.05	11.46	13.93	12.14	1.88	21.71	22.70
9/29/2026 1:00:03 PM	2.94	2.59	0.61	0.00	0.00	0.00	0.00	0.06	6.14	76.01	9.05	12.08	1560	2589	275	0	0	0	0	0	4424	138.64	5.55	2.91	14.78	12.07	14.23	13.12	1.89	21.69	22.75
9/29/2026 1:00:06 PM	2.92	2.58	0.62	0.00	0.00	0.00	0.00	0.05	6.12	75.84	9.19	12.21	1546	2582	277	0	0	0	0	0	4406	138.33	5.52	2.97	14.64	11.96	14.29	13.03	1.90	21.67	22.74
9/29/2026 1:00:09 PM	2.83	2.58	0.63	0.00	0.00	0.00	0.00	0.07	6.03	76.00	9.27	12.08	1498	2576	283	0	0	0	0	0	4357	138.63	5.53	2.88	14.55	11.96	14.24	12.88	1.91	21.62	22.80
9/29/2026 1:00:11 PM	2.75	2.62	0.66	0.00	0.00	0.00	0.00	0.07	6.02	75.92	9.43	12.10	1456	2618	295	0	0	0	0	0	4368	138.47	5.57	2.92	14.59	11.92	14.42	12.76	1.92	21.58	22.72
9/29/2026 1:00:14 PM	2.93	2.65	0.74	0.00	0.00	0.00	0.00	0.05	6.32	75.46	9.63	11.99	1552	2648	334	0	0	0	0	0	4534	137.64	5.83	2.98	14.94	12.26	14.72	13.55	1.94	21.55	22.72
9/29/2026 1:00:17 PM	5.42	3.48	1.93	0.00	0.00	0.00	0.00	0.00	10.82	72.09	9.70	11.87	2871	3483	866	0	0	0	0	0	7220	131.50	9.86	4.53	21.31	19.77	20.76	27.34	1.95	21.52	22.72
