Date/Time	Green Algae	Bluegreen	Diatoms	Cryptophyta	#5	#6	#7	Yellow substances	Total conc.	Transmission	Depth	Temp. Sample	Green Algae	Bluegreen	Diatoms	Cryptophyta	#5	#6	#7	Yellow substances	Total cell count	Trans. 700 nm	LED 3 [525 nm]	LED 4 [570 nm]	LED 5 [610 nm]	LED 6 [370 nm]	LED 7 [590 nm]	LED 8 [470 nm]	Pressure	Temp. LEDs	Temp. Sensor
date	µg/l	µg/l	µg/l	µg/l	µg/l	µg/l	µg/l	r.u.	µg/l	%	m	°C	cells/ml	cells/ml	cells/ml	cells/ml	cells/ml	cells/ml	cells/ml	r.u.	cells/ml	digits	digits	digits	digits	digits	digits	digits	bar	°C	°C
9/29/2026 10:45:47 AM	0.00	1.77	0.00	0.00	0.00	0.00	0.00	0.00	1.77	60.12	-0.79	20.75	0	1773	0	0	0	0	0	0	1773	109.68	2.22	1.38	9.16	1.36	8.28	0.34	0.92	20.55	20.79
9/29/2026 10:45:51 AM	0.00	1.65	0.00	0.00	0.00	0.00	0.00	0.00	1.65	59.63	-0.78	20.72	0	1651	0	0	0	0	0	0	1651	108.77	0.61	0.42	9.20	2.16	7.61	0.31	0.92	20.60	20.76
9/29/2026 10:45:53 AM	0.00	1.94	0.00	0.00	0.00	0.00	0.00	0.00	1.94	59.84	-0.78	20.77	0	1942	0	0	0	0	0	0	1942	109.17	0.32	1.03	10.81	2.01	8.17	-0.35	0.92	20.66	20.78
9/29/2026 10:45:56 AM	0.00	1.94	0.00	0.00	0.00	0.00	0.00	0.00	1.94	59.53	-0.84	20.76	0	1938	0	0	0	0	0	0	1938	108.59	-0.29	0.24	9.88	1.25	9.46	1.37	0.92	20.71	20.84
9/29/2026 10:45:58 AM	0.12	1.99	0.00	0.00	0.00	0.00	0.00	0.00	2.11	59.95	-0.78	20.72	63	1987	0	0	0	0	0	0	2050	109.36	0.17	0.93	11.09	2.55	8.34	1.09	0.92	20.75	20.84
9/29/2026 10:46:01 AM	0.08	1.95	0.00	0.00	0.00	0.00	0.00	0.00	2.03	60.01	-0.78	20.73	44	1948	0	0	0	0	0	0	1992	109.47	0.99	-0.21	10.97	2.39	8.17	0.89	0.92	20.81	20.84
9/29/2026 10:46:04 AM	0.00	2.12	0.00	0.00	0.00	0.00	0.00	0.02	2.12	59.95	-0.79	20.76	0	2121	0	0	0	0	0	0	2121	109.36	0.21	0.66	10.98	3.09	9.25	0.50	0.92	20.85	20.91
9/29/2026 10:46:06 AM	0.00	2.01	0.00	0.00	0.00	0.00	0.00	0.00	2.01	59.32	-0.79	20.73	0	2013	0	0	0	0	0	0	2013	108.21	0.60	0.49	10.48	1.36	9.20	0.59	0.92	20.89	20.91
9/29/2026 10:46:09 AM	0.00	2.06	0.00	0.00	0.00	0.00	0.00	0.00	2.06	59.54	-0.79	20.73	0	2064	0	0	0	0	0	0	2064	108.61	0.29	1.47	11.16	0.74	8.91	0.37	0.92	20.93	20.94
9/29/2026 10:46:12 AM	0.12	2.02	0.00	0.00	0.00	0.00	0.00	0.00	2.14	59.82	-0.78	20.73	63	2020	0	0	0	0	0	0	2083	109.13	1.17	0.80	10.01	2.77	9.52	0.86	0.92	21.00	20.89
9/29/2026 10:46:14 AM	0.00	1.88	0.00	0.00	0.00	0.00	0.00	0.00	1.88	59.61	-0.78	20.75	0	1883	0	0	0	0	0	0	1883	108.74	0.60	1.35	10.34	2.37	7.97	0.13	0.92	21.04	20.92
9/29/2026 10:46:18 AM	0.00	2.08	0.00	0.00	0.00	0.00	0.00	0.00	2.08	59.63	-0.79	20.75	0	2077	0	0	0	0	0	0	2077	108.78	0.26	0.86	11.31	2.06	8.66	0.27	0.92	21.05	20.97
9/29/2026 10:46:20 AM	0.00	2.17	0.00	0.00	0.00	0.00	0.00	0.00	2.17	59.58	-0.79	20.75	0	2171	0	0	0	0	0	0	2171	108.68	0.62	0.81	10.89	2.47	9.67	0.16	0.92	21.09	20.92
9/29/2026 10:46:23 AM	0.00	2.09	0.00	0.00	0.00	0.00	0.00	0.00	2.09	59.74	-0.79	20.75	0	2089	0	0	0	0	0	0	2089	108.98	0.73	0.89	10.96	1.38	9.16	0.58	0.92	21.15	21.05
9/29/2026 10:46:26 AM	0.00	1.86	0.00	0.00	0.00	0.00	0.00	0.00	1.86	59.71	-0.78	20.76	0	1860	0	0	0	0	0	0	1860	108.93	1.04	0.55	10.11	1.89	8.21	0.31	0.92	21.18	21.05
9/29/2026 10:46:28 AM	0.04	1.96	0.00	0.00	0.00	0.00	0.00	0.00	2.00	60.12	-0.79	20.76	21	1964	0	0	0	0	0	0	1986	109.67	0.53	0.32	10.51	2.55	8.65	0.64	0.92	21.21	21.05
9/29/2026 10:46:31 AM	0.00	2.15	0.00	0.00	0.00	0.00	0.00	0.00	2.15	59.84	-0.78	20.77	0	2146	0	0	0	0	0	0	2146	109.17	0.73	0.05	11.02	2.11	9.52	0.70	0.92	21.21	21.13
9/29/2026 10:46:34 AM	0.00	2.14	0.00	0.00	0.00	0.00	0.00	0.00	2.14	59.45	-0.79	20.76	0	2142	0	0	0	0	0	0	2142	108.45	1.52	0.29	11.67	2.09	8.60	0.66	0.92	21.25	21.05
9/29/2026 10:46:37 AM	0.00	1.93	0.00	0.00	0.00	0.00	0.00	0.00	1.93	59.47	-0.78	20.77	0	1932	0	0	0	0	0	0	1932	108.49	0.87	1.65	10.22	1.84	8.46	0.47	0.92	21.27	21.16
9/29/2026 10:46:39 AM	0.00	2.24	0.00	0.00	0.00	0.00	0.00	0.00	2.24	59.55	-0.79	20.75	0	2236	0	0	0	0	0	0	2236	108.63	0.62	0.69	11.36	2.51	9.70	0.00	0.92	21.30	21.08
9/29/2026 10:46:42 AM	0.00	2.04	0.00	0.00	0.00	0.00	0.00	0.00	2.04	59.65	-0.78	20.78	0	2045	0	0	0	0	0	0	2045	108.82	-0.96	1.77	11.10	1.88	8.72	0.82	0.92	21.34	21.16
9/29/2026 10:46:45 AM	0.00	2.34	0.00	0.00	0.00	0.00	0.00	0.06	2.34	59.91	-0.79	20.77	0	2340	0	0	0	0	0	0	2340	109.29	1.68	2.38	11.52	3.93	9.75	0.17	0.92	21.38	21.08
9/29/2026 10:46:48 AM	0.00	1.53	0.00	0.00	0.00	0.00	0.00	0.00	1.53	59.93	-0.79	20.76	0	1528	0	0	0	0	0	0	1528	109.32	0.70	1.78	8.96	1.85	6.73	0.15	0.92	21.40	21.11
9/29/2026 10:46:51 AM	0.27	1.34	0.00	0.00	0.00	0.00	0.00	0.01	1.61	59.89	-0.79	20.78	141	1345	0	0	0	0	0	0	1486	109.24	0.17	-0.13	8.60	2.74	6.61	1.20	0.92	21.41	21.18
9/29/2026 10:46:53 AM	0.00	1.43	0.00	0.00	0.00	0.00	0.00	0.00	1.43	59.85	-0.79	20.78	0	1430	0	0	0	0	0	0	1430	109.17	0.50	-0.01	8.29	1.70	7.17	-0.57	0.92	21.46	21.18
9/29/2026 10:46:56 AM	0.00	1.64	0.00	0.00	0.00	0.00	0.00	0.03	1.64	59.71	-0.78	20.78	0	1637	0	0	0	0	0	0	1637	108.93	1.22	1.00	9.66	2.63	6.81	0.44	0.92	21.50	21.26
9/29/2026 10:46:59 AM	0.04	1.60	0.00	0.00	0.00	0.00	0.00	0.02	1.64	54.83	-0.78	20.80	22	1598	0	0	0	0	0	0	1620	100.03	-0.90	-2.06	8.64	2.80	8.62	0.68	0.92	21.53	21.29
9/29/2026 10:47:02 AM	0.00	1.13	0.00	0.00	0.00	0.00	0.00	0.00	1.13	60.12	-0.79	20.79	0	1135	0	0	0	0	0	0	1135	109.68	0.87	0.56	7.55	1.27	5.64	-1.16	0.92	21.51	21.24
9/29/2026 10:47:04 AM	1.11	1.39	1.50	0.00	0.00	0.00	0.00	0.02	4.00	52.85	-0.66	20.52	586	1394	674	0	0	0	0	0	2654	96.42	5.50	1.87	9.16	8.37	10.28	10.05	0.94	21.55	21.26
9/29/2026 10:47:07 AM	14.59	1.97	9.12	7.97	0.00	0.00	0.00	0.00	33.66	67.47	-0.48	19.73	7733	1969	4106	239	0	0	0	0	14047	123.08	51.27	17.87	50.34	70.51	58.94	121.60	0.95	21.59	21.26
9/29/2026 10:47:10 AM	16.15	1.74	7.70	9.53	0.00	0.00	0.00	0.00	35.12	72.07	-0.30	19.27	8559	1735	3464	286	0	0	0	0	14044	131.46	53.27	19.65	53.36	73.27	63.52	127.64	0.97	21.62	21.31
9/29/2026 10:47:13 AM	16.00	1.76	8.44	9.33	0.00	0.00	0.00	0.00	35.54	72.05	-0.11	19.24	8481	1757	3800	280	0	0	0	0	14318	131.42	54.20	19.50	53.54	74.16	63.58	129.50	0.99	21.61	21.27
9/29/2026 10:47:15 AM	16.22	1.81	8.38	9.28	0.00	0.00	0.00	0.00	35.69	72.31	0.08	19.29	8595	1812	3770	278	0	0	0	0	14455	131.89	54.09	19.37	53.67	74.55	63.73	129.64	1.01	21.65	21.39
9/29/2026 10:47:18 AM	16.21	1.98	8.12	9.04	0.00	0.00	0.00	0.00	35.35	72.07	0.19	19.28	8589	1984	3652	271	0	0	0	0	14496	131.45	52.91	19.08	53.52	73.33	63.17	127.76	1.02	21.66	21.34
9/29/2026 10:47:21 AM	16.51	1.54	7.32	9.72	0.00	0.00	0.00	0.00	35.10	72.36	0.26	19.24	8751	1544	3295	292	0	0	0	0	13882	132.00	53.17	19.36	52.89	73.70	63.68	127.87	1.03	21.66	21.37
9/29/2026 10:47:23 AM	16.83	1.58	7.57	9.80	0.00	0.00	0.00	0.00	35.78	72.24	0.31	19.25	8922	1580	3406	294	0	0	0	0	14202	131.77	53.95	19.80	53.94	74.59	64.46	130.71	1.03	21.69	21.37
9/29/2026 10:47:26 AM	16.51	1.87	8.11	9.54	0.00	0.00	0.00	0.00	36.03	72.65	0.35	19.27	8748	1871	3649	286	0	0	0	0	14554	132.52	54.45	19.21	54.37	74.97	65.11	130.73	1.03	21.71	21.37
9/29/2026 10:47:29 AM	16.64	1.81	8.36	9.61	0.00	0.00	0.00	0.00	36.43	72.48	0.41	19.28	8820	1814	3763	288	0	0	0	0	14685	132.20	55.20	19.76	54.81	76.03	65.29	132.44	1.04	21.73	21.39
9/29/2026 10:47:32 AM	17.28	1.99	8.15	9.51	0.00	0.00	0.00	0.00	36.92	72.13	0.49	19.29	9157	1991	3666	285	0	0	0	0	15100	131.57	54.81	20.05	55.74	76.56	65.64	133.57	1.05	21.73	21.39
9/29/2026 10:47:34 AM	16.45	1.89	7.97	9.36	0.00	0.00	0.00	0.00	35.68	71.99	0.57	19.20	8720	1891	3588	281	0	0	0	0	14479	131.32	53.60	19.80	54.12	74.26	63.87	129.22	1.06	21.75	21.42
9/29/2026 10:47:37 AM	16.67	1.91	7.76	9.37	0.00	0.00	0.00	0.00	35.72	72.34	0.65	19.17	8835	1915	3492	281	0	0	0	0	14524	131.95	53.32	19.63	54.15	74.31	64.03	129.10	1.06	21.78	21.40
9/29/2026 10:47:40 AM	16.75	2.02	8.15	9.21	0.00	0.00	0.00	0.00	36.13	72.58	0.74	19.03	8880	2021	3667	276	0	0	0	0	14844	132.39	53.70	19.42	54.62	74.75	64.34	130.60	1.07	21.78	21.45
9/29/2026 10:47:43 AM	17.09	1.96	7.39	9.34	0.00	0.00	0.00	0.00	35.78	72.60	0.79	18.87	9059	1957	3326	280	0	0	0	0	14622	132.43	52.74	19.70	54.22	74.61	63.93	128.69	1.08	21.80	21.42
9/29/2026 10:47:46 AM	14.68	2.52	7.50	6.56	0.00	0.00	0.00	0.00	31.25	72.47	0.86	18.73	7779	2516	3376	197	0	0	0	0	13868	132.19	44.28	15.67	47.31	64.71	54.20	109.36	1.08	21.82	21.48
9/29/2026 10:47:48 AM	16.26	1.83	6.39	8.15	0.00	0.00	0.00	0.00	32.63	72.34	0.86	18.81	8617	1833	2874	245	0	0	0	0	13568	131.95	46.84	17.75	49.11	68.53	57.49	116.36	1.08	21.81	21.48
9/29/2026 10:47:51 AM	16.13	2.02	6.55	7.63	0.00	0.00	0.00	0.00	32.32	72.66	0.87	19.00	8548	2017	2946	229	0	0	0	0	13740	132.53	45.58	17.18	48.73	67.01	56.27	114.94	1.08	21.87	21.52
9/29/2026 10:47:54 AM	15.90	2.40	7.27	7.83	0.00	0.00	0.00	0.00	33.41	72.52	0.87	19.03	8427	2399	3273	235	0	0	0	0	14334	132.29	47.83	17.56	51.03	68.74	59.04	118.25	1.08	21.85	21.50
9/29/2026 10:47:57 AM	16.29	2.49	7.92	7.70	0.00	0.00	0.00	0.00	34.41	72.36	0.87	19.08	8635	2493	3565	231	0	0	0	0	14924	131.99	49.11	17.49	51.97	70.90	59.98	121.77	1.08	21.87	21.52
9/29/2026 10:47:59 AM	16.76	2.02	6.47	8.73	0.00	0.00	0.00	0.00	33.98	72.16	0.88	19.16	8885	2015	2913	262	0	0	0	0	14075	131.62	48.92	18.40	51.74	70.50	60.84	121.33	1.09	21.86	21.56
9/29/2026 10:48:02 AM	16.88	2.17	7.26	8.70	0.00	0.00	0.00	0.00	35.00	72.60	0.88	19.19	8946	2165	3267	261	0	0	0	0	14639	132.43	50.59	18.96	53.21	72.42	61.98	125.04	1.09	21.88	21.56
9/29/2026 10:48:05 AM	16.69	2.52	7.54	8.20	0.00	0.00	0.00	0.00	34.94	72.02	0.91	19.23	8843	2516	3394	246	0	0	0	0	14999	131.37	49.96	19.01	53.45	72.26	61.28	123.36	1.09	21.91	21.58
9/29/2026 10:48:08 AM	16.16	2.16	8.03	8.36	0.00	0.00	0.00	0.00	34.70	72.35	0.93	18.87	8566	2155	3614	251	0	0	0	0	14585	131.97	50.94	18.47	52.35	72.15	61.04	124.22	1.09	21.92	21.60
9/29/2026 10:48:10 AM	14.38	2.05	7.76	7.06	0.00	0.00	0.00	0.00	31.25	72.51	0.97	18.66	7622	2048	3492	212	0	0	0	0	13373	132.27	45.87	16.07	46.72	65.64	54.48	111.12	1.10	21.91	21.60
9/29/2026 10:48:13 AM	14.73	1.99	6.19	6.13	0.00	0.00	0.00	0.00	29.04	72.95	1.07	18.58	7806	1995	2784	184	0	0	0	0	12768	133.07	40.07	13.69	42.85	60.82	49.98	101.93	1.10	21.91	21.58
9/29/2026 10:48:16 AM	13.69	2.43	7.40	5.56	0.00	0.00	0.00	0.00	29.08	72.41	1.19	18.49	7254	2430	3330	167	0	0	0	0	13181	132.08	40.70	14.50	43.69	60.51	49.22	101.21	1.12	21.92	21.58
9/29/2026 10:48:18 AM	13.61	1.99	5.89	5.72	0.00	0.00	0.00	0.00	27.21	72.47	1.25	18.45	7213	1989	2651	172	0	0	0	0	12025	132.20	37.69	13.29	40.70	56.88	47.10	95.20	1.12	21.94	21.63
9/29/2026 10:48:21 AM	14.07	1.77	6.06	6.07	0.00	0.00	0.00	0.00	27.97	72.79	1.31	18.49	7456	1775	2727	182	0	0	0	0	12139	132.78	39.12	14.07	41.43	58.89	47.97	98.78	1.13	21.95	21.64
9/29/2026 10:48:24 AM	14.25	2.46	6.61	5.51	0.00	0.00	0.00	0.00	28.82	72.81	1.34	18.49	7552	2456	2972	165	0	0	0	0	13146	132.80	39.18	14.00	43.28	59.80	48.90	99.63	1.13	21.92	21.61
9/29/2026 10:48:27 AM	12.94	2.18	6.01	4.36	0.00	0.00	0.00	0.00	25.49	72.79	1.46	18.46	6857	2180	2706	131	0	0	0	0	11873	132.77	33.83	11.57	37.65	53.06	42.38	87.84	1.14	21.94	21.61
9/29/2026 10:48:29 AM	12.86	2.38	6.46	4.30	0.00	0.00	0.00	0.00	25.99	72.87	1.51	18.46	6815	2377	2906	129	0	0	0	0	12227	132.91	34.62	11.79	38.67	53.69	43.19	89.40	1.15	21.96	21.69
9/29/2026 10:48:32 AM	13.28	2.22	6.58	4.58	0.00	0.00	0.00	0.00	26.66	73.20	1.53	18.49	7039	2217	2961	138	0	0	0	0	12354	133.52	35.85	12.42	39.30	55.60	44.01	92.32	1.15	21.97	21.69
9/29/2026 10:48:35 AM	13.55	2.17	6.42	4.64	0.00	0.00	0.00	0.00	26.78	72.95	1.56	18.63	7181	2167	2889	139	0	0	0	0	12376	133.07	35.62	12.33	39.49	55.14	44.16	93.33	1.15	21.96	21.69
9/29/2026 10:48:38 AM	13.54	2.07	6.03	4.59	0.00	0.00	0.00	0.00	26.23	72.82	1.60	18.68	7177	2072	2714	138	0	0	0	0	12100	132.82	34.65	12.21	38.59	54.40	43.17	91.19	1.16	21.96	21.71
9/29/2026 10:48:41 AM	13.64	2.32	6.48	4.51	0.00	0.00	0.00	0.00	26.96	73.14	1.61	18.66	7231	2322	2917	135	0	0	0	0	12605	133.40	35.69	12.36	39.73	56.05	44.32	92.93	1.16	21.97	21.72
9/29/2026 10:48:43 AM	13.13	2.50	6.65	4.23	0.00	0.00	0.00	0.00	26.51	72.79	1.64	18.62	6960	2498	2993	127	0	0	0	0	12579	132.77	35.08	12.01	39.39	54.82	43.69	90.80	1.16	21.97	21.72
9/29/2026 10:48:46 AM	12.87	2.25	6.22	4.34	0.00	0.00	0.00	0.00	25.68	73.06	1.68	18.56	6823	2247	2799	130	0	0	0	0	12000	133.26	34.16	11.94	38.16	53.21	42.54	88.57	1.16	21.99	21.74
9/29/2026 10:48:49 AM	12.87	2.27	6.03	4.15	0.00	0.00	0.00	0.00	25.31	73.00	1.76	18.57	6820	2268	2712	125	0	0	0	0	11924	133.16	33.25	11.45	37.50	52.46	41.83	86.92	1.17	21.98	21.74
9/29/2026 10:48:52 AM	12.41	2.33	6.24	3.84	0.00	0.00	0.00	0.00	24.82	72.94	1.80	18.53	6580	2332	2808	115	0	0	0	0	11834	133.04	32.67	11.16	36.73	51.66	40.73	84.77	1.18	21.99	21.72
9/29/2026 10:48:54 AM	12.80	2.31	6.19	3.86	0.00	0.00	0.00	0.00	25.16	73.08	1.80	18.54	6785	2310	2786	116	0	0	0	0	11996	133.30	32.82	11.19	37.00	52.41	41.01	85.98	1.18	22.00	21.72
9/29/2026 10:48:57 AM	12.46	2.28	6.11	3.78	0.00	0.00	0.00	0.00	24.63	73.00	1.80	18.54	6604	2279	2747	114	0	0	0	0	11743	133.15	32.15	10.97	36.40	50.96	40.28	84.37	1.18	22.00	21.74
9/29/2026 10:49:00 AM	12.69	2.22	6.26	3.94	0.00	0.00	0.00	0.00	25.12	72.89	1.84	18.52	6728	2220	2816	118	0	0	0	0	11882	132.96	33.06	11.19	36.87	52.28	41.03	86.34	1.18	22.00	21.77
9/29/2026 10:49:03 AM	13.17	2.49	6.45	3.93	0.00	0.00	0.00	0.00	26.04	72.96	1.80	18.48	6982	2488	2903	118	0	0	0	0	12490	133.08	33.76	11.65	38.54	53.65	42.32	88.97	1.18	22.01	21.76
9/29/2026 10:49:06 AM	13.37	2.34	6.41	4.19	0.00	0.00	0.00	0.00	26.31	73.18	1.79	18.53	7086	2336	2885	126	0	0	0	0	12432	133.49	34.46	12.08	38.78	54.58	42.81	90.42	1.18	22.01	21.76
9/29/2026 10:49:08 AM	13.40	2.39	6.72	4.03	0.00	0.00	0.00	0.00	26.54	72.85	1.85	18.57	7100	2395	3023	121	0	0	0	0	12638	132.88	34.56	11.87	39.06	54.40	42.81	91.60	1.18	21.99	21.77
9/29/2026 10:49:11 AM	12.90	2.26	6.30	3.95	0.00	0.00	0.00	0.00	25.41	73.15	1.96	18.50	6839	2260	2833	118	0	0	0	0	12050	133.43	33.23	11.28	37.30	52.64	41.36	87.38	1.19	21.98	21.77
9/29/2026 10:49:14 AM	12.80	2.18	6.08	4.01	0.00	0.00	0.00	0.00	25.07	72.97	2.00	18.44	6783	2183	2738	120	0	0	0	0	11824	133.10	32.80	11.35	36.96	51.81	40.95	86.51	1.20	22.00	21.79
9/29/2026 10:49:17 AM	13.20	2.23	6.25	4.05	0.00	0.00	0.00	0.00	25.73	72.91	2.01	18.42	6995	2232	2812	122	0	0	0	0	12161	132.99	33.53	11.48	37.72	53.26	41.79	88.69	1.20	22.01	21.84
9/29/2026 10:49:19 AM	13.41	2.44	6.70	3.88	0.00	0.00	0.00	0.00	26.43	72.98	1.99	18.47	7107	2436	3016	116	0	0	0	0	12675	133.11	34.15	11.62	38.80	54.19	42.44	90.92	1.19	21.99	21.81
9/29/2026 10:49:22 AM	13.48	2.69	7.25	3.66	0.00	0.00	0.00	0.00	27.08	73.05	2.01	18.51	7144	2692	3262	110	0	0	0	0	13208	133.24	34.80	12.10	40.01	55.09	42.88	92.79	1.20	21.99	21.85
9/29/2026 10:49:25 AM	13.19	2.52	7.05	3.73	0.00	0.00	0.00	0.00	26.49	72.84	2.04	18.50	6990	2516	3175	112	0	0	0	0	12792	132.86	34.50	11.78	38.84	54.71	42.24	90.73	1.20	21.99	21.81
9/29/2026 10:49:28 AM	13.49	2.72	7.41	3.59	0.00	0.00	0.00	0.00	27.21	72.88	2.08	18.49	7148	2723	3335	108	0	0	0	0	13314	132.94	35.02	11.98	40.04	55.56	42.97	93.07	1.20	22.02	21.87
9/29/2026 10:49:31 AM	12.93	2.33	6.47	3.90	0.00	0.00	0.00	0.00	25.62	72.98	2.19	18.42	6854	2326	2911	117	0	0	0	0	12207	133.13	33.48	11.51	37.71	52.96	41.49	88.07	1.21	21.99	21.85
9/29/2026 10:49:33 AM	13.01	2.23	6.20	3.86	0.00	0.00	0.00	0.00	25.30	72.87	2.27	18.42	6893	2230	2791	116	0	0	0	0	12030	132.91	32.74	11.25	37.09	52.18	40.84	87.15	1.22	21.99	21.84
9/29/2026 10:49:36 AM	13.11	2.20	6.23	3.75	0.00	0.00	0.00	0.00	25.29	72.98	2.29	18.43	6947	2203	2804	113	0	0	0	0	12066	133.11	32.63	11.04	36.73	52.64	40.53	86.88	1.22	22.00	21.84
9/29/2026 10:49:39 AM	13.23	2.47	7.03	3.57	0.00	0.00	0.00	0.00	26.30	73.18	2.33	18.44	7012	2469	3163	107	0	0	0	0	12751	133.48	33.83	11.49	38.43	53.80	41.50	90.47	1.23	22.02	21.89
9/29/2026 10:49:41 AM	13.32	2.36	6.72	3.63	0.00	0.00	0.00	0.00	26.03	72.88	2.37	18.45	7060	2356	3025	109	0	0	0	0	12550	132.93	33.48	11.23	37.75	53.88	41.24	89.37	1.23	22.02	21.92
9/29/2026 10:49:45 AM	13.16	2.15	6.24	3.70	0.00	0.00	0.00	0.00	25.26	73.02	2.43	18.37	6977	2152	2808	111	0	0	0	0	12048	133.18	32.51	10.87	36.45	52.67	40.28	86.87	1.24	22.00	21.92
9/29/2026 10:49:47 AM	13.90	2.17	6.49	3.89	0.00	0.00	0.00	0.00	26.44	73.13	2.47	18.38	7364	2170	2921	117	0	0	0	0	12572	133.39	33.84	11.68	38.09	54.84	41.62	91.47	1.24	21.98	21.85
9/29/2026 10:49:50 AM	13.95	2.66	7.12	3.56	0.00	0.00	0.00	0.00	27.29	72.92	2.56	18.40	7391	2665	3204	107	0	0	0	0	13366	133.01	34.46	11.78	39.88	55.60	42.75	93.38	1.25	22.00	21.85
9/29/2026 10:49:53 AM	13.14	2.37	6.20	3.46	0.00	0.00	0.00	0.00	25.17	73.10	2.56	18.38	6963	2366	2792	104	0	0	0	0	12225	133.34	31.84	10.72	36.62	52.11	40.03	85.76	1.25	22.00	21.87
9/29/2026 10:49:55 AM	13.64	2.49	6.44	3.53	0.00	0.00	0.00	0.00	26.11	72.91	2.58	18.38	7230	2489	2900	106	0	0	0	0	12724	133.00	32.83	11.36	38.09	53.79	41.17	88.96	1.25	22.02	21.93
9/29/2026 10:49:58 AM	13.43	2.53	6.58	3.46	0.00	0.00	0.00	0.00	25.99	73.23	2.57	18.38	7116	2529	2959	104	0	0	0	0	12708	133.57	32.77	11.09	37.98	53.27	41.10	88.64	1.25	21.97	21.85
9/29/2026 10:50:01 AM	13.23	2.18	6.39	3.65	0.00	0.00	0.00	0.00	25.46	73.16	2.57	18.42	7014	2183	2877	110	0	0	0	0	12183	133.45	32.57	10.71	36.79	52.32	40.48	88.09	1.25	22.00	21.95
9/29/2026 10:50:04 AM	13.07	2.34	6.46	3.41	0.00	0.00	0.00	0.00	25.28	73.13	2.59	18.47	6926	2343	2908	102	0	0	0	0	12279	133.40	32.08	10.77	36.76	51.93	39.94	86.73	1.25	22.00	21.93
9/29/2026 10:50:06 AM	13.62	2.32	6.50	3.62	0.00	0.00	0.00	0.00	26.05	73.20	2.60	18.51	7217	2320	2923	109	0	0	0	0	12568	133.53	32.98	11.11	37.73	53.48	41.09	89.70	1.25	21.99	21.92
9/29/2026 10:50:09 AM	13.62	2.39	6.76	3.69	0.00	0.00	0.00	0.00	26.46	73.04	2.62	18.57	7220	2391	3044	111	0	0	0	0	12765	133.22	33.74	11.31	38.47	54.08	41.85	91.29	1.26	21.99	21.95
9/29/2026 10:50:12 AM	13.60	2.23	6.75	3.72	0.00	0.00	0.00	0.00	26.31	72.97	2.62	18.55	7209	2231	3037	112	0	0	0	0	12588	133.11	33.72	11.20	37.91	54.02	41.44	91.22	1.26	21.98	21.93
9/29/2026 10:50:15 AM	13.79	2.35	6.57	3.65	0.00	0.00	0.00	0.00	26.36	73.11	2.66	18.55	7310	2348	2956	110	0	0	0	0	12723	133.36	33.29	11.22	38.19	53.92	41.49	90.88	1.26	21.98	21.95
9/29/2026 10:50:18 AM	13.65	2.30	6.85	3.67	0.00	0.00	0.00	0.00	26.47	72.90	2.72	18.48	7233	2299	3083	110	0	0	0	0	12726	132.97	33.87	11.08	38.09	54.40	41.68	91.51	1.27	21.99	21.98
9/29/2026 10:50:20 AM	13.49	2.54	6.70	3.57	0.00	0.00	0.00	0.00	26.30	72.80	2.77	18.40	7150	2538	3016	107	0	0	0	0	12811	132.78	33.32	11.24	38.53	53.61	41.74	90.08	1.27	21.97	21.92
9/29/2026 10:50:23 AM	13.34	2.44	6.53	3.40	0.00	0.00	0.00	0.00	25.72	72.70	2.79	18.41	7073	2441	2938	102	0	0	0	0	12553	132.60	32.44	10.94	37.40	52.88	40.51	87.87	1.27	21.98	21.97
9/29/2026 10:50:26 AM	13.27	2.28	6.31	3.75	0.00	0.00	0.00	0.00	25.62	72.65	2.83	18.42	7035	2282	2838	113	0	0	0	0	12268	132.52	32.91	10.98	37.22	53.10	41.10	87.90	1.28	21.97	21.97
9/29/2026 10:50:28 AM	13.27	2.46	6.40	3.46	0.00	0.00	0.00	0.00	25.59	72.96	2.84	18.40	7035	2458	2879	104	0	0	0	0	12476	133.08	32.36	10.85	37.30	52.79	40.65	87.15	1.28	21.97	22.00
9/29/2026 10:50:31 AM	13.45	2.53	6.65	3.47	0.00	0.00	0.00	0.00	26.09	72.88	2.86	18.42	7127	2529	2991	104	0	0	0	0	12750	132.94	33.00	11.23	38.07	53.71	41.17	88.89	1.28	21.97	22.01
9/29/2026 10:50:34 AM	12.86	2.42	6.18	3.21	0.00	0.00	0.00	0.00	24.66	72.63	2.87	18.43	6815	2416	2780	96	0	0	0	0	12106	132.48	30.86	10.23	35.99	50.51	39.10	83.98	1.28	21.97	22.01
9/29/2026 10:50:36 AM	12.97	2.76	6.45	2.76	0.00	0.00	0.00	0.00	24.94	72.88	2.87	18.42	6874	2764	2904	83	0	0	0	0	12624	132.93	30.36	10.34	36.74	50.48	38.80	83.94	1.28	21.98	21.95
9/29/2026 10:50:39 AM	13.45	3.13	7.35	2.76	0.00	0.00	0.00	0.00	26.70	72.87	2.88	18.47	7129	3132	3308	83	0	0	0	0	13652	132.91	32.81	11.22	39.44	54.10	41.20	89.31	1.28	21.99	22.03
9/29/2026 10:50:42 AM	13.39	2.73	6.61	3.09	0.00	0.00	0.00	0.00	25.81	72.45	2.87	18.50	7095	2729	2973	93	0	0	0	0	12889	132.16	31.83	10.87	37.93	52.40	40.36	87.35	1.28	21.97	22.01
9/29/2026 10:50:45 AM	13.75	2.90	6.77	3.13	0.00	0.00	0.00	0.00	26.54	72.55	2.89	18.53	7287	2902	3045	94	0	0	0	0	13327	132.34	32.59	11.22	39.14	53.83	41.50	89.43	1.28	21.96	22.05
9/29/2026 10:50:47 AM	13.52	2.74	6.37	3.14	0.00	0.00	0.00	0.00	25.78	72.84	2.88	18.53	7165	2738	2868	94	0	0	0	0	12865	132.86	31.61	10.72	37.90	52.37	40.57	87.01	1.28	21.94	22.03
9/29/2026 10:50:50 AM	13.19	3.03	6.89	2.82	0.00	0.00	0.00	0.00	25.93	72.82	2.88	18.50	6989	3026	3102	85	0	0	0	0	13202	132.82	31.83	11.03	38.46	52.66	40.40	86.60	1.28	21.97	22.00
9/29/2026 10:50:53 AM	13.05	3.19	7.29	2.45	0.00	0.00	0.00	0.00	25.99	72.67	2.89	18.50	6919	3192	3280	74	0	0	0	0	13465	132.56	31.59	10.87	38.57	52.37	39.85	86.53	1.28	21.96	22.06
9/29/2026 10:50:56 AM	13.34	2.84	6.69	3.16	0.00	0.00	0.00	0.00	26.03	72.25	2.89	18.48	7073	2843	3009	95	0	0	0	0	13020	131.78	32.42	11.25	38.42	53.49	40.96	87.32	1.28	21.97	22.01
9/29/2026 10:50:59 AM	13.16	2.86	6.71	2.83	0.00	0.00	0.00	0.00	25.56	72.54	2.88	18.48	6973	2862	3020	85	0	0	0	0	12941	132.32	31.29	10.62	37.66	51.79	39.79	85.91	1.28	21.94	22.03
9/29/2026 10:51:01 AM	13.11	2.68	6.50	2.82	0.00	0.00	0.00	0.00	25.12	72.58	2.90	18.47	6950	2682	2925	85	0	0	0	0	12641	132.39	30.72	10.27	36.68	51.14	39.00	84.75	1.28	21.93	22.01
9/29/2026 10:51:04 AM	13.58	2.75	6.60	3.25	0.00	0.00	0.00	0.00	26.19	72.55	2.92	18.45	7199	2754	2969	98	0	0	0	0	13020	132.33	32.48	11.28	38.53	53.57	41.12	88.40	1.29	21.95	22.06
9/29/2026 10:51:07 AM	13.69	2.81	6.63	2.98	0.00	0.00	0.00	0.00	26.11	72.56	2.97	18.40	7257	2814	2983	89	0	0	0	0	13143	132.36	31.78	10.92	38.28	53.01	40.46	88.02	1.29	21.94	22.03
9/29/2026 10:51:10 AM	13.39	2.62	6.24	2.90	0.00	0.00	0.00	0.00	25.15	72.64	3.05	18.38	7098	2619	2810	87	0	0	0	0	12614	132.51	30.58	10.35	36.57	51.62	39.01	84.70	1.30	21.92	22.06
9/29/2026 10:51:13 AM	12.39	2.47	5.78	2.37	0.00	0.00	0.00	0.00	23.01	72.52	3.11	18.32	6567	2469	2601	71	0	0	0	0	11708	132.27	27.58	9.02	33.22	47.59	35.48	76.82	1.30	21.91	22.06
9/29/2026 10:51:15 AM	12.01	2.68	5.73	2.02	0.00	0.00	0.00	0.00	22.43	72.68	3.11	18.32	6363	2680	2577	61	0	0	0	0	11680	132.57	26.35	8.71	32.84	45.85	34.50	74.07	1.30	21.93	22.05
9/29/2026 10:51:18 AM	12.03	2.77	6.07	1.91	0.00	0.00	0.00	0.00	22.78	72.76	3.12	18.35	6376	2768	2734	57	0	0	0	0	11936	132.72	26.80	8.83	33.34	46.37	34.72	75.30	1.31	21.96	22.05
9/29/2026 10:51:21 AM	12.20	2.36	5.78	2.34	0.00	0.00	0.00	0.00	22.68	72.75	3.12	18.38	6465	2363	2599	70	0	0	0	0	11498	132.69	27.22	8.82	32.68	46.57	34.88	76.32	1.31	21.92	22.05
9/29/2026 10:51:24 AM	12.03	2.48	5.93	2.09	0.00	0.00	0.00	0.00	22.52	72.75	3.13	18.42	6374	2482	2667	63	0	0	0	0	11586	132.70	26.85	8.69	32.47	46.36	34.33	75.17	1.31	21.92	22.06
9/29/2026 10:51:26 AM	12.18	2.54	5.58	2.07	0.00	0.00	0.00	0.00	22.38	72.98	3.16	18.41	6456	2545	2510	62	0	0	0	0	11573	133.11	26.26	8.64	32.42	46.14	34.26	74.06	1.31	21.92	22.05
9/29/2026 10:51:29 AM	11.71	2.59	5.39	1.81	0.00	0.00	0.00	0.00	21.49	72.70	3.17	18.38	6204	2592	2424	54	0	0	0	0	11273	132.61	24.84	8.12	31.36	43.98	32.92	70.68	1.31	21.92	22.05
9/29/2026 10:51:32 AM	11.53	2.65	5.46	1.76	0.00	0.00	0.00	0.00	21.40	72.50	3.21	18.38	6109	2647	2459	53	0	0	0	0	11269	132.24	24.87	8.20	31.36	43.92	32.84	70.11	1.31	21.93	22.08
9/29/2026 10:51:35 AM	11.57	2.51	5.38	1.92	0.00	0.00	0.00	0.00	21.39	72.45	3.25	18.35	6133	2515	2423	58	0	0	0	0	11128	132.16	25.03	8.10	31.21	43.78	33.02	70.71	1.32	21.92	22.05
9/29/2026 10:51:38 AM	11.57	2.59	5.45	1.79	0.00	0.00	0.00	0.00	21.40	72.73	3.27	18.36	6130	2591	2452	54	0	0	0	0	11226	132.66	24.87	8.20	31.28	43.83	32.77	70.37	1.32	21.92	22.06
9/29/2026 10:51:40 AM	11.14	2.69	5.35	1.53	0.00	0.00	0.00	0.00	20.72	72.58	3.33	18.36	5907	2690	2406	46	0	0	0	0	11049	132.38	23.79	7.81	30.52	42.32	31.75	67.42	1.33	21.92	22.08
9/29/2026 10:51:43 AM	11.18	2.67	5.17	1.55	0.00	0.00	0.00	0.00	20.56	72.52	3.37	18.33	5923	2665	2327	46	0	0	0	0	10961	132.28	23.46	7.78	30.31	42.02	31.54	66.81	1.33	21.92	22.05
9/29/2026 10:51:46 AM	11.46	2.51	5.33	1.95	0.00	0.00	0.00	0.00	21.25	72.53	3.39	18.29	6076	2511	2397	58	0	0	0	0	11042	132.30	24.89	8.23	31.20	43.31	32.88	70.32	1.33	21.92	22.13
9/29/2026 10:51:49 AM	11.56	2.56	5.62	1.69	0.00	0.00	0.00	0.00	21.42	72.55	3.43	18.29	6127	2557	2527	51	0	0	0	0	11262	132.34	24.81	8.04	31.14	43.60	32.46	70.87	1.34	21.91	22.06
9/29/2026 10:51:51 AM	11.41	2.67	5.33	1.67	0.00	0.00	0.00	0.00	21.07	72.50	3.45	18.29	6047	2666	2396	50	0	0	0	0	11159	132.24	24.15	7.98	31.08	42.65	32.35	69.10	1.34	21.91	22.08
9/29/2026 10:51:54 AM	11.76	2.54	5.42	1.88	0.00	0.00	0.00	0.00	21.60	72.67	3.50	18.29	6233	2535	2440	56	0	0	0	0	11265	132.56	25.06	8.17	31.46	44.04	33.08	71.48	1.34	21.91	22.09
9/29/2026 10:51:57 AM	11.27	2.58	5.37	1.72	0.00	0.00	0.00	0.00	20.94	72.63	3.56	18.29	5974	2579	2417	52	0	0	0	0	11021	132.48	24.33	7.92	30.69	42.81	32.21	68.76	1.35	21.91	22.09
9/29/2026 10:51:59 AM	11.03	2.67	5.15	1.46	0.00	0.00	0.00	0.00	20.31	72.66	3.58	18.30	5844	2673	2316	44	0	0	0	0	10876	132.54	23.09	7.67	29.99	41.47	31.10	65.85	1.35	21.91	22.11
9/29/2026 10:52:02 AM	10.86	2.70	5.22	1.29	0.00	0.00	0.00	0.00	20.07	72.35	3.63	18.27	5753	2702	2347	39	0	0	0	0	10841	131.96	22.69	7.45	29.59	40.96	30.53	64.84	1.36	21.90	22.08
9/29/2026 10:52:05 AM	11.10	2.76	5.05	1.46	0.00	0.00	0.00	0.00	20.37	72.53	3.65	18.21	5885	2757	2271	44	0	0	0	0	10956	132.30	23.01	7.72	30.22	41.64	31.34	65.61	1.36	21.88	22.09
9/29/2026 10:52:08 AM	11.59	2.44	5.06	1.69	0.00	0.00	0.00	0.00	20.78	72.61	3.71	18.23	6142	2441	2276	51	0	0	0	0	10910	132.44	23.65	7.75	30.14	42.54	31.58	68.48	1.36	21.87	22.08
9/29/2026 10:52:10 AM	11.86	2.61	5.25	1.54	0.00	0.00	0.00	0.00	21.27	72.48	3.76	18.24	6286	2611	2365	46	0	0	0	0	11308	132.20	23.88	7.83	30.85	43.39	31.98	69.65	1.37	21.90	22.11
9/29/2026 10:52:13 AM	11.49	2.53	5.16	1.63	0.00	0.00	0.00	0.00	20.80	72.60	3.83	18.27	6089	2528	2320	49	0	0	0	0	10985	132.43	23.65	7.83	30.34	42.43	31.59	68.30	1.38	21.91	22.14
9/29/2026 10:52:16 AM	11.63	2.57	5.70	1.66	0.00	0.00	0.00	0.00	21.55	72.66	3.87	18.28	6165	2568	2563	50	0	0	0	0	11345	132.54	24.88	8.03	31.31	43.64	32.52	71.49	1.38	21.86	22.11
9/29/2026 10:52:19 AM	11.52	2.70	5.72	1.53	0.00	0.00	0.00	0.00	21.47	72.66	3.91	18.32	6104	2700	2576	46	0	0	0	0	11426	132.53	24.62	8.07	31.44	43.37	32.38	70.68	1.38	21.87	22.08
9/29/2026 10:52:21 AM	11.46	2.80	5.81	1.36	0.00	0.00	0.00	0.00	21.43	72.77	3.96	18.36	6072	2802	2614	41	0	0	0	0	11528	132.73	24.36	8.03	31.44	43.27	32.09	70.08	1.39	21.88	22.13
9/29/2026 10:52:24 AM	11.67	2.75	5.64	1.41	0.00	0.00	0.00	0.00	21.46	72.52	4.02	18.35	6186	2745	2536	42	0	0	0	0	11510	132.29	24.21	7.98	31.36	43.38	32.10	70.30	1.39	21.87	22.13
9/29/2026 10:52:27 AM	11.24	2.58	5.55	1.59	0.00	0.00	0.00	0.00	20.96	72.66	4.10	18.35	5958	2579	2496	48	0	0	0	0	11082	132.53	24.31	7.83	30.57	42.81	31.89	68.94	1.40	21.88	22.16
9/29/2026 10:52:30 AM	11.34	2.45	5.30	1.75	0.00	0.00	0.00	0.00	20.84	72.86	4.18	18.28	6012	2449	2383	52	0	0	0	0	10896	132.90	24.19	7.80	30.28	42.69	31.88	68.82	1.41	21.87	22.16
9/29/2026 10:52:32 AM	10.95	2.61	5.34	1.43	0.00	0.00	0.00	0.00	20.33	72.63	4.24	18.20	5801	2606	2404	43	0	0	0	0	10855	132.48	23.22	7.55	29.89	41.15	30.93	66.58	1.42	21.86	22.16
9/29/2026 10:52:35 AM	10.75	2.58	4.96	1.45	0.00	0.00	0.00	0.00	19.74	72.38	4.31	18.22	5698	2580	2231	44	0	0	0	0	10552	132.03	22.38	7.31	29.25	39.92	30.45	64.37	1.42	21.86	22.14
9/29/2026 10:52:38 AM	10.73	2.53	4.88	1.50	0.00	0.00	0.00	0.00	19.63	72.49	4.41	18.20	5687	2531	2194	45	0	0	0	0	10457	132.23	22.30	7.37	29.08	39.83	30.31	64.06	1.43	21.86	22.19
9/29/2026 10:52:40 AM	10.60	2.56	4.52	1.55	0.00	0.00	0.00	0.00	19.23	72.15	4.54	18.21	5619	2560	2034	47	0	0	0	0	10260	131.61	21.69	7.34	28.82	38.99	30.14	62.29	1.44	21.87	22.21
9/29/2026 10:52:43 AM	11.05	2.64	4.81	1.51	0.00	0.00	0.00	0.00	20.02	72.05	4.58	18.18	5856	2643	2166	45	0	0	0	0	10711	131.41	22.42	7.52	29.79	40.35	30.92	65.10	1.45	21.84	22.13
9/29/2026 10:52:46 AM	11.08	2.74	4.93	1.54	0.00	0.00	0.00	0.00	20.30	71.64	4.66	18.22	5875	2742	2220	46	0	0	0	0	10883	130.67	22.82	7.68	30.37	40.81	31.47	65.85	1.46	21.84	22.16
9/29/2026 10:52:49 AM	10.70	2.69	4.74	1.66	0.00	0.00	0.00	0.00	19.80	71.22	4.74	18.21	5673	2689	2132	50	0	0	0	0	10544	129.91	22.54	7.58	29.91	39.74	31.32	64.26	1.46	21.86	22.17
9/29/2026 10:52:51 AM	10.75	3.17	4.89	1.71	0.00	0.00	0.00	0.00	20.52	67.23	4.83	18.18	5695	3171	2201	51	0	0	0	0	11118	122.63	23.18	8.15	32.17	39.98	33.20	65.83	1.47	21.85	22.16
9/29/2026 10:52:54 AM	10.21	3.94	5.26	1.51	0.00	0.00	0.00	0.00	20.92	58.95	4.88	18.17	5410	3942	2368	45	0	0	0	0	11765	107.54	23.46	8.40	34.56	39.08	35.03	65.49	1.48	21.86	22.17
9/29/2026 10:52:57 AM	10.08	3.95	5.16	1.56	0.00	0.00	0.00	0.00	20.75	58.90	4.94	18.19	5341	3954	2322	47	0	0	0	0	11664	107.44	23.31	8.41	34.51	38.61	35.05	64.88	1.48	21.86	22.19
9/29/2026 10:53:00 AM	8.86	4.69	5.20	1.13	0.00	0.00	0.00	0.00	19.89	59.12	5.04	17.86	4697	4691	2340	34	0	0	0	0	11762	107.85	21.82	8.22	35.38	34.79	35.00	60.01	1.49	21.85	22.19
9/29/2026 10:53:03 AM	7.34	5.21	5.39	0.80	0.00	0.00	0.00	0.00	18.74	58.27	5.10	17.44	3890	5210	2423	24	0	0	0	0	11547	106.30	20.61	7.95	35.53	30.66	34.53	55.04	1.50	21.84	22.16
9/29/2026 10:53:05 AM	7.42	5.51	5.48	0.65	0.00	0.00	0.00	0.00	19.06	58.43	5.16	17.23	3932	5506	2468	20	0	0	0	0	11925	106.60	20.58	8.00	36.46	30.78	35.12	55.33	1.51	21.83	22.24
9/29/2026 10:53:08 AM	7.45	5.78	5.88	0.44	0.00	0.00	0.00	0.00	19.54	58.57	5.21	17.22	3949	5776	2645	13	0	0	0	0	12384	106.85	20.87	8.00	37.47	30.99	35.67	56.64	1.51	21.83	22.19
9/29/2026 10:53:11 AM	8.54	5.58	4.78	2.15	0.00	0.00	0.00	0.00	21.05	58.84	5.26	17.30	4524	5585	2151	64	0	0	0	0	12324	107.33	23.68	8.77	40.65	33.04	41.59	63.58	1.52	21.83	22.19
