Date/Time	Green Algae	Bluegreen	Diatoms	Cryptophyta	#5	#6	#7	Yellow substances	Total conc.	Transmission	Depth	Temp. Sample	Green Algae	Bluegreen	Diatoms	Cryptophyta	#5	#6	#7	Yellow substances	Total cell count	Trans. 700 nm	LED 3 [525 nm]	LED 4 [570 nm]	LED 5 [610 nm]	LED 6 [370 nm]	LED 7 [590 nm]	LED 8 [470 nm]	Pressure	Temp. LEDs	Temp. Sensor
date	µg/l	µg/l	µg/l	µg/l	µg/l	µg/l	µg/l	r.u.	µg/l	%	m	°C	cells/ml	cells/ml	cells/ml	cells/ml	cells/ml	cells/ml	cells/ml	r.u.	cells/ml	digits	digits	digits	digits	digits	digits	digits	bar	°C	°C
10/6/2026 1:37:13 PM	8.92	1.94	3.05	0.61	0.00	0.00	0.00	0.00	14.52	78.69	0.12	19.65	4726	1939	1373	18	0	0	0	0	8057	143.52	15.13	5.60	21.03	31.82	21.58	44.81	1.01	18.60	19.22
10/6/2026 1:37:15 PM	9.43	2.17	3.12	0.59	0.00	0.00	0.00	0.00	15.30	76.97	0.25	19.66	4997	2166	1404	18	0	0	0	0	8585	140.39	15.66	5.19	22.09	33.24	23.07	46.79	1.02	18.64	19.22
10/6/2026 1:37:19 PM	9.44	1.60	2.34	0.75	0.00	0.00	0.00	0.00	14.13	72.60	0.34	19.63	5003	1595	1052	23	0	0	0	0	7673	132.42	14.18	4.97	19.64	31.73	20.88	43.84	1.03	18.68	19.17
10/6/2026 1:37:21 PM	9.06	1.89	3.23	0.53	0.00	0.00	0.00	0.00	14.71	76.96	0.42	19.62	4802	1894	1453	16	0	0	0	0	8165	140.37	15.42	4.72	20.62	32.57	21.88	45.51	1.04	18.73	19.31
10/6/2026 1:37:24 PM	9.23	2.21	3.62	0.18	0.00	0.00	0.00	0.00	15.25	74.75	0.52	19.59	4892	2211	1631	5	0	0	0	0	8740	136.35	15.49	5.28	21.72	33.30	21.84	46.44	1.05	18.73	19.33
10/6/2026 1:37:27 PM	10.34	1.74	2.80	0.89	0.00	0.00	0.00	0.00	15.76	77.85	0.59	19.57	5480	1736	1260	27	0	0	0	0	8502	142.01	16.04	5.42	21.74	34.90	23.05	49.57	1.06	18.78	19.19
10/6/2026 1:37:29 PM	10.41	1.65	2.88	0.92	0.00	0.00	0.00	0.00	15.86	77.69	0.70	19.56	5519	1646	1294	28	0	0	0	0	8487	141.70	16.24	5.44	21.68	35.08	22.99	50.37	1.07	18.82	19.30
10/6/2026 1:37:32 PM	10.90	1.74	3.41	0.76	0.00	0.00	0.00	0.00	16.82	76.78	0.85	19.46	5779	1741	1534	23	0	0	0	0	9077	140.04	17.23	5.51	22.59	37.14	23.68	53.62	1.08	18.84	19.46
10/6/2026 1:37:35 PM	11.96	1.32	2.56	1.64	0.00	0.00	0.00	0.00	17.48	81.26	1.01	19.40	6339	1323	1152	49	0	0	0	0	8863	148.21	18.09	6.76	23.55	38.61	25.14	57.45	1.10	18.88	19.28
10/6/2026 1:37:38 PM	10.69	2.15	5.33	0.03	0.00	0.00	0.00	0.00	18.20	81.59	1.21	19.37	5665	2147	2400	1	0	0	0	0	10214	148.81	19.15	5.00	24.14	38.84	24.37	58.74	1.12	18.94	19.28
10/6/2026 1:37:41 PM	11.39	1.98	4.54	0.51	0.00	0.00	0.00	0.00	18.43	80.93	1.26	19.35	6037	1984	2042	15	0	0	0	0	10078	147.62	19.30	5.26	24.28	40.27	25.40	59.15	1.12	18.96	19.41
10/6/2026 1:37:43 PM	11.83	1.40	3.89	1.13	0.00	0.00	0.00	0.00	18.26	81.33	1.27	19.34	6271	1399	1751	34	0	0	0	0	9455	148.35	19.42	6.11	23.70	40.20	25.05	60.61	1.12	18.98	19.35
10/6/2026 1:37:46 PM	10.74	1.21	4.32	1.56	0.00	0.00	0.00	0.00	17.82	80.79	1.40	19.30	5692	1207	1942	47	0	0	0	0	8888	147.36	20.87	6.53	23.43	39.64	25.52	60.25	1.14	19.02	19.43
10/6/2026 1:37:49 PM	11.46	1.57	4.93	0.65	0.00	0.00	0.00	0.00	18.61	81.35	1.54	19.25	6075	1571	2220	19	0	0	0	0	9885	148.38	20.00	6.25	24.12	40.40	24.39	62.09	1.15	19.05	19.48
10/6/2026 1:37:52 PM	10.55	1.67	5.26	0.90	0.00	0.00	0.00	0.00	18.37	81.41	1.62	19.24	5590	1670	2366	27	0	0	0	0	9653	148.49	21.10	5.15	24.05	39.75	26.04	61.34	1.16	19.08	19.43
10/6/2026 1:37:54 PM	11.13	1.91	4.59	0.58	0.00	0.00	0.00	0.00	18.21	81.26	1.71	19.23	5901	1907	2065	18	0	0	0	0	9890	148.21	19.37	6.11	24.28	39.92	24.78	58.75	1.17	19.09	19.48
10/6/2026 1:37:57 PM	10.60	2.27	5.34	0.00	0.00	0.00	0.00	0.00	18.20	81.02	1.91	19.27	5618	2266	2401	0	0	0	0	0	10286	147.77	19.23	5.48	24.52	39.34	24.22	57.87	1.19	19.14	19.49
10/6/2026 1:38:00 PM	10.76	1.79	4.28	0.78	0.00	0.00	0.00	0.00	17.61	80.83	1.93	19.25	5700	1792	1926	24	0	0	0	0	9441	147.43	19.10	5.10	23.33	38.72	25.09	56.94	1.19	19.18	19.49
10/6/2026 1:38:03 PM	10.25	1.95	4.43	0.76	0.00	0.00	0.00	0.00	17.38	81.12	2.05	19.20	5433	1945	1992	23	0	0	0	0	9392	147.97	19.13	5.78	23.73	38.03	24.90	55.75	1.20	19.18	19.49
10/6/2026 1:38:06 PM	10.58	1.66	4.71	0.68	0.00	0.00	0.00	0.00	17.62	81.47	2.18	19.19	5605	1657	2120	20	0	0	0	0	9403	148.60	19.56	5.75	23.02	39.38	24.13	57.38	1.21	19.23	19.46
10/6/2026 1:38:08 PM	11.05	1.87	4.84	0.52	0.00	0.00	0.00	0.00	18.28	80.97	2.29	19.18	5857	1873	2178	16	0	0	0	0	9923	147.69	19.78	5.38	23.84	40.51	25.01	58.97	1.22	19.24	19.51
10/6/2026 1:38:11 PM	11.40	1.52	3.32	1.36	0.00	0.00	0.00	0.00	17.60	81.10	2.43	19.22	6044	1518	1496	41	0	0	0	0	9099	147.93	18.87	6.68	23.68	39.28	25.12	57.22	1.24	19.29	19.56
10/6/2026 1:38:14 PM	10.68	1.76	4.31	0.84	0.00	0.00	0.00	0.00	17.59	80.84	2.45	18.69	5661	1755	1939	25	0	0	0	0	9380	147.44	19.28	5.80	23.46	38.99	24.79	56.85	1.24	19.28	19.54
10/6/2026 1:38:16 PM	11.54	1.41	3.41	1.34	0.00	0.00	0.00	0.00	17.69	81.24	2.50	18.77	6118	1408	1533	40	0	0	0	0	9098	148.18	19.15	5.79	23.03	40.10	25.36	57.61	1.25	19.33	19.59
10/6/2026 1:38:19 PM	10.59	1.72	4.91	0.72	0.00	0.00	0.00	0.00	17.93	81.24	2.56	18.82	5612	1718	2208	22	0	0	0	0	9559	148.18	19.98	5.95	23.72	39.36	24.65	58.87	1.25	19.33	19.60
10/6/2026 1:38:22 PM	10.93	2.00	5.22	0.45	0.00	0.00	0.00	0.00	18.60	80.86	2.65	18.82	5793	2000	2351	13	0	0	0	0	10157	147.48	20.43	5.56	24.41	41.15	25.44	59.86	1.26	19.37	19.65
10/6/2026 1:38:24 PM	10.96	2.09	4.61	0.60	0.00	0.00	0.00	0.00	18.26	81.32	2.73	18.71	5810	2092	2073	18	0	0	0	0	9993	148.32	19.53	6.07	24.76	39.87	25.44	58.27	1.27	19.38	19.65
10/6/2026 1:38:28 PM	11.25	2.19	4.17	0.77	0.00	0.00	0.00	0.00	18.39	81.06	2.86	18.60	5963	2194	1876	23	0	0	0	0	10057	147.85	19.28	6.75	25.55	39.93	25.92	58.20	1.28	19.42	19.65
