Date/Time	Green Algae	Bluegreen	Diatoms	Cryptophyta	#5	#6	#7	Yellow substances	Total conc.	Transmission	Depth	Temp. Sample	Green Algae	Bluegreen	Diatoms	Cryptophyta	#5	#6	#7	Yellow substances	Total cell count	Trans. 700 nm	LED 3 [525 nm]	LED 4 [570 nm]	LED 5 [610 nm]	LED 6 [370 nm]	LED 7 [590 nm]	LED 8 [470 nm]	Pressure	Temp. LEDs	Temp. Sensor
date	µg/l	µg/l	µg/l	µg/l	µg/l	µg/l	µg/l	r.u.	µg/l	%	m	°C	cells/ml	cells/ml	cells/ml	cells/ml	cells/ml	cells/ml	cells/ml	r.u.	cells/ml	digits	digits	digits	digits	digits	digits	digits	bar	°C	°C
10/6/2026 2:08:24 PM	9.79	2.09	1.77	1.48	0.00	0.00	0.00	0.12	15.13	64.74	0.07	19.69	5190	2089	798	44	0	0	0	0	8121	118.09	15.97	6.02	22.80	35.20	25.05	46.31	1.01	18.42	19.46
10/6/2026 2:08:26 PM	9.81	2.24	2.38	1.68	0.00	0.00	0.00	0.00	16.11	66.16	0.14	19.67	5201	2236	1070	50	0	0	0	0	8558	120.68	17.60	6.33	24.37	35.20	26.92	49.16	1.01	18.48	19.54
10/6/2026 2:08:29 PM	10.56	2.71	2.54	0.74	0.00	0.00	0.00	0.00	16.55	68.54	0.22	19.64	5597	2710	1141	22	0	0	0	0	9470	125.02	15.85	5.31	24.72	35.11	26.00	49.03	1.02	18.52	19.44
10/6/2026 2:08:31 PM	10.17	2.37	3.31	1.13	0.00	0.00	0.00	0.00	16.97	70.20	0.30	19.67	5388	2366	1488	34	0	0	0	0	9276	128.05	18.12	7.04	25.20	36.74	26.02	52.25	1.03	18.52	19.64
10/6/2026 2:08:34 PM	12.63	1.98	2.18	1.33	0.00	0.00	0.00	0.00	18.12	76.59	0.38	19.64	6693	1982	979	40	0	0	0	0	9695	139.70	17.42	6.31	25.06	39.88	26.67	56.51	1.04	18.59	19.48
10/6/2026 2:08:37 PM	10.69	2.42	4.54	1.22	0.00	0.00	0.00	0.00	18.87	78.44	0.39	19.63	5667	2415	2044	37	0	0	0	0	10163	143.07	21.38	7.08	26.97	41.26	28.49	59.30	1.04	18.62	19.51
10/6/2026 2:08:40 PM	12.09	2.10	3.69	1.43	0.00	0.00	0.00	0.00	19.31	78.10	0.45	19.57	6409	2096	1661	43	0	0	0	0	10209	142.45	20.74	7.32	26.76	42.79	28.30	61.18	1.04	18.68	19.68
10/6/2026 2:08:42 PM	13.08	1.89	2.39	1.82	0.00	0.00	0.00	0.00	19.19	77.94	0.50	19.44	6934	1890	1078	55	0	0	0	0	9956	142.16	19.62	7.70	26.50	43.25	28.37	60.29	1.05	18.72	19.65
10/6/2026 2:08:45 PM	13.05	2.23	3.01	1.40	0.00	0.00	0.00	0.00	19.69	78.16	0.57	19.41	6916	2227	1356	42	0	0	0	0	10541	142.57	19.69	6.35	27.19	42.65	29.18	62.02	1.06	18.76	19.60
10/6/2026 2:08:48 PM	13.07	1.01	2.48	2.64	0.00	0.00	0.00	0.00	19.20	78.63	0.59	19.36	6929	1006	1115	79	0	0	0	0	9129	143.43	21.50	9.00	25.60	44.46	28.01	63.70	1.06	18.77	19.65
10/6/2026 2:08:51 PM	12.53	2.16	4.22	1.59	0.00	0.00	0.00	0.00	20.50	78.61	0.62	19.24	6642	2159	1900	48	0	0	0	0	10749	143.39	22.35	7.41	28.41	44.27	30.14	66.30	1.06	18.82	19.67
10/6/2026 2:08:53 PM	13.96	2.56	3.58	1.10	0.00	0.00	0.00	0.00	21.21	78.36	0.67	19.17	7398	2565	1612	33	0	0	0	0	11607	142.92	20.92	5.98	28.75	46.20	30.86	65.97	1.07	18.87	19.67
10/6/2026 2:08:56 PM	13.64	1.64	3.20	2.23	0.00	0.00	0.00	0.00	20.70	78.21	0.69	19.15	7228	1639	1438	67	0	0	0	0	10372	142.65	22.64	7.58	27.54	46.94	30.68	67.09	1.07	18.89	19.67
10/6/2026 2:08:59 PM	11.38	2.39	5.80	0.95	0.00	0.00	0.00	0.00	20.53	79.28	0.75	19.12	6032	2394	2612	28	0	0	0	0	11066	144.60	23.66	6.78	27.91	45.20	29.49	65.69	1.07	18.92	19.68
10/6/2026 2:09:01 PM	13.40	1.54	4.06	2.09	0.00	0.00	0.00	0.00	21.08	79.05	0.82	19.10	7101	1537	1828	63	0	0	0	0	10528	144.19	23.86	8.18	27.67	48.14	30.19	69.20	1.08	18.94	19.70
10/6/2026 2:09:05 PM	14.12	1.46	3.37	2.44	0.00	0.00	0.00	0.00	21.39	79.20	0.86	19.07	7483	1455	1518	73	0	0	0	0	10529	144.46	23.46	8.07	28.38	47.50	31.25	71.14	1.08	19.00	19.73
10/6/2026 2:09:07 PM	13.53	1.74	4.00	1.67	0.00	0.00	0.00	0.00	20.94	79.58	0.94	19.02	7170	1739	1800	50	0	0	0	0	10760	145.16	22.69	8.14	27.63	47.46	29.20	67.84	1.09	19.03	19.75
10/6/2026 2:09:10 PM	12.98	1.94	5.05	1.09	0.00	0.00	0.00	0.00	21.06	80.17	1.04	18.93	6880	1937	2273	33	0	0	0	0	11122	146.24	23.00	7.02	27.38	47.03	28.77	68.40	1.10	19.04	19.76
10/6/2026 2:09:13 PM	12.66	1.97	4.66	1.43	0.00	0.00	0.00	0.00	20.72	80.18	1.20	18.89	6708	1973	2097	43	0	0	0	0	10821	146.25	23.01	7.36	27.66	46.18	29.45	67.06	1.12	19.07	19.73
10/6/2026 2:09:15 PM	13.07	1.95	4.64	1.20	0.00	0.00	0.00	0.00	20.85	79.87	1.30	18.86	6926	1950	2087	36	0	0	0	0	10998	145.67	22.28	7.35	27.66	45.72	28.66	67.97	1.13	19.12	19.83
10/6/2026 2:09:18 PM	12.88	1.98	5.12	1.10	0.00	0.00	0.00	0.00	21.09	80.39	1.40	18.83	6828	1983	2305	33	0	0	0	0	11149	146.62	22.98	6.51	27.62	46.05	29.25	69.12	1.14	19.12	19.78
10/6/2026 2:09:21 PM	12.57	2.35	5.45	0.82	0.00	0.00	0.00	0.00	21.19	80.34	1.49	18.82	6664	2348	2453	25	0	0	0	0	11490	146.54	23.15	6.87	28.19	46.85	29.32	67.64	1.15	19.15	19.81
10/6/2026 2:09:24 PM	12.30	2.77	6.42	0.21	0.00	0.00	0.00	0.00	21.70	80.45	1.53	18.81	6517	2775	2888	6	0	0	0	0	12186	146.74	23.36	7.24	29.41	46.75	28.94	68.89	1.15	19.18	19.80
10/6/2026 2:09:26 PM	13.53	1.75	4.07	1.64	0.00	0.00	0.00	0.00	20.98	80.46	1.59	18.84	7169	1750	1830	49	0	0	0	0	10798	146.76	22.63	6.83	27.39	46.76	29.85	68.50	1.16	19.22	19.81
10/6/2026 2:09:29 PM	12.76	1.98	5.45	0.73	0.00	0.00	0.00	0.00	20.92	80.42	1.65	18.85	6761	1978	2454	22	0	0	0	0	11215	146.69	22.60	6.49	26.97	46.12	27.92	68.30	1.16	19.24	19.83
10/6/2026 2:09:32 PM	12.69	1.81	4.91	1.47	0.00	0.00	0.00	0.00	20.87	80.39	1.72	18.83	6725	1810	2207	44	0	0	0	0	10787	146.63	23.54	7.75	27.53	46.86	29.11	68.23	1.17	19.29	19.91
10/6/2026 2:09:34 PM	11.50	2.32	6.36	0.66	0.00	0.00	0.00	0.00	20.83	80.31	1.79	18.82	6094	2319	2861	20	0	0	0	0	11294	146.48	23.86	7.18	27.93	45.62	28.47	67.50	1.18	19.28	19.86
10/6/2026 2:09:37 PM	11.29	2.74	6.79	0.18	0.00	0.00	0.00	0.00	21.01	80.12	1.88	18.81	5985	2739	3057	6	0	0	0	0	11786	146.13	23.70	6.56	28.35	45.82	28.67	66.57	1.18	19.30	19.86
10/6/2026 2:09:39 PM	11.19	2.56	6.74	0.31	0.00	0.00	0.00	0.00	20.80	80.68	1.98	18.78	5930	2557	3035	9	0	0	0	0	11531	147.16	23.66	7.34	28.21	45.29	27.96	66.71	1.19	19.34	19.89
10/6/2026 2:09:42 PM	12.08	1.97	5.18	1.08	0.00	0.00	0.00	0.00	20.32	80.23	2.06	18.78	6404	1966	2333	33	0	0	0	0	10735	146.34	22.70	6.23	26.74	44.64	28.65	66.39	1.20	19.38	19.94
10/6/2026 2:09:45 PM	12.87	1.78	4.17	1.48	0.00	0.00	0.00	0.00	20.30	80.62	2.15	18.76	6823	1776	1877	44	0	0	0	0	10520	147.04	22.15	7.30	26.76	45.74	28.58	65.74	1.21	19.39	19.93
10/6/2026 2:09:48 PM	12.72	1.88	4.52	1.26	0.00	0.00	0.00	0.00	20.39	81.05	2.24	18.72	6743	1884	2035	38	0	0	0	0	10700	147.84	21.94	6.83	27.09	44.41	28.53	66.82	1.22	19.41	19.94
10/6/2026 2:09:50 PM	12.43	2.29	5.26	0.91	0.00	0.00	0.00	0.00	20.89	81.07	2.27	18.69	6587	2287	2368	27	0	0	0	0	11269	147.88	22.73	6.69	28.01	45.47	29.22	67.26	1.22	19.44	19.96
10/6/2026 2:09:53 PM	12.86	2.23	5.38	0.75	0.00	0.00	0.00	0.00	21.22	80.69	2.34	18.70	6815	2231	2420	23	0	0	0	0	11488	147.18	22.54	7.22	28.29	45.84	28.52	68.87	1.23	19.44	19.94
10/6/2026 2:09:56 PM	12.41	2.19	5.84	0.77	0.00	0.00	0.00	0.00	21.22	80.37	2.39	18.70	6579	2194	2628	23	0	0	0	0	11425	146.59	23.50	6.84	27.93	46.57	28.86	68.90	1.23	19.47	19.97
10/6/2026 2:09:59 PM	12.11	2.27	6.09	0.60	0.00	0.00	0.00	0.00	21.06	80.82	2.49	18.69	6416	2273	2739	18	0	0	0	0	11445	147.42	23.31	6.43	27.81	45.63	28.64	68.55	1.24	19.50	19.97
10/6/2026 2:10:01 PM	12.52	2.34	6.01	0.62	0.00	0.00	0.00	0.00	21.50	80.54	2.52	18.65	6636	2343	2706	19	0	0	0	0	11704	146.91	23.50	7.00	28.54	46.65	28.97	69.67	1.25	19.50	19.97
10/6/2026 2:10:04 PM	12.33	2.19	5.43	1.04	0.00	0.00	0.00	0.00	20.99	80.59	2.55	18.64	6536	2191	2445	31	0	0	0	0	11203	147.00	23.36	6.72	28.00	45.88	29.52	68.12	1.25	19.53	19.96
10/6/2026 2:10:07 PM	11.47	2.12	5.68	1.11	0.00	0.00	0.00	0.00	20.39	80.97	2.59	18.64	6079	2123	2555	33	0	0	0	0	10791	147.68	23.55	6.89	27.52	44.46	29.05	66.63	1.25	19.54	19.97
10/6/2026 2:10:10 PM	11.55	2.58	5.56	0.76	0.00	0.00	0.00	0.00	20.45	80.91	2.64	18.65	6124	2577	2504	23	0	0	0	0	11227	147.58	22.76	6.50	28.08	44.48	29.35	64.75	1.26	19.59	20.05
10/6/2026 2:10:12 PM	12.12	2.32	5.11	0.85	0.00	0.00	0.00	0.00	20.40	80.58	2.68	18.62	6425	2319	2299	25	0	0	0	0	11068	146.98	22.13	6.54	27.53	44.48	28.72	65.25	1.26	19.59	19.99
10/6/2026 2:10:15 PM	12.03	2.05	4.64	1.30	0.00	0.00	0.00	0.00	20.03	80.80	2.73	18.61	6375	2054	2089	39	0	0	0	0	10557	147.37	22.15	6.85	27.21	43.64	28.90	65.00	1.27	19.62	20.04
10/6/2026 2:10:18 PM	11.94	2.53	5.34	0.59	0.00	0.00	0.00	0.00	20.40	80.66	2.80	18.60	6329	2530	2403	18	0	0	0	0	11279	147.11	21.86	6.38	27.82	43.94	28.58	64.82	1.27	19.63	20.09
10/6/2026 2:10:20 PM	11.72	2.29	4.89	0.87	0.00	0.00	0.00	0.00	19.77	80.68	2.87	18.59	6211	2292	2202	26	0	0	0	0	10731	147.15	21.46	6.64	27.01	43.03	28.03	63.12	1.28	19.64	20.09
10/6/2026 2:10:23 PM	11.14	2.38	5.18	0.88	0.00	0.00	0.00	0.00	19.58	80.75	2.94	18.61	5905	2377	2332	26	0	0	0	0	10640	147.28	21.86	6.74	27.14	42.47	28.20	62.46	1.29	19.67	20.10
10/6/2026 2:10:26 PM	11.10	2.36	5.13	0.70	0.00	0.00	0.00	0.00	19.29	80.90	2.99	18.56	5884	2358	2307	21	0	0	0	0	10570	147.57	21.20	6.25	26.47	41.85	27.50	61.35	1.29	19.69	20.13
10/6/2026 2:10:29 PM	11.35	2.44	4.68	0.58	0.00	0.00	0.00	0.00	19.05	80.83	3.06	18.56	6017	2435	2107	17	0	0	0	0	10577	147.43	20.09	6.05	26.26	41.18	27.07	59.90	1.30	19.70	20.12
10/6/2026 2:10:31 PM	11.16	2.39	4.63	0.66	0.00	0.00	0.00	0.00	18.84	80.88	3.08	18.55	5913	2391	2084	20	0	0	0	0	10407	147.52	20.15	6.30	26.06	41.10	26.89	59.09	1.30	19.72	20.09
10/6/2026 2:10:34 PM	10.56	2.28	4.42	0.86	0.00	0.00	0.00	0.00	18.12	80.32	3.26	18.55	5598	2283	1988	26	0	0	0	0	9894	146.51	19.83	6.11	25.41	39.32	26.69	57.19	1.32	19.74	20.10
10/6/2026 2:10:37 PM	10.24	2.45	4.68	0.84	0.00	0.00	0.00	0.00	18.22	80.86	3.35	18.58	5426	2454	2106	25	0	0	0	0	10010	147.48	20.25	6.41	26.06	39.16	27.12	57.27	1.33	19.77	20.15
10/6/2026 2:10:40 PM	10.58	2.43	4.50	0.92	0.00	0.00	0.00	0.00	18.43	80.78	3.41	18.57	5608	2435	2025	28	0	0	0	0	10095	147.34	20.35	6.23	26.10	40.04	27.57	57.71	1.33	19.75	20.15
10/6/2026 2:10:43 PM	10.87	2.21	4.23	1.16	0.00	0.00	0.00	0.00	18.48	80.58	3.44	18.59	5762	2208	1906	35	0	0	0	0	9911	146.97	20.45	6.51	25.95	40.26	27.57	58.65	1.34	19.78	20.13
10/6/2026 2:10:45 PM	10.60	2.37	4.63	0.82	0.00	0.00	0.00	0.00	18.42	80.73	3.49	18.59	5618	2374	2081	25	0	0	0	0	10098	147.24	20.22	6.24	25.92	39.77	27.07	58.12	1.34	19.79	20.17
10/6/2026 2:10:48 PM	10.38	2.77	4.35	0.95	0.00	0.00	0.00	0.00	18.46	80.42	3.58	18.58	5503	2775	1959	29	0	0	0	0	10265	146.68	20.28	6.74	27.17	39.74	28.36	56.57	1.35	19.80	20.18
10/6/2026 2:10:51 PM	10.55	2.48	4.17	1.23	0.00	0.00	0.00	0.00	18.42	80.30	3.60	18.58	5591	2481	1875	37	0	0	0	0	9983	146.47	20.53	6.62	26.69	39.80	28.45	57.56	1.35	19.85	20.23
10/6/2026 2:10:54 PM	10.52	2.74	4.67	0.82	0.00	0.00	0.00	0.00	18.75	80.39	3.62	18.57	5574	2738	2101	25	0	0	0	0	10438	146.63	20.53	6.44	27.19	40.01	28.30	58.11	1.35	19.84	20.21
10/6/2026 2:10:56 PM	10.55	2.51	4.18	1.16	0.00	0.00	0.00	0.00	18.39	80.42	3.68	18.58	5590	2507	1882	35	0	0	0	0	10014	146.69	20.33	6.91	26.80	39.58	28.10	57.44	1.36	19.84	20.23
10/6/2026 2:10:59 PM	11.17	2.77	4.08	1.19	0.00	0.00	0.00	0.00	19.22	80.58	3.72	18.54	5921	2769	1838	36	0	0	0	0	10563	146.98	20.83	6.97	28.10	41.43	29.63	59.07	1.36	19.89	20.23
10/6/2026 2:11:02 PM	12.74	3.55	3.91	1.22	0.00	0.00	0.00	0.00	21.42	79.50	3.81	18.37	6752	3549	1759	37	0	0	0	0	12096	145.01	21.91	7.68	32.16	45.30	33.42	63.92	1.37	19.89	20.26
10/6/2026 2:11:04 PM	13.58	3.81	4.28	1.27	0.00	0.00	0.00	0.00	22.94	79.20	3.85	18.36	7199	3807	1928	38	0	0	0	0	12971	144.46	23.43	8.47	34.44	48.30	35.33	68.64	1.38	19.91	20.28
10/6/2026 2:11:07 PM	15.32	3.73	3.48	2.02	0.00	0.00	0.00	0.00	24.54	78.60	3.90	18.34	8117	3726	1566	61	0	0	0	0	13470	143.36	24.87	9.02	36.44	52.24	38.57	73.94	1.38	19.92	20.28
10/6/2026 2:11:10 PM	17.73	4.98	4.23	3.26	0.00	0.00	0.00	0.00	30.20	77.90	4.00	18.25	9395	4985	1905	98	0	0	0	0	16383	142.09	32.18	12.37	46.82	63.23	49.79	90.43	1.39	19.92	20.25
10/6/2026 2:11:13 PM	16.84	6.73	4.15	6.43	0.00	0.00	0.00	0.00	34.15	76.79	4.07	18.14	8926	6729	1868	193	0	0	0	0	17717	140.07	42.12	17.92	59.62	70.39	66.22	99.66	1.40	19.94	20.26
10/6/2026 2:11:15 PM	15.50	5.91	4.14	3.76	0.00	0.00	0.00	0.00	29.32	77.15	4.20	17.79	8217	5910	1865	113	0	0	0	0	16104	140.72	32.98	13.57	49.30	60.30	52.74	84.53	1.41	19.94	20.29
10/6/2026 2:11:18 PM	11.39	5.13	2.98	2.26	0.00	0.00	0.00	0.00	21.77	77.75	4.32	17.44	6039	5135	1341	68	0	0	0	0	12582	141.82	23.43	9.86	38.22	44.17	40.41	59.82	1.42	19.98	20.31
10/6/2026 2:11:21 PM	8.83	14.50	1.72	0.00	0.00	0.00	0.00	0.00	25.06	76.03	4.52	16.95	4681	14504	776	0	0	0	0	0	19961	138.69	19.19	12.17	64.90	37.13	59.01	40.16	1.44	19.96	20.29
10/6/2026 2:11:24 PM	8.68	13.71	2.06	0.00	0.00	0.00	0.00	0.00	24.45	75.92	4.58	17.23	4598	13714	929	0	0	0	0	0	19241	138.47	19.31	11.80	61.77	37.22	56.99	40.63	1.45	19.97	20.31
10/6/2026 2:11:26 PM	8.65	12.90	2.45	0.00	0.00	0.00	0.00	0.00	24.00	75.79	4.66	17.41	4586	12901	1103	0	0	0	0	0	18590	138.25	19.49	11.49	58.56	37.39	55.29	41.95	1.46	19.99	20.34
10/6/2026 2:11:29 PM	9.21	15.75	2.00	0.00	0.00	0.00	0.00	0.00	26.96	76.13	4.80	17.37	4880	15751	902	0	0	0	0	0	21532	138.85	20.91	13.20	69.89	40.01	63.80	42.66	1.47	20.00	20.36
10/6/2026 2:11:32 PM	9.78	26.59	0.00	0.00	0.00	0.00	0.00	0.00	36.37	75.42	4.90	17.33	5184	26589	0	0	0	0	0	0	31773	137.57	24.38	18.76	109.90	44.82	96.59	39.69	1.48	20.03	20.36
10/6/2026 2:11:35 PM	7.90	32.19	0.00	0.00	0.00	0.00	0.00	0.00	40.09	75.00	5.00	16.67	4188	32190	0	0	0	0	0	0	36378	136.80	25.04	21.20	128.39	45.90	114.53	34.64	1.49	20.00	20.39
10/6/2026 2:11:37 PM	8.18	31.55	0.00	0.00	0.00	0.00	0.00	0.00	39.73	74.98	5.06	15.48	4333	31554	0	0	0	0	0	0	35887	136.76	24.91	20.88	126.91	46.06	111.94	35.33	1.50	20.04	20.41
10/6/2026 2:11:40 PM	7.87	31.77	0.00	0.00	0.00	0.00	0.00	0.00	39.64	75.65	5.14	15.47	4170	31770	0	0	0	0	0	0	35940	137.98	24.68	20.94	127.02	45.88	112.83	34.15	1.50	20.04	20.39
10/6/2026 2:11:42 PM	6.54	26.09	0.00	0.00	0.00	0.00	0.00	0.00	32.62	75.36	5.28	15.11	3466	26086	0	0	0	0	0	0	29551	137.47	20.42	17.09	104.71	37.97	93.28	28.29	1.52	20.03	20.42
10/6/2026 2:11:45 PM	5.91	22.19	0.00	0.00	0.00	0.00	0.00	0.00	28.10	75.43	5.43	14.83	3133	22188	0	0	0	0	0	0	25321	137.58	17.74	14.74	89.55	33.03	80.18	25.32	1.53	20.05	20.46
10/6/2026 2:11:48 PM	6.12	20.53	0.00	0.00	0.00	0.00	0.00	0.00	26.65	75.19	5.53	14.61	3242	20533	0	0	0	0	0	0	23776	137.15	16.92	13.86	83.83	32.44	74.57	25.35	1.54	20.03	20.42
10/6/2026 2:11:51 PM	6.02	18.37	0.00	0.00	0.00	0.00	0.00	0.00	24.39	73.90	5.67	14.77	3193	18368	0	0	0	0	0	0	21561	134.80	15.97	12.58	75.76	29.77	67.38	24.85	1.56	20.03	20.42
