Date/Time	Green Algae	Bluegreen	Diatoms	Cryptophyta	#5	#6	#7	Yellow substances	Total conc.	Transmission	Depth	Temp. Sample	Green Algae	Bluegreen	Diatoms	Cryptophyta	#5	#6	#7	Yellow substances	Total cell count	Trans. 700 nm	LED 3 [525 nm]	LED 4 [570 nm]	LED 5 [610 nm]	LED 6 [370 nm]	LED 7 [590 nm]	LED 8 [470 nm]	Pressure	Temp. LEDs	Temp. Sensor
date	µg/l	µg/l	µg/l	µg/l	µg/l	µg/l	µg/l	r.u.	µg/l	%	m	°C	cells/ml	cells/ml	cells/ml	cells/ml	cells/ml	cells/ml	cells/ml	r.u.	cells/ml	digits	digits	digits	digits	digits	digits	digits	bar	°C	°C
10/6/2026 9:45:55 AM	10.77	2.27	3.57	0.46	0.00	0.00	0.00	0.00	17.06	80.16	0.00	18.83	5706	2267	1606	14	0	0	0	0	9593	146.22	17.27	4.36	23.17	37.88	25.05	52.09	1.00	19.20	18.85
10/6/2026 9:45:58 AM	10.45	2.12	4.78	0.23	0.00	0.00	0.00	0.00	17.58	80.03	0.14	18.83	5538	2125	2150	7	0	0	0	0	9820	145.96	18.79	6.05	23.62	39.40	23.75	55.03	1.01	19.23	18.86
10/6/2026 9:46:01 AM	10.90	2.54	4.16	0.41	0.00	0.00	0.00	0.00	18.01	80.10	0.29	18.82	5775	2545	1872	12	0	0	0	0	10204	146.10	18.51	6.17	25.31	39.54	25.69	54.96	1.03	19.27	18.85
10/6/2026 9:46:04 AM	10.73	2.02	4.76	0.62	0.00	0.00	0.00	0.05	18.13	80.22	0.33	18.82	5687	2021	2143	19	0	0	0	0	9870	146.32	20.18	6.12	24.19	41.81	25.30	57.60	1.03	19.28	18.90
10/6/2026 9:46:06 AM	12.27	2.06	3.78	0.83	0.00	0.00	0.00	0.01	18.94	79.75	0.30	18.79	6505	2062	1700	25	0	0	0	0	10292	145.46	19.53	5.32	24.84	42.89	26.95	59.23	1.03	19.29	18.88
10/6/2026 9:46:09 AM	11.86	1.93	4.26	0.87	0.00	0.00	0.00	0.00	18.92	80.31	0.44	18.81	6285	1926	1919	26	0	0	0	0	10155	146.49	20.19	5.86	24.85	42.45	26.51	60.28	1.04	19.33	18.90
10/6/2026 9:46:12 AM	11.24	2.49	6.12	0.03	0.00	0.00	0.00	0.03	19.88	80.30	0.48	18.81	5957	2489	2755	1	0	0	0	0	11202	146.46	21.98	5.04	25.81	44.96	27.10	62.38	1.05	19.35	18.93
10/6/2026 9:46:14 AM	12.26	2.46	4.79	0.53	0.00	0.00	0.00	0.00	20.04	80.90	0.57	18.81	6495	2463	2157	16	0	0	0	0	11132	147.56	21.06	5.67	26.60	44.81	28.13	62.21	1.06	19.37	18.93
10/6/2026 9:46:17 AM	12.75	1.86	4.61	0.90	0.00	0.00	0.00	0.00	20.11	80.23	0.65	18.82	6757	1862	2072	27	0	0	0	0	10718	146.34	21.20	6.59	26.17	44.49	27.14	65.33	1.06	19.38	18.96
10/6/2026 9:46:20 AM	12.98	1.73	4.77	0.84	0.00	0.00	0.00	0.00	20.32	80.51	0.74	18.82	6877	1734	2147	25	0	0	0	0	10784	146.85	21.52	6.38	25.79	45.53	26.94	66.26	1.07	19.43	18.96
10/6/2026 9:46:22 AM	12.54	1.58	3.92	1.54	0.00	0.00	0.00	0.00	19.57	79.72	0.87	18.83	6644	1578	1765	46	0	0	0	0	10033	145.41	21.40	7.51	25.83	44.17	27.38	63.89	1.09	19.44	19.01
10/6/2026 9:46:26 AM	13.05	2.06	4.71	0.67	0.00	0.00	0.00	0.00	20.49	80.42	1.00	18.83	6916	2063	2119	20	0	0	0	0	11118	146.68	21.36	6.30	26.34	46.29	27.48	65.06	1.10	19.44	18.98
10/6/2026 9:46:28 AM	13.94	1.59	3.38	1.40	0.00	0.00	0.00	0.00	20.30	80.62	1.09	18.82	7388	1585	1520	42	0	0	0	0	10535	147.05	20.70	6.51	25.90	45.91	27.95	65.73	1.11	19.48	19.03
10/6/2026 9:46:31 AM	13.12	1.78	3.99	1.11	0.00	0.00	0.00	0.00	20.01	80.29	1.27	18.81	6955	1781	1797	33	0	0	0	0	10567	146.44	20.98	6.32	25.69	45.50	27.57	64.09	1.12	19.50	19.01
10/6/2026 9:46:34 AM	12.90	1.55	4.24	1.25	0.00	0.00	0.00	0.00	19.94	80.78	1.34	18.81	6837	1549	1907	38	0	0	0	0	10331	147.35	21.39	7.17	25.68	44.93	26.90	65.36	1.13	19.53	19.03
10/6/2026 9:46:36 AM	12.55	1.89	4.93	0.53	0.00	0.00	0.00	0.00	19.91	80.84	1.48	18.81	6652	1887	2220	16	0	0	0	0	10775	147.45	20.89	6.15	25.40	44.55	26.13	64.21	1.14	19.55	18.99
10/6/2026 9:46:39 AM	12.65	1.84	4.54	0.97	0.00	0.00	0.00	0.00	19.99	81.03	1.49	18.83	6702	1837	2044	29	0	0	0	0	10611	147.80	21.40	6.50	25.84	45.03	27.26	64.44	1.15	19.58	19.04
10/6/2026 9:46:42 AM	12.48	2.03	4.96	0.48	0.00	0.00	0.00	0.00	19.94	80.98	1.62	18.79	6613	2025	2231	14	0	0	0	0	10884	147.71	20.77	6.09	25.78	44.12	26.40	64.09	1.16	19.58	19.01
10/6/2026 9:46:44 AM	11.97	1.71	5.12	0.85	0.00	0.00	0.00	0.00	19.65	80.77	1.67	18.80	6345	1705	2305	25	0	0	0	0	10381	147.32	21.77	6.20	25.09	44.17	26.51	64.28	1.16	19.59	19.11
10/6/2026 9:46:47 AM	12.61	1.51	4.37	1.24	0.00	0.00	0.00	0.00	19.73	80.98	1.67	18.80	6683	1509	1964	37	0	0	0	0	10194	147.70	21.45	6.85	25.31	44.45	26.78	64.91	1.16	19.61	19.17
10/6/2026 9:46:50 AM	12.34	1.73	5.10	0.81	0.00	0.00	0.00	0.00	19.98	80.80	1.68	18.80	6538	1731	2294	24	0	0	0	0	10588	147.38	21.74	5.96	25.40	44.50	26.85	65.53	1.16	19.66	19.12
10/6/2026 9:46:53 AM	12.51	1.67	4.80	1.02	0.00	0.00	0.00	0.00	20.00	80.80	1.69	18.77	6628	1675	2161	31	0	0	0	0	10494	147.38	21.85	6.22	25.50	44.92	27.22	65.49	1.17	19.65	19.12
10/6/2026 9:46:56 AM	12.07	1.68	5.14	0.80	0.00	0.00	0.00	0.00	19.69	81.13	1.78	18.78	6398	1681	2315	24	0	0	0	0	10417	147.97	21.77	6.24	24.96	44.61	26.31	64.30	1.17	19.67	19.17
10/6/2026 9:46:58 AM	12.59	1.64	4.31	0.97	0.00	0.00	0.00	0.00	19.50	80.84	1.89	18.78	6670	1641	1939	29	0	0	0	0	10279	147.45	20.72	5.86	24.76	43.98	26.55	63.37	1.18	19.69	19.15
10/6/2026 9:47:01 AM	12.09	1.68	4.34	0.85	0.00	0.00	0.00	0.00	18.96	81.04	1.94	18.77	6410	1680	1951	26	0	0	0	0	10067	147.82	20.18	6.02	24.36	42.70	25.71	61.40	1.19	19.70	19.12
10/6/2026 9:47:03 AM	11.82	1.76	4.70	0.83	0.00	0.00	0.00	0.00	19.11	81.20	2.05	18.78	6263	1758	2116	25	0	0	0	0	10161	148.10	20.85	6.12	24.66	43.11	26.07	61.80	1.20	19.70	19.27
10/6/2026 9:47:07 AM	11.55	1.87	4.84	0.71	0.00	0.00	0.00	0.00	18.98	81.06	2.12	18.75	6122	1873	2179	21	0	0	0	0	10195	147.85	20.65	5.73	24.68	42.28	26.09	61.28	1.21	19.73	19.27
10/6/2026 9:47:09 AM	12.70	1.48	3.74	1.06	0.00	0.00	0.00	0.00	18.97	81.03	2.19	18.76	6729	1483	1681	32	0	0	0	0	9924	147.79	19.74	5.35	23.84	42.93	26.07	61.75	1.21	19.77	19.12
10/6/2026 9:47:12 AM	12.18	1.49	3.88	1.06	0.00	0.00	0.00	0.00	18.61	80.90	2.27	18.75	6453	1488	1747	32	0	0	0	0	9720	147.55	19.77	6.42	23.86	42.38	25.23	60.42	1.22	19.78	19.19
10/6/2026 9:47:15 AM	11.78	1.85	5.12	0.35	0.00	0.00	0.00	0.00	19.11	81.25	2.36	18.70	6243	1851	2306	11	0	0	0	0	10410	148.19	20.32	5.71	24.34	42.69	25.01	61.76	1.23	19.79	19.25
10/6/2026 9:47:17 AM	12.01	1.60	4.37	0.94	0.00	0.00	0.00	0.00	18.91	80.93	2.36	18.73	6363	1602	1965	28	0	0	0	0	9958	147.62	20.44	5.96	24.14	42.88	25.79	61.42	1.23	19.80	19.31
10/6/2026 9:47:20 AM	12.19	1.45	4.05	1.18	0.00	0.00	0.00	0.00	18.87	81.00	2.37	18.73	6460	1448	1822	35	0	0	0	0	9764	147.74	20.36	6.29	24.18	42.57	25.87	61.93	1.23	19.83	19.39
10/6/2026 9:47:23 AM	12.15	1.48	4.30	1.03	0.00	0.00	0.00	0.00	18.96	81.05	2.37	18.73	6440	1478	1934	31	0	0	0	0	9883	147.83	20.53	5.93	23.99	42.98	25.80	62.10	1.23	19.83	19.38
10/6/2026 9:47:26 AM	12.12	1.85	4.39	0.70	0.00	0.00	0.00	0.00	19.06	80.97	2.38	18.72	6425	1853	1974	21	0	0	0	0	10273	147.69	19.95	5.49	24.58	42.47	26.05	61.27	1.23	19.85	19.31
10/6/2026 9:47:28 AM	11.95	1.63	4.18	0.88	0.00	0.00	0.00	0.00	18.65	81.18	2.55	18.71	6336	1630	1882	27	0	0	0	0	9874	148.07	19.80	5.87	23.99	41.89	25.44	60.52	1.25	19.89	19.28
10/6/2026 9:47:31 AM	11.21	1.97	5.08	0.33	0.00	0.00	0.00	0.00	18.60	81.00	2.57	18.72	5943	1969	2287	10	0	0	0	0	10209	147.75	20.01	5.52	24.09	41.59	24.93	59.47	1.25	19.90	19.36
10/6/2026 9:47:34 AM	11.88	1.63	4.01	0.92	0.00	0.00	0.00	0.00	18.45	81.20	2.72	18.72	6298	1634	1803	28	0	0	0	0	9763	148.11	19.61	5.87	23.77	41.83	25.37	59.42	1.27	19.88	19.28
10/6/2026 9:47:37 AM	11.59	1.84	4.75	0.40	0.00	0.00	0.00	0.00	18.58	81.21	2.73	18.75	6142	1840	2138	12	0	0	0	0	10132	148.12	19.63	5.17	23.67	41.70	24.87	59.61	1.27	19.94	19.33
10/6/2026 9:47:39 AM	11.74	1.62	4.10	0.81	0.00	0.00	0.00	0.00	18.27	81.13	2.76	18.72	6224	1620	1843	24	0	0	0	0	9712	147.98	19.32	5.67	23.45	41.22	24.89	59.01	1.27	19.95	19.41
10/6/2026 9:47:42 AM	11.85	1.72	4.19	0.61	0.00	0.00	0.00	0.00	18.37	81.22	2.87	18.72	6282	1719	1887	18	0	0	0	0	9906	148.15	19.08	5.49	23.51	41.34	24.70	59.00	1.28	19.95	19.39
10/6/2026 9:47:45 AM	11.99	1.50	4.00	0.94	0.00	0.00	0.00	0.00	18.43	81.37	2.88	18.72	6356	1501	1800	28	0	0	0	0	9685	148.41	19.54	5.90	23.50	41.72	24.99	59.97	1.28	19.95	19.41
10/6/2026 9:47:48 AM	11.68	1.42	3.89	1.00	0.00	0.00	0.00	0.00	17.99	81.34	3.01	18.72	6193	1415	1751	30	0	0	0	0	9389	148.36	19.28	5.92	22.96	40.94	24.53	58.63	1.30	19.98	19.46
10/6/2026 9:47:50 AM	11.76	1.60	4.21	0.72	0.00	0.00	0.00	0.00	18.28	81.41	3.02	18.71	6232	1595	1893	22	0	0	0	0	9741	148.49	19.31	5.59	23.29	41.30	24.63	59.18	1.30	20.00	19.43
10/6/2026 9:47:53 AM	11.48	1.85	4.64	0.40	0.00	0.00	0.00	0.00	18.37	81.32	3.11	18.71	6087	1846	2089	12	0	0	0	0	10033	148.33	19.25	5.65	23.76	40.94	24.40	59.01	1.30	20.01	19.48
10/6/2026 9:47:56 AM	11.44	1.68	4.47	0.66	0.00	0.00	0.00	0.00	18.25	81.62	3.19	18.72	6063	1682	2010	20	0	0	0	0	9775	148.88	19.55	5.54	23.41	41.07	24.73	58.97	1.31	20.04	19.44
10/6/2026 9:47:59 AM	11.83	1.46	3.98	0.91	0.00	0.00	0.00	0.00	18.17	81.78	3.29	18.73	6268	1460	1789	27	0	0	0	0	9545	149.16	19.33	5.87	23.09	41.39	24.57	59.04	1.32	20.02	19.49
10/6/2026 9:48:01 AM	11.24	1.61	4.65	0.72	0.00	0.00	0.00	0.00	18.21	81.74	3.38	18.71	5956	1610	2092	21	0	0	0	0	9680	149.09	19.91	6.01	23.45	41.06	24.49	59.30	1.33	20.04	19.49
10/6/2026 9:48:04 AM	11.71	1.64	4.50	0.60	0.00	0.00	0.00	0.00	18.45	81.64	3.39	18.71	6208	1645	2023	18	0	0	0	0	9895	148.91	19.53	5.45	23.42	41.48	24.64	59.84	1.33	20.04	19.48
10/6/2026 9:48:07 AM	11.46	1.61	4.63	0.58	0.00	0.00	0.00	0.00	18.29	82.05	3.39	18.69	6076	1615	2083	17	0	0	0	0	9792	149.65	19.64	5.41	23.16	41.25	24.42	59.42	1.33	20.06	19.46
10/6/2026 9:48:09 AM	11.45	1.62	4.51	0.59	0.00	0.00	0.00	0.00	18.17	82.07	3.44	18.71	6070	1617	2029	18	0	0	0	0	9734	149.68	19.41	5.61	23.14	41.02	24.22	58.90	1.34	20.09	19.51
10/6/2026 9:48:12 AM	11.36	1.93	4.81	0.27	0.00	0.00	0.00	0.00	18.38	81.84	3.54	18.71	6020	1934	2165	8	0	0	0	0	10128	149.28	19.26	5.35	23.74	40.90	24.43	58.76	1.35	20.10	19.52
10/6/2026 9:48:15 AM	11.55	1.81	4.57	0.55	0.00	0.00	0.00	0.00	18.48	81.87	3.59	18.69	6122	1810	2054	16	0	0	0	0	10003	149.33	19.55	5.68	23.90	41.26	24.86	59.46	1.35	20.11	19.52
10/6/2026 9:48:18 AM	10.99	1.73	3.84	0.79	0.00	0.00	0.00	0.00	17.35	81.69	3.71	18.51	5824	1730	1727	24	0	0	0	0	9305	149.01	18.41	5.76	22.95	39.04	24.22	55.32	1.36	20.12	19.57
10/6/2026 9:48:20 AM	10.98	1.94	4.19	0.57	0.00	0.00	0.00	0.00	17.69	81.74	3.75	18.25	5817	1943	1887	17	0	0	0	0	9664	149.10	18.70	5.51	23.46	39.60	24.63	55.89	1.37	20.14	19.59
10/6/2026 9:48:23 AM	11.24	1.78	4.02	0.76	0.00	0.00	0.00	0.00	17.80	81.94	3.79	18.28	5957	1779	1811	23	0	0	0	0	9570	149.45	18.83	5.66	23.48	39.72	24.77	57.04	1.37	20.15	19.60
10/6/2026 9:48:26 AM	10.30	1.99	3.30	0.53	0.00	0.00	0.00	0.00	16.12	81.57	3.91	18.15	5459	1991	1483	16	0	0	0	0	8949	148.78	16.40	5.11	22.03	36.11	23.20	49.63	1.38	20.15	19.62
10/6/2026 9:48:29 AM	10.43	1.97	3.25	0.60	0.00	0.00	0.00	0.00	16.25	81.60	3.92	18.00	5527	1970	1464	18	0	0	0	0	8979	148.83	16.52	5.27	22.24	36.30	23.38	50.24	1.38	20.17	19.62
10/6/2026 9:48:32 AM	10.97	1.81	3.05	0.83	0.00	0.00	0.00	0.00	16.67	81.74	3.96	17.98	5817	1810	1374	25	0	0	0	0	9025	149.09	16.92	5.32	22.49	37.26	24.00	52.28	1.39	20.18	19.62
10/6/2026 9:48:34 AM	10.72	1.90	3.38	0.60	0.00	0.00	0.00	0.00	16.60	81.78	4.02	17.78	5680	1898	1522	18	0	0	0	0	9119	149.16	16.90	5.40	22.41	37.20	23.46	51.75	1.39	20.17	19.65
10/6/2026 9:48:37 AM	10.64	2.03	3.29	0.58	0.00	0.00	0.00	0.00	16.54	81.68	4.06	17.52	5637	2033	1479	18	0	0	0	0	9166	148.98	16.72	5.30	22.63	36.93	23.76	51.00	1.40	20.18	19.62
10/6/2026 9:48:40 AM	10.17	2.15	3.49	0.41	0.00	0.00	0.00	0.00	16.22	81.64	4.09	17.41	5391	2146	1572	12	0	0	0	0	9122	148.91	16.51	5.07	22.39	36.12	23.41	49.60	1.40	20.20	19.65
10/6/2026 9:48:43 AM	10.60	2.01	3.58	0.50	0.00	0.00	0.00	0.00	16.69	81.74	4.11	17.46	5618	2007	1613	15	0	0	0	0	9252	149.08	17.04	5.26	22.63	37.19	23.65	51.87	1.40	20.21	19.68
10/6/2026 9:48:45 AM	10.77	2.27	3.79	0.31	0.00	0.00	0.00	0.00	17.14	81.69	4.12	17.54	5708	2271	1705	9	0	0	0	0	9693	149.00	17.14	5.64	23.62	37.78	23.96	52.62	1.40	20.20	19.67
10/6/2026 9:48:48 AM	9.87	2.40	3.17	0.36	0.00	0.00	0.00	0.00	15.80	81.65	4.14	17.74	5232	2396	1426	11	0	0	0	0	9065	148.92	15.60	5.33	22.75	34.56	23.31	47.26	1.41	20.21	19.70
10/6/2026 9:48:51 AM	9.00	2.53	3.18	0.31	0.00	0.00	0.00	0.00	15.02	81.34	4.21	17.71	4771	2534	1432	9	0	0	0	0	8746	148.37	15.09	5.07	22.36	32.48	22.99	44.30	1.41	20.22	19.68
10/6/2026 9:48:53 AM	8.39	2.55	3.15	0.36	0.00	0.00	0.00	0.00	14.45	81.25	4.26	17.63	4446	2554	1418	11	0	0	0	0	8430	148.20	14.83	4.92	21.98	30.99	22.80	42.44	1.42	20.26	19.73
10/6/2026 9:48:56 AM	8.30	2.75	3.21	0.28	0.00	0.00	0.00	0.00	14.54	81.29	4.36	17.10	4402	2747	1443	8	0	0	0	0	8600	148.28	14.74	5.36	22.66	30.76	22.92	42.22	1.43	20.24	19.75
10/6/2026 9:48:59 AM	7.80	2.47	2.79	0.36	0.00	0.00	0.00	0.00	13.42	81.10	4.43	16.99	4134	2468	1258	11	0	0	0	0	7870	147.92	13.65	4.71	20.89	28.53	21.65	39.13	1.43	20.24	19.78
10/6/2026 9:49:02 AM	8.04	2.43	2.86	0.42	0.00	0.00	0.00	0.00	13.74	81.20	4.47	16.85	4263	2425	1285	13	0	0	0	0	7986	148.11	14.07	4.72	21.11	29.34	22.04	40.42	1.44	20.25	19.73
10/6/2026 9:49:04 AM	8.46	2.44	2.93	0.44	0.00	0.00	0.00	0.00	14.27	81.18	4.48	16.97	4481	2443	1318	13	0	0	0	0	8256	148.07	14.46	4.85	21.74	30.24	22.59	42.41	1.44	20.26	19.78
10/6/2026 9:49:07 AM	7.73	2.39	2.47	0.46	0.00	0.00	0.00	0.00	13.05	81.03	4.60	16.83	4098	2394	1110	14	0	0	0	0	7616	147.79	13.14	4.72	20.52	27.69	21.38	38.00	1.45	20.25	19.80
10/6/2026 9:49:10 AM	7.17	2.50	2.47	0.33	0.00	0.00	0.00	0.00	12.48	80.73	4.68	16.16	3801	2502	1110	10	0	0	0	0	7424	147.24	12.51	4.47	20.15	26.04	20.87	35.78	1.46	20.28	19.78
10/6/2026 9:49:13 AM	7.10	2.55	2.75	0.27	0.00	0.00	0.00	0.00	12.67	80.87	4.74	16.25	3762	2547	1237	8	0	0	0	0	7554	147.51	12.96	4.51	20.35	26.57	21.03	36.36	1.46	20.28	19.81
10/6/2026 9:49:15 AM	7.26	2.61	2.45	0.35	0.00	0.00	0.00	0.00	12.66	80.72	4.76	16.46	3846	2608	1103	10	0	0	0	0	7567	147.24	12.62	4.59	20.66	26.22	21.32	36.15	1.47	20.29	19.81
10/6/2026 9:49:18 AM	7.20	2.50	2.55	0.44	0.00	0.00	0.00	0.00	12.69	80.73	4.81	16.71	3817	2504	1148	13	0	0	0	0	7482	147.24	12.93	4.66	20.60	26.20	21.34	36.87	1.47	20.26	19.80
10/6/2026 9:49:21 AM	6.96	2.86	2.68	0.20	0.00	0.00	0.00	0.00	12.70	80.83	4.83	16.90	3690	2858	1206	6	0	0	0	0	7760	147.44	12.65	4.76	21.27	25.85	21.53	35.67	1.47	20.28	19.83
10/6/2026 9:49:24 AM	6.73	2.90	2.58	0.23	0.00	0.00	0.00	0.00	12.43	80.47	4.89	16.68	3565	2901	1159	7	0	0	0	0	7632	146.77	12.42	4.75	21.16	25.22	21.48	34.51	1.48	20.28	19.80
10/6/2026 9:49:26 AM	6.08	3.25	2.14	0.09	0.00	0.00	0.00	0.00	11.55	80.26	4.97	16.23	3222	3246	961	3	0	0	0	0	7431	146.39	11.03	4.61	21.06	22.92	21.17	29.92	1.49	20.28	19.88
10/6/2026 9:49:29 AM	5.88	3.41	1.94	0.19	0.00	0.00	0.00	0.00	11.41	80.24	5.01	15.54	3115	3408	872	6	0	0	0	0	7401	146.35	10.93	4.69	21.46	22.45	21.76	28.80	1.49	20.30	19.84
10/6/2026 9:49:31 AM	6.39	3.21	1.99	0.27	0.00	0.00	0.00	0.00	11.86	80.19	5.07	15.39	3386	3213	894	8	0	0	0	0	7501	146.26	11.38	4.56	21.41	23.59	21.96	31.10	1.50	20.27	19.89
10/6/2026 9:49:34 AM	5.62	6.17	1.70	0.20	0.00	0.00	0.00	0.00	13.68	79.57	5.19	15.08	2980	6166	763	6	0	0	0	0	9915	145.13	12.21	6.34	30.96	23.59	30.68	27.73	1.51	20.29	19.89
10/6/2026 9:49:37 AM	5.30	7.83	1.73	0.00	0.00	0.00	0.00	0.00	14.86	78.92	5.32	14.25	2810	7827	778	0	0	0	0	0	11414	143.95	12.64	7.23	36.77	23.60	34.80	26.60	1.52	20.29	19.94
10/6/2026 9:49:40 AM	5.37	7.42	1.71	0.00	0.00	0.00	0.00	0.00	14.49	79.31	5.40	14.73	2844	7417	769	0	0	0	0	0	11030	144.65	12.38	6.83	35.10	23.52	33.68	26.52	1.53	20.28	19.93
10/6/2026 9:49:43 AM	5.25	7.92	1.59	0.00	0.00	0.00	0.00	0.00	14.76	79.43	5.46	14.81	2784	7918	716	0	0	0	0	0	11418	144.88	12.46	7.31	36.78	23.61	34.99	25.65	1.53	20.28	19.94
10/6/2026 9:49:45 AM	4.91	6.75	1.47	0.00	0.00	0.00	0.00	0.03	13.13	79.50	5.57	14.77	2600	6749	662	0	0	0	0	0	10011	145.00	11.23	6.46	31.82	21.93	31.05	23.93	1.55	20.25	19.91
10/6/2026 9:49:48 AM	4.72	6.75	1.46	0.00	0.00	0.00	0.00	0.04	12.93	79.80	5.70	14.29	2500	6748	659	0	0	0	0	0	9907	145.55	11.16	6.44	31.79	21.67	30.75	23.38	1.56	20.26	19.97
10/6/2026 9:49:51 AM	4.16	5.40	1.29	0.10	0.00	0.00	0.00	0.10	10.95	80.00	5.82	13.81	2205	5401	579	3	0	0	0	0	8188	145.91	9.93	5.47	26.38	19.75	26.18	21.23	1.57	20.25	19.96
10/6/2026 9:49:54 AM	4.72	5.76	1.32	0.00	0.00	0.00	0.00	0.05	11.80	79.84	5.87	13.80	2503	5759	594	0	0	0	0	0	8856	145.63	10.19	5.73	28.08	20.63	27.31	22.63	1.58	20.25	19.96
10/6/2026 9:49:56 AM	4.81	5.74	1.47	0.02	0.00	0.00	0.00	0.05	12.04	79.96	5.93	14.14	2552	5741	661	1	0	0	0	0	8954	145.84	10.57	5.98	28.21	21.24	27.57	23.59	1.58	20.25	19.96
10/6/2026 9:49:59 AM	4.51	5.05	1.35	0.00	0.00	0.00	0.00	0.08	10.92	80.07	5.97	14.37	2393	5054	610	0	0	0	0	0	8057	146.04	9.70	5.28	25.32	19.97	24.91	22.07	1.58	20.25	19.94
10/6/2026 9:50:02 AM	4.65	4.89	1.32	0.00	0.00	0.00	0.00	0.05	10.86	79.91	5.96	14.36	2465	4892	594	0	0	0	0	0	7952	145.75	9.58	5.05	25.09	19.69	24.13	22.14	1.58	20.25	20.02
10/6/2026 9:50:05 AM	4.93	5.56	1.26	0.00	0.00	0.00	0.00	0.03	11.75	80.02	5.98	14.49	2612	5564	567	0	0	0	0	0	8742	145.96	10.01	5.71	27.71	20.55	26.48	22.87	1.59	20.22	19.97
10/6/2026 9:50:08 AM	4.54	5.20	1.27	0.00	0.00	0.00	0.00	0.06	11.01	80.09	6.01	14.69	2406	5202	572	0	0	0	0	0	8180	146.09	9.63	5.42	26.10	19.75	24.98	21.75	1.59	20.20	19.97
10/6/2026 9:50:10 AM	4.33	4.88	1.22	0.00	0.00	0.00	0.00	0.10	10.43	80.34	6.09	14.13	2293	4876	551	0	0	0	0	0	7720	146.54	9.25	5.05	24.53	19.30	23.91	21.00	1.60	20.20	19.99
10/6/2026 9:50:13 AM	4.01	3.82	1.05	0.08	0.00	0.00	0.00	0.11	8.97	80.53	6.19	13.58	2124	3824	474	2	0	0	0	0	6424	146.88	8.25	4.36	20.33	17.68	20.44	19.44	1.61	20.20	19.97
10/6/2026 9:50:16 AM	4.07	4.15	1.22	0.00	0.00	0.00	0.00	0.09	9.44	80.33	6.26	13.61	2160	4145	548	0	0	0	0	0	6853	146.53	8.56	4.67	21.66	17.94	21.23	19.89	1.61	20.20	20.04
10/6/2026 9:50:19 AM	4.04	3.68	1.02	0.09	0.00	0.00	0.00	0.09	8.83	80.29	6.31	13.06	2143	3681	458	3	0	0	0	0	6285	146.45	8.05	4.22	19.80	17.27	19.97	19.24	1.62	20.16	20.01
10/6/2026 9:50:21 AM	4.14	4.05	1.17	0.00	0.00	0.00	0.00	0.10	9.37	80.20	6.34	14.09	2195	4055	526	0	0	0	0	0	6776	146.29	8.46	4.60	21.33	18.14	20.96	20.01	1.62	20.17	20.02
10/6/2026 9:50:24 AM	3.73	3.43	0.96	0.00	0.00	0.00	0.00	0.12	8.12	80.02	6.39	14.38	1977	3433	432	0	0	0	0	0	5842	145.95	7.40	3.90	18.47	16.37	18.47	17.78	1.63	20.14	20.02
10/6/2026 9:50:27 AM	3.46	2.94	0.74	0.20	0.00	0.00	0.00	0.09	7.34	79.86	6.55	13.47	1836	2937	333	6	0	0	0	0	5113	145.67	6.98	3.43	16.53	14.87	17.29	16.46	1.64	20.14	20.02
10/6/2026 9:50:29 AM	3.15	2.93	0.85	0.00	0.00	0.00	0.00	0.12	6.93	79.77	6.65	12.56	1671	2931	383	0	0	0	0	0	4984	145.49	6.49	3.46	16.03	14.30	16.25	15.31	1.65	20.13	20.01
10/6/2026 9:50:32 AM	2.98	2.64	0.54	0.00	0.00	0.00	0.00	0.16	6.15	79.46	6.84	12.30	1578	2636	243	0	0	0	0	0	4458	144.93	5.65	2.81	14.54	13.48	14.90	13.72	1.67	20.10	20.04
10/6/2026 9:50:35 AM	2.14	2.44	1.13	0.00	0.00	0.00	0.00	0.14	5.72	79.63	6.95	12.24	1136	2443	507	0	0	0	0	0	4087	145.24	6.24	3.22	13.79	12.49	13.95	13.11	1.68	20.10	20.05
10/6/2026 9:50:38 AM	2.53	2.40	0.75	0.00	0.00	0.00	0.00	0.15	5.68	79.48	6.93	12.36	1340	2396	340	0	0	0	0	0	4076	144.98	5.66	2.87	13.55	12.61	13.84	12.96	1.68	20.06	20.04
10/6/2026 9:50:40 AM	2.73	2.59	0.66	0.00	0.00	0.00	0.00	0.15	5.98	79.40	6.93	12.60	1449	2587	296	0	0	0	0	0	4331	144.82	5.70	3.04	14.44	12.96	14.40	13.27	1.68	20.04	20.01
10/6/2026 9:50:43 AM	2.76	2.55	0.71	0.00	0.00	0.00	0.00	0.14	6.02	79.49	6.93	12.74	1464	2549	320	0	0	0	0	0	4334	144.99	5.78	3.02	14.34	13.00	14.39	13.51	1.68	20.05	20.05
10/6/2026 9:50:46 AM	2.66	2.53	0.77	0.00	0.00	0.00	0.00	0.15	5.95	79.43	6.94	13.13	1407	2526	345	0	0	0	0	0	4278	144.88	5.85	3.07	14.17	13.07	14.34	13.48	1.68	19.99	20.04
10/6/2026 9:50:49 AM	2.73	2.48	0.68	0.00	0.00	0.00	0.00	0.14	5.90	79.42	6.95	13.49	1448	2483	307	0	0	0	0	0	4238	144.85	5.67	2.86	14.01	12.84	14.17	13.29	1.68	20.00	20.05
10/6/2026 9:50:51 AM	2.56	2.44	0.71	0.00	0.00	0.00	0.00	0.15	5.71	79.58	7.03	13.59	1358	2436	320	0	0	0	0	0	4114	145.15	5.61	2.82	13.63	12.57	14.02	12.89	1.69	19.99	20.07
10/6/2026 9:50:54 AM	2.52	2.41	0.72	0.00	0.00	0.00	0.00	0.16	5.65	79.58	7.12	13.03	1335	2412	323	0	0	0	0	0	4069	145.16	5.60	2.83	13.51	12.58	13.91	12.83	1.70	19.95	20.07
10/6/2026 9:50:56 AM	2.49	2.41	0.64	0.00	0.00	0.00	0.00	0.15	5.55	79.35	7.20	12.82	1319	2415	289	0	0	0	0	0	4023	144.72	5.43	2.75	13.53	12.28	13.72	12.40	1.71	19.93	20.07
10/6/2026 9:50:59 AM	2.23	2.30	0.53	0.00	0.00	0.00	0.00	0.17	5.06	79.37	7.32	12.57	1185	2298	237	0	0	0	0	0	3719	144.77	4.98	2.68	12.78	11.50	13.01	11.17	1.72	19.94	20.04
10/6/2026 9:51:02 AM	2.55	2.37	0.49	0.00	0.00	0.00	0.00	0.16	5.40	79.20	7.38	12.12	1350	2365	219	0	0	0	0	0	3935	144.46	5.09	2.72	13.21	12.03	13.49	11.98	1.72	19.90	20.09
10/6/2026 9:51:05 AM	2.14	2.23	0.55	0.00	0.00	0.00	0.00	0.16	4.92	79.18	7.55	12.15	1132	2232	247	0	0	0	0	0	3611	144.41	4.91	2.59	12.47	11.10	12.75	10.84	1.74	19.88	20.07
10/6/2026 9:51:08 AM	2.27	2.26	0.54	0.00	0.00	0.00	0.00	0.17	5.07	79.25	7.60	12.23	1205	2261	241	0	0	0	0	0	3708	144.54	5.00	2.60	12.68	11.53	12.95	11.31	1.74	19.86	20.07
10/6/2026 9:51:10 AM	2.43	2.31	0.50	0.00	0.00	0.00	0.00	0.15	5.25	79.08	7.61	12.40	1289	2313	225	0	0	0	0	0	3828	144.25	5.01	2.65	12.97	11.65	13.20	11.59	1.75	19.84	20.05
10/6/2026 9:51:13 AM	2.39	2.38	0.60	0.00	0.00	0.00	0.00	0.16	5.37	79.03	7.66	12.48	1265	2383	270	0	0	0	0	0	3917	144.15	5.26	2.75	13.22	11.98	13.56	11.92	1.75	19.84	20.07
10/6/2026 9:51:16 AM	2.45	2.36	0.52	0.00	0.00	0.00	0.00	0.16	5.33	79.23	7.69	12.39	1301	2359	234	0	0	0	0	0	3893	144.52	5.11	2.77	13.22	11.90	13.33	11.80	1.75	19.79	20.05
10/6/2026 9:51:19 AM	2.28	2.30	0.54	0.00	0.00	0.00	0.00	0.16	5.11	79.05	7.75	12.52	1208	2298	242	0	0	0	0	0	3747	144.19	5.04	2.60	12.93	11.56	12.96	11.32	1.76	19.77	20.02
10/6/2026 9:51:21 AM	2.06	2.20	0.48	0.00	0.00	0.00	0.00	0.17	4.73	78.96	7.91	12.40	1092	2197	214	0	0	0	0	0	3503	144.02	4.72	2.50	12.18	10.94	12.55	10.40	1.77	19.74	20.04
10/6/2026 9:51:24 AM	2.07	2.20	0.47	0.00	0.00	0.00	0.00	0.17	4.73	78.85	8.01	12.23	1096	2198	209	0	0	0	0	0	3504	143.82	4.70	2.54	12.24	10.89	12.48	10.37	1.78	19.74	20.02
10/6/2026 9:51:27 AM	2.17	2.27	0.52	0.00	0.00	0.00	0.00	0.17	4.95	78.83	8.07	12.21	1148	2267	232	0	0	0	0	0	3646	143.79	4.91	2.56	12.66	11.25	12.79	10.88	1.79	19.73	20.02
10/6/2026 9:51:30 AM	2.31	2.38	0.46	0.00	0.00	0.00	0.00	0.15	5.16	78.29	8.21	12.48	1226	2380	208	0	0	0	0	0	3815	142.80	4.92	2.61	13.25	11.27	13.11	11.03	1.80	19.69	20.04
10/6/2026 9:51:32 AM	2.38	2.30	0.51	0.00	0.00	0.00	0.00	0.15	5.19	78.20	8.23	12.04	1261	2304	229	0	0	0	0	0	3794	142.64	5.00	2.65	13.00	11.51	13.01	11.43	1.81	19.69	19.99
10/6/2026 9:51:35 AM	2.44	2.31	0.53	0.00	0.00	0.00	0.00	0.15	5.28	77.98	8.33	12.19	1293	2307	239	0	0	0	0	0	3839	142.23	5.08	2.65	13.08	11.72	13.11	11.72	1.82	19.64	20.01
10/6/2026 9:51:38 AM	2.55	2.36	0.56	0.00	0.00	0.00	0.00	0.14	5.47	78.12	8.43	12.21	1351	2356	252	0	0	0	0	0	3959	142.48	5.23	2.62	13.43	11.94	13.33	12.13	1.83	19.62	19.99
10/6/2026 9:51:40 AM	2.59	2.33	0.60	0.00	0.00	0.00	0.00	0.14	5.52	77.83	8.48	12.07	1370	2331	272	0	0	0	0	0	3973	141.96	5.31	2.72	13.34	12.11	13.38	12.42	1.83	19.60	20.04
10/6/2026 9:51:43 AM	2.65	2.35	0.59	0.00	0.00	0.00	0.00	0.13	5.59	78.07	8.50	12.18	1406	2353	264	0	0	0	0	0	4022	142.39	5.33	2.65	13.52	12.17	13.43	12.54	1.83	19.58	20.02
10/6/2026 9:51:46 AM	2.86	2.43	0.56	0.00	0.00	0.00	0.00	0.11	5.86	77.80	8.57	12.40	1517	2433	253	0	0	0	0	0	4203	141.90	5.40	2.69	13.94	12.34	13.85	12.98	1.84	19.55	20.01
10/6/2026 9:51:49 AM	2.72	2.39	0.58	0.00	0.00	0.00	0.00	0.12	5.68	77.92	8.61	12.34	1443	2385	259	0	0	0	0	0	4087	142.12	5.34	2.74	13.66	12.18	13.59	12.66	1.84	19.52	19.97
10/6/2026 9:51:51 AM	2.85	2.43	0.54	0.00	0.00	0.00	0.00	0.11	5.81	77.81	8.64	12.22	1510	2427	241	0	0	0	0	0	4179	141.92	5.33	2.69	13.95	12.22	13.72	12.82	1.85	19.49	19.96
10/6/2026 9:51:54 AM	2.92	2.45	0.53	0.00	0.00	0.00	0.00	0.09	5.90	78.10	8.67	12.21	1549	2447	237	0	0	0	0	0	4233	142.46	5.32	2.78	14.00	12.20	13.89	12.94	1.85	19.50	19.99
10/6/2026 9:51:57 AM	2.42	2.35	0.54	0.00	0.00	0.00	0.00	0.14	5.30	77.38	8.81	12.41	1281	2347	242	0	0	0	0	0	3870	141.15	5.08	2.64	13.17	11.52	13.27	11.59	1.86	19.44	19.99
10/6/2026 9:52:00 AM	2.52	2.41	0.51	0.00	0.00	0.00	0.00	0.11	5.44	76.84	8.88	12.16	1334	2410	231	0	0	0	0	0	3975	140.16	5.07	2.67	13.49	11.35	13.47	11.63	1.87	19.43	19.99
10/6/2026 9:52:02 AM	2.53	2.45	0.53	0.00	0.00	0.00	0.00	0.11	5.51	76.79	8.96	12.29	1341	2452	240	0	0	0	0	0	4032	140.06	5.15	2.75	13.70	11.47	13.60	11.77	1.88	19.43	19.96
10/6/2026 9:52:05 AM	2.40	2.52	0.63	0.00	0.00	0.00	0.00	0.10	5.55	75.97	9.04	12.26	1274	2519	284	0	0	0	0	0	4078	138.57	5.34	2.77	13.95	11.45	13.81	11.75	1.89	19.40	19.99
10/6/2026 9:52:08 AM	2.82	2.53	0.58	0.00	0.00	0.00	0.00	0.08	5.94	75.47	9.05	12.06	1497	2533	261	0	0	0	0	0	4290	137.65	5.42	2.84	14.35	11.97	14.06	12.75	1.89	19.37	19.96
10/6/2026 9:52:11 AM	3.13	2.65	0.71	0.00	0.00	0.00	0.00	0.05	6.49	74.53	9.18	12.16	1656	2653	321	0	0	0	0	0	4630	135.94	5.90	3.00	15.24	12.67	14.70	14.08	1.90	19.35	19.96
10/6/2026 9:52:13 AM	3.02	2.57	0.69	0.00	0.00	0.00	0.00	0.05	6.27	74.18	9.26	12.12	1598	2567	311	0	0	0	0	0	4476	135.30	5.74	2.83	14.73	12.33	14.43	13.63	1.91	19.34	19.94
10/6/2026 9:52:16 AM	3.10	2.68	0.80	0.00	0.00	0.00	0.00	0.04	6.57	73.59	9.31	12.14	1642	2677	359	0	0	0	0	0	4679	134.24	6.07	3.03	15.29	12.79	14.96	14.32	1.91	19.31	19.97
10/6/2026 9:52:19 AM	3.40	2.63	0.70	0.00	0.00	0.00	0.00	0.05	6.73	73.89	9.35	12.02	1801	2631	317	0	0	0	0	0	4749	134.77	6.02	2.91	15.32	13.28	14.94	14.94	1.92	19.28	19.93
10/6/2026 9:52:21 AM	3.73	2.64	0.76	0.00	0.00	0.00	0.00	0.01	7.13	73.81	9.40	12.04	1976	2639	344	0	0	0	0	0	4959	134.63	6.26	3.00	15.70	13.70	15.21	16.01	1.92	19.28	19.93
10/6/2026 9:52:24 AM	3.64	2.72	0.74	0.00	0.00	0.00	0.00	0.03	7.09	73.98	9.43	12.08	1927	2715	331	0	0	0	0	0	4973	134.95	6.25	3.00	15.96	13.75	15.30	15.74	1.92	19.23	19.93
10/6/2026 9:52:27 AM	3.94	2.75	0.79	0.00	0.00	0.00	0.00	0.00	7.48	73.53	9.51	12.13	2087	2753	356	0	0	0	0	0	5195	134.13	6.50	3.11	16.37	14.24	15.72	16.77	1.93	19.20	19.91
10/6/2026 9:52:30 AM	5.16	2.96	1.17	0.00	0.00	0.00	0.00	0.00	9.28	73.92	9.65	12.14	2735	2955	526	0	0	0	0	0	6216	134.83	8.02	3.52	18.42	17.82	17.92	22.64	1.95	19.18	19.86
10/6/2026 9:52:33 AM	7.02	3.15	1.47	0.00	0.00	0.00	0.00	0.00	11.63	74.75	9.69	12.03	3719	3152	660	0	0	0	0	0	7530	136.35	9.88	3.96	21.00	23.31	20.28	29.85	1.95	19.17	19.88
10/6/2026 9:52:35 AM	8.35	3.30	1.72	0.00	0.00	0.00	0.00	0.00	13.37	74.58	9.77	11.90	4427	3303	773	0	0	0	0	0	8503	136.04	11.15	4.32	22.74	26.82	22.39	35.58	1.96	19.16	19.93
10/6/2026 9:52:38 AM	8.41	3.67	2.18	0.74	0.00	0.00	0.00	0.00	14.99	70.15	9.84	11.82	4457	3667	979	22	0	0	0	0	9125	127.96	14.12	5.20	26.34	28.14	27.24	41.95	1.96	19.12	19.89
