Date/Time	Green Algae	Bluegreen	Diatoms	Cryptophyta	#5	#6	#7	Yellow substances	Total conc.	Transmission	Depth	Temp. Sample	Green Algae	Bluegreen	Diatoms	Cryptophyta	#5	#6	#7	Yellow substances	Total cell count	Trans. 700 nm	LED 3 [525 nm]	LED 4 [570 nm]	LED 5 [610 nm]	LED 6 [370 nm]	LED 7 [590 nm]	LED 8 [470 nm]	Pressure	Temp. LEDs	Temp. Sensor
date	µg/l	µg/l	µg/l	µg/l	µg/l	µg/l	µg/l	r.u.	µg/l	%	m	°C	cells/ml	cells/ml	cells/ml	cells/ml	cells/ml	cells/ml	cells/ml	r.u.	cells/ml	digits	digits	digits	digits	digits	digits	digits	bar	°C	°C
10/6/2026 10:33:33 AM	13.21	1.92	7.17	4.37	0.00	0.00	0.00	0.00	26.68	60.52	0.01	18.23	7004	1924	3225	131	0	0	0	0	12285	110.41	37.32	12.67	37.26	60.79	42.65	90.34	1.00	16.22	15.46
10/6/2026 10:33:36 AM	13.48	2.12	7.08	4.36	0.00	0.00	0.00	0.00	27.04	61.02	0.09	18.23	7142	2118	3187	131	0	0	0	0	12577	111.31	37.30	12.93	38.19	61.04	43.29	91.06	1.01	16.30	15.39
10/6/2026 10:33:39 AM	13.34	2.03	7.21	4.53	0.00	0.00	0.00	0.00	27.11	59.24	0.12	18.14	7070	2031	3243	136	0	0	0	0	12480	108.07	37.87	13.09	38.32	61.10	43.64	91.92	1.01	16.30	15.41
10/6/2026 10:33:42 AM	13.29	1.91	6.95	4.73	0.00	0.00	0.00	0.00	26.88	59.14	0.16	17.96	7045	1907	3128	142	0	0	0	0	12222	107.88	37.80	12.92	37.95	60.71	43.78	91.46	1.02	16.34	15.38
10/6/2026 10:33:44 AM	13.23	1.76	6.71	5.20	0.00	0.00	0.00	0.00	26.90	58.98	0.19	18.04	7012	1758	3020	156	0	0	0	0	11946	107.59	38.39	13.17	38.33	60.31	44.77	92.54	1.02	16.35	15.47
10/6/2026 10:33:47 AM	13.31	1.81	6.77	5.09	0.00	0.00	0.00	0.00	26.98	58.92	0.30	18.09	7053	1806	3047	153	0	0	0	0	12059	107.48	38.31	13.46	38.48	60.60	44.49	92.55	1.03	16.42	15.49
10/6/2026 10:33:50 AM	13.47	2.05	7.19	5.02	0.00	0.00	0.00	0.00	27.72	58.40	0.42	18.08	7140	2051	3234	150	0	0	0	0	12574	106.53	39.19	13.58	39.71	61.87	45.62	94.62	1.04	16.46	15.54
10/6/2026 10:33:53 AM	12.86	1.65	6.86	5.08	0.00	0.00	0.00	0.00	26.45	58.20	0.48	18.06	6817	1651	3086	152	0	0	0	0	11707	106.17	38.11	13.10	37.51	59.61	43.75	91.31	1.05	16.45	15.47
10/6/2026 10:33:55 AM	12.86	1.81	6.96	4.89	0.00	0.00	0.00	0.00	26.52	58.31	0.55	18.03	6814	1814	3133	147	0	0	0	0	11908	106.36	37.87	13.03	37.78	59.49	43.68	91.05	1.05	16.48	15.51
10/6/2026 10:33:58 AM	12.72	1.73	6.92	4.90	0.00	0.00	0.00	0.00	26.27	58.30	0.60	18.06	6741	1730	3113	147	0	0	0	0	11731	106.35	37.73	12.92	37.29	59.21	43.33	90.31	1.06	16.50	15.52
10/6/2026 10:34:01 AM	12.87	1.84	6.91	4.96	0.00	0.00	0.00	0.00	26.57	58.19	0.61	18.09	6819	1842	3108	149	0	0	0	0	11918	106.15	38.06	13.04	37.89	59.87	44.05	90.92	1.06	16.56	15.59
10/6/2026 10:34:04 AM	13.13	1.84	6.83	5.07	0.00	0.00	0.00	0.00	26.87	58.49	0.61	18.10	6961	1840	3072	152	0	0	0	0	12025	106.70	38.32	13.73	38.48	60.55	44.27	91.91	1.06	16.57	15.57
10/6/2026 10:34:06 AM	13.35	1.97	7.19	4.97	0.00	0.00	0.00	0.00	27.48	58.07	0.63	18.11	7078	1968	3237	149	0	0	0	0	12432	105.93	38.97	13.44	39.18	61.52	45.09	93.99	1.06	16.61	15.59
10/6/2026 10:34:09 AM	13.05	1.91	7.24	5.04	0.00	0.00	0.00	0.00	27.24	58.33	0.69	18.11	6915	1908	3260	151	0	0	0	0	12234	106.41	39.05	13.81	39.07	60.95	44.78	93.54	1.07	16.64	15.59
10/6/2026 10:34:12 AM	13.19	1.78	7.12	5.11	0.00	0.00	0.00	0.00	27.21	58.12	0.72	18.03	6993	1777	3206	153	0	0	0	0	12128	106.02	39.07	13.45	38.56	61.37	44.78	93.53	1.07	16.66	15.60
10/6/2026 10:34:14 AM	13.32	2.00	7.28	5.08	0.00	0.00	0.00	0.00	27.68	57.85	0.78	18.09	7062	1997	3276	152	0	0	0	0	12487	105.52	39.49	14.05	39.73	62.06	45.45	94.63	1.08	16.68	15.62
10/6/2026 10:34:17 AM	13.31	1.74	6.96	5.26	0.00	0.00	0.00	0.00	27.27	58.59	0.85	17.99	7054	1738	3132	158	0	0	0	0	12083	106.89	39.14	13.70	38.82	61.33	45.05	94.00	1.08	16.73	15.62
10/6/2026 10:34:20 AM	13.25	1.91	7.13	4.98	0.00	0.00	0.00	0.00	27.27	57.91	0.88	17.94	7025	1909	3209	149	0	0	0	0	12292	105.64	38.73	13.49	38.92	60.98	44.72	93.53	1.09	16.75	15.67
10/6/2026 10:34:23 AM	13.30	1.66	6.89	5.25	0.00	0.00	0.00	0.00	27.10	58.00	0.98	18.06	7049	1663	3099	158	0	0	0	0	11969	105.81	38.95	13.55	38.37	61.27	44.73	93.46	1.10	16.76	15.67
10/6/2026 10:34:25 AM	12.74	1.64	7.11	5.00	0.00	0.00	0.00	0.00	26.50	58.37	1.03	18.08	6754	1637	3202	150	0	0	0	0	11742	106.49	38.35	13.19	37.47	59.77	43.52	91.65	1.10	16.80	15.68
10/6/2026 10:34:28 AM	12.64	1.47	6.78	4.94	0.00	0.00	0.00	0.00	25.83	58.58	1.05	17.98	6699	1471	3051	148	0	0	0	0	11368	106.86	37.29	12.65	36.24	58.42	42.43	89.66	1.10	16.83	15.73
10/6/2026 10:34:31 AM	13.02	1.45	6.52	5.13	0.00	0.00	0.00	0.00	26.11	58.79	1.10	17.92	6900	1450	2932	154	0	0	0	0	11436	107.25	37.46	13.00	36.73	59.08	43.00	90.59	1.11	16.86	15.76
10/6/2026 10:34:34 AM	12.75	1.77	6.93	4.80	0.00	0.00	0.00	0.00	26.24	58.90	1.12	18.01	6756	1765	3118	144	0	0	0	0	11783	107.45	37.49	13.19	37.31	59.21	42.90	89.98	1.11	16.87	15.76
10/6/2026 10:34:37 AM	12.85	1.62	7.08	4.84	0.00	0.00	0.00	0.00	26.39	58.98	1.16	17.92	6810	1617	3188	145	0	0	0	0	11760	107.60	37.92	12.82	36.97	59.77	43.00	91.08	1.11	16.91	15.78
10/6/2026 10:34:39 AM	12.31	1.62	6.84	4.68	0.00	0.00	0.00	0.00	25.44	58.78	1.21	17.90	6527	1618	3076	140	0	0	0	0	11361	107.23	36.63	12.42	35.88	57.61	41.76	87.61	1.12	16.93	15.80
10/6/2026 10:34:42 AM	12.39	1.68	6.69	4.41	0.00	0.00	0.00	0.00	25.17	58.96	1.22	18.02	6566	1681	3012	132	0	0	0	0	11392	107.56	35.57	12.43	35.58	56.72	40.71	86.36	1.12	16.96	15.78
10/6/2026 10:34:45 AM	12.27	1.74	6.52	4.22	0.00	0.00	0.00	0.00	24.75	58.89	1.29	17.94	6504	1740	2934	127	0	0	0	0	11305	107.43	34.70	12.04	34.97	55.94	40.02	84.31	1.13	17.01	15.78
10/6/2026 10:34:48 AM	11.91	1.75	6.42	3.94	0.00	0.00	0.00	0.00	24.02	59.54	1.35	17.95	6312	1753	2890	118	0	0	0	0	11073	108.61	33.50	11.65	33.97	54.29	38.64	81.58	1.13	17.01	15.89
10/6/2026 10:34:51 AM	11.33	1.70	6.62	3.86	0.00	0.00	0.00	0.00	23.51	59.61	1.40	17.98	6006	1703	2979	116	0	0	0	0	10803	108.74	33.33	11.27	33.24	53.11	38.04	80.20	1.14	17.05	15.89
10/6/2026 10:34:53 AM	11.00	1.47	5.34	3.45	0.00	0.00	0.00	0.00	21.26	59.81	1.51	18.00	5827	1475	2401	104	0	0	0	0	9807	109.11	29.14	10.06	29.87	48.41	34.28	71.98	1.15	17.09	15.92
10/6/2026 10:34:56 AM	10.41	2.20	6.03	2.96	0.00	0.00	0.00	0.00	21.60	59.54	1.52	18.14	5520	2202	2713	89	0	0	0	0	10523	108.60	29.28	10.29	31.65	47.96	35.02	71.28	1.15	17.12	15.92
10/6/2026 10:34:59 AM	10.69	1.53	5.45	3.41	0.00	0.00	0.00	0.00	21.09	59.35	1.55	18.09	5667	1534	2454	102	0	0	0	0	9757	108.26	29.15	9.95	29.80	47.96	34.25	71.29	1.15	17.15	15.92
10/6/2026 10:35:01 AM	10.93	1.61	5.72	3.31	0.00	0.00	0.00	0.00	21.57	59.81	1.59	17.91	5792	1610	2576	99	0	0	0	0	10077	109.11	29.55	10.00	30.37	48.71	34.58	73.00	1.16	17.16	15.96
10/6/2026 10:35:04 AM	10.87	1.63	5.87	3.13	0.00	0.00	0.00	0.00	21.49	59.76	1.62	17.90	5760	1630	2642	94	0	0	0	0	10126	109.01	29.40	9.86	30.02	48.92	34.07	72.40	1.16	17.19	15.96
10/6/2026 10:35:07 AM	10.99	1.43	5.22	3.29	0.00	0.00	0.00	0.00	20.92	59.74	1.65	17.93	5825	1427	2347	99	0	0	0	0	9698	108.98	28.38	9.80	29.20	47.75	33.40	70.81	1.16	17.21	16.04
10/6/2026 10:35:09 AM	10.98	1.76	5.74	3.16	0.00	0.00	0.00	0.00	21.64	59.47	1.68	17.94	5820	1763	2582	95	0	0	0	0	10259	108.49	29.31	10.14	30.63	48.92	34.48	72.46	1.16	17.26	15.99
10/6/2026 10:35:12 AM	10.89	2.15	6.53	2.78	0.00	0.00	0.00	0.00	22.34	60.05	1.74	17.90	5770	2148	2936	83	0	0	0	0	10938	109.55	30.08	10.24	31.85	50.01	35.06	73.98	1.17	17.28	16.05
10/6/2026 10:35:15 AM	10.94	1.84	6.13	3.13	0.00	0.00	0.00	0.00	22.04	60.21	1.81	17.79	5797	1842	2760	94	0	0	0	0	10492	109.83	30.08	10.33	31.24	49.68	34.98	73.91	1.18	17.29	16.05
10/6/2026 10:35:18 AM	10.61	1.80	6.23	2.93	0.00	0.00	0.00	0.00	21.57	60.05	1.92	17.76	5621	1796	2805	88	0	0	0	0	10309	109.54	29.56	10.06	30.38	48.87	33.94	72.27	1.19	17.31	16.08
10/6/2026 10:35:20 AM	10.26	1.43	5.23	2.94	0.00	0.00	0.00	0.00	19.85	60.12	1.98	17.92	5437	1429	2353	88	0	0	0	0	9307	109.67	27.03	9.19	27.71	45.44	31.59	66.91	1.19	17.35	16.10
10/6/2026 10:35:23 AM	10.03	1.56	5.08	2.77	0.00	0.00	0.00	0.00	19.43	60.06	1.96	18.04	5315	1556	2288	83	0	0	0	0	9242	109.56	26.19	8.85	27.38	44.30	31.13	64.89	1.19	17.37	16.12
10/6/2026 10:35:26 AM	10.28	1.81	5.63	2.47	0.00	0.00	0.00	0.00	20.19	60.25	2.00	17.94	5450	1808	2533	74	0	0	0	0	9865	109.90	26.69	9.03	28.52	45.30	31.53	67.16	1.20	17.39	16.12
10/6/2026 10:35:29 AM	10.55	1.88	5.77	2.58	0.00	0.00	0.00	0.00	20.77	60.21	2.05	17.95	5591	1876	2596	77	0	0	0	0	10141	109.83	27.45	9.44	29.45	46.44	32.42	69.12	1.20	17.42	16.15
10/6/2026 10:35:32 AM	10.40	1.97	5.85	2.65	0.00	0.00	0.00	0.00	20.87	59.44	2.10	17.94	5513	1972	2633	79	0	0	0	0	10197	108.42	27.85	9.82	29.95	46.69	32.85	69.17	1.21	17.46	16.13
10/6/2026 10:35:34 AM	10.27	1.80	5.84	2.80	0.00	0.00	0.00	0.00	20.70	59.58	2.16	17.87	5442	1796	2628	84	0	0	0	0	9949	108.69	28.10	9.87	29.50	46.70	32.70	69.13	1.21	17.47	16.20
10/6/2026 10:35:37 AM	10.28	1.63	5.43	2.82	0.00	0.00	0.00	0.00	20.16	59.81	2.25	17.94	5446	1632	2446	85	0	0	0	0	9608	109.10	27.24	9.25	28.40	45.77	32.04	67.45	1.22	17.50	16.23
10/6/2026 10:35:40 AM	9.79	1.64	4.87	2.45	0.00	0.00	0.00	0.00	18.75	60.35	2.32	18.09	5187	1643	2193	74	0	0	0	0	9096	110.09	24.79	8.44	26.54	42.75	29.86	61.90	1.23	17.52	16.25
10/6/2026 10:35:43 AM	9.82	1.49	4.88	2.66	0.00	0.00	0.00	0.00	18.85	60.41	2.39	18.07	5206	1494	2195	80	0	0	0	0	8975	110.20	25.30	8.74	26.57	43.13	30.07	62.86	1.23	17.56	16.28
10/6/2026 10:35:45 AM	9.49	1.56	5.04	2.40	0.00	0.00	0.00	0.00	18.50	59.96	2.43	18.10	5032	1563	2268	72	0	0	0	0	8934	109.38	24.74	8.36	26.09	42.11	29.32	61.51	1.24	17.58	16.28
10/6/2026 10:35:48 AM	9.63	1.61	4.65	2.48	0.00	0.00	0.00	0.00	18.36	60.18	2.48	18.11	5102	1606	2092	74	0	0	0	0	8874	109.77	24.24	8.38	26.15	41.74	29.45	60.63	1.24	17.60	16.28
10/6/2026 10:35:51 AM	9.75	1.57	4.69	2.52	0.00	0.00	0.00	0.00	18.53	59.96	2.52	18.09	5169	1567	2108	76	0	0	0	0	8920	109.38	24.60	8.50	26.15	42.70	29.60	61.01	1.25	17.62	16.31
10/6/2026 10:35:54 AM	9.20	1.30	4.28	2.61	0.00	0.00	0.00	0.00	17.40	60.19	2.59	18.04	4876	1301	1928	78	0	0	0	0	8183	109.80	23.54	8.00	24.46	40.43	28.32	57.82	1.25	17.66	16.33
10/6/2026 10:35:57 AM	9.36	2.10	5.55	1.81	0.00	0.00	0.00	0.00	18.82	59.84	2.64	18.04	4959	2105	2496	54	0	0	0	0	9615	109.16	24.43	8.42	27.07	42.39	29.21	60.71	1.26	17.66	16.36
10/6/2026 10:35:59 AM	9.71	1.71	4.78	2.36	0.00	0.00	0.00	0.00	18.55	59.53	2.70	17.98	5144	1706	2149	71	0	0	0	0	9070	108.58	24.37	8.62	26.44	42.43	29.43	60.72	1.26	17.68	16.34
10/6/2026 10:36:02 AM	9.88	1.76	4.82	2.39	0.00	0.00	0.00	0.00	18.84	60.09	2.78	17.98	5238	1759	2167	72	0	0	0	0	9236	109.61	24.60	8.49	26.86	42.78	29.99	61.76	1.27	17.71	16.39
10/6/2026 10:36:05 AM	9.62	1.81	5.01	2.33	0.00	0.00	0.00	0.00	18.77	59.83	2.83	18.02	5098	1810	2256	70	0	0	0	0	9233	109.14	24.71	8.64	26.94	42.46	29.84	61.52	1.28	17.74	16.41
10/6/2026 10:36:08 AM	9.20	1.61	4.36	2.43	0.00	0.00	0.00	0.00	17.60	59.66	2.85	18.03	4879	1612	1961	73	0	0	0	0	8524	108.82	23.32	8.23	25.35	40.29	28.64	57.61	1.28	17.76	16.42
10/6/2026 10:36:10 AM	9.40	1.61	4.27	2.36	0.00	0.00	0.00	0.00	17.65	59.98	2.83	18.08	4983	1613	1924	71	0	0	0	0	8591	109.42	22.98	8.03	25.32	40.08	28.51	57.86	1.28	17.78	16.39
10/6/2026 10:36:13 AM	9.47	1.68	4.51	2.27	0.00	0.00	0.00	0.00	17.92	59.41	2.87	18.08	5018	1679	2030	68	0	0	0	0	8796	108.38	23.31	8.11	25.64	40.71	28.65	58.66	1.28	17.80	16.45
10/6/2026 10:36:16 AM	9.60	1.50	4.52	2.50	0.00	0.00	0.00	0.00	18.13	59.25	2.90	18.02	5088	1502	2034	75	0	0	0	0	8699	108.08	23.99	8.37	25.67	41.51	29.01	59.98	1.28	17.81	16.49
10/6/2026 10:36:19 AM	9.52	1.55	4.62	2.52	0.00	0.00	0.00	0.00	18.21	59.73	2.94	17.98	5046	1550	2077	76	0	0	0	0	8749	108.96	24.20	8.49	25.97	41.49	29.26	60.31	1.29	17.86	16.50
10/6/2026 10:36:22 AM	9.54	1.56	4.54	2.51	0.00	0.00	0.00	0.00	18.14	59.58	2.99	17.95	5055	1557	2042	75	0	0	0	0	8729	108.68	24.04	8.36	25.84	41.42	29.20	59.89	1.29	17.86	16.49
10/6/2026 10:36:24 AM	9.52	1.58	4.26	2.50	0.00	0.00	0.00	0.00	17.85	59.13	3.05	17.93	5046	1578	1916	75	0	0	0	0	8615	107.86	23.47	8.29	25.56	40.92	28.94	58.52	1.30	17.89	16.50
10/6/2026 10:36:27 AM	8.98	1.68	3.94	2.47	0.00	0.00	0.00	0.00	17.08	59.16	3.11	17.98	4760	1683	1774	74	0	0	0	0	8291	107.92	22.53	8.20	25.10	39.08	28.43	55.26	1.30	17.91	16.55
10/6/2026 10:36:30 AM	8.80	1.56	3.33	2.56	0.00	0.00	0.00	0.01	16.25	59.28	3.15	17.99	4663	1560	1499	77	0	0	0	0	7799	108.14	21.35	7.94	24.10	37.50	27.64	52.56	1.31	17.92	16.53
10/6/2026 10:36:32 AM	8.77	1.54	3.42	2.70	0.00	0.00	0.00	0.02	16.43	59.58	3.20	17.97	4649	1538	1540	81	0	0	0	0	7807	108.68	21.94	7.99	24.35	38.03	28.21	53.38	1.31	17.96	16.63
10/6/2026 10:36:36 AM	8.82	1.75	3.64	2.57	0.00	0.00	0.00	0.00	16.79	59.36	3.29	17.93	4676	1749	1639	77	0	0	0	0	8141	108.28	22.14	8.32	25.17	38.30	28.56	53.92	1.32	17.99	16.58
10/6/2026 10:36:38 AM	8.80	1.56	3.35	2.80	0.00	0.00	0.00	0.01	16.51	59.15	3.35	17.94	4664	1562	1505	84	0	0	0	0	7816	107.90	22.07	8.19	24.64	38.05	28.55	53.49	1.33	17.97	16.76
10/6/2026 10:36:41 AM	8.52	1.80	3.32	2.92	0.00	0.00	0.00	0.02	16.56	58.56	3.45	17.94	4516	1799	1493	87	0	0	0	0	7897	106.83	22.40	8.49	25.52	38.02	29.52	53.08	1.34	18.04	16.71
10/6/2026 10:36:44 AM	8.71	2.07	2.43	3.07	0.00	0.00	0.00	0.12	16.28	57.72	3.57	17.92	4617	2073	1092	92	0	0	0	0	7874	105.30	21.44	8.83	26.30	38.24	30.22	51.50	1.35	18.05	16.68
10/6/2026 10:36:46 AM	8.54	2.29	2.23	2.80	0.00	0.00	0.00	0.26	15.86	58.97	3.69	17.86	4525	2290	1006	84	0	0	0	0	7905	107.58	20.58	8.43	26.15	38.83	29.79	50.16	1.36	18.03	16.87
10/6/2026 10:36:49 AM	8.61	2.10	1.93	2.95	0.00	0.00	0.00	0.26	15.59	59.40	3.71	17.85	4561	2097	870	89	0	0	0	0	7617	108.35	20.28	8.41	25.58	38.42	29.45	49.70	1.36	18.06	16.78
10/6/2026 10:36:52 AM	8.51	2.28	2.32	2.60	0.00	0.00	0.00	0.21	15.71	59.00	3.78	17.82	4509	2276	1044	78	0	0	0	0	7907	107.63	20.05	8.26	25.71	37.77	29.02	49.29	1.37	18.10	16.71
10/6/2026 10:36:55 AM	8.78	2.19	1.83	2.87	0.00	0.00	0.00	0.26	15.68	59.33	3.85	17.81	4654	2195	825	86	0	0	0	0	7760	108.24	19.97	8.38	25.80	38.39	29.49	49.54	1.38	18.11	16.71
10/6/2026 10:36:57 AM	8.51	2.25	1.75	2.75	0.00	0.00	0.00	0.33	15.25	58.22	3.94	17.80	4510	2248	787	82	0	0	0	0	7627	106.20	19.48	8.25	25.45	38.32	28.96	48.38	1.39	18.16	16.78
10/6/2026 10:37:00 AM	8.91	2.30	1.56	2.66	0.00	0.00	0.00	0.36	15.42	58.84	4.00	17.82	4721	2302	701	80	0	0	0	0	7804	107.34	19.12	8.09	25.59	39.01	29.00	48.80	1.39	18.13	16.76
10/6/2026 10:37:03 AM	8.69	2.32	1.57	2.64	0.00	0.00	0.00	0.41	15.21	59.18	4.05	17.79	4608	2316	705	79	0	0	0	0	7709	107.96	19.08	8.07	25.44	39.22	28.83	48.42	1.40	18.18	16.87
10/6/2026 10:37:06 AM	8.59	2.36	1.65	2.59	0.00	0.00	0.00	0.40	15.19	59.17	4.08	17.79	4552	2363	743	78	0	0	0	0	7735	107.94	19.07	8.15	25.52	38.96	28.75	48.16	1.40	18.16	16.90
10/6/2026 10:37:09 AM	8.88	2.31	1.56	2.70	0.00	0.00	0.00	0.37	15.45	58.87	4.12	17.78	4704	2309	701	81	0	0	0	0	7796	107.38	19.25	8.38	25.78	39.13	29.05	48.92	1.40	18.16	17.00
10/6/2026 10:37:11 AM	8.72	2.60	1.88	2.43	0.00	0.00	0.00	0.37	15.63	59.34	4.14	17.77	4622	2603	847	73	0	0	0	0	8145	108.24	19.25	8.33	26.38	39.20	29.21	48.74	1.41	18.20	16.86
10/6/2026 10:37:14 AM	8.78	2.14	1.27	2.83	0.00	0.00	0.00	0.39	15.02	59.07	4.19	17.75	4653	2140	571	85	0	0	0	0	7450	107.76	18.90	8.13	25.05	38.64	28.71	48.04	1.41	18.23	16.87
10/6/2026 10:37:17 AM	8.66	2.39	1.57	2.63	0.00	0.00	0.00	0.43	15.25	58.95	4.26	17.69	4589	2389	708	79	0	0	0	0	7765	107.55	19.15	8.13	25.68	39.46	29.04	48.46	1.42	18.21	17.00
10/6/2026 10:37:19 AM	8.76	2.44	1.50	2.66	0.00	0.00	0.00	0.43	15.36	58.86	4.27	17.71	4642	2439	675	80	0	0	0	0	7836	107.37	19.18	8.20	25.96	39.67	29.33	48.65	1.42	18.27	16.90
10/6/2026 10:37:22 AM	8.62	2.26	1.44	2.63	0.00	0.00	0.00	0.41	14.95	58.99	4.36	17.71	4570	2258	646	79	0	0	0	0	7553	107.60	18.69	8.03	25.06	38.57	28.40	47.58	1.43	18.26	17.02
10/6/2026 10:37:25 AM	8.92	2.15	1.15	2.97	0.00	0.00	0.00	0.39	15.18	59.02	4.41	17.70	4726	2146	518	89	0	0	0	0	7478	107.67	19.12	8.29	25.38	39.05	29.20	48.55	1.43	18.26	16.92
10/6/2026 10:37:27 AM	8.76	2.38	1.46	2.71	0.00	0.00	0.00	0.43	15.31	58.46	4.40	17.71	4643	2381	659	81	0	0	0	0	7763	106.65	19.19	8.32	25.85	39.63	29.19	48.66	1.43	18.32	16.95
10/6/2026 10:37:30 AM	8.94	2.38	1.40	2.82	0.00	0.00	0.00	0.42	15.55	58.45	4.49	17.70	4741	2384	629	85	0	0	0	0	7839	106.63	19.46	8.46	26.21	40.01	29.70	49.35	1.44	18.34	17.10
10/6/2026 10:37:33 AM	9.18	2.36	1.41	2.97	0.00	0.00	0.00	0.41	15.91	58.16	4.56	17.70	4863	2358	633	89	0	0	0	0	7943	106.09	20.02	8.67	26.66	40.82	30.35	50.66	1.45	18.35	17.08
10/6/2026 10:37:36 AM	9.19	2.33	1.25	3.12	0.00	0.00	0.00	0.44	15.89	58.63	4.65	17.66	4873	2332	564	93	0	0	0	0	7862	106.96	20.16	8.83	26.79	41.18	30.65	50.84	1.46	18.34	17.10
10/6/2026 10:37:38 AM	9.23	2.43	1.50	2.91	0.00	0.00	0.00	0.44	16.07	58.22	4.75	17.63	4890	2431	676	87	0	0	0	0	8084	106.21	20.17	8.73	26.94	41.45	30.49	51.17	1.47	18.35	17.10
10/6/2026 10:37:41 AM	8.83	2.25	1.19	2.98	0.00	0.00	0.00	0.49	15.25	58.15	4.80	17.61	4677	2248	537	90	0	0	0	0	7551	106.07	19.49	8.48	25.82	40.44	29.60	49.20	1.47	18.38	17.11
10/6/2026 10:37:44 AM	8.97	2.45	1.42	2.80	0.00	0.00	0.00	0.48	15.64	57.87	4.83	17.60	4753	2451	640	84	0	0	0	0	7928	105.56	19.63	8.57	26.50	40.95	29.89	49.87	1.47	18.41	17.11
10/6/2026 10:37:47 AM	9.09	2.28	1.13	2.99	0.00	0.00	0.00	0.46	15.49	58.14	4.88	17.55	4819	2275	510	90	0	0	0	0	7694	106.06	19.47	8.45	26.05	40.49	29.86	49.62	1.48	18.42	17.08
10/6/2026 10:37:50 AM	8.97	2.27	1.24	2.87	0.00	0.00	0.00	0.48	15.33	57.91	4.93	17.57	4752	2268	556	86	0	0	0	0	7661	105.64	19.32	8.34	25.76	40.53	29.41	49.35	1.48	18.43	17.15
10/6/2026 10:37:52 AM	8.90	2.34	1.25	2.88	0.00	0.00	0.00	0.50	15.38	57.22	5.00	17.55	4716	2344	564	87	0	0	0	0	7710	104.38	19.45	8.52	26.08	40.76	29.65	49.41	1.49	18.42	17.15
10/6/2026 10:37:55 AM	8.80	2.31	1.22	2.77	0.00	0.00	0.00	0.51	15.09	57.93	5.07	17.53	4662	2310	547	83	0	0	0	0	7602	105.68	19.01	8.10	25.51	40.32	29.14	48.58	1.50	18.47	17.16
10/6/2026 10:37:58 AM	9.31	2.28	1.18	2.81	0.00	0.00	0.00	0.48	15.58	57.97	5.15	17.33	4936	2284	530	84	0	0	0	0	7835	105.76	19.21	8.37	25.95	41.01	29.43	50.01	1.50	18.46	17.23
10/6/2026 10:38:01 AM	9.86	2.18	1.19	2.65	0.00	0.00	0.00	0.46	15.88	58.04	5.22	17.17	5227	2184	536	79	0	0	0	0	8026	105.89	18.98	8.00	25.63	41.67	29.04	51.13	1.51	18.47	17.21
10/6/2026 10:38:04 AM	10.35	2.68	1.70	1.54	0.00	0.00	0.00	0.53	16.27	57.62	5.27	17.11	5487	2677	766	46	0	0	0	0	8976	105.11	17.56	7.07	25.77	42.73	27.63	51.13	1.52	18.48	17.24
10/6/2026 10:38:06 AM	11.14	3.10	2.32	0.76	0.00	0.00	0.00	0.56	17.32	56.20	5.31	17.07	5903	3103	1045	23	0	0	0	0	10074	102.52	17.37	6.74	26.81	44.92	27.45	53.50	1.52	18.52	17.26
10/6/2026 10:38:09 AM	10.69	2.83	2.32	0.92	0.00	0.00	0.00	0.57	16.76	56.47	5.40	17.08	5666	2831	1043	28	0	0	0	0	9568	103.02	17.44	6.60	25.79	44.16	26.84	52.64	1.53	18.53	17.31
10/6/2026 10:38:12 AM	11.90	3.35	2.72	0.83	0.00	0.00	0.00	0.69	18.81	55.80	5.46	16.54	6309	3351	1225	25	0	0	0	0	10910	101.79	19.33	7.20	28.92	49.90	29.70	58.88	1.54	18.52	17.27
10/6/2026 10:38:15 AM	13.35	4.19	3.76	0.54	0.00	0.00	0.00	0.79	21.84	54.59	5.51	16.29	7073	4194	1692	16	0	0	0	0	12976	99.58	22.29	8.36	33.67	57.38	33.51	67.63	1.54	18.53	17.29
10/6/2026 10:38:17 AM	14.73	4.71	3.95	0.60	0.00	0.00	0.00	0.95	23.99	54.82	5.54	16.14	7807	4709	1779	18	0	0	0	0	14313	100.01	24.34	9.04	37.05	63.91	36.85	74.42	1.54	18.56	17.32
10/6/2026 10:38:20 AM	17.24	5.29	4.62	0.99	0.00	0.00	0.00	0.84	28.14	54.09	5.61	15.86	9140	5289	2078	30	0	0	0	0	16536	98.68	28.48	10.69	42.81	71.41	42.73	86.24	1.55	18.57	17.35
