Date/Time	Green Algae	Bluegreen	Diatoms	Cryptophyta	#5	#6	#7	Yellow substances	Total conc.	Transmission	Depth	Temp. Sample	Green Algae	Bluegreen	Diatoms	Cryptophyta	#5	#6	#7	Yellow substances	Total cell count	Trans. 700 nm	LED 3 [525 nm]	LED 4 [570 nm]	LED 5 [610 nm]	LED 6 [370 nm]	LED 7 [590 nm]	LED 8 [470 nm]	Pressure	Temp. LEDs	Temp. Sensor
date	µg/l	µg/l	µg/l	µg/l	µg/l	µg/l	µg/l	r.u.	µg/l	%	m	°C	cells/ml	cells/ml	cells/ml	cells/ml	cells/ml	cells/ml	cells/ml	r.u.	cells/ml	digits	digits	digits	digits	digits	digits	digits	bar	°C	°C
9/22/2026 2:41:48 PM	0.35	0.56	0.00	0.00	0.00	0.00	0.00	0.00	0.91	60.64	-0.71	23.06	186	561	0	0	0	0	0	0	746	110.61	0.14	0.21	6.01	2.19	3.62	1.24	0.93	22.63	23.51
9/22/2026 2:41:51 PM	0.06	0.64	0.00	0.00	0.00	0.00	0.00	0.00	0.71	61.06	-0.72	23.05	33	645	0	0	0	0	0	0	677	111.39	1.42	-1.72	6.82	1.27	3.02	0.31	0.93	22.72	23.57
9/22/2026 2:41:54 PM	0.02	0.83	0.00	0.00	0.00	0.00	0.00	0.07	0.85	59.93	-0.72	23.06	9	830	0	0	0	0	0	0	838	109.33	0.28	-0.38	6.45	2.52	4.74	0.66	0.93	22.77	23.60
9/22/2026 2:41:57 PM	0.00	0.62	0.00	0.00	0.00	0.00	0.00	0.00	0.62	61.03	-0.72	23.06	0	623	0	0	0	0	0	0	623	111.33	1.14	1.85	5.57	2.26	3.34	-2.03	0.93	22.82	23.60
9/22/2026 2:41:59 PM	0.03	0.28	0.00	0.00	0.00	0.00	0.00	0.00	0.30	61.32	-0.72	23.06	15	277	0	0	0	0	0	0	291	111.85	-0.66	0.97	3.23	0.94	3.91	0.29	0.93	22.86	23.62
9/22/2026 2:42:02 PM	0.00	0.66	0.07	0.00	0.00	0.00	0.00	0.00	0.74	61.60	-0.72	23.08	0	661	34	0	0	0	0	0	694	112.36	1.48	0.02	6.21	1.04	3.58	0.60	0.93	22.94	23.67
9/22/2026 2:42:05 PM	0.00	0.84	0.00	0.00	0.00	0.00	0.00	0.00	0.84	60.27	-0.72	23.06	0	839	0	0	0	0	0	0	839	109.94	-0.13	-0.86	7.03	1.80	4.26	-1.19	0.93	22.96	23.65
9/22/2026 2:42:07 PM	0.00	0.39	0.29	0.00	0.00	0.00	0.00	0.00	0.68	60.30	-0.71	23.06	0	390	132	0	0	0	0	0	522	109.99	3.07	-0.51	5.22	1.74	2.90	0.55	0.93	23.02	23.65
9/22/2026 2:42:10 PM	0.00	0.66	0.00	0.00	0.00	0.00	0.00	0.04	0.66	60.86	-0.72	23.04	0	657	0	0	0	0	0	0	657	111.02	1.35	0.34	5.77	2.07	3.75	-0.25	0.93	23.07	23.69
9/22/2026 2:42:13 PM	0.85	0.40	0.00	0.00	0.00	0.00	0.00	0.00	1.25	61.20	-0.73	23.03	448	404	0	0	0	0	0	0	853	111.65	-0.54	-0.86	6.57	3.02	3.12	3.03	0.93	23.10	23.70
9/22/2026 2:42:15 PM	0.08	0.10	0.15	0.00	0.00	0.00	0.00	0.05	0.33	60.70	-0.73	23.01	40	104	68	0	0	0	0	0	212	110.72	1.44	-0.66	3.37	2.03	2.92	1.15	0.93	23.14	23.73
9/22/2026 2:42:19 PM	0.00	0.38	0.00	0.00	0.00	0.00	0.00	0.08	0.38	61.01	-0.74	23.01	0	381	0	0	0	0	0	0	381	111.29	0.45	-0.06	4.01	2.62	3.87	-0.11	0.93	23.18	23.77
9/22/2026 2:42:21 PM	0.00	0.55	0.00	0.00	0.00	0.00	0.00	0.05	0.55	61.20	-0.71	22.98	0	550	0	0	0	0	0	0	550	111.64	1.17	0.46	5.08	2.29	3.70	-0.49	0.93	23.23	23.78
9/22/2026 2:42:24 PM	0.02	0.54	0.00	0.00	0.00	0.00	0.00	0.11	0.56	60.45	-0.72	22.82	9	542	0	0	0	0	0	0	551	110.28	0.27	-0.07	5.04	2.87	4.11	0.91	0.93	23.27	23.77
9/22/2026 2:42:27 PM	0.07	0.52	0.00	0.00	0.00	0.00	0.00	0.00	0.59	60.57	-0.72	22.68	37	520	0	0	0	0	0	0	557	110.49	0.67	0.29	5.85	1.04	2.93	0.48	0.93	23.28	23.78
9/22/2026 2:42:29 PM	0.00	0.38	0.00	0.00	0.00	0.00	0.00	0.00	0.38	60.92	-0.73	22.72	0	385	0	0	0	0	0	0	385	111.12	-0.51	0.35	4.79	0.50	3.21	0.25	0.93	23.34	23.78
9/22/2026 2:42:32 PM	0.72	0.63	0.00	0.00	0.00	0.00	0.00	0.00	1.36	60.22	-0.72	22.78	384	634	0	0	0	0	0	0	1018	109.86	0.26	0.30	5.94	2.98	4.90	2.57	0.93	23.37	23.81
9/22/2026 2:42:35 PM	0.06	0.60	0.00	0.00	0.00	0.00	0.00	0.00	0.66	60.77	-0.72	22.77	33	599	0	0	0	0	0	0	632	110.85	0.83	-0.83	6.21	0.93	3.33	0.56	0.93	23.40	23.85
9/22/2026 2:42:38 PM	1.93	1.32	0.00	0.00	0.00	0.00	0.00	0.00	3.24	55.83	-0.61	23.03	1022	1315	0	0	0	0	0	0	2337	101.85	2.59	1.00	10.34	5.24	7.13	7.33	0.94	23.42	23.86
9/22/2026 2:42:40 PM	11.00	1.89	2.90	0.32	0.00	0.00	0.00	0.00	16.11	75.26	-0.37	23.77	5830	1887	1306	10	0	0	0	0	9033	137.28	14.86	4.08	21.63	34.38	22.55	50.78	0.96	23.44	23.88
9/22/2026 2:42:43 PM	10.61	1.19	3.05	0.34	0.00	0.00	0.00	0.00	15.19	77.45	-0.21	24.40	5626	1188	1372	10	0	0	0	0	8196	141.26	14.64	4.37	19.06	33.93	19.72	49.55	0.98	23.50	23.88
9/22/2026 2:42:46 PM	11.34	0.56	1.64	1.16	0.00	0.00	0.00	0.00	14.71	78.59	-0.07	24.39	6010	563	739	35	0	0	0	0	7347	143.35	14.24	4.44	17.69	34.51	19.92	48.69	0.99	23.52	23.89
9/22/2026 2:42:49 PM	11.04	0.38	1.66	1.20	0.00	0.00	0.00	0.00	14.29	80.35	-0.00	24.35	5850	383	749	36	0	0	0	0	7017	146.55	13.90	4.72	17.23	33.00	19.02	48.45	1.00	23.54	23.89
9/22/2026 2:42:51 PM	10.53	0.56	2.44	0.80	0.00	0.00	0.00	0.00	14.33	81.35	0.07	24.32	5580	556	1100	24	0	0	0	0	7259	148.38	14.12	3.18	16.99	32.06	19.23	49.00	1.01	23.58	23.93
9/22/2026 2:42:54 PM	10.95	0.58	2.19	0.95	0.00	0.00	0.00	0.00	14.67	81.42	0.13	24.32	5801	581	987	28	0	0	0	0	7398	148.51	14.24	4.84	17.95	33.18	19.10	49.66	1.01	23.61	23.94
9/22/2026 2:42:57 PM	10.85	0.28	1.96	1.26	0.00	0.00	0.00	0.00	14.36	81.87	0.17	24.35	5750	281	883	38	0	0	0	0	6952	149.33	14.45	4.50	17.14	32.89	19.19	49.56	1.02	23.65	24.01
9/22/2026 2:43:00 PM	10.78	0.68	2.53	0.73	0.00	0.00	0.00	0.00	14.72	82.04	0.21	24.34	5714	678	1140	22	0	0	0	0	7553	149.64	14.25	3.14	17.58	32.54	19.68	50.08	1.02	23.68	24.01
9/22/2026 2:43:02 PM	10.45	0.65	2.92	0.67	0.00	0.00	0.00	0.00	14.70	81.55	0.26	24.31	5540	655	1313	20	0	0	0	0	7528	148.75	14.87	4.15	17.59	33.47	19.01	49.73	1.03	23.69	23.99
9/22/2026 2:43:05 PM	10.83	0.42	2.21	1.02	0.00	0.00	0.00	0.00	14.48	81.86	0.30	24.32	5739	423	993	31	0	0	0	0	7186	149.30	14.35	4.22	17.26	32.97	19.09	49.58	1.03	23.70	24.01
9/22/2026 2:43:07 PM	11.60	0.09	1.69	1.30	0.00	0.00	0.00	0.00	14.68	81.67	0.33	24.30	6150	91	760	39	0	0	0	0	7039	148.96	14.15	4.69	17.08	33.59	18.84	51.24	1.03	23.74	24.02
9/22/2026 2:43:10 PM	11.22	0.18	2.01	1.13	0.00	0.00	0.00	0.00	14.54	81.53	0.34	24.28	5949	179	903	34	0	0	0	0	7064	148.70	14.42	3.82	16.56	33.84	19.02	50.20	1.03	23.79	24.02
9/22/2026 2:43:13 PM	11.31	0.21	1.56	1.30	0.00	0.00	0.00	0.00	14.39	81.99	0.36	24.25	5995	212	704	39	0	0	0	0	6949	149.55	13.99	3.90	16.75	33.20	19.36	49.46	1.04	23.79	24.01
9/22/2026 2:43:15 PM	10.21	0.48	2.93	0.77	0.00	0.00	0.00	0.00	14.39	81.52	0.40	24.27	5411	483	1319	23	0	0	0	0	7236	148.68	14.84	4.04	17.08	32.59	18.64	49.61	1.04	23.83	24.09
9/22/2026 2:43:18 PM	11.19	0.00	1.70	1.39	0.00	0.00	0.00	0.00	14.28	82.15	0.44	24.32	5930	0	766	42	0	0	0	0	6738	149.85	14.15	4.45	16.32	32.73	18.84	50.36	1.04	23.84	24.09
9/22/2026 2:43:21 PM	11.24	0.19	1.84	1.18	0.00	0.00	0.00	0.00	14.46	81.87	0.48	24.32	5959	191	828	35	0	0	0	0	7013	149.33	14.11	4.13	16.78	33.21	18.90	50.05	1.05	23.87	24.05
9/22/2026 2:43:23 PM	10.94	0.24	1.79	1.23	0.00	0.00	0.00	0.00	14.20	82.33	0.52	24.35	5798	244	803	37	0	0	0	0	6882	150.16	14.09	4.19	16.71	32.83	18.97	48.84	1.05	23.90	24.15
9/22/2026 2:43:27 PM	10.73	0.41	2.07	1.24	0.00	0.00	0.00	0.00	14.45	82.14	0.57	24.32	5687	410	932	37	0	0	0	0	7066	149.82	14.53	4.85	17.76	32.53	19.41	49.85	1.06	23.94	24.14
9/22/2026 2:43:29 PM	10.66	0.48	2.26	0.90	0.00	0.00	0.00	0.00	14.31	82.43	0.59	24.32	5652	483	1018	27	0	0	0	0	7180	150.34	14.05	3.84	17.05	32.32	18.91	48.90	1.06	23.94	24.10
9/22/2026 2:43:32 PM	10.96	0.30	2.12	0.92	0.00	0.00	0.00	0.00	14.30	82.20	0.62	24.30	5810	297	953	28	0	0	0	0	7088	149.93	13.83	4.33	16.74	32.67	18.14	49.29	1.06	23.97	24.15
9/22/2026 2:43:35 PM	11.25	0.22	1.92	1.18	0.00	0.00	0.00	0.00	14.57	82.16	0.65	24.26	5965	218	865	35	0	0	0	0	7083	149.85	14.22	4.53	17.13	33.23	18.86	50.56	1.06	23.99	24.15
9/22/2026 2:43:37 PM	10.86	0.57	2.70	0.78	0.00	0.00	0.00	0.00	14.91	81.71	0.66	24.24	5758	566	1215	23	0	0	0	0	7561	149.03	14.77	4.35	17.81	33.65	19.10	50.88	1.07	24.04	24.17
9/22/2026 2:43:40 PM	10.44	0.60	2.63	0.93	0.00	0.00	0.00	0.00	14.59	81.70	0.74	24.15	5535	595	1181	28	0	0	0	0	7340	149.02	14.77	4.36	17.87	32.56	19.40	49.99	1.07	24.04	24.18
9/22/2026 2:43:43 PM	10.80	0.55	2.19	1.00	0.00	0.00	0.00	0.00	14.54	81.87	0.80	24.21	5722	549	988	30	0	0	0	0	7289	149.34	14.29	4.43	17.71	32.79	19.30	49.45	1.08	24.06	24.18
9/22/2026 2:43:46 PM	10.47	0.13	2.27	1.25	0.00	0.00	0.00	0.00	14.11	82.06	0.88	24.28	5548	126	1019	37	0	0	0	0	6730	149.68	14.83	4.39	16.40	32.92	18.65	49.18	1.09	24.09	24.20
9/22/2026 2:43:49 PM	10.60	0.38	2.14	1.20	0.00	0.00	0.00	0.00	14.32	82.14	0.89	24.30	5617	384	961	36	0	0	0	0	6998	149.82	14.57	4.51	17.33	32.63	19.29	49.25	1.09	24.10	24.22
9/22/2026 2:43:51 PM	10.57	0.60	2.60	0.70	0.00	0.00	0.00	0.00	14.47	82.31	0.97	24.37	5603	605	1169	21	0	0	0	0	7398	150.13	14.24	3.66	17.21	32.67	18.91	49.13	1.10	24.16	24.26
9/22/2026 2:43:54 PM	10.85	0.24	1.82	1.28	0.00	0.00	0.00	0.00	14.20	81.83	1.03	24.33	5750	242	820	39	0	0	0	0	6850	149.26	14.09	4.53	17.03	32.19	18.95	49.33	1.10	24.15	24.26
9/22/2026 2:43:57 PM	10.48	0.50	2.58	0.88	0.00	0.00	0.00	0.00	14.43	82.24	1.10	24.36	5553	497	1159	26	0	0	0	0	7236	150.00	14.52	4.00	17.27	32.47	18.99	49.58	1.11	24.19	24.30
9/22/2026 2:44:00 PM	10.81	0.41	2.20	1.01	0.00	0.00	0.00	0.00	14.43	82.52	1.13	24.39	5730	410	989	30	0	0	0	0	7159	150.50	14.30	4.34	17.17	33.01	18.89	49.32	1.11	24.20	24.28
9/22/2026 2:44:02 PM	10.71	0.21	1.86	1.26	0.00	0.00	0.00	0.00	14.04	82.12	1.19	24.33	5675	210	838	38	0	0	0	0	6761	149.79	14.12	4.47	16.67	32.31	18.70	48.62	1.12	24.21	24.31
9/22/2026 2:44:05 PM	10.45	0.25	2.25	1.15	0.00	0.00	0.00	0.00	14.10	82.16	1.24	24.37	5539	252	1011	34	0	0	0	0	6836	149.86	14.43	4.41	16.75	32.18	18.61	49.04	1.12	24.25	24.33
9/22/2026 2:44:08 PM	10.98	0.33	1.81	1.44	0.00	0.00	0.00	0.00	14.57	82.49	1.29	24.33	5819	333	816	43	0	0	0	0	7012	150.46	14.79	4.61	17.66	33.32	20.05	50.10	1.13	24.27	24.31
9/22/2026 2:44:10 PM	10.92	0.23	1.98	1.21	0.00	0.00	0.00	0.00	14.34	82.28	1.33	24.36	5786	229	893	36	0	0	0	0	6944	150.07	14.34	3.96	16.80	32.76	19.16	49.78	1.13	24.28	24.33
9/22/2026 2:44:13 PM	10.53	0.41	2.51	0.89	0.00	0.00	0.00	0.00	14.34	82.59	1.37	24.35	5583	412	1129	27	0	0	0	0	7151	150.63	14.42	4.09	16.95	32.64	18.63	49.33	1.13	24.29	24.39
9/22/2026 2:44:15 PM	10.99	0.29	2.07	0.97	0.00	0.00	0.00	0.00	14.32	82.67	1.42	24.39	5823	294	931	29	0	0	0	0	7077	150.78	13.85	3.94	16.71	32.50	18.50	49.49	1.14	24.33	24.39
9/22/2026 2:44:18 PM	10.87	0.36	2.05	1.07	0.00	0.00	0.00	0.00	14.36	82.27	1.49	24.42	5761	363	923	32	0	0	0	0	7079	150.05	14.12	4.19	17.07	32.63	18.95	49.35	1.15	24.36	24.34
9/22/2026 2:44:21 PM	10.82	0.30	2.18	1.01	0.00	0.00	0.00	0.00	14.30	82.48	1.54	24.39	5732	296	980	30	0	0	0	0	7038	150.44	14.12	4.09	16.77	32.56	18.58	49.44	1.15	24.37	24.42
9/22/2026 2:44:24 PM	10.62	0.21	2.00	1.26	0.00	0.00	0.00	0.00	14.10	82.51	1.59	24.34	5631	213	900	38	0	0	0	0	6782	150.50	14.37	4.20	16.67	32.35	18.96	49.00	1.16	24.37	24.42
9/22/2026 2:44:26 PM	10.67	0.46	2.23	0.95	0.00	0.00	0.00	0.00	14.31	82.61	1.64	24.31	5652	462	1003	29	0	0	0	0	7146	150.67	14.11	4.06	17.12	32.40	18.91	48.94	1.16	24.39	24.44
9/22/2026 2:44:29 PM	10.42	0.57	2.66	0.76	0.00	0.00	0.00	0.00	14.40	82.70	1.72	24.32	5521	566	1198	23	0	0	0	0	7307	150.84	14.36	4.11	17.32	32.36	18.70	49.23	1.17	24.41	24.46
9/22/2026 2:44:32 PM	10.53	0.34	1.90	1.12	0.00	0.00	0.00	0.00	13.89	82.69	1.81	24.37	5583	343	855	34	0	0	0	0	6815	150.82	13.81	4.37	16.67	31.93	18.52	47.56	1.18	24.46	24.49
9/22/2026 2:44:35 PM	10.54	0.36	1.93	1.16	0.00	0.00	0.00	0.00	14.00	82.86	1.88	24.35	5588	364	867	35	0	0	0	0	6854	151.13	14.03	4.40	16.86	32.19	18.83	47.85	1.18	24.45	24.44
9/22/2026 2:44:37 PM	10.24	0.47	2.26	1.01	0.00	0.00	0.00	0.00	13.98	82.77	2.01	24.33	5430	466	1015	30	0	0	0	0	6941	150.97	14.18	4.08	16.87	31.87	18.84	47.72	1.20	24.47	24.47
9/22/2026 2:44:40 PM	10.36	0.61	2.07	1.07	0.00	0.00	0.00	0.00	14.11	82.81	2.07	24.34	5493	611	930	32	0	0	0	0	7066	151.04	14.14	4.29	17.45	32.10	19.41	47.51	1.20	24.50	24.47
9/22/2026 2:44:43 PM	10.31	0.73	2.41	0.79	0.00	0.00	0.00	0.00	14.24	82.81	2.16	24.34	5464	728	1085	24	0	0	0	0	7301	151.04	14.06	4.27	17.59	32.11	18.98	47.76	1.21	24.53	24.62
9/22/2026 2:44:45 PM	10.47	0.87	2.35	0.61	0.00	0.00	0.00	0.00	14.30	82.75	2.21	24.32	5548	869	1059	18	0	0	0	0	7494	150.93	13.66	4.07	17.68	32.29	18.92	47.21	1.22	24.56	24.62
9/22/2026 2:44:49 PM	10.20	0.77	2.41	0.67	0.00	0.00	0.00	0.00	14.06	82.51	2.30	24.26	5408	771	1087	20	0	0	0	0	7286	150.50	13.74	4.03	17.30	31.81	18.67	46.83	1.23	24.55	24.55
9/22/2026 2:44:51 PM	10.61	0.53	2.01	1.07	0.00	0.00	0.00	0.00	14.22	82.60	2.37	24.22	5625	526	905	32	0	0	0	0	7089	150.67	14.17	4.27	17.21	32.82	19.25	47.84	1.23	24.57	24.59
9/22/2026 2:44:54 PM	10.83	0.66	2.04	0.90	0.00	0.00	0.00	0.00	14.43	82.42	2.41	24.17	5738	660	919	27	0	0	0	0	7344	150.34	13.96	4.20	17.52	33.12	19.29	48.05	1.24	24.59	24.57
9/22/2026 2:44:57 PM	10.29	0.84	2.60	0.70	0.00	0.00	0.00	0.00	14.43	82.65	2.43	24.17	5453	839	1172	21	0	0	0	0	7485	150.75	14.32	4.20	17.89	32.55	19.28	48.07	1.24	24.60	24.59
9/22/2026 2:44:59 PM	10.51	0.93	2.52	0.68	0.00	0.00	0.00	0.00	14.64	82.65	2.49	23.95	5568	934	1134	20	0	0	0	0	7657	150.75	14.27	4.19	18.26	32.92	19.62	48.35	1.24	24.64	24.62
9/22/2026 2:45:02 PM	10.58	1.25	1.93	0.61	0.00	0.00	0.00	0.00	14.36	82.39	2.62	23.69	5606	1246	867	18	0	0	0	0	7737	150.27	13.30	4.50	18.59	32.83	19.73	45.26	1.26	24.66	24.59
9/22/2026 2:45:05 PM	10.35	1.67	1.93	0.45	0.00	0.00	0.00	0.01	14.40	82.19	2.63	23.57	5487	1673	869	13	0	0	0	0	8042	149.90	13.06	4.45	19.50	32.60	20.46	44.00	1.26	24.67	24.59
9/22/2026 2:45:08 PM	10.00	1.67	2.30	0.29	0.00	0.00	0.00	0.06	14.25	82.27	2.65	23.45	5299	1666	1036	9	0	0	0	0	8010	150.05	13.28	4.23	19.14	32.90	20.02	44.01	1.26	24.69	24.67
9/22/2026 2:45:10 PM	10.66	1.22	1.30	0.90	0.00	0.00	0.00	0.02	14.08	82.09	2.69	23.56	5650	1219	586	27	0	0	0	0	7482	149.73	12.92	4.30	18.47	32.56	20.32	44.14	1.26	24.70	24.59
9/22/2026 2:45:13 PM	10.14	1.62	1.58	0.67	0.00	0.00	0.00	0.08	14.02	82.12	2.76	23.47	5375	1621	712	20	0	0	0	0	7729	149.79	12.97	4.34	19.27	32.63	20.75	43.21	1.27	24.73	24.70
9/22/2026 2:45:16 PM	9.23	2.10	2.27	0.07	0.00	0.00	0.00	0.13	13.67	82.00	2.87	22.87	4892	2098	1022	2	0	0	0	0	8015	149.56	12.60	4.30	19.62	31.87	20.00	41.17	1.28	24.70	24.63
9/22/2026 2:45:18 PM	9.39	1.93	2.00	0.22	0.00	0.00	0.00	0.11	13.54	82.13	2.94	22.82	4979	1930	899	7	0	0	0	0	7814	149.79	12.37	4.19	19.18	31.43	19.87	40.94	1.29	24.73	24.68
9/22/2026 2:45:21 PM	8.81	2.14	2.24	0.00	0.00	0.00	0.00	0.11	13.19	82.11	2.96	22.78	4669	2137	1010	0	0	0	0	0	7816	149.77	12.08	4.18	19.28	30.39	19.41	39.26	1.29	24.74	24.73
9/22/2026 2:45:23 PM	9.25	2.02	2.08	0.15	0.00	0.00	0.00	0.08	13.51	81.88	3.05	22.54	4903	2021	937	5	0	0	0	0	7865	149.34	12.27	4.15	19.30	30.80	19.89	40.37	1.30	24.74	24.71
9/22/2026 2:45:26 PM	9.26	2.04	2.21	0.11	0.00	0.00	0.00	0.09	13.62	81.67	3.12	22.42	4908	2043	995	3	0	0	0	0	7949	148.96	12.46	4.27	19.45	31.24	19.89	40.84	1.31	24.76	24.68
9/22/2026 2:45:29 PM	9.32	2.26	2.33	0.02	0.00	0.00	0.00	0.09	13.93	81.83	3.22	22.10	4941	2258	1049	1	0	0	0	0	8249	149.26	12.63	4.23	20.14	31.58	20.51	41.21	1.32	24.79	24.76
9/22/2026 2:45:32 PM	9.63	2.20	2.33	0.22	0.00	0.00	0.00	0.06	14.38	81.42	3.28	21.49	5102	2200	1050	7	0	0	0	0	8359	148.51	13.31	4.61	20.68	32.46	21.22	42.83	1.32	24.79	24.70
9/22/2026 2:45:34 PM	11.06	2.66	2.46	0.45	0.00	0.00	0.00	0.00	16.63	81.13	3.31	21.32	5862	2661	1105	14	0	0	0	0	9642	147.97	15.15	5.55	24.32	35.85	24.78	48.89	1.32	24.79	24.79
9/22/2026 2:45:37 PM	11.60	3.05	2.66	0.83	0.00	0.00	0.00	0.00	18.14	80.70	3.40	21.23	6150	3046	1198	25	0	0	0	0	10418	147.19	17.20	6.32	27.24	38.60	28.13	53.24	1.33	24.81	24.76
9/22/2026 2:45:40 PM	13.68	5.17	4.53	2.11	0.00	0.00	0.00	0.00	25.49	78.64	3.43	20.28	7250	5174	2039	63	0	0	0	0	14527	143.44	27.14	10.74	41.96	51.15	43.18	74.35	1.34	24.84	24.91
9/22/2026 2:45:43 PM	14.45	4.19	3.32	5.09	0.00	0.00	0.00	0.00	27.05	79.00	3.50	19.38	7660	4194	1495	153	0	0	0	0	13501	144.10	32.93	13.12	44.78	55.57	50.42	83.84	1.34	24.80	24.86
9/22/2026 2:45:45 PM	16.99	11.01	5.30	7.97	0.00	0.00	0.00	0.00	41.27	77.26	3.57	18.52	9007	11013	2384	239	0	0	0	0	22642	140.91	51.47	22.83	80.41	77.94	87.60	113.84	1.35	24.84	24.89
9/22/2026 2:45:48 PM	16.77	8.43	3.54	7.73	0.00	0.00	0.00	0.00	36.47	77.46	3.62	17.74	8888	8434	1591	232	0	0	0	0	19145	141.29	45.09	18.79	68.31	70.00	76.86	104.65	1.35	24.84	24.87
9/22/2026 2:45:51 PM	26.51	18.93	7.21	9.54	0.00	0.00	0.00	0.00	62.19	75.22	3.69	17.49	14048	18934	3243	286	0	0	0	0	36511	137.21	70.68	31.24	122.46	114.14	129.92	161.93	1.36	24.84	24.81
9/22/2026 2:45:53 PM	30.56	20.68	6.74	10.89	0.00	0.00	0.00	0.00	68.87	74.67	3.73	17.54	16196	20678	3033	327	0	0	0	0	40234	136.21	77.01	35.65	135.24	127.15	142.86	179.16	1.37	24.85	25.00
9/22/2026 2:45:56 PM	30.12	25.03	2.51	15.46	0.00	0.00	0.00	0.00	73.12	74.54	3.79	17.41	15966	25027	1129	464	0	0	0	0	42586	135.97	83.60	38.69	156.44	126.79	171.84	181.92	1.37	24.87	24.91
9/22/2026 2:45:59 PM	22.50	51.09	7.45	6.11	0.00	0.00	0.00	0.00	87.15	72.59	3.87	16.85	11925	51092	3352	183	0	0	0	0	66551	132.41	79.79	47.36	228.60	118.73	222.72	148.22	1.38	24.83	24.84
9/22/2026 2:46:02 PM	22.43	43.53	9.80	5.87	0.00	0.00	0.00	0.00	81.63	72.10	3.91	16.73	11888	43528	4408	176	0	0	0	0	60000	131.51	79.11	43.10	202.80	118.41	198.57	153.96	1.38	24.80	24.87
9/22/2026 2:46:04 PM	21.27	61.23	5.23	6.19	0.00	0.00	0.00	0.00	93.92	71.27	4.01	15.15	11272	61234	2353	186	0	0	0	0	75045	130.00	81.67	52.82	262.03	119.25	254.25	138.01	1.39	24.82	24.91
9/22/2026 2:46:07 PM	15.82	85.06	4.27	1.54	0.00	0.00	0.00	0.00	106.69	68.59	4.04	14.66	8383	85063	1921	46	0	0	0	0	95413	125.11	78.75	61.04	332.24	110.34	312.41	105.95	1.40	24.82	24.95
9/22/2026 2:46:10 PM	15.75	81.75	3.87	1.41	0.00	0.00	0.00	0.00	102.79	69.33	4.05	14.89	8350	81755	1739	42	0	0	0	0	91887	126.47	75.56	58.64	319.22	107.69	300.34	101.68	1.40	24.81	24.91
9/22/2026 2:46:13 PM	15.49	81.76	4.83	0.00	0.00	0.00	0.00	0.00	102.08	69.28	4.12	14.73	8209	81763	2173	0	0	0	0	0	92145	126.38	73.31	57.35	317.71	105.71	294.92	99.46	1.40	24.80	24.91
9/22/2026 2:46:15 PM	14.97	74.39	1.93	0.00	0.00	0.00	0.00	0.00	91.28	70.56	4.18	14.32	7932	74386	868	0	0	0	0	0	83186	128.70	62.23	50.56	287.63	92.92	266.80	82.92	1.41	24.78	24.95
9/22/2026 2:46:18 PM	14.65	72.79	1.28	0.00	0.00	0.00	0.00	0.00	88.71	70.35	4.21	14.31	7762	72793	574	0	0	0	0	0	81129	128.32	59.83	49.20	280.70	90.39	260.58	78.02	1.41	24.75	24.97
9/22/2026 2:46:21 PM	13.60	70.27	0.00	0.00	0.00	0.00	0.00	0.00	83.87	70.40	4.25	14.26	7210	70265	0	0	0	0	0	0	77476	128.41	54.35	46.31	270.83	84.14	248.47	67.88	1.42	24.77	24.97
9/22/2026 2:46:24 PM	10.71	52.77	0.00	0.00	0.00	0.00	0.00	0.00	63.49	72.10	4.35	13.54	5679	52771	0	0	0	0	0	0	58450	131.52	40.56	34.47	203.10	65.83	189.02	51.82	1.43	24.73	24.92
9/22/2026 2:46:26 PM	9.90	46.78	0.00	0.00	0.00	0.00	0.00	0.00	56.68	73.35	4.39	13.83	5249	46781	0	0	0	0	0	0	52030	133.80	36.47	30.65	179.92	60.03	168.80	46.81	1.43	24.75	24.97
9/22/2026 2:46:29 PM	9.41	42.98	0.00	0.00	0.00	0.00	0.00	0.00	52.39	73.68	4.50	13.67	4986	42981	0	0	0	0	0	0	47967	134.39	33.43	28.14	165.27	56.18	156.08	43.89	1.44	24.70	25.10
9/22/2026 2:46:32 PM	9.31	40.81	0.00	0.00	0.00	0.00	0.00	0.00	50.12	74.18	4.58	13.23	4935	40812	0	0	0	0	0	0	45747	135.30	31.62	26.82	159.31	54.86	146.52	42.56	1.45	24.70	25.07
9/22/2026 2:46:35 PM	8.73	34.23	0.00	0.00	0.00	0.00	0.00	0.00	42.96	74.54	4.66	13.16	4624	34234	0	0	0	0	0	0	38859	135.97	27.53	22.75	134.47	48.71	124.22	38.37	1.46	24.67	25.05
9/22/2026 2:46:38 PM	8.95	35.97	0.00	0.00	0.00	0.00	0.00	0.00	44.92	74.67	4.72	13.12	4743	35966	0	0	0	0	0	0	40709	136.20	28.43	23.79	141.03	50.36	130.26	39.82	1.46	24.65	25.07
9/22/2026 2:46:40 PM	8.06	27.87	0.00	0.00	0.00	0.00	0.00	0.00	35.94	74.90	4.78	13.08	4274	27873	0	0	0	0	0	0	32147	136.61	23.15	18.68	110.48	41.91	102.66	34.47	1.47	24.61	25.03
9/22/2026 2:46:43 PM	7.76	25.28	0.00	0.00	0.00	0.00	0.00	0.00	33.04	74.57	4.82	13.09	4112	25277	0	0	0	0	0	0	29389	136.02	21.37	16.80	101.16	38.99	93.36	32.80	1.47	24.60	25.07
9/22/2026 2:46:46 PM	7.19	21.44	0.00	0.00	0.00	0.00	0.00	0.00	28.63	74.63	4.88	13.24	3810	21436	0	0	0	0	0	0	25246	136.13	18.74	14.71	86.61	34.81	79.97	29.65	1.48	24.56	25.05
