Date/Time	Green Algae	Bluegreen	Diatoms	Cryptophyta	#5	#6	#7	Yellow substances	Total conc.	Transmission	Depth	Temp. Sample	Green Algae	Bluegreen	Diatoms	Cryptophyta	#5	#6	#7	Yellow substances	Total cell count	Trans. 700 nm	LED 3 [525 nm]	LED 4 [570 nm]	LED 5 [610 nm]	LED 6 [370 nm]	LED 7 [590 nm]	LED 8 [470 nm]	Pressure	Temp. LEDs	Temp. Sensor
date	µg/l	µg/l	µg/l	µg/l	µg/l	µg/l	µg/l	r.u.	µg/l	%	m	°C	cells/ml	cells/ml	cells/ml	cells/ml	cells/ml	cells/ml	cells/ml	r.u.	cells/ml	digits	digits	digits	digits	digits	digits	digits	bar	°C	°C
10/6/2026 1:56:02 PM	10.06	2.12	2.63	1.27	0.00	0.00	0.00	0.00	16.07	73.17	0.12	19.53	5331	2115	1184	38	0	0	0	0	8668	133.47	16.97	6.20	23.54	35.38	25.25	49.31	1.01	18.43	19.44
10/6/2026 1:56:05 PM	10.44	2.28	3.52	0.96	0.00	0.00	0.00	0.00	17.21	74.79	0.26	19.45	5531	2282	1586	29	0	0	0	0	9428	136.41	18.35	6.18	24.57	37.95	25.97	52.99	1.03	18.48	19.49
10/6/2026 1:56:08 PM	11.46	1.79	2.56	1.68	0.00	0.00	0.00	0.00	17.49	76.87	0.40	19.36	6075	1789	1154	50	0	0	0	0	9068	140.21	18.52	6.56	24.47	38.90	26.76	55.40	1.04	18.53	19.44
10/6/2026 1:56:10 PM	11.19	1.77	2.67	1.74	0.00	0.00	0.00	0.00	17.37	74.76	0.45	19.22	5932	1769	1201	52	0	0	0	0	8954	136.36	18.76	6.62	24.42	38.62	26.82	55.21	1.04	18.59	19.49
10/6/2026 1:56:13 PM	11.34	1.98	3.63	1.65	0.00	0.00	0.00	0.00	18.60	76.21	0.53	19.23	6010	1978	1634	49	0	0	0	0	9672	139.01	20.69	7.16	26.14	40.97	28.15	59.48	1.05	18.64	19.51
10/6/2026 1:56:16 PM	11.85	1.54	2.89	2.11	0.00	0.00	0.00	0.00	18.39	76.93	0.59	19.33	6282	1542	1300	63	0	0	0	0	9187	140.32	20.42	7.37	25.39	41.07	27.98	59.87	1.06	18.68	19.52
10/6/2026 1:56:18 PM	11.33	2.31	4.20	1.14	0.00	0.00	0.00	0.00	18.98	75.89	0.63	19.39	6003	2309	1891	34	0	0	0	0	10238	138.42	20.74	6.57	26.51	41.68	28.19	59.69	1.06	18.73	19.60
10/6/2026 1:56:21 PM	12.00	1.90	3.21	1.64	0.00	0.00	0.00	0.00	18.76	75.94	0.70	19.44	6359	1904	1446	49	0	0	0	0	9759	138.52	20.04	7.34	26.15	41.29	27.83	60.02	1.07	18.78	19.60
10/6/2026 1:56:23 PM	12.33	1.85	3.67	1.63	0.00	0.00	0.00	0.00	19.48	76.58	0.77	19.38	6533	1852	1653	49	0	0	0	0	10087	139.68	21.17	7.42	26.59	43.25	28.37	62.80	1.08	18.81	19.60
10/6/2026 1:56:26 PM	12.20	1.52	3.50	2.38	0.00	0.00	0.00	0.00	19.61	76.89	0.82	19.25	6466	1524	1577	71	0	0	0	0	9638	140.25	22.75	7.79	26.74	44.11	29.90	64.49	1.08	18.84	19.62
10/6/2026 1:56:29 PM	13.39	1.26	2.28	2.98	0.00	0.00	0.00	0.00	19.91	77.87	0.89	19.17	7099	1260	1026	89	0	0	0	0	9475	142.03	22.42	7.91	26.91	45.26	31.06	65.67	1.09	18.91	19.64
10/6/2026 1:56:32 PM	12.88	2.04	4.36	1.57	0.00	0.00	0.00	0.00	20.86	78.56	0.95	19.15	6825	2042	1964	47	0	0	0	0	10878	143.28	22.83	7.26	28.23	45.70	30.22	67.65	1.09	18.93	19.68
10/6/2026 1:56:35 PM	12.72	1.80	5.10	1.63	0.00	0.00	0.00	0.00	21.26	78.68	0.99	19.13	6741	1804	2297	49	0	0	0	0	10891	143.51	24.32	8.23	28.31	47.28	29.78	70.13	1.10	18.97	19.62
10/6/2026 1:56:37 PM	13.18	1.56	4.03	2.20	0.00	0.00	0.00	0.00	20.98	78.66	1.07	19.02	6987	1565	1814	66	0	0	0	0	10432	143.47	23.66	7.59	28.00	46.12	30.82	70.01	1.11	19.02	19.64
10/6/2026 1:56:40 PM	12.81	1.84	4.49	1.53	0.00	0.00	0.00	0.00	20.67	78.68	1.15	18.93	6789	1845	2018	46	0	0	0	0	10698	143.51	22.87	7.90	27.60	46.18	29.02	67.26	1.11	19.06	19.72
10/6/2026 1:56:43 PM	13.03	2.06	4.30	1.36	0.00	0.00	0.00	0.00	20.75	79.06	1.23	18.86	6903	2060	1937	41	0	0	0	0	10942	144.21	22.29	7.41	27.87	46.04	29.36	66.64	1.12	19.07	19.62
10/6/2026 1:56:46 PM	12.48	1.96	5.00	1.34	0.00	0.00	0.00	0.00	20.79	79.41	1.26	18.81	6616	1964	2252	40	0	0	0	0	10872	144.84	22.89	7.68	28.21	44.46	29.04	68.86	1.12	19.11	19.75
10/6/2026 1:56:49 PM	13.58	1.83	3.85	1.31	0.00	0.00	0.00	0.00	20.57	78.84	1.33	18.79	7197	1830	1733	39	0	0	0	0	10799	143.81	21.46	6.35	26.57	46.34	28.80	66.05	1.13	19.12	19.65
10/6/2026 1:56:51 PM	12.76	1.42	4.63	1.65	0.00	0.00	0.00	0.00	20.46	78.82	1.39	18.80	6764	1417	2083	50	0	0	0	0	10314	143.76	23.04	5.51	26.00	44.89	29.39	69.07	1.14	19.20	19.76
10/6/2026 1:56:54 PM	11.99	1.78	5.45	1.46	0.00	0.00	0.00	0.00	20.68	78.78	1.48	18.84	6356	1777	2452	44	0	0	0	0	10629	143.69	24.21	6.39	27.02	45.78	29.74	68.61	1.15	19.19	19.94
10/6/2026 1:56:57 PM	12.28	2.12	5.23	1.02	0.00	0.00	0.00	0.00	20.65	79.87	1.65	18.77	6508	2119	2352	31	0	0	0	0	11010	145.68	22.72	6.68	27.56	44.91	28.91	67.19	1.16	19.24	19.83
10/6/2026 1:57:00 PM	12.68	1.90	4.80	1.25	0.00	0.00	0.00	0.00	20.63	80.11	1.85	18.69	6719	1895	2162	38	0	0	0	0	10813	146.12	22.62	7.03	27.25	45.49	28.74	67.42	1.18	19.25	19.86
10/6/2026 1:57:02 PM	12.64	1.86	5.05	1.30	0.00	0.00	0.00	0.00	20.85	80.83	1.91	18.68	6700	1857	2274	39	0	0	0	0	10870	147.43	23.17	7.40	27.57	45.86	28.85	68.65	1.19	19.30	19.83
10/6/2026 1:57:05 PM	12.60	2.08	5.26	0.98	0.00	0.00	0.00	0.00	20.92	80.36	1.99	18.72	6679	2079	2369	29	0	0	0	0	11157	146.57	22.95	6.51	27.46	46.10	28.99	67.89	1.20	19.32	19.88
10/6/2026 1:57:08 PM	11.81	2.36	6.14	0.47	0.00	0.00	0.00	0.00	20.78	80.67	2.12	18.71	6259	2364	2762	14	0	0	0	0	11399	147.13	23.07	5.94	27.39	45.28	28.49	66.97	1.21	19.36	19.94
10/6/2026 1:57:11 PM	12.36	2.44	5.62	0.63	0.00	0.00	0.00	0.00	21.05	80.23	2.21	18.71	6550	2439	2529	19	0	0	0	0	11537	146.33	22.86	6.77	28.13	46.21	28.90	67.03	1.22	19.39	19.94
10/6/2026 1:57:13 PM	12.37	2.40	5.61	0.62	0.00	0.00	0.00	0.00	21.01	80.47	2.22	18.72	6559	2399	2524	19	0	0	0	0	11500	146.77	22.71	6.99	28.14	45.90	28.60	67.21	1.22	19.39	19.91
10/6/2026 1:57:16 PM	12.11	2.30	5.71	0.81	0.00	0.00	0.00	0.00	20.93	80.67	2.29	18.74	6419	2298	2568	24	0	0	0	0	11310	147.13	23.30	7.12	28.04	46.00	28.88	67.37	1.22	19.43	19.88
10/6/2026 1:57:19 PM	12.62	2.10	5.34	0.76	0.00	0.00	0.00	0.00	20.82	80.76	2.39	18.71	6687	2100	2402	23	0	0	0	0	11212	147.30	22.54	6.39	27.11	46.04	28.32	67.26	1.23	19.44	19.96
10/6/2026 1:57:21 PM	12.67	2.14	4.88	1.06	0.00	0.00	0.00	0.00	20.75	80.74	2.45	18.73	6714	2141	2194	32	0	0	0	0	11080	147.26	22.41	7.00	27.73	45.54	28.93	66.91	1.24	19.49	19.96
10/6/2026 1:57:24 PM	12.18	2.20	5.23	1.01	0.00	0.00	0.00	0.00	20.61	81.06	2.54	18.70	6454	2196	2354	30	0	0	0	0	11034	147.86	22.85	6.55	27.50	45.37	29.13	66.37	1.25	19.48	19.94
10/6/2026 1:57:27 PM	11.86	2.15	5.42	0.85	0.00	0.00	0.00	0.00	20.29	80.69	2.56	18.70	6288	2151	2440	26	0	0	0	0	10905	147.18	22.47	6.53	27.10	44.19	28.24	65.86	1.25	19.50	19.94
10/6/2026 1:57:30 PM	11.58	2.05	5.60	1.02	0.00	0.00	0.00	0.00	20.26	80.59	2.59	18.70	6139	2053	2520	31	0	0	0	0	10742	146.99	23.24	5.86	26.71	44.49	28.97	66.14	1.25	19.53	19.99
10/6/2026 1:57:32 PM	11.94	2.11	5.21	0.96	0.00	0.00	0.00	0.00	20.22	80.24	2.65	18.72	6330	2106	2345	29	0	0	0	0	10810	146.36	22.37	6.53	27.02	44.15	28.37	65.64	1.26	19.57	19.97
10/6/2026 1:57:35 PM	11.53	2.09	5.54	0.99	0.00	0.00	0.00	0.00	20.15	80.84	2.72	18.75	6113	2088	2494	30	0	0	0	0	10725	147.46	22.84	6.94	27.18	43.77	28.24	65.93	1.27	19.60	20.01
10/6/2026 1:57:38 PM	11.68	2.30	5.15	0.83	0.00	0.00	0.00	0.00	19.97	80.90	2.80	18.69	6192	2301	2316	25	0	0	0	0	10835	147.57	21.86	6.64	27.19	43.35	28.19	64.00	1.27	19.59	20.02
10/6/2026 1:57:41 PM	11.95	2.29	5.31	0.63	0.00	0.00	0.00	0.00	20.18	80.80	2.88	18.65	6332	2293	2391	19	0	0	0	0	11036	147.37	21.77	6.11	26.95	43.85	27.98	64.75	1.28	19.63	20.02
10/6/2026 1:57:43 PM	11.42	2.30	5.88	0.64	0.00	0.00	0.00	0.00	20.23	80.80	2.97	18.60	6052	2297	2646	19	0	0	0	0	11013	147.38	22.67	6.41	27.20	43.80	28.09	65.51	1.29	19.64	20.07
10/6/2026 1:57:46 PM	11.14	1.88	5.52	1.02	0.00	0.00	0.00	0.00	19.57	80.88	3.01	18.56	5907	1884	2483	31	0	0	0	0	10304	147.51	22.69	6.24	25.84	43.20	27.66	64.26	1.30	19.63	20.07
10/6/2026 1:57:48 PM	11.18	2.25	5.77	0.60	0.00	0.00	0.00	0.00	19.80	80.94	3.01	18.57	5925	2252	2597	18	0	0	0	0	10791	147.63	22.17	6.19	26.60	42.90	27.52	64.05	1.30	19.66	20.09
10/6/2026 1:57:51 PM	11.78	2.06	5.26	0.96	0.00	0.00	0.00	0.00	20.07	80.91	3.14	18.60	6245	2061	2368	29	0	0	0	0	10703	147.59	22.43	6.24	26.63	44.06	28.30	65.16	1.31	19.71	20.15
10/6/2026 1:57:54 PM	10.56	2.18	5.08	0.82	0.00	0.00	0.00	0.00	18.65	80.83	3.26	18.56	5597	2180	2287	25	0	0	0	0	10088	147.44	21.19	6.33	25.50	41.23	26.83	59.39	1.32	19.70	20.10
10/6/2026 1:57:57 PM	11.24	1.91	4.29	1.11	0.00	0.00	0.00	0.00	18.55	80.73	3.26	18.52	5958	1911	1929	33	0	0	0	0	9831	147.25	20.45	6.53	25.14	41.13	26.61	59.63	1.32	19.73	20.09
10/6/2026 1:58:00 PM	11.22	2.11	4.45	0.98	0.00	0.00	0.00	0.00	18.75	80.85	3.28	18.55	5945	2109	2003	29	0	0	0	0	10086	147.47	20.52	6.43	25.66	41.22	26.99	59.81	1.32	19.74	20.15
10/6/2026 1:58:02 PM	10.77	2.34	4.97	0.64	0.00	0.00	0.00	0.00	18.72	80.88	3.34	18.60	5708	2338	2235	19	0	0	0	0	10301	147.53	20.50	6.34	25.92	40.62	26.67	59.33	1.33	19.78	20.13
10/6/2026 1:58:05 PM	10.49	2.18	5.20	0.53	0.00	0.00	0.00	0.00	18.39	81.03	3.38	18.64	5559	2175	2340	16	0	0	0	0	10090	147.79	20.41	6.09	25.02	40.19	25.72	58.81	1.33	19.80	20.13
10/6/2026 1:58:08 PM	10.98	2.24	4.76	0.72	0.00	0.00	0.00	0.00	18.70	81.10	3.42	18.62	5817	2241	2144	21	0	0	0	0	10223	147.91	20.41	5.92	25.51	40.93	26.79	59.28	1.34	19.79	20.15
10/6/2026 1:58:11 PM	10.66	2.24	5.19	0.70	0.00	0.00	0.00	0.00	18.78	81.08	3.48	18.62	5651	2237	2334	21	0	0	0	0	10243	147.88	20.99	6.36	25.78	40.92	26.67	60.06	1.34	19.82	20.13
10/6/2026 1:58:13 PM	10.15	2.57	5.02	0.42	0.00	0.00	0.00	0.00	18.15	80.72	3.54	18.57	5378	2566	2257	13	0	0	0	0	10214	147.22	19.88	6.07	25.59	39.44	26.21	56.30	1.35	19.83	20.18
10/6/2026 1:58:16 PM	10.83	2.12	4.11	1.05	0.00	0.00	0.00	0.00	18.11	80.86	3.56	18.55	5741	2122	1848	31	0	0	0	0	9742	147.49	19.78	6.20	25.17	39.61	26.73	57.44	1.35	19.84	20.20
10/6/2026 1:58:19 PM	10.10	2.72	4.79	0.65	0.00	0.00	0.00	0.00	18.26	80.57	3.67	18.58	5351	2716	2158	19	0	0	0	0	10245	146.95	20.09	6.62	26.55	39.23	27.16	56.33	1.36	19.86	20.17
10/6/2026 1:58:22 PM	10.76	3.23	3.78	1.38	0.00	0.00	0.00	0.00	19.15	80.44	3.82	18.40	5704	3230	1700	41	0	0	0	0	10676	146.72	20.84	7.68	29.62	40.74	31.06	57.21	1.37	19.89	20.20
10/6/2026 1:58:24 PM	10.62	2.95	3.88	1.25	0.00	0.00	0.00	0.00	18.71	80.42	3.87	18.21	5629	2948	1748	38	0	0	0	0	10363	146.69	20.39	7.19	28.28	39.96	29.72	56.73	1.38	19.89	20.20
10/6/2026 1:58:27 PM	11.67	3.43	4.08	2.05	0.00	0.00	0.00	0.00	21.22	80.10	4.03	18.07	6183	3432	1834	62	0	0	0	0	11511	146.10	24.06	8.66	32.91	45.13	35.34	64.21	1.40	19.89	20.23
10/6/2026 1:58:30 PM	12.55	5.51	5.48	3.93	0.00	0.00	0.00	0.00	27.46	78.80	4.13	17.88	6653	5507	2464	118	0	0	0	0	14742	143.73	34.42	14.10	47.15	56.82	50.70	80.64	1.41	19.90	20.25
10/6/2026 1:58:32 PM	13.33	4.76	4.49	4.39	0.00	0.00	0.00	0.00	26.97	78.67	4.18	17.82	7065	4761	2019	132	0	0	0	0	13977	143.50	33.58	13.27	45.06	56.48	49.90	80.99	1.41	19.95	20.28
10/6/2026 1:58:35 PM	14.16	5.41	4.76	6.28	0.00	0.00	0.00	0.00	30.61	78.37	4.28	17.79	7502	5407	2143	189	0	0	0	0	15240	142.94	40.65	16.70	52.76	64.33	59.71	92.20	1.42	19.94	20.25
10/6/2026 1:58:38 PM	14.92	5.83	4.77	6.21	0.00	0.00	0.00	0.00	31.74	77.91	4.32	17.80	7909	5830	2145	186	0	0	0	0	16071	142.10	41.00	16.94	54.94	65.62	61.51	95.09	1.42	19.94	20.26
10/6/2026 1:58:41 PM	14.47	7.16	4.99	6.70	0.00	0.00	0.00	0.00	33.32	77.65	4.40	17.56	7669	7159	2247	201	0	0	0	0	17276	141.63	43.65	19.05	60.79	67.80	67.32	96.45	1.43	19.94	20.28
10/6/2026 1:58:43 PM	14.29	8.33	3.56	8.86	0.00	0.00	0.00	0.00	35.05	77.02	4.44	17.30	7576	8333	1602	266	0	0	0	0	17777	140.49	47.66	21.45	68.26	69.90	77.93	98.84	1.44	19.99	20.29
10/6/2026 1:58:46 PM	13.32	14.85	3.95	6.01	0.00	0.00	0.00	0.00	38.13	76.32	4.49	17.24	7061	14846	1778	180	0	0	0	0	23866	139.22	44.06	21.50	84.59	67.04	89.40	87.93	1.44	20.01	20.33
10/6/2026 1:58:49 PM	10.49	30.45	4.78	0.00	0.00	0.00	0.00	0.00	45.73	75.67	4.48	17.08	5562	30449	2153	0	0	0	0	0	38164	138.03	37.45	24.60	126.16	61.52	117.63	62.33	1.44	19.99	20.33
10/6/2026 1:58:52 PM	10.92	30.77	5.35	0.50	0.00	0.00	0.00	0.00	47.55	75.64	4.50	16.84	5787	30772	2408	15	0	0	0	0	38982	137.96	40.56	26.11	128.88	65.57	121.88	67.94	1.44	19.99	20.26
10/6/2026 1:58:54 PM	11.02	33.54	3.62	0.00	0.00	0.00	0.00	0.00	48.18	75.90	4.56	16.53	5841	33539	1629	0	0	0	0	0	41009	138.44	37.51	25.54	137.80	62.27	126.23	60.29	1.45	19.99	20.33
10/6/2026 1:58:57 PM	10.67	37.12	0.00	0.00	0.00	0.00	0.00	0.00	47.79	75.95	4.60	16.20	5656	37118	0	0	0	0	0	0	42774	138.54	31.47	25.24	148.94	56.98	132.40	44.55	1.45	20.01	20.34
10/6/2026 1:59:00 PM	9.72	37.17	0.00	0.00	0.00	0.00	0.00	0.10	46.89	75.80	4.66	16.27	5152	37172	0	0	0	0	0	0	42324	138.25	30.96	25.25	147.76	56.23	132.58	42.18	1.46	20.01	20.33
10/6/2026 1:59:03 PM	9.44	37.41	0.00	0.00	0.00	0.00	0.00	0.08	46.86	75.95	4.69	16.33	5005	37414	0	0	0	0	0	0	42419	138.54	30.38	24.97	148.51	55.50	133.19	41.17	1.46	20.04	20.38
10/6/2026 1:59:06 PM	9.23	37.65	0.00	0.00	0.00	0.00	0.00	0.08	46.88	75.66	4.75	16.36	4892	37649	0	0	0	0	0	0	42541	138.01	30.11	24.96	149.57	55.30	133.47	40.55	1.47	20.03	20.39
10/6/2026 1:59:08 PM	8.91	37.94	0.00	0.00	0.00	0.00	0.00	0.09	46.86	76.03	4.80	16.59	4723	37945	0	0	0	0	0	0	42668	138.69	29.82	25.09	151.39	54.95	133.19	39.60	1.47	20.04	20.39
10/6/2026 1:59:11 PM	9.17	37.86	0.00	0.00	0.00	0.00	0.00	0.11	47.03	75.93	4.88	16.27	4859	37858	0	0	0	0	0	0	42717	138.50	30.09	24.95	150.66	55.75	133.81	40.59	1.48	20.05	20.41
10/6/2026 1:59:13 PM	9.11	37.34	0.00	0.00	0.00	0.00	0.00	0.17	46.44	75.64	4.95	15.65	4826	37336	0	0	0	0	0	0	42162	137.96	29.94	24.94	148.13	56.03	132.63	40.72	1.49	20.06	20.47
