Date/Time	Green Algae	Bluegreen	Diatoms	Cryptophyta	#5	#6	#7	Yellow substances	Total conc.	Transmission	Depth	Temp. Sample	Green Algae	Bluegreen	Diatoms	Cryptophyta	#5	#6	#7	Yellow substances	Total cell count	Trans. 700 nm	LED 3 [525 nm]	LED 4 [570 nm]	LED 5 [610 nm]	LED 6 [370 nm]	LED 7 [590 nm]	LED 8 [470 nm]	Pressure	Temp. LEDs	Temp. Sensor
date	µg/l	µg/l	µg/l	µg/l	µg/l	µg/l	µg/l	r.u.	µg/l	%	m	°C	cells/ml	cells/ml	cells/ml	cells/ml	cells/ml	cells/ml	cells/ml	r.u.	cells/ml	digits	digits	digits	digits	digits	digits	digits	bar	°C	°C
9/22/2026 1:57:48 PM	13.52	0.54	2.29	1.21	0.00	0.00	0.00	0.00	17.56	80.41	0.02	24.36	7168	536	1029	36	0	0	0	0	8769	146.67	16.50	4.83	20.58	39.40	22.42	60.01	1.00	23.24	23.72
9/22/2026 1:57:51 PM	13.78	0.46	2.16	1.23	0.00	0.00	0.00	0.00	17.64	82.23	0.06	24.34	7302	465	974	37	0	0	0	0	8777	149.98	16.60	4.40	20.14	40.42	22.59	59.90	1.01	23.25	23.73
9/22/2026 1:57:53 PM	12.71	1.12	4.05	0.19	0.00	0.00	0.00	0.00	18.06	83.62	0.11	24.33	6736	1116	1821	6	0	0	0	0	9679	152.52	17.45	4.35	21.03	40.85	21.79	59.89	1.01	23.28	23.75
9/22/2026 1:57:56 PM	13.37	0.45	2.64	1.36	0.00	0.00	0.00	0.00	17.82	82.41	0.14	24.37	7084	453	1188	41	0	0	0	0	8766	150.31	17.87	5.16	20.53	41.50	22.92	60.57	1.01	23.35	23.73
9/22/2026 1:57:59 PM	12.54	1.17	4.04	0.04	0.00	0.00	0.00	0.00	17.79	82.18	0.19	24.38	6647	1172	1816	1	0	0	0	0	9636	149.90	16.96	4.45	20.79	40.31	21.15	58.60	1.02	23.38	23.80
9/22/2026 1:58:02 PM	12.71	0.73	3.39	0.76	0.00	0.00	0.00	0.00	17.58	82.94	0.23	24.40	6734	729	1526	23	0	0	0	0	9012	151.29	17.46	5.31	20.53	40.45	21.55	59.25	1.02	23.41	23.80
9/22/2026 1:58:04 PM	12.36	0.44	2.73	1.12	0.00	0.00	0.00	0.00	16.64	82.39	0.26	24.41	6550	441	1227	33	0	0	0	0	8252	150.27	16.91	4.54	18.95	39.29	21.39	56.25	1.03	23.43	23.83
9/22/2026 1:58:07 PM	12.09	0.85	3.67	0.12	0.00	0.00	0.00	0.00	16.72	84.87	0.30	24.41	6406	847	1650	3	0	0	0	0	8907	154.80	15.84	3.87	19.08	37.78	19.75	56.16	1.03	23.44	23.81
9/22/2026 1:58:10 PM	12.50	0.55	2.77	0.69	0.00	0.00	0.00	0.00	16.52	84.60	0.32	24.43	6626	552	1247	21	0	0	0	0	8446	154.30	15.93	4.40	18.61	38.96	20.22	55.20	1.03	23.51	23.83
9/22/2026 1:58:13 PM	12.46	0.58	3.16	0.66	0.00	0.00	0.00	0.00	16.86	84.97	0.33	24.41	6603	579	1424	20	0	0	0	0	8625	154.97	16.45	4.28	19.11	38.83	20.61	57.14	1.03	23.53	23.86
9/22/2026 1:58:16 PM	12.14	0.39	2.96	0.97	0.00	0.00	0.00	0.00	16.45	84.16	0.38	24.41	6433	393	1330	29	0	0	0	0	8184	153.51	16.49	4.12	18.72	37.56	20.82	56.80	1.04	23.55	23.86
9/22/2026 1:58:18 PM	12.75	0.00	2.14	1.51	0.00	0.00	0.00	0.00	16.40	84.88	0.41	24.43	6756	0	962	45	0	0	0	0	7763	154.82	16.35	5.15	18.43	37.96	20.81	57.57	1.04	23.59	23.88
9/22/2026 1:58:21 PM	12.30	0.39	2.80	0.94	0.00	0.00	0.00	0.00	16.43	85.24	0.44	24.42	6518	391	1261	28	0	0	0	0	8198	155.47	16.31	4.24	18.55	38.13	20.61	56.18	1.04	23.63	23.94
9/22/2026 1:58:24 PM	11.95	0.01	2.76	1.36	0.00	0.00	0.00	0.00	16.08	85.01	0.46	24.45	6336	6	1241	41	0	0	0	0	7624	155.05	16.95	4.06	17.73	37.58	20.74	56.62	1.05	23.66	23.97
9/22/2026 1:58:27 PM	12.00	0.44	3.26	0.77	0.00	0.00	0.00	0.00	16.47	84.97	0.47	24.42	6362	436	1467	23	0	0	0	0	8288	154.98	16.82	4.28	18.35	38.93	20.32	55.88	1.05	23.68	23.96
9/22/2026 1:58:29 PM	12.72	0.40	2.75	0.93	0.00	0.00	0.00	0.00	16.79	84.54	0.52	24.41	6742	397	1236	28	0	0	0	0	8403	154.19	16.34	4.30	18.92	38.74	20.85	57.48	1.05	23.70	23.97
9/22/2026 1:58:32 PM	11.79	0.66	4.16	0.17	0.00	0.00	0.00	0.00	16.79	84.64	0.57	24.41	6249	659	1874	5	0	0	0	0	8786	154.38	16.69	4.09	18.89	37.97	19.50	57.58	1.06	23.72	23.99
9/22/2026 1:58:34 PM	11.49	0.65	3.89	0.45	0.00	0.00	0.00	0.00	16.48	85.08	0.59	24.41	6087	653	1751	14	0	0	0	0	8505	155.19	16.97	4.14	18.71	38.10	20.10	55.95	1.06	23.74	23.96
9/22/2026 1:58:37 PM	12.30	0.41	2.65	0.86	0.00	0.00	0.00	0.00	16.22	85.38	0.61	24.43	6520	413	1193	26	0	0	0	0	8152	155.72	15.67	3.73	18.30	37.10	20.41	55.61	1.06	23.79	24.02
9/22/2026 1:58:40 PM	12.24	0.32	3.20	0.76	0.00	0.00	0.00	0.00	16.51	85.23	0.67	24.42	6485	316	1440	23	0	0	0	0	8264	155.45	16.33	4.88	18.66	37.75	19.60	57.38	1.07	23.81	24.05
9/22/2026 1:58:43 PM	12.49	0.20	2.85	0.84	0.00	0.00	0.00	0.00	16.37	84.77	0.69	24.40	6618	196	1283	25	0	0	0	0	8122	154.62	15.90	4.64	18.20	37.66	19.43	57.00	1.07	23.81	24.07
9/22/2026 1:58:46 PM	12.73	0.03	2.15	1.46	0.00	0.00	0.00	0.00	16.38	84.99	0.70	24.40	6749	33	970	44	0	0	0	0	7795	155.01	16.44	4.48	18.21	38.46	21.01	56.96	1.07	23.84	24.10
9/22/2026 1:58:48 PM	11.87	0.86	3.78	0.36	0.00	0.00	0.00	0.00	16.86	84.68	0.72	24.40	6289	858	1700	11	0	0	0	0	8857	154.46	16.59	4.08	19.64	37.77	20.65	57.05	1.07	23.86	24.10
9/22/2026 1:58:51 PM	12.95	0.00	2.11	1.22	0.00	0.00	0.00	0.00	16.27	84.74	0.74	24.42	6861	0	949	36	0	0	0	0	7847	154.56	15.53	4.87	17.59	37.78	19.98	56.91	1.07	23.91	24.14
9/22/2026 1:58:54 PM	12.34	0.83	3.16	0.56	0.00	0.00	0.00	0.00	16.88	84.55	0.74	24.38	6539	829	1422	17	0	0	0	0	8807	154.21	16.19	5.07	19.97	38.45	20.57	56.46	1.07	23.91	24.15
9/22/2026 1:58:56 PM	11.75	0.39	3.65	0.57	0.00	0.00	0.00	0.00	16.36	85.01	0.76	24.37	6229	386	1645	17	0	0	0	0	8277	155.06	16.60	4.43	18.31	37.58	19.40	56.73	1.07	23.95	24.14
9/22/2026 1:58:59 PM	12.13	0.29	2.83	0.99	0.00	0.00	0.00	0.00	16.24	84.55	0.77	24.39	6429	291	1273	30	0	0	0	0	8022	154.22	16.34	4.99	18.41	38.02	19.92	55.77	1.08	23.98	24.10
9/22/2026 1:59:02 PM	13.11	0.00	1.80	1.42	0.00	0.00	0.00	0.00	16.33	84.80	0.80	24.34	6950	0	809	43	0	0	0	0	7802	154.67	15.72	5.17	17.89	38.61	20.43	56.49	1.08	23.98	24.15
9/22/2026 1:59:04 PM	13.19	0.00	1.85	1.27	0.00	0.00	0.00	0.00	16.31	85.21	0.83	24.35	6990	0	831	38	0	0	0	0	7859	155.42	15.34	4.51	17.89	37.93	20.13	56.77	1.08	24.01	24.18
9/22/2026 1:59:07 PM	13.20	0.22	1.68	1.20	0.00	0.00	0.00	0.00	16.30	85.21	0.86	24.35	6995	220	757	36	0	0	0	0	8008	155.41	15.02	5.19	18.58	38.06	20.05	55.57	1.08	24.03	24.20
9/22/2026 1:59:10 PM	11.87	0.14	2.93	1.05	0.00	0.00	0.00	0.00	15.99	85.02	0.90	24.36	6291	144	1320	31	0	0	0	0	7786	155.07	16.43	4.78	17.90	37.37	19.64	55.74	1.09	24.05	24.31
9/22/2026 1:59:13 PM	12.90	0.19	2.37	1.12	0.00	0.00	0.00	0.00	16.57	84.96	0.93	24.38	6836	192	1066	33	0	0	0	0	8127	154.96	16.07	4.52	18.43	38.70	20.48	57.06	1.09	24.06	24.22
9/22/2026 1:59:15 PM	12.13	0.24	2.73	1.23	0.00	0.00	0.00	0.00	16.33	84.91	0.95	24.35	6428	243	1228	37	0	0	0	0	7936	154.86	16.67	4.74	18.72	37.57	20.81	56.82	1.09	24.10	24.25
9/22/2026 1:59:18 PM	12.11	0.52	3.23	0.61	0.00	0.00	0.00	0.00	16.47	84.74	0.97	24.38	6418	524	1452	18	0	0	0	0	8412	154.57	16.12	4.10	18.65	37.59	20.05	56.32	1.10	24.13	24.28
9/22/2026 1:59:21 PM	12.37	0.27	2.82	0.93	0.00	0.00	0.00	0.00	16.40	85.04	1.02	24.32	6558	274	1270	28	0	0	0	0	8130	155.11	16.15	4.33	18.40	37.66	20.17	56.87	1.10	24.13	24.26
9/22/2026 1:59:24 PM	11.53	0.73	3.63	0.54	0.00	0.00	0.00	0.00	16.42	84.33	1.06	24.35	6109	732	1631	16	0	0	0	0	8488	153.80	16.52	4.66	19.33	37.05	20.18	55.90	1.10	24.13	24.28
9/22/2026 1:59:27 PM	12.63	0.11	2.62	1.00	0.00	0.00	0.00	0.00	16.36	85.21	1.09	24.36	6694	114	1178	30	0	0	0	0	8015	155.41	16.13	4.05	17.72	38.54	20.02	56.57	1.11	24.16	24.26
9/22/2026 1:59:29 PM	12.85	0.00	2.05	1.23	0.00	0.00	0.00	0.00	16.13	85.38	1.12	24.35	6808	0	921	37	0	0	0	0	7767	155.73	15.37	4.85	17.04	37.53	20.14	56.39	1.11	24.20	24.38
9/22/2026 1:59:32 PM	12.03	0.71	3.46	0.39	0.00	0.00	0.00	0.00	16.59	85.41	1.14	24.36	6374	714	1556	12	0	0	0	0	8655	155.79	16.12	4.41	19.03	37.97	19.86	55.94	1.11	24.22	24.42
9/22/2026 1:59:35 PM	11.82	0.43	3.28	0.74	0.00	0.00	0.00	0.00	16.27	85.30	1.15	24.38	6263	435	1477	22	0	0	0	0	8197	155.57	16.46	4.50	18.45	37.63	19.89	55.82	1.11	24.19	24.33
9/22/2026 1:59:38 PM	11.68	0.81	3.93	0.35	0.00	0.00	0.00	0.00	16.76	85.54	1.18	24.35	6188	807	1767	11	0	0	0	0	8773	156.03	16.84	4.87	19.57	38.20	20.04	56.62	1.12	24.24	24.46
9/22/2026 1:59:41 PM	12.06	0.46	2.84	0.77	0.00	0.00	0.00	0.00	16.12	85.23	1.21	24.34	6392	455	1278	23	0	0	0	0	8148	155.46	15.71	4.24	18.36	37.01	19.92	55.09	1.12	24.24	24.49
9/22/2026 1:59:43 PM	12.57	0.23	2.15	1.31	0.00	0.00	0.00	0.00	16.27	85.12	1.23	24.34	6664	231	970	39	0	0	0	0	7905	155.26	15.91	4.59	18.65	37.37	20.89	56.28	1.12	24.28	24.49
9/22/2026 1:59:46 PM	12.48	0.19	2.69	1.00	0.00	0.00	0.00	0.00	16.37	84.82	1.24	24.35	6615	195	1210	30	0	0	0	0	8049	154.70	16.12	4.26	18.16	37.90	20.15	56.77	1.12	24.31	24.47
9/22/2026 1:59:49 PM	12.38	0.00	2.47	1.39	0.00	0.00	0.00	0.00	16.24	84.93	1.27	24.33	6562	0	1112	42	0	0	0	0	7716	154.90	16.64	4.90	17.94	38.17	20.53	56.87	1.12	24.32	24.42
9/22/2026 1:59:51 PM	12.14	0.33	3.11	1.09	0.00	0.00	0.00	0.00	16.67	85.13	1.30	24.33	6434	334	1397	33	0	0	0	0	8198	155.26	17.09	4.84	19.14	38.14	20.92	57.93	1.13	24.31	24.49
9/22/2026 1:59:54 PM	12.03	0.50	3.51	0.64	0.00	0.00	0.00	0.00	16.68	84.83	1.31	24.33	6374	502	1580	19	0	0	0	0	8475	154.72	16.75	4.05	18.80	38.09	20.40	57.35	1.13	24.33	24.47
9/22/2026 1:59:57 PM	12.57	0.00	2.56	1.28	0.00	0.00	0.00	0.00	16.41	85.31	1.32	24.34	6661	0	1152	38	0	0	0	0	7851	155.61	16.53	4.51	18.08	38.10	20.42	57.69	1.13	24.35	24.52
9/22/2026 1:59:59 PM	12.11	0.98	3.80	0.11	0.00	0.00	0.00	0.00	17.00	85.62	1.34	24.34	6420	982	1709	3	0	0	0	0	9114	156.16	16.12	4.68	19.96	38.16	19.93	56.83	1.13	24.37	24.57
9/22/2026 2:00:03 PM	12.23	0.50	3.34	0.59	0.00	0.00	0.00	0.00	16.66	85.21	1.38	24.34	6480	502	1503	18	0	0	0	0	8503	155.42	16.34	4.64	18.92	38.13	19.85	57.09	1.14	24.39	24.60
9/22/2026 2:00:05 PM	12.42	0.29	2.93	1.02	0.00	0.00	0.00	0.00	16.67	85.14	1.42	24.32	6585	292	1318	31	0	0	0	0	8226	155.29	16.71	4.99	18.91	38.56	20.43	57.61	1.14	24.39	24.57
9/22/2026 2:00:08 PM	12.29	0.40	2.84	0.80	0.00	0.00	0.00	0.00	16.34	84.75	1.46	24.33	6516	403	1278	24	0	0	0	0	8222	154.58	15.82	4.38	18.58	37.24	20.00	56.25	1.14	24.40	24.62
9/22/2026 2:00:11 PM	11.72	0.55	3.34	0.42	0.00	0.00	0.00	0.00	16.04	84.97	1.48	24.32	6214	552	1502	13	0	0	0	0	8280	154.97	15.72	3.99	18.04	37.00	19.23	54.49	1.14	24.44	24.59
9/22/2026 2:00:13 PM	11.94	0.54	2.53	0.70	0.00	0.00	0.00	0.00	15.72	85.51	1.49	24.35	6330	543	1137	21	0	0	0	0	8031	155.96	14.87	4.20	18.15	36.02	19.52	53.13	1.15	24.46	24.67
9/22/2026 2:00:16 PM	11.22	0.66	3.11	0.62	0.00	0.00	0.00	0.00	15.61	85.39	1.55	24.32	5946	662	1401	19	0	0	0	0	8027	155.75	15.54	4.29	18.34	35.58	19.61	52.86	1.15	24.45	24.63
9/22/2026 2:00:19 PM	11.75	0.42	2.56	0.91	0.00	0.00	0.00	0.00	15.63	85.20	1.57	24.32	6226	423	1150	27	0	0	0	0	7825	155.39	15.47	4.87	18.04	36.69	19.48	52.89	1.15	24.47	24.62
9/22/2026 2:00:22 PM	11.99	0.70	2.80	0.36	0.00	0.00	0.00	0.00	15.85	85.28	1.57	24.32	6355	695	1261	11	0	0	0	0	8322	155.54	14.60	3.91	18.18	36.15	19.14	53.09	1.15	24.49	24.65
9/22/2026 2:00:24 PM	11.43	0.72	3.35	0.30	0.00	0.00	0.00	0.00	15.79	85.46	1.59	24.31	6056	724	1506	9	0	0	0	0	8295	155.88	15.31	3.90	18.14	36.11	19.12	53.12	1.16	24.50	24.68
9/22/2026 2:00:27 PM	12.88	0.69	1.71	0.73	0.00	0.00	0.00	0.00	16.01	85.31	1.59	24.33	6825	692	768	22	0	0	0	0	8306	155.61	14.01	4.22	18.56	37.21	20.05	52.47	1.16	24.52	24.67
9/22/2026 2:00:30 PM	11.47	1.11	3.54	0.01	0.00	0.00	0.00	0.00	16.13	85.25	1.61	24.32	6081	1113	1592	0	0	0	0	0	8787	155.48	15.28	3.74	18.93	36.80	19.68	52.69	1.16	24.53	24.68
9/22/2026 2:00:33 PM	12.19	0.89	2.50	0.49	0.00	0.00	0.00	0.00	16.07	85.50	1.63	24.29	6463	890	1125	15	0	0	0	0	8492	155.94	14.74	4.02	18.86	37.02	20.19	52.62	1.16	24.55	24.71
9/22/2026 2:00:35 PM	12.16	0.88	2.44	0.68	0.00	0.00	0.00	0.00	16.14	85.00	1.65	24.29	6442	876	1097	20	0	0	0	0	8435	155.04	15.02	4.97	19.47	36.98	20.31	53.13	1.16	24.56	24.76
9/22/2026 2:00:38 PM	11.92	0.60	2.32	0.79	0.00	0.00	0.00	0.00	15.63	85.15	1.68	24.29	6316	601	1044	24	0	0	0	0	7985	155.31	14.79	4.28	18.28	35.98	19.83	52.39	1.16	24.57	24.76
9/22/2026 2:00:41 PM	11.48	0.84	2.65	0.44	0.00	0.00	0.00	0.00	15.41	85.13	1.70	24.30	6086	837	1193	13	0	0	0	0	8129	155.27	14.49	4.32	18.20	35.72	19.17	50.56	1.17	24.59	24.76
9/22/2026 2:00:44 PM	10.98	0.90	2.85	0.25	0.00	0.00	0.00	0.00	14.98	85.21	1.73	24.30	5818	898	1285	7	0	0	0	0	8008	155.42	14.22	3.98	17.62	34.96	18.56	48.75	1.17	24.62	24.86
9/22/2026 2:00:47 PM	11.09	1.08	3.01	0.09	0.00	0.00	0.00	0.00	15.26	85.19	1.78	24.28	5879	1076	1353	3	0	0	0	0	8310	155.38	14.19	4.12	18.28	35.07	18.74	49.40	1.17	24.62	24.81
9/22/2026 2:00:49 PM	11.28	1.02	2.65	0.24	0.00	0.00	0.00	0.00	15.19	84.88	1.83	24.27	5977	1020	1192	7	0	0	0	0	8197	154.81	13.95	4.07	18.18	35.02	18.96	49.09	1.18	24.62	24.83
9/22/2026 2:00:52 PM	11.22	0.67	2.01	0.66	0.00	0.00	0.00	0.00	14.56	85.34	1.91	24.25	5945	673	904	20	0	0	0	0	7542	155.65	13.59	4.08	17.19	34.14	18.69	47.78	1.19	24.62	24.81
9/22/2026 2:00:55 PM	10.74	1.02	1.55	0.45	0.00	0.00	0.00	0.02	13.76	85.24	1.97	24.26	5695	1018	699	13	0	0	0	0	7424	155.46	12.02	3.88	17.10	32.08	18.22	43.63	1.19	24.66	24.81
9/22/2026 2:00:58 PM	10.26	1.22	2.20	0.12	0.00	0.00	0.00	0.05	13.80	85.33	2.05	24.18	5436	1222	989	4	0	0	0	0	7651	155.64	12.36	4.12	17.42	32.39	17.78	43.64	1.20	24.66	24.87
9/22/2026 2:01:01 PM	10.76	1.05	1.39	0.42	0.00	0.00	0.00	0.07	13.62	85.28	2.13	24.09	5703	1051	625	13	0	0	0	0	7392	155.54	11.72	3.93	17.07	32.39	18.05	43.29	1.21	24.68	24.89
9/22/2026 2:01:03 PM	10.07	1.31	2.24	0.14	0.00	0.00	0.00	0.12	13.76	85.22	2.19	24.06	5339	1309	1006	4	0	0	0	0	7659	155.44	12.62	3.97	17.60	33.07	18.22	43.75	1.21	24.67	24.84
9/22/2026 2:01:06 PM	9.74	1.12	1.51	0.49	0.00	0.00	0.00	0.11	12.85	84.89	2.25	24.02	5160	1119	679	15	0	0	0	0	6973	154.84	11.79	3.57	16.60	31.11	18.09	40.99	1.22	24.69	24.89
9/22/2026 2:01:09 PM	10.19	1.31	1.47	0.51	0.00	0.00	0.00	0.13	13.48	85.05	2.28	24.00	5398	1314	660	15	0	0	0	0	7388	155.13	12.14	4.32	17.88	32.56	18.84	42.57	1.22	24.71	24.94
9/22/2026 2:01:12 PM	10.55	1.13	1.43	0.55	0.00	0.00	0.00	0.08	13.66	85.00	2.37	23.99	5590	1134	645	16	0	0	0	0	7386	155.04	12.16	4.04	17.49	32.52	18.73	43.35	1.23	24.70	24.95
9/22/2026 2:01:14 PM	10.03	1.22	1.60	0.25	0.00	0.00	0.00	0.10	13.10	84.88	2.42	23.98	5316	1221	719	8	0	0	0	0	7263	154.82	11.48	3.65	16.84	31.41	17.75	41.37	1.24	24.70	24.94
9/22/2026 2:01:17 PM	9.24	1.56	1.66	0.09	0.00	0.00	0.00	0.15	12.55	84.35	2.47	23.84	4898	1556	747	3	0	0	0	0	7204	153.85	10.99	3.92	17.21	30.17	17.57	38.79	1.24	24.71	24.94
9/22/2026 2:01:20 PM	8.85	1.74	1.94	0.00	0.00	0.00	0.00	0.19	12.53	84.29	2.54	23.72	4688	1743	874	0	0	0	0	0	7306	153.73	11.35	3.87	17.63	30.51	17.87	38.63	1.25	24.74	24.97
9/22/2026 2:01:22 PM	7.40	1.65	1.53	0.00	0.00	0.00	0.00	0.24	10.58	83.67	2.57	23.50	3923	1647	688	0	0	0	0	0	6259	152.60	9.75	3.03	15.67	26.71	16.13	32.56	1.25	24.77	25.02
9/22/2026 2:01:26 PM	7.54	1.76	1.55	0.00	0.00	0.00	0.00	0.20	10.85	83.39	2.64	23.46	3996	1765	696	0	0	0	0	0	6458	152.09	9.81	3.37	16.22	26.50	16.57	32.78	1.26	24.75	24.95
9/22/2026 2:01:28 PM	7.67	1.94	1.28	0.00	0.00	0.00	0.00	0.23	10.89	83.42	2.69	23.55	4064	1936	577	0	0	0	0	0	6577	152.16	9.47	3.74	16.73	26.71	16.94	32.40	1.26	24.75	25.02
9/22/2026 2:01:31 PM	7.66	2.06	1.51	0.09	0.00	0.00	0.00	0.23	11.32	83.35	2.74	23.60	4061	2058	679	3	0	0	0	0	6801	152.03	10.32	3.95	17.56	27.62	17.93	33.69	1.27	24.76	25.07
9/22/2026 2:01:34 PM	7.91	2.49	1.74	0.07	0.00	0.00	0.00	0.19	12.21	83.56	2.68	23.56	4192	2491	784	2	0	0	0	0	7469	152.41	11.12	3.99	19.37	28.58	19.89	35.20	1.26	24.80	25.08
9/22/2026 2:01:36 PM	7.94	2.10	1.39	0.15	0.00	0.00	0.00	0.22	11.58	83.38	2.68	23.50	4207	2103	627	4	0	0	0	0	6941	152.08	10.40	3.91	17.92	28.03	18.45	34.29	1.26	24.82	25.12
9/22/2026 2:01:39 PM	8.44	3.41	0.00	1.50	0.00	0.00	0.00	0.20	13.35	82.97	2.67	23.50	4473	3405	0	45	0	0	0	0	7924	151.33	12.30	5.43	24.22	29.91	27.61	35.79	1.26	24.79	25.07
9/22/2026 2:01:42 PM	8.78	4.01	0.00	1.38	0.00	0.00	0.00	0.16	14.17	82.40	2.67	23.53	4652	4010	0	41	0	0	0	0	8703	150.29	12.70	4.87	26.34	30.36	29.59	36.30	1.26	24.79	25.08
9/22/2026 2:01:45 PM	8.73	7.00	1.35	0.00	0.00	0.00	0.00	0.06	17.08	82.10	2.66	23.60	4625	7005	606	0	0	0	0	0	12236	149.75	13.57	7.63	38.80	31.29	31.55	36.18	1.26	24.81	25.10
9/22/2026 2:01:47 PM	7.89	3.65	1.84	0.11	0.00	0.00	0.00	0.19	13.50	81.40	2.66	23.64	4181	3652	830	3	0	0	0	0	8666	148.47	12.27	4.85	23.73	29.88	24.05	36.02	1.26	24.83	25.10
9/22/2026 2:01:50 PM	8.15	4.58	1.88	0.00	0.00	0.00	0.00	0.13	14.61	82.23	2.67	23.68	4321	4577	845	0	0	0	0	0	9743	149.99	12.65	5.69	27.45	30.16	26.45	36.36	1.26	24.85	25.15
9/22/2026 2:01:53 PM	9.27	7.79	1.63	0.00	0.00	0.00	0.00	0.00	18.69	81.19	2.73	23.71	4914	7790	734	0	0	0	0	0	13438	148.08	14.98	7.72	42.55	33.15	34.74	38.92	1.27	24.85	25.13
9/22/2026 2:01:56 PM	8.61	7.09	0.00	1.85	0.00	0.00	0.00	0.11	17.54	79.88	2.72	23.61	4561	7091	0	55	0	0	0	0	11708	145.70	15.83	8.27	38.48	33.00	41.25	37.99	1.27	24.85	25.15
