Date/Time	Green Algae	Bluegreen	Diatoms	Cryptophyta	#5	#6	#7	Yellow substances	Total conc.	Transmission	Depth	Temp. Sample	Green Algae	Bluegreen	Diatoms	Cryptophyta	#5	#6	#7	Yellow substances	Total cell count	Trans. 700 nm	LED 3 [525 nm]	LED 4 [570 nm]	LED 5 [610 nm]	LED 6 [370 nm]	LED 7 [590 nm]	LED 8 [470 nm]	Pressure	Temp. LEDs	Temp. Sensor
date	µg/l	µg/l	µg/l	µg/l	µg/l	µg/l	µg/l	r.u.	µg/l	%	m	°C	cells/ml	cells/ml	cells/ml	cells/ml	cells/ml	cells/ml	cells/ml	r.u.	cells/ml	digits	digits	digits	digits	digits	digits	digits	bar	°C	°C
10/6/2026 1:20:22 PM	7.53	2.11	2.50	0.30	0.00	0.00	0.00	0.12	12.44	80.21	0.02	19.57	3992	2106	1126	9	0	0	0	0	7233	146.30	12.82	4.14	18.84	28.82	19.89	37.28	1.00	18.27	17.96
10/6/2026 1:20:25 PM	7.98	2.24	2.67	0.47	0.00	0.00	0.00	0.05	13.36	80.69	0.17	19.56	4228	2236	1203	14	0	0	0	0	7682	147.18	13.89	4.81	20.31	29.95	21.32	39.69	1.02	18.27	17.96
10/6/2026 1:20:28 PM	8.95	2.43	3.06	0.00	0.00	0.00	0.00	0.00	14.44	80.97	0.36	19.56	4741	2428	1378	0	0	0	0	0	8547	147.68	13.73	4.69	21.52	30.78	21.00	42.74	1.04	18.30	18.01
10/6/2026 1:20:30 PM	8.81	2.03	3.03	0.52	0.00	0.00	0.00	0.02	14.39	81.01	0.42	19.52	4671	2033	1362	16	0	0	0	0	8082	147.76	15.05	4.61	20.57	32.21	21.99	43.71	1.04	18.32	18.05
10/6/2026 1:20:33 PM	9.08	2.18	2.81	0.50	0.00	0.00	0.00	0.00	14.57	81.05	0.56	19.51	4811	2185	1266	15	0	0	0	0	8276	147.84	14.64	4.80	21.23	31.76	22.30	43.82	1.05	18.34	18.05
10/6/2026 1:20:36 PM	9.26	1.67	2.38	1.04	0.00	0.00	0.00	0.00	14.35	81.16	0.63	19.50	4906	1674	1071	31	0	0	0	0	7682	148.04	15.02	5.08	20.43	31.87	22.24	44.74	1.06	18.36	18.01
10/6/2026 1:20:39 PM	9.74	1.75	2.14	0.90	0.00	0.00	0.00	0.00	14.53	80.94	0.66	19.49	5164	1748	962	27	0	0	0	0	7902	147.64	14.37	5.20	20.67	32.06	21.98	44.91	1.07	18.38	18.03
10/6/2026 1:20:41 PM	9.53	1.95	2.42	0.78	0.00	0.00	0.00	0.00	14.68	81.12	0.67	19.48	5052	1946	1088	23	0	0	0	0	8110	147.95	14.76	5.01	20.99	32.60	22.46	44.58	1.07	18.40	18.05
10/6/2026 1:20:44 PM	9.50	1.97	3.90	0.52	0.00	0.00	0.00	0.00	15.88	81.21	0.76	19.46	5034	1967	1754	15	0	0	0	0	8770	148.12	17.14	5.55	21.95	35.58	22.81	49.39	1.07	18.42	18.08
10/6/2026 1:20:47 PM	9.94	1.73	3.41	0.99	0.00	0.00	0.00	0.00	16.07	81.13	0.87	19.39	5270	1725	1533	30	0	0	0	0	8558	147.97	17.42	5.08	22.02	35.47	24.03	51.28	1.09	18.43	18.11
10/6/2026 1:20:50 PM	9.79	1.83	3.82	0.83	0.00	0.00	0.00	0.00	16.26	81.11	0.90	19.44	5187	1830	1717	25	0	0	0	0	8759	147.94	17.60	5.55	22.63	35.11	23.78	52.30	1.09	18.47	18.13
10/6/2026 1:20:52 PM	9.94	1.11	3.52	1.45	0.00	0.00	0.00	0.00	16.02	81.00	0.93	19.46	5270	1108	1586	43	0	0	0	0	8008	147.75	18.71	6.08	21.04	37.08	23.33	52.86	1.09	18.47	18.13
10/6/2026 1:20:55 PM	11.71	1.11	2.11	1.56	0.00	0.00	0.00	0.00	16.49	81.01	0.97	19.43	6205	1114	948	47	0	0	0	0	8314	147.75	16.75	5.16	21.48	36.83	24.15	54.21	1.10	18.49	18.09
10/6/2026 1:20:58 PM	10.76	1.93	3.35	1.18	0.00	0.00	0.00	0.00	17.23	80.85	1.07	19.44	5703	1935	1509	35	0	0	0	0	9182	147.46	18.39	5.90	24.02	37.69	25.83	54.70	1.11	18.51	18.16
10/6/2026 1:21:01 PM	9.72	1.69	4.28	0.86	0.00	0.00	0.00	0.00	16.54	81.53	1.27	19.29	5152	1685	1925	26	0	0	0	0	8789	148.71	18.70	5.61	22.37	36.71	23.83	53.55	1.12	18.53	18.19
10/6/2026 1:21:03 PM	10.88	1.95	3.49	0.80	0.00	0.00	0.00	0.00	17.12	81.61	1.43	19.29	5765	1951	1568	24	0	0	0	0	9308	148.85	17.63	5.61	23.48	37.41	24.65	54.15	1.14	18.57	18.22
10/6/2026 1:21:06 PM	10.68	1.97	4.13	0.69	0.00	0.00	0.00	0.00	17.47	81.46	1.62	19.21	5658	1970	1860	21	0	0	0	0	9509	148.58	18.58	5.46	23.67	38.21	24.91	55.70	1.16	18.58	18.21
10/6/2026 1:21:08 PM	10.53	1.93	4.67	0.47	0.00	0.00	0.00	0.00	17.60	80.98	1.74	19.13	5583	1930	2101	14	0	0	0	0	9628	147.70	18.94	5.84	23.60	38.64	24.10	56.53	1.17	18.58	18.14
10/6/2026 1:21:11 PM	11.14	1.57	3.78	0.92	0.00	0.00	0.00	0.00	17.41	81.30	1.75	19.12	5905	1568	1699	28	0	0	0	0	9200	148.29	18.47	5.93	22.96	38.74	24.14	56.54	1.17	18.60	18.21
10/6/2026 1:21:14 PM	10.06	2.35	5.72	0.04	0.00	0.00	0.00	0.00	18.17	81.14	1.89	19.07	5331	2350	2576	1	0	0	0	0	10257	147.99	20.02	5.42	24.54	39.51	24.87	57.60	1.18	18.63	18.19
10/6/2026 1:21:16 PM	10.74	1.83	4.26	0.86	0.00	0.00	0.00	0.00	17.69	81.36	2.02	19.03	5691	1831	1917	26	0	0	0	0	9465	148.39	19.20	6.25	23.99	38.78	24.88	57.15	1.20	18.63	18.22
10/6/2026 1:21:19 PM	9.91	2.00	4.67	0.57	0.00	0.00	0.00	0.00	17.15	81.42	2.12	19.01	5255	1999	2101	17	0	0	0	0	9372	148.51	19.14	5.73	23.27	38.29	24.34	54.32	1.21	18.65	18.27
10/6/2026 1:21:22 PM	10.04	2.27	4.29	0.84	0.00	0.00	0.00	0.00	17.44	80.54	2.23	19.01	5323	2265	1932	25	0	0	0	0	9545	146.89	19.24	6.25	24.77	37.99	25.85	54.71	1.22	18.68	18.27
