Date,Depth_m,Temp_C,Chla_ugL,Turb_NTU,Cond_uScm,Spec_Cond_uScm,DO_mgL,DO_pSat,pH,ORP_mV,PAR,Salinity,Descent Rate (m/s),Flag
2019-10-16T11:49:56Z,-0.604,16.177,-7e-4,2.2049,40.117,33.632129,6.5547,95.166,7.711,225.4784,371.36,2.6001042362867404,0.062,0
2019-10-16T11:49:56Z,-0.581,16.4736,0.001,2.2933,40.127,33.701738,6.5109,95.167,7.796,226.9734,373.06,2.581800590232777,0.081,0
2019-10-16T11:49:56Z,-0.551,16.7079,0.0253,2.498,40.081,33.718733,6.4775,95.18,7.851,227.977,378.51,2.5638320272985404,0.096,0
2019-10-16T11:49:56Z,-0.519,16.8216,0.4489,4.5156,40.011,33.710749,6.4601,95.213,7.889,228.4931,385,2.5519442953483877,0.106,0
2019-10-16T11:49:56Z,-0.488,16.9247,1.2474,8.1725,39.989,33.732195,6.4448,95.297,7.914,228.3952,388.75,2.5440203394947343,0.11,0
2019-10-16T11:49:56Z,-0.46,16.9896,1.6861,10.1388,40.019,33.787688,6.4364,95.426,7.929,227.3949,392.06,2.5420094054936104,0.107,0
2019-10-16T11:49:56Z,-0.435,17.062,1.7307,10.2982,40.021,33.810565,6.4277,95.579,7.938,226.1215,398.63,2.537651065276875,0.102,0
2019-10-16T11:49:56Z,-0.41,17.1276,1.7599,10.2309,40.013,33.81843,6.4197,95.756,7.944,225.2156,407.22,2.5330528398781653,0.097,0
2019-10-16T11:49:56Z,-0.386,17.1783,1.7964,10.0466,40.003,33.819341,6.4188,95.944,7.949,224.1851,415.38,2.529251067478294,0.092,0
2019-10-16T11:49:56Z,-0.363,17.2133,1.8004,9.938,40.001,33.821584,6.4242,96.136,7.953,222.7825,423.16,2.5269602780845024,0.088,0
2019-10-16T11:49:56Z,-0.34,17.2404,1.7902,9.9326,40.029,33.845549,6.4296,96.327,7.954,220.3028,430.69,2.5271707460861266,0.094,0
2019-10-16T11:49:56Z,-0.32,17.2571,1.8202,9.9815,39.967,33.791782,6.4405,96.502,7.949,218.2939,437.21,2.5219856166453036,0.114,0
2019-10-16T11:49:56Z,-0.302,17.2687,1.8775,10.1031,39.838,33.679208,6.4515,96.679,7.941,219.2285,439.65,2.5126273423563537,0.139,0
2019-10-16T11:49:56Z,-0.278,17.2723,1.911,10.1585,39.795,33.62678,6.4638,96.928,7.931,220.5905,426.25,2.509525667532169,0.158,0
2019-10-16T11:49:56Z,-0.225,17.2739,1.9215,10.0939,39.805,33.602122,6.4774,97.298,7.92,220.6506,365.11,2.510096435369787,0.164,0
2019-10-16T11:49:56Z,-0.145,17.2711,1.9433,9.8128,39.815,33.57142,6.4891,97.764,7.906,220.385,273.24,2.5109341961425224,0.159,0
2019-10-16T11:49:56Z,-0.084,17.2709,1.9748000000000001,9.349,39.849,33.572833,6.499,98.243,7.893,220.1326,223.03,2.513222758168356,0.142,0
2019-10-16T11:49:56Z,-0.059,17.2595,1.9904,9.0744,39.915,33.619163,6.5155,98.66,7.88,219.9231,214.25,2.5183439711954367,0.113,0
2019-10-16T11:49:56Z,-0.05,17.2054,1.993,9.0157,39.986,33.687342,6.5488,98.996,7.868,219.6579,211.27,2.5264297139265137,0.074,0
2019-10-16T11:49:56Z,-0.046,17.1481,1.9895,8.9352,40.051,33.762547,6.59,99.233,7.856,219.4213,212.22,2.534330552028258,0.039,0
2019-10-16T11:49:56Z,-0.043,17.1137,1.9823,8.8207,40.103,33.830371,6.6295,99.366,7.845,219.1275,213.01,2.5399572197372113,0.018,0
2019-10-16T11:49:56Z,-0.042,17.1011,1.9844,8.7793,40.126,33.872778,6.6593,99.448,7.837,218.8589,211.54,2.5422866183883404,0.01,0
2019-10-16T11:49:56Z,-0.041,17.1162,1.9886,8.7957,40.129,33.894525,6.6798,99.273,7.828,218.755,210.75,2.5415521021878633,0.01,0
2019-10-16T11:49:56Z,-0.039,17.1443,1.9897,8.8218,40.12,33.902946,6.6941,98.303,7.819,218.7305,211.72,2.539205417115057,0.013,0
2019-10-16T11:49:56Z,-0.036,17.175,2.0238,9.0295,40.116,33.911145,6.6941,96.173,7.812,218.6492,212.52,2.537036787989957,0.016,0
2019-10-16T11:49:56Z,-0.032,17.2048,2.0892,9.4387,40.128,33.9302,6.6984,92.937,7.805,218.3744,208.37,2.5360011118099455,0.018,0
2019-10-16T11:49:56Z,-0.026,17.2301,2.1221,9.7055,40.136,33.942958,6.7015,88.957,7.799,218.1616,200.94,2.5349755646131262,0.019,0
2019-10-16T11:49:56Z,-0.016,17.2492,2.1173,9.7643,40.126,33.938475,6.6425,84.68,7.791,218.1411,195.83,2.5331258097133293,0.019,0
2019-10-16T11:49:56Z,-0.01,17.2636,2.11,9.8556,40.049,33.875997,6.4952,80.489,7.784,218.0396,194.52,2.527074693749163,0.02,0
2019-10-16T11:49:56Z,-0.008,17.2744,2.1026,10.023,39.909,33.758737000000004,6.2664,76.765,7.776,217.7955,195.84,2.517027422186545,0.022,0
2019-10-16T11:49:56Z,-0.008,17.2816,2.0972,10.1161,39.87,33.726536,5.9862,73.868,7.767,217.5991,194.49,2.513973609884297,0.025,0
2019-10-16T11:49:56Z,-0.003,17.2865,2.1052,10.129,39.96,33.803973,5.6902,71.95,7.758,216.6981,186.09,2.519703373451695,0.03,0
2019-10-16T11:49:56Z,0.008,17.29,2.0872,10.1144,40.038,33.869985,5.3995,70.876,7.748,214.6444,175.14,2.5247143607664255,0.04,0
2019-10-16T11:49:56Z,0.021,17.2902,2.0267,10.0703,40.063,33.890034,5.1389,70.343,7.736,213.073,166.29,2.5263767169251965,0.054,0
2019-10-16T11:49:56Z,0.032,17.2908,1.9888,10.0547,40.025,33.855983,4.9402,70.051,7.724,212.5831,152.39,2.523793470298453,0.068,0
2019-10-16T11:49:56Z,0.05,17.2935,1.9938,10.0557,39.931,33.775593,4.8153,69.828,7.713,212.5076,126.97,2.517330081505252,0.075,0
2019-10-16T11:49:56Z,0.075,17.2945,2.0168,9.7559,39.893,33.743101,4.7506,69.59,7.705,213.9657,100.11,2.5147226943640435,0.069,0
2019-10-16T11:49:56Z,0.104,17.2928,2.0338,9.1494,39.936,33.780441,4.7234,69.293,7.698,216.8772,82.767,2.517706085555996,0.049,0
2019-10-16T11:49:56Z,0.129,17.2901,2.0428,8.8515,40.016,33.846286,4.7072,68.961,7.688,218.6289,76.089,2.5232301816089064,0.018,0
2019-10-16T11:49:56Z,0.137,17.2877,2.0571,8.874,40.091,33.904566,4.694,68.689,7.677,218.8843,77.931,2.5284028908724046,-0.019,0
2019-10-16T11:49:56Z,0.121,17.2881,2.0503,8.8637,40.11,33.913911,4.6794,68.584,7.664,218.8473,86.881,2.5296521825820615,-0.051,0
2019-10-16T11:49:56Z,0.084,17.2895,2.0122,8.8254,40.093,33.895802,4.6587,68.697,7.653,218.7829,102.41,2.528428031146364,-0.071,0
2019-10-16T11:49:56Z,0.043,17.2876,1.9782,8.7719,40.071,33.876011,4.634,68.978,7.645,218.7086,119.58,2.527072206651099,-0.077,0
2019-10-16T11:49:56Z,0.016,17.2818,1.9678,8.7412,40.056,33.865004,4.6134,69.345,7.637,218.6368,129.89,2.52642445530416,-0.068,0
2019-10-16T11:49:56Z,0.008,17.2714,1.9739,8.7487,40.083,33.889651,4.6057,69.738,7.629,218.6026,131.65,2.528873952897466,-0.05,0
2019-10-16T11:49:56Z,0.008,17.2648,1.9822,8.7644,40.115,33.920171,4.6157,70.094,7.621,218.6392,129.2,2.5314257576082237,-0.028,0
2019-10-16T11:49:56Z,0.009,17.2649,1.9819,8.7668,40.107,33.916691,4.6371,70.349,7.615,218.7359,125.89,2.530883092632203,-0.011,0
2019-10-16T11:49:56Z,0.008,17.267,1.9794,8.7455,40.097,33.911035,4.6624,70.477,7.61,218.7395,120.56,2.530083339299851,-0.002,0
2019-10-16T11:49:56Z,0.006,17.2702,1.9856,8.7695,40.1,33.915254,4.6899,70.45,7.605,218.6821,113.45,2.5300875478763625,0.001,0
2019-10-16T11:49:56Z,0.006,17.2741,1.9965,8.991,40.085,33.904245,4.7159,70.266,7.6,218.6444,109.48,2.5288418796947085,0.001,0
2019-10-16T11:49:56Z,0.007,17.2787,1.9989,9.325,40.083,33.904861,4.7323,69.969,7.595,218.5414,109.31,2.5284247527669135,0.002,0
2019-10-16T11:49:56Z,0.009,17.2819,1.9889,9.4329,40.102,33.922697,4.7414,69.579,7.59,218.4697,109.53,2.5295012754701425,0.003,0
2019-10-16T11:49:56Z,0.011,17.2838,1.9794,9.3786,40.108,33.929514,4.7403,69.166,7.584,218.4656,108.46,2.529786422774969,0.005,0
2019-10-16T11:49:56Z,0.011,17.2859,1.9962,9.4542,40.1,33.923822,4.7251,68.844,7.579,218.4057,107.73,2.5291210487429168,0.005,0
2019-10-16T11:49:56Z,0.012,17.2883,2.0363,9.594,40.092,33.917333,4.7057,68.661,7.575,218.3484,107.47,2.528437232205058,0.004,0
2019-10-16T11:49:56Z,0.013,17.2909,2.0563,9.6274,40.091,33.914525,4.6779,68.6,7.57,218.3753,108.1,2.528210205381281,0.001,0
2019-10-16T11:49:56Z,0.015,17.2932,2.0478,9.6274,40.067,33.889867,4.6455,68.604,7.565,218.4715,109.39,2.5264606448615576,-0.007,0
2019-10-16T11:49:56Z,0.015,17.2953,2.0128,9.4303,40.052,33.873049,4.6235,68.617,7.558,218.5652,109.13,2.5253265456088787,-0.019,0
2019-10-16T11:49:56Z,0.014,17.2971,1.9622,8.9488,40.089,33.901573,4.6112,68.605,7.548,218.648,112.22,2.5276948683562783,-0.034,0
2019-10-16T11:49:56Z,0.006,17.2944,1.9372,8.6235,40.108,33.917423,4.6088,68.547,7.538,218.6989,121.39,2.5291342041394356,-0.048,0
2019-10-16T11:49:56Z,-0.013,17.2869,1.9277,8.5442,40.058,33.874296,4.6116,68.457,7.528,218.7509,130.85,2.52624546270129,-0.06,0
2019-10-16T11:49:56Z,-0.039,17.281,1.9085,8.547,40.002,33.824375,4.6131,68.326,7.517,218.846,138.81,2.5228561337661626,-0.07,0
2019-10-16T11:49:56Z,-0.063,17.2775,1.8867,8.5922,40,33.821556,4.614,68.102,7.506,218.8164,145.96,2.5229377030132847,-0.075,0
2019-10-16T11:49:56Z,-0.078,17.2786,1.8725,8.5996,40.022,33.840215,4.609,67.763,7.496,218.7366,159.88,2.524344898116415,-0.075,0
2019-10-16T11:49:56Z,-0.095,17.2783,1.8665,8.5702,40.046,33.859581,4.6029,67.33,7.486,218.8278,185.56,2.5259723884186163,-0.069,0
2019-10-16T11:49:56Z,-0.115,17.2728,1.8667,8.5647,40.053,33.86532,4.5967,66.854,7.476,218.9731,205.63,2.52678052442131,-0.058,0
2019-10-16T11:49:56Z,-0.133,17.2725,1.8825,8.73,40.031,33.846137,4.5818,66.367,7.466,219.0305,210.55,2.5253247305365862,-0.044,0
2019-10-16T11:49:56Z,-0.145,17.2732,1.9106,9.0614,39.999,33.818028,4.5588,65.877,7.457,219.0905,210.9,2.52313715761598,-0.029,0
2019-10-16T11:49:56Z,-0.152,17.2722,1.9286,9.2286,39.955,33.779317,4.5279,65.42,7.448,219.0966,211.35,2.5202496943380615,-0.012,0
2019-10-16T11:49:56Z,-0.151,17.2717,1.9365,9.211,39.932,33.758868,4.4952,64.999,7.441,219.0189,209.56,2.518738776870416,0.006,0
2019-10-16T11:49:56Z,-0.142,17.2712,1.9711,9.2747,39.934,33.761175,4.463,64.583,7.434,219.0109,206.52,2.5189031515500098,0.022,0
2019-10-16T11:49:56Z,-0.132,17.2703,2.0264,9.4097,39.914,33.743749,4.4285,64.17,7.426,219.0864,205.85,2.5176174941227485,0.033,0
2019-10-16T11:49:56Z,-0.122,17.2673,2.0494,9.4988,39.91,33.738574,4.3979,63.75,7.417,219.1573,188.71,2.5175328810595845,0.039,0
2019-10-16T11:49:56Z,-0.111,17.2663,2.0506,9.5331,39.94,33.762066,4.3717,63.328,7.409,219.0936,154.97,2.519604733814885,0.039,0
2019-10-16T11:49:56Z,-0.098,17.2681,2.0326,9.6926,39.957,33.773924,4.3423,62.916,7.403,219.0044,142.87,2.5206333884303493,0.035,0
2019-10-16T11:49:56Z,-0.087,17.2674,1.9958,9.9858,39.938,33.755019,4.3153,62.466,7.397,219.0262,147.47,2.5194023781072103,0.031,0
2019-10-16T11:49:56Z,-0.081,17.2647,1.988,10.1287,39.903,33.723873,4.2879,62.009,7.393,219.0992,147.66,2.5172217154538408,0.028,0
2019-10-16T11:49:56Z,-0.079,17.2623,1.9981,10.1417,39.894,33.714663,4.2573,61.635,7.388,219.1983,145.38,2.5167653950062165,0.023,0
2019-10-16T11:49:56Z,-0.075,17.259,1.9967,10.0457,39.886,33.707116,4.2333,61.336,7.382,219.364,142.42,2.5164311834162465,0.018,0
2019-10-16T11:49:56Z,-0.068,17.2554,1.9963,9.8527,39.875,33.696086,4.2026,61.055,7.376,219.553,139.51,2.515913950754799,0.014,0
2019-10-16T11:49:56Z,-0.063,17.2531,2.0023,9.7742,39.892,33.708227,4.1677,60.765,7.372,219.5913,136.7,2.5171943521935454,0.01,0
2019-10-16T11:49:56Z,-0.06,17.2517,2.0088,9.7523,39.918,33.726985,4.1441,60.445,7.367,219.4833,134.72,2.519023442792104,0.006,0
2019-10-16T11:49:56Z,-0.06,17.2506,2.0053,9.5873,39.929,33.732485,4.1261,60.088,7.362,219.365,133.86,2.5198284614078847,0.004,0
2019-10-16T11:49:56Z,-0.062,17.2484,1.9868,9.3201,39.909,33.711262,4.1073,59.736,7.358,219.3651,133.6,2.5186223535628027,0.002,0
2019-10-16T11:49:56Z,-0.065,17.2453,1.9758,9.2085,39.854,33.660762,4.0888,59.427,7.354,219.3989,131.47,2.5151244040167855,0,0
2019-10-16T11:49:56Z,-0.064,17.241,1.9838,9.2536,39.82,33.629608,4.0683,59.152,7.35,219.2571,130.88,2.5131076314933565,0,0
2019-10-16T11:49:56Z,-0.061,17.2368,1.9976,9.2752,39.849,33.6519,4.0429,58.889,7.347,219.1136,135.74,2.5153093372930644,0,0
2019-10-16T11:49:56Z,-0.06,17.232,1.9947,9.2412,39.882,33.676432,4.0186,58.637,7.343,219.213,139.39,2.517816850640751,0.001,0
2019-10-16T11:49:56Z,-0.062,17.2255,1.9843,9.2025,39.881,33.672368,3.9986,58.384,7.34,219.34,141.04,2.518148432026935,0.001,0
2019-10-16T11:49:56Z,-0.063,17.2223,1.993,9.2013,39.877,33.666224,3.9816,58.116,7.336,219.2727,141.39,2.5180763856361286,0.001,0
2019-10-16T11:49:56Z,-0.063,17.2204,2.004,9.2266,39.879,33.665599,3.9634,57.846,7.333,219.1735,135.27,2.518327036482384,0.001,0
2019-10-16T11:49:56Z,-0.061,17.2165,1.9871,9.508,39.882,33.664805,3.9471,57.559,7.332,219.1731,132.87,2.5187674333911145,0.002,0
2019-10-16T11:49:56Z,-0.06,17.2124,1.9538,10.0141,39.877,33.656635,3.9315,57.243,7.329,219.2684,136.71,2.518683379275438,0.004,0
2019-10-16T11:49:56Z,-0.06,17.2087,1.9318,10.2663,39.849,33.630267,3.9123,56.914,7.325,219.4656,134.99,2.517031205515624,0.005,0
2019-10-16T11:49:56Z,-0.058,17.2054,1.9282,10.2969,39.817,33.599847,3.8955,56.608,7.322,219.6642,131.54,2.5150857607677723,0.004,0
2019-10-16T11:49:56Z,-0.055,17.2015,1.9532,10.2523,39.827,33.606144,3.8766,56.314,7.319,219.6904,131.61,2.5159958116533803,0.003,0
2019-10-16T11:49:56Z,-0.053,17.1972,1.9827,10.0547,39.873,33.642944,3.8555,56.022,7.316,219.6112,130.91,2.5193474391690174,0.001,0
2019-10-16T11:49:56Z,-0.053,17.1932,1.9827,9.9068,39.901,33.663995,3.832,55.743,7.313,219.6523,128.06,2.521473011087159,-0.002,0
2019-10-16T11:49:56Z,-0.055,17.1893,1.9783,9.9065,39.913,33.670278,3.8124,55.446,7.31,219.7576,127.31,2.5225184944184855,-0.004,0
2019-10-16T11:49:56Z,-0.058,17.1861,1.9997,9.985,39.899,33.655439,3.7942,55.148,7.307,219.8514,130.67,2.521775099820182,-0.006,0
2019-10-16T11:49:56Z,-0.061,17.1833,2.0241,10.1035,39.85,33.611503,3.7723,54.888,7.305,219.9249,134.11,2.518656440153291,-0.007,0
2019-10-16T11:49:56Z,-0.063,17.1799,2.0311,10.158,39.82,33.583296,3.7566,54.629,7.302,219.9591,134.51,2.516850408660056,-0.006,0
2019-10-16T11:49:56Z,-0.065,17.1758,2.0403,10.1533,39.805,33.568247,3.7361,54.389,7.298,220.0074,134.81,2.516094543655596,-0.003,0
2019-10-16T11:49:56Z,-0.065,17.1715,2.049,10.1447,39.794,33.556475,3.7137,54.214,7.294,219.992,135.36,2.515619415652709,0,0
2019-10-16T11:49:56Z,-0.064,17.1679,2.0491,10.1522,39.809,33.56788,3.6994,54.048,7.291,219.946,135.02,2.51684774650366,0.002,0
2019-10-16T11:49:56Z,-0.063,17.1647,2.0499,10.146,39.824,33.579217,3.6817,53.862,7.288,219.9665,134.91,2.5180517020117095,0.003,0
2019-10-16T11:49:56Z,-0.061,17.1614,2.0503,10.1027,39.811,33.56662,3.6623,53.677,7.285,220.0686,135.28,2.5173807607422463,0.003,0
2019-10-16T11:49:56Z,-0.06,17.1585,2.0369,10.1198,39.786,33.542492,3.6543,53.469,7.281,220.2339,134.1,2.5158789481113764,0.002,0
2019-10-16T11:49:56Z,-0.06,17.1565,2.0099,10.1893,39.788,33.541348,3.6443,53.255,7.277,220.3296,132.71,2.516135998663888,0.001,0
2019-10-16T11:49:56Z,-0.06,17.1551,1.9919,10.1889,39.804,33.552785,3.6291,53.061,7.273,220.3649,135.62,2.5172970321641457,-0.001,0
2019-10-16T11:49:56Z,-0.061,17.1531,1.9835,10.1471,39.809,33.553849,3.6198,52.873,7.269,220.4029,140.52,2.5177558066645322,-0.003,0
2019-10-16T11:49:56Z,-0.062,17.1499,1.9785,10.1427,39.812,33.554197,3.6045,52.688,7.265,220.4449,144.32,2.518153860083829,-0.004,0
2019-10-16T11:49:56Z,-0.063,17.1461,2.01,10.1689,39.818,33.556993,3.589,52.508,7.261,220.5287,144.62,2.51879051869948,-0.005,0
2019-10-16T11:49:56Z,-0.065,17.1428,2.0776,10.1687,39.857,33.587653,3.5778,52.331,7.257,220.6413,143.35,2.52161488081697,-0.005,0
2019-10-16T11:49:56Z,-0.066,17.1398,2.1101,10.1074,39.883,33.607591,3.5645,52.171,7.253,220.7741,143,2.523547368075134,-0.004,0
2019-10-16T11:49:56Z,-0.067,17.1368,2.0999,10.0505,39.886,33.60766,3.5526,52.034,7.251,220.9298,140.32,2.5239337344226644,-0.003,0
2019-10-16T11:49:56Z,-0.068,17.1339,2.0932,10.0057,40.015,33.715416,3.5407,51.894,7.25,221.061,138.45,2.532787555405126,-0.001,0
2019-10-16T11:49:56Z,-0.068,17.1313,2.0986,9.9257,40.22,33.895017,3.5287,51.774,7.247,221.1569,140.42,2.5467397678872574,0.002,0
2019-10-16T11:49:56Z,-0.067,17.1283,2.1132,9.8707,40.315,34.002202,3.5175,51.913,7.244,221.2279,139.81,2.5533196602601236,0.005,0
2019-10-16T11:49:56Z,-0.066,17.1258,2.1219,9.8642,40.332,34.059434,3.5093,52.847,7.241,221.231,137.07,2.5546196025729517,0.007,0
2019-10-16T11:49:56Z,-0.063,17.1227,2.1001,9.8811,40.31,34.079332,3.5013,55.104,7.238,221.1953,136.42,2.5533317299475566,0.008,0
2019-10-16T11:49:56Z,-0.059,17.1219,2.066,9.9103,40.248,34.052427,3.4878,58.73,7.237,221.1399,135.11,2.5492080612569703,0.008,0
2019-10-16T11:49:56Z,-0.056,17.1563,2.0572,9.9223,40.229,34.051491,3.4816,63.331,7.236,221.0783,135.08,2.545792524189692,0.007,0
2019-10-16T11:49:56Z,-0.054,17.2237,2.0624,9.928,40.238,34.068039,3.5216,68.266,7.233,221.138,135.41,2.5422190719493947,0.006,0
2019-10-16T11:49:56Z,-0.054,17.2751,2.0771,10.0443,40.225,34.062114,3.6708,72.843,7.231,221.1736,134.34,2.538168314599143,0.003,0
2019-10-16T11:49:56Z,-0.055,17.3033,2.1047,10.2801,40.199,34.043325,3.923,76.65,7.228,221.078,133.21,2.5346855181517682,0.001,0
2019-10-16T11:49:56Z,-0.055,17.3208,2.1098,10.4188,40.183,34.031274,4.2444,79.416,7.225,221.0149,131.48,2.5325354753044618,-0.001,0
2019-10-16T11:49:56Z,-0.055,17.3307,2.0955,10.3785,40.197,34.043333,4.5967,80.944,7.221,221.0137,132.08,2.532863291484839,0.001,0
2019-10-16T11:49:56Z,-0.055,17.3364,2.0629,10.2514,40.219,34.062202,4.909,81.316,7.212,221.1487,134.22,2.53398523999459,0.011,0
2019-10-16T11:49:56Z,-0.058,17.3392,2.0097,10.1599,40.228,34.069012,5.1707,80.849,7.202,221.271,135.14,2.534415392353193,0.027,0
2019-10-16T11:49:56Z,-0.059,17.3406,1.9895,10.1569,40.222,34.062216,5.3634,79.898,7.196,221.201,136.21,2.5339276594275635,0.043,0
2019-10-16T11:49:56Z,-0.047,17.3413,1.9919,10.15,40.202,34.043494,5.4631,78.785,7.195,220.647,134.03,2.5325455300778286,0.054,0
2019-10-16T11:49:56Z,-0.017,17.3416,1.9779,10.0762,40.192,34.033039,5.4791,77.712,7.194,219.5633,123.68,2.531856426472156,0.06,0
2019-10-16T11:49:56Z,0.015,17.3405,1.9591,9.8223,40.228,34.062732,5.4397,76.757,7.191,218.7663,113.77,2.534332805633734,0.062,0
2019-10-16T11:49:56Z,0.033,17.3382,1.9391,9.4398,40.255,34.085176,5.3682,75.985,7.186,218.4973,110.3,2.5362817524628856,0.061,0
2019-10-16T11:49:56Z,0.038,17.3354,1.9268,9.2518,40.215,34.050549,5.2881,75.431,7.181,218.3749,110.62,2.5337761205127842,0.055,0
2019-10-16T11:49:56Z,0.04,17.3332,1.9318,9.287,40.185,34.024853,5.2166,75.051,7.176,218.3184,110.45,2.53190310032314,0.046,0
2019-10-16T11:49:56Z,0.049,17.3321,1.9989,9.5378,40.19,34.028338,5.1499,74.789,7.172,218.3303,106.66,2.532305298404105,0.04,0
2019-10-16T11:49:56Z,0.066,17.3313,2.1304,9.9248,40.191,34.029231,5.0972,74.644,7.17,218.3469,103.71,2.532420779397281,0.039,0
2019-10-16T11:49:56Z,0.081,17.3306,2.2127,10.1315,40.199,34.035648,5.0615,74.605,7.171,218.347,103.88,2.532999098576097,0.038,0
2019-10-16T11:49:56Z,0.091,17.3302,2.2313,10.1688,40.208,34.042461,5.0383,74.621,7.172,218.246,106.79,2.533626147995065,0.035,0
2019-10-16T11:49:56Z,0.098,17.3301,2.1988,10.147,40.215,34.048137,5.0197,74.644,7.174,218.0723,110.65,2.534100812945255,0.03,0
2019-10-16T11:49:56Z,0.103,17.3302,2.1067,10.0969,40.207,34.040808,5.0099,74.619,7.177,218.0541,113.86,2.533558776667788,0.024,0
2019-10-16T11:49:56Z,0.107,17.3295,2.0452,10.0874,40.18,34.017315,5.0095,74.533,7.179,218.1107,117.08,2.5317938587144555,0.02,0
2019-10-16T11:49:56Z,0.11,17.3285,2.0455,10.1307,40.18,34.01794,5.0107,74.411,7.179,218.0685,120.46,2.5318553818356944,0.02,0
2019-10-16T11:49:56Z,0.114,17.3279,2.1014,10.1942,40.216,34.048366,5.0147,74.28,7.179,218.0601,123.99,2.5343028501485216,0.022,0
2019-10-16T11:49:56Z,0.119,17.3276,2.1924,10.199,40.24,34.067869,5.0134,74.169,7.178,218.1811,126.56,2.5359283563659285,0.025,0
2019-10-16T11:49:56Z,0.125,17.3275,2.235,10.1238,40.235,34.063348,5.0061,74.069,7.177,218.3278,127.37,2.5355994896290284,0.029,0
2019-10-16T11:49:56Z,0.134,17.3277,2.235,10.0708,40.227,34.057171,4.9982,73.969,7.174,218.4563,126.6,2.5350511681273784,0.03,0
2019-10-16T11:49:56Z,0.145,17.3273,2.2435,9.9847,40.227,34.056652,4.9877,73.88,7.171,218.6171,124.73,2.5350754742479915,0.03,0
2019-10-16T11:49:56Z,0.155,17.3267,2.252,9.8035,40.227,34.057068,4.9812,73.77,7.17,218.7229,122.86,2.5351121081840393,0.028,0
2019-10-16T11:49:56Z,0.162,17.3264,2.243,9.7155,40.232,34.062204,4.9752,73.635,7.171,218.7038,121.71,2.5354651926015457,0.024,0
2019-10-16T11:49:56Z,0.166,17.3265,2.2294,9.7073,40.224,34.055281,4.9669,73.521,7.171,218.7298,121.03,2.534923181938643,0.021,0
2019-10-16T11:49:56Z,0.168,17.3268,2.2169,9.6713,40.203,34.036827,4.9628,73.447,7.17,218.8644,120.5,2.533498363194639,0.018,0
2019-10-16T11:49:56Z,0.171,17.3277,2.1791,9.7392,40.194,34.029479,4.9556,73.392,7.17,218.9545,119.32,2.5328401946626196,0.016,0
2019-10-16T11:49:56Z,0.176,17.3282,2.1279,9.8727,40.194,34.029902,4.9446,73.354,7.169,219.045,118.21,2.5328092465096455,0.016,0
2019-10-16T11:49:56Z,0.181,17.328,2.1087,9.9098,40.209,34.041952,4.9364,73.351,7.169,219.2712,117.91,2.533825786548873,0.017,0
2019-10-16T11:49:56Z,0.186,17.3276,2.1125,9.8928,40.217,34.048242,4.9326,73.382,7.169,219.538,117.52,2.534386023283904,0.019,0
2019-10-16T11:49:56Z,0.191,17.3273,2.1132,9.8304,40.211,34.042481,4.9292,73.475,7.168,219.7762,117.19,2.5340025562584194,0.021,0
2019-10-16T11:49:56Z,0.195,17.3272,2.1087,9.745,40.203,34.035758,4.925,73.64,7.167,220.0003,116.58,2.5334729021071793,0.022,0
2019-10-16T11:49:56Z,0.2,17.3268,2.1008,9.712,40.197,34.030423,4.9262,73.8,7.165,220.2682,115.18,2.5330956258006876,0.023,0
2019-10-16T11:49:56Z,0.207,17.3265,2.0963,9.6936,40.211,34.041443,4.9271,73.924,7.163,220.606,112.73,2.5340514019410607,0.025,0
2019-10-16T11:49:56Z,0.215,17.326,2.0971,9.7855,40.212,34.042067,4.932,74.039,7.161,220.8157,109.81,2.5341488909319514,0.026,0
2019-10-16T11:49:56Z,0.222,17.3253,2.1103,10.0038,40.208,34.037972,4.9467,74.113,7.159,220.9107,107.71,2.533923894585327,0.026,0
2019-10-16T11:49:56Z,0.229,17.3247,2.1265,10.1044,40.228,34.055385,4.9585,74.109,7.157,221.0659,105.99,2.5353001128379606,0.026,0
2019-10-16T11:49:56Z,0.235,17.3244,2.1275,10.0847,40.236,34.062213,4.9641,74.029,7.156,221.3161,103.94,2.5358541985359837,0.025,0
2019-10-16T11:49:56Z,0.241,17.3243,2.131,10.0272,40.231,34.05706,4.9742,73.9,7.154,221.6122,101.82,2.535525308710727,0.023,0
2019-10-16T11:49:56Z,0.247,17.3238,2.1518,9.9333,40.231,34.05654,4.9799,73.78,7.154,221.8931,100.01,2.535555944019317,0.022,0
2019-10-16T11:49:56Z,0.253,17.3234,2.1715,9.9006,40.23,34.055925,4.9793,73.685,7.154,222.1318,98.481,2.535513408855795,0.021,0
2019-10-16T11:49:56Z,0.258,17.3232,2.1783,9.927,40.223,34.049627,4.9743,73.624,7.153,222.2604,97.028,2.5350567941583506,0.02,0
2019-10-16T11:49:56Z,0.263,17.3228,2.1911,10.0229,40.217,34.043857,4.9626,73.622,7.152,222.3297,95.252,2.534679512061953,0.018,0
2019-10-16T11:49:56Z,0.268,17.3226,2.222,10.1754,40.225,34.049632,4.9554,73.684,7.151,222.4528,93.518,2.535227442807618,0.016,0
2019-10-16T11:49:56Z,0.272,17.3224,2.2481,10.2624,40.233,34.055978,4.9487,73.764,7.15,222.7174,91.884,2.5357754186604917,0.015,0
2019-10-16T11:49:56Z,0.275,17.3221,2.2553,10.2884,40.235,34.057123,4.9438,73.831,7.147,223.12,89.957,2.5359277746973516,0.018,0
2019-10-16T11:49:56Z,0.277,17.3212,2.2481,10.2925,40.243,34.063468,4.9432,73.883,7.142,223.4485,87.951,2.5365190391501673,0.027,0
2019-10-16T11:49:56Z,0.278,17.3199,2.2211,10.1814,40.251,34.069243,4.9492,73.907,7.136,223.6784,85.769,2.537135046260269,0.041,0
2019-10-16T11:49:56Z,0.284,17.3189,2.1896,9.9944,40.245,34.063474,4.9559,73.888,7.131,223.92,81.688,2.5367948381043655,0.054,0
2019-10-16T11:49:56Z,0.303,17.3184,2.1792,9.9315,40.238,34.057184,4.9593,73.798,7.127,224.1334,75.047,2.5363561615514416,0.065,0
2019-10-16T11:49:56Z,0.333,17.318,2.1733,9.9127,40.238,34.056654,4.9641,73.649,7.123,224.2791,69.02,2.5363796921315687,0.072,0
2019-10-16T11:49:56Z,0.36,17.3171,2.1362,9.7015,40.239,34.057061,4.9653,73.507,7.121,224.3904,65.201,2.536501332745462,0.074,0
2019-10-16T11:49:56Z,0.379,17.3157,2.0776,9.3776,40.245,34.062101,4.9655,73.401,7.119,224.5332,62.703,2.5369890473173315,0.071,0
2019-10-16T11:49:56Z,0.392,17.315,2.0448,9.2411,40.235,34.054128,4.9596,73.323,7.119,224.6294,60.716,2.5363619943022253,0.064,0
2019-10-16T11:49:56Z,0.403,17.3149,2.0438,9.2641,40.2,34.024127,4.9469,73.272,7.12,224.6935,58.473,2.534023322565837,0.055,0
2019-10-16T11:49:56Z,0.415,17.3147,2.0485,9.2613,40.191,34.016692,4.9369,73.237,7.12,224.7918,56.091,2.533432444144471,0.049,0
2019-10-16T11:49:56Z,0.429,17.3148,2.0494,9.2733,40.205,34.027702,4.9306,73.2,7.121,224.8714,53.815,2.534363648419956,0.045,0
2019-10-16T11:49:56Z,0.443,17.3146,2.0544,9.3105,40.208,34.030312,4.9249,73.163,7.123,224.968,51.962,2.534576424539467,0.043,0
2019-10-16T11:49:56Z,0.453,17.3145,2.0574,9.2849,40.229,34.048245,4.9219,73.12,7.124,225.0986,50.623,2.5359889694040096,0.042,0
2019-10-16T11:49:56Z,0.461,17.3144,2.0499,9.0623,40.236,34.054127,4.9205,73.059,7.125,225.246,49.384,2.536463901608542,0.041,0
2019-10-16T11:49:56Z,0.469,17.314,2.0507,8.7162,40.216,34.037973,4.9175,73.019,7.125,225.4604,48.042,2.535148575378084,0.04,0
2019-10-16T11:49:56Z,0.479,17.3141,2.0584,8.5735,40.222,34.043328,4.9149,73.037,7.124,225.7118,46.591,2.5355440206924027,0.04,0
2019-10-16T11:49:56Z,0.49,17.3142,2.0646,8.5834,40.237,34.055405,4.9133,73.09,7.124,225.8761,45.037,2.5365423412375465,0.04,0
2019-10-16T11:49:56Z,0.503,17.3143,2.0656,8.4426,40.239,34.05706,4.9078,73.18,7.123,225.8977,43.509,2.536669709214653,0.039,0
2019-10-16T11:49:56Z,0.514,17.3144,2.0528,8.215,40.246,34.06335,4.9031,73.291,7.123,225.9742,42.276,2.5371320925164493,0.038,0
2019-10-16T11:49:56Z,0.523,17.3146,2.0395,8.125,40.251,34.067984,4.9065,73.362,7.122,226.1982,41.276,2.537454453083653,0.035,0
2019-10-16T11:49:56Z,0.53,17.3147,2.0356,8.1415,40.23,34.049628,4.9092,73.396,7.122,226.3691,40.419,2.536041280372778,0.032,0
2019-10-16T11:49:56Z,0.537,17.3146,2.0316,8.1523,40.209,34.0318,4.9149,73.424,7.122,226.4926,39.684,2.5346404670490554,0.029,0
2019-10-16T11:49:56Z,0.543,17.3146,2.0176,8.2557,40.222,34.042818,4.9254,73.427,7.122,226.5722,38.894,2.535511133217034,0.027,0
2019-10-16T11:49:56Z,0.549,17.3145,1.9958,8.4412,40.237,34.055916,4.9297,73.398,7.121,226.5565,38.018,2.5365219358074373,0.027,0
2019-10-16T11:49:56Z,0.557,17.3143,1.9856,8.494,40.246,34.063236,4.93,73.343,7.121,226.5605,37.233,2.537136931909153,0.027,0
2019-10-16T11:49:56Z,0.564,17.3142,1.9886,8.501,40.251,34.067861,4.9335,73.263,7.12,226.6212,36.563,2.5374778685090393,0.028,0
2019-10-16T11:49:56Z,0.57,17.3144,2.007,8.6892,40.228,34.04837,4.9338,73.195,7.12,226.6884,35.828,2.535924601655733,0.029,0
2019-10-16T11:49:56Z,0.577,17.3145,2.0345,8.9348,40.193,34.017963,4.9309,73.157,7.12,226.7705,35.033,2.53357367185807,0.03,0
2019-10-16T11:49:56Z,0.586,17.3144,2.043,9.0113,40.193,34.017548,4.9286,73.132,7.12,226.8395,34.284,2.5335795166679165,0.03,0
2019-10-16T11:49:56Z,0.595,17.3145,2.0491,8.9927,40.223,34.043339,4.9211,73.116,7.121,226.9211,33.575,2.535582703724526,0.03,0
2019-10-16T11:49:56Z,0.603,17.3145,2.0741,9.0046,40.262,34.075949,4.916,73.118,7.122,227.0679,32.839,2.5381950946372336,0.029,0
2019-10-16T11:49:56Z,0.611,17.3143,2.1021,9.0242,40.283,34.094506,4.9147,73.146,7.122,227.152,32.224,2.5396140330456163,0.027,0
2019-10-16T11:49:56Z,0.617,17.3141,2.1186,9.033,40.262,34.077311,4.9127,73.196,7.121,227.2503,31.81,2.5382192775602435,0.025,0
2019-10-16T11:49:56Z,0.622,17.3141,2.1176,9.0129,40.24,34.058443,4.9116,73.262,7.12,227.4817,31.428,2.5367453313751462,0.023,0
2019-10-16T11:49:56Z,0.627,17.3142,2.0982,8.977,40.238,34.056772,4.9112,73.335,7.119,227.6271,31.012,2.5366050555819752,0.02,0
2019-10-16T11:49:56Z,0.633,17.3146,2.0748,8.96,40.239,34.057098,4.9135,73.403,7.12,227.6309,30.615,2.536647117451004,0.018,0
2019-10-16T11:49:56Z,0.638,17.3147,2.0612,8.972,40.245,34.06239,4.9166,73.465,7.12,227.6144,30.39,2.537042728314015,0.016,0
2019-10-16T11:49:56Z,0.641,17.3148,2.0542,8.9903,40.239,34.057287,4.9215,73.515,7.12,227.5994,30.242,2.536634558513007,0.015,0
2019-10-16T11:49:56Z,0.644,17.3147,2.0687,8.8535,40.241,34.058865,4.9269,73.54,7.119,227.6221,30.025,2.5367746425419515,0.015,0
2019-10-16T11:49:56Z,0.647,17.3146,2.0984,8.5632,40.267,34.081471,4.9312,73.551,7.118,227.8021,29.84,2.5385224912045294,0.016,0
2019-10-16T11:49:56Z,0.651,17.3147,2.1092,8.3651,40.262,34.076752,4.9357,73.583,7.118,228.0553,29.624,2.5381812286462853,0.017,0
2019-10-16T11:49:56Z,0.656,17.3146,2.1123,8.2934,40.249,34.06527,4.9394,73.635,7.119,228.1022,29.34,2.5373163528352665,0.019,0
2019-10-16T11:49:56Z,0.661,17.3145,2.1198,8.2858,40.254,34.069579,4.941,73.665,7.119,228.1104,29.051,2.537657320569622,0.021,0
2019-10-16T11:49:56Z,0.667,17.3145,2.1118,8.4706,40.249,34.06538,4.9404,73.665,7.119,228.2404,28.728,2.53732217464936,0.023,0
2019-10-16T11:49:56Z,0.673,17.3143,2.0848,8.7911,40.264,34.077969,4.9422,73.644,7.119,228.298,28.374,2.538339207113241,0.023,0
2019-10-16T11:49:56Z,0.679,17.3141,2.0623,8.948,40.284,34.094861,4.9478,73.577,7.119,228.3771,28.031,2.539691256376493,0.024,0
2019-10-16T11:49:56Z,0.686,17.314,2.0571,8.9584,40.264,34.079216,4.9497,73.458,7.119,228.5076,27.77,2.5383573136539086,0.026,0
2019-10-16T11:49:56Z,0.692,17.3138,2.0823,9.0806,40.264,34.079213,4.9487,73.308,7.119,228.4996,27.515,2.538369501008392,0.028,0
2019-10-16T11:49:56Z,0.697,17.3141,2.1328,9.3111,40.283,34.094819,4.9492,73.164,7.119,228.5384,27.095,2.5396237531325716,0.031,0
2019-10-16T11:49:56Z,0.706,17.3145,2.1651,9.4524,40.262,34.07751,4.944,73.071,7.119,228.7188,26.595,2.538191862174761,0.033,0
2019-10-16T11:49:56Z,0.716,17.3148,2.1781,9.4779,40.242,34.060335,4.9356,73.043,7.119,228.7874,26.142,2.5368332141935412,0.035,0
2019-10-16T11:49:56Z,0.726,17.3149,2.1865,9.3572,40.262,34.077552,4.9249,73.073,7.119,228.8519,25.686,2.5381665388537487,0.036,0
2019-10-16T11:49:56Z,0.736,17.3148,2.188,9.14,40.283,34.095278,4.9134,73.139,7.118,228.983,25.247,2.539579221898534,0.036,0
2019-10-16T11:49:56Z,0.745,17.315,2.1874,9.0144,40.269,34.084263,4.9074,73.223,7.116,228.9957,24.888,2.5386286772272735,0.034,0
2019-10-16T11:49:56Z,0.753,17.3153,2.1797,8.9526,40.254,34.071307,4.9052,73.308,7.114,229.0049,24.53,2.5376050692403678,0.03,0
2019-10-16T11:49:56Z,0.761,17.3155,2.1376,8.6551,40.248,34.065552,4.9083,73.359,7.112,229.0948,24.144,2.5371905693982426,0.025,0
2019-10-16T11:49:56Z,0.769,17.3156,2.0771,8.1378,40.263,34.078155,4.913,73.362,7.111,229.1358,23.895,2.5381889295520916,0.02,0
2019-10-16T11:49:56Z,0.774,17.3157,2.0559,7.8753,40.284,34.09675,4.9187,73.346,7.109,229.1571,23.818,2.539589460834485,0.015,0
2019-10-16T11:49:56Z,0.776,17.3156,2.0636,7.9076,40.288,34.099987,4.9257,73.342,7.109,229.2658,23.765,2.539863611307829,0.012,0
2019-10-16T11:49:56Z,0.777,17.3159,2.092,8.1015,40.309,34.117291,4.9296,73.347,7.108,229.3315,23.726,2.5412519093116557,0.011,0
2019-10-16T11:49:56Z,0.777,17.3157,2.138,8.3845,40.308,34.115574,4.9288,73.367,7.108,229.3494,23.77,2.5411972407973242,0.014,0
2019-10-16T11:49:56Z,0.778,17.3155,2.1611,8.511,40.266,34.079228,4.9265,73.425,7.108,229.4819,23.787,2.538395885024254,0.019,0
2019-10-16T11:49:56Z,0.782,17.3156,2.1719,8.5171,40.241,34.058629,4.9268,73.524,7.108,229.5575,23.562,2.5367149107456863,0.027,0
2019-10-16T11:49:56Z,0.791,17.3154,2.1903,8.5561,40.239,34.056911,4.9273,73.62,7.107,229.4895,23.093,2.5365929235790294,0.033,0
2019-10-16T11:49:56Z,0.804,17.3146,2.2625,8.8518,40.241,34.058457,4.9276,73.678,7.107,229.5198,22.607,2.5367758071701587,0.038,0
2019-10-16T11:49:56Z,0.818,17.3137,2.3947,9.372,40.262,34.077326,4.9314,73.69,7.106,229.6654,22.164,2.538237756311161,0.039,0
2019-10-16T11:49:56Z,0.829,17.3137,2.471,9.6677,40.282,34.094646,4.9396,73.656,7.106,229.7869,21.796,2.5395772752985253,0.037,0
2019-10-16T11:49:56Z,0.839,17.314,2.4744,9.7072,40.261,34.077484,4.9471,73.593,7.106,229.8706,21.566,2.538151548262208,0.034,0
2019-10-16T11:49:56Z,0.845,17.3144,2.4006,9.4235,40.241,34.060219,4.9506,73.526,7.106,229.9035,21.377,2.5367868465151875,0.029,0
2019-10-16T11:49:56Z,0.85,17.315,2.2555,8.8591,40.26,34.076293,4.9517,73.462,7.106,229.8402,21.132,2.5380225492765107,0.025,0
2019-10-16T11:49:56Z,0.856,17.3154,2.1758,8.5536,40.266,34.08143,4.9489,73.404,7.107,229.7943,20.83,2.538399649254348,0.023,0
2019-10-16T11:49:56Z,0.861,17.3156,2.1746,8.5481,40.24,34.058862,4.9437,73.354,7.107,229.9502,20.588,2.536645325927365,0.024,0
2019-10-16T11:49:56Z,0.866,17.3157,2.1797,8.7265,40.238,34.057287,4.9393,73.319,7.106,230.1764,20.431,2.53650508754113,0.027,0
2019-10-16T11:49:56Z,0.87,17.3158,2.1764,9.0391,40.244,34.062389,4.9348,73.294,7.106,230.206,20.176,2.5369007495172182,0.032,0
2019-10-16T11:49:56Z,0.878,17.3159,2.1689,9.1818,40.238,34.057088,4.9311,73.301,7.106,230.1355,19.753,2.536492434574233,0.037,0
2019-10-16T11:49:56Z,0.891,17.316,2.1762,9.206,40.238,34.056657,4.9271,73.348,7.105,230.1845,19.294,2.5364857914535768,0.043,0
2019-10-16T11:49:56Z,0.904,17.3158,2.2136,9.4625,40.239,34.057177,4.9254,73.378,7.102,230.2832,18.904,2.5365646715036996,0.048,0
2019-10-16T11:49:56Z,0.916,17.316,2.2648,9.8906,40.246,34.063363,4.9233,73.382,7.099,230.3818,18.499,2.537020961379391,0.05,0
2019-10-16T11:49:56Z,0.931,17.3162,2.2931,10.1221,40.251,34.067989,4.9221,73.396,7.096,230.5165,17.993,2.5373430864064868,0.049,0
2019-10-16T11:49:56Z,0.946,17.3151,2.2957,10.1311,40.229,34.049645,4.9286,73.395,7.094,230.621,17.571,2.535936642985163,0.047,0
2019-10-16T11:49:56Z,0.958,17.3143,2.2785,10.033,40.208,34.031967,4.9309,73.38,7.092,230.6988,17.306,2.5345789025123935,0.044,0
2019-10-16T11:49:56Z,0.967,17.3148,2.2502,9.8535,40.222,34.044651,4.9283,73.375,7.092,230.683,16.967,2.5354856956285277,0.04,0
2019-10-16T11:49:56Z,0.976,17.3151,2.2391,9.6972,40.259,34.07607,4.9318,73.357,7.093,230.6023,16.556,2.5379454571404074,0.037,0
2019-10-16T11:49:56Z,0.985,17.3156,2.2401,9.6172,40.281,34.094518,4.9312,73.294,7.094,230.6689,16.233,2.5393880623981673,0.036,0
2019-10-16T11:49:56Z,0.993,17.3161,2.227,9.51,40.26,34.077315,4.9286,73.199,7.094,230.8003,15.993,2.537950191597852,0.038,0
2019-10-16T11:49:56Z,1,17.3167,2.2022,9.3522,40.238,34.058456,4.9296,73.115,7.094,230.9003,15.73,2.536439290463727,0.043,0
2019-10-16T11:49:56Z,1.011,17.3171,2.1841,9.2816,40.236,34.056896,4.9291,73.06,7.093,231.0188,15.326,2.53628033288578,0.048,0
2019-10-16T11:49:56Z,1.025,17.317,2.1721,9.2792,40.238,34.058457,4.9249,73.04,7.091,231.1143,14.839,2.536419963573486,0.053,0
2019-10-16T11:49:56Z,1.041,17.3171,2.1611,9.2897,40.261,34.077325,4.9164,73.048,7.089,231.1943,14.353,2.5379539748863196,0.056,0
2019-10-16T11:49:56Z,1.059,17.3169,2.1813,9.4097,40.281,34.094633,4.911,73.078,7.088,231.297,13.858,2.5393055674517786,0.057,0
2019-10-16T11:49:56Z,1.076,17.317,2.225,9.6148,40.261,34.077325,4.9069,73.128,7.088,231.3236,13.467,2.537959005811585,0.056,0
2019-10-16T11:49:56Z,1.09,17.3171,2.2304,9.705,40.239,34.058456,4.906,73.197,7.087,231.3436,13.191,2.536478722403753,0.054,0
2019-10-16T11:49:56Z,1.1,17.3165,2.2206,9.6818,40.237,34.056896,4.9065,73.261,7.086,231.4528,12.879,2.536381505591626,0.051,0
2019-10-16T11:49:56Z,1.111,17.316,2.2188,9.6615,40.239,34.058457,4.9088,73.281,7.085,231.5255,12.538,2.5365459696375035,0.049,0
2019-10-16T11:49:56Z,1.123,17.3159,2.1998,9.6558,40.262,34.077324,4.9122,73.277,7.084,231.6206,12.206,2.538092490292741,0.047,0
2019-10-16T11:49:56Z,1.136,17.3157,2.1913,9.6464,40.283,34.094622,4.9167,73.269,7.084,231.8291,11.869,2.5395112121902437,0.046,0
2019-10-16T11:49:56Z,1.15,17.3156,2.1942,9.6457,40.262,34.077209,4.9236,73.272,7.084,231.9808,11.576,2.5381101191887487,0.045,0
2019-10-16T11:49:56Z,1.161,17.3154,2.1998,9.6807,40.238,34.057189,4.9229,73.287,7.084,231.9063,11.335,2.536514408330123,0.043,0
2019-10-16T11:49:56Z,1.171,17.3151,2.2163,9.7091,40.222,34.04295,4.9227,73.286,7.085,231.7883,11.107,2.535460835743758,0.041,0
2019-10-16T11:49:56Z,1.18,17.3149,2.2278,9.694,40.209,34.031984,4.922,73.284,7.086,231.8453,10.894,2.534602039282889,0.041,0
2019-10-16T11:49:56Z,1.189,17.315,2.2352,9.6614,40.232,34.051522,4.9213,73.319,7.085,231.9925,10.693,2.536136299423807,0.041,0
2019-10-16T11:49:56Z,1.198,17.3149,2.2102,9.5114,40.276,34.088775,4.9244,73.379,7.083,232.1064,10.48,2.539089790768307,0.042,0
2019-10-16T11:49:56Z,1.209,17.3148,2.1514,9.2244,40.292,34.101615,4.9235,73.43,7.083,232.1896,10.252,2.540167526797155,0.043,0
2019-10-16T11:49:56Z,1.222,17.3149,2.122,9.0429,40.267,34.079847,4.9216,73.459,7.082,232.2245,9.9978,2.5384860647541867,0.042,0
2019-10-16T11:49:56Z,1.236,17.3148,2.1244,8.9882,40.267,34.079442,4.9247,73.446,7.079,232.1837,9.7509,2.5384918258246674,0.04,0
2019-10-16T11:49:56Z,1.247,17.3148,2.127,8.956,40.287,34.096714,4.9303,73.392,7.078,232.2126,9.5765,2.5398313146775777,0.035,0
2019-10-16T11:49:56Z,1.256,17.3145,2.119,8.8501,40.289,34.098283,4.933,73.302,7.078,232.3154,9.4793,2.5399835492006093,0.031,0
2019-10-16T11:49:56Z,1.261,17.3138,2.1061,8.6916,40.289,34.098413,4.9364,73.153,7.078,232.3088,9.4211,2.540026628628628,0.028,0
2019-10-16T11:49:56Z,1.264,17.3131,2.1096,8.6448,40.289,34.098283,4.9353,72.954,7.078,232.304,9.3486,2.5400698361239322,0.027,0
2019-10-16T11:49:56Z,1.268,17.3128,2.1185,8.6458,40.288,34.096715,4.9307,72.746,7.079,232.4297,9.2264,2.5400212742496184,0.028,0
2019-10-16T11:49:56Z,1.276,17.3127,2.1264,8.8342,40.268,34.07946,4.9266,72.595,7.079,232.5383,9.0354,2.5386872573963926,0.03,0
2019-10-16T11:49:56Z,1.287,17.3127,2.1526,9.2508,40.268,34.080046,4.9157,72.534,7.079,232.5843,8.8337,2.5386868770308997,0.034,0
2019-10-16T11:49:56Z,1.298,17.3125,2.1757,9.4874,40.297,34.103792,4.9016,72.54,7.078,232.6419,8.6814,2.540641783135375,0.036,0
2019-10-16T11:49:56Z,1.307,17.3123,2.1799,9.4996,40.307,34.112708,4.8859,72.632,7.078,232.7185,8.5259,2.5413239253600186,0.037,0
2019-10-16T11:49:56Z,1.317,17.3118,2.1782,9.5299,40.321,34.12439,4.8741,72.796,7.078,232.737,8.3706,2.5422925524284237,0.036,0
2019-10-16T11:49:56Z,1.326,17.3117,2.1727,9.6241,40.314,34.118109,4.8725,72.953,7.077,232.6933,8.2654,2.541829392097126,0.035,0
2019-10-16T11:49:56Z,1.334,17.3118,2.1738,9.6885,40.293,34.10023,4.8711,73.045,7.076,232.7054,8.1805,2.5404159527457404,0.035,0
2019-10-16T11:49:56Z,1.34,17.3115,2.1831,9.6854,40.292,34.098605,4.8772,73.03,7.075,232.8838,8.0792,2.540367296019635,0.037,0
2019-10-16T11:49:56Z,1.348,17.3113,2.1899,9.6846,40.292,34.098456,4.8917,72.943,7.073,233.2158,7.9544,2.5403794300268925,0.04,0
2019-10-16T11:49:56Z,1.358,17.3114,2.1861,9.7445,40.292,34.09843,4.9023,72.843,7.069,233.4496,7.7724,2.5403729665228387,0.045,0
2019-10-16T11:49:56Z,1.372,17.3115,2.1719,9.8204,40.292,34.098286,4.9109,72.723,7.065,233.4743,7.5559,2.5403663127337817,0.049,0
2019-10-16T11:49:56Z,1.387,17.3107,2.1664,9.8805,40.29,34.096711,4.9085,72.603,7.062,233.5146,7.348,2.540281226217452,0.052,0
2019-10-16T11:49:56Z,1.402,17.31,2.1535,9.8163,40.269,34.079389,4.8999,72.515,7.06,233.6777,7.1239,2.5389169957271367,0.053,0
2019-10-16T11:49:56Z,1.417,17.3101,2.1198,9.6008,40.269,34.079247,4.8952,72.457,7.058,233.8115,6.917,2.53891034562321,0.052,0
2019-10-16T11:49:56Z,1.43,17.3096,2.106,9.4709,40.288,34.094994,4.8862,72.415,7.055,233.8419,6.7635,2.5402138769064657,0.051,0
2019-10-16T11:49:56Z,1.441,17.3094,2.1169,9.4583,40.27,34.079392,4.8768,72.389,7.053,233.8732,6.6231,2.5390198401825192,0.051,0
2019-10-16T11:49:56Z,1.452,17.3098,2.138,9.4484,40.272,34.081006,4.8713,72.389,7.05,233.9322,6.4621,2.539128825225709,0.053,0
2019-10-16T11:49:56Z,1.465,17.3097,2.1623,9.4498,40.313,34.114505,4.8678,72.427,7.046,233.9528,6.2813,2.5418817370110594,0.056,0
2019-10-16T11:49:56Z,1.48,17.3096,2.1674,9.4756,40.301,34.103634,4.865,72.501,7.043,233.9498,6.0933,2.541083375183634,0.06,0
2019-10-16T11:49:56Z,1.496,17.3096,2.1655,9.4652,40.269,34.07649,4.863,72.59,7.044,233.9819,5.8973,2.538938809332568,0.061,0
2019-10-16T11:49:56Z,1.514,17.3093,2.1659,9.4226,40.301,34.103634,4.8627,72.663,7.046,233.9979,5.6976,2.541100867988835,0.061,0
2019-10-16T11:49:56Z,1.533,17.3086,2.1632,9.3862,40.314,34.114508,4.8653,72.725,7.048,233.9705,5.5305,2.542014588782258,0.059,0
2019-10-16T11:49:56Z,1.548,17.3077,2.1668,9.3206,40.274,34.081028,4.8706,72.781,7.05,233.995,5.4084,2.5393894729845385,0.056,0
2019-10-16T11:49:56Z,1.56,17.3074,2.1669,9.2519,40.272,34.079623,4.878,72.801,7.053,234.1215,5.2907,2.5392736424945994,0.051,0
2019-10-16T11:49:56Z,1.571,17.3078,2.164,9.2114,40.293,34.097527,4.8825,72.801,7.056,234.2959,5.1739,2.540655735819312,0.046,0
2019-10-16T11:49:56Z,1.583,17.3077,2.1493,9.0272,40.304,34.107097,4.8855,72.791,7.058,234.2967,5.0807,2.5413986493050964,0.041,0
2019-10-16T11:49:56Z,1.593,17.3074,2.1189,8.6961,40.333,34.131877,4.8921,72.776,7.059,234.2175,4.9983,2.54336011923639,0.037,0
2019-10-16T11:49:56Z,1.602,17.3077,2.1088,8.5171,40.347,34.143273,4.8913,72.771,7.06,234.2844,4.9263,2.5442794565706697,0.034,0
2019-10-16T11:49:56Z,1.61,17.3079,2.1133,8.5019,40.318,34.117954,4.8916,72.776,7.062,234.2451,4.8613,2.5423235544001175,0.03,0
2019-10-16T11:49:56Z,1.617,17.3081,2.1302,8.5449,40.273,34.079618,4.8912,72.795,7.063,234.1721,4.7789,2.5392956411530316,0.026,0
2019-10-16T11:49:56Z,1.623,17.3082,2.1653,8.6119,40.251,34.060541,4.889,72.822,7.063,234.2635,4.6949,2.5378152616091967,0.023,0
2019-10-16T11:49:56Z,1.628,17.3081,2.1913,8.6238,40.271,34.077687,4.8895,72.845,7.062,234.3175,4.6346,2.5391613170729728,0.021,0
2019-10-16T11:49:56Z,1.632,17.3076,2.1933,8.6228,40.294,34.096541,4.8891,72.832,7.062,234.3088,4.5838,2.540733134040944,0.021,0
2019-10-16T11:49:56Z,1.637,17.3068,2.2065,8.7958,40.296,34.0981,4.8914,72.792,7.064,234.3308,4.5395,2.540916490789601,0.022,0
2019-10-16T11:49:56Z,1.642,17.3063,2.2552,9.1103,40.294,34.096545,4.8924,72.738,7.064,234.4112,4.5051,2.540813180843373,0.024,0
2019-10-16T11:49:56Z,1.648,17.3058,2.2882,9.2466,40.272,34.077729,4.8962,72.673,7.066,234.5057,4.4527,2.539369729773639,0.028,0
2019-10-16T11:49:56Z,1.655,17.3053,2.2939,9.2306,40.252,34.060995,4.8944,72.633,7.067,234.528,4.3739,2.5380602843973885,0.032,0
2019-10-16T11:49:56Z,1.664,17.3055,2.3065,9.344,40.281,34.08461,4.8909,72.613,7.067,234.5088,4.2864,2.5399908255659494,0.037,0
2019-10-16T11:49:56Z,1.675,17.3058,2.328,9.5687,40.311,34.109404,4.8884,72.595,7.064,234.6178,4.2044,2.5419822847185003,0.042,0
2019-10-16T11:49:56Z,1.686,17.3055,2.345,9.6866,40.308,34.106911,4.8817,72.574,7.062,234.8989,4.1162,2.541799445554096,0.047,0
2019-10-16T11:49:56Z,1.698,17.305,2.3572,9.6871,40.322,34.117929,4.8799,72.55,7.06,235.0676,4.0112,2.5427681716552195,0.052,0
2019-10-16T11:49:56Z,1.713,17.3041,2.3623,9.6728,40.319,34.115693,4.8793,72.529,7.057,235.0226,3.8967,2.5426223398560697,0.055,0
2019-10-16T11:49:56Z,1.728,17.3035,2.3464,9.6779,40.277,34.079868,4.8779,72.5,7.055,235.0436,3.7737,2.539844369065313,0.056,0
2019-10-16T11:49:56Z,1.745,17.3035,2.3214,9.7159,40.259,34.065558,4.877,72.489,7.055,235.1496,3.6541,2.5386376419321217,0.056,0
2019-10-16T11:49:56Z,1.761,17.3035,2.3111,9.7384,40.264,34.069611,4.8744,72.497,7.056,235.1861,3.5631,2.538972119231166,0.055,0
2019-10-16T11:49:56Z,1.774,17.3032,2.3083,9.721,40.26,34.065401,4.8744,72.493,7.056,235.2263,3.4998,2.5387222242759306,0.052,0
2019-10-16T11:49:56Z,1.785,17.303,2.2957,9.6375,40.275,34.07813,4.8711,72.478,7.056,235.2908,3.4273,2.5397394876446087,0.049,0
2019-10-16T11:49:56Z,1.797,17.3029,2.289,9.5153,40.298,34.096581,4.8699,72.447,7.057,235.3643,3.3469,2.5412865687903476,0.047,0
2019-10-16T11:49:56Z,1.809,17.3028,2.297,9.4563,40.3,34.098092,4.8726,72.395,7.058,235.4271,3.281,2.5414263682728144,0.047,0
2019-10-16T11:49:56Z,1.819,17.3026,2.2969,9.4483,40.299,34.096401,4.871,72.34,7.06,235.4472,3.2102,2.541371461332525,0.049,0
2019-10-16T11:49:56Z,1.831,17.3022,2.288,9.4182,40.276,34.076127,4.8707,72.284,7.06,235.5222,3.1338,2.5398544291608633,0.052,0
2019-10-16T11:49:56Z,1.845,17.3019,2.2841,9.3219,40.238,34.043361,4.869,72.229,7.059,235.6443,3.0578,2.5373260781709717,0.056,0
2019-10-16T11:49:56Z,1.859,17.3007,2.2939,9.2337,40.208,34.017555,4.8647,72.198,7.058,235.7192,2.9554,2.535389449945461,0.059,0
2019-10-16T11:49:56Z,1.876,17.2994,2.3107,9.237,40.21,34.01797,4.8613,72.202,7.057,235.654,2.8369,2.535603133092457,0.061,0
2019-10-16T11:49:56Z,1.894,17.2989,2.3573,9.2957,40.246,34.048377,4.858,72.233,7.057,235.5444,2.74,2.5380458595912767,0.062,0
2019-10-16T11:49:56Z,1.911,17.2986,2.4411,9.3546,40.27,34.067878,4.8532,72.278,7.056,235.5984,2.6648,2.5396722508686707,0.062,0
2019-10-16T11:49:56Z,1.926,17.2984,2.4832,9.3921,40.265,34.063357,4.8509,72.319,7.056,235.7906,2.5957,2.539349005430936,0.059,0
2019-10-16T11:49:56Z,1.941,17.2973,2.4762,9.4209,40.257,34.057181,4.8517,72.357,7.056,235.8893,2.5237,2.5388804139830925,0.054,0
2019-10-16T11:49:56Z,1.956,17.2961,2.4691,9.3088,40.257,34.05667,4.854,72.402,7.056,235.7597,2.4529,2.5389540167547855,0.048,0
2019-10-16T11:49:56Z,1.969,17.2955,2.4669,9.0858,40.258,34.057182,4.8577,72.443,7.057,235.686,2.4107,2.539057619501362,0.042,0
2019-10-16T11:49:56Z,1.978,17.2951,2.4672,8.9863,40.265,34.063367,4.8607,72.469,7.059,235.7721,2.3913,2.5395512336163533,0.04,0
2019-10-16T11:49:56Z,1.983,17.2948,2.4727,8.9913,40.27,34.067992,4.8622,72.479,7.059,235.8541,2.3682,2.5399047935258716,0.042,0
2019-10-16T11:49:56Z,1.989,17.2947,2.4812,9.0146,40.249,34.049635,4.8662,72.474,7.058,235.9901,2.3332,2.538503349550751,0.046,0
2019-10-16T11:49:56Z,2,17.2946,2.4824,9.104,40.228,34.031806,4.8693,72.481,7.056,236.2113,2.2663,2.5371017334533397,0.053,0
2019-10-16T11:49:56Z,2.018,17.2943,2.4788,9.286,40.242,34.042815,4.8705,72.49,7.054,236.3779,2.1756,2.5380579415069873,0.061,0
2019-10-16T11:49:56Z,2.038,17.2948,2.4811,9.4118,40.257,34.05581,4.8722,72.485,7.052,236.4554,2.0891,2.5390317695484854,0.068,0
2019-10-16T11:49:56Z,2.057,17.295,2.4844,9.4458,40.265,34.061995,4.8698,72.494,7.05,236.5467,2.0235,2.539555000300678,0.074,0
2019-10-16T11:49:56Z,2.076,17.2942,2.4931,9.4345,40.256,34.054135,4.8712,72.525,7.045,236.7071,1.9767,2.5390005986484594,0.079,0
2019-10-16T11:49:56Z,2.095,17.2937,2.5163,9.3401,40.221,34.024238,4.8731,72.594,7.041,236.9323,1.9132,2.5366850916562442,0.082,0
2019-10-16T11:49:56Z,2.115,17.2935,2.531,9.2551,40.214,34.017846,4.8705,72.709,7.038,237.0322,1.8257,2.536227753742246,0.083,0
2019-10-16T11:49:56Z,2.137,17.2933,2.532,9.2262,40.241,34.040308,4.8721,72.82,7.037,236.969,1.7375,2.5380490128697106,0.083,0
2019-10-16T11:49:56Z,2.163,17.293,2.5205,9.2531,40.244,34.041963,4.8736,72.89,7.035,236.9419,1.6531,2.538267656143383,0.08,0
2019-10-16T11:49:56Z,2.187,17.2925,2.4955,9.3507,40.24,34.037858,4.8772,72.937,7.033,236.8764,1.5842,2.5380296375519644,0.072,0
2019-10-16T11:49:56Z,2.205,17.2922,2.4811,9.4233,40.26,34.054135,4.8871,72.96,7.033,236.6938,1.5425,2.539388178663779,0.062,0
2019-10-16T11:49:56Z,2.218,17.2915,2.4771,9.4098,40.253,34.048366,4.8959,72.946,7.033,236.6272,1.5143,2.5389618108997287,0.051,0
2019-10-16T11:49:56Z,2.228,17.2905,2.4462,9.2532,40.233,34.031579,4.8993,72.884,7.035,236.7588,1.4919,2.537682695811415,0.04,0
2019-10-16T11:49:56Z,2.234,17.2895,2.3938,8.9716,40.244,34.041559,4.9029,72.764,7.037,236.9081,1.4785,2.538481626001513,0.033,0
2019-10-16T11:49:56Z,2.239,17.2887,2.3636,8.7903,40.246,34.042104,4.905,72.616,7.039,236.9703,1.4696,2.53866496642617,0.028,0
2019-10-16T11:49:56Z,2.246,17.2888,2.3589,8.7983,40.242,34.038156,4.904,72.489,7.041,236.9945,1.4489,2.538390412376754,0.026,0
2019-10-16T11:49:56Z,2.253,17.2891,2.4577,8.9055,40.265,34.057299,4.9005,72.413,7.043,237.0285,1.425,2.53991342778364,0.026,0
2019-10-16T11:49:56Z,2.259,17.2893,2.657,9.0043,40.295,34.083156,4.8915,72.377,7.045,237.038,1.4181,2.5419119253008162,0.027,0
2019-10-16T11:49:56Z,2.266,17.2889,2.7741,9.0102,40.311,34.096933,4.8803,72.354,7.046,237.1087,1.4079,2.54300905403076,0.03,0
2019-10-16T11:49:56Z,2.272,17.2882,2.7906,8.9765,40.311,34.096947,4.8709,72.333,7.047,237.2821,1.3812,2.5430521702824302,0.033,0
2019-10-16T11:49:56Z,2.281,17.2878,2.7958,8.9902,40.295,34.083315,4.8666,72.339,7.048,237.3271,1.3528,2.5420040194373894,0.036,0
2019-10-16T11:49:56Z,2.291,17.2876,2.8536,9.1432,40.266,34.05904,4.8645,72.397,7.05,237.2225,1.3311,2.5400719456145944,0.039,0
2019-10-16T11:49:56Z,2.302,17.2876,2.9611,9.3838,40.264,34.057311,4.8637,72.461,7.05,237.222,1.3094,2.5399375251379337,0.044,0
2019-10-16T11:49:56Z,2.314,17.2881,3.0208,9.474,40.27,34.062403,4.8615,72.495,7.049,237.3209,1.2749,2.5403084593483367,0.049,0
2019-10-16T11:49:56Z,2.326,17.2884,3.0202,9.4477,40.265,34.057148,4.8603,72.532,7.047,237.3861,1.2317,2.5399543967232616,0.054,0
2019-10-16T11:49:56Z,2.339,17.2885,2.9716,9.4589,40.266,34.057239,4.8662,72.591,7.045,237.4935,1.1897,2.54001490276639,0.058,0
2019-10-16T11:49:56Z,2.355,17.2883,2.892,9.4785,40.274,34.063504,4.8722,72.642,7.043,237.6739,1.1543,2.5405630348790376,0.062,0
2019-10-16T11:49:56Z,2.374,17.2882,2.8558,9.4875,40.28,34.069428,4.8725,72.687,7.042,237.7601,1.1197,2.540970766157862,0.065,0
2019-10-16T11:49:56Z,2.392,17.2876,2.8547,9.503,40.275,34.065389,4.8742,72.719,7.04,237.7617,1.0791,2.5406720991199485,0.066,0
2019-10-16T11:49:56Z,2.409,17.2866,2.7917,9.5016,40.29,34.078147,4.8804,72.719,7.039,237.7787,1.0397,2.5417389948816367,0.065,0
2019-10-16T11:49:56Z,2.426,17.2857,2.6755,9.5038,40.311,34.096757,4.8828,72.707,7.039,237.7939,1.0112,2.5432020178669488,0.062,0
2019-10-16T11:49:56Z,2.442,17.2858,2.619,9.5295,40.315,34.099997,4.886,72.693,7.04,237.8596,0.98267,2.5434635008213475,0.057,0
2019-10-16T11:49:56Z,2.457,17.2874,2.6204,9.5177,40.336,34.117317,4.8893,72.66,7.04,237.8843,0.94868,2.5447719356054552,0.053,0
2019-10-16T11:49:56Z,2.469,17.288,2.6497,9.361,40.336,34.115772,4.8881,72.607,7.041,237.7485,0.92889,2.5447344399970673,0.05,0
2019-10-16T11:49:56Z,2.479,17.2876,2.6949,9.1421,40.299,34.081312,4.8869,72.548,7.041,237.68,0.91356,2.5422783536798477,0.049,0
2019-10-16T11:49:56Z,2.49,17.2876,2.7084,9.067,40.303,34.08146,4.8868,72.485,7.041,237.8313,0.88734,2.5425461966722915,0.049,0
2019-10-16T11:49:56Z,2.503,17.2874,2.7169,9.0759,40.349,34.11756,4.8848,72.433,7.04,238.0285,0.85979,2.54564216360702,0.053,0
2019-10-16T11:49:56Z,2.515,17.2855,2.719,9.2498,40.374,34.137,4.8803,72.397,7.039,238.1713,0.83694,2.54743570801363,0.059,0
2019-10-16T11:49:56Z,2.53,17.2816,2.6827,9.629,40.361,34.126104,4.8776,72.359,7.037,238.2673,0.81061,2.5468052977069755,0.066,0
2019-10-16T11:49:56Z,2.548,17.2773,2.6588,9.8588,40.345,34.112743,4.8729,72.297,7.035,238.3285,0.78194,2.5459981513621917,0.072,0
2019-10-16T11:49:56Z,2.569,17.2726,2.6646,9.8651,40.333,34.102373,4.8698,72.202,7.033,238.3958,0.75745,2.54548384304163,0.077,0
2019-10-16T11:49:56Z,2.591,17.2703,2.6657,9.8364,40.29,34.064195,4.8681,72.084,7.033,238.3928,0.72234,2.542741646611367,0.078,0
2019-10-16T11:49:56Z,2.615,17.2709,2.6211,9.7417,40.257,34.031928,4.8659,71.95,7.033,238.3778,0.68474,2.540490583560411,0.077,0
2019-10-16T11:49:56Z,2.636,17.2716,2.5402,9.5719,40.258,34.029563,4.8625,71.835,7.034,238.3867,0.66779,2.54051373457908,0.072,0
2019-10-16T11:49:56Z,2.653,17.2723,2.4938,9.4874,40.268,34.03559,4.8548,71.76,7.034,238.3292,0.65397,2.5411405548087322,0.065,0
2019-10-16T11:49:56Z,2.667,17.2704,2.4855,9.4412,40.276,34.041336,4.8478,71.712,7.035,238.3706,0.63072,2.5417940882686523,0.056,0
2019-10-16T11:49:56Z,2.68,17.2648,2.5005,9.2756,40.27,34.035565,4.838,71.725,7.036,238.4566,0.61393,2.5417376864989,0.048,0
2019-10-16T11:49:56Z,2.691,17.2595,2.5282,9.0581,40.262,34.029275,4.8298,71.822,7.036,238.4222,0.60037,2.5415285678122013,0.042,0
2019-10-16T11:49:56Z,2.7,17.2568,2.5429,8.9737,40.262,34.028765,4.8266,71.946,7.036,238.4716,0.58606,2.5416953086375713,0.038,0
2019-10-16T11:49:56Z,2.707,17.2557,2.5566,8.9763,40.263,34.02939,4.8221,72.075,7.036,238.6233,0.58343,2.5418302585850943,0.036,0
2019-10-16T11:49:56Z,2.715,17.2552,2.5815,8.8604,40.272,34.036833,4.8212,72.227,7.036,238.6222,0.58847,2.542464771394669,0.035,0
2019-10-16T11:49:56Z,2.724,17.2549,2.6005,8.6538,40.293,34.055294,4.8309,72.363,7.035,238.544,0.5773,2.543892000576677,0.033,0
2019-10-16T11:49:56Z,2.735,17.2547,2.5961,8.5437,40.301,34.062209,4.8399,72.45,7.034,238.5381,0.55335,2.5444407510369573,0.031,0
2019-10-16T11:49:56Z,2.745,17.2546,2.5894,8.5767,40.294,34.05697,4.8463,72.48,7.034,238.5505,0.53897,2.543976938492708,0.029,0
2019-10-16T11:49:56Z,2.752,17.2545,2.5542,8.8242,40.292,34.05541,4.8591,72.438,7.036,238.6078,0.5328,2.5438487851659097,0.028,0
2019-10-16T11:49:56Z,2.756,17.2548,2.4734,9.2083,40.277,34.043351,4.8687,72.343,7.037,238.715,0.53353,2.542823706270868,0.029,0
2019-10-16T11:49:56Z,2.759,17.2555,2.4276,9.42,40.272,34.038102,4.874,72.224,7.037,238.814,0.53686,2.5424448387758156,0.034,0
2019-10-16T11:49:56Z,2.764,17.2563,2.4261,9.45,40.294,34.055411,4.8772,72.101,7.035,238.8581,0.53338,2.543871195530293,0.042,0
2019-10-16T11:49:56Z,2.776,17.2571,2.4464,9.4406,40.303,34.06223,4.8736,71.999,7.033,238.9044,0.52179,2.544425055086568,0.054,0
2019-10-16T11:49:56Z,2.793,17.2573,2.4816,9.4374,40.298,34.057086,4.866,71.933,7.031,239.0296,0.49314,2.5440766480207135,0.066,0
2019-10-16T11:49:56Z,2.813,17.2562,2.4961,9.4442,40.298,34.05667,4.8584,71.917,7.028,239.1673,0.44599,2.544144160336926,0.075,0
2019-10-16T11:49:56Z,2.836,17.2551,2.5006,9.4244,40.299,34.0572,4.8489,71.939,7.025,239.2789,0.41209,2.5442786731207816,0.078,0
2019-10-16T11:49:56Z,2.862,17.2543,2.5702,9.2302,40.308,34.06349,4.8422,71.954,7.023,239.3466,0.40369,2.544931212842138,0.076,0
2019-10-16T11:49:56Z,2.885,17.2533,2.7052,8.8659,40.315,34.06926,4.8374,71.951,7.023,239.2978,0.39247,2.5454620479490635,0.069,0
2019-10-16T11:49:56Z,2.902,17.2518,2.7888,8.6248,40.309,34.063505,4.8361,71.936,7.023,239.2053,0.3711,2.5451519141119494,0.059,0
2019-10-16T11:49:56Z,2.913,17.2503,2.8005,8.5438,40.301,34.057368,4.84,71.896,7.023,239.2603,0.35813,2.544707717676605,0.049,0
2019-10-16T11:49:56Z,2.921,17.2496,2.7946,8.5096,40.302,34.058527,4.8407,71.865,7.024,239.3601,0.36578,2.544817959463853,0.04,0
2019-10-16T11:49:56Z,2.927,17.2492,2.787,8.5385,40.325,34.077513,4.8402,71.888,7.026,239.3798,0.37673,2.5463859515444263,0.034,0
2019-10-16T11:49:56Z,2.935,17.2491,2.7865,8.5654,40.347,34.096534,4.8402,71.933,7.027,239.4129,0.37228,2.5478682612609975,0.032,0
2019-10-16T11:49:56Z,2.944,17.2494,2.789,8.5397,40.349,34.098108,4.8369,71.985,7.027,239.4158,0.35861,2.5479835845815866,0.032,0
2019-10-16T11:49:56Z,2.952,17.2495,2.7827,8.523,40.348,34.096539,4.832,72.084,7.027,239.4138,0.34588,2.5479100185719297,0.032,0
2019-10-16T11:49:56Z,2.96,17.2495,2.7533,8.5935,40.325,34.077567,4.8357,72.2,7.028,239.4754,0.34008,2.546366304524197,0.032,0
2019-10-16T11:49:56Z,2.968,17.2495,2.7117,8.7358,40.304,34.059102,4.8396,72.285,7.028,239.472,0.33658,2.5449568637368625,0.031,0
2019-10-16T11:49:56Z,2.977,17.2494,2.6865,8.8021,40.31,34.063681,4.8402,72.318,7.028,239.4592,0.33623,2.54536536042571,0.029,0
2019-10-16T11:49:56Z,2.985,17.249,2.6748,8.7721,40.317,34.069464,4.849,72.293,7.029,239.578,0.32628,2.5458596879257605,0.029,0
2019-10-16T11:49:56Z,2.991,17.2485,2.665,8.7665,40.312,34.065554,4.8579,72.219,7.03,239.7046,0.31172,2.545554987749647,0.028,0
2019-10-16T11:49:56Z,2.997,17.2482,2.6639,8.7996,40.329,34.079876,4.8639,72.132,7.031,239.7001,0.3181,2.54671417395063,0.028,0
2019-10-16T11:49:56Z,3.004,17.2479,2.6702,8.8118,40.372,34.115705,4.8666,72.07,7.033,239.6096,0.31964,2.549618336148239,0.03,0
2019-10-16T11:49:56Z,3.011,17.248,2.6717,8.8158,40.374,34.117956,4.8646,72.019,7.034,239.5569,0.30049,2.5497461341910603,0.033,0
2019-10-16T11:49:56Z,3.019,17.2481,2.682,8.9795,40.361,34.107094,4.8589,71.947,7.034,239.5785,0.28433,2.548867233081803,0.037,0
2019-10-16T11:49:56Z,3.029,17.248,2.707,9.2834,40.366,34.111306,4.8513,71.866,7.034,239.699,0.28378,2.5492087150384775,0.042,0
2019-10-16T11:49:56Z,3.041,17.2481,2.7226,9.4748,40.359,34.105419,4.8479,71.804,7.034,239.8095,0.28429,2.5487323393202983,0.048,0
2019-10-16T11:49:56Z,3.054,17.2483,2.7232,9.5243,40.352,34.099379,4.8459,71.767,7.033,239.796,0.27982,2.5482497052029363,0.056,0
2019-10-16T11:49:56Z,3.069,17.2483,2.715,9.5216,40.357,34.101747,4.8404,71.747,7.032,239.8794,0.26935,2.548584814557012,0.064,0
2019-10-16T11:49:56Z,3.085,17.2482,2.7281,9.6713,40.397,34.134048,4.8338,71.728,7.03,240.0436,0.25063,2.551275106112847,0.07,0
2019-10-16T11:49:56Z,3.104,17.2481,2.7691,9.9908,40.443,34.172596,4.83,71.721,7.029,240.0602,0.23915,2.554368252571838,0.075,0
2019-10-16T11:49:56Z,3.126,17.2472,2.7853,10.1408,40.46,34.187021,4.8274,71.738,7.027,239.9946,0.2306,2.5555646458823595,0.076,0
2019-10-16T11:49:56Z,3.15,17.2457,2.7762,10.1082,40.529,34.244996,4.827,71.758,7.025,240.0242,0.21165,2.560289329945207,0.075,0
2019-10-16T11:49:56Z,3.171,17.2442,2.7897,10.0221,40.748,34.4293,4.8256,71.77,7.025,240.1605,0.1888,2.5750888521651256,0.071,0
2019-10-16T11:49:56Z,3.187,17.2436,2.8271,9.9192,40.998,34.638358,4.8241,71.757,7.024,240.266,0.17275,2.5919222112532956,0.066,0
2019-10-16T11:49:56Z,3.201,17.2434,2.8551,9.8799,40.974,34.614808,4.8269,71.694,7.022,240.3526,0.17422,2.5903216259295965,0.061,0
2019-10-16T11:49:56Z,3.214,17.2433,2.868,9.874,40.721,34.398426,4.8277,71.56,7.022,240.4338,0.18523,2.573330463922912,0.056,0
2019-10-16T11:49:56Z,3.227,17.2423,2.8798,9.652,40.537,34.243443,4.8292,71.335,7.022,240.4727,0.17849,2.561036050540032,0.054,0
2019-10-16T11:49:56Z,3.241,17.2405,2.8938,9.1948,40.559,34.264127,4.8295,71.015,7.022,240.4796,0.15825,2.5626251088643826,0.054,0
2019-10-16T11:49:56Z,3.255,17.2357,2.9065,8.9339,40.786,34.458114,4.8254,70.606,7.021,240.4307,0.14686,2.578172249294192,0.056,0
2019-10-16T11:49:56Z,3.268,17.2306,2.9123,8.9551,41.055,34.684927,4.8186,70.181,7.02,240.3986,0.14562,2.596572168708558,0.056,0
2019-10-16T11:49:56Z,3.282,17.2324,2.8508,9.0906,41.253,34.848624,4.8021,69.876,7.019,240.4353,0.14353,2.609771219453734,0.055,0
2019-10-16T11:49:56Z,3.299,17.2361,2.727,9.2951,41.415,34.977586,4.7811,69.754,7.019,240.5293,0.13715,2.6204307395480573,0.054,0
2019-10-16T11:49:56Z,3.315,17.2382,2.6633,9.4282,41.5,35.038286,4.752,69.758,7.019,240.5894,0.13168,2.6260138964659308,0.051,0
2019-10-16T11:49:56Z,3.326,17.2393,2.6617,9.4553,41.481,35.011317,4.7187,69.756,7.018,240.5595,0.12935,2.6246651348390544,0.046,0
2019-10-16T11:49:56Z,3.336,17.2358,2.6123,9.2953,41.438,34.968837,4.6966,69.604,7.018,240.5123,0.12781,2.6219959187529653,0.04,0
2019-10-16T11:49:56Z,3.347,17.2258,2.4994,8.9346,41.441,34.968936,4.6916,69.271,7.018,240.449,0.12598,2.6228360486129416,0.034,0
2019-10-16T11:49:56Z,3.356,17.2109,2.4244,8.7313,41.494,35.012506,4.6961,68.789,7.019,240.4825,0.12843,2.627355506137923,0.031,0
2019-10-16T11:49:56Z,3.36,17.1954,2.4241,8.7386,41.544,35.051352,4.7022,68.137,7.02,240.6594,0.13301,2.6317151637438627,0.031,0
2019-10-16T11:49:56Z,3.364,17.1869,2.4956,8.8594,41.633,35.121275,4.6936,67.372,7.021,240.7807,0.13108,2.638256144627128,0.033,0
2019-10-16T11:49:56Z,3.372,17.1871,2.6133,9.11,41.758,35.223241,4.6677,66.625,7.021,240.8306,0.12704,2.646665668964957,0.038,0
2019-10-16T11:49:56Z,3.383,17.188,2.6683,9.2453,41.738,35.205234,4.6387,65.959,7.021,240.8331,0.12619,2.6452595170218887,0.044,0
2019-10-16T11:49:56Z,3.397,17.182,2.6575,9.217,41.603,35.093955,4.5931,65.406,7.02,240.8105,0.12494,2.636548762435968,0.049,0
2019-10-16T11:49:56Z,3.412,17.1749,2.6474,9.1936,41.435,34.956761,4.5378,64.996,7.019,240.901,0.12378,2.6256848350839874,0.05,0
2019-10-16T11:49:56Z,3.427,17.17,2.5977,9.0934,41.261,34.815814,4.4875,64.728,7.018,240.9814,0.12369,2.614276311562021,0.047,0
2019-10-16T11:49:56Z,3.442,17.1689,2.4997,8.8903,41.294,34.849548,4.4422,64.611,7.018,241.0078,0.1237,2.6165687719038324,0.042,0
2019-10-16T11:49:56Z,3.453,17.1732,2.442,8.7695,41.524,35.0473,4.4028,64.658,7.017,241.0488,0.12372,2.6317888123707456,0.037,0
2019-10-16T11:49:56Z,3.458,17.1784,2.429,8.7809,41.678,35.17583,4.376,64.862,7.016,241.0464,0.12371,2.6418322203371623,0.033,0
2019-10-16T11:49:56Z,3.46,17.1858,2.4376,8.9292,41.707,35.197693,4.3565,65.227,7.014,241.0645,0.12369,2.6433098847673153,0.033,0
2019-10-16T11:49:56Z,3.465,17.1944,2.4685,9.154,41.696,35.184699,4.3471,65.745,7.012,241.0961,0.12366,2.6420146681535677,0.036,0
2019-10-16T11:49:56Z,3.475,17.199,2.49,9.2702,41.653,35.145656,4.3508,66.331,7.01,241.0838,0.12365,2.638821744751886,0.041,0
2019-10-16T11:49:56Z,3.49,17.1963,2.4898,9.286,41.608,35.106436,4.3642,66.857,7.008,241.0021,0.1237,2.6359638343039338,0.045,0
2019-10-16T11:49:56Z,3.507,17.1917,2.4657,9.2787,41.591,35.091304,4.3891,67.228,7.007,240.8828,0.12374,2.63511357327539,0.047,0
2019-10-16T11:49:56Z,3.522,17.1881,2.4412,9.2476,41.59,35.089633,4.4262,67.409,7.007,240.6744,0.12374,2.6352768887229225,0.046,0
2019-10-16T11:49:56Z,3.532,17.1843,2.4449,9.2371,41.586,35.086238,4.47,67.413,7.006,240.2028,0.12376,2.6352511539150605,0.042,0
2019-10-16T11:49:56Z,3.54,17.1823,2.4409,9.2505,41.545,35.050246,4.5075,67.283,7.005,239.655,0.12376,2.632617099066336,0.037,0
2019-10-16T11:49:56Z,3.547,17.1814,2.3324,9.2458,41.452,34.971795,4.5336,67.092,7.004,239.2128,0.12375,2.6264095470371966,0.032,0
2019-10-16T11:49:56Z,3.554,17.1815,2.1561,9.246,41.365,34.89932,4.545,66.866,7.003,238.7287,0.12372,2.6205431021699552,0.029,0
2019-10-16T11:49:56Z,3.561,17.1809,2.0692,9.2528,41.33,34.87212,4.5452,66.617,7.003,237.9312,0.12372,2.6182240545795796,0.028,0
2019-10-16T11:49:56Z,3.57,17.1792,2.0624,9.2619,41.357,34.896795,4.5334,66.42,7.003,236.7116,0.12372,2.6201506732312208,0.028,0
2019-10-16T11:49:56Z,3.577,17.1788,2.082,9.356,41.411,34.943786,4.5203,66.311,7.003,235.3395,0.12369,2.6238132091026887,0.029,0
2019-10-16T11:49:56Z,3.582,17.1803,2.133,9.5394,41.472,34.996006,4.5063,66.306,7.003,234.1613,0.12369,2.627826212342737,0.032,0
2019-10-16T11:49:56Z,3.589,17.1832,2.1766,9.6759,41.503,35.020439,4.4855,66.421,7.003,233.307,0.12372,2.629728449700751,0.037,0
2019-10-16T11:49:56Z,3.598,17.1856,2.1926,9.7288,41.465,34.985319,4.4719,66.596,7.002,232.5819,0.12375,2.627014720616134,0.044,0
2019-10-16T11:49:56Z,3.609,17.1879,2.1961,9.7207,41.431,34.952184,4.4645,66.746,6.999,231.9328,0.12378,2.624577206252023,0.052,0
2019-10-16T11:49:56Z,3.624,17.1886,2.2373,9.5444,41.418,34.93714,4.4623,66.844,6.995,231.3955,0.12378,2.6236565215343206,0.057,0
2019-10-16T11:49:56Z,3.642,17.1866,2.3084,9.2362,41.413,34.930361,4.4727,66.875,6.991,230.6459,0.12373,2.6234470851332965,0.058,0
2019-10-16T11:49:56Z,3.662,17.1826,2.3447,9.0421,41.419,34.933684,4.4873,66.795,6.987,229.4089,0.12369,2.6241062939674147,0.054,0
2019-10-16T11:49:56Z,3.679,17.1772,2.3555,9.0002,41.397,34.913845,4.498,66.573,6.985,227.8819,0.12366,2.6229691680562714,0.048,0
2019-10-16T11:49:56Z,3.691,17.1725,2.3009,8.9919,41.359,34.880898,4.5049,66.233,6.985,226.4656,0.12368,2.6207094182489183,0.04,0
2019-10-16T11:49:56Z,3.696,17.1688,2.1868,9.0065,41.325,34.852668,4.5091,65.827,6.985,225.3625,0.12373,2.6186552042979554,0.034,0
2019-10-16T11:49:56Z,3.698,17.1662,2.129,9.0456,41.295,34.826382,4.5049,65.41,6.985,224.783,0.12373,2.616800176730063,0.031,0
2019-10-16T11:49:56Z,3.703,17.1651,2.1223,9.0719,41.286,34.816956,4.4891,65.017,6.984,224.6208,0.12376,2.6162639235311196,0.033,0
2019-10-16T11:49:56Z,3.71,17.1647,2.1058,9.1269,41.346,34.865629,4.465,64.68,6.983,224.4336,0.12379,2.620331407946223,0.038,0
2019-10-16T11:49:56Z,3.721,17.1643,2.077,9.1868,41.55,35.034079,4.4359,64.425,6.982,224.1547,0.12376,2.6341037810156864,0.046,0
2019-10-16T11:49:56Z,3.737,17.1636,2.0604,9.2066,41.833,35.266935,4.4074,64.226,6.981,223.8294,0.12374,2.653227967285997,0.052,0
2019-10-16T11:49:56Z,3.755,17.1621,2.0604,9.2357,41.998,35.39618,4.3806,64.021,6.98,223.5129,0.12372,2.664453527909094,0.055,0
2019-10-16T11:49:56Z,3.771,17.1596,2.0438,9.3413,42.157,35.517774,4.3569,63.718,6.979,223.2524,0.12369,2.675343876734068,0.056,0
2019-10-16T11:49:56Z,3.784,17.156,2.0064,9.5329,42.491,35.785043,4.3407,63.19,6.977,222.9162,0.12369,2.6981269875176466,0.055,0
2019-10-16T11:49:56Z,3.796,17.1503,1.9894,9.6519,42.873,36.088853,4.3298,62.315,6.977,222.4602,0.1237,2.724311362264159,0.052,0
2019-10-16T11:49:56Z,3.809,17.1364,1.994,9.6661,43.266,36.398345,4.3185,61.015,6.975,222.041,0.12375,2.75181557253369,0.049,0
2019-10-16T11:49:56Z,3.822,17.1207,1.9409,9.5401,43.766,36.797734,4.3033,59.293,6.973,221.7192,0.12375,2.786727452774884,0.047,0
2019-10-16T11:49:56Z,3.834,17.1086,1.8245,9.2436,44.613,37.490221,4.2716,57.199,6.972,221.4946,0.1237,2.8449915384126347,0.047,0
2019-10-16T11:49:56Z,3.845,17.0853,1.7563,9.0302,46.058,38.677392,4.2162,54.663,6.97,221.477,0.1237,2.944859975903868,0.048,0
2019-10-16T11:49:56Z,3.856,17.0586,1.749,8.9918,47.967,40.233285,4.1319,51.646,6.968,221.5911,0.12375,3.0770386150109568,0.05,0
2019-10-16T11:49:56Z,3.867,17.035,1.7542,9.0086,50.934,42.653566,4.0132,48.245,6.965,221.9284,0.12378,3.282198169982286,0.054,0
2019-10-16T11:49:56Z,3.881,17.0138,1.8023,9.1344,57.127,47.750589,3.8772,44.407,6.961,222.6294,0.12375,3.711692250170685,0.06,0
2019-10-16T11:49:56Z,3.897,16.9932,1.8793,9.3331,67.004,55.881737,3.7104,39.846,6.955,223.1841,0.12373,4.404050899872835,0.067,0
2019-10-16T11:49:56Z,3.915,16.9437,1.9142,9.4124,76.288,63.465826,3.503,34.177,6.946,223.2142,0.12373,5.06724700402187,0.074,0
2019-10-16T11:49:56Z,3.934,16.8704,1.912,9.4049,81.513,67.646866,3.2807,27.474,6.936,223.2521,0.12369,5.450440071923415,0.079,0
2019-10-16T11:49:56Z,3.958,16.8045,1.8354,9.1114,84.38,69.88801,3.0302,20.429,6.926,223.556,0.12365,5.66578597639602,0.079,0
2019-10-16T11:49:56Z,3.984,16.7167,1.6811,8.5518,85.89,71.045372,2.7384,13.538,6.915,224.0491,0.12363,5.787309177028691,0.075,0
2019-10-16T11:49:56Z,4.006,16.5995,1.5903,8.2422,85.707,70.831842,2.3619,7.109,6.905,224.5687,0.12364,5.790789861932742,0.065,0
2019-10-16T11:49:56Z,4.022,16.4846,1.5688,8.1204,84.95,70.16748,1.8816,1.669,6.895,224.5032,0.12367,5.7521719283438575,0.052,0
2019-10-16T11:49:56Z,4.032,16.3979,1.5078,7.7673,84.933,70.133614,1.3929,-2.468,6.885,224.1182,0.12368,5.76329999785063,0.039,0
2019-10-16T11:49:56Z,4.037,16.3497,1.4175,7.2503,88.144,72.77464,0.9219,-5.232,6.875,224.043,0.12369,6.004988110830566,0.03,0
2019-10-16T11:49:56Z,4.038,16.3137,1.3781,6.9828,93.966,77.553785,0.4605,-6.609,6.866,224.025,0.12371,6.438420060531108,0.028,0
2019-10-16T11:49:56Z,4.039,16.2907,1.3782,6.991,97.966,80.793791,0.0819,-6.879,6.856,223.2111,0.12373,6.737789848011886,0.031,0
2019-10-16T11:49:56Z,4.044,16.2808,1.3231,7.1199,99.355,81.86556,-0.2002,-6.457,6.847,220.7417,0.12373,6.842414750199446,0.037,0
2019-10-16T11:49:56Z,4.058,16.2804,1.2148,7.2959,99.497,81.92457,-0.3956,-5.611,6.837,217.3992,0.12373,6.853015659022157,0.042,0
2019-10-16T11:49:56Z,4.077,16.2733,1.153,7.3823,98.105,80.743779,-0.4806,-4.524,6.826,214.7175,0.12368,6.751000916584258,0.047,0
2019-10-16T11:49:56Z,4.093,16.2341,1.1397,7.4102,95.424,78.529969,-0.4874,-3.427,6.813,212.4947,0.12368,6.558964695409553,0.047,0
2019-10-16T11:49:56Z,4.104,16.1904,1.1139,7.4692,93.126,76.657323,-0.4535,-2.459,6.798,209.7097,0.12374,6.396076311656475,0.044,0
2019-10-16T11:49:56Z,4.113,16.1623,1.0843,7.5062,92.656,76.292672,-0.3929,-1.609,6.781,206.0831,0.12376,6.365799285957897,0.039,0
2019-10-16T11:49:56Z,4.121,16.1424,1.0843,7.464,94.25,77.619112,-0.311,-0.899,6.761,201.5977,0.12373,6.486936262193144,0.036,0
2019-10-16T11:49:56Z,4.128,16.1375,1.1054,7.483,96.721,79.65663,-0.2309,-0.322,6.739,196.346,0.12372,6.671006242388909,0.036,0
2019-10-16T11:49:56Z,4.135,16.1546,1.2269,8.2277,98.572,81.146695,-0.1679,0.2,6.716,191.1976,0.12368,6.805681985452491,0.04,0
2019-10-16T11:49:56Z,4.145,16.1687,1.4443,9.587,99.59,81.89555,-0.1066,0.687,6.696,186.6705,0.12367,6.878998046831847,0.046,0
2019-10-16T11:49:56Z,4.158,16.1727,1.5575,10.3171,99.971,82.09493,-0.0579,1.114,6.679,182.6492,0.12371,6.906661675307564,0.053,0
2019-10-16T11:49:56Z,4.173,16.1815,1.5639,10.4345,98.856,81.076197,-0.0218,1.48,6.665,179.1427,0.12371,6.822228211933903,0.058,0
2019-10-16T11:49:56Z,4.191,16.1698,1.6085,11.1045,95.466,78.16564,0.0144,1.777,6.651,175.5062,0.12366,6.572571972973021,0.062,0
2019-10-16T11:49:56Z,4.209,16.1177,1.7147,12.2904,91.547,74.699462,0.0492,1.972,6.639,170.6014,0.12364,6.290840534478469,0.064,0
2019-10-16T11:49:56Z,4.226,16.0511,1.7991,12.8764,89.503,72.620491,0.0782,2.066,6.629,164.4931,0.12368,6.150094987518828,0.064,0
2019-10-16T11:49:56Z,4.242,16.0027,1.8141,12.8806,88.873,71.661595,0.1035,2.092,6.62,158.3512,0.12371,6.1109286013929776,0.063,0
2019-10-16T11:49:56Z,4.258,15.9603,1.8091,12.8651,88.19,70.735315,0.1255,2.073,6.614,152.7823,0.1237,6.06686371171044,0.06,0
2019-10-16T11:49:56Z,4.274,15.831,1.8694,12.8533,87.627,70.004079,0.1394,2.047,6.608,147.751,0.12366,6.044737744723075,0.058,0
2019-10-16T11:49:56Z,4.288,15.5702,1.9879,12.8702,87.622,69.813861,0.1454,2.054,6.603,142.9469,0.12364,6.084021561929461,0.055,0
2019-10-16T11:49:56Z,4.302,15.292,2.0624,12.872,87.531,69.643243,0.1478,2.072,6.599,138.1465,0.12364,6.119954236855611,0.053,0
2019-10-16T11:49:56Z,4.315,15.0811,2.0935,12.7761,87.119,69.276168,0.1466,2.086,6.597,133.6758,0.12367,6.121543610481999,0.052,0
2019-10-16T11:49:56Z,4.327,14.923,2.2858,11.9737,87.05,69.190215,0.1429,2.118,6.594,129.9324,0.12372,6.140900674040782,0.052,0
2019-10-16T11:49:56Z,4.337,14.8158,2.6365,10.5433,87.085,69.176141,0.1455,2.154,6.592,127.0436,0.12379,6.160313748819471,0.053,0
2019-10-16T11:49:56Z,4.35,14.7647,2.8231,9.7701,85.832,68.152266,0.1476,2.17,6.59,124.7308,0.12384,6.072974240636503,0.056,0
2019-10-16T11:49:56Z,4.366,14.756,2.834,9.672,82.56,65.520101,0.1468,2.159,6.588,122.6182,0.12378,5.825855832760115,0.06,0
2019-10-16T11:49:56Z,4.384,14.7452,2.8631,9.2914,78.34,62.07837,0.1503,2.121,6.588,120.773,0.12369,5.508218702727127,0.065,0
2019-10-16T11:49:56Z,4.4,14.7065,2.924,8.5763,74.836,59.144732,0.1535,2.076,6.586,119.2842,0.12369,5.249462543970403,0.071,0
2019-10-16T11:49:56Z,4.417,14.6962,2.9632,8.17,72.341,56.995441,0.1547,2.051,6.586,118.0403,0.12369,5.063334352042756,0.076,0
2019-10-16T11:49:56Z,4.436,14.6939,2.9735,8.0491,70.446,55.344601,0.1541,2.047,6.586,116.9178,0.12365,4.921582728692551,0.081,0
2019-10-16T11:49:56Z,4.458,14.632,2.9625,7.2458,69.125,54.178986,0.1511,2.032,6.585,115.7787,0.12368,4.8303652224937075,0.084,0
2019-10-16T11:49:56Z,4.483,14.5151,2.9337,5.7987,68.803,53.829432,0.1476,2.005,6.584,114.6792,0.12373,4.820613299899977,0.082,0
2019-10-16T11:49:56Z,4.508,14.3808,2.92,5.0054,69.389,54.231032,0.1455,1.991,6.583,113.9474,0.1237,4.88134222434384,0.075,0
2019-10-16T11:49:56Z,4.531,14.2688,2.9092,4.9287,69.784,54.524058,0.1473,1.984,6.582,113.5558,0.12368,4.9252304327385215,0.065,0
2019-10-16T11:49:56Z,4.548,14.1787,2.8033,4.7728,69.36,54.195916,0.1466,1.965,6.583,113.3,0.12369,4.90449328297896,0.054,0
2019-10-16T11:49:56Z,4.556,14.1047,2.628,4.4651,68.399,53.439951,0.1434,1.931,6.583,113.1785,0.12374,4.840916638366601,0.044,0
2019-10-16T11:49:56Z,4.558,14.0631,2.5407,4.2884,67.558,52.753037,0.1431,1.883,6.583,113.0325,0.12375,4.782296778962722,0.037,0
2019-10-16T11:49:56Z,4.561,14.0583,2.5368,4.2746,67.207,52.433732,0.1434,1.839,6.584,112.911,0.12369,4.756276105769967,0.035,0
2019-10-16T11:49:56Z,4.571,14.0671,2.5292,4.266,67.091,52.310789,0.1418,1.799,6.585,113.0003,0.12365,4.74640908689224,0.035,0
2019-10-16T11:49:56Z,4.585,14.0698,2.4315,4.3802,66.586,51.901752,0.1396,1.757,6.586,113.252,0.12366,4.707829985205194,0.04,0
2019-10-16T11:49:56Z,4.599,14.0454,2.2653,4.6729,65.598,51.108842,0.1353,1.722,6.587,113.6308,0.12367,4.6359782150167845,0.045,0
2019-10-16T11:49:56Z,4.609,13.9997,2.1838,4.8887,64.752,50.409817,0.1322,1.689,6.588,114.1395,0.12367,4.5773784432297235,0.05,0
2019-10-16T11:49:56Z,4.618,13.9741,2.1661,4.99,64.353,50.055881,0.1303,1.654,6.588,114.6695,0.12373,4.550190703846786,0.053,0
2019-10-16T11:49:56Z,4.632,13.9742,2.0514,5.603,64.249,49.941754,0.1262,1.627,6.587,115.2211,0.12381,4.542307763611799,0.055,0
2019-10-16T11:49:56Z,4.649,13.9591,1.8547,6.7294,64.325,49.982624,0.1243,1.602,6.586,115.8189,0.12377,4.549826842523656,0.055,0
2019-10-16T11:49:56Z,4.667,13.9223,1.7475,7.335,64.649,50.232444,0.1222,1.577,6.586,116.3912,0.12371,4.578699923204293,0.053,0
2019-10-16T11:49:56Z,4.682,13.8852,1.7341,7.4846,65.206,50.675673,0.119,1.541,6.585,116.9779,0.12373,4.625364668359107,0.049,0
2019-10-16T11:49:56Z,4.694,13.8581,1.6845,8.4075,65.551,50.958915,0.1179,1.485,6.585,117.492,0.12375,4.6548226534976544,0.044,0
2019-10-16T11:49:56Z,4.703,13.844,1.581,9.9402,65.326,50.798776,0.1158,1.447,6.585,117.874,0.12375,4.639405687761268,0.04,0
2019-10-16T11:49:56Z,4.709,13.8429,1.515,10.7112,64.298,50.009849,0.1142,1.447,6.585,118.3281,0.12374,4.561423628944738,0.039,0
2019-10-16T11:49:56Z,4.716,13.8546,1.5019,10.8481,62.493,48.59743,0.1127,1.457,6.586,118.8522,0.12374,4.423190643408446,0.041,0
2019-10-16T11:49:56Z,4.726,13.8664,1.4833,11.4639,60.899,47.313294,0.1067,1.467,6.586,119.2211,0.12374,4.301300244717422,0.044,0
2019-10-16T11:49:56Z,4.739,13.8782,1.4634,12.5203,60.179,46.677574,0.1031,1.473,6.586,119.4322,0.12374,4.245645170063808,0.048,0
2019-10-16T11:49:56Z,4.755,13.8903,1.4698,13.0681,59.974,46.436121,0.105,1.494,6.586,119.6843,0.12375,4.228861396422732,0.051,0
2019-10-16T11:49:56Z,4.77,13.8905,1.4814,13.0731,59.972,46.362485,0.1049,1.616,6.586,120.1187,0.12372,4.2286878172246425,0.053,0
2019-10-16T11:49:56Z,4.783,13.8542,1.5269,12.9086,60.044,46.358718,0.1063,1.959,6.586,120.6405,0.12368,4.238080902498327,0.056,0
2019-10-16T11:49:56Z,4.794,13.7786,1.6212,12.6186,60.064,46.326999,0.107,2.647,6.586,121.0895,0.12366,4.2478696038832915,0.061,0
2019-10-16T11:49:56Z,4.807,13.7055,1.6771,12.4839,60.076,46.29644,0.1059,3.757,6.585,121.4165,0.12367,4.256809450449384,0.065,0
2019-10-16T11:49:56Z,4.823,13.6464,1.6817,12.5263,60.134,46.306717,0.1121,5.292,6.584,121.6695,0.12372,4.267723136005509,0.067,0
2019-10-16T11:49:56Z,4.845,13.597,1.6421,13.1638,60.184,46.324207,0.1335,7.213,6.583,121.9113,0.12376,4.27698336398272,0.07,0
2019-10-16T11:49:56Z,4.869,13.5598,1.5622,14.3903,60.189,46.317372,0.1815,9.435,6.582,122.1033,0.12375,4.281486419776656,0.073,0
2019-10-16T11:49:56Z,4.887,13.527,1.5136,15.0668,60.167,46.287567,0.2628,11.791,6.58,122.5283,0.12373,4.283452855814954,0.078,0
2019-10-16T11:49:56Z,4.9,13.496,1.5053,15.1488,60.183,46.281342,0.3761,14.089,6.579,123.3498,0.12375,4.288117083349778,0.08,0
2019-10-16T11:49:56Z,4.917,13.4777,1.4958,15.3819,60.242,46.305592,0.5175,16.17,6.576,124.207,0.12383,4.2946508636450975,0.079,0
2019-10-16T11:49:56Z,4.942,13.4751,1.347,17.9187,60.293,46.326727,0.6847,17.958,6.574,125.1488,0.12389,4.298827629963973,0.076,0
2019-10-16T11:49:56Z,4.97,13.4651,1.0587,22.5847,60.332,46.346348,0.862,19.468,6.573,126.2183,0.12389,4.302916385617899,0.073,0
2019-10-16T11:49:56Z,4.991,13.4478,0.898,25.1302,60.347,46.352298,1.0342,20.728,6.572,127.0721,0.12384,4.3059927399950455,0.071,0
2019-10-16T11:49:56Z,5.003,13.4298,0.8947,25.396,60.332,46.335151,1.1892,21.788,6.571,127.8141,0.12379,4.306860351935773,0.066,0
2019-10-16T11:49:56Z,5.012,13.4112,0.8976,25.6344,60.336,46.329541,1.3184,22.724,6.57,128.6517,0.12375,4.309247240978936,0.059,0
2019-10-16T11:49:56Z,5.026,13.4043,0.8721,26.0125,60.373,46.347964,1.4288,23.549,6.569,129.4561,0.12371,4.312845671715148,0.055,0
2019-10-16T11:49:56Z,5.044,13.4027,0.8468,26.199,60.411,46.367376,1.5199,24.228,6.568,130.2266,0.12365,4.31592694799218,0.055,0
2019-10-16T11:49:56Z,5.058,13.3984,0.8338,26.121,60.433,46.373717,1.5943,24.76,6.568,130.9983,0.12369,4.318089669329049,0.057,0
2019-10-16T11:49:56Z,5.07,13.3903,0.8192,25.7565,60.43,46.361122,1.6628,25.164,6.566,131.7308,0.12376,4.318769072156884,0.058,0
2019-10-16T11:49:56Z,5.085,13.3809,0.8007,25.1678,60.415,46.342081,1.7258,25.464,6.563,132.4592,0.12376,4.318676662150049,0.056,0
2019-10-16T11:49:56Z,5.102,13.3739,0.7836,24.8368,60.41,46.334005,1.7746,25.659,6.562,133.1803,0.12379,4.319079179743491,0.053,0
2019-10-16T11:49:56Z,5.117,13.3644,0.7675,24.7356,60.404,46.326978,1.8141,25.752,6.561,133.7375,0.12383,4.319686468358969,0.051,0
2019-10-16T11:49:56Z,5.129,13.3545,0.7106,23.9778,60.396,46.320619,1.8427,25.792,6.56,134.0337,0.12378,4.320185966195074,0.051,0
2019-10-16T11:49:56Z,5.139,13.349,0.6166,22.6216,60.397,46.320619,1.8651,25.814,6.558,134.3528,0.12378,4.320879832800412,0.05,0
2019-10-16T11:49:56Z,5.149,13.3461,0.5661,21.9057,60.408,46.326979,1.8807,25.847,6.557,134.8423,0.12382,4.322046973193368,0.05,0
2019-10-16T11:49:56Z,5.162,13.344,0.5605,21.8107,60.422,46.334009,1.8842,25.882,6.556,135.3069,0.1238,4.3233536031260655,0.05,0
2019-10-16T11:49:56Z,5.177,13.3441,0.5318,21.4073,60.435,46.342101,1.888,25.896,6.555,135.6674,0.1238,4.32433621190377,0.05,0
2019-10-16T11:49:56Z,5.192,13.3444,0.4702,20.699,60.458,46.361317,1.8875,25.889,6.554,136.0182,0.12378,4.326061715860623,0.051,0
2019-10-16T11:49:56Z,5.205,13.3424,0.4398,20.325,60.474,46.375838,1.8906,25.866,6.553,136.4518,0.12377,4.327510441575287,0.054,0
2019-10-16T11:49:56Z,5.216,13.3386,0.4411,20.294,60.497,46.390663,1.8945,25.812,6.551,136.9525,0.12382,4.329698081216122,0.056,0
2019-10-16T11:49:56Z,5.228,13.3359,0.4259,20.2265,60.534,46.413548,1.8951,25.692,6.548,137.4254,0.12382,4.332834070302614,0.057,0
2019-10-16T11:49:56Z,5.244,13.3383,0.3862,19.639,60.523,46.398506,1.8948,25.489,6.545,137.7815,0.12375,4.331720462897992,0.057,0
2019-10-16T11:49:56Z,5.264,13.3421,0.3328,18.5983,60.448,46.335794,1.8926,25.203,6.543,138.075,0.12371,4.325551014266125,0.056,0
2019-10-16T11:49:56Z,5.282,13.3398,0.3097,18.0324,60.393,46.290354,1.8905,24.828,6.542,138.392,0.12373,4.321599409878647,0.053,0
2019-10-16T11:49:56Z,5.295,13.3332,0.315,17.9757,60.402,46.293619,1.8821,24.384,6.539,138.775,0.12376,4.323029631804066,0.048,0
2019-10-16T11:49:56Z,5.303,13.3271,0.3184,17.8138,60.43,46.311765,1.8673,23.906,6.536,139.1792,0.12379,4.325859002343086,0.041,0
2019-10-16T11:49:56Z,5.312,13.3235,0.3166,17.4833,60.442,46.319241,1.847,23.425,6.533,139.4935,0.12378,4.327182414054266,0.033,0
2019-10-16T11:49:56Z,5.321,13.3211,0.311,17.291,60.444,46.3205,1.8192,22.978,6.531,139.8213,0.12373,4.327605193198007,0.026,0
2019-10-16T11:49:56Z,5.327,13.3181,0.3108,17.2906,60.451,46.326984,1.7854,22.618,6.53,140.2164,0.12368,4.328478788189188,0.02,0
2019-10-16T11:49:56Z,5.331,13.3152,0.3153,17.2817,60.457,46.334138,1.7503,22.386,6.53,140.5723,0.12367,4.329264784404865,0.015,0
2019-10-16T11:49:56Z,5.333,13.3135,0.3129,17.2159,60.464,46.343489,1.7139,22.274,6.528,140.8544,0.12366,4.329992260008131,0.01,0
2019-10-16T11:49:56Z,5.335,13.3135,0.3076,17.1507,60.499,46.376553,1.68,22.269,6.526,141.1328,0.12372,4.332672887794593,0.006,0
2019-10-16T11:49:56Z,5.335,13.3141,0.3118,17.0835,60.541,46.416402,1.6517,22.353,6.525,141.529,0.1238,4.335822122011282,0.004,0
2019-10-16T11:49:56Z,5.336,13.3157,0.3111,17.0264,60.563,46.444269,1.636,22.476,6.525,141.9447,0.12376,4.337326600707433,0.003,0
2019-10-16T11:49:56Z,5.336,13.3196,0.3076,17.05,60.563,46.459483,1.6277,22.606,6.524,142.2876,0.12368,4.336886432110497,0.003,0
2019-10-16T11:49:56Z,5.337,13.3254,0.3139,17.107,60.566,46.473356,1.6268,22.719,6.522,142.6631,0.12365,4.3364616858920835,0.004,0
2019-10-16T11:49:56Z,5.338,13.331,0.318,17.1252,60.577,46.485008,1.6353,22.767,6.521,142.8721,0.1237,4.336672060676374,0.004,0
2019-10-16T11:49:56Z,5.339,13.3386,NA,NA,NA,NA,1.644,NA,NA,NA,0.12375,NA,NA,0
2019-10-16T11:49:56Z,5.341,13.3548,NA,NA,NA,NA,1.6535,NA,NA,NA,0.12373,NA,NA,0
2019-10-16T11:49:56Z,5.342,13.3657,NA,NA,NA,NA,1.6629,NA,NA,NA,0.12369,NA,NA,0
