101620_fcr50_0002.cnv
* Sea-Bird SBE19plus  Data File:
* FileName = C:\DATA\101620_fcr50_0002.hex
* Software version 2.8.0.119
* Temperature SN = 7809
* Conductivity SN = 7809
* System UpLoad Time = Oct 17 2020 10:19:38
* <ApplicationData>
* <Seaterm232>
# nquan = 16
# nvalues = 1992                        
# units = specified
# name 0 = depFM: Depth [fresh water, m]
# name 1 = dz/dtM: Descent Rate [m/s]
# name 2 = orp: Oxidation Reduction Potential [mV]
# name 3 = sbeox0Mg/L: Oxygen, SBE 43 [mg/l]
# name 4 = sbeox0PS: Oxygen, SBE 43 [% saturation]
# name 5 = par/sat/log: PAR/Logarithmic, Satlantic
# name 6 = ph: pH
# name 7 = specc: Specific Conductance [uS/cm]
# name 8 = c0uS/cm: Conductivity [uS/cm]
# name 9 = flECO-AFL: Fluorescence, WET Labs ECO-AFL/FL [mg/m^3]
# name 10 = turbWETntu0: Turbidity, WET Labs ECO [NTU]
# name 11 = tv290C: Temperature [ITS-90, deg C]
# name 12 = density00: Density [density, kg/m^3]
# name 13 = prdE: Pressure, Strain Gauge [psi]
# name 14 = prdM: Pressure, Strain Gauge [db]
# name 15 = flag:  0.000e+00
# span 0 =     -0.650,      9.536       
# span 1 =     -0.194,      0.167       
# span 2 =    70.6587,  1210.6891       
# span 3 =     0.0413,    10.3793       
# span 4 =      0.543,    103.431       
# span 5 = 1.2355e-01, 1.9346e+01       
# span 6 =     11.945,     16.301       
# span 7 =      0.460,     76.111       
# span 8 =   0.332882,  59.211337       
# span 9 =    -1.0082,     5.0102       
# span 10 =    -0.3360,   270.3770      
# span 11 =    11.1973,    16.4856      
# span 12 =   998.8823,   999.5884      
# span 13 =     -0.925,     13.565      
# span 14 =     -0.638,      9.353      
# span 15 = 0.0000e+00, 0.0000e+00      
# interval = seconds: 0.25
# start_time = Oct 16 2020 05:29:09 [Instrument's time stamp, header]
# bad_flag = -9.990e-29
*END*
[from data line 1718]
      2.426      0.001   108.5792     4.2082     47.062 1.2371e-01     15.799     42.230  34.335450     2.9181    11.5158    15.5052   999.0530      3.450      2.379 0.0000e+00
      2.426      0.001   108.6443     4.2274     49.025 1.2378e-01     15.799     42.522  34.580208     2.9367    11.5633    15.5558   999.0449      3.449      2.378 0.0000e+00
      2.427      0.001   109.1075     4.3156     50.815 1.2376e-01     15.799     42.700  34.723352     2.9396    11.6375    15.6028   999.0374      3.450      2.379 0.0000e+00
      2.427     -0.001   109.7060     4.4792     52.488 1.2374e-01     15.799     42.724  34.733631     2.9436    11.6578    15.6359   999.0322      3.451      2.380 0.0000e+00
      2.427     -0.007   109.7718     4.6744     53.900 1.2375e-01     15.799     42.703  34.704478     2.9848    11.7060    15.6517   999.0298      3.452      2.380 0.0000e+00
      2.427     -0.021   109.6443     4.8881     54.871 1.2378e-01     15.799     42.618  34.624667     3.0754    11.8765    15.6613   999.0284      3.453      2.381 0.0000e+00
      2.427     -0.039   109.7139     5.0485     55.334 1.2379e-01     15.799     42.506  34.530097     3.1333    12.0374    15.6594   999.0288      3.453      2.381 0.0000e+00
      2.421     -0.054   110.0108     5.2282     55.169 1.2378e-01     15.800     42.405  34.449410     3.1403    12.0723    15.6463   999.0308      3.451      2.379 0.0000e+00
      2.401     -0.064   110.5672     5.3820     54.694 1.2377e-01     15.801     42.274  34.347080     3.0555    11.5771    15.6297   999.0333      3.425      2.361 0.0000e+00
      2.368     -0.069   111.1923     5.4689     54.265 1.2376e-01     15.801     42.216  34.308118     2.8907    10.6500    15.6152   999.0354      3.364      2.319 0.0000e+00
      2.339     -0.070   111.5462     5.5395     53.941 1.2374e-01     15.801     42.264  34.359055     2.8077    10.1676    15.6107   999.0359      3.314      2.285 0.0000e+00
      2.326     -0.067   111.6630     5.4978     53.797 1.2369e-01     15.800     42.299  34.391880     2.8137    10.1739    15.6165   999.0349      3.305      2.279 0.0000e+00
      2.320     -0.060   111.6580     5.4352     53.879 1.2364e-01     15.800     42.300  34.387739     2.8583    10.3819    15.6184   999.0345      3.303      2.277 0.0000e+00
      2.310     -0.054   111.5714     5.3976     54.157 1.2364e-01     15.800     42.290  34.372436     2.9178    10.6910    15.6268   999.0332      3.289      2.268 0.0000e+00
      2.295     -0.053   111.7350     5.3557     54.615 1.2373e-01     15.800     42.248  34.333747     2.9326    10.8565    15.6492   999.0296      3.265      2.251 0.0000e+00
      2.278     -0.056   112.0874     5.3398     55.119 1.2382e-01     15.800     42.212  34.300685     2.9227    10.9055    15.6554   999.0285      3.239      2.233 0.0000e+00
      2.262     -0.058   112.4756     5.3518     55.434 1.2385e-01     15.799     42.199  34.289953     2.9321    11.0090    15.6442   999.0302      3.216      2.218 0.0000e+00
      2.246     -0.056   112.8153     5.3799     55.530 1.2381e-01     15.799     42.166  34.267437     2.9504    11.1476    15.6343   999.0317      3.194      2.202 0.0000e+00
      2.231     -0.052   112.7535     5.4279     55.506 1.2371e-01     15.800     42.096  34.218809     2.9526    11.1739    15.6288   999.0324      3.173      2.187 0.0000e+00
      2.217     -0.047   112.5035     5.4948     55.489 1.2369e-01     15.800     41.992  34.146188     2.9499    11.1207    15.6247   999.0330      3.153      2.173 0.0000e+00
      2.207     -0.041   112.7175     5.5220     55.582 1.2374e-01     15.799     41.826  34.023927     2.9941    11.1907    15.6230   999.0333      3.138      2.164 0.0000e+00
      2.199     -0.034   113.1896     5.5283     55.796 1.2374e-01     15.798     41.632  33.882742     3.0861    11.4370    15.6287   999.0323      3.128      2.157 0.0000e+00
      2.190     -0.029   113.4800     5.5205     56.158 1.2369e-01     15.797     41.470  33.771656     3.1474    11.6267    15.6389   999.0307      3.114      2.147 0.0000e+00
      2.183     -0.025   113.8200     5.5105     56.647 1.2368e-01     15.797     41.350  33.696065     3.1530    11.6307    15.6538   999.0282      3.101      2.138 0.0000e+00
      2.178     -0.024   114.1170     5.5222     57.195 1.2372e-01     15.796     41.288  33.666788     3.1536    11.5881    15.6678   999.0259      3.097      2.136 0.0000e+00
      2.175     -0.025   113.8869     5.5373     57.794 1.2373e-01     15.795     41.268  33.671494     3.1834    11.6607    15.6862   999.0229      3.094      2.133 0.0000e+00
      2.170     -0.027   113.5327     5.5710     58.472 1.2369e-01     15.794     41.186  33.626089     3.2184    11.8218    15.7148   999.0183      3.086      2.128 0.0000e+00
      2.164     -0.027   113.6206     5.6208     59.342 1.2369e-01     15.794     41.080  33.561989     3.2230    11.8873    15.7429   999.0138      3.078      2.122 0.0000e+00
      2.154     -0.026   113.8313     5.6705     60.459 1.2376e-01     15.793     41.102  33.594450     3.2202    11.8693    15.7669   999.0099      3.065      2.114 0.0000e+00
      2.143     -0.024   114.1878     5.7272     61.529 1.2379e-01     15.793     41.078  33.574437     3.2514    12.0163    15.7910   999.0060      3.045      2.099 0.0000e+00
      2.134     -0.019   114.7463     5.7887     62.331 1.2373e-01     15.793     40.929  33.446911     3.3140    12.3601    15.8169   999.0018      3.030      2.089 0.0000e+00
      2.132     -0.015   114.9063     5.8600     62.935 1.2365e-01     15.793     40.925  33.448475     3.3673    12.5934    15.8478   998.9968      3.030      2.090 0.0000e+00
      2.133     -0.014   114.6590     5.9862     63.426 1.2365e-01     15.793     41.094  33.593348     3.3800    12.6395    15.8736   998.9926      3.034      2.092 0.0000e+00
      2.133     -0.017   114.5095     6.1042     63.921 1.2373e-01     15.794     41.128  33.612285     3.3157    12.4715    15.8667   998.9937      3.034      2.092 0.0000e+00
      2.131     -0.023   114.3900     6.1739     64.306 1.2380e-01     15.795     41.001  33.487074     3.1997    12.0717    15.8487   998.9965      3.034      2.092 0.0000e+00
      2.124     -0.033   114.3324     6.2384     64.472 1.2378e-01     15.795     40.921  33.411879     3.1420    11.8227    15.8578   998.9950      3.025      2.086 0.0000e+00
      2.112     -0.042   114.5019     6.2703     64.653 1.2375e-01     15.795     40.821  33.337621     3.1520    11.8295    15.8811   998.9914      3.005      2.072 0.0000e+00
      2.097     -0.048   114.7180     6.3286     64.843 1.2375e-01     15.794     40.661  33.223743     3.1095    11.6734    15.8684   998.9934      2.983      2.057 0.0000e+00
      2.082     -0.051   115.0516     6.3857     64.783 1.2375e-01     15.794     40.578  33.177129     3.0003    11.2751    15.8243   999.0003      2.961      2.042 0.0000e+00
      2.068     -0.051   115.3529     6.3831     64.623 1.2376e-01     15.793     40.608  33.218184     2.9380    11.0651    15.8114   999.0023      2.940      2.027 0.0000e+00
      2.055     -0.052   115.3489     6.3984     64.708 1.2375e-01     15.792     40.668  33.276013     2.9382    11.0908    15.8263   998.9998      2.923      2.015 0.0000e+00
      2.044     -0.053   115.3478     6.4370     65.184 1.2373e-01     15.792     40.712  33.305288     2.9838    11.0018    15.8484   998.9961      2.906      2.004 0.0000e+00
      2.034     -0.056   115.4255     6.4147     66.024 1.2372e-01     15.793     40.827  33.381789     3.0502    10.7797    15.8778   998.9913      2.895      1.996 0.0000e+00
      2.020     -0.057   115.4289     6.3787     66.980 1.2371e-01     15.795     41.001  33.502992     3.0734    10.6709    15.9015   998.9875      2.877      1.984 0.0000e+00
      2.002     -0.057   115.5609     6.3858     67.804 1.2375e-01     15.795     41.018  33.501698     3.0649    10.6814    15.9151   998.9852      2.847      1.963 0.0000e+00
      1.983     -0.053   115.9885     6.4285     68.363 1.2382e-01     15.795     40.859  33.366121     3.0616    10.7012    15.9059   998.9866      2.819      1.944 0.0000e+00
      1.966     -0.047   116.4695     6.5312     68.636 1.2381e-01     15.795     40.719  33.259660     3.0998    11.0475    15.8784   998.9910      2.794      1.926 0.0000e+00
      1.955     -0.040   116.5582     6.6357     68.574 1.2374e-01     15.794     40.737  33.293170     3.1650    11.7100    15.8503   998.9956      2.776      1.913 0.0000e+00
      1.950     -0.034   116.3724     6.7272     68.170 1.2373e-01     15.793     40.834  33.390603     3.1829    12.0507    15.8286   998.9991      2.771      1.911 0.0000e+00
      1.948     -0.031   116.2022     6.7816     67.639 1.2379e-01     15.793     40.867  33.422513     3.1817    12.0768    15.8216   999.0001      2.772      1.911 0.0000e+00
      1.944     -0.031   116.2198     6.8084     67.169 1.2375e-01     15.794     40.884  33.425202     3.2076    12.1632    15.8301   998.9987      2.768      1.909 0.0000e+00
      1.934     -0.033   116.5003     6.8050     66.906 1.2366e-01     15.795     40.906  33.423112     3.2293    12.3048    15.8595   998.9939      2.752      1.898 0.0000e+00
      1.920     -0.036   116.7538     6.7448     66.861 1.2370e-01     15.795     40.894  33.397210     3.2251    12.3469    15.8888   998.9892      2.730      1.882 0.0000e+00
      1.909     -0.037   116.9616     6.6892     66.860 1.2375e-01     15.796     40.861  33.365805     3.2139    12.2946    15.8950   998.9882      2.714      1.871 0.0000e+00
      1.900     -0.037   117.2070     6.6385     66.808 1.2365e-01     15.796     40.776  33.297200     3.2940    12.3599    15.8793   998.9906      2.702      1.862 0.0000e+00
      1.892     -0.035   117.3120     6.6128     66.623 1.2362e-01     15.795     40.655  33.202220     3.4592    12.5187    15.8472   998.9957      2.692      1.855 0.0000e+00
      1.884     -0.033   117.3708     6.6260     66.366 1.2374e-01     15.795     40.531  33.105730     3.5419    12.6005    15.8236   998.9994      2.679      1.847 0.0000e+00
      1.875     -0.033   117.6593     6.6236     66.219 1.2381e-01     15.795     40.342  32.955408     3.5310    12.5930    15.8218   998.9997      2.665      1.837 0.0000e+00
      1.868     -0.034   117.8756     6.6233     66.160 1.2383e-01     15.795     40.116  32.780580     3.4904    12.4972    15.8257   998.9990      2.656      1.831 0.0000e+00
      1.860     -0.034   117.7485     6.6062     66.277 1.2384e-01     15.794     39.996  32.705044     3.4419    12.4032    15.8289   998.9984      2.646      1.824 0.0000e+00
      1.850     -0.033   117.8431     6.5617     66.690 1.2383e-01     15.793     39.921  32.676633     3.4309    12.3842    15.8379   998.9969      2.631      1.814 0.0000e+00
      1.841     -0.033   118.1596     6.5587     67.386 1.2377e-01     15.791     39.814  32.627451     3.4247    12.3359    15.8406   998.9964      2.618      1.805 0.0000e+00
      1.831     -0.034   118.0468     6.5463     68.583 1.2371e-01     15.790     39.833  32.681476     3.3852    12.2658    15.8440   998.9957      2.605      1.795 0.0000e+00
      1.822     -0.041   117.5974     6.5422     70.398 1.2375e-01     15.790     39.904  32.758855     3.3444    12.2919    15.8781   998.9901      2.589      1.785 0.0000e+00
      1.817     -0.052   117.2873     6.5903     72.574 1.2375e-01     15.790     39.878  32.738220     3.3415    12.3774    15.9211   998.9832      2.584      1.782 0.0000e+00
      1.811     -0.062   117.3078     6.6352     74.712 1.2370e-01     15.790     39.970  32.812679     3.3597    12.4056    15.9672   998.9757      2.582      1.780 0.0000e+00
      1.794     -0.068   117.5873     6.7388     76.433 1.2371e-01     15.790     40.158  32.961183     3.3547    12.3582    16.0310   998.9652      2.562      1.766 0.0000e+00
      1.764     -0.070   118.0000     6.9271     77.478 1.2371e-01     15.791     40.161  32.947533     3.3101    12.1137    16.0539   998.9615      2.510      1.730 0.0000e+00
      1.732     -0.067   118.2536     7.1578     77.872 1.2367e-01     15.791     40.040  32.837967     3.2400    11.6809    16.0395   998.9635      2.454      1.691 0.0000e+00
      1.713     -0.059   118.2444     7.3818     77.899 1.2369e-01     15.790     39.879  32.715059     3.2035    11.4167    16.0447   998.9627      2.431      1.675 0.0000e+00
      1.708     -0.045   118.3189     7.5607     77.687 1.2373e-01     15.789     39.643  32.540113     3.2114    11.4266    16.0457   998.9626      2.428      1.674 0.0000e+00
      1.704     -0.030   118.5527     7.6720     77.207 1.2375e-01     15.789     39.415  32.372383     3.2401    11.7999    16.0105   998.9682      2.426      1.673 0.0000e+00
      1.699     -0.017   118.8342     7.6955     76.518 1.2381e-01     15.789     39.270  32.273283     3.2935    12.4283    15.9883   998.9718      2.419      1.668 0.0000e+00
      1.694     -0.010   119.3131     7.6936     75.898 1.2381e-01     15.788     39.195  32.230196     3.3412    12.7751    16.0114   998.9680      2.406      1.659 0.0000e+00
      1.692     -0.009   119.5251     7.6702     75.670 1.2375e-01     15.787     39.179  32.232128     3.3597    12.8354    16.0393   998.9633      2.403      1.657 0.0000e+00
      1.693     -0.014   118.9025     7.6199     76.103 1.2372e-01     15.787     39.244  32.296668     3.4032    12.7791    16.0614   998.9597      2.407      1.660 0.0000e+00
      1.694     -0.024   118.1513     7.5353     77.272 1.2371e-01     15.787     39.337  32.376075     3.4849    12.6099    16.0877   998.9554      2.411      1.663 0.0000e+00
      1.692     -0.037   118.0139     7.4577     78.816 1.2367e-01     15.788     39.411  32.430875     3.5275    12.5054    16.1127   998.9513      2.410      1.661 0.0000e+00
      1.682     -0.049   118.2731     7.4265     80.361 1.2370e-01     15.788     39.451  32.451659     3.5268    12.5465    16.1324   998.9480      2.399      1.654 0.0000e+00
      1.662     -0.055   118.4466     7.4530     81.623 1.2378e-01     15.788     39.374  32.373561     3.4103    12.5231    16.1498   998.9450      2.369      1.633 0.0000e+00
      1.634     -0.055   118.5632     7.5923     82.424 1.2380e-01     15.788     39.226  32.247950     3.1770    12.3949    16.1531   998.9444      2.321      1.599 0.0000e+00
      1.613     -0.049   118.7376     7.7557     82.848 1.2378e-01     15.788     39.154  32.201858     3.0433    12.3693    16.1435   998.9459      2.286      1.576 0.0000e+00
      1.604     -0.038   119.0060     7.9168     82.853 1.2373e-01     15.786     39.122  32.196959     3.0241    12.3852    16.1275   998.9485      2.278      1.571 0.0000e+00
      1.602     -0.026   119.3985     8.0619     82.493 1.2369e-01     15.784     39.086  32.188746     3.0687    12.5868    16.0994   998.9530      2.277      1.570 0.0000e+00
      1.602     -0.019   119.5260     8.1255     82.106 1.2367e-01     15.784     39.116  32.229483     3.1636    13.0217    16.0912   998.9543      2.278      1.571 0.0000e+00
      1.602     -0.021   119.5148     8.1727     81.917 1.2365e-01     15.785     39.207  32.308846     3.2073    13.2482    16.1152   998.9504      2.278      1.571 0.0000e+00
      1.601     -0.031   119.6077     8.1692     81.987 1.2369e-01     15.787     39.314  32.386948     3.1967    13.2666    16.1463   998.9453      2.280      1.572 0.0000e+00
      1.595     -0.045   119.4445     8.1083     82.271 1.2381e-01     15.787     39.366  32.412421     3.1871    13.2437    16.1741   998.9407      2.274      1.569 0.0000e+00
      1.578     -0.059   119.2617     8.0626     82.670 1.2382e-01     15.787     39.327  32.363022     3.1965    13.0052    16.1997   998.9364      2.248      1.550 0.0000e+00
