101620_fcr50_0005.cnv
* Sea-Bird SBE19plus  Data File:
* FileName = C:\DATA\101620_fcr50_0005.hex
* Software version 2.8.0.119
* Temperature SN = 7809
* Conductivity SN = 7809
* System UpLoad Time = Oct 17 2020 10:22:13
* <ApplicationData>
* <Seaterm232>
# nquan = 16
# nvalues = 1706                        
# units = specified
# name 0 = depFM: Depth [fresh water, m]
# name 1 = dz/dtM: Descent Rate [m/s]
# name 2 = orp: Oxidation Reduction Potential [mV]
# name 3 = sbeox0Mg/L: Oxygen, SBE 43 [mg/l]
# name 4 = sbeox0PS: Oxygen, SBE 43 [% saturation]
# name 5 = par/sat/log: PAR/Logarithmic, Satlantic
# name 6 = ph: pH
# name 7 = specc: Specific Conductance [uS/cm]
# name 8 = c0uS/cm: Conductivity [uS/cm]
# name 9 = flECO-AFL: Fluorescence, WET Labs ECO-AFL/FL [mg/m^3]
# name 10 = turbWETntu0: Turbidity, WET Labs ECO [NTU]
# name 11 = tv290C: Temperature [ITS-90, deg C]
# name 12 = density00: Density [density, kg/m^3]
# name 13 = prdE: Pressure, Strain Gauge [psi]
# name 14 = prdM: Pressure, Strain Gauge [db]
# name 15 = flag:  0.000e+00
# span 0 =     -0.634,      9.572       
# span 1 =     -0.239,      0.123       
# span 2 =   -79.7164,  1007.8362       
# span 3 =    -0.0146,    12.4717       
# span 4 =     -0.030,    112.958       
# span 5 = 1.2350e-01, 1.9265e-01       
# span 6 =     15.732,     16.469       
# span 7 =      1.037,     74.086       
# span 8 =   0.598046,  58.187139       
# span 9 =    -0.9976,     5.6090       
# span 10 =    -0.3250,   225.6088      
# span 11 =     3.7965,    15.5699      
# span 12 =   999.0342,   999.9738      
# span 13 =     -0.903,     13.616      
# span 14 =     -0.623,      9.388      
# span 15 = 0.0000e+00, 0.0000e+00      
# interval = seconds: 0.25
# start_time = Oct 16 2020 16:25:42 [Instrument's time stamp, header]
# bad_flag = -9.990e-29
*END*
[from data line 1447]
      4.721     -0.127   185.6783     2.5284     23.497 1.2368e-01     15.870     61.747  46.584510    -0.2198    35.7410    12.7093   999.4614      6.718      4.632 0.0000e+00
      4.683     -0.114   185.6318     2.5260     23.351 1.2376e-01     15.870     61.781  46.608177    -0.1921    35.7561    12.7126   999.4608      6.655      4.589 0.0000e+00
      4.655     -0.100   185.5109     2.5243     23.215 1.2379e-01     15.870     61.816  46.632845    -0.1754    35.7283    12.7165   999.4601      6.611      4.558 0.0000e+00
      4.640     -0.087   185.5073     2.5060     23.081 1.2379e-01     15.870     61.812  46.628794    -0.1604    35.5421    12.7197   999.4597      6.601      4.551 0.0000e+00
      4.627     -0.077   185.5017     2.4909     22.897 1.2377e-01     15.870     61.805  46.622692    -0.1542    35.2214    12.7196   999.4596      6.583      4.539 0.0000e+00
      4.609     -0.072   185.5301     2.4757     22.709 1.2372e-01     15.870     61.806  46.622558    -0.1487    35.0778    12.7176   999.4598      6.556      4.520 0.0000e+00
      4.590     -0.069   185.5917     2.4593     22.648 1.2368e-01     15.870     61.812  46.627176    -0.1313    35.0418    12.7164   999.4599      6.528      4.501 0.0000e+00
      4.570     -0.068   185.5578     2.4508     22.726 1.2365e-01     15.871     61.795  46.615035    -0.0969    34.5811    12.7154   999.4599      6.500      4.482 0.0000e+00
      4.550     -0.065   185.5508     2.4290     22.823 1.2365e-01     15.871     61.776  46.602755    -0.0755    33.7638    12.7139   999.4600      6.471      4.462 0.0000e+00
      4.531     -0.064   185.5075     2.4017     22.906 1.2368e-01     15.871     61.777  46.605684    -0.0827    33.3312    12.7133   999.4600      6.440      4.441 0.0000e+00
      4.518     -0.069   185.3777     2.3939     22.991 1.2372e-01     15.871     61.751  46.586956    -0.0885    33.2983    12.7136   999.4599      6.422      4.428 0.0000e+00
      4.511     -0.077   185.2721     2.4110     23.036 1.2372e-01     15.870     61.721  46.566807    -0.0790    33.2284    12.7144   999.4598      6.419      4.426 0.0000e+00
      4.497     -0.084   185.2641     2.4209     23.035 1.2369e-01     15.870     61.693  46.552555    -0.0531    33.0699    12.7167   999.4594      6.403      4.416 0.0000e+00
      4.469     -0.086   185.4528     2.4264     23.004 1.2369e-01     15.870     61.670  46.541624    -0.0422    32.9279    12.7185   999.4591      6.361      4.386 0.0000e+00
      4.432     -0.086   185.5745     2.4404     22.939 1.2368e-01     15.870     61.690  46.561635    -0.0621    32.7466    12.7178   999.4589      6.301      4.345 0.0000e+00
      4.399     -0.082   185.6165     2.4440     22.858 1.2367e-01     15.871     61.742  46.604032    -0.0361    31.1880    12.7192   999.4585      6.248      4.309 0.0000e+00
      4.381     -0.074   185.8748     2.4421     22.762 1.2366e-01     15.871     61.746  46.609796     0.0523    28.2961    12.7259   999.4577      6.224      4.291 0.0000e+00
      4.374     -0.066   186.0304     2.4401     22.600 1.2368e-01     15.871     61.690  46.567827     0.1192    26.6552    12.7330   999.4568      6.220      4.289 0.0000e+00
      4.368     -0.062   185.7778     2.4315     22.365 1.2375e-01     15.871     61.656  46.541050     0.1250    26.4543    12.7361   999.4564      6.217      4.286 0.0000e+00
      4.355     -0.065   185.4876     2.4217     22.104 1.2377e-01     15.870     61.654  46.540012     0.0933    26.8284    12.7376   999.4562      6.196      4.273 0.0000e+00
      4.337     -0.075   185.6190     2.4155     21.880 1.2377e-01     15.869     61.669  46.555273     0.0605    27.6417    12.7406   999.4557      6.169      4.254 0.0000e+00
      4.314     -0.086   185.9035     2.3977     21.764 1.2380e-01     15.869     61.718  46.598598     0.0525    28.1171    12.7416   999.4555      6.139      4.233 0.0000e+00
      4.287     -0.094   185.9155     2.3709     21.764 1.2378e-01     15.869     61.738  46.619396     0.0639    28.2157    12.7392   999.4556      6.097      4.204 0.0000e+00
      4.258     -0.095   185.8505     2.3413     21.769 1.2376e-01     15.869     61.731  46.616271     0.0550    28.2852    12.7376   999.4557      6.055      4.174 0.0000e+00
      4.232     -0.092   185.6342     2.3142     21.678 1.2376e-01     15.869     61.825  46.687798     0.0117    29.1632    12.7421   999.4549      6.019      4.150 0.0000e+00
      4.207     -0.087   184.4187     2.2995     21.500 1.2376e-01     15.869     62.118  46.912784    -0.0399    30.9008    12.7493   999.4540      5.981      4.124 0.0000e+00
      4.187     -0.080   181.8228     2.3055     21.287 1.2376e-01     15.869     62.526  47.241246    -0.0642    31.8534    12.7540   999.4534      5.952      4.103 0.0000e+00
      4.171     -0.072   178.9411     2.3111     21.084 1.2375e-01     15.868     62.874  47.547986    -0.0523    31.8232    12.7549   999.4531      5.934      4.092 0.0000e+00
      4.155     -0.065   177.0228     2.2996     20.914 1.2375e-01     15.867     63.087  47.764291     0.0370    30.5687    12.7544   999.4532      5.912      4.077 0.0000e+00
      4.136     -0.064   176.0078     2.2788     20.772 1.2375e-01     15.866     63.190  47.888232     0.1948    28.2563    12.7538   999.4533      5.878      4.053 0.0000e+00
      4.121     -0.068   175.1016     2.2536     20.616 1.2374e-01     15.865     63.168  47.903665     0.2913    27.0042    12.7651   999.4519      5.856      4.038 0.0000e+00
      4.111     -0.074   173.3786     2.2300     20.391 1.2371e-01     15.864     62.954  47.760423     0.3173    26.8967    12.8055   999.4470      5.853      4.036 0.0000e+00
      4.096     -0.081   170.5768     2.2080     19.988 1.2368e-01     15.865     62.761  47.616761     0.3477    26.6479    12.8573   999.4407      5.833      4.022 0.0000e+00
      4.070     -0.086   167.7249     2.1952     19.364 1.2366e-01     15.866     62.790  47.627097     0.3818    26.0904    12.8933   999.4360      5.789      3.991 0.0000e+00
      4.040     -0.091   165.1388     2.1766     18.549 1.2367e-01     15.865     62.980  47.758392     0.3860    25.7172    12.9168   999.4329      5.744      3.960 0.0000e+00
      4.013     -0.093   162.4531     2.1589     17.599 1.2372e-01     15.865     63.211  47.934279     0.3795    25.6035    12.9362   999.4302      5.708      3.935 0.0000e+00
      3.989     -0.093   160.3756     2.1182     16.684 1.2376e-01     15.864     63.494  48.166304     0.4945    25.1275    12.9361   999.4300      5.671      3.910 0.0000e+00
      3.968     -0.093   158.4327     2.0486     15.965 1.2378e-01     15.864     63.688  48.341361     0.7182    24.3222    12.9232   999.4315      5.643      3.891 0.0000e+00
      3.949     -0.095   156.1696     1.9664     15.544 1.2375e-01     15.864     63.556  48.272952     0.8325    23.9008    12.9078   999.4336      5.621      3.874 0.0000e+00
      3.927     -0.096   155.1244     1.8548     15.382 1.2370e-01     15.863     63.555  48.291706     0.8563    23.7405    12.9073   999.4335      5.587      3.852 0.0000e+00
      3.900     -0.094   155.1731     1.7539     15.294 1.2369e-01     15.863     63.993  48.631628     1.1586    22.6239    12.9250   999.4313      5.550      3.827 0.0000e+00
      3.870     -0.089   154.9517     1.6716     15.135 1.2366e-01     15.863     64.390  48.953965     1.7224    20.6995    12.9452   999.4289      5.505      3.795 0.0000e+00
      3.840     -0.084   153.6518     1.6267     14.841 1.2365e-01     15.862     64.414  49.014085     2.0363    19.7341    12.9788   999.4243      5.454      3.760 0.0000e+00
      3.821     -0.081   150.5556     1.6194     14.412 1.2364e-01     15.861     64.144  48.850584     2.0734    19.6721    12.9957   999.4219      5.427      3.741 0.0000e+00
      3.811     -0.080   147.1991     1.6150     13.949 1.2367e-01     15.861     63.652  48.501146     2.0852    19.5033    12.9883   999.4231      5.423      3.739 0.0000e+00
      3.801     -0.083   145.6781     1.5991     13.529 1.2378e-01     15.859     62.927  47.964069     2.1984    18.3463    13.0020   999.4216      5.413      3.732 0.0000e+00
      3.779     -0.090   145.4145     1.5684     13.114 1.2383e-01     15.857     62.029  47.309712     2.4216    16.3602    13.0438   999.4161      5.379      3.709 0.0000e+00
      3.749     -0.100   145.5613     1.5169     12.686 1.2375e-01     15.855     61.209  46.748559     2.5427    15.3331    13.0828   999.4108      5.332      3.676 0.0000e+00
      3.718     -0.107   145.6462     1.4622     12.255 1.2368e-01     15.853     60.698  46.449372     2.5471    15.2325    13.0995   999.4084      5.288      3.646 0.0000e+00
      3.685     -0.108   144.5482     1.4232     11.911 1.2370e-01     15.850     60.545  46.422605     2.5420    14.9374    13.1038   999.4075      5.243      3.615 0.0000e+00
      3.654     -0.105   142.6098     1.3779     11.853 1.2374e-01     15.849     60.623  46.552013     2.5284    14.4438    13.1207   999.4049      5.194      3.581 0.0000e+00
      3.629     -0.100   141.3101     1.3318     12.210 1.2375e-01     15.849     60.635  46.617266     2.5258    14.2080    13.1754   999.3974      5.155      3.555 0.0000e+00
      3.611     -0.095   140.7070     1.2828     13.023 1.2376e-01     15.848     60.508  46.576708     2.5380    14.2496    13.2604   999.3862      5.137      3.542 0.0000e+00
      3.591     -0.090   140.3947     1.2331     14.283 1.2376e-01     15.846     60.179  46.379153     2.5239    14.2255    13.3418   999.3755      5.114      3.527 0.0000e+00
      3.564     -0.087   140.0293     1.2218     15.837 1.2378e-01     15.844     59.546  45.943001     2.4790    14.0876    13.3968   999.3682      5.067      3.494 0.0000e+00
      3.538     -0.087   139.2134     1.2581     17.424 1.2377e-01     15.842     58.888  45.493745     2.4437    13.9906    13.4344   999.3631      5.027      3.466 0.0000e+00
      3.519     -0.085   138.4450     1.3389     18.819 1.2370e-01     15.840     58.592  45.328156     2.4307    14.0137    13.4860   999.3562      5.006      3.452 0.0000e+00
      3.499     -0.080   138.1383     1.4757     19.904 1.2366e-01     15.839     58.700  45.464699     2.4453    14.0932    13.5334   999.3497      4.980      3.434 0.0000e+00
      3.477     -0.075   137.8292     1.6462     20.627 1.2364e-01     15.839     58.870  45.620999     2.4870    14.1270    13.5713   999.3442      4.945      3.410 0.0000e+00
      3.455     -0.070   137.2885     1.8192     21.098 1.2361e-01     15.838     58.881  45.630755     2.5250    14.0795    13.6227   999.3370      4.912      3.387 0.0000e+00
      3.440     -0.066   136.7627     1.9631     21.576 1.2361e-01     15.837     58.826  45.582663     2.5429    13.9998    13.6801   999.3290      4.891      3.372 0.0000e+00
      3.428     -0.063   136.2045     2.0780     22.245 1.2367e-01     15.837     58.780  45.547435     2.5894    14.0559    13.7324   999.3220      4.879      3.364 0.0000e+00
      3.414     -0.062   135.3576     2.1482     23.096 1.2372e-01     15.837     58.733  45.522266     2.6764    14.2428    13.7529   999.3193      4.857      3.349 0.0000e+00
      3.397     -0.062   134.0939     2.1841     23.891 1.2376e-01     15.837     58.801  45.595809     2.7268    14.3367    13.7460   999.3201      4.830      3.330 0.0000e+00
      3.381     -0.065   132.7985     2.2286     24.403 1.2375e-01     15.838     58.886  45.674787     2.7417    14.2987    13.7376   999.3211      4.808      3.316 0.0000e+00
      3.366     -0.069   131.8270     2.2956     24.657 1.2368e-01     15.838     58.781  45.588332     2.7512    14.1946    13.7373   999.3211      4.789      3.302 0.0000e+00
      3.348     -0.071   131.4670     2.3951     24.756 1.2365e-01     15.838     58.608  45.439350     2.7654    14.0053    13.7448   999.3200      4.765      3.286 0.0000e+00
      3.328     -0.071   131.7163     2.4882     24.736 1.2364e-01     15.838     58.326  45.206729     2.7895    13.7953    13.7706   999.3164      4.733      3.263 0.0000e+00
      3.306     -0.071   131.9155     2.5359     24.625 1.2365e-01     15.838     57.645  44.680379     2.8042    13.7495    13.7873   999.3142      4.703      3.242 0.0000e+00
      3.286     -0.072   131.9825     2.5573     24.469 1.2371e-01     15.837     56.360  43.709877     2.8195    13.8305    13.7762   999.3154      4.673      3.222 0.0000e+00
      3.270     -0.073   132.0100     2.5694     24.340 1.2374e-01     15.836     55.044  42.741260     2.7840    13.8124    13.7633   999.3170      4.648      3.205 0.0000e+00
      3.257     -0.074   131.8176     2.5657     24.281 1.2371e-01     15.834     54.546  42.427947     2.6885    13.7363    13.7443   999.3196      4.637      3.197 0.0000e+00
      3.240     -0.075   130.9472     2.5545     24.340 1.2369e-01     15.832     54.425  42.397564     2.6379    13.7347    13.7445   999.3194      4.612      3.179 0.0000e+00
      3.216     -0.078   129.3160     2.5326     24.630 1.2366e-01     15.832     54.021  42.120056     2.6484    13.7922    13.7666   999.3156      4.571      3.151 0.0000e+00
      3.194     -0.082   128.1840     2.5156     25.281 1.2361e-01     15.831     53.745  41.929223     2.6735    13.8140    13.8105   999.3088      4.540      3.130 0.0000e+00
      3.174     -0.085   128.1016     2.5058     26.483 1.2365e-01     15.830     53.881  42.058095     2.6746    13.6898    13.8934   999.2974      4.517      3.114 0.0000e+00
      3.152     -0.085   128.1479     2.4999     28.269 1.2374e-01     15.829     54.144  42.281739     2.6521    13.5265    13.9605   999.2882      4.485      3.092 0.0000e+00
      3.128     -0.087   127.8825     2.5286     30.428 1.2375e-01     15.829     54.212  42.348057     2.6399    13.4195    13.9837   999.2846      4.448      3.067 0.0000e+00
      3.107     -0.089   127.8188     2.5833     32.649 1.2372e-01     15.829     54.040  42.225147     2.6216    13.1169    14.0044   999.2815      4.418      3.046 0.0000e+00
      3.087     -0.089   127.8937     2.7028     34.573 1.2371e-01     15.828     53.815  42.065257     2.5936    12.6137    14.0258   999.2785      4.393      3.029 0.0000e+00
      3.063     -0.086   127.5833     2.8984     36.060 1.2366e-01     15.827     53.384  41.747929     2.5778    12.3128    14.0448   999.2759      4.361      3.008 0.0000e+00
      3.036     -0.081   127.3358     3.1259     37.112 1.2360e-01     15.826     52.459  41.054459     2.5836    12.2605    14.0553   999.2744      4.316      2.975 0.0000e+00
      3.011     -0.072   127.3949     3.3748     37.722 1.2363e-01     15.825     50.920  39.901262     2.7015    12.4627    14.0614   999.2733      4.276      2.948 0.0000e+00
      2.996     -0.060   127.5240     3.5730     37.994 1.2369e-01     15.823     49.068  38.531720     2.9166    12.9030    14.0814   999.2704      4.261      2.938 0.0000e+00
      2.983     -0.048   127.7784     3.7213     38.031 1.2374e-01     15.820     47.616  37.506865     3.0378    13.2236    14.0937   999.2685      4.243      2.926 0.0000e+00
      2.972     -0.038   127.7183     3.8333     38.010 1.2381e-01     15.815     47.415  37.474230     3.0510    13.3176    14.1200   999.2644      4.223      2.911 0.0000e+00
      2.967     -0.035   127.1412     3.8830     38.235 1.2380e-01     15.811     48.616  38.518023     3.0389    13.2502    14.1676   999.2571      4.220      2.908 0.0000e+00
      2.966     -0.040   126.6517     3.9031     38.933 1.2371e-01     15.810     49.783  39.464973     2.9679    12.9572    14.2461   999.2453      4.221      2.910 0.0000e+00
      2.961     -0.049   126.7898     3.8914     40.279 1.2371e-01     15.811     50.000  39.594010     2.8600    12.5565    14.3790   999.2259      4.216      2.907 0.0000e+00
