101620_fcr50_0002.cnv
* Sea-Bird SBE19plus  Data File:
* FileName = C:\DATA\101620_fcr50_0002.hex
* Software version 2.8.0.119
* Temperature SN = 7809
* Conductivity SN = 7809
* System UpLoad Time = Oct 17 2020 10:19:38
* <ApplicationData>
* <Seaterm232>
# nquan = 16
# nvalues = 1992                        
# units = specified
# name 0 = depFM: Depth [fresh water, m]
# name 1 = dz/dtM: Descent Rate [m/s]
# name 2 = orp: Oxidation Reduction Potential [mV]
# name 3 = sbeox0Mg/L: Oxygen, SBE 43 [mg/l]
# name 4 = sbeox0PS: Oxygen, SBE 43 [% saturation]
# name 5 = par/sat/log: PAR/Logarithmic, Satlantic
# name 6 = ph: pH
# name 7 = specc: Specific Conductance [uS/cm]
# name 8 = c0uS/cm: Conductivity [uS/cm]
# name 9 = flECO-AFL: Fluorescence, WET Labs ECO-AFL/FL [mg/m^3]
# name 10 = turbWETntu0: Turbidity, WET Labs ECO [NTU]
# name 11 = tv290C: Temperature [ITS-90, deg C]
# name 12 = density00: Density [density, kg/m^3]
# name 13 = prdE: Pressure, Strain Gauge [psi]
# name 14 = prdM: Pressure, Strain Gauge [db]
# name 15 = flag:  0.000e+00
# span 0 =     -0.650,      9.536       
# span 1 =     -0.194,      0.167       
# span 2 =    70.6587,  1210.6891       
# span 3 =     0.0413,    10.3793       
# span 4 =      0.543,    103.431       
# span 5 = 1.2355e-01, 1.9346e+01       
# span 6 =     11.945,     16.301       
# span 7 =      0.460,     76.111       
# span 8 =   0.332882,  59.211337       
# span 9 =    -1.0082,     5.0102       
# span 10 =    -0.3360,   270.3770      
# span 11 =    11.1973,    16.4856      
# span 12 =   998.8823,   999.5884      
# span 13 =     -0.925,     13.565      
# span 14 =     -0.638,      9.353      
# span 15 = 0.0000e+00, 0.0000e+00      
# interval = seconds: 0.25
# start_time = Oct 16 2020 05:29:09 [Instrument's time stamp, header]
# bad_flag = -9.990e-29
*END*
[from data line 633]
      3.665      0.018   214.9993     4.0598     36.522 1.2370e-01     15.803     40.175  32.685973     2.3532    10.2617    15.6734   999.0313      5.212      3.593 0.0000e+00
      3.671      0.016   214.8433     3.9612     35.647 1.2377e-01     15.803     40.170  32.684937     2.2655    10.4145    15.6779   999.0306      5.221      3.600 0.0000e+00
      3.677      0.016   214.7408     3.8739     35.155 1.2380e-01     15.803     40.155  32.674890     2.2017    10.4506    15.6761   999.0309      5.231      3.606 0.0000e+00
      3.681      0.015   214.7059     3.7411     34.998 1.2373e-01     15.802     40.173  32.691400     2.1817    10.3894    15.6732   999.0314      5.237      3.610 0.0000e+00
      3.682      0.015   214.5937     3.6182     34.917 1.2371e-01     15.802     40.253  32.757663     2.1771    10.3604    15.6747   999.0312      5.237      3.611 0.0000e+00
      3.683      0.015   214.4169     3.5299     34.811 1.2371e-01     15.802     40.358  32.841573     2.1653    10.1689    15.6788   999.0305      5.237      3.611 0.0000e+00
      3.687      0.017   214.5468     3.4764     34.853 1.2371e-01     15.802     40.487  32.944559     2.1536     9.7564    15.6822   999.0299      5.243      3.614 0.0000e+00
      3.692      0.021   214.9607     3.4780     35.202 1.2371e-01     15.803     40.620  33.051112     2.1408     9.4592    15.6856   999.0294      5.251      3.620 0.0000e+00
      3.698      0.025   215.1185     3.4731     35.780 1.2367e-01     15.804     40.704  33.114692     2.1153     9.3561    15.6866   999.0294      5.259      3.626 0.0000e+00
      3.705      0.027   215.1640     3.4530     36.322 1.2366e-01     15.803     40.745  33.142250     2.1122     9.2649    15.6843   999.0299      5.269      3.633 0.0000e+00
      3.714      0.028   215.5109     3.4505     36.666 1.2366e-01     15.802     40.895  33.257405     2.1314     9.1118    15.6814   999.0304      5.283      3.643 0.0000e+00
      3.723      0.028   215.4416     3.4875     36.786 1.2371e-01     15.802     41.195  33.491791     2.1379     9.0155    15.6802   999.0306      5.299      3.653 0.0000e+00
      3.729      0.027   214.9285     3.5583     36.560 1.2376e-01     15.803     41.384  33.628492     2.1340     8.9939    15.6750   999.0315      5.306      3.658 0.0000e+00
      3.733      0.025   214.9852     3.6196     35.873 1.2371e-01     15.805     41.422  33.641204     2.1125     8.9180    15.6660   999.0329      5.307      3.659 0.0000e+00
      3.741      0.023   215.4391     3.6504     34.848 1.2368e-01     15.807     41.521  33.708915     2.0785     8.8194    15.6597   999.0340      5.321      3.669 0.0000e+00
      3.748      0.022   215.5123     3.6687     33.748 1.2368e-01     15.807     41.664  33.812642     2.0655     8.7625    15.6525   999.0354      5.335      3.678 0.0000e+00
      3.752      0.022   215.1823     3.6565     32.748 1.2367e-01     15.806     41.764  33.880107     2.0705     8.7452    15.6268   999.0396      5.335      3.679 0.0000e+00
      3.757      0.023   215.0620     3.5831     31.825 1.2367e-01     15.806     41.866  33.953539     2.0718     8.6445    15.5987   999.0440      5.342      3.683 0.0000e+00
      3.763      0.023   215.4350     3.4713     30.838 1.2370e-01     15.806     42.012  34.065966     2.0621     8.4379    15.5910   999.0452      5.354      3.692 0.0000e+00
      3.769      0.024   215.6485     3.3553     29.664 1.2371e-01     15.806     42.137  34.160745     2.0584     8.3414    15.5756   999.0478      5.362      3.697 0.0000e+00
      3.774      0.026   215.4055     3.2590     28.242 1.2371e-01     15.807     42.212  34.211148     2.0564     8.3022    15.5545   999.0511      5.367      3.701 0.0000e+00
      3.781      0.027   215.5089     3.1746     26.580 1.2375e-01     15.807     42.331  34.294650     1.9512     7.9980    15.5448   999.0527      5.378      3.708 0.0000e+00
      3.790      0.029   216.2958     3.0795     24.833 1.2374e-01     15.808     42.566  34.472352     1.7591     7.5126    15.5408   999.0534      5.392      3.718 0.0000e+00
      3.797      0.031   216.9186     2.9671     23.333 1.2369e-01     15.810     42.879  34.709890     1.6601     7.3088    15.5344   999.0544      5.401      3.724 0.0000e+00
      3.803      0.031   216.7586     2.8229     22.207 1.2371e-01     15.810     43.119  34.882300     1.6503     7.3543    15.5196   999.0569      5.407      3.729 0.0000e+00
      3.812      0.029   216.2540     2.6601     21.551 1.2375e-01     15.810     43.259  34.970539     1.6313     7.3071    15.5044   999.0593      5.419      3.736 0.0000e+00
      3.823      0.026   216.0663     2.4626     21.252 1.2369e-01     15.811     43.498  35.142194     1.4589     6.8401    15.4915   999.0615      5.440      3.751 0.0000e+00
      3.831      0.024   216.2953     2.3173     20.791 1.2365e-01     15.812     43.882  35.434784     1.1498     6.0681    15.4745   999.0643      5.452      3.760 0.0000e+00
      3.834      0.023   216.6995     2.2036     20.073 1.2377e-01     15.814     44.173  35.652624     0.9933     5.6985    15.4471   999.0686      5.453      3.759 0.0000e+00
      3.836      0.021   216.9960     2.1281     19.203 1.2387e-01     15.814     44.233  35.681954     0.9872     5.7013    15.4139   999.0738      5.455      3.760 0.0000e+00
      3.841      0.019   217.0405     2.1437     18.146 1.2382e-01     15.814     44.230  35.662462     0.9522     5.4493    15.3885   999.0779      5.462      3.766 0.0000e+00
      3.847      0.018   217.0656     2.0869     16.976 1.2375e-01     15.814     44.253  35.670770     0.8843     4.9523    15.3721   999.0806      5.472      3.773 0.0000e+00
      3.853      0.018   217.2134     2.0114     15.837 1.2369e-01     15.814     44.240  35.655473     0.8529     4.7046    15.3532   999.0837      5.481      3.779 0.0000e+00
      3.858      0.019   217.3653     1.9314     14.687 1.2367e-01     15.814     44.337  35.731335     0.8682     4.7546    15.3292   999.0874      5.490      3.784 0.0000e+00
      3.861      0.021   217.6972     1.8222     13.431 1.2368e-01     15.814     45.095  36.334177     0.8594     4.8364    15.3087   999.0906      5.492      3.786 0.0000e+00
      3.865      0.023   218.3877     1.6982     12.199 1.2367e-01     15.817     46.626  37.550161     0.8137     4.8690    15.2962   999.0925      5.495      3.789 0.0000e+00
      3.870      0.025   218.9167     1.5836     11.070 1.2370e-01     15.818     48.002  38.629584     0.7838     4.8748    15.2930   999.0930      5.503      3.795 0.0000e+00
      3.878      0.027   218.7586     1.4828     10.118 1.2375e-01     15.818     48.637  39.104035     0.7838     4.9065    15.2940   999.0929      5.514      3.802 0.0000e+00
      3.888      0.027   218.3686     1.3392      9.306 1.2374e-01     15.818     48.832  39.224742     0.7946     4.8395    15.2873   999.0942      5.529      3.812 0.0000e+00
      3.897      0.025   218.4176     1.2227      8.558 1.2373e-01     15.820     49.074  39.390841     0.7991     4.6141    15.2682   999.0979      5.546      3.823 0.0000e+00
      3.904      0.022   218.5774     1.1020      7.957 1.2375e-01     15.821     49.425  39.652457     0.7910     4.4480    15.2372   999.1032      5.555      3.830 0.0000e+00
      3.907      0.017   218.4077     1.0092      7.619 1.2376e-01     15.821     49.534  39.722137     0.7734     4.4099    15.1957   999.1097      5.557      3.832 0.0000e+00
      3.909      0.014   218.2587     0.9384      7.737 1.2374e-01     15.821     49.555  39.725552     0.7670     4.4631    15.1558   999.1158      5.558      3.832 0.0000e+00
      3.912      0.013   218.4105     0.8503      8.139 1.2371e-01     15.822     49.922  40.011092     0.7804     4.5416    15.1283   999.1201      5.564      3.836 0.0000e+00
      3.914      0.014   218.6941     0.7983      8.537 1.2375e-01     15.823     50.478  40.445261     0.7934     4.5353    15.1098   999.1231      5.569      3.840 0.0000e+00
      3.917      0.015   218.8480     0.7431      8.907 1.2384e-01     15.823     50.844  40.722369     0.7904     4.4557    15.0906   999.1260      5.570      3.840 0.0000e+00
      3.921      0.015   218.8087     0.7669      9.137 1.2384e-01     15.823     50.990  40.822618     0.7626     4.3684    15.0761   999.1281      5.575      3.844 0.0000e+00
      3.927      0.015   218.7362     0.8279      9.229 1.2377e-01     15.824     51.100  40.895650     0.7339     4.3040    15.0716   999.1291      5.585      3.850 0.0000e+00
      3.932      0.015   218.7449     0.8531      9.245 1.2376e-01     15.824     51.288  41.034110     0.7207     4.2263    15.0615   999.1308      5.594      3.857 0.0000e+00
      3.936      0.015   218.9141     0.9076      9.184 1.2380e-01     15.823     51.544  41.227205     0.7169     4.1502    15.0428   999.1338      5.599      3.860 0.0000e+00
      3.938      0.015   219.0602     0.9244      9.058 1.2380e-01     15.823     51.841  41.453009     0.7260     4.1396    15.0249   999.1365      5.601      3.862 0.0000e+00
      3.941      0.014   218.9627     0.9321      8.929 1.2377e-01     15.824     52.047  41.606075     0.7448     4.1996    15.0109   999.1387      5.604      3.864 0.0000e+00
      3.944      0.014   219.0264     0.9358      8.904 1.2374e-01     15.825     52.075  41.617925     0.7730     4.2919    14.9995   999.1405      5.610      3.868 0.0000e+00
      3.949      0.014   219.2289     0.9278      8.988 1.2371e-01     15.826     52.060  41.596290     0.7802     4.2939    14.9890   999.1422      5.617      3.873 0.0000e+00
      3.953      0.014   219.1738     0.9159      9.052 1.2370e-01     15.826     52.074  41.598381     0.7746     4.2243    14.9785   999.1439      5.624      3.878 0.0000e+00
      3.957      0.013   219.1346     0.8946      8.935 1.2374e-01     15.826     52.139  41.643197     0.7814     4.2056    14.9664   999.1458      5.629      3.881 0.0000e+00
      3.960      0.013   219.2703     0.8946      8.572 1.2381e-01     15.827     52.290  41.757287     0.7862     4.2060    14.9547   999.1476      5.632      3.883 0.0000e+00
      3.963      0.013   219.5241     0.9065      8.057 1.2381e-01     15.828     52.554  41.962185     0.7946     4.1940    14.9456   999.1490      5.636      3.886 0.0000e+00
      3.965      0.013   219.6221     0.9225      7.673 1.2379e-01     15.828     52.801  42.152771     0.7967     4.1636    14.9380   999.1501      5.640      3.889 0.0000e+00
      3.968      0.013   219.4234     0.9107      7.494 1.2375e-01     15.828     52.816  42.157279     0.7839     4.1483    14.9311   999.1512      5.643      3.891 0.0000e+00
      3.972      0.013   219.3593     0.8744      7.253 1.2372e-01     15.828     52.808  42.143645     0.7735     4.1468    14.9249   999.1522      5.649      3.895 0.0000e+00
      3.977      0.014   219.5344     0.8083      6.918 1.2374e-01     15.828     53.019  42.305310     0.7845     4.1445    14.9197   999.1530      5.658      3.901 0.0000e+00
      3.982      0.014   219.6476     0.7594      6.495 1.2374e-01     15.828     53.223  42.461481     0.8033     4.2242    14.9141   999.1540      5.664      3.905 0.0000e+00
      3.983      0.013   219.5237     0.7671      6.043 1.2374e-01     15.829     53.211  42.444899     0.8102     4.4237    14.9064   999.1551      5.665      3.906 0.0000e+00
      3.985      0.011   219.5847     0.7351      5.953 1.2378e-01     15.829     53.107  42.358730     0.8200     4.6681    14.8986   999.1562      5.667      3.908 0.0000e+00
      3.990      0.009   219.8683     0.6981      6.197 1.2382e-01     15.828     53.039  42.308332     0.8353     4.8096    14.8931   999.1572      5.675      3.913 0.0000e+00
      3.993      0.007   219.9418     0.6692      6.473 1.2382e-01     15.827     52.993  42.279903     0.8528     4.8641    14.8875   999.1582      5.680      3.916 0.0000e+00
      3.994      0.006   219.7860     0.5872      6.661 1.2377e-01     15.827     52.969  42.268930     0.9069     4.7786    14.8794   999.1594      5.681      3.917 0.0000e+00
      3.994      0.005   219.5329     0.5888      6.722 1.2374e-01     15.827     53.003  42.302624     0.9845     4.5305    14.8738   999.1601      5.681      3.917 0.0000e+00
      3.995      0.005   219.6344     0.6299      6.734 1.2374e-01     15.827     53.163  42.433374     1.0183     4.4052    14.8788   999.1594      5.680      3.916 0.0000e+00
      3.996      0.006   219.8951     0.6546      6.762 1.2377e-01     15.828     53.351  42.580235     1.0208     4.4307    14.8890   999.1579      5.683      3.918 0.0000e+00
      3.997      0.007   219.8452     0.6817      6.817 1.2373e-01     15.828     53.409  42.618262     1.0243     4.4621    14.8958   999.1569      5.684      3.919 0.0000e+00
      3.999      0.008   219.8048     0.6781      6.846 1.2365e-01     15.828     53.438  42.639227     1.0028     4.5437    14.9019   999.1560      5.686      3.921 0.0000e+00
      4.002      0.009   220.0094     0.6811      6.845 1.2365e-01     15.828     53.596  42.770240     0.9516     4.6617    14.9080   999.1551      5.693      3.925 0.0000e+00
      4.005      0.010   220.1681     0.6800      6.840 1.2373e-01     15.828     53.881  42.996203     0.9108     4.6872    14.9049   999.1557      5.698      3.929 0.0000e+00
      4.007      0.010   220.0027     0.6915      6.798 1.2377e-01     15.827     54.089  43.149482     0.9007     4.6471    14.8920   999.1576      5.699      3.929 0.0000e+00
      4.009      0.009   219.8175     0.6934      6.704 1.2374e-01     15.827     54.202  43.226904     0.9150     4.5538    14.8880   999.1582      5.701      3.930 0.0000e+00
      4.012      0.009   219.8213     0.6900      6.539 1.2369e-01     15.828     54.457  43.424436     0.9314     4.3838    14.8995   999.1565      5.706      3.934 0.0000e+00
      4.014      0.009   219.9627     0.6939      6.342 1.2369e-01     15.829     54.805  43.696816     0.9266     4.2390    14.9020   999.1563      5.710      3.938 0.0000e+00
      4.016      0.009   219.9791     0.6880      6.228 1.2375e-01     15.830     55.016  43.853931     0.9150     4.1773    14.8839   999.1591      5.712      3.938 0.0000e+00
      4.017      0.010   219.6751     0.6809      6.219 1.2376e-01     15.831     55.126  43.927435     0.9431     4.3580    14.8676   999.1615      5.713      3.939 0.0000e+00
      4.020      0.010   219.4705     0.6636      6.197 1.2372e-01     15.830     55.411  44.141141     1.0095     4.7413    14.8669   999.1618      5.718      3.942 0.0000e+00
      4.024      0.010   219.5699     0.6375      6.089 1.2375e-01     15.830     55.838  44.469768     1.0500     4.9659    14.8657   999.1622      5.723      3.946 0.0000e+00
      4.027      0.011   219.6726     0.6236      5.916 1.2376e-01     15.831     56.176  44.726542     1.0412     4.9797    14.8530   999.1641      5.727      3.949 0.0000e+00
      4.029      0.012   219.5076     0.6313      5.714 1.2372e-01     15.831     56.488  44.960249     1.0083     4.8741    14.8381   999.1663      5.730      3.951 0.0000e+00
      4.032      0.012   219.2088     0.6307      5.474 1.2377e-01     15.831     56.812  45.200385     0.9866     4.7186    14.8270   999.1681      5.734      3.954 0.0000e+00
      4.035      0.013   219.1573     0.6190      5.153 1.2384e-01     15.831     57.095  45.407905     0.9881     4.6796    14.8173   999.1697      5.739      3.958 0.0000e+00
      4.038      0.014   219.3160     0.5989      4.667 1.2381e-01     15.832     57.394  45.628161     0.9876     4.7459    14.8064   999.1715      5.744      3.960 0.0000e+00
      4.042      0.015   219.4063     0.5807      4.236 1.2373e-01     15.833     57.751  45.895289     0.9427     4.7995    14.7930   999.1736      5.750      3.964 0.0000e+00
      4.046      0.016   219.4748     0.5558      4.298 1.2367e-01     15.833     58.986  46.859984     0.8650     4.8461    14.7774   999.1760      5.756      3.968 0.0000e+00
