101620_fcr50_0002.cnv
* Sea-Bird SBE19plus  Data File:
* FileName = C:\DATA\101620_fcr50_0002.hex
* Software version 2.8.0.119
* Temperature SN = 7809
* Conductivity SN = 7809
* System UpLoad Time = Oct 17 2020 10:19:38
* <ApplicationData>
* <Seaterm232>
# nquan = 16
# nvalues = 1992                        
# units = specified
# name 0 = depFM: Depth [fresh water, m]
# name 1 = dz/dtM: Descent Rate [m/s]
# name 2 = orp: Oxidation Reduction Potential [mV]
# name 3 = sbeox0Mg/L: Oxygen, SBE 43 [mg/l]
# name 4 = sbeox0PS: Oxygen, SBE 43 [% saturation]
# name 5 = par/sat/log: PAR/Logarithmic, Satlantic
# name 6 = ph: pH
# name 7 = specc: Specific Conductance [uS/cm]
# name 8 = c0uS/cm: Conductivity [uS/cm]
# name 9 = flECO-AFL: Fluorescence, WET Labs ECO-AFL/FL [mg/m^3]
# name 10 = turbWETntu0: Turbidity, WET Labs ECO [NTU]
# name 11 = tv290C: Temperature [ITS-90, deg C]
# name 12 = density00: Density [density, kg/m^3]
# name 13 = prdE: Pressure, Strain Gauge [psi]
# name 14 = prdM: Pressure, Strain Gauge [db]
# name 15 = flag:  0.000e+00
# span 0 =     -0.650,      9.536       
# span 1 =     -0.194,      0.167       
# span 2 =    70.6587,  1210.6891       
# span 3 =     0.0413,    10.3793       
# span 4 =      0.543,    103.431       
# span 5 = 1.2355e-01, 1.9346e+01       
# span 6 =     11.945,     16.301       
# span 7 =      0.460,     76.111       
# span 8 =   0.332882,  59.211337       
# span 9 =    -1.0082,     5.0102       
# span 10 =    -0.3360,   270.3770      
# span 11 =    11.1973,    16.4856      
# span 12 =   998.8823,   999.5884      
# span 13 =     -0.925,     13.565      
# span 14 =     -0.638,      9.353      
# span 15 = 0.0000e+00, 0.0000e+00      
# interval = seconds: 0.25
# start_time = Oct 16 2020 05:29:09 [Instrument's time stamp, header]
# bad_flag = -9.990e-29
*END*
[from data line 1899]
      0.380     -0.040   126.9558     9.1966     94.206 2.0546e+00     15.782     38.058  31.542177     3.7628    13.1033    16.4349   998.8916      0.542      0.374 0.0000e+00
      0.369     -0.052   126.8074     9.1705     94.338 2.1229e+00     15.782     38.049  31.530789     3.7312    13.0216    16.4381   998.8910      0.525      0.362 0.0000e+00
      0.355     -0.063   126.6374     9.1716     94.492 2.2185e+00     15.783     38.075  31.551131     3.7347    13.0743    16.4398   998.8907      0.507      0.350 0.0000e+00
      0.337     -0.070   126.5340     9.1902     94.627 2.3526e+00     15.783     38.130  31.597793     3.6140    12.9168    16.4402   998.8905      0.481      0.332 0.0000e+00
      0.315     -0.072   126.4184     9.2200     94.747 2.5211e+00     15.783     38.117  31.587409     3.3598    12.5588    16.4369   998.8909      0.449      0.309 0.0000e+00
      0.290     -0.072   126.3584     9.2190     94.844 2.6987e+00     15.783     38.074  31.552480     3.2068    12.3167    16.4297   998.8920      0.411      0.284 0.0000e+00
      0.269     -0.070   126.3244     9.2470     94.859 2.8246e+00     15.783     38.077  31.556136     3.1947    12.2557    16.4271   998.8923      0.377      0.260 0.0000e+00
      0.255     -0.065   126.0936     9.2529     94.834 2.9093e+00     15.783     38.091  31.568174     3.2040    12.2676    16.4303   998.8918      0.363      0.250 0.0000e+00
      0.244     -0.060   125.8901     9.2661     94.913 3.0286e+00     15.783     38.097  31.571141     3.2615    12.4261    16.4317   998.8915      0.350      0.241 0.0000e+00
      0.229     -0.056   125.9293     9.2793     95.057 3.1621e+00     15.783     38.126  31.592013     3.3759    12.7300    16.4320   998.8914      0.326      0.225 0.0000e+00
      0.214     -0.054   125.9650     9.2786     94.958 3.2931e+00     15.783     38.176  31.630194     3.4427    12.9545    16.4339   998.8910      0.305      0.210 0.0000e+00
      0.199     -0.052   125.8055     9.2707     94.644 3.4371e+00     15.784     38.205  31.652103     3.4497    13.0807    16.4347   998.8908      0.283      0.195 0.0000e+00
      0.185     -0.050   125.7215     9.2721     94.390 3.5698e+00     15.784     38.223  31.666573     3.4132    13.3289    16.4325   998.8911      0.262      0.181 0.0000e+00
      0.172     -0.047   125.8106     9.3129     94.351 3.6968e+00     15.784     38.235  31.678265     3.3346    13.6211    16.4278   998.8918      0.245      0.168 0.0000e+00
      0.162     -0.044   126.0220     9.2973     94.528 3.8264e+00     15.784     38.222  31.666573     3.2807    13.6955    16.4229   998.8927      0.230      0.158 0.0000e+00
      0.152     -0.042   126.2129     9.2529     94.662 3.9414e+00     15.784     38.207  31.652103     3.2678    13.6785    16.4185   998.8934      0.216      0.149 0.0000e+00
      0.142     -0.040   126.1392     9.2279     94.610 4.0401e+00     15.785     38.181  31.630196     3.3213    13.7255    16.4187   998.8932      0.201      0.139 0.0000e+00
      0.132     -0.040   126.0775     9.2159     94.512 4.1371e+00     15.786     38.134  31.592026     3.4315    13.7831    16.4230   998.8925      0.187      0.130 0.0000e+00
      0.122     -0.039   126.2412     9.2502     94.467 4.2515e+00     15.785     38.108  31.571268     3.4843    13.7912    16.4212   998.8927      0.174      0.120 0.0000e+00
      0.111     -0.037   126.3979     9.2712     94.466 4.4034e+00     15.784     38.103  31.569550     3.4833    13.7202    16.4169   998.8934      0.159      0.110 0.0000e+00
      0.101     -0.034   126.4231     9.2540     94.433 4.5418e+00     15.783     38.102  31.571264     3.5811    13.5431    16.4170   998.8934      0.142      0.098 0.0000e+00
      0.091     -0.031   126.5458     9.2438     94.338 4.6255e+00     15.783     38.122  31.591997     3.7798    13.2978    16.4190   998.8929      0.126      0.087 0.0000e+00
      0.084     -0.026   126.7632     9.2379     94.263 4.7458e+00     15.784     38.166  31.629892     3.8925    13.1573    16.4197   998.8928      0.118      0.081 0.0000e+00
      0.080     -0.021   126.8145     9.2423     94.319 4.8863e+00     15.785     38.187  31.648783     3.8852    13.0807    16.4210   998.8926      0.114      0.079 0.0000e+00
      0.075     -0.016   126.8224     9.2395     94.408 4.9255e+00     15.785     38.162  31.630076     3.8249    13.0926    16.4258   998.8918      0.107      0.074 0.0000e+00
      0.071     -0.012   126.9435     9.2256     94.308 4.9224e+00     15.785     38.116  31.594042     3.7646    13.3013    16.4321   998.8907      0.098      0.068 0.0000e+00
      0.068     -0.010   127.0752     9.2117     94.122 4.9824e+00     15.784     38.112  31.593781     3.7563    13.5088    16.4347   998.8903      0.096      0.066 0.0000e+00
      0.068     -0.015   126.9526     9.2184     94.042 5.0739e+00     15.783     38.151  31.626921     3.7625    13.6109    16.4355   998.8901      0.096      0.066 0.0000e+00
      0.068     -0.028   126.6661     9.2443     94.099 5.1037e+00     15.783     38.136  31.614051     3.7447    13.5740    16.4379   998.8897      0.096      0.066 0.0000e+00
      0.067     -0.050   126.6217     9.2240     94.264 5.1306e+00     15.783     38.081  31.565063     3.6752    13.1313    16.4412   998.8891      0.096      0.066 0.0000e+00
      0.060     -0.077   126.6743     9.1950     94.359 5.4357e+00     15.784     38.061  31.542178     3.5796    12.4817    16.4448   998.8885      0.094      0.065 0.0000e+00
      0.037     -0.105   126.6129     9.1916     94.264 6.4661e+00     15.785     38.051  31.527678     3.5426    12.2090    16.4474   998.8880      0.063      0.043 0.0000e+00
     -0.003     -0.128   126.9114     9.1925     94.129 7.4517e+00     15.786     38.041  31.516630     3.5423    12.2027    16.4471   998.8878     -0.003     -0.002 0.0000e+00
     -0.048     -0.142   127.2731     9.2194     94.102 7.6872e+00     15.786     38.064  31.535480     3.5382    12.4741    16.4409   998.8886     -0.069     -0.048 0.0000e+00
     -0.095     -0.147   126.9421     9.2388     94.245 7.8966e+00     15.787     38.099  31.565262     3.5412    13.0872    16.4319   998.8900     -0.134     -0.092 0.0000e+00
     -0.139     -0.150   126.5231     9.2201     94.513 7.9470e+00     15.787     38.091  31.559493     3.5496    13.5391    16.4234   998.8911     -0.208     -0.143 0.0000e+00
     -0.170     -0.150   126.5941     9.2035     94.619 7.8190e+00     15.787     38.052  31.529176     3.5728    14.4356    16.4180   998.8918     -0.249     -0.173 0.0000e+00
     -0.192     -0.149   127.1134     9.2004     94.472 7.8123e+00     15.787     38.031  31.515929     3.6404    23.5493    16.4191   998.8916     -0.263     -0.181 0.0000e+00
     -0.227     -0.147   127.8975     9.2096     94.341 7.7253e+00     15.787     38.037  31.526225     3.7379    40.2684    16.4219   998.8911     -0.311     -0.214 0.0000e+00
     -0.277     -0.151   130.8265     9.2520     94.365 7.5812e+00     15.787     38.034  31.526783     3.7981    49.5218    16.4225   998.8908     -0.396     -0.274 0.0000e+00
     -0.326     -0.165   138.5224     9.2707     94.614 7.4367e+00     15.787     38.026  31.522692     3.7772    51.2821    16.4240   998.8902     -0.473     -0.326 0.0000e+00
     -0.362     -0.184   142.5654     9.2323     94.810 7.3037e+00     15.785     38.046  31.540204     3.3040    60.7616    16.4302   998.8890     -0.519     -0.359 0.0000e+00
     -0.393     -0.194   136.8634     9.2223     94.426 7.1639e+00     15.782     38.056  31.548184     2.4158    77.8940    16.4380   998.8877     -0.547     -0.378 0.0000e+00
     -0.440     -0.191   131.6995     9.2171     93.667 6.9851e+00     15.782     38.067  31.555738     1.9169    87.0046    16.4428   998.8866     -0.612     -0.422 0.0000e+00
     -0.510     -0.178   130.9790     9.2413     92.848 6.6986e+00     15.783     38.085  31.568094     1.8105    85.8401    16.4451   998.8858     -0.723     -0.499 0.0000e+00
     -0.582     -0.156   130.7330     9.3060     92.162 6.3501e+00     15.785     38.094  31.570683     1.1204    64.0197    16.4469   998.8852     -0.842     -0.581 0.0000e+00
     -0.628     -0.126   130.6181     9.2406     91.941 5.9941e+00     15.785     38.119  31.587031    -0.1524    23.8513    16.4469   998.8849     -0.914     -0.630 0.0000e+00
     -0.643     -0.088   130.6222     9.1544     91.979 5.6255e+00     15.785     38.111  31.575417    -0.8560     1.9299    16.4442   998.8854     -0.919     -0.633 0.0000e+00
     -0.643     -0.049   130.5244     9.0858     92.183 5.3330e+00     15.786     37.863  31.366814    -0.9212    -0.0788    16.4401   998.8861     -0.913     -0.630 0.0000e+00
     -0.643     -0.020   130.2104     8.9805     92.564 5.2315e+00     15.787     35.471  29.382048    -0.8168     0.1141    16.4343   998.8871     -0.915     -0.631 0.0000e+00
     -0.643     -0.005   129.8369     8.9901     92.682 5.2248e+00     15.787     26.151  21.660460     0.4355     4.5709    16.4278   998.8881     -0.913     -0.630 0.0000e+00
     -0.643     -0.001   129.3634     8.9968     92.345 5.1167e+00     15.786     13.423  11.117464     2.7285    12.8143    16.4217   998.8892     -0.915     -0.631 0.0000e+00
     -0.643     -0.001   128.7868     8.9971     91.331 4.8231e+00     15.785      7.257   6.010287     3.9715    17.9006    16.4169   998.8898     -0.916     -0.631 0.0000e+00
     -0.643     -0.001   128.2858     9.0774     89.561 4.4564e+00     15.785      6.400   5.300250     4.0958    24.2514    16.4130   998.8908     -0.915     -0.631 0.0000e+00
     -0.643     -0.001   127.8664     9.0785     87.597 4.2011e+00     15.786      5.813   4.813504     4.3461    88.6393    16.4096   998.8883     -0.916     -0.632 0.0000e+00
     -0.643     -0.001   127.9315     9.0575     85.933 4.0245e+00     15.787      5.048   4.180199     4.7853   206.5377    16.4064   998.8826     -0.915     -0.631 0.0000e+00
     -0.644     -0.001   128.2132     8.9775     84.903 3.9190e+00     15.788      4.423   3.662144     5.0102   270.3153    16.4035   998.8823     -0.916     -0.631 0.0000e+00
     -0.644     -0.000   127.7443     8.7631     84.597 4.0326e+00     15.787      4.523   3.745111     4.9380   270.3770    16.4017   998.8830     -0.917     -0.632 0.0000e+00
     -0.644 -1.863e-08   126.1344     8.5649     84.784 4.9981e+00     15.786      5.113   4.233004     3.9893   207.0779    16.4003   998.8827     -0.916     -0.632 0.0000e+00
     -0.644 -2.049e-07   124.3206     8.3869     85.249 6.5251e+00     15.786      5.580   4.619289     2.2558    89.9335    16.3979   998.8832     -0.917     -0.632 0.0000e+00
     -0.644 -2.049e-07   123.2798     8.2804     85.804 7.3394e+00     15.786      5.803   4.804178     1.2982    25.8768    16.3945   998.8834     -0.917     -0.632 0.0000e+00
     -0.644 -1.863e-08   122.6709     8.2679     86.346 7.6178e+00     15.786      5.748   4.757758     1.1555    19.5619    16.3915   998.8840     -0.916     -0.632 0.0000e+00
     -0.644 -1.693e-09   121.6903     8.2876     86.753 7.6955e+00     15.786      5.438   4.501536     0.6257    14.1304    16.3892   998.8846     -0.917     -0.632 0.0000e+00
     -0.644 -1.539e-10   119.1663     8.3452     86.929 7.4917e+00     15.787      5.276   4.367338    -0.3391     5.0775    16.3876   998.8850     -0.916     -0.632 0.0000e+00
     -0.644 -1.400e-11   115.9864     8.3996     87.044 7.2659e+00     15.787      5.242   4.339042    -0.8686     0.1934    16.3862   998.8852     -0.917     -0.632 0.0000e+00
     -0.644 -1.272e-12   113.8724     8.4563     87.330 6.9070e+00     15.787      5.025   4.159401    -0.9032    -0.1530    16.3848   998.8855     -0.917     -0.632 0.0000e+00
     -0.644 -1.157e-13   112.7074     8.5062     87.836 6.4020e+00     15.787      4.719   3.905997    -0.8998    -0.1409    16.3834   998.8856     -0.917     -0.632 0.0000e+00
     -0.644 -1.051e-14   112.3978     8.5120     88.325 6.0152e+00     15.788      4.450   3.682781    -0.9325    -0.2090    16.3818   998.8858     -0.916     -0.632 0.0000e+00
     -0.645 -9.542e-16   112.9680     8.5159     88.587 5.8235e+00     15.788      4.215   3.487953    -0.9835    -0.2905    16.3802   998.8861     -0.917     -0.632 0.0000e+00
     -0.645 -6.672e-17   113.1485     8.5398     88.784 5.8630e+00     15.787      3.864   3.197625    -1.0020    -0.2679    16.3787   998.8863     -0.917     -0.632 0.0000e+00
     -0.645 2.1408e-16   112.2565     8.6000     89.090 6.1651e+00     15.787      3.501   2.896733    -0.9837    -0.1762    16.3771   998.8865     -0.917     -0.632 0.0000e+00
     -0.645 2.4411e-15   112.1639     8.6637     89.450 6.5940e+00     15.787      3.417   2.827590    -0.9825    -0.1776    16.3752   998.8868     -0.917     -0.632 0.0000e+00
     -0.645 2.6859e-14   112.6317     8.6745     89.662 6.8772e+00     15.787      3.314   2.741769    -1.0058    -0.2156    16.3733   998.8870     -0.917     -0.632 0.0000e+00
     -0.645 2.9545e-13   112.4919     8.6895     89.706 6.7903e+00     15.787      3.166   2.619320    -1.0082    -0.1888    16.3716   998.8872     -0.918     -0.633 0.0000e+00
     -0.645 3.2500e-12   113.2273     8.7202     89.776 6.5740e+00     15.787      3.083   2.550794    -0.9926    -0.1971    16.3696   998.8874     -0.917     -0.632 0.0000e+00
     -0.645 3.5750e-11   114.2960     8.7672     89.918 6.6325e+00     15.787      3.002   2.483402    -0.9881    -0.2479    16.3677   998.8878     -0.918     -0.633 0.0000e+00
     -0.645 3.9325e-10   114.4855     8.7919     90.117 6.8386e+00     15.787      3.024   2.501368    -0.9826    -0.2531    16.3657   998.8881     -0.918     -0.633 0.0000e+00
     -0.645 4.3258e-09   114.0564     8.7799     90.289 6.9111e+00     15.787      3.117   2.577959    -0.9741    -0.1915    16.3636   998.8883     -0.917     -0.632 0.0000e+00
     -0.646 4.7583e-08   112.9798     8.7930     90.362 6.7963e+00     15.787      5.195   4.296413    -0.9901    -0.1552    16.3617   998.8888     -0.919     -0.633 0.0000e+00
     -0.646 8.7236e-08   112.1372     8.8042     90.437 6.4561e+00     15.787      9.376   7.754725    -1.0046    -0.1576    16.3598   998.8889     -0.918     -0.633 0.0000e+00
     -0.646 4.7583e-08   112.7305     8.8275     90.573 6.0131e+00     15.787      9.698   8.020341    -0.9870    -0.1172    16.3575   998.8896     -0.918     -0.633 0.0000e+00
     -0.646 4.3258e-09   113.5285     8.8524     90.735 5.7626e+00     15.787      7.238   5.985985    -0.9675    -0.0793    16.3548   998.8896     -0.919     -0.633 0.0000e+00
     -0.646 3.9325e-10   112.9234     8.8498     90.808 5.7426e+00     15.787     17.564  14.523847    -0.9699    -0.1109    16.3522   998.8905     -0.918     -0.633 0.0000e+00
     -0.645 3.5750e-11   111.5239     8.8582     90.742 5.7613e+00     15.788     29.532  24.419694    -0.9872    -0.1914    16.3498   998.8924     -0.917     -0.632 0.0000e+00
     -0.645 3.2500e-12   110.3733     8.8720     90.686 5.7295e+00     15.789     20.106  16.625039    -0.9947    -0.2284    16.3474   998.8944     -0.918     -0.633 0.0000e+00
     -0.645 2.9546e-13   110.4546     8.8928     90.756 5.6417e+00     15.789      8.142   6.731985    -0.9851    -0.1803    16.3452   998.8902     -0.918     -0.633 0.0000e+00
     -0.645 2.6861e-14   111.9040     8.9069     90.979 5.5641e+00     15.789      7.820   6.464942    -0.9859    -0.1592    16.3431   998.8946     -0.918     -0.633 0.0000e+00
     -0.645 2.4620e-15   113.7013     8.8879     91.230 5.5529e+00     15.789      8.157   6.743446    -0.9947    -0.2131    16.3409   998.9056     -0.918     -0.633 0.0000e+00
     -0.645 4.4396e-16   114.5473     8.8828     91.329 5.5653e+00     15.789      7.310   6.043316    -0.9962    -0.2488    16.3388   998.8967     -0.918     -0.633 0.0000e+00
