101620_fcr50_0005.cnv
* Sea-Bird SBE19plus  Data File:
* FileName = C:\DATA\101620_fcr50_0005.hex
* Software version 2.8.0.119
* Temperature SN = 7809
* Conductivity SN = 7809
* System UpLoad Time = Oct 17 2020 10:22:13
* <ApplicationData>
* <Seaterm232>
# nquan = 16
# nvalues = 1706                        
# units = specified
# name 0 = depFM: Depth [fresh water, m]
# name 1 = dz/dtM: Descent Rate [m/s]
# name 2 = orp: Oxidation Reduction Potential [mV]
# name 3 = sbeox0Mg/L: Oxygen, SBE 43 [mg/l]
# name 4 = sbeox0PS: Oxygen, SBE 43 [% saturation]
# name 5 = par/sat/log: PAR/Logarithmic, Satlantic
# name 6 = ph: pH
# name 7 = specc: Specific Conductance [uS/cm]
# name 8 = c0uS/cm: Conductivity [uS/cm]
# name 9 = flECO-AFL: Fluorescence, WET Labs ECO-AFL/FL [mg/m^3]
# name 10 = turbWETntu0: Turbidity, WET Labs ECO [NTU]
# name 11 = tv290C: Temperature [ITS-90, deg C]
# name 12 = density00: Density [density, kg/m^3]
# name 13 = prdE: Pressure, Strain Gauge [psi]
# name 14 = prdM: Pressure, Strain Gauge [db]
# name 15 = flag:  0.000e+00
# span 0 =     -0.634,      9.572       
# span 1 =     -0.239,      0.123       
# span 2 =   -79.7164,  1007.8362       
# span 3 =    -0.0146,    12.4717       
# span 4 =     -0.030,    112.958       
# span 5 = 1.2350e-01, 1.9265e-01       
# span 6 =     15.732,     16.469       
# span 7 =      1.037,     74.086       
# span 8 =   0.598046,  58.187139       
# span 9 =    -0.9976,     5.6090       
# span 10 =    -0.3250,   225.6088      
# span 11 =     3.7965,    15.5699      
# span 12 =   999.0342,   999.9738      
# span 13 =     -0.903,     13.616      
# span 14 =     -0.623,      9.388      
# span 15 = 0.0000e+00, 0.0000e+00      
# interval = seconds: 0.25
# start_time = Oct 16 2020 16:25:42 [Instrument's time stamp, header]
# bad_flag = -9.990e-29
*END*
[from data line 1176]
      8.658      0.074   168.0146     2.5531     23.942 1.2381e-01     15.874     61.854  46.631748    -0.4304    37.5245    12.6925   999.4816     12.312      8.489 0.0000e+00
      8.677      0.075   168.0917     2.5520     23.919 1.2380e-01     15.874     61.880  46.651845    -0.4269    37.4862    12.6923   999.4818     12.340      8.508 0.0000e+00
      8.697      0.072   168.2417     2.5494     23.919 1.2377e-01     15.874     61.929  46.688767    -0.4327    37.3392    12.6921   999.4819     12.373      8.531 0.0000e+00
      8.717      0.064   168.4509     2.5485     23.906 1.2377e-01     15.874     61.941  46.697216    -0.4427    37.1557    12.6921   999.4820     12.400      8.550 0.0000e+00
      8.736      0.054   168.6427     2.5364     23.884 1.2377e-01     15.873     61.932  46.690503    -0.4440    37.0531    12.6921   999.4821     12.425      8.567 0.0000e+00
      8.751      0.043   168.6679     2.5366     23.879 1.2377e-01     15.873     61.906  46.671102    -0.4287    37.0600    12.6921   999.4821     12.450      8.584 0.0000e+00
      8.761      0.031   168.6695     2.5383     23.880 1.2379e-01     15.873     61.882  46.653115    -0.4196    37.0671    12.6923   999.4822     12.466      8.595 0.0000e+00
      8.763      0.020   168.7480     2.5365     23.885 1.2379e-01     15.873     61.896  46.663495    -0.4300    37.0358    12.6922   999.4822     12.466      8.595 0.0000e+00
      8.763      0.013   168.9287     2.5325     23.922 1.2375e-01     15.874     61.904  46.669626    -0.4399    36.9905    12.6921   999.4822     12.461      8.591 0.0000e+00
      8.763      0.011   169.1336     2.5322     23.919 1.2370e-01     15.874     61.896  46.663748    -0.4336    36.9657    12.6922   999.4822     12.464      8.594 0.0000e+00
      8.764      0.014   169.2475     2.5350     23.845 1.2364e-01     15.873     61.886  46.655927    -0.4210    36.9416    12.6921   999.4822     12.466      8.595 0.0000e+00
      8.767      0.021   169.3590     2.5294     23.785 1.2368e-01     15.873     61.863  46.638555    -0.4215    36.8361    12.6922   999.4822     12.467      8.595 0.0000e+00
      8.773      0.029   169.4495     2.5402     23.811 1.2374e-01     15.873     61.871  46.644176    -0.4388    36.7550    12.6923   999.4822     12.477      8.602 0.0000e+00
      8.783      0.035   169.5663     2.5417     23.926 1.2369e-01     15.873     61.892  46.660400    -0.4496    36.7509    12.6921   999.4823     12.493      8.613 0.0000e+00
      8.794      0.039   169.6525     2.5277     24.044 1.2364e-01     15.873     61.870  46.644227    -0.4377    36.8895    12.6921   999.4824     12.508      8.624 0.0000e+00
      8.806      0.041   169.6310     2.5197     24.072 1.2366e-01     15.873     61.864  46.639118    -0.4191    37.1605    12.6923   999.4824     12.524      8.636 0.0000e+00
      8.821      0.042   169.6511     2.5214     24.002 1.2371e-01     15.873     61.894  46.662120    -0.4149    37.2806    12.6922   999.4825     12.548      8.652 0.0000e+00
      8.832      0.042   169.8092     2.5381     23.904 1.2369e-01     15.873     61.902  46.668365    -0.4250    37.2427    12.6921   999.4825     12.566      8.663 0.0000e+00
      8.838      0.042   170.0811     2.5549     23.839 1.2365e-01     15.873     61.879  46.651140    -0.4178    37.1827    12.6923   999.4825     12.568      8.665 0.0000e+00
      8.846      0.041   170.2703     2.5580     23.840 1.2372e-01     15.873     61.870  46.644332    -0.3843    37.1055    12.6924   999.4825     12.576      8.671 0.0000e+00
      8.860      0.039   170.3765     2.5469     23.905 1.2379e-01     15.873     61.877  46.649537    -0.3635    37.0647    12.6924   999.4826     12.603      8.690 0.0000e+00
      8.874      0.038   170.5053     2.5340     23.961 1.2379e-01     15.873     61.878  46.650587    -0.3675    37.0671    12.6924   999.4827     12.627      8.706 0.0000e+00
      8.883      0.038   170.6227     2.5266     23.946 1.2380e-01     15.874     61.886  46.657022    -0.3754    37.0649    12.6926   999.4827     12.635      8.711 0.0000e+00
      8.889      0.037   170.6773     2.5253     23.890 1.2378e-01     15.874     61.895  46.663852    -0.3917    37.1073    12.6926   999.4827     12.641      8.716 0.0000e+00
      8.896      0.037   170.6493     2.5363     23.867 1.2368e-01     15.873     61.903  46.669677    -0.4122    37.2018    12.6927   999.4827     12.652      8.723 0.0000e+00
      8.905      0.038   170.6278     2.5455     23.906 1.2361e-01     15.873     61.895  46.663954    -0.4130    37.2461    12.6928   999.4828     12.666      8.733 0.0000e+00
      8.916      0.041   170.6760     2.5421     23.940 1.2368e-01     15.872     61.887  46.658142    -0.4110    37.2315    12.6927   999.4828     12.680      8.742 0.0000e+00
      8.928      0.043   170.7159     2.5328     23.925 1.2372e-01     15.872     61.893  46.662908    -0.4074    37.1616    12.6929   999.4829     12.699      8.756 0.0000e+00
      8.940      0.044   170.6796     2.5274     23.877 1.2374e-01     15.872     61.887  46.658082    -0.3879    37.0885    12.6929   999.4829     12.717      8.768 0.0000e+00
      8.952      0.047   170.6674     2.5372     23.860 1.2379e-01     15.872     61.894  46.663277    -0.3674    37.1025    12.6930   999.4830     12.733      8.778 0.0000e+00
      8.962      0.051   170.7413     2.5415     23.915 1.2374e-01     15.873     61.892  46.662236    -0.3491    37.1252    12.6933   999.4830     12.747      8.789 0.0000e+00
      8.973      0.054   170.8841     2.5396     23.967 1.2371e-01     15.873     61.870  46.645487    -0.3571    37.2258    12.6935   999.4830     12.761      8.798 0.0000e+00
      8.987      0.056   171.1032     2.5320     23.957 1.2380e-01     15.873     61.877  46.651255    -0.3980    37.4261    12.6934   999.4830     12.780      8.812 0.0000e+00
      9.005      0.056   171.2401     2.5260     23.932 1.2385e-01     15.874     61.900  46.668480    -0.4241    37.5213    12.6933   999.4832     12.808      8.831 0.0000e+00
      9.025      0.057   171.3343     2.5373     23.935 1.2381e-01     15.874     61.894  46.663276    -0.4241    37.5188    12.6932   999.4833     12.840      8.853 0.0000e+00
      9.040      0.057   171.5539     2.5465     23.944 1.2384e-01     15.874     61.879  46.651826    -0.4081    37.4641    12.6931   999.4834     12.862      8.869 0.0000e+00
      9.050      0.056   171.7447     2.5416     23.921 1.2388e-01     15.874     61.885  46.657022    -0.3826    37.3752    12.6931   999.4834     12.869      8.873 0.0000e+00
      9.061      0.054   171.8339     2.5365     23.864 1.2381e-01     15.874     61.892  46.662599    -0.3740    37.3022    12.6931   999.4834     12.882      8.881 0.0000e+00
      9.077      0.049   171.8579     2.5389     23.836 1.2372e-01     15.874     61.883  46.655773    -0.3803    37.2332    12.6931   999.4835     12.911      8.902 0.0000e+00
      9.093      0.045   171.7764     2.5411     23.898 1.2373e-01     15.873     61.859  46.637974    -0.3921    37.1601    12.6929   999.4836     12.936      8.919 0.0000e+00
      9.106      0.042   171.7954     2.5397     23.989 1.2378e-01     15.873     61.859  46.637879    -0.4113    37.1043    12.6933   999.4836     12.953      8.931 0.0000e+00
      9.115      0.041   172.0874     2.5305     24.015 1.2383e-01     15.873     61.881  46.654619    -0.4221    37.0734    12.6937   999.4836     12.967      8.941 0.0000e+00
      9.119      0.042   172.3819     2.5231     23.976 1.2385e-01     15.873     61.875  46.649897    -0.4266    37.0271    12.6938   999.4837     12.973      8.944 0.0000e+00
      9.123      0.043   172.5174     2.5333     23.886 1.2385e-01     15.872     61.868  46.644281    -0.4279    36.9908    12.6939   999.4836     12.972      8.944 0.0000e+00
      9.133      0.046   172.6071     2.5492     23.780 1.2386e-01     15.871     61.875  46.650214    -0.4186    37.0120    12.6938   999.4837     12.985      8.953 0.0000e+00
      9.153      0.049   172.7779     2.5486     23.709 1.2384e-01     15.871     61.885  46.658133    -0.4194    37.0440    12.6938   999.4838     13.019      8.977 0.0000e+00
      9.173      0.053   172.8609     2.5457     23.654 1.2371e-01     15.871     61.909  46.676543    -0.4280    37.0681    12.6937   999.4839     13.052      8.999 0.0000e+00
      9.185      0.055   172.7505     2.5352     23.619 1.2359e-01     15.872     61.917  46.682324    -0.4269    37.0971    12.6939   999.4839     13.065      9.008 0.0000e+00
      9.195      0.055   172.8199     2.5193     23.634 1.2360e-01     15.872     61.893  46.664536    -0.4354    37.2229    12.6942   999.4839     13.075      9.015 0.0000e+00
      9.205      0.055   173.0116     2.5155     23.673 1.2363e-01     15.872     61.876  46.651942    -0.4448    37.5258    12.6944   999.4839     13.092      9.027 0.0000e+00
      9.219      0.056   173.0042     2.5087     23.695 1.2365e-01     15.872     61.883  46.657043    -0.4361    37.7721    12.6945   999.4840     13.112      9.040 0.0000e+00
      9.236      0.059   172.9018     2.5025     23.715 1.2368e-01     15.872     61.890  46.662716    -0.4251    37.8314    12.6945   999.4841     13.135      9.056 0.0000e+00
      9.253      0.062   172.8919     2.5059     23.733 1.2369e-01     15.872     61.882  46.657044    -0.4263    37.7969    12.6947   999.4842     13.162      9.075 0.0000e+00
      9.270      0.062   172.9705     2.5128     23.758 1.2372e-01     15.872     61.876  46.651953    -0.4403    37.7322    12.6948   999.4842     13.185      9.091 0.0000e+00
      9.286      0.060   173.0780     2.5130     23.812 1.2374e-01     15.871     61.892  46.664652    -0.4423    37.7016    12.6947   999.4843     13.207      9.106 0.0000e+00
      9.302      0.056   173.1596     2.5154     23.852 1.2376e-01     15.871     61.917  46.683595    -0.4310    37.7016    12.6950   999.4843     13.232      9.123 0.0000e+00
      9.317      0.053   173.1831     2.5183     23.860 1.2376e-01     15.871     61.926  46.690517    -0.4282    37.5950    12.6952   999.4844     13.253      9.138 0.0000e+00
      9.328      0.050   173.1886     2.5173     23.866 1.2373e-01     15.872     61.918  46.684854    -0.4371    37.3736    12.6953   999.4844     13.268      9.148 0.0000e+00
      9.338      0.046   173.1412     2.5269     23.878 1.2381e-01     15.872     61.910  46.678618    -0.4428    37.2909    12.6955   999.4844     13.280      9.156 0.0000e+00
      9.349      0.041   173.1258     2.5322     23.864 1.2391e-01     15.872     61.910  46.678609    -0.4404    37.3158    12.6957   999.4845     13.295      9.166 0.0000e+00
      9.363      0.039   173.1750     2.5299     23.804 1.2386e-01     15.872     61.918  46.684750    -0.4458    37.2968    12.6956   999.4846     13.317      9.182 0.0000e+00
      9.375      0.039   173.1337     2.5317     23.771 1.2383e-01     15.871     61.924  46.689368    -0.4423    37.3020    12.6956   999.4846     13.339      9.197 0.0000e+00
      9.380      0.041   173.0562     2.5324     23.761 1.2378e-01     15.871     61.900  46.670949    -0.4259    37.3098    12.6957   999.4846     13.342      9.199 0.0000e+00
      9.384      0.042   173.0121     2.5360     23.735 1.2365e-01     15.872     61.875  46.652525    -0.4188    37.2875    12.6957   999.4846     13.341      9.198 0.0000e+00
      9.395      0.044   173.1175     2.5219     23.752 1.2360e-01     15.872     61.881  46.657097    -0.4234    37.3424    12.6957   999.4847     13.359      9.210 0.0000e+00
      9.411      0.047   173.2978     2.5190     23.807 1.2360e-01     15.872     61.889  46.662732    -0.4344    37.4585    12.6957   999.4848     13.390      9.232 0.0000e+00
      9.426      0.049   173.2993     2.5248     23.867 1.2364e-01     15.872     61.881  46.657158    -0.4369    37.5239    12.6958   999.4848     13.410      9.246 0.0000e+00
      9.439      0.049   173.2213     2.5122     23.864 1.2373e-01     15.872     61.876  46.653201    -0.4252    37.5485    12.6958   999.4848     13.423      9.256 0.0000e+00
      9.453      0.048   173.2158     2.5201     23.797 1.2376e-01     15.872     61.909  46.678380    -0.4162    37.5161    12.6959   999.4849     13.446      9.271 0.0000e+00
      9.464      0.047   173.3192     2.5234     23.735 1.2374e-01     15.872     61.948  46.707618    -0.4237    37.4757    12.6959   999.4850     13.465      9.284 0.0000e+00
      9.472      0.047   173.4389     2.5345     23.670 1.2373e-01     15.872     61.924  46.689248    -0.4395    37.5067    12.6958   999.4850     13.470      9.287 0.0000e+00
      9.483      0.046   173.4576     2.5363     23.657 1.2372e-01     15.872     61.868  46.646739    -0.4456    37.5475    12.6959   999.4850     13.483      9.296 0.0000e+00
      9.498      0.044   173.3736     2.5199     23.702 1.2370e-01     15.872     61.856  46.638100    -0.4396    37.5562    12.6958   999.4852     13.511      9.316 0.0000e+00
      9.513      0.041   173.2831     2.5215     23.758 1.2366e-01     15.872     61.870  46.648298    -0.4338    37.6470    12.6958   999.4853     13.535      9.332 0.0000e+00
      9.523      0.038   173.3098     2.5065     23.856 1.2368e-01     15.872     61.863  46.643051    -0.4333    37.8557    12.6957   999.4853     13.545      9.339 0.0000e+00
      9.530      0.033   173.4389     2.5064     23.970 1.2374e-01     15.871     61.856  46.638150    -0.4330    37.9847    12.6956   999.4853     13.554      9.345 0.0000e+00
      9.537      0.028   173.5529     2.5162     24.035 1.2377e-01     15.871     61.875  46.652530    -0.4306    38.0052    12.6957   999.4853     13.566      9.354 0.0000e+00
      9.543      0.024   173.5701     2.5166     24.018 1.2375e-01     15.872     62.009  46.753430    -0.4226    37.9323    12.6956   999.4854     13.573      9.358 0.0000e+00
      9.548      0.022   173.4748     2.5298     23.939 1.2368e-01     15.873     62.548  47.159698    -0.4131    37.7896    12.6957   999.4854     13.578      9.362 0.0000e+00
      9.553      0.020   173.3471     2.5447     23.855 1.2364e-01     15.873     63.421  47.818439    -0.4210    37.7568    12.6959   999.4854     13.587      9.368 0.0000e+00
      9.559      0.017   173.3170     2.5529     23.800 1.2366e-01     15.872     64.151  48.368590    -0.4325    37.8093    12.6958   999.4854     13.597      9.375 0.0000e+00
      9.564      0.015   173.3682     2.5504     23.773 1.2367e-01     15.872     64.801  48.858730    -0.4188    37.7033    12.6957   999.4855     13.605      9.380 0.0000e+00
      9.567      0.012   173.3644     2.5391     23.768 1.2372e-01     15.872     65.386  49.299655    -0.3985    37.3685    12.6956   999.4856     13.608      9.382 0.0000e+00
      9.569      0.009   173.2719     2.5285     23.743 1.2377e-01     15.872     65.411  49.318207    -0.3963    37.1263    12.6956   999.4861     13.611      9.385 0.0000e+00
      9.571      0.004   173.1957     2.5247     23.728 1.2378e-01     15.871     64.761  48.829043    -0.4117    37.1093    12.6957   999.4863     13.613      9.386 0.0000e+00
      9.572     -0.002   173.3027     2.5184     23.713 1.2378e-01     15.871     63.689  48.020777    -0.4213    37.1291    12.6958   999.4865     13.614      9.386 0.0000e+00
      9.572     -0.013   173.5336     2.5241     23.612 1.2377e-01     15.871     62.639  47.228886    -0.4075    37.1592    12.6958   999.4868     13.616      9.388 0.0000e+00
      9.571     -0.032   173.7499     2.5179     23.467 1.2378e-01     15.870     62.085  46.810494    -0.3884    37.1641    12.6959   999.4868     13.615      9.387 0.0000e+00
      9.567     -0.056   174.0256     2.5131     23.238 1.2379e-01     15.870     61.951  46.708275    -0.3814    37.1199    12.6961   999.4865     13.611      9.385 0.0000e+00
