101620_fcr50_0005.cnv
* Sea-Bird SBE19plus  Data File:
* FileName = C:\DATA\101620_fcr50_0005.hex
* Software version 2.8.0.119
* Temperature SN = 7809
* Conductivity SN = 7809
* System UpLoad Time = Oct 17 2020 10:22:13
* <ApplicationData>
* <Seaterm232>
# nquan = 16
# nvalues = 1706                        
# units = specified
# name 0 = depFM: Depth [fresh water, m]
# name 1 = dz/dtM: Descent Rate [m/s]
# name 2 = orp: Oxidation Reduction Potential [mV]
# name 3 = sbeox0Mg/L: Oxygen, SBE 43 [mg/l]
# name 4 = sbeox0PS: Oxygen, SBE 43 [% saturation]
# name 5 = par/sat/log: PAR/Logarithmic, Satlantic
# name 6 = ph: pH
# name 7 = specc: Specific Conductance [uS/cm]
# name 8 = c0uS/cm: Conductivity [uS/cm]
# name 9 = flECO-AFL: Fluorescence, WET Labs ECO-AFL/FL [mg/m^3]
# name 10 = turbWETntu0: Turbidity, WET Labs ECO [NTU]
# name 11 = tv290C: Temperature [ITS-90, deg C]
# name 12 = density00: Density [density, kg/m^3]
# name 13 = prdE: Pressure, Strain Gauge [psi]
# name 14 = prdM: Pressure, Strain Gauge [db]
# name 15 = flag:  0.000e+00
# span 0 =     -0.634,      9.572       
# span 1 =     -0.239,      0.123       
# span 2 =   -79.7164,  1007.8362       
# span 3 =    -0.0146,    12.4717       
# span 4 =     -0.030,    112.958       
# span 5 = 1.2350e-01, 1.9265e-01       
# span 6 =     15.732,     16.469       
# span 7 =      1.037,     74.086       
# span 8 =   0.598046,  58.187139       
# span 9 =    -0.9976,     5.6090       
# span 10 =    -0.3250,   225.6088      
# span 11 =     3.7965,    15.5699      
# span 12 =   999.0342,   999.9738      
# span 13 =     -0.903,     13.616      
# span 14 =     -0.623,      9.388      
# span 15 = 0.0000e+00, 0.0000e+00      
# interval = seconds: 0.25
# start_time = Oct 16 2020 16:25:42 [Instrument's time stamp, header]
# bad_flag = -9.990e-29
*END*
[from data line 452]
      2.125      0.069   202.5792     7.5524     75.999 1.2373e-01     15.784     38.839  31.472949     3.4470    13.0280    15.5131   999.0491      3.020      2.082 0.0000e+00
      2.149      0.068   202.7197     7.5589     76.089 1.2381e-01     15.785     38.870  31.497590     3.4241    13.0729    15.5129   999.0493      3.056      2.107 0.0000e+00
      2.173      0.063   202.6569     7.5643     76.144 1.2385e-01     15.785     38.877  31.505021     3.4009    13.2040    15.5122   999.0495      3.098      2.136 0.0000e+00
      2.187      0.059   202.5949     7.5663     76.154 1.2375e-01     15.785     38.867  31.499357     3.3856    13.2740    15.5132   999.0494      3.114      2.147 0.0000e+00
      2.195      0.055   202.7449     7.5800     76.136 1.2374e-01     15.784     38.857  31.492550     3.3911    13.2665    15.5131   999.0493      3.120      2.151 0.0000e+00
      2.203      0.051   202.8352     7.5889     76.160 1.2382e-01     15.784     38.847  31.486168     3.3920    13.1480    15.5117   999.0496      3.133      2.160 0.0000e+00
      2.215      0.049   202.8257     7.5945     76.234 1.2378e-01     15.785     38.845  31.485640     3.3870    12.9392    15.5156   999.0492      3.148      2.170 0.0000e+00
      2.231      0.049   202.8031     7.5955     76.314 1.2369e-01     15.785     38.846  31.486168     3.3965    12.8371    15.5195   999.0486      3.172      2.187 0.0000e+00
      2.247      0.050   202.9056     7.5886     76.359 1.2369e-01     15.785     38.853  31.492550     3.4024    12.8397    15.5201   999.0486      3.200      2.206 0.0000e+00
      2.260      0.050   203.0328     7.5910     76.307 1.2375e-01     15.785     38.860  31.499356     3.4015    12.9709    15.5229   999.0482      3.217      2.218 0.0000e+00
      2.270      0.049   202.8778     7.6010     76.174 1.2375e-01     15.785     38.864  31.505019     3.3851    13.2216    15.5237   999.0482      3.230      2.227 0.0000e+00
      2.280      0.046   202.7533     7.6085     76.027 1.2363e-01     15.785     38.854  31.497574     3.3571    13.3989    15.5232   999.0483      3.242      2.235 0.0000e+00
      2.293      0.043   202.9035     7.6178     75.899 1.2356e-01     15.785     38.825  31.472793     3.3584    13.5015    15.5241   999.0482      3.261      2.248 0.0000e+00
      2.307      0.042   203.1460     7.6107     75.834 1.2361e-01     15.785     38.810  31.459170     3.3723    13.5010    15.5253   999.0481      3.285      2.265 0.0000e+00
      2.317      0.041   203.3610     7.5930     75.858 1.2368e-01     15.784     38.812  31.459747     3.3442    13.2551    15.5299   999.0474      3.296      2.273 0.0000e+00
      2.325      0.040   203.4380     7.5788     75.988 1.2374e-01     15.784     38.838  31.479767     3.2942    12.8974    15.5309   999.0472      3.304      2.278 0.0000e+00
      2.334      0.038   203.4750     7.5636     76.205 1.2376e-01     15.785     38.876  31.510892     3.2734    12.7472    15.5283   999.0476      3.319      2.288 0.0000e+00
      2.345      0.036   203.5507     7.5570     76.406 1.2374e-01     15.785     38.886  31.518862     3.2841    12.7781    15.5269   999.0479      3.336      2.301 0.0000e+00
      2.355      0.035   203.4922     7.5596     76.522 1.2369e-01     15.785     38.878  31.512680     3.2706    12.8241    15.5236   999.0485      3.351      2.311 0.0000e+00
      2.364      0.035   203.2838     7.5713     76.537 1.2365e-01     15.786     38.861  31.499586     3.2049    12.8914    15.5226   999.0487      3.362      2.318 0.0000e+00
      2.372      0.035   203.0101     7.5993     76.447 1.2366e-01     15.786     38.845  31.487436     3.1578    12.9745    15.5233   999.0486      3.372      2.325 0.0000e+00
      2.380      0.035   203.0231     7.6211     76.316 1.2363e-01     15.787     38.850  31.492675     3.1495    13.0391    15.5229   999.0488      3.384      2.334 0.0000e+00
      2.388      0.037   203.4404     7.6321     76.204 1.2366e-01     15.787     38.858  31.499482     3.1431    13.0546    15.5241   999.0487      3.395      2.341 0.0000e+00
      2.397      0.041   203.6672     7.6354     76.139 1.2381e-01     15.786     38.865  31.506290     3.1277    13.0243    15.5250   999.0485      3.407      2.349 0.0000e+00
      2.407      0.045   203.6998     7.6225     76.155 1.2387e-01     15.786     38.871  31.511546     3.0969    12.9477    15.5262   999.0483      3.421      2.359 0.0000e+00
      2.420      0.047   203.8356     7.6069     76.268 1.2379e-01     15.786     38.855  31.499595     3.0855    12.9520    15.5274   999.0482      3.440      2.372 0.0000e+00
      2.434      0.048   203.9321     7.5956     76.417 1.2374e-01     15.786     38.840  31.488675     3.1712    13.1109    15.5273   999.0483      3.464      2.388 0.0000e+00
      2.448      0.046   204.0056     7.5874     76.529 1.2375e-01     15.787     38.860  31.506403     3.3126    13.2547    15.5293   999.0481      3.482      2.400 0.0000e+00
      2.461      0.042   204.1233     7.5871     76.597 1.2382e-01     15.787     38.880  31.523610     3.3744    13.2830    15.5299   999.0480      3.500      2.413 0.0000e+00
      2.473      0.037   204.1503     7.6012     76.650 1.2384e-01     15.787     38.858  31.506393     3.3754    13.2131    15.5305   999.0480      3.520      2.426 0.0000e+00
      2.480      0.032   203.9881     7.6194     76.652 1.2375e-01     15.787     38.835  31.488570     3.4009    12.9926    15.5327   999.0477      3.529      2.433 0.0000e+00
      2.485      0.028   203.8824     7.6303     76.542 1.2372e-01     15.786     38.846  31.498450     3.4442    12.7125    15.5336   999.0476      3.535      2.437 0.0000e+00
      2.490      0.026   203.9049     7.6346     76.350 1.2373e-01     15.786     38.846  31.498962     3.4601    12.5724    15.5355   999.0473      3.542      2.442 0.0000e+00
      2.495      0.025   203.7438     7.6405     76.169 1.2369e-01     15.786     38.840  31.494753     3.4492    12.4999    15.5376   999.0470      3.548      2.446 0.0000e+00
      2.502      0.025   203.4830     7.6450     76.082 1.2369e-01     15.786     38.860  31.511006     3.4364    12.4549    15.5388   999.0468      3.556      2.452 0.0000e+00
      2.511      0.026   203.5056     7.6319     76.147 1.2374e-01     15.785     38.852  31.505144     3.4203    12.5421    15.5393   999.0467      3.572      2.463 0.0000e+00
      2.519      0.029   203.5863     7.6083     76.336 1.2376e-01     15.785     38.829  31.487322     3.4076    12.6958    15.5402   999.0467      3.586      2.472 0.0000e+00
      2.524      0.032   203.3401     7.5884     76.539 1.2376e-01     15.786     38.827  31.485856     3.3964    12.7690    15.5409   999.0465      3.589      2.474 0.0000e+00
      2.529      0.036   203.1966     7.5763     76.666 1.2373e-01     15.787     38.828  31.487424     3.3706    12.7749    15.5397   999.0467      3.594      2.478 0.0000e+00
      2.539      0.042   203.3137     7.5839     76.716 1.2370e-01     15.786     38.849  31.506277     3.3342    12.8706    15.5400   999.0468      3.611      2.489 0.0000e+00
      2.551      0.047   203.2940     7.6079     76.764 1.2360e-01     15.785     38.869  31.523474     3.3092    13.1015    15.5415   999.0466      3.630      2.502 0.0000e+00
      2.564      0.052   203.2163     7.6309     76.792 1.2355e-01     15.786     38.847  31.505018     3.3072    13.2663    15.5428   999.0465      3.645      2.512 0.0000e+00
      2.580      0.054   203.1482     7.6447     76.696 1.2364e-01     15.786     38.809  31.473458     3.2998    13.2499    15.5437   999.0463      3.667      2.528 0.0000e+00
      2.599      0.054   202.9864     7.6438     76.491 1.2366e-01     15.786     38.791  31.459105     3.2587    13.1427    15.5448   999.0463      3.700      2.552 0.0000e+00
      2.614      0.053   202.9805     7.6482     76.247 1.2364e-01     15.787     38.789  31.458368     3.2207    13.0696    15.5477   999.0459      3.722      2.565 0.0000e+00
      2.623      0.051   203.1639     7.6594     76.048 1.2363e-01     15.787     38.796  31.464552     3.2219    13.0871    15.5471   999.0460      3.729      2.571 0.0000e+00
      2.633      0.048   203.2247     7.6465     76.017 1.2360e-01     15.787     38.802  31.470422     3.2354    13.0799    15.5454   999.0464      3.743      2.581 0.0000e+00
      2.646      0.045   203.1134     7.6237     76.216 1.2356e-01     15.787     38.796  31.465902     3.2312    12.8787    15.5463   999.0463      3.763      2.594 0.0000e+00
      2.659      0.045   203.0220     7.5971     76.480 1.2360e-01     15.787     38.806  31.473353     3.2181    12.5773    15.5469   999.0462      3.782      2.608 0.0000e+00
      2.671      0.047   203.0669     7.5718     76.568 1.2368e-01     15.787     38.835  31.497067     3.2193    12.4916    15.5481   999.0461      3.800      2.620 0.0000e+00
      2.682      0.051   203.2263     7.5646     76.494 1.2373e-01     15.786     38.836  31.498845     3.2369    12.5973    15.5488   999.0460      3.814      2.630 0.0000e+00
      2.692      0.055   203.4002     7.5901     76.421 1.2369e-01     15.786     38.830  31.494846     3.2690    12.8601    15.5487   999.0461      3.827      2.639 0.0000e+00
      2.705      0.056   203.2766     7.6316     76.450 1.2366e-01     15.786     38.851  31.512159     3.3019    13.2653    15.5494   999.0460      3.845      2.651 0.0000e+00
      2.723      0.055   202.9361     7.6356     76.558 1.2367e-01     15.787     38.857  31.517841     3.3009    13.4797    15.5495   999.0461      3.871      2.669 0.0000e+00
      2.743      0.053   202.9834     7.6211     76.636 1.2363e-01     15.787     38.835  31.500110     3.2853    13.5298    15.5497   999.0462      3.903      2.691 0.0000e+00
      2.760      0.048   203.3326     7.6106     76.667 1.2363e-01     15.788     38.820  31.488112     3.2853    13.5277    15.5508   999.0461      3.929      2.709 0.0000e+00
      2.770      0.041   203.4579     7.6128     76.703 1.2367e-01     15.788     38.835  31.499657     3.2822    13.1801    15.5521   999.0459      3.941      2.717 0.0000e+00
      2.775      0.034   203.3794     7.6313     76.766 1.2366e-01     15.788     38.851  31.512808     3.2760    12.5882    15.5525   999.0459      3.944      2.719 0.0000e+00
      2.780      0.028   203.1588     7.6381     76.868 1.2365e-01     15.787     38.860  31.520234     3.2771    12.2770    15.5524   999.0459      3.953      2.725 0.0000e+00
      2.787      0.027   202.8551     7.6374     76.946 1.2372e-01     15.787     38.866  31.526002     3.2858    12.3006    15.5537   999.0458      3.966      2.735 0.0000e+00
      2.793      0.031   202.7187     7.6426     76.955 1.2379e-01     15.787     38.857  31.519100     3.3144    12.4271    15.5531   999.0459      3.973      2.739 0.0000e+00
      2.798      0.040   202.8866     7.6462     76.922 1.2377e-01     15.788     38.832  31.500228     3.3464    12.5023    15.5507   999.0462      3.978      2.743 0.0000e+00
      2.806      0.050   203.1649     7.6598     76.881 1.2373e-01     15.788     38.817  31.488163     3.3580    12.4883    15.5525   999.0460      3.990      2.751 0.0000e+00
      2.821      0.058   203.2436     7.6710     76.906 1.2376e-01     15.787     38.832  31.500105     3.3783    12.4989    15.5544   999.0458      4.009      2.764 0.0000e+00
      2.841      0.063   203.3221     7.6665     76.904 1.2380e-01     15.787     38.854  31.517728     3.4391    12.6650    15.5543   999.0459      4.038      2.785 0.0000e+00
      2.864      0.065   203.4252     7.6675     76.789 1.2379e-01     15.787     38.846  31.510912     3.5114    12.9170    15.5551   999.0459      4.075      2.809 0.0000e+00
      2.884      0.062   203.3724     7.6537     76.689 1.2374e-01     15.788     38.810  31.481129     3.5279    13.0046    15.5559   999.0458      4.106      2.831 0.0000e+00
      2.898      0.057   203.2858     7.6625     76.641 1.2371e-01     15.788     38.803  31.474852     3.4957    12.9689    15.5560   999.0459      4.123      2.844 0.0000e+00
      2.909      0.051   203.2384     7.6715     76.641 1.2371e-01     15.787     38.831  31.498453     3.4463    13.1036    15.5552   999.0461      4.135      2.851 0.0000e+00
      2.919      0.049   203.4019     7.6457     76.677 1.2371e-01     15.787     38.846  31.512710     3.3789    13.3972    15.5550   999.0462      4.154      2.864 0.0000e+00
      2.929      0.049   203.6279     7.6403     76.711 1.2372e-01     15.787     38.854  31.520350     3.3386    13.5314    15.5546   999.0462      4.168      2.873 0.0000e+00
      2.938      0.052   203.5617     7.6344     76.755 1.2373e-01     15.787     38.863  31.527386     3.3212    13.4911    15.5527   999.0466      4.176      2.880 0.0000e+00
      2.953      0.054   203.3754     7.6335     76.785 1.2375e-01     15.788     38.871  31.534327     3.2923    13.3904    15.5537   999.0465      4.196      2.894 0.0000e+00
      2.972      0.055   203.3545     7.6414     76.762 1.2370e-01     15.789     38.876  31.540836     3.2854    13.2753    15.5566   999.0461      4.228      2.915 0.0000e+00
      2.990      0.056   203.4810     7.6405     76.698 1.2361e-01     15.789     38.876  31.542636     3.3049    13.2673    15.5583   999.0460      4.256      2.935 0.0000e+00
      3.002      0.057   203.5281     7.6474     76.649 1.2359e-01     15.789     38.893  31.556096     3.3084    13.2589    15.5588   999.0459      4.271      2.945 0.0000e+00
      3.013      0.058   203.5799     7.6521     76.678 1.2364e-01     15.788     38.920  31.576684     3.2891    13.1738    15.5587   999.0460      4.283      2.953 0.0000e+00
      3.026      0.061   203.8488     7.6484     76.778 1.2366e-01     15.787     38.950  31.601225     3.2052    13.1303    15.5621   999.0455      4.302      2.966 0.0000e+00
      3.042      0.065   204.0262     7.6397     76.858 1.2370e-01     15.787     38.948  31.599035     3.0657    13.1790    15.5656   999.0450      4.327      2.984 0.0000e+00
      3.059      0.067   203.9185     7.6313     76.829 1.2375e-01     15.787     38.889  31.550205     2.9947    13.2824    15.5646   999.0453      4.349      2.999 0.0000e+00
      3.079      0.065   203.8370     7.6354     76.723 1.2373e-01     15.787     38.849  31.518397     2.9862    13.2823    15.5628   999.0457      4.375      3.017 0.0000e+00
      3.102      0.060   203.9020     7.6482     76.649 1.2373e-01     15.787     38.864  31.531673     3.0015    13.1090    15.5638   999.0456      4.416      3.045 0.0000e+00
      3.120      0.054   204.0159     7.6616     76.666 1.2375e-01     15.788     38.927  31.583833     3.0457    12.9033    15.5639   999.0458      4.447      3.065 0.0000e+00
      3.127      0.048   204.0950     7.6573     76.740 1.2374e-01     15.788     39.000  31.641497     3.0824    12.7867    15.5605   999.0461      4.449      3.066 0.0000e+00
      3.132      0.043   204.1702     7.6414     76.820 1.2370e-01     15.789     39.024  31.657863     3.1112    12.7985    15.5600   999.0463      4.452      3.069 0.0000e+00
      3.142      0.041   204.2366     7.6312     76.864 1.2372e-01     15.789     39.023  31.654826     3.1845    12.7712    15.5633   999.0459      4.469      3.080 0.0000e+00
      3.152      0.041   204.0376     7.6348     76.889 1.2376e-01     15.789     39.041  31.668217     3.2914    12.5942    15.5651   999.0456      4.483      3.091 0.0000e+00
      3.163      0.041   203.8294     7.6448     76.980 1.2373e-01     15.789     39.074  31.692872     3.3451    12.5117    15.5625   999.0461      4.497      3.101 0.0000e+00
      3.177      0.038   203.8703     7.6542     77.099 1.2370e-01     15.789     39.083  31.699147     3.3571    12.5631    15.5573   999.0470      4.517      3.115 0.0000e+00
      3.191      0.032   204.0158     7.6613     77.160 1.2375e-01     15.789     39.061  31.680638     3.3411    12.3573    15.5550   999.0475      4.543      3.132 0.0000e+00
