Date/Time	Green Algae	Bluegreen	Diatoms	Cryptophyta	#5	#6	#7	Yellow substances	Total conc.	Transmission	Depth	Temp. Sample	Green Algae	Bluegreen	Diatoms	Cryptophyta	#5	#6	#7	Yellow substances	Total cell count	Trans. 700 nm	LED 3 [525 nm]	LED 4 [570 nm]	LED 5 [610 nm]	LED 6 [370 nm]	LED 7 [590 nm]	LED 8 [470 nm]	Pressure	Temp. LEDs	Temp. Sensor
date	µg/l	µg/l	µg/l	µg/l	µg/l	µg/l	µg/l	r.u.	µg/l	%	m	°C	cells/ml	cells/ml	cells/ml	cells/ml	cells/ml	cells/ml	cells/ml	r.u.	cells/ml	digits	digits	digits	digits	digits	digits	digits	bar	°C	°C
8/10/2026 11:31:35 AM	0.00	1.23	0.00	0.00	0.00	0.00	0.00	0.00	1.23	39.33	-0.14	23.94	0	1232	0	0	0	0	0	0	1232	71.76	-0.58	-1.97	6.16	1.98	8.55	-1.98	0.99	23.40	24.14
8/10/2026 11:31:38 AM	0.00	0.97	0.00	0.00	0.00	0.00	0.00	0.00	0.97	39.17	-0.13	23.95	0	972	0	0	0	0	0	0	972	71.47	-2.00	1.84	6.42	1.54	5.93	-1.99	0.99	23.48	24.17
8/10/2026 11:31:41 AM	0.00	0.95	0.37	0.00	0.00	0.00	0.00	0.00	1.32	39.55	-0.14	23.99	0	950	165	0	0	0	0	0	1115	72.17	2.62	0.71	6.29	0.90	6.26	2.26	0.99	23.54	24.25
8/10/2026 11:31:44 AM	0.00	1.07	0.00	0.00	0.00	0.00	0.00	0.00	1.07	38.40	-0.13	23.99	0	1074	0	0	0	0	0	0	1074	70.06	-0.36	2.36	9.89	0.38	2.77	-0.60	0.99	23.59	24.28
8/10/2026 11:31:47 AM	0.00	1.10	0.74	0.00	0.00	0.00	0.00	0.14	1.84	38.24	-0.13	23.99	0	1099	334	0	0	0	0	0	1433	69.77	3.97	1.93	7.29	5.47	6.66	3.80	0.99	23.65	24.28
8/10/2026 11:31:49 AM	0.00	1.25	0.00	0.00	0.00	0.00	0.00	0.00	1.25	38.10	-0.13	24.01	0	1248	0	0	0	0	0	0	1248	69.51	0.41	-3.21	6.58	-0.57	8.68	0.63	0.99	23.71	24.33
8/10/2026 11:31:52 AM	0.00	0.76	0.00	0.00	0.00	0.00	0.00	0.16	0.76	37.18	-0.13	24.00	0	765	0	0	0	0	0	0	765	67.84	0.01	-0.74	6.41	4.97	4.39	-1.26	0.99	23.75	24.30
8/10/2026 11:31:55 AM	0.00	0.71	0.02	0.72	0.00	0.00	0.00	0.00	1.45	38.72	-0.13	24.00	0	713	8	22	0	0	0	0	742	70.64	3.26	1.90	6.34	2.18	8.04	3.47	0.99	23.80	24.33
8/10/2026 11:31:58 AM	0.45	0.65	0.00	0.00	0.00	0.00	0.00	0.00	1.11	37.42	-0.13	24.01	241	655	0	0	0	0	0	0	896	68.27	-0.75	-2.35	5.38	1.88	5.96	2.12	0.99	23.84	24.36
8/10/2026 11:32:00 AM	0.00	0.84	0.00	0.00	0.00	0.00	0.00	0.00	0.84	39.15	-0.14	24.01	0	837	0	0	0	0	0	0	837	71.44	0.50	-0.73	6.76	0.97	4.47	0.32	0.99	23.89	24.42
8/10/2026 11:32:03 AM	0.00	1.28	0.05	0.00	0.00	0.00	0.00	0.00	1.33	37.58	-0.13	24.02	0	1283	23	0	0	0	0	0	1305	68.58	2.21	0.48	8.44	1.88	5.49	0.27	0.99	23.93	24.41
8/10/2026 11:32:06 AM	0.00	1.24	0.00	0.00	0.00	0.00	0.00	0.00	1.24	38.26	-0.13	24.04	0	1238	0	0	0	0	0	0	1238	69.82	1.84	3.23	7.85	-0.27	5.79	-1.15	0.99	23.99	24.42
8/10/2026 11:32:09 AM	0.00	0.14	0.00	0.00	0.00	0.00	0.00	0.27	0.14	36.88	-0.14	24.03	0	140	0	0	0	0	0	0	140	67.30	1.84	0.90	4.39	4.90	1.51	0.84	0.99	24.00	24.47
8/10/2026 11:32:11 AM	0.00	1.02	0.00	0.00	0.00	0.00	0.00	0.00	1.02	37.83	-0.14	24.02	0	1021	0	0	0	0	0	0	1021	69.02	0.74	2.61	5.41	0.89	6.76	-1.05	0.99	24.04	24.46
8/10/2026 11:32:14 AM	0.00	1.00	0.00	0.00	0.00	0.00	0.00	0.00	1.00	38.92	-0.13	24.04	0	1002	0	0	0	0	0	0	1002	71.02	-1.16	-0.89	6.82	0.35	6.25	-0.32	0.99	24.08	24.44
8/10/2026 11:32:16 AM	0.00	1.62	0.00	0.00	0.00	0.00	0.00	0.11	1.62	35.80	-0.13	24.04	0	1624	0	0	0	0	0	0	1624	65.33	-0.53	-1.37	9.11	4.78	8.10	-0.53	0.99	24.14	24.47
8/10/2026 11:32:19 AM	0.00	1.06	0.00	0.06	0.00	0.00	0.00	0.00	1.12	37.38	-0.14	24.03	0	1061	0	2	0	0	0	0	1062	68.21	2.32	2.16	5.90	1.22	6.61	0.03	0.99	24.15	24.47
8/10/2026 11:32:22 AM	0.00	1.00	0.00	0.00	0.00	0.00	0.00	0.00	1.00	38.21	-0.12	24.04	0	999	0	0	0	0	0	0	999	69.73	0.94	-0.11	4.09	1.29	8.48	-2.27	0.99	24.20	24.55
8/10/2026 11:32:25 AM	0.00	2.28	0.00	0.00	0.00	0.00	0.00	0.00	2.28	38.76	-0.13	24.06	0	2281	0	0	0	0	0	0	2281	70.72	0.43	2.19	11.72	0.24	9.89	1.15	0.99	24.25	24.55
8/10/2026 11:32:28 AM	0.00	2.32	0.00	0.00	0.00	0.00	0.00	0.00	2.32	38.59	-0.14	24.05	0	2318	0	0	0	0	0	0	2318	70.40	0.67	0.01	11.87	1.37	10.28	-1.18	0.99	24.26	24.54
8/10/2026 11:32:30 AM	0.00	2.25	0.16	0.00	0.00	0.00	0.00	0.00	2.41	38.74	-0.13	24.01	0	2253	70	0	0	0	0	0	2323	70.68	3.08	2.34	11.86	2.53	8.92	1.14	0.99	24.28	24.57
8/10/2026 11:32:33 AM	0.00	1.93	0.00	0.00	0.00	0.00	0.00	0.00	1.93	38.13	-0.14	24.04	0	1925	0	0	0	0	0	0	1925	69.57	0.82	1.02	8.76	1.67	10.17	0.18	0.99	24.32	24.59
8/10/2026 11:32:36 AM	0.00	2.12	0.00	0.00	0.00	0.00	0.00	0.00	2.12	38.48	-0.13	24.04	0	2120	0	0	0	0	0	0	2120	70.21	2.19	-0.77	10.89	2.05	9.32	0.71	0.99	24.33	24.59
8/10/2026 11:32:39 AM	0.00	1.98	0.00	0.00	0.00	0.00	0.00	0.00	1.98	36.91	-0.13	24.05	0	1976	0	0	0	0	0	0	1976	67.35	1.97	1.51	10.35	0.46	8.77	0.98	0.99	24.40	24.62
8/10/2026 11:32:41 AM	0.11	2.11	0.00	0.00	0.00	0.00	0.00	0.00	2.22	38.61	-0.13	24.07	59	2112	0	0	0	0	0	0	2171	70.44	0.50	1.07	10.44	2.09	9.97	1.44	0.99	24.40	24.62
8/10/2026 11:32:44 AM	0.10	2.11	0.00	0.00	0.00	0.00	0.00	0.00	2.21	37.49	-0.14	24.06	54	2107	0	0	0	0	0	0	2161	68.40	1.62	0.78	10.13	2.60	9.98	0.92	0.99	24.45	24.63
8/10/2026 11:32:47 AM	0.18	2.22	0.00	0.00	0.00	0.00	0.00	0.00	2.41	38.91	-0.13	24.07	97	2225	0	0	0	0	0	0	2321	71.00	1.28	0.49	11.99	3.21	9.10	1.12	0.99	24.47	24.67
8/10/2026 11:32:50 AM	0.20	2.04	0.00	0.00	0.00	0.00	0.00	0.00	2.25	37.87	-0.13	24.06	107	2044	0	0	0	0	0	0	2151	69.10	0.00	1.26	10.51	1.58	9.74	2.23	0.99	24.49	24.73
8/10/2026 11:32:52 AM	0.12	2.29	0.00	0.00	0.00	0.00	0.00	0.00	2.41	36.91	-0.13	24.13	63	2289	0	0	0	0	0	0	2352	67.35	0.71	0.77	10.03	2.33	11.75	1.45	0.99	24.53	24.68
8/10/2026 11:32:55 AM	0.27	1.93	0.00	0.00	0.00	0.00	0.00	0.00	2.20	38.41	-0.13	24.14	143	1929	0	0	0	0	0	0	2072	70.09	0.38	-1.42	10.79	3.04	8.87	1.44	0.99	24.55	24.75
8/10/2026 11:32:57 AM	0.11	2.06	0.00	0.00	0.00	0.00	0.00	0.00	2.17	37.54	-0.13	24.12	59	2056	0	0	0	0	0	0	2115	68.50	1.48	1.44	10.91	1.64	8.86	1.56	0.99	24.55	24.73
8/10/2026 11:33:00 AM	0.00	1.94	0.00	0.00	0.00	0.00	0.00	0.00	1.94	37.49	-0.13	24.14	0	1943	0	0	0	0	0	0	1943	68.41	0.31	0.83	10.86	1.51	8.23	0.42	0.99	24.60	24.76
8/10/2026 11:33:03 AM	0.00	2.04	0.00	0.00	0.00	0.00	0.00	0.00	2.04	37.83	-0.13	24.13	0	2043	0	0	0	0	0	0	2043	69.03	-0.28	0.94	11.40	1.53	8.59	-0.49	0.99	24.67	24.84
8/10/2026 11:33:06 AM	0.02	2.09	0.14	0.00	0.00	0.00	0.00	0.00	2.26	37.92	-0.13	24.12	11	2092	65	0	0	0	0	0	2167	69.20	2.72	0.41	11.27	2.73	8.72	1.13	0.99	24.64	24.79
8/10/2026 11:33:09 AM	0.00	2.04	0.00	0.00	0.00	0.00	0.00	0.00	2.04	37.78	-0.13	24.07	0	2036	0	0	0	0	0	0	2036	68.93	0.23	1.26	9.64	2.54	9.91	0.49	0.99	24.65	24.81
8/10/2026 11:33:11 AM	0.00	2.34	0.00	0.00	0.00	0.00	0.00	0.00	2.34	37.12	-0.13	24.06	0	2340	0	0	0	0	0	0	2340	67.73	0.19	0.29	11.24	2.68	10.81	-0.74	0.99	24.70	24.78
8/10/2026 11:33:14 AM	0.00	2.28	0.00	0.00	0.00	0.00	0.00	0.00	2.28	38.61	-0.11	24.06	0	2279	0	0	0	0	0	0	2279	70.46	2.28	0.78	11.60	0.71	9.90	-0.55	0.99	24.71	24.81
8/10/2026 11:33:17 AM	0.00	2.04	0.00	0.00	0.00	0.00	0.00	0.00	2.04	37.51	-0.12	24.04	0	2036	0	0	0	0	0	0	2036	68.45	-0.47	1.02	9.99	0.99	10.17	-0.28	0.99	24.75	24.89
8/10/2026 11:33:20 AM	0.00	1.96	0.00	0.00	0.00	0.00	0.00	0.00	1.96	37.36	-0.13	24.05	0	1957	0	0	0	0	0	0	1957	68.17	0.24	1.65	10.69	2.38	8.20	-0.20	0.99	24.75	24.86
8/10/2026 11:33:22 AM	0.00	2.20	0.00	0.00	0.00	0.00	0.00	0.03	2.20	37.85	-0.13	24.06	0	2196	0	0	0	0	0	0	2196	69.06	2.54	0.20	11.45	3.16	8.99	0.21	0.99	24.79	24.91
8/10/2026 11:33:25 AM	0.00	2.08	0.00	0.00	0.00	0.00	0.00	0.00	2.08	38.29	-0.13	24.07	0	2078	0	0	0	0	0	0	2078	69.87	2.80	0.15	10.12	1.65	9.67	0.10	0.99	24.80	24.84
8/10/2026 11:33:28 AM	0.00	2.23	0.00	0.00	0.00	0.00	0.00	0.00	2.23	37.55	-0.13	24.10	0	2233	0	0	0	0	0	0	2233	68.52	1.32	-0.54	11.91	1.48	9.49	-0.69	0.99	24.87	24.95
8/10/2026 11:33:31 AM	0.00	2.03	0.00	0.00	0.00	0.00	0.00	0.00	2.03	37.54	-0.13	24.10	0	2026	0	0	0	0	0	0	2026	68.49	1.35	-0.10	10.00	1.50	9.76	0.31	0.99	24.84	24.89
8/10/2026 11:33:34 AM	0.00	2.16	0.00	0.00	0.00	0.00	0.00	0.00	2.16	38.25	-0.13	24.12	0	2162	0	0	0	0	0	0	2162	69.79	0.21	1.30	12.16	2.60	8.29	-1.00	0.99	24.85	24.94
8/10/2026 11:33:36 AM	0.34	1.90	0.00	0.00	0.00	0.00	0.00	0.00	2.25	38.20	-0.13	24.13	181	1904	0	0	0	0	0	0	2085	69.70	1.78	1.64	9.75	1.57	9.38	2.59	0.99	24.89	24.92
8/10/2026 11:33:39 AM	0.00	2.04	0.00	0.00	0.00	0.00	0.00	0.00	2.04	38.33	-0.13	24.16	0	2039	0	0	0	0	0	0	2039	69.94	-0.23	-0.01	11.72	1.78	8.26	0.34	0.99	24.92	24.94
8/10/2026 11:33:42 AM	0.00	2.10	0.00	0.00	0.00	0.00	0.00	0.00	2.10	37.28	-0.13	24.15	0	2098	0	0	0	0	0	0	2098	68.03	-0.11	0.50	10.43	2.13	10.00	-1.20	0.99	24.96	24.97
8/10/2026 11:33:45 AM	0.00	2.02	0.00	0.00	0.00	0.00	0.00	0.00	2.02	37.25	-0.13	24.12	0	2022	0	0	0	0	0	0	2022	67.96	0.74	1.10	10.13	2.25	9.27	0.64	0.99	24.95	24.97
8/10/2026 11:33:48 AM	0.00	1.91	0.00	0.00	0.00	0.00	0.00	0.00	1.91	36.96	-0.12	24.13	0	1908	0	0	0	0	0	0	1908	67.44	1.07	1.41	8.92	1.76	9.70	0.24	0.99	24.96	24.99
8/10/2026 11:33:50 AM	0.49	1.87	0.00	0.00	0.00	0.00	0.00	0.00	2.36	38.12	-0.12	24.13	261	1871	0	0	0	0	0	0	2131	69.55	0.93	0.29	10.21	2.54	9.22	2.75	0.99	25.00	25.07
8/10/2026 11:33:53 AM	0.00	2.11	0.00	0.00	0.00	0.00	0.00	0.00	2.11	38.04	-0.13	24.12	0	2114	0	0	0	0	0	0	2114	69.41	2.09	0.48	10.98	2.99	8.85	-1.01	0.99	25.01	25.08
8/10/2026 11:33:56 AM	0.00	2.39	0.00	0.00	0.00	0.00	0.00	0.00	2.39	37.59	-0.13	24.14	0	2385	0	0	0	0	0	0	2385	68.60	1.73	1.74	11.57	1.59	10.43	-0.11	0.99	25.04	25.08
8/10/2026 11:33:59 AM	0.00	2.64	0.00	0.00	0.00	0.00	0.00	0.00	2.64	37.75	-0.13	24.15	0	2636	0	0	0	0	0	0	2636	68.88	0.83	1.15	12.67	1.10	11.53	0.99	0.99	25.04	25.05
8/10/2026 11:34:01 AM	0.45	2.20	0.00	0.00	0.00	0.00	0.00	0.03	2.65	37.91	-0.13	24.16	236	2204	0	0	0	0	0	0	2439	69.18	0.06	1.50	12.56	4.39	8.86	2.22	0.99	25.05	25.10
8/10/2026 11:34:04 AM	0.00	2.02	0.00	0.00	0.00	0.00	0.00	0.00	2.02	37.79	-0.12	24.18	0	2017	0	0	0	0	0	0	2017	68.95	-0.50	-0.61	11.01	1.84	9.03	-0.09	0.99	25.09	25.13
8/10/2026 11:34:07 AM	0.00	2.38	0.00	0.00	0.00	0.00	0.00	0.00	2.38	38.21	-0.13	24.17	0	2380	0	0	0	0	0	0	2380	69.72	0.43	2.50	10.98	0.97	11.16	1.61	0.99	25.09	25.15
8/10/2026 11:34:09 AM	0.00	2.14	0.00	0.00	0.00	0.00	0.00	0.00	2.14	37.55	-0.12	24.20	0	2142	0	0	0	0	0	0	2142	68.53	-0.11	0.75	10.30	2.70	10.40	-2.68	0.99	25.12	25.15
8/10/2026 11:34:13 AM	0.00	2.23	0.00	0.00	0.00	0.00	0.00	0.00	2.23	37.98	-0.12	24.20	0	2229	0	0	0	0	0	0	2229	69.31	0.25	1.46	11.05	1.37	10.12	0.80	0.99	25.14	25.08
8/10/2026 11:34:15 AM	0.00	2.34	0.14	0.00	0.00	0.00	0.00	0.00	2.48	36.73	-0.12	24.22	0	2342	63	0	0	0	0	0	2405	67.03	2.67	2.89	11.10	1.41	10.55	1.92	0.99	25.14	25.10
8/10/2026 11:34:18 AM	0.00	2.57	0.00	0.00	0.00	0.00	0.00	0.08	2.57	38.39	-0.12	24.25	0	2572	0	0	0	0	0	0	2572	70.05	0.75	0.30	11.32	4.49	12.30	0.70	0.99	25.16	25.18
8/10/2026 11:34:21 AM	0.00	2.28	0.00	0.00	0.00	0.00	0.00	0.00	2.28	37.91	-0.12	24.25	0	2277	0	0	0	0	0	0	2277	69.18	0.45	-0.59	11.28	2.26	10.47	-0.31	0.99	25.14	25.13
8/10/2026 11:34:23 AM	0.00	2.39	0.00	0.00	0.00	0.00	0.00	0.00	2.39	37.93	-0.12	24.24	0	2395	0	0	0	0	0	0	2395	69.21	0.37	0.80	12.39	2.88	9.88	-1.41	0.99	25.17	25.31
8/10/2026 11:34:26 AM	0.00	2.69	0.00	0.00	0.00	0.00	0.00	0.00	2.69	39.03	-0.12	24.25	0	2691	0	0	0	0	0	0	2691	71.21	1.76	1.45	11.94	2.68	12.31	-1.90	0.99	25.22	25.23
8/10/2026 11:34:29 AM	0.00	2.83	0.00	0.00	0.00	0.00	0.00	0.00	2.83	38.09	-0.13	24.24	0	2831	0	0	0	0	0	0	2831	69.51	2.73	-0.66	14.33	2.16	11.13	-1.25	0.99	25.22	25.28
8/10/2026 11:34:31 AM	0.00	2.42	0.00	0.00	0.00	0.00	0.00	0.06	2.42	38.09	-0.12	24.24	0	2417	0	0	0	0	0	0	2417	69.51	0.97	1.23	11.10	4.05	11.13	0.48	0.99	25.19	25.18
8/10/2026 11:34:34 AM	0.41	2.18	0.00	0.00	0.00	0.00	0.00	0.00	2.59	37.54	-0.12	24.23	215	2183	0	0	0	0	0	0	2397	68.49	1.31	-0.80	11.68	3.02	9.88	2.23	0.99	25.24	25.23
8/10/2026 11:34:37 AM	0.00	2.01	0.00	0.00	0.00	0.00	0.00	0.00	2.01	38.35	-0.12	24.28	0	2008	0	0	0	0	0	0	2008	69.98	1.82	1.88	10.40	2.45	8.52	-0.21	0.99	25.29	25.34
8/10/2026 11:34:40 AM	0.32	2.05	0.00	0.00	0.00	0.00	0.00	0.01	2.37	38.27	-0.12	24.22	169	2054	0	0	0	0	0	0	2223	69.82	0.18	-1.34	9.05	3.59	11.77	1.68	0.99	25.25	25.24
8/10/2026 11:34:43 AM	0.00	1.65	0.42	0.00	0.00	0.00	0.00	0.00	2.07	37.50	-0.12	24.21	0	1649	190	0	0	0	0	0	1839	68.42	3.41	2.13	9.62	3.26	7.35	1.71	0.99	25.29	25.31
8/10/2026 11:34:45 AM	0.00	1.61	0.00	0.02	0.00	0.00	0.00	0.00	1.63	39.13	-0.13	24.23	0	1612	0	1	0	0	0	0	1612	71.40	1.26	3.45	8.04	0.13	8.39	1.40	0.99	25.30	25.26
8/10/2026 11:34:48 AM	0.00	1.36	0.00	0.00	0.00	0.00	0.00	0.00	1.36	34.56	-0.12	24.91	0	1363	0	0	0	0	0	0	1363	63.07	0.97	2.67	6.98	-0.34	8.00	-1.47	0.99	25.32	25.37
8/10/2026 11:34:51 AM	8.19	1.35	0.00	1.50	0.00	0.00	0.00	0.05	11.04	81.49	-0.08	26.01	4341	1351	0	45	0	0	0	0	5737	148.63	10.27	4.14	16.44	25.54	20.45	33.38	0.99	25.35	25.29
8/10/2026 11:34:54 AM	5.46	1.80	3.93	0.89	0.00	0.00	0.00	0.20	12.07	81.26	-0.07	26.38	2894	1797	1767	27	0	0	0	0	6484	148.22	16.32	6.53	19.23	29.75	19.92	38.87	0.99	25.35	25.34
8/10/2026 11:34:56 AM	9.96	0.00	1.64	0.66	0.00	0.00	0.00	0.01	12.26	82.08	-0.07	26.32	5278	0	739	20	0	0	0	0	6037	149.71	11.78	1.57	12.27	29.99	16.28	42.00	0.99	25.35	25.39
8/10/2026 11:34:59 AM	11.84	0.57	2.00	0.00	0.00	0.00	0.00	0.14	14.41	86.20	-0.07	26.20	6276	568	898	0	0	0	0	0	7742	157.23	12.31	3.44	17.01	35.98	15.16	47.98	0.99	25.36	25.34
8/10/2026 11:35:01 AM	10.91	2.21	1.95	0.00	0.00	0.00	0.00	0.00	15.07	85.50	-0.06	26.22	5782	2214	875	0	0	0	0	0	8871	155.94	11.59	1.70	22.02	28.54	21.46	47.39	0.99	25.39	25.40
8/10/2026 11:35:04 AM	9.81	0.00	0.79	2.62	0.00	0.00	0.00	0.00	13.21	84.99	-0.06	26.24	5198	0	355	78	0	0	0	0	5631	155.02	15.06	4.25	16.74	29.88	21.98	47.06	0.99	25.43	25.47
8/10/2026 11:35:07 AM	12.33	0.00	0.00	2.10	0.00	0.00	0.00	0.00	14.43	82.90	-0.06	26.24	6534	0	0	63	0	0	0	0	6597	151.20	11.36	6.11	14.51	33.74	23.19	49.81	0.99	25.41	25.42
8/10/2026 11:35:10 AM	10.38	0.47	2.41	0.26	0.00	0.00	0.00	0.00	13.53	84.68	-0.06	26.19	5504	473	1086	8	0	0	0	0	7071	154.45	12.49	3.84	15.51	31.43	16.05	45.47	0.99	25.42	25.42
8/10/2026 11:35:12 AM	9.62	1.27	2.98	0.00	0.00	0.00	0.00	0.54	13.87	82.67	-0.05	26.16	5099	1269	1341	0	0	0	0	0	7710	150.78	14.87	3.14	21.03	39.40	14.67	47.52	0.99	25.46	25.45
8/10/2026 11:35:15 AM	11.00	0.43	0.00	1.82	0.00	0.00	0.00	0.00	13.24	83.72	-0.06	26.05	5828	434	0	54	0	0	0	0	6316	152.70	10.73	6.58	16.67	29.62	20.41	44.63	0.99	25.46	25.53
8/10/2026 11:35:18 AM	12.00	1.65	2.08	0.00	0.00	0.00	0.00	0.00	15.73	84.54	-0.05	26.01	6361	1649	938	0	0	0	0	0	8948	154.19	12.68	2.73	21.82	33.37	18.91	49.71	1.00	25.51	25.53
8/10/2026 11:35:21 AM	7.57	1.74	4.61	0.00	0.00	0.00	0.00	0.41	13.91	81.56	-0.05	26.01	4010	1739	2073	0	0	0	0	0	7822	148.76	17.20	2.08	19.96	37.20	19.17	46.57	1.00	25.50	25.47
8/10/2026 11:35:24 AM	8.82	0.31	5.07	0.00	0.00	0.00	0.00	0.00	14.19	83.87	-0.05	26.04	4674	307	2280	0	0	0	0	0	7262	152.97	16.10	2.96	16.25	31.48	15.83	51.36	1.00	25.54	25.45
8/10/2026 11:35:26 AM	11.67	1.23	2.04	0.59	0.00	0.00	0.00	0.00	15.53	83.56	-0.04	25.91	6185	1231	920	18	0	0	0	0	8353	152.40	13.68	7.20	20.62	34.77	19.12	49.83	1.00	25.55	25.53
8/10/2026 11:35:29 AM	8.18	1.60	4.14	0.38	0.00	0.00	0.00	0.22	14.30	83.01	-0.04	25.77	4337	1598	1865	11	0	0	0	0	7812	151.41	16.92	3.01	18.75	35.64	21.56	46.88	1.00	25.56	25.57
8/10/2026 11:35:32 AM	10.08	1.64	3.86	0.00	0.00	0.00	0.00	0.18	15.58	85.38	-0.04	25.63	5343	1642	1737	0	0	0	0	0	8723	155.73	16.29	2.38	20.03	37.92	20.87	50.23	1.00	25.57	25.57
8/10/2026 11:35:35 AM	13.79	1.62	2.45	0.15	0.00	0.00	0.00	0.00	18.00	84.23	-0.03	25.56	7306	1623	1101	4	0	0	0	0	10034	153.63	15.00	5.45	22.36	40.73	21.98	56.31	1.00	25.60	25.58
8/10/2026 11:35:38 AM	10.71	1.14	4.90	0.00	0.00	0.00	0.00	0.09	16.76	83.11	-0.04	25.54	5675	1144	2207	0	0	0	0	0	9026	151.60	18.11	5.08	19.85	40.41	20.07	55.77	1.00	25.61	25.61
8/10/2026 11:35:40 AM	10.83	1.11	5.07	0.00	0.00	0.00	0.00	0.00	17.01	83.38	-0.04	25.50	5741	1105	2282	0	0	0	0	0	9128	152.07	17.99	4.25	20.12	38.18	20.49	57.32	1.00	25.62	25.58
8/10/2026 11:35:43 AM	11.50	2.06	4.27	0.00	0.00	0.00	0.00	0.00	17.83	84.50	-0.03	25.47	6094	2060	1920	0	0	0	0	0	10074	154.11	17.41	5.56	23.41	39.34	23.05	56.00	1.00	25.62	25.58
8/10/2026 11:35:46 AM	10.43	0.95	4.59	1.08	0.00	0.00	0.00	0.00	17.06	83.97	-0.03	25.49	5528	952	2067	32	0	0	0	0	8580	153.16	20.01	3.93	20.58	38.94	24.00	57.94	1.00	25.66	25.60
8/10/2026 11:35:49 AM	11.86	1.75	4.07	0.00	0.00	0.00	0.00	0.00	17.67	84.78	-0.03	25.47	6285	1747	1831	0	0	0	0	0	9863	154.64	17.12	4.75	22.27	39.83	22.23	56.02	1.00	25.66	25.63
8/10/2026 11:35:51 AM	10.28	1.41	5.17	0.06	0.00	0.00	0.00	0.06	16.93	84.60	-0.02	25.46	5449	1414	2327	2	0	0	0	0	9192	154.30	18.67	6.33	21.17	40.00	20.57	55.50	1.00	25.67	25.58
8/10/2026 11:35:54 AM	11.55	1.18	4.54	0.29	0.00	0.00	0.00	0.00	17.55	83.89	-0.02	25.46	6120	1179	2041	9	0	0	0	0	9348	153.00	18.06	6.15	21.58	39.45	21.05	58.58	1.00	25.70	25.66
8/10/2026 11:35:56 AM	12.47	0.57	3.90	0.77	0.00	0.00	0.00	0.00	17.73	83.48	-0.02	25.46	6612	573	1757	23	0	0	0	0	8965	152.27	18.20	4.53	20.23	40.13	21.84	61.22	1.00	25.71	25.68
8/10/2026 11:35:59 AM	12.46	0.89	3.87	0.45	0.00	0.00	0.00	0.00	17.68	83.27	-0.01	25.52	6604	894	1743	14	0	0	0	0	9255	151.88	17.58	3.03	20.06	39.89	22.43	59.62	1.00	25.75	25.68
8/10/2026 11:36:02 AM	11.90	1.41	4.60	0.09	0.00	0.00	0.00	0.08	18.00	82.72	-0.01	25.49	6309	1406	2070	3	0	0	0	0	9787	150.88	18.40	7.14	22.31	42.72	20.96	58.79	1.00	25.75	25.73
8/10/2026 11:36:05 AM	12.03	1.08	3.99	1.02	0.00	0.00	0.00	0.00	18.11	84.92	-0.00	25.48	6373	1084	1795	30	0	0	0	0	9283	154.88	19.61	6.45	22.25	42.41	23.51	59.68	1.00	25.76	25.76
8/10/2026 11:36:08 AM	12.96	1.45	3.82	0.61	0.00	0.00	0.00	0.00	18.84	83.74	-0.00	25.48	6871	1449	1718	18	0	0	0	0	10057	152.74	18.93	3.82	22.49	43.26	25.18	60.79	1.00	25.79	25.73
8/10/2026 11:36:10 AM	13.47	1.17	4.31	0.13	0.00	0.00	0.00	0.00	19.08	81.71	0.01	25.49	7140	1172	1939	4	0	0	0	0	10255	149.04	18.52	5.58	22.06	44.40	22.09	62.42	1.00	25.81	25.77
8/10/2026 11:36:13 AM	12.30	2.17	4.11	0.00	0.00	0.00	0.00	0.14	18.57	83.03	0.01	25.47	6516	2173	1848	0	0	0	0	0	10537	151.43	18.12	5.34	24.21	43.68	24.06	58.39	1.00	25.82	25.76
8/10/2026 11:36:16 AM	13.92	0.37	2.25	2.46	0.00	0.00	0.00	0.00	19.01	83.58	0.01	25.46	7380	367	1013	74	0	0	0	0	8833	152.44	20.75	5.68	22.39	45.13	27.17	64.59	1.00	25.84	25.79
8/10/2026 11:36:19 AM	13.71	1.70	4.54	0.00	0.00	0.00	0.00	0.00	19.94	83.30	0.02	25.41	7265	1697	2042	0	0	0	0	0	11004	151.94	19.25	4.25	24.18	45.46	24.02	63.87	1.00	25.84	25.79
8/10/2026 11:36:21 AM	12.70	2.27	5.42	0.00	0.00	0.00	0.00	0.00	20.40	83.41	0.03	25.40	6733	2269	2440	0	0	0	0	0	11443	152.14	20.74	3.38	25.62	44.46	27.25	65.17	1.00	25.86	25.81
8/10/2026 11:36:24 AM	13.09	2.11	5.21	0.10	0.00	0.00	0.00	0.00	20.51	83.38	0.02	25.42	6938	2106	2345	3	0	0	0	0	11393	152.08	20.72	5.03	25.60	45.67	26.48	65.47	1.00	25.88	25.81
8/10/2026 11:36:27 AM	13.36	1.19	4.20	0.77	0.00	0.00	0.00	0.00	19.53	83.74	0.04	25.27	7083	1194	1891	23	0	0	0	0	10191	152.75	19.80	6.16	23.72	43.95	24.38	65.17	1.00	25.89	25.82
8/10/2026 11:36:30 AM	12.43	1.62	5.04	0.82	0.00	0.00	0.00	0.00	19.92	84.27	0.04	25.25	6590	1621	2267	25	0	0	0	0	10503	153.70	21.58	6.78	25.36	44.56	26.06	65.61	1.00	25.91	25.84
8/10/2026 11:36:32 AM	13.78	1.98	4.42	0.00	0.00	0.00	0.00	0.00	20.19	84.15	0.05	25.23	7304	1985	1991	0	0	0	0	0	11280	153.49	19.08	4.71	26.26	44.67	23.93	64.36	1.01	25.92	25.90
8/10/2026 11:36:35 AM	13.84	1.14	4.52	0.84	0.00	0.00	0.00	0.00	20.33	83.10	0.06	25.20	7333	1136	2033	25	0	0	0	0	10527	151.57	21.08	6.13	24.11	46.65	25.29	67.76	1.01	25.91	25.85
8/10/2026 11:36:38 AM	12.91	1.24	4.04	1.00	0.00	0.00	0.00	0.00	19.18	82.96	0.06	25.18	6841	1236	1818	30	0	0	0	0	9925	151.31	20.05	6.00	23.60	43.59	25.06	63.54	1.01	25.92	25.92
8/10/2026 11:36:41 AM	12.17	1.25	5.24	0.90	0.00	0.00	0.00	0.00	19.55	83.50	0.07	25.20	6452	1247	2356	27	0	0	0	0	10081	152.30	21.80	6.44	24.10	44.14	25.17	65.83	1.01	25.97	25.97
8/10/2026 11:36:44 AM	12.64	1.46	5.76	0.00	0.00	0.00	0.00	0.00	19.85	84.27	0.08	25.14	6698	1457	2591	0	0	0	0	0	10745	153.70	20.98	4.46	23.65	45.24	23.58	65.54	1.01	25.95	25.90
8/10/2026 11:36:46 AM	12.53	1.67	5.13	0.80	0.00	0.00	0.00	0.00	20.13	82.91	0.09	25.14	6639	1669	2310	24	0	0	0	0	10642	151.23	21.62	6.28	25.70	44.05	26.59	66.89	1.01	25.97	25.89
8/10/2026 11:36:49 AM	14.63	1.39	3.35	0.50	0.00	0.00	0.00	0.00	19.87	83.26	0.09	25.14	7754	1392	1509	15	0	0	0	0	10669	151.87	18.10	4.22	23.53	44.28	25.09	64.95	1.01	25.97	25.95
8/10/2026 11:36:52 AM	12.57	2.04	5.86	0.00	0.00	0.00	0.00	0.00	20.48	82.72	0.09	25.14	6664	2042	2639	0	0	0	0	0	11345	150.88	21.82	4.43	25.85	46.59	25.45	65.38	1.01	26.00	25.97
8/10/2026 11:36:54 AM	12.70	2.17	5.24	0.00	0.00	0.00	0.00	0.00	20.11	82.94	0.11	25.14	6731	2168	2359	0	0	0	0	0	11258	151.29	20.47	3.50	25.07	44.73	26.50	63.85	1.01	26.03	26.02
8/10/2026 11:36:58 AM	13.13	2.56	4.83	0.00	0.00	0.00	0.00	0.00	20.52	82.91	0.11	25.10	6958	2556	2176	0	0	0	0	0	11690	151.23	19.77	7.05	27.73	44.67	25.86	64.01	1.01	26.01	26.00
8/10/2026 11:37:00 AM	12.18	2.77	4.97	0.00	0.00	0.00	0.00	0.00	19.92	82.17	0.12	25.14	6455	2770	2238	0	0	0	0	0	11463	149.87	19.64	4.08	27.31	41.77	27.34	62.30	1.01	26.05	25.97
8/10/2026 11:37:03 AM	13.79	2.27	2.55	1.15	0.00	0.00	0.00	0.00	19.76	82.13	0.13	25.13	7309	2273	1146	35	0	0	0	0	10762	149.79	18.44	5.65	26.85	42.73	28.77	61.63	1.01	26.07	26.05
8/10/2026 11:37:05 AM	11.48	3.41	4.58	0.07	0.00	0.00	0.00	0.00	19.53	81.10	0.13	25.00	6082	3405	2062	2	0	0	0	0	11551	147.91	18.95	6.07	28.79	40.13	28.43	58.65	1.01	26.06	26.03
8/10/2026 11:37:08 AM	12.28	3.36	3.45	0.56	0.00	0.00	0.00	0.00	19.65	80.76	0.14	24.99	6507	3362	1552	17	0	0	0	0	11438	147.31	18.49	6.82	29.36	40.99	29.35	58.18	1.01	26.08	26.11
8/10/2026 11:37:11 AM	11.34	4.33	4.20	0.55	0.00	0.00	0.00	0.00	20.42	80.09	0.15	24.93	6011	4329	1889	16	0	0	0	0	12246	146.09	19.92	8.22	33.25	40.33	32.19	59.09	1.01	26.11	26.10
8/10/2026 11:37:14 AM	11.78	7.90	3.97	1.45	0.00	0.00	0.00	0.00	25.10	75.87	0.15	24.69	6243	7901	1788	43	0	0	0	0	15976	138.38	24.21	10.59	48.65	43.18	48.17	65.96	1.01	26.11	26.05
8/10/2026 11:37:16 AM	11.50	9.35	4.81	1.46	0.00	0.00	0.00	0.00	27.11	66.43	0.15	24.60	6095	9347	2163	44	0	0	0	0	17650	121.18	26.81	10.80	54.21	45.28	54.22	69.15	1.02	26.11	26.08
8/10/2026 11:37:19 AM	9.29	12.84	8.53	0.00	0.00	0.00	0.00	0.00	30.66	45.61	0.16	24.59	4921	12842	3839	0	0	0	0	0	21602	83.22	31.07	14.78	66.78	46.68	60.86	73.50	1.02	26.11	26.08
8/10/2026 11:37:22 AM	10.00	12.32	8.88	0.47	0.00	0.00	0.00	0.00	31.67	53.34	0.17	24.55	5301	12323	3995	14	0	0	0	0	21632	97.30	33.39	14.90	66.34	50.61	62.23	78.43	1.02	26.13	26.11
8/10/2026 11:37:25 AM	11.32	4.17	3.53	0.00	0.00	0.00	0.00	0.00	19.01	45.46	0.17	24.85	5999	4167	1587	0	0	0	0	0	11753	82.95	16.98	5.90	30.28	37.76	29.53	53.72	1.02	26.15	26.18
8/10/2026 11:37:28 AM	14.45	0.91	0.81	2.69	0.00	0.00	0.00	0.00	18.86	78.25	0.16	25.18	7660	906	364	81	0	0	0	0	9012	142.72	19.01	6.54	24.08	44.11	28.43	61.32	1.02	26.13	26.16
8/10/2026 11:37:30 AM	10.73	2.26	2.40	0.00	0.00	0.00	0.00	0.00	15.39	82.28	0.16	25.59	5687	2262	1079	0	0	0	0	0	9028	150.08	13.76	0.81	22.24	33.76	21.24	45.46	1.02	26.15	26.16
8/10/2026 11:37:33 AM	8.07	1.25	2.81	0.00	0.00	0.00	0.00	0.02	12.14	77.29	0.16	26.02	4276	1253	1266	0	0	0	0	0	6796	140.97	12.13	4.67	17.32	28.13	14.71	38.23	1.02	26.17	26.16
8/10/2026 11:37:36 AM	0.00	0.00	0.00	0.00	0.00	0.00	0.00	0.00	0.00	67.44	0.12	26.03	0	0	0	0	0	0	0	0	0	123.02	-2.32	-1.89	1.69	0.63	3.33	-0.74	1.01	26.19	26.21
8/10/2026 11:37:39 AM	0.00	0.02	0.00	0.00	0.00	0.00	0.00	0.15	0.02	69.64	0.11	25.70	0	17	0	0	0	0	0	0	17	127.03	-1.46	0.49	2.62	4.08	2.89	-0.92	1.01	26.16	26.21
8/10/2026 11:37:41 AM	0.00	0.00	0.00	0.00	0.00	0.00	0.00	0.00	0.00	71.87	0.10	25.57	0	0	0	0	0	0	0	0	0	131.09	0.13	0.53	1.77	1.56	0.15	-1.80	1.01	26.18	26.24
8/10/2026 11:37:44 AM	0.00	0.00	0.00	0.00	0.00	0.00	0.00	0.00	0.00	71.68	0.10	25.46	0	0	0	0	0	0	0	0	0	130.75	1.15	1.61	0.20	0.91	1.31	-1.25	1.01	26.20	26.26
8/10/2026 11:37:47 AM	0.00	0.24	0.00	0.00	0.00	0.00	0.00	0.00	0.24	72.59	0.09	25.43	0	241	0	0	0	0	0	0	241	132.41	-1.79	-1.45	3.97	0.99	3.62	-1.81	1.01	26.22	26.29
8/10/2026 11:37:49 AM	0.00	0.00	0.00	0.00	0.00	0.00	0.00	0.02	0.00	71.67	0.09	25.41	0	0	0	0	0	0	0	0	0	130.73	0.92	0.75	3.09	1.21	-2.24	-0.32	1.01	26.24	26.29
8/10/2026 11:42:26 AM	0.00	1.08	0.00	0.00	0.00	0.00	0.00	0.01	1.08	61.88	-0.07	24.93	0	1076	0	0	0	0	0	0	1076	112.87	0.61	0.89	6.98	1.87	5.59	0.08	0.99	24.75	26.05
8/10/2026 11:42:29 AM	0.00	0.80	0.00	0.00	0.00	0.00	0.00	0.00	0.80	61.18	-0.07	24.94	0	804	0	0	0	0	0	0	804	111.60	3.87	-1.60	8.31	1.76	1.98	-1.19	0.99	24.79	26.05
8/10/2026 11:42:32 AM	0.13	1.09	0.00	0.00	0.00	0.00	0.00	0.00	1.22	62.16	-0.07	24.91	70	1086	0	0	0	0	0	0	1156	113.38	0.27	-0.52	7.78	2.06	5.37	0.66	0.99	24.86	26.06
8/10/2026 11:42:34 AM	0.00	0.95	0.03	0.00	0.00	0.00	0.00	0.00	0.99	62.08	-0.08	24.93	0	953	15	0	0	0	0	0	967	113.25	2.94	1.74	6.70	0.91	4.62	-0.09	0.99	24.90	26.11
8/10/2026 11:42:37 AM	0.00	0.80	0.00	0.00	0.00	0.00	0.00	0.00	0.80	62.23	-0.07	24.94	0	801	0	0	0	0	0	0	801	113.52	-0.93	-1.00	6.64	0.82	4.89	-2.03	0.99	24.94	26.05
8/10/2026 11:42:40 AM	0.13	1.37	0.00	0.00	0.00	0.00	0.00	0.00	1.50	62.85	-0.07	24.93	68	1370	0	0	0	0	0	0	1438	114.65	0.29	0.52	8.70	1.02	6.55	1.59	0.99	25.00	26.05
8/10/2026 11:42:43 AM	0.00	1.16	0.00	0.00	0.00	0.00	0.00	0.00	1.16	62.08	-0.07	24.86	0	1156	0	0	0	0	0	0	1156	113.25	0.48	2.38	5.89	0.65	7.32	0.73	0.99	25.01	26.06
8/10/2026 11:42:45 AM	0.31	0.35	0.00	0.00	0.00	0.00	0.00	0.00	0.67	62.53	-0.07	24.83	167	353	0	0	0	0	0	0	520	114.06	0.49	-1.80	4.57	1.54	3.91	1.23	0.99	25.06	26.16
8/10/2026 11:42:48 AM	0.00	0.00	0.00	0.00	0.00	0.00	0.00	0.11	0.00	53.27	-0.06	24.99	0	0	0	0	0	0	0	0	0	97.18	2.32	-4.94	2.57	2.87	1.72	-0.98	0.99	25.11	26.22
8/10/2026 11:42:51 AM	7.15	1.38	2.52	0.00	0.00	0.00	0.00	0.05	11.06	82.26	-0.03	26.01	3791	1379	1136	0	0	0	0	0	6305	150.03	11.20	2.78	15.48	25.71	15.80	34.30	1.00	25.14	26.19
8/10/2026 11:42:54 AM	8.23	1.61	2.62	0.00	0.00	0.00	0.00	0.08	12.46	83.64	-0.03	26.23	4364	1611	1178	0	0	0	0	0	7153	152.55	12.09	4.30	17.37	29.02	17.31	38.47	1.00	25.17	26.24
8/10/2026 11:42:57 AM	9.71	1.46	2.32	0.10	0.00	0.00	0.00	0.07	13.59	85.34	-0.03	26.08	5146	1457	1044	3	0	0	0	0	7650	155.65	12.44	4.41	17.94	31.77	18.08	42.43	1.00	25.21	26.22
8/10/2026 11:42:59 AM	9.91	1.42	3.03	0.00	0.00	0.00	0.00	0.01	14.36	84.51	-0.03	25.97	5251	1424	1365	0	0	0	0	0	8039	154.14	13.69	4.12	18.53	32.92	18.38	45.12	1.00	25.25	26.21
8/10/2026 11:43:02 AM	10.37	1.11	2.15	0.49	0.00	0.00	0.00	0.05	14.12	84.57	-0.02	25.96	5496	1113	966	15	0	0	0	0	7590	154.25	13.38	3.88	17.69	33.32	19.17	45.20	1.00	25.28	26.22
8/10/2026 11:43:05 AM	11.38	0.74	1.42	0.76	0.00	0.00	0.00	0.00	14.30	84.53	-0.02	25.97	6034	740	638	23	0	0	0	0	7435	154.17	12.81	3.20	16.92	33.39	19.30	46.31	1.00	25.29	26.26
8/10/2026 11:43:07 AM	11.19	1.02	1.65	0.62	0.00	0.00	0.00	0.00	14.48	84.40	-0.02	26.03	5932	1015	743	19	0	0	0	0	7710	153.94	12.93	4.19	17.98	33.46	19.29	46.14	1.00	25.34	26.24
8/10/2026 11:43:10 AM	10.45	1.07	3.37	0.30	0.00	0.00	0.00	0.00	15.19	83.97	-0.02	25.76	5538	1072	1515	9	0	0	0	0	8135	153.16	15.30	3.72	18.27	35.04	19.76	49.49	1.00	25.37	26.24
8/10/2026 11:43:13 AM	10.90	1.24	2.53	0.76	0.00	0.00	0.00	0.00	15.42	84.77	-0.01	25.74	5778	1237	1137	23	0	0	0	0	8174	154.61	15.19	5.04	19.74	35.48	21.01	49.23	1.00	25.37	26.26
8/10/2026 11:43:16 AM	9.47	1.04	4.06	0.21	0.00	0.00	0.00	0.00	14.78	84.42	-0.01	25.90	5021	1037	1827	6	0	0	0	0	7891	153.98	15.87	4.34	18.05	34.02	18.86	48.84	1.00	25.42	26.32
8/10/2026 11:43:18 AM	10.90	1.28	3.07	0.46	0.00	0.00	0.00	0.00	15.71	84.34	-0.00	25.99	5775	1283	1383	14	0	0	0	0	8455	153.83	15.47	4.00	19.52	35.75	21.08	50.54	1.00	25.44	26.30
8/10/2026 11:43:21 AM	11.49	1.42	3.07	0.00	0.00	0.00	0.00	0.00	15.98	84.08	-0.01	25.92	6087	1422	1382	0	0	0	0	0	8892	153.36	14.56	4.04	19.86	36.23	19.84	50.69	1.00	25.50	26.38
8/10/2026 11:43:24 AM	13.20	1.05	1.98	0.07	0.00	0.00	0.00	0.07	16.30	83.94	0.00	25.69	6995	1054	889	2	0	0	0	0	8941	153.10	13.33	3.76	18.79	38.80	19.45	52.35	1.00	25.49	26.37
8/10/2026 11:43:27 AM	11.74	1.49	3.31	0.00	0.00	0.00	0.00	0.00	16.53	84.44	0.00	25.54	6221	1487	1488	0	0	0	0	0	9196	154.01	15.16	2.95	20.09	36.81	21.34	52.93	1.00	25.51	26.35
8/10/2026 11:43:30 AM	10.40	1.15	4.37	0.00	0.00	0.00	0.00	0.01	15.93	83.19	0.00	25.56	5515	1147	1968	0	0	0	0	0	8630	151.74	16.58	5.43	19.29	37.20	18.92	52.05	1.00	25.54	26.37
8/10/2026 11:43:32 AM	11.52	0.00	1.76	2.34	0.00	0.00	0.00	0.00	15.62	83.79	0.00	25.54	6106	0	794	70	0	0	0	0	6969	152.83	17.53	6.73	18.98	37.32	22.03	54.38	1.00	25.57	26.38
8/10/2026 11:43:35 AM	11.11	1.54	3.67	0.00	0.00	0.00	0.00	0.00	16.32	84.61	0.01	25.51	5888	1541	1653	0	0	0	0	0	9082	154.33	15.75	0.92	21.49	35.36	20.46	52.95	1.00	25.62	26.40
8/10/2026 11:43:38 AM	11.60	0.00	1.93	1.98	0.00	0.00	0.00	0.00	15.51	84.05	0.00	25.51	6146	0	871	59	0	0	0	0	7076	153.30	16.92	6.42	17.64	37.47	21.29	53.74	1.00	25.60	26.38
8/10/2026 11:43:41 AM	12.07	0.97	2.64	0.56	0.00	0.00	0.00	0.10	16.23	83.57	0.01	25.52	6397	968	1186	17	0	0	0	0	8568	152.42	15.42	6.50	20.01	39.29	19.56	53.30	1.00	25.65	26.42
8/10/2026 11:43:43 AM	11.36	1.73	4.21	0.00	0.00	0.00	0.00	0.04	17.30	82.58	0.01	25.56	6020	1734	1896	0	0	0	0	0	9650	150.62	17.54	3.35	22.57	39.95	21.40	54.86	1.00	25.67	26.42
8/10/2026 11:43:46 AM	10.68	0.75	4.14	0.51	0.00	0.00	0.00	0.00	16.07	83.72	0.02	25.58	5659	746	1861	15	0	0	0	0	8281	152.70	17.50	4.30	18.50	37.94	20.22	53.87	1.00	25.70	26.48
8/10/2026 11:43:48 AM	12.98	0.93	2.06	1.03	0.00	0.00	0.00	0.00	17.00	83.83	0.02	25.53	6878	934	926	31	0	0	0	0	8768	152.90	15.71	3.79	20.41	38.22	22.98	56.15	1.00	25.71	26.43
8/10/2026 11:43:51 AM	11.81	2.01	3.96	0.00	0.00	0.00	0.00	0.00	17.78	85.18	0.02	25.54	6259	2011	1780	0	0	0	0	0	10051	155.36	17.09	3.86	22.73	39.60	23.53	55.51	1.00	25.76	26.50
8/10/2026 11:43:54 AM	11.22	1.49	4.43	0.34	0.00	0.00	0.00	0.00	17.48	82.98	0.02	25.39	5949	1490	1993	10	0	0	0	0	9442	151.35	18.27	4.91	21.75	39.53	22.72	56.83	1.00	25.76	26.47
8/10/2026 11:43:57 AM	12.78	0.01	1.21	2.12	0.00	0.00	0.00	0.08	16.13	83.93	0.02	25.40	6776	10	544	64	0	0	0	0	7394	153.09	16.75	6.31	18.96	40.13	21.83	55.54	1.00	25.79	26.48
8/10/2026 11:43:59 AM	12.83	0.00	1.65	2.06	0.00	0.00	0.00	0.00	16.54	83.55	0.03	25.41	6799	0	744	62	0	0	0	0	7604	152.40	16.99	6.99	18.96	38.97	22.03	57.60	1.00	25.81	26.53
8/10/2026 11:44:02 AM	12.71	0.99	2.41	1.18	0.00	0.00	0.00	0.00	17.28	84.12	0.04	25.40	6736	987	1083	35	0	0	0	0	8842	153.44	16.93	5.90	21.36	40.06	22.86	56.42	1.00	25.82	26.51
8/10/2026 11:44:05 AM	12.16	1.42	4.23	0.00	0.00	0.00	0.00	0.00	17.80	85.64	0.03	25.39	6443	1418	1903	0	0	0	0	0	9764	156.20	17.38	3.92	21.76	40.19	21.46	57.88	1.00	25.84	26.48
8/10/2026 11:44:08 AM	10.29	1.52	5.14	0.33	0.00	0.00	0.00	0.00	17.28	84.19	0.04	25.38	5452	1523	2312	10	0	0	0	0	9297	153.56	19.28	4.06	21.48	38.75	23.32	56.82	1.00	25.87	26.53
8/10/2026 11:44:10 AM	11.46	1.03	3.82	1.17	0.00	0.00	0.00	0.06	17.48	84.17	0.05	25.38	6074	1025	1721	35	0	0	0	0	8856	153.51	19.61	4.86	21.21	41.84	24.21	58.17	1.00	25.90	26.56
8/10/2026 11:44:13 AM	11.14	1.69	4.72	0.20	0.00	0.00	0.00	0.00	17.75	84.38	0.05	25.38	5904	1692	2123	6	0	0	0	0	9725	153.91	18.47	6.28	22.84	39.82	22.37	57.26	1.00	25.92	26.58
8/10/2026 11:44:16 AM	11.26	1.63	4.75	0.14	0.00	0.00	0.00	0.05	17.79	84.66	0.05	25.36	5968	1632	2139	4	0	0	0	0	9744	154.42	18.81	4.98	22.02	41.53	22.86	57.38	1.00	25.91	26.59
8/10/2026 11:44:18 AM	12.49	1.17	3.67	0.54	0.00	0.00	0.00	0.00	17.86	83.58	0.06	25.36	6617	1171	1650	16	0	0	0	0	9454	152.44	17.92	3.32	20.75	41.26	23.50	58.30	1.01	25.94	26.59
8/10/2026 11:44:21 AM	10.84	1.67	5.20	0.00	0.00	0.00	0.00	0.00	17.71	84.82	0.06	25.38	5743	1668	2342	0	0	0	0	0	9754	154.70	19.30	2.47	22.34	40.53	22.45	56.92	1.01	25.96	26.63
8/10/2026 11:44:24 AM	13.27	0.89	2.67	0.91	0.00	0.00	0.00	0.00	17.73	84.45	0.06	25.35	7033	891	1200	27	0	0	0	0	9152	154.04	16.93	4.31	20.75	40.85	23.00	58.54	1.01	25.96	26.55
8/10/2026 11:44:27 AM	12.97	1.40	3.62	0.13	0.00	0.00	0.00	0.00	18.13	83.70	0.07	25.33	6875	1403	1629	4	0	0	0	0	9911	152.66	16.95	4.02	21.42	41.38	22.56	58.30	1.01	25.98	26.59
8/10/2026 11:44:29 AM	11.65	1.81	4.79	0.00	0.00	0.00	0.00	0.02	18.25	84.61	0.07	25.35	6176	1807	2156	0	0	0	0	0	10139	154.33	18.82	4.62	23.24	41.92	22.69	58.07	1.01	26.00	26.66
8/10/2026 11:44:32 AM	12.61	1.43	4.05	0.43	0.00	0.00	0.00	0.00	18.52	84.12	0.07	25.36	6685	1429	1825	13	0	0	0	0	9951	153.42	18.51	4.35	22.31	42.04	23.96	60.23	1.01	26.04	26.71
8/10/2026 11:44:35 AM	13.56	1.03	3.31	1.08	0.00	0.00	0.00	0.00	18.97	83.84	0.08	25.36	7186	1027	1489	32	0	0	0	0	9735	152.92	19.09	5.14	22.52	43.83	24.80	62.63	1.01	26.05	26.69
8/10/2026 11:44:38 AM	13.55	1.42	3.69	0.63	0.00	0.00	0.00	0.00	19.29	83.84	0.08	25.33	7183	1423	1659	19	0	0	0	0	10284	152.91	18.72	6.21	23.78	43.80	24.18	62.66	1.01	26.06	26.69
8/10/2026 11:44:40 AM	13.14	1.99	4.61	0.00	0.00	0.00	0.00	0.00	19.74	83.01	0.09	25.30	6965	1988	2074	0	0	0	0	0	11026	151.41	19.04	5.29	24.94	43.90	24.49	62.83	1.01	26.09	26.71
8/10/2026 11:44:43 AM	13.06	1.84	4.83	0.00	0.00	0.00	0.00	0.00	19.73	83.22	0.10	25.28	6920	1839	2175	0	0	0	0	0	10934	151.79	19.40	5.28	24.39	44.29	24.26	63.31	1.01	26.10	26.71
8/10/2026 11:44:46 AM	13.35	1.72	3.91	0.38	0.00	0.00	0.00	0.00	19.36	83.71	0.11	25.26	7076	1716	1761	11	0	0	0	0	10564	152.69	18.55	5.36	24.09	43.28	24.73	62.17	1.01	26.12	26.75
8/10/2026 11:44:49 AM	13.55	1.40	3.68	0.65	0.00	0.00	0.00	0.00	19.28	83.50	0.11	25.22	7181	1400	1656	19	0	0	0	0	10257	152.29	18.93	4.64	23.07	44.16	25.04	62.41	1.01	26.13	26.69
8/10/2026 11:44:51 AM	12.23	1.78	4.58	0.00	0.00	0.00	0.00	0.00	18.59	83.11	0.11	25.24	6482	1778	2060	0	0	0	0	0	10320	151.60	18.25	4.40	23.35	41.00	23.29	59.98	1.01	26.14	26.69
8/10/2026 11:44:54 AM	13.30	1.05	3.19	1.09	0.00	0.00	0.00	0.00	18.63	82.94	0.12	25.22	7051	1048	1434	33	0	0	0	0	9566	151.28	18.48	6.21	22.92	42.15	23.97	61.97	1.01	26.17	26.80
8/10/2026 11:44:57 AM	12.57	1.67	4.52	0.00	0.00	0.00	0.00	0.00	18.77	83.46	0.12	25.20	6664	1672	2034	0	0	0	0	0	10371	152.23	18.41	4.69	23.06	42.36	23.06	60.32	1.01	26.16	26.77
8/10/2026 11:45:00 AM	12.50	1.73	4.52	0.20	0.00	0.00	0.00	0.00	18.95	83.92	0.13	25.20	6625	1730	2035	6	0	0	0	0	10397	153.07	18.71	5.51	23.84	41.76	23.88	61.56	1.01	26.18	26.85
8/10/2026 11:45:03 AM	12.24	1.54	4.43	0.72	0.00	0.00	0.00	0.00	18.92	83.78	0.13	25.13	6486	1542	1992	21	0	0	0	0	10042	152.81	19.84	5.81	23.88	42.32	24.94	62.03	1.01	26.21	26.85
8/10/2026 11:45:05 AM	13.18	1.43	3.52	0.70	0.00	0.00	0.00	0.00	18.83	83.79	0.14	25.02	6987	1426	1583	21	0	0	0	0	10018	152.82	18.31	5.16	23.26	42.13	24.55	61.43	1.01	26.21	26.82
8/10/2026 11:45:08 AM	13.11	1.51	4.58	0.35	0.00	0.00	0.00	0.00	19.55	83.25	0.14	25.02	6947	1514	2062	11	0	0	0	0	10534	151.85	19.63	5.78	23.83	44.25	24.21	63.81	1.01	26.21	26.88
8/10/2026 11:45:11 AM	13.16	1.99	3.74	0.22	0.00	0.00	0.00	0.00	19.11	83.26	0.15	24.92	6976	1989	1681	7	0	0	0	0	10652	151.86	17.74	6.07	24.67	42.29	24.30	60.27	1.01	26.21	26.85
8/10/2026 11:45:13 AM	13.65	2.38	3.59	0.00	0.00	0.00	0.00	0.00	19.63	82.52	0.15	24.94	7236	2382	1617	0	0	0	0	0	11235	150.52	17.38	3.63	25.35	42.32	26.16	60.93	1.02	26.28	26.88
8/10/2026 11:45:16 AM	11.92	3.04	3.57	0.00	0.00	0.00	0.00	0.00	18.53	82.46	0.16	24.82	6320	3042	1606	0	0	0	0	0	10968	150.41	17.10	4.78	26.26	40.16	26.46	54.32	1.02	26.26	26.85
8/10/2026 11:45:19 AM	11.62	2.98	4.36	0.01	0.00	0.00	0.00	0.00	18.97	81.78	0.17	24.77	6159	2979	1963	0	0	0	0	0	11101	149.16	18.49	5.26	26.48	41.02	26.93	56.79	1.02	26.27	26.85
8/10/2026 11:45:22 AM	11.99	3.05	3.63	0.11	0.00	0.00	0.00	0.00	18.78	82.25	0.17	24.69	6353	3055	1633	3	0	0	0	0	11044	150.02	17.28	4.89	26.70	39.51	27.26	56.03	1.02	26.27	26.88
8/10/2026 11:45:24 AM	11.11	3.14	3.87	0.18	0.00	0.00	0.00	0.00	18.31	82.05	0.17	24.35	5889	3138	1744	6	0	0	0	0	10776	149.65	17.78	5.52	26.63	39.20	27.13	53.85	1.02	26.31	26.90
8/10/2026 11:45:27 AM	11.76	3.18	3.71	0.00	0.00	0.00	0.00	0.00	18.66	82.78	0.18	23.89	6234	3181	1672	0	0	0	0	0	11087	150.99	17.26	5.10	26.89	39.69	26.91	54.82	1.02	26.32	26.93
8/10/2026 11:45:30 AM	11.33	3.75	4.53	0.00	0.00	0.00	0.00	0.00	19.61	81.91	0.19	23.66	6006	3746	2037	0	0	0	0	0	11789	149.40	18.95	7.06	29.85	40.70	28.60	57.14	1.02	26.32	26.90
8/10/2026 11:45:33 AM	12.86	3.92	2.94	0.52	0.00	0.00	0.00	0.00	20.23	81.81	0.19	23.56	6818	3915	1321	15	0	0	0	0	12069	149.22	18.26	6.39	30.78	42.48	31.41	57.31	1.02	26.32	26.96
8/10/2026 11:45:36 AM	11.68	4.85	3.91	0.17	0.00	0.00	0.00	0.00	20.61	81.34	0.19	23.46	6191	4849	1761	5	0	0	0	0	12806	148.36	19.18	7.27	33.58	41.61	33.01	56.56	1.02	26.35	26.96
8/10/2026 11:45:38 AM	11.89	7.03	4.70	0.27	0.00	0.00	0.00	0.00	23.89	80.25	0.20	23.23	6299	7033	2113	8	0	0	0	0	15454	146.37	22.68	9.18	42.72	45.66	41.66	61.65	1.02	26.34	26.95
8/10/2026 11:45:41 AM	11.78	8.30	5.56	0.00	0.00	0.00	0.00	0.00	25.63	79.42	0.20	23.21	6241	8300	2501	0	0	0	0	0	17042	144.86	24.34	9.90	47.77	47.03	45.51	64.65	1.02	26.36	26.96
8/10/2026 11:45:44 AM	12.00	8.17	5.09	0.65	0.00	0.00	0.00	0.00	25.90	79.55	0.20	23.09	6359	8167	2289	19	0	0	0	0	16834	145.10	25.28	10.25	48.24	47.87	47.46	65.93	1.02	26.36	26.96
8/10/2026 11:45:46 AM	12.21	8.95	4.86	1.33	0.00	0.00	0.00	0.00	27.35	79.15	0.21	22.31	6473	8955	2187	40	0	0	0	0	17654	144.36	27.56	11.67	52.52	50.56	52.52	68.25	1.02	26.36	26.98
8/10/2026 11:45:49 AM	12.63	9.46	4.95	1.76	0.00	0.00	0.00	0.00	28.80	79.32	0.21	22.05	6696	9455	2228	53	0	0	0	0	18432	144.69	29.65	13.36	55.89	53.66	55.82	71.49	1.02	26.37	26.96
8/10/2026 11:45:51 AM	12.69	9.46	4.90	2.01	0.00	0.00	0.00	0.00	29.05	79.18	0.22	22.10	6725	9460	2204	60	0	0	0	0	18449	144.43	30.24	13.92	56.62	54.05	56.60	72.59	1.02	26.38	27.03
8/10/2026 11:45:54 AM	12.88	9.63	4.78	2.42	0.00	0.00	0.00	0.00	29.72	79.84	0.22	21.79	6826	9632	2152	73	0	0	0	0	18683	145.62	31.58	14.53	58.08	55.92	58.76	74.00	1.02	26.38	27.04
8/10/2026 11:45:57 AM	13.55	9.42	4.55	2.44	0.00	0.00	0.00	0.00	29.96	79.90	0.23	21.55	7182	9424	2047	73	0	0	0	0	18726	145.73	31.59	14.03	57.35	57.67	58.67	74.67	1.02	26.38	27.01
8/10/2026 11:46:00 AM	13.29	9.79	5.02	2.14	0.00	0.00	0.00	0.00	30.25	79.87	0.23	21.17	7044	9794	2261	64	0	0	0	0	19164	145.68	31.66	14.44	58.56	57.15	58.84	75.16	1.02	26.37	27.06
8/10/2026 11:46:03 AM	13.79	9.72	4.27	2.33	0.00	0.00	0.00	0.00	30.11	80.08	0.23	20.77	7309	9715	1923	70	0	0	0	0	19017	146.07	30.93	13.93	58.17	57.14	59.21	74.29	1.02	26.38	27.03
8/10/2026 11:46:05 AM	13.42	9.66	4.69	2.29	0.00	0.00	0.00	0.00	30.06	80.13	0.23	20.85	7112	9661	2112	69	0	0	0	0	18954	146.15	31.48	14.00	57.95	57.28	58.95	74.47	1.02	26.37	27.06
8/10/2026 11:46:08 AM	14.09	11.96	5.83	1.88	0.00	0.00	0.00	0.00	33.77	79.85	0.24	20.88	7470	11960	2626	56	0	0	0	0	22112	145.64	34.40	15.41	67.25	61.36	66.90	81.21	1.02	26.38	27.09
8/10/2026 11:46:11 AM	15.13	20.49	9.50	2.45	0.00	0.00	0.00	0.00	47.57	77.46	0.24	20.67	8020	20485	4277	74	0	0	0	0	32855	141.28	48.24	22.83	105.85	72.13	102.09	110.22	1.02	26.37	27.12
8/10/2026 11:46:14 AM	16.05	21.35	9.49	2.76	0.00	0.00	0.00	0.00	49.64	77.15	0.25	20.65	8506	21351	4268	83	0	0	0	0	34208	140.71	49.91	23.94	110.77	74.45	106.78	115.46	1.02	26.37	27.08
8/10/2026 11:46:16 AM	17.76	23.37	8.32	5.86	0.00	0.00	0.00	0.00	55.31	75.77	0.25	20.64	9413	23371	3744	176	0	0	0	0	36703	138.20	58.55	27.79	125.46	83.02	125.76	130.11	1.02	26.37	27.12
8/10/2026 11:46:19 AM	20.03	34.06	9.70	9.43	0.00	0.00	0.00	0.00	73.22	72.86	0.26	20.68	10618	34060	4363	283	0	0	0	0	49324	132.90	79.73	41.54	176.76	105.76	177.16	162.19	1.03	26.37	27.11
8/10/2026 11:46:22 AM	17.77	51.11	8.95	9.37	0.00	0.00	0.00	0.00	87.20	69.64	0.26	20.85	9419	51107	4027	281	0	0	0	0	64835	127.02	88.12	54.22	236.39	111.91	230.66	156.41	1.03	26.37	27.12
8/10/2026 11:46:25 AM	3.47	5.00	2.13	0.00	0.00	0.00	0.00	0.00	10.60	8.29	0.25	22.59	1841	5000	957	0	0	0	0	0	7797	15.17	10.08	4.91	26.89	15.51	23.27	23.12	1.02	26.37	27.12
8/10/2026 11:46:28 AM	11.45	2.51	3.71	0.00	0.00	0.00	0.00	0.00	17.68	77.71	0.25	25.20	6070	2512	1670	0	0	0	0	0	10253	141.74	16.68	4.45	25.06	38.24	23.56	53.70	1.02	26.34	27.16
8/10/2026 11:46:30 AM	6.83	2.09	1.40	0.00	0.00	0.00	0.00	0.57	10.32	75.22	0.24	25.82	3621	2087	629	0	0	0	0	0	6337	137.19	10.11	4.62	17.65	29.98	16.08	32.55	1.02	26.34	27.09
8/10/2026 11:46:33 AM	0.00	0.00	0.00	0.00	0.00	0.00	0.00	0.00	0.00	73.52	0.20	25.62	0	0	0	0	0	0	0	0	0	134.10	0.82	0.81	-1.11	1.75	2.94	-2.51	1.02	26.33	27.17
8/10/2026 11:46:36 AM	0.90	0.31	0.00	0.00	0.00	0.00	0.00	0.00	1.21	72.73	0.21	25.36	476	311	0	0	0	0	0	0	787	132.66	-0.16	0.95	6.43	2.60	2.35	3.44	1.02	26.37	27.19
8/10/2026 11:46:39 AM	0.00	0.33	0.00	0.00	0.00	0.00	0.00	0.00	0.33	72.10	0.19	24.80	0	333	0	0	0	0	0	0	333	131.52	0.54	1.04	3.53	0.53	3.81	0.17	1.02	26.33	27.14
8/10/2026 11:46:41 AM	0.00	0.49	0.20	0.00	0.00	0.00	0.00	0.00	0.70	70.94	0.19	24.42	0	494	91	0	0	0	0	0	586	129.39	2.90	-0.15	4.91	0.94	3.89	0.59	1.02	26.36	27.16
8/10/2026 11:46:44 AM	0.00	0.47	0.00	0.00	0.00	0.00	0.00	0.02	0.47	70.42	0.19	24.20	0	471	0	0	0	0	0	0	471	128.45	-0.32	3.99	4.93	2.98	2.73	-2.61	1.02	26.36	27.17
