Date/Time	Green Algae	Bluegreen	Diatoms	Cryptophyta	#5	#6	#7	Yellow substances	Total conc.	Transmission	Depth	Temp. Sample	Green Algae	Bluegreen	Diatoms	Cryptophyta	#5	#6	#7	Yellow substances	Total cell count	Trans. 700 nm	LED 3 [525 nm]	LED 4 [570 nm]	LED 5 [610 nm]	LED 6 [370 nm]	LED 7 [590 nm]	LED 8 [470 nm]	Pressure	Temp. LEDs	Temp. Sensor
date	µg/l	µg/l	µg/l	µg/l	µg/l	µg/l	µg/l	r.u.	µg/l	%	m	°C	cells/ml	cells/ml	cells/ml	cells/ml	cells/ml	cells/ml	cells/ml	r.u.	cells/ml	digits	digits	digits	digits	digits	digits	digits	bar	°C	°C
8/17/2026 12:02:27 PM	7.67	1.27	0.00	0.77	0.00	0.00	0.00	0.06	9.71	84.59	-0.11	27.42	4063	1272	0	23	0	0	0	0	5358	154.29	7.26	3.16	13.44	22.64	17.90	28.96	0.99	24.30	24.31
8/17/2026 12:02:29 PM	5.36	1.46	0.64	0.45	0.00	0.00	0.00	0.59	7.90	87.13	-0.10	27.46	2841	1460	286	13	0	0	0	0	4600	158.92	8.61	2.84	13.38	25.32	15.10	26.31	0.99	24.34	24.31
8/17/2026 12:02:32 PM	4.27	1.79	2.64	0.00	0.00	0.00	0.00	0.25	8.70	87.21	-0.09	27.45	2262	1794	1188	0	0	0	0	0	5244	159.06	10.57	2.27	14.31	22.27	15.70	26.76	0.99	24.36	24.31
8/17/2026 12:02:35 PM	6.16	1.18	1.00	0.26	0.00	0.00	0.00	0.35	8.60	86.31	-0.10	27.41	3264	1183	449	8	0	0	0	0	4904	157.42	8.56	2.97	13.00	24.17	14.12	27.96	0.99	24.42	24.34
8/17/2026 12:02:38 PM	5.06	1.56	0.57	0.70	0.00	0.00	0.00	0.57	7.90	87.86	-0.09	27.10	2681	1561	258	21	0	0	0	0	4521	160.25	9.04	4.05	14.31	24.89	15.58	25.94	0.99	24.46	24.34
8/17/2026 12:02:40 PM	5.11	1.11	1.12	0.71	0.00	0.00	0.00	0.48	8.05	87.80	-0.09	26.93	2708	1115	505	21	0	0	0	0	4348	160.14	9.81	3.21	12.97	24.85	15.01	27.60	0.99	24.47	24.36
8/17/2026 12:02:43 PM	6.38	0.69	1.51	0.96	0.00	0.00	0.00	0.33	9.53	87.39	-0.08	26.71	3381	686	678	29	0	0	0	0	4774	159.39	11.46	3.68	13.43	26.94	15.71	33.12	0.99	24.51	24.34
8/17/2026 12:02:46 PM	6.77	0.64	2.27	1.05	0.00	0.00	0.00	0.35	10.73	87.47	-0.06	26.32	3586	641	1024	31	0	0	0	0	5283	159.54	13.62	3.85	14.44	30.25	17.09	37.94	0.99	24.51	24.46
8/17/2026 12:02:48 PM	6.88	0.52	3.44	1.34	0.00	0.00	0.00	0.35	12.18	86.77	-0.06	26.09	3647	518	1548	40	0	0	0	0	5752	158.26	16.85	6.29	16.45	34.00	18.04	44.04	0.99	24.55	24.46
8/17/2026 12:02:52 PM	8.12	0.73	5.85	0.41	0.00	0.00	0.00	0.18	15.12	86.48	-0.06	25.88	4306	731	2634	12	0	0	0	0	7683	157.74	19.85	5.08	17.94	38.56	19.27	53.14	0.99	24.60	24.46
8/17/2026 12:02:54 PM	8.62	0.18	5.04	1.29	0.00	0.00	0.00	0.21	15.14	86.24	-0.05	25.76	4569	179	2270	39	0	0	0	0	7056	157.29	20.73	5.01	17.42	39.87	20.60	55.01	0.99	24.62	24.42
8/17/2026 12:02:57 PM	9.53	0.03	4.14	1.66	0.00	0.00	0.00	0.10	15.35	85.72	-0.04	25.68	5051	27	1863	50	0	0	0	0	6990	156.34	19.98	5.56	17.70	38.94	20.94	54.94	1.00	24.63	24.44
8/17/2026 12:03:00 PM	8.32	0.80	6.52	0.31	0.00	0.00	0.00	0.17	15.95	86.21	-0.04	25.63	4408	805	2934	9	0	0	0	0	8156	157.24	21.12	5.30	18.78	40.39	19.92	56.02	1.00	24.64	24.42
8/17/2026 12:03:02 PM	8.01	0.42	6.02	0.95	0.00	0.00	0.00	0.21	15.40	85.89	-0.03	25.60	4245	416	2710	29	0	0	0	0	7400	156.65	21.66	4.96	17.89	40.19	20.67	55.66	1.00	24.72	24.44
8/17/2026 12:03:05 PM	8.83	0.97	6.60	0.50	0.00	0.00	0.00	0.13	16.90	85.84	-0.02	25.49	4682	970	2969	15	0	0	0	0	8636	156.56	22.22	4.99	20.03	41.83	22.06	58.53	1.00	24.73	24.47
8/17/2026 12:03:08 PM	8.87	1.08	7.75	0.19	0.00	0.00	0.00	0.15	17.89	85.94	-0.02	25.35	4703	1084	3486	6	0	0	0	0	9279	156.75	23.87	5.56	21.02	44.32	22.23	62.19	1.00	24.74	24.47
8/17/2026 12:03:11 PM	10.09	1.21	7.79	0.64	0.00	0.00	0.00	0.38	19.72	85.39	-0.01	25.13	5346	1207	3504	19	0	0	0	0	10075	155.74	26.52	6.99	23.84	51.74	25.16	69.74	1.00	24.79	24.52
8/17/2026 12:03:14 PM	11.69	1.26	7.74	0.85	0.00	0.00	0.00	0.42	21.53	85.24	-0.00	24.86	6194	1258	3482	25	0	0	0	0	10959	155.48	28.09	6.79	25.56	56.52	27.73	75.91	1.00	24.82	24.57
8/17/2026 12:03:16 PM	12.67	2.28	9.53	0.03	0.00	0.00	0.00	0.46	24.51	84.47	0.01	24.47	6715	2281	4289	1	0	0	0	0	13286	154.07	30.86	7.34	29.97	62.72	30.71	83.74	1.00	24.86	24.65
8/17/2026 12:03:19 PM	13.10	2.47	9.32	0.04	0.00	0.00	0.00	0.42	24.94	84.48	0.01	24.16	6945	2467	4195	1	0	0	0	0	13608	154.09	30.73	7.58	30.87	62.90	31.43	84.17	1.00	24.89	24.55
8/17/2026 12:03:22 PM	13.32	2.18	9.03	0.51	0.00	0.00	0.00	0.42	25.05	84.65	0.02	24.21	7062	2183	4064	15	0	0	0	0	13324	154.39	31.40	7.82	30.78	63.49	32.10	85.39	1.00	24.89	24.59
8/17/2026 12:03:25 PM	14.09	2.11	8.67	0.67	0.00	0.00	0.00	0.33	25.54	84.40	0.03	24.04	7470	2110	3901	20	0	0	0	0	13501	153.93	31.32	7.45	30.99	63.51	32.91	86.46	1.00	24.93	24.57
8/17/2026 12:03:27 PM	14.35	2.35	8.68	0.53	0.00	0.00	0.00	0.36	25.91	84.36	0.03	23.41	7604	2352	3906	16	0	0	0	0	13879	153.88	31.28	7.80	31.90	64.42	33.27	87.08	1.00	24.95	24.71
8/17/2026 12:03:30 PM	14.77	2.49	8.50	0.54	0.00	0.00	0.00	0.34	26.30	84.15	0.04	22.93	7829	2492	3825	16	0	0	0	0	14163	153.49	31.18	8.37	32.77	64.91	33.65	87.72	1.00	24.99	24.67
8/17/2026 12:03:33 PM	15.85	3.54	8.69	0.06	0.00	0.00	0.00	0.24	28.14	84.20	0.04	22.64	8402	3541	3909	2	0	0	0	0	15854	153.57	31.26	8.28	36.37	66.11	36.59	89.68	1.00	24.99	24.73
8/17/2026 12:03:36 PM	16.23	3.86	8.10	0.00	0.00	0.00	0.00	0.17	28.18	84.05	0.05	21.63	8599	3859	3643	0	0	0	0	0	16102	153.29	30.11	8.42	37.28	64.71	36.92	87.94	1.00	25.01	24.71
8/17/2026 12:03:39 PM	16.51	3.74	7.35	0.21	0.00	0.00	0.00	0.16	27.81	84.14	0.05	21.03	8750	3739	3308	6	0	0	0	0	15802	153.46	29.18	8.22	36.70	63.86	36.95	86.62	1.00	25.05	24.67
8/17/2026 12:03:41 PM	16.67	4.95	6.29	1.77	0.00	0.00	0.00	0.11	29.67	83.96	0.06	20.16	8834	4948	2830	53	0	0	0	0	16666	153.14	32.29	10.89	43.81	65.63	45.63	88.79	1.01	25.10	24.75
8/17/2026 12:03:44 PM	15.90	6.97	5.71	3.25	0.00	0.00	0.00	0.22	31.84	82.93	0.06	19.52	8427	6974	2571	98	0	0	0	0	18070	151.26	36.64	14.17	53.47	69.25	56.60	90.95	1.01	25.11	24.76
8/17/2026 12:03:47 PM	13.49	31.53	5.60	0.24	0.00	0.00	0.00	0.48	50.86	79.80	0.07	17.94	7150	31528	2519	7	0	0	0	0	41204	145.55	43.62	25.86	132.99	79.95	126.64	79.17	1.01	25.09	24.73
8/17/2026 12:03:49 PM	14.58	34.31	5.42	0.00	0.00	0.00	0.00	0.45	54.31	79.48	0.07	17.25	7730	34307	2437	0	0	0	0	0	44474	144.97	45.08	27.88	144.74	83.41	134.04	81.58	1.01	25.10	24.79
8/17/2026 12:03:52 PM	15.57	55.81	3.06	0.00	0.00	0.00	0.00	0.35	74.43	76.51	0.07	17.20	8251	55806	1377	0	0	0	0	0	65434	139.55	55.29	40.46	221.54	96.32	204.23	80.18	1.01	25.11	24.75
8/17/2026 12:03:55 PM	13.45	76.95	6.26	0.00	0.00	0.00	0.00	0.00	96.66	73.58	0.07	15.29	7131	76950	2815	0	0	0	0	0	86895	134.22	74.60	55.94	299.06	111.57	276.50	89.45	1.01	25.12	24.86
8/17/2026 12:03:57 PM	9.99	70.17	8.97	1.16	0.00	0.00	0.00	0.00	90.29	74.74	0.08	14.14	5294	70172	4037	35	0	0	0	0	79537	136.33	76.73	55.43	275.61	106.43	259.14	92.34	1.01	25.17	24.83
8/17/2026 12:04:00 PM	8.28	55.24	6.25	0.00	0.00	0.00	0.00	0.00	69.77	76.74	0.08	13.44	4389	55236	2813	0	0	0	0	0	62438	139.97	56.31	41.75	214.86	80.40	200.97	67.45	1.01	25.16	24.89
8/17/2026 12:04:03 PM	8.03	45.50	3.68	0.00	0.00	0.00	0.00	0.00	57.21	78.00	0.08	13.11	4256	45502	1656	0	0	0	0	0	51415	142.26	44.29	33.97	180.38	65.28	161.99	53.78	1.01	25.13	24.87
8/17/2026 12:04:06 PM	7.03	37.01	2.74	1.12	0.00	0.00	0.00	0.00	47.90	78.91	0.09	13.69	3726	37008	1234	34	0	0	0	0	42001	143.93	39.23	28.55	146.42	57.63	140.05	47.92	1.01	25.14	24.84
8/17/2026 12:04:08 PM	5.82	28.81	2.51	0.00	0.00	0.00	0.00	0.00	37.14	79.31	0.08	14.03	3086	28811	1128	0	0	0	0	0	33025	144.65	29.06	21.39	114.37	44.00	105.90	37.00	1.01	25.13	24.99
8/17/2026 12:04:11 PM	4.09	17.89	1.85	0.20	0.00	0.00	0.00	0.04	24.03	80.11	0.09	13.89	2166	17894	832	6	0	0	0	0	20898	146.12	19.90	13.62	71.95	30.79	69.32	26.43	1.01	25.14	24.91
8/17/2026 12:04:14 PM	3.84	13.07	1.24	0.00	0.00	0.00	0.00	0.01	18.15	81.25	0.09	13.58	2037	13070	558	0	0	0	0	0	15665	148.19	14.57	10.12	54.24	23.90	50.49	21.00	1.01	25.12	24.91
8/17/2026 12:04:17 PM	3.60	11.51	1.20	0.00	0.00	0.00	0.00	0.05	16.31	81.34	0.10	13.39	1907	11513	541	0	0	0	0	0	13962	148.35	13.32	9.07	48.07	22.43	45.40	19.91	1.01	25.10	24.91
8/17/2026 12:04:20 PM	3.19	9.13	0.84	0.00	0.00	0.00	0.00	0.07	13.16	81.52	0.10	13.91	1691	9135	376	0	0	0	0	0	11203	148.69	10.73	7.23	38.94	18.84	36.59	16.61	1.01	25.12	24.95
8/17/2026 12:04:22 PM	2.73	8.21	0.82	0.00	0.00	0.00	0.00	0.11	11.76	81.38	0.10	13.79	1445	8212	369	0	0	0	0	0	10026	148.43	9.87	6.60	35.08	17.50	33.27	15.07	1.01	25.09	24.91
8/17/2026 12:04:25 PM	2.72	7.32	0.68	0.00	0.00	0.00	0.00	0.10	10.72	81.41	0.10	13.26	1443	7321	306	0	0	0	0	0	9069	148.48	8.93	5.96	31.68	16.27	30.17	14.20	1.01	25.09	25.00
8/17/2026 12:04:28 PM	2.56	6.87	0.54	0.00	0.00	0.00	0.00	0.13	9.97	81.19	0.11	12.85	1357	6869	243	0	0	0	0	0	8470	148.08	8.30	5.66	29.91	15.56	28.27	13.19	1.01	25.08	24.99
8/17/2026 12:04:31 PM	2.68	7.08	0.61	0.00	0.00	0.00	0.00	0.11	10.37	81.06	0.12	13.36	1421	7076	274	0	0	0	0	0	8772	147.86	8.61	5.91	30.83	15.92	29.09	13.79	1.01	25.06	24.97
8/17/2026 12:04:33 PM	2.50	6.44	0.53	0.00	0.00	0.00	0.00	0.14	9.46	81.01	0.13	13.45	1326	6435	236	0	0	0	0	0	7997	147.76	7.97	5.23	28.33	15.12	26.72	12.87	1.01	25.05	24.97
8/17/2026 12:04:36 PM	2.34	6.03	0.67	0.00	0.00	0.00	0.00	0.13	9.04	80.92	0.13	13.07	1241	6030	300	0	0	0	0	0	7570	147.59	7.86	5.25	26.78	14.73	25.41	12.80	1.01	25.00	25.02
8/17/2026 12:04:39 PM	2.44	6.03	0.61	0.00	0.00	0.00	0.00	0.13	9.07	81.05	0.14	12.63	1292	6029	273	0	0	0	0	0	7594	147.84	7.77	5.21	26.81	14.69	25.42	12.81	1.01	24.97	24.97
8/17/2026 12:04:42 PM	2.09	5.06	0.59	0.00	0.00	0.00	0.00	0.13	7.75	80.42	0.15	11.83	1110	5064	265	0	0	0	0	0	6439	146.68	6.88	4.41	22.82	13.10	22.12	11.40	1.01	24.96	25.03
8/17/2026 12:04:45 PM	2.29	5.15	0.51	0.00	0.00	0.00	0.00	0.13	7.94	80.50	0.15	11.92	1212	5146	227	0	0	0	0	0	6586	146.83	6.90	4.46	23.47	13.43	22.18	11.72	1.02	24.94	25.00
8/17/2026 12:04:47 PM	1.81	4.51	0.62	0.00	0.00	0.00	0.00	0.17	6.95	80.34	0.16	11.85	962	4509	281	0	0	0	0	0	5751	146.54	6.51	3.97	20.67	12.57	20.06	10.73	1.02	24.90	25.02
8/17/2026 12:04:50 PM	1.78	4.23	0.63	0.00	0.00	0.00	0.00	0.16	6.64	79.70	0.17	11.36	942	4229	284	0	0	0	0	0	5455	145.36	6.28	3.82	19.63	12.10	19.07	10.48	1.02	24.89	24.95
8/17/2026 12:04:53 PM	2.00	4.40	0.59	0.00	0.00	0.00	0.00	0.14	6.99	79.33	0.18	11.11	1060	4396	267	0	0	0	0	0	5724	144.69	6.41	4.01	20.53	12.45	19.59	10.99	1.02	24.86	24.99
8/17/2026 12:04:56 PM	1.85	4.16	0.67	0.00	0.00	0.00	0.00	0.15	6.68	78.85	0.18	12.06	980	4161	302	0	0	0	0	0	5443	143.82	6.34	3.82	19.39	12.28	19.04	10.85	1.02	24.81	24.95
8/17/2026 12:04:59 PM	2.08	4.37	0.65	0.00	0.00	0.00	0.00	0.11	7.10	78.40	0.20	13.29	1105	4373	291	0	0	0	0	0	5769	143.00	6.48	4.08	20.44	12.41	19.74	11.30	1.02	24.76	24.94
8/17/2026 12:05:01 PM	2.08	4.38	0.70	0.00	0.00	0.00	0.00	0.11	7.16	78.17	0.21	13.06	1102	4379	315	0	0	0	0	0	5795	142.59	6.60	4.08	20.61	12.48	19.68	11.47	1.02	24.74	24.95
8/17/2026 12:05:04 PM	1.90	4.04	0.71	0.00	0.00	0.00	0.00	0.13	6.65	77.88	0.22	12.93	1008	4036	321	0	0	0	0	0	5365	142.05	6.31	3.89	19.00	12.08	18.68	11.00	1.02	24.70	24.97
8/17/2026 12:05:07 PM	1.97	3.89	0.68	0.00	0.00	0.00	0.00	0.12	6.54	77.20	0.23	13.12	1047	3889	306	0	0	0	0	0	5242	140.81	6.17	3.88	18.68	11.91	17.98	10.99	1.02	24.69	24.97
8/17/2026 12:05:10 PM	1.55	3.45	0.66	0.00	0.00	0.00	0.00	0.15	5.66	76.78	0.24	11.98	822	3453	297	0	0	0	0	0	4571	140.05	5.64	3.39	16.47	10.90	16.49	9.61	1.02	24.62	24.94
8/17/2026 12:05:12 PM	1.58	3.40	0.66	0.00	0.00	0.00	0.00	0.16	5.64	78.79	0.26	11.22	840	3396	297	0	0	0	0	0	4533	143.72	5.66	3.34	16.38	11.10	16.27	9.79	1.03	24.59	24.94
8/17/2026 12:05:15 PM	1.56	3.43	0.68	0.00	0.00	0.00	0.00	0.16	5.67	79.37	0.27	11.15	828	3426	306	0	0	0	0	0	4560	144.78	5.69	3.39	16.49	11.05	16.34	9.77	1.03	24.55	24.92
8/17/2026 12:05:18 PM	1.62	3.48	0.65	0.00	0.00	0.00	0.00	0.16	5.76	79.05	0.28	11.35	861	3485	292	0	0	0	0	0	4638	144.18	5.73	3.41	16.77	11.29	16.53	9.93	1.03	24.53	24.94
8/17/2026 12:05:20 PM	1.56	3.42	0.74	0.00	0.00	0.00	0.00	0.17	5.72	79.39	0.29	11.34	828	3419	334	0	0	0	0	0	4582	144.81	5.84	3.44	16.49	11.36	16.43	10.10	1.03	24.51	24.97
8/17/2026 12:05:23 PM	1.68	3.46	0.71	0.00	0.00	0.00	0.00	0.16	5.86	78.90	0.30	10.91	893	3464	319	0	0	0	0	0	4676	143.91	5.86	3.48	16.79	11.52	16.57	10.34	1.03	24.44	24.92
8/17/2026 12:05:26 PM	1.58	3.42	0.72	0.00	0.00	0.00	0.00	0.16	5.73	78.79	0.31	11.13	839	3424	325	0	0	0	0	0	4589	143.72	5.81	3.42	16.51	11.31	16.45	10.06	1.03	24.40	24.89
8/17/2026 12:05:29 PM	1.57	3.39	0.71	0.00	0.00	0.00	0.00	0.17	5.68	78.13	0.32	11.20	835	3394	320	0	0	0	0	0	4549	142.51	5.77	3.46	16.42	11.31	16.27	10.02	1.03	24.34	24.89
8/17/2026 12:05:31 PM	1.53	3.29	0.66	0.00	0.00	0.00	0.00	0.17	5.48	78.05	0.34	11.05	812	3287	298	0	0	0	0	0	4397	142.36	5.55	3.34	15.89	10.96	15.90	9.64	1.03	24.29	24.81
8/17/2026 12:05:34 PM	1.60	3.26	0.61	0.00	0.00	0.00	0.00	0.16	5.47	76.75	0.35	11.08	848	3261	274	0	0	0	0	0	4384	139.99	5.44	3.33	15.76	10.90	15.86	9.61	1.03	24.25	24.87
8/17/2026 12:05:37 PM	1.62	3.29	0.69	0.00	0.00	0.00	0.00	0.15	5.60	77.13	0.36	11.01	861	3286	309	0	0	0	0	0	4455	140.68	5.62	3.33	15.99	11.01	15.97	9.92	1.04	24.19	24.83
8/17/2026 12:05:40 PM	1.70	3.34	0.66	0.00	0.00	0.00	0.00	0.15	5.69	76.19	0.37	11.05	901	3338	295	0	0	0	0	0	4534	138.97	5.66	3.32	16.38	11.19	16.01	10.07	1.04	24.14	24.78
8/17/2026 12:05:42 PM	1.59	3.38	0.69	0.00	0.00	0.00	0.00	0.15	5.66	75.03	0.38	11.22	841	3378	311	0	0	0	0	0	4529	136.86	5.68	3.34	16.36	10.96	16.20	9.81	1.04	24.09	24.81
8/17/2026 12:05:45 PM	1.59	3.23	0.70	0.00	0.00	0.00	0.00	0.15	5.53	74.65	0.40	11.10	844	3235	316	0	0	0	0	0	4394	136.16	5.59	3.34	15.76	10.89	15.82	9.85	1.04	24.04	24.78
8/17/2026 12:05:48 PM	1.61	3.23	0.58	0.00	0.00	0.00	0.00	0.17	5.42	75.16	0.41	11.07	851	3233	261	0	0	0	0	0	4344	137.09	5.39	3.25	15.72	10.92	15.65	9.55	1.04	24.05	24.81
8/17/2026 12:05:51 PM	1.59	3.25	0.55	0.00	0.00	0.00	0.00	0.18	5.40	77.33	0.42	11.06	843	3251	250	0	0	0	0	0	4343	141.04	5.37	3.17	15.85	10.93	15.60	9.45	1.04	23.94	24.73
8/17/2026 12:05:53 PM	1.46	3.20	0.60	0.00	0.00	0.00	0.00	0.19	5.25	77.29	0.44	10.93	772	3196	270	0	0	0	0	0	4238	140.98	5.36	3.23	15.45	10.83	15.49	9.25	1.04	23.94	24.73
8/17/2026 12:05:56 PM	1.52	3.29	0.58	0.00	0.00	0.00	0.00	0.18	5.38	76.79	0.45	11.01	803	3288	261	0	0	0	0	0	4352	140.06	5.42	3.28	15.94	10.96	15.69	9.37	1.04	23.87	24.68
8/17/2026 12:05:58 PM	1.59	3.30	0.56	0.00	0.00	0.00	0.00	0.17	5.45	76.68	0.47	10.99	845	3302	251	0	0	0	0	0	4398	139.87	5.41	3.21	16.03	10.96	15.78	9.47	1.05	23.81	24.63
8/17/2026 12:06:01 PM	1.47	3.25	0.59	0.00	0.00	0.00	0.00	0.20	5.32	75.99	0.49	10.90	781	3253	266	0	0	0	0	0	4300	138.60	5.44	3.15	15.80	11.04	15.57	9.36	1.05	23.78	24.65
8/17/2026 12:06:04 PM	1.56	3.32	0.66	0.00	0.00	0.00	0.00	0.16	5.54	75.23	0.51	10.88	825	3317	299	0	0	0	0	0	4441	137.22	5.59	3.35	16.11	10.98	15.93	9.70	1.05	23.73	24.62
8/17/2026 12:06:07 PM	1.54	3.29	0.63	0.00	0.00	0.00	0.00	0.17	5.46	74.62	0.53	10.85	816	3293	284	0	0	0	0	0	4393	136.11	5.51	3.29	16.01	10.89	15.78	9.53	1.05	23.68	24.60
8/17/2026 12:06:10 PM	1.64	3.28	0.59	0.00	0.00	0.00	0.00	0.18	5.50	74.06	0.55	11.02	867	3279	266	0	0	0	0	0	4411	135.08	5.49	3.22	15.92	11.17	15.87	9.76	1.05	23.61	24.60
8/17/2026 12:06:12 PM	1.64	3.39	0.65	0.00	0.00	0.00	0.00	0.17	5.67	73.26	0.56	11.30	869	3387	291	0	0	0	0	0	4547	133.62	5.67	3.36	16.46	11.28	16.18	9.96	1.06	23.56	24.60
