Date/Time	Green Algae	Bluegreen	Diatoms	Cryptophyta	#5	#6	#7	Yellow substances	Total conc.	Transmission	Depth	Temp. Sample	Green Algae	Bluegreen	Diatoms	Cryptophyta	#5	#6	#7	Yellow substances	Total cell count	Trans. 700 nm	LED 3 [525 nm]	LED 4 [570 nm]	LED 5 [610 nm]	LED 6 [370 nm]	LED 7 [590 nm]	LED 8 [470 nm]	Pressure	Temp. LEDs	Temp. Sensor
date	µg/l	µg/l	µg/l	µg/l	µg/l	µg/l	µg/l	r.u.	µg/l	%	m	°C	cells/ml	cells/ml	cells/ml	cells/ml	cells/ml	cells/ml	cells/ml	r.u.	cells/ml	digits	digits	digits	digits	digits	digits	digits	bar	°C	°C
8/17/2026 10:18:07 AM	7.93	0.00	0.00	1.08	0.00	0.00	0.00	0.20	9.01	85.92	-0.75	26.11	4204	0	0	32	0	0	0	0	4236	156.70	8.97	4.32	9.76	24.53	13.28	32.03	0.93	25.25	25.23
8/17/2026 10:18:09 AM	10.02	0.00	1.47	0.39	0.00	0.00	0.00	0.02	11.88	85.89	-0.66	26.31	5313	0	663	12	0	0	0	0	5987	156.66	10.46	3.34	11.86	29.19	14.21	40.64	0.94	25.25	25.28
8/17/2026 10:18:12 AM	10.58	0.01	1.37	0.14	0.00	0.00	0.00	0.00	12.11	86.79	-0.61	26.32	5609	12	618	4	0	0	0	0	6243	158.30	9.88	3.52	12.74	29.51	12.97	40.87	0.94	25.29	25.31
8/17/2026 10:18:15 AM	10.45	0.00	1.29	0.54	0.00	0.00	0.00	0.00	12.28	86.33	-0.57	26.31	5539	0	580	16	0	0	0	0	6135	157.45	10.78	3.11	13.13	29.67	14.67	41.73	0.94	25.31	25.34
8/17/2026 10:18:18 AM	12.10	0.00	0.34	0.55	0.00	0.00	0.00	0.00	12.99	86.03	-0.54	26.33	6411	0	155	16	0	0	0	0	6583	156.92	9.41	2.07	12.99	30.06	15.88	44.27	0.95	25.30	25.32
8/17/2026 10:18:21 AM	9.66	0.04	2.52	0.19	0.00	0.00	0.00	0.00	12.41	86.36	-0.50	26.34	5121	40	1136	6	0	0	0	0	6304	157.52	12.01	3.17	13.00	30.21	14.01	42.61	0.95	25.32	25.32
8/17/2026 10:18:23 AM	10.64	0.00	1.53	0.77	0.00	0.00	0.00	0.03	12.94	86.01	-0.48	26.28	5642	0	689	23	0	0	0	0	6354	156.87	12.02	4.73	13.62	31.81	15.70	44.41	0.95	25.34	25.36
8/17/2026 10:18:26 AM	9.00	0.19	2.85	0.39	0.00	0.00	0.00	0.13	12.43	86.44	-0.44	26.14	4771	190	1282	12	0	0	0	0	6254	157.67	13.25	4.75	14.20	31.95	14.48	43.42	0.96	25.38	25.40
8/17/2026 10:18:29 AM	10.45	0.00	1.40	0.63	0.00	0.00	0.00	0.00	12.48	86.42	-0.41	26.09	5536	0	630	19	0	0	0	0	6185	157.62	10.90	4.48	11.99	29.59	15.55	43.19	0.96	25.38	25.40
8/17/2026 10:18:32 AM	10.26	0.00	1.33	0.78	0.00	0.00	0.00	0.00	12.37	85.89	-0.39	26.27	5436	0	599	23	0	0	0	0	6058	156.66	11.14	3.98	13.14	28.99	15.56	42.94	0.96	25.39	25.40
8/17/2026 10:18:34 AM	10.18	0.00	1.79	0.73	0.00	0.00	0.00	0.00	12.70	86.41	-0.37	26.21	5396	0	805	22	0	0	0	0	6223	157.61	12.06	4.38	12.51	30.69	16.05	43.84	0.96	25.41	25.40
8/17/2026 10:18:37 AM	11.55	0.00	0.00	0.82	0.00	0.00	0.00	0.07	12.37	85.69	-0.35	26.20	6122	0	0	25	0	0	0	0	6147	156.29	9.38	3.36	12.21	30.80	16.10	41.84	0.97	25.45	25.39
8/17/2026 10:18:40 AM	8.97	0.21	3.26	0.08	0.00	0.00	0.00	0.07	12.52	86.74	-0.34	26.19	4754	214	1468	2	0	0	0	0	6438	158.20	13.16	3.53	13.58	31.29	14.32	43.36	0.97	25.47	25.44
8/17/2026 10:18:43 AM	10.33	0.00	2.05	0.50	0.00	0.00	0.00	0.00	12.88	86.49	-0.31	26.12	5475	0	922	15	0	0	0	0	6412	157.76	12.03	4.71	13.28	31.09	14.87	44.39	0.97	25.45	25.44
8/17/2026 10:18:46 AM	9.44	0.15	2.57	0.47	0.00	0.00	0.00	0.05	12.62	86.12	-0.30	26.19	5002	151	1155	14	0	0	0	0	6323	157.08	13.07	2.64	13.57	31.32	15.85	43.48	0.97	25.49	25.48
8/17/2026 10:18:48 AM	10.98	0.00	1.42	0.66	0.00	0.00	0.00	0.00	13.07	86.72	-0.28	26.22	5821	0	641	20	0	0	0	0	6481	158.17	11.45	3.18	13.52	30.59	16.09	45.23	0.97	25.51	25.52
8/17/2026 10:18:51 AM	9.94	0.23	3.03	0.05	0.00	0.00	0.00	0.00	13.25	85.95	-0.27	26.22	5266	226	1364	2	0	0	0	0	6857	156.76	13.00	2.44	13.81	31.76	15.36	45.21	0.97	25.54	25.53
8/17/2026 10:18:54 AM	10.48	0.37	2.45	0.00	0.00	0.00	0.00	0.00	13.30	86.54	-0.25	26.25	5555	369	1103	0	0	0	0	0	7027	157.84	11.92	3.43	14.57	31.53	14.84	44.56	0.98	25.57	25.52
8/17/2026 10:18:57 AM	9.92	0.00	2.18	0.72	0.00	0.00	0.00	0.07	12.82	85.97	-0.23	26.14	5260	0	981	21	0	0	0	0	6262	156.80	12.89	5.06	13.06	32.15	15.78	44.84	0.98	25.55	25.55
8/17/2026 10:18:59 AM	10.13	0.00	2.38	0.56	0.00	0.00	0.00	0.01	13.07	86.37	-0.22	26.09	5367	0	1071	17	0	0	0	0	6455	157.54	12.99	3.83	13.37	32.01	15.74	45.17	0.98	25.60	25.58
8/17/2026 10:19:02 AM	10.01	0.00	2.47	0.52	0.00	0.00	0.00	0.02	12.99	86.21	-0.20	26.08	5305	0	1111	15	0	0	0	0	6432	157.24	13.09	3.44	13.72	31.97	15.45	44.90	0.98	25.61	25.57
8/17/2026 10:19:05 AM	9.94	0.00	1.97	0.67	0.00	0.00	0.00	0.05	12.58	87.00	-0.19	26.08	5269	0	886	20	0	0	0	0	6175	158.67	12.31	4.39	12.67	31.26	15.67	43.72	0.98	25.63	25.58
8/17/2026 10:19:07 AM	9.84	0.00	2.65	0.64	0.00	0.00	0.00	0.00	13.12	85.51	-0.19	26.08	5213	0	1191	19	0	0	0	0	6423	155.96	13.60	4.14	13.89	31.89	15.83	45.55	0.98	25.64	25.60
8/17/2026 10:19:11 AM	10.70	0.00	1.54	0.71	0.00	0.00	0.00	0.00	12.95	87.00	-0.17	26.07	5672	0	695	21	0	0	0	0	6387	158.68	11.68	4.38	13.73	30.65	15.59	44.76	0.98	25.67	25.60
8/17/2026 10:19:13 AM	10.35	0.00	2.62	0.14	0.00	0.00	0.00	0.02	13.10	86.89	-0.16	26.14	5484	0	1177	4	0	0	0	0	6665	158.47	12.47	2.80	12.89	32.23	14.81	45.25	0.98	25.69	25.63
8/17/2026 10:19:16 AM	9.92	0.26	2.44	0.34	0.00	0.00	0.00	0.03	12.96	86.58	-0.16	26.16	5257	263	1097	10	0	0	0	0	6627	157.92	12.64	3.64	14.33	31.59	15.40	43.92	0.98	25.70	25.61
8/17/2026 10:19:19 AM	11.31	0.00	1.53	0.55	0.00	0.00	0.00	0.00	13.40	86.12	-0.15	26.09	5995	0	691	17	0	0	0	0	6702	157.08	11.57	4.39	13.41	32.00	15.69	45.99	0.99	25.71	25.63
8/17/2026 10:19:21 AM	10.27	0.00	1.89	0.61	0.00	0.00	0.00	0.03	12.77	86.53	-0.15	26.07	5441	0	851	18	0	0	0	0	6310	157.82	12.25	3.78	13.55	31.48	15.35	43.91	0.99	25.74	25.66
8/17/2026 10:19:25 AM	10.11	0.36	2.28	0.40	0.00	0.00	0.00	0.00	13.15	86.40	-0.15	26.06	5358	365	1026	12	0	0	0	0	6761	157.59	12.43	3.24	14.86	30.69	16.19	44.54	0.99	25.76	25.68
8/17/2026 10:19:27 AM	9.19	0.00	3.07	0.15	0.00	0.00	0.00	0.06	12.40	86.45	-0.14	26.04	4869	0	1379	4	0	0	0	0	6252	157.67	12.80	3.49	12.17	31.11	14.24	43.59	0.99	25.79	25.71
8/17/2026 10:19:30 AM	9.71	0.43	3.07	0.15	0.00	0.00	0.00	0.00	13.36	85.81	-0.13	26.03	5145	431	1379	5	0	0	0	0	6960	156.51	13.39	2.76	14.63	31.78	16.23	44.98	0.99	25.79	25.69
8/17/2026 10:19:33 AM	9.62	0.00	3.36	0.31	0.00	0.00	0.00	0.00	13.29	86.43	-0.12	26.06	5097	0	1513	9	0	0	0	0	6619	157.65	13.96	4.07	12.98	32.30	15.48	46.56	0.99	25.81	25.73
8/17/2026 10:19:35 AM	9.35	0.03	3.22	0.49	0.00	0.00	0.00	0.00	13.08	86.20	-0.12	26.06	4954	27	1447	15	0	0	0	0	6443	157.22	13.99	3.68	14.28	30.91	15.54	46.24	0.99	25.83	25.74
8/17/2026 10:19:38 AM	9.21	0.00	2.64	0.93	0.00	0.00	0.00	0.10	12.78	86.20	-0.11	26.04	4879	0	1188	28	0	0	0	0	6096	157.23	14.28	3.38	12.28	32.47	17.84	45.43	0.99	25.86	25.77
8/17/2026 10:19:41 AM	9.89	0.00	2.96	0.32	0.00	0.00	0.00	0.00	13.16	86.37	-0.10	26.01	5239	0	1330	10	0	0	0	0	6579	157.54	13.23	3.19	13.11	31.41	15.53	46.18	0.99	25.86	25.77
8/17/2026 10:19:44 AM	9.12	0.00	3.44	0.21	0.00	0.00	0.00	0.00	12.77	85.99	-0.09	26.01	4833	0	1547	6	0	0	0	0	6387	156.85	13.40	3.98	13.42	30.18	14.30	45.37	0.99	25.87	25.76
8/17/2026 10:19:46 AM	10.82	0.00	1.81	0.49	0.00	0.00	0.00	0.07	13.12	86.64	-0.09	26.00	5737	0	816	15	0	0	0	0	6568	158.02	11.89	4.68	12.53	32.80	15.57	45.56	0.99	25.90	25.76
8/17/2026 10:19:49 AM	9.71	0.00	2.95	0.25	0.00	0.00	0.00	0.00	12.91	86.86	-0.08	26.04	5146	0	1327	8	0	0	0	0	6480	158.43	13.00	3.99	13.70	31.21	14.24	44.92	0.99	25.94	25.84
8/17/2026 10:19:52 AM	10.00	0.00	1.74	1.08	0.00	0.00	0.00	0.02	12.82	86.50	-0.07	26.04	5301	0	781	32	0	0	0	0	6114	157.77	13.10	4.36	13.96	31.55	16.81	44.24	0.99	25.93	25.82
8/17/2026 10:19:55 AM	9.31	0.00	2.84	0.77	0.00	0.00	0.00	0.00	12.92	87.10	-0.06	26.04	4934	0	1280	23	0	0	0	0	6237	158.85	13.96	5.33	14.14	31.20	15.61	45.31	0.99	25.95	25.84
8/17/2026 10:19:58 AM	7.87	0.40	4.81	0.00	0.00	0.00	0.00	0.00	13.08	86.17	-0.05	26.06	4173	402	2163	0	0	0	0	0	6738	157.16	15.70	2.64	14.28	31.47	15.86	45.28	0.99	25.96	25.87
8/17/2026 10:20:00 AM	10.13	0.00	2.90	0.08	0.00	0.00	0.00	0.00	13.11	86.59	-0.04	26.09	5367	0	1306	2	0	0	0	0	6675	157.93	12.37	3.75	11.96	31.18	14.90	46.02	1.00	25.99	25.92
8/17/2026 10:20:03 AM	8.49	0.00	3.57	0.76	0.00	0.00	0.00	0.00	12.82	86.31	-0.03	26.12	4499	0	1606	23	0	0	0	0	6128	157.42	15.13	3.18	13.72	30.62	16.73	45.73	1.00	26.03	25.92
8/17/2026 10:20:06 AM	9.67	0.00	2.71	0.59	0.00	0.00	0.00	0.02	12.97	86.08	-0.02	26.03	5125	0	1221	18	0	0	0	0	6364	157.00	13.41	4.56	12.70	31.83	15.95	45.31	1.00	26.01	25.89
8/17/2026 10:20:08 AM	10.25	0.00	2.09	0.55	0.00	0.00	0.00	0.00	12.89	86.37	-0.01	26.04	5434	0	942	16	0	0	0	0	6392	157.53	12.21	4.26	13.70	30.74	15.09	44.73	1.00	26.05	25.95
8/17/2026 10:20:11 AM	9.15	0.38	3.33	0.05	0.00	0.00	0.00	0.00	12.91	86.73	0.00	26.04	4852	381	1498	1	0	0	0	0	6732	158.20	12.96	4.12	14.80	29.77	14.63	44.57	1.00	26.06	25.95
8/17/2026 10:20:14 AM	9.52	0.00	2.56	0.76	0.00	0.00	0.00	0.00	12.84	86.02	0.01	26.11	5047	0	1151	23	0	0	0	0	6221	156.90	13.54	3.00	13.70	30.58	16.52	45.06	1.00	26.05	25.90
8/17/2026 10:20:16 AM	8.26	0.00	3.79	0.55	0.00	0.00	0.00	0.04	12.60	86.44	0.01	26.12	4380	0	1704	17	0	0	0	0	6100	157.66	15.03	4.24	13.31	31.46	15.48	44.80	1.00	26.12	25.98
8/17/2026 10:20:19 AM	9.69	0.00	2.76	0.68	0.00	0.00	0.00	0.00	13.13	86.10	0.03	26.08	5137	0	1240	20	0	0	0	0	6397	157.05	13.58	2.73	12.93	30.55	17.23	46.73	1.00	26.13	25.98
8/17/2026 10:20:22 AM	8.57	0.00	3.92	0.29	0.00	0.00	0.00	0.00	12.79	86.76	0.04	26.08	4544	0	1765	9	0	0	0	0	6318	158.24	14.23	3.65	13.02	29.70	15.21	46.29	1.00	26.11	25.98
8/17/2026 10:20:25 AM	9.71	0.00	2.51	0.77	0.00	0.00	0.00	0.00	12.99	85.83	0.05	26.06	5147	0	1129	23	0	0	0	0	6299	156.54	13.65	4.25	13.81	31.72	16.15	45.03	1.00	26.13	26.03
8/17/2026 10:20:27 AM	9.03	0.45	3.32	0.08	0.00	0.00	0.00	0.00	12.88	86.59	0.06	26.04	4788	454	1492	2	0	0	0	0	6736	157.94	13.29	3.44	14.50	30.59	15.33	43.55	1.01	26.15	26.10
8/17/2026 10:20:30 AM	9.36	0.10	3.26	0.11	0.00	0.00	0.00	0.00	12.83	86.62	0.07	26.07	4959	103	1469	3	0	0	0	0	6535	157.98	13.17	3.40	13.59	30.90	14.38	44.49	1.01	26.20	26.11
8/17/2026 10:20:33 AM	9.90	0.00	2.08	0.71	0.00	0.00	0.00	0.00	12.70	85.86	0.09	26.09	5249	0	938	21	0	0	0	0	6208	156.60	12.50	4.73	13.27	30.62	15.55	44.04	1.01	26.17	26.10
8/17/2026 10:20:36 AM	9.22	0.05	3.29	0.01	0.00	0.00	0.00	0.00	12.57	85.85	0.09	26.06	4888	48	1479	0	0	0	0	0	6415	156.59	12.84	3.09	13.04	30.36	13.84	43.77	1.01	26.20	26.11
8/17/2026 10:20:39 AM	10.03	0.00	1.99	0.58	0.00	0.00	0.00	0.00	12.60	86.30	0.10	26.06	5315	0	894	17	0	0	0	0	6226	157.41	12.09	4.17	13.13	30.64	15.10	43.30	1.01	26.21	26.11
8/17/2026 10:20:41 AM	9.28	0.00	2.34	0.55	0.00	0.00	0.00	0.04	12.17	86.33	0.12	26.04	4919	0	1053	16	0	0	0	0	5989	157.47	12.52	3.54	12.99	30.32	14.85	42.30	1.01	26.25	26.08
8/17/2026 10:20:44 AM	10.11	0.18	2.17	0.37	0.00	0.00	0.00	0.02	12.83	86.70	0.12	26.06	5356	185	976	11	0	0	0	0	6528	158.13	12.20	2.93	13.80	31.19	15.45	43.46	1.01	26.27	26.16
8/17/2026 10:20:47 AM	9.85	0.34	2.51	0.00	0.00	0.00	0.00	0.02	12.69	86.24	0.14	26.05	5218	342	1128	0	0	0	0	0	6688	157.29	11.74	3.89	14.14	30.70	13.99	42.61	1.01	26.28	26.11
8/17/2026 10:20:50 AM	9.80	0.00	2.06	0.82	0.00	0.00	0.00	0.00	12.67	86.39	0.15	26.06	5193	0	926	24	0	0	0	0	6144	157.56	12.75	4.16	13.66	30.48	15.91	43.96	1.01	26.28	26.14
8/17/2026 10:20:53 AM	8.91	0.02	2.84	0.47	0.00	0.00	0.00	0.08	12.23	86.46	0.16	26.03	4720	23	1277	14	0	0	0	0	6034	157.70	13.25	3.70	13.31	31.03	14.66	42.97	1.02	26.31	26.19
8/17/2026 10:20:55 AM	9.15	0.00	2.68	0.66	0.00	0.00	0.00	0.09	12.49	86.23	0.17	25.85	4848	0	1208	20	0	0	0	0	6076	157.27	13.65	3.72	13.62	31.80	15.47	43.97	1.02	26.32	26.18
8/17/2026 10:20:58 AM	10.26	0.37	2.63	0.27	0.00	0.00	0.00	0.04	13.53	86.05	0.19	25.72	5435	371	1186	8	0	0	0	0	7000	156.95	13.18	3.14	14.82	32.98	16.31	45.67	1.02	26.33	26.26
8/17/2026 10:21:01 AM	9.49	0.87	3.74	0.00	0.00	0.00	0.00	0.00	14.10	86.21	0.19	25.61	5029	868	1684	0	0	0	0	0	7581	157.24	14.58	3.30	16.39	32.99	17.50	46.48	1.02	26.35	26.24
8/17/2026 10:21:04 AM	11.89	0.49	3.08	1.43	0.00	0.00	0.00	0.00	16.89	84.47	0.20	25.47	6303	490	1387	43	0	0	0	0	8224	154.07	18.28	4.81	19.81	39.43	22.78	57.66	1.02	26.36	26.22
8/17/2026 10:21:06 AM	11.92	0.61	3.67	0.91	0.00	0.00	0.00	0.00	17.11	84.46	0.22	25.63	6318	614	1650	27	0	0	0	0	8610	154.05	18.00	5.51	20.07	39.63	21.32	58.27	1.02	26.36	26.24
8/17/2026 10:21:09 AM	11.65	1.16	5.11	0.47	0.00	0.00	0.00	0.00	18.39	85.00	0.22	25.61	6175	1164	2297	14	0	0	0	0	9650	155.03	20.15	5.31	21.91	42.35	23.05	61.32	1.02	26.37	26.29
8/17/2026 10:21:12 AM	11.78	1.55	6.27	0.00	0.00	0.00	0.00	0.00	19.61	84.80	0.23	25.54	6245	1552	2822	0	0	0	0	0	10619	154.67	21.41	5.23	23.95	43.73	23.62	65.42	1.02	26.40	26.29
8/17/2026 10:21:15 AM	11.50	1.49	5.35	0.30	0.00	0.00	0.00	0.00	18.64	84.53	0.25	25.32	6093	1490	2409	9	0	0	0	0	10001	154.17	20.07	5.14	23.02	41.30	23.75	62.06	1.02	26.40	26.34
8/17/2026 10:21:18 AM	11.47	1.36	5.15	0.45	0.00	0.00	0.00	0.00	18.43	83.93	0.26	25.09	6081	1358	2316	14	0	0	0	0	9769	153.08	20.16	5.52	22.56	41.91	23.47	61.06	1.03	26.41	26.34
8/17/2026 10:21:20 AM	12.76	2.07	6.87	0.29	0.00	0.00	0.00	0.00	21.98	83.84	0.27	25.00	6761	2072	3091	9	0	0	0	0	11932	152.91	24.46	6.40	27.53	48.90	28.07	72.09	1.03	26.41	26.37
8/17/2026 10:21:23 AM	13.05	1.18	5.56	1.18	0.00	0.00	0.00	0.00	20.97	83.50	0.28	24.85	6916	1179	2502	35	0	0	0	0	10632	152.30	23.62	6.30	25.51	46.84	27.35	71.64	1.03	26.43	26.38
8/17/2026 10:21:26 AM	13.73	1.78	7.52	0.68	0.00	0.00	0.00	0.00	23.70	83.15	0.29	24.88	7277	1780	3382	20	0	0	0	0	12459	151.66	27.19	7.01	28.94	52.86	29.93	79.76	1.03	26.45	26.37
8/17/2026 10:21:29 AM	14.98	1.83	7.44	0.80	0.00	0.00	0.00	0.00	25.06	82.68	0.30	25.00	7941	1830	3348	24	0	0	0	0	13144	150.81	28.09	7.08	30.36	55.73	31.64	84.28	1.03	26.46	26.38
8/17/2026 10:21:31 AM	14.28	2.05	7.78	0.52	0.00	0.00	0.00	0.00	24.63	82.78	0.31	24.99	7568	2048	3501	16	0	0	0	0	13133	150.98	27.70	6.60	30.21	54.10	31.26	82.49	1.03	26.46	26.37
8/17/2026 10:21:34 AM	13.53	2.28	8.84	0.00	0.00	0.00	0.00	0.00	24.65	82.69	0.32	25.00	7173	2284	3976	0	0	0	0	0	13433	150.81	28.14	6.99	30.52	53.89	30.19	82.34	1.03	26.47	26.37
8/17/2026 10:21:37 AM	14.22	2.20	7.74	0.84	0.00	0.00	0.00	0.00	25.00	82.76	0.34	25.00	7538	2205	3483	25	0	0	0	0	13250	150.96	28.59	7.63	31.59	54.80	32.55	83.37	1.03	26.48	26.40
8/17/2026 10:21:39 AM	15.29	2.21	7.89	0.78	0.00	0.00	0.00	0.00	26.18	82.69	0.34	25.02	8106	2213	3552	23	0	0	0	0	13893	150.82	29.43	8.31	32.61	58.07	33.10	86.98	1.03	26.53	26.40
8/17/2026 10:21:42 AM	14.56	2.25	8.35	0.78	0.00	0.00	0.00	0.00	25.94	82.27	0.36	24.96	7719	2247	3757	24	0	0	0	0	13747	150.05	30.01	8.34	32.57	57.36	33.12	86.53	1.03	26.51	26.45
8/17/2026 10:21:45 AM	14.90	2.49	9.58	0.57	0.00	0.00	0.00	0.00	27.54	82.53	0.37	24.86	7897	2489	4313	17	0	0	0	0	14716	150.53	32.31	8.08	34.29	60.44	34.98	92.15	1.04	26.53	26.48
8/17/2026 10:21:48 AM	15.02	2.83	10.20	0.27	0.00	0.00	0.00	0.00	28.32	82.13	0.38	24.76	7963	2826	4590	8	0	0	0	0	15388	149.80	32.83	8.20	35.77	60.88	35.67	94.62	1.04	26.52	26.50
8/17/2026 10:21:50 AM	15.58	2.06	9.04	0.82	0.00	0.00	0.00	0.00	27.50	81.91	0.39	24.73	8259	2057	4066	25	0	0	0	0	14406	149.40	32.09	8.85	33.47	61.73	34.01	92.51	1.04	26.56	26.51
8/17/2026 10:21:53 AM	15.13	2.06	9.18	0.93	0.00	0.00	0.00	0.00	27.30	80.96	0.40	24.70	8021	2059	4129	28	0	0	0	0	14238	147.68	32.48	8.62	33.36	61.23	34.39	92.04	1.04	26.55	26.53
8/17/2026 10:21:56 AM	14.54	2.08	8.89	0.86	0.00	0.00	0.00	0.00	26.37	81.73	0.42	24.63	7704	2077	4002	26	0	0	0	0	13808	149.07	31.21	7.63	32.46	58.13	33.84	89.28	1.04	26.57	26.53
8/17/2026 10:21:59 AM	15.49	2.40	8.94	0.67	0.00	0.00	0.00	0.00	27.51	82.10	0.42	24.51	8212	2399	4025	20	0	0	0	0	14656	149.75	31.41	7.64	34.09	59.93	35.06	92.23	1.04	26.57	26.51
8/17/2026 10:22:01 AM	16.35	2.17	7.67	1.35	0.00	0.00	0.00	0.00	27.54	81.97	0.44	24.49	8664	2171	3452	41	0	0	0	0	14327	149.52	31.15	8.41	34.32	60.94	36.03	92.04	1.04	26.57	26.56
8/17/2026 10:22:04 AM	14.80	2.64	9.49	1.08	0.00	0.00	0.00	0.00	28.01	80.96	0.45	24.51	7844	2642	4269	33	0	0	0	0	14787	147.66	33.71	9.14	35.91	61.57	37.01	93.28	1.04	26.57	26.55
8/17/2026 10:22:07 AM	15.55	2.58	9.53	1.27	0.00	0.00	0.00	0.00	28.94	81.34	0.46	24.50	8243	2582	4288	38	0	0	0	0	15152	148.36	34.57	9.08	36.88	63.05	38.34	97.23	1.05	26.59	26.56
8/17/2026 10:22:10 AM	16.62	2.97	8.93	2.56	0.00	0.00	0.00	0.00	31.09	80.42	0.48	24.37	8811	2974	4018	77	0	0	0	0	15880	146.68	37.79	10.71	41.66	66.84	44.70	103.88	1.05	26.60	26.63
8/17/2026 10:22:12 AM	17.91	5.71	9.17	6.63	0.00	0.00	0.00	0.00	39.42	76.64	0.49	24.28	9493	5708	4127	199	0	0	0	0	19527	139.79	52.47	19.14	62.94	81.03	69.39	126.64	1.05	26.58	26.59
8/17/2026 10:22:15 AM	17.80	5.11	8.72	6.76	0.00	0.00	0.00	0.00	38.39	77.33	0.50	24.26	9435	5108	3926	203	0	0	0	0	18672	141.05	51.26	18.71	60.69	78.86	67.28	125.22	1.05	26.58	26.61
8/17/2026 10:22:17 AM	17.54	5.07	9.40	6.31	0.00	0.00	0.00	0.00	38.32	77.70	0.52	24.21	9295	5071	4231	189	0	0	0	0	18787	141.73	51.41	17.87	59.63	79.46	66.25	124.88	1.05	26.62	26.66
8/17/2026 10:22:20 AM	16.80	5.36	9.96	6.18	0.00	0.00	0.00	0.00	38.31	77.36	0.53	23.97	8906	5362	4484	185	0	0	0	0	18938	141.10	52.15	17.69	60.08	79.45	66.91	124.01	1.05	26.61	26.66
8/17/2026 10:22:23 AM	16.93	5.89	10.28	6.77	0.00	0.00	0.00	0.00	39.88	76.63	0.55	24.01	8972	5892	4628	203	0	0	0	0	19695	139.77	54.81	19.93	64.24	81.84	70.70	128.53	1.05	26.62	26.66
8/17/2026 10:22:26 AM	18.69	5.82	9.46	7.46	0.00	0.00	0.00	0.00	41.43	76.77	0.55	24.03	9905	5815	4257	224	0	0	0	0	20201	140.04	56.03	20.85	66.27	85.69	73.49	133.58	1.05	26.63	26.66
8/17/2026 10:22:29 AM	19.26	5.67	9.39	8.48	0.00	0.00	0.00	0.00	42.80	76.44	0.56	24.07	10206	5668	4227	254	0	0	0	0	20356	139.42	59.22	21.61	68.21	89.57	77.38	138.81	1.05	26.62	26.71
8/17/2026 10:22:31 AM	19.72	5.72	8.94	8.57	0.00	0.00	0.00	0.00	42.95	75.91	0.58	24.02	10453	5723	4021	257	0	0	0	0	20454	138.46	58.61	21.94	68.83	89.13	77.62	139.31	1.06	26.62	26.69
8/17/2026 10:22:34 AM	20.72	5.89	8.58	8.29	0.00	0.00	0.00	0.00	43.49	76.50	0.59	23.92	10983	5891	3862	249	0	0	0	0	20985	139.54	57.90	21.05	68.94	90.68	78.01	139.76	1.06	26.63	26.69
8/17/2026 10:22:37 AM	21.23	6.40	9.11	7.97	0.00	0.00	0.00	0.00	44.71	76.17	0.60	23.79	11253	6401	4100	239	0	0	0	0	21992	138.94	58.43	22.01	71.49	91.87	79.02	143.12	1.06	26.62	26.74
8/17/2026 10:22:40 AM	21.25	5.98	8.01	8.14	0.00	0.00	0.00	0.00	43.37	76.11	0.61	23.68	11260	5980	3605	244	0	0	0	0	21089	138.82	56.24	21.18	69.27	88.95	77.33	139.48	1.06	26.64	26.75
8/17/2026 10:22:43 AM	21.50	6.19	7.98	7.74	0.00	0.00	0.00	0.00	43.41	76.20	0.62	23.60	11394	6195	3590	232	0	0	0	0	21411	138.99	55.26	20.82	69.36	88.53	76.79	138.83	1.06	26.63	26.75
8/17/2026 10:22:45 AM	20.79	6.82	9.65	6.96	0.00	0.00	0.00	0.00	44.22	75.67	0.63	23.41	11017	6823	4344	209	0	0	0	0	22393	138.02	56.56	20.50	70.78	89.47	77.26	140.46	1.06	26.62	26.72
8/17/2026 10:22:48 AM	21.09	7.74	8.96	6.34	0.00	0.00	0.00	0.00	44.13	75.89	0.64	23.13	11178	7743	4030	190	0	0	0	0	23141	138.42	53.78	20.53	72.66	86.79	77.38	137.16	1.06	26.64	26.77
8/17/2026 10:22:51 AM	21.18	9.40	10.30	4.12	0.00	0.00	0.00	0.00	45.00	75.69	0.65	23.01	11228	9404	4633	123	0	0	0	0	25388	138.06	51.11	18.38	74.87	85.31	76.71	135.41	1.06	26.63	26.79
8/17/2026 10:22:54 AM	21.58	10.26	10.49	3.39	0.00	0.00	0.00	0.00	45.73	75.50	0.66	22.65	11439	10263	4719	102	0	0	0	0	26523	137.71	50.07	18.10	76.95	85.14	77.47	135.30	1.06	26.63	26.77
8/17/2026 10:22:56 AM	21.55	9.50	9.68	3.67	0.00	0.00	0.00	0.00	44.40	75.92	0.67	21.93	11424	9495	4358	110	0	0	0	0	25388	138.47	48.77	17.81	73.92	83.79	75.01	132.38	1.07	26.62	26.80
8/17/2026 10:22:59 AM	20.85	9.16	9.31	3.12	0.00	0.00	0.00	0.00	42.43	75.99	0.69	21.81	11051	9157	4188	93	0	0	0	0	24488	138.60	46.09	16.12	69.92	81.05	71.25	125.28	1.07	26.62	26.79
8/17/2026 10:23:02 AM	21.24	9.23	9.12	2.65	0.00	0.00	0.00	0.00	42.25	76.01	0.69	22.01	11256	9235	4106	80	0	0	0	0	24676	138.65	44.50	15.78	69.47	80.09	69.83	124.32	1.07	26.65	26.83
8/17/2026 10:23:05 AM	20.99	9.03	8.97	3.01	0.00	0.00	0.00	0.00	42.00	75.59	0.70	22.18	11127	9030	4035	90	0	0	0	0	24282	137.88	45.10	16.58	69.17	80.68	69.79	123.60	1.07	26.62	26.83
8/17/2026 10:23:07 AM	20.77	8.17	8.79	2.06	0.00	0.00	0.00	0.00	39.79	75.79	0.71	22.48	11009	8174	3954	62	0	0	0	0	23199	138.24	41.84	14.62	62.85	79.37	63.23	116.41	1.07	26.62	26.87
8/17/2026 10:23:10 AM	20.74	8.22	8.64	0.49	0.00	0.00	0.00	0.00	38.09	75.36	0.72	22.63	10994	8219	3887	15	0	0	0	0	23114	137.45	37.60	13.11	58.67	78.24	57.28	107.53	1.07	26.63	26.85
8/17/2026 10:23:13 AM	21.51	7.73	7.79	1.00	0.00	0.00	0.00	0.00	38.03	75.38	0.73	22.72	11402	7731	3507	30	0	0	0	0	22670	137.49	37.54	13.46	57.80	79.55	57.16	107.96	1.07	26.62	26.87
8/17/2026 10:23:15 AM	21.74	7.43	7.85	1.12	0.00	0.00	0.00	0.00	38.14	75.17	0.74	22.62	11523	7432	3532	33	0	0	0	0	22519	137.11	37.77	12.84	57.22	79.44	57.14	109.88	1.07	26.62	26.88
8/17/2026 10:23:18 AM	20.95	8.19	8.52	1.05	0.00	0.00	0.00	0.00	38.71	74.80	0.76	22.55	11103	8188	3832	32	0	0	0	0	23156	136.43	39.05	13.30	59.80	79.47	59.53	110.08	1.07	26.63	26.88
8/17/2026 10:23:21 AM	21.36	8.18	8.52	1.25	0.00	0.00	0.00	0.00	39.31	75.04	0.77	22.00	11322	8176	3834	38	0	0	0	0	23370	136.87	39.76	13.89	60.76	80.56	60.38	112.47	1.08	26.62	26.90
8/17/2026 10:23:24 AM	21.18	8.43	8.87	0.78	0.00	0.00	0.00	0.00	39.25	74.48	0.77	21.75	11225	8425	3992	23	0	0	0	0	23665	135.85	39.28	13.53	60.64	80.46	59.71	111.24	1.08	26.62	26.90
8/17/2026 10:23:26 AM	21.33	8.26	8.12	0.86	0.00	0.00	0.00	0.00	38.57	75.13	0.78	21.83	11306	8257	3656	26	0	0	0	0	23244	137.04	37.94	12.96	59.50	79.15	59.01	108.92	1.08	26.59	26.88
8/17/2026 10:23:29 AM	20.84	8.23	8.45	0.00	0.00	0.00	0.00	0.14	37.52	74.40	0.79	21.80	11046	8230	3802	0	0	0	0	0	23078	135.70	36.33	12.85	57.51	79.80	55.24	105.51	1.08	26.59	26.91
8/17/2026 10:23:32 AM	20.90	7.39	6.91	0.82	0.00	0.00	0.00	0.32	36.03	74.14	0.81	21.73	11077	7393	3111	25	0	0	0	0	21605	135.23	35.33	12.27	54.76	79.93	54.46	103.74	1.08	26.59	26.91
8/17/2026 10:23:35 AM	19.49	7.47	7.34	0.00	0.00	0.00	0.00	0.77	34.30	74.11	0.82	21.03	10329	7473	3301	0	0	0	0	0	21103	135.17	34.07	11.47	53.02	81.86	50.80	100.74	1.08	26.56	26.87
8/17/2026 10:23:37 AM	18.73	6.51	6.27	0.59	0.00	0.00	0.00	0.99	32.10	73.87	0.82	21.01	9929	6506	2821	18	0	0	0	0	19274	134.75	32.88	11.03	48.88	81.07	48.70	97.54	1.08	26.56	26.87
8/17/2026 10:23:40 AM	19.00	7.13	6.99	0.00	0.00	0.00	0.00	0.87	33.12	73.82	0.83	20.90	10069	7135	3145	0	0	0	0	0	20348	134.65	33.00	11.27	50.84	81.01	49.26	98.40	1.08	26.57	26.91
8/17/2026 10:23:43 AM	18.74	6.66	6.05	0.45	0.00	0.00	0.00	1.02	31.90	73.77	0.84	20.96	9931	6665	2721	14	0	0	0	0	19330	134.57	32.16	10.99	48.98	80.80	48.48	96.41	1.08	26.57	26.96
8/17/2026 10:23:46 AM	17.64	6.59	6.11	0.00	0.00	0.00	0.00	1.19	30.35	73.40	0.85	21.06	9351	6590	2751	0	0	0	0	0	18691	133.88	30.74	10.35	47.47	79.63	45.24	92.51	1.08	26.52	26.91
8/17/2026 10:23:48 AM	16.96	6.09	6.03	0.00	0.00	0.00	0.00	1.36	29.08	73.33	0.87	21.10	8991	6089	2713	0	0	0	0	0	17794	133.76	30.15	9.77	44.53	79.66	43.67	90.98	1.08	26.52	26.93
8/17/2026 10:23:51 AM	16.87	6.31	5.62	0.00	0.00	0.00	0.00	1.39	28.80	72.34	0.88	21.17	8939	6308	2530	0	0	0	0	0	17777	131.95	29.52	9.51	45.43	79.02	43.37	89.27	1.09	26.52	26.93
8/17/2026 10:23:54 AM	16.57	6.31	5.46	0.00	0.00	0.00	0.00	1.39	28.33	72.49	0.89	21.07	8780	6307	2456	0	0	0	0	0	17543	132.22	28.97	9.80	45.18	77.86	42.72	87.60	1.09	26.52	26.98
8/17/2026 10:23:56 AM	16.77	5.96	5.10	0.13	0.00	0.00	0.00	1.40	27.96	73.04	0.90	20.81	8887	5963	2296	4	0	0	0	0	17151	133.23	28.40	9.94	43.44	77.73	42.49	87.40	1.09	26.50	26.93
8/17/2026 10:23:59 AM	16.31	6.23	5.51	0.02	0.00	0.00	0.00	1.43	28.07	73.01	0.91	20.25	8643	6229	2480	1	0	0	0	0	17353	133.16	28.96	9.74	44.05	77.95	43.21	87.33	1.09	26.49	27.03
8/17/2026 10:24:02 AM	16.03	5.89	5.49	0.00	0.00	0.00	0.00	1.47	27.41	73.27	0.92	20.23	8495	5893	2469	0	0	0	0	0	16857	133.65	28.56	9.50	42.69	77.47	41.64	86.44	1.09	26.47	27.03
8/17/2026 10:24:05 AM	15.20	5.57	5.26	0.00	0.00	0.00	0.00	1.52	26.03	73.17	0.92	19.80	8057	5566	2367	0	0	0	0	0	15990	133.47	27.49	9.14	40.53	75.38	39.79	83.08	1.09	26.46	27.03
8/17/2026 10:24:07 AM	14.86	5.36	4.86	0.12	0.00	0.00	0.00	1.55	25.21	73.59	0.93	19.16	7877	5361	2189	4	0	0	0	0	15431	134.23	26.73	8.74	39.31	74.09	39.04	80.98	1.09	26.43	27.01
8/17/2026 10:24:10 AM	14.92	5.38	4.84	0.07	0.00	0.00	0.00	1.53	25.21	73.43	0.94	18.70	7907	5376	2176	2	0	0	0	0	15462	133.94	26.52	8.88	39.35	73.76	38.82	80.73	1.09	26.44	27.01
8/17/2026 10:24:13 AM	13.74	5.43	4.46	0.00	0.00	0.00	0.00	1.66	23.63	73.91	0.95	18.07	7284	5434	2006	0	0	0	0	0	14723	134.82	25.17	8.57	38.23	71.73	37.36	75.98	1.09	26.41	27.01
8/17/2026 10:24:16 AM	11.81	5.00	3.95	0.00	0.00	0.00	0.00	1.84	20.76	74.76	0.96	17.96	6257	5003	1778	0	0	0	0	0	13037	136.36	23.11	7.87	34.65	68.10	33.98	68.76	1.09	26.39	27.01
8/17/2026 10:24:19 AM	11.70	4.88	3.87	0.00	0.00	0.00	0.00	1.84	20.46	74.97	0.97	18.15	6203	4881	1743	0	0	0	0	0	12826	136.75	22.79	7.61	34.02	67.47	33.46	68.03	1.09	26.37	27.00
8/17/2026 10:24:21 AM	12.00	4.99	3.90	0.06	0.00	0.00	0.00	1.80	20.95	74.65	0.98	18.56	6360	4986	1753	2	0	0	0	0	13101	136.16	23.16	7.90	34.67	67.89	34.41	69.09	1.10	26.34	26.98
8/17/2026 10:24:24 AM	12.12	4.76	3.77	0.22	0.00	0.00	0.00	1.79	20.87	74.88	0.98	18.75	6424	4757	1695	7	0	0	0	0	12883	136.58	23.25	7.82	34.15	67.99	34.23	69.48	1.10	26.35	27.01
8/17/2026 10:24:27 AM	12.28	5.13	4.02	0.00	0.00	0.00	0.00	1.76	21.43	74.45	0.99	18.54	6511	5130	1809	0	0	0	0	0	13450	135.79	23.43	7.97	35.44	68.39	34.93	70.09	1.10	26.31	27.00
8/17/2026 10:24:29 AM	12.31	5.16	4.04	0.00	0.00	0.00	0.00	1.77	21.51	74.86	1.00	18.52	6526	5156	1820	0	0	0	0	0	13502	136.54	23.57	8.00	35.87	68.69	34.76	70.35	1.10	26.32	27.06
8/17/2026 10:24:32 AM	10.94	4.91	3.70	0.03	0.00	0.00	0.00	1.93	19.58	74.86	1.02	18.23	5797	4911	1665	1	0	0	0	0	12374	136.55	22.29	7.46	33.24	66.57	33.16	65.58	1.10	26.29	27.03
8/17/2026 10:24:35 AM	10.32	4.90	3.74	0.00	0.00	0.00	0.00	2.01	18.96	75.20	1.01	18.41	5468	4902	1681	0	0	0	0	0	12052	137.17	22.13	7.43	32.87	66.32	32.41	64.16	1.10	26.27	27.03
8/17/2026 10:24:38 AM	11.09	5.00	3.84	0.00	0.00	0.00	0.00	1.90	19.92	75.30	1.03	18.67	5876	4996	1726	0	0	0	0	0	12598	137.34	22.62	7.49	33.96	66.96	33.34	66.35	1.10	26.23	27.06
8/17/2026 10:24:41 AM	10.30	4.81	3.47	0.06	0.00	0.00	0.00	2.08	18.64	75.26	1.04	18.49	5459	4810	1560	2	0	0	0	0	11831	137.27	21.79	7.16	32.20	66.58	32.36	63.69	1.10	26.22	27.03
8/17/2026 10:24:43 AM	10.05	4.71	3.41	0.03	0.00	0.00	0.00	2.05	18.21	75.44	1.05	18.20	5329	4715	1535	1	0	0	0	0	11580	137.60	21.32	7.02	31.53	65.38	31.67	62.35	1.10	26.21	27.04
8/17/2026 10:24:46 AM	9.93	4.85	3.60	0.00	0.00	0.00	0.00	2.08	18.38	75.49	1.06	18.07	5263	4849	1622	0	0	0	0	0	11734	137.69	21.73	7.19	32.10	65.97	32.03	62.82	1.10	26.17	27.03
8/17/2026 10:24:49 AM	9.78	4.97	3.52	0.00	0.00	0.00	0.00	2.10	18.27	75.41	1.07	17.73	5182	4969	1585	0	0	0	0	0	11736	137.54	21.61	7.19	32.48	65.76	32.08	62.14	1.10	26.15	27.03
8/17/2026 10:24:51 AM	9.40	4.95	3.36	0.00	0.00	0.00	0.00	2.21	17.70	75.36	1.09	17.54	4982	4947	1511	0	0	0	0	0	11440	137.45	21.25	7.09	31.85	65.90	31.75	60.97	1.11	26.14	27.06
8/17/2026 10:24:55 AM	9.16	4.88	3.16	0.00	0.00	0.00	0.00	2.28	17.21	75.60	1.10	17.90	4854	4883	1423	0	0	0	0	0	11161	137.89	20.83	6.87	31.30	65.87	31.18	59.93	1.11	26.11	27.04
8/17/2026 10:24:57 AM	9.13	4.97	3.16	0.00	0.00	0.00	0.00	2.28	17.26	75.77	1.10	18.05	4838	4974	1422	0	0	0	0	0	11234	138.20	20.89	6.79	31.72	65.79	31.34	59.79	1.11	26.08	27.03
8/17/2026 10:25:00 AM	8.87	5.07	3.13	0.00	0.00	0.00	0.00	2.35	17.07	75.54	1.12	18.14	4700	5071	1406	0	0	0	0	0	11178	137.79	20.87	7.10	31.95	66.17	31.32	59.32	1.11	26.04	27.01
8/17/2026 10:25:03 AM	8.51	5.01	3.14	0.00	0.00	0.00	0.00	2.43	16.65	75.79	1.13	18.22	4509	5009	1412	0	0	0	0	0	10930	138.24	20.82	6.79	31.18	66.38	31.24	58.72	1.11	26.01	27.01
8/17/2026 10:25:05 AM	8.18	5.01	3.10	0.00	0.00	0.00	0.00	2.52	16.28	76.09	1.14	18.15	4333	5011	1394	0	0	0	0	0	10738	138.78	20.74	6.83	30.91	66.77	30.99	58.11	1.11	26.03	27.06
8/17/2026 10:25:08 AM	7.67	4.97	2.81	0.13	0.00	0.00	0.00	2.69	15.59	76.00	1.15	18.20	4065	4971	1265	4	0	0	0	0	10304	138.62	20.57	6.84	30.34	67.50	30.88	56.98	1.11	25.96	27.01
8/17/2026 10:25:11 AM	7.41	5.07	2.95	0.04	0.00	0.00	0.00	2.73	15.47	75.94	1.16	18.10	3926	5067	1329	1	0	0	0	0	10322	138.51	20.59	6.88	30.42	67.61	30.78	56.62	1.11	25.93	27.00
8/17/2026 10:25:14 AM	7.22	5.15	2.93	0.00	0.00	0.00	0.00	2.76	15.30	75.96	1.18	18.08	3829	5151	1318	0	0	0	0	0	10297	138.56	20.48	6.75	30.66	67.54	30.57	56.00	1.12	25.91	27.01
8/17/2026 10:25:16 AM	6.89	5.21	2.87	0.00	0.00	0.00	0.00	2.87	14.97	75.92	1.19	17.87	3650	5211	1291	0	0	0	0	0	10152	138.49	20.42	6.78	30.50	68.14	30.60	55.43	1.12	25.91	27.03
8/17/2026 10:25:19 AM	7.04	5.21	2.80	0.00	0.00	0.00	0.00	2.91	15.05	76.01	1.20	17.91	3730	5211	1258	0	0	0	0	0	10199	138.65	20.44	6.72	30.50	68.90	30.77	55.93	1.12	25.88	27.03
8/17/2026 10:25:22 AM	6.77	5.14	2.89	0.00	0.00	0.00	0.00	2.93	14.80	76.02	1.21	17.85	3589	5135	1301	0	0	0	0	0	10025	138.66	20.47	6.79	30.10	68.68	30.39	55.53	1.12	25.85	27.01
8/17/2026 10:25:24 AM	6.75	5.16	2.82	0.00	0.00	0.00	0.00	2.93	14.73	76.09	1.22	17.65	3576	5161	1270	0	0	0	0	0	10007	138.79	20.33	6.89	30.11	68.52	30.38	55.21	1.12	25.82	26.96
8/17/2026 10:25:27 AM	6.76	5.27	2.65	0.00	0.00	0.00	0.00	3.01	14.68	76.12	1.23	17.27	3582	5271	1193	0	0	0	0	0	10046	138.85	20.26	6.69	30.66	69.30	30.37	55.12	1.12	25.77	26.95
8/17/2026 10:25:29 AM	6.44	5.30	2.76	0.00	0.00	0.00	0.00	3.06	14.50	76.22	1.24	16.91	3413	5300	1241	0	0	0	0	0	9954	139.02	20.42	6.71	30.53	69.49	30.45	54.84	1.12	25.76	26.95
8/17/2026 10:25:32 AM	6.34	5.33	2.69	0.00	0.00	0.00	0.00	3.10	14.37	76.18	1.25	16.95	3363	5331	1213	0	0	0	0	0	9906	138.95	20.38	6.72	30.87	69.73	30.06	54.57	1.12	25.74	26.96
8/17/2026 10:25:35 AM	6.33	5.32	2.71	0.00	0.00	0.00	0.00	3.11	14.35	76.20	1.26	16.86	3353	5317	1219	0	0	0	0	0	9889	138.99	20.37	6.77	30.44	69.82	30.42	54.64	1.12	25.68	26.95
8/17/2026 10:25:38 AM	6.41	5.28	2.64	0.00	0.00	0.00	0.00	3.07	14.32	76.20	1.27	16.87	3396	5276	1187	0	0	0	0	0	9858	138.99	20.16	6.64	30.29	69.31	30.25	54.35	1.12	25.66	26.98
8/17/2026 10:25:40 AM	6.37	5.36	2.68	0.00	0.00	0.00	0.00	3.04	14.41	76.24	1.28	16.58	3378	5364	1204	0	0	0	0	0	9947	139.07	20.21	6.70	30.57	68.92	30.58	54.18	1.13	25.65	26.93
8/17/2026 10:25:43 AM	6.38	5.10	2.75	0.00	0.00	0.00	0.00	2.94	14.23	76.23	1.29	16.38	3381	5099	1238	0	0	0	0	0	9717	139.04	19.98	6.58	29.63	67.62	29.72	53.78	1.13	25.60	26.90
8/17/2026 10:25:46 AM	6.72	5.09	2.57	0.00	0.00	0.00	0.00	2.91	14.38	76.26	1.30	16.33	3561	5094	1157	0	0	0	0	0	9812	139.09	19.72	6.55	29.87	67.47	29.60	53.93	1.13	25.57	26.90
8/17/2026 10:25:49 AM	6.75	5.07	2.70	0.00	0.00	0.00	0.00	2.81	14.52	76.19	1.30	16.33	3579	5069	1216	0	0	0	0	0	9864	138.97	19.78	6.58	29.70	66.56	29.82	53.92	1.13	25.55	26.91
8/17/2026 10:25:51 AM	7.31	4.79	2.68	0.00	0.00	0.00	0.00	2.48	14.79	76.33	1.32	16.38	3876	4790	1207	0	0	0	0	0	9873	139.23	19.12	6.43	28.99	62.94	29.10	53.26	1.13	25.50	26.90
8/17/2026 10:25:54 AM	7.78	4.90	2.74	0.00	0.00	0.00	0.00	2.40	15.42	76.47	1.33	16.42	4122	4905	1232	0	0	0	0	0	10259	139.47	19.45	6.54	30.05	63.25	29.61	54.52	1.13	25.45	26.88
8/17/2026 10:25:57 AM	7.58	4.75	2.78	0.00	0.00	0.00	0.00	2.39	15.11	76.38	1.34	16.56	4019	4746	1250	0	0	0	0	0	10016	139.32	19.26	6.54	29.21	62.52	29.08	53.89	1.13	25.44	26.88
8/17/2026 10:25:59 AM	7.59	4.61	2.67	0.00	0.00	0.00	0.00	2.28	14.88	76.45	1.35	16.68	4025	4610	1202	0	0	0	0	0	9837	139.44	18.72	6.25	28.57	60.71	28.50	52.73	1.13	25.42	26.88
8/17/2026 10:26:02 AM	7.88	4.54	2.83	0.00	0.00	0.00	0.00	2.14	15.25	76.39	1.36	16.37	4179	4539	1273	0	0	0	0	0	9990	139.34	18.86	6.42	28.68	59.79	28.50	53.32	1.13	25.36	26.88
8/17/2026 10:26:05 AM	8.16	4.31	2.78	0.00	0.00	0.00	0.00	1.87	15.26	76.40	1.37	16.46	4325	4312	1252	0	0	0	0	0	9890	139.36	18.18	6.10	27.94	56.35	27.74	52.08	1.13	25.36	26.87
8/17/2026 10:26:08 AM	8.29	4.24	2.75	0.01	0.00	0.00	0.00	1.81	15.30	76.52	1.38	16.22	4396	4241	1238	0	0	0	0	0	9874	139.57	18.01	6.17	27.58	55.68	27.78	51.99	1.14	25.32	26.85
8/17/2026 10:26:10 AM	8.50	4.20	2.81	0.00	0.00	0.00	0.00	1.76	15.52	76.45	1.39	16.29	4506	4202	1266	0	0	0	0	0	9974	139.44	18.11	6.21	27.82	55.59	27.58	52.52	1.14	25.27	26.80
8/17/2026 10:26:13 AM	8.27	4.13	2.76	0.00	0.00	0.00	0.00	1.75	15.16	76.49	1.40	16.26	4384	4130	1240	0	0	0	0	0	9754	139.52	17.79	5.99	27.13	54.79	27.30	51.49	1.14	25.27	26.83
8/17/2026 10:26:16 AM	8.63	3.90	2.92	0.00	0.00	0.00	0.00	1.46	15.45	76.54	1.41	16.37	4576	3900	1313	0	0	0	0	0	9789	139.61	17.54	5.96	26.66	51.73	26.74	51.20	1.14	25.23	26.82
8/17/2026 10:26:19 AM	8.68	3.73	2.73	0.10	0.00	0.00	0.00	1.45	15.24	76.50	1.43	16.59	4603	3727	1229	3	0	0	0	0	9561	139.54	17.33	5.81	26.05	51.46	26.46	50.93	1.14	25.20	26.83
8/17/2026 10:26:21 AM	9.14	3.96	2.91	0.00	0.00	0.00	0.00	1.34	16.01	76.66	1.44	16.60	4843	3961	1311	0	0	0	0	0	10115	139.83	17.61	6.10	27.39	51.38	27.11	52.06	1.14	25.15	26.80
8/17/2026 10:26:24 AM	8.80	3.78	2.94	0.00	0.00	0.00	0.00	1.27	15.51	76.58	1.45	16.82	4662	3781	1321	0	0	0	0	0	9764	139.68	17.18	5.88	26.36	49.48	26.32	50.47	1.14	25.11	26.72
8/17/2026 10:26:27 AM	8.90	3.66	2.93	0.00	0.00	0.00	0.00	1.23	15.49	76.63	1.47	16.84	4715	3663	1319	0	0	0	0	0	9697	139.77	17.08	5.71	25.97	49.12	26.02	50.51	1.14	25.11	26.74
8/17/2026 10:26:30 AM	9.19	3.81	3.05	0.00	0.00	0.00	0.00	1.17	16.04	76.76	1.48	16.58	4870	3806	1371	0	0	0	0	0	10048	140.01	17.47	5.98	26.99	49.40	26.60	51.56	1.15	25.06	26.74
8/17/2026 10:26:32 AM	9.02	3.73	3.04	0.00	0.00	0.00	0.00	1.22	15.79	76.28	1.49	16.29	4783	3726	1369	0	0	0	0	0	9878	139.13	17.39	5.95	26.38	49.54	26.45	51.29	1.15	25.02	26.69
8/17/2026 10:26:35 AM	9.19	3.51	2.70	0.16	0.00	0.00	0.00	1.24	15.55	76.35	1.51	16.35	4869	3512	1213	5	0	0	0	0	9598	139.26	17.09	5.83	25.75	49.54	26.15	51.12	1.15	25.00	26.71
8/17/2026 10:26:38 AM	8.91	3.70	2.80	0.00	0.00	0.00	0.00	1.16	15.42	76.65	1.52	16.58	4725	3696	1262	0	0	0	0	0	9683	139.82	16.68	5.82	26.08	47.87	25.81	49.56	1.15	24.96	26.71
8/17/2026 10:26:40 AM	9.11	3.48	3.00	0.00	0.00	0.00	0.00	0.98	15.59	76.42	1.53	16.74	4827	3482	1351	0	0	0	0	0	9660	139.40	16.67	5.71	25.46	46.14	25.46	49.68	1.15	24.96	26.74
8/17/2026 10:26:44 AM	8.75	3.46	2.84	0.00	0.00	0.00	0.00	1.03	15.06	76.57	1.55	15.98	4639	3464	1278	0	0	0	0	0	9382	139.67	16.22	5.68	24.99	45.61	24.95	48.22	1.15	24.89	26.69
8/17/2026 10:26:46 AM	8.75	3.40	2.85	0.00	0.00	0.00	0.00	0.94	15.00	76.75	1.56	15.80	4637	3397	1283	0	0	0	0	0	9316	140.00	16.01	5.53	24.77	44.32	24.62	47.60	1.15	24.85	26.67
8/17/2026 10:26:49 AM	8.65	3.13	2.50	0.13	0.00	0.00	0.00	0.92	14.40	76.82	1.58	15.89	4582	3129	1125	4	0	0	0	0	8840	140.12	15.34	5.21	23.49	42.99	23.97	46.13	1.15	24.83	26.59
8/17/2026 10:26:52 AM	8.81	3.24	2.61	0.00	0.00	0.00	0.00	0.87	14.66	76.67	1.59	15.67	4668	3241	1176	0	0	0	0	0	9085	139.84	15.27	5.21	23.98	42.69	23.91	46.27	1.16	24.81	26.64
8/17/2026 10:26:54 AM	8.55	3.06	2.54	0.04	0.00	0.00	0.00	0.82	14.18	76.80	1.60	15.43	4531	3055	1143	1	0	0	0	0	8730	140.08	14.82	5.13	22.97	41.15	23.22	44.88	1.16	24.80	26.63
8/17/2026 10:26:57 AM	8.34	3.05	2.56	0.01	0.00	0.00	0.00	0.85	13.96	76.94	1.61	15.32	4418	3046	1152	0	0	0	0	0	8616	140.34	14.75	4.98	22.71	41.04	23.04	44.39	1.16	24.73	26.56
8/17/2026 10:27:00 AM	8.35	3.01	2.48	0.00	0.00	0.00	0.00	0.81	13.84	76.88	1.63	15.50	4428	3007	1116	0	0	0	0	0	8551	140.24	14.44	4.97	22.52	40.36	22.69	43.83	1.16	24.70	26.59
8/17/2026 10:27:03 AM	8.23	2.95	2.44	0.00	0.00	0.00	0.00	0.82	13.61	76.91	1.63	15.70	4360	2949	1097	0	0	0	0	0	8407	140.29	14.27	4.75	22.11	40.01	22.45	43.27	1.16	24.69	26.55
8/17/2026 10:27:05 AM	8.22	3.01	2.50	0.00	0.00	0.00	0.00	0.79	13.73	76.85	1.64	15.74	4357	3009	1126	0	0	0	0	0	8492	140.18	14.39	4.87	22.51	39.78	22.52	43.32	1.16	24.64	26.58
8/17/2026 10:27:08 AM	8.17	2.92	2.39	0.05	0.00	0.00	0.00	0.83	13.53	76.82	1.65	15.36	4333	2916	1076	2	0	0	0	0	8326	140.11	14.29	4.74	21.98	40.00	22.50	43.18	1.16	24.61	26.53
8/17/2026 10:27:11 AM	8.33	3.01	2.42	0.00	0.00	0.00	0.00	0.84	13.76	76.88	1.67	15.20	4413	3009	1089	0	0	0	0	0	8511	140.24	14.38	4.68	22.47	40.45	22.66	43.65	1.16	24.58	26.51
8/17/2026 10:27:14 AM	8.26	3.05	2.33	0.00	0.00	0.00	0.00	0.83	13.64	76.85	1.68	15.34	4377	3052	1049	0	0	0	0	0	8479	140.17	14.15	4.85	22.58	39.99	22.52	43.02	1.16	24.55	26.53
8/17/2026 10:27:16 AM	8.15	2.90	2.38	0.01	0.00	0.00	0.00	0.84	13.44	76.92	1.69	15.48	4319	2903	1073	0	0	0	0	0	8295	140.31	14.14	4.76	21.84	39.97	22.22	42.97	1.17	24.49	26.51
8/17/2026 10:27:19 AM	8.33	2.95	2.39	0.00	0.00	0.00	0.00	0.85	13.67	76.84	1.70	15.41	4413	2953	1077	0	0	0	0	0	8443	140.15	14.29	4.85	22.23	40.52	22.43	43.62	1.17	24.47	26.47
8/17/2026 10:27:22 AM	8.58	3.11	2.38	0.00	0.00	0.00	0.00	0.83	14.07	76.80	1.72	15.23	4545	3112	1072	0	0	0	0	0	8729	140.08	14.48	4.93	23.01	40.99	23.14	44.32	1.17	24.45	26.47
8/17/2026 10:27:25 AM	8.36	2.90	2.31	0.06	0.00	0.00	0.00	0.86	13.63	76.89	1.73	15.79	4431	2899	1040	2	0	0	0	0	8371	140.25	14.27	4.81	22.05	40.57	22.50	43.65	1.17	24.40	26.43
8/17/2026 10:27:27 AM	8.33	3.02	2.26	0.02	0.00	0.00	0.00	0.86	13.63	76.70	1.74	15.80	4417	3016	1016	1	0	0	0	0	8450	139.91	14.13	4.93	22.36	40.44	22.65	43.28	1.17	24.40	26.37
8/17/2026 10:27:30 AM	8.37	3.04	2.25	0.00	0.00	0.00	0.00	0.86	13.66	76.77	1.75	15.88	4435	3036	1013	0	0	0	0	0	8484	140.02	14.08	4.90	22.46	40.47	22.58	43.28	1.17	24.35	26.40
8/17/2026 10:27:32 AM	8.31	2.96	2.33	0.00	0.00	0.00	0.00	0.87	13.59	76.69	1.77	15.70	4404	2955	1047	0	0	0	0	0	8406	139.88	14.20	4.68	22.11	40.64	22.47	43.46	1.17	24.31	26.40
8/17/2026 10:27:35 AM	8.27	3.03	2.35	0.00	0.00	0.00	0.00	0.87	13.65	76.60	1.78	15.64	4383	3031	1058	0	0	0	0	0	8471	139.72	14.28	4.80	22.56	40.60	22.50	43.40	1.17	24.30	26.40
8/17/2026 10:27:38 AM	8.11	2.74	2.22	0.11	0.00	0.00	0.00	0.86	13.19	76.68	1.80	15.26	4299	2744	999	3	0	0	0	0	8046	139.87	14.01	4.59	21.27	39.86	21.95	42.68	1.18	24.29	26.43
8/17/2026 10:27:41 AM	7.99	2.93	2.33	0.00	0.00	0.00	0.00	0.87	13.25	76.68	1.81	15.05	4233	2932	1049	0	0	0	0	0	8214	139.86	13.99	4.79	21.85	39.80	22.00	42.37	1.18	24.24	26.35
8/17/2026 10:27:44 AM	8.02	3.01	2.27	0.00	0.00	0.00	0.00	0.87	13.30	76.53	1.83	14.82	4249	3011	1022	0	0	0	0	0	8282	139.59	13.95	4.83	22.22	39.82	22.10	42.27	1.18	24.19	26.35
8/17/2026 10:27:46 AM	7.88	2.93	2.37	0.02	0.00	0.00	0.00	0.87	13.19	76.75	1.84	14.71	4175	2929	1064	1	0	0	0	0	8168	139.99	14.07	4.70	21.71	39.70	22.17	42.25	1.18	24.14	26.34
8/17/2026 10:27:49 AM	8.01	3.06	2.33	0.00	0.00	0.00	0.00	0.85	13.41	76.52	1.86	14.43	4247	3060	1050	0	0	0	0	0	8357	139.57	14.07	4.91	22.45	39.75	22.31	42.38	1.18	24.15	26.29
8/17/2026 10:27:52 AM	8.03	2.99	2.40	0.00	0.00	0.00	0.00	0.87	13.42	76.50	1.87	14.50	4256	2991	1079	0	0	0	0	0	8326	139.54	14.22	4.85	22.29	40.19	22.18	42.83	1.18	24.10	26.27
8/17/2026 10:27:55 AM	8.13	3.03	2.35	0.00	0.00	0.00	0.00	0.88	13.52	76.53	1.89	14.44	4309	3032	1059	0	0	0	0	0	8400	139.59	14.23	4.77	22.39	40.43	22.47	43.04	1.18	24.05	26.22
8/17/2026 10:27:57 AM	8.35	3.08	2.39	0.00	0.00	0.00	0.00	0.87	13.83	76.34	1.89	14.36	4428	3082	1076	0	0	0	0	0	8586	139.24	14.44	4.86	22.73	40.96	22.91	43.87	1.19	24.03	26.21
8/17/2026 10:28:00 AM	8.33	3.20	2.50	0.00	0.00	0.00	0.00	0.89	14.03	76.18	1.91	14.41	4417	3196	1127	0	0	0	0	0	8740	138.96	14.78	4.98	23.26	41.51	23.37	44.39	1.19	23.99	26.21
8/17/2026 10:28:03 AM	8.15	3.16	2.58	0.05	0.00	0.00	0.00	0.92	13.93	76.11	1.92	14.41	4317	3162	1160	1	0	0	0	0	8641	138.83	15.02	4.99	23.05	41.77	23.52	44.47	1.19	23.99	26.22
8/17/2026 10:28:06 AM	8.03	3.22	2.16	0.09	0.00	0.00	0.00	1.00	13.51	76.29	1.93	14.32	4257	3218	974	3	0	0	0	0	8451	139.16	14.41	4.93	22.89	41.74	23.43	43.18	1.19	23.94	26.19
8/17/2026 10:28:09 AM	8.81	4.13	1.91	0.00	0.00	0.00	0.00	0.91	14.86	76.27	1.95	14.31	4670	4134	861	0	0	0	0	0	9665	139.12	14.69	5.50	28.62	42.38	24.03	43.98	1.19	23.89	26.16
8/17/2026 10:28:11 AM	8.30	3.26	2.51	0.00	0.00	0.00	0.00	0.98	14.07	76.19	1.96	14.23	4398	3260	1130	0	0	0	0	0	8788	138.97	15.03	5.11	23.58	42.82	23.54	44.99	1.19	23.86	26.11
8/17/2026 10:28:14 AM	8.82	3.43	2.45	0.00	0.00	0.00	0.00	1.07	14.69	75.76	1.97	14.23	4672	3428	1101	0	0	0	0	0	9202	138.19	15.50	5.32	24.70	45.30	24.40	47.12	1.19	23.84	26.14
8/17/2026 10:28:17 AM	8.57	3.68	2.48	0.00	0.00	0.00	0.00	1.05	14.73	75.48	1.98	14.38	4544	3677	1115	0	0	0	0	0	9336	137.68	15.54	5.48	25.33	44.69	25.15	46.35	1.19	23.84	26.13
8/17/2026 10:28:20 AM	8.89	3.59	2.65	0.00	0.00	0.00	0.00	1.04	15.14	75.73	2.00	14.53	4714	3594	1193	0	0	0	0	0	9500	138.14	16.01	5.52	25.42	45.67	25.33	48.00	1.20	23.76	26.06
8/17/2026 10:28:22 AM	8.88	3.92	2.54	0.00	0.00	0.00	0.00	1.05	15.34	75.50	2.01	14.65	4705	3924	1141	0	0	0	0	0	9770	137.72	16.03	5.77	26.88	45.74	25.89	47.62	1.20	23.73	26.08
8/17/2026 10:28:25 AM	8.82	3.74	2.67	0.00	0.00	0.00	0.00	1.06	15.23	75.49	2.02	14.49	4675	3745	1200	0	0	0	0	0	9620	137.69	16.17	5.60	26.08	45.92	25.64	47.99	1.20	23.72	26.08
8/17/2026 10:28:28 AM	9.11	4.06	2.60	0.00	0.00	0.00	0.00	1.07	15.76	74.19	2.03	14.36	4828	4058	1168	0	0	0	0	0	10054	135.32	16.43	5.89	27.65	46.85	26.57	48.81	1.20	23.69	26.02
8/17/2026 10:28:31 AM	8.82	4.00	2.68	0.00	0.00	0.00	0.00	1.06	15.50	72.27	2.04	14.41	4677	4002	1204	0	0	0	0	0	9884	131.83	16.38	5.76	27.06	46.19	26.49	48.12	1.20	23.67	26.02
8/17/2026 10:28:34 AM	9.42	5.53	3.77	0.00	0.00	0.00	0.00	0.82	18.71	73.42	2.06	14.55	4991	5529	1695	0	0	0	0	0	12215	133.92	19.61	7.04	34.11	48.25	32.92	53.15	1.20	23.61	25.97
