Date/Time	Green Algae	Bluegreen	Diatoms	Cryptophyta	#5	#6	#7	Yellow substances	Total conc.	Transmission	Depth	Temp. Sample	Green Algae	Bluegreen	Diatoms	Cryptophyta	#5	#6	#7	Yellow substances	Total cell count	Trans. 700 nm	LED 3 [525 nm]	LED 4 [570 nm]	LED 5 [610 nm]	LED 6 [370 nm]	LED 7 [590 nm]	LED 8 [470 nm]	Pressure	Temp. LEDs	Temp. Sensor
date	µg/l	µg/l	µg/l	µg/l	µg/l	µg/l	µg/l	r.u.	µg/l	%	m	°C	cells/ml	cells/ml	cells/ml	cells/ml	cells/ml	cells/ml	cells/ml	r.u.	cells/ml	digits	digits	digits	digits	digits	digits	digits	bar	°C	°C
8/10/2026 12:07:59 PM	0.00	0.46	0.00	0.00	0.00	0.00	0.00	0.00	0.46	60.04	-0.04	25.13	0	460	0	0	0	0	0	0	460	109.52	-1.53	-2.54	3.62	1.92	5.55	-1.01	1.00	24.49	25.97
8/10/2026 12:08:02 PM	0.00	0.00	0.00	0.00	0.00	0.00	0.00	0.12	0.00	57.70	-0.05	25.16	0	0	0	0	0	0	0	0	0	105.26	0.24	-5.43	0.88	2.99	4.17	-0.18	1.00	24.59	26.06
8/10/2026 12:08:05 PM	2.30	1.75	0.00	0.00	0.00	0.00	0.00	0.00	4.06	61.07	-0.02	25.72	1222	1754	0	0	0	0	0	0	2975	111.40	0.48	0.33	9.92	7.85	11.83	8.10	1.00	24.65	26.08
8/10/2026 12:08:08 PM	7.79	0.84	1.27	0.90	0.00	0.00	0.00	0.04	10.80	81.89	-0.01	26.34	4130	836	570	27	0	0	0	0	5564	149.36	10.93	5.39	15.27	25.68	15.79	34.62	1.00	24.72	26.06
8/10/2026 12:08:10 PM	6.85	1.33	1.44	0.87	0.00	0.00	0.00	0.37	10.48	82.55	-0.00	26.45	3629	1333	648	26	0	0	0	0	5635	150.56	11.79	4.64	16.10	28.75	17.54	34.47	1.00	24.75	26.08
8/10/2026 12:08:13 PM	9.20	2.11	1.27	0.00	0.00	0.00	0.00	0.00	12.57	82.65	-0.00	26.45	4874	2107	571	0	0	0	0	0	7552	150.76	9.83	4.03	19.09	26.78	18.07	36.19	1.00	24.82	26.08
8/10/2026 12:08:16 PM	9.95	1.59	0.00	0.59	0.00	0.00	0.00	0.06	12.12	83.83	0.01	26.40	5271	1588	0	18	0	0	0	0	6877	152.90	9.14	2.80	16.95	27.70	19.13	35.76	1.00	24.89	26.10
8/10/2026 12:08:18 PM	7.76	1.57	2.59	0.00	0.00	0.00	0.00	0.08	11.93	83.18	0.01	26.33	4113	1575	1167	0	0	0	0	0	6855	151.71	11.89	3.36	17.18	27.86	16.54	36.81	1.00	24.94	26.21
8/10/2026 12:08:21 PM	8.21	0.72	1.46	1.33	0.00	0.00	0.00	0.13	11.72	84.64	0.01	26.33	4349	722	656	40	0	0	0	0	5767	154.37	13.00	5.56	16.24	29.38	17.81	39.01	1.00	24.99	26.13
8/10/2026 12:08:24 PM	9.08	1.12	2.16	0.00	0.00	0.00	0.00	0.00	12.36	83.73	0.01	26.35	4813	1118	973	0	0	0	0	0	6904	152.72	11.21	0.27	15.22	27.70	17.30	39.26	1.00	25.04	26.19
8/10/2026 12:08:26 PM	9.78	1.73	1.96	0.00	0.00	0.00	0.00	0.04	13.47	83.97	0.01	26.34	5184	1732	882	0	0	0	0	0	7798	153.16	11.54	5.13	19.20	30.66	17.35	40.70	1.00	25.09	26.21
8/10/2026 12:08:30 PM	10.00	1.47	2.25	0.32	0.00	0.00	0.00	0.00	14.04	84.48	0.01	26.33	5299	1470	1011	10	0	0	0	0	7790	154.08	12.99	4.26	18.50	31.84	19.31	43.50	1.00	25.14	26.30
8/10/2026 12:08:32 PM	9.99	1.47	2.96	0.00	0.00	0.00	0.00	0.00	14.42	84.86	0.02	26.28	5296	1470	1331	0	0	0	0	0	8097	154.78	13.52	4.61	18.96	32.66	18.20	45.19	1.00	25.21	26.22
8/10/2026 12:08:35 PM	7.77	1.63	4.88	0.08	0.00	0.00	0.00	0.00	14.36	84.88	0.02	26.23	4119	1631	2194	2	0	0	0	0	7947	154.81	16.79	4.36	19.05	32.52	19.98	45.93	1.00	25.22	26.32
8/10/2026 12:08:38 PM	9.44	0.00	2.23	1.56	0.00	0.00	0.00	0.25	13.24	85.06	0.02	26.26	5003	1	1004	47	0	0	0	0	6055	155.14	15.80	5.60	15.89	35.79	18.19	47.68	1.00	25.29	26.29
8/10/2026 12:08:40 PM	10.03	0.77	2.73	0.91	0.00	0.00	0.00	0.00	14.44	85.57	0.02	26.28	5314	768	1229	27	0	0	0	0	7339	156.07	15.23	5.83	18.18	33.96	19.00	47.65	1.00	25.31	26.35
8/10/2026 12:08:43 PM	8.57	1.40	4.93	0.00	0.00	0.00	0.00	0.19	14.90	85.00	0.03	26.21	4542	1398	2219	0	0	0	0	0	8158	155.03	17.46	3.67	18.67	37.00	19.93	49.59	1.00	25.36	26.35
8/10/2026 12:08:46 PM	9.37	1.79	4.51	0.22	0.00	0.00	0.00	0.00	15.90	85.18	0.03	26.09	4964	1795	2030	7	0	0	0	0	8795	155.36	17.31	4.07	20.90	35.18	22.31	50.78	1.00	25.37	26.37
8/10/2026 12:08:49 PM	9.89	1.08	3.17	0.96	0.00	0.00	0.00	0.00	15.09	85.12	0.03	26.13	5241	1075	1426	29	0	0	0	0	7771	155.25	15.94	6.94	20.42	33.22	20.06	50.51	1.00	25.41	26.35
8/10/2026 12:08:51 PM	10.84	0.00	0.00	2.90	0.00	0.00	0.00	0.00	13.74	85.24	0.03	26.13	5746	0	0	87	0	0	0	0	5833	155.47	15.33	9.08	17.24	32.32	20.83	47.78	1.00	25.45	26.38
8/10/2026 12:08:54 PM	7.41	1.48	5.06	0.00	0.00	0.00	0.00	0.37	13.94	84.31	0.03	26.12	3929	1475	2275	0	0	0	0	0	7680	153.77	17.90	1.61	19.82	37.09	18.06	47.45	1.00	25.53	26.42
8/10/2026 12:08:57 PM	9.12	1.23	3.61	0.64	0.00	0.00	0.00	0.10	14.59	84.12	0.03	26.05	4832	1230	1623	19	0	0	0	0	7704	153.44	16.48	3.73	18.50	35.10	20.99	47.82	1.00	25.52	26.42
8/10/2026 12:09:00 PM	9.83	1.44	3.46	0.38	0.00	0.00	0.00	0.04	15.11	85.15	0.04	26.00	5208	1437	1557	11	0	0	0	0	8214	155.31	15.90	2.79	18.84	35.22	21.59	48.29	1.00	25.56	26.42
8/10/2026 12:09:02 PM	8.62	0.82	3.33	1.13	0.00	0.00	0.00	0.21	13.90	84.00	0.04	25.97	4567	823	1499	34	0	0	0	0	6923	153.21	16.89	6.13	18.28	35.73	19.62	47.67	1.00	25.61	26.45
8/10/2026 12:09:05 PM	9.10	0.99	3.76	1.07	0.00	0.00	0.00	0.14	14.92	84.14	0.05	26.03	4821	990	1693	32	0	0	0	0	7536	153.47	18.00	4.32	18.81	36.89	21.86	50.28	1.00	25.62	26.47
8/10/2026 12:09:08 PM	11.38	1.75	2.89	0.00	0.00	0.00	0.00	0.00	16.01	86.17	0.03	26.04	6029	1748	1301	0	0	0	0	0	9077	157.17	14.15	3.87	20.98	34.91	20.71	50.29	1.00	25.70	26.51
8/10/2026 12:09:11 PM	10.35	1.00	3.27	0.72	0.00	0.00	0.00	0.01	15.34	85.03	0.04	26.03	5484	1001	1470	22	0	0	0	0	7977	155.09	16.18	6.28	19.46	36.03	19.70	50.20	1.00	25.73	26.53
8/10/2026 12:09:14 PM	9.46	0.95	4.21	0.51	0.00	0.00	0.00	0.02	15.13	86.84	0.05	25.94	5013	955	1893	15	0	0	0	0	7876	158.38	17.25	3.61	18.04	35.86	20.44	50.30	1.00	25.74	26.53
8/10/2026 12:09:16 PM	8.58	0.80	4.22	1.22	0.00	0.00	0.00	0.01	14.82	84.90	0.06	25.84	4548	801	1899	36	0	0	0	0	7284	154.85	18.74	4.50	18.43	35.29	21.70	50.06	1.01	25.76	26.56
8/10/2026 12:09:19 PM	9.91	1.39	3.92	0.31	0.00	0.00	0.00	0.09	15.53	84.76	0.06	25.83	5253	1387	1765	9	0	0	0	0	8414	154.60	16.61	5.21	19.84	36.99	20.39	50.43	1.01	25.81	26.55
8/10/2026 12:09:22 PM	10.09	0.83	3.25	1.05	0.00	0.00	0.00	0.04	15.21	85.30	0.06	25.88	5345	831	1460	31	0	0	0	0	7668	155.59	17.09	3.67	18.34	36.37	21.71	50.65	1.01	25.86	26.59
8/10/2026 12:09:25 PM	9.96	1.31	3.15	0.70	0.00	0.00	0.00	0.11	15.12	85.03	0.07	25.81	5279	1307	1416	21	0	0	0	0	8023	155.09	16.23	3.99	19.27	36.31	21.63	49.11	1.01	25.86	26.56
8/10/2026 12:09:27 PM	12.10	1.60	1.56	0.79	0.00	0.00	0.00	0.27	16.05	83.13	0.07	25.80	6416	1602	701	24	0	0	0	0	8742	151.62	14.79	4.06	20.91	40.10	23.16	51.33	1.01	25.91	26.64
8/10/2026 12:09:30 PM	11.52	0.52	0.63	2.07	0.00	0.00	0.00	0.26	14.74	85.66	0.07	25.80	6104	518	284	62	0	0	0	0	6968	156.23	15.53	4.04	18.37	38.47	23.11	50.24	1.01	25.92	26.61
8/10/2026 12:09:33 PM	10.71	1.64	3.89	0.00	0.00	0.00	0.00	0.03	16.23	84.38	0.07	25.72	5675	1635	1750	0	0	0	0	0	9060	153.90	16.24	3.98	20.71	37.46	20.79	51.40	1.01	25.94	26.63
8/10/2026 12:09:35 PM	10.72	1.32	2.93	0.32	0.00	0.00	0.00	0.12	15.29	84.56	0.08	25.69	5681	1320	1317	10	0	0	0	0	8327	154.24	15.10	3.36	18.83	36.86	20.77	49.38	1.01	25.97	26.66
8/10/2026 12:09:38 PM	10.45	1.32	3.00	0.70	0.00	0.00	0.00	0.14	15.47	84.35	0.08	25.67	5540	1318	1349	21	0	0	0	0	8228	153.85	16.19	4.75	19.85	37.53	21.52	50.34	1.01	26.00	26.64
8/10/2026 12:09:41 PM	9.75	1.37	3.95	0.43	0.00	0.00	0.00	0.17	15.49	84.79	0.09	25.68	5167	1366	1778	13	0	0	0	0	8323	154.66	17.17	4.24	19.56	38.04	21.32	51.01	1.01	26.02	26.66
8/10/2026 12:09:43 PM	9.97	1.36	3.68	0.60	0.00	0.00	0.00	0.04	15.61	84.37	0.09	25.68	5282	1361	1655	18	0	0	0	0	8317	153.88	16.95	4.23	19.77	36.53	21.84	50.42	1.01	26.06	26.69
8/10/2026 12:09:46 PM	10.75	1.20	2.85	0.90	0.00	0.00	0.00	0.09	15.70	84.39	0.09	25.68	5698	1201	1283	27	0	0	0	0	8209	153.91	16.47	4.62	19.88	37.66	22.06	51.16	1.01	26.07	26.71
8/10/2026 12:09:49 PM	10.15	1.17	3.31	0.74	0.00	0.00	0.00	0.11	15.38	84.97	0.10	25.64	5380	1174	1490	22	0	0	0	0	8066	154.98	16.64	5.04	19.55	37.15	21.08	50.50	1.01	26.12	26.67
8/10/2026 12:09:52 PM	9.25	1.25	3.75	0.75	0.00	0.00	0.00	0.22	15.00	84.47	0.10	25.60	4902	1252	1687	22	0	0	0	0	7863	154.06	17.41	5.04	19.50	37.83	21.22	50.15	1.01	26.11	26.74
8/10/2026 12:09:54 PM	10.73	1.46	3.51	0.24	0.00	0.00	0.00	0.09	15.95	84.63	0.10	25.57	5688	1457	1581	7	0	0	0	0	8734	154.37	16.10	4.42	20.00	37.83	21.04	51.28	1.01	26.16	26.75
8/10/2026 12:09:57 PM	10.07	1.54	4.48	0.23	0.00	0.00	0.00	0.00	16.32	84.46	0.11	25.46	5336	1543	2014	7	0	0	0	0	8900	154.05	17.61	4.84	20.65	37.41	21.56	52.31	1.01	26.17	26.69
8/10/2026 12:10:00 PM	11.04	1.22	3.49	0.59	0.00	0.00	0.00	0.00	16.34	84.31	0.12	25.40	5851	1224	1570	18	0	0	0	0	8663	153.78	16.88	4.76	20.16	37.86	21.66	52.85	1.01	26.20	26.82
8/10/2026 12:10:03 PM	10.23	1.02	3.54	0.89	0.00	0.00	0.00	0.08	15.68	85.22	0.12	25.38	5424	1022	1591	27	0	0	0	0	8064	155.44	17.46	5.01	19.54	37.80	21.49	52.03	1.01	26.22	26.72
8/10/2026 12:10:05 PM	10.49	1.27	3.84	0.43	0.00	0.00	0.00	0.08	16.03	84.22	0.12	25.44	5560	1273	1729	13	0	0	0	0	8575	153.61	17.08	4.56	19.83	38.27	21.25	52.41	1.01	26.23	26.75
8/10/2026 12:10:08 PM	11.08	1.32	3.63	0.39	0.00	0.00	0.00	0.07	16.42	84.74	0.12	25.36	5871	1320	1635	12	0	0	0	0	8837	154.57	16.88	4.39	20.16	38.95	21.63	53.31	1.01	26.23	26.80
8/10/2026 12:10:11 PM	10.85	1.80	4.06	0.02	0.00	0.00	0.00	0.03	16.73	84.49	0.13	25.32	5751	1798	1827	1	0	0	0	0	9377	154.10	16.79	4.65	21.35	38.39	21.93	52.69	1.01	26.25	26.82
8/10/2026 12:10:13 PM	10.16	1.81	3.78	0.31	0.00	0.00	0.00	0.21	16.07	84.65	0.14	25.14	5385	1811	1703	9	0	0	0	0	8908	154.40	17.10	4.16	21.03	39.21	22.71	51.64	1.01	26.29	26.87
8/10/2026 12:10:16 PM	10.80	1.75	3.96	0.20	0.00	0.00	0.00	0.05	16.71	84.49	0.14	24.92	5724	1751	1782	6	0	0	0	0	9263	154.11	17.05	5.20	21.58	38.69	22.06	52.92	1.01	26.32	26.85
8/10/2026 12:10:19 PM	10.15	2.59	3.96	0.00	0.00	0.00	0.00	0.09	16.69	83.96	0.14	24.76	5379	2589	1780	0	0	0	0	0	9748	153.13	16.84	4.91	23.89	37.90	23.46	50.48	1.01	26.32	26.83
8/10/2026 12:10:22 PM	10.42	2.40	4.16	0.00	0.00	0.00	0.00	0.04	16.98	83.56	0.15	24.61	5523	2403	1871	0	0	0	0	0	9797	152.41	17.11	5.60	23.59	38.22	23.13	51.80	1.01	26.35	26.87
8/10/2026 12:10:24 PM	10.23	2.82	3.82	0.00	0.00	0.00	0.00	0.09	16.87	83.68	0.15	24.41	5420	2822	1719	0	0	0	0	0	9961	152.62	16.72	5.08	24.45	37.91	24.41	50.24	1.01	26.36	26.87
8/10/2026 12:10:27 PM	10.47	2.59	3.28	0.29	0.00	0.00	0.00	0.14	16.63	83.73	0.15	24.32	5549	2586	1478	9	0	0	0	0	9622	152.71	16.47	5.25	23.80	38.32	24.54	50.28	1.01	26.37	26.88
8/10/2026 12:10:30 PM	10.59	2.90	3.34	0.15	0.00	0.00	0.00	0.19	16.98	83.55	0.16	24.36	5610	2899	1504	5	0	0	0	0	10018	152.40	16.58	5.27	24.77	39.37	25.31	50.81	1.02	26.38	26.91
8/10/2026 12:10:33 PM	10.63	3.59	3.73	0.00	0.00	0.00	0.00	0.06	17.95	83.24	0.17	24.44	5633	3589	1679	0	0	0	0	0	10901	151.82	17.25	5.72	27.83	38.96	26.78	51.23	1.02	26.42	26.95
8/10/2026 12:10:36 PM	10.24	3.76	3.50	0.00	0.00	0.00	0.00	0.13	17.50	83.15	0.17	24.50	5426	3759	1576	0	0	0	0	0	10761	151.67	16.78	5.53	27.51	38.54	27.35	49.56	1.02	26.42	26.91
8/10/2026 12:10:38 PM	9.71	4.66	4.10	0.00	0.00	0.00	0.00	0.17	18.47	83.24	0.17	24.56	5146	4660	1844	0	0	0	0	0	11650	151.82	18.49	6.47	31.33	40.01	30.06	50.67	1.02	26.45	27.00
8/10/2026 12:10:41 PM	10.03	4.59	2.93	0.28	0.00	0.00	0.00	0.17	17.83	82.96	0.17	24.58	5316	4591	1318	8	0	0	0	0	11234	151.32	16.86	6.67	30.42	38.46	30.41	48.11	1.02	26.46	27.01
8/10/2026 12:10:44 PM	9.81	4.85	2.57	0.34	0.00	0.00	0.00	0.18	17.58	82.58	0.18	24.54	5201	4855	1156	10	0	0	0	0	11222	150.63	16.35	6.83	31.01	37.65	30.96	46.36	1.02	26.47	27.01
8/10/2026 12:10:47 PM	8.45	5.46	3.72	0.00	0.00	0.00	0.00	0.24	17.63	82.97	0.18	24.20	4476	5464	1674	0	0	0	0	0	11614	151.33	17.71	6.37	32.73	37.78	31.61	45.72	1.02	26.49	27.01
8/10/2026 12:10:49 PM	9.06	5.38	3.06	0.00	0.00	0.00	0.00	0.28	17.50	82.67	0.18	23.77	4801	5384	1378	0	0	0	0	0	11563	150.79	16.53	7.46	32.46	38.01	30.86	45.34	1.02	26.51	27.00
8/10/2026 12:10:52 PM	8.91	5.60	2.85	0.00	0.00	0.00	0.00	0.23	17.35	83.07	0.19	23.68	4721	5598	1281	0	0	0	0	0	11600	151.51	16.12	6.30	32.50	36.69	31.85	43.73	1.02	26.52	27.01
8/10/2026 12:10:55 PM	9.24	5.28	2.63	0.00	0.00	0.00	0.00	0.31	17.16	83.06	0.20	23.87	4899	5281	1185	0	0	0	0	0	11365	151.49	15.78	6.59	31.79	37.79	30.45	44.45	1.02	26.51	27.01
8/10/2026 12:10:57 PM	8.88	5.53	2.83	0.00	0.00	0.00	0.00	0.32	17.24	83.30	0.20	23.86	4705	5532	1274	0	0	0	0	0	11511	151.94	16.22	6.59	32.67	37.71	31.14	44.13	1.02	26.53	27.06
8/10/2026 12:11:00 PM	9.23	5.44	2.60	0.00	0.00	0.00	0.00	0.30	17.27	82.95	0.20	22.89	4893	5438	1170	0	0	0	0	0	11501	151.30	15.88	5.62	32.23	37.59	31.20	44.20	1.02	26.52	27.00
8/10/2026 12:11:03 PM	8.75	5.25	2.97	0.00	0.00	0.00	0.00	0.34	16.97	83.35	0.21	22.63	4637	5253	1338	0	0	0	0	0	11227	152.02	16.30	6.38	31.67	37.76	30.28	44.32	1.02	26.56	27.03
8/10/2026 12:11:06 PM	8.92	5.55	2.73	0.00	0.00	0.00	0.00	0.32	17.20	83.51	0.21	22.27	4726	5554	1230	0	0	0	0	0	11510	152.31	16.04	6.38	32.49	37.55	31.39	43.87	1.02	26.58	27.08
8/10/2026 12:11:08 PM	8.82	5.41	3.16	0.00	0.00	0.00	0.00	0.29	17.39	83.62	0.21	21.79	4676	5406	1423	0	0	0	0	0	11505	152.51	16.74	6.87	32.55	37.93	30.84	45.06	1.02	26.58	27.06
8/10/2026 12:11:11 PM	8.67	5.36	3.04	0.00	0.00	0.00	0.00	0.38	17.07	83.22	0.22	21.85	4597	5360	1369	0	0	0	0	0	11325	151.78	16.54	6.42	31.57	38.51	31.24	44.73	1.02	26.59	27.08
8/10/2026 12:11:14 PM	9.22	5.51	2.44	0.00	0.00	0.00	0.00	0.29	17.18	83.33	0.22	21.89	4889	5514	1097	0	0	0	0	0	11500	151.98	15.46	6.50	32.20	37.12	31.29	43.50	1.02	26.57	27.04
8/10/2026 12:11:17 PM	9.17	5.48	2.45	0.00	0.00	0.00	0.00	0.33	17.10	83.21	0.22	21.58	4857	5484	1102	0	0	0	0	0	11443	151.78	15.53	6.57	32.30	37.56	30.90	43.63	1.02	26.57	27.12
8/10/2026 12:11:19 PM	9.43	5.38	2.38	0.00	0.00	0.00	0.00	0.31	17.20	83.31	0.23	21.19	5000	5383	1071	0	0	0	0	0	11454	151.95	15.41	6.37	31.82	37.69	31.02	44.09	1.02	26.57	27.14
8/10/2026 12:11:22 PM	8.70	5.37	2.90	0.03	0.00	0.00	0.00	0.34	17.01	83.42	0.24	20.81	4613	5374	1305	1	0	0	0	0	11293	152.16	16.25	6.55	31.55	37.73	31.26	44.10	1.02	26.57	27.19
8/10/2026 12:11:25 PM	9.01	5.34	1.97	0.49	0.00	0.00	0.00	0.46	16.82	83.65	0.24	20.78	4778	5340	887	15	0	0	0	0	11020	152.58	15.98	7.05	31.97	38.82	32.11	43.94	1.02	26.59	27.22
8/10/2026 12:11:28 PM	9.13	6.06	2.19	0.10	0.00	0.00	0.00	0.47	17.48	83.65	0.25	21.37	4840	6061	988	3	0	0	0	0	11892	152.57	15.88	7.23	34.03	39.46	33.36	43.98	1.02	26.57	27.19
8/10/2026 12:11:30 PM	8.36	5.96	2.78	0.00	0.00	0.00	0.00	0.46	17.10	84.05	0.25	20.73	4433	5960	1250	0	0	0	0	0	11642	153.30	16.40	6.60	33.46	38.63	32.59	43.31	1.02	26.58	27.14
8/10/2026 12:11:33 PM	9.13	6.25	2.66	0.00	0.00	0.00	0.00	0.38	18.04	83.71	0.26	20.50	4838	6253	1196	0	0	0	0	0	12287	152.68	16.58	7.05	34.95	39.36	34.07	44.91	1.02	26.56	27.16
8/10/2026 12:11:35 PM	8.22	6.13	2.98	0.20	0.00	0.00	0.00	0.44	17.54	83.58	0.26	20.80	4358	6130	1342	6	0	0	0	0	11837	152.44	17.39	7.18	34.35	39.14	34.23	44.35	1.03	26.57	27.17
8/10/2026 12:11:38 PM	9.23	8.58	3.14	0.00	0.00	0.00	0.00	0.41	20.96	83.15	0.26	21.09	4894	8582	1413	0	0	0	0	0	14889	151.67	19.33	9.06	44.16	43.09	42.15	47.96	1.03	26.59	27.19
8/10/2026 12:11:41 PM	9.44	10.04	2.77	0.00	0.00	0.00	0.00	0.48	22.26	83.06	0.27	21.06	5005	10039	1248	0	0	0	0	0	16292	151.51	19.95	9.30	49.87	44.96	46.38	48.07	1.03	26.56	27.16
8/10/2026 12:11:44 PM	9.61	10.44	3.06	0.00	0.00	0.00	0.00	0.34	23.12	82.96	0.27	20.54	5093	10445	1378	0	0	0	0	0	16916	151.32	20.58	9.82	51.39	44.37	48.36	48.86	1.03	26.56	27.20
8/10/2026 12:11:47 PM	8.78	10.84	3.26	0.00	0.00	0.00	0.00	0.45	22.87	82.88	0.27	20.37	4653	10839	1465	0	0	0	0	0	16957	151.17	20.97	10.60	52.04	44.81	49.53	47.83	1.03	26.58	27.17
8/10/2026 12:11:49 PM	9.94	14.90	2.53	0.00	0.00	0.00	0.00	0.51	27.37	82.46	0.28	20.27	5269	14899	1138	0	0	0	0	0	21307	150.41	23.09	12.20	67.21	49.88	63.39	50.15	1.03	26.56	27.17
8/10/2026 12:11:52 PM	10.00	14.94	2.45	0.00	0.00	0.00	0.00	0.50	27.39	82.61	0.28	19.85	5299	14940	1103	0	0	0	0	0	21343	150.68	23.11	11.90	68.41	49.82	62.37	49.97	1.03	26.58	27.22
8/10/2026 12:11:55 PM	10.33	18.03	2.30	0.00	0.00	0.00	0.00	0.50	30.66	82.37	0.29	19.60	5474	18030	1037	0	0	0	0	0	24541	150.25	24.96	14.55	78.97	52.75	73.57	51.28	1.03	26.56	27.25
8/10/2026 12:11:58 PM	10.27	17.18	2.42	0.00	0.00	0.00	0.00	0.44	29.87	81.85	0.29	19.53	5442	17177	1091	0	0	0	0	0	23710	149.28	24.46	14.50	76.32	51.39	70.23	50.92	1.03	26.54	27.22
8/10/2026 12:12:00 PM	10.48	19.34	2.36	0.00	0.00	0.00	0.00	0.51	32.18	81.61	0.30	19.84	5556	19341	1060	0	0	0	0	0	25957	148.84	26.01	15.42	83.22	54.39	78.89	52.38	1.03	26.52	27.24
8/10/2026 12:12:03 PM	11.66	31.60	0.93	0.00	0.00	0.00	0.00	0.52	44.19	79.70	0.30	19.68	6179	31603	418	0	0	0	0	0	38201	145.37	32.20	22.82	128.12	64.06	118.68	53.79	1.03	26.52	27.24
8/10/2026 12:12:06 PM	12.49	40.69	0.21	0.00	0.00	0.00	0.00	0.45	53.38	78.06	0.31	18.66	6617	40685	93	0	0	0	0	0	47396	142.39	37.33	28.08	161.53	70.79	148.53	55.43	1.03	26.51	27.24
8/10/2026 12:12:09 PM	12.67	62.89	0.00	0.00	0.00	0.00	0.00	0.25	75.56	74.67	0.31	17.73	6714	62893	0	0	0	0	0	0	69607	136.19	46.68	40.85	249.93	87.42	215.29	59.50	1.03	26.50	27.22
8/10/2026 12:12:12 PM	13.05	60.77	0.00	0.00	0.00	0.00	0.00	0.19	73.82	74.53	0.32	17.96	6915	60773	0	0	0	0	0	0	67688	135.94	46.51	40.12	241.02	85.50	209.76	59.78	1.03	26.47	27.19
8/10/2026 12:12:14 PM	13.27	62.63	0.00	0.00	0.00	0.00	0.00	0.16	75.90	74.09	0.32	18.36	7036	62628	0	0	0	0	0	0	69663	135.13	47.52	41.19	245.28	87.12	219.06	60.88	1.03	26.47	27.25
8/10/2026 12:12:17 PM	13.65	65.28	0.00	0.00	0.00	0.00	0.00	0.16	78.93	73.45	0.32	18.73	7233	65284	0	0	0	0	0	0	72517	133.98	49.45	42.58	256.66	90.28	226.80	62.75	1.03	26.42	27.22
8/10/2026 12:12:20 PM	13.75	66.19	0.00	0.00	0.00	0.00	0.00	0.17	79.94	73.75	0.33	18.85	7288	66190	0	0	0	0	0	0	73479	134.51	49.65	43.87	260.80	91.41	229.06	63.36	1.03	26.43	27.24
8/10/2026 12:12:23 PM	14.58	68.95	0.00	0.00	0.00	0.00	0.00	0.00	83.54	72.61	0.33	18.48	7729	68952	0	0	0	0	0	0	76682	132.44	50.42	45.03	273.68	93.26	236.88	65.88	1.03	26.41	27.22
8/10/2026 12:12:25 PM	14.38	68.68	0.00	0.00	0.00	0.00	0.00	0.00	83.06	72.41	0.34	18.39	7622	68677	0	0	0	0	0	0	76299	132.07	50.67	44.66	272.33	92.84	235.87	64.88	1.03	26.38	27.19
8/10/2026 12:12:28 PM	14.96	68.16	0.00	0.00	0.00	0.00	0.00	0.00	83.13	72.26	0.34	18.55	7931	68165	0	0	0	0	0	0	76096	131.80	52.54	44.50	268.43	93.20	237.04	66.84	1.03	26.38	27.25
8/10/2026 12:12:31 PM	18.14	78.33	0.00	0.00	0.00	0.00	0.00	0.00	96.47	72.35	0.35	18.56	9614	78332	0	0	0	0	0	0	87946	131.97	62.41	52.54	310.77	106.38	270.77	81.64	1.03	26.37	27.27
8/10/2026 12:12:33 PM	17.30	74.49	0.00	0.00	0.00	0.00	0.00	0.00	91.79	71.78	0.35	18.32	9168	74491	0	0	0	0	0	0	83659	130.94	59.34	49.42	293.01	102.60	260.38	76.94	1.03	26.38	27.28
8/10/2026 12:12:36 PM	20.97	92.53	4.59	0.00	0.00	0.00	0.00	0.00	118.08	67.00	0.36	17.89	11114	92528	2064	0	0	0	0	0	105706	122.21	84.76	65.61	363.07	132.24	331.59	115.61	1.04	26.32	27.25
8/10/2026 12:12:39 PM	21.65	93.45	3.98	0.00	0.00	0.00	0.00	0.00	119.08	67.64	0.36	18.23	11475	93446	1792	0	0	0	0	0	106712	123.37	84.74	66.00	368.49	133.33	332.30	115.46	1.04	26.31	27.28
8/10/2026 12:12:42 PM	23.09	101.80	2.87	0.00	0.00	0.00	0.00	0.00	127.76	67.03	0.37	18.08	12240	101798	1291	0	0	0	0	0	115328	122.26	89.06	71.22	401.29	140.61	357.84	118.08	1.04	26.30	27.27
8/10/2026 12:12:44 PM	23.04	112.62	2.47	0.00	0.00	0.00	0.00	0.00	138.13	66.51	0.37	17.79	12212	112618	1112	0	0	0	0	0	125942	121.32	95.28	78.15	439.41	147.31	394.68	119.96	1.04	26.27	27.27
8/10/2026 12:12:47 PM	21.68	105.98	4.11	0.00	0.00	0.00	0.00	0.00	131.76	66.83	0.38	17.77	11490	105977	1849	0	0	0	0	0	119315	121.90	93.42	74.19	411.35	144.13	377.36	119.34	1.04	26.25	27.24
8/10/2026 12:12:50 PM	23.30	126.48	1.10	0.00	0.00	0.00	0.00	0.00	150.87	65.63	0.38	16.05	12348	126476	495	0	0	0	0	0	139319	119.72	102.00	86.08	486.70	156.32	442.01	118.69	1.04	26.22	27.24
8/10/2026 12:12:53 PM	23.87	127.52	0.96	0.00	0.00	0.00	0.00	0.00	152.35	65.12	0.39	16.35	12649	127519	433	0	0	0	0	0	140601	118.78	102.67	87.34	492.51	157.54	444.06	120.72	1.04	26.18	27.20
8/10/2026 12:12:55 PM	23.01	125.22	1.66	0.00	0.00	0.00	0.00	0.00	149.89	65.18	0.39	16.77	12194	125221	749	0	0	0	0	0	138164	118.90	102.19	86.63	482.46	156.46	437.78	119.36	1.04	26.17	27.19
8/10/2026 12:12:58 PM	23.87	122.84	0.29	0.00	0.00	0.00	0.00	0.00	146.99	66.21	0.40	16.88	12651	122836	129	0	0	0	0	0	135617	120.77	98.20	83.41	475.09	152.43	427.51	116.48	1.04	26.13	27.19
8/10/2026 12:13:01 PM	24.00	126.22	0.00	0.00	0.00	0.00	0.00	0.00	150.22	66.41	0.40	17.01	12718	126224	0	0	0	0	0	0	138942	121.14	98.92	84.86	489.66	153.67	436.60	117.52	1.04	26.14	27.25
8/10/2026 12:13:04 PM	21.92	110.58	1.55	0.00	0.00	0.00	0.00	0.00	134.05	67.28	0.40	15.80	11620	110578	696	0	0	0	0	0	122895	122.72	89.16	73.96	429.80	131.87	389.05	118.22	1.04	26.08	27.22
8/10/2026 12:13:06 PM	21.94	109.70	1.65	0.00	0.00	0.00	0.00	0.00	133.29	67.41	0.41	14.96	11629	109699	743	0	0	0	0	0	122071	122.97	89.08	73.52	426.18	132.79	386.47	117.52	1.04	26.07	27.20
8/10/2026 12:13:09 PM	22.06	112.99	2.42	0.00	0.00	0.00	0.00	0.00	137.47	66.92	0.41	14.45	11693	112994	1087	0	0	0	0	0	125773	122.06	93.35	76.55	438.27	139.28	398.60	120.75	1.04	26.05	27.22
8/10/2026 12:13:12 PM	22.25	100.75	1.83	0.00	0.00	0.00	0.00	0.00	124.83	68.09	0.41	14.87	11792	100755	824	0	0	0	0	0	113370	124.20	83.05	67.50	395.63	124.33	355.95	118.46	1.04	26.01	27.20
8/10/2026 12:13:14 PM	21.67	100.01	2.18	0.00	0.00	0.00	0.00	0.00	123.86	68.50	0.42	14.99	11485	100009	982	0	0	0	0	0	112476	124.95	82.68	67.79	392.60	122.45	353.59	118.32	1.04	25.98	27.22
8/10/2026 12:13:17 PM	21.93	101.20	2.31	0.00	0.00	0.00	0.00	0.00	125.43	67.78	0.43	15.24	11622	101199	1039	0	0	0	0	0	113859	123.64	84.05	67.83	395.71	125.12	359.53	119.47	1.04	25.92	27.20
8/10/2026 12:13:20 PM	23.27	104.36	1.84	0.00	0.00	0.00	0.00	0.00	129.47	67.84	0.43	15.34	12332	104355	829	0	0	0	0	0	117516	123.74	85.95	70.77	410.65	128.99	367.70	123.32	1.04	25.91	27.19
8/10/2026 12:13:23 PM	22.90	104.92	1.69	0.00	0.00	0.00	0.00	0.00	129.52	67.77	0.44	15.31	12138	104923	763	0	0	0	0	0	117823	123.61	85.92	70.79	412.53	128.43	368.86	121.53	1.04	25.86	27.19
8/10/2026 12:13:25 PM	23.71	107.44	1.17	0.00	0.00	0.00	0.00	0.00	132.32	67.53	0.45	15.48	12568	107441	524	0	0	0	0	0	120534	123.19	87.39	72.50	422.93	132.36	375.92	121.84	1.04	25.84	27.19
8/10/2026 12:13:28 PM	24.28	107.09	0.90	0.00	0.00	0.00	0.00	0.00	132.27	67.28	0.46	15.60	12868	107092	407	0	0	0	0	0	120366	122.73	86.78	72.07	424.44	131.28	372.57	123.56	1.05	25.81	27.19
8/10/2026 12:13:31 PM	24.44	104.25	0.93	0.00	0.00	0.00	0.00	0.00	129.63	67.42	0.47	15.91	12954	104253	419	0	0	0	0	0	117626	122.97	84.73	70.60	414.21	128.66	363.44	123.98	1.05	25.76	27.17
8/10/2026 12:13:34 PM	20.53	80.34	0.95	0.00	0.00	0.00	0.00	0.00	101.82	68.83	0.49	15.91	10880	80344	428	0	0	0	0	0	91652	125.55	67.36	53.38	319.14	105.87	284.47	100.67	1.05	25.74	27.11
8/10/2026 12:13:37 PM	17.57	70.92	0.56	1.94	0.00	0.00	0.00	0.00	90.99	71.27	0.49	15.66	9310	70925	252	58	0	0	0	0	80545	130.00	64.31	49.81	278.57	98.79	264.81	91.67	1.05	25.71	27.16
8/10/2026 12:13:39 PM	13.29	40.49	0.00	0.00	0.00	0.00	0.00	0.00	53.78	76.50	0.49	15.28	7042	40489	0	0	0	0	0	0	47532	139.54	35.35	27.79	162.52	65.05	146.84	54.63	1.05	25.66	27.14
8/10/2026 12:13:42 PM	14.78	47.94	0.00	0.00	0.00	0.00	0.00	0.00	62.72	75.77	0.50	15.11	7833	47941	0	0	0	0	0	0	55775	138.21	40.77	32.49	192.64	71.97	171.74	63.41	1.05	25.64	27.16
8/10/2026 12:13:45 PM	12.71	38.26	0.51	0.00	0.00	0.00	0.00	0.00	51.48	76.41	0.52	14.67	6737	38263	228	0	0	0	0	0	45228	139.37	35.16	26.73	152.59	62.91	141.27	54.26	1.05	25.57	27.09
8/10/2026 12:13:47 PM	14.04	44.42	0.00	0.00	0.00	0.00	0.00	0.00	58.46	75.84	0.52	13.60	7441	44424	0	0	0	0	0	0	51866	138.33	37.79	30.73	179.94	68.89	158.24	59.01	1.05	25.56	27.09
8/10/2026 12:13:50 PM	9.46	25.57	0.00	0.00	0.00	0.00	0.00	0.15	35.03	76.77	0.53	13.02	5014	25568	0	0	0	0	0	0	30582	140.04	23.90	17.62	103.81	46.35	95.18	38.64	1.05	25.51	27.09
8/10/2026 12:13:53 PM	7.99	20.01	0.01	0.00	0.00	0.00	0.00	0.12	28.01	76.78	0.53	12.84	4233	20013	6	0	0	0	0	0	24252	140.05	19.32	14.09	81.73	37.87	76.08	32.25	1.05	25.49	27.08
8/10/2026 12:13:55 PM	7.32	18.38	0.00	0.00	0.00	0.00	0.00	0.13	25.69	76.92	0.54	12.54	3877	18379	0	0	0	0	0	0	22256	140.31	17.75	12.97	76.05	35.02	69.19	29.59	1.05	25.47	27.06
8/10/2026 12:13:59 PM	7.46	18.16	0.00	0.00	0.00	0.00	0.00	0.04	25.62	76.54	0.55	12.74	3952	18164	0	0	0	0	0	0	22116	139.62	17.55	12.81	75.35	34.04	68.54	29.43	1.05	25.39	27.03
8/10/2026 12:14:01 PM	7.42	17.62	0.00	0.00	0.00	0.00	0.00	0.07	25.04	76.13	0.56	12.85	3931	17622	0	0	0	0	0	0	21553	138.86	17.21	12.44	73.37	33.85	66.69	29.34	1.05	25.35	27.03
8/10/2026 12:14:04 PM	7.02	17.04	0.14	0.00	0.00	0.00	0.00	0.00	24.20	75.94	0.56	12.60	3720	17044	63	0	0	0	0	0	20827	138.52	16.76	12.13	70.82	31.63	64.78	28.06	1.05	25.31	27.03
8/10/2026 12:14:07 PM	5.94	14.66	0.27	0.00	0.00	0.00	0.00	0.00	20.87	75.50	0.57	12.74	3149	14658	122	0	0	0	0	0	17929	137.71	14.75	10.62	61.38	27.32	56.08	24.50	1.06	25.27	27.01
8/10/2026 12:14:09 PM	6.57	15.53	0.10	0.00	0.00	0.00	0.00	0.00	22.20	75.56	0.57	13.01	3483	15531	43	0	0	0	0	0	19057	137.82	15.35	10.99	65.20	29.01	59.08	26.15	1.06	25.22	26.96
8/10/2026 12:14:13 PM	6.43	15.62	0.11	0.00	0.00	0.00	0.00	0.00	22.16	75.06	0.59	12.52	3407	15623	48	0	0	0	0	0	19079	136.90	15.36	11.10	65.50	28.77	59.19	25.76	1.06	25.17	26.93
8/10/2026 12:14:15 PM	6.25	16.12	0.39	0.00	0.00	0.00	0.00	0.00	22.76	75.16	0.59	11.90	3314	16116	175	0	0	0	0	0	19604	137.09	16.10	11.53	66.51	29.40	61.96	26.49	1.06	25.14	26.95
8/10/2026 12:14:18 PM	5.15	14.04	0.73	0.00	0.00	0.00	0.00	0.00	19.92	74.42	0.60	11.64	2732	14041	328	0	0	0	0	0	17100	135.74	14.60	10.20	58.32	25.27	54.69	24.16	1.06	25.10	26.85
8/10/2026 12:14:21 PM	5.65	15.18	0.49	0.00	0.00	0.00	0.00	0.00	21.33	74.39	0.61	11.88	2996	15185	221	0	0	0	0	0	18402	135.69	15.20	10.91	63.35	26.69	57.97	25.23	1.06	25.05	26.91
8/10/2026 12:14:23 PM	5.77	15.06	0.34	0.00	0.00	0.00	0.00	0.00	21.17	74.14	0.62	11.83	3059	15063	153	0	0	0	0	0	18275	135.24	14.87	10.66	62.99	26.45	57.41	25.01	1.06	25.01	26.87
8/10/2026 12:14:26 PM	3.39	10.15	0.75	0.00	0.00	0.00	0.00	0.00	14.29	72.00	0.63	11.74	1795	10153	339	0	0	0	0	0	12287	131.34	10.81	7.46	43.06	17.12	40.16	18.01	1.06	24.95	26.87
8/10/2026 12:14:29 PM	2.22	7.47	0.83	0.00	0.00	0.00	0.00	0.00	10.51	70.18	0.63	11.59	1174	7465	371	0	0	0	0	0	9011	128.02	8.45	5.65	32.41	12.29	30.27	13.76	1.06	24.89	26.85
8/10/2026 12:14:32 PM	2.33	7.50	1.53	0.00	0.00	0.00	0.00	0.00	11.35	60.23	0.64	11.72	1233	7500	687	0	0	0	0	0	9420	109.88	9.67	6.14	34.31	12.62	30.45	18.13	1.06	24.84	26.82
8/10/2026 12:14:34 PM	1.63	12.80	7.10	0.00	0.00	0.00	0.00	0.00	21.52	6.69	0.65	11.80	863	12796	3194	0	0	0	0	0	16854	12.24	22.75	11.04	61.83	19.41	51.67	46.39	1.06	24.81	26.80
8/10/2026 12:14:37 PM	2.32	14.85	8.59	0.00	0.00	0.00	0.00	0.00	25.76	9.07	0.66	11.83	1232	14848	3865	0	0	0	0	0	19944	16.60	27.29	12.65	70.91	24.65	61.45	56.46	1.06	24.77	26.80
8/10/2026 12:14:40 PM	2.09	14.57	8.77	0.00	0.00	0.00	0.00	0.00	25.43	4.95	0.67	11.79	1108	14568	3948	0	0	0	0	0	19624	9.07	27.30	12.31	70.54	23.75	59.96	56.76	1.07	24.69	26.71
8/10/2026 12:14:42 PM	2.43	13.33	8.12	0.00	0.00	0.00	0.00	0.00	23.88	5.27	0.68	12.16	1289	13329	3654	0	0	0	0	0	18272	9.66	25.41	11.54	64.77	23.06	56.15	54.14	1.07	24.66	26.75
8/10/2026 12:14:45 PM	2.87	13.42	7.25	0.00	0.00	0.00	0.00	0.00	23.54	12.71	0.70	12.30	1521	13420	3263	0	0	0	0	0	18204	23.22	24.16	11.29	64.42	23.26	55.89	51.24	1.07	24.61	26.69
8/10/2026 12:14:47 PM	4.82	10.87	0.89	0.00	0.00	0.00	0.00	0.00	16.58	67.54	0.70	11.59	2557	10869	399	0	0	0	0	0	13825	123.20	12.47	8.16	47.44	21.59	43.31	23.35	1.07	24.56	26.69
8/10/2026 12:14:50 PM	11.96	51.91	0.88	0.00	0.00	0.00	0.00	0.00	64.75	68.86	0.70	11.34	6341	51907	395	0	0	0	0	0	58644	125.61	44.05	35.14	205.19	68.47	184.34	60.23	1.07	24.54	26.67
8/10/2026 12:14:53 PM	12.96	35.40	1.09	0.00	0.00	0.00	0.00	0.32	49.46	77.30	0.70	15.10	6869	35403	492	0	0	0	0	0	42764	140.99	35.66	25.59	145.09	67.93	130.23	58.23	1.07	24.45	26.63
8/10/2026 12:14:56 PM	8.50	7.36	2.68	0.00	0.00	0.00	0.00	0.44	18.54	81.14	0.70	21.34	4504	7363	1206	0	0	0	0	0	13073	147.99	17.21	7.53	38.70	39.64	37.14	43.60	1.07	24.43	26.55
8/10/2026 12:14:58 PM	10.60	3.34	3.31	0.00	0.00	0.00	0.00	0.24	17.25	81.38	0.70	23.98	5617	3339	1491	0	0	0	0	0	10447	148.44	16.51	5.40	26.14	40.10	26.11	50.65	1.07	24.40	26.58
8/10/2026 12:15:01 PM	9.45	1.80	3.55	0.40	0.00	0.00	0.00	0.17	15.21	82.00	0.71	24.89	5011	1802	1598	12	0	0	0	0	8422	149.56	16.36	4.75	20.61	36.73	21.84	48.50	1.07	24.37	26.59
8/10/2026 12:15:04 PM	9.57	1.52	2.85	0.39	0.00	0.00	0.00	0.17	14.33	82.41	0.71	25.29	5072	1524	1281	12	0	0	0	0	7889	150.32	14.75	3.25	18.64	34.92	20.84	45.92	1.07	24.35	26.55
8/10/2026 12:15:07 PM	2.99	0.00	2.75	0.60	0.00	0.00	0.00	0.44	6.34	57.88	0.71	25.69	1585	0	1238	18	0	0	0	0	2840	105.59	10.96	2.43	8.24	22.12	10.94	26.18	1.07	24.32	26.47
8/10/2026 12:15:09 PM	0.00	0.27	0.24	0.00	0.00	0.00	0.00	0.00	0.50	68.34	0.68	25.13	0	270	106	0	0	0	0	0	375	124.66	1.44	-2.21	3.50	0.46	4.50	1.60	1.07	24.29	26.51
8/10/2026 12:15:12 PM	0.00	0.11	0.00	0.00	0.00	0.00	0.00	0.00	0.11	71.84	0.69	23.90	0	115	0	0	0	0	0	0	115	131.04	-0.57	-3.85	5.75	-1.36	1.31	1.23	1.07	24.28	26.47
8/10/2026 12:15:15 PM	0.00	0.29	0.00	0.00	0.00	0.00	0.00	0.00	0.29	73.33	0.69	22.91	0	290	0	0	0	0	0	0	290	133.75	-1.74	-0.85	6.29	-3.92	2.33	1.78	1.07	24.24	26.38
8/10/2026 12:15:17 PM	0.00	0.03	0.00	0.00	0.00	0.00	0.00	0.00	0.03	71.06	0.69	22.15	0	29	0	0	0	0	0	0	29	129.61	-2.19	2.90	2.56	1.57	2.63	-2.15	1.07	24.22	26.40
8/10/2026 12:15:21 PM	0.45	0.00	0.04	0.00	0.00	0.00	0.00	0.00	0.49	73.47	0.67	21.41	237	0	20	0	0	0	0	0	257	134.01	0.76	-0.64	2.38	0.20	2.23	3.12	1.07	24.20	26.35
8/10/2026 12:15:23 PM	0.00	0.00	0.00	0.00	0.00	0.00	0.00	0.00	0.00	63.48	0.67	20.95	0	4	0	0	0	0	0	0	4	115.79	2.81	-0.19	3.52	-0.34	1.56	-3.58	1.07	24.19	26.35
8/10/2026 12:18:55 PM	0.35	0.00	0.00	0.00	0.00	0.00	0.00	0.15	0.35	44.18	0.15	19.77	183	0	0	0	0	0	0	0	183	80.61	-1.62	-0.41	1.45	3.63	2.85	2.89	1.01	22.33	24.76
8/10/2026 12:18:58 PM	0.00	1.28	0.39	0.00	0.00	0.00	0.00	0.00	1.68	48.01	0.15	19.73	0	1285	178	0	0	0	0	0	1462	87.58	3.37	3.27	8.34	1.43	5.99	2.07	1.01	22.32	24.73
8/10/2026 12:19:00 PM	0.26	0.47	0.00	0.00	0.00	0.00	0.00	0.00	0.73	47.62	0.14	19.79	137	469	0	0	0	0	0	0	605	86.88	-0.73	0.95	3.84	-0.38	5.54	2.49	1.01	22.37	24.68
8/10/2026 12:19:03 PM	0.00	0.58	0.50	0.00	0.00	0.00	0.00	0.00	1.08	45.72	0.13	19.96	0	583	223	0	0	0	0	0	806	83.41	4.10	2.02	5.61	1.36	3.97	1.68	1.01	22.42	24.65
8/10/2026 12:19:06 PM	4.49	1.87	3.03	0.00	0.00	0.00	0.00	0.13	9.39	78.74	0.17	24.82	2380	1867	1363	0	0	0	0	0	5611	143.63	11.20	3.98	15.49	22.15	15.72	28.23	1.02	22.42	24.71
8/10/2026 12:19:08 PM	6.48	1.37	1.83	0.09	0.00	0.00	0.00	0.24	9.76	81.22	0.19	26.49	3434	1366	822	3	0	0	0	0	5626	148.14	9.71	5.91	15.23	25.17	13.60	30.93	1.02	22.46	24.75
8/10/2026 12:19:11 PM	7.14	1.59	1.65	0.00	0.00	0.00	0.00	0.24	10.38	82.92	0.20	26.42	3785	1591	741	0	0	0	0	0	6117	151.24	10.12	0.98	16.47	26.25	14.97	32.04	1.02	22.51	24.75
8/10/2026 12:19:14 PM	7.94	1.81	0.56	0.26	0.00	0.00	0.00	0.38	10.57	83.33	0.22	26.45	4206	1815	251	8	0	0	0	0	6279	151.99	9.07	3.77	16.47	28.19	17.08	32.41	1.02	22.54	24.75
8/10/2026 12:19:17 PM	6.84	1.17	0.66	1.16	0.00	0.00	0.00	0.43	9.83	81.24	0.22	26.33	3625	1173	296	35	0	0	0	0	5129	148.18	10.90	6.30	16.08	28.28	16.43	32.87	1.02	22.58	24.71
8/10/2026 12:19:20 PM	8.12	0.71	0.00	1.46	0.00	0.00	0.00	0.21	10.30	82.49	0.23	26.22	4304	714	0	44	0	0	0	0	5062	150.46	10.22	5.09	14.88	26.96	17.06	33.95	1.02	22.60	24.71
8/10/2026 12:19:22 PM	8.89	2.13	0.81	0.00	0.00	0.00	0.00	0.20	11.83	83.36	0.25	26.18	4713	2133	364	0	0	0	0	0	7210	152.04	9.51	2.15	19.33	28.22	16.94	34.33	1.02	22.68	24.78
8/10/2026 12:19:25 PM	7.02	0.34	0.00	1.96	0.00	0.00	0.00	0.45	9.32	83.70	0.25	25.84	3722	341	0	59	0	0	0	0	4122	152.67	11.06	3.42	12.65	28.66	18.61	33.86	1.02	22.68	24.75
8/10/2026 12:19:28 PM	8.24	0.32	1.35	1.20	0.00	0.00	0.00	0.30	11.11	84.19	0.26	25.76	4369	316	606	36	0	0	0	0	5328	153.56	12.50	4.60	14.29	30.79	16.29	39.23	1.03	22.73	24.76
8/10/2026 12:19:30 PM	6.75	0.34	2.49	0.88	0.00	0.00	0.00	0.31	10.45	83.17	0.27	25.78	3578	338	1120	26	0	0	0	0	5062	151.71	13.19	4.86	13.61	29.60	14.88	37.77	1.03	22.77	24.75
8/10/2026 12:19:33 PM	9.21	1.31	2.66	0.00	0.00	0.00	0.00	0.00	13.17	83.61	0.27	25.62	4881	1307	1197	0	0	0	0	0	7384	152.49	12.38	3.39	18.21	29.49	16.15	41.66	1.03	22.80	24.75
8/10/2026 12:19:36 PM	5.94	1.68	4.59	0.00	0.00	0.00	0.00	0.22	12.21	83.80	0.27	25.55	3147	1684	2064	0	0	0	0	0	6895	152.85	15.80	2.61	19.13	30.60	16.48	39.76	1.03	22.84	24.78
8/10/2026 12:19:39 PM	9.43	0.00	0.10	2.62	0.00	0.00	0.00	0.03	12.15	83.79	0.28	25.75	4996	0	45	79	0	0	0	0	5120	152.82	14.03	3.58	15.15	30.01	21.31	41.69	1.03	22.88	24.78
8/10/2026 12:19:42 PM	6.98	2.01	3.89	0.00	0.00	0.00	0.00	0.26	12.88	84.44	0.28	25.82	3699	2013	1749	0	0	0	0	0	7460	154.01	15.20	1.85	19.72	32.17	18.80	40.78	1.03	22.93	24.83
8/10/2026 12:19:44 PM	8.57	0.47	1.80	1.73	0.00	0.00	0.00	0.32	12.57	83.53	0.29	25.75	4543	468	810	52	0	0	0	0	5873	152.36	15.48	3.82	16.12	34.40	20.42	44.32	1.03	22.94	24.84
8/10/2026 12:19:47 PM	7.77	1.24	4.32	0.00	0.00	0.00	0.00	0.19	13.32	83.68	0.28	25.62	4117	1237	1942	0	0	0	0	0	7296	152.63	15.50	4.27	17.20	33.38	17.57	44.41	1.03	22.97	24.79
8/10/2026 12:19:49 PM	6.11	1.65	5.08	0.00	0.00	0.00	0.00	0.51	12.84	84.65	0.29	25.62	3236	1653	2286	0	0	0	0	0	7175	154.40	17.23	4.61	18.34	36.14	18.41	44.33	1.03	23.02	24.79
8/10/2026 12:19:53 PM	8.46	1.65	3.53	0.12	0.00	0.00	0.00	0.34	13.76	84.74	0.29	25.67	4483	1654	1588	4	0	0	0	0	7729	154.56	15.20	3.97	18.57	35.82	19.72	45.18	1.03	23.07	24.78
8/10/2026 12:19:55 PM	8.90	1.13	2.16	1.32	0.00	0.00	0.00	0.49	13.51	83.95	0.29	25.68	4716	1125	974	40	0	0	0	0	6855	153.12	16.05	4.43	18.43	38.08	21.63	46.71	1.03	23.10	24.76
8/10/2026 12:19:58 PM	9.69	1.75	2.70	0.00	0.00	0.00	0.00	0.47	14.14	84.84	0.30	25.73	5136	1750	1216	0	0	0	0	0	8103	154.74	14.26	2.67	19.46	38.26	19.50	46.37	1.03	23.13	24.78
8/10/2026 12:20:01 PM	9.00	1.59	3.16	0.00	0.00	0.00	0.00	0.20	13.75	83.84	0.30	25.50	4772	1593	1421	0	0	0	0	0	7785	152.91	14.21	2.25	18.87	33.86	18.48	43.97	1.03	23.17	24.81
8/10/2026 12:20:03 PM	9.95	1.26	3.32	0.00	0.00	0.00	0.00	0.09	14.53	83.24	0.30	25.48	5272	1264	1496	0	0	0	0	0	8032	151.83	14.59	2.74	18.72	34.68	17.98	46.88	1.03	23.25	24.86
8/10/2026 12:20:06 PM	6.20	1.47	5.98	0.00	0.00	0.00	0.00	0.27	13.65	82.82	0.31	25.61	3286	1467	2693	0	0	0	0	0	7445	151.06	18.77	2.45	17.88	35.19	19.67	46.56	1.03	23.26	24.79
8/10/2026 12:20:09 PM	8.70	1.19	4.13	0.00	0.00	0.00	0.00	0.09	14.02	84.37	0.31	25.55	4611	1191	1858	0	0	0	0	0	7661	153.88	15.60	2.42	17.96	33.71	17.83	46.00	1.03	23.29	24.87
8/10/2026 12:20:12 PM	8.38	1.50	3.71	0.26	0.00	0.00	0.00	0.06	13.85	83.67	0.32	25.56	4442	1498	1670	8	0	0	0	0	7618	152.61	15.15	5.38	18.78	32.45	18.88	44.20	1.03	23.33	24.83
8/10/2026 12:20:14 PM	9.95	1.01	2.02	1.03	0.00	0.00	0.00	0.16	14.00	84.90	0.31	25.57	5272	1006	909	31	0	0	0	0	7218	154.85	14.67	3.86	17.90	34.81	20.70	46.13	1.03	23.39	24.89
8/10/2026 12:20:17 PM	8.98	1.15	4.08	0.00	0.00	0.00	0.00	0.13	14.20	84.77	0.32	25.57	4757	1151	1834	0	0	0	0	0	7742	154.61	15.58	3.94	18.41	34.74	17.20	46.96	1.03	23.45	24.89
8/10/2026 12:20:20 PM	7.69	0.09	2.72	1.21	0.00	0.00	0.00	0.47	11.71	83.73	0.32	25.69	4075	93	1224	36	0	0	0	0	5429	152.72	15.30	6.13	14.81	35.19	15.91	44.09	1.03	23.47	24.87
8/10/2026 12:20:23 PM	9.16	1.34	2.29	0.61	0.00	0.00	0.00	0.55	13.40	83.59	0.32	25.48	4852	1345	1032	18	0	0	0	0	7247	152.47	14.53	5.11	18.43	38.21	19.36	45.76	1.03	23.50	24.87
8/10/2026 12:20:25 PM	7.07	2.12	4.66	0.00	0.00	0.00	0.00	0.50	13.84	84.80	0.33	25.37	3745	2116	2097	0	0	0	0	0	7958	154.66	17.29	4.50	21.26	37.67	19.46	45.85	1.03	23.54	24.92
8/10/2026 12:20:28 PM	7.08	1.54	5.03	0.00	0.00	0.00	0.00	0.30	13.64	83.72	0.33	25.35	3750	1535	2261	0	0	0	0	0	7547	152.71	17.41	1.50	18.18	35.38	19.58	45.84	1.03	23.58	24.89
8/10/2026 12:20:31 PM	9.70	0.95	1.36	1.11	0.00	0.00	0.00	0.40	13.12	85.20	0.33	25.29	5139	954	613	33	0	0	0	0	6739	155.39	13.80	3.88	17.21	35.97	20.01	44.58	1.03	23.64	24.92
8/10/2026 12:20:34 PM	11.45	0.98	1.05	0.96	0.00	0.00	0.00	0.16	14.44	83.43	0.33	25.22	6067	985	471	29	0	0	0	0	7551	152.18	13.13	4.19	18.21	35.67	20.27	46.85	1.03	23.68	24.94
8/10/2026 12:20:36 PM	8.82	1.64	3.89	0.00	0.00	0.00	0.00	0.16	14.34	84.49	0.34	25.11	4676	1636	1749	0	0	0	0	0	8060	154.10	15.32	5.29	19.28	34.78	18.99	46.09	1.03	23.68	24.95
8/10/2026 12:20:39 PM	7.30	0.99	3.33	1.24	0.00	0.00	0.00	0.34	12.86	83.79	0.34	25.05	3871	987	1499	37	0	0	0	0	6394	152.83	16.98	4.83	17.58	34.73	20.41	44.69	1.03	23.73	24.95
8/10/2026 12:20:42 PM	7.99	0.75	2.34	1.42	0.00	0.00	0.00	0.25	12.50	84.09	0.34	25.03	4234	745	1055	43	0	0	0	0	6076	153.38	15.44	4.05	16.53	32.87	20.07	42.98	1.03	23.78	24.97
8/10/2026 12:20:44 PM	8.92	1.48	3.22	0.00	0.00	0.00	0.00	0.33	13.62	83.69	0.35	25.02	4726	1477	1450	0	0	0	0	0	7654	152.65	14.29	3.77	17.82	35.55	18.65	44.88	1.03	23.85	25.02
8/10/2026 12:20:47 PM	7.48	1.11	5.28	0.00	0.00	0.00	0.00	0.21	13.87	84.46	0.35	24.98	3965	1110	2376	0	0	0	0	0	7451	154.06	17.57	2.98	17.75	35.33	17.77	47.43	1.03	23.83	24.97
8/10/2026 12:20:50 PM	11.37	0.00	0.08	2.18	0.00	0.00	0.00	0.49	13.63	84.56	0.36	25.24	6026	0	38	65	0	0	0	0	6129	154.23	14.62	5.11	16.58	39.79	20.53	49.48	1.03	23.89	25.10
8/10/2026 12:20:53 PM	8.41	1.34	4.56	0.01	0.00	0.00	0.00	0.22	14.32	85.42	0.36	25.18	4457	1339	2051	0	0	0	0	0	7847	155.80	16.55	4.40	18.22	36.04	18.92	47.78	1.04	23.94	25.02
8/10/2026 12:20:55 PM	8.28	1.72	5.32	0.00	0.00	0.00	0.00	0.09	15.33	83.59	0.36	25.23	4388	1723	2395	0	0	0	0	0	8507	152.47	18.41	1.91	20.38	36.15	20.98	49.54	1.04	23.95	25.07
8/10/2026 12:20:58 PM	9.28	1.63	4.02	0.00	0.00	0.00	0.00	0.15	14.94	84.22	0.36	25.26	4921	1633	1809	0	0	0	0	0	8363	153.62	16.02	2.92	19.12	35.97	20.61	48.03	1.04	24.00	25.12
8/10/2026 12:21:01 PM	9.09	1.20	3.51	0.00	0.00	0.00	0.00	0.32	13.80	84.27	0.37	25.18	4818	1196	1582	0	0	0	0	0	7596	153.71	14.90	2.93	17.42	36.35	18.04	46.48	1.04	24.04	25.05
8/10/2026 12:21:04 PM	9.76	1.74	3.28	0.00	0.00	0.00	0.00	0.26	14.78	84.46	0.38	25.19	5174	1738	1476	0	0	0	0	0	8388	154.04	15.02	2.60	19.16	36.90	20.83	47.46	1.04	24.07	25.08
8/10/2026 12:21:06 PM	9.63	0.74	2.19	1.39	0.00	0.00	0.00	0.21	13.95	83.55	0.38	25.24	5104	740	985	42	0	0	0	0	6871	152.39	15.81	4.92	17.94	35.84	20.67	47.43	1.04	24.09	25.08
8/10/2026 12:21:09 PM	11.02	0.90	3.11	0.81	0.00	0.00	0.00	0.07	15.83	84.57	0.38	25.20	5838	897	1399	24	0	0	0	0	8159	154.26	16.55	5.89	19.55	38.12	20.36	52.47	1.04	24.14	25.10
8/10/2026 12:21:12 PM	11.31	1.65	4.56	0.00	0.00	0.00	0.00	0.11	17.53	83.57	0.38	25.25	5997	1650	2053	0	0	0	0	0	9700	152.43	18.17	5.06	22.27	41.70	21.56	56.65	1.04	24.19	25.16
8/10/2026 12:21:15 PM	11.44	1.42	3.19	0.70	0.00	0.00	0.00	0.00	16.75	85.19	0.38	25.25	6063	1421	1436	21	0	0	0	0	8942	155.38	16.78	5.22	21.40	37.97	22.60	53.82	1.04	24.20	25.13
8/10/2026 12:21:17 PM	11.64	1.14	2.39	1.24	0.00	0.00	0.00	0.15	16.41	83.43	0.40	25.20	6171	1137	1076	37	0	0	0	0	8422	152.17	17.04	5.21	20.84	40.15	23.26	53.92	1.04	24.24	25.12
8/10/2026 12:21:20 PM	11.19	1.60	5.01	0.39	0.00	0.00	0.00	0.10	18.20	84.36	0.39	25.06	5930	1604	2255	12	0	0	0	0	9800	153.86	20.10	5.77	22.83	43.20	23.68	59.43	1.04	24.27	25.16
8/10/2026 12:21:23 PM	12.05	1.96	4.52	0.00	0.00	0.00	0.00	0.02	18.52	83.62	0.40	25.03	6386	1956	2033	0	0	0	0	0	10376	152.53	18.46	5.84	24.13	42.28	22.74	58.32	1.04	24.31	25.18
8/10/2026 12:21:26 PM	11.11	1.43	5.06	0.65	0.00	0.00	0.00	0.00	18.25	83.62	0.41	24.99	5890	1431	2275	19	0	0	0	0	9616	152.52	20.42	6.01	22.90	41.64	23.90	60.07	1.04	24.36	25.26
8/10/2026 12:21:29 PM	11.04	1.86	5.16	0.00	0.00	0.00	0.00	0.22	18.06	83.53	0.41	24.88	5849	1858	2323	0	0	0	0	0	10030	152.36	19.69	5.30	23.37	44.18	22.74	58.93	1.04	24.38	25.18
8/10/2026 12:21:31 PM	11.93	2.03	4.00	0.00	0.00	0.00	0.00	0.22	17.96	83.90	0.41	24.75	6322	2033	1800	0	0	0	0	0	10156	153.02	17.77	5.07	23.24	43.54	23.36	57.28	1.04	24.40	25.21
8/10/2026 12:21:34 PM	12.36	1.99	4.53	0.00	0.00	0.00	0.00	0.00	18.88	83.62	0.42	24.59	6550	1991	2037	0	0	0	0	0	10579	152.52	18.58	4.78	23.67	42.47	24.30	59.49	1.04	24.44	25.28
8/10/2026 12:21:37 PM	10.20	2.54	5.24	0.00	0.00	0.00	0.00	0.19	17.99	83.03	0.43	24.50	5408	2540	2360	0	0	0	0	0	10307	151.44	19.71	6.37	24.99	42.54	24.53	56.48	1.04	24.49	25.29
8/10/2026 12:21:39 PM	12.37	2.57	3.82	0.03	0.00	0.00	0.00	0.00	18.79	83.40	0.43	24.48	6556	2571	1720	1	0	0	0	0	10847	152.12	17.63	4.57	24.96	41.53	25.89	56.78	1.04	24.52	25.24
8/10/2026 12:21:42 PM	11.46	2.20	2.88	1.00	0.00	0.00	0.00	0.24	17.55	83.30	0.43	24.21	6076	2203	1297	30	0	0	0	0	9606	151.94	18.15	7.15	24.97	42.61	25.63	55.34	1.04	24.55	25.24
8/10/2026 12:21:45 PM	10.48	2.70	4.55	0.00	0.00	0.00	0.00	0.26	17.74	83.44	0.44	24.07	5557	2705	2048	0	0	0	0	0	10309	152.19	18.68	6.05	25.35	42.63	24.55	55.18	1.04	24.57	25.34
8/10/2026 12:21:48 PM	10.50	2.93	4.65	0.00	0.00	0.00	0.00	0.25	18.09	83.81	0.44	24.06	5566	2930	2094	0	0	0	0	0	10591	152.86	19.08	5.45	25.81	42.94	26.05	55.63	1.04	24.60	25.31
8/10/2026 12:21:50 PM	9.59	3.26	5.11	0.00	0.00	0.00	0.00	0.41	17.96	83.94	0.45	23.99	5083	3256	2301	0	0	0	0	0	10640	153.10	20.29	5.12	27.61	44.49	26.11	55.66	1.04	24.60	25.29
8/10/2026 12:21:53 PM	10.41	2.88	4.43	0.02	0.00	0.00	0.00	0.21	17.75	83.04	0.45	23.81	5518	2881	1996	1	0	0	0	0	10395	151.46	18.45	5.79	25.41	41.60	25.53	54.23	1.04	24.65	25.32
8/10/2026 12:21:56 PM	10.30	3.62	3.86	0.00	0.00	0.00	0.00	0.31	17.79	83.03	0.46	23.52	5462	3623	1736	0	0	0	0	0	10821	151.45	17.83	6.39	27.83	41.92	26.90	52.39	1.05	24.69	25.34
8/10/2026 12:21:59 PM	10.64	3.81	2.88	0.00	0.00	0.00	0.00	0.46	17.34	83.68	0.46	23.32	5642	3813	1298	0	0	0	0	0	10752	152.63	16.56	4.97	28.40	42.59	26.67	50.71	1.05	24.69	25.34
8/10/2026 12:22:01 PM	10.02	3.75	3.93	0.00	0.00	0.00	0.00	0.22	17.70	83.16	0.47	23.11	5309	3747	1770	0	0	0	0	0	10826	151.67	17.87	5.17	28.29	40.24	27.07	51.11	1.05	24.71	25.39
8/10/2026 12:22:04 PM	10.29	4.43	2.68	0.21	0.00	0.00	0.00	0.35	17.62	83.42	0.47	22.95	5455	4432	1208	6	0	0	0	0	11102	152.16	16.51	6.92	29.91	40.70	29.44	48.95	1.05	24.74	25.37
8/10/2026 12:22:07 PM	8.91	4.28	3.25	0.00	0.00	0.00	0.00	0.52	16.44	83.58	0.48	22.81	4722	4275	1465	0	0	0	0	0	10462	152.45	16.78	4.71	27.96	40.59	28.45	47.03	1.05	24.80	25.40
8/10/2026 12:22:10 PM	8.34	4.37	3.32	0.00	0.00	0.00	0.00	0.49	16.03	83.45	0.48	22.84	4418	4369	1494	0	0	0	0	0	10281	152.20	16.55	5.39	28.15	38.99	27.92	45.18	1.05	24.79	25.42
8/10/2026 12:22:12 PM	9.44	4.39	2.76	0.00	0.00	0.00	0.00	0.47	16.59	83.36	0.48	22.99	5001	4395	1242	0	0	0	0	0	10638	152.04	15.87	5.86	28.46	40.01	28.41	46.48	1.05	24.82	25.39
8/10/2026 12:22:15 PM	9.29	4.24	2.41	0.52	0.00	0.00	0.00	0.44	16.46	84.05	0.49	22.99	4926	4237	1085	16	0	0	0	0	10264	153.30	16.41	6.29	28.62	39.57	29.30	46.37	1.05	24.85	25.44
8/10/2026 12:22:17 PM	8.69	4.80	3.12	0.09	0.00	0.00	0.00	0.48	16.69	83.23	0.49	23.50	4603	4797	1405	3	0	0	0	0	10808	151.81	16.76	6.71	29.97	39.77	29.62	45.94	1.05	24.86	25.44
8/10/2026 12:22:20 PM	8.79	5.11	3.11	0.00	0.00	0.00	0.00	0.45	17.02	82.06	0.50	23.13	4661	5115	1401	0	0	0	0	0	11176	149.68	16.74	6.63	31.37	39.63	30.04	45.77	1.05	24.89	25.50
8/10/2026 12:22:23 PM	8.33	5.37	3.40	0.00	0.00	0.00	0.00	0.41	17.10	83.09	0.50	22.83	4414	5371	1529	0	0	0	0	0	11314	151.55	17.23	6.08	31.67	38.97	31.45	45.21	1.05	24.94	25.52
8/10/2026 12:22:26 PM	9.18	5.37	2.45	0.00	0.00	0.00	0.00	0.43	17.00	83.68	0.50	22.92	4865	5366	1103	0	0	0	0	0	11334	152.62	15.70	5.85	31.54	38.86	31.13	44.35	1.05	24.92	25.50
8/10/2026 12:22:29 PM	8.14	5.30	3.87	0.00	0.00	0.00	0.00	0.36	17.30	83.36	0.51	22.88	4313	5297	1742	0	0	0	0	0	11352	152.04	18.02	6.07	31.97	38.95	31.17	46.10	1.05	24.94	25.50
8/10/2026 12:22:31 PM	9.17	5.48	3.29	0.00	0.00	0.00	0.00	0.35	17.94	82.63	0.52	22.76	4859	5483	1480	0	0	0	0	0	11822	150.72	17.34	7.13	33.03	39.89	31.78	47.12	1.05	24.95	25.50
8/10/2026 12:22:34 PM	8.83	6.60	3.58	0.00	0.00	0.00	0.00	0.41	19.00	82.93	0.52	22.59	4677	6599	1611	0	0	0	0	0	12887	151.26	18.65	8.40	37.22	41.61	35.34	47.88	1.05	25.02	25.57
8/10/2026 12:22:37 PM	8.93	7.97	3.77	0.00	0.00	0.00	0.00	0.26	20.67	82.79	0.52	22.45	4734	7970	1697	0	0	0	0	0	14401	151.00	19.83	8.28	42.21	41.35	40.50	48.27	1.05	25.00	25.53
8/10/2026 12:22:40 PM	9.98	7.93	3.19	0.00	0.00	0.00	0.00	0.18	21.10	82.69	0.52	22.44	5289	7925	1437	0	0	0	0	0	14651	150.82	18.96	8.55	42.78	41.23	40.02	48.83	1.05	25.01	25.53
8/10/2026 12:22:42 PM	10.56	8.04	3.08	0.00	0.00	0.00	0.00	0.18	21.67	82.78	0.53	22.56	5594	8039	1384	0	0	0	0	0	15017	150.99	19.21	7.92	43.78	42.45	40.64	50.29	1.05	25.03	25.57
8/10/2026 12:22:45 PM	9.54	8.74	3.59	0.00	0.00	0.00	0.00	0.18	21.86	82.58	0.54	22.66	5054	8740	1613	0	0	0	0	0	15408	150.62	20.19	8.61	45.73	41.87	42.88	49.16	1.05	25.05	25.58
8/10/2026 12:22:48 PM	9.53	9.90	3.64	0.00	0.00	0.00	0.00	0.18	23.07	82.26	0.54	22.44	5052	9900	1636	0	0	0	0	0	16587	150.04	21.06	9.99	50.20	42.99	46.47	49.66	1.05	25.09	25.61
8/10/2026 12:22:51 PM	10.11	12.77	2.89	0.00	0.00	0.00	0.00	0.22	25.77	81.95	0.54	22.37	5357	12775	1300	0	0	0	0	0	19432	149.48	22.02	10.79	61.32	45.41	55.01	49.52	1.05	25.07	25.58
8/10/2026 12:22:54 PM	11.55	16.65	1.48	0.00	0.00	0.00	0.00	0.28	29.69	80.97	0.55	22.23	6122	16651	668	0	0	0	0	0	23441	147.68	22.54	13.91	75.49	49.44	67.43	50.10	1.05	25.10	25.61
8/10/2026 12:22:56 PM	11.23	17.24	1.83	0.00	0.00	0.00	0.00	0.27	30.30	81.49	0.55	21.47	5953	17236	824	0	0	0	0	0	24013	148.63	23.51	14.07	77.57	49.86	69.63	50.50	1.05	25.10	25.61
8/10/2026 12:22:59 PM	11.10	19.60	1.22	0.00	0.00	0.00	0.00	0.53	31.92	81.36	0.55	20.72	5884	19604	548	0	0	0	0	0	26037	148.40	24.42	14.87	85.92	53.65	76.73	50.05	1.05	25.12	25.63
8/10/2026 12:23:02 PM	9.72	23.51	1.23	0.00	0.00	0.00	0.00	0.69	34.46	80.75	0.56	20.39	5152	23513	553	0	0	0	0	0	29218	147.29	26.60	18.27	98.89	55.82	88.79	47.65	1.06	25.15	25.73
8/10/2026 12:23:05 PM	9.73	26.71	0.53	0.00	0.00	0.00	0.00	0.84	36.96	80.41	0.57	20.06	5155	26709	236	0	0	0	0	0	32100	146.66	27.75	19.89	110.99	58.84	97.73	46.68	1.06	25.13	25.63
8/10/2026 12:23:08 PM	9.52	29.20	1.09	0.00	0.00	0.00	0.00	0.77	39.82	80.28	0.57	20.13	5048	29200	492	0	0	0	0	0	34740	146.42	30.45	20.15	118.89	60.92	108.29	48.51	1.06	25.15	25.65
8/10/2026 12:23:10 PM	10.40	30.36	0.00	0.00	0.00	0.00	0.00	0.74	40.76	79.94	0.58	19.96	5511	30364	1	0	0	0	0	0	35875	145.81	29.31	21.28	123.38	60.76	111.04	47.06	1.06	25.15	25.68
8/10/2026 12:23:13 PM	10.17	34.14	0.00	0.00	0.00	0.00	0.00	0.68	44.31	79.16	0.58	19.47	5390	34137	0	0	0	0	0	0	39527	144.39	30.81	23.20	140.05	62.72	120.25	46.78	1.06	25.15	25.69
8/10/2026 12:23:16 PM	9.96	35.80	0.00	0.00	0.00	0.00	0.00	0.71	45.77	79.03	0.58	19.14	5279	35805	0	0	0	0	0	0	41084	144.15	31.39	24.34	145.62	64.19	126.10	46.80	1.06	25.17	25.73
8/10/2026 12:23:19 PM	9.85	38.05	0.00	0.00	0.00	0.00	0.00	0.65	47.90	77.98	0.59	18.31	5221	38046	0	0	0	0	0	0	43267	142.24	32.37	25.51	151.97	64.96	135.37	46.66	1.06	25.16	25.71
8/10/2026 12:23:21 PM	9.27	46.12	0.00	0.00	0.00	0.00	0.00	0.62	55.38	76.15	0.60	18.04	4912	46116	0	0	0	0	0	0	51028	138.90	36.83	30.17	181.41	69.94	161.39	46.57	1.06	25.15	25.71
8/10/2026 12:23:24 PM	9.97	51.42	0.00	0.00	0.00	0.00	0.00	0.39	61.39	74.64	0.59	17.41	5284	51417	0	0	0	0	0	0	56702	136.14	38.76	33.18	203.20	73.17	177.70	48.67	1.06	25.15	25.71
8/10/2026 12:23:27 PM	10.48	47.21	0.00	0.00	0.00	0.00	0.00	0.38	57.69	74.44	0.60	16.02	5553	47214	0	0	0	0	0	0	52768	135.79	37.84	30.89	184.94	70.40	167.36	49.23	1.06	25.15	25.69
8/10/2026 12:23:29 PM	11.05	48.21	0.00	0.00	0.00	0.00	0.00	0.37	59.26	74.37	0.60	15.68	5856	48214	0	0	0	0	0	0	54071	135.65	38.31	31.27	190.99	72.57	169.22	51.26	1.06	25.16	25.73
8/10/2026 12:23:33 PM	10.64	46.40	0.00	0.00	0.00	0.00	0.00	0.46	57.05	75.57	0.60	15.87	5641	46402	0	0	0	0	0	0	52043	137.83	37.65	30.06	183.94	71.26	162.97	50.07	1.06	25.15	25.74
8/10/2026 12:23:35 PM	10.82	47.46	0.00	0.00	0.00	0.00	0.00	0.43	58.27	75.40	0.61	15.74	5732	47458	0	0	0	0	0	0	53190	137.53	38.16	31.12	187.79	72.08	166.70	50.67	1.06	25.14	25.74
8/10/2026 12:23:38 PM	12.41	51.39	0.00	0.00	0.00	0.00	0.00	0.19	63.79	74.28	0.61	15.30	6575	51388	0	0	0	0	0	0	57963	135.49	42.44	34.30	202.23	75.65	181.82	55.27	1.06	25.10	25.73
8/10/2026 12:23:41 PM	14.65	56.58	0.00	0.00	0.00	0.00	0.00	0.05	71.23	73.18	0.62	15.12	7763	56585	0	0	0	0	0	0	64347	133.48	47.62	37.64	223.57	83.25	200.14	62.95	1.06	25.10	25.73
8/10/2026 12:23:43 PM	16.36	63.28	0.44	0.00	0.00	0.00	0.00	0.00	80.08	71.97	0.62	14.90	8670	63276	199	0	0	0	0	0	72146	131.28	54.65	43.27	249.88	92.01	224.06	72.51	1.06	25.11	25.69
8/10/2026 12:23:46 PM	16.05	64.81	1.30	0.00	0.00	0.00	0.00	0.00	82.16	72.28	0.63	15.02	8507	64810	584	0	0	0	0	0	73901	131.84	57.18	44.15	255.81	93.85	230.26	75.91	1.06	25.07	25.74
8/10/2026 12:23:49 PM	15.69	70.83	1.27	0.00	0.00	0.00	0.00	0.00	87.78	72.49	0.63	14.51	8318	70825	569	0	0	0	0	0	79712	132.22	60.95	48.96	276.75	98.04	250.47	76.09	1.06	25.06	25.73
8/10/2026 12:23:52 PM	15.56	69.15	1.91	0.00	0.00	0.00	0.00	0.00	86.62	72.32	0.64	14.52	8248	69151	860	0	0	0	0	0	78259	131.91	61.13	47.93	270.11	98.33	246.49	77.56	1.06	25.04	25.74
8/10/2026 12:23:54 PM	15.83	69.17	1.45	0.00	0.00	0.00	0.00	0.00	86.45	72.77	0.64	14.18	8389	69174	651	0	0	0	0	0	78214	132.74	60.39	47.87	271.04	97.85	245.15	76.55	1.06	25.05	25.76
8/10/2026 12:23:57 PM	14.65	57.03	2.78	0.00	0.00	0.00	0.00	0.00	74.46	74.06	0.65	13.59	7765	57026	1252	0	0	0	0	0	66043	135.09	52.55	39.54	225.86	82.16	208.01	79.22	1.06	25.04	25.74
8/10/2026 12:24:00 PM	16.16	56.77	3.71	0.00	0.00	0.00	0.00	0.00	76.63	74.44	0.65	13.50	8566	56765	1667	0	0	0	0	0	66999	135.77	54.42	39.82	230.19	83.65	206.90	90.70	1.06	24.99	25.71
8/10/2026 12:24:03 PM	16.36	53.00	2.69	0.00	0.00	0.00	0.00	0.00	72.05	74.39	0.65	13.33	8670	52995	1212	0	0	0	0	0	62877	135.68	50.29	37.40	216.04	80.57	192.51	84.83	1.06	24.96	25.73
8/10/2026 12:24:06 PM	15.17	43.08	0.88	0.00	0.00	0.00	0.00	0.00	59.13	75.94	0.66	13.26	8038	43084	398	0	0	0	0	0	51520	138.52	39.97	30.22	176.06	69.66	156.87	67.85	1.06	24.96	25.73
8/10/2026 12:24:08 PM	13.85	35.96	0.73	0.00	0.00	0.00	0.00	0.00	50.55	77.12	0.66	13.04	7342	35965	329	0	0	0	0	0	43636	140.66	34.31	25.22	148.09	61.74	132.48	60.05	1.06	24.90	25.71
8/10/2026 12:24:11 PM	13.49	35.11	0.22	0.00	0.00	0.00	0.00	0.00	48.82	77.22	0.67	13.01	7152	35109	97	0	0	0	0	0	42358	140.85	32.70	24.56	143.88	60.19	128.82	55.68	1.07	24.91	25.74
8/10/2026 12:24:14 PM	12.74	31.35	0.16	0.00	0.00	0.00	0.00	0.00	44.24	77.60	0.67	13.17	6750	31346	71	0	0	0	0	0	38168	141.53	29.73	22.19	128.63	56.18	116.26	51.26	1.07	24.87	25.74
8/10/2026 12:24:16 PM	11.86	28.42	0.00	0.00	0.00	0.00	0.00	0.00	40.27	77.80	0.68	13.02	6284	28416	0	0	0	0	0	0	34700	141.91	26.38	19.79	118.49	52.44	104.06	46.24	1.07	24.84	25.71
8/10/2026 12:24:19 PM	10.24	23.68	0.00	0.00	0.00	0.00	0.00	0.07	33.92	77.71	0.68	13.11	5426	23681	0	0	0	0	0	0	29107	141.74	22.91	16.88	97.68	45.58	89.25	40.20	1.07	24.80	25.68
8/10/2026 12:24:21 PM	7.98	19.40	0.30	0.00	0.00	0.00	0.00	0.12	27.67	77.84	0.69	12.59	4228	19395	133	0	0	0	0	0	23756	141.98	19.56	13.97	80.57	38.06	73.36	33.17	1.07	24.80	25.74
8/10/2026 12:24:24 PM	7.35	17.66	0.21	0.00	0.00	0.00	0.00	0.14	25.22	77.95	0.70	12.88	3895	17656	96	0	0	0	0	0	21647	142.18	17.87	12.67	73.44	35.26	67.24	30.50	1.07	24.78	25.69
8/10/2026 12:24:27 PM	7.40	17.27	0.00	0.00	0.00	0.00	0.00	0.15	24.67	77.65	0.71	13.30	3922	17273	0	0	0	0	0	0	21195	141.63	17.22	12.15	72.87	34.69	64.77	29.75	1.07	24.70	25.69
8/10/2026 12:24:30 PM	6.99	16.37	0.00	0.00	0.00	0.00	0.00	0.14	23.36	77.79	0.71	12.86	3706	16370	0	0	0	0	0	0	20075	141.90	16.27	11.54	68.97	32.72	61.71	28.06	1.07	24.69	25.69
8/10/2026 12:24:32 PM	6.62	15.14	0.19	0.00	0.00	0.00	0.00	0.05	21.95	77.59	0.72	12.10	3509	15145	84	0	0	0	0	0	18738	141.52	15.49	10.62	63.74	30.01	58.10	26.65	1.07	24.66	25.69
8/10/2026 12:24:35 PM	6.01	13.88	0.34	0.00	0.00	0.00	0.00	0.02	20.23	76.83	0.73	12.35	3185	13879	155	0	0	0	0	0	17219	140.14	14.48	9.94	58.02	27.59	54.31	24.82	1.07	24.64	25.66
8/10/2026 12:24:38 PM	5.54	13.47	0.33	0.00	0.00	0.00	0.00	0.00	19.34	76.50	0.74	12.23	2935	13468	150	0	0	0	0	0	16554	139.53	13.85	9.57	57.08	25.38	51.59	23.22	1.07	24.60	25.69
8/10/2026 12:24:41 PM	4.70	11.87	0.61	0.00	0.00	0.00	0.00	0.00	17.18	75.54	0.75	12.14	2492	11866	275	0	0	0	0	0	14634	137.78	12.73	8.52	50.40	22.37	46.40	21.45	1.07	24.54	25.68
8/10/2026 12:24:44 PM	3.64	10.09	0.54	0.00	0.00	0.00	0.00	0.00	14.28	74.93	0.76	11.97	1930	10090	245	0	0	0	0	0	12265	136.66	10.62	7.41	43.90	17.41	38.73	17.79	1.07	24.51	25.61
8/10/2026 12:24:46 PM	3.20	8.72	0.60	0.00	0.00	0.00	0.00	0.00	12.52	75.11	0.77	12.21	1694	8722	272	0	0	0	0	0	10689	137.00	9.65	6.44	37.72	16.03	34.68	15.76	1.08	24.48	25.65
8/10/2026 12:24:49 PM	3.35	8.19	0.30	0.00	0.00	0.00	0.00	0.00	11.83	74.88	0.77	12.18	1773	8186	134	0	0	0	0	0	10093	136.58	8.79	6.06	36.18	15.32	32.04	14.77	1.08	24.42	25.60
8/10/2026 12:24:52 PM	2.93	6.98	0.35	0.00	0.00	0.00	0.00	0.00	10.26	75.31	0.78	11.74	1552	6979	159	0	0	0	0	0	8690	137.37	7.82	5.45	30.82	13.73	28.37	13.14	1.08	24.41	25.58
8/10/2026 12:24:55 PM	2.67	5.86	0.30	0.00	0.00	0.00	0.00	0.00	8.83	76.10	0.79	11.60	1413	5862	136	0	0	0	0	0	7411	138.80	6.89	4.60	26.73	12.32	24.06	11.60	1.08	24.34	25.60
8/10/2026 12:24:58 PM	1.97	3.96	0.27	0.00	0.00	0.00	0.00	0.07	6.20	76.81	0.80	11.80	1045	3959	121	0	0	0	0	0	5125	140.10	5.31	3.21	18.87	10.24	17.49	8.98	1.08	24.30	25.58
8/10/2026 12:25:00 PM	1.62	3.22	0.28	0.00	0.00	0.00	0.00	0.12	5.12	77.74	0.80	11.72	861	3217	126	0	0	0	0	0	4204	141.80	4.69	2.91	15.67	9.53	15.02	8.05	1.08	24.24	25.55
8/10/2026 12:25:03 PM	1.34	2.98	0.35	0.00	0.00	0.00	0.00	0.17	4.67	78.23	0.81	11.38	712	2976	156	0	0	0	0	0	3844	142.69	4.60	2.75	14.29	9.58	14.47	7.73	1.08	24.21	25.53
8/10/2026 12:25:06 PM	1.33	2.81	0.30	0.00	0.00	0.00	0.00	0.18	4.44	78.30	0.82	11.28	705	2810	134	0	0	0	0	0	3649	142.82	4.39	2.64	13.69	9.41	13.80	7.51	1.08	24.19	25.55
8/10/2026 12:25:09 PM	1.09	2.57	0.37	0.00	0.00	0.00	0.00	0.21	4.02	78.61	0.82	11.04	576	2571	164	0	0	0	0	0	3312	143.39	4.30	2.47	12.66	9.21	12.94	7.12	1.08	24.13	25.52
8/10/2026 12:25:11 PM	1.08	2.44	0.25	0.00	0.00	0.00	0.00	0.23	3.77	78.72	0.83	11.72	573	2440	114	0	0	0	0	0	3127	143.58	4.01	2.30	12.13	9.04	12.33	6.73	1.08	24.09	25.55
8/10/2026 12:25:14 PM	1.28	2.49	0.15	0.00	0.00	0.00	0.00	0.22	3.92	78.75	0.84	11.83	681	2490	68	0	0	0	0	0	3239	143.64	3.90	2.41	12.37	9.13	12.56	6.91	1.08	24.05	25.50
8/10/2026 12:25:16 PM	1.20	2.54	0.27	0.00	0.00	0.00	0.00	0.22	4.02	78.58	0.84	11.46	638	2545	121	0	0	0	0	0	3304	143.33	4.16	2.43	12.62	9.33	12.79	7.16	1.08	24.01	25.44
8/10/2026 12:25:19 PM	1.18	2.56	0.20	0.00	0.00	0.00	0.00	0.23	3.94	78.68	0.85	11.28	626	2560	88	0	0	0	0	0	3274	143.52	4.03	2.34	12.58	9.28	12.79	6.88	1.08	23.96	25.47
8/10/2026 12:25:22 PM	1.14	2.45	0.19	0.00	0.00	0.00	0.00	0.25	3.78	78.90	0.87	11.29	607	2448	84	0	0	0	0	0	3139	143.91	3.95	2.36	12.28	9.27	12.22	6.79	1.08	23.91	25.44
8/10/2026 12:25:25 PM	1.98	3.41	1.18	0.00	0.00	0.00	0.00	0.00	6.57	72.44	0.88	11.24	1049	3409	533	0	0	0	0	0	4990	132.13	6.63	3.42	17.36	10.88	16.92	12.23	1.09	23.87	25.42
8/10/2026 12:25:28 PM	1.64	3.16	0.35	0.00	0.00	0.00	0.00	0.13	5.16	75.48	0.88	10.91	870	3163	159	0	0	0	0	0	4192	137.68	4.87	2.59	15.46	9.85	15.09	8.46	1.09	23.82	25.40
8/10/2026 12:25:30 PM	7.35	23.98	1.07	0.00	0.00	0.00	0.00	0.00	32.40	75.75	0.88	12.46	3898	23978	483	0	0	0	0	0	28358	138.17	23.35	16.81	97.58	38.79	89.16	35.89	1.09	23.78	25.36
8/10/2026 12:25:33 PM	12.83	35.69	0.74	0.00	0.00	0.00	0.00	0.15	49.26	76.78	0.88	14.48	6800	35691	334	0	0	0	0	0	42826	140.05	34.65	25.12	144.95	64.64	131.46	55.31	1.09	23.74	25.32
8/10/2026 12:25:36 PM	11.24	3.25	3.07	0.35	0.00	0.00	0.00	0.01	17.91	81.21	0.85	23.06	5959	3246	1382	10	0	0	0	0	10597	148.12	16.92	4.04	26.12	38.58	28.25	51.52	1.08	23.69	25.34
8/10/2026 12:25:38 PM	7.41	1.38	2.76	0.41	0.00	0.00	0.00	0.08	11.96	82.09	0.85	25.45	3929	1380	1240	12	0	0	0	0	6561	149.72	13.02	4.56	16.84	28.37	17.62	37.91	1.08	23.66	25.31
8/10/2026 12:25:41 PM	3.68	1.31	2.67	0.00	0.00	0.00	0.00	0.13	7.65	68.54	0.86	25.80	1948	1309	1199	0	0	0	0	0	4457	125.02	9.86	1.63	13.51	18.84	11.97	23.88	1.08	23.64	25.24
8/10/2026 12:25:44 PM	0.42	0.01	0.00	0.00	0.00	0.00	0.00	0.09	0.42	68.66	0.85	24.92	222	5	0	0	0	0	0	0	227	125.25	0.20	1.29	3.41	2.97	2.29	1.92	1.08	23.63	25.26
8/10/2026 12:25:46 PM	0.00	0.00	0.57	0.00	0.00	0.00	0.00	0.00	0.57	70.93	0.85	23.64	0	0	259	0	0	0	0	0	259	129.38	4.09	-0.47	1.67	-0.43	2.53	3.18	1.08	23.63	25.28
8/10/2026 12:25:49 PM	0.10	0.77	0.15	0.02	0.00	0.00	0.00	0.00	1.03	67.73	0.86	22.35	52	773	66	0	0	0	0	0	892	123.55	1.44	-2.50	4.07	0.17	7.93	2.31	1.08	23.59	25.21
8/10/2026 12:25:52 PM	0.00	0.58	0.00	0.00	0.00	0.00	0.00	0.00	0.58	69.71	0.86	21.46	0	579	0	0	0	0	0	0	579	127.16	0.08	5.06	4.74	0.54	3.87	-1.67	1.08	23.58	25.23
8/10/2026 12:25:55 PM	0.80	0.00	0.00	0.00	0.00	0.00	0.00	0.00	0.80	70.81	0.83	20.79	423	0	0	0	0	0	0	0	423	129.16	-0.87	-1.26	2.38	1.45	-1.04	4.93	1.08	23.55	25.20
8/10/2026 12:25:57 PM	0.01	0.24	0.00	0.00	0.00	0.00	0.00	0.00	0.25	71.79	0.83	20.24	7	239	0	0	0	0	0	0	246	130.94	-0.30	-0.09	2.13	0.53	4.98	0.41	1.08	23.53	25.20
8/10/2026 12:26:00 PM	0.00	0.08	0.00	0.00	0.00	0.00	0.00	0.00	0.08	71.49	0.82	19.84	0	84	0	0	0	0	0	0	84	130.40	0.43	-0.79	4.68	0.44	1.20	-1.69	1.08	23.50	25.12
8/10/2026 12:26:03 PM	0.00	0.00	0.00	0.20	0.00	0.00	0.00	0.00	0.20	72.48	0.81	19.48	0	0	0	6	0	0	0	0	6	132.20	0.33	2.96	2.08	-0.43	4.13	1.50	1.08	23.47	25.15
