Date/Time	Green Algae	Bluegreen	Diatoms	Cryptophyta	#5	#6	#7	Yellow substances	Total conc.	Transmission	Depth	Temp. Sample	Green Algae	Bluegreen	Diatoms	Cryptophyta	#5	#6	#7	Yellow substances	Total cell count	Trans. 700 nm	LED 3 [525 nm]	LED 4 [570 nm]	LED 5 [610 nm]	LED 6 [370 nm]	LED 7 [590 nm]	LED 8 [470 nm]	Pressure	Temp. LEDs	Temp. Sensor
date	µg/l	µg/l	µg/l	µg/l	µg/l	µg/l	µg/l	r.u.	µg/l	%	m	°C	cells/ml	cells/ml	cells/ml	cells/ml	cells/ml	cells/ml	cells/ml	r.u.	cells/ml	digits	digits	digits	digits	digits	digits	digits	bar	°C	°C
8/10/2026 12:31:27 PM	8.12	1.76	1.09	0.00	0.00	0.00	0.00	0.44	10.97	82.29	0.19	26.74	4303	1759	492	0	0	0	0	0	6554	150.09	9.85	2.85	17.62	30.12	15.43	34.51	1.02	21.16	23.09
8/10/2026 12:31:30 PM	6.51	1.69	1.81	0.59	0.00	0.00	0.00	0.46	10.61	81.98	0.20	26.71	3451	1694	816	18	0	0	0	0	5979	149.53	12.02	4.73	16.92	29.73	17.85	34.51	1.02	21.25	23.11
8/10/2026 12:31:33 PM	7.16	2.71	1.81	0.00	0.00	0.00	0.00	0.27	11.68	82.39	0.21	26.79	3793	2707	816	0	0	0	0	0	7316	150.28	11.16	2.57	19.83	28.05	19.72	33.30	1.02	21.32	23.14
8/10/2026 12:31:35 PM	8.34	1.44	0.61	1.04	0.00	0.00	0.00	0.22	11.44	83.13	0.23	26.54	4421	1442	276	31	0	0	0	0	6169	151.63	11.14	4.20	17.11	28.61	19.16	35.72	1.02	21.36	23.17
8/10/2026 12:31:38 PM	7.02	1.26	2.12	0.87	0.00	0.00	0.00	0.40	11.26	82.95	0.23	26.57	3720	1259	952	26	0	0	0	0	5957	151.30	13.36	4.71	16.58	31.16	18.20	37.92	1.02	21.42	23.09
8/10/2026 12:31:41 PM	8.69	1.37	2.45	0.00	0.00	0.00	0.00	0.18	12.51	83.35	0.24	26.65	4607	1375	1101	0	0	0	0	0	7083	152.03	12.19	2.67	16.78	30.86	17.04	39.91	1.02	21.49	23.22
8/10/2026 12:31:44 PM	7.34	2.26	2.61	0.00	0.00	0.00	0.00	0.32	12.20	83.88	0.25	26.79	3889	2259	1173	0	0	0	0	0	7321	152.99	12.64	4.10	19.37	30.82	18.66	37.34	1.02	21.55	23.25
8/10/2026 12:31:46 PM	7.88	1.75	2.42	0.00	0.00	0.00	0.00	0.26	12.05	83.75	0.25	26.63	4176	1746	1091	0	0	0	0	0	7013	152.76	12.08	3.22	17.52	30.32	17.52	37.81	1.02	21.62	23.15
8/10/2026 12:31:49 PM	8.08	1.82	2.39	0.00	0.00	0.00	0.00	0.38	12.30	84.04	0.26	26.35	4285	1822	1075	0	0	0	0	0	7183	153.28	12.42	3.69	18.15	32.50	17.74	39.23	1.03	21.65	23.15
8/10/2026 12:31:52 PM	9.48	1.08	1.14	0.86	0.00	0.00	0.00	0.12	12.55	83.98	0.26	26.24	5026	1075	512	26	0	0	0	0	6639	153.17	11.93	3.63	16.64	30.51	18.85	40.10	1.03	21.72	23.22
8/10/2026 12:31:54 PM	8.40	1.90	2.10	0.04	0.00	0.00	0.00	0.28	12.43	83.95	0.27	26.39	4450	1898	943	1	0	0	0	0	7293	153.11	11.84	3.78	17.94	31.22	18.56	38.54	1.03	21.78	23.22
8/10/2026 12:31:58 PM	7.98	1.74	2.92	0.21	0.00	0.00	0.00	0.13	12.85	83.41	0.27	26.33	4231	1742	1313	6	0	0	0	0	7292	152.13	13.43	4.62	18.31	30.60	18.77	40.08	1.03	21.82	23.17
8/10/2026 12:32:00 PM	8.12	1.47	3.10	0.00	0.00	0.00	0.00	0.17	12.69	83.74	0.27	26.22	4302	1474	1395	0	0	0	0	0	7171	152.74	13.25	3.46	17.12	31.11	17.61	40.62	1.03	21.87	23.25
8/10/2026 12:32:03 PM	8.50	1.85	2.61	0.00	0.00	0.00	0.00	0.23	12.96	84.05	0.27	26.13	4503	1855	1175	0	0	0	0	0	7533	153.30	12.79	3.69	18.37	31.93	18.75	40.43	1.03	21.92	23.24
8/10/2026 12:32:06 PM	8.56	1.86	2.59	0.00	0.00	0.00	0.00	0.22	13.00	83.98	0.27	26.12	4536	1857	1164	0	0	0	0	0	7557	153.17	12.82	2.71	17.99	31.88	19.38	40.47	1.03	22.00	23.28
8/10/2026 12:32:08 PM	8.37	1.79	2.58	0.00	0.00	0.00	0.00	0.18	12.74	83.85	0.27	26.19	4435	1791	1163	0	0	0	0	0	7389	152.94	12.54	3.33	17.88	30.86	18.53	39.56	1.03	22.06	23.32
8/10/2026 12:32:11 PM	8.72	1.39	2.10	0.29	0.00	0.00	0.00	0.23	12.49	84.14	0.28	26.21	4620	1386	945	9	0	0	0	0	6960	153.47	12.31	3.79	16.91	31.51	17.99	40.10	1.03	22.10	23.30
8/10/2026 12:32:14 PM	8.81	1.60	2.22	0.29	0.00	0.00	0.00	0.18	12.92	84.06	0.28	26.14	4669	1602	999	9	0	0	0	0	7279	153.31	12.62	4.80	18.16	31.59	18.43	40.64	1.03	22.16	23.35
8/10/2026 12:32:17 PM	8.62	1.03	1.36	1.31	0.00	0.00	0.00	0.24	12.32	83.54	0.28	26.16	4569	1029	613	39	0	0	0	0	6251	152.37	13.46	4.62	17.19	31.78	19.70	40.72	1.03	22.23	23.32
8/10/2026 12:32:19 PM	7.72	1.83	2.66	0.06	0.00	0.00	0.00	0.40	12.27	84.08	0.28	26.09	4094	1830	1197	2	0	0	0	0	7123	153.35	13.00	3.16	17.49	32.66	18.92	39.47	1.03	22.27	23.33
8/10/2026 12:32:22 PM	8.01	1.67	2.11	0.72	0.00	0.00	0.00	0.31	12.50	83.85	0.28	26.05	4247	1667	948	21	0	0	0	0	6883	152.93	13.55	4.92	18.51	32.34	19.74	40.12	1.03	22.32	23.38
8/10/2026 12:32:25 PM	7.62	1.85	3.65	0.00	0.00	0.00	0.00	0.29	13.11	84.21	0.29	26.08	4037	1845	1641	0	0	0	0	0	7523	153.60	14.63	4.25	18.58	33.30	19.04	42.12	1.03	22.37	23.38
8/10/2026 12:32:28 PM	8.48	1.42	2.40	0.33	0.00	0.00	0.00	0.35	12.64	83.95	0.29	26.18	4493	1425	1082	10	0	0	0	0	7010	153.12	13.29	3.37	17.08	33.47	18.81	41.54	1.03	22.43	23.41
8/10/2026 12:32:31 PM	8.30	1.65	2.75	0.11	0.00	0.00	0.00	0.28	12.80	84.13	0.29	26.27	4401	1645	1235	3	0	0	0	0	7285	153.45	13.28	3.19	17.46	32.64	18.95	41.07	1.03	22.47	23.44
8/10/2026 12:32:33 PM	8.48	1.83	3.22	0.00	0.00	0.00	0.00	0.11	13.53	84.29	0.31	26.26	4496	1827	1450	0	0	0	0	0	7773	153.74	13.83	4.25	19.10	31.81	18.75	42.02	1.03	22.53	23.38
8/10/2026 12:32:36 PM	8.99	1.64	1.90	0.41	0.00	0.00	0.00	0.22	12.95	83.96	0.31	26.18	4766	1641	857	12	0	0	0	0	7277	153.14	12.60	3.48	17.95	32.03	19.65	40.69	1.03	22.60	23.41
8/10/2026 12:32:39 PM	8.02	1.99	2.80	0.00	0.00	0.00	0.00	0.27	12.81	84.29	0.30	26.06	4248	1990	1261	0	0	0	0	0	7499	153.75	13.18	3.50	18.86	32.00	18.85	39.94	1.03	22.62	23.48
8/10/2026 12:32:41 PM	8.41	1.72	2.64	0.27	0.00	0.00	0.00	0.16	13.04	84.67	0.30	26.04	4456	1723	1187	8	0	0	0	0	7375	154.44	13.32	4.44	18.42	31.47	19.14	40.82	1.03	22.71	23.49
8/10/2026 12:32:44 PM	8.12	1.93	2.95	0.25	0.00	0.00	0.00	0.22	13.24	83.83	0.31	25.98	4304	1930	1325	7	0	0	0	0	7568	152.90	14.07	3.88	18.92	32.48	20.27	41.47	1.03	22.75	23.46
8/10/2026 12:32:46 PM	8.09	2.11	2.99	0.00	0.00	0.00	0.00	0.22	13.20	83.56	0.31	25.77	4289	2115	1348	0	0	0	0	0	7751	152.41	13.51	4.61	19.48	32.08	19.39	40.66	1.03	22.77	23.43
8/10/2026 12:32:49 PM	8.94	2.21	2.47	0.00	0.00	0.00	0.00	0.16	13.63	83.50	0.32	25.81	4740	2209	1113	0	0	0	0	0	8063	152.30	13.00	2.56	20.07	31.96	20.13	40.93	1.03	22.85	23.52
8/10/2026 12:32:52 PM	8.10	2.26	3.20	0.00	0.00	0.00	0.00	0.22	13.56	84.04	0.32	25.66	4292	2264	1439	0	0	0	0	0	7995	153.29	14.18	4.38	21.11	32.73	19.19	41.50	1.03	22.88	23.52
8/10/2026 12:32:54 PM	8.66	1.70	2.97	0.00	0.00	0.00	0.00	0.24	13.32	83.80	0.33	25.62	4590	1695	1335	0	0	0	0	0	7619	152.85	13.57	3.54	18.13	33.25	18.88	42.44	1.03	22.93	23.51
8/10/2026 12:32:57 PM	8.61	1.89	3.39	0.01	0.00	0.00	0.00	0.29	13.90	83.67	0.33	25.65	4563	1888	1527	0	0	0	0	0	7978	152.62	14.70	3.98	19.15	35.06	20.02	44.41	1.03	22.99	23.57
8/10/2026 12:33:00 PM	9.20	1.93	3.44	0.00	0.00	0.00	0.00	0.23	14.58	84.03	0.34	25.56	4877	1929	1550	0	0	0	0	0	8356	153.27	14.97	4.87	20.10	35.77	20.16	46.13	1.03	23.04	23.57
8/10/2026 12:33:02 PM	9.00	1.64	3.54	0.00	0.00	0.00	0.00	0.30	14.18	84.78	0.33	25.47	4769	1643	1593	0	0	0	0	0	8005	154.63	15.10	3.66	18.77	36.29	19.62	46.27	1.03	23.10	23.65
8/10/2026 12:33:06 PM	9.48	2.08	4.76	0.20	0.00	0.00	0.00	0.43	16.52	84.11	0.34	25.41	5022	2080	2143	6	0	0	0	0	9251	153.41	19.18	4.69	22.26	43.13	23.71	54.54	1.03	23.13	23.65
8/10/2026 12:33:08 PM	11.03	2.76	5.67	0.00	0.00	0.00	0.00	0.74	19.46	83.89	0.34	25.23	5847	2756	2552	0	0	0	0	0	11154	153.01	22.51	6.12	26.93	53.47	27.01	64.86	1.03	23.19	23.64
8/10/2026 12:33:11 PM	11.32	3.32	5.90	0.00	0.00	0.00	0.00	0.76	20.54	83.13	0.35	25.03	6001	3321	2653	0	0	0	0	0	11975	151.63	23.60	6.29	29.42	55.38	29.45	66.96	1.03	23.23	23.70
8/10/2026 12:33:14 PM	12.54	3.09	5.23	0.55	0.00	0.00	0.00	0.74	21.41	83.04	0.35	25.02	6646	3089	2355	16	0	0	0	0	12106	151.46	24.18	7.53	30.19	57.44	30.86	70.20	1.03	23.28	23.69
8/10/2026 12:33:16 PM	11.83	3.52	6.53	0.00	0.00	0.00	0.00	0.78	21.88	83.36	0.35	25.00	6270	3518	2940	0	0	0	0	0	12728	152.05	25.42	6.90	31.18	58.63	31.11	71.38	1.03	23.32	23.69
8/10/2026 12:33:19 PM	11.76	3.42	6.98	0.00	0.00	0.00	0.00	0.75	22.16	83.21	0.36	24.90	6235	3423	3139	0	0	0	0	0	12796	151.76	26.18	7.38	31.32	59.11	30.95	72.72	1.04	23.38	23.75
8/10/2026 12:33:22 PM	11.27	3.04	6.35	0.00	0.00	0.00	0.00	0.73	20.66	83.13	0.37	24.89	5973	3041	2857	0	0	0	0	0	11871	151.62	24.29	6.43	28.80	55.83	28.84	68.37	1.04	23.43	23.77
8/10/2026 12:33:25 PM	12.66	3.23	6.01	0.00	0.00	0.00	0.00	0.66	21.90	83.47	0.37	24.84	6712	3226	2707	0	0	0	0	0	12645	152.24	24.30	6.35	30.04	57.35	30.53	71.13	1.04	23.45	23.78
8/10/2026 12:33:27 PM	12.88	3.52	7.22	0.00	0.00	0.00	0.00	0.59	23.61	83.32	0.37	24.76	6824	3521	3247	0	0	0	0	0	13592	151.96	27.13	6.86	32.89	60.21	32.31	76.24	1.04	23.49	23.80
8/10/2026 12:33:30 PM	12.37	3.71	7.21	0.19	0.00	0.00	0.00	0.71	23.48	83.68	0.38	24.73	6558	3710	3244	6	0	0	0	0	13518	152.63	27.63	8.71	33.52	61.31	33.16	76.20	1.04	23.55	23.81
8/10/2026 12:33:33 PM	11.29	3.60	8.28	0.00	0.00	0.00	0.00	0.78	23.17	83.17	0.39	24.71	5981	3601	3727	0	0	0	0	0	13309	151.70	28.97	7.60	33.08	61.74	32.22	76.58	1.04	23.59	23.86
8/10/2026 12:33:36 PM	12.56	3.95	7.29	0.00	0.00	0.00	0.00	0.62	23.80	83.04	0.39	24.62	6655	3949	3281	0	0	0	0	0	13884	151.46	27.43	7.68	34.31	60.44	33.42	75.83	1.04	23.63	23.81
8/10/2026 12:33:39 PM	12.09	4.11	8.03	0.00	0.00	0.00	0.00	0.62	24.23	83.29	0.40	24.52	6405	4112	3615	0	0	0	0	0	14132	151.92	28.87	7.82	35.03	61.24	34.54	77.25	1.04	23.68	23.85
8/10/2026 12:33:41 PM	12.63	4.08	7.21	0.22	0.00	0.00	0.00	0.70	24.13	83.01	0.40	24.46	6692	4079	3244	7	0	0	0	0	14021	151.40	28.10	8.54	34.95	62.07	34.96	77.13	1.04	23.70	23.86
8/10/2026 12:33:44 PM	12.92	4.57	7.08	0.00	0.00	0.00	0.00	0.77	24.57	83.47	0.41	24.45	6847	4566	3187	0	0	0	0	0	14599	152.25	28.00	7.61	37.05	63.28	35.38	77.32	1.04	23.77	23.94
8/10/2026 12:33:47 PM	13.24	4.26	6.77	0.00	0.00	0.00	0.00	0.67	24.28	83.23	0.42	24.27	7019	4264	3048	0	0	0	0	0	14331	151.80	26.93	8.23	35.20	61.62	34.87	76.41	1.04	23.82	23.93
8/10/2026 12:33:50 PM	12.79	4.33	6.65	0.00	0.00	0.00	0.00	0.69	23.77	83.14	0.42	24.26	6776	4335	2992	0	0	0	0	0	14103	151.65	26.53	7.83	34.90	60.56	34.75	74.56	1.04	23.83	23.93
8/10/2026 12:33:52 PM	12.74	4.22	6.49	0.13	0.00	0.00	0.00	0.68	23.58	83.22	0.43	23.94	6751	4223	2921	4	0	0	0	0	13899	151.80	26.44	7.91	34.56	60.19	34.69	74.19	1.04	23.86	23.96
8/10/2026 12:33:55 PM	12.69	4.22	5.83	0.00	0.00	0.00	0.00	0.68	22.74	83.53	0.43	23.24	6727	4215	2624	0	0	0	0	0	13567	152.35	24.72	6.87	34.05	58.07	33.09	70.86	1.04	23.92	23.96
8/10/2026 12:33:58 PM	12.71	4.40	6.27	0.00	0.00	0.00	0.00	0.66	23.38	83.36	0.45	23.37	6737	4399	2820	0	0	0	0	0	13955	152.04	25.71	7.32	34.90	59.10	34.36	72.59	1.04	23.97	24.01
8/10/2026 12:34:01 PM	9.24	5.03	5.23	0.10	0.00	0.00	0.00	0.72	19.60	83.40	0.44	23.39	4896	5031	2355	3	0	0	0	0	12285	152.11	22.31	7.92	33.43	49.93	33.05	58.01	1.04	23.98	23.97
8/10/2026 12:34:03 PM	9.11	4.77	4.20	0.73	0.00	0.00	0.00	0.66	18.81	83.65	0.45	23.12	4827	4771	1890	22	0	0	0	0	11510	152.57	21.62	7.55	32.62	47.52	33.67	55.37	1.04	24.03	24.12
8/10/2026 12:34:06 PM	9.47	5.41	4.40	0.00	0.00	0.00	0.00	0.51	19.28	83.56	0.43	23.12	5019	5413	1980	0	0	0	0	0	12412	152.41	20.17	7.83	34.06	45.60	33.04	53.70	1.04	24.05	24.09
8/10/2026 12:34:09 PM	9.24	5.38	4.29	0.19	0.00	0.00	0.00	0.53	19.10	83.34	0.45	22.20	4897	5382	1929	6	0	0	0	0	12214	152.01	20.43	7.00	33.64	45.42	34.00	53.32	1.04	24.06	24.05
8/10/2026 12:34:11 PM	9.76	5.66	4.10	0.00	0.00	0.00	0.00	0.47	19.52	83.49	0.45	22.10	5172	5662	1845	0	0	0	0	0	12679	152.29	19.77	7.73	34.79	45.09	33.92	53.19	1.04	24.10	24.15
8/10/2026 12:34:14 PM	8.68	5.31	3.15	0.90	0.00	0.00	0.00	0.64	18.03	83.76	0.46	22.11	4598	5307	1415	27	0	0	0	0	11347	152.77	19.93	7.73	33.59	44.47	34.65	50.37	1.04	24.14	24.14
8/10/2026 12:34:17 PM	8.54	5.98	4.38	0.00	0.00	0.00	0.00	0.59	18.91	83.61	0.45	21.40	4527	5982	1973	0	0	0	0	0	12482	152.49	20.19	7.87	35.27	44.86	34.36	51.24	1.04	24.14	24.12
8/10/2026 12:34:20 PM	8.84	6.92	3.53	0.33	0.00	0.00	0.00	0.63	19.63	83.72	0.46	20.74	4687	6920	1590	10	0	0	0	0	13207	152.69	20.27	8.10	38.58	45.61	38.60	50.64	1.04	24.19	24.15
8/10/2026 12:34:22 PM	8.33	7.91	4.15	0.00	0.00	0.00	0.00	0.64	20.39	83.17	0.46	20.84	4414	7906	1869	0	0	0	0	0	14189	151.69	20.99	9.60	42.15	46.12	40.04	50.47	1.05	24.20	24.14
8/10/2026 12:34:25 PM	9.03	8.69	3.83	0.00	0.00	0.00	0.00	0.58	21.55	83.34	0.47	20.82	4787	8688	1722	0	0	0	0	0	15198	152.01	21.22	8.68	45.19	46.78	43.16	51.26	1.05	24.25	24.23
8/10/2026 12:34:28 PM	8.72	18.27	2.19	0.00	0.00	0.00	0.00	0.88	29.19	81.77	0.47	20.27	4623	18275	987	0	0	0	0	0	23885	149.15	24.98	14.24	79.95	54.12	71.77	48.18	1.05	24.25	24.18
8/10/2026 12:34:31 PM	8.94	21.87	2.26	0.00	0.00	0.00	0.00	0.75	33.06	81.04	0.47	19.92	4736	21867	1016	0	0	0	0	0	27619	147.82	27.41	16.94	93.13	56.03	83.94	49.20	1.05	24.27	24.22
8/10/2026 12:34:34 PM	9.72	21.31	2.08	0.00	0.00	0.00	0.00	0.73	33.10	81.16	0.47	19.76	5149	21306	935	0	0	0	0	0	27391	148.04	26.90	16.70	90.50	56.60	83.65	50.76	1.05	24.29	24.22
8/10/2026 12:34:36 PM	9.69	21.79	2.22	0.00	0.00	0.00	0.00	0.70	33.70	80.51	0.48	19.82	5136	21786	1000	0	0	0	0	0	27921	146.85	27.56	17.27	93.32	56.99	84.26	51.19	1.05	24.29	24.28
8/10/2026 12:34:39 PM	9.68	22.85	2.15	0.00	0.00	0.00	0.00	0.69	34.68	80.63	0.48	19.77	5131	22846	967	0	0	0	0	0	28944	147.06	28.15	17.34	96.98	57.51	87.93	51.05	1.05	24.35	24.31
8/10/2026 12:34:42 PM	10.78	25.53	1.08	0.00	0.00	0.00	0.00	0.67	37.38	80.17	0.49	19.72	5713	25527	486	0	0	0	0	0	31725	146.23	28.46	18.46	108.05	59.46	95.20	50.91	1.05	24.34	24.30
8/10/2026 12:34:45 PM	10.76	24.25	1.31	0.00	0.00	0.00	0.00	0.62	36.33	80.44	0.49	19.71	5705	24252	590	0	0	0	0	0	30547	146.71	27.86	17.56	102.60	58.13	92.25	51.09	1.05	24.34	24.31
8/10/2026 12:34:48 PM	10.64	25.60	1.44	0.00	0.00	0.00	0.00	0.68	37.67	79.58	0.50	19.50	5637	25597	647	0	0	0	0	0	31880	145.15	29.04	19.50	107.84	60.09	96.27	51.93	1.05	24.39	24.33
8/10/2026 12:34:50 PM	11.04	28.94	1.10	0.00	0.00	0.00	0.00	0.59	41.08	79.80	0.51	19.08	5852	28942	494	0	0	0	0	0	35288	145.55	30.72	21.25	120.24	61.73	107.15	52.12	1.05	24.40	24.36
8/10/2026 12:34:53 PM	10.96	32.73	0.42	0.00	0.00	0.00	0.00	0.70	44.10	79.30	0.51	18.86	5809	32728	188	0	0	0	0	0	38724	144.64	32.12	22.85	133.18	64.57	119.41	50.89	1.05	24.42	24.39
8/10/2026 12:34:56 PM	10.49	31.01	0.94	0.00	0.00	0.00	0.00	0.72	42.44	78.69	0.51	19.03	5559	31011	425	0	0	0	0	0	36995	143.52	31.97	21.75	127.97	63.70	112.85	51.16	1.05	24.42	24.39
8/10/2026 12:34:58 PM	10.99	32.00	0.62	0.00	0.00	0.00	0.00	0.66	43.60	78.87	0.52	18.57	5823	32000	277	0	0	0	0	0	38100	143.86	32.13	22.41	132.26	63.95	115.50	51.25	1.05	24.40	24.42
8/10/2026 12:35:01 PM	11.38	38.75	0.00	0.00	0.00	0.00	0.00	0.55	50.13	77.24	0.52	18.74	6031	38745	0	0	0	0	0	0	44777	140.88	34.93	26.22	157.62	67.59	136.60	51.05	1.05	24.41	24.42
8/10/2026 12:35:04 PM	11.38	44.28	0.00	0.00	0.00	0.00	0.00	0.53	55.66	75.63	0.53	19.23	6034	44280	0	0	0	0	0	0	50313	137.95	37.52	30.02	177.71	72.05	155.26	52.37	1.05	24.43	24.42
8/10/2026 12:35:06 PM	11.13	45.98	0.00	0.00	0.00	0.00	0.00	0.44	57.11	75.41	0.54	18.45	5900	45977	0	0	0	0	0	0	51877	137.54	37.98	30.54	184.59	71.76	159.80	51.36	1.05	24.46	24.49
8/10/2026 12:35:09 PM	11.43	48.93	0.00	0.00	0.00	0.00	0.00	0.43	60.36	74.68	0.54	17.94	6059	48930	0	0	0	0	0	0	54989	136.22	40.16	32.94	192.82	74.72	172.77	53.13	1.05	24.46	24.50
8/10/2026 12:35:12 PM	15.18	60.49	0.00	0.00	0.00	0.00	0.00	0.01	75.66	72.31	0.55	17.24	8044	60487	0	0	0	0	0	0	68531	131.89	48.02	39.46	239.40	87.60	212.84	65.49	1.05	24.44	24.46
8/10/2026 12:35:15 PM	14.72	60.07	0.00	0.00	0.00	0.00	0.00	0.06	74.79	72.01	0.55	16.68	7802	60072	0	0	0	0	0	0	67873	131.35	47.00	39.49	239.22	86.92	209.32	64.17	1.05	24.43	24.50
8/10/2026 12:35:17 PM	15.89	62.80	0.00	0.00	0.00	0.00	0.00	0.00	78.70	71.76	0.55	16.83	8423	62804	0	0	0	0	0	0	71228	130.90	50.77	42.06	248.26	90.00	221.17	68.98	1.05	24.44	24.54
8/10/2026 12:35:20 PM	17.87	69.27	0.00	0.00	0.00	0.00	0.00	0.00	87.14	71.15	0.55	16.47	9469	69273	0	0	0	0	0	0	78743	129.78	57.99	46.86	274.51	98.27	243.16	78.12	1.05	24.45	24.49
8/10/2026 12:35:23 PM	17.68	73.05	1.96	0.00	0.00	0.00	0.00	0.00	92.68	70.44	0.56	15.74	9368	73045	882	0	0	0	0	0	83295	128.48	64.91	50.11	288.65	104.79	259.02	87.00	1.05	24.41	24.52
8/10/2026 12:35:26 PM	17.20	73.76	3.13	0.00	0.00	0.00	0.00	0.00	94.09	70.46	0.56	15.63	9115	73764	1407	0	0	0	0	0	84287	128.51	67.36	51.36	290.68	106.68	263.63	90.67	1.05	24.40	24.50
8/10/2026 12:35:29 PM	17.30	71.95	2.49	0.00	0.00	0.00	0.00	0.00	91.74	70.62	0.56	15.71	9168	71951	1119	0	0	0	0	0	82238	128.82	65.04	49.79	284.66	104.33	255.75	87.58	1.06	24.40	24.57
8/10/2026 12:35:31 PM	17.30	73.46	3.55	0.00	0.00	0.00	0.00	0.00	94.31	70.54	0.57	15.84	9171	73461	1597	0	0	0	0	0	84229	128.68	68.09	51.62	290.46	107.58	262.68	92.72	1.06	24.39	24.54
8/10/2026 12:35:34 PM	16.39	73.16	4.39	0.00	0.00	0.00	0.00	0.00	93.93	70.47	0.57	15.22	8685	73160	1974	0	0	0	0	0	83818	128.54	68.99	51.93	287.39	107.41	263.83	92.90	1.06	24.40	24.57
8/10/2026 12:35:37 PM	15.21	73.93	5.52	0.00	0.00	0.00	0.00	0.00	94.66	71.51	0.57	14.49	8060	73926	2485	0	0	0	0	0	84471	130.44	71.18	53.74	291.47	107.58	265.20	94.13	1.06	24.38	24.57
8/10/2026 12:35:40 PM	12.71	58.66	4.14	0.00	0.00	0.00	0.00	0.00	75.51	73.97	0.58	14.20	6735	58662	1865	0	0	0	0	0	67261	134.92	56.53	42.30	231.16	86.79	212.23	75.57	1.06	24.36	24.57
8/10/2026 12:35:42 PM	12.65	60.09	4.70	0.00	0.00	0.00	0.00	0.00	77.43	74.19	0.58	13.43	6704	60086	2115	0	0	0	0	0	68904	135.32	58.56	44.03	238.25	88.49	216.00	78.48	1.06	24.34	24.60
8/10/2026 12:35:45 PM	10.57	49.09	3.31	1.42	0.00	0.00	0.00	0.00	64.38	75.20	0.59	12.76	5600	49088	1490	43	0	0	0	0	56221	137.16	51.16	36.33	194.30	75.93	185.84	67.66	1.06	24.32	24.57
8/10/2026 12:35:48 PM	8.79	42.00	3.39	0.00	0.00	0.00	0.00	0.00	54.18	75.57	0.60	13.01	4659	41997	1527	0	0	0	0	0	48183	137.83	41.25	30.60	166.07	62.11	153.22	55.18	1.06	24.31	24.57
8/10/2026 12:35:51 PM	7.46	35.07	2.84	0.31	0.00	0.00	0.00	0.00	45.68	76.82	0.60	13.30	3951	35066	1279	9	0	0	0	0	40306	140.12	35.46	25.84	138.42	53.10	131.19	47.63	1.06	24.28	24.57
8/10/2026 12:35:54 PM	6.32	28.81	2.45	0.00	0.00	0.00	0.00	0.00	37.59	77.53	0.61	13.17	3352	28814	1104	0	0	0	0	0	33270	141.42	28.74	21.31	114.62	43.21	106.88	39.74	1.06	24.24	24.57
8/10/2026 12:35:56 PM	6.08	25.31	2.00	0.00	0.00	0.00	0.00	0.00	33.38	78.16	0.62	13.10	3221	25306	898	0	0	0	0	0	29425	142.56	25.41	18.67	102.52	38.85	93.08	35.96	1.06	24.23	24.62
8/10/2026 12:35:59 PM	6.42	26.61	1.92	0.00	0.00	0.00	0.00	0.00	34.95	77.48	0.62	13.44	3400	26608	864	0	0	0	0	0	30873	141.33	26.35	19.39	107.78	40.42	97.34	37.20	1.06	24.19	24.57
8/10/2026 12:36:02 PM	6.38	26.45	2.00	0.00	0.00	0.00	0.00	0.00	34.83	77.75	0.63	13.92	3384	26445	899	0	0	0	0	0	30728	141.82	26.41	19.25	106.67	40.70	97.40	37.16	1.06	24.18	24.62
8/10/2026 12:36:05 PM	6.79	26.69	1.68	0.00	0.00	0.00	0.00	0.00	35.15	77.46	0.65	14.34	3597	26692	754	0	0	0	0	0	31043	141.28	26.13	19.41	108.49	40.79	97.31	37.43	1.06	24.14	24.59
8/10/2026 12:36:07 PM	6.38	25.46	1.71	0.00	0.00	0.00	0.00	0.00	33.55	77.68	0.65	13.91	3379	25464	768	0	0	0	0	0	29611	141.69	25.06	19.04	103.05	39.10	93.49	35.74	1.06	24.12	24.60
8/10/2026 12:36:10 PM	6.04	24.36	1.82	0.00	0.00	0.00	0.00	0.00	32.22	77.64	0.66	13.15	3201	24364	817	0	0	0	0	0	28382	141.61	24.39	18.02	98.52	37.83	90.06	34.67	1.06	24.09	24.57
8/10/2026 12:36:13 PM	5.53	20.76	1.13	0.00	0.00	0.00	0.00	0.00	27.42	78.25	0.67	12.89	2928	20761	508	0	0	0	0	0	24198	142.73	20.31	15.14	84.55	32.41	76.63	28.94	1.07	24.06	24.55
8/10/2026 12:36:16 PM	5.57	20.13	0.95	0.00	0.00	0.00	0.00	0.00	26.65	78.18	0.67	12.75	2951	20128	428	0	0	0	0	0	23507	142.60	19.58	14.57	82.59	31.59	73.86	28.16	1.07	24.07	24.62
8/10/2026 12:36:19 PM	4.97	16.59	0.81	0.00	0.00	0.00	0.00	0.00	22.37	78.40	0.68	12.84	2636	16585	363	0	0	0	0	0	19585	143.00	16.55	12.00	67.93	27.51	62.53	24.30	1.07	23.99	24.57
8/10/2026 12:36:21 PM	4.10	13.65	0.93	0.00	0.00	0.00	0.00	0.00	18.68	78.63	0.69	12.59	2173	13654	418	0	0	0	0	0	16245	143.41	14.35	10.20	56.42	23.64	52.31	20.93	1.07	23.97	24.54
8/10/2026 12:36:24 PM	4.83	15.60	0.53	0.00	0.00	0.00	0.00	0.00	20.95	78.70	0.69	12.66	2558	15599	237	0	0	0	0	0	18394	143.55	15.18	11.27	64.39	25.45	58.42	22.56	1.07	23.94	24.55
8/10/2026 12:36:27 PM	4.68	15.21	0.72	0.00	0.00	0.00	0.00	0.00	20.62	78.26	0.70	12.97	2480	15214	325	0	0	0	0	0	18019	142.75	15.23	11.26	62.72	25.42	57.50	22.66	1.07	23.90	24.55
8/10/2026 12:36:29 PM	4.42	13.64	0.59	0.00	0.00	0.00	0.00	0.00	18.65	78.73	0.71	12.71	2343	13637	268	0	0	0	0	0	16247	143.60	13.83	10.12	56.55	23.61	51.90	20.58	1.07	23.90	24.59
8/10/2026 12:36:33 PM	4.03	11.99	0.89	0.00	0.00	0.00	0.00	0.00	16.90	78.59	0.72	12.41	2137	11987	399	0	0	0	0	0	14522	143.34	13.08	9.21	50.29	22.08	46.58	20.03	1.07	23.83	24.50
8/10/2026 12:36:35 PM	3.98	11.87	0.83	0.00	0.00	0.00	0.00	0.00	16.68	78.65	0.72	12.29	2109	11872	374	0	0	0	0	0	14355	143.45	12.87	9.18	50.18	21.67	45.66	19.63	1.07	23.79	24.55
8/10/2026 12:36:38 PM	4.13	11.37	0.64	0.00	0.00	0.00	0.00	0.00	16.14	78.76	0.73	12.67	2191	11366	287	0	0	0	0	0	13845	143.66	12.27	8.42	48.31	21.28	43.91	19.14	1.07	23.75	24.50
8/10/2026 12:36:41 PM	3.98	10.91	0.86	0.00	0.00	0.00	0.00	0.00	15.75	78.64	0.74	12.55	2110	10911	385	0	0	0	0	0	13406	143.43	12.22	8.52	45.87	21.09	43.36	19.40	1.07	23.74	24.54
8/10/2026 12:36:43 PM	3.99	10.54	0.72	0.00	0.00	0.00	0.00	0.00	15.25	78.86	0.74	12.52	2117	10537	322	0	0	0	0	0	12976	143.84	11.70	8.13	44.87	20.36	41.50	18.85	1.07	23.73	24.52
8/10/2026 12:36:46 PM	3.34	8.74	0.76	0.00	0.00	0.00	0.00	0.03	12.85	78.79	0.75	12.59	1772	8739	344	0	0	0	0	0	10854	143.71	10.31	6.92	37.52	18.16	35.33	16.45	1.07	23.64	24.49
8/10/2026 12:36:49 PM	2.97	6.73	0.90	0.00	0.00	0.00	0.00	0.03	10.60	79.11	0.76	11.67	1572	6734	403	0	0	0	0	0	8709	144.29	8.96	5.64	29.74	15.95	28.79	15.25	1.07	23.63	24.47
8/10/2026 12:36:52 PM	2.76	6.04	0.82	0.00	0.00	0.00	0.00	0.06	9.62	79.15	0.77	11.38	1464	6042	370	0	0	0	0	0	7875	144.38	8.31	5.09	27.23	15.13	26.01	14.30	1.07	23.59	24.44
8/10/2026 12:36:54 PM	2.75	5.55	0.76	0.00	0.00	0.00	0.00	0.06	9.05	79.10	0.78	11.31	1458	5547	340	0	0	0	0	0	7345	144.27	7.81	4.81	25.54	14.43	24.07	13.82	1.08	23.55	24.46
8/10/2026 12:36:57 PM	2.49	5.23	0.78	0.00	0.00	0.00	0.00	0.08	8.50	78.91	0.78	11.13	1320	5235	349	0	0	0	0	0	6904	143.93	7.52	4.54	23.89	13.94	23.22	13.15	1.08	23.50	24.44
8/10/2026 12:37:00 PM	2.34	5.16	0.74	0.00	0.00	0.00	0.00	0.11	8.23	79.20	0.79	11.34	1238	5157	333	0	0	0	0	0	6728	144.47	7.38	4.47	23.51	13.88	22.77	12.70	1.08	23.47	24.42
8/10/2026 12:37:03 PM	2.50	5.17	0.65	0.00	0.00	0.00	0.00	0.12	8.32	79.12	0.80	11.36	1325	5166	294	0	0	0	0	0	6786	144.30	7.28	4.61	23.61	14.09	22.82	12.92	1.08	23.42	24.44
8/10/2026 12:37:06 PM	2.35	4.84	0.69	0.00	0.00	0.00	0.00	0.13	7.88	78.98	0.81	11.44	1245	4836	312	0	0	0	0	0	6393	144.05	7.10	4.23	22.33	13.73	21.65	12.58	1.08	23.39	24.41
8/10/2026 12:37:08 PM	2.38	4.87	0.68	0.00	0.00	0.00	0.00	0.12	7.92	79.07	0.82	11.42	1262	4865	306	0	0	0	0	0	6432	144.23	7.09	4.26	22.46	13.70	21.74	12.58	1.08	23.34	24.42
8/10/2026 12:37:11 PM	2.49	4.91	0.68	0.00	0.00	0.00	0.00	0.11	8.08	78.97	0.83	11.33	1318	4914	305	0	0	0	0	0	6537	144.05	7.17	4.35	22.82	13.87	21.87	12.88	1.08	23.29	24.38
8/10/2026 12:37:14 PM	2.41	4.78	0.68	0.00	0.00	0.00	0.00	0.12	7.88	78.92	0.84	11.38	1279	4781	307	0	0	0	0	0	6367	143.95	7.07	4.20	22.29	13.70	21.38	12.68	1.08	23.26	24.30
8/10/2026 12:37:16 PM	2.21	4.65	0.70	0.00	0.00	0.00	0.00	0.14	7.57	78.83	0.84	10.99	1173	4652	317	0	0	0	0	0	6143	143.79	6.94	4.10	21.46	13.45	21.06	12.22	1.08	23.22	24.30
8/10/2026 12:37:19 PM	2.25	4.49	0.62	0.00	0.00	0.00	0.00	0.13	7.37	78.89	0.85	10.83	1195	4494	280	0	0	0	0	0	5970	143.89	6.64	4.07	20.87	13.06	20.43	11.91	1.08	23.17	24.33
8/10/2026 12:37:22 PM	2.06	3.70	0.72	0.00	0.00	0.00	0.00	0.15	6.47	78.74	0.86	10.84	1089	3696	324	0	0	0	0	0	5109	143.62	6.26	3.39	17.96	12.44	17.68	11.57	1.08	23.14	24.34
8/10/2026 12:37:24 PM	1.88	3.45	0.70	0.00	0.00	0.00	0.00	0.19	6.03	78.59	0.87	11.04	997	3445	317	0	0	0	0	0	4759	143.34	6.01	3.34	16.83	12.30	16.77	11.13	1.09	23.10	24.28
8/10/2026 12:37:27 PM	2.03	3.64	0.78	0.00	0.00	0.00	0.00	0.16	6.44	78.93	0.88	11.08	1073	3639	349	0	0	0	0	0	5062	143.97	6.33	3.58	17.92	12.56	17.34	11.73	1.09	23.06	24.33
8/10/2026 12:37:30 PM	1.95	3.35	0.70	0.00	0.00	0.00	0.00	0.16	6.00	78.70	0.89	10.92	1033	3351	316	0	0	0	0	0	4700	143.55	5.94	3.17	16.57	12.02	16.46	11.14	1.09	23.01	24.26
8/10/2026 12:37:33 PM	1.88	3.24	0.73	0.00	0.00	0.00	0.00	0.18	5.85	78.68	0.90	10.89	996	3243	328	0	0	0	0	0	4566	143.51	5.91	3.23	16.17	12.09	16.05	11.12	1.09	22.98	24.23
8/10/2026 12:37:35 PM	1.68	3.07	0.76	0.00	0.00	0.00	0.00	0.19	5.51	78.55	0.91	10.85	892	3072	341	0	0	0	0	0	4306	143.27	5.77	3.08	15.33	11.76	15.47	10.66	1.09	22.92	24.23
8/10/2026 12:37:38 PM	1.77	3.01	0.74	0.00	0.00	0.00	0.00	0.18	5.52	78.61	0.92	10.87	936	3014	332	0	0	0	0	0	4283	143.38	5.72	3.00	15.12	11.73	15.37	10.78	1.09	22.88	24.18
8/10/2026 12:37:41 PM	1.81	3.06	0.76	0.00	0.00	0.00	0.00	0.17	5.63	78.46	0.94	10.79	958	3061	343	0	0	0	0	0	4362	143.11	5.78	3.18	15.44	11.71	15.43	10.90	1.09	22.82	24.18
8/10/2026 12:37:44 PM	1.80	3.07	0.74	0.00	0.00	0.00	0.00	0.19	5.61	78.54	0.94	10.92	954	3072	334	0	0	0	0	0	4360	143.25	5.79	3.10	15.50	11.90	15.43	10.92	1.09	22.79	24.15
8/10/2026 12:37:47 PM	1.63	3.01	0.81	0.00	0.00	0.00	0.00	0.19	5.45	78.43	0.96	11.08	864	3007	364	0	0	0	0	0	4235	143.06	5.79	3.20	15.05	11.72	15.28	10.68	1.09	22.73	24.17
8/10/2026 12:37:49 PM	1.73	3.05	0.73	0.00	0.00	0.00	0.00	0.19	5.51	78.58	0.97	10.89	919	3046	329	0	0	0	0	0	4294	143.33	5.74	3.00	15.33	11.78	15.31	10.70	1.09	22.67	24.17
8/10/2026 12:37:52 PM	1.90	3.15	0.78	0.00	0.00	0.00	0.00	0.17	5.83	78.48	0.99	11.05	1008	3150	352	0	0	0	0	0	4510	143.15	5.95	3.20	15.92	12.03	15.77	11.30	1.10	22.66	24.12
8/10/2026 12:37:55 PM	1.81	2.97	0.67	0.00	0.00	0.00	0.00	0.19	5.45	78.46	1.00	10.87	958	2973	301	0	0	0	0	0	4233	143.11	5.57	3.01	14.98	11.67	15.14	10.64	1.10	22.61	24.07
8/10/2026 12:37:58 PM	1.81	2.97	0.78	0.00	0.00	0.00	0.00	0.18	5.56	78.29	1.02	10.74	959	2967	352	0	0	0	0	0	4278	142.80	5.78	3.08	15.03	11.81	15.25	11.03	1.10	22.55	24.07
8/10/2026 12:38:01 PM	1.80	3.00	0.74	0.00	0.00	0.00	0.00	0.18	5.54	78.30	1.03	10.87	955	3000	333	0	0	0	0	0	4289	142.82	5.74	3.03	15.21	11.81	15.22	10.89	1.10	22.50	23.99
8/10/2026 12:38:03 PM	1.88	3.00	0.69	0.00	0.00	0.00	0.00	0.18	5.57	78.42	1.05	11.04	994	2997	312	0	0	0	0	0	4303	143.03	5.66	3.01	15.25	11.75	15.18	10.89	1.10	22.45	23.96
8/10/2026 12:38:06 PM	1.85	3.06	0.71	0.00	0.00	0.00	0.00	0.19	5.62	78.32	1.06	11.34	982	3062	319	0	0	0	0	0	4363	142.85	5.74	3.15	15.45	11.92	15.43	10.96	1.10	22.44	24.04
8/10/2026 12:38:09 PM	1.86	3.12	0.75	0.00	0.00	0.00	0.00	0.17	5.74	78.08	1.08	11.39	986	3121	339	0	0	0	0	0	4447	142.41	5.84	3.08	15.61	11.88	15.79	11.07	1.11	22.36	23.97
8/10/2026 12:38:12 PM	1.83	3.10	0.76	0.00	0.00	0.00	0.00	0.18	5.69	78.22	1.10	11.32	969	3102	341	0	0	0	0	0	4413	142.67	5.86	3.19	15.70	11.96	15.50	11.06	1.11	22.31	23.96
8/10/2026 12:38:14 PM	1.71	3.09	0.73	0.00	0.00	0.00	0.00	0.21	5.53	78.35	1.11	11.39	907	3086	330	0	0	0	0	0	4322	142.91	5.78	3.06	15.31	12.06	15.60	10.79	1.11	22.27	23.94
8/10/2026 12:38:17 PM	1.74	3.01	0.73	0.00	0.00	0.00	0.00	0.19	5.48	78.06	1.13	11.12	922	3007	328	0	0	0	0	0	4258	142.37	5.69	3.01	15.11	11.73	15.26	10.69	1.11	22.24	23.91
8/10/2026 12:38:20 PM	1.72	3.02	0.73	0.00	0.00	0.00	0.00	0.20	5.47	77.96	1.14	10.76	913	3016	328	0	0	0	0	0	4257	142.21	5.70	3.04	15.12	11.81	15.30	10.69	1.11	22.23	23.94
8/10/2026 12:38:23 PM	1.85	3.07	0.71	0.00	0.00	0.00	0.00	0.19	5.64	78.29	1.17	10.80	983	3073	321	0	0	0	0	0	4377	142.81	5.76	3.13	15.56	11.95	15.40	10.98	1.11	22.15	23.86
8/10/2026 12:38:26 PM	1.92	3.17	0.78	0.00	0.00	0.00	0.00	0.18	5.87	78.13	1.18	10.87	1018	3173	351	0	0	0	0	0	4541	142.51	5.99	3.21	15.92	12.25	15.98	11.44	1.12	22.10	23.81
8/10/2026 12:38:28 PM	1.82	3.05	0.80	0.00	0.00	0.00	0.00	0.19	5.67	77.83	1.20	11.14	962	3051	361	0	0	0	0	0	4375	141.95	5.91	3.18	15.40	12.10	15.52	11.23	1.12	22.06	23.83
8/10/2026 12:38:31 PM	1.86	3.02	0.74	0.00	0.00	0.00	0.00	0.19	5.63	78.19	1.21	11.18	987	3024	333	0	0	0	0	0	4344	142.62	5.80	3.06	15.34	12.04	15.36	11.13	1.12	22.03	23.78
8/10/2026 12:38:34 PM	1.71	3.05	0.82	0.00	0.00	0.00	0.00	0.22	5.58	78.03	1.23	11.19	908	3050	367	0	0	0	0	0	4325	142.32	5.93	3.10	15.23	12.27	15.60	11.14	1.12	22.01	23.83
8/10/2026 12:38:37 PM	1.82	3.05	0.82	0.00	0.00	0.00	0.00	0.19	5.69	77.67	1.25	11.32	964	3054	368	0	0	0	0	0	4386	141.68	5.94	3.11	15.33	12.11	15.66	11.29	1.12	21.94	23.70
8/10/2026 12:38:39 PM	1.67	3.07	0.86	0.00	0.00	0.00	0.00	0.20	5.60	77.34	1.27	11.24	886	3065	387	0	0	0	0	0	4338	141.07	5.97	3.15	15.32	12.00	15.60	11.04	1.12	21.92	23.70
8/10/2026 12:38:42 PM	1.79	3.13	0.80	0.00	0.00	0.00	0.00	0.19	5.71	78.07	1.28	11.11	946	3128	360	0	0	0	0	0	4434	142.40	5.95	3.17	15.72	12.09	15.69	11.14	1.13	21.87	23.64
8/10/2026 12:38:45 PM	1.83	3.11	0.79	0.00	0.00	0.00	0.00	0.19	5.73	77.80	1.30	10.97	968	3111	355	0	0	0	0	0	4434	141.90	5.95	3.16	15.76	12.16	15.58	11.23	1.13	21.83	23.69
8/10/2026 12:38:48 PM	1.79	3.08	0.76	0.00	0.00	0.00	0.00	0.19	5.63	77.83	1.32	10.91	949	3080	340	0	0	0	0	0	4369	141.95	5.83	3.15	15.48	12.02	15.52	11.00	1.13	21.78	23.67
8/10/2026 12:38:50 PM	1.84	3.13	0.76	0.00	0.00	0.00	0.00	0.19	5.73	77.86	1.34	10.79	977	3128	342	0	0	0	0	0	4447	142.01	5.92	3.17	15.84	12.20	15.58	11.20	1.13	21.76	23.64
8/10/2026 12:38:53 PM	1.66	3.13	0.80	0.00	0.00	0.00	0.00	0.22	5.59	77.87	1.35	11.11	879	3128	362	0	0	0	0	0	4368	142.03	5.95	3.21	15.63	12.21	15.60	10.94	1.13	21.70	23.59
8/10/2026 12:38:56 PM	1.66	3.12	0.81	0.00	0.00	0.00	0.00	0.21	5.60	78.00	1.37	10.90	881	3121	366	0	0	0	0	0	4369	142.28	5.94	3.20	15.54	12.09	15.67	10.92	1.13	21.67	23.56
8/10/2026 12:38:58 PM	1.61	3.04	0.76	0.00	0.00	0.00	0.00	0.23	5.41	77.60	1.38	10.70	851	3043	342	0	0	0	0	0	4236	141.54	5.81	3.04	15.22	12.11	15.29	10.68	1.14	21.61	23.49
8/10/2026 12:39:01 PM	1.67	2.96	0.64	0.00	0.00	0.00	0.00	0.23	5.27	77.79	1.40	10.70	882	2957	290	0	0	0	0	0	4129	141.90	5.51	3.02	14.82	11.86	14.95	10.37	1.14	21.60	23.56
8/10/2026 12:39:04 PM	1.64	3.01	0.76	0.00	0.00	0.00	0.00	0.22	5.41	77.80	1.43	10.76	871	3008	343	0	0	0	0	0	4222	141.90	5.75	3.13	15.06	11.94	15.23	10.68	1.14	21.52	23.46
8/10/2026 12:39:07 PM	1.74	3.07	0.77	0.00	0.00	0.00	0.00	0.21	5.57	77.67	1.44	10.74	921	3065	347	0	0	0	0	0	4333	141.67	5.86	3.05	15.41	12.08	15.46	10.96	1.14	21.51	23.44
8/10/2026 12:39:10 PM	1.63	3.06	0.72	0.00	0.00	0.00	0.00	0.22	5.41	77.72	1.46	10.68	862	3063	323	0	0	0	0	0	4248	141.77	5.70	3.23	15.28	11.91	15.27	10.50	1.14	21.47	23.44
8/10/2026 12:39:12 PM	1.58	3.08	0.77	0.00	0.00	0.00	0.00	0.24	5.43	77.61	1.48	10.70	836	3081	346	0	0	0	0	0	4262	141.57	5.83	3.15	15.27	12.14	15.46	10.65	1.15	21.45	23.41
8/10/2026 12:39:15 PM	1.55	2.95	0.75	0.00	0.00	0.00	0.00	0.24	5.25	77.49	1.51	10.69	824	2948	338	0	0	0	0	0	4111	141.34	5.69	3.07	14.82	11.95	14.90	10.48	1.15	21.42	23.38
8/10/2026 12:39:18 PM	1.70	2.99	0.65	0.00	0.00	0.00	0.00	0.23	5.34	77.72	1.53	10.61	900	2994	291	0	0	0	0	0	4185	141.76	5.57	3.02	15.11	11.91	14.96	10.46	1.15	21.36	23.35
8/10/2026 12:39:20 PM	1.63	3.05	0.74	0.00	0.00	0.00	0.00	0.23	5.43	77.65	1.54	10.80	866	3053	333	0	0	0	0	0	4251	141.63	5.80	3.03	15.36	12.14	15.21	10.69	1.15	21.30	23.30
8/10/2026 12:39:23 PM	1.54	3.08	0.82	0.00	0.00	0.00	0.00	0.23	5.44	77.72	1.56	10.80	817	3080	368	0	0	0	0	0	4265	141.76	5.92	3.11	15.39	12.11	15.37	10.70	1.15	21.28	23.28
8/10/2026 12:39:26 PM	1.63	3.01	0.69	0.00	0.00	0.00	0.00	0.24	5.33	77.77	1.58	10.67	865	3010	309	0	0	0	0	0	4184	141.85	5.65	3.05	15.07	12.06	15.11	10.51	1.15	21.26	23.35
8/10/2026 12:39:28 PM	1.79	3.01	0.63	0.00	0.00	0.00	0.00	0.21	5.44	77.43	1.60	10.78	951	3010	285	0	0	0	0	0	4246	141.23	5.58	3.01	15.22	11.93	15.08	10.64	1.16	21.24	23.28
8/10/2026 12:39:31 PM	1.78	3.21	0.72	0.00	0.00	0.00	0.00	0.20	5.71	77.73	1.62	10.95	945	3212	323	0	0	0	0	0	4480	141.77	5.87	3.30	16.20	12.09	15.61	10.89	1.16	21.16	23.20
8/10/2026 12:39:34 PM	1.73	3.05	0.72	0.00	0.00	0.00	0.00	0.23	5.50	77.50	1.64	11.07	915	3049	325	0	0	0	0	0	4289	141.37	5.79	3.10	15.28	12.30	15.39	10.93	1.16	21.13	23.17
8/10/2026 12:39:37 PM	1.75	3.14	0.82	0.00	0.00	0.00	0.00	0.22	5.70	77.66	1.65	11.12	927	3137	368	0	0	0	0	0	4432	141.65	6.05	3.25	15.83	12.51	15.64	11.32	1.16	21.10	23.19
8/10/2026 12:39:39 PM	1.77	3.10	0.79	0.00	0.00	0.00	0.00	0.22	5.66	77.53	1.67	11.09	940	3095	357	0	0	0	0	0	4392	141.42	5.97	3.17	15.53	12.47	15.65	11.30	1.16	21.07	23.15
8/10/2026 12:39:42 PM	1.80	3.10	0.78	0.00	0.00	0.00	0.00	0.22	5.69	77.58	1.69	11.08	955	3103	353	0	0	0	0	0	4411	141.51	5.97	3.17	15.59	12.47	15.68	11.33	1.17	21.06	23.17
8/10/2026 12:39:45 PM	1.64	3.06	0.82	0.00	0.00	0.00	0.00	0.22	5.52	77.46	1.71	11.08	871	3058	367	0	0	0	0	0	4296	141.29	5.93	3.07	15.36	12.13	15.40	10.92	1.17	21.01	23.09
8/10/2026 12:39:48 PM	1.66	3.06	0.74	0.00	0.00	0.00	0.00	0.23	5.46	77.38	1.72	10.94	882	3061	332	0	0	0	0	0	4275	141.13	5.80	3.15	15.35	12.22	15.31	10.79	1.17	20.98	23.09
8/10/2026 12:39:51 PM	1.74	3.09	0.72	0.00	0.00	0.00	0.00	0.23	5.55	77.44	1.74	10.90	922	3089	326	0	0	0	0	0	4336	141.25	5.84	3.04	15.56	12.33	15.40	10.96	1.17	20.95	23.03
8/10/2026 12:39:53 PM	1.58	3.01	0.77	0.00	0.00	0.00	0.00	0.24	5.36	77.40	1.76	10.81	836	3012	347	0	0	0	0	0	4195	141.19	5.81	3.01	15.10	12.16	15.18	10.67	1.17	20.90	23.04
8/10/2026 12:39:56 PM	1.63	3.05	0.69	0.00	0.00	0.00	0.00	0.24	5.37	77.16	1.78	10.76	864	3046	311	0	0	0	0	0	4221	140.74	5.67	3.13	15.18	12.02	15.24	10.50	1.17	20.86	22.99
8/10/2026 12:39:59 PM	1.58	3.03	0.64	0.00	0.00	0.00	0.00	0.26	5.25	77.44	1.81	10.82	836	3029	289	0	0	0	0	0	4153	141.26	5.60	2.93	15.16	12.12	15.00	10.29	1.18	20.83	23.01
8/10/2026 12:40:02 PM	1.61	2.95	0.62	0.00	0.00	0.00	0.00	0.26	5.19	77.18	1.84	10.77	852	2955	281	0	0	0	0	0	4087	140.77	5.51	2.98	14.82	12.08	14.83	10.30	1.18	20.81	22.99
8/10/2026 12:40:04 PM	1.79	3.08	0.64	0.00	0.00	0.00	0.00	0.22	5.51	77.42	1.86	10.68	949	3081	289	0	0	0	0	0	4319	141.20	5.65	3.16	15.50	12.09	15.30	10.72	1.18	20.77	22.93
8/10/2026 12:40:07 PM	1.76	3.13	0.65	0.00	0.00	0.00	0.00	0.24	5.54	77.50	1.88	10.75	932	3125	294	0	0	0	0	0	4351	141.36	5.75	3.07	15.78	12.36	15.33	10.81	1.18	20.72	22.87
8/10/2026 12:40:10 PM	1.82	3.06	0.63	0.00	0.00	0.00	0.00	0.25	5.51	77.53	1.90	10.83	966	3056	284	0	0	0	0	0	4306	141.42	5.69	3.07	15.42	12.47	15.29	10.95	1.19	20.71	22.87
8/10/2026 12:40:13 PM	1.72	3.09	0.75	0.00	0.00	0.00	0.00	0.24	5.56	77.29	1.93	10.92	911	3088	337	0	0	0	0	0	4337	140.98	5.89	3.24	15.61	12.48	15.35	11.06	1.19	20.66	22.85
8/10/2026 12:40:15 PM	1.54	2.86	0.65	0.00	0.00	0.00	0.00	0.27	5.05	77.33	1.94	10.92	815	2863	294	0	0	0	0	0	3972	141.05	5.50	2.86	14.39	12.09	14.59	10.26	1.19	20.65	22.77
8/10/2026 12:40:18 PM	1.66	2.91	0.56	0.00	0.00	0.00	0.00	0.27	5.13	77.28	1.96	10.79	879	2911	254	0	0	0	0	0	4044	140.96	5.40	2.91	14.69	12.10	14.63	10.26	1.19	20.60	22.82
8/10/2026 12:40:21 PM	1.68	2.96	0.65	0.00	0.00	0.00	0.00	0.25	5.29	77.19	1.99	10.78	888	2960	292	0	0	0	0	0	4140	140.79	5.59	2.97	14.93	12.19	14.91	10.57	1.19	20.60	22.80
8/10/2026 12:40:23 PM	1.79	3.07	0.66	0.00	0.00	0.00	0.00	0.23	5.51	77.27	2.01	10.78	946	3067	296	0	0	0	0	0	4309	140.93	5.71	3.11	15.51	12.28	15.23	10.85	1.20	20.57	22.77
8/10/2026 12:40:26 PM	1.73	3.08	0.68	0.00	0.00	0.00	0.00	0.23	5.49	76.95	2.03	10.69	918	3082	306	0	0	0	0	0	4306	140.35	5.73	3.16	15.59	12.20	15.20	10.76	1.20	20.50	22.70
8/10/2026 12:40:29 PM	1.57	3.02	0.66	0.00	0.00	0.00	0.00	0.27	5.25	77.15	2.05	10.82	830	3025	295	0	0	0	0	0	4150	140.72	5.64	3.02	15.15	12.27	14.99	10.39	1.20	20.50	22.72
8/10/2026 12:40:32 PM	1.59	2.94	0.68	0.00	0.00	0.00	0.00	0.27	5.20	76.80	2.07	10.89	840	2938	305	0	0	0	0	0	4083	140.08	5.62	2.97	14.77	12.24	14.84	10.49	1.20	20.45	22.69
8/10/2026 12:40:34 PM	1.56	2.99	0.62	0.00	0.00	0.00	0.00	0.28	5.18	76.97	2.10	10.70	826	2992	281	0	0	0	0	0	4100	140.40	5.54	3.07	14.95	12.23	14.88	10.27	1.21	20.44	22.67
8/10/2026 12:40:37 PM	1.52	2.92	0.61	0.00	0.00	0.00	0.00	0.28	5.05	77.26	2.12	10.58	803	2922	275	0	0	0	0	0	4000	140.93	5.43	3.00	14.59	12.01	14.67	10.05	1.21	20.41	22.64
8/10/2026 12:40:40 PM	1.57	3.04	0.60	0.00	0.00	0.00	0.00	0.28	5.21	77.28	2.13	10.55	833	3038	268	0	0	0	0	0	4139	140.96	5.54	3.04	15.17	12.26	14.96	10.22	1.21	20.39	22.58
8/10/2026 12:40:43 PM	1.63	3.00	0.59	0.00	0.00	0.00	0.00	0.26	5.22	76.96	2.16	10.55	864	2998	266	0	0	0	0	0	4129	140.38	5.48	3.08	14.99	12.10	14.92	10.27	1.21	20.34	22.56
8/10/2026 12:40:45 PM	3.00	7.71	4.67	0.00	0.00	0.00	0.00	0.00	15.38	42.21	2.17	10.51	1589	7710	2102	0	0	0	0	0	11401	77.01	15.86	7.15	39.00	17.75	35.52	36.12	1.21	20.30	22.53
8/10/2026 12:40:48 PM	0.54	2.87	0.95	0.00	0.00	0.00	0.00	0.00	4.35	-0.02	2.20	10.49	286	2866	427	0	0	0	0	0	3579	0.02	4.22	2.41	16.25	2.67	12.23	9.02	1.22	20.29	22.53
8/10/2026 12:40:51 PM	0.37	8.70	3.80	0.00	0.00	0.00	0.00	0.00	12.86	1.52	2.22	10.50	194	8697	1710	0	0	0	0	0	10600	2.82	12.82	6.89	41.57	7.87	34.27	25.81	1.22	20.28	22.53
8/10/2026 12:40:54 PM	1.42	12.01	4.44	0.00	0.00	0.00	0.00	0.00	17.87	0.63	2.24	10.49	751	12011	2000	0	0	0	0	0	14762	1.19	16.52	8.60	58.01	11.19	44.67	35.13	1.22	20.23	22.46
8/10/2026 12:40:56 PM	0.66	4.04	1.24	0.00	0.00	0.00	0.00	0.00	5.95	0.07	2.26	10.55	352	4037	560	0	0	0	0	0	4949	0.18	5.60	3.04	21.41	3.87	16.20	11.47	1.22	20.19	22.45
8/10/2026 12:40:59 PM	0.54	2.66	0.79	0.00	0.00	0.00	0.00	0.00	3.99	0.01	2.28	10.74	287	2664	353	0	0	0	0	0	3304	0.08	3.84	2.33	15.20	2.61	11.42	7.96	1.22	20.18	22.45
8/10/2026 12:41:02 PM	0.68	3.64	1.00	0.00	0.00	0.00	0.00	0.00	5.32	-0.02	2.30	10.83	359	3642	451	0	0	0	0	0	4453	0.02	4.94	2.74	20.41	3.20	13.89	10.28	1.23	20.14	22.37
8/10/2026 12:41:04 PM	0.66	5.03	2.07	0.00	0.00	0.00	0.00	0.00	7.75	0.01	2.32	10.91	348	5026	932	0	0	0	0	0	6305	0.07	7.65	4.09	25.89	5.17	20.56	16.11	1.23	20.10	22.42
8/10/2026 12:41:07 PM	1.36	5.28	2.15	0.00	0.00	0.00	0.00	0.00	8.79	0.06	2.34	10.75	722	5282	967	0	0	0	0	0	6970	0.17	8.40	4.90	27.96	7.31	21.44	18.76	1.23	20.06	22.40
8/10/2026 12:41:10 PM	7.14	10.42	6.17	0.00	0.00	0.00	0.00	0.00	23.73	29.31	2.36	10.53	3782	10421	2777	0	0	0	0	0	16980	53.49	22.27	9.80	55.48	28.99	48.62	59.60	1.23	20.05	22.37
8/10/2026 12:41:13 PM	5.08	5.57	2.39	0.00	0.00	0.00	0.00	0.00	13.05	62.63	2.38	10.55	2694	5573	1076	0	0	0	0	0	9343	114.25	12.00	5.47	29.97	20.85	27.31	29.35	1.23	20.03	22.37
8/10/2026 12:41:15 PM	2.06	3.24	0.73	0.00	0.00	0.00	0.00	0.22	6.03	75.77	2.40	10.53	1093	3239	327	0	0	0	0	0	4659	138.20	6.12	3.19	16.48	13.08	16.04	11.99	1.23	19.99	22.37
8/10/2026 12:41:18 PM	1.58	3.03	0.65	0.00	0.00	0.00	0.00	0.26	5.26	76.71	2.41	10.56	840	3025	292	0	0	0	0	0	4157	139.92	5.61	2.97	15.06	12.16	15.10	10.36	1.24	19.97	22.27
8/10/2026 12:41:21 PM	1.57	3.01	0.58	0.00	0.00	0.00	0.00	0.28	5.15	76.56	2.42	10.54	830	3005	261	0	0	0	0	0	4096	139.65	5.47	2.98	14.99	12.18	14.88	10.13	1.24	19.94	22.25
8/10/2026 12:41:24 PM	1.64	3.07	0.57	0.00	0.00	0.00	0.00	0.28	5.28	77.03	2.43	10.54	867	3070	256	0	0	0	0	0	4193	140.51	5.53	3.03	15.26	12.31	15.15	10.31	1.24	19.94	22.24
8/10/2026 12:41:27 PM	1.64	3.30	0.59	0.00	0.00	0.00	0.00	0.28	5.52	77.12	2.43	10.59	868	3296	264	0	0	0	0	0	4428	140.66	5.75	3.16	16.19	12.66	15.84	10.49	1.24	19.89	22.19
8/10/2026 12:41:29 PM	2.18	4.34	0.61	0.00	0.00	0.00	0.00	0.21	7.13	77.49	2.44	10.85	1156	4337	274	0	0	0	0	0	5767	141.33	6.67	3.74	20.36	13.84	19.81	12.13	1.24	19.86	22.21
8/10/2026 12:41:32 PM	4.18	14.76	1.44	0.00	0.00	0.00	0.00	0.13	20.37	77.13	2.42	11.06	2213	14758	647	0	0	0	0	0	17618	140.68	16.64	11.00	60.87	28.25	56.75	24.15	1.24	19.85	22.17
8/10/2026 12:41:35 PM	11.79	43.97	1.19	0.00	0.00	0.00	0.00	0.53	56.94	73.71	2.42	12.34	6247	43967	535	0	0	0	0	0	50749	134.45	41.82	30.01	176.50	75.50	157.12	58.39	1.24	19.82	22.13
8/10/2026 12:41:38 PM	9.47	19.33	2.02	0.00	0.00	0.00	0.00	0.89	30.81	78.39	2.41	19.62	5020	19326	907	0	0	0	0	0	25253	142.98	25.77	14.50	83.81	56.44	76.26	50.28	1.24	19.82	22.11
8/10/2026 12:41:40 PM	11.40	6.73	6.44	0.00	0.00	0.00	0.00	0.96	24.57	79.98	2.40	23.06	6041	6728	2898	0	0	0	0	0	15667	145.88	27.64	9.27	43.33	62.52	40.52	71.63	1.24	19.79	22.03
8/10/2026 12:41:43 PM	10.09	2.78	3.89	0.45	0.00	0.00	0.00	0.65	17.21	81.00	2.39	24.66	5348	2780	1752	14	0	0	0	0	9894	147.75	19.25	6.19	25.44	46.56	26.23	55.69	1.23	19.80	22.08
8/10/2026 12:41:46 PM	8.26	2.24	3.40	0.00	0.00	0.00	0.00	0.55	13.90	80.18	2.38	25.50	4380	2240	1530	0	0	0	0	0	8149	146.24	15.46	3.31	20.75	38.18	20.67	45.16	1.23	19.79	22.05
8/10/2026 12:41:49 PM	0.00	0.00	0.00	0.00	0.00	0.00	0.00	0.00	0.00	45.02	2.32	25.08	0	0	0	0	0	0	0	0	0	82.14	0.15	4.06	4.64	-1.01	-0.11	-6.60	1.23	19.81	22.05
8/10/2026 12:41:51 PM	0.00	0.09	0.00	0.00	0.00	0.00	0.00	0.01	0.09	69.34	2.31	23.58	0	86	0	0	0	0	0	0	86	126.49	0.33	0.16	2.90	0.92	2.74	-0.09	1.23	19.81	22.00
8/10/2026 12:41:54 PM	0.00	0.00	0.00	0.00	0.00	0.00	0.00	0.04	0.00	68.70	2.27	22.17	0	0	0	0	0	0	0	0	0	125.31	-0.15	-0.51	2.05	1.56	3.26	-0.06	1.22	19.83	21.97
8/10/2026 12:41:57 PM	0.08	0.28	0.00	0.00	0.00	0.00	0.00	0.02	0.36	68.85	2.22	20.99	41	284	0	0	0	0	0	0	326	125.58	0.01	0.18	3.53	1.54	3.77	0.45	1.22	19.83	21.87
8/10/2026 12:41:59 PM	0.00	0.49	0.00	0.00	0.00	0.00	0.00	0.01	0.49	69.33	2.17	20.11	0	489	0	0	0	0	0	0	489	126.47	-0.30	-0.14	4.64	1.64	4.04	-0.32	1.21	19.84	21.92
