Data/DataNotYetUploadedToEDI/Raw_CTD/RawDownloads/011123_bvr50_S8188001.cnv
* Sea-Bird SBE19plus  Data File:
* FileName = C:\R\Reservoirs\Data\DataNotYetUploadedToEDI\Raw_CTD\RawDownloads\011123_fcr50_S8188_0001.hex
* Software version 2.8.0.119
* Temperature SN = 8188
* Conductivity SN = 8188
* System UpLoad Time = Mar 20 2023 14:54:31
* <ApplicationData>
* <Seaterm232>
# nquan = 16
# nvalues = 902                         
# units = specified
# name 0 = depFM: Depth [fresh water, m]
# name 1 = dz/dtM: Descent Rate [m/s]
# name 2 = sbeox0Mg/L: Oxygen, SBE 43 [mg/l]
# name 3 = sbeox0PS: Oxygen, SBE 43 [% saturation]
# name 4 = specc: Specific Conductance [uS/cm]
# name 5 = c0uS/cm: Conductivity [uS/cm]
# name 6 = wetCDOM: Fluorescence, WET Labs CDOM [mg/m^3]
# name 7 = flECO-AFL: Fluorescence, WET Labs ECO-AFL/FL [mg/m^3]
# name 8 = flECO-AFL1: Fluorescence, WET Labs ECO-AFL/FL, 2 [mg/m^3]
# name 9 = flECO-AFL2: Fluorescence, WET Labs ECO-AFL/FL, 3 [mg/m^3]
# name 10 = par/sat/log: PAR/Logarithmic, Satlantic
# name 11 = turbWETntu0: Turbidity, WET Labs ECO [NTU]
# name 12 = prdM: Pressure, Strain Gauge [db]
# name 13 = prdE: Pressure, Strain Gauge [psi]
# name 14 = tv290C: Temperature [ITS-90, deg C]
# name 15 = flag:  0.000e+00
# span 0 =     -0.724,      8.520       
# span 1 =     -0.536,      0.127       
# span 2 =     9.5218,    13.8127       
# span 3 =     70.989,    102.789       
# span 4 =      1.164,     37.869       
# span 5 =   0.764133,  21.557914       
# span 6 =    -4.5000,    13.0500       
# span 7 =    -0.1422,     9.3527       
# span 8 =    -2.1300,     3.4932       
# span 9 =    -2.0304,    14.2128       
# span 10 = 1.1590e-01, 3.1559e+02      
# span 11 =    -0.4084,    55.1130      
# span 12 =     -0.710,      8.356      
# span 13 =     -1.030,     12.119      
# span 14 =     2.7744,     7.8406      
# span 15 = 0.0000e+00, 0.0000e+00      
# interval = seconds: 0.25
# start_time = Jan 11 2023 08:45:47 [Instrument's time stamp, header]
# bad_flag = -9.990e-29
*END*
[from data line 814]
      6.211     -0.507    11.3021     84.126     34.558  19.878367     5.5800     2.8295     0.2130     0.5076 2.4089e-01     5.8292      6.092      8.835     3.7646 0.0000e+00
      6.083     -0.507    11.2302     83.996     34.581  19.891812     5.5800     2.8028     0.2130     0.5076 2.8669e-01     5.8292      5.965      8.652     3.7629 0.0000e+00
      5.954     -0.508    11.1707     83.928     34.581  19.891585     5.5800     2.8219     0.2130     0.5076 3.1690e-01     5.7390      5.839      8.469     3.7616 0.0000e+00
      5.825     -0.509    11.1259     83.883     34.556  19.877626     5.5800     2.8181     0.2556     0.5499 3.4968e-01     5.8292      5.713      8.286     3.7607 0.0000e+00
      5.696     -0.510    11.0959     83.835     34.536  19.866004     5.5800     2.8257     0.2556     0.5499 4.0448e-01     5.7540      5.585      8.101     3.7602 0.0000e+00
      5.565     -0.511    11.0788     83.766     34.535  19.865493     5.5800     2.8257     0.2556     0.5499 4.7002e-01     5.8292      5.457      7.915     3.7600 0.0000e+00
      5.434     -0.513    11.0698     83.655     34.546  19.872000     5.5800     2.8448     0.2556     0.5499 5.4700e-01     5.8893      5.329      7.729     3.7600 0.0000e+00
      5.304     -0.514    11.0639     83.493     34.559  19.879343     5.5800     2.8257     0.2556     0.5499 5.9189e-01     5.8442      5.201      7.544     3.7601 0.0000e+00
      5.173     -0.516    11.0576     83.279     34.562  19.881565     5.5800     3.1194     0.2130     0.5499 6.9848e-01     5.8292      5.073      7.358     3.7602 0.0000e+00
      5.041     -0.518    11.0484     83.024     34.551  19.875299     5.5800     3.1194     0.2130     0.5499 8.3853e-01     5.7690      4.944      7.171     3.7604 0.0000e+00
      4.909     -0.520    11.0338     82.750     34.536  19.866790     5.5800     3.1232     0.2130     0.5499 9.2729e-01     5.7991      4.814      6.982     3.7605 0.0000e+00
      4.776     -0.523    11.0123     82.475     34.534  19.865645     5.5800     3.1080     0.2130     0.5499 1.0423e+00     5.8893      4.684      6.793     3.7607 0.0000e+00
      4.643     -0.526    10.9841     82.207     34.545  19.871559     5.5800     3.0660     0.2130     0.5499 1.1779e+00     5.8292      4.553      6.603     3.7608 0.0000e+00
      4.508     -0.529    10.9504     81.948     34.563  19.882150     5.5800     3.0317     0.2130     0.5499 1.3370e+00     5.8292      4.421      6.412     3.7609 0.0000e+00
      4.373     -0.531    10.9142     81.695     34.588  19.896284     5.5800     3.0927     0.2130     0.5499 1.5540e+00     5.7540      4.288      6.220     3.7609 0.0000e+00
      4.237     -0.532    10.8779     81.450     34.605  19.905857     5.5800     3.0660     0.2130     0.5499 1.7267e+00     5.7991      4.155      6.026     3.7610 0.0000e+00
      4.100     -0.533    10.8426     81.213     34.611  19.909463     5.6700     3.1881     0.2130     0.5076 1.9766e+00     5.7841      4.021      5.832     3.7610 0.0000e+00
      3.964     -0.533    10.8084     80.983     34.622  19.915979     5.6700     3.1728     0.2130     0.5076 2.2125e+00     5.7239      3.888      5.638     3.7609 0.0000e+00
      3.829     -0.533    10.7751     80.770     34.635  19.923186     5.6700     3.1805     0.2130     0.5076 2.4740e+00     5.7540      3.755      5.446     3.7609 0.0000e+00
      3.694     -0.534    10.7428     80.589     34.638  19.925088     5.6700     3.1957     0.2130     0.5076 2.8087e+00     5.7390      3.622      5.253     3.7609 0.0000e+00
      3.558     -0.534    10.7115     80.461     34.646  19.930111     5.6700     3.0088     0.2130     0.5076 3.1564e+00     5.7239      3.489      5.060     3.7609 0.0000e+00
      3.421     -0.535    10.6812     80.397     34.676  19.947508     5.5800     3.0088     0.2130     0.5499 3.5517e+00     5.8893      3.355      4.866     3.7610 0.0000e+00
      3.285     -0.536    10.6530     80.407     34.718  19.972025     5.5800     2.9859     0.2130     0.5499 4.0728e+00     5.8442      3.221      4.672     3.7611 0.0000e+00
      3.147     -0.535    10.6292     80.488     34.750  19.990408     5.5800     3.0012     0.2130     0.5499 4.6088e+00     5.9043      3.087      4.477     3.7612 0.0000e+00
      3.010     -0.534    10.6122     80.617     34.762  19.997665     5.5800     3.2682     0.2130     0.5499 5.2907e+00     5.8292      2.952      4.282     3.7614 0.0000e+00
      2.874     -0.531    10.6037     80.759     34.769  20.001666     5.6700     3.2720     0.2130     0.5076 5.9326e+00     5.8292      2.818      4.087     3.7616 0.0000e+00
      2.738     -0.527    10.6050     80.878     34.781  20.009417     5.6700     3.2720     0.2130     0.5076 6.8297e+00     5.7089      2.685      3.895     3.7619 0.0000e+00
      2.604     -0.523    10.6156     80.948     34.800  20.021006     5.6700     3.2758     0.2130     0.5076 7.5838e+00     5.7841      2.554      3.704     3.7622 0.0000e+00
      2.472     -0.518    10.6324     80.962     34.828  20.037544     5.6700     3.2377     0.2130     0.5076 8.3157e+00     5.7089      2.424      3.516     3.7627 0.0000e+00
      2.341     -0.513    10.6509     80.927     34.865  20.059484     5.6700     3.2606     0.2130     0.5499 9.4081e+00     5.7991      2.296      3.329     3.7632 0.0000e+00
      2.211     -0.509    10.6664     80.859     34.908  20.084758     5.6700     3.2567     0.2130     0.5499 1.0370e+01     5.8442      2.168      3.145     3.7640 0.0000e+00
      2.082     -0.506    10.6754     80.777     34.955  20.112191     5.6700     3.2453     0.2130     0.5499 1.1618e+01     5.8292      2.042      2.961     3.7649 0.0000e+00
      1.954     -0.502    10.6770     80.709     35.004  20.141183     5.6700     3.4894     0.2130     0.5499 1.2980e+01     5.8292      1.916      2.779     3.7657 0.0000e+00
      1.826     -0.499    10.6723     80.667     35.042  20.163631     5.6700     3.5085     0.2130     0.5076 1.4270e+01     5.8442      1.791      2.598     3.7664 0.0000e+00
      1.699     -0.495    10.6630     80.638     35.059  20.173646     5.6700     3.4742     0.2130     0.5076 1.6229e+01     5.7690      1.667      2.417     3.7671 0.0000e+00
      1.573     -0.490    10.6521     80.598     35.072  20.181815     5.6700     3.5085     0.2130     0.5076 1.8190e+01     5.8442      1.543      2.237     3.7677 0.0000e+00
      1.448     -0.483    10.6429     80.515     35.085  20.190319     5.6700     4.0960     0.2130     0.5076 2.0768e+01     5.7540      1.420      2.059     3.7685 0.0000e+00
      1.324     -0.475    10.6371     80.375     35.096  20.197465     5.6700     4.0998     0.2130     0.5076 2.3369e+01     5.8292      1.299      1.884     3.7693 0.0000e+00
      1.204     -0.464    10.6331     80.183     35.115  20.209118     5.5800     4.1151     0.2130     0.6768 2.5591e+01     5.8592      1.180      1.712     3.7703 0.0000e+00
      1.086     -0.452    10.6274     79.962     35.141  20.224428     5.5800     4.0998     0.2130     0.6768 2.8232e+01     5.8592      1.065      1.545     3.7714 0.0000e+00
      0.972     -0.437    10.6162     79.750     35.173  20.243518     5.5800     4.1799     0.2130     0.6768 3.2480e+01     5.7841      0.953      1.383     3.7726 0.0000e+00
      0.861     -0.420    10.5974     79.584     35.207  20.263564     5.5800     4.1799     0.2130     0.6768 3.5622e+01     5.7841      0.845      1.225     3.7738 0.0000e+00
      0.755     -0.399    10.5717     79.492     35.225  20.274077     5.5800     4.1837     0.2130     0.5499 4.1232e+01     5.8592      0.740      1.074     3.7749 0.0000e+00
      0.654     -0.375    10.5424     79.484     35.231  20.277861     5.5800     4.1647     0.2130     0.5499 4.6255e+01     5.7540      0.641      0.930     3.7757 0.0000e+00
      0.559     -0.347    10.5143     79.548     35.247  20.287800     5.5800     5.0382     0.2130     0.5499 5.1980e+01     5.8442      0.549      0.795     3.7763 0.0000e+00
      0.473     -0.316    10.4923     79.655     35.266  20.298628     5.5800     4.9963     0.2130     0.5499 5.8046e+01     5.8592      0.464      0.672     3.7768 0.0000e+00
      0.395     -0.283    10.4800     79.772     35.263  20.297399     5.6700     5.0001     0.2130     0.5922 6.3649e+01     5.8592      0.388      0.562     3.7774 0.0000e+00
      0.328     -0.249    10.4788     79.873     35.238  20.283785     5.6700     4.9925     0.2130     0.5922 6.8010e+01     5.7540      0.322      0.466     3.7780 0.0000e+00
      0.270     -0.215    10.4871     79.945     35.214  20.269991     5.6700     4.9543     0.2130     0.5922 6.7774e+01     5.7991      0.265      0.384     3.7785 0.0000e+00
      0.221     -0.183    10.5010     79.988     35.210  20.268169     5.6700     4.9696     0.2130     0.5922 7.0831e+01     5.9043      0.217      0.314     3.7789 0.0000e+00
      0.179     -0.154    10.5163     80.003     35.220  20.273876     5.6700     4.9619     0.2130     0.6768 8.4627e+01     5.8292      0.175      0.254     3.7794 0.0000e+00
      0.144     -0.128    10.5295     79.981     35.233  20.280717     5.6700     4.9314     0.2130     0.6768 9.1097e+01     5.9043      0.142      0.205     3.7800 0.0000e+00
      0.117     -0.104    10.5388     79.915     35.251  20.290517     5.6700     5.1451     0.2130     0.6768 9.8061e+01     5.8893      0.114      0.166     3.7804 0.0000e+00
      0.095     -0.084    10.5445     79.794     35.258  20.294014     5.6700     5.1603     0.2130     0.6768 1.0639e+02     5.8292      0.093      0.135     3.7806 0.0000e+00
      0.077     -0.068    10.5464     79.609     35.243  20.284224     5.6700     5.1145     0.2130     0.6768 1.1519e+02     5.7690      0.076      0.110     3.7804 0.0000e+00
      0.064     -0.055    10.5436     79.349     35.228  20.274369     5.6700     5.1183     0.2130     0.7614 1.2242e+02     5.8592      0.062      0.091     3.7800 0.0000e+00
      0.052     -0.045    10.5351     79.012     35.229  20.273696     5.6700     5.0764     0.2130     0.7614 1.3354e+02     5.8592      0.051      0.075     3.7794 0.0000e+00
      0.043     -0.038    10.5194     78.619     35.234  20.274109     5.6700     5.0459     0.2130     0.7614 1.4754e+02     5.9193      0.042      0.061     3.7785 0.0000e+00
      0.034     -0.033    10.4953     78.205     35.227  20.267801     5.6700     5.0840     0.2130     0.7614 1.5420e+02     5.7841      0.034      0.049     3.7772 0.0000e+00
      0.028     -0.032    10.4616     77.798     35.218  20.261007     5.6700     5.0726     0.2130     0.9729 1.5042e+02     5.7841      0.027      0.039     3.7755 0.0000e+00
      0.021     -0.033    10.4178     77.420     35.218  20.259833     5.6700     4.8437     0.2130     0.9729 1.4484e+02     5.6789      0.021      0.030     3.7729 0.0000e+00
      0.014     -0.038    10.3670     77.086     35.221  20.260006     5.6700     4.8437     0.2130     0.9729 1.4835e+02     5.8292      0.014      0.020     3.7697 0.0000e+00
      0.005     -0.046    10.3131     76.797     35.220  20.257613     5.6700     4.8246     0.2130     0.9729 1.4661e+02     5.7841      0.005      0.007     3.7666 0.0000e+00
     -0.006     -0.059    10.2601     76.542     35.218  20.255976     5.6700     4.8284     0.2130     0.9729 1.3865e+02     5.8292     -0.006     -0.009     3.7643 0.0000e+00
     -0.021     -0.076    10.2108     76.296     35.214  20.254657     5.6700     5.2252     0.2130     0.9729 1.3497e+02     5.8442     -0.020     -0.030     3.7623 0.0000e+00
     -0.040     -0.096    10.1673     76.036     35.195  20.245389     5.6700     5.2519     0.2130     0.9729 1.3030e+02     5.8742     -0.039     -0.057     3.7601 0.0000e+00
     -0.065     -0.120    10.1298     75.756     35.150  20.221742     5.6700     5.2709     0.2130     0.9729 1.3104e+02     5.9193     -0.064     -0.092     3.7582 0.0000e+00
     -0.098     -0.145    10.0964     75.458     35.063  20.173452     5.6700     5.2099     0.2130     0.8037 1.5233e+02     5.7841     -0.096     -0.139     3.7575 0.0000e+00
     -0.139     -0.169    10.0636     75.156     34.911  20.087642     5.6700     4.5690     0.2130     0.8037 1.9204e+02     5.7841     -0.137     -0.198     3.7587 0.0000e+00
     -0.188     -0.189    10.0287     74.882     34.662  19.945386     5.6700     4.5385     0.2130     0.8037 2.7313e+02     5.8742     -0.184     -0.268     3.7611 0.0000e+00
     -0.243     -0.203     9.9910     74.689     34.234  19.700835     5.6700     4.5347     0.2130     0.8037 2.9651e+02     5.8292     -0.238     -0.345     3.7640 0.0000e+00
     -0.299     -0.210     9.9511     74.640     33.463  19.259086     5.6700     4.5194     0.2130     0.8037 3.1504e+02     5.8292     -0.293     -0.426     3.7667 0.0000e+00
     -0.356     -0.210     9.9106     74.810     31.978  18.407341     5.6700     2.2764     0.1704     0.9306 2.8150e+02     5.5135     -0.349     -0.507     3.7692 0.0000e+00
     -0.412     -0.202     9.8736     75.313     29.121  16.766067     5.6700     2.2649     0.1704     0.9306 2.6259e+02     5.5286     -0.404     -0.586     3.7718 0.0000e+00
     -0.464     -0.189     9.8474     76.242     24.226  13.951027     5.6700     2.2649     0.1704     0.9306 2.5712e+02     5.5887     -0.455     -0.660     3.7750 0.0000e+00
     -0.511     -0.172     9.8397     77.616     18.147  10.452088     5.6700     2.2649     0.1704     0.9306 2.5661e+02     5.5586     -0.501     -0.726     3.7795 0.0000e+00
     -0.551     -0.152     9.8604     79.362     13.068   7.528228     5.6700     0.4949     0.2130     1.0575 2.4549e+02     6.2500     -0.541     -0.784     3.7860 0.0000e+00
     -0.586     -0.132     9.9246     81.338      9.782   5.636102     5.6700     0.4911     0.2130     1.0575 2.3669e+02     6.3251     -0.575     -0.833     3.7943 0.0000e+00
     -0.614     -0.112    10.0447     83.372      7.717   4.447144     5.6700     0.5025     0.2130     1.0575 2.1496e+02     6.2650     -0.602     -0.873     3.8034 0.0000e+00
     -0.635     -0.095    10.2235     85.292      6.402   3.689780     5.6700     0.4796     0.2130     1.0575 1.8556e+02     6.3552     -0.623     -0.904     3.8120 0.0000e+00
     -0.652     -0.081    10.4519     86.924      5.554   3.201595    13.0500    -0.1002     0.3834     1.2267 1.5806e+02    -0.4084     -0.640     -0.928     3.8187 0.0000e+00
     -0.665     -0.071    10.7110     88.132      5.013   2.889976    13.0500    -0.1422     0.3834     1.2267 1.2844e+02    -0.3783     -0.652     -0.946     3.8227 0.0000e+00
     -0.675     -0.065    10.9785     88.856      4.707   2.713349    13.0500    -0.1155     0.3834     1.2267 8.1825e+01    -0.2581     -0.662     -0.960     3.8247 0.0000e+00
     -0.682     -0.063    11.2311     89.094      4.608   2.656253    13.0500    -0.1079     0.3834     1.2267 7.0508e+01    -0.3783     -0.669     -0.970     3.8255 0.0000e+00
     -0.687 -9.990e-29    11.4460 -9.990e-29 -9.990e-29 -9.990e-29     5.8500 -9.990e-29     0.0426     0.8883 4.8583e+01 -9.990e-29     -0.674     -0.977     3.8259 0.0000e+00
     -0.690 -9.990e-29    11.6051 -9.990e-29 -9.990e-29 -9.990e-29     5.8500 -9.990e-29     0.0426     0.8883 3.7205e+01 -9.990e-29     -0.677     -0.982     3.8260 0.0000e+00
     -0.692 -9.990e-29    11.7004 -9.990e-29 -9.990e-29 -9.990e-29     5.8500 -9.990e-29     0.0426     0.8883 3.5886e+01 -9.990e-29     -0.679     -0.985     3.8260 0.0000e+00
     -0.693 -9.990e-29    11.7318 -9.990e-29 -9.990e-29 -9.990e-29     5.8500 -9.990e-29     0.0426     0.8883 3.6579e+01 -9.990e-29     -0.680     -0.986     3.8260 0.0000e+00
