Data/DataNotYetUploadedToEDI/Raw_CTD/RawDownloads/011123_fcr50_S8188002.cnv
* Sea-Bird SBE19plus  Data File:
* FileName = C:\R\Reservoirs\Data\DataNotYetUploadedToEDI\Raw_CTD\RawDownloads\011123_fcr50_S8188_0002.hex
* Software version 2.8.0.119
* Temperature SN = 8188
* Conductivity SN = 8188
* System UpLoad Time = Mar 20 2023 14:54:50
* <ApplicationData>
* <Seaterm232>
# nquan = 16
# nvalues = 1159                        
# units = specified
# name 0 = depFM: Depth [fresh water, m]
# name 1 = dz/dtM: Descent Rate [m/s]
# name 2 = sbeox0Mg/L: Oxygen, SBE 43 [mg/l]
# name 3 = sbeox0PS: Oxygen, SBE 43 [% saturation]
# name 4 = specc: Specific Conductance [uS/cm]
# name 5 = c0uS/cm: Conductivity [uS/cm]
# name 6 = wetCDOM: Fluorescence, WET Labs CDOM [mg/m^3]
# name 7 = flECO-AFL: Fluorescence, WET Labs ECO-AFL/FL [mg/m^3]
# name 8 = flECO-AFL1: Fluorescence, WET Labs ECO-AFL/FL, 2 [mg/m^3]
# name 9 = flECO-AFL2: Fluorescence, WET Labs ECO-AFL/FL, 3 [mg/m^3]
# name 10 = par/sat/log: PAR/Logarithmic, Satlantic
# name 11 = turbWETntu0: Turbidity, WET Labs ECO [NTU]
# name 12 = prdM: Pressure, Strain Gauge [db]
# name 13 = prdE: Pressure, Strain Gauge [psi]
# name 14 = tv290C: Temperature [ITS-90, deg C]
# name 15 = flag:  0.000e+00
# span 0 =     -0.654,      9.548       
# span 1 =     -0.521,      0.126       
# span 2 =     7.9477,    13.2191       
# span 3 =     61.558,    102.120       
# span 4 =   -672.602,    315.935       
# span 5 =-399.054521, 187.341896       
# span 6 =    -4.5000,    55.7100       
# span 7 =    -0.2109,     7.2317       
# span 8 =    -2.1300,     2.8542       
# span 9 =    -2.0304,    26.0145       
# span 10 = 1.2500e-01, 3.2210e+02      
# span 11 =    -0.3933,    81.1301      
# span 12 =     -0.642,      9.364      
# span 13 =     -0.931,     13.581      
# span 14 =     4.1976,     4.9117      
# span 15 = 0.0000e+00, 0.0000e+00      
# interval = seconds: 0.25
# start_time = Jan 11 2023 10:00:22 [Instrument's time stamp, header]
# bad_flag = -9.990e-29
*END*
[from data line 91]
     -0.577      0.075    12.3091     96.009     23.772  14.050930     0.1800     1.2921     0.0000     9.2637 2.3515e+02     1.2750     -0.566     -0.821     4.8272 0.0000e+00
     -0.557      0.088    12.3221     96.011     29.500  17.426555     0.1800     1.2654     0.0000     9.2637 2.4162e+02     1.3652     -0.546     -0.792     4.7898 0.0000e+00
     -0.532      0.101    12.3402     96.017     33.312  19.667955     3.2400     1.2883     0.0852     4.0608 2.4876e+02     1.2750     -0.521     -0.756     4.7395 0.0000e+00
     -0.503      0.112    12.3602     96.036     35.593  21.004723     3.2400     1.2807     0.0852     4.0608 2.5857e+02     1.3051     -0.493     -0.715     4.6836 0.0000e+00
     -0.471      0.121    12.3778     96.074     36.958  21.801247     3.2400     1.5210     0.0852     4.0608 2.6871e+02     1.6508     -0.462     -0.670     4.6312 0.0000e+00
     -0.438      0.125    12.3920     96.138     37.772  22.273892     3.2400     1.5287     0.0852     4.0608 2.7828e+02     1.6207     -0.429     -0.622     4.5873 0.0000e+00
     -0.403      0.126    12.4037     96.249     38.264  22.556614     4.1400     1.5210     0.0852     0.3384 2.8576e+02     1.6207     -0.395     -0.574     4.5530 0.0000e+00
     -0.370      0.123    12.4145     96.429     38.569  22.728763     4.1400     1.5439     0.0852     0.3384 2.9388e+02     1.6808     -0.362     -0.526     4.5270 0.0000e+00
     -0.337      0.117    12.4257     96.678     38.763  22.836247     4.1400     1.7080     0.0852     0.3384 3.0164e+02     1.6959     -0.331     -0.480     4.5073 0.0000e+00
     -0.308      0.109    12.4391     96.990     38.887  22.903769     4.1400     1.7194     0.0852     0.3384 3.0527e+02     1.6808     -0.302     -0.438     4.4917 0.0000e+00
     -0.281      0.099    12.4576     97.354     38.964  22.945374     4.2300     1.7156     0.0426     0.3384 3.0820e+02     1.5456     -0.275     -0.400     4.4788 0.0000e+00
     -0.257      0.089    12.4845     97.753     39.019  22.976118     4.2300     1.6889     0.0426     0.3384 3.1143e+02     1.5606     -0.252     -0.366     4.4674 0.0000e+00
     -0.236      0.079    12.5201     98.163     39.068  23.004197     4.2300     1.6584     0.0426     0.3384 3.1449e+02     1.3802     -0.232     -0.336     4.4573 0.0000e+00
     -0.218      0.070    12.5630     98.562     39.104  23.025225     4.2300     1.6584     0.0426     0.3384 3.1552e+02     1.2901     -0.214     -0.310     4.4495 0.0000e+00
     -0.201      0.062    12.6118     98.932     39.124  23.036890     4.2300     1.6584     0.0426     0.3384 3.1821e+02     1.3351     -0.198     -0.287     4.4444 0.0000e+00
     -0.187      0.054    12.6644     99.253     39.133  23.042303     4.1400     1.6431     0.0852     0.4653 3.1987e+02     1.3953     -0.183     -0.266     4.4417 0.0000e+00
     -0.174      0.046    12.7178     99.512     39.132  23.042908     4.1400     1.7843     0.0852     0.4653 3.2036e+02     1.3201     -0.171     -0.248     4.4406 0.0000e+00
     -0.163      0.040    12.7698     99.702     39.130  23.042825     4.1400     1.7728     0.0852     0.4653 3.1911e+02     1.3953     -0.160     -0.232     4.4400 0.0000e+00
     -0.154      0.033    12.8177     99.820     39.133  23.045990     4.1400     1.7652     0.0852     0.4653 3.1786e+02     1.3351     -0.152     -0.220     4.4398 0.0000e+00
     -0.147      0.028    12.8592     99.873     39.135  23.049289     4.2300     1.7614     0.0426     0.3384 3.1518e+02     1.3953     -0.145     -0.210     4.4402 0.0000e+00
     -0.141      0.023    12.8924     99.876     39.133  23.049643     4.2300     1.6431     0.0426     0.3384 3.1340e+02     1.3652     -0.139     -0.201     4.4413 0.0000e+00
     -0.136      0.020    12.9164     99.843     39.133  23.051105     4.2300     1.6546     0.0426     0.3384 3.1177e+02     1.2600     -0.134     -0.194     4.4430 0.0000e+00
     -0.132      0.017    12.9310     99.788     39.135  23.054064     4.2300     1.6431     0.0426     0.3384 3.0907e+02     1.3953     -0.129     -0.188     4.4450 0.0000e+00
     -0.128      0.015    12.9372     99.724     39.136  23.055352     4.2300     1.6507     0.0852     0.3807 3.0740e+02     1.3351     -0.126     -0.182     4.4472 0.0000e+00
     -0.124      0.013    12.9369     99.660     39.134  23.055312     4.2300     1.5363     0.0852     0.3807 3.0693e+02     1.4554     -0.122     -0.177     4.4494 0.0000e+00
     -0.121      0.011    12.9319     99.601     39.130  23.053932     4.2300     1.5172     0.0852     0.3807 3.0693e+02     1.3051     -0.119     -0.172     4.4514 0.0000e+00
     -0.118      0.010    12.9241     99.548     39.124  23.050845     4.2300     1.5363     0.0852     0.3807 3.0760e+02     1.4103     -0.116     -0.168     4.4532 0.0000e+00
     -0.116      0.008    12.9154     99.495     39.114  23.045228     4.2300     1.5363     0.0852     0.4653 3.0820e+02     1.3652     -0.114     -0.165     4.4547 0.0000e+00
     -0.114      0.007    12.9066     99.436     39.103  23.039542     4.2300     1.5172     0.0852     0.4653 3.0807e+02     1.3051     -0.112     -0.162     4.4559 0.0000e+00
     -0.113      0.005    12.8987     99.377     39.096  23.036230     4.2300     1.5096     0.0852     0.4653 3.0787e+02     1.3953     -0.111     -0.160     4.4567 0.0000e+00
     -0.112      0.004    12.8918     99.321     39.092  23.034407     4.2300     1.5401     0.0852     0.4653 3.0867e+02     1.3953     -0.110     -0.159     4.4572 0.0000e+00
     -0.111      0.004    12.8847     99.265     39.089  23.033589     4.2300     1.5172     0.0852     0.4653 3.0894e+02     1.2600     -0.109     -0.157     4.4578 0.0000e+00
     -0.110      0.003    12.8768     99.201     39.088  23.033556     4.2300     1.6660     0.0426     0.4230 3.0928e+02     1.4253     -0.108     -0.156     4.4586 0.0000e+00
     -0.109      0.003    12.8687     99.129     39.088  23.034300     4.2300     1.6813     0.0426     0.4230 3.1049e+02     1.3502     -0.107     -0.156     4.4596 0.0000e+00
     -0.109      0.002    12.8611     99.059     39.089  23.036019     4.2300     1.6660     0.0426     0.4230 3.1157e+02     1.3802     -0.106     -0.155     4.4607 0.0000e+00
     -0.108      0.002    12.8535     98.998     39.087  23.035214     4.2300     1.6202     0.0426     0.4230 3.1259e+02     1.3802     -0.106     -0.154     4.4618 0.0000e+00
     -0.108      0.002    12.8448     98.944     39.080  23.031668     4.2300     1.6355     0.0426     0.3384 3.1422e+02     1.4253     -0.105     -0.153     4.4629 0.0000e+00
     -0.107      0.002    12.8353     98.896     39.080  23.032356     4.2300     1.6469     0.0426     0.3384 3.1504e+02     1.4854     -0.105     -0.152     4.4638 0.0000e+00
     -0.107      0.002    12.8259     98.857     39.088  23.037459     4.2300     1.6736     0.0426     0.3384 3.1552e+02     1.4253     -0.105     -0.152     4.4647 0.0000e+00
     -0.106      0.002    12.8177     98.833     39.098  23.044381     4.2300     1.6469     0.0426     0.3384 3.1717e+02     1.3502     -0.104     -0.151     4.4655 0.0000e+00
     -0.106      0.002    12.8104     98.817     39.108  23.051007     4.2300     1.7881     0.0426     0.3384 3.1862e+02     1.3802     -0.104     -0.151     4.4663 0.0000e+00
     -0.106      0.001    12.8039     98.798     39.114  23.055148     4.2300     1.7843     0.0426     0.3384 3.1883e+02     1.4404     -0.104     -0.150     4.4671 0.0000e+00
     -0.105      0.001    12.7987     98.777     39.117  23.057906     4.2300     1.7919     0.0426     0.3384 3.1952e+02     1.4854     -0.103     -0.150     4.4680 0.0000e+00
     -0.105      0.001    12.7953     98.757     39.119  23.060016     4.2300     1.7575     0.0426     0.3384 3.1973e+02     1.3652     -0.103     -0.149     4.4689 0.0000e+00
     -0.104      0.001    12.7928     98.736     39.121  23.062043     4.2300     1.6546     0.0852     0.3384 3.2084e+02     1.4103     -0.102     -0.149     4.4698 0.0000e+00
     -0.104      0.001    12.7901     98.712     39.117  23.060567     4.2300     1.6584     0.0852     0.3384 3.2175e+02     1.3953     -0.102     -0.148     4.4709 0.0000e+00
     -0.104      0.001    12.7870     98.683     39.106  23.055195     4.2300     1.6431     0.0852     0.3384 3.2168e+02     1.3953     -0.102     -0.148     4.4720 0.0000e+00
     -0.104      0.000    12.7839     98.657     39.100  23.052411     4.2300     1.6660     0.0852     0.3384 3.2210e+02     1.3802     -0.102     -0.148     4.4731 0.0000e+00
     -0.104      0.000    12.7808     98.644     39.097  23.051474     4.2300     1.6927     0.0852     0.3384 3.2182e+02     1.2600     -0.102     -0.148     4.4743 0.0000e+00
     -0.104      0.000    12.7773     98.646     39.090  23.048175     4.2300     1.7080     0.0000     0.3384 3.2196e+02     1.3652     -0.102     -0.148     4.4754 0.0000e+00
     -0.104 1.2102e-07    12.7732     98.660     39.085  23.045594     4.2300     1.7156     0.0000     0.3384 3.2196e+02     1.4404     -0.102     -0.148     4.4765 0.0000e+00
     -0.104 1.5560e-07    12.7695     98.681     39.086  23.047000     4.2300     1.7232     0.0000     0.3384 3.2161e+02     1.3652     -0.102     -0.148     4.4776 0.0000e+00
     -0.104 2.0005e-07    12.7675     98.705     39.088  23.048810     4.2300     1.7080     0.0000     0.3384 3.2133e+02     1.3652     -0.102     -0.147     4.4787 0.0000e+00
     -0.104 2.5721e-07    12.7674     98.725     39.084  23.047548     4.1400     1.7194     0.0426     0.2961 3.2161e+02     1.4554     -0.102     -0.147     4.4797 0.0000e+00
     -0.104 3.3070e-07    12.7689     98.739     39.082  23.046837     4.1400     1.7080     0.0426     0.2961 3.2112e+02     1.2600     -0.102     -0.147     4.4807 0.0000e+00
     -0.103 4.2519e-07    12.7713     98.731     39.087  23.050444     4.1400     1.7308     0.0426     0.2961 3.2078e+02     1.4253     -0.101     -0.147     4.4816 0.0000e+00
     -0.103 5.4667e-07    12.7741     98.695     39.094  23.055374     4.1400     1.7881     0.0426     0.2961 3.1966e+02     1.3953     -0.101     -0.147     4.4824 0.0000e+00
     -0.103 7.0286e-07    12.7765     98.652     39.099  23.058981     4.2300     1.7652     0.0852     0.5076 3.2001e+02     1.3652     -0.101     -0.147     4.4833 0.0000e+00
     -0.103 9.0368e-07    12.7779     98.621     39.104  23.062229     4.2300     1.7652     0.0852     0.5076 3.1869e+02     1.3351     -0.101     -0.147     4.4842 0.0000e+00
     -0.103      0.000    12.7766     98.602     39.109  23.065984     4.2300     1.7843     0.0852     0.5076 3.1793e+02     1.4253     -0.101     -0.147     4.4850 0.0000e+00
     -0.103      0.000    12.7717     98.591     39.117  23.071245     4.2300     1.7232     0.0852     0.5076 3.1793e+02     1.3652     -0.101     -0.147     4.4858 0.0000e+00
     -0.103      0.000    12.7659     98.591     39.123  23.075459     4.2300     1.7003     0.0426     0.4653 3.1779e+02     1.3051     -0.101     -0.147     4.4867 0.0000e+00
     -0.103      0.000    12.7616     98.599     39.123  23.075789     4.2300     1.7308     0.0426     0.4653 3.1690e+02     1.3051     -0.101     -0.147     4.4875 0.0000e+00
     -0.103      0.000    12.7588     98.621     39.117  23.072325     4.2300     1.7156     0.0426     0.4653 3.1696e+02     1.3953     -0.101     -0.147     4.4883 0.0000e+00
     -0.103      0.000    12.7572     98.648     39.104  23.064141     4.2300     1.6965     0.0426     0.4653 3.1641e+02     1.3802     -0.101     -0.147     4.4891 0.0000e+00
     -0.103      0.000    12.7570     98.652     39.074  23.045097     4.2300     1.6927     0.0426     0.4653 3.1628e+02     1.3201     -0.101     -0.147     4.4897 0.0000e+00
     -0.103      0.000    12.7579     98.617     39.025  23.014073     4.2300     1.7461     0.0000     0.3384 3.1614e+02     1.2600     -0.101     -0.147     4.4901 0.0000e+00
     -0.103      0.000    12.7607     98.548     38.985  22.988529     4.2300     1.6965     0.0000     0.3384 3.1614e+02     1.4404     -0.101     -0.147     4.4901 0.0000e+00
     -0.103      0.000    12.7644     98.463     38.970  22.979466     4.2300     1.6469     0.0000     0.3384 3.1552e+02     1.4704     -0.101     -0.147     4.4895 0.0000e+00
     -0.103      0.000    12.7655     98.380     38.968  22.978530     4.2300     1.6546     0.0000     0.3384 3.1621e+02     1.2750     -0.101     -0.147     4.4878 0.0000e+00
     -0.103      0.000    12.7618     98.306     38.968  22.979532     4.2300     1.6584     0.0426     0.3807 3.1690e+02     1.4554     -0.101     -0.147     4.4850 0.0000e+00
     -0.103      0.000    12.7537     98.251     38.965  22.978783     4.2300     1.6546     0.0426     0.3807 3.1586e+02     1.3201     -0.101     -0.147     4.4826 0.0000e+00
     -0.103      0.000    12.7429     98.229     38.952  22.972122     4.2300     1.6317     0.0426     0.3807 3.1566e+02     1.4103     -0.101     -0.147     4.4821 0.0000e+00
     -0.103      0.000    12.7319     98.242     38.939  22.965692     4.2300     1.6202     0.0426     0.3807 3.1538e+02     1.3953     -0.101     -0.147     4.4830 0.0000e+00
     -0.103      0.000    12.7220     98.279     38.937  22.965696     4.2300     1.6507     0.0426     0.2538 3.1518e+02     1.4554     -0.101     -0.147     4.4841 0.0000e+00
     -0.103      0.000    12.7145     98.326     38.941  22.968175     4.2300     1.6507     0.0426     0.2538 3.1580e+02     1.3652     -0.101     -0.147     4.4854 0.0000e+00
     -0.103      0.000    12.7111     98.366     38.943  22.969831     4.2300     1.6507     0.0426     0.2538 3.1538e+02     1.3802     -0.101     -0.147     4.4870 0.0000e+00
     -0.103      0.000    12.7122     98.388     38.944  22.971108     4.2300     1.6584     0.0426     0.2538 3.1593e+02     1.4253     -0.101     -0.147     4.4885 0.0000e+00
     -0.103      0.000    12.7166     98.390     38.946  22.972344     4.2300     1.6507     0.0426     0.3807 3.1504e+02     1.3351     -0.101     -0.147     4.4895 0.0000e+00
     -0.103      0.000    12.7224     98.380     38.948  22.973870     4.2300     1.6507     0.0426     0.3807 3.1552e+02     1.4253     -0.101     -0.147     4.4902 0.0000e+00
     -0.103      0.000    12.7274     98.366     38.952  22.976092     4.2300     1.5859     0.0426     0.3807 3.1477e+02     1.4253     -0.101     -0.147     4.4909 0.0000e+00
     -0.103      0.000    12.7300     98.354     38.958  22.979603     4.2300     1.5592     0.0426     0.3807 3.1552e+02     1.4404     -0.101     -0.147     4.4913 0.0000e+00
     -0.103      0.000    12.7303     98.347     38.968  22.985339     4.2300     1.5859     0.0426     0.3807 3.1559e+02     1.4854     -0.101     -0.146     4.4916 0.0000e+00
     -0.103      0.000    12.7290     98.345     38.977  22.990872     4.2300     1.5897     0.0852     0.2961 3.1552e+02     1.2299     -0.101     -0.146     4.4917 0.0000e+00
     -0.102      0.001    12.7271     98.356     38.981  22.993717     4.2300     1.6164     0.0852     0.2961 3.1559e+02     1.2901     -0.100     -0.146     4.4916 0.0000e+00
     -0.102      0.001    12.7257     98.381     38.982  22.994634     4.2300     1.6240     0.0852     0.2961 3.1566e+02     1.4253     -0.100     -0.146     4.4916 0.0000e+00
     -0.102      0.001    12.7248     98.409     38.981  22.993868     4.2300     1.6584     0.0852     0.2961 3.1586e+02     1.4704     -0.100     -0.145     4.4916 0.0000e+00
     -0.102      0.001    12.7245     98.431     38.983  22.995172     4.2300     1.6584     0.0426     0.4653 3.1552e+02     1.3201     -0.100     -0.145     4.4918 0.0000e+00
     -0.102      0.002    12.7257     98.447     38.995  23.002853     4.2300     1.7652     0.0426     0.4653 3.1614e+02     1.3351     -0.100     -0.145     4.4921 0.0000e+00
