Data/DataNotYetUploadedToEDI/Raw_CTD/RawDownloads/011123_fcr50_S8188002.cnv
* Sea-Bird SBE19plus  Data File:
* FileName = C:\R\Reservoirs\Data\DataNotYetUploadedToEDI\Raw_CTD\RawDownloads\011123_fcr50_S8188_0002.hex
* Software version 2.8.0.119
* Temperature SN = 8188
* Conductivity SN = 8188
* System UpLoad Time = Mar 20 2023 14:54:50
* <ApplicationData>
* <Seaterm232>
# nquan = 16
# nvalues = 1159                        
# units = specified
# name 0 = depFM: Depth [fresh water, m]
# name 1 = dz/dtM: Descent Rate [m/s]
# name 2 = sbeox0Mg/L: Oxygen, SBE 43 [mg/l]
# name 3 = sbeox0PS: Oxygen, SBE 43 [% saturation]
# name 4 = specc: Specific Conductance [uS/cm]
# name 5 = c0uS/cm: Conductivity [uS/cm]
# name 6 = wetCDOM: Fluorescence, WET Labs CDOM [mg/m^3]
# name 7 = flECO-AFL: Fluorescence, WET Labs ECO-AFL/FL [mg/m^3]
# name 8 = flECO-AFL1: Fluorescence, WET Labs ECO-AFL/FL, 2 [mg/m^3]
# name 9 = flECO-AFL2: Fluorescence, WET Labs ECO-AFL/FL, 3 [mg/m^3]
# name 10 = par/sat/log: PAR/Logarithmic, Satlantic
# name 11 = turbWETntu0: Turbidity, WET Labs ECO [NTU]
# name 12 = prdM: Pressure, Strain Gauge [db]
# name 13 = prdE: Pressure, Strain Gauge [psi]
# name 14 = tv290C: Temperature [ITS-90, deg C]
# name 15 = flag:  0.000e+00
# span 0 =     -0.654,      9.548       
# span 1 =     -0.521,      0.126       
# span 2 =     7.9477,    13.2191       
# span 3 =     61.558,    102.120       
# span 4 =   -672.602,    315.935       
# span 5 =-399.054521, 187.341896       
# span 6 =    -4.5000,    55.7100       
# span 7 =    -0.2109,     7.2317       
# span 8 =    -2.1300,     2.8542       
# span 9 =    -2.0304,    26.0145       
# span 10 = 1.2500e-01, 3.2210e+02      
# span 11 =    -0.3933,    81.1301      
# span 12 =     -0.642,      9.364      
# span 13 =     -0.931,     13.581      
# span 14 =     4.1976,     4.9117      
# span 15 = 0.0000e+00, 0.0000e+00      
# interval = seconds: 0.25
# start_time = Jan 11 2023 10:00:22 [Instrument's time stamp, header]
# bad_flag = -9.990e-29
*END*
[from data line 1085]
      1.555     -0.500     8.1456     62.705    310.734 183.843565     4.3200     2.3221     0.0426     0.3807 6.1061e+01     1.6808      1.525      2.212     4.5880 0.0000e+00
      1.428     -0.497     8.1312     62.581    310.484 183.685267     4.3200     2.3374     0.0426     0.4653 6.8099e+01     1.6808      1.401      2.032     4.5862 0.0000e+00
      1.302     -0.494     8.1172     62.464    310.218 183.517815     4.3200     2.2954     0.0426     0.4653 7.3945e+01     1.6357      1.277      1.852     4.5845 0.0000e+00
      1.176     -0.491     8.1030     62.356    309.929 183.336456     4.3200     2.3641     0.0426     0.4653 8.0782e+01     1.5756      1.154      1.673     4.5828 0.0000e+00
      1.051     -0.487     8.0875     62.256    309.578 183.118762     4.3200     2.3450     0.0426     0.4653 9.1553e+01     1.5907      1.031      1.495     4.5811 0.0000e+00
      0.926     -0.482     8.0718     62.160    309.094 182.822644     4.3200     2.3183     0.0426     0.4230 9.9391e+01     1.4704      0.909      1.318     4.5794 0.0000e+00
      0.803     -0.475     8.0572     62.065    308.419 182.413025     4.3200     2.3984     0.0426     0.4230 1.0917e+02     1.8462      0.788      1.143     4.5777 0.0000e+00
      0.682     -0.467     8.0436     61.974    307.447 181.828555     4.3200     2.3984     0.0426     0.4230 1.2144e+02     1.8462      0.670      0.971     4.5760 0.0000e+00
      0.564     -0.457     8.0310     61.888    305.974 180.947290     4.3200     2.4061     0.0426     0.4230 1.3209e+02     1.8161      0.553      0.802     4.5743 0.0000e+00
      0.449     -0.446     8.0191     61.801    303.746 179.620009     4.3200     2.4022     0.0426     0.4230 1.4041e+02     1.9213      0.440      0.638     4.5726 0.0000e+00
      0.336     -0.434     8.0072     61.714    300.359 177.606480     4.3200     2.4061     0.0426     0.4230 1.5903e+02     1.6357      0.330      0.478     4.5708 0.0000e+00
      0.227     -0.420     7.9958     61.637    295.014 174.435595     4.3200     2.4213     0.0426     0.4230 1.7370e+02     1.6508      0.222      0.323     4.5690 0.0000e+00
      0.121     -0.403     7.9852     61.582    286.395 169.327614     4.3200     2.3984     0.0426     0.4230 1.8070e+02     1.6357      0.118      0.171     4.5670 0.0000e+00
      0.018     -0.383     7.9745     61.558    272.502 161.099940     4.3200     2.3946     0.0426     0.4230 2.1422e+02     1.6658      0.018      0.026     4.5647 0.0000e+00
     -0.079     -0.359     7.9639     61.580    250.713 148.200759     4.3200     2.2001     0.0426     0.4230 2.1297e+02     1.9514     -0.078     -0.113     4.5620 0.0000e+00
     -0.170     -0.331     7.9548     61.664    218.786 129.303626     4.3200     2.1924     0.0426     0.4230 2.0000e+02     1.9213     -0.167     -0.242     4.5586 0.0000e+00
     -0.253     -0.299     7.9490     61.840    177.009 104.578582     4.3200     2.1924     0.0426     0.4230 1.9262e+02     1.7860     -0.248     -0.360     4.5538 0.0000e+00
     -0.325     -0.264     7.9477     62.163    132.639  78.321120     4.3200     2.1886     0.0426     0.4230 1.8967e+02     1.8462     -0.319     -0.463     4.5470 0.0000e+00
     -0.388     -0.228     7.9533     62.723     96.688  57.042168     4.3200     1.9712     0.0426     0.3807 1.7724e+02    61.8314     -0.380     -0.552     4.5366 0.0000e+00
     -0.441     -0.193     7.9683     63.649     72.561  42.757621     4.3200     1.9788     0.0426     0.3807 1.6203e+02    61.8014     -0.432     -0.627     4.5205 0.0000e+00
     -0.484     -0.159     7.9973     65.099     56.471  33.232787     4.3200     1.9330     0.0426     0.3807 1.5246e+02    61.8916     -0.475     -0.689     4.4959 0.0000e+00
     -0.519     -0.129     8.0476     67.212     43.920  25.818821     4.3200     1.9368     0.0426     0.3807 1.4677e+02    61.8465     -0.509     -0.738     4.4615 0.0000e+00
     -0.546     -0.103     8.1298     70.036     32.568  19.132264    16.0200     0.9069     2.8542     4.1454 1.5013e+02    42.3073     -0.535     -0.776     4.4203 0.0000e+00
     -0.566     -0.081     8.2594     73.480     23.350  13.711190    16.0200     0.8878     2.8542     4.1454 1.4748e+02    42.3073     -0.556     -0.806     4.3792 0.0000e+00
     -0.583     -0.063     8.4554     77.305     17.208  10.100415    16.0200     0.8878     2.8542     4.1454 1.4912e+02    42.4125     -0.571     -0.829     4.3455 0.0000e+00
     -0.595     -0.049     8.7354     81.181     13.381   7.851336    16.0200     0.8992     2.8542     4.1454 1.5131e+02    42.3073     -0.584     -0.847     4.3226 0.0000e+00
     -0.605     -0.038     9.1056     84.760     10.934   6.413641    16.0200    -0.1956     2.8542     4.1454 1.4453e+02     0.2379     -0.594     -0.861     4.3096 0.0000e+00
     -0.613     -0.030     9.5549     87.740      9.263   5.431630    55.7100    -0.1918     0.0000    26.0145 1.3820e+02     0.1929     -0.601     -0.872     4.3037 0.0000e+00
     -0.619     -0.023    10.0529     89.920      8.014   4.698805    55.7100    -0.1727     0.0000    26.0145 1.1847e+02     0.2229     -0.607     -0.880     4.3014 0.0000e+00
     -0.624     -0.018    10.5572     91.242      7.080   4.150266    55.7100    -0.1651     0.0000    26.0145 1.1174e+02     0.1327     -0.612     -0.887     4.3005 0.0000e+00
     -0.627     -0.014    11.0227     91.776      6.435   3.772227    55.7100     0.3041     0.0000    26.0145 1.1338e+02    31.6810     -0.615     -0.892     4.3004 0.0000e+00
     -0.630     -0.011    11.4102     91.689      5.987   3.509363    41.3100     0.3156     0.1704    11.1672 1.2362e+02    31.7110     -0.618     -0.896     4.3005 0.0000e+00
     -0.633     -0.009    11.6936     91.196      5.619   3.293553    41.3100     0.3270     0.1704    11.1672 1.1610e+02    31.6209     -0.620     -0.900     4.3009 0.0000e+00
     -0.634     -0.007    11.8654     90.485      5.287   3.098886    41.3100     0.3232     0.1704    11.1672 1.2178e+02    31.5457     -0.622     -0.902     4.3015 0.0000e+00
     -0.636     -0.005    11.9346     89.695      4.980   2.918934    41.3100     1.1129     0.1704    11.1672 1.1233e+02    81.0249     -0.624     -0.904     4.3021 0.0000e+00
     -0.637     -0.004    11.9231     88.915      4.687   2.747236     5.2200     1.0862     1.2354    -0.5076 1.1186e+02    81.1301     -0.625     -0.906     4.3027 0.0000e+00
     -0.638     -0.003    11.8588     88.185      4.411   2.585461     5.2200     1.1205     1.2354    -0.5076 1.0979e+02    81.0400     -0.625     -0.907     4.3034 0.0000e+00
     -0.638     -0.003    11.7662     87.500      4.162   2.439907     5.2200     1.0785     1.2354    -0.5076 1.1121e+02    81.0700     -0.626     -0.908     4.3041 0.0000e+00
     -0.639     -0.002    11.6632     86.853      3.953   2.317237     5.2200     0.0676     1.2354    -0.5076 1.0979e+02    10.3532     -0.627     -0.909     4.3048 0.0000e+00
     -0.639     -0.002    11.5616     86.230      3.794   2.224287     5.2200     0.0714     1.2354    -0.5076 1.0685e+02    10.2931     -0.627     -0.910     4.3054 0.0000e+00
     -0.640     -0.002    11.4665     85.614      3.695   2.165931     0.4500     0.0714     0.5538    -0.3384 1.0917e+02    10.3833     -0.628     -0.910     4.3061 0.0000e+00
     -0.640     -0.002    11.3772     85.006      3.668   2.150336     0.4500     0.0714     0.5538    -0.3384 1.1017e+02    10.3683     -0.628     -0.911     4.3067 0.0000e+00
     -0.641     -0.002    11.2928     84.424      3.741   2.193115     0.4500    -0.1689     0.5538    -0.3384 1.0929e+02    -0.3482     -0.628     -0.912     4.3074 0.0000e+00
     -0.641     -0.001    11.2117     83.885      3.950   2.315565     0.4500    -0.2109     0.5538    -0.3384 1.1184e+02    -0.3482     -0.629     -0.912     4.3080 0.0000e+00
     -0.642     -0.001    11.1314     83.429      4.306   2.524631     1.2600    -0.1536    -0.0426     0.2538 1.2110e+02    -0.3933     -0.629     -0.913     4.3087 0.0000e+00
     -0.642     -0.001    11.0523     83.100      4.747   2.783129     1.2600    -0.1842    -0.0426     0.2538 1.3965e+02    -0.3182     -0.630     -0.913     4.3093 0.0000e+00
     -0.642     -0.001    10.9764     82.909      5.134   3.009710     1.2600    -0.1346    -0.0426     0.2538 2.1209e+02    -0.1378     -0.630     -0.914     4.3099 0.0000e+00
     -0.642     -0.001    10.9062     82.831      5.339   3.130329     1.2600    -0.1269    -0.0426     0.2538 2.4898e+02    -0.1228     -0.630     -0.914     4.3105 0.0000e+00
     -0.642     -0.001    10.8467     82.827      5.372   3.149466    -1.6200    -0.1384    -0.2130     0.0423 2.4099e+02     0.0125     -0.630     -0.914     4.3110 0.0000e+00
     -0.643     -0.000    10.8037     82.860      5.321   3.119684    -1.6200    -0.1346    -0.2130     0.0423 2.2539e+02    -0.0627     -0.630     -0.914     4.3116 0.0000e+00
     -0.643     -0.000    10.7788     82.894      5.237   3.070614    -1.6200    -0.1269    -0.2130     0.0423 2.2026e+02    -0.0476     -0.631     -0.914     4.3121 0.0000e+00
     -0.643     -0.000    10.7685     82.890      5.176   3.034652    -1.6200    -0.1079    -0.2130     0.0423 2.1394e+02    -0.1528     -0.631     -0.915     4.3126 0.0000e+00
     -0.643     -0.000    10.7679     82.811      5.178   3.035823     0.3600    -0.1231     0.0000     0.5076 2.0618e+02    -0.0326     -0.631     -0.915     4.3130 0.0000e+00
     -0.643     -0.000    10.7720     82.617      5.149   3.019071     0.3600    -0.1346     0.0000     0.5076 2.0857e+02    -0.0627     -0.631     -0.915     4.3134 0.0000e+00
     -0.643     -0.000    10.7763     82.290      4.975   2.916651     0.3600    -0.1193     0.0000     0.5076 2.0748e+02    -0.0176     -0.631     -0.915     4.3136 0.0000e+00
     -0.643     -0.000    10.7758     81.831      4.675   2.740799     0.3600    -0.1079     0.0000     0.5076 1.9443e+02    -0.0927     -0.631     -0.915     4.3138 0.0000e+00
     -0.643     -0.000    10.7655     81.239      4.341   2.545472     0.3600    -0.1079     0.0000     0.5076 1.5896e+02    -0.1228     -0.631     -0.915     4.3139 0.0000e+00
     -0.643      0.000    10.7402     80.518      4.048   2.373497     0.2700    -0.1231    -0.0426     0.0846 1.5755e+02    -0.0627     -0.631     -0.915     4.3139 0.0000e+00
     -0.643      0.000    10.6978     79.697      3.817   2.238336     0.2700    -0.1460    -0.0426     0.0846 1.6552e+02    -0.0777     -0.631     -0.916     4.3139 0.0000e+00
     -0.644      0.000    10.6381     78.818      3.625   2.125696     0.2700    -0.1269    -0.0426     0.0846 1.8125e+02    -0.0627     -0.631     -0.916     4.3139 0.0000e+00
     -0.644      0.000    10.5611     77.936      3.458   2.027291     0.2700    -0.1346    -0.0426     0.0846 2.1694e+02    -0.1528     -0.632     -0.916     4.3139 0.0000e+00
     -0.644      0.000    10.4674     77.110      3.327   1.950494     0.5400    -0.1269     0.0000     0.5922 2.2286e+02    -0.1078     -0.632     -0.916     4.3139 0.0000e+00
     -0.644      0.000    10.3607     76.386      3.195   1.872849     0.5400    -0.1498     0.0000     0.5922 2.3736e+02     0.4634     -0.632     -0.916     4.3140 0.0000e+00
     -0.644      0.000    10.2465     75.791      3.025   1.773651     0.5400    -0.1079     0.0000     0.5922 2.3130e+02     0.4183     -0.632     -0.917     4.3140 0.0000e+00
     -0.644      0.000    10.1318     75.337      2.855   1.673901     0.5400    -0.0964     0.0000     0.5922 2.3777e+02     0.4634     -0.632     -0.917     4.3140 0.0000e+00
     -0.644      0.000    10.0245     75.028      2.709   1.588525     0.2700    -0.0926     0.0000    -0.1692 2.5126e+02     0.4634     -0.632     -0.917     4.3138 0.0000e+00
     -0.644      0.000     9.9304     74.863      2.600   1.524414     0.2700    -0.1231     0.0000    -0.1692 2.6918e+02     1.2450     -0.632     -0.917     4.3136 0.0000e+00
     -0.644      0.000     9.8530     74.819      2.528   1.482268     0.2700    -0.1002     0.0000    -0.1692 2.7539e+02     1.3652     -0.632     -0.917     4.3138 0.0000e+00
     -0.645      0.000     9.7939     74.848      2.481   1.454802     0.2700    -0.1155     0.0000    -0.1692 2.8365e+02     1.4404     -0.632     -0.917     4.3141 0.0000e+00
     -0.645      0.000     9.7536     74.873      2.464   1.444578     0.1800    -0.1498     0.0000     0.0423 3.0118e+02     1.3351     -0.632     -0.917     4.3145 0.0000e+00
     -0.645 -9.990e-29     9.7320 -9.990e-29 -9.990e-29 -9.990e-29     0.1800 -9.990e-29     0.0000     0.0423 3.1110e+02 -9.990e-29     -0.632     -0.917     4.3149 0.0000e+00
     -0.645 -9.990e-29     9.7262 -9.990e-29 -9.990e-29 -9.990e-29     0.1800 -9.990e-29     0.0000     0.0423 3.1191e+02 -9.990e-29     -0.632     -0.917     4.3151 0.0000e+00
     -0.645 -9.990e-29     9.7299 -9.990e-29 -9.990e-29 -9.990e-29     0.1800 -9.990e-29     0.0000     0.0423 3.1035e+02 -9.990e-29     -0.632     -0.917     4.3152 0.0000e+00
     -0.645 -9.990e-29     9.7332 -9.990e-29 -9.990e-29 -9.990e-29     0.1800 -9.990e-29     0.0000     0.0423 3.0954e+02 -9.990e-29     -0.632     -0.917     4.3153 0.0000e+00
