Data/DataNotYetUploadedToEDI/Raw_CTD/RawDownloads/011123_bvr50_S8188001.cnv
* Sea-Bird SBE19plus  Data File:
* FileName = C:\R\Reservoirs\Data\DataNotYetUploadedToEDI\Raw_CTD\RawDownloads\011123_fcr50_S8188_0001.hex
* Software version 2.8.0.119
* Temperature SN = 8188
* Conductivity SN = 8188
* System UpLoad Time = Mar 20 2023 14:54:31
* <ApplicationData>
* <Seaterm232>
# nquan = 16
# nvalues = 902                         
# units = specified
# name 0 = depFM: Depth [fresh water, m]
# name 1 = dz/dtM: Descent Rate [m/s]
# name 2 = sbeox0Mg/L: Oxygen, SBE 43 [mg/l]
# name 3 = sbeox0PS: Oxygen, SBE 43 [% saturation]
# name 4 = specc: Specific Conductance [uS/cm]
# name 5 = c0uS/cm: Conductivity [uS/cm]
# name 6 = wetCDOM: Fluorescence, WET Labs CDOM [mg/m^3]
# name 7 = flECO-AFL: Fluorescence, WET Labs ECO-AFL/FL [mg/m^3]
# name 8 = flECO-AFL1: Fluorescence, WET Labs ECO-AFL/FL, 2 [mg/m^3]
# name 9 = flECO-AFL2: Fluorescence, WET Labs ECO-AFL/FL, 3 [mg/m^3]
# name 10 = par/sat/log: PAR/Logarithmic, Satlantic
# name 11 = turbWETntu0: Turbidity, WET Labs ECO [NTU]
# name 12 = prdM: Pressure, Strain Gauge [db]
# name 13 = prdE: Pressure, Strain Gauge [psi]
# name 14 = tv290C: Temperature [ITS-90, deg C]
# name 15 = flag:  0.000e+00
# span 0 =     -0.724,      8.520       
# span 1 =     -0.536,      0.127       
# span 2 =     9.5218,    13.8127       
# span 3 =     70.989,    102.789       
# span 4 =      1.164,     37.869       
# span 5 =   0.764133,  21.557914       
# span 6 =    -4.5000,    13.0500       
# span 7 =    -0.1422,     9.3527       
# span 8 =    -2.1300,     3.4932       
# span 9 =    -2.0304,    14.2128       
# span 10 = 1.1590e-01, 3.1559e+02      
# span 11 =    -0.4084,    55.1130      
# span 12 =     -0.710,      8.356      
# span 13 =     -1.030,     12.119      
# span 14 =     2.7744,     7.8406      
# span 15 = 0.0000e+00, 0.0000e+00      
# interval = seconds: 0.25
# start_time = Jan 11 2023 08:45:47 [Instrument's time stamp, header]
# bad_flag = -9.990e-29
*END*
[from data line 91]
     -0.117      0.010    13.7765    101.715     37.869  21.368346     5.4900     3.7221     0.2130     0.7191 1.0417e+02     5.7540     -0.115     -0.166     3.0960 0.0000e+00
     -0.115      0.008    13.7432    101.482     37.862  21.391081     5.4900     3.7374     0.2130     0.7191 1.0160e+02     5.8742     -0.113     -0.163     3.1186 0.0000e+00
     -0.113      0.006    13.7039    101.277     37.825  21.396192     5.4900     3.7412     0.2130     0.6768 9.8917e+01     5.8893     -0.111     -0.161     3.1462 0.0000e+00
     -0.111      0.003    13.6589    101.089     37.774  21.394939     5.4900     3.7641     0.2130     0.6768 9.2614e+01     5.7841     -0.109     -0.158     3.1784 0.0000e+00
     -0.110      0.001    13.6124    100.902     37.706  21.392924     5.4900     3.7450     0.2130     0.6768 8.6901e+01     5.7540     -0.108     -0.157     3.2131 0.0000e+00
     -0.111     -0.002    13.5686    100.714     37.593  21.377737     5.4900     3.7336     0.2130     0.6768 1.1370e+02     5.6939     -0.108     -0.157     3.2483 0.0000e+00
     -0.112     -0.005    13.5287    100.544     37.449  21.351267     5.4900     3.7450     0.2130     0.6768 1.2245e+02     5.7690     -0.109     -0.159     3.2828 0.0000e+00
     -0.113     -0.008    13.4903    100.401     37.326  21.328230     5.4900     3.7641     0.2130     0.6768 1.2816e+02     5.7540     -0.111     -0.161     3.3200 0.0000e+00
     -0.116     -0.011    13.4481    100.269     37.261  21.318318     5.4900     3.7946     0.2130     0.6768 1.5443e+02     5.6338     -0.114     -0.165     3.3684 0.0000e+00
     -0.120     -0.013    13.3997    100.133     37.240  21.316908     5.4900     3.8023     0.2130     0.6768 1.5903e+02     5.6037     -0.118     -0.170     3.4339 0.0000e+00
     -0.124     -0.014    13.3508     99.992     37.205  21.295917     5.4000     3.8175     0.1278     0.5076 1.6280e+02     5.6187     -0.121     -0.176     3.5079 0.0000e+00
     -0.127     -0.015    13.3097     99.848     37.141  21.249745     5.4000     3.7870     0.1278     0.5076 1.3712e+02     5.5736     -0.125     -0.181     3.5702 0.0000e+00
     -0.131     -0.016    13.2790     99.705     37.100  21.205666     5.4000     3.6077     0.1278     0.5076 1.5369e+02     5.6939     -0.128     -0.186     3.6071 0.0000e+00
     -0.135     -0.017    13.2562     99.562     37.117  21.187549     5.4000     3.6230     0.1278     0.5076 1.6084e+02     5.7540     -0.132     -0.191     3.6206 0.0000e+00
     -0.139     -0.019    13.2379     99.411     37.184  21.200458     5.4000     3.6115     0.1278     0.5076 1.6455e+02     5.8442     -0.137     -0.198     3.6193 0.0000e+00
     -0.144     -0.020    13.2235     99.247     37.246  21.226062     5.4000     3.6153     0.1704     0.6345 1.7089e+02     5.7239     -0.142     -0.205     3.6060 0.0000e+00
     -0.150     -0.021    13.2140     99.076     37.255  21.245459     5.4000     3.2033     0.1704     0.6345 1.4642e+02     5.6638     -0.147     -0.213     3.5788 0.0000e+00
     -0.155     -0.022    13.2082     98.907     37.199  21.251944     5.4000     3.2224     0.1704     0.6345 1.5889e+02     5.5887     -0.152     -0.221     3.5414 0.0000e+00
     -0.161     -0.022    13.2001     98.745     37.094  21.243292     5.4000     3.1919     0.1704     0.6345 1.6394e+02     5.5586     -0.158     -0.229     3.5074 0.0000e+00
     -0.167     -0.022    13.1830     98.599     36.983  21.229074     5.4000     3.1919     0.2130     0.6345 1.5653e+02     5.5586     -0.164     -0.238     3.4946 0.0000e+00
     -0.173     -0.020    13.1535     98.479     36.926  21.233209     5.4000     3.4284     0.2130     0.6345 1.6736e+02     5.5436     -0.170     -0.246     3.5143 0.0000e+00
     -0.178     -0.019    13.1132     98.390     36.941  21.264718     5.4000     3.4284     0.2130     0.6345 1.7996e+02     5.6037     -0.175     -0.254     3.5658 0.0000e+00
     -0.183     -0.016    13.0677     98.310     36.978  21.304293     5.4000     3.4208     0.2130     0.6345 1.6725e+02     5.5586     -0.180     -0.260     3.6351 0.0000e+00
     -0.187     -0.014    13.0253     98.227     36.995  21.334778     5.4000     3.4704     0.2130     0.7191 1.8898e+02     5.5286     -0.183     -0.266     3.7018 0.0000e+00
     -0.190     -0.012    12.9925     98.166     36.991  21.356387     5.4000     3.2758     0.2130     0.7191 1.9116e+02     5.6338     -0.186     -0.270     3.7508 0.0000e+00
     -0.192     -0.009    12.9700     98.146     36.979  21.374882     5.4000     3.2262     0.2130     0.7191 1.7972e+02     5.5135     -0.189     -0.273     3.7817 0.0000e+00
     -0.194     -0.008    12.9511     98.166     36.975  21.395197     5.4000     3.2835     0.2130     0.7191 1.8419e+02     5.5436     -0.190     -0.276     3.8063 0.0000e+00
     -0.195     -0.007    12.9308     98.218     36.981  21.416812     5.4000     3.2644     0.1704     0.7614 2.1399e+02     5.6037     -0.192     -0.278     3.8338 0.0000e+00
     -0.197     -0.007    12.9117     98.289     36.985  21.433617     5.4000     3.4856     0.1704     0.7614 2.4063e+02     5.6037     -0.193     -0.280     3.8661 0.0000e+00
     -0.198     -0.007    12.8974     98.369     36.983  21.444154     5.4000     3.4856     0.1704     0.7614 2.5600e+02     5.5135     -0.195     -0.282     3.9002 0.0000e+00
     -0.200     -0.008    12.8897     98.444     36.979  21.451234     5.4000     3.5009     0.1704     0.7614 2.6134e+02     5.5135     -0.196     -0.285     3.9307 0.0000e+00
     -0.202     -0.009    12.8881     98.501     36.974  21.456745     5.4000     3.5467     0.1704     0.7614 2.6408e+02     5.6037     -0.199     -0.288     3.9552 0.0000e+00
     -0.205     -0.010    12.8907     98.527     36.972  21.464135     5.4000     3.8023     0.1704     0.6768 2.6737e+02     5.7690     -0.201     -0.291     3.9748 0.0000e+00
     -0.208     -0.010    12.8959     98.519     36.973  21.473398     5.4000     3.7908     0.1704     0.6768 2.6598e+02     5.8592     -0.204     -0.296     3.9907 0.0000e+00
     -0.211     -0.010    12.9013     98.476     36.964  21.477106     5.4000     3.8061     0.1704     0.6768 2.6145e+02     5.8893     -0.207     -0.300     4.0037 0.0000e+00
     -0.214     -0.009    12.9047     98.397     36.934  21.470311     5.4000     3.7870     0.1704     0.6768 2.5589e+02     5.7991     -0.210     -0.304     4.0154 0.0000e+00
     -0.216     -0.008    12.9044     98.309     36.883  21.451202     5.4000     3.8099     0.2130     0.7191 2.6066e+02     5.4684     -0.212     -0.307     4.0267 0.0000e+00
     -0.218     -0.007    12.8993     98.242     36.816  21.420620     5.4000     3.8061     0.2130     0.7191 2.5796e+02     5.5436     -0.214     -0.310     4.0381 0.0000e+00
     -0.219     -0.006    12.8895     98.197     36.765  21.394163     5.4000     3.7946     0.2130     0.7191 2.6140e+02     5.4985     -0.215     -0.312     4.0507 0.0000e+00
     -0.221     -0.005    12.8744     98.150     36.761  21.390504     5.4000     3.7984     0.2130     0.7191 2.6431e+02     5.5436     -0.217     -0.314     4.0648 0.0000e+00
     -0.222     -0.004    12.8579     98.097     36.790  21.404710     5.4000     3.6306     0.2130     0.6345 2.7248e+02     5.7841     -0.218     -0.316     4.0793 0.0000e+00
     -0.223     -0.003    12.8454     98.049     36.815  21.418797     5.4000     3.6268     0.2130     0.6345 2.6397e+02     5.8292     -0.219     -0.318     4.0908 0.0000e+00
     -0.224     -0.002    12.8379     98.012     36.823  21.426624     5.4000     3.6230     0.2130     0.6345 2.6830e+02     5.8442     -0.220     -0.319     4.0952 0.0000e+00
     -0.225     -0.002    12.8325     97.987     36.820  21.432259     5.4000     3.6153     0.2130     0.6345 2.6523e+02     5.7841     -0.220     -0.319     4.0931 0.0000e+00
     -0.225     -0.001    12.8267     97.965     36.815  21.439183     5.4900     3.7450     0.2130     0.6345 2.6385e+02     5.5436     -0.220     -0.320     4.0895 0.0000e+00
     -0.225     -0.000    12.8208     97.953     36.813  21.449244     5.4900     3.7527     0.2130     0.6345 2.6460e+02     5.5887     -0.220     -0.319     4.0887 0.0000e+00
     -0.225      0.000    12.8146     97.968     36.818  21.463145     5.4900     3.7450     0.2130     0.6345 2.6494e+02     5.5887     -0.220     -0.319     4.0930 0.0000e+00
     -0.224      0.001    12.8079     98.011     36.825  21.476677     5.4900     3.7260     0.2130     0.6345 2.6650e+02     5.5736     -0.220     -0.319     4.1030 0.0000e+00
     -0.224      0.001    12.8004     98.071     36.831  21.487511     5.4900     4.1227     0.2130     0.6345 2.6529e+02     5.6488     -0.220     -0.319     4.1168 0.0000e+00
     -0.224      0.001    12.7937     98.137     36.840  21.498537     5.4000     4.1151     0.2130     0.6768 2.6431e+02     5.4985     -0.219     -0.318     4.1319 0.0000e+00
     -0.224      0.001    12.7908     98.201     36.851  21.508735     5.4000     4.1074     0.2130     0.6768 2.6391e+02     5.4684     -0.219     -0.318     4.1463 0.0000e+00
     -0.223      0.001    12.7922     98.253     36.860  21.516867     5.4000     4.1074     0.2130     0.6768 2.6420e+02     5.6037     -0.219     -0.318     4.1590 0.0000e+00
     -0.223      0.001    12.7965     98.292     36.870  21.525102     5.4000     4.3668     0.2130     0.6768 2.6385e+02     5.8141     -0.219     -0.318     4.1696 0.0000e+00
     -0.223      0.001    12.8025     98.316     36.883  21.535636     5.4900     4.3630     0.2130     0.7614 2.6357e+02     5.8292     -0.219     -0.317     4.1775 0.0000e+00
     -0.223      0.001    12.8090     98.335     36.897  21.547320     5.4900     4.3363     0.2130     0.7614 2.6437e+02     5.7239     -0.219     -0.317     4.1828 0.0000e+00
     -0.223      0.001    12.8146     98.357     36.903  21.555351     5.4900     4.3592     0.2130     0.7614 2.6420e+02     5.7991     -0.219     -0.317     4.1866 0.0000e+00
     -0.223      0.001    12.8184     98.380     36.898  21.557914     5.4900     4.5347     0.2130     0.7614 2.6385e+02     5.5135     -0.218     -0.317     4.1900 0.0000e+00
     -0.223      0.000    12.8203     98.398     36.886  21.555692     5.4900     4.5767     0.1704     0.7191 2.6345e+02     5.6338     -0.218     -0.316     4.1938 0.0000e+00
     -0.222      0.000    12.8211     98.409     36.867  21.548092     5.4900     4.5271     0.1704     0.7191 2.6248e+02     5.4985     -0.218     -0.316     4.1986 0.0000e+00
     -0.222      0.000    12.8219     98.418     36.833  21.529131     5.4900     4.5614     0.1704     0.7191 2.6259e+02     5.6187     -0.218     -0.316     4.2048 0.0000e+00
     -0.222      0.000    12.8226     98.418     36.775  21.493751     5.4900     4.4241     0.1704     0.7191 2.6334e+02     5.8893     -0.218     -0.316     4.2117 0.0000e+00
     -0.223     -0.001    12.8227     98.398     36.707  21.448351     5.4900     4.4164     0.1704     0.7191 2.6368e+02     5.8442     -0.218     -0.316     4.2182 0.0000e+00
     -0.223     -0.001    12.8227     98.361     36.636  21.396660     5.4900     4.4279     0.2130     0.6345 2.6242e+02     5.8893     -0.218     -0.317     4.2228 0.0000e+00
     -0.223     -0.001    12.8234     98.310     36.543  21.324892     5.4900     4.4164     0.2130     0.6345 2.6174e+02     5.8592     -0.219     -0.317     4.2243 0.0000e+00
     -0.223     -0.001    12.8243     98.240     36.386  21.205993     5.4900     4.3478     0.2130     0.6345 2.6500e+02     5.8141     -0.219     -0.318     4.2217 0.0000e+00
     -0.223     -0.001    12.8242     98.143     36.127  21.010236     5.4900     4.3783     0.2130     0.6345 2.6066e+02     5.7390     -0.219     -0.318     4.2140 0.0000e+00
     -0.223      0.000    12.8243     98.004     35.845  20.776461     5.5800     4.3478     0.1704     0.8037 2.6134e+02     5.7540     -0.219     -0.318     4.1995 0.0000e+00
     -0.223      0.000    12.8257     97.794     35.738  20.624410     5.5800     4.3630     0.1704     0.8037 2.5790e+02     5.8742     -0.219     -0.318     4.1756 0.0000e+00
     -0.223      0.001    12.8295     97.474     35.828  20.588740     5.5800     4.4508     0.1704     0.8037 2.5835e+02     5.8292     -0.219     -0.318     4.1374 0.0000e+00
     -0.223      0.001    12.8376     97.019     35.941  20.586707     5.5800     4.4813     0.1704     0.8037 2.6106e+02     5.7991     -0.219     -0.318     4.0756 0.0000e+00
     -0.223      0.001    12.8522     96.454     35.973  20.562351     5.4900     4.5004     0.2130     0.7191 2.8297e+02     5.7690     -0.219     -0.317     3.9786 0.0000e+00
     -0.223      0.001    12.8668     95.844     35.962  20.530948     5.4900     4.4851     0.2130     0.7191 2.6311e+02     5.8292     -0.218     -0.317     3.8539 0.0000e+00
     -0.222      0.001    12.8657     95.267     35.986  20.527664     5.4900     4.4622     0.2130     0.7191 2.6650e+02     5.7690     -0.218     -0.316     3.7328 0.0000e+00
     -0.222      0.002    12.8370     94.797     36.057  20.555583     5.4900     4.5538     0.2130     0.7191 2.6930e+02     5.5135     -0.218     -0.316     3.6402 0.0000e+00
     -0.221      0.002    12.7823     94.493     36.126  20.586525     5.4900     4.5461     0.2130     0.7191 2.6941e+02     5.6187     -0.217     -0.315     3.5805 0.0000e+00
     -0.221      0.002    12.7135     94.379     36.156  20.599053     5.4900     4.5500     0.2130     0.7191 2.6953e+02     5.4985     -0.217     -0.314     3.5446 0.0000e+00
     -0.220      0.002    12.6450     94.449     36.139  20.588591     5.4900     4.5614     0.2130     0.7191 2.6842e+02     5.5135     -0.216     -0.314     3.5208 0.0000e+00
     -0.220      0.002    12.5885     94.665     36.093  20.564224     5.4900     4.6529     0.2130     0.7191 2.6819e+02     5.7991     -0.216     -0.313     3.5037 0.0000e+00
     -0.220      0.002    12.5519     94.978     36.056  20.545184     5.4900     4.6339     0.2130     0.7191 2.6743e+02     5.7841     -0.215     -0.312     3.4923 0.0000e+00
     -0.219      0.001    12.5389     95.340     36.056  20.546186     5.4900     4.6453     0.1704     0.7614 2.6778e+02     5.7540     -0.215     -0.312     3.4860 0.0000e+00
     -0.219      0.001    12.5485     95.710     36.098  20.571455     5.4900     4.6453     0.1704     0.7614 2.6865e+02     5.7089     -0.215     -0.311     3.4850 0.0000e+00
     -0.219      0.001    12.5765     96.054     36.158  20.607938     5.4900     4.5919     0.1704     0.7614 2.6906e+02     5.7841     -0.214     -0.311     3.4875 0.0000e+00
     -0.219      0.001    12.6173     96.353     36.186  20.627759     5.4900     4.6034     0.1704     0.7614 2.7041e+02     5.9494     -0.214     -0.311     3.4900 0.0000e+00
     -0.218      0.001    12.6648     96.609     36.166  20.620371     5.4900     4.5919     0.1704     0.7614 2.6895e+02     5.7841     -0.214     -0.311     3.4913 0.0000e+00
     -0.218      0.001    12.7134     96.824     36.138  20.609532     5.4900     4.6148     0.1704     0.7614 2.6906e+02     5.7089     -0.214     -0.311     3.4931 0.0000e+00
     -0.218      0.001    12.7580     96.996     36.142  20.618083     5.4900     4.7064     0.1704     0.7614 2.6918e+02     5.6638     -0.214     -0.310     3.4966 0.0000e+00
     -0.218      0.000    12.7961     97.126     36.164  20.638406     5.4900     4.7407     0.1704     0.7614 2.6900e+02     5.5586     -0.214     -0.310     3.5013 0.0000e+00
     -0.218      0.000    12.8281     97.220     36.176  20.654153     5.4900     4.6720     0.1704     0.7614 2.6854e+02     5.5135     -0.214     -0.310     3.5070 0.0000e+00
     -0.218      0.000    12.8542     97.290     36.168  20.657646     5.4900     4.7064     0.1704     0.7614 2.6918e+02     5.5135     -0.213     -0.309     3.5141 0.0000e+00
