Data/DataNotYetUploadedToEDI/Raw_CTD/RawDownloads/011123_bvr50_S8188001.cnv
* Sea-Bird SBE19plus  Data File:
* FileName = C:\R\Reservoirs\Data\DataNotYetUploadedToEDI\Raw_CTD\RawDownloads\011123_fcr50_S8188_0001.hex
* Software version 2.8.0.119
* Temperature SN = 8188
* Conductivity SN = 8188
* System UpLoad Time = Mar 20 2023 14:54:31
* <ApplicationData>
* <Seaterm232>
# nquan = 16
# nvalues = 902                         
# units = specified
# name 0 = depFM: Depth [fresh water, m]
# name 1 = dz/dtM: Descent Rate [m/s]
# name 2 = sbeox0Mg/L: Oxygen, SBE 43 [mg/l]
# name 3 = sbeox0PS: Oxygen, SBE 43 [% saturation]
# name 4 = specc: Specific Conductance [uS/cm]
# name 5 = c0uS/cm: Conductivity [uS/cm]
# name 6 = wetCDOM: Fluorescence, WET Labs CDOM [mg/m^3]
# name 7 = flECO-AFL: Fluorescence, WET Labs ECO-AFL/FL [mg/m^3]
# name 8 = flECO-AFL1: Fluorescence, WET Labs ECO-AFL/FL, 2 [mg/m^3]
# name 9 = flECO-AFL2: Fluorescence, WET Labs ECO-AFL/FL, 3 [mg/m^3]
# name 10 = par/sat/log: PAR/Logarithmic, Satlantic
# name 11 = turbWETntu0: Turbidity, WET Labs ECO [NTU]
# name 12 = prdM: Pressure, Strain Gauge [db]
# name 13 = prdE: Pressure, Strain Gauge [psi]
# name 14 = tv290C: Temperature [ITS-90, deg C]
# name 15 = flag:  0.000e+00
# span 0 =     -0.724,      8.520       
# span 1 =     -0.536,      0.127       
# span 2 =     9.5218,    13.8127       
# span 3 =     70.989,    102.789       
# span 4 =      1.164,     37.869       
# span 5 =   0.764133,  21.557914       
# span 6 =    -4.5000,    13.0500       
# span 7 =    -0.1422,     9.3527       
# span 8 =    -2.1300,     3.4932       
# span 9 =    -2.0304,    14.2128       
# span 10 = 1.1590e-01, 3.1559e+02      
# span 11 =    -0.4084,    55.1130      
# span 12 =     -0.710,      8.356      
# span 13 =     -1.030,     12.119      
# span 14 =     2.7744,     7.8406      
# span 15 = 0.0000e+00, 0.0000e+00      
# interval = seconds: 0.25
# start_time = Jan 11 2023 08:45:47 [Instrument's time stamp, header]
# bad_flag = -9.990e-29
*END*
[from data line 633]
      4.565      0.116    10.0166     75.638     34.285  19.630132     5.4900     3.6878     0.2130     0.5076 1.1531e+00     5.7540      4.476      6.493     3.6246 0.0000e+00
      4.595      0.116    10.0118     75.646     34.297  19.637689     5.5800     3.6916     0.2130     0.4653 1.0682e+00     5.7239      4.506      6.536     3.6255 0.0000e+00
      4.625      0.115    10.0099     75.643     34.320  19.650884     5.5800     3.6916     0.2130     0.4653 1.0698e+00     5.8292      4.536      6.579     3.6262 0.0000e+00
      4.655      0.113    10.0102     75.624     34.337  19.661364     5.5800     3.6840     0.2130     0.4653 1.0248e+00     5.7841      4.565      6.621     3.6267 0.0000e+00
      4.683      0.111    10.0116     75.586     34.347  19.667965     5.5800     3.5162     0.2130     0.4653 1.0281e+00     5.8442      4.593      6.661     3.6272 0.0000e+00
      4.711      0.109    10.0126     75.524     34.347  19.668488     5.5800     3.4933     0.2130     0.4653 9.6260e-01     5.8893      4.620      6.701     3.6277 0.0000e+00
      4.738      0.108    10.0119     75.444     34.337  19.663073     5.5800     3.4971     0.2130     0.4653 9.5137e-01     5.8592      4.647      6.740     3.6284 0.0000e+00
      4.765      0.107    10.0092     75.360     34.327  19.658192     5.5800     3.5047     0.2130     0.4653 9.2709e-01     5.8592      4.673      6.778     3.6292 0.0000e+00
      4.792      0.108    10.0039     75.288     34.323  19.656503     5.5800     3.1995     0.2130     0.4653 9.3416e-01     5.8141      4.699      6.816     3.6300 0.0000e+00
      4.819      0.109     9.9955     75.235     34.324  19.657554     5.5800     3.2262     0.2130     0.4653 9.1607e-01     5.9344      4.726      6.854     3.6309 0.0000e+00
      4.847      0.111     9.9846     75.198     34.330  19.661625     5.5800     3.1614     0.2130     0.5499 8.1624e-01     5.7841      4.753      6.894     3.6319 0.0000e+00
      4.876      0.113     9.9733     75.171     34.336  19.665845     5.5800     3.1995     0.2130     0.5499 8.3963e-01     5.9043      4.781      6.935     3.6328 0.0000e+00
      4.905      0.114     9.9636     75.147     34.331  19.663423     5.5800     3.4894     0.2130     0.5499 7.8238e-01     5.7540      4.810      6.977     3.6336 0.0000e+00
      4.935      0.115     9.9563     75.126     34.313  19.653712     5.5800     3.4971     0.2130     0.5499 7.8221e-01     5.7540      4.839      7.019     3.6345 0.0000e+00
      4.965      0.115     9.9512     75.097     34.307  19.649956     5.5800     3.4704     0.2130     0.4653 7.3412e-01     5.8893      4.869      7.061     3.6354 0.0000e+00
      4.994      0.114     9.9473     75.048     34.324  19.659068     5.5800     3.5047     0.2130     0.4653 7.3699e-01     5.9193      4.898      7.104     3.6364 0.0000e+00
      5.024      0.113     9.9440     74.975     34.339  19.667648     5.5800     3.4399     0.2130     0.4653 6.7388e-01     5.7540      4.926      7.145     3.6371 0.0000e+00
      5.052      0.112     9.9411     74.879     34.343  19.670065     5.5800     3.4437     0.2130     0.4653 6.5241e-01     5.7991      4.955      7.186     3.6374 0.0000e+00
      5.080      0.111     9.9374     74.769     34.344  19.670924     5.5800     3.4360     0.2130     0.5499 6.6068e-01     5.8141      4.982      7.226     3.6373 0.0000e+00
      5.108      0.111     9.9310     74.652     34.335  19.666494     5.5800     3.4284     0.2130     0.5499 6.2101e-01     5.7540      5.009      7.265     3.6369 0.0000e+00
      5.135      0.111     9.9213     74.523     34.321  19.659553     5.5800     3.2606     0.2130     0.5499 6.4019e-01     6.0546      5.036      7.304     3.6366 0.0000e+00
      5.164      0.111     9.9086     74.391     34.314  19.656165     5.5800     3.2758     0.2130     0.5499 6.1336e-01     6.1147      5.064      7.344     3.6368 0.0000e+00
      5.192      0.112     9.8940     74.280     34.312  19.655428     5.5800     3.2567     0.2130     0.5076 5.9163e-01     6.0847      5.092      7.385     3.6374 0.0000e+00
      5.221      0.113     9.8782     74.194     34.321  19.661102     5.5800     3.2796     0.2130     0.5076 5.8018e-01     6.0245      5.121      7.427     3.6384 0.0000e+00
      5.251      0.113     9.8608     74.134     34.337  19.670744     5.5800     3.3826     0.2130     0.5076 5.4700e-01     6.0396      5.149      7.468     3.6396 0.0000e+00
      5.279      0.113     9.8431     74.110     34.344  19.675049     5.5800     3.3712     0.2130     0.5076 5.4321e-01     6.0245      5.177      7.509     3.6406 0.0000e+00
      5.308      0.114     9.8282     74.116     34.338  19.671208     5.5800     3.3597     0.2130     0.5076 5.0452e-01     6.0546      5.205      7.550     3.6415 0.0000e+00
      5.337      0.114     9.8166     74.134     34.323  19.662154     5.5800     3.3712     0.2130     0.5499 4.9335e-01     6.0396      5.234      7.591     3.6423 0.0000e+00
      5.366      0.114     9.8085     74.146     34.315  19.657348     5.5800     3.2758     0.2130     0.5499 5.0190e-01     5.7540      5.262      7.632     3.6429 0.0000e+00
      5.395      0.115     9.8053     74.135     34.319  19.659466     5.5800     3.2567     0.2130     0.5499 4.8149e-01     5.8592      5.291      7.674     3.6431 0.0000e+00
      5.424      0.116     9.8061     74.089     34.321  19.661156     5.5800     3.2300     0.2130     0.5499 4.5475e-01     5.7841      5.320      7.715     3.6428 0.0000e+00
      5.454      0.117     9.8086     74.012     34.324  19.662869     5.5800     3.2453     0.2130     0.5076 4.4876e-01     5.7390      5.348      7.757     3.6422 0.0000e+00
      5.483      0.118     9.8104     73.909     34.334  19.669020     5.5800     3.0508     0.2130     0.5076 4.8107e-01     5.6638      5.377      7.799     3.6416 0.0000e+00
      5.514      0.119     9.8089     73.778     34.347  19.677292     5.5800     3.0584     0.2130     0.5076 4.2484e-01     5.7991      5.407      7.843     3.6415 0.0000e+00
      5.545      0.119     9.8027     73.624     34.361  19.685931     5.5800     3.0660     0.2130     0.5076 4.1870e-01     5.8592      5.438      7.887     3.6420 0.0000e+00
      5.576      0.120     9.7924     73.463     34.373  19.693284     5.5800     3.0584     0.2130     0.5076 3.9959e-01     5.7390      5.468      7.930     3.6426 0.0000e+00
      5.606      0.120     9.7787     73.307     34.372  19.693395     5.5800     3.2644     0.2130     0.5076 3.9717e-01     6.0847      5.497      7.973     3.6431 0.0000e+00
      5.636      0.120     9.7610     73.165     34.358  19.686293     5.5800     3.2606     0.2130     0.5076 3.7986e-01     6.0847      5.527      8.016     3.6438 0.0000e+00
      5.666      0.121     9.7404     73.038     34.349  19.681960     5.5800     3.2720     0.2130     0.5076 3.7226e-01     5.9795      5.556      8.059     3.6449 0.0000e+00
      5.697      0.122     9.7188     72.926     34.357  19.687157     5.5800     3.2758     0.2130     0.5076 3.6680e-01     6.0396      5.587      8.103     3.6460 0.0000e+00
      5.729      0.123     9.6980     72.832     34.377  19.699309     5.5800     3.1309     0.2130     0.4653 3.7920e-01     5.7841      5.618      8.148     3.6469 0.0000e+00
      5.760      0.125     9.6789     72.763     34.393  19.709785     5.5800     3.1270     0.2130     0.4653 3.4313e-01     5.9193      5.649      8.193     3.6478 0.0000e+00
      5.792      0.126     9.6619     72.729     34.385  19.705544     5.5800     3.1347     0.2130     0.4653 3.3408e-01     5.8592      5.680      8.238     3.6487 0.0000e+00
      5.824      0.127     9.6469     72.731     34.358  19.689414     5.5800     3.1270     0.2130     0.4653 3.2804e-01     5.8442      5.711      8.283     3.6497 0.0000e+00
      5.857      0.127     9.6340     72.763     34.337  19.676884     5.6700     3.0736     0.2130     0.4653 3.0827e-01     6.1748      5.743      8.330     3.6511 0.0000e+00
      5.890      0.127     9.6246     72.811     34.338  19.676488     5.6700     3.0660     0.2130     0.4653 3.1320e-01     6.0245      5.776      8.377     3.6525 0.0000e+00
      5.923      0.126     9.6199     72.872     34.360  19.688119     5.6700     3.0813     0.2130     0.4653 2.6345e-01     6.0847      5.808      8.424     3.6531 0.0000e+00
      5.955      0.124     9.6203     72.943     34.380  19.699048     5.6700     3.0813     0.2130     0.4653 2.4501e-01     6.0847      5.840      8.470     3.6527 0.0000e+00
      5.986      0.123     9.6248     73.021     34.389  19.704271     5.5800     2.9325     0.2130     0.3384 2.5550e-01     5.7841      5.870      8.514     3.6515 0.0000e+00
      6.017      0.121     9.6316     73.105     34.389  19.705182     5.5800     2.9439     0.2130     0.3384 2.6512e-01     5.7841      5.901      8.558     3.6500 0.0000e+00
      6.047      0.120     9.6399     73.195     34.375  19.698065     5.5800     2.9249     0.2130     0.3384 2.4780e-01     5.9043      5.930      8.601     3.6487 0.0000e+00
      6.077      0.120     9.6494     73.299     34.363  19.692897     5.5800     2.9439     0.2130     0.3384 2.5001e-01     5.8442      5.960      8.644     3.6481 0.0000e+00
      6.108      0.120     9.6597     73.426     34.366  19.696217     5.5800     3.0279     0.2556     0.5076 2.4437e-01     6.0396      5.990      8.687     3.6485 0.0000e+00
      6.139      0.120     9.6705     73.584     34.365  19.697034     5.5800     2.9783     0.2556     0.5076 2.3261e-01     6.0396      6.020      8.731     3.6497 0.0000e+00
      6.169      0.120     9.6821     73.774     34.352  19.691609     5.5800     2.9897     0.2556     0.5076 1.9914e-01     6.0546      6.050      8.775     3.6513 0.0000e+00
      6.200      0.119     9.6952     73.994     34.347  19.690371     5.5800     3.0088     0.2556     0.5076 2.0821e-01     6.0847      6.080      8.819     3.6533 0.0000e+00
      6.230      0.119     9.7115     74.238     34.355  19.696946     5.5800     3.0736     0.2556     0.5076 2.5357e-01     6.0245      6.110      8.862     3.6555 0.0000e+00
      6.260      0.119     9.7318     74.504     34.360  19.701214     5.5800     3.0660     0.1704     0.5499 1.7253e-01     6.0546      6.140      8.905     3.6579 0.0000e+00
      6.291      0.118     9.7562     74.786     34.356  19.700355     5.5800     3.0469     0.1704     0.5499 1.8407e-01     6.1748      6.169      8.947     3.6605 0.0000e+00
      6.321      0.118     9.7846     75.070     34.350  19.698097     5.5800     3.0660     0.1704     0.5499 1.7283e-01     5.9945      6.199      8.990     3.6633 0.0000e+00
      6.351      0.119     9.8163     75.345     34.341  19.693839     5.5800     2.9401     0.1704     0.5499 1.7033e-01     6.0396      6.228      9.033     3.6659 0.0000e+00
      6.381      0.119     9.8508     75.602     34.336  19.690404     5.5800     2.9363     0.2130     0.5922 1.6077e-01     6.0245      6.258      9.076     3.6681 0.0000e+00
      6.411      0.120     9.8875     75.828     34.338  19.690834     5.5800     2.9363     0.2130     0.5922 1.7291e-01     6.0245      6.287      9.119     3.6701 0.0000e+00
      6.442      0.120     9.9246     76.008     34.341  19.691285     5.5800     2.9210     0.2130     0.5922 1.7609e-01     6.0245      6.317      9.162     3.6719 0.0000e+00
      6.473      0.119     9.9606     76.129     34.336  19.687918     5.5800     3.2567     0.2130     0.5922 1.6722e-01     6.0847      6.348      9.207     3.6729 0.0000e+00
      6.504      0.119     9.9947     76.181     34.328  19.683795     5.5800     3.2453     0.2130     0.5499 1.2642e-01     6.0396      6.378      9.251     3.6727 0.0000e+00
      6.534      0.118    10.0251     76.163     34.323  19.681773     5.5800     3.2262     0.2130     0.5499 1.3464e-01     6.0847      6.408      9.294     3.6712 0.0000e+00
      6.564      0.118    10.0493     76.078     34.334  19.689230     5.5800     3.2224     0.2130     0.5499 1.4078e-01     6.0847      6.437      9.336     3.6696 0.0000e+00
      6.594      0.117    10.0654     75.930     34.365  19.708155     5.5800     3.1805     0.2130     0.5499 1.2330e-01     5.9945      6.466      9.378     3.6689 0.0000e+00
      6.623      0.117    10.0722     75.740     34.390  19.723803     5.5800     3.2033     0.2130     0.5076 1.2979e-01     6.0396      6.495      9.420     3.6693 0.0000e+00
      6.653      0.118    10.0695     75.533     34.397  19.728473     5.5800     3.1843     0.2130     0.5076 1.2645e-01     5.9945      6.524      9.462     3.6704 0.0000e+00
      6.683      0.119    10.0578     75.336     34.387  19.723411     5.5800     3.1919     0.2130     0.5076 1.3207e-01     6.0696      6.553      9.505     3.6720 0.0000e+00
      6.713      0.120    10.0378     75.172     34.367  19.711224     5.5800     3.1766     0.2130     0.5076 1.2656e-01     6.0546      6.583      9.548     3.6738 0.0000e+00
      6.743      0.120    10.0122     75.046     34.344  19.696579     5.5800     3.1957     0.2130     0.5076 1.2596e-01     6.0847      6.613      9.592     3.6756 0.0000e+00
      6.775      0.120     9.9844     74.943     34.330  19.687444     5.5800     3.1881     0.2130     0.5076 1.1617e-01     6.0095      6.644      9.636     3.6769 0.0000e+00
      6.806      0.120     9.9584     74.848     34.341  19.693260     5.5800     3.1576     0.2130     0.5076 1.1628e-01     5.9644      6.675      9.681     3.6772 0.0000e+00
      6.837      0.118     9.9371     74.747     34.372  19.711617     5.5800     3.2567     0.2130     0.5076 1.1630e-01     5.9494      6.705      9.725     3.6761 0.0000e+00
      6.867      0.116     9.9208     74.630     34.397  19.727621     5.5800     3.2567     0.2130     0.5076 1.2047e-01     5.8592      6.734      9.767     3.6743 0.0000e+00
      6.896      0.114     9.9076     74.491     34.404  19.733665     5.5800     3.2224     0.2130     0.5499 1.1617e-01     5.8592      6.763      9.809     3.6728 0.0000e+00
      6.925      0.113     9.8952     74.333     34.404  19.735319     5.5800     3.2796     0.2130     0.5499 1.1623e-01     5.8893      6.791      9.850     3.6724 0.0000e+00
      6.953      0.112     9.8816     74.173     34.395  19.733023     5.5800     3.1995     0.2130     0.5499 1.1610e-01     5.9043      6.819      9.889     3.6735 0.0000e+00
      6.981      0.112     9.8656     74.033     34.372  19.722209     5.5800     3.2072     0.2130     0.5499 1.1612e-01     5.7540      6.846      9.929     3.6755 0.0000e+00
      7.009      0.112     9.8465     73.932     34.349  19.711865     5.5800     3.1766     0.2130     0.5499 1.1612e-01     5.8141      6.873      9.969     3.6782 0.0000e+00
      7.037      0.113     9.8248     73.884     34.343  19.711109     5.5800     3.1919     0.2130     0.5499 1.1610e-01     5.8893      6.901     10.010     3.6812 0.0000e+00
      7.067      0.114     9.8028     73.892     34.346  19.715780     5.5800     3.1385     0.2130     0.5499 1.1607e-01     6.0847      6.930     10.051     3.6847 0.0000e+00
      7.096      0.114     9.7832     73.961     34.353  19.723167     5.5800     3.0088     0.2130     0.5499 1.1620e-01     6.0245      6.959     10.094     3.6885 0.0000e+00
      7.126      0.114     9.7688     74.095     34.362  19.731280     5.5800     2.9859     0.2130     0.5076 1.1623e-01     6.0245      6.988     10.136     3.6925 0.0000e+00
      7.155      0.113     9.7615     74.294     34.375  19.742284     5.5800     3.0126     0.2130     0.5076 1.1615e-01     6.0847      7.017     10.177     3.6965 0.0000e+00
      7.184      0.112     9.7615     74.557     34.392  19.755155     5.5800     3.0240     0.2130     0.5076 1.1623e-01     6.0095      7.045     10.217     3.7008 0.0000e+00
      7.212      0.112     9.7694     74.878     34.390  19.757493     5.5800     3.0012     0.2130     0.5076 1.1625e-01     5.7690      7.072     10.258     3.7054 0.0000e+00
