Data/DataNotYetUploadedToEDI/Raw_CTD/RawDownloads/011123_fcr50_S8188002.cnv
* Sea-Bird SBE19plus  Data File:
* FileName = C:\R\Reservoirs\Data\DataNotYetUploadedToEDI\Raw_CTD\RawDownloads\011123_fcr50_S8188_0002.hex
* Software version 2.8.0.119
* Temperature SN = 8188
* Conductivity SN = 8188
* System UpLoad Time = Mar 20 2023 14:54:50
* <ApplicationData>
* <Seaterm232>
# nquan = 16
# nvalues = 1159                        
# units = specified
# name 0 = depFM: Depth [fresh water, m]
# name 1 = dz/dtM: Descent Rate [m/s]
# name 2 = sbeox0Mg/L: Oxygen, SBE 43 [mg/l]
# name 3 = sbeox0PS: Oxygen, SBE 43 [% saturation]
# name 4 = specc: Specific Conductance [uS/cm]
# name 5 = c0uS/cm: Conductivity [uS/cm]
# name 6 = wetCDOM: Fluorescence, WET Labs CDOM [mg/m^3]
# name 7 = flECO-AFL: Fluorescence, WET Labs ECO-AFL/FL [mg/m^3]
# name 8 = flECO-AFL1: Fluorescence, WET Labs ECO-AFL/FL, 2 [mg/m^3]
# name 9 = flECO-AFL2: Fluorescence, WET Labs ECO-AFL/FL, 3 [mg/m^3]
# name 10 = par/sat/log: PAR/Logarithmic, Satlantic
# name 11 = turbWETntu0: Turbidity, WET Labs ECO [NTU]
# name 12 = prdM: Pressure, Strain Gauge [db]
# name 13 = prdE: Pressure, Strain Gauge [psi]
# name 14 = tv290C: Temperature [ITS-90, deg C]
# name 15 = flag:  0.000e+00
# span 0 =     -0.654,      9.548       
# span 1 =     -0.521,      0.126       
# span 2 =     7.9477,    13.2191       
# span 3 =     61.558,    102.120       
# span 4 =   -672.602,    315.935       
# span 5 =-399.054521, 187.341896       
# span 6 =    -4.5000,    55.7100       
# span 7 =    -0.2109,     7.2317       
# span 8 =    -2.1300,     2.8542       
# span 9 =    -2.0304,    26.0145       
# span 10 = 1.2500e-01, 3.2210e+02      
# span 11 =    -0.3933,    81.1301      
# span 12 =     -0.642,      9.364      
# span 13 =     -0.931,     13.581      
# span 14 =     4.1976,     4.9117      
# span 15 = 0.0000e+00, 0.0000e+00      
# interval = seconds: 0.25
# start_time = Jan 11 2023 10:00:22 [Instrument's time stamp, header]
# bad_flag = -9.990e-29
*END*
[from data line 362]
     -0.082      0.000    12.7298     98.485     38.852  22.951697     4.3200     1.9521     0.0426     0.5076 3.0800e+02     1.3502     -0.081     -0.117     4.5357 0.0000e+00
     -0.082      0.000    12.7296     98.494     38.867  22.961331     4.3200     1.9521     0.0426     0.5076 3.0747e+02     1.4253     -0.081     -0.117     4.5356 0.0000e+00
     -0.082      0.000    12.7285     98.517     38.885  22.972279     4.3200     2.0093     0.0426     0.5076 3.0753e+02     1.4554     -0.081     -0.117     4.5357 0.0000e+00
     -0.082      0.000    12.7277     98.560     38.897  22.979541     4.3200     2.0398     0.0852     0.4653 3.0787e+02     1.2901     -0.081     -0.117     4.5360 0.0000e+00
     -0.082      0.000    12.7277     98.622     38.900  22.981095     4.3200     2.0131     0.0852     0.4653 3.0780e+02     1.3502     -0.081     -0.117     4.5364 0.0000e+00
     -0.082      0.000    12.7287     98.692     38.900  22.981314     4.3200     2.0208     0.0852     0.4653 3.0693e+02     1.3953     -0.081     -0.117     4.5368 0.0000e+00
     -0.082      0.000    12.7315     98.755     38.904  22.984217     4.3200     1.9521     0.0852     0.4653 3.0687e+02     1.3051     -0.081     -0.117     4.5372 0.0000e+00
     -0.082      0.000    12.7370     98.803     38.908  22.986617     4.3200     1.9712     0.0852     0.4653 3.0713e+02     1.3652     -0.081     -0.117     4.5376 0.0000e+00
     -0.082      0.000    12.7449     98.842     38.905  22.985196     4.2300     1.9750     0.0426     0.4653 3.0687e+02     1.3953     -0.081     -0.117     4.5378 0.0000e+00
     -0.082      0.000    12.7539     98.870     38.895  22.979575     4.2300     1.9635     0.0426     0.4653 3.0693e+02     1.3802     -0.081     -0.117     4.5381 0.0000e+00
     -0.082      0.000    12.7619     98.880     38.883  22.972215     4.2300     1.9635     0.0426     0.4653 3.0693e+02     1.4253     -0.081     -0.117     4.5384 0.0000e+00
     -0.082      0.000    12.7680     98.867     38.877  22.969069     4.2300     1.9597     0.0426     0.4653 3.0693e+02     1.3351     -0.081     -0.117     4.5387 0.0000e+00
     -0.082      0.000    12.7729     98.840     38.878  22.969299     4.2300     1.9712     0.0426     0.4653 3.0720e+02     1.4554     -0.081     -0.117     4.5390 0.0000e+00
     -0.082      0.000    12.7766     98.795     38.877  22.969007     4.2300     1.9788     0.0426     0.4653 3.0713e+02     1.3802     -0.081     -0.117     4.5393 0.0000e+00
     -0.082      0.000    12.7777     98.729     38.876  22.968117     4.2300     1.8720     0.0426     0.4653 3.0653e+02     1.3051     -0.081     -0.117     4.5394 0.0000e+00
     -0.082      0.000    12.7761     98.637     38.873  22.966390     4.2300     1.9025     0.0426     0.4653 3.0707e+02     1.4854     -0.081     -0.117     4.5396 0.0000e+00
     -0.082      0.000    12.7725     98.522     38.868  22.963366     4.2300     1.8949     0.0426     0.4653 3.0673e+02     1.3953     -0.081     -0.117     4.5397 0.0000e+00
     -0.082      0.000    12.7668     98.403     38.859  22.958238     4.2300     1.9101     0.0426     0.4653 3.0733e+02     1.3652     -0.081     -0.117     4.5397 0.0000e+00
     -0.082      0.000    12.7582     98.305     38.852  22.953598     4.2300     2.0055     0.0426     0.4653 3.0693e+02     1.3051     -0.081     -0.117     4.5396 0.0000e+00
     -0.082      0.000    12.7464     98.249     38.850  22.952168     4.2300     2.0170     0.0426     0.4653 3.0687e+02     1.4103     -0.081     -0.117     4.5394 0.0000e+00
     -0.082      0.000    12.7316     98.252     38.854  22.953566     4.2300     2.0284     0.0426     0.4653 3.0700e+02     1.3652     -0.081     -0.117     4.5394 0.0000e+00
     -0.082      0.000    12.7162     98.318     38.863  22.958164     4.2300     2.0284     0.0426     0.4230 3.0713e+02     1.3652     -0.080     -0.117     4.5393 0.0000e+00
     -0.082      0.000    12.7037     98.422     38.872  22.963230     4.2300     1.9521     0.0426     0.4230 3.0633e+02     1.4554     -0.080     -0.117     4.5390 0.0000e+00
     -0.082      0.000    12.6967     98.524     38.878  22.966156     4.2300     1.9788     0.0426     0.4230 3.0667e+02     1.3351     -0.080     -0.117     4.5383 0.0000e+00
     -0.082      0.000    12.6973     98.598     38.881  22.967722     4.2300     1.9635     0.0426     0.4230 3.0640e+02     1.5005     -0.080     -0.117     4.5374 0.0000e+00
     -0.082      0.000    12.7061     98.629     38.883  22.968346     4.2300     1.9750     0.0426     0.5076 3.0660e+02     1.3953     -0.080     -0.116     4.5367 0.0000e+00
     -0.082      0.001    12.7197     98.615     38.883  22.968195     4.2300     2.0742     0.0426     0.5076 3.0613e+02     1.4554     -0.080     -0.116     4.5361 0.0000e+00
     -0.081      0.001    12.7331     98.564     38.881  22.967227     4.2300     2.0665     0.0426     0.5076 3.0667e+02     1.4103     -0.079     -0.116     4.5356 0.0000e+00
     -0.081      0.001    12.7428     98.492     38.878  22.965186     4.2300     2.0780     0.0426     0.5076 3.0653e+02     1.3201     -0.079     -0.116     4.5350 0.0000e+00
     -0.081      0.001    12.7471     98.425     38.871  22.961526     4.2300     2.0818     0.0426     0.5499 3.0640e+02     1.4253     -0.079     -0.116     4.5344 0.0000e+00
     -0.081      0.001    12.7454     98.376     38.868  22.959230     4.2300     2.1428     0.0426     0.5499 3.0620e+02     1.4253     -0.079     -0.115     4.5341 0.0000e+00
     -0.080      0.002    12.7387     98.349     38.872  22.961646     4.2300     2.1581     0.0426     0.5499 3.0647e+02     1.5005     -0.078     -0.115     4.5341 0.0000e+00
     -0.080      0.002    12.7294     98.346     38.879  22.965458     4.2300     2.1505     0.0426     0.5499 3.0647e+02     1.3802     -0.078     -0.114     4.5342 0.0000e+00
     -0.079      0.003    12.7207     98.360     38.882  22.967724     4.2300     2.1810     0.0426     0.4230 3.0613e+02     1.3051     -0.077     -0.113     4.5342 0.0000e+00
     -0.078      0.004    12.7144     98.385     38.884  22.969048     4.2300     2.0780     0.0426     0.4230 3.0607e+02     1.4554     -0.077     -0.112     4.5340 0.0000e+00
     -0.077      0.005    12.7111     98.419     38.885  22.969784     4.2300     2.0818     0.0426     0.4230 3.0633e+02     1.3953     -0.076     -0.110     4.5337 0.0000e+00
     -0.076      0.007    12.7106     98.458     38.885  22.970128     4.2300     2.0665     0.0426     0.4230 3.0593e+02     1.4704     -0.074     -0.108     4.5337 0.0000e+00
     -0.074      0.008    12.7124     98.499     38.885  22.970171     4.2300     2.1009     0.0426     0.4230 3.0573e+02     1.3953     -0.073     -0.106     4.5339 0.0000e+00
     -0.072      0.011    12.7156     98.547     38.885  22.969925     4.3200     2.0742     0.0426     0.4653 3.0534e+02     1.3652     -0.070     -0.103     4.5342 0.0000e+00
     -0.069      0.014    12.7198     98.605     38.885  22.969325     4.3200     2.0818     0.0426     0.4653 3.0547e+02     1.3051     -0.068     -0.099     4.5345 0.0000e+00
     -0.066      0.018    12.7248     98.672     38.885  22.968209     4.3200     2.0856     0.0426     0.4653 3.0580e+02     1.3652     -0.064     -0.093     4.5347 0.0000e+00
     -0.061      0.022    12.7301     98.751     38.885  22.966282     4.3200     2.0894     0.0426     0.4653 3.0494e+02     1.4103     -0.060     -0.087     4.5348 0.0000e+00
     -0.055      0.027    12.7364     98.834     38.883  22.963028     4.3200     2.0704     0.0426     0.5076 3.0554e+02     1.4103     -0.054     -0.078     4.5345 0.0000e+00
     -0.048      0.032    12.7441     98.902     38.877  22.957581     4.3200     2.0856     0.0426     0.5076 3.0600e+02     1.3051     -0.047     -0.068     4.5336 0.0000e+00
     -0.038      0.038    12.7534     98.960     38.872  22.952447     4.3200     2.1085     0.0426     0.5076 2.5395e+02     1.3802     -0.038     -0.055     4.5320 0.0000e+00
     -0.028      0.043    12.7644     99.024     38.880  22.954173     4.3200     2.0894     0.0426     0.5076 2.1357e+02     1.4103     -0.027     -0.040     4.5297 0.0000e+00
     -0.016      0.047    12.7759     99.093     38.901  22.963219     4.2300     2.1505     0.0426     0.5076 1.8264e+02     1.3351     -0.016     -0.023     4.5272 0.0000e+00
     -0.003      0.051    12.7856     99.156     38.917  22.970123     4.2300     2.1352     0.0426     0.5076 1.9388e+02     1.3351     -0.003     -0.005     4.5246 0.0000e+00
      0.010      0.055    12.7941     99.215     38.919  22.968806     4.2300     2.1657     0.0426     0.5076 1.8015e+02     1.3652      0.010      0.015     4.5215 0.0000e+00
      0.025      0.057    12.8036     99.288     38.913  22.962877     4.2300     2.1352     0.0426     0.5076 1.6642e+02     1.4404      0.024      0.035     4.5179 0.0000e+00
      0.040      0.059    12.8137     99.393     38.902  22.954714     4.3200     2.2802     0.0426     0.5076 1.7770e+02     1.4854      0.039      0.057     4.5140 0.0000e+00
      0.056      0.060    12.8232     99.529     38.891  22.946097     4.3200     2.2649     0.0426     0.5076 1.7096e+02     1.4103      0.055      0.080     4.5104 0.0000e+00
      0.072      0.060    12.8318     99.694     38.881  22.938689     4.3200     2.2573     0.0426     0.5076 1.6433e+02     1.4854      0.070      0.102     4.5073 0.0000e+00
      0.088      0.060    12.8421     99.885     38.870  22.930512     4.3200     2.2840     0.0426     0.5076 1.7552e+02     1.3652      0.086      0.125     4.5046 0.0000e+00
      0.103      0.059    12.8567    100.099     38.860  22.923346     4.3200     2.4518     0.0426     0.5076 1.6555e+02     1.2450      0.101      0.147     4.5020 0.0000e+00
      0.118      0.058    12.8751    100.329     38.855  22.919239     4.3200     2.4442     0.0426     0.6345 1.5837e+02     1.3351      0.116      0.168     4.4995 0.0000e+00
      0.133      0.056    12.8971    100.562     38.852  22.917095     4.3200     2.4709     0.0426     0.6345 1.5728e+02     1.3802      0.130      0.189     4.4972 0.0000e+00
      0.147      0.054    12.9225    100.781     38.851  22.916342     4.3200     2.4442     0.0426     0.6345 1.5659e+02     1.3652      0.143      0.209     4.4954 0.0000e+00
      0.160      0.053    12.9507    100.977     38.852  22.916779     4.3200     2.1581     0.0426     0.6345 1.5796e+02     1.4854      0.157      0.228     4.4938 0.0000e+00
      0.173      0.052    12.9809    101.150     38.854  22.918524     4.2300     2.1695     0.0852     0.4653 1.6376e+02     1.2450      0.170      0.247     4.4926 0.0000e+00
      0.186      0.051    13.0113    101.295     38.860  22.922041     4.2300     2.1543     0.0852     0.4653 1.5700e+02     1.3953      0.182      0.265     4.4918 0.0000e+00
      0.199      0.050    13.0397    101.415     38.865  22.924311     4.2300     2.1428     0.0852     0.4653 1.5230e+02     1.3351      0.195      0.283     4.4916 0.0000e+00
      0.211      0.049    13.0649    101.517     38.862  22.921978     4.2300     2.3183     0.0852     0.4653 1.5147e+02     1.5907      0.207      0.301     4.4918 0.0000e+00
      0.224      0.048    13.0872    101.603     38.857  22.918381     4.3200     2.3374     0.0852     0.5076 1.5184e+02     1.6508      0.219      0.318     4.4920 0.0000e+00
      0.236      0.048    13.1061    101.674     38.857  22.916518     4.3200     2.3450     0.0852     0.5076 1.4919e+02     1.5456      0.232      0.336     4.4918 0.0000e+00
      0.248      0.048    13.1217    101.734     38.860  22.915892     4.3200     2.3412     0.0852     0.5076 1.5246e+02     1.6508      0.243      0.353     4.4915 0.0000e+00
      0.260      0.048    13.1352    101.786     38.863  22.916337     4.3200     2.3946     0.0852     0.5076 1.5256e+02     1.3652      0.255      0.369     4.4907 0.0000e+00
      0.272      0.049    13.1469    101.839     38.866  22.917971     4.3200     2.4022     0.0426     0.4653 1.4997e+02     1.3953      0.266      0.386     4.4891 0.0000e+00
      0.284      0.050    13.1570    101.894     38.871  22.921229     4.3200     2.3946     0.0426     0.4653 1.4932e+02     1.3953      0.279      0.404     4.4867 0.0000e+00
      0.297      0.050    13.1655    101.952     38.875  22.923023     4.3200     2.4213     0.0426     0.4653 1.4835e+02     1.4103      0.291      0.423     4.4841 0.0000e+00
      0.310      0.050    13.1729    102.012     38.872  22.919871     4.3200     2.5930     0.0426     0.4653 1.4406e+02     1.2901      0.304      0.442     4.4825 0.0000e+00
      0.324      0.050    13.1798    102.066     38.866  22.914892     4.3200     2.5739     0.0426     0.4653 1.4235e+02     1.4554      0.317      0.460     4.4820 0.0000e+00
      0.337      0.048    13.1869    102.108     38.861  22.910716     4.3200     2.5625     0.0426     0.5499 1.3820e+02     1.3051      0.330      0.479     4.4821 0.0000e+00
      0.349      0.046    13.1947    102.120     38.860  22.908210     4.3200     2.5854     0.0426     0.5499 1.3700e+02     1.3502      0.342      0.496     4.4817 0.0000e+00
      0.360      0.044    13.2028    102.071     38.864  22.908684     4.3200     2.4595     0.0426     0.5499 1.3605e+02     1.6357      0.353      0.513     4.4804 0.0000e+00
      0.371      0.042    13.2105    101.932     38.870  22.910285     4.3200     2.4518     0.0426     0.5499 1.3605e+02     1.6808      0.364      0.528     4.4784 0.0000e+00
      0.381      0.040    13.2167    101.670     38.875  22.911462     4.3200     2.4366     0.0852     0.5499 1.3567e+02     1.5606      0.374      0.542     4.4762 0.0000e+00
      0.391      0.039    13.2191    101.230     38.879  22.912527     4.3200     2.4518     0.0852     0.5499 1.3647e+02     1.6207      0.383      0.556     4.4739 0.0000e+00
      0.400      0.037    13.2136    100.574     38.885  22.915745     4.3200     2.3832     0.0852     0.5499 1.3368e+02     1.4554      0.392      0.569     4.4714 0.0000e+00
      0.409      0.036    13.1965     99.713     38.892  22.919992     4.3200     2.3870     0.0852     0.5499 1.3359e+02     1.5305      0.402      0.583     4.4689 0.0000e+00
      0.419      0.036    13.1633     98.703     38.893  22.920465     4.3200     2.3870     0.0426     0.4230 1.3322e+02     1.4253      0.411      0.596     4.4668 0.0000e+00
      0.428      0.035    13.1068     97.604     38.891  22.919269     4.3200     2.3984     0.0426     0.4230 1.3247e+02     1.3351      0.420      0.608     4.4655 0.0000e+00
      0.436      0.035    13.0219     96.429     38.893  22.920043     4.3200     2.5701     0.0426     0.4230 1.3178e+02     1.3802      0.428      0.621     4.4650 0.0000e+00
      0.445      0.035    12.9106     95.144     38.899  22.922994     4.3200     2.5701     0.0426     0.4230 1.3135e+02     1.4253      0.436      0.633     4.4648 0.0000e+00
      0.453      0.035    12.7799     93.716     38.904  22.924950     4.3200     2.5930     0.0426     0.4653 1.3089e+02     1.3051      0.445      0.645     4.4646 0.0000e+00
      0.462      0.035    12.6376     92.136     38.901  22.922474     4.3200     2.5548     0.0426     0.4653 1.3016e+02     1.3953      0.453      0.658     4.4643 0.0000e+00
      0.471      0.036    12.4856     90.393     38.897  22.918865     4.3200     2.5586     0.0426     0.4653 1.2861e+02     1.3652      0.462      0.671     4.4639 0.0000e+00
      0.481      0.036    12.3193     88.489     38.897  22.917118     4.3200     2.6082     0.0426     0.4653 1.2853e+02     1.4554      0.472      0.684     4.4634 0.0000e+00
      0.490      0.035    12.1347     86.464     38.899  22.916767     4.3200     2.5586     0.0426     0.4653 1.2689e+02     1.3953      0.481      0.698     4.4626 0.0000e+00
