Data/DataNotYetUploadedToEDI/Raw_CTD/RawDownloads/011123_fcr50_S8188002.cnv
* Sea-Bird SBE19plus  Data File:
* FileName = C:\R\Reservoirs\Data\DataNotYetUploadedToEDI\Raw_CTD\RawDownloads\011123_fcr50_S8188_0002.hex
* Software version 2.8.0.119
* Temperature SN = 8188
* Conductivity SN = 8188
* System UpLoad Time = Mar 20 2023 14:54:50
* <ApplicationData>
* <Seaterm232>
# nquan = 16
# nvalues = 1159                        
# units = specified
# name 0 = depFM: Depth [fresh water, m]
# name 1 = dz/dtM: Descent Rate [m/s]
# name 2 = sbeox0Mg/L: Oxygen, SBE 43 [mg/l]
# name 3 = sbeox0PS: Oxygen, SBE 43 [% saturation]
# name 4 = specc: Specific Conductance [uS/cm]
# name 5 = c0uS/cm: Conductivity [uS/cm]
# name 6 = wetCDOM: Fluorescence, WET Labs CDOM [mg/m^3]
# name 7 = flECO-AFL: Fluorescence, WET Labs ECO-AFL/FL [mg/m^3]
# name 8 = flECO-AFL1: Fluorescence, WET Labs ECO-AFL/FL, 2 [mg/m^3]
# name 9 = flECO-AFL2: Fluorescence, WET Labs ECO-AFL/FL, 3 [mg/m^3]
# name 10 = par/sat/log: PAR/Logarithmic, Satlantic
# name 11 = turbWETntu0: Turbidity, WET Labs ECO [NTU]
# name 12 = prdM: Pressure, Strain Gauge [db]
# name 13 = prdE: Pressure, Strain Gauge [psi]
# name 14 = tv290C: Temperature [ITS-90, deg C]
# name 15 = flag:  0.000e+00
# span 0 =     -0.654,      9.548       
# span 1 =     -0.521,      0.126       
# span 2 =     7.9477,    13.2191       
# span 3 =     61.558,    102.120       
# span 4 =   -672.602,    315.935       
# span 5 =-399.054521, 187.341896       
# span 6 =    -4.5000,    55.7100       
# span 7 =    -0.2109,     7.2317       
# span 8 =    -2.1300,     2.8542       
# span 9 =    -2.0304,    26.0145       
# span 10 = 1.2500e-01, 3.2210e+02      
# span 11 =    -0.3933,    81.1301      
# span 12 =     -0.642,      9.364      
# span 13 =     -0.931,     13.581      
# span 14 =     4.1976,     4.9117      
# span 15 = 0.0000e+00, 0.0000e+00      
# interval = seconds: 0.25
# start_time = Jan 11 2023 10:00:22 [Instrument's time stamp, header]
# bad_flag = -9.990e-29
*END*
[from data line 543]
      1.309      0.047     8.9706     69.175     38.957  22.880470     4.3200     2.6006     0.0426     0.4653 6.9398e+01     1.5606      1.283      1.861     4.3715 0.0000e+00
      1.320      0.047     8.9716     69.216     38.955  22.878467     4.3200     2.5434     0.0426     0.5076 6.8888e+01     1.7410      1.295      1.878     4.3698 0.0000e+00
      1.332      0.048     8.9734     69.289     38.949  22.875469     4.3200     2.3984     0.0426     0.5076 6.8529e+01     1.5907      1.306      1.895     4.3683 0.0000e+00
      1.345      0.048     8.9761     69.411     38.946  22.874635     4.3200     2.3984     0.0426     0.5076 6.7377e+01     1.5907      1.319      1.913     4.3668 0.0000e+00
      1.357      0.047     8.9799     69.590     38.953  22.879701     4.3200     2.4213     0.0426     0.5076 6.5715e+01     1.5907      1.331      1.931     4.3654 0.0000e+00
      1.370      0.047     8.9854     69.827     38.963  22.886082     4.3200     2.3832     0.0426     0.5076 6.5458e+01     1.5606      1.343      1.949     4.3645 0.0000e+00
      1.382      0.046     8.9947     70.124     38.969  22.889539     4.3200     2.6464     0.0426     0.4230 6.5543e+01     1.5606      1.355      1.966     4.3648 0.0000e+00
      1.393      0.045     9.0103     70.476     38.972  22.890995     4.3200     2.6578     0.0426     0.4230 6.5005e+01     1.6959      1.366      1.982     4.3663 0.0000e+00
      1.404      0.045     9.0331     70.868     38.973  22.890837     4.3200     2.6311     0.0426     0.4230 6.4246e+01     1.7710      1.377      1.998     4.3678 0.0000e+00
      1.416      0.044     9.0637     71.282     38.971  22.889025     4.3200     2.6197     0.0426     0.4230 6.3926e+01     1.6959      1.388      2.013     4.3684 0.0000e+00
      1.427      0.043     9.1024     71.700     38.961  22.883095     4.3200     2.3870     0.0426     0.4653 6.3359e+01     1.3652      1.399      2.029     4.3683 0.0000e+00
      1.438      0.043     9.1482     72.123     38.947  22.875424     4.3200     2.4022     0.0426     0.4653 6.2497e+01     1.3953      1.410      2.045     4.3676 0.0000e+00
      1.449      0.042     9.1993     72.566     38.941  22.871886     4.3200     2.4137     0.0426     0.4653 6.2253e+01     1.3953      1.421      2.061     4.3667 0.0000e+00
      1.460      0.042     9.2532     73.043     38.943  22.873514     4.3200     2.3870     0.0426     0.4653 6.1607e+01     1.3351      1.431      2.076     4.3661 0.0000e+00
      1.470      0.041     9.3076     73.558     38.952  22.878766     4.3200     2.4442     0.0426     0.4653 6.1234e+01     1.5305      1.442      2.091     4.3658 0.0000e+00
      1.481      0.040     9.3624     74.108     38.956  22.881123     4.3200     2.4442     0.0426     0.4653 6.0862e+01     1.4554      1.452      2.106     4.3660 0.0000e+00
      1.491      0.040     9.4198     74.678     38.946  22.875275     4.3200     2.4518     0.0426     0.4653 6.0375e+01     1.3652      1.462      2.120     4.3664 0.0000e+00
      1.500      0.039     9.4816     75.249     38.931  22.865602     4.3200     2.4442     0.0426     0.4653 5.9865e+01     1.3953      1.471      2.134     4.3667 0.0000e+00
      1.510      0.039     9.5485     75.789     38.925  22.861399     4.3200     2.8371     0.0426     0.4230 5.9476e+01     1.5305      1.481      2.148     4.3669 0.0000e+00
      1.520      0.039     9.6198     76.278     38.931  22.863527     4.3200     2.8104     0.0426     0.4230 5.9231e+01     1.5155      1.490      2.162     4.3670 0.0000e+00
      1.529      0.040     9.6939     76.712     38.941  22.868593     4.3200     2.8333     0.0426     0.4230 5.9322e+01     1.4253      1.499      2.175     4.3668 0.0000e+00
      1.539      0.041     9.7682     77.078     38.958  22.877948     4.3200     2.8257     0.0426     0.4230 5.8885e+01     1.3953      1.509      2.189     4.3661 0.0000e+00
      1.550      0.043     9.8386     77.355     38.979  22.890128     4.3200     2.4709     0.0426     0.4230 5.8173e+01     1.3652      1.519      2.204     4.3649 0.0000e+00
      1.561      0.044     9.9025     77.527     38.993  22.898485     4.3200     2.4328     0.0852     0.4653 5.7457e+01     1.4253      1.530      2.219     4.3633 0.0000e+00
      1.572      0.046     9.9592     77.579     38.991  22.897329     4.3200     2.4442     0.0852     0.4653 5.6737e+01     1.3502      1.542      2.236     4.3619 0.0000e+00
      1.584      0.048    10.0069     77.502     38.979  22.890310     4.3200     2.4709     0.0852     0.4653 5.5953e+01     1.3953      1.553      2.253     4.3612 0.0000e+00
      1.597      0.050    10.0429     77.294     38.967  22.883476     4.3200     2.4595     0.0852     0.4653 5.5217e+01     1.3802      1.566      2.271     4.3610 0.0000e+00
      1.609      0.051    10.0652     76.953     38.953  22.875002     4.3200     2.4747     0.0426     0.4230 5.4906e+01     1.3953      1.578      2.289     4.3610 0.0000e+00
      1.622      0.053    10.0720     76.499     38.935  22.864609     4.3200     2.4518     0.0426     0.4230 5.4407e+01     1.2750      1.591      2.308     4.3612 0.0000e+00
      1.636      0.055    10.0619     75.970     38.920  22.855463     4.3200     2.4289     0.0426     0.4230 5.3889e+01     1.3953      1.604      2.327     4.3614 0.0000e+00
      1.650      0.057    10.0348     75.401     38.907  22.847105     4.3200     2.5968     0.0426     0.4230 5.2926e+01     1.6808      1.618      2.347     4.3616 0.0000e+00
      1.666      0.058     9.9906     74.816     38.898  22.841265     4.3200     2.5586     0.0426     0.4230 5.1732e+01     1.6207      1.633      2.369     4.3616 0.0000e+00
      1.681      0.059     9.9317     74.231     38.897  22.840345     4.3200     2.5930     0.0426     0.4230 5.0874e+01     1.6658      1.648      2.391     4.3615 0.0000e+00
      1.696      0.059     9.8630     73.660     38.904  22.844098     4.3200     2.5854     0.0426     0.4230 5.0106e+01     1.6357      1.663      2.413     4.3611 0.0000e+00
      1.712      0.059     9.7893     73.134     38.912  22.849567     4.3200     2.4137     0.0426     0.4230 4.9683e+01     1.6508      1.678      2.434     4.3604 0.0000e+00
      1.726      0.058     9.7135     72.690     38.919  22.854252     4.3200     2.3946     0.0426     0.4230 4.9456e+01     1.5005      1.692      2.455     4.3597 0.0000e+00
      1.741      0.058     9.6377     72.361     38.927  22.859402     4.3200     2.4175     0.0426     0.4230 4.8288e+01     1.5907      1.707      2.476     4.3591 0.0000e+00
      1.756      0.057     9.5637     72.174     38.931  22.862432     4.3200     2.3717     0.0426     0.4230 4.7570e+01     1.6808      1.721      2.497     4.3589 0.0000e+00
      1.770      0.057     9.4953     72.136     38.926  22.860190     4.3200     2.3870     0.0426     0.4230 4.7179e+01     1.7560      1.736      2.518     4.3592 0.0000e+00
      1.785      0.057     9.4374     72.235     38.918  22.856038     4.3200     2.4099     0.0426     0.4230 4.6903e+01     1.5606      1.750      2.538     4.3600 0.0000e+00
      1.799      0.056     9.3944     72.444     38.919  22.856785     4.3200     2.4137     0.0426     0.4653 4.6225e+01     1.6057      1.764      2.558     4.3610 0.0000e+00
      1.813      0.056     9.3699     72.727     38.929  22.862632     4.3200     2.3641     0.0426     0.4653 4.5675e+01     1.6658      1.778      2.579     4.3620 0.0000e+00
      1.827      0.055     9.3649     73.047     38.937  22.867219     4.3200     2.4480     0.0426     0.4653 4.4791e+01     1.6357      1.792      2.599     4.3627 0.0000e+00
      1.842      0.055     9.3776     73.372     38.945  22.871771     4.3200     2.4595     0.0426     0.4653 4.4384e+01     1.7109      1.806      2.620     4.3632 0.0000e+00
      1.856      0.054     9.4047     73.688     38.951  22.875520     4.3200     2.4671     0.0426     0.4230 4.4038e+01     1.5907      1.820      2.639     4.3635 0.0000e+00
      1.869      0.053     9.4414     73.994     38.941  22.869571     4.3200     2.4595     0.0426     0.4230 4.3345e+01     1.7410      1.833      2.659     4.3636 0.0000e+00
      1.883      0.052     9.4829     74.290     38.922  22.858275     4.3200     2.5586     0.0426     0.4230 4.3026e+01     1.4253      1.846      2.678     4.3636 0.0000e+00
      1.896      0.051     9.5251     74.570     38.912  22.852476     4.3200     2.5930     0.0426     0.4230 4.2905e+01     1.3953      1.859      2.696     4.3637 0.0000e+00
      1.909      0.051     9.5661     74.828     38.908  22.850626     4.3200     2.5854     0.0426     0.4653 4.2681e+01     1.3953      1.871      2.714     4.3637 0.0000e+00
      1.921      0.050     9.6058     75.063     38.903  22.848275     4.3200     2.5854     0.0426     0.4653 4.2092e+01     1.3502      1.884      2.733     4.3637 0.0000e+00
      1.934      0.050     9.6443     75.268     38.903  22.848753     4.3200     2.5854     0.0426     0.4653 4.1295e+01     1.2901      1.897      2.751     4.3635 0.0000e+00
      1.947      0.049     9.6807     75.430     38.908  22.852188     4.3200     2.5739     0.0426     0.4653 4.1026e+01     1.3953      1.909      2.769     4.3634 0.0000e+00
      1.959      0.049     9.7142     75.544     38.907  22.851578     4.3200     2.5548     0.0426     0.2961 4.1053e+01     1.3502      1.921      2.787     4.3637 0.0000e+00
      1.971      0.050     9.7445     75.612     38.906  22.850721     4.3200     2.5968     0.0426     0.2961 4.0840e+01     1.3201      1.933      2.804     4.3643 0.0000e+00
      1.984      0.051     9.7709     75.632     38.915  22.855325     4.3200     2.4442     0.0426     0.2961 4.0786e+01     1.4103      1.945      2.821     4.3651 0.0000e+00
      1.996      0.052     9.7918     75.602     38.919  22.856721     4.3200     2.4747     0.0426     0.2961 4.0390e+01     1.3051      1.958      2.840     4.3657 0.0000e+00
      2.010      0.053     9.8066     75.518     38.915  22.853302     4.3200     2.4404     0.0426     0.2961 3.9625e+01     1.4404      1.971      2.859     4.3658 0.0000e+00
      2.024      0.054     9.8155     75.383     38.919  22.854053     4.3200     2.4442     0.0426     0.3384 3.9069e+01     1.3953      1.985      2.879     4.3654 0.0000e+00
      2.038      0.055     9.8183     75.205     38.929  22.859174     4.3200     2.3870     0.0426     0.3384 3.8891e+01     1.3502      1.999      2.899     4.3645 0.0000e+00
      2.052      0.056     9.8148     74.994     38.934  22.862113     4.3200     2.4022     0.0426     0.3384 3.8984e+01     1.4103      2.012      2.919     4.3632 0.0000e+00
      2.066      0.057     9.8043     74.757     38.936  22.863654     4.3200     2.3946     0.0426     0.3384 3.8404e+01     1.3652      2.026      2.939     4.3616 0.0000e+00
      2.081      0.057     9.7871     74.511     38.942  22.868166     4.3200     2.4099     0.0426     0.3807 3.7668e+01     1.3802      2.041      2.960     4.3601 0.0000e+00
      2.096      0.057     9.7643     74.277     38.950  22.872896     4.3200     2.5014     0.0426     0.3807 3.7124e+01     1.3351      2.055      2.981     4.3590 0.0000e+00
      2.111      0.057     9.7369     74.067     38.954  22.875144     4.3200     2.5281     0.0426     0.3807 3.7092e+01     1.3652      2.070      3.002     4.3589 0.0000e+00
      2.125      0.057     9.7060     73.882     38.952  22.873531     4.3200     2.5281     0.0426     0.3807 3.6802e+01     1.3652      2.084      3.022     4.3595 0.0000e+00
      2.139      0.056     9.6739     73.717     38.940  22.865647     4.3200     2.5091     0.0426     0.4230 3.6603e+01     1.3652      2.098      3.042     4.3603 0.0000e+00
      2.153      0.056     9.6434     73.574     38.924  22.855329     4.3200     2.6273     0.0426     0.4230 3.6302e+01     1.7860      2.111      3.062     4.3608 0.0000e+00
      2.167      0.057     9.6162     73.452     38.917  22.849721     4.3200     2.6159     0.0426     0.4230 3.5933e+01     1.5606      2.125      3.082     4.3606 0.0000e+00
      2.182      0.057     9.5923     73.350     38.915  22.847329     4.3200     2.6502     0.0426     0.4230 3.5708e+01     1.6207      2.139      3.103     4.3599 0.0000e+00
      2.196      0.058     9.5712     73.262     38.910  22.843554     4.3200     2.6426     0.0426     0.4230 3.5630e+01     1.7109      2.153      3.124     4.3589 0.0000e+00
      2.211      0.059     9.5529     73.177     38.908  22.841351     4.3200     2.3794     0.0426     0.4230 3.5291e+01     1.6808      2.168      3.145     4.3576 0.0000e+00
      2.226      0.061     9.5374     73.091     38.915  22.844088     4.3200     2.4022     0.0426     0.4230 3.4993e+01     1.6508      2.183      3.166     4.3562 0.0000e+00
      2.242      0.062     9.5245     72.999     38.930  22.852497     4.3200     2.3908     0.0426     0.4230 3.4660e+01     1.5907      2.199      3.189     4.3547 0.0000e+00
      2.258      0.062     9.5134     72.892     38.950  22.862882     4.3200     2.4061     0.0426     0.4230 3.4241e+01     1.7860      2.214      3.212     4.3531 0.0000e+00
      2.274      0.062     9.5028     72.769     38.960  22.868116     4.3200     2.4022     0.0426     0.4230 3.3753e+01     1.5907      2.230      3.235     4.3517 0.0000e+00
      2.291      0.062     9.4920     72.635     38.961  22.867614     4.3200     2.3946     0.0426     0.4230 3.3302e+01     1.5907      2.246      3.258     4.3504 0.0000e+00
      2.306      0.061     9.4803     72.495     38.963  22.867180     4.3200     2.3946     0.0426     0.4230 3.3222e+01     1.5907      2.262      3.281     4.3493 0.0000e+00
      2.322      0.060     9.4666     72.361     38.970  22.870658     4.3200     2.3984     0.0426     0.4230 3.3085e+01     1.6207      2.277      3.303     4.3481 0.0000e+00
      2.336      0.059     9.4510     72.244     38.976  22.873038     4.3200     2.5586     0.0426     0.3807 3.2956e+01     1.3652      2.291      3.323     4.3469 0.0000e+00
      2.351      0.058     9.4339     72.147     38.970  22.869014     4.3200     2.5777     0.0426     0.3807 3.2735e+01     1.3051      2.306      3.344     4.3455 0.0000e+00
      2.366      0.057     9.4160     72.085     38.955  22.859495     4.3200     2.5854     0.0426     0.3807 3.2255e+01     1.4103      2.320      3.365     4.3440 0.0000e+00
      2.381      0.057     9.3990     72.063     38.936  22.847878     4.3200     2.6121     0.0426     0.3807 3.2073e+01     1.3652      2.335      3.386     4.3427 0.0000e+00
      2.395      0.056     9.3840     72.075     38.921  22.838985     4.3200     2.5014     0.0426     0.3807 3.1768e+01     1.5606      2.349      3.407     4.3416 0.0000e+00
      2.410      0.056     9.3717     72.116     38.913  22.834403     4.3200     2.5014     0.0426     0.3807 3.1268e+01     1.7410      2.363      3.427     4.3406 0.0000e+00
      2.424      0.055     9.3638     72.186     38.909  22.832908     4.3200     2.5205     0.0426     0.3807 3.1058e+01     1.7410      2.377      3.448     4.3398 0.0000e+00
      2.438      0.054     9.3612     72.280     38.908  22.834104     4.3200     2.5129     0.0426     0.3807 3.1186e+01     1.6057      2.390      3.467     4.3393 0.0000e+00
      2.451      0.053     9.3626     72.396     38.905  22.834350     4.3200     2.3221     0.0426     0.3807 3.0930e+01     1.4253      2.404      3.487     4.3391 0.0000e+00
      2.465      0.051     9.3679     72.524     38.900  22.833712     4.3200     2.3374     0.0426     1.0152 3.0003e+01     1.3802      2.417      3.506     4.3394 0.0000e+00
      2.479      0.049     9.3768     72.640     38.901  22.835979     4.3200     2.3374     0.0426     1.0152 2.9621e+01     1.4253      2.431      3.526     4.3404 0.0000e+00
