Data/DataNotYetUploadedToEDI/Raw_CTD/RawDownloads/012126_fcr50_S7809002.cnv
* Sea-Bird SBE19plus  Data File:
* FileName = C:\R\Reservoirs\Data\DataNotYetUploadedToEDI\Raw_CTD\RawDownloads\012126_fcr50_S7809_0002.hex
* Software version 2.8.0.119
* Temperature SN = 7809
* Conductivity SN = 7809
* System UpLoad Time = Feb 09 2026 15:58:07
* <ApplicationData>
* <Seaterm232>
# nquan = 15
# nvalues = 1745                        
# units = specified
# name 0 = depFM: Depth [fresh water, m]
# name 1 = dz/dtM: Descent Rate [m/s]
# name 2 = sbeox0Mg/L: Oxygen, SBE 43 [mg/l]
# name 3 = sbeox0PS: Oxygen, SBE 43 [% saturation]
# name 4 = specc: Specific Conductance [uS/cm]
# name 5 = c0uS/cm: Conductivity [uS/cm]
# name 6 = flECO-AFL: Fluorescence, WET Labs ECO-AFL/FL [mg/m^3]
# name 7 = ph: pH
# name 8 = orp: Oxidation Reduction Potential [mV]
# name 9 = par/sat/log: PAR/Logarithmic, Satlantic
# name 10 = turbWETntu0: Turbidity, WET Labs ECO [NTU]
# name 11 = prdM: Pressure, Strain Gauge [db]
# name 12 = prdE: Pressure, Strain Gauge [psi]
# name 13 = tv290C: Temperature [ITS-90, deg C]
# name 14 = flag:  0.000e+00
# span 0 =     -0.534,      9.746       
# span 1 =     -0.191,      4.719       
# span 2 =     0.2253,    14.4498       
# span 3 =      2.143,    104.316       
# span 4 =      0.421,    140.053       
# span 5 =   0.287824,  79.551081       
# span 6 =    -0.0864,     1.9817       
# span 7 =     -2.585,     15.916       
# span 8 = -1139.7917,  1084.0137       
# span 9 = 1.2367e-01, 1.2172e+02       
# span 10 =     0.8706,   125.4927      
# span 11 =     -0.524,      9.558      
# span 12 =     -0.760,     13.862      
# span 13 =     1.8055,     9.3431      
# span 14 = 0.0000e+00, 0.0000e+00      
# interval = seconds: 0.25
# start_time = Jan 21 2026 11:41:23 [Instrument's time stamp, header]
# bad_flag = -9.990e-29
*END*
[from data line 386]
      0.388 1.0633e-15    11.2797     81.236     42.949  23.053122     0.9468     10.251   249.5781 7.4664e+01     4.3253      0.381      0.552     1.8635 0.0000e+00
      0.387 1.1697e-14    11.2792     81.225     42.900  23.026832     0.9510     10.250   248.7512 7.4731e+01     4.3455      0.380      0.551     1.8547 0.0000e+00
      0.387 1.2866e-13    11.2783     81.210     42.849  23.001572     0.9250     10.250   248.0392 7.4713e+01     4.3463      0.380      0.551     1.8461 0.0000e+00
      0.388 1.4153e-12    11.2812     81.215     42.843  23.001362     0.9231     10.249   248.4546 7.4706e+01     4.4041      0.380      0.551     1.8396 0.0000e+00
      0.388 1.5568e-11    11.2856     81.212     42.882  23.024306     0.9528     10.248   249.6443 7.4750e+01     4.4634      0.381      0.552     1.8363 0.0000e+00
      0.388 1.7125e-10    11.2835     81.198     42.882  23.025335     0.9593     10.247   249.9481 7.4806e+01     4.4818      0.380      0.551     1.8366 0.0000e+00
      0.388 1.8838e-09    11.2762     81.180     42.863  23.013796     0.9356     10.247   249.6320 7.4828e+01     4.3872      0.380      0.551     1.8396 0.0000e+00
      0.388 2.0721e-08    11.2812     81.168     42.868  23.011623     0.9236     10.247   248.9199 7.4840e+01     4.3451      0.381      0.552     1.8433 0.0000e+00
      0.388 2.2793e-07    11.2771     81.181     42.856  22.999056     0.9223     10.246   247.7050 7.4837e+01     4.4504      0.380      0.551     1.8465 0.0000e+00
      0.388      0.000    11.2754     81.197     42.845  22.988661     0.8949     10.245   246.9886 7.4871e+01     4.4648      0.380      0.551     1.8485 0.0000e+00
      0.388      0.000    11.2732     81.197     42.889  23.012769     0.8584     10.245   247.5711 7.4987e+01     4.3489      0.380      0.551     1.8465 0.0000e+00
      0.388      0.000    11.2710     81.179     42.918  23.036885     0.8476     10.244   248.8976 7.5088e+01     4.2786      0.380      0.551     1.8398 0.0000e+00
      0.388      0.003    11.2782     81.158     42.868  23.026601     0.8486     10.242   249.1742 7.5133e+01     4.3331      0.380      0.551     1.8315 0.0000e+00
      0.388      0.037    11.2828     81.161     42.812  23.015270     0.8450     10.241   248.4206 7.5127e+01     4.4265      0.380      0.551     1.8247 0.0000e+00
      0.388      0.404    11.2832     81.152     42.803  23.026722     0.8290     10.240   247.7006 7.5088e+01     4.4173      0.380      0.551     1.8242 0.0000e+00
      0.388      4.442    11.2778     81.102     42.806  23.038251     0.8048     10.239   246.7511 7.5105e+01     4.3585      0.381      0.552     1.8342 0.0000e+00
      0.388      4.442    11.2648     81.069     42.776  23.027855     0.8026     10.239   245.6299 7.5179e+01     4.3649      0.380      0.551     1.8556 0.0000e+00
      0.388      0.404    11.2594     81.072     42.767  23.027855     0.8265     10.239   245.3290 7.5278e+01     4.4601      0.381      0.552     1.8813 0.0000e+00
      0.388      0.037    11.2574     81.078     42.773  23.038250     0.8356     10.238   245.6943 7.5374e+01     4.4847      0.381      0.552     1.9014 0.0000e+00
      0.388      0.003    11.2394     81.070     42.731  23.026710     0.8135     10.237   245.9169 7.5420e+01     4.3899      0.380      0.551     1.9116 0.0000e+00
      0.388      0.000    11.2337     81.041     42.683  23.015170     0.8092     10.235   246.0421 7.5423e+01     4.4407      0.381      0.552     1.9162 0.0000e+00
      0.388      0.000    11.2360     81.011     42.673  23.025563     0.8335     10.235   246.0029 7.5413e+01     4.6202      0.380      0.551     1.9212 0.0000e+00
      0.388      0.000    11.2336     81.023     42.646  23.025553     0.8328     10.235   245.7005 7.5409e+01     4.6473      0.381      0.552     1.9286 0.0000e+00
      0.388 2.2794e-07    11.2303     81.065     42.604  23.015062     0.8085     10.234   245.3115 7.5454e+01     4.5634      0.380      0.552     1.9420 0.0000e+00
      0.388 2.0721e-08    11.2191     81.097     42.607  23.025552     0.7976     10.232   244.9135 7.5501e+01     4.5624      0.381      0.552     1.9602 0.0000e+00
      0.388 1.8837e-09    11.2063     81.128     42.597  23.025571     0.8261     10.231   244.0716 7.5459e+01     4.6355      0.381      0.552     1.9787 0.0000e+00
      0.388 1.7125e-10    11.2021     81.155     42.572  23.015289     0.8784     10.231   243.0477 7.5389e+01     4.7299      0.380      0.552     1.9963 0.0000e+00
      0.388 1.5568e-11    11.2097     81.184     42.594  23.028065     0.8879     10.231   242.7732 7.5403e+01     4.7477      0.381      0.552     2.0114 0.0000e+00
      0.388 1.4153e-12    11.2056     81.199     42.641  23.053222     0.8666     10.231   242.8172 7.5487e+01     4.6449      0.381      0.552     2.0216 0.0000e+00
      0.388 1.2866e-13    11.2111     81.163     42.668  23.065802     0.8879     10.230   242.9773 7.5504e+01     4.6143      0.381      0.552     2.0283 0.0000e+00
      0.388 1.1697e-14    11.2126     81.123     42.650  23.053338     0.9279     10.229   243.3327 7.5459e+01     4.6503      0.381      0.552     2.0317 0.0000e+00
      0.388 1.0633e-15    11.2152     81.098     42.612  23.029344     0.9267     10.228   242.8977 7.5500e+01     4.6026      0.381      0.552     2.0323 0.0000e+00
      0.388 9.6665e-17    11.2247     81.076     42.619  23.029345     0.9147     10.226   240.8155 7.5554e+01     4.5496      0.381      0.552     2.0316 0.0000e+00
      0.389 8.7880e-18    11.2125     81.069     42.669  23.053349     0.9409     10.226   238.1172 7.5521e+01     4.5910      0.381      0.553     2.0295 0.0000e+00
      0.389 7.9890e-19    11.2094     81.068     42.697  23.065917     0.9862     10.225   236.7731 7.5472e+01     4.6933      0.381      0.553     2.0261 0.0000e+00
      0.389 7.2625e-20    11.2081     81.041     42.679  23.054473     0.9959     10.225   236.4372 7.5445e+01     4.6923      0.381      0.552     2.0218 0.0000e+00
      0.389 6.6025e-21    11.2053     81.026     42.657  23.041808     0.9752     10.225   236.3798 7.5420e+01     4.5802      0.382      0.553     2.0174 0.0000e+00
      0.389 6.0020e-22    11.2048     81.042     42.652  23.039618     0.9604     10.224   236.5958 7.5391e+01     4.5336      0.381      0.553     2.0137 0.0000e+00
      0.389 5.4565e-23    11.2101     81.029     42.627  23.027984     0.9591     10.222   236.3811 7.5396e+01     4.5038      0.381      0.553     2.0109 0.0000e+00
      0.389 4.9605e-24    11.2037     81.002     42.622  23.027984     0.9673     10.221   235.1598 7.5444e+01     4.4596      0.381      0.553     2.0082 0.0000e+00
      0.388 4.5096e-25    11.1974     80.980     42.634  23.039618     0.9594     10.221   233.3585 7.5448e+01     4.4436      0.381      0.553     2.0072 0.0000e+00
      0.388 4.0996e-26    11.2089     80.945     42.627  23.041818     0.9381     10.221   232.1544 7.5363e+01     4.3785      0.381      0.553     2.0083 0.0000e+00
      0.388 3.7269e-27    11.2019     80.917     42.641  23.054595     0.9427     10.220   231.6138 7.5270e+01     4.3889      0.381      0.553     2.0097 0.0000e+00
      0.388 3.3881e-28    11.1959     80.900     42.655  23.067276     0.9568     10.219   231.2105 7.5182e+01     4.4672      0.381      0.553     2.0128 0.0000e+00
      0.388 3.0801e-29    11.1948     80.885     42.647  23.068325     0.9421     10.218   230.8922 7.5082e+01     4.4029      0.381      0.553     2.0193 0.0000e+00
      0.388 2.8001e-30    11.1834     80.865     42.636  23.067275     0.9146     10.217   230.6033 7.5019e+01     4.3294      0.381      0.553     2.0268 0.0000e+00
      0.388 2.5455e-31    11.1794     80.860     42.606  23.054593     0.9171     10.216   230.2992 7.4943e+01     4.3975      0.381      0.553     2.0328 0.0000e+00
      0.389 2.3141e-32    11.1745     80.884     42.577  23.041816     0.9466     10.215   230.3132 7.4793e+01     4.4740      0.381      0.553     2.0387 0.0000e+00
      0.389 2.1038e-33    11.1721     80.912     42.569  23.039615     0.9554     10.215   230.4284 7.4682e+01     4.4355      0.382      0.554     2.0452 0.0000e+00
      0.389 1.9125e-34    11.1661     80.935     42.549  23.027981     0.9319     10.214   229.9713 7.4555e+01     4.3425      0.381      0.553     2.0513 0.0000e+00
      0.389 1.7386e-35    11.1616     80.958     42.555  23.027982     0.9194     10.213   229.5188 7.4253e+01     4.3732      0.381      0.553     2.0553 0.0000e+00
      0.389 1.5806e-36    11.1684     80.983     42.586  23.039626     0.9382     10.211   229.3444 7.3988e+01     4.4647      0.381      0.553     2.0584 0.0000e+00
      0.389 1.4369e-37    11.1694     80.999     42.605  23.041932     0.9431     10.211   228.8950 7.3878e+01     4.4252      0.381      0.553     2.0612 0.0000e+00
      0.389 1.3063e-38    11.1739     81.010     42.650  23.055854     0.9202     10.210   228.3876 7.3738e+01     4.3402      0.382      0.554     2.0617 0.0000e+00
      0.389 1.1875e-39    11.1765     81.025     42.719  23.081124     0.9024     10.210   228.9739 7.3524e+01     4.3248      0.382      0.554     2.0575 0.0000e+00
      0.389 1.0795e-40    11.1837     81.017     42.761  23.093809     0.9106     10.210   230.3916 7.3319e+01     4.3757      0.381      0.553     2.0507 0.0000e+00
      0.389 9.8140e-42    11.1888     81.003     42.752  23.082384     0.9363     10.210   230.9016 7.3145e+01     4.4089      0.382      0.554     2.0425 0.0000e+00
      0.389 8.9220e-43    11.1910     81.002     42.732  23.069816     0.9389     10.209   230.6671 7.2975e+01     4.3846      0.382      0.554     2.0297 0.0000e+00
      0.389 8.1110e-44    11.2030     80.988     42.727  23.068674     0.9424     10.209   230.5666 7.2845e+01     4.3892      0.381      0.553     2.0142 0.0000e+00
      0.390 7.3735e-45    11.2029     80.968     42.717  23.068569     0.9784     10.208   230.2893 7.2755e+01     4.4645      0.382      0.554     2.0017 0.0000e+00
      0.390 6.7030e-46    11.2011     80.959     42.706  23.068559     0.9907     10.207   229.7233 7.2645e+01     4.4756      0.382      0.554     1.9939 0.0000e+00
      0.390 6.0940e-47    11.2061     80.974     42.693  23.068558     0.9823     10.207   230.1762 7.2479e+01     4.3521      0.382      0.554     1.9909 0.0000e+00
      0.389 5.5444e-48    11.2009     80.989     42.679  23.068567     0.9854     10.206   231.6354 7.2329e+01     4.2695      0.381      0.553     1.9940 0.0000e+00
      0.389 5.5224e-49    11.1960     80.968     42.667  23.068671     0.9878     10.204   232.3096 7.2251e+01     4.3308      0.382      0.554     2.0007 0.0000e+00
      0.389 5.8084e-49    11.1915     80.917     42.659  23.069815     0.9948     10.203   232.2186 7.2182e+01     4.4440      0.382      0.554     2.0075 0.0000e+00
      0.389 5.8898e-48    11.1915     80.872     42.675  23.082402     0.9859     10.202   232.0837 7.2092e+01     4.4431      0.382      0.554     2.0160 0.0000e+00
      0.390 6.4743e-47    11.1950     80.870     42.690  23.094036     0.9644     10.201   231.7113 7.1949e+01     4.3534      0.382      0.554     2.0252 0.0000e+00
      0.390 7.1217e-46    11.1874     80.908     42.664  23.083658     0.9753     10.201   231.0721 7.1811e+01     4.3500      0.382      0.554     2.0331 0.0000e+00
      0.390 7.8338e-45    11.1778     80.941     42.657  23.083762     1.0009     10.201   230.6361 7.1762e+01     4.3680      0.382      0.555     2.0395 0.0000e+00
      0.390 8.6172e-44    11.1669     80.948     42.669  23.095292     1.0087     10.201   230.5686 7.1745e+01     4.3663      0.382      0.555     2.0444 0.0000e+00
      0.390 9.4789e-43    11.1655     80.942     42.657  23.096246     1.0023     10.200   230.6864 7.1712e+01     4.3982      0.382      0.555     2.0477 0.0000e+00
      0.390 1.0427e-41    11.1738     80.958     42.637  23.095291     0.9899     10.198   230.8564 7.1656e+01     4.4112      0.383      0.555     2.0519 0.0000e+00
      0.390 1.1469e-40    11.1765     80.997     42.592  23.083760     0.9920     10.196   230.9039 7.1594e+01     4.4556      0.382      0.554     2.0566 0.0000e+00
      0.390 1.2616e-39    11.1764     81.004     42.562  23.083665     0.9950     10.195   230.8294 7.1526e+01     4.4576      0.382      0.555     2.0616 0.0000e+00
      0.390 1.3878e-38    11.1701     80.977     42.549  23.094154     0.9758     10.195   230.8161 7.1439e+01     4.3666      0.382      0.554     2.0701 0.0000e+00
      0.390 1.5266e-37    11.1676     80.943     42.501  23.083765     0.9598     10.194   230.7435 7.1379e+01     4.3804      0.382      0.555     2.0813 0.0000e+00
      0.390 1.6792e-36    11.1744     80.917     42.478  23.084898     0.9603     10.193   229.7793 7.1332e+01     4.4878      0.382      0.555     2.0962 0.0000e+00
      0.390 1.8472e-35    11.1676     80.909     42.499  23.107860     0.9651     10.193   228.1919 7.1217e+01     4.5378      0.383      0.555     2.1169 0.0000e+00
      0.390 2.0319e-34    11.1551     80.905     42.481  23.107755     0.9505     10.193   227.3821 7.1120e+01     4.4728      0.383      0.555     2.1388 0.0000e+00
      0.390 2.2351e-33    11.1451     80.876     42.421  23.083638     0.9337     10.192   227.1289 7.1099e+01     4.4191      0.382      0.555     2.1572 0.0000e+00
      0.390 2.4586e-32    11.1356     80.825     42.381  23.069925     0.9618     10.190   227.1091 7.0999e+01     4.5034      0.383      0.555     2.1725 0.0000e+00
      0.390 2.7044e-31    11.1309     80.789     42.363  23.068781     1.0071     10.189   227.4007 7.0857e+01     4.5005      0.383      0.555     2.1869 0.0000e+00
      0.390 2.9749e-30    11.1291     80.779     42.352  23.069810     1.0065     10.189   227.2138 7.0784e+01     4.3504      0.383      0.555     2.1982 0.0000e+00
      0.391 3.2724e-29    11.1230     80.759     42.367  23.082377     0.9883     10.189   225.7096 7.0714e+01     4.2596      0.383      0.556     2.2066 0.0000e+00
      0.391 3.5996e-28    11.1096     80.723     42.387  23.093907     1.0200     10.188   223.4100 7.0635e+01     4.3246      0.383      0.556     2.2171 0.0000e+00
      0.391 3.9596e-27    11.1003     80.691     42.370  23.082388     1.0652     10.188   222.2104 7.0529e+01     4.4877      0.383      0.555     2.2277 0.0000e+00
      0.391 4.3555e-26    11.1000     80.686     42.358  23.069924     1.0773     10.187   222.1314 7.0442e+01     4.4898      0.384      0.556     2.2361 0.0000e+00
      0.391 4.7911e-25    11.0956     80.709     42.373  23.070029     1.0663     10.186   221.9394 7.0449e+01     4.3153      0.383      0.555     2.2413 0.0000e+00
      0.391 5.2702e-24    11.0885     80.711     42.413  23.083658     1.0563     10.184   221.6101 7.0471e+01     4.2905      0.383      0.556     2.2426 0.0000e+00
      0.391 5.7972e-23    11.0846     80.689     42.470  23.107871     1.0737     10.183   221.6768 7.0501e+01     4.4292      0.383      0.556     2.2398 0.0000e+00
      0.391 6.3769e-22    11.0839     80.681     42.481  23.109128     1.0766     10.183   222.3159 7.0569e+01     4.4218      0.383      0.556     2.2316 0.0000e+00
      0.391 7.0146e-21    11.0960     80.668     42.467  23.098857     1.0420     10.182   222.1094 7.0668e+01     4.3041      0.383      0.556     2.2212 0.0000e+00
      0.391 7.7161e-20    11.0987     80.630     42.488  23.110500     1.0126     10.182   220.4705 7.0789e+01     4.3033      0.383      0.556     2.2114 0.0000e+00
      0.391 8.4877e-19    11.0942     80.622     42.508  23.123078     1.0047     10.181   219.2781 7.0850e+01     4.4124      0.383      0.556     2.2030 0.0000e+00
      0.390 9.3365e-18    11.0968     80.639     42.504  23.124109     1.0131     10.180   219.1348 7.0884e+01     4.4959      0.383      0.555     2.1975 0.0000e+00
