Data/DataNotYetUploadedToEDI/Raw_CTD/RawDownloads/012126_fcr50_S7809002.cnv
* Sea-Bird SBE19plus  Data File:
* FileName = C:\R\Reservoirs\Data\DataNotYetUploadedToEDI\Raw_CTD\RawDownloads\012126_fcr50_S7809_0002.hex
* Software version 2.8.0.119
* Temperature SN = 7809
* Conductivity SN = 7809
* System UpLoad Time = Feb 09 2026 15:58:07
* <ApplicationData>
* <Seaterm232>
# nquan = 15
# nvalues = 1745                        
# units = specified
# name 0 = depFM: Depth [fresh water, m]
# name 1 = dz/dtM: Descent Rate [m/s]
# name 2 = sbeox0Mg/L: Oxygen, SBE 43 [mg/l]
# name 3 = sbeox0PS: Oxygen, SBE 43 [% saturation]
# name 4 = specc: Specific Conductance [uS/cm]
# name 5 = c0uS/cm: Conductivity [uS/cm]
# name 6 = flECO-AFL: Fluorescence, WET Labs ECO-AFL/FL [mg/m^3]
# name 7 = ph: pH
# name 8 = orp: Oxidation Reduction Potential [mV]
# name 9 = par/sat/log: PAR/Logarithmic, Satlantic
# name 10 = turbWETntu0: Turbidity, WET Labs ECO [NTU]
# name 11 = prdM: Pressure, Strain Gauge [db]
# name 12 = prdE: Pressure, Strain Gauge [psi]
# name 13 = tv290C: Temperature [ITS-90, deg C]
# name 14 = flag:  0.000e+00
# span 0 =     -0.534,      9.746       
# span 1 =     -0.191,      4.719       
# span 2 =     0.2253,    14.4498       
# span 3 =      2.143,    104.316       
# span 4 =      0.421,    140.053       
# span 5 =   0.287824,  79.551081       
# span 6 =    -0.0864,     1.9817       
# span 7 =     -2.585,     15.916       
# span 8 = -1139.7917,  1084.0137       
# span 9 = 1.2367e-01, 1.2172e+02       
# span 10 =     0.8706,   125.4927      
# span 11 =     -0.524,      9.558      
# span 12 =     -0.760,     13.862      
# span 13 =     1.8055,     9.3431      
# span 14 = 0.0000e+00, 0.0000e+00      
# interval = seconds: 0.25
# start_time = Jan 21 2026 11:41:23 [Instrument's time stamp, header]
# bad_flag = -9.990e-29
*END*
[from data line 193]
      0.385 4.1888e-09    11.2203     84.227     42.907  23.110555     0.6695     10.165   278.8816 7.3465e+01     4.1718      0.378      0.548     1.9641 0.0000e+00
      0.385 3.8080e-10    11.4624     84.179     42.943  23.123238     0.6852     10.169   277.9817 7.3442e+01     4.2267      0.378      0.548     1.9556 0.0000e+00
      0.385 3.4618e-11    11.6059     84.022     42.957  23.125639     0.6834     10.173   277.8416 7.3515e+01     4.2422      0.378      0.548     1.9482 0.0000e+00
      0.385 3.1471e-12    11.6628     83.793     42.988  23.139589     0.6401     10.177   278.1344 7.3594e+01     4.2904      0.378      0.548     1.9396 0.0000e+00
      0.386 2.8610e-13    11.6778     83.535     43.037  23.165079     0.6023     10.180   278.5959 7.3494e+01     4.4671      0.378      0.549     1.9295 0.0000e+00
      0.386 2.6009e-14    11.6694     83.253     43.060  23.180174     0.6013     10.183   278.7752 7.3379e+01     4.4999      0.378      0.548     1.9213 0.0000e+00
      0.386 2.3645e-15    11.6506     82.968     43.068  23.195283     0.6109     10.186   278.5814 7.3443e+01     4.4143      0.378      0.548     1.9162 0.0000e+00
      0.386 2.1495e-16    11.6141     82.728     43.075  23.220931     0.6106     10.189   277.9740 7.3547e+01     4.3888      0.378      0.548     1.9125 0.0000e+00
      0.386 1.9542e-17    11.5817     82.543     43.057  23.236636     0.6058     10.192   277.2815 7.3511e+01     4.3958      0.378      0.549     1.9116 0.0000e+00
      0.386 1.7823e-18    11.5403     82.406     43.058  23.258371     0.6195     10.196   276.9205 7.3411e+01     4.4653      0.378      0.548     1.9126 0.0000e+00
      0.386 2.2584e-19    11.4948     82.318     43.094  23.293501     0.6256     10.199   276.7064 7.3351e+01     4.4774      0.378      0.549     1.9225 0.0000e+00
      0.386 7.2244e-19    11.4517     82.265     43.049  23.280922     0.6048     10.202   276.5852 7.3247e+01     4.4056      0.378      0.549     1.9518 0.0000e+00
      0.386 7.7867e-18    11.4167     82.219     42.946  23.233115     0.6270     10.204   276.5729 7.3136e+01     4.4170      0.379      0.549     1.9867 0.0000e+00
      0.386 8.5639e-17    11.3898     82.188     42.924  23.222795     0.7029     10.207   277.1608 7.3084e+01     4.4787      0.378      0.548     2.0107 0.0000e+00
      0.386 9.4203e-16    11.3722     82.180     42.927  23.219552     0.7484     10.211   278.1870 7.3058e+01     4.5030      0.378      0.548     2.0261 0.0000e+00
      0.386 1.0362e-14    11.3646     82.192     42.896  23.193904     0.7351     10.214   278.4840 7.3066e+01     4.4367      0.378      0.548     2.0413 0.0000e+00
      0.386 1.1399e-13    11.3517     82.200     42.865  23.166331     0.6931     10.217   278.2562 7.3043e+01     4.3943      0.377      0.547     2.0520 0.0000e+00
      0.386 1.2538e-12    11.3480     82.169     42.835  23.139822     0.6721     10.222   277.7561 7.3029e+01     4.4687      0.378      0.548     2.0527 0.0000e+00
      0.386 1.3792e-11    11.3483     82.113     42.825  23.127027     0.6898     10.227   276.9973 7.3119e+01     4.4487      0.379      0.549     2.0471 0.0000e+00
      0.386 1.5171e-10    11.3543     82.068     42.849  23.138451     0.6821     10.230   276.5665 7.3224e+01     4.3227      0.378      0.548     2.0344 0.0000e+00
      0.386 1.6689e-09    11.3634     82.042     42.871  23.151113     0.6453     10.232   276.5051 7.3334e+01     4.2775      0.379      0.549     2.0225 0.0000e+00
      0.386 1.8357e-08    11.3604     81.982     42.876  23.153294     0.6279     10.235   277.2879 7.3468e+01     4.3121      0.379      0.549     2.0096 0.0000e+00
      0.386 2.0193e-07    11.3556     81.890     42.904  23.164833     0.6220     10.239   278.4601 7.3574e+01     4.3653      0.378      0.549     1.9971 0.0000e+00
      0.386 3.7021e-07    11.3463     81.834     42.916  23.163795     0.6154     10.241   278.6323 7.3609e+01     4.3401      0.378      0.549     1.9983 0.0000e+00
      0.386 2.0193e-07    11.3470     81.803     42.890  23.140739     0.5898     10.244   278.3370 7.3598e+01     4.1788      0.378      0.548     2.0018 0.0000e+00
      0.386 1.8357e-08    11.3404     81.757     42.900  23.139711     0.5540     10.247   278.1595 7.3582e+01     4.1230      0.379      0.549     2.0006 0.0000e+00
      0.386 1.6689e-09    11.3202     81.708     42.928  23.151365     0.5487     10.250   277.6912 7.3523e+01     4.2458      0.378      0.549     1.9974 0.0000e+00
      0.386 1.5171e-10    11.3188     81.652     42.936  23.154814     0.5413     10.252   276.9765 7.3432e+01     4.2623      0.378      0.549     1.9880 0.0000e+00
      0.386 1.3792e-11    11.3218     81.570     42.988  23.181417     0.5156     10.254   277.3480 7.3308e+01     4.1528      0.378      0.549     1.9750 0.0000e+00
      0.386 1.2538e-12    11.3151     81.494     43.066  23.219360     0.5046     10.256   278.8270 7.3185e+01     4.0824      0.378      0.548     1.9671 0.0000e+00
      0.386 1.1399e-13    11.3103     81.469     43.096  23.233092     0.5241     10.259   279.5447 7.3068e+01     4.1285      0.378      0.549     1.9631 0.0000e+00
      0.386 1.0363e-14    11.3042     81.492     43.075  23.220619     0.5600     10.259   279.4861 7.2827e+01     4.2323      0.379      0.549     1.9647 0.0000e+00
      0.386 9.4205e-16    11.2909     81.532     43.028  23.195376     0.5642     10.260   279.3226 7.2393e+01     4.2095      0.378      0.549     1.9643 0.0000e+00
      0.386 8.5640e-17    11.2796     81.567     42.994  23.181541     0.5667     10.262   278.7722 7.1859e+01     4.1608      0.379      0.549     1.9551 0.0000e+00
      0.386 7.7855e-18    11.2777     81.592     42.976  23.180170     0.6063     10.264   277.9942 7.1417e+01     4.2248      0.378      0.549     1.9540 0.0000e+00
      0.386 7.0775e-19    11.2819     81.622     42.956  23.178806     0.6357     10.266   278.2621 7.1156e+01     4.2660      0.379      0.550     1.9544 0.0000e+00
      0.386 6.4340e-20    11.2905     81.660     42.910  23.165063     0.6393     10.267   279.6016 7.1052e+01     4.2488      0.378      0.549     1.9497 0.0000e+00
      0.386 5.8495e-21    11.2933     81.681     42.836  23.140840     0.6742     10.266   280.4242 7.1037e+01     4.1863      0.379      0.549     1.9569 0.0000e+00
      0.387 5.3175e-22    11.2918     81.646     42.797  23.139590     0.7582     10.266   280.4639 7.1114e+01     4.1601      0.379      0.550     1.9694 0.0000e+00
      0.387 4.8341e-23    11.2931     81.581     42.786  23.149974     0.8152     10.267   280.2543 7.1324e+01     4.2393      0.379      0.550     1.9781 0.0000e+00
      0.386 4.3946e-24    11.2946     81.537     42.764  23.139578     0.8212     10.270   279.6109 7.1606e+01     4.2564      0.378      0.549     1.9908 0.0000e+00
      0.386 3.9951e-25    11.2974     81.512     42.787  23.140712     0.8229     10.273   278.7066 7.1891e+01     4.2298      0.378      0.549     2.0068 0.0000e+00
      0.386 3.6319e-26    11.2814     81.460     42.852  23.163677     0.8357     10.274   278.4413 7.2177e+01     4.2248      0.379      0.549     2.0339 0.0000e+00
      0.386 3.3018e-27    11.2604     81.379     42.865  23.163573     0.8593     10.275   278.8122 7.2513e+01     4.1970      0.379      0.549     2.0617 0.0000e+00
      0.386 3.0016e-28    11.2551     81.318     42.833  23.139457     0.8838     10.277   279.1469 7.2847e+01     4.2345      0.379      0.549     2.0603 0.0000e+00
      0.386 2.7287e-29    11.2610     81.277     42.833  23.125735     0.8406     10.278   279.2184 7.3060e+01     4.2342      0.379      0.549     2.0403 0.0000e+00
      0.386 2.4807e-30    11.2603     81.256     42.865  23.124489     0.7527     10.280   279.1609 7.3153e+01     4.1939      0.378      0.549     2.0243 0.0000e+00
      0.386 2.2552e-31    11.2452     81.266     42.886  23.124377     0.7375     10.282   279.1399 7.3213e+01     4.2599      0.379      0.550     2.0171 0.0000e+00
      0.386 2.0501e-32    11.2398     81.285     42.893  23.124367     0.7562     10.283   279.1360 7.3244e+01     4.2455      0.378      0.549     2.0153 0.0000e+00
      0.386 1.8637e-33    11.2390     81.300     42.901  23.124366     0.7461     10.285   279.0286 7.3199e+01     4.1570      0.378      0.548     1.9991 0.0000e+00
      0.386 1.6943e-34    11.2435     81.302     42.916  23.124368     0.7315     10.285   278.3574 7.3073e+01     4.2142      0.379      0.549     1.9678 0.0000e+00
      0.386 1.5403e-35    11.2521     81.298     42.938  23.124378     0.7370     10.286   277.4732 7.2911e+01     4.3569      0.378      0.549     1.9549 0.0000e+00
      0.386 1.4002e-36    11.2535     81.313     42.959  23.124483     0.7638     10.288   277.3714 7.2813e+01     4.4482      0.378      0.548     1.9570 0.0000e+00
      0.386 1.2730e-37    11.2576     81.331     42.971  23.125627     0.7726     10.288   277.8150 7.2791e+01     4.4291      0.378      0.549     1.9528 0.0000e+00
      0.386 1.1573e-38    11.2612     81.333     42.991  23.138205     0.7680     10.288   278.2768 7.2787e+01     4.3645      0.379      0.550     1.9433 0.0000e+00
      0.386 1.0520e-39    11.2626     81.342     43.006  23.149734     0.7911     10.289   278.5664 7.2767e+01     4.3854      0.378      0.549     1.9272 0.0000e+00
      0.386 9.5640e-41    11.2710     81.360     42.988  23.138204     0.8271     10.289   278.5639 7.2805e+01     4.4427      0.378      0.549     1.9107 0.0000e+00
      0.386 8.6945e-42    11.2788     81.379     42.976  23.125617     0.8460     10.290   277.5588 7.2990e+01     4.4428      0.378      0.549     1.9033 0.0000e+00
      0.386 7.9040e-43    11.2732     81.402     42.988  23.124370     0.8613     10.290   275.6190 7.3215e+01     4.4204      0.379      0.549     1.9090 0.0000e+00
      0.386 7.1855e-44    11.2736     81.421     43.002  23.123122     0.8874     10.291   274.8134 7.3431e+01     4.4109      0.379      0.549     1.9169 0.0000e+00
      0.386 6.5325e-45    11.2777     81.401     42.990  23.110526     0.9196     10.293   275.3894 7.3646e+01     4.4300      0.379      0.549     1.9134 0.0000e+00
      0.386 5.9385e-46    11.2818     81.347     42.975  23.098882     0.9515     10.294   275.7871 7.3755e+01     4.4125      0.378      0.549     1.9056 0.0000e+00
      0.386 5.3985e-47    11.2882     81.297     42.998  23.109164     0.9403     10.295   276.1799 7.3721e+01     4.3361      0.378      0.548     1.8962 0.0000e+00
      0.386 4.9118e-48    11.2970     81.230     42.997  23.108021     0.9003     10.295   276.9551 7.3644e+01     4.3264      0.379      0.549     1.8846 0.0000e+00
      0.387 4.8926e-49    11.2977     81.165     42.952  23.085056     0.8924     10.295   276.4708 7.3626e+01     4.3968      0.379      0.550     1.8765 0.0000e+00
      0.387 5.1458e-49    11.2848     81.115     42.944  23.085160     0.8945     10.295   274.7116 7.3644e+01     4.4693      0.379      0.550     1.8734 0.0000e+00
      0.387 5.2179e-48    11.2848     81.089     42.977  23.109277     0.8850     10.296   273.7535 7.3647e+01     4.4525      0.379      0.549     1.8719 0.0000e+00
      0.387 5.7357e-47    11.2716     81.132     42.989  23.122999     0.8680     10.297   273.5770 7.3655e+01     4.3645      0.379      0.550     1.8703 0.0000e+00
      0.387 6.3092e-46    11.2614     81.222     42.982  23.124246     0.8648     10.296   273.5234 7.3672e+01     4.3950      0.379      0.550     1.8714 0.0000e+00
      0.387 6.9401e-45    11.2561     81.309     42.981  23.124369     0.8878     10.296   274.0523 7.3711e+01     4.5152      0.378      0.549     1.8769 0.0000e+00
      0.387 7.6342e-44    11.2421     81.366     42.980  23.124483     0.8962     10.296   274.8949 7.3762e+01     4.5193      0.379      0.551     1.8851 0.0000e+00
      0.386 8.3976e-43    11.2500     81.402     42.974  23.125628     0.8837     10.297   275.1935 7.3772e+01     4.4783      0.379      0.549     1.8949 0.0000e+00
      0.386 9.2373e-42    11.2618     81.446     42.986  23.138205     0.8692     10.297   274.5652 7.3758e+01     4.4979      0.378      0.549     1.9019 0.0000e+00
      0.386 1.0161e-40    11.2764     81.476     43.002  23.149734     0.8620     10.297   273.3212 7.3706e+01     4.5171      0.379      0.550     1.9004 0.0000e+00
      0.386 1.1177e-39    11.2844     81.446     42.981  23.138204     0.8637     10.298   272.6272 7.3620e+01     4.4716      0.379      0.549     1.8977 0.0000e+00
      0.386 1.2295e-38    11.2843     81.373     42.960  23.125618     0.8559     10.298   272.7139 7.3589e+01     4.3574      0.378      0.549     1.9057 0.0000e+00
      0.386 1.3524e-37    11.2886     81.329     42.960  23.124379     0.8595     10.297   272.9061 7.3622e+01     4.3662      0.379      0.549     1.9158 0.0000e+00
      0.387 1.4877e-36    11.2957     81.334     42.955  23.123226     0.8905     10.297   273.0589 7.3683e+01     4.5099      0.379      0.550     1.9176 0.0000e+00
      0.387 1.6365e-35    11.2921     81.358     42.925  23.111676     0.8978     10.298   273.0984 7.3713e+01     4.5233      0.379      0.550     1.9167 0.0000e+00
      0.386 1.8001e-34    11.2753     81.364     42.918  23.111569     0.8643     10.299   273.2119 7.3728e+01     4.3921      0.378      0.549     1.9155 0.0000e+00
      0.386 1.9801e-33    11.2710     81.322     42.938  23.121937     0.8434     10.299   273.3990 7.3797e+01     4.2893      0.378      0.549     1.9117 0.0000e+00
      0.387 2.1781e-32    11.2735     81.287     42.920  23.110197     0.8618     10.298   273.2952 7.3860e+01     4.3058      0.379      0.550     1.9126 0.0000e+00
      0.387 2.3959e-31    11.2745     81.306     42.897  23.096457     0.8950     10.298   272.9895 7.3865e+01     4.4198      0.379      0.550     1.9211 0.0000e+00
      0.387 2.6355e-30    11.2783     81.318     42.874  23.082630     0.8955     10.298   272.5425 7.3861e+01     4.4731      0.379      0.550     1.9268 0.0000e+00
      0.387 2.8991e-29    11.2685     81.301     42.858  23.069844     0.8597     10.299   272.0197 7.3912e+01     4.4720      0.379      0.550     1.9252 0.0000e+00
      0.386 3.1890e-28    11.2589     81.283     42.873  23.068683     0.8540     10.299   271.7447 7.3974e+01     4.5420      0.379      0.549     1.9214 0.0000e+00
      0.386 3.5079e-27    11.2704     81.273     42.896  23.068578     0.8840     10.299   272.4007 7.4039e+01     4.6020      0.379      0.549     1.9196 0.0000e+00
      0.386 3.8587e-26    11.2711     81.275     42.920  23.068569     0.8975     10.299   273.5850 7.4144e+01     4.5146      0.379      0.550     1.9200 0.0000e+00
      0.386 4.2445e-25    11.2681     81.296     42.937  23.068569     0.8853     10.299   273.7603 7.4229e+01     4.3406      0.378      0.549     1.9158 0.0000e+00
      0.386 4.6690e-24    11.2690     81.318     42.942  23.068569     0.8781     10.298   273.3156 7.4292e+01     4.3422      0.379      0.550     1.9041 0.0000e+00
      0.386 5.1359e-23    11.2726     81.329     42.937  23.068570     0.8940     10.298   272.6826 7.4353e+01     4.4996      0.379      0.549     1.8890 0.0000e+00
      0.386 5.6495e-22    11.2770     81.364     42.926  23.068579     0.9109     10.299   271.6135 7.4373e+01     4.5006      0.378      0.549     1.8720 0.0000e+00
      0.387 6.2144e-21    11.2843     81.407     42.914  23.068681     0.9152     10.299   270.9712 7.4392e+01     4.3546      0.379      0.550     1.8594 0.0000e+00
      0.387 6.8359e-20    11.2915     81.424     42.908  23.069814     0.9294     10.299   270.9395 7.4436e+01     4.3398      0.379      0.550     1.8578 0.0000e+00
      0.387 7.5194e-19    11.2855     81.426     42.928  23.082278     0.9581     10.299   271.7470 7.4435e+01     4.4586      0.379      0.550     1.8620 0.0000e+00
      0.387 8.2714e-18    11.2915     81.426     42.943  23.092559     0.9531     10.298   272.9910 7.4413e+01     4.4596      0.379      0.550     1.8692 0.0000e+00
