Data/DataNotYetUploadedToEDI/Raw_CTD/RawDownloads/012126_fcr50_S7809002.cnv
* Sea-Bird SBE19plus  Data File:
* FileName = C:\R\Reservoirs\Data\DataNotYetUploadedToEDI\Raw_CTD\RawDownloads\012126_fcr50_S7809_0002.hex
* Software version 2.8.0.119
* Temperature SN = 7809
* Conductivity SN = 7809
* System UpLoad Time = Feb 09 2026 15:58:07
* <ApplicationData>
* <Seaterm232>
# nquan = 15
# nvalues = 1745                        
# units = specified
# name 0 = depFM: Depth [fresh water, m]
# name 1 = dz/dtM: Descent Rate [m/s]
# name 2 = sbeox0Mg/L: Oxygen, SBE 43 [mg/l]
# name 3 = sbeox0PS: Oxygen, SBE 43 [% saturation]
# name 4 = specc: Specific Conductance [uS/cm]
# name 5 = c0uS/cm: Conductivity [uS/cm]
# name 6 = flECO-AFL: Fluorescence, WET Labs ECO-AFL/FL [mg/m^3]
# name 7 = ph: pH
# name 8 = orp: Oxidation Reduction Potential [mV]
# name 9 = par/sat/log: PAR/Logarithmic, Satlantic
# name 10 = turbWETntu0: Turbidity, WET Labs ECO [NTU]
# name 11 = prdM: Pressure, Strain Gauge [db]
# name 12 = prdE: Pressure, Strain Gauge [psi]
# name 13 = tv290C: Temperature [ITS-90, deg C]
# name 14 = flag:  0.000e+00
# span 0 =     -0.534,      9.746       
# span 1 =     -0.191,      4.719       
# span 2 =     0.2253,    14.4498       
# span 3 =      2.143,    104.316       
# span 4 =      0.421,    140.053       
# span 5 =   0.287824,  79.551081       
# span 6 =    -0.0864,     1.9817       
# span 7 =     -2.585,     15.916       
# span 8 = -1139.7917,  1084.0137       
# span 9 = 1.2367e-01, 1.2172e+02       
# span 10 =     0.8706,   125.4927      
# span 11 =     -0.524,      9.558      
# span 12 =     -0.760,     13.862      
# span 13 =     1.8055,     9.3431      
# span 14 = 0.0000e+00, 0.0000e+00      
# interval = seconds: 0.25
# start_time = Jan 21 2026 11:41:23 [Instrument's time stamp, header]
# bad_flag = -9.990e-29
*END*
[from data line 868]
      0.007 1.8475e-08    11.0098     80.296     42.508  23.233417     0.7203      9.497   159.9597 9.1042e+01     4.4884      0.007      0.010     2.3029 0.0000e+00
      0.007 2.0323e-07    11.0092     80.291     42.485  23.221868     0.6974      9.506   159.7061 9.1415e+01     4.4694      0.007      0.011     2.3069 0.0000e+00
      0.007 2.0323e-07    11.0105     80.297     42.460  23.209176     0.6434      9.515   159.8672 9.1695e+01     4.3279      0.007      0.010     2.3154 0.0000e+00
      0.007 1.8475e-08    11.0069     80.297     42.455  23.206776     0.6253      9.523   160.3585 9.1488e+01     4.2801      0.007      0.010     2.3257 0.0000e+00
      0.007 1.6796e-09    11.0049     80.269     42.430  23.192855     0.6447      9.531   160.4849 9.1163e+01     4.3706      0.007      0.010     2.3284 0.0000e+00
      0.007 1.5269e-10    11.0027     80.215     42.390  23.167690     0.6535      9.536   160.1052 9.0959e+01     4.4987      0.007      0.010     2.3287 0.0000e+00
      0.007 1.3881e-11    11.0041     80.158     42.380  23.156160     0.6237      9.542   159.6392 9.0494e+01     4.4965      0.007      0.010     2.3304 0.0000e+00
      0.007 1.2619e-12    11.0064     80.113     42.433  23.180267     0.5841      9.547   159.4100 9.0315e+01     4.4121      0.007      0.010     2.3302 0.0000e+00
      0.007 1.1472e-13    11.0015     80.062     42.482  23.205498     0.5826      9.552   159.3126 9.0560e+01     4.4357      0.007      0.010     2.3306 0.0000e+00
      0.007 1.0429e-14    10.9937     79.994     42.488  23.207575     0.6219      9.558   159.5800 9.0552e+01     4.5090      0.007      0.010     2.3296 0.0000e+00
      0.007 9.4805e-16    10.9873     79.939     42.491  23.205384     0.6513      9.565   160.1489 9.0622e+01     4.4777      0.007      0.009     2.3178 0.0000e+00
      0.007 8.6190e-17    10.9854     79.911     42.455  23.179000     0.6461      9.570   160.4257 9.0824e+01     4.3656      0.007      0.009     2.3112 0.0000e+00
      0.007 7.8355e-18    10.9793     79.910     42.398  23.142212     0.6430      9.574   160.5172 9.0571e+01     4.3485      0.007      0.010     2.3120 0.0000e+00
      0.007 7.1230e-19    10.9668     79.915     42.402  23.141069     0.6470      9.579   160.5677 9.0291e+01     4.3740      0.008      0.011     2.3115 0.0000e+00
      0.007 6.4755e-20    10.9609     79.918     42.445  23.165176     0.6525      9.584   160.4338 9.0434e+01     4.2982      0.007      0.010     2.3072 0.0000e+00
      0.007 5.8870e-21    10.9593     79.929     42.467  23.180031     0.6681      9.589   160.1886 9.0483e+01     4.2515      0.008      0.011     2.2970 0.0000e+00
      0.007 5.3515e-22    10.9634     79.958     42.491  23.193855     0.6776      9.594   159.9265 9.0483e+01     4.2870      0.007      0.010     2.2901 0.0000e+00
      0.007 4.8651e-23    10.9654     79.987     42.515  23.205498     0.6756      9.598   159.7597 9.0633e+01     4.3856      0.007      0.010     2.2859 0.0000e+00
      0.007 4.4228e-24    10.9651     79.991     42.492  23.193978     0.6601      9.601   159.7202 9.0646e+01     4.4875      0.007      0.009     2.2856 0.0000e+00
      0.007 4.0207e-25    10.9643     79.988     42.460  23.181401     0.6236      9.603   159.6213 9.0782e+01     4.4602      0.007      0.010     2.2923 0.0000e+00
      0.007 3.6552e-26    10.9675     79.988     42.446  23.180258     0.5845      9.607   159.5105 9.0859e+01     4.3638      0.007      0.010     2.2938 0.0000e+00
      0.007 3.3229e-27    10.9771     79.990     42.435  23.180163     0.5787      9.612   159.5854 9.0638e+01     4.3471      0.007      0.010     2.2892 0.0000e+00
      0.007 3.0208e-28    10.9736     80.004     42.427  23.180257     0.6118      9.615   159.7517 9.0652e+01     4.3598      0.007      0.010     2.2899 0.0000e+00
      0.007 2.7462e-29    10.9716     80.009     42.426  23.181400     0.6349      9.618   159.7146 9.0808e+01     4.2778      0.007      0.010     2.2970 0.0000e+00
      0.007 2.4966e-30    10.9701     80.007     42.450  23.193978     0.6325      9.622   158.8786 9.0780e+01     4.2107      0.007      0.010     2.3051 0.0000e+00
      0.007 2.2696e-31    10.9653     80.005     42.472  23.205517     0.6330      9.626   157.4737 9.0630e+01     4.2647      0.007      0.010     2.3129 0.0000e+00
      0.007 2.0633e-32    10.9692     79.997     42.449  23.194092     0.6491      9.630   156.7524 9.0423e+01     4.3843      0.007      0.010     2.3182 0.0000e+00
      0.007 1.8757e-33    10.9677     79.972     42.429  23.182659     0.6611      9.632   156.6108 9.0462e+01     4.4275      0.007      0.010     2.3210 0.0000e+00
      0.007 1.7052e-34    10.9678     79.925     42.453  23.194102     0.6446      9.635   156.7077 9.0700e+01     4.3435      0.007      0.010     2.3190 0.0000e+00
      0.007 1.5502e-35    10.9685     79.890     42.473  23.205632     0.6409      9.639   157.0633 9.0720e+01     4.3580      0.007      0.010     2.3166 0.0000e+00
      0.007 1.4093e-36    10.9665     79.895     42.444  23.195236     0.6663      9.642   157.1247 9.0650e+01     4.4669      0.006      0.009     2.3202 0.0000e+00
      0.007 1.2811e-37    10.9648     79.915     42.426  23.195235     0.6862      9.645   156.6752 9.0574e+01     4.4651      0.007      0.010     2.3201 0.0000e+00
      0.007 1.1647e-38    10.9571     79.928     42.427  23.205620     0.6813      9.648   156.0171 9.0375e+01     4.3705      0.007      0.011     2.3158 0.0000e+00
      0.007 1.0588e-39    10.9499     79.961     42.399  23.193986     0.6478      9.651   155.7061 9.0294e+01     4.2787      0.007      0.011     2.3158 0.0000e+00
      0.007 9.6255e-41    10.9509     80.030     42.381  23.181400     0.6235      9.653   155.6682 9.0396e+01     4.2432      0.007      0.010     2.3215 0.0000e+00
      0.007 8.7505e-42    10.9522     80.100     42.388  23.180265     0.6373      9.655   155.7320 9.0590e+01     4.2157      0.007      0.010     2.3349 0.0000e+00
      0.007 7.9550e-43    10.9464     80.132     42.396  23.180265     0.6567      9.658   155.9615 9.0899e+01     4.2192      0.007      0.010     2.3505 0.0000e+00
      0.007 7.2315e-44    10.9484     80.127     42.404  23.181400     0.6492      9.661   156.0331 9.1183e+01     4.3191      0.007      0.010     2.3546 0.0000e+00
      0.007 6.5743e-45    10.9624     80.121     42.432  23.193977     0.6301      9.662   156.1671 9.1282e+01     4.3986      0.007      0.010     2.3491 0.0000e+00
      0.007 6.0072e-46    10.9761     80.123     42.457  23.205508     0.6174      9.666   156.5492 9.1148e+01     4.4295      0.007      0.010     2.3421 0.0000e+00
      0.007 8.8103e-47    10.9822     80.114     42.437  23.193988     0.6039      9.669   156.6952 9.0923e+01     4.4535      0.007      0.010     2.3365 0.0000e+00
      0.007 3.7644e-46    10.9798     80.075     42.412  23.181514     0.5834      9.671   156.6417 9.0670e+01     4.3813      0.007      0.010     2.3330 0.0000e+00
      0.007 4.0869e-45    10.9789     79.997     42.410  23.181515     0.5776      9.673   156.5916 9.0505e+01     4.3423      0.007      0.010     2.3303 0.0000e+00
      0.007 4.4951e-44    10.9824     79.924     42.432  23.194009     0.6084      9.675   156.6053 9.0610e+01     4.4263      0.007      0.011     2.3273 0.0000e+00
      0.007 4.9446e-43    10.9810     79.893     42.454  23.205747     0.6398      9.676   156.7213 9.0604e+01     4.4403      0.007      0.010     2.3263 0.0000e+00
      0.007 5.4391e-42    10.9776     79.873     42.438  23.196608     0.6319      9.679   156.7895 9.0519e+01     4.3748      0.007      0.011     2.3284 0.0000e+00
      0.007 5.9830e-41    10.9630     79.843     42.462  23.210339     0.6215      9.681   157.0859 9.0615e+01     4.3514      0.007      0.010     2.3304 0.0000e+00
      0.007 6.5813e-40    10.9495     79.837     42.523  23.244937     0.6557      9.682   157.5514 9.0645e+01     4.3969      0.008      0.011     2.3306 0.0000e+00
      0.007 7.2394e-39    10.9487     79.874     42.500  23.234448     0.7130      9.685   157.6860 9.0705e+01     4.4461      0.007      0.010     2.3304 0.0000e+00
      0.007 7.9634e-38    10.9478     79.915     42.450  23.210339     0.7320      9.687   157.5092 9.0800e+01     4.4000      0.007      0.011     2.3296 0.0000e+00
      0.007 8.7597e-37    10.9415     79.950     42.435  23.207108     0.7101      9.689   157.1346 9.0813e+01     4.3512      0.007      0.010     2.3295 0.0000e+00
      0.007 9.6357e-36    10.9364     79.980     42.403  23.195379     0.6887      9.691   156.7696 9.0950e+01     4.4037      0.007      0.010     2.3317 0.0000e+00
      0.007 1.0599e-34    10.9467     79.990     42.393  23.195359     0.6653      9.693   156.6239 9.1120e+01     4.4195      0.007      0.010     2.3337 0.0000e+00
      0.007 1.1659e-33    10.9502     80.000     42.408  23.206878     0.6515      9.693   156.7489 9.1111e+01     4.3368      0.007      0.011     2.3370 0.0000e+00
      0.007 1.2825e-32    10.9524     80.013     42.404  23.207832     0.6551      9.694   156.9906 9.1028e+01     4.2919      0.007      0.010     2.3427 0.0000e+00
      0.007 1.4108e-31    10.9571     80.012     42.398  23.206888     0.6429      9.696   157.0517 9.0972e+01     4.3219      0.007      0.010     2.3506 0.0000e+00
      0.007 1.5518e-30    10.9533     80.012     42.376  23.195462     0.6450      9.699   157.0576 9.0963e+01     4.3914      0.007      0.010     2.3576 0.0000e+00
      0.007 1.7070e-29    10.9540     80.023     42.380  23.196520     0.6644      9.700   157.1475 9.0920e+01     4.4492      0.007      0.011     2.3613 0.0000e+00
      0.007 1.8777e-28    10.9563     80.012     42.426  23.219684     0.6521      9.701   157.1921 9.0904e+01     4.4055      0.006      0.009     2.3645 0.0000e+00
      0.007 2.0655e-27    10.9547     79.997     42.434  23.221867     0.6461      9.703   157.2534 9.0953e+01     4.4092      0.007      0.010     2.3677 0.0000e+00
      0.007 2.2720e-26    10.9514     79.990     42.442  23.222917     0.6676      9.705   157.2856 9.0973e+01     4.5284      0.007      0.011     2.3684 0.0000e+00
      0.007 2.4992e-25    10.9583     79.962     42.466  23.232369     0.6781      9.706   157.2381 9.1051e+01     4.5831      0.007      0.010     2.3674 0.0000e+00
      0.007 2.7492e-24    10.9554     79.954     42.431  23.209320     0.6650      9.708   157.2810 9.1094e+01     4.4897      0.008      0.011     2.3651 0.0000e+00
      0.007 3.0241e-23    10.9509     79.985     42.416  23.197887     0.6423      9.709   157.2876 9.1083e+01     4.3548      0.007      0.011     2.3619 0.0000e+00
      0.007 3.3265e-22    10.9581     79.997     42.462  23.220964     0.6367      9.710   157.2325 9.1095e+01     4.3869      0.007      0.010     2.3583 0.0000e+00
      0.007 3.6591e-21    10.9495     79.979     42.488  23.234684     0.6303      9.711   157.3028 9.1015e+01     4.4345      0.007      0.011     2.3534 0.0000e+00
      0.008 4.0251e-20    10.9481     79.958     42.492  23.236953     0.5991      9.714   157.4492 9.0890e+01     4.3159      0.008      0.011     2.3484 0.0000e+00
      0.008 4.4276e-19    10.9599     79.942     42.513  23.248396     0.5671      9.716   157.2814 9.0835e+01     4.2510      0.008      0.011     2.3449 0.0000e+00
      0.007 4.8703e-18    10.9613     79.940     42.509  23.246214     0.5681      9.716   156.8233 9.0894e+01     4.3334      0.007      0.010     2.3424 0.0000e+00
      0.007 5.3573e-17    10.9572     79.951     42.443  23.210568     0.6032      9.717   156.6431 9.1011e+01     4.4236      0.007      0.010     2.3417 0.0000e+00
      0.007 5.8931e-16    10.9537     79.936     42.417  23.197886     0.6162      9.719   156.6506 9.1081e+01     4.3855      0.007      0.011     2.3424 0.0000e+00
      0.007 6.4824e-15    10.9518     79.896     42.452  23.219698     0.5920      9.721   156.6563 9.1070e+01     4.2817      0.007      0.011     2.3427 0.0000e+00
      0.007 7.1306e-14    10.9500     79.886     42.448  23.220643     0.5853      9.723   156.7980 9.0969e+01     4.2960      0.007      0.010     2.3421 0.0000e+00
      0.007 7.8437e-13    10.9551     79.912     42.423  23.209310     0.6112      9.724   156.9872 9.0854e+01     4.3876      0.007      0.010     2.3419 0.0000e+00
      0.008 8.6281e-12    10.9540     79.940     42.421  23.209508     0.6219      9.725   157.1375 9.0839e+01     4.3991      0.008      0.011     2.3443 0.0000e+00
      0.008 9.4909e-11    10.9403     79.942     42.442  23.223039     0.5981      9.726   157.0658 9.0789e+01     4.3324      0.008      0.011     2.3483 0.0000e+00
      0.008 1.0440e-09    10.9402     79.947     42.479  23.246089     0.5812      9.727   156.7231 9.0735e+01     4.2984      0.007      0.010     2.3516 0.0000e+00
      0.008 1.1484e-08    10.9440     79.979     42.449  23.234550     0.6085      9.728   156.4350 9.0728e+01     4.3639      0.007      0.011     2.3538 0.0000e+00
      0.008 1.2632e-07    10.9503     80.027     42.393  23.210347     0.6619      9.730   156.3355 9.0661e+01     4.4408      0.007      0.011     2.3554 0.0000e+00
      0.008      0.000    10.9476     80.086     42.373  23.207115     0.6774      9.731   156.3813 9.0683e+01     4.4093      0.007      0.011     2.3577 0.0000e+00
      0.008      0.000    10.9441     80.124     42.343  23.195480     0.6469      9.732   156.4727 9.0728e+01     4.3922      0.007      0.010     2.3613 0.0000e+00
      0.008      0.000    10.9514     80.139     42.345  23.196511     0.6259      9.733   156.4934 9.0711e+01     4.5414      0.007      0.011     2.3654 0.0000e+00
      0.008      0.002    10.9520     80.159     42.395  23.219579     0.6313      9.733   156.7173 9.0658e+01     4.7101      0.008      0.011     2.3736 0.0000e+00
      0.008      0.005    10.9617     80.171     42.405  23.220732     0.6371      9.731   157.0291 9.0405e+01     4.6899      0.007      0.011     2.3840 0.0000e+00
      0.008      0.009    10.9640     80.144     42.391  23.210441     0.6221      9.724   156.8219 9.0148e+01     4.5361      0.009      0.011     2.3917 0.0000e+00
      0.009      0.012    10.9630     80.082     42.419  23.221972     0.6158      9.713   156.4490 9.0399e+01     4.4571      0.007      0.010     2.3915 0.0000e+00
      0.014      0.014    10.9696     80.014     42.445  23.233322     0.6523      9.702   156.4785 9.0487e+01     4.4861      0.011      0.015     2.3835 0.0000e+00
      0.022      0.014    10.9753     79.951     42.424  23.220849     0.6720      9.694   156.4900 9.0549e+01     4.4419      0.023      0.034     2.3787 0.0000e+00
      0.028      0.013    10.9717     79.902     42.380  23.197988     0.6461      9.689   156.2450 9.1474e+01     4.3327      0.029      0.042     2.3766 0.0000e+00
      0.029      0.012    10.9619     79.852     42.400  23.210576     0.6302      9.684   156.5272 9.3579e+01     4.3271      0.029      0.041     2.3719 0.0000e+00
      0.030      0.007    10.9552     79.782     42.465  23.246214     0.6466      9.681   157.4057 9.2895e+01     4.4075      0.028      0.042     2.3669 0.0000e+00
      0.031      0.001    10.9447     79.745     42.470  23.248395     0.6701      9.678   157.9197 8.6755e+01     4.4512      0.030      0.044     2.3659 0.0000e+00
      0.033     -0.002    10.9384     79.776     42.451  23.236960     0.6645      9.673   158.0962 8.2542e+01     4.3780      0.033      0.048     2.3683 0.0000e+00
      0.033      0.003    10.9340     79.825     42.449  23.234777     0.6611      9.661   158.2482 8.5682e+01     4.3073      0.033      0.048     2.3709 0.0000e+00
      0.029      0.012    10.9198     79.861     42.425  23.222002     0.6963      9.638   158.0370 9.2175e+01     4.3819      0.033      0.048     2.3711 0.0000e+00
