Data/DataNotYetUploadedToEDI/Raw_CTD/RawDownloads/012126_fcr50_S7809002.cnv
* Sea-Bird SBE19plus  Data File:
* FileName = C:\R\Reservoirs\Data\DataNotYetUploadedToEDI\Raw_CTD\RawDownloads\012126_fcr50_S7809_0002.hex
* Software version 2.8.0.119
* Temperature SN = 7809
* Conductivity SN = 7809
* System UpLoad Time = Feb 09 2026 15:58:07
* <ApplicationData>
* <Seaterm232>
# nquan = 15
# nvalues = 1745                        
# units = specified
# name 0 = depFM: Depth [fresh water, m]
# name 1 = dz/dtM: Descent Rate [m/s]
# name 2 = sbeox0Mg/L: Oxygen, SBE 43 [mg/l]
# name 3 = sbeox0PS: Oxygen, SBE 43 [% saturation]
# name 4 = specc: Specific Conductance [uS/cm]
# name 5 = c0uS/cm: Conductivity [uS/cm]
# name 6 = flECO-AFL: Fluorescence, WET Labs ECO-AFL/FL [mg/m^3]
# name 7 = ph: pH
# name 8 = orp: Oxidation Reduction Potential [mV]
# name 9 = par/sat/log: PAR/Logarithmic, Satlantic
# name 10 = turbWETntu0: Turbidity, WET Labs ECO [NTU]
# name 11 = prdM: Pressure, Strain Gauge [db]
# name 12 = prdE: Pressure, Strain Gauge [psi]
# name 13 = tv290C: Temperature [ITS-90, deg C]
# name 14 = flag:  0.000e+00
# span 0 =     -0.534,      9.746       
# span 1 =     -0.191,      4.719       
# span 2 =     0.2253,    14.4498       
# span 3 =      2.143,    104.316       
# span 4 =      0.421,    140.053       
# span 5 =   0.287824,  79.551081       
# span 6 =    -0.0864,     1.9817       
# span 7 =     -2.585,     15.916       
# span 8 = -1139.7917,  1084.0137       
# span 9 = 1.2367e-01, 1.2172e+02       
# span 10 =     0.8706,   125.4927      
# span 11 =     -0.524,      9.558      
# span 12 =     -0.760,     13.862      
# span 13 =     1.8055,     9.3431      
# span 14 = 0.0000e+00, 0.0000e+00      
# interval = seconds: 0.25
# start_time = Jan 21 2026 11:41:23 [Instrument's time stamp, header]
# bad_flag = -9.990e-29
*END*
[from data line 1446]
      6.144      0.053    10.2955     77.094     42.135  23.849689     0.9874      9.704   101.7495 6.5691e-01     4.7220      6.023      8.736     3.2929 0.0000e+00
      6.155      0.055    10.2987     77.093     42.129  23.850358     0.9950      9.703   102.5167 6.4270e-01     4.6731      6.034      8.752     3.2931 0.0000e+00
      6.171      0.058    10.2999     77.118     42.138  23.856647     0.9724      9.703   101.4934 6.2334e-01     4.5773      6.050      8.775     3.2933 0.0000e+00
      6.190      0.060    10.2982     77.165     42.150  23.862309     0.9884      9.703    99.2708 6.0847e-01     4.5886      6.070      8.804     3.2946 0.0000e+00
      6.209      0.060    10.2917     77.212     42.140  23.855401     1.0563      9.702    97.9276 6.0525e-01     4.7416      6.091      8.834     3.2999 0.0000e+00
      6.226      0.059    10.2904     77.250     42.105  23.836534     1.1101      9.701    97.6430 5.9625e-01     4.8894      6.107      8.857     3.3074 0.0000e+00
      6.239      0.056    10.2923     77.278     42.081  23.824437     1.1063      9.702    98.0658 5.8762e-01     4.8734      6.118      8.874     3.3086 0.0000e+00
      6.250      0.055    10.3015     77.274     42.101  23.835967     1.0599      9.703    99.2546 5.8317e-01     4.7529      6.130      8.889     3.3047 0.0000e+00
      6.261      0.056    10.3093     77.253     42.126  23.849111     0.9908      9.702   100.2292 5.6689e-01     4.7299      6.140      8.905     3.3030 0.0000e+00
      6.275      0.059    10.3115     77.232     42.140  23.856534     0.9288      9.700   100.2132 5.4759e-01     4.7668      6.152      8.924     3.3053 0.0000e+00
      6.291      0.063    10.3186     77.200     42.150  23.862300     0.9005      9.700    99.3194 5.4154e-01     4.7207      6.169      8.948     3.3083 0.0000e+00
      6.309      0.066    10.3156     77.156     42.137  23.855412     0.8814      9.700    98.5433 5.3639e-01     4.6165      6.187      8.973     3.3078 0.0000e+00
      6.329      0.067    10.3123     77.110     42.104  23.836659     0.8648      9.701    98.2281 5.3443e-01     4.6000      6.206      9.000     3.3056 0.0000e+00
      6.348      0.066    10.3110     77.061     42.084  23.825804     0.8739      9.700    98.0893 5.3459e-01     4.6911      6.226      9.031     3.3053 0.0000e+00
      6.365      0.066    10.3066     77.011     42.129  23.850999     0.8745      9.698    98.0694 5.2261e-01     4.7285      6.243      9.055     3.3059 0.0000e+00
      6.379      0.066    10.2995     76.970     42.193  23.887630     0.8479      9.698    98.6768 5.0385e-01     4.6421      6.255      9.073     3.3060 0.0000e+00
      6.393      0.066    10.2937     76.945     42.193  23.888210     0.8596      9.697    99.8402 4.8450e-01     4.6710      6.268      9.090     3.3064 0.0000e+00
      6.409      0.065    10.2876     76.937     42.139  23.858010     0.9247      9.697    99.4887 4.7376e-01     4.8734      6.284      9.114     3.3066 0.0000e+00
      6.429      0.063    10.2796     76.929     42.109  23.839572     0.9618      9.698    97.4373 4.7070e-01     4.9709      6.304      9.144     3.3061 0.0000e+00
      6.449      0.061    10.2747     76.925     42.141  23.855525     0.9420      9.698    95.9444 4.6250e-01     4.8929      6.325      9.174     3.3059 0.0000e+00
      6.465      0.059    10.2694     76.944     42.153  23.860643     0.9093      9.698    95.4632 4.5400e-01     4.7505      6.342      9.198     3.3079 0.0000e+00
      6.476      0.056    10.2705     76.962     42.116  23.838035     0.9070      9.697    95.5763 4.5154e-01     4.6843      6.351      9.211     3.3091 0.0000e+00
      6.487      0.054    10.2698     76.966     42.115  23.835832     0.9399      9.697    96.1933 4.4108e-01     4.6729      6.360      9.223     3.3062 0.0000e+00
      6.500      0.053    10.2675     76.969     42.114  23.834008     0.9489      9.697    96.6428 4.3036e-01     4.6127      6.374      9.245     3.3035 0.0000e+00
      6.514      0.054    10.2734     76.970     42.084  23.815982     0.8994      9.698    96.5375 4.2514e-01     4.5369      6.389      9.266     3.3017 0.0000e+00
      6.528      0.057    10.2772     76.973     42.072  23.808120     0.8492      9.698    95.7809 4.1561e-01     4.5766      6.402      9.285     3.2989 0.0000e+00
      6.543      0.059    10.2763     76.993     42.062  23.802364     0.8501      9.697    94.7214 4.1876e-01     4.7166      6.416      9.306     3.2975 0.0000e+00
      6.559      0.060    10.2776     77.024     42.075  23.809797     0.8677      9.697    94.1377 4.2380e-01     4.7262      6.432      9.329     3.2966 0.0000e+00
      6.575      0.061    10.2784     77.050     42.118  23.834585     0.8540      9.697    93.8859 4.0563e-01     4.6250      6.448      9.352     3.2947 0.0000e+00
      6.591      0.061    10.2774     77.081     42.142  23.848410     0.8435      9.696    93.6565 3.8523e-01     4.6202      6.464      9.375     3.2936 0.0000e+00
      6.606      0.061    10.2810     77.135     42.144  23.850131     0.8653      9.696    93.6867 3.8113e-01     4.7024      6.479      9.396     3.2935 0.0000e+00
      6.621      0.062    10.2861     77.188     42.152  23.855390     0.8842      9.696    94.5943 3.8584e-01     4.7309      6.493      9.417     3.2938 0.0000e+00
      6.637      0.063    10.2894     77.223     42.137  23.848578     0.8804      9.696    95.6825 3.8729e-01     4.6577      6.508      9.440     3.2941 0.0000e+00
      6.652      0.063    10.2904     77.250     42.105  23.831179     0.8699      9.695    95.5726 3.6984e-01     4.5677      6.523      9.462     3.2946 0.0000e+00
      6.668      0.061    10.3006     77.272     42.111  23.835276     0.8809      9.695    95.0723 3.5319e-01     4.5994      6.539      9.484     3.2951 0.0000e+00
      6.687      0.057    10.3082     77.305     42.110  23.834700     0.8975      9.695    94.5386 3.5290e-01     4.6994      6.558      9.509     3.2960 0.0000e+00
      6.705      0.053    10.3107     77.323     42.091  23.824209     0.8877      9.694    93.6792 3.3938e-01     4.6838      6.577      9.539     3.2976 0.0000e+00
      6.717      0.048    10.3158     77.302     42.111  23.835266     0.8870      9.693    93.2861 3.2679e-01     4.6163      6.590      9.558     3.2990 0.0000e+00
      6.724      0.043    10.3151     77.272     42.122  23.841555     0.9143      9.693    94.5179 3.3481e-01     4.6350      6.594      9.564     3.2997 0.0000e+00
      6.732      0.038    10.3224     77.254     42.113  23.836830     0.9344      9.693    96.4414 3.3783e-01     4.6698      6.600      9.574     3.3000 0.0000e+00
      6.742      0.034    10.3267     77.229     42.121  23.841556     0.9476      9.693    96.5806 3.3494e-01     4.6278      6.612      9.590     3.3001 0.0000e+00
      6.752      0.031    10.3214     77.194     42.110  23.835276     0.9318      9.693    95.5993 3.3804e-01     4.5027      6.623      9.606     3.2998 0.0000e+00
      6.759      0.029    10.3155     77.162     42.091  23.824323     0.8928      9.692    94.2985 3.3720e-01     4.4212      6.628      9.613     3.2997 0.0000e+00
      6.766      0.028    10.3157     77.127     42.111  23.835957     0.8852      9.692    92.5548 3.2955e-01     4.4618      6.634      9.622     3.3002 0.0000e+00
      6.773      0.028    10.3118     77.104     42.134  23.849112     0.8816      9.692    91.5515 3.2595e-01     4.4477      6.644      9.636     3.3008 0.0000e+00
      6.778      0.028    10.3050     77.088     42.147  23.856545     0.8731      9.692    92.8360 3.1800e-01     4.3876      6.648      9.642     3.3006 0.0000e+00
      6.783      0.027    10.3038     77.046     42.158  23.862414     0.8826      9.692    95.7829 3.0915e-01     4.4514      6.650      9.644     3.3000 0.0000e+00
      6.793      0.026    10.2964     77.005     42.148  23.856659     0.9056      9.692    96.5515 3.1179e-01     4.5709      6.661      9.660     3.3001 0.0000e+00
      6.805      0.024    10.2931     76.992     42.136  23.850371     0.9423      9.691    94.9020 3.0192e-01     4.6714      6.675      9.682     3.3005 0.0000e+00
      6.811      0.024    10.2954     76.982     42.135  23.849798     0.9521      9.690    93.7358 2.8857e-01     4.6759      6.681      9.690     3.3007 0.0000e+00
      6.813      0.025    10.2863     76.970     42.135  23.849742     0.9322      9.689    93.2062 3.0172e-01     4.6248      6.680      9.689     3.3008 0.0000e+00
      6.815      0.026    10.2788     76.967     42.134  23.849685     0.9355      9.688    92.1977 3.1910e-01     4.7020      6.681      9.692     3.3005 0.0000e+00
      6.820      0.028    10.2800     76.978     42.133  23.849113     0.9591      9.688    91.0069 3.1845e-01     4.7555      6.686      9.697     3.3006 0.0000e+00
      6.830      0.032    10.2785     77.021     42.123  23.842824     0.9678      9.687    91.7997 3.0369e-01     4.6918      6.697      9.713     3.3008 0.0000e+00
      6.843      0.037    10.2753     77.081     42.113  23.837059     0.9566      9.687    93.9537 2.9754e-01     4.6488      6.712      9.735     3.3009 0.0000e+00
      6.853      0.041    10.2761     77.127     42.123  23.842824     0.9653      9.687    94.3369 2.9865e-01     4.6452      6.721      9.748     3.3012 0.0000e+00
      6.862      0.044    10.2750     77.164     42.134  23.849114     0.9980      9.687    93.4208 2.7391e-01     4.6822      6.728      9.760     3.3013 0.0000e+00
      6.872      0.046    10.2820     77.205     42.134  23.849691     1.0105      9.687    91.6533 2.5413e-01     4.6524      6.738      9.774     3.3008 0.0000e+00
      6.883      0.048    10.2932     77.270     42.134  23.849805     0.9913      9.686    88.9698 2.6046e-01     4.5576      6.749      9.789     3.3005 0.0000e+00
      6.897      0.050    10.2971     77.325     42.134  23.850485     0.9824      9.686    87.7330 2.6886e-01     4.5955      6.763      9.809     3.3006 0.0000e+00
      6.912      0.054    10.3035     77.343     42.146  23.857919     1.0036      9.686    89.4329 2.7078e-01     4.7005      6.779      9.832     3.3009 0.0000e+00
      6.926      0.061    10.3047     77.346     42.176  23.876273     1.0146      9.686    92.4879 2.5730e-01     4.7346      6.794      9.853     3.3013 0.0000e+00
      6.939      0.071    10.3167     77.343     42.179  23.882152     0.9820      9.686    94.0399 2.4417e-01     4.7683      6.805      9.870     3.3020 0.0000e+00
      6.954      0.080    10.3267     77.336     42.136  23.865590     0.9259      9.685    94.1747 2.3997e-01     4.8351      6.815      9.886     3.3025 0.0000e+00
      6.974      0.088    10.3252     77.327     42.122  23.866270     0.9107      9.685    93.6876 2.3359e-01     4.8936      6.835      9.914     3.3030 0.0000e+00
      7.004      0.094    10.3264     77.314     42.154  23.890388     0.9395      9.685    92.6243 2.2564e-01     4.8941      6.867      9.961     3.3036 0.0000e+00
      7.034      0.098    10.3246     77.301     42.171  23.903534     0.9412      9.684    91.9869 2.1721e-01     4.8068      6.900     10.009     3.3072 0.0000e+00
      7.061      0.098    10.3203     77.276     42.160  23.898389     0.9057      9.684    92.7781 2.0384e-01     4.7267      6.926     10.044     3.3187 0.0000e+00
      7.085      0.095    10.3162     77.217     42.148  23.891594     0.8940      9.684    94.3615 1.9429e-01     4.7790      6.949     10.079     3.3308 0.0000e+00
      7.107      0.090    10.3123     77.133     42.136  23.884790     0.9160      9.684    94.6976 1.9579e-01     4.8930      6.971     10.111     3.3374 0.0000e+00
      7.127      0.086    10.3096     77.044     42.126  23.879541     0.9225      9.683    93.5722 1.8581e-01     4.8760      6.989     10.137     3.3406 0.0000e+00
      7.148      0.082    10.3086     76.947     42.147  23.891543     0.9053      9.682    91.5098 1.6737e-01     4.7087      7.009     10.165     3.3418 0.0000e+00
      7.171      0.078    10.2992     76.837     42.167  23.903082     0.9076      9.681    89.1200 1.6016e-01     4.6126      7.033     10.199     3.3421 0.0000e+00
      7.193      0.074    10.2868     76.727     42.147  23.892224     0.9335      9.680    87.6492 1.6236e-01     4.6709      7.056     10.233     3.3420 0.0000e+00
      7.211      0.069    10.2755     76.634     42.138  23.887087     0.9530      9.679    87.4068 1.7031e-01     4.6959      7.074     10.260     3.3419 0.0000e+00
      7.226      0.065    10.2627     76.567     42.168  23.904392     0.9432      9.680    87.7379 1.7038e-01     4.6419      7.086     10.278     3.3424 0.0000e+00
      7.240      0.063    10.2472     76.528     42.180  23.911205     0.9066      9.681    87.6950 1.7030e-01     4.5988      7.100     10.297     3.3431 0.0000e+00
      7.255      0.065    10.2312     76.497     42.171  23.906051     0.9011      9.681    87.2320 1.7638e-01     4.6519      7.115     10.320     3.3434 0.0000e+00
      7.270      0.070    10.2191     76.444     42.169  23.905484     0.9347      9.680    86.6141 1.6656e-01     4.7720      7.129     10.339     3.3435 0.0000e+00
      7.286      0.078    10.2090     76.403     42.165  23.904350     0.9386      9.678    85.9022 1.5151e-01     4.7531      7.143     10.360     3.3435 0.0000e+00
      7.306      0.084    10.2053     76.412     42.142  23.892338     0.9316      9.677    85.4222 1.4440e-01     4.6629      7.162     10.388     3.3434 0.0000e+00
      7.332      0.089    10.2036     76.431     42.132  23.887088     0.9425      9.677    85.1976 1.3841e-01     4.7054      7.189     10.427     3.3431 0.0000e+00
      7.360      0.091    10.1950     76.441     42.161  23.904279     0.9373      9.677    85.0801 1.3617e-01     4.7557      7.219     10.470     3.3438 0.0000e+00
      7.385      0.090    10.1835     76.448     42.171  23.909949     0.9184      9.677    85.0343 1.3842e-01     4.6559      7.243     10.505     3.3454 0.0000e+00
      7.407      0.086    10.1907     76.450     42.140  23.892225     0.8966      9.677    84.9882 1.3742e-01     4.5234      7.264     10.536     3.3466 0.0000e+00
      7.428      0.081    10.1925     76.451     42.119  23.880231     0.9070      9.676    84.7807 1.3173e-01     4.5544      7.286     10.567     3.3475 0.0000e+00
      7.447      0.075    10.1927     76.430     42.139  23.891771     0.9441      9.676    84.2465 1.2958e-01     4.6544      7.304     10.593     3.3479 0.0000e+00
      7.464      0.069    10.1950     76.387     42.163  23.904917     0.9456      9.676    83.4331 1.3391e-01     4.6737      7.319     10.616     3.3481 0.0000e+00
      7.482      0.063    10.1931     76.374     42.177  23.912349     0.9167      9.675    82.6893 1.3675e-01     4.6851      7.338     10.642     3.3481 0.0000e+00
      7.500      0.057    10.1957     76.374     42.188  23.918218     0.9029      9.675    82.1367 1.3665e-01     4.7236      7.356     10.669     3.3479 0.0000e+00
      7.515      0.052    10.1937     76.324     42.178  23.912463     0.9195      9.675    81.9135 1.3690e-01     4.7976      7.371     10.691     3.3479 0.0000e+00
      7.525      0.049    10.1838     76.289     42.167  23.906175     0.9346      9.674    82.0556 1.3126e-01     4.8633      7.381     10.705     3.3475 0.0000e+00
      7.533      0.048    10.1814     76.353     42.166  23.905602     0.9280      9.673    82.0482 1.2637e-01     4.8346      7.387     10.715     3.3469 0.0000e+00
      7.542      0.049    10.1905     76.444     42.167  23.905546     0.9308      9.674    81.7379 1.2648e-01     4.8606      7.395     10.727     3.3465 0.0000e+00
      7.555      0.051    10.1770     76.442     42.167  23.905490     0.9594      9.674    81.4015 1.2506e-01     4.9726      7.408     10.744     3.3463 0.0000e+00
      7.570      0.056    10.1664     76.396     42.166  23.904918     0.9829      9.673    81.2500 1.2391e-01     4.9596      7.423     10.766     3.3461 0.0000e+00
