Data/DataNotYetUploadedToEDI/Raw_CTD/RawDownloads/020723_fcr50_S8188003.cnv
* Sea-Bird SBE19plus  Data File:
* FileName = C:\R\Reservoirs\Data\DataNotYetUploadedToEDI\Raw_CTD\RawDownloads\011123_fcr50_S8188_0003.hex
* Software version 2.8.0.119
* Temperature SN = 8188
* Conductivity SN = 8188
* System UpLoad Time = Mar 20 2023 14:55:28
* <ApplicationData>
* <Seaterm232>
# nquan = 16
# nvalues = 2654                        
# units = specified
# name 0 = depFM: Depth [fresh water, m]
# name 1 = dz/dtM: Descent Rate [m/s]
# name 2 = sbeox0Mg/L: Oxygen, SBE 43 [mg/l]
# name 3 = sbeox0PS: Oxygen, SBE 43 [% saturation]
# name 4 = specc: Specific Conductance [uS/cm]
# name 5 = c0uS/cm: Conductivity [uS/cm]
# name 6 = wetCDOM: Fluorescence, WET Labs CDOM [mg/m^3]
# name 7 = flECO-AFL: Fluorescence, WET Labs ECO-AFL/FL [mg/m^3]
# name 8 = flECO-AFL1: Fluorescence, WET Labs ECO-AFL/FL, 2 [mg/m^3]
# name 9 = flECO-AFL2: Fluorescence, WET Labs ECO-AFL/FL, 3 [mg/m^3]
# name 10 = par/sat/log: PAR/Logarithmic, Satlantic
# name 11 = turbWETntu0: Turbidity, WET Labs ECO [NTU]
# name 12 = prdM: Pressure, Strain Gauge [db]
# name 13 = prdE: Pressure, Strain Gauge [psi]
# name 14 = tv290C: Temperature [ITS-90, deg C]
# name 15 = flag:  0.000e+00
# span 0 =     -0.584,      9.758       
# span 1 =     -0.286,      0.144       
# span 2 =     1.9958,    13.5686       
# span 3 =     15.423,    105.823       
# span 4 =      0.010,    466.041       
# span 5 =   0.008204, 275.580600       
# span 6 =    -4.5000,    26.5500       
# span 7 =    -2.9346,   245.1771       
# span 8 =    -2.8542,     1.6188       
# span 9 =    -6.8103,    16.5393       
# span 10 = 5.8410e-01, 1.9211e+03      
# span 11 =    -2.1218,   164.9081      
# span 12 =     -0.573,      9.569      
# span 13 =     -0.831,     13.879      
# span 14 =     4.3559,    16.2212      
# span 15 = 0.0000e+00, 0.0000e+00      
# interval = seconds: 0.25
# start_time = Feb 07 2023 11:07:15 [Instrument's time stamp, header]
# bad_flag = -9.990e-29
*END*
[from data line 2351]
      6.456     -0.277    12.3664     93.676     38.536  22.651766     4.0500     1.8834     0.2130     0.5499 7.9933e+00     2.1317      6.331      9.183     4.3913 0.0000e+00
      6.385     -0.277    12.3092     93.293     38.485  22.621928     4.0500     1.8949     0.2130     0.5499 8.4671e+00     2.1317      6.262      9.082     4.3908 0.0000e+00
      6.317     -0.277    12.2550     92.924     38.451  22.601858     4.0500     1.8949     0.2130     0.5499 8.3193e+00     2.0115      6.194      8.984     4.3904 0.0000e+00
      6.248     -0.277    12.2033     92.571     38.432  22.590161     4.0500     1.8987     0.2130     0.5499 8.7286e+00     1.4854      6.127      8.887     4.3900 0.0000e+00
      6.177     -0.275    12.1527     92.234     38.408  22.575801     4.0500     1.8834     0.1704     0.4653 9.5254e+00     1.5907      6.058      8.786     4.3897 0.0000e+00
      6.104     -0.271    12.1031     91.927     38.379  22.558907     4.0500     1.8949     0.1704     0.4653 1.0418e+01     1.5305      5.986      8.683     4.3894 0.0000e+00
      6.032     -0.266    12.0554     91.671     38.348  22.540913     4.0500     1.8834     0.1704     0.4653 1.1194e+01     1.5456      5.916      8.580     4.3891 0.0000e+00
      5.964     -0.260    12.0096     91.475     38.324  22.526917     4.0500     1.9445     0.1704     0.4653 1.1689e+01     1.6207      5.848      8.482     4.3890 0.0000e+00
      5.899     -0.252    11.9659     91.335     38.304  22.515166     4.0500     1.9559     0.1704     0.5922 1.1789e+01     1.5305      5.785      8.391     4.3889 0.0000e+00
      5.838     -0.243    11.9260     91.240     38.293  22.508464     4.0500     1.9597     0.1704     0.5922 1.2105e+01     1.5305      5.725      8.304     4.3889 0.0000e+00
      5.779     -0.235    11.8928     91.187     38.293  22.508984     4.0500     1.9483     0.1704     0.5922 1.2684e+01     1.6508      5.667      8.219     4.3889 0.0000e+00
      5.719     -0.229    11.8675     91.167     38.293  22.508946     4.0500     1.9445     0.1704     0.5922 1.3530e+01     1.8311      5.609      8.135     4.3889 0.0000e+00
      5.661     -0.225    11.8492     91.162     38.292  22.508340     4.3200     1.9368     0.1704     0.4653 1.4291e+01     1.7560      5.552      8.053     4.3890 0.0000e+00
      5.605     -0.224    11.8369     91.155     38.296  22.510964     4.3200     1.9368     0.1704     0.4653 1.4495e+01     1.7860      5.497      7.973     4.3891 0.0000e+00
      5.550     -0.223    11.8299     91.137     38.293  22.509599     4.3200     1.9750     0.1704     0.4653 1.4419e+01     1.7860      5.443      7.894     4.3892 0.0000e+00
      5.495     -0.222    11.8273     91.097     38.276  22.499924     4.3200     1.8338     0.1704     0.4653 1.5171e+01     1.5606      5.388      7.816     4.3895 0.0000e+00
      5.437     -0.221    11.8265     91.026     38.260  22.491233     4.0500     1.8262     0.1704     0.4230 1.6456e+01     1.5756      5.332      7.734     4.3897 0.0000e+00
      5.379     -0.219    11.8256     90.920     38.256  22.489128     4.0500     1.8300     0.1704     0.4230 1.7687e+01     1.5907      5.275      7.651     4.3900 0.0000e+00
      5.321     -0.216    11.8232     90.786     38.262  22.493047     4.0500     1.8453     0.1704     0.4230 1.8739e+01     1.6207      5.218      7.569     4.3904 0.0000e+00
      5.266     -0.213    11.8179     90.639     38.266  22.496117     4.0500     2.0017     0.1704     0.4230 1.8792e+01     1.2750      5.165      7.491     4.3909 0.0000e+00
      5.215     -0.210    11.8084     90.496     38.261  22.493220     4.0500     1.9941     0.1704     0.4230 1.8846e+01     1.2901      5.114      7.417     4.3914 0.0000e+00
      5.163     -0.207    11.7945     90.369     38.253  22.489520     3.9600     2.0246     0.1278     0.3384 1.9593e+01     1.3351      5.064      7.344     4.3920 0.0000e+00
      5.111     -0.204    11.7770     90.259     38.246  22.486011     3.9600     2.0055     0.1278     0.3384 2.0764e+01     1.3201      5.013      7.270     4.3925 0.0000e+00
      5.059     -0.203    11.7577     90.170     38.242  22.483735     3.9600     1.9445     0.1278     0.3384 2.1870e+01     1.5155      4.961      7.195     4.3931 0.0000e+00
      5.006     -0.203    11.7390     90.096     38.238  22.482087     3.9600     1.9521     0.1278     0.3384 2.2936e+01     1.5606      4.909      7.120     4.3936 0.0000e+00
      4.955     -0.203    11.7223     90.021     38.228  22.476668     4.1400     1.9140     0.1278     0.4230 2.3001e+01     1.5606      4.859      7.048     4.3943 0.0000e+00
      4.905     -0.203    11.7078     89.941     38.216  22.469992     4.1400     1.9330     0.1278     0.4230 2.3137e+01     1.5305      4.810      6.976     4.3950 0.0000e+00
      4.854     -0.202    11.6959     89.859     38.205  22.464237     4.1400     1.8224     0.1278     0.4230 2.4428e+01     1.2600      4.760      6.904     4.3957 0.0000e+00
      4.801     -0.200    11.6862     89.782     38.204  22.463806     4.1400     1.8453     0.1278     0.4230 2.6273e+01     1.3802      4.708      6.829     4.3963 0.0000e+00
      4.748     -0.197    11.6763     89.718     38.214  22.470565     3.8700     1.8148     0.0852     0.3807 2.7921e+01     1.3652      4.656      6.753     4.3969 0.0000e+00
      4.696     -0.194    11.6657     89.668     38.224  22.476419     3.8700     1.8338     0.0852     0.3807 2.9085e+01     1.3351      4.606      6.680     4.3975 0.0000e+00
      4.648     -0.190    11.6549     89.634     38.231  22.480950     3.8700     1.8300     0.0852     0.3807 2.8921e+01     1.3652      4.558      6.611     4.3982 0.0000e+00
      4.602     -0.186    11.6448     89.624     38.237  22.485365     3.8700     1.8300     0.0852     0.3807 2.8884e+01     1.2600      4.513      6.545     4.3989 0.0000e+00
      4.557     -0.182    11.6362     89.649     38.239  22.486883     3.8700     1.8453     0.0852     0.2538 2.9627e+01     1.3652      4.469      6.481     4.3996 0.0000e+00
      4.511     -0.179    11.6296     89.710     38.237  22.485910     3.8700     1.8338     0.0852     0.2538 3.0803e+01     1.3351      4.424      6.416     4.4002 0.0000e+00
      4.465     -0.177    11.6250     89.806     38.229  22.482186     3.8700     1.9368     0.0852     0.2538 3.2459e+01     1.3351      4.378      6.350     4.4008 0.0000e+00
      4.419     -0.175    11.6236     89.924     38.223  22.478676     3.8700     1.9712     0.0852     0.2538 3.3827e+01     1.2450      4.333      6.285     4.4014 0.0000e+00
      4.374     -0.174    11.6265     90.047     38.221  22.478403     3.8700     1.9483     0.0852     0.2538 3.5016e+01     1.3351      4.289      6.221     4.4020 0.0000e+00
      4.331     -0.173    11.6343     90.159     38.219  22.477337     3.8700     1.9292     0.0426     0.2961 3.4465e+01     1.3051      4.247      6.160     4.4027 0.0000e+00
      4.289     -0.172    11.6465     90.248     38.211  22.473213     3.8700     1.8453     0.0426     0.2961 3.5322e+01     1.2600      4.206      6.100     4.4034 0.0000e+00
      4.245     -0.171    11.6616     90.306     38.206  22.470869     3.8700     1.8377     0.0426     0.2961 3.6923e+01     1.2901      4.163      6.038     4.4040 0.0000e+00
      4.201     -0.170    11.6774     90.330     38.207  22.471659     3.8700     1.8148     0.0426     0.2961 3.9128e+01     1.3051      4.120      5.975     4.4045 0.0000e+00
      4.156     -0.169    11.6917     90.325     38.210  22.473816     3.7800     1.8224     0.0852     0.2115 4.1250e+01     1.3201      4.075      5.911     4.4051 0.0000e+00
      4.111     -0.167    11.7031     90.302     38.216  22.477915     3.7800     1.9025     0.0852     0.2115 4.2533e+01     1.3351      4.032      5.848     4.4056 0.0000e+00
      4.069     -0.165    11.7104     90.273     38.221  22.481090     3.7800     1.8796     0.0852     0.2115 4.2229e+01     1.3502      3.991      5.788     4.4062 0.0000e+00
      4.029     -0.163    11.7133     90.239     38.219  22.480229     3.7800     1.8873     0.0852     0.2115 4.2543e+01     1.2450      3.951      5.731     4.4068 0.0000e+00
      3.989     -0.161    11.7125     90.201     38.216  22.479060     3.7800     1.8834     0.0426     0.3807 4.3326e+01     1.3351      3.912      5.674     4.4074 0.0000e+00
      3.949     -0.159    11.7094     90.158     38.212  22.477273     3.7800     1.7728     0.0426     0.3807 4.4297e+01     1.3051      3.873      5.617     4.4079 0.0000e+00
      3.908     -0.158    11.7054     90.109     38.203  22.472411     3.7800     1.7614     0.0426     0.3807 4.5904e+01     1.3351      3.832      5.558     4.4084 0.0000e+00
      3.866     -0.158    11.7010     90.053     38.197  22.469116     3.7800     1.7575     0.0426     0.3807 4.7829e+01     1.3051      3.792      5.499     4.4089 0.0000e+00
      3.826     -0.158    11.6959     89.989     38.195  22.468490     3.7800     1.7423     0.0426     0.2961 4.9156e+01     1.1698      3.752      5.442     4.4094 0.0000e+00
      3.787     -0.158    11.6901     89.926     38.194  22.468385     3.7800     1.8224     0.0426     0.2961 4.8678e+01     1.3051      3.714      5.386     4.4099 0.0000e+00
      3.748     -0.159    11.6836     89.880     38.198  22.470752     3.7800     1.8262     0.0426     0.2961 4.9899e+01     1.3051      3.676      5.331     4.4105 0.0000e+00
      3.708     -0.159    11.6762     89.861     38.210  22.478203     3.7800     1.8567     0.0426     0.2961 5.2308e+01     1.3201      3.637      5.274     4.4110 0.0000e+00
      3.667     -0.160    11.6678     89.870     38.224  22.486787     3.7800     1.8148     0.0426     0.2961 5.5349e+01     1.3351      3.596      5.215     4.4116 0.0000e+00
      3.625     -0.160    11.6595     89.903     38.226  22.488895     3.7800     1.8796     0.0426     0.3807 5.9270e+01     1.3502      3.554      5.155     4.4121 0.0000e+00
      3.583     -0.159    11.6533     89.955     38.219  22.485090     3.7800     1.8758     0.0426     0.3807 6.1394e+01     1.2901      3.513      5.096     4.4126 0.0000e+00
      3.543     -0.158    11.6507     90.024     38.214  22.482275     3.7800     1.9025     0.0426     0.3807 6.2253e+01     1.3051      3.474      5.039     4.4132 0.0000e+00
      3.503     -0.157    11.6516     90.103     38.216  22.483657     3.7800     1.9025     0.0426     0.3807 6.4260e+01     1.2901      3.435      4.983     4.4138 0.0000e+00
      3.464     -0.156    11.6556     90.181     38.219  22.485647     3.6900     1.8796     0.0426     0.3384 6.6548e+01     1.3351      3.397      4.927     4.4144 0.0000e+00
      3.424     -0.156    11.6623     90.246     38.220  22.486797     3.6900     1.8796     0.0426     0.3384 6.8559e+01     1.3802      3.358      4.871     4.4149 0.0000e+00
      3.384     -0.155    11.6711     90.298     38.224  22.489391     3.6900     1.8834     0.0426     0.3384 7.1371e+01     1.2750      3.319      4.814     4.4153 0.0000e+00
      3.344     -0.155    11.6812     90.340     38.228  22.492143     3.6900     1.9025     0.0426     0.3384 7.4477e+01     1.3351      3.279      4.756     4.4158 0.0000e+00
      3.304     -0.154    11.6912     90.369     38.230  22.493807     3.6900     1.8949     0.0426     0.2115 7.8107e+01     1.3051      3.240      4.699     4.4163 0.0000e+00
      3.265     -0.154    11.6995     90.380     38.225  22.490868     3.6900     1.9559     0.0426     0.2115 7.8294e+01     1.3652      3.202      4.644     4.4168 0.0000e+00
      3.227     -0.153    11.7060     90.368     38.213  22.484522     3.6900     1.9674     0.0426     0.2115 7.8840e+01     1.3953      3.164      4.590     4.4172 0.0000e+00
      3.188     -0.151    11.7113     90.329     38.214  22.484953     3.6900     1.9521     0.0426     0.2115 8.2611e+01     1.3201      3.127      4.535     4.4177 0.0000e+00
      3.149     -0.150    11.7149     90.264     38.219  22.488317     3.6900     1.9521     0.0426     0.2115 8.6675e+01     1.3051      3.088      4.479     4.4181 0.0000e+00
      3.110     -0.150    11.7162     90.184     38.210  22.483634     3.6900     1.8796     0.0426     0.2961 9.0289e+01     1.3802      3.050      4.424     4.4185 0.0000e+00
      3.072     -0.149    11.7146     90.104     38.199  22.477573     3.6900     1.8873     0.0426     0.2961 8.9839e+01     1.4404      3.013      4.370     4.4189 0.0000e+00
      3.035     -0.148    11.7094     90.039     38.203  22.480395     3.6900     1.8873     0.0426     0.2961 8.9995e+01     1.2600      2.977      4.317     4.4194 0.0000e+00
      2.998     -0.146    11.7009     90.001     38.224  22.492851     3.6900     1.8567     0.0426     0.2961 9.3443e+01     1.2600      2.940      4.264     4.4198 0.0000e+00
      2.960     -0.142    11.6904     89.996     38.253  22.510347     3.7800     1.7423     0.0426     0.3384 9.7614e+01     1.3802      2.903      4.210     4.4203 0.0000e+00
      2.922     -0.136    11.6798     90.024     38.268  22.519733     3.7800     1.7804     0.0426     0.3384 1.0273e+02     1.2901      2.866      4.157     4.4207 0.0000e+00
      2.886     -0.128    11.6712     90.083     38.261  22.515596     3.7800     1.7690     0.0426     0.3384 1.0549e+02     1.3051      2.830      4.106     4.4212 0.0000e+00
      2.854     -0.119    11.6662     90.163     38.249  22.508707     3.7800     1.7575     0.0426     0.3384 1.0785e+02     1.3652      2.799      4.059     4.4216 0.0000e+00
      2.825     -0.108    11.6654     90.250     38.243  22.505147     3.7800     1.8148     0.0426     0.2961 1.0898e+02     1.3502      2.771      4.019     4.4221 0.0000e+00
      2.800     -0.099    11.6689     90.329     38.240  22.503968     3.7800     1.8224     0.0426     0.2961 1.1228e+02     1.3802      2.746      3.983     4.4225 0.0000e+00
      2.778     -0.092    11.6765     90.390     38.235  22.500896     3.7800     1.8605     0.0426     0.2961 1.1286e+02     1.2600      2.724      3.951     4.4228 0.0000e+00
      2.757     -0.089    11.6868     90.434     38.225  22.495111     3.7800     1.8110     0.0426     0.2961 1.1469e+02     1.3953      2.704      3.921     4.4231 0.0000e+00
      2.737     -0.089    11.6979     90.457     38.215  22.489030     3.7800     1.8796     0.0426     0.2961 1.1402e+02     1.3351      2.684      3.892     4.4232 0.0000e+00
      2.716     -0.094    11.7081     90.449     38.201  22.481031     3.7800     1.9254     0.0426     0.2961 1.1434e+02     1.4253      2.663      3.863     4.4233 0.0000e+00
      2.693     -0.101    11.7161     90.406     38.187  22.472941     3.7800     1.8949     0.0426     0.2961 1.1587e+02     1.3502      2.641      3.830     4.4234 0.0000e+00
      2.667     -0.111    11.7218     90.335     38.180  22.468539     3.7800     1.8682     0.0426     0.2961 1.1534e+02     1.2600      2.616      3.794     4.4234 0.0000e+00
      2.638     -0.123    11.7247     90.251     38.180  22.468631     3.7800     1.6774     0.0426     0.2961 1.1795e+02     1.3953      2.587      3.752     4.4234 0.0000e+00
      2.604     -0.135    11.7237     90.162     38.184  22.471262     3.7800     1.7156     0.0426     0.3384 1.2154e+02     1.3201      2.554      3.704     4.4234 0.0000e+00
      2.567     -0.147    11.7181     90.077     38.190  22.475155     3.7800     1.7156     0.0426     0.3384 1.2234e+02     1.1999      2.518      3.652     4.4233 0.0000e+00
      2.528     -0.157    11.7090     90.006     38.193  22.477389     3.7800     1.7118     0.0426     0.3384 1.1992e+02     1.2600      2.479      3.596     4.4234 0.0000e+00
      2.487     -0.166    11.6980     89.955     38.187  22.474601     3.7800     1.7080     0.0426     0.3384 1.2202e+02     1.4253      2.439      3.537     4.4236 0.0000e+00
