Data/DataNotYetUploadedToEDI/Raw_CTD/RawDownloads/020723_fcr50_S8188003.cnv
* Sea-Bird SBE19plus  Data File:
* FileName = C:\R\Reservoirs\Data\DataNotYetUploadedToEDI\Raw_CTD\RawDownloads\011123_fcr50_S8188_0003.hex
* Software version 2.8.0.119
* Temperature SN = 8188
* Conductivity SN = 8188
* System UpLoad Time = Mar 20 2023 14:55:28
* <ApplicationData>
* <Seaterm232>
# nquan = 16
# nvalues = 2654                        
# units = specified
# name 0 = depFM: Depth [fresh water, m]
# name 1 = dz/dtM: Descent Rate [m/s]
# name 2 = sbeox0Mg/L: Oxygen, SBE 43 [mg/l]
# name 3 = sbeox0PS: Oxygen, SBE 43 [% saturation]
# name 4 = specc: Specific Conductance [uS/cm]
# name 5 = c0uS/cm: Conductivity [uS/cm]
# name 6 = wetCDOM: Fluorescence, WET Labs CDOM [mg/m^3]
# name 7 = flECO-AFL: Fluorescence, WET Labs ECO-AFL/FL [mg/m^3]
# name 8 = flECO-AFL1: Fluorescence, WET Labs ECO-AFL/FL, 2 [mg/m^3]
# name 9 = flECO-AFL2: Fluorescence, WET Labs ECO-AFL/FL, 3 [mg/m^3]
# name 10 = par/sat/log: PAR/Logarithmic, Satlantic
# name 11 = turbWETntu0: Turbidity, WET Labs ECO [NTU]
# name 12 = prdM: Pressure, Strain Gauge [db]
# name 13 = prdE: Pressure, Strain Gauge [psi]
# name 14 = tv290C: Temperature [ITS-90, deg C]
# name 15 = flag:  0.000e+00
# span 0 =     -0.584,      9.758       
# span 1 =     -0.286,      0.144       
# span 2 =     1.9958,    13.5686       
# span 3 =     15.423,    105.823       
# span 4 =      0.010,    466.041       
# span 5 =   0.008204, 275.580600       
# span 6 =    -4.5000,    26.5500       
# span 7 =    -2.9346,   245.1771       
# span 8 =    -2.8542,     1.6188       
# span 9 =    -6.8103,    16.5393       
# span 10 = 5.8410e-01, 1.9211e+03      
# span 11 =    -2.1218,   164.9081      
# span 12 =     -0.573,      9.569      
# span 13 =     -0.831,     13.879      
# span 14 =     4.3559,    16.2212      
# span 15 = 0.0000e+00, 0.0000e+00      
# interval = seconds: 0.25
# start_time = Feb 07 2023 11:07:15 [Instrument's time stamp, header]
# bad_flag = -9.990e-29
*END*
[from data line 1447]
      7.089      0.011    11.8649     91.353     38.180  22.448643     3.6900     2.1161     0.0000     0.2961 3.7647e+00     1.3051      6.952     10.083     4.3916 0.0000e+00
      7.092      0.014    11.8626     91.302     38.183  22.451609     3.6900     2.1428     0.0000     0.2961 3.7704e+00     1.3051      6.955     10.087     4.3929 0.0000e+00
      7.096      0.017    11.8588     91.251     38.190  22.456530     3.6900     2.1276     0.0000     0.2961 3.8008e+00     1.2901      6.958     10.092     4.3945 0.0000e+00
      7.100      0.022    11.8544     91.209     38.197  22.460762     3.6900     2.1047     0.0000     0.2961 3.7876e+00     1.2600      6.963     10.098     4.3962 0.0000e+00
      7.106      0.027    11.8488     91.165     38.194  22.459493     3.6900     2.0742     0.0426     0.2115 3.7975e+00     1.2299      6.968     10.106     4.3976 0.0000e+00
      7.113      0.035    11.8419     91.112     38.177  22.448427     3.6900     2.0704     0.0426     0.2115 3.8124e+00     1.2750      6.975     10.116     4.3988 0.0000e+00
      7.122      0.045    11.8350     91.056     38.149  22.430551     3.6900     2.0704     0.0426     0.2115 3.8058e+00     1.2600      6.984     10.129     4.3997 0.0000e+00
      7.133      0.056    11.8294     91.015     38.123  22.412974     3.6900     2.0627     0.0426     0.2115 3.8348e+00     1.2600      6.995     10.146     4.4004 0.0000e+00
      7.148      0.069    11.8237     90.999     38.115  22.404863     3.6900     2.0093     0.0426     0.3384 3.8490e+00     1.4704      7.010     10.167     4.4004 0.0000e+00
      7.167      0.082    11.8171     91.003     38.126  22.408016     3.6900     2.0093     0.0426     0.3384 3.7950e+00     1.5305      7.028     10.193     4.3995 0.0000e+00
      7.190      0.094    11.8104     91.020     38.136  22.411395     3.6900     2.0246     0.0426     0.3384 3.5967e+00     1.5756      7.051     10.227     4.3976 0.0000e+00
      7.217      0.105    11.8061     91.052     38.140  22.411944     3.6900     1.9864     0.0426     0.3384 3.5095e+00     1.6057      7.078     10.266     4.3944 0.0000e+00
      7.247      0.114    11.8053     91.090     38.143  22.411788     3.6900     2.2611     0.0426     0.3384 3.3888e+00     1.5606      7.107     10.308     4.3902 0.0000e+00
      7.278      0.121    11.8070     91.110     38.140  22.408906     3.7800     2.2649     0.0426     0.2961 3.2709e+00     1.6508      7.138     10.352     4.3860 0.0000e+00
      7.310      0.127    11.8104     91.086     38.134  22.404508     3.7800     2.2611     0.0426     0.2961 3.2489e+00     1.5005      7.169     10.397     4.3824 0.0000e+00
      7.342      0.133    11.8154     91.008     38.132  22.403361     3.7800     2.2725     0.0426     0.2961 3.1564e+00     1.5305      7.200     10.443     4.3796 0.0000e+00
      7.376      0.137    11.8209     90.876     38.142  22.409118     3.7800     1.8796     0.0426     0.2961 3.0905e+00     1.5005      7.233     10.491     4.3776 0.0000e+00
      7.412      0.141    11.8240     90.694     38.150  22.413415     3.7800     1.9025     0.0000     0.2538 3.0123e+00     1.5456      7.268     10.542     4.3763 0.0000e+00
      7.449      0.144    11.8211     90.482     38.147  22.411462     3.7800     1.8873     0.0000     0.2538 2.7675e+00     1.4854      7.305     10.595     4.3753 0.0000e+00
      7.488      0.143    11.8111     90.280     38.148  22.412634     3.7800     1.8644     0.0000     0.2538 2.6539e+00     1.4404      7.344     10.651     4.3747 0.0000e+00
      7.527      0.140    11.7941     90.126     38.159  22.419223     3.7800     1.9445     0.0000     0.2538 2.5621e+00     1.9063      7.381     10.706     4.3744 0.0000e+00
      7.563      0.133    11.7706     90.024     38.169  22.425068     3.7800     1.9368     0.0000     0.3807 2.5355e+00     1.7860      7.417     10.758     4.3743 0.0000e+00
      7.597      0.123    11.7431     89.959     38.173  22.427770     3.7800     1.9559     0.0000     0.3807 2.4114e+00     1.7710      7.450     10.806     4.3743 0.0000e+00
      7.628      0.111    11.7168     89.925     38.173  22.428049     3.7800     1.9445     0.0000     0.3807 2.3744e+00     1.7560      7.481     10.850     4.3744 0.0000e+00
      7.655      0.097    11.6968     89.927     38.169  22.425979     3.7800     2.1390     0.0000     0.3807 2.3714e+00     1.7410      7.508     10.889     4.3746 0.0000e+00
      7.678      0.083    11.6835     89.945     38.166  22.424967     3.7800     2.1238     0.0000     0.3807 2.3812e+00     1.8011      7.530     10.921     4.3748 0.0000e+00
      7.697      0.069    11.6749     89.958     38.171  22.428702     3.7800     2.1390     0.0426     0.2538 2.3822e+00     1.6808      7.548     10.948     4.3751 0.0000e+00
      7.712      0.056    11.6705     89.955     38.179  22.434222     3.7800     2.1085     0.0426     0.2538 2.3822e+00     1.8762      7.563     10.969     4.3755 0.0000e+00
      7.724      0.045    11.6705     89.946     38.182  22.437060     3.7800     2.2535     0.0426     0.2538 2.4219e+00     1.5606      7.575     10.986     4.3760 0.0000e+00
      7.733      0.036    11.6727     89.952     38.178  22.435994     3.7800     2.2725     0.0426     0.2538 2.4030e+00     1.5305      7.584     10.999     4.3768 0.0000e+00
      7.740      0.028    11.6740     89.974     38.178  22.436678     3.7800     2.2382     0.0426     0.2115 2.4161e+00     1.4854      7.591     11.009     4.3778 0.0000e+00
      7.746      0.022    11.6732     89.991     38.182  22.439295     3.7800     2.2458     0.0426     0.2115 2.4072e+00     1.5155      7.596     11.017     4.3793 0.0000e+00
      7.750      0.017    11.6715     89.991     38.173  22.434645     3.7800     2.2077     0.0426     0.2115 2.4150e+00     1.6207      7.600     11.024     4.3808 0.0000e+00
      7.754      0.014    11.6719     89.981     38.160  22.427427     3.7800     2.1924     0.0426     0.2115 2.4046e+00     1.4554      7.604     11.029     4.3821 0.0000e+00
      7.757      0.011    11.6745     89.966     38.156  22.425611     3.7800     2.2153     0.0426     0.2961 2.3616e+00     1.4854      7.607     11.033     4.3830 0.0000e+00
      7.759      0.009    11.6765     89.949     38.153  22.424756     3.7800     2.2001     0.0426     0.2961 2.3427e+00     1.5305      7.609     11.036     4.3836 0.0000e+00
      7.761      0.007    11.6763     89.942     38.151  22.424633     3.7800     2.6655     0.0426     0.2961 2.3224e+00     1.5456      7.611     11.038     4.3842 0.0000e+00
      7.762      0.006    11.6748     89.962     38.156  22.429168     3.7800     2.6502     0.0426     0.2961 2.2450e+00     1.5606      7.612     11.040     4.3850 0.0000e+00
      7.763      0.005    11.6725     90.020     38.162  22.433632     3.7800     2.6273     0.0426     0.2961 2.2025e+00     1.5606      7.613     11.042     4.3860 0.0000e+00
      7.764      0.004    11.6700     90.113     38.159  22.433279     3.7800     2.6311     0.0426     0.2961 2.1664e+00     1.5907      7.614     11.043     4.3872 0.0000e+00
      7.765      0.003    11.6687     90.230     38.157  22.433952     3.7800     2.2458     0.0426     0.2961 2.1235e+00     1.5907      7.615     11.044     4.3885 0.0000e+00
      7.765      0.003    11.6707     90.363     38.169  22.441769     3.7800     2.2344     0.0426     0.2961 2.0621e+00     1.5606      7.615     11.045     4.3900 0.0000e+00
      7.766      0.002    11.6777     90.502     38.186  22.452875     3.7800     2.2649     0.0426     0.2961 1.9878e+00     1.5606      7.616     11.046     4.3918 0.0000e+00
      7.766      0.002    11.6892     90.634     38.193  22.458357     3.7800     2.2497     0.0426     0.3384 1.9599e+00     1.5606      7.616     11.046     4.3937 0.0000e+00
      7.767      0.002    11.7038     90.746     38.186  22.455718     3.7800     2.1924     0.0426     0.3384 1.9295e+00     1.4704      7.617     11.047     4.3955 0.0000e+00
      7.767      0.001    11.7206     90.837     38.174  22.450192     3.7800     2.1924     0.0426     0.3384 1.8490e+00     1.4554      7.617     11.047     4.3971 0.0000e+00
      7.767      0.001    11.7381     90.909     38.161  22.444265     3.7800     2.1962     0.0426     0.3384 1.8278e+00     1.5907      7.617     11.048     4.3986 0.0000e+00
      7.767      0.001    11.7548     90.973     38.149  22.438334     3.7800     2.2001     0.0852     0.2538 1.8073e+00     1.5305      7.617     11.048     4.4002 0.0000e+00
      7.768      0.001    11.7688     91.030     38.138  22.432799     3.7800     2.2382     0.0852     0.2538 1.7192e+00     1.7560      7.617     11.048     4.4021 0.0000e+00
      7.768      0.001    11.7799     91.073     38.133  22.430141     3.7800     2.2573     0.0852     0.2538 1.6833e+00     1.7259      7.618     11.048     4.4041 0.0000e+00
      7.768      0.001    11.7888     91.099     38.138  22.433610     3.7800     2.2573     0.0852     0.2538 1.6336e+00     1.8462      7.618     11.049     4.4061 0.0000e+00
      7.768      0.001    11.7966     91.110     38.148  22.440174     3.7800     2.2306     0.0426     0.2538 1.6255e+00     1.7560      7.618     11.049     4.4078 0.0000e+00
      7.769      0.001    11.8035     91.111     38.157  22.445644     3.7800     2.0589     0.0426     0.2538 1.6044e+00     1.5305      7.618     11.049     4.4091 0.0000e+00
      7.769      0.001    11.8089     91.103     38.162  22.449500     3.7800     2.0589     0.0426     0.2538 1.6030e+00     1.4554      7.618     11.049     4.4098 0.0000e+00
      7.769      0.001    11.8121     91.080     38.160  22.448811     3.7800     2.0704     0.0426     0.2538 1.5812e+00     1.5305      7.618     11.050     4.4102 0.0000e+00
      7.769      0.001    11.8134     91.039     38.139  22.437455     3.7800     2.0627     0.0426     0.3807 1.5523e+00     1.5907      7.619     11.050     4.4107 0.0000e+00
      7.769      0.001    11.8133     90.981     38.115  22.424281     3.7800     2.1505     0.0426     0.3807 1.5895e+00     1.5907      7.619     11.050     4.4114 0.0000e+00
      7.769      0.001    11.8120     90.914     38.115  22.425568     3.7800     2.1428     0.0426     0.3807 1.5754e+00     1.6057      7.619     11.050     4.4121 0.0000e+00
      7.769      0.001    11.8088     90.849     38.136  22.437702     3.7800     2.1238     0.0426     0.3807 1.5723e+00     1.6207      7.619     11.051     4.4130 0.0000e+00
      7.770      0.001    11.8031     90.793     38.157  22.450062     3.7800     2.1123     0.0426     0.3807 1.5590e+00     1.5606      7.619     11.051     4.4142 0.0000e+00
      7.770      0.001    11.7950     90.757     38.171  22.458027     3.7800     2.0017     0.0426     0.2115 1.5812e+00     1.4704      7.619     11.051     4.4157 0.0000e+00
      7.770      0.001    11.7860     90.746     38.172  22.457783     3.7800     2.0246     0.0426     0.2115 1.5860e+00     1.5305      7.619     11.051     4.4168 0.0000e+00
      7.770      0.001    11.7776     90.760     38.162  22.451244     3.7800     2.0017     0.0426     0.2115 1.5864e+00     1.5305      7.620     11.051     4.4171 0.0000e+00
      7.770      0.001    11.7703     90.802     38.148  22.442605     3.7800     2.0208     0.0426     0.2115 1.5419e+00     1.5606      7.620     11.052     4.4168 0.0000e+00
      7.770      0.001    11.7659     90.869     38.139  22.437480     3.7800     2.1238     0.0426     0.2115 1.5614e+00     1.5907      7.620     11.052     4.4161 0.0000e+00
      7.770      0.001    11.7647     90.956     38.140  22.438459     3.7800     2.1123     0.0426     0.2115 1.5628e+00     1.5606      7.620     11.052     4.4153 0.0000e+00
      7.770      0.001    11.7667     91.057     38.141  22.439867     3.7800     2.1352     0.0426     0.2115 1.5703e+00     1.5305      7.620     11.052     4.4147 0.0000e+00
      7.771      0.001    11.7722     91.167     38.140  22.440099     3.7800     2.1505     0.0426     0.2115 1.5805e+00     1.5305      7.620     11.053     4.4144 0.0000e+00
      7.771      0.001    11.7809     91.262     38.140  22.441197     3.7800     2.3221     0.0000     0.2538 1.5774e+00     1.5456      7.620     11.053     4.4144 0.0000e+00
      7.771      0.001    11.7920     91.332     38.140  22.441474     3.7800     2.3221     0.0000     0.2538 1.5871e+00     1.5606      7.621     11.053     4.4149 0.0000e+00
      7.771      0.000    11.8048     91.394     38.141  22.442983     3.7800     2.3183     0.0000     0.2538 1.5968e+00     1.5907      7.621     11.053     4.4159 0.0000e+00
      7.771      0.000    11.8187     91.464     38.153  22.450086     3.7800     2.3374     0.0000     0.2538 1.6131e+00     1.5005      7.621     11.053     4.4172 0.0000e+00
      7.771      0.001    11.8306     91.574     38.167  22.458739     3.7800     2.3259     0.0852     0.3384 1.6131e+00     1.5005      7.621     11.053     4.4184 0.0000e+00
      7.771      0.001    11.8395     91.708     38.179  22.465311     3.7800     2.3298     0.0852     0.3384 1.6131e+00     1.5756      7.621     11.053     4.4193 0.0000e+00
      7.772      0.001    11.8473     91.720     38.190  22.471555     3.7800     2.3069     0.0852     0.3384 1.6325e+00     1.5305      7.621     11.054     4.4199 0.0000e+00
      7.772      0.001    11.8563     91.462     38.204  22.479135     3.7800     2.3298     0.0852     0.3384 1.6407e+00     1.5155      7.621     11.054     4.4202 0.0000e+00
      7.772      0.001    11.8705     90.947     38.217  22.486114     3.7800     2.2497     0.0852     0.3384 1.6525e+00     1.5907      7.622     11.054     4.4203 0.0000e+00
      7.772      0.001    11.8880     90.283     38.219  22.486437     3.7800     2.2497     0.0426     0.2538 1.6579e+00     1.6207      7.622     11.054     4.4201 0.0000e+00
      7.772      0.001    11.8897     89.586     38.210  22.480188     3.7800     2.2573     0.0426     0.2538 1.6728e+00     1.5606      7.622     11.054     4.4195 0.0000e+00
      7.772      0.001    11.8565     88.974     38.200  22.473620     3.7800     2.2573     0.0426     0.2538 1.6848e+00     1.5606      7.622     11.055     4.4186 0.0000e+00
      7.772      0.001    11.7901     88.549     38.193  22.468939     3.7800     2.2039     0.0426     0.2538 1.6977e+00     1.5456      7.622     11.055     4.4176 0.0000e+00
      7.773      0.001    11.7042     88.406     38.186  22.464897     3.7800     2.1657     0.0852     0.3807 1.7414e+00     1.5305      7.622     11.055     4.4168 0.0000e+00
      7.773      0.001    11.6141     88.594     38.179  22.460417     3.7800     2.1886     0.0852     0.3807 1.7244e+00     1.4854      7.622     11.055     4.4160 0.0000e+00
      7.773      0.001    11.5350     89.045     38.173  22.456281     3.7800     2.1886     0.0852     0.3807 1.7608e+00     1.5756      7.622     11.055     4.4152 0.0000e+00
      7.773      0.001    11.4801     89.603     38.169  22.453368     3.7800     2.1238     0.0852     0.3807 1.7459e+00     1.5005      7.623     11.056     4.4144 0.0000e+00
      7.773      0.001    11.4617     90.143     38.166  22.450900     3.7800     2.1505     0.0000     0.2538 1.7731e+00     1.5756      7.623     11.056     4.4139 0.0000e+00
      7.773      0.001    11.4863     90.600     38.166  22.450199     3.7800     2.1352     0.0000     0.2538 1.8215e+00     1.4554      7.623     11.056     4.4136 0.0000e+00
      7.773      0.001    11.5448     90.956     38.169  22.451077     3.7800     2.1428     0.0000     0.2538 1.8101e+00     1.5155      7.623     11.056     4.4130 0.0000e+00
      7.773      0.001    11.6176     91.215     38.170  22.451790     3.7800     2.3031     0.0000     0.2538 1.7963e+00     1.5606      7.623     11.056     4.4120 0.0000e+00
