Data/DataNotYetUploadedToEDI/Raw_CTD/RawDownloads/020723_fcr50_S8188003.cnv
* Sea-Bird SBE19plus  Data File:
* FileName = C:\R\Reservoirs\Data\DataNotYetUploadedToEDI\Raw_CTD\RawDownloads\011123_fcr50_S8188_0003.hex
* Software version 2.8.0.119
* Temperature SN = 8188
* Conductivity SN = 8188
* System UpLoad Time = Mar 20 2023 14:55:28
* <ApplicationData>
* <Seaterm232>
# nquan = 16
# nvalues = 2654                        
# units = specified
# name 0 = depFM: Depth [fresh water, m]
# name 1 = dz/dtM: Descent Rate [m/s]
# name 2 = sbeox0Mg/L: Oxygen, SBE 43 [mg/l]
# name 3 = sbeox0PS: Oxygen, SBE 43 [% saturation]
# name 4 = specc: Specific Conductance [uS/cm]
# name 5 = c0uS/cm: Conductivity [uS/cm]
# name 6 = wetCDOM: Fluorescence, WET Labs CDOM [mg/m^3]
# name 7 = flECO-AFL: Fluorescence, WET Labs ECO-AFL/FL [mg/m^3]
# name 8 = flECO-AFL1: Fluorescence, WET Labs ECO-AFL/FL, 2 [mg/m^3]
# name 9 = flECO-AFL2: Fluorescence, WET Labs ECO-AFL/FL, 3 [mg/m^3]
# name 10 = par/sat/log: PAR/Logarithmic, Satlantic
# name 11 = turbWETntu0: Turbidity, WET Labs ECO [NTU]
# name 12 = prdM: Pressure, Strain Gauge [db]
# name 13 = prdE: Pressure, Strain Gauge [psi]
# name 14 = tv290C: Temperature [ITS-90, deg C]
# name 15 = flag:  0.000e+00
# span 0 =     -0.584,      9.758       
# span 1 =     -0.286,      0.144       
# span 2 =     1.9958,    13.5686       
# span 3 =     15.423,    105.823       
# span 4 =      0.010,    466.041       
# span 5 =   0.008204, 275.580600       
# span 6 =    -4.5000,    26.5500       
# span 7 =    -2.9346,   245.1771       
# span 8 =    -2.8542,     1.6188       
# span 9 =    -6.8103,    16.5393       
# span 10 = 5.8410e-01, 1.9211e+03      
# span 11 =    -2.1218,   164.9081      
# span 12 =     -0.573,      9.569      
# span 13 =     -0.831,     13.879      
# span 14 =     4.3559,    16.2212      
# span 15 = 0.0000e+00, 0.0000e+00      
# interval = seconds: 0.25
# start_time = Feb 07 2023 11:07:15 [Instrument's time stamp, header]
# bad_flag = -9.990e-29
*END*
[from data line 1899]
      7.816      0.000    11.8283     90.995     38.222  22.478180     3.7800     2.4938     0.0426     0.2538 2.9553e+00     1.5005      7.665     11.117     4.4015 0.0000e+00
      7.816      0.000    11.8248     90.989     38.229  22.482649     3.7800     2.2649     0.0426     0.2538 2.9565e+00     1.4854      7.665     11.117     4.4020 0.0000e+00
      7.817      0.000    11.8147     90.979     38.229  22.483496     3.7800     2.2344     0.0426     0.2538 2.9921e+00     1.5305      7.666     11.118     4.4025 0.0000e+00
      7.817      0.000    11.8048     90.992     38.231  22.484905     3.7800     2.2573     0.0426     0.2538 2.9953e+00     1.5606      7.666     11.118     4.4031 0.0000e+00
      7.817      0.000    11.8006     91.040     38.228  22.483293     3.7800     2.2497     0.0426     0.2115 2.9733e+00     1.4253      7.666     11.118     4.4037 0.0000e+00
      7.817      0.000    11.7996     91.086     38.215  22.476250     3.7800     2.4251     0.0426     0.2115 2.9778e+00     1.5606      7.666     11.118     4.4043 0.0000e+00
      7.817      0.000    11.7982     91.095     38.207  22.471795     3.7800     2.4175     0.0426     0.2115 3.0025e+00     1.5907      7.666     11.118     4.4049 0.0000e+00
      7.817      0.000    11.7997     91.060     38.201  22.468741     3.7800     2.4137     0.0426     0.2115 2.9940e+00     1.4554      7.666     11.119     4.4055 0.0000e+00
      7.817      0.001    11.8057     91.003     38.196  22.466273     3.7800     2.4595     0.0852     0.2961 2.9940e+00     1.5005      7.666     11.119     4.4060 0.0000e+00
      7.818      0.001    11.8116     90.958     38.194  22.465712     3.7800     2.5091     0.0852     0.2961 3.0097e+00     1.3351      7.667     11.119     4.4064 0.0000e+00
      7.818      0.001    11.8125     90.961     38.192  22.464930     3.7800     2.4862     0.0852     0.2961 2.9934e+00     1.3351      7.667     11.120     4.4069 0.0000e+00
      7.818      0.001    11.8078     91.010     38.189  22.463718     3.7800     2.4976     0.0852     0.2961 2.9836e+00     1.2299      7.667     11.120     4.4074 0.0000e+00
      7.818      0.001    11.8004     91.076     38.185  22.461753     3.7800     2.5014     0.0426     0.2538 2.9999e+00     1.3051      7.667     11.120     4.4079 0.0000e+00
      7.818      0.001    11.7943     91.142     38.178  22.458509     3.7800     2.3259     0.0426     0.2538 3.0064e+00     1.3652      7.667     11.120     4.4086 0.0000e+00
      7.819      0.001    11.7944     91.206     38.171  22.455103     3.7800     2.2802     0.0426     0.2538 3.0169e+00     1.3652      7.668     11.121     4.4093 0.0000e+00
      7.819      0.001    11.8007     91.263     38.166  22.452605     3.7800     2.2992     0.0426     0.2538 2.9999e+00     1.2600      7.668     11.121     4.4100 0.0000e+00
      7.819      0.001    11.8090     91.300     38.168  22.454307     3.7800     2.2954     0.0426     0.2538 3.0195e+00     1.2450      7.668     11.122     4.4106 0.0000e+00
      7.820      0.001    11.8173     91.309     38.184  22.464622     3.7800     2.2001     0.0426     0.2538 3.0287e+00     1.4253      7.668     11.122     4.4113 0.0000e+00
      7.820      0.002    11.8254     91.284     38.203  22.476405     3.7800     2.1810     0.0426     0.2538 2.9953e+00     1.3351      7.669     11.123     4.4121 0.0000e+00
      7.821      0.002    11.8324     91.241     38.217  22.484879     3.7800     2.1924     0.0426     0.2538 3.0123e+00     1.3652      7.669     11.123     4.4130 0.0000e+00
      7.821      0.003    11.8370     91.193     38.226  22.490326     3.7800     2.2268     0.0426     0.2538 2.9979e+00     1.2750      7.670     11.124     4.4140 0.0000e+00
      7.822      0.004    11.8379     91.143     38.225  22.490239     3.7800     2.2497     0.0426     0.3384 3.0386e+00     1.2600      7.671     11.126     4.4148 0.0000e+00
      7.824      0.005    11.8344     91.085     38.222  22.488553     3.7800     2.2725     0.0426     0.3384 3.0221e+00     1.2450      7.672     11.127     4.4155 0.0000e+00
      7.825      0.006    11.8286     91.015     38.219  22.486798     3.7800     2.2382     0.0426     0.3384 3.0353e+00     1.2600      7.674     11.129     4.4160 0.0000e+00
      7.826      0.008    11.8223     90.922     38.212  22.482528     3.7800     2.2649     0.0426     0.3384 3.0565e+00     1.3051      7.675     11.132     4.4164 0.0000e+00
      7.829      0.011    11.8157     90.807     38.203  22.476582     3.7800     2.2992     0.0852     0.2961 3.0492e+00     1.3201      7.677     11.135     4.4167 0.0000e+00
      7.831      0.013    11.8081     90.683     38.201  22.473314     3.7800     2.4328     0.0852     0.2961 3.0572e+00     1.3051      7.680     11.139     4.4169 0.0000e+00
      7.835      0.016    11.7990     90.568     38.209  22.475810     3.7800     2.4595     0.0852     0.2961 3.0399e+00     1.2600      7.684     11.144     4.4169 0.0000e+00
      7.839      0.018    11.7872     90.478     38.220  22.480777     3.7800     2.4442     0.0852     0.2961 3.0439e+00     1.3802      7.688     11.150     4.4167 0.0000e+00
      7.844      0.021    11.7725     90.416     38.221  22.479643     3.7800     2.4328     0.0000     0.0846 3.0006e+00     1.3051      7.693     11.157     4.4157 0.0000e+00
      7.850      0.024    11.7570     90.397     38.210  22.472105     3.7800     2.4328     0.0000     0.0846 3.0136e+00     1.4704      7.699     11.166     4.4135 0.0000e+00
      7.857      0.028    11.7430     90.436     38.202  22.466051     3.7800     2.4442     0.0000     0.0846 2.9947e+00     1.6508      7.705     11.175     4.4108 0.0000e+00
      7.864      0.031    11.7320     90.522     38.202  22.463824     3.7800     2.4518     0.0000     0.0846 2.9540e+00     1.4854      7.712     11.185     4.4085 0.0000e+00
      7.872      0.034    11.7246     90.626     38.208  22.464831     3.8700     2.4442     0.0852     0.2538 2.9444e+00     1.5756      7.720     11.196     4.4066 0.0000e+00
      7.881      0.037    11.7227     90.715     38.217  22.467359     3.8700     2.4595     0.0852     0.2538 2.9553e+00     1.4854      7.729     11.210     4.4051 0.0000e+00
      7.892      0.039    11.7283     90.772     38.226  22.470105     3.8700     2.4518     0.0852     0.2538 2.8592e+00     1.5456      7.739     11.225     4.4034 0.0000e+00
      7.903      0.039    11.7402     90.790     38.236  22.473800     3.8700     2.4595     0.0852     0.2538 2.7724e+00     1.6057      7.750     11.240     4.4008 0.0000e+00
      7.914      0.039    11.7547     90.767     38.241  22.475471     3.8700     2.4404     0.0852     0.2538 2.7978e+00     1.5606      7.761     11.256     4.3972 0.0000e+00
      7.923      0.038    11.7676     90.725     38.241  22.473584     3.7800     2.6235     0.0426     0.2961 2.7760e+00     1.5606      7.770     11.270     4.3932 0.0000e+00
      7.932      0.037    11.7759     90.709     38.243  22.473574     3.7800     2.6197     0.0426     0.2961 2.7687e+00     1.5456      7.779     11.283     4.3898 0.0000e+00
      7.941      0.035    11.7791     90.709     38.247  22.473459     3.7800     2.6311     0.0426     0.2961 2.7850e+00     1.5305      7.788     11.295     4.3873 0.0000e+00
      7.950      0.034    11.7767     90.718     38.241  22.467271     3.7800     2.6388     0.0426     0.2961 2.7651e+00     1.5456      7.796     11.307     4.3853 0.0000e+00
      7.958      0.034    11.7719     90.757     38.233  22.459296     3.7800     2.2725     0.0426     0.2538 2.7567e+00     1.4704      7.805     11.319     4.3835 0.0000e+00
      7.967      0.034    11.7704     90.817     38.232  22.455325     3.7800     2.2306     0.0426     0.2538 2.7531e+00     1.5305      7.813     11.331     4.3814 0.0000e+00
      7.976      0.033    11.7714     90.856     38.235  22.454301     3.7800     2.2382     0.0426     0.2538 2.7122e+00     1.5155      7.822     11.344     4.3784 0.0000e+00
      7.984      0.032    11.7736     90.850     38.234  22.451990     3.7800     2.2497     0.0426     0.2538 2.6730e+00     1.4854      7.830     11.356     4.3746 0.0000e+00
      7.993      0.030    11.7800     90.778     38.229  22.447776     3.7800     2.3755     0.0426     0.2961 2.6602e+00     1.6057      7.839     11.368     4.3704 0.0000e+00
      8.001      0.027    11.7890     90.650     38.224  22.444494     3.7800     2.3946     0.0426     0.2961 2.6235e+00     1.5606      7.846     11.380     4.3663 0.0000e+00
      8.008      0.023    11.7951     90.522     38.219  22.441269     3.7800     2.3641     0.0426     0.2961 2.5906e+00     1.6357      7.853     11.389     4.3630 0.0000e+00
      8.013      0.018    11.7951     90.425     38.216  22.439220     3.7800     2.3641     0.0426     0.2961 2.6241e+00     1.6808      7.858     11.397     4.3605 0.0000e+00
      8.017      0.014    11.7863     90.367     38.222  22.443739     3.7800     2.3221     0.0426     0.4230 2.6110e+00     1.6357      7.862     11.402     4.3589 0.0000e+00
      8.019      0.009    11.7699     90.367     38.235  22.452072     3.7800     2.3412     0.0426     0.4230 2.6064e+00     1.5606      7.865     11.406     4.3580 0.0000e+00
      8.021      0.004    11.7534     90.424     38.243  22.458524     3.7800     2.3145     0.0426     0.4230 2.6418e+00     1.6207      7.866     11.408     4.3576 0.0000e+00
      8.021     -0.001    11.7408     90.516     38.251  22.464816     3.7800     2.3107     0.0426     0.4230 2.5946e+00     1.4554      7.866     11.409     4.3577 0.0000e+00
      8.021     -0.006    11.7331     90.619     38.256  22.470647     3.7800     2.4442     0.0426     0.4230 2.6241e+00     1.5305      7.866     11.408     4.3583 0.0000e+00
      8.019     -0.011    11.7327     90.716     38.254  22.473612     3.7800     2.4480     0.0426     0.4230 2.6218e+00     1.5005      7.864     11.405     4.3595 0.0000e+00
      8.016     -0.017    11.7395     90.795     38.252  22.478461     3.7800     2.4595     0.0426     0.4230 2.5940e+00     1.6508      7.861     11.401     4.3614 0.0000e+00
      8.011     -0.024    11.7506     90.857     38.257  22.488467     3.7800     2.4442     0.0426     0.4230 2.6070e+00     1.4704      7.857     11.395     4.3641 0.0000e+00
      8.005     -0.029    11.7628     90.924     38.257  22.496401     3.7800     2.1886     0.0426     0.4230 2.6110e+00     1.2750      7.850     11.385     4.3679 0.0000e+00
      7.996     -0.034    11.7738     90.995     38.239  22.492504     3.7800     2.1848     0.0426     0.3384 2.6625e+00     1.2750      7.841     11.373     4.3733 0.0000e+00
      7.984     -0.035    11.7816     91.053     38.210  22.479695     3.7800     2.2077     0.0426     0.3384 2.7706e+00     1.3652      7.830     11.357     4.3809 0.0000e+00
      7.973     -0.034    11.7868     91.100     38.188  22.468414     3.7800     2.1886     0.0426     0.3384 2.8605e+00     1.2450      7.818     11.340     4.3904 0.0000e+00
      7.962     -0.030    11.7924     91.125     38.181  22.463571     3.7800     1.9101     0.0426     0.3384 2.9208e+00     1.5456      7.808     11.325     4.4005 0.0000e+00
      7.955     -0.024    11.7989     91.104     38.186  22.463872     3.7800     1.8758     0.0426     0.2115 2.8711e+00     1.6357      7.801     11.314     4.4093 0.0000e+00
      7.950     -0.017    11.8045     91.025     38.192  22.465441     3.7800     1.8834     0.0426     0.2115 2.8993e+00     1.6207      7.796     11.307     4.4152 0.0000e+00
      7.947     -0.010    11.8100     90.914     38.200  22.468695     3.7800     1.8796     0.0426     0.2115 2.8253e+00     1.6057      7.793     11.304     4.4173 0.0000e+00
      7.947     -0.004    11.8136     90.805     38.208  22.472523     3.7800     1.8796     0.0426     0.2115 2.8100e+00     1.5305      7.793     11.303     4.4161 0.0000e+00
      7.947      0.001    11.8117     90.714     38.208  22.472007     3.7800     1.9025     0.0426     0.2115 2.7645e+00     1.5756      7.793     11.304     4.4132 0.0000e+00
      7.949      0.004    11.8025     90.647     38.204  22.468990     3.7800     1.9025     0.0426     0.2538 2.8002e+00     1.5907      7.795     11.305     4.4103 0.0000e+00
      7.950      0.005    11.7887     90.612     38.202  22.466624     3.7800     1.9025     0.0426     0.2538 2.7748e+00     1.5305      7.796     11.308     4.4084 0.0000e+00
      7.952      0.006    11.7749     90.636     38.200  22.464280     3.7800     1.8224     0.0426     0.2538 2.7573e+00     1.5305      7.798     11.310     4.4074 0.0000e+00
      7.954      0.006    11.7632     90.726     38.200  22.463312     3.7800     1.8300     0.0426     0.2538 2.7412e+00     1.6658      7.800     11.313     4.4067 0.0000e+00
      7.956      0.006    11.7548     90.843     38.208  22.467420     3.7800     1.8338     0.0426     0.2961 2.7335e+00     1.5756      7.802     11.315     4.4058 0.0000e+00
      7.957      0.005    11.7507     90.939     38.231  22.479680     3.7800     1.8224     0.0426     0.2961 2.7335e+00     1.5005      7.803     11.317     4.4043 0.0000e+00
      7.958      0.004    11.7542     90.997     38.262  22.497421     3.7800     1.8148     0.0426     0.2961 2.7175e+00     1.5005      7.804     11.319     4.4028 0.0000e+00
      7.959      0.004    11.7665     91.015     38.284  22.509540     3.7800     1.8338     0.0426     0.2961 2.6934e+00     1.5155      7.805     11.320     4.4013 0.0000e+00
      7.960      0.003    11.7820     90.977     38.284  22.509373     3.7800     1.8262     0.0426     0.2961 2.6858e+00     1.7109      7.806     11.322     4.4001 0.0000e+00
      7.960      0.003    11.7947     90.885     38.269  22.500834     3.7800     1.8148     0.0426     0.2961 2.6975e+00     1.5907      7.807     11.323     4.3990 0.0000e+00
      7.961      0.003    11.8026     90.774     38.249  22.489562     3.7800     1.8873     0.0426     0.2961 2.6811e+00     1.3351      7.807     11.323     4.3980 0.0000e+00
      7.962      0.002    11.8052     90.716     38.232  22.480470     3.7800     1.8949     0.0426     0.2961 2.6800e+00     1.3201      7.808     11.324     4.3972 0.0000e+00
      7.962      0.002    11.8004     90.748     38.224  22.477070     3.7800     1.8796     0.0426     0.2961 2.6660e+00     1.2901      7.808     11.325     4.3968 0.0000e+00
      7.963      0.003    11.7884     90.837     38.228  22.480435     3.7800     1.8720     0.0426     0.2961 2.6701e+00     1.3802      7.809     11.326     4.3969 0.0000e+00
      7.963      0.003    11.7738     90.944     38.242  22.489485     3.7800     2.1314     0.0426     0.2961 2.6464e+00     1.3351      7.810     11.327     4.3977 0.0000e+00
      7.964      0.003    11.7658     91.050     38.247  22.492775     3.7800     2.1352     0.0426     0.2961 2.6504e+00     1.3652      7.810     11.328     4.3990 0.0000e+00
      7.965      0.003    11.7694     91.131     38.224  22.479309     3.7800     2.1314     0.0426     0.2961 2.6724e+00     1.3652      7.811     11.329     4.4006 0.0000e+00
      7.966      0.004    11.7805     91.165     38.188  22.457370     3.7800     2.1238     0.0000     0.2961 2.6452e+00     1.2299      7.812     11.330     4.4020 0.0000e+00
      7.967      0.004    11.7943     91.142     38.165  22.442882     3.7800     2.1467     0.0000     0.2961 2.6418e+00     1.5606      7.813     11.331     4.4029 0.0000e+00
      7.968      0.004    11.8079     91.068     38.166  22.441877     3.7800     2.1428     0.0000     0.2961 2.6435e+00     1.5155      7.814     11.333     4.4033 0.0000e+00
      7.969      0.005    11.8183     90.982     38.175  22.446169     3.7800     2.1352     0.0000     0.2961 2.6395e+00     1.5305      7.815     11.335     4.4033 0.0000e+00
