Data/DataNotYetUploadedToEDI/Raw_CTD/RawDownloads/020723_fcr50_S8188003.cnv
* Sea-Bird SBE19plus  Data File:
* FileName = C:\R\Reservoirs\Data\DataNotYetUploadedToEDI\Raw_CTD\RawDownloads\011123_fcr50_S8188_0003.hex
* Software version 2.8.0.119
* Temperature SN = 8188
* Conductivity SN = 8188
* System UpLoad Time = Mar 20 2023 14:55:28
* <ApplicationData>
* <Seaterm232>
# nquan = 16
# nvalues = 2654                        
# units = specified
# name 0 = depFM: Depth [fresh water, m]
# name 1 = dz/dtM: Descent Rate [m/s]
# name 2 = sbeox0Mg/L: Oxygen, SBE 43 [mg/l]
# name 3 = sbeox0PS: Oxygen, SBE 43 [% saturation]
# name 4 = specc: Specific Conductance [uS/cm]
# name 5 = c0uS/cm: Conductivity [uS/cm]
# name 6 = wetCDOM: Fluorescence, WET Labs CDOM [mg/m^3]
# name 7 = flECO-AFL: Fluorescence, WET Labs ECO-AFL/FL [mg/m^3]
# name 8 = flECO-AFL1: Fluorescence, WET Labs ECO-AFL/FL, 2 [mg/m^3]
# name 9 = flECO-AFL2: Fluorescence, WET Labs ECO-AFL/FL, 3 [mg/m^3]
# name 10 = par/sat/log: PAR/Logarithmic, Satlantic
# name 11 = turbWETntu0: Turbidity, WET Labs ECO [NTU]
# name 12 = prdM: Pressure, Strain Gauge [db]
# name 13 = prdE: Pressure, Strain Gauge [psi]
# name 14 = tv290C: Temperature [ITS-90, deg C]
# name 15 = flag:  0.000e+00
# span 0 =     -0.584,      9.758       
# span 1 =     -0.286,      0.144       
# span 2 =     1.9958,    13.5686       
# span 3 =     15.423,    105.823       
# span 4 =      0.010,    466.041       
# span 5 =   0.008204, 275.580600       
# span 6 =    -4.5000,    26.5500       
# span 7 =    -2.9346,   245.1771       
# span 8 =    -2.8542,     1.6188       
# span 9 =    -6.8103,    16.5393       
# span 10 = 5.8410e-01, 1.9211e+03      
# span 11 =    -2.1218,   164.9081      
# span 12 =     -0.573,      9.569      
# span 13 =     -0.831,     13.879      
# span 14 =     4.3559,    16.2212      
# span 15 = 0.0000e+00, 0.0000e+00      
# interval = seconds: 0.25
# start_time = Feb 07 2023 11:07:15 [Instrument's time stamp, header]
# bad_flag = -9.990e-29
*END*
[from data line 1989]
      7.972      0.005    11.8204     90.879     38.189  22.451083     3.7800     1.8911     0.0852     0.3384 2.6395e+00     1.5305      7.817     11.338     4.4012 0.0000e+00
      7.973      0.005    11.8113     90.860     38.196  22.453014     3.7800     1.8987     0.0852     0.3384 2.6218e+00     1.5005      7.819     11.340     4.3995 0.0000e+00
      7.974      0.005    11.8007     90.855     38.204  22.455296     3.7800     1.8987     0.0852     0.3384 2.6596e+00     1.5305      7.820     11.342     4.3977 0.0000e+00
      7.975      0.005    11.7930     90.857     38.214  22.458536     3.7800     1.9063     0.0426     0.4230 2.6579e+00     1.5606      7.821     11.344     4.3956 0.0000e+00
      7.976      0.004    11.7887     90.861     38.226  22.463600     3.7800     1.9140     0.0426     0.4230 2.6481e+00     1.3953      7.822     11.345     4.3931 0.0000e+00
      7.977      0.004    11.7872     90.859     38.237  22.467877     3.7800     1.8529     0.0426     0.4230 2.6429e+00     1.3652      7.823     11.347     4.3903 0.0000e+00
      7.978      0.004    11.7875     90.850     38.237  22.466572     3.7800     1.9025     0.0426     0.4230 2.6246e+00     1.3051      7.824     11.348     4.3873 0.0000e+00
      7.979      0.004    11.7887     90.836     38.230  22.461315     3.7800     1.8720     0.0426     0.2538 2.6429e+00     1.3351      7.825     11.349     4.3841 0.0000e+00
      7.980      0.004    11.7902     90.813     38.224  22.456642     3.7800     1.9407     0.0426     0.2538 2.6269e+00     1.7259      7.826     11.350     4.3811 0.0000e+00
      7.981      0.005    11.7907     90.789     38.223  22.455266     3.7800     1.9330     0.0426     0.2538 2.6504e+00     1.5155      7.827     11.352     4.3786 0.0000e+00
      7.982      0.005    11.7901     90.772     38.227  22.456820     3.7800     1.9445     0.0426     0.2538 2.6338e+00     1.5305      7.828     11.353     4.3767 0.0000e+00
      7.984      0.006    11.7888     90.741     38.229  22.457760     3.7800     1.9178     0.0426     0.2538 2.6412e+00     1.5305      7.830     11.355     4.3752 0.0000e+00
      7.985      0.008    11.7862     90.694     38.227  22.456357     3.7800     1.9979     0.0426     0.3807 2.6510e+00     1.3652      7.831     11.358     4.3739 0.0000e+00
      7.987      0.009    11.7834     90.674     38.224  22.454216     3.7800     1.9902     0.0426     0.3807 2.6614e+00     1.2750      7.833     11.360     4.3729 0.0000e+00
      7.989      0.011    11.7814     90.708     38.226  22.454726     3.7800     2.0208     0.0426     0.3807 2.6741e+00     1.3051      7.835     11.364     4.3721 0.0000e+00
      7.992      0.014    11.7777     90.765     38.233  22.458022     3.7800     1.9864     0.0426     0.3807 2.6470e+00     1.3051      7.838     11.368     4.3714 0.0000e+00
      7.996      0.017    11.7716     90.811     38.240  22.461023     3.7800     2.3717     0.0426     0.2961 2.6591e+00     1.4854      7.842     11.373     4.3711 0.0000e+00
      8.001      0.019    11.7691     90.829     38.248  22.464532     3.7800     2.3679     0.0426     0.2961 2.6683e+00     1.5456      7.846     11.380     4.3708 0.0000e+00
      8.006      0.022    11.7737     90.815     38.261  22.471461     3.7800     2.3946     0.0426     0.2961 2.6206e+00     1.5005      7.852     11.388     4.3702 0.0000e+00
      8.013      0.024    11.7815     90.782     38.273  22.477722     3.7800     2.3603     0.0426     0.2961 2.5828e+00     1.5756      7.859     11.397     4.3690 0.0000e+00
      8.020      0.025    11.7880     90.739     38.277  22.479045     3.7800     2.6273     0.0000     0.2961 2.5985e+00     1.3051      7.865     11.407     4.3674 0.0000e+00
      8.026      0.026    11.7908     90.678     38.279  22.479743     3.7800     2.6044     0.0000     0.2961 2.5951e+00     1.3051      7.872     11.416     4.3659 0.0000e+00
      8.033      0.025    11.7893     90.609     38.279  22.480000     3.7800     2.6311     0.0000     0.2961 2.5649e+00     1.2901      7.878     11.425     4.3646 0.0000e+00
      8.040      0.025    11.7853     90.564     38.276  22.477907     3.7800     2.6121     0.0000     0.2961 2.5245e+00     1.2450      7.884     11.435     4.3636 0.0000e+00
      8.046      0.025    11.7799     90.553     38.271  22.474884     3.7800     2.4709     0.0426     0.1692 2.5201e+00     1.2600      7.891     11.444     4.3629 0.0000e+00
      8.052      0.024    11.7721     90.562     38.259  22.468146     3.7800     2.4442     0.0426     0.1692 2.5493e+00     1.3051      7.896     11.453     4.3624 0.0000e+00
      8.058      0.024    11.7633     90.576     38.245  22.459855     3.7800     2.4442     0.0426     0.1692 2.5377e+00     1.3652      7.902     11.461     4.3621 0.0000e+00
      8.064      0.024    11.7576     90.575     38.245  22.459676     3.7800     2.4366     0.0426     0.1692 2.5163e+00     1.2600      7.908     11.469     4.3619 0.0000e+00
      8.070      0.024    11.7561     90.561     38.259  22.467562     3.7800     2.4938     0.0426     0.1692 2.4799e+00     1.5305      7.914     11.478     4.3619 0.0000e+00
      8.077      0.023    11.7573     90.552     38.264  22.469781     3.7800     2.5167     0.0426     0.2538 2.4292e+00     1.5005      7.921     11.488     4.3618 0.0000e+00
      8.083      0.022    11.7591     90.557     38.249  22.460985     3.7800     2.5167     0.0426     0.2538 2.4266e+00     1.6207      7.927     11.497     4.3617 0.0000e+00
      8.089      0.021    11.7591     90.577     38.236  22.452685     3.7800     2.4862     0.0426     0.2538 2.4298e+00     1.4704      7.933     11.505     4.3615 0.0000e+00
      8.094      0.019    11.7574     90.604     38.237  22.452565     3.7800     2.3412     0.0426     0.2538 2.3967e+00     1.2600      7.938     11.512     4.3612 0.0000e+00
      8.099      0.018    11.7563     90.632     38.241  22.454654     3.7800     2.3069     0.0000     0.2115 2.4298e+00     1.3051      7.942     11.519     4.3609 0.0000e+00
      8.103      0.017    11.7572     90.654     38.242  22.455551     3.7800     2.3641     0.0000     0.2115 2.4335e+00     1.2901      7.946     11.524     4.3603 0.0000e+00
      8.106      0.017    11.7599     90.669     38.246  22.457473     3.7800     2.2954     0.0000     0.2115 2.4046e+00     1.1999      7.950     11.530     4.3597 0.0000e+00
      8.110      0.017    11.7636     90.670     38.248  22.458955     3.7800     2.4862     0.0000     0.2115 2.4240e+00     1.5756      7.954     11.536     4.3591 0.0000e+00
      8.115      0.017    11.7673     90.657     38.248  22.458413     3.7800     2.5167     0.0426     0.2961 2.3947e+00     1.6207      7.958     11.542     4.3587 0.0000e+00
      8.119      0.017    11.7703     90.636     38.244  22.455700     3.7800     2.5014     0.0426     0.2961 2.3848e+00     1.5305      7.962     11.548     4.3585 0.0000e+00
      8.124      0.017    11.7722     90.619     38.244  22.456033     3.7800     2.4976     0.0426     0.2961 2.4046e+00     1.5305      7.967     11.555     4.3583 0.0000e+00
      8.129      0.017    11.7725     90.617     38.253  22.461480     3.7800     2.3450     0.0426     0.2961 2.3493e+00     1.3351      7.971     11.562     4.3581 0.0000e+00
      8.133      0.016    11.7708     90.636     38.255  22.463596     3.7800     2.3107     0.0426     0.3384 2.3714e+00     1.2600      7.976     11.568     4.3579 0.0000e+00
      8.137      0.016    11.7681     90.673     38.250  22.460965     3.7800     2.3374     0.0426     0.3384 2.3724e+00     1.3652      7.979     11.573     4.3578 0.0000e+00
      8.140      0.016    11.7659     90.719     38.241  22.456846     3.7800     2.3069     0.0426     0.3384 2.3698e+00     1.2450      7.983     11.578     4.3580 0.0000e+00
      8.144      0.016    11.7654     90.762     38.232  22.452119     3.7800     2.1810     0.0426     0.3384 2.3770e+00     1.2450      7.986     11.583     4.3585 0.0000e+00
      8.148      0.017    11.7676     90.791     38.227  22.449483     3.7800     2.2077     0.0426     0.3384 2.3600e+00     1.1999      7.990     11.589     4.3592 0.0000e+00
      8.152      0.019    11.7722     90.806     38.225  22.448234     3.7800     2.2077     0.0426     0.3384 2.3858e+00     1.3351      7.994     11.595     4.3601 0.0000e+00
      8.157      0.021    11.7779     90.823     38.222  22.446061     3.7800     2.2001     0.0426     0.3384 2.3580e+00     1.3201      7.999     11.602     4.3610 0.0000e+00
      8.163      0.023    11.7834     90.847     38.217  22.442384     3.7800     2.2611     0.0426     0.3384 2.3508e+00     1.5305      8.005     11.610     4.3617 0.0000e+00
      8.169      0.023    11.7869     90.873     38.214  22.440180     3.7800     2.2573     0.0426     0.3384 2.2735e+00     1.5907      8.011     11.620     4.3622 0.0000e+00
      8.177      0.023    11.7889     90.893     38.219  22.442822     3.7800     2.2725     0.0426     0.3807 2.2256e+00     1.5756      8.019     11.630     4.3622 0.0000e+00
      8.184      0.022    11.7913     90.894     38.225  22.447053     3.7800     2.2687     0.0426     0.3807 2.2636e+00     1.5456      8.025     11.640     4.3616 0.0000e+00
      8.189      0.019    11.7946     90.864     38.233  22.452024     3.7800     2.1200     0.0426     0.3807 2.2597e+00     1.3502      8.030     11.647     4.3607 0.0000e+00
      8.193      0.016    11.7981     90.807     38.247  22.461039     3.7800     2.1238     0.0426     0.3807 2.2411e+00     1.2600      8.035     11.653     4.3602 0.0000e+00
      8.196      0.013    11.8008     90.739     38.262  22.470565     3.7800     2.1276     0.0426     0.2115 2.2533e+00     1.3953      8.038     11.658     4.3601 0.0000e+00
      8.199      0.010    11.8008     90.683     38.262  22.471264     3.7800     2.1390     0.0426     0.2115 2.2513e+00     1.3351      8.040     11.662     4.3604 0.0000e+00
      8.201      0.008    11.7967     90.655     38.247  22.463325     3.7800     2.1200     0.0426     0.2115 2.2567e+00     1.2600      8.043     11.665     4.3611 0.0000e+00
      8.203      0.007    11.7890     90.661     38.235  22.456506     3.7800     2.1428     0.0426     0.2115 2.2338e+00     1.2750      8.044     11.667     4.3621 0.0000e+00
      8.204      0.006    11.7798     90.694     38.228  22.452947     3.7800     2.1390     0.0426     0.2961 2.2621e+00     1.2299      8.046     11.669     4.3631 0.0000e+00
      8.206      0.005    11.7723     90.743     38.218  22.447740     3.7800     2.1200     0.0426     0.2961 2.2518e+00     1.3802      8.047     11.671     4.3641 0.0000e+00
      8.207      0.004    11.7684     90.796     38.210  22.443457     3.7800     2.4175     0.0426     0.2961 2.2044e+00     1.3351      8.048     11.672     4.3650 0.0000e+00
      8.207      0.004    11.7690     90.835     38.212  22.444892     3.7800     2.4442     0.0426     0.2961 2.2353e+00     1.3953      8.049     11.674     4.3658 0.0000e+00
      8.208      0.004    11.7731     90.845     38.218  22.448469     3.7800     2.4976     0.0426     0.2961 2.2426e+00     1.2600      8.049     11.675     4.3664 0.0000e+00
      8.209      0.004    11.7793     90.823     38.223  22.451185     3.7800     2.4442     0.0426     0.3384 2.2377e+00     1.3802      8.050     11.676     4.3668 0.0000e+00
      8.210      0.004    11.7860     90.790     38.227  22.453763     3.7800     2.6693     0.0426     0.3384 2.2587e+00     1.5005      8.051     11.677     4.3671 0.0000e+00
      8.211      0.004    11.7910     90.771     38.233  22.456891     3.7800     2.6922     0.0426     0.3384 2.2265e+00     1.5606      8.052     11.679     4.3675 0.0000e+00
      8.212      0.004    11.7923     90.770     38.241  22.461403     3.7800     2.7227     0.0426     0.3384 2.2421e+00     1.6207      8.053     11.680     4.3677 0.0000e+00
      8.213      0.005    11.7894     90.808     38.253  22.468502     3.7800     2.6807     0.0426     0.2961 2.2106e+00     1.6207      8.054     11.682     4.3678 0.0000e+00
      8.215      0.005    11.7852     90.897     38.263  22.474143     3.7800     2.3145     0.0426     0.2961 2.2314e+00     1.3351      8.056     11.683     4.3677 0.0000e+00
      8.216      0.006    11.7827     91.015     38.263  22.473891     3.7800     2.3221     0.0426     0.2961 2.2073e+00     1.3051      8.057     11.685     4.3676 0.0000e+00
      8.218      0.007    11.7826     91.121     38.262  22.473619     3.7800     2.3298     0.0426     0.2961 2.2338e+00     1.2901      8.059     11.688     4.3674 0.0000e+00
      8.219      0.008    11.7875     91.201     38.266  22.475233     3.7800     2.3603     0.0426     0.3384 2.1891e+00     1.3953      8.060     11.690     4.3672 0.0000e+00
      8.221      0.009    11.7992     91.264     38.263  22.473225     3.7800     2.3259     0.0426     0.3384 2.1787e+00     1.5456      8.062     11.694     4.3670 0.0000e+00
      8.224      0.010    11.8146     91.318     38.256  22.469039     3.7800     2.3374     0.0426     0.3384 2.1901e+00     1.5456      8.065     11.697     4.3668 0.0000e+00
      8.226      0.011    11.8284     91.339     38.251  22.465517     3.7800     2.2916     0.0426     0.3384 2.1697e+00     1.5305      8.067     11.701     4.3666 0.0000e+00
      8.229      0.012    11.8388     91.287     38.246  22.461721     3.7800     2.3298     0.0426     0.2538 2.1650e+00     1.5756      8.070     11.704     4.3663 0.0000e+00
      8.232      0.014    11.8471     91.184     38.241  22.458618     3.7800     2.8753     0.0426     0.2538 2.1910e+00     1.4704      8.073     11.709     4.3659 0.0000e+00
      8.236      0.016    11.8543     91.079     38.243  22.459338     3.7800     2.9020     0.0426     0.2538 2.1407e+00     1.5606      8.077     11.714     4.3653 0.0000e+00
      8.240      0.018    11.8573     90.987     38.245  22.460115     3.7800     2.8524     0.0426     0.2538 2.1626e+00     1.5305      8.081     11.720     4.3648 0.0000e+00
      8.245      0.021    11.8508     90.899     38.234  22.453238     3.7800     2.8715     0.0426     0.2538 2.1650e+00     1.4554      8.086     11.727     4.3642 0.0000e+00
      8.251      0.024    11.8375     90.810     38.214  22.440833     3.7800     2.1886     0.0426     0.3807 2.1300e+00     1.5606      8.091     11.735     4.3636 0.0000e+00
      8.257      0.026    11.8241     90.733     38.199  22.431468     3.7800     2.2001     0.0426     0.3807 2.1295e+00     1.4554      8.097     11.744     4.3632 0.0000e+00
      8.264      0.028    11.8123     90.695     38.201  22.432541     3.7800     2.2077     0.0426     0.3807 2.0842e+00     1.4253      8.105     11.755     4.3627 0.0000e+00
      8.272      0.029    11.8010     90.709     38.218  22.442359     3.7800     2.1810     0.0426     0.3807 2.0707e+00     1.5606      8.113     11.766     4.3621 0.0000e+00
      8.281      0.030    11.7896     90.744     38.234  22.451665     3.7800     2.2497     0.0426     0.2538 2.0648e+00     1.6207      8.121     11.778     4.3614 0.0000e+00
      8.289      0.030    11.7799     90.753     38.243  22.457002     3.7800     2.2725     0.0426     0.2538 2.0200e+00     1.6808      8.129     11.789     4.3607 0.0000e+00
      8.296      0.029    11.7750     90.729     38.251  22.461773     3.7800     2.2535     0.0426     0.2538 2.0496e+00     1.4404      8.136     11.800     4.3601 0.0000e+00
      8.304      0.028    11.7770     90.695     38.256  22.465271     3.7800     2.2649     0.0426     0.2538 2.0443e+00     1.5606      8.143     11.810     4.3598 0.0000e+00
      8.310      0.027    11.7816     90.660     38.255  22.464470     3.7800     2.7151     0.0852     0.2961 1.9921e+00     1.3351      8.150     11.820     4.3597 0.0000e+00
      8.317      0.027    11.7827     90.622     38.256  22.465094     3.7800     2.6807     0.0852     0.2961 1.9973e+00     1.3351      8.156     11.829     4.3598 0.0000e+00
