Data/DataNotYetUploadedToEDI/Raw_CTD/RawDownloads/020926_ccr51_S8188001.cnv
* Sea-Bird SBE19plus  Data File:
* FileName = C:\R\Reservoirs\Data\DataNotYetUploadedToEDI\Raw_CTD\RawDownloads\020926_ccr51_S8188_0001.hex
* Software version 2.8.0.119
* Temperature SN = 8188
* Conductivity SN = 8188
* System UpLoad Time = Feb 09 2026 16:23:40
* <ApplicationData>
* <Seaterm232>
# nquan = 16
# nvalues = 2023                        
# units = specified
# name 0 = depFM: Depth [fresh water, m]
# name 1 = dz/dtM: Descent Rate [m/s]
# name 2 = sbeox0Mg/L: Oxygen, SBE 43 [mg/l]
# name 3 = sbeox0PS: Oxygen, SBE 43 [% saturation]
# name 4 = specc: Specific Conductance [uS/cm]
# name 5 = c0uS/cm: Conductivity [uS/cm]
# name 6 = wetCDOM: Fluorescence, WET Labs CDOM [mg/m^3]
# name 7 = flECO-AFL: Fluorescence, WET Labs ECO-AFL/FL [mg/m^3]
# name 8 = flECO-AFL1: Fluorescence, WET Labs ECO-AFL/FL, 2 [mg/m^3]
# name 9 = flECO-AFL2: Fluorescence, WET Labs ECO-AFL/FL, 3 [mg/m^3]
# name 10 = par/sat/log: PAR/Logarithmic, Satlantic
# name 11 = turbWETntu0: Turbidity, WET Labs ECO [NTU]
# name 12 = prdM: Pressure, Strain Gauge [db]
# name 13 = prdE: Pressure, Strain Gauge [psi]
# name 14 = tv290C: Temperature [ITS-90, deg C]
# name 15 = flag:  0.000e+00
# span 0 =     -0.438,     15.084       
# span 1 =     -0.464,      0.315       
# span 2 =     9.0901,    15.7832       
# span 3 =     67.331,    115.969       
# span 4 =      0.359,    129.553       
# span 5 =   0.269062,  72.326779       
# span 6 =    -4.5000,    26.1000       
# span 7 =    -1.5701,     9.3477       
# span 8 =    -2.1300,     1.9170       
# span 9 =    -2.1996,    14.9319       
# span 10 = 1.1592e-01, 1.7757e+03      
# span 11 =    -2.9985,   223.8548      
# span 12 =     -0.430,     14.792      
# span 13 =     -0.623,     21.454      
# span 14 =     2.1317,    12.5952      
# span 15 = 0.0000e+00, 0.0000e+00      
# interval = seconds: 0.25
# start_time = Feb 09 2026 14:32:59 [Instrument's time stamp, header]
# bad_flag = -9.990e-29
*END*
[from data line 181]
     -0.386      0.047    11.1516    102.702     57.482  34.436684     0.0000     0.5432     0.0852     0.1692 7.3666e+02     6.1560     -0.379     -0.549    11.5295 0.0000e+00
     -0.374      0.056    11.3124    102.905     77.028  45.387476     2.0700     0.5165     0.0852    -0.0423 7.3586e+02     6.0956     -0.366     -0.531    10.9961 0.0000e+00
     -0.357      0.065    11.5713    103.089     94.000  54.530156     2.0700     0.4784     0.0852    -0.0423 7.4132e+02     0.9141     -0.350     -0.508    10.1341 0.0000e+00
     -0.338      0.072    11.9410    103.240    106.091  60.755305     2.0700     0.5013     0.0852    -0.0423 7.4084e+02     0.9594     -0.331     -0.481     8.9174 0.0000e+00
     -0.317      0.076    12.3740    103.363    113.807  64.522073     2.0700     0.4822     0.0852    -0.0423 7.4084e+02     0.9745     -0.311     -0.450     7.5358 0.0000e+00
     -0.295      0.078    12.7938    103.471    118.691  66.777036     0.7200     0.4669     0.0000     0.1269 7.4035e+02     0.9594     -0.290     -0.420     6.2491 0.0000e+00
     -0.275      0.079    13.1504    103.572    121.766  68.113524     0.7200     0.4593     0.0000     0.1269 7.3923e+02     0.7781     -0.269     -0.391     5.1976 0.0000e+00
     -0.255      0.079    13.4275    103.680    123.617  68.853999     0.7200     0.4936     0.0000     0.1269 7.3714e+02     0.7328     -0.250     -0.363     4.4055 0.0000e+00
     -0.236      0.081    13.6323    103.801    124.582  69.167978     0.7200     0.4822     0.0000     0.1269 7.3810e+02     0.7781     -0.231     -0.336     3.8371 0.0000e+00
     -0.217      0.084    13.7817    103.936    124.971  69.205038     0.7200     0.4860     0.0000     0.1269 7.3875e+02     0.7479     -0.213     -0.309     3.4372 0.0000e+00
     -0.197      0.091    13.8909    104.088    125.076  69.110757     0.0900     0.5356     0.2130     0.0000 7.3907e+02     1.0349     -0.193     -0.280     3.1586 0.0000e+00
     -0.174      0.100    13.9725    104.273    125.191  69.041580     0.0900     0.5394     0.2130     0.0000 7.4180e+02     1.0349     -0.170     -0.247     2.9656 0.0000e+00
     -0.148      0.110    14.0367    104.521    125.451  69.076833     0.0900     0.5432     0.2130     0.0000 7.4148e+02     1.0047     -0.145     -0.210     2.8302 0.0000e+00
     -0.117      0.120    14.0906    104.877    125.784  69.182012     0.0900     0.5470     0.2130     0.0000 7.4116e+02     1.0349     -0.115     -0.167     2.7306 0.0000e+00
     -0.084      0.128    14.1396    105.389    126.220  69.377184    13.1400     0.5318     0.5112     0.0846 7.4164e+02     1.1709     -0.082     -0.119     2.6526 0.0000e+00
     -0.048      0.131    14.1881    106.080    126.691  69.628587    13.1400     0.5318     0.5112     0.0846 7.3395e+02     1.2918     -0.047     -0.068     2.5896 0.0000e+00
     -0.011      0.129    14.2402    106.935    127.049  69.847614    13.1400     0.5280     0.5112     0.0846 7.3971e+02     1.2464     -0.010     -0.015     2.5404 0.0000e+00
      0.025      0.123    14.3018    107.898    127.405  70.070725    13.1400     0.5280     0.5112     0.0846 7.2649e+02     1.2766      0.024      0.035     2.5056 0.0000e+00
      0.057      0.114    14.3791    108.879    127.863  70.339456    11.5200     0.5509     0.0852     0.1269 5.7203e+02     0.9745      0.056      0.081     2.4855 0.0000e+00
      0.084      0.101    14.4747    109.772    128.331  70.607728    11.5200     0.5394     0.0852     0.1269 5.3037e+02     1.0500      0.083      0.120     2.4813 0.0000e+00
      0.108      0.088    14.5882    110.489    128.746  70.857280    11.5200     0.5623     0.0852     0.1269 5.7402e+02     1.0047      0.106      0.153     2.4892 0.0000e+00
      0.128      0.076    14.7155    110.968    129.061  71.082813    11.5200     0.5203     0.0852     0.1269 5.0058e+02     1.0047      0.125      0.182     2.4993 0.0000e+00
      0.145      0.064    14.8467    111.187    129.244  71.266640    11.6100     0.5623     0.1278     0.1692 4.5306e+02     0.7177      0.142      0.206     2.5055 0.0000e+00
      0.159      0.054    14.9668    111.173    129.350  71.419867    11.6100     0.5928     0.1278     0.1692 4.4400e+02     0.8386      0.156      0.227     2.5095 0.0000e+00
      0.171      0.046    15.0613    110.985    129.399  71.535461    11.6100     0.5852     0.1278     0.1692 4.0712e+02     0.7630      0.168      0.244     2.5178 0.0000e+00
      0.181      0.040    15.1184    110.694    129.423  71.632274    11.6100     0.5776     0.1278     0.1692 4.5971e+02     0.7177      0.178      0.258     2.5378 0.0000e+00
      0.190      0.035    15.1351    110.360    129.494  71.766060    11.6100     0.5127     0.1278     0.1692 4.5672e+02     1.0500      0.186      0.270     2.5700 0.0000e+00
      0.197      0.031    15.1183    110.021    129.553  71.930584    11.7000     0.5509     0.0852     0.1269 4.5061e+02     1.0349      0.194      0.281     2.6065 0.0000e+00
      0.205      0.028    15.0789    109.708    129.527  72.081910    11.7000     0.5470     0.0852     0.1269 4.4574e+02     0.9594      0.201      0.291     2.6407 0.0000e+00
      0.212      0.025    15.0264    109.442    129.444  72.188552    11.7000     0.5165     0.0852     0.1269 4.3417e+02     1.0349      0.208      0.301     2.6730 0.0000e+00
      0.218      0.022    14.9664    109.218    129.364  72.245027    11.7000     0.5966     0.0852     0.1269 4.1229e+02     1.0500      0.214      0.311     2.7095 0.0000e+00
      0.224      0.019    14.9000    109.024    129.332  72.274382    11.7900     0.5776     0.0852     0.1692 4.4352e+02     0.8990      0.219      0.318     2.7605 0.0000e+00
      0.228      0.016    14.8321    108.853    129.354  72.288437    11.7900     0.5509     0.0852     0.1692 4.3088e+02     0.9141      0.223      0.324     2.8246 0.0000e+00
      0.231      0.013    14.7726    108.690    129.404  72.282954    11.7900     0.5814     0.0852     0.1692 4.4924e+02     1.0349      0.226      0.328     2.8835 0.0000e+00
      0.234      0.010    14.7266    108.523    129.451  72.252478    11.7900     0.5776     0.0852     0.1692 4.4506e+02     0.8083      0.229      0.332     2.9227 0.0000e+00
      0.236      0.008    14.6933    108.347    129.466  72.192872    11.8800     0.5890     0.0852     0.1269 4.4207e+02     0.8083      0.231      0.335     2.9408 0.0000e+00
      0.237      0.006    14.6698    108.164    129.418  72.096222    11.8800     0.6081     0.0852     0.1269 4.5139e+02     0.7479      0.233      0.337     2.9415 0.0000e+00
      0.238      0.005    14.6529    107.982    129.274  71.948726    11.8800     0.5814     0.0852     0.1269 4.4371e+02     0.7932      0.234      0.339     2.9286 0.0000e+00
      0.239      0.004    14.6389    107.804    129.008  71.735000    11.8800     0.5661     0.0852     0.1269 4.2641e+02     0.7026      0.235      0.340     2.9067 0.0000e+00
      0.240      0.003    14.6255    107.633    128.589  71.435970    11.8800     0.5547     0.0852     0.2961 4.5129e+02     0.9745      0.235      0.341     2.8802 0.0000e+00
      0.241      0.002    14.6115    107.471    128.027  71.053717    11.8800     0.5661     0.0852     0.2961 4.3891e+02     1.0349      0.236      0.342     2.8532 0.0000e+00
      0.241      0.002    14.5971    107.323    127.420  70.645961    11.8800     0.5699     0.0852     0.2961 4.2089e+02     0.9292      0.236      0.342     2.8270 0.0000e+00
      0.241      0.001    14.5831    107.184    126.878  70.279583    11.8800     0.5966     0.0852     0.2961 4.3749e+02     0.9594      0.237      0.343     2.8014 0.0000e+00
      0.241      0.001    14.5701    107.049    126.439  69.980608    11.8800     0.5814     0.0852     0.2961 4.2715e+02     0.9745      0.237      0.343     2.7755 0.0000e+00
      0.242      0.001    14.5590    106.908    126.105  69.751124    11.9700     0.5738     0.0426     0.1692 4.3163e+02     1.0047      0.237      0.343     2.7482 0.0000e+00
      0.242      0.001    14.5499    106.745    125.864  69.583814    11.9700     0.5928     0.0426     0.1692 4.4390e+02     1.0349      0.237      0.344     2.7203 0.0000e+00
      0.242      0.000    14.5413    106.541    125.708  69.469983    11.9700     0.5509     0.0426     0.1692 4.2226e+02     0.9896      0.237      0.344     2.6944 0.0000e+00
      0.242      0.000    14.5316    106.252    125.621  69.399229    11.9700     0.5776     0.0426     0.1692 4.5002e+02     1.0047      0.238      0.344     2.6724 0.0000e+00
      0.242      0.000    14.5192    105.808    125.577  69.356676    11.9700     0.6081     0.0852     0.0846 4.5071e+02     0.9443      0.238      0.344     2.6550 0.0000e+00
      0.243 9.8621e-10    14.5024    105.137    125.562  69.332970    11.9700     0.5585     0.0852     0.0846 4.1852e+02     0.9443      0.238      0.345     2.6414 0.0000e+00
      0.243 1.2680e-09    14.4789    104.173    125.566  69.319795    11.9700     0.5776     0.0852     0.0846 4.0686e+02     0.8386      0.238      0.345     2.6306 0.0000e+00
      0.243 1.6303e-09    14.4430    102.872    125.563  69.303660    11.9700     0.5394     0.0852     0.0846 3.9338e+02     1.0349      0.238      0.345     2.6218 0.0000e+00
      0.243 2.0960e-09    14.3855    101.200    125.553  69.284252    11.9700     0.4936     0.0852     0.2538 3.8888e+02     1.0198      0.238      0.345     2.6146 0.0000e+00
      0.243 2.6949e-09    14.2966     99.131    125.548  69.270364    11.9700     0.5470     0.0852     0.2538 3.7665e+02     0.9292      0.238      0.345     2.6083 0.0000e+00
      0.243 3.4649e-09    14.1679     96.629    125.541  69.258293    11.9700     0.5280     0.0852     0.2538 3.7412e+02     0.9745      0.238      0.345     2.6023 0.0000e+00
      0.243 4.4549e-09    13.9930     93.603    125.534  69.246813    11.9700     0.5585     0.0852     0.2538 3.7008e+02     0.7932      0.238      0.345     2.5964 0.0000e+00
      0.243 5.7277e-09    13.7676     90.367    125.541  69.242843    11.9700     0.5814     0.0852     0.2538 3.7412e+02     0.7479      0.238      0.345     2.5910 0.0000e+00
      0.243 7.3642e-09    13.4878     88.069    125.559  69.245322    11.9700     0.5852     0.0426     0.0846 3.8226e+02     0.7932      0.238      0.345     2.5865 0.0000e+00
      0.243 9.4682e-09    13.1485     87.931    125.573  69.246930    11.9700     0.5661     0.0426     0.0846 3.9236e+02     0.6271      0.238      0.345     2.5832 0.0000e+00
      0.243 1.2173e-08    12.7378     90.397    125.575  69.244104    11.9700     0.5699     0.0426     0.0846 4.0054e+02     0.8386      0.238      0.345     2.5803 0.0000e+00
      0.243 1.5652e-08    12.2984     95.088    125.569  69.240082    11.9700     0.5814     0.0426     0.0846 4.3379e+02     0.6271      0.238      0.345     2.5772 0.0000e+00
      0.243 2.0123e-08    11.9866    101.090    125.569  69.241773    12.1500     0.5661     0.1278     0.1692 4.4400e+02     0.7177      0.238      0.345     2.5741 0.0000e+00
      0.243 2.5873e-08    11.9687    107.268    125.577  69.249627    12.1500     0.5852     0.1278     0.1692 4.4429e+02     0.7781      0.238      0.345     2.5717 0.0000e+00
      0.243 3.3265e-08    12.3048    112.478    125.584  69.257759    12.1500     0.5585     0.1278     0.1692 4.4826e+02     0.9745      0.238      0.345     2.5703 0.0000e+00
      0.243 4.2770e-08    12.9435    115.626    125.588  69.264344    12.1500     0.6081     0.1278     0.1692 4.6291e+02     1.0349      0.238      0.345     2.5700 0.0000e+00
      0.243 5.4989e-08    13.7603    115.969    125.595  69.271140    12.0600     0.5547     0.1278     0.2538 4.5881e+02     0.9292      0.238      0.345     2.5707 0.0000e+00
      0.243 7.0701e-08    14.6007    113.619    125.606  69.277964    12.0600     0.5852     0.1278     0.2538 4.5632e+02     0.9896      0.239      0.346     2.5720 0.0000e+00
      0.243 9.0901e-08    15.3091    109.429    125.618  69.282643    12.0600     0.5814     0.1278     0.2538 4.7185e+02     0.7177      0.239      0.346     2.5736 0.0000e+00
      0.243 1.1687e-07    15.7370    104.435    125.632  69.284431    12.0600     0.6005     0.1278     0.2538 4.9335e+02     0.7781      0.239      0.346     2.5753 0.0000e+00
      0.243 1.5026e-07    15.7832     99.473    125.645  69.283805    12.0600     0.5814     0.1278     0.1269 4.9142e+02     0.7026      0.239      0.346     2.5766 0.0000e+00
      0.244 1.9320e-07    15.4631     95.053    125.653  69.280596    12.0600     0.5928     0.1278     0.1269 5.1840e+02     0.8083      0.239      0.346     2.5770 0.0000e+00
      0.244 2.4840e-07    14.8932     91.398    125.652  69.273949    12.0600     0.5852     0.1278     0.1269 5.3815e+02     0.9745      0.239      0.346     2.5760 0.0000e+00
      0.244 3.1937e-07    14.2143     88.536    125.639  69.262091    12.0600     0.5814     0.1278     0.1269 5.4485e+02     0.9745      0.239      0.346     2.5737 0.0000e+00
      0.244 4.1061e-07    13.5401     86.392    125.617  69.243855    12.0600     0.5394     0.1278     0.1269 6.0911e+02     0.8990      0.239      0.346     2.5706 0.0000e+00
      0.244 4.1061e-07    12.9395     84.846    125.599  69.226353    12.0600     0.6043     0.0852     0.1692 5.5501e+02     1.0349      0.239      0.346     2.5675 0.0000e+00
      0.244 3.1936e-07    12.4427     83.780    125.600  69.218884    12.0600     0.5738     0.0852     0.1692 5.9485e+02     1.0349      0.239      0.346     2.5652 0.0000e+00
      0.244 2.4839e-07    12.0538     83.097    125.619  69.223447    12.0600     0.5394     0.0852     0.1692 5.8957e+02     1.0047      0.239      0.346     2.5632 0.0000e+00
      0.244 1.9319e-07    11.7627     82.704    125.653  69.241259    12.0600     0.5318     0.0852     0.1692 5.9511e+02     0.9896      0.239      0.346     2.5608 0.0000e+00
      0.244 1.5025e-07    11.5532     82.511    125.705  69.273078    12.1500     0.5509     0.0426     0.1692 5.8753e+02     0.9594      0.239      0.346     2.5578 0.0000e+00
      0.244 1.1685e-07    11.4091     82.447    125.774  69.317413    12.1500     0.5127     0.0426     0.1692 6.1456e+02     0.7479      0.239      0.346     2.5546 0.0000e+00
      0.244 9.0874e-08    11.3168     82.473    125.862  69.374112    12.1500     0.5547     0.0426     0.1692 6.1603e+02     0.6875      0.239      0.346     2.5524 0.0000e+00
      0.244 7.0667e-08    11.2634     82.567    125.976  69.448320    12.1500     0.5585     0.0426     0.1692 6.1229e+02     0.7781      0.239      0.346     2.5520 0.0000e+00
      0.244 5.4946e-08    11.2367     82.720    126.112  69.539869    12.1500     0.5356     0.0852     0.2115 6.0765e+02     0.7177      0.239      0.346     2.5532 0.0000e+00
      0.244 4.2714e-08    11.2273     82.915    126.236  69.633262    12.1500     0.5814     0.0852     0.2115 5.8702e+02     0.8688      0.239      0.346     2.5557 0.0000e+00
      0.244 3.3193e-08    11.2297     83.135    126.329  69.717485    12.1500     0.6005     0.0852     0.2115 5.7715e+02     0.6271      0.239      0.347     2.5590 0.0000e+00
      0.244 2.5780e-08    11.2412     83.372    126.403  69.795044    12.1500     0.5928     0.0852     0.2115 5.7290e+02     0.8083      0.239      0.347     2.5634 0.0000e+00
      0.244 2.0004e-08    11.2600     83.614    126.473  69.870657    12.3300     0.6081     0.0852     0.1269 5.5477e+02     0.6573      0.239      0.347     2.5700 0.0000e+00
      0.244 1.5497e-08    11.2835     83.828    126.553  69.950521    12.3300     0.5699     0.0852     0.1269 5.5937e+02     0.7479      0.239      0.347     2.5799 0.0000e+00
      0.244 1.1975e-08    11.3095     83.978    126.656  70.039968    12.3300     0.5814     0.0852     0.1269 5.5345e+02     0.6724      0.239      0.347     2.5930 0.0000e+00
      0.244 9.2134e-09    11.3372     84.047    126.786  70.140901    12.3300     0.6005     0.0852     0.1269 5.5561e+02     0.8386      0.239      0.347     2.6075 0.0000e+00
