Data/DataNotYetUploadedToEDI/Raw_CTD/RawDownloads/020926_ccr51_S8188001.cnv
* Sea-Bird SBE19plus  Data File:
* FileName = C:\R\Reservoirs\Data\DataNotYetUploadedToEDI\Raw_CTD\RawDownloads\020926_ccr51_S8188_0001.hex
* Software version 2.8.0.119
* Temperature SN = 8188
* Conductivity SN = 8188
* System UpLoad Time = Feb 09 2026 16:23:40
* <ApplicationData>
* <Seaterm232>
# nquan = 16
# nvalues = 2023                        
# units = specified
# name 0 = depFM: Depth [fresh water, m]
# name 1 = dz/dtM: Descent Rate [m/s]
# name 2 = sbeox0Mg/L: Oxygen, SBE 43 [mg/l]
# name 3 = sbeox0PS: Oxygen, SBE 43 [% saturation]
# name 4 = specc: Specific Conductance [uS/cm]
# name 5 = c0uS/cm: Conductivity [uS/cm]
# name 6 = wetCDOM: Fluorescence, WET Labs CDOM [mg/m^3]
# name 7 = flECO-AFL: Fluorescence, WET Labs ECO-AFL/FL [mg/m^3]
# name 8 = flECO-AFL1: Fluorescence, WET Labs ECO-AFL/FL, 2 [mg/m^3]
# name 9 = flECO-AFL2: Fluorescence, WET Labs ECO-AFL/FL, 3 [mg/m^3]
# name 10 = par/sat/log: PAR/Logarithmic, Satlantic
# name 11 = turbWETntu0: Turbidity, WET Labs ECO [NTU]
# name 12 = prdM: Pressure, Strain Gauge [db]
# name 13 = prdE: Pressure, Strain Gauge [psi]
# name 14 = tv290C: Temperature [ITS-90, deg C]
# name 15 = flag:  0.000e+00
# span 0 =     -0.438,     15.084       
# span 1 =     -0.464,      0.315       
# span 2 =     9.0901,    15.7832       
# span 3 =     67.331,    115.969       
# span 4 =      0.359,    129.553       
# span 5 =   0.269062,  72.326779       
# span 6 =    -4.5000,    26.1000       
# span 7 =    -1.5701,     9.3477       
# span 8 =    -2.1300,     1.9170       
# span 9 =    -2.1996,    14.9319       
# span 10 = 1.1592e-01, 1.7757e+03      
# span 11 =    -2.9985,   223.8548      
# span 12 =     -0.430,     14.792      
# span 13 =     -0.623,     21.454      
# span 14 =     2.1317,    12.5952      
# span 15 = 0.0000e+00, 0.0000e+00      
# interval = seconds: 0.25
# start_time = Feb 09 2026 14:32:59 [Instrument's time stamp, header]
# bad_flag = -9.990e-29
*END*
[from data line 543]
      0.251 5.0118e-09    12.1635     89.118    120.016  65.704222    12.5100     0.6424     0.0852     0.2115 7.7307e+02     0.9745      0.246      0.357     2.3855 0.0000e+00
      0.251 6.4438e-09    12.1699     89.170    119.957  65.669939    12.5100     0.6577     0.0852     0.2115 7.6256e+02     1.0047      0.246      0.357     2.3816 0.0000e+00
      0.251 8.2848e-09    12.1782     89.215    119.893  65.635101    12.5100     0.5890     0.1278     0.2538 7.4844e+02     1.0047      0.246      0.357     2.3777 0.0000e+00
      0.251 1.0652e-08    12.1876     89.250    119.854  65.618349    12.5100     0.5814     0.1278     0.2538 7.6422e+02     0.9594      0.246      0.357     2.3744 0.0000e+00
      0.251 1.3695e-08    12.1963     89.274    119.865  65.633173    12.5100     0.5928     0.1278     0.2538 8.0426e+02     1.0047      0.246      0.357     2.3724 0.0000e+00
      0.251 1.7608e-08    12.2037     89.299    119.911  65.671554    12.5100     0.6005     0.1278     0.2538 8.4419e+02     0.9443      0.246      0.357     2.3716 0.0000e+00
      0.251 2.2639e-08    12.2099     89.335    119.947  65.707816    12.5100     0.6500     0.0852     0.1692 9.0813e+02     0.8235      0.246      0.357     2.3719 0.0000e+00
      0.251 2.9108e-08    12.2140     89.383    119.995  65.751629    12.5100     0.6233     0.0852     0.1692 9.5571e+02     0.6724      0.246      0.357     2.3737 0.0000e+00
      0.252 3.7424e-08    12.2161     89.432    120.054  65.800711    12.5100     0.6500     0.0852     0.1692 9.9383e+02     0.5817      0.247      0.357     2.3773 0.0000e+00
      0.252 4.8117e-08    12.2177     89.466    120.044  65.810292    12.5100     0.6691     0.0852     0.1692 1.0808e+03     0.7177      0.247      0.357     2.3828 0.0000e+00
      0.252 6.1864e-08    12.2203     89.481    119.971  65.784922    12.5100     0.5623     0.0852     0.1692 1.0893e+03     0.7177      0.247      0.358     2.3898 0.0000e+00
      0.252 7.9540e-08    12.2243     89.480    119.919  65.769710    12.4200     0.6043     0.0852     0.2961 1.1093e+03     0.6422      0.247      0.358     2.3971 0.0000e+00
      0.252 1.0227e-07    12.2288     89.466    119.899  65.768581    12.4200     0.5890     0.0852     0.2961 1.0724e+03     0.7328      0.247      0.358     2.4040 0.0000e+00
      0.252 1.3148e-07    12.2314     89.438    119.894  65.773253    12.4200     0.5852     0.0852     0.2961 1.0418e+03     0.6724      0.247      0.358     2.4104 0.0000e+00
      0.252 1.6905e-07    12.2313     89.397    119.898  65.780982    12.4200     0.5928     0.0852     0.2961 1.0203e+03     0.6724      0.247      0.358     2.4165 0.0000e+00
      0.252 2.1735e-07    12.2294     89.352    119.879  65.773878    12.5100     0.5852     0.0852     0.2115 9.7353e+02     0.6573      0.247      0.358     2.4219 0.0000e+00
      0.252 2.7945e-07    12.2262     89.319    119.841  65.754037    12.5100     0.5928     0.0852     0.2115 8.5918e+02     0.7479      0.247      0.358     2.4261 0.0000e+00
      0.252 3.5929e-07    12.2213     89.308    119.810  65.736119    12.5100     0.5661     0.0852     0.2115 7.9022e+02     0.7781      0.247      0.358     2.4292 0.0000e+00
      0.252 4.6195e-07    12.2150     89.321    119.809  65.733303    12.5100     0.6310     0.0852     0.2115 7.8169e+02     0.7177      0.247      0.358     2.4315 0.0000e+00
      0.252 4.6195e-07    12.2084     89.364    119.846  65.750822    12.4200     0.6157     0.1278     0.2115 7.4942e+02     0.7479      0.247      0.358     2.4328 0.0000e+00
      0.252 3.5929e-07    12.2037     89.437    119.869  65.759432    12.4200     0.6348     0.1278     0.2115 6.9333e+02     0.6422      0.247      0.358     2.4332 0.0000e+00
      0.252 2.7945e-07    12.2023     89.536    119.881  65.761427    12.4200     0.6310     0.1278     0.2115 6.6500e+02     0.6875      0.247      0.358     2.4329 0.0000e+00
      0.252 2.1735e-07    12.2044     89.652    119.899  65.765320    12.4200     0.5814     0.1278     0.2115 6.2208e+02     0.6271      0.247      0.358     2.4321 0.0000e+00
      0.252 1.6905e-07    12.2106     89.772    119.890  65.754192    12.4200     0.5890     0.1278     0.2115 5.9952e+02     0.8235      0.247      0.358     2.4308 0.0000e+00
      0.252 1.3148e-07    12.2212     89.875    119.889  65.747023    12.5100     0.5852     0.0852     0.1692 5.8333e+02     0.7026      0.247      0.358     2.4292 0.0000e+00
      0.252 1.0227e-07    12.2354     89.947    119.901  65.745892    12.5100     0.5699     0.0852     0.1692 5.9188e+02     0.6724      0.247      0.358     2.4272 0.0000e+00
      0.252 7.9540e-08    12.2521     89.987    119.901  65.736530    12.5100     0.5928     0.0852     0.1692 6.0017e+02     0.7479      0.247      0.358     2.4248 0.0000e+00
      0.252 6.1864e-08    12.2693     90.003    119.900  65.724422    12.5100     0.5814     0.0852     0.1692 6.4887e+02     0.8083      0.247      0.358     2.4222 0.0000e+00
      0.252 4.8116e-08    12.2842     90.006    119.900  65.710329    12.5100     0.5814     0.0852     0.1269 7.0856e+02     0.7932      0.247      0.358     2.4193 0.0000e+00
      0.252 3.7424e-08    12.2952     89.997    119.907  65.698472    12.5100     0.5928     0.0852     0.1269 7.6955e+02     0.7479      0.247      0.358     2.4161 0.0000e+00
      0.252 2.9107e-08    12.3020     89.984    119.944  65.701652    12.5100     0.5356     0.0852     0.1269 8.5881e+02     1.0047      0.247      0.358     2.4123 0.0000e+00
      0.252 2.2639e-08    12.3058     89.974    120.001  65.716725    12.5100     0.5432     0.0852     0.1269 9.4436e+02     1.1105      0.247      0.358     2.4076 0.0000e+00
      0.252 1.7608e-08    12.3081     89.965    120.040  65.723769    12.5100     0.5165     0.0852     0.1692 9.5550e+02     1.0047      0.247      0.358     2.4017 0.0000e+00
      0.252 1.3695e-08    12.3091     89.956    120.033  65.708700    12.5100     0.5432     0.0852     0.1692 1.0585e+03     0.9594      0.247      0.358     2.3950 0.0000e+00
      0.252 1.0652e-08    12.3097     89.949    120.015  65.693436    12.5100     0.5928     0.0852     0.1692 1.0733e+03     0.7479      0.247      0.358     2.3879 0.0000e+00
      0.252 8.2848e-09    12.3106     89.943    120.026  65.699842    12.5100     0.5776     0.0852     0.1692 1.1014e+03     0.6422      0.247      0.358     2.3811 0.0000e+00
      0.252 6.4438e-09    12.3113     89.937    120.019  65.703690    12.5100     0.5776     0.0852     0.0846 1.0642e+03     0.7479      0.247      0.358     2.3751 0.0000e+00
      0.252 5.0118e-09    12.3117     89.928    119.997  65.706008    12.5100     0.5585     0.0852     0.0846 1.0477e+03     0.6724      0.247      0.358     2.3706 0.0000e+00
      0.252 3.8981e-09    12.3115     89.914    119.990  65.721379    12.5100     0.6081     0.0852     0.0846 9.8888e+02     0.7479      0.247      0.358     2.3681 0.0000e+00
      0.252 3.0318e-09    12.3105     89.897    119.967  65.731957    12.5100     0.5661     0.0852     0.0846 9.0008e+02     0.8083      0.247      0.358     2.3684 0.0000e+00
      0.252 2.3581e-09    12.3086     89.879    119.935  65.738568    12.5100     0.5776     0.0852     0.0846 9.0872e+02     0.7328      0.247      0.358     2.3717 0.0000e+00
      0.252 1.8341e-09    12.3054     89.858    119.934  65.762927    12.4200     0.5776     0.0426     0.0846 8.5082e+02     0.7177      0.247      0.358     2.3776 0.0000e+00
      0.252 1.4265e-09    12.3009     89.832    119.944  65.791579    12.4200     0.6081     0.0426     0.0846 8.3816e+02     0.8688      0.247      0.358     2.3857 0.0000e+00
      0.252 1.1095e-09    12.2953     89.807    119.935  65.804234    12.4200     0.6005     0.0426     0.0846 7.9126e+02     1.0198      0.247      0.358     2.3952 0.0000e+00
      0.252 8.6296e-10    12.2895     89.787    119.916  65.804265    12.4200     0.5509     0.0426     0.0846 7.3746e+02     1.0349      0.247      0.358     2.4054 0.0000e+00
      0.252 6.7119e-10    12.2831     89.778    119.861  65.775721    12.5100     0.5852     0.0852     0.2538 7.0810e+02     1.0500      0.247      0.358     2.4158 0.0000e+00
      0.252 5.2203e-10    12.2765     89.781    119.780  65.724956    12.5100     0.6500     0.0852     0.2538 7.0273e+02     1.0047      0.247      0.358     2.4253 0.0000e+00
      0.252 4.0602e-10    12.2705     89.800    119.727  65.684321    12.5100     0.6424     0.0852     0.2538 6.8450e+02     0.9594      0.247      0.358     2.4327 0.0000e+00
      0.252 3.1579e-10    12.2664     89.834    119.712  65.662931    12.5100     0.6729     0.0852     0.2538 6.7124e+02     1.0047      0.247      0.358     2.4369 0.0000e+00
      0.252 2.4562e-10    12.2650     89.882    119.723  65.655081    12.5100     0.6233     0.0852     0.2961 6.6283e+02     1.0047      0.247      0.358     2.4376 0.0000e+00
      0.252 1.9104e-10    12.2663     89.942    119.720  65.640721    12.5100     0.5699     0.0852     0.2961 6.7182e+02     0.9443      0.247      0.358     2.4351 0.0000e+00
      0.252 1.4858e-10    12.2704     90.010    119.708  65.624003    12.5100     0.5852     0.0852     0.2961 6.8271e+02     0.9745      0.247      0.358     2.4304 0.0000e+00
      0.252 1.1557e-10    12.2769     90.074    119.726  65.626404    12.5100     0.5661     0.0852     0.2961 6.8942e+02     1.0652      0.247      0.358     2.4247 0.0000e+00
      0.252 8.9884e-11    12.2853     90.129    119.768  65.644575    12.6000     0.5585     0.0852     0.2115 6.7285e+02     0.9745      0.247      0.358     2.4190 0.0000e+00
      0.252 6.9910e-11    12.2954     90.168    119.799  65.659419    12.6000     0.5852     0.0852     0.2115 6.6053e+02     1.2766      0.247      0.358     2.4137 0.0000e+00
      0.252 5.4374e-11    12.3061     90.189    119.765  65.640977    12.6000     0.5776     0.0852     0.2115 6.5283e+02     1.3371      0.247      0.358     2.4094 0.0000e+00
      0.252 4.2291e-11    12.3159     90.197    119.688  65.600293    12.6000     0.5928     0.0852     0.2115 6.4241e+02     1.2011      0.247      0.358     2.4062 0.0000e+00
      0.252 3.2893e-11    12.3240     90.202    119.673  65.594351    12.6000     0.5776     0.0852     0.2115 6.4732e+02     1.2313      0.247      0.358     2.4043 0.0000e+00
      0.252 2.5583e-11    12.3296     90.212    119.733  65.629549    12.6000     0.7073     0.1278     0.2538 6.6413e+02     1.0198      0.247      0.358     2.4035 0.0000e+00
      0.252 1.9898e-11    12.3324     90.236    119.782  65.659407    12.6000     0.6996     0.1278     0.2538 6.6775e+02     0.9594      0.247      0.358     2.4035 0.0000e+00
      0.252 1.5476e-11    12.3334     90.274    119.773  65.657972    12.6000     0.7073     0.1278     0.2538 6.6485e+02     1.0047      0.247      0.358     2.4040 0.0000e+00
      0.252 1.2037e-11    12.3338     90.324    119.734  65.638827    12.6000     0.6996     0.1278     0.2538 7.2428e+02     0.9443      0.247      0.358     2.4049 0.0000e+00
      0.252 9.3624e-12    12.3347     90.379    119.716  65.630785    12.6000     0.7035     0.1278     0.2115 7.1583e+02     0.9292      0.247      0.358     2.4061 0.0000e+00
      0.252 7.2818e-12    12.3375     90.433    119.733  65.639680    12.6000     0.5547     0.1278     0.2115 7.3939e+02     1.0047      0.247      0.358     2.4074 0.0000e+00
      0.252 5.6636e-12    12.3424     90.478    119.764  65.655916    12.6000     0.5165     0.1278     0.2115 7.4747e+02     0.9443      0.247      0.358     2.4087 0.0000e+00
      0.252 4.4050e-12    12.3488     90.506    119.823  65.687810    12.6000     0.5089     0.1278     0.2115 7.5186e+02     1.0047      0.247      0.358     2.4098 0.0000e+00
      0.252 3.4261e-12    12.3562     90.511    119.919  65.739878    12.5100     0.5013     0.0852     0.1269 7.8390e+02     0.9594      0.247      0.359     2.4104 0.0000e+00
      0.252 2.6648e-12    12.3636     90.494    120.000  65.784107    12.5100     0.4822     0.0852     0.1269 7.7813e+02     0.8688      0.247      0.359     2.4104 0.0000e+00
      0.252 2.0726e-12    12.3698     90.464    120.023  65.798373    12.5100     0.4784     0.0852     0.1269 7.9022e+02     1.0047      0.247      0.359     2.4101 0.0000e+00
      0.252 1.6120e-12    12.3737     90.421    120.008  65.794461    12.5100     0.4898     0.0852     0.1269 8.0408e+02     0.9443      0.247      0.359     2.4099 0.0000e+00
      0.252 1.2538e-12    12.3744     90.371    119.985  65.791279    12.5100     0.4631     0.0852     0.1269 8.0216e+02     0.8990      0.247      0.359     2.4096 0.0000e+00
      0.252 9.7515e-13    12.3722     90.320    119.967  65.795959    12.5100     0.5470     0.0852     0.1269 8.1234e+02     0.7177      0.247      0.359     2.4095 0.0000e+00
      0.252 7.5846e-13    12.3678     90.271    119.970  65.817732    12.5100     0.5089     0.0852     0.1269 8.1658e+02     0.7328      0.247      0.359     2.4101 0.0000e+00
      0.252 5.8991e-13    12.3614     90.232    119.982  65.850431    12.5100     0.5356     0.0852     0.1269 7.3188e+02     0.7479      0.247      0.359     2.4120 0.0000e+00
      0.252 4.5882e-13    12.3533     90.212    119.956  65.866865    12.5100     0.5280     0.0852     0.1269 8.1729e+02     0.7328      0.247      0.359     2.4158 0.0000e+00
      0.252 3.5686e-13    12.3443     90.215    119.874  65.855455    12.5100     0.5814     0.0852     0.1692 8.0251e+02     1.0047      0.247      0.359     2.4218 0.0000e+00
      0.252 2.7756e-13    12.3347     90.240    119.772  65.835107    12.5100     0.5966     0.0852     0.1692 8.0303e+02     0.9745      0.247      0.359     2.4304 0.0000e+00
      0.252 2.1588e-13    12.3257     90.281    119.720  65.842294    12.5100     0.5776     0.0852     0.1692 7.8390e+02     0.9594      0.247      0.359     2.4412 0.0000e+00
      0.252 1.6791e-13    12.3188     90.337    119.705  65.868958    12.5100     0.5738     0.0852     0.1692 7.3092e+02     0.9745      0.247      0.359     2.4540 0.0000e+00
      0.252 1.3059e-13    12.3144     90.405    119.683  65.888292    12.5100     0.5814     0.0852     0.1269 7.3907e+02     0.7177      0.247      0.359     2.4682 0.0000e+00
      0.252 1.0157e-13    12.3128     90.479    119.695  65.921414    12.5100     0.5509     0.0852     0.1269 6.5183e+02     0.7328      0.247      0.359     2.4830 0.0000e+00
      0.252 7.9001e-14    12.3136     90.553    119.756  65.975162    12.5100     0.5890     0.0852     0.1269 6.5695e+02     0.7177      0.247      0.359     2.4980 0.0000e+00
      0.252 6.1445e-14    12.3163     90.625    119.780  66.004014    12.5100     0.5623     0.0852     0.1269 6.7299e+02     0.6724      0.247      0.359     2.5124 0.0000e+00
      0.252 4.7791e-14    12.3212     90.690    119.743  65.995713    12.5100     0.6348     0.1278     0.2115 6.4633e+02     0.7026      0.247      0.359     2.5256 0.0000e+00
      0.252 3.7171e-14    12.3276     90.749    119.702  65.983958    12.5100     0.6386     0.1278     0.2115 6.6717e+02     0.6120      0.247      0.359     2.5366 0.0000e+00
      0.252 2.8911e-14    12.3349     90.804    119.662  65.971600    12.5100     0.6500     0.1278     0.2115 6.8197e+02     0.8083      0.247      0.359     2.5452 0.0000e+00
      0.252 2.2486e-14    12.3425     90.853    119.604  65.947364    12.5100     0.6424     0.1278     0.2115 6.5141e+02     0.7177      0.247      0.359     2.5516 0.0000e+00
      0.252 1.7489e-14    12.3496     90.895    119.550  65.924738    12.5100     0.6233     0.1278     0.2115 6.8554e+02     0.7479      0.247      0.359     2.5567 0.0000e+00
      0.252 1.3603e-14    12.3562     90.929    119.524  65.917641    12.5100     0.6348     0.1278     0.2115 6.5867e+02     0.6875      0.247      0.359     2.5611 0.0000e+00
