Data/DataNotYetUploadedToEDI/Raw_CTD/RawDownloads/020926_ccr51_S8188001.cnv
* Sea-Bird SBE19plus  Data File:
* FileName = C:\R\Reservoirs\Data\DataNotYetUploadedToEDI\Raw_CTD\RawDownloads\020926_ccr51_S8188_0001.hex
* Software version 2.8.0.119
* Temperature SN = 8188
* Conductivity SN = 8188
* System UpLoad Time = Feb 09 2026 16:23:40
* <ApplicationData>
* <Seaterm232>
# nquan = 16
# nvalues = 2023                        
# units = specified
# name 0 = depFM: Depth [fresh water, m]
# name 1 = dz/dtM: Descent Rate [m/s]
# name 2 = sbeox0Mg/L: Oxygen, SBE 43 [mg/l]
# name 3 = sbeox0PS: Oxygen, SBE 43 [% saturation]
# name 4 = specc: Specific Conductance [uS/cm]
# name 5 = c0uS/cm: Conductivity [uS/cm]
# name 6 = wetCDOM: Fluorescence, WET Labs CDOM [mg/m^3]
# name 7 = flECO-AFL: Fluorescence, WET Labs ECO-AFL/FL [mg/m^3]
# name 8 = flECO-AFL1: Fluorescence, WET Labs ECO-AFL/FL, 2 [mg/m^3]
# name 9 = flECO-AFL2: Fluorescence, WET Labs ECO-AFL/FL, 3 [mg/m^3]
# name 10 = par/sat/log: PAR/Logarithmic, Satlantic
# name 11 = turbWETntu0: Turbidity, WET Labs ECO [NTU]
# name 12 = prdM: Pressure, Strain Gauge [db]
# name 13 = prdE: Pressure, Strain Gauge [psi]
# name 14 = tv290C: Temperature [ITS-90, deg C]
# name 15 = flag:  0.000e+00
# span 0 =     -0.438,     15.084       
# span 1 =     -0.464,      0.315       
# span 2 =     9.0901,    15.7832       
# span 3 =     67.331,    115.969       
# span 4 =      0.359,    129.553       
# span 5 =   0.269062,  72.326779       
# span 6 =    -4.5000,    26.1000       
# span 7 =    -1.5701,     9.3477       
# span 8 =    -2.1300,     1.9170       
# span 9 =    -2.1996,    14.9319       
# span 10 = 1.1592e-01, 1.7757e+03      
# span 11 =    -2.9985,   223.8548      
# span 12 =     -0.430,     14.792      
# span 13 =     -0.623,     21.454      
# span 14 =     2.1317,    12.5952      
# span 15 = 0.0000e+00, 0.0000e+00      
# interval = seconds: 0.25
# start_time = Feb 09 2026 14:32:59 [Instrument's time stamp, header]
# bad_flag = -9.990e-29
*END*
[from data line 904]
      0.261      0.003    12.3312     90.232    119.590  65.690800    12.7800     0.7149     0.0852     0.1692 4.4545e+02     0.7781      0.256      0.372     2.4917 0.0000e+00
      0.262      0.003    12.3244     90.241    119.587  65.667254    12.7800     0.6920     0.0852     0.1692 4.4651e+02     0.7479      0.257      0.373     2.4845 0.0000e+00
      0.263      0.004    12.3189     90.256    119.613  65.648428    12.7800     0.6996     0.0852     0.1692 4.4719e+02     0.7781      0.258      0.375     2.4780 0.0000e+00
      0.264      0.005    12.3166     90.268    119.639  65.615335    12.7800     0.6729     0.0852     0.1692 4.4807e+02     0.7177      0.259      0.376     2.4716 0.0000e+00
      0.266      0.006    12.3180     90.272    119.684  65.581097    12.6900     0.6996     0.0852     0.1269 4.4943e+02     0.6724      0.260      0.378     2.4645 0.0000e+00
      0.268      0.006    12.3224     90.269    119.761  65.564511    12.6900     0.7111     0.0852     0.1269 4.4846e+02     0.7026      0.262      0.381     2.4552 0.0000e+00
      0.270      0.005    12.3290     90.262    119.864  65.571128    12.6900     0.7225     0.0852     0.1269 4.5139e+02     0.6422      0.265      0.384     2.4415 0.0000e+00
      0.272      0.002    12.3372     90.258    119.978  65.600718    12.6900     0.6310     0.0852     0.1269 4.3351e+02     0.9443      0.267      0.387     2.4217 0.0000e+00
      0.273     -0.003    12.3459     90.266    120.053  65.633236    12.6900     0.6424     0.0852     0.1269 4.4846e+02     0.9443      0.268      0.389     2.3972 0.0000e+00
      0.273     -0.009    12.3538     90.285    120.087  65.669372    12.6000     0.6462     0.0852     0.2538 4.6838e+02     1.0047      0.268      0.388     2.3725 0.0000e+00
      0.270     -0.017    12.3598     90.316    120.149  65.746697    12.6000     0.6462     0.0852     0.2538 4.3229e+02     1.0047      0.265      0.384     2.3518 0.0000e+00
      0.266     -0.027    12.3638     90.358    120.240  65.861888    12.6000     0.6500     0.0852     0.2538 4.6382e+02     0.8083      0.260      0.378     2.3383 0.0000e+00
      0.258     -0.038    12.3661     90.401    120.292  65.963865    12.6000     0.6424     0.0852     0.2538 4.5149e+02     0.6573      0.253      0.367     2.3346 0.0000e+00
      0.247     -0.050    12.3663     90.438    120.297  66.035932    12.6000     0.6233     0.0852     0.2115 4.5159e+02     0.7328      0.243      0.352     2.3418 0.0000e+00
      0.233     -0.061    12.3645     90.469    120.289  66.097308    12.6000     0.6424     0.0852     0.2115 4.6574e+02     0.7479      0.229      0.331     2.3599 0.0000e+00
      0.215     -0.070    12.3612     90.496    120.267  66.160370    12.6000     0.5776     0.0852     0.2115 4.7247e+02     0.7479      0.211      0.305     2.3870 0.0000e+00
      0.193     -0.076    12.3568     90.535    120.213  66.214004    12.6000     0.5928     0.0852     0.2115 6.2847e+02     0.7328      0.189      0.275     2.4176 0.0000e+00
      0.170     -0.077    12.3522     90.602    120.109  66.222636    12.6900     0.5661     0.1278     0.1269 5.9601e+02     0.7479      0.167      0.242     2.4464 0.0000e+00
      0.148     -0.076    12.3472     90.709    120.016  66.196553    12.6900     0.5776     0.1278     0.1269 6.0502e+02     0.7479      0.145      0.211     2.4739 0.0000e+00
      0.128     -0.071    12.3405     90.858    120.013  66.184664    12.6900     0.5585     0.1278     0.1269 5.9939e+02     1.0198      0.126      0.183     2.5052 0.0000e+00
      0.112     -0.066    12.3342     91.046    120.052  66.175818    12.6900     0.5776     0.1278     0.1269 6.0017e+02     0.9745      0.110      0.159     2.5399 0.0000e+00
      0.097     -0.061    12.3343     91.257    120.048  66.135729    12.6900     0.5738     0.1278     0.2115 6.0318e+02     0.9896      0.095      0.138     2.5672 0.0000e+00
      0.083     -0.058    12.3453     91.460    120.038  66.089620    12.6900     0.5738     0.1278     0.2115 6.1096e+02     1.0349      0.082      0.118     2.5779 0.0000e+00
      0.070     -0.055    12.3671     91.621    120.060  66.063103    12.6900     0.6119     0.1278     0.2115 6.1109e+02     0.9594      0.069      0.099     2.5734 0.0000e+00
      0.056     -0.052    12.3968     91.724    120.078  66.041125    12.6900     0.6310     0.1278     0.2115 6.1683e+02     1.0198      0.055      0.080     2.5609 0.0000e+00
      0.041     -0.048    12.4308     91.771    120.050  65.993882    12.6900     0.6233     0.1278     0.2115 6.3561e+02     1.0047      0.041      0.059     2.5451 0.0000e+00
      0.028     -0.044    12.4642     91.772    119.984  65.912767    12.6900     0.6500     0.0852     0.1692 6.3313e+02     1.0047      0.027      0.039     2.5281 0.0000e+00
      0.016     -0.037    12.4916     91.746    119.972  65.841988    12.6900     0.6310     0.0852     0.1692 6.3658e+02     1.0500      0.016      0.023     2.5121 0.0000e+00
      0.008     -0.031    12.5102     91.707    120.038  65.800579    12.6900     0.6272     0.0852     0.1692 6.4032e+02     0.9594      0.008      0.012     2.4986 0.0000e+00
      0.002     -0.024    12.5210     91.656    120.107  65.761533    12.6900     0.6539     0.0852     0.1692 6.4004e+02     0.9896      0.002      0.003     2.4854 0.0000e+00
     -0.002     -0.018    12.5274     91.599    120.151  65.724408    12.6900     0.6462     0.1278     0.2115 6.3230e+02     0.9594     -0.002     -0.003     2.4668 0.0000e+00
     -0.005     -0.013    12.5330     91.536    120.195  65.709232    12.6900     0.6386     0.1278     0.2115 6.3038e+02     0.8990     -0.005     -0.007     2.4400 0.0000e+00
     -0.007     -0.009    12.5386     91.458    120.255  65.721932    12.6900     0.6424     0.1278     0.2115 6.2819e+02     1.0198     -0.007     -0.011     2.4078 0.0000e+00
     -0.009     -0.007    12.5425     91.361    120.314  65.743948    12.6900     0.6348     0.1278     0.2115 6.2384e+02     1.0349     -0.009     -0.013     2.3758 0.0000e+00
     -0.010     -0.005    12.5435     91.244    120.318  65.741248    12.7800     0.6386     0.0852     0.2115 6.2724e+02     0.9594     -0.010     -0.015     2.3502 0.0000e+00
     -0.011     -0.004    12.5403     91.110    120.257  65.709122    12.7800     0.6462     0.0852     0.2115 6.3216e+02     0.9745     -0.011     -0.016     2.3340 0.0000e+00
     -0.012     -0.003    12.5324     90.964    120.189  65.676911    12.7800     0.6462     0.0852     0.2115 6.3658e+02     0.9443     -0.012     -0.017     2.3256 0.0000e+00
     -0.013     -0.002    12.5206     90.807    120.171  65.671939    12.7800     0.6157     0.0852     0.2115 6.4661e+02     0.8386     -0.012     -0.018     2.3213 0.0000e+00
     -0.013     -0.001    12.5052     90.643    120.218  65.700860    12.6900     0.6577     0.1278     0.1692 6.5795e+02     1.0047     -0.013     -0.018     2.3194 0.0000e+00
     -0.013     -0.001    12.4868     90.479    120.308  65.751436    12.6900     0.6081     0.1278     0.1692 6.6775e+02     1.0500     -0.013     -0.019     2.3199 0.0000e+00
     -0.013     -0.000    12.4660     90.328    120.379  65.789269    12.6900     0.6272     0.1278     0.1692 6.7460e+02     0.9292     -0.013     -0.019     2.3218 0.0000e+00
     -0.013      0.000    12.4439     90.205    120.382  65.786541    12.6900     0.6348     0.1278     0.1692 6.7975e+02     0.8990     -0.013     -0.018     2.3238 0.0000e+00
     -0.013      0.000    12.4210     90.115    120.336  65.752500    12.6900     0.6653     0.1278     0.1692 6.7975e+02     0.9292     -0.012     -0.018     2.3252 0.0000e+00
     -0.013      0.001    12.3983     90.046    120.268  65.702011    12.7800     0.5776     0.0852     0.1692 6.7504e+02     0.9745     -0.012     -0.018     2.3258 0.0000e+00
     -0.012      0.001    12.3776     89.981    120.203  65.651535    12.7800     0.5661     0.0852     0.1692 6.7578e+02     0.9745     -0.012     -0.018     2.3255 0.0000e+00
     -0.012      0.001    12.3613     89.907    120.145  65.607564    12.7800     0.5699     0.0852     0.1692 6.7022e+02     1.0349     -0.012     -0.017     2.3237 0.0000e+00
     -0.012      0.001    12.3503     89.819    120.122  65.588299    12.7800     0.5776     0.0852     0.1692 6.6413e+02     0.9745     -0.011     -0.017     2.3200 0.0000e+00
     -0.012      0.001    12.3427     89.718    120.145  65.596583    12.6900     0.5738     0.1278     0.2115 6.6211e+02     0.6573     -0.011     -0.016     2.3144 0.0000e+00
     -0.011      0.001    12.3359     89.612    120.136  65.586741    12.6900     0.5852     0.1278     0.2115 6.5667e+02     0.7630     -0.011     -0.016     2.3081 0.0000e+00
     -0.011      0.001    12.3275     89.508    120.099  65.560139    12.6900     0.5852     0.1278     0.2115 6.5425e+02     0.7177     -0.011     -0.015     2.3030 0.0000e+00
     -0.011      0.001    12.3165     89.415    120.101  65.553577    12.6900     0.5738     0.1278     0.2115 6.5042e+02     0.7630     -0.010     -0.015     2.3000 0.0000e+00
     -0.010      0.001    12.3032     89.347    120.116  65.553333    12.7800     0.6081     0.0852     0.1269 6.4297e+02     1.2615     -0.010     -0.015     2.2983 0.0000e+00
     -0.010      0.001    12.2893     89.314    120.097  65.533406    12.7800     0.6310     0.0852     0.1269 6.3326e+02     1.1256     -0.010     -0.014     2.2962 0.0000e+00
     -0.010      0.001    12.2759     89.311    120.081  65.510429    12.7800     0.6386     0.0852     0.1269 6.2465e+02     1.2918     -0.009     -0.014     2.2935 0.0000e+00
     -0.009      0.001    12.2643     89.326    120.093  65.500220    12.7800     0.6653     0.0852     0.1269 6.1522e+02     1.2464     -0.009     -0.013     2.2904 0.0000e+00
     -0.009      0.001    12.2561     89.349    120.118  65.500055    12.7800     0.6310     0.0852     0.1269 6.1109e+02     0.9745     -0.009     -0.013     2.2870 0.0000e+00
     -0.009      0.001    12.2529     89.372    120.144  65.509891    12.7800     0.6348     0.1278     0.1692 6.0449e+02     0.9292     -0.008     -0.012     2.2829 0.0000e+00
     -0.008      0.001    12.2544     89.390    120.169  65.528359    12.7800     0.6348     0.1278     0.1692 6.0252e+02     1.0047     -0.008     -0.012     2.2772 0.0000e+00
     -0.008      0.001    12.2588     89.402    120.171  65.538438    12.7800     0.6081     0.1278     0.1692 6.0292e+02     0.8386     -0.008     -0.011     2.2701 0.0000e+00
     -0.008      0.001    12.2638     89.392    120.164  65.544812    12.7800     0.6005     0.1278     0.1692 6.0161e+02     1.0047     -0.008     -0.011     2.2644 0.0000e+00
     -0.007      0.001    12.2676     89.353    120.178  65.561152    12.7800     0.5585     0.0852     0.1692 6.0226e+02     1.0047     -0.007     -0.011     2.2626 0.0000e+00
     -0.007      0.001    12.2695     89.283    120.181  65.567874    12.7800     0.5776     0.0852     0.1692 6.0423e+02     0.9443     -0.007     -0.010     2.2646 0.0000e+00
     -0.007      0.001    12.2698     89.179    120.170  65.562779    12.7800     0.5928     0.0852     0.1692 6.0344e+02     1.0198     -0.007     -0.010     2.2684 0.0000e+00
     -0.007      0.001    12.2670     89.051    120.153  65.552492    12.7800     0.6729     0.0852     0.1692 6.0475e+02     0.9443     -0.007     -0.009     2.2726 0.0000e+00
     -0.006      0.001    12.2604     88.923    120.117  65.530276    12.6900     0.6424     0.0852     0.1692 6.0410e+02     0.9292     -0.006     -0.009     2.2762 0.0000e+00
     -0.006      0.001    12.2502     88.815    120.070  65.502180    12.6900     0.6157     0.0852     0.1692 6.0174e+02     0.9443     -0.006     -0.008     2.2782 0.0000e+00
     -0.006      0.001    12.2358     88.745    120.058  65.494627    12.6900     0.6462     0.0852     0.1692 5.9952e+02     0.9745     -0.006     -0.008     2.2788 0.0000e+00
     -0.005      0.001    12.2184     88.732    120.092  65.513584    12.6900     0.6539     0.0852     0.1692 6.0148e+02     0.9896     -0.005     -0.008     2.2782 0.0000e+00
     -0.005      0.001    12.2011     88.784    120.128  65.534179    12.7800     0.6539     0.0852     0.1269 6.0239e+02     0.9745     -0.005     -0.007     2.2772 0.0000e+00
     -0.005      0.001    12.1867     88.888    120.154  65.547939    12.7800     0.6310     0.0852     0.1269 6.0686e+02     0.9745     -0.005     -0.007     2.2762 0.0000e+00
     -0.004      0.001    12.1772     89.021    120.158  65.546562    12.7800     0.6424     0.0852     0.1269 6.1456e+02     0.9443     -0.004     -0.006     2.2757 0.0000e+00
     -0.004      0.001    12.1754     89.156    120.142  65.531676    12.7800     0.6348     0.0852     0.1269 6.2547e+02     0.9745     -0.004     -0.006     2.2759 0.0000e+00
     -0.004      0.001    12.1824     89.275    120.145  65.525248    12.7800     0.6119     0.0852     0.1269 6.3879e+02     0.9745     -0.004     -0.005     2.2763 0.0000e+00
     -0.003      0.001    12.1967     89.370    120.177  65.535540    12.7800     0.6539     0.1278     0.1692 6.5524e+02     0.9594     -0.003     -0.005     2.2761 0.0000e+00
     -0.003      0.002    12.2155     89.440    120.216  65.551328    12.7800     0.6500     0.1278     0.1692 6.6818e+02     0.9745     -0.003     -0.004     2.2747 0.0000e+00
     -0.003      0.002    12.2348     89.486    120.230  65.554878    12.7800     0.6424     0.1278     0.1692 6.7622e+02     0.9141     -0.003     -0.004     2.2721 0.0000e+00
     -0.002      0.002    12.2522     89.521    120.229  65.551125    12.7800     0.6424     0.1278     0.1692 6.7857e+02     1.0198     -0.002     -0.003     2.2687 0.0000e+00
     -0.002      0.002    12.2664     89.561    120.227  65.547050    12.7800     0.6233     0.1278     0.0846 6.7695e+02     0.9443     -0.002     -0.002     2.2656 0.0000e+00
     -0.001      0.003    12.2767     89.617    120.200  65.529595    12.7800     0.6500     0.1278     0.0846 6.6731e+02     0.8688     -0.001     -0.001     2.2633 0.0000e+00
     -0.000      0.003    12.2835     89.695    120.131  65.490116    12.7800     0.6462     0.1278     0.0846 6.5581e+02     1.0047     -0.000     -0.000     2.2618 0.0000e+00
      0.000      0.004    12.2888     89.789    120.057  65.448011    12.7800     0.6310     0.1278     0.0846 6.3990e+02     1.0349      0.000      0.001     2.2605 0.0000e+00
      0.001      0.004    12.2947     89.888    120.005  65.417988    12.7800     0.6424     0.1278     0.1269 6.2087e+02     0.9292      0.001      0.002     2.2592 0.0000e+00
      0.003      0.005    12.3027     89.983    119.978  65.400023    12.7800     0.6500     0.1278     0.1269 6.0633e+02     1.0047      0.003      0.004     2.2581 0.0000e+00
      0.004      0.007    12.3138     90.067    119.998  65.405286    12.7800     0.5165     0.1278     0.1269 5.9588e+02     0.9594      0.004      0.006     2.2572 0.0000e+00
      0.006      0.008    12.3269     90.134    120.069  65.435180    12.7800     0.5394     0.1278     0.1269 5.9047e+02     1.0047      0.006      0.008     2.2566 0.0000e+00
      0.008      0.010    12.3407     90.182    120.157  65.473735    12.7800     0.5165     0.1278     0.3807 5.8804e+02     0.9745      0.008      0.011     2.2558 0.0000e+00
      0.010      0.012    12.3542     90.205    120.205  65.493324    12.7800     0.5356     0.1278     0.3807 5.8829e+02     0.9141      0.010      0.015     2.2545 0.0000e+00
      0.013      0.015    12.3665     90.195    120.196  65.485205    12.7800     0.5470     0.1278     0.3807 5.8753e+02     1.0652      0.013      0.019     2.2521 0.0000e+00
      0.017      0.019    12.3770     90.157    120.149  65.459184    12.7800     0.5547     0.1278     0.3807 5.8702e+02     0.9292      0.017      0.024     2.2485 0.0000e+00
      0.022      0.023    12.3849     90.099    120.095  65.432263    12.7800     0.5356     0.1278     0.3807 5.8638e+02     0.9443      0.022      0.031     2.2446 0.0000e+00
