Data/DataNotYetUploadedToEDI/Raw_CTD/RawDownloads/021025_fcr50_S7809001.cnv
* Sea-Bird SBE19plus  Data File:
* FileName = C:\R\Reservoirs\Data\DataNotYetUploadedToEDI\Raw_CTD\RawDownloads\021025_fcr50_S7809_0001.hex
* Software version 2.8.0.119
* Temperature SN = 7809
* Conductivity SN = 7809
* System UpLoad Time = Feb 25 2025 10:18:44
* <ApplicationData>
* <Seaterm232>
# nquan = 15
# nvalues = 1837                        
# units = specified
# name 0 = depFM: Depth [fresh water, m]
# name 1 = dz/dtM: Descent Rate [m/s]
# name 2 = sbeox0Mg/L: Oxygen, SBE 43 [mg/l]
# name 3 = sbeox0PS: Oxygen, SBE 43 [% saturation]
# name 4 = specc: Specific Conductance [uS/cm]
# name 5 = c0uS/cm: Conductivity [uS/cm]
# name 6 = flECO-AFL: Fluorescence, WET Labs ECO-AFL/FL [mg/m^3]
# name 7 = ph: pH
# name 8 = orp: Oxidation Reduction Potential [mV]
# name 9 = par/sat/log: PAR/Logarithmic, Satlantic
# name 10 = turbWETntu0: Turbidity, WET Labs ECO [NTU]
# name 11 = prdM: Pressure, Strain Gauge [db]
# name 12 = prdE: Pressure, Strain Gauge [psi]
# name 13 = tv290C: Temperature [ITS-90, deg C]
# name 14 = flag:  0.000e+00
# span 0 =     -0.551,      9.709       
# span 1 =     -0.373,      4.086       
# span 2 =     5.5870,    13.0620       
# span 3 =     45.329,    104.187       
# span 4 =      0.325,    205.492       
# span 5 =   0.260235, 125.834378       
# span 6 =    -0.4334,    11.1189       
# span 7 =     -2.390,      8.082       
# span 8 = -1240.7455,   296.8816       
# span 9 = 1.2367e-01, 7.7600e+02       
# span 10 =     0.1722,   184.9787      
# span 11 =     -0.540,      9.522      
# span 12 =     -0.783,     13.810      
# span 13 =     5.3324,    15.1799      
# span 14 = 0.0000e+00, 0.0000e+00      
# interval = seconds: 0.25
# start_time = Feb 10 2025 12:23:34 [Instrument's time stamp, header]
# bad_flag = -9.990e-29
*END*
[from data line 1543]
      8.860      0.048    11.5392     91.097     34.902  21.186318     8.3592      8.079   290.9609 1.2383e-01     4.9164      8.687     12.601     5.3511 0.0000e+00
      8.870      0.047    11.5315     91.112     34.878  21.172598     8.3620      8.079   290.6002 1.2390e-01     4.9740      8.698     12.616     5.3512 0.0000e+00
      8.881      0.047    11.5272     91.153     34.877  21.172485     8.3729      8.080   290.2487 1.2383e-01     4.9873      8.709     12.632     5.3511 0.0000e+00
      8.895      0.051    11.5267     91.219     34.897  21.184957     8.3657      8.080   289.7216 1.2378e-01     4.9408      8.722     12.651     5.3505 0.0000e+00
      8.909      0.056    11.5282     91.288     34.916  21.196579     8.3671      8.080   288.7876 1.2375e-01     4.9577      8.737     12.673     5.3502 0.0000e+00
      8.922      0.061    11.5277     91.339     34.900  21.186193     8.4226      8.081   287.7313 1.2373e-01     5.0551      8.750     12.690     5.3513 0.0000e+00
      8.935      0.066    11.5332     91.374     34.900  21.186193     8.5043      8.081   287.2755 1.2373e-01     5.1617      8.761     12.705     5.3525 0.0000e+00
      8.954      0.070    11.5425     91.398     34.917  21.196579     8.5386      8.080   287.4058 1.2372e-01     5.2220      8.780     12.734     5.3523 0.0000e+00
      8.976      0.073    11.5531     91.422     34.897  21.184946     8.5380      8.080   287.3273 1.2369e-01     5.2040      8.804     12.770     5.3520 0.0000e+00
      8.997      0.073    11.5584     91.446     34.875  21.172361     8.6135      8.080   287.1014 1.2371e-01     5.1835      8.823     12.796     5.3524 0.0000e+00
      9.016      0.070    11.5633     91.451     34.872  21.171221     8.7687      8.080   286.9112 1.2377e-01     5.1785      8.841     12.823     5.3520 0.0000e+00
      9.035      0.064    11.5657     91.447     34.871  21.171169     8.8424      8.081   286.2324 1.2384e-01     5.1435      8.861     12.852     5.3510 0.0000e+00
      9.050      0.059    11.5680     91.456     34.870  21.171731     8.8220      8.081   285.2614 1.2386e-01     5.1021      8.876     12.874     5.3514 0.0000e+00
      9.063      0.056    11.5730     91.496     34.878  21.178018     8.8049      8.081   285.3238 1.2388e-01     4.9166      8.889     12.892     5.3529 0.0000e+00
      9.074      0.056    11.5717     91.561     34.885  21.183782     8.7606      8.080   286.3847 1.2386e-01     4.5741      8.900     12.907     5.3539 0.0000e+00
      9.084      0.057    11.5704     91.627     34.874  21.178019     8.6773      8.080   286.8167 1.2380e-01     4.3436      8.908     12.919     5.3550 0.0000e+00
      9.098      0.059    11.5695     91.694     34.863  21.171741     8.6210      8.081   286.6748 1.2379e-01     4.2473      8.921     12.938     5.3572 0.0000e+00
      9.118      0.060    11.5745     91.764     34.863  21.171283     8.5965      8.081   286.7350 1.2379e-01     4.2296      8.941     12.968     5.3590 0.0000e+00
      9.138      0.060    11.5841     91.832     34.865  21.172483     8.5466      8.081   286.5116 1.2381e-01     4.2324      8.962     13.000     5.3609 0.0000e+00
      9.154      0.060    11.5912     91.901     34.887  21.186251     8.4675      8.081   285.8674 1.2385e-01     4.1453      8.978     13.022     5.3626 0.0000e+00
      9.166      0.059    11.5994     91.973     34.927  21.210927     8.4225      8.081   285.4844 1.2386e-01     4.0300      8.988     13.037     5.3629 0.0000e+00
      9.178      0.057    11.6091     92.033     34.937  21.217214     8.4108      8.081   285.8383 1.2383e-01     3.9654      9.000     13.053     5.3625 0.0000e+00
      9.193      0.056    11.6172     92.068     34.906  21.198864     8.3923      8.081   286.6186 1.2378e-01     4.0475      9.015     13.075     5.3622 0.0000e+00
      9.208      0.058    11.6258     92.086     34.873  21.179276     8.3823      8.081   287.0032 1.2375e-01     4.2369      9.030     13.096     5.3622 0.0000e+00
      9.222      0.062    11.6354     92.081     34.858  21.170597     8.3821      8.081   286.9610 1.2375e-01     4.3076      9.044     13.117     5.3623 0.0000e+00
      9.237      0.065    11.6443     92.061     34.835  21.157336     8.3730      8.081   286.8827 1.2375e-01     4.2536      9.058     13.137     5.3628 0.0000e+00
      9.254      0.065    11.6466     92.042     34.815  21.145750     8.4128      8.082   286.7452 1.2374e-01     4.3355      9.074     13.160     5.3648 0.0000e+00
      9.274      0.064    11.6497     92.035     34.834  21.157325     8.5056      8.082   286.6754 1.2375e-01     4.5806      9.095     13.191     5.3662 0.0000e+00
      9.294      0.062    11.6487     92.054     34.855  21.170472     8.5470      8.082   286.7267 1.2380e-01     4.6899      9.116     13.223     5.3658 0.0000e+00
      9.309      0.059    11.6447     92.094     34.866  21.177904     8.5384      8.081   285.9889 1.2380e-01     4.6315      9.130     13.242     5.3659 0.0000e+00
      9.320      0.054    11.6423     92.147     34.874  21.183771     8.5594      8.080   284.8964 1.2374e-01     4.5585      9.138     13.254     5.3674 0.0000e+00
      9.332      0.049    11.6396     92.197     34.864  21.178006     8.6179      8.079   285.0467 1.2371e-01     4.5237      9.151     13.273     5.3683 0.0000e+00
      9.345      0.045    11.6429     92.231     34.854  21.171616     8.6637      8.080   285.5683 1.2375e-01     4.5190      9.165     13.294     5.3683 0.0000e+00
      9.357      0.042    11.6475     92.239     34.851  21.169910     8.6719      8.080   285.6107 1.2378e-01     4.4675      9.176     13.309     5.3693 0.0000e+00
      9.368      0.040    11.6551     92.233     34.830  21.157385     8.6590      8.080   285.9894 1.2379e-01     4.4131      9.187     13.326     5.3704 0.0000e+00
      9.377      0.039    11.6613     92.220     34.813  21.146986     8.6989      8.080   286.6195 1.2385e-01     4.5096      9.197     13.340     5.3709 0.0000e+00
      9.384      0.039    11.6667     92.193     34.853  21.170986     8.7960      8.081   285.4859 1.2390e-01     4.6778      9.201     13.346     5.3710 0.0000e+00
      9.392      0.040    11.6669     92.173     34.891  21.193938     8.8342      8.081   282.6084 1.2388e-01     4.7049      9.210     13.357     5.3708 0.0000e+00
      9.404      0.042    11.6650     92.163     34.853  21.170873     8.8117      8.079   281.1665 1.2384e-01     4.6664      9.222     13.376     5.3707 0.0000e+00
      9.416      0.044    11.6659     92.159     34.812  21.145728     8.7559      8.079   281.4743 1.2375e-01     4.9640      9.234     13.393     5.3705 0.0000e+00
      9.428      0.046    11.6595     92.181     34.809  21.143546     8.6683      8.081   281.8566 1.2370e-01     5.5709      9.245     13.408     5.3703 0.0000e+00
      9.441      0.046    11.6574     92.235     34.810  21.144486     8.6177      8.081   282.5190 1.2381e-01     5.9244      9.259     13.429     5.3705 0.0000e+00
      9.453      0.045    11.6574     92.288     34.831  21.157096     8.6026      8.081   283.4607 1.2386e-01     6.4028      9.272     13.448     5.3703 0.0000e+00
      9.463      0.045    11.6548     92.299     34.851  21.169205     8.5846      8.081   283.8638 1.2380e-01    12.0040      9.280     13.460     5.3700 0.0000e+00
      9.473      0.046    11.6579     92.279     34.842  21.164077     8.5666      8.081   283.1769 1.2375e-01    22.3740      9.288     13.472     5.3700 0.0000e+00
      9.485      0.047    11.6653     92.257     34.832  21.158498     8.5437      8.081   281.7808 1.2372e-01    28.3515      9.301     13.490     5.3698 0.0000e+00
      9.498      0.048    11.6760     92.222     34.842  21.165163     8.3996      8.082   280.9215 1.2373e-01    32.4560      9.315     13.510     5.3697 0.0000e+00
      9.510      0.049    11.6758     92.165     34.867  21.181254     6.8993      8.082   280.7034 1.2378e-01    72.3098      9.326     13.526     5.3699 0.0000e+00
      9.524      0.049    11.6701     92.114     35.044  21.289642     4.1702      8.081   280.6921 1.2376e-01   145.3982      9.339     13.545     5.3710 0.0000e+00
      9.538      0.048    11.6694     92.097     36.056  21.905012     2.6929      8.081   280.9569 1.2373e-01   184.9787      9.355     13.568     5.3719 0.0000e+00
      9.550      0.048    11.6650     92.092     44.812  27.226664     2.5044      8.080   281.3236 1.2377e-01   184.5145      9.366     13.585     5.3720 0.0000e+00
      9.560      0.048    11.6564     92.072     72.650  44.146561     1.8247      8.080   281.6850 1.2382e-01   139.6490      9.374     13.596     5.3729 0.0000e+00
      9.570      0.047    11.6473     92.076    105.256  63.977618     0.6170      8.080   281.8848 1.2382e-01    56.9360      9.384     13.610     5.3739 0.0000e+00
      9.582      0.046    11.6461     92.104    120.060  73.008375    -0.0290      8.080   281.5022 1.2382e-01    11.8815      9.396     13.628     5.3746 0.0000e+00
      9.597      0.044    11.6481     92.040    127.264  77.433583    -0.0768      8.079   281.9635 1.2385e-01     7.7846      9.412     13.651     5.3763 0.0000e+00
      9.611      0.041    11.6407     91.814    136.257  82.956040    -0.0856      8.079   283.5908 1.2386e-01     7.2640      9.426     13.672     5.3781 0.0000e+00
      9.621      0.037    11.6344     91.410    141.454  86.173136    -0.1017      8.080   283.7978 1.2383e-01     6.2707      9.436     13.685     5.3858 0.0000e+00
      9.627      0.033    11.6422     90.772    143.694  87.583893    -0.1057      8.080   283.5197 1.2378e-01     4.6215      9.441     13.693     5.4029 0.0000e+00
      9.632      0.029    11.6321     89.912    145.659  88.817421    -0.0927      8.079   284.4441 1.2376e-01     3.7539      9.446     13.700     5.4195 0.0000e+00
      9.638      0.026    11.5939     88.869    147.064  89.700009    -0.0856      8.078   284.6491 1.2376e-01     3.6713      9.452     13.708     5.4382 0.0000e+00
      9.646      0.024    11.5438     87.626    147.499  89.984643    -0.0945      8.078   284.2778 1.2376e-01     3.1104      9.459     13.720     5.4597 0.0000e+00
      9.654      0.022    11.4561     86.228    147.554  90.032138    -0.0925      8.078   284.7728 1.2379e-01     1.9942      9.469     13.733     5.4760 0.0000e+00
      9.660      0.019    11.3404     84.798    147.827  90.210663    -0.0776      8.078   285.1282 1.2382e-01     1.3448      9.474     13.742     5.4878 0.0000e+00
      9.664      0.017    11.2099     83.349    148.475  90.616204    -0.0736      8.078   284.6176 1.2385e-01     1.2710      9.477     13.745     5.4965 0.0000e+00
      9.666      0.015    11.0505     81.864    149.280  91.118011    -0.0846      8.078   284.2776 1.2380e-01     1.1363      9.479     13.748     5.5026 0.0000e+00
      9.667      0.015    10.8632     80.418    150.108  91.633271    -0.0946      8.079   283.9420 1.2375e-01     0.8433      9.480     13.750     5.5071 0.0000e+00
      9.670      0.016    10.6831     79.063    150.920  92.137718    -0.0946      8.079   282.7975 1.2378e-01     0.6655      9.483     13.754     5.5108 0.0000e+00
      9.675      0.018    10.5044     77.863    151.620  92.572308    -0.1006      8.078   282.5704 1.2383e-01     0.6603      9.488     13.761     5.5144 0.0000e+00
      9.681      0.020    10.3075     76.888    152.216  92.942761    -0.1010      8.078   282.8316 1.2382e-01     0.6785      9.493     13.769     5.5179 0.0000e+00
      9.686      0.020    10.1257     76.171    152.805  93.307972    -0.0835      8.078   281.9111 1.2377e-01     0.6470      9.499     13.777     5.5212 0.0000e+00
      9.692      0.018     9.9505     75.724    153.302  93.615488    -0.0714      8.078   281.5071 1.2377e-01     0.5857      9.505     13.785     5.5240 0.0000e+00
      9.698      0.015     9.7943     75.476    153.697  93.861008    -0.0715      8.077   281.8196 1.2382e-01     0.5872      9.512     13.795     5.5265 0.0000e+00
      9.703      0.011     9.6715     75.336    154.103  94.112950    -0.0848      8.077   281.3876 1.2386e-01     0.5278      9.517     13.803     5.5287 0.0000e+00
      9.705      0.008     9.5781     75.286    154.519  94.370803    -0.0986      8.078   280.8439 1.2382e-01     0.3127      9.518     13.805     5.5304 0.0000e+00
      9.704      0.006     9.5250     75.244    154.929  94.624128    -0.0973      8.078   281.3540 1.2376e-01     0.1722      9.517     13.802     5.5318 0.0000e+00
      9.703      0.004     9.5010     75.112    155.352  94.884937    -0.0939      8.078   281.9627 1.2377e-01     0.1957      9.514     13.799     5.5331 0.0000e+00
      9.704      0.003     9.4795     74.858    155.814  95.169601    -0.0829      8.077   282.4395 1.2379e-01     0.2549      9.516     13.801     5.5344 0.0000e+00
      9.707      0.003     9.4774     74.430    156.279  95.456769    -0.0644      8.076   283.6766 1.2372e-01     0.3073      9.520     13.808     5.5356 0.0000e+00
      9.709      0.003     9.4801     73.883    156.751  95.747828    -0.0610      8.075   284.0147 1.2371e-01     0.3169      9.522     13.810     5.5366 0.0000e+00
      9.709      0.002     9.4583     73.298    157.289  96.079483    -0.0663      8.075   283.7743 1.2378e-01     0.2678      9.521     13.809     5.5374 0.0000e+00
      9.708      0.001     9.4347     72.611    157.829  96.411965    -0.0785      8.073   284.4698 1.2378e-01     0.2599      9.520     13.808     5.5383 0.0000e+00
      9.708     -0.001     9.3763     71.869    158.316  96.712983    -0.1015      8.069   284.9383 1.2378e-01     0.2901      9.520     13.808     5.5392 0.0000e+00
      9.708     -0.002     9.2977     71.198    158.751  96.982376    -0.1105      8.068   285.0504 1.2383e-01     0.2926      9.520     13.808     5.5401 0.0000e+00
      9.708     -0.004     9.2351     70.589    159.080  97.187027    -0.0958      8.068   285.3951 1.2384e-01     0.2901      9.521     13.809     5.5409 0.0000e+00
      9.708     -0.008     9.1439     70.016    159.327  97.341692    -0.0736      8.070   285.1482 1.2382e-01     0.3617      9.520     13.808     5.5419 0.0000e+00
      9.707     -0.014     9.0400     69.512    159.605  97.515846    -0.0664      8.072   284.3027 1.2382e-01     0.4750      9.519     13.806     5.5429 0.0000e+00
      9.703     -0.019     8.9597     69.092    159.900  97.701535    -0.0762      8.072   284.5505 1.2377e-01     0.4980      9.518     13.804     5.5440 0.0000e+00
      9.697     -0.024     8.8843     68.716    160.164  97.868380    -0.0835      8.072   284.7887 1.2376e-01     0.5038      9.511     13.795     5.5453 0.0000e+00
      9.687     -0.032     8.8089     68.354    160.484  98.069250    -0.0881      8.072   283.9137 1.2381e-01     0.5444      9.499     13.778     5.5465 0.0000e+00
      9.677     -0.045     8.7443     68.029    160.931  98.348091    -0.0988      8.070   283.7790 1.2383e-01     0.6470      9.488     13.762     5.5479 0.0000e+00
      9.670     -0.065     8.6938     67.745    161.489  98.693859    -0.1049      8.070   283.5036 1.2380e-01     0.8569      9.482     13.752     5.5494 0.0000e+00
      9.661     -0.089     8.6480     67.441    162.093  99.067392    -0.0949      8.071   282.3918 1.2382e-01     0.9986      9.478     13.747     5.5511 0.0000e+00
      9.640     -0.114     8.6005     67.083    162.778  99.490946    -0.0864      8.072   282.4678 1.2384e-01     1.0616      9.461     13.721     5.5529 0.0000e+00
      9.603     -0.136     8.5568     66.677    163.699 100.059513    -0.0850      8.072   283.1323 1.2384e-01     1.2430      9.422     13.665     5.5545 0.0000e+00
      9.553     -0.154     8.5265     66.255    164.772 100.722233    -0.0777      8.071   282.7680 1.2387e-01     1.4844      9.369     13.589     5.5560 0.0000e+00
