Data/DataNotYetUploadedToEDI/Raw_CTD/RawDownloads/021025_fcr50_S7809001.cnv
* Sea-Bird SBE19plus  Data File:
* FileName = C:\R\Reservoirs\Data\DataNotYetUploadedToEDI\Raw_CTD\RawDownloads\021025_fcr50_S7809_0001.hex
* Software version 2.8.0.119
* Temperature SN = 7809
* Conductivity SN = 7809
* System UpLoad Time = Feb 25 2025 10:18:44
* <ApplicationData>
* <Seaterm232>
# nquan = 15
# nvalues = 1837                        
# units = specified
# name 0 = depFM: Depth [fresh water, m]
# name 1 = dz/dtM: Descent Rate [m/s]
# name 2 = sbeox0Mg/L: Oxygen, SBE 43 [mg/l]
# name 3 = sbeox0PS: Oxygen, SBE 43 [% saturation]
# name 4 = specc: Specific Conductance [uS/cm]
# name 5 = c0uS/cm: Conductivity [uS/cm]
# name 6 = flECO-AFL: Fluorescence, WET Labs ECO-AFL/FL [mg/m^3]
# name 7 = ph: pH
# name 8 = orp: Oxidation Reduction Potential [mV]
# name 9 = par/sat/log: PAR/Logarithmic, Satlantic
# name 10 = turbWETntu0: Turbidity, WET Labs ECO [NTU]
# name 11 = prdM: Pressure, Strain Gauge [db]
# name 12 = prdE: Pressure, Strain Gauge [psi]
# name 13 = tv290C: Temperature [ITS-90, deg C]
# name 14 = flag:  0.000e+00
# span 0 =     -0.551,      9.709       
# span 1 =     -0.373,      4.086       
# span 2 =     5.5870,    13.0620       
# span 3 =     45.329,    104.187       
# span 4 =      0.325,    205.492       
# span 5 =   0.260235, 125.834378       
# span 6 =    -0.4334,    11.1189       
# span 7 =     -2.390,      8.082       
# span 8 = -1240.7455,   296.8816       
# span 9 = 1.2367e-01, 7.7600e+02       
# span 10 =     0.1722,   184.9787      
# span 11 =     -0.540,      9.522      
# span 12 =     -0.783,     13.810      
# span 13 =     5.3324,    15.1799      
# span 14 = 0.0000e+00, 0.0000e+00      
# interval = seconds: 0.25
# start_time = Feb 10 2025 12:23:34 [Instrument's time stamp, header]
# bad_flag = -9.990e-29
*END*
[from data line 97]
     -0.011     -0.015    10.6599     90.342     39.407  24.522751     5.2597      7.117   247.5552 2.9322e+02     3.1328     -0.007     -0.012     6.1396 0.0000e+00
     -0.022     -0.015    10.6857     92.309     39.757  24.736007     5.2090      7.118   247.9717 2.9424e+02     3.1817     -0.025     -0.036     6.1311 0.0000e+00
     -0.027     -0.013    10.7914     93.859     40.104  24.954426     5.2003      7.120   248.5577 2.9545e+02     3.1527     -0.030     -0.044     6.1258 0.0000e+00
     -0.027     -0.009    10.9727     94.385     40.576  25.261087     5.1960      7.125   249.4776 2.9608e+02     3.0551     -0.026     -0.038     6.1221 0.0000e+00
     -0.026     -0.004    11.1983     94.140     41.076  25.589966     5.1988      7.130   250.3180 2.9614e+02     3.0609     -0.025     -0.037     6.1144 0.0000e+00
     -0.026      0.000    11.4712     93.755     41.221  25.696459     5.2093      7.136   250.9755 2.9626e+02     3.1543     -0.026     -0.037     6.1028 0.0000e+00
     -0.026      0.002    11.7136     93.564     40.941  25.533970     5.1985      7.141   251.5772 2.9616e+02     3.1590     -0.025     -0.037     6.1046 0.0000e+00
     -0.026      0.003    11.7448     93.643     40.509  25.274270     5.1508      7.145   252.0869 2.9627e+02     3.0843     -0.026     -0.038     6.1245 0.0000e+00
     -0.026      0.004    11.6732     93.884     40.006  24.966427     5.0984      7.149   252.4058 2.9706e+02     3.0365     -0.026     -0.037     6.1498 0.0000e+00
     -0.025      0.005    11.6089     94.054     39.524  24.665725     5.0809      7.153   252.8517 2.9792e+02     3.0593     -0.025     -0.036     6.1692 0.0000e+00
     -0.023      0.006    11.5784     93.961     39.252  24.492340     5.0894      7.157   253.5203 2.9837e+02     3.1207     -0.023     -0.033     6.1826 0.0000e+00
     -0.021      0.007    11.5881     93.501     39.199  24.455475     5.1017      7.160   254.0372 2.9910e+02     3.1301     -0.020     -0.030     6.1961 0.0000e+00
     -0.018      0.007    11.6289     92.664     39.231  24.473675     5.1127      7.165   254.1977 3.0045e+02     3.1049     -0.018     -0.026     6.2052 0.0000e+00
     -0.016      0.006    11.6585     91.604     39.205  24.458723     5.1227      7.168   254.1696 3.0165e+02     3.1233     -0.016     -0.023     6.2036 0.0000e+00
     -0.015      0.005    11.6524     90.519     39.104  24.401526     5.1391      7.172   254.3860 3.0164e+02     3.1478     -0.015     -0.022     6.1970 0.0000e+00
     -0.014      0.003    11.5999     89.542     39.009  24.352868     5.1535      7.176   254.7480 3.0112e+02     3.1273     -0.014     -0.021     6.1923 0.0000e+00
     -0.013      0.003    11.4880     88.839     38.929  24.314331     5.1461      7.178   254.7620 3.0123e+02     3.0804     -0.012     -0.019     6.1891 0.0000e+00
     -0.013      0.004    11.3460     88.565     38.819  24.252663     5.1336      7.181   254.5555 3.0069e+02     3.0932     -0.012     -0.017     6.1893 0.0000e+00
     -0.014      0.007    11.2072     88.753     38.793  24.241414     5.1435      7.184   254.4884 2.9955e+02     3.1457     -0.012     -0.019     6.1973 0.0000e+00
     -0.014      0.010    11.0728     89.280     38.985  24.368573     5.1320      7.187   254.5520 2.9691e+02     3.1007     -0.014     -0.021     6.2131 0.0000e+00
     -0.011      0.012    10.9732     89.978     39.115  24.458393     5.0209      7.190   254.7229 2.6602e+02     2.9937     -0.011     -0.017     6.2308 0.0000e+00
     -0.004      0.013    10.9346     90.693     38.979  24.376168     4.8731      7.193   255.0058 2.1653e+02     3.0123     -0.004     -0.005     6.2386 0.0000e+00
      0.003      0.013    10.9653     91.313     38.804  24.262251     4.8183      7.196   255.0473 2.0888e+02     3.1210      0.005      0.006     6.2396 0.0000e+00
      0.006      0.013    11.0343     91.789     38.752  24.222531     4.8246      7.200   254.8808 2.3276e+02     3.1465      0.007      0.010     6.2515 0.0000e+00
      0.007      0.009    11.1233     92.094     38.842  24.276409     4.9161      7.203   254.9712 2.5545e+02     3.1148      0.007      0.010     6.2668 0.0000e+00
      0.008      0.005    11.2162     92.157     38.847  24.279506     5.1091      7.207   255.3657 2.7157e+02     3.0794      0.007      0.011     6.2700 0.0000e+00
      0.011      0.004    11.2962     91.967     38.724  24.196557     5.2351      7.211   255.8652 2.6619e+02     3.0948      0.011      0.016     6.2636 0.0000e+00
      0.011      0.006    11.3588     91.663     38.787  24.224712     5.2664      7.215   256.1927 2.7364e+02     3.1643      0.013      0.019     6.2493 0.0000e+00
      0.008      0.010    11.4014     91.330     38.925  24.302839     5.3039      7.218   256.3998 2.9239e+02     3.1348      0.006      0.009     6.2456 0.0000e+00
      0.009      0.012    11.4114     90.977     38.952  24.316765     5.3643      7.220   256.3048 2.6388e+02     3.0445      0.006      0.009     6.2546 0.0000e+00
      0.016      0.013    11.3784     90.627     38.871  24.266263     5.3972      7.223   255.9898 2.2628e+02     3.0300      0.016      0.023     6.2435 0.0000e+00
      0.024      0.013    11.3450     90.287     38.663  24.136139     5.4188      7.226   256.2043 2.2719e+02     3.0614      0.024      0.034     6.2233 0.0000e+00
      0.029      0.013    11.3078     89.984     38.467  24.011767     5.5504      7.229   256.8334 2.4870e+02     3.0819      0.030      0.044     6.2133 0.0000e+00
      0.032      0.011    11.2622     89.761     38.399  23.967396     5.7566      7.233   257.4021 2.7179e+02     3.0388      0.032      0.047     6.2106 0.0000e+00
      0.032      0.006    11.2194     89.643     38.423  23.980142     5.8560      7.235   257.7458 2.7907e+02     3.0183      0.031      0.045     6.2129 0.0000e+00
      0.032      0.002    11.1757     89.615     38.519  24.039044     5.8531      7.237   257.8924 2.6792e+02     3.1077      0.031      0.045     6.2125 0.0000e+00
      0.032      0.001    11.1368     89.604     38.733  24.172258     5.7056      7.241   257.8836 2.5788e+02     3.1635      0.031      0.045     6.2091 0.0000e+00
      0.032      0.002    11.1090     89.532     38.973  24.322493     5.4288      7.246   257.7261 2.5730e+02     3.1118      0.031      0.045     6.2066 0.0000e+00
      0.032      0.003    11.0951     89.397     39.084  24.396944     5.2783      7.250   257.6216 2.5774e+02     3.0295      0.031      0.045     6.2043 0.0000e+00
      0.032      0.004    11.0957     89.227     39.133  24.438284     5.2592      7.252   257.6535 2.6122e+02     3.0226      0.031      0.045     6.2020 0.0000e+00
      0.034      0.005    11.1001     89.041     39.216  24.505253     5.2563      7.255   257.6815 2.6461e+02     3.0627      0.032      0.047     6.2015 0.0000e+00
      0.037      0.005    11.0893     88.846     39.296  24.572506     5.2933      7.259   257.7873 2.6048e+02     3.0362      0.036      0.054     6.2015 0.0000e+00
      0.039      0.005    11.0698     88.614     39.336  24.617272     5.3645      7.263   258.0727 2.6422e+02     2.9761      0.038      0.056     6.2063 0.0000e+00
      0.039      0.004    11.0447     88.348     39.381  24.666034     5.4015      7.266   258.3789 2.7215e+02     2.9501      0.038      0.056     6.2219 0.0000e+00
      0.039      0.002    11.0139     88.075     39.433  24.718170     5.3997      7.269   258.6502 2.6315e+02     2.9953      0.039      0.056     6.2417 0.0000e+00
      0.040      0.001    10.9867     87.780     39.438  24.740328     5.4097      7.274   258.8572 2.4427e+02     3.0778      0.039      0.057     6.2639 0.0000e+00
      0.040      0.000    10.9508     87.457     39.415  24.743702     5.4301      7.277   259.0747 2.3203e+02     3.0948      0.039      0.057     6.2898 0.0000e+00
      0.040 2.0643e-08    10.9076     87.105     39.413  24.758977     5.4301      7.281   259.3878 2.3569e+02     3.0640      0.039      0.057     6.3158 0.0000e+00
      0.040 2.2707e-07    10.8697     86.710     39.449  24.798197     5.4269      7.285   259.6319 2.5074e+02     3.0808      0.039      0.056     6.3412 0.0000e+00
      0.040 2.2707e-07    10.8262     86.261     39.486  24.837412     5.4655      7.289   259.8746 2.6571e+02     3.0937      0.039      0.057     6.3647 0.0000e+00
      0.040 2.0643e-08    10.7803     85.768     39.486  24.852640     5.5227      7.292   260.6877 2.7233e+02     3.0826      0.039      0.057     6.3868 0.0000e+00
      0.040 1.8767e-09    10.7323     85.283     39.466  24.855499     5.5447      7.296   261.8921 2.6817e+02     3.0833      0.039      0.057     6.4083 0.0000e+00
      0.040 1.7060e-10    10.6776     84.818     39.467  24.871984     5.5312      7.300   262.5628 2.5172e+02     3.0333      0.039      0.057     6.4289 0.0000e+00
      0.040 1.5510e-11    10.6185     84.351     39.527  24.925140     5.5011      7.304   262.7744 2.3279e+02     3.0252      0.039      0.056     6.4490 0.0000e+00
      0.040 1.4105e-12    10.5483     83.891     39.607  24.990866     5.4633      7.306   262.6435 2.3224e+02     3.0881      0.039      0.057     6.4687 0.0000e+00
      0.039 1.3477e-13    10.4823     83.437     39.650  25.032499     5.4233      7.310   262.2713 2.4805e+02     3.0754      0.039      0.056     6.4889 0.0000e+00
      0.039 8.4211e-14    10.4238     82.988     39.651  25.048032     5.4003      7.314   262.4037 2.6409e+02     3.0769      0.038      0.056     6.5089 0.0000e+00
      0.039 7.9920e-13    10.3582     82.541     39.634  25.051848     5.3942      7.318   263.1255 2.7175e+02     3.1406      0.039      0.056     6.5278 0.0000e+00
      0.039 8.7797e-12    10.2985     82.080     39.653  25.078649     5.3826      7.322   263.9433 2.7108e+02     3.1631      0.038      0.056     6.5466 0.0000e+00
      0.039 9.6575e-11    10.2378     81.626     39.693  25.118428     5.3761      7.324   264.4626 2.7024e+02     3.1434      0.039      0.057     6.5655 0.0000e+00
      0.039 1.0623e-09    10.1769     81.185     39.724  25.152301     5.3665      7.327   264.6717 2.7165e+02     3.0732      0.039      0.056     6.5838 0.0000e+00
      0.039 1.1686e-08    10.1207     80.744     39.731  25.171130     5.3499      7.330   264.6652 2.6853e+02     2.9968      0.039      0.056     6.6022 0.0000e+00
      0.039 3.6127e-08    10.0562     80.331     39.686  25.155845     5.4079      7.334   264.6418 2.6236e+02     3.0058      0.039      0.057     6.6210 0.0000e+00
      0.039 4.2430e-08     9.9959     79.957     39.667  25.157751     5.5350      7.337   264.8192 2.5521e+02     3.0455      0.038      0.055     6.6395 0.0000e+00
      0.039 1.8581e-08     9.9397     79.585     39.703  25.194192     5.5971      7.340   264.9172 2.4664e+02     3.0325      0.038      0.056     6.6574 0.0000e+00
      0.039 1.9182e-09     9.8787     79.209     39.716  25.215945     5.5837      7.343   264.9659 2.4107e+02     3.0190      0.039      0.057     6.6750 0.0000e+00
      0.039 2.6938e-09     9.8226     78.859     39.718  25.230520     5.5643      7.346   265.3224 2.4663e+02     3.0876      0.039      0.056     6.6924 0.0000e+00
      0.039 2.7958e-08     9.7762     78.543     39.719  25.243592     5.5543      7.349   265.7859 2.6092e+02     3.2141      0.039      0.057     6.7096 0.0000e+00
      0.039 5.1233e-08     9.7266     78.237     39.705  25.247169     5.5380      7.352   266.1823 2.6997e+02     3.2158      0.039      0.056     6.7265 0.0000e+00
      0.039 2.7945e-08     9.6740     77.909     39.727  25.273786     5.5170      7.355   266.5874 2.6717e+02     3.1074      0.039      0.057     6.7436 0.0000e+00
      0.039 2.5405e-09     9.6274     77.568     39.768  25.311743     5.5333      7.358   266.8988 2.5572e+02     3.0995      0.038      0.056     6.7604 0.0000e+00
      0.039 2.3095e-10     9.5856     77.250     39.771  25.325599     5.5856      7.362   266.7641 2.5194e+02     3.1549      0.038      0.056     6.7763 0.0000e+00
      0.039 2.0995e-11     9.5469     76.966     39.736  25.314497     5.6158      7.365   266.4213 2.5840e+02     3.1624      0.039      0.057     6.7919 0.0000e+00
      0.039 1.9087e-12     9.5030     76.700     39.701  25.304347     5.6072      7.367   266.5399 2.6123e+02     3.1214      0.038      0.056     6.8074 0.0000e+00
      0.040 1.7351e-13     9.4551     76.435     39.723  25.329731     5.5812      7.369   266.8214 2.5656e+02     3.1030      0.039      0.057     6.8222 0.0000e+00
      0.040 1.5774e-14     9.4126     76.188     39.764  25.367742     5.5607      7.372   266.9858 2.4980e+02     3.1451      0.039      0.057     6.8373 0.0000e+00
      0.040 1.4340e-15     9.3752     75.973     39.771  25.383432     5.5585      7.376   267.2366 2.4410e+02     3.1522      0.039      0.057     6.8522 0.0000e+00
      0.040 1.3037e-16     9.3411     75.767     39.768  25.392612     5.5550      7.378   267.5311 2.4608e+02     3.0862      0.039      0.056     6.8674 0.0000e+00
      0.040 1.1851e-17     9.3037     75.590     39.688  25.351902     5.5677      7.380   267.1051 2.6070e+02     3.0300      0.039      0.057     6.8813 0.0000e+00
      0.039 1.0774e-18     9.2698     75.519     38.960  24.891221     5.6039      7.383   265.9569 2.6810e+02     3.0534      0.039      0.056     6.8961 0.0000e+00
      0.039 9.7945e-20     9.2413     75.368     37.144  23.691035     5.6266      7.386   265.4359 2.6108e+02     3.1304      0.038      0.056     6.9095 0.0000e+00
      0.039 8.9040e-21     9.2150     74.797     35.304  22.382106     5.6430      7.388   265.6238 2.4828e+02     3.1408      0.039      0.057     6.9252 0.0000e+00
      0.039 8.0945e-22     9.1810     73.973     34.614  21.747577     5.6435      7.390   266.0781 2.3386e+02     3.0772      0.039      0.056     6.9368 0.0000e+00
      0.039 7.3585e-23     9.1741     73.570     34.639  21.598986     5.5994      7.392   266.7126 2.3562e+02     3.0786      0.038      0.055     6.9557 0.0000e+00
      0.039 6.6895e-24     9.1876     74.346     34.707  21.536483     5.5340      7.396   267.0151 2.5346e+02     3.1237      0.038      0.056     6.9471 0.0000e+00
      0.039 6.0815e-25     9.1549     76.736     34.744  21.499027     5.4935      7.399   266.8956 2.5731e+02     3.1441      0.039      0.056     6.7325 0.0000e+00
      0.039 5.5285e-26     9.1013     80.556     34.737  21.463095     5.4853      7.401   266.7301 2.4666e+02     3.1197      0.038      0.056     6.3819 0.0000e+00
      0.039 5.0260e-27     9.0707     85.207     34.693  21.419040     5.4933      7.402   266.7360 2.4749e+02     3.0343      0.039      0.056     6.1416 0.0000e+00
      0.039 4.5692e-28     9.1746     90.164     34.702  21.410207     5.5149      7.404   266.8810 2.5737e+02     3.0337      0.038      0.056     6.0055 0.0000e+00
      0.040 4.1538e-29     9.5025     94.967     34.740  21.419687     5.5387      7.407   267.0202 2.6100e+02     3.1132      0.039      0.057     5.9221 0.0000e+00
      0.040 3.7762e-30    10.0229     99.058     34.740  21.406834     5.5396      7.410   267.1285 2.5715e+02     3.1069      0.039      0.056     5.8867 0.0000e+00
      0.039 3.4329e-31    10.6290    101.983     34.714  21.381613     5.5496      7.412   267.2445 2.4896e+02     3.0936      0.038      0.055     5.8677 0.0000e+00
      0.039 3.1208e-32    11.2685    103.604     34.699  21.368358     5.6025      7.414   267.3035 2.4667e+02     3.1574      0.038      0.056     5.8483 0.0000e+00
      0.039 2.8372e-33    11.9054    104.187     34.711  21.373389     5.6468      7.417   267.6700 2.5236e+02     3.1954      0.039      0.056     5.8266 0.0000e+00
      0.039 2.5944e-34    12.4425    104.165     34.730  21.379026     5.6691      7.420   268.4058 2.6110e+02     3.1766      0.040      0.057     5.8071 0.0000e+00
