Data/DataNotYetUploadedToEDI/Raw_CTD/RawDownloads/021025_fcr50_S7809001.cnv
* Sea-Bird SBE19plus  Data File:
* FileName = C:\R\Reservoirs\Data\DataNotYetUploadedToEDI\Raw_CTD\RawDownloads\021025_fcr50_S7809_0001.hex
* Software version 2.8.0.119
* Temperature SN = 7809
* Conductivity SN = 7809
* System UpLoad Time = Feb 25 2025 10:18:44
* <ApplicationData>
* <Seaterm232>
# nquan = 15
# nvalues = 1837                        
# units = specified
# name 0 = depFM: Depth [fresh water, m]
# name 1 = dz/dtM: Descent Rate [m/s]
# name 2 = sbeox0Mg/L: Oxygen, SBE 43 [mg/l]
# name 3 = sbeox0PS: Oxygen, SBE 43 [% saturation]
# name 4 = specc: Specific Conductance [uS/cm]
# name 5 = c0uS/cm: Conductivity [uS/cm]
# name 6 = flECO-AFL: Fluorescence, WET Labs ECO-AFL/FL [mg/m^3]
# name 7 = ph: pH
# name 8 = orp: Oxidation Reduction Potential [mV]
# name 9 = par/sat/log: PAR/Logarithmic, Satlantic
# name 10 = turbWETntu0: Turbidity, WET Labs ECO [NTU]
# name 11 = prdM: Pressure, Strain Gauge [db]
# name 12 = prdE: Pressure, Strain Gauge [psi]
# name 13 = tv290C: Temperature [ITS-90, deg C]
# name 14 = flag:  0.000e+00
# span 0 =     -0.551,      9.709       
# span 1 =     -0.373,      4.086       
# span 2 =     5.5870,    13.0620       
# span 3 =     45.329,    104.187       
# span 4 =      0.325,    205.492       
# span 5 =   0.260235, 125.834378       
# span 6 =    -0.4334,    11.1189       
# span 7 =     -2.390,      8.082       
# span 8 = -1240.7455,   296.8816       
# span 9 = 1.2367e-01, 7.7600e+02       
# span 10 =     0.1722,   184.9787      
# span 11 =     -0.540,      9.522      
# span 12 =     -0.783,     13.810      
# span 13 =     5.3324,    15.1799      
# span 14 = 0.0000e+00, 0.0000e+00      
# interval = seconds: 0.25
# start_time = Feb 10 2025 12:23:34 [Instrument's time stamp, header]
# bad_flag = -9.990e-29
*END*
[from data line 964]
      2.039      0.047    12.1095     95.913     34.599  21.101379     8.4684      7.903   270.9527 1.4323e+01     3.6981      1.999      2.899     5.4985 0.0000e+00
      2.053      0.046    12.1104     95.868     34.601  21.102389     8.4991      7.904   271.0731 1.4125e+01     3.5862      2.013      2.920     5.4997 0.0000e+00
      2.068      0.046    12.1055     95.835     34.619  21.113022     8.5020      7.906   271.1820 1.3992e+01     3.5211      2.030      2.944     5.4976 0.0000e+00
      2.079      0.046    12.0979     95.833     34.604  21.103123     8.5373      7.907   271.2375 1.3920e+01     3.5254      2.041      2.960     5.4944 0.0000e+00
      2.086      0.047    12.0935     95.853     34.614  21.109517     8.6168      7.907   271.4845 1.3824e+01     3.6722      2.045      2.966     5.4931 0.0000e+00
      2.096      0.048    12.0869     95.875     34.643  21.126922     8.6573      7.907   271.9321 1.3638e+01     3.7927      2.054      2.979     5.4928 0.0000e+00
      2.110      0.049    12.0820     95.899     34.637  21.123350     8.6777      7.908   272.0891 1.3412e+01     3.7869      2.069      3.001     5.4923 0.0000e+00
      2.125      0.052    12.0816     95.918     34.648  21.129734     8.7542      7.909   272.0074 1.3187e+01     3.6714      2.084      3.023     5.4916 0.0000e+00
      2.139      0.053    12.0872     95.934     34.666  21.140704     8.8742      7.909   272.0624 1.2967e+01     3.5578      2.099      3.043     5.4911 0.0000e+00
      2.154      0.052    12.0879     95.939     34.648  21.129177     8.9558      7.909   272.1524 1.2745e+01     3.5747      2.111      3.062     5.4908 0.0000e+00
      2.168      0.049    12.0932     95.904     34.628  21.117167     8.9755      7.909   272.1486 1.2526e+01     3.6019      2.126      3.084     5.4906 0.0000e+00
      2.181      0.046    12.0939     95.821     34.636  21.122312     8.9954      7.909   272.3603 1.2354e+01     3.6478      2.140      3.104     5.4904 0.0000e+00
      2.191      0.043    12.0967     95.729     34.645  21.127972     9.0383      7.910   272.7323 1.2218e+01     3.8220      2.149      3.116     5.4903 0.0000e+00
      2.200      0.041    12.0992     95.665     34.635  21.122198     9.0693      7.912   272.8612 1.2092e+01     4.0004      2.158      3.130     5.4905 0.0000e+00
      2.209      0.038    12.0951     95.597     34.624  21.115908     9.0877      7.912   272.8865 1.1956e+01     4.0969      2.166      3.142     5.4905 0.0000e+00
      2.219      0.036    12.0834     95.522     34.622  21.115327     9.0852      7.913   272.9522 1.1766e+01     4.1013      2.175      3.155     5.4905 0.0000e+00
      2.229      0.034    12.0669     95.492     34.621  21.115176     9.0642      7.915   273.0538 1.1584e+01     4.1548      2.187      3.173     5.4908 0.0000e+00
      2.239      0.032    12.0638     95.513     34.619  21.114080     9.0672      7.915   273.1683 1.1473e+01     4.3682      2.196      3.186     5.4912 0.0000e+00
      2.246      0.032    12.0548     95.557     34.600  21.102075     9.0891      7.915   273.1318 1.1372e+01     4.4947      2.202      3.194     5.4916 0.0000e+00
      2.252      0.034    12.0404     95.607     34.591  21.096834     9.1039      7.916   273.0424 1.1269e+01     4.4557      2.208      3.203     5.4926 0.0000e+00
      2.258      0.038    12.0377     95.668     34.620  21.114117     9.1789      7.916   272.9483 1.1151e+01     4.2723      2.214      3.212     5.4933 0.0000e+00
      2.267      0.043    12.0415     95.744     34.630  21.120825     9.3226      7.916   272.8536 1.0976e+01     3.9507      2.223      3.223     5.4934 0.0000e+00
      2.280      0.048    12.0487     95.829     34.619  21.114537     9.4095      7.916   272.7583 1.0754e+01     3.7779      2.234      3.239     5.4930 0.0000e+00
      2.295      0.053    12.0536     95.895     34.598  21.101494     9.4304      7.916   272.6567 1.0515e+01     3.7547      2.250      3.263     5.4931 0.0000e+00
      2.311      0.056    12.0614     95.925     34.579  21.089928     9.4424      7.917   272.6581 1.0289e+01     3.7042      2.268      3.289     5.4935 0.0000e+00
      2.327      0.056    12.0710     95.940     34.598  21.101504     9.4620      7.918   272.6891 1.0094e+01     3.7147      2.283      3.312     5.4936 0.0000e+00
      2.342      0.055    12.0825     95.935     34.620  21.114652     9.4852      7.919   272.7725 9.9479e+00     3.7778      2.297      3.332     5.4940 0.0000e+00
      2.356      0.053    12.0935     95.907     34.633  21.122084     9.4987      7.919   273.0645 9.8331e+00     3.8181      2.310      3.351     5.4942 0.0000e+00
      2.368      0.051    12.0933     95.877     34.643  21.127952     9.5492      7.919   273.2942 9.7261e+00     3.8261      2.323      3.368     5.4938 0.0000e+00
      2.379      0.051    12.0980     95.846     34.634  21.122197     9.6384      7.920   273.2276 9.6193e+00     3.7735      2.333      3.384     5.4934 0.0000e+00
      2.391      0.051    12.0969     95.807     34.624  21.115910     9.6956      7.921   273.2048 9.4903e+00     3.7620      2.344      3.399     5.4932 0.0000e+00
      2.406      0.051    12.0921     95.766     34.623  21.115343     9.7245      7.922   273.3632 9.3421e+00     3.8243      2.359      3.422     5.4929 0.0000e+00
      2.421      0.052    12.0889     95.742     34.623  21.115343     9.7380      7.922   273.4215 9.1997e+00     3.8093      2.375      3.445     5.4923 0.0000e+00
      2.433      0.052    12.0850     95.735     34.624  21.115909     9.7924      7.922   273.3929 9.0772e+00     3.7508      2.387      3.461     5.4920 0.0000e+00
      2.444      0.052    12.0809     95.726     34.634  21.122187     9.9161      7.923   273.8781 8.9305e+00     3.7317      2.396      3.475     5.4919 0.0000e+00
      2.458      0.050    12.0733     95.721     34.644  21.127837     9.9933      7.924   274.6431 8.7292e+00     3.7147      2.409      3.494     5.4919 0.0000e+00
      2.473      0.047    12.0711     95.720     34.632  21.120826     9.9937      7.925   274.8986 8.5325e+00     3.7508      2.427      3.520     5.4918 0.0000e+00
      2.487      0.046    12.0715     95.708     34.599  21.100817     9.7783      7.926   274.9012 8.3946e+00     3.7928      2.441      3.541     5.4917 0.0000e+00
      2.496      0.047    12.0698     95.703     34.559  21.076130     9.3707      7.926   275.0191 8.3178e+00     3.7784      2.450      3.552     5.4917 0.0000e+00
      2.503      0.049    12.0682     95.730     34.559  21.075969     9.1601      7.927   275.0340 8.2287e+00     3.8154      2.454      3.559     5.4919 0.0000e+00
      2.513      0.051    12.0699     95.758     34.597  21.098874     9.1547      7.928   274.8226 8.0329e+00     3.8304      2.463      3.571     5.4922 0.0000e+00
      2.529      0.054    12.0678     95.776     34.598  21.099436     9.1639      7.930   274.7009 7.7765e+00     3.7559      2.479      3.597     5.4923 0.0000e+00
      2.548      0.057    12.0640     95.808     34.571  21.082763     9.1710      7.931   275.1102 7.5503e+00     3.7337      2.500      3.625     5.4921 0.0000e+00
      2.566      0.059    12.0708     95.821     34.578  21.087507     9.1661      7.931   275.9000 7.3777e+00     3.8012      2.518      3.651     5.4916 0.0000e+00
      2.580      0.060    12.0758     95.806     34.588  21.093384     9.1712      7.931   276.4215 7.2650e+00     3.8550      2.533      3.673     5.4911 0.0000e+00
      2.591      0.058    12.0738     95.804     34.583  21.090423     9.1751      7.930   276.5111 7.1625e+00     3.8038      2.540      3.684     5.4908 0.0000e+00
      2.604      0.054    12.0820     95.810     34.623  21.115100     9.1451      7.930   276.3804 7.0056e+00     3.6933      2.550      3.699     5.4909 0.0000e+00
      2.622      0.052    12.0846     95.804     34.661  21.138128     9.1332      7.930   276.3044 6.8380e+00     3.6812      2.572      3.731     5.4912 0.0000e+00
      2.638      0.050    12.0779     95.812     34.624  21.115223     9.1650      7.931   276.3668 6.7371e+00     3.7596      2.589      3.755     5.4912 0.0000e+00
      2.648      0.049    12.0795     95.837     34.585  21.091783     9.3050      7.933   276.2748 6.6851e+00     3.8207      2.597      3.767     5.4910 0.0000e+00
      2.658      0.045    12.0823     95.844     34.612  21.108353     9.5438      7.933   275.9662 6.6267e+00     3.8737      2.605      3.778     5.4911 0.0000e+00
      2.669      0.040    12.0789     95.847     34.639  21.125343     9.6810      7.933   275.9902 6.5611e+00     3.9224      2.617      3.795     5.4912 0.0000e+00
      2.680      0.036    12.0788     95.847     34.609  21.106993     9.7066      7.934   276.4793 6.5036e+00     3.9994      2.630      3.814     5.4912 0.0000e+00
      2.690      0.033    12.0865     95.838     34.559  21.076703     9.7115      7.935   276.8037 6.4656e+00     4.0532      2.639      3.827     5.4914 0.0000e+00
      2.698      0.031    12.0839     95.833     34.557  21.076136     9.7235      7.936   277.0733 6.4576e+00     3.9927      2.647      3.839     5.4916 0.0000e+00
      2.703      0.030    12.0852     95.824     34.597  21.100136     9.7687      7.936   277.5018 6.4495e+00     3.9849      2.652      3.846     5.4918 0.0000e+00
      2.708      0.032    12.0862     95.816     34.619  21.113270     9.8097      7.936   277.6829 6.4182e+00     4.0958      2.656      3.851     5.4920 0.0000e+00
      2.715      0.036    12.0824     95.815     34.611  21.108115     9.8352      7.936   276.9400 6.3795e+00     4.1387      2.662      3.860     5.4925 0.0000e+00
      2.724      0.042    12.0841     95.834     34.600  21.101217     9.8857      7.936   275.4020 6.3445e+00     4.0588      2.670      3.873     5.4930 0.0000e+00
      2.736      0.047    12.0811     95.863     34.588  21.093272     9.9543      7.937   274.8327 6.2902e+00     3.9838      2.681      3.889     5.4929 0.0000e+00
      2.752      0.052    12.0814     95.882     34.560  21.075456     9.9898      7.937   275.4763 6.2068e+00     3.9823      2.697      3.913     5.4926 0.0000e+00
      2.768      0.055    12.0794     95.901     34.561  21.076027     9.9992      7.937   275.9564 6.1482e+00     4.0078      2.716      3.940     5.4924 0.0000e+00
      2.783      0.056    12.0826     95.918     34.601  21.100180     9.9690      7.938   275.9927 6.1323e+00     4.0526      2.729      3.960     5.4920 0.0000e+00
      2.796      0.054    12.0891     95.930     34.623  21.113851     9.8828      7.938   276.3457 6.1177e+00     4.1136      2.741      3.975     5.4909 0.0000e+00
      2.810      0.051    12.0889     95.942     34.623  21.114518     9.8306      7.938   276.9543 6.0962e+00     4.1990      2.755      3.996     5.4899 0.0000e+00
      2.824      0.048    12.0931     95.956     34.612  21.108239     9.8361      7.938   276.6408 6.0855e+00     4.2993      2.770      4.017     5.4896 0.0000e+00
      2.836      0.047    12.0953     95.979     34.599  21.101342     9.8335      7.938   275.7382 6.0932e+00     4.2679      2.782      4.035     5.4896 0.0000e+00
      2.845      0.047    12.0955     95.990     34.587  21.094531     9.7987      7.938   275.3337 6.1057e+00     4.0925      2.790      4.047     5.4898 0.0000e+00
      2.855      0.047    12.0984     95.987     34.577  21.089291     9.7654      7.939   275.3634 6.0983e+00     3.9549      2.799      4.060     5.4906 0.0000e+00
      2.867      0.046    12.0969     95.989     34.597  21.101395     9.7556      7.939   275.4948 6.0752e+00     3.9700      2.810      4.077     5.4918 0.0000e+00
      2.881      0.046    12.1030     95.999     34.617  21.114075     9.6800      7.940   275.7179 6.0578e+00     3.9675      2.826      4.098     5.4928 0.0000e+00
      2.896      0.045    12.1032     96.002     34.620  21.115785     9.5168      7.941   275.9961 6.0500e+00     3.8227      2.841      4.121     5.4936 0.0000e+00
      2.907      0.044    12.1013     95.990     34.630  21.122074     9.4146      7.942   276.3631 6.0496e+00     3.7225      2.851      4.136     5.4947 0.0000e+00
      2.916      0.044    12.1014     95.958     34.637  21.126705     9.4012      7.942   276.7140 6.0282e+00     3.7125      2.860      4.147     5.4952 0.0000e+00
      2.925      0.044    12.1033     95.885     34.607  21.108365     9.3881      7.942   276.7105 5.9835e+00     3.7011      2.868      4.160     5.4952 0.0000e+00
      2.935      0.044    12.1053     95.812     34.578  21.090548     9.2895      7.943   276.5788 5.9339e+00     3.7906      2.877      4.174     5.4954 0.0000e+00
      2.947      0.045    12.1007     95.766     34.597  21.101505     9.1162      7.944   276.5849 5.8627e+00     4.0085      2.890      4.191     5.4958 0.0000e+00
      2.962      0.045    12.1021     95.730     34.618  21.114035     9.0152      7.945   276.3535 5.7931e+00     4.1490      2.905      4.213     5.4962 0.0000e+00
      2.975      0.046    12.0873     95.701     34.620  21.115226     9.0182      7.946   275.9330 5.7574e+00     4.1919      2.919      4.233     5.4963 0.0000e+00
      2.986      0.047    12.0774     95.688     34.621  21.115910     9.0851      7.946   275.9744 5.7359e+00     4.0838      2.929      4.249     5.4960 0.0000e+00
      2.994      0.049    12.0743     95.710     34.631  21.122301     9.1835      7.946   277.1977 5.6921e+00     3.8314      2.936      4.259     5.4954 0.0000e+00
      3.004      0.051    12.0685     95.733     34.642  21.129095     9.2344      7.947   279.1086 5.6202e+00     3.7025      2.943      4.269     5.4946 0.0000e+00
      3.019      0.052    12.0666     95.738     34.651  21.134649     9.2590      7.948   280.0643 5.5444e+00     3.7207      2.959      4.292     5.4945 0.0000e+00
      3.037      0.053    12.0605     95.755     34.636  21.126046     9.4899      7.948   280.3217 5.4694e+00     3.7442      2.978      4.319     5.4948 0.0000e+00
      3.053      0.053    12.0674     95.785     34.575  21.088490     9.8953      7.948   280.5862 5.3992e+00     3.6452      2.995      4.344     5.4951 0.0000e+00
      3.066      0.052    12.0717     95.814     34.530  21.060992    10.1064      7.948   280.2497 5.3667e+00     3.4802      3.008      4.363     5.4953 0.0000e+00
      3.076      0.051    12.0682     95.823     34.508  21.047205    10.1285      7.949   279.4371 5.3424e+00     3.4579      3.016      4.374     5.4953 0.0000e+00
      3.087      0.049    12.0723     95.836     34.511  21.048607    10.1785      7.949   279.1072 5.2959e+00     3.4777      3.028      4.391     5.4956 0.0000e+00
      3.099      0.049    12.0754     95.866     34.561  21.077942    10.2702      7.949   279.7027 5.2661e+00     3.4113      3.040      4.410     5.4961 0.0000e+00
      3.112      0.049    12.0817     95.886     34.575  21.084857    10.3132      7.950   280.8718 5.2424e+00     3.3390      3.051      4.425     5.4960 0.0000e+00
      3.126      0.050    12.0807     95.897     34.550  21.068802    10.2990      7.951   281.8001 5.2157e+00     3.2865      3.065      4.446     5.4954 0.0000e+00
      3.140      0.050    12.0808     95.902     34.560  21.074052    10.3064      7.951   282.1510 5.1996e+00     3.2892      3.080      4.468     5.4943 0.0000e+00
      3.151      0.051    12.0895     95.906     34.578  21.084921    10.3448      7.951   282.2741 5.1832e+00     3.3037      3.091      4.483     5.4925 0.0000e+00
      3.162      0.051    12.0900     95.925     34.560  21.073394    10.3634      7.951   282.3431 5.1503e+00     3.2906      3.100      4.496     5.4904 0.0000e+00
      3.176      0.051    12.0927     95.948     34.541  21.061497    10.3561      7.952   282.2959 5.0887e+00     3.3011      3.114      4.517     5.4890 0.0000e+00
      3.190      0.052    12.0936     95.952     34.551  21.067889    10.3405      7.953   281.5318 5.0324e+00     3.3286      3.129      4.538     5.4882 0.0000e+00
