Data/DataNotYetUploadedToEDI/Raw_CTD/RawDownloads/021025_fcr50_S7809001.cnv
* Sea-Bird SBE19plus  Data File:
* FileName = C:\R\Reservoirs\Data\DataNotYetUploadedToEDI\Raw_CTD\RawDownloads\021025_fcr50_S7809_0001.hex
* Software version 2.8.0.119
* Temperature SN = 7809
* Conductivity SN = 7809
* System UpLoad Time = Feb 25 2025 10:18:44
* <ApplicationData>
* <Seaterm232>
# nquan = 15
# nvalues = 1837                        
# units = specified
# name 0 = depFM: Depth [fresh water, m]
# name 1 = dz/dtM: Descent Rate [m/s]
# name 2 = sbeox0Mg/L: Oxygen, SBE 43 [mg/l]
# name 3 = sbeox0PS: Oxygen, SBE 43 [% saturation]
# name 4 = specc: Specific Conductance [uS/cm]
# name 5 = c0uS/cm: Conductivity [uS/cm]
# name 6 = flECO-AFL: Fluorescence, WET Labs ECO-AFL/FL [mg/m^3]
# name 7 = ph: pH
# name 8 = orp: Oxidation Reduction Potential [mV]
# name 9 = par/sat/log: PAR/Logarithmic, Satlantic
# name 10 = turbWETntu0: Turbidity, WET Labs ECO [NTU]
# name 11 = prdM: Pressure, Strain Gauge [db]
# name 12 = prdE: Pressure, Strain Gauge [psi]
# name 13 = tv290C: Temperature [ITS-90, deg C]
# name 14 = flag:  0.000e+00
# span 0 =     -0.551,      9.709       
# span 1 =     -0.373,      4.086       
# span 2 =     5.5870,    13.0620       
# span 3 =     45.329,    104.187       
# span 4 =      0.325,    205.492       
# span 5 =   0.260235, 125.834378       
# span 6 =    -0.4334,    11.1189       
# span 7 =     -2.390,      8.082       
# span 8 = -1240.7455,   296.8816       
# span 9 = 1.2367e-01, 7.7600e+02       
# span 10 =     0.1722,   184.9787      
# span 11 =     -0.540,      9.522      
# span 12 =     -0.783,     13.810      
# span 13 =     5.3324,    15.1799      
# span 14 = 0.0000e+00, 0.0000e+00      
# interval = seconds: 0.25
# start_time = Feb 10 2025 12:23:34 [Instrument's time stamp, header]
# bad_flag = -9.990e-29
*END*
[from data line 1639]
      9.457     -0.173     8.4426     65.433    167.028 102.120627    -0.0872      8.069   284.0922 1.2378e-01     1.6955      9.272     13.448     5.5592 0.0000e+00
      9.418     -0.177     8.3908     64.994    168.285 102.900801    -0.1068      8.069   284.9112 1.2376e-01     1.6373      9.234     13.394     5.5606 0.0000e+00
      9.380     -0.182     8.3330     64.579    169.566 103.695674    -0.1100      8.068   286.5042 1.2379e-01     1.4660      9.199     13.343     5.5626 0.0000e+00
      9.337     -0.188     8.2850     64.239    170.820 104.473551    -0.1017      8.067   287.0926 1.2379e-01     1.4351      9.161     13.286     5.5653 0.0000e+00
      9.286     -0.195     8.2326     63.969    172.160 105.302640    -0.0981      8.067   286.6914 1.2380e-01     1.5026      9.109     13.212     5.5684 0.0000e+00
      9.227     -0.203     8.1741     63.744    173.730 106.270689    -0.0996      8.066   287.2454 1.2380e-01     1.4626      9.048     13.125     5.5720 0.0000e+00
      9.168     -0.209     8.1173     63.529    175.340 107.263922    -0.0941      8.066   287.1650 1.2380e-01     1.3615      8.987     13.034     5.5754 0.0000e+00
      9.117     -0.213     8.0757     63.337    176.868 108.206100    -0.0824      8.066   286.5795 1.2386e-01     1.3045      8.939     12.966     5.5787 0.0000e+00
      9.069     -0.213     8.0415     63.202    178.260 109.065830    -0.0827      8.066   287.1358 1.2392e-01     1.2521      8.897     12.905     5.5815 0.0000e+00
      9.014     -0.213     8.0152     63.092    179.593 109.889690    -0.0980      8.066   287.0083 1.2394e-01     1.1714      8.840     12.822     5.5838 0.0000e+00
      8.955     -0.217     7.9878     62.986    181.033 110.779900    -0.1089      8.064   286.0698 1.2391e-01     1.1145      8.781     12.735     5.5860 0.0000e+00
      8.899     -0.227     7.9582     62.881    182.483 111.677329    -0.1069      8.062   285.5116 1.2383e-01     1.1107      8.725     12.655     5.5881 0.0000e+00
      8.845     -0.240     7.9455     62.766    183.954 112.588131    -0.1072      8.062   284.5610 1.2375e-01     1.1598      8.675     12.582     5.5903 0.0000e+00
      8.788     -0.253     7.9316     62.673    185.552 113.575956    -0.1124      8.062   284.0400 1.2373e-01     1.1960      8.623     12.506     5.5926 0.0000e+00
      8.722     -0.263     7.9162     62.607    187.173 114.576230    -0.1034      8.063   283.8582 1.2375e-01     1.2067      8.557     12.410     5.5951 0.0000e+00
      8.647     -0.268     7.9059     62.538    188.790 115.573434    -0.0809      8.063   283.5679 1.2375e-01     1.2888      8.482     12.302     5.5981 0.0000e+00
      8.568     -0.269     7.8864     62.493    190.643 116.714778    -0.0646      8.062   283.7130 1.2374e-01     1.3701      8.400     12.183     5.6010 0.0000e+00
      8.494     -0.269     7.8740     62.523    192.927 118.119501    -0.0736      8.062   283.9787 1.2378e-01     1.2675      8.324     12.073     5.6037 0.0000e+00
      8.431     -0.269     7.8692     62.654    195.894 119.943308    -0.0891      8.062   284.6294 1.2379e-01     1.0376      8.266     11.989     5.6058 0.0000e+00
      8.373     -0.271     7.8568     62.883    199.154 121.945397    -0.0950      8.062   285.4719 1.2374e-01     0.9141      8.214     11.912     5.6076 0.0000e+00
      8.311     -0.274     7.8493     63.232    201.939 123.656594    -0.1030      8.063   286.3358 1.2371e-01     0.9009      8.154     11.826     5.6094 0.0000e+00
      8.239     -0.274     7.8496     63.714    204.469 125.211669    -0.1098      8.063   287.4176 1.2371e-01     0.8783      8.083     11.724     5.6112 0.0000e+00
      8.158     -0.269     7.8690     64.329    205.492 125.834378    -0.1188      8.063   287.8826 1.2376e-01     0.8450      8.001     11.605     5.6130 0.0000e+00
      8.076     -0.256     7.8939     65.044    202.299 123.856286    -0.1216      8.064   288.2583 1.2382e-01     0.8406      7.916     11.481     5.6146 0.0000e+00
      8.006     -0.237     7.9377     65.784    193.610 118.501486    -0.1097      8.064   288.3468 1.2382e-01     0.8595      7.844     11.375     5.6159 0.0000e+00
      7.952     -0.216     7.9983     66.508    173.984 106.457544    -0.0919      8.063   287.6618 1.2384e-01     0.9019      7.795     11.305     5.6178 0.0000e+00
      7.911     -0.197     8.0743     67.133    134.409  82.221474    -0.0805      8.063   287.8912 1.2390e-01     0.9772      7.758     11.252     5.6186 0.0000e+00
      7.873     -0.185     8.1729     67.563     83.979  51.358920    -0.0889      8.064   288.8832 1.2391e-01     1.0186      7.722     11.200     5.6123 0.0000e+00
      7.831     -0.182     8.2666     67.732     49.009  29.959194    -0.1020      8.065   289.2449 1.2387e-01     1.1294      7.683     11.142     5.6010 0.0000e+00
      7.782     -0.188     8.3646     67.280     37.411  22.854270    -0.0894      8.064   288.3065 1.2380e-01     3.0002      7.634     11.070     5.5912 0.0000e+00
      7.731     -0.207     8.4525     65.378     35.699  21.793348     0.1308      8.063   286.9156 1.2379e-01    23.8095      7.581     10.996     5.5831 0.0000e+00
      7.679     -0.238     8.5088     61.489     35.254  21.506933     0.5463      8.064   286.7101 1.2382e-01    61.8844      7.529     10.920     5.5741 0.0000e+00
      7.628     -0.278     8.5432     56.209     35.341  21.547131     0.7639      8.065   287.0268 1.2377e-01    82.5511      7.482     10.852     5.5611 0.0000e+00
      7.567     -0.319     8.5371     50.928     35.520  21.645290     0.7639      8.066   287.0454 1.2379e-01    83.8304      7.432     10.779     5.5430 0.0000e+00
      7.477     -0.349     8.3404     46.974     35.486  21.615814     0.7717      8.066   287.5378 1.2388e-01    78.1727      7.343     10.651     5.5218 0.0000e+00
      7.362     -0.362     7.8212     45.329     35.946  21.888230     0.7911      8.065   288.5054 1.2388e-01    67.5348      7.222     10.475     5.5008 0.0000e+00
      7.238     -0.359     7.0856     46.655     38.364  23.353789     0.7992      8.064   288.4199 1.2386e-01    61.7527      7.093     10.287     5.4824 0.0000e+00
      7.129     -0.346     6.3631     51.060     40.250  24.496503     0.8363      8.062   287.1920 1.2386e-01    61.8915      6.978     10.121     5.4669 0.0000e+00
      7.054     -0.326     5.8261     57.941     38.772  23.592033     1.3138      8.062   286.4789 1.2393e-01    69.1789      6.907     10.019     5.4547 0.0000e+00
      7.004     -0.304     5.5870     66.236     37.195  22.628282     2.2121      8.062   286.5095 1.2393e-01    82.6040      6.871      9.966     5.4448 0.0000e+00
      6.948     -0.283     5.7467     74.620     36.858  22.420115     2.7076      8.061   286.6160 1.2378e-01    89.8981      6.824      9.897     5.4359 0.0000e+00
      6.868     -0.271     6.3373     81.840     36.736  22.343322     2.7533      8.059   286.7338 1.2376e-01    90.2831      6.741      9.778     5.4283 0.0000e+00
      6.778     -0.275     7.2532     87.168     36.828  22.397306     2.7809      8.057   286.9869 1.2383e-01    87.9420      6.640      9.631     5.4224 0.0000e+00
      6.702     -0.292     8.3630     90.519     36.483  22.185076     2.8250      8.055   287.2679 1.2383e-01    83.6935      6.562      9.517     5.4173 0.0000e+00
      6.647     -0.317     9.4863     92.262     36.071  21.933202     2.8452      8.054   287.5497 1.2383e-01    81.4087      6.520      9.456     5.4132 0.0000e+00
      6.590     -0.344    10.4295     92.886     36.104  21.951737     2.8426      8.054   287.6402 1.2431e-01    81.1202      6.475      9.390     5.4098 0.0000e+00
      6.505     -0.365    11.1072     92.832     36.023  21.901912     2.8601      8.055   287.5032 1.2959e-01    80.5125      6.390      9.270     5.4066 0.0000e+00
      6.391     -0.373    11.5091     92.478     35.813  21.774629     3.1648      8.055   287.5276 1.4869e-01    75.0860      6.274      9.099     5.4034 0.0000e+00
      6.260     -0.363    11.7083     92.114     35.868  21.807767     3.7377      8.053   287.5915 1.8369e-01    65.2447      6.138      8.903     5.4009 0.0000e+00
      6.137     -0.336    11.7688     91.922     36.056  21.922142     4.0282      8.051   287.4142 2.0914e-01    59.8331      6.003      8.706     5.3991 0.0000e+00
      6.052     -0.299    11.7447     91.932     36.211  22.016153     3.9969      8.050   287.1052 2.1592e-01    59.4247      5.915      8.579     5.3984 0.0000e+00
      6.011     -0.259    11.6884     92.075     36.174  21.993306     3.7008      8.049   287.2972 2.2552e-01    61.6387      5.892      8.546     5.3986 0.0000e+00
      5.984     -0.223    11.6318     92.253     36.020  21.899550     3.1859      8.050   287.8419 2.3354e-01    65.9358      5.877      8.523     5.3991 0.0000e+00
      5.939     -0.193    11.6084     92.394     35.807  21.770293     2.9151      8.052   287.5828 2.4419e-01    68.3048      5.831      8.457     5.3993 0.0000e+00
      5.874     -0.173    11.6129     92.493     35.793  21.762053     2.9073      8.052   286.6589 2.7520e-01    68.2839      5.763      8.359     5.3990 0.0000e+00
      5.807     -0.163    11.6354     92.510     35.958  21.863328     3.1252      8.051   285.3618 3.0816e-01    65.8543      5.687      8.248     5.3987 0.0000e+00
      5.760     -0.161    11.6636     92.428     35.838  21.790023     3.5514      8.049   283.6876 3.2037e-01    61.5080      5.635      8.173     5.3984 0.0000e+00
      5.744     -0.168    11.6775     92.281     35.689  21.700056     3.7992      8.048   282.5053 3.2283e-01    59.2516      5.630      8.166     5.3986 0.0000e+00
      5.735     -0.187    11.6941     92.101     35.732  21.726694     3.8246      8.048   282.0789 3.3351e-01    59.1373      5.634      8.171     5.3990 0.0000e+00
      5.702     -0.217    11.6975     91.920     35.739  21.731649     3.7994      8.049   282.2322 3.5838e-01    59.4084      5.606      8.131     5.3997 0.0000e+00
      5.631     -0.248    11.6829     91.738     35.679  21.696563     3.7699      8.049   282.8965 4.0235e-01    59.9674      5.532      8.023     5.4001 0.0000e+00
      5.536     -0.273    11.6656     91.572     35.759  21.746331     3.7666      8.050   283.4858 4.5830e-01    60.2943      5.428      7.872     5.3999 0.0000e+00
      5.437     -0.285    11.6384     91.442     35.888  21.826121     3.7767      8.051   283.5929 5.2268e-01    60.3213      5.327      7.726     5.4005 0.0000e+00
      5.354     -0.285    11.6176     91.347     35.800  21.773567     3.8084      8.051   283.1589 5.7900e-01    59.9177      5.240      7.600     5.4020 0.0000e+00
      5.296     -0.278    11.5922     91.277     35.646  21.681587     4.1837      8.051   282.4548 6.0006e-01    55.3455      5.187      7.522     5.4038 0.0000e+00
      5.253     -0.268    11.5696     91.233     35.616  21.665144     4.8940      8.052   282.2198 6.2285e-01    47.0212      5.157      7.480     5.4056 0.0000e+00
      5.197     -0.258    11.5530     91.219     35.673  21.701579     5.3046      8.053   282.4685 6.8483e-01    42.4821      5.109      7.409     5.4075 0.0000e+00
      5.115     -0.260    11.5409     91.210     35.631  21.678257     5.3859      8.052   282.6235 7.6458e-01    41.7289      5.019      7.279     5.4089 0.0000e+00
      5.028     -0.280    11.5322     91.195     35.456  21.573387     5.6609      8.051   282.8026 8.3108e-01    37.5043      4.917      7.132     5.4106 0.0000e+00
      4.963     -0.311    11.5238     91.175     35.351  21.511546     6.1331      8.052   283.0860 8.8649e-01    29.7638      4.859      7.049     5.4133 0.0000e+00
      4.910     -0.341    11.5247     91.164     35.331  21.501228     6.3916      8.054   283.1237 9.6608e-01    25.5441      4.827      7.001     5.4161 0.0000e+00
      4.834     -0.359    11.5216     91.189     35.240  21.448632     6.4314      8.055   283.0863 1.0924e+00    25.0845      4.757      6.898     5.4186 0.0000e+00
      4.719     -0.363    11.5199     91.244     35.232  21.446288     6.4069      8.055   283.1500 1.2654e+00    24.0697      4.635      6.722     5.4210 0.0000e+00
      4.587     -0.358    11.5162     91.323     35.375  21.536294     6.3534      8.055   283.1195 1.4499e+00    22.3614      4.492      6.515     5.4238 0.0000e+00
      4.472     -0.340    11.5109     91.456     35.452  21.585773     6.3343      8.055   282.8902 1.5819e+00    21.5087      4.369      6.338     5.4272 0.0000e+00
      4.394     -0.307    11.5147     91.661     35.577  21.664092     6.3505      8.056   282.4428 1.6604e+00    21.2747      4.298      6.235     5.4310 0.0000e+00
      4.343     -0.263    11.5210     91.891     35.670  21.722345     6.6570      8.057   282.1841 1.7354e+00    19.3957      4.260      6.179     5.4350 0.0000e+00
      4.298     -0.219    11.5277     92.108     35.558  21.656019     7.2272      8.057   282.3426 1.8339e+00    16.0744      4.218      6.119     5.4389 0.0000e+00
      4.246     -0.190    11.5420     92.319     35.502  21.623050     7.5349      8.057   282.0363 1.9575e+00    14.3888      4.166      6.043     5.4423 0.0000e+00
      4.191     -0.181    11.5697     92.503     35.530  21.640770     7.5384      8.056   280.6319 2.0611e+00    14.9338      4.105      5.954     5.4453 0.0000e+00
      4.149     -0.189    11.6015     92.647     35.489  21.616637     7.1206      8.053   279.0427 2.1230e+00    22.1857      4.060      5.889     5.4479 0.0000e+00
      4.119     -0.208    11.6249     92.745     35.435  21.584904     6.3279      8.050   277.8781 2.2130e+00    35.5281      4.044      5.865     5.4500 0.0000e+00
      4.079     -0.236    11.6536     92.754     35.416  21.574124     5.8949      8.048   276.8759 2.3925e+00    42.8290      4.011      5.817     5.4519 0.0000e+00
      4.016     -0.267    11.6778     92.703     35.374  21.549714     5.8548      8.046   276.3894 2.6545e+00    43.4731      3.944      5.720     5.4532 0.0000e+00
      3.935     -0.295    11.6925     92.641     35.257  21.479989     5.8516      8.045   276.4703 3.0007e+00    43.1795      3.864      5.603     5.4541 0.0000e+00
      3.841     -0.309    11.7113     92.554     35.171  21.428574     5.8985      8.045   276.8215 3.4322e+00    39.5515      3.771      5.469     5.4553 0.0000e+00
      3.740     -0.306    11.7083     92.457     35.181  21.435334     5.9971      8.046   277.3660 3.8765e+00    32.9816      3.665      5.314     5.4570 0.0000e+00
      3.650     -0.292    11.6972     92.409     35.178  21.434900     6.0703      8.046   277.8045 4.2122e+00    29.4657      3.567      5.174     5.4585 0.0000e+00
      3.587     -0.274    11.6925     92.442     35.158  21.423328     6.1341      8.047   277.9936 4.4329e+00    29.0834      3.509      5.090     5.4602 0.0000e+00
      3.541     -0.255    11.6796     92.540     35.155  21.422241     6.5019      8.048   277.8459 4.7084e+00    27.1984      3.476      5.041     5.4618 0.0000e+00
      3.489     -0.236    11.6639     92.693     35.256  21.485165     7.1377      8.049   277.4814 5.1385e+00    23.6858      3.428      4.972     5.4633 0.0000e+00
      3.424     -0.220    11.6549     92.883     35.466  21.613462     7.4714      8.048   277.3719 5.6323e+00    21.7627      3.359      4.872     5.4647 0.0000e+00
      3.354     -0.210    11.6615     93.080     35.512  21.641906     7.5069      8.047   277.4692 6.0753e+00    21.5712      3.287      4.767     5.4658 0.0000e+00
      3.292     -0.206    11.6725     93.263     35.297  21.512031     7.5668      8.045   277.4531 6.3779e+00    21.0627      3.220      4.670     5.4671 0.0000e+00
      3.249     -0.209    11.6925     93.396     35.071  21.374728     7.6468      8.045   277.3482 6.5485e+00    20.0559      3.179      4.611     5.4685 0.0000e+00
