Data/DataNotYetUploadedToEDI/Raw_CTD/RawDownloads/022326_FCR_50_S7809001.cnv
* Sea-Bird SBE19plus  Data File:
* FileName = C:\R\Reservoirs\Data\DataNotYetUploadedToEDI\Raw_CTD\RawDownloads\051126_FCR_50_S7809_0001.hex
* Software version 2.8.0.119
* Temperature SN = 7809
* Conductivity SN = 7809
* System UpLoad Time = May 11 2026 15:28:56
* <ApplicationData>
* <Seaterm232>
# nquan = 15
# nvalues = 1310                        
# units = specified
# name 0 = depFM: Depth [fresh water, m]
# name 1 = dz/dtM: Descent Rate [m/s]
# name 2 = sbeox0Mg/L: Oxygen, SBE 43 [mg/l]
# name 3 = sbeox0PS: Oxygen, SBE 43 [% saturation]
# name 4 = specc: Specific Conductance [uS/cm]
# name 5 = c0uS/cm: Conductivity [uS/cm]
# name 6 = flECO-AFL: Fluorescence, WET Labs ECO-AFL/FL [mg/m^3]
# name 7 = ph: pH
# name 8 = orp: Oxidation Reduction Potential [mV]
# name 9 = par/sat/log: PAR/Logarithmic, Satlantic
# name 10 = turbWETntu0: Turbidity, WET Labs ECO [NTU]
# name 11 = prdM: Pressure, Strain Gauge [db]
# name 12 = prdE: Pressure, Strain Gauge [psi]
# name 13 = tv290C: Temperature [ITS-90, deg C]
# name 14 = flag:  0.000e+00
# span 0 =     -0.703,      9.559       
# span 1 =     -0.044,      0.237       
# span 2 =     7.0942,    13.1711       
# span 3 =     54.571,    100.402       
# span 4 =      0.934,    154.750       
# span 5 =   0.579700,  90.446650       
# span 6 =    -0.1108,     6.6691       
# span 7 =      5.700,      9.509       
# span 8 = -1240.7455,   230.8394       
# span 9 = 1.2365e-01, 1.7466e+03       
# span 10 =     0.0539,    81.5777      
# span 11 =     -0.689,      9.375      
# span 12 =     -0.999,     13.597      
# span 13 =     3.9926,     6.1420      
# span 14 = 0.0000e+00, 0.0000e+00      
# interval = seconds: 0.25
# start_time = Feb 23 2026 14:06:14 [Instrument's time stamp, header]
# bad_flag = -9.990e-29
*END*
[from data line 97]
     -0.146      0.001     9.8553     74.266     42.179  24.738008     1.7864      7.084   226.6283 2.9136e+02     5.2875     -0.143     -0.207     4.3301 0.0000e+00
     -0.145      0.001     9.8043     73.899     42.096  24.686645     1.8105      7.089   226.7699 3.0226e+02     5.4059     -0.142     -0.207     4.3317 0.0000e+00
     -0.145      0.001     9.7502     73.605     42.118  24.697749     1.8270      7.093   227.1515 2.9952e+02     5.4094     -0.142     -0.206     4.3311 0.0000e+00
     -0.145      0.001     9.6964     73.402     42.201  24.745423     1.8444      7.097   226.8541 2.9787e+02     5.3638     -0.141     -0.205     4.3277 0.0000e+00
     -0.144      0.001     9.6531     73.222     42.220  24.755721     1.8548      7.101   224.9810 2.9495e+02     5.4354     -0.142     -0.206     4.3237 0.0000e+00
     -0.144      0.001     9.6006     73.083     42.227  24.758849     1.8521      7.104   222.2282 2.8971e+02     5.4890     -0.141     -0.204     4.3206 0.0000e+00
     -0.144      0.001     9.5591     72.993     42.269  24.783243     1.8537      7.107   220.9309 2.9388e+02     5.3984     -0.140     -0.203     4.3187 0.0000e+00
     -0.143      0.001     9.5434     72.901     42.294  24.796991     1.8574      7.111   220.9966 2.8085e+02     5.2957     -0.141     -0.204     4.3176 0.0000e+00
     -0.143      0.001     9.5136     72.806     42.297  24.798229     1.8886      7.114   221.3873 2.5203e+02     5.3412     -0.140     -0.203     4.3166 0.0000e+00
     -0.142      0.000     9.4966     72.754     42.297  24.798214     1.9316      7.118   222.2997 2.5669e+02     5.4701     -0.139     -0.202     4.3157 0.0000e+00
     -0.142 2.2012e-08     9.4886     72.739     42.296  24.796811     1.9357      7.123   223.1658 3.0083e+02     5.4531     -0.139     -0.201     4.3150 0.0000e+00
     -0.142 2.4213e-07     9.4774     72.742     42.270  24.781260     1.9052      7.128   223.0833 3.1916e+02     5.3064     -0.139     -0.202     4.3142 0.0000e+00
     -0.143 6.1440e-07     9.4608     72.807     42.195  24.737024     1.8872      7.134   222.4211 2.9167e+02     5.2684     -0.140     -0.204     4.3137 0.0000e+00
     -0.143      0.000     9.4550     72.952     42.141  24.705892     1.9091      7.141   222.2143 2.7741e+02     5.3691     -0.140     -0.203     4.3132 0.0000e+00
     -0.142      0.000     9.4568     73.158     42.168  24.721940     1.9460      7.146   222.3031 2.7538e+02     5.4644     -0.139     -0.202     4.3124 0.0000e+00
     -0.142      0.001     9.4520     73.393     42.199  24.740797     1.9339      7.152   222.3761 2.6862e+02     5.4639     -0.139     -0.202     4.3117 0.0000e+00
     -0.142      0.001     9.4609     73.628     42.203  24.743646     1.8788      7.157   222.5814 2.6392e+02     5.4323     -0.138     -0.201     4.3118 0.0000e+00
     -0.142      0.001     9.4800     73.832     42.224  24.756390     1.8631      7.162   222.8068 2.5808e+02     5.4585     -0.139     -0.202     4.3124 0.0000e+00
     -0.141      0.000     9.5090     73.968     42.243  24.768040     1.8771      7.167   223.5524 2.6230e+02     5.4728     -0.139     -0.202     4.3130 0.0000e+00
     -0.141 1.8614e-08     9.5401     74.029     42.224  24.757674     1.8566      7.172   224.6267 2.7595e+02     5.3994     -0.138     -0.201     4.3136 0.0000e+00
     -0.141 2.0475e-07     9.5718     74.036     42.224  24.757894     1.8059      7.177   224.7842 2.8090e+02     5.2892     -0.138     -0.201     4.3139 0.0000e+00
     -0.142 2.0475e-07     9.6006     74.016     42.244  24.770692     1.7884      7.180   224.4234 2.6944e+02     5.3012     -0.139     -0.202     4.3148 0.0000e+00
     -0.142 1.8617e-08     9.6182     73.986     42.268  24.785577     1.8110      7.183   224.0504 2.5654e+02     5.4077     -0.139     -0.202     4.3159 0.0000e+00
     -0.142 1.7265e-09     9.6246     73.943     42.310  24.811030     1.8389      7.186   223.2846 2.5471e+02     5.3816     -0.139     -0.202     4.3163 0.0000e+00
     -0.142 5.3197e-10     9.6242     73.888     42.331  24.824770     1.8673      7.189   222.3920 2.6447e+02     5.2584     -0.139     -0.201     4.3165 0.0000e+00
     -0.142 4.1736e-09     9.6203     73.821     42.329  24.824876     1.8794      7.194   222.7227 2.7479e+02     5.2161     -0.138     -0.201     4.3171 0.0000e+00
     -0.142 4.5757e-08     9.6166     73.735     42.305  24.812306     1.8949      7.198   224.0992 2.7172e+02     5.2801     -0.139     -0.202     4.3184 0.0000e+00
     -0.142 5.0331e-07     9.6112     73.663     42.282  24.799626     1.9123      7.202   224.4089 2.6797e+02     5.3495     -0.139     -0.202     4.3197 0.0000e+00
     -0.141      0.000     9.6023     73.623     42.278  24.798396     1.8814      7.206   223.8855 2.7215e+02     5.3037     -0.138     -0.201     4.3209 0.0000e+00
     -0.141      0.000     9.5960     73.575     42.276  24.797446     1.8380      7.210   223.2775 2.7685e+02     5.2383     -0.138     -0.200     4.3226 0.0000e+00
     -0.141      0.001     9.5810     73.512     42.259  24.788126     1.8380      7.215   222.0485 2.9240e+02     5.3111     -0.138     -0.201     4.3245 0.0000e+00
     -0.141      0.002     9.5690     73.439     42.296  24.812559     1.8638      7.221   221.3293 3.0436e+02     5.4320     -0.139     -0.201     4.3261 0.0000e+00
     -0.141      0.006     9.5687     73.333     42.554  24.966023     1.8666      7.227   222.4116 2.8793e+02     5.4701     -0.138     -0.200     4.3266 0.0000e+00
     -0.141      0.012     9.5615     73.242     42.925  25.185004     1.8301      7.232   223.4334 2.7160e+02     5.4642     -0.138     -0.200     4.3268 0.0000e+00
     -0.139      0.018     9.5512     73.212     43.127  25.303991     1.7894      7.235   222.7566 2.6382e+02     5.4972     -0.138     -0.200     4.3277 0.0000e+00
     -0.133      0.024     9.5451     73.136     43.163  25.326544     1.7820      7.237   221.7997 2.5046e+02     5.5961     -0.135     -0.194     4.3308 0.0000e+00
     -0.123      0.027     9.5279     72.957     43.166  25.330853     1.8151      7.238   221.5866 2.5005e+02     5.6346     -0.120     -0.174     4.3341 0.0000e+00
     -0.112      0.027     9.5081     72.775     43.204  25.356097     1.8568      7.238   220.4373 2.5941e+02     5.5538     -0.109     -0.158     4.3349 0.0000e+00
     -0.103      0.020     9.5153     72.644     43.239  25.378088     1.8871      7.238   217.8839 2.6244e+02     5.5408     -0.102     -0.147     4.3348 0.0000e+00
     -0.095      0.009     9.5087     72.481     43.179  25.343058     1.9155      7.241   216.8694 2.5686e+02     5.6485     -0.092     -0.134     4.3367 0.0000e+00
     -0.093     -0.002     9.4757     72.183     43.129  25.313078     1.9584      7.246   218.4097 2.4915e+02     5.6608     -0.088     -0.127     4.3399 0.0000e+00
     -0.098     -0.009     9.4487     71.812     43.272  25.396130     2.0063      7.251   220.1604 2.5066e+02     5.4853     -0.092     -0.134     4.3435 0.0000e+00
     -0.109     -0.014     9.4349     71.465     43.597  25.586184     2.0198      7.256   220.5710 2.5717e+02     5.3358     -0.109     -0.158     4.3462 0.0000e+00
     -0.118     -0.015     9.4237     71.171     43.917  25.771793     2.0233      7.261   220.2769 2.6183e+02     5.3573     -0.119     -0.172     4.3463 0.0000e+00
     -0.120     -0.013     9.3783     70.916     44.080  25.864518     2.0234      7.267   219.9600 2.5844e+02     5.4368     -0.118     -0.171     4.3442 0.0000e+00
     -0.120     -0.008     9.3252     70.652     44.113  25.882837     1.9870      7.273   219.4073 2.5369e+02     5.4775     -0.118     -0.171     4.3425 0.0000e+00
     -0.119     -0.004     9.2804     70.408     44.082  25.866437     1.9499      7.278   217.8961 2.5799e+02     5.4742     -0.117     -0.169     4.3435 0.0000e+00
     -0.119     -0.004     9.2410     70.199     44.057  25.856499     1.9400      7.283   216.0561 2.5994e+02     5.4644     -0.116     -0.169     4.3414 0.0000e+00
     -0.119     -0.008     9.2160     69.996     44.213  25.952954     1.9342      7.288   215.3148 2.5687e+02     5.4611     -0.117     -0.169     4.3358 0.0000e+00
     -0.121     -0.014     9.1775     69.818     44.319  26.017909     1.8641      7.294   215.2134 2.5742e+02     5.4001     -0.117     -0.170     4.3342 0.0000e+00
     -0.125     -0.019     9.1427     69.616     44.086  25.880785     1.7329      7.300   215.4327 2.5887e+02     5.3085     -0.123     -0.179     4.3377 0.0000e+00
     -0.130     -0.024     9.1211     69.327     43.870  25.753710     1.6705      7.306   215.8156 2.6722e+02     5.3092     -0.128     -0.185     4.3428 0.0000e+00
     -0.138     -0.025     9.0860     68.992     43.969  25.813325     1.6847      7.312   215.0247 2.8191e+02     5.4096     -0.132     -0.192     4.3501 0.0000e+00
     -0.150     -0.023     9.0671     68.670     44.228  25.967367     1.7202      7.318   213.2702 2.8708e+02     5.4626     -0.148     -0.215     4.3539 0.0000e+00
     -0.159     -0.020     9.0465     68.399     44.441  26.094090     1.7667      7.324   212.7554 2.8872e+02     5.4044     -0.159     -0.230     4.3512 0.0000e+00
     -0.161     -0.015     9.0041     68.175     44.517  26.140505     1.7814      7.329   213.4465 2.9229e+02     5.3199     -0.159     -0.231     4.3511 0.0000e+00
     -0.161     -0.009     8.9586     67.967     44.419  26.084614     1.7903      7.335   214.0548 2.9493e+02     5.3298     -0.158     -0.230     4.3523 0.0000e+00
     -0.161     -0.004     8.9139     67.767     44.251  25.989115     1.8412      7.341   215.2923 2.9520e+02     5.3864     -0.158     -0.229     4.3545 0.0000e+00
     -0.162     -0.001     8.8780     67.570     44.154  25.937172     1.8896      7.348   217.2229 2.9388e+02     5.3217     -0.158     -0.230     4.3581 0.0000e+00
     -0.162      0.001     8.8513     67.369     44.191  25.963955     1.8917      7.354   217.8670 2.9404e+02     5.2302     -0.159     -0.230     4.3594 0.0000e+00
     -0.162      0.002     8.8240     67.189     44.347  26.059266     1.8912      7.360   216.8853 2.9411e+02     5.2372     -0.159     -0.231     4.3602 0.0000e+00
     -0.161      0.003     8.7964     67.007     44.477  26.138241     1.9170      7.365   216.0214 2.9416e+02     5.3040     -0.159     -0.230     4.3639 0.0000e+00
     -0.160      0.004     8.7718     66.787     44.507  26.157762     1.9372      7.370   215.5097 2.9450e+02     5.3548     -0.157     -0.228     4.3703 0.0000e+00
     -0.158      0.004     8.7406     66.574     44.413  26.105035     1.9275      7.374   214.8289 2.9539e+02     5.3048     -0.154     -0.224     4.3763 0.0000e+00
     -0.156      0.005     8.7180     66.419     44.134  25.944671     1.9001      7.379   214.4144 2.9593e+02     5.3143     -0.153     -0.222     4.3804 0.0000e+00
     -0.156      0.008     8.6976     66.310     43.783  25.740957     1.8806      7.385   214.9728 3.0014e+02     5.5037     -0.153     -0.223     4.3831 0.0000e+00
     -0.156      0.016     8.6650     66.173     43.663  25.671449     1.8741      7.388   216.1593 3.0635e+02     5.6485     -0.152     -0.221     4.3853 0.0000e+00
     -0.155      0.028     8.6331     65.948     44.213  25.992149     1.8719      7.377   216.0273 3.1090e+02     5.5955     -0.153     -0.222     4.3881 0.0000e+00
     -0.150      0.039     8.6138     65.712     45.212  26.574212     1.8620      7.348   213.9788 3.0790e+02     5.4780     -0.150     -0.216     4.3921 0.0000e+00
     -0.138      0.042     8.6009     65.542     45.723  26.874182     1.8385      7.318   211.5242 2.8400e+02     5.4571     -0.140     -0.201     4.3958 0.0000e+00
     -0.116      0.037     8.5907     65.421     45.529  26.765008     1.8041      7.301   209.6653 2.5690e+02     5.5481     -0.116     -0.169     4.3975 0.0000e+00
     -0.091      0.023     8.5536     65.347     45.006  26.459283     1.7620      7.296   209.1410 2.4825e+02     5.6214     -0.081     -0.118     4.3953 0.0000e+00
     -0.081      0.005     8.5214     65.408     44.501  26.158614     1.7294      7.296   209.5729 2.4930e+02     5.5923     -0.073     -0.105     4.3846 0.0000e+00
     -0.091     -0.016     8.5023     65.647     44.207  25.983694     1.7175      7.301   210.0693 2.5490e+02     5.5375     -0.088     -0.127     4.3833 0.0000e+00
     -0.110     -0.034     8.4852     66.084     44.115  25.929907     1.7432      7.309   210.7542 2.6733e+02     5.5053     -0.109     -0.158     4.3960 0.0000e+00
     -0.127     -0.044     8.4693     66.820     44.257  26.015659     1.7983      7.318   211.2300 2.8127e+02     5.4419     -0.127     -0.185     4.3962 0.0000e+00
     -0.142     -0.043     8.4746     67.796     44.559  26.196029     1.8097      7.328   211.6065 2.9162e+02     5.3177     -0.140     -0.203     4.3894 0.0000e+00
     -0.154     -0.034     8.5135     68.898     44.793  26.334916     1.7809      7.338   211.8642 2.9423e+02     5.2327     -0.152     -0.221     4.3865 0.0000e+00
     -0.160     -0.023     8.5546     70.073     44.840  26.363046     1.8077      7.346   211.5068 2.9220e+02     5.2684     -0.158     -0.229     4.3871 0.0000e+00
     -0.162     -0.014     8.6576     71.200     44.270  26.028760     1.8756      7.354   211.0710 2.9283e+02     5.3056     -0.159     -0.230     4.3903 0.0000e+00
     -0.162     -0.007     8.7917     71.942     42.774  25.147060     1.9031      7.364   211.4990 2.9394e+02     5.2386     -0.159     -0.230     4.3942 0.0000e+00
     -0.162     -0.002     8.9294     71.710     41.296  24.264242     1.8996      7.374   212.5519 2.9512e+02     5.1761     -0.158     -0.229     4.3961 0.0000e+00
     -0.162      0.001     9.0943     70.833     40.648  23.852811     1.8822      7.383   212.8748 2.9737e+02     5.2323     -0.158     -0.230     4.3960 0.0000e+00
     -0.161      0.001     9.2397     70.468     40.488  23.723810     1.8686      7.392   212.0472 2.9921e+02     5.3723     -0.158     -0.229     4.3959 0.0000e+00
     -0.160      0.001     9.3885     70.905     40.415  23.655708     1.8601      7.400   210.8050 3.0092e+02     5.3997     -0.156     -0.227     4.3990 0.0000e+00
     -0.160      0.001     9.3548     71.945     40.347  23.600108     1.8375      7.408   210.1594 3.0304e+02     5.2907     -0.157     -0.227     4.3878 0.0000e+00
     -0.160      0.001     9.1507     73.621     40.293  23.558849     1.7953      7.417   210.3495 3.0547e+02     5.3519     -0.157     -0.228     4.3407 0.0000e+00
     -0.159      0.000     9.1292     75.931     40.265  23.537331     1.7409      7.424   211.4691 3.0755e+02     5.5938     -0.156     -0.226     4.2903 0.0000e+00
     -0.159      0.000     9.2089     78.717     40.256  23.530180     1.7116      7.430   213.0281 3.0890e+02     5.7218     -0.156     -0.226     4.2610 0.0000e+00
     -0.160      0.000     9.3373     81.596     40.267  23.535809     1.6911      7.435   213.8833 3.1005e+02     5.6695     -0.156     -0.227     4.2425 0.0000e+00
     -0.160      0.001     9.5622     84.006     40.278  23.541973     1.6673      7.439   214.2387 3.1074e+02     5.5766     -0.157     -0.227     4.2308 0.0000e+00
     -0.160      0.002     9.8679     85.593     40.278  23.541296     1.7241      7.444   214.3996 3.1023e+02     5.5887     -0.157     -0.227     4.2259 0.0000e+00
     -0.159      0.004    10.2498     86.511     40.257  23.527616     1.8531      7.449   214.2799 3.1040e+02     5.6110     -0.157     -0.228     4.2245 0.0000e+00
     -0.158      0.004    10.6535     87.037     40.218  23.503400     1.9126      7.453   214.2537 3.1511e+02     5.5386     -0.155     -0.225     4.2233 0.0000e+00
     -0.155      0.004    10.9929     87.281     40.218  23.502152     1.8933      7.457   214.5134 3.2574e+02     5.4996     -0.152     -0.220     4.2233 0.0000e+00
