Data/DataNotYetUploadedToEDI/Raw_CTD/RawDownloads/022326_FCR_50_S7809001.cnv
* Sea-Bird SBE19plus  Data File:
* FileName = C:\R\Reservoirs\Data\DataNotYetUploadedToEDI\Raw_CTD\RawDownloads\051126_FCR_50_S7809_0001.hex
* Software version 2.8.0.119
* Temperature SN = 7809
* Conductivity SN = 7809
* System UpLoad Time = May 11 2026 15:28:56
* <ApplicationData>
* <Seaterm232>
# nquan = 15
# nvalues = 1310                        
# units = specified
# name 0 = depFM: Depth [fresh water, m]
# name 1 = dz/dtM: Descent Rate [m/s]
# name 2 = sbeox0Mg/L: Oxygen, SBE 43 [mg/l]
# name 3 = sbeox0PS: Oxygen, SBE 43 [% saturation]
# name 4 = specc: Specific Conductance [uS/cm]
# name 5 = c0uS/cm: Conductivity [uS/cm]
# name 6 = flECO-AFL: Fluorescence, WET Labs ECO-AFL/FL [mg/m^3]
# name 7 = ph: pH
# name 8 = orp: Oxidation Reduction Potential [mV]
# name 9 = par/sat/log: PAR/Logarithmic, Satlantic
# name 10 = turbWETntu0: Turbidity, WET Labs ECO [NTU]
# name 11 = prdM: Pressure, Strain Gauge [db]
# name 12 = prdE: Pressure, Strain Gauge [psi]
# name 13 = tv290C: Temperature [ITS-90, deg C]
# name 14 = flag:  0.000e+00
# span 0 =     -0.703,      9.559       
# span 1 =     -0.044,      0.237       
# span 2 =     7.0942,    13.1711       
# span 3 =     54.571,    100.402       
# span 4 =      0.934,    154.750       
# span 5 =   0.579700,  90.446650       
# span 6 =    -0.1108,     6.6691       
# span 7 =      5.700,      9.509       
# span 8 = -1240.7455,   230.8394       
# span 9 = 1.2365e-01, 1.7466e+03       
# span 10 =     0.0539,    81.5777      
# span 11 =     -0.689,      9.375      
# span 12 =     -0.999,     13.597      
# span 13 =     3.9926,     6.1420      
# span 14 = 0.0000e+00, 0.0000e+00      
# interval = seconds: 0.25
# start_time = Feb 23 2026 14:06:14 [Instrument's time stamp, header]
# bad_flag = -9.990e-29
*END*
[from data line 964]
      5.520      0.023    11.1406     85.150     39.877  23.165044     5.3049      8.703   157.5097 7.7091e-01     5.5629      5.415      7.853     4.0546 0.0000e+00
      5.522      0.016    11.1463     85.187     39.861  23.155803     5.3335      8.703   157.2238 7.7361e-01     5.5842      5.415      7.854     4.0507 0.0000e+00
      5.522      0.010    11.1501     85.252     39.903  23.180024     5.3703      8.703   156.8979 7.7650e-01     5.5409      5.415      7.854     4.0466 0.0000e+00
      5.523      0.005    11.1457     85.324     39.946  23.204244     5.4176      8.703   157.0116 7.8223e-01     5.5863      5.416      7.856     4.0442 0.0000e+00
      5.523      0.004    11.1453     85.399     39.930  23.194992     5.4468      8.704   157.3941 7.8560e-01     5.6880      5.416      7.856     4.0443 0.0000e+00
      5.524      0.006    11.1495     85.453     39.925  23.194982     5.4411      8.706   156.6189 7.8028e-01     5.7120      5.417      7.857     4.0455 0.0000e+00
      5.526      0.012    11.1611     85.470     39.937  23.204131     5.3320      8.708   154.6929 7.6981e-01     5.5684      5.419      7.859     4.0449 0.0000e+00
      5.527      0.023    11.1689     85.470     39.893  23.178776     5.1264      8.710   153.5518 7.5998e-01     5.3191      5.420      7.861     4.0425 0.0000e+00
      5.529      0.035    11.1814     85.455     39.833  23.142081     5.0281      8.710   153.3186 7.4589e-01     5.2591      5.421      7.863     4.0424 0.0000e+00
      5.537      0.045    11.1886     85.422     39.833  23.140926     5.0511      8.710   152.9930 7.3455e-01     5.3893      5.426      7.870     4.0470 0.0000e+00
      5.554      0.050    11.1867     85.380     39.876  23.164816     5.0541      8.710   152.7116 7.2013e-01     5.4249      5.443      7.895     4.0509 0.0000e+00
      5.578      0.053    11.1884     85.334     39.899  23.177280     5.0809      8.710   152.6697 7.0238e-01     5.4844      5.473      7.938     4.0501 0.0000e+00
      5.598      0.054    11.1866     85.278     39.879  23.164796     5.1920      8.711   152.4864 6.9148e-01     5.8010      5.496      7.971     4.0478 0.0000e+00
      5.607      0.054    11.1825     85.225     39.840  23.140697     5.2829      8.711   152.3020 6.8136e-01     6.1112      5.501      7.978     4.0465 0.0000e+00
      5.612      0.053    11.1763     85.187     39.845  23.139555     5.3052      8.711   152.1609 6.7741e-01     6.1951      5.500      7.979     4.0458 0.0000e+00
      5.622      0.052    11.1721     85.139     39.871  23.150981     5.3448      8.711   151.7264 6.7559e-01     6.0632      5.510      7.993     4.0444 0.0000e+00
      5.637      0.053    11.1643     85.079     39.875  23.152020     5.4130      8.711   151.2647 6.5874e-01     5.8827      5.527      8.016     4.0430 0.0000e+00
      5.656      0.053    11.1558     85.054     39.873  23.152114     5.4643      8.712   150.8806 6.2754e-01     5.8907      5.545      8.044     4.0424 0.0000e+00
      5.675      0.051    11.1550     85.064     39.871  23.152121     5.4904      8.712   150.4372 6.0932e-01     5.9213      5.568      8.075     4.0365 0.0000e+00
      5.690      0.045    11.1517     85.065     39.870  23.152114     5.4125      8.713   150.1202 6.1412e-01     5.7401      5.584      8.097     4.0298 0.0000e+00
      5.698      0.036    11.1396     85.067     39.868  23.152019     5.2547      8.714   150.7480 6.1478e-01     5.5099      5.588      8.106     4.0293 0.0000e+00
      5.703      0.027    11.1358     85.115     39.864  23.150980     5.1800      8.714   152.0045 6.0445e-01     5.4957      5.594      8.113     4.0312 0.0000e+00
      5.708      0.020    11.1403     85.195     39.843  23.139545     5.1917      8.714   152.2349 6.0377e-01     5.6031      5.599      8.120     4.0329 0.0000e+00
      5.710      0.016    11.1402     85.280     39.843  23.140594     5.2464      8.714   151.7261 6.0790e-01     5.5788      5.600      8.122     4.0333 0.0000e+00
      5.713      0.014    11.1355     85.351     39.880  23.163662     5.3173      8.716   150.8426 6.0020e-01     5.4746      5.602      8.125     4.0345 0.0000e+00
      5.717      0.013    11.1431     85.380     39.879  23.164806     5.3665      8.718   149.3829 5.8936e-01     5.5047      5.605      8.131     4.0368 0.0000e+00
      5.721      0.012    11.1556     85.384     39.858  23.154420     5.3998      8.718   148.2742 5.8517e-01     5.6351      5.611      8.139     4.0382 0.0000e+00
      5.725      0.012    11.1648     85.399     39.873  23.164919     5.3954      8.718   148.4502 5.8691e-01     5.6847      5.615      8.143     4.0391 0.0000e+00
      5.728      0.012    11.1778     85.384     39.870  23.164928     5.3472      8.719   149.4455 5.8747e-01     5.6271      5.617      8.147     4.0404 0.0000e+00
      5.730      0.014    11.1794     85.323     39.850  23.154533     5.3074      8.720   149.6393 5.8619e-01     5.5529      5.619      8.150     4.0427 0.0000e+00
      5.732      0.021    11.1748     85.276     39.870  23.166053     5.3054      8.721   149.0719 5.9059e-01     5.5734      5.621      8.153     4.0455 0.0000e+00
      5.735      0.032    11.1804     85.254     39.891  23.177383     5.2983      8.721   148.5227 5.8913e-01     5.6019      5.623      8.156     4.0478 0.0000e+00
      5.740      0.042    11.1803     85.233     39.871  23.164701     5.2043      8.721   147.5585 5.7558e-01     5.5212      5.627      8.161     4.0494 0.0000e+00
      5.753      0.050    11.1656     85.229     39.829  23.139543     5.0594      8.722   146.1901 5.5769e-01     5.4859      5.637      8.176     4.0509 0.0000e+00
      5.775      0.057    11.1595     85.246     39.810  23.126851     5.0111      8.723   145.2280 5.4302e-01     5.5846      5.662      8.212     4.0519 0.0000e+00
      5.797      0.064    11.1601     85.245     39.833  23.138068     5.0369      8.724   145.1315 5.3456e-01     5.6897      5.691      8.253     4.0506 0.0000e+00
      5.812      0.070    11.1556     85.240     39.852  23.148340     4.9884      8.725   145.6258 5.1894e-01     5.6637      5.702      8.270     4.0486 0.0000e+00
      5.823      0.073    11.1540     85.267     39.811  23.124222     4.8749      8.726   145.8702 5.0338e-01     5.5442      5.706      8.276     4.0479 0.0000e+00
      5.838      0.073    11.1617     85.309     39.775  23.100115     4.8047      8.727   145.5057 5.0789e-01     5.5428      5.722      8.299     4.0455 0.0000e+00
      5.861      0.073    11.1606     85.359     39.804  23.110510     4.8137      8.728   145.0033 5.1045e-01     5.6458      5.747      8.335     4.0425 0.0000e+00
      5.887      0.072    11.1565     85.400     39.836  23.123079     4.9583      8.729   144.7004 4.8855e-01     5.5953      5.775      8.375     4.0414 0.0000e+00
      5.910      0.070    11.1631     85.402     39.846  23.125253     5.1963      8.730   144.3387 4.6297e-01     5.4781      5.799      8.411     4.0427 0.0000e+00
      5.925      0.065    11.1683     85.405     39.869  23.136791     5.3269      8.731   143.3829 4.4562e-01     5.4585      5.812      8.430     4.0403 0.0000e+00
      5.935      0.060    11.1778     85.420     39.871  23.135751     5.3314      8.732   142.2641 4.3159e-01     5.4949      5.818      8.439     4.0290 0.0000e+00
      5.947      0.060    11.1911     85.397     39.837  23.112683     5.2178      8.733   141.8250 4.3337e-01     5.6113      5.831      8.457     4.0207 0.0000e+00
      5.959      0.063    11.1867     85.340     39.842  23.111532     5.0016      8.733   141.6873 4.4214e-01     5.6354      5.845      8.477     4.0171 0.0000e+00
      5.973      0.068    11.1872     85.262     39.867  23.121823     4.8647      8.733   141.8035 4.2837e-01     5.5139      5.854      8.492     4.0141 0.0000e+00
      5.995      0.071    11.1954     85.174     39.852  23.110275     4.8528      8.733   142.2837 3.9630e-01     5.5089      5.877      8.524     4.0131 0.0000e+00
      6.021      0.071    11.1901     85.098     39.833  23.098736     4.9578      8.733   142.2447 3.6940e-01     5.6433      5.908      8.569     4.0095 0.0000e+00
      6.042      0.069    11.1857     85.048     39.850  23.109131     5.1349      8.734   140.7297 3.5518e-01     5.7714      5.928      8.598     4.0021 0.0000e+00
      6.056      0.066    11.1760     85.018     39.848  23.109132     5.2130      8.734   138.5068 3.5194e-01     5.7946      5.939      8.613     3.9962 0.0000e+00
      6.069      0.062    11.1652     85.019     39.828  23.098756     5.1861      8.734   137.5668 3.5365e-01     5.7189      5.951      8.632     3.9929 0.0000e+00
      6.082      0.060    11.1533     85.062     39.846  23.110493     5.1600      8.734   137.5373 3.5834e-01     5.6416      5.965      8.651     3.9926 0.0000e+00
      6.097      0.064    11.1479     85.126     39.866  23.124215     5.1217      8.734   137.8056 3.6333e-01     5.6115      5.979      8.671     3.9943 0.0000e+00
      6.112      0.071    11.1432     85.205     39.885  23.137843     5.0390      8.734   138.5746 3.5376e-01     5.5936      5.993      8.693     3.9956 0.0000e+00
      6.130      0.077    11.1402     85.278     39.898  23.148446     4.9679      8.735   138.9186 3.3802e-01     5.5618      6.009      8.716     3.9971 0.0000e+00
      6.152      0.081    11.1492     85.316     39.853  23.125595     4.9524      8.736   138.6098 3.3212e-01     5.6034      6.031      8.747     3.9987 0.0000e+00
      6.178      0.086    11.1551     85.336     39.828  23.115210     5.0097      8.738   137.6794 3.2960e-01     5.6868      6.059      8.788     4.0013 0.0000e+00
      6.203      0.091    11.1657     85.349     39.882  23.149713     5.1027      8.739   136.3598 3.2008e-01     5.6469      6.087      8.827     4.0055 0.0000e+00
      6.223      0.093    11.1768     85.335     39.895  23.162291     5.1364      8.739   135.6471 3.0294e-01     5.5315      6.103      8.851     4.0089 0.0000e+00
      6.242      0.089    11.1789     85.302     39.845  23.140460     5.1180      8.738   135.6009 2.8227e-01     5.5215      6.117      8.873     4.0121 0.0000e+00
      6.268      0.082    11.1779     85.270     39.835  23.139420     5.0883      8.736   135.7148 2.5790e-01     5.5938      6.145      8.913     4.0191 0.0000e+00
      6.298      0.075    11.1822     85.243     39.849  23.149711     5.0442      8.735   135.7347 2.3989e-01     5.5859      6.179      8.962     4.0211 0.0000e+00
      6.320      0.074    11.1774     85.236     39.824  23.138068     5.0091      8.735   135.7548 2.3253e-01     5.4941      6.202      8.996     4.0260 0.0000e+00
      6.330      0.080    11.1677     85.277     39.803  23.125480     4.9881      8.730   136.0443 2.2159e-01     5.4410      6.209      9.006     4.0400 0.0000e+00
      6.335      0.089    11.1632     85.352     39.812  23.124327     4.8989      8.721   136.1377 2.1095e-01     5.4903      6.210      9.008     4.0433 0.0000e+00
      6.348      0.095    11.1582     85.413     39.829  23.124121     4.7459      8.714   135.6783 2.0947e-01     5.6118      6.217      9.018     4.0456 0.0000e+00
      6.383      0.097    11.1537     85.445     39.844  23.122979     4.6529      8.709   135.3086 2.0426e-01     5.6454      6.250      9.065     4.0515 0.0000e+00
      6.433      0.093    11.1586     85.444     39.832  23.110514     4.6237      8.705   135.1952 2.0371e-01     5.5550      6.315      9.159     4.0513 0.0000e+00
      6.471      0.083    11.1759     85.408     39.817  23.100233     4.6766      8.703   134.9955 2.0512e-01     5.5440      6.358      9.222     4.0433 0.0000e+00
      6.483      0.064    11.1873     85.339     39.859  23.125493     4.8095      8.701   134.9588 1.8760e-01     5.6490      6.358      9.222     4.0266 0.0000e+00
      6.484      0.041    11.1964     85.229     39.917  23.162283     4.8818      8.700   135.6979 1.7674e-01     5.6969      6.357      9.221     4.0138 0.0000e+00
      6.485      0.021    11.1979     85.084     39.914  23.164569     4.8761      8.701   136.7912 1.8379e-01     5.6115      6.361      9.225     4.0081 0.0000e+00
      6.485      0.016    11.1933     84.940     39.888  23.153143     4.8579      8.703   137.2505 1.9460e-01     5.5047      6.359      9.223     4.0059 0.0000e+00
      6.487      0.023    11.1847     84.827     39.881  23.150961     4.8948      8.703   137.2933 1.9265e-01     5.5324      6.361      9.226     4.0075 0.0000e+00
      6.490      0.034    11.1687     84.726     39.858  23.138184     4.9974      8.703   137.2224 1.7678e-01     5.6052      6.363      9.229     4.0119 0.0000e+00
      6.498      0.044    11.1469     84.662     39.838  23.125494     5.0495      8.703   136.6516 1.7306e-01     5.5640      6.369      9.237     4.0176 0.0000e+00
      6.516      0.055    11.1223     84.663     39.837  23.124351     5.0333      8.703   135.9838 1.6948e-01     5.5133      6.388      9.265     4.0228 0.0000e+00
      6.538      0.066    11.1115     84.695     39.837  23.124359     5.0179      8.703   136.8928 1.5903e-01     5.5384      6.414      9.303     4.0251 0.0000e+00
      6.556      0.072    11.0958     84.760     39.839  23.125598     5.0218      8.702   138.8660 1.5911e-01     5.5954      6.431      9.327     4.0245 0.0000e+00
      6.572      0.072    11.0840     84.854     39.857  23.139328     5.0477      8.702   139.7086 1.6198e-01     5.5865      6.441      9.341     4.0235 0.0000e+00
      6.592      0.067    11.0902     84.932     39.886  23.163538     5.0567      8.702   139.7670 1.5468e-01     5.4985      6.463      9.373     4.0225 0.0000e+00
      6.615      0.061    11.0916     84.993     39.872  23.164683     5.0132      8.702   139.8300 1.4890e-01     5.5223      6.491      9.416     4.0226 0.0000e+00
      6.631      0.057    11.1000     85.053     39.841  23.153173     4.9632      8.703   139.3518 1.5455e-01     5.6362      6.506      9.436     4.0218 0.0000e+00
      6.639      0.053    11.1165     85.092     39.830  23.151199     4.9344      8.704   138.4592 1.5526e-01     5.6113      6.509      9.442     4.0236 0.0000e+00
      6.648      0.051    11.1217     85.100     39.811  23.140823     4.9145      8.706   137.9855 1.4456e-01     5.4943      6.518      9.454     4.0364 0.0000e+00
      6.659      0.052    11.1241     85.100     39.839  23.154547     4.9398      8.709   138.4426 1.3160e-01     5.4857      6.529      9.470     4.0491 0.0000e+00
      6.672      0.058    11.1322     85.104     39.905  23.190298     5.0155      8.711   139.5981 1.2831e-01     5.6439      6.541      9.487     4.0562 0.0000e+00
      6.688      0.064    11.1363     85.105     39.912  23.192602     5.0805      8.712   140.4281 1.3350e-01     5.8354      6.557      9.511     4.0634 0.0000e+00
      6.707      0.067    11.1345     85.103     39.894  23.182407     5.0929      8.713   140.6482 1.3631e-01     5.8544      6.577      9.539     4.0640 0.0000e+00
      6.728      0.066    11.1361     85.107     39.909  23.193861     5.0823      8.714   140.6240 1.3669e-01     5.7371      6.597      9.567     4.0587 0.0000e+00
      6.748      0.062    11.1380     85.125     39.919  23.204256     5.1775      8.716   140.4797 1.3776e-01     5.6805      6.618      9.599     4.0552 0.0000e+00
      6.766      0.058    11.1387     85.159     39.868  23.181273     5.3616      8.717   140.4526 1.3627e-01     5.6825      6.638      9.628     4.0532 0.0000e+00
      6.776      0.056    11.1384     85.205     39.833  23.169638     5.4521      8.717   140.1246 1.3042e-01     5.6588      6.647      9.640     4.0526 0.0000e+00
      6.782      0.053    11.1368     85.275     39.858  23.190410     5.4315      8.718   139.3522 1.2663e-01     5.6332      6.648      9.642     4.0568 0.0000e+00
      6.793      0.051    11.1378     85.381     39.838  23.178776     5.3032      8.720   138.7717 1.2520e-01     5.6806      6.659      9.656     4.0623 0.0000e+00
