Data/DataNotYetUploadedToEDI/Raw_CTD/RawDownloads/022326_FCR_50_S7809001.cnv
* Sea-Bird SBE19plus  Data File:
* FileName = C:\R\Reservoirs\Data\DataNotYetUploadedToEDI\Raw_CTD\RawDownloads\051126_FCR_50_S7809_0001.hex
* Software version 2.8.0.119
* Temperature SN = 7809
* Conductivity SN = 7809
* System UpLoad Time = May 11 2026 15:28:56
* <ApplicationData>
* <Seaterm232>
# nquan = 15
# nvalues = 1310                        
# units = specified
# name 0 = depFM: Depth [fresh water, m]
# name 1 = dz/dtM: Descent Rate [m/s]
# name 2 = sbeox0Mg/L: Oxygen, SBE 43 [mg/l]
# name 3 = sbeox0PS: Oxygen, SBE 43 [% saturation]
# name 4 = specc: Specific Conductance [uS/cm]
# name 5 = c0uS/cm: Conductivity [uS/cm]
# name 6 = flECO-AFL: Fluorescence, WET Labs ECO-AFL/FL [mg/m^3]
# name 7 = ph: pH
# name 8 = orp: Oxidation Reduction Potential [mV]
# name 9 = par/sat/log: PAR/Logarithmic, Satlantic
# name 10 = turbWETntu0: Turbidity, WET Labs ECO [NTU]
# name 11 = prdM: Pressure, Strain Gauge [db]
# name 12 = prdE: Pressure, Strain Gauge [psi]
# name 13 = tv290C: Temperature [ITS-90, deg C]
# name 14 = flag:  0.000e+00
# span 0 =     -0.703,      9.559       
# span 1 =     -0.044,      0.237       
# span 2 =     7.0942,    13.1711       
# span 3 =     54.571,    100.402       
# span 4 =      0.934,    154.750       
# span 5 =   0.579700,  90.446650       
# span 6 =    -0.1108,     6.6691       
# span 7 =      5.700,      9.509       
# span 8 = -1240.7455,   230.8394       
# span 9 = 1.2365e-01, 1.7466e+03       
# span 10 =     0.0539,    81.5777      
# span 11 =     -0.689,      9.375      
# span 12 =     -0.999,     13.597      
# span 13 =     3.9926,     6.1420      
# span 14 = 0.0000e+00, 0.0000e+00      
# interval = seconds: 0.25
# start_time = Feb 23 2026 14:06:14 [Instrument's time stamp, header]
# bad_flag = -9.990e-29
*END*
[from data line 675]
      2.860      0.035    11.1047     85.028     39.878  23.193043     5.7923      8.446   183.1959 2.0615e+01     5.6068      2.805      4.068     4.0784 0.0000e+00
      2.868      0.035    11.1114     85.013     39.837  23.169993     5.8896      8.447   183.5345 2.0464e+01     5.6748      2.812      4.079     4.0787 0.0000e+00
      2.875      0.036    11.1212     85.040     39.856  23.182657     6.0496      8.449   184.0908 2.0316e+01     5.7158      2.818      4.088     4.0796 0.0000e+00
      2.883      0.036    11.1255     85.093     39.916  23.219342     6.1364      8.451   183.6413 2.0123e+01     5.7262      2.827      4.101     4.0786 0.0000e+00
      2.893      0.036    11.1216     85.128     39.932  23.233063     6.1399      8.452   182.3153 1.9830e+01     5.7332      2.837      4.114     4.0779 0.0000e+00
      2.904      0.037    11.1154     85.158     39.905  23.221732     5.9835      8.454   181.6533 1.9469e+01     5.7314      2.846      4.128     4.0799 0.0000e+00
      2.914      0.039    11.1203     85.226     39.879  23.209172     5.6526      8.454   181.6590 1.9109e+01     5.6361      2.860      4.147     4.0815 0.0000e+00
      2.924      0.040    11.1298     85.290     39.875  23.208030     5.4516      8.456   181.8680 1.8740e+01     5.5372      2.868      4.160     4.0835 0.0000e+00
      2.933      0.041    11.1323     85.309     39.877  23.207927     5.4425      8.458   182.3735 1.8263e+01     5.5609      2.874      4.169     4.0899 0.0000e+00
      2.943      0.041    11.1286     85.292     39.878  23.207917     5.5007      8.458   182.6944 1.7663e+01     5.6493      2.885      4.185     4.0963 0.0000e+00
      2.954      0.041    11.1416     85.247     39.876  23.207915     5.5973      8.459   182.3927 1.7126e+01     5.6833      2.897      4.202     4.0991 0.0000e+00
      2.966      0.041    11.1521     85.217     39.871  23.207905     5.6535      8.460   181.7364 1.6750e+01     5.6648      2.908      4.217     4.1010 0.0000e+00
      2.979      0.039    11.1519     85.217     39.871  23.207800     5.6643      8.462   181.2980 1.6560e+01     5.6993      2.922      4.238     4.0994 0.0000e+00
      2.989      0.036    11.1532     85.224     39.873  23.206638     5.8445      8.463   181.0504 1.6589e+01     5.7578      2.933      4.254     4.0957 0.0000e+00
      2.996      0.031    11.1424     85.239     39.855  23.193862     6.1685      8.464   180.7223 1.6717e+01     5.6901      2.937      4.260     4.0986 0.0000e+00
      3.003      0.027    11.1362     85.271     39.835  23.180151     6.3188      8.466   180.5142 1.6819e+01     5.5299      2.946      4.271     4.1043 0.0000e+00
      3.010      0.025    11.1387     85.298     39.816  23.167679     6.3289      8.467   180.5130 1.6899e+01     5.4935      2.953      4.284     4.1041 0.0000e+00
      3.014      0.024    11.1403     85.310     39.822  23.169880     6.3329      8.468   180.6222 1.6909e+01     5.5579      2.955      4.286     4.1000 0.0000e+00
      3.018      0.025    11.1415     85.296     39.887  23.206765     6.3010      8.470   180.9739 1.6799e+01     5.5910      2.959      4.291     4.0964 0.0000e+00
      3.025      0.025    11.1493     85.243     39.932  23.233178     6.2514      8.471   181.2374 1.6617e+01     5.5870      2.966      4.302     4.0940 0.0000e+00
      3.033      0.026    11.1528     85.189     39.935  23.235579     6.2150      8.472   180.9693 1.6432e+01     5.5093      2.974      4.314     4.0925 0.0000e+00
      3.042      0.029    11.1545     85.162     39.932  23.235797     6.2186      8.473   180.5722 1.6283e+01     5.5057      2.984      4.328     4.0915 0.0000e+00
      3.048      0.031    11.1563     85.154     39.924  23.235816     6.2621      8.474   180.3074 1.6143e+01     5.5778      2.990      4.336     4.0900 0.0000e+00
      3.054      0.032    11.1452     85.149     39.912  23.235809     6.2913      8.475   180.0053 1.6011e+01     5.5268      2.995      4.343     4.0891 0.0000e+00
      3.062      0.032    11.1370     85.141     39.899  23.235719     6.2807      8.476   179.7573 1.5843e+01     5.4692      3.002      4.354     4.0905 0.0000e+00
      3.071      0.033    11.1335     85.158     39.889  23.234730     6.2673      8.478   180.3213 1.5593e+01     5.4626      3.012      4.368     4.0927 0.0000e+00
      3.081      0.038    11.1315     85.213     39.866  23.223856     6.2793      8.481   181.2315 1.5356e+01     5.4806      3.022      4.383     4.0979 0.0000e+00
      3.090      0.047    11.1290     85.259     39.882  23.231079     6.3083      8.483   181.1262 1.5213e+01     5.5847      3.031      4.396     4.1080 0.0000e+00
      3.098      0.057    11.1234     85.273     39.935  23.258647     6.3105      8.484   180.5957 1.5067e+01     5.6283      3.037      4.405     4.1180 0.0000e+00
      3.110      0.066    11.1214     85.259     39.908  23.240105     6.2646      8.484   180.2385 1.4752e+01     5.5972      3.046      4.417     4.1245 0.0000e+00
      3.130      0.071    11.1318     85.229     39.844  23.197120     6.0690      8.482   179.6466 1.4267e+01     5.6871      3.066      4.447     4.1286 0.0000e+00
      3.158      0.072    11.1399     85.184     39.831  23.182817     5.7432      8.479   178.8601 1.3759e+01     5.7932      3.097      4.492     4.1242 0.0000e+00
      3.185      0.067    11.1421     85.110     39.856  23.193991     5.5632      8.476   178.9886 1.3385e+01     5.7874      3.127      4.535     4.1182 0.0000e+00
      3.203      0.059    11.1411     85.050     39.875  23.205393     5.5401      8.472   179.9959 1.3200e+01     5.7536      3.145      4.562     4.1191 0.0000e+00
      3.212      0.050    11.1371     85.011     39.855  23.193852     5.5221      8.470   180.3700 1.3097e+01     5.7260      3.151      4.570     4.1101 0.0000e+00
      3.216      0.043    11.1397     84.950     39.840  23.181272     5.5048      8.469   180.3288 1.2994e+01     5.7275      3.155      4.575     4.0969 0.0000e+00
      3.221      0.038    11.1256     84.893     39.851  23.180121     5.4885      8.469   180.2714 1.2838e+01     5.6686      3.158      4.580     4.0939 0.0000e+00
      3.230      0.037    11.1158     84.860     39.861  23.179923     5.4667      8.470   179.6763 1.2557e+01     5.5260      3.166      4.591     4.0966 0.0000e+00
      3.245      0.040    11.1164     84.844     39.860  23.178874     5.4586      8.471   178.8987 1.2235e+01     5.4723      3.182      4.617     4.0990 0.0000e+00
      3.260      0.046    11.1048     84.849     39.840  23.167439     5.4735      8.471   178.6125 1.2018e+01     5.5664      3.200      4.641     4.0945 0.0000e+00
      3.268      0.055    11.1012     84.868     39.848  23.168488     5.4961      8.472   179.1406 1.1910e+01     5.7414      3.207      4.651     4.0812 0.0000e+00
      3.275      0.066    11.1013     84.897     39.897  23.191548     5.4993      8.473   180.2943 1.1747e+01     5.8118      3.209      4.654     4.0703 0.0000e+00
      3.290      0.078    11.0969     84.932     39.905  23.192596     5.4702      8.472   181.1183 1.1437e+01     5.7347      3.223      4.674     4.0734 0.0000e+00
      3.313      0.092    11.0979     84.954     39.888  23.181162     5.3445      8.467   181.3606 1.1054e+01     5.6966      3.247      4.710     4.0781 0.0000e+00
      3.343      0.102    11.1014     84.945     39.888  23.180122     5.1362      8.456   181.1583 1.0602e+01     5.7275      3.277      4.753     4.0715 0.0000e+00
      3.377      0.106    11.1088     84.944     39.889  23.180018     4.9993      8.436   180.6522 1.0085e+01     5.6639      3.311      4.802     4.0606 0.0000e+00
      3.411      0.101    11.1149     84.989     39.890  23.179906     4.9625      8.413   180.4034 9.5466e+00     5.5422      3.347      4.854     4.0579 0.0000e+00
      3.440      0.091    11.1195     85.024     39.891  23.178761     5.0568      8.393   180.3870 8.9915e+00     5.5196      3.378      4.900     4.0581 0.0000e+00
      3.459      0.077    11.1179     85.009     39.871  23.166184     5.2578      8.378   180.5405 8.4000e+00     5.5617      3.394      4.922     4.0542 0.0000e+00
      3.472      0.063    11.1119     84.981     39.851  23.154654     5.3784      8.370   180.8815 7.7785e+00     5.5729      3.403      4.935     4.0545 0.0000e+00
      3.485      0.052    11.1249     84.988     39.869  23.166184     5.3916      8.366   180.9829 7.2255e+00     5.5188      3.420      4.959     4.0544 0.0000e+00
      3.495      0.045    11.1315     85.008     39.887  23.178771     5.4015      8.365   180.7341 6.7410e+00     5.5222      3.429      4.973     4.0513 0.0000e+00
      3.504      0.044    11.1279     85.017     39.885  23.180019     5.4386      8.366   180.6266 6.3319e+00     5.6145      3.433      4.981     4.0510 0.0000e+00
      3.515      0.046    11.1197     85.016     39.880  23.181266     5.4412      8.368   180.6296 6.2411e+00     5.6099      3.448      5.002     4.0505 0.0000e+00
      3.525      0.047    11.1234     84.996     39.888  23.193853     5.4163      8.369   179.8236 6.5793e+00     5.5000      3.457      5.014     4.0509 0.0000e+00
      3.535      0.045    11.1271     85.012     39.894  23.205382     5.3870      8.370   178.5385 7.0486e+00     5.4478      3.463      5.023     4.0545 0.0000e+00
      3.552      0.041    11.1248     85.109     39.868  23.193852     5.3366      8.371   178.2555 7.3501e+00     5.5251      3.483      5.052     4.0568 0.0000e+00
      3.569      0.034    11.1276     85.220     39.847  23.181274     5.3228      8.373   178.8118 7.4971e+00     5.6487      3.505      5.084     4.0606 0.0000e+00
      3.576      0.026    11.1170     85.300     39.852  23.180131     5.3213      8.376   179.1556 7.5864e+00     5.6442      3.510      5.089     4.0725 0.0000e+00
      3.577      0.018    11.1108     85.379     39.858  23.180028     5.2928      8.379   179.3149 7.6769e+00     5.5048      3.508      5.088     4.0848 0.0000e+00
      3.578      0.009    11.1282     85.429     39.861  23.180019     5.3020      8.383   179.6192 7.8143e+00     5.4323      3.509      5.090     4.0898 0.0000e+00
      3.578      0.003    11.1472     85.420     39.864  23.180028     5.3410      8.387   179.2212 7.9637e+00     5.4503      3.509      5.089     4.0880 0.0000e+00
      3.578      0.001    11.1530     85.391     39.867  23.180132     5.3495      8.389   178.0307 8.0625e+00     5.4499      3.509      5.090     4.0818 0.0000e+00
      3.579      0.001    11.1696     85.361     39.870  23.181276     5.3212      8.391   177.7868 8.1051e+00     5.3930      3.510      5.090     4.0769 0.0000e+00
      3.579      0.001    11.1784     85.301     39.892  23.193854     5.2482      8.394   178.5089 8.1125e+00     5.3427      3.510      5.090     4.0748 0.0000e+00
      3.580      0.002    11.1746     85.239     39.911  23.205384     5.1747      8.397   178.9321 8.1127e+00     5.4574      3.510      5.091     4.0726 0.0000e+00
      3.580      0.004    11.1693     85.183     39.890  23.193865     5.1651      8.399   179.2046 8.1348e+00     5.6520      3.510      5.091     4.0702 0.0000e+00
      3.580      0.004    11.1705     85.112     39.866  23.181401     5.1570      8.400   179.6525 8.1824e+00     5.6810      3.511      5.092     4.0696 0.0000e+00
      3.582      0.004    11.1589     85.073     39.862  23.181514     5.0684      8.403   179.9590 8.2297e+00     5.6022      3.512      5.094     4.0700 0.0000e+00
      3.585      0.004    11.1492     85.071     39.881  23.195235     4.9339      8.405   179.5548 8.2629e+00     5.6225      3.516      5.099     4.0699 0.0000e+00
      3.587      0.004    11.1474     85.062     39.921  23.220477     4.8629      8.408   178.6375 8.2825e+00     5.6870      3.517      5.101     4.0704 0.0000e+00
      3.587      0.003    11.1306     85.049     39.940  23.233055     4.8762      8.411   178.3321 8.2962e+00     5.6648      3.517      5.101     4.0724 0.0000e+00
      3.587      0.002    11.1250     85.057     39.914  23.220487     4.9359      8.414   178.5300 8.3060e+00     5.5590      3.518      5.102     4.0767 0.0000e+00
      3.587      0.001    11.1273     85.081     39.866  23.195349     5.0265      8.417   178.7067 8.3069e+00     5.5355      3.517      5.101     4.0808 0.0000e+00
      3.587      0.001    11.1251     85.116     39.842  23.182771     5.0983      8.420   179.0061 8.3029e+00     5.6533      3.518      5.102     4.0822 0.0000e+00
      3.588      0.001    11.1203     85.153     39.863  23.195236     5.1301      8.421   179.1390 8.2858e+00     5.6513      3.518      5.103     4.0827 0.0000e+00
      3.588      0.001    11.1226     85.186     39.904  23.219239     5.3115      8.423   178.8500 8.2682e+00     5.5109      3.518      5.103     4.0865 0.0000e+00
      3.588      0.001    11.1229     85.215     39.901  23.219332     5.6760      8.426   178.3520 8.2694e+00     5.4256      3.519      5.103     4.0922 0.0000e+00
      3.588      0.001    11.1284     85.240     39.858  23.196367     5.9085      8.429   177.9359 8.2796e+00     5.4394      3.519      5.103     4.0931 0.0000e+00
      3.588      0.001    11.1336     85.249     39.854  23.195225     5.9662      8.431   177.6904 8.2941e+00     5.5403      3.519      5.104     4.0919 0.0000e+00
      3.588      0.001    11.1378     85.205     39.872  23.205517     5.9579      8.432   177.4479 8.3052e+00     5.5869      3.519      5.103     4.0926 0.0000e+00
      3.589      0.002    11.1414     85.139     39.854  23.193979     5.8504      8.435   177.1561 8.3086e+00     5.5241      3.519      5.104     4.0944 0.0000e+00
      3.589      0.005    11.1423     85.107     39.833  23.182544     5.7231      8.438   176.9147 8.3105e+00     5.5332      3.519      5.104     4.0978 0.0000e+00
      3.589      0.012    11.1479     85.118     39.851  23.194091     5.6844      8.441   176.9378 8.3028e+00     5.6290      3.520      5.105     4.1006 0.0000e+00
      3.590      0.023    11.1392     85.153     39.875  23.206774     5.6810      8.445   177.2634 8.2821e+00     5.6575      3.520      5.106     4.0993 0.0000e+00
      3.592      0.038    11.1278     85.189     39.880  23.209060     5.6159      8.446   177.4114 8.2274e+00     5.5694      3.521      5.107     4.0963 0.0000e+00
      3.601      0.050    11.1238     85.244     39.899  23.221734     5.5136      8.444   177.2635 8.0876e+00     5.4864      3.527      5.116     4.0986 0.0000e+00
      3.620      0.057    11.1246     85.328     39.915  23.233179     5.4760      8.442   177.0242 7.8576e+00     5.5425      3.545      5.142     4.1012 0.0000e+00
      3.648      0.059    11.1324     85.411     39.892  23.220621     5.4938      8.441   176.7555 7.6373e+00     5.6322      3.580      5.191     4.0981 0.0000e+00
      3.671      0.056    11.1362     85.469     39.849  23.196722     5.4131      8.440   176.5950 7.5259e+00     5.6143      3.606      5.230     4.0964 0.0000e+00
      3.682      0.049    11.1407     85.492     39.848  23.197875     5.2409      8.440   176.5474 7.4772e+00     5.5997      3.612      5.239     4.0996 0.0000e+00
      3.687      0.040    11.1538     85.500     39.908  23.234560     5.1513      8.441   176.7820 7.4176e+00     5.6951      3.615      5.243     4.1032 0.0000e+00
      3.692      0.034    11.1647     85.513     39.949  23.259802     5.1456      8.442   177.1943 7.3623e+00     5.7773      3.621      5.251     4.1033 0.0000e+00
      3.697      0.034    11.1734     85.525     39.928  23.249416     5.1300      8.444   177.3168 7.3263e+00     5.7048      3.625      5.258     4.1041 0.0000e+00
      3.704      0.040    11.1737     85.525     39.901  23.235809     5.0871      8.447   177.3159 7.2586e+00     5.5363      3.630      5.265     4.1078 0.0000e+00
      3.715      0.048    11.1731     85.520     39.875  23.222107     5.0695      8.450   177.3559 7.1252e+00     5.5161      3.642      5.282     4.1092 0.0000e+00
