Data/DataNotYetUploadedToEDI/Raw_CTD/RawDownloads/022422_fcr.cnv
* Sea-Bird SBE19plus  Data File:
* FileName = C:\R\Reservoirs\Data\DataNotYetUploadedToEDI\Raw_CTD\RawDownloads\022422_bvr_0002.hex
* Software version 2.8.0.119
* Temperature SN = 7809
* Conductivity SN = 7809
* System UpLoad Time = Feb 24 2022 15:40:28
* <ApplicationData>
* <Seaterm232>
# nquan = 16
# nvalues = 1882                        
# units = specified
# name 0 = depFM: Depth [fresh water, m]
# name 1 = dz/dtM: Descent Rate [m/s]
# name 2 = orp: Oxidation Reduction Potential [mV]
# name 3 = sbeox0Mg/L: Oxygen, SBE 43 [mg/l]
# name 4 = sbeox0PS: Oxygen, SBE 43 [% saturation]
# name 5 = par/sat/log: PAR/Logarithmic, Satlantic
# name 6 = ph: pH
# name 7 = specc: Specific Conductance [uS/cm]
# name 8 = c0uS/cm: Conductivity [uS/cm]
# name 9 = flECO-AFL: Fluorescence, WET Labs ECO-AFL/FL [mg/m^3]
# name 10 = turbWETntu0: Turbidity, WET Labs ECO [NTU]
# name 11 = tv290C: Temperature [ITS-90, deg C]
# name 12 = density00: Density [density, kg/m^3]
# name 13 = prdE: Pressure, Strain Gauge [psi]
# name 14 = prdM: Pressure, Strain Gauge [db]
# name 15 = flag:  0.000e+00
# span 0 =     -0.601,      9.866       
# span 1 =     -2.978,      0.150       
# span 2 =   252.0237,   742.8925       
# span 3 =  -146.4500,    22.4814       
# span 4 =      1.510,    103.826       
# span 5 = 1.2361e-01, 9.2421e+01       
# span 6 =      3.728,      7.552       
# span 7 =      0.652,    518.950       
# span 8 =   0.338805, 312.040586       
# span 9 =    -0.1824,    57.5132       
# span 10 =    -0.4098,   285.1321      
# span 11 =     0.8931,     6.8384      
# span 12 =   999.8930,  1000.2073      
# span 13 =     -0.855,     14.034      
# span 14 =     -0.590,      9.676      
# span 15 = 0.0000e+00, 0.0000e+00      
# interval = seconds: 0.25
# start_time = Feb 24 2022 10:28:35 [Instrument's time stamp, header]
# bad_flag = -9.990e-29
*END*
[from data line 1447]
      9.864     -0.000   367.5198     2.8013     18.084 1.2382e-01      7.030    474.859 286.319263     6.6687     2.8307     5.1416  1000.1900     14.029      9.673 0.0000e+00
      9.864 -1.847e-08   368.6821     2.6439     17.229 1.2381e-01      7.033    474.167 285.913609     6.6494     2.7960     5.1429  1000.1897     14.030      9.673 0.0000e+00
      9.863 -2.032e-07   369.4348     2.4932     16.253 1.2375e-01      7.034    473.476 285.509411     6.6416     2.7294     5.1442  1000.1893     14.029      9.672 0.0000e+00
      9.863 -1.863e-07   369.1352     2.3980     15.146 1.2381e-01      7.036    472.869 285.155628     6.6491     2.6740     5.1454  1000.1890     14.029      9.672 0.0000e+00
      9.863 -1.400e-10   367.8126     2.3006     14.037 1.2387e-01      7.039    472.337 284.845897     6.6566     2.7069     5.1467  1000.1888     14.029      9.673 0.0000e+00
      9.863 -1.540e-09   366.4355     2.1930     13.049 1.2387e-01      7.042    471.893 284.589105     6.6493     2.7863     5.1478  1000.1885     14.028      9.672 0.0000e+00
      9.863 -1.694e-08   365.6490     2.0740     12.216 1.2387e-01      7.044    471.498 284.361794     6.6435     2.8143     5.1491  1000.1882     14.029      9.672 0.0000e+00
      9.863 -1.863e-07   365.5310     1.9226     11.523 1.2391e-01      7.045    471.133 284.151715     6.6448     2.7713     5.1505  1000.1880     14.028      9.672 0.0000e+00
      9.863 -1.863e-07   366.4707     1.7770     10.937 1.2394e-01      7.048    470.825 283.974862     6.6491     2.7114     5.1516  1000.1877     14.028      9.672 0.0000e+00
      9.863 -1.693e-08   367.8051     1.6501     10.373 1.2393e-01      7.051    470.570 283.828310     6.6699     2.7048     5.1528  1000.1875     14.028      9.672 0.0000e+00
      9.862 -1.539e-09   368.7587     1.5456      9.786 1.2389e-01      7.054    470.286 283.663623     6.7052     2.7257     5.1540  1000.1873     14.028      9.672 0.0000e+00
      9.862 -1.400e-10   369.3966     1.4580      9.237 1.2387e-01      7.056    469.938 283.460049     6.7257     2.7243     5.1550  1000.1871     14.028      9.672 0.0000e+00
      9.863 -1.272e-11   369.3228     1.3876      8.727 1.2385e-01      7.058    469.650 283.292655     6.7188     2.6882     5.1559  1000.1870     14.029      9.672 0.0000e+00
      9.863 -1.157e-12   368.3828     1.3221      8.236 1.2382e-01      7.060    469.457 283.180259     6.7047     2.6651     5.1568  1000.1869     14.029      9.672 0.0000e+00
      9.863 -1.071e-13   366.9789     1.2384      7.774 1.2382e-01      7.061    469.158 282.999747     6.6965     2.6844     5.1575  1000.1867     14.028      9.672 0.0000e+00
      9.863 -3.098e-14   365.8569     1.1714      7.302 1.2387e-01      7.062    467.521 282.008748     6.6950     2.7169     5.1580  1000.1867     14.028      9.672 0.0000e+00
      9.862 -2.364e-13   366.0026     1.1091      6.821 1.2385e-01      7.065    452.581 272.995464     6.7111     2.7502     5.1588  1000.1864     14.028      9.672 0.0000e+00
      9.862 -2.591e-12   367.4500     1.0423      6.349 1.2378e-01      7.069    413.650 249.512791     6.8086     2.7794     5.1595  1000.1866     14.027      9.671 0.0000e+00
      9.862 -2.850e-11   368.9887     0.9897      5.864 1.2375e-01      7.071    372.584 224.743799     6.9661     2.7959     5.1592  1000.1861     14.027      9.671 0.0000e+00
      9.862 -3.135e-10   369.5500     0.9278      5.394 1.2376e-01      7.073    353.184 213.047232     7.0418     2.7799     5.1586  1000.1868     14.028      9.672 0.0000e+00
      9.862 -3.449e-09   369.5045     0.8644      4.983 1.2382e-01      7.075    351.630 212.119425     7.0421     2.7899     5.1585  1000.1851     14.027      9.671 0.0000e+00
      9.862 -3.794e-08   369.2133     0.8088      4.610 1.2385e-01      7.076    375.890 226.766709     6.9696     2.8154     5.1586  1000.1656     14.028      9.672 0.0000e+00
      9.862 -4.173e-07   368.0069     0.7442      4.218 1.2384e-01      7.079    414.293 249.947648     6.8148     2.7805     5.1588  1000.1439     14.027      9.671 0.0000e+00
      9.862     -0.000   366.4471     0.6820      3.811 1.2384e-01      7.081    410.391 247.605848     6.7268     2.7435     5.1594  1000.1413     14.027      9.671 0.0000e+00
      9.862     -0.000   365.8417     0.6304      3.469 1.2380e-01      7.082    366.924 221.391966     6.7127     2.7095     5.1609  1000.1378     14.028      9.672 0.0000e+00
      9.862     -0.001   366.5379     0.5874      3.212 1.2377e-01      7.083    338.522 204.265309     6.6614     2.6765     5.1626  1000.1441     14.027      9.671 0.0000e+00
      9.862     -0.001   367.2069     0.5377      2.990 1.2383e-01      7.086    333.334 201.143986     6.5813     2.7208     5.1642  1000.1749     14.027      9.671 0.0000e+00
      9.862     -0.002   367.1334     0.4799      2.778 1.2387e-01      7.087    335.918 202.709342     6.5431     2.7673     5.1660  1000.1718     14.027      9.672 0.0000e+00
      9.861     -0.004   367.4562     0.4358      2.585 1.2381e-01      7.087    355.021 214.240625     6.5323     2.7594     5.1676  1000.1410     14.026      9.671 0.0000e+00
      9.860     -0.007   367.5819     0.4072      2.411 1.2376e-01      7.090    400.102 241.446791     6.3757     2.7967     5.1691  1000.1328     14.024      9.669 0.0000e+00
      9.859     -0.012   366.2448     0.3798      2.242 1.2380e-01      7.099    445.502 268.843647     6.0898     2.8426     5.1704  1000.1344     14.024      9.669 0.0000e+00
      9.856     -0.018   363.6791     0.3519      2.107 1.2382e-01      7.117    464.626 280.381761     5.9380     2.8022     5.1714  1000.1333     14.021      9.667 0.0000e+00
      9.851     -0.029   360.2214     0.3267      2.029 1.2380e-01      7.144    467.114 281.879895     5.9140     2.7185     5.1718  1000.1367     14.014      9.662 0.0000e+00
      9.844     -0.050   356.7021     0.3066      1.975 1.2378e-01      7.172    467.340 282.015385     5.8328     2.6500     5.1719  1000.1592     14.002      9.654 0.0000e+00
      9.836     -0.076   354.8544     0.2841      1.954 1.2380e-01      7.200    467.345 282.019965     5.7050     2.6233     5.1719  1000.1829     13.988      9.645 0.0000e+00
      9.824     -0.093   354.9175     0.2624      1.961 1.2383e-01      7.235    467.195 281.935293     5.6424     2.6342     5.1716  1000.1859     13.982      9.640 0.0000e+00
      9.793     -0.092   353.9371     0.2592      1.987 1.2382e-01      7.284    466.894 281.761855     5.6256     2.6109     5.1712  1000.1848     13.945      9.615 0.0000e+00
      9.739     -0.074   339.3861     0.2481      2.035 1.2378e-01      7.338    465.964 281.206662     5.6180     2.6497     5.1710  1000.1850     13.851      9.550 0.0000e+00
      9.691     -0.049   308.3863     0.2465      2.060 1.2379e-01      7.383    464.026 280.036231     5.6425     2.7954     5.1713  1000.1844     13.759      9.486 0.0000e+00
      9.684     -0.022   281.8071     0.2497      2.047 1.2380e-01      7.416    462.195 278.906170     5.6719     2.8697     5.1717  1000.1844     13.748      9.479 0.0000e+00
      9.716      0.003   268.1354     0.2486      2.007 1.2372e-01      7.438    461.213 278.261126     5.6815     2.9330     5.1730  1000.1845     13.822      9.530 0.0000e+00
      9.748      0.013   260.6125     0.2615      1.960 1.2371e-01      7.454    458.649 276.665216     5.6594     3.1175     5.1736  1000.1846     13.881      9.571 0.0000e+00
      9.758     -0.006   257.5288     0.2623      1.903 1.2381e-01      7.470    443.294 267.374789     5.6123     3.3233     5.1742  1000.1835     13.882      9.572 0.0000e+00
      9.755     -0.056   257.1787     0.2622      1.843 1.2386e-01      7.489    406.233 245.002169     5.5788     3.4059     5.1725  1000.1828     13.876      9.567 0.0000e+00
      9.742     -0.119   256.9817     0.2544      1.795 1.2385e-01      7.509    371.939 224.304713     5.5618     3.3996     5.1644  1000.1824     13.870      9.564 0.0000e+00
      9.705     -0.173   256.2657     0.2492      1.703 1.2379e-01      7.526    365.094 220.184316     5.4481     3.4173     5.1587  1000.1830     13.822      9.529 0.0000e+00
      9.638     -0.208   255.9208     0.2434      1.580 1.2377e-01      7.538    330.017 199.053816     5.2356     3.4151     5.1563  1000.1797     13.717      9.458 0.0000e+00
      9.555     -0.226   256.2534     0.2307      1.510 1.2380e-01      7.547    219.801 132.586065     5.1240     3.3727     5.1541  1000.1619     13.585      9.366 0.0000e+00
      9.479     -0.228   256.7593     0.2320      1.515 1.2381e-01      7.551    111.361  67.160004     5.1311     3.3836     5.1510  1000.1388     13.471      9.288 0.0000e+00
      9.423     -0.214   257.2196     0.2191      1.557 1.2381e-01      7.552     67.721  40.804711     5.1877     3.4431     5.1513  1000.1469     13.396      9.237 0.0000e+00
      9.380     -0.188   257.6888     0.1964      1.647 1.2381e-01      7.552     57.428  34.561185     5.2844     3.5465     5.1583  1000.1495     13.340      9.198 0.0000e+00
      9.341     -0.162   257.9580     0.1888      2.300 1.2385e-01      7.551     51.238  30.798930     5.3430     3.6434     5.1622  1000.0867     13.285      9.160 0.0000e+00
      9.303     -0.145   257.8934     0.1902      4.799 1.2388e-01      7.549     46.790  28.095944     5.3465     3.6576     5.1531  1000.0353     13.229      9.121 0.0000e+00
      9.270     -0.140   257.5963     0.1999     10.351 1.2380e-01      7.549     43.916  26.350490     5.3352     3.6504     5.1246  1000.0315     13.180      9.088 0.0000e+00
      9.241     -0.142   256.8613     0.1989     19.043 1.2369e-01      7.549     42.061  25.224967     5.2572     3.4884     5.0860  1000.0303     13.143      9.062 0.0000e+00
      9.211     -0.151   255.9755     0.2106     29.712 1.2368e-01      7.548     41.291  24.755438     5.1274     3.1674     5.0488  1000.0283     13.107      9.036 0.0000e+00
      9.171     -0.164   255.5770     0.4633     40.658 1.2376e-01      7.546     41.046  24.603158     5.0720     3.0144     5.0175  1000.0272     13.049      8.997 0.0000e+00
      9.125     -0.180   255.9144     1.1677     50.614 1.2384e-01      7.545     40.603  24.334430     5.0786     3.3115     4.9960  1000.0264     12.979      8.948 0.0000e+00
      9.075     -0.196   256.0968     2.3398     59.250 1.2386e-01      7.543     40.437  24.231546     5.1078     7.0674     4.9826  1000.0257     12.910      8.900 0.0000e+00
      9.022     -0.206   255.8029     3.7889     66.546 1.2380e-01      7.541     40.677  24.373274     5.1578    13.9943     4.9742  1000.0254     12.836      8.851 0.0000e+00
      8.964     -0.210   255.8893     5.2535     72.242 1.2377e-01      7.539     40.830  24.463590     5.1768    17.7543     4.9685  1000.0253     12.750      8.791 0.0000e+00
      8.905     -0.206   256.0231     6.5321     76.363 1.2382e-01      7.538     40.785  24.436249     5.1789    17.7889     4.9646  1000.0248     12.663      8.731 0.0000e+00
      8.850     -0.194   255.6995     7.6205     79.172 1.2382e-01      7.537     40.658  24.359590     5.2404    14.0367     4.9613  1000.0245     12.587      8.679 0.0000e+00
      8.799     -0.171   255.1596     8.5881     81.000 1.2379e-01      7.537     40.449  24.233881     5.3379     7.0244     4.9583  1000.0244     12.514      8.628 0.0000e+00
      8.753     -0.140   254.6578     9.3046     82.251 1.2383e-01      7.538     40.154  24.057118     5.3835     3.1671     4.9567  1000.0243     12.447      8.581 0.0000e+00
      8.716     -0.101   253.6764     9.8192     83.149 1.2383e-01      7.540     39.842  23.870184     5.4010     2.8217     4.9561  1000.0241     12.392      8.544 0.0000e+00
      8.694     -0.055   252.2417    10.1689     83.769 1.2378e-01      7.541     39.637  23.748241     5.5329     3.0196     4.9555  1000.0238     12.356      8.519 0.0000e+00
      8.688      0.000   252.0237    10.3739     84.062 1.2374e-01      7.543     39.700  23.786879     5.7638     3.4082     4.9549  1000.0239     12.351      8.516 0.0000e+00
      8.693      0.055   253.0195    10.5325     84.034 1.2372e-01      7.546     40.511  24.273979     5.8866     3.6262     4.9546  1000.0237     12.362      8.524 0.0000e+00
      8.708      0.094   254.3868    10.6378     83.807 1.2376e-01      7.547     45.126  27.039242     5.8861     3.7765     4.9550  1000.0237     12.371      8.530 0.0000e+00
      8.748      0.110   255.9938    10.7253     83.523 1.2383e-01      7.547     51.274  30.723229     5.6743     4.8490     4.9562  1000.0236     12.424      8.566 0.0000e+00
      8.810      0.109   257.0492    10.7613     83.313 1.2387e-01      7.547     52.004  31.161837     5.2572     6.7558     4.9577  1000.0243     12.539      8.645 0.0000e+00
      8.861      0.095   256.5642    10.7503     83.267 1.2383e-01      7.546     50.380  30.189839     5.0119     7.7704     4.9585  1000.0241     12.630      8.707 0.0000e+00
      8.873      0.069   254.7765    10.7150     83.257 1.2380e-01      7.544     50.914  30.510258     4.9810     7.8256     4.9584  1000.0256     12.633      8.710 0.0000e+00
      8.864      0.032   253.5884    10.6727     82.893 1.2382e-01      7.541     52.119  31.232076     4.9764     7.7988     4.9589  1000.0300     12.599      8.687 0.0000e+00
      8.862     -0.005   254.1585    10.6401     81.877 1.2382e-01      7.540     51.613  30.929006     4.9052     7.4463     4.9598  1000.0287     12.602      8.689 0.0000e+00
      8.865     -0.031   255.5600    10.6355     80.205 1.2382e-01      7.537     49.242  29.508362     4.7696     6.7745     4.9606  1000.0276     12.618      8.700 0.0000e+00
      8.856     -0.046   256.5093    10.6606     78.186 1.2381e-01      7.535     47.364  28.382891     4.6847     6.4745     4.9610  1000.0283     12.603      8.689 0.0000e+00
      8.837     -0.059   256.7750    10.6257     76.238 1.2380e-01      7.533     45.620  27.337535     4.6688     6.4835     4.9612  1000.0287     12.568      8.665 0.0000e+00
      8.818     -0.074   256.8790    10.4986     74.624 1.2377e-01      7.530     43.383  25.996864     4.7274     6.0631     4.9613  1000.0289     12.540      8.646 0.0000e+00
      8.800     -0.085   257.5946    10.2677     73.410 1.2370e-01      7.528     42.315  25.357220     4.8369     5.2859     4.9612  1000.0270     12.520      8.632 0.0000e+00
      8.776     -0.091   258.9748     9.9881     72.658 1.2373e-01      7.525     42.657  25.561871     4.8858     4.8400     4.9611  1000.0266     12.488      8.610 0.0000e+00
      8.747     -0.096   260.3169     9.7267     72.442 1.2381e-01      7.522     43.070  25.809226     4.8855     4.8047     4.9613  1000.0261     12.440      8.577 0.0000e+00
      8.720     -0.102   261.3457     9.5207     72.699 1.2382e-01      7.520     42.652  25.559141     5.0085     4.8596     4.9612  1000.0246     12.400      8.549 0.0000e+00
      8.697     -0.107   262.2933     9.3655     73.423 1.2382e-01      7.517     41.630  24.946639     5.2488     4.8551     4.9612  1000.0242     12.372      8.530 0.0000e+00
      8.673     -0.109   263.0857     9.2575     74.535 1.2383e-01      7.514     40.759  24.424735     5.3771     4.8189     4.9613  1000.0244     12.338      8.507 0.0000e+00
      8.643     -0.109   263.3542     9.2427     75.791 1.2383e-01      7.512     40.371  24.192489     5.3857     4.7974     4.9614  1000.0245     12.294      8.477 0.0000e+00
      8.610     -0.106   263.3031     9.2698     76.969 1.2384e-01      7.510     40.222  24.103317     5.3782     4.5605     4.9614  1000.0242     12.246      8.443 0.0000e+00
      8.579     -0.103   263.5871     9.3636     77.842 1.2387e-01      7.507     40.122  24.043714     5.3615     4.1410     4.9613  1000.0236     12.200      8.411 0.0000e+00
