Data/DataNotYetUploadedToEDI/Raw_CTD/RawDownloads/022422_fcr.cnv
* Sea-Bird SBE19plus  Data File:
* FileName = C:\R\Reservoirs\Data\DataNotYetUploadedToEDI\Raw_CTD\RawDownloads\022422_bvr_0002.hex
* Software version 2.8.0.119
* Temperature SN = 7809
* Conductivity SN = 7809
* System UpLoad Time = Feb 24 2022 15:40:28
* <ApplicationData>
* <Seaterm232>
# nquan = 16
# nvalues = 1882                        
# units = specified
# name 0 = depFM: Depth [fresh water, m]
# name 1 = dz/dtM: Descent Rate [m/s]
# name 2 = orp: Oxidation Reduction Potential [mV]
# name 3 = sbeox0Mg/L: Oxygen, SBE 43 [mg/l]
# name 4 = sbeox0PS: Oxygen, SBE 43 [% saturation]
# name 5 = par/sat/log: PAR/Logarithmic, Satlantic
# name 6 = ph: pH
# name 7 = specc: Specific Conductance [uS/cm]
# name 8 = c0uS/cm: Conductivity [uS/cm]
# name 9 = flECO-AFL: Fluorescence, WET Labs ECO-AFL/FL [mg/m^3]
# name 10 = turbWETntu0: Turbidity, WET Labs ECO [NTU]
# name 11 = tv290C: Temperature [ITS-90, deg C]
# name 12 = density00: Density [density, kg/m^3]
# name 13 = prdE: Pressure, Strain Gauge [psi]
# name 14 = prdM: Pressure, Strain Gauge [db]
# name 15 = flag:  0.000e+00
# span 0 =     -0.601,      9.866       
# span 1 =     -2.978,      0.150       
# span 2 =   252.0237,   742.8925       
# span 3 =  -146.4500,    22.4814       
# span 4 =      1.510,    103.826       
# span 5 = 1.2361e-01, 9.2421e+01       
# span 6 =      3.728,      7.552       
# span 7 =      0.652,    518.950       
# span 8 =   0.338805, 312.040586       
# span 9 =    -0.1824,    57.5132       
# span 10 =    -0.4098,   285.1321      
# span 11 =     0.8931,     6.8384      
# span 12 =   999.8930,  1000.2073      
# span 13 =     -0.855,     14.034      
# span 14 =     -0.590,      9.676      
# span 15 = 0.0000e+00, 0.0000e+00      
# interval = seconds: 0.25
# start_time = Feb 24 2022 10:28:35 [Instrument's time stamp, header]
# bad_flag = -9.990e-29
*END*
[from data line 814]
      5.744      0.037   379.2504    11.1346     87.641 1.4743e-01      7.129     38.580  23.270563     7.7307     2.7030     5.1531  1000.0057      8.175      5.637 0.0000e+00
      5.747      0.043   378.8181    11.1684     87.532 1.5171e-01      7.129     38.579  23.270468     7.7172     2.7284     5.1525  1000.0057      8.174      5.636 0.0000e+00
      5.751      0.044   377.9741    11.1661     87.491 1.5482e-01      7.129     38.583  23.270564     7.5844     2.7564     5.1527  1000.0057      8.173      5.634 0.0000e+00
      5.767      0.042   378.4241    11.1558     87.531 1.4977e-01      7.129     38.587  23.271716     7.3238     2.7684     5.1548  1000.0057      8.196      5.651 0.0000e+00
      5.791      0.039   380.1283    11.1509     87.617 1.4166e-01      7.129     38.607  23.284391     7.1791     2.7702     5.1585  1000.0059      8.244      5.684 0.0000e+00
      5.805      0.034   380.9422    11.1245     87.755 1.3686e-01      7.129     38.623  23.297079     7.1750     2.7442     5.1597  1000.0059      8.267      5.700 0.0000e+00
      5.807      0.027   380.9510    11.1236     87.887 1.4131e-01      7.129     38.617  23.298378     7.1908     2.7623     5.1548  1000.0060      8.257      5.693 0.0000e+00
      5.807      0.019   380.9235    11.1334     87.972 1.4980e-01      7.128     38.612  23.300092     7.2035     2.7833     5.1513  1000.0060      8.259      5.694 0.0000e+00
      5.808      0.018   380.5230    11.1388     88.016 1.4920e-01      7.128     38.636  23.317814     7.2044     2.7592     5.1534  1000.0060      8.263      5.697 0.0000e+00
      5.808      0.025   379.8082    11.1615     88.011 1.4560e-01      7.128     38.643  23.322527     7.2019     2.7439     5.1570  1000.0059      8.259      5.694 0.0000e+00
      5.812      0.034   379.3362    11.1776     87.955 1.4762e-01      7.129     38.603  23.293702     7.2064     2.7697     5.1643  1000.0058      8.263      5.697 0.0000e+00
      5.823      0.041   379.5486    11.1844     87.848 1.4988e-01      7.129     38.600  23.286162     7.2421     2.7985     5.1719  1000.0057      8.275      5.707 0.0000e+00
      5.843      0.045   380.3980    11.1905     87.724 1.4706e-01      7.129     38.617  23.294732     7.3016     2.7839     5.1766  1000.0057      8.310      5.730 0.0000e+00
      5.863      0.046   381.0877    11.1883     87.644 1.3863e-01      7.129     38.578  23.270568     7.3336     2.7296     5.1784  1000.0059      8.348      5.755 0.0000e+00
      5.873      0.043   381.2625    11.1843     87.614 1.3148e-01      7.129     38.545  23.247499     7.3380     2.7235     5.1707  1000.0060      8.355      5.761 0.0000e+00
      5.878      0.038   381.2207    11.1734     87.626 1.3078e-01      7.130     38.587  23.269305     7.3785     2.7780     5.1595  1000.0062      8.355      5.762 0.0000e+00
      5.886      0.032   381.0982    11.1517     87.661 1.3498e-01      7.131     38.608  23.280723     7.4578     2.7732     5.1593  1000.0063      8.373      5.773 0.0000e+00
      5.895      0.028   380.9864    11.1432     87.700 1.4488e-01      7.130     38.573  23.258803     7.4982     2.7342     5.1617  1000.0063      8.388      5.784 0.0000e+00
      5.901      0.027   380.5577    11.1408     87.732 1.4660e-01      7.130     38.577  23.257763     7.5002     2.7502     5.1546  1000.0064      8.391      5.786 0.0000e+00
      5.907      0.027   380.0438    11.1451     87.746 1.3498e-01      7.130     38.601  23.268152     7.5073     2.7279     5.1487  1000.0066      8.399      5.791 0.0000e+00
      5.915      0.027   380.1941    11.1512     87.767 1.3054e-01      7.131     38.593  23.257659     7.5173     2.6360     5.1493  1000.0066      8.415      5.802 0.0000e+00
      5.921      0.027   380.4825    11.1544     87.798 1.3171e-01      7.131     38.607  23.257640     7.5211     2.5608     5.1488  1000.0066      8.423      5.808 0.0000e+00
      5.927      0.026   380.6906    11.1638     87.835 1.2757e-01      7.132     38.638  23.267916     7.5290     2.5368     5.1437  1000.0067      8.427      5.810 0.0000e+00
      5.935      0.026   381.0760    11.1627     87.864 1.2458e-01      7.132     38.623  23.255148     7.6295     2.6185     5.1381  1000.0069      8.440      5.819 0.0000e+00
      5.943      0.029   381.1848    11.1686     87.826 1.2763e-01      7.132     38.583  23.230007     7.8036     2.7284     5.1324  1000.0070      8.458      5.831 0.0000e+00
      5.948      0.036   380.1991    11.1763     87.720 1.3154e-01      7.132     38.567  23.217445     7.8865     2.7731     5.1204  1000.0073      8.462      5.834 0.0000e+00
      5.952      0.042   378.5360    11.1834     87.601 1.3052e-01      7.132     38.596  23.229997     7.8820     2.7824     5.1062  1000.0076      8.463      5.834 0.0000e+00
      5.962      0.045   377.8538    11.1948     87.529 1.2743e-01      7.132     38.644  23.255014     7.7919     2.7728     5.1017  1000.0076      8.474      5.843 0.0000e+00
      5.981      0.048   377.9738    11.1874     87.521 1.2534e-01      7.132     38.664  23.266423     7.6214     2.7935     5.1047  1000.0077      8.504      5.863 0.0000e+00
      6.003      0.051   378.5242    11.1728     87.559 1.2667e-01      7.132     38.620  23.241196     7.5178     2.7940     5.1008  1000.0079      8.545      5.891 0.0000e+00
      6.016      0.051   379.5180    11.1568     87.618 1.3106e-01      7.131     38.553  23.203494     7.4962     2.7450     5.0909  1000.0081      8.563      5.903 0.0000e+00
      6.021      0.047   379.9230    11.1484     87.648 1.3137e-01      7.131     38.528  23.190820     7.5017     2.7129     5.0859  1000.0082      8.559      5.901 0.0000e+00
      6.030      0.041   378.9475    11.1493     87.616 1.2723e-01      7.132     38.564  23.214714     7.5509     2.7132     5.0858  1000.0083      8.572      5.910 0.0000e+00
      6.045      0.036   377.1877    11.1530     87.518 1.2437e-01      7.132     38.601  23.238893     7.6339     2.7491     5.0882  1000.0083      8.600      5.929 0.0000e+00
      6.056      0.035   376.4557    11.1636     87.350 1.2402e-01      7.131     38.582  23.229673     7.6811     2.7704     5.0914  1000.0083      8.617      5.941 0.0000e+00
      6.062      0.034   376.8075    11.1677     87.113 1.2444e-01      7.130     38.581  23.229986     7.6891     2.7317     5.0943  1000.0082      8.621      5.944 0.0000e+00
      6.067      0.030   377.0537    11.1623     86.875 1.2702e-01      7.130     38.603  23.242672     7.7468     2.6920     5.0978  1000.0082      8.627      5.948 0.0000e+00
      6.076      0.026   377.1093    11.1490     86.735 1.3204e-01      7.131     38.630  23.256309     7.8542     2.7000     5.1008  1000.0083      8.644      5.959 0.0000e+00
      6.085      0.024   377.5662    11.1283     86.736 1.3737e-01      7.133     38.655  23.268126     7.9061     2.6920     5.1026  1000.0082      8.659      5.971 0.0000e+00
      6.089      0.025   378.3617    11.0944     86.892 1.3756e-01      7.133     38.643  23.258794     7.8919     2.6632     5.1047  1000.0082      8.661      5.973 0.0000e+00
      6.092      0.027   378.1231    11.0567     87.129 1.2996e-01      7.133     38.662  23.270223     7.7981     2.6933     5.1053  1000.0082      8.662      5.972 0.0000e+00
      6.097      0.032   376.9182    11.0412     87.309 1.2437e-01      7.132     38.676  23.279555     7.6291     2.7478     5.1007  1000.0083      8.673      5.979 0.0000e+00
      6.105      0.036   376.1832    11.0402     87.399 1.2387e-01      7.131     38.614  23.244882     7.5300     2.7415     5.0950  1000.0085      8.683      5.987 0.0000e+00
      6.116      0.039   376.0336    11.0631     87.421 1.2382e-01      7.131     38.585  23.231244     7.5066     2.7203     5.0924  1000.0086      8.694      5.994 0.0000e+00
      6.131      0.042   376.1426    11.1046     87.418 1.2382e-01      7.131     38.598  23.241424     7.4212     2.7300     5.0922  1000.0086      8.720      6.012 0.0000e+00
      6.146      0.045   376.3824    11.1254     87.420 1.2384e-01      7.132     38.598  23.241216     7.2882     2.7563     5.0927  1000.0088      8.748      6.032 0.0000e+00
      6.153      0.045   376.5237    11.1355     87.389 1.2387e-01      7.133     38.580  23.228731     7.2224     2.7648     5.0972  1000.0086      8.753      6.035 0.0000e+00
      6.159      0.041   376.7325    11.1346     87.323 1.2387e-01      7.133     38.562  23.217216     7.2085     2.7650     5.1035  1000.0085      8.753      6.035 0.0000e+00
      6.174      0.037   377.0139    11.1297     87.290 1.2381e-01      7.132     38.581  23.228739     7.2035     2.7925     5.1057  1000.0086      8.781      6.055 0.0000e+00
      6.189      0.036   376.9142    11.1351     87.337 1.2372e-01      7.131     38.602  23.241309     7.2116     2.7904     5.1065  1000.0087      8.810      6.074 0.0000e+00
      6.195      0.036   376.5607    11.1309     87.407 1.2372e-01      7.132     38.602  23.242443     7.2236     2.7740     5.1034  1000.0088      8.813      6.076 0.0000e+00
      6.198      0.035   376.1810    11.1200     87.429 1.2382e-01      7.132     38.599  23.242453     7.2314     2.7641     5.1020  1000.0087      8.811      6.075 0.0000e+00
      6.207      0.034   375.8514    11.1105     87.416 1.2386e-01      7.133     38.597  23.241423     7.2318     2.7399     5.1037  1000.0088      8.826      6.085 0.0000e+00
      6.217      0.035   375.8440    11.1219     87.414 1.2384e-01      7.134     38.579  23.229997     7.2698     2.7540     5.1012  1000.0089      8.847      6.099 0.0000e+00
      6.226      0.036   376.7803    11.1355     87.431 1.2381e-01      7.134     38.581  23.231044     7.3487     2.7980     5.1035  1000.0089      8.855      6.106 0.0000e+00
      6.235      0.037   378.3095    11.1337     87.400 1.2376e-01      7.134     38.621  23.254088     7.3948     2.8277     5.1078  1000.0088      8.864      6.112 0.0000e+00
      6.248      0.037   378.8474    11.1317     87.315 1.2377e-01      7.134     38.627  23.255127     7.4114     2.8059     5.1065  1000.0089      8.889      6.128 0.0000e+00
      6.258      0.038   378.6375    11.1282     87.239 1.2380e-01      7.135     38.618  23.243596     7.5413     2.6709     5.1054  1000.0090      8.905      6.139 0.0000e+00
      6.263      0.039   378.1807    11.1377     87.187 1.2380e-01      7.135     38.628  23.241416     7.7758     2.5280     5.1054  1000.0090      8.907      6.140 0.0000e+00
      6.272      0.039   377.2812    11.1337     87.154 1.2378e-01      7.135     38.619  23.228751     7.8989     2.5133     5.1047  1000.0091      8.918      6.148 0.0000e+00
      6.285      0.040   376.7097    11.1173     87.084 1.2383e-01      7.135     38.607  23.217210     7.9150     2.5273     5.1023  1000.0092      8.941      6.164 0.0000e+00
      6.297      0.041   376.7779    11.1129     86.964 1.2384e-01      7.134     38.631  23.228616     7.9530     2.5255     5.0949  1000.0094      8.959      6.176 0.0000e+00
      6.306      0.041   378.0195    11.1063     86.868 1.2379e-01      7.134     38.652  23.239920     8.0098     2.5263     5.0822  1000.0097      8.970      6.184 0.0000e+00
      6.316      0.041   380.1067    11.1106     86.806 1.2384e-01      7.134     38.632  23.227133     8.0440     2.5024     5.0718  1000.0099      8.983      6.193 0.0000e+00
      6.327      0.041   380.9350    11.1058     86.806 1.2387e-01      7.134     38.589  23.200755     8.0583     2.5101     5.0662  1000.0100      8.999      6.205 0.0000e+00
      6.338      0.042   380.2910    11.0820     86.877 1.2383e-01      7.134     38.544  23.174482     8.0909     2.5856     5.0630  1000.0102      9.017      6.217 0.0000e+00
      6.346      0.043   379.3752    11.0754     86.987 1.2380e-01      7.134     38.520  23.162968     8.1466     2.6974     5.0611  1000.0102      9.027      6.223 0.0000e+00
      6.356      0.042   378.8962    11.0639     87.126 1.2376e-01      7.134     38.558  23.188298     8.1834     2.7684     5.0608  1000.0103      9.037      6.230 0.0000e+00
      6.371      0.041   378.8873    11.0623     87.230 1.2377e-01      7.134     38.622  23.227247     8.1781     2.7609     5.0598  1000.0103      9.062      6.248 0.0000e+00
      6.385      0.040   379.4396    11.0770     87.263 1.2383e-01      7.134     38.662  23.253643     8.1156     2.7089     5.0606  1000.0104      9.088      6.265 0.0000e+00
      6.393      0.038   380.5841    11.0845     87.259 1.2386e-01      7.134     38.658  23.253956     8.0188     2.6867     5.0656  1000.0103      9.093      6.269 0.0000e+00
      6.398      0.035   381.3686    11.1080     87.214 1.2384e-01      7.133     38.620  23.231034     7.9648     2.7314     5.0690  1000.0103      9.096      6.271 0.0000e+00
      6.408      0.032   381.5253    11.1238     87.141 1.2382e-01      7.132     38.623  23.229989     7.9610     2.7718     5.0689  1000.0104      9.115      6.284 0.0000e+00
      6.418      0.030   381.5317    11.1220     87.065 1.2380e-01      7.132     38.644  23.241322     7.9561     2.7307     5.0704  1000.0104      9.132      6.296 0.0000e+00
      6.424      0.029   381.2735    11.1229     87.013 1.2373e-01      7.133     38.643  23.241312     7.9060     2.6109     5.0768  1000.0103      9.137      6.300 0.0000e+00
      6.431      0.027   380.7272    11.1155     87.034 1.2367e-01      7.133     38.623  23.229865     7.8305     2.5192     5.0772  1000.0103      9.146      6.305 0.0000e+00
      6.439      0.025   380.4330    11.1062     87.082 1.2374e-01      7.133     38.627  23.229674     7.7920     2.5099     5.0701  1000.0105      9.160      6.315 0.0000e+00
      6.446      0.025   380.6415    11.0990     87.091 1.2388e-01      7.133     38.645  23.238997     7.7905     2.4985     5.0678  1000.0106      9.171      6.323 0.0000e+00
      6.449      0.027   381.0968    11.0841     87.072 1.2392e-01      7.133     38.606  23.215839     7.8362     2.4838     5.0720  1000.0105      9.173      6.325 0.0000e+00
      6.454      0.029   381.3782    11.0912     87.035 1.2386e-01      7.134     38.585  23.203165     7.9198     2.5024     5.0730  1000.0105      9.176      6.328 0.0000e+00
      6.462      0.030   381.3758    11.1041     86.983 1.2383e-01      7.134     38.602  23.212506     7.9612     2.5187     5.0675  1000.0106      9.189      6.336 0.0000e+00
      6.472      0.031   381.4123    11.1019     86.905 1.2383e-01      7.133     38.587  23.202031     7.9618     2.5440     5.0652  1000.0108      9.204      6.346 0.0000e+00
      6.483      0.031   381.5623    11.1010     86.811 1.2380e-01      7.133     38.594  23.203260     7.9689     2.5693     5.0659  1000.0108      9.222      6.358 0.0000e+00
      6.493      0.029   380.8661    11.0945     86.742 1.2377e-01      7.134     38.639  23.227362     7.9803     2.5510     5.0662  1000.0108      9.237      6.369 0.0000e+00
      6.499      0.026   379.6194    11.0894     86.722 1.2381e-01      7.135     38.665  23.239942     7.9834     2.5276     5.0666  1000.0109      9.245      6.375 0.0000e+00
      6.503      0.021   379.3941    11.0797     86.724 1.2384e-01      7.135     38.651  23.228620     7.9904     2.5260     5.0644  1000.0109      9.249      6.377 0.0000e+00
      6.507      0.018   379.6915    11.0663     86.724 1.2379e-01      7.134     38.636  23.217211     8.0143     2.5657     5.0599  1000.0110      9.254      6.381 0.0000e+00
      6.512      0.018   379.7732    11.0575     86.724 1.2375e-01      7.133     38.657  23.228754     8.0389     2.6665     5.0550  1000.0111      9.264      6.388 0.0000e+00
      6.515      0.021   380.1232    11.0577     86.728 1.2384e-01      7.134     38.676  23.241428     8.0465     2.7537     5.0511  1000.0112      9.268      6.390 0.0000e+00
