Data/DataNotYetUploadedToEDI/Raw_CTD/RawDownloads/022422_bvr50.cnv
* Sea-Bird SBE19plus  Data File:
* FileName = C:\R\Reservoirs\Data\DataNotYetUploadedToEDI\Raw_CTD\RawDownloads\022422_bvr_0001.hex
* Software version 2.8.0.119
* Temperature SN = 7809
* Conductivity SN = 7809
* System UpLoad Time = Feb 24 2022 15:39:40
* <ApplicationData>
* <Seaterm232>
# nquan = 16
# nvalues = 1601                        
# units = specified
# name 0 = depFM: Depth [fresh water, m]
# name 1 = dz/dtM: Descent Rate [m/s]
# name 2 = orp: Oxidation Reduction Potential [mV]
# name 3 = sbeox0Mg/L: Oxygen, SBE 43 [mg/l]
# name 4 = sbeox0PS: Oxygen, SBE 43 [% saturation]
# name 5 = par/sat/log: PAR/Logarithmic, Satlantic
# name 6 = ph: pH
# name 7 = specc: Specific Conductance [uS/cm]
# name 8 = c0uS/cm: Conductivity [uS/cm]
# name 9 = flECO-AFL: Fluorescence, WET Labs ECO-AFL/FL [mg/m^3]
# name 10 = turbWETntu0: Turbidity, WET Labs ECO [NTU]
# name 11 = tv290C: Temperature [ITS-90, deg C]
# name 12 = density00: Density [density, kg/m^3]
# name 13 = prdE: Pressure, Strain Gauge [psi]
# name 14 = prdM: Pressure, Strain Gauge [db]
# name 15 = flag:  0.000e+00
# span 0 =     -0.684,      9.366       
# span 1 =     -0.326,      0.225       
# span 2 =  -773.4863,   642.8080       
# span 3 =     8.2139,    13.4164       
# span 4 =     63.800,    104.594       
# span 5 = 1.2362e-01, 8.3508e+01       
# span 6 =      3.612,      7.175       
# span 7 =      1.430,     52.433       
# span 8 =   0.865935,  30.234424       
# span 9 =    -0.1722,    10.9774       
# span 10 =    -0.4362,    24.2295      
# span 11 =     2.1008,     5.3635      
# span 12 =   999.9441,  1000.0246      
# span 13 =     -0.973,     13.322      
# span 14 =     -0.671,      9.185      
# span 15 = 0.0000e+00, 0.0000e+00      
# interval = seconds: 0.25
# start_time = Feb 24 2022 08:01:48 [Instrument's time stamp, header]
# bad_flag = -9.990e-29
*END*
[from data line 724]
      6.157      0.055   362.5992    11.6473     91.603 1.2383e-01      7.149     28.281  16.999714     9.8256     4.0242     5.0369  1000.0061      8.758      6.038 0.0000e+00
      6.171      0.057   362.5486    11.6628     91.714 1.2382e-01      7.149     28.299  17.011294     9.8767     4.1094     5.0432  1000.0061      8.777      6.051 0.0000e+00
      6.185      0.057   362.5123    11.6746     91.844 1.2387e-01      7.148     28.319  17.023289     9.8811     4.0779     5.0487  1000.0061      8.795      6.064 0.0000e+00
      6.201      0.056   362.5050    11.6782     91.914 1.2383e-01      7.148     28.309  17.018035     9.8365     4.0540     5.0519  1000.0061      8.817      6.079 0.0000e+00
      6.218      0.055   362.5466    11.6745     91.904 1.2379e-01      7.148     28.298  17.011133     9.7544     4.0938     5.0532  1000.0062      8.845      6.099 0.0000e+00
      6.233      0.054   362.5846    11.6949     91.825 1.2386e-01      7.148     28.285  17.003183     9.7121     4.1156     5.0545  1000.0062      8.868      6.114 0.0000e+00
      6.244      0.052   362.6210    11.7143     91.723 1.2391e-01      7.149     28.255  16.985277     9.7081     4.0786     5.0559  1000.0062      8.880      6.122 0.0000e+00
      6.254      0.049   362.7276    11.7233     91.658 1.2388e-01      7.150     28.254  16.984696     9.7055     4.0561     5.0564  1000.0063      8.893      6.131 0.0000e+00
      6.267      0.047   362.7554    11.7221     91.631 1.2377e-01      7.149     28.274  16.996158     9.7897     4.0818     5.0565  1000.0063      8.914      6.146 0.0000e+00
      6.280      0.046   362.6989    11.7101     91.623 1.2378e-01      7.149     28.276  16.997148     9.9602     4.1167     5.0563  1000.0064      8.934      6.160 0.0000e+00
      6.291      0.044   362.7327    11.6932     91.643 1.2475e-01      7.150     28.276  16.996673    10.0517     4.1364     5.0556  1000.0065      8.949      6.169 0.0000e+00
      6.303      0.040   362.8203    11.6852     91.680 1.2567e-01      7.151     28.266  16.990408    10.0560     4.1152     5.0552  1000.0065      8.964      6.181 0.0000e+00
      6.315      0.035   362.8981    11.6846     91.739 1.2485e-01      7.152     28.256  16.984752    10.1115     3.9972     5.0552  1000.0066      8.983      6.194 0.0000e+00
      6.325      0.033   362.8987    11.6803     91.814 1.2384e-01      7.152     28.268  16.991645    10.2325     3.8712     5.0546  1000.0066      8.998      6.204 0.0000e+00
      6.330      0.033   362.9140    11.6863     91.857 1.2372e-01      7.152     28.299  17.010391    10.3032     3.8542     5.0539  1000.0067      9.004      6.208 0.0000e+00
      6.333      0.036   362.9965    11.6896     91.841 1.2377e-01      7.152     28.318  17.021349    10.3094     3.8598     5.0535  1000.0067      9.007      6.210 0.0000e+00
      6.339      0.041   362.9503    11.6969     91.790 1.2380e-01      7.152     28.278  16.997420    10.3735     3.9055     5.0534  1000.0067      9.012      6.214 0.0000e+00
      6.350      0.046   362.7863    11.7098     91.742 1.2377e-01      7.152     28.240  16.974496    10.5049     4.0308     5.0535  1000.0068      9.028      6.225 0.0000e+00
      6.369      0.050   362.7333    11.7166     91.690 1.2377e-01      7.152     28.279  16.997596    10.5745     4.1111     5.0536  1000.0069      9.058      6.245 0.0000e+00
      6.388      0.051   362.8263    11.7137     91.657 1.2382e-01      7.152     28.322  17.023300    10.5736     4.1250     5.0534  1000.0070      9.089      6.266 0.0000e+00
      6.402      0.049   362.8774    11.7035     91.722 1.2384e-01      7.151     28.336  17.031859    10.5271     4.0970     5.0526  1000.0071      9.108      6.280 0.0000e+00
      6.411      0.044   362.9210    11.7001     91.834 1.2381e-01      7.151     28.346  17.037723    10.4455     4.0798     5.0522  1000.0071      9.118      6.287 0.0000e+00
      6.419      0.041   363.0096    11.6933     91.849 1.2374e-01      7.152     28.335  17.030840    10.4110     4.1215     5.0519  1000.0072      9.130      6.295 0.0000e+00
      6.427      0.041   363.0024    11.6822     91.768 1.2371e-01      7.154     28.304  17.011992    10.4010     4.1230     5.0517  1000.0072      9.142      6.304 0.0000e+00
      6.436      0.043   363.0053    11.6922     91.687 1.2376e-01      7.154     28.284  16.999902    10.3743     4.0640     5.0517  1000.0072      9.151      6.310 0.0000e+00
      6.447      0.045   363.0451    11.7187     91.648 1.2376e-01      7.154     28.304  17.011374    10.3215     3.9886     5.0515  1000.0073      9.166      6.320 0.0000e+00
      6.462      0.047   362.9674    11.7185     91.683 1.2374e-01      7.154     28.326  17.023988    10.2286     3.9291     5.0517  1000.0074      9.192      6.337 0.0000e+00
      6.477      0.050   362.8404    11.7003     91.747 1.2379e-01      7.154     28.329  17.025700    10.1661     3.8905     5.0514  1000.0075      9.215      6.353 0.0000e+00
      6.490      0.054   362.8858    11.6924     91.776 1.2383e-01      7.154     28.339  17.032077    10.1569     3.8293     5.0501  1000.0075      9.231      6.365 0.0000e+00
      6.500      0.056   363.0865    11.6830     91.773 1.2379e-01      7.154     28.348  17.037742    10.1341     3.8388     5.0495  1000.0076      9.245      6.374 0.0000e+00
      6.513      0.056   363.2025    11.6902     91.722 1.2382e-01      7.153     28.336  17.030832    10.0908     3.9710     5.0494  1000.0076      9.260      6.384 0.0000e+00
      6.530      0.055   363.2553    11.7051     91.636 1.2387e-01      7.153     28.305  17.011877    10.0739     4.0950     5.0492  1000.0077      9.286      6.402 0.0000e+00
      6.550      0.054   363.2092    11.7030     91.560 1.2387e-01      7.153     28.283  16.998634    10.0632     4.1432     5.0496  1000.0078      9.319      6.425 0.0000e+00
      6.565      0.053   362.9882    11.7076     91.535 1.2387e-01      7.153     28.282  16.997422    10.0192     4.2121     5.0500  1000.0079      9.343      6.441 0.0000e+00
      6.574      0.051   362.8204    11.6989     91.582 1.2382e-01      7.154     28.284  16.997222     9.9672     4.3128     5.0499  1000.0079      9.351      6.447 0.0000e+00
      6.583      0.051   362.8149    11.6855     91.637 1.2379e-01      7.156     28.284  16.996227     9.9414     4.3356     5.0496  1000.0080      9.362      6.455 0.0000e+00
      6.595      0.052   362.9220    11.6757     91.643 1.2378e-01      7.156     28.268  16.985383     9.9322     4.2828     5.0495  1000.0080      9.381      6.468 0.0000e+00
      6.608      0.057   363.0834    11.6676     91.598 1.2376e-01      7.156     28.283  16.992808     9.8889     4.1869     5.0491  1000.0081      9.398      6.479 0.0000e+00
      6.623      0.064   363.1306    11.6811     91.530 1.2377e-01      7.156     28.337  17.022643     9.8181     4.0986     5.0471  1000.0082      9.418      6.493 0.0000e+00
      6.642      0.070   363.0633    11.6909     91.479 1.2377e-01      7.157     28.352  17.029346     9.7835     4.1031     5.0441  1000.0084      9.448      6.514 0.0000e+00
      6.662      0.073   363.0443    11.6919     91.438 1.2374e-01      7.158     28.324  17.010498     9.7865     4.1401     5.0420  1000.0085      9.476      6.534 0.0000e+00
      6.683      0.074   363.0728    11.6866     91.404 1.2376e-01      7.158     28.284  16.984813     9.9212     4.1701     5.0393  1000.0086      9.503      6.552 0.0000e+00
      6.704      0.076   363.0637    11.6750     91.409 1.2383e-01      7.156     28.265  16.972210    10.1889     4.2597     5.0355  1000.0088      9.535      6.575 0.0000e+00
      6.723      0.079   363.0200    11.6715     91.427 1.2385e-01      7.154     28.287  16.984823    10.3427     4.3356     5.0314  1000.0090      9.566      6.596 0.0000e+00
      6.737      0.078   362.9748    11.6692     91.405 1.2380e-01      7.153     28.332  17.010613    10.3502     4.3029     5.0271  1000.0091      9.582      6.606 0.0000e+00
      6.756      0.073   362.9475    11.6606     91.325 1.2372e-01      7.154     28.366  17.030605    10.3132     4.2404     5.0240  1000.0092      9.600      6.619 0.0000e+00
      6.784      0.067   362.9471    11.6655     91.223 1.2372e-01      7.156     28.376  17.036478    10.1025     4.1599     5.0224  1000.0094      9.650      6.654 0.0000e+00
      6.809      0.061   362.9705    11.6708     91.190 1.2378e-01      7.157     28.345  17.018265     9.7501     4.0120     5.0208  1000.0096      9.695      6.685 0.0000e+00
      6.819      0.058   363.0582    11.6690     91.248 1.2382e-01      7.158     28.315  17.000462     9.5653     3.9214     5.0182  1000.0097      9.701      6.689 0.0000e+00
      6.822      0.057   363.0613    11.6599     91.342 1.2386e-01      7.158     28.332  17.011297     9.5489     3.8840     5.0167  1000.0097      9.700      6.687 0.0000e+00
      6.830      0.058   363.0082    11.6380     91.396 1.2385e-01      7.158     28.351  17.022555     9.6682     3.8329     5.0174  1000.0097      9.712      6.696 0.0000e+00
      6.845      0.062   363.1038    11.6345     91.401 1.2380e-01      7.158     28.333  17.009875     9.9174     3.8506     5.0189  1000.0098      9.732      6.710 0.0000e+00
      6.866      0.067   363.1854    11.6440     91.414 1.2379e-01      7.158     28.298  16.984689    10.0566     3.8596     5.0193  1000.0098      9.763      6.731 0.0000e+00
      6.892      0.069   363.1349    11.6600     91.429 1.2378e-01      7.158     28.281  16.971447    10.0612     3.8046     5.0202  1000.0100      9.805      6.761 0.0000e+00
      6.915      0.067   363.0953    11.6686     91.435 1.2379e-01      7.158     28.293  16.976475    10.0641     3.8009     5.0216  1000.0101      9.840      6.785 0.0000e+00
      6.930      0.063   363.1360    11.6636     91.425 1.2383e-01      7.159     28.303  16.982121    10.0917     3.8488     5.0166  1000.0102      9.859      6.798 0.0000e+00
      6.939      0.058   363.1972    11.6714     91.401 1.2387e-01      7.160     28.294  16.976351    10.1208     3.8709     5.0084  1000.0104      9.868      6.804 0.0000e+00
      6.949      0.056   363.2333    11.6744     91.382 1.2389e-01      7.161     28.284  16.970067    10.1333     3.8639     5.0025  1000.0105      9.881      6.812 0.0000e+00
      6.963      0.057   363.3147    11.6761     91.345 1.2384e-01      7.161     28.284  16.969506    10.1253     3.9349     4.9996  1000.0106      9.903      6.828 0.0000e+00
      6.979      0.062   363.4062    11.6764     91.277 1.2380e-01      7.161     28.286  16.969562    10.1162     4.0804     4.9990  1000.0107      9.929      6.846 0.0000e+00
      6.995      0.066   363.3936    11.6698     91.195 1.2377e-01      7.161     28.290  16.970752    10.1229     4.1544     4.9988  1000.0108      9.947      6.858 0.0000e+00
      7.014      0.067   363.4201    11.6709     91.115 1.2377e-01      7.161     28.313  16.983889    10.1239     4.1463     4.9985  1000.0109      9.974      6.877 0.0000e+00
      7.035      0.067   363.5549    11.6668     91.084 1.2384e-01      7.161     28.343  17.001692    10.1365     4.1183     4.9980  1000.0110     10.009      6.901 0.0000e+00
      7.052      0.066   363.6472    11.6569     91.140 1.2394e-01      7.161     28.333  16.995933    10.1836     4.1228     4.9952  1000.0111     10.031      6.916 0.0000e+00
      7.066      0.063   363.5889    11.6488     91.257 1.2394e-01      7.161     28.301  16.977617    10.2193     4.1324     4.9916  1000.0112     10.050      6.929 0.0000e+00
      7.081      0.059   363.5376    11.6354     91.359 1.2382e-01      7.162     28.289  16.970295    10.2271     4.0977     4.9903  1000.0113     10.072      6.944 0.0000e+00
      7.097      0.054   363.5437    11.6287     91.380 1.2375e-01      7.163     28.290  16.970762    10.2189     4.0792     4.9910  1000.0114     10.095      6.960 0.0000e+00
      7.112      0.051   363.4915    11.6372     91.350 1.2378e-01      7.163     28.311  16.983267    10.1615     4.0457     4.9926  1000.0115     10.117      6.976 0.0000e+00
      7.124      0.051   363.5946    11.6552     91.351 1.2381e-01      7.163     28.331  16.994787    10.0658     3.9325     4.9936  1000.0115     10.134      6.987 0.0000e+00
      7.134      0.052   363.6714    11.6734     91.412 1.2386e-01      7.163     28.312  16.983328    10.0024     3.8377     4.9934  1000.0115     10.145      6.995 0.0000e+00
      7.144      0.053   363.5599    11.6737     91.489 1.2391e-01      7.163     28.293  16.971437     9.9863     3.8215     4.9929  1000.0116     10.159      7.004 0.0000e+00
      7.158      0.054   363.6232    11.6649     91.550 1.2384e-01      7.163     28.304  16.977720    10.0542     3.8389     4.9923  1000.0117     10.180      7.019 0.0000e+00
      7.176      0.055   363.7487    11.6632     91.571 1.2370e-01      7.163     28.334  16.995943    10.1989     3.8433     4.9922  1000.0118     10.207      7.037 0.0000e+00
      7.193      0.056   363.7861    11.6752     91.524 1.2367e-01      7.163     28.343  17.001693    10.2876     3.8408     4.9925  1000.0119     10.234      7.056 0.0000e+00
      7.207      0.056   363.9030    11.6859     91.433 1.2378e-01      7.164     28.312  16.983890    10.2944     3.8425     4.9919  1000.0119     10.252      7.069 0.0000e+00
      7.218      0.055   364.0440    11.6940     91.318 1.2387e-01      7.164     28.290  16.970753    10.2733     3.8300     4.9912  1000.0120     10.265      7.077 0.0000e+00
      7.231      0.053   364.0290    11.7005     91.206 1.2387e-01      7.164     28.288  16.969564    10.2493     3.8604     4.9911  1000.0121     10.284      7.091 0.0000e+00
      7.245      0.052   363.8927    11.6908     91.156 1.2387e-01      7.164     28.288  16.969517    10.2451     3.9014     4.9914  1000.0122     10.306      7.105 0.0000e+00
      7.259      0.054   363.8590    11.6786     91.156 1.2389e-01      7.164     28.288  16.970192    10.2382     3.8826     4.9928  1000.0122     10.325      7.119 0.0000e+00
      7.272      0.056   363.8792    11.6645     91.197 1.2393e-01      7.164     28.299  16.977720    10.1915     3.8378     4.9935  1000.0122     10.344      7.131 0.0000e+00
      7.284      0.057   363.8787    11.6431     91.283 1.2390e-01      7.164     28.330  16.997189    10.1302     3.8044     4.9932  1000.0123     10.359      7.142 0.0000e+00
      7.299      0.057   363.9387    11.6407     91.343 1.2381e-01      7.163     28.361  17.015515    10.1123     3.8199     4.9933  1000.0123     10.378      7.156 0.0000e+00
      7.318      0.058   363.9167    11.6414     91.375 1.2381e-01      7.163     28.352  17.009232    10.1252     3.8548     4.9941  1000.0124     10.409      7.177 0.0000e+00
      7.335      0.062   363.8713    11.6410     91.397 1.2381e-01      7.163     28.313  16.984577    10.1202     3.8498     4.9965  1000.0125     10.438      7.197 0.0000e+00
      7.348      0.067   363.9060    11.6611     91.424 1.2376e-01      7.163     28.293  16.970827    10.0598     3.8966     4.9983  1000.0125     10.453      7.207 0.0000e+00
      7.359      0.072   363.9060    11.6655     91.471 1.2380e-01      7.163     28.294  16.969694     9.9609     4.0441     4.9971  1000.0126     10.463      7.214 0.0000e+00
      7.377      0.075   363.8709    11.6692     91.484 1.2382e-01      7.163     28.299  16.970879     9.8975     4.1314     4.9950  1000.0127     10.486      7.230 0.0000e+00
      7.404      0.075   363.8263    11.6746     91.488 1.2375e-01      7.164     28.326  16.985149     9.8684     4.0974     4.9931  1000.0128     10.530      7.260 0.0000e+00
      7.430      0.075   363.7963    11.6728     91.499 1.2372e-01      7.165     28.376  17.015516     9.8416     4.0439     4.9904  1000.0130     10.573      7.290 0.0000e+00
