Data/DataNotYetUploadedToEDI/Raw_CTD/RawDownloads/022423_fcr50_S8188004.cnv
* Sea-Bird SBE19plus  Data File:
* FileName = C:\R\Reservoirs\Data\DataNotYetUploadedToEDI\Raw_CTD\RawDownloads\011123_fcr50_S8188_0004.hex
* Software version 2.8.0.119
* Temperature SN = 8188
* Conductivity SN = 8188
* System UpLoad Time = Mar 20 2023 14:56:02
* <ApplicationData>
* <Seaterm232>
# nquan = 16
# nvalues = 2370                        
# units = specified
# name 0 = depFM: Depth [fresh water, m]
# name 1 = dz/dtM: Descent Rate [m/s]
# name 2 = sbeox0Mg/L: Oxygen, SBE 43 [mg/l]
# name 3 = sbeox0PS: Oxygen, SBE 43 [% saturation]
# name 4 = specc: Specific Conductance [uS/cm]
# name 5 = c0uS/cm: Conductivity [uS/cm]
# name 6 = wetCDOM: Fluorescence, WET Labs CDOM [mg/m^3]
# name 7 = flECO-AFL: Fluorescence, WET Labs ECO-AFL/FL [mg/m^3]
# name 8 = flECO-AFL1: Fluorescence, WET Labs ECO-AFL/FL, 2 [mg/m^3]
# name 9 = flECO-AFL2: Fluorescence, WET Labs ECO-AFL/FL, 3 [mg/m^3]
# name 10 = par/sat/log: PAR/Logarithmic, Satlantic
# name 11 = turbWETntu0: Turbidity, WET Labs ECO [NTU]
# name 12 = prdM: Pressure, Strain Gauge [db]
# name 13 = prdE: Pressure, Strain Gauge [psi]
# name 14 = tv290C: Temperature [ITS-90, deg C]
# name 15 = flag:  0.000e+00
# span 0 =     -0.569,      9.746       
# span 1 =     -0.281,      0.129       
# span 2 =     0.2485,    11.9988       
# span 3 =      2.008,     97.486       
# span 4 =      0.434,    420.159       
# span 5 =   0.312369, 262.034254       
# span 6 =    -4.5000,   367.2000       
# span 7 =    -0.7983,    11.3326       
# span 8 =    -2.1300,    53.0370       
# span 9 =    -2.0304,     8.7984       
# span 10 = 1.1590e-01, 8.6630e+02      
# span 11 =    -3.6549,   966.3601      
# span 12 =     -0.558,      9.557      
# span 13 =     -0.809,     13.862      
# span 14 =     6.1345,    12.5706      
# span 15 = 0.0000e+00, 0.0000e+00      
# interval = seconds: 0.25
# start_time = Feb 24 2023 07:32:45 [Instrument's time stamp, header]
# bad_flag = -9.990e-29
*END*
[from data line 1537]
      8.435      0.044     9.2499     74.101     37.901  23.686654     3.8700     1.1663     0.0426     0.1692 4.1158e-01     1.9363      8.272     11.998     6.2491 0.0000e+00
      8.446      0.044     9.2227     74.032     37.919  23.696971     3.8700     1.1777     0.0426     0.1692 4.0961e-01     1.8161      8.283     12.013     6.2483 0.0000e+00
      8.457      0.044     9.1988     74.007     37.936  23.706860     3.8700     1.1739     0.0426     0.1692 4.0334e-01     1.9213      8.294     12.029     6.2478 0.0000e+00
      8.469      0.044     9.1795     74.012     37.951  23.714998     3.8700     1.0442     0.0426     0.1692 3.7937e-01     1.9814      8.305     12.045     6.2473 0.0000e+00
      8.481      0.044     9.1655     74.031     37.966  23.723555     3.9600     1.0289     0.0426     0.2538 3.9639e-01     1.8311      8.317     12.062     6.2467 0.0000e+00
      8.493      0.043     9.1572     74.051     37.980  23.730855     3.9600     1.0327     0.0426     0.2538 3.9347e-01     1.8462      8.328     12.079     6.2458 0.0000e+00
      8.504      0.041     9.1544     74.063     37.989  23.734885     3.9600     1.0594     0.0426     0.2538 3.7879e-01     1.8462      8.339     12.095     6.2445 0.0000e+00
      8.514      0.039     9.1554     74.054     37.995  23.736719     3.9600     1.0556     0.0426     0.2538 3.9202e-01     1.8462      8.349     12.109     6.2430 0.0000e+00
      8.523      0.037     9.1580     74.007     37.991  23.732887     3.9600     1.0442     0.0426     0.2538 3.7617e-01     1.7259      8.358     12.122     6.2414 0.0000e+00
      8.532      0.036     9.1609     73.914     37.984  23.726328     3.9600     1.0289     0.0426     0.2538 3.8268e-01     1.8161      8.367     12.135     6.2397 0.0000e+00
      8.540      0.036     9.1629     73.780     37.983  23.723208     3.9600     1.0366     0.0426     0.2538 4.0598e-01     1.9363      8.375     12.147     6.2378 0.0000e+00
      8.549      0.036     9.1622     73.618     37.981  23.718739     3.9600     1.0518     0.0426     0.2538 4.0695e-01     1.5005      8.384     12.160     6.2357 0.0000e+00
      8.558      0.037     9.1570     73.444     37.975  23.711726     3.9600     1.0289     0.0426     0.2538 4.0881e-01     1.6057      8.393     12.173     6.2333 0.0000e+00
      8.568      0.037     9.1462     73.272     37.968  23.704260     3.9600     1.0327     0.0426     0.2115 4.0256e-01     1.5305      8.403     12.187     6.2304 0.0000e+00
      8.578      0.038     9.1304     73.115     37.956  23.694349     3.9600     1.0289     0.0426     0.2115 3.5822e-01     1.5756      8.413     12.201     6.2268 0.0000e+00
      8.588      0.038     9.1113     72.985     37.942  23.683310     3.9600     1.0289     0.0426     0.2115 3.4024e-01     1.8612      8.422     12.215     6.2226 0.0000e+00
      8.598      0.037     9.0908     72.883     37.934  23.676115     3.9600     1.0137     0.0426     0.2115 3.5783e-01     1.7560      8.432     12.229     6.2183 0.0000e+00
      8.607      0.036     9.0704     72.805     37.935  23.674806     3.9600     1.0213     0.0426     0.2115 3.7033e-01     1.8913      8.441     12.242     6.2144 0.0000e+00
      8.616      0.036     9.0517     72.745     37.938  23.675074     3.9600     1.0175     0.0426     0.2115 3.4583e-01     1.9514      8.450     12.255     6.2110 0.0000e+00
      8.625      0.035     9.0362     72.703     37.937  23.673033     3.9600     0.9526     0.0426     0.2115 3.4786e-01     1.5907      8.459     12.268     6.2081 0.0000e+00
      8.634      0.033     9.0242     72.675     37.939  23.672095     3.9600     0.9679     0.0426     0.2115 3.4283e-01     1.5456      8.467     12.281     6.2056 0.0000e+00
      8.643      0.032     9.0150     72.658     37.948  23.675970     3.9600     0.9832     0.0000     0.2115 3.4098e-01     1.6207      8.476     12.293     6.2032 0.0000e+00
      8.651      0.031     9.0081     72.654     37.966  23.685692     3.9600     0.9755     0.0000     0.2115 3.5496e-01     1.6207      8.484     12.304     6.2010 0.0000e+00
      8.658      0.030     9.0035     72.665     37.984  23.695935     3.9600     1.0137     0.0000     0.2115 3.4403e-01     1.5606      8.491     12.315     6.1988 0.0000e+00
      8.666      0.028     9.0006     72.686     37.995  23.701512     3.9600     1.0442     0.0000     0.2115 3.2513e-01     1.5456      8.498     12.325     6.1965 0.0000e+00
      8.673      0.027     8.9990     72.711     38.007  23.707871     3.9600     1.0404     0.0426     0.1692 3.3177e-01     1.6207      8.505     12.335     6.1942 0.0000e+00
      8.679      0.026     8.9990     72.729     38.023  23.716705     3.9600     1.0289     0.0426     0.1692 3.3394e-01     1.5305      8.512     12.345     6.1921 0.0000e+00
      8.686      0.025     9.0008     72.724     38.039  23.726413     3.9600     1.0327     0.0426     0.1692 3.2499e-01     1.5606      8.518     12.354     6.1902 0.0000e+00
      8.692      0.025     9.0038     72.680     38.055  23.735624     3.9600     1.0327     0.0426     0.1692 3.2534e-01     1.6207      8.524     12.363     6.1884 0.0000e+00
      8.698      0.024     9.0071     72.591     38.067  23.742836     3.9600     1.0213     0.0426     0.1692 3.2421e-01     1.6057      8.530     12.371     6.1871 0.0000e+00
      8.704      0.025     9.0096     72.462     38.087  23.753930     3.9600     1.0518     0.0426     0.2115 2.8669e-01     1.6808      8.535     12.380     6.1862 0.0000e+00
      8.710      0.026     9.0092     72.306     38.111  23.767906     3.9600     1.0938     0.0426     0.2115 3.1870e-01     1.8311      8.541     12.388     6.1855 0.0000e+00
      8.716      0.027     9.0038     72.138     38.127  23.776614     3.9600     1.1129     0.0426     0.2115 3.0674e-01     1.8011      8.548     12.397     6.1848 0.0000e+00
      8.723      0.028     8.9930     71.970     38.138  23.782376     3.9600     1.0785     0.0426     0.2115 3.1621e-01     1.7560      8.555     12.407     6.1839 0.0000e+00
      8.731      0.029     8.9773     71.811     38.153  23.790688     3.9600     1.0785     0.0426     0.1692 3.0989e-01     1.8612      8.562     12.418     6.1826 0.0000e+00
      8.739      0.030     8.9583     71.662     38.175  23.803766     3.9600     1.0480     0.0426     0.1692 2.8938e-01     1.9063      8.570     12.429     6.1811 0.0000e+00
      8.747      0.031     8.9378     71.518     38.198  23.817180     3.9600     1.0404     0.0426     0.1692 3.2457e-01     1.8011      8.577     12.441     6.1795 0.0000e+00
      8.754      0.031     8.9175     71.363     38.208  23.822630     3.9600     1.0442     0.0426     0.1692 3.0501e-01     1.8612      8.585     12.452     6.1779 0.0000e+00
      8.762      0.032     8.8980     71.192     38.221  23.829488     3.9600     1.0366     0.0426     0.1269 3.1553e-01     1.8462      8.593     12.463     6.1765 0.0000e+00
      8.770      0.032     8.8799     71.011     38.251  23.847499     3.9600     1.0289     0.0426     0.1269 3.2485e-01     1.8311      8.601     12.474     6.1753 0.0000e+00
      8.779      0.033     8.8623     70.828     38.281  23.865631     3.9600     1.0480     0.0426     0.1269 3.0955e-01     1.9814      8.609     12.486     6.1742 0.0000e+00
      8.787      0.034     8.8432     70.655     38.299  23.876843     3.9600     1.0327     0.0426     0.1269 3.2541e-01     1.9213      8.617     12.498     6.1731 0.0000e+00
      8.796      0.034     8.8223     70.499     38.311  23.884124     3.9600     1.0137     0.0426     0.2115 2.8514e-01     1.9063      8.626     12.511     6.1720 0.0000e+00
      8.805      0.034     8.8001     70.365     38.319  23.889416     3.9600     0.9603     0.0426     0.2115 3.1334e-01     1.8762      8.635     12.523     6.1711 0.0000e+00
      8.814      0.034     8.7776     70.257     38.323  23.892151     3.9600     0.9679     0.0426     0.2115 3.0594e-01     1.8462      8.644     12.536     6.1703 0.0000e+00
      8.822      0.034     8.7562     70.183     38.327  23.895037     3.9600     0.9679     0.0426     0.2115 3.2176e-01     1.8462      8.652     12.549     6.1698 0.0000e+00
      8.831      0.033     8.7370     70.137     38.340  23.902803     3.9600     0.9488     0.0426     0.2115 3.0402e-01     1.8161      8.660     12.560     6.1697 0.0000e+00
      8.839      0.033     8.7203     70.097     38.356  23.911582     3.9600     0.9488     0.0426     0.1269 2.8945e-01     1.8762      8.668     12.572     6.1700 0.0000e+00
      8.847      0.032     8.7068     70.050     38.368  23.917776     3.9600     0.9717     0.0426     0.1269 3.1876e-01     1.7560      8.676     12.583     6.1706 0.0000e+00
      8.855      0.032     8.6975     69.992     38.378  23.923037     3.9600     0.9793     0.0426     0.1269 3.1022e-01     1.8161      8.684     12.595     6.1710 0.0000e+00
      8.863      0.031     8.6920     69.918     38.381  23.924808     3.9600     0.9717     0.0426     0.1269 2.9793e-01     1.8311      8.692     12.607     6.1705 0.0000e+00
      8.871      0.032     8.6872     69.819     38.374  23.919603     3.9600     1.0633     0.0852     0.2115 2.9832e-01     1.8762      8.700     12.618     6.1693 0.0000e+00
      8.879      0.033     8.6817     69.693     38.362  23.911973     3.9600     1.0366     0.0852     0.2115 3.2197e-01     1.8462      8.707     12.629     6.1678 0.0000e+00
      8.887      0.034     8.6748     69.548     38.356  23.907801     3.9600     1.0366     0.0852     0.2115 3.2797e-01     1.8612      8.715     12.640     6.1666 0.0000e+00
      8.895      0.036     8.6658     69.401     38.357  23.907953     3.9600     1.0137     0.0852     0.2115 3.3430e-01     1.9063      8.723     12.652     6.1657 0.0000e+00
      8.904      0.039     8.6536     69.271     38.362  23.910490     3.9600     1.0137     0.0426     0.1692 3.2790e-01     1.8462      8.732     12.665     6.1652 0.0000e+00
      8.915      0.041     8.6381     69.164     38.365  23.912131     3.9600     1.0175     0.0426     0.1692 3.2225e-01     1.7560      8.743     12.680     6.1647 0.0000e+00
      8.927      0.043     8.6203     69.086     38.364  23.911334     3.9600     1.0442     0.0426     0.1692 3.3685e-01     1.7860      8.754     12.697     6.1641 0.0000e+00
      8.938      0.044     8.6023     69.044     38.361  23.909864     3.9600     1.0327     0.0426     0.1692 3.1307e-01     1.8913      8.766     12.714     6.1633 0.0000e+00
      8.950      0.045     8.5864     69.038     38.359  23.909310     3.9600     1.0137     0.0426     0.1692 3.3329e-01     1.9213      8.777     12.730     6.1626 0.0000e+00
      8.961      0.046     8.5731     69.065     38.356  23.907544     3.9600     1.0289     0.0426     0.1692 3.3972e-01     1.8161      8.788     12.746     6.1623 0.0000e+00
      8.972      0.047     8.5635     69.116     38.348  23.902117     3.9600     1.0137     0.0426     0.1692 3.4135e-01     1.8913      8.799     12.762     6.1625 0.0000e+00
      8.984      0.048     8.5582     69.175     38.341  23.897519     3.9600     1.0404     0.0426     0.1692 3.7568e-01     1.8612      8.811     12.779     6.1629 0.0000e+00
      8.997      0.048     8.5573     69.237     38.346  23.900442     3.9600     1.0366     0.0426     0.1692 3.3069e-01     1.8762      8.823     12.797     6.1634 0.0000e+00
      9.010      0.049     8.5607     69.297     38.358  23.907707     3.9600     1.0404     0.0426     0.2538 3.2499e-01     1.6959      8.836     12.815     6.1635 0.0000e+00
      9.023      0.049     8.5670     69.348     38.368  23.913332     3.9600     1.0289     0.0426     0.2538 3.1939e-01     1.9363      8.848     12.834     6.1634 0.0000e+00
      9.036      0.048     8.5744     69.389     38.374  23.916840     3.9600     1.0099     0.0426     0.2538 3.2506e-01     1.7860      8.861     12.852     6.1630 0.0000e+00
      9.047      0.047     8.5821     69.417     38.381  23.921144     3.9600     1.0976     0.0426     0.2538 3.1904e-01     1.8762      8.872     12.869     6.1625 0.0000e+00
      9.059      0.046     8.5896     69.435     38.388  23.925414     3.9600     1.1014     0.0426     0.1692 3.2804e-01     1.9063      8.884     12.885     6.1621 0.0000e+00
      9.070      0.046     8.5961     69.455     38.388  23.924848     3.9600     1.1243     0.0426     0.1692 3.0132e-01     1.8462      8.895     12.901     6.1618 0.0000e+00
      9.081      0.046     8.6012     69.483     38.383  23.921275     3.9600     1.1014     0.0426     0.1692 2.8926e-01     1.7259      8.906     12.917     6.1616 0.0000e+00
      9.093      0.046     8.6046     69.517     38.378  23.917702     3.9600     0.9641     0.0426     0.1692 2.7390e-01     1.7560      8.917     12.933     6.1614 0.0000e+00
      9.105      0.047     8.6069     69.552     38.374  23.915155     3.9600     0.9755     0.0426     0.1269 2.6848e-01     1.8161      8.929     12.950     6.1611 0.0000e+00
      9.117      0.048     8.6095     69.585     38.378  23.916914     3.9600     0.9565     0.0426     0.1269 2.6186e-01     1.7259      8.940     12.967     6.1608 0.0000e+00
      9.129      0.048     8.6131     69.615     38.389  23.923448     3.9600     0.9565     0.0426     0.1269 2.6883e-01     1.8462      8.952     12.985     6.1603 0.0000e+00
      9.141      0.049     8.6174     69.642     38.405  23.932540     3.9600     1.0289     0.0426     0.1269 2.6570e-01     2.0416      8.965     13.002     6.1597 0.0000e+00
      9.154      0.050     8.6219     69.662     38.419  23.940677     3.9600     1.0213     0.0426     0.1269 2.8261e-01     2.0416      8.977     13.020     6.1591 0.0000e+00
      9.167      0.050     8.6262     69.669     38.429  23.946069     4.0500     1.0289     0.0426     0.2115 2.7756e-01     2.0866      8.990     13.039     6.1585 0.0000e+00
      9.180      0.050     8.6300     69.659     38.443  23.954113     4.0500     1.0289     0.0426     0.2115 2.3607e-01     2.0566      9.002     13.057     6.1578 0.0000e+00
      9.193      0.050     8.6336     69.634     38.465  23.966955     4.0500     1.0862     0.0426     0.2115 2.3515e-01     2.0416      9.015     13.076     6.1569 0.0000e+00
      9.206      0.050     8.6363     69.597     38.488  23.980101     4.0500     1.0976     0.0426     0.2115 2.0440e-01     2.1167      9.027     13.094     6.1558 0.0000e+00
      9.218      0.050     8.6374     69.545     38.511  23.993098     4.0500     1.0747     0.0426     0.1269 2.2940e-01     2.0265      9.040     13.111     6.1547 0.0000e+00
      9.230      0.050     8.6365     69.468     38.532  24.005451     4.0500     1.1014     0.0426     0.1269 2.3876e-01     2.0716      9.052     13.129     6.1536 0.0000e+00
      9.243      0.049     8.6336     69.366     38.544  24.012539     4.0500     1.1548     0.0426     0.1269 2.0475e-01     2.0866      9.065     13.147     6.1524 0.0000e+00
      9.256      0.049     8.6292     69.241     38.545  24.012290     4.0500     1.1586     0.0426     0.1269 2.0907e-01     2.0265      9.077     13.166     6.1511 0.0000e+00
      9.269      0.048     8.6230     69.094     38.540  24.008599     4.0500     1.1586     0.0426     0.0846 1.7291e-01     2.0265      9.090     13.184     6.1498 0.0000e+00
      9.281      0.046     8.6138     68.932     38.533  24.004440     4.0500     1.1396     0.0426     0.0846 2.0254e-01     2.0416      9.102     13.201     6.1485 0.0000e+00
      9.293      0.045     8.6014     68.762     38.518  23.994745     4.0500     1.1930     0.0426     0.0846 1.7602e-01     2.2971      9.113     13.218     6.1475 0.0000e+00
      9.304      0.043     8.5860     68.595     38.495  23.980887     4.0500     1.2273     0.0426     0.0846 1.6952e-01     2.1768      9.124     13.234     6.1469 0.0000e+00
      9.314      0.041     8.5679     68.444     38.480  23.971048     4.0500     1.2464     0.0426     0.1692 1.7033e-01     2.4023      9.134     13.248     6.1466 0.0000e+00
