Data/DataNotYetUploadedToEDI/Raw_CTD/RawDownloads/022425_fcr50_S7809002.cnv
* Sea-Bird SBE19plus  Data File:
* FileName = C:\R\Reservoirs\Data\DataNotYetUploadedToEDI\Raw_CTD\RawDownloads\021025_fcr50_S7809_0002.hex
* Software version 2.8.0.119
* Temperature SN = 7809
* Conductivity SN = 7809
* System UpLoad Time = Feb 25 2025 10:19:32
* <ApplicationData>
* <Seaterm232>
# nquan = 15
# nvalues = 1862                        
# units = specified
# name 0 = depFM: Depth [fresh water, m]
# name 1 = dz/dtM: Descent Rate [m/s]
# name 2 = sbeox0Mg/L: Oxygen, SBE 43 [mg/l]
# name 3 = sbeox0PS: Oxygen, SBE 43 [% saturation]
# name 4 = specc: Specific Conductance [uS/cm]
# name 5 = c0uS/cm: Conductivity [uS/cm]
# name 6 = flECO-AFL: Fluorescence, WET Labs ECO-AFL/FL [mg/m^3]
# name 7 = ph: pH
# name 8 = orp: Oxidation Reduction Potential [mV]
# name 9 = par/sat/log: PAR/Logarithmic, Satlantic
# name 10 = turbWETntu0: Turbidity, WET Labs ECO [NTU]
# name 11 = prdM: Pressure, Strain Gauge [db]
# name 12 = prdE: Pressure, Strain Gauge [psi]
# name 13 = tv290C: Temperature [ITS-90, deg C]
# name 14 = flag:  0.000e+00
# span 0 =     -0.639,      9.595       
# span 1 =     -0.255,      3.857       
# span 2 =     3.5140,    13.7056       
# span 3 =     27.152,    100.784       
# span 4 =      0.217,    326.289       
# span 5 =   0.152035, 187.510646       
# span 6 =    -0.8568,     8.5103       
# span 7 =     -2.395,     11.903       
# span 8 = -1240.7455,  1240.2295       
# span 9 = 1.2364e-01, 1.4940e+03       
# span 10 =    -3.7773,   931.5875      
# span 11 =     -0.628,      9.410      
# span 12 =     -0.910,     13.649      
# span 13 =     2.5419,    15.0513      
# span 14 = 0.0000e+00, 0.0000e+00      
# interval = seconds: 0.25
# start_time = Feb 24 2025 10:59:12 [Instrument's time stamp, header]
# bad_flag = -9.990e-29
*END*
[from data line 1832]
     -0.615 2.2439e-56    11.9637     89.082      1.944   1.091286    -0.0644      7.457   696.9193 1.8350e+02     3.7278     -0.603     -0.875     3.0662 0.0000e+00
     -0.615 2.0399e-57    11.9700     89.094      1.921   1.078513    -0.0683      7.462   681.0000 2.0040e+02     3.8436     -0.603     -0.875     3.0664 0.0000e+00
     -0.616 1.8545e-58    11.9724     89.116      1.876   1.053272    -0.0896      7.465   673.0631 2.1619e+02     3.8524     -0.604     -0.876     3.0668 0.0000e+00
     -0.616 1.6859e-59    11.9690     89.131      1.852   1.039468    -0.1138      7.463   673.5720 2.0137e+02     3.8003     -0.604     -0.876     3.0670 0.0000e+00
     -0.616 1.5326e-60    11.9688     89.143      1.850   1.038308    -0.1276      7.463   668.0513 1.7257e+02     3.6911     -0.604     -0.876     3.0673 0.0000e+00
     -0.615 1.3933e-61    11.9697     89.161      1.851   1.039242    -0.1318      7.460   675.4892 1.1951e+02     3.5921     -0.603     -0.875     3.0676 0.0000e+00
     -0.615 1.2666e-62    11.9747     89.175      1.872   1.050758    -0.1399      7.450   715.7511 4.3123e+01     3.5595     -0.603     -0.875     3.0679 0.0000e+00
     -0.615 1.1515e-63    11.9760     89.183      1.872   1.050861    -0.1341      7.444   746.9424 4.0328e+00     3.6383     -0.603     -0.875     3.0682 0.0000e+00
     -0.615 1.0468e-64    11.9758     89.197      1.853   1.040486    -0.1028      7.457   712.4217 4.7913e-01     3.7588     -0.603     -0.875     3.0685 0.0000e+00
     -0.615 9.5165e-66    11.9805     89.218      1.874   1.052004    -0.0861      7.475   653.7057 1.5616e-01     3.7872     -0.603     -0.875     3.0689 0.0000e+00
     -0.615 8.6510e-67    11.9812     89.218      1.894   1.063435    -0.0900      7.472   651.7635 1.2680e-01     3.7764     -0.603     -0.875     3.0692 0.0000e+00
     -0.615 7.8645e-68    11.9823     89.199      1.874   1.052013    -0.0833      7.456   687.9055 1.2404e-01     3.6970     -0.603     -0.875     3.0695 0.0000e+00
     -0.615 7.1500e-69    11.9824     89.166      1.854   1.040590    -0.0719      7.446   721.1565 1.2376e-01     3.4765     -0.603     -0.875     3.0698 0.0000e+00
     -0.615 6.5000e-70    11.9887     89.110      1.874   1.052012    -0.0778      7.444   742.5952 1.2374e-01     3.2955     -0.604     -0.876     3.0700 0.0000e+00
     -0.615 5.9090e-71    11.9881     89.077      1.894   1.063426    -0.0877      7.448   749.1427 1.2374e-01     3.2854     -0.603     -0.875     3.0702 0.0000e+00
     -0.616 5.3715e-72    11.9828     89.073      1.874   1.051900    -0.0832      7.453   750.4187 1.2376e-01     3.3539     -0.604     -0.876     3.0705 0.0000e+00
     -0.616 4.8834e-73    11.9836     89.079      1.851   1.039345    -0.0812      7.456   750.6238 1.2378e-01     3.4070     -0.604     -0.876     3.0708 0.0000e+00
     -0.615 4.4394e-74    11.9688     89.121      1.849   1.038307    -0.0891      7.459   747.3207 1.2378e-01     3.4835     -0.603     -0.875     3.0711 0.0000e+00
     -0.615 4.0358e-75    11.9654     89.172      1.851   1.039354    -0.0881      7.459   753.6729 1.2376e-01     3.5607     -0.603     -0.875     3.0714 0.0000e+00
     -0.616 3.6689e-76    11.9687     89.223      1.874   1.052013    -0.0762      7.454   783.8062 1.2374e-01     3.5884     -0.604     -0.876     3.0717 0.0000e+00
     -0.616 3.3354e-77    11.9626     89.274      1.896   1.064672    -0.0702      7.447   818.6104 1.2375e-01     3.5113     -0.604     -0.876     3.0720 0.0000e+00
     -0.615 3.0322e-78    11.9744     89.294      1.898   1.065719    -0.0818      7.447   837.9017 1.2380e-01     3.3119     -0.603     -0.875     3.0722 0.0000e+00
     -0.615 2.7566e-79    11.9794     89.275      1.896   1.064672    -0.0923      7.451   845.6654 1.2388e-01     3.2274     -0.603     -0.875     3.0726 0.0000e+00
     -0.615 2.5061e-80    11.9854     89.255      1.873   1.052013    -0.0877      7.456   849.6717 1.2384e-01     3.3093     -0.603     -0.875     3.0728 0.0000e+00
     -0.615 2.2970e-81    11.9954     89.260      1.851   1.039355    -0.0852      7.459   852.5283 1.2374e-01     3.4139     -0.603     -0.875     3.0731 0.0000e+00
     -0.615 4.1421e-82    11.9979     89.267      1.849   1.038308    -0.0871      7.460   853.6185 1.2372e-01     3.4678     -0.604     -0.876     3.0735 0.0000e+00
     -0.615 -9.990e-29    11.9936 -9.990e-29 -9.990e-29 -9.990e-29 -9.990e-29 -9.990e-29 -9.990e-29 1.2371e-01 -9.990e-29     -0.603     -0.875     3.0738 0.0000e+00
     -0.615 -9.990e-29    11.9876 -9.990e-29 -9.990e-29 -9.990e-29 -9.990e-29 -9.990e-29 -9.990e-29 1.2367e-01 -9.990e-29     -0.603     -0.875     3.0741 0.0000e+00
     -0.615 -9.990e-29    11.9918 -9.990e-29 -9.990e-29 -9.990e-29 -9.990e-29 -9.990e-29 -9.990e-29 1.2368e-01 -9.990e-29     -0.603     -0.875     3.0744 0.0000e+00
     -0.615 -9.990e-29    11.9924 -9.990e-29 -9.990e-29 -9.990e-29 -9.990e-29 -9.990e-29 -9.990e-29 1.2370e-01 -9.990e-29     -0.603     -0.875     3.0746 0.0000e+00
