Data/DataNotYetUploadedToEDI/Raw_CTD/RawDownloads/022422_bvr50.cnv
* Sea-Bird SBE19plus  Data File:
* FileName = C:\R\Reservoirs\Data\DataNotYetUploadedToEDI\Raw_CTD\RawDownloads\022422_bvr_0001.hex
* Software version 2.8.0.119
* Temperature SN = 7809
* Conductivity SN = 7809
* System UpLoad Time = Feb 24 2022 15:39:40
* <ApplicationData>
* <Seaterm232>
# nquan = 16
# nvalues = 1601                        
# units = specified
# name 0 = depFM: Depth [fresh water, m]
# name 1 = dz/dtM: Descent Rate [m/s]
# name 2 = orp: Oxidation Reduction Potential [mV]
# name 3 = sbeox0Mg/L: Oxygen, SBE 43 [mg/l]
# name 4 = sbeox0PS: Oxygen, SBE 43 [% saturation]
# name 5 = par/sat/log: PAR/Logarithmic, Satlantic
# name 6 = ph: pH
# name 7 = specc: Specific Conductance [uS/cm]
# name 8 = c0uS/cm: Conductivity [uS/cm]
# name 9 = flECO-AFL: Fluorescence, WET Labs ECO-AFL/FL [mg/m^3]
# name 10 = turbWETntu0: Turbidity, WET Labs ECO [NTU]
# name 11 = tv290C: Temperature [ITS-90, deg C]
# name 12 = density00: Density [density, kg/m^3]
# name 13 = prdE: Pressure, Strain Gauge [psi]
# name 14 = prdM: Pressure, Strain Gauge [db]
# name 15 = flag:  0.000e+00
# span 0 =     -0.684,      9.366       
# span 1 =     -0.326,      0.225       
# span 2 =  -773.4863,   642.8080       
# span 3 =     8.2139,    13.4164       
# span 4 =     63.800,    104.594       
# span 5 = 1.2362e-01, 8.3508e+01       
# span 6 =      3.612,      7.175       
# span 7 =      1.430,     52.433       
# span 8 =   0.865935,  30.234424       
# span 9 =    -0.1722,    10.9774       
# span 10 =    -0.4362,    24.2295      
# span 11 =     2.1008,     5.3635      
# span 12 =   999.9441,  1000.0246      
# span 13 =     -0.973,     13.322      
# span 14 =     -0.671,      9.185      
# span 15 = 0.0000e+00, 0.0000e+00      
# interval = seconds: 0.25
# start_time = Feb 24 2022 08:01:48 [Instrument's time stamp, header]
# bad_flag = -9.990e-29
*END*
[from data line 272]
      1.671      0.058   352.1044    11.6789     92.895 5.4992e+00      6.927     28.220  17.122599     8.5565     3.8845     5.3337   999.9790      2.376      1.637 0.0000e+00
      1.689      0.059   352.1175    11.7408     92.872 5.4246e+00      6.929     28.198  17.109877     8.1250     3.8771     5.3347   999.9790      2.403      1.656 0.0000e+00
      1.706      0.059   352.2195    11.7497     92.932 5.3815e+00      6.933     28.193  17.107021     7.8931     3.8963     5.3352   999.9791      2.427      1.674 0.0000e+00
      1.722      0.059   352.3906    11.7626     92.979 5.3467e+00      6.937     28.161  17.088069     7.8587     3.9121     5.3358   999.9792      2.449      1.689 0.0000e+00
      1.735      0.058   352.4649    11.7664     92.983 5.3123e+00      6.939     28.131  17.070791     7.7681     3.8621     5.3362   999.9792      2.468      1.703 0.0000e+00
      1.747      0.057   352.5155    11.7446     93.008 5.2836e+00      6.939     28.159  17.088182     7.6292     3.8383     5.3372   999.9793      2.485      1.713 0.0000e+00
      1.761      0.058   352.6588    11.7693     93.064 5.2501e+00      6.939     28.193  17.108276     7.5608     3.8635     5.3379   999.9793      2.503      1.725 0.0000e+00
      1.777      0.058   352.6484    11.7728     93.131 5.2091e+00      6.939     28.220  17.123685     7.5576     3.8590     5.3378   999.9794      2.529      1.743 0.0000e+00
      1.792      0.058   352.3895    11.7669     93.146 5.1514e+00      6.939     28.261  17.147771     7.5659     3.8188     5.3396   999.9794      2.549      1.758 0.0000e+00
      1.809      0.058   352.1965    11.7729     93.099 5.0734e+00      6.940     28.259  17.146072     7.5774     3.8215     5.3409   999.9795      2.571      1.772 0.0000e+00
      1.825      0.058   352.3786    11.7775     93.032 5.0087e+00      6.941     28.189  17.103138     7.5795     3.8580     5.3398   999.9796      2.599      1.792 0.0000e+00
      1.838      0.057   352.6129    11.7931     92.932 4.9483e+00      6.940     28.139  17.072149     7.5749     3.8497     5.3380   999.9797      2.616      1.803 0.0000e+00
      1.850      0.055   352.5353    11.7953     92.802 4.8588e+00      6.940     28.164  17.088167     7.5721     3.8241     5.3366   999.9798      2.629      1.812 0.0000e+00
      1.865      0.052   352.4718    11.7853     92.699 4.7753e+00      6.940     28.194  17.106747     7.6205     3.8213     5.3355   999.9799      2.651      1.828 0.0000e+00
      1.880      0.049   352.5340    11.7794     92.667 4.7170e+00      6.940     28.195  17.106722     7.7271     3.8501     5.3342   999.9800      2.677      1.845 0.0000e+00
      1.894      0.046   352.5995    11.7680     92.707 4.6599e+00      6.939     28.165  17.087872     7.7965     3.8999     5.3344   999.9800      2.696      1.859 0.0000e+00
      1.905      0.042   352.5749    11.7458     92.752 4.5900e+00      6.938     28.135  17.068894     7.8011     3.8769     5.3360   999.9801      2.708      1.867 0.0000e+00
      1.915      0.037   352.4941    11.7328     92.810 4.5217e+00      6.940     28.134  17.067324     7.7499     3.8103     5.3362   999.9801      2.723      1.877 0.0000e+00
      1.924      0.032   352.5689    11.7261     92.956 4.4817e+00      6.943     28.137  17.068895     7.6601     3.8454     5.3346   999.9802      2.737      1.887 0.0000e+00
      1.930      0.029   352.6193    11.7377     93.109 4.4547e+00      6.946     28.169  17.087887     7.6146     3.8924     5.3331   999.9802      2.747      1.894 0.0000e+00
      1.935      0.029   352.5009    11.7459     93.178 4.4263e+00      6.950     28.200  17.106892     7.6068     3.8324     5.3319   999.9802      2.753      1.898 0.0000e+00
      1.941      0.029   352.4280    11.7414     93.124 4.4040e+00      6.953     28.202  17.108620     7.4497     3.8025     5.3307   999.9803      2.759      1.902 0.0000e+00
      1.948      0.034   352.5134    11.7711     92.953 4.3830e+00      6.956     28.201  17.108778     7.1549     3.8730     5.3303   999.9803      2.771      1.911 0.0000e+00
      1.957      0.040   352.5869    11.7933     92.784 4.3651e+00      6.959     28.200  17.108802     6.9969     3.9327     5.3299   999.9804      2.784      1.920 0.0000e+00
      1.966      0.046   352.5409    11.8016     92.689 4.3403e+00      6.959     28.199  17.108907     6.9883     3.9090     5.3303   999.9805      2.792      1.926 0.0000e+00
      1.980      0.049   352.4739    11.7994     92.668 4.2975e+00      6.960     28.201  17.110051     7.0089     3.8597     5.3311   999.9805      2.813      1.940 0.0000e+00
      1.997      0.050   352.4651    11.7662     92.714 4.2512e+00      6.963     28.222  17.122626     7.1548     3.9175     5.3320   999.9806      2.842      1.959 0.0000e+00
      2.014      0.049   352.5216    11.7428     92.765 4.2102e+00      6.966     28.242  17.134249     7.4116     4.0614     5.3336   999.9806      2.866      1.976 0.0000e+00
      2.026      0.047   352.6402    11.7317     92.701 4.1781e+00      6.967     28.225  17.123871     7.5511     4.0965     5.3353   999.9807      2.883      1.988 0.0000e+00
      2.034      0.045   352.7803    11.7270     92.517 4.1572e+00      6.967     28.224  17.123857     7.5756     4.0350     5.3350   999.9807      2.893      1.994 0.0000e+00
      2.042      0.044   352.7527    11.7377     92.456 4.1383e+00      6.965     28.240  17.134078     7.6840     3.9661     5.3334   999.9808      2.904      2.002 0.0000e+00
      2.052      0.042   352.6506    11.7483     92.546 4.1025e+00      6.964     28.216  17.120741     7.8791     3.8790     5.3332   999.9809      2.917      2.011 0.0000e+00
      2.065      0.042   352.6642    11.7483     92.582 4.0446e+00      6.966     28.163  17.089316     7.9950     3.8354     5.3338   999.9809      2.934      2.022 0.0000e+00
      2.080      0.043   352.7457    11.7035     92.671 3.9971e+00      6.968     28.133  17.070894     8.0037     3.8153     5.3341   999.9810      2.961      2.042 0.0000e+00
      2.092      0.045   352.8615    11.6900     92.846 3.9718e+00      6.969     28.162  17.088069     7.9421     3.8067     5.3351   999.9810      2.981      2.054 0.0000e+00
      2.098      0.048   352.9463    11.7296     92.959 3.9414e+00      6.969     28.195  17.106909     7.8408     3.8679     5.3370   999.9810      2.983      2.056 0.0000e+00
      2.105      0.050   352.9095    11.7123     93.019 3.8954e+00      6.968     28.199  17.108620     7.7953     3.9060     5.3388   999.9809      2.990      2.061 0.0000e+00
      2.120      0.051   352.7606    11.7226     93.012 3.8349e+00      6.966     28.199  17.108762     7.8073     3.8579     5.3395   999.9810      3.013      2.078 0.0000e+00
      2.138      0.052   352.7815    11.7626     92.944 3.7728e+00      6.966     28.199  17.108620     7.9288     3.8320     5.3376   999.9812      3.042      2.097 0.0000e+00
      2.155      0.052   352.9902    11.7667     92.904 3.7229e+00      6.966     28.195  17.106909     8.1572     3.8666     5.3351   999.9813      3.068      2.114 0.0000e+00
      2.170      0.049   353.1334    11.7804     92.914 3.6871e+00      6.968     28.161  17.088070     8.2794     3.9004     5.3348   999.9814      3.088      2.130 0.0000e+00
      2.180      0.044   353.2218    11.7792     92.909 3.6690e+00      6.970     28.131  17.070903     8.2742     3.8992     5.3349   999.9814      3.101      2.138 0.0000e+00
      2.189      0.040   353.2850    11.7644     92.888 3.6535e+00      6.971     28.159  17.089414     8.1695     3.8864     5.3347   999.9815      3.113      2.146 0.0000e+00
      2.196      0.038   353.3814    11.7568     92.853 3.6245e+00      6.974     28.210  17.121816     7.9795     3.8818     5.3352   999.9815      3.125      2.154 0.0000e+00
      2.204      0.039   353.5267    11.7648     92.816 3.5756e+00      6.977     28.245  17.145902     7.8738     3.8782     5.3378   999.9815      3.134      2.160 0.0000e+00
      2.213      0.040   353.5782    11.7608     92.838 3.5279e+00      6.978     28.210  17.127216     7.8565     3.8765     5.3410   999.9814      3.147      2.170 0.0000e+00
      2.225      0.041   353.4886    11.7563     92.868 3.5061e+00      6.979     28.140  17.085956     7.8373     3.8620     5.3433   999.9814      3.163      2.181 0.0000e+00
      2.239      0.042   353.3901    11.7553     92.848 3.4828e+00      6.981     28.147  17.090514     7.7080     3.8387     5.3459   999.9815      3.186      2.196 0.0000e+00
      2.251      0.044   353.4192    11.7385     92.778 3.4560e+00      6.983     28.193  17.118969     7.4755     3.8343     5.3503   999.9815      3.203      2.209 0.0000e+00
      2.260      0.047   353.4970    11.7482     92.708 3.4329e+00      6.986     28.183  17.113238     7.3565     3.8432     5.3553   999.9814      3.215      2.216 0.0000e+00
      2.269      0.050   353.5564    11.7529     92.741 3.4034e+00      6.989     28.134  17.084572     7.3682     3.8433     5.3582   999.9813      3.226      2.225 0.0000e+00
      2.280      0.053   353.6206    11.7491     92.861 3.3689e+00      6.989     28.141  17.089141     7.6083     3.9379     5.3583   999.9814      3.239      2.233 0.0000e+00
      2.295      0.055   353.5853    11.7407     92.981 3.3303e+00      6.989     28.167  17.105135     8.0703     4.0999     5.3578   999.9815      3.263      2.250 0.0000e+00
      2.314      0.056   353.4732    11.7221     93.081 3.2952e+00      6.989     28.140  17.087881     8.3267     4.1280     5.3592   999.9816      3.291      2.269 0.0000e+00
      2.332      0.055   353.3841    11.7277     93.136 3.2618e+00      6.991     28.113  17.070593     8.3283     4.0728     5.3620   999.9815      3.318      2.288 0.0000e+00
      2.346      0.052   353.3689    11.7498     93.165 3.2389e+00      6.994     28.139  17.086170     8.2558     3.9793     5.3635   999.9816      3.340      2.303 0.0000e+00
      2.356      0.048   353.4610    11.7625     93.230 3.2159e+00      6.996     28.138  17.086157     8.1582     3.8511     5.3622   999.9817      3.351      2.311 0.0000e+00
      2.364      0.046   353.5515    11.7787     93.302 3.1744e+00      6.997     28.112  17.070436     8.1138     3.8208     5.3602   999.9817      3.361      2.318 0.0000e+00
      2.374      0.046   353.6029    11.7864     93.313 3.1364e+00      6.999     28.140  17.086157     8.1102     3.8518     5.3590   999.9818      3.375      2.327 0.0000e+00
      2.386      0.050   353.7370    11.7832     93.246 3.1003e+00      7.000     28.145  17.086171     8.1067     3.8503     5.3585   999.9819      3.392      2.339 0.0000e+00
      2.399      0.056   353.9692    11.7950     93.138 3.0497e+00      7.000     28.126  17.070608     8.1122     3.8372     5.3594   999.9819      3.413      2.352 0.0000e+00
      2.414      0.061   354.0871    11.8074     93.065 2.9968e+00      6.998     28.163  17.088043     8.1265     3.8640     5.3605   999.9819      3.433      2.367 0.0000e+00
      2.430      0.062   354.0438    11.8097     93.059 2.9562e+00      6.996     28.200  17.106907     8.1386     3.9007     5.3589   999.9821      3.456      2.383 0.0000e+00
      2.449      0.059   353.9626    11.8014     93.087 2.9091e+00      6.993     28.206  17.108622     8.3006     3.8707     5.3540   999.9823      3.481      2.401 0.0000e+00
      2.469      0.052   353.8794    11.7859     93.114 2.8584e+00      6.992     28.208  17.108777     8.6198     3.8431     5.3454   999.9825      3.514      2.423 0.0000e+00
      2.485      0.042   353.8120    11.7772     93.111 2.8369e+00      6.996     28.209  17.108777     8.8019     3.8739     5.3361   999.9828      3.540      2.440 0.0000e+00
      2.493      0.033   353.8360    11.7816     93.086 2.8369e+00      6.998     28.208  17.108621     8.8298     3.8684     5.3303   999.9830      3.549      2.447 0.0000e+00
      2.495      0.024   353.9976    11.7869     93.078 2.8420e+00      6.998     28.205  17.106893     8.8157     3.8099     5.3266   999.9831      3.550      2.448 0.0000e+00
      2.495      0.018   354.2170    11.7931     93.083 2.8383e+00      6.999     28.173  17.087888     8.5982     3.8169     5.3239   999.9831      3.547      2.446 0.0000e+00
      2.498      0.013   354.3377    11.7930     93.108 2.8287e+00      7.000     28.141  17.068896     8.2215     3.8839     5.3236   999.9832      3.550      2.448 0.0000e+00
      2.503      0.013   354.3394    11.7848     93.118 2.8243e+00      7.000     28.138  17.067324     8.0237     3.9019     5.3251   999.9832      3.560      2.455 0.0000e+00
      2.509      0.014   354.4092    11.7869     93.084 2.8231e+00      7.000     28.139  17.068880     7.9872     3.8644     5.3257   999.9832      3.571      2.463 0.0000e+00
      2.512      0.015   354.4931    11.7853     93.063 2.8141e+00      7.001     28.168  17.087717     7.8561     3.8405     5.3253   999.9832      3.575      2.464 0.0000e+00
      2.514      0.015   354.4932    11.7896     93.061 2.7925e+00      7.002     28.196  17.105008     7.6448     3.8868     5.3260   999.9831      3.574      2.464 0.0000e+00
      2.516      0.016   354.4970    11.7961     93.070 2.7874e+00      7.003     28.167  17.087886     7.5382     3.9462     5.3274   999.9832      3.578      2.467 0.0000e+00
      2.521      0.019   354.4529    11.7826     93.059 2.7963e+00      7.005     28.141  17.070765     7.5327     3.9437     5.3288   999.9831      3.585      2.472 0.0000e+00
      2.526      0.021   354.3901    11.7830     92.988 2.7906e+00      7.007     28.172  17.088059     7.5952     3.9243     5.3306   999.9832      3.592      2.476 0.0000e+00
      2.533      0.022   354.5126    11.7819     92.903 2.7743e+00      7.009     28.207  17.106918     7.7190     3.9161     5.3321   999.9832      3.602      2.483 0.0000e+00
      2.541      0.021   354.6429    11.7822     92.820 2.7551e+00      7.010     28.212  17.108721     7.7895     3.8789     5.3322   999.9832      3.615      2.493 0.0000e+00
      2.547      0.018   354.5892    11.7890     92.765 2.7388e+00      7.011     28.215  17.109863     7.7906     3.8169     5.3302   999.9832      3.625      2.499 0.0000e+00
      2.551      0.014   354.4661    11.7727     92.794 2.7314e+00      7.012     28.234  17.120716     7.7157     3.7800     5.3259   999.9834      3.629      2.503 0.0000e+00
      2.554      0.010   354.3591    11.7657     92.844 2.7249e+00      7.012     28.223  17.113231     7.5832     3.8090     5.3224   999.9835      3.632      2.505 0.0000e+00
      2.554      0.006   354.3273    11.7554     92.846 2.7244e+00      7.013     28.173  17.082720     7.5195     3.8609     5.3203   999.9835      3.633      2.505 0.0000e+00
      2.554      0.005   354.3399    11.7422     92.821 2.7269e+00      7.014     28.151  17.068582     7.5205     3.8607     5.3181   999.9836      3.633      2.505 0.0000e+00
      2.555      0.006   354.4252    11.7521     92.793 2.7248e+00      7.014     28.154  17.069011     7.5198     3.8400     5.3173   999.9836      3.635      2.506 0.0000e+00
      2.555      0.008   354.5837    11.7634     92.800 2.7184e+00      7.015     28.186  17.087900     7.5687     3.8499     5.3174   999.9836      3.634      2.505 0.0000e+00
      2.557      0.011   354.7940    11.7595     92.831 2.7025e+00      7.015     28.217  17.106897     7.6709     3.8783     5.3167   999.9836      3.636      2.506 0.0000e+00
      2.561      0.015   354.9024    11.7579     92.828 2.6897e+00      7.015     28.219  17.108633     7.7319     3.8763     5.3146   999.9837      3.643      2.511 0.0000e+00
      2.566      0.020   354.8624    11.7526     92.810 2.6856e+00      7.016     28.219  17.108892     7.7572     3.8254     5.3127   999.9837      3.649      2.516 0.0000e+00
