Data/DataNotYetUploadedToEDI/Raw_CTD/RawDownloads/022423_fcr50_S8188004.cnv
* Sea-Bird SBE19plus  Data File:
* FileName = C:\R\Reservoirs\Data\DataNotYetUploadedToEDI\Raw_CTD\RawDownloads\011123_fcr50_S8188_0004.hex
* Software version 2.8.0.119
* Temperature SN = 8188
* Conductivity SN = 8188
* System UpLoad Time = Mar 20 2023 14:56:02
* <ApplicationData>
* <Seaterm232>
# nquan = 16
# nvalues = 2370                        
# units = specified
# name 0 = depFM: Depth [fresh water, m]
# name 1 = dz/dtM: Descent Rate [m/s]
# name 2 = sbeox0Mg/L: Oxygen, SBE 43 [mg/l]
# name 3 = sbeox0PS: Oxygen, SBE 43 [% saturation]
# name 4 = specc: Specific Conductance [uS/cm]
# name 5 = c0uS/cm: Conductivity [uS/cm]
# name 6 = wetCDOM: Fluorescence, WET Labs CDOM [mg/m^3]
# name 7 = flECO-AFL: Fluorescence, WET Labs ECO-AFL/FL [mg/m^3]
# name 8 = flECO-AFL1: Fluorescence, WET Labs ECO-AFL/FL, 2 [mg/m^3]
# name 9 = flECO-AFL2: Fluorescence, WET Labs ECO-AFL/FL, 3 [mg/m^3]
# name 10 = par/sat/log: PAR/Logarithmic, Satlantic
# name 11 = turbWETntu0: Turbidity, WET Labs ECO [NTU]
# name 12 = prdM: Pressure, Strain Gauge [db]
# name 13 = prdE: Pressure, Strain Gauge [psi]
# name 14 = tv290C: Temperature [ITS-90, deg C]
# name 15 = flag:  0.000e+00
# span 0 =     -0.569,      9.746       
# span 1 =     -0.281,      0.129       
# span 2 =     0.2485,    11.9988       
# span 3 =      2.008,     97.486       
# span 4 =      0.434,    420.159       
# span 5 =   0.312369, 262.034254       
# span 6 =    -4.5000,   367.2000       
# span 7 =    -0.7983,    11.3326       
# span 8 =    -2.1300,    53.0370       
# span 9 =    -2.0304,     8.7984       
# span 10 = 1.1590e-01, 8.6630e+02      
# span 11 =    -3.6549,   966.3601      
# span 12 =     -0.558,      9.557      
# span 13 =     -0.809,     13.862      
# span 14 =     6.1345,    12.5706      
# span 15 = 0.0000e+00, 0.0000e+00      
# interval = seconds: 0.25
# start_time = Feb 24 2023 07:32:45 [Instrument's time stamp, header]
# bad_flag = -9.990e-29
*END*
[from data line 2351]
     -0.298     -0.200    10.4152     90.066     37.184  25.605195     3.6900     3.6840     0.0426     0.5076 3.0840e+02     2.3422     -0.292     -0.424     9.4564 0.0000e+00
     -0.351     -0.179    10.3962     89.624     37.072  25.514670     3.6900    10.8252     0.0426     0.5076 1.9553e+02     2.4323     -0.344     -0.500     9.4586 0.0000e+00
     -0.394     -0.154    10.3719     89.096     36.822  25.330484     5.9400    10.7947     3.3228     0.0000 1.6291e+02     2.2670     -0.386     -0.561     9.4542 0.0000e+00
     -0.428     -0.127    10.3417     88.490     36.364  25.005497     5.9400    10.8100     3.3228     0.0000 1.4225e+02     2.2370     -0.419     -0.608     9.4432 0.0000e+00
     -0.454     -0.101    10.3043     87.820     35.576  24.455028     5.9400    10.8634     3.3228     0.0000 9.9283e+01     2.3422     -0.444     -0.645     9.4274 0.0000e+00
     -0.474     -0.079    10.2581     87.117     34.242  23.532283     5.9400    -0.7869     3.3228     0.0000 7.3688e+01    -3.4595     -0.464     -0.674     9.4094 0.0000e+00
     -0.489     -0.062    10.2019     86.429     32.012  21.995157     0.0000    -0.7983     0.9798     0.9729 6.7290e+01    -3.6549     -0.479     -0.696     9.3921 0.0000e+00
     -0.501     -0.049    10.1361     85.786     28.300  19.441668     0.0000    -0.7907     0.9798     0.9729 5.0433e+01    -3.5647     -0.491     -0.713     9.3770 0.0000e+00
     -0.511     -0.038    10.0623     85.198     22.998  15.796518     0.0000    -0.7983     0.9798     0.9729 3.5653e+01    -3.5046     -0.501     -0.726     9.3646 0.0000e+00
     -0.518     -0.031     9.9843     84.665     17.592  12.080304     0.0000    -0.1155     0.9798     0.9729 2.9685e+01    -0.3482     -0.508     -0.736     9.3542 0.0000e+00
     -0.523     -0.025     9.9076     84.183     13.679   9.389338     0.0000    -0.1269     0.0000     0.3807 3.7767e+01    -0.3182     -0.513     -0.744     9.3451 0.0000e+00
     -0.528     -0.021     9.8362     83.761     11.166   7.660839     0.0000    -0.1269     0.0000     0.3807 3.9693e+01    -0.3783     -0.517     -0.750     9.3359 0.0000e+00
     -0.531     -0.018     9.7715     83.424      9.484   6.503091     0.0000    -0.1308     0.0000     0.3807 4.5675e+01    -0.3633     -0.521     -0.755     9.3251 0.0000e+00
     -0.533     -0.017     9.7137     83.198      8.490   5.818966     0.0000    -0.1193     0.0000     0.3807 5.3203e+01    -0.3482     -0.523     -0.759     9.3111 0.0000e+00
     -0.535     -0.016     9.6627     83.117      8.157   5.590169     0.0000    -0.1155     0.0000     0.3807 5.0818e+01    -0.2881     -0.525     -0.762     9.2926 0.0000e+00
     -0.537 -9.990e-29     9.6193 -9.990e-29 -9.990e-29 -9.990e-29     0.0000 -9.990e-29    -0.0426    -0.0423 4.9986e+01 -9.990e-29     -0.526     -0.764     9.2714 0.0000e+00
     -0.537 -9.990e-29     9.5850 -9.990e-29 -9.990e-29 -9.990e-29     0.0000 -9.990e-29    -0.0426    -0.0423 4.9650e+01 -9.990e-29     -0.527     -0.765     9.2525 0.0000e+00
     -0.538 -9.990e-29     9.5617 -9.990e-29 -9.990e-29 -9.990e-29     0.0000 -9.990e-29    -0.0426    -0.0423 4.9456e+01 -9.990e-29     -0.528     -0.766     9.2408 0.0000e+00
     -0.538 -9.990e-29     9.5532 -9.990e-29 -9.990e-29 -9.990e-29     0.0000 -9.990e-29    -0.0426    -0.0423 4.9888e+01 -9.990e-29     -0.528     -0.766     9.2372 0.0000e+00
