Data/DataNotYetUploadedToEDI/Raw_CTD/RawDownloads/022425_fcr50_S7809002.cnv
* Sea-Bird SBE19plus  Data File:
* FileName = C:\R\Reservoirs\Data\DataNotYetUploadedToEDI\Raw_CTD\RawDownloads\021025_fcr50_S7809_0002.hex
* Software version 2.8.0.119
* Temperature SN = 7809
* Conductivity SN = 7809
* System UpLoad Time = Feb 25 2025 10:19:32
* <ApplicationData>
* <Seaterm232>
# nquan = 15
# nvalues = 1862                        
# units = specified
# name 0 = depFM: Depth [fresh water, m]
# name 1 = dz/dtM: Descent Rate [m/s]
# name 2 = sbeox0Mg/L: Oxygen, SBE 43 [mg/l]
# name 3 = sbeox0PS: Oxygen, SBE 43 [% saturation]
# name 4 = specc: Specific Conductance [uS/cm]
# name 5 = c0uS/cm: Conductivity [uS/cm]
# name 6 = flECO-AFL: Fluorescence, WET Labs ECO-AFL/FL [mg/m^3]
# name 7 = ph: pH
# name 8 = orp: Oxidation Reduction Potential [mV]
# name 9 = par/sat/log: PAR/Logarithmic, Satlantic
# name 10 = turbWETntu0: Turbidity, WET Labs ECO [NTU]
# name 11 = prdM: Pressure, Strain Gauge [db]
# name 12 = prdE: Pressure, Strain Gauge [psi]
# name 13 = tv290C: Temperature [ITS-90, deg C]
# name 14 = flag:  0.000e+00
# span 0 =     -0.639,      9.595       
# span 1 =     -0.255,      3.857       
# span 2 =     3.5140,    13.7056       
# span 3 =     27.152,    100.784       
# span 4 =      0.217,    326.289       
# span 5 =   0.152035, 187.510646       
# span 6 =    -0.8568,     8.5103       
# span 7 =     -2.395,     11.903       
# span 8 = -1240.7455,  1240.2295       
# span 9 = 1.2364e-01, 1.4940e+03       
# span 10 =    -3.7773,   931.5875      
# span 11 =     -0.628,      9.410      
# span 12 =     -0.910,     13.649      
# span 13 =     2.5419,    15.0513      
# span 14 = 0.0000e+00, 0.0000e+00      
# interval = seconds: 0.25
# start_time = Feb 24 2025 10:59:12 [Instrument's time stamp, header]
# bad_flag = -9.990e-29
*END*
[from data line 964]
      3.557      0.006    12.2816     90.674     31.425  17.496029     7.7213      7.402   314.8553 5.2616e+00     6.9479      3.489      5.060     2.8308 0.0000e+00
      3.558      0.013    12.2730     90.688     31.456  17.514905     7.6656      7.405   314.9688 5.2482e+00     6.9441      3.489      5.060     2.8319 0.0000e+00
      3.559      0.023    12.2666     90.763     31.458  17.516621     7.6628      7.407   314.2127 5.2387e+00     6.9748      3.490      5.061     2.8330 0.0000e+00
      3.562      0.034    12.2605     90.868     31.459  17.516777     7.6364      7.409   312.8541 5.2036e+00     6.9437      3.493      5.065     2.8346 0.0000e+00
      3.572      0.044    12.2573     90.961     31.460  17.516790     7.5883      7.410   312.4808 5.0827e+00     6.8403      3.500      5.076     2.8370 0.0000e+00
      3.590      0.054    12.2541     91.036     31.462  17.516778     7.5721      7.411   312.7105 4.8934e+00     6.8185      3.518      5.104     2.8396 0.0000e+00
      3.611      0.062    12.2672     91.100     31.463  17.516631     7.5916      7.413   313.1359 4.7647e+00     6.9187      3.545      5.142     2.8413 0.0000e+00
      3.628      0.066    12.2838     91.151     31.460  17.515012     7.6070      7.415   313.9252 4.6902e+00     6.9588      3.558      5.161     2.8411 0.0000e+00
      3.643      0.066    12.2967     91.168     31.427  17.497198     7.6917      7.415   314.4238 4.5777e+00     6.9278      3.571      5.179     2.8395 0.0000e+00
      3.660      0.063    12.3073     91.158     31.414  17.491443     7.8582      7.416   314.6048 4.4592e+00     6.9541      3.590      5.207     2.8376 0.0000e+00
      3.679      0.061    12.3153     91.137     31.442  17.508828     7.9470      7.416   313.7047 4.3734e+00     7.0040      3.608      5.232     2.8358 0.0000e+00
      3.694      0.061    12.3254     91.090     31.452  17.517211     7.9505      7.416   311.8000 4.3245e+00     6.9840      3.625      5.257     2.8356 0.0000e+00
      3.705      0.062    12.3256     91.036     31.470  17.529405     7.9334      7.417   311.1061 4.2637e+00     6.9521      3.633      5.269     2.8371 0.0000e+00
      3.720      0.065    12.3225     91.010     31.469  17.529466     7.8983      7.418   311.5956 4.1586e+00     7.0277      3.645      5.286     2.8385 0.0000e+00
      3.738      0.067    12.3205     90.975     31.447  17.517954     7.8833      7.418   311.7816 4.0747e+00     7.1465      3.668      5.320     2.8418 0.0000e+00
      3.755      0.068    12.3118     90.910     31.442  17.517011     7.8768      7.420   311.8064 3.9925e+00     7.1584      3.682      5.340     2.8475 0.0000e+00
      3.775      0.069    12.2992     90.873     31.442  17.518059     7.8451      7.423   312.4975 3.8783e+00     7.1032      3.701      5.366     2.8508 0.0000e+00
      3.797      0.068    12.2988     90.870     31.462  17.530625     7.8164      7.424   313.5131 3.7970e+00     7.0941      3.728      5.406     2.8511 0.0000e+00
      3.812      0.065    12.2975     90.873     31.483  17.542150     7.8211      7.425   313.8467 3.7389e+00     7.1166      3.740      5.424     2.8523 0.0000e+00
      3.825      0.063    12.2802     90.896     31.463  17.530624     7.8360      7.425   313.0892 3.6630e+00     7.1359      3.749      5.437     2.8546 0.0000e+00
      3.841      0.061    12.2759     90.939     31.439  17.518050     7.8210      7.423   311.7543 3.6026e+00     7.1233      3.769      5.466     2.8573 0.0000e+00
      3.856      0.060    12.2780     90.992     31.431  17.516916     7.7807      7.420   311.3873 3.5599e+00     7.0667      3.782      5.486     2.8597 0.0000e+00
      3.870      0.063    12.2754     91.055     31.422  17.516917     7.7652      7.418   311.8346 3.4720e+00     7.0667      3.791      5.499     2.8598 0.0000e+00
      3.889      0.068    12.2801     91.103     31.413  17.518061     7.7756      7.417   311.6564 3.3780e+00     7.1223      3.816      5.535     2.8570 0.0000e+00
      3.904      0.070    12.2870     91.113     31.417  17.530747     7.7401      7.415   311.2972 3.3295e+00     7.1585      3.831      5.556     2.8569 0.0000e+00
      3.920      0.067    12.2905     91.119     31.418  17.543520     7.6689      7.413   311.3636 3.2380e+00     7.2651      3.837      5.564     2.8655 0.0000e+00
      3.945      0.061    12.2975     91.145     31.405  17.545720     7.6470      7.412   311.2548 3.1213e+00     7.4205      3.870      5.613     2.8731 0.0000e+00
      3.969      0.055    12.3055     91.185     31.418  17.557350     7.6583      7.413   310.9278 3.0701e+00     7.4664      3.900      5.656     2.8788 0.0000e+00
      3.979      0.051    12.2965     91.250     31.417  17.557360     7.6557      7.414   310.6798 3.0601e+00     7.4109      3.903      5.661     2.8981 0.0000e+00
      3.981      0.046    12.2881     91.317     31.398  17.545834     7.6907      7.413   310.4933 3.0496e+00     7.2265      3.903      5.662     2.9222 0.0000e+00
      3.986      0.040    12.2889     91.332     31.396  17.544788     7.7900      7.411   310.4796 3.0001e+00     6.9791      3.906      5.666     2.9361 0.0000e+00
      3.998      0.035    12.2902     91.320     31.394  17.544712     7.8658      7.409   310.5141 2.9044e+00     6.8798      3.917      5.682     2.9425 0.0000e+00
      4.015      0.033    12.2992     91.325     31.392  17.544912     7.8826      7.407   310.3944 2.8325e+00     6.8789      3.940      5.716     2.9429 0.0000e+00
      4.027      0.031    12.3148     91.302     31.395  17.547207     7.9106      7.405   310.2365 2.8126e+00     6.8658      3.953      5.734     2.9403 0.0000e+00
      4.031      0.029    12.3145     91.233     31.442  17.572460     7.9712      7.404   310.1530 2.7964e+00     6.8922      3.953      5.734     2.9399 0.0000e+00
      4.033      0.028    12.3068     91.144     31.487  17.596655     8.0075      7.406   310.1598 2.7730e+00     6.9594      3.955      5.736     2.9418 0.0000e+00
      4.037      0.031    12.3129     91.074     31.464  17.586167     8.0085      7.411   311.0074 2.7627e+00     6.9958      3.958      5.740     2.9452 0.0000e+00
      4.043      0.039    12.3087     91.060     31.431  17.572450     8.0165      7.416   312.3995 2.7472e+00     6.9908      3.963      5.747     2.9475 0.0000e+00
      4.053      0.050    12.2986     91.074     31.398  17.557599     8.0296      7.419   312.8806 2.6967e+00     6.9663      3.971      5.761     2.9436 0.0000e+00
      4.070      0.063    12.2876     91.107     31.351  17.533395     8.0420      7.420   312.7816 2.6173e+00     6.9737      3.990      5.787     2.9393 0.0000e+00
      4.090      0.073    12.2719     91.185     31.352  17.533385     8.0581      7.422   312.3201 2.5440e+00     7.0113      4.011      5.817     2.9441 0.0000e+00
      4.110      0.078    12.2703     91.261     31.399  17.557484     8.0411      7.424   311.4303 2.4780e+00     7.1475      4.029      5.844     2.9539 0.0000e+00
      4.133      0.078    12.2721     91.319     31.427  17.571193     8.0111      7.425   310.9714 2.4017e+00     7.4251      4.052      5.877     2.9604 0.0000e+00
      4.158      0.075    12.2693     91.367     31.427  17.572336     8.0209      7.427   311.0737 2.3353e+00     7.6347      4.078      5.916     2.9640 0.0000e+00
      4.178      0.070    12.2865     91.376     31.421  17.571306     8.0341      7.428   312.3237 2.2994e+00     7.6660      4.102      5.949     2.9642 0.0000e+00
      4.191      0.063    12.2989     91.368     31.395  17.558742     8.0623      7.429   314.3841 2.2692e+00     7.4965      4.111      5.962     2.9574 0.0000e+00
      4.203      0.056    12.3054     91.376     31.372  17.547216     8.1372      7.431   315.2501 2.2224e+00     7.1912      4.118      5.972     2.9526 0.0000e+00
      4.219      0.052    12.3162     91.371     31.391  17.558744     8.1899      7.433   315.1364 2.1834e+00     7.0483      4.139      6.002     2.9553 0.0000e+00
      4.233      0.052    12.3123     91.330     31.411  17.571329     8.2008      7.437   314.6443 2.1664e+00     7.1012      4.154      6.024     2.9606 0.0000e+00
      4.241      0.055    12.3079     91.307     31.409  17.572585     8.2030      7.439   313.7742 2.1511e+00     7.1135      4.157      6.030     2.9642 0.0000e+00
      4.252      0.056    12.3098     91.302     31.406  17.573935     8.2492      7.440   313.3060 2.1141e+00     7.1291      4.166      6.043     2.9659 0.0000e+00
      4.270      0.057    12.3134     91.295     31.425  17.587662     8.3602      7.441   313.3708 2.0547e+00     7.2559      4.185      6.070     2.9670 0.0000e+00
      4.290      0.061    12.3001     91.323     31.463  17.611763     8.4382      7.441   314.2134 1.9987e+00     7.3827      4.209      6.105     2.9688 0.0000e+00
      4.306      0.064    12.2967     91.370     31.458  17.611754     8.4428      7.437   315.4921 1.9716e+00     7.4326      4.226      6.130     2.9726 0.0000e+00
      4.316      0.064    12.2987     91.396     31.410  17.587559     8.3414      7.434   316.0972 1.9481e+00     7.3806      4.230      6.135     2.9784 0.0000e+00
      4.333      0.062    12.2890     91.415     31.380  17.572803     8.1528      7.433   316.1960 1.8818e+00     7.3342      4.244      6.155     2.9841 0.0000e+00
      4.355      0.061    12.2949     91.440     31.355  17.560133     8.0588      7.432   316.1702 1.8157e+00     7.4187      4.276      6.202     2.9878 0.0000e+00
      4.371      0.060    12.3024     91.480     31.354  17.561173     8.0626      7.432   315.9568 1.7906e+00     7.4462      4.289      6.221     2.9919 0.0000e+00
      4.382      0.058    12.3025     91.530     31.394  17.585368     8.0411      7.432   315.5958 1.7664e+00     7.2900      4.291      6.225     2.9969 0.0000e+00
      4.398      0.057    12.3034     91.556     31.417  17.599094     8.0065      7.432   315.2460 1.7294e+00     7.1358      4.313      6.255     3.0001 0.0000e+00
      4.413      0.057    12.3062     91.540     31.418  17.600342     8.0018      7.432   314.9973 1.7110e+00     7.1197      4.332      6.284     3.0018 0.0000e+00
      4.423      0.058    12.3102     91.531     31.419  17.600455     8.0092      7.431   314.9978 1.6983e+00     7.1627      4.336      6.289     3.0042 0.0000e+00
      4.436      0.059    12.3181     91.544     31.419  17.600457     8.0050      7.428   315.5964 1.6588e+00     7.1433      4.344      6.301     3.0070 0.0000e+00
      4.457      0.058    12.3240     91.525     31.419  17.600363     7.9929      7.426   316.2121 1.6125e+00     7.0560      4.374      6.344     3.0083 0.0000e+00
      4.475      0.057    12.3170     91.481     31.417  17.599324     7.9869      7.426   316.2480 1.5825e+00     7.0300      4.393      6.372     3.0089 0.0000e+00
      4.486      0.057    12.3135     91.441     31.396  17.587893     7.9992      7.426   316.2020 1.5609e+00     7.1015      4.396      6.376     3.0089 0.0000e+00
      4.500      0.056    12.3220     91.405     31.398  17.588941     8.0082      7.425   316.2585 1.5321e+00     7.1352      4.413      6.401     3.0083 0.0000e+00
      4.514      0.054    12.3175     91.385     31.439  17.611993     8.0466      7.425   316.3281 1.5055e+00     7.0953      4.429      6.425     3.0081 0.0000e+00
      4.525      0.053    12.3084     91.376     31.441  17.613032     8.1474      7.425   316.3556 1.4821e+00     7.0980      4.432      6.429     3.0087 0.0000e+00
      4.540      0.054    12.3056     91.376     31.419  17.601504     8.2196      7.427   315.5583 1.4493e+00     7.1674      4.451      6.456     3.0093 0.0000e+00
      4.557      0.054    12.2978     91.384     31.413  17.599406     8.2282      7.430   314.3463 1.4243e+00     7.2179      4.474      6.489     3.0095 0.0000e+00
      4.568      0.054    12.2966     91.397     31.388  17.587661     8.2100      7.434   314.0908 1.4036e+00     7.1954      4.479      6.496     3.0091 0.0000e+00
      4.581      0.054    12.2957     91.428     31.383  17.586291     8.1912      7.437   314.3618 1.3751e+00     7.1684      4.490      6.512     3.0087 0.0000e+00
      4.596      0.053    12.2947     91.454     31.377  17.582843     8.2002      7.438   314.3523 1.3582e+00     7.1991      4.511      6.542     3.0094 0.0000e+00
      4.608      0.052    12.2965     91.467     31.312  17.545968     8.2193      7.440   314.5795 1.3396e+00     7.1573      4.517      6.552     3.0122 0.0000e+00
      4.622      0.054    12.2943     91.495     31.267  17.520819     8.2556      7.443   315.3882 1.2996e+00     7.0380      4.530      6.571     3.0161 0.0000e+00
      4.638      0.056    12.2999     91.512     31.287  17.532353     8.3314      7.445   315.7838 1.2668e+00     7.0210      4.552      6.603     3.0185 0.0000e+00
      4.650      0.058    12.3049     91.493     31.332  17.558637     8.3867      7.445   314.6312 1.2478e+00     7.0887      4.560      6.614     3.0188 0.0000e+00
      4.661      0.059    12.3030     91.480     31.378  17.585023     8.3911      7.446   312.8091 1.2214e+00     7.1389      4.565      6.622     3.0173 0.0000e+00
      4.680      0.061    12.3095     91.495     31.400  17.597805     8.4011      7.447   312.0796 1.1828e+00     7.1829      4.588      6.656     3.0172 0.0000e+00
      4.700      0.061    12.3145     91.534     31.379  17.586392     8.4412      7.447   312.0920 1.1555e+00     7.2463      4.613      6.691     3.0183 0.0000e+00
      4.713      0.059    12.3064     91.577     31.355  17.573827     8.4846      7.446   312.0982 1.1448e+00     7.3246      4.621      6.702     3.0197 0.0000e+00
      4.727      0.055    12.3043     91.607     31.352  17.572677     8.5103      7.446   312.4990 1.1153e+00     7.3776      4.632      6.718     3.0214 0.0000e+00
      4.745      0.048    12.3063     91.639     31.351  17.572480     8.4852      7.446   313.2380 1.0792e+00     7.3752      4.656      6.753     3.0216 0.0000e+00
      4.758      0.041    12.3123     91.692     31.348  17.571440     8.4147      7.446   313.5477 1.0612e+00     7.3635      4.669      6.772     3.0220 0.0000e+00
      4.764      0.034    12.3195     91.734     31.328  17.560112     8.3733      7.447   313.4045 1.0488e+00     7.4073      4.670      6.774     3.0234 0.0000e+00
      4.770      0.029    12.3218     91.733     31.332  17.562304     8.3757      7.449   312.7975 1.0437e+00     7.4612      4.676      6.783     3.0245 0.0000e+00
      4.777      0.029    12.3242     91.727     31.395  17.597941     8.3690      7.452   311.7153 1.0498e+00     7.4002      4.686      6.796     3.0251 0.0000e+00
      4.781      0.035    12.3327     91.738     31.418  17.610620     8.3092      7.455   311.0745 1.0522e+00     7.2852      4.690      6.802     3.0256 0.0000e+00
      4.785      0.044    12.3429     91.736     31.379  17.588805     8.2347      7.456   310.9002 1.0427e+00     7.2993      4.691      6.803     3.0254 0.0000e+00
      4.795      0.051    12.3374     91.689     31.378  17.587765     8.2167      7.455   310.8981 1.0171e+00     7.3658      4.695      6.811     3.0253 0.0000e+00
      4.815      0.057    12.3364     91.631     31.397  17.598054     8.2175      7.454   311.1346 9.8155e-01     7.3374      4.721      6.848     3.0255 0.0000e+00
      4.838      0.062    12.3394     91.609     31.376  17.586416     8.2105      7.455   311.3506 9.6029e-01     7.2298      4.750      6.889     3.0258 0.0000e+00
      4.855      0.064    12.3416     91.595     31.353  17.573842     8.2322      7.456   311.4456 9.4460e-01     7.1234      4.761      6.905     3.0257 0.0000e+00
      4.868      0.060    12.3343     91.565     31.351  17.572811     8.2635      7.456   311.8530 9.2647e-01     7.1102      4.774      6.925     3.0248 0.0000e+00
      4.882      0.052    12.3205     91.526     31.352  17.573955     8.2649      7.455   312.5762 9.0539e-01     7.1378      4.787      6.943     3.0244 0.0000e+00
