Data/DataNotYetUploadedToEDI/Raw_CTD/RawDownloads/022425_fcr50_S7809002.cnv
* Sea-Bird SBE19plus  Data File:
* FileName = C:\R\Reservoirs\Data\DataNotYetUploadedToEDI\Raw_CTD\RawDownloads\021025_fcr50_S7809_0002.hex
* Software version 2.8.0.119
* Temperature SN = 7809
* Conductivity SN = 7809
* System UpLoad Time = Feb 25 2025 10:19:32
* <ApplicationData>
* <Seaterm232>
# nquan = 15
# nvalues = 1862                        
# units = specified
# name 0 = depFM: Depth [fresh water, m]
# name 1 = dz/dtM: Descent Rate [m/s]
# name 2 = sbeox0Mg/L: Oxygen, SBE 43 [mg/l]
# name 3 = sbeox0PS: Oxygen, SBE 43 [% saturation]
# name 4 = specc: Specific Conductance [uS/cm]
# name 5 = c0uS/cm: Conductivity [uS/cm]
# name 6 = flECO-AFL: Fluorescence, WET Labs ECO-AFL/FL [mg/m^3]
# name 7 = ph: pH
# name 8 = orp: Oxidation Reduction Potential [mV]
# name 9 = par/sat/log: PAR/Logarithmic, Satlantic
# name 10 = turbWETntu0: Turbidity, WET Labs ECO [NTU]
# name 11 = prdM: Pressure, Strain Gauge [db]
# name 12 = prdE: Pressure, Strain Gauge [psi]
# name 13 = tv290C: Temperature [ITS-90, deg C]
# name 14 = flag:  0.000e+00
# span 0 =     -0.639,      9.595       
# span 1 =     -0.255,      3.857       
# span 2 =     3.5140,    13.7056       
# span 3 =     27.152,    100.784       
# span 4 =      0.217,    326.289       
# span 5 =   0.152035, 187.510646       
# span 6 =    -0.8568,     8.5103       
# span 7 =     -2.395,     11.903       
# span 8 = -1240.7455,  1240.2295       
# span 9 = 1.2364e-01, 1.4940e+03       
# span 10 =    -3.7773,   931.5875      
# span 11 =     -0.628,      9.410      
# span 12 =     -0.910,     13.649      
# span 13 =     2.5419,    15.0513      
# span 14 = 0.0000e+00, 0.0000e+00      
# interval = seconds: 0.25
# start_time = Feb 24 2025 10:59:12 [Instrument's time stamp, header]
# bad_flag = -9.990e-29
*END*
[from data line 1543]
      0.982     -0.168    12.1438     89.124     31.633  17.555584     6.7397      7.593   284.4049 1.8016e+02     6.9807      0.957      1.388     2.7653 0.0000e+00
      0.952     -0.177    12.1363     88.905     31.578  17.526234     6.6978      7.593   284.2579 1.8897e+02     7.1043      0.935      1.356     2.7614 0.0000e+00
      0.917     -0.178    12.1260     88.723     31.453  17.455922     6.6916      7.593   284.4520 2.0362e+02     7.1476      0.906      1.314     2.7536 0.0000e+00
      0.867     -0.174    12.1080     88.601     31.363  17.402796     6.6811      7.593   284.5146 2.2515e+02     7.0944      0.857      1.242     2.7470 0.0000e+00
      0.804     -0.169    12.0775     88.511     31.466  17.454447     6.6540      7.591   284.0696 2.4784e+02     7.0410      0.787      1.140     2.7483 0.0000e+00
      0.748     -0.168    12.0447     88.416     31.574  17.509864     6.6548      7.587   283.4591 2.6364e+02     7.0147      0.723      1.049     2.7518 0.0000e+00
      0.714     -0.168    12.0176     88.326     31.566  17.502287     6.6742      7.584   283.5002 2.7232e+02     6.9814      0.695      1.008     2.7508 0.0000e+00
      0.693     -0.168    12.0064     88.263     31.547  17.489617     6.6811      7.583   284.2223 2.8277e+02     6.9455      0.685      0.993     2.7445 0.0000e+00
      0.661     -0.169    11.9987     88.196     31.539  17.483468     6.6716      7.580   284.7040 3.0266e+02     6.8887      0.657      0.953     2.7344 0.0000e+00
      0.611     -0.174    11.9888     88.078     31.556  17.491331     6.6085      7.578   284.5920 3.3477e+02     6.9775      0.603      0.875     2.7262 0.0000e+00
      0.551     -0.183    11.9745     87.879     31.613  17.521291     6.5094      7.575   284.0738 3.6872e+02     7.2678      0.539      0.782     2.7215 0.0000e+00
      0.495     -0.190    11.9709     87.663     31.628  17.528730     6.4554      7.574   283.3432 3.9326e+02     7.3924      0.481      0.698     2.7185 0.0000e+00
      0.448     -0.192    11.9629     87.441     31.608  17.517889     6.4380      7.575   282.8125 4.1706e+02     7.3224      0.438      0.635     2.7167 0.0000e+00
      0.408     -0.187    11.9525     87.173     31.605  17.517007     6.4247      7.575   282.6479 4.5508e+02     7.2072      0.400      0.581     2.7143 0.0000e+00
      0.364     -0.180    11.9208     86.954     31.606  17.518062     6.4103      7.575   282.4714 4.9830e+02     7.0250      0.360      0.522     2.7115 0.0000e+00
      0.315     -0.175    11.8871     86.782     31.628  17.530637     6.4053      7.575   281.9692 5.3349e+02     6.8957      0.310      0.449     2.7103 0.0000e+00
      0.265     -0.173    11.8704     86.606     31.650  17.542265     6.4063      7.576   281.5655 5.8724e+02     6.8392      0.256      0.372     2.7105 0.0000e+00
      0.222     -0.170    11.8162     86.450     31.631  17.531868     6.4392      7.578   281.7200 6.1845e+02     6.7860      0.216      0.313     2.7115 0.0000e+00
      0.183     -0.161    11.7931     86.331     31.631  17.531713     6.5359      7.578   281.9445 6.2050e+02     6.7650      0.181      0.263     2.7130 0.0000e+00
      0.142     -0.151    11.7724     86.217     31.647  17.540394     6.6107      7.575   281.9573 6.8013e+02     6.7219      0.140      0.204     2.7134 0.0000e+00
      0.099     -0.147    11.7454     86.073     31.593  17.510037     6.6025      7.571   281.7885 7.7613e+02     6.6064      0.093      0.136     2.7127 0.0000e+00
      0.064     -0.156    11.7239     85.902     31.543  17.481647     6.4366      7.567   281.2805 8.5332e+02     6.4959      0.059      0.084     2.7124 0.0000e+00
      0.039     -0.172    11.7086     85.704     31.603  17.514121     6.1532      7.565   280.8911 8.2613e+02     6.4439      0.040      0.058     2.7125 0.0000e+00
      0.008     -0.185    11.6980     85.495     31.733  17.585686     6.0059      7.565   280.5225 5.8405e+02     6.4559      0.016      0.023     2.7124 0.0000e+00
     -0.045     -0.189    11.6742     85.288     31.852  17.649580     5.9958      7.564   279.9214 2.7187e+02     6.4362     -0.034     -0.050     2.7116 0.0000e+00
     -0.120     -0.189    11.6561     85.132     31.863  17.652690     5.9396      7.559   279.4735 1.3292e+02     6.3431     -0.119     -0.172     2.7100 0.0000e+00
     -0.191     -0.190    11.6243     85.026     31.813  17.623289     5.5093      7.552   278.2044 1.2199e+02     6.2862     -0.202     -0.294     2.7084 0.0000e+00
     -0.234     -0.192    11.6001     84.936     31.908  17.674470     4.7636      7.544   275.2456 1.1944e+02     6.2605     -0.239     -0.346     2.7088 0.0000e+00
     -0.254     -0.192    11.5667     84.941     32.305  17.891148     4.3473      7.535   271.0590 1.1907e+02     6.2029     -0.245     -0.355     2.7065 0.0000e+00
     -0.282     -0.195    11.5468     85.030     34.723  19.228775     4.2624      7.523   268.0232 1.2244e+02     6.1712     -0.266     -0.385     2.6990 0.0000e+00
     -0.337     -0.203    11.5418     85.111     38.096  21.103202     4.0036      7.511   267.6217 1.2696e+02     6.4917     -0.322     -0.468     2.6970 0.0000e+00
     -0.410     -0.208    11.5174     85.163     37.705  20.899426     3.5739      7.501   267.4944 1.2681e+02     7.1062     -0.407     -0.590     2.6981 0.0000e+00
     -0.480     -0.200    11.5231     85.133     34.679  19.238373     3.3449      7.491   267.0006 1.2019e+02     7.4186     -0.472     -0.684     2.6889 0.0000e+00
     -0.543     -0.174    11.5463     85.061     29.364  16.300351     3.3241      7.484   267.0718 1.0870e+02     7.6729     -0.533     -0.775     2.6833 0.0000e+00
     -0.591     -0.134    11.5486     85.085     19.325  10.732018     3.5137      7.479   267.3228 9.7450e+01    11.1714     -0.595     -0.864     2.6923 0.0000e+00
     -0.611     -0.090    11.5567     85.215     10.640   5.911805     3.9148      7.476   267.1961 9.1318e+01    17.7457     -0.605     -0.877     2.7130 0.0000e+00
     -0.613     -0.052    11.5431     85.375      8.158   4.535234     4.1533      7.475   266.6586 8.9487e+01    21.3370     -0.600     -0.870     2.7419 0.0000e+00
     -0.613     -0.023    11.5143     85.490      8.171   4.543329     4.1171      7.474   266.0723 9.0618e+01    21.4581     -0.601     -0.873     2.7603 0.0000e+00
     -0.613     -0.006    11.5173     85.473      7.845   4.362496     3.4182      7.473   265.5278 1.1652e+02    20.2342     -0.601     -0.872     2.7734 0.0000e+00
     -0.613     -0.001    11.5347     85.250      7.299   4.059374     2.1625      7.473   265.2370 1.7435e+02    18.1200     -0.602     -0.872     2.7876 0.0000e+00
     -0.613     -0.001    11.5570     84.791      6.932   3.855934     1.4774      7.475   265.4819 1.8499e+02    16.9371     -0.601     -0.872     2.7956 0.0000e+00
     -0.613     -0.001    11.5754     84.127      6.837   3.803328     1.4015      7.478   265.8218 1.2444e+02    16.7263     -0.602     -0.873     2.7998 0.0000e+00
     -0.613     -0.001    11.5765     83.330      6.609   3.676729     1.3867      7.478   265.2161 8.1340e+01    16.3918     -0.601     -0.872     2.8027 0.0000e+00
     -0.614     -0.001    11.5467     82.477      6.343   3.528925     1.3401      7.474   264.6978 7.9352e+01    13.0975     -0.602     -0.873     2.8055 0.0000e+00
     -0.614     -0.001    11.4827     81.655      6.243   3.473345     1.2538      7.467   265.2336 9.4242e+01     7.1605     -0.602     -0.873     2.8082 0.0000e+00
     -0.614     -0.001    11.3870     80.946      6.083   3.384825     1.1918      7.455   264.8108 1.2298e+02     5.7520     -0.602     -0.873     2.8111 0.0000e+00
     -0.614     -0.001    11.2761     80.421      5.898   3.282215     1.1240      7.436   263.6301 2.3468e+02    26.9485     -0.603     -0.874     2.8137 0.0000e+00
     -0.614     -0.001    11.1550     80.081      5.833   3.246310     0.6332      7.416   263.8644 3.3488e+02   263.4452     -0.603     -0.874     2.8160 0.0000e+00
     -0.615     -0.001    11.0394     79.812      5.871   3.267460    -0.2559      7.398   264.9759 2.5233e+02   696.8761     -0.603     -0.874     2.8185 0.0000e+00
     -0.615     -0.001    10.9393     79.517      5.787   3.221176    -0.7538      7.383   265.1954 1.5343e+02   931.3958     -0.603     -0.875     2.8209 0.0000e+00
     -0.615     -0.000    10.8652     79.246      5.395   3.003451    -0.7999      7.370   264.1956 1.4113e+02   931.5875     -0.604     -0.875     2.8233 0.0000e+00
     -0.615      0.000    10.8272     79.159      5.010   2.788876    -0.7975      7.352   263.5564 1.4311e+02   699.7065     -0.604     -0.876     2.8258 0.0000e+00
     -0.615      0.000    10.7953     79.227      4.880   2.717318    -0.8249      7.326   264.0051 1.5378e+02   271.1438     -0.603     -0.875     2.8282 0.0000e+00
     -0.615      0.001    10.7542     79.241      4.864   2.708399    -0.8568      7.296   264.2009 1.8405e+02    37.2554     -0.603     -0.875     2.8305 0.0000e+00
     -0.615      0.001    10.7028     79.165      4.815   2.681043    -0.7997      7.270   264.0314 4.0220e+02    15.7977     -0.602     -0.874     2.8328 0.0000e+00
     -0.615      0.001    10.6910     79.123      4.740   2.639955    -0.1514      7.250   264.0205 5.9020e+02    11.5982     -0.603     -0.873     2.8353 0.0000e+00
     -0.615      0.000    10.7178     79.161      4.880   2.718397     1.0058      7.234   264.1552 3.8225e+02     7.2147     -0.603     -0.874     2.8378 0.0000e+00
     -0.615 1.8614e-08    10.7184     79.215      5.263   2.932629     1.6309      7.224   264.7132 1.6220e+02     4.8819     -0.602     -0.874     2.8409 0.0000e+00
     -0.615 2.0475e-07    10.6972     79.231      5.520   3.076338     1.6726      7.217   265.0890 1.4062e+02     4.7078     -0.603     -0.874     2.8444 0.0000e+00
     -0.614 2.0475e-07    10.6883     79.241      5.609   3.125615     1.3933      7.213   264.9129 1.3704e+02     4.7683     -0.602     -0.873     2.8483 0.0000e+00
     -0.614 1.8614e-08    10.6977     79.292      5.649   3.148334     0.8418      7.212   265.0792 1.3482e+02     4.7592     -0.602     -0.874     2.8524 0.0000e+00
     -0.614 1.6921e-09    10.7070     79.395      5.557   3.097637     0.5228      7.211   265.6366 1.3232e+02     4.7002     -0.602     -0.874     2.8565 0.0000e+00
     -0.614 1.5383e-10    10.7052     79.515      5.416   3.019447     0.4918      7.210   266.0601 1.3200e+02     4.7038     -0.603     -0.874     2.8606 0.0000e+00
     -0.614 1.3985e-11    10.7027     79.620      5.314   2.963138     0.4994      7.211   266.4146 1.3488e+02     4.7003     -0.602     -0.873     2.8644 0.0000e+00
     -0.614 1.2713e-12    10.7077     79.712      5.243   2.923614     0.4329      7.211   266.7394 1.3673e+02     4.4528     -0.603     -0.874     2.8680 0.0000e+00
     -0.614 1.1558e-13    10.7232     79.804      5.239   2.921669     0.2944      7.212   266.8893 1.3537e+02     4.0338     -0.602     -0.875     2.8715 0.0000e+00
     -0.615 1.0507e-14    10.7405     79.896      5.271   2.939620     0.2233      7.213   266.8503 1.3191e+02     3.8360     -0.603     -0.874     2.8750 0.0000e+00
     -0.615 9.5515e-16    10.7527     79.975      5.176   2.887257     0.2050      7.215   266.8694 1.2941e+02     3.8382     -0.603     -0.875     2.8785 0.0000e+00
     -0.615 8.6835e-17    10.7638     80.055      4.897   2.732004     0.0730      7.215   266.8626 1.3194e+02     4.2652     -0.603     -0.874     2.8818 0.0000e+00
     -0.615 7.8940e-18    10.7743     80.157      4.629   2.582858    -0.1484      7.216   266.8545 1.3792e+02     5.1384     -0.603     -0.874     2.8850 0.0000e+00
     -0.615 7.1765e-19    10.7883     80.266      4.553   2.540968    -0.2583      7.219   267.4592 1.4109e+02     5.6172     -0.603     -0.874     2.8883 0.0000e+00
     -0.615 6.5240e-20    10.7964     80.377      4.669   2.605615    -0.2563      7.221   268.4954 1.4110e+02     5.6472     -0.603     -0.875     2.8914 0.0000e+00
     -0.615 5.9310e-21    10.8042     80.492      4.780   2.667651    -0.2657      7.222   268.7152 1.4070e+02     5.2618     -0.603     -0.874     2.8947 0.0000e+00
     -0.615 5.3915e-22    10.8195     80.587      4.648   2.594204    -0.2970      7.220   268.1376 1.4018e+02     4.4764     -0.603     -0.875     2.8980 0.0000e+00
     -0.615 4.9015e-23    10.8330     80.657      4.325   2.414416    -0.3104      7.217   267.9644 1.4163e+02     4.0760     -0.602     -0.874     2.9011 0.0000e+00
     -0.615 4.4559e-24    10.8462     80.708      4.062   2.267608    -0.3111      7.214   268.1696 1.5077e+02     4.0414     -0.603     -0.874     2.9044 0.0000e+00
     -0.614 4.0509e-25    10.8628     80.753      3.963   2.212815    -0.2476      7.210   268.2103 1.6795e+02     3.9554     -0.602     -0.874     2.9078 0.0000e+00
     -0.614 3.6826e-26    10.8749     80.808      3.931   2.195365    -0.1084      7.207   268.4562 2.0498e+02     3.8567     -0.602     -0.874     2.9108 0.0000e+00
     -0.614 3.3478e-27    10.8828     80.885      3.910   2.183307    -0.0267      7.207   269.0782 5.0165e+02     3.7698     -0.602     -0.874     2.9130 0.0000e+00
     -0.614 3.0435e-28    10.8894     80.982      3.929   2.193725    -0.0243      7.206   269.4497 1.0386e+03     3.7250     -0.602     -0.873     2.9150 0.0000e+00
     -0.614 2.7668e-29    10.8928     81.057      3.930   2.194635    -0.0380      7.206   269.4199 1.3102e+03     3.7589     -0.602     -0.874     2.9169 0.0000e+00
     -0.614 2.5149e-30    10.9006     81.112      3.929   2.194301    -0.0267      7.207   269.2343 1.2759e+03     4.1792     -0.602     -0.874     2.9187 0.0000e+00
     -0.614 2.2485e-31    10.9081     81.191      3.920   2.189687     0.0044      7.209   269.0121 1.1896e+03     4.9132     -0.602     -0.874     2.9205 0.0000e+00
     -0.614 -2.116e-32    10.9255     81.269      3.829   2.138850     0.0136      7.211   269.0570 1.1011e+03     5.2893     -0.602     -0.874     2.9223 0.0000e+00
     -0.614 -4.596e-31    10.9353     81.363      3.735   2.086419     0.0172      7.213   269.0881 1.0406e+03     5.3445     -0.602     -0.873     2.9241 0.0000e+00
     -0.614 -5.076e-30    10.9359     81.489      3.692   2.062532     0.0067      7.214   269.0448 1.0141e+03     4.8290     -0.602     -0.873     2.9259 0.0000e+00
     -0.615 -5.584e-29    10.9514     81.558      3.652   2.040070    -0.0384      7.215   269.5654 1.0071e+03     3.6680     -0.603     -0.874     2.9278 0.0000e+00
     -0.615 -6.142e-28    10.9601     81.573      3.588   2.004877    -0.0779      7.217   270.5640 1.0047e+03     2.9553     -0.603     -0.874     2.9295 0.0000e+00
     -0.615 -6.756e-27    10.9666     81.600      3.497   1.953747    -0.0974      7.219   272.2574 9.9873e+02     2.8737     -0.602     -0.874     2.9312 0.0000e+00
     -0.615 -7.432e-26    10.9944     81.615      3.338   1.865288    -0.0992      7.221   275.4989 9.9466e+02     2.9546     -0.603     -0.875     2.9331 0.0000e+00
     -0.614 -8.175e-25    11.0013     81.623      3.147   1.758838    -0.0910      7.224   280.5899 1.0056e+03     3.0105     -0.602     -0.874     2.9350 0.0000e+00
     -0.614 -8.992e-24    10.9947     81.666      3.006   1.680211    -0.0902      7.225   286.3185 1.0523e+03     2.9685     -0.602     -0.874     2.9368 0.0000e+00
     -0.614 -9.892e-23    11.0045     81.759      2.883   1.611419    -0.0727      7.226   289.9562 1.1371e+03     3.0284     -0.602     -0.873     2.9386 0.0000e+00
     -0.614 -1.088e-21    11.0038     81.891      2.792   1.560539     0.0964      7.227   290.5871 1.2287e+03     3.7344     -0.603     -0.874     2.9403 0.0000e+00
     -0.614 -1.197e-20    11.0021     82.047      2.812   1.571799     0.3804      7.229   290.3338 1.3012e+03     4.9128     -0.602     -0.875     2.9421 0.0000e+00
