Data/DataNotYetUploadedToEDI/Raw_CTD/RawDownloads/022422_fcr.cnv
* Sea-Bird SBE19plus  Data File:
* FileName = C:\R\Reservoirs\Data\DataNotYetUploadedToEDI\Raw_CTD\RawDownloads\022422_bvr_0002.hex
* Software version 2.8.0.119
* Temperature SN = 7809
* Conductivity SN = 7809
* System UpLoad Time = Feb 24 2022 15:40:28
* <ApplicationData>
* <Seaterm232>
# nquan = 16
# nvalues = 1882                        
# units = specified
# name 0 = depFM: Depth [fresh water, m]
# name 1 = dz/dtM: Descent Rate [m/s]
# name 2 = orp: Oxidation Reduction Potential [mV]
# name 3 = sbeox0Mg/L: Oxygen, SBE 43 [mg/l]
# name 4 = sbeox0PS: Oxygen, SBE 43 [% saturation]
# name 5 = par/sat/log: PAR/Logarithmic, Satlantic
# name 6 = ph: pH
# name 7 = specc: Specific Conductance [uS/cm]
# name 8 = c0uS/cm: Conductivity [uS/cm]
# name 9 = flECO-AFL: Fluorescence, WET Labs ECO-AFL/FL [mg/m^3]
# name 10 = turbWETntu0: Turbidity, WET Labs ECO [NTU]
# name 11 = tv290C: Temperature [ITS-90, deg C]
# name 12 = density00: Density [density, kg/m^3]
# name 13 = prdE: Pressure, Strain Gauge [psi]
# name 14 = prdM: Pressure, Strain Gauge [db]
# name 15 = flag:  0.000e+00
# span 0 =     -0.601,      9.866       
# span 1 =     -2.978,      0.150       
# span 2 =   252.0237,   742.8925       
# span 3 =  -146.4500,    22.4814       
# span 4 =      1.510,    103.826       
# span 5 = 1.2361e-01, 9.2421e+01       
# span 6 =      3.728,      7.552       
# span 7 =      0.652,    518.950       
# span 8 =   0.338805, 312.040586       
# span 9 =    -0.1824,    57.5132       
# span 10 =    -0.4098,   285.1321      
# span 11 =     0.8931,     6.8384      
# span 12 =   999.8930,  1000.2073      
# span 13 =     -0.855,     14.034      
# span 14 =     -0.590,      9.676      
# span 15 = 0.0000e+00, 0.0000e+00      
# interval = seconds: 0.25
# start_time = Feb 24 2022 10:28:35 [Instrument's time stamp, header]
# bad_flag = -9.990e-29
*END*
     -0.601 -4.313e-20   600.6537  -137.3424     97.052 9.0325e+01      3.731      0.809   0.420143    -0.1609     0.0273     0.9724   999.8972     -0.854     -0.589 0.0000e+00
     -0.601 -3.921e-21   601.6050  -137.3569     97.035 9.0464e+01      3.730      0.828   0.429915    -0.1624     0.0564     0.9723   999.8972     -0.855     -0.590 0.0000e+00
     -0.601 -3.565e-22   602.8050  -137.3065     97.031 9.0731e+01      3.729      0.815   0.423464    -0.1620     0.0849     0.9722   999.8972     -0.854     -0.589 0.0000e+00
     -0.601 -3.241e-23   602.8596  -137.3166     97.050 9.1099e+01      3.728      0.780   0.405459    -0.1567     0.0987     0.9723   999.8972     -0.855     -0.589 0.0000e+00
     -0.601 -2.946e-24   602.1795  -137.3335     97.105 9.1456e+01      3.728      0.774   0.402126    -0.1567     0.0859     0.9722   999.8972     -0.854     -0.589 0.0000e+00
     -0.601 -2.678e-25   601.8087  -137.2572     97.138 9.1582e+01      3.728      0.738   0.383157    -0.1542     0.1012     0.9721   999.8972     -0.854     -0.589 0.0000e+00
     -0.601 -2.435e-26   601.8178  -137.2920     97.093 9.1506e+01      3.728      0.705   0.366021    -0.1508     0.1472     0.9722   999.8972     -0.854     -0.589 0.0000e+00
     -0.601 -2.213e-27   602.3759  -137.2633     97.034 9.1259e+01      3.729      0.741   0.384841    -0.1571     0.1641     0.9720   999.8972     -0.854     -0.589 0.0000e+00
     -0.600 -2.012e-28   603.6526  -137.3967     97.028 9.0888e+01      3.729      0.810   0.420796    -0.1636     0.1689     0.9719   999.8972     -0.853     -0.588 0.0000e+00
     -0.600 -1.829e-29   604.9506  -137.4958     97.058 9.0519e+01      3.729      0.810   0.420939    -0.1634     0.1705     0.9720   999.8972     -0.853     -0.588 0.0000e+00
     -0.601 -1.663e-30   605.5932  -137.3708     97.093 9.0207e+01      3.729      0.744   0.386566    -0.1622     0.1156     0.9719   999.8972     -0.854     -0.589 0.0000e+00
     -0.601 -1.512e-31   605.8297  -137.2431     97.113 9.0100e+01      3.729      0.741   0.385024    -0.1660     0.1198     0.9718   999.8972     -0.854     -0.589 0.0000e+00
     -0.601 -1.374e-32   605.8320  -137.2560     97.084 9.0068e+01      3.729      0.775   0.402294    -0.1685     0.2549     0.9717   999.8972     -0.855     -0.589 0.0000e+00
     -0.600 -1.250e-33   605.5347  -137.3312     97.048 8.9901e+01      3.730      0.780   0.405459    -0.1675     0.3485     0.9718   999.8972     -0.854     -0.588 0.0000e+00
     -0.600 -1.136e-34   605.2466  -137.3511     97.046 8.9772e+01      3.730      0.815   0.423294    -0.1705     0.3290     0.9718   999.8972     -0.853     -0.588 0.0000e+00
     -0.600 -1.032e-35   605.1881  -137.4484     97.048 8.9752e+01      3.731      0.824   0.428029    -0.1793     0.2253     0.9717   999.8972     -0.853     -0.588 0.0000e+00
     -0.600 -9.385e-37   605.6008  -137.3554     97.073 8.9745e+01      3.731      0.769   0.399399    -0.1824     0.1193     0.9717   999.8972     -0.853     -0.588 0.0000e+00
     -0.600 -8.535e-38   608.2577  -137.2643     97.110 8.9775e+01      3.730      0.758   0.393644    -0.1666     0.1057     0.9716   999.8971     -0.854     -0.589 0.0000e+00
     -0.600 -7.760e-39   612.2748  -137.3226     97.102 8.9800e+01      3.729      0.812   0.421751    -0.1463     0.1296     0.9715   999.8971     -0.853     -0.588 0.0000e+00
     -0.600 -7.050e-40   612.7867  -137.2858     97.077 8.9735e+01      3.729      0.814   0.422723    -0.1451     0.1350     0.9714   999.8971     -0.854     -0.589 0.0000e+00
     -0.600 -6.410e-41   610.4038  -137.3130     97.063 8.9967e+01      3.729      0.780   0.405391    -0.1519     0.1372     0.9714   999.8971     -0.855     -0.589 0.0000e+00
     -0.600 -5.830e-42   609.1038  -137.4458     97.060 9.0735e+01      3.730      0.774   0.402103    -0.1531     0.1558     0.9714   999.8971     -0.853     -0.588 0.0000e+00
     -0.600 -5.300e-43   608.7689  -137.3785     97.079 9.1432e+01      3.731      0.737   0.382971    -0.1605     0.1553     0.9714   999.8971     -0.854     -0.589 0.0000e+00
     -0.600 -4.817e-44   608.5049  -137.3297     97.102 9.1683e+01      3.731      0.701   0.363980    -0.1743     0.0961     0.9712   999.8971     -0.854     -0.589 0.0000e+00
     -0.600 -4.379e-45   608.8380  -137.3374     97.117 9.1699e+01      3.731      0.698   0.362399    -0.1785     0.0553     0.9712   999.8971     -0.853     -0.588 0.0000e+00
     -0.600 -3.981e-46   609.0095  -137.2873     97.102 9.1760e+01      3.731      0.700   0.363850    -0.1783     0.0376     0.9711   999.8971     -0.853     -0.588 0.0000e+00
     -0.600 -3.619e-47   607.5671  -137.3642     97.053 9.2055e+01      3.730      0.734   0.381529    -0.1799     0.0193     0.9710   999.8971     -0.852     -0.588 0.0000e+00
     -0.600 -3.293e-48   605.7676  -137.3707     97.015 9.2369e+01      3.730      0.743   0.386243    -0.1644     0.0728     0.9711   999.8971     -0.853     -0.589 0.0000e+00
     -0.600 -3.280e-49   605.1479  -137.4228     97.024 9.2421e+01      3.729      0.688   0.357536    -0.1405     0.1380     0.9710   999.8971     -0.854     -0.588 0.0000e+00
     -0.600 -3.449e-49   605.1506  -137.4122     97.093 9.2321e+01      3.729      0.676   0.350951    -0.1408     0.1239     0.9709   999.8971     -0.853     -0.589 0.0000e+00
     -0.600 -3.498e-48   605.5421  -137.2898     97.153 9.2197e+01      3.730      0.712   0.369940    -0.1510     0.1076     0.9709   999.8971     -0.854     -0.589 0.0000e+00
     -0.601 -3.845e-47   606.4404  -137.2474     97.149 9.2015e+01      3.730      0.765   0.397218    -0.1473     0.1118     0.9709   999.8971     -0.854     -0.589 0.0000e+00
     -0.601 -4.229e-46   607.1496  -137.2180     97.098 9.1752e+01      3.730      0.823   0.427547    -0.1462     0.1063     0.9708   999.8971     -0.854     -0.589 0.0000e+00
     -0.601 -4.652e-45   607.4056  -137.3750     97.042 9.1553e+01      3.730      0.809   0.420136    -0.1551     0.1094     0.9707   999.8971     -0.853     -0.588 0.0000e+00
     -0.601 -5.117e-44   607.4716  -137.5036     97.038 9.1563e+01      3.730      0.714   0.370911    -0.1633     0.0811     0.9707   999.8971     -0.854     -0.589 0.0000e+00
     -0.600 -5.629e-43   607.0002  -137.4583     97.056 9.1646e+01      3.730      0.652   0.338805    -0.1620     0.0720     0.9707   999.8971     -0.853     -0.588 0.0000e+00
     -0.600 -6.192e-42   606.1800  -137.3978     97.054 9.1615e+01      3.730      0.671   0.348458    -0.1562     0.1011     0.9706   999.8971     -0.853     -0.588 0.0000e+00
     -0.600 -6.811e-41   605.6423  -137.2457     97.064 9.1452e+01      3.730      0.695   0.361013    -0.1587     0.0913     0.9706   999.8971     -0.854     -0.589 0.0000e+00
     -0.600 -7.492e-40   605.3175  -137.2729     97.096 9.1074e+01      3.730      0.701   0.364007    -0.1599     0.0902     0.9706   999.8971     -0.853     -0.588 0.0000e+00
     -0.600 -8.242e-39   605.3506  -137.3563     97.142 8.9966e+01      3.731      0.740   0.384657    -0.1544     0.1224     0.9706   999.8971     -0.854     -0.589 0.0000e+00
     -0.600 -9.066e-38   605.8700  -137.2802     97.154 8.7984e+01      3.732      0.810   0.420779    -0.1575     0.1380     0.9705   999.8971     -0.854     -0.589 0.0000e+00
     -0.600 -9.972e-37   606.2631  -137.3351     97.135 8.6629e+01      3.731      0.810   0.420936    -0.1650     0.1086     0.9705   999.8971     -0.853     -0.588 0.0000e+00
     -0.600 -1.097e-35   605.8020  -137.3419     97.131 8.6789e+01      3.731      0.744   0.386550    -0.1616     0.0750     0.9705   999.8971     -0.853     -0.588 0.0000e+00
     -0.601 -1.207e-34   605.1120  -137.4642     97.112 8.6745e+01      3.731      0.741   0.384842    -0.1498     0.0732     0.9704   999.8971     -0.854     -0.589 0.0000e+00
     -0.601 -1.327e-33   605.3201  -137.4934     97.087 8.5827e+01      3.731      0.771   0.400291    -0.1470     0.0872     0.9703   999.8971     -0.854     -0.589 0.0000e+00
     -0.601 -1.460e-32   605.8222  -137.3793     97.063 8.5689e+01      3.731      0.738   0.383429    -0.1527     0.1067     0.9703   999.8971     -0.854     -0.589 0.0000e+00
     -0.600 -1.606e-31   605.9353  -137.4586     97.025 8.6394e+01      3.731      0.714   0.370872    -0.1524     0.1383     0.9703   999.8971     -0.853     -0.588 0.0000e+00
     -0.600 -1.767e-30   605.9136  -137.3911     97.034 8.6468e+01      3.731      0.722   0.375069    -0.1518     0.1625     0.9702   999.8971     -0.854     -0.589 0.0000e+00
     -0.600 -1.943e-29   605.6461  -137.3423     97.071 8.5755e+01      3.730      0.714   0.370871    -0.1528     0.1261     0.9702   999.8971     -0.853     -0.588 0.0000e+00
     -0.600 -2.138e-28   605.4537  -137.3688     97.076 8.4896e+01      3.730      0.738   0.383429    -0.1568     0.0732     0.9701   999.8971     -0.853     -0.588 0.0000e+00
     -0.600 -2.351e-27   605.9110  -137.2214     97.074 8.3920e+01      3.730      0.771   0.400293    -0.1579     0.0693     0.9701   999.8971     -0.854     -0.589 0.0000e+00
     -0.600 -2.587e-26   606.7002  -137.2558     97.076 8.3067e+01      3.730      0.741   0.384860    -0.1499     0.1130     0.9701   999.8971     -0.854     -0.589 0.0000e+00
     -0.600 -2.845e-25   608.1991  -137.3918     97.109 8.3600e+01      3.730      0.744   0.386739    -0.1433     0.1232     0.9700   999.8971     -0.854     -0.589 0.0000e+00
     -0.600 -3.130e-24   610.1818  -137.3210     97.189 8.5489e+01      3.730      0.814   0.423019    -0.1443     0.0908     0.9699   999.8971     -0.854     -0.589 0.0000e+00
     -0.600 -3.443e-23   610.6262  -137.3532     97.216 8.6954e+01      3.730      0.854   0.443684    -0.1461     0.0964     0.9700   999.8971     -0.853     -0.588 0.0000e+00
     -0.600 -3.787e-22   609.3561  -137.3315     97.131 8.7160e+01      3.731      0.860   0.446695    -0.1395     0.0891     0.9699   999.8971     -0.853     -0.588 0.0000e+00
     -0.600 -4.166e-21   608.0748  -137.3388     97.030 8.5121e+01      3.731      0.885   0.459421    -0.1390     0.0710     0.9699   999.8971     -0.854     -0.589 0.0000e+00
     -0.600 -4.582e-20   607.8682  -137.5365     96.990 8.0165e+01      3.731      0.907   0.470956    -0.1488     0.0824     0.9698   999.8971     -0.854     -0.589 0.0000e+00
     -0.600 -5.041e-19   608.4928  -137.6325     97.001 7.2657e+01      3.731      0.885   0.459552    -0.1507     0.0556     0.9697   999.8971     -0.854     -0.589 0.0000e+00
     -0.600 -5.545e-18   609.1741  -137.4181     97.047 6.4574e+01      3.731      0.863   0.448138    -0.1537     0.0210     0.9698   999.8971     -0.853     -0.588 0.0000e+00
     -0.600 -6.099e-17   609.3942  -137.2266     97.082 6.0759e+01      3.731      0.885   0.459562    -0.1682     0.0733     0.9697   999.8971     -0.853     -0.588 0.0000e+00
     -0.600 -6.709e-16   609.6917  -137.2170     97.095 6.2281e+01      3.731      0.907   0.471072    -0.1756     0.1073     0.9696   999.8970     -0.854     -0.589 0.0000e+00
     -0.600 -7.380e-15   610.8777  -137.1984     97.103 6.4691e+01      3.731      0.887   0.460694    -0.1691     0.0564     0.9696   999.8970     -0.854     -0.589 0.0000e+00
     -0.600 -8.118e-14   611.7756  -137.3233     97.096 6.4285e+01      3.731      0.887   0.460693    -0.1644     0.0382     0.9695   999.8970     -0.854     -0.589 0.0000e+00
     -0.600 -8.930e-13   611.7720  -137.3672     97.063 6.1710e+01      3.730      0.907   0.471062    -0.1686     0.0581     0.9696   999.8970     -0.853     -0.588 0.0000e+00
     -0.600 -9.823e-12   611.8664  -137.3642     97.053 5.9830e+01      3.730      0.885   0.459448    -0.1701     0.0925     0.9695   999.8970     -0.854     -0.589 0.0000e+00
     -0.600 -1.080e-10   612.2285  -137.3905     97.089 5.9593e+01      3.730      0.860   0.446882    -0.1650     0.1124     0.9694   999.8970     -0.854     -0.589 0.0000e+00
     -0.600 -1.189e-09   612.8802  -137.3936     97.105 6.0172e+01      3.730      0.858   0.445740    -0.1651     0.0937     0.9694   999.8970     -0.853     -0.588 0.0000e+00
     -0.600 -1.307e-08   613.8092  -137.3215     97.099 6.0958e+01      3.731      0.858   0.445637    -0.1723     0.1053     0.9693   999.8970     -0.854     -0.589 0.0000e+00
     -0.600 -1.438e-07   614.4276  -137.2532     97.085 6.2074e+01      3.731      0.858   0.445628    -0.1684     0.1168     0.9693   999.8970     -0.854     -0.589 0.0000e+00
     -0.600     -0.000   614.6785  -137.4022     97.076 6.3444e+01      3.731      0.858   0.445636    -0.1595     0.0952     0.9692   999.8970     -0.854     -0.589 0.0000e+00
     -0.600     -0.000   614.9496  -137.3945     97.113 6.4775e+01      3.732      0.858   0.445740    -0.1641     0.0831     0.9692   999.8970     -0.854     -0.589 0.0000e+00
     -0.600     -0.000   615.3831  -137.3648     97.119 6.6147e+01      3.732      0.860   0.446883    -0.1663     0.0734     0.9692   999.8970     -0.853     -0.588 0.0000e+00
     -0.600     -0.002   615.7895  -137.3906     97.095 6.7454e+01      3.731      0.885   0.459448    -0.1607     0.0802     0.9691   999.8970     -0.853     -0.588 0.0000e+00
     -0.600     -0.023   616.1636  -137.2671     97.106 6.8389e+01      3.731      0.907   0.471061    -0.1627     0.0971     0.9692   999.8970     -0.853     -0.588 0.0000e+00
     -0.600     -0.255   616.5513  -137.4393     97.088 6.8812e+01      3.731      0.887   0.460694    -0.1663     0.1068     0.9692   999.8970     -0.853     -0.588 0.0000e+00
     -0.600     -2.803   616.6903  -137.4465     97.056 6.8751e+01      3.732      0.887   0.460704    -0.1626     0.1291     0.9690   999.8970     -0.853     -0.588 0.0000e+00
     -0.600     -2.803   616.4678  -137.2930     97.060 6.8569e+01      3.732      0.907   0.471176    -0.1600     0.1282     0.9689   999.8970     -0.853     -0.588 0.0000e+00
     -0.600     -0.255   616.4423  -137.4438     97.080 6.8513e+01      3.732      0.887   0.460705    -0.1599     0.0964     0.9689   999.8970     -0.854     -0.589 0.0000e+00
     -0.600     -0.023   617.0709  -137.3683     97.090 6.8312e+01      3.732      0.887   0.460705    -0.1605     0.0857     0.9688   999.8970     -0.854     -0.589 0.0000e+00
     -0.600     -0.002   617.6155  -137.2726     97.064 6.7409e+01      3.732      0.907   0.471177    -0.1585     0.1015     0.9689   999.8970     -0.854     -0.589 0.0000e+00
     -0.600     -0.000   617.8649  -137.3355     97.063 6.5897e+01      3.732      0.887   0.460714    -0.1534     0.1159     0.9688   999.8970     -0.853     -0.588 0.0000e+00
     -0.600     -0.000   618.4515  -137.3308     97.118 6.4214e+01      3.732      0.887   0.460808    -0.1567     0.0896     0.9687   999.8970     -0.853     -0.588 0.0000e+00
     -0.600     -0.000   619.2011  -137.4132     97.155 6.2035e+01      3.733      0.909   0.472317    -0.1653     0.0575     0.9687   999.8970     -0.853     -0.588 0.0000e+00
     -0.600 -1.438e-07   619.8726  -137.3078     97.139 5.9361e+01      3.733      0.911   0.473260    -0.1570     0.0689     0.9687   999.8970     -0.854     -0.589 0.0000e+00
     -0.600 -1.307e-08   620.3764  -137.2669     97.064 5.6999e+01      3.733      0.909   0.472213    -0.1401     0.0561     0.9686   999.8970     -0.853     -0.588 0.0000e+00
     -0.600 -1.189e-09   620.5599  -137.4406     96.993 5.5611e+01      3.733      0.885   0.459651    -0.1442     0.0405     0.9686   999.8970     -0.853     -0.588 0.0000e+00
     -0.600 -1.081e-10   620.3702  -137.4670     97.001 5.5360e+01      3.733      0.862   0.447976    -0.1564     0.0841     0.9685   999.8970     -0.853     -0.588 0.0000e+00
     -0.600 -9.825e-12   620.1484  -137.4836     97.071 5.5908e+01      3.732      0.881   0.457668    -0.1544     0.1396     0.9685   999.8970     -0.854     -0.589 0.0000e+00
     -0.600 -8.930e-13   621.5780  -137.3229     97.112 5.6852e+01      3.732      0.867   0.450230    -0.1536     0.1304     0.9685   999.8970     -0.853     -0.588 0.0000e+00
