Data/DataNotYetUploadedToEDI/Raw_CTD/RawDownloads/022423_fcr50_S8188004.cnv
* Sea-Bird SBE19plus  Data File:
* FileName = C:\R\Reservoirs\Data\DataNotYetUploadedToEDI\Raw_CTD\RawDownloads\011123_fcr50_S8188_0004.hex
* Software version 2.8.0.119
* Temperature SN = 8188
* Conductivity SN = 8188
* System UpLoad Time = Mar 20 2023 14:56:02
* <ApplicationData>
* <Seaterm232>
# nquan = 16
# nvalues = 2370                        
# units = specified
# name 0 = depFM: Depth [fresh water, m]
# name 1 = dz/dtM: Descent Rate [m/s]
# name 2 = sbeox0Mg/L: Oxygen, SBE 43 [mg/l]
# name 3 = sbeox0PS: Oxygen, SBE 43 [% saturation]
# name 4 = specc: Specific Conductance [uS/cm]
# name 5 = c0uS/cm: Conductivity [uS/cm]
# name 6 = wetCDOM: Fluorescence, WET Labs CDOM [mg/m^3]
# name 7 = flECO-AFL: Fluorescence, WET Labs ECO-AFL/FL [mg/m^3]
# name 8 = flECO-AFL1: Fluorescence, WET Labs ECO-AFL/FL, 2 [mg/m^3]
# name 9 = flECO-AFL2: Fluorescence, WET Labs ECO-AFL/FL, 3 [mg/m^3]
# name 10 = par/sat/log: PAR/Logarithmic, Satlantic
# name 11 = turbWETntu0: Turbidity, WET Labs ECO [NTU]
# name 12 = prdM: Pressure, Strain Gauge [db]
# name 13 = prdE: Pressure, Strain Gauge [psi]
# name 14 = tv290C: Temperature [ITS-90, deg C]
# name 15 = flag:  0.000e+00
# span 0 =     -0.569,      9.746       
# span 1 =     -0.281,      0.129       
# span 2 =     0.2485,    11.9988       
# span 3 =      2.008,     97.486       
# span 4 =      0.434,    420.159       
# span 5 =   0.312369, 262.034254       
# span 6 =    -4.5000,   367.2000       
# span 7 =    -0.7983,    11.3326       
# span 8 =    -2.1300,    53.0370       
# span 9 =    -2.0304,     8.7984       
# span 10 = 1.1590e-01, 8.6630e+02      
# span 11 =    -3.6549,   966.3601      
# span 12 =     -0.558,      9.557      
# span 13 =     -0.809,     13.862      
# span 14 =     6.1345,    12.5706      
# span 15 = 0.0000e+00, 0.0000e+00      
# interval = seconds: 0.25
# start_time = Feb 24 2023 07:32:45 [Instrument's time stamp, header]
# bad_flag = -9.990e-29
*END*
[from data line 1718]
      9.739      0.001     1.1809      7.392    357.865 222.973619     0.0000    -0.1269     0.0000     0.0423 1.1612e-01    -0.1528      9.550     13.851     6.1508 0.0000e+00
      9.739      0.001     1.1019      7.039    358.354 223.279998     0.0000    -0.1193     0.0000     0.0423 1.1628e-01    -0.0627      9.550     13.852     6.1511 0.0000e+00
      9.739      0.001     1.0306      6.754    358.858 223.596115     0.0000    -0.0850     0.0000     0.0423 1.1630e-01    -0.0777      9.551     13.852     6.1513 0.0000e+00
      9.739      0.001     0.9685      6.530    359.389 223.928309     0.0000    -0.1269     0.0000     0.0846 1.1615e-01    -0.2280      9.551     13.853     6.1516 0.0000e+00
      9.740      0.002     0.9157      6.349    359.944 224.275215     0.0000    -0.1193     0.0000     0.0846 1.3769e-01    -0.0927      9.551     13.853     6.1519 0.0000e+00
      9.740      0.002     0.8719      6.187    360.510 224.629394     0.0000    -0.1079     0.0000     0.0846 1.1940e-01     0.0426      9.552     13.854     6.1521 0.0000e+00
      9.741      0.002     0.8366      6.021    361.078 224.985346     0.0000    -0.1231     0.0000     0.0846 1.2336e-01    -0.1228      9.552     13.855     6.1523 0.0000e+00
      9.741      0.002     0.8088      5.837    361.635 225.334040     0.0000    -0.1193     0.0000     0.0423 1.2354e-01    -0.1829      9.553     13.856     6.1525 0.0000e+00
      9.742      0.002     0.7863      5.634    362.183 225.676507     0.0000    -0.1498     0.0000     0.0423 1.2914e-01    -0.1378      9.554     13.857     6.1527 0.0000e+00
      9.742      0.002     0.7663      5.407    362.732 226.020109     0.0000    -0.1384     0.0000     0.0423 1.3977e-01    -0.1378      9.554     13.857     6.1529 0.0000e+00
      9.743      0.001     0.7457      5.153    363.257 226.348520     0.0000    -0.1269     0.0000     0.0423 1.1625e-01    -0.0927      9.554     13.858     6.1532 0.0000e+00
      9.743      0.001     0.7229      4.879    363.731 226.645360     0.0000    -0.1002     0.0000     0.0423 1.5184e-01    -0.0326      9.555     13.858     6.1534 0.0000e+00
      9.743      0.002     0.6978      4.598    364.170 226.919815     0.0000    -0.1346     0.0000     0.0423 1.1615e-01    -0.0627      9.555     13.858     6.1536 0.0000e+00
      9.744      0.002     0.6697      4.324    364.591 227.183098     0.0000    -0.1193     0.0000     0.0423 1.1623e-01    -0.1528      9.555     13.859     6.1538 0.0000e+00
      9.744      0.001     0.6382      4.069    365.004 227.441442     0.0000    -0.1079     0.0000     0.0423 1.1633e-01    -0.1228      9.556     13.860     6.1540 0.0000e+00
      9.745      0.001     0.6043      3.836    365.426 227.705759     0.0000    -0.1422     0.0000     0.0846 1.3141e-01    -0.0927      9.556     13.861     6.1541 0.0000e+00
      9.745      0.001     0.5695      3.628    365.852 227.972561     0.0000    -0.1308     0.0000     0.0846 1.1633e-01    -0.1378      9.557     13.861     6.1543 0.0000e+00
      9.746      0.000     0.5356      3.453    366.243 228.217028     0.0000    -0.1231     0.0000     0.0846 1.1628e-01    -0.1679      9.557     13.862     6.1544 0.0000e+00
      9.745     -0.001     0.5040      3.309    366.561 228.416379     0.0000    -0.1155     0.0000     0.0846 1.1617e-01    -0.2130      9.557     13.861     6.1546 0.0000e+00
      9.745     -0.003     0.4751      3.201    366.763 228.543799     0.0000    -0.1346     0.0000     0.0846 1.1612e-01    -0.2881      9.556     13.861     6.1547 0.0000e+00
      9.744     -0.004     0.4494      3.128    366.780 228.555291     0.0000    -0.1193     0.0000     0.0000 1.1623e-01    -0.2881      9.556     13.860     6.1549 0.0000e+00
      9.743     -0.005     0.4276      3.085    366.515 228.391937     0.0000    -0.1155     0.0000     0.0000 1.2909e-01    -0.3482      9.555     13.858     6.1550 0.0000e+00
      9.742     -0.007     0.4099      3.065    365.811 227.954190     0.0000    -0.1002     0.0000     0.0000 1.1610e-01    -0.3783      9.553     13.856     6.1552 0.0000e+00
      9.740     -0.008     0.3964      3.067    364.411 227.083331     0.0000    -0.1346     0.0000     0.0000 1.1617e-01    -0.4084      9.551     13.853     6.1554 0.0000e+00
      9.738     -0.009     0.3874      3.088    361.985 225.573121     0.0000    -0.1231     0.0000    -0.0423 1.2895e-01    -0.4234      9.549     13.850     6.1556 0.0000e+00
      9.735     -0.010     0.3821      3.119    358.375 223.324735     0.0000    -0.1231     0.0000    -0.0423 1.1650e-01    -0.3332      9.547     13.847     6.1558 0.0000e+00
      9.732     -0.011     0.3796      3.155    354.112 220.670159     0.0000    -0.1269     0.0000    -0.0423 1.1617e-01    -0.3783      9.544     13.843     6.1560 0.0000e+00
      9.729     -0.011     0.3799      3.194    350.176 218.218706     0.0000    -0.1079     0.0000    -0.0423 1.1617e-01    -0.4384      9.541     13.838     6.1561 0.0000e+00
      9.726     -0.012     0.3825      3.240    347.085 216.293920     0.0000    -0.1079     0.0000     0.0846 1.1704e-01    -0.3182      9.538     13.834     6.1563 0.0000e+00
      9.723     -0.013     0.3864      3.294    344.811 214.878067     0.0000    -0.1231     0.0000     0.0846 1.1995e-01    -0.3933      9.535     13.830     6.1565 0.0000e+00
      9.720     -0.015     0.3908      3.353    343.206 213.879297     0.0000    -0.1079     0.0000     0.0846 1.1625e-01    -0.4534      9.532     13.825     6.1567 0.0000e+00
      9.717     -0.018     0.3957      3.415    342.202 213.255033     0.0000    -0.1002     0.0000     0.0846 1.1617e-01    -0.3783      9.529     13.820     6.1570 0.0000e+00
      9.713     -0.022     0.4013      3.476    341.740 212.968662     0.0000    -0.1155     0.0000     0.0846 1.1615e-01    -0.4234      9.525     13.814     6.1572 0.0000e+00
      9.707     -0.028     0.4080      3.536    341.652 212.915852     0.0000    -0.0926     0.0000     0.0000 1.1623e-01    -0.3482      9.519     13.806     6.1574 0.0000e+00
      9.700     -0.036     0.4153      3.597    341.763 212.986625     0.0000    -0.1346     0.0000     0.0000 1.1617e-01    -0.3182      9.512     13.796     6.1576 0.0000e+00
      9.690     -0.046     0.4230      3.659    341.955 213.107952     0.0000    -0.1269     0.0000     0.0000 1.1615e-01    -0.4084      9.503     13.782     6.1578 0.0000e+00
      9.678     -0.059     0.4306      3.721    342.152 213.232274     0.0000    -0.1384     0.0000     0.0000 1.1615e-01    -0.4084      9.491     13.765     6.1580 0.0000e+00
      9.663     -0.075     0.4380      3.783    342.320 213.338800     0.0000    -0.1231     0.0000     0.0423 1.1671e-01    -0.3783      9.476     13.743     6.1582 0.0000e+00
      9.644     -0.094     0.4455      3.836    342.467 213.431962     0.0000    -0.1193     0.0000     0.0423 1.1610e-01    -0.4084      9.457     13.716     6.1585 0.0000e+00
      9.619     -0.116     0.4531      3.872    342.632 213.536603     0.0000    -0.1117     0.0000     0.0423 1.1623e-01    -0.0627      9.433     13.681     6.1587 0.0000e+00
      9.588     -0.142     0.4608      3.892    342.853 213.676633     0.0000    -0.1155     0.0000     0.0423 1.1699e-01    -0.1829      9.402     13.637     6.1590 0.0000e+00
      9.549     -0.169     0.4685      3.900    343.144 213.859425     0.0000    -0.1498     0.0000     0.0846 1.1628e-01    -0.1528      9.364     13.582     6.1592 0.0000e+00
      9.502     -0.196     0.4750      3.891    343.498 214.081777     0.0000    -0.1346     0.0000     0.0846 1.2642e-01     0.0125      9.318     13.515     6.1595 0.0000e+00
      9.447     -0.222     0.4794      3.868    343.863 214.311077     0.0000    -0.1231     0.0000     0.0846 1.4896e-01     0.5987      9.265     13.437     6.1598 0.0000e+00
      9.385     -0.244     0.4819      3.834    344.177 214.508573     0.0000    -0.1231     0.0000     0.0846 1.5521e-01     0.6137      9.204     13.349     6.1600 0.0000e+00
      9.318     -0.261     0.4829      3.796    344.477 214.696961     0.0000    -0.1155     0.0000     0.0846 1.5240e-01     0.5536      9.138     13.253     6.1603 0.0000e+00
      9.246     -0.273     0.4818      3.751    344.811 214.906498     0.0000    -0.1117     0.0000     0.0000 1.5917e-01     0.5536      9.067     13.151     6.1606 0.0000e+00
      9.173     -0.279     0.4789      3.697    345.172 215.133119     0.0000    -0.1269     0.0000     0.0000 1.6743e-01     0.3582      8.995     13.046     6.1608 0.0000e+00
      9.099     -0.281     0.4748      3.637    345.613 215.409284     0.0000    -0.1079     0.0000     0.0000 1.8236e-01     0.2530      8.923     12.942     6.1610 0.0000e+00
      9.026     -0.279     0.4701      3.570    346.191 215.770675     0.0000    -0.1308     0.0000     0.0000 1.9605e-01     0.2680      8.852     12.839     6.1613 0.0000e+00
      8.955     -0.273     0.4645      3.498    346.864 216.191777     0.0000    -0.1155     0.0000     0.0846 2.4199e-01     0.5085      8.782     12.737     6.1615 0.0000e+00
      8.885     -0.265     0.4579      3.424    347.665 216.692973     0.0000    -0.1231     0.0000     0.0846 2.5274e-01     0.0726      8.713     12.637     6.1617 0.0000e+00
      8.817     -0.254     0.4504      3.355    348.864 217.441881     0.0000    -0.1460     0.0000     0.0846 2.5667e-01     0.1929      8.647     12.541     6.1619 0.0000e+00
      8.752     -0.240     0.4421      3.293    350.861 218.688167     0.0000    -0.1117     0.0000     0.0846 2.7732e-01     0.1478      8.583     12.449     6.1621 0.0000e+00
      8.692     -0.223     0.4332      3.237    354.109 220.714218     0.3600    -0.1193     0.2130     0.0423 2.7414e-01     0.2229      8.524     12.362     6.1623 0.0000e+00
      8.636     -0.203     0.4241      3.187    358.811 223.646655     0.3600    -0.1346     0.2130     0.0423 3.0243e-01     0.0426      8.469     12.283     6.1626 0.0000e+00
      8.585     -0.181     0.4155      3.141    364.302 227.070251     0.3600    -0.1079     0.2130     0.0423 3.3430e-01    -0.0025      8.419     12.211     6.1628 0.0000e+00
      8.541     -0.158     0.4078      3.101    369.498 230.310771     0.3600    -0.1117     0.2130     0.0423 3.3994e-01     0.1628      8.376     12.149     6.1630 0.0000e+00
      8.505     -0.137     0.4008      3.062    373.855 233.028709     0.3600    -0.1384     0.2130     0.0423 3.3729e-01     0.0125      8.340     12.097     6.1632 0.0000e+00
      8.475     -0.118     0.3946      3.020    377.264 235.154912     1.2600    -0.1384     0.5112     1.1844 3.2295e-01     0.1327      8.311     12.054     6.1634 0.0000e+00
      8.450     -0.103     0.3889      2.976    379.773 236.720348     1.2600    -0.1041     0.5112     1.1844 3.1042e-01     0.4183      8.287     12.019     6.1636 0.0000e+00
      8.428     -0.091     0.3840      2.936    381.557 237.834427     1.2600    -0.1269     0.5112     1.1844 3.1307e-01     0.2680      8.265     11.987     6.1639 0.0000e+00
      8.407     -0.082     0.3792      2.899    382.809 238.616206     1.2600    -0.1575     0.5112     1.1844 3.3416e-01     0.3582      8.244     11.957     6.1641 0.0000e+00
      8.386     -0.076     0.3740      2.861    383.676 239.158136     3.8700    -0.1231     0.6816     1.5651 3.5504e-01     0.3582      8.224     11.928     6.1643 0.0000e+00
      8.368     -0.072     0.3686      2.822    384.236 239.508709     3.8700    -0.0659     0.6816     1.5651 3.4696e-01    59.1711      8.206     11.902     6.1646 0.0000e+00
      8.351     -0.068     0.3635      2.787    384.497 239.673391     3.8700    -0.0430     0.6816     1.5651 3.3972e-01    59.1260      8.189     11.878     6.1648 0.0000e+00
      8.335     -0.064     0.3589      2.757    384.425 239.630080     3.8700    -0.0773     0.6816     1.5651 3.2527e-01    59.1260      8.174     11.855     6.1650 0.0000e+00
      8.318     -0.059     0.3543      2.732    383.968 239.347222     4.0500    -0.0659     0.8520     1.6497 3.6095e-01    59.2463      8.158     11.832     6.1652 0.0000e+00
      8.302     -0.053     0.3494      2.708    383.039 238.769392     4.0500     0.4834     0.8520     1.6497 3.7937e-01    89.4719      8.142     11.808     6.1654 0.0000e+00
      8.287     -0.045     0.3451      2.682    381.447 237.778512     4.0500     0.4987     0.8520     1.6497 3.8268e-01    89.5320      8.127     11.788     6.1656 0.0000e+00
      8.276     -0.037     0.3414      2.657    378.926 236.208371     4.0500     0.5063     0.8520     1.6497 3.7978e-01    89.5019      8.116     11.772     6.1659 0.0000e+00
      8.269     -0.028     0.3383      2.636    375.423 234.026325     4.5000     0.5063     0.9798     1.5651 3.6072e-01    89.5019      8.109     11.761     6.1661 0.0000e+00
      8.264     -0.020     0.3353      2.618    371.549 231.612518     4.5000     0.8611     0.9798     1.5651 3.5243e-01    71.5559      8.105     11.755     6.1663 0.0000e+00
      8.262     -0.013     0.3321      2.601    368.268 229.569136     4.5000     0.8420     0.9798     1.5651 3.7551e-01    71.4357      8.103     11.752     6.1665 0.0000e+00
      8.261     -0.008     0.3290      2.592    365.978 228.143099     4.5000     0.8496     0.9798     1.5651 3.5783e-01    71.4207      8.101     11.750     6.1667 0.0000e+00
      8.260     -0.005     0.3264      2.592    364.508 227.228029     4.5000     0.8306     0.9798     1.5651 3.4343e-01    71.4357      8.100     11.748     6.1669 0.0000e+00
      8.259     -0.002     0.3241      2.599    363.677 226.711851     4.4100     0.9717     0.8094     1.4805 4.0651e-01    64.9427      8.099     11.747     6.1671 0.0000e+00
      8.258     -0.001     0.3221      2.607    363.333 226.498900     4.4100     0.9374     0.8094     1.4805 4.2126e-01    64.8074      8.099     11.746     6.1673 0.0000e+00
      8.258     -0.000     0.3209      2.614    363.327 226.496404     4.4100     0.9717     0.8094     1.4805 3.7846e-01    64.8675      8.099     11.746     6.1675 0.0000e+00
      8.259      0.000     0.3210      2.620    363.612 226.675711     4.4100     0.9908     0.8094     1.4805 3.6033e-01    64.8375      8.100     11.747     6.1677 0.0000e+00
      8.259      0.000     0.3218      2.623    364.105 226.984677     4.5000     0.8802     0.8520     1.7343 3.8485e-01    74.3816      8.100     11.748     6.1679 0.0000e+00
      8.259      0.000     0.3228      2.623    364.576 227.279782     4.5000     0.8916     0.8520     1.7343 3.7009e-01    74.3365      8.100     11.748     6.1681 0.0000e+00
      8.259     -0.000     0.3237      2.619    364.910 227.489780     4.5000     0.9221     0.8520     1.7343 3.5466e-01    74.3966      8.099     11.747     6.1683 0.0000e+00
      8.258     -0.001     0.3244      2.616    365.233 227.692663     4.5000     0.9030     0.8520     1.7343 2.8763e-01    74.3065      8.099     11.747     6.1685 0.0000e+00
      8.258     -0.001     0.3249      2.621    365.692 227.980520     4.3200     0.8916     0.8946     1.5651 2.4969e-01    68.5199      8.099     11.746     6.1687 0.0000e+00
      8.258      0.000     0.3248      2.630    366.317 228.372132     4.3200     0.9374     0.8946     1.5651 2.3266e-01    68.5649      8.098     11.746     6.1689 0.0000e+00
      8.257      0.002     0.3242      2.635    367.016 228.809983     4.3200     0.9030     0.8946     1.5651 2.6191e-01    68.4898      8.098     11.745     6.1692 0.0000e+00
      8.257      0.004     0.3239      2.631    367.662 229.214894     4.3200     0.9450     0.8946     1.5651 3.0501e-01    68.5199      8.098     11.745     6.1694 0.0000e+00
      8.258      0.006     0.3245      2.622    368.128 229.506894     4.3200     0.8954     0.8946     1.5651 3.3083e-01    36.4906      8.099     11.747     6.1697 0.0000e+00
