Data/DataNotYetUploadedToEDI/Raw_CTD/RawDownloads/022423_fcr50_S8188004.cnv
* Sea-Bird SBE19plus  Data File:
* FileName = C:\R\Reservoirs\Data\DataNotYetUploadedToEDI\Raw_CTD\RawDownloads\011123_fcr50_S8188_0004.hex
* Software version 2.8.0.119
* Temperature SN = 8188
* Conductivity SN = 8188
* System UpLoad Time = Mar 20 2023 14:56:02
* <ApplicationData>
* <Seaterm232>
# nquan = 16
# nvalues = 2370                        
# units = specified
# name 0 = depFM: Depth [fresh water, m]
# name 1 = dz/dtM: Descent Rate [m/s]
# name 2 = sbeox0Mg/L: Oxygen, SBE 43 [mg/l]
# name 3 = sbeox0PS: Oxygen, SBE 43 [% saturation]
# name 4 = specc: Specific Conductance [uS/cm]
# name 5 = c0uS/cm: Conductivity [uS/cm]
# name 6 = wetCDOM: Fluorescence, WET Labs CDOM [mg/m^3]
# name 7 = flECO-AFL: Fluorescence, WET Labs ECO-AFL/FL [mg/m^3]
# name 8 = flECO-AFL1: Fluorescence, WET Labs ECO-AFL/FL, 2 [mg/m^3]
# name 9 = flECO-AFL2: Fluorescence, WET Labs ECO-AFL/FL, 3 [mg/m^3]
# name 10 = par/sat/log: PAR/Logarithmic, Satlantic
# name 11 = turbWETntu0: Turbidity, WET Labs ECO [NTU]
# name 12 = prdM: Pressure, Strain Gauge [db]
# name 13 = prdE: Pressure, Strain Gauge [psi]
# name 14 = tv290C: Temperature [ITS-90, deg C]
# name 15 = flag:  0.000e+00
# span 0 =     -0.569,      9.746       
# span 1 =     -0.281,      0.129       
# span 2 =     0.2485,    11.9988       
# span 3 =      2.008,     97.486       
# span 4 =      0.434,    420.159       
# span 5 =   0.312369, 262.034254       
# span 6 =    -4.5000,   367.2000       
# span 7 =    -0.7983,    11.3326       
# span 8 =    -2.1300,    53.0370       
# span 9 =    -2.0304,     8.7984       
# span 10 = 1.1590e-01, 8.6630e+02      
# span 11 =    -3.6549,   966.3601      
# span 12 =     -0.558,      9.557      
# span 13 =     -0.809,     13.862      
# span 14 =     6.1345,    12.5706      
# span 15 = 0.0000e+00, 0.0000e+00      
# interval = seconds: 0.25
# start_time = Feb 24 2023 07:32:45 [Instrument's time stamp, header]
# bad_flag = -9.990e-29
*END*
[from data line 2170]
      3.461     -0.076    10.0939     83.368     37.244  23.862406     3.8700     3.1232     0.0852     0.5499 2.5535e+01     4.9424      3.394      4.923     7.0105 0.0000e+00
      3.440     -0.076    10.1001     83.402     37.240  23.863591     3.8700     3.1385     0.0852     0.5499 2.6885e+01     4.8372      3.374      4.893     7.0172 0.0000e+00
      3.420     -0.075    10.1048     83.443     37.231  23.861292     3.8700     3.1194     0.0852     0.5499 2.6399e+01     3.8903      3.353      4.864     7.0230 0.0000e+00
      3.401     -0.074    10.1079     83.494     37.218  23.856875     3.8700     3.1347     0.0852     0.5499 2.5978e+01     3.9203      3.335      4.837     7.0285 0.0000e+00
      3.383     -0.072    10.1104     83.562     37.209  23.855100     3.8700     3.1194     0.0852     0.5499 2.5359e+01     3.9203      3.318      4.812     7.0338 0.0000e+00
      3.366     -0.068    10.1133     83.647     37.207  23.859454     3.8700     3.1080     0.0852     0.5499 2.5803e+01     4.0105      3.301      4.788     7.0388 0.0000e+00
      3.348     -0.064    10.1170     83.743     37.202  23.863180     3.8700     3.1919     0.0852     0.5499 2.7202e+01     3.6949      3.283      4.762     7.0434 0.0000e+00
      3.330     -0.059    10.1220     83.840     37.189  23.863312     3.8700     3.1843     0.0852     0.5499 2.8361e+01     3.7099      3.266      4.737     7.0482 0.0000e+00
      3.315     -0.054    10.1288     83.930     37.172  23.863845     3.8700     3.1766     0.0852     0.4230 2.7970e+01     3.6949      3.251      4.715     7.0539 0.0000e+00
      3.302     -0.049    10.1372     84.017     37.147  23.860961     3.8700     3.1881     0.0852     0.4230 2.7709e+01     3.6798      3.238      4.697     7.0611 0.0000e+00
      3.292     -0.046    10.1465     84.113     37.115  23.853894     3.8700     3.3712     0.0852     0.4230 2.7583e+01     2.7780      3.228      4.683     7.0703 0.0000e+00
      3.283     -0.044    10.1553     84.228     37.089  23.848676     3.8700     3.3597     0.0852     0.4230 2.7697e+01     2.7931      3.219      4.669     7.0822 0.0000e+00
      3.273     -0.046    10.1625     84.359     37.081  23.851835     3.8700     3.3903     0.1278     0.4230 2.7782e+01     2.8081      3.210      4.656     7.0973 0.0000e+00
      3.262     -0.051    10.1684     84.516     37.091  23.864213     3.8700     3.3788     0.1278     0.4230 2.8043e+01     2.7630      3.199      4.640     7.1154 0.0000e+00
      3.249     -0.059    10.1755     84.704     37.107  23.881192     3.8700     3.3712     0.1278     0.4230 2.8208e+01     2.0566      3.186      4.622     7.1336 0.0000e+00
      3.234     -0.067    10.1855     84.911     37.127  23.903343     3.8700     3.3445     0.1278     0.4230 2.8429e+01     2.1017      3.171      4.600     7.1487 0.0000e+00
      3.216     -0.075    10.1985     85.125     37.152  23.932612     3.8700     3.3788     0.1278     0.4230 2.9448e+01     2.0566      3.153      4.573     7.1599 0.0000e+00
      3.194     -0.082    10.2152     85.348     37.184  23.970868     4.0500     3.3788     0.2130     0.6345 3.1024e+01     2.0716      3.132      4.543     7.1685 0.0000e+00
      3.170     -0.088    10.2358     85.574     37.222  24.020393     4.0500     3.2873     0.2130     0.6345 3.2248e+01     3.6798      3.109      4.509     7.1769 0.0000e+00
      3.147     -0.093    10.2577     85.796     37.235  24.064702     4.0500     3.3178     0.2130     0.6345 3.1555e+01     3.6197      3.085      4.475     7.1892 0.0000e+00
      3.123     -0.096    10.2789     86.016     37.200  24.083942     4.0500     3.3178     0.2130     0.6345 3.1658e+01     3.5295      3.062      4.442     7.2074 0.0000e+00
      3.098     -0.098    10.2997     86.240     37.152  24.087204     3.9600     3.3063     0.1278     0.5922 3.2935e+01     3.6798      3.038      4.406     7.2312 0.0000e+00
      3.071     -0.098    10.3185     86.455     37.134  24.095155     3.9600     3.1232     0.1278     0.5922 3.5560e+01     2.3572      3.012      4.369     7.2644 0.0000e+00
      3.045     -0.097    10.3329     86.626     37.158  24.125751     3.9600     3.1232     0.1278     0.5922 3.5553e+01     2.4323      2.986      4.331     7.3130 0.0000e+00
      3.020     -0.097    10.3448     86.728     37.197  24.175273     3.9600     3.1232     0.1278     0.5922 3.5560e+01     2.2971      2.962      4.296     7.3698 0.0000e+00
      2.997     -0.095    10.3600     86.784     37.199  24.209420     3.8700     3.1118     0.1278     0.5499 3.5452e+01     2.3121      2.939      4.262     7.4154 0.0000e+00
      2.973     -0.092    10.3791     86.852     37.167  24.217504     3.8700     3.1690     0.1278     0.5499 3.6579e+01     2.0866      2.916      4.229     7.4420 0.0000e+00
      2.949     -0.090    10.3944     86.958     37.149  24.225437     3.8700     3.1728     0.1278     0.5499 3.8237e+01     2.1167      2.892      4.195     7.4624 0.0000e+00
      2.926     -0.089    10.3984     87.078     37.165  24.255129     3.8700     3.2072     0.1278     0.5499 3.7783e+01     2.0115      2.869      4.162     7.4945 0.0000e+00
      2.904     -0.089    10.3938     87.204     37.203  24.310539     3.8700     3.1728     0.1278     0.5499 3.7513e+01     2.1317      2.848      4.130     7.5387 0.0000e+00
      2.883     -0.089    10.3920     87.373     37.223  24.368831     3.8700     3.2339     0.1278     0.5499 3.6859e+01     2.3422      2.827      4.100     7.5777 0.0000e+00
      2.861     -0.089    10.3980     87.621     37.189  24.398046     3.8700     3.1805     0.1278     0.5499 3.6826e+01     2.3121      2.806      4.070     7.6040 0.0000e+00
      2.838     -0.089    10.4056     87.949     37.116  24.392120     3.8700     3.1805     0.1278     0.5499 3.8866e+01     2.3722      2.783      4.036     7.6298 0.0000e+00
      2.813     -0.089    10.4102     88.312     37.039  24.363332     3.8700     3.1728     0.1278     0.5499 4.0804e+01     2.3121      2.758      4.001     7.6707 0.0000e+00
      2.789     -0.088    10.4146     88.643     36.989  24.335677     3.8700     3.1995     0.0852     0.5076 4.0548e+01     2.1768      2.735      3.966     7.7320 0.0000e+00
      2.767     -0.086    10.4263     88.907     36.998  24.339391     3.8700     3.1881     0.0852     0.5076 4.1134e+01     2.1618      2.713      3.935     7.8017 0.0000e+00
      2.746     -0.086    10.4510     89.087     37.057  24.383380     3.8700     3.2072     0.0852     0.5076 4.1259e+01     2.1017      2.693      3.906     7.8577 0.0000e+00
      2.727     -0.087    10.4865     89.175     37.123  24.449681     3.8700     3.2110     0.0852     0.5076 4.0831e+01     2.1017      2.674      3.878     7.8875 0.0000e+00
      2.707     -0.089    10.5242     89.193     37.144  24.504507     3.8700     3.0660     0.1278     0.3807 4.1196e+01     2.1017      2.654      3.849     7.8941 0.0000e+00
      2.684     -0.094    10.5562     89.210     37.114  24.528831     3.8700     3.0508     0.1278     0.3807 4.2423e+01     2.0716      2.632      3.817     7.8913 0.0000e+00
      2.658     -0.100    10.5760     89.279     37.087  24.544978     3.8700     3.0660     0.1278     0.3807 4.4947e+01     1.9965      2.607      3.781     7.8981 0.0000e+00
      2.631     -0.106    10.5783     89.408     37.091  24.573090     3.8700     3.0698     0.1278     0.3807 4.5914e+01     2.0716      2.580      3.742     7.9293 0.0000e+00
      2.603     -0.111    10.5663     89.576     37.092  24.596910     3.8700     2.8715     0.0852     0.4653 4.6719e+01     2.0265      2.553      3.703     7.9843 0.0000e+00
      2.575     -0.115    10.5529     89.767     37.072  24.602994     3.8700     2.8600     0.0852     0.4653 4.7353e+01     2.1017      2.525      3.662     8.0437 0.0000e+00
      2.544     -0.117    10.5492     89.960     37.045  24.596927     3.8700     2.8562     0.0852     0.4653 5.0400e+01     2.1317      2.495      3.619     8.0897 0.0000e+00
      2.512     -0.118    10.5555     90.107     37.019  24.585008     3.8700     2.8638     0.0852     0.4653 5.3667e+01     1.9664      2.464      3.573     8.1241 0.0000e+00
      2.480     -0.118    10.5674     90.162     37.003  24.575936     3.7800     2.9210     0.0852     0.5076 5.4608e+01     1.8762      2.432      3.528     8.1550 0.0000e+00
      2.450     -0.117    10.5832     90.114     36.991  24.567292     3.7800     2.9363     0.0852     0.5076 5.4513e+01     1.7860      2.403      3.485     8.1810 0.0000e+00
      2.421     -0.114    10.6017     89.987     36.973  24.548853     3.7800     2.9668     0.0852     0.5076 5.6283e+01     1.8462      2.374      3.444     8.1974 0.0000e+00
      2.392     -0.110    10.6173     89.810     36.964  24.527579     3.7800     2.9210     0.0852     0.5076 5.8617e+01     1.7259      2.346      3.403     8.2043 0.0000e+00
      2.364     -0.106    10.6232     89.595     36.977  24.517591     3.7800     3.1347     0.0852     0.5076 5.9554e+01     2.1167      2.318      3.362     8.2064 0.0000e+00
      2.337     -0.103    10.6178     89.348     37.009  24.524142     3.7800     3.1156     0.0852     0.5499 5.9891e+01     2.0716      2.292      3.324     8.2052 0.0000e+00
      2.312     -0.101    10.6052     89.094     37.035  24.537101     3.7800     3.1385     0.0852     0.5499 6.1260e+01     2.0866      2.267      3.289     8.1961 0.0000e+00
      2.288     -0.100    10.5896     88.879     37.034  24.540128     3.7800     3.1270     0.0852     0.5499 6.4652e+01     2.1017      2.244      3.255     8.1757 0.0000e+00
      2.263     -0.098    10.5709     88.735     37.017  24.534033     3.7800     2.8867     0.0852     0.5499 6.6332e+01     1.7860      2.220      3.220     8.1503 0.0000e+00
      2.238     -0.097    10.5466     88.671     37.026  24.542923     3.6900     2.8905     0.0852     0.5076 7.1979e+01     1.8462      2.194      3.183     8.1311 0.0000e+00
      2.212     -0.097    10.5181     88.669     37.071  24.579067     3.6900     2.8791     0.0852     0.5076 6.9928e+01     1.8311      2.169      3.146     8.1252 0.0000e+00
      2.187     -0.098    10.4915     88.699     37.121  24.630327     3.6900     2.8562     0.0852     0.5076 7.1387e+01     1.8462      2.145      3.111     8.1301 0.0000e+00
      2.164     -0.098    10.4729     88.740     37.148  24.680680     3.6900     3.0012     0.0852     0.5076 7.2623e+01     2.1317      2.122      3.078     8.1368 0.0000e+00
      2.140     -0.097    10.4642     88.795     37.139  24.715843     3.6900     3.0088     0.0852     0.5076 7.6877e+01     2.1317      2.099      3.044     8.1410 0.0000e+00
      2.114     -0.096    10.4618     88.866     37.111  24.737276     3.6900     2.9935     0.0852     0.5076 8.3713e+01     2.1618      2.074      3.007     8.1496 0.0000e+00
      2.088     -0.096    10.4591     88.941     37.079  24.750695     3.6900     2.9973     0.0852     0.5076 8.5051e+01     2.0416      2.048      2.970     8.1740 0.0000e+00
      2.063     -0.097    10.4528     89.011     37.050  24.759681     3.6900     3.1805     0.0852     0.5076 8.8521e+01     2.1017      2.023      2.935     8.2177 0.0000e+00
      2.040     -0.098    10.4454     89.078     37.033  24.774548     3.6900     3.1881     0.0852     0.5922 8.7469e+01     2.0566      2.001      2.902     8.2725 0.0000e+00
      2.017     -0.099    10.4400     89.150     37.021  24.793323     3.6900     3.1805     0.0852     0.5922 8.8868e+01     2.1167      1.978      2.869     8.3267 0.0000e+00
      1.993     -0.099    10.4370     89.238     37.001  24.807156     3.6900     3.2033     0.0852     0.5922 9.0741e+01     2.1017      1.954      2.835     8.3736 0.0000e+00
      1.966     -0.100    10.4354     89.345     36.989  24.821717     3.6900     3.1347     0.0852     0.5922 9.4217e+01     2.7931      1.928      2.796     8.4121 0.0000e+00
      1.938     -0.100    10.4344     89.461     36.991  24.840889     3.6900     3.1499     0.0852     0.5922 1.0017e+02     2.5526      1.900      2.756     8.4470 0.0000e+00
      1.911     -0.099    10.4335     89.566     36.996  24.859889     3.6900     3.1232     0.0852     0.4653 1.0839e+02     2.5826      1.874      2.718     8.4836 0.0000e+00
      1.887     -0.097    10.4346     89.641     37.004  24.879822     3.6900     3.1118     0.0852     0.4653 9.8402e+01     2.5526      1.850      2.683     8.5200 0.0000e+00
      1.863     -0.094    10.4393     89.677     37.017  24.904027     3.6900     3.1270     0.0852     0.4653 1.0028e+02     4.2660      1.827      2.650     8.5509 0.0000e+00
      1.840     -0.092    10.4466     89.676     37.032  24.933019     3.6900     3.1194     0.0852     0.4653 1.0446e+02     4.1007      1.804      2.617     8.5751 0.0000e+00
      1.816     -0.090    10.4537     89.653     37.045  24.962652     3.6900     3.1309     0.0426     0.4653 1.0140e+02     4.2059      1.781      2.583     8.5955 0.0000e+00
      1.793     -0.090    10.4576     89.629     37.045  24.984993     3.6900     3.1232     0.0426     0.4653 1.0233e+02     4.2209      1.758      2.550     8.6151 0.0000e+00
      1.771     -0.090    10.4564     89.630     37.039  25.002042     3.6900     3.1805     0.0426     0.4653 1.0669e+02     5.0175      1.737      2.519     8.6365 0.0000e+00
      1.749     -0.090    10.4500     89.683     37.041  25.022305     3.6900     3.1728     0.0426     0.4653 1.0553e+02     4.7470      1.715      2.488     8.6616 0.0000e+00
      1.727     -0.090    10.4400     89.808     37.052  25.047226     3.6900     3.1805     0.0852     0.3807 1.1353e+02     4.7921      1.693      2.455     8.6905 0.0000e+00
      1.703     -0.090    10.4296     90.002     37.067  25.075534     3.6900     3.1805     0.0852     0.3807 1.2242e+02     4.8522      1.670      2.421     8.7208 0.0000e+00
      1.678     -0.089    10.4226     90.236     37.078  25.102900     3.6900     3.0355     0.0852     0.3807 1.2263e+02     3.0185      1.646      2.387     8.7491 0.0000e+00
      1.655     -0.088    10.4223     90.478     37.083  25.128704     3.6900     3.0546     0.0852     0.3807 1.2626e+02     2.8682      1.623      2.354     8.7746 0.0000e+00
      1.633     -0.085    10.4308     90.702     37.084  25.151909     3.6900     3.0584     0.0852     0.4230 1.2451e+02     3.0486      1.602      2.323     8.7981 0.0000e+00
      1.612     -0.081    10.4473     90.889     37.081  25.170787     3.6900     3.0813     0.0852     0.4230 1.2541e+02     2.9584      1.581      2.293     8.8222 0.0000e+00
      1.591     -0.075    10.4677     91.031     37.086  25.194331     3.6900     2.9783     0.0852     0.4230 1.2552e+02     2.1167      1.560      2.263     8.8494 0.0000e+00
      1.571     -0.067    10.4881     91.138     37.096  25.224860     3.6900     3.0164     0.0852     0.4230 1.2530e+02     2.0716      1.540      2.234     8.8796 0.0000e+00
      1.554     -0.060    10.5064     91.218     37.100  25.254679     3.6900     2.9821     0.0852     0.4230 1.2959e+02     2.1317      1.523      2.210     8.9102 0.0000e+00
      1.540     -0.051    10.5209     91.280     37.094  25.279865     3.6900     2.9783     0.0852     0.3384 1.2800e+02     1.9664      1.510      2.190     8.9383 0.0000e+00
      1.529     -0.044    10.5305     91.338     37.080  25.299216     3.6900     2.9516     0.0852     0.3384 1.2819e+02     1.8913      1.499      2.175     8.9656 0.0000e+00
      1.521     -0.037    10.5349     91.398     37.060  25.313933     3.6900     2.9554     0.0852     0.3384 1.2956e+02     1.7860      1.491      2.162     8.9968 0.0000e+00
      1.513     -0.034    10.5348     91.475     37.040  25.327943     3.6900     2.9401     0.0852     0.3384 1.3007e+02     1.8762      1.483      2.151     9.0339 0.0000e+00
