Data/DataNotYetUploadedToEDI/Raw_CTD/RawDownloads/022422_bvr50.cnv
* Sea-Bird SBE19plus  Data File:
* FileName = C:\R\Reservoirs\Data\DataNotYetUploadedToEDI\Raw_CTD\RawDownloads\022422_bvr_0001.hex
* Software version 2.8.0.119
* Temperature SN = 7809
* Conductivity SN = 7809
* System UpLoad Time = Feb 24 2022 15:39:40
* <ApplicationData>
* <Seaterm232>
# nquan = 16
# nvalues = 1601                        
# units = specified
# name 0 = depFM: Depth [fresh water, m]
# name 1 = dz/dtM: Descent Rate [m/s]
# name 2 = orp: Oxidation Reduction Potential [mV]
# name 3 = sbeox0Mg/L: Oxygen, SBE 43 [mg/l]
# name 4 = sbeox0PS: Oxygen, SBE 43 [% saturation]
# name 5 = par/sat/log: PAR/Logarithmic, Satlantic
# name 6 = ph: pH
# name 7 = specc: Specific Conductance [uS/cm]
# name 8 = c0uS/cm: Conductivity [uS/cm]
# name 9 = flECO-AFL: Fluorescence, WET Labs ECO-AFL/FL [mg/m^3]
# name 10 = turbWETntu0: Turbidity, WET Labs ECO [NTU]
# name 11 = tv290C: Temperature [ITS-90, deg C]
# name 12 = density00: Density [density, kg/m^3]
# name 13 = prdE: Pressure, Strain Gauge [psi]
# name 14 = prdM: Pressure, Strain Gauge [db]
# name 15 = flag:  0.000e+00
# span 0 =     -0.684,      9.366       
# span 1 =     -0.326,      0.225       
# span 2 =  -773.4863,   642.8080       
# span 3 =     8.2139,    13.4164       
# span 4 =     63.800,    104.594       
# span 5 = 1.2362e-01, 8.3508e+01       
# span 6 =      3.612,      7.175       
# span 7 =      1.430,     52.433       
# span 8 =   0.865935,  30.234424       
# span 9 =    -0.1722,    10.9774       
# span 10 =    -0.4362,    24.2295      
# span 11 =     2.1008,     5.3635      
# span 12 =   999.9441,  1000.0246      
# span 13 =     -0.973,     13.322      
# span 14 =     -0.671,      9.185      
# span 15 = 0.0000e+00, 0.0000e+00      
# interval = seconds: 0.25
# start_time = Feb 24 2022 08:01:48 [Instrument's time stamp, header]
# bad_flag = -9.990e-29
*END*
[from data line 1537]
     -0.683 -1.538e-10   227.2950    11.8864     94.474 8.0440e+01      6.585      2.344   1.420436    -0.1350    -0.2608     5.2939   999.9605     -0.973     -0.670 0.0000e+00
     -0.683 -1.399e-11   243.2307    11.9107     94.602 8.1959e+01      6.578      2.219   1.344261    -0.1515    -0.1970     5.2934   999.9604     -0.972     -0.670 0.0000e+00
     -0.683 -1.272e-12   254.6959    11.9342     94.710 8.3124e+01      6.573      2.203   1.334608    -0.1514    -0.1499     5.2927   999.9603     -0.972     -0.670 0.0000e+00
     -0.683 -1.156e-13   252.8637    11.9560     94.810 8.3508e+01      6.570      2.152   1.303720    -0.1414    -0.1352     5.2921   999.9603     -0.972     -0.670 0.0000e+00
     -0.683 -1.051e-14   248.5238    11.9754     94.922 8.3419e+01      6.569      2.020   1.224018    -0.1468    -0.1553     5.2917   999.9602     -0.971     -0.670 0.0000e+00
     -0.683 -9.550e-16   253.1581    11.9913     95.043 8.3327e+01      6.568      1.866   1.130601    -0.1498    -0.1543     5.2912   999.9602     -0.972     -0.670 0.0000e+00
     -0.683 -8.685e-17   265.0169    12.0054     95.169 8.3300e+01      6.567      1.751   1.060504    -0.1371    -0.0883     5.2909   999.9602     -0.972     -0.670 0.0000e+00
     -0.683 -7.895e-18   279.4544    12.0160     95.305 8.3248e+01      6.566      1.666   1.009528    -0.1339    -0.0408     5.2906   999.9602     -0.972     -0.670 0.0000e+00
     -0.683 -7.175e-19   292.9822    12.0311     95.454 8.3106e+01      6.563      1.684   1.020693    -0.1360    -0.0579     5.2903   999.9602     -0.973     -0.671 0.0000e+00
     -0.683 -6.525e-20   295.9087    12.0470     95.620 8.2977e+01      6.562      1.764   1.068893    -0.1294    -0.0900     5.2901   999.9601     -0.972     -0.670 0.0000e+00
     -0.684 -5.930e-21   291.5218    12.0619     95.787 8.2968e+01      6.562      1.793   1.085863    -0.1210    -0.0877     5.2899   999.9601     -0.973     -0.671 0.0000e+00
     -0.684 -5.390e-22   288.3813    12.0803     95.898 8.3037e+01      6.561      1.815   1.099270    -0.1261    -0.0984     5.2897   999.9601     -0.973     -0.671 0.0000e+00
     -0.684 -4.902e-23   288.3084    12.0979     95.953 8.3036e+01      6.559      1.823   1.104381    -0.1404    -0.1507     5.2895   999.9601     -0.972     -0.670 0.0000e+00
     -0.684 -4.456e-24   290.2954    12.1195     96.002 8.2955e+01      6.555      1.895   1.147663    -0.1441    -0.1747     5.2894   999.9602     -0.972     -0.670 0.0000e+00
     -0.684 -4.051e-25   284.7876    12.1444     96.032 8.2912e+01      6.552      2.052   1.242757    -0.1383    -0.1484     5.2891   999.9601     -0.972     -0.670 0.0000e+00
     -0.683 -3.683e-26   283.9204    12.1602     96.050 8.2932e+01      6.549      2.049   1.241278    -0.1287    -0.1054     5.2889   999.9602     -0.972     -0.670 0.0000e+00
     -0.683 -3.347e-27   307.6870    12.1601     96.055 8.2948e+01      6.543      1.865   1.129781    -0.1272    -0.0999     5.2887   999.9601     -0.972     -0.670 0.0000e+00
     -0.684 -2.916e-28   330.0326    12.1714     96.014 8.2898e+01      6.536      1.707   1.034144    -0.1376    -0.1149     5.2885   999.9601     -0.973     -0.671 0.0000e+00
     -0.684 1.1308e-28   332.1185    12.1737     95.974 8.2905e+01      6.533      1.603   0.971205    -0.1384    -0.0825     5.2882   999.9602     -0.973     -0.671 0.0000e+00
     -0.684 1.5457e-27   330.2408    12.1734     95.959 8.2989e+01      6.531      1.549   0.938533    -0.1365    -0.0839     5.2879   999.9603     -0.972     -0.670 0.0000e+00
     -0.684 1.7030e-26   325.7423    12.1819     95.966 8.3014e+01      6.528      1.577   0.955643    -0.1475    -0.1322     5.2875   999.9602     -0.972     -0.670 0.0000e+00
     -0.684 1.8734e-25   321.7795    12.1685     95.982 8.3004e+01      6.525      1.631   0.988161    -0.1541    -0.1202     5.2868   999.9602     -0.973     -0.671 0.0000e+00
     -0.684 2.0607e-24   324.5720    12.1656     95.991 8.2994e+01      6.520      1.675   1.015173    -0.1500    -0.0749     5.2863   999.9601     -0.972     -0.670 0.0000e+00
     -0.684 2.2668e-23   323.0255    12.1631     95.986 8.2977e+01      6.515      1.699   1.029026    -0.1488    -0.0630     5.2859   999.9601     -0.971     -0.670 0.0000e+00
     -0.684 2.4935e-22   311.5120    12.1648     95.966 8.2917e+01      6.511      1.699   1.029051    -0.1474    -0.0781     5.2855   999.9602     -0.972     -0.670 0.0000e+00
     -0.684 2.7428e-21   285.4278    12.1683     95.959 8.2794e+01      6.502      1.676   1.015477    -0.1413    -0.0867     5.2851   999.9602     -0.972     -0.670 0.0000e+00
     -0.684 3.0171e-20   264.2119    12.1686     95.966 8.2677e+01      6.475      1.637   0.991513    -0.1412    -0.0993     5.2848   999.9602     -0.973     -0.671 0.0000e+00
     -0.684 3.3188e-19   292.4614    12.1702     95.967 8.2602e+01      6.424      1.638   0.992525    -0.1460    -0.1282     5.2846   999.9602     -0.972     -0.670 0.0000e+00
     -0.684 3.6507e-18   345.2104    12.1640     95.947 8.2652e+01      6.369      1.696   1.027711    -0.1505    -0.1277     5.2843   999.9602     -0.972     -0.670 0.0000e+00
     -0.684 4.0158e-17   368.2082    12.1647     95.922 8.2758e+01      6.321      1.712   1.037119    -0.1451    -0.0940     5.2840   999.9602     -0.972     -0.670 0.0000e+00
     -0.684 4.4173e-16   373.5820    12.1658     95.924 8.2710e+01      6.274      1.618   0.979665    -0.1393    -0.0958     5.2838   999.9602     -0.973     -0.671 0.0000e+00
     -0.684 4.8591e-15   385.8356    12.1673     95.926 8.2475e+01      6.233      1.491   0.902783    -0.1472    -0.1158     5.2834   999.9602     -0.973     -0.671 0.0000e+00
     -0.684 5.3450e-14   402.4501    12.1649     95.915 8.2393e+01      6.203      1.432   0.867198    -0.1490    -0.0966     5.2829   999.9602     -0.973     -0.671 0.0000e+00
     -0.684 9.7991e-14   429.4041    12.1576     95.929 8.2610e+01      6.183      1.430   0.865935    -0.1448    -0.1036     5.2827   999.9603     -0.973     -0.671 0.0000e+00
     -0.684 5.3450e-14   462.1343    12.1614     95.939 8.2741e+01      6.170      1.466   0.887509    -0.1459    -0.1315     5.2824   999.9602     -0.973     -0.671 0.0000e+00
     -0.684 4.8590e-15   471.4108    12.1637     95.925 8.2722e+01      6.161      1.550   0.938135    -0.1453    -0.0924     5.2821   999.9602     -0.973     -0.671 0.0000e+00
     -0.684 4.4173e-16   467.9153    12.1568     95.919 8.2663e+01      6.156      1.605   0.971614    -0.1370    -0.0405     5.2816   999.9602     -0.973     -0.671 0.0000e+00
     -0.684 4.0158e-17   474.5054    12.1626     95.913 8.2554e+01      6.151      1.612   0.975774    -0.1286    -0.0506     5.2812   999.9602     -0.972     -0.670 0.0000e+00
     -0.684 3.6507e-18   480.4529    12.1660     95.905 8.2385e+01      6.144      1.633   0.988436    -0.1276    -0.0778     5.2807   999.9602     -0.973     -0.671 0.0000e+00
     -0.684 3.3188e-19   486.1378    12.1594     95.903 8.2125e+01      6.139      1.649   0.998097    -0.1254    -0.0618     5.2803   999.9603     -0.972     -0.670 0.0000e+00
     -0.684 3.0171e-20   493.0805    12.1620     95.897 8.1809e+01      6.134      1.595   0.965975    -0.1188    -0.0277     5.2800   999.9603     -0.973     -0.671 0.0000e+00
     -0.684 2.7428e-21   491.7792    12.1609     95.909 8.1551e+01      6.131      1.513   0.916578    -0.1220    -0.0413     5.2795   999.9603     -0.973     -0.671 0.0000e+00
     -0.684 2.4935e-22   505.3357    12.1578     95.928 8.1418e+01      6.129      1.498   0.907277    -0.1399    -0.0901     5.2791   999.9603     -0.972     -0.670 0.0000e+00
     -0.684 2.2668e-23   539.9778    12.1617     95.926 8.1369e+01      6.124      1.514   0.916825    -0.1514    -0.1060     5.2787   999.9603     -0.972     -0.670 0.0000e+00
     -0.684 2.0607e-24   546.4294    12.1565     95.915 8.1436e+01      6.122      1.495   0.905410    -0.1439    -0.0967     5.2783   999.9603     -0.973     -0.671 0.0000e+00
     -0.684 1.8734e-25   530.3419    12.1600     95.899 8.1713e+01      6.121      1.479   0.895862    -0.1335    -0.0806     5.2779   999.9603     -0.972     -0.670 0.0000e+00
     -0.684 1.7031e-26   545.5060    12.1654     95.889 8.1930e+01      6.117      1.533   0.927992    -0.1336    -0.0812     5.2774   999.9603     -0.972     -0.670 0.0000e+00
     -0.684 1.5483e-27   585.6616    12.1618     95.878 8.1761e+01      6.112      1.614   0.977367    -0.1375    -0.1041     5.2769   999.9603     -0.972     -0.670 0.0000e+00
     -0.684 1.4075e-28   616.0348    12.1635     95.872 8.1489e+01      6.107      1.629   0.986420    -0.1304    -0.0846     5.2765   999.9603     -0.971     -0.670 0.0000e+00
     -0.684 1.2795e-29   628.6439    12.1578     95.882 8.1427e+01      6.106      1.609   0.974148    -0.1224    -0.0491     5.2760   999.9603     -0.972     -0.670 0.0000e+00
     -0.684 1.1632e-30   632.3755    12.1597     95.881 8.1604e+01      6.106      1.578   0.955588    -0.1248    -0.0516     5.2754   999.9603     -0.972     -0.670 0.0000e+00
     -0.684 1.0575e-31   637.0622    12.1578     95.880 8.1944e+01      6.105      1.572   0.951931    -0.1257    -0.0805     5.2750   999.9604     -0.972     -0.670 0.0000e+00
     -0.684 9.6135e-33   642.8080    12.1543     95.877 8.2189e+01      6.103      1.640   0.993238    -0.1331    -0.1248     5.2746   999.9604     -0.972     -0.670 0.0000e+00
     -0.683 8.7395e-34   617.4430    12.1610     95.876 8.2189e+01      6.105      1.671   1.011892    -0.1479    -0.1773     5.2740   999.9604     -0.972     -0.670 0.0000e+00
     -0.683 7.9450e-35   549.7751    12.1568     95.897 8.2100e+01      6.110      1.631   0.987560    -0.1459    -0.1702     5.2735   999.9604     -0.971     -0.670 0.0000e+00
     -0.683 7.2225e-36   494.8017    12.1587     95.924 8.2012e+01      6.112      1.573   0.952263    -0.1340    -0.1072     5.2730   999.9604     -0.972     -0.670 0.0000e+00
     -0.683 6.5660e-37   480.0127    12.1590     95.925 8.1851e+01      6.109      1.489   0.901643    -0.1373    -0.0973     5.2724   999.9605     -0.971     -0.670 0.0000e+00
     -0.683 5.9694e-38   502.2584    12.1559     95.889 8.1688e+01      6.101      1.457   0.881954    -0.1439    -0.1193     5.2719   999.9605     -0.972     -0.670 0.0000e+00
     -0.683 5.4713e-39   541.7911    12.1614     95.858 8.1612e+01      6.092      1.494   0.904119    -0.1470    -0.1348     5.2714   999.9604     -0.972     -0.670 0.0000e+00
     -0.683 9.8664e-40   559.2074    12.1651     95.854 8.1572e+01      6.088      1.514   0.916424    -0.1507    -0.1474     5.2708   999.9605     -0.972     -0.670 0.0000e+00
     -0.683 -9.990e-29 -9.990e-29    12.1681 -9.990e-29 8.1605e+01 -9.990e-29 -9.990e-29 -9.990e-29 -9.990e-29 -9.990e-29     5.2702   999.9604     -0.971     -0.670 0.0000e+00
     -0.684 -9.990e-29 -9.990e-29    12.1598 -9.990e-29 8.1926e+01 -9.990e-29 -9.990e-29 -9.990e-29 -9.990e-29 -9.990e-29     5.2698   999.9604     -0.972     -0.670 0.0000e+00
     -0.684 -9.990e-29 -9.990e-29    12.1539 -9.990e-29 8.2389e+01 -9.990e-29 -9.990e-29 -9.990e-29 -9.990e-29 -9.990e-29     5.2692   999.9605     -0.973     -0.671 0.0000e+00
     -0.684 -9.990e-29 -9.990e-29    12.1583 -9.990e-29 8.2588e+01 -9.990e-29 -9.990e-29 -9.990e-29 -9.990e-29 -9.990e-29     5.2686   999.9605     -0.972     -0.670 0.0000e+00
