Data/DataNotYetUploadedToEDI/Raw_CTD/RawDownloads/022422_fcr.cnv
* Sea-Bird SBE19plus  Data File:
* FileName = C:\R\Reservoirs\Data\DataNotYetUploadedToEDI\Raw_CTD\RawDownloads\022422_bvr_0002.hex
* Software version 2.8.0.119
* Temperature SN = 7809
* Conductivity SN = 7809
* System UpLoad Time = Feb 24 2022 15:40:28
* <ApplicationData>
* <Seaterm232>
# nquan = 16
# nvalues = 1882                        
# units = specified
# name 0 = depFM: Depth [fresh water, m]
# name 1 = dz/dtM: Descent Rate [m/s]
# name 2 = orp: Oxidation Reduction Potential [mV]
# name 3 = sbeox0Mg/L: Oxygen, SBE 43 [mg/l]
# name 4 = sbeox0PS: Oxygen, SBE 43 [% saturation]
# name 5 = par/sat/log: PAR/Logarithmic, Satlantic
# name 6 = ph: pH
# name 7 = specc: Specific Conductance [uS/cm]
# name 8 = c0uS/cm: Conductivity [uS/cm]
# name 9 = flECO-AFL: Fluorescence, WET Labs ECO-AFL/FL [mg/m^3]
# name 10 = turbWETntu0: Turbidity, WET Labs ECO [NTU]
# name 11 = tv290C: Temperature [ITS-90, deg C]
# name 12 = density00: Density [density, kg/m^3]
# name 13 = prdE: Pressure, Strain Gauge [psi]
# name 14 = prdM: Pressure, Strain Gauge [db]
# name 15 = flag:  0.000e+00
# span 0 =     -0.601,      9.866       
# span 1 =     -2.978,      0.150       
# span 2 =   252.0237,   742.8925       
# span 3 =  -146.4500,    22.4814       
# span 4 =      1.510,    103.826       
# span 5 = 1.2361e-01, 9.2421e+01       
# span 6 =      3.728,      7.552       
# span 7 =      0.652,    518.950       
# span 8 =   0.338805, 312.040586       
# span 9 =    -0.1824,    57.5132       
# span 10 =    -0.4098,   285.1321      
# span 11 =     0.8931,     6.8384      
# span 12 =   999.8930,  1000.2073      
# span 13 =     -0.855,     14.034      
# span 14 =     -0.590,      9.676      
# span 15 = 0.0000e+00, 0.0000e+00      
# interval = seconds: 0.25
# start_time = Feb 24 2022 10:28:35 [Instrument's time stamp, header]
# bad_flag = -9.990e-29
*END*
[from data line 452]
      0.837      0.036   386.0159    10.3277     83.316 1.9858e+01      6.954     37.910  23.758256     7.2755     2.5705     6.3397   999.9497      1.189      0.820 0.0000e+00
      0.848      0.033   385.9191    10.3076     83.452 1.9718e+01      6.957     37.933  23.769941     7.2869     2.5935     6.3270   999.9502      1.211      0.835 0.0000e+00
      0.856      0.036   385.6070    10.2669     83.536 1.9630e+01      6.957     37.922  23.760341     7.3281     2.5883     6.3383   999.9498      1.219      0.841 0.0000e+00
      0.859      0.043   384.9965    10.2595     83.494 1.9570e+01      6.957     37.947  23.768938     7.4075     2.6105     6.3410   999.9497      1.222      0.842 0.0000e+00
      0.863      0.050   385.4203    10.2844     83.307 1.9426e+01      6.958     38.029  23.810508     7.4564     2.5888     6.3318   999.9500      1.222      0.843 0.0000e+00
      0.878      0.058   386.8593    10.3008     82.979 1.9071e+01      6.960     38.059  23.819309     7.4703     2.5651     6.3284   999.9503      1.241      0.855 0.0000e+00
      0.903      0.067   387.6825    10.3195     82.574 1.8690e+01      6.963     38.056  23.811968     7.5762     2.5628     6.3285   999.9504      1.288      0.888 0.0000e+00
      0.925      0.074   387.8020    10.3131     82.210 1.8399e+01      6.966     38.118  23.848498     7.7796     2.5262     6.3192   999.9508      1.319      0.910 0.0000e+00
      0.943      0.076   387.7884    10.2970     82.055 1.8092e+01      6.966     38.179  23.880728     7.8985     2.5329     6.3045   999.9515      1.340      0.923 0.0000e+00
      0.962      0.073   387.5184    10.2565     82.252 1.7788e+01      6.966     38.199  23.884769     7.9073     2.5416     6.2880   999.9522      1.369      0.943 0.0000e+00
      0.981      0.070   386.9454    10.2030     82.691 1.7533e+01      6.965     38.231  23.897348     7.9106     2.4949     6.2814   999.9525      1.398      0.964 0.0000e+00
      0.999      0.069   386.7116    10.1519     83.110 1.7298e+01      6.961     38.256  23.906058     8.0542     2.5139     6.2837   999.9525      1.422      0.981 0.0000e+00
      1.014      0.069   387.0147    10.1222     83.399 1.7040e+01      6.956     38.298  23.926696     8.3211     2.6353     6.2749   999.9529      1.441      0.994 0.0000e+00
      1.030      0.065   387.5125    10.1577     83.565 1.6744e+01      6.956     38.356  23.956744     8.4659     2.7663     6.2613   999.9535      1.463      1.008 0.0000e+00
      1.049      0.059   387.7402    10.2301     83.563 1.6418e+01      6.960     38.366  23.952471     8.4562     2.8000     6.2515   999.9539      1.489      1.027 0.0000e+00
      1.070      0.054   387.6169    10.2889     83.426 1.6172e+01      6.963     38.364  23.938396     8.2456     2.7006     6.2426   999.9543      1.528      1.054 0.0000e+00
      1.084      0.049   387.5700    10.3209     83.256 1.6102e+01      6.968     38.340  23.913311     7.8756     2.5903     6.2359   999.9546      1.548      1.067 0.0000e+00
      1.090      0.047   387.6035    10.3495     83.079 1.6052e+01      6.972     38.339  23.902676     7.6857     2.5590     6.2302   999.9548      1.548      1.067 0.0000e+00
      1.095      0.048   387.4196    10.3519     82.987 1.5947e+01      6.971     38.410  23.936552     7.6894     2.5612     6.2155   999.9554      1.558      1.074 0.0000e+00
      1.102      0.050   386.7229    10.3304     83.058 1.5775e+01      6.968     38.435  23.942628     7.7956     2.5497     6.1949   999.9562      1.565      1.079 0.0000e+00
      1.117      0.053   386.0632    10.3171     83.270 1.5461e+01      6.968     38.405  23.912764     7.9790     2.5212     6.1845   999.9565      1.582      1.091 0.0000e+00
      1.140      0.057   386.0679    10.2918     83.652 1.5148e+01      6.970     38.394  23.892337     8.0837     2.4897     6.1727   999.9570      1.623      1.119 0.0000e+00
      1.161      0.059   386.5216    10.2774     84.157 1.4983e+01      6.974     38.402  23.885758     8.1218     2.5111     6.1563   999.9578      1.659      1.144 0.0000e+00
      1.174      0.060   387.1617    10.2966     84.643 1.4894e+01      6.977     38.435  23.896593     8.1982     2.6091     6.1470   999.9581      1.672      1.153 0.0000e+00
      1.184      0.060   387.4404    10.3197     85.008 1.4767e+01      6.976     38.448  23.896572     8.3087     2.6831     6.1333   999.9586      1.681      1.160 0.0000e+00
      1.194      0.058   387.2238    10.3752     85.222 1.4564e+01      6.975     38.439  23.885496     8.3835     2.6893     6.1118   999.9594      1.697      1.170 0.0000e+00
      1.210      0.056   386.4358    10.4517     85.352 1.4258e+01      6.976     38.456  23.889425     8.4025     2.7182     6.0968   999.9599      1.717      1.183 0.0000e+00
      1.232      0.055   385.2259    10.5164     85.437 1.3971e+01      6.979     38.461  23.880686     8.3558     2.6907     6.0853   999.9604      1.755      1.210 0.0000e+00
      1.251      0.054   384.6403    10.5711     85.485 1.3855e+01      6.980     38.427  23.843215     8.2606     2.5622     6.0722   999.9609      1.787      1.231 0.0000e+00
      1.260      0.052   385.1200    10.5897     85.506 1.3807e+01      6.979     38.419  23.816610     8.2161     2.4969     6.0687   999.9611      1.793      1.236 0.0000e+00
      1.267      0.048   386.0362    10.6090     85.479 1.3710e+01      6.979     38.448  23.812488     8.2266     2.5164     6.0617   999.9614      1.800      1.241 0.0000e+00
      1.277      0.043   386.3390    10.6238     85.461 1.3537e+01      6.980     38.445  23.793353     8.2375     2.5248     6.0459   999.9619      1.816      1.252 0.0000e+00
      1.290      0.042   386.1142    10.6320     85.584 1.3336e+01      6.981     38.440  23.775360     8.3058     2.5296     6.0264   999.9626      1.835      1.265 0.0000e+00
      1.304      0.043   385.2972    10.6481     85.904 1.3196e+01      6.980     38.479  23.785059     8.4372     2.6083     5.9942   999.9636      1.857      1.280 0.0000e+00
      1.315      0.045   383.9472    10.6494     86.330 1.3117e+01      6.981     38.499  23.783856     8.5109     2.6908     5.9631   999.9647      1.873      1.292 0.0000e+00
      1.323      0.046   383.2988    10.6457     86.700 1.2995e+01      6.985     38.477  23.760797     8.5313     2.7417     5.9424   999.9653      1.879      1.296 0.0000e+00
      1.334      0.047   383.2214    10.6615     86.891 1.2813e+01      6.989     38.484  23.759749     8.5835     2.7788     5.9247   999.9659      1.895      1.306 0.0000e+00
      1.348      0.049   383.2694    10.7133     86.943 1.2697e+01      6.990     38.506  23.771186     8.6510     2.7643     5.9045   999.9666      1.920      1.324 0.0000e+00
      1.359      0.052   383.7934    10.7782     87.023 1.2583e+01      6.991     38.511  23.772329     8.6900     2.7376     5.8854   999.9672      1.931      1.332 0.0000e+00
      1.373      0.054   384.4805    10.8355     87.180 1.2389e+01      6.992     38.521  23.773567     8.6976     2.7282     5.8740   999.9675      1.950      1.345 0.0000e+00
      1.390      0.054   384.4360    10.8600     87.324 1.2212e+01      6.993     38.552  23.786146     8.6008     2.7193     5.8666   999.9678      1.980      1.364 0.0000e+00
      1.405      0.051   383.6857    10.8549     87.377 1.2064e+01      6.994     38.582  23.797661     8.4107     2.7321     5.8652   999.9680      1.998      1.378 0.0000e+00
      1.420      0.047   383.0668    10.8631     87.352 1.1921e+01      6.996     38.572  23.786034     8.2969     2.7810     5.8640   999.9681      2.020      1.392 0.0000e+00
      1.432      0.043   382.8897    10.8918     87.325 1.1820e+01      7.000     38.556  23.772312     8.2898     2.7983     5.8567   999.9684      2.040      1.406 0.0000e+00
      1.440      0.041   382.9204    10.9153     87.349 1.1736e+01      7.004     38.536  23.758494     8.3166     2.7710     5.8481   999.9687      2.046      1.411 0.0000e+00
      1.446      0.042   383.0075    10.9246     87.414 1.1651e+01      7.006     38.516  23.745723     8.3380     2.7575     5.8390   999.9690      2.056      1.419 0.0000e+00
      1.454      0.045   383.2552    10.9182     87.492 1.1560e+01      7.006     38.513  23.744646     8.3410     2.7715     5.8312   999.9692      2.067      1.425 0.0000e+00
      1.465      0.046   383.7647    10.9135     87.584 1.1393e+01      7.006     38.515  23.745474     8.3445     2.7704     5.8268   999.9694      2.077      1.432 0.0000e+00
      1.482      0.046   384.1774    10.9188     87.701 1.1191e+01      7.005     38.533  23.755730     8.4634     2.7439     5.8238   999.9696      2.107      1.453 0.0000e+00
      1.500      0.043   384.1145    10.9282     87.757 1.1057e+01      7.004     38.512  23.741903     8.6879     2.7239     5.8237   999.9697      2.139      1.475 0.0000e+00
      1.513      0.038   383.8645    10.9387     87.674 1.0992e+01      7.005     38.453  23.705040     8.8034     2.6989     5.8262   999.9697      2.154      1.485 0.0000e+00
      1.520      0.033   383.7361    10.9457     87.480 1.0962e+01      7.008     38.430  23.690280     8.8108     2.6809     5.8252   999.9697      2.163      1.491 0.0000e+00
      1.523      0.028   383.4226    10.9680     87.296 1.0937e+01      7.009     38.431  23.690194     8.8113     2.7124     5.8237   999.9698      2.166      1.494 0.0000e+00
      1.525      0.026   382.7413    10.9790     87.219 1.0904e+01      7.008     38.455  23.704003     8.7348     2.7372     5.8232   999.9698      2.169      1.495 0.0000e+00
      1.529      0.026   382.4668    10.9672     87.224 1.0854e+01      7.008     38.500  23.730484     8.5924     2.7426     5.8224   999.9698      2.172      1.497 0.0000e+00
      1.538      0.028   383.6315    10.9380     87.266 1.0739e+01      7.010     38.544  23.756872     8.5214     2.7438     5.8215   999.9699      2.184      1.506 0.0000e+00
      1.550      0.030   385.3801    10.9068     87.286 1.0613e+01      7.011     38.565  23.769547     8.5257     2.7517     5.8200   999.9700      2.208      1.522 0.0000e+00
      1.559      0.032   385.9720    10.9041     87.263 1.0559e+01      7.013     38.545  23.756986     8.5362     2.8035     5.8188   999.9701      2.220      1.531 0.0000e+00
      1.565      0.033   385.7983    10.9039     87.253 1.0503e+01      7.016     38.503  23.731751     8.5325     2.7885     5.8175   999.9701      2.222      1.532 0.0000e+00
      1.572      0.033   385.1721    10.9134     87.274 1.0417e+01      7.017     38.481  23.717933     8.5219     2.7417     5.8158   999.9703      2.236      1.542 0.0000e+00
      1.580      0.032   384.1657    10.9193     87.342 1.0343e+01      7.017     38.478  23.716678     8.5242     2.7832     5.8153   999.9703      2.249      1.550 0.0000e+00
      1.588      0.032   383.6961    10.9092     87.466 1.0238e+01      7.017     38.478  23.716563     8.5682     2.8130     5.8158   999.9703      2.255      1.555 0.0000e+00
      1.599      0.032   384.4843    10.9103     87.611 1.0129e+01      7.017     38.477  23.716553     8.6464     2.7600     5.8165   999.9703      2.275      1.568 0.0000e+00
      1.609      0.031   386.2105    10.9109     87.728 1.0085e+01      7.018     38.477  23.716552     8.6874     2.6891     5.8165   999.9704      2.293      1.580 0.0000e+00
      1.614      0.031   387.1870    10.9182     87.773 1.0062e+01      7.021     38.477  23.716552     8.6904     2.6732     5.8167   999.9704      2.296      1.583 0.0000e+00
      1.619      0.030   386.9140    10.9368     87.777 1.0008e+01      7.022     38.478  23.716553     8.7314     2.7045     5.8173   999.9704      2.301      1.586 0.0000e+00
      1.627      0.028   386.2650    10.9554     87.825 9.9315e+00      7.021     38.479  23.716562     8.8005     2.7257     5.8181   999.9704      2.313      1.595 0.0000e+00
      1.636      0.026   385.8789    10.9739     87.950 9.8620e+00      7.022     38.480  23.716666     8.8185     2.7239     5.8180   999.9705      2.330      1.606 0.0000e+00
      1.644      0.024   385.7728    10.9783     88.128 9.7888e+00      7.024     38.483  23.717810     8.8081     2.7171     5.8173   999.9705      2.338      1.612 0.0000e+00
      1.650      0.022   386.0141    10.9721     88.258 9.7328e+00      7.025     38.503  23.730391     8.7911     2.7125     5.8175   999.9705      2.348      1.618 0.0000e+00
      1.655      0.021   386.6451    10.9795     88.301 9.7255e+00      7.026     38.522  23.742027     8.7456     2.7366     5.8166   999.9706      2.357      1.625 0.0000e+00
      1.658      0.021   387.2944    10.9936     88.286 9.7244e+00      7.027     38.506  23.731751     8.7156     2.7697     5.8153   999.9706      2.358      1.626 0.0000e+00
      1.660      0.023   387.5832    11.0238     88.214 9.6860e+00      7.027     38.508  23.732895     8.7040     2.7362     5.8142   999.9707      2.358      1.626 0.0000e+00
      1.665      0.025   387.5560    11.0428     88.143 9.6190e+00      7.028     38.547  23.755855     8.6960     2.7076     5.8140   999.9707      2.367      1.632 0.0000e+00
      1.674      0.028   387.3100    11.0419     88.117 9.5338e+00      7.029     38.549  23.755855     8.7688     2.7652     5.8142   999.9708      2.380      1.641 0.0000e+00
      1.685      0.029   386.8457    11.0458     88.146 9.4461e+00      7.030     38.512  23.732895     8.9100     2.7839     5.8147   999.9708      2.397      1.652 0.0000e+00
      1.695      0.029   386.4164    11.0298     88.216 9.4017e+00      7.030     38.510  23.731751     8.9809     2.7292     5.8146   999.9708      2.412      1.664 0.0000e+00
      1.701      0.027   386.1633    11.0208     88.305 9.3708e+00      7.030     38.526  23.742027     8.9763     2.6845     5.8131   999.9709      2.419      1.668 0.0000e+00
      1.707      0.023   386.2809    11.0182     88.423 9.3356e+00      7.030     38.506  23.730391     8.9373     2.6867     5.8107   999.9710      2.427      1.674 0.0000e+00
      1.712      0.022   386.5476    11.0209     88.533 9.3172e+00      7.030     38.485  23.717811     8.8679     2.7563     5.8097   999.9711      2.437      1.680 0.0000e+00
      1.716      0.024   386.5476    11.0342     88.598 9.3003e+00      7.028     38.483  23.716678     8.8284     2.7744     5.8108   999.9710      2.441      1.683 0.0000e+00
      1.719      0.026   386.5392    11.0397     88.637 9.2595e+00      7.025     38.482  23.716688     8.8257     2.7004     5.8118   999.9711      2.444      1.685 0.0000e+00
      1.725      0.027   386.7044    11.0591     88.674 9.1665e+00      7.024     38.483  23.717935     8.8427     2.6476     5.8124   999.9710      2.450      1.689 0.0000e+00
      1.736      0.026   385.8780    11.0745     88.696 9.0588e+00      7.024     38.505  23.731751     8.8764     2.6150     5.8129   999.9711      2.468      1.702 0.0000e+00
      1.748      0.026   384.3773    11.0807     88.642 9.0013e+00      7.025     38.546  23.756986     8.8918     2.5785     5.8131   999.9712      2.491      1.718 0.0000e+00
      1.755      0.026   383.9602    11.0843     88.472 9.0031e+00      7.025     38.567  23.769546     8.8788     2.5484     5.8139   999.9712      2.498      1.723 0.0000e+00
      1.757      0.026   384.0179    11.0881     88.257 9.0183e+00      7.027     38.548  23.756862     8.8354     2.5919     5.8155   999.9711      2.497      1.722 0.0000e+00
      1.759      0.026   384.0428    11.0950     88.144 8.9901e+00      7.031     38.507  23.730370     8.7838     2.7294     5.8158   999.9711      2.499      1.724 0.0000e+00
      1.765      0.029   384.6057    11.0905     88.188 8.9140e+00      7.034     38.467  23.702736     8.7620     2.8105     5.8153   999.9712      2.506      1.728 0.0000e+00
      1.776      0.034   385.3174    11.0680     88.337 8.8425e+00      7.036     38.431  23.676244     8.7474     2.7862     5.8141   999.9713      2.527      1.742 0.0000e+00
