Data/DataNotYetUploadedToEDI/Raw_CTD/RawDownloads/022625_ccr90_S7809004.cnv
* Sea-Bird SBE19plus  Data File:
* FileName = C:\R\Reservoirs\Data\DataNotYetUploadedToEDI\Raw_CTD\RawDownloads\022625_ccr50_S7809_0004.hex
* Software version 2.8.0.119
* Temperature SN = 7809
* Conductivity SN = 7809
* System UpLoad Time = Feb 26 2025 16:24:03
* <ApplicationData>
* <Seaterm232>
# nquan = 15
# nvalues = 1498                        
# units = specified
# name 0 = depFM: Depth [fresh water, m]
# name 1 = dz/dtM: Descent Rate [m/s]
# name 2 = sbeox0Mg/L: Oxygen, SBE 43 [mg/l]
# name 3 = sbeox0PS: Oxygen, SBE 43 [% saturation]
# name 4 = specc: Specific Conductance [uS/cm]
# name 5 = c0uS/cm: Conductivity [uS/cm]
# name 6 = flECO-AFL: Fluorescence, WET Labs ECO-AFL/FL [mg/m^3]
# name 7 = ph: pH
# name 8 = orp: Oxidation Reduction Potential [mV]
# name 9 = par/sat/log: PAR/Logarithmic, Satlantic
# name 10 = turbWETntu0: Turbidity, WET Labs ECO [NTU]
# name 11 = prdM: Pressure, Strain Gauge [db]
# name 12 = prdE: Pressure, Strain Gauge [psi]
# name 13 = tv290C: Temperature [ITS-90, deg C]
# name 14 = flag:  0.000e+00
# span 0 =     -0.493,      5.147       
# span 1 =     -0.117,      0.235       
# span 2 =     9.0578,    12.5838       
# span 3 =     71.794,     98.633       
# span 4 =      6.789,    143.552       
# span 5 =   4.441188,  86.267780       
# span 6 =    -0.1067,    15.9298       
# span 7 =      9.160,      9.360       
# span 8 =   103.9291,   279.6365       
# span 9 = 7.9511e+00, 9.6406e+02       
# span 10 =     0.2459,   243.3834      
# span 11 =     -0.485,      5.048      
# span 12 =     -0.702,      7.322      
# span 13 =     4.5741,     7.7288      
# span 14 = 0.0000e+00, 0.0000e+00      
# interval = seconds: 0.25
# start_time = Feb 26 2025 12:13:54 [Instrument's time stamp, header]
# bad_flag = -9.990e-29
*END*
[from data line 1254]
      1.807      0.045    11.9768     92.802    140.998  83.545705     0.9703      9.345   225.0827 1.0463e+02     4.9182      1.774      2.571     4.6280 0.0000e+00
      1.818      0.042    11.9715     92.796    140.997  83.545705     0.9954      9.345   225.2100 1.0375e+02     4.8667      1.784      2.587     4.6274 0.0000e+00
      1.826      0.045    11.9620     92.761    141.006  83.549829     1.0437      9.345   225.3341 1.0315e+02     4.7865      1.791      2.598     4.6267 0.0000e+00
      1.832      0.050    11.9569     92.711    140.983  83.531954     1.0712      9.345   225.2926 1.0255e+02     4.6990      1.796      2.605     4.6256 0.0000e+00
      1.841      0.057    11.9647     92.679    140.971  83.520389     1.0702      9.345   225.3116 1.0130e+02     4.6293      1.802      2.615     4.6250 0.0000e+00
      1.858      0.063    11.9615     92.675    141.004  83.537204     1.0567      9.345   225.3906 9.9199e+01     4.6269      1.819      2.639     4.6259 0.0000e+00
      1.882      0.064    11.9583     92.671    141.017  83.544445     1.0409      9.345   225.3878 9.6983e+01     4.6704      1.847      2.678     4.6257 0.0000e+00
      1.906      0.061    11.9494     92.666    141.017  83.544340     1.0375      9.345   225.5360 9.5571e+01     4.7440      1.871      2.714     4.6237 0.0000e+00
      1.924      0.054    11.9448     92.662    141.000  83.535932     1.0483      9.345   225.7204 9.5200e+01     4.7658      1.890      2.742     4.6217 0.0000e+00
      1.935      0.045    11.9480     92.683    140.946  83.506387     1.0884      9.345   225.7242 9.5154e+01     4.6948      1.900      2.757     4.6209 0.0000e+00
      1.939      0.038    11.9458     92.734    140.940  83.505127     1.1478      9.346   225.7532 9.4879e+01     4.6367      1.902      2.759     4.6208 0.0000e+00
      1.941      0.035    11.9464     92.779    140.963  83.520700     1.1758      9.346   225.8997 9.4299e+01     4.6450      1.902      2.759     4.6209 0.0000e+00
      1.947      0.035    11.9438     92.809    140.931  83.503876     1.1684      9.346   226.0331 9.3319e+01     4.6581      1.907      2.766     4.6215 0.0000e+00
      1.958      0.038    11.9451     92.844    140.909  83.492511     1.1587      9.346   225.9894 9.2068e+01     4.6587      1.920      2.784     4.6224 0.0000e+00
      1.973      0.042    11.9547     92.883    140.936  83.510500     1.1671      9.346   225.8873 9.0905e+01     4.6867      1.936      2.807     4.6234 0.0000e+00
      1.988      0.046    11.9607     92.898    140.968  83.530566     1.1867      9.346   225.9176 8.9915e+01     4.7224      1.951      2.830     4.6238 0.0000e+00
      2.000      0.048    11.9621     92.889    140.990  83.544330     1.1959      9.346   225.8391 8.9019e+01     4.7494      1.962      2.846     4.6247 0.0000e+00
      2.008      0.050    11.9669     92.899    140.999  83.549704     1.1874      9.346   225.6268 8.8154e+01     4.8077      1.969      2.855     4.6255 0.0000e+00
      2.018      0.051    11.9732     92.925    140.970  83.531942     1.1665      9.346   225.5876 8.7092e+01     4.8809      1.977      2.868     4.6262 0.0000e+00
      2.032      0.053    11.9766     92.945    140.951  83.520379     1.1517      9.346   225.7090 8.5791e+01     4.9179      1.991      2.888     4.6266 0.0000e+00
      2.049      0.053    11.9702     92.956    140.979  83.537100     1.1497      9.346   225.8040 8.4598e+01     4.9465      2.010      2.914     4.6265 0.0000e+00
      2.066      0.053    11.9734     92.952    140.989  83.543308     1.1587      9.346   225.7890 8.3538e+01     4.9191      2.028      2.941     4.6266 0.0000e+00
      2.081      0.052    11.9783     92.928    140.971  83.531830     1.1776      9.346   225.7003 8.2453e+01     4.8263      2.041      2.961     4.6266 0.0000e+00
      2.091      0.052    11.9798     92.885    140.962  83.525526     1.1862      9.347   225.6773 8.1573e+01     4.7810      2.052      2.976     4.6263 0.0000e+00
      2.101      0.055    11.9827     92.838    140.973  83.530693     1.1793      9.347   225.6842 8.0763e+01     4.7468      2.060      2.987     4.6263 0.0000e+00
      2.111      0.060    11.9813     92.793    140.974  83.530694     1.1782      9.347   225.6974 7.9699e+01     4.7544      2.070      3.001     4.6265 0.0000e+00
      2.126      0.066    11.9796     92.762    140.966  83.525539     1.1895      9.347   225.7501 7.8459e+01     4.8382      2.084      3.023     4.6263 0.0000e+00
      2.145      0.071    11.9721     92.757    140.977  83.531956     1.2076      9.346   225.7197 7.6990e+01     4.9066      2.102      3.048     4.6258 0.0000e+00
      2.169      0.075    11.9668     92.762    140.998  83.544686     1.2299      9.346   225.6747 7.5425e+01     4.9676      2.128      3.086     4.6255 0.0000e+00
      2.192      0.075    11.9606     92.771    141.012  83.552251     1.2345      9.347   225.6362 7.4124e+01     4.9603      2.153      3.122     4.6251 0.0000e+00
      2.212      0.071    11.9549     92.807    141.026  83.559815     1.2303      9.347   225.5972 7.3012e+01     4.9203      2.171      3.148     4.6250 0.0000e+00
      2.228      0.065    11.9558     92.850    141.050  83.572536     1.2538      9.347   225.7207 7.2053e+01     4.9959      2.186      3.171     4.6251 0.0000e+00
      2.242      0.060    11.9576     92.870    141.064  83.578849     1.2773      9.347   225.8385 7.1237e+01     5.0889      2.200      3.190     4.6251 0.0000e+00
      2.256      0.057    11.9557     92.893    141.055  83.572538     1.2730      9.347   225.8165 7.0425e+01     5.1232      2.212      3.208     4.6249 0.0000e+00
      2.269      0.056    11.9620     92.915    141.035  83.559836     1.2680      9.347   225.8854 6.9696e+01     5.2055      2.225      3.227     4.6247 0.0000e+00
      2.283      0.057    11.9715     92.923    141.024  83.552472     1.2756      9.347   226.0685 6.8966e+01     5.3326      2.238      3.245     4.6242 0.0000e+00
      2.298      0.058    11.9698     92.929    141.015  83.547097     1.2903      9.347   226.2240 6.8107e+01     5.4296      2.253      3.268     4.6233 0.0000e+00
      2.313      0.059    11.9743     92.920    141.033  83.558451     1.3044      9.348   226.3034 6.7327e+01     5.4911      2.269      3.290     4.6231 0.0000e+00
      2.328      0.062    11.9790     92.888    141.039  83.562546     1.3042      9.348   226.2531 6.6682e+01     5.4266      2.283      3.311     4.6228 0.0000e+00
      2.344      0.063    11.9778     92.871    140.989  83.533009     1.2876      9.348   226.1325 6.6029e+01     5.2307      2.299      3.334     4.6223 0.0000e+00
      2.360      0.063    11.9797     92.870    140.968  83.519344     1.2701      9.348   226.0492 6.5293e+01     5.1035      2.314      3.357     4.6222 0.0000e+00
      2.377      0.061    11.9804     92.846    140.980  83.524519     1.2672      9.348   226.1064 6.4469e+01     5.1186      2.330      3.380     4.6227 0.0000e+00
      2.395      0.057    11.9721     92.820    140.997  83.531969     1.2781      9.348   226.2227 6.3704e+01     5.1399      2.349      3.407     4.6229 0.0000e+00
      2.411      0.052    11.9699     92.814    141.025  83.545827     1.2932      9.349   226.1646 6.3102e+01     5.0877      2.366      3.431     4.6229 0.0000e+00
      2.424      0.046    11.9743     92.821    141.060  83.564859     1.3003      9.349   226.0912 6.2658e+01     5.0347      2.379      3.450     4.6226 0.0000e+00
      2.434      0.040    11.9685     92.840    141.070  83.571268     1.2972      9.349   226.1958 6.2340e+01     4.9771      2.388      3.463     4.6216 0.0000e+00
      2.441      0.035    11.9640     92.847    141.048  83.559713     1.2980      9.350   226.3115 6.2034e+01     4.9034      2.394      3.473     4.6206 0.0000e+00
      2.447      0.033    11.9655     92.833    141.033  83.552358     1.3091      9.350   226.2856 6.1625e+01     4.8951      2.401      3.482     4.6198 0.0000e+00
      2.453      0.033    11.9648     92.830    141.020  83.545952     1.3312      9.349   226.2268 6.1014e+01     4.9444      2.406      3.488     4.6190 0.0000e+00
      2.462      0.032    11.9694     92.816    141.018  83.545857     1.3573      9.349   226.2027 6.0293e+01     4.9539      2.413      3.500     4.6191 0.0000e+00
      2.473      0.030    11.9720     92.786    141.025  83.551213     1.3672      9.348   226.1662 5.9625e+01     4.8040      2.426      3.517     4.6199 0.0000e+00
      2.484      0.026    11.9648     92.759    141.013  83.547098     1.3588      9.348   226.2165 5.9085e+01     4.5328      2.437      3.535     4.6205 0.0000e+00
      2.492      0.022    11.9681     92.728    141.031  83.559714     1.3481      9.349   226.2941 5.8790e+01     4.3733      2.446      3.548     4.6211 0.0000e+00
      2.495      0.020    11.9663     92.713    141.061  83.576539     1.3377      9.350   226.2443 5.8707e+01     4.3792      2.448      3.551     4.6212 0.0000e+00
      2.495      0.023    11.9596     92.722    141.038  83.559724     1.3246      9.350   226.2167 5.8655e+01     4.6033      2.447      3.550     4.6214 0.0000e+00
      2.495      0.031    11.9588     92.732    141.023  83.547214     1.3144      9.349   226.3039 5.8423e+01     4.9994      2.444      3.545     4.6230 0.0000e+00
      2.501      0.041    11.9516     92.757    141.038  83.552485     1.3059      9.348   226.3516 5.7858e+01     5.2064      2.447      3.550     4.6241 0.0000e+00
      2.516      0.051    11.9492     92.795    141.053  83.559840     1.2964      9.349   226.2773 5.7026e+01     5.1922      2.465      3.575     4.6234 0.0000e+00
      2.536      0.059    11.9535     92.810    141.075  83.572542     1.2824      9.350   226.2658 5.6113e+01     5.1358      2.486      3.605     4.6224 0.0000e+00
      2.556      0.063    11.9535     92.810    141.088  83.578854     1.2709      9.350   226.3851 5.5319e+01     5.0717      2.508      3.637     4.6207 0.0000e+00
      2.575      0.062    11.9565     92.823    141.081  83.572551     1.2727      9.351   226.4293 5.4697e+01     5.0666      2.527      3.665     4.6191 0.0000e+00
      2.590      0.059    11.9651     92.852    141.062  83.559935     1.2801      9.351   226.4562 5.4211e+01     5.1078      2.541      3.685     4.6187 0.0000e+00
      2.602      0.057    11.9660     92.881    141.053  83.553517     1.2931      9.351   226.5379 5.3901e+01     5.1253      2.552      3.702     4.6189 0.0000e+00
      2.611      0.059    11.9641     92.894    141.065  83.558560     1.3226      9.350   226.5571 5.3588e+01     5.1761      2.560      3.713     4.6184 0.0000e+00
      2.623      0.063    11.9664     92.889    141.071  83.557300     1.3536      9.350   226.6018 5.3014e+01     5.2438      2.569      3.727     4.6175 0.0000e+00
      2.640      0.066    11.9711     92.879    141.050  83.538276     1.3516      9.350   226.7349 5.2284e+01     5.2266      2.587      3.753     4.6170 0.0000e+00
      2.663      0.066    11.9755     92.869    141.028  83.519348     1.3308      9.350   226.7895 5.1562e+01     5.1390      2.611      3.786     4.6169 0.0000e+00
      2.686      0.063    11.9776     92.849    141.033  83.519253     1.3268      9.350   226.7460 5.0914e+01     5.0723      2.635      3.822     4.6165 0.0000e+00
      2.704      0.058    11.9767     92.839    141.063  83.537121     1.3373      9.350   226.7251 5.0537e+01     5.1035      2.655      3.851     4.6144 0.0000e+00
      2.716      0.053    11.9754     92.845    141.075  83.544571     1.3494      9.350   226.7090 5.0388e+01     5.2082      2.665      3.865     4.6117 0.0000e+00
      2.722      0.049    11.9768     92.850    141.075  83.545736     1.3572      9.350   226.6375 5.0215e+01     5.2453      2.669      3.871     4.6095 0.0000e+00
      2.730      0.048    11.9727     92.850    141.083  83.551206     1.3888      9.351   226.6345 4.9939e+01     5.1419      2.675      3.880     4.6084 0.0000e+00
      2.741      0.049    11.9704     92.858    141.076  83.547103     1.4404      9.351   226.7591 4.9464e+01     4.9831      2.687      3.896     4.6086 0.0000e+00
      2.757      0.051    11.9736     92.877    141.100  83.559729     1.4572      9.351   226.7668 4.8777e+01     4.8964      2.702      3.919     4.6089 0.0000e+00
      2.775      0.051    11.9731     92.892    141.132  83.576659     1.4508      9.351   226.6408 4.8162e+01     4.9144      2.722      3.948     4.6092 0.0000e+00
      2.792      0.050    11.9729     92.883    141.108  83.560982     1.4289      9.351   226.6137 4.7781e+01     4.9610      2.740      3.973     4.6097 0.0000e+00
      2.803      0.048    11.9732     92.856    141.111  83.560992     1.3837      9.351   226.6105 4.7528e+01     4.9814      2.751      3.990     4.6098 0.0000e+00
      2.810      0.047    11.9767     92.831    141.142  83.576774     1.3622      9.351   226.5161 4.7263e+01     4.9909      2.756      3.996     4.6089 0.0000e+00
      2.818      0.047    11.9803     92.799    141.118  83.560994     1.3692      9.351   226.5052 4.6834e+01     4.9733      2.760      4.003     4.6080 0.0000e+00
      2.829      0.049    11.9790     92.750    141.120  83.560994     1.3599      9.351   226.6506 4.6351e+01     4.9055      2.774      4.024     4.6078 0.0000e+00
      2.844      0.052    11.9736     92.710    141.147  83.576775     1.3329      9.351   226.7247 4.5863e+01     4.8890      2.788      4.044     4.6073 0.0000e+00
      2.859      0.054    11.9716     92.680    141.119  83.560995     1.3170      9.351   226.6274 4.5306e+01     4.9782      2.802      4.065     4.6062 0.0000e+00
      2.876      0.054    11.9697     92.646    141.119  83.561006     1.3185      9.352   226.5928 4.4879e+01     5.0271      2.822      4.093     4.6054 0.0000e+00
      2.891      0.054    11.9602     92.634    141.146  83.576902     1.3339      9.352   226.6500 4.4579e+01     5.0366      2.837      4.114     4.6052 0.0000e+00
      2.902      0.055    11.9553     92.636    141.123  83.562381     1.3529      9.351   226.6317 4.4256e+01     5.0931      2.845      4.126     4.6051 0.0000e+00
      2.912      0.056    11.9542     92.630    141.150  83.576249     1.3659      9.350   226.7154 4.3868e+01     5.1286      2.855      4.140     4.6051 0.0000e+00
      2.926      0.059    11.9460     92.628    141.225  83.617367     1.3656      9.351   226.8877 4.3419e+01     5.1587      2.870      4.161     4.6056 0.0000e+00
      2.942      0.062    11.9452     92.630    141.226  83.614306     1.3496      9.351   226.8225 4.2879e+01     5.1832      2.884      4.183     4.6056 0.0000e+00
      2.960      0.062    11.9487     92.630    141.215  83.602838     1.3388      9.351   226.7872 4.2259e+01     5.1869      2.902      4.209     4.6052 0.0000e+00
      2.979      0.058    11.9448     92.615    141.230  83.605908     1.3433      9.351   226.9771 4.1638e+01     5.2029      2.923      4.239     4.6044 0.0000e+00
      2.998      0.050    11.9469     92.601    141.203  83.587825     1.3540      9.352   227.0535 4.1032e+01     5.2057      2.939      4.263     4.6032 0.0000e+00
      3.013      0.042    11.9463     92.617    141.179  83.575001     1.3610      9.353   227.0227 4.0695e+01     5.1872      2.957      4.289     4.6022 0.0000e+00
      3.020      0.037    11.9486     92.642    141.183  83.578062     1.3606      9.353   227.0351 4.0720e+01     5.1160      2.966      4.301     4.6003 0.0000e+00
      3.020      0.039    11.9473     92.664    141.160  83.561228     1.3487      9.353   227.1172 4.0733e+01     4.9594      2.959      4.292     4.5975 0.0000e+00
      3.021      0.048    11.9415     92.693    141.170  83.562270     1.3338      9.353   227.1552 4.0538e+01     4.8644      2.959      4.292     4.5966 0.0000e+00
