Data/DataNotYetUploadedToEDI/Raw_CTD/RawDownloads/022625_ccr50_S7809002.cnv
* Sea-Bird SBE19plus  Data File:
* FileName = C:\R\Reservoirs\Data\DataNotYetUploadedToEDI\Raw_CTD\RawDownloads\022625_ccr50_S7809_0002.hex
* Software version 2.8.0.119
* Temperature SN = 7809
* Conductivity SN = 7809
* System UpLoad Time = Feb 26 2025 16:21:54
* <ApplicationData>
* <Seaterm232>
# nquan = 15
# nvalues = 1789                        
# units = specified
# name 0 = depFM: Depth [fresh water, m]
# name 1 = dz/dtM: Descent Rate [m/s]
# name 2 = sbeox0Mg/L: Oxygen, SBE 43 [mg/l]
# name 3 = sbeox0PS: Oxygen, SBE 43 [% saturation]
# name 4 = specc: Specific Conductance [uS/cm]
# name 5 = c0uS/cm: Conductivity [uS/cm]
# name 6 = flECO-AFL: Fluorescence, WET Labs ECO-AFL/FL [mg/m^3]
# name 7 = ph: pH
# name 8 = orp: Oxidation Reduction Potential [mV]
# name 9 = par/sat/log: PAR/Logarithmic, Satlantic
# name 10 = turbWETntu0: Turbidity, WET Labs ECO [NTU]
# name 11 = prdM: Pressure, Strain Gauge [db]
# name 12 = prdE: Pressure, Strain Gauge [psi]
# name 13 = tv290C: Temperature [ITS-90, deg C]
# name 14 = flag:  0.000e+00
# span 0 =     -0.483,     21.659       
# span 1 =     -0.129,      0.213       
# span 2 =     8.4261,    12.8570       
# span 3 =     66.627,    101.501       
# span 4 =     17.214,    144.355       
# span 5 =  10.464931,  85.180978       
# span 6 =    -0.1200,    14.2516       
# span 7 =      8.982,      9.195       
# span 8 =   229.0628,   256.5431       
# span 9 = 1.2362e-01, 1.4629e+03       
# span 10 =     0.8692,   778.5421      
# span 11 =     -0.475,     21.241      
# span 12 =     -0.688,     30.808      
# span 13 =     4.3266,     5.4138      
# span 14 = 0.0000e+00, 0.0000e+00      
# interval = seconds: 0.25
# start_time = Feb 26 2025 11:18:25 [Instrument's time stamp, header]
# bad_flag = -9.990e-29
*END*
[from data line 1350]
     14.734      0.059    11.8742     91.668    142.551  83.789019     1.2006      9.172   254.1692 1.2378e-01     5.4097     14.448     20.955     4.3881 0.0000e+00
     14.748      0.064    11.8751     91.687    142.553  83.790176     1.2152      9.173   254.0314 1.2379e-01     5.5567     14.462     20.975     4.3881 0.0000e+00
     14.767      0.068    11.8799     91.694    142.554  83.790280     1.2368      9.174   254.0000 1.2379e-01     5.6962     14.481     21.002     4.3880 0.0000e+00
     14.790      0.068    11.8845     91.704    142.554  83.790280     1.2286      9.174   254.1335 1.2381e-01     5.7298     14.504     21.035     4.3881 0.0000e+00
     14.813      0.063    11.8899     91.704    142.554  83.790166     1.2411      9.174   254.1829 1.2382e-01     5.6216     14.528     21.070     4.3881 0.0000e+00
     14.831      0.057    11.8925     91.683    142.552  83.788905     1.2964      9.173   254.1673 1.2381e-01     5.4469     14.547     21.098     4.3880 0.0000e+00
     14.842      0.051    11.8913     91.654    142.529  83.775028     1.3311      9.173   254.2031 1.2377e-01     5.3586     14.557     21.113     4.3879 0.0000e+00
     14.849      0.049    11.8945     91.638    142.487  83.749587     1.3279      9.174   254.2712 1.2373e-01     5.3403     14.562     21.119     4.3879 0.0000e+00
     14.855      0.051    11.8951     91.639    142.463  83.735721     1.2992      9.174   254.3881 1.2379e-01     5.3619     14.566     21.126     4.3878 0.0000e+00
     14.865      0.056    11.8912     91.646    142.461  83.734574     1.2585      9.174   254.4124 1.2386e-01     5.4489     14.575     21.139     4.3878 0.0000e+00
     14.883      0.061    11.8866     91.646    142.463  83.735721     1.2350      9.174   254.3932 1.2381e-01     5.5047     14.593     21.166     4.3878 0.0000e+00
     14.907      0.065    11.8841     91.621    142.487  83.749587     1.2236      9.175   254.4142 1.2378e-01     5.4898     14.620     21.205     4.3876 0.0000e+00
     14.929      0.066    11.8853     91.588    142.530  83.775018     1.2118      9.176   254.3225 1.2380e-01     5.4398     14.643     21.238     4.3874 0.0000e+00
     14.945      0.063    11.8867     91.580    142.554  83.788782     1.2005      9.176   254.2305 1.2380e-01     5.3787     14.657     21.259     4.3874 0.0000e+00
     14.958      0.057    11.8876     91.576    142.554  83.788792     1.1953      9.173   254.2478 1.2380e-01     5.3661     14.668     21.274     4.3874 0.0000e+00
     14.969      0.052    11.8842     91.553    142.532  83.775144     1.2074      9.173   254.2742 1.2374e-01     5.3886     14.680     21.291     4.3874 0.0000e+00
     14.982      0.049    11.8764     91.538    142.492  83.750974     1.2136      9.174   254.2914 1.2373e-01     5.3437     14.693     21.309     4.3874 0.0000e+00
     14.995      0.049    11.8776     91.548    142.492  83.750975     1.1959      9.174   254.2836 1.2384e-01     5.2336     14.705     21.329     4.3874 0.0000e+00
     15.006      0.051    11.8798     91.588    142.534  83.775145     1.1844      9.174   254.1802 1.2392e-01     5.1502     14.716     21.344     4.3874 0.0000e+00
     15.017      0.052    11.8728     91.622    142.558  83.788804     1.1830      9.174   254.1599 1.2391e-01     5.0870     14.725     21.357     4.3872 0.0000e+00
     15.031      0.052    11.8722     91.619    142.558  83.788908     1.1794      9.174   254.2959 1.2389e-01     5.0509     14.739     21.378     4.3870 0.0000e+00
     15.047      0.051    11.8711     91.599    142.538  83.776406     1.1907      9.174   254.3622 1.2386e-01     5.0890     14.757     21.403     4.3869 0.0000e+00
     15.063      0.051    11.8793     91.576    142.519  83.764853     1.2117      9.174   254.3587 1.2379e-01     5.1716     14.773     21.426     4.3868 0.0000e+00
     15.076      0.053    11.8865     91.565    142.539  83.776428     1.2245      9.174   254.4261 1.2377e-01     5.2297     14.786     21.446     4.3866 0.0000e+00
     15.085      0.059    11.8828     91.567    142.561  83.789148     1.2295      9.175   254.4889 1.2379e-01     5.2112     14.795     21.458     4.3864 0.0000e+00
     15.094      0.068    11.8816     91.563    142.567  83.791442     1.2380      9.175   254.4294 1.2377e-01     5.2547     14.800     21.465     4.3863 0.0000e+00
     15.108      0.077    11.8763     91.548    142.592  83.804162     1.2614      9.174   254.3952 1.2376e-01     5.4144     14.811     21.482     4.3863 0.0000e+00
     15.133      0.083    11.8759     91.549    142.616  83.815727     1.2787      9.175   254.4188 1.2377e-01     5.5019     14.837     21.520     4.3863 0.0000e+00
     15.166      0.085    11.8764     91.554    142.600  83.804060     1.2730      9.175   254.3710 1.2380e-01     5.5270     14.874     21.573     4.3861 0.0000e+00
     15.196      0.081    11.8781     91.549    142.578  83.790307     1.2675      9.175   254.2472 1.2388e-01     5.4798     14.906     21.619     4.3857 0.0000e+00
     15.216      0.071    11.8724     91.559    142.555  83.776648     1.2778      9.175   254.1262 1.2394e-01     5.3411     14.925     21.646     4.3849 0.0000e+00
     15.229      0.060    11.8746     91.571    142.537  83.766117     1.2976      9.176   254.1134 1.2390e-01     5.2840     14.936     21.663     4.3840 0.0000e+00
     15.237      0.051    11.8778     91.586    142.579  83.790182     1.3075      9.176   254.0924 1.2383e-01     5.2684     14.942     21.673     4.3833 0.0000e+00
     15.244      0.047    11.8721     91.601    142.620  83.813205     1.2809      9.176   253.8716 1.2374e-01     5.1858     14.948     21.680     4.3830 0.0000e+00
     15.254      0.049    11.8784     91.611    142.582  83.790059     1.2345      9.176   253.7680 1.2366e-01     5.1391     14.957     21.693     4.3829 0.0000e+00
     15.267      0.055    11.8766     91.612    142.539  83.764742     1.2126      9.176   254.0442 1.2365e-01     5.1478     14.970     21.713     4.3830 0.0000e+00
     15.282      0.062    11.8805     91.612    142.534  83.761520     1.2166      9.176   254.2852 1.2370e-01     5.1893     14.986     21.735     4.3828 0.0000e+00
     15.301      0.067    11.8823     91.630    142.518  83.751094     1.2402      9.176   254.2727 1.2378e-01     5.3330     15.006     21.762     4.3822 0.0000e+00
     15.321      0.070    11.8835     91.632    142.544  83.765889     1.2727      9.176   254.2379 1.2382e-01     5.4510     15.025     21.793     4.3820 0.0000e+00
     15.340      0.071    11.8849     91.619    142.624  83.813195     1.2854      9.177   254.2940 1.2383e-01     5.4201     15.043     21.819     4.3820 0.0000e+00
     15.358      0.071    11.8806     91.613    142.626  83.814238     1.2863      9.177   254.3492 1.2382e-01     5.3692     15.061     21.844     4.3819 0.0000e+00
     15.375      0.068    11.8887     91.600    142.566  83.778493     1.2993      9.177   254.3892 1.2383e-01     5.3480     15.078     21.868     4.3818 0.0000e+00
     15.393      0.063    11.8871     91.585    142.539  83.762637     1.3184      9.176   254.4322 1.2386e-01     5.3695     15.094     21.893     4.3816 0.0000e+00
     15.411      0.058    11.8832     91.580    142.517  83.749728     1.3255      9.176   254.4394 1.2387e-01     5.4577     15.113     21.920     4.3816 0.0000e+00
     15.426      0.053    11.8852     91.574    142.517  83.749614     1.3353      9.177   254.4768 1.2387e-01     5.5266     15.128     21.942     4.3815 0.0000e+00
     15.438      0.048    11.8821     91.558    142.537  83.761263     1.3538      9.177   254.5396 1.2390e-01     5.4851     15.139     21.958     4.3813 0.0000e+00
     15.447      0.044    11.8794     91.560    142.541  83.763364     1.3573      9.177   254.5112 1.2394e-01     5.2977     15.149     21.972     4.3813 0.0000e+00
     15.456      0.043    11.8796     91.595    142.561  83.775024     1.3450      9.177   254.3917 1.2392e-01     5.1397     15.157     21.984     4.3813 0.0000e+00
     15.466      0.045    11.8803     91.629    142.561  83.775024     1.3381      9.178   254.3852 1.2382e-01     5.1120     15.166     21.997     4.3812 0.0000e+00
     15.477      0.048    11.8759     91.648    142.541  83.763367     1.3325      9.179   254.5185 1.2375e-01     5.1335     15.177     22.012     4.3811 0.0000e+00
     15.490      0.053    11.8742     91.658    142.537  83.761283     1.3103      9.179   254.5404 1.2374e-01     5.1941     15.190     22.032     4.3812 0.0000e+00
     15.504      0.059    11.8826     91.664    142.517  83.749823     1.2936      9.178   254.4780 1.2375e-01     5.2646     15.204     22.051     4.3811 0.0000e+00
     15.520      0.064    11.8870     91.678    142.521  83.752013     1.2970      9.177   254.5386 1.2375e-01     5.2676     15.219     22.073     4.3811 0.0000e+00
     15.537      0.068    11.8886     91.695    142.583  83.787766     1.2938      9.176   254.5852 1.2371e-01     5.1971     15.236     22.098     4.3812 0.0000e+00
     15.556      0.071    11.8905     91.701    142.605  83.800487     1.2631      9.176   254.4385 1.2370e-01     5.2659     15.254     22.124     4.3813 0.0000e+00
     15.576      0.072    11.8896     91.705    142.568  83.778611     1.2253      9.176   254.3135 1.2371e-01     5.5184     15.274     22.154     4.3812 0.0000e+00
     15.595      0.071    11.8920     91.702    142.566  83.777673     1.2108      9.178   254.3645 1.2373e-01     5.6545     15.294     22.182     4.3813 0.0000e+00
     15.613      0.069    11.8959     91.687    142.586  83.789142     1.2216      9.178   254.3671 1.2377e-01     5.6476     15.312     22.208     4.3810 0.0000e+00
     15.632      0.066    11.8947     91.673    142.588  83.790082     1.2404      9.178   254.2586 1.2382e-01     5.6737     15.329     22.233     4.3809 0.0000e+00
     15.648      0.063    11.8965     91.657    142.586  83.789029     1.2460      9.178   254.1710 1.2383e-01     5.6965     15.346     22.257     4.3810 0.0000e+00
     15.663      0.061    11.8965     91.619    142.566  83.776411     1.2309      9.178   254.0824 1.2382e-01     5.6510     15.361     22.278     4.3809 0.0000e+00
     15.677      0.060    11.8931     91.564    142.547  83.764734     1.2151      9.177   254.0477 1.2377e-01     5.6006     15.374     22.298     4.3809 0.0000e+00
     15.691      0.059    11.8920     91.514    142.565  83.775048     1.1965      9.177   254.2671 1.2373e-01     5.5319     15.386     22.316     4.3809 0.0000e+00
     15.706      0.059    11.8909     91.483    142.564  83.773901     1.1642      9.178   254.5847 1.2377e-01     5.4344     15.402     22.338     4.3808 0.0000e+00
     15.723      0.060    11.8862     91.478    142.526  83.750858     1.1583      9.179   254.6177 1.2379e-01     5.4124     15.421     22.365     4.3805 0.0000e+00
     15.738      0.062    11.8771     91.463    142.527  83.750858     1.1758      9.179   254.4943 1.2380e-01     5.4378     15.435     22.386     4.3803 0.0000e+00
     15.752      0.064    11.8713     91.430    142.567  83.773900     1.2092      9.178   254.4693 1.2381e-01     5.4334     15.446     22.403     4.3802 0.0000e+00
     15.768      0.066    11.8651     91.416    142.569  83.775038     1.2534      9.177   254.4879 1.2380e-01     5.3930     15.462     22.425     4.3800 0.0000e+00
     15.786      0.066    11.8678     91.430    142.552  83.764621     1.2604      9.177   254.5473 1.2379e-01     5.3605     15.481     22.453     4.3798 0.0000e+00
     15.805      0.065    11.8671     91.453    142.571  83.775152     1.2528      9.177   254.6704 1.2382e-01     5.3465     15.498     22.479     4.3796 0.0000e+00
     15.823      0.062    11.8586     91.471    142.571  83.775153     1.2611      9.177   254.7721 1.2384e-01     5.3609     15.517     22.506     4.3795 0.0000e+00
     15.840      0.056    11.8579     91.488    142.553  83.764631     1.2613      9.177   254.7456 1.2377e-01     5.4323     15.535     22.531     4.3794 0.0000e+00
     15.855      0.048    11.8601     91.525    142.572  83.775143     1.2463      9.178   254.6080 1.2370e-01     5.4918     15.549     22.553     4.3794 0.0000e+00
     15.865      0.042    11.8645     91.571    142.573  83.775048     1.2379      9.179   254.5704 1.2375e-01     5.4653     15.560     22.568     4.3792 0.0000e+00
     15.872      0.038    11.8665     91.597    142.553  83.763475     1.2515      9.179   254.6354 1.2384e-01     5.3171     15.565     22.575     4.3791 0.0000e+00
     15.878      0.038    11.8670     91.599    142.551  83.762423     1.2695      9.179   254.6185 1.2386e-01     5.1343     15.570     22.583     4.3790 0.0000e+00
     15.885      0.041    11.8724     91.576    142.550  83.762328     1.2803      9.179   254.6251 1.2381e-01     5.1005     15.577     22.592     4.3789 0.0000e+00
     15.895      0.049    11.8810     91.554    142.549  83.762319     1.2906      9.179   254.6289 1.2382e-01     5.1815     15.587     22.607     4.3787 0.0000e+00
     15.908      0.059    11.8831     91.564    142.549  83.762317     1.2937      9.179   254.4926 1.2387e-01     5.2943     15.600     22.625     4.3788 0.0000e+00
     15.925      0.068    11.8844     91.571    142.549  83.762309     1.2942      9.179   254.4400 1.2388e-01     5.4397     15.616     22.650     4.3789 0.0000e+00
     15.945      0.076    11.8807     91.560    142.549  83.762214     1.2963      9.179   254.5092 1.2388e-01     5.5044     15.637     22.679     4.3789 0.0000e+00
     15.967      0.081    11.8734     91.563    142.549  83.761172     1.2935      9.179   254.5550 1.2389e-01     5.4622     15.659     22.710     4.3791 0.0000e+00
     15.992      0.084    11.8791     91.573    142.534  83.749714     1.2851      9.179   254.5630 1.2394e-01     5.4077     15.683     22.747     4.3791 0.0000e+00
     16.015      0.084    11.8810     91.575    142.542  83.750870     1.2787      9.178   254.5199 1.2395e-01     5.4257     15.705     22.779     4.3792 0.0000e+00
     16.035      0.081    11.8760     91.598    142.590  83.775146     1.2825      9.178   254.4639 1.2389e-01     5.5431     15.725     22.807     4.3791 0.0000e+00
     16.055      0.076    11.8779     91.632    142.618  83.788814     1.2885      9.179   254.4020 1.2389e-01     5.6652     15.745     22.836     4.3789 0.0000e+00
     16.075      0.071    11.8813     91.622    142.620  83.788918     1.2944      9.179   254.3749 1.2390e-01     5.7074     15.766     22.865     4.3781 0.0000e+00
     16.094      0.068    11.8788     91.591    142.600  83.776406     1.2871      9.180   254.3931 1.2384e-01     5.6769     15.784     22.892     4.3765 0.0000e+00
     16.109      0.068    11.8824     91.589    142.580  83.764739     1.2492      9.180   254.3642 1.2379e-01     5.6389     15.799     22.915     4.3751 0.0000e+00
     16.122      0.070    11.8923     91.592    142.596  83.775052     1.2192      9.180   254.3693 1.2378e-01     5.6231     15.810     22.931     4.3742 0.0000e+00
     16.136      0.073    11.8889     91.568    142.592  83.773895     1.2167      9.180   254.4550 1.2380e-01     5.5883     15.822     22.946     4.3738 0.0000e+00
     16.157      0.077    11.8805     91.538    142.550  83.750749     1.2020      9.179   254.5400 1.2380e-01     5.5263     15.842     22.977     4.3737 0.0000e+00
     16.182      0.078    11.8830     91.514    142.547  83.749611     1.1822      9.179   254.5367 1.2376e-01     5.4880     15.871     23.019     4.3736 0.0000e+00
     16.206      0.078    11.8861     91.502    142.565  83.760133     1.1858      9.181   254.4147 1.2378e-01     5.5008     15.894     23.052     4.3738 0.0000e+00
     16.227      0.074    11.8793     91.508    142.550  83.750759     1.1869      9.182   254.3562 1.2380e-01     5.4753     15.914     23.082     4.3745 0.0000e+00
