Data/DataNotYetUploadedToEDI/Raw_CTD/RawDownloads/022625_ccr88_S7809003.cnv
* Sea-Bird SBE19plus  Data File:
* FileName = C:\R\Reservoirs\Data\DataNotYetUploadedToEDI\Raw_CTD\RawDownloads\022625_ccr50_S7809_0003.hex
* Software version 2.8.0.119
* Temperature SN = 7809
* Conductivity SN = 7809
* System UpLoad Time = Feb 26 2025 16:23:12
* <ApplicationData>
* <Seaterm232>
# nquan = 15
# nvalues = 2167                        
# units = specified
# name 0 = depFM: Depth [fresh water, m]
# name 1 = dz/dtM: Descent Rate [m/s]
# name 2 = sbeox0Mg/L: Oxygen, SBE 43 [mg/l]
# name 3 = sbeox0PS: Oxygen, SBE 43 [% saturation]
# name 4 = specc: Specific Conductance [uS/cm]
# name 5 = c0uS/cm: Conductivity [uS/cm]
# name 6 = flECO-AFL: Fluorescence, WET Labs ECO-AFL/FL [mg/m^3]
# name 7 = ph: pH
# name 8 = orp: Oxidation Reduction Potential [mV]
# name 9 = par/sat/log: PAR/Logarithmic, Satlantic
# name 10 = turbWETntu0: Turbidity, WET Labs ECO [NTU]
# name 11 = prdM: Pressure, Strain Gauge [db]
# name 12 = prdE: Pressure, Strain Gauge [psi]
# name 13 = tv290C: Temperature [ITS-90, deg C]
# name 14 = flag:  0.000e+00
# span 0 =     -0.491,     12.348       
# span 1 =     -0.180,      0.228       
# span 2 =     8.5961,    12.9044       
# span 3 =     67.928,    101.073       
# span 4 =     21.511,    142.070       
# span 5 =  13.581265,  85.757465       
# span 6 =    -0.1321,     6.6792       
# span 7 =      8.667,      9.447       
# span 8 =   167.5725,   248.5026       
# span 9 = 1.2364e-01, 9.7146e+02       
# span 10 =    -0.0388,   600.1063      
# span 11 =     -0.482,     12.109      
# span 12 =     -0.699,     17.563      
# span 13 =     4.4753,     6.6260      
# span 14 = 0.0000e+00, 0.0000e+00      
# interval = seconds: 0.25
# start_time = Feb 26 2025 11:41:41 [Instrument's time stamp, header]
# bad_flag = -9.990e-29
*END*
[from data line 1832]
      8.829      0.042    11.9349     92.698    141.177  83.690031     1.4890      9.344   244.9624 1.5005e-01     5.2231      8.658     12.559     4.6414 0.0000e+00
      8.838      0.045    11.9413     92.693    141.172  83.679147     1.5115      9.344   245.1919 1.4762e-01     5.2292      8.666     12.569     4.6413 0.0000e+00
      8.848      0.048    11.9431     92.657    141.180  83.676556     1.5121      9.344   245.3572 1.4538e-01     5.2219      8.675     12.581     4.6416 0.0000e+00
      8.861      0.050    11.9395     92.641    141.161  83.658692     1.4554      9.343   245.4121 1.4451e-01     5.2032      8.689     12.602     4.6414 0.0000e+00
      8.877      0.051    11.9455     92.643    141.162  83.653954     1.3670      9.343   245.4257 1.4522e-01     5.2763      8.705     12.625     4.6392 0.0000e+00
      8.894      0.050    11.9475     92.625    141.217  83.682873     1.3345      9.343   245.4354 1.4770e-01     5.3885      8.723     12.651     4.6361 0.0000e+00
      8.907      0.047    11.9385     92.630    141.239  83.690322     1.3530      9.344   245.4436 1.5247e-01     5.4675      8.737     12.672     4.6337 0.0000e+00
      8.917      0.042    11.9372     92.666    141.239  83.680417     1.3825      9.344   245.5254 1.4501e-01     5.4110      8.745     12.684     4.6309 0.0000e+00
      8.925      0.038    11.9440     92.685    141.278  83.690309     1.4094      9.344   245.5639 1.3393e-01     5.2184      8.753     12.695     4.6287 0.0000e+00
      8.933      0.037    11.9357     92.683    141.285  83.682705     1.4110      9.344   245.4791 1.3643e-01     5.0857      8.760     12.705     4.6282 0.0000e+00
      8.941      0.037    11.9363     92.675    141.249  83.652065     1.3929      9.343   245.3596 1.4132e-01     5.0702      8.768     12.716     4.6272 0.0000e+00
      8.950      0.039    11.9476     92.657    141.236  83.637858     1.3658      9.343   245.3240 1.4052e-01     5.2357      8.775     12.729     4.6230 0.0000e+00
      8.961      0.041    11.9498     92.629    141.239  83.638132     1.3409      9.343   245.3934 1.3557e-01     5.5495      8.787     12.745     4.6176 0.0000e+00
      8.972      0.043    11.9504     92.600    141.264  83.655374     1.3423      9.343   245.4244 1.3441e-01     5.7220      8.798     12.761     4.6134 0.0000e+00
      8.984      0.045    11.9507     92.589    141.259  83.655520     1.3582      9.344   245.3538 1.3636e-01     5.7150      8.810     12.778     4.6103 0.0000e+00
      8.996      0.046    11.9492     92.624    141.234  83.639907     1.3574      9.344   245.3146 1.3056e-01     5.6029      8.823     12.797     4.6077 0.0000e+00
      9.007      0.046    11.9450     92.684    141.272  83.657402     1.3412      9.343   245.2940 1.2595e-01     5.4245      8.834     12.811     4.6069 0.0000e+00
      9.018      0.045    11.9409     92.708    141.316  83.676235     1.3287      9.343   245.2775 1.2907e-01     5.3341      8.843     12.825     4.6085 0.0000e+00
      9.031      0.045    11.9364     92.706    141.327  83.676796     1.3233      9.344   245.3732 1.3033e-01     5.3645      8.856     12.844     4.6101 0.0000e+00
      9.043      0.044    11.9415     92.706    141.318  83.664181     1.3338      9.345   245.3329 1.2708e-01     5.4843      8.869     12.863     4.6100 0.0000e+00
      9.053      0.044    11.9555     92.698    141.309  83.650912     1.3642      9.344   245.2206 1.2610e-01     5.6215      8.878     12.876     4.6076 0.0000e+00
      9.064      0.044    11.9577     92.695    141.303  83.643556     1.3915      9.344   245.3051 1.2740e-01     5.6565      8.889     12.891     4.6048 0.0000e+00
      9.075      0.045    11.9548     92.689    141.289  83.638835     1.3975      9.344   245.4090 1.2585e-01     5.6344      8.900     12.909     4.6033 0.0000e+00
      9.085      0.047    11.9590     92.672    141.309  83.657431     1.3949      9.344   245.5295 1.2446e-01     5.6614      8.909     12.921     4.6006 0.0000e+00
      9.097      0.049    11.9563     92.672    141.334  83.677606     1.3937      9.344   245.7305 1.2892e-01     5.7446      8.920     12.936     4.5968 0.0000e+00
      9.111      0.051    11.9571     92.687    141.355  83.691962     1.3911      9.344   245.7734 1.3346e-01     5.8203      8.934     12.958     4.5951 0.0000e+00
      9.125      0.051    11.9584     92.697    141.377  83.703797     1.3957      9.343   245.6177 1.3301e-01     5.8597      8.949     12.978     4.5969 0.0000e+00
      9.140      0.050    11.9507     92.687    141.361  83.693498     1.4002      9.343   245.5683 1.3191e-01     5.8791      8.963     13.000     4.6000 0.0000e+00
      9.153      0.048    11.9523     92.671    141.365  83.694636     1.4284      9.343   245.6067 1.2809e-01     5.8836      8.976     13.020     4.6024 0.0000e+00
      9.164      0.045    11.9537     92.680    141.415  83.717551     1.4875      9.344   245.5658 1.2489e-01     5.8799      8.987     13.035     4.6027 0.0000e+00
      9.174      0.043    11.9572     92.705    141.443  83.716145     1.5078      9.344   245.5911 1.3125e-01     5.8345      8.996     13.048     4.6018 0.0000e+00
      9.184      0.041    11.9550     92.710    141.418  83.677621     1.4979      9.344   245.6536 1.3730e-01     5.7798      9.006     13.062     4.6016 0.0000e+00
      9.195      0.039    11.9504     92.698    141.368  83.633356     1.5097      9.343   245.6334 1.3110e-01     5.7643      9.017     13.078     4.6018 0.0000e+00
      9.205      0.036    11.9529     92.704    141.359  83.626152     1.5342      9.342   245.6904 1.2440e-01     5.7494      9.028     13.094     4.6007 0.0000e+00
      9.215      0.032    11.9602     92.725    141.399  83.654122     1.5446      9.342   245.7409 1.2387e-01     5.7362      9.038     13.109     4.5937 0.0000e+00
      9.224      0.027    11.9656     92.756    141.396  83.653522     1.5441      9.342   245.7279 1.2385e-01     5.7420      9.046     13.120     4.5826 0.0000e+00
      9.230      0.022    11.9611     92.791    141.336  83.618903     1.5521      9.343   245.7057 1.2386e-01     5.6475      9.053     13.130     4.5767 0.0000e+00
      9.233      0.020    11.9642     92.804    141.334  83.617172     1.5590      9.344   245.5577 1.2389e-01     5.4481      9.056     13.134     4.5777 0.0000e+00
      9.235      0.021    11.9657     92.810    141.369  83.632589     1.5610      9.344   245.4874 1.2385e-01     5.3461      9.056     13.134     4.5806 0.0000e+00
      9.238      0.026    11.9687     92.801    141.346  83.614489     1.5675      9.343   245.5449 1.2379e-01     5.3713      9.058     13.137     4.5803 0.0000e+00
      9.243      0.034    11.9775     92.759    141.256  83.589129     1.5550      9.343   245.5634 1.2384e-01     5.5488      9.062     13.143     4.5801 0.0000e+00
      9.252      0.042    11.9749     92.726    141.113  83.580408     1.5086      9.343   245.5389 1.2394e-01     5.8178      9.072     13.157     4.5813 0.0000e+00
      9.266      0.048    11.9777     92.755    140.949  83.572712     1.4651      9.343   245.5933 1.2392e-01     5.8915      9.086     13.178     4.5797 0.0000e+00
      9.285      0.051    11.9804     92.824    140.817  83.559766     1.4528      9.343   245.7914 1.2382e-01     5.7904      9.106     13.207     4.5732 0.0000e+00
      9.302      0.052    11.9710     92.887    140.742  83.551146     1.4435      9.343   245.7825 1.2377e-01     5.6885      9.123     13.232     4.5780 0.0000e+00
      9.314      0.051    11.9520     92.961    140.684  83.532122     1.4186      9.342   245.5720 1.2381e-01     5.6158      9.134     13.248     4.6124 0.0000e+00
      9.323      0.048    11.9454     93.039    140.654  83.520569     1.4018      9.341   245.6556 1.2393e-01     5.5946      9.144     13.262     4.6497 0.0000e+00
      9.333      0.046    11.9530     93.095    140.689  83.538661     1.3992      9.341   245.8463 1.2393e-01     5.6033      9.152     13.274     4.6724 0.0000e+00
      9.345      0.046    11.9522     93.100    140.759  83.560066     1.4113      9.343   245.8131 1.2382e-01     5.6182      9.163     13.290     4.6843 0.0000e+00
      9.358      0.046    11.9635     93.036    140.860  83.588544     1.4240      9.344   245.8566 1.2377e-01     5.6377      9.176     13.310     4.6870 0.0000e+00
      9.371      0.047    11.9731     92.921    140.982  83.628536     1.4111      9.343   245.9417 1.2379e-01     5.6345      9.190     13.329     4.6898 0.0000e+00
      9.383      0.048    11.9816     92.817    141.086  83.661966     1.3883      9.343   245.8958 1.2383e-01     5.6128      9.202     13.347     4.6906 0.0000e+00
      9.394      0.050    11.9858     92.742    141.150  83.674700     1.3823      9.342   245.9044 1.2385e-01     5.5805      9.212     13.362     4.6825 0.0000e+00
      9.405      0.052    11.9815     92.650    141.162  83.655268     1.3958      9.342   245.8740 1.2390e-01     5.5515      9.224     13.377     4.6696 0.0000e+00
      9.419      0.052    11.9665     92.558    141.142  83.617804     1.4178      9.343   245.8718 1.2394e-01     5.6040      9.235     13.395     4.6578 0.0000e+00
      9.434      0.052    11.9530     92.488    141.152  83.603314     1.4246      9.344   245.8775 1.2389e-01     5.6693      9.250     13.416     4.6473 0.0000e+00
      9.450      0.050    11.9535     92.445    141.193  83.607259     1.4021      9.345   245.7716 1.2385e-01     5.6576      9.268     13.442     4.6397 0.0000e+00
      9.465      0.047    11.9399     92.444    141.219  83.601881     1.3462      9.345   245.8812 1.2386e-01     5.6330      9.283     13.464     4.6300 0.0000e+00
      9.477      0.043    11.9309     92.470    141.244  83.601871     1.2817      9.345   245.9983 1.2387e-01     5.6111      9.295     13.481     4.6193 0.0000e+00
      9.485      0.043    11.9245     92.500    141.258  83.607131     1.2544      9.345   245.8967 1.2392e-01     5.5983      9.302     13.491     4.6141 0.0000e+00
      9.490      0.047    11.9188     92.538    141.231  83.601870     1.2661      9.344   245.8567 1.2390e-01     5.6487      9.306     13.497     4.6071 0.0000e+00
      9.498      0.053    11.9233     92.607    141.210  83.601870     1.2900      9.344   245.8597 1.2382e-01     5.7760      9.312     13.506     4.5977 0.0000e+00
      9.512      0.058    11.9294     92.679    141.225  83.607145     1.3018      9.344   245.8466 1.2386e-01     5.9084      9.324     13.524     4.5923 0.0000e+00
      9.533      0.061    11.9341     92.702    141.244  83.602044     1.2923      9.343   245.8709 1.2390e-01     5.9173      9.347     13.558     4.5905 0.0000e+00
      9.557      0.060    11.9351     92.694    141.260  83.603774     1.2833      9.342   245.8945 1.2380e-01     5.8493      9.374     13.596     4.5954 0.0000e+00
      9.576      0.055    11.9420     92.679    141.302  83.628064     1.3017      9.342   245.9606 1.2378e-01     5.7691      9.394     13.625     4.6043 0.0000e+00
      9.589      0.048    11.9578     92.650    141.329  83.641312     1.3312      9.343   245.9811 1.2385e-01     5.6649      9.406     13.643     4.6018 0.0000e+00
      9.595      0.039    11.9603     92.615    141.327  83.636747     1.3399      9.343   245.9711 1.2381e-01     5.6488      9.411     13.649     4.5916 0.0000e+00
      9.598      0.032    11.9585     92.611    141.325  83.636473     1.3406      9.343   246.0972 1.2372e-01     5.6760      9.411     13.649     4.5896 0.0000e+00
      9.604      0.027    11.9577     92.636    141.329  83.637999     1.3479      9.343   246.1295 1.2376e-01     5.5844      9.417     13.658     4.5920 0.0000e+00
      9.614      0.023    11.9535     92.629    141.362  83.655189     1.3454      9.343   246.0170 1.2382e-01     5.4294      9.428     13.676     4.5897 0.0000e+00
      9.624      0.021    11.9486     92.608    141.361  83.653506     1.3347      9.343   246.0284 1.2376e-01     5.3394      9.439     13.691     4.5876 0.0000e+00
      9.629      0.020    11.9446     92.618    141.294  83.617653     1.3269      9.343   246.0955 1.2368e-01     5.3160      9.444     13.697     4.5896 0.0000e+00
      9.631      0.020    11.9558     92.628    141.253  83.603316     1.3099      9.344   246.0539 1.2370e-01     5.3516      9.444     13.698     4.5891 0.0000e+00
      9.632      0.021    11.9522     92.628    141.242  83.607377     1.2875      9.344   246.0413 1.2378e-01     5.4279      9.444     13.698     4.5874 0.0000e+00
      9.635      0.024    11.9453     92.618    141.234  83.603159     1.2894      9.344   246.1147 1.2380e-01     5.4866      9.447     13.702     4.5872 0.0000e+00
      9.642      0.029    11.9512     92.578    141.280  83.615922     1.3067      9.344   246.0807 1.2375e-01     5.4801      9.454     13.712     4.5880 0.0000e+00
      9.652      0.032    11.9504     92.535    141.343  83.634468     1.3050      9.345   245.8887 1.2375e-01     5.4183      9.465     13.728     4.5918 0.0000e+00
      9.664      0.033    11.9475     92.529    141.359  83.636567     1.2857      9.345   245.7725 1.2380e-01     5.3544      9.478     13.746     4.5977 0.0000e+00
      9.675      0.030    11.9489     92.531    141.348  83.641297     1.2739      9.344   245.8799 1.2382e-01     5.3227      9.488     13.761     4.5992 0.0000e+00
      9.683      0.024    11.9439     92.536    141.291  83.628063     1.2708      9.344   245.9834 1.2379e-01     5.3429      9.497     13.775     4.5916 0.0000e+00
      9.688      0.018    11.9369     92.547    141.233  83.603774     1.2732      9.345   245.9915 1.2378e-01     5.2908      9.503     13.783     4.5831 0.0000e+00
      9.690      0.014    11.9419     92.558    141.237  83.602054     1.2854      9.346   246.0642 1.2377e-01     5.1029      9.503     13.783     4.5791 0.0000e+00
      9.689      0.015    11.9396     92.576    141.261  83.607263     1.3017      9.346   246.1735 1.2380e-01     4.9838      9.501     13.780     4.5842 0.0000e+00
      9.688      0.021    11.9358     92.586    141.273  83.603137     1.3047      9.344   246.1949 1.2381e-01     4.9436      9.500     13.778     4.5956 0.0000e+00
      9.692      0.031    11.9382     92.583    141.323  83.615762     1.2878      9.343   246.2361 1.2377e-01     4.8566      9.503     13.782     4.5989 0.0000e+00
      9.702      0.041    11.9383     92.567    141.388  83.632694     1.2883      9.343   246.3285 1.2378e-01     4.9556      9.512     13.796     4.5955 0.0000e+00
      9.718      0.047    11.9437     92.536    141.391  83.617019     1.3192      9.344   246.2793 1.2385e-01     5.3211      9.528     13.819     4.5921 0.0000e+00
      9.738      0.050    11.9463     92.522    141.405  83.617030     1.3374      9.344   246.2432 1.2390e-01     5.5867      9.550     13.852     4.5891 0.0000e+00
      9.755      0.051    11.9462     92.531    141.437  83.632828     1.3332      9.344   246.3217 1.2389e-01     5.6392      9.569     13.879     4.5835 0.0000e+00
      9.765      0.052    11.9500     92.544    141.416  83.617218     1.3347      9.344   246.2823 1.2378e-01     5.6143      9.577     13.890     4.5738 0.0000e+00
      9.771      0.053    11.9436     92.555    141.430  83.619096     1.3473      9.345   246.1973 1.2371e-01     5.5593      9.581     13.896     4.5669 0.0000e+00
      9.780      0.057    11.9434     92.548    141.507  83.655523     1.3442      9.345   246.2405 1.2375e-01     5.5198      9.589     13.907     4.5646 0.0000e+00
      9.795      0.061    11.9464     92.542    141.564  83.676027     1.3220      9.345   246.2882 1.2376e-01     5.5132      9.603     13.928     4.5643 0.0000e+00
      9.816      0.062    11.9469     92.543    141.593  83.676185     1.3288      9.346   246.2575 1.2381e-01     5.4790      9.625     13.960     4.5637 0.0000e+00
