Data/DataNotYetUploadedToEDI/Raw_CTD/RawDownloads/022625_ccr88_S7809003.cnv
* Sea-Bird SBE19plus  Data File:
* FileName = C:\R\Reservoirs\Data\DataNotYetUploadedToEDI\Raw_CTD\RawDownloads\022625_ccr50_S7809_0003.hex
* Software version 2.8.0.119
* Temperature SN = 7809
* Conductivity SN = 7809
* System UpLoad Time = Feb 26 2025 16:23:12
* <ApplicationData>
* <Seaterm232>
# nquan = 15
# nvalues = 2167                        
# units = specified
# name 0 = depFM: Depth [fresh water, m]
# name 1 = dz/dtM: Descent Rate [m/s]
# name 2 = sbeox0Mg/L: Oxygen, SBE 43 [mg/l]
# name 3 = sbeox0PS: Oxygen, SBE 43 [% saturation]
# name 4 = specc: Specific Conductance [uS/cm]
# name 5 = c0uS/cm: Conductivity [uS/cm]
# name 6 = flECO-AFL: Fluorescence, WET Labs ECO-AFL/FL [mg/m^3]
# name 7 = ph: pH
# name 8 = orp: Oxidation Reduction Potential [mV]
# name 9 = par/sat/log: PAR/Logarithmic, Satlantic
# name 10 = turbWETntu0: Turbidity, WET Labs ECO [NTU]
# name 11 = prdM: Pressure, Strain Gauge [db]
# name 12 = prdE: Pressure, Strain Gauge [psi]
# name 13 = tv290C: Temperature [ITS-90, deg C]
# name 14 = flag:  0.000e+00
# span 0 =     -0.491,     12.348       
# span 1 =     -0.180,      0.228       
# span 2 =     8.5961,    12.9044       
# span 3 =     67.928,    101.073       
# span 4 =     21.511,    142.070       
# span 5 =  13.581265,  85.757465       
# span 6 =    -0.1321,     6.6792       
# span 7 =      8.667,      9.447       
# span 8 =   167.5725,   248.5026       
# span 9 = 1.2364e-01, 9.7146e+02       
# span 10 =    -0.0388,   600.1063      
# span 11 =     -0.482,     12.109      
# span 12 =     -0.699,     17.563      
# span 13 =     4.4753,     6.6260      
# span 14 = 0.0000e+00, 0.0000e+00      
# interval = seconds: 0.25
# start_time = Feb 26 2025 11:41:41 [Instrument's time stamp, header]
# bad_flag = -9.990e-29
*END*
[from data line 964]
      0.377     -0.006    12.0518     94.596    140.004  84.155046     0.6717      9.308   228.5678 5.8457e+02     4.6365      0.369      0.535     5.0567 0.0000e+00
      0.376     -0.005    12.0476     94.596    140.006  84.155009     0.6937      9.309   228.5745 5.8377e+02     4.7129      0.368      0.534     5.0558 0.0000e+00
      0.377     -0.004    12.0490     94.621    140.027  84.165820     0.7102      9.309   228.5358 5.8537e+02     4.6941      0.369      0.536     5.0546 0.0000e+00
      0.377     -0.001    12.0564     94.653    140.017  84.158557     0.7117      9.309   228.5297 5.8561e+02     4.6826      0.369      0.536     5.0537 0.0000e+00
      0.376      0.003    12.0616     94.662    139.971  84.130792     0.7039      9.309   228.5005 5.8376e+02     4.7448      0.368      0.534     5.0534 0.0000e+00
      0.375      0.005    12.0555     94.661    139.999  84.148140     0.6912      9.309   228.5268 5.8047e+02     4.7969      0.366      0.531     5.0529 0.0000e+00
      0.376      0.006    12.0623     94.661    140.046  84.177490     0.6826      9.309   228.6756 5.7663e+02     4.8340      0.367      0.533     5.0522 0.0000e+00
      0.381      0.005    12.0687     94.661    140.029  84.167646     0.6913      9.309   228.7502 5.7287e+02     4.8865      0.373      0.541     5.0516 0.0000e+00
      0.386      0.003    12.0674     94.649    140.010  84.156324     0.7046      9.309   228.7402 5.7162e+02     4.8855      0.380      0.551     5.0513 0.0000e+00
      0.387      0.003    12.0677     94.620    140.030  84.167806     0.7101      9.309   228.8133 5.7032e+02     4.8209      0.382      0.554     5.0519 0.0000e+00
      0.383      0.003    12.0670     94.592    140.049  84.179268     0.7089      9.309   228.8599 5.7114e+02     4.7543      0.376      0.545     5.0524 0.0000e+00
      0.379      0.004    12.0678     94.572    140.029  84.167693     0.6974      9.309   228.8727 5.7298e+02     4.6948      0.371      0.538     5.0526 0.0000e+00
      0.379      0.005    12.0670     94.547    140.004  84.155076     0.6797      9.309   228.9686 5.6461e+02     4.6493      0.371      0.538     5.0527 0.0000e+00
      0.384      0.006    12.0616     94.508    139.998  84.153931     0.6697      9.308   228.9875 5.5196e+02     4.6819      0.376      0.545     5.0521 0.0000e+00
      0.390      0.006    12.0580     94.468    139.995  84.153836     0.6777      9.308   228.8421 5.4576e+02     4.8156      0.383      0.556     5.0521 0.0000e+00
      0.395      0.004    12.0563     94.460    139.996  84.153932     0.6925      9.309   228.7602 5.4464e+02     4.9337      0.388      0.564     5.0524 0.0000e+00
      0.395      0.001    12.0531     94.489    140.000  84.155087     0.7074      9.309   228.8576 5.4510e+02     4.9829      0.389      0.563     5.0529 0.0000e+00
      0.391     -0.001    12.0482     94.514    140.022  84.167807     0.7156      9.309   228.9872 5.4378e+02     4.8639      0.384      0.557     5.0543 0.0000e+00
      0.387     -0.001    12.0399     94.506    140.041  84.180519     0.7006      9.308   228.9502 5.4000e+02     4.5880      0.378      0.549     5.0551 0.0000e+00
      0.385      0.001    12.0388     94.489    140.041  84.181570     0.6758      9.307   228.8404 5.3705e+02     4.4136      0.376      0.545     5.0547 0.0000e+00
      0.386      0.003    12.0452     94.484    140.039  84.180518     0.6648      9.308   228.8641 5.3326e+02     4.3951      0.378      0.548     5.0539 0.0000e+00
      0.391      0.003    12.0508     94.483    140.019  84.167806     0.6762      9.310   228.8931 5.2527e+02     4.5005      0.383      0.555     5.0537 0.0000e+00
      0.396      0.001    12.0470     94.477    139.998  84.155071     0.6977      9.310   228.8461 5.1975e+02     4.6980      0.389      0.564     5.0543 0.0000e+00
      0.398     -0.002    12.0436     94.487    139.997  84.153757     0.7082      9.311   228.8987 5.1925e+02     4.8010      0.392      0.568     5.0550 0.0000e+00
      0.395     -0.004    12.0437     94.522    139.995  84.151918     0.7112      9.311   229.0130 5.1971e+02     4.7890      0.388      0.563     5.0547 0.0000e+00
      0.389     -0.004    12.0449     94.552    139.965  84.132828     0.6912      9.310   229.0239 5.1821e+02     4.7242      0.381      0.553     5.0546 0.0000e+00
      0.383     -0.002    12.0422     94.555    139.936  84.113758     0.6497      9.309   229.0295 5.1473e+02     4.5986      0.375      0.543     5.0546 0.0000e+00
      0.382      0.001    12.0428     94.535    139.938  84.112168     0.6342      9.309   229.0815 5.1108e+02     4.5000      0.373      0.541     5.0542 0.0000e+00
      0.386      0.005    12.0495     94.510    139.944  84.113588     0.6461      9.310   229.1363 5.0640e+02     4.4881      0.377      0.547     5.0541 0.0000e+00
      0.392      0.006    12.0541     94.493    139.973  84.130935     0.6688      9.310   229.1753 5.0205e+02     4.5239      0.385      0.558     5.0540 0.0000e+00
      0.397      0.005    12.0551     94.485    139.972  84.131092     0.6926      9.310   229.2092 5.0003e+02     4.5224      0.391      0.568     5.0534 0.0000e+00
      0.398      0.002    12.0511     94.480    139.947  84.115479     0.7000      9.310   229.2883 5.0050e+02     4.4709      0.392      0.568     5.0522 0.0000e+00
      0.396     -0.000    12.0484     94.495    139.978  84.132982     0.7002      9.310   229.3576 5.0211e+02     4.4471      0.388      0.563     5.0511 0.0000e+00
      0.391     -0.001    12.0451     94.519    140.010  84.151907     0.6942      9.310   229.3584 5.0291e+02     4.5072      0.383      0.556     5.0514 0.0000e+00
      0.388     -0.001    12.0460     94.530    140.013  84.153472     0.6869      9.310   229.2988 5.0351e+02     4.6174      0.378      0.549     5.0517 0.0000e+00
      0.389      0.000    12.0427     94.546    140.009  84.151906     0.6950      9.310   229.2386 5.0109e+02     4.6872      0.380      0.551     5.0515 0.0000e+00
      0.393      0.001    12.0458     94.566    139.975  84.132981     0.7012      9.310   229.2334 4.9768e+02     4.7022      0.385      0.559     5.0511 0.0000e+00
      0.396      0.002    12.0517     94.582    139.945  84.115464     0.6948      9.311   229.2352 4.9868e+02     4.6276      0.390      0.566     5.0508 0.0000e+00
      0.396      0.002    12.0495     94.590    139.971  84.130923     0.6920      9.311   229.2604 4.9880e+02     4.5026      0.389      0.565     5.0509 0.0000e+00
      0.393      0.002    12.0533     94.581    139.969  84.129085     0.6918      9.311   229.2794 4.9757e+02     4.4549      0.384      0.559     5.0511 0.0000e+00
      0.391      0.001    12.0557     94.574    139.910  84.093231     0.6848      9.311   229.2075 4.9538e+02     4.4265      0.382      0.555     5.0517 0.0000e+00
      0.392      0.000    12.0572     94.593    139.887  84.079050     0.6819      9.310   229.2506 4.8963e+02     4.3977      0.383      0.556     5.0521 0.0000e+00
      0.395      0.000    12.0598     94.623    139.898  84.084832     0.6822      9.310   229.3702 4.8491e+02     4.4830      0.387      0.562     5.0521 0.0000e+00
      0.397      0.000    12.0575     94.646    139.926  84.099538     0.6796      9.310   229.3637 4.8495e+02     4.6724      0.391      0.566     5.0516 0.0000e+00
      0.395      0.001    12.0546     94.660    139.979  84.129648     0.6755      9.311   229.4298 4.8576e+02     4.7738      0.389      0.564     5.0514 0.0000e+00
      0.392      0.004    12.0586     94.656    139.982  84.130862     0.6743      9.311   229.5677 4.8432e+02     4.7523      0.384      0.559     5.0515 0.0000e+00
      0.391      0.006    12.0640     94.652    139.953  84.114219     0.6813      9.312   229.5682 4.8360e+02     4.7203      0.382      0.555     5.0511 0.0000e+00
      0.392      0.005    12.0655     94.663    139.959  84.119232     0.6849      9.312   229.5221 4.8188e+02     4.6604      0.383      0.556     5.0503 0.0000e+00
      0.398     -0.003    12.0701     94.655    139.972  84.127867     0.6854      9.312   229.5270 4.7726e+02     4.6086      0.389      0.564     5.0492 0.0000e+00
      0.407     -0.020    12.0676     94.613    140.011  84.155030     0.6963      9.311   229.4551 4.7565e+02     4.6410      0.400      0.581     5.0491 0.0000e+00
      0.410     -0.045    12.0650     94.585    140.059  84.193244     0.7240      9.311   229.3408 4.8212e+02     4.6078      0.408      0.592     5.0498 0.0000e+00
      0.398     -0.071    12.0694     94.577    140.062  84.208280     0.7542      9.311   229.3497 4.9649e+02     4.4124      0.397      0.576     5.0502 0.0000e+00
      0.368     -0.093    12.0701     94.556    140.043  84.209636     0.7539      9.311   229.3900 5.1713e+02     4.2589      0.364      0.529     5.0502 0.0000e+00
      0.327     -0.107    12.0603     94.540    140.026  84.209655     0.7364      9.311   229.3125 5.3857e+02     4.2216      0.321      0.465     5.0509 0.0000e+00
      0.286     -0.112    12.0546     94.533    140.010  84.208518     0.7013      9.311   229.1866 5.5472e+02     4.3026      0.278      0.403     5.0546 0.0000e+00
      0.254     -0.107    12.0572     94.530    139.978  84.195903     0.6373      9.310   229.1585 5.7183e+02     4.5208      0.245      0.355     5.0601 0.0000e+00
      0.233     -0.098    12.0485     94.552    139.953  84.184338     0.6038      9.310   229.1442 5.8997e+02     4.6736      0.226      0.328     5.0647 0.0000e+00
      0.218     -0.089    12.0467     94.588    139.970  84.195903     0.6034      9.310   229.0146 6.0359e+02     4.7160      0.216      0.313     5.0683 0.0000e+00
      0.201     -0.085    12.0457     94.620    139.989  84.208529     0.5990      9.310   228.7966 6.2011e+02     4.7256      0.200      0.289     5.0714 0.0000e+00
      0.180     -0.084    12.0416     94.641    139.986  84.209790     0.5933      9.310   228.5721 6.2538e+02     4.6875      0.178      0.257     5.0739 0.0000e+00
      0.156     -0.084    12.0462     94.652    139.984  84.211155     0.5925      9.309   228.4519 6.4363e+02     4.6646      0.154      0.223     5.0753 0.0000e+00
      0.130     -0.081    12.0509     94.660    140.004  84.225032     0.5891      9.310   228.4613 6.9523e+02     4.6546      0.129      0.187     5.0751 0.0000e+00
      0.105     -0.076    12.0557     94.664    140.045  84.250369     0.5938      9.310   228.5143 7.4448e+02     4.6341      0.102      0.147     5.0753 0.0000e+00
      0.085     -0.068    12.0577     94.656    140.064  84.263079     0.6252      9.311   228.4895 7.9895e+02     4.6564      0.079      0.115     5.0767 0.0000e+00
      0.072     -0.059    12.0580     94.638    140.042  84.251506     0.6598      9.311   228.4196 8.4918e+02     4.7190      0.070      0.101     5.0780 0.0000e+00
      0.062     -0.049    12.0592     94.625    140.017  84.237647     0.6721      9.311   228.4440 8.7700e+02     4.7421      0.063      0.092     5.0786 0.0000e+00
      0.052     -0.039    12.0601     94.611    139.993  84.222729     0.6489      9.312   228.5261 8.8164e+02     4.7304      0.052      0.076     5.0782 0.0000e+00
      0.040     -0.029    12.0595     94.596    139.961  84.198340     0.6036      9.313   228.4659 8.7356e+02     4.7827      0.038      0.056     5.0789 0.0000e+00
      0.031     -0.023    12.0548     94.590    139.974  84.197185     0.5814      9.312   228.3179 8.7089e+02     4.8624      0.027      0.041     5.0797 0.0000e+00
      0.028     -0.019    12.0541     94.573    140.009  84.208749     0.5801      9.311   228.2862 8.6744e+02     4.9078      0.025      0.037     5.0803 0.0000e+00
      0.028     -0.017    12.0531     94.553    140.023  84.210937     0.5720      9.311   228.3406 8.6837e+02     4.9219      0.028      0.040     5.0807 0.0000e+00
      0.029     -0.017    12.0489     94.548    140.048  84.223638     0.5665      9.311   228.3735 8.6855e+02     4.9306      0.030      0.044     5.0785 0.0000e+00
      0.027     -0.018    12.0531     94.544    140.065  84.235106     0.5638      9.311   228.3398 8.6639e+02     4.9784      0.029      0.042     5.0748 0.0000e+00
      0.018     -0.018    12.0504     94.546    140.043  84.222386     0.5563      9.311   228.3630 8.6399e+02     4.9872      0.019      0.028     5.0710 0.0000e+00
      0.007     -0.015    12.0467     94.561    140.004  84.197049     0.5500      9.311   228.4825 8.5904e+02     4.9350      0.006      0.008     5.0684 0.0000e+00
     -0.001     -0.009    12.0494     94.584    139.987  84.183182     0.5380      9.311   228.5801 8.6168e+02     4.9274     -0.004     -0.006     5.0678 0.0000e+00
     -0.002     -0.002    12.0463     94.606    139.992  84.181922     0.5276      9.311   228.5966 8.6542e+02     4.9980     -0.004     -0.007     5.0687 0.0000e+00
      0.003      0.005    12.0472     94.634    139.998  84.181817     0.5322      9.312   228.5088 8.6594e+02     5.1065      0.002      0.003     5.0693 0.0000e+00
      0.010      0.010    12.0487     94.669    140.004  84.181912     0.5442      9.313   228.4662 8.7254e+02     5.1801      0.010      0.015     5.0685 0.0000e+00
      0.016      0.011    12.0534     94.699    140.010  84.183058     0.5472      9.313   228.5118 8.8177e+02     5.1699      0.017      0.025     5.0671 0.0000e+00
      0.018      0.010    12.0562     94.714    140.033  84.195673     0.5362      9.313   228.4580 8.8795e+02     5.1200      0.019      0.027     5.0656 0.0000e+00
      0.017      0.008    12.0589     94.701    140.051  84.207236     0.5274      9.313   228.4175 8.9182e+02     5.1226      0.016      0.023     5.0640 0.0000e+00
      0.016      0.008    12.0663     94.673    140.031  84.195647     0.5157      9.313   228.5389 8.9442e+02     5.1677      0.014      0.021     5.0628 0.0000e+00
      0.017      0.010    12.0686     94.657    140.012  84.182770     0.4947      9.313   228.6352 8.9649e+02     5.1877      0.016      0.024     5.0619 0.0000e+00
      0.020      0.013    12.0734     94.648    140.013  84.178747     0.4808      9.314   228.6346 8.9970e+02     5.1936      0.019      0.028     5.0613 0.0000e+00
      0.025      0.017    12.0699     94.626    139.970  84.146999     0.4811      9.314   228.7037 9.0304e+02     5.2386      0.024      0.034     5.0618 0.0000e+00
      0.031      0.020    12.0648     94.591    139.930  84.116923     0.4906      9.314   228.8684 9.0391e+02     5.2880      0.030      0.043     5.0623 0.0000e+00
      0.037      0.020    12.0634     94.559    139.965  84.133123     0.4954      9.314   228.9909 9.0541e+02     5.2442      0.036      0.053     5.0618 0.0000e+00
      0.043      0.017    12.0640     94.529    140.001  84.152045     0.4806      9.315   228.9802 9.0738e+02     5.1535      0.042      0.060     5.0602 0.0000e+00
      0.049      0.012    12.0621     94.499    140.007  84.154893     0.4696      9.315   228.9113 9.0848e+02     5.1129      0.048      0.070     5.0576 0.0000e+00
      0.054      0.006    12.0569     94.484    140.030  84.167560     0.4703      9.314   228.8458 9.1117e+02     5.1287      0.055      0.080     5.0550 0.0000e+00
      0.054      0.001    12.0541     94.480    140.048  84.177991     0.4897      9.314   228.7911 9.1393e+02     5.0720      0.054      0.078     5.0535 0.0000e+00
      0.050     -0.003    12.0507     94.465    140.007  84.153802     0.5299      9.315   228.8518 9.1493e+02     4.9046      0.049      0.071     5.0528 0.0000e+00
      0.045     -0.006    12.0458     94.468    139.966  84.129518     0.5401      9.315   228.9783 9.1554e+02     4.7795      0.044      0.064     5.0524 0.0000e+00
      0.042     -0.006    12.0432     94.511    139.981  84.138788     0.5293      9.315   229.0289 9.1728e+02     4.6867      0.040      0.058     5.0521 0.0000e+00
      0.042     -0.006    12.0465     94.555    139.982  84.138674     0.5246      9.315   229.0338 9.2004e+02     4.6703      0.039      0.057     5.0518 0.0000e+00
