Data/DataNotYetUploadedToEDI/Raw_CTD/RawDownloads/022625_ccr90_S7809004.cnv
* Sea-Bird SBE19plus  Data File:
* FileName = C:\R\Reservoirs\Data\DataNotYetUploadedToEDI\Raw_CTD\RawDownloads\022625_ccr50_S7809_0004.hex
* Software version 2.8.0.119
* Temperature SN = 7809
* Conductivity SN = 7809
* System UpLoad Time = Feb 26 2025 16:24:03
* <ApplicationData>
* <Seaterm232>
# nquan = 15
# nvalues = 1498                        
# units = specified
# name 0 = depFM: Depth [fresh water, m]
# name 1 = dz/dtM: Descent Rate [m/s]
# name 2 = sbeox0Mg/L: Oxygen, SBE 43 [mg/l]
# name 3 = sbeox0PS: Oxygen, SBE 43 [% saturation]
# name 4 = specc: Specific Conductance [uS/cm]
# name 5 = c0uS/cm: Conductivity [uS/cm]
# name 6 = flECO-AFL: Fluorescence, WET Labs ECO-AFL/FL [mg/m^3]
# name 7 = ph: pH
# name 8 = orp: Oxidation Reduction Potential [mV]
# name 9 = par/sat/log: PAR/Logarithmic, Satlantic
# name 10 = turbWETntu0: Turbidity, WET Labs ECO [NTU]
# name 11 = prdM: Pressure, Strain Gauge [db]
# name 12 = prdE: Pressure, Strain Gauge [psi]
# name 13 = tv290C: Temperature [ITS-90, deg C]
# name 14 = flag:  0.000e+00
# span 0 =     -0.493,      5.147       
# span 1 =     -0.117,      0.235       
# span 2 =     9.0578,    12.5838       
# span 3 =     71.794,     98.633       
# span 4 =      6.789,    143.552       
# span 5 =   4.441188,  86.267780       
# span 6 =    -0.1067,    15.9298       
# span 7 =      9.160,      9.360       
# span 8 =   103.9291,   279.6365       
# span 9 = 7.9511e+00, 9.6406e+02       
# span 10 =     0.2459,   243.3834      
# span 11 =     -0.485,      5.048      
# span 12 =     -0.702,      7.322      
# span 13 =     4.5741,     7.7288      
# span 14 = 0.0000e+00, 0.0000e+00      
# interval = seconds: 0.25
# start_time = Feb 26 2025 12:13:54 [Instrument's time stamp, header]
# bad_flag = -9.990e-29
*END*
     -0.493      0.000    11.0271     92.908      6.789   4.441188    -0.0838      9.160   279.6365 6.0721e+02     0.2459     -0.483     -0.701     7.6855 0.0000e+00
     -0.493      0.003    11.0349     93.136     15.074   9.849357    -0.1062      9.177   248.2249 6.1931e+02     0.2756     -0.483     -0.701     7.6940 0.0000e+00
     -0.493      0.012    11.0465     93.413     38.284  24.890125    -0.1067      9.217   154.6692 6.3124e+02     0.5545     -0.484     -0.702     7.6996 0.0000e+00
     -0.493      0.031    11.0605     93.634     72.314  46.555904     0.0174      9.232   103.9291 6.4171e+02     2.8324     -0.483     -0.700     7.7102 0.0000e+00
     -0.492      0.058    11.0790     93.803    106.284  67.660409     0.2381      9.223   105.4516 6.7146e+02     6.9809     -0.485     -0.702     7.7115 0.0000e+00
     -0.482      0.090    11.0983     94.025    126.076  79.419944     0.3479      9.218   107.3436 7.3589e+02     9.2095     -0.481     -0.697     7.7288 0.0000e+00
     -0.454      0.120    11.1472     94.251    131.939  82.297726     0.3451      9.215   106.4994 8.1108e+02     9.2823     -0.449     -0.651     7.7037 0.0000e+00
     -0.409      0.146    11.2602     94.349    133.895  82.806143     0.3291      9.215   105.5686 8.7204e+02     8.0323     -0.404     -0.586     7.3853 0.0000e+00
     -0.357      0.170    11.4089     94.337    135.059  82.958902     0.3140      9.217   105.2962 9.1794e+02     5.7439     -0.350     -0.509     6.8894 0.0000e+00
     -0.305      0.190    11.5533     94.281    135.874  82.999399     0.3113      9.218   106.5615 9.4738e+02     4.5345     -0.293     -0.424     6.4920 0.0000e+00
     -0.262      0.206    11.6843     94.242    136.816  83.168166     0.3133      9.216   108.4765 9.4881e+02     4.3751     -0.255     -0.369     6.1763 0.0000e+00
     -0.220      0.219    11.7748     94.333    137.861  83.472632     0.3052      9.213   109.9530 9.0450e+02     4.2261     -0.223     -0.324     5.8993 0.0000e+00
     -0.163      0.228    11.8297     94.539    138.671  83.754648     0.2954      9.213   111.0770 8.3229e+02     4.1336     -0.165     -0.238     5.6955 0.0000e+00
     -0.093      0.231    11.8719     94.795    139.021  83.906476     0.2956      9.214   111.7419 7.2911e+02     4.1448     -0.092     -0.133     5.5401 0.0000e+00
     -0.019      0.228    11.9030     95.207    139.018  83.972634     0.2906      9.217   112.0563 6.0066e+02     4.1908     -0.018     -0.027     5.3835 0.0000e+00
      0.048      0.218    11.9558     95.832    138.950  84.045793     0.3024      9.218   112.5545 4.8018e+02     4.2796      0.053      0.077     5.2575 0.0000e+00
      0.100      0.201    12.0150     96.547    138.887  84.091488     0.3467      9.218   113.5503 3.5119e+02     4.3649      0.104      0.150     5.1785 0.0000e+00
      0.140      0.181    12.0437     97.256    138.625  83.952752     0.3760      9.219   114.6322 2.5884e+02     4.3338      0.137      0.199     5.1566 0.0000e+00
      0.177      0.170    12.0793     97.930    138.289  83.704054     0.3818      9.219   115.5685 2.3377e+02     4.2803      0.173      0.250     5.1968 0.0000e+00
      0.215      0.172    12.1529     98.485    138.217  83.565020     0.3919      9.220   116.6115 2.4556e+02     4.3664      0.212      0.308     5.2471 0.0000e+00
      0.251      0.183    12.2380     98.633    138.514  83.607287     0.3990      9.222   117.6926 3.1826e+02     4.5547      0.244      0.355     5.2805 0.0000e+00
      0.294      0.199    12.3216     97.774    139.074  83.769759     0.4009      9.223   118.7458 3.9252e+02     4.6444      0.282      0.408     5.2886 0.0000e+00
      0.353      0.215    12.4221     96.004    139.669  83.939200     0.4152      9.223   119.7952 3.8145e+02     4.6658      0.342      0.496     5.2684 0.0000e+00
      0.419      0.228    12.5034     94.263    140.162  84.065709     0.4469      9.223   120.7446 3.7960e+02     4.8470      0.414      0.601     5.2329 0.0000e+00
      0.482      0.235    12.5838     92.952    140.632  84.217926     0.4843      9.224   121.5350 3.9169e+02     5.1268      0.474      0.687     5.1853 0.0000e+00
      0.543      0.231    12.5049     92.053    141.045  84.380212     0.5008      9.225   122.1242 3.3853e+02     5.2141      0.532      0.773     5.1178 0.0000e+00
      0.603      0.213    12.2193     91.511    141.250  84.437684     0.4890      9.226   122.6199 3.0035e+02     5.1165      0.591      0.858     5.0450 0.0000e+00
      0.663      0.185    12.0195     91.209    141.311  84.403918     0.4742      9.228   123.2266 3.0392e+02     4.9713      0.651      0.943     4.9824 0.0000e+00
      0.718      0.152    11.8686     91.181    141.340  84.353513     0.4716      9.228   123.9535 3.0103e+02     4.7918      0.712      1.032     4.9345 0.0000e+00
      0.754      0.121    11.7576     91.261    141.391  84.337030     0.4745      9.229   124.6980 2.9935e+02     4.7227      0.746      1.082     4.9092 0.0000e+00
      0.771      0.096    11.7111     90.986    141.624  84.459003     0.4843      9.231   125.4308 3.0585e+02     4.7840      0.760      1.103     4.8904 0.0000e+00
      0.776      0.079    11.6674     90.176    141.987  84.683347     0.4901      9.231   126.1880 3.1366e+02     4.8151      0.761      1.104     4.8635 0.0000e+00
      0.782      0.070    11.6781     89.070    142.167  84.823330     0.4777      9.229   126.9700 3.2050e+02     4.7579      0.761      1.104     4.8365 0.0000e+00
      0.800      0.069    11.7245     87.855    142.145  84.879420     0.4587      9.228   127.7452 3.2285e+02     4.6725      0.779      1.130     4.8189 0.0000e+00
      0.829      0.069    11.7027     86.665    141.972  84.852734     0.4530      9.228   128.4196 3.2151e+02     4.6367      0.814      1.182     4.8136 0.0000e+00
      0.857      0.068    11.5735     85.660    141.655  84.691565     0.4660      9.228   128.8436 3.2010e+02     4.6673      0.845      1.225     4.8185 0.0000e+00
      0.876      0.064    11.4269     84.910    141.506  84.584541     0.4825      9.228   129.2584 3.2113e+02     4.8030      0.860      1.247     4.8245 0.0000e+00
      0.886      0.055    11.2580     84.455    141.646  84.640016     0.4951      9.227   129.9071 3.1793e+02     4.9793      0.872      1.266     4.8525 0.0000e+00
      0.891      0.041    11.0826     84.324    141.832  84.726221     0.5014      9.227   130.4915 3.0974e+02     5.0224      0.873      1.266     4.8922 0.0000e+00
      0.900      0.027    10.9525     84.445    141.902  84.736311     0.5007      9.228   130.9036 3.0367e+02     5.0168      0.878      1.274     4.8990 0.0000e+00
      0.913      0.014    10.8580     84.719    141.804  84.634777     0.5038      9.228   131.3629 3.0014e+02     5.3559      0.899      1.303     4.8862 0.0000e+00
      0.921      0.006    10.7995     85.133    141.682  84.516248     0.5141      9.228   131.9149 2.9975e+02     5.9801      0.908      1.317     4.8748 0.0000e+00
      0.916      0.001    10.7888     85.655    141.733  84.511668     0.5246      9.228   132.4153 3.0189e+02     6.3131      0.901      1.307     4.8685 0.0000e+00
      0.905      0.000    10.8146     86.178    141.878  84.579373     0.5394      9.229   132.7666 3.0474e+02     6.3757      0.887      1.285     4.8583 0.0000e+00
      0.897      0.003    10.8522     86.578    141.979  84.635181     0.5517      9.229   133.1515 3.0670e+02     6.5664      0.875      1.270     4.8409 0.0000e+00
      0.899      0.009    10.9107     86.738    142.052  84.677574     0.5485      9.229   133.6280 3.0520e+02     6.8084      0.879      1.275     4.8238 0.0000e+00
      0.908      0.017    10.9883     86.649    142.092  84.710306     0.5341      9.230   133.9676 3.0213e+02     6.8424      0.891      1.293     4.8100 0.0000e+00
      0.918      0.021    11.0611     86.367    142.048  84.712912     0.5196      9.230   134.2460 3.0018e+02     6.7376      0.900      1.305     4.8041 0.0000e+00
      0.928      0.019    11.1204     85.943    141.884  84.645504     0.5146      9.230   134.5859 2.9815e+02     6.5321      0.910      1.321     4.8045 0.0000e+00
      0.936      0.014    11.1405     85.481    141.685  84.531377     0.5227      9.230   134.8930 2.9777e+02     6.2362      0.920      1.335     4.8036 0.0000e+00
      0.937      0.009    11.1247     85.066    141.625  84.477927     0.5433      9.230   135.2925 3.0082e+02     6.1313      0.921      1.336     4.8034 0.0000e+00
      0.932      0.006    11.0855     84.727    141.802  84.571683     0.5553      9.230   135.4575 3.0483e+02     6.1866      0.914      1.326     4.8163 0.0000e+00
      0.927      0.004    11.0192     84.500    142.101  84.774477     0.5518      9.230   135.1674 3.0589e+02     6.0169      0.906      1.314     4.8330 0.0000e+00
      0.927      0.001    10.9561     84.368    142.218  84.894491     0.5418      9.232   135.1404 3.0359e+02     5.6163      0.907      1.315     4.8325 0.0000e+00
      0.935     -0.004    10.9060     84.247    142.038  84.814283     0.5259      9.233   135.7340 3.0194e+02     5.3736      0.917      1.331     4.8232 0.0000e+00
      0.941     -0.007    10.8622     84.100    141.753  84.631610     0.5178      9.233   136.6656 3.0251e+02     5.3379      0.927      1.345     4.8135 0.0000e+00
      0.939     -0.008    10.8304     83.947    141.625  84.530389     0.5277      9.233   137.4556 3.0486e+02     5.2181      0.925      1.341     4.8220 0.0000e+00
      0.928     -0.007    10.8123     83.813    141.769  84.608114     0.5455      9.234   137.8866 3.0895e+02     4.9843      0.911      1.322     4.8504 0.0000e+00
      0.916     -0.007    10.7948     83.744    141.990  84.744474     0.5581      9.234   137.9201 3.1080e+02     4.8680      0.894      1.297     4.8613 0.0000e+00
      0.913     -0.006    10.7765     83.753    142.060  84.779764     0.5551      9.234   137.7741 3.0949e+02     4.8027      0.889      1.290     4.8525 0.0000e+00
      0.921     -0.003    10.7604     83.758    141.988  84.716771     0.5339      9.234   138.2718 3.0967e+02     4.6724      0.904      1.312     4.8381 0.0000e+00
      0.930      0.001    10.7418     83.749    141.867  84.618877     0.5179      9.235   139.2923 3.1067e+02     4.6254      0.915      1.327     4.8366 0.0000e+00
      0.930      0.003    10.7273     83.801    141.892  84.613826     0.5209      9.236   139.9596 3.1269e+02     4.6780      0.914      1.326     4.8431 0.0000e+00
      0.926     -0.001    10.7372     83.887    142.154  84.782891     0.5274      9.237   140.2318 3.1745e+02     4.6942      0.908      1.318     4.8401 0.0000e+00
      0.921     -0.009    10.7416     83.992    142.429  85.009252     0.5391      9.237   140.5185 3.2076e+02     4.6495      0.901      1.307     4.8316 0.0000e+00
      0.921     -0.019    10.7332     84.100    142.611  85.188147     0.5540      9.237   140.9300 3.2208e+02     4.6165      0.902      1.308     4.8224 0.0000e+00
      0.922     -0.032    10.7500     84.150    142.734  85.292162     0.5575      9.237   141.2491 3.2418e+02     4.5678      0.906      1.313     4.8115 0.0000e+00
      0.917     -0.048    10.7602     84.125    142.671  85.249174     0.5484      9.238   141.5381 3.2851e+02     4.5048      0.902      1.309     4.8100 0.0000e+00
      0.903     -0.066    10.7642     84.017    142.473  85.113625     0.5265      9.238   141.9294 3.3576e+02     4.4698      0.889      1.289     4.8404 0.0000e+00
      0.882     -0.083    10.7747     83.776    142.498  85.116240     0.5098      9.238   142.1947 3.4449e+02     4.4526      0.867      1.258     4.8740 0.0000e+00
      0.852     -0.097    10.7780     83.391    142.766  85.280776     0.5210      9.238   142.2512 3.5625e+02     4.4673      0.838      1.215     4.8812 0.0000e+00
      0.820     -0.106    10.7760     82.961    143.028  85.449201     0.5458      9.237   142.4396 3.6893e+02     4.5109      0.802      1.163     4.8757 0.0000e+00
      0.790     -0.111    10.7669     82.553    143.219  85.562452     0.5513      9.237   142.9240 3.7865e+02     4.5357      0.774      1.122     4.8688 0.0000e+00
      0.764     -0.112    10.7420     82.189    143.353  85.632339     0.5297      9.237   143.2042 3.8876e+02     4.4600      0.751      1.089     4.8616 0.0000e+00
      0.737     -0.111    10.6825     81.896    143.407  85.658095     0.5009      9.238   143.3325 3.9883e+02     4.2790      0.723      1.049     4.8645 0.0000e+00
      0.709     -0.110    10.6230     81.638    143.339  85.619424     0.4777      9.238   143.5287 4.0912e+02     4.1580      0.695      1.010     4.8735 0.0000e+00
      0.681     -0.108    10.5725     81.403    143.195  85.546426     0.4658      9.239   143.6831 4.2282e+02     4.1584      0.669      0.970     4.8713 0.0000e+00
      0.652     -0.104    10.5225     81.191    143.138  85.538811     0.4736      9.239   144.0811 4.3720e+02     4.2832      0.640      0.928     4.8655 0.0000e+00
      0.622     -0.097    10.4910     80.945    143.281  85.654598     0.4886      9.239   144.4684 4.4623e+02     4.4715      0.609      0.883     4.8635 0.0000e+00
      0.595     -0.090    10.4575     80.653    143.501  85.801438     0.4971      9.240   144.6669 4.5302e+02     4.5223      0.581      0.843     4.8636 0.0000e+00
      0.575     -0.085    10.4240     80.355    143.552  85.851228     0.4922      9.240   144.6743 4.6071e+02     4.4534      0.562      0.815     4.8672 0.0000e+00
      0.561     -0.085    10.3999     80.060    143.351  85.811356     0.4637      9.239   144.2993 4.6303e+02     4.3219      0.549      0.796     4.8775 0.0000e+00
      0.546     -0.090    10.3643     79.734    143.053  85.764687     0.4349      9.239   143.9190 4.6146e+02     4.1619      0.538      0.780     4.8917 0.0000e+00
      0.526     -0.098    10.3223     79.381    142.821  85.732364     0.4364      9.238   143.6896 4.6207e+02     4.1578      0.520      0.754     4.8972 0.0000e+00
      0.496     -0.109    10.2854     79.032    142.627  85.675077     0.4390      9.237   143.6771 4.6849e+02     4.2728      0.488      0.708     4.8906 0.0000e+00
      0.462     -0.117    10.2430     78.668    142.427  85.580974     0.4255      9.237   143.9396 4.7750e+02     4.3224      0.452      0.655     4.9189 0.0000e+00
      0.428     -0.117    10.1850     78.308    142.280  85.485131     0.4222      9.238   144.1098 4.9929e+02     4.2789      0.421      0.609     4.9830 0.0000e+00
      0.394     -0.105    10.1253     77.965    142.302  85.470385     0.4327      9.239   144.1865 5.3872e+02     4.2255      0.386      0.560     5.0191 0.0000e+00
      0.360     -0.082    10.0821     77.645    142.560  85.593482     0.4356      9.239   144.2650 5.7052e+02     4.2234      0.349      0.506     5.0355 0.0000e+00
      0.335     -0.056    10.0288     77.391    142.893  85.764870     0.4246      9.239   144.2835 5.9701e+02     4.2187      0.323      0.468     5.0479 0.0000e+00
      0.326     -0.030     9.9834     77.193    143.093  85.888741     0.4161      9.239   144.4113 6.0894e+02     4.2717      0.314      0.456     5.0428 0.0000e+00
      0.332     -0.010     9.9458     77.008    143.085  85.946204     0.4159      9.240   144.6056 5.9509e+02     4.4201      0.323      0.469     5.0291 0.0000e+00
      0.343      0.003     9.9018     76.853    142.841  85.887214     0.4220      9.241   144.7391 6.3382e+02     4.5102      0.338      0.491     5.0201 0.0000e+00
      0.351      0.007     9.8744     76.721    142.509  85.748074     0.4315      9.242   144.9939 7.0980e+02     4.5072      0.347      0.503     5.0063 0.0000e+00
      0.352      0.006     9.8544     76.570    142.337  85.663359     0.4312      9.242   145.3625 7.2782e+02     4.4180      0.348      0.504     4.9995 0.0000e+00
      0.348      0.002     9.8218     76.425    142.390  85.689875     0.4185      9.241   145.5824 7.0734e+02     4.2512      0.342      0.496     5.0288 0.0000e+00
