Data/DataNotYetUploadedToEDI/Raw_CTD/RawDownloads/022625_ccr90_S7809004.cnv
* Sea-Bird SBE19plus  Data File:
* FileName = C:\R\Reservoirs\Data\DataNotYetUploadedToEDI\Raw_CTD\RawDownloads\022625_ccr50_S7809_0004.hex
* Software version 2.8.0.119
* Temperature SN = 7809
* Conductivity SN = 7809
* System UpLoad Time = Feb 26 2025 16:24:03
* <ApplicationData>
* <Seaterm232>
# nquan = 15
# nvalues = 1498                        
# units = specified
# name 0 = depFM: Depth [fresh water, m]
# name 1 = dz/dtM: Descent Rate [m/s]
# name 2 = sbeox0Mg/L: Oxygen, SBE 43 [mg/l]
# name 3 = sbeox0PS: Oxygen, SBE 43 [% saturation]
# name 4 = specc: Specific Conductance [uS/cm]
# name 5 = c0uS/cm: Conductivity [uS/cm]
# name 6 = flECO-AFL: Fluorescence, WET Labs ECO-AFL/FL [mg/m^3]
# name 7 = ph: pH
# name 8 = orp: Oxidation Reduction Potential [mV]
# name 9 = par/sat/log: PAR/Logarithmic, Satlantic
# name 10 = turbWETntu0: Turbidity, WET Labs ECO [NTU]
# name 11 = prdM: Pressure, Strain Gauge [db]
# name 12 = prdE: Pressure, Strain Gauge [psi]
# name 13 = tv290C: Temperature [ITS-90, deg C]
# name 14 = flag:  0.000e+00
# span 0 =     -0.493,      5.147       
# span 1 =     -0.117,      0.235       
# span 2 =     9.0578,    12.5838       
# span 3 =     71.794,     98.633       
# span 4 =      6.789,    143.552       
# span 5 =   4.441188,  86.267780       
# span 6 =    -0.1067,    15.9298       
# span 7 =      9.160,      9.360       
# span 8 =   103.9291,   279.6365       
# span 9 = 7.9511e+00, 9.6406e+02       
# span 10 =     0.2459,   243.3834      
# span 11 =     -0.485,      5.048      
# span 12 =     -0.702,      7.322      
# span 13 =     4.5741,     7.7288      
# span 14 = 0.0000e+00, 0.0000e+00      
# interval = seconds: 0.25
# start_time = Feb 26 2025 12:13:54 [Instrument's time stamp, header]
# bad_flag = -9.990e-29
*END*
[from data line 1446]
      4.629      0.074    11.8261     91.658    141.885  84.000039     1.2948      9.359   228.9260 1.1663e+01     5.7723      4.539      6.583     4.5957 0.0000e+00
      4.656      0.068    11.8345     91.554    141.860  83.987343     1.3380      9.358   229.0564 1.1453e+01     5.9020      4.568      6.625     4.5982 0.0000e+00
      4.678      0.059    11.8329     91.445    141.856  83.986345     1.3478      9.357   229.0474 1.1324e+01     5.9525      4.591      6.660     4.5989 0.0000e+00
      4.692      0.050    11.8330     91.339    141.859  83.987980     1.3552      9.357   228.9033 1.1304e+01     5.8019      4.605      6.681     4.5995 0.0000e+00
      4.696      0.044    11.8248     91.226    141.889  84.007109     1.3519      9.358   228.7763 1.1331e+01     5.4817      4.606      6.680     4.6004 0.0000e+00
      4.696      0.042    11.8078     91.141    141.913  84.026810     1.3409      9.358   228.8891 1.1316e+01     5.3261      4.602      6.674     4.6012 0.0000e+00
      4.702      0.042    11.7935     91.091    141.911  84.035373     1.3232      9.358   229.0625 1.1204e+01     5.3554      4.608      6.683     4.6017 0.0000e+00
      4.718      0.044    11.7823     91.055    141.916  84.047046     1.3122      9.358   229.1517 1.1023e+01     5.3231      4.625      6.707     4.6017 0.0000e+00
      4.738      0.046    11.7646     91.054    141.900  84.040752     1.3162      9.357   229.2791 1.0864e+01     5.2096      4.649      6.742     4.6013 0.0000e+00
      4.755      0.048    11.7515     91.069    141.873  84.022877     1.3133      9.357   229.3125 1.0776e+01     5.2129      4.667      6.769     4.6031 0.0000e+00
      4.765      0.048    11.7486     91.079    141.875  84.021730     1.3011      9.357   229.2120 1.0739e+01     5.2934      4.675      6.780     4.6076 0.0000e+00
      4.769      0.048    11.7375     91.093    141.885  84.026886     1.2937      9.358   229.1817 1.0699e+01     5.2610      4.677      6.783     4.6111 0.0000e+00
      4.776      0.048    11.7398     91.071    141.878  84.021607     1.2751      9.358   229.2904 1.0585e+01     5.2996      4.680      6.787     4.6123 0.0000e+00
      4.790      0.049    11.7449     91.009    141.881  84.021502     1.2340      9.358   229.4076 1.0390e+01     5.4867      4.696      6.810     4.6108 0.0000e+00
      4.808      0.052    11.7423     90.946    141.889  84.025615     1.2044      9.358   229.3949 1.0178e+01     5.5763      4.716      6.840     4.6092 0.0000e+00
      4.826      0.055    11.7493     90.882    141.863  84.007739     1.2082      9.358   229.3088 1.0013e+01     5.5972      4.733      6.865     4.6102 0.0000e+00
      4.840      0.056    11.7459     90.806    141.853  83.996170     1.2555      9.358   229.2267 9.9082e+00     5.6716      4.748      6.886     4.6097 0.0000e+00
      4.851      0.054    11.7349     90.737    141.891  84.012945     1.3260      9.358   229.1763 9.7905e+00     5.6897      4.756      6.898     4.6085 0.0000e+00
      4.862      0.051    11.7276     90.699    141.908  84.019737     1.3616      9.358   229.2153 9.6234e+00     5.6117      4.766      6.913     4.6088 0.0000e+00
      4.877      0.050    11.7208     90.687    141.902  84.014681     1.3532      9.359   229.2688 9.4747e+00     5.5818      4.784      6.938     4.6082 0.0000e+00
      4.891      0.050    11.7105     90.698    141.901  84.015421     1.3653      9.360   229.2207 9.3631e+00     5.8058      4.797      6.957     4.6056 0.0000e+00
      4.903      0.051    11.6999     90.732    141.911  84.028681     1.4251      9.359   229.2364 9.2671e+00     6.2030      4.809      6.974     4.6031 0.0000e+00
      4.914      0.051    11.6976     90.781    141.924  84.047803     1.4689      9.359   229.3727 9.1743e+00     6.4210      4.819      6.988     4.6021 0.0000e+00
      4.926      0.051    11.6950     90.842    141.917  84.055825     1.4786      9.359   229.4914 9.0535e+00     6.4612      4.830      7.004     4.6017 0.0000e+00
      4.941      0.051    11.6969     90.920    141.912  84.062076     1.5015      9.359   229.5530 8.9089e+00     6.5865      4.844      7.026     4.6018 0.0000e+00
      4.956      0.051    11.7008     90.988    141.902  84.059782     1.5379      9.359   229.5157 8.7802e+00     6.8427      4.861      7.050     4.6042 0.0000e+00
      4.969      0.052    11.7062     91.004    141.849  84.028090     1.5609      9.359   229.4710 8.7022e+00     7.0313      4.875      7.071     4.6090 0.0000e+00
      4.980      0.053    11.7115     90.968    141.804  83.996920     1.5707      9.359   229.4430 8.6453e+00     7.1250      4.883      7.082     4.6139 0.0000e+00
      4.991      0.051    11.7218     90.883    141.827  84.000926     1.5731      9.359   229.4341 8.5705e+00     7.4633      4.893      7.097     4.6172 0.0000e+00
      5.006      0.047    11.7333     90.723    141.864  84.012906     1.5727      9.358   229.5359 8.4887e+00     8.0126      4.909      7.120     4.6184 0.0000e+00
      5.021      0.043    11.7348     90.548    141.879  84.014556     1.5836      9.357   229.6412 8.4092e+00     8.3009      4.925      7.144     4.6182 0.0000e+00
      5.035      0.041    11.7288     90.441    141.894  84.020864     1.6298      9.357   229.6745 8.3706e+00     8.5581      4.941      7.166     4.6169 0.0000e+00
      5.042      0.040    11.7229     90.382    141.901  84.025570     2.0562      9.357   229.6807 8.3751e+00    11.4297      4.947      7.175     4.6130 0.0000e+00
      5.045      0.040    11.7014     90.362    141.864  84.007851     2.8439      9.357   229.6307 8.3606e+00    16.7185      4.946      7.173     4.6083 0.0000e+00
      5.052      0.040    11.6705     90.404    141.841  83.997439     3.2802      9.357   229.6720 8.3073e+00    19.6262      4.951      7.181     4.6064 0.0000e+00
      5.066      0.041    11.6632     90.510    141.891  84.026890     3.3442      9.357   229.8356 8.2471e+00    20.1125      4.968      7.205     4.6055 0.0000e+00
      5.082      0.041    11.6542     90.660    141.924  84.045917     3.5932      9.356   229.8884 8.2083e+00    22.3253      4.986      7.232     4.6053 0.0000e+00
      5.095      0.040    11.6496     90.811    141.905  84.036677     6.2911      9.356   229.7937 8.1794e+00    46.0052      4.998      7.250     4.6077 0.0000e+00
      5.105      0.035    11.6547     90.901    141.910  84.042390    11.2456      9.356   229.7235 8.1645e+00    89.4432      5.007      7.262     4.6094 0.0000e+00
      5.111      0.030    11.6695     90.921    141.916  84.051387    13.9492      9.356   229.8135 8.1778e+00   113.3986      5.013      7.271     4.6086 0.0000e+00
      5.116      0.025    11.6903     90.937    141.956  84.081853    14.2277      9.357   230.0218 8.1951e+00   118.4616      5.018      7.278     4.6082 0.0000e+00
      5.121      0.022    11.7135     90.956    142.062  84.156333    14.6958      9.358   230.2627 8.1842e+00   151.2749      5.021      7.282     4.6088 0.0000e+00
      5.126      0.020    11.7270     90.969    142.086  84.188678    15.5147      9.358   230.3173 8.1462e+00   211.1779      5.026      7.291     4.6098 0.0000e+00
      5.132      0.018    11.7213     90.986    142.002  84.154925    15.9298      9.358   230.1654 8.1139e+00   243.3834      5.034      7.301     4.6118 0.0000e+00
      5.138      0.016    11.7253     91.015    141.953  84.129874    15.6198      9.358   230.0611 8.0951e+00   240.7829      5.040      7.309     4.6140 0.0000e+00
      5.142      0.013    11.7273     91.047    141.976  84.140213    11.6412      9.357   230.0027 8.0664e+00   179.7694      5.044      7.314     4.6169 0.0000e+00
      5.145      0.010    11.7249     91.027    141.997  84.152708     4.3471      9.355   229.9752 8.0219e+00    67.9053      5.046      7.318     4.6252 0.0000e+00
      5.146      0.008    11.7260     90.995    141.996  84.153741     0.7122      9.355   229.9872 7.9846e+00    12.1899      5.047      7.320     4.6328 0.0000e+00
      5.147 -9.990e-29    11.7269 -9.990e-29 -9.990e-29 -9.990e-29 -9.990e-29 -9.990e-29 -9.990e-29 7.9621e+00 -9.990e-29      5.047      7.320     4.6329 0.0000e+00
      5.147 -9.990e-29    11.7383 -9.990e-29 -9.990e-29 -9.990e-29 -9.990e-29 -9.990e-29 -9.990e-29 7.9511e+00 -9.990e-29      5.048      7.321     4.6299 0.0000e+00
      5.147 -9.990e-29    11.7340 -9.990e-29 -9.990e-29 -9.990e-29 -9.990e-29 -9.990e-29 -9.990e-29 7.9536e+00 -9.990e-29      5.048      7.321     4.6304 0.0000e+00
      5.147 -9.990e-29    11.7189 -9.990e-29 -9.990e-29 -9.990e-29 -9.990e-29 -9.990e-29 -9.990e-29 7.9574e+00 -9.990e-29      5.048      7.322     4.6324 0.0000e+00
