Data/DataNotYetUploadedToEDI/Raw_CTD/RawDownloads/022625_ccr50_S7809002.cnv
* Sea-Bird SBE19plus  Data File:
* FileName = C:\R\Reservoirs\Data\DataNotYetUploadedToEDI\Raw_CTD\RawDownloads\022625_ccr50_S7809_0002.hex
* Software version 2.8.0.119
* Temperature SN = 7809
* Conductivity SN = 7809
* System UpLoad Time = Feb 26 2025 16:21:54
* <ApplicationData>
* <Seaterm232>
# nquan = 15
# nvalues = 1789                        
# units = specified
# name 0 = depFM: Depth [fresh water, m]
# name 1 = dz/dtM: Descent Rate [m/s]
# name 2 = sbeox0Mg/L: Oxygen, SBE 43 [mg/l]
# name 3 = sbeox0PS: Oxygen, SBE 43 [% saturation]
# name 4 = specc: Specific Conductance [uS/cm]
# name 5 = c0uS/cm: Conductivity [uS/cm]
# name 6 = flECO-AFL: Fluorescence, WET Labs ECO-AFL/FL [mg/m^3]
# name 7 = ph: pH
# name 8 = orp: Oxidation Reduction Potential [mV]
# name 9 = par/sat/log: PAR/Logarithmic, Satlantic
# name 10 = turbWETntu0: Turbidity, WET Labs ECO [NTU]
# name 11 = prdM: Pressure, Strain Gauge [db]
# name 12 = prdE: Pressure, Strain Gauge [psi]
# name 13 = tv290C: Temperature [ITS-90, deg C]
# name 14 = flag:  0.000e+00
# span 0 =     -0.483,     21.659       
# span 1 =     -0.129,      0.213       
# span 2 =     8.4261,    12.8570       
# span 3 =     66.627,    101.501       
# span 4 =     17.214,    144.355       
# span 5 =  10.464931,  85.180978       
# span 6 =    -0.1200,    14.2516       
# span 7 =      8.982,      9.195       
# span 8 =   229.0628,   256.5431       
# span 9 = 1.2362e-01, 1.4629e+03       
# span 10 =     0.8692,   778.5421      
# span 11 =     -0.475,     21.241      
# span 12 =     -0.688,     30.808      
# span 13 =     4.3266,     5.4138      
# span 14 = 0.0000e+00, 0.0000e+00      
# interval = seconds: 0.25
# start_time = Feb 26 2025 11:18:25 [Instrument's time stamp, header]
# bad_flag = -9.990e-29
*END*
[from data line 1061]
     10.545      0.079    11.9001     91.723    142.176  83.641522     1.3301      9.153   252.5135 1.2384e-01     5.4124     10.341     14.998     4.4140 0.0000e+00
     10.568      0.078    11.8957     91.746    142.208  83.658854     1.3129      9.153   252.5058 1.2388e-01     5.4512     10.364     15.032     4.4141 0.0000e+00
     10.589      0.074    11.8886     91.786    142.263  83.690133     1.3253      9.153   252.5880 1.2381e-01     5.4798     10.386     15.063     4.4141 0.0000e+00
     10.608      0.068    11.8882     91.813    142.285  83.701688     1.3470      9.153   252.7334 1.2383e-01     5.4164     10.404     15.090     4.4141 0.0000e+00
     10.623      0.061    11.8870     91.832    142.235  83.671356     1.3580      9.154   252.8010 1.2390e-01     5.3338     10.418     15.111     4.4138 0.0000e+00
     10.637      0.056    11.8896     91.865    142.185  83.641408     1.3505      9.154   252.7163 1.2392e-01     5.2667     10.432     15.129     4.4132 0.0000e+00
     10.649      0.054    11.8984     91.898    142.214  83.657609     1.3323      9.153   252.7415 1.2388e-01     5.1867     10.443     15.147     4.4127 0.0000e+00
     10.661      0.054    11.9007     91.932    142.246  83.676429     1.3206      9.152   252.8479 1.2380e-01     5.1516     10.453     15.163     4.4124 0.0000e+00
     10.673      0.056    11.9012     91.971    142.249  83.678141     1.3246      9.153   252.7989 1.2375e-01     5.1840     10.465     15.179     4.4121 0.0000e+00
     10.687      0.059    11.9077     91.978    142.249  83.678306     1.3316      9.153   252.8373 1.2381e-01     5.2360     10.479     15.199     4.4118 0.0000e+00
     10.704      0.063    11.9116     91.955    142.249  83.678425     1.3302      9.153   252.9677 1.2388e-01     5.2685     10.496     15.223     4.4116 0.0000e+00
     10.722      0.068    11.9148     91.949    142.252  83.679583     1.3154      9.153   252.9129 1.2392e-01     5.3039     10.515     15.249     4.4115 0.0000e+00
     10.739      0.073    11.9228     91.944    142.274  83.692303     1.2940      9.155   252.8626 1.2394e-01     5.3223     10.532     15.275     4.4116 0.0000e+00
     10.756      0.076    11.9250     91.926    142.297  83.705015     1.2795      9.155   252.9619 1.2389e-01     5.3200     10.547     15.297     4.4117 0.0000e+00
     10.776      0.076    11.9158     91.910    142.299  83.706066     1.2657      9.156   252.9957 1.2382e-01     5.3440     10.566     15.324     4.4116 0.0000e+00
     10.799      0.072    11.9190     91.886    142.298  83.705013     1.2765      9.156   252.9272 1.2379e-01     5.4080     10.591     15.361     4.4114 0.0000e+00
     10.821      0.066    11.9191     91.876    142.277  83.692287     1.3185      9.154   252.8212 1.2379e-01     5.4786     10.614     15.394     4.4114 0.0000e+00
     10.839      0.057    11.9136     91.891    142.256  83.679397     1.3494      9.153   252.8328 1.2383e-01     5.4811     10.632     15.420     4.4113 0.0000e+00
     10.851      0.047    11.9150     91.894    142.251  83.676374     1.3590      9.154   252.8958 1.2385e-01     5.4724     10.644     15.437     4.4110 0.0000e+00
     10.860      0.040    11.9095     91.878    142.216  83.655729     1.3346      9.154   252.8081 1.2389e-01     5.4755     10.651     15.448     4.4108 0.0000e+00
     10.865      0.037    11.9065     91.848    142.157  83.620597     1.2793      9.154   252.7185 1.2392e-01     5.4162     10.655     15.454     4.4106 0.0000e+00
     10.870      0.039    11.9126     91.827    142.178  83.633212     1.2476      9.154   252.5868 1.2391e-01     5.3702     10.658     15.460     4.4105 0.0000e+00
     10.878      0.044    11.9123     91.845    142.260  83.681045     1.2506      9.153   252.5072 1.2388e-01     5.3975     10.665     15.470     4.4106 0.0000e+00
     10.891      0.048    11.9094     91.858    142.275  83.690111     1.2664      9.153   252.6153 1.2387e-01     5.4726     10.679     15.489     4.4105 0.0000e+00
     10.908      0.051    11.9068     91.843    142.256  83.679225     1.2883      9.153   252.6902 1.2388e-01     5.5266     10.697     15.515     4.4104 0.0000e+00
     10.926      0.052    11.8983     91.831    142.251  83.676633     1.2994      9.153   252.7238 1.2387e-01     5.4701     10.717     15.543     4.4104 0.0000e+00
     10.941      0.052    11.9064     91.821    142.221  83.658768     1.2921      9.154   252.7647 1.2388e-01     5.3711     10.732     15.566     4.4103 0.0000e+00
     10.951      0.052    11.9091     91.817    142.212  83.654029     1.2831      9.156   252.8407 1.2392e-01     5.3534     10.741     15.578     4.4104 0.0000e+00
     10.959      0.054    11.9033     91.827    142.259  83.682939     1.2914      9.156   252.9537 1.2392e-01     5.4611     10.745     15.584     4.4104 0.0000e+00
     10.969      0.059    11.9038     91.830    142.270  83.690298     1.3164      9.156   252.9261 1.2390e-01     5.6144     10.754     15.598     4.4105 0.0000e+00
     10.986      0.063    11.9015     91.830    142.251  83.679402     1.3445      9.157   252.8506 1.2385e-01     5.6689     10.772     15.624     4.4105 0.0000e+00
     11.008      0.065    11.9001     91.861    142.250  83.678412     1.3646      9.157   252.9016 1.2378e-01     5.6428     10.794     15.656     4.4105 0.0000e+00
     11.031      0.065    11.9031     91.896    142.250  83.678322     1.3600      9.156   253.0268 1.2376e-01     5.6067     10.819     15.691     4.4111 0.0000e+00
     11.049      0.061    11.9038     91.882    142.250  83.678314     1.3390      9.156   253.0738 1.2381e-01     5.5742     10.838     15.719     4.4117 0.0000e+00
     11.062      0.056    11.8998     91.845    142.249  83.678314     1.3275      9.156   253.0399 1.2383e-01     5.5572     10.849     15.735     4.4114 0.0000e+00
     11.071      0.052    11.9061     91.818    142.248  83.678314     1.3282      9.156   253.1329 1.2381e-01     5.5721     10.858     15.748     4.4113 0.0000e+00
     11.081      0.050    11.9153     91.783    142.246  83.678315     1.3226      9.155   253.2514 1.2383e-01     5.5823     10.866     15.760     4.4114 0.0000e+00
     11.091      0.053    11.9108     91.772    142.246  83.678323     1.3020      9.155   253.1821 1.2389e-01     5.5439     10.876     15.774     4.4113 0.0000e+00
     11.106      0.058    11.9026     91.808    142.246  83.678414     1.2947      9.155   253.0701 1.2388e-01     5.4837     10.891     15.795     4.4113 0.0000e+00
     11.124      0.065    11.9033     91.846    142.247  83.679413     1.3014      9.156   253.1013 1.2378e-01     5.4360     10.909     15.822     4.4118 0.0000e+00
     11.141      0.074    11.8952     91.868    142.265  83.690398     1.2915      9.156   253.1293 1.2373e-01     5.5138     10.926     15.846     4.4122 0.0000e+00
     11.158      0.083    11.8907     91.883    142.255  83.684030     1.2749      9.156   253.0648 1.2378e-01     5.7060     10.941     15.869     4.4123 0.0000e+00
     11.179      0.092    11.9012     91.905    142.225  83.666015     1.2752      9.157   253.0102 1.2383e-01     5.8468     10.961     15.897     4.4122 0.0000e+00
     11.204      0.098    11.9049     91.930    142.221  83.663387     1.2864      9.157   252.8990 1.2383e-01     5.9187     10.987     15.935     4.4123 0.0000e+00
     11.233      0.100    11.9080     91.933    142.203  83.652253     1.3024      9.157   252.8383 1.2378e-01     5.9602     11.016     15.977     4.4124 0.0000e+00
     11.263      0.096    11.9086     91.912    142.213  83.658610     1.3103      9.158   252.9644 1.2372e-01     5.9734     11.047     16.021     4.4124 0.0000e+00
     11.292      0.088    11.9118     91.887    142.242  83.676649     1.3077      9.159   252.9619 1.2372e-01     5.9415     11.076     16.064     4.4122 0.0000e+00
     11.316      0.077    11.9171     91.879    142.246  83.679539     1.3040      9.158   252.8076 1.2377e-01     5.8473     11.099     16.099     4.4119 0.0000e+00
     11.331      0.064    11.9175     91.887    142.270  83.693564     1.3239      9.157   252.8199 1.2379e-01     5.6892     11.113     16.119     4.4118 0.0000e+00
     11.341      0.053    11.9135     91.891    142.313  83.719009     1.3903      9.156   252.9379 1.2381e-01     5.4982     11.121     16.130     4.4120 0.0000e+00
     11.352      0.045    11.9088     91.882    142.338  83.732774     1.4494      9.156   253.0297 1.2381e-01     5.4168     11.131     16.145     4.4124 0.0000e+00
     11.362      0.044    11.9080     91.880    142.338  83.732784     1.4720      9.157   253.1560 1.2380e-01     5.4567     11.143     16.163     4.4127 0.0000e+00
     11.370      0.050    11.9097     91.892    142.315  83.719127     1.4480      9.157   253.2600 1.2377e-01     5.5026     11.150     16.171     4.4126 0.0000e+00
     11.378      0.062    11.9117     91.920    142.273  83.694852     1.3747      9.157   253.2552 1.2376e-01     5.5272     11.156     16.180     4.4126 0.0000e+00
     11.392      0.073    11.9084     91.970    142.271  83.693696     1.3270      9.158   253.2691 1.2379e-01     5.5494     11.169     16.199     4.4125 0.0000e+00
     11.414      0.082    11.9083     92.007    142.291  83.705146     1.3206      9.159   253.3425 1.2380e-01     5.5657     11.189     16.230     4.4123 0.0000e+00
     11.444      0.087    11.9101     92.022    142.293  83.706083     1.3136      9.160   253.2820 1.2382e-01     5.5542     11.222     16.277     4.4122 0.0000e+00
     11.475      0.085    11.9125     92.051    142.291  83.705021     1.3011      9.159   253.1400 1.2384e-01     5.5457     11.257     16.326     4.4124 0.0000e+00
     11.500      0.076    11.9209     92.059    142.269  83.692309     1.2940      9.158   253.1744 1.2382e-01     5.5324     11.281     16.361     4.4123 0.0000e+00
     11.517      0.064    11.9287     92.028    142.247  83.679590     1.2942      9.158   253.2684 1.2380e-01     5.4614     11.297     16.385     4.4124 0.0000e+00
     11.527      0.053    11.9242     91.999    142.245  83.678442     1.2958      9.158   253.2429 1.2378e-01     5.4047     11.306     16.399     4.4123 0.0000e+00
     11.533      0.045    11.9325     91.950    142.246  83.678427     1.2635      9.158   253.2108 1.2382e-01     5.4280     11.309     16.403     4.4122 0.0000e+00
     11.541      0.043    11.9364     91.886    142.249  83.679407     1.1950      9.158   253.2251 1.2388e-01     5.4355     11.316     16.412     4.4124 0.0000e+00
     11.552      0.043    11.9247     91.848    142.269  83.690302     1.1572      9.159   253.2440 1.2382e-01     5.3927     11.327     16.429     4.4124 0.0000e+00
     11.565      0.046    11.9275     91.846    142.258  83.682943     1.1563      9.159   253.1800 1.2372e-01     5.3545     11.341     16.450     4.4124 0.0000e+00
     11.579      0.048    11.9186     91.857    142.207  83.654033     1.1760      9.159   253.0544 1.2372e-01     5.3148     11.356     16.470     4.4123 0.0000e+00
     11.592      0.050    11.9083     91.866    142.212  83.658764     1.2041      9.158   253.1023 1.2377e-01     5.2540     11.369     16.489     4.4119 0.0000e+00
     11.604      0.050    11.9029     91.884    142.240  83.676550     1.2128      9.158   253.2430 1.2376e-01     5.2008     11.380     16.505     4.4114 0.0000e+00
     11.616      0.051    11.9041     91.922    142.240  83.678272     1.2072      9.158   253.2063 1.2376e-01     5.1502     11.391     16.521     4.4111 0.0000e+00
     11.628      0.054    11.9074     91.993    142.240  83.679575     1.2109      9.159   253.0886 1.2379e-01     5.1544     11.404     16.539     4.4117 0.0000e+00
     11.641      0.059    11.9054     92.046    142.260  83.692308     1.2409      9.159   253.1101 1.2386e-01     5.2857     11.415     16.557     4.4126 0.0000e+00
     11.656      0.064    11.9101     92.046    142.282  83.705021     1.2784      9.160   253.2084 1.2389e-01     5.4395     11.429     16.576     4.4129 0.0000e+00
     11.674      0.068    11.9102     92.021    142.284  83.706071     1.2984      9.161   253.2446 1.2383e-01     5.5106     11.448     16.602     4.4134 0.0000e+00
     11.695      0.069    11.9246     91.978    142.284  83.705006     1.2998      9.161   253.2031 1.2374e-01     5.5305     11.470     16.636     4.4139 0.0000e+00
     11.715      0.069    11.9338     91.925    142.264  83.692149     1.2948      9.161   253.1372 1.2371e-01     5.5433     11.490     16.664     4.4142 0.0000e+00
     11.733      0.067    11.9297     91.890    142.243  83.677823     1.2886      9.160   253.1362 1.2379e-01     5.5627     11.506     16.688     4.4142 0.0000e+00
     11.749      0.063    11.9279     91.874    142.214  83.658996     1.2821      9.159   253.1915 1.2385e-01     5.5943     11.521     16.710     4.4140 0.0000e+00
     11.764      0.059    11.9220     91.869    142.211  83.655318     1.2997      9.159   253.2040 1.2383e-01     5.5846     11.537     16.733     4.4139 0.0000e+00
     11.778      0.057    11.9131     91.897    142.284  83.696948     1.3430      9.159   253.1152 1.2385e-01     5.5141     11.552     16.754     4.4135 0.0000e+00
     11.791      0.057    11.9087     91.934    142.320  83.717122     1.3646      9.159   253.0640 1.2381e-01     5.4585     11.564     16.772     4.4128 0.0000e+00
     11.803      0.060    11.9092     91.954    142.305  83.708425     1.3535      9.159   253.1007 1.2374e-01     5.4252     11.574     16.787     4.4119 0.0000e+00
     11.816      0.065    11.9050     91.977    142.322  83.718999     1.3505      9.159   253.1292 1.2379e-01     5.4184     11.587     16.804     4.4112 0.0000e+00
     11.833      0.070    11.9108     91.971    142.319  83.717762     1.3696      9.159   253.1501 1.2388e-01     5.4791     11.603     16.828     4.4108 0.0000e+00
     11.854      0.073    11.9191     91.924    142.278  83.693471     1.3844      9.160   253.1818 1.2385e-01     5.5787     11.624     16.859     4.4105 0.0000e+00
     11.878      0.074    11.9172     91.912    142.255  83.679709     1.3886      9.160   253.2535 1.2382e-01     5.6654     11.648     16.894     4.4104 0.0000e+00
     11.900      0.074    11.9232     91.933    142.253  83.678571     1.3868      9.160   253.3292 1.2380e-01     5.6737     11.671     16.928     4.4106 0.0000e+00
     11.917      0.072    11.9260     91.926    142.255  83.679710     1.3712      9.160   253.4084 1.2376e-01     5.6452     11.688     16.952     4.4109 0.0000e+00
     11.932      0.069    11.9115     91.923    142.279  83.693471     1.3580      9.160   253.4364 1.2381e-01     5.6622     11.701     16.969     4.4109 0.0000e+00
     11.948      0.065    11.9105     91.954    142.320  83.717755     1.3518      9.160   253.4095 1.2393e-01     5.6743     11.716     16.993     4.4108 0.0000e+00
     11.965      0.064    11.9201     91.949    142.322  83.718901     1.3369      9.160   253.4279 1.2395e-01     5.6210     11.734     17.019     4.4107 0.0000e+00
     11.982      0.064    11.9153     91.910    142.302  83.707337     1.3449      9.160   253.4012 1.2387e-01     5.4624     11.751     17.043     4.4105 0.0000e+00
     11.998      0.065    11.9104     91.888    142.299  83.705139     1.3904      9.160   253.3450 1.2381e-01     5.2924     11.766     17.064     4.4106 0.0000e+00
     12.014      0.066    11.9227     91.851    142.279  83.692324     1.4209      9.160   253.3503 1.2382e-01     5.2743     11.781     17.087     4.4107 0.0000e+00
     12.031      0.067    11.9213     91.806    142.258  83.679595     1.4225      9.160   253.3795 1.2390e-01     5.3119     11.798     17.112     4.4107 0.0000e+00
     12.047      0.069    11.9094     91.777    142.258  83.678438     1.4020      9.160   253.3535 1.2390e-01     5.3716     11.814     17.134     4.4107 0.0000e+00
