Data/DataNotYetUploadedToEDI/Raw_CTD/RawDownloads/022625_ccr50_S7809002.cnv
* Sea-Bird SBE19plus  Data File:
* FileName = C:\R\Reservoirs\Data\DataNotYetUploadedToEDI\Raw_CTD\RawDownloads\022625_ccr50_S7809_0002.hex
* Software version 2.8.0.119
* Temperature SN = 7809
* Conductivity SN = 7809
* System UpLoad Time = Feb 26 2025 16:21:54
* <ApplicationData>
* <Seaterm232>
# nquan = 15
# nvalues = 1789                        
# units = specified
# name 0 = depFM: Depth [fresh water, m]
# name 1 = dz/dtM: Descent Rate [m/s]
# name 2 = sbeox0Mg/L: Oxygen, SBE 43 [mg/l]
# name 3 = sbeox0PS: Oxygen, SBE 43 [% saturation]
# name 4 = specc: Specific Conductance [uS/cm]
# name 5 = c0uS/cm: Conductivity [uS/cm]
# name 6 = flECO-AFL: Fluorescence, WET Labs ECO-AFL/FL [mg/m^3]
# name 7 = ph: pH
# name 8 = orp: Oxidation Reduction Potential [mV]
# name 9 = par/sat/log: PAR/Logarithmic, Satlantic
# name 10 = turbWETntu0: Turbidity, WET Labs ECO [NTU]
# name 11 = prdM: Pressure, Strain Gauge [db]
# name 12 = prdE: Pressure, Strain Gauge [psi]
# name 13 = tv290C: Temperature [ITS-90, deg C]
# name 14 = flag:  0.000e+00
# span 0 =     -0.483,     21.659       
# span 1 =     -0.129,      0.213       
# span 2 =     8.4261,    12.8570       
# span 3 =     66.627,    101.501       
# span 4 =     17.214,    144.355       
# span 5 =  10.464931,  85.180978       
# span 6 =    -0.1200,    14.2516       
# span 7 =      8.982,      9.195       
# span 8 =   229.0628,   256.5431       
# span 9 = 1.2362e-01, 1.4629e+03       
# span 10 =     0.8692,   778.5421      
# span 11 =     -0.475,     21.241      
# span 12 =     -0.688,     30.808      
# span 13 =     4.3266,     5.4138      
# span 14 = 0.0000e+00, 0.0000e+00      
# interval = seconds: 0.25
# start_time = Feb 26 2025 11:18:25 [Instrument's time stamp, header]
# bad_flag = -9.990e-29
*END*
[from data line 193]
      0.098      0.049    12.7625    100.658    140.073  85.086139     0.4743      9.032   240.1474 1.0776e+03     4.7038      0.093      0.135     5.3596 0.0000e+00
      0.111      0.050    12.8458    100.101    140.074  85.090245     0.4623      9.032   240.1055 1.0705e+03     4.7669      0.107      0.154     5.3608 0.0000e+00
      0.130      0.050    12.8570     99.535    140.067  85.084888     0.4709      9.033   240.1355 9.8690e+02     4.8846      0.128      0.186     5.3640 0.0000e+00
      0.148      0.048    12.8051     98.949    140.074  85.084984     0.4866      9.033   240.0792 1.0062e+03     4.9655      0.148      0.215     5.3685 0.0000e+00
      0.161      0.044    12.7243     98.416    140.094  85.091401     0.5104      9.032   240.0272 1.0924e+03     4.8911      0.160      0.233     5.3711 0.0000e+00
      0.170      0.037    12.6566     97.945    140.111  85.098851     0.5342      9.032   240.0225 1.0079e+03     4.7358      0.167      0.243     5.3725 0.0000e+00
      0.175      0.031    12.5879     97.512    140.131  85.111458     0.5412      9.033   239.9366 9.2496e+02     4.6588      0.171      0.248     5.3723 0.0000e+00
      0.180      0.028    12.5068     97.134    140.136  85.116614     0.5455      9.035   239.8494 9.4680e+02     4.6439      0.175      0.254     5.3702 0.0000e+00
      0.186      0.028    12.4412     96.793    140.104  85.097580     0.5362      9.036   239.9148 9.1264e+02     4.6239      0.182      0.264     5.3677 0.0000e+00
      0.194      0.030    12.3861     96.490    140.066  85.072147     0.5208      9.035   240.0390 8.4931e+02     4.6215      0.190      0.275     5.3665 0.0000e+00
      0.202      0.033    12.3259     96.233    140.066  85.063542     0.5342      9.033   240.0603 8.7077e+02     4.6839      0.198      0.287     5.3671 0.0000e+00
      0.211      0.038    12.2824     96.030    140.075  85.057125     0.5564      9.033   240.0861 8.9230e+02     4.7631      0.207      0.299     5.3679 0.0000e+00
      0.220      0.042    12.2367     95.861    140.091  85.058158     0.5563      9.034   240.2652 8.7185e+02     4.7933      0.215      0.312     5.3686 0.0000e+00
      0.231      0.046    12.1989     95.677    140.125  85.076026     0.5407      9.034   240.4182 8.5303e+02     4.8096      0.225      0.327     5.3683 0.0000e+00
      0.243      0.048    12.1681     95.518    140.135  85.082334     0.5264      9.035   240.3881 8.0175e+02     4.8584      0.238      0.346     5.3646 0.0000e+00
      0.258      0.049    12.1412     95.398    140.117  85.070816     0.5250      9.036   240.4176 7.7655e+02     4.9051      0.254      0.367     5.3594 0.0000e+00
      0.272      0.048    12.1295     95.298    140.109  85.063983     0.5319      9.035   240.5162 7.7238e+02     4.9303      0.268      0.387     5.3560 0.0000e+00
      0.286      0.045    12.0988     95.227    140.113  85.063313     0.5346      9.034   240.5481 7.7528e+02     4.9582      0.280      0.407     5.3558 0.0000e+00
      0.297      0.040    12.0796     95.171    140.114  85.062721     0.5408      9.035   240.6309 7.7387e+02     5.0025      0.291      0.423     5.3562 0.0000e+00
      0.306      0.036    12.0670     95.116    140.104  85.056825     0.5568      9.036   240.6573 7.2151e+02     5.0215      0.301      0.437     5.3561 0.0000e+00
      0.314      0.035    12.0517     95.085    140.103  85.055630     0.5708      9.036   240.6091 7.0231e+02     4.9836      0.308      0.447     5.3552 0.0000e+00
      0.319      0.036    12.0456     95.079    140.098  85.048270     0.5598      9.036   240.6511 7.2305e+02     4.9210      0.313      0.454     5.3535 0.0000e+00
      0.326      0.040    12.0389     95.061    140.083  85.031445     0.5327      9.037   240.7342 7.3399e+02     4.8788      0.319      0.463     5.3533 0.0000e+00
      0.336      0.045    12.0310     95.048    140.111  85.043010     0.5248      9.037   240.7535 7.4006e+02     4.8825      0.329      0.476     5.3537 0.0000e+00
      0.350      0.050    12.0250     95.059    140.147  85.060888     0.5311      9.037   240.7979 7.3372e+02     4.9321      0.343      0.497     5.3539 0.0000e+00
      0.366      0.054    12.0300     95.051    140.146  85.056774     0.5511      9.037   241.0124 7.2511e+02     5.0683      0.358      0.520     5.3523 0.0000e+00
      0.382      0.055    12.0258     95.022    140.146  85.056868     0.5918      9.037   241.2833 7.1535e+02     5.2317      0.375      0.544     5.3486 0.0000e+00
      0.397      0.054    12.0227     95.022    140.149  85.062023     0.6155      9.038   241.4914 6.9502e+02     5.2680      0.391      0.567     5.3468 0.0000e+00
      0.411      0.050    12.0285     95.024    140.131  85.055502     0.6038      9.038   241.7215 6.8412e+02     5.2001      0.403      0.585     5.3460 0.0000e+00
      0.423      0.046    12.0288     94.996    140.104  85.041634     0.5838      9.038   241.9148 6.9203e+02     5.0936      0.415      0.601     5.3437 0.0000e+00
      0.434      0.042    12.0195     94.956    140.078  85.021567     0.5818      9.038   242.1075 6.9832e+02     5.0047      0.426      0.619     5.3440 0.0000e+00
      0.444      0.038    12.0224     94.907    140.065  85.003690     0.5964      9.039   242.5034 7.0241e+02     4.9794      0.435      0.631     5.3459 0.0000e+00
      0.451      0.036    12.0248     94.875    140.097  85.016298     0.6111      9.040   242.9150 7.0837e+02     4.9587      0.442      0.641     5.3469 0.0000e+00
      0.460      0.035    12.0170     94.877    140.151  85.046783     0.6178      9.040   243.2133 6.8667e+02     4.8907      0.450      0.653     5.3494 0.0000e+00
      0.470      0.035    12.0148     94.889    140.165  85.054242     0.6108      9.040   243.5289 6.5577e+02     4.7719      0.460      0.668     5.3480 0.0000e+00
      0.479      0.036    12.0075     94.875    140.145  85.042875     0.5928      9.040   243.8048 6.3764e+02     4.6845      0.470      0.682     5.3423 0.0000e+00
      0.488      0.039    12.0032     94.854    140.133  85.036570     0.5830      9.041   243.9680 6.2478e+02     4.6540      0.478      0.693     5.3401 0.0000e+00
      0.496      0.041    12.0051     94.876    140.143  85.041609     0.5842      9.042   243.9535 6.2975e+02     4.6420      0.486      0.705     5.3397 0.0000e+00
      0.506      0.043    12.0091     94.918    140.143  85.040185     0.5997      9.042   243.9745 6.4029e+02     4.8120      0.496      0.719     5.3391 0.0000e+00
      0.518      0.045    12.0068     94.939    140.114  85.019353     0.6372      9.041   244.3077 6.3919e+02     5.1044      0.508      0.737     5.3400 0.0000e+00
      0.532      0.047    11.9989     94.950    140.060  84.980544     0.6716      9.041   244.6262 6.2381e+02     5.2049      0.522      0.757     5.3405 0.0000e+00
      0.545      0.050    12.0044     94.951    140.031  84.952589     0.6816      9.042   244.7287 6.1052e+02     5.1744      0.536      0.777     5.3398 0.0000e+00
      0.556      0.054    12.0135     94.942    140.032  84.935778     0.6754      9.042   244.8578 6.0994e+02     5.1457      0.546      0.792     5.3395 0.0000e+00
      0.567      0.057    12.0132     94.915    140.021  84.904487     0.6629      9.042   245.0688 5.9836e+02     5.0969      0.554      0.805     5.3383 0.0000e+00
      0.581      0.059    12.0171     94.857    140.043  84.892267     0.6559      9.043   245.1295 5.7774e+02     5.0967      0.569      0.825     5.3365 0.0000e+00
      0.600      0.059    12.0174     94.793    140.115  84.915210     0.6648      9.043   245.0756 5.5869e+02     5.1765      0.587      0.852     5.3335 0.0000e+00
      0.620      0.056    12.0180     94.741    140.157  84.927445     0.6794      9.043   245.1052 5.3729e+02     5.2083      0.609      0.883     5.3269 0.0000e+00
      0.637      0.051    12.0201     94.711    140.142  84.912965     0.6829      9.043   245.1429 5.2327e+02     5.1052      0.627      0.909     5.3176 0.0000e+00
      0.649      0.045    12.0126     94.706    140.173  84.930945     0.6729      9.043   245.1870 5.1683e+02     4.9551      0.637      0.924     5.3073 0.0000e+00
      0.657      0.038    12.0074     94.723    140.207  84.954022     0.6584      9.046   245.2950 5.1038e+02     4.8624      0.645      0.936     5.2996 0.0000e+00
      0.662      0.033    12.0009     94.755    140.173  84.937561     0.6585      9.046   245.3295 5.0367e+02     4.8037      0.648      0.941     5.2950 0.0000e+00
      0.668      0.033    11.9981     94.791    140.147  84.922736     0.6740      9.044   245.2603 4.9632e+02     4.7232      0.654      0.950     5.2938 0.0000e+00
      0.676      0.036    11.9975     94.821    140.120  84.902000     0.6870      9.044   245.3187 4.8919e+02     4.6757      0.663      0.961     5.2936 0.0000e+00
      0.685      0.041    11.9991     94.813    140.089  84.877664     0.6997      9.044   245.4336 4.8286e+02     4.7074      0.670      0.972     5.2939 0.0000e+00
      0.695      0.045    12.0044     94.775    140.103  84.882910     0.7112      9.044   245.3583 4.7245e+02     4.7991      0.681      0.987     5.2966 0.0000e+00
      0.710      0.046    12.0068     94.746    140.132  84.901819     0.7094      9.045   245.2692 4.6047e+02     4.8971      0.696      1.009     5.2973 0.0000e+00
      0.725      0.044    12.0151     94.737    140.147  84.915468     0.6940      9.046   245.2162 4.5162e+02     4.9001      0.713      1.034     5.2950 0.0000e+00
      0.739      0.041    12.0142     94.742    140.146  84.920727     0.6835      9.046   245.2347 4.4583e+02     4.8360      0.727      1.054     5.2925 0.0000e+00
      0.748      0.037    12.0063     94.743    140.110  84.901807     0.6905      9.046   245.4061 4.4087e+02     4.8728      0.735      1.065     5.2912 0.0000e+00
      0.753      0.035    12.0032     94.750    140.073  84.877522     0.7032      9.045   245.5685 4.3225e+02     4.9700      0.738      1.071     5.2916 0.0000e+00
      0.758      0.036    12.0012     94.790    140.089  84.881532     0.7130      9.045   245.6489 4.2388e+02     4.9863      0.744      1.080     5.2934 0.0000e+00
      0.765      0.041    12.0025     94.831    140.109  84.886680     0.7166      9.046   245.6037 4.1490e+02     4.9677      0.749      1.086     5.2964 0.0000e+00
      0.775      0.050    12.0021     94.814    140.100  84.876149     0.7133      9.046   245.6246 3.9982e+02     4.9841      0.758      1.099     5.2978 0.0000e+00
      0.790      0.059    12.0004     94.773    140.114  84.881409     0.7064      9.047   245.7292 3.8190e+02     5.0476      0.774      1.123     5.2968 0.0000e+00
      0.809      0.065    12.0077     94.761    140.127  84.886670     0.6923      9.047   245.7497 3.6466e+02     5.1208      0.792      1.149     5.2943 0.0000e+00
      0.829      0.069    12.0196     94.762    140.112  84.876148     0.6758      9.047   245.7010 3.4781e+02     5.1513      0.812      1.178     5.2914 0.0000e+00
      0.849      0.069    12.0145     94.767    140.122  84.881400     0.6737      9.047   245.6561 3.2891e+02     5.1436      0.834      1.209     5.2896 0.0000e+00
      0.867      0.067    12.0052     94.782    140.130  84.886556     0.7002      9.047   245.6373 3.1279e+02     5.1651      0.852      1.235     5.2886 0.0000e+00
      0.883      0.062    12.0073     94.801    140.111  84.874887     0.7466      9.047   245.5599 3.0385e+02     5.2054      0.867      1.256     5.2880 0.0000e+00
      0.897      0.056    12.0076     94.823    140.100  84.867522     0.7679      9.047   245.5804 2.9928e+02     5.1870      0.880      1.275     5.2873 0.0000e+00
      0.911      0.050    12.0068     94.851    140.092  84.861113     0.7499      9.048   245.7129 2.9821e+02     5.1473      0.894      1.297     5.2871 0.0000e+00
      0.924      0.045    12.0105     94.885    140.093  84.861009     0.7291      9.048   245.6990 2.9931e+02     5.0676      0.907      1.316     5.2872 0.0000e+00
      0.935      0.041    12.0119     94.902    140.103  84.866261     0.7237      9.048   245.5854 3.0166e+02     4.9751      0.917      1.331     5.2873 0.0000e+00
      0.943      0.039    12.0151     94.892    140.097  84.861009     0.7347      9.049   245.6289 3.0511e+02     4.9848      0.925      1.342     5.2870 0.0000e+00
      0.951      0.039    12.0183     94.877    140.100  84.861104     0.7625      9.049   245.7956 3.0661e+02     5.0145      0.932      1.351     5.2864 0.0000e+00
      0.959      0.042    12.0240     94.867    140.115  84.867408     0.8103      9.049   245.7943 3.0498e+02     4.9918      0.941      1.365     5.2860 0.0000e+00
      0.969      0.046    12.0278     94.872    140.131  84.873617     0.8546      9.049   245.6129 3.0256e+02     4.9499      0.951      1.379     5.2860 0.0000e+00
      0.982      0.047    12.0238     94.879    140.135  84.872566     0.8575      9.049   245.5817 2.9952e+02     4.9177      0.961      1.393     5.2855 0.0000e+00
      0.997      0.047    12.0232     94.883    140.107  84.854696     0.8453      9.049   245.7602 2.9559e+02     4.9105      0.978      1.418     5.2844 0.0000e+00
      1.013      0.046    12.0205     94.888    140.095  84.848374     0.8487      9.049   245.8793 2.9199e+02     4.9302      0.996      1.443     5.2838 0.0000e+00
      1.025      0.043    12.0229     94.887    140.111  84.859739     0.8649      9.049   245.9032 2.8949e+02     4.9855      1.007      1.461     5.2824 0.0000e+00
      1.033      0.041    12.0248     94.873    140.120  84.864896     0.8830      9.049   245.9628 2.8898e+02     5.0328      1.013      1.469     5.2805 0.0000e+00
      1.039      0.040    12.0242     94.828    140.093  84.847115     0.8849      9.049   245.9983 2.8935e+02     5.0238      1.018      1.477     5.2803 0.0000e+00
      1.048      0.040    12.0259     94.768    140.078  84.835569     0.8786      9.049   245.9874 2.8772e+02     5.0135      1.028      1.491     5.2814 0.0000e+00
      1.059      0.040    12.0247     94.732    140.111  84.852500     0.8732      9.050   246.0029 2.8284e+02     5.0444      1.038      1.504     5.2819 0.0000e+00
      1.072      0.039    12.0249     94.705    140.131  84.861002     0.8622      9.050   245.9275 2.7749e+02     5.0901      1.050      1.523     5.2816 0.0000e+00
      1.085      0.037    12.0195     94.673    140.159  84.874765     0.8533      9.050   245.8504 2.7450e+02     5.1218      1.067      1.547     5.2811 0.0000e+00
      1.095      0.034    12.0073     94.662    140.189  84.891695     0.8736      9.050   245.9311 2.7328e+02     5.0867      1.075      1.559     5.2804 0.0000e+00
      1.101      0.032    12.0063     94.663    140.162  84.874869     0.9247      9.051   245.9569 2.7251e+02     5.0067      1.080      1.566     5.2793 0.0000e+00
      1.106      0.030    12.0044     94.672    140.142  84.862149     0.9555      9.051   245.9040 2.7093e+02     4.9751      1.084      1.572     5.2777 0.0000e+00
      1.111      0.029    11.9970     94.698    140.150  84.865106     0.9461      9.051   245.8934 2.6848e+02     4.9769      1.089      1.579     5.2767 0.0000e+00
      1.120      0.030    11.9983     94.729    140.122  84.847011     0.9286      9.052   245.9146 2.6591e+02     4.9260      1.098      1.593     5.2760 0.0000e+00
      1.129      0.031    11.9982     94.747    140.102  84.834185     0.9183      9.052   245.9027 2.6321e+02     4.8040      1.108      1.607     5.2761 0.0000e+00
      1.138      0.032    11.9982     94.749    140.107  84.837236     0.9133      9.051   245.8358 2.6041e+02     4.7317      1.116      1.619     5.2762 0.0000e+00
      1.145      0.032    12.0027     94.736    140.081  84.820306     0.9173      9.051   245.7938 2.5828e+02     4.7688      1.124      1.630     5.2753 0.0000e+00
      1.153      0.032    12.0081     94.709    140.082  84.820306     0.9248      9.051   245.8251 2.5650e+02     4.7408      1.130      1.639     5.2746 0.0000e+00
