Data/DataNotYetUploadedToEDI/Raw_CTD/RawDownloads/022625_ccr88_S7809003.cnv
* Sea-Bird SBE19plus  Data File:
* FileName = C:\R\Reservoirs\Data\DataNotYetUploadedToEDI\Raw_CTD\RawDownloads\022625_ccr50_S7809_0003.hex
* Software version 2.8.0.119
* Temperature SN = 7809
* Conductivity SN = 7809
* System UpLoad Time = Feb 26 2025 16:23:12
* <ApplicationData>
* <Seaterm232>
# nquan = 15
# nvalues = 2167                        
# units = specified
# name 0 = depFM: Depth [fresh water, m]
# name 1 = dz/dtM: Descent Rate [m/s]
# name 2 = sbeox0Mg/L: Oxygen, SBE 43 [mg/l]
# name 3 = sbeox0PS: Oxygen, SBE 43 [% saturation]
# name 4 = specc: Specific Conductance [uS/cm]
# name 5 = c0uS/cm: Conductivity [uS/cm]
# name 6 = flECO-AFL: Fluorescence, WET Labs ECO-AFL/FL [mg/m^3]
# name 7 = ph: pH
# name 8 = orp: Oxidation Reduction Potential [mV]
# name 9 = par/sat/log: PAR/Logarithmic, Satlantic
# name 10 = turbWETntu0: Turbidity, WET Labs ECO [NTU]
# name 11 = prdM: Pressure, Strain Gauge [db]
# name 12 = prdE: Pressure, Strain Gauge [psi]
# name 13 = tv290C: Temperature [ITS-90, deg C]
# name 14 = flag:  0.000e+00
# span 0 =     -0.491,     12.348       
# span 1 =     -0.180,      0.228       
# span 2 =     8.5961,    12.9044       
# span 3 =     67.928,    101.073       
# span 4 =     21.511,    142.070       
# span 5 =  13.581265,  85.757465       
# span 6 =    -0.1321,     6.6792       
# span 7 =      8.667,      9.447       
# span 8 =   167.5725,   248.5026       
# span 9 = 1.2364e-01, 9.7146e+02       
# span 10 =    -0.0388,   600.1063      
# span 11 =     -0.482,     12.109      
# span 12 =     -0.699,     17.563      
# span 13 =     4.4753,     6.6260      
# span 14 = 0.0000e+00, 0.0000e+00      
# interval = seconds: 0.25
# start_time = Feb 26 2025 11:41:41 [Instrument's time stamp, header]
# bad_flag = -9.990e-29
*END*
[from data line 675]
      0.383     -0.003    12.0488     94.539    140.024  84.184102     0.7031      9.296   220.3766 5.9069e+02     4.6476      0.377      0.546     5.0487 0.0000e+00
      0.381     -0.004    12.0470     94.529    140.035  84.194622     0.7181      9.296   220.4427 5.8965e+02     4.5523      0.374      0.543     5.0496 0.0000e+00
      0.378     -0.003    12.0514     94.523    140.036  84.194504     0.7151      9.296   220.6172 5.8745e+02     4.5415      0.370      0.537     5.0525 0.0000e+00
      0.376     -0.001    12.0507     94.513    140.021  84.182671     0.6926      9.297   220.6790 5.8499e+02     4.6881      0.368      0.533     5.0565 0.0000e+00
      0.376      0.003    12.0502     94.477    140.016  84.178752     0.6446      9.299   220.5875 5.7616e+02     4.9239      0.367      0.533     5.0600 0.0000e+00
      0.377      0.006    12.0473     94.439    139.963  84.147125     0.6181      9.299   220.5440 5.6773e+02     5.0359      0.369      0.536     5.0614 0.0000e+00
      0.381      0.007    12.0466     94.409    139.918  84.118300     0.6304      9.298   220.6686 5.6413e+02     5.0862      0.373      0.541     5.0608 0.0000e+00
      0.386      0.006    12.0487     94.380    139.975  84.148253     0.6600      9.297   220.7179 5.5688e+02     5.1216      0.378      0.548     5.0592 0.0000e+00
      0.389      0.002    12.0415     94.379    140.054  84.191251     0.6854      9.297   220.6237 5.4871e+02     5.0535      0.382      0.555     5.0591 0.0000e+00
      0.389     -0.003    12.0354     94.409    140.058  84.192947     0.6877      9.297   220.6478 5.4632e+02     4.9460      0.384      0.557     5.0595 0.0000e+00
      0.386     -0.006    12.0346     94.438    140.017  84.168766     0.6797      9.297   220.7512 5.4717e+02     4.8805      0.380      0.551     5.0592 0.0000e+00
      0.381     -0.006    12.0279     94.458    139.993  84.153297     0.6718      9.297   220.8420 5.4978e+02     4.9114      0.374      0.542     5.0572 0.0000e+00
      0.376     -0.001    12.0288     94.476    139.963  84.133123     0.6585      9.298   220.8847 5.4909e+02     5.0468      0.368      0.533     5.0548 0.0000e+00
      0.374      0.007    12.0348     94.474    139.942  84.115654     0.6516      9.298   220.9239 5.4087e+02     5.1505      0.365      0.529     5.0552 0.0000e+00
      0.377      0.014    12.0385     94.436    139.987  84.132887     0.6549      9.298   220.9720 5.3222e+02     5.1750      0.368      0.533     5.0558 0.0000e+00
      0.385      0.017    12.0406     94.402    140.035  84.150665     0.6492      9.298   220.9498 5.2362e+02     5.1720      0.375      0.544     5.0550 0.0000e+00
      0.397      0.014    12.0431     94.405    140.032  84.139780     0.6412      9.298   220.9142 5.1370e+02     5.1141      0.390      0.566     5.0548 0.0000e+00
      0.407      0.007    12.0465     94.427    140.017  84.128486     0.6494      9.298   220.8854 5.0719e+02     5.0209      0.403      0.584     5.0533 0.0000e+00
      0.409     -0.001    12.0386     94.435    140.025  84.141315     0.6481      9.297   220.8590 5.0691e+02     4.9337      0.404      0.586     5.0491 0.0000e+00
      0.401     -0.006    12.0346     94.434    140.047  84.167693     0.6339      9.297   220.8537 5.1232e+02     4.8799      0.394      0.572     5.0450 0.0000e+00
      0.391     -0.007    12.0369     94.446    140.073  84.193005     0.6357      9.298   220.9075 5.1479e+02     4.8827      0.381      0.553     5.0413 0.0000e+00
      0.383     -0.003    12.0431     94.478    140.066  84.192953     0.6533      9.299   221.0793 5.1470e+02     4.9329      0.373      0.541     5.0393 0.0000e+00
      0.383      0.005    12.0421     94.532    140.023  84.167061     0.6716      9.299   221.2961 5.1378e+02     4.9749      0.374      0.541     5.0432 0.0000e+00
      0.390      0.011    12.0378     94.574    139.978  84.134376     0.6745      9.299   221.3777 5.0538e+02     4.9812      0.381      0.552     5.0494 0.0000e+00
      0.401      0.014    12.0400     94.597    139.958  84.115778     0.6548      9.299   221.2907 4.9669e+02     5.0086      0.394      0.571     5.0529 0.0000e+00
      0.410      0.014    12.0407     94.617    139.991  84.133013     0.6323      9.298   221.1915 4.9451e+02     5.0676      0.405      0.587     5.0542 0.0000e+00
      0.413      0.011    12.0521     94.633    140.019  84.151936     0.6281      9.298   221.2110 4.9735e+02     5.1127      0.407      0.590     5.0542 0.0000e+00
      0.410      0.007    12.0572     94.638    140.016  84.153769     0.6366      9.299   221.2675 5.0150e+02     5.1791      0.402      0.583     5.0519 0.0000e+00
      0.406      0.003    12.0602     94.619    140.016  84.155175     0.6519      9.299   221.3593 5.0049e+02     5.2554      0.396      0.575     5.0482 0.0000e+00
      0.405     -0.002    12.0638     94.584    140.038  84.168936     0.6632      9.299   221.4602 4.9569e+02     5.2499      0.395      0.575     5.0475 0.0000e+00
      0.410     -0.006    12.0645     94.548    140.076  84.192946     0.6571      9.299   221.4542 4.9230e+02     5.1797      0.402      0.584     5.0492 0.0000e+00
      0.414     -0.008    12.0668     94.523    140.068  84.191050     0.6527      9.299   221.3737 4.9249e+02     5.0905      0.408      0.592     5.0505 0.0000e+00
      0.411     -0.008    12.0629     94.505    139.988  84.146016     0.6524      9.299   221.3476 4.9976e+02     4.9232      0.406      0.589     5.0511 0.0000e+00
      0.402     -0.006    12.0580     94.495    139.903  84.093688     0.6445      9.299   221.4821 5.1070e+02     4.7280      0.395      0.572     5.0510 0.0000e+00
      0.393     -0.003    12.0525     94.504    139.879  84.067196     0.6575      9.299   221.6236 5.1465e+02     4.6773      0.383      0.554     5.0511 0.0000e+00
      0.391      0.002    12.0496     94.519    139.940  84.080106     0.6766      9.299   221.6815 5.1202e+02     4.7207      0.380      0.550     5.0522 0.0000e+00
      0.399      0.006    12.0471     94.519    140.046  84.122552     0.6675      9.299   221.6655 5.0753e+02     4.7398      0.390      0.565     5.0540 0.0000e+00
      0.409      0.007    12.0439     94.520    140.079  84.135156     0.6555      9.299   221.6880 5.0193e+02     4.7030      0.403      0.585     5.0548 0.0000e+00
      0.415      0.005    12.0473     94.524    140.017  84.105282     0.6563      9.299   221.7821 5.0317e+02     4.6516      0.409      0.594     5.0507 0.0000e+00
      0.414      0.001    12.0547     94.525    139.952  84.079377     0.6606      9.299   221.7714 5.1049e+02     4.6646      0.409      0.592     5.0400 0.0000e+00
      0.408     -0.003    12.0554     94.536    139.929  84.076372     0.6661      9.299   221.8154 5.1257e+02     4.7582      0.401      0.580     5.0304 0.0000e+00
      0.402     -0.004    12.0567     94.534    139.906  84.068966     0.6727      9.299   221.8844 5.1180e+02     4.8949      0.392      0.570     5.0279 0.0000e+00
      0.399     -0.003    12.0571     94.504    139.878  84.053444     0.6897      9.299   221.7456 5.1301e+02     4.9854      0.390      0.565     5.0318 0.0000e+00
      0.400     -0.003    12.0530     94.482    139.928  84.079500     0.7052      9.299   221.6856 5.1411e+02     4.9981      0.391      0.567     5.0382 0.0000e+00
      0.405     -0.004    12.0554     94.489    140.017  84.129586     0.6946      9.300   221.8476 5.1553e+02     4.9462      0.398      0.577     5.0420 0.0000e+00
      0.409     -0.006    12.0560     94.489    140.046  84.150192     0.6688      9.300   221.9837 5.2163e+02     4.8023      0.404      0.586     5.0442 0.0000e+00
      0.407     -0.008    12.0487     94.457    140.014  84.137836     0.6511      9.300   222.0405 5.3111e+02     4.6589      0.401      0.581     5.0451 0.0000e+00
      0.399     -0.009    12.0455     94.431    139.955  84.107408     0.6476      9.300   222.1037 5.3551e+02     4.6467      0.391      0.567     5.0423 0.0000e+00
      0.391     -0.008    12.0493     94.435    139.942  84.100314     0.6594      9.299   222.1466 5.4100e+02     4.7233      0.381      0.552     5.0400 0.0000e+00
      0.387     -0.006    12.0519     94.456    139.972  84.115671     0.6691      9.299   222.1287 5.4990e+02     4.9014      0.376      0.545     5.0417 0.0000e+00
      0.388     -0.003    12.0422     94.454    139.959  84.102266     0.6650      9.298   222.0593 5.5680e+02     5.1274      0.379      0.550     5.0457 0.0000e+00
      0.393      0.001    12.0378     94.409    139.908  84.065451     0.6605      9.298   221.9960 5.6262e+02     5.2006      0.387      0.561     5.0477 0.0000e+00
      0.397      0.004    12.0394     94.380    139.896  84.052166     0.6564      9.298   222.0513 5.6183e+02     5.1726      0.391      0.567     5.0474 0.0000e+00
      0.396      0.004    12.0433     94.395    139.933  84.068835     0.6564      9.299   222.1256 5.6020e+02     5.1642      0.388      0.565     5.0465 0.0000e+00
      0.394      0.004    12.0478     94.412    139.953  84.076176     0.6607      9.300   222.2057 5.6610e+02     5.1669      0.385      0.559     5.0441 0.0000e+00
      0.393      0.004    12.0366     94.408    139.957  84.077312     0.6578      9.301   222.3317 5.7649e+02     5.2050      0.385      0.558     5.0415 0.0000e+00
      0.394      0.006    12.0326     94.383    139.961  84.082572     0.6473      9.301   222.3591 5.8995e+02     5.2490      0.386      0.560     5.0399 0.0000e+00
      0.397      0.009    12.0386     94.358    139.945  84.076174     0.6410      9.300   222.3642 6.1173e+02     5.2208      0.389      0.564     5.0377 0.0000e+00
      0.400      0.010    12.0418     94.357    139.924  84.063559     0.6482      9.300   222.3937 6.2079e+02     5.1376      0.392      0.569     5.0354 0.0000e+00
      0.405      0.010    12.0418     94.364    139.924  84.057254     0.6517      9.300   222.3716 5.9641e+02     5.0631      0.397      0.576     5.0351 0.0000e+00
      0.409      0.006    12.0373     94.365    139.950  84.063549     0.6331      9.300   222.3556 5.7242e+02     5.0369      0.401      0.581     5.0366 0.0000e+00
      0.411      0.001    12.0310     94.375    139.978  84.076051     0.6227      9.301   222.3715 5.7084e+02     5.0253      0.404      0.585     5.0380 0.0000e+00
      0.412     -0.003    12.0325     94.383    139.987  84.081207     0.6434      9.302   222.3914 5.8465e+02     4.9909      0.405      0.588     5.0387 0.0000e+00
      0.409     -0.006    12.0355     94.376    139.956  84.062278     0.6659      9.301   222.4242 6.0292e+02     4.9632      0.403      0.584     5.0363 0.0000e+00
      0.403     -0.007    12.0350     94.370    139.919  84.037993     0.6708      9.301   222.4247 6.2056e+02     4.9644      0.394      0.571     5.0311 0.0000e+00
      0.398     -0.006    12.0381     94.380    139.933  84.042004     0.6606      9.300   222.4825 6.3379e+02     5.0047      0.388      0.563     5.0300 0.0000e+00
      0.396     -0.004    12.0396     94.404    139.948  84.047160     0.6426      9.300   222.6075 6.3255e+02     5.0409      0.388      0.562     5.0308 0.0000e+00
      0.398      0.000    12.0378     94.426    139.936  84.036732     0.6360      9.300   222.6456 6.7615e+02     5.0608      0.390      0.566     5.0307 0.0000e+00
      0.401      0.001    12.0362     94.433    139.951  84.043130     0.6391      9.300   222.6848 7.3793e+02     5.1420      0.393      0.570     5.0302 0.0000e+00
      0.403      0.001    12.0385     94.432    139.981  84.060901     0.6467      9.301   222.7372 6.9593e+02     5.1349      0.395      0.573     5.0279 0.0000e+00
      0.403     -0.000    12.0424     94.425    139.976  84.060796     0.6607      9.302   222.7632 6.2400e+02     4.9414      0.396      0.574     5.0266 0.0000e+00
      0.402     -0.002    12.0469     94.435    139.939  84.041857     0.6679      9.301   222.8271 6.2727e+02     4.7833      0.395      0.573     5.0260 0.0000e+00
      0.399     -0.002    12.0467     94.462    139.906  84.022730     0.6585      9.300   222.8218 6.4734e+02     4.7260      0.391      0.567     5.0245 0.0000e+00
      0.397     -0.002    12.0482     94.472    139.903  84.020341     0.6385      9.300   222.6981 6.3272e+02     4.6930      0.388      0.562     5.0241 0.0000e+00
      0.397     -0.001    12.0445     94.452    139.890  84.012975     0.6347      9.300   222.7080 6.0710e+02     4.6912      0.389      0.564     5.0256 0.0000e+00
      0.399     -0.001    12.0448     94.417    139.865  83.997277     0.6463      9.300   222.8561 5.9881e+02     4.8058      0.392      0.569     5.0272 0.0000e+00
      0.400     -0.001    12.0515     94.402    139.909  84.021347     0.6622      9.301   222.9405 5.9636e+02     4.9518      0.393      0.571     5.0273 0.0000e+00
      0.399     -0.001    12.0522     94.411    139.961  84.049579     0.6689      9.302   223.0400 5.9743e+02     4.9878      0.392      0.569     5.0267 0.0000e+00
      0.398     -0.001    12.0504     94.415    139.918  84.020608     0.6442      9.302   223.1120 6.0207e+02     4.9682      0.390      0.566     5.0270 0.0000e+00
      0.396     -0.000    12.0421     94.400    139.869  83.989076     0.6126      9.301   223.0370 5.8185e+02     4.9197      0.388      0.563     5.0272 0.0000e+00
      0.396      0.001    12.0413     94.368    139.866  83.986356     0.5951      9.301   222.9938 5.6366e+02     4.8797      0.387      0.561     5.0261 0.0000e+00
      0.397      0.003    12.0446     94.334    139.872  83.987721     0.5820      9.301   223.0198 5.6457e+02     4.8951      0.389      0.564     5.0247 0.0000e+00
      0.399      0.004    12.0461     94.333    139.910  84.005580     0.5794      9.301   223.0073 5.7380e+02     5.0023      0.391      0.567     5.0235 0.0000e+00
      0.401      0.006    12.0438     94.352    139.929  84.011465     0.5886      9.301   223.0148 5.7924e+02     5.1516      0.393      0.571     5.0228 0.0000e+00
      0.403      0.007    12.0401     94.348    139.911  83.995266     0.6018      9.301   223.1102 5.5644e+02     5.2306      0.395      0.573     5.0230 0.0000e+00
      0.403      0.008    12.0326     94.328    139.928  84.000529     0.6143      9.301   223.2144 5.4164e+02     5.2750      0.395      0.574     5.0223 0.0000e+00
      0.404      0.008    12.0337     94.315    139.953  84.011487     0.6061      9.301   223.2420 5.5371e+02     5.2784      0.397      0.575     5.0200 0.0000e+00
      0.407      0.007    12.0415     94.327    139.939  84.000551     0.5858      9.300   223.2717 5.6185e+02     5.2034      0.399      0.579     5.0179 0.0000e+00
      0.411      0.003    12.0385     94.372    139.932  83.995503     0.5857      9.300   223.3159 5.5225e+02     5.1203      0.403      0.585     5.0164 0.0000e+00
      0.414     -0.003    12.0363     94.410    139.957  84.014058     0.5960      9.301   223.2595 5.3813e+02     5.1273      0.407      0.591     5.0145 0.0000e+00
      0.414     -0.009    12.0347     94.423    139.976  84.034092     0.6023      9.302   223.1926 5.4862e+02     5.0490      0.408      0.591     5.0127 0.0000e+00
      0.410     -0.014    12.0347     94.428    139.978  84.046922     0.6123      9.302   223.3676 5.6921e+02     4.7539      0.403      0.584     5.0119 0.0000e+00
      0.402     -0.018    12.0442     94.432    139.957  84.041984     0.6252      9.301   223.5684 5.7418e+02     4.5319      0.395      0.573     5.0115 0.0000e+00
      0.393     -0.020    12.0499     94.438    139.945  84.037994     0.6246      9.300   223.5550 5.7147e+02     4.4478      0.385      0.558     5.0120 0.0000e+00
      0.386     -0.020    12.0482     94.443    139.982  84.062299     0.6137      9.301   223.5504 5.6397e+02     4.4546      0.377      0.547     5.0157 0.0000e+00
      0.383     -0.019    12.0477     94.432    140.007  84.081436     0.6185      9.302   223.6841 5.5378e+02     4.5802      0.375      0.545     5.0207 0.0000e+00
