Data/DataNotYetUploadedToEDI/Raw_CTD/RawDownloads/022625_ccr50_S7809002.cnv
* Sea-Bird SBE19plus  Data File:
* FileName = C:\R\Reservoirs\Data\DataNotYetUploadedToEDI\Raw_CTD\RawDownloads\022625_ccr50_S7809_0002.hex
* Software version 2.8.0.119
* Temperature SN = 7809
* Conductivity SN = 7809
* System UpLoad Time = Feb 26 2025 16:21:54
* <ApplicationData>
* <Seaterm232>
# nquan = 15
# nvalues = 1789                        
# units = specified
# name 0 = depFM: Depth [fresh water, m]
# name 1 = dz/dtM: Descent Rate [m/s]
# name 2 = sbeox0Mg/L: Oxygen, SBE 43 [mg/l]
# name 3 = sbeox0PS: Oxygen, SBE 43 [% saturation]
# name 4 = specc: Specific Conductance [uS/cm]
# name 5 = c0uS/cm: Conductivity [uS/cm]
# name 6 = flECO-AFL: Fluorescence, WET Labs ECO-AFL/FL [mg/m^3]
# name 7 = ph: pH
# name 8 = orp: Oxidation Reduction Potential [mV]
# name 9 = par/sat/log: PAR/Logarithmic, Satlantic
# name 10 = turbWETntu0: Turbidity, WET Labs ECO [NTU]
# name 11 = prdM: Pressure, Strain Gauge [db]
# name 12 = prdE: Pressure, Strain Gauge [psi]
# name 13 = tv290C: Temperature [ITS-90, deg C]
# name 14 = flag:  0.000e+00
# span 0 =     -0.483,     21.659       
# span 1 =     -0.129,      0.213       
# span 2 =     8.4261,    12.8570       
# span 3 =     66.627,    101.501       
# span 4 =     17.214,    144.355       
# span 5 =  10.464931,  85.180978       
# span 6 =    -0.1200,    14.2516       
# span 7 =      8.982,      9.195       
# span 8 =   229.0628,   256.5431       
# span 9 = 1.2362e-01, 1.4629e+03       
# span 10 =     0.8692,   778.5421      
# span 11 =     -0.475,     21.241      
# span 12 =     -0.688,     30.808      
# span 13 =     4.3266,     5.4138      
# span 14 = 0.0000e+00, 0.0000e+00      
# interval = seconds: 0.25
# start_time = Feb 26 2025 11:18:25 [Instrument's time stamp, header]
# bad_flag = -9.990e-29
*END*
[from data line 579]
      4.330      0.054    11.9752     94.158    140.322  84.717197     1.2143      9.099   249.0347 1.5099e+01     5.1347      4.246      6.158     5.1773 0.0000e+00
      4.341      0.052    11.9629     94.115    140.266  84.672938     1.2340      9.099   248.9199 1.4889e+01     5.1723      4.256      6.173     5.1771 0.0000e+00
      4.352      0.050    11.9570     94.076    140.248  84.641177     1.2485      9.099   248.9044 1.4692e+01     5.1574      4.268      6.190     5.1795 0.0000e+00
      4.365      0.050    11.9683     93.986    140.270  84.651187     1.2399      9.099   248.9334 1.4461e+01     5.1602      4.278      6.205     5.1835 0.0000e+00
      4.380      0.049    11.9641     93.891    140.275  84.666750     1.2296      9.099   248.9268 1.4209e+01     5.1377      4.295      6.229     5.1880 0.0000e+00
      4.396      0.048    11.9523     93.844    140.233  84.638539     1.2151      9.099   248.9107 1.3983e+01     4.9875      4.313      6.255     5.1847 0.0000e+00
      4.408      0.045    11.9628     93.855    140.248  84.628121     1.2065      9.099   248.8242 1.3769e+01     4.8815      4.323      6.270     5.1705 0.0000e+00
      4.417      0.041    11.9444     93.905    140.333  84.667982     1.2178      9.100   248.7408 1.3576e+01     4.9152      4.332      6.283     5.1696 0.0000e+00
      4.426      0.038    11.9255     93.890    140.345  84.675234     1.2348      9.101   248.8492 1.3404e+01     4.9850      4.341      6.296     5.1814 0.0000e+00
      4.435      0.037    11.9244     93.866    140.318  84.652200     1.2460      9.101   248.9305 1.3233e+01     5.0081      4.349      6.308     5.1796 0.0000e+00
      4.443      0.038    11.9212     93.942    140.336  84.643906     1.2452      9.101   248.8639 1.3059e+01     4.9555      4.357      6.319     5.1679 0.0000e+00
      4.452      0.039    11.9467     94.110    140.359  84.638543     1.2408      9.101   248.8179 1.2882e+01     4.8954      4.365      6.331     5.1628 0.0000e+00
      4.463      0.040    11.9317     94.191    140.402  84.650944     1.2433      9.101   248.8049 1.2724e+01     4.8963      4.376      6.347     5.1673 0.0000e+00
      4.475      0.042    11.9271     94.168    140.448  84.666623     1.2498      9.101   248.7924 1.2607e+01     4.9313      4.388      6.365     5.1655 0.0000e+00
      4.485      0.044    11.9359     94.229    140.418  84.637275     1.2618      9.101   248.7531 1.2502e+01     4.9777      4.399      6.380     5.1555 0.0000e+00
      4.496      0.044    11.9723     94.247    140.385  84.614128     1.2709      9.101   248.8459 1.2378e+01     5.0468      4.408      6.394     5.1484 0.0000e+00
      4.508      0.043    11.9922     94.171    140.420  84.641172     1.2603      9.101   249.0542 1.2258e+01     5.0498      4.420      6.412     5.1450 0.0000e+00
      4.520      0.043    11.9616     94.166    140.413  84.646234     1.2341      9.101   249.0339 1.2153e+01     4.9460      4.433      6.430     5.1406 0.0000e+00
      4.530      0.043    11.9926     94.137    140.344  84.611730     1.2117      9.101   248.9449 1.2042e+01     4.8510      4.442      6.444     5.1350 0.0000e+00
      4.540      0.045    11.9997     94.043    140.332  84.605635     1.2059      9.102   249.0104 1.1941e+01     4.8225      4.452      6.459     5.1341 0.0000e+00
      4.549      0.048    11.9665     93.999    140.386  84.636149     1.2311      9.103   248.9656 1.1847e+01     4.9436      4.461      6.470     5.1369 0.0000e+00
      4.559      0.052    11.9805     93.915    140.417  84.662636     1.2746      9.103   248.8331 1.1725e+01     5.1539      4.471      6.483     5.1409 0.0000e+00
      4.574      0.055    11.9811     93.849    140.388  84.671461     1.2914      9.103   248.8706 1.1581e+01     5.2475      4.485      6.505     5.1440 0.0000e+00
      4.592      0.055    11.9487     93.957    140.342  84.679261     1.2840      9.102   248.9901 1.1394e+01     5.2560      4.502      6.530     5.1442 0.0000e+00
      4.612      0.053    11.9624     94.085    140.313  84.693373     1.2761      9.102   248.9875 1.1207e+01     5.2219      4.524      6.562     5.1420 0.0000e+00
      4.627      0.050    11.9471     94.116    140.308  84.714908     1.2629      9.102   248.9240 1.1113e+01     5.1090      4.541      6.588     5.1422 0.0000e+00
      4.636      0.045    11.9162     94.151    140.331  84.748842     1.2581      9.102   248.8255 1.1059e+01     5.0182      4.547      6.595     5.1535 0.0000e+00
      4.642      0.041    11.9432     94.206    140.366  84.785648     1.2675      9.102   248.7425 1.0970e+01     4.9782      4.551      6.600     5.1692 0.0000e+00
      4.650      0.037    11.9635     94.269    140.335  84.778302     1.2764      9.102   248.7815 1.0852e+01     4.9321      4.559      6.612     5.1796 0.0000e+00
      4.662      0.035    11.9522     94.358    140.237  84.723636     1.2740      9.102   248.8666 1.0730e+01     4.9395      4.572      6.630     5.1882 0.0000e+00
      4.673      0.034    11.9571     94.418    140.198  84.697155     1.2552      9.102   248.9109 1.0628e+01     4.9640      4.584      6.648     5.1954 0.0000e+00
      4.683      0.033    11.9653     94.413    140.232  84.712541     1.2329      9.102   248.8872 1.0539e+01     4.9557      4.594      6.662     5.2004 0.0000e+00
      4.690      0.030    11.9656     94.368    140.253  84.718835     1.2116      9.103   248.9244 1.0447e+01     4.9409      4.601      6.671     5.2057 0.0000e+00
      4.696      0.027    11.9836     94.330    140.248  84.709649     1.1972      9.103   249.0158 1.0351e+01     4.8883      4.606      6.680     5.2072 0.0000e+00
      4.702      0.026    11.9921     94.302    140.288  84.728682     1.2010      9.103   249.0463 1.0226e+01     4.7976      4.611      6.687     5.2051 0.0000e+00
      4.708      0.027    11.9912     94.249    140.341  84.758136     1.2165      9.103   249.0342 1.0107e+01     4.7664      4.617      6.696     5.2033 0.0000e+00
      4.715      0.029    11.9830     94.181    140.322  84.747728     1.2262      9.103   249.0415 1.0030e+01     4.7849      4.624      6.707     5.2012 0.0000e+00
      4.721      0.033    11.9785     94.149    140.290  84.730060     1.2258      9.103   249.0491 9.9457e+00     4.7816      4.629      6.714     5.1986 0.0000e+00
      4.729      0.037    11.9791     94.146    140.295  84.735330     1.2207      9.102   249.0398 9.8474e+00     4.7960      4.636      6.724     5.1964 0.0000e+00
      4.740      0.041    11.9720     94.157    140.312  84.747842     1.2141      9.102   249.1019 9.7569e+00     4.8218      4.647      6.740     5.1957 0.0000e+00
      4.752      0.044    11.9587     94.198    140.318  84.754127     1.2123      9.103   249.1980 9.6637e+00     4.8203      4.660      6.758     5.1964 0.0000e+00
      4.765      0.046    11.9558     94.233    140.303  84.747717     1.2405      9.104   249.2553 9.5859e+00     4.8468      4.672      6.777     5.1970 0.0000e+00
      4.777      0.048    11.9579     94.256    140.278  84.733953     1.2891      9.103   249.2783 9.5339e+00     4.9368      4.684      6.794     5.1977 0.0000e+00
      4.789      0.049    11.9543     94.290    140.245  84.714918     1.3006      9.103   249.3032 9.5063e+00     4.9856      4.698      6.814     5.1986 0.0000e+00
      4.800      0.050    11.9644     94.325    140.239  84.708397     1.2871      9.104   249.2983 9.5007e+00     4.9246      4.708      6.829     5.1996 0.0000e+00
      4.812      0.050    11.9679     94.345    140.267  84.718701     1.2856      9.104   249.1332 9.4805e+00     4.9501      4.718      6.841     5.2005 0.0000e+00
      4.827      0.050    11.9684     94.341    140.262  84.712283     1.2982      9.104   249.0283 9.4586e+00     5.1574      4.734      6.865     5.2010 0.0000e+00
      4.842      0.049    11.9744     94.320    140.232  84.694396     1.3235      9.104   249.1481 9.4701e+00     5.3134      4.749      6.888     5.2021 0.0000e+00
      4.855      0.045    11.9789     94.276    140.231  84.693257     1.3325      9.104   249.2059 9.4974e+00     5.3336      4.761      6.905     5.2009 0.0000e+00
      4.867      0.040    11.9842     94.233    140.246  84.698517     1.3000      9.103   249.2104 9.5373e+00     5.2311      4.773      6.923     5.1973 0.0000e+00
      4.877      0.033    11.9819     94.216    140.251  84.694373     1.2549      9.103   249.2884 9.6045e+00     5.0296      4.784      6.939     5.1960 0.0000e+00
      4.884      0.027    11.9809     94.184    140.282  84.706761     1.2354      9.104   249.2884 9.6770e+00     4.9139      4.790      6.947     5.1967 0.0000e+00
      4.888      0.024    11.9740     94.139    140.315  84.721073     1.2318      9.105   249.2100 9.7435e+00     4.9251      4.794      6.953     5.1972 0.0000e+00
      4.892      0.023    11.9654     94.135    140.261  84.676596     1.2195      9.105   249.2019 9.8104e+00     4.9259      4.798      6.960     5.1957 0.0000e+00
      4.895      0.026    11.9689     94.164    140.215  84.614236     1.2193      9.105   249.2763 9.8458e+00     4.9229      4.800      6.962     5.1926 0.0000e+00
      4.900      0.033    11.9663     94.172    140.295  84.603110     1.2546      9.105   249.3347 9.8331e+00     4.9575      4.803      6.966     5.1898 0.0000e+00
      4.909      0.042    11.9551     94.114    140.400  84.605632     1.2971      9.105   249.3052 9.7777e+00     5.0026      4.813      6.981     5.1885 0.0000e+00
      4.922      0.050    11.9571     94.008    140.434  84.581059     1.3172      9.105   249.1781 9.6727e+00     5.0578      4.826      6.999     5.1872 0.0000e+00
      4.938      0.055    11.9665     93.902    140.451  84.560384     1.3142      9.105   249.0882 9.5342e+00     5.0791      4.841      7.021     5.1762 0.0000e+00
      4.957      0.057    11.9782     93.802    140.459  84.546445     1.2951      9.105   249.1647 9.4042e+00     5.0547      4.862      7.051     5.1507 0.0000e+00
      4.974      0.055    11.9780     93.735    140.460  84.539725     1.2690      9.106   249.2428 9.3022e+00     5.0364      4.880      7.077     5.1262 0.0000e+00
      4.988      0.050    11.9641     93.722    140.463  84.542721     1.2561      9.106   249.2580 9.2201e+00     5.0287      4.892      7.096     5.1114 0.0000e+00
      4.999      0.045    11.9566     93.731    140.418  84.519068     1.2802      9.106   249.3487 9.1471e+00     5.0297      4.903      7.112     5.1007 0.0000e+00
      5.008      0.040    11.9435     93.757    140.398  84.508171     1.3275      9.107   249.4802 9.0839e+00     5.0143      4.912      7.123     5.0936 0.0000e+00
      5.016      0.038    11.9334     93.824    140.455  84.538176     1.3535      9.107   249.4702 9.0458e+00     4.9788      4.919      7.135     5.0917 0.0000e+00
      5.023      0.040    11.9351     93.898    140.506  84.563822     1.3457      9.107   249.4006 9.0177e+00     4.9421      4.926      7.145     5.0928 0.0000e+00
      5.032      0.043    11.9355     93.890    140.508  84.563824     1.3409      9.107   249.3267 8.9709e+00     4.9464      4.933      7.154     5.0946 0.0000e+00
      5.044      0.046    11.9358     93.788    140.463  84.538193     1.3628      9.107   249.2647 8.8971e+00     5.0311      4.946      7.173     5.0958 0.0000e+00
      5.059      0.047    11.9471     93.751    140.408  84.508345     1.3850      9.106   249.3400 8.8106e+00     5.1121      4.961      7.195     5.0934 0.0000e+00
      5.074      0.046    11.9618     93.849    140.429  84.520972     1.3928      9.106   249.3761 8.7493e+00     5.1748      4.977      7.218     5.0905 0.0000e+00
      5.088      0.043    11.9651     93.949    140.509  84.563652     1.3743      9.107   249.3569 8.7208e+00     5.1733      4.992      7.240     5.0907 0.0000e+00
      5.098      0.041    11.9401     93.993    140.547  84.579141     1.3282      9.108   249.3668 8.7158e+00     5.0601      5.001      7.254     5.0915 0.0000e+00
      5.104      0.039    11.9273     94.009    140.557  84.581017     1.3013      9.107   249.3238 8.7112e+00     4.9686      5.005      7.260     5.0929 0.0000e+00
      5.110      0.038    11.9556     94.035    140.565  84.586331     1.2982      9.106   249.2669 8.6690e+00     4.9542      5.009      7.265     5.0936 0.0000e+00
      5.120      0.038    11.9661     94.023    140.546  84.579786     1.2995      9.106   249.2809 8.5944e+00     4.9543      5.019      7.280     5.0912 0.0000e+00
      5.134      0.038    11.9739     93.963    140.514  84.565496     1.3170      9.106   249.3204 8.5225e+00     4.9353      5.035      7.302     5.0877 0.0000e+00
      5.146      0.038    11.9716     93.954    140.469  84.540774     1.3350      9.107   249.3150 8.4761e+00     4.9301      5.049      7.323     5.0858 0.0000e+00
      5.156      0.040    11.9775     93.934    140.459  84.535304     1.3339      9.108   249.3017 8.4567e+00     4.9591      5.058      7.336     5.0861 0.0000e+00
      5.162      0.045    11.9830     93.915    140.506  84.562964     1.3289      9.109   249.2454 8.4299e+00     4.9788      5.062      7.341     5.0883 0.0000e+00
      5.168      0.050    11.9567     93.984    140.496  84.557166     1.3328      9.109   249.1494 8.3595e+00     4.9629      5.066      7.347     5.0909 0.0000e+00
      5.179      0.055    11.9690     94.054    140.443  84.528813     1.3392      9.109   249.2601 8.2300e+00     4.9381      5.075      7.361     5.0916 0.0000e+00
      5.199      0.057    11.9649     94.075    140.452  84.538177     1.3397      9.109   249.4652 8.0359e+00     4.9177      5.095      7.390     5.0913 0.0000e+00
      5.224      0.054    11.9509     94.098    140.460  84.543178     1.3307      9.108   249.3935 7.8691e+00     4.8538      5.125      7.434     5.0909 0.0000e+00
      5.244      0.049    11.9717     94.103    140.437  84.525676     1.3214      9.108   249.2530 7.8074e+00     4.7468      5.146      7.466     5.0906 0.0000e+00
      5.254      0.042    11.9811     94.083    140.430  84.517379     1.3270      9.108   249.3141 7.8081e+00     4.6823      5.154      7.476     5.0925 0.0000e+00
      5.256      0.036    11.9778     94.110    140.419  84.506455     1.3488      9.108   249.4445 7.8310e+00     4.6883      5.156      7.478     5.0946 0.0000e+00
      5.256      0.035    11.9827     94.131    140.448  84.520802     1.3608      9.108   249.5385 7.8368e+00     4.7170      5.154      7.474     5.0944 0.0000e+00
      5.261      0.038    11.9884     94.072    140.514  84.563638     1.3464      9.108   249.5915 7.7863e+00     4.8247      5.156      7.477     5.0929 0.0000e+00
      5.274      0.043    11.9758     94.017    140.524  84.579141     1.3248      9.109   249.5685 7.6927e+00     5.0001      5.169      7.498     5.0910 0.0000e+00
      5.292      0.046    11.9852     93.998    140.509  84.581035     1.3162      9.110   249.4323 7.5885e+00     5.0951      5.190      7.528     5.0894 0.0000e+00
      5.310      0.046    11.9971     93.987    140.506  84.586555     1.3177      9.109   249.4075 7.4877e+00     5.1195      5.209      7.555     5.0876 0.0000e+00
      5.323      0.043    11.9778     93.967    140.492  84.582285     1.3088      9.108   249.5269 7.4097e+00     5.0562      5.222      7.575     5.0882 0.0000e+00
      5.330      0.039    11.9709     93.945    140.506  84.593005     1.3010      9.108   249.4124 7.3698e+00     4.8755      5.229      7.583     5.0930 0.0000e+00
      5.335      0.037    11.9690     93.940    140.495  84.588962     1.3062      9.109   249.2288 7.3347e+00     4.7451      5.231      7.586     5.0974 0.0000e+00
      5.340      0.037    11.9670     93.969    140.403  84.533399     1.2972      9.109   249.2849 7.2707e+00     4.7105      5.235      7.593     5.0998 0.0000e+00
