Data/DataNotYetUploadedToEDI/Raw_CTD/RawDownloads/022724_fcr50_S7809005.cnv
* Sea-Bird SBE19plus  Data File:
* FileName = C:\R\Reservoirs\Data\DataNotYetUploadedToEDI\Raw_CTD\RawDownloads\022724_fcr50_S7809_0005.hex
* Software version 2.8.0.119
* Temperature SN = 7809
* Conductivity SN = 7809
* System UpLoad Time = Feb 28 2024 09:38:18
* <ApplicationData>
* <Seaterm232>
# nquan = 15
# nvalues = 1413                                  
# units = specified
# name 0 = depFM: Depth [fresh water, m]
# name 1 = dz/dtM: Descent Rate [m/s]
# name 2 = sbeox0Mg/L: Oxygen, SBE 43 [mg/l]
# name 3 = sbeox0PS: Oxygen, SBE 43 [% saturation]
# name 4 = specc: Specific Conductance [uS/cm]
# name 5 = c0uS/cm: Conductivity [uS/cm]
# name 6 = flECO-AFL: Fluorescence, WET Labs ECO-AFL/FL [mg/m^3]
# name 7 = ph: pH
# name 8 = orp: Oxidation Reduction Potential [mV]
# name 9 = par/sat/log: PAR/Logarithmic, Satlantic
# name 10 = turbWETntu0: Turbidity, WET Labs ECO [NTU]
# name 11 = prdM: Pressure, Strain Gauge [db]
# name 12 = prdE: Pressure, Strain Gauge [psi]
# name 13 = tv290C: Temperature [ITS-90, deg C]
# name 14 = flag:  0.000e+00
# span 0 =     -0.719,      9.392                 
# span 1 =     -0.241,      0.272                 
# span 2 =     8.9814,    12.0424                 
# span 3 =     72.740,    100.499                 
# span 4 =      0.627,     77.415                 
# span 5 =   0.424910,  50.877120                 
# span 6 =    -0.1973,    13.9972                 
# span 7 =      5.421,      7.340                 
# span 8 =    -5.0091,   369.5127                 
# span 9 = 1.2356e-01, 1.7824e+02                 
# span 10 =     0.6540,    27.4828                
# span 11 =     -0.705,      9.211                
# span 12 =     -1.023,     13.359                
# span 13 =     6.0659,     8.9044                
# span 14 = 0.0000e+00, 0.0000e+00                
# interval = seconds: 0.25
# start_time = Feb 27 2024 14:21:00 [Instrument's time stamp, header]
# bad_flag = -9.990e-29
*END*
[from data line 964]
      9.353      0.061    11.7305     94.422     38.285  23.793728    12.0526      7.112   314.0140 1.2396e-01     8.4546      9.172     13.303     6.0726  0.000e+00
      9.363      0.063    11.7486     94.569     38.150  23.710020    12.0673      7.111   314.1275 1.2375e-01     8.6199      9.182     13.317     6.0731  0.000e+00
      9.370      0.062    11.7570     94.636     38.150  23.710020    12.0746      7.113   313.6354 1.2396e-01    10.3634      9.189     13.328     6.0733  0.000e+00
      9.379      0.058    11.7574     94.639     38.240  23.765825    12.0929      7.111   319.0490 1.2380e-01    10.3334      9.197     13.340     6.0730  0.000e+00
      9.386      0.052    11.7570     94.635     38.151  23.710020    12.0746      7.115   318.4054 1.2375e-01    10.2732      9.205     13.350     6.0726  0.000e+00
      9.391      0.045    11.7624     94.678     38.151  23.710020    12.1332      7.115   318.6704 1.2385e-01    10.4386      9.209     13.357     6.0724  0.000e+00
      9.392      0.036    11.7653     94.700     38.151  23.710020    13.9972      7.113   318.5568 1.2369e-01    15.2633      9.211     13.359     6.0721  0.000e+00
      9.391      0.027    11.7582     94.644     38.062  23.654215    13.9679      7.115   316.4747 1.2367e-01    15.1881      9.209     13.357     6.0721  0.000e+00
      9.381      0.017    11.7412     94.507     38.062  23.654215    13.9679      7.113   317.1182 1.2407e-01    15.3083      9.199     13.343     6.0721  0.000e+00
      9.355      0.002    11.7377     94.478     38.152  23.710020    13.9899      7.117   318.0647 1.2369e-01    15.3534      9.174     13.306     6.0718  0.000e+00
      9.312     -0.021    11.7342     94.449     38.242  23.765825    11.8256      7.114   319.3518 1.2391e-01    11.1149      9.132     13.245     6.0718  0.000e+00
      9.281     -0.045    11.7360     94.464     38.152  23.710020    11.8365      7.116   319.3518 1.2385e-01    10.9947      9.102     13.201     6.0716  0.000e+00
      9.270     -0.065    11.7262     94.385     38.152  23.710020    11.8146      7.119   320.2983 1.2388e-01    11.0097      9.091     13.185     6.0719  0.000e+00
      9.272     -0.074    11.7103     94.261     38.285  23.793728    11.8072      7.118   320.6390 1.2396e-01    11.1450      9.092     13.187     6.0730  0.000e+00
      9.274     -0.074    11.6977     94.162     38.148  23.710020    11.8146      7.117   320.4497 1.2385e-01    11.0999      9.094     13.190     6.0746  0.000e+00
      9.271     -0.066    11.6817     94.038     38.146  23.710020    10.2215      7.118   320.1847 1.2377e-01     7.7181      9.092     13.187     6.0761  0.000e+00
      9.257     -0.055    11.6769     94.001     38.056  23.654215    10.1776      7.117   319.8818 1.2391e-01     7.7482      9.078     13.166     6.0770  0.000e+00
      9.221     -0.047    11.6709     93.952     38.146  23.710019    10.1886      7.121   317.7997 1.2383e-01     7.6730      9.042     13.115     6.0767  0.000e+00
      9.177     -0.049    11.6820     94.042     38.145  23.710019    10.2032      7.121   319.1247 1.2407e-01     7.7482      9.000     13.053     6.0771  0.000e+00
      9.142     -0.062    11.6818     94.044     38.144  23.710019    10.2252      7.119   318.8975 1.2396e-01     7.3574      8.965     13.003     6.0785  0.000e+00
      9.116     -0.082    11.7067     94.250     38.141  23.710019    10.1849      7.124   318.8597 1.2383e-01     7.2973      8.940     12.966     6.0808  0.000e+00
      9.115     -0.094    11.7190     94.355     38.138  23.710019    10.1996      7.121   318.9733 1.2385e-01     7.2672      8.939     12.964     6.0833  0.000e+00
      9.124     -0.093    11.7359     94.497     38.135  23.710019    10.2325      7.120   320.5254 1.2391e-01     7.3574      8.947     12.977     6.0856  0.000e+00
      9.121     -0.083    11.7405     94.540     38.131  23.710018     9.9688      7.120   320.6390 1.2388e-01     7.3273      8.945     12.973     6.0885  0.000e+00
      9.108     -0.067    11.7458     94.584     38.130  23.710018     9.9212      7.119   320.6768 1.2380e-01     7.2372      8.932     12.954     6.0893  0.000e+00
      9.063     -0.057    11.7544     94.654     38.220  23.765823     9.9029      7.118   315.1875 1.2380e-01     7.2071      8.888     12.891     6.0895  0.000e+00
      8.985     -0.066    11.7490     94.611     38.130  23.710018     9.9212      7.118   316.2475 1.2391e-01     7.2372      8.811     12.780     6.0898  0.000e+00
      8.930     -0.089    11.7564     94.674     38.263  23.793725     9.5587      7.117   316.2097 1.2401e-01     7.2973      8.757     12.701     6.0908  0.000e+00
      8.926     -0.108    11.7408     94.552     38.126  23.710018     9.5916      7.119   315.9447 1.2388e-01     7.2672      8.754     12.696     6.0925  0.000e+00
      8.939     -0.118    11.7429     94.572     38.125  23.710018     9.5587      7.117   318.6704 1.2410e-01     7.1620      8.766     12.715     6.0936  0.000e+00
      8.934     -0.118    11.7336     94.499     38.034  23.654213     9.5587      7.116   318.3297 1.2385e-01     7.2372      8.761     12.707     6.0946  0.000e+00
      8.902     -0.111    11.7402     94.551     38.125  23.710017     9.5733      7.116   318.5568 1.2369e-01     7.3574      8.730     12.661     6.0940  0.000e+00
      8.851     -0.105    11.7431     94.572     38.215  23.765822    10.2288      7.119   314.9225 1.2388e-01     7.3273      8.680     12.590     6.0931  0.000e+00
      8.799     -0.098    11.7529     94.649     38.127  23.710017    10.2288      7.120   314.4304 1.2364e-01     7.2071      8.629     12.515     6.0921  0.000e+00
      8.786     -0.090    11.7548     94.661     38.128  23.710017    10.1776      7.119   315.1497 1.2361e-01     7.3123      8.616     12.497     6.0910  0.000e+00
      8.801     -0.085    11.7605     94.706     38.129  23.710017    10.2032      7.121   315.0740 1.2380e-01     7.3724      8.630     12.517     6.0906  0.000e+00
      8.804     -0.085    11.7644     94.738     38.128  23.710017     9.7454      7.121   315.7932 1.2393e-01     7.2823      8.634     12.522     6.0910  0.000e+00
      8.787     -0.083    11.7603     94.706     38.128  23.710017     9.6539      7.120   315.7932 1.2391e-01     7.2522      8.617     12.498     6.0909  0.000e+00
      8.758     -0.075    11.7676     94.763     38.129  23.710017     9.6576      7.122   315.4904 1.2375e-01     7.2372      8.588     12.456     6.0905  0.000e+00
      8.721     -0.066    11.7564     94.673     38.129  23.710017     9.6759      7.122   316.7397 1.2380e-01     7.2221      8.553     12.405     6.0903  0.000e+00
      8.681     -0.064    11.7519     94.635     38.130  23.710017    10.3058      7.124   315.8311 1.2385e-01     7.2973      8.513     12.347     6.0899  0.000e+00
      8.645     -0.075    11.7364     94.510     38.130  23.710017    10.3497      7.126   315.5661 1.2380e-01     7.4175      8.477     12.295     6.0897  0.000e+00
      8.638     -0.090    11.7421     94.556     38.130  23.710017    10.3314      7.128   315.7932 1.2369e-01     7.3424      8.471     12.286     6.0896  0.000e+00
      8.632     -0.100    11.7441     94.572     38.130  23.710017    10.3131      7.127   314.8468 1.2383e-01     7.2372      8.465     12.277     6.0896  0.000e+00
      8.589     -0.107    11.7529     94.644     38.129  23.710017    10.3460      7.127   314.7332 1.2391e-01     7.4476      8.423     12.217     6.0900  0.000e+00
      8.527     -0.116    11.7623     94.720     38.129  23.710017    10.3424      7.128   314.5061 1.2380e-01     7.3273      8.362     12.128     6.0903  0.000e+00
      8.487     -0.122    11.7586     94.690     38.219  23.765822    10.3387      7.129   319.5790 1.2383e-01     7.3273      8.323     12.071     6.0901  0.000e+00
      8.491     -0.117    11.7678     94.761     38.131  23.710017    10.3131      7.133   319.3897 1.2369e-01     7.1770      8.327     12.077     6.0891  0.000e+00
      8.499     -0.104    11.7761     94.828     38.131  23.710017     9.8956      7.130   317.2697 1.2385e-01     7.3424      8.335     12.089     6.0890  0.000e+00
      8.493     -0.092    11.7789     94.852     38.130  23.710017     9.9762      7.129   317.3075 1.2401e-01     7.3273      8.328     12.079     6.0895  0.000e+00
      8.476     -0.084    11.7797     94.858     38.130  23.710017     9.9286      7.130   317.2697 1.2377e-01     7.3574      8.312     12.055     6.0895  0.000e+00
      8.446     -0.075    11.7743     94.814     38.131  23.710017     9.8919      7.133   315.4904 1.2393e-01     7.2672      8.282     12.012     6.0891  0.000e+00
      8.406     -0.065    11.7786     94.848     38.131  23.710017     9.8809      7.134   315.2632 1.2375e-01     7.2221      8.244     11.957     6.0889  0.000e+00
      8.375     -0.063    11.7633     94.724     38.131  23.710017    10.7306      7.135   319.9575 1.2380e-01     7.2823      8.213     11.913     6.0886  0.000e+00
      8.354     -0.073    11.7618     94.711     38.132  23.710017    10.7599      7.137   319.2761 1.2393e-01     7.3424      8.193     11.883     6.0883  0.000e+00
      8.348     -0.086    11.7535     94.644     38.132  23.710017    10.7599      7.140   319.3140 1.2380e-01     7.3273      8.186     11.873     6.0882  0.000e+00
      8.342     -0.090    11.7488     94.607     38.132  23.710017    10.7232      7.140   319.3518 1.2401e-01     7.2372      8.180     11.865     6.0882  0.000e+00
      8.305     -0.091    11.7418     94.550     38.132  23.710017    10.4706      7.141   319.0490 1.2380e-01     7.2973      8.145     11.813     6.0880  0.000e+00
      8.245     -0.098    11.7503     94.617     38.132  23.710016    10.4596      7.142   317.3075 1.2369e-01     7.4476      8.085     11.727     6.0878  0.000e+00
      8.207     -0.104    11.7553     94.657     38.132  23.710016    10.4303      7.143   317.2697 1.2364e-01     7.2823      8.048     11.673     6.0876  0.000e+00
      8.213     -0.101    11.7606     94.698     38.133  23.710016    10.4156      7.142   316.2097 1.2380e-01     7.1770      8.054     11.681     6.0870  0.000e+00
      8.221     -0.093    11.7589     94.684     38.223  23.765822     9.6722      7.142   319.8818 1.2369e-01     7.2973      8.062     11.693     6.0867  0.000e+00
      8.207     -0.087    11.7482     94.600     38.267  23.793724     9.7052      7.140   320.1847 1.2375e-01     7.3123      8.048     11.673     6.0873  0.000e+00
      8.173     -0.085    11.7316     94.466     38.133  23.710016     9.7125      7.138   320.4497 1.2380e-01     7.3123      8.015     11.625     6.0874  0.000e+00
      8.118     -0.089    11.7078     94.274     38.267  23.793724     9.6685      7.138   320.0333 1.2407e-01     7.2672      7.961     11.546     6.0873  0.000e+00
      8.068     -0.092    11.6801     94.050     38.134  23.710016     9.9725      7.138   319.0490 1.2385e-01     7.1470      7.912     11.476     6.0866  0.000e+00
      8.061     -0.091    11.6542     93.838     38.135  23.710016    10.0091      7.139   319.2004 1.2364e-01     7.3574      7.905     11.465     6.0854  0.000e+00
      8.074     -0.090    11.6339     93.673     38.271  23.793724    10.0164      7.140   319.3897 1.2380e-01     7.2973      7.917     11.483     6.0846  0.000e+00
      8.064     -0.094    11.6436     93.752     38.225  23.765821    10.0055      7.143   318.6704 1.2369e-01     7.2672      7.908     11.469     6.0850  0.000e+00
      8.019     -0.098    11.6531     93.829     38.135  23.710016    10.1263      7.139   319.2383 1.2385e-01     7.2372      7.864     11.405     6.0853  0.000e+00
      7.960     -0.102    11.6746     94.003     38.135  23.710016    10.1410      7.144   319.4275 1.2383e-01     7.4326      7.806     11.321     6.0857  0.000e+00
      7.914     -0.105    11.7039     94.238     38.045  23.654211    10.1629      7.144   319.4275 1.2380e-01     7.4927      7.761     11.256     6.0853  0.000e+00
      7.915     -0.100    11.7303     94.448     38.137  23.710016    10.1556      7.149   320.3740 1.2391e-01     7.2372      7.762     11.258     6.0842  0.000e+00
      7.932     -0.092    11.7368     94.499     38.137  23.710016    10.1483      7.146   320.2983 1.2385e-01     7.2672      7.779     11.283     6.0836  0.000e+00
      7.934     -0.087    11.7402     94.527     38.137  23.710016     9.7931      7.147   320.0711 1.2401e-01     7.2522      7.781     11.285     6.0842  0.000e+00
      7.923     -0.079    11.7497     94.606     38.225  23.765821     9.7198      7.145   317.1561 1.2391e-01     7.3875      7.769     11.269     6.0849  0.000e+00
      7.891     -0.066    11.7387     94.519     38.135  23.710016     9.7638      7.146   317.9133 1.2377e-01     7.3875      7.739     11.224     6.0857  0.000e+00
      7.836     -0.059    11.7270     94.426     38.134  23.710016     9.7528      7.149   317.9133 1.2383e-01     7.2672      7.685     11.146     6.0864  0.000e+00
      7.792     -0.063    11.7128     94.312     38.134  23.710016     9.8883      7.150   317.9133 1.2388e-01     7.2823      7.642     11.083     6.0863  0.000e+00
      7.790     -0.072    11.7008     94.214     38.135  23.710016     9.9322      7.151   319.6168 1.2375e-01     7.4326      7.639     11.080     6.0857  0.000e+00
      7.802     -0.082    11.6790     94.035     38.047  23.654211     9.9249      7.150   319.8818 1.2375e-01     7.4025      7.651     11.097     6.0843  0.000e+00
      7.799     -0.085    11.6647     93.917     38.048  23.654211     9.9066      7.149   319.6547 1.2385e-01     7.2071      7.648     11.093     6.0834  0.000e+00
      7.793     -0.076    11.6505     93.803     38.227  23.765821    10.0860      7.147   315.7554 1.2396e-01     7.2522      7.642     11.084     6.0834  0.000e+00
      7.794     -0.057    11.6314     93.650     38.138  23.710016    10.0714      7.149   315.9068 1.2372e-01     7.1770      7.643     11.086     6.0834  0.000e+00
      7.771     -0.039    11.6190     93.550     38.137  23.710016    10.1007      7.149   317.6861 1.2396e-01     7.3875      7.621     11.053     6.0835  0.000e+00
      7.722     -0.034    11.6193     93.553     38.137  23.710016    10.1153      7.149   317.0425 1.2372e-01     7.4476      7.573     10.984     6.0837  0.000e+00
      7.678     -0.047    11.5852     93.277     38.138  23.710016    10.1629      7.152   317.3454 1.2380e-01     7.0117      7.530     10.921     6.0831  0.000e+00
      7.672     -0.067    11.5858     93.281     38.138  23.710016    10.1300      7.151   319.2004 1.2369e-01     6.9816      7.524     10.912     6.0827  0.000e+00
      7.684     -0.075    11.5719     93.167     38.139  23.710016    10.1593      7.153   319.3140 1.2375e-01     7.1019      7.536     10.930     6.0819  0.000e+00
      7.683     -0.074    11.5584     93.058     38.140  23.710016    10.1776      7.151   315.7175 1.2391e-01     7.1320      7.535     10.928     6.0816  0.000e+00
      7.666     -0.070    11.5586     93.059     38.050  23.654211    10.5621      7.146   316.0582 1.2396e-01     7.2973      7.517     10.903     6.0815  0.000e+00
      7.630     -0.068    11.5720     93.167     38.140  23.710016    10.5328      7.145   315.9825 1.2391e-01     7.2672      7.482     10.852     6.0816  0.000e+00
      7.569     -0.072    11.5933     93.340     38.139  23.710015    10.5658      7.146   316.0582 1.2396e-01     7.3574      7.423     10.766     6.0819  0.000e+00
      7.522     -0.081    11.6081     93.459     38.050  23.654210    10.5914      7.150   316.0582 1.2372e-01     7.3273      7.377     10.699     6.0819  0.000e+00
      7.527     -0.087    11.6326     93.655     38.140  23.710015    10.5694      7.152   318.2161 1.2380e-01     7.4025      7.382     10.706     6.0816  0.000e+00
      7.540     -0.093    11.6315     93.645     38.051  23.654210     9.5513      7.149   318.4054 1.2380e-01     7.0568      7.394     10.724     6.0811  0.000e+00
