Data/DataNotYetUploadedToEDI/Raw_CTD/RawDownloads/022724_fcr50_S7809005.cnv
* Sea-Bird SBE19plus  Data File:
* FileName = C:\R\Reservoirs\Data\DataNotYetUploadedToEDI\Raw_CTD\RawDownloads\022724_fcr50_S7809_0005.hex
* Software version 2.8.0.119
* Temperature SN = 7809
* Conductivity SN = 7809
* System UpLoad Time = Feb 28 2024 09:38:18
* <ApplicationData>
* <Seaterm232>
# nquan = 15
# nvalues = 1413                                  
# units = specified
# name 0 = depFM: Depth [fresh water, m]
# name 1 = dz/dtM: Descent Rate [m/s]
# name 2 = sbeox0Mg/L: Oxygen, SBE 43 [mg/l]
# name 3 = sbeox0PS: Oxygen, SBE 43 [% saturation]
# name 4 = specc: Specific Conductance [uS/cm]
# name 5 = c0uS/cm: Conductivity [uS/cm]
# name 6 = flECO-AFL: Fluorescence, WET Labs ECO-AFL/FL [mg/m^3]
# name 7 = ph: pH
# name 8 = orp: Oxidation Reduction Potential [mV]
# name 9 = par/sat/log: PAR/Logarithmic, Satlantic
# name 10 = turbWETntu0: Turbidity, WET Labs ECO [NTU]
# name 11 = prdM: Pressure, Strain Gauge [db]
# name 12 = prdE: Pressure, Strain Gauge [psi]
# name 13 = tv290C: Temperature [ITS-90, deg C]
# name 14 = flag:  0.000e+00
# span 0 =     -0.719,      9.392                 
# span 1 =     -0.241,      0.272                 
# span 2 =     8.9814,    12.0424                 
# span 3 =     72.740,    100.499                 
# span 4 =      0.627,     77.415                 
# span 5 =   0.424910,  50.877120                 
# span 6 =    -0.1973,    13.9972                 
# span 7 =      5.421,      7.340                 
# span 8 =    -5.0091,   369.5127                 
# span 9 = 1.2356e-01, 1.7824e+02                 
# span 10 =     0.6540,    27.4828                
# span 11 =     -0.705,      9.211                
# span 12 =     -1.023,     13.359                
# span 13 =     6.0659,     8.9044                
# span 14 = 0.0000e+00, 0.0000e+00                
# interval = seconds: 0.25
# start_time = Feb 27 2024 14:21:00 [Instrument's time stamp, header]
# bad_flag = -9.990e-29
*END*
[from data line 1350]
      0.556     -0.132    10.8350     87.224     38.280  23.793708    10.9979      7.230   321.4340 3.9713e+01     7.3273      0.545      0.791     6.0773  0.000e+00
      0.542     -0.152    10.8337     87.214     38.280  23.793708    11.0528      7.236   321.3961 3.9268e+01     7.4626      0.531      0.771     6.0773  0.000e+00
      0.539     -0.168    10.8457     87.310     38.280  23.793708    11.0675      7.233   321.2447 3.9938e+01     7.3273      0.528      0.766     6.0774  0.000e+00
      0.510     -0.174    10.8664     87.477     38.280  23.793708    10.6683      7.229   318.5568 4.3172e+01     7.1921      0.500      0.725     6.0774  0.000e+00
      0.435     -0.179    10.8823     87.605     38.279  23.793707    10.6317      7.226   318.4054 4.8421e+01     7.1320      0.427      0.619     6.0776  0.000e+00
      0.341     -0.185    10.8577     87.408     38.324  23.821610    10.6793      7.231   322.8347 5.2799e+01     7.2672      0.334      0.485     6.0777  0.000e+00
      0.306     -0.177    10.8173     87.082     38.279  23.793707    10.7086      7.240   322.2290 5.1297e+01     7.4626      0.301      0.436     6.0778  0.000e+00
      0.305     -0.163    10.7715     86.714     38.369  23.849512    10.7379      7.240   322.0775 5.0777e+01     7.1770      0.299      0.434     6.0777  0.000e+00
      0.301     -0.154    10.7277     86.361     38.459  23.905318    10.7269      7.236   321.8504 5.1924e+01     6.9967      0.296      0.429     6.0779  0.000e+00
      0.267     -0.154    10.6980     86.123     38.548  23.961123    10.7086      7.216   320.5254 5.6877e+01     6.9816      0.261      0.379     6.0780  0.000e+00
      0.175     -0.163    10.6699     85.897     38.548  23.961123    10.7379      7.214   316.5125 6.3461e+01     7.0869      0.171      0.248     6.0783  0.000e+00
      0.073     -0.175    10.6335     85.605     38.458  23.905317    10.7306      7.219   315.7175 7.4834e+01     7.1320      0.072      0.104     6.0786  0.000e+00
      0.000     -0.186    10.6453     85.700     38.547  23.961123    10.7232      7.229   315.1118 7.6177e+01     7.2071      0.000      0.000     6.0786  0.000e+00
     -0.027     -0.195    10.6803     85.981     38.682  24.044831    10.7086      7.240   320.4497 7.1130e+01     7.1770     -0.026     -0.038     6.0785  0.000e+00
     -0.041     -0.208    10.6918     86.074     38.817  24.128540    10.7306      7.237   320.3361 7.9210e+01     7.2372     -0.040     -0.058     6.0785  0.000e+00
     -0.096     -0.222    10.7096     86.218     39.490  24.547090    10.7708      7.227   319.2383 1.1374e+02     7.4025     -0.094     -0.136     6.0788  0.000e+00
     -0.191     -0.235    10.7188     86.295     38.905  24.184346    10.6866      7.235   315.8690 1.0379e+02     7.0267     -0.187     -0.272     6.0799  0.000e+00
     -0.244     -0.230    10.7093     86.220     38.724  24.072734    10.6573      7.241   315.3390 1.0401e+02     6.9967     -0.239     -0.347     6.0807  0.000e+00
     -0.254     -0.204    10.6793     85.978     39.398  24.491283    10.6793      7.242   315.0740 1.0029e+02     7.2071     -0.249     -0.361     6.0806  0.000e+00
     -0.265     -0.176    10.6254     85.544     39.577  24.602897    10.7159      7.239   315.1497 1.0249e+02     7.2372     -0.260     -0.378     6.0806  0.000e+00
     -0.295     -0.161    10.5836     85.213     39.125  24.323862    11.0235      7.232   318.1783 1.0036e+02     7.1019     -0.289     -0.419     6.0833  0.000e+00
     -0.311     -0.150    10.5462     84.915     39.034  24.268055    11.0382      7.233   317.7997 9.9405e+01     6.9816     -0.305     -0.443     6.0845  0.000e+00
     -0.316     -0.129    10.5161     84.672     39.393  24.491282    11.0016      7.230   317.6861 1.0023e+02     6.9215     -0.310     -0.450     6.0843  0.000e+00
     -0.320     -0.095    10.5084     84.609     39.483  24.547089    11.0382      7.231   317.6861 9.8932e+01     7.1770     -0.314     -0.456     6.0840  0.000e+00
     -0.336     -0.064    10.5258     84.751     39.393  24.491282    11.4923      7.221   317.6104 9.7188e+01     7.3273     -0.330     -0.478     6.0845  0.000e+00
     -0.411     -0.068    10.5641     85.060     39.976  24.854031    11.4996      7.210   312.9540 9.0082e+01     7.2071     -0.403     -0.584     6.0851  0.000e+00
     -0.543     -0.110    10.6208     85.521     40.333  25.077265    11.4703      7.213   310.6068 8.3244e+01     7.2372     -0.532     -0.772     6.0866  0.000e+00
     -0.657     -0.165    10.6627     85.864     44.817  27.867894    11.4850      7.217   306.2532 7.8816e+01     7.2672     -0.645     -0.935     6.0891  0.000e+00
     -0.700     -0.209    10.7308     86.427     49.386  30.714735    10.0421      7.202   306.2532 7.1844e+01     7.2071     -0.687     -0.996     6.0948  0.000e+00
     -0.707     -0.236    10.8037     87.011     49.792  30.965946    10.0641      7.176   305.8368 6.8333e+01     7.2372     -0.693     -1.005     6.0937  0.000e+00
     -0.705     -0.241    10.8109     87.068     68.789  42.776407    10.0055      7.158   304.2089 6.3681e+01     7.0718     -0.692     -1.003     6.0911  0.000e+00
     -0.704     -0.222    10.8372     87.271     39.206  24.379667    10.0311      7.143   305.6096 6.2695e+01     6.9816     -0.691     -1.002     6.0903  0.000e+00
     -0.705     -0.179    10.8872     87.671     13.100   8.146437    10.0457      7.131   309.2061 6.0333e+01     7.2071     -0.692     -1.003     6.0924  0.000e+00
     -0.706     -0.116    10.9386     88.089     14.444   8.982881     2.9118      7.121   310.4554 5.7323e+01     9.3414     -0.692     -1.004     6.0939  0.000e+00
     -0.705     -0.052    10.9135     87.888     13.996   8.704063     2.9375      7.103   248.4831 5.3804e+01     9.5518     -0.692     -1.003     6.0944  0.000e+00
     -0.705     -0.013    10.8938     87.729     11.575   7.198509     2.9009      7.085   262.0738 5.2195e+01     9.4165     -0.691     -1.002     6.0947  0.000e+00
     -0.705     -0.001    10.7927     86.915     10.364   6.445775     2.9009      7.070   268.5474 5.3735e+01     9.3264     -0.692     -1.003     6.0947  0.000e+00
     -0.706      0.000    10.6584     85.833     10.050   6.250626     0.5424      7.054   208.0894 5.1655e+01     2.7131     -0.692     -1.003     6.0947  0.000e+00
     -0.707     -0.001    10.4945     84.513      8.437   5.247034     0.5241      7.041   272.0303 5.2127e+01     2.4576     -0.693     -1.005     6.0947  0.000e+00
     -0.706     -0.001    10.2700     82.705      7.406   4.605876     0.5278      7.007   281.7974 5.5235e+01     2.5928     -0.692     -1.004     6.0945  0.000e+00
     -0.707     -0.001    10.0444     80.888      9.513   5.916090     0.5534      6.981   288.8767 5.6446e+01     2.7131     -0.694     -1.006     6.0945  0.000e+00
     -0.707     -0.001     9.8460     79.291      8.571   5.330665     0.6193      6.968   300.6503 5.7709e+01     3.7351     -0.693     -1.005     6.0944  0.000e+00
     -0.706     -0.001     9.6878     78.016      7.899   4.912514     0.5681      6.952   305.8746 5.5415e+01     3.5548     -0.692     -1.004     6.0944  0.000e+00
     -0.706     -0.001     9.5589     76.978      6.554   4.076239     0.5790      6.934   321.8883 6.5361e+01     3.7351     -0.692     -1.004     6.0944  0.000e+00
     -0.705     -0.000     9.4782     76.328      5.792   3.602366     0.6230      6.919   328.8919 9.2538e+01     3.8704     -0.692     -1.003     6.0945  0.000e+00
     -0.706      0.000     9.4033     75.725      6.061   3.769614     0.0773      6.915   347.9341 1.2223e+02     2.6079     -0.693     -1.004     6.0945  0.000e+00
     -0.706      0.000     9.3545     75.332      5.972   3.713864     0.0773      6.908   336.2740 1.2324e+02     2.6530     -0.692     -1.004     6.0946  0.000e+00
     -0.706      0.000     9.3197     75.052      5.434   3.379370     0.0663      6.899   300.3475 1.1535e+02     2.6079     -0.693     -1.004     6.0945  0.000e+00
     -0.706      0.000     9.2855     74.776      5.120   3.184251     0.0847      6.897   307.4268 1.2076e+02     2.6680     -0.692     -1.003     6.0947  0.000e+00
     -0.707 -5.720e-07     9.2886     74.802      6.285   3.908989     0.0444      6.899   313.3704 1.2378e+02     2.6079     -0.693     -1.005     6.0947  0.000e+00
     -0.706     -0.000     9.3211     75.064      7.137   4.438621     0.4692      6.900   320.6768 1.1827e+02     5.0127     -0.693     -1.004     6.0949  0.000e+00
     -0.706     -0.000     9.3716     75.471      7.809   4.856761     0.4435      6.900   336.6147 1.1293e+02     5.2382     -0.693     -1.004     6.0950  0.000e+00
     -0.706     -0.000     9.3844     75.574      8.347   5.191280     0.4875      6.896   307.0104 1.0267e+02     5.2382     -0.692     -1.004     6.0950  0.000e+00
     -0.706      0.000     9.4147     75.818      8.750   5.442173     0.5058      6.899   315.6040 9.3750e+01     5.1029     -0.692     -1.004     6.0950  0.000e+00
     -0.706      0.000     9.4324     75.961      8.257   5.135527    -0.1351      6.904   322.9104 8.9868e+01     1.0297     -0.692     -1.004     6.0951  0.000e+00
     -0.708     -0.000     9.4363     75.992      7.316   4.550124    -0.0911      6.907   330.3683 8.6991e+01     1.3303     -0.694     -1.007     6.0951  0.000e+00
     -0.709     -0.001     9.4018     75.714      5.882   3.658115    -0.0838      6.911   335.3276 8.1989e+01     1.1950     -0.696     -1.009     6.0953  0.000e+00
     -0.709     -0.002     9.3519     75.312      4.672   2.905513    -0.1424      6.915   357.2091 7.6891e+01     1.0447     -0.696     -1.009     6.0952  0.000e+00
     -0.710     -0.002     9.2865     74.785      3.596   2.236557    -0.1827      6.917   356.3762 6.8511e+01     1.0748     -0.696     -1.010     6.0953  0.000e+00
     -0.709     -0.002     9.2141     74.203      3.731   2.320176    -0.1973      6.916   359.2912 6.4181e+01     0.9095     -0.695     -1.008     6.0956  0.000e+00
     -0.710     -0.002     9.1574     73.746      3.506   2.180812    -0.1387      6.919   363.1905 6.8600e+01     0.9997     -0.696     -1.009     6.0959  0.000e+00
     -0.709     -0.002     9.0836     73.153      3.238   2.013577    -0.1424      6.920   366.0677 6.8615e+01     1.0147     -0.696     -1.009     6.0961  0.000e+00
     -0.709     -0.001     9.0323     72.740      2.834   1.762727    -0.1973      6.919   369.5127 6.6519e+01     1.0297     -0.695     -1.008     6.0964  0.000e+00
