Data/DataNotYetUploadedToEDI/Raw_CTD/RawDownloads/022724_fcr50_S7809005.cnv
* Sea-Bird SBE19plus  Data File:
* FileName = C:\R\Reservoirs\Data\DataNotYetUploadedToEDI\Raw_CTD\RawDownloads\022724_fcr50_S7809_0005.hex
* Software version 2.8.0.119
* Temperature SN = 7809
* Conductivity SN = 7809
* System UpLoad Time = Feb 28 2024 09:38:18
* <ApplicationData>
* <Seaterm232>
# nquan = 15
# nvalues = 1413                                  
# units = specified
# name 0 = depFM: Depth [fresh water, m]
# name 1 = dz/dtM: Descent Rate [m/s]
# name 2 = sbeox0Mg/L: Oxygen, SBE 43 [mg/l]
# name 3 = sbeox0PS: Oxygen, SBE 43 [% saturation]
# name 4 = specc: Specific Conductance [uS/cm]
# name 5 = c0uS/cm: Conductivity [uS/cm]
# name 6 = flECO-AFL: Fluorescence, WET Labs ECO-AFL/FL [mg/m^3]
# name 7 = ph: pH
# name 8 = orp: Oxidation Reduction Potential [mV]
# name 9 = par/sat/log: PAR/Logarithmic, Satlantic
# name 10 = turbWETntu0: Turbidity, WET Labs ECO [NTU]
# name 11 = prdM: Pressure, Strain Gauge [db]
# name 12 = prdE: Pressure, Strain Gauge [psi]
# name 13 = tv290C: Temperature [ITS-90, deg C]
# name 14 = flag:  0.000e+00
# span 0 =     -0.719,      9.392                 
# span 1 =     -0.241,      0.272                 
# span 2 =     8.9814,    12.0424                 
# span 3 =     72.740,    100.499                 
# span 4 =      0.627,     77.415                 
# span 5 =   0.424910,  50.877120                 
# span 6 =    -0.1973,    13.9972                 
# span 7 =      5.421,      7.340                 
# span 8 =    -5.0091,   369.5127                 
# span 9 = 1.2356e-01, 1.7824e+02                 
# span 10 =     0.6540,    27.4828                
# span 11 =     -0.705,      9.211                
# span 12 =     -1.023,     13.359                
# span 13 =     6.0659,     8.9044                
# span 14 = 0.0000e+00, 0.0000e+00                
# interval = seconds: 0.25
# start_time = Feb 27 2024 14:21:00 [Instrument's time stamp, header]
# bad_flag = -9.990e-29
*END*
[from data line 1157]
      5.169     -0.097    11.4800     92.409     38.149  23.710011     9.7381      7.181   316.7775 1.6064e-01     7.2372      5.069      7.352     6.0741  0.000e+00
      5.162     -0.103    11.4865     92.461     38.149  23.710011     9.7601      7.180   316.8532 1.4385e-01     7.4326      5.062      7.342     6.0741  0.000e+00
      5.154     -0.097    11.4871     92.467     38.059  23.654206     9.7638      7.185   318.5947 1.4751e-01     7.3724      5.054      7.330     6.0743  0.000e+00
      5.126     -0.089    11.4954     92.534     38.148  23.710010    10.5328      7.185   318.7461 1.6646e-01     7.2672      5.027      7.291     6.0747  0.000e+00
      5.058     -0.087    11.4960     92.540     38.238  23.765815    10.5328      7.187   317.1182 1.9162e-01     7.1470      4.960      7.194     6.0750  0.000e+00
      4.997     -0.088    11.4929     92.515     38.148  23.710010    10.5182      7.189   316.3232 1.9527e-01     7.2071      4.900      7.107     6.0750  0.000e+00
      5.000     -0.089    11.4815     92.423     38.283  23.793718    10.5768      7.189   316.6261 1.7877e-01     7.4025      4.903      7.112     6.0750  0.000e+00
      5.015     -0.097    11.4966     92.543     38.059  23.654205     9.5770      7.186   316.4747 1.7877e-01     7.0718      4.918      7.132     6.0745  0.000e+00
      5.006     -0.100    11.5003     92.572     38.149  23.710010     9.6392      7.186   316.5125 1.7282e-01     7.0418      4.910      7.121     6.0742  0.000e+00
      4.993     -0.091    11.5001     92.571     38.149  23.710010     9.6283      7.188   317.0047 2.0790e-01     7.1019      4.897      7.102     6.0743  0.000e+00
      4.947     -0.085    11.5135     92.679     38.059  23.654205     9.6356      7.186   317.1182 2.5195e-01     7.1019      4.852      7.037     6.0744  0.000e+00
      4.863     -0.091    11.5230     92.755     38.149  23.710010    10.3131      7.190   318.5947 2.7791e-01     7.2973      4.769      6.916     6.0741  0.000e+00
      4.819     -0.097    11.5258     92.777     38.149  23.710010    10.2435      7.192   317.4211 3.1922e-01     7.2672      4.726      6.854     6.0742  0.000e+00
      4.824     -0.104    11.5279     92.795     38.149  23.710010    10.2728      7.192   317.5347 2.9048e-01     7.1770      4.731      6.862     6.0741  0.000e+00
      4.825     -0.116    11.5128     92.673     38.149  23.710010    10.2838      7.187   317.1182 2.8015e-01     7.3273      4.732      6.863     6.0740  0.000e+00
      4.821     -0.117    11.5127     92.672     38.149  23.710010    10.3351      7.188   317.3454 2.5537e-01     7.3574      4.728      6.857     6.0741  0.000e+00
      4.811     -0.103    11.4966     92.542     38.059  23.654205    10.3241      7.188   316.2097 2.9557e-01     7.1770      4.718      6.843     6.0741  0.000e+00
      4.759     -0.093    11.4941     92.523     38.149  23.710010    10.3021      7.183   316.3232 3.6092e-01     7.2372      4.667      6.769     6.0742  0.000e+00
      4.686     -0.090    11.4736     92.358     38.059  23.654205    10.3497      7.192   316.1340 3.2256e-01     7.3574      4.595      6.665     6.0743  0.000e+00
      4.669     -0.086    11.4318     92.021     38.149  23.710010     9.7308      7.192   320.6390 3.2907e-01     7.2071      4.579      6.641     6.0742  0.000e+00
      4.692     -0.086    11.4126     91.866     38.149  23.710010     9.7601      7.192   319.4654 3.5058e-01     7.0418      4.602      6.674     6.0738  0.000e+00
      4.697     -0.087    11.3777     91.584     38.150  23.710010     9.7125      7.190   319.0490 3.2306e-01     6.9967      4.607      6.681     6.0735  0.000e+00
      4.697     -0.079    11.3621     91.459     38.060  23.654205     9.7235      7.193   318.8597 3.2313e-01     7.1019      4.606      6.680     6.0737  0.000e+00
      4.705     -0.060    11.3633     91.468     38.060  23.654205     9.7711      7.192   316.8532 3.3606e-01     7.1019      4.614      6.692     6.0735  0.000e+00
      4.709     -0.034    11.3890     91.675     38.060  23.654205    10.7086      7.192   316.7018 3.2054e-01     7.4927      4.618      6.698     6.0732  0.000e+00
      4.708     -0.004    11.4148     91.881     38.151  23.710010    10.7159      7.192   316.8154 3.1089e-01     7.5528      4.617      6.696     6.0728  0.000e+00
      4.708      0.016    11.4709     92.330     38.241  23.765815    10.7306      7.195   322.3047 3.3862e-01     7.4326      4.617      6.697     6.0719  0.000e+00
      4.709      0.016    11.5134     92.671     38.063  23.654205    10.7306      7.196   320.8661 3.2771e-01     7.5829      4.618      6.698     6.0712  0.000e+00
      4.708      0.008    11.5666     93.098     38.153  23.710010    10.9686      7.197   320.9797 3.2864e-01     7.6881      4.617      6.696     6.0710  0.000e+00
      4.693      0.002    11.5947     93.326     38.152  23.710010    10.9503      7.198   320.5254 3.5464e-01     7.5077      4.602      6.675     6.0712  0.000e+00
      4.641     -0.017    11.6234     93.557     38.063  23.654205    10.9320      7.199   317.9511 3.7028e-01     7.3724      4.551      6.601     6.0711  0.000e+00
      4.565     -0.052    11.6340     93.642     38.152  23.710010    10.9759      7.202   317.8375 4.2505e-01     7.6881      4.477      6.494     6.0712  0.000e+00
      4.524     -0.086    11.6513     93.781     38.063  23.654205     9.8077      7.202   317.6483 4.5897e-01     7.2973      4.436      6.434     6.0712  0.000e+00
      4.533     -0.105    11.6432     93.717     38.242  23.765814     9.8150      7.200   323.2890 3.8419e-01     7.3724      4.445      6.448     6.0715  0.000e+00
      4.547     -0.109    11.6363     93.662     38.152  23.710009     9.7857      7.193   321.7368 4.2422e-01     7.1770      4.459      6.467     6.0719  0.000e+00
      4.546     -0.103    11.6449     93.732     38.151  23.710009     9.8114      7.192   321.7368 4.3721e-01     7.1620      4.458      6.466     6.0725  0.000e+00
      4.556     -0.083    11.6381     93.678     38.151  23.710009    10.8258      7.196   321.2447 4.0009e-01     7.3273      4.468      6.480     6.0728  0.000e+00
      4.572     -0.049    11.6410     93.702     38.061  23.654204    10.8148      7.195   321.2825 3.8335e-01     7.2071      4.483      6.502     6.0729  0.000e+00
      4.572     -0.012    11.6377     93.674     38.151  23.710009    10.7782      7.190   318.6325 4.0842e-01     7.2672      4.484      6.503     6.0725  0.000e+00
      4.552      0.012    11.6302     93.613     38.062  23.654205    10.7599      7.192   318.3297 3.7692e-01     7.2672      4.464      6.474     6.0721  0.000e+00
      4.507      0.004    11.6169     93.505     38.242  23.765814    10.7782      7.189   323.4404 4.5422e-01     7.3123      4.420      6.410     6.0716  0.000e+00
      4.465     -0.024    11.6155     93.493     38.152  23.710009    11.2066      7.195   322.6454 4.5738e-01     7.3574      4.379      6.351     6.0712  0.000e+00
      4.464     -0.045    11.5861     93.256     38.153  23.710009    11.2176      7.195   322.7211 4.4650e-01     7.3273      4.377      6.349     6.0712  0.000e+00
      4.476     -0.055    11.5732     93.152     38.063  23.654204    11.1810      7.195   322.7968 4.7766e-01     7.1770      4.389      6.366     6.0712  0.000e+00
      4.473     -0.060    11.5646     93.084     38.152  23.710009    11.1700      7.193   322.1154 4.6237e-01     7.2973      4.387      6.363     6.0715  0.000e+00
      4.475     -0.057    11.5512     92.976     38.152  23.710009    10.9393      7.190   319.9575 4.4044e-01     7.4626      4.388      6.365     6.0717  0.000e+00
      4.479     -0.043    11.5450     92.926     38.152  23.710009    10.9356      7.190   319.3518 4.3987e-01     7.2372      4.393      6.371     6.0715  0.000e+00
      4.479     -0.023    11.5489     92.957     38.152  23.710009    10.9247      7.191   323.4026 4.5020e-01     7.2973      4.392      6.370     6.0713  0.000e+00
      4.456     -0.009    11.5610     93.055     38.063  23.654204    10.9027      7.182   323.2890 4.7995e-01     7.1320      4.370      6.338     6.0712  0.000e+00
      4.395     -0.019    11.5698     93.125     38.063  23.654204    11.6095      7.186   323.2511 5.3377e-01     7.6430      4.310      6.251     6.0709  0.000e+00
      4.329     -0.053    11.5887     93.276     38.063  23.654204    11.6351      7.191   323.3647 5.8076e-01     7.6881      4.245      6.157     6.0708  0.000e+00
      4.323     -0.080    11.5787     93.196     38.153  23.710009    11.5838      7.194   323.5161 5.2073e-01     7.3574      4.239      6.149     6.0708  0.000e+00
      4.338     -0.091    11.5863     93.257     38.153  23.710009    11.6168      7.195   321.7368 5.7787e-01     7.4927      4.254      6.169     6.0710  0.000e+00
      4.334     -0.093    11.5861     93.256     38.152  23.710009    10.1629      7.192   321.5097 5.4370e-01     7.5077      4.250      6.164     6.0712  0.000e+00
      4.335     -0.086    11.5706     93.133     38.062  23.654204    10.1739      7.193   321.5097 5.4547e-01     7.2522      4.251      6.166     6.0718  0.000e+00
      4.327     -0.071    11.5643     93.083     38.152  23.710009    10.2032      7.193   322.6833 5.8709e-01     7.3875      4.243      6.154     6.0720  0.000e+00
      4.282     -0.057    11.5538     92.999     38.151  23.710009    10.1483      7.194   323.3268 6.2331e-01     7.1620      4.199      6.090     6.0722  0.000e+00
      4.213     -0.057    11.5452     92.929     38.062  23.654204    10.6683      7.195   323.4404 6.4869e-01     7.3273      4.131      5.992     6.0722  0.000e+00
      4.172     -0.070    11.5435     92.915     38.062  23.654204    10.6976      7.200   323.4404 6.6739e-01     7.3424      4.091      5.934     6.0719  0.000e+00
      4.186     -0.088    11.5259     92.774     38.152  23.710009    10.6537      7.200   323.0240 6.3271e-01     7.2973      4.105      5.953     6.0719  0.000e+00
      4.197     -0.095    11.5358     92.853     38.152  23.710009    10.6683      7.203   322.8726 6.1900e-01     7.2672      4.116      5.969     6.0718  0.000e+00
      4.194     -0.089    11.5555     93.012     38.151  23.710009    10.6683      7.203   322.7968 6.2861e-01     7.3123      4.113      5.965     6.0721  0.000e+00
      4.170     -0.082    11.5672     93.107     38.241  23.765814    10.4339      7.200   321.4718 7.1644e-01     7.3574      4.090      5.931     6.0725  0.000e+00
      4.094     -0.084    11.5750     93.170     38.061  23.654203    10.4413      7.203   322.3047 8.0146e-01     7.3574      4.015      5.823     6.0727  0.000e+00
      4.031     -0.089    11.5974     93.351     38.150  23.710008    10.4706      7.206   322.7968 7.8956e-01     7.3273      3.953      5.734     6.0729  0.000e+00
      4.034     -0.088    11.6014     93.383     38.151  23.710008    10.3973      7.203   322.9483 7.7497e-01     7.2672      3.956      5.738     6.0727  0.000e+00
      4.042     -0.092    11.6038     93.401     38.061  23.654203     9.6722      7.199   323.7433 8.0687e-01     7.1320      3.964      5.750     6.0724  0.000e+00
      4.036     -0.099    11.6134     93.479     38.061  23.654203     9.6905      7.199   323.7054 7.8580e-01     7.1921      3.958      5.740     6.0725  0.000e+00
      4.019     -0.098    11.5895     93.287     38.151  23.710008     9.6685      7.198   323.6676 8.3338e-01     7.0568      3.941      5.717     6.0726  0.000e+00
      3.955     -0.099    11.5823     93.230     38.151  23.710008     9.7015      7.200   319.6925 1.0019e+00     6.9816      3.878      5.625     6.0728  0.000e+00
      3.862     -0.109    11.5722     93.149     38.060  23.654203     9.9615      7.206   321.9640 1.0352e+00     7.0267      3.787      5.493     6.0731  0.000e+00
      3.822     -0.116    11.5610     93.059     38.150  23.710008     9.9615      7.210   322.2290 9.6457e-01     7.0718      3.748      5.436     6.0731  0.000e+00
      3.831     -0.123    11.5493     92.964     38.061  23.654203     9.9908      7.208   322.2668 1.0135e+00     7.1019      3.757      5.449     6.0729  0.000e+00
      3.833     -0.132    11.5474     92.950     38.150  23.710008     9.9469      7.208   322.3804 1.0321e+00     6.9666      3.759      5.452     6.0732  0.000e+00
      3.831     -0.128    11.5456     92.936     38.150  23.710008     9.9578      7.208   323.3647 1.0071e+00     7.3273      3.757      5.449     6.0735  0.000e+00
      3.830     -0.109    11.5416     92.903     38.150  23.710008    10.0055      7.206   323.0997 1.0299e+00     7.3273      3.756      5.447     6.0735  0.000e+00
      3.792     -0.087    11.5360     92.858     38.150  23.710008    10.0018      7.206   319.0111 1.1496e+00     7.4326      3.718      5.393     6.0735  0.000e+00
      3.707     -0.078    11.5458     92.936     38.150  23.710007     9.9981      7.207   320.3740 1.3045e+00     7.4025      3.635      5.273     6.0732  0.000e+00
      3.652     -0.083    11.5512     92.980     38.150  23.710007     9.5367      7.210   320.6390 1.2600e+00     6.9065      3.581      5.194     6.0730  0.000e+00
      3.655     -0.098    11.5455     92.934     38.150  23.710007     9.5513      7.209   320.6390 1.2478e+00     6.9816      3.584      5.198     6.0730  0.000e+00
      3.657     -0.112    11.5523     92.988     38.061  23.654202     9.6173      7.209   320.8283 1.2573e+00     7.0418      3.586      5.201     6.0730  0.000e+00
      3.654     -0.113    11.5395     92.886     38.150  23.710007     9.5843      7.211   322.4561 1.2532e+00     7.1019      3.583      5.197     6.0732  0.000e+00
      3.651     -0.103    11.5387     92.880     38.150  23.710007     9.5440      7.210   322.7968 1.2446e+00     7.0718      3.580      5.193     6.0734  0.000e+00
      3.609     -0.092    11.5396     92.887     38.240  23.765812    10.5291      7.209   317.9890 1.4234e+00     7.2372      3.539      5.133     6.0733  0.000e+00
      3.539     -0.086    11.5094     92.644     38.150  23.710007    10.5658      7.210   318.7461 1.5397e+00     7.2672      3.471      5.034     6.0732  0.000e+00
      3.482     -0.087    11.4896     92.484     38.150  23.710007    10.5804      7.215   319.1247 1.6062e+00     7.4025      3.415      4.953     6.0731  0.000e+00
      3.479     -0.097    11.4761     92.375     38.150  23.710007    10.6097      7.215   319.0490 1.5135e+00     7.3574      3.411      4.948     6.0730  0.000e+00
      3.494     -0.107    11.4581     92.231     38.150  23.710007     9.6209      7.215   319.3897 1.5204e+00     7.2372      3.427      4.970     6.0731  0.000e+00
      3.498     -0.103    11.4577     92.228     38.060  23.654202     9.6392      7.212   321.0933 1.4689e+00     7.3123      3.431      4.976     6.0732  0.000e+00
      3.505     -0.088    11.4407     92.091     38.150  23.710007     9.6539      7.212   321.5854 1.4814e+00     7.3875      3.438      4.986     6.0734  0.000e+00
      3.508     -0.062    11.4540     92.197     38.060  23.654202     9.6063      7.212   321.5097 1.5076e+00     7.2221      3.440      4.989     6.0732  0.000e+00
      3.484     -0.034    11.4464     92.137     38.240  23.765812    10.7745      7.205   318.0268 1.6290e+00     7.2372      3.416      4.955     6.0732  0.000e+00
      3.399     -0.032    11.4325     92.024     38.061  23.654202    10.7708      7.206   318.0647 1.8623e+00     7.2973      3.333      4.834     6.0729  0.000e+00
      3.319     -0.059    11.4276     91.984     38.061  23.654202    10.8258      7.211   318.3675 1.9126e+00     7.2522      3.254      4.720     6.0729  0.000e+00
      3.307     -0.094    11.4085     91.830     38.151  23.710007    10.7928      7.212   318.6325 1.8574e+00     7.4175      3.243      4.703     6.0728  0.000e+00
      3.307     -0.118    11.3898     91.681     38.150  23.710007     9.6576      7.214   320.4497 1.9010e+00     7.1770      3.243      4.704     6.0730  0.000e+00
