Data/DataNotYetUploadedToEDI/Raw_CTD/RawDownloads/022724_fcr50_S7809005.cnv
* Sea-Bird SBE19plus  Data File:
* FileName = C:\R\Reservoirs\Data\DataNotYetUploadedToEDI\Raw_CTD\RawDownloads\022724_fcr50_S7809_0005.hex
* Software version 2.8.0.119
* Temperature SN = 7809
* Conductivity SN = 7809
* System UpLoad Time = Feb 28 2024 09:38:18
* <ApplicationData>
* <Seaterm232>
# nquan = 15
# nvalues = 1413                                  
# units = specified
# name 0 = depFM: Depth [fresh water, m]
# name 1 = dz/dtM: Descent Rate [m/s]
# name 2 = sbeox0Mg/L: Oxygen, SBE 43 [mg/l]
# name 3 = sbeox0PS: Oxygen, SBE 43 [% saturation]
# name 4 = specc: Specific Conductance [uS/cm]
# name 5 = c0uS/cm: Conductivity [uS/cm]
# name 6 = flECO-AFL: Fluorescence, WET Labs ECO-AFL/FL [mg/m^3]
# name 7 = ph: pH
# name 8 = orp: Oxidation Reduction Potential [mV]
# name 9 = par/sat/log: PAR/Logarithmic, Satlantic
# name 10 = turbWETntu0: Turbidity, WET Labs ECO [NTU]
# name 11 = prdM: Pressure, Strain Gauge [db]
# name 12 = prdE: Pressure, Strain Gauge [psi]
# name 13 = tv290C: Temperature [ITS-90, deg C]
# name 14 = flag:  0.000e+00
# span 0 =     -0.719,      9.392                 
# span 1 =     -0.241,      0.272                 
# span 2 =     8.9814,    12.0424                 
# span 3 =     72.740,    100.499                 
# span 4 =      0.627,     77.415                 
# span 5 =   0.424910,  50.877120                 
# span 6 =    -0.1973,    13.9972                 
# span 7 =      5.421,      7.340                 
# span 8 =    -5.0091,   369.5127                 
# span 9 = 1.2356e-01, 1.7824e+02                 
# span 10 =     0.6540,    27.4828                
# span 11 =     -0.705,      9.211                
# span 12 =     -1.023,     13.359                
# span 13 =     6.0659,     8.9044                
# span 14 = 0.0000e+00, 0.0000e+00                
# interval = seconds: 0.25
# start_time = Feb 27 2024 14:21:00 [Instrument's time stamp, header]
# bad_flag = -9.990e-29
*END*
[from data line 97]
     -0.134      0.001    11.6828     97.538     67.200  43.725809     8.6468      7.164   266.0488 1.2141e+02     6.9065     -0.131     -0.190     7.5321  0.000e+00
     -0.134      0.001    11.6800     97.523     67.193  43.725808     8.6871      7.161   266.1245 1.2732e+02     6.7562     -0.131     -0.190     7.5356  0.000e+00
     -0.134      0.000    11.6808     97.539     67.100  43.669948     8.6028      7.159   267.6767 1.2584e+02     6.7261     -0.131     -0.190     7.5392  0.000e+00
     -0.133      0.000    11.6840     97.574     67.178  43.725807     8.4051      7.155   268.3203 1.2679e+02     6.8764     -0.131     -0.190     7.5428  0.000e+00
     -0.134      0.000    11.6810     97.559     67.257  43.781667     8.3795      7.152   266.1624 1.2381e+02     6.9366     -0.131     -0.190     7.5464  0.000e+00
     -0.134     -0.000    11.6792     97.552     67.335  43.837527     8.4271      7.150   266.6167 1.2399e+02     6.8915     -0.132     -0.191     7.5501  0.000e+00
     -0.137     -0.001    11.6821     97.585     67.885  44.200623     8.4051      7.146   266.9952 1.2896e+02     6.8464     -0.134     -0.194     7.5535  0.000e+00
     -0.138     -0.002    11.6799     97.573     67.064  43.669945     8.4161      7.149   267.9795 1.2499e+02     6.6961     -0.135     -0.196     7.5564  0.000e+00
     -0.138     -0.002    11.6721     97.515     66.972  43.614085     8.4747      7.147   268.3581 1.2871e+02     6.8915     -0.135     -0.196     7.5596  0.000e+00
     -0.138     -0.003    11.6717     97.519     67.395  43.893386     8.4344      7.145   267.7903 1.2630e+02     6.6961     -0.135     -0.196     7.5626  0.000e+00
     -0.138     -0.003    11.6697     97.510     67.603  44.033037     8.4930      7.143   267.9417 1.2843e+02     6.9065     -0.135     -0.196     7.5656  0.000e+00
     -0.138     -0.003    11.6659     97.485     67.597  44.033037     8.4197      7.144   267.7903 1.2513e+02     6.4556     -0.135     -0.196     7.5686  0.000e+00
     -0.139     -0.002    11.6678     97.509     67.376  43.893384     8.4051      7.140   268.4338 1.2660e+02     6.5458     -0.136     -0.197     7.5717  0.000e+00
     -0.138     -0.001    11.6622     97.470     67.026  43.669943     8.4088      7.136   268.3581 1.2491e+02     6.6510     -0.135     -0.196     7.5752  0.000e+00
     -0.138     -0.000    11.6563     97.429     66.933  43.614082     8.3868      7.136   269.6453 1.2666e+02     6.5608     -0.135     -0.196     7.5787  0.000e+00
     -0.137      0.000    11.6534     97.413     67.098  43.725802     8.4673      7.134   268.8124 1.2594e+02     6.9516     -0.135     -0.195     7.5819  0.000e+00
     -0.137      0.000    11.6602     97.476     67.092  43.725801     8.4783      7.130   269.3045 1.2252e+02     6.7261     -0.134     -0.195     7.5845  0.000e+00
     -0.138      0.000    11.6561     97.448     66.701  43.474432     8.4600      7.129   269.8724 1.2518e+02     6.7712     -0.135     -0.196     7.5873  0.000e+00
     -0.136      0.001    11.6533     97.431     66.609  43.418572     8.4271      7.125   269.3045 1.2625e+02     6.8163     -0.134     -0.194     7.5902  0.000e+00
     -0.136      0.001    11.6585     97.482     66.604  43.418572     8.4380      7.126   271.2731 1.2453e+02     6.9967     -0.133     -0.193     7.5929  0.000e+00
     -0.133      0.002    11.6567     97.472     66.428  43.306853     8.4014      7.123   270.8945 1.2486e+02     6.8764     -0.131     -0.190     7.5952  0.000e+00
     -0.128      0.004    11.6576     97.484     66.252  43.195135     8.4124      7.123   271.7653 1.2370e+02     6.7111     -0.126     -0.182     7.5972  0.000e+00
     -0.125      0.006    11.6623     97.527     68.134  44.424063     8.3721      7.117   270.8567 1.2564e+02     6.7562     -0.123     -0.178     7.5985  0.000e+00
     -0.125      0.007    11.6551     97.467     68.348  44.563719     8.3904      7.116   270.8567 1.2510e+02     6.7111     -0.122     -0.177     7.5986  0.000e+00
     -0.125      0.008    11.6612     97.520     67.490  44.005102     8.6175      7.115   273.6581 1.2456e+02     6.8163     -0.122     -0.177     7.5994  0.000e+00
     -0.125      0.008    11.6610     97.524     67.057  43.725799     8.6395      7.114   273.3553 1.2513e+02     6.8764     -0.123     -0.178     7.6018  0.000e+00
     -0.124      0.007    11.6629     97.544     67.139  43.781659     8.6578      7.111   273.7717 1.2199e+02     6.6961     -0.121     -0.176     7.6033  0.000e+00
     -0.124      0.005    11.6695     97.602     67.394  43.949240     8.5992      7.112   272.6738 1.2268e+02     6.7261     -0.122     -0.177     7.6045  0.000e+00
     -0.124      0.003    11.6602     97.528     67.390  43.949240     8.5992      7.109   272.5981 1.2389e+02     7.1620     -0.122     -0.177     7.6065  0.000e+00
     -0.124      0.001    11.6683     97.603     67.298  43.893379     8.5699      7.109   274.1881 1.2521e+02     6.9816     -0.122     -0.177     7.6094  0.000e+00
     -0.124      0.000    11.6636     97.572     67.206  43.837518     8.5845      7.108   274.9453 1.2234e+02     7.1620     -0.122     -0.177     7.6126  0.000e+00
     -0.123      0.000    11.6704     97.636     66.857  43.614077     8.5955      7.108   274.7560 1.2348e+02     7.0418     -0.121     -0.175     7.6154  0.000e+00
     -0.122      0.001    11.6664     97.608     67.366  43.949238     8.6321      7.106   275.2481 1.2469e+02     6.7261     -0.119     -0.173     7.6177  0.000e+00
     -0.123      0.001    11.6641     97.592     67.363  43.949238     8.6138      7.106   274.8696 1.2340e+02     6.9516     -0.121     -0.175     7.6195  0.000e+00
     -0.123      0.001    11.6671     97.623     67.101  43.781656     8.6102      7.101   273.7338 1.2131e+02     6.7261     -0.121     -0.175     7.6220  0.000e+00
     -0.123      0.001    11.6659     97.621     66.453  43.362708     8.6468      7.101   275.3996 1.2402e+02     6.7863     -0.120     -0.174     7.6249  0.000e+00
     -0.120      0.002    11.6734     97.687     65.893  42.999627     8.7457      7.101   275.5888 1.2346e+02     6.6660     -0.118     -0.171     7.6266  0.000e+00
     -0.117      0.003    11.6651     97.617     66.921  43.669935     8.7383      7.100   276.3460 1.2562e+02     6.7863     -0.115     -0.167     7.6262  0.000e+00
     -0.117      0.003    11.6636     97.600     66.625  43.474427     8.7347      7.099   277.0274 1.2402e+02     6.8764     -0.115     -0.167     7.6245  0.000e+00
     -0.118      0.003    11.6628     97.593     65.855  42.971698     8.7164      7.095   273.8096 1.2340e+02     6.7412     -0.115     -0.167     7.6244  0.000e+00
     -0.117      0.003    11.6602     97.565     65.474  42.720339     8.9361      7.092   274.8317 1.2218e+02     7.1169     -0.115     -0.167     7.6220  0.000e+00
     -0.117      0.003    11.6613     97.563     65.013  42.413126     8.9617      7.088   274.9074 1.2843e+02     6.9366     -0.115     -0.167     7.6173  0.000e+00
     -0.116      0.003    11.6599     97.540     64.766  42.245558     8.9068      7.090   276.7246 1.2031e+02     6.9967     -0.114     -0.165     7.6124  0.000e+00
     -0.118      0.002    11.6582     97.514     64.390  41.994208     8.8995      7.086   277.2924 1.2354e+02     6.9816     -0.115     -0.167     7.6076  0.000e+00
     -0.116      0.001    11.6604     97.519     63.758  41.575298     8.9068      7.088   272.1438 1.2421e+02     7.0117     -0.113     -0.164     7.6024  0.000e+00
     -0.112      0.002    11.6717     97.596     63.600  41.463591     9.3096      7.087   273.2796 1.2381e+02     6.8464     -0.110     -0.159     7.5953  0.000e+00
     -0.110      0.003    11.6686     97.547     64.519  42.050067     9.3096      7.082   273.0524 1.2467e+02     6.7261     -0.108     -0.157     7.5855  0.000e+00
     -0.110      0.004    11.6773     97.610     64.270  41.882501     9.2437      7.075   275.1724 1.2475e+02     6.7412     -0.108     -0.157     7.5813  0.000e+00
     -0.110      0.004    11.6748     97.584     64.017  41.714937     9.2730      7.075   275.3996 1.2364e+02     6.7863     -0.108     -0.157     7.5793  0.000e+00
     -0.110      0.004    11.6811     97.626     64.369  41.938358     9.0716      7.071   273.9610 1.2594e+02     7.4326     -0.108     -0.156     7.5746  0.000e+00
     -0.110      0.004    11.6793     97.603     64.376  41.938358     9.1046      7.070   273.8096 1.2338e+02     7.4175     -0.108     -0.156     7.5712  0.000e+00
     -0.110      0.003    11.6770     97.582     64.377  41.938358     9.0496      7.068   274.1881 1.2236e+02     7.3724     -0.108     -0.156     7.5707  0.000e+00
     -0.110      0.002    11.6816     97.621     64.291  41.882503     9.0277      7.064   274.2638 1.2751e+02     7.2672     -0.108     -0.156     7.5710  0.000e+00
     -0.109      0.001    11.6800     97.609     64.290  41.882503     9.2620      7.062   274.3396 1.2091e+02     7.1921     -0.107     -0.156     7.5714  0.000e+00
     -0.106      0.001    11.6781     97.594     63.732  41.519448     9.2877      7.060   277.1788 1.2099e+02     7.0267     -0.104     -0.151     7.5719  0.000e+00
     -0.100      0.004    11.6741     97.558     65.278  42.524846     9.3096      7.061   275.8917 1.2160e+02     7.1470     -0.098     -0.142     7.5705  0.000e+00
     -0.100      0.005    11.6738     97.538     65.506  42.664490     9.2840      7.057   276.2324 1.1811e+02     7.0418     -0.098     -0.142     7.5634  0.000e+00
     -0.100      0.006    11.6817     97.594     65.128  42.413134     9.1046      7.057   274.5667 1.2480e+02     7.2823     -0.098     -0.142     7.5593  0.000e+00
     -0.087      0.010    11.6807     97.580     62.945  40.988844     9.1119      7.055   273.1281 1.0877e+02     7.4175     -0.086     -0.124     7.5573  0.000e+00
     -0.066      0.018    11.6737     97.485     66.709  43.418579     9.0789      7.039   278.3524 1.1518e+02     7.3123     -0.064     -0.094     7.5416  0.000e+00
     -0.061      0.024    11.6911     97.552     68.065  44.256491     9.1119      7.008   276.7624 1.0773e+02     7.3273     -0.059     -0.086     7.5086  0.000e+00
     -0.061      0.027    11.6955     97.598     66.038  42.943785     8.5992      6.993   276.5731 1.1271e+02     7.1921     -0.059     -0.086     7.5126  0.000e+00
     -0.050      0.030    11.7135     97.778     63.393  41.240186     8.5552      6.983   276.4596 1.0247e+02     7.2672     -0.049     -0.072     7.5257  0.000e+00
     -0.021      0.037    11.7115     97.747     64.650  42.050076     8.5845      6.972   273.8096 1.0745e+02     7.4927     -0.020     -0.030     7.5195  0.000e+00
     -0.010      0.044    11.7342     97.851     69.236  44.982709     8.5699      6.957   278.4660 1.0256e+02     7.2372     -0.010     -0.014     7.4834  0.000e+00
     -0.010      0.045    11.7537     98.006     68.038  44.200634     8.5516      6.957   278.8067 1.0577e+02     7.2973     -0.010     -0.014     7.4806  0.000e+00
     -0.010      0.041    11.7626     98.123     66.712  43.362726     8.9471      6.956   278.8824 1.0150e+02     7.0267     -0.009     -0.014     7.4982  0.000e+00
      0.009      0.039    11.7845     98.281     63.551  41.296045     8.9434      6.962   276.7246 9.7441e+01     7.0117      0.009      0.013     7.4885  0.000e+00
      0.034      0.045    11.8009     98.373     66.513  43.195154     8.9215      6.960   277.2924 9.6181e+01     7.1320      0.034      0.049     7.4696  0.000e+00
      0.042      0.047    11.8191     98.495     68.775  44.647534     8.9031      6.955   277.0274 9.6788e+01     7.0718      0.041      0.059     7.4572  0.000e+00
      0.042      0.043    11.8199     98.595     67.189  43.669955     8.8299      6.957   278.3146 9.6390e+01     6.9666      0.041      0.060     7.4959  0.000e+00
      0.043      0.036    11.8372     98.807     65.844  42.832068     8.8446      6.957   277.8224 9.5329e+01     6.7412      0.042      0.061     7.5237  0.000e+00
      0.067      0.039    11.8540     98.931     61.176  39.788055     8.7896      6.962   278.7310 8.8054e+01     6.6810      0.066      0.095     7.5176  0.000e+00
      0.114      0.052    11.8774     99.064     62.083  40.346559     8.7750      6.962   279.2989 8.4719e+01     6.7261      0.111      0.161     7.4920  0.000e+00
      0.132      0.062    11.8990     99.142     67.543  43.837542     8.7347      6.955   274.6046 8.5328e+01     7.1019      0.129      0.187     7.4496  0.000e+00
      0.131      0.062    11.9134     99.304     66.346  43.083438     8.7676      6.951   276.0431 8.4536e+01     7.2071      0.129      0.187     7.4669  0.000e+00
      0.133      0.060    11.9208     99.488     64.010  41.631165     8.7640      6.951   275.3996 8.4042e+01     6.9666      0.131      0.190     7.5173  0.000e+00
      0.150      0.062    11.9264     99.593     62.634  40.765438     8.7530      6.953   278.2389 8.1954e+01     6.9816      0.147      0.214     7.5409  0.000e+00
      0.167      0.064    11.9517     99.789     65.178  42.413139     8.8299      6.944   278.3903 8.1263e+01     6.9516      0.163      0.237     7.5346  0.000e+00
      0.168      0.057    11.9734     99.941     65.803  42.804140     8.7896      6.934   273.2038 8.1493e+01     6.7562      0.164      0.239     7.5225  0.000e+00
      0.169      0.043    11.9838    100.115     65.217  42.468992     8.8336      6.930   273.8474 8.1299e+01     6.8915      0.165      0.240     7.5582  0.000e+00
      0.182      0.032    11.9904    100.253     63.693  41.519447     8.8446      6.937   274.0367 7.6691e+01     6.7261      0.179      0.259     7.5917  0.000e+00
      0.228      0.041    12.0057    100.362     60.622  39.508803     8.8592      6.934   277.5196 7.3054e+01     6.7562      0.224      0.324     7.5845  0.000e+00
      0.254      0.055    12.0306    100.485     65.234  42.468994     8.8812      6.925   276.8760 7.3610e+01     6.8764      0.249      0.361     7.5494  0.000e+00
      0.253      0.061    12.0424    100.499     50.058  32.556876     8.8738      6.921   276.3838 7.3149e+01     6.8614      0.248      0.360     7.5172  0.000e+00
      0.254      0.059    11.9429     99.536     41.930  27.225896     8.8958      6.921   275.8160 7.3339e+01     6.8915      0.249      0.361     7.4643  0.000e+00
      0.256      0.056    11.9110     98.961     43.000  27.811968     8.8519      6.924   275.9674 7.2281e+01     6.6810      0.251      0.365     7.3377  0.000e+00
      0.295      0.061    11.8982     98.648     43.286  27.923608     8.7274      6.930   277.2167 6.6389e+01     6.6810      0.289      0.419     7.2531  0.000e+00
      0.363      0.076    11.8804     98.398     44.295  28.537602     8.7567      6.930   277.5953 6.2844e+01     6.9366      0.356      0.516     7.2113  0.000e+00
      0.391      0.087    11.8448     98.052     43.934  28.286424     8.7823      6.926   278.3146 6.3255e+01     6.9366      0.384      0.557     7.1903  0.000e+00
      0.391      0.086    11.7986     97.679     44.752  28.816696     8.7493      6.926   278.3524 6.3131e+01     6.8313      0.383      0.556     7.1940  0.000e+00
      0.392      0.088    11.7069     96.939     44.871  28.900424     8.7017      6.931   280.8510 6.3145e+01     7.0117      0.384      0.557     7.2023  0.000e+00
      0.391      0.087    11.6028     96.074     44.743  28.816696     8.6358      6.928   280.1317 6.2995e+01     6.9666      0.384      0.557     7.2006  0.000e+00
      0.392      0.077    11.4823     95.067     44.575  28.705058     8.7054      6.929   280.4346 6.3186e+01     7.1320      0.385      0.558     7.1968  0.000e+00
      0.392      0.058    11.3271     93.789     44.831  28.872515     8.7054      6.928   280.6617 6.3241e+01     7.1770      0.384      0.558     7.1999  0.000e+00
