Data/DataNotYetUploadedToEDI/Raw_CTD/RawDownloads/022822_ccr50_0001.cnv
* Sea-Bird SBE19plus  Data File:
* FileName = C:\R\Reservoirs\Data\DataNotYetUploadedToEDI\Raw_CTD\RawDownloads\022822_ccr50_0001.hex
* Software version 2.8.0.119
* Temperature SN = 7809
* Conductivity SN = 7809
* System UpLoad Time = Feb 28 2022 17:07:54
* <ApplicationData>
* <Seaterm232>
# nquan = 16
# nvalues = 2831                                  
# units = specified
# name 0 = depFM: Depth [fresh water, m]
# name 1 = dz/dtM: Descent Rate [m/s]
# name 2 = orp: Oxidation Reduction Potential [mV]
# name 3 = sbeox0Mg/L: Oxygen, SBE 43 [mg/l]
# name 4 = sbeox0PS: Oxygen, SBE 43 [% saturation]
# name 5 = par/sat/log: PAR/Logarithmic, Satlantic
# name 6 = ph: pH
# name 7 = specc: Specific Conductance [uS/cm]
# name 8 = c0uS/cm: Conductivity [uS/cm]
# name 9 = flECO-AFL: Fluorescence, WET Labs ECO-AFL/FL [mg/m^3]
# name 10 = turbWETntu0: Turbidity, WET Labs ECO [NTU]
# name 11 = tv290C: Temperature [ITS-90, deg C]
# name 12 = density00: Density [density, kg/m^3]
# name 13 = prdE: Pressure, Strain Gauge [psi]
# name 14 = prdM: Pressure, Strain Gauge [db]
# name 15 = flag:  0.000e+00
# span 0 =     -0.426,     21.312                 
# span 1 =     -0.452,      0.287                 
# span 2 = -1240.7455,   326.5826                 
# span 3 =     5.8803,    12.6558                 
# span 4 =     46.609,    102.246                 
# span 5 = 1.2348e-01, 4.3030e+03                 
# span 6 =     -2.735,      7.489                 
# span 7 =      9.116,    162.091                 
# span 8 =   6.936306,  98.756860                 
# span 9 =    -0.1314,   233.6502                 
# span 10 =   -11.6708,    55.2584                
# span 11 =     5.3491,    13.0459                
# span 12 =   999.3783,  1000.1205                
# span 13 =     -0.606,     30.312                
# span 14 =     -0.418,     20.899                
# span 15 = 0.0000e+00, 0.0000e+00                
# interval = seconds: 0.25
# start_time = Feb 28 2022 08:39:25 [Instrument's time stamp, header]
# bad_flag = -9.990e-29
*END*
[from data line 1718]
     13.232      0.065   320.9797    12.4354     99.176 2.3855e-01      7.441    101.987  62.626703     3.2414     2.7432     5.7019  1000.0519     18.821     12.976  0.000e+00
     13.241      0.065   321.2447    12.4383     99.199 2.4378e-01      7.443    101.897  62.570824     3.2744     2.6830     5.7016  1000.0519     18.832     12.985  0.000e+00
     13.254      0.065   320.9418    12.4291     99.125 2.6502e-01      7.445    101.987  62.626703     3.3916     2.8033     5.7018  1000.0520     18.851     12.998  0.000e+00
     13.277      0.066   320.9797    12.4242     99.087 2.8772e-01      7.444    102.033  62.654642     3.4136     2.7882     5.7019  1000.0521     18.884     13.020  0.000e+00
     13.301      0.066   321.0554    12.4280     99.118 2.2982e-01      7.441    101.895  62.570824     3.4062     2.9235     5.7022  1000.0522     18.918     13.044  0.000e+00
     13.315      0.065   321.0933    12.4498     99.290 2.4246e-01      7.444    101.897  62.570824     3.3660     2.6680     5.7016  1000.0523     18.939     13.058  0.000e+00
     13.320      0.062   321.3961    12.4657     99.414 2.2630e-01      7.443    101.900  62.570824     3.4282     2.6830     5.7006  1000.0523     18.946     13.063  0.000e+00
     13.325      0.058   320.9418    12.4668     99.421 2.2967e-01      7.444    101.948  62.598764     3.4575     2.7882     5.6999  1000.0524     18.953     13.068  0.000e+00
     13.338      0.056   321.0933    12.4672     99.424 2.8069e-01      7.444    101.994  62.626704     3.4319     2.7882     5.6997  1000.0525     18.971     13.080  0.000e+00
     13.361      0.056   321.1311    12.4600     99.367 2.0446e-01      7.447    101.994  62.626704     3.4465     2.9085     5.6999  1000.0526     19.003     13.102  0.000e+00
     13.380      0.055   320.8661    12.4647     99.406 2.1348e-01      7.446    102.083  62.682583     3.6809     2.6981     5.7004  1000.0527     19.031     13.121  0.000e+00
     13.394      0.053   321.0175    12.4782     99.513 2.4511e-01      7.443    102.037  62.654643     3.6809     2.7281     5.7005  1000.0527     19.050     13.135  0.000e+00
     13.399      0.051   320.7525    12.4711     99.457 2.3902e-01      7.444    101.991  62.626704     3.6662     2.7281     5.7006  1000.0527     19.058     13.140  0.000e+00
     13.405      0.051   321.1311    12.4667     99.422 2.2630e-01      7.446    101.900  62.570825     3.6662     2.8484     5.7006  1000.0527     19.066     13.145  0.000e+00
     13.411      0.049   320.8661    12.4652     99.411 2.2952e-01      7.445    102.082  62.682583     3.6809     2.7882     5.7007  1000.0528     19.074     13.151  0.000e+00
     13.421      0.046   321.1690    12.4569     99.345 2.3308e-01      7.444    102.036  62.654643     3.5637     2.6229     5.7010  1000.0529     19.089     13.162  0.000e+00
     13.440      0.043   321.0933    12.4509     99.298 2.1339e-01      7.447    101.989  62.626704     3.5784     2.7131     5.7013  1000.0529     19.116     13.180  0.000e+00
     13.462      0.043   321.4340    12.4541     99.325 1.7896e-01      7.444    101.896  62.570825     3.5637     2.4876     5.7019  1000.0530     19.148     13.202  0.000e+00
     13.481      0.046   321.2825    12.4592     99.366 1.8828e-01      7.447    102.033  62.654644     3.5637     2.4876     5.7019  1000.0531     19.175     13.221  0.000e+00
     13.488      0.050   321.4340    12.4668     99.421 1.9154e-01      7.446    101.994  62.626705     3.3513     2.8784     5.6999  1000.0532     19.184     13.227  0.000e+00
     13.488      0.052   320.9418    12.4728     99.466 1.8245e-01      7.446    101.906  62.570826     3.3696     2.7582     5.6989  1000.0532     19.185     13.228  0.000e+00
     13.489      0.049   321.3583    12.4595     99.360 2.2635e-01      7.447    101.998  62.626705     3.3916     2.8033     5.6987  1000.0532     19.186     13.229  0.000e+00
     13.496      0.044   321.1690    12.4349     99.164 2.0750e-01      7.445    101.861  62.542886     3.3952     2.9085     5.6987  1000.0532     19.195     13.235  0.000e+00
     13.508      0.038   321.1690    12.4227     99.066 2.0781e-01      7.444    101.907  62.570826     3.2451     2.5177     5.6987  1000.0533     19.214     13.247  0.000e+00
     13.531      0.035   321.2447    12.4090     98.958 1.7562e-01      7.444    101.996  62.626705     3.2414     2.4576     5.6991  1000.0534     19.246     13.269  0.000e+00
     13.550      0.036   321.3961    12.4085     98.955 2.1632e-01      7.445    102.086  62.682584     3.3074     2.6379     5.6994  1000.0535     19.273     13.288  0.000e+00
     13.566      0.041   321.1690    12.4212     99.057 2.1674e-01      7.447    102.130  62.710524     3.2488     2.5628     5.6999  1000.0536     19.295     13.303  0.000e+00
     13.579      0.049   321.2447    12.4217     99.062 1.5419e-01      7.446    102.083  62.682584     3.3916     2.7882     5.7004  1000.0536     19.313     13.316  0.000e+00
     13.598      0.058   321.3204    12.4236     99.079 1.6050e-01      7.446    101.991  62.626705     3.3916     2.7582     5.7008  1000.0537     19.342     13.336  0.000e+00
     13.619      0.066   321.5475    12.4136     98.998 1.8573e-01      7.444    102.083  62.682584     3.3769     2.7882     5.7005  1000.0538     19.371     13.356  0.000e+00
     13.640      0.070   321.2825    12.4245     99.085 1.8869e-01      7.446    102.129  62.710524     3.3879     2.8333     5.7001  1000.0540     19.401     13.376  0.000e+00
     13.659      0.072   321.1311    12.4267     99.101 1.8637e-01      7.446    102.085  62.682585     3.6296     3.2091     5.6997  1000.0540     19.428     13.395  0.000e+00
     13.676      0.072   321.3961    12.4406     99.211 1.6026e-01      7.447    102.086  62.682585     3.6223     3.2091     5.6995  1000.0541     19.451     13.411  0.000e+00
     13.694      0.072   321.4340    12.4558     99.332 1.6384e-01      7.446    102.087  62.682585     3.6186     3.1941     5.6992  1000.0542     19.478     13.429  0.000e+00
     13.727      0.078   321.3583    12.4618     99.380 1.7566e-01      7.451    102.133  62.710525     3.6077     3.2391     5.6991  1000.0544     19.524     13.462  0.000e+00
     13.758      0.084   321.3583    12.4773     99.502 1.7297e-01      7.450    101.998  62.626706     3.4282     3.2091     5.6987  1000.0545     19.568     13.492  0.000e+00
     13.782      0.089   321.3961    12.4640     99.393 1.4745e-01      7.450    101.910  62.570828     3.4319     3.1640     5.6977  1000.0546     19.602     13.515  0.000e+00
     13.806      0.093   321.3204    12.4640     99.391 1.5081e-01      7.450    101.958  62.598767     3.4355     3.1339     5.6968  1000.0548     19.636     13.539  0.000e+00
     13.820      0.094   321.3961    12.4405     99.200 1.4435e-01      7.448    101.826  62.514949     3.4392     3.2842     5.6956  1000.0548     19.657     13.553  0.000e+00
     13.829      0.091   321.1690    12.4261     99.081 1.6033e-01      7.447    101.832  62.514950     3.4355     3.1039     5.6939  1000.0549     19.669     13.561  0.000e+00
     13.848      0.087   321.1690    12.4240     99.063 1.5091e-01      7.449    101.743  62.459071     3.2890     2.8333     5.6930  1000.0550     19.696     13.580  0.000e+00
     13.877      0.083   321.4718    12.4212     99.039 1.6948e-01      7.449    101.790  62.487011     3.2671     2.8784     5.6927  1000.0552     19.738     13.609  0.000e+00
     13.906      0.080   321.2447    12.4335     99.137 1.5101e-01      7.449    101.927  62.570829     3.2671     2.8484     5.6925  1000.0554     19.779     13.637  0.000e+00
     13.925      0.079   321.2825    12.4230     99.054 1.4441e-01      7.449    101.926  62.570830     3.2671     3.0438     5.6927  1000.0555     19.806     13.655  0.000e+00
     13.931      0.077   321.3204    12.4249     99.070 1.4419e-01      7.450    101.834  62.514951     3.3843     2.9686     5.6931  1000.0554     19.814     13.661  0.000e+00
     13.928      0.070   321.2068    12.4023     98.890 1.3158e-01      7.450    101.880  62.542890     3.4062     2.9536     5.6929  1000.0554     19.811     13.659  0.000e+00
     13.932      0.063   321.4340    12.3865     98.762 1.4758e-01      7.452    102.018  62.626709     3.3843     2.8033     5.6926  1000.0555     19.816     13.663  0.000e+00
     13.949      0.056   321.2068    12.3741     98.665 1.5114e-01      7.454    101.834  62.514951     3.3696     2.9536     5.6932  1000.0555     19.840     13.679  0.000e+00
     13.977      0.052   321.3204    12.3744     98.668 1.4404e-01      7.450    101.834  62.514951     3.3000     2.5928     5.6932  1000.0557     19.880     13.707  0.000e+00
     14.003      0.050   321.3961    12.3895     98.787 1.4764e-01      7.452    101.790  62.487012     3.2781     2.6079     5.6927  1000.0558     19.917     13.732  0.000e+00
     14.021      0.053   321.5097    12.4063     98.919 1.4739e-01      7.451    101.746  62.459073     3.3037     2.5778     5.6923  1000.0559     19.942     13.749  0.000e+00
     14.028      0.057   321.9640    12.4312     99.118 1.2385e-01      7.452    101.746  62.459073     3.2707     2.4576     5.6923  1000.0559     19.953     13.757  0.000e+00
     14.037      0.063   321.5475    12.4467     99.240 1.4082e-01      7.451    101.884  62.542891     3.4099     2.7432     5.6918  1000.0560     19.966     13.766  0.000e+00
     14.043      0.064   321.5854    12.4572     99.322 1.6384e-01      7.452    101.750  62.459073     3.4392     2.7882     5.6910  1000.0560     19.973     13.771  0.000e+00
     14.043      0.057   321.6611    12.4634     99.368 1.4404e-01      7.452    101.846  62.514952     3.4136     2.7281     5.6896  1000.0561     19.974     13.771  0.000e+00
     14.040      0.043   321.7368    12.4718     99.430 1.4009e-01      7.453    101.761  62.459074     3.4538     2.7882     5.6877  1000.0561     19.969     13.768  0.000e+00
     14.043      0.028   321.3961    12.4691     99.408 1.2377e-01      7.454    101.808  62.487013     3.2414     2.5327     5.6874  1000.0561     19.974     13.771  0.000e+00
     14.068      0.023   321.3961    12.4708     99.423 1.3047e-01      7.454    101.760  62.459074     3.2195     2.6830     5.6879  1000.0562     20.010     13.796  0.000e+00
     14.105      0.030   321.6611    12.4555     99.299 1.2684e-01      7.450    101.762  62.459074     3.2158     2.5628     5.6873  1000.0564     20.062     13.832  0.000e+00
     14.143      0.047   321.7368    12.4438     99.204 1.4771e-01      7.452    101.673  62.403196     3.2012     2.4425     5.6868  1000.0566     20.115     13.869  0.000e+00
     14.163      0.062   321.5475    12.4324     99.109 1.3359e-01      7.454    101.725  62.431136     3.2524     2.8183     5.6849  1000.0567     20.145     13.889  0.000e+00
     14.171      0.075   321.4340    12.4299     99.085 1.2795e-01      7.455    101.776  62.459075     3.2817     3.0738     5.6833  1000.0568     20.156     13.897  0.000e+00
     14.186      0.084   321.6233    12.4372     99.141 1.4432e-01      7.451    101.687  62.403197     3.2817     3.0588     5.6827  1000.0569     20.177     13.912  0.000e+00
     14.209      0.090   321.6233    12.4417     99.177 1.2375e-01      7.454    101.778  62.459076     3.2634     3.0137     5.6826  1000.0570     20.210     13.934  0.000e+00
     14.236      0.090   321.4340    12.4502     99.245 1.2393e-01      7.455    101.915  62.542894     3.2451     2.8634     5.6826  1000.0572     20.248     13.960  0.000e+00
     14.259      0.086   322.0775    12.4549     99.280 1.5091e-01      7.454    101.872  62.514955     3.5344     2.7131     5.6818  1000.0573     20.281     13.983  0.000e+00
     14.277      0.080   322.0775    12.4474     99.218 1.2393e-01      7.456    101.966  62.570834     3.5564     2.8333     5.6810  1000.0575     20.306     14.000  0.000e+00
     14.287      0.075   322.2290    12.4516     99.251 1.2367e-01      7.455    101.876  62.514955     3.5527     2.8484     5.6805  1000.0575     20.321     14.011  0.000e+00
     14.295      0.072   322.0775    12.4482     99.225 1.2391e-01      7.455    101.920  62.542895     3.5674     2.8935     5.6809  1000.0575     20.332     14.018  0.000e+00
     14.303      0.069   322.3047    12.4550     99.279 1.2383e-01      7.456    101.875  62.514955     3.5124     2.8183     5.6809  1000.0576     20.344     14.027  0.000e+00
     14.318      0.063   322.0018    12.4476     99.220 1.2380e-01      7.453    101.875  62.514955     3.5161     2.8183     5.6808  1000.0576     20.365     14.041  0.000e+00
     14.340      0.057   321.8883    12.4534     99.266 1.2385e-01      7.454    101.875  62.514956     3.4868     2.8484     5.6809  1000.0577     20.396     14.063  0.000e+00
     14.367      0.057   321.8883    12.4666     99.372 1.2380e-01      7.457    101.920  62.542895     3.4722     2.6530     5.6810  1000.0579     20.435     14.089  0.000e+00
     14.388      0.060   322.0397    12.4812     99.488 1.2385e-01      7.457    102.056  62.626714     3.3147     2.9085     5.6810  1000.0580     20.465     14.110  0.000e+00
     14.403      0.065   321.7368    12.5021     99.650 1.2372e-01      7.455    102.063  62.626714     3.3513     2.8784     5.6790  1000.0582     20.486     14.125  0.000e+00
     14.413      0.069   322.2668    12.4928     99.570 1.2537e-01      7.455    102.116  62.654654     3.3367     2.9836     5.6768  1000.0583     20.500     14.135  0.000e+00
     14.423      0.069   322.2290    12.4965     99.597 1.2380e-01      7.455    102.074  62.626715     3.3220     2.8183     5.6757  1000.0583     20.514     14.144  0.000e+00
     14.437      0.068   321.8504    12.4798     99.463 1.2375e-01      7.455    102.074  62.626715     3.2597     2.8033     5.6757  1000.0584     20.535     14.158  0.000e+00
     14.459      0.065   321.8125    12.4748     99.422 1.2391e-01      7.455    102.076  62.626715     3.2964     2.8033     5.6752  1000.0585     20.566     14.180  0.000e+00
     14.489      0.065   321.8125    12.4852     99.498 1.2380e-01      7.455    102.132  62.654656     3.2671     2.8784     5.6721  1000.0588     20.608     14.208  0.000e+00
     14.519      0.068   322.1533    12.4911     99.529 1.2385e-01      7.456    102.106  62.626717     3.2817     2.7432     5.6661  1000.0591     20.651     14.238  0.000e+00
     14.548      0.077   322.1533    12.5045     99.632 1.2385e-01      7.453    102.203  62.682597     3.4795     2.8183     5.6644  1000.0593     20.692     14.267  0.000e+00
     14.575      0.087   322.3047    12.5064     99.641 1.2396e-01      7.458    101.938  62.514961     3.4905     2.9536     5.6619  1000.0594     20.731     14.293  0.000e+00
     14.598      0.097   321.9261    12.5122     99.666 1.2396e-01      7.457    102.010  62.542902     3.4722     2.9836     5.6539  1000.0597     20.764     14.316  0.000e+00
     14.624      0.103   322.3426    12.5210     99.718 1.2375e-01      7.458    101.989  62.514964     3.4795     3.0137     5.6466  1000.0601     20.801     14.341  0.000e+00
     14.652      0.107   322.1533    12.5181     99.684 1.2391e-01      7.458    102.002  62.514965     3.3586     2.7882     5.6425  1000.0603     20.840     14.369  0.000e+00
     14.671      0.104   322.3047    12.5014     99.543 1.2361e-01      7.457    101.922  62.459087     3.3440     2.6079     5.6393  1000.0604     20.866     14.387  0.000e+00
     14.670      0.094   322.2290    12.4662     99.254 1.2369e-01      7.459    101.978  62.487027     3.3513     2.6981     5.6360  1000.0605     20.866     14.387  0.000e+00
     14.665      0.078   322.1533    12.4477     99.102 1.2383e-01      7.457    101.940  62.459088     3.3293     2.6680     5.6340  1000.0606     20.859     14.382  0.000e+00
