Data/DataNotYetUploadedToEDI/Raw_CTD/RawDownloads/022822_ccr50_0001.cnv
* Sea-Bird SBE19plus  Data File:
* FileName = C:\R\Reservoirs\Data\DataNotYetUploadedToEDI\Raw_CTD\RawDownloads\022822_ccr50_0001.hex
* Software version 2.8.0.119
* Temperature SN = 7809
* Conductivity SN = 7809
* System UpLoad Time = Feb 28 2022 17:07:54
* <ApplicationData>
* <Seaterm232>
# nquan = 16
# nvalues = 2831                                  
# units = specified
# name 0 = depFM: Depth [fresh water, m]
# name 1 = dz/dtM: Descent Rate [m/s]
# name 2 = orp: Oxidation Reduction Potential [mV]
# name 3 = sbeox0Mg/L: Oxygen, SBE 43 [mg/l]
# name 4 = sbeox0PS: Oxygen, SBE 43 [% saturation]
# name 5 = par/sat/log: PAR/Logarithmic, Satlantic
# name 6 = ph: pH
# name 7 = specc: Specific Conductance [uS/cm]
# name 8 = c0uS/cm: Conductivity [uS/cm]
# name 9 = flECO-AFL: Fluorescence, WET Labs ECO-AFL/FL [mg/m^3]
# name 10 = turbWETntu0: Turbidity, WET Labs ECO [NTU]
# name 11 = tv290C: Temperature [ITS-90, deg C]
# name 12 = density00: Density [density, kg/m^3]
# name 13 = prdE: Pressure, Strain Gauge [psi]
# name 14 = prdM: Pressure, Strain Gauge [db]
# name 15 = flag:  0.000e+00
# span 0 =     -0.426,     21.312                 
# span 1 =     -0.452,      0.287                 
# span 2 = -1240.7455,   326.5826                 
# span 3 =     5.8803,    12.6558                 
# span 4 =     46.609,    102.246                 
# span 5 = 1.2348e-01, 4.3030e+03                 
# span 6 =     -2.735,      7.489                 
# span 7 =      9.116,    162.091                 
# span 8 =   6.936306,  98.756860                 
# span 9 =    -0.1314,   233.6502                 
# span 10 =   -11.6708,    55.2584                
# span 11 =     5.3491,    13.0459                
# span 12 =   999.3783,  1000.1205                
# span 13 =     -0.606,     30.312                
# span 14 =     -0.418,     20.899                
# span 15 = 0.0000e+00, 0.0000e+00                
# interval = seconds: 0.25
# start_time = Feb 28 2022 08:39:25 [Instrument's time stamp, header]
# bad_flag = -9.990e-29
*END*
[from data line 181]
      0.133     -0.010   273.9988    12.4019     99.968 1.4934e+03      6.414    101.016  62.877997     0.5534     2.4275     6.1214   999.9762      0.189      0.130  0.000e+00
      0.144      0.001   274.0746    12.3738     99.709 1.4766e+03      6.417    101.147  62.933880     0.5461     2.5027     6.1085   999.9768      0.205      0.141  0.000e+00
      0.156      0.009   274.1503    12.3373     99.390 1.3283e+03      6.422    101.180  62.933882     0.5644     2.6530     6.0986   999.9771      0.222      0.153  0.000e+00
      0.167      0.017   274.5288    12.3131     99.171 1.3378e+03      6.425    101.031  62.822124     0.5388     2.5628     6.0891   999.9775      0.237      0.163  0.000e+00
      0.174      0.024   274.6424    12.3156     99.173 1.2891e+03      6.428    101.054  62.822126     0.5314     2.5027     6.0820   999.9777      0.247      0.170  0.000e+00
      0.180      0.030   275.5888    12.3244     99.230 1.2462e+03      6.431    101.162  62.878007     0.5754     2.9235     6.0766   999.9780      0.256      0.177  0.000e+00
      0.189      0.034   276.1188    12.3450     99.385 1.3266e+03      6.437    101.086  62.822128     0.5754     3.0137     6.0720   999.9781      0.268      0.185  0.000e+00
      0.198      0.036   276.0431    12.3682     99.555 1.0146e+03      6.438    101.109  62.822129     0.5534     2.8935     6.0651   999.9784      0.282      0.194  0.000e+00
      0.205      0.035   276.3460    12.3605     99.474 1.0321e+03      6.442    101.133  62.822131     0.5241     2.8183     6.0577   999.9787      0.292      0.201  0.000e+00
      0.210      0.032   276.3838    12.3517     99.384 1.3944e+03      6.444    101.157  62.822133     0.5351     2.7732     6.0502   999.9790      0.299      0.206  0.000e+00
      0.214      0.029   277.1410    12.3314     99.201 8.2103e+02      6.447    101.183  62.822134     0.5314     2.5628     6.0425   999.9792      0.305      0.210  0.000e+00
      0.218      0.026   276.4596    12.3244     99.135 2.5811e+02      6.449    101.195  62.822135     0.5534     2.6229     6.0385   999.9794      0.310      0.214  0.000e+00
      0.226      0.025   275.8917    12.3241     99.137 8.2335e+02      6.453    101.189  62.822135     0.5754     2.7432     6.0404   999.9794      0.321      0.221  0.000e+00
      0.233      0.024   275.7781    12.3139     99.059 2.9252e+02      6.454    101.049  62.738315     0.5534     2.5027     6.0420   999.9793      0.331      0.228  0.000e+00
      0.240      0.024   275.8160    12.3151     99.068 1.0463e+03      6.461    101.185  62.822134     0.5278     2.8183     6.0417   999.9794      0.342      0.236  0.000e+00
      0.250      0.024   275.3617    12.3091     99.020 6.7940e+02      6.459    101.050  62.738315     0.5461     2.7582     6.0418   999.9794      0.356      0.245  0.000e+00
      0.258      0.026   276.0053    12.3114     99.039 6.9069e+02      6.460    101.184  62.822134     0.5681     2.8333     6.0422   999.9794      0.367      0.253  0.000e+00
      0.263      0.027   276.8381    12.3265     99.158 4.3345e+02      6.464    101.188  62.822135     0.5131     2.9085     6.0407   999.9795      0.373      0.257  0.000e+00
      0.266      0.028   277.8603    12.3324     99.207 4.6149e+02      6.464    101.050  62.738316     0.5644     2.6830     6.0417   999.9795      0.379      0.261  0.000e+00
      0.264      0.025   278.2010    12.3461     99.314 3.5735e+02      6.468    101.054  62.738316     0.5388     2.5177     6.0407   999.9795      0.375      0.258  0.000e+00
      0.262      0.020   279.2610    12.3463     99.313 7.6847e+02      6.470    101.193  62.822135     0.5168     2.6229     6.0392   999.9796      0.373      0.257  0.000e+00
      0.266      0.015   278.2767    12.3305     99.186 8.8598e+02      6.473    101.103  62.766256     0.5168     2.4876     6.0393   999.9795      0.378      0.261  0.000e+00
      0.270      0.012   277.9739    12.3387     99.253 6.3123e+02      6.472    101.056  62.738316     0.5864     2.6830     6.0399   999.9795      0.385      0.265  0.000e+00
      0.274      0.009   278.0117    12.3434     99.293 1.0140e+03      6.477    101.054  62.738316     0.6047     2.6229     6.0407   999.9795      0.389      0.268  0.000e+00
      0.275      0.008   278.0874    12.3369     99.244 1.0085e+03      6.475    101.184  62.822135     0.6083     2.6229     6.0421   999.9795      0.392      0.270  0.000e+00
      0.276      0.007   278.5039    12.3312     99.199 1.3077e+03      6.481    101.093  62.766255     0.6267     2.6830     6.0425   999.9795      0.392      0.270  0.000e+00
      0.277      0.007   278.2389    12.3144     99.066 1.2799e+03      6.483    101.045  62.738315     0.5388     2.5177     6.0431   999.9795      0.394      0.272  0.000e+00
      0.279      0.009   278.7310    12.3231     99.139 9.1231e+02      6.483    101.042  62.738315     0.5241     2.7131     6.0443   999.9794      0.397      0.274  0.000e+00
      0.284      0.009   280.3967    12.3496     99.354 4.5730e+02      6.484    101.039  62.738315     0.5424     2.7582     6.0451   999.9794      0.404      0.279  0.000e+00
      0.282      0.008   280.0181    12.3552     99.396 5.1592e+02      6.482    101.178  62.822134     0.5388     2.7582     6.0438   999.9795      0.401      0.276  0.000e+00
      0.269      0.003   279.2989    12.3696     99.512 4.0773e+02      6.485    101.043  62.738315     0.5388     2.4876     6.0440   999.9794      0.383      0.264  0.000e+00
      0.260     -0.004   278.5039    12.3594     99.430 8.9603e+02      6.485    101.178  62.822134     0.5241     2.5628     6.0439   999.9794      0.370      0.255  0.000e+00
      0.270     -0.005   277.9739    12.3594     99.434 5.8179e+02      6.491    101.174  62.822134     0.5388     2.5928     6.0452   999.9794      0.384      0.265  0.000e+00
      0.292     -0.001   277.4817    12.3664     99.491 7.0982e+02      6.495    101.036  62.738315     0.5241     2.6379     6.0459   999.9794      0.415      0.286  0.000e+00
      0.309      0.008   278.0874    12.3639     99.467 4.7438e+02      6.498    101.042  62.738315     0.5241     2.5478     6.0442   999.9796      0.439      0.303  0.000e+00
      0.314      0.015   278.6931    12.3752     99.549 4.7562e+02      6.497    101.053  62.738316     0.5607     2.6379     6.0407   999.9797      0.446      0.308  0.000e+00
      0.309      0.020   278.3524    12.3574     99.394 4.5721e+02      6.490    101.114  62.766257     0.5607     2.7131     6.0361   999.9799      0.439      0.303  0.000e+00
      0.304      0.023   277.5953    12.3441     99.292 7.6714e+02      6.493    101.197  62.822136     0.5131     2.5628     6.0380   999.9798      0.433      0.299  0.000e+00
      0.308      0.025   277.5953    12.3321     99.208 5.4609e+02      6.491    101.181  62.822135     0.5241     2.5027     6.0430   999.9797      0.438      0.302  0.000e+00
      0.317      0.024   278.0496    12.3398     99.283 6.7032e+02      6.498    101.030  62.738315     0.5497     2.6830     6.0479   999.9795      0.451      0.311  0.000e+00
      0.326      0.019   279.9424    12.3575     99.434 6.6785e+02      6.500    101.063  62.766253     0.5497     2.7281     6.0515   999.9794      0.463      0.319  0.000e+00
      0.329      0.013   279.7153    12.3637     99.498 4.4740e+02      6.499    101.000  62.738313     0.5534     2.5628     6.0570   999.9793      0.468      0.323  0.000e+00
      0.329      0.011   279.3746    12.3683     99.550 4.8943e+02      6.500    101.116  62.822131     0.5241     2.5177     6.0630   999.9791      0.468      0.323  0.000e+00
      0.330      0.013   278.6931    12.3589     99.480 5.8053e+02      6.504    101.108  62.822130     0.6193     2.4425     6.0653   999.9790      0.470      0.324  0.000e+00
      0.336      0.016   279.1474    12.3529     99.433 6.2456e+02      6.507    101.197  62.878010     0.5864     2.3975     6.0657   999.9791      0.478      0.329  0.000e+00
      0.341      0.017   279.0717    12.3585     99.480 8.7187e+02      6.509    100.969  62.738311     0.6193     2.4576     6.0667   999.9790      0.485      0.335  0.000e+00
      0.342      0.015   279.5260    12.3631     99.522 5.8318e+02      6.510    101.098  62.822130     0.6267     2.4125     6.0685   999.9790      0.486      0.335  0.000e+00
      0.339      0.011   280.2074    12.3714     99.591 4.6875e+02      6.506    100.960  62.738310     0.5388     2.5327     6.0694   999.9789      0.482      0.332  0.000e+00
      0.330      0.006   280.4346    12.3736     99.610 4.8268e+02      6.510    101.093  62.822129     0.5461     2.5928     6.0699   999.9789      0.470      0.324  0.000e+00
      0.322     -0.000   279.7910    12.3606     99.507 8.0011e+02      6.511    101.090  62.822129     0.5424     2.5177     6.0709   999.9788      0.458      0.316  0.000e+00
      0.317     -0.006   279.1853    12.3528     99.454 6.9054e+02      6.519    101.168  62.878008     0.5461     2.6530     6.0746   999.9787      0.451      0.311  0.000e+00
      0.319     -0.010   279.3746    12.3453     99.407 6.2280e+02      6.524    101.152  62.878007     0.6193     2.3824     6.0796   999.9785      0.454      0.313  0.000e+00
      0.327     -0.011   279.8667    12.3470     99.427 5.4977e+02      6.526    101.053  62.822127     0.6193     2.4275     6.0822   999.9785      0.465      0.321  0.000e+00
      0.336     -0.008   280.3967    12.3558     99.494 6.3301e+02      6.528    101.058  62.822127     0.6193     2.2922     6.0807   999.9785      0.477      0.329  0.000e+00
      0.343     -0.001   281.0024    12.3623     99.538 4.8457e+02      6.528    101.068  62.822128     0.6010     2.3674     6.0776   999.9787      0.488      0.336  0.000e+00
      0.355      0.009   280.8131    12.3655     99.550 5.1268e+02      6.535    101.086  62.822129     0.5388     2.5778     6.0721   999.9789      0.505      0.348  0.000e+00
      0.371      0.022   280.2074    12.3623     99.515 4.8901e+02      6.535    100.964  62.738311     0.5388     2.5928     6.0682   999.9791      0.528      0.364  0.000e+00
      0.384      0.033   281.2296    12.3672     99.534 9.3191e+02      6.543    100.989  62.738312     0.5644     2.5928     6.0604   999.9794      0.547      0.377  0.000e+00
      0.386      0.038   282.6682    12.3738     99.542 4.4113e+02      6.541    101.049  62.738316     0.5717     2.5628     6.0422   999.9800      0.549      0.379  0.000e+00
      0.380      0.036   282.9332    12.3796     99.573 4.5691e+02      6.540    101.204  62.822136     0.5168     2.5327     6.0361   999.9802      0.541      0.373  0.000e+00
      0.373      0.028   281.4189    12.3494     99.342 4.0447e+02      6.541    101.053  62.738316     0.5497     2.7582     6.0407   999.9800      0.531      0.366  0.000e+00
      0.372      0.020   280.6617    12.3363     99.237 4.1478e+02      6.544    101.053  62.738316     0.5424     2.8484     6.0408   999.9800      0.530      0.365  0.000e+00
      0.377      0.012   280.5103    12.3321     99.206 6.0614e+02      6.546    101.048  62.738316     0.5607     2.9385     6.0423   999.9800      0.537      0.370  0.000e+00
      0.384      0.006   280.2453    12.3161     99.075 4.9865e+02      6.549    101.187  62.822135     0.5424     2.9536     6.0413   999.9801      0.546      0.376  0.000e+00
      0.389      0.003   280.5103    12.3209     99.110 4.2158e+02      6.553    101.190  62.822136     0.5314     2.8484     6.0401   999.9801      0.553      0.381  0.000e+00
      0.394      0.004   281.7974    12.3232     99.126 4.7903e+02      6.556    101.059  62.738317     0.5204     2.7432     6.0391   999.9802      0.561      0.387  0.000e+00
      0.397      0.008   281.9489    12.3291     99.165 3.7686e+02      6.558    101.206  62.822137     0.5278     2.7582     6.0353   999.9803      0.565      0.389  0.000e+00
      0.402      0.014   281.4946    12.3353     99.206 6.0627e+02      6.559    101.082  62.738318     0.5314     2.8935     6.0320   999.9804      0.572      0.395  0.000e+00
      0.412      0.019   282.4410    12.3374     99.218 4.9305e+02      6.565    100.998  62.682439     0.5644     2.9085     6.0302   999.9805      0.586      0.404  0.000e+00
      0.422      0.023   282.6303    12.3215     99.088 4.4556e+02      6.567    101.092  62.738319     0.5790     2.8333     6.0288   999.9806      0.600      0.414  0.000e+00
      0.429      0.025   282.4789    12.3269     99.121 3.8496e+02      6.570    101.150  62.766260     0.5754     2.7882     6.0248   999.9808      0.610      0.420  0.000e+00
      0.430      0.025   281.7974    12.3432     99.248 4.0246e+02      6.571    101.110  62.738320     0.5278     2.8784     6.0235   999.9808      0.612      0.422  0.000e+00
      0.430      0.023   281.2296    12.3567     99.356 4.3913e+02      6.572    101.110  62.738320     0.6010     2.6830     6.0234   999.9808      0.612      0.422  0.000e+00
      0.433      0.021   281.2296    12.3656     99.424 3.4293e+02      6.576    101.115  62.738321     0.6010     2.7582     6.0219   999.9809      0.615      0.424  0.000e+00
      0.440      0.020   281.4946    12.3450     99.255 3.4953e+02      6.580    101.165  62.766261     0.6193     2.6830     6.0204   999.9810      0.626      0.431  0.000e+00
      0.448      0.019   281.3053    12.3380     99.200 3.5319e+02      6.579    101.118  62.738321     0.6486     2.6379     6.0208   999.9810      0.638      0.440  0.000e+00
      0.459      0.019   281.5324    12.3425     99.237 3.6527e+02      6.583    101.117  62.738321     0.6120     2.5327     6.0212   999.9811      0.653      0.450  0.000e+00
      0.473      0.022   282.0624    12.3471     99.274 3.9169e+02      6.585    101.117  62.738321     0.6010     2.4576     6.0213   999.9811      0.673      0.464  0.000e+00
      0.481      0.027   283.9553    12.3536     99.327 4.4430e+02      6.589    101.162  62.766261     0.6083     2.5327     6.0213   999.9812      0.685      0.472  0.000e+00
      0.489      0.032   284.7124    12.3427     99.237 4.1821e+02      6.589    101.119  62.738321     0.6193     2.7732     6.0206   999.9812      0.695      0.480  0.000e+00
      0.495      0.035   285.1667    12.3324     99.151 3.7678e+02      6.593    101.122  62.738321     0.6193     2.7582     6.0196   999.9813      0.704      0.486  0.000e+00
      0.501      0.036   284.9774    12.3312     99.140 3.7174e+02      6.592    101.125  62.738322     0.5900     2.6229     6.0189   999.9813      0.713      0.492  0.000e+00
      0.509      0.034   285.9617    12.3235     99.075 4.0307e+02      6.598    101.083  62.710382     0.6047     2.5928     6.0177   999.9814      0.724      0.499  0.000e+00
      0.516      0.032   285.6210    12.3171     99.020 4.0255e+02      6.597    101.134  62.738322     0.5864     2.5327     6.0161   999.9815      0.734      0.506  0.000e+00
      0.524      0.030   285.5074    12.3095     98.957 3.9034e+02      6.598    101.136  62.738322     0.6157     2.5177     6.0154   999.9816      0.745      0.514  0.000e+00
      0.532      0.028   285.6589    12.3038     98.909 4.1994e+02      6.601    101.184  62.766262     0.6816     2.6229     6.0144   999.9816      0.757      0.522  0.000e+00
      0.540      0.029   285.8860    12.3022     98.896 3.9331e+02      6.607    101.139  62.738323     0.6669     2.6229     6.0144   999.9817      0.768      0.529  0.000e+00
      0.546      0.029   286.4539    12.3262     99.086 3.6765e+02      6.607    101.142  62.738323     0.6779     2.6079     6.0135   999.9817      0.776      0.535  0.000e+00
      0.554      0.029   286.9082    12.3494     99.271 3.7874e+02      6.608    101.054  62.682444     0.6559     2.5177     6.0128   999.9817      0.788      0.543  0.000e+00
      0.557      0.028   287.5896    12.3601     99.358 3.8454e+02      6.612    101.188  62.766263     0.5937     2.6680     6.0131   999.9818      0.792      0.546  0.000e+00
