Data/DataNotYetUploadedToEDI/Raw_CTD/RawDownloads/022822_ccr50.cnv
* Sea-Bird SBE19plus  Data File:
* FileName = C:\R\Reservoirs\Data\DataNotYetUploadedToEDI\Raw_CTD\RawDownloads\022822_ccr50_0001.hex
* Software version 2.8.0.119
* Temperature SN = 7809
* Conductivity SN = 7809
* System UpLoad Time = Feb 28 2022 17:07:54
* <ApplicationData>
* <Seaterm232>
# nquan = 16
# nvalues = 2831                        
# units = specified
# name 0 = depFM: Depth [fresh water, m]
# name 1 = dz/dtM: Descent Rate [m/s]
# name 2 = orp: Oxidation Reduction Potential [mV]
# name 3 = sbeox0Mg/L: Oxygen, SBE 43 [mg/l]
# name 4 = sbeox0PS: Oxygen, SBE 43 [% saturation]
# name 5 = par/sat/log: PAR/Logarithmic, Satlantic
# name 6 = ph: pH
# name 7 = specc: Specific Conductance [uS/cm]
# name 8 = c0uS/cm: Conductivity [uS/cm]
# name 9 = flECO-AFL: Fluorescence, WET Labs ECO-AFL/FL [mg/m^3]
# name 10 = turbWETntu0: Turbidity, WET Labs ECO [NTU]
# name 11 = tv290C: Temperature [ITS-90, deg C]
# name 12 = density00: Density [density, kg/m^3]
# name 13 = prdE: Pressure, Strain Gauge [psi]
# name 14 = prdM: Pressure, Strain Gauge [db]
# name 15 = flag:  0.000e+00
# span 0 =     -0.425,     21.311       
# span 1 =     -0.437,      0.277       
# span 2 = -1240.6572,   326.4869       
# span 3 =     5.8826,    12.6502       
# span 4 =     46.661,    101.989       
# span 5 = 1.2363e-01, 2.6339e+03       
# span 6 =      0.523,      7.487       
# span 7 =      9.209,    162.087       
# span 8 =   7.006657,  98.756306       
# span 9 =    -0.1043,   227.4089       
# span 10 =   -11.1555,    54.9510      
# span 11 =     5.3491,    13.0459      
# span 12 =   999.3783,  1000.1205      
# span 13 =     -0.606,     30.312      
# span 14 =     -0.418,     20.899      
# span 15 = 0.0000e+00, 0.0000e+00      
# interval = seconds: 0.25
# start_time = Feb 28 2022 08:39:25 [Instrument's time stamp, header]
# bad_flag = -9.990e-29
*END*
[from data line 1085]
      6.719      0.029   312.7577    12.3772     99.285 1.4618e+01      7.266    101.251  62.540406     2.5160     2.6220     5.8813  1000.0154      9.555      6.588 0.0000e+00
      6.725      0.027   312.7729    12.3813     99.271 1.4531e+01      7.266    101.222  62.521971     2.5199     2.5625     5.8818  1000.0154      9.564      6.594 0.0000e+00
      6.734      0.025   312.6915    12.3871     99.267 1.4441e+01      7.267    101.194  62.504586     2.5478     2.5349     5.8825  1000.0154      9.578      6.604 0.0000e+00
      6.743      0.022   312.6333    12.3899     99.291 1.4378e+01      7.268    101.222  62.520711     2.5707     2.5611     5.8827  1000.0154      9.594      6.615 0.0000e+00
      6.750      0.019   312.5854    12.3951     99.331 1.4350e+01      7.268    101.233  62.526438     2.5714     2.6065     5.8825  1000.0155      9.603      6.621 0.0000e+00
      6.754      0.015   312.5426    12.3888     99.372 1.4340e+01      7.268    101.207  62.510323     2.5737     2.6738     5.8822  1000.0155      9.608      6.624 0.0000e+00
      6.755      0.010   312.4599    12.3882     99.372 1.4329e+01      7.268    101.216  62.516361     2.5811     2.7600     5.8824  1000.0155      9.608      6.625 0.0000e+00
      6.755      0.005   312.3595    12.3934     99.345 1.4316e+01      7.268    101.247  62.535948     2.5771     2.7946     5.8818  1000.0155      9.606      6.623 0.0000e+00
      6.757      0.001   312.3609    12.3963     99.312 1.4302e+01      7.268    101.279  62.556654     2.5765     2.7852     5.8806  1000.0156      9.610      6.626 0.0000e+00
      6.759     -0.003   312.3906    12.4076     99.299 1.4298e+01      7.269    101.305  62.576224     2.6065     2.7492     5.8805  1000.0155      9.615      6.629 0.0000e+00
      6.759     -0.006   312.3753    12.4034     99.341 1.4328e+01      7.269    101.305  62.582072     2.6405     2.7000     5.8811  1000.0156      9.616      6.630 0.0000e+00
      6.755     -0.007   312.3474    12.4004     99.418 1.4379e+01      7.269    101.265  62.563867     2.6463     2.6689     5.8815  1000.0155      9.609      6.625 0.0000e+00
      6.750     -0.005   312.3116    12.3956     99.473 1.4423e+01      7.269    101.233  62.546616     2.6352     2.6124     5.8813  1000.0155      9.600      6.619 0.0000e+00
      6.745     -0.003   312.3736    12.3899     99.442 1.4452e+01      7.269    101.263  62.563986     2.6237     2.5637     5.8826  1000.0155      9.592      6.613 0.0000e+00
      6.743     -0.004   312.4936    12.3969     99.363 1.4428e+01      7.270    101.298  62.583394     2.6227     2.5924     5.8869  1000.0153      9.588      6.611 0.0000e+00
      6.748     -0.014   312.4721    12.4055     99.303 1.4339e+01      7.270    101.311  62.590784     2.6309     2.6169     5.8905  1000.0152      9.596      6.615 0.0000e+00
      6.756     -0.028   312.3729    12.4196     99.305 1.4273e+01      7.271    101.306  62.589839     2.6317     2.5872     5.8915  1000.0152      9.611      6.627 0.0000e+00
      6.757     -0.037   312.3267    12.4102     99.333 1.4388e+01      7.272    101.270  62.571962     2.5999     2.5745     5.8909  1000.0153      9.624      6.635 0.0000e+00
      6.737     -0.034   312.3432    12.3991     99.303 1.4754e+01      7.273    101.252  62.565141     2.5455     2.5660     5.8885  1000.0153      9.598      6.618 0.0000e+00
      6.701     -0.020   312.3141    12.3895     99.251 1.5097e+01      7.274    101.259  62.570862     2.5145     2.5519     5.8880  1000.0150      9.523      6.566 0.0000e+00
      6.676      0.001   312.1471    12.3886     99.206 1.5073e+01      7.274    101.274  62.577638     2.5090     2.5412     5.8899  1000.0148      9.472      6.530 0.0000e+00
      6.685      0.026   312.0447    12.4016     99.158 1.4748e+01      7.275    101.290  62.583562     2.5373     2.5735     5.8921  1000.0148      9.497      6.548 0.0000e+00
      6.717      0.048   312.1082    12.3898     99.128 1.4397e+01      7.275    101.286  62.578990     2.5901     2.6351     5.8950  1000.0149      9.553      6.588 0.0000e+00
      6.752      0.060   312.1408    12.3823     99.127 1.4151e+01      7.276    101.297  62.585850     2.6065     2.6030     5.8961  1000.0151      9.606      6.624 0.0000e+00
      6.779      0.057   312.1813    12.3803     99.162 1.4019e+01      7.278    101.324  62.603016     2.6023     2.5267     5.8942  1000.0153      9.650      6.654 0.0000e+00
      6.791      0.045   312.3388    12.3714     99.243 1.4025e+01      7.280    101.311  62.596041     2.6057     2.4985     5.8913  1000.0155      9.668      6.666 0.0000e+00
      6.787      0.037   312.4969    12.3693     99.308 1.4141e+01      7.281    101.261  62.565012     2.5975     2.5344     5.8904  1000.0154      9.655      6.657 0.0000e+00
      6.778      0.037   312.6292    12.3682     99.268 1.4211e+01      7.282    101.233  62.545347     2.5870     2.5857     5.8907  1000.0153      9.635      6.643 0.0000e+00
      6.779      0.044   312.6482    12.3709     99.142 1.4095e+01      7.283    101.244  62.548765     2.5787     2.6064     5.8908  1000.0154      9.632      6.641 0.0000e+00
      6.796      0.054   312.5539    12.3835     99.030 1.3842e+01      7.284    101.239  62.542831     2.5629     2.6130     5.8916  1000.0154      9.660      6.661 0.0000e+00
      6.826      0.062   312.5220    12.3987     98.995 1.3582e+01      7.284    101.233  62.537095     2.5379     2.5978     5.8919  1000.0156      9.709      6.693 0.0000e+00
      6.855      0.065   312.5208    12.3919     99.034 1.3393e+01      7.285    101.245  62.542905     2.5178     2.5936     5.8904  1000.0157      9.757      6.727 0.0000e+00
      6.874      0.061   312.5395    12.3709     99.079 1.3316e+01      7.285    101.260  62.549580     2.5193     2.6308     5.8884  1000.0159      9.785      6.746 0.0000e+00
      6.882      0.053   312.5765    12.3551     99.085 1.3309e+01      7.286    101.272  62.554303     2.5233     2.6716     5.8870  1000.0160      9.790      6.750 0.0000e+00
      6.885      0.047   312.6239    12.3500     99.040 1.3270e+01      7.286    101.249  62.536512     2.5241     2.7103     5.8863  1000.0160      9.790      6.750 0.0000e+00
      6.892      0.042   312.7675    12.3606     98.988 1.3149e+01      7.287    101.234  62.524959     2.5378     2.7583     5.8854  1000.0161      9.798      6.756 0.0000e+00
      6.904      0.040   312.8504    12.3671     99.000 1.2991e+01      7.288    101.263  62.541604     2.5554     2.7730     5.8843  1000.0161      9.817      6.769 0.0000e+00
      6.921      0.038   312.7655    12.3698     99.075 1.2859e+01      7.287    101.273  62.547273     2.5619     2.7854     5.8831  1000.0163      9.845      6.787 0.0000e+00
      6.936      0.034   312.6875    12.3629     99.162 1.2767e+01      7.287    101.245  62.529998     2.5503     2.7724     5.8811  1000.0164      9.869      6.805 0.0000e+00
      6.945      0.029   312.6830    12.3517     99.234 1.2733e+01      7.287    101.233  62.523232     2.5308     2.6844     5.8796  1000.0165      9.883      6.814 0.0000e+00
      6.947      0.025   312.7109    12.3540     99.296 1.2754e+01      7.288    101.242  62.528966     2.5178     2.6086     5.8793  1000.0165      9.883      6.813 0.0000e+00
      6.947      0.022   312.7659    12.3667     99.338 1.2761e+01      7.288    101.254  62.535836     2.5016     2.5391     5.8791  1000.0165      9.878      6.811 0.0000e+00
      6.948      0.022   312.8325    12.3792     99.356 1.2722e+01      7.289    101.270  62.542792     2.5093     2.4939     5.8791  1000.0165      9.880      6.812 0.0000e+00
      6.955      0.023   312.8272    12.3860     99.336 1.2649e+01      7.290    101.288  62.549566     2.5524     2.5398     5.8794  1000.0165      9.891      6.819 0.0000e+00
      6.967      0.025   312.7022    12.3963     99.277 1.2556e+01      7.290    101.301  62.554242     2.5826     2.5814     5.8796  1000.0166      9.909      6.832 0.0000e+00
      6.977      0.027   312.6117    12.3999     99.190 1.2492e+01      7.291    101.273  62.535827     2.5911     2.5532     5.8795  1000.0166      9.927      6.844 0.0000e+00
      6.983      0.027   312.6792    12.4041     99.057 1.2469e+01      7.291    101.244  62.517403     2.6212     2.5742     5.8783  1000.0167      9.935      6.850 0.0000e+00
      6.986      0.027   312.7445    12.4030     98.904 1.2454e+01      7.291    101.254  62.521974     2.6808     2.6992     5.8752  1000.0168      9.936      6.850 0.0000e+00
      6.990      0.027   312.7130    12.3935     98.798 1.2430e+01      7.291    101.270  62.527596     2.7206     2.8004     5.8739  1000.0169      9.940      6.853 0.0000e+00
      6.996      0.028   312.6418    12.3863     98.774 1.2379e+01      7.291    101.267  62.521871     2.7364     2.8415     5.8737  1000.0169      9.950      6.860 0.0000e+00
      7.005      0.031   312.5722    12.3679     98.850 1.2302e+01      7.292    101.262  62.516251     2.7556     2.8545     5.8734  1000.0169      9.963      6.869 0.0000e+00
      7.016      0.034   312.5594    12.3444     98.994 1.2220e+01      7.292    101.277  62.523136     2.9028     2.8210     5.8728  1000.0170      9.979      6.880 0.0000e+00
      7.026      0.038   312.5737    12.3320     99.119 1.2155e+01      7.292    101.308  62.541617     3.1668     2.7783     5.8704  1000.0172      9.994      6.890 0.0000e+00
      7.035      0.044   312.5723    12.3278     99.178 1.2105e+01      7.293    101.319  62.549217     3.3012     2.7817     5.8681  1000.0173     10.008      6.900 0.0000e+00
      7.043      0.050   312.6289    12.3383     99.169 1.2032e+01      7.295    101.325  62.551526     3.3042     2.7938     5.8672  1000.0173     10.018      6.906 0.0000e+00
      7.052      0.054   312.6559    12.3634     99.120 1.1922e+01      7.295    101.361  62.569536     3.2121     2.8222     5.8656  1000.0174     10.026      6.913 0.0000e+00
      7.069      0.052   312.5553    12.3794     99.075 1.1764e+01      7.295    101.377  62.576463     3.0362     2.9199     5.8651  1000.0175     10.049      6.930 0.0000e+00
      7.092      0.044   312.5303    12.3871     99.061 1.1599e+01      7.296    101.367  62.571783     2.9338     2.9849     5.8666  1000.0176     10.088      6.956 0.0000e+00
      7.113      0.035   312.6118    12.3848     99.100 1.1523e+01      7.297    101.366  62.576458     2.9055     2.9596     5.8665  1000.0177     10.124      6.980 0.0000e+00
      7.120      0.030   312.6803    12.3767     99.174 1.1560e+01      7.297    101.346  62.569483     2.8273     2.8524     5.8634  1000.0179     10.137      6.989 0.0000e+00
      7.114      0.029   312.8423    12.3718     99.229 1.1639e+01      7.297    101.315  62.550954     2.6968     2.7129     5.8605  1000.0179     10.120      6.978 0.0000e+00
      7.105      0.032   313.1929    12.3677     99.264 1.1646e+01      7.296    101.308  62.542920     2.6334     2.6403     5.8618  1000.0178     10.097      6.962 0.0000e+00
      7.110      0.037   313.4788    12.3721     99.265 1.1524e+01      7.296    101.304  62.535841     2.6436     2.6228     5.8657  1000.0177     10.103      6.966 0.0000e+00
      7.131      0.045   313.5458    12.3843     99.188 1.1334e+01      7.297    101.298  62.528858     2.6617     2.6038     5.8690  1000.0177     10.143      6.992 0.0000e+00
      7.156      0.050   313.4863    12.3903     99.073 1.1183e+01      7.299    101.289  62.521978     2.6774     2.5474     5.8691  1000.0178     10.184      7.021 0.0000e+00
      7.175      0.049   313.2768    12.3941     98.958 1.1103e+01      7.299    101.280  62.516158     2.6836     2.5222     5.8666  1000.0180     10.209      7.039 0.0000e+00
      7.187      0.039   313.0768    12.4015     98.861 1.1063e+01      7.299    101.290  62.521978     2.6786     2.5721     5.8638  1000.0181     10.224      7.050 0.0000e+00
      7.192      0.026   313.0469    12.3875     98.850 1.1055e+01      7.299    101.300  62.528858     2.6667     2.6041     5.8619  1000.0182     10.233      7.055 0.0000e+00
      7.192      0.017   313.0009    12.3708     98.906 1.1067e+01      7.300    101.310  62.535841     2.6490     2.5680     5.8616  1000.0182     10.232      7.054 0.0000e+00
      7.191      0.014   312.8664    12.3597     98.963 1.1073e+01      7.301    101.320  62.542910     2.6313     2.5446     5.8614  1000.0182     10.228      7.052 0.0000e+00
      7.191      0.016   312.8827    12.3398     99.022 1.1058e+01      7.302    101.331  62.550834     2.6191     2.5607     5.8613  1000.0182     10.226      7.050 0.0000e+00
      7.195      0.020   313.1114    12.3404     99.071 1.1007e+01      7.303    101.359  62.568152     2.6091     2.5578     5.8616  1000.0182     10.231      7.054 0.0000e+00
      7.204      0.024   313.3082    12.3532     99.077 1.0941e+01      7.303    101.350  62.561803     2.6014     2.5788     5.8619  1000.0182     10.246      7.065 0.0000e+00
      7.214      0.028   313.3696    12.3567     99.043 1.0886e+01      7.303    101.311  62.537559     2.5924     2.6430     5.8627  1000.0183     10.263      7.076 0.0000e+00
      7.224      0.031   313.4233    12.3656     99.005 1.0837e+01      7.303    101.299  62.529014     2.5843     2.6504     5.8636  1000.0183     10.276      7.085 0.0000e+00
      7.230      0.033   313.4421    12.3737     98.996 1.0796e+01      7.303    101.289  62.521991     2.5790     2.5665     5.8633  1000.0184     10.285      7.091 0.0000e+00
      7.235      0.033   313.4250    12.3742     98.997 1.0756e+01      7.303    101.283  62.516149     2.5944     2.5853     5.8627  1000.0184     10.291      7.095 0.0000e+00
      7.243      0.033   313.4737    12.3684     98.979 1.0699e+01      7.303    101.294  62.521874     2.6283     2.7747     5.8629  1000.0184     10.299      7.101 0.0000e+00
      7.254      0.033   313.4289    12.3608     98.938 1.0621e+01      7.304    101.304  62.527703     2.6398     2.9093     5.8627  1000.0185     10.316      7.113 0.0000e+00
      7.265      0.034   313.3139    12.3624     98.912 1.0548e+01      7.304    101.297  62.523123     2.6416     2.9148     5.8617  1000.0186     10.336      7.126 0.0000e+00
      7.275      0.034   313.3740    12.3637     98.943 1.0506e+01      7.304    101.307  62.529993     2.6829     2.8419     5.8608  1000.0186     10.347      7.134 0.0000e+00
      7.282      0.033   313.3809    12.3626     99.025 1.0482e+01      7.304    101.335  62.547273     2.7566     2.7449     5.8600  1000.0187     10.357      7.141 0.0000e+00
      7.288      0.031   313.2244    12.3555     99.095 1.0438e+01      7.303    101.325  62.541557     2.8010     2.6985     5.8597  1000.0187     10.366      7.147 0.0000e+00
      7.296      0.031   313.2024    12.3494     99.121 1.0377e+01      7.303    101.297  62.524383     2.8028     2.7243     5.8600  1000.0187     10.376      7.154 0.0000e+00
      7.304      0.031   313.2872    12.3532     99.134 1.0324e+01      7.304    101.306  62.530116     2.7705     2.7829     5.8601  1000.0188     10.388      7.162 0.0000e+00
      7.312      0.031   313.3039    12.3673     99.152 1.0275e+01      7.305    101.333  62.547381     2.7187     2.8273     5.8601  1000.0189     10.400      7.171 0.0000e+00
      7.321      0.031   313.2319    12.3786     99.143 1.0220e+01      7.305    101.326  62.542641     2.6929     2.8510     5.8603  1000.0189     10.413      7.180 0.0000e+00
      7.330      0.030   313.2779    12.3782     99.071 1.0161e+01      7.305    101.317  62.536300     2.6827     2.8315     5.8605  1000.0189     10.425      7.188 0.0000e+00
      7.337      0.029   313.4298    12.3794     98.953 1.0113e+01      7.306    101.314  62.534210     2.6704     2.7960     5.8608  1000.0189     10.436      7.195 0.0000e+00
      7.344      0.028   313.4336    12.3829     98.854 1.0076e+01      7.307    101.286  62.517375     2.6767     2.7966     5.8611  1000.0190     10.445      7.202 0.0000e+00
