Data/DataNotYetUploadedToEDI/Raw_CTD/RawDownloads/022822_ccr50.cnv
* Sea-Bird SBE19plus  Data File:
* FileName = C:\R\Reservoirs\Data\DataNotYetUploadedToEDI\Raw_CTD\RawDownloads\022822_ccr50_0001.hex
* Software version 2.8.0.119
* Temperature SN = 7809
* Conductivity SN = 7809
* System UpLoad Time = Feb 28 2022 17:07:54
* <ApplicationData>
* <Seaterm232>
# nquan = 16
# nvalues = 2831                        
# units = specified
# name 0 = depFM: Depth [fresh water, m]
# name 1 = dz/dtM: Descent Rate [m/s]
# name 2 = orp: Oxidation Reduction Potential [mV]
# name 3 = sbeox0Mg/L: Oxygen, SBE 43 [mg/l]
# name 4 = sbeox0PS: Oxygen, SBE 43 [% saturation]
# name 5 = par/sat/log: PAR/Logarithmic, Satlantic
# name 6 = ph: pH
# name 7 = specc: Specific Conductance [uS/cm]
# name 8 = c0uS/cm: Conductivity [uS/cm]
# name 9 = flECO-AFL: Fluorescence, WET Labs ECO-AFL/FL [mg/m^3]
# name 10 = turbWETntu0: Turbidity, WET Labs ECO [NTU]
# name 11 = tv290C: Temperature [ITS-90, deg C]
# name 12 = density00: Density [density, kg/m^3]
# name 13 = prdE: Pressure, Strain Gauge [psi]
# name 14 = prdM: Pressure, Strain Gauge [db]
# name 15 = flag:  0.000e+00
# span 0 =     -0.425,     21.311       
# span 1 =     -0.437,      0.277       
# span 2 = -1240.6572,   326.4869       
# span 3 =     5.8826,    12.6502       
# span 4 =     46.661,    101.989       
# span 5 = 1.2363e-01, 2.6339e+03       
# span 6 =      0.523,      7.487       
# span 7 =      9.209,    162.087       
# span 8 =   7.006657,  98.756306       
# span 9 =    -0.1043,   227.4089       
# span 10 =   -11.1555,    54.9510      
# span 11 =     5.3491,    13.0459      
# span 12 =   999.3783,  1000.1205      
# span 13 =     -0.606,     30.312      
# span 14 =     -0.418,     20.899      
# span 15 = 0.0000e+00, 0.0000e+00      
# interval = seconds: 0.25
# start_time = Feb 28 2022 08:39:25 [Instrument's time stamp, header]
# bad_flag = -9.990e-29
*END*
[from data line 1266]
      8.073      0.061   314.6150    12.3547     98.731 6.4552e+00      7.338    101.184  62.443724     3.0360     2.8713     5.8566  1000.0225     11.486      7.920 0.0000e+00
      8.084      0.057   314.5320    12.3320     98.840 6.4107e+00      7.338    101.174  62.437478     3.0932     2.9089     5.8557  1000.0226     11.501      7.930 0.0000e+00
      8.093      0.056   314.5128    12.3244     98.956 6.3633e+00      7.339    101.157  62.426028     3.1089     2.9499     5.8549  1000.0227     11.510      7.936 0.0000e+00
      8.104      0.057   314.5543    12.3210     99.041 6.3140e+00      7.339    101.169  62.432274     3.1259     3.0257     5.8549  1000.0227     11.524      7.945 0.0000e+00
      8.119      0.059   314.6038    12.3282     99.034 6.2345e+00      7.338    101.199  62.449497     3.1414     3.1082     5.8551  1000.0228     11.545      7.960 0.0000e+00
      8.138      0.061   314.5950    12.3458     98.921 6.1555e+00      7.338    101.191  62.443777     3.1552     3.1617     5.8551  1000.0229     11.575      7.981 0.0000e+00
      8.158      0.062   314.6198    12.3598     98.756 6.1055e+00      7.338    101.164  62.426610     3.1590     3.1938     5.8549  1000.0230     11.606      8.002 0.0000e+00
      8.175      0.059   314.7328    12.3750     98.590 6.0639e+00      7.339    101.174  62.432430     3.1630     3.1212     5.8542  1000.0231     11.629      8.018 0.0000e+00
      8.189      0.053   314.8418    12.3762     98.517 6.0182e+00      7.340    101.204  62.450637     3.1864     2.9333     5.8533  1000.0232     11.648      8.031 0.0000e+00
      8.201      0.048   314.9050    12.3564     98.546 5.9808e+00      7.340    101.214  62.456258     3.2005     2.7999     5.8529  1000.0233     11.666      8.044 0.0000e+00
      8.211      0.044   314.8949    12.3380     98.606 5.9617e+00      7.340    101.183  62.436897     3.1926     2.7724     5.8527  1000.0233     11.680      8.053 0.0000e+00
      8.220      0.041   314.8914    12.3088     98.702 5.9434e+00      7.340    101.136  62.407041     3.1490     2.8054     5.8525  1000.0234     11.692      8.060 0.0000e+00
      8.229      0.041   315.0348    12.2987     98.798 5.9124e+00      7.341    101.147  62.412758     3.0725     2.8574     5.8523  1000.0234     11.705      8.070 0.0000e+00
      8.240      0.040   315.0802    12.3116     98.873 5.8645e+00      7.341    101.198  62.442518     3.0331     2.8553     5.8520  1000.0235     11.719      8.079 0.0000e+00
      8.252      0.038   314.9238    12.3123     98.947 5.8186e+00      7.341    101.212  62.449378     3.0394     2.8136     5.8519  1000.0235     11.736      8.092 0.0000e+00
      8.263      0.034   314.7792    12.3300     99.007 5.7983e+00      7.341    101.185  62.432202     3.0570     2.7978     5.8520  1000.0236     11.755      8.105 0.0000e+00
      8.273      0.029   314.6222    12.3429     99.047 5.7774e+00      7.341    101.175  62.425339     3.0715     2.8007     5.8512  1000.0236     11.768      8.114 0.0000e+00
      8.279      0.021   314.4884    12.3494     99.072 5.7453e+00      7.341    101.181  62.429897     3.0810     2.8489     5.8500  1000.0237     11.776      8.119 0.0000e+00
      8.284      0.014   314.4519    12.3622     99.065 5.7233e+00      7.342    101.168  62.423813     3.0965     2.8677     5.8493  1000.0238     11.783      8.124 0.0000e+00
      8.286      0.010   314.4395    12.3677     98.982 5.7238e+00      7.342    101.150  62.415273     3.1014     2.7890     5.8490  1000.0238     11.788      8.128 0.0000e+00
      8.285      0.010   314.5109    12.3745     98.881 5.7420e+00      7.342    101.109  62.390145     3.0486     2.6826     5.8487  1000.0238     11.785      8.126 0.0000e+00
      8.282      0.010   314.7127    12.3753     98.843 5.7459e+00      7.342    101.085  62.373982     2.9573     2.5723     5.8490  1000.0238     11.776      8.119 0.0000e+00
      8.284      0.010   314.8999    12.3807     98.850 5.7146e+00      7.342    101.145  62.410338     2.9138     2.5133     5.8500  1000.0237     11.777      8.120 0.0000e+00
      8.293      0.008   314.8817    12.3653     98.898 5.6721e+00      7.342    101.205  62.448742     2.9216     2.5504     5.8515  1000.0237     11.795      8.132 0.0000e+00
      8.302      0.005   314.7507    12.3451     98.963 5.6515e+00      7.342    101.212  62.457325     2.9604     2.5429     5.8523  1000.0237     11.812      8.144 0.0000e+00
      8.303      0.003   314.7784    12.3468     98.998 5.6590e+00      7.342    101.193  62.450621     3.0161     2.4234     5.8510  1000.0238     11.814      8.146 0.0000e+00
      8.298      0.001   314.9586    12.3451     99.004 5.6927e+00      7.343    101.155  62.431190     3.0457     2.3347     5.8498  1000.0238     11.802      8.138 0.0000e+00
      8.291     -0.001   315.2088    12.3527     98.992 5.7224e+00      7.344    101.123  62.412881     3.0436     2.3255     5.8504  1000.0238     11.789      8.128 0.0000e+00
      8.288     -0.001   315.3946    12.3634     98.957 5.7148e+00      7.344    101.133  62.419751     2.9826     2.4142     5.8531  1000.0237     11.786      8.126 0.0000e+00
      8.292      0.000   315.3121    12.3658     98.933 5.6878e+00      7.344    101.180  62.450751     2.8742     2.5528     5.8565  1000.0236     11.792      8.131 0.0000e+00
      8.297      0.002   315.0720    12.3644     98.942 5.6757e+00      7.344    101.207  62.470216     2.8145     2.6011     5.8582  1000.0236     11.803      8.138 0.0000e+00
      8.300      0.002   314.9866    12.3652     98.964 5.6832e+00      7.344    101.192  62.464605     2.8182     2.5886     5.8588  1000.0235     11.808      8.142 0.0000e+00
      8.299      0.001   315.0537    12.3576     98.993 5.6997e+00      7.344    101.159  62.446408     2.8357     2.5718     5.8587  1000.0235     11.806      8.140 0.0000e+00
      8.295     -0.001   315.1087    12.3529     99.003 5.7091e+00      7.345    101.148  62.440702     2.8518     2.5344     5.8593  1000.0235     11.798      8.134 0.0000e+00
      8.293     -0.002   315.2214    12.3567     98.994 5.7009e+00      7.346    101.178  62.459109     2.8633     2.5126     5.8611  1000.0235     11.792      8.131 0.0000e+00
      8.293     -0.002   315.3835    12.3565     99.004 5.7016e+00      7.346    101.212  62.478469     2.8661     2.5474     5.8631  1000.0234     11.794      8.132 0.0000e+00
      8.294     -0.001   315.4347    12.3631     99.051 5.7097e+00      7.345    101.222  62.484288     2.8523     2.5784     5.8644  1000.0234     11.797      8.134 0.0000e+00
      8.295      0.001   315.3241    12.3636     99.117 5.7007e+00      7.345    101.192  62.465972     2.8302     2.5807     5.8649  1000.0233     11.799      8.135 0.0000e+00
      8.295      0.003   315.1644    12.3601     99.142 5.6967e+00      7.345    101.165  62.447501     2.8150     2.5408     5.8647  1000.0234     11.799      8.135 0.0000e+00
      8.295      0.003   315.1388    12.3614     99.117 5.7067e+00      7.344    101.174  62.451447     2.8098     2.4717     5.8634  1000.0234     11.798      8.135 0.0000e+00
      8.295      0.003   315.2724    12.3666     99.086 5.7052e+00      7.344    101.172  62.450189     2.8759     2.4974     5.8634  1000.0234     11.797      8.134 0.0000e+00
      8.296      0.002   315.4038    12.3800     99.077 5.6876e+00      7.346    101.140  62.432284     3.0069     2.5780     5.8641  1000.0234     11.800      8.136 0.0000e+00
      8.298      0.002   315.5219    12.3831     99.083 5.6792e+00      7.347    101.125  62.425461     3.0869     2.5916     5.8628  1000.0234     11.805      8.139 0.0000e+00
      8.299      0.002   315.6676    12.3776     99.047 5.6821e+00      7.347    101.132  62.431181     3.1019     2.5592     5.8615  1000.0235     11.806      8.140 0.0000e+00
      8.298      0.002   315.7036    12.3726     98.925 5.6780e+00      7.347    101.142  62.437955     3.0964     2.5282     5.8617  1000.0235     11.803      8.138 0.0000e+00
      8.297      0.002   315.6125    12.3706     98.795 5.6780e+00      7.347    101.151  62.443869     3.0459     2.4905     5.8629  1000.0234     11.801      8.137 0.0000e+00
      8.297      0.003   315.5132    12.3744     98.758 5.6758e+00      7.347    101.143  62.439194     2.9652     2.4786     5.8644  1000.0233     11.801      8.136 0.0000e+00
      8.298      0.005   315.4497    12.3734     98.784 5.6683e+00      7.347    101.153  62.444920     2.9365     2.5206     5.8651  1000.0234     11.803      8.138 0.0000e+00
      8.301      0.008   315.4471    12.3539     98.809 5.6680e+00      7.347    101.163  62.449605     2.9400     2.5891     5.8651  1000.0233     11.807      8.141 0.0000e+00
      8.305      0.011   315.5678    12.3292     98.814 5.6582e+00      7.347    101.139  62.432345     2.9246     2.6235     5.8650  1000.0234     11.813      8.144 0.0000e+00
      8.307      0.014   315.7044    12.3291     98.820 5.6397e+00      7.346    101.135  62.426724     2.9089     2.5610     5.8653  1000.0234     11.815      8.146 0.0000e+00
      8.310      0.018   315.8084    12.3360     98.877 5.6287e+00      7.346    101.170  62.445139     2.9087     2.5162     5.8652  1000.0234     11.818      8.148 0.0000e+00
      8.314      0.021   315.9640    12.3385     98.940 5.6220e+00      7.347    101.206  62.464492     2.9135     2.5603     5.8646  1000.0235     11.825      8.153 0.0000e+00
      8.320      0.025   316.1235    12.3409     98.950 5.6114e+00      7.348    101.220  62.470217     2.9162     2.6156     5.8634  1000.0235     11.834      8.159 0.0000e+00
      8.328      0.029   316.1878    12.3362     98.956 5.5910e+00      7.348    101.192  62.450866     2.9252     2.6046     5.8617  1000.0236     11.846      8.167 0.0000e+00
      8.337      0.032   316.1389    12.3469     98.978 5.5630e+00      7.349    101.147  62.421011     2.9311     2.5301     5.8601  1000.0237     11.857      8.175 0.0000e+00
      8.346      0.033   316.1345    12.3621     98.993 5.5349e+00      7.349    101.162  62.426731     2.9294     2.5006     5.8586  1000.0238     11.870      8.184 0.0000e+00
      8.355      0.033   316.2216    12.3565     99.018 5.4992e+00      7.349    101.214  62.456531     2.9791     2.5895     5.8570  1000.0239     11.882      8.193 0.0000e+00
      8.365      0.031   316.2448    12.3578     99.030 5.4632e+00      7.349    101.225  62.463816     3.0914     2.7503     5.8562  1000.0240     11.897      8.203 0.0000e+00
      8.374      0.028   316.1566    12.3643     99.019 5.4372e+00      7.349    101.203  62.451314     3.1630     2.8400     5.8552  1000.0240     11.911      8.212 0.0000e+00
      8.380      0.026   316.1022    12.3631     99.028 5.4146e+00      7.349    101.171  62.432379     3.1711     2.8541     5.8532  1000.0241     11.921      8.219 0.0000e+00
      8.385      0.026   316.1032    12.3687     99.020 5.4006e+00      7.349    101.159  62.425368     3.1475     2.8176     5.8519  1000.0242     11.928      8.225 0.0000e+00
      8.389      0.027   315.9974    12.3731     98.983 5.3778e+00      7.349    101.166  62.430039     3.1020     2.7410     5.8523  1000.0242     11.932      8.227 0.0000e+00
      8.394      0.030   315.9406    12.3641     98.976 5.3370e+00      7.349    101.161  62.425353     3.0791     2.7128     5.8531  1000.0242     11.937      8.231 0.0000e+00
      8.402      0.034   316.0188    12.3708     98.994 5.3056e+00      7.348    101.177  62.432213     3.0862     2.7505     5.8534  1000.0242     11.949      8.239 0.0000e+00
      8.414      0.038   316.0819    12.3714     99.030 5.2800e+00      7.348    101.208  62.449483     3.1133     2.8551     5.8536  1000.0242     11.967      8.251 0.0000e+00
      8.427      0.040   316.1877    12.3593     99.075 5.2485e+00      7.349    101.200  62.443653     3.1399     2.9527     5.8538  1000.0243     11.986      8.265 0.0000e+00
      8.438      0.043   316.2661    12.3630     99.103 5.2210e+00      7.351    101.170  62.425229     3.1424     2.9392     5.8533  1000.0244     12.001      8.275 0.0000e+00
      8.448      0.047   316.2555    12.3641     99.111 5.1953e+00      7.351    101.158  62.417214     3.1429     2.8977     5.8515  1000.0245     12.016      8.283 0.0000e+00
      8.457      0.049   316.3165    12.3694     99.111 5.1585e+00      7.351    101.148  62.410240     3.1465     2.8952     5.8503  1000.0246     12.028      8.293 0.0000e+00
      8.468      0.050   316.4876    12.3770     99.105 5.0996e+00      7.351    101.141  62.404401     3.1941     2.9082     5.8503  1000.0246     12.040      8.301 0.0000e+00
      8.485      0.049   316.5179    12.3808     99.110 5.0377e+00      7.352    101.151  62.410116     3.2857     2.9523     5.8504  1000.0247     12.066      8.319 0.0000e+00
      8.503      0.047   316.3390    12.3799     99.118 5.0033e+00      7.352    101.160  62.415839     3.3298     2.9852     5.8503  1000.0248     12.099      8.341 0.0000e+00
      8.516      0.047   316.2170    12.3820     99.093 4.9877e+00      7.352    101.151  62.410099     3.3203     2.9641     5.8494  1000.0249     12.117      8.354 0.0000e+00
      8.523      0.048   316.2470    12.3796     99.070 4.9787e+00      7.352    101.141  62.404217     3.2705     2.9025     5.8486  1000.0249     12.123      8.358 0.0000e+00
      8.529      0.049   316.3580    12.3791     99.061 4.9633e+00      7.352    101.149  62.408210     3.1930     2.8204     5.8484  1000.0249     12.129      8.363 0.0000e+00
      8.539      0.051   316.4405    12.3857     99.026 4.9095e+00      7.353    101.129  62.394881     3.1500     2.7913     5.8486  1000.0250     12.141      8.371 0.0000e+00
      8.556      0.053   316.4707    12.3775     98.949 4.8256e+00      7.354    101.090  62.370056     3.1413     2.8234     5.8489  1000.0251     12.166      8.388 0.0000e+00
      8.576      0.054   316.4645    12.3744     98.872 4.7427e+00      7.355    101.077  62.362037     3.1215     2.8332     5.8491  1000.0252     12.199      8.411 0.0000e+00
      8.594      0.052   316.4524    12.3764     98.842 4.6863e+00      7.355    101.076  62.361431     3.0933     2.8069     5.8484  1000.0253     12.228      8.431 0.0000e+00
      8.607      0.049   316.4968    12.3730     98.851 4.6663e+00      7.355    101.077  62.362719     3.0832     2.7793     5.8474  1000.0254     12.244      8.442 0.0000e+00
      8.615      0.044   316.5708    12.3619     98.896 4.6539e+00      7.356    101.100  62.377613     3.0995     2.8076     5.8472  1000.0253     12.254      8.449 0.0000e+00
      8.621      0.040   316.7449    12.3479     98.982 4.6370e+00      7.356    101.160  62.414514     3.1821     2.8755     5.8473  1000.0254     12.261      8.453 0.0000e+00
      8.630      0.036   316.9670    12.3468     99.058 4.6048e+00      7.356    101.185  62.427890     3.3163     2.8832     5.8475  1000.0254     12.273      8.462 0.0000e+00
      8.642      0.033   317.0189    12.3476     99.089 4.5565e+00      7.355    101.161  62.412347     3.3828     2.8315     5.8479  1000.0255     12.292      8.475 0.0000e+00
      8.653      0.031   316.9421    12.3509     99.079 4.5259e+00      7.355    101.169  62.417084     3.3774     2.7965     5.8482  1000.0255     12.310      8.488 0.0000e+00
      8.662      0.030   316.8121    12.3662     99.042 4.5112e+00      7.357    101.175  62.421669     3.3102     2.8028     5.8480  1000.0256     12.324      8.497 0.0000e+00
      8.666      0.030   316.7371    12.3772     99.019 4.5005e+00      7.357    101.147  62.404287     3.1775     2.8394     5.8470  1000.0257     12.327      8.499 0.0000e+00
      8.670      0.031   316.8109    12.3805     99.024 4.4920e+00      7.357    101.137  62.397408     3.0963     2.8633     5.8464  1000.0257     12.329      8.500 0.0000e+00
