Data/DataNotYetUploadedToEDI/Raw_CTD/RawDownloads/022822_ccr50.cnv
* Sea-Bird SBE19plus  Data File:
* FileName = C:\R\Reservoirs\Data\DataNotYetUploadedToEDI\Raw_CTD\RawDownloads\022822_ccr50_0001.hex
* Software version 2.8.0.119
* Temperature SN = 7809
* Conductivity SN = 7809
* System UpLoad Time = Feb 28 2022 17:07:54
* <ApplicationData>
* <Seaterm232>
# nquan = 16
# nvalues = 2831                        
# units = specified
# name 0 = depFM: Depth [fresh water, m]
# name 1 = dz/dtM: Descent Rate [m/s]
# name 2 = orp: Oxidation Reduction Potential [mV]
# name 3 = sbeox0Mg/L: Oxygen, SBE 43 [mg/l]
# name 4 = sbeox0PS: Oxygen, SBE 43 [% saturation]
# name 5 = par/sat/log: PAR/Logarithmic, Satlantic
# name 6 = ph: pH
# name 7 = specc: Specific Conductance [uS/cm]
# name 8 = c0uS/cm: Conductivity [uS/cm]
# name 9 = flECO-AFL: Fluorescence, WET Labs ECO-AFL/FL [mg/m^3]
# name 10 = turbWETntu0: Turbidity, WET Labs ECO [NTU]
# name 11 = tv290C: Temperature [ITS-90, deg C]
# name 12 = density00: Density [density, kg/m^3]
# name 13 = prdE: Pressure, Strain Gauge [psi]
# name 14 = prdM: Pressure, Strain Gauge [db]
# name 15 = flag:  0.000e+00
# span 0 =     -0.425,     21.311       
# span 1 =     -0.437,      0.277       
# span 2 = -1240.6572,   326.4869       
# span 3 =     5.8826,    12.6502       
# span 4 =     46.661,    101.989       
# span 5 = 1.2363e-01, 2.6339e+03       
# span 6 =      0.523,      7.487       
# span 7 =      9.209,    162.087       
# span 8 =   7.006657,  98.756306       
# span 9 =    -0.1043,   227.4089       
# span 10 =   -11.1555,    54.9510      
# span 11 =     5.3491,    13.0459      
# span 12 =   999.3783,  1000.1205      
# span 13 =     -0.606,     30.312      
# span 14 =     -0.418,     20.899      
# span 15 = 0.0000e+00, 0.0000e+00      
# interval = seconds: 0.25
# start_time = Feb 28 2022 08:39:25 [Instrument's time stamp, header]
# bad_flag = -9.990e-29
*END*
[from data line 1176]
      7.358      0.025   313.4885    12.3751     98.859 9.9669e+00      7.307    101.327  62.541662     2.6930     2.8617     5.8601  1000.0190     10.465      7.215 0.0000e+00
      7.364      0.023   313.5225    12.3566     98.924 9.9225e+00      7.307    101.340  62.549582     2.6843     2.7657     5.8600  1000.0191     10.473      7.221 0.0000e+00
      7.370      0.020   313.4767    12.3416     98.972 9.8885e+00      7.307    101.347  62.555496     2.6793     2.6007     5.8605  1000.0191     10.483      7.228 0.0000e+00
      7.375      0.016   313.4516    12.3378     99.012 9.8777e+00      7.307    101.335  62.549675     2.6828     2.5753     5.8604  1000.0191     10.491      7.233 0.0000e+00
      7.379      0.015   313.4764    12.3443     99.058 9.8899e+00      7.308    101.321  62.542692     2.7010     2.6638     5.8597  1000.0192     10.497      7.236 0.0000e+00
      7.382      0.016   313.5179    12.3561     99.074 9.8996e+00      7.308    101.306  62.534563     2.7420     2.7145     5.8597  1000.0192     10.499      7.239 0.0000e+00
      7.382      0.021   313.6099    12.3603     99.047 9.8877e+00      7.308    101.275  62.514890     2.7867     2.7788     5.8606  1000.0192     10.500      7.240 0.0000e+00
      7.385      0.029   313.9007    12.3629     99.025 9.8528e+00      7.308    101.248  62.495320     2.8004     2.8256     5.8616  1000.0191     10.501      7.240 0.0000e+00
      7.392      0.039   314.2797    12.3721     99.052 9.7903e+00      7.308    101.243  62.488440     2.7991     2.8368     5.8622  1000.0192     10.510      7.246 0.0000e+00
      7.404      0.048   314.4937    12.3745     99.105 9.6919e+00      7.308    101.258  62.495203     2.7630     2.8802     5.8629  1000.0192     10.530      7.260 0.0000e+00
      7.422      0.055   314.5945    12.3685     99.130 9.5792e+00      7.308    101.289  62.513586     2.6886     2.9055     5.8630  1000.0193     10.555      7.277 0.0000e+00
      7.441      0.060   314.7250    12.3626     99.057 9.4866e+00      7.308    101.299  62.520211     2.6488     2.8700     5.8611  1000.0194     10.585      7.298 0.0000e+00
      7.457      0.061   314.8669    12.3700     98.897 9.4103e+00      7.309    101.285  62.511805     2.6399     2.7915     5.8587  1000.0196     10.608      7.314 0.0000e+00
      7.471      0.061   314.8477    12.3774     98.736 9.3324e+00      7.310    101.228  62.475453     2.6307     2.7427     5.8576  1000.0196     10.626      7.327 0.0000e+00
      7.485      0.061   314.6651    12.3860     98.636 9.2555e+00      7.310    101.108  62.398164     2.6292     2.7577     5.8576  1000.0197     10.647      7.341 0.0000e+00
      7.500      0.062   314.6381    12.3766     98.653 9.1778e+00      7.310    101.019  62.339286     2.6380     2.8024     5.8579  1000.0198     10.667      7.355 0.0000e+00
      7.515      0.063   314.7785    12.3497     98.737 9.0872e+00      7.310    101.017  62.335049     2.6456     2.8396     5.8582  1000.0198     10.686      7.369 0.0000e+00
      7.531      0.065   314.7283    12.3300     98.778 8.9742e+00      7.310    101.038  62.346933     2.6462     2.8653     5.8579  1000.0199     10.709      7.384 0.0000e+00
      7.551      0.066   314.5478    12.3120     98.749 8.8687e+00      7.311    101.052  62.355977     2.6538     2.9081     5.8560  1000.0200     10.740      7.406 0.0000e+00
      7.570      0.064   314.5738    12.3184     98.679 8.7951e+00      7.312    101.092  62.380896     2.6703     2.9480     5.8535  1000.0202     10.769      7.426 0.0000e+00
      7.585      0.058   314.6993    12.3374     98.648 8.7114e+00      7.312    101.114  62.394233     2.6803     2.9712     5.8519  1000.0203     10.787      7.437 0.0000e+00
      7.601      0.048   314.6888    12.3411     98.697 8.6183e+00      7.312    101.108  62.390240     2.6836     2.9841     5.8517  1000.0204     10.810      7.453 0.0000e+00
      7.616      0.038   314.6193    12.3374     98.767 8.5591e+00      7.312    101.116  62.396125     2.6929     2.8987     5.8521  1000.0204     10.836      7.472 0.0000e+00
      7.625      0.031   314.5467    12.3245     98.862 8.5352e+00      7.313    101.125  62.401875     2.6926     2.6897     5.8522  1000.0205     10.849      7.480 0.0000e+00
      7.626      0.028   314.4122    12.3150     98.988 8.5358e+00      7.314    101.116  62.396265     2.6805     2.5407     5.8519  1000.0205     10.848      7.479 0.0000e+00
      7.626      0.027   314.3711    12.3307     99.098 8.5325e+00      7.314    101.110  62.391798     2.6877     2.5330     5.8519  1000.0205     10.845      7.477 0.0000e+00
      7.630      0.030   314.4792    12.3350     99.169 8.4873e+00      7.314    101.142  62.411368     2.7546     2.6302     5.8522  1000.0205     10.848      7.480 0.0000e+00
      7.639      0.037   314.5145    12.3455     99.148 8.4115e+00      7.315    101.192  62.442378     2.8652     2.7598     5.8527  1000.0205     10.864      7.490 0.0000e+00
      7.653      0.046   314.5400    12.3676     99.064 8.3444e+00      7.316    101.203  62.449248     2.9269     2.8363     5.8525  1000.0206     10.885      7.505 0.0000e+00
      7.668      0.053   314.6158    12.3774     98.991 8.2888e+00      7.317    101.173  62.430929     2.9257     2.8712     5.8520  1000.0207     10.906      7.520 0.0000e+00
      7.683      0.055   314.5698    12.3938     98.933 8.2145e+00      7.317    101.143  62.411379     2.8843     2.8744     5.8517  1000.0208     10.927      7.534 0.0000e+00
      7.699      0.053   314.5008    12.3883     98.902 8.1274e+00      7.317    101.131  62.403364     2.8257     2.9091     5.8518  1000.0209     10.950      7.550 0.0000e+00
      7.715      0.049   314.4693    12.3708     98.903 8.0662e+00      7.316    101.122  62.397521     2.8079     2.9831     5.8524  1000.0210     10.976      7.567 0.0000e+00
      7.727      0.045   314.4479    12.3659     98.940 8.0275e+00      7.316    101.133  62.404229     2.8109     3.0180     5.8521  1000.0210     10.994      7.580 0.0000e+00
      7.735      0.040   314.4994    12.3557     99.030 7.9882e+00      7.317    101.160  62.420968     2.8034     3.0236     5.8514  1000.0211     11.003      7.586 0.0000e+00
      7.743      0.035   314.5757    12.3524     99.124 7.9420e+00      7.317    101.141  62.409423     2.8086     2.9822     5.8513  1000.0211     11.012      7.592 0.0000e+00
      7.752      0.030   314.5959    12.3540     99.190 7.8927e+00      7.317    101.112  62.391633     2.8318     2.8595     5.8513  1000.0211     11.026      7.602 0.0000e+00
      7.761      0.026   314.5720    12.3539     99.236 7.8494e+00      7.317    101.119  62.396365     2.8510     2.7696     5.8512  1000.0212     11.041      7.612 0.0000e+00
      7.768      0.025   314.6318    12.3709     99.237 7.8184e+00      7.317    101.129  62.403135     2.8583     2.7838     5.8512  1000.0213     11.052      7.620 0.0000e+00
      7.773      0.026   314.7159    12.3841     99.191 7.7993e+00      7.317    101.139  62.409996     2.8951     2.8254     5.8512  1000.0212     11.056      7.623 0.0000e+00
      7.775      0.029   314.7275    12.3890     99.112 7.7846e+00      7.318    101.148  62.415826     2.9624     2.8286     5.8514  1000.0212     11.058      7.624 0.0000e+00
      7.780      0.033   314.6865    12.3987     98.988 7.7632e+00      7.319    101.139  62.410120     2.9899     2.7888     5.8517  1000.0212     11.063      7.628 0.0000e+00
      7.789      0.036   314.5641    12.3979     98.870 7.7132e+00      7.320    101.130  62.404509     2.9777     2.7879     5.8519  1000.0213     11.075      7.636 0.0000e+00
      7.803      0.037   314.4524    12.3901     98.859 7.6361e+00      7.320    101.141  62.411484     2.9978     2.8518     5.8523  1000.0213     11.097      7.651 0.0000e+00
      7.819      0.036   314.3685    12.3828     98.943 7.5716e+00      7.320    101.173  62.430949     3.0591     2.8789     5.8522  1000.0215     11.126      7.670 0.0000e+00
      7.830      0.033   314.2379    12.3658     99.037 7.5426e+00      7.320    101.203  62.449365     3.0939     2.8422     5.8523  1000.0215     11.142      7.682 0.0000e+00
      7.835      0.028   314.1640    12.3425     99.090 7.5315e+00      7.320    101.194  62.443649     3.0856     2.7840     5.8525  1000.0215     11.144      7.684 0.0000e+00
      7.837      0.023   314.2499    12.3435     99.070 7.5237e+00      7.320    101.164  62.425339     3.0094     2.7208     5.8523  1000.0215     11.146      7.684 0.0000e+00
      7.841      0.019   314.4167    12.3600     99.025 7.5149e+00      7.320    101.152  62.418469     2.8713     2.6930     5.8522  1000.0215     11.151      7.687 0.0000e+00
      7.846      0.019   314.4600    12.3711     99.029 7.4988e+00      7.320    101.160  62.424090     2.8051     2.7220     5.8523  1000.0216     11.158      7.693 0.0000e+00
      7.852      0.021   314.4286    12.3822     99.058 7.4810e+00      7.319    101.168  62.429807     2.8250     2.7637     5.8521  1000.0216     11.168      7.700 0.0000e+00
      7.859      0.025   314.4664    12.3763     99.090 7.4401e+00      7.319    101.158  62.424097     2.8452     2.7877     5.8521  1000.0216     11.178      7.707 0.0000e+00
      7.864      0.030   314.4877    12.3646     99.127 7.3746e+00      7.320    101.150  62.418543     2.8505     2.8068     5.8523  1000.0217     11.185      7.711 0.0000e+00
      7.870      0.036   314.6001    12.3687     99.137 7.3379e+00      7.320    101.164  62.426152     2.8478     2.7900     5.8528  1000.0216     11.192      7.717 0.0000e+00
      7.878      0.041   314.7936    12.3739     99.145 7.3034e+00      7.321    101.207  62.452592     2.8543     2.7548     5.8533  1000.0217     11.204      7.725 0.0000e+00
      7.891      0.044   314.8475    12.3746     99.185 7.2220e+00      7.321    101.259  62.484237     2.9370     2.8249     5.8533  1000.0217     11.222      7.737 0.0000e+00
      7.906      0.044   314.8212    12.3845     99.199 7.1439e+00      7.321    101.270  62.491267     3.0815     2.9544     5.8530  1000.0218     11.245      7.753 0.0000e+00
      7.921      0.041   314.6484    12.3836     99.157 7.0876e+00      7.321    101.242  62.474106     3.1538     2.9889     5.8526  1000.0219     11.267      7.768 0.0000e+00
      7.933      0.036   314.3925    12.3797     99.098 7.0426e+00      7.321    101.231  62.467238     3.1533     2.9691     5.8524  1000.0220     11.286      7.780 0.0000e+00
      7.941      0.028   314.3949    12.3917     99.048 7.0316e+00      7.321    101.237  62.471715     3.1510     2.9538     5.8523  1000.0221     11.298      7.788 0.0000e+00
      7.944      0.016   314.5908    12.3940     99.028 7.0285e+00      7.322    101.225  62.464740     3.1344     2.8726     5.8523  1000.0221     11.299      7.790 0.0000e+00
      7.946     -0.002   314.6962    12.3857     99.061 7.0012e+00      7.324    101.194  62.446410     3.1096     2.7394     5.8525  1000.0221     11.301      7.791 0.0000e+00
      7.951     -0.026   314.6367    12.3775     99.130 6.9743e+00      7.325    101.182  62.440588     3.1011     2.6408     5.8524  1000.0221     11.310      7.798 0.0000e+00
      7.951     -0.051   314.5596    12.3713     99.194 7.0061e+00      7.325    101.204  62.457848     3.0902     2.5684     5.8525  1000.0221     11.317      7.803 0.0000e+00
      7.935     -0.069   314.5389    12.3657     99.226 7.1460e+00      7.325    101.203  62.464613     2.9696     2.4786     5.8530  1000.0220     11.298      7.790 0.0000e+00
      7.902     -0.077   314.5585    12.3716     99.208 7.3550e+00      7.325    101.179  62.458886     2.7492     2.3751     5.8533  1000.0218     11.242      7.751 0.0000e+00
      7.863     -0.067   314.5381    12.3827     99.172 7.5341e+00      7.325    101.156  62.452111     2.6239     2.3071     5.8535  1000.0216     11.177      7.706 0.0000e+00
      7.833     -0.040   314.5510    12.3898     99.129 7.6184e+00      7.326    101.147  62.446196     2.6197     2.3054     5.8554  1000.0214     11.132      7.675 0.0000e+00
      7.820      0.000   314.7145    12.3955     99.066 7.5901e+00      7.327    101.166  62.450863     2.6808     2.4576     5.8595  1000.0212     11.112      7.662 0.0000e+00
      7.829      0.040   314.7942    12.3881     99.021 7.4581e+00      7.329    101.171  62.445034     2.7643     2.7130     5.8646  1000.0211     11.123      7.669 0.0000e+00
      7.860      0.069   314.7397    12.3816     99.016 7.2421e+00      7.329    101.172  62.439218     2.7964     2.7974     5.8692  1000.0211     11.174      7.704 0.0000e+00
      7.903      0.081   314.6582    12.3793     99.034 7.0433e+00      7.328    101.184  62.444036     2.8029     2.7263     5.8691  1000.0214     11.248      7.755 0.0000e+00
      7.938      0.077   314.5827    12.3692     99.082 6.9524e+00      7.328    101.176  62.439786     2.8517     2.6720     5.8639  1000.0217     11.301      7.792 0.0000e+00
      7.955      0.060   314.6015    12.3640     99.158 6.9304e+00      7.329    101.191  62.451322     2.9360     2.6531     5.8590  1000.0219     11.322      7.806 0.0000e+00
      7.959      0.037   314.6275    12.3665     99.199 6.9356e+00      7.330    101.195  62.456517     2.9820     2.6353     5.8561  1000.0220     11.323      7.807 0.0000e+00
      7.956      0.014   314.3799    12.3683     99.185 6.9502e+00      7.330    101.164  62.439103     2.9827     2.5935     5.8547  1000.0221     11.316      7.802 0.0000e+00
      7.956     -0.004   313.9306    12.3727     99.160 6.9599e+00      7.330    101.150  62.431273     2.9204     2.4887     5.8552  1000.0220     11.314      7.801 0.0000e+00
      7.956     -0.014   313.7559    12.3867     99.153 6.9668e+00      7.330    101.140  62.425349     2.8028     2.3587     5.8564  1000.0220     11.318      7.804 0.0000e+00
      7.953     -0.017   313.9015    12.3928     99.174 6.9898e+00      7.331    101.150  62.430970     2.7431     2.3206     5.8581  1000.0220     11.316      7.802 0.0000e+00
      7.944     -0.015   314.0568    12.3864     99.207 7.0474e+00      7.331    101.159  62.435739     2.7473     2.3354     5.8594  1000.0218     11.300      7.791 0.0000e+00
      7.933     -0.009   314.1703    12.3829     99.219 7.0911e+00      7.331    101.132  62.419510     2.7368     2.4005     5.8596  1000.0218     11.281      7.778 0.0000e+00
      7.928      0.001   314.2422    12.3810     99.203 7.0766e+00      7.332    101.140  62.425235     2.6999     2.5276     5.8599  1000.0217     11.272      7.771 0.0000e+00
      7.929      0.017   314.3241    12.3846     99.168 7.0327e+00      7.333    101.167  62.441464     2.6756     2.5746     5.8593  1000.0217     11.275      7.774 0.0000e+00
      7.937      0.036   314.4729    12.3914     99.135 6.9851e+00      7.333    101.143  62.425244     2.6752     2.5582     5.8582  1000.0218     11.289      7.784 0.0000e+00
      7.949      0.053   314.5785    12.3924     99.109 6.9088e+00      7.334    101.137  62.419614     2.6867     2.5686     5.8587  1000.0218     11.302      7.793 0.0000e+00
      7.967      0.066   314.5684    12.3905     99.045 6.7978e+00      7.334    101.167  62.436894     2.7397     2.6314     5.8597  1000.0219     11.326      7.809 0.0000e+00
      7.991      0.074   314.5224    12.3843     98.914 6.7131e+00      7.334    101.180  62.443670     2.8336     2.7366     5.8594  1000.0221     11.370      7.839 0.0000e+00
      8.014      0.077   314.6246    12.3799     98.772 6.6553e+00      7.335    101.173  62.438040     2.8818     2.7817     5.8584  1000.0222     11.402      7.861 0.0000e+00
      8.034      0.074   314.7708    12.3793     98.690 6.5758e+00      7.336    101.165  62.432324     2.8811     2.7675     5.8576  1000.0223     11.425      7.877 0.0000e+00
