Data/DataNotYetUploadedToEDI/Raw_CTD/RawDownloads/022822_ccr50_0001.cnv
* Sea-Bird SBE19plus  Data File:
* FileName = C:\R\Reservoirs\Data\DataNotYetUploadedToEDI\Raw_CTD\RawDownloads\022822_ccr50_0001.hex
* Software version 2.8.0.119
* Temperature SN = 7809
* Conductivity SN = 7809
* System UpLoad Time = Feb 28 2022 17:07:54
* <ApplicationData>
* <Seaterm232>
# nquan = 16
# nvalues = 2831                                  
# units = specified
# name 0 = depFM: Depth [fresh water, m]
# name 1 = dz/dtM: Descent Rate [m/s]
# name 2 = orp: Oxidation Reduction Potential [mV]
# name 3 = sbeox0Mg/L: Oxygen, SBE 43 [mg/l]
# name 4 = sbeox0PS: Oxygen, SBE 43 [% saturation]
# name 5 = par/sat/log: PAR/Logarithmic, Satlantic
# name 6 = ph: pH
# name 7 = specc: Specific Conductance [uS/cm]
# name 8 = c0uS/cm: Conductivity [uS/cm]
# name 9 = flECO-AFL: Fluorescence, WET Labs ECO-AFL/FL [mg/m^3]
# name 10 = turbWETntu0: Turbidity, WET Labs ECO [NTU]
# name 11 = tv290C: Temperature [ITS-90, deg C]
# name 12 = density00: Density [density, kg/m^3]
# name 13 = prdE: Pressure, Strain Gauge [psi]
# name 14 = prdM: Pressure, Strain Gauge [db]
# name 15 = flag:  0.000e+00
# span 0 =     -0.426,     21.312                 
# span 1 =     -0.452,      0.287                 
# span 2 = -1240.7455,   326.5826                 
# span 3 =     5.8803,    12.6558                 
# span 4 =     46.609,    102.246                 
# span 5 = 1.2348e-01, 4.3030e+03                 
# span 6 =     -2.735,      7.489                 
# span 7 =      9.116,    162.091                 
# span 8 =   6.936306,  98.756860                 
# span 9 =    -0.1314,   233.6502                 
# span 10 =   -11.6708,    55.2584                
# span 11 =     5.3491,    13.0459                
# span 12 =   999.3783,  1000.1205                
# span 13 =     -0.606,     30.312                
# span 14 =     -0.418,     20.899                
# span 15 = 0.0000e+00, 0.0000e+00                
# interval = seconds: 0.25
# start_time = Feb 28 2022 08:39:25 [Instrument's time stamp, header]
# bad_flag = -9.990e-29
*END*
[from data line 272]
      0.551      0.019   286.5296    12.3662     99.415 3.8437e+02      6.613    101.267  62.822141     0.6340     2.6830     6.0165   999.9817      0.784      0.541  0.000e+00
      0.543      0.011   286.2646    12.3738     99.484 3.7629e+02      6.615    101.258  62.822141     0.6083     2.7131     6.0195   999.9816      0.772      0.532  0.000e+00
      0.534      0.002   285.9617    12.3775     99.528 3.7450e+02      6.619    101.150  62.766260     0.6010     2.3975     6.0250   999.9813      0.760      0.524  0.000e+00
      0.535     -0.005   285.8103    12.3807     99.569 3.7751e+02      6.622    101.084  62.738319     0.5900     2.3373     6.0312   999.9811      0.761      0.525  0.000e+00
      0.547     -0.007   285.5453    12.3754     99.521 4.0281e+02      6.623    101.002  62.682441     0.5827     2.3975     6.0289   999.9812      0.777      0.536  0.000e+00
      0.561     -0.004   286.0374    12.3664     99.435 3.7515e+02      6.626    101.020  62.682442     0.6193     2.4275     6.0235   999.9814      0.798      0.550  0.000e+00
      0.573      0.004   286.9082    12.3589     99.354 3.6781e+02      6.628    101.181  62.766262     0.6450     2.7281     6.0153   999.9818      0.815      0.562  0.000e+00
      0.587      0.016   287.4003    12.3430     99.219 3.7653e+02      6.633    101.146  62.738323     0.6120     2.5928     6.0123   999.9819      0.834      0.575  0.000e+00
      0.603      0.029   286.9839    12.3360     99.160 3.6893e+02      6.637    101.149  62.738324     0.5937     2.5628     6.0114   999.9821      0.857      0.591  0.000e+00
      0.617      0.041   287.2489    12.3393     99.183 4.0124e+02      6.635    101.063  62.682445     0.6083     2.5027     6.0100   999.9821      0.877      0.605  0.000e+00
      0.619      0.047   288.4225    12.3369     99.161 3.9059e+02      6.637    101.112  62.710385     0.6376     2.3524     6.0090   999.9822      0.881      0.607  0.000e+00
      0.609      0.043   287.5517    12.3554     99.312 4.0491e+02      6.635    101.154  62.738324     0.6816     2.3674     6.0098   999.9821      0.866      0.597  0.000e+00
      0.598      0.031   287.1732    12.3591     99.346 4.3865e+02      6.636    101.058  62.682444     0.6669     2.4275     6.0116   999.9820      0.850      0.586  0.000e+00
      0.596      0.018   287.2110    12.3630     99.392 4.4411e+02      6.639    101.175  62.766262     0.6852     2.3975     6.0171   999.9819      0.848      0.585  0.000e+00
      0.608      0.010   286.8703    12.3631     99.403 5.0496e+02      6.642    101.116  62.738322     0.6340     2.3373     6.0215   999.9818      0.865      0.596  0.000e+00
      0.625      0.007   287.5896    12.3510     99.306 6.9792e+02      6.645    101.115  62.738322     0.6523     2.2622     6.0217   999.9818      0.889      0.613  0.000e+00
      0.638      0.009   288.0060    12.3526     99.310 8.4671e+02      6.648    101.037  62.682443     0.6889     2.5478     6.0182   999.9820      0.907      0.626  0.000e+00
      0.642      0.013   288.6875    12.3561     99.333 5.5818e+02      6.652    101.179  62.766263     0.6926     2.3975     6.0159   999.9821      0.913      0.630  0.000e+00
      0.643      0.020   289.3689    12.3568     99.338 9.4494e+02      6.650    101.135  62.738323     0.6633     2.3674     6.0157   999.9821      0.914      0.630  0.000e+00
      0.639      0.025   289.7096    12.3578     99.343 1.3197e+03      6.651    101.049  62.682444     0.6083     2.2472     6.0145   999.9821      0.909      0.627  0.000e+00
      0.640      0.025   289.6717    12.3517     99.292 8.1996e+02      6.655    101.142  62.738323     0.5790     2.3524     6.0135   999.9822      0.910      0.627  0.000e+00
      0.648      0.022   289.2553    12.3489     99.267 5.3658e+02      6.657    101.189  62.766263     0.6120     2.3824     6.0128   999.9822      0.922      0.636  0.000e+00
      0.658      0.018   289.5582    12.3363     99.169 6.0759e+02      6.659    101.276  62.822143     0.6120     2.4576     6.0140   999.9823      0.937      0.646  0.000e+00
      0.666      0.015   289.6339    12.3513     99.291 6.7557e+02      6.661    101.138  62.738323     0.6120     2.3824     6.0148   999.9822      0.948      0.653  0.000e+00
      0.672      0.016   289.8232    12.3580     99.346 5.2861e+02      6.664    101.137  62.738323     0.5937     2.2622     6.0150   999.9823      0.956      0.659  0.000e+00
      0.675      0.019   290.1260    12.3648     99.398 5.2008e+02      6.665    101.185  62.766263     0.6120     2.2922     6.0143   999.9823      0.960      0.662  0.000e+00
      0.678      0.022   290.4289    12.3578     99.341 6.1208e+02      6.666    101.142  62.738324     0.6120     2.3524     6.0136   999.9823      0.964      0.665  0.000e+00
      0.682      0.023   290.7696    12.3375     99.173 7.6018e+02      6.672    101.147  62.738324     0.6376     2.4275     6.0120   999.9824      0.970      0.668  0.000e+00
      0.688      0.022   291.1860    12.3367     99.164 9.9500e+02      6.670    101.106  62.710385     0.6193     2.3674     6.0109   999.9825      0.979      0.675  0.000e+00
      0.696      0.021   291.1482    12.3384     99.179 1.2035e+03      6.673    101.149  62.738324     0.5974     2.3824     6.0113   999.9825      0.990      0.683  0.000e+00
      0.705      0.021   291.3375    12.3493     99.267 5.7577e+02      6.674    101.059  62.682445     0.6047     2.3674     6.0114   999.9825      1.003      0.691  0.000e+00
      0.714      0.022   291.7917    12.3653     99.392 6.8368e+02      6.678    101.154  62.738325     0.5864     2.4876     6.0100   999.9826      1.016      0.700  0.000e+00
      0.721      0.025   292.8896    12.3610     99.353 6.3301e+02      6.680    101.204  62.766265     0.6010     2.5478     6.0083   999.9827      1.026      0.707  0.000e+00
      0.725      0.027   293.7225    12.3609     99.348 6.0732e+02      6.681    101.074  62.682446     0.6010     2.7882     6.0068   999.9828      1.032      0.711  0.000e+00
      0.728      0.027   294.2146    12.3671     99.394 5.4585e+02      6.683    101.079  62.682446     0.6157     2.6530     6.0053   999.9828      1.036      0.714  0.000e+00
      0.730      0.025   294.0253    12.3713     99.423 7.2147e+02      6.686    101.086  62.682447     0.6303     2.3073     6.0032   999.9829      1.039      0.716  0.000e+00
      0.736      0.023   294.2146    12.3787     99.482 6.6366e+02      6.688    101.312  62.822145     0.6559     2.2472     6.0029   999.9830      1.046      0.721  0.000e+00
      0.738      0.020   294.7446    12.3906     99.582 6.1248e+02      6.689    101.170  62.738326     0.6523     2.2622     6.0049   999.9829      1.050      0.724  0.000e+00
      0.730      0.014   294.2525    12.3761     99.470 6.1076e+02      6.689    101.164  62.738325     0.6486     2.3073     6.0066   999.9828      1.039      0.716  0.000e+00
      0.720      0.005   294.0632    12.3715     99.433 5.5685e+02      6.691    101.075  62.682446     0.6230     2.7732     6.0065   999.9827      1.024      0.706  0.000e+00
      0.712     -0.003   292.9275    12.3651     99.376 7.1415e+02      6.691    101.217  62.766265     0.6157     2.6680     6.0043   999.9828      1.013      0.699  0.000e+00
      0.717     -0.007   291.9810    12.3555     99.299 4.9810e+02      6.695    101.171  62.738326     0.6486     2.6229     6.0045   999.9828      1.020      0.704  0.000e+00
      0.732     -0.006   291.6025    12.3591     99.337 4.8784e+02      6.696    101.161  62.738325     0.5864     2.5478     6.0076   999.9828      1.042      0.718  0.000e+00
      0.746     -0.000   291.5646    12.3603     99.348 5.5156e+02      6.700    101.069  62.682446     0.6193     2.5778     6.0083   999.9828      1.062      0.732  0.000e+00
      0.757      0.007   291.6782    12.3745     99.454 5.1749e+02      6.700    101.213  62.766265     0.5937     2.3674     6.0056   999.9830      1.077      0.743  0.000e+00
      0.767      0.018   291.2617    12.3817     99.503 5.0529e+02      6.702    101.181  62.738327     0.6193     2.4125     6.0016   999.9832      1.091      0.752  0.000e+00
      0.782      0.031   290.9967    12.3817     99.494 4.9606e+02      6.705    101.192  62.738327     0.6193     2.3975     5.9982   999.9833      1.112      0.767  0.000e+00
      0.798      0.042   291.1482    12.3797     99.470 5.0147e+02      6.705    101.158  62.710389     0.6120     2.4275     5.9947   999.9835      1.135      0.783  0.000e+00
      0.805      0.048   291.7917    12.3719     99.387 5.1080e+02      6.706    101.229  62.738330     0.6083     2.4576     5.9867   999.9838      1.145      0.790  0.000e+00
      0.804      0.045   291.2996    12.3639     99.306 4.9295e+02      6.704    101.161  62.682452     0.6047     2.4576     5.9802   999.9840      1.144      0.789  0.000e+00
      0.800      0.037   290.2017    12.3562     99.243 4.9767e+02      6.709    101.162  62.682452     0.6157     2.7131     5.9798   999.9840      1.138      0.785  0.000e+00
      0.800      0.029   290.1260    12.3215     98.966 5.0925e+02      6.712    101.295  62.766271     0.6157     2.6379     5.9804   999.9840      1.137      0.784  0.000e+00
      0.804      0.021   289.7475    12.3153     98.924 5.5528e+02      6.712    101.240  62.738331     0.6157     2.5177     5.9836   999.9839      1.144      0.789  0.000e+00
      0.810      0.016   290.0503    12.2963     98.778 6.4830e+02      6.713    101.230  62.738330     0.5974     2.2922     5.9866   999.9839      1.152      0.795  0.000e+00
      0.816      0.011   289.6717    12.3098     98.894 8.2729e+02      6.717    101.222  62.738329     0.6010     2.4576     5.9890   999.9838      1.161      0.800  0.000e+00
      0.820      0.009   290.0125    12.3219     98.998 6.5950e+02      6.715    101.257  62.766269     0.5717     2.2622     5.9922   999.9837      1.166      0.804  0.000e+00
      0.821      0.010   290.0882    12.3313     99.077 6.9958e+02      6.718    101.118  62.682449     0.6376     2.5928     5.9934   999.9836      1.167      0.805  0.000e+00
      0.821      0.012   289.7096    12.3461     99.196 7.3697e+02      6.716    101.117  62.682449     0.6267     2.6830     5.9935   999.9836      1.167      0.805  0.000e+00
      0.825      0.013   289.3689    12.3447     99.182 6.5239e+02      6.718    101.211  62.738329     0.6120     2.6229     5.9923   999.9837      1.174      0.809  0.000e+00
      0.838      0.016   289.3689    12.3378     99.121 7.2413e+02      6.718    101.264  62.766269     0.6157     2.4726     5.9900   999.9839      1.192      0.822  0.000e+00
      0.851      0.019   289.9367    12.3294     99.048 8.0098e+02      6.722    101.226  62.738330     0.5864     2.5027     5.9877   999.9840      1.211      0.835  0.000e+00
      0.864      0.024   290.1639    12.3445     99.161 6.3000e+02      6.722    101.236  62.738331     0.6267     2.5778     5.9846   999.9842      1.229      0.847  0.000e+00
      0.871      0.028   290.4289    12.3655     99.321 6.3978e+02      6.725    101.202  62.710392     0.5937     2.7131     5.9813   999.9843      1.238      0.854  0.000e+00
      0.870      0.030   290.5046    12.3809     99.440 7.0004e+02      6.723    101.163  62.682453     0.6193     2.5778     5.9795   999.9843      1.238      0.853  0.000e+00
      0.872      0.031   289.7475    12.3840     99.466 5.8407e+02      6.726    101.253  62.738332     0.5790     2.2922     5.9797   999.9844      1.240      0.855  0.000e+00
      0.879      0.030   289.6717    12.3806     99.440 5.8217e+02      6.730    101.160  62.682452     0.5864     2.3373     5.9803   999.9843      1.251      0.862  0.000e+00
      0.903      0.032   289.9367    12.3681     99.338 5.8941e+02      6.732    101.297  62.766272     0.5790     2.2772     5.9798   999.9845      1.284      0.885  0.000e+00
      0.927      0.035   289.9746    12.3535     99.215 6.0614e+02      6.733    101.259  62.738332     0.5937     2.3223     5.9777   999.9847      1.318      0.909  0.000e+00
      0.938      0.040   290.2396    12.3357     99.065 8.7074e+02      6.731    101.180  62.682454     0.5974     2.2922     5.9744   999.9848      1.335      0.920  0.000e+00
      0.943      0.044   290.0882    12.3456     99.138 8.1535e+02      6.734    101.188  62.682455     0.5937     2.5628     5.9718   999.9849      1.342      0.925  0.000e+00
      0.949      0.047   289.8610    12.3505     99.173 7.8260e+02      6.734    101.238  62.710394     0.6267     2.5928     5.9703   999.9850      1.349      0.930  0.000e+00
      0.956      0.048   290.2396    12.3639     99.282 7.6814e+02      6.735    101.282  62.738334     0.6010     2.6079     5.9708   999.9851      1.360      0.937  0.000e+00
      0.964      0.046   290.1260    12.3676     99.315 6.2551e+02      6.734    101.187  62.682455     0.5864     2.5928     5.9720   999.9850      1.371      0.945  0.000e+00
      0.974      0.041   290.3532    12.3700     99.328 7.7450e+02      6.736    101.195  62.682455     0.6267     2.6229     5.9696   999.9851      1.385      0.955  0.000e+00
      0.980      0.033   290.2396    12.3737     99.348 9.3292e+02      6.734    101.343  62.766275     0.5974     2.6379     5.9659   999.9853      1.393      0.961  0.000e+00
      0.985      0.028   290.3910    12.3620     99.248 7.7736e+02      6.735    101.306  62.738336     0.6230     2.6229     5.9633   999.9854      1.401      0.966  0.000e+00
      0.991      0.027   290.6560    12.3555     99.197 7.0614e+02      6.738    101.305  62.738336     0.6010     2.6079     5.9636   999.9854      1.409      0.971  0.000e+00
      0.996      0.027   290.2017    12.3504     99.161 7.9855e+02      6.736    101.299  62.738335     0.6669     2.6830     5.9654   999.9854      1.417      0.977  0.000e+00
      1.004      0.026   290.2396    12.3562     99.221 6.2578e+02      6.737    101.235  62.710395     0.6633     2.6680     5.9712   999.9853      1.427      0.984  0.000e+00
      1.015      0.027   290.5803    12.3597     99.271 5.6146e+02      6.739    101.252  62.738333     0.6486     2.6830     5.9798   999.9850      1.444      0.996  0.000e+00
      1.022      0.027   290.8453    12.3668     99.348 5.9378e+02      6.737    101.137  62.682452     0.6962     2.7131     5.9875   999.9848      1.454      1.002  0.000e+00
      1.023      0.026   291.2239    12.3637     99.332 7.3139e+02      6.739    101.169  62.710391     0.5607     2.7131     5.9913   999.9847      1.455      1.003  0.000e+00
      1.014      0.022   291.2617    12.3532     99.250 5.1002e+02      6.739    101.122  62.682451     0.5168     2.5327     5.9922   999.9846      1.442      0.994  0.000e+00
      1.000      0.013   290.5425    12.3215     99.000 6.2741e+02      6.739    101.206  62.738330     0.5314     2.5628     5.9939   999.9845      1.422      0.981  0.000e+00
      0.990      0.002   290.5046    12.3090     98.916 6.1182e+02      6.744    101.319  62.822147     0.5461     2.6079     6.0006   999.9843      1.408      0.971  0.000e+00
      0.997     -0.005   290.3153    12.3264     99.068 6.1328e+02      6.745    101.304  62.822146     0.6193     2.3975     6.0052   999.9842      1.419      0.978  0.000e+00
      1.019     -0.005   290.2017    12.3427     99.204 5.5540e+02      6.750    101.162  62.738327     0.6157     2.4425     6.0075   999.9842      1.450      1.000  0.000e+00
      1.037      0.000   290.5425    12.3599     99.339 5.4704e+02      6.752    101.075  62.682448     0.6010     2.2772     6.0065   999.9843      1.475      1.017  0.000e+00
      1.048      0.010   290.8075    12.3585     99.322 5.1402e+02      6.756    101.173  62.738328     0.5900     2.4425     6.0041   999.9844      1.490      1.027  0.000e+00
