Data/DataNotYetUploadedToEDI/Raw_CTD/RawDownloads/022822_ccr50_0001.cnv
* Sea-Bird SBE19plus  Data File:
* FileName = C:\R\Reservoirs\Data\DataNotYetUploadedToEDI\Raw_CTD\RawDownloads\022822_ccr50_0001.hex
* Software version 2.8.0.119
* Temperature SN = 7809
* Conductivity SN = 7809
* System UpLoad Time = Feb 28 2022 17:07:54
* <ApplicationData>
* <Seaterm232>
# nquan = 16
# nvalues = 2831                                  
# units = specified
# name 0 = depFM: Depth [fresh water, m]
# name 1 = dz/dtM: Descent Rate [m/s]
# name 2 = orp: Oxidation Reduction Potential [mV]
# name 3 = sbeox0Mg/L: Oxygen, SBE 43 [mg/l]
# name 4 = sbeox0PS: Oxygen, SBE 43 [% saturation]
# name 5 = par/sat/log: PAR/Logarithmic, Satlantic
# name 6 = ph: pH
# name 7 = specc: Specific Conductance [uS/cm]
# name 8 = c0uS/cm: Conductivity [uS/cm]
# name 9 = flECO-AFL: Fluorescence, WET Labs ECO-AFL/FL [mg/m^3]
# name 10 = turbWETntu0: Turbidity, WET Labs ECO [NTU]
# name 11 = tv290C: Temperature [ITS-90, deg C]
# name 12 = density00: Density [density, kg/m^3]
# name 13 = prdE: Pressure, Strain Gauge [psi]
# name 14 = prdM: Pressure, Strain Gauge [db]
# name 15 = flag:  0.000e+00
# span 0 =     -0.426,     21.312                 
# span 1 =     -0.452,      0.287                 
# span 2 = -1240.7455,   326.5826                 
# span 3 =     5.8803,    12.6558                 
# span 4 =     46.609,    102.246                 
# span 5 = 1.2348e-01, 4.3030e+03                 
# span 6 =     -2.735,      7.489                 
# span 7 =      9.116,    162.091                 
# span 8 =   6.936306,  98.756860                 
# span 9 =    -0.1314,   233.6502                 
# span 10 =   -11.6708,    55.2584                
# span 11 =     5.3491,    13.0459                
# span 12 =   999.3783,  1000.1205                
# span 13 =     -0.606,     30.312                
# span 14 =     -0.418,     20.899                
# span 15 = 0.0000e+00, 0.0000e+00                
# interval = seconds: 0.25
# start_time = Feb 28 2022 08:39:25 [Instrument's time stamp, header]
# bad_flag = -9.990e-29
*END*
[from data line 1628]
     11.885      0.045   319.1247    12.3845     98.908 6.5081e-01      7.433    101.305  62.319351     2.9375     2.9235     5.7569  1000.0437     16.905     11.656  0.000e+00
     11.895      0.043   319.7683    12.3865     98.927 6.5081e-01      7.430    101.301  62.319351     2.9265     2.7882     5.7580  1000.0437     16.918     11.665  0.000e+00
     11.910      0.044   319.6168    12.3764     98.840 6.3299e-01      7.431    101.401  62.375230     2.9082     2.6379     5.7554  1000.0439     16.940     11.680  0.000e+00
     11.930      0.049   319.7304    12.3815     98.864 6.1259e-01      7.434    101.468  62.403170     2.9045     2.7131     5.7488  1000.0442     16.968     11.699  0.000e+00
     11.950      0.054   319.6168    12.3675     98.736 6.4434e-01      7.431    101.489  62.403172     3.0766     2.8484     5.7423  1000.0445     16.997     11.719  0.000e+00
     11.968      0.057   319.7683    12.3521     98.604 5.9711e-01      7.430    101.501  62.403173     3.0290     2.8935     5.7389  1000.0447     17.023     11.737  0.000e+00
     11.981      0.060   319.5790    12.3422     98.527 6.3836e-01      7.431    101.453  62.375233     3.0693     2.8935     5.7395  1000.0447     17.041     11.749  0.000e+00
     11.994      0.062   319.7683    12.3311     98.443 6.3588e-01      7.430    101.356  62.319355     3.0547     2.8784     5.7415  1000.0447     17.060     11.763  0.000e+00
     12.012      0.064   319.6168    12.3218     98.375 6.0010e-01      7.434    101.484  62.403172     3.0071     2.8333     5.7439  1000.0447     17.085     11.780  0.000e+00
     12.029      0.066   319.5033    12.3441     98.545 6.0297e-01      7.435    101.586  62.459051     2.9302     3.0738     5.7405  1000.0449     17.109     11.796  0.000e+00
     12.046      0.065   319.6925    12.3528     98.601 5.6266e-01      7.432    101.649  62.486992     2.9338     2.8484     5.7354  1000.0452     17.133     11.813  0.000e+00
     12.063      0.064   319.6925    12.3640     98.683 5.7587e-01      7.434    101.522  62.403174     2.9375     2.9836     5.7325  1000.0453     17.158     11.830  0.000e+00
     12.077      0.062   319.6925    12.3740     98.762 5.6424e-01      7.434    101.524  62.403175     2.9192     3.0438     5.7319  1000.0454     17.177     11.843  0.000e+00
     12.084      0.060   320.0333    12.3660     98.697 5.6817e-01      7.431    101.388  62.319357     3.0071     2.8484     5.7317  1000.0454     17.187     11.850  0.000e+00
     12.098      0.059   320.1847    12.3769     98.784 5.8152e-01      7.432    101.570  62.431114     3.0217     2.8784     5.7317  1000.0455     17.208     11.865  0.000e+00
     12.123      0.060   319.8818    12.3692     98.722 5.7774e-01      7.432    101.525  62.403175     3.0254     2.9085     5.7315  1000.0456     17.243     11.889  0.000e+00
     12.152      0.063   320.3740    12.3664     98.699 5.6768e-01      7.433    101.526  62.403175     3.0400     3.0287     5.7312  1000.0458     17.284     11.917  0.000e+00
     12.172      0.067   320.2983    12.3812     98.816 5.4311e-01      7.431    101.527  62.403175     3.0473     3.0137     5.7309  1000.0459     17.313     11.937  0.000e+00
     12.181      0.069   320.6011    12.3780     98.792 5.5816e-01      7.436    101.572  62.431115     3.0327     3.0588     5.7310  1000.0459     17.326     11.946  0.000e+00
     12.185      0.067   320.3361    12.3910     98.895 5.7612e-01      7.435    101.526  62.403175     3.0400     2.8333     5.7311  1000.0459     17.331     11.949  0.000e+00
     12.192      0.064   320.0333    12.3878     98.869 5.3690e-01      7.436    101.527  62.403175     3.0473     2.8183     5.7310  1000.0460     17.341     11.956  0.000e+00
     12.206      0.060   320.0333    12.3716     98.739 5.2858e-01      7.435    101.573  62.431115     3.0327     2.5778     5.7309  1000.0460     17.361     11.970  0.000e+00
     12.223      0.055   320.1090    12.3866     98.857 5.2767e-01      7.436    101.622  62.459054     3.0327     2.6830     5.7297  1000.0462     17.386     11.987  0.000e+00
     12.239      0.049   320.2604    12.3864     98.850 5.4076e-01      7.435    101.719  62.514934     3.0400     2.5478     5.7278  1000.0463     17.407     12.002  0.000e+00
     12.255      0.047   320.1468    12.3911     98.884 5.0724e-01      7.435    101.633  62.459055     3.0437     2.5478     5.7262  1000.0464     17.431     12.018  0.000e+00
     12.269      0.049   320.1847    12.4001     98.956 5.0188e-01      7.433    101.587  62.431116     3.0364     2.7882     5.7265  1000.0465     17.450     12.031  0.000e+00
     12.275      0.051   320.1090    12.3803     98.799 5.2767e-01      7.437    101.631  62.459055     3.0364     2.8183     5.7271  1000.0465     17.460     12.038  0.000e+00
     12.284      0.053   320.4497    12.4000     98.954 5.2858e-01      7.437    101.635  62.459056     3.0364     2.8033     5.7258  1000.0466     17.472     12.047  0.000e+00
     12.296      0.051   320.2604    12.3931     98.894 4.9873e-01      7.435    101.732  62.514935     3.0510     2.8935     5.7241  1000.0467     17.488     12.058  0.000e+00
     12.310      0.049   319.7683    12.3979     98.931 4.8867e-01      7.439    101.597  62.431117     2.9631     2.8784     5.7235  1000.0468     17.509     12.072  0.000e+00
     12.326      0.047   320.4875    12.4094     99.026 4.8613e-01      7.434    101.638  62.459056     3.0107     2.8183     5.7250  1000.0468     17.531     12.087  0.000e+00
     12.338      0.047   320.1090    12.4014     98.970 4.8824e-01      7.436    101.628  62.459056     2.9851     2.8333     5.7279  1000.0468     17.549     12.100  0.000e+00
     12.347      0.046   320.3740    12.4062     99.013 4.8560e-01      7.435    101.530  62.403177     2.9814     2.7281     5.7299  1000.0467     17.562     12.108  0.000e+00
     12.356      0.046   319.7304    12.3964     98.937 4.6217e-01      7.436    101.574  62.431116     2.9997     2.8183     5.7306  1000.0468     17.574     12.117  0.000e+00
     12.371      0.048   320.2604    12.3764     98.775 4.8214e-01      7.435    101.713  62.514934     2.9302     2.8484     5.7296  1000.0469     17.595     12.132  0.000e+00
     12.391      0.050   320.0333    12.3631     98.662 4.6995e-01      7.435    101.722  62.514935     2.9338     2.8784     5.7269  1000.0471     17.625     12.152  0.000e+00
     12.419      0.055   320.2983    12.3427     98.491 4.4083e-01      7.437    101.733  62.514936     2.8972     2.7732     5.7237  1000.0473     17.664     12.179  0.000e+00
     12.448      0.063   320.1090    12.3401     98.465 4.6157e-01      7.438    101.785  62.542876     2.9118     2.8183     5.7217  1000.0475     17.705     12.207  0.000e+00
     12.471      0.071   320.1090    12.3510     98.550 4.5997e-01      7.436    101.833  62.570815     3.2085     2.9235     5.7208  1000.0477     17.738     12.230  0.000e+00
     12.484      0.078   320.2983    12.3766     98.753 4.5098e-01      7.437    101.836  62.570816     3.2231     3.0438     5.7201  1000.0478     17.757     12.243  0.000e+00
     12.496      0.081   320.1847    12.4000     98.937 4.4952e-01      7.438    101.884  62.598755     3.1828     2.9686     5.7191  1000.0479     17.774     12.255  0.000e+00
     12.504      0.079   320.4497    12.4170     99.071 4.3522e-01      7.439    101.750  62.514937     3.2268     2.8634     5.7184  1000.0479     17.785     12.262  0.000e+00
     12.513      0.072   320.2604    12.4082     99.000 4.5294e-01      7.437    101.842  62.570816     3.0693     2.8484     5.7183  1000.0480     17.798     12.271  0.000e+00
     12.529      0.063   320.1847    12.4074     98.996 4.1216e-01      7.437    101.839  62.570816     3.0913     2.9235     5.7190  1000.0480     17.820     12.287  0.000e+00
     12.546      0.056   320.2983    12.3952     98.904 4.3315e-01      7.434    101.786  62.542876     3.0766     2.9385     5.7215  1000.0480     17.845     12.304  0.000e+00
     12.562      0.052   320.4118    12.3924     98.882 4.5196e-01      7.438    101.921  62.626695     3.1023     2.9836     5.7217  1000.0481     17.868     12.319  0.000e+00
     12.580      0.052   319.9575    12.3883     98.846 4.3949e-01      7.435    101.836  62.570816     2.9924     2.8333     5.7198  1000.0482     17.893     12.337  0.000e+00
     12.599      0.056   320.1847    12.3892     98.850 4.0349e-01      7.439    101.840  62.570816     2.9851     2.6830     5.7187  1000.0484     17.919     12.355  0.000e+00
     12.615      0.060   320.4497    12.4137     99.043 4.1801e-01      7.439    101.799  62.542877     3.0071     2.9235     5.7176  1000.0485     17.943     12.371  0.000e+00
     12.629      0.064   320.5633    12.4192     99.083 4.2773e-01      7.438    101.757  62.514938     2.9741     2.6981     5.7165  1000.0485     17.963     12.385  0.000e+00
     12.643      0.065   320.1090    12.4378     99.231 3.8369e-01      7.438    101.848  62.570817     3.3000     2.8484     5.7163  1000.0486     17.982     12.398  0.000e+00
     12.650      0.062   320.9040    12.4413     99.258 3.8737e-01      7.436    101.850  62.570817     3.3440     2.8183     5.7159  1000.0487     17.993     12.406  0.000e+00
     12.654      0.056   320.5633    12.4427     99.268 4.3968e-01      7.438    101.806  62.542878     3.3293     2.9385     5.7153  1000.0487     17.998     12.409  0.000e+00
     12.658      0.048   320.9797    12.4498     99.324 3.9543e-01      7.438    101.762  62.514939     3.3183     2.8033     5.7149  1000.0487     18.004     12.413  0.000e+00
     12.670      0.042   320.7147    12.4479     99.308 3.9372e-01      7.439    101.944  62.626697     3.3257     2.7131     5.7148  1000.0488     18.021     12.425  0.000e+00
     12.692      0.040   320.6390    12.4469     99.299 3.6430e-01      7.440    101.900  62.598757     3.2414     2.7732     5.7144  1000.0489     18.053     12.447  0.000e+00
     12.708      0.041   320.6768    12.4540     99.356 3.8136e-01      7.438    101.764  62.514939     3.2561     2.7281     5.7143  1000.0490     18.076     12.463  0.000e+00
     12.715      0.042   320.7904    12.4450     99.285 3.9227e-01      7.440    101.853  62.570818     3.2671     2.8784     5.7149  1000.0490     18.085     12.469  0.000e+00
     12.719      0.042   321.0175    12.4551     99.367 3.5819e-01      7.439    101.851  62.570818     3.2817     2.8183     5.7154  1000.0490     18.091     12.473  0.000e+00
     12.728      0.043   320.3740    12.4450     99.286 3.7012e-01      7.439    101.897  62.598757     3.2707     2.9235     5.7153  1000.0491     18.104     12.482  0.000e+00
     12.740      0.044   320.3740    12.4455     99.290 3.7684e-01      7.440    101.760  62.514939     3.2707     2.7882     5.7154  1000.0491     18.120     12.493  0.000e+00
     12.751      0.043   320.5254    12.4498     99.323 3.7036e-01      7.438    101.854  62.570818     3.2634     2.7732     5.7146  1000.0492     18.136     12.504  0.000e+00
     12.761      0.040   320.4497    12.4442     99.276 3.7359e-01      7.436    101.856  62.570818     3.2671     2.8634     5.7139  1000.0493     18.151     12.514  0.000e+00
     12.768      0.036   320.3740    12.4436     99.272 3.7124e-01      7.441    101.901  62.598758     3.0327     2.8935     5.7141  1000.0493     18.160     12.521  0.000e+00
     12.772      0.034   320.8283    12.4431     99.268 3.6092e-01      7.436    101.856  62.570818     3.0766     2.8935     5.7141  1000.0493     18.166     12.525  0.000e+00
     12.777      0.033   320.8283    12.4373     99.221 3.5517e-01      7.437    101.856  62.570818     3.0583     2.8484     5.7139  1000.0493     18.174     12.530  0.000e+00
     12.795      0.035   320.2604    12.4267     99.137 3.6676e-01      7.439    101.856  62.570819     3.0254     2.7882     5.7139  1000.0494     18.199     12.548  0.000e+00
     12.828      0.041   320.8283    12.4143     99.038 3.5218e-01      7.439    101.811  62.542879     3.3220     2.9836     5.7138  1000.0496     18.246     12.580  0.000e+00
     12.863      0.052   320.6768    12.4241     99.114 3.3774e-01      7.440    101.859  62.570819     3.2927     3.0137     5.7131  1000.0498     18.295     12.614  0.000e+00
     12.884      0.064   320.7525    12.4350     99.199 3.4612e-01      7.439    101.953  62.626699     3.3220     2.9385     5.7121  1000.0499     18.325     12.635  0.000e+00
     12.893      0.072   320.7147    12.4447     99.273 3.5928e-01      7.440    101.866  62.570820     3.3293     3.0287     5.7109  1000.0500     18.338     12.644  0.000e+00
     12.906      0.078   320.5254    12.4468     99.288 3.3628e-01      7.441    101.913  62.598759     3.2854     3.1039     5.7104  1000.0501     18.357     12.657  0.000e+00
     12.927      0.082   320.7147    12.4430     99.258 3.7586e-01      7.441    101.959  62.626699     3.2671     2.9085     5.7104  1000.0502     18.386     12.677  0.000e+00
     12.947      0.082   320.8283    12.4407     99.237 2.9769e-01      7.440    101.871  62.570820     3.2817     2.9235     5.7095  1000.0503     18.415     12.697  0.000e+00
     12.967      0.078   320.9418    12.4271     99.125 3.3526e-01      7.440    101.920  62.598760     3.2671     2.8333     5.7083  1000.0504     18.443     12.716  0.000e+00
     12.987      0.073   321.0554    12.4225     99.089 2.9099e-01      7.441    101.874  62.570821     3.3440     2.8784     5.7085  1000.0505     18.472     12.736  0.000e+00
     13.013      0.072   320.5254    12.4180     99.055 3.1936e-01      7.442    101.963  62.626700     3.3367     2.6981     5.7091  1000.0506     18.509     12.761  0.000e+00
     13.037      0.077   320.8283    12.4175     99.051 3.2552e-01      7.441    101.964  62.626700     3.3183     2.7281     5.7089  1000.0508     18.543     12.785  0.000e+00
     13.057      0.083   321.0175    12.4305     99.151 3.1971e-01      7.439    102.014  62.654640     3.3513     2.8033     5.7076  1000.0509     18.572     12.805  0.000e+00
     13.070      0.083   320.7525    12.4456     99.266 2.8400e-01      7.441    101.974  62.626701     3.3147     2.6830     5.7057  1000.0510     18.590     12.817  0.000e+00
     13.077      0.078   321.5854    12.4491     99.292 2.5871e-01      7.443    101.977  62.626701     3.3220     3.0137     5.7049  1000.0511     18.600     12.824  0.000e+00
     13.085      0.072   321.2825    12.4530     99.324 2.7130e-01      7.443    102.069  62.682580     3.3476     2.8935     5.7047  1000.0512     18.612     12.832  0.000e+00
     13.101      0.065   321.1690    12.4491     99.293 2.6820e-01      7.441    102.022  62.654641     3.3586     2.9536     5.7049  1000.0512     18.635     12.848  0.000e+00
     13.118      0.059   321.3961    12.4429     99.244 3.1957e-01      7.443    101.976  62.626701     3.3476     2.8183     5.7053  1000.0513     18.659     12.865  0.000e+00
     13.131      0.054   321.2068    12.4432     99.247 2.7629e-01      7.444    102.067  62.682580     3.3403     2.7882     5.7053  1000.0514     18.677     12.877  0.000e+00
     13.140      0.049   321.0175    12.4268     99.116 2.9512e-01      7.442    101.976  62.626701     3.3513     2.8784     5.7053  1000.0514     18.689     12.886  0.000e+00
     13.155      0.049   320.8661    12.4215     99.072 2.6553e-01      7.443    102.023  62.654641     3.3293     2.8634     5.7049  1000.0515     18.711     12.901  0.000e+00
     13.176      0.052   320.8661    12.4142     99.012 2.4832e-01      7.445    101.980  62.626702     3.3330     2.8333     5.7042  1000.0516     18.741     12.922  0.000e+00
     13.199      0.058   321.0933    12.4249     99.096 2.7664e-01      7.442    101.891  62.570823     3.2817     2.7281     5.7034  1000.0517     18.774     12.944  0.000e+00
