Data/DataNotYetUploadedToEDI/Raw_CTD/RawDownloads/030623_fcr50_S8188006.cnv
* Sea-Bird SBE19plus  Data File:
* FileName = C:\R\Reservoirs\Data\DataNotYetUploadedToEDI\Raw_CTD\RawDownloads\011123_fcr50_S8188_0006.hex
* Software version 2.8.0.119
* Temperature SN = 8188
* Conductivity SN = 8188
* System UpLoad Time = Mar 20 2023 14:56:38
* <ApplicationData>
* <Seaterm232>
# nquan = 16
# nvalues = 1018                        
# units = specified
# name 0 = depFM: Depth [fresh water, m]
# name 1 = dz/dtM: Descent Rate [m/s]
# name 2 = sbeox0Mg/L: Oxygen, SBE 43 [mg/l]
# name 3 = sbeox0PS: Oxygen, SBE 43 [% saturation]
# name 4 = specc: Specific Conductance [uS/cm]
# name 5 = c0uS/cm: Conductivity [uS/cm]
# name 6 = wetCDOM: Fluorescence, WET Labs CDOM [mg/m^3]
# name 7 = flECO-AFL: Fluorescence, WET Labs ECO-AFL/FL [mg/m^3]
# name 8 = flECO-AFL1: Fluorescence, WET Labs ECO-AFL/FL, 2 [mg/m^3]
# name 9 = flECO-AFL2: Fluorescence, WET Labs ECO-AFL/FL, 3 [mg/m^3]
# name 10 = par/sat/log: PAR/Logarithmic, Satlantic
# name 11 = turbWETntu0: Turbidity, WET Labs ECO [NTU]
# name 12 = prdM: Pressure, Strain Gauge [db]
# name 13 = prdE: Pressure, Strain Gauge [psi]
# name 14 = tv290C: Temperature [ITS-90, deg C]
# name 15 = flag:  0.000e+00
# span 0 =     -0.664,      9.560       
# span 1 =     -0.452,      0.201       
# span 2 =    -1.3348,    12.4827       
# span 3 =    -10.932,    109.313       
# span 4 =      1.143,    302.097       
# span 5 =   0.771693, 191.875103       
# span 6 =    -4.5000,     4.8600       
# span 7 =    -2.8507,   245.2229       
# span 8 =    -7.1142,     3.4932       
# span 9 =   -11.2095,     7.6563       
# span 10 = 1.1617e-01, 1.6677e+03      
# span 11 =    -4.8573,   966.4352      
# span 12 =     -0.651,      9.375      
# span 13 =     -0.944,     13.597      
# span 14 =     6.6619,    17.5363      
# span 15 = 0.0000e+00, 0.0000e+00      
# interval = seconds: 0.25
# start_time = Mar 06 2023 13:33:53 [Instrument's time stamp, header]
# bad_flag = -9.990e-29
*END*
[from data line 814]
      8.354     -0.019     6.3019     50.850     39.635  25.215777     4.5900     0.9717     0.3834     0.6768 2.5982e-01    36.1449      8.192     11.882     6.8131 0.0000e+00
      8.349     -0.025     6.2659     50.798     39.593  25.188669     4.5900     0.9870     0.3834     0.6768 2.6877e-01    36.2652      8.187     11.875     6.8121 0.0000e+00
      8.343     -0.032     6.2368     50.807     39.534  25.151149     4.5900     0.9946     0.3834     0.6768 2.5701e-01    36.2652      8.181     11.866     6.8108 0.0000e+00
      8.334     -0.042     6.2152     50.873     39.459  25.105089     4.4100     0.9565     0.3408     0.5499 2.5701e-01    36.3103      8.173     11.854     6.8095 0.0000e+00
      8.324     -0.054     6.2015     50.964     39.394  25.065920     4.4100     0.9793     0.3408     0.5499 2.8041e-01    26.9916      8.163     11.839     6.8083 0.0000e+00
      8.310     -0.071     6.1952     51.054     39.378  25.058830     4.4100     0.9793     0.3408     0.5499 2.8341e-01    26.9315      8.149     11.819     6.8078 0.0000e+00
      8.292     -0.092     6.1963     51.138     39.414  25.085888     4.4100     0.9603     0.3408     0.5499 2.2403e-01    26.9766      8.131     11.793     6.8081 0.0000e+00
      8.268     -0.118     6.2041     51.218     39.484  25.134514     4.4100     0.9755     0.2982     0.5076 2.2643e-01    26.9315      8.108     11.760     6.8096 0.0000e+00
      8.238     -0.151     6.2147     51.308     39.553  25.182042     4.4100     0.9603     0.2982     0.5076 2.1878e-01    26.3603      8.078     11.717     6.8124 0.0000e+00
      8.198     -0.187     6.2251     51.423     39.576  25.199575     4.4100     0.9870     0.2982     0.5076 1.9372e-01    26.4505      8.040     11.660     6.8167 0.0000e+00
      8.148     -0.227     6.2345     51.564     39.539  25.177931     4.4100     0.9565     0.2982     0.5076 3.0647e-01    26.4806      7.990     11.588     6.8220 0.0000e+00
      8.084     -0.268     6.2435     51.725     39.467  25.133114     4.4100     0.9946     0.2982     0.5076 3.8468e-01    26.4204      7.927     11.498     6.8273 0.0000e+00
      8.007     -0.306     6.2537     51.891     39.386  25.082867     4.5000     1.0938     0.3408     0.5922 5.1059e-01    19.2360      7.852     11.389     6.8320 0.0000e+00
      7.921     -0.340     6.2672     52.025     39.300  25.029628     4.5000     1.0862     0.3408     0.5922 5.9810e-01    19.2060      7.767     11.266     6.8353 0.0000e+00
      7.826     -0.368     6.2840     52.096     39.198  24.967119     4.5000     1.0938     0.3408     0.5922 6.5997e-01    19.1459      7.675     11.132     6.8375 0.0000e+00
      7.726     -0.389     6.3034     52.088     39.080  24.894506     4.5000     1.1014     0.3408     0.5922 7.1974e-01    19.2360      7.577     10.989     6.8393 0.0000e+00
      7.621     -0.401     6.3233     52.003     38.966  24.826079     4.5900     0.9603     0.4686     0.5922 7.9161e-01    16.1849      7.474     10.840     6.8410 0.0000e+00
      7.514     -0.408     6.3393     51.874     38.878  24.775264     4.5900     0.9679     0.4686     0.5922 9.3092e-01    16.1999      7.369     10.688     6.8431 0.0000e+00
      7.407     -0.410     6.3476     51.759     38.803  24.734448     4.5900     0.9755     0.4686     0.5922 1.0622e+00    16.1398      7.264     10.536     6.8459 0.0000e+00
      7.302     -0.410     6.3460     51.716     38.718  24.688790     4.5900     0.9755     0.4686     0.5922 1.0967e+00    16.2150      7.161     10.386     6.8496 0.0000e+00
      7.199     -0.409     6.3348     51.804     38.615  24.634031     4.3200     1.0938     0.2982     0.4230 1.1496e+00    11.9314      7.060     10.239     6.8547 0.0000e+00
      7.097     -0.409     6.3180     52.065     38.507  24.579324     4.3200     1.1129     0.2982     0.4230 1.2164e+00    11.9765      6.960     10.094     6.8616 0.0000e+00
      6.995     -0.411     6.3025     52.515     38.419  24.541753     4.3200     1.1090     0.2982     0.4230 1.3160e+00    11.9464      6.860      9.949     6.8705 0.0000e+00
      6.891     -0.414     6.2955     53.154     38.351  24.519219     4.3200     1.1014     0.2982     0.4230 1.4083e+00    11.9614      6.757      9.801     6.8816 0.0000e+00
      6.784     -0.419     6.3039     53.961     38.281  24.497794     4.3200     1.2082     0.2982     0.4230 1.5567e+00     3.3492      6.653      9.649     6.8959 0.0000e+00
      6.676     -0.424     6.3326     54.912     38.209  24.475725     4.2300     1.2006     0.1704     1.0575 1.7121e+00     3.3191      6.547      9.495     6.9144 0.0000e+00
      6.566     -0.429     6.3835     55.989     38.131  24.451087     4.2300     1.2159     0.1704     1.0575 1.8526e+00     3.4243      6.439      9.339     6.9380 0.0000e+00
      6.457     -0.434     6.4565     57.174     38.053  24.427208     4.2300     1.2159     0.1704     1.0575 1.9633e+00     3.3642      6.332      9.184     6.9659 0.0000e+00
      6.347     -0.439     6.5495     58.447     37.981  24.409599     4.2300     1.4638     0.1704     1.0575 2.1207e+00     1.9213      6.224      9.027     6.9964 0.0000e+00
      6.235     -0.444     6.6596     59.787     37.911  24.395543     3.9600     1.4409     0.1278     0.2538 2.3549e+00     2.0115      6.114      8.868     7.0280 0.0000e+00
      6.120     -0.448     6.7845     61.182     37.843  24.385253     3.9600     1.4791     0.1278     0.2538 2.5316e+00     2.0115      6.002      8.705     7.0606 0.0000e+00
      6.004     -0.451     6.9221     62.620     37.780  24.379945     3.9600     1.4638     0.1278     0.2538 2.8512e+00     2.0566      5.888      8.540     7.0949 0.0000e+00
      5.887     -0.452     7.0695     64.093     37.721  24.378204     3.9600     2.0932     0.1278     0.2538 3.1999e+00     1.5606      5.773      8.373     7.1323 0.0000e+00
      5.770     -0.451     7.2241     65.591     37.671  24.383526     3.7800     2.0818     0.0852     0.1692 3.4595e+00     1.5606      5.659      8.207     7.1736 0.0000e+00
      5.655     -0.447     7.3845     67.101     37.630  24.395352     3.7800     2.0856     0.0852     0.1692 3.6861e+00     1.5907      5.546      8.044     7.2182 0.0000e+00
      5.542     -0.441     7.5493     68.608     37.584  24.404960     3.7800     2.0818     0.0852     0.1692 4.1433e+00     1.4854      5.435      7.882     7.2649 0.0000e+00
      5.429     -0.434     7.7175     70.093     37.534  24.410954     3.7800     2.5167     0.0852     0.1692 4.5471e+00     1.4854      5.325      7.722     7.3130 0.0000e+00
      5.319     -0.426     7.8882     71.529     37.486  24.416913     3.6900     2.5396     0.0426     0.2538 4.8990e+00     1.4554      5.216      7.565     7.3625 0.0000e+00
      5.211     -0.417     8.0597     72.890     37.442  24.424428     3.6900     2.5014     0.0426     0.2538 5.3952e+00     1.4854      5.110      7.411     7.4136 0.0000e+00
      5.105     -0.407     8.2302     74.152     37.406  24.435503     3.6900     2.5014     0.0426     0.2538 5.8558e+00     1.6808      5.007      7.261     7.4654 0.0000e+00
      5.003     -0.398     8.3978     75.289     37.379  24.451114     3.6900     2.6464     0.0426     0.2538 6.3612e+00     1.4253      4.906      7.116     7.5167 0.0000e+00
      4.903     -0.389     8.5595     76.289     37.359  24.469486     3.6900     2.6426     0.0426     0.2538 6.7222e+00     1.5456      4.809      6.974     7.5667 0.0000e+00
      4.806     -0.381     8.7121     77.154     37.333  24.483642     3.6900     2.6578     0.0426     0.2538 7.1114e+00     1.6057      4.714      6.836     7.6152 0.0000e+00
      4.711     -0.374     8.8529     77.890     37.300  24.493398     3.6900     2.6578     0.0426     0.2538 7.7067e+00     1.6508      4.620      6.700     7.6614 0.0000e+00
      4.616     -0.366     8.9792     78.514     37.276  24.509276     3.6900     3.1995     0.0426     0.2538 8.4542e+00     1.5606      4.527      6.565     7.7053 0.0000e+00
      4.522     -0.358     9.0892     79.058     37.260  24.531551     3.6900     3.1881     0.0426     0.2538 9.0768e+00     1.6508      4.435      6.432     7.7476 0.0000e+00
      4.431     -0.347     9.1830     79.556     37.237  24.550328     3.6000     3.2110     0.0426     0.3807 1.0070e+01     1.5907      4.345      6.302     7.7892 0.0000e+00
      4.342     -0.336     9.2612     80.042     37.204  24.562697     3.6000     3.1995     0.0426     0.3807 1.1059e+01     1.5155      4.258      6.176     7.8310 0.0000e+00
      4.257     -0.325     9.3256     80.551     37.166  24.571958     3.6000     4.3440     0.0426     0.3807 1.1783e+01     1.5756      4.175      6.055     7.8738 0.0000e+00
      4.178     -0.317     9.3801     81.100     37.123  24.576622     3.6000     4.3707     0.0426     0.3807 1.1897e+01     1.4704      4.097      5.942     7.9180 0.0000e+00
      4.102     -0.311     9.4288     81.681     37.079  24.577934     3.6000     4.3478     0.0000     0.3384 1.1920e+01     1.5305      4.022      5.834     7.9635 0.0000e+00
      4.026     -0.308     9.4757     82.277     37.041  24.580205     3.6000     4.3592     0.0000     0.3384 1.2809e+01     1.5005      3.948      5.726     8.0095 0.0000e+00
      3.949     -0.307     9.5253     82.871     37.010  24.584040     3.6000     4.5423     0.0000     0.3384 1.4012e+01     1.5305      3.872      5.616     8.0553 0.0000e+00
      3.869     -0.306     9.5799     83.450     36.993  24.594422     3.6000     4.5271     0.0000     0.3384 1.5129e+01     1.6207      3.794      5.503     8.0997 0.0000e+00
      3.789     -0.304     9.6388     84.000     37.000  24.618080     3.6000     4.5385     0.0426     0.4653 1.6632e+01     1.5606      3.715      5.389     8.1411 0.0000e+00
      3.709     -0.299     9.7003     84.507     37.018  24.649445     3.6000     4.5156     0.0426     0.4653 1.8139e+01     1.5606      3.637      5.276     8.1782 0.0000e+00
      3.632     -0.293     9.7627     84.963     37.024  24.673128     3.6000     5.2595     0.0426     0.4653 2.0054e+01     1.5756      3.562      5.166     8.2109 0.0000e+00
      3.558     -0.285     9.8240     85.360     37.007  24.683567     3.6000     5.2519     0.0426     0.4653 2.1109e+01     1.4704      3.489      5.061     8.2398 0.0000e+00
      3.489     -0.280     9.8824     85.688     36.980  24.687505     3.6000     5.2671     0.0426     0.4653 2.1027e+01     1.5756      3.421      4.962     8.2661 0.0000e+00
      3.421     -0.276     9.9359     85.946     36.952  24.689954     3.6000     5.2595     0.0426     0.4230 2.1634e+01     1.6207      3.355      4.866     8.2919 0.0000e+00
      3.353     -0.275     9.9829     86.153     36.932  24.695525     3.6000     5.1718     0.0426     0.4230 2.3333e+01     1.4854      3.288      4.770     8.3191 0.0000e+00
      3.284     -0.276    10.0226     86.341     36.923  24.705705     3.6000     5.1870     0.0426     0.4230 2.4524e+01     1.6357      3.220      4.671     8.3482 0.0000e+00
      3.212     -0.278    10.0539     86.535     36.915  24.715290     3.6000     5.1946     0.0426     0.4230 2.6885e+01     1.5606      3.150      4.569     8.3779 0.0000e+00
      3.139     -0.279    10.0773     86.755     36.907  24.722879     3.6000     5.1794     0.0426     0.5076 3.0003e+01     1.6508      3.078      4.465     8.4059 0.0000e+00
      3.066     -0.279    10.0954     87.005     36.893  24.726537     3.6000     5.3816     0.0426     0.5076 3.3013e+01     1.5606      3.007      4.361     8.4313 0.0000e+00
      2.995     -0.280    10.1119     87.282     36.875  24.727238     3.6000     5.3816     0.0426     0.5076 3.4144e+01     1.5456      2.937      4.260     8.4537 0.0000e+00
      2.926     -0.282    10.1298     87.570     36.853  24.725172     3.6000     5.3892     0.0426     0.5076 3.3753e+01     1.6057      2.869      4.162     8.4735 0.0000e+00
      2.857     -0.285    10.1512     87.833     36.826  24.719786     3.6000     5.3816     0.0426     0.5922 3.5329e+01     1.5456      2.801      4.063     8.4915 0.0000e+00
      2.784     -0.289    10.1762     88.037     36.804  24.717563     3.6000     5.5761     0.0426     0.5922 3.9823e+01     1.4103      2.730      3.961     8.5087 0.0000e+00
      2.709     -0.294    10.2044     88.179     36.793  24.721870     3.6000     5.5532     0.0426     0.5922 4.4937e+01     1.5155      2.656      3.853     8.5258 0.0000e+00
      2.632     -0.298    10.2337     88.290     36.794  24.733856     3.6000     5.5227     0.0426     0.5922 4.7405e+01     1.5606      2.580      3.743     8.5432 0.0000e+00
      2.554     -0.299    10.2601     88.403     36.800  24.748800     3.6000     5.5685     0.0426     0.6768 5.1073e+01     1.5907      2.504      3.632     8.5606 0.0000e+00
      2.476     -0.297    10.2797     88.535     36.804  24.762769     3.6000     5.8775     0.0426     0.6768 5.8211e+01     1.9063      2.428      3.521     8.5775 0.0000e+00
      2.399     -0.293    10.2924     88.688     36.811  24.779488     3.6000     5.8737     0.0426     0.6768 6.5872e+01     1.7860      2.352      3.412     8.5936 0.0000e+00
      2.324     -0.290    10.3015     88.865     36.818  24.795498     3.6000     5.8737     0.0426     0.6768 6.8040e+01     1.8161      2.279      3.306     8.6090 0.0000e+00
      2.253     -0.287    10.3108     89.079     36.813  24.803191     3.6000     5.8622     0.0426     0.6768 6.6852e+01     1.7259      2.209      3.205     8.6243 0.0000e+00
      2.183     -0.284    10.3224     89.324     36.799  24.804620     3.6000     5.9767     0.0426     0.8037 7.1698e+01     1.8462      2.141      3.105     8.6399 0.0000e+00
      2.111     -0.282    10.3363     89.574     36.788  24.808083     3.6000     6.0148     0.0426     0.8037 8.0257e+01     1.8161      2.070      3.003     8.6555 0.0000e+00
      2.038     -0.278    10.3531     89.804     36.783  24.814505     3.6000     5.9957     0.0426     0.8037 8.8636e+01     1.8462      1.999      2.899     8.6710 0.0000e+00
      1.965     -0.271    10.3741     90.008     36.780  24.821639     3.6000     5.9957     0.0426     0.8037 9.9845e+01     1.8161      1.926      2.794     8.6863 0.0000e+00
      1.893     -0.259    10.3989     90.197     36.782  24.831388     3.6000     6.3086     0.0426     0.8037 1.1111e+02     1.8011      1.856      2.692     8.7012 0.0000e+00
      1.825     -0.242    10.4244     90.377     36.782  24.840414     3.6000     6.2971     0.0426     0.8037 1.2459e+02     1.8762      1.790      2.595     8.7155 0.0000e+00
      1.764     -0.222    10.4478     90.547     36.776  24.845185     3.6000     6.3200     0.0426     0.8037 1.3573e+02     1.7410      1.729      2.508     8.7288 0.0000e+00
      1.710     -0.200    10.4685     90.706     36.768  24.848953     3.6000     6.2895     0.0426     0.8037 1.3680e+02     1.7710      1.677      2.432     8.7412 0.0000e+00
      1.665     -0.181    10.4874     90.854     36.761  24.852723     3.6000     6.6366     0.0852     0.9306 1.3441e+02     1.7259      1.633      2.368     8.7532 0.0000e+00
      1.625     -0.166    10.5053     90.999     36.751  24.853542     3.6000     6.6366     0.0852     0.9306 1.3686e+02     1.7560      1.594      2.311     8.7652 0.0000e+00
      1.588     -0.158    10.5220     91.145     36.736  24.849649     3.6000     6.6023     0.0852     0.9306 1.3573e+02     1.8612      1.558      2.259     8.7774 0.0000e+00
      1.553     -0.157    10.5374     91.278     36.717  24.841986     3.6000     6.5985     0.0852     0.9306 1.3473e+02     1.9063      1.523      2.209     8.7895 0.0000e+00
      1.516     -0.163    10.5517     91.391     36.697  24.832467     3.6000     6.1178     0.0426     0.9306 1.3420e+02     1.7560      1.487      2.156     8.8008 0.0000e+00
