Data/DataNotYetUploadedToEDI/Raw_CTD/RawDownloads/030623_fcr50_S8188005.cnv
* Sea-Bird SBE19plus  Data File:
* FileName = C:\R\Reservoirs\Data\DataNotYetUploadedToEDI\Raw_CTD\RawDownloads\011123_fcr50_S8188_0005.hex
* Software version 2.8.0.119
* Temperature SN = 8188
* Conductivity SN = 8188
* System UpLoad Time = Mar 20 2023 14:56:21
* <ApplicationData>
* <Seaterm232>
# nquan = 16
# nvalues = 1216                        
# units = specified
# name 0 = depFM: Depth [fresh water, m]
# name 1 = dz/dtM: Descent Rate [m/s]
# name 2 = sbeox0Mg/L: Oxygen, SBE 43 [mg/l]
# name 3 = sbeox0PS: Oxygen, SBE 43 [% saturation]
# name 4 = specc: Specific Conductance [uS/cm]
# name 5 = c0uS/cm: Conductivity [uS/cm]
# name 6 = wetCDOM: Fluorescence, WET Labs CDOM [mg/m^3]
# name 7 = flECO-AFL: Fluorescence, WET Labs ECO-AFL/FL [mg/m^3]
# name 8 = flECO-AFL1: Fluorescence, WET Labs ECO-AFL/FL, 2 [mg/m^3]
# name 9 = flECO-AFL2: Fluorescence, WET Labs ECO-AFL/FL, 3 [mg/m^3]
# name 10 = par/sat/log: PAR/Logarithmic, Satlantic
# name 11 = turbWETntu0: Turbidity, WET Labs ECO [NTU]
# name 12 = prdM: Pressure, Strain Gauge [db]
# name 13 = prdE: Pressure, Strain Gauge [psi]
# name 14 = tv290C: Temperature [ITS-90, deg C]
# name 15 = flag:  0.000e+00
# span 0 =     -0.645,      9.581       
# span 1 =     -0.340,      0.137       
# span 2 =     2.0554,    12.6572       
# span 3 =     16.843,    112.339       
# span 4 =      0.486,    400.325       
# span 5 =   0.455418, 254.588101       
# span 6 =    -4.5000,     4.5000       
# span 7 =    -0.8136,   245.2305       
# span 8 =    -5.4102,     3.1950       
# span 9 =    -3.8493,     3.4263       
# span 10 = 1.7015e-01, 2.1796e+03      
# span 11 =    -2.7230,   149.8028      
# span 12 =     -0.633,      9.396      
# span 13 =     -0.918,     13.627      
# span 14 =     6.6561,    21.8901      
# span 15 = 0.0000e+00, 0.0000e+00      
# interval = seconds: 0.25
# start_time = Mar 06 2023 12:33:20 [Instrument's time stamp, header]
# bad_flag = -9.990e-29
*END*
[from data line 724]
      5.002      0.088     9.0953     76.237     36.573  24.284216     3.5100     2.9287     0.0426     0.2961 9.0946e+00     1.2600      4.906      7.115     8.2191 0.0000e+00
      5.026      0.088     9.0564     76.128     36.581  24.286607     3.5100     2.9401     0.0426     0.2961 8.9339e+00     1.2901      4.928      7.148     8.2129 0.0000e+00
      5.049      0.089     9.0255     76.058     36.598  24.295407     3.5100     2.9439     0.0426     0.2961 8.7267e+00     1.3051      4.951      7.181     8.2072 0.0000e+00
      5.071      0.089     9.0019     76.008     36.610  24.301088     3.5100     2.9287     0.0426     0.3384 8.7135e+00     1.1999      4.973      7.213     8.2021 0.0000e+00
      5.093      0.090     8.9843     75.966     36.615  24.301204     3.5100     2.9172     0.0426     0.3384 8.7647e+00     1.1698      4.994      7.244     8.1977 0.0000e+00
      5.115      0.091     8.9723     75.928     36.618  24.299745     3.5100     2.8829     0.0426     0.3384 8.6437e+00     1.2750      5.016      7.275     8.1941 0.0000e+00
      5.138      0.092     8.9647     75.890     36.619  24.296322     3.5100     2.8524     0.0426     0.3384 8.3501e+00     1.2149      5.039      7.308     8.1910 0.0000e+00
      5.162      0.093     8.9596     75.854     36.622  24.293982     3.5100     2.8791     0.0426     0.3384 8.0631e+00     1.1999      5.062      7.343     8.1875 0.0000e+00
      5.187      0.093     8.9557     75.823     36.625  24.292101     3.5100     2.8676     0.0000     0.3807 7.9362e+00     1.2299      5.086      7.377     8.1831 0.0000e+00
      5.211      0.093     8.9523     75.788     36.622  24.286217     3.5100     2.9287     0.0000     0.3807 7.7285e+00     1.3051      5.110      7.412     8.1778 0.0000e+00
      5.235      0.092     8.9491     75.742     36.616  24.278720     3.5100     2.9325     0.0000     0.3807 7.5887e+00     1.1999      5.134      7.446     8.1720 0.0000e+00
      5.258      0.091     8.9461     75.683     36.610  24.271570     3.5100     2.9172     0.0000     0.3807 7.4628e+00     1.1698      5.157      7.479     8.1663 0.0000e+00
      5.281      0.090     8.9436     75.607     36.607  24.266819     3.5100     2.9210     0.0426     0.2961 7.4353e+00     1.2600      5.179      7.511     8.1608 0.0000e+00
      5.303      0.089     8.9406     75.520     36.613  24.267159     3.5100     2.6922     0.0426     0.2961 7.3167e+00     1.2299      5.201      7.543     8.1559 0.0000e+00
      5.326      0.088     8.9362     75.433     36.621  24.268722     3.5100     2.7189     0.0426     0.2961 7.1175e+00     1.2149      5.223      7.575     8.1513 0.0000e+00
      5.349      0.087     8.9301     75.348     36.618  24.264007     3.5100     2.7036     0.0426     0.2961 6.9540e+00     1.1698      5.245      7.608     8.1470 0.0000e+00
      5.371      0.084     8.9221     75.267     36.610  24.255714     3.5100     2.6655     0.0426     0.3384 6.7779e+00     1.2600      5.268      7.640     8.1426 0.0000e+00
      5.393      0.082     8.9129     75.186     36.610  24.253511     3.5100     2.7341     0.0426     0.3384 6.6553e+00     1.2450      5.289      7.671     8.1381 0.0000e+00
      5.414      0.079     8.9036     75.105     36.612  24.252849     3.5100     2.7418     0.0426     0.3384 6.6178e+00     1.1398      5.309      7.700     8.1335 0.0000e+00
      5.433      0.076     8.8945     75.040     36.605  24.245634     3.5100     2.7532     0.0426     0.3384 6.6106e+00     1.3051      5.328      7.728     8.1292 0.0000e+00
      5.451      0.074     8.8857     75.008     36.597  24.237860     3.5100     2.7494     0.0426     0.3384 6.5307e+00     1.2600      5.346      7.754     8.1255 0.0000e+00
      5.469      0.072     8.8768     74.996     36.603  24.239332     3.5100     2.8257     0.0426     0.3807 6.4167e+00     1.2299      5.364      7.780     8.1223 0.0000e+00
      5.487      0.073     8.8678     74.989     36.618  24.246482     3.5100     2.8104     0.0426     0.3807 6.3584e+00     1.1999      5.381      7.805     8.1192 0.0000e+00
      5.505      0.075     8.8610     74.980     36.628  24.249340     3.5100     2.7952     0.0426     0.3807 6.3903e+00     1.2600      5.399      7.830     8.1159 0.0000e+00
      5.523      0.078     8.8579     74.969     36.627  24.244708     3.5100     2.7875     0.0426     0.3807 6.3075e+00     1.1548      5.416      7.856     8.1125 0.0000e+00
      5.543      0.081     8.8573     74.947     36.626  24.239271     3.5100     2.4862     0.0426     0.2961 6.2069e+00     1.1999      5.436      7.884     8.1091 0.0000e+00
      5.564      0.084     8.8573     74.900     36.634  24.239495     3.5100     2.4900     0.0426     0.2961 6.0275e+00     1.2600      5.457      7.915     8.1054 0.0000e+00
      5.588      0.085     8.8572     74.828     36.644  24.241482     3.5100     2.5091     0.0426     0.2961 5.7724e+00     1.3502      5.480      7.948     8.1008 0.0000e+00
      5.611      0.085     8.8571     74.745     36.651  24.241801     3.5100     2.4709     0.0426     0.2961 5.5933e+00     1.3201      5.503      7.981     8.0952 0.0000e+00
      5.633      0.084     8.8559     74.668     36.656  24.240539     3.5100     2.4251     0.0000     0.2961 5.5594e+00     1.1247      5.524      8.013     8.0887 0.0000e+00
      5.654      0.081     8.8519     74.600     36.664  24.241316     3.5100     2.4442     0.0000     0.2961 5.5281e+00     1.2600      5.545      8.042     8.0820 0.0000e+00
      5.674      0.078     8.8447     74.540     36.682  24.248300     3.5100     2.4366     0.0000     0.2961 5.4993e+00     1.2299      5.564      8.070     8.0756 0.0000e+00
      5.693      0.074     8.8362     74.483     36.705  24.259394     3.5100     2.4442     0.0000     0.2961 5.3253e+00     1.1698      5.583      8.097     8.0697 0.0000e+00
      5.712      0.070     8.8283     74.426     36.718  24.265678     3.5100     2.3641     0.0000     0.2961 5.1826e+00     1.2299      5.601      8.124     8.0635 0.0000e+00
      5.730      0.066     8.8217     74.367     36.719  24.264870     3.5100     2.3717     0.0000     0.2961 5.0624e+00     1.3351      5.619      8.149     8.0569 0.0000e+00
      5.746      0.062     8.8160     74.295     36.718  24.264671     3.5100     2.3717     0.0000     0.2961 4.9730e+00     1.3051      5.635      8.173     8.0504 0.0000e+00
      5.761      0.059     8.8105     74.209     36.717  24.265030     3.5100     2.3641     0.0000     0.2961 4.9751e+00     1.2750      5.649      8.194     8.0448 0.0000e+00
      5.774      0.057     8.8047     74.121     36.710  24.262082     3.5100     2.5129     0.0000     0.2961 4.9860e+00     1.2149      5.663      8.213     8.0409 0.0000e+00
      5.787      0.057     8.7981     74.042     36.706  24.259000     3.5100     2.5205     0.0426     0.2538 4.9643e+00     1.2600      5.675      8.231     8.0392 0.0000e+00
      5.800      0.059     8.7895     73.974     36.710  24.258922     3.5100     2.5052     0.0426     0.2538 4.9546e+00     1.1999      5.688      8.250     8.0394 0.0000e+00
      5.815      0.063     8.7789     73.917     36.717  24.257868     3.5100     2.4862     0.0426     0.2538 4.8936e+00     1.2149      5.702      8.271     8.0412 0.0000e+00
      5.830      0.068     8.7680     73.878     36.718  24.251599     3.5100     2.2840     0.0426     0.2538 4.7822e+00     1.2299      5.718      8.293     8.0433 0.0000e+00
      5.848      0.074     8.7587     73.858     36.717  24.242400     3.5100     2.3221     0.0000     0.2961 4.7388e+00     1.1999      5.735      8.319     8.0432 0.0000e+00
      5.869      0.080     8.7515     73.857     36.722  24.235736     3.5100     2.3298     0.0000     0.2961 4.6349e+00     1.3201      5.755      8.347     8.0390 0.0000e+00
      5.891      0.084     8.7465     73.867     36.742  24.237748     3.5100     2.3069     0.0000     0.2961 4.5215e+00     1.1698      5.777      8.379     8.0313 0.0000e+00
      5.914      0.087     8.7438     73.875     36.770  24.245013     3.5100     2.0665     0.0000     0.2961 4.3528e+00     1.2750      5.800      8.412     8.0218 0.0000e+00
      5.938      0.087     8.7439     73.862     36.790  24.247590     3.6000     2.0665     0.0000     0.2961 4.1885e+00     1.2299      5.823      8.445     8.0107 0.0000e+00
      5.961      0.086     8.7466     73.803     36.802  24.246168     3.6000     2.0665     0.0000     0.2961 4.1092e+00     1.2299      5.845      8.478     7.9972 0.0000e+00
      5.982      0.085     8.7511     73.674     36.814  24.244325     3.6000     2.0475     0.0000     0.2961 4.1128e+00     1.1999      5.867      8.509     7.9818 0.0000e+00
      6.003      0.083     8.7554     73.460     36.828  24.241571     3.6000     2.0017     0.0000     0.2961 4.0736e+00     1.2600      5.887      8.538     7.9661 0.0000e+00
      6.023      0.083     8.7569     73.156     36.838  24.233211     3.5100     2.0055     0.0000     0.2115 4.0630e+00     1.1698      5.906      8.566     7.9520 0.0000e+00
      6.043      0.083     8.7525     72.766     36.844  24.220974     3.5100     1.9902     0.0000     0.2115 3.9688e+00     1.2600      5.926      8.595     7.9397 0.0000e+00
      6.064      0.085     8.7400     72.315     36.858  24.213473     3.5100     2.0208     0.0000     0.2115 3.8282e+00     1.3351      5.947      8.625     7.9268 0.0000e+00
      6.087      0.086     8.7180     71.833     36.869  24.204750     3.5100     1.7728     0.0000     0.2115 3.7467e+00     1.3351      5.969      8.657     7.9105 0.0000e+00
      6.109      0.087     8.6862     71.344     36.865  24.188517     3.5100     1.7652     0.0000     0.2115 3.6606e+00     1.2600      5.991      8.689     7.8900 0.0000e+00
      6.132      0.087     8.6448     70.868     36.860  24.172323     3.5100     1.7614     0.0426     0.2115 3.5780e+00     1.2299      6.013      8.721     7.8673 0.0000e+00
      6.154      0.088     8.5959     70.425     36.859  24.159767     3.5100     1.7919     0.0426     0.2115 3.5102e+00     1.2450      6.035      8.753     7.8447 0.0000e+00
      6.177      0.088     8.5430     70.024     36.860  24.147500     3.5100     1.7003     0.0426     0.2115 3.4768e+00     1.1999      6.057      8.785     7.8235 0.0000e+00
      6.198      0.089     8.4888     69.658     36.861  24.132252     3.5100     1.7003     0.0426     0.2115 3.5057e+00     1.2600      6.079      8.816     7.8045 0.0000e+00
      6.220      0.091     8.4357     69.312     36.861  24.113914     3.5100     1.7003     0.0426     0.2115 3.4453e+00     1.2450      6.100      8.847     7.7877 0.0000e+00
      6.244      0.093     8.3863     68.969     36.861  24.095514     3.5100     1.7156     0.0426     0.2115 3.3844e+00     1.3351      6.123      8.880     7.7715 0.0000e+00
      6.268      0.094     8.3422     68.620     36.861  24.076103     3.5100     1.6813     0.0426     0.2115 3.2995e+00     1.3051      6.147      8.915     7.7533 0.0000e+00
      6.293      0.095     8.3030     68.259     36.863  24.058423     3.5100     1.5859     0.0426     0.2115 3.1964e+00     1.2600      6.172      8.951     7.7318 0.0000e+00
      6.318      0.095     8.2667     67.879     36.878  24.049634     3.6000     1.5439     0.0000     0.2538 3.1819e+00     1.2299      6.196      8.986     7.7078 0.0000e+00
      6.343      0.094     8.2309     67.474     36.902  24.047393     3.6000     1.5859     0.0000     0.2538 3.0899e+00     1.1548      6.220      9.021     7.6822 0.0000e+00
      6.367      0.092     8.1944     67.050     36.928  24.047143     3.6000     1.5706     0.0000     0.2538 3.0691e+00     1.1698      6.244      9.056     7.6562 0.0000e+00
      6.390      0.088     8.1565     66.626     36.954  24.048816     3.6000     1.4447     0.0000     0.2538 3.0208e+00     1.2149      6.266      9.089     7.6306 0.0000e+00
      6.412      0.084     8.1160     66.227     36.980  24.052859     3.6000     1.4409     0.0000     0.2961 2.9469e+00     1.2149      6.288      9.121     7.6056 0.0000e+00
      6.434      0.081     8.0725     65.869     37.003  24.056389     3.6000     1.4447     0.0000     0.2961 2.8798e+00     1.3953      6.309      9.151     7.5812 0.0000e+00
      6.454      0.078     8.0264     65.560     37.015  24.052430     3.6000     1.4447     0.0000     0.2961 2.9329e+00     1.1999      6.329      9.179     7.5577 0.0000e+00
      6.472      0.076     7.9797     65.305     37.023  24.043886     3.6000     1.3303     0.0000     0.2961 2.9208e+00     1.2450      6.347      9.205     7.5372 0.0000e+00
      6.490      0.075     7.9352     65.103     37.042  24.040354     3.6000     1.3150     0.0000     0.2961 2.9265e+00     1.1999      6.364      9.231     7.5204 0.0000e+00
      6.508      0.074     7.8953     64.949     37.067  24.040892     3.6000     1.2998     0.0000     0.2538 2.8736e+00     1.1848      6.382      9.257     7.5050 0.0000e+00
      6.527      0.075     7.8615     64.832     37.088  24.037725     3.6000     1.2921     0.0000     0.2538 2.8008e+00     1.2149      6.401      9.284     7.4886 0.0000e+00
      6.547      0.077     7.8346     64.732     37.103  24.030007     3.6000     1.2960     0.0000     0.2538 2.7579e+00     1.1999      6.420      9.312     7.4698 0.0000e+00
      6.567      0.078     7.8144     64.631     37.120  24.023598     3.6000     1.2578     0.0000     0.2538 2.7561e+00     1.3652      6.440      9.340     7.4489 0.0000e+00
      6.587      0.078     7.8002     64.515     37.135  24.016789     3.6000     1.2654     0.0426     0.2115 2.7454e+00     1.1848      6.459      9.369     7.4270 0.0000e+00
      6.607      0.078     7.7904     64.375     37.141  24.007763     3.6000     1.2769     0.0426     0.2115 2.6241e+00     1.1097      6.479      9.398     7.4048 0.0000e+00
      6.627      0.079     7.7828     64.207     37.141  23.998071     3.6000     1.2159     0.0426     0.2115 2.6093e+00     1.1999      6.499      9.426     7.3817 0.0000e+00
      6.647      0.080     7.7752     64.008     37.138  23.985129     3.6000     1.2044     0.0426     0.2115 2.5878e+00     1.2149      6.519      9.455     7.3579 0.0000e+00
      6.667      0.082     7.7654     63.777     37.144  23.973403     3.6000     1.1930     0.0426     0.0846 2.5889e+00     1.2600      6.538      9.483     7.3359 0.0000e+00
      6.687      0.085     7.7519     63.515     37.169  23.967686     3.6000     1.2006     0.0426     0.0846 2.5587e+00     1.1999      6.557      9.511     7.3186 0.0000e+00
      6.708      0.088     7.7342     63.232     37.206  23.966450     3.6000     1.0785     0.0426     0.0846 2.4929e+00     1.3051      6.578      9.541     7.3053 0.0000e+00
      6.731      0.092     7.7130     62.940     37.249  23.969366     3.6000     1.0518     0.0426     0.0846 2.4219e+00     1.0947      6.601      9.574     7.2907 0.0000e+00
      6.756      0.095     7.6892     62.641     37.295  23.977210     3.6000     1.0862     0.0426     0.1269 2.3023e+00     1.1999      6.625      9.609     7.2694 0.0000e+00
      6.782      0.097     7.6632     62.336     37.346  23.992073     3.6000     1.0823     0.0426     0.1269 2.2567e+00     1.3051      6.651      9.646     7.2400 0.0000e+00
      6.808      0.097     7.6354     62.022     37.396  24.010000     3.6000     1.0137     0.0426     0.1269 2.1659e+00     1.2149      6.677      9.684     7.2062 0.0000e+00
      6.834      0.095     7.6064     61.697     37.428  24.019936     3.6000     1.0175     0.0426     0.1269 2.1070e+00     1.1999      6.702      9.721     7.1731 0.0000e+00
      6.858      0.092     7.5758     61.358     37.442  24.020570     3.6000     1.0022     0.0426     0.1269 2.0398e+00     1.2600      6.726      9.755     7.1438 0.0000e+00
