Data/DataNotYetUploadedToEDI/Raw_CTD/RawDownloads/030623_fcr50_S8188005.cnv
* Sea-Bird SBE19plus  Data File:
* FileName = C:\R\Reservoirs\Data\DataNotYetUploadedToEDI\Raw_CTD\RawDownloads\011123_fcr50_S8188_0005.hex
* Software version 2.8.0.119
* Temperature SN = 8188
* Conductivity SN = 8188
* System UpLoad Time = Mar 20 2023 14:56:21
* <ApplicationData>
* <Seaterm232>
# nquan = 16
# nvalues = 1216                        
# units = specified
# name 0 = depFM: Depth [fresh water, m]
# name 1 = dz/dtM: Descent Rate [m/s]
# name 2 = sbeox0Mg/L: Oxygen, SBE 43 [mg/l]
# name 3 = sbeox0PS: Oxygen, SBE 43 [% saturation]
# name 4 = specc: Specific Conductance [uS/cm]
# name 5 = c0uS/cm: Conductivity [uS/cm]
# name 6 = wetCDOM: Fluorescence, WET Labs CDOM [mg/m^3]
# name 7 = flECO-AFL: Fluorescence, WET Labs ECO-AFL/FL [mg/m^3]
# name 8 = flECO-AFL1: Fluorescence, WET Labs ECO-AFL/FL, 2 [mg/m^3]
# name 9 = flECO-AFL2: Fluorescence, WET Labs ECO-AFL/FL, 3 [mg/m^3]
# name 10 = par/sat/log: PAR/Logarithmic, Satlantic
# name 11 = turbWETntu0: Turbidity, WET Labs ECO [NTU]
# name 12 = prdM: Pressure, Strain Gauge [db]
# name 13 = prdE: Pressure, Strain Gauge [psi]
# name 14 = tv290C: Temperature [ITS-90, deg C]
# name 15 = flag:  0.000e+00
# span 0 =     -0.645,      9.581       
# span 1 =     -0.340,      0.137       
# span 2 =     2.0554,    12.6572       
# span 3 =     16.843,    112.339       
# span 4 =      0.486,    400.325       
# span 5 =   0.455418, 254.588101       
# span 6 =    -4.5000,     4.5000       
# span 7 =    -0.8136,   245.2305       
# span 8 =    -5.4102,     3.1950       
# span 9 =    -3.8493,     3.4263       
# span 10 = 1.7015e-01, 2.1796e+03      
# span 11 =    -2.7230,   149.8028      
# span 12 =     -0.633,      9.396      
# span 13 =     -0.918,     13.627      
# span 14 =     6.6561,    21.8901      
# span 15 = 0.0000e+00, 0.0000e+00      
# interval = seconds: 0.25
# start_time = Mar 06 2023 12:33:20 [Instrument's time stamp, header]
# bad_flag = -9.990e-29
*END*
[from data line 814]
      6.902      0.086     7.5090     60.654     37.468  24.018043     3.6900     1.0213     0.0000     0.1269 2.0487e+00     1.5155      6.768      9.817     7.1009 0.0000e+00
      6.922      0.084     7.4722     60.298     37.480  24.014206     3.6900     1.0327     0.0000     0.1269 2.0165e+00     1.4704      6.788      9.846     7.0869 0.0000e+00
      6.943      0.084     7.4334     59.961     37.500  24.015375     3.6900     1.0175     0.0000     0.1269 1.9804e+00     1.5456      6.809      9.875     7.0754 0.0000e+00
      6.964      0.085     7.3934     59.654     37.528  24.021861     3.6900     1.0022     0.0426     0.1269 1.9153e+00     1.5456      6.830      9.906     7.0636 0.0000e+00
      6.987      0.085     7.3527     59.379     37.552  24.027476     3.6900     0.9755     0.0426     0.1269 1.8929e+00     1.5305      6.852      9.937     7.0500 0.0000e+00
      7.009      0.085     7.3123     59.135     37.562  24.025799     3.6900     0.9412     0.0426     0.1269 1.8823e+00     1.4253      6.874      9.969     7.0348 0.0000e+00
      7.031      0.085     7.2742     58.921     37.564  24.020341     3.6900     0.9565     0.0426     0.1269 1.8302e+00     1.5756      6.895     10.001     7.0191 0.0000e+00
      7.053      0.084     7.2397     58.728     37.576  24.021523     3.6900     0.9679     0.0426     0.1269 1.8168e+00     1.5155      6.917     10.032     7.0042 0.0000e+00
      7.074      0.084     7.2087     58.552     37.595  24.025702     3.6900     0.9641     0.0426     0.1269 1.7831e+00     1.4554      6.937     10.062     6.9911 0.0000e+00
      7.094      0.083     7.1810     58.402     37.608  24.026073     3.6900     0.9603     0.0426     0.1269 1.7952e+00     1.4554      6.958     10.091     6.9804 0.0000e+00
      7.115      0.082     7.1566     58.295     37.621  24.026695     3.6900     0.9412     0.0426     0.1269 1.7509e+00     1.4554      6.978     10.120     6.9714 0.0000e+00
      7.137      0.081     7.1348     58.246     37.632  24.027734     3.6900     0.9565     0.0426     0.1269 1.7032e+00     1.5756      6.999     10.151     6.9623 0.0000e+00
      7.158      0.081     7.1152     58.273     37.643  24.029465     3.6900     0.8649     0.0426     0.1269 1.6837e+00     1.5155      7.019     10.181     6.9519 0.0000e+00
      7.178      0.082     7.0990     58.389     37.668  24.040268     3.6900     0.8229     0.0426     0.1269 1.6955e+00     1.3652      7.039     10.210     6.9410 0.0000e+00
      7.198      0.082     7.0877     58.584     37.706  24.059066     3.6900     0.8420     0.0426     0.1269 1.6713e+00     1.4704      7.059     10.238     6.9311 0.0000e+00
      7.218      0.083     7.0832     58.834     37.745  24.078993     3.6900     0.8191     0.0426     0.1269 1.6561e+00     1.3652      7.079     10.267     6.9228 0.0000e+00
      7.240      0.084     7.0879     59.104     37.781  24.097445     3.6900     0.8878     0.0426     0.1269 1.6131e+00     1.5305      7.100     10.297     6.9157 0.0000e+00
      7.262      0.084     7.1031     59.353     37.803  24.107467     3.6900     0.9297     0.0426     0.1269 1.5771e+00     1.5155      7.122     10.329     6.9090 0.0000e+00
      7.285      0.085     7.1281     59.544     37.809  24.107772     3.6900     0.8992     0.0426     0.1269 1.5594e+00     1.5756      7.144     10.361     6.9020 0.0000e+00
      7.307      0.084     7.1598     59.646     37.811  24.106357     3.6900     0.8878     0.0426     0.1269 1.5275e+00     1.5155      7.165     10.392     6.8951 0.0000e+00
      7.328      0.084     7.1938     59.639     37.817  24.106807     3.6900     0.9259     0.0426     0.1269 1.5061e+00     1.7259      7.186     10.422     6.8888 0.0000e+00
      7.348      0.084     7.2250     59.519     37.828  24.109239     3.6900     0.8992     0.0426     0.1269 1.5048e+00     1.8161      7.206     10.451     6.8837 0.0000e+00
      7.368      0.084     7.2490     59.300     37.838  24.110344     3.6900     0.9145     0.0426     0.1269 1.4721e+00     1.8462      7.226     10.480     6.8797 0.0000e+00
      7.389      0.084     7.2620     59.004     37.848  24.110417     3.6900     0.9030     0.0426     0.1269 1.4364e+00     1.7560      7.247     10.510     6.8760 0.0000e+00
      7.412      0.084     7.2618     58.661     37.862  24.113434     3.6900     0.7733     0.0426     0.0846 1.3831e+00     1.4554      7.268     10.542     6.8716 0.0000e+00
      7.434      0.084     7.2483     58.299     37.881  24.120202     3.6900     0.8000     0.0426     0.0846 1.3475e+00     1.5606      7.290     10.574     6.8657 0.0000e+00
      7.456      0.083     7.2230     57.940     37.900  24.128564     3.6900     0.7733     0.0426     0.0846 1.3269e+00     1.4854      7.312     10.605     6.8582 0.0000e+00
      7.477      0.082     7.1885     57.601     37.914  24.132834     3.6900     0.7657     0.0426     0.0846 1.3295e+00     1.4704      7.332     10.635     6.8499 0.0000e+00
      7.497      0.082     7.1481     57.290     37.924  24.134149     3.6900     0.8420     0.0426     0.0846 1.3186e+00     1.5005      7.352     10.663     6.8419 0.0000e+00
      7.517      0.082     7.1052     57.010     37.937  24.136819     3.7800     0.8191     0.0426     0.1692 1.3023e+00     1.4554      7.371     10.691     6.8352 0.0000e+00
      7.537      0.084     7.0624     56.769     37.953  24.141557     3.7800     0.8496     0.0426     0.1692 1.2735e+00     1.5456      7.391     10.720     6.8298 0.0000e+00
      7.559      0.086     7.0220     56.579     37.973  24.149625     3.7800     0.8267     0.0426     0.1692 1.2507e+00     1.5005      7.412     10.751     6.8243 0.0000e+00
      7.581      0.088     6.9852     56.449     38.001  24.163174     3.7800     0.7772     0.0426     0.1692 1.2448e+00     1.4854      7.434     10.783     6.8178 0.0000e+00
      7.604      0.090     6.9524     56.386     38.037  24.181858     3.6900     0.7733     0.0000     0.0846 1.1965e+00     1.5305      7.457     10.815     6.8104 0.0000e+00
      7.628      0.091     6.9242     56.392     38.076  24.202743     3.6900     0.7657     0.0000     0.0846 1.1934e+00     1.4103      7.480     10.849     6.8032 0.0000e+00
      7.651      0.091     6.9021     56.459     38.114  24.223478     3.6900     0.7772     0.0000     0.0846 1.1629e+00     1.5305      7.504     10.883     6.7967 0.0000e+00
      7.675      0.090     6.8873     56.565     38.147  24.241676     3.6900     0.7810     0.0000     0.0846 1.1476e+00     1.7860      7.527     10.916     6.7910 0.0000e+00
      7.698      0.088     6.8805     56.678     38.172  24.254272     3.7800     0.7810     0.0426     0.2115 1.1244e+00     1.7560      7.549     10.949     6.7859 0.0000e+00
      7.721      0.085     6.8820     56.764     38.186  24.260664     3.7800     0.7619     0.0426     0.2115 1.0564e+00     1.8161      7.572     10.982     6.7811 0.0000e+00
      7.743      0.082     6.8911     56.799     38.199  24.266516     3.7800     0.7581     0.0426     0.2115 1.0721e+00     1.8161      7.593     11.012     6.7765 0.0000e+00
      7.763      0.079     6.9048     56.765     38.209  24.269431     3.7800     0.7123     0.0426     0.2115 1.0663e+00     1.7259      7.613     11.041     6.7721 0.0000e+00
      7.782      0.075     6.9192     56.646     38.196  24.258307     3.7800     0.7009     0.0426     0.1269 1.0518e+00     1.6508      7.631     11.068     6.7682 0.0000e+00
      7.800      0.071     6.9304     56.441     38.174  24.242055     3.7800     0.6894     0.0426     0.1269 1.0452e+00     1.6658      7.649     11.094     6.7648 0.0000e+00
      7.818      0.067     6.9352     56.168     38.167  24.236137     3.7800     0.7161     0.0426     0.1269 1.0058e+00     1.8161      7.667     11.120     6.7614 0.0000e+00
      7.835      0.064     6.9316     55.848     38.174  24.238975     3.7800     0.7543     0.0426     0.1269 1.0058e+00     1.7710      7.684     11.144     6.7577 0.0000e+00
      7.851      0.062     6.9177     55.508     38.183  24.243407     3.7800     0.7695     0.0426     0.1269 1.0199e+00     1.7259      7.699     11.167     6.7539 0.0000e+00
      7.865      0.059     6.8933     55.170     38.183  24.242697     3.7800     0.7924     0.0426     0.1692 9.7927e-01     1.6959      7.714     11.187     6.7508 0.0000e+00
      7.880      0.057     6.8603     54.859     38.187  24.244574     3.7800     0.8000     0.0426     0.1692 9.4951e-01     1.7560      7.728     11.208     6.7485 0.0000e+00
      7.894      0.056     6.8216     54.607     38.207  24.257455     3.7800     0.7009     0.0426     0.1692 9.4211e-01     1.5005      7.741     11.228     6.7466 0.0000e+00
      7.907      0.056     6.7803     54.437     38.226  24.268941     3.7800     0.7009     0.0426     0.1692 9.8546e-01     1.5456      7.755     11.247     6.7449 0.0000e+00
      7.921      0.057     6.7392     54.347     38.229  24.270217     3.7800     0.6932     0.0426     0.1692 9.5801e-01     1.4854      7.768     11.266     6.7438 0.0000e+00
      7.934      0.058     6.7013     54.329     38.223  24.265582     3.7800     0.7276     0.0426     0.1692 9.7481e-01     1.5606      7.781     11.285     6.7433 0.0000e+00
      7.949      0.060     6.6706     54.376     38.212  24.257759     3.7800     0.7085     0.0426     0.1692 9.2487e-01     1.8161      7.796     11.307     6.7430 0.0000e+00
      7.966      0.062     6.6499     54.480     38.199  24.248621     3.7800     0.7199     0.0426     0.1692 9.3112e-01     1.6808      7.812     11.330     6.7426 0.0000e+00
      7.983      0.063     6.6391     54.621     38.192  24.243649     3.7800     0.7009     0.0426     0.1269 9.2206e-01     1.7710      7.828     11.354     6.7418 0.0000e+00
      7.999      0.065     6.6371     54.777     38.196  24.245477     3.7800     0.7085     0.0426     0.1269 9.1448e-01     1.7560      7.845     11.378     6.7406 0.0000e+00
      8.016      0.066     6.6430     54.930     38.211  24.254591     3.7800     0.7619     0.0426     0.1269 9.1170e-01     1.7109      7.861     11.401     6.7394 0.0000e+00
      8.032      0.067     6.6558     55.062     38.230  24.265504     3.7800     0.7772     0.0426     0.1269 9.1309e-01     1.6508      7.876     11.423     6.7383 0.0000e+00
      8.048      0.068     6.6732     55.160     38.245  24.273208     3.7800     0.7962     0.0426     0.1269 8.9599e-01     1.8011      7.892     11.447     6.7375 0.0000e+00
      8.066      0.069     6.6925     55.222     38.264  24.283717     3.7800     0.7733     0.0426     0.1269 8.3471e-01     1.7259      7.910     11.472     6.7367 0.0000e+00
      8.084      0.071     6.7113     55.247     38.292  24.299832     3.7800     0.7276     0.0426     0.1269 8.1571e-01     1.6207      7.928     11.498     6.7357 0.0000e+00
      8.103      0.071     6.7276     55.237     38.323  24.317934     3.7800     0.7238     0.0426     0.1269 7.8340e-01     1.7560      7.947     11.525     6.7343 0.0000e+00
      8.122      0.072     6.7400     55.198     38.346  24.330972     3.7800     0.7161     0.0426     0.1269 7.8921e-01     1.8011      7.965     11.552     6.7324 0.0000e+00
      8.140      0.072     6.7479     55.136     38.354  24.334505     3.8700     0.7161     0.0852     0.0846 7.6956e-01     1.7860      7.982     11.577     6.7301 0.0000e+00
      8.157      0.073     6.7514     55.051     38.355  24.333434     3.8700     0.7161     0.0852     0.0846 7.5597e-01     1.7410      8.000     11.602     6.7279 0.0000e+00
      8.175      0.074     6.7504     54.943     38.362  24.335391     3.8700     0.7238     0.0852     0.0846 7.6108e-01     1.8311      8.017     11.628     6.7259 0.0000e+00
      8.194      0.075     6.7460     54.810     38.388  24.348817     3.8700     0.7199     0.0852     0.0846 6.8555e-01     1.8011      8.036     11.654     6.7241 0.0000e+00
      8.214      0.077     6.7388     54.647     38.439  24.377292     3.7800     0.7047     0.0426     0.1269 6.4902e-01     1.7860      8.055     11.682     6.7220 0.0000e+00
      8.234      0.078     6.7288     54.454     38.506  24.416531     3.7800     0.7886     0.0426     0.1269 6.5525e-01     1.9965      8.075     11.711     6.7195 0.0000e+00
      8.254      0.080     6.7161     54.240     38.586  24.463141     3.7800     0.7810     0.0426     0.1269 6.5596e-01     1.9814      8.094     11.739     6.7162 0.0000e+00
      8.274      0.082     6.7005     54.010     38.664  24.509758     3.7800     0.7657     0.0426     0.1269 6.7125e-01     1.9514      8.114     11.768     6.7123 0.0000e+00
      8.295      0.084     6.6813     53.764     38.727  24.547036     3.8700     0.7848     0.0426     0.0846 6.3825e-01     2.0115      8.134     11.798     6.7079 0.0000e+00
      8.316      0.085     6.6586     53.486     38.778  24.576999     3.8700     0.7238     0.0426     0.0846 6.2331e-01     2.2971      8.156     11.829     6.7031 0.0000e+00
      8.339      0.086     6.6331     53.143     38.829  24.607637     3.8700     0.7238     0.0426     0.0846 6.4144e-01     2.2670      8.177     11.860     6.6984 0.0000e+00
      8.361      0.087     6.6057     52.696     38.888  24.643160     3.8700     0.7238     0.0426     0.0846 6.0779e-01     2.2370      8.200     11.893     6.6941 0.0000e+00
      8.384      0.088     6.5763     52.126     38.951  24.681165     3.9600     0.7123     0.0426     0.0846 5.9022e-01     2.2670      8.222     11.925     6.6905 0.0000e+00
      8.406      0.088     6.5427     51.434     39.010  24.715950     3.9600     0.8306     0.0426     0.0846 6.1684e-01     2.5225      8.244     11.956     6.6877 0.0000e+00
      8.428      0.087     6.5010     50.634     39.046  24.736994     3.9600     0.8153     0.0426     0.0846 5.6919e-01     2.4925      8.265     11.987     6.6854 0.0000e+00
      8.450      0.086     6.4468     49.760     39.057  24.741992     3.9600     0.8306     0.0426     0.0846 5.8194e-01     2.3722      8.287     12.019     6.6831 0.0000e+00
      8.472      0.085     6.3775     48.862     39.063  24.744153     3.9600     0.8191     0.0426     0.0846 5.1103e-01     2.4925      8.309     12.051     6.6806 0.0000e+00
      8.494      0.084     6.2932     47.993     39.071  24.748012     3.9600     0.7238     0.0852     0.0846 5.5974e-01     2.4323      8.330     12.081     6.6778 0.0000e+00
      8.515      0.081     6.1957     47.188     39.083  24.754600     3.9600     0.7123     0.0852     0.0846 5.1886e-01     2.3722      8.351     12.112     6.6749 0.0000e+00
      8.536      0.079     6.0892     46.471     39.101  24.765672     3.9600     0.7047     0.0852     0.0846 5.0496e-01     2.3873      8.371     12.141     6.6723 0.0000e+00
      8.556      0.076     5.9797     45.847     39.112  24.772304     3.9600     0.7352     0.0852     0.0846 5.0332e-01     2.5676      8.391     12.170     6.6702 0.0000e+00
      8.575      0.073     5.8735     45.305     39.112  24.772305     3.9600     0.7810     0.0852     0.1269 4.7453e-01     2.5225      8.409     12.196     6.6687 0.0000e+00
      8.592      0.071     5.7751     44.851     39.115  24.773594     3.9600     0.7772     0.0852     0.1269 4.9701e-01     2.4774      8.426     12.221     6.6677 0.0000e+00
      8.609      0.070     5.6875     44.496     39.126  24.780473     3.9600     0.7581     0.0852     0.1269 4.9798e-01     2.4323      8.443     12.245     6.6671 0.0000e+00
      8.626      0.070     5.6112     44.243     39.137  24.786859     3.9600     0.7657     0.0852     0.1269 4.8443e-01     2.4925      8.460     12.269     6.6668 0.0000e+00
      8.644      0.070     5.5449     44.090     39.137  24.786536     3.9600     0.7085     0.0852     0.0846 4.7567e-01     2.5075      8.477     12.295     6.6665 0.0000e+00
