Data/DataNotYetUploadedToEDI/Raw_CTD/RawDownloads/030623_fcr50_S8188006.cnv
* Sea-Bird SBE19plus  Data File:
* FileName = C:\R\Reservoirs\Data\DataNotYetUploadedToEDI\Raw_CTD\RawDownloads\011123_fcr50_S8188_0006.hex
* Software version 2.8.0.119
* Temperature SN = 8188
* Conductivity SN = 8188
* System UpLoad Time = Mar 20 2023 14:56:38
* <ApplicationData>
* <Seaterm232>
# nquan = 16
# nvalues = 1018                        
# units = specified
# name 0 = depFM: Depth [fresh water, m]
# name 1 = dz/dtM: Descent Rate [m/s]
# name 2 = sbeox0Mg/L: Oxygen, SBE 43 [mg/l]
# name 3 = sbeox0PS: Oxygen, SBE 43 [% saturation]
# name 4 = specc: Specific Conductance [uS/cm]
# name 5 = c0uS/cm: Conductivity [uS/cm]
# name 6 = wetCDOM: Fluorescence, WET Labs CDOM [mg/m^3]
# name 7 = flECO-AFL: Fluorescence, WET Labs ECO-AFL/FL [mg/m^3]
# name 8 = flECO-AFL1: Fluorescence, WET Labs ECO-AFL/FL, 2 [mg/m^3]
# name 9 = flECO-AFL2: Fluorescence, WET Labs ECO-AFL/FL, 3 [mg/m^3]
# name 10 = par/sat/log: PAR/Logarithmic, Satlantic
# name 11 = turbWETntu0: Turbidity, WET Labs ECO [NTU]
# name 12 = prdM: Pressure, Strain Gauge [db]
# name 13 = prdE: Pressure, Strain Gauge [psi]
# name 14 = tv290C: Temperature [ITS-90, deg C]
# name 15 = flag:  0.000e+00
# span 0 =     -0.664,      9.560       
# span 1 =     -0.452,      0.201       
# span 2 =    -1.3348,    12.4827       
# span 3 =    -10.932,    109.313       
# span 4 =      1.143,    302.097       
# span 5 =   0.771693, 191.875103       
# span 6 =    -4.5000,     4.8600       
# span 7 =    -2.8507,   245.2229       
# span 8 =    -7.1142,     3.4932       
# span 9 =   -11.2095,     7.6563       
# span 10 = 1.1617e-01, 1.6677e+03      
# span 11 =    -4.8573,   966.4352      
# span 12 =     -0.651,      9.375      
# span 13 =     -0.944,     13.597      
# span 14 =     6.6619,    17.5363      
# span 15 = 0.0000e+00, 0.0000e+00      
# interval = seconds: 0.25
# start_time = Mar 06 2023 13:33:53 [Instrument's time stamp, header]
# bad_flag = -9.990e-29
*END*
[from data line 543]
      3.024      0.098    10.5990     90.913     36.680  24.836127     3.5100     6.2323     0.0426     0.7614 3.0529e+01     1.8462      2.965      4.301     8.8618 0.0000e+00
      3.049      0.100    10.5872     90.768     36.685  24.838546     3.5100     6.2437     0.0426     0.8037 2.9828e+01     1.7710      2.990      4.336     8.8596 0.0000e+00
      3.074      0.102    10.5739     90.619     36.687  24.838192     3.5100     5.7516     0.0426     0.8037 2.8821e+01     1.8462      3.015      4.373     8.8575 0.0000e+00
      3.101      0.103    10.5600     90.477     36.687  24.836951     3.5100     5.7630     0.0426     0.8037 2.7595e+01     1.7860      3.041      4.411     8.8556 0.0000e+00
      3.129      0.104    10.5452     90.356     36.685  24.834490     3.5100     5.7707     0.0426     0.8037 2.6594e+01     1.7860      3.068      4.450     8.8537 0.0000e+00
      3.156      0.105    10.5289     90.267     36.687  24.834114     3.5100     5.7516     0.0426     0.8037 2.6290e+01     1.7410      3.095      4.488     8.8517 0.0000e+00
      3.182      0.106    10.5121     90.210     36.694  24.837702     3.5100     5.9423     0.0426     0.6768 2.6273e+01     1.7860      3.120      4.526     8.8497 0.0000e+00
      3.208      0.106    10.4962     90.182     36.700  24.840271     3.5100     5.9309     0.0426     0.6768 2.5458e+01     1.7560      3.146      4.563     8.8477 0.0000e+00
      3.235      0.107    10.4826     90.172     36.700  24.838548     3.5100     5.9385     0.0426     0.6768 2.4609e+01     1.9063      3.173      4.601     8.8458 0.0000e+00
      3.263      0.108    10.4727     90.157     36.693  24.832072     3.5100     5.9576     0.0426     0.6768 2.4044e+01     1.8762      3.200      4.641     8.8439 0.0000e+00
      3.291      0.108    10.4666     90.115     36.681  24.821097     3.5100     5.6219     0.0426     0.5922 2.3440e+01     1.8462      3.227      4.681     8.8420 0.0000e+00
      3.319      0.108    10.4638     90.032     36.666  24.808635     3.5100     5.6372     0.0426     0.5922 2.2872e+01     1.7860      3.255      4.721     8.8400 0.0000e+00
      3.347      0.107    10.4632     89.903     36.657  24.799280     3.5100     5.6295     0.0426     0.5922 2.2157e+01     1.8462      3.282      4.760     8.8377 0.0000e+00
      3.374      0.106    10.4621     89.736     36.654  24.794496     3.5100     5.6372     0.0426     0.5922 2.1554e+01     1.8011      3.309      4.799     8.8351 0.0000e+00
      3.401      0.105    10.4580     89.547     36.651  24.789049     3.5100     5.6944     0.0426     0.7191 2.1210e+01     1.8161      3.336      4.838     8.8320 0.0000e+00
      3.427      0.104    10.4493     89.357     36.646  24.781486     3.5100     5.6753     0.0426     0.7191 2.1164e+01     1.7560      3.361      4.874     8.8285 0.0000e+00
      3.452      0.105    10.4354     89.182     36.642  24.773749     3.5100     5.6944     0.0426     0.7191 2.1155e+01     1.8913      3.386      4.911     8.8244 0.0000e+00
      3.479      0.106    10.4170     89.018     36.631  24.759816     3.5100     5.7096     0.0426     0.7191 2.0495e+01     1.8762      3.411      4.948     8.8200 0.0000e+00
      3.506      0.108    10.3963     88.842     36.614  24.739931     3.5100     4.8208     0.0000     0.7614 2.0002e+01     1.5606      3.438      4.986     8.8151 0.0000e+00
      3.534      0.109    10.3757     88.621     36.612  24.728585     3.5100     4.8246     0.0000     0.7614 1.9563e+01     1.5907      3.466      5.026     8.8095 0.0000e+00
      3.563      0.108    10.3571     88.322     36.632  24.730671     3.5100     4.8284     0.0000     0.7614 1.8489e+01     1.5456      3.494      5.068     8.8026 0.0000e+00
      3.592      0.107    10.3402     87.913     36.650  24.730907     3.5100     4.8170     0.0000     0.7614 1.7733e+01     1.5606      3.522      5.109     8.7940 0.0000e+00
      3.620      0.105    10.3224     87.373     36.658  24.725399     3.5100     4.5576     0.0000     0.7614 1.7466e+01     1.5756      3.549      5.148     8.7829 0.0000e+00
      3.645      0.102    10.3001     86.700     36.665  24.720594     3.5100     4.5576     0.0852     0.6345 1.7492e+01     1.6207      3.575      5.185     8.7692 0.0000e+00
      3.670      0.100    10.2693     85.922     36.672  24.715212     3.5100     4.5652     0.0852     0.6345 1.7545e+01     1.5456      3.599      5.219     8.7537 0.0000e+00
      3.694      0.099    10.2256     85.086     36.676  24.707817     3.5100     4.5194     0.0852     0.6345 1.7251e+01     1.5907      3.622      5.254     8.7377 0.0000e+00
      3.719      0.098    10.1664     84.248     36.675  24.696435     3.5100     3.7832     0.0852     0.6345 1.6621e+01     1.5155      3.647      5.289     8.7228 0.0000e+00
      3.744      0.098    10.0914     83.464     36.676  24.685951     3.5100     3.8099     0.0426     0.5499 1.6137e+01     1.5907      3.672      5.325     8.7090 0.0000e+00
      3.770      0.097    10.0040     82.772     36.685  24.681486     3.5100     3.8137     0.0426     0.5499 1.5842e+01     1.6808      3.697      5.361     8.6956 0.0000e+00
      3.795      0.097     9.9100     82.185     36.694  24.677889     3.5100     3.7946     0.0426     0.5499 1.5596e+01     1.5305      3.721      5.397     8.6816 0.0000e+00
      3.819      0.095     9.8159     81.691     36.697  24.670243     3.5100     3.7794     0.0426     0.5499 1.5364e+01     1.5907      3.745      5.432     8.6670 0.0000e+00
      3.843      0.094     9.7280     81.265     36.701  24.664426     3.6000     3.8099     0.0426     0.4230 1.4942e+01     1.5756      3.769      5.466     8.6523 0.0000e+00
      3.867      0.093     9.6507     80.880     36.717  24.666805     3.6000     3.8023     0.0426     0.4230 1.4542e+01     1.4854      3.792      5.500     8.6382 0.0000e+00
      3.890      0.092     9.5855     80.500     36.734  24.670096     3.6000     3.7984     0.0426     0.4230 1.4391e+01     1.4704      3.815      5.534     8.6247 0.0000e+00
      3.913      0.093     9.5309     80.094     36.740  24.667258     3.6000     3.6649     0.0426     0.4230 1.4357e+01     1.5305      3.837      5.566     8.6119 0.0000e+00
      3.936      0.095     9.4840     79.652     36.736  24.657535     3.5100     3.6878     0.0426     0.3384 1.4257e+01     1.5756      3.860      5.598     8.5997 0.0000e+00
      3.959      0.098     9.4416     79.189     36.723  24.642292     3.5100     3.6535     0.0426     0.3384 1.4063e+01     1.4704      3.882      5.631     8.5881 0.0000e+00
      3.984      0.103     9.3997     78.731     36.713  24.629340     3.5100     3.6840     0.0426     0.3384 1.3887e+01     1.5155      3.907      5.667     8.5774 0.0000e+00
      4.011      0.107     9.3545     78.300     36.714  24.623145     3.5100     3.5085     0.0426     0.3384 1.3445e+01     1.6207      3.933      5.705     8.5675 0.0000e+00
      4.040      0.111     9.3049     77.918     36.717  24.618096     3.5100     3.5085     0.0426     0.3384 1.2787e+01     1.6508      3.962      5.746     8.5583 0.0000e+00
      4.071      0.113     9.2529     77.604     36.714  24.608886     3.6000     3.5162     0.0426     0.4230 1.2315e+01     1.5756      3.992      5.789     8.5495 0.0000e+00
      4.101      0.114     9.2013     77.388     36.707  24.597018     3.6000     3.5123     0.0426     0.4230 1.1822e+01     1.6207      4.022      5.833     8.5407 0.0000e+00
      4.131      0.113     9.1529     77.297     36.704  24.587246     3.6000     3.7450     0.0426     0.4230 1.1570e+01     1.5606      4.051      5.875     8.5317 0.0000e+00
      4.159      0.110     9.1103     77.325     36.706  24.580923     3.6000     3.7489     0.0426     0.4230 1.1425e+01     1.5305      4.079      5.916     8.5224 0.0000e+00
      4.186      0.108     9.0757     77.452     36.710  24.576361     3.5100     3.7336     0.0426     0.4230 1.1302e+01     1.5606      4.105      5.954     8.5127 0.0000e+00
      4.213      0.106     9.0527     77.672     36.715  24.572344     3.5100     3.7450     0.0426     0.4230 1.1173e+01     1.5305      4.131      5.992     8.5024 0.0000e+00
      4.239      0.103     9.0443     77.974     36.713  24.563841     3.5100     3.6802     0.0426     0.4230 1.0795e+01     1.5907      4.157      6.030     8.4919 0.0000e+00
      4.266      0.102     9.0499     78.333     36.706  24.552545     3.5100     3.6802     0.0426     0.4230 1.0429e+01     1.5756      4.183      6.067     8.4815 0.0000e+00
      4.292      0.101     9.0672     78.719     36.706  24.547319     3.6000     3.7031     0.0000     0.4230 1.0200e+01     1.5305      4.209      6.105     8.4713 0.0000e+00
      4.317      0.102     9.0951     79.092     36.713  24.546770     3.6000     3.7031     0.0000     0.4230 1.0205e+01     1.4854      4.234      6.140     8.4614 0.0000e+00
      4.342      0.103     9.1325     79.417     36.721  24.546792     3.6000     3.6573     0.0000     0.4230 1.0202e+01     1.4854      4.258      6.176     8.4520 0.0000e+00
      4.367      0.106     9.1765     79.679     36.730  24.547391     3.6000     3.6726     0.0000     0.4230 1.0001e+01     1.5305      4.283      6.212     8.4433 0.0000e+00
      4.394      0.109     9.2235     79.875     36.739  24.548727     3.6000     3.6726     0.0426     0.3384 9.6966e+00     1.5907      4.309      6.250     8.4354 0.0000e+00
      4.423      0.112     9.2688     80.010     36.744  24.547196     3.6000     3.6687     0.0426     0.3384 9.4143e+00     1.5907      4.338      6.291     8.4281 0.0000e+00
      4.453      0.114     9.3085     80.090     36.745  24.542391     3.6000     3.3674     0.0426     0.3384 9.0178e+00     1.5155      4.367      6.334     8.4213 0.0000e+00
      4.484      0.114     9.3407     80.133     36.763  24.548865     3.6000     3.3636     0.0426     0.3384 8.7153e+00     1.6207      4.397      6.378     8.4147 0.0000e+00
      4.514      0.113     9.3652     80.158     36.799  24.568345     3.6000     3.3788     0.0426     0.3384 8.4597e+00     1.5155      4.427      6.421     8.4079 0.0000e+00
      4.543      0.111     9.3826     80.179     36.822  24.578312     3.6000     3.3979     0.0426     0.3807 8.2062e+00     1.5907      4.456      6.462     8.4009 0.0000e+00
      4.571      0.110     9.3936     80.204     36.822  24.573506     3.6000     3.5581     0.0426     0.3807 8.1866e+00     1.5907      4.483      6.501     8.3937 0.0000e+00
      4.597      0.109     9.4003     80.229     36.815  24.564523     3.6000     3.5734     0.0426     0.3807 8.2366e+00     1.6357      4.508      6.539     8.3865 0.0000e+00
      4.623      0.110     9.4049     80.248     36.805  24.552925     3.6000     3.5581     0.0426     0.3807 8.1565e+00     1.5606      4.534      6.576     8.3795 0.0000e+00
      4.650      0.111     9.4089     80.261     36.793  24.539580     3.6000     3.5390     0.0426     0.4653 7.8897e+00     1.6207      4.561      6.615     8.3728 0.0000e+00
      4.680      0.113     9.4133     80.262     36.786  24.528845     3.6000     3.1995     0.0426     0.4653 7.6003e+00     1.5155      4.590      6.657     8.3664 0.0000e+00
      4.710      0.114     9.4176     80.248     36.789  24.525776     3.6000     3.2033     0.0426     0.4653 7.2866e+00     1.5907      4.619      6.700     8.3600 0.0000e+00
      4.741      0.115     9.4215     80.227     36.802  24.529555     3.6000     3.1919     0.0426     0.4653 7.0238e+00     1.5305      4.649      6.743     8.3531 0.0000e+00
      4.770      0.117     9.4246     80.195     36.821  24.537231     3.6000     3.1766     0.0426     0.4653 6.9827e+00     1.5456      4.678      6.785     8.3457 0.0000e+00
      4.799      0.118     9.4264     80.149     36.842  24.546890     3.6000     3.1843     0.0426     0.4653 7.0452e+00     1.5155      4.706      6.826     8.3383 0.0000e+00
      4.827      0.121     9.4265     80.084     36.853  24.549231     3.6000     3.2148     0.0426     0.4653 6.9736e+00     1.6207      4.734      6.867     8.3311 0.0000e+00
      4.858      0.123     9.4255     79.985     36.848  24.540920     3.6000     3.2148     0.0426     0.4653 6.7339e+00     1.5606      4.764      6.910     8.3244 0.0000e+00
      4.891      0.126     9.4233     79.837     36.843  24.531618     3.6000     3.2033     0.0426     0.4653 6.3446e+00     1.4854      4.796      6.957     8.3181 0.0000e+00
      4.924      0.129     9.4193     79.635     36.849  24.530720     3.6000     3.3712     0.0426     0.2961 6.1894e+00     1.6207      4.829      7.005     8.3118 0.0000e+00
      4.958      0.133     9.4132     79.382     36.862  24.534027     3.6000     3.3636     0.0426     0.2961 6.1159e+00     1.5907      4.862      7.052     8.3051 0.0000e+00
      4.991      0.137     9.4032     79.087     36.864  24.530546     3.6000     3.3483     0.0426     0.2961 6.0353e+00     1.5005      4.895      7.100     8.2980 0.0000e+00
      5.026      0.144     9.3875     78.769     36.855  24.519346     3.6000     3.4017     0.0426     0.2961 5.8558e+00     1.5606      4.929      7.149     8.2907 0.0000e+00
      5.061      0.153     9.3653     78.448     36.842  24.505359     3.6000     3.1652     0.0426     0.3384 5.8139e+00     1.7860      4.963      7.199     8.2833 0.0000e+00
      5.099      0.165     9.3371     78.139     36.831  24.492774     3.6000     3.1309     0.0426     0.3384 5.8367e+00     1.7410      5.001      7.253     8.2761 0.0000e+00
      5.142      0.178     9.3041     77.853     36.825  24.482194     3.6000     3.1232     0.0426     0.3384 5.7150e+00     1.7710      5.042      7.313     8.2692 0.0000e+00
      5.190      0.190     9.2682     77.588     36.825  24.474755     3.6000     3.1385     0.0426     0.3384 5.2907e+00     1.8762      5.089      7.382     8.2624 0.0000e+00
      5.243      0.198     9.2320     77.328     36.833  24.472432     3.6000     2.4556     0.0426     0.3807 4.7667e+00     1.4704      5.142      7.458     8.2554 0.0000e+00
      5.299      0.201     9.1973     77.051     36.843  24.470648     3.6000     2.4442     0.0426     0.3807 4.4003e+00     1.5606      5.196      7.537     8.2479 0.0000e+00
      5.354      0.199     9.1655     76.740     36.848  24.464966     3.6000     2.4480     0.0426     0.3807 4.1740e+00     1.5305      5.250      7.615     8.2393 0.0000e+00
      5.406      0.193     9.1365     76.387     36.850  24.457831     3.6000     2.4595     0.0426     0.3807 3.9800e+00     1.6508      5.301      7.689     8.2295 0.0000e+00
      5.454      0.185     9.1083     75.999     36.852  24.451298     3.6000     2.3946     0.0426     0.3807 3.9930e+00     1.6808      5.348      7.757     8.2185 0.0000e+00
      5.498      0.175     9.0782     75.587     36.855  24.445604     3.6000     2.3679     0.0426     0.3807 3.9072e+00     1.6658      5.392      7.820     8.2069 0.0000e+00
      5.541      0.166     9.0441     75.169     36.867  24.445170     3.6000     2.3984     0.0426     0.3807 3.7557e+00     1.6207      5.434      7.881     8.1953 0.0000e+00
      5.583      0.157     9.0050     74.773     36.883  24.447900     3.6000     2.3794     0.0426     0.3807 3.5648e+00     1.5606      5.474      7.940     8.1841 0.0000e+00
      5.622      0.150     8.9617     74.416     36.890  24.444624     3.6000     2.5052     0.0426     0.3807 3.4618e+00     1.5907      5.513      7.996     8.1732 0.0000e+00
      5.659      0.145     8.9155     74.105     36.886  24.434469     3.6000     2.5091     0.0426     0.3384 3.4192e+00     1.6357      5.549      8.048     8.1623 0.0000e+00
      5.693      0.141     8.8685     73.842     36.880  24.422644     3.6000     2.5205     0.0426     0.3384 3.4610e+00     1.5907      5.583      8.098     8.1513 0.0000e+00
