Data/DataNotYetUploadedToEDI/Raw_CTD/RawDownloads/030623_fcr50_S8188005.cnv
* Sea-Bird SBE19plus  Data File:
* FileName = C:\R\Reservoirs\Data\DataNotYetUploadedToEDI\Raw_CTD\RawDownloads\011123_fcr50_S8188_0005.hex
* Software version 2.8.0.119
* Temperature SN = 8188
* Conductivity SN = 8188
* System UpLoad Time = Mar 20 2023 14:56:21
* <ApplicationData>
* <Seaterm232>
# nquan = 16
# nvalues = 1216                        
# units = specified
# name 0 = depFM: Depth [fresh water, m]
# name 1 = dz/dtM: Descent Rate [m/s]
# name 2 = sbeox0Mg/L: Oxygen, SBE 43 [mg/l]
# name 3 = sbeox0PS: Oxygen, SBE 43 [% saturation]
# name 4 = specc: Specific Conductance [uS/cm]
# name 5 = c0uS/cm: Conductivity [uS/cm]
# name 6 = wetCDOM: Fluorescence, WET Labs CDOM [mg/m^3]
# name 7 = flECO-AFL: Fluorescence, WET Labs ECO-AFL/FL [mg/m^3]
# name 8 = flECO-AFL1: Fluorescence, WET Labs ECO-AFL/FL, 2 [mg/m^3]
# name 9 = flECO-AFL2: Fluorescence, WET Labs ECO-AFL/FL, 3 [mg/m^3]
# name 10 = par/sat/log: PAR/Logarithmic, Satlantic
# name 11 = turbWETntu0: Turbidity, WET Labs ECO [NTU]
# name 12 = prdM: Pressure, Strain Gauge [db]
# name 13 = prdE: Pressure, Strain Gauge [psi]
# name 14 = tv290C: Temperature [ITS-90, deg C]
# name 15 = flag:  0.000e+00
# span 0 =     -0.645,      9.581       
# span 1 =     -0.340,      0.137       
# span 2 =     2.0554,    12.6572       
# span 3 =     16.843,    112.339       
# span 4 =      0.486,    400.325       
# span 5 =   0.455418, 254.588101       
# span 6 =    -4.5000,     4.5000       
# span 7 =    -0.8136,   245.2305       
# span 8 =    -5.4102,     3.1950       
# span 9 =    -3.8493,     3.4263       
# span 10 = 1.7015e-01, 2.1796e+03      
# span 11 =    -2.7230,   149.8028      
# span 12 =     -0.633,      9.396      
# span 13 =     -0.918,     13.627      
# span 14 =     6.6561,    21.8901      
# span 15 = 0.0000e+00, 0.0000e+00      
# interval = seconds: 0.25
# start_time = Mar 06 2023 12:33:20 [Instrument's time stamp, header]
# bad_flag = -9.990e-29
*END*
[from data line 543]
      1.954      0.069    10.6273     91.355     36.285  24.629627     3.4200     8.7042     0.0426     1.0998 1.3847e+02     1.7259      1.917      2.780     8.9470 0.0000e+00
      1.973      0.071    10.6112     91.347     36.280  24.625128     3.4200     8.7309     0.0426     1.1421 1.3620e+02     1.7259      1.934      2.806     8.9431 0.0000e+00
      1.992      0.072    10.5960     91.426     36.283  24.626272     3.4200     8.5745     0.0426     1.1421 1.3175e+02     1.8462      1.953      2.833     8.9403 0.0000e+00
      2.011      0.072    10.5833     91.608     36.290  24.629404     3.4200     8.5440     0.0426     1.1421 1.2642e+02     1.8462      1.972      2.861     8.9383 0.0000e+00
      2.031      0.071    10.5752     91.891     36.295  24.631402     3.4200     8.5631     0.0426     1.1421 1.2266e+02     1.7109      1.991      2.888     8.9369 0.0000e+00
      2.049      0.069    10.5746     92.255     36.300  24.632798     3.4200     8.5478     0.0426     1.1421 1.2013e+02     1.7410      2.010      2.915     8.9356 0.0000e+00
      2.067      0.065    10.5842     92.657     36.299  24.630004     3.5100     8.3075     0.0852     1.2690 1.1824e+02     1.8011      2.027      2.940     8.9340 0.0000e+00
      2.083      0.062    10.6058     93.046     36.290  24.622277     3.5100     8.3266     0.0852     1.2690 1.1597e+02     1.6808      2.043      2.963     8.9319 0.0000e+00
      2.098      0.058    10.6392     93.378     36.289  24.619431     3.5100     8.2846     0.0852     1.2690 1.1405e+02     1.7560      2.057      2.984     8.9295 0.0000e+00
      2.112      0.055    10.6820     93.618     36.299  24.624668     3.5100     8.3037     0.0852     1.2690 1.1274e+02     1.7860      2.071      3.003     8.9269 0.0000e+00
      2.125      0.052    10.7292     93.750     36.306  24.627506     3.5100     7.8306     0.0426     1.0998 1.1039e+02     1.8161      2.084      3.022     8.9243 0.0000e+00
      2.138      0.051    10.7749     93.774     36.305  24.624743     3.5100     7.8306     0.0426     1.0998 1.0743e+02     1.7860      2.096      3.040     8.9219 0.0000e+00
      2.150      0.050    10.8139     93.714     36.305  24.623561     3.5100     7.8039     0.0426     1.0998 1.0620e+02     1.8161      2.108      3.058     8.9195 0.0000e+00
      2.162      0.049    10.8425     93.602     36.314  24.627604     3.5100     7.8192     0.0426     1.0998 1.0424e+02     1.6808      2.121      3.076     8.9168 0.0000e+00
      2.175      0.049    10.8584     93.473     36.325  24.633989     3.4200     7.9451     0.0426     1.0575 1.0039e+02     1.7560      2.133      3.093     8.9142 0.0000e+00
      2.187      0.050    10.8619     93.354     36.326  24.632543     3.4200     7.9642     0.0426     1.0575 9.8552e+01     1.8762      2.145      3.111     8.9118 0.0000e+00
      2.200      0.052    10.8554     93.258     36.314  24.622881     3.4200     7.9146     0.0426     1.0575 9.7297e+01     1.7860      2.157      3.129     8.9096 0.0000e+00
      2.213      0.053    10.8430     93.190     36.304  24.614302     3.4200     7.9413     0.0426     1.0575 9.5807e+01     1.8011      2.170      3.147     8.9075 0.0000e+00
      2.226      0.055    10.8286     93.145     36.299  24.608478     3.4200     7.1325     0.0426     0.9306 9.2393e+01     1.5756      2.183      3.167     8.9055 0.0000e+00
      2.241      0.056    10.8154     93.111     36.294  24.603857     3.4200     7.1173     0.0426     0.9306 8.7984e+01     1.4554      2.198      3.188     8.9033 0.0000e+00
      2.256      0.057    10.8050     93.077     36.283  24.595245     3.4200     7.1592     0.0426     0.9306 8.4978e+01     1.4253      2.213      3.210     8.9006 0.0000e+00
      2.271      0.058    10.7978     93.032     36.268  24.584306     3.4200     7.1440     0.0426     0.9306 8.4023e+01     1.5456      2.228      3.231     8.8977 0.0000e+00
      2.286      0.058    10.7933     92.971     36.262  24.580000     3.4200     6.5374     0.0426     0.9306 8.2593e+01     1.4854      2.242      3.251     8.8950 0.0000e+00
      2.300      0.057    10.7901     92.893     36.258  24.577220     3.4200     6.5107     0.0000     0.9729 8.0467e+01     1.5305      2.256      3.272     8.8928 0.0000e+00
      2.315      0.057    10.7865     92.803     36.244  24.567307     3.4200     6.5222     0.0000     0.9729 7.7313e+01     1.5606      2.270      3.292     8.8912 0.0000e+00
      2.329      0.056    10.7816     92.708     36.232  24.559493     3.4200     6.5222     0.0000     0.9729 7.5700e+01     1.5305      2.284      3.313     8.8902 0.0000e+00
      2.343      0.056    10.7746     92.616     36.232  24.559613     3.4200     6.4726     0.0000     0.9729 7.5111e+01     1.5305      2.298      3.333     8.8897 0.0000e+00
      2.357      0.056    10.7655     92.537     36.226  24.555823     3.5100     6.4650     0.0000     0.8883 7.4590e+01     1.4854      2.312      3.353     8.8895 0.0000e+00
      2.372      0.055    10.7551     92.466     36.213  24.547110     3.5100     6.4878     0.0000     0.8883 7.2261e+01     1.5005      2.326      3.374     8.8896 0.0000e+00
      2.386      0.055    10.7440     92.395     36.207  24.543030     3.5100     6.5031     0.0000     0.8883 7.0126e+01     1.5155      2.340      3.394     8.8898 0.0000e+00
      2.400      0.054    10.7334     92.326     36.206  24.542494     3.5100     6.3963     0.0000     0.8883 7.0096e+01     1.4704      2.354      3.414     8.8900 0.0000e+00
      2.414      0.054    10.7242     92.264     36.212  24.545360     3.4200     6.4383     0.0426     0.8883 7.0004e+01     1.4854      2.368      3.434     8.8902 0.0000e+00
      2.427      0.054    10.7159     92.209     36.236  24.560308     3.4200     6.4230     0.0426     0.8883 7.0065e+01     1.5005      2.380      3.452     8.8905 0.0000e+00
      2.441      0.054    10.7075     92.171     36.272  24.583408     3.4200     6.3734     0.0426     0.8883 6.9007e+01     1.5305      2.394      3.472     8.8907 0.0000e+00
      2.455      0.054    10.6996     92.160     36.294  24.597065     3.4200     6.3238     0.0426     0.8883 6.7995e+01     1.4253      2.407      3.492     8.8905 0.0000e+00
      2.469      0.055    10.6927     92.182     36.296  24.597003     3.4200     6.3238     0.0426     0.8037 6.6231e+01     1.5005      2.421      3.512     8.8895 0.0000e+00
      2.483      0.055    10.6867     92.236     36.289  24.591123     3.4200     6.3543     0.0426     0.8037 6.6144e+01     1.5907      2.435      3.532     8.8878 0.0000e+00
      2.497      0.055    10.6828     92.314     36.277  24.581816     3.4200     6.3314     0.0426     0.8037 6.6303e+01     1.4404      2.449      3.552     8.8858 0.0000e+00
      2.510      0.055    10.6821     92.397     36.262  24.570560     3.4200     6.4878     0.0426     0.8037 6.6389e+01     1.5005      2.462      3.571     8.8838 0.0000e+00
      2.524      0.055    10.6850     92.473     36.257  24.566230     3.4200     6.4955     0.0426     0.8037 6.5245e+01     1.4854      2.475      3.590     8.8820 0.0000e+00
      2.539      0.055    10.6917     92.532     36.266  24.571630     3.4200     6.4650     0.0000     0.7614 6.3829e+01     1.5606      2.490      3.611     8.8804 0.0000e+00
      2.553      0.055    10.7011     92.567     36.273  24.576323     3.4200     6.5031     0.0000     0.7614 6.2879e+01     1.4554      2.504      3.632     8.8789 0.0000e+00
      2.568      0.054    10.7112     92.574     36.270  24.573643     3.4200     6.5260     0.0000     0.7614 6.2362e+01     1.5456      2.518      3.652     8.8774 0.0000e+00
      2.581      0.053    10.7202     92.566     36.261  24.566833     3.4200     6.5489     0.0000     0.7614 6.2511e+01     1.5907      2.531      3.671     8.8762 0.0000e+00
      2.594      0.052    10.7274     92.554     36.255  24.561997     3.4200     6.5145     0.0000     0.6768 6.2852e+01     1.4554      2.544      3.689     8.8752 0.0000e+00
      2.607      0.051    10.7316     92.549     36.255  24.561802     3.4200     6.5374     0.0000     0.6768 6.2037e+01     1.5456      2.556      3.708     8.8743 0.0000e+00
      2.620      0.050    10.7326     92.556     36.262  24.566198     3.4200     6.5947     0.0000     0.6768 6.1367e+01     1.4404      2.569      3.726     8.8737 0.0000e+00
      2.632      0.049    10.7318     92.572     36.277  24.576357     3.4200     6.6023     0.0000     0.6768 6.0876e+01     1.6207      2.582      3.744     8.8730 0.0000e+00
      2.645      0.049    10.7306     92.591     36.293  24.587070     3.4200     6.5908     0.0000     0.7191 5.9957e+01     1.5155      2.594      3.762     8.8724 0.0000e+00
      2.657      0.049    10.7302     92.605     36.297  24.589315     3.4200     6.5756     0.0000     0.7191 6.0205e+01     1.5005      2.606      3.780     8.8719 0.0000e+00
      2.669      0.049    10.7312     92.604     36.295  24.587652     3.4200     6.4917     0.0000     0.7191 6.0401e+01     1.5005      2.618      3.796     8.8714 0.0000e+00
      2.681      0.050    10.7332     92.580     36.298  24.589553     3.4200     6.4688     0.0000     0.7191 6.0493e+01     1.4854      2.629      3.813     8.8710 0.0000e+00
      2.693      0.052    10.7354     92.533     36.301  24.591569     3.4200     6.4650     0.0426     0.7614 5.9839e+01     1.5155      2.641      3.831     8.8707 0.0000e+00
      2.707      0.055    10.7371     92.470     36.300  24.590276     3.4200     6.4650     0.0426     0.7614 5.8681e+01     1.5305      2.655      3.850     8.8704 0.0000e+00
      2.721      0.057    10.7371     92.395     36.294  24.585331     3.4200     6.6023     0.0426     0.7614 5.8540e+01     1.7860      2.669      3.871     8.8700 0.0000e+00
      2.737      0.060    10.7344     92.318     36.286  24.579374     3.4200     6.6023     0.0426     0.7614 5.7532e+01     1.6808      2.684      3.892     8.8695 0.0000e+00
      2.753      0.062    10.7292     92.242     36.286  24.578733     3.4200     6.5985     0.0426     0.7614 5.6540e+01     1.6658      2.699      3.915     8.8689 0.0000e+00
      2.769      0.064    10.7220     92.169     36.288  24.579280     3.4200     6.5756     0.0426     0.7614 5.5820e+01     1.7560      2.716      3.939     8.8682 0.0000e+00
      2.786      0.065    10.7135     92.102     36.281  24.573241     3.4200     6.2895     0.0426     0.7614 5.4667e+01     1.6959      2.732      3.963     8.8674 0.0000e+00
      2.803      0.066    10.7048     92.036     36.273  24.566925     3.4200     6.2818     0.0426     0.7614 5.4478e+01     1.6508      2.749      3.988     8.8665 0.0000e+00
      2.821      0.066    10.6963     91.966     36.274  24.566565     3.4200     6.3047     0.0426     0.7614 5.3399e+01     1.6959      2.766      4.012     8.8655 0.0000e+00
      2.838      0.066    10.6880     91.893     36.277  24.568105     3.4200     6.2933     0.0000     0.5922 5.2116e+01     1.7410      2.783      4.036     8.8644 0.0000e+00
      2.854      0.067    10.6806     91.824     36.278  24.567998     3.4200     5.9767     0.0000     0.5922 5.2765e+01     1.5305      2.799      4.060     8.8631 0.0000e+00
      2.870      0.068    10.6733     91.753     36.271  24.562257     3.4200     5.9729     0.0000     0.5922 5.2628e+01     1.4253      2.815      4.083     8.8618 0.0000e+00
      2.887      0.069    10.6655     91.670     36.254  24.549349     3.4200     5.9957     0.0000     0.5922 5.2456e+01     1.5155      2.831      4.107     8.8606 0.0000e+00
      2.905      0.071    10.6574     91.577     36.244  24.541669     3.4200     5.9843     0.0426     0.6345 5.1151e+01     1.4854      2.849      4.132     8.8595 0.0000e+00
      2.924      0.073    10.6496     91.478     36.250  24.545087     3.4200     5.6753     0.0426     0.6345 4.9500e+01     1.5155      2.867      4.159     8.8583 0.0000e+00
      2.943      0.075    10.6417     91.383     36.257  24.548638     3.4200     5.6867     0.0426     0.6345 4.8583e+01     1.5005      2.887      4.186     8.8571 0.0000e+00
      2.963      0.076    10.6325     91.296     36.253  24.545349     3.4200     5.6944     0.0426     0.6345 4.7621e+01     1.5456      2.906      4.215     8.8556 0.0000e+00
      2.983      0.076    10.6220     91.216     36.255  24.546222     3.4200     5.6753     0.0000     0.6768 4.6406e+01     1.3351      2.925      4.243     8.8542 0.0000e+00
      3.002      0.077    10.6110     91.148     36.276  24.559406     3.4200     5.8622     0.0000     0.6768 4.5785e+01     1.5005      2.944      4.270     8.8529 0.0000e+00
      3.021      0.078    10.6002     91.100     36.296  24.572583     3.4200     5.8584     0.0000     0.6768 4.5934e+01     1.5155      2.963      4.297     8.8518 0.0000e+00
      3.040      0.080    10.5904     91.069     36.305  24.577388     3.4200     5.8699     0.0000     0.6768 4.5527e+01     1.4704      2.982      4.324     8.8508 0.0000e+00
      3.060      0.082    10.5813     91.047     36.303  24.575102     3.4200     5.8432     0.0000     0.6768 4.4163e+01     1.4854      3.001      4.353     8.8498 0.0000e+00
      3.082      0.085    10.5736     91.030     36.302  24.573035     3.4200     5.8737     0.0426     0.6768 4.3026e+01     1.5305      3.022      4.384     8.8489 0.0000e+00
      3.105      0.087    10.5683     91.016     36.312  24.578553     3.4200     5.8622     0.0426     0.6768 4.1601e+01     1.5305      3.045      4.416     8.8478 0.0000e+00
      3.128      0.087    10.5650     91.004     36.330  24.589167     3.4200     5.8699     0.0426     0.6768 3.9979e+01     1.5606      3.068      4.449     8.8464 0.0000e+00
      3.152      0.086    10.5629     90.992     36.342  24.595833     3.4200     5.8813     0.0426     0.6768 3.8697e+01     1.5155      3.091      4.483     8.8448 0.0000e+00
      3.174      0.084    10.5615     90.975     36.333  24.588449     3.4200     6.0568     0.0426     0.6345 3.7537e+01     1.7710      3.113      4.515     8.8429 0.0000e+00
      3.196      0.080    10.5604     90.948     36.312  24.572965     3.4200     6.0530     0.0426     0.6345 3.6635e+01     1.7410      3.134      4.545     8.8409 0.0000e+00
      3.215      0.077    10.5595     90.906     36.291  24.557128     3.4200     6.0186     0.0426     0.6345 3.6326e+01     1.7860      3.153      4.573     8.8389 0.0000e+00
      3.234      0.074    10.5586     90.843     36.275  24.544635     3.4200     6.0339     0.0426     0.6345 3.6239e+01     1.8161      3.171      4.599     8.8370 0.0000e+00
      3.251      0.073    10.5571     90.758     36.273  24.540070     3.4200     6.1750     0.0426     0.5499 3.6004e+01     1.5155      3.188      4.624     8.8353 0.0000e+00
      3.268      0.073    10.5543     90.660     36.270  24.534300     3.4200     6.1712     0.0426     0.5499 3.5191e+01     1.4854      3.205      4.649     8.8335 0.0000e+00
      3.286      0.074    10.5500     90.557     36.263  24.525785     3.4200     6.1560     0.0426     0.5499 3.4743e+01     1.4854      3.223      4.674     8.8315 0.0000e+00
      3.305      0.076    10.5433     90.454     36.261  24.520172     3.4200     6.1750     0.0426     0.5499 3.4286e+01     1.6057      3.241      4.701     8.8289 0.0000e+00
      3.325      0.076    10.5344     90.355     36.260  24.515964     3.4200     5.3320     0.0426     0.5499 3.3389e+01     1.4404      3.261      4.730     8.8251 0.0000e+00
      3.346      0.076    10.5243     90.252     36.265  24.515998     3.4200     5.3167     0.0426     0.7191 3.1630e+01     1.4554      3.282      4.760     8.8202 0.0000e+00
      3.367      0.074    10.5137     90.129     36.282  24.524242     3.4200     5.3091     0.0426     0.7191 3.0883e+01     1.4253      3.302      4.789     8.8143 0.0000e+00
