Data/DataNotYetUploadedToEDI/Raw_CTD/RawDownloads/030623_fcr50_S8188006.cnv
* Sea-Bird SBE19plus  Data File:
* FileName = C:\R\Reservoirs\Data\DataNotYetUploadedToEDI\Raw_CTD\RawDownloads\011123_fcr50_S8188_0006.hex
* Software version 2.8.0.119
* Temperature SN = 8188
* Conductivity SN = 8188
* System UpLoad Time = Mar 20 2023 14:56:38
* <ApplicationData>
* <Seaterm232>
# nquan = 16
# nvalues = 1018                        
# units = specified
# name 0 = depFM: Depth [fresh water, m]
# name 1 = dz/dtM: Descent Rate [m/s]
# name 2 = sbeox0Mg/L: Oxygen, SBE 43 [mg/l]
# name 3 = sbeox0PS: Oxygen, SBE 43 [% saturation]
# name 4 = specc: Specific Conductance [uS/cm]
# name 5 = c0uS/cm: Conductivity [uS/cm]
# name 6 = wetCDOM: Fluorescence, WET Labs CDOM [mg/m^3]
# name 7 = flECO-AFL: Fluorescence, WET Labs ECO-AFL/FL [mg/m^3]
# name 8 = flECO-AFL1: Fluorescence, WET Labs ECO-AFL/FL, 2 [mg/m^3]
# name 9 = flECO-AFL2: Fluorescence, WET Labs ECO-AFL/FL, 3 [mg/m^3]
# name 10 = par/sat/log: PAR/Logarithmic, Satlantic
# name 11 = turbWETntu0: Turbidity, WET Labs ECO [NTU]
# name 12 = prdM: Pressure, Strain Gauge [db]
# name 13 = prdE: Pressure, Strain Gauge [psi]
# name 14 = tv290C: Temperature [ITS-90, deg C]
# name 15 = flag:  0.000e+00
# span 0 =     -0.664,      9.560       
# span 1 =     -0.452,      0.201       
# span 2 =    -1.3348,    12.4827       
# span 3 =    -10.932,    109.313       
# span 4 =      1.143,    302.097       
# span 5 =   0.771693, 191.875103       
# span 6 =    -4.5000,     4.8600       
# span 7 =    -2.8507,   245.2229       
# span 8 =    -7.1142,     3.4932       
# span 9 =   -11.2095,     7.6563       
# span 10 = 1.1617e-01, 1.6677e+03      
# span 11 =    -4.8573,   966.4352      
# span 12 =     -0.651,      9.375      
# span 13 =     -0.944,     13.597      
# span 14 =     6.6619,    17.5363      
# span 15 = 0.0000e+00, 0.0000e+00      
# interval = seconds: 0.25
# start_time = Mar 06 2023 13:33:53 [Instrument's time stamp, header]
# bad_flag = -9.990e-29
*END*
[from data line 633]
      5.762      0.135     8.7842     73.459     36.907  24.420332     3.6000     2.0742     0.0426     0.3384 3.1881e+00     1.5456      5.651      8.196     8.1301 0.0000e+00
      5.797      0.132     8.7497     73.322     36.937  24.429229     3.6000     2.0665     0.0000     0.3384 3.0038e+00     1.5907      5.686      8.246     8.1198 0.0000e+00
      5.832      0.130     8.7210     73.195     36.960  24.433078     3.6000     2.0894     0.0000     0.3384 2.9636e+00     1.5005      5.719      8.295     8.1086 0.0000e+00
      5.864      0.128     8.6984     73.062     36.979  24.434884     3.6000     2.0665     0.0000     0.3384 2.9578e+00     1.5907      5.751      8.341     8.0960 0.0000e+00
      5.895      0.126     8.6815     72.900     36.998  24.435129     3.6000     1.9101     0.0000     0.3384 2.9707e+00     1.4103      5.781      8.385     8.0818 0.0000e+00
      5.925      0.125     8.6685     72.684     37.014  24.431899     3.6000     1.8873     0.0426     0.2538 2.8949e+00     1.3953      5.811      8.428     8.0669 0.0000e+00
      5.957      0.126     8.6567     72.400     37.028  24.426311     3.6000     1.9140     0.0426     0.2538 2.7323e+00     1.2299      5.842      8.473     8.0518 0.0000e+00
      5.989      0.130     8.6441     72.043     37.035  24.414895     3.6000     1.9292     0.0426     0.2538 2.6905e+00     1.2600      5.874      8.519     8.0365 0.0000e+00
      6.022      0.136     8.6283     71.619     37.033  24.396586     3.6000     1.8262     0.0426     0.2538 2.7092e+00     1.3201      5.906      8.566     8.0200 0.0000e+00
      6.056      0.143     8.6067     71.136     37.027  24.372440     3.6000     1.8415     0.0426     0.3384 2.7139e+00     1.2750      5.939      8.614     8.0016 0.0000e+00
      6.092      0.149     8.5772     70.599     37.021  24.343935     3.6000     1.8377     0.0426     0.3384 2.6366e+00     1.3502      5.975      8.665     7.9814 0.0000e+00
      6.132      0.154     8.5394     70.017     37.025  24.317326     3.6000     1.8605     0.0426     0.3384 2.4245e+00     1.3502      6.014      8.722     7.9601 0.0000e+00
      6.175      0.157     8.4939     69.404     37.044  24.297392     3.6000     1.3456     0.0426     0.3384 2.2651e+00     1.3051      6.056      8.783     7.9370 0.0000e+00
      6.218      0.158     8.4421     68.773     37.065  24.278818     3.6000     1.3646     0.0426     0.3384 2.1697e+00     1.2600      6.098      8.845     7.9099 0.0000e+00
      6.259      0.157     8.3851     68.131     37.078  24.256649     3.6000     1.3341     0.0426     0.2115 2.1198e+00     1.3201      6.139      8.903     7.8768 0.0000e+00
      6.298      0.155     8.3240     67.472     37.087  24.232889     3.6000     1.2998     0.0426     0.2115 2.1355e+00     1.3201      6.176      8.958     7.8373 0.0000e+00
      6.335      0.153     8.2599     66.783     37.100  24.209122     3.6000     1.2311     0.0426     0.2115 2.1598e+00     1.2750      6.213      9.010     7.7936 0.0000e+00
      6.372      0.151     8.1935     66.075     37.126  24.190885     3.6000     1.2311     0.0426     0.2115 2.0523e+00     1.4103      6.249      9.064     7.7498 0.0000e+00
      6.411      0.149     8.1253     65.364     37.168  24.181231     3.6900     1.2311     0.0426     0.1692 1.9165e+00     1.3351      6.288      9.119     7.7088 0.0000e+00
      6.451      0.147     8.0546     64.656     37.219  24.177585     3.6900     1.2044     0.0426     0.1692 1.8737e+00     1.2600      6.327      9.176     7.6687 0.0000e+00
      6.490      0.145     7.9807     63.960     37.268  24.175014     3.6900     1.1777     0.0426     0.1692 1.7835e+00     1.2901      6.365      9.231     7.6256 0.0000e+00
      6.527      0.142     7.9053     63.283     37.312  24.172833     3.6900     1.1510     0.0426     0.1692 1.7444e+00     1.2750      6.401      9.283     7.5780 0.0000e+00
      6.561      0.138     7.8299     62.627     37.363  24.178375     3.6900     1.1663     0.0000     0.1692 1.7551e+00     1.2901      6.435      9.332     7.5280 0.0000e+00
      6.595      0.133     7.7545     62.001     37.419  24.189159     3.6900     1.1586     0.0000     0.1692 1.7143e+00     1.2750      6.467      9.380     7.4788 0.0000e+00
      6.628      0.130     7.6797     61.419     37.464  24.196184     3.6900     1.0938     0.0000     0.1692 1.6304e+00     1.6207      6.500      9.428     7.4329 0.0000e+00
      6.661      0.127     7.6063     60.891     37.502  24.201323     3.6900     1.0862     0.0000     0.1692 1.5874e+00     1.5305      6.533      9.475     7.3915 0.0000e+00
      6.693      0.126     7.5344     60.424     37.542  24.209903     3.6900     1.1052     0.0426     0.1692 1.5864e+00     1.6057      6.564      9.520     7.3542 0.0000e+00
      6.724      0.125     7.4653     60.035     37.576  24.216296     3.6900     1.1014     0.0426     0.1692 1.5878e+00     1.5305      6.594      9.564     7.3208 0.0000e+00
      6.755      0.124     7.4008     59.726     37.603  24.218245     3.6900     1.0480     0.0426     0.1692 1.5553e+00     1.4854      6.625      9.608     7.2911 0.0000e+00
      6.787      0.122     7.3419     59.497     37.628  24.220229     3.6900     1.0213     0.0426     0.1692 1.4715e+00     1.5907      6.656      9.654     7.2651 0.0000e+00
      6.820      0.120     7.2899     59.348     37.646  24.218817     3.6900     1.0404     0.0426     0.1692 1.4031e+00     1.5305      6.688      9.700     7.2420 0.0000e+00
      6.851      0.118     7.2467     59.263     37.662  24.217593     3.6900     1.0289     0.0000     0.1692 1.3257e+00     1.6057      6.719      9.745     7.2209 0.0000e+00
      6.881      0.116     7.2130     59.219     37.681  24.220189     3.6900     1.0213     0.0000     0.1692 1.3525e+00     1.6057      6.748      9.787     7.2008 0.0000e+00
      6.909      0.115     7.1888     59.193     37.696  24.219377     3.6900     1.0594     0.0000     0.1692 1.3891e+00     1.4854      6.775      9.826     7.1817 0.0000e+00
      6.936      0.116     7.1739     59.164     37.708  24.214942     3.6900     1.0327     0.0000     0.1692 1.3431e+00     1.5456      6.802      9.865     7.1644 0.0000e+00
      6.965      0.117     7.1664     59.118     37.728  24.213619     3.6900     1.0289     0.0426     0.1269 1.3338e+00     1.5606      6.830      9.906     7.1495 0.0000e+00
      6.995      0.121     7.1634     59.049     37.767  24.222972     3.6900     0.8496     0.0426     0.1269 1.2337e+00     1.6357      6.860      9.950     7.1363 0.0000e+00
      7.027      0.125     7.1627     58.956     37.827  24.245495     3.6900     0.8573     0.0426     0.1269 1.2164e+00     1.6207      6.891      9.995     7.1228 0.0000e+00
      7.059      0.131     7.1620     58.834     37.892  24.271358     3.6900     0.8496     0.0426     0.1269 1.2177e+00     1.4854      6.923     10.041     7.1069 0.0000e+00
      7.092      0.137     7.1597     58.675     37.949  24.291621     3.7800     0.8496     0.0426     0.0846 1.2106e+00     1.5756      6.955     10.087     7.0881 0.0000e+00
      7.126      0.142     7.1551     58.480     38.003  24.307728     3.7800     0.8420     0.0426     0.0846 1.2313e+00     1.7860      6.989     10.136     7.0674 0.0000e+00
      7.164      0.147     7.1475     58.253     38.053  24.320015     3.7800     0.8573     0.0426     0.0846 1.1459e+00     1.7710      7.025     10.189     7.0466 0.0000e+00
      7.204      0.151     7.1363     57.988     38.096  24.327799     3.7800     0.8954     0.0426     0.0846 1.0414e+00     1.8011      7.065     10.247     7.0257 0.0000e+00
      7.246      0.154     7.1210     57.662     38.141  24.337114     3.7800     0.8573     0.0426     0.1692 1.0036e+00     1.8462      7.105     10.305     7.0036 0.0000e+00
      7.286      0.156     7.1015     57.254     38.196  24.354401     3.7800     0.7848     0.0426     0.1692 9.8653e-01     1.7860      7.145     10.363     6.9796 0.0000e+00
      7.325      0.156     7.0785     56.770     38.257  24.376352     3.7800     0.7848     0.0426     0.1692 1.0006e+00     1.6959      7.183     10.418     6.9539 0.0000e+00
      7.364      0.155     7.0509     56.230     38.314  24.396944     3.7800     0.8153     0.0426     0.1692 9.6869e-01     1.8011      7.221     10.473     6.9279 0.0000e+00
      7.403      0.155     7.0156     55.663     38.366  24.415729     3.7800     0.8077     0.0426     0.1692 9.2608e-01     1.6658      7.260     10.529     6.9027 0.0000e+00
      7.443      0.154     6.9701     55.101     38.408  24.429797     3.7800     0.7352     0.0426     0.1269 9.1369e-01     1.8612      7.299     10.586     6.8791 0.0000e+00
      7.483      0.154     6.9149     54.578     38.437  24.436961     3.7800     0.7276     0.0426     0.1269 8.7122e-01     1.8161      7.338     10.643     6.8572 0.0000e+00
      7.522      0.153     6.8526     54.133     38.463  24.443091     3.7800     0.7581     0.0426     0.1269 8.1058e-01     1.7710      7.376     10.699     6.8369 0.0000e+00
      7.561      0.152     6.7867     53.790     38.495  24.453779     3.7800     0.7428     0.0426     0.1269 7.7881e-01     1.8462      7.415     10.754     6.8182 0.0000e+00
      7.599      0.149     6.7210     53.542     38.539  24.473854     3.8700     0.7848     0.0426     0.0846 7.7056e-01     1.7860      7.452     10.809     6.8014 0.0000e+00
      7.637      0.147     6.6597     53.363     38.611  24.512629     3.8700     0.8077     0.0426     0.0846 7.3427e-01     1.7560      7.490     10.863     6.7863 0.0000e+00
      7.675      0.144     6.6077     53.231     38.701  24.564608     3.8700     0.7924     0.0426     0.0846 6.9909e-01     1.8462      7.526     10.916     6.7729 0.0000e+00
      7.711      0.141     6.5677     53.118     38.784  24.611979     3.8700     0.7733     0.0426     0.0846 6.7947e-01     1.7109      7.562     10.968     6.7611 0.0000e+00
      7.746      0.137     6.5391     52.997     38.856  24.653518     3.8700     0.7657     0.0426     0.1692 6.6877e-01     2.2069      7.596     11.018     6.7508 0.0000e+00
      7.781      0.134     6.5188     52.851     38.910  24.684465     3.8700     0.8115     0.0426     0.1692 6.5653e-01     2.2670      7.630     11.067     6.7419 0.0000e+00
      7.814      0.131     6.5038     52.658     38.935  24.697237     3.8700     0.8115     0.0426     0.1692 6.3327e-01     2.1468      7.663     11.115     6.7344 0.0000e+00
      7.847      0.129     6.4910     52.380     38.949  24.703156     3.8700     0.7733     0.0426     0.1692 6.2344e-01     2.4023      7.695     11.161     6.7281 0.0000e+00
      7.879      0.127     6.4771     51.981     38.953  24.703802     3.9600     0.8153     0.0426     0.1269 6.1537e-01     2.2370      7.727     11.207     6.7227 0.0000e+00
      7.911      0.126     6.4601     51.442     38.936  24.691429     3.9600     0.7886     0.0426     0.1269 6.0647e-01     2.2370      7.758     11.252     6.7181 0.0000e+00
      7.943      0.126     6.4371     50.774     38.911  24.674613     3.9600     0.7886     0.0426     0.1269 5.9357e-01     2.2370      7.789     11.297     6.7142 0.0000e+00
      7.975      0.127     6.4036     50.014     38.904  24.668668     3.9600     0.7657     0.0426     0.1269 5.5938e-01     2.2971      7.821     11.343     6.7110 0.0000e+00
      8.007      0.128     6.3552     49.213     38.917  24.675965     3.9600     0.7886     0.0426     0.1269 5.4380e-01     2.2670      7.852     11.389     6.7085 0.0000e+00
      8.039      0.129     6.2896     48.434     38.941  24.690533     3.9600     0.7924     0.0426     0.1269 5.4854e-01     2.3121      7.884     11.435     6.7064 0.0000e+00
      8.072      0.132     6.2083     47.742     38.965  24.704379     3.9600     0.7848     0.0426     0.1269 5.3501e-01     2.2370      7.916     11.481     6.7048 0.0000e+00
      8.105      0.135     6.1155     47.194     38.974  24.709319     3.9600     0.7733     0.0426     0.1269 5.0771e-01     2.3121      7.949     11.528     6.7033 0.0000e+00
      8.140      0.138     6.0178     46.814     38.970  24.706670     3.9600     0.7924     0.0426     0.1269 5.2693e-01     2.3422      7.983     11.578     6.7020 0.0000e+00
      8.176      0.141     5.9227     46.589     38.960  24.699683     3.9600     0.7924     0.0426     0.0846 4.4642e-01     2.2370      8.018     11.629     6.7009 0.0000e+00
      8.212      0.144     5.8382     46.490     38.946  24.690456     3.9600     0.7924     0.0426     0.0846 4.7453e-01     2.2670      8.054     11.681     6.6998 0.0000e+00
      8.250      0.146     5.7713     46.492     38.942  24.688404     3.9600     0.7848     0.0426     0.0846 4.7474e-01     2.3271      8.091     11.734     6.6988 0.0000e+00
      8.288      0.148     5.7250     46.576     38.956  24.696940     3.9600     0.7619     0.0426     0.0846 4.4294e-01     2.2820      8.128     11.788     6.6980 0.0000e+00
      8.326      0.149     5.6976     46.725     38.971  24.706463     3.9600     0.7352     0.0426     0.1269 4.3711e-01     2.2820      8.165     11.842     6.6974 0.0000e+00
      8.364      0.150     5.6856     46.928     38.985  24.715553     3.9600     0.7161     0.0426     0.1269 4.5742e-01     2.2069      8.202     11.896     6.6970 0.0000e+00
      8.403      0.149     5.6858     47.178     39.009  24.730594     3.9600     0.7466     0.0426     0.1269 3.9356e-01     2.3422      8.240     11.951     6.6969 0.0000e+00
      8.441      0.149     5.6961     47.487     39.037  24.747676     3.9600     0.7238     0.0426     0.1269 3.8703e-01     2.2670      8.278     12.006     6.6970 0.0000e+00
      8.479      0.148     5.7143     47.865     39.062  24.763439     3.9600     0.7352     0.0426     0.1269 3.6355e-01     2.2370      8.315     12.060     6.6972 0.0000e+00
      8.517      0.147     5.7391     48.301     39.086  24.778126     3.9600     0.7161     0.0426     0.0846 3.4643e-01     2.2219      8.352     12.113     6.6971 0.0000e+00
      8.553      0.146     5.7698     48.776     39.108  24.791694     3.9600     0.7428     0.0426     0.0846 3.7389e-01     2.2069      8.388     12.165     6.6969 0.0000e+00
      8.590      0.144     5.8077     49.274     39.130  24.805782     3.9600     0.7085     0.0426     0.0846 3.5798e-01     2.5075      8.423     12.217     6.6965 0.0000e+00
      8.627      0.143     5.8540     49.764     39.150  24.818208     3.9600     0.7428     0.0426     0.0846 3.3942e-01     2.4474      8.460     12.270     6.6959 0.0000e+00
      8.664      0.140     5.9074     50.199     39.176  24.834266     3.9600     0.7161     0.0426     0.1269 3.1587e-01     2.6127      8.496     12.322     6.6954 0.0000e+00
      8.700      0.138     5.9656     50.539     39.217  24.860216     3.9600     0.7276     0.0426     0.1269 3.1022e-01     2.5977      8.532     12.374     6.6949 0.0000e+00
      8.735      0.136     6.0265     50.763     39.279  24.899020     3.9600     0.7962     0.0426     0.1269 2.9806e-01     2.5376      8.566     12.424     6.6946 0.0000e+00
      8.768      0.134     6.0865     50.869     39.368  24.955087     3.9600     0.7733     0.0426     0.1269 2.6529e-01     2.5376      8.599     12.471     6.6943 0.0000e+00
      8.800      0.134     6.1397     50.867     39.470  25.019614     4.0500     0.7810     0.0852     0.0846 2.6854e-01     2.5826      8.630     12.517     6.6941 0.0000e+00
      8.833      0.135     6.1813     50.764     39.573  25.084072     4.0500     0.7924     0.0852     0.0846 2.8601e-01     2.5526      8.662     12.564     6.6939 0.0000e+00
      8.868      0.137     6.2087     50.577     39.679  25.149815     4.0500     0.7924     0.0852     0.0846 2.6174e-01     2.9283      8.696     12.613     6.6937 0.0000e+00
      8.903      0.139     6.2217     50.318     39.796  25.222496     4.0500     0.7848     0.0852     0.0846 2.5346e-01     2.9885      8.731     12.664     6.6933 0.0000e+00
