Data/DataNotYetUploadedToEDI/Raw_CTD/RawDownloads/030723_fcr50_S8188007.cnv
* Sea-Bird SBE19plus  Data File:
* FileName = C:\R\Reservoirs\Data\DataNotYetUploadedToEDI\Raw_CTD\RawDownloads\011123_fcr50_S8188_0007.hex
* Software version 2.8.0.119
* Temperature SN = 8188
* Conductivity SN = 8188
* System UpLoad Time = Mar 20 2023 14:57:03
* <ApplicationData>
* <Seaterm232>
# nquan = 16
# nvalues = 1684                        
# units = specified
# name 0 = depFM: Depth [fresh water, m]
# name 1 = dz/dtM: Descent Rate [m/s]
# name 2 = sbeox0Mg/L: Oxygen, SBE 43 [mg/l]
# name 3 = sbeox0PS: Oxygen, SBE 43 [% saturation]
# name 4 = specc: Specific Conductance [uS/cm]
# name 5 = c0uS/cm: Conductivity [uS/cm]
# name 6 = wetCDOM: Fluorescence, WET Labs CDOM [mg/m^3]
# name 7 = flECO-AFL: Fluorescence, WET Labs ECO-AFL/FL [mg/m^3]
# name 8 = flECO-AFL1: Fluorescence, WET Labs ECO-AFL/FL, 2 [mg/m^3]
# name 9 = flECO-AFL2: Fluorescence, WET Labs ECO-AFL/FL, 3 [mg/m^3]
# name 10 = par/sat/log: PAR/Logarithmic, Satlantic
# name 11 = turbWETntu0: Turbidity, WET Labs ECO [NTU]
# name 12 = prdM: Pressure, Strain Gauge [db]
# name 13 = prdE: Pressure, Strain Gauge [psi]
# name 14 = tv290C: Temperature [ITS-90, deg C]
# name 15 = flag:  0.000e+00
# span 0 =     -0.659,      9.579       
# span 1 =     -0.312,      0.098       
# span 2 =     3.2581,    11.6084       
# span 3 =     27.151,    106.836       
# span 4 =      0.861,    309.580       
# span 5 =   0.813767, 199.809189       
# span 6 =    -5.4000,    21.3300       
# span 7 =    -2.9422,   245.2114       
# span 8 =    -2.1300,     7.9662       
# span 9 =    -4.7376,     9.5175       
# span 10 = 2.3256e-01, 1.9774e+03      
# span 11 =   -11.2751,   169.6126      
# span 12 =     -0.646,      9.394      
# span 13 =     -0.937,     13.625      
# span 14 =     7.2697,    23.6467      
# span 15 = 0.0000e+00, 0.0000e+00      
# interval = seconds: 0.25
# start_time = Mar 07 2023 12:18:40 [Instrument's time stamp, header]
# bad_flag = -9.990e-29
*END*
[from data line 1447]
      5.207     -0.174     8.8531     74.071     37.108  24.343691     3.6000     2.9287     0.0000     0.3807 1.2748e+01     2.4624      5.106      7.406     7.7422 0.0000e+00
      5.156     -0.183     8.8646     73.880     37.073  24.347180     3.6900     3.4017     0.0426     0.4230 1.4009e+01     2.2219      5.056      7.334     7.7386 0.0000e+00
      5.103     -0.186     8.8598     73.717     37.042  24.357389     3.6900     3.4055     0.0426     0.4230 1.5066e+01     2.2069      5.004      7.258     7.7483 0.0000e+00
      5.052     -0.183     8.8415     73.641     37.009  24.369123     3.6900     3.4170     0.0426     0.4230 1.6296e+01     2.2971      4.954      7.185     7.7696 0.0000e+00
      5.004     -0.175     8.8147     73.692     36.978  24.377593     3.6900     3.3941     0.0426     0.4230 1.6737e+01     2.1768      4.907      7.118     7.7992 0.0000e+00
      4.962     -0.167     8.7842     73.883     36.953  24.379123     3.6000     3.6535     0.0426     0.3807 1.6442e+01     2.6127      4.866      7.058     7.8353 0.0000e+00
      4.924     -0.162     8.7559     74.196     36.937  24.376100     3.6000     3.6802     0.0426     0.3807 1.6463e+01     2.6428      4.829      7.004     7.8769 0.0000e+00
      4.887     -0.162     8.7373     74.609     36.940  24.381573     3.6000     3.6802     0.0426     0.3807 1.6474e+01     2.7179      4.793      6.952     7.9215 0.0000e+00
      4.850     -0.168     8.7350     75.100     36.960  24.402941     3.6000     3.6878     0.0426     0.3807 1.6342e+01     2.6277      4.756      6.898     7.9606 0.0000e+00
      4.809     -0.179     8.7523     75.635     36.983  24.432045     3.5100     3.2148     0.0426     0.5076 1.6413e+01     3.1087      4.716      6.840     7.9847 0.0000e+00
      4.763     -0.193     8.7873     76.168     36.998  24.460810     3.5100     3.2606     0.0426     0.5076 1.7397e+01     3.0335      4.671      6.774     7.9945 0.0000e+00
      4.710     -0.205     8.8350     76.665     36.995  24.483051     3.5100     3.2262     0.0426     0.5076 1.9068e+01     3.1688      4.619      6.699     7.9999 0.0000e+00
      4.652     -0.212     8.8907     77.127     36.971  24.496782     3.5100     3.2072     0.0426     0.5076 2.0673e+01     3.1087      4.562      6.617     8.0105 0.0000e+00
      4.592     -0.212     8.9498     77.579     36.934  24.505666     3.5100     4.2066     0.0426     0.5076 2.2842e+01     1.8762      4.503      6.531     8.0294 0.0000e+00
      4.532     -0.205     9.0073     78.037     36.892  24.512072     3.5100     4.2295     0.0426     0.5499 2.5613e+01     1.8762      4.445      6.446     8.0552 0.0000e+00
      4.478     -0.191     9.0588     78.508     36.847  24.513751     3.5100     4.1952     0.0426     0.5499 2.7261e+01     1.8462      4.391      6.369     8.0878 0.0000e+00
      4.431     -0.174     9.1044     79.000     36.800  24.507193     3.5100     4.2104     0.0426     0.5499 2.6606e+01     1.8762      4.346      6.303     8.1280 0.0000e+00
      4.392     -0.158     9.1476     79.515     36.762  24.498569     3.5100     5.0878     0.0426     0.5499 2.6165e+01     1.7259      4.307      6.248     8.1735 0.0000e+00
      4.358     -0.146     9.1913     80.042     36.748  24.499436     3.5100     5.0840     0.0426     0.5076 2.6531e+01     1.7109      4.274      6.199     8.2199 0.0000e+00
      4.326     -0.141     9.2372     80.553     36.756  24.512005     3.5100     5.1183     0.0426     0.5076 2.6187e+01     1.6959      4.242      6.153     8.2623 0.0000e+00
      4.294     -0.143     9.2875     81.015     36.773  24.533687     3.5100     5.1222     0.0426     0.5076 2.6296e+01     1.7860      4.211      6.107     8.2961 0.0000e+00
      4.260     -0.152     9.3429     81.409     36.795  24.564327     3.5100     4.7979     0.0426     0.5076 2.6165e+01     1.7860      4.177      6.059     8.3188 0.0000e+00
      4.222     -0.163     9.4018     81.743     36.818  24.604177     3.5100     4.8361     0.0426     0.5076 2.6496e+01     1.7259      4.140      6.005     8.3324 0.0000e+00
      4.178     -0.174     9.4595     82.034     36.835  24.648029     3.5100     4.7598     0.0426     0.5076 2.8671e+01     1.6808      4.097      5.943     8.3425 0.0000e+00
      4.128     -0.180     9.5107     82.290     36.831  24.683823     3.5100     4.8322     0.0426     0.5076 3.1885e+01     1.8462      4.049      5.872     8.3559 0.0000e+00
      4.076     -0.180     9.5518     82.539     36.806  24.709230     3.5100     5.0077     0.0426     0.5076 3.5123e+01     1.7560      3.997      5.797     8.3781 0.0000e+00
      4.024     -0.173     9.5832     82.827     36.771  24.727067     3.5100     4.9886     0.0000     0.4653 3.8697e+01     1.7560      3.947      5.724     8.4115 0.0000e+00
      3.978     -0.159     9.6071     83.173     36.733  24.738132     3.5100     5.0001     0.0000     0.4653 4.0574e+01     1.7560      3.901      5.658     8.4554 0.0000e+00
      3.940     -0.141     9.6248     83.577     36.698  24.741418     3.5100     4.9848     0.0000     0.4653 3.9461e+01     1.7860      3.864      5.604     8.5078 0.0000e+00
      3.909     -0.123     9.6406     84.029     36.664  24.733846     3.5100     5.5456     0.0000     0.4653 3.8975e+01     1.7259      3.833      5.559     8.5649 0.0000e+00
      3.882     -0.108     9.6610     84.506     36.635  24.717354     3.5100     5.5303     0.0000     0.4653 3.9307e+01     1.6658      3.807      5.522     8.6213 0.0000e+00
      3.860     -0.097     9.6899     84.972     36.616  24.699421     3.5100     5.5494     0.0426     0.5076 3.9188e+01     1.7410      3.785      5.489     8.6707 0.0000e+00
      3.838     -0.092     9.7283     85.388     36.616  24.691100     3.5100     5.5418     0.0426     0.5076 3.9384e+01     1.7259      3.764      5.459     8.7073 0.0000e+00
      3.818     -0.093     9.7762     85.710     36.629  24.694133     3.5100     5.8508     0.0426     0.5076 3.9290e+01     1.4404      3.744      5.430     8.7279 0.0000e+00
      3.796     -0.100     9.8307     85.906     36.635  24.697448     3.5100     5.8737     0.0426     0.5076 3.9265e+01     1.4404      3.723      5.399     8.7323 0.0000e+00
      3.772     -0.113     9.8867     85.973     36.641  24.705891     3.4200     5.8355     0.0426     0.6345 3.9316e+01     1.4404      3.699      5.365     8.7250 0.0000e+00
      3.744     -0.129     9.9378     85.917     36.664  24.729629     3.4200     5.8851     0.0426     0.6345 3.9094e+01     1.5305      3.672      5.325     8.7138 0.0000e+00
      3.710     -0.146     9.9772     85.761     36.681  24.755198     3.4200     4.9124     0.0426     0.6345 4.0206e+01     1.7109      3.638      5.277     8.7060 0.0000e+00
      3.669     -0.162    10.0002     85.551     36.673  24.769622     3.4200     4.9391     0.0426     0.6345 4.3771e+01     1.6808      3.598      5.219     8.7054 0.0000e+00
      3.622     -0.173    10.0065     85.347     36.646  24.776748     3.5100     4.9467     0.0852     0.5076 4.7829e+01     1.7860      3.552      5.151     8.7114 0.0000e+00
      3.571     -0.176     9.9972     85.198     36.621  24.786396     3.5100     4.9276     0.0852     0.5076 5.2822e+01     1.7860      3.502      5.079     8.7230 0.0000e+00
      3.520     -0.173     9.9745     85.139     36.612  24.805098     3.5100     5.2938     0.0852     0.5076 5.8617e+01     1.6508      3.452      5.007     8.7417 0.0000e+00
      3.474     -0.162     9.9435     85.187     36.616  24.831904     3.5100     5.3015     0.0852     0.5076 6.1742e+01     1.8011      3.407      4.941     8.7691 0.0000e+00
      3.434     -0.148     9.9115     85.353     36.620  24.858126     3.4200     5.3091     0.0426     0.6345 6.0375e+01     1.6808      3.367      4.884     8.8038 0.0000e+00
      3.400     -0.133     9.8855     85.634     36.608  24.872942     3.4200     5.2938     0.0426     0.6345 6.0126e+01     1.7560      3.334      4.836     8.8403 0.0000e+00
      3.371     -0.120     9.8706     85.998     36.582  24.872385     3.4200     5.2366     0.0426     0.6345 5.9918e+01     2.2219      3.306      4.795     8.8742 0.0000e+00
      3.345     -0.112     9.8685     86.391     36.551  24.860268     3.4200     5.2481     0.0426     0.6345 5.9996e+01     2.2370      3.280      4.758     8.9064 0.0000e+00
      3.320     -0.111     9.8799     86.759     36.526  24.843256     3.4200     5.2404     0.0426     0.6345 6.0074e+01     2.1768      3.256      4.722     8.9390 0.0000e+00
      3.294     -0.116     9.9051     87.062     36.516  24.832649     3.4200     5.2404     0.0426     0.5922 5.9983e+01     2.1919      3.231      4.686     8.9697 0.0000e+00
      3.267     -0.127     9.9416     87.283     36.527  24.839475     3.4200     4.8933     0.0426     0.5922 6.0100e+01     2.2069      3.204      4.646     8.9930 0.0000e+00
      3.235     -0.142     9.9841     87.431     36.557  24.865553     3.4200     4.8551     0.0426     0.5922 6.0441e+01     2.2520      3.173      4.601     9.0053 0.0000e+00
      3.198     -0.158    10.0266     87.503     36.589  24.900022     3.4200     4.8589     0.0426     0.5922 6.2159e+01     2.2069      3.136      4.548     9.0059 0.0000e+00
      3.154     -0.172    10.0628     87.504     36.603  24.928320     3.4200     4.8475     0.0852     0.5499 6.7995e+01     2.1167      3.093      4.486     9.0006 0.0000e+00
      3.104     -0.180    10.0889     87.466     36.597  24.948095     3.4200     5.0001     0.0852     0.5499 7.6411e+01     2.0115      3.044      4.415     8.9989 0.0000e+00
      3.051     -0.181    10.1040     87.432     36.584  24.964623     3.4200     4.9848     0.0852     0.5499 8.5459e+01     1.9213      2.992      4.339     9.0065 0.0000e+00
      3.000     -0.174    10.1081     87.445     36.562  24.974393     3.4200     5.0077     0.0852     0.5499 9.3666e+01     1.9063      2.942      4.266     9.0241 0.0000e+00
      2.954     -0.162    10.1020     87.531     36.540  24.980012     3.4200     5.0077     0.0426     0.5922 9.3829e+01     1.9514      2.897      4.201     9.0502 0.0000e+00
      2.916     -0.147    10.0897     87.692     36.540  24.994856     3.4200     5.4235     0.0426     0.5922 9.1236e+01     1.6658      2.859      4.147     9.0827 0.0000e+00
      2.883     -0.133    10.0772     87.921     36.548  25.011007     3.4200     5.4235     0.0426     0.5922 9.2916e+01     1.6808      2.827      4.100     9.1179 0.0000e+00
      2.854     -0.123    10.0707     88.214     36.539  25.012976     3.4200     5.4083     0.0426     0.5922 9.2393e+01     1.7410      2.799      4.059     9.1514 0.0000e+00
      2.827     -0.120    10.0738     88.553     36.518  25.005248     3.4200     5.3930     0.0426     0.5499 9.1832e+01     1.7109      2.772      4.021     9.1795 0.0000e+00
      2.800     -0.125    10.0872     88.894     36.503  25.001598     3.4200     5.1603     0.0426     0.5499 9.0939e+01     1.9664      2.746      3.983     9.2004 0.0000e+00
      2.771     -0.135    10.1100     89.184     36.499  25.005012     3.4200     5.1679     0.0426     0.5499 8.9119e+01     1.9664      2.717      3.941     9.2151 0.0000e+00
      2.737     -0.149    10.1411     89.394     36.499  25.012442     3.4200     5.1985     0.0426     0.5499 9.1573e+01     2.0566      2.684      3.893     9.2257 0.0000e+00
      2.697     -0.162    10.1780     89.521     36.510  25.029828     3.4200     5.1718     0.0426     0.5499 9.9197e+01     1.9814      2.645      3.836     9.2348 0.0000e+00
      2.650     -0.173    10.2151     89.576     36.527  25.053888     3.4200     5.2595     0.0426     0.5076 1.1274e+02     1.8011      2.599      3.769     9.2434 0.0000e+00
      2.600     -0.177    10.2462     89.575     36.537  25.075203     3.4200     5.2213     0.0426     0.5076 1.2576e+02     1.6808      2.549      3.697     9.2522 0.0000e+00
      2.549     -0.175    10.2678     89.550     36.536  25.091539     3.4200     5.2137     0.0426     0.5076 1.2700e+02     1.7259      2.500      3.626     9.2628 0.0000e+00
      2.502     -0.166    10.2791     89.539     36.517  25.095375     3.4200     5.2366     0.0426     0.5076 1.3805e+02     1.6808      2.454      3.559     9.2762 0.0000e+00
      2.460     -0.153    10.2813     89.573     36.479  25.083776     3.4200     5.7287     0.0426     0.6345 1.4250e+02     1.7259      2.412      3.499     9.2929 0.0000e+00
      2.424     -0.140    10.2763     89.655     36.439  25.065528     3.4200     5.7287     0.0426     0.6345 1.3730e+02     1.7860      2.377      3.448     9.3130 0.0000e+00
      2.393     -0.128    10.2678     89.767     36.414  25.051601     3.4200     5.7249     0.0426     0.6345 1.3998e+02     1.7410      2.347      3.404     9.3359 0.0000e+00
      2.365     -0.122    10.2607     89.899     36.412  25.050157     3.4200     5.7135     0.0426     0.6345 1.4032e+02     1.7560      2.319      3.364     9.3595 0.0000e+00
      2.338     -0.122    10.2598     90.048     36.428  25.060812     3.3300     5.7287     0.0426     0.5922 1.3874e+02     1.8011      2.292      3.325     9.3792 0.0000e+00
      2.309     -0.130    10.2662     90.203     36.452  25.078489     3.3300     5.7516     0.0426     0.5922 1.3718e+02     1.7710      2.265      3.285     9.3913 0.0000e+00
      2.279     -0.142    10.2779     90.350     36.476  25.099983     3.3300     5.7249     0.0426     0.5922 1.3689e+02     1.7259      2.235      3.241     9.3957 0.0000e+00
      2.242     -0.157    10.2931     90.479     36.493  25.119149     3.3300     5.7478     0.0426     0.5922 1.4173e+02     1.6357      2.199      3.189     9.3956 0.0000e+00
      2.199     -0.172    10.3103     90.584     36.498  25.133179     3.3300     5.4998     0.0426     0.7191 1.5000e+02     1.6808      2.157      3.128     9.3951 0.0000e+00
      2.150     -0.183    10.3275     90.665     36.497  25.145816     3.3300     5.4655     0.0426     0.7191 1.6989e+02     1.7560      2.108      3.058     9.3973 0.0000e+00
      2.097     -0.188    10.3428     90.730     36.490  25.156471     3.3300     5.4846     0.0426     0.7191 1.8540e+02     1.6959      2.056      2.982     9.4036 0.0000e+00
      2.043     -0.185    10.3550     90.786     36.484  25.167985     3.3300     5.4846     0.0426     0.7191 2.0391e+02     1.7259      2.004      2.906     9.4143 0.0000e+00
      1.993     -0.174    10.3633     90.836     36.491  25.187390     3.3300     5.6181     0.0426     0.7191 2.1520e+02     1.7259      1.954      2.835     9.4288 0.0000e+00
      1.948     -0.160    10.3680     90.889     36.506  25.211941     3.3300     5.6219     0.0000     0.5922 2.3592e+02     1.7410      1.911      2.771     9.4472 0.0000e+00
      1.911     -0.143    10.3703     90.952     36.516  25.232349     3.3300     5.6181     0.0000     0.5922 2.1510e+02     1.7259      1.874      2.718     9.4684 0.0000e+00
      1.879     -0.129    10.3714     91.031     36.517  25.246139     3.3300     5.5914     0.0000     0.5922 2.2286e+02     1.6808      1.843      2.673     9.4897 0.0000e+00
      1.852     -0.119    10.3722     91.128     36.514  25.256988     3.3300     5.4769     0.0000     0.5922 2.1273e+02     1.7259      1.816      2.633     9.5095 0.0000e+00
      1.826     -0.114    10.3736     91.241     36.504  25.263831     3.4200     5.5151     0.0852     0.7191 2.1665e+02     1.6508      1.790      2.596     9.5283 0.0000e+00
      1.800     -0.117    10.3763     91.369     36.482  25.260575     3.4200     5.4731     0.0852     0.7191 2.3190e+02     1.7560      1.765      2.559     9.5467 0.0000e+00
      1.772     -0.126    10.3808     91.513     36.451  25.246351     3.4200     5.4655     0.0852     0.7191 2.1195e+02     1.7560      1.738      2.520     9.5647 0.0000e+00
