Data/DataNotYetUploadedToEDI/Raw_CTD/RawDownloads/030723_fcr50_S8188007.cnv
* Sea-Bird SBE19plus  Data File:
* FileName = C:\R\Reservoirs\Data\DataNotYetUploadedToEDI\Raw_CTD\RawDownloads\011123_fcr50_S8188_0007.hex
* Software version 2.8.0.119
* Temperature SN = 8188
* Conductivity SN = 8188
* System UpLoad Time = Mar 20 2023 14:57:03
* <ApplicationData>
* <Seaterm232>
# nquan = 16
# nvalues = 1684                        
# units = specified
# name 0 = depFM: Depth [fresh water, m]
# name 1 = dz/dtM: Descent Rate [m/s]
# name 2 = sbeox0Mg/L: Oxygen, SBE 43 [mg/l]
# name 3 = sbeox0PS: Oxygen, SBE 43 [% saturation]
# name 4 = specc: Specific Conductance [uS/cm]
# name 5 = c0uS/cm: Conductivity [uS/cm]
# name 6 = wetCDOM: Fluorescence, WET Labs CDOM [mg/m^3]
# name 7 = flECO-AFL: Fluorescence, WET Labs ECO-AFL/FL [mg/m^3]
# name 8 = flECO-AFL1: Fluorescence, WET Labs ECO-AFL/FL, 2 [mg/m^3]
# name 9 = flECO-AFL2: Fluorescence, WET Labs ECO-AFL/FL, 3 [mg/m^3]
# name 10 = par/sat/log: PAR/Logarithmic, Satlantic
# name 11 = turbWETntu0: Turbidity, WET Labs ECO [NTU]
# name 12 = prdM: Pressure, Strain Gauge [db]
# name 13 = prdE: Pressure, Strain Gauge [psi]
# name 14 = tv290C: Temperature [ITS-90, deg C]
# name 15 = flag:  0.000e+00
# span 0 =     -0.659,      9.579       
# span 1 =     -0.312,      0.098       
# span 2 =     3.2581,    11.6084       
# span 3 =     27.151,    106.836       
# span 4 =      0.861,    309.580       
# span 5 =   0.813767, 199.809189       
# span 6 =    -5.4000,    21.3300       
# span 7 =    -2.9422,   245.2114       
# span 8 =    -2.1300,     7.9662       
# span 9 =    -4.7376,     9.5175       
# span 10 = 2.3256e-01, 1.9774e+03      
# span 11 =   -11.2751,   169.6126      
# span 12 =     -0.646,      9.394      
# span 13 =     -0.937,     13.625      
# span 14 =     7.2697,    23.6467      
# span 15 = 0.0000e+00, 0.0000e+00      
# interval = seconds: 0.25
# start_time = Mar 07 2023 12:18:40 [Instrument's time stamp, header]
# bad_flag = -9.990e-29
*END*
[from data line 362]
     -0.082      0.001    10.6107     97.096     36.020  26.247016     2.9700     1.2502     0.0426     0.3384 1.5455e+03     1.2450     -0.081     -0.118    11.4432 0.0000e+00
     -0.082      0.001    10.6120     97.049     36.018  26.244236     2.9700     1.2578     0.0426     0.3384 1.5107e+03     1.1398     -0.081     -0.117    11.4402 0.0000e+00
     -0.082      0.002    10.6099     97.025     36.013  26.239449     2.9700     1.2502     0.0426     0.3384 1.5395e+03     1.2450     -0.080     -0.117    11.4372 0.0000e+00
     -0.081      0.002    10.6054     97.026     36.008  26.235336     2.8800     1.2502     0.0426     0.3384 1.3128e+03     1.1999     -0.080     -0.116    11.4344 0.0000e+00
     -0.081      0.003    10.5998     97.041     36.002  26.230801     2.8800     1.2502     0.0426     0.3384 1.4763e+03     1.2149     -0.079     -0.115    11.4318 0.0000e+00
     -0.080      0.004    10.5953     97.059     35.994  26.224635     2.8800     1.2578     0.0426     0.3384 1.4721e+03     1.1698     -0.078     -0.114    11.4294 0.0000e+00
     -0.079      0.005    10.5930     97.077     35.981  26.215193     2.8800     1.3532     0.0426     0.3384 1.5298e+03     1.3502     -0.077     -0.113    11.4278 0.0000e+00
     -0.078      0.006    10.5933     97.087     35.971  26.207876     2.8800     1.3456     0.0426     0.3384 1.4779e+03     1.3051     -0.076     -0.111    11.4269 0.0000e+00
     -0.076      0.008    10.5951     97.089     35.971  26.208653     2.8800     1.3074     0.0426     0.2538 1.4632e+03     1.1848     -0.075     -0.109    11.4264 0.0000e+00
     -0.074      0.010    10.5972     97.083     35.972  26.209810     2.8800     1.3303     0.0426     0.2538 1.4782e+03     1.2600     -0.073     -0.106    11.4260 0.0000e+00
     -0.072      0.013    10.5990     97.068     35.970  26.207699     2.8800     1.3150     0.0426     0.2538 1.4759e+03     1.2450     -0.071     -0.103    11.4261 0.0000e+00
     -0.069      0.016    10.6000     97.048     35.968  26.205714     2.8800     1.3074     0.0426     0.2538 1.4853e+03     1.1698     -0.068     -0.098    11.4268 0.0000e+00
     -0.065      0.021    10.6001     97.034     35.967  26.203326     2.9700     1.2998     0.0000     0.3384 1.4837e+03     1.1097     -0.064     -0.093    11.4275 0.0000e+00
     -0.060      0.026    10.5994     97.018     35.965  26.199899     2.9700     1.3074     0.0000     0.3384 1.4966e+03     1.1698     -0.059     -0.085    11.4277 0.0000e+00
     -0.053      0.033    10.5977     96.993     35.961  26.194519     2.9700     1.3227     0.0000     0.3384 1.4792e+03     1.2299     -0.052     -0.075    11.4275 0.0000e+00
     -0.044      0.040    10.5958     96.972     35.958  26.189711     2.9700     1.3150     0.0000     0.3384 1.4940e+03     1.2299     -0.043     -0.063    11.4266 0.0000e+00
     -0.032      0.048    10.5948     96.958     35.959  26.188151     2.8800     1.3303     0.0426     0.3384 1.0177e+03     1.2299     -0.032     -0.046    11.4247 0.0000e+00
     -0.019      0.055    10.5937     96.952     35.963  26.189423     2.8800     1.3227     0.0426     0.3384 6.7725e+02     1.1698     -0.018     -0.027    11.4217 0.0000e+00
     -0.003      0.062    10.5920     96.955     35.971  26.193867     2.8800     1.2578     0.0426     0.3384 4.0465e+02     1.3051     -0.003     -0.005    11.4180 0.0000e+00
      0.013      0.069    10.5904     96.958     35.982  26.198709     2.8800     1.2883     0.0426     0.3384 4.6121e+02     1.2149      0.013      0.019    11.4145 0.0000e+00
      0.031      0.074    10.5896     96.952     35.985  26.197320     2.9700     1.2731     0.0426     0.3384 8.6762e+02     1.1999      0.031      0.045    11.4116 0.0000e+00
      0.051      0.078    10.5895     96.939     35.973  26.185371     2.9700     1.2502     0.0426     0.3384 3.9032e+02     1.1097      0.050      0.073    11.4094 0.0000e+00
      0.073      0.080    10.5905     96.921     35.953  26.167594     2.9700     1.3379     0.0426     0.3384 3.0342e+02     1.1698      0.071      0.104    11.4069 0.0000e+00
      0.095      0.080    10.5918     96.892     35.939  26.155085     2.9700     1.3074     0.0426     0.3384 4.9496e+02     1.1848      0.093      0.135    11.4029 0.0000e+00
      0.117      0.079    10.5923     96.844     35.937  26.152428     2.9700     1.3341     0.0426     0.3384 3.3699e+02     1.2149      0.115      0.166    11.3979 0.0000e+00
      0.137      0.076    10.5921     96.768     35.941  26.154954     2.9700     1.3379     0.0426     0.2961 5.4403e+02     1.1848      0.134      0.195    11.3929 0.0000e+00
      0.156      0.072    10.5912     96.661     35.947  26.159378     2.9700     1.3837     0.0426     0.2961 3.0995e+02     1.3802      0.152      0.221    11.3887 0.0000e+00
      0.173      0.067    10.5888     96.535     35.959  26.166879     2.9700     1.3684     0.0426     0.2961 6.8748e+02     1.3351      0.169      0.245    11.3858 0.0000e+00
      0.189      0.064    10.5839     96.410     35.973  26.175499     2.9700     1.3761     0.0426     0.2961 3.4372e+02     1.3802      0.185      0.269    11.3842 0.0000e+00
      0.204      0.061    10.5757     96.305     35.987  26.183576     2.9700     1.3875     0.0000     0.1692 5.8561e+02     1.3953      0.201      0.291    11.3837 0.0000e+00
      0.219      0.058    10.5641     96.241     35.997  26.189306     2.9700     1.3875     0.0000     0.1692 3.7526e+02     1.1999      0.215      0.312    11.3833 0.0000e+00
      0.234      0.056    10.5507     96.240     36.001  26.190256     2.9700     1.3837     0.0000     0.1692 6.6557e+02     1.1698      0.229      0.332    11.3818 0.0000e+00
      0.247      0.054    10.5376     96.311     35.998  26.186681     2.9700     1.3761     0.0000     0.1692 4.2957e+02     1.3351      0.243      0.352    11.3794 0.0000e+00
      0.261      0.052    10.5268     96.442     35.986  26.177626     2.9700     1.3723     0.0426     0.2115 6.2915e+02     1.1848      0.256      0.372    11.3768 0.0000e+00
      0.274      0.050    10.5205     96.603     35.975  26.168596     2.9700     1.4638     0.0426     0.2115 4.7940e+02     1.0646      0.269      0.390    11.3742 0.0000e+00
      0.287      0.049    10.5209     96.763     35.976  26.169059     2.9700     1.4447     0.0426     0.2115 3.9321e+02     1.3201      0.281      0.408    11.3719 0.0000e+00
      0.299      0.048    10.5291     96.898     35.984  26.175181     2.9700     1.4371     0.0426     0.2115 4.2475e+02     1.1999      0.293      0.425    11.3701 0.0000e+00
      0.310      0.047    10.5437     96.997     35.986  26.176717     2.9700     1.4524     0.0426     0.2115 4.2144e+02     1.1999      0.304      0.441    11.3689 0.0000e+00
      0.322      0.048    10.5614     97.054     35.982  26.174075     2.9700     1.5058     0.0426     0.3384 5.2646e+02     1.2901      0.316      0.458    11.3683 0.0000e+00
      0.334      0.049    10.5790     97.074     35.978  26.170510     2.9700     1.5134     0.0426     0.3384 4.5622e+02     1.1698      0.327      0.474    11.3681 0.0000e+00
      0.346      0.051    10.5938     97.069     35.971  26.165073     2.9700     1.5210     0.0426     0.3384 3.3986e+02     1.1999      0.339      0.492    11.3682 0.0000e+00
      0.359      0.053    10.6045     97.053     35.966  26.160272     2.9700     1.4981     0.0426     0.3384 4.5474e+02     1.1698      0.352      0.511    11.3683 0.0000e+00
      0.373      0.055    10.6107     97.039     35.966  26.158787     2.9700     1.5630     0.0000     0.2115 4.6706e+02     1.5155      0.366      0.531    11.3682 0.0000e+00
      0.388      0.056    10.6130     97.034     35.968  26.160221     2.9700     1.5783     0.0000     0.2115 3.5837e+02     1.4854      0.381      0.552    11.3677 0.0000e+00
      0.403      0.057    10.6128     97.042     35.975  26.164956     2.9700     1.5859     0.0000     0.2115 5.2578e+02     1.3351      0.395      0.573    11.3665 0.0000e+00
      0.418      0.057    10.6114     97.058     35.982  26.170297     2.9700     1.5668     0.0000     0.2115 3.7089e+02     1.4554      0.410      0.595    11.3650 0.0000e+00
      0.433      0.056    10.6102     97.068     35.986  26.173707     2.9700     1.5744     0.0426     0.2115 4.5841e+02     1.2600      0.425      0.616    11.3637 0.0000e+00
      0.447      0.055    10.6099     97.063     35.983  26.172137     2.9700     1.5706     0.0426     0.2115 3.4575e+02     1.2149      0.439      0.636    11.3631 0.0000e+00
      0.461      0.053    10.6107     97.041     35.972  26.165168     2.9700     1.5859     0.0426     0.2115 4.0325e+02     1.2600      0.453      0.656    11.3632 0.0000e+00
      0.474      0.051    10.6123     97.010     35.963  26.158861     2.9700     1.5859     0.0426     0.2115 5.5998e+02     1.1999      0.465      0.675    11.3637 0.0000e+00
      0.487      0.049    10.6132     96.984     35.959  26.155492     2.9700     1.7003     0.0426     0.2115 4.4390e+02     1.1398      0.478      0.693    11.3644 0.0000e+00
      0.499      0.048    10.6124     96.977     35.962  26.158123     2.9700     1.6851     0.0426     0.2115 4.4467e+02     1.1999      0.490      0.710    11.3652 0.0000e+00
      0.511      0.047    10.6098     96.997     35.975  26.167456     2.9700     1.7003     0.0426     0.2115 5.2032e+02     1.1848      0.501      0.727    11.3658 0.0000e+00
      0.523      0.046    10.6064     97.048     35.984  26.174102     2.9700     1.7003     0.0426     0.2115 4.7216e+02     1.1398      0.513      0.744    11.3662 0.0000e+00
      0.534      0.046    10.6035     97.123     35.981  26.171913     2.9700     1.7614     0.0426     0.2115 8.7558e+02     1.2600      0.524      0.760    11.3664 0.0000e+00
      0.546      0.046    10.6027     97.214     35.971  26.164266     2.9700     1.7652     0.0000     0.2961 4.1112e+02     1.1999      0.535      0.776    11.3664 0.0000e+00
      0.558      0.046    10.6050     97.303     35.961  26.157039     2.9700     1.7499     0.0000     0.2961 6.1322e+02     1.1698      0.547      0.793    11.3664 0.0000e+00
      0.570      0.046    10.6105     97.364     35.961  26.156225     2.9700     1.7690     0.0000     0.2961 5.1998e+02     1.2299      0.558      0.810    11.3664 0.0000e+00
      0.581      0.045    10.6188     97.388     35.969  26.161607     2.9700     1.8148     0.0000     0.2961 6.3852e+02     1.3051      0.570      0.827    11.3663 0.0000e+00
      0.593      0.045    10.6287     97.386     35.981  26.170660     2.9700     1.8453     0.0000     0.3384 7.1025e+02     1.1398      0.581      0.843    11.3661 0.0000e+00
      0.604      0.044    10.6385     97.366     36.002  26.185798     2.9700     1.8300     0.0000     0.3384 8.9442e+02     1.1848      0.593      0.860    11.3657 0.0000e+00
      0.615      0.042    10.6453     97.327     36.020  26.199179     2.9700     1.8377     0.0000     0.3384 5.1069e+02     1.2600      0.603      0.875    11.3653 0.0000e+00
      0.626      0.041    10.6481     97.264     36.019  26.198536     2.9700     1.9483     0.0000     0.3384 7.5121e+02     1.1698      0.614      0.890    11.3649 0.0000e+00
      0.637      0.040    10.6479     97.189     36.004  26.187656     2.9700     1.9292     0.0000     0.2961 4.9302e+02     1.1848      0.624      0.905    11.3646 0.0000e+00
      0.647      0.039    10.6457     97.117     35.993  26.179474     2.9700     1.9101     0.0000     0.2961 4.7628e+02     1.2450      0.634      0.920    11.3645 0.0000e+00
      0.656      0.038    10.6415     97.050     35.988  26.175769     2.9700     1.9597     0.0000     0.2961 4.6201e+02     1.2901      0.644      0.934    11.3645 0.0000e+00
      0.666      0.036    10.6346     96.981     35.983  26.171593     2.9700     1.9941     0.0000     0.2961 5.0200e+02     1.4554      0.653      0.947    11.3646 0.0000e+00
      0.675      0.035    10.6263     96.920     35.980  26.169791     2.9700     2.0093     0.0000     0.2961 4.7856e+02     1.4554      0.662      0.960    11.3647 0.0000e+00
      0.684      0.035    10.6185     96.881     35.986  26.173843     2.9700     2.0131     0.0000     0.2961 8.5360e+02     1.4253      0.670      0.973    11.3647 0.0000e+00
      0.693      0.034    10.6112     96.873     35.996  26.180869     2.9700     2.0055     0.0000     0.2961 5.5706e+02     1.5005      0.679      0.985    11.3646 0.0000e+00
      0.701      0.034    10.6036     96.894     36.002  26.184825     2.9700     2.0093     0.0000     0.2961 5.4616e+02     1.1999      0.687      0.997    11.3645 0.0000e+00
      0.710      0.035    10.5970     96.928     36.005  26.186765     2.9700     2.0170     0.0000     0.2961 4.7021e+02     1.1398      0.696      1.010    11.3642 0.0000e+00
      0.718      0.035    10.5928     96.962     36.006  26.187208     2.9700     2.0017     0.0426     0.3384 4.6291e+02     1.2600      0.704      1.022    11.3640 0.0000e+00
      0.727      0.036    10.5920     96.998     36.005  26.186270     2.9700     2.0093     0.0426     0.3384 4.8611e+02     1.1698      0.713      1.035    11.3638 0.0000e+00
      0.737      0.038    10.5943     97.030     36.008  26.187662     2.9700     2.0589     0.0426     0.3384 5.0903e+02     1.4554      0.723      1.048    11.3636 0.0000e+00
      0.747      0.039    10.5981     97.035     36.010  26.187795     2.9700     2.0780     0.0426     0.3384 6.8748e+02     1.3652      0.732      1.062    11.3633 0.0000e+00
      0.757      0.039    10.6019     97.003     36.012  26.186704     2.9700     2.0627     0.0000     0.2961 4.5593e+02     1.4404      0.742      1.077    11.3628 0.0000e+00
      0.768      0.040    10.6061     96.938     36.013  26.184098     2.9700     2.0551     0.0000     0.2961 5.6340e+02     1.3502      0.753      1.092    11.3621 0.0000e+00
      0.778      0.039    10.6098     96.853     36.007  26.175323     2.9700     2.1047     0.0000     0.2961 4.5662e+02     1.4854      0.763      1.107    11.3609 0.0000e+00
      0.788      0.039    10.6109     96.767     35.996  26.161999     2.9700     2.1390     0.0000     0.2961 6.8509e+02     1.5606      0.773      1.121    11.3589 0.0000e+00
      0.798      0.038    10.6082     96.699     35.986  26.148491     2.9700     2.1352     0.0000     0.2961 3.7404e+02     1.4704      0.782      1.135    11.3556 0.0000e+00
      0.807      0.036    10.6022     96.658     35.982  26.139115     2.9700     2.1200     0.0000     0.2961 6.5410e+02     1.4554      0.792      1.149    11.3510 0.0000e+00
      0.816      0.034    10.5944     96.657     35.986  26.135329     2.9700     2.4366     0.0000     0.2961 6.8554e+02     1.5155      0.801      1.161    11.3450 0.0000e+00
      0.825      0.033    10.5868     96.703     35.989  26.132165     2.9700     2.4251     0.0000     0.2961 7.3730e+02     1.4854      0.809      1.174    11.3378 0.0000e+00
      0.833      0.031    10.5814     96.789     35.987  26.124819     2.9700     2.4137     0.0426     0.4230 5.4214e+02     1.3802      0.817      1.185    11.3291 0.0000e+00
      0.840      0.030    10.5793     96.889     35.983  26.115292     2.9700     2.4328     0.0426     0.4230 5.2327e+02     1.5606      0.824      1.195    11.3196 0.0000e+00
      0.848      0.029    10.5813     96.971     35.980  26.101043     2.9700     2.4137     0.0426     0.4230 4.9614e+02     1.4103      0.831      1.206    11.3107 0.0000e+00
      0.855      0.028    10.5883     97.013     35.974  26.078273     2.9700     2.4022     0.0426     0.4230 4.9335e+02     1.3652      0.838      1.216    11.3028 0.0000e+00
      0.862      0.028    10.5996     96.994     35.973  26.052786     2.9700     2.4595     0.0426     0.4230 5.8460e+02     1.4253      0.845      1.226    11.2952 0.0000e+00
