Data/DataNotYetUploadedToEDI/Raw_CTD/RawDownloads/030723_fcr50_S8188007.cnv
* Sea-Bird SBE19plus  Data File:
* FileName = C:\R\Reservoirs\Data\DataNotYetUploadedToEDI\Raw_CTD\RawDownloads\011123_fcr50_S8188_0007.hex
* Software version 2.8.0.119
* Temperature SN = 8188
* Conductivity SN = 8188
* System UpLoad Time = Mar 20 2023 14:57:03
* <ApplicationData>
* <Seaterm232>
# nquan = 16
# nvalues = 1684                        
# units = specified
# name 0 = depFM: Depth [fresh water, m]
# name 1 = dz/dtM: Descent Rate [m/s]
# name 2 = sbeox0Mg/L: Oxygen, SBE 43 [mg/l]
# name 3 = sbeox0PS: Oxygen, SBE 43 [% saturation]
# name 4 = specc: Specific Conductance [uS/cm]
# name 5 = c0uS/cm: Conductivity [uS/cm]
# name 6 = wetCDOM: Fluorescence, WET Labs CDOM [mg/m^3]
# name 7 = flECO-AFL: Fluorescence, WET Labs ECO-AFL/FL [mg/m^3]
# name 8 = flECO-AFL1: Fluorescence, WET Labs ECO-AFL/FL, 2 [mg/m^3]
# name 9 = flECO-AFL2: Fluorescence, WET Labs ECO-AFL/FL, 3 [mg/m^3]
# name 10 = par/sat/log: PAR/Logarithmic, Satlantic
# name 11 = turbWETntu0: Turbidity, WET Labs ECO [NTU]
# name 12 = prdM: Pressure, Strain Gauge [db]
# name 13 = prdE: Pressure, Strain Gauge [psi]
# name 14 = tv290C: Temperature [ITS-90, deg C]
# name 15 = flag:  0.000e+00
# span 0 =     -0.659,      9.579       
# span 1 =     -0.312,      0.098       
# span 2 =     3.2581,    11.6084       
# span 3 =     27.151,    106.836       
# span 4 =      0.861,    309.580       
# span 5 =   0.813767, 199.809189       
# span 6 =    -5.4000,    21.3300       
# span 7 =    -2.9422,   245.2114       
# span 8 =    -2.1300,     7.9662       
# span 9 =    -4.7376,     9.5175       
# span 10 = 2.3256e-01, 1.9774e+03      
# span 11 =   -11.2751,   169.6126      
# span 12 =     -0.646,      9.394      
# span 13 =     -0.937,     13.625      
# span 14 =     7.2697,    23.6467      
# span 15 = 0.0000e+00, 0.0000e+00      
# interval = seconds: 0.25
# start_time = Mar 07 2023 12:18:40 [Instrument's time stamp, header]
# bad_flag = -9.990e-29
*END*
[from data line 543]
      1.661      0.054    10.7769     96.977     36.034  25.675794     3.0600     4.0807     0.0426     0.5499 2.4995e+02     1.3652      1.629      2.362    10.6363 0.0000e+00
      1.675      0.057    10.7737     97.030     36.040  25.678335     3.1500     4.0884     0.0000     0.5922 2.5241e+02     1.3652      1.643      2.383    10.6333 0.0000e+00
      1.690      0.059    10.7751     97.075     36.048  25.682353     3.1500     4.2028     0.0000     0.5922 2.5807e+02     1.3351      1.657      2.404    10.6305 0.0000e+00
      1.705      0.060    10.7798     97.106     36.055  25.684961     3.1500     4.2295     0.0000     0.5922 2.4495e+02     1.4854      1.673      2.426    10.6279 0.0000e+00
      1.721      0.061    10.7862     97.119     36.050  25.678935     3.1500     4.2028     0.0000     0.5922 2.4268e+02     1.3652      1.689      2.449    10.6253 0.0000e+00
      1.738      0.061    10.7928     97.114     36.036  25.666628     3.1500     4.2257     0.0000     0.5922 2.1916e+02     1.4253      1.705      2.472    10.6227 0.0000e+00
      1.753      0.060    10.7985     97.095     36.026  25.656637     3.0600     4.2791     0.0000     0.6345 2.2026e+02     1.4704      1.720      2.494    10.6199 0.0000e+00
      1.769      0.058    10.8028     97.065     36.016  25.646295     3.0600     4.2905     0.0000     0.6345 2.1595e+02     1.4404      1.735      2.516    10.6168 0.0000e+00
      1.783      0.056    10.8051     97.029     36.001  25.632846     3.0600     4.2448     0.0000     0.6345 2.1760e+02     1.4253      1.749      2.537    10.6133 0.0000e+00
      1.797      0.055    10.8055     96.991     35.989  25.620621     3.0600     4.2600     0.0000     0.6345 2.0649e+02     1.4253      1.763      2.556    10.6094 0.0000e+00
      1.810      0.053    10.8044     96.952     35.986  25.614279     3.1500     4.2219     0.0426     0.5922 2.0744e+02     1.4554      1.776      2.575    10.6053 0.0000e+00
      1.823      0.052    10.8021     96.910     35.995  25.616087     3.1500     4.2028     0.0426     0.5922 1.9376e+02     1.3953      1.789      2.594    10.6012 0.0000e+00
      1.837      0.051    10.7991     96.867     36.004  25.618608     3.1500     4.2219     0.0426     0.5922 2.0061e+02     1.3502      1.801      2.612    10.5970 0.0000e+00
      1.850      0.049    10.7961     96.828     36.002  25.614598     3.1500     4.2104     0.0426     0.5922 1.8963e+02     1.4854      1.814      2.631    10.5922 0.0000e+00
      1.863      0.047    10.7932     96.797     35.994  25.606944     3.1500     4.4508     0.0000     0.6345 1.8220e+02     1.4704      1.827      2.650    10.5864 0.0000e+00
      1.875      0.045    10.7901     96.780     35.988  25.601526     3.1500     4.4584     0.0000     0.6345 1.7786e+02     1.4854      1.839      2.667    10.5802 0.0000e+00
      1.886      0.042    10.7867     96.781     35.989  25.600857     3.1500     4.4775     0.0000     0.6345 1.7476e+02     1.5305      1.849      2.683    10.5747 0.0000e+00
      1.896      0.040    10.7833     96.798     35.991  25.600799     3.1500     4.4508     0.0000     0.6345 1.7029e+02     1.4103      1.859      2.697    10.5708 0.0000e+00
      1.905      0.038    10.7805     96.833     35.989  25.597378     3.1500     4.7369     0.0426     0.5499 1.6886e+02     1.4103      1.869      2.710    10.5684 0.0000e+00
      1.914      0.037    10.7791     96.882     35.982  25.589682     3.1500     4.7407     0.0426     0.5499 1.6548e+02     1.3351      1.878      2.723    10.5668 0.0000e+00
      1.923      0.036    10.7797     96.945     35.971  25.579616     3.1500     4.7445     0.0426     0.5499 1.6405e+02     1.4253      1.886      2.736    10.5650 0.0000e+00
      1.932      0.035    10.7821     97.020     35.963  25.572416     3.1500     4.7331     0.0426     0.5499 1.6052e+02     1.4404      1.895      2.749    10.5628 0.0000e+00
      1.942      0.035    10.7866     97.106     35.959  25.566162     3.1500     4.7369     0.0426     0.5499 1.5962e+02     1.3953      1.904      2.762    10.5601 0.0000e+00
      1.950      0.034    10.7931     97.190     35.954  25.555226     3.1500     4.7407     0.0426     0.5922 1.5646e+02     1.4554      1.913      2.774    10.5565 0.0000e+00
      1.959      0.034    10.8009     97.252     35.949  25.536694     3.1500     4.7407     0.0426     0.5922 1.5524e+02     1.3953      1.921      2.786    10.5532 0.0000e+00
      1.967      0.034    10.8098     97.271     35.938  25.505621     3.1500     4.7254     0.0426     0.5922 1.5389e+02     1.3652      1.929      2.798    10.5509 0.0000e+00
      1.976      0.035    10.8203     97.226     35.926  25.465600     3.1500     4.7559     0.0426     0.5922 1.5527e+02     1.5606      1.938      2.810    10.5471 0.0000e+00
      1.984      0.035    10.8324     97.099     35.925  25.429712     3.1500     4.7598     0.0426     0.6345 1.5174e+02     1.3953      1.946      2.823    10.5364 0.0000e+00
      1.994      0.034    10.8445     96.888     35.936  25.406200     3.1500     4.7674     0.0426     0.6345 1.4828e+02     1.4554      1.955      2.836    10.5156 0.0000e+00
      2.003      0.034    10.8549     96.620     35.951  25.394732     3.1500     4.7369     0.0426     0.6345 1.4883e+02     1.4854      1.964      2.849    10.4831 0.0000e+00
      2.012      0.032    10.8611     96.335     35.963  25.390270     3.1500     4.6644     0.0426     0.6345 1.4980e+02     1.4253      1.973      2.862    10.4390 0.0000e+00
      2.020      0.031    10.8594     96.085     35.968  25.385685     3.1500     4.6835     0.0426     0.5922 1.5072e+02     1.3953      1.981      2.873    10.3899 0.0000e+00
      2.028      0.029    10.8468     95.908     35.967  25.377774     3.1500     4.6835     0.0426     0.5922 1.5072e+02     1.4554      1.988      2.884    10.3466 0.0000e+00
      2.035      0.027    10.8244     95.814     35.969  25.372348     3.1500     4.6720     0.0426     0.5922 1.5493e+02     1.5155      1.995      2.894    10.3162 0.0000e+00
      2.041      0.025    10.7971     95.795     35.977  25.371917     3.1500     4.8055     0.0426     0.5922 1.5346e+02     1.3351      2.002      2.903    10.2981 0.0000e+00
      2.047      0.023    10.7721     95.834     35.985  25.372408     3.1500     4.8208     0.0426     0.5922 1.5541e+02     1.5305      2.008      2.912    10.2865 0.0000e+00
      2.053      0.021    10.7548     95.902     35.991  25.371972     3.1500     4.7979     0.0426     0.5922 1.5520e+02     1.4103      2.013      2.920    10.2766 0.0000e+00
      2.058      0.020    10.7465     95.973     35.994  25.370492     3.1500     4.8170     0.0426     0.5922 1.5690e+02     1.4554      2.018      2.927    10.2675 0.0000e+00
      2.063      0.020    10.7465     96.026     35.994  25.367573     3.1500     4.6949     0.0426     0.5922 1.5510e+02     1.4253      2.023      2.934    10.2591 0.0000e+00
      2.067      0.020    10.7528     96.052     35.994  25.364417     3.1500     4.6720     0.0426     0.5922 1.6031e+02     1.4404      2.027      2.940    10.2514 0.0000e+00
      2.072      0.021    10.7620     96.050     35.993  25.358202     3.2400     4.7025     0.0426     0.6345 1.6133e+02     1.4554      2.032      2.947    10.2454 0.0000e+00
      2.077      0.022    10.7710     96.025     35.984  25.343312     3.2400     4.6911     0.0426     0.6345 1.6419e+02     1.4404      2.037      2.954    10.2407 0.0000e+00
      2.082      0.024    10.7781     95.981     35.971  25.321714     3.2400     4.7559     0.0426     0.6345 1.6875e+02     1.4554      2.042      2.962    10.2365 0.0000e+00
      2.089      0.026    10.7823     95.917     35.963  25.301507     3.2400     4.7140     0.0426     0.6345 1.6341e+02     1.4253      2.048      2.971    10.2315 0.0000e+00
      2.096      0.028    10.7840     95.841     35.971  25.293137     3.1500     4.7369     0.0000     0.6345 1.6725e+02     1.4554      2.055      2.981    10.2239 0.0000e+00
      2.104      0.030    10.7842     95.769     35.994  25.298331     3.1500     4.7521     0.0000     0.6345 1.6334e+02     1.4854      2.063      2.992    10.2120 0.0000e+00
      2.112      0.030    10.7835     95.721     36.015  25.306596     3.1500     4.8666     0.0000     0.6345 1.6351e+02     1.3953      2.071      3.004    10.1951 0.0000e+00
      2.120      0.031    10.7815     95.707     36.026  25.308258     3.1500     4.8895     0.0000     0.6345 1.6383e+02     1.4103      2.079      3.015    10.1745 0.0000e+00
      2.128      0.030    10.7780     95.726     36.023  25.299802     3.2400     4.8513     0.0000     0.6768 1.5837e+02     1.5155      2.086      3.026    10.1548 0.0000e+00
      2.135      0.030    10.7736     95.760     36.013  25.286890     3.2400     4.8628     0.0000     0.6768 1.6718e+02     1.4103      2.094      3.037    10.1403 0.0000e+00
      2.143      0.030    10.7706     95.791     36.015  25.281917     3.2400     5.0840     0.0000     0.6768 1.6383e+02     1.3351      2.101      3.048    10.1307 0.0000e+00
      2.150      0.029    10.7711     95.807     36.029  25.283555     3.2400     5.1145     0.0000     0.6768 1.6063e+02     1.3953      2.109      3.058    10.1226 0.0000e+00
      2.158      0.029    10.7753     95.800     36.038  25.280363     3.2400     5.1336     0.0426     0.6345 1.6227e+02     1.4554      2.116      3.069    10.1144 0.0000e+00
      2.165      0.029    10.7812     95.772     36.043  25.275451     3.2400     5.1565     0.0426     0.6345 1.6448e+02     1.3652      2.123      3.079    10.1063 0.0000e+00
      2.172      0.030    10.7870     95.728     36.047  25.271465     3.2400     5.0001     0.0426     0.6345 1.5972e+02     1.3953      2.130      3.090    10.0972 0.0000e+00
      2.180      0.030    10.7917     95.670     36.043  25.263384     3.2400     4.9848     0.0426     0.6345 1.6101e+02     1.4253      2.138      3.100    10.0855 0.0000e+00
      2.188      0.031    10.7943     95.607     36.039  25.256970     3.2400     5.0001     0.0426     0.6345 1.6045e+02     1.5005      2.145      3.111    10.0722 0.0000e+00
      2.195      0.031    10.7942     95.542     36.039  25.254474     3.2400     4.9886     0.0000     0.5499 1.6298e+02     1.3802      2.153      3.122    10.0601 0.0000e+00
      2.203      0.032    10.7917     95.484     36.037  25.251270     3.2400     4.9886     0.0000     0.5499 1.5619e+02     1.3652      2.161      3.134    10.0507 0.0000e+00
      2.212      0.033    10.7869     95.442     36.039  25.250462     3.2400     4.9848     0.0000     0.5499 1.5910e+02     1.5907      2.169      3.146    10.0438 0.0000e+00
      2.220      0.034    10.7810     95.419     36.049  25.255794     3.2400     4.9848     0.0000     0.5499 1.5673e+02     1.4704      2.177      3.158    10.0389 0.0000e+00
      2.229      0.034    10.7746     95.413     36.063  25.264730     3.2400     5.0154     0.0000     0.7191 1.5717e+02     1.2750      2.186      3.170    10.0354 0.0000e+00
      2.238      0.035    10.7687     95.419     36.074  25.271732     3.2400     5.1260     0.0000     0.7191 1.5453e+02     1.4854      2.195      3.183    10.0325 0.0000e+00
      2.247      0.035    10.7646     95.428     36.079  25.274711     3.2400     5.1031     0.0000     0.7191 1.5396e+02     1.5005      2.204      3.196    10.0301 0.0000e+00
      2.256      0.035    10.7625     95.439     36.079  25.274459     3.2400     5.1260     0.0000     0.7191 1.5141e+02     1.4704      2.213      3.209    10.0280 0.0000e+00
      2.265      0.035    10.7623     95.461     36.073  25.270910     3.2400     5.1222     0.0426     0.6345 1.4987e+02     1.3802      2.221      3.222    10.0264 0.0000e+00
      2.274      0.035    10.7633     95.492     36.062  25.263117     3.2400     5.0459     0.0426     0.6345 1.4880e+02     1.3652      2.230      3.234    10.0254 0.0000e+00
      2.283      0.034    10.7645     95.523     36.047  25.252961     3.2400     5.0459     0.0426     0.6345 1.4841e+02     1.4704      2.238      3.247    10.0248 0.0000e+00
      2.292      0.034    10.7658     95.551     36.036  25.245653     3.2400     5.0497     0.0426     0.6345 1.4371e+02     1.4253      2.247      3.259    10.0246 0.0000e+00
      2.300      0.033    10.7682     95.584     36.032  25.243202     3.2400     5.0573     0.0426     0.6345 1.4560e+02     1.5305      2.256      3.272    10.0247 0.0000e+00
      2.309      0.032    10.7716     95.626     36.034  25.244956     3.2400     5.1451     0.0000     0.7191 1.4297e+02     1.5155      2.264      3.284    10.0251 0.0000e+00
      2.317      0.032    10.7749     95.670     36.038  25.247423     3.2400     5.1718     0.0000     0.7191 1.4117e+02     1.3953      2.272      3.295    10.0256 0.0000e+00
      2.325      0.032    10.7780     95.708     36.038  25.247302     3.2400     5.1756     0.0000     0.7191 1.4210e+02     1.3953      2.280      3.306    10.0261 0.0000e+00
      2.332      0.032    10.7815     95.734     36.042  25.248519     3.2400     5.1756     0.0000     0.7191 1.3856e+02     1.4253      2.287      3.317    10.0265 0.0000e+00
      2.340      0.032    10.7862     95.752     36.049  25.251399     3.2400     5.2976     0.0426     0.6345 1.3814e+02     1.4253      2.295      3.329    10.0267 0.0000e+00
      2.349      0.033    10.7913     95.761     36.049  25.248791     3.2400     5.2786     0.0426     0.6345 1.3947e+02     1.4253      2.303      3.341    10.0266 0.0000e+00
      2.357      0.034    10.7958     95.749     36.041  25.240000     3.2400     5.2976     0.0426     0.6345 1.3913e+02     1.4103      2.312      3.353    10.0259 0.0000e+00
      2.366      0.036    10.7991     95.710     36.033  25.230600     3.2400     5.3015     0.0426     0.6345 1.3880e+02     1.4404      2.321      3.366    10.0244 0.0000e+00
      2.375      0.037    10.8018     95.655     36.025  25.222044     3.2400     4.9810     0.0000     0.6345 1.3913e+02     1.4704      2.330      3.379    10.0216 0.0000e+00
      2.385      0.039    10.8039     95.595     36.019  25.216008     3.2400     4.9619     0.0000     0.6345 1.3229e+02     1.3953      2.339      3.392    10.0176 0.0000e+00
      2.395      0.041    10.8037     95.540     36.025  25.218801     3.2400     4.9696     0.0000     0.6345 1.3293e+02     1.5005      2.349      3.406    10.0129 0.0000e+00
      2.405      0.044    10.8005     95.494     36.038  25.227208     3.2400     5.0039     0.0000     0.6345 1.3261e+02     1.4253      2.359      3.421    10.0081 0.0000e+00
      2.417      0.046    10.7954     95.463     36.045  25.231595     3.2400     5.0573     0.0426     0.7614 1.3041e+02     1.3953      2.370      3.437    10.0038 0.0000e+00
      2.429      0.047    10.7894     95.453     36.042  25.229172     3.2400     5.0459     0.0426     0.7614 1.2659e+02     1.4253      2.382      3.455    10.0008 0.0000e+00
      2.442      0.048    10.7836     95.468     36.033  25.223252     3.2400     5.0497     0.0426     0.7614 1.2070e+02     1.4404      2.395      3.474     9.9991 0.0000e+00
      2.455      0.048    10.7787     95.498     36.029  25.220174     3.2400     5.0459     0.0426     0.7614 1.2026e+02     1.5305      2.408      3.493     9.9982 0.0000e+00
      2.468      0.047    10.7753     95.533     36.029  25.219119     3.2400     5.2519     0.0426     0.7614 1.2123e+02     1.4103      2.420      3.510     9.9977 0.0000e+00
      2.479      0.045    10.7743     95.560     36.025  25.215845     3.2400     5.2481     0.0000     0.6768 1.1966e+02     1.4554      2.431      3.526     9.9974 0.0000e+00
      2.490      0.044    10.7759     95.571     36.023  25.213438     3.2400     5.2633     0.0000     0.6768 1.1818e+02     1.4404      2.442      3.542     9.9973 0.0000e+00
