Data/DataNotYetUploadedToEDI/Raw_CTD/RawDownloads/030821_bvr50_0001.cnv
* Sea-Bird SBE19plus  Data File:
* FileName = C:\DATA\030821_bvr50_0001.hex
* Software version 2.8.0.119
* Temperature SN = 7809
* Conductivity SN = 7809
* System UpLoad Time = Mar 08 2021 16:03:33
* <ApplicationData>
* <Seaterm232>
# nquan = 16
# nvalues = 2126                        
# units = specified
# name 0 = depFM: Depth [fresh water, m]
# name 1 = dz/dtM: Descent Rate [m/s]
# name 2 = orp: Oxidation Reduction Potential [mV]
# name 3 = sbeox0Mg/L: Oxygen, SBE 43 [mg/l]
# name 4 = sbeox0PS: Oxygen, SBE 43 [% saturation]
# name 5 = par/sat/log: PAR/Logarithmic, Satlantic
# name 6 = ph: pH
# name 7 = specc: Specific Conductance [uS/cm]
# name 8 = c0uS/cm: Conductivity [uS/cm]
# name 9 = flECO-AFL: Fluorescence, WET Labs ECO-AFL/FL [mg/m^3]
# name 10 = turbWETntu0: Turbidity, WET Labs ECO [NTU]
# name 11 = tv290C: Temperature [ITS-90, deg C]
# name 12 = density00: Density [density, kg/m^3]
# name 13 = prdE: Pressure, Strain Gauge [psi]
# name 14 = prdM: Pressure, Strain Gauge [db]
# name 15 = flag:  0.000e+00
# span 0 =     -0.613,     10.738       
# span 1 =     -0.274,      0.265       
# span 2 = -1157.9236,  1123.6341       
# span 3 =     9.7079,    12.3573       
# span 4 =     77.891,     98.311       
# span 5 = 1.6270e-01, 1.7378e+03       
# span 6 =     -2.568,     16.534       
# span 7 =      2.888,     34.809       
# span 8 =   2.064046,  22.467196       
# span 9 =    -1.5774,     6.3760       
# span 10 =    -3.1355,    18.3840      
# span 11 =     5.5527,    10.7519      
# span 12 =   999.6342,  1000.0164      
# span 13 =     -0.873,     15.273      
# span 14 =     -0.602,     10.530      
# span 15 = 0.0000e+00, 0.0000e+00      
# interval = seconds: 0.25
# start_time = Mar 07 2021 22:18:58 [Instrument's time stamp, header]
# bad_flag = -9.990e-29
*END*
[from data line 2080]
      0.246     -0.218   376.9240    12.2057     97.179 1.0925e+02     15.596     25.352  15.523235     1.2821     2.9309     5.6122   999.9648      0.357      0.247 0.0000e+00
      0.180     -0.226   376.9685    12.2278     97.177 2.7865e+02     15.595     25.331  15.510557     1.1336     3.0059     5.6124   999.9645      0.260      0.179 0.0000e+00
      0.107     -0.218   376.9942    12.2280     97.268 6.7265e+02     15.595     25.309  15.497887     0.8571     3.0085     5.6129   999.9641      0.151      0.104 0.0000e+00
      0.038     -0.196   376.9765    12.2261     97.294 8.5554e+02     15.596     25.307  15.496839     0.7041     2.9272     5.6132   999.9636      0.044      0.031 0.0000e+00
     -0.016     -0.165   376.5828    12.2139     97.218 6.1684e+02     15.596     25.308  15.497887     0.7055     2.9166     5.6136   999.9634     -0.035     -0.024 0.0000e+00
     -0.049     -0.131   376.1917    12.2042     97.126 4.6224e+02     15.596     25.328  15.510567     0.7395     3.0177     5.6145   999.9633     -0.082     -0.056 0.0000e+00
     -0.063     -0.097   376.2057    12.2335     97.068 7.4006e+02     15.595     25.348  15.523350     0.7627     3.1197     5.6159   999.9631     -0.094     -0.065 0.0000e+00
     -0.072     -0.066   376.4940    12.2340     97.078 1.2537e+03     15.595     25.351  15.525656     0.7571     3.1531     5.6173   999.9632     -0.095     -0.065 0.0000e+00
     -0.090     -0.045   376.6665    12.2175     97.128 1.5367e+03     15.595     25.372  15.538451     0.7478     3.1821     5.6181   999.9631     -0.127     -0.087 0.0000e+00
     -0.109     -0.042   376.1399    12.2074     97.186 1.5715e+03     15.596     25.392  15.551256     0.7455     3.1951     5.6186   999.9629     -0.165     -0.113 0.0000e+00
     -0.113     -0.067   374.5146    12.1939     97.230 1.5161e+03     15.596     25.395  15.553676     0.7299     3.0701     5.6192   999.9629     -0.166     -0.114 0.0000e+00
     -0.108     -0.114   372.0717    12.2007     97.312 1.3678e+03     15.596     25.418  15.567719     0.7021     2.8722     5.6197   999.9629     -0.152     -0.104 0.0000e+00
     -0.111     -0.167   369.8343    12.2053     97.424 1.0863e+03     15.595     25.460  15.594250     0.6961     2.7941     5.6202   999.9629     -0.142     -0.097 0.0000e+00
     -0.152     -0.215   368.1983    12.2159     97.373 6.2862e+02     15.594     25.502  15.620878     0.7712     2.7433     5.6210   999.9628     -0.181     -0.124 0.0000e+00
     -0.248     -0.254   368.2080    12.2185     97.142 2.8437e+02     15.594     25.526  15.636083     1.6206     1.9151     5.6217   999.9622     -0.338     -0.233 0.0000e+00
     -0.367     -0.274   369.2625    12.2218     96.891 2.0314e+02     15.595     25.549  15.651313     3.1931     0.3684     5.6219   999.9615     -0.546     -0.377 0.0000e+00
     -0.455     -0.264   367.0968    12.2554     96.700 2.3031e+02     15.594     25.592  15.678230     4.0571    -0.4737     5.6229   999.9611     -0.668     -0.460 0.0000e+00
     -0.510     -0.224   362.7576    12.2464     96.592 2.5516e+02     15.592     25.640  15.707943     4.0282    -0.5426     5.6251   999.9609     -0.719     -0.495 0.0000e+00
     -0.557     -0.165   360.9357    12.2042     96.492 2.2743e+02     15.592     25.720  15.756980     2.6144    -0.6706     5.6270   999.9605     -0.801     -0.552 0.0000e+00
     -0.592     -0.107   361.6740    12.1730     96.273 1.8740e+02     15.593     25.836  15.827355    -0.0281    -0.9220     5.6288   999.9603     -0.859     -0.591 0.0000e+00
     -0.603     -0.064   363.4245    12.1440     95.907 2.1085e+02     15.595     25.996  15.924860    -1.4870    -1.0411     5.6303   999.9603     -0.859     -0.592 0.0000e+00
     -0.604     -0.035   365.4957    12.1353     95.465 2.4595e+02     15.596     26.301  16.111738    -1.5774    -0.8748     5.6308   999.9603     -0.858     -0.592 0.0000e+00
     -0.604     -0.015   367.5293    12.1301     95.100 2.2090e+02     15.596     26.732  16.375115    -1.1023     0.5038     5.6306   999.9603     -0.859     -0.592 0.0000e+00
     -0.604     -0.004   369.6005    12.1044     95.048 1.9552e+02     15.596     27.056  16.573361    -0.2341     2.9246     5.6300   999.9604     -0.858     -0.592 0.0000e+00
     -0.604     -0.000   371.9538    12.0532     95.252 1.7251e+02     15.596     27.008  16.543334     0.2411     4.2593     5.6290   999.9605     -0.858     -0.592 0.0000e+00
     -0.604 -2.115e-08   374.3003    11.9955     95.303 1.4444e+02     15.596     23.553  14.427049     0.2853     4.4183     5.6279   999.9606     -0.859     -0.593 0.0000e+00
     -0.604 -2.327e-07   376.1186    11.9330     95.051 1.6050e+02     15.596     15.293   9.367560     0.1952     4.5726     5.6268   999.9609     -0.859     -0.592 0.0000e+00
     -0.604 -2.453e-07   377.8493    11.9236     94.658 4.4415e+02     15.595      8.264   5.061788     0.0105     4.8204     5.6259   999.9609     -0.859     -0.592 0.0000e+00
     -0.605 -1.741e-07   379.7390    11.9842     94.354 1.0190e+03     15.595      6.124   3.751255    -0.0978     4.9084     5.6256   999.9612     -0.860     -0.593 0.0000e+00
     -0.605 -2.826e-07   381.7587    11.9907     94.144 1.4059e+03     15.595      6.183   3.787368    -0.1035     4.8817     5.6254   999.9609     -0.860     -0.593 0.0000e+00
     -0.604 -1.533e-07   385.9215    11.9522     93.759 1.4386e+03     15.593      6.183   3.787723    -0.1066     4.8064     5.6257   999.9567     -0.859     -0.592 0.0000e+00
     -0.604 -1.393e-08   389.8060    11.8890     93.047 1.3756e+03     15.592      6.027   3.692201    -0.3061     3.4148     5.6264   999.9540     -0.859     -0.593 0.0000e+00
     -0.604 -1.267e-09   389.3192    11.8459     92.078 1.3427e+03     15.595      5.952   3.646172    -0.6854     0.7933     5.6270   999.9540     -0.859     -0.592 0.0000e+00
     -0.604 -1.152e-10   388.7258    11.8427     91.054 1.1887e+03     15.597      5.792   3.547992    -0.8870    -0.6263     5.6275   999.9541     -0.859     -0.593 0.0000e+00
     -0.604 -1.047e-11   390.3747    11.7969     90.157 8.2958e+02     15.596      5.537   3.392145    -0.9036    -0.7710     5.6278   999.9542     -0.859     -0.593 0.0000e+00
     -0.604 -9.515e-13   392.1338    11.7059     89.503 4.5245e+02     15.596      5.254   3.219084    -0.9334    -0.7162     5.6279   999.9540     -0.859     -0.593 0.0000e+00
     -0.604 -8.650e-14   393.9058    11.5719     89.133 2.4087e+02     15.596      4.962   3.039483    -0.9713    -0.4782     5.6281   999.9540     -0.859     -0.593 0.0000e+00
     -0.604 -7.865e-15   398.2052    11.4349     88.991 3.4673e+02     15.593      4.682   2.867899    -0.9793    -0.2968     5.6283   999.9540     -0.859     -0.592 0.0000e+00
     -0.604 -7.150e-16   398.0004    11.3190     89.055 4.9901e+02     15.588      4.454   2.728405    -0.9728    -0.2396     5.6285   999.9539     -0.860     -0.593 0.0000e+00
     -0.604 -6.501e-17   388.5899    11.2310     89.290 3.1622e+02     15.588      4.277   2.620002    -0.9218     0.1784     5.6286   999.9538     -0.859     -0.593 0.0000e+00
     -0.604 -5.959e-18   383.3691    11.1931     89.621 1.1457e+02     15.592      4.093   2.507555    -0.8206     0.9465     5.6286   999.9537     -0.858     -0.592 0.0000e+00
     -0.604 -1.074e-18   384.0047    11.1715     89.803 8.2476e+01     15.594      3.993   2.445855    -0.7688     1.3224     5.6287   999.9536     -0.859     -0.592 0.0000e+00
     -0.604 -9.990e-29 -9.990e-29    11.1840 -9.990e-29 6.9618e+01 -9.990e-29 -9.990e-29 -9.990e-29 -9.990e-29 -9.990e-29     5.6288   999.9535     -0.859     -0.592 0.0000e+00
     -0.604 -9.990e-29 -9.990e-29    11.2135 -9.990e-29 6.4250e+01 -9.990e-29 -9.990e-29 -9.990e-29 -9.990e-29 -9.990e-29     5.6290   999.9535     -0.858     -0.592 0.0000e+00
     -0.604 -9.990e-29 -9.990e-29    11.2645 -9.990e-29 6.1852e+01 -9.990e-29 -9.990e-29 -9.990e-29 -9.990e-29 -9.990e-29     5.6290   999.9534     -0.858     -0.592 0.0000e+00
     -0.604 -9.990e-29 -9.990e-29    11.3115 -9.990e-29 6.0888e+01 -9.990e-29 -9.990e-29 -9.990e-29 -9.990e-29 -9.990e-29     5.6290   999.9534     -0.859     -0.592 0.0000e+00
