Data/DataNotYetUploadedToEDI/Raw_CTD/RawDownloads/030821_bvr50_0001.cnv
* Sea-Bird SBE19plus  Data File:
* FileName = C:\DATA\030821_bvr50_0001.hex
* Software version 2.8.0.119
* Temperature SN = 7809
* Conductivity SN = 7809
* System UpLoad Time = Mar 08 2021 16:03:33
* <ApplicationData>
* <Seaterm232>
# nquan = 16
# nvalues = 2126                        
# units = specified
# name 0 = depFM: Depth [fresh water, m]
# name 1 = dz/dtM: Descent Rate [m/s]
# name 2 = orp: Oxidation Reduction Potential [mV]
# name 3 = sbeox0Mg/L: Oxygen, SBE 43 [mg/l]
# name 4 = sbeox0PS: Oxygen, SBE 43 [% saturation]
# name 5 = par/sat/log: PAR/Logarithmic, Satlantic
# name 6 = ph: pH
# name 7 = specc: Specific Conductance [uS/cm]
# name 8 = c0uS/cm: Conductivity [uS/cm]
# name 9 = flECO-AFL: Fluorescence, WET Labs ECO-AFL/FL [mg/m^3]
# name 10 = turbWETntu0: Turbidity, WET Labs ECO [NTU]
# name 11 = tv290C: Temperature [ITS-90, deg C]
# name 12 = density00: Density [density, kg/m^3]
# name 13 = prdE: Pressure, Strain Gauge [psi]
# name 14 = prdM: Pressure, Strain Gauge [db]
# name 15 = flag:  0.000e+00
# span 0 =     -0.613,     10.738       
# span 1 =     -0.274,      0.265       
# span 2 = -1157.9236,  1123.6341       
# span 3 =     9.7079,    12.3573       
# span 4 =     77.891,     98.311       
# span 5 = 1.6270e-01, 1.7378e+03       
# span 6 =     -2.568,     16.534       
# span 7 =      2.888,     34.809       
# span 8 =   2.064046,  22.467196       
# span 9 =    -1.5774,     6.3760       
# span 10 =    -3.1355,    18.3840      
# span 11 =     5.5527,    10.7519      
# span 12 =   999.6342,  1000.0164      
# span 13 =     -0.873,     15.273      
# span 14 =     -0.602,     10.530      
# span 15 = 0.0000e+00, 0.0000e+00      
# interval = seconds: 0.25
# start_time = Mar 07 2021 22:18:58 [Instrument's time stamp, header]
# bad_flag = -9.990e-29
*END*
[from data line 1808]
      6.276     -0.074   379.7783    12.2494     97.132 5.2879e+00     15.607     25.387  15.523027     5.2473     3.1739     5.5694   999.9948      8.923      6.152 0.0000e+00
      6.257     -0.074   379.9104    12.2316     97.154 5.3284e+00     15.607     25.365  15.509404     5.3011     3.1751     5.5696   999.9947      8.900      6.136 0.0000e+00
      6.240     -0.073   379.7519    12.2277     97.128 5.3896e+00     15.607     25.326  15.485208     5.3177     3.2342     5.5703   999.9946      8.875      6.119 0.0000e+00
      6.225     -0.073   379.5831    12.2104     97.163 5.4480e+00     15.607     25.324  15.484056     5.4098     3.2707     5.5711   999.9945      8.852      6.103 0.0000e+00
      6.209     -0.075   379.5897    12.2235     97.229 5.4971e+00     15.607     25.343  15.495479     5.5572     3.2388     5.5714   999.9944      8.832      6.089 0.0000e+00
      6.189     -0.078   379.2301    12.2330     97.287 5.5526e+00     15.607     25.344  15.496526     5.6311     3.1917     5.5712   999.9944      8.805      6.071 0.0000e+00
      6.166     -0.081   378.8491    12.2129     97.323 5.6248e+00     15.607     25.344  15.496725     5.6359     3.2163     5.5705   999.9942      8.770      6.047 0.0000e+00
      6.142     -0.081   379.1122    12.2284     97.326 5.7018e+00     15.608     25.346  15.497885     5.6336     3.2265     5.5704   999.9941      8.735      6.023 0.0000e+00
      6.120     -0.079   379.5717    12.2349     97.341 5.7746e+00     15.608     25.367  15.510555     5.6515     3.1783     5.5710   999.9940      8.705      6.002 0.0000e+00
      6.099     -0.074   379.5017    12.2418     97.386 5.8481e+00     15.607     25.387  15.523122     5.6905     3.1823     5.5714   999.9939      8.673      5.980 0.0000e+00
      6.081     -0.069   379.2112    12.2507     97.485 5.8936e+00     15.607     25.387  15.523036     5.7145     3.2416     5.5718   999.9938      8.644      5.960 0.0000e+00
      6.067     -0.065   379.4154    12.2436     97.618 5.9143e+00     15.608     25.365  15.509518     5.7318     3.2423     5.5721   999.9937      8.629      5.949 0.0000e+00
      6.054     -0.062   379.6471    12.2486     97.683 5.9656e+00     15.608     25.327  15.486465     5.7755     3.1915     5.5723   999.9937      8.613      5.938 0.0000e+00
      6.037     -0.061   379.4315    12.2514     97.629 6.0491e+00     15.607     25.346  15.497897     5.8224     3.1760     5.5724   999.9936      8.589      5.921 0.0000e+00
      6.020     -0.061   379.5620    12.2633     97.504 6.1099e+00     15.607     25.384  15.520940     5.8319     3.2272     5.5724   999.9935      8.562      5.903 0.0000e+00
      6.004     -0.062   380.0197    12.2874     97.369 6.1539e+00     15.607     25.369  15.511490     5.8233     3.2952     5.5722   999.9934      8.541      5.888 0.0000e+00
      5.989     -0.064   379.8901    12.2983     97.250 6.2109e+00     15.607     25.368  15.510433     5.7002     3.2764     5.5720   999.9934      8.520      5.875 0.0000e+00
      5.973     -0.067   379.8876    12.2883     97.168 6.2673e+00     15.607     25.364  15.508155     5.4494     3.2061     5.5713   999.9933      8.496      5.857 0.0000e+00
      5.957     -0.070   380.2478    12.2689     97.108 6.3336e+00     15.607     25.324  15.483960     5.3176     3.2008     5.5704   999.9933      8.473      5.842 0.0000e+00
      5.941     -0.075   379.7706    12.2531     97.079 6.4225e+00     15.607     25.304  15.471472     5.3278     3.2473     5.5700   999.9932      8.455      5.830 0.0000e+00
      5.921     -0.080   379.1091    12.2348     97.132 6.5016e+00     15.607     25.324  15.483960     5.3919     3.2178     5.5696   999.9931      8.423      5.807 0.0000e+00
      5.898     -0.082   379.3907    12.2273     97.207 6.5720e+00     15.606     25.363  15.508157     5.5005     3.1535     5.5694   999.9930      8.385      5.781 0.0000e+00
      5.877     -0.081   380.2500    12.2204     97.195 6.6908e+00     15.606     25.365  15.510443     5.5640     3.1568     5.5692   999.9929      8.361      5.765 0.0000e+00
      5.853     -0.079   380.6355    12.2111     97.141 6.8445e+00     15.606     25.366  15.511603     5.5686     3.1891     5.5692   999.9928      8.326      5.741 0.0000e+00
      5.829     -0.076   380.1805    12.2204     97.096 6.9500e+00     15.606     25.385  15.522187     5.5561     3.2014     5.5696   999.9926      8.283      5.711 0.0000e+00
      5.813     -0.074   379.4819    12.2396     97.025 7.0015e+00     15.606     25.369  15.511614     5.5276     3.1679     5.5713   999.9925      8.266      5.699 0.0000e+00
      5.800     -0.074   378.9857    12.2314     97.003 7.0618e+00     15.606     25.367  15.510568     5.5092     3.1621     5.5740   999.9924      8.254      5.691 0.0000e+00
      5.783     -0.074   378.9996    12.2187     97.048 7.1607e+00     15.606     25.365  15.509529     5.5148     3.2333     5.5740   999.9923      8.228      5.673 0.0000e+00
      5.762     -0.074   379.2186    12.2240     97.071 7.2740e+00     15.607     25.348  15.499050     5.5093     3.2728     5.5719   999.9923      8.197      5.651 0.0000e+00
      5.740     -0.077   379.3105    12.2048     97.056 7.3771e+00     15.607     25.368  15.510662     5.4052     3.1941     5.5705   999.9922      8.163      5.628 0.0000e+00
      5.719     -0.081   379.3366    12.2017     97.055 7.4659e+00     15.607     25.388  15.523141     5.2188     3.0707     5.5702   999.9921      8.133      5.608 0.0000e+00
      5.700     -0.083   379.1906    12.2152     97.084 7.5462e+00     15.607     25.388  15.523141     5.1249     3.0175     5.5703   999.9920      8.109      5.591 0.0000e+00
      5.681     -0.086   379.0066    12.2175     97.110 7.6401e+00     15.607     25.368  15.510661     5.1384     3.0308     5.5701   999.9919      8.082      5.572 0.0000e+00
      5.660     -0.090   378.8331    12.2127     97.120 7.7497e+00     15.607     25.349  15.499039     5.1614     3.0254     5.5701   999.9918      8.051      5.551 0.0000e+00
      5.636     -0.096   378.7276    12.2102     97.116 7.8705e+00     15.606     25.366  15.509413     5.1753     2.9865     5.5705   999.9917      8.018      5.528 0.0000e+00
      5.610     -0.101   378.7633    12.2186     97.146 8.0194e+00     15.606     25.365  15.509301     5.1815     2.9725     5.5708   999.9916      7.981      5.503 0.0000e+00
      5.583     -0.105   378.7485    12.2195     97.184 8.1899e+00     15.606     25.346  15.497679     5.1797     2.9945     5.5703   999.9915      7.942      5.476 0.0000e+00
      5.554     -0.107   378.6350    12.2242     97.153 8.3591e+00     15.606     25.342  15.495686     5.0865     3.0112     5.5696   999.9913      7.900      5.447 0.0000e+00
      5.525     -0.107   378.5100    12.2187     97.132 8.5333e+00     15.606     25.326  15.485207     4.9131     3.0031     5.5694   999.9912      7.857      5.418 0.0000e+00
      5.497     -0.104   378.4420    12.2213     97.172 8.6989e+00     15.606     25.346  15.497782     4.8190     2.9997     5.5703   999.9911      7.820      5.392 0.0000e+00
      5.469     -0.099   378.4143    12.2373     97.204 8.8404e+00     15.606     25.384  15.520929     4.8080     3.0392     5.5715   999.9909      7.779      5.363 0.0000e+00
      5.444     -0.093   378.6911    12.2229     97.194 8.9714e+00     15.607     25.369  15.511498     4.8171     3.1026     5.5720   999.9907      7.740      5.337 0.0000e+00
      5.423     -0.087   379.1216    12.2174     97.161 9.0976e+00     15.607     25.367  15.510546     4.8340     3.1489     5.5713   999.9906      7.713      5.318 0.0000e+00
      5.403     -0.083   378.9741    12.2303     97.177 9.2093e+00     15.607     25.365  15.509412     4.8496     3.1872     5.5704   999.9906      7.686      5.298 0.0000e+00
      5.383     -0.082   378.5424    12.2331     97.263 9.2892e+00     15.606     25.346  15.497792     4.8717     3.2218     5.5705   999.9905      7.654      5.278 0.0000e+00
      5.365     -0.083   378.4624    12.2329     97.323 9.3871e+00     15.606     25.345  15.496839     4.8828     3.2231     5.5710   999.9904      7.631      5.261 0.0000e+00
      5.347     -0.085   378.5224    12.2234     97.307 9.5440e+00     15.606     25.346  15.497886     4.8498     3.1351     5.5711   999.9903      7.609      5.246 0.0000e+00
      5.322     -0.086   378.5795    12.2228     97.291 9.7119e+00     15.605     25.366  15.510451     4.8063     3.0159     5.5710   999.9902      7.570      5.220 0.0000e+00
      5.295     -0.085   379.0675    12.2414     97.334 9.8615e+00     15.605     25.385  15.521977     4.8059     2.9839     5.5709   999.9900      7.527      5.191 0.0000e+00
      5.272     -0.084   379.6037    12.2523     97.395 1.0005e+01     15.605     25.366  15.510451     4.8257     2.9880     5.5708   999.9900      7.497      5.170 0.0000e+00
      5.252     -0.083   379.2125    12.2439     97.395 1.0138e+01     15.605     25.346  15.497886     4.8073     3.0320     5.5713   999.9899      7.469      5.150 0.0000e+00
      5.233     -0.083   378.5531    12.2385     97.325 1.0249e+01     15.606     25.344  15.496848     4.7553     3.1378     5.5716   999.9897      7.439      5.129 0.0000e+00
      5.216     -0.084   378.3418    12.2464     97.257 1.0375e+01     15.606     25.346  15.497896     4.7309     3.2032     5.5715   999.9897      7.421      5.117 0.0000e+00
      5.196     -0.086   378.1213    12.2594     97.260 1.0569e+01     15.606     25.367  15.510556     4.7319     3.2038     5.5715   999.9896      7.397      5.100 0.0000e+00
      5.170     -0.087   378.2949    12.2601     97.346 1.0801e+01     15.606     25.387  15.523130     4.6814     3.1801     5.5716   999.9894      7.354      5.070 0.0000e+00
      5.142     -0.086   378.9785    12.2454     97.424 1.0991e+01     15.606     25.387  15.523139     4.5870     3.1911     5.5719   999.9893      7.312      5.041 0.0000e+00
      5.118     -0.085   378.9872    12.2352     97.422 1.1129e+01     15.606     25.367  15.510660     4.5444     3.2339     5.5722   999.9892      7.279      5.018 0.0000e+00
      5.097     -0.081   378.3151    12.2328     97.385 1.1254e+01     15.606     25.349  15.499039     4.5479     3.2504     5.5720   999.9891      7.248      4.997 0.0000e+00
      5.080     -0.076   378.2507    12.2496     97.358 1.1367e+01     15.606     25.366  15.509424     4.5616     3.2199     5.5718   999.9890      7.224      4.981 0.0000e+00
      5.065     -0.073   378.8103    12.2653     97.324 1.1494e+01     15.606     25.366  15.509424     4.5871     3.1749     5.5718   999.9890      7.207      4.969 0.0000e+00
      5.047     -0.072   378.7998    12.2597     97.271 1.1645e+01     15.606     25.349  15.499040     4.6077     3.1864     5.5712   999.9889      7.180      4.951 0.0000e+00
      5.027     -0.073   378.2969    12.2535     97.202 1.1773e+01     15.605     25.369  15.510670     4.6202     3.2217     5.5700   999.9888      7.148      4.929 0.0000e+00
      5.008     -0.074   378.4084    12.2522     97.156 1.1893e+01     15.605     25.390  15.523254     4.6332     3.1550     5.5694   999.9887      7.124      4.911 0.0000e+00
      4.990     -0.075   378.6855    12.2482     97.165 1.2061e+01     15.605     25.392  15.524397     4.6502     2.9978     5.5693   999.9886      7.100      4.895 0.0000e+00
      4.970     -0.075   378.4640    12.2420     97.196 1.2262e+01     15.605     25.392  15.524492     4.6647     2.9344     5.5688   999.9885      7.068      4.873 0.0000e+00
      4.950     -0.076   378.3969    12.2319     97.214 1.2451e+01     15.604     25.392  15.524398     4.6743     2.9726     5.5683   999.9885      7.038      4.853 0.0000e+00
      4.932     -0.077   378.5623    12.2220     97.164 1.2626e+01     15.604     25.390  15.523256     4.6722     2.9788     5.5681   999.9884      7.017      4.838 0.0000e+00
      4.914     -0.078   378.4851    12.2279     97.044 1.2831e+01     15.605     25.370  15.510682     4.6485     3.0092     5.5681   999.9883      6.992      4.820 0.0000e+00
      4.892     -0.078   378.2381    12.2310     96.958 1.3067e+01     15.605     25.351  15.499165     4.6162     3.0992     5.5682   999.9882      6.958      4.797 0.0000e+00
      4.872     -0.079   378.2428    12.2371     96.994 1.3256e+01     15.606     25.370  15.510795     4.6052     3.1748     5.5685   999.9881      6.928      4.776 0.0000e+00
      4.852     -0.079   378.4560    12.2331     97.140 1.3409e+01     15.606     25.392  15.524512     4.6110     3.2027     5.5683   999.9880      6.902      4.759 0.0000e+00
      4.831     -0.080   378.4930    12.2096     97.263 1.3594e+01     15.606     25.414  15.538220     4.6106     3.1277     5.5679   999.9879      6.871      4.737 0.0000e+00
      4.811     -0.080   378.4322    12.1965     97.288 1.3767e+01     15.605     25.433  15.549747     4.6199     3.0240     5.5677   999.9878      6.841      4.717 0.0000e+00
      4.792     -0.081   378.4957    12.1985     97.291 1.3910e+01     15.605     25.412  15.537087     4.6367     3.0121     5.5676   999.9877      6.816      4.699 0.0000e+00
      4.772     -0.083   378.6586    12.2268     97.325 1.4090e+01     15.605     25.370  15.511940     4.6332     3.0182     5.5678   999.9876      6.789      4.681 0.0000e+00
      4.750     -0.085   378.5948    12.2473     97.372 1.4313e+01     15.605     25.350  15.499280     4.6154     2.9951     5.5681   999.9875      6.757      4.658 0.0000e+00
      4.727     -0.088   378.2398    12.2426     97.416 1.4530e+01     15.605     25.368  15.510815     4.6020     2.9727     5.5686   999.9874      6.722      4.634 0.0000e+00
      4.705     -0.090   378.2382    12.2407     97.452 1.4738e+01     15.605     25.390  15.524628     4.6060     2.9533     5.5692   999.9873      6.692      4.614 0.0000e+00
      4.683     -0.090   378.5749    12.2476     97.429 1.4939e+01     15.605     25.413  15.539497     4.6251     2.9667     5.5694   999.9872      6.662      4.594 0.0000e+00
      4.657     -0.086   378.6981    12.2533     97.278 1.5169e+01     15.605     25.453  15.563797     4.6704     3.0314     5.5696   999.9870      6.626      4.568 0.0000e+00
      4.630     -0.080   378.8676    12.2590     97.097 1.5384e+01     15.605     25.455  15.564855     4.7348     3.1175     5.5699   999.9869      6.582      4.537 0.0000e+00
      4.610     -0.073   379.0749    12.2639     97.065 1.5488e+01     15.605     25.435  15.552290     4.7739     3.1847     5.5704   999.9868      6.551      4.517 0.0000e+00
      4.595     -0.066   378.9684    12.2685     97.177 1.5535e+01     15.605     25.413  15.538658     4.7908     3.1914     5.5715   999.9867      6.536      4.507 0.0000e+00
      4.582     -0.061   378.6973    12.2443     97.305 1.5584e+01     15.605     25.394  15.526829     4.7863     3.1290     5.5722   999.9866      6.516      4.493 0.0000e+00
      4.570     -0.058   378.8088    12.2063     97.290 1.5627e+01     15.605     25.409  15.536061     4.7578     3.0489     5.5720   999.9866      6.499      4.481 0.0000e+00
      4.557     -0.058   379.3696    12.2089     97.193 1.5710e+01     15.605     25.389  15.523484     4.7317     3.0133     5.5713   999.9865      6.486      4.472 0.0000e+00
      4.541     -0.062   379.4552    12.2249     97.168 1.5865e+01     15.605     25.354  15.501564     4.7279     3.0418     5.5707   999.9865      6.460      4.454 0.0000e+00
      4.522     -0.066   379.2414    12.2550     97.179 1.6012e+01     15.605     25.391  15.524607     4.7311     3.0499     5.5703   999.9863      6.429      4.432 0.0000e+00
      4.505     -0.069   379.1078    12.2495     97.227 1.6130e+01     15.605     25.430  15.548508     4.6937     3.0426     5.5698   999.9863      6.407      4.418 0.0000e+00
      4.489     -0.068   379.0449    12.2206     97.292 1.6276e+01     15.605     25.410  15.536973     4.6391     3.1250     5.5692   999.9863      6.388      4.405 0.0000e+00
