Data/DataNotYetUploadedToEDI/Raw_CTD/RawDownloads/030821_bvr50_0001.cnv
* Sea-Bird SBE19plus  Data File:
* FileName = C:\DATA\030821_bvr50_0001.hex
* Software version 2.8.0.119
* Temperature SN = 7809
* Conductivity SN = 7809
* System UpLoad Time = Mar 08 2021 16:03:33
* <ApplicationData>
* <Seaterm232>
# nquan = 16
# nvalues = 2126                        
# units = specified
# name 0 = depFM: Depth [fresh water, m]
# name 1 = dz/dtM: Descent Rate [m/s]
# name 2 = orp: Oxidation Reduction Potential [mV]
# name 3 = sbeox0Mg/L: Oxygen, SBE 43 [mg/l]
# name 4 = sbeox0PS: Oxygen, SBE 43 [% saturation]
# name 5 = par/sat/log: PAR/Logarithmic, Satlantic
# name 6 = ph: pH
# name 7 = specc: Specific Conductance [uS/cm]
# name 8 = c0uS/cm: Conductivity [uS/cm]
# name 9 = flECO-AFL: Fluorescence, WET Labs ECO-AFL/FL [mg/m^3]
# name 10 = turbWETntu0: Turbidity, WET Labs ECO [NTU]
# name 11 = tv290C: Temperature [ITS-90, deg C]
# name 12 = density00: Density [density, kg/m^3]
# name 13 = prdE: Pressure, Strain Gauge [psi]
# name 14 = prdM: Pressure, Strain Gauge [db]
# name 15 = flag:  0.000e+00
# span 0 =     -0.613,     10.738       
# span 1 =     -0.274,      0.265       
# span 2 = -1157.9236,  1123.6341       
# span 3 =     9.7079,    12.3573       
# span 4 =     77.891,     98.311       
# span 5 = 1.6270e-01, 1.7378e+03       
# span 6 =     -2.568,     16.534       
# span 7 =      2.888,     34.809       
# span 8 =   2.064046,  22.467196       
# span 9 =    -1.5774,     6.3760       
# span 10 =    -3.1355,    18.3840      
# span 11 =     5.5527,    10.7519      
# span 12 =   999.6342,  1000.0164      
# span 13 =     -0.873,     15.273      
# span 14 =     -0.602,     10.530      
# span 15 = 0.0000e+00, 0.0000e+00      
# interval = seconds: 0.25
# start_time = Mar 07 2021 22:18:58 [Instrument's time stamp, header]
# bad_flag = -9.990e-29
*END*
[from data line 1447]
     10.522      0.023   380.5423    12.1534     96.612 2.2811e-01     15.620     25.372  15.507810     4.9905     3.1423     5.5593  1000.0154     14.965     10.318 0.0000e+00
     10.530      0.023   380.2862    12.1587     96.533 2.1076e-01     15.620     25.332  15.483822     5.0110     3.1995     5.5594  1000.0154     14.978     10.327 0.0000e+00
     10.537      0.022   379.9717    12.1688     96.480 2.1146e-01     15.620     25.309  15.470217     5.0180     3.1930     5.5594  1000.0155     14.987     10.333 0.0000e+00
     10.542      0.022   379.9238    12.1606     96.562 2.2175e-01     15.620     25.309  15.470115     4.9995     3.2005     5.5596  1000.0156     14.994     10.338 0.0000e+00
     10.546      0.022   380.2242    12.1655     96.644 2.2838e-01     15.620     25.329  15.482586     4.9968     3.2560     5.5599  1000.0156     15.000     10.343 0.0000e+00
     10.550      0.022   380.3337    12.1528     96.682 2.2848e-01     15.620     25.348  15.494206     5.0143     3.2468     5.5604  1000.0155     15.005     10.345 0.0000e+00
     10.555      0.021   380.0433    12.1291     96.712 2.2302e-01     15.620     25.332  15.483821     5.0108     3.1913     5.5609  1000.0155     15.011     10.349 0.0000e+00
     10.563      0.021   379.8960    12.1597     96.726 2.1156e-01     15.621     25.332  15.483811     4.9929     3.1692     5.5611  1000.0156     15.024     10.359 0.0000e+00
     10.571      0.021   379.9300    12.1664     96.767 2.0383e-01     15.621     25.348  15.494091     4.9978     3.1860     5.5611  1000.0156     15.038     10.369 0.0000e+00
     10.575      0.022   379.9377    12.1667     96.798 2.0848e-01     15.620     25.327  15.481318     5.0128     3.2571     5.5609  1000.0157     15.043     10.372 0.0000e+00
     10.577      0.022   379.9895    12.1773     96.757 2.1145e-01     15.619     25.286  15.456168     5.0126     3.2740     5.5608  1000.0157     15.043     10.372 0.0000e+00
     10.582      0.022   380.0395    12.1701     96.681 2.0426e-01     15.620     25.265  15.443593     5.0044     3.2182     5.5609  1000.0157     15.049     10.376 0.0000e+00
     10.589      0.022   379.9404    12.1807     96.670 1.9829e-01     15.620     25.285  15.456065     4.9997     3.2003     5.5609  1000.0157     15.061     10.384 0.0000e+00
     10.596      0.022   379.7367    12.1881     96.755 2.0763e-01     15.620     25.325  15.480175     5.0023     3.2283     5.5611  1000.0157     15.072     10.392 0.0000e+00
     10.603      0.021   379.6423    12.1809     96.872 2.1692e-01     15.619     25.326  15.481518     5.0366     3.2482     5.5614  1000.0158     15.081     10.398 0.0000e+00
     10.609      0.021   379.4872    12.1652     96.941 2.1322e-01     15.619     25.311  15.472295     5.1001     3.2003     5.5620  1000.0158     15.092     10.406 0.0000e+00
     10.612      0.023   379.2387    12.1605     96.866 2.0777e-01     15.619     25.349  15.495463     5.1304     3.1640     5.5624  1000.0158     15.094     10.408 0.0000e+00
     10.614      0.026   379.2181    12.1782     96.739 1.9896e-01     15.619     25.369  15.508048     5.1267     3.1874     5.5626  1000.0158     15.096     10.409 0.0000e+00
     10.618      0.030   379.2379    12.1924     96.749 1.9635e-01     15.619     25.352  15.497666     5.1409     3.1746     5.5628  1000.0158     15.101     10.412 0.0000e+00
     10.627      0.031   379.2199    12.2101     96.829 1.9965e-01     15.619     25.351  15.496723     5.2552     3.1457     5.5633  1000.0158     15.112     10.419 0.0000e+00
     10.642      0.031   379.3456    12.1979     96.911 1.9195e-01     15.619     25.352  15.496646     5.4598     3.1480     5.5635  1000.0159     15.139     10.437 0.0000e+00
     10.655      0.029   379.3805    12.1614     96.948 1.8100e-01     15.619     25.352  15.496733     5.5837     3.1677     5.5634  1000.0160     15.160     10.452 0.0000e+00
     10.663      0.024   379.2979    12.1772     96.862 1.7947e-01     15.619     25.354  15.497782     5.5984     3.1780     5.5630  1000.0160     15.169     10.459 0.0000e+00
     10.665      0.017   379.2934    12.1874     96.731 1.9482e-01     15.618     25.373  15.509317     5.5802     3.1698     5.5623  1000.0161     15.170     10.460 0.0000e+00
     10.666      0.010   379.3261    12.1967     96.602 2.0976e-01     15.618     25.373  15.509412     5.5551     3.2057     5.5617  1000.0161     15.170     10.459 0.0000e+00
     10.667      0.005   379.3486    12.2133     96.464 2.0979e-01     15.618     25.356  15.498933     5.5417     3.2682     5.5614  1000.0161     15.172     10.460 0.0000e+00
     10.667      0.002   379.3071    12.1910     96.356 1.9937e-01     15.618     25.372  15.509412     5.5326     3.3083     5.5612  1000.0161     15.172     10.461 0.0000e+00
     10.668      0.002   379.1691    12.1742     96.267 1.9228e-01     15.618     25.372  15.509317     5.5404     3.3133     5.5614  1000.0161     15.173     10.461 0.0000e+00
     10.668      0.001   379.0570    12.1611     96.214 2.0116e-01     15.619     25.353  15.497791     5.5699     3.2595     5.5617  1000.0161     15.173     10.461 0.0000e+00
     10.668      0.001   379.0700    12.1385     96.324 2.0916e-01     15.619     25.351  15.496836     5.5943     3.2066     5.5617  1000.0161     15.174     10.462 0.0000e+00
     10.668      0.001   379.1539    12.1263     96.565 2.0589e-01     15.619     25.351  15.497779     5.6053     3.2241     5.5618  1000.0161     15.174     10.462 0.0000e+00
     10.668      0.001   379.2118    12.1193     96.769 1.9425e-01     15.619     25.367  15.509202     5.5695     3.2302     5.5622  1000.0161     15.174     10.462 0.0000e+00
     10.669      0.001   379.2533    12.0985     96.879 1.8533e-01     15.618     25.364  15.508152     5.5055     3.2117     5.5625  1000.0161     15.174     10.462 0.0000e+00
     10.669      0.001   379.2248    12.1150     96.880 1.8353e-01     15.618     25.325  15.485089     5.4800     3.2405     5.5636  1000.0161     15.174     10.462 0.0000e+00
     10.669      0.002   379.1260    12.1585     96.816 1.8133e-01     15.618     25.323  15.483937     5.4709     3.2692     5.5655  1000.0160     15.175     10.463 0.0000e+00
     10.670      0.003   379.0049    12.1803     96.787 1.8851e-01     15.618     25.340  15.494226     5.3951     3.2493     5.5680  1000.0160     15.176     10.464 0.0000e+00
     10.670      0.005   378.8797    12.1969     96.824 1.9786e-01     15.618     25.322  15.482689     5.2600     3.2065     5.5707  1000.0159     15.177     10.464 0.0000e+00
     10.671      0.007   378.9028    12.1948     96.904 1.9853e-01     15.618     25.303  15.471238     5.1911     3.2325     5.5717  1000.0158     15.177     10.464 0.0000e+00
     10.674      0.008   378.9402    12.1795     96.991 2.0437e-01     15.617     25.322  15.482565     5.2021     3.2887     5.5714  1000.0159     15.180     10.466 0.0000e+00
     10.677      0.008   378.9015    12.1762     97.048 2.1207e-01     15.617     25.339  15.492854     5.2115     3.2677     5.5709  1000.0159     15.186     10.469 0.0000e+00
     10.680      0.008   378.9507    12.1826     97.099 2.1273e-01     15.618     25.300  15.468847     5.2474     3.2195     5.5703  1000.0159     15.190     10.473 0.0000e+00
     10.682      0.008   379.1054    12.1927     97.139 2.0209e-01     15.619     25.263  15.445889     5.3301     3.2215     5.5699  1000.0159     15.193     10.476 0.0000e+00
     10.683      0.007   379.2229    12.2089     97.133 1.8534e-01     15.620     25.301  15.468857     5.3817     3.2569     5.5698  1000.0159     15.195     10.477 0.0000e+00
     10.685      0.006   379.1664    12.2116     97.108 1.8096e-01     15.619     25.341  15.492959     5.3950     3.2698     5.5698  1000.0160     15.197     10.478 0.0000e+00
     10.686      0.005   379.1105    12.2182     97.090 1.8705e-01     15.618     25.325  15.483718     5.3573     3.2405     5.5695  1000.0160     15.199     10.479 0.0000e+00
     10.687      0.004   379.1497    12.2289     97.140 1.8798e-01     15.618     25.325  15.483925     5.2597     3.2110     5.5685  1000.0160     15.200     10.480 0.0000e+00
     10.688      0.004   379.1245    12.2228     97.236 1.8463e-01     15.618     25.344  15.495462     5.1970     3.2221     5.5674  1000.0160     15.203     10.482 0.0000e+00
     10.689      0.004   379.0631    12.2219     97.204 1.8474e-01     15.618     25.346  15.496407     5.1995     3.2380     5.5675  1000.0161     15.204     10.482 0.0000e+00
     10.690      0.004   379.0097    12.2151     97.039 1.8749e-01     15.619     25.344  15.495360     5.3189     3.2305     5.5685  1000.0160     15.205     10.484 0.0000e+00
     10.692      0.004   378.9098    12.2177     96.909 1.8835e-01     15.618     25.324  15.482803     5.5346     3.2346     5.5689  1000.0160     15.207     10.485 0.0000e+00
     10.692      0.003   378.8876    12.2455     96.857 1.8397e-01     15.618     25.306  15.471372     5.6618     3.2539     5.5689  1000.0160     15.207     10.485 0.0000e+00
     10.693      0.003   378.9986    12.2419     96.841 1.8505e-01     15.618     25.326  15.483937     5.6652     3.2239     5.5688  1000.0160     15.208     10.486 0.0000e+00
     10.694      0.004   379.0471    12.2061     96.808 1.9311e-01     15.618     25.366  15.507934     5.6039     3.1808     5.5685  1000.0161     15.210     10.487 0.0000e+00
     10.695      0.004   378.9577    12.1927     96.774 1.9041e-01     15.618     25.366  15.507934     5.5314     3.1784     5.5680  1000.0160     15.211     10.488 0.0000e+00
     10.696      0.004   378.8646    12.1869     96.807 1.7653e-01     15.618     25.326  15.483937     5.5131     3.1953     5.5673  1000.0161     15.212     10.489 0.0000e+00
     10.697      0.005   378.7826    12.1889     96.883 1.6868e-01     15.618     25.305  15.471371     5.5257     3.2479     5.5668  1000.0161     15.214     10.490 0.0000e+00
     10.698      0.005   378.8257    12.1851     96.922 1.7266e-01     15.619     25.324  15.482793     5.5208     3.2650     5.5668  1000.0161     15.216     10.491 0.0000e+00
     10.699      0.005   379.0422    12.1731     96.883 1.8238e-01     15.619     25.345  15.495256     5.4733     3.2302     5.5674  1000.0161     15.218     10.492 0.0000e+00
     10.701      0.005   379.1622    12.1812     96.862 1.8718e-01     15.619     25.345  15.495265     5.4097     3.2396     5.5677  1000.0161     15.220     10.494 0.0000e+00
     10.702      0.004   379.2452    12.1932     96.907 1.8686e-01     15.619     25.325  15.482899     5.3905     3.2416     5.5677  1000.0161     15.223     10.495 0.0000e+00
     10.703      0.004   379.2717    12.2041     96.971 1.8487e-01     15.619     25.308  15.472524     5.4031     3.2186     5.5677  1000.0161     15.224     10.497 0.0000e+00
     10.704      0.004   379.1386    12.1902     97.017 1.8410e-01     15.619     25.347  15.496626     5.4858     3.2024     5.5677  1000.0161     15.224     10.497 0.0000e+00
     10.705      0.003   379.0984    12.1843     97.004 1.9175e-01     15.619     25.387  15.520727     5.6369     3.1835     5.5673  1000.0161     15.226     10.498 0.0000e+00
     10.705      0.003   379.1293    12.1978     97.001 1.9909e-01     15.619     25.370  15.510334     5.7243     3.1965     5.5669  1000.0162     15.226     10.498 0.0000e+00
     10.706      0.003   379.0816    12.2006     97.017 1.9459e-01     15.618     25.350  15.497758     5.7314     3.1876     5.5670  1000.0161     15.227     10.499 0.0000e+00
     10.707      0.003   378.9526    12.2169     97.024 1.8827e-01     15.617     25.346  15.495472     5.7033     3.1439     5.5673  1000.0162     15.229     10.500 0.0000e+00
     10.708      0.004   378.8593    12.2045     97.045 1.8625e-01     15.619     25.325  15.482691     5.6706     3.1491     5.5675  1000.0162     15.230     10.501 0.0000e+00
     10.709      0.004   378.9004    12.2047     97.012 1.7531e-01     15.620     25.304  15.470013     5.6604     3.2165     5.5671  1000.0162     15.232     10.502 0.0000e+00
     10.710      0.004   378.9330    12.2151     97.006 1.6957e-01     15.619     25.302  15.468973     5.6561     3.2720     5.5667  1000.0162     15.233     10.503 0.0000e+00
     10.711      0.004   378.9100    12.2022     97.061 1.8112e-01     15.617     25.304  15.470126     5.6561     3.2370     5.5669  1000.0162     15.235     10.504 0.0000e+00
     10.712      0.004   378.8804    12.2230     97.099 1.9405e-01     15.617     25.327  15.483948     5.6613     3.1702     5.5671  1000.0162     15.236     10.505 0.0000e+00
     10.713      0.004   378.8330    12.2044     97.128 1.9278e-01     15.618     25.369  15.509306     5.6618     3.1861     5.5672  1000.0162     15.237     10.505 0.0000e+00
     10.714      0.005   378.8535    12.2027     97.134 1.7573e-01     15.619     25.392  15.523129     5.6624     3.2568     5.5672  1000.0162     15.238     10.507 0.0000e+00
     10.715      0.006   378.9559    12.2200     97.113 1.6397e-01     15.619     25.394  15.524281     5.5542     3.2701     5.5673  1000.0162     15.239     10.507 0.0000e+00
     10.716      0.006   378.9525    12.2165     97.057 1.6800e-01     15.619     25.392  15.523243     5.3366     3.2438     5.5670  1000.0162     15.242     10.508 0.0000e+00
     10.718      0.006   378.8982    12.2275     97.006 1.8161e-01     15.619     25.372  15.510575     5.2238     3.2477     5.5664  1000.0162     15.245     10.511 0.0000e+00
     10.720      0.006   378.9020    12.2232     96.949 1.8904e-01     15.618     25.352  15.497906     5.2108     3.2481     5.5660  1000.0163     15.248     10.513 0.0000e+00
     10.722      0.006   378.9124    12.2263     96.857 1.8159e-01     15.618     25.350  15.496857     5.2075     3.2147     5.5655  1000.0163     15.250     10.515 0.0000e+00
     10.723      0.005   378.9383    12.2130     96.790 1.8361e-01     15.618     25.352  15.497893     5.3462     3.2214     5.5653  1000.0163     15.252     10.516 0.0000e+00
     10.724      0.004   378.9565    12.2079     96.772 1.9182e-01     15.618     25.372  15.510439     5.6198     3.2614     5.5650  1000.0163     15.253     10.516 0.0000e+00
     10.725      0.003   378.9608    12.2065     96.799 1.8121e-01     15.618     25.391  15.521756     5.7788     3.2517     5.5647  1000.0163     15.254     10.518 0.0000e+00
     10.726      0.003   378.9908    12.1864     96.815 1.8074e-01     15.618     25.368  15.507935     5.8003     3.2070     5.5644  1000.0163     15.255     10.518 0.0000e+00
     10.726      0.002   379.0602    12.1806     96.746 1.9207e-01     15.618     25.306  15.470117     5.8604     3.1674     5.5642  1000.0163     15.256     10.519 0.0000e+00
     10.727      0.002   379.0253    12.1766     96.668 1.8537e-01     15.618     25.265  15.444882     5.9802     3.1846     5.5644  1000.0163     15.257     10.520 0.0000e+00
     10.728      0.002   378.9128    12.1815     96.689 1.7893e-01     15.617     25.284  15.456409     6.0468     3.2087     5.5645  1000.0163     15.258     10.520 0.0000e+00
     10.728      0.002   378.9052    12.1921     96.767 1.8485e-01     15.617     25.327  15.482691     6.0372     3.1844     5.5643  1000.0163     15.258     10.520 0.0000e+00
     10.728      0.002   378.9334    12.1766     96.832 1.9332e-01     15.617     25.370  15.509068     5.9013     3.1995     5.5641  1000.0163     15.259     10.521 0.0000e+00
     10.728      0.002   378.9100    12.1594     96.887 1.9012e-01     15.617     25.391  15.521746     5.6635     3.2542     5.5639  1000.0163     15.259     10.521 0.0000e+00
     10.729      0.002   378.8800    12.1662     96.915 1.8113e-01     15.618     25.371  15.509191     5.5460     3.2620     5.5638  1000.0163     15.259     10.522 0.0000e+00
