Data/DataNotYetUploadedToEDI/Raw_CTD/RawDownloads/030821_bvr50_0001.cnv
* Sea-Bird SBE19plus  Data File:
* FileName = C:\DATA\030821_bvr50_0001.hex
* Software version 2.8.0.119
* Temperature SN = 7809
* Conductivity SN = 7809
* System UpLoad Time = Mar 08 2021 16:03:33
* <ApplicationData>
* <Seaterm232>
# nquan = 16
# nvalues = 2126                        
# units = specified
# name 0 = depFM: Depth [fresh water, m]
# name 1 = dz/dtM: Descent Rate [m/s]
# name 2 = orp: Oxidation Reduction Potential [mV]
# name 3 = sbeox0Mg/L: Oxygen, SBE 43 [mg/l]
# name 4 = sbeox0PS: Oxygen, SBE 43 [% saturation]
# name 5 = par/sat/log: PAR/Logarithmic, Satlantic
# name 6 = ph: pH
# name 7 = specc: Specific Conductance [uS/cm]
# name 8 = c0uS/cm: Conductivity [uS/cm]
# name 9 = flECO-AFL: Fluorescence, WET Labs ECO-AFL/FL [mg/m^3]
# name 10 = turbWETntu0: Turbidity, WET Labs ECO [NTU]
# name 11 = tv290C: Temperature [ITS-90, deg C]
# name 12 = density00: Density [density, kg/m^3]
# name 13 = prdE: Pressure, Strain Gauge [psi]
# name 14 = prdM: Pressure, Strain Gauge [db]
# name 15 = flag:  0.000e+00
# span 0 =     -0.613,     10.738       
# span 1 =     -0.274,      0.265       
# span 2 = -1157.9236,  1123.6341       
# span 3 =     9.7079,    12.3573       
# span 4 =     77.891,     98.311       
# span 5 = 1.6270e-01, 1.7378e+03       
# span 6 =     -2.568,     16.534       
# span 7 =      2.888,     34.809       
# span 8 =   2.064046,  22.467196       
# span 9 =    -1.5774,     6.3760       
# span 10 =    -3.1355,    18.3840      
# span 11 =     5.5527,    10.7519      
# span 12 =   999.6342,  1000.0164      
# span 13 =     -0.873,     15.273      
# span 14 =     -0.602,     10.530      
# span 15 = 0.0000e+00, 0.0000e+00      
# interval = seconds: 0.25
# start_time = Mar 07 2021 22:18:58 [Instrument's time stamp, header]
# bad_flag = -9.990e-29
*END*
[from data line 724]
      4.546      0.028   378.9261    11.9578     94.749 1.4104e+01     15.636     25.247  15.429407     4.9994     3.2404     5.5554   999.9868      6.467      4.459 0.0000e+00
      4.553      0.031   378.9368    11.9366     94.842 1.4063e+01     15.636     25.247  15.429397     5.0120     3.2970     5.5555   999.9868      6.477      4.466 0.0000e+00
      4.560      0.035   378.8397    11.9176     94.867 1.3998e+01     15.636     25.284  15.452251     5.0213     3.2835     5.5556   999.9869      6.484      4.471 0.0000e+00
      4.571      0.039   378.8709    11.9169     94.779 1.3854e+01     15.636     25.284  15.452148     5.0254     3.2150     5.5555   999.9869      6.501      4.482 0.0000e+00
      4.583      0.042   379.1414    11.9249     94.715 1.3731e+01     15.636     25.244  15.428150     5.1099     3.1901     5.5555   999.9870      6.520      4.496 0.0000e+00
      4.595      0.044   379.4437    11.9419     94.738 1.3631e+01     15.636     25.224  15.415680     5.2892     3.2222     5.5557   999.9870      6.535      4.506 0.0000e+00
      4.605      0.045   379.1706    11.9517     94.748 1.3530e+01     15.636     25.245  15.428160     5.3999     3.2602     5.5556   999.9871      6.550      4.516 0.0000e+00
      4.616      0.044   378.8503    11.9284     94.724 1.3464e+01     15.636     25.285  15.452261     5.4179     3.2718     5.5555   999.9871      6.563      4.526 0.0000e+00
      4.629      0.042   378.8403    11.9154     94.689 1.3367e+01     15.636     25.287  15.453488     5.4309     3.2251     5.5555   999.9872      6.583      4.539 0.0000e+00
      4.642      0.040   378.6195    11.9300     94.654 1.3285e+01     15.637     25.270  15.443000     5.4616     3.2099     5.5552   999.9873      6.607      4.556 0.0000e+00
      4.651      0.038   378.4181    11.9289     94.678 1.3251e+01     15.637     25.285  15.452241     5.4843     3.2606     5.5551   999.9873      6.616      4.562 0.0000e+00
      4.657      0.037   378.4700    11.9232     94.730 1.3195e+01     15.637     25.263  15.438430     5.4766     3.2546     5.5552   999.9874      6.623      4.566 0.0000e+00
      4.665      0.036   378.7306    11.9234     94.797 1.3133e+01     15.637     25.204  15.402802     5.4830     3.2053     5.5550   999.9874      6.636      4.576 0.0000e+00
      4.675      0.036   378.9885    11.9097     94.945 1.3079e+01     15.638     25.203  15.401849     5.5233     3.2136     5.5550   999.9874      6.648      4.584 0.0000e+00
      4.685      0.037   378.9205    11.9180     95.126 1.3004e+01     15.638     25.244  15.426903     5.5541     3.2517     5.5549   999.9875      6.662      4.593 0.0000e+00
      4.696      0.039   378.7695    11.9282     95.261 1.2907e+01     15.638     25.285  15.452138     5.5501     3.2537     5.5548   999.9876      6.679      4.605 0.0000e+00
      4.707      0.039   378.9686    11.9256     95.280 1.2819e+01     15.638     25.287  15.453385     5.4560     3.2383     5.5546   999.9876      6.698      4.617 0.0000e+00
      4.716      0.039   379.2635    11.9530     95.166 1.2743e+01     15.637     25.268  15.441981     5.2926     3.2373     5.5545   999.9876      6.709      4.625 0.0000e+00
      4.724      0.038   379.0657    11.9764     94.986 1.2657e+01     15.637     25.267  15.441047     5.2051     3.2414     5.5544   999.9877      6.717      4.631 0.0000e+00
      4.734      0.036   379.0714    11.9983     94.849 1.2572e+01     15.636     25.269  15.442095     5.2001     3.2191     5.5543   999.9877      6.733      4.642 0.0000e+00
      4.746      0.036   379.4188    12.0020     94.829 1.2490e+01     15.635     25.289  15.454653     5.2028     3.1737     5.5544   999.9878      6.751      4.655 0.0000e+00
      4.756      0.036   379.2224    11.9825     94.878 1.2429e+01     15.635     25.308  15.466083     5.1900     3.1388     5.5545   999.9878      6.767      4.666 0.0000e+00
      4.762      0.035   378.8478    11.9572     94.941 1.2383e+01     15.636     25.288  15.453509     5.1693     3.1069     5.5545   999.9879      6.772      4.669 0.0000e+00
      4.769      0.034   378.8472    11.9316     94.962 1.2284e+01     15.636     25.248  15.429408     5.1535     3.0619     5.5545   999.9879      6.778      4.674 0.0000e+00
      4.781      0.033   378.8710    11.9370     94.958 1.2202e+01     15.636     25.246  15.428264     5.1425     3.0073     5.5544   999.9880      6.803      4.691 0.0000e+00
      4.791      0.032   378.6199    11.9419     94.979 1.2173e+01     15.636     25.265  15.439678     5.2072     2.9609     5.5543   999.9880      6.819      4.701 0.0000e+00
      4.797      0.031   378.5648    11.9549     94.996 1.2122e+01     15.636     25.266  15.440621     5.3444     2.9480     5.5544   999.9880      6.820      4.703 0.0000e+00
      4.804      0.030   378.7199    11.9579     95.051 1.2062e+01     15.636     25.264  15.439668     5.4190     2.9881     5.5543   999.9881      6.831      4.710 0.0000e+00
      4.812      0.028   378.6020    11.9484     95.142 1.1988e+01     15.636     25.246  15.428151     5.4131     3.0343     5.5544   999.9881      6.845      4.720 0.0000e+00
      4.819      0.027   378.6028    11.9616     95.218 1.1915e+01     15.636     25.246  15.428162     5.3395     3.0605     5.5545   999.9882      6.854      4.725 0.0000e+00
      4.825      0.028   379.1588    11.9546     95.301 1.1887e+01     15.636     25.265  15.439793     5.2251     3.0984     5.5543   999.9882      6.861      4.731 0.0000e+00
      4.831      0.028   379.7322    11.9639     95.423 1.1857e+01     15.636     25.268  15.441992     5.1651     3.0807     5.5544   999.9882      6.872      4.739 0.0000e+00
      4.838      0.027   379.5992    11.9794     95.523 1.1805e+01     15.636     25.289  15.454756     5.1483     2.9839     5.5545   999.9882      6.880      4.744 0.0000e+00
      4.846      0.025   379.0133    11.9867     95.504 1.1747e+01     15.637     25.310  15.467331     5.1556     2.9236     5.5545   999.9882      6.891      4.751 0.0000e+00
      4.855      0.024   378.7574    11.9947     95.407 1.1694e+01     15.637     25.310  15.467238     5.1966     2.9694     5.5544   999.9883      6.905      4.762 0.0000e+00
      4.861      0.024   378.8281    12.0115     95.359 1.1665e+01     15.636     25.288  15.453625     5.2237     3.0568     5.5543   999.9883      6.915      4.769 0.0000e+00
      4.864      0.025   378.7499    12.0343     95.443 1.1644e+01     15.636     25.249  15.429532     5.2167     3.0878     5.5544   999.9884      6.919      4.771 0.0000e+00
      4.868      0.027   378.7575    12.0256     95.530 1.1590e+01     15.636     25.249  15.429523     5.1876     3.1048     5.5543   999.9884      6.921      4.772 0.0000e+00
      4.875      0.029   379.0928    12.0101     95.486 1.1515e+01     15.636     25.288  15.453511     5.1572     3.1923     5.5542   999.9884      6.932      4.780 0.0000e+00
      4.885      0.031   379.2758    11.9944     95.471 1.1446e+01     15.636     25.307  15.465981     5.1555     3.2881     5.5539   999.9885      6.949      4.791 0.0000e+00
      4.894      0.031   379.0779    12.0151     95.661 1.1367e+01     15.636     25.286  15.453510     5.1572     3.3021     5.5537   999.9885      6.961      4.799 0.0000e+00
      4.904      0.031   378.9370    12.0370     95.857 1.1277e+01     15.635     25.246  15.429523     5.1492     3.2585     5.5536   999.9886      6.975      4.809 0.0000e+00
      4.913      0.031   378.9493    12.0215     95.847 1.1221e+01     15.635     25.246  15.429533     5.2208     3.1729     5.5539   999.9886      6.989      4.820 0.0000e+00
      4.918      0.031   378.7101    12.0010     95.658 1.1208e+01     15.635     25.285  15.453634     5.3740     3.0906     5.5552   999.9886      6.997      4.824 0.0000e+00
      4.922      0.032   378.4531    12.0429     95.433 1.1171e+01     15.634     25.307  15.467352     5.4756     3.0878     5.5563   999.9886      6.999      4.826 0.0000e+00
      4.929      0.035   378.5956    12.0806     95.378 1.1080e+01     15.634     25.307  15.468599     5.4962     3.0708     5.5569   999.9886      7.007      4.831 0.0000e+00
      4.941      0.039   378.7977    12.0709     95.455 1.0980e+01     15.634     25.306  15.468712     5.6128     3.0900     5.5573   999.9886      7.028      4.845 0.0000e+00
      4.954      0.043   378.9188    12.0477     95.515 1.0908e+01     15.635     25.306  15.468713     5.8658     3.2512     5.5575   999.9887      7.046      4.859 0.0000e+00
      4.966      0.045   379.3714    11.9993     95.519 1.0842e+01     15.636     25.306  15.468609     6.0078     3.3378     5.5585   999.9888      7.061      4.869 0.0000e+00
      4.978      0.045   379.7097    11.9973     95.319 1.0760e+01     15.636     25.304  15.467456     5.9956     3.2790     5.5603   999.9888      7.081      4.882 0.0000e+00
      4.990      0.041   379.3956    12.0209     95.054 1.0670e+01     15.634     25.283  15.454777     5.9370     3.2619     5.5621   999.9888      7.097      4.893 0.0000e+00
      5.001      0.036   378.9294    12.0182     95.122 1.0590e+01     15.633     25.263  15.442098     5.8620     3.3023     5.5629   999.9888      7.112      4.903 0.0000e+00
      5.011      0.031   378.8049    12.0340     95.379 1.0543e+01     15.633     25.261  15.440956     5.8135     3.3216     5.5625   999.9889      7.129      4.914 0.0000e+00
      5.018      0.027   379.0090    12.0118     95.582 1.0518e+01     15.633     25.261  15.440964     5.7895     3.2888     5.5625   999.9889      7.139      4.922 0.0000e+00
      5.021      0.025   379.1603    11.9302     95.490 1.0491e+01     15.633     25.263  15.442194     5.7440     3.2139     5.5625   999.9889      7.141      4.924 0.0000e+00
      5.024      0.022   378.9992    11.9714     95.180 1.0450e+01     15.633     25.286  15.455825     5.6828     3.2064     5.5622   999.9889      7.142      4.925 0.0000e+00
      5.030      0.021   378.9542    12.0055     95.207 1.0392e+01     15.634     25.324  15.478983     5.6695     3.2669     5.5621   999.9890      7.153      4.932 0.0000e+00
      5.039      0.022   379.1320    12.0400     95.402 1.0346e+01     15.634     25.308  15.468600     5.6788     3.2584     5.5618   999.9890      7.170      4.944 0.0000e+00
      5.045      0.023   379.1707    12.0510     95.511 1.0326e+01     15.634     25.289  15.457082     5.6428     3.1726     5.5615   999.9891      7.178      4.949 0.0000e+00
      5.048      0.025   379.3358    11.9387     95.571 1.0295e+01     15.634     25.304  15.466513     5.5859     3.0871     5.5610   999.9891      7.177      4.948 0.0000e+00
      5.053      0.026   379.5796    11.9823     95.488 1.0245e+01     15.634     25.286  15.455835     5.5634     3.0494     5.5604   999.9892      7.185      4.954 0.0000e+00
      5.060      0.026   379.6231    12.0219     95.433 1.0211e+01     15.634     25.284  15.454769     5.5620     3.0596     5.5601   999.9892      7.198      4.963 0.0000e+00
      5.068      0.026   379.5176    12.0085     95.275 1.0162e+01     15.634     25.282  15.453624     5.5400     3.0738     5.5602   999.9892      7.206      4.969 0.0000e+00
      5.077      0.025   379.5085    12.0554     95.018 1.0084e+01     15.634     25.263  15.441994     5.4781     3.1181     5.5605   999.9893      7.222      4.980 0.0000e+00
      5.085      0.023   379.5130    12.0006     94.971 1.0043e+01     15.633     25.261  15.440937     5.3959     3.2168     5.5610   999.9893      7.236      4.989 0.0000e+00
      5.089      0.020   379.0555    12.0216     95.092 1.0041e+01     15.633     25.261  15.440851     5.3476     3.2716     5.5613   999.9893      7.238      4.991 0.0000e+00
      5.090      0.018   378.9672    12.0073     95.310 1.0019e+01     15.633     25.261  15.440947     5.3423     3.2319     5.5611   999.9893      7.239      4.991 0.0000e+00
      5.093      0.018   379.3915    11.9337     95.445 9.9801e+00     15.633     25.262  15.442108     5.3517     3.1482     5.5612   999.9893      7.244      4.994 0.0000e+00
      5.099      0.018   379.3682    11.9581     95.435 9.9506e+00     15.633     25.282  15.454892     5.3557     3.0835     5.5614   999.9893      7.252      5.001 0.0000e+00
      5.104      0.019   379.4596    11.9537     95.332 9.9045e+00     15.633     25.304  15.468724     5.3518     3.0675     5.5617   999.9893      7.258      5.004 0.0000e+00
      5.109      0.020   379.7218    12.0083     95.337 9.8595e+00     15.633     25.327  15.482555     5.3435     3.0590     5.5619   999.9894      7.266      5.009 0.0000e+00
      5.115      0.020   379.6999    12.0165     95.540 9.8460e+00     15.633     25.347  15.495329     5.3317     3.0487     5.5623   999.9894      7.278      5.019 0.0000e+00
      5.120      0.021   379.9697    12.0181     95.697 9.8289e+00     15.633     25.348  15.496377     5.3327     3.0798     5.5631   999.9894      7.283      5.020 0.0000e+00
      5.124      0.022   380.0579    11.9971     95.826 9.7965e+00     15.633     25.345  15.495227     5.3454     3.0922     5.5641   999.9894      7.286      5.023 0.0000e+00
      5.129      0.023   379.5619    11.9751     95.846 9.7616e+00     15.633     25.322  15.481423     5.3433     3.0272     5.5646   999.9894      7.296      5.031 0.0000e+00
      5.135      0.026   379.4787    12.0414     95.643 9.7236e+00     15.633     25.281  15.456263     5.3167     3.0491     5.5651   999.9894      7.303      5.034 0.0000e+00
      5.143      0.029   379.6544    12.0367     95.416 9.6845e+00     15.634     25.262  15.444612     5.2906     3.2200     5.5663   999.9894      7.314      5.043 0.0000e+00
      5.150      0.031   379.5355    12.0629     95.225 9.6530e+00     15.634     25.300  15.467352     5.2856     3.3081     5.5673   999.9895      7.327      5.052 0.0000e+00
      5.158      0.032   379.6760    12.0813     95.165 9.6038e+00     15.634     25.317  15.477622     5.2844     3.2561     5.5678   999.9894      7.334      5.057 0.0000e+00
      5.168      0.032   379.7179    12.0302     95.478 9.5253e+00     15.634     25.259  15.441983     5.2759     3.2082     5.5680   999.9895      7.350      5.068 0.0000e+00
      5.179      0.030   379.2677    12.0063     95.876 9.4664e+00     15.634     25.219  15.416824     5.2595     3.1755     5.5678   999.9895      7.368      5.081 0.0000e+00
      5.187      0.028   379.0516    11.9866     96.002 9.4282e+00     15.635     25.235  15.427017     5.2383     3.1008     5.5671   999.9896      7.378      5.087 0.0000e+00
      5.192      0.028   379.5133    11.9474     95.922 9.3948e+00     15.635     25.254  15.438432     5.2203     3.0260     5.5663   999.9897      7.388      5.094 0.0000e+00
      5.197      0.029   380.0318    12.0103     95.628 9.3715e+00     15.635     25.238  15.428038     5.2142     2.9927     5.5656   999.9897      7.394      5.098 0.0000e+00
      5.202      0.031   380.0732    12.0931     95.329 9.3343e+00     15.634     25.240  15.428140     5.3348     3.0409     5.5650   999.9897      7.397      5.101 0.0000e+00
      5.210      0.031   379.9271    12.0788     95.280 9.2703e+00     15.634     25.260  15.439667     5.5627     3.1629     5.5647   999.9897      7.408      5.108 0.0000e+00
      5.222      0.030   379.4701    12.0918     95.493 9.1972e+00     15.634     25.262  15.440621     5.6713     3.2319     5.5645   999.9898      7.427      5.120 0.0000e+00
      5.234      0.029   379.0225    12.0351     95.857 9.1460e+00     15.634     25.260  15.439667     5.6570     3.2231     5.5635   999.9899      7.448      5.135 0.0000e+00
      5.242      0.027   379.0754    11.9812     96.020 9.1271e+00     15.634     25.242  15.428141     5.5520     3.1594     5.5619   999.9900      7.459      5.143 0.0000e+00
