Data/DataNotYetUploadedToEDI/Raw_CTD/RawDownloads/030926_FCR_10_S7809003.cnv
* Sea-Bird SBE19plus  Data File:
* FileName = C:\R\Reservoirs\Data\DataNotYetUploadedToEDI\Raw_CTD\RawDownloads\051126_FCR_50_S7809_0003.hex
* Software version 2.8.0.119
* Temperature SN = 7809
* Conductivity SN = 7809
* System UpLoad Time = May 11 2026 15:29:40
* <ApplicationData>
* <Seaterm232>
# nquan = 15
# nvalues = 780                         
# units = specified
# name 0 = depFM: Depth [fresh water, m]
# name 1 = dz/dtM: Descent Rate [m/s]
# name 2 = sbeox0Mg/L: Oxygen, SBE 43 [mg/l]
# name 3 = sbeox0PS: Oxygen, SBE 43 [% saturation]
# name 4 = specc: Specific Conductance [uS/cm]
# name 5 = c0uS/cm: Conductivity [uS/cm]
# name 6 = flECO-AFL: Fluorescence, WET Labs ECO-AFL/FL [mg/m^3]
# name 7 = ph: pH
# name 8 = orp: Oxidation Reduction Potential [mV]
# name 9 = par/sat/log: PAR/Logarithmic, Satlantic
# name 10 = turbWETntu0: Turbidity, WET Labs ECO [NTU]
# name 11 = prdM: Pressure, Strain Gauge [db]
# name 12 = prdE: Pressure, Strain Gauge [psi]
# name 13 = tv290C: Temperature [ITS-90, deg C]
# name 14 = flag:  0.000e+00
# span 0 =     -0.620,      1.436       
# span 1 =     -0.026,      0.149       
# span 2 =     6.7780,    10.8118       
# span 3 =     63.070,    100.205       
# span 4 =      2.459,     38.561       
# span 5 =   1.820842,  28.646382       
# span 6 =    -0.0815,    46.6596       
# span 7 =      9.225,      9.710       
# span 8 = -1240.7452,   155.3423       
# span 9 = 2.3421e+01, 2.2772e+03       
# span 10 =     2.2936,   312.9882      
# span 11 =     -0.608,      1.409      
# span 12 =     -0.882,      2.044      
# span 13 =    10.3968,    12.1949      
# span 14 = 0.0000e+00, 0.0000e+00      
# interval = seconds: 0.25
# start_time = Mar 09 2026 10:57:44 [Instrument's time stamp, header]
# bad_flag = -9.990e-29
*END*
[from data line 97]
      0.020     -0.007     8.1290     74.634     38.258  28.367278     1.1248      9.500   127.1235 7.3126e+01     4.0046      0.020      0.030    12.0747 0.0000e+00
      0.016     -0.007     8.0925     74.822     38.242  28.355641     1.1211      9.501   127.2512 7.5078e+01     3.9453      0.014      0.021    12.0735 0.0000e+00
      0.014     -0.006     8.0625     75.310     38.225  28.343061     1.0923      9.503   127.4334 7.4566e+01     3.8151      0.012      0.017    12.0724 0.0000e+00
      0.014     -0.005     8.0330     76.085     38.223  28.342021     1.0850      9.505   127.6054 7.3394e+01     3.7967      0.012      0.018    12.0714 0.0000e+00
      0.015     -0.004     8.0178     77.115     38.224  28.343070     1.1070      9.506   127.7826 7.2810e+01     3.8936      0.015      0.022    12.0710 0.0000e+00
      0.015     -0.004     8.0387     78.300     38.241  28.355746     1.1180      9.508   128.0275 7.2798e+01     3.9623      0.016      0.023    12.0707 0.0000e+00
      0.013     -0.005     8.0918     79.501     38.259  28.368422     1.0922      9.509   128.2434 7.3825e+01     3.9446      0.014      0.020    12.0712 0.0000e+00
      0.010     -0.005     8.1748     80.558     38.259  28.369479     1.0454      9.510   128.4135 7.5231e+01     3.8496      0.010      0.014    12.0719 0.0000e+00
      0.006     -0.005     8.2907     81.369     38.257  28.368534     1.0269      9.511   128.6212 7.6135e+01     3.8046      0.006      0.008    12.0720 0.0000e+00
      0.005     -0.004     8.4220     81.849     38.241  28.357002     1.0426      9.513   128.9485 7.6562e+01     3.8443      0.005      0.007    12.0719 0.0000e+00
      0.006     -0.002     8.5597     81.931     38.240  28.356899     1.0527      9.515   129.2732 7.6664e+01     3.8517      0.006      0.008    12.0717 0.0000e+00
      0.007     -0.000     8.6759     81.670     38.254  28.367288     1.0489      9.517   129.3635 7.6882e+01     3.8596      0.006      0.010    12.0722 0.0000e+00
      0.008 -3.742e-08     8.7652     81.155     38.238  28.355754     1.0469      9.518   129.3525 7.6896e+01     3.9061      0.008      0.012    12.0731 0.0000e+00
      0.008 -4.116e-07     8.8229     80.476     38.223  28.344307     1.0530      9.520   129.3980 7.6792e+01     3.9353      0.008      0.012    12.0735 0.0000e+00
      0.007 -3.909e-08     8.8258     79.751     38.238  28.355743     1.0652      9.521   129.4839 7.6829e+01     3.9395      0.007      0.010    12.0740 0.0000e+00
      0.005      0.000     8.7956     79.085     38.253  28.367172     1.0858      9.522   129.6161 7.6875e+01     3.8887      0.005      0.007    12.0743 0.0000e+00
      0.005      0.000     8.7368     78.514     38.237  28.355631     1.1354      9.524   129.7913 7.6890e+01     3.8672      0.004      0.006    12.0745 0.0000e+00
      0.006      0.001     8.6590     78.040     38.219  28.343059     1.1822      9.524   130.0538 7.6203e+01     3.9188      0.006      0.009    12.0745 0.0000e+00
      0.007      0.001     8.5763     77.675     38.218  28.342019     1.1776      9.525   130.3813 7.5680e+01     3.8641      0.007      0.011    12.0745 0.0000e+00
      0.009      0.001     8.5034     77.383     38.220  28.343059     1.1386      9.527   130.5678 7.5768e+01     3.7526      0.009      0.012    12.0750 0.0000e+00
      0.009      0.001     8.4435     77.141     38.237  28.355630     1.1014      9.529   130.5885 7.5578e+01     3.7653      0.009      0.013    12.0758 0.0000e+00
      0.008      0.001     8.3892     76.933     38.252  28.367162     1.0941      9.531   130.6314 7.5517e+01     3.8468      0.008      0.012    12.0762 0.0000e+00
      0.008      0.001     8.3538     76.730     38.236  28.355630     1.1091      9.531   130.7419 7.5505e+01     3.9185      0.007      0.010    12.0764 0.0000e+00
      0.008      0.001     8.3225     76.535     38.218  28.343059     1.1071      9.531   130.8916 7.5286e+01     3.9146      0.008      0.011    12.0760 0.0000e+00
      0.009      0.001     8.2963     76.337     38.217  28.342019     1.0861      9.532   130.9793 7.4921e+01     3.8683      0.009      0.012    12.0761 0.0000e+00
      0.010      0.001     8.2766     76.096     38.219  28.343059     1.0723      9.534   131.0274 7.4554e+01     3.8718      0.010      0.014    12.0764 0.0000e+00
      0.010      0.002     8.2532     75.816     38.236  28.355630     1.0809      9.535   131.2154 7.4595e+01     3.8882      0.010      0.015    12.0767 0.0000e+00
      0.010      0.002     8.2322     75.541     38.251  28.367162     1.0993      9.537   131.3595 7.4450e+01     3.8608      0.010      0.015    12.0771 0.0000e+00
      0.010      0.002     8.2139     75.257     38.235  28.355630     1.0951      9.539   131.3928 7.4505e+01     3.7795      0.010      0.014    12.0775 0.0000e+00
      0.010      0.002     8.1878     74.943     38.217  28.343059     1.0805      9.540   131.5322 7.4833e+01     3.7937      0.009      0.013    12.0777 0.0000e+00
      0.011      0.002     8.1541     74.630     38.215  28.342029     1.0890      9.541   131.6682 7.4354e+01     3.8961      0.011      0.016    12.0776 0.0000e+00
      0.013      0.001     8.1260     74.332     38.217  28.343173     1.1052      9.542   131.7469 7.4169e+01     3.8898      0.013      0.019    12.0775 0.0000e+00
      0.013      0.000     8.0974     74.031     38.235  28.356888     1.1097      9.544   131.8815 7.4384e+01     3.8211      0.013      0.019    12.0779 0.0000e+00
      0.013 4.5076e-07     8.0610     73.748     38.267  28.381000     1.1191      9.546   132.0052 7.4239e+01     3.8169      0.013      0.018    12.0789 0.0000e+00
      0.012      0.000     8.0260     73.489     38.267  28.380991     1.1441      9.547   132.0380 7.4058e+01     3.8721      0.012      0.017    12.0794 0.0000e+00
      0.010      0.000     7.9967     73.195     38.235  28.356784     1.1713      9.547   132.1062 7.3579e+01     3.9084      0.010      0.015    12.0796 0.0000e+00
      0.010      0.001     7.9625     72.896     38.215  28.342029     1.1725      9.549   132.2269 7.2931e+01     3.8458      0.010      0.014    12.0796 0.0000e+00
      0.011      0.002     7.9296     72.642     38.198  28.329448     1.1504      9.551   132.2929 7.2093e+01     3.7645      0.010      0.015    12.0797 0.0000e+00
      0.012      0.003     7.9082     72.404     38.202  28.331528     1.1290      9.551   132.3880 7.1207e+01     3.7799      0.012      0.017    12.0798 0.0000e+00
      0.014      0.004     7.8735     72.177     38.250  28.367174     1.1295      9.551   132.5165 7.0782e+01     3.8609      0.014      0.020    12.0798 0.0000e+00
      0.016      0.004     7.8372     72.002     38.267  28.379866     1.1569      9.552   132.6417 7.0657e+01     3.9238      0.015      0.022    12.0797 0.0000e+00
      0.016      0.004     7.8141     71.877     38.237  28.358135     1.1684      9.554   132.7834 7.0801e+01     3.8913      0.016      0.023    12.0794 0.0000e+00
      0.017      0.003     7.7885     71.771     38.236  28.358135     1.1528      9.555   132.8532 7.1093e+01     3.8435      0.017      0.024    12.0785 0.0000e+00
      0.018      0.002     7.7610     71.652     38.265  28.379866     1.1516      9.556   132.9698 7.0967e+01     3.8929      0.017      0.025    12.0778 0.0000e+00
      0.018      0.002     7.7430     71.483     38.247  28.367173     1.1616      9.557   133.0753 7.0559e+01     3.9079      0.017      0.025    12.0780 0.0000e+00
      0.018      0.002     7.7310     71.259     38.199  28.331517     1.1654      9.557   132.7522 7.0248e+01     3.8189      0.018      0.026    12.0787 0.0000e+00
      0.019      0.002     7.7200     71.003     38.196  28.329323     1.1644      9.559   132.1598 6.9735e+01     3.7734      0.019      0.028    12.0797 0.0000e+00
      0.019      0.002     7.7096     70.723     38.211  28.340657     1.1496      9.561   131.7643 6.9213e+01     3.8362      0.019      0.028    12.0804 0.0000e+00
      0.020      0.002     7.6910     70.397     38.212  28.341688     1.1370      9.561   131.4969 6.9060e+01     3.9295      0.020      0.029    12.0810 0.0000e+00
      0.020      0.002     7.6657     70.049     38.211  28.341792     1.1204      9.562   131.2503 6.9014e+01     3.9100      0.020      0.029    12.0816 0.0000e+00
      0.021      0.002     7.6371     69.727     38.211  28.341914     1.0896      9.563   131.2771 6.9031e+01     3.8064      0.020      0.029    12.0819 0.0000e+00
      0.021      0.002     7.6092     69.406     38.212  28.343162     1.0728      9.564   131.5631 6.9160e+01     3.8037      0.021      0.030    12.0822 0.0000e+00
      0.021      0.002     7.5732     69.086     38.230  28.356887     1.0745      9.565   131.8686 6.9204e+01     3.8436      0.021      0.030    12.0825 0.0000e+00
      0.022      0.002     7.5313     68.793     38.261  28.381000     1.1194      9.565   132.1320 6.9262e+01     3.8449      0.021      0.031    12.0829 0.0000e+00
      0.023      0.002     7.5003     68.510     38.261  28.381000     1.1909      9.566   132.3387 6.9079e+01     3.8529      0.022      0.032    12.0835 0.0000e+00
      0.023      0.001     7.4657     68.237     38.229  28.356896     1.2060      9.568   132.4752 6.8819e+01     3.8040      0.023      0.033    12.0841 0.0000e+00
      0.023      0.001     7.4277     67.988     38.210  28.343276     1.1944      9.569   132.5771 6.8863e+01     3.8003      0.023      0.033    12.0846 0.0000e+00
      0.023      0.001     7.3994     67.747     38.209  28.343172     1.2002      9.570   132.7101 6.8735e+01     3.9108      0.023      0.033    12.0849 0.0000e+00
      0.023      0.001     7.3679     67.498     38.226  28.355639     1.1936      9.571   132.8799 6.8700e+01     3.9442      0.023      0.033    12.0855 0.0000e+00
      0.024      0.001     7.3372     67.243     38.241  28.367161     1.1725      9.572   133.0809 6.8822e+01     3.8972      0.023      0.034    12.0859 0.0000e+00
      0.024      0.001     7.3120     66.997     38.225  28.355629     1.1528      9.572   133.1619 6.8820e+01     3.8547      0.024      0.035    12.0863 0.0000e+00
      0.024      0.001     7.2863     66.768     38.207  28.343058     1.1558      9.573   132.9988 6.8975e+01     3.8406      0.024      0.035    12.0867 0.0000e+00
      0.024      0.001     7.2594     66.537     38.206  28.342018     1.1755      9.575   132.7429 6.8967e+01     3.8629      0.024      0.034    12.0870 0.0000e+00
      0.024      0.001     7.2315     66.302     38.207  28.343058     1.1747      9.576   132.5634 6.8800e+01     3.8508      0.024      0.034    12.0874 0.0000e+00
      0.025      0.001     7.2036     66.077     38.223  28.355629     1.1542      9.577   132.5489 6.8753e+01     3.7964      0.024      0.035    12.0879 0.0000e+00
      0.025      0.001     7.1812     65.857     38.238  28.367161     1.1605      9.577   132.6542 6.8628e+01     3.8200      0.025      0.036    12.0884 0.0000e+00
      0.026      0.001     7.1559     65.632     38.222  28.355628     1.2007      9.578   132.8041 6.8690e+01     3.9324      0.025      0.036    12.0889 0.0000e+00
      0.026      0.001     7.1292     65.415     38.205  28.343047     1.2241      9.580   132.9848 6.8925e+01     3.9250      0.025      0.036    12.0890 0.0000e+00
      0.026      0.000     7.1060     65.219     38.203  28.341903     1.2106      9.580   133.2042 6.9015e+01     3.7990      0.025      0.037    12.0893 0.0000e+00
      0.026 1.5143e-08     7.0823     65.023     38.202  28.341789     1.1875      9.580   133.4779 6.9006e+01     3.8092      0.025      0.037    12.0898 0.0000e+00
      0.026 1.6657e-07     7.0582     64.818     38.202  28.341676     1.1775      9.581   133.7119 6.8876e+01     3.9465      0.025      0.037    12.0903 0.0000e+00
      0.026 -2.168e-07     7.0328     64.613     38.200  28.340541     1.1808      9.581   133.7965 6.8709e+01     4.0238      0.025      0.036    12.0906 0.0000e+00
      0.026      0.000     7.0140     64.399     38.183  28.328065     1.1782      9.582   133.8999 6.8790e+01     3.9591      0.025      0.036    12.0910 0.0000e+00
      0.026      0.000     6.9928     64.190     38.169  28.317677     1.1623      9.584   134.1012 6.9057e+01     3.8126      0.026      0.037    12.0914 0.0000e+00
      0.026     -0.001     6.9696     64.008     38.201  28.341799     1.1556      9.586   134.2516 6.8942e+01     3.7899      0.026      0.037    12.0917 0.0000e+00
      0.026     -0.001     6.9487     63.828     38.233  28.366016     1.1721      9.587   134.3408 6.8528e+01     3.8899      0.026      0.038    12.0919 0.0000e+00
      0.026      0.000     6.9252     63.629     38.221  28.356771     1.1777      9.588   134.4921 6.8294e+01     3.8929      0.027      0.039    12.0922 0.0000e+00
      0.024      0.001     6.9006     63.449     38.221  28.356875     1.1492      9.588   134.7049 6.8249e+01     3.7925      0.024      0.035    12.0925 0.0000e+00
      0.023      0.000     6.8826     63.305     38.235  28.367273     1.1265      9.588   134.7619 6.7751e+01     3.7698      0.021      0.031    12.0926 0.0000e+00
      0.025     -0.002     6.8658     63.184     38.220  28.355638     1.1451      9.589   134.7516 6.6581e+01     3.8233      0.025      0.036    12.0927 0.0000e+00
      0.029     -0.006     6.8403     63.089     38.205  28.343048     1.1829      9.589   134.8384 6.5708e+01     3.8245      0.030      0.043    12.0931 0.0000e+00
      0.029     -0.011     6.8214     63.070     38.208  28.341903     1.1831      9.590   134.9513 6.5982e+01     3.7842      0.030      0.044    12.0932 0.0000e+00
      0.025     -0.016     6.8062     63.407     38.215  28.341790     1.1817      9.591   135.0840 6.8081e+01     3.8152      0.026      0.036    12.0926 0.0000e+00
      0.016     -0.021     6.7947     64.963     38.223  28.341678     1.2162      9.592   135.2377 7.1201e+01     3.9251      0.016      0.023    12.0919 0.0000e+00
      0.008     -0.024     6.7808     68.479     38.231  28.340534     1.2332      9.594   135.3476 7.4102e+01     3.9853      0.007      0.011    12.0917 0.0000e+00
      0.001     -0.024     6.7784     73.574     38.222  28.327953     1.2381      9.594   135.3796 7.6771e+01     3.9284      0.001      0.001    12.0874 0.0000e+00
     -0.005     -0.023     6.7780     79.405     38.210  28.316421     1.2334      9.594   135.4531 7.8760e+01     3.8175     -0.005     -0.007    12.0800 0.0000e+00
     -0.010     -0.020     6.8959     85.248     38.227  28.327954     1.2189      9.595   135.5475 7.9796e+01     3.8064     -0.010     -0.015    12.0722 0.0000e+00
     -0.015     -0.018     7.3106     90.496     38.244  28.340535     1.2201      9.596   135.6614 8.0138e+01     3.8961     -0.014     -0.021    12.0611 0.0000e+00
     -0.019     -0.018     7.8933     94.765     38.246  28.341678     1.2148      9.596   135.7979 8.0195e+01     3.9113     -0.019     -0.027    12.0525 0.0000e+00
     -0.022     -0.018     8.5463     97.864     38.245  28.341781     1.1879      9.597   135.8204 8.0805e+01     3.8203     -0.021     -0.030    12.0494 0.0000e+00
     -0.027     -0.018     9.2011     99.659     38.242  28.341781     1.1610      9.597   135.6753 8.2290e+01     3.7518     -0.025     -0.037    12.0499 0.0000e+00
     -0.033     -0.017     9.7786    100.205     38.240  28.341678     1.1565      9.597   135.3343 8.3428e+01     3.8001     -0.032     -0.047    12.0499 0.0000e+00
     -0.038     -0.016    10.2445     99.954     38.239  28.340535     1.1655      9.598   135.0527 8.4332e+01     3.8926     -0.037     -0.054    12.0479 0.0000e+00
     -0.042     -0.015    10.5821     99.363     38.224  28.327964     1.1628      9.599   134.9381 8.5953e+01     3.8798     -0.042     -0.061    12.0493 0.0000e+00
