Data/DataNotYetUploadedToEDI/Raw_CTD/RawDownloads/030926_fcr30_S7809005.cnv
* Sea-Bird SBE19plus  Data File:
* FileName = C:\R\Reservoirs\Data\DataNotYetUploadedToEDI\Raw_CTD\RawDownloads\051126_FCR_50_S7809_0005.hex
* Software version 2.8.0.119
* Temperature SN = 7809
* Conductivity SN = 7809
* System UpLoad Time = May 11 2026 15:30:41
* <ApplicationData>
* <Seaterm232>
# nquan = 15
# nvalues = 906                         
# units = specified
# name 0 = depFM: Depth [fresh water, m]
# name 1 = dz/dtM: Descent Rate [m/s]
# name 2 = sbeox0Mg/L: Oxygen, SBE 43 [mg/l]
# name 3 = sbeox0PS: Oxygen, SBE 43 [% saturation]
# name 4 = specc: Specific Conductance [uS/cm]
# name 5 = c0uS/cm: Conductivity [uS/cm]
# name 6 = flECO-AFL: Fluorescence, WET Labs ECO-AFL/FL [mg/m^3]
# name 7 = ph: pH
# name 8 = orp: Oxidation Reduction Potential [mV]
# name 9 = par/sat/log: PAR/Logarithmic, Satlantic
# name 10 = turbWETntu0: Turbidity, WET Labs ECO [NTU]
# name 11 = prdM: Pressure, Strain Gauge [db]
# name 12 = prdE: Pressure, Strain Gauge [psi]
# name 13 = tv290C: Temperature [ITS-90, deg C]
# name 14 = flag:  0.000e+00
# span 0 =     -0.617,      3.735       
# span 1 =     -0.071,      0.185       
# span 2 =     7.1552,    11.9902       
# span 3 =     66.921,    102.556       
# span 4 =      1.871,     39.275       
# span 5 =   1.415370,  29.197728       
# span 6 =    -0.0842,    35.2170       
# span 7 =      8.968,      9.972       
# span 8 =    17.2742,   163.1188       
# span 9 = 1.8432e+01, 8.6827e+02       
# span 10 =     1.9898,   413.5666      
# span 11 =     -0.606,      3.664      
# span 12 =     -0.880,      5.314      
# span 13 =     5.4523,    12.9919      
# span 14 = 0.0000e+00, 0.0000e+00      
# interval = seconds: 0.25
# start_time = Mar 09 2026 11:25:07 [Instrument's time stamp, header]
# bad_flag = -9.990e-29
*END*
[from data line 772]
      2.973      0.024    10.3752     83.130     38.713  23.892009     1.3121      9.831   126.0437 3.4983e+01     5.2212      2.914      4.227     5.8801 0.0000e+00
      2.980      0.024    10.3680     83.180     38.740  23.902877     1.3242      9.830   125.9680 3.4623e+01     5.1994      2.921      4.238     5.8768 0.0000e+00
      2.989      0.025    10.3684     83.244     38.730  23.891338     1.3520      9.830   125.9822 3.4315e+01     5.2695      2.932      4.253     5.8717 0.0000e+00
      2.996      0.027    10.3773     83.295     38.719  23.879326     1.3489      9.831   125.8717 3.4117e+01     5.2833      2.939      4.263     5.8649 0.0000e+00
      3.001      0.028    10.3842     83.307     38.736  23.884462     1.3367      9.830   125.7506 3.3942e+01     5.2297      2.942      4.267     5.8566 0.0000e+00
      3.007      0.025    10.3914     83.282     38.756  23.890019     1.3458      9.828   125.8086 3.3709e+01     5.2012      2.948      4.276     5.8487 0.0000e+00
      3.015      0.020    10.4033     83.260     38.757  23.883093     1.3680      9.827   125.9699 3.3473e+01     5.2124      2.957      4.288     5.8418 0.0000e+00
      3.023      0.018    10.4123     83.245     38.736  23.864132     1.3960      9.826   126.0664 3.3289e+01     5.2285      2.966      4.302     5.8352 0.0000e+00
      3.028      0.019    10.4161     83.190     38.716  23.850995     1.4022      9.826   126.1157 3.3301e+01     5.2259      2.973      4.313     5.8290 0.0000e+00
      3.027      0.022    10.4125     83.118     38.715  23.851090     1.3932      9.826   126.0489 3.3493e+01     5.2833      2.970      4.308     5.8207 0.0000e+00
      3.026      0.026    10.4114     83.104     38.738  23.865274     1.4030      9.826   125.8609 3.3473e+01     5.3752      2.963      4.297     5.8088 0.0000e+00
      3.033      0.029    10.4172     83.163     38.791  23.895661     1.4128      9.825   125.8209 3.3093e+01     5.4146      2.970      4.308     5.7999 0.0000e+00
      3.048      0.032    10.4090     83.271     38.809  23.901426     1.3865      9.823   125.9968 3.2638e+01     5.3501      2.990      4.335     5.7996 0.0000e+00
      3.063      0.035    10.3931     83.346     38.769  23.871553     1.3353      9.822   126.1805 3.2391e+01     5.2109      3.007      4.361     5.8021 0.0000e+00
      3.072      0.035    10.3923     83.335     38.746  23.851543     1.3174      9.821   126.2353 3.2328e+01     5.1995      3.014      4.372     5.8042 0.0000e+00
      3.076      0.033    10.4006     83.334     38.753  23.849724     1.3369      9.821   126.2294 3.2262e+01     5.2809      3.016      4.375     5.8007 0.0000e+00
      3.080      0.028    10.4192     83.360     38.763  23.849555     1.3461      9.821   126.2804 3.2129e+01     5.2734      3.020      4.380     5.7917 0.0000e+00
      3.088      0.024    10.4388     83.344     38.773  23.849499     1.3293      9.820   126.3366 3.1919e+01     5.2790      3.027      4.391     5.7852 0.0000e+00
      3.098      0.020    10.4272     83.291     38.778  23.849041     1.3163      9.819   126.3931 3.1694e+01     5.3826      3.038      4.407     5.7786 0.0000e+00
      3.105      0.017    10.4300     83.226     38.770  23.844009     1.3309      9.818   126.3607 3.1561e+01     5.4327      3.045      4.417     5.7704 0.0000e+00
      3.109      0.012    10.4429     83.177     38.778  23.852069     1.3386      9.818   126.2023 3.1516e+01     5.3380      3.049      4.422     5.7616 0.0000e+00
      3.109      0.008    10.4391     83.153     38.824  23.883086     1.3184      9.817   126.1996 3.1538e+01     5.1941      3.050      4.423     5.7535 0.0000e+00
      3.107      0.007    10.4339     83.091     38.852  23.901953     1.3038      9.816   126.3283 3.1611e+01     5.1957      3.046      4.420     5.7480 0.0000e+00
      3.106      0.008    10.4253     83.009     38.831  23.889951     1.3193      9.815   126.3812 3.1639e+01     5.3238      3.045      4.417     5.7480 0.0000e+00
      3.108      0.012    10.4138     82.951     38.790  23.864803     1.3319      9.814   126.3224 3.1544e+01     5.3428      3.047      4.419     5.7536 0.0000e+00
      3.113      0.018    10.4171     82.841     38.769  23.851554     1.3141      9.813   126.2196 3.1368e+01     5.2879      3.052      4.427     5.7576 0.0000e+00
      3.118      0.025    10.4081     82.721     38.778  23.856587     1.2955      9.812   126.1716 3.1173e+01     5.2764      3.058      4.435     5.7591 0.0000e+00
      3.124      0.031    10.3884     82.657     38.789  23.862238     1.2977      9.811   126.1713 3.0933e+01     5.2714      3.063      4.442     5.7603 0.0000e+00
      3.134      0.035    10.3949     82.613     38.785  23.856463     1.3161      9.810   126.1298 3.0642e+01     5.3299      3.073      4.458     5.7601 0.0000e+00
      3.146      0.036    10.3736     82.621     38.785  23.850174     1.3101      9.810   126.1007 3.0345e+01     5.3685      3.085      4.475     5.7594 0.0000e+00
      3.157      0.036    10.3538     82.717     38.795  23.849607     1.2666      9.810   126.1647 3.0075e+01     5.2940      3.096      4.490     5.7595 0.0000e+00
      3.168      0.034    10.3524     82.816     38.804  23.849607     1.2560      9.809   126.2146 2.9915e+01     5.2832      3.109      4.508     5.7592 0.0000e+00
      3.175      0.031    10.3444     82.861     38.809  23.850165     1.2819      9.808   126.1880 2.9785e+01     5.3399      3.115      4.518     5.7549 0.0000e+00
      3.181      0.029    10.3439     82.897     38.822  23.856350     1.3055      9.808   126.1009 2.9624e+01     5.3309      3.119      4.524     5.7454 0.0000e+00
      3.187      0.029    10.3646     82.897     38.835  23.860972     1.3241      9.807   126.0218 2.9492e+01     5.2773      3.126      4.534     5.7357 0.0000e+00
      3.194      0.029    10.3848     82.825     38.814  23.842629     1.3165      9.806   126.0056 2.9327e+01     5.2715      3.132      4.541     5.7280 0.0000e+00
      3.201      0.030    10.3826     82.723     38.793  23.824810     1.3052      9.804   125.9919 2.9140e+01     5.3290      3.139      4.552     5.7246 0.0000e+00
      3.210      0.030    10.3923     82.600     38.817  23.835764     1.2947      9.803   125.9415 2.8979e+01     5.2897      3.148      4.565     5.7250 0.0000e+00
      3.219      0.029    10.3960     82.452     38.842  23.848239     1.2647      9.803   125.9982 2.8825e+01     5.1726      3.157      4.579     5.7208 0.0000e+00
      3.228      0.028    10.3844     82.302     38.847  23.848806     1.2587      9.803   126.0750 2.8697e+01     5.2110      3.165      4.591     5.7122 0.0000e+00
      3.234      0.026    10.3743     82.162     38.839  23.842620     1.2722      9.802   126.0095 2.8611e+01     5.3444      3.172      4.601     5.7054 0.0000e+00
      3.239      0.024    10.3611     82.043     38.831  23.836864     1.2700      9.802   125.9813 2.8538e+01     5.3508      3.176      4.606     5.7009 0.0000e+00
      3.244      0.023    10.3410     81.937     38.841  23.842621     1.2654      9.801   125.9918 2.8412e+01     5.2547      3.181      4.613     5.6973 0.0000e+00
      3.249      0.023    10.3237     81.839     38.851  23.848806     1.2661      9.800   125.9650 2.8234e+01     5.2069      3.187      4.622     5.6942 0.0000e+00
      3.255      0.024    10.3048     81.764     38.851  23.848239     1.2701      9.799   125.9152 2.8091e+01     5.2508      3.192      4.629     5.6926 0.0000e+00
      3.261      0.027    10.2914     81.721     38.830  23.835764     1.2803      9.797   125.8199 2.7950e+01     5.3077      3.198      4.638     5.6919 0.0000e+00
      3.268      0.031    10.2787     81.690     38.812  23.824801     1.2819      9.797   125.6737 2.7751e+01     5.2797      3.205      4.648     5.6915 0.0000e+00
      3.276      0.033    10.2646     81.624     38.840  23.842517     1.2641      9.797   125.6100 2.7535e+01     5.2194      3.212      4.659     5.6911 0.0000e+00
      3.285      0.034    10.2561     81.499     38.869  23.859717     1.2486      9.796   125.6513 2.7263e+01     5.1933      3.221      4.672     5.6897 0.0000e+00
      3.296      0.033    10.2498     81.330     38.845  23.842517     1.2609      9.795   125.5712 2.6940e+01     5.2036      3.232      4.688     5.6906 0.0000e+00
      3.307      0.032    10.2504     81.155     38.824  23.824802     1.2881      9.794   125.4157 2.6722e+01     5.2411      3.244      4.706     5.6912 0.0000e+00
      3.316      0.030    10.2416     80.987     38.847  23.835764     1.3021      9.794   125.4057 2.6616e+01     5.2376      3.252      4.718     5.6915 0.0000e+00
      3.321      0.027    10.2262     80.829     38.869  23.848229     1.3140      9.794   125.5372 2.6511e+01     5.2636      3.257      4.724     5.6928 0.0000e+00
      3.326      0.023    10.2024     80.709     38.872  23.848682     1.3322      9.793   125.5432 2.6406e+01     5.3497      3.262      4.731     5.6885 0.0000e+00
      3.331      0.021    10.1827     80.657     38.863  23.841239     1.3470      9.791   125.3921 2.6301e+01     5.3908      3.266      4.737     5.6809 0.0000e+00
      3.336      0.021    10.1638     80.685     38.835  23.821649     1.3433      9.790   125.2589 2.6167e+01     5.3503      3.272      4.745     5.6762 0.0000e+00
      3.341      0.021    10.1410     80.775     38.805  23.802059     1.3204      9.789   125.0510 2.6000e+01     5.2361      3.277      4.754     5.6760 0.0000e+00
      3.347      0.021    10.1265     80.920     38.794  23.794625     1.3202      9.788   124.8571 2.5835e+01     5.2060      3.282      4.760     5.6754 0.0000e+00
      3.353      0.020    10.1179     81.105     38.797  23.795188     1.3407      9.787   124.8072 2.5733e+01     5.2598      3.288      4.769     5.6718 0.0000e+00
      3.358      0.019    10.1259     81.274     38.824  23.808862     1.3361      9.787   124.7918 2.5686e+01     5.2028      3.294      4.778     5.6686 0.0000e+00
      3.363      0.016    10.1364     81.406     38.869  23.833132     1.3139      9.787   124.7567 2.5633e+01     5.1666      3.298      4.785     5.6668 0.0000e+00
      3.367      0.013    10.1546     81.512     38.876  23.834961     1.3138      9.786   124.7276 2.5538e+01     5.2307      3.301      4.788     5.6671 0.0000e+00
      3.371      0.011    10.1824     81.592     38.872  23.830968     1.3183      9.784   124.6980 2.5435e+01     5.2265      3.306      4.794     5.6663 0.0000e+00
      3.373      0.011    10.2050     81.620     38.902  23.848272     1.3015      9.783   124.5703 2.5415e+01     5.1846      3.308      4.798     5.6616 0.0000e+00
      3.373      0.013    10.2219     81.569     38.912  23.853942     1.2779      9.783   124.4748 2.5460e+01     5.1683      3.308      4.798     5.6568 0.0000e+00
      3.374      0.017    10.2360     81.427     38.882  23.836105     1.2565      9.783   124.4898 2.5419e+01     5.1999      3.307      4.797     5.6538 0.0000e+00
      3.378      0.022    10.2478     81.258     38.862  23.822855     1.2593      9.782   124.4928 2.5226e+01     5.2940      3.310      4.801     5.6516 0.0000e+00
      3.386      0.027    10.2532     81.198     38.862  23.820559     1.2866      9.781   124.5112 2.4986e+01     5.3496      3.320      4.816     5.6500 0.0000e+00
      3.396      0.032    10.2472     81.196     38.846  23.808339     1.3045      9.780   124.4537 2.4778e+01     5.3592      3.331      4.832     5.6498 0.0000e+00
      3.406      0.034    10.2293     81.113     38.836  23.801937     1.3091      9.780   124.3147 2.4558e+01     5.3757      3.339      4.843     5.6510 0.0000e+00
      3.416      0.034    10.1956     80.987     38.842  23.806557     1.3174      9.780   124.2069 2.4324e+01     5.4467      3.350      4.858     5.6504 0.0000e+00
      3.426      0.033    10.1921     80.851     38.833  23.800792     1.3128      9.779   124.1825 2.4134e+01     5.5687      3.361      4.875     5.6462 0.0000e+00
      3.434      0.031    10.2081     80.714     38.828  23.795647     1.2786      9.776   124.1918 2.3984e+01     5.5872      3.368      4.885     5.6427 0.0000e+00
      3.440      0.031    10.1863     80.567     38.855  23.807761     1.2526      9.775   124.1471 2.3844e+01     5.4993      3.374      4.893     5.6429 0.0000e+00
      3.446      0.031    10.1729     80.376     38.884  23.820435     1.2652      9.776   124.1582 2.3701e+01     5.4965      3.379      4.902     5.6444 0.0000e+00
      3.454      0.031    10.1547     80.180     38.891  23.822051     1.2904      9.777   124.1543 2.3526e+01     5.5879      3.386      4.911     5.6442 0.0000e+00
      3.462      0.032    10.1362     79.981     38.900  23.827292     1.3076      9.775   124.0998 2.3312e+01     5.6480      3.395      4.924     5.6422 0.0000e+00
      3.471      0.033    10.1262     79.814     38.889  23.820393     1.3151      9.773   124.1022 2.3115e+01     5.6761      3.404      4.938     5.6362 0.0000e+00
      3.480      0.033    10.0971     79.764     38.862  23.802050     1.3059      9.772   124.0973 2.2947e+01     5.7224      3.413      4.950     5.6271 0.0000e+00
      3.489      0.033    10.0764     79.783     38.854  23.795752     1.2956      9.771   124.0403 2.2784e+01     5.7637      3.422      4.963     5.6235 0.0000e+00
      3.497      0.032    10.0508     79.781     38.876  23.807659     1.2827      9.771   124.0158 2.2639e+01     5.7327      3.430      4.975     5.6255 0.0000e+00
      3.504      0.032    10.0206     79.754     38.900  23.819179     1.2585      9.771   124.0583 2.2505e+01     5.6544      3.436      4.984     5.6254 0.0000e+00
      3.512      0.032    10.0207     79.763     38.888  23.808216     1.2519      9.770   124.0388 2.2351e+01     5.6373      3.445      4.996     5.6220 0.0000e+00
      3.521      0.033    10.0285     79.860     38.884  23.801927     1.2619      9.769   123.8653 2.2193e+01     5.6632      3.453      5.007     5.6213 0.0000e+00
      3.529      0.034    10.0279     79.996     38.898  23.806549     1.2962      9.769   123.6813 2.2021e+01     5.7276      3.460      5.019     5.6205 0.0000e+00
      3.537      0.035    10.0229     80.058     38.896  23.800680     1.3500      9.768   123.6217 2.1841e+01     5.8354      3.470      5.033     5.6150 0.0000e+00
      3.546      0.035    10.0211     80.035     38.895  23.794383     1.3630      9.767   123.5744 2.1667e+01     5.8733      3.477      5.043     5.6100 0.0000e+00
      3.556      0.036    10.0375     80.009     38.900  23.793815     1.3615      9.768   123.4533 2.1451e+01     5.9122      3.485      5.055     5.6055 0.0000e+00
      3.567      0.038    10.0627     79.995     38.906  23.793815     1.3818      9.768   123.3619 2.1273e+01     6.0676      3.500      5.076     5.6007 0.0000e+00
      3.576      0.040    10.0739     79.974     38.916  23.794383     1.3839      9.767   123.4156 2.1168e+01     6.2483      3.508      5.088     5.5945 0.0000e+00
      3.584      0.040    10.0645     79.916     38.935  23.800673     1.3621      9.765   123.4146 2.0985e+01     6.3551      3.512      5.094     5.5859 0.0000e+00
      3.595      0.039    10.0646     79.830     38.952  23.806448     1.3506      9.764   123.1783 2.0729e+01     6.4356      3.525      5.113     5.5818 0.0000e+00
      3.609      0.038    10.0644     79.802     38.951  23.800788     1.3876      9.762   122.9673 2.0506e+01     6.8810      3.539      5.134     5.5782 0.0000e+00
      3.619      0.036    10.0641     79.797     38.951  23.795643     1.4516      9.762   122.9278 2.0335e+01     7.6411      3.550      5.148     5.5699 0.0000e+00
      3.628      0.033    10.0629     79.740     38.979  23.807656     1.4824      9.762   122.8726 2.0192e+01     8.0082      3.558      5.160     5.5629 0.0000e+00
