Data/DataNotYetUploadedToEDI/Raw_CTD/RawDownloads/030926_fcr30_S7809005.cnv
* Sea-Bird SBE19plus  Data File:
* FileName = C:\R\Reservoirs\Data\DataNotYetUploadedToEDI\Raw_CTD\RawDownloads\051126_FCR_50_S7809_0005.hex
* Software version 2.8.0.119
* Temperature SN = 7809
* Conductivity SN = 7809
* System UpLoad Time = May 11 2026 15:30:41
* <ApplicationData>
* <Seaterm232>
# nquan = 15
# nvalues = 906                         
# units = specified
# name 0 = depFM: Depth [fresh water, m]
# name 1 = dz/dtM: Descent Rate [m/s]
# name 2 = sbeox0Mg/L: Oxygen, SBE 43 [mg/l]
# name 3 = sbeox0PS: Oxygen, SBE 43 [% saturation]
# name 4 = specc: Specific Conductance [uS/cm]
# name 5 = c0uS/cm: Conductivity [uS/cm]
# name 6 = flECO-AFL: Fluorescence, WET Labs ECO-AFL/FL [mg/m^3]
# name 7 = ph: pH
# name 8 = orp: Oxidation Reduction Potential [mV]
# name 9 = par/sat/log: PAR/Logarithmic, Satlantic
# name 10 = turbWETntu0: Turbidity, WET Labs ECO [NTU]
# name 11 = prdM: Pressure, Strain Gauge [db]
# name 12 = prdE: Pressure, Strain Gauge [psi]
# name 13 = tv290C: Temperature [ITS-90, deg C]
# name 14 = flag:  0.000e+00
# span 0 =     -0.617,      3.735       
# span 1 =     -0.071,      0.185       
# span 2 =     7.1552,    11.9902       
# span 3 =     66.921,    102.556       
# span 4 =      1.871,     39.275       
# span 5 =   1.415370,  29.197728       
# span 6 =    -0.0842,    35.2170       
# span 7 =      8.968,      9.972       
# span 8 =    17.2742,   163.1188       
# span 9 = 1.8432e+01, 8.6827e+02       
# span 10 =     1.9898,   413.5666      
# span 11 =     -0.606,      3.664      
# span 12 =     -0.880,      5.314      
# span 13 =     5.4523,    12.9919      
# span 14 = 0.0000e+00, 0.0000e+00      
# interval = seconds: 0.25
# start_time = Mar 09 2026 11:25:07 [Instrument's time stamp, header]
# bad_flag = -9.990e-29
*END*
[from data line 97]
     -0.006      0.003     8.3848     77.549     38.137  28.477326     1.2000      9.611   102.3043 1.0006e+02     4.5368     -0.007     -0.009    12.3281 0.0000e+00
     -0.002      0.005     8.3677     77.271     38.122  28.469315     1.1839      9.613   102.4612 9.8681e+01     4.4583     -0.002     -0.003    12.3257 0.0000e+00
      0.002      0.006     8.3470     76.930     38.132  28.479130     1.1896      9.615   102.6452 9.8218e+01     4.4981      0.003      0.005    12.3258 0.0000e+00
      0.005      0.006     8.3217     76.543     38.118  28.469143     1.2110      9.617   102.8092 9.8219e+01     4.6071      0.005      0.008    12.3289 0.0000e+00
      0.005      0.005     8.2937     76.145     38.127  28.475419     1.2097      9.620   102.9807 9.7959e+01     4.6150      0.005      0.007    12.3335 0.0000e+00
      0.005      0.003     8.2668     75.781     38.150  28.491582     1.1814      9.621   103.2561 9.7244e+01     4.5256      0.004      0.006    12.3371 0.0000e+00
      0.005      0.001     8.2276     75.506     38.131  28.474283     1.1775      9.622   103.5587 9.6874e+01     4.5506      0.005      0.007    12.3399 0.0000e+00
      0.006      0.001     8.1853     75.364     38.117  28.456547     1.2045      9.624   103.7998 9.7802e+01     4.6455      0.006      0.008    12.3411 0.0000e+00
      0.007      0.000     8.1413     75.349     38.146  28.467412     1.2162      9.627   104.0207 9.8911e+01     4.6474      0.007      0.010    12.3406 0.0000e+00
      0.007     -0.001     8.0999     75.405     38.176  28.478782     1.2021      9.629   104.2499 9.9131e+01     4.5730      0.007      0.011    12.3393 0.0000e+00
      0.006     -0.004     8.0697     75.505     38.173  28.467148     1.1836      9.631   104.4202 9.9539e+01     4.6001      0.006      0.009    12.3353 0.0000e+00
      0.006     -0.007     8.0550     75.644     38.165  28.453590     1.1845      9.632   104.5310 1.0020e+02     4.7710      0.006      0.008    12.3268 0.0000e+00
      0.005     -0.008     8.0606     75.824     38.159  28.441701     1.2041      9.634   104.6437 1.0065e+02     4.8627      0.005      0.007    12.3117 0.0000e+00
      0.002     -0.008     8.0699     76.114     38.179  28.450252     1.2041      9.636   104.7500 1.0166e+02     4.8205      0.002      0.003    12.2953 0.0000e+00
     -0.003     -0.006     8.0823     76.558     38.245  28.493542     1.1856      9.638   104.8690 1.0319e+02     4.7725     -0.003     -0.004    12.2828 0.0000e+00
     -0.008     -0.001     8.1010     77.122     38.287  28.521114     1.1798      9.640   105.0501 1.0272e+02     4.7951     -0.010     -0.014    12.2738 0.0000e+00
     -0.008      0.005     8.1170     77.746     38.303  28.529897     1.1915      9.642   105.3048 1.0025e+02     4.8546     -0.010     -0.014    12.2650 0.0000e+00
     -0.004      0.010     8.1478     78.320     38.315  28.536307     1.2111      9.643   105.5399 9.6396e+01     4.8433     -0.005     -0.006    12.2549 0.0000e+00
      0.002      0.013     8.1995     78.728     38.315  28.535182     1.2082      9.644   105.7416 9.1835e+01     4.7607      0.002      0.003    12.2482 0.0000e+00
      0.009      0.013     8.2614     78.910     38.290  28.516297     1.1981      9.645   105.9370 9.0746e+01     4.8117      0.010      0.014    12.2437 0.0000e+00
      0.014      0.011     8.3345     78.884     38.266  28.498260     1.2140      9.646   106.0957 9.2449e+01     5.0164      0.014      0.022    12.2394 0.0000e+00
      0.015      0.008     8.4011     78.705     38.279  28.507383     1.2259      9.649   106.2841 9.4034e+01     5.1179      0.016      0.023    12.2357 0.0000e+00
      0.014      0.005     8.4481     78.444     38.269  28.499744     1.2165      9.651   106.4933 9.4554e+01     5.0833      0.012      0.018    12.2339 0.0000e+00
      0.013      0.003     8.4660     78.189     38.228  28.469324     1.1836      9.654   106.6468 9.3881e+01     4.9392      0.011      0.017    12.2346 0.0000e+00
      0.014      0.002     8.4611     77.999     38.211  28.456727     1.1456      9.657   106.7629 9.2784e+01     4.7759      0.014      0.020    12.2344 0.0000e+00
      0.016      0.002     8.4401     77.874     38.236  28.474288     1.1392      9.658   106.8645 9.1936e+01     4.7829      0.016      0.024    12.2327 0.0000e+00
      0.018      0.002     8.4081     77.791     38.261  28.491365     1.1403      9.659   107.0152 9.2528e+01     4.8189      0.018      0.026    12.2322 0.0000e+00
      0.018      0.001     8.3777     77.735     38.237  28.472914     1.1253      9.660   107.2089 9.3622e+01     4.6987      0.018      0.026    12.2334 0.0000e+00
      0.017      0.000     8.3578     77.661     38.197  28.441486     1.1078      9.662   107.3139 9.3532e+01     4.5243      0.017      0.025    12.2342 0.0000e+00
      0.016      0.001     8.3464     77.562     38.183  28.428514     1.1109      9.662   107.3384 9.3568e+01     4.4876      0.017      0.025    12.2326 0.0000e+00
      0.015      0.002     8.3371     77.463     38.205  28.442924     1.1389      9.662   107.3323 9.3718e+01     4.5624      0.015      0.022    12.2297 0.0000e+00
      0.014      0.005     8.3344     77.349     38.267  28.488852     1.1458      9.664   107.3268 9.3101e+01     4.5739      0.013      0.019    12.2289 0.0000e+00
      0.016      0.010     8.3271     77.223     38.336  28.539828     1.1363      9.666   107.2718 9.2923e+01     4.5592      0.015      0.022    12.2286 0.0000e+00
      0.021      0.016     8.3142     77.092     38.353  28.551848     1.1493      9.669   107.1830 9.3186e+01     4.6231      0.020      0.029    12.2243 0.0000e+00
      0.025      0.022     8.3071     76.908     38.380  28.570743     1.1603      9.671   107.2859 9.4776e+01     4.6972      0.025      0.036    12.2192 0.0000e+00
      0.030      0.027     8.2944     76.634     38.389  28.578002     1.1623      9.672   107.4827 9.6621e+01     4.6694      0.029      0.043    12.2199 0.0000e+00
      0.038      0.028     8.2785     76.299     38.296  28.512766     1.1566      9.674   107.6706 9.5405e+01     4.5953      0.035      0.050    12.2217 0.0000e+00
      0.051      0.027     8.2680     75.914     38.245  28.479699     1.1414      9.676   107.8371 9.2674e+01     4.6552      0.050      0.071    12.2196 0.0000e+00
      0.061      0.025     8.2512     75.477     38.262  28.495343     1.1444      9.676   107.8608 9.0619e+01     4.7797      0.064      0.094    12.2177 0.0000e+00
      0.066      0.023     8.2189     75.036     38.283  28.511628     1.1427      9.677   107.9575 8.8792e+01     4.8019      0.064      0.094    12.2176 0.0000e+00
      0.067      0.019     8.1817     74.659     38.334  28.549741     1.1215      9.679   108.1452 8.7634e+01     4.8206      0.065      0.094    12.2231 0.0000e+00
      0.070      0.013     8.1409     74.386     38.368  28.575594     1.1135      9.680   108.3242 8.7285e+01     4.9033      0.067      0.098    12.2319 0.0000e+00
      0.074      0.006     8.0893     74.184     38.362  28.570496     1.1286      9.681   108.5721 8.6034e+01     4.9817      0.071      0.104    12.2358 0.0000e+00
      0.079      0.001     8.0411     74.009     38.337  28.551536     1.1545      9.682   108.8196 8.4080e+01     5.0512      0.079      0.115    12.2348 0.0000e+00
      0.081     -0.005     7.9969     73.809     38.317  28.536638     1.1675      9.685   108.9934 8.5215e+01     5.0609      0.082      0.120    12.2346 0.0000e+00
      0.077     -0.011     7.9709     73.584     38.290  28.517225     1.1703      9.687   109.0389 8.8236e+01     5.0307      0.077      0.111    12.2357 0.0000e+00
      0.069     -0.015     7.9502     73.370     38.275  28.507096     1.1793      9.689   109.1119 8.9738e+01     5.0285      0.068      0.098    12.2353 0.0000e+00
      0.061     -0.018     7.9335     73.111     38.319  28.541027     1.1938      9.689   109.1877 9.4464e+01     5.0339      0.060      0.087    12.2348 0.0000e+00
      0.055     -0.019     7.9146     72.794     38.326  28.546907     1.1949      9.690   109.1810 1.0210e+02     4.9244      0.053      0.077    12.2344 0.0000e+00
      0.052     -0.018     7.8832     72.474     38.283  28.514770     1.1676      9.691   109.3753 1.0450e+02     4.6616      0.049      0.072    12.2348 0.0000e+00
      0.051     -0.015     7.8675     72.160     38.308  28.533029     1.1394      9.692   109.6435 1.0226e+02     4.5555      0.051      0.074    12.2364 0.0000e+00
      0.048     -0.012     7.8392     71.883     38.369  28.577389     1.1371      9.693   109.8435 1.0073e+02     4.6318      0.050      0.072    12.2375 0.0000e+00
      0.042     -0.009     7.7999     71.678     38.409  28.607122     1.1393      9.695   110.0715 1.0155e+02     4.6274      0.041      0.059    12.2391 0.0000e+00
      0.038     -0.007     7.7681     71.504     38.449  28.638817     1.1248      9.696   110.2495 1.0293e+02     4.6044      0.035      0.051    12.2404 0.0000e+00
      0.038     -0.005     7.7328     71.348     38.448  28.643463     1.1106      9.697   110.3611 1.0291e+02     4.6953      0.037      0.052    12.2392 0.0000e+00
      0.039     -0.003     7.7004     71.242     38.376  28.599869     1.1180      9.698   110.4750 1.0246e+02     4.8040      0.039      0.056    12.2370 0.0000e+00
      0.041     -0.001     7.6818     71.147     38.306  28.555745     1.1391      9.699   110.6802 1.0245e+02     4.8258      0.040      0.059    12.2366 0.0000e+00
      0.041 2.8956e-09     7.6646     71.017     38.297  28.553977     1.1251      9.700   110.8631 1.0184e+02     4.7195      0.042      0.060    12.2367 0.0000e+00
      0.039 3.1851e-08     7.6422     70.884     38.324  28.578495     1.0811      9.701   110.9658 1.0039e+02     4.5438      0.039      0.056    12.2443 0.0000e+00
      0.038 3.5036e-07     7.6311     70.758     38.343  28.598485     1.0657      9.702   111.1468 9.9380e+01     4.4774      0.036      0.053    12.2611 0.0000e+00
      0.038      0.000     7.6226     70.638     38.344  28.605393     1.0801      9.703   111.4173 9.8807e+01     4.5314      0.037      0.054    12.2730 0.0000e+00
      0.039      0.000     7.6035     70.535     38.329  28.598597     1.1137      9.705   111.6552 9.8065e+01     4.6163      0.038      0.055    12.2772 0.0000e+00
      0.041      0.001     7.5898     70.434     38.302  28.579746     1.1383      9.706   111.7863 9.7324e+01     4.6836      0.040      0.058    12.2812 0.0000e+00
      0.041      0.001     7.5748     70.329     38.287  28.567752     1.1283      9.706   111.8841 9.6827e+01     4.7310      0.041      0.060    12.2902 0.0000e+00
      0.040      0.001     7.5585     70.216     38.305  28.580428     1.1254      9.706   112.1492 9.6467e+01     4.8132      0.040      0.057    12.3002 0.0000e+00
      0.040      0.001     7.5490     70.096     38.339  28.606157     1.1453      9.707   112.4111 9.6492e+01     5.0634      0.039      0.056    12.3057 0.0000e+00
      0.040      0.001     7.5368     69.969     38.363  28.625123     1.1693      9.709   112.4694 9.6963e+01     5.4328      0.039      0.057    12.3064 0.0000e+00
      0.041      0.002     7.5271     69.803     38.353  28.619460     1.1820      9.709   112.5952 9.7574e+01     5.6240      0.040      0.058    12.3043 0.0000e+00
      0.042      0.003     7.5151     69.594     38.327  28.601123     1.1748      9.710   112.7280 9.7932e+01     5.7021      0.041      0.060    12.3027 0.0000e+00
      0.043      0.003     7.5008     69.359     38.315  28.593694     1.1818      9.712   112.7843 9.7454e+01     5.7285      0.042      0.061    12.3032 0.0000e+00
      0.044      0.003     7.4902     69.136     38.314  28.593070     1.1997      9.713   112.9323 9.6695e+01     5.5675      0.043      0.063    12.3050 0.0000e+00
      0.045      0.003     7.4710     68.959     38.314  28.593580     1.2004      9.714   113.0548 9.6846e+01     5.4290      0.044      0.064    12.3073 0.0000e+00
      0.045      0.003     7.4479     68.774     38.322  28.599866     1.1906      9.715   113.1467 9.7120e+01     5.4198      0.044      0.063    12.3093 0.0000e+00
      0.045      0.003     7.4220     68.558     38.330  28.605643     1.1719      9.716   113.2685 9.6621e+01     5.3202      0.043      0.063    12.3106 0.0000e+00
      0.046      0.003     7.3936     68.350     38.321  28.599999     1.1572      9.716   113.3231 9.5830e+01     5.1122      0.045      0.065    12.3116 0.0000e+00
      0.047      0.003     7.3796     68.149     38.314  28.595056     1.1467      9.716   113.3773 9.4817e+01     4.9205      0.046      0.067    12.3121 0.0000e+00
      0.048      0.002     7.3610     67.940     38.333  28.609304     1.1278      9.717   113.4929 9.4387e+01     4.7789      0.047      0.070    12.3124 0.0000e+00
      0.049     -0.001     7.3339     67.724     38.382  28.645411     1.1285      9.719   113.6028 9.4489e+01     4.7658      0.050      0.073    12.3129 0.0000e+00
      0.049     -0.004     7.3130     67.500     38.387  28.651049     1.1634      9.720   113.7589 9.4380e+01     4.7287      0.048      0.071    12.3132 0.0000e+00
      0.048     -0.007     7.2923     67.290     38.246  28.550620     1.1996      9.721   114.0040 9.5728e+01     4.6035      0.046      0.067    12.3140 0.0000e+00
      0.046     -0.009     7.2686     67.084     38.024  28.382570     1.2088      9.722   114.1571 9.7354e+01     4.5844      0.046      0.066    12.3143 0.0000e+00
      0.042     -0.010     7.2476     66.921     37.910  28.268310     1.1920      9.722   114.2332 9.6524e+01     4.5659      0.042      0.061    12.3134 0.0000e+00
      0.037     -0.008     7.2206     67.204     37.951  28.247350     1.1715      9.723   114.3219 9.6110e+01     4.5158      0.036      0.051    12.3125 0.0000e+00
      0.034     -0.005     7.1987     68.869     38.027  28.255941     1.1601      9.725   114.3690 9.6816e+01     4.4913      0.033      0.048    12.3222 0.0000e+00
      0.034     -0.002     7.1746     72.565     38.053  28.245280     1.1460      9.727   114.4588 9.6103e+01     4.4403      0.032      0.046    12.3349 0.0000e+00
      0.034      0.002     7.1552     77.868     38.073  28.245265     1.1343      9.729   114.6330 9.5246e+01     4.4466      0.033      0.047    12.2953 0.0000e+00
      0.037      0.004     7.1553     83.772     38.097  28.255756     1.1436      9.729   114.8408 9.4397e+01     4.6016      0.036      0.053    12.2072 0.0000e+00
      0.040      0.005     7.3061     89.320     38.087  28.245265     1.1582      9.729   114.9064 9.3372e+01     4.8107      0.039      0.057    12.1391 0.0000e+00
      0.041      0.004     7.7390     93.904     38.088  28.245265     1.1524      9.730   114.8241 9.3584e+01     4.8231      0.041      0.059    12.1041 0.0000e+00
      0.041      0.003     8.3520     97.234     38.103  28.255758     1.1322      9.732   114.8779 9.4611e+01     4.6836      0.041      0.059    12.0874 0.0000e+00
      0.041      0.001     9.0281     99.117     38.090  28.245275     1.1471      9.732   115.0412 9.5393e+01     4.6268      0.041      0.059    12.0804 0.0000e+00
      0.041     -0.001     9.6475     99.555     38.091  28.245369     1.2001      9.732   115.1640 9.5245e+01     4.6483      0.041      0.059    12.0767 0.0000e+00
      0.041     -0.003    10.1477     98.946     38.107  28.256901     1.2227      9.732   115.3301 9.4440e+01     4.6712      0.040      0.058    12.0759 0.0000e+00
      0.041     -0.004    10.5148     97.907     38.109  28.257846     1.2044      9.734   115.5007 9.4031e+01     4.6302      0.040      0.058    12.0757 0.0000e+00
      0.040     -0.004    10.7212     96.915     38.109  28.256788     1.1779      9.736   115.5917 9.4466e+01     4.5967      0.040      0.058    12.0752 0.0000e+00
