Data/DataNotYetUploadedToEDI/Raw_CTD/RawDownloads/030926_FCR_40_S7809006.cnv
* Sea-Bird SBE19plus  Data File:
* FileName = C:\R\Reservoirs\Data\DataNotYetUploadedToEDI\Raw_CTD\RawDownloads\051126_FCR_50_S7809_0006.hex
* Software version 2.8.0.119
* Temperature SN = 7809
* Conductivity SN = 7809
* System UpLoad Time = May 11 2026 15:31:20
* <ApplicationData>
* <Seaterm232>
# nquan = 15
# nvalues = 1185                        
# units = specified
# name 0 = depFM: Depth [fresh water, m]
# name 1 = dz/dtM: Descent Rate [m/s]
# name 2 = sbeox0Mg/L: Oxygen, SBE 43 [mg/l]
# name 3 = sbeox0PS: Oxygen, SBE 43 [% saturation]
# name 4 = specc: Specific Conductance [uS/cm]
# name 5 = c0uS/cm: Conductivity [uS/cm]
# name 6 = flECO-AFL: Fluorescence, WET Labs ECO-AFL/FL [mg/m^3]
# name 7 = ph: pH
# name 8 = orp: Oxidation Reduction Potential [mV]
# name 9 = par/sat/log: PAR/Logarithmic, Satlantic
# name 10 = turbWETntu0: Turbidity, WET Labs ECO [NTU]
# name 11 = prdM: Pressure, Strain Gauge [db]
# name 12 = prdE: Pressure, Strain Gauge [psi]
# name 13 = tv290C: Temperature [ITS-90, deg C]
# name 14 = flag:  0.000e+00
# span 0 =     -0.613,      5.094       
# span 1 =     -0.025,      0.121       
# span 2 =     6.9852,    12.1627       
# span 3 =     65.707,    104.563       
# span 4 =      2.208,     40.725       
# span 5 =   1.599437,  28.813970       
# span 6 =     0.0278,     8.9874       
# span 7 =      9.028,     10.066       
# span 8 =  -102.1194,   135.8534       
# span 9 = 3.7136e-01, 1.9420e+03       
# span 10 =     2.4165,    77.6524      
# span 11 =     -0.602,      4.997      
# span 12 =     -0.872,      7.247      
# span 13 =     5.0315,    12.9110      
# span 14 = 0.0000e+00, 0.0000e+00      
# interval = seconds: 0.25
# start_time = Mar 09 2026 11:35:57 [Instrument's time stamp, header]
# bad_flag = -9.990e-29
*END*
[from data line 1157]
      5.086      0.007     9.2817     74.152     39.803  23.923774     1.4230      9.605   -60.1302 1.1648e+00     6.2141      4.988      7.234     5.0536 0.0000e+00
      5.088      0.006     9.3657     74.135     39.939  24.006054     1.4121      9.605   -60.6317 1.1351e+00     6.2236      4.988      7.237     5.0529 0.0000e+00
      5.088      0.004     9.4160     74.047     40.017  24.052061     1.4667      9.605   -61.2271 1.1054e+00     6.9589      4.989      7.238     5.0519 0.0000e+00
      5.088      0.002     9.4499     73.912     39.992  24.036129     1.5669      9.605   -61.8222 1.1061e+00     8.3410      4.989      7.237     5.0515 0.0000e+00
      5.088      0.001     9.4614     73.752     39.941  24.003673     1.6091      9.604   -62.4930 1.1279e+00     9.1002      4.990      7.237     5.0519 0.0000e+00
      5.088      0.001     9.4560     73.630     39.896  23.976712     1.5931      9.602   -63.3150 1.1248e+00     9.7504      4.990      7.237     5.0526 0.0000e+00
      5.089      0.001     9.4439     73.565     39.871  23.963814     1.6482      9.602   -64.1031 1.0988e+00    17.3988      4.990      7.238     5.0522 0.0000e+00
      5.089      0.001     9.4283     73.505     39.886  23.974549     1.7764      9.602   -64.7943 1.0805e+00    31.4808      4.991      7.239     5.0494 0.0000e+00
      5.090      0.002     9.4035     73.420     39.892  23.979683     1.8446      9.602   -65.9081 1.0769e+00    39.1067      4.991      7.239     5.0467 0.0000e+00
      5.090      0.002     9.3861     73.315     39.862  23.962470     1.8410      9.601   -67.6761 1.0717e+00    39.6790      4.992      7.241     5.0473 0.0000e+00
      5.090      0.001     9.3825     73.209     39.851  23.956676     1.8659      9.600   -69.2208 1.0509e+00    38.7081      4.991      7.240     5.0499 0.0000e+00
      5.091      0.001     9.3737     73.079     39.876  23.973038     1.9535      9.601   -70.0439 1.0141e+00    36.8295      4.993      7.241     5.0526 0.0000e+00
      5.092      0.001     9.3636     72.918     39.870  23.970062     2.0097      9.601   -70.4007 9.9376e-01    35.7185      4.994      7.243     5.0544 0.0000e+00
      5.092      0.001     9.3471     72.772     39.788  23.920693     2.0043      9.601   -70.8671 1.0104e+00    35.2496      4.993      7.242     5.0553 0.0000e+00
      5.092      0.001     9.3355     72.676     39.726  23.883449     2.0050      9.600   -72.5005 1.0238e+00    32.3216      4.993      7.241     5.0567 0.0000e+00
      5.092      0.001     9.3204     72.669     39.753  23.900239     2.0181      9.599   -75.2645 1.0146e+00    27.0621      4.993      7.242     5.0586 0.0000e+00
      5.092      0.001     9.2947     72.743     39.806  23.933457     2.0302      9.599   -78.2169 9.9606e-01    24.1616      4.994      7.243     5.0594 0.0000e+00
      5.092      0.001     9.2769     72.822     39.861  23.968008     2.0344      9.600   -81.5257 9.6899e-01    23.8275      4.994      7.242     5.0591 0.0000e+00
      5.093      0.001     9.2614     72.889     39.915  24.000908     2.0182      9.600   -85.5015 9.3340e-01    23.6724      4.995      7.243     5.0586 0.0000e+00
      5.093      0.001     9.2596     72.990     39.936  24.014177     1.9602      9.599   -89.7211 8.9675e-01    22.7296      4.995      7.244     5.0591 0.0000e+00
      5.093      0.001     9.2751     73.113     39.915  24.001610     1.8734      9.598   -93.7410 8.5937e-01    21.0020      4.995      7.244     5.0610 0.0000e+00
      5.093      0.000     9.2852     73.206     39.872  23.975793     1.8177      9.599   -97.2808 7.8832e-01    19.9662      4.995      7.244     5.0632 0.0000e+00
      5.093      0.000     9.2888     73.261     39.838  23.955689     1.7945      9.600  -100.5142 6.3196e-01    19.7372      4.996      7.245     5.0645 0.0000e+00
      5.093      0.000     9.3027     73.282     39.827  23.948781     1.7843      9.600  -102.1194 4.3082e-01    19.6674      4.995      7.244     5.0650 0.0000e+00
      5.093 -9.990e-29     9.3227 -9.990e-29 -9.990e-29 -9.990e-29 -9.990e-29 -9.990e-29 -9.990e-29 3.7136e-01 -9.990e-29      4.995      7.244     5.0652 0.0000e+00
      5.093 -9.990e-29     9.3335 -9.990e-29 -9.990e-29 -9.990e-29 -9.990e-29 -9.990e-29 -9.990e-29 5.2235e-01 -9.990e-29      4.995      7.244     5.0653 0.0000e+00
      5.094 -9.990e-29     9.3400 -9.990e-29 -9.990e-29 -9.990e-29 -9.990e-29 -9.990e-29 -9.990e-29 7.0697e-01 -9.990e-29      4.996      7.246     5.0651 0.0000e+00
      5.094 -9.990e-29     9.3442 -9.990e-29 -9.990e-29 -9.990e-29 -9.990e-29 -9.990e-29 -9.990e-29 7.7648e-01 -9.990e-29      4.997      7.247     5.0649 0.0000e+00
