Data/DataNotYetUploadedToEDI/Raw_CTD/RawDownloads/030926_FCR_20_S7809004.cnv
* Sea-Bird SBE19plus  Data File:
* FileName = C:\R\Reservoirs\Data\DataNotYetUploadedToEDI\Raw_CTD\RawDownloads\051126_FCR_50_S7809_0004.hex
* Software version 2.8.0.119
* Temperature SN = 7809
* Conductivity SN = 7809
* System UpLoad Time = May 11 2026 15:30:10
* <ApplicationData>
* <Seaterm232>
# nquan = 15
# nvalues = 864                         
# units = specified
# name 0 = depFM: Depth [fresh water, m]
# name 1 = dz/dtM: Descent Rate [m/s]
# name 2 = sbeox0Mg/L: Oxygen, SBE 43 [mg/l]
# name 3 = sbeox0PS: Oxygen, SBE 43 [% saturation]
# name 4 = specc: Specific Conductance [uS/cm]
# name 5 = c0uS/cm: Conductivity [uS/cm]
# name 6 = flECO-AFL: Fluorescence, WET Labs ECO-AFL/FL [mg/m^3]
# name 7 = ph: pH
# name 8 = orp: Oxidation Reduction Potential [mV]
# name 9 = par/sat/log: PAR/Logarithmic, Satlantic
# name 10 = turbWETntu0: Turbidity, WET Labs ECO [NTU]
# name 11 = prdM: Pressure, Strain Gauge [db]
# name 12 = prdE: Pressure, Strain Gauge [psi]
# name 13 = tv290C: Temperature [ITS-90, deg C]
# name 14 = flag:  0.000e+00
# span 0 =     -0.609,      2.739       
# span 1 =     -0.029,      0.186       
# span 2 =     6.6791,    11.5529       
# span 3 =     62.084,    102.087       
# span 4 =     18.809,     39.355       
# span 5 =  14.225416,  28.687944       
# span 6 =    -0.1459,     5.4015       
# span 7 =      9.431,      9.869       
# span 8 =    75.4847,   596.7124       
# span 9 = 8.3580e+00, 1.5718e+03       
# span 10 =     1.2434,   358.2539      
# span 11 =     -0.598,      2.687      
# span 12 =     -0.867,      3.897      
# span 13 =     6.0850,    12.8170      
# span 14 = 0.0000e+00, 0.0000e+00      
# interval = seconds: 0.25
# start_time = Mar 09 2026 11:07:27 [Instrument's time stamp, header]
# bad_flag = -9.990e-29
*END*
[from data line 386]
      1.022      0.020    10.7587     97.002     38.248  27.439041     1.2748      9.795   138.2762 2.1280e+02     4.1021      1.003      1.456    10.9125 0.0000e+00
      1.024      0.016    10.7639     96.992     38.208  27.408629     1.2695      9.795   138.3842 2.0665e+02     4.0974      1.005      1.458    10.8822 0.0000e+00
      1.024      0.013    10.7548     97.065     38.195  27.393084     1.2569      9.795   138.4876 1.8997e+02     4.0044      1.004      1.457    10.8602 0.0000e+00
      1.026      0.012    10.7379     97.215     38.181  27.377937     1.2722      9.795   138.4943 1.7772e+02     4.0027      1.005      1.458    10.8611 0.0000e+00
      1.029      0.013    10.7245     97.435     38.156  27.352335     1.3214      9.796   138.5517 1.7184e+02     4.1112      1.008      1.463    10.8701 0.0000e+00
      1.033      0.014    10.7237     97.684     38.154  27.337229     1.3447      9.797   138.5784 1.6978e+02     4.1883      1.011      1.467    10.8676 0.0000e+00
      1.038      0.016    10.7361     97.859     38.157  27.322123     1.3285      9.797   138.4729 1.6585e+02     4.1492      1.018      1.475    10.8553 0.0000e+00
      1.043      0.016    10.7527     97.859     38.143  27.296528     1.2845      9.798   138.3953 1.5735e+02     4.0826      1.024      1.485    10.8499 0.0000e+00
      1.047      0.016    10.7807     97.716     38.142  27.281443     1.2538      9.800   138.4141 1.4956e+02     4.1005      1.026      1.489    10.8449 0.0000e+00
      1.050      0.015    10.8167     97.527     38.140  27.266566     1.2650      9.800   138.5286 1.4358e+02     4.1264      1.029      1.493    10.8236 0.0000e+00
      1.053      0.014    10.8499     97.355     38.124  27.243485     1.2697      9.800   138.6611 1.3770e+02     4.0879      1.034      1.499    10.7978 0.0000e+00
      1.057      0.014    10.8515     97.250     38.152  27.256055     1.2523      9.800   138.7251 1.3224e+02     4.0110      1.037      1.504    10.7792 0.0000e+00
      1.060      0.014    10.8349     97.213     38.201  27.291698     1.2382      9.801   138.6149 1.2807e+02     3.9829      1.040      1.508    10.7595 0.0000e+00
      1.064      0.014    10.8183     97.218     38.193  27.293888     1.2405      9.802   138.4470 1.2444e+02     4.0548      1.044      1.513    10.7419 0.0000e+00
      1.067      0.014    10.7993     97.288     38.163  27.282545     1.2635      9.802   138.5018 1.2057e+02     4.0953      1.046      1.517    10.7264 0.0000e+00
      1.070      0.015    10.7915     97.431     38.148  27.281409     1.2755      9.802   138.5890 1.1699e+02     4.0288      1.050      1.523    10.7131 0.0000e+00
      1.075      0.015    10.7892     97.574     38.137  27.280160     1.2687      9.802   138.5548 1.1353e+02     4.0017      1.054      1.529    10.7150 0.0000e+00
      1.079      0.015    10.7848     97.666     38.119  27.267458     1.2724      9.802   138.6049 1.1049e+02     4.0750      1.058      1.535    10.7283 0.0000e+00
      1.083      0.014    10.7867     97.723     38.111  27.254668     1.2794      9.803   138.7640 1.0778e+02     4.1291      1.062      1.542    10.7422 0.0000e+00
      1.086      0.013    10.8049     97.777     38.124  27.252373     1.2784      9.803   138.8439 1.0496e+02     4.1098      1.065      1.545    10.7550 0.0000e+00
      1.089      0.011    10.8196     97.843     38.119  27.239698     1.2517      9.803   138.7964 1.0215e+02     4.0466      1.068      1.550    10.7669 0.0000e+00
      1.093      0.010    10.8279     97.925     38.108  27.228252     1.2146      9.803   138.7057 9.9454e+01     4.0478      1.073      1.556    10.7685 0.0000e+00
      1.095      0.010    10.8361     98.028     38.127  27.240821     1.2120      9.803   138.6941 9.7064e+01     4.1581      1.074      1.558    10.7565 0.0000e+00
      1.096      0.010    10.8458     98.128     38.162  27.264817     1.2124      9.803   138.7419 9.4775e+01     4.1847      1.074      1.558    10.7376 0.0000e+00
      1.098      0.011    10.8578     98.207     38.164  27.264694     1.1944      9.803   138.7678 9.2865e+01     4.1310      1.077      1.561    10.7239 0.0000e+00
      1.101      0.012    10.8650     98.242     38.129  27.239333     1.1691      9.803   138.8350 9.1393e+01     4.1237      1.079      1.566    10.7220 0.0000e+00
      1.105      0.015    10.8797     98.222     38.093  27.211875     1.1484      9.802   138.8661 8.9907e+01     4.0964      1.084      1.572    10.7218 0.0000e+00
      1.109      0.018    10.8908     98.208     38.069  27.186402     1.1523      9.802   138.8858 8.8707e+01     4.1076      1.088      1.578    10.7205 0.0000e+00
      1.114      0.020    10.9008     98.197     38.088  27.185032     1.1488      9.803   138.9865 8.7632e+01     4.1231      1.092      1.584    10.7176 0.0000e+00
      1.120      0.022    10.9080     98.128     38.122  27.195297     1.1313      9.804   139.0519 8.6182e+01     4.0795      1.098      1.592    10.7167 0.0000e+00
      1.126      0.022    10.8988     98.048     38.118  27.183652     1.1407      9.804   139.0740 8.4310e+01     4.0918      1.105      1.602    10.7193 0.0000e+00
      1.133      0.022    10.9004     98.000     38.110  27.171061     1.1624      9.805   139.1676 8.2345e+01     4.1357      1.111      1.612    10.7093 0.0000e+00
      1.139      0.022    10.9116     97.965     38.119  27.169904     1.1602      9.806   139.3233 8.0605e+01     4.1321      1.117      1.621    10.6838 0.0000e+00
      1.144      0.021    10.9051     97.966     38.130  27.169662     1.1482      9.805   139.4076 7.8866e+01     4.0816      1.123      1.629    10.6626 0.0000e+00
      1.148      0.021    10.8943     97.986     38.139  27.168120     1.1499      9.803   139.4129 7.7061e+01     4.0723      1.127      1.634    10.6545 0.0000e+00
      1.153      0.021    10.8970     97.981     38.123  27.151257     1.1561      9.803   139.3869 7.5382e+01     4.1225      1.130      1.638    10.6453 0.0000e+00
      1.158      0.021    10.8904     97.969     38.057  27.092617     1.1479      9.803   139.3509 7.3912e+01     4.1070      1.135      1.646    10.6359 0.0000e+00
      1.165      0.020    10.8949     97.966     38.003  27.029922     1.1420      9.804   139.4081 7.2694e+01     4.0558      1.142      1.658    10.6256 0.0000e+00
      1.172      0.019    10.9046     97.964     38.042  27.027426     1.1606      9.804   139.5627 7.1474e+01     4.0494      1.150      1.669    10.6123 0.0000e+00
      1.178      0.017    10.9008     97.939     38.117  27.062404     1.1890      9.804   139.6707 7.0080e+01     4.0649      1.155      1.677    10.6103 0.0000e+00
      1.181      0.015    10.9032     97.883     38.133  27.072269     1.2189      9.804   139.7672 6.8773e+01     4.1062      1.158      1.679    10.6000 0.0000e+00
      1.183      0.015    10.9112     97.797     38.052  27.019855     1.2393      9.804   139.8695 6.7643e+01     4.1389      1.160      1.682    10.5632 0.0000e+00
      1.184      0.016    10.9260     97.705     37.941  26.936078     1.2441      9.804   139.8756 6.6612e+01     4.1865      1.161      1.685    10.5146 0.0000e+00
      1.188      0.017    10.9297     97.676     37.901  26.883837     1.2609      9.805   139.9273 6.5672e+01     4.2717      1.164      1.689    10.4860 0.0000e+00
      1.193      0.017    10.9223     97.731     37.965  26.895585     1.2840      9.806   139.9785 6.4882e+01     4.2816      1.170      1.697    10.4922 0.0000e+00
      1.199      0.017    10.9085     97.795     38.076  26.951230     1.2823      9.807   139.8915 6.4284e+01     4.2030      1.176      1.704    10.5070 0.0000e+00
      1.206      0.016    10.8948     97.831     38.125  26.985792     1.2650      9.807   139.8225 6.3694e+01     4.1759      1.183      1.717    10.5055 0.0000e+00
      1.211      0.013    10.8987     97.869     38.116  26.996356     1.2590      9.806   139.8323 6.2980e+01     4.2609      1.189      1.726    10.4684 0.0000e+00
      1.213      0.010    10.9245     97.943     38.115  27.015551     1.2671      9.806   139.9240 6.2240e+01     4.3775      1.191      1.727    10.4134 0.0000e+00
      1.213      0.009    10.9433     98.131     38.101  27.027628     1.2799      9.806   140.0713 6.1506e+01     4.3224      1.190      1.726    10.3760 0.0000e+00
      1.213      0.009    10.9422     98.428     38.055  27.015558     1.2973      9.806   140.1499 6.0723e+01     4.0724      1.189      1.725    10.3793 0.0000e+00
      1.214      0.011    10.9409     98.754     38.015  26.996482     1.3104      9.807   140.1859 5.9884e+01     3.9156      1.190      1.726    10.4118 0.0000e+00
      1.218      0.015    10.9353     99.064     38.007  26.987256     1.3139      9.807   140.2494 5.9049e+01     3.9640      1.194      1.731    10.4358 0.0000e+00
      1.224      0.018    10.9506     99.321     37.995  26.967424     1.3227      9.807   140.3159 5.8251e+01     4.1452      1.200      1.740    10.4643 0.0000e+00
      1.230      0.020    10.9799     99.492     37.990  26.946963     1.3252      9.807   140.3865 5.7414e+01     4.2968      1.206      1.749    10.4994 0.0000e+00
      1.237      0.020    11.0126     99.556     38.000  26.930118     1.3117      9.807   140.5010 5.6509e+01     4.2934      1.214      1.760    10.5134 0.0000e+00
      1.243      0.019    11.0525     99.540     37.983  26.890579     1.3090      9.808   140.6677 5.5611e+01     4.3098      1.219      1.767    10.5033 0.0000e+00
      1.247      0.017    11.0850     99.469     37.969  26.849418     1.3251      9.810   140.7662 5.4768e+01     4.3918      1.223      1.773    10.4885 0.0000e+00
      1.249      0.017    11.1120     99.344     37.959  26.812948     1.3653      9.811   140.7467 5.3985e+01     4.3630      1.225      1.777    10.4677 0.0000e+00
      1.252      0.017    11.1261     99.205     37.925  26.766710     1.4119      9.811   140.6900 5.3308e+01     4.2690      1.228      1.781    10.4307 0.0000e+00
      1.256      0.017    11.1317     99.127     37.924  26.734299     1.4221      9.811   140.6828 5.2724e+01     4.2455      1.231      1.786    10.3990 0.0000e+00
      1.262      0.018    11.1359     99.107     37.984  26.738161     1.4225      9.811   140.7453 5.2181e+01     4.3180      1.238      1.796    10.3551 0.0000e+00
      1.268      0.019    11.1337     99.095     38.034  26.749938     1.4257      9.811   140.7575 5.1651e+01     4.3942      1.245      1.807    10.3064 0.0000e+00
      1.273      0.019    11.1159     99.093     38.046  26.749814     1.4109      9.812   140.7443 5.1156e+01     4.3474      1.248      1.811    10.2941 0.0000e+00
      1.276      0.019    11.1187     99.113     38.038  26.736658     1.4095      9.814   140.7582 5.0759e+01     4.2994      1.251      1.814    10.2528 0.0000e+00
      1.281      0.018    11.1390     99.153     38.020  26.717703     1.4249      9.814   140.7533 5.0417e+01     4.3604      1.256      1.821    10.1830 0.0000e+00
      1.286      0.018    11.1430     99.202     38.015  26.710898     1.4396      9.813   140.7718 5.0043e+01     4.4691      1.262      1.830    10.1558 0.0000e+00
      1.291      0.019    11.1429     99.237     38.025  26.717795     1.4455      9.813   140.8090 4.9646e+01     4.5546      1.266      1.837    10.1540 0.0000e+00
      1.296      0.020    11.1480     99.277     38.047  26.737680     1.4298      9.813   140.8600 4.9278e+01     4.5401      1.271      1.844    10.1429 0.0000e+00
      1.301      0.020    11.1567     99.381     38.075  26.761058     1.4242      9.813   140.9577 4.8873e+01     4.5333      1.275      1.850    10.1293 0.0000e+00
      1.306      0.020    11.1627     99.529     38.060  26.746768     1.4449      9.813   141.0431 4.8417e+01     4.5743      1.280      1.856    10.1307 0.0000e+00
      1.312      0.020    11.1695     99.674     37.990  26.691735     1.4635      9.814   141.1188 4.7980e+01     4.5588      1.286      1.866    10.1241 0.0000e+00
      1.317      0.021    11.1649     99.807     37.965  26.666462     1.4571      9.815   141.1846 4.7543e+01     4.5153      1.291      1.873    10.1342 0.0000e+00
      1.321      0.022    11.1761     99.934     37.949  26.631460     1.4345      9.816   141.1502 4.7150e+01     4.4929      1.295      1.879    10.1498 0.0000e+00
      1.325      0.024    11.1991    100.046     37.850  26.522205     1.4566      9.817   141.1330 4.6800e+01     4.5275      1.300      1.886    10.1320 0.0000e+00
      1.330      0.026    11.2169    100.093     37.787  26.423607     1.5254      9.818   141.2347 4.6397e+01     4.5576      1.303      1.891    10.1264 0.0000e+00
      1.338      0.028    11.2319    100.057     37.836  26.390610     1.5580      9.820   141.2619 4.5970e+01     4.5158      1.311      1.902    10.1267 0.0000e+00
      1.348      0.028    11.2533     99.916     37.914  26.376864     1.5515      9.822   141.2034 4.5620e+01     4.5004      1.323      1.920    10.0939 0.0000e+00
      1.357      0.027    11.2856     99.672     38.008  26.384172     1.5467      9.823   141.2157 4.5360e+01     4.5073      1.332      1.931    10.0398 0.0000e+00
      1.365      0.025    11.3074     99.355     38.109  26.415487     1.5575      9.823   141.2387 4.5150e+01     4.4965      1.338      1.940     9.9690 0.0000e+00
      1.371      0.021    11.3321     99.007     38.160  26.438340     1.5824      9.824   141.3090 4.4984e+01     4.5067      1.345      1.951     9.8722 0.0000e+00
      1.375      0.017    11.3407     98.734     38.191  26.470209     1.5897      9.825   141.4630 4.4842e+01     4.4940      1.349      1.956     9.7788 0.0000e+00
      1.378      0.015    11.3323     98.616     38.177  26.483707     1.5872      9.825   141.4663 4.4719e+01     4.5136      1.352      1.960     9.6982 0.0000e+00
      1.380      0.014    11.3122     98.626     38.128  26.474724     1.6024      9.825   141.3495 4.4642e+01     4.6076      1.354      1.963     9.6414 0.0000e+00
      1.383      0.014    11.2699     98.726     38.115  26.488469     1.6149      9.826   141.3419 4.4663e+01     4.6047      1.356      1.967     9.6286 0.0000e+00
      1.387      0.014    11.2291     98.906     38.127  26.523079     1.6058      9.826   141.4599 4.4734e+01     4.4790      1.361      1.974     9.6476 0.0000e+00
      1.391      0.014    11.2095     99.117     38.154  26.576098     1.5925      9.825   141.6569 4.4740e+01     4.3857      1.364      1.979     9.6832 0.0000e+00
      1.396      0.014    11.2032     99.313     38.167  26.622166     1.6121      9.824   141.7457 4.4718e+01     4.3995      1.369      1.986     9.7181 0.0000e+00
      1.400      0.014    11.2062     99.501     38.141  26.636166     1.6598      9.824   141.7582 4.4755e+01     4.4752      1.373      1.992     9.7445 0.0000e+00
      1.403      0.014    11.2215     99.707     38.091  26.618556     1.6776      9.824   141.8951 4.4852e+01     4.5157      1.376      1.995     9.7748 0.0000e+00
      1.406      0.013    11.2353     99.942     38.062  26.599534     1.6610      9.824   142.0241 4.4921e+01     4.5474      1.379      2.000     9.8232 0.0000e+00
      1.409      0.013    11.2424    100.183     38.060  26.596440     1.6425      9.825   142.0267 4.4946e+01     4.6529      1.382      2.004     9.8755 0.0000e+00
      1.412      0.013    11.2505    100.423     38.034  26.581135     1.6367      9.825   141.9270 4.4991e+01     4.8013      1.385      2.009     9.9225 0.0000e+00
      1.415      0.013    11.2651    100.626     37.974  26.541337     1.6409      9.824   141.8506 4.5046e+01     4.8721      1.388      2.014     9.9480 0.0000e+00
      1.419      0.013    11.2968    100.730     37.922  26.495787     1.6274      9.823   141.8780 4.5141e+01     4.8256      1.392      2.019     9.9401 0.0000e+00
