Data/DataNotYetUploadedToEDI/Raw_CTD/RawDownloads/030926_fcr30_S7809005.cnv
* Sea-Bird SBE19plus  Data File:
* FileName = C:\R\Reservoirs\Data\DataNotYetUploadedToEDI\Raw_CTD\RawDownloads\051126_FCR_50_S7809_0005.hex
* Software version 2.8.0.119
* Temperature SN = 7809
* Conductivity SN = 7809
* System UpLoad Time = May 11 2026 15:30:41
* <ApplicationData>
* <Seaterm232>
# nquan = 15
# nvalues = 906                         
# units = specified
# name 0 = depFM: Depth [fresh water, m]
# name 1 = dz/dtM: Descent Rate [m/s]
# name 2 = sbeox0Mg/L: Oxygen, SBE 43 [mg/l]
# name 3 = sbeox0PS: Oxygen, SBE 43 [% saturation]
# name 4 = specc: Specific Conductance [uS/cm]
# name 5 = c0uS/cm: Conductivity [uS/cm]
# name 6 = flECO-AFL: Fluorescence, WET Labs ECO-AFL/FL [mg/m^3]
# name 7 = ph: pH
# name 8 = orp: Oxidation Reduction Potential [mV]
# name 9 = par/sat/log: PAR/Logarithmic, Satlantic
# name 10 = turbWETntu0: Turbidity, WET Labs ECO [NTU]
# name 11 = prdM: Pressure, Strain Gauge [db]
# name 12 = prdE: Pressure, Strain Gauge [psi]
# name 13 = tv290C: Temperature [ITS-90, deg C]
# name 14 = flag:  0.000e+00
# span 0 =     -0.617,      3.735       
# span 1 =     -0.071,      0.185       
# span 2 =     7.1552,    11.9902       
# span 3 =     66.921,    102.556       
# span 4 =      1.871,     39.275       
# span 5 =   1.415370,  29.197728       
# span 6 =    -0.0842,    35.2170       
# span 7 =      8.968,      9.972       
# span 8 =    17.2742,   163.1188       
# span 9 = 1.8432e+01, 8.6827e+02       
# span 10 =     1.9898,   413.5666      
# span 11 =     -0.606,      3.664      
# span 12 =     -0.880,      5.314      
# span 13 =     5.4523,    12.9919      
# span 14 = 0.0000e+00, 0.0000e+00      
# interval = seconds: 0.25
# start_time = Mar 09 2026 11:25:07 [Instrument's time stamp, header]
# bad_flag = -9.990e-29
*END*
[from data line 675]
      2.315      0.029    11.3881     91.655     38.537  24.307354     1.6347      9.956   132.5981 5.9649e+01     5.5430      2.270      3.292     6.5451 0.0000e+00
      2.318      0.023    11.3679     91.236     38.504  24.283245     1.6665      9.956   132.6465 5.9488e+01     5.5718      2.272      3.295     6.5411 0.0000e+00
      2.323      0.021    11.3373     90.727     38.501  24.270658     1.6713      9.955   132.6689 5.9109e+01     5.5937      2.276      3.301     6.5356 0.0000e+00
      2.329      0.023    11.3023     90.143     38.539  24.281989     1.6520      9.954   132.6972 5.8750e+01     5.5339      2.284      3.313     6.5305 0.0000e+00
      2.335      0.026    11.2555     89.554     38.572  24.293406     1.6322      9.953   132.8166 5.8519e+01     5.4979      2.290      3.320     6.5389 0.0000e+00
      2.341      0.028    11.2070     89.030     38.565  24.281855     1.6070      9.952   132.9083 5.8173e+01     5.4999      2.295      3.326     6.5377 0.0000e+00
      2.349      0.030    11.1500     88.614     38.560  24.269156     1.5720      9.950   132.9455 5.7572e+01     5.4564      2.302      3.339     6.5172 0.0000e+00
      2.358      0.030    11.0787     88.306     38.576  24.266688     1.5496      9.948   133.0076 5.7007e+01     5.4842      2.313      3.355     6.4990 0.0000e+00
      2.367      0.031    11.0071     88.081     38.573  24.252006     1.5607      9.948   133.0569 5.6659e+01     5.5964      2.322      3.367     6.4891 0.0000e+00
      2.374      0.031    10.9414     87.896     38.541  24.218455     1.5825      9.947   132.9399 5.6377e+01     5.6523      2.328      3.377     6.4817 0.0000e+00
      2.381      0.030    10.8952     87.731     38.501  24.178100     1.5790      9.945   132.7110 5.6127e+01     5.5784      2.335      3.387     6.4699 0.0000e+00
      2.389      0.029    10.8616     87.564     38.473  24.144560     1.5524      9.942   132.6987 5.5852e+01     5.4545      2.342      3.397     6.4517 0.0000e+00
      2.397      0.027    10.8426     87.369     38.474  24.129987     1.5439      9.940   132.7045 5.5512e+01     5.4529      2.350      3.409     6.4355 0.0000e+00
      2.405      0.027    10.8238     87.135     38.492  24.128715     1.5669      9.940   132.6095 5.5245e+01     5.5250      2.358      3.421     6.4179 0.0000e+00
      2.411      0.027    10.8100     86.845     38.509  24.129177     1.5726      9.939   132.5825 5.5057e+01     5.5060      2.365      3.430     6.3979 0.0000e+00
      2.416      0.027    10.7972     86.507     38.534  24.135562     1.5468      9.936   132.5501 5.4873e+01     5.4283      2.370      3.437     6.3766 0.0000e+00
      2.422      0.027    10.7775     86.160     38.559  24.142481     1.5293      9.934   132.3905 5.4572e+01     5.4058      2.375      3.443     6.3563 0.0000e+00
      2.429      0.028    10.7557     85.863     38.580  24.149408     1.5449      9.933   132.1153 5.4108e+01     5.4044      2.381      3.453     6.3401 0.0000e+00
      2.437      0.030    10.7214     85.616     38.596  24.155896     1.5693      9.932   131.9763 5.3578e+01     5.3084      2.390      3.467     6.3279 0.0000e+00
      2.446      0.031    10.6829     85.380     38.600  24.157506     1.5654      9.931   131.9998 5.3036e+01     5.2028      2.398      3.478     6.3156 0.0000e+00
      2.454      0.031    10.6387     85.163     38.618  24.168885     1.5560      9.930   132.0554 5.2497e+01     5.2208      2.406      3.490     6.3028 0.0000e+00
      2.463      0.031    10.6046     84.977     38.617  24.166635     1.5642      9.927   132.1323 5.1987e+01     5.3206      2.416      3.503     6.2945 0.0000e+00
      2.470      0.030    10.5789     84.792     38.566  24.130301     1.5723      9.926   132.1551 5.1526e+01     5.3496      2.423      3.514     6.2909 0.0000e+00
      2.477      0.029    10.5482     84.612     38.544  24.110071     1.5624      9.925   132.0729 5.1026e+01     5.2642      2.430      3.524     6.2900 0.0000e+00
      2.485      0.029    10.5197     84.462     38.558  24.112271     1.5367      9.923   131.9128 5.0538e+01     5.2106      2.437      3.535     6.2906 0.0000e+00
      2.492      0.030    10.5002     84.345     38.536  24.093491     1.5202      9.921   131.7685 5.0093e+01     5.2484      2.444      3.545     6.2893 0.0000e+00
      2.498      0.031    10.4784     84.245     38.511  24.073242     1.5203      9.919   131.7040 4.9578e+01     5.3114      2.450      3.553     6.2838 0.0000e+00
      2.506      0.031    10.4561     84.165     38.498  24.057685     1.5043      9.918   131.6495 4.9006e+01     5.2886      2.458      3.565     6.2743 0.0000e+00
      2.516      0.031    10.4408     84.131     38.476  24.032215     1.4684      9.916   131.5390 4.8417e+01     5.2122      2.467      3.578     6.2649 0.0000e+00
      2.525      0.030    10.4287     84.137     38.480  24.018938     1.4526      9.915   131.4010 4.7954e+01     5.2411      2.477      3.592     6.2597 0.0000e+00
      2.533      0.029    10.4180     84.150     38.514  24.023970     1.4545      9.914   131.2716 4.7637e+01     5.3310      2.485      3.604     6.2546 0.0000e+00
      2.540      0.027    10.4075     84.155     38.544  24.029621     1.4578      9.912   131.1781 4.7385e+01     5.3768      2.491      3.612     6.2465 0.0000e+00
      2.545      0.024    10.4082     84.176     38.551  24.023846     1.4516      9.910   131.1317 4.7163e+01     5.3503      2.496      3.620     6.2314 0.0000e+00
      2.551      0.023    10.4169     84.253     38.555  24.017548     1.4375      9.908   131.0552 4.6931e+01     5.2499      2.502      3.628     6.2082 0.0000e+00
      2.557      0.023    10.4254     84.400     38.566  24.016877     1.4374      9.907   130.8556 4.6732e+01     5.1539      2.508      3.638     6.1848 0.0000e+00
      2.562      0.027    10.4297     84.636     38.574  24.015724     1.4416      9.907   130.6967 4.6602e+01     5.0779      2.513      3.645     6.1691 0.0000e+00
      2.566      0.032    10.4311     84.907     38.565  24.003610     1.4291      9.906   130.6832 4.6484e+01     4.9796      2.518      3.650     6.1577 0.0000e+00
      2.572      0.036    10.4468     85.160     38.565  23.997225     1.4121      9.903   130.6059 4.6133e+01     4.9221      2.520      3.654     6.1446 0.0000e+00
      2.585      0.037    10.4635     85.455     38.581  24.001933     1.4194      9.902   130.4509 4.5446e+01     4.9627      2.532      3.672     6.1347 0.0000e+00
      2.603      0.035    10.4970     85.780     38.581  23.997113     1.4349      9.901   130.3569 4.4841e+01     5.0267      2.555      3.706     6.1291 0.0000e+00
      2.615      0.032    10.5406     86.078     38.597  24.002353     1.4329      9.900   130.3307 4.4610e+01     5.0129      2.568      3.724     6.1207 0.0000e+00
      2.620      0.027    10.5646     86.343     38.603  24.001881     1.4274      9.899   130.2192 4.4555e+01     4.9666      2.570      3.726     6.1102 0.0000e+00
      2.622      0.023    10.6068     86.551     38.592  23.991400     1.4354      9.898   130.0419 4.4600e+01     5.0126      2.571      3.729     6.1035 0.0000e+00
      2.623      0.021    10.6526     86.672     38.613  24.002459     1.4543      9.896   129.9930 4.4694e+01     5.0572      2.572      3.731     6.0982 0.0000e+00
      2.626      0.023    10.6888     86.730     38.625  24.008757     1.4723      9.895   129.9724 4.4634e+01     5.0273      2.574      3.733     6.0922 0.0000e+00
      2.633      0.028    10.7254     86.715     38.622  24.004127     1.4622      9.894   129.7926 4.4304e+01     5.0274      2.579      3.741     6.0865 0.0000e+00
      2.644      0.031    10.7551     86.583     38.642  24.009892     1.4160      9.893   129.6266 4.3877e+01     5.0928      2.593      3.760     6.0813 0.0000e+00
      2.655      0.032    10.7685     86.348     38.665  24.015039     1.3882      9.891   129.6004 4.3552e+01     5.2365      2.606      3.780     6.0786 0.0000e+00
      2.665      0.032    10.7748     86.039     38.660  24.002934     1.3918      9.890   129.4750 4.3248e+01     5.3302      2.614      3.793     6.0796 0.0000e+00
      2.673      0.031    10.7790     85.705     38.648  23.990355     1.3923      9.890   129.2294 4.3028e+01     5.3040      2.622      3.803     6.0769 0.0000e+00
      2.678      0.031    10.7618     85.400     38.648  23.989780     1.3952      9.889   129.0399 4.2939e+01     5.2965      2.626      3.810     6.0671 0.0000e+00
      2.683      0.032    10.7362     85.150     38.655  23.995974     1.4014      9.888   128.9900 4.2834e+01     5.3414      2.631      3.816     6.0539 0.0000e+00
      2.690      0.035    10.6995     84.984     38.663  24.001833     1.4011      9.887   129.0567 4.2609e+01     5.3687      2.637      3.825     6.0400 0.0000e+00
      2.700      0.038    10.6560     84.890     38.660  23.997211     1.3911      9.886   129.0714 4.2225e+01     5.3190      2.647      3.839     6.0321 0.0000e+00
      2.712      0.039    10.6191     84.826     38.681  24.003501     1.3731      9.885   128.9965 4.1706e+01     5.2192      2.660      3.856     6.0331 0.0000e+00
      2.727      0.038    10.5834     84.767     38.712  24.014466     1.3747      9.885   128.9260 4.1245e+01     5.2205      2.675      3.879     6.0375 0.0000e+00
      2.739      0.037    10.5633     84.706     38.706  24.002937     1.3933      9.884   128.9069 4.1054e+01     5.3005      2.688      3.899     6.0400 0.0000e+00
      2.746      0.035    10.5551     84.623     38.695  23.990935     1.3895      9.882   128.8507 4.0972e+01     5.2984      2.693      3.906     6.0366 0.0000e+00
      2.751      0.034    10.5504     84.493     38.709  23.996185     1.3712      9.880   128.6771 4.0853e+01     5.2297      2.698      3.912     6.0267 0.0000e+00
      2.757      0.034    10.5467     84.331     38.722  24.002989     1.3633      9.879   128.5293 4.0710e+01     5.1869      2.703      3.921     6.0148 0.0000e+00
      2.764      0.036    10.5416     84.152     38.732  24.009784     1.3773      9.877   128.4395 4.0445e+01     5.2245      2.708      3.928     6.0045 0.0000e+00
      2.775      0.038    10.5364     83.958     38.742  24.014929     1.4071      9.875   128.3664 4.0029e+01     5.2746      2.719      3.944     5.9978 0.0000e+00
      2.789      0.038    10.5189     83.759     38.727  24.001783     1.4073      9.875   128.4194 3.9580e+01     5.2469      2.735      3.967     5.9933 0.0000e+00
      2.801      0.037    10.4988     83.564     38.697  23.977666     1.3713      9.874   128.4775 3.9259e+01     5.2645      2.749      3.987     5.9918 0.0000e+00
      2.810      0.034    10.4768     83.383     38.704  23.976985     1.3463      9.872   128.3815 3.9124e+01     5.3506      2.758      4.000     5.9934 0.0000e+00
      2.815      0.032    10.4512     83.227     38.736  23.993547     1.3465      9.870   128.2040 3.9056e+01     5.3664      2.761      4.005     5.9937 0.0000e+00
      2.820      0.029    10.4277     83.088     38.728  23.987668     1.3491      9.868   128.0524 3.8918e+01     5.3191      2.765      4.010     5.9886 0.0000e+00
      2.826      0.026    10.4058     82.978     38.700  23.969314     1.3356      9.867   128.0110 3.8682e+01     5.2569      2.771      4.019     5.9794 0.0000e+00
      2.835      0.024    10.3838     82.889     38.691  23.961871     1.3250      9.866   128.0479 3.8341e+01     5.2632      2.779      4.031     5.9722 0.0000e+00
      2.845      0.023    10.3667     82.782     38.693  23.961092     1.3373      9.865   128.0680 3.8056e+01     5.3263      2.791      4.048     5.9686 0.0000e+00
      2.851      0.022    10.3487     82.678     38.694  23.959892     1.3351      9.862   128.0830 3.8061e+01     5.3025      2.798      4.059     5.9685 0.0000e+00
      2.852      0.020    10.3335     82.613     38.677  23.947361     1.3316      9.861   128.0574 3.8092e+01     5.2489      2.795      4.055     5.9677 0.0000e+00
      2.854      0.018    10.3290     82.599     38.665  23.936401     1.3704      9.861   127.9302 3.7867e+01     5.2930      2.795      4.055     5.9642 0.0000e+00
      2.861      0.017    10.3126     82.610     38.700  23.954211     1.4046      9.860   127.8356 3.7629e+01     5.3566      2.807      4.070     5.9618 0.0000e+00
      2.866      0.018    10.2996     82.635     38.739  23.972449     1.4027      9.859   127.7743 3.7494e+01     5.3691      2.812      4.078     5.9597 0.0000e+00
      2.871      0.019    10.2905     82.670     38.741  23.966666     1.3802      9.857   127.7047 3.7366e+01     5.3416      2.814      4.082     5.9570 0.0000e+00
      2.876      0.020    10.2917     82.646     38.721  23.947696     1.3500      9.856   127.6827 3.7300e+01     5.2980      2.821      4.092     5.9527 0.0000e+00
      2.879      0.020    10.2962     82.575     38.703  23.933321     1.3366      9.855   127.6804 3.7253e+01     5.3200      2.823      4.095     5.9483 0.0000e+00
      2.883      0.021    10.2971     82.514     38.687  23.919696     1.3276      9.853   127.6766 3.7102e+01     5.3342      2.826      4.099     5.9407 0.0000e+00
      2.890      0.021    10.3131     82.469     38.680  23.909782     1.3072      9.851   127.5502 3.6897e+01     5.2654      2.833      4.109     5.9294 0.0000e+00
      2.898      0.021    10.3093     82.466     38.736  23.940274     1.2979      9.850   127.3564 3.6731e+01     5.2052      2.843      4.123     5.9213 0.0000e+00
      2.903      0.021    10.2970     82.508     38.789  23.971289     1.3069      9.849   127.3125 3.6659e+01     5.2213      2.848      4.131     5.9177 0.0000e+00
      2.907      0.021    10.2930     82.560     38.783  23.967706     1.3315      9.848   127.2779 3.6654e+01     5.3229      2.851      4.135     5.9143 0.0000e+00
      2.910      0.021    10.2865     82.622     38.770  23.960368     1.3378      9.846   127.1972 3.6584e+01     5.3408      2.853      4.138     5.9054 0.0000e+00
      2.915      0.020    10.2878     82.710     38.749  23.945984     1.3339      9.844   127.1109 3.6376e+01     5.2328      2.857      4.144     5.8979 0.0000e+00
      2.923      0.019    10.2964     82.800     38.713  23.920620     1.3672      9.844   126.9224 3.6166e+01     5.2472      2.866      4.157     5.8970 0.0000e+00
      2.929      0.018    10.3023     82.866     38.697  23.907351     1.4075      9.843   126.8114 3.6071e+01     5.3093      2.873      4.167     5.8987 0.0000e+00
      2.934      0.016    10.3073     82.923     38.711  23.912383     1.4216      9.842   126.8007 3.6031e+01     5.2673      2.877      4.172     5.8999 0.0000e+00
      2.937      0.013    10.3211     82.963     38.726  23.918033     1.4051      9.841   126.7076 3.6005e+01     5.2514      2.880      4.178     5.8983 0.0000e+00
      2.939      0.012    10.3354     82.993     38.717  23.912248     1.3735      9.841   126.5453 3.5982e+01     5.2542      2.882      4.181     5.8936 0.0000e+00
      2.940      0.013    10.3427     83.051     38.702  23.905854     1.3732      9.839   126.4729 3.5984e+01     5.2659      2.882      4.180     5.8892 0.0000e+00
      2.941      0.015    10.3515     83.100     38.697  23.904142     1.3931      9.837   126.5206 3.5954e+01     5.2907      2.884      4.181     5.8852 0.0000e+00
      2.945      0.017    10.3599     83.106     38.679  23.891555     1.3729      9.837   126.4337 3.5788e+01     5.2464      2.888      4.187     5.8780 0.0000e+00
      2.951      0.019    10.3583     83.088     38.665  23.880488     1.3367      9.837   126.2830 3.5555e+01     5.2421      2.894      4.198     5.8767 0.0000e+00
      2.959      0.021    10.3685     83.057     38.697  23.897163     1.3378      9.836   126.2469 3.5358e+01     5.3419      2.902      4.209     5.8833 0.0000e+00
      2.965      0.023    10.3761     83.052     38.712  23.902928     1.3456      9.834   126.2551 3.5260e+01     5.3942      2.909      4.219     5.8865 0.0000e+00
