Data/DataNotYetUploadedToEDI/Raw_CTD/RawDownloads/030926_fcr50_S7809007.cnv
* Sea-Bird SBE19plus  Data File:
* FileName = C:\R\Reservoirs\Data\DataNotYetUploadedToEDI\Raw_CTD\RawDownloads\051126_FCR_50_S7809_0007.hex
* Software version 2.8.0.119
* Temperature SN = 7809
* Conductivity SN = 7809
* System UpLoad Time = May 11 2026 15:32:19
* <ApplicationData>
* <Seaterm232>
# nquan = 15
# nvalues = 1778                        
# units = specified
# name 0 = depFM: Depth [fresh water, m]
# name 1 = dz/dtM: Descent Rate [m/s]
# name 2 = sbeox0Mg/L: Oxygen, SBE 43 [mg/l]
# name 3 = sbeox0PS: Oxygen, SBE 43 [% saturation]
# name 4 = specc: Specific Conductance [uS/cm]
# name 5 = c0uS/cm: Conductivity [uS/cm]
# name 6 = flECO-AFL: Fluorescence, WET Labs ECO-AFL/FL [mg/m^3]
# name 7 = ph: pH
# name 8 = orp: Oxidation Reduction Potential [mV]
# name 9 = par/sat/log: PAR/Logarithmic, Satlantic
# name 10 = turbWETntu0: Turbidity, WET Labs ECO [NTU]
# name 11 = prdM: Pressure, Strain Gauge [db]
# name 12 = prdE: Pressure, Strain Gauge [psi]
# name 13 = tv290C: Temperature [ITS-90, deg C]
# name 14 = flag:  0.000e+00
# span 0 =     -0.625,      9.542       
# span 1 =     -0.036,      0.243       
# span 2 =     3.4676,    12.3561       
# span 3 =     27.265,    103.637       
# span 4 =      1.501,    166.573       
# span 5 =   1.167299,  99.832239       
# span 6 =    -0.1019,     6.6555       
# span 7 =      8.663,     10.014       
# span 8 =  -300.6670,    82.1427       
# span 9 = 1.2366e-01, 3.6022e+02       
# span 10 =    -0.0776,   196.9210      
# span 11 =     -0.614,      9.358      
# span 12 =     -0.890,     13.572      
# span 13 =     4.8355,    13.8825      
# span 14 = 0.0000e+00, 0.0000e+00      
# interval = seconds: 0.25
# start_time = Mar 09 2026 12:02:30 [Instrument's time stamp, header]
# bad_flag = -9.990e-29
*END*
[from data line 772]
      4.125      0.011    11.1288     87.447     38.759  23.568000     1.9275      9.918   -93.8153 6.2284e+00     3.8315      4.046      5.868     5.4306 0.0000e+00
      4.127      0.007    11.1133     87.308     38.761  23.556481     1.9405      9.917   -93.8216 6.2385e+00     3.6274      4.047      5.870     5.4197 0.0000e+00
      4.128      0.003    11.0801     87.197     38.743  23.543903     1.9538      9.917   -93.8223 6.2523e+00     3.5704      4.047      5.870     5.4267 0.0000e+00
      4.128      0.002    11.0605     87.107     38.727  23.542751     1.9806      9.916   -93.9103 6.2442e+00     3.6892      4.049      5.873     5.4250 0.0000e+00
      4.128      0.003    11.0535     87.057     38.713  23.542552     2.0221      9.915   -94.2828 6.2145e+00     3.7658      4.049      5.872     5.4016 0.0000e+00
      4.127      0.005    11.0368     87.087     38.719  23.541503     2.0647      9.914   -94.6273 6.1792e+00     3.7803      4.046      5.868     5.3794 0.0000e+00
      4.126      0.006    11.0266     87.172     38.725  23.530068     2.0717      9.914   -94.6338 6.1382e+00     3.7953      4.045      5.867     5.3770 0.0000e+00
      4.129      0.006    11.0097     87.282     38.740  23.531108     2.0732      9.914   -94.4471 6.0610e+00     3.8786      4.047      5.870     5.3940 0.0000e+00
      4.135      0.006    10.9932     87.424     38.771  23.554063     2.0659      9.914   -94.2634 5.9662e+00     4.0018      4.056      5.883     5.4143 0.0000e+00
      4.140      0.006    11.0023     87.581     38.758  23.553966     2.0257      9.913   -94.3049 5.9154e+00     4.0211      4.063      5.893     5.4062 0.0000e+00
      4.138      0.007    11.0241     87.707     38.710  23.529943     2.0108      9.913   -94.5188 5.8869e+00     4.0444      4.060      5.887     5.3740 0.0000e+00
      4.135      0.007    11.0399     87.795     38.683  23.517269     2.0283      9.912   -94.6126 5.8277e+00     4.1462      4.052      5.877     5.3621 0.0000e+00
      4.135      0.010    11.0546     87.826     38.691  23.527550     2.0206      9.911   -94.6643 5.7467e+00     4.0902      4.053      5.878     5.3737 0.0000e+00
      4.140      0.015    11.0756     87.781     38.695  23.527427     1.9845      9.911   -94.8000 5.6685e+00     3.8118      4.061      5.890     5.3866 0.0000e+00
      4.145      0.023    11.0877     87.681     38.719  23.515783     1.9574      9.912   -95.1342 5.5996e+00     3.5806      4.066      5.897     5.3922 0.0000e+00
      4.150      0.031    11.1001     87.557     38.783  23.513577     1.9599      9.912   -95.6942 5.5309e+00     3.5840      4.068      5.900     5.3931 0.0000e+00
      4.159      0.036    11.1027     87.424     38.825  23.500703     1.9733      9.911   -96.3226 5.4489e+00     3.7164      4.077      5.914     5.4050 0.0000e+00
      4.172      0.036    11.0918     87.261     38.850  23.486923     1.9279      9.910   -96.9680 5.3730e+00     3.8147      4.092      5.934     5.4153 0.0000e+00
      4.185      0.034    11.0907     87.064     38.861  23.473765     1.8269      9.910   -97.3879 5.3221e+00     3.8503      4.104      5.952     5.3727 0.0000e+00
      4.196      0.030    11.0906     86.865     38.873  23.468421     1.7671      9.909   -97.7003 5.2959e+00     3.8391      4.116      5.970     5.3089 0.0000e+00
      4.203      0.025    11.0906     86.677     38.914  23.485717     1.7715      9.909   -98.2503 5.3051e+00     3.8171      4.125      5.982     5.2607 0.0000e+00
      4.206      0.022    11.0811     86.490     38.934  23.492634     1.8052      9.909   -98.7023 5.3488e+00     3.8236      4.126      5.984     5.2212 0.0000e+00
      4.206      0.021    11.0603     86.294     38.932  23.488642     1.8329      9.908   -98.9496 5.3979e+00     3.8141      4.124      5.982     5.1977 0.0000e+00
      4.209      0.023    11.0386     86.069     38.952  23.500861     1.8398      9.908   -99.2625 5.4226e+00     3.8052      4.126      5.984     5.1835 0.0000e+00
      4.216      0.028    11.0186     85.804     38.971  23.513544     1.8467      9.908   -99.6459 5.4196e+00     3.8524      4.133      5.995     5.1739 0.0000e+00
      4.226      0.034    10.9965     85.530     38.967  23.515160     1.8083      9.907   -99.9716 5.4119e+00     3.8043      4.144      6.011     5.1677 0.0000e+00
      4.236      0.041    10.9732     85.295     38.958  23.520400     1.7097      9.907  -100.1891 5.3850e+00     3.6336      4.154      6.025     5.1641 0.0000e+00
      4.247      0.046    10.9466     85.114     38.918  23.513498     1.6532      9.906  -100.3835 5.3085e+00     3.5648      4.163      6.038     5.1640 0.0000e+00
      4.261      0.049    10.9096     84.970     38.864  23.495144     1.6655      9.906  -100.5144 5.2241e+00     3.6217      4.179      6.061     5.1660 0.0000e+00
      4.274      0.050    10.8722     84.869     38.847  23.488743     1.7169      9.905  -100.5674 5.1543e+00     3.6725      4.193      6.081     5.1680 0.0000e+00
      4.286      0.049    10.8375     84.808     38.871  23.499512     1.7666      9.904  -100.7661 5.0562e+00     3.6329      4.202      6.095     5.1809 0.0000e+00
      4.300      0.047    10.8086     84.760     38.878  23.498515     1.7759      9.904  -101.1109 4.9316e+00     3.5524      4.217      6.116     5.2094 0.0000e+00
      4.315      0.043    10.7834     84.741     38.847  23.476688     1.7871      9.904  -101.3800 4.8211e+00     3.5525      4.233      6.140     5.2320 0.0000e+00
      4.326      0.039    10.7688     84.746     38.869  23.489257     1.8277      9.903  -101.5254 4.7215e+00     3.6350      4.243      6.154     5.2347 0.0000e+00
      4.333      0.037    10.7672     84.756     38.922  23.523657     1.8669      9.902  -101.5784 4.6169e+00     3.6612      4.250      6.164     5.2263 0.0000e+00
      4.340      0.037    10.7602     84.795     38.900  23.512128     1.8700      9.901  -101.6764 4.5253e+00     3.5961      4.257      6.174     5.2188 0.0000e+00
      4.347      0.038    10.7590     84.856     38.852  23.476689     1.8490      9.900  -101.8498 4.4432e+00     3.5992      4.263      6.182     5.2146 0.0000e+00
      4.354      0.038    10.7636     84.891     38.874  23.475651     1.8366      9.901  -102.0395 4.3482e+00     3.6982      4.268      6.190     5.2131 0.0000e+00
      4.367      0.036    10.7600     84.918     38.928  23.499566     1.7874      9.901  -102.3353 4.2354e+00     3.7687      4.279      6.207     5.2168 0.0000e+00
      4.383      0.033    10.7631     84.980     38.937  23.512178     1.6956      9.899  -102.6737 4.1292e+00     3.7684      4.300      6.237     5.2247 0.0000e+00
      4.395      0.028    10.7770     85.035     38.897  23.501323     1.6584      9.897  -103.2922 4.0723e+00     3.7973      4.314      6.257     5.2184 0.0000e+00
      4.397      0.023    10.7878     85.032     38.873  23.495156     1.6707      9.897  -104.3930 4.0414e+00     3.8793      4.313      6.256     5.1902 0.0000e+00
      4.397      0.018    10.7917     84.998     38.878  23.501034     1.6946      9.896  -105.4862 4.0012e+00     3.8716      4.311      6.253     5.1722 0.0000e+00
      4.398      0.014    10.7987     84.963     38.897  23.508991     1.7221      9.896  -106.3575 3.9765e+00     3.7386      4.312      6.255     5.1881 0.0000e+00
      4.402      0.014    10.8030     84.924     38.942  23.527946     1.7203      9.896  -107.1841 3.9461e+00     3.6033      4.314      6.258     5.2131 0.0000e+00
      4.407      0.015    10.7966     84.889     38.971  23.539957     1.7232      9.895  -107.9084 3.8824e+00     3.6023      4.321      6.268     5.2213 0.0000e+00
      4.413      0.017    10.7903     84.849     38.952  23.527379     1.7575      9.894  -108.4047 3.8231e+00     3.5888      4.329      6.278     5.2250 0.0000e+00
      4.418      0.021    10.7879     84.797     38.913  23.502695     1.7853      9.894  -108.8829 3.7832e+00     3.4067      4.334      6.284     5.2224 0.0000e+00
      4.422      0.026    10.7860     84.741     38.906  23.495158     1.7840      9.893  -109.4739 3.7377e+00     3.2786      4.336      6.291     5.2053 0.0000e+00
      4.425      0.032    10.7850     84.695     38.921  23.499666     1.7757      9.892  -110.0439 3.6700e+00     3.2706      4.337      6.292     5.1967 0.0000e+00
      4.430      0.038    10.7793     84.667     38.921  23.493778     1.7847      9.890  -110.6123 3.5954e+00     3.3772      4.342      6.297     5.2004 0.0000e+00
      4.443      0.043    10.7726     84.653     38.917  23.487375     1.7928      9.890  -111.1844 3.5118e+00     3.5432      4.355      6.317     5.1992 0.0000e+00
      4.461      0.046    10.7664     84.645     38.916  23.485664     1.7814      9.890  -111.7130 3.4227e+00     3.5692      4.376      6.346     5.1931 0.0000e+00
      4.478      0.046    10.7609     84.647     38.897  23.473085     1.7810      9.890  -112.0992 3.3565e+00     3.5893      4.393      6.371     5.1888 0.0000e+00
      4.490      0.042    10.7610     84.676     38.882  23.462123     1.7960      9.890  -112.3261 3.3084e+00     3.6500      4.403      6.387     5.1801 0.0000e+00
      4.499      0.036    10.7603     84.703     38.917  23.479942     1.7880      9.888  -112.5636 3.2744e+00     3.7218      4.412      6.400     5.1730 0.0000e+00
      4.505      0.030    10.7606     84.727     38.952  23.498285     1.7586      9.887  -112.8196 3.2414e+00     3.8433      4.419      6.409     5.1746 0.0000e+00
      4.510      0.026    10.7577     84.767     38.947  23.493663     1.7326      9.888  -113.0985 3.1925e+00     3.8556      4.422      6.414     5.1730 0.0000e+00
      4.515      0.023    10.7656     84.782     38.937  23.487469     1.7307      9.888  -113.4400 3.1505e+00     3.8363      4.427      6.421     5.1694 0.0000e+00
      4.521      0.023    10.7715     84.768     38.927  23.486807     1.7527      9.887  -113.5930 3.1234e+00     3.8826      4.432      6.430     5.1662 0.0000e+00
      4.527      0.023    10.7696     84.749     38.909  23.485664     1.7578      9.887  -113.5720 3.1010e+00     3.8692      4.438      6.437     5.1622 0.0000e+00
      4.533      0.024    10.7832     84.716     38.880  23.473652     1.7340      9.886  -113.6162 3.0795e+00     3.8456      4.446      6.448     5.1593 0.0000e+00
      4.539      0.026    10.7830     84.637     38.878  23.468412     1.7135      9.884  -113.6973 3.0619e+00     3.8696      4.451      6.455     5.1570 0.0000e+00
      4.544      0.028    10.7783     84.504     38.919  23.485717     1.7357      9.882  -113.8652 3.0501e+00     3.8860      4.455      6.461     5.1634 0.0000e+00
      4.551      0.029    10.7717     84.365     38.934  23.492634     1.7861      9.882  -114.0969 3.0291e+00     3.8738      4.463      6.473     5.1812 0.0000e+00
      4.561      0.029    10.7658     84.240     38.918  23.488632     1.7984      9.882  -114.2622 3.0074e+00     3.7898      4.473      6.487     5.1915 0.0000e+00
      4.570      0.028    10.7611     84.160     38.928  23.500751     1.7844      9.882  -114.4013 2.9959e+00     3.7584      4.482      6.500     5.1826 0.0000e+00
      4.579      0.026    10.7419     84.126     38.946  23.512342     1.7665      9.881  -114.5739 2.9924e+00     3.8706      4.491      6.514     5.1678 0.0000e+00
      4.584      0.023    10.7279     84.093     38.932  23.501943     1.7148      9.881  -114.7139 3.0030e+00     3.9161      4.497      6.522     5.1634 0.0000e+00
      4.587      0.021    10.7056     84.085     38.938  23.501838     1.6672      9.881  -114.8033 3.0170e+00     3.8643      4.498      6.523     5.1765 0.0000e+00
      4.590      0.021    10.6911     84.150     38.958  23.511071     1.6657      9.880  -114.8799 3.0143e+00     3.8249      4.500      6.527     5.1876 0.0000e+00
      4.596      0.020    10.6923     84.225     38.923  23.486756     1.7130      9.878  -114.9523 3.0048e+00     3.8159      4.506      6.536     5.1857 0.0000e+00
      4.602      0.020    10.6869     84.249     38.893  23.461496     1.7816      9.877  -115.0768 3.0091e+00     3.8583      4.513      6.546     5.1834 0.0000e+00
      4.609      0.020    10.6822     84.250     38.911  23.459305     1.7964      9.876  -115.2670 3.0280e+00     3.8585      4.520      6.556     5.1774 0.0000e+00
      4.615      0.021    10.6970     84.235     38.936  23.460255     1.7753      9.876  -115.4449 3.0578e+00     3.7840      4.527      6.566     5.1719 0.0000e+00
      4.618      0.024    10.7122     84.181     38.973  23.472972     1.7753      9.876  -115.5932 3.0955e+00     3.7434      4.529      6.569     5.1717 0.0000e+00
      4.621      0.027    10.7115     84.103     39.003  23.486225     1.7890      9.876  -115.7687 3.1301e+00     3.7435      4.530      6.570     5.1644 0.0000e+00
      4.627      0.031    10.7188     84.038     39.016  23.493666     1.8150      9.876  -115.9331 3.1471e+00     3.7512      4.536      6.579     5.1433 0.0000e+00
      4.638      0.036    10.7244     83.994     39.019  23.499526     1.8328      9.875  -116.0319 3.1526e+00     3.7677      4.547      6.595     5.1226 0.0000e+00
      4.650      0.040    10.7193     83.969     39.003  23.493656     1.8289      9.874  -116.1024 3.1639e+00     3.8062      4.560      6.614     5.1124 0.0000e+00
      4.662      0.043    10.7093     83.984     38.990  23.486111     1.8262      9.872  -116.1842 3.1792e+00     3.8757      4.571      6.631     5.1042 0.0000e+00
      4.674      0.043    10.7006     84.016     38.968  23.471717     1.8089      9.871  -116.2461 3.1906e+00     3.8898      4.582      6.647     5.1039 0.0000e+00
      4.684      0.042    10.6946     84.028     38.929  23.446456     1.7779      9.870  -116.3338 3.2016e+00     3.8403      4.594      6.663     5.1124 0.0000e+00
      4.694      0.041    10.6865     84.026     38.914  23.434331     1.7750      9.870  -116.4703 3.2193e+00     3.8584      4.604      6.677     5.1183 0.0000e+00
      4.703      0.040    10.6904     84.001     38.951  23.451941     1.8161      9.870  -116.5202 3.2408e+00     3.9379      4.611      6.688     5.1170 0.0000e+00
      4.713      0.038    10.6984     83.950     38.986  23.469132     1.8676      9.870  -116.5072 3.2594e+00     3.9819      4.621      6.702     5.1152 0.0000e+00
      4.725      0.036    10.6978     83.919     38.964  23.451932     1.8732      9.869  -116.5719 3.2834e+00     3.9463      4.634      6.720     5.1145 0.0000e+00
      4.735      0.035    10.7000     83.919     38.938  23.434217     1.8427      9.869  -116.6144 3.3258e+00     3.8490      4.645      6.737     5.1094 0.0000e+00
      4.742      0.034    10.6998     83.891     38.955  23.445190     1.8226      9.869  -116.5897 3.3844e+00     3.8304      4.651      6.746     5.1032 0.0000e+00
      4.748      0.034    10.6914     83.850     38.973  23.457769     1.8128      9.868  -116.6182 3.4638e+00     3.8927      4.656      6.753     5.0979 0.0000e+00
      4.756      0.035    10.6866     83.846     38.975  23.459489     1.7989      9.868  -116.7012 3.5648e+00     3.8498      4.664      6.764     5.0926 0.0000e+00
      4.765      0.035    10.6938     83.849     38.986  23.465986     1.7794      9.867  -116.8186 3.6606e+00     3.7563      4.672      6.776     5.0893 0.0000e+00
      4.775      0.035    10.6890     83.832     38.999  23.472904     1.7857      9.865  -117.0048 3.7469e+00     3.7871      4.681      6.790     5.0906 0.0000e+00
      4.787      0.034    10.6763     83.800     39.011  23.479718     1.8334      9.864  -117.2313 3.8430e+00     3.8798      4.693      6.808     5.0945 0.0000e+00
      4.798      0.034    10.6810     83.739     39.021  23.484959     1.8567      9.864  -117.3207 3.9682e+00     3.8863      4.706      6.827     5.0952 0.0000e+00
