Data/DataNotYetUploadedToEDI/Raw_CTD/RawDownloads/030926_fcr50_S7809007.cnv
* Sea-Bird SBE19plus  Data File:
* FileName = C:\R\Reservoirs\Data\DataNotYetUploadedToEDI\Raw_CTD\RawDownloads\051126_FCR_50_S7809_0007.hex
* Software version 2.8.0.119
* Temperature SN = 7809
* Conductivity SN = 7809
* System UpLoad Time = May 11 2026 15:32:19
* <ApplicationData>
* <Seaterm232>
# nquan = 15
# nvalues = 1778                        
# units = specified
# name 0 = depFM: Depth [fresh water, m]
# name 1 = dz/dtM: Descent Rate [m/s]
# name 2 = sbeox0Mg/L: Oxygen, SBE 43 [mg/l]
# name 3 = sbeox0PS: Oxygen, SBE 43 [% saturation]
# name 4 = specc: Specific Conductance [uS/cm]
# name 5 = c0uS/cm: Conductivity [uS/cm]
# name 6 = flECO-AFL: Fluorescence, WET Labs ECO-AFL/FL [mg/m^3]
# name 7 = ph: pH
# name 8 = orp: Oxidation Reduction Potential [mV]
# name 9 = par/sat/log: PAR/Logarithmic, Satlantic
# name 10 = turbWETntu0: Turbidity, WET Labs ECO [NTU]
# name 11 = prdM: Pressure, Strain Gauge [db]
# name 12 = prdE: Pressure, Strain Gauge [psi]
# name 13 = tv290C: Temperature [ITS-90, deg C]
# name 14 = flag:  0.000e+00
# span 0 =     -0.625,      9.542       
# span 1 =     -0.036,      0.243       
# span 2 =     3.4676,    12.3561       
# span 3 =     27.265,    103.637       
# span 4 =      1.501,    166.573       
# span 5 =   1.167299,  99.832239       
# span 6 =    -0.1019,     6.6555       
# span 7 =      8.663,     10.014       
# span 8 =  -300.6670,    82.1427       
# span 9 = 1.2366e-01, 3.6022e+02       
# span 10 =    -0.0776,   196.9210      
# span 11 =     -0.614,      9.358      
# span 12 =     -0.890,     13.572      
# span 13 =     4.8355,    13.8825      
# span 14 = 0.0000e+00, 0.0000e+00      
# interval = seconds: 0.25
# start_time = Mar 09 2026 12:02:30 [Instrument's time stamp, header]
# bad_flag = -9.990e-29
*END*
[from data line 1735]
      9.410      0.032     9.3345     67.764    154.884  92.742527    -0.0534      9.628  -138.6889 1.2388e-01     0.8816      9.230     13.387     4.9010 0.0000e+00
      9.419      0.032     9.2132     65.891    155.701  93.244694    -0.0590      9.628  -139.0381 1.2391e-01     0.3610      9.239     13.399     4.9163 0.0000e+00
      9.426      0.031     9.0678     63.785    156.418  93.685019    -0.0724      9.628  -139.0016 1.2390e-01     0.0122      9.244     13.406     4.9263 0.0000e+00
      9.434      0.030     8.8907     61.456    157.130  94.121121    -0.0744      9.628  -138.5906 1.2385e-01    -0.0218      9.251     13.418     4.9334 0.0000e+00
      9.441      0.030     8.6712     59.092    157.657  94.444888    -0.0661      9.628  -138.1996 1.2377e-01     0.0521      9.259     13.429     4.9386 0.0000e+00
      9.448      0.030     8.4327     56.823    158.237  94.799647    -0.0636      9.628  -137.9741 1.2374e-01     0.0854      9.266     13.439     4.9427 0.0000e+00
      9.455      0.031     8.1683     54.699    159.156  95.355846    -0.0603      9.629  -137.7566 1.2374e-01     0.0744      9.272     13.448     4.9460 0.0000e+00
      9.463      0.031     7.8531     52.718    160.248  96.015029    -0.0518      9.629  -137.3762 1.2376e-01     0.1234      9.281     13.460     4.9489 0.0000e+00
      9.472      0.030     7.5475     50.819    161.212  96.596556    -0.0522      9.627  -136.9029 1.2376e-01     0.1654      9.290     13.474     4.9515 0.0000e+00
      9.481      0.029     7.2562     49.048    161.947  97.041031    -0.0643      9.619  -136.5938 1.2375e-01     0.1382      9.296     13.483     4.9538 0.0000e+00
      9.489      0.027     6.9802     47.410    162.506  97.379512    -0.0818      9.604  -136.5643 1.2378e-01     0.0677      9.305     13.497     4.9556 0.0000e+00
      9.496      0.024     6.7374     45.830    162.926  97.634097    -0.0892      9.584  -136.5466 1.2387e-01    -0.0035      9.313     13.508     4.9572 0.0000e+00
      9.501      0.020     6.4865     44.357    163.246  97.827907    -0.0791      9.565  -136.6375 1.2394e-01     0.0293      9.317     13.513     4.9585 0.0000e+00
      9.505      0.016     6.2584     43.009    163.537  98.004359    -0.0676      9.546  -136.9750 1.2390e-01     0.1228      9.322     13.519     4.9597 0.0000e+00
      9.509      0.013     6.0596     41.736    163.822  98.176351    -0.0664      9.530  -137.1863 1.2385e-01     0.1703      9.325     13.526     4.9607 0.0000e+00
      9.512      0.011     5.8491     40.508    164.054  98.316230    -0.0653      9.515  -137.3846 1.2385e-01     0.1933      9.328     13.529     4.9615 0.0000e+00
      9.514      0.009     5.6605     39.305    164.230  98.422637    -0.0625      9.502  -137.8246 1.2383e-01     0.1965      9.330     13.531     4.9623 0.0000e+00
      9.515      0.007     5.4934     38.166    164.370  98.508171    -0.0660      9.492  -138.2038 1.2378e-01     0.1404      9.331     13.533     4.9628 0.0000e+00
      9.516      0.007     5.3289     37.113    164.500  98.586612    -0.0745      9.483  -138.4425 1.2378e-01     0.0616      9.332     13.535     4.9633 0.0000e+00
      9.518      0.007     5.1764     36.117    164.640  98.670907    -0.0816      9.476  -138.7313 1.2382e-01     0.0288      9.334     13.538     4.9636 0.0000e+00
      9.520      0.006     5.0185     35.218    164.794  98.763557    -0.0770      9.470  -139.1150 1.2379e-01     0.0520      9.336     13.541     4.9638 0.0000e+00
      9.522      0.005     4.8706     34.452    164.986  98.879387    -0.0683      9.465  -139.5538 1.2375e-01     0.1028      9.338     13.543     4.9642 0.0000e+00
      9.524      0.004     4.7412     33.798    165.169  98.989318    -0.0687      9.459  -139.9068 1.2378e-01     0.1302      9.340     13.546     4.9645 0.0000e+00
      9.525      0.003     4.6098     33.233    165.310  99.074302    -0.0647      9.454  -140.1992 1.2381e-01     0.1451      9.341     13.548     4.9645 0.0000e+00
      9.525      0.003     4.4919     32.731    165.425  99.143096    -0.0619      9.450  -140.5942 1.2384e-01     0.1459      9.341     13.548     4.9647 0.0000e+00
      9.525      0.003     4.3979     32.311    165.494  99.184575    -0.0758      9.447  -140.9842 1.2387e-01     0.1057      9.341     13.547     4.9649 0.0000e+00
      9.525      0.003     4.3126     31.946    165.616  99.257555    -0.0831      9.443  -141.3000 1.2387e-01     0.0351      9.340     13.546     4.9648 0.0000e+00
      9.526      0.003     4.2449     31.543    165.835  99.388971    -0.0760      9.439  -141.5733 1.2386e-01    -0.0251      9.341     13.548     4.9649 0.0000e+00
      9.528      0.003     4.1774     31.108    166.020  99.500466    -0.0817      9.437  -141.7069 1.2385e-01    -0.0417      9.344     13.552     4.9650 0.0000e+00
      9.530      0.004     4.1228     30.678    166.164  99.587177    -0.0934      9.434  -141.7969 1.2380e-01     0.0047      9.346     13.555     4.9650 0.0000e+00
      9.530      0.004     4.0867     30.260    166.309  99.673549    -0.0843      9.430  -142.0598 1.2375e-01     0.1265      9.346     13.555     4.9650 0.0000e+00
      9.530      0.004     4.0301     29.821    166.382  99.717280    -0.0623      9.428  -142.8203 1.2372e-01     0.2009      9.345     13.554     4.9651 0.0000e+00
      9.531      0.004     3.9742     29.353    166.409  99.734005    -0.0523      9.426  -144.1952 1.2369e-01     0.1878      9.346     13.555     4.9652 0.0000e+00
      9.533      0.004     3.9178     28.897    166.434  99.748455    -0.0635      9.425  -145.6048 1.2371e-01     0.1391      9.348     13.558     4.9652 0.0000e+00
      9.535      0.005     3.8669     28.450    166.460  99.764690    -0.0811      9.423  -146.5278 1.2377e-01     0.0552      9.350     13.561     4.9652 0.0000e+00
      9.535      0.005     3.8126     28.030    166.524  99.802991    -0.0907      9.421  -147.0096 1.2376e-01    -0.0065      9.351     13.562     4.9652 0.0000e+00
      9.536      0.005     3.7477     27.675    166.568  99.829620    -0.0965      9.420  -147.3862 1.2375e-01    -0.0270      9.352     13.563     4.9654 0.0000e+00
      9.537      0.004     3.6922     27.390    166.573  99.832039    -0.1009      9.419  -147.7265 1.2375e-01    -0.0555      9.353     13.565     4.9653 0.0000e+00
      9.538      0.004     3.6343     27.265    166.573  99.832239    -0.1019      9.418  -147.8542 1.2377e-01    -0.0776      9.354     13.566     4.9654 0.0000e+00
      9.539 -9.990e-29     3.5765 -9.990e-29 -9.990e-29 -9.990e-29 -9.990e-29 -9.990e-29 -9.990e-29 1.2381e-01 -9.990e-29      9.355     13.568     4.9655 0.0000e+00
      9.541 -9.990e-29     3.5344 -9.990e-29 -9.990e-29 -9.990e-29 -9.990e-29 -9.990e-29 -9.990e-29 1.2378e-01 -9.990e-29      9.357     13.571     4.9654 0.0000e+00
      9.542 -9.990e-29     3.4935 -9.990e-29 -9.990e-29 -9.990e-29 -9.990e-29 -9.990e-29 -9.990e-29 1.2377e-01 -9.990e-29      9.357     13.572     4.9654 0.0000e+00
      9.542 -9.990e-29     3.4676 -9.990e-29 -9.990e-29 -9.990e-29 -9.990e-29 -9.990e-29 -9.990e-29 1.2377e-01 -9.990e-29      9.358     13.572     4.9654 0.0000e+00
