Data/DataNotYetUploadedToEDI/Raw_CTD/RawDownloads/030926_fcr30_S7809005.cnv
* Sea-Bird SBE19plus  Data File:
* FileName = C:\R\Reservoirs\Data\DataNotYetUploadedToEDI\Raw_CTD\RawDownloads\051126_FCR_50_S7809_0005.hex
* Software version 2.8.0.119
* Temperature SN = 7809
* Conductivity SN = 7809
* System UpLoad Time = May 11 2026 15:30:41
* <ApplicationData>
* <Seaterm232>
# nquan = 15
# nvalues = 906                         
# units = specified
# name 0 = depFM: Depth [fresh water, m]
# name 1 = dz/dtM: Descent Rate [m/s]
# name 2 = sbeox0Mg/L: Oxygen, SBE 43 [mg/l]
# name 3 = sbeox0PS: Oxygen, SBE 43 [% saturation]
# name 4 = specc: Specific Conductance [uS/cm]
# name 5 = c0uS/cm: Conductivity [uS/cm]
# name 6 = flECO-AFL: Fluorescence, WET Labs ECO-AFL/FL [mg/m^3]
# name 7 = ph: pH
# name 8 = orp: Oxidation Reduction Potential [mV]
# name 9 = par/sat/log: PAR/Logarithmic, Satlantic
# name 10 = turbWETntu0: Turbidity, WET Labs ECO [NTU]
# name 11 = prdM: Pressure, Strain Gauge [db]
# name 12 = prdE: Pressure, Strain Gauge [psi]
# name 13 = tv290C: Temperature [ITS-90, deg C]
# name 14 = flag:  0.000e+00
# span 0 =     -0.617,      3.735       
# span 1 =     -0.071,      0.185       
# span 2 =     7.1552,    11.9902       
# span 3 =     66.921,    102.556       
# span 4 =      1.871,     39.275       
# span 5 =   1.415370,  29.197728       
# span 6 =    -0.0842,    35.2170       
# span 7 =      8.968,      9.972       
# span 8 =    17.2742,   163.1188       
# span 9 = 1.8432e+01, 8.6827e+02       
# span 10 =     1.9898,   413.5666      
# span 11 =     -0.606,      3.664      
# span 12 =     -0.880,      5.314      
# span 13 =     5.4523,    12.9919      
# span 14 = 0.0000e+00, 0.0000e+00      
# interval = seconds: 0.25
# start_time = Mar 09 2026 11:25:07 [Instrument's time stamp, header]
# bad_flag = -9.990e-29
*END*
[from data line 386]
      0.932      0.026    11.2414    101.135     37.782  26.736927     2.8337      9.877   132.3185 4.7199e+01     5.1254      0.913      1.326    10.4817 0.0000e+00
      0.938      0.025    11.2600    101.268     37.825  26.687256     2.8761      9.880   132.4204 4.7217e+01     5.1811      0.919      1.333    10.4523 0.0000e+00
      0.946      0.023    11.2686    101.361     37.937  26.690174     2.8765      9.881   132.5059 4.7270e+01     5.0936      0.928      1.345    10.4562 0.0000e+00
      0.954      0.021    11.2804    101.307     38.029  26.708699     2.9302      9.882   132.4069 4.7347e+01     4.9906      0.937      1.359    10.4596 0.0000e+00
      0.959      0.018    11.3048    101.079     38.077  26.720928     3.0670      9.883   132.3413 4.7407e+01     4.9936      0.942      1.365    10.4034 0.0000e+00
      0.961      0.016    11.3581    100.711     38.072  26.711172     3.1574      9.883   132.4873 4.7437e+01     5.0626      0.943      1.367    10.2710 0.0000e+00
      0.963      0.014    11.4056    100.292     38.071  26.717578     3.1661      9.883   132.6238 4.7452e+01     5.1410      0.945      1.370    10.1554 0.0000e+00
      0.966      0.013    11.4138     99.982     38.068  26.734977     3.1728      9.883   132.7006 4.7470e+01     5.1217      0.948      1.374    10.1027 0.0000e+00
      0.970      0.013    11.3923     99.889     38.039  26.731289     3.2043      9.883   132.7277 4.7491e+01     5.0005      0.951      1.380    10.0805 0.0000e+00
      0.974      0.014    11.3518    100.006     38.042  26.736415     3.2392      9.883   132.6933 4.7501e+01     5.0076      0.955      1.386    10.0702 0.0000e+00
      0.978      0.014    11.2930    100.294     38.048  26.733544     3.2613      9.883   132.6292 4.7451e+01     5.1048      0.959      1.392    10.0795 0.0000e+00
      0.982      0.013    11.2447    100.755     38.007  26.696569     3.2725      9.884   132.6403 4.7342e+01     5.0828      0.964      1.399    10.1140 0.0000e+00
      0.985      0.013    11.2271    101.302     37.977  26.669887     3.2834      9.884   132.7412 4.7263e+01     5.0149      0.966      1.401    10.1437 0.0000e+00
      0.987      0.013    11.2443    101.752     37.985  26.664619     3.2924      9.884   132.8162 4.7239e+01     5.0352      0.968      1.404    10.1439 0.0000e+00
      0.990      0.012    11.2778    101.986     37.965  26.632859     3.2992      9.885   132.8587 4.7214e+01     5.0900      0.971      1.408    10.1276 0.0000e+00
      0.994      0.011    11.3353    101.996     37.954  26.602974     3.3073      9.886   132.8249 4.7169e+01     5.0620      0.975      1.414    10.1161 0.0000e+00
      0.998      0.010    11.4092    101.863     38.002  26.620377     3.3152      9.885   132.7526 4.7165e+01     4.9354      0.979      1.420    10.1131 0.0000e+00
      1.001      0.009    11.4653    101.634     38.055  26.652994     3.3447      9.885   132.7592 4.7213e+01     4.9258      0.982      1.425    10.1019 0.0000e+00
      1.002      0.007    11.5016    101.331     38.085  26.680224     3.3802      9.886   132.8187 4.7228e+01     5.0827      0.983      1.426    10.0744 0.0000e+00
      1.003      0.005    11.5049    101.023     38.093  26.695930     3.3787      9.888   132.7830 4.7216e+01     5.0901      0.983      1.425    10.0406 0.0000e+00
      1.004      0.003    11.4961    100.815     38.110  26.716060     3.3354      9.888   132.6722 4.7229e+01     4.9474      0.984      1.427    10.0175 0.0000e+00
      1.005      0.003    11.4716    100.769     38.123  26.733341     3.2898      9.888   132.6840 4.7224e+01     4.9285      0.986      1.430    10.0109 0.0000e+00
      1.005      0.003    11.4312    100.859     38.089  26.714615     3.2846      9.887   132.7531 4.7184e+01     4.9978      0.986      1.430    10.0232 0.0000e+00
      1.005      0.004    11.3867    101.047     38.048  26.679921     3.3135      9.886   132.7329 4.7112e+01     5.0342      0.985      1.428    10.0420 0.0000e+00
      1.006      0.004    11.3580    101.290     37.999  26.630981     3.3820      9.887   132.6978 4.6998e+01     4.9919      0.985      1.430    10.0479 0.0000e+00
      1.008      0.005    11.3530    101.567     37.936  26.566824     3.4798      9.888   132.5868 4.6882e+01     4.8973      0.988      1.434    10.0591 0.0000e+00
      1.010      0.008    11.3599    101.888     37.924  26.538412     3.5305      9.889   132.4241 4.6798e+01     4.8809      0.990      1.436    10.0735 0.0000e+00
      1.011      0.011    11.3859    102.160     37.954  26.541131     3.5291      9.890   132.3647 4.6773e+01     4.9648      0.991      1.437    10.0632 0.0000e+00
      1.012      0.013    11.4208    102.244     37.974  26.536249     3.5209      9.890   132.3845 4.6819e+01     5.0911      0.992      1.439    10.0405 0.0000e+00
      1.016      0.014    11.4572    102.205     38.012  26.542792     3.4984      9.890   132.4918 4.6868e+01     5.1106      0.995      1.442    10.0134 0.0000e+00
      1.023      0.014    11.5036    102.093     38.052  26.556789     3.4732      9.891   132.5438 4.6867e+01     4.9949      1.003      1.454     9.9833 0.0000e+00
      1.029      0.013    11.5529    101.842     38.083  26.578631     3.4738      9.892   132.4965 4.6870e+01     4.9906      1.012      1.468     9.9631 0.0000e+00
      1.033      0.011    11.5601    101.525     38.119  26.616611     3.4645      9.893   132.5227 4.6805e+01     5.0589      1.014      1.471     9.9398 0.0000e+00
      1.033      0.008    11.5598    101.225     38.121  26.635476     3.4189      9.893   132.6020 4.6713e+01     5.0684      1.013      1.470     9.9082 0.0000e+00
      1.033      0.005    11.5641    100.956     38.075  26.616481     3.3727      9.892   132.6812 4.6718e+01     5.0714      1.013      1.469     9.8851 0.0000e+00
      1.033      0.005    11.5267    100.787     38.014  26.577225     3.3463      9.892   132.7066 4.6733e+01     5.0277      1.013      1.469     9.8872 0.0000e+00
      1.034      0.007    11.4814    100.757     37.967  26.541380     3.3418      9.892   132.6505 4.6715e+01     4.9842      1.014      1.471     9.9084 0.0000e+00
      1.035      0.011    11.4435    100.845     37.918  26.500188     3.3847      9.893   132.5193 4.6661e+01     4.9553      1.014      1.471     9.9350 0.0000e+00
      1.039      0.015    11.4011    101.012     37.883  26.459710     3.4642      9.893   132.4113 4.6605e+01     4.9175      1.018      1.476     9.9565 0.0000e+00
      1.044      0.017    11.3807    101.198     37.889  26.432480     3.5127      9.894   132.4620 4.6575e+01     4.9705      1.024      1.484     9.9576 0.0000e+00
      1.050      0.019    11.3810    101.338     37.932  26.424611     3.5220      9.894   132.6161 4.6523e+01     5.0497      1.030      1.494     9.9506 0.0000e+00
      1.056      0.020    11.3928    101.426     37.983  26.427950     3.4927      9.894   132.7266 4.6408e+01     5.1241      1.037      1.504     9.9469 0.0000e+00
      1.061      0.021    11.4189    101.480     37.989  26.409386     3.4247      9.895   132.7661 4.6238e+01     5.2209      1.041      1.509     9.9289 0.0000e+00
      1.064      0.021    11.4561    101.483     37.989  26.390404     3.3743      9.897   132.8343 4.6073e+01     5.2289      1.043      1.512     9.8837 0.0000e+00
      1.068      0.020    11.4877    101.458     38.004  26.388694     3.3585      9.897   132.8626 4.5910e+01     5.2551      1.047      1.518     9.8251 0.0000e+00
      1.075      0.018    11.5065    101.407     38.014  26.388694     3.3502      9.897   132.7636 4.5743e+01     5.3325      1.054      1.529     9.7816 0.0000e+00
      1.083      0.016    11.5236    101.285     38.023  26.390405     3.3238      9.897   132.5843 4.5581e+01     5.3109      1.064      1.543     9.7561 0.0000e+00
      1.088      0.015    11.5282    101.115     38.053  26.409379     3.2886      9.897   132.4168 4.5391e+01     5.2331      1.069      1.550     9.7297 0.0000e+00
      1.089      0.015    11.5291    100.970     38.075  26.427829     3.2738      9.897   132.3729 4.5186e+01     5.1786      1.068      1.549     9.7123 0.0000e+00
      1.089      0.015    11.5298    100.910     38.054  26.423213     3.2786      9.897   132.4839 4.5086e+01     5.1639      1.067      1.547     9.7055 0.0000e+00
      1.092      0.015    11.5152    100.945     38.029  26.417007     3.2799      9.897   132.6402 4.5075e+01     5.1910      1.070      1.550     9.7008 0.0000e+00
      1.097      0.016    11.4934    101.040     38.024  26.416230     3.2734      9.898   132.7141 4.5048e+01     5.1654      1.076      1.560     9.6973 0.0000e+00
      1.105      0.017    11.4746    101.169     38.029  26.413821     3.2668      9.898   132.6882 4.5031e+01     5.0584      1.084      1.572     9.6965 0.0000e+00
      1.111      0.017    11.4620    101.320     38.002  26.387876     3.2324      9.899   132.6721 4.4979e+01     5.0589      1.091      1.582     9.7141 0.0000e+00
      1.114      0.017    11.4628    101.468     37.972  26.356207     3.1828      9.900   132.7775 4.4860e+01     5.1374      1.093      1.585     9.7357 0.0000e+00
      1.116      0.017    11.4735    101.582     37.980  26.348012     3.1661      9.901   132.8438 4.4745e+01     5.1195      1.094      1.586     9.7388 0.0000e+00
      1.118      0.017    11.4918    101.661     37.998  26.352196     3.1553      9.901   132.7847 4.4666e+01     5.0478      1.096      1.590     9.7254 0.0000e+00
      1.123      0.018    11.5121    101.699     37.988  26.343376     3.1183      9.901   132.7514 4.4571e+01     4.9874      1.101      1.597     9.7179 0.0000e+00
      1.129      0.020    11.5341    101.711     37.945  26.304783     3.0107      9.901   132.7001 4.4429e+01     5.0040      1.107      1.606     9.7069 0.0000e+00
      1.136      0.022    11.5536    101.716     37.919  26.266099     2.8447      9.902   132.5946 4.4291e+01     5.0433      1.114      1.615     9.6792 0.0000e+00
      1.142      0.022    11.5663    101.699     37.943  26.256167     2.7504      9.902   132.5938 4.4151e+01     5.0192      1.120      1.624     9.6688 0.0000e+00
      1.147      0.021    11.5685    101.664     37.966  26.248090     2.7365      9.903   132.6039 4.3981e+01     4.9865      1.125      1.631     9.6754 0.0000e+00
      1.152      0.020    11.5699    101.602     37.967  26.231835     2.7680      9.903   132.5452 4.3813e+01     4.9894      1.130      1.638     9.6649 0.0000e+00
      1.157      0.018    11.5824    101.521     38.008  26.249873     2.8481      9.904   132.5721 4.3656e+01     5.0540      1.136      1.647     9.6356 0.0000e+00
      1.162      0.016    11.5880    101.432     38.044  26.275909     2.8985      9.905   132.5854 4.3465e+01     5.0502      1.140      1.654     9.5962 0.0000e+00
      1.166      0.015    11.5963    101.324     38.050  26.292947     2.8936      9.905   132.5339 4.3287e+01     4.9775      1.143      1.658     9.5603 0.0000e+00
      1.169      0.015    11.5937    101.248     38.077  26.329050     2.8400      9.904   132.4649 4.3151e+01     5.0282      1.146      1.662     9.5423 0.0000e+00
      1.171      0.018    11.5871    101.243     38.056  26.331905     2.7498      9.904   132.3535 4.2988e+01     5.1167      1.148      1.665     9.5238 0.0000e+00
      1.173      0.022    11.5808    101.286     37.945  26.264068     2.7009      9.905   132.3925 4.2868e+01     5.1263      1.150      1.667     9.5233 0.0000e+00
      1.178      0.024    11.5574    101.413     37.885  26.206492     2.6736      9.905   132.5060 4.2867e+01     5.0761      1.154      1.673     9.5493 0.0000e+00
      1.188      0.025    11.5394    101.625     37.937  26.206545     2.5610      9.905   132.4355 4.2886e+01     4.9873      1.164      1.688     9.5704 0.0000e+00
      1.200      0.026    11.5370    101.818     37.978  26.201241     2.4054      9.906   132.3144 4.2806e+01     5.0091      1.178      1.708     9.5954 0.0000e+00
      1.208      0.026    11.5315    101.957     37.920  26.142333     2.3399      9.907   132.3315 4.2651e+01     5.1350      1.186      1.721     9.6200 0.0000e+00
      1.210      0.026    11.5492    102.041     37.837  26.065069     2.3270      9.908   132.3845 4.2540e+01     5.1435      1.187      1.722     9.5984 0.0000e+00
      1.213      0.025    11.6006    102.051     37.837  26.028088     2.2991      9.909   132.3532 4.2505e+01     5.0438      1.187      1.722     9.5342 0.0000e+00
      1.220      0.025    11.6355    101.979     37.881  26.012265     2.2864      9.909   132.3828 4.2528e+01     5.0220      1.195      1.733     9.4820 0.0000e+00
      1.229      0.026    11.6554    101.822     37.920  26.000547     2.2978      9.910   132.4843 4.2548e+01     5.0848      1.207      1.750     9.4676 0.0000e+00
      1.237      0.026    11.6702    101.595     37.976  26.013207     2.3213      9.911   132.4623 4.2552e+01     5.0859      1.213      1.760     9.4552 0.0000e+00
      1.243      0.025    11.6871    101.364     38.030  26.038479     2.3279      9.913   132.3752 4.2592e+01     5.0010      1.219      1.768     9.3971 0.0000e+00
      1.250      0.022    11.6990    101.186     38.046  26.052409     2.3108      9.913   132.3776 4.2617e+01     5.0150      1.226      1.779     9.3253 0.0000e+00
      1.255      0.019    11.6954    101.070     38.029  26.054797     2.2981      9.913   132.4051 4.2626e+01     5.1516      1.232      1.787     9.2751 0.0000e+00
      1.259      0.018    11.6757    101.054     38.022  26.067365     2.2911      9.913   132.4493 4.2613e+01     5.2184      1.234      1.790     9.2405 0.0000e+00
      1.261      0.018    11.6494    101.173     38.022  26.077541     2.2837      9.915   132.5684 4.2609e+01     5.1741      1.237      1.794     9.2254 0.0000e+00
      1.265      0.018    11.6299    101.409     37.999  26.051001     2.2423      9.916   132.6404 4.2706e+01     5.0599      1.239      1.798     9.2300 0.0000e+00
      1.270      0.018    11.6075    101.710     37.958  26.000141     2.1741      9.916   132.6314 4.2798e+01     4.9992      1.244      1.805     9.2522 0.0000e+00
      1.277      0.017    11.5961    101.992     37.936  25.969956     2.1496      9.916   132.6315 4.2853e+01     5.0547      1.253      1.816     9.2801 0.0000e+00
      1.282      0.017    11.6048    102.195     37.911  25.939706     2.1460      9.917   132.6424 4.2908e+01     5.0814      1.258      1.825     9.3033 0.0000e+00
      1.286      0.016    11.6378    102.290     37.879  25.888057     2.1631      9.918   132.5901 4.2941e+01     5.0832      1.261      1.830     9.2848 0.0000e+00
      1.288      0.016    11.6917    102.281     37.899  25.852808     2.2159      9.918   132.4300 4.2975e+01     5.1108      1.263      1.832     9.2356 0.0000e+00
      1.291      0.016    11.7285    102.176     37.955  25.830569     2.2514      9.919   132.3412 4.3069e+01     5.1085      1.265      1.835     9.2249 0.0000e+00
      1.295      0.017    11.7547    101.955     38.002  25.809373     2.2667      9.921   132.4628 4.3244e+01     5.1239      1.270      1.841     9.2201 0.0000e+00
      1.300      0.019    11.7768    101.640     38.008  25.786738     2.2350      9.922   132.6098 4.3408e+01     5.1250      1.274      1.849     9.1792 0.0000e+00
      1.305      0.022    11.7928    101.299     37.956  25.747126     2.1683      9.922   132.5694 4.3520e+01     5.0882      1.280      1.856     9.1129 0.0000e+00
      1.310      0.024    11.8090    101.031     37.917  25.710946     2.1499      9.923   132.4899 4.3674e+01     5.0885      1.284      1.863     9.0238 0.0000e+00
      1.316      0.025    11.8050    100.881     37.991  25.729804     2.1629      9.923   132.5101 4.4081e+01     5.0945      1.289      1.870     8.9403 0.0000e+00
