Data/DataNotYetUploadedToEDI/Raw_CTD/RawDownloads/030926_FCR_10_S7809003.cnv
* Sea-Bird SBE19plus  Data File:
* FileName = C:\R\Reservoirs\Data\DataNotYetUploadedToEDI\Raw_CTD\RawDownloads\051126_FCR_50_S7809_0003.hex
* Software version 2.8.0.119
* Temperature SN = 7809
* Conductivity SN = 7809
* System UpLoad Time = May 11 2026 15:29:40
* <ApplicationData>
* <Seaterm232>
# nquan = 15
# nvalues = 780                         
# units = specified
# name 0 = depFM: Depth [fresh water, m]
# name 1 = dz/dtM: Descent Rate [m/s]
# name 2 = sbeox0Mg/L: Oxygen, SBE 43 [mg/l]
# name 3 = sbeox0PS: Oxygen, SBE 43 [% saturation]
# name 4 = specc: Specific Conductance [uS/cm]
# name 5 = c0uS/cm: Conductivity [uS/cm]
# name 6 = flECO-AFL: Fluorescence, WET Labs ECO-AFL/FL [mg/m^3]
# name 7 = ph: pH
# name 8 = orp: Oxidation Reduction Potential [mV]
# name 9 = par/sat/log: PAR/Logarithmic, Satlantic
# name 10 = turbWETntu0: Turbidity, WET Labs ECO [NTU]
# name 11 = prdM: Pressure, Strain Gauge [db]
# name 12 = prdE: Pressure, Strain Gauge [psi]
# name 13 = tv290C: Temperature [ITS-90, deg C]
# name 14 = flag:  0.000e+00
# span 0 =     -0.620,      1.436       
# span 1 =     -0.026,      0.149       
# span 2 =     6.7780,    10.8118       
# span 3 =     63.070,    100.205       
# span 4 =      2.459,     38.561       
# span 5 =   1.820842,  28.646382       
# span 6 =    -0.0815,    46.6596       
# span 7 =      9.225,      9.710       
# span 8 = -1240.7452,   155.3423       
# span 9 = 2.3421e+01, 2.2772e+03       
# span 10 =     2.2936,   312.9882      
# span 11 =     -0.608,      1.409      
# span 12 =     -0.882,      2.044      
# span 13 =    10.3968,    12.1949      
# span 14 = 0.0000e+00, 0.0000e+00      
# interval = seconds: 0.25
# start_time = Mar 09 2026 10:57:44 [Instrument's time stamp, header]
# bad_flag = -9.990e-29
*END*
[from data line 579]
      1.395      0.001    10.5946     95.257     38.543  27.323059    11.3095      9.710   130.0116 9.1780e+01   231.9191      1.368      1.984    10.5208 0.0000e+00
      1.395      0.001    10.6116     95.382     38.529  27.363424    11.5228      9.709   129.7558 9.0572e+01   217.7735      1.368      1.985    10.4667 0.0000e+00
      1.396      0.001    10.6295     95.487     38.479  27.387969    11.5478      9.708   129.5228 8.9787e+01   215.7695      1.369      1.985    10.4194 0.0000e+00
      1.396      0.001    10.6369     95.599     38.383  27.366179    11.6860      9.708   129.2596 8.9977e+01   207.3818      1.369      1.986    10.3968 0.0000e+00
      1.396      0.001    10.6424     95.733     38.333  27.353723    11.9288      9.707   128.9830 8.9097e+01   192.1581      1.370      1.987    10.4298 0.0000e+00
      1.396      0.001    10.6411     95.844     38.343  27.364240    12.0526      9.707   128.7600 8.6712e+01   183.8813      1.369      1.986    10.5031 0.0000e+00
      1.397      0.001    10.6279     95.919     38.350  27.366495    12.0849      9.707   128.5423 8.4383e+01   183.1760      1.370      1.987    10.5937 0.0000e+00
      1.397      0.001    10.6223     95.949     38.360  27.380981    12.1354      9.707   128.4148 8.3191e+01   182.6745      1.370      1.988    10.6582 0.0000e+00
      1.398      0.001    10.6356     95.932     38.374  27.412542    12.3564      9.706   128.3370 8.3616e+01   177.7154      1.371      1.989    10.6845 0.0000e+00
      1.398      0.001    10.6460     95.887     38.360  27.430988    12.7339      9.705   128.1179 8.4094e+01   168.7489      1.371      1.989    10.6860 0.0000e+00
      1.398      0.001    10.6591     95.817     38.296  27.413772    12.9214      9.705   127.9172 8.2845e+01   163.8623      1.372      1.990    10.6701 0.0000e+00
      1.398      0.001    10.6615     95.757     38.241  27.394690    12.9081      9.705   127.8889 8.1156e+01   163.0730      1.371      1.989    10.6779 0.0000e+00
      1.398      0.001    10.6476     95.772     38.245  27.390565    12.5989      9.706   127.9483 8.0406e+01   158.6593      1.372      1.989    10.7147 0.0000e+00
      1.398      0.001    10.6353     95.832     38.252  27.363892    11.9877      9.706   128.0318 8.0615e+01   150.5308      1.371      1.990    10.7514 0.0000e+00
      1.399      0.001    10.6163     95.840     38.264  27.325857    11.6275      9.706   128.2104 8.1219e+01   146.0243      1.372      1.989    10.7919 0.0000e+00
      1.399      0.001    10.5955     95.758     38.333  27.311195    11.5640      9.706   128.4732 8.1607e+01   145.0938      1.372      1.990    10.8305 0.0000e+00
      1.399      0.001    10.6012     95.622     38.421  27.313393    11.3623      9.707   128.6290 8.2189e+01   139.4516      1.372      1.990    10.8210 0.0000e+00
      1.400      0.001    10.6268     95.467     38.490  27.352364    11.0033      9.707   128.7178 8.2056e+01   129.1120      1.373      1.991    10.7665 0.0000e+00
      1.400      0.001    10.6417     95.304     38.497  27.401831    10.8101      9.706   128.8577 8.0417e+01   123.3426      1.373      1.991    10.7155 0.0000e+00
      1.401      0.002    10.6523     95.173     38.416  27.404139    10.8237      9.706   128.9437 7.8366e+01   122.3341      1.374      1.992    10.6269 0.0000e+00
      1.401      0.002    10.6638     95.152     38.313  27.380334    11.2514      9.706   128.9832 7.6176e+01   117.3283      1.374      1.993    10.5114 0.0000e+00
      1.401      0.002    10.6506     95.288     38.248  27.367757    12.0533      9.706   129.0768 7.4096e+01   108.1477      1.374      1.993    10.4992 0.0000e+00
      1.401      0.002    10.6096     95.516     38.246  27.378966    12.4868      9.705   129.2154 7.2468e+01   103.0497      1.374      1.993    10.5831 0.0000e+00
      1.402      0.002    10.5699     95.757     38.279  27.389024    12.5397      9.705   129.3681 7.1614e+01   102.2818      1.375      1.994    10.6735 0.0000e+00
      1.403      0.002    10.5480     95.989     38.275  27.362504    12.9420      9.704   129.4612 7.1324e+01    99.7179      1.376      1.996    10.7353 0.0000e+00
      1.403      0.002    10.5562     96.164     38.229  27.311983    13.7136      9.704   129.4803 7.0788e+01    95.1763      1.376      1.996    10.7818 0.0000e+00
      1.404      0.002    10.5800     96.247     38.199  27.285567    14.1291      9.704   129.5135 6.9632e+01    92.6648      1.376      1.996    10.8067 0.0000e+00
      1.404      0.002    10.6118     96.245     38.209  27.296797    14.1370      9.704   129.5185 6.8055e+01    92.3062      1.377      1.997    10.7766 0.0000e+00
      1.405      0.002    10.6517     96.181     38.237  27.320919    14.1009      9.704   129.4540 6.6160e+01    92.0352      1.377      1.998    10.7366 0.0000e+00
      1.405      0.002    10.6774     96.108     38.242  27.323529    13.8668      9.704   129.5088 6.4878e+01    90.2437      1.378      1.999    10.7151 0.0000e+00
      1.406      0.001    10.6885     96.048     38.250  27.328350    13.4455      9.704   129.7498 6.4860e+01    87.0075      1.378      1.999    10.7044 0.0000e+00
      1.406      0.001    10.6841     95.973     38.313  27.379209    13.2270      9.704   129.9594 6.4773e+01    85.2207      1.378      1.999    10.7196 0.0000e+00
      1.406      0.001    10.6721     95.863     38.362  27.431067    13.1728      9.703   130.0644 6.4133e+01    84.8312      1.379      2.000    10.7284 0.0000e+00
      1.406      0.001    10.6647     95.753     38.359  27.447981    12.8321      9.702   130.1586 6.3039e+01    82.8787      1.379      2.001    10.7204 0.0000e+00
      1.406      0.001    10.6604     95.678     38.364  27.456891    12.2365      9.702   130.2376 6.2238e+01    79.4111      1.378      1.999    10.7189 0.0000e+00
      1.406      0.001    10.6529     95.623     38.393  27.475373    11.9059      9.701   130.2460 6.1841e+01    77.5418      1.379      2.000    10.7207 0.0000e+00
      1.407      0.001    10.6320     95.590     38.379  27.481160    11.8233      9.701   130.2596 6.1018e+01    77.1854      1.380      2.002    10.7478 0.0000e+00
      1.408      0.001    10.6081     95.612     38.293  27.463449    11.1452      9.700   130.3167 6.0110e+01    75.1028      1.380      2.002    10.7859 0.0000e+00
      1.408      0.001    10.6009     95.684     38.207  27.451554     9.8994      9.700   130.3339 5.9138e+01    71.4559      1.380      2.002    10.7880 0.0000e+00
      1.408      0.001    10.6000     95.784     38.184  27.464245     9.2377      9.700   130.3813 5.8070e+01    69.5399      1.381      2.003    10.7697 0.0000e+00
      1.408      0.001    10.5903     95.881     38.195  27.490078     9.1288      9.699   130.4596 5.7358e+01    69.2554      1.381      2.003    10.7807 0.0000e+00
      1.409      0.001    10.5765     95.937     38.181  27.510209     8.4989      9.699   130.5061 5.6901e+01    68.0157      1.381      2.004    10.8524 0.0000e+00
      1.409      0.001    10.5646     95.993     38.137  27.517400     7.3894      9.698   130.5995 5.6514e+01    65.8581      1.382      2.004    10.9380 0.0000e+00
      1.409      0.001    10.5682     96.073     38.100  27.513643     6.8009      9.697   130.6429 5.6537e+01    64.7566      1.382      2.005    10.9674 0.0000e+00
      1.410      0.001    10.5818     96.118     38.138  27.528236     6.7604      9.697   130.6000 5.6892e+01    64.7402      1.382      2.005    10.9732 0.0000e+00
      1.410      0.001    10.5738     96.113     38.243  27.566982     6.7240      9.696   130.5976 5.6579e+01    64.6701      1.382      2.005    11.0168 0.0000e+00
      1.410      0.001    10.5612     96.104     38.323  27.601517     6.2697      9.696   130.6131 5.5513e+01    63.9078      1.383      2.006    11.0827 0.0000e+00
      1.410      0.001    10.5652     96.123     38.348  27.628639     5.4622      9.698   130.7021 5.4549e+01    62.6288      1.383      2.007    11.1242 0.0000e+00
      1.410      0.001    10.5752     96.169     38.328  27.641217     5.0343      9.699   130.8126 5.3576e+01    62.0155      1.383      2.006    11.1037 0.0000e+00
      1.410      0.001    10.5900     96.251     38.274  27.626776     4.9908      9.699   130.7454 5.2881e+01    62.0605      1.383      2.006    11.0302 0.0000e+00
      1.411      0.001    10.5974     96.354     38.197  27.580919     4.9121      9.699   130.6639 5.2660e+01    62.6944      1.384      2.007    10.9895 0.0000e+00
      1.411      0.001    10.5954     96.447     38.144  27.530758     4.7646      9.700   130.7732 5.2329e+01    63.8725      1.383      2.007    11.0120 0.0000e+00
      1.411      0.001    10.5868     96.488     38.198  27.527671     4.6900      9.701   130.9479 5.2141e+01    64.5883      1.383      2.007    11.0596 0.0000e+00
      1.412      0.001    10.5883     96.440     38.308  27.543546     4.7000      9.701   130.9702 5.2315e+01    64.8248      1.384      2.008    11.0964 0.0000e+00
      1.412      0.001    10.5977     96.326     38.382  27.532364     4.6777      9.701   130.8704 5.2688e+01    65.4341      1.384      2.008    11.1092 0.0000e+00
      1.412      0.001    10.6105     96.176     38.440  27.519249     4.6028      9.701   130.8608 5.2201e+01    66.3868      1.384      2.008    11.1022 0.0000e+00
      1.412      0.001    10.6333     96.017     38.483  27.511770     4.5362      9.702   130.9399 5.0847e+01    66.8478      1.384      2.008    11.0421 0.0000e+00
      1.412      0.001    10.6489     95.867     38.484  27.505325     4.5296      9.703   131.0517 5.0557e+01    66.8753      1.385      2.009    10.9451 0.0000e+00
      1.412      0.000    10.6572     95.717     38.452  27.504726     4.6560      9.703   131.1798 5.1258e+01    66.8209      1.384      2.008    10.8603 0.0000e+00
      1.412 4.0984e-07    10.6567     95.586     38.422  27.504566     4.8493      9.703   131.2844 5.1482e+01    66.6001      1.385      2.009    10.7881 0.0000e+00
      1.412      0.000    10.6534     95.531     38.427  27.503408     4.9183      9.704   131.4566 5.1074e+01    66.3918      1.385      2.009    10.7273 0.0000e+00
      1.412      0.000    10.6406     95.569     38.425  27.490713     4.8920      9.704   131.7127 5.0667e+01    66.3184      1.386      2.010    10.7150 0.0000e+00
      1.412      0.001    10.6122     95.660     38.395  27.477911     4.7979      9.704   131.8865 5.0182e+01    66.3273      1.385      2.009    10.7630 0.0000e+00
      1.412      0.001    10.5820     95.755     38.365  27.475490     4.6383      9.703   131.9229 4.9392e+01    66.3283      1.385      2.009    10.8119 0.0000e+00
      1.413      0.001    10.5803     95.791     38.325  27.461455     4.5426      9.703   131.9802 4.8497e+01    66.2623      1.386      2.010    10.7877 0.0000e+00
      1.413      0.001    10.5977     95.796     38.280  27.435088     4.5152      9.703   132.1502 4.7770e+01    66.2472      1.385      2.009    10.7505 0.0000e+00
      1.413      0.002    10.5997     95.823     38.254  27.410394     4.4901      9.702   132.2563 4.7387e+01    67.1701      1.386      2.010    10.7796 0.0000e+00
      1.414      0.002    10.6091     95.832     38.279  27.416580     4.3803      9.701   132.2303 4.6882e+01    78.0021      1.386      2.010    10.8092 0.0000e+00
      1.415      0.002    10.6062     95.824     38.335  27.446440     4.1867      9.702   132.2663 4.6111e+01    97.9142      1.387      2.011    10.8282 0.0000e+00
      1.415      0.002    10.5980     95.845     38.353  27.454295     4.0558      9.702   132.4334 4.5270e+01   108.7424      1.387      2.012    10.8394 0.0000e+00
      1.415      0.001    10.6107     95.897     38.346  27.448118     4.0048      9.702   132.5300 4.4450e+01   109.7595      1.388      2.013    10.8268 0.0000e+00
      1.415      0.001    10.6144     95.943     38.326  27.435188     3.9600      9.703   132.5746 4.3902e+01   111.4422      1.388      2.013    10.8081 0.0000e+00
      1.416      0.001    10.6150     95.957     38.311  27.424810     3.9050      9.703   132.7144 4.3420e+01   114.5014      1.388      2.013    10.7928 0.0000e+00
      1.416      0.001    10.6184     95.921     38.347  27.449490     3.8653      9.701   132.6719 4.2935e+01   116.1404      1.388      2.014    10.7863 0.0000e+00
      1.417      0.001    10.6270     95.847     38.387  27.479892     3.8538      9.700   132.4048 4.2802e+01   116.3669      1.389      2.015    10.7865 0.0000e+00
      1.417      0.001    10.6311     95.765     38.373  27.475270     4.0239      9.700   132.2373 4.2882e+01   118.3330      1.389      2.015    10.7914 0.0000e+00
      1.417      0.001    10.6339     95.685     38.338  27.457026     4.3745      9.701   132.2815 4.2783e+01   122.0807      1.390      2.015    10.7908 0.0000e+00
      1.417      0.001    10.6306     95.663     38.316  27.449601     4.5809      9.701   132.3369 4.2113e+01   124.1730      1.390      2.015    10.7879 0.0000e+00
      1.417      0.001    10.6189     95.720     38.304  27.448925     4.6040      9.702   132.2192 4.1005e+01   123.9897      1.390      2.016    10.7895 0.0000e+00
      1.418      0.001    10.6104     95.818     38.297  27.448851     4.5546      9.702   132.2351 4.0169e+01   119.7954      1.391      2.017    10.7959 0.0000e+00
      1.418      0.001    10.5955     95.960     38.298  27.448722     4.4745      9.702   132.4428 3.9724e+01   112.2315      1.390      2.016    10.8060 0.0000e+00
      1.418      0.001    10.5875     96.080     38.302  27.447360     4.4514      9.702   132.5803 3.9470e+01   108.1635      1.391      2.017    10.8173 0.0000e+00
      1.418      0.001    10.5971     96.107     38.290  27.432379     4.4491      9.702   132.6932 3.9559e+01   107.5015      1.391      2.018    10.8291 0.0000e+00
      1.418      0.001    10.6016     96.093     38.246  27.394430     4.3301      9.702   132.7751 3.9869e+01   104.0235      1.391      2.017    10.8367 0.0000e+00
      1.419      0.001    10.6210     96.031     38.219  27.369070     4.1284      9.702   132.8825 3.9738e+01    97.8107      1.392      2.019    10.8349 0.0000e+00
      1.419      0.001    10.6437     95.935     38.236  27.379448     4.0326      9.702   133.0448 3.9157e+01    94.5183      1.392      2.019    10.8282 0.0000e+00
      1.420      0.001    10.6391     95.843     38.254  27.393057     4.0293      9.703   133.1893 3.8525e+01    94.2758      1.392      2.019    10.8199 0.0000e+00
      1.420      0.001    10.6459     95.780     38.271  27.406770     4.0136      9.703   133.3382 3.7895e+01    93.9564      1.393      2.020    10.8100 0.0000e+00
      1.420      0.001    10.6386     95.770     38.289  27.418405     3.9428      9.703   133.4684 3.7220e+01    90.8621      1.393      2.020    10.8011 0.0000e+00
      1.420      0.001    10.6268     95.813     38.278  27.406883     3.8312      9.703   133.5590 3.6487e+01    85.3180      1.393      2.020    10.7982 0.0000e+00
      1.421      0.001    10.6161     95.890     38.267  27.394306     3.7878      9.701   133.5734 3.6028e+01    82.3640      1.394      2.022    10.8018 0.0000e+00
      1.421      0.001    10.6052     95.954     38.271  27.393172     3.8091      9.699   133.5568 3.5780e+01    82.0972      1.394      2.022    10.8048 0.0000e+00
      1.421      0.001    10.6072     96.009     38.274  27.393172     3.7981      9.697   133.5313 3.5460e+01    81.1015      1.394      2.022    10.8030 0.0000e+00
      1.422      0.001    10.6106     96.057     38.267  27.394306     3.7542      9.696   133.5219 3.5402e+01    79.2747      1.395      2.023    10.7979 0.0000e+00
      1.422      0.001    10.6268     96.108     38.257  27.406883     3.7275      9.694   133.5299 3.5433e+01    78.3191      1.394      2.022    10.7907 0.0000e+00
