Data/DataNotYetUploadedToEDI/Raw_CTD/RawDownloads/030926_FCR_40_S7809006.cnv
* Sea-Bird SBE19plus  Data File:
* FileName = C:\R\Reservoirs\Data\DataNotYetUploadedToEDI\Raw_CTD\RawDownloads\051126_FCR_50_S7809_0006.hex
* Software version 2.8.0.119
* Temperature SN = 7809
* Conductivity SN = 7809
* System UpLoad Time = May 11 2026 15:31:20
* <ApplicationData>
* <Seaterm232>
# nquan = 15
# nvalues = 1185                        
# units = specified
# name 0 = depFM: Depth [fresh water, m]
# name 1 = dz/dtM: Descent Rate [m/s]
# name 2 = sbeox0Mg/L: Oxygen, SBE 43 [mg/l]
# name 3 = sbeox0PS: Oxygen, SBE 43 [% saturation]
# name 4 = specc: Specific Conductance [uS/cm]
# name 5 = c0uS/cm: Conductivity [uS/cm]
# name 6 = flECO-AFL: Fluorescence, WET Labs ECO-AFL/FL [mg/m^3]
# name 7 = ph: pH
# name 8 = orp: Oxidation Reduction Potential [mV]
# name 9 = par/sat/log: PAR/Logarithmic, Satlantic
# name 10 = turbWETntu0: Turbidity, WET Labs ECO [NTU]
# name 11 = prdM: Pressure, Strain Gauge [db]
# name 12 = prdE: Pressure, Strain Gauge [psi]
# name 13 = tv290C: Temperature [ITS-90, deg C]
# name 14 = flag:  0.000e+00
# span 0 =     -0.613,      5.094       
# span 1 =     -0.025,      0.121       
# span 2 =     6.9852,    12.1627       
# span 3 =     65.707,    104.563       
# span 4 =      2.208,     40.725       
# span 5 =   1.599437,  28.813970       
# span 6 =     0.0278,     8.9874       
# span 7 =      9.028,     10.066       
# span 8 =  -102.1194,   135.8534       
# span 9 = 3.7136e-01, 1.9420e+03       
# span 10 =     2.4165,    77.6524      
# span 11 =     -0.602,      4.997      
# span 12 =     -0.872,      7.247      
# span 13 =     5.0315,    12.9110      
# span 14 = 0.0000e+00, 0.0000e+00      
# interval = seconds: 0.25
# start_time = Mar 09 2026 11:35:57 [Instrument's time stamp, header]
# bad_flag = -9.990e-29
*END*
[from data line 868]
      3.769      0.021    10.3811     81.591     39.085  23.652883     1.5347      9.799   107.5826 1.8471e+01     4.2707      3.695      5.359     5.2562 0.0000e+00
      3.767      0.012    10.3813     81.378     39.088  23.652790     1.5221      9.799   107.4676 1.8485e+01     4.3333      3.693      5.356     5.2575 0.0000e+00
      3.770      0.007    10.3808     81.078     39.068  23.639276     1.5182      9.798   107.4643 1.8436e+01     4.3677      3.697      5.362     5.2596 0.0000e+00
      3.775      0.006    10.3758     80.688     39.029  23.616321     1.5126      9.796   107.4570 1.8372e+01     4.3791      3.702      5.370     5.2600 0.0000e+00
      3.779      0.008    10.3493     80.323     39.049  23.628900     1.4878      9.794   107.3789 1.8359e+01     4.3010      3.707      5.377     5.2575 0.0000e+00
      3.779      0.010    10.3269     79.976     39.107  23.664539     1.4846      9.793   107.4659 1.8415e+01     4.2434      3.708      5.376     5.2539 0.0000e+00
      3.779      0.011    10.2942     79.631     39.112  23.666740     1.5066      9.792   107.6489 1.8450e+01     4.2633      3.705      5.373     5.2525 0.0000e+00
      3.779      0.012    10.2300     79.332     39.095  23.655514     1.5041      9.790   107.6989 1.8378e+01     4.2343      3.704      5.373     5.2534 0.0000e+00
      3.784      0.013    10.1898     79.087     39.097  23.655636     1.4796      9.790   107.6414 1.8224e+01     4.2343      3.710      5.381     5.2547 0.0000e+00
      3.792      0.014    10.1465     78.895     39.118  23.668215     1.4605      9.789   107.5550 1.8107e+01     4.3317      3.719      5.395     5.2551 0.0000e+00
      3.797      0.016    10.0980     78.772     39.137  23.680766     1.4485      9.788   107.5135 1.8079e+01     4.3871      3.725      5.403     5.2541 0.0000e+00
      3.800      0.017    10.0623     78.694     39.134  23.680566     1.4425      9.786   107.5710 1.8069e+01     4.3230      3.726      5.405     5.2525 0.0000e+00
      3.801      0.017    10.0313     78.619     39.109  23.665796     1.4286      9.785   107.6479 1.8016e+01     4.2056      3.727      5.406     5.2514 0.0000e+00
      3.805      0.016    10.0060     78.554     39.047  23.629015     1.4224      9.783   107.6680 1.7914e+01     4.1977      3.730      5.409     5.2506 0.0000e+00
      3.810      0.015     9.9902     78.497     39.025  23.616332     1.4420      9.782   107.6425 1.7803e+01     4.2966      3.736      5.419     5.2519 0.0000e+00
      3.817      0.013     9.9845     78.465     39.061  23.639277     1.4412      9.780   107.6838 1.7729e+01     4.3076      3.744      5.430     5.2549 0.0000e+00
      3.822      0.010     9.9718     78.510     39.082  23.652789     1.4130      9.779   107.8237 1.7693e+01     4.2285      3.749      5.437     5.2555 0.0000e+00
      3.823      0.007     9.9641     78.594     39.080  23.652882     1.4175      9.778   107.8704 1.7694e+01     4.2278      3.750      5.439     5.2557 0.0000e+00
      3.822      0.004     9.9583     78.681     39.059  23.640407     1.4705      9.777   107.8184 1.7724e+01     4.2995      3.749      5.438     5.2569 0.0000e+00
      3.821      0.003     9.9463     78.779     39.040  23.628784     1.5124      9.776   107.7115 1.7734e+01     4.3090      3.747      5.434     5.2581 0.0000e+00
      3.820      0.004     9.9574     78.857     39.059  23.639172     1.5004      9.776   107.6969 1.7701e+01     4.2405      3.745      5.432     5.2592 0.0000e+00
      3.822      0.008     9.9699     78.904     39.061  23.639172     1.4748      9.775   107.9002 1.7642e+01     4.2225      3.748      5.436     5.2600 0.0000e+00
      3.825      0.014     9.9770     78.963     39.045  23.628784     1.4698      9.773   108.0178 1.7557e+01     4.2968      3.751      5.440     5.2615 0.0000e+00
      3.828      0.021     9.9933     79.040     39.066  23.640409     1.4560      9.773   108.0000 1.7423e+01     4.3193      3.754      5.444     5.2617 0.0000e+00
      3.833      0.029    10.0043     79.093     39.092  23.652893     1.4409      9.772   108.0294 1.7191e+01     4.2555      3.759      5.450     5.2594 0.0000e+00
      3.841      0.039    10.0083     79.147     39.098  23.652895     1.4368      9.770   108.1153 1.6866e+01     4.2090      3.766      5.462     5.2574 0.0000e+00
      3.852      0.048    10.0127     79.219     39.085  23.640421     1.4315      9.770   108.1791 1.6511e+01     4.2681      3.778      5.479     5.2580 0.0000e+00
      3.866      0.055    10.0301     79.300     39.072  23.628901     1.4443      9.770   108.1117 1.6086e+01     4.3559      3.789      5.495     5.2566 0.0000e+00
      3.883      0.060    10.0329     79.379     39.096  23.640431     1.4490      9.770   107.9889 1.5614e+01     4.3481      3.807      5.522     5.2516 0.0000e+00
      3.903      0.061    10.0410     79.413     39.120  23.652999     1.4301      9.769   107.8983 1.5225e+01     4.3110      3.828      5.553     5.2468 0.0000e+00
      3.920      0.058    10.0534     79.383     39.125  23.654038     1.4166      9.768   107.8773 1.4950e+01     4.3171      3.845      5.577     5.2409 0.0000e+00
      3.934      0.052    10.0630     79.309     39.125  23.652989     1.4100      9.767   107.9063 1.4760e+01     4.3533      3.859      5.597     5.2354 0.0000e+00
      3.948      0.044    10.0788     79.216     39.106  23.640317     1.4084      9.766   107.9050 1.4650e+01     4.3732      3.873      5.616     5.2322 0.0000e+00
      3.958      0.036    10.0831     79.090     39.087  23.627645     1.3972      9.765   107.9476 1.4638e+01     4.3182      3.884      5.632     5.2301 0.0000e+00
      3.964      0.030    10.0796     78.917     39.087  23.626596     1.3827      9.762   108.0768 1.4716e+01     4.2683      3.887      5.638     5.2281 0.0000e+00
      3.969      0.025    10.0681     78.725     39.090  23.627634     1.3917      9.760   108.1763 1.4821e+01     4.3165      3.891      5.643     5.2256 0.0000e+00
      3.974      0.023    10.0584     78.564     39.112  23.640203     1.3975      9.760   108.1189 1.4965e+01     4.2866      3.899      5.654     5.2246 0.0000e+00
      3.979      0.025    10.0432     78.438     39.132  23.651732     1.3779      9.759   107.8991 1.5132e+01     4.1806      3.902      5.660     5.2238 0.0000e+00
      3.983      0.030    10.0209     78.339     39.116  23.640202     1.3710      9.758   107.7557 1.5225e+01     4.1275      3.904      5.663     5.2221 0.0000e+00
      3.990      0.035     9.9932     78.278     39.098  23.627624     1.4063      9.758   107.8476 1.5256e+01     4.0888      3.913      5.675     5.2206 0.0000e+00
      3.999      0.039     9.9731     78.255     39.098  23.626470     1.4464      9.758   107.9780 1.5219e+01     4.1227      3.920      5.686     5.2202 0.0000e+00
      4.012      0.040     9.9592     78.274     39.098  23.626252     1.4484      9.757   107.9551 1.5048e+01     4.1277      3.931      5.703     5.2193 0.0000e+00
      4.029      0.040     9.9442     78.282     39.095  23.624985     1.4303      9.755   107.8300 1.4891e+01     4.0464      3.954      5.735     5.2174 0.0000e+00
      4.040      0.038     9.9398     78.238     39.073  23.611157     1.4190      9.753   107.7558 1.4836e+01     4.0964      3.965      5.750     5.2148 0.0000e+00
      4.047      0.036     9.9346     78.192     39.033  23.585887     1.4117      9.753   107.8328 1.4768e+01     4.2533      3.967      5.753     5.2120 0.0000e+00
      4.053      0.034     9.9405     78.176     39.015  23.573100     1.4079      9.752   107.9859 1.4696e+01     4.3380      3.975      5.766     5.2133 0.0000e+00
      4.059      0.033     9.9452     78.179     39.035  23.583383     1.3988      9.751   107.9721 1.4609e+01     4.3352      3.980      5.773     5.2150 0.0000e+00
      4.067      0.033     9.9342     78.187     39.038  23.583383     1.3758      9.751   107.8376 1.4451e+01     4.2879      3.986      5.782     5.2128 0.0000e+00
      4.077      0.032     9.9288     78.230     39.023  23.573101     1.3723      9.751   107.7363 1.4265e+01     4.2784      3.996      5.798     5.2113 0.0000e+00
      4.089      0.029     9.9272     78.341     39.044  23.585888     1.3976      9.751   107.6939 1.4117e+01     4.2892      4.011      5.818     5.2098 0.0000e+00
      4.099      0.024     9.9300     78.449     39.085  23.611158     1.3981      9.751   107.7554 1.4055e+01     4.2476      4.022      5.834     5.2067 0.0000e+00
      4.103      0.019     9.9312     78.531     39.110  23.624986     1.3783      9.749   107.7915 1.4049e+01     4.2536      4.024      5.837     5.2037 0.0000e+00
      4.104      0.013     9.9307     78.611     39.115  23.626253     1.3834      9.746   107.7867 1.4053e+01     4.3273      4.025      5.836     5.2027 0.0000e+00
      4.105      0.007     9.9532     78.670     39.117  23.626471     1.3936      9.744   107.7830 1.4036e+01     4.3529      4.025      5.838     5.2034 0.0000e+00
      4.107      0.003     9.9673     78.715     39.118  23.627625     1.3933      9.744   107.7467 1.3983e+01     4.3249      4.028      5.842     5.2034 0.0000e+00
      4.109      0.002     9.9729     78.736     39.138  23.640205     1.3794      9.744   107.6921 1.3937e+01     4.2614      4.032      5.847     5.2020 0.0000e+00
      4.108      0.003     9.9897     78.741     39.158  23.651744     1.3674      9.744   107.5534 1.3904e+01     4.2334      4.029      5.843     5.1999 0.0000e+00
      4.106      0.003     9.9930     78.767     39.140  23.640318     1.3815      9.744   107.4455 1.3809e+01     4.2941      4.026      5.839     5.1981 0.0000e+00
      4.106      0.004    10.0018     78.812     39.122  23.628883     1.3839      9.743   107.5070 1.3622e+01     4.3124      4.025      5.838     5.1985 0.0000e+00
      4.109      0.008    10.0032     78.833     39.140  23.640308     1.3714      9.741   107.6075 1.3405e+01     4.2840      4.029      5.844     5.1999 0.0000e+00
      4.113      0.015    10.0011     78.803     39.160  23.651629     1.3710      9.741   107.7142 1.3226e+01     4.2921      4.035      5.852     5.1993 0.0000e+00
      4.114      0.023    10.0054     78.772     39.141  23.638937     1.3788      9.740   107.7655 1.3066e+01     4.3080      4.034      5.851     5.1980 0.0000e+00
      4.118      0.030    10.0129     78.772     39.101  23.613675     1.3988      9.739   107.6255 1.2816e+01     4.3389      4.034      5.851     5.1975 0.0000e+00
      4.128      0.035    10.0193     78.768     39.080  23.599849     1.3971      9.738   107.4844 1.2479e+01     4.3593      4.045      5.867     5.1978 0.0000e+00
      4.144      0.041    10.0103     78.747     39.078  23.598602     1.3747      9.738   107.4350 1.2205e+01     4.3497      4.066      5.897     5.1984 0.0000e+00
      4.157      0.047    10.0049     78.746     39.080  23.598592     1.3772      9.738   107.2868 1.2050e+01     4.3594      4.080      5.916     5.1965 0.0000e+00
      4.166      0.051    10.0088     78.750     39.085  23.599726     1.3778      9.737   107.1553 1.1916e+01     4.3396      4.083      5.922     5.1937 0.0000e+00
      4.177      0.053    10.0103     78.697     39.108  23.612303     1.3659      9.734   107.1354 1.1734e+01     4.2807      4.093      5.937     5.1924 0.0000e+00
      4.192      0.051    10.0036     78.625     39.129  23.623833     1.3410      9.733   107.0461 1.1518e+01     4.2624      4.111      5.962     5.1925 0.0000e+00
      4.208      0.048    10.0039     78.585     39.112  23.612303     1.3017      9.733   106.9368 1.1270e+01     4.3237      4.127      5.985     5.1918 0.0000e+00
      4.224      0.043    10.0113     78.551     39.091  23.599725     1.2892      9.733   106.9318 1.1012e+01     4.4067      4.143      6.009     5.1894 0.0000e+00
      4.238      0.037    10.0019     78.528     39.087  23.598582     1.2819      9.733   106.9868 1.0827e+01     4.4121      4.159      6.032     5.1874 0.0000e+00
      4.243      0.032     9.9871     78.508     39.085  23.598478     1.2720      9.732   106.9987 1.0690e+01     4.3891      4.164      6.039     5.1858 0.0000e+00
      4.243      0.028     9.9897     78.518     39.088  23.598468     1.3026      9.730   106.9036 1.0493e+01     4.4012      4.159      6.033     5.1840 0.0000e+00
      4.246      0.025     9.9805     78.593     39.092  23.598468     1.3437      9.728   106.8685 1.0211e+01     4.3872      4.161      6.035     5.1838 0.0000e+00
      4.255      0.025     9.9791     78.646     39.092  23.598477     1.3527      9.727   106.9191 9.8990e+00     4.3567      4.173      6.052     5.1869 0.0000e+00
      4.266      0.029     9.9772     78.693     39.091  23.598582     1.3368      9.727   106.8269 9.6145e+00     4.2726      4.185      6.069     5.1884 0.0000e+00
      4.273      0.036     9.9701     78.782     39.093  23.599736     1.3188      9.727   106.7006 9.3750e+00     4.1218      4.192      6.079     5.1849 0.0000e+00
      4.278      0.042     9.9935     78.795     39.117  23.612428     1.3176      9.727   106.6828 9.1263e+00     4.0707      4.195      6.084     5.1815 0.0000e+00
      4.285      0.047     9.9970     78.723     39.142  23.625206     1.3221      9.727   106.6971 8.8083e+00     4.0645      4.199      6.090     5.1816 0.0000e+00
      4.300      0.048     9.9937     78.679     39.149  23.627398     1.2825      9.726   106.7019 8.4279e+00     4.0473      4.214      6.111     5.1833 0.0000e+00
      4.322      0.047    10.0192     78.681     39.170  23.638928     1.2126      9.725   106.6547 8.0783e+00     4.1009      4.240      6.149     5.1833 0.0000e+00
      4.340      0.044    10.0206     78.709     39.170  23.637785     1.1927      9.724   106.5570 7.8492e+00     4.1664      4.260      6.180     5.1808 0.0000e+00
      4.349      0.039    10.0017     78.738     39.134  23.613572     1.2081      9.724   106.5526 7.7130e+00     4.2591      4.266      6.188     5.1771 0.0000e+00
      4.352      0.033    10.0006     78.753     39.117  23.599832     1.2001      9.724   106.6012 7.5952e+00     4.3334      4.266      6.188     5.1747 0.0000e+00
      4.355      0.027     9.9998     78.772     39.120  23.598479     1.1949      9.724   106.4569 7.4652e+00     4.3123      4.269      6.191     5.1741 0.0000e+00
      4.362      0.024    10.0058     78.807     39.121  23.597212     1.2285      9.723   106.2699 7.3462e+00     4.3117      4.278      6.204     5.1732 0.0000e+00
      4.369      0.024    10.0113     78.836     39.102  23.584510     1.2645      9.722   106.3194 7.2581e+00     4.3605      4.286      6.216     5.1696 0.0000e+00
      4.376      0.025    10.0134     78.847     39.083  23.571732     1.2646      9.722   106.4529 7.1748e+00     4.3212      4.292      6.224     5.1643 0.0000e+00
      4.382      0.027    10.0158     78.858     39.082  23.569540     1.2465      9.722   106.5076 7.0885e+00     4.2122      4.298      6.233     5.1600 0.0000e+00
      4.387      0.028    10.0222     78.879     39.066  23.558010     1.2375      9.721   106.4656 6.9857e+00     4.2386      4.303      6.241     5.1579 0.0000e+00
      4.393      0.030    10.0281     78.923     39.071  23.559154     1.2470      9.721   106.2881 6.8244e+00     4.3332      4.307      6.247     5.1563 0.0000e+00
      4.401      0.032    10.0266     78.976     39.114  23.583357     1.2705      9.720   106.1681 6.6109e+00     4.2969      4.316      6.258     5.1542 0.0000e+00
      4.412      0.034    10.0309     79.054     39.139  23.596983     1.2717      9.719   106.1331 6.3875e+00     4.2101      4.327      6.276     5.1525 0.0000e+00
      4.422      0.034    10.0301     79.152     39.140  23.597088     1.2532      9.718   105.9517 6.1767e+00     4.2391      4.337      6.290     5.1506 0.0000e+00
