Data/DataNotYetUploadedToEDI/Raw_CTD/RawDownloads/030926_fcr50_S7809007.cnv
* Sea-Bird SBE19plus  Data File:
* FileName = C:\R\Reservoirs\Data\DataNotYetUploadedToEDI\Raw_CTD\RawDownloads\051126_FCR_50_S7809_0007.hex
* Software version 2.8.0.119
* Temperature SN = 7809
* Conductivity SN = 7809
* System UpLoad Time = May 11 2026 15:32:19
* <ApplicationData>
* <Seaterm232>
# nquan = 15
# nvalues = 1778                        
# units = specified
# name 0 = depFM: Depth [fresh water, m]
# name 1 = dz/dtM: Descent Rate [m/s]
# name 2 = sbeox0Mg/L: Oxygen, SBE 43 [mg/l]
# name 3 = sbeox0PS: Oxygen, SBE 43 [% saturation]
# name 4 = specc: Specific Conductance [uS/cm]
# name 5 = c0uS/cm: Conductivity [uS/cm]
# name 6 = flECO-AFL: Fluorescence, WET Labs ECO-AFL/FL [mg/m^3]
# name 7 = ph: pH
# name 8 = orp: Oxidation Reduction Potential [mV]
# name 9 = par/sat/log: PAR/Logarithmic, Satlantic
# name 10 = turbWETntu0: Turbidity, WET Labs ECO [NTU]
# name 11 = prdM: Pressure, Strain Gauge [db]
# name 12 = prdE: Pressure, Strain Gauge [psi]
# name 13 = tv290C: Temperature [ITS-90, deg C]
# name 14 = flag:  0.000e+00
# span 0 =     -0.625,      9.542       
# span 1 =     -0.036,      0.243       
# span 2 =     3.4676,    12.3561       
# span 3 =     27.265,    103.637       
# span 4 =      1.501,    166.573       
# span 5 =   1.167299,  99.832239       
# span 6 =    -0.1019,     6.6555       
# span 7 =      8.663,     10.014       
# span 8 =  -300.6670,    82.1427       
# span 9 = 1.2366e-01, 3.6022e+02       
# span 10 =    -0.0776,   196.9210      
# span 11 =     -0.614,      9.358      
# span 12 =     -0.890,     13.572      
# span 13 =     4.8355,    13.8825      
# span 14 = 0.0000e+00, 0.0000e+00      
# interval = seconds: 0.25
# start_time = Mar 09 2026 12:02:30 [Instrument's time stamp, header]
# bad_flag = -9.990e-29
*END*
[from data line 675]
      3.624      0.014    11.2498     89.390     38.657  23.597056     2.3794      9.960   -89.0078 5.2509e+00     3.8091      3.554      5.154     5.5259 0.0000e+00
      3.625      0.013    11.2544     89.402     38.636  23.583221     2.3836      9.959   -88.7633 5.2498e+00     3.8537      3.555      5.156     5.5231 0.0000e+00
      3.628      0.013    11.2555     89.372     38.596  23.557856     2.3968      9.958   -88.6458 5.2486e+00     3.9516      3.557      5.159     5.5217 0.0000e+00
      3.632      0.014    11.2607     89.271     38.576  23.544030     2.3970      9.957   -88.6194 5.2416e+00     3.9671      3.562      5.166     5.5210 0.0000e+00
      3.636      0.015    11.2624     89.154     38.576  23.542877     2.3615      9.957   -88.5304 5.2255e+00     3.9394      3.566      5.172     5.5199 0.0000e+00
      3.640      0.016    11.2660     89.065     38.579  23.543917     2.3250      9.957   -88.5163 5.2180e+00     3.9929      3.570      5.178     5.5185 0.0000e+00
      3.644      0.016    11.2665     88.983     38.602  23.556599     2.3220      9.956   -88.6213 5.2231e+00     3.9654      3.574      5.183     5.5166 0.0000e+00
      3.648      0.016    11.2495     88.925     38.624  23.569385     2.3258      9.956   -88.6811 5.2233e+00     3.8458      3.578      5.189     5.5148 0.0000e+00
      3.653      0.016    11.2318     88.905     38.630  23.571680     2.3127      9.956   -88.6369 5.2183e+00     3.8098      3.583      5.195     5.5135 0.0000e+00
      3.657      0.016    11.2255     88.901     38.653  23.584355     2.3040      9.956   -88.6030 5.2238e+00     3.8038      3.586      5.201     5.5121 0.0000e+00
      3.661      0.016    11.2127     88.939     38.674  23.595800     2.3127      9.955   -88.7014 5.2409e+00     3.7392      3.591      5.208     5.5111 0.0000e+00
      3.665      0.016    11.2038     89.009     38.655  23.583231     2.3173      9.955   -88.8805 5.2622e+00     3.6428      3.595      5.214     5.5099 0.0000e+00
      3.669      0.016    11.2061     89.049     38.618  23.559219     2.3103      9.955   -89.0470 5.2745e+00     3.5611      3.598      5.218     5.5082 0.0000e+00
      3.672      0.016    11.2024     89.057     38.620  23.559124     2.3192      9.954   -89.1656 5.2740e+00     3.5705      3.601      5.222     5.5066 0.0000e+00
      3.676      0.016    11.2070     89.047     38.659  23.582079     2.3422      9.953   -89.1968 5.2794e+00     3.6550      3.604      5.229     5.5048 0.0000e+00
      3.681      0.017    11.2231     89.011     38.663  23.583109     2.3472      9.952   -89.2519 5.3056e+00     3.7284      3.610      5.236     5.5031 0.0000e+00
      3.685      0.018    11.2258     88.948     38.646  23.571578     2.3372      9.952   -89.4021 5.3419e+00     3.7061      3.614      5.240     5.5014 0.0000e+00
      3.690      0.019    11.2270     88.874     38.645  23.569490     2.3715      9.953   -89.4636 5.3664e+00     3.6243      3.618      5.247     5.4999 0.0000e+00
      3.695      0.019    11.2273     88.822     38.629  23.557857     2.4709      9.953   -89.4796 5.3809e+00     3.6615      3.623      5.255     5.4986 0.0000e+00
      3.700      0.019    11.2223     88.801     38.633  23.557755     2.5482      9.952   -89.5954 5.4043e+00     3.7462      3.627      5.261     5.4972 0.0000e+00
      3.705      0.019    11.2154     88.822     38.655  23.568245     2.5577      9.952   -89.6594 5.4305e+00     3.6912      3.633      5.269     5.4955 0.0000e+00
      3.710      0.019    11.2034     88.895     38.642  23.557868     2.5262      9.951   -89.5643 5.4623e+00     3.6805      3.638      5.277     5.4934 0.0000e+00
      3.714      0.018    11.1985     89.002     38.647  23.559117     2.4758      9.950   -89.5641 5.5110e+00     3.8561      3.643      5.284     5.4910 0.0000e+00
      3.718      0.017    11.1960     89.146     38.686  23.583338     2.4479      9.950   -89.6573 5.5490e+00     3.9697      3.646      5.290     5.4880 0.0000e+00
      3.723      0.016    11.1982     89.315     38.699  23.597058     2.4552      9.951   -89.6593 5.5715e+00     3.9263      3.651      5.296     5.4844 0.0000e+00
      3.727      0.015    11.2108     89.447     38.682  23.598192     2.4392      9.951   -89.6741 5.5995e+00     3.8442      3.655      5.301     5.4811 0.0000e+00
      3.731      0.015    11.2240     89.509     38.658  23.597056     2.3962      9.950   -89.6644 5.6446e+00     3.8307      3.658      5.306     5.4779 0.0000e+00
      3.735      0.015    11.2423     89.514     38.612  23.583334     2.3846      9.950   -89.7137 5.6996e+00     3.9000      3.663      5.313     5.4763 0.0000e+00
      3.739      0.016    11.2660     89.484     38.552  23.559121     2.3821      9.949   -89.8398 5.7509e+00     3.8960      3.666      5.318     5.4839 0.0000e+00
      3.742      0.017    11.2791     89.429     38.537  23.557968     2.3584      9.949   -89.8127 5.7969e+00     3.8166      3.669      5.321     5.5005 0.0000e+00
      3.745      0.018    11.2804     89.339     38.552  23.569403     2.3397      9.948   -89.7299 5.8283e+00     3.7941      3.673      5.327     5.5183 0.0000e+00
      3.750      0.019    11.2748     89.228     38.552  23.570544     2.3307      9.947   -89.6991 5.8588e+00     3.8294      3.677      5.334     5.5382 0.0000e+00
      3.756      0.019    11.2641     89.154     38.555  23.571773     2.3318      9.947   -89.6989 5.8888e+00     3.8676      3.683      5.342     5.5576 0.0000e+00
      3.762      0.019    11.2562     89.127     38.574  23.584254     2.3283      9.947   -89.8126 5.9131e+00     3.8456      3.690      5.352     5.5664 0.0000e+00
      3.768      0.019    11.2448     89.116     38.579  23.594631     2.2636      9.947   -89.8692 5.9485e+00     3.7682      3.695      5.360     5.5673 0.0000e+00
      3.772      0.020    11.2259     89.128     38.521  23.570418     2.1816      9.947   -89.7812 5.9782e+00     3.7172      3.698      5.364     5.5684 0.0000e+00
      3.775      0.023    11.2162     89.148     38.484  23.545167     2.1691      9.947   -89.8669 6.0085e+00     3.7086      3.702      5.369     5.5670 0.0000e+00
      3.780      0.028    11.2177     89.153     38.518  23.542978     2.1796      9.948   -90.0456 6.0454e+00     3.6983      3.706      5.376     5.5647 0.0000e+00
      3.786      0.034    11.2106     89.171     38.565  23.543925     2.2090      9.948   -89.9625 6.0471e+00     3.6948      3.712      5.383     5.5744 0.0000e+00
      3.795      0.040    11.2058     89.198     38.612  23.556590     2.2823      9.947   -89.8085 6.0175e+00     3.7690      3.721      5.397     5.5995 0.0000e+00
      3.808      0.044    11.2109     89.212     38.635  23.569262     2.3337      9.947   -89.9053 5.9846e+00     3.9124      3.734      5.415     5.6025 0.0000e+00
      3.824      0.045    11.2189     89.214     38.632  23.570321     2.3396      9.947   -90.1002 5.9486e+00     3.9590      3.750      5.439     5.5618 0.0000e+00
      3.840      0.042    11.2355     89.194     38.633  23.569387     2.3281      9.946   -90.1860 5.9308e+00     3.8888      3.766      5.463     5.5163 0.0000e+00
      3.851      0.037    11.2470     89.135     38.623  23.557972     2.3450      9.945   -90.2540 5.9547e+00     3.9178      3.777      5.479     5.4953 0.0000e+00
      3.858      0.029    11.2463     89.060     38.629  23.559126     2.3855      9.945   -90.4918 5.9880e+00     4.0020      3.783      5.487     5.5000 0.0000e+00
      3.862      0.020    11.2441     88.992     38.659  23.583338     2.4022      9.944   -90.8240 6.0109e+00     3.9840      3.786      5.493     5.5088 0.0000e+00
      3.866      0.011    11.2450     88.912     38.659  23.597067     2.3965      9.943   -91.0024 6.0483e+00     3.9056      3.792      5.500     5.5051 0.0000e+00
      3.869      0.004    11.2383     88.834     38.635  23.598314     2.3832      9.943   -91.0135 6.0884e+00     3.8745      3.795      5.504     5.4956 0.0000e+00
      3.869      0.002    11.2294     88.807     38.610  23.598427     2.3834      9.942   -90.9587 6.1316e+00     3.9489      3.794      5.504     5.4863 0.0000e+00
      3.867      0.005    11.2202     88.837     38.595  23.598446     2.3993      9.941   -90.9413 6.1922e+00     3.9510      3.793      5.501     5.4980 0.0000e+00
      3.863      0.011    11.2033     88.884     38.590  23.598550     2.3922      9.940   -90.8889 6.2387e+00     3.8317      3.787      5.494     5.5190 0.0000e+00
      3.863      0.016    11.1846     88.941     38.599  23.599694     2.3382      9.940   -90.9281 6.2353e+00     3.7704      3.784      5.489     5.5385 0.0000e+00
      3.871      0.020    11.1732     88.988     38.630  23.612273     2.2714      9.940   -91.2436 6.1777e+00     3.8247      3.793      5.503     5.5631 0.0000e+00
      3.885      0.022    11.1788     88.989     38.652  23.623803     2.2501      9.939   -91.4341 6.1214e+00     3.9418      3.811      5.527     5.5709 0.0000e+00
      3.895      0.022    11.1814     88.984     38.635  23.612273     2.2561      9.939   -91.5098 6.1184e+00     3.9568      3.824      5.545     5.5791 0.0000e+00
      3.899      0.021    11.1901     89.006     38.616  23.599686     2.2349      9.939   -91.5573 6.1438e+00     3.8003      3.826      5.549     5.5722 0.0000e+00
      3.899      0.019    11.2066     89.050     38.611  23.598438     2.2105      9.938   -91.4054 6.1541e+00     3.6895      3.822      5.543     5.5540 0.0000e+00
      3.900      0.015    11.2003     89.109     38.610  23.597190     2.2193      9.937   -91.3953 6.1427e+00     3.7441      3.823      5.544     5.5600 0.0000e+00
      3.905      0.012    11.1989     89.162     38.600  23.584592     2.2333      9.936   -91.6932 6.1189e+00     3.7776      3.829      5.553     5.5575 0.0000e+00
      3.912      0.011    11.2049     89.202     38.595  23.572948     2.2214      9.936   -92.0810 6.1044e+00     3.6503      3.837      5.565     5.5526 0.0000e+00
      3.916      0.011    11.2071     89.245     38.620  23.583221     2.1998      9.936   -92.3842 6.1249e+00     3.4689      3.842      5.572     5.5597 0.0000e+00
      3.916      0.012    11.2164     89.281     38.617  23.581974     2.2055      9.935   -92.5205 6.1696e+00     3.4285      3.840      5.570     5.5607 0.0000e+00
      3.915      0.016    11.2263     89.279     38.571  23.557865     2.2316      9.935   -92.5244 6.1995e+00     3.5045      3.838      5.567     5.5493 0.0000e+00
      3.916      0.021    11.2343     89.217     38.540  23.545380     2.2160      9.935   -92.4307 6.1883e+00     3.5337      3.839      5.567     5.5347 0.0000e+00
      3.922      0.027    11.2417     89.100     38.556  23.557863     2.1674      9.934   -92.3337 6.1497e+00     3.5757      3.843      5.575     5.5289 0.0000e+00
      3.933      0.033    11.2479     88.972     38.610  23.581973     2.1433      9.933   -92.2131 6.0973e+00     3.7053      3.856      5.593     5.5310 0.0000e+00
      3.947      0.035    11.2469     88.853     38.639  23.583222     2.1404      9.933   -92.0906 6.0405e+00     3.8031      3.871      5.614     5.5348 0.0000e+00
      3.958      0.035    11.2369     88.737     38.644  23.572940     2.0994      9.932   -92.3151 6.0011e+00     3.7672      3.882      5.631     5.5458 0.0000e+00
      3.967      0.033    11.2155     88.642     38.678  23.584472     2.0049      9.932   -92.7771 5.9817e+00     3.6475      3.892      5.644     5.5567 0.0000e+00
      3.973      0.030    11.2028     88.577     38.707  23.595822     1.9633      9.932   -93.0306 5.9707e+00     3.6185      3.897      5.651     5.5410 0.0000e+00
      3.978      0.028    11.1979     88.536     38.688  23.583339     1.9881      9.932   -93.1429 5.9537e+00     3.6903      3.900      5.657     5.5134 0.0000e+00
      3.984      0.027    11.1852     88.501     38.645  23.560364     1.9879      9.931   -93.3594 5.9299e+00     3.6965      3.906      5.665     5.4970 0.0000e+00
      3.992      0.027    11.1774     88.481     38.656  23.571694     1.9453      9.930   -93.4116 5.9029e+00     3.6933      3.914      5.677     5.4854 0.0000e+00
      3.999      0.027    11.1709     88.491     38.691  23.593506     1.9055      9.929   -93.0864 5.8689e+00     3.7873      3.921      5.689     5.4769 0.0000e+00
      4.007      0.027    11.1685     88.507     38.656  23.570436     1.9050      9.929   -92.9549 5.8396e+00     3.8768      3.928      5.698     5.4745 0.0000e+00
      4.014      0.026    11.1614     88.547     38.621  23.546415     1.9230      9.929   -93.1982 5.8180e+00     3.9217      3.937      5.710     5.4814 0.0000e+00
      4.020      0.025    11.1534     88.591     38.642  23.556715     1.9072      9.929   -93.3614 5.7974e+00     3.8519      3.943      5.720     5.4906 0.0000e+00
      4.025      0.024    11.1597     88.576     38.667  23.568140     1.8641      9.928   -93.5514 5.7848e+00     3.6816      3.947      5.726     5.4903 0.0000e+00
      4.031      0.023    11.1590     88.498     38.658  23.557735     1.8593      9.927   -93.8609 5.7722e+00     3.6391      3.953      5.733     5.4859 0.0000e+00
      4.038      0.022    11.1660     88.367     38.666  23.557735     1.8733      9.926   -93.9202 5.7555e+00     3.6459      3.960      5.743     5.4825 0.0000e+00
      4.044      0.021    11.1780     88.226     38.691  23.568122     1.8589      9.927   -93.5792 5.7556e+00     3.6279      3.967      5.753     5.4801 0.0000e+00
      4.049      0.020    11.1741     88.114     38.681  23.556488     1.8363      9.927   -93.1798 5.7732e+00     3.7282      3.971      5.760     5.4765 0.0000e+00
      4.054      0.018    11.1687     88.039     38.666  23.543901     1.8323      9.926   -93.1352 5.7895e+00     3.8684      3.976      5.766     5.4678 0.0000e+00
      4.059      0.016    11.1510     88.024     38.665  23.542757     1.8529      9.924   -93.2986 5.8070e+00     3.9567      3.981      5.774     5.4617 0.0000e+00
      4.063      0.015    11.1316     88.060     38.666  23.542652     1.8605      9.924   -93.4338 5.8420e+00     3.9077      3.984      5.779     5.4570 0.0000e+00
      4.066      0.014    11.1226     88.122     38.670  23.542642     1.8408      9.924   -93.6517 5.8941e+00     3.7189      3.987      5.783     5.4463 0.0000e+00
      4.069      0.014    11.1108     88.192     38.675  23.542632     1.8389      9.923   -93.8686 5.9510e+00     3.6560      3.989      5.786     5.4425 0.0000e+00
      4.072      0.015    11.1100     88.267     38.686  23.542518     1.8625      9.922   -93.9048 6.0134e+00     3.7279      3.994      5.792     5.4439 0.0000e+00
      4.075      0.017    11.1161     88.349     38.697  23.541261     1.8930      9.921   -93.8313 6.0780e+00     3.7001      3.997      5.797     5.4427 0.0000e+00
      4.079      0.020    11.1255     88.400     38.675  23.527426     1.9075      9.920   -93.7539 6.1158e+00     3.5926      3.998      5.799     5.4396 0.0000e+00
      4.085      0.022    11.1356     88.383     38.623  23.502070     1.8973      9.919   -93.6576 6.1327e+00     3.5891      4.005      5.808     5.4379 0.0000e+00
      4.093      0.023    11.1454     88.293     38.589  23.488348     1.9029      9.918   -93.6140 6.1610e+00     3.6922      4.014      5.821     5.4287 0.0000e+00
      4.099      0.024    11.1645     88.190     38.585  23.488349     1.9255      9.919   -93.7424 6.2032e+00     3.7129      4.019      5.830     5.4116 0.0000e+00
      4.105      0.023    11.1721     88.095     38.615  23.502080     1.9294      9.919   -93.8337 6.2337e+00     3.6684      4.025      5.838     5.4109 0.0000e+00
      4.111      0.021    11.1675     87.949     38.664  23.527540     1.9157      9.919   -93.8580 6.2334e+00     3.7342      4.032      5.848     5.4245 0.0000e+00
      4.117      0.018    11.1489     87.755     38.689  23.542518     1.9012      9.919   -93.9505 6.2246e+00     3.8597      4.038      5.857     5.4353 0.0000e+00
