Data/DataNotYetUploadedToEDI/Raw_CTD/RawDownloads/030926_FCR_40_S7809006.cnv
* Sea-Bird SBE19plus  Data File:
* FileName = C:\R\Reservoirs\Data\DataNotYetUploadedToEDI\Raw_CTD\RawDownloads\051126_FCR_50_S7809_0006.hex
* Software version 2.8.0.119
* Temperature SN = 7809
* Conductivity SN = 7809
* System UpLoad Time = May 11 2026 15:31:20
* <ApplicationData>
* <Seaterm232>
# nquan = 15
# nvalues = 1185                        
# units = specified
# name 0 = depFM: Depth [fresh water, m]
# name 1 = dz/dtM: Descent Rate [m/s]
# name 2 = sbeox0Mg/L: Oxygen, SBE 43 [mg/l]
# name 3 = sbeox0PS: Oxygen, SBE 43 [% saturation]
# name 4 = specc: Specific Conductance [uS/cm]
# name 5 = c0uS/cm: Conductivity [uS/cm]
# name 6 = flECO-AFL: Fluorescence, WET Labs ECO-AFL/FL [mg/m^3]
# name 7 = ph: pH
# name 8 = orp: Oxidation Reduction Potential [mV]
# name 9 = par/sat/log: PAR/Logarithmic, Satlantic
# name 10 = turbWETntu0: Turbidity, WET Labs ECO [NTU]
# name 11 = prdM: Pressure, Strain Gauge [db]
# name 12 = prdE: Pressure, Strain Gauge [psi]
# name 13 = tv290C: Temperature [ITS-90, deg C]
# name 14 = flag:  0.000e+00
# span 0 =     -0.613,      5.094       
# span 1 =     -0.025,      0.121       
# span 2 =     6.9852,    12.1627       
# span 3 =     65.707,    104.563       
# span 4 =      2.208,     40.725       
# span 5 =   1.599437,  28.813970       
# span 6 =     0.0278,     8.9874       
# span 7 =      9.028,     10.066       
# span 8 =  -102.1194,   135.8534       
# span 9 = 3.7136e-01, 1.9420e+03       
# span 10 =     2.4165,    77.6524      
# span 11 =     -0.602,      4.997      
# span 12 =     -0.872,      7.247      
# span 13 =     5.0315,    12.9110      
# span 14 = 0.0000e+00, 0.0000e+00      
# interval = seconds: 0.25
# start_time = Mar 09 2026 11:35:57 [Instrument's time stamp, header]
# bad_flag = -9.990e-29
*END*
[from data line 675]
      2.643      0.010    11.3214     90.657     38.473  23.709889     1.8241      9.997   120.5163 4.6077e+01     3.9893      2.591      3.758     5.8260 0.0000e+00
      2.646      0.012    11.3320     90.731     38.481  23.708642     1.8468      9.996   120.4482 4.5923e+01     3.9712      2.594      3.763     5.8240 0.0000e+00
      2.650      0.015    11.3239     90.790     38.465  23.694817     1.8672      9.995   120.3653 4.5720e+01     3.9467      2.599      3.769     5.8318 0.0000e+00
      2.654      0.018    11.3212     90.845     38.431  23.669555     1.8539      9.993   120.2020 4.5540e+01     3.8980      2.601      3.773     5.8263 0.0000e+00
      2.659      0.021    11.3389     90.905     38.418  23.656854     1.8277      9.993   120.1090 4.5352e+01     3.9300      2.606      3.781     5.8096 0.0000e+00
      2.664      0.025    11.3503     90.967     38.445  23.668082     1.8166      9.994   120.1872 4.5188e+01     4.0942      2.612      3.789     5.8028 0.0000e+00
      2.669      0.029    11.3579     91.015     38.471  23.678467     1.8041      9.994   120.2006 4.5008e+01     4.1403      2.616      3.795     5.7993 0.0000e+00
      2.677      0.034    11.3663     91.027     38.442  23.655597     1.7844      9.993   120.0993 4.4715e+01     4.0437      2.624      3.807     5.7936 0.0000e+00
      2.687      0.038    11.3749     90.985     38.432  23.645210     1.7780      9.993   119.9949 4.4298e+01     3.9517      2.635      3.822     5.7888 0.0000e+00
      2.698      0.040    11.3863     90.903     38.496  23.679704     1.7846      9.992   119.9706 4.3824e+01     3.8814      2.645      3.837     5.7800 0.0000e+00
      2.710      0.041    11.3951     90.809     38.524  23.692168     1.7891      9.990   119.9775 4.3347e+01     3.8763      2.658      3.855     5.7725 0.0000e+00
      2.722      0.039    11.3997     90.706     38.491  23.669081     1.7831      9.990   119.9060 4.2934e+01     3.8557      2.670      3.873     5.7671 0.0000e+00
      2.732      0.037    11.3954     90.586     38.469  23.654215     1.7700      9.989   119.7953 4.2641e+01     3.7692      2.680      3.886     5.7609 0.0000e+00
      2.741      0.036    11.3846     90.467     38.445  23.639246     1.7723      9.988   119.7565 4.2431e+01     3.7537      2.689      3.900     5.7551 0.0000e+00
      2.748      0.034    11.3752     90.377     38.410  23.614922     1.7936      9.987   119.7819 4.2216e+01     3.8045      2.696      3.909     5.7483 0.0000e+00
      2.754      0.034    11.3645     90.313     38.417  23.613768     1.8115      9.985   119.6716 4.1894e+01     3.8373      2.701      3.916     5.7441 0.0000e+00
      2.764      0.034    11.3488     90.269     38.445  23.625298     1.8054      9.985   119.4551 4.1456e+01     3.8419      2.710      3.931     5.7434 0.0000e+00
      2.774      0.034    11.3314     90.249     38.455  23.627490     1.7707      9.985   119.4011 4.1010e+01     3.8603      2.721      3.947     5.7438 0.0000e+00
      2.784      0.034    11.3222     90.260     38.481  23.640268     1.7413      9.985   119.4492 4.0660e+01     3.9232      2.730      3.959     5.7412 0.0000e+00
      2.793      0.033    11.3166     90.288     38.506  23.652959     1.7413      9.984   119.4346 4.0438e+01     3.8850      2.739      3.973     5.7318 0.0000e+00
      2.801      0.033    11.3135     90.317     38.515  23.654114     1.7365      9.983   119.3101 4.0320e+01     3.7743      2.748      3.985     5.7235 0.0000e+00
      2.807      0.033    11.3112     90.328     38.524  23.654219     1.7253      9.983   119.1495 4.0213e+01     3.7808      2.754      3.993     5.7199 0.0000e+00
      2.813      0.032    11.3146     90.300     38.534  23.654229     1.7307      9.981   119.0407 4.0037e+01     3.8615      2.759      4.001     5.7158 0.0000e+00
      2.822      0.030    11.3206     90.252     38.539  23.654230     1.7347      9.979   118.9418 3.9720e+01     3.8951      2.766      4.013     5.7121 0.0000e+00
      2.834      0.025    11.3247     90.183     38.533  23.654229     1.7330      9.979   118.9000 3.9391e+01     3.8451      2.781      4.033     5.7072 0.0000e+00
      2.844      0.020    11.3323     90.088     38.518  23.654219     1.7262      9.979   118.8786 3.9379e+01     3.8044      2.792      4.050     5.7000 0.0000e+00
      2.848      0.014    11.3276     90.003     38.506  23.654114     1.7188      9.978   118.7696 3.9579e+01     3.9148      2.795      4.053     5.6907 0.0000e+00
      2.846      0.009    11.3246     89.942     38.503  23.652970     1.7272      9.977   118.6154 3.9731e+01     4.0869      2.792      4.049     5.6835 0.0000e+00
      2.845      0.007    11.3164     89.887     38.487  23.640394     1.7277      9.977   118.4758 3.9849e+01     4.1091      2.788      4.045     5.6882 0.0000e+00
      2.845      0.007    11.2953     89.807     38.478  23.628874     1.7169      9.976   118.3723 3.9904e+01     4.0130      2.789      4.044     5.7050 0.0000e+00
      2.846      0.011    11.2826     89.712     38.516  23.640509     1.7299      9.976   118.3106 3.9824e+01     3.9830      2.791      4.047     5.7174 0.0000e+00
      2.850      0.015    11.2742     89.636     38.556  23.654231     1.7604      9.974   118.2464 3.9626e+01     4.0549      2.794      4.053     5.7151 0.0000e+00
      2.856      0.016    11.2722     89.585     38.588  23.667953     1.7858      9.972   118.1985 3.9384e+01     4.0964      2.801      4.063     5.7127 0.0000e+00
      2.864      0.014    11.2623     89.527     38.608  23.679578     1.7876      9.971   118.1617 3.9162e+01     4.0406      2.809      4.075     5.7063 0.0000e+00
      2.870      0.011    11.2537     89.430     38.583  23.667963     1.7647      9.971   118.0589 3.9015e+01     3.9949      2.816      4.085     5.6880 0.0000e+00
      2.872      0.008    11.2486     89.309     38.553  23.654346     1.7419      9.970   117.9874 3.9071e+01     3.9880      2.818      4.087     5.6713 0.0000e+00
      2.870      0.005    11.2456     89.188     38.528  23.641766     1.7201      9.969   117.9869 3.9225e+01     3.9227      2.814      4.082     5.6632 0.0000e+00
      2.867      0.003    11.2422     89.063     38.532  23.642701     1.7089      9.968   117.8807 3.9219e+01     3.8207      2.811      4.076     5.6629 0.0000e+00
      2.867      0.002    11.2253     88.888     38.578  23.665648     1.7152      9.967   117.7350 3.9072e+01     3.8127      2.811      4.077     5.6691 0.0000e+00
      2.871      0.001    11.2081     88.677     38.583  23.665552     1.7214      9.965   117.6878 3.8941e+01     3.9290      2.815      4.083     5.6768 0.0000e+00
      2.875      0.000    11.1892     88.505     38.542  23.641540     1.7344      9.964   117.6539 3.8925e+01     4.0651      2.820      4.090     5.6824 0.0000e+00
      2.875     -0.002    11.1790     88.397     38.516  23.628980     1.7299      9.964   117.5841 3.9041e+01     4.0924      2.821      4.091     5.6807 0.0000e+00
      2.872     -0.002    11.1594     88.354     38.531  23.640519     1.7013      9.963   117.5326 3.9229e+01     4.0535      2.818      4.086     5.6699 0.0000e+00
      2.867     -0.001    11.1286     88.367     38.554  23.654232     1.7042      9.963   117.5467 3.9384e+01     4.0738      2.812      4.078     5.6640 0.0000e+00
      2.865      0.001    11.1065     88.418     38.580  23.667952     1.7398      9.962   117.5827 3.9319e+01     4.1324      2.808      4.072     5.6676 0.0000e+00
      2.867      0.003    11.0912     88.495     38.605  23.679577     1.7574      9.962   117.5375 3.9028e+01     4.1810      2.810      4.076     5.6731 0.0000e+00
      2.872      0.004    11.0852     88.590     38.588  23.667951     1.7256      9.961   117.3445 3.8744e+01     4.1492      2.817      4.086     5.6765 0.0000e+00
      2.877      0.004    11.0878     88.675     38.561  23.654221     1.6799      9.960   117.1427 3.8577e+01     4.0895      2.822      4.093     5.6770 0.0000e+00
      2.879      0.005    11.0955     88.726     38.530  23.640395     1.6717      9.959   117.0767 3.8576e+01     4.1083      2.824      4.096     5.6729 0.0000e+00
      2.876      0.006    11.1075     88.783     38.504  23.627617     1.6758      9.958   117.0623 3.8706e+01     4.1031      2.822      4.091     5.6668 0.0000e+00
      2.872      0.009    11.1200     88.858     38.504  23.626550     1.6618      9.956   116.9681 3.8724e+01     4.0268      2.816      4.084     5.6649 0.0000e+00
      2.872      0.012    11.1337     88.884     38.514  23.627494     1.6443      9.955   116.8846 3.8408e+01     4.0051      2.813      4.080     5.6681 0.0000e+00
      2.880      0.015    11.1339     88.853     38.539  23.639024     1.6478      9.955   116.9125 3.7943e+01     4.0804      2.823      4.094     5.6765 0.0000e+00
      2.890      0.017    11.1360     88.790     38.544  23.639127     1.6709      9.954   116.8756 3.7635e+01     4.1516      2.836      4.112     5.6839 0.0000e+00
      2.897      0.017    11.1544     88.680     38.534  23.628741     1.6819      9.953   116.7824 3.7507e+01     4.1481      2.842      4.122     5.6803 0.0000e+00
      2.900      0.017    11.1583     88.540     38.561  23.640272     1.6809      9.951   116.7327 3.7504e+01     4.1076      2.846      4.127     5.6708 0.0000e+00
      2.900      0.018    11.1538     88.441     38.591  23.651707     1.7014      9.950   116.6187 3.7519e+01     4.1057      2.845      4.126     5.6668 0.0000e+00
      2.900      0.020    11.1482     88.372     38.583  23.640169     1.7374      9.950   116.5228 3.7397e+01     4.1247      2.843      4.123     5.6645 0.0000e+00
      2.904      0.025    11.1368     88.308     38.572  23.627590     1.7502      9.950   116.5197 3.7097e+01     4.1323      2.846      4.127     5.6597 0.0000e+00
      2.914      0.030    11.1136     88.269     38.576  23.626438     1.7223      9.949   116.4951 3.6702e+01     4.0608      2.856      4.143     5.6519 0.0000e+00
      2.927      0.035    11.1074     88.245     38.578  23.626239     1.6748      9.947   116.4836 3.6272e+01     3.9103      2.871      4.164     5.6419 0.0000e+00
      2.939      0.039    11.1035     88.227     38.577  23.625181     1.6589      9.946   116.4658 3.5957e+01     3.8835      2.884      4.183     5.6335 0.0000e+00
      2.947      0.039    11.0933     88.215     38.562  23.613651     1.6809      9.945   116.2808 3.5773e+01     3.9070      2.891      4.192     5.6263 0.0000e+00
      2.955      0.037    11.0935     88.189     38.567  23.613650     1.6988      9.944   116.0526 3.5453e+01     3.8186      2.896      4.200     5.6203 0.0000e+00
      2.966      0.033    11.0894     88.126     38.590  23.625172     1.7170      9.943   116.0298 3.5063e+01     3.7712      2.909      4.219     5.6200 0.0000e+00
      2.976      0.028    11.0873     88.053     38.593  23.626126     1.7352      9.943   116.0914 3.4768e+01     3.8477      2.919      4.234     5.6211 0.0000e+00
      2.985      0.023    11.0871     87.979     38.588  23.625182     1.7356      9.942   116.0231 3.4580e+01     3.9572      2.928      4.245     5.6166 0.0000e+00
      2.990      0.017    11.0886     87.917     38.566  23.613765     1.7300      9.941   115.9773 3.4516e+01     3.9678      2.934      4.255     5.6118 0.0000e+00
      2.991      0.011    11.0776     87.899     38.568  23.614917     1.7178      9.939   116.0538 3.4489e+01     3.8391      2.933      4.254     5.6090 0.0000e+00
      2.991      0.006    11.0697     87.901     38.611  23.639121     1.7133      9.938   116.0019 3.4473e+01     3.7666      2.933      4.253     5.6065 0.0000e+00
      2.991      0.004    11.0600     87.863     38.636  23.652748     1.7246      9.938   115.8663 3.4502e+01     3.8435      2.933      4.254     5.6099 0.0000e+00
      2.991      0.003    11.0467     87.780     38.638  23.652844     1.7212      9.936   115.8764 3.4523e+01     3.8803      2.932      4.252     5.6153 0.0000e+00
      2.991      0.003    11.0470     87.697     38.617  23.640274     1.6962      9.934   115.9526 3.4437e+01     3.9039      2.933      4.253     5.6138 0.0000e+00
      2.994      0.003    11.0518     87.654     38.593  23.627601     1.6731      9.933   115.9273 3.4352e+01     4.0264      2.936      4.259     5.6109 0.0000e+00
      2.996      0.003    11.0480     87.645     38.586  23.626449     1.6665      9.933   115.7428 3.4427e+01     4.0980      2.939      4.263     5.6085 0.0000e+00
      2.995      0.006    11.0352     87.625     38.581  23.626344     1.6749      9.933   115.6144 3.4563e+01     4.0861      2.937      4.260     5.6058 0.0000e+00
      2.993      0.011    11.0233     87.592     38.581  23.626335     1.6912      9.932   115.5796 3.4634e+01     3.9851      2.935      4.257     5.6065 0.0000e+00
      2.992      0.015    11.0156     87.552     38.587  23.626344     1.7136      9.930   115.4943 3.4582e+01     3.8686      2.932      4.253     5.6094 0.0000e+00
      2.997      0.019    11.0187     87.487     38.596  23.626439     1.7376      9.928   115.4440 3.4229e+01     3.8729      2.935      4.256     5.6134 0.0000e+00
      3.009      0.021    11.0130     87.434     38.606  23.627488     1.7410      9.927   115.4019 3.3742e+01     3.8659      2.952      4.281     5.6188 0.0000e+00
      3.020      0.020    11.0069     87.393     38.631  23.639017     1.7035      9.926   115.3280 3.3530e+01     3.7835      2.965      4.301     5.6201 0.0000e+00
      3.026      0.017    11.0081     87.339     38.633  23.639008     1.6593      9.926   115.2388 3.3497e+01     3.7314      2.968      4.304     5.6129 0.0000e+00
      3.027      0.013    10.9972     87.296     38.615  23.627374     1.6553      9.925   115.1846 3.3530e+01     3.7824      2.970      4.307     5.6046 0.0000e+00
      3.025      0.009    10.9927     87.276     38.617  23.625183     1.6728      9.923   115.1888 3.3623e+01     3.8870      2.967      4.304     5.5994 0.0000e+00
      3.024      0.005    10.9930     87.283     38.606  23.612509     1.6874      9.923   115.1177 3.3599e+01     3.9375      2.963      4.298     5.5930 0.0000e+00
      3.026      0.004    10.9822     87.299     38.595  23.600962     1.6985      9.922   115.0989 3.3444e+01     3.9830      2.966      4.302     5.5914 0.0000e+00
      3.031      0.008    10.9778     87.325     38.616  23.612387     1.7070      9.922   115.2201 3.3318e+01     4.0951      2.973      4.313     5.5942 0.0000e+00
      3.034      0.018    10.9748     87.369     38.636  23.623821     1.7321      9.921   115.2065 3.3337e+01     4.1653      2.979      4.321     5.5897 0.0000e+00
      3.032      0.030    10.9802     87.382     38.626  23.612386     1.7531      9.920   115.0202 3.3427e+01     4.1150      2.973      4.312     5.5800 0.0000e+00
      3.033      0.040    10.9855     87.347     38.621  23.600952     1.7354      9.919   114.7746 3.3203e+01     4.0337      2.969      4.306     5.5712 0.0000e+00
      3.048      0.045    10.9849     87.264     38.651  23.612387     1.7182      9.917   114.6452 3.2500e+01     4.0361      2.985      4.329     5.5708 0.0000e+00
      3.073      0.047    10.9959     87.135     38.675  23.623813     1.7362      9.916   114.7464 3.1726e+01     4.1106      3.014      4.371     5.5743 0.0000e+00
      3.095      0.047    10.9982     86.996     38.657  23.612273     1.7457      9.914   114.7944 3.1310e+01     4.1479      3.040      4.407     5.5662 0.0000e+00
      3.106      0.043    10.9986     86.891     38.639  23.599686     1.7243      9.913   114.7083 3.1279e+01     4.1109      3.051      4.424     5.5520 0.0000e+00
      3.109      0.036    10.9911     86.831     38.645  23.598448     1.7023      9.912   114.6513 3.1299e+01     4.0402      3.049      4.422     5.5415 0.0000e+00
      3.112      0.028    10.9742     86.818     38.655  23.597306     1.7040      9.911   114.6222 3.1099e+01     4.0101      3.050      4.422     5.5380 0.0000e+00
