Data/DataNotYetUploadedToEDI/Raw_CTD/RawDownloads/030926_FCR_20_S7809004.cnv
* Sea-Bird SBE19plus  Data File:
* FileName = C:\R\Reservoirs\Data\DataNotYetUploadedToEDI\Raw_CTD\RawDownloads\051126_FCR_50_S7809_0004.hex
* Software version 2.8.0.119
* Temperature SN = 7809
* Conductivity SN = 7809
* System UpLoad Time = May 11 2026 15:30:10
* <ApplicationData>
* <Seaterm232>
# nquan = 15
# nvalues = 864                         
# units = specified
# name 0 = depFM: Depth [fresh water, m]
# name 1 = dz/dtM: Descent Rate [m/s]
# name 2 = sbeox0Mg/L: Oxygen, SBE 43 [mg/l]
# name 3 = sbeox0PS: Oxygen, SBE 43 [% saturation]
# name 4 = specc: Specific Conductance [uS/cm]
# name 5 = c0uS/cm: Conductivity [uS/cm]
# name 6 = flECO-AFL: Fluorescence, WET Labs ECO-AFL/FL [mg/m^3]
# name 7 = ph: pH
# name 8 = orp: Oxidation Reduction Potential [mV]
# name 9 = par/sat/log: PAR/Logarithmic, Satlantic
# name 10 = turbWETntu0: Turbidity, WET Labs ECO [NTU]
# name 11 = prdM: Pressure, Strain Gauge [db]
# name 12 = prdE: Pressure, Strain Gauge [psi]
# name 13 = tv290C: Temperature [ITS-90, deg C]
# name 14 = flag:  0.000e+00
# span 0 =     -0.609,      2.739       
# span 1 =     -0.029,      0.186       
# span 2 =     6.6791,    11.5529       
# span 3 =     62.084,    102.087       
# span 4 =     18.809,     39.355       
# span 5 =  14.225416,  28.687944       
# span 6 =    -0.1459,     5.4015       
# span 7 =      9.431,      9.869       
# span 8 =    75.4847,   596.7124       
# span 9 = 8.3580e+00, 1.5718e+03       
# span 10 =     1.2434,   358.2539      
# span 11 =     -0.598,      2.687      
# span 12 =     -0.867,      3.897      
# span 13 =     6.0850,    12.8170      
# span 14 = 0.0000e+00, 0.0000e+00      
# interval = seconds: 0.25
# start_time = Mar 09 2026 11:07:27 [Instrument's time stamp, header]
# bad_flag = -9.990e-29
*END*
[from data line 193]
     -0.055      0.001    11.0079     98.756     38.142  28.255555     0.7430      9.746   116.9592 1.3073e+03     3.7412     -0.054     -0.078    12.0929 0.0000e+00
     -0.055      0.001    10.9198     98.072     38.131  28.244137     0.7201      9.748   117.0213 1.3833e+03     3.7376     -0.053     -0.076    12.0756 0.0000e+00
     -0.056      0.000    10.8196     97.532     38.114  28.232926     0.7059      9.748   117.1469 1.4773e+03     3.7561     -0.054     -0.079    12.0601 0.0000e+00
     -0.057      0.000    10.7172     97.045     38.120  28.246858     0.7128      9.748   117.2739 1.5135e+03     3.8288     -0.056     -0.081    12.0454 0.0000e+00
     -0.057      0.001    10.6273     96.580     38.148  28.285743     0.7370      9.749   117.4378 1.4902e+03     3.8653     -0.056     -0.081    12.0344 0.0000e+00
     -0.057      0.004    10.5541     96.251     38.169  28.322529     0.7402      9.750   117.5795 1.4427e+03     3.8215     -0.056     -0.081    12.0311 0.0000e+00
     -0.056      0.010    10.5006     96.068     38.134  28.311090     0.7182      9.750   117.6973 1.4116e+03     3.8462     -0.055     -0.080    12.0305 0.0000e+00
     -0.055      0.016    10.4508     95.937     38.076  28.274300     0.7295      9.750   117.9156 1.3075e+03     3.9246     -0.055     -0.079    12.0406 0.0000e+00
     -0.052      0.024    10.3830     95.827     38.059  28.258290     0.7762      9.750   118.2393 1.1065e+03     3.9488     -0.052     -0.075    12.0696 0.0000e+00
     -0.044      0.030    10.3411     95.712     38.054  28.244357     0.8006      9.750   118.4286 9.1763e+02     3.9003     -0.045     -0.064    12.1012 0.0000e+00
     -0.032      0.035    10.3242     95.601     38.055  28.232684     0.7922      9.751   118.3972 6.9683e+02     3.7827     -0.033     -0.048    12.1215 0.0000e+00
     -0.019      0.037    10.3047     95.506     38.080  28.243996     0.7750      9.752   118.3766 5.3704e+02     3.7222     -0.018     -0.026    12.1307 0.0000e+00
     -0.008      0.036    10.2983     95.401     38.100  28.254270     0.7585      9.752   118.4371 6.2837e+02     3.7150     -0.006     -0.009    12.1265 0.0000e+00
      0.001      0.033    10.2881     95.281     38.077  28.230043     0.7427      9.753   118.4408 8.4161e+02     3.6610      0.001      0.002    12.1080 0.0000e+00
      0.008      0.031    10.2794     95.176     38.057  28.204766     0.7254      9.753   118.4208 1.0831e+03     3.6160      0.008      0.011    12.0891 0.0000e+00
      0.013      0.030    10.2740     95.099     38.067  28.202356     0.7154      9.752   118.4537 1.2322e+03     3.6495      0.014      0.019    12.0801 0.0000e+00
      0.018      0.032    10.2629     95.032     38.076  28.200890     0.7220      9.751   118.4940 1.1734e+03     3.7588      0.019      0.027    12.0779 0.0000e+00
      0.025      0.035    10.2505     94.989     38.075  28.187029     0.7300      9.752   118.4776 9.5121e+02     3.8445      0.023      0.034    12.0703 0.0000e+00
      0.035      0.039    10.2421     94.945     38.068  28.161606     0.7201      9.753   118.3419 7.0620e+02     3.8318      0.033      0.048    12.0503 0.0000e+00
      0.048      0.042    10.2401     94.840     38.075  28.147188     0.7022      9.754   118.3160 5.7394e+02     3.7755      0.048      0.070    12.0375 0.0000e+00
      0.061      0.043    10.2308     94.692     38.085  28.139538     0.6970      9.754   118.5090 4.7701e+02     3.7786      0.059      0.087    12.0340 0.0000e+00
      0.073      0.042    10.2315     94.556     38.091  28.132516     0.7152      9.755   118.6108 4.3457e+02     3.8691      0.071      0.103    12.0153 0.0000e+00
      0.084      0.039    10.2387     94.427     38.094  28.125702     0.7388      9.755   118.6856 4.2482e+02     3.9141      0.083      0.121    11.9846 0.0000e+00
      0.094      0.034    10.2317     94.293     38.093  28.120564     0.7409      9.755   118.8973 3.8577e+02     3.8434      0.093      0.135    11.9577 0.0000e+00
      0.102      0.030    10.2170     94.205     38.104  28.133815     0.7578      9.754   119.1058 3.5230e+02     3.8002      0.101      0.146    11.9383 0.0000e+00
      0.108      0.028    10.2059     94.191     38.124  28.159080     0.8017      9.753   119.2270 3.3277e+02     3.8698      0.107      0.154    11.9247 0.0000e+00
      0.113      0.027    10.1977     94.273     38.129  28.172340     0.8050      9.752   119.3315 4.2148e+02     3.9000      0.110      0.159    11.9117 0.0000e+00
      0.118      0.028    10.1808     94.443     38.118  28.167297     0.7817      9.751   119.4222 6.6982e+02     3.8233      0.115      0.165    11.9020 0.0000e+00
      0.125      0.031    10.1698     94.615     38.113  28.161531     0.7945      9.751   119.3768 8.8734e+02     3.7627      0.122      0.178    11.9097 0.0000e+00
      0.134      0.035    10.1628     94.782     38.124  28.166049     0.8346      9.751   119.3846 9.2141e+02     3.7821      0.131      0.190    11.9298 0.0000e+00
      0.144      0.039    10.1662     94.957     38.118  28.158497     0.8671      9.752   119.5162 8.4505e+02     3.8526      0.140      0.203    11.9430 0.0000e+00
      0.155      0.041    10.1916     95.100     38.088  28.133647     0.8629      9.754   119.5920 6.7892e+02     3.8986      0.153      0.221    11.9477 0.0000e+00
      0.167      0.040    10.2090     95.201     38.077  28.119289     0.8344      9.754   119.6986 5.2548e+02     3.9274      0.163      0.237    11.9435 0.0000e+00
      0.179      0.036    10.2267     95.252     38.077  28.111746     0.8220      9.754   119.8596 5.5718e+02     3.9276      0.174      0.254    11.9354 0.0000e+00
      0.190      0.031    10.2506     95.210     38.079  28.105868     0.8373      9.755   119.9900 6.5448e+02     3.8675      0.187      0.272    11.9332 0.0000e+00
      0.197      0.024    10.2654     95.075     38.094  28.111634     0.8614      9.756   120.0698 7.0141e+02     3.8494      0.194      0.282    11.9309 0.0000e+00
      0.201      0.014    10.2776     94.885     38.107  28.118028     0.8724      9.756   120.1363 7.7741e+02     3.7773      0.197      0.287    11.9230 0.0000e+00
      0.204      0.004    10.2895     94.670     38.111  28.119748     0.8786      9.756   120.2782 8.4262e+02     3.6108      0.200      0.290    11.9110 0.0000e+00
      0.205     -0.003    10.2872     94.470     38.126  28.132433     0.8949      9.757   120.4943 8.6332e+02     3.5781      0.202      0.292    11.9004 0.0000e+00
      0.202     -0.008    10.2712     94.318     38.140  28.144541     0.9031      9.759   120.6852 9.8165e+02     3.5861      0.200      0.290    11.8942 0.0000e+00
      0.196     -0.009    10.2521     94.239     38.129  28.139299     0.8943      9.759   120.7788 1.1075e+03     3.5030      0.193      0.279    11.8901 0.0000e+00
      0.189     -0.006    10.2263     94.259     38.117  28.132484     0.8891      9.759   120.7653 1.0150e+03     3.5303      0.183      0.266    11.8886 0.0000e+00
      0.186     -0.001    10.2039     94.407     38.106  28.125564     0.8979      9.760   120.6945 8.3853e+02     3.7110      0.180      0.261    11.8904 0.0000e+00
      0.188      0.008    10.1853     94.661     38.098  28.119061     0.9166      9.761   120.7835 8.4084e+02     3.8437      0.184      0.266    11.8939 0.0000e+00
      0.192      0.018    10.1754     94.946     38.097  28.117283     0.9241      9.761   121.0661 8.6602e+02     3.8357      0.187      0.273    11.8971 0.0000e+00
      0.198      0.027    10.1752     95.216     38.081  28.104069     0.9222      9.762   121.2725 7.7072e+02     3.7859      0.193      0.280    11.9005 0.0000e+00
      0.207      0.032    10.1907     95.471     38.061  28.086137     0.9349      9.763   121.3006 7.3702e+02     3.7879      0.202      0.293    11.9021 0.0000e+00
      0.218      0.034    10.2232     95.696     38.073  28.090749     0.9613      9.764   121.2333 7.2258e+02     3.8602      0.215      0.312    11.9014 0.0000e+00
      0.229      0.034    10.2559     95.851     38.088  28.096401     0.9921      9.765   121.2337 6.6613e+02     3.9424      0.226      0.328    11.8994 0.0000e+00
      0.238      0.033    10.2848     95.923     38.087  28.091046     1.0072      9.766   121.3916 6.3318e+02     3.8934      0.235      0.340    11.8979 0.0000e+00
      0.245      0.031    10.3128     95.908     38.090  28.089419     1.0031      9.766   121.5934 6.7708e+02     3.7801      0.240      0.349    11.8957 0.0000e+00
      0.251      0.029    10.3419     95.831     38.081  28.076727     1.0093      9.766   121.7807 8.5291e+02     3.8022      0.246      0.357    11.8880 0.0000e+00
      0.259      0.029    10.3599     95.726     38.076  28.064439     1.0321      9.767   121.9355 1.0969e+03     3.8881      0.254      0.368    11.8794 0.0000e+00
      0.266      0.030    10.3695     95.620     38.090  28.067690     1.0455      9.769   122.0025 1.1508e+03     3.8612      0.261      0.378    11.8743 0.0000e+00
      0.274      0.031    10.3681     95.555     38.080  28.052595     1.0292      9.769   122.1603 8.8649e+02     3.7849      0.268      0.389    11.8710 0.0000e+00
      0.282      0.032    10.3590     95.531     38.035  28.008765     1.0020      9.770   122.4668 6.4400e+02     3.7849      0.277      0.402    11.8633 0.0000e+00
      0.291      0.034    10.3518     95.501     38.015  27.981726     1.0077      9.771   122.7827 6.1568e+02     3.8609      0.286      0.414    11.8498 0.0000e+00
      0.299      0.034    10.3391     95.452     38.027  27.979372     1.0227      9.773   123.0548 6.5473e+02     3.8853      0.293      0.426    11.8404 0.0000e+00
      0.307      0.034    10.3336     95.380     38.041  27.980295     1.0090      9.774   123.2621 6.6083e+02     3.8061      0.301      0.437    11.8330 0.0000e+00
      0.317      0.033    10.3385     95.244     38.066  27.992870     0.9921      9.774   123.4816 6.9788e+02     3.7566      0.310      0.450    11.8182 0.0000e+00
      0.327      0.031    10.3388     95.036     38.085  28.004557     0.9843      9.774   123.7302 7.7273e+02     3.8004      0.321      0.466    11.7999 0.0000e+00
      0.336      0.028    10.3363     94.763     38.072  27.994742     0.9905      9.775   123.9451 7.1095e+02     3.8224      0.330      0.479    11.7843 0.0000e+00
      0.342      0.023    10.3349     94.407     38.078  28.001047     1.0258      9.775   124.1009 5.8418e+02     3.7494      0.337      0.489    11.7724 0.0000e+00
      0.347      0.017    10.3213     93.996     38.095  28.017366     1.0780      9.776   124.2364 4.9778e+02     3.7038      0.341      0.494    11.7642 0.0000e+00
      0.350      0.010    10.2985     93.625     38.070  28.001783     1.1224      9.776   124.3789 4.5073e+02     3.7487      0.345      0.498    11.7612 0.0000e+00
      0.352      0.004    10.2711     93.401     38.070  28.002917     1.1454      9.776   124.5339 4.8964e+02     3.8482      0.347      0.503    11.7617 0.0000e+00
      0.352     -0.001    10.2308     93.367     38.112  28.031080     1.1403      9.777   124.7344 5.3112e+02     3.9170      0.346      0.502    11.7644 0.0000e+00
      0.351     -0.004    10.1811     93.472     38.108  28.025158     1.1098      9.777   124.9095 5.4412e+02     3.8632      0.344      0.499    11.7703 0.0000e+00
      0.348     -0.006    10.1339     93.631     38.071  27.994741     1.0765      9.778   125.0165 5.6779e+02     3.7438      0.340      0.495    11.7763 0.0000e+00
      0.344     -0.008    10.1082     93.839     38.060  27.980445     1.0788      9.779   125.1683 6.2885e+02     3.7366      0.337      0.489    11.7772 0.0000e+00
      0.343     -0.007    10.1073     94.091     38.066  27.979145     1.0966      9.779   125.4538 6.9020e+02     3.8112      0.336      0.487    11.7715 0.0000e+00
      0.342     -0.001    10.1258     94.320     38.066  27.979016     1.0840      9.780   125.8016 6.8421e+02     3.7914      0.337      0.489    11.7678 0.0000e+00
      0.339      0.011    10.1415     94.449     38.058  27.978891     1.0676      9.780   126.0171 6.4385e+02     3.7703      0.334      0.485    11.7653 0.0000e+00
      0.335      0.025    10.1658     94.423     38.053  27.977634     1.0649      9.779   126.1667 6.0336e+02     3.8292      0.326      0.474    11.7555 0.0000e+00
      0.339      0.036    10.1999     94.279     38.044  27.963820     1.0680      9.780   126.4065 6.4392e+02     3.8892      0.324      0.471    11.7446 0.0000e+00
      0.358      0.041    10.2261     94.104     38.030  27.938722     1.0716      9.781   126.5927 6.9893e+02     3.8472      0.348      0.504    11.7447 0.0000e+00
      0.384      0.041    10.2419     93.969     38.035  27.927869     1.0670      9.781   126.6975 6.4400e+02     3.7302      0.381      0.553    11.7567 0.0000e+00
      0.402      0.035    10.2342     93.918     38.089  27.959427     1.0787      9.781   126.8994 5.9933e+02     3.7384      0.399      0.579    11.7648 0.0000e+00
      0.407      0.024    10.2175     93.984     38.146  28.003139     1.1134      9.781   127.1411 5.8935e+02     3.8103      0.402      0.583    11.7534 0.0000e+00
      0.404      0.012    10.2015     94.182     38.143  28.012403     1.1454      9.781   127.2971 5.5201e+02     3.8147      0.397      0.576    11.7287 0.0000e+00
      0.398      0.004    10.1911     94.500     38.119  28.008025     1.1494      9.782   127.4941 5.6026e+02     3.7915      0.389      0.565    11.7072 0.0000e+00
      0.394      0.004    10.1860     94.856     38.118  28.013648     1.1286      9.783   127.7171 5.9689e+02     3.7345      0.385      0.559    11.6950 0.0000e+00
      0.395      0.008    10.1932     95.171     38.122  28.016972     1.1186      9.783   127.8420 5.9736e+02     3.7055      0.386      0.559    11.6974 0.0000e+00
      0.400      0.013    10.2090     95.424     38.083  27.984783     1.1285      9.784   128.0575 5.7301e+02     3.7485      0.391      0.567    11.7164 0.0000e+00
      0.409      0.016    10.2426     95.580     38.031  27.941580     1.1314      9.785   128.3441 5.6243e+02     3.8101      0.401      0.582    11.7383 0.0000e+00
      0.416      0.016    10.2837     95.638     38.036  27.938598     1.1118      9.784   128.4686 5.7978e+02     3.8356      0.410      0.595    11.7469 0.0000e+00
      0.420      0.014    10.3162     95.632     38.058  27.948725     1.0997      9.784   128.6158 5.6948e+02     3.8180      0.413      0.599    11.7447 0.0000e+00
      0.421      0.009    10.3485     95.598     38.053  27.937169     1.1191      9.784   128.8334 5.1737e+02     3.8360      0.413      0.599    11.7401 0.0000e+00
      0.422      0.006    10.3667     95.588     38.048  27.925712     1.1461      9.785   128.9488 4.6446e+02     3.8495      0.414      0.600    11.7317 0.0000e+00
      0.422      0.006    10.3733     95.636     38.065  27.937043     1.1431      9.787   129.0642 4.4672e+02     3.7752      0.414      0.601    11.7236 0.0000e+00
      0.422      0.011    10.3732     95.705     38.072  27.947317     1.1159      9.787   129.2821 4.6507e+02     3.7578      0.414      0.601    11.7167 0.0000e+00
      0.423      0.018    10.3704     95.766     38.034  27.923092     1.1252      9.786   129.5187 4.7526e+02     3.8433      0.414      0.601    11.7056 0.0000e+00
      0.426      0.028    10.3691     95.837     38.011  27.897845     1.1805      9.787   129.6877 4.7254e+02     3.8874      0.416      0.604    11.6933 0.0000e+00
      0.435      0.036    10.3785     95.882     38.033  27.895758     1.2101      9.790   129.8633 4.7830e+02     3.8465      0.426      0.618    11.6887 0.0000e+00
      0.449      0.042    10.3854     95.857     38.066  27.897839     1.2011      9.790   130.0064 4.7166e+02     3.7934      0.441      0.639    11.7008 0.0000e+00
      0.464      0.044    10.3854     95.752     38.128  27.922984     1.2375      9.790   130.0419 4.6760e+02     3.8262      0.456      0.661    11.7123 0.0000e+00
