Data/DataNotYetUploadedToEDI/Raw_CTD/RawDownloads/030926_FCR_10_S7809003.cnv
* Sea-Bird SBE19plus  Data File:
* FileName = C:\R\Reservoirs\Data\DataNotYetUploadedToEDI\Raw_CTD\RawDownloads\051126_FCR_50_S7809_0003.hex
* Software version 2.8.0.119
* Temperature SN = 7809
* Conductivity SN = 7809
* System UpLoad Time = May 11 2026 15:29:40
* <ApplicationData>
* <Seaterm232>
# nquan = 15
# nvalues = 780                         
# units = specified
# name 0 = depFM: Depth [fresh water, m]
# name 1 = dz/dtM: Descent Rate [m/s]
# name 2 = sbeox0Mg/L: Oxygen, SBE 43 [mg/l]
# name 3 = sbeox0PS: Oxygen, SBE 43 [% saturation]
# name 4 = specc: Specific Conductance [uS/cm]
# name 5 = c0uS/cm: Conductivity [uS/cm]
# name 6 = flECO-AFL: Fluorescence, WET Labs ECO-AFL/FL [mg/m^3]
# name 7 = ph: pH
# name 8 = orp: Oxidation Reduction Potential [mV]
# name 9 = par/sat/log: PAR/Logarithmic, Satlantic
# name 10 = turbWETntu0: Turbidity, WET Labs ECO [NTU]
# name 11 = prdM: Pressure, Strain Gauge [db]
# name 12 = prdE: Pressure, Strain Gauge [psi]
# name 13 = tv290C: Temperature [ITS-90, deg C]
# name 14 = flag:  0.000e+00
# span 0 =     -0.620,      1.436       
# span 1 =     -0.026,      0.149       
# span 2 =     6.7780,    10.8118       
# span 3 =     63.070,    100.205       
# span 4 =      2.459,     38.561       
# span 5 =   1.820842,  28.646382       
# span 6 =    -0.0815,    46.6596       
# span 7 =      9.225,      9.710       
# span 8 = -1240.7452,   155.3423       
# span 9 = 2.3421e+01, 2.2772e+03       
# span 10 =     2.2936,   312.9882      
# span 11 =     -0.608,      1.409      
# span 12 =     -0.882,      2.044      
# span 13 =    10.3968,    12.1949      
# span 14 = 0.0000e+00, 0.0000e+00      
# interval = seconds: 0.25
# start_time = Mar 09 2026 10:57:44 [Instrument's time stamp, header]
# bad_flag = -9.990e-29
*END*
[from data line 482]
      1.327      0.009    10.4713     95.291     38.384  27.877565    22.2050      9.693   126.0462 2.0657e+02   121.7287      1.302      1.888    11.1492 0.0000e+00
      1.331      0.009    10.4554     95.396     38.358  27.879890    20.0904      9.692   126.0912 2.0190e+02   182.4105      1.305      1.892    11.1772 0.0000e+00
      1.333      0.009    10.4380     95.501     38.327  27.868682    18.8934      9.692   126.1422 2.0174e+02   207.6768      1.309      1.896    11.2253 0.0000e+00
      1.336      0.008    10.4289     95.597     38.321  27.868918    18.3951      9.692   126.2326 2.0110e+02   206.9955      1.311      1.900    11.2761 0.0000e+00
      1.338      0.007    10.4295     95.670     38.340  27.882757    14.2991      9.692   126.3238 2.0016e+02   175.0611      1.312      1.903    11.3153 0.0000e+00
      1.340      0.005    10.4361     95.720     38.370  27.909148     6.8218      9.692   126.3841 2.0020e+02   116.1177      1.314      1.907    11.3430 0.0000e+00
      1.340      0.004    10.4432     95.773     38.385  27.934308     2.7374      9.692   126.5317 2.0076e+02    83.7706      1.315      1.908    11.3568 0.0000e+00
      1.340      0.002    10.4544     95.841     38.357  27.933267     2.3273      9.691   126.6453 1.9807e+02    79.4677      1.314      1.906    11.3614 0.0000e+00
      1.341      0.002    10.4627     95.911     38.296  27.896592     1.8548      9.690   126.6393 1.9576e+02    64.5016      1.315      1.907    11.3590 0.0000e+00
      1.342      0.002    10.4667     95.976     38.277  27.871442     1.0694      9.690   126.6313 1.9616e+02    37.5079      1.316      1.909    11.3587 0.0000e+00
      1.342      0.002    10.4667     96.028     38.316  27.882871     0.6552      9.690   126.7212 1.9396e+02    22.7099      1.316      1.909    11.3813 0.0000e+00
      1.342      0.003    10.4666     96.034     38.356  27.907909     0.5923      9.690   126.9521 1.9130e+02    21.0569      1.315      1.908    11.4148 0.0000e+00
      1.343      0.003    10.4714     96.014     38.361  27.920469     0.4334      9.690   127.1866 1.9246e+02    18.2720      1.317      1.910    11.4317 0.0000e+00
      1.344      0.004    10.4821     95.985     38.333  27.907884     0.1905      9.690   127.2323 1.9296e+02    13.4281      1.318      1.911    11.4085 0.0000e+00
      1.346      0.004    10.5007     95.905     38.300  27.882608     0.0777      9.691   127.1609 1.9163e+02    10.8252      1.320      1.913    11.3722 0.0000e+00
      1.347      0.004    10.4995     95.777     38.291  27.868563     0.0768      9.692   127.1836 1.9241e+02    10.5414      1.321      1.915    11.3711 0.0000e+00
      1.348      0.005    10.4901     95.622     38.299  27.864905     0.0546      9.691   127.2485 1.9243e+02    10.2702      1.321      1.916    11.3903 0.0000e+00
      1.349      0.006    10.4884     95.469     38.276  27.838372     0.0254      9.691   127.1715 1.9276e+02    10.0054      1.323      1.918    11.4049 0.0000e+00
      1.349      0.006    10.4785     95.394     38.245  27.801450     0.0235      9.691   127.0263 1.9537e+02     9.9011      1.323      1.919    11.4014 0.0000e+00
      1.351      0.007    10.4673     95.407     38.266  27.799029     0.0320      9.692   126.9558 1.9467e+02     9.8635      1.324      1.921    11.3869 0.0000e+00
      1.354      0.007    10.4539     95.443     38.305  27.809086     0.0192      9.694   126.8358 1.9172e+02     9.7901      1.328      1.926    11.3757 0.0000e+00
      1.356      0.008    10.4340     95.470     38.310  27.796174    -0.0224      9.694   126.6935 1.9156e+02     9.3886      1.331      1.930    11.3641 0.0000e+00
      1.358      0.008    10.4299     95.496     38.290  27.769743    -0.0551      9.693   126.7845 1.9025e+02     8.7672      1.332      1.932    11.3466 0.0000e+00
      1.360      0.007    10.4423     95.537     38.262  27.743208    -0.0511      9.693   126.9894 1.8421e+02     8.4938      1.333      1.934    11.3206 0.0000e+00
      1.361      0.006    10.4525     95.573     38.248  27.729048    -0.0501      9.694   127.0205 1.8119e+02     8.4053      1.335      1.936    11.2947 0.0000e+00
      1.363      0.006    10.4604     95.544     38.251  27.725380    -0.0674      9.694   126.9018 1.8586e+02     8.0742      1.337      1.939    11.2730 0.0000e+00
      1.365      0.005    10.4664     95.447     38.230  27.698856    -0.0769      9.694   126.8445 1.8911e+02     7.6669      1.338      1.941    11.2571 0.0000e+00
      1.366      0.005    10.4725     95.346     38.205  27.662041    -0.0656      9.694   126.9307 1.8556e+02     7.5117      1.339      1.942    11.2501 0.0000e+00
      1.367      0.004    10.4809     95.259     38.235  27.660787    -0.0463      9.695   126.9974 1.8307e+02     7.4954      1.341      1.944    11.2478 0.0000e+00
      1.368      0.003    10.4801     95.164     38.300  27.683663    -0.0524      9.695   126.9621 1.8436e+02     7.2648      1.341      1.945    11.2422 0.0000e+00
      1.368      0.003    10.4681     95.067     38.323  27.684904    -0.0640      9.696   126.9341 1.8357e+02     6.9102      1.342      1.946    11.2258 0.0000e+00
      1.369      0.003    10.4630     95.005     38.317  27.675772    -0.0530      9.697   127.0034 1.7967e+02     6.7601      1.342      1.947    11.2026 0.0000e+00
      1.370      0.003    10.4626     95.000     38.348  27.700103    -0.0453      9.698   127.1123 1.7842e+02     6.8163      1.343      1.948    11.1709 0.0000e+00
      1.370      0.003    10.4613     95.044     38.379  27.725378    -0.0543      9.697   127.1319 1.8036e+02     7.3850      1.344      1.949    11.1318 0.0000e+00
      1.371      0.003    10.4539     95.139     38.374  27.727674    -0.0695      9.697   127.1539 1.8037e+02     8.4105      1.345      1.951    11.1110 0.0000e+00
      1.372      0.003    10.4459     95.271     38.358  27.727872    -0.0629      9.697   127.2928 1.7744e+02     9.0355      1.346      1.952    11.1092 0.0000e+00
      1.373      0.003    10.4460     95.444     38.334  27.727784    -0.0412      9.698   127.4344 1.7396e+02     9.2710      1.346      1.952    11.1146 0.0000e+00
      1.374      0.003    10.4485     95.654     38.305  27.726629    -0.0479      9.698   127.4887 1.7113e+02    10.1982      1.348      1.954    11.1170 0.0000e+00
      1.375      0.003    10.4596     95.844     38.273  27.713933    -0.0619      9.698   127.5192 1.6513e+02    11.8437      1.348      1.956    11.1221 0.0000e+00
      1.376      0.003    10.4697     95.974     38.257  27.701135    -0.0609      9.698   127.6316 1.5920e+02    12.7364      1.349      1.957    11.1383 0.0000e+00
      1.376      0.002    10.4820     96.056     38.266  27.698735    -0.0602      9.698   127.8154 1.5906e+02    12.7930      1.350      1.958    11.1609 0.0000e+00
      1.377      0.002    10.5014     96.101     38.261  27.684906    -0.0615      9.698   127.9343 1.5936e+02    12.6988      1.350      1.958    11.1939 0.0000e+00
      1.377      0.002    10.5191     96.101     38.244  27.660775    -0.0688      9.698   127.9509 1.5758e+02    11.0513      1.350      1.958    11.2101 0.0000e+00
      1.378      0.002    10.5347     96.088     38.261  27.660661    -0.0736      9.699   127.9304 1.5464e+02     8.0058      1.351      1.959    11.2027 0.0000e+00
      1.378      0.002    10.5453     96.114     38.304  27.683515    -0.0601      9.699   128.0295 1.5427e+02     6.4135      1.351      1.960    11.1905 0.0000e+00
      1.378      0.002    10.5556     96.176     38.310  27.683392    -0.0386      9.699   128.2892 1.5708e+02     6.2827      1.352      1.960    11.1761 0.0000e+00
      1.379      0.002    10.5578     96.276     38.293  27.659167    -0.0387      9.699   128.4894 1.5365e+02     5.7754      1.353      1.962    11.1617 0.0000e+00
      1.380      0.002    10.5563     96.383     38.306  27.644300    -0.0542      9.699   128.5574 1.4714e+02     4.8569      1.353      1.963    11.1439 0.0000e+00
      1.380      0.002    10.5654     96.409     38.325  27.630465    -0.0585      9.700   128.5948 1.4449e+02     4.4006      1.354      1.963    11.1295 0.0000e+00
      1.381      0.002    10.5704     96.322     38.343  27.618708    -0.0490      9.702   128.6841 1.4290e+02     4.3923      1.354      1.964    11.1317 0.0000e+00
      1.381      0.001    10.5839     96.153     38.388  27.628973    -0.0470      9.703   128.8623 1.4190e+02     4.2773      1.354      1.964    11.1212 0.0000e+00
      1.381      0.001    10.6118     95.927     38.403  27.627701    -0.0683      9.703   129.0286 1.4120e+02     4.0692      1.354      1.964    11.0800 0.0000e+00
      1.382      0.001    10.6248     95.694     38.365  27.603316    -0.0815      9.704   129.0594 1.4050e+02     3.9940      1.355      1.965    11.0422 0.0000e+00
      1.382      0.001    10.6199     95.541     38.325  27.587851    -0.0661      9.705   129.0624 1.4077e+02     4.0860      1.356      1.966    11.0129 0.0000e+00
      1.382      0.001    10.6093     95.466     38.279  27.567573    -0.0404      9.704   129.1523 1.4054e+02     4.3956      1.355      1.966    10.9793 0.0000e+00
      1.382      0.001    10.5885     95.441     38.250  27.548435    -0.0367      9.704   129.2858 1.3934e+02     4.8001      1.356      1.966    10.9591 0.0000e+00
      1.382      0.001    10.5544     95.491     38.262  27.546733    -0.0630      9.704   129.3861 1.3785e+02     4.9804      1.356      1.966    10.9671 0.0000e+00
      1.382      0.001    10.5336     95.612     38.286  27.546992    -0.0747      9.704   129.4184 1.3655e+02     5.0374      1.356      1.966    10.9895 0.0000e+00
      1.382      0.001    10.5231     95.763     38.316  27.551540    -0.0527      9.704   129.5042 1.3512e+02     4.9774      1.355      1.966    11.0114 0.0000e+00
      1.383      0.001    10.5158     95.913     38.318  27.538279    -0.0309      9.705   129.6494 1.3268e+02     4.6648      1.356      1.967    11.0152 0.0000e+00
      1.384      0.001    10.5269     96.052     38.297  27.513486    -0.0364      9.706   129.7113 1.3119e+02     4.3666      1.357      1.968    10.9960 0.0000e+00
      1.384      0.001    10.5476     96.152     38.296  27.505466    -0.0609      9.706   129.8227 1.3139e+02     4.2761      1.357      1.968    10.9729 0.0000e+00
      1.384      0.001    10.5719     96.185     38.311  27.504734    -0.0768      9.706   129.9633 1.3116e+02     4.3210      1.357      1.968    10.9503 0.0000e+00
      1.384      0.001    10.5932     96.150     38.333  27.504617    -0.0785      9.706   129.9487 1.3007e+02     4.7042      1.357      1.969    10.9269 0.0000e+00
      1.384      0.001    10.6126     96.054     38.348  27.504040    -0.0740      9.706   129.9910 1.2842e+02     5.4247      1.358      1.969    10.9166 0.0000e+00
      1.385      0.001    10.6268     95.940     38.341  27.497740    -0.0719      9.706   130.1302 1.2761e+02     5.8592      1.358      1.970    10.9120 0.0000e+00
      1.385      0.001    10.6326     95.864     38.326  27.491870    -0.0784      9.706   130.1683 1.2909e+02     5.9275      1.359      1.971    10.8964 0.0000e+00
      1.385      0.001    10.6361     95.809     38.327  27.496492    -0.0775      9.706   130.1933 1.2869e+02     5.6018      1.358      1.970    10.8717 0.0000e+00
      1.385      0.001    10.6287     95.749     38.311  27.490201    -0.0690      9.707   130.3465 1.2486e+02     4.8246      1.359      1.971    10.8514 0.0000e+00
      1.386      0.001    10.6111     95.706     38.286  27.479244    -0.0679      9.707   130.4727 1.2168e+02     4.3182      1.359      1.971    10.8548 0.0000e+00
      1.387      0.001    10.6026     95.702     38.290  27.490869    -0.0553      9.707   130.4284 1.2218e+02     4.2958      1.360      1.972    10.8653 0.0000e+00
      1.387      0.001    10.5971     95.716     38.295  27.503909    -0.0334      9.707   130.4985 1.2406e+02     4.4503      1.360      1.972    10.8680 0.0000e+00
      1.387      0.001    10.5876     95.710     38.297  27.510075    -0.0280      9.707   130.7186 1.2336e+02     4.6501      1.360      1.973    10.8736 0.0000e+00
      1.387      0.001    10.5789     95.673     38.291  27.502004    -0.0398      9.707   130.8529 1.2287e+02     4.7300      1.360      1.973    10.8839 0.0000e+00
      1.387      0.001    10.5769     95.602     38.263  27.469735    -0.0597      9.707   131.0030 1.2417e+02     4.6647      1.360      1.972    10.8954 0.0000e+00
      1.387      0.001    10.5776     95.525     38.247  27.437033    -0.0604      9.708   131.1574 1.2392e+02     4.2375      1.360      1.973    10.9082 0.0000e+00
      1.387      0.001    10.5735     95.460     38.267  27.423716    -0.0395      9.708   131.2573 1.2185e+02     3.4935      1.360      1.973    10.9192 0.0000e+00
      1.388      0.001    10.5722     95.372     38.317  27.435541    -0.0325      9.708   131.3503 1.1972e+02     3.4223      1.361      1.974    10.9132 0.0000e+00
      1.388      0.001    10.5671     95.277     38.359  27.453129     0.0243      9.708   131.4210 1.1857e+02     7.5095      1.361      1.974    10.8960 0.0000e+00
      1.388      0.001    10.5626     95.242     38.358  27.446085     0.8143      9.708   131.5104 1.1902e+02    53.0484      1.361      1.974    10.8701 0.0000e+00
      1.388      0.001    10.5694     95.286     38.319  27.413795     2.2786      9.708   131.5703 1.1841e+02   136.5667      1.360      1.973    10.8272 0.0000e+00
      1.389      0.002    10.5681     95.353     38.282  27.379829     3.0880      9.708   131.5437 1.1558e+02   182.0902      1.361      1.974    10.7919 0.0000e+00
      1.389      0.002    10.5559     95.378     38.268  27.352527     3.1604      9.708   131.5322 1.1285e+02   186.3826      1.362      1.975    10.7785 0.0000e+00
      1.390      0.002    10.5529     95.343     38.288  27.337372     3.2282      9.708   131.6038 1.1012e+02   189.5936      1.363      1.976    10.7744 0.0000e+00
      1.390      0.002    10.5619     95.280     38.316  27.323408     4.1663      9.708   131.7207 1.0742e+02   221.1534      1.363      1.977    10.7677 0.0000e+00
      1.390      0.002    10.5739     95.234     38.337  27.310505     5.9049      9.708   131.7407 1.0538e+02   278.9118      1.363      1.977    10.7624 0.0000e+00
      1.391      0.002    10.5821     95.192     38.358  27.308190     6.8623      9.708   131.6745 1.0324e+02   310.3773      1.364      1.978    10.7435 0.0000e+00
      1.392      0.002    10.5880     95.142     38.348  27.295399     6.9949      9.708   131.6940 1.0065e+02   312.9882      1.365      1.980    10.6980 0.0000e+00
      1.392      0.002    10.5893     95.107     38.327  27.282694     7.5999      9.708   131.7189 9.9022e+01   311.1968      1.365      1.980    10.6508 0.0000e+00
      1.393      0.002    10.5958     95.100     38.314  27.281424     8.7335      9.708   131.7173 9.8147e+01   307.5731      1.366      1.981    10.6106 0.0000e+00
      1.393      0.002    10.5980     95.093     38.303  27.280051     9.3572      9.708   131.7609 9.6603e+01   305.4866      1.367      1.983    10.5883 0.0000e+00
      1.393      0.001    10.5913     95.071     38.291  27.266101     9.4233      9.708   131.8155 9.5020e+01   304.5167      1.366      1.982    10.5833 0.0000e+00
      1.394      0.001    10.5863     95.051     38.287  27.239601     9.7239      9.709   131.7753 9.3777e+01   296.5293      1.367      1.982    10.5863 0.0000e+00
      1.394      0.001    10.5839     95.041     38.303  27.213311    10.3027      9.709   131.5328 9.3149e+01   281.9454      1.367      1.983    10.5997 0.0000e+00
      1.394      0.001    10.5810     95.062     38.343  27.201900    10.6373      9.710   131.1205 9.3214e+01   273.9085      1.367      1.983    10.6136 0.0000e+00
      1.394      0.001    10.5766     95.102     38.425  27.228436    10.7065      9.710   130.6621 9.2819e+01   271.9440      1.367      1.983    10.6118 0.0000e+00
