Data/DataNotYetUploadedToEDI/Raw_CTD/RawDownloads/030926_FCR_20_S7809004.cnv
* Sea-Bird SBE19plus  Data File:
* FileName = C:\R\Reservoirs\Data\DataNotYetUploadedToEDI\Raw_CTD\RawDownloads\051126_FCR_50_S7809_0004.hex
* Software version 2.8.0.119
* Temperature SN = 7809
* Conductivity SN = 7809
* System UpLoad Time = May 11 2026 15:30:10
* <ApplicationData>
* <Seaterm232>
# nquan = 15
# nvalues = 864                         
# units = specified
# name 0 = depFM: Depth [fresh water, m]
# name 1 = dz/dtM: Descent Rate [m/s]
# name 2 = sbeox0Mg/L: Oxygen, SBE 43 [mg/l]
# name 3 = sbeox0PS: Oxygen, SBE 43 [% saturation]
# name 4 = specc: Specific Conductance [uS/cm]
# name 5 = c0uS/cm: Conductivity [uS/cm]
# name 6 = flECO-AFL: Fluorescence, WET Labs ECO-AFL/FL [mg/m^3]
# name 7 = ph: pH
# name 8 = orp: Oxidation Reduction Potential [mV]
# name 9 = par/sat/log: PAR/Logarithmic, Satlantic
# name 10 = turbWETntu0: Turbidity, WET Labs ECO [NTU]
# name 11 = prdM: Pressure, Strain Gauge [db]
# name 12 = prdE: Pressure, Strain Gauge [psi]
# name 13 = tv290C: Temperature [ITS-90, deg C]
# name 14 = flag:  0.000e+00
# span 0 =     -0.609,      2.739       
# span 1 =     -0.029,      0.186       
# span 2 =     6.6791,    11.5529       
# span 3 =     62.084,    102.087       
# span 4 =     18.809,     39.355       
# span 5 =  14.225416,  28.687944       
# span 6 =    -0.1459,     5.4015       
# span 7 =      9.431,      9.869       
# span 8 =    75.4847,   596.7124       
# span 9 = 8.3580e+00, 1.5718e+03       
# span 10 =     1.2434,   358.2539      
# span 11 =     -0.598,      2.687      
# span 12 =     -0.867,      3.897      
# span 13 =     6.0850,    12.8170      
# span 14 = 0.0000e+00, 0.0000e+00      
# interval = seconds: 0.25
# start_time = Mar 09 2026 11:07:27 [Instrument's time stamp, header]
# bad_flag = -9.990e-29
*END*
[from data line 579]
      1.764      0.014    11.3661     95.081     38.215  25.009923     1.6636      9.865   142.9577 3.1353e+01     4.3774      1.730      2.509     7.7043 0.0000e+00
      1.768      0.013    11.3579     95.095     38.210  25.010008     1.6618      9.866   143.0663 3.1284e+01     4.2983      1.734      2.515     7.6904 0.0000e+00
      1.772      0.013    11.3391     95.085     38.255  25.034023     1.6490      9.866   143.1451 3.1252e+01     4.3177      1.738      2.521     7.6938 0.0000e+00
      1.774      0.013    11.3361     95.035     38.287  25.046593     1.6660      9.865   143.2221 3.1190e+01     4.3727      1.740      2.523     7.7076 0.0000e+00
      1.777      0.014    11.3371     94.963     38.281  25.035158     1.7176      9.865   143.3096 3.1141e+01     4.4505      1.742      2.527     7.7250 0.0000e+00
      1.780      0.015    11.3350     94.848     38.264  25.022588     1.7414      9.866   143.3428 3.1087e+01     4.4392      1.745      2.531     7.7302 0.0000e+00
      1.785      0.016    11.3415     94.685     38.257  25.021445     1.7287      9.867   143.3649 3.1012e+01     4.4744      1.749      2.537     7.7187 0.0000e+00
      1.790      0.016    11.3337     94.526     38.259  25.021340     1.7134      9.867   143.4044 3.0974e+01     4.5353      1.755      2.546     7.7069 0.0000e+00
      1.794      0.016    11.3327     94.408     38.272  25.021321     1.6889      9.868   143.3909 3.0947e+01     4.4235      1.761      2.552     7.6933 0.0000e+00
      1.798      0.015    11.3199     94.315     38.290  25.021208     1.6668      9.868   143.3735 3.0879e+01     4.2840      1.764      2.558     7.6919 0.0000e+00
      1.802      0.015    11.2939     94.227     38.309  25.019961     1.6622      9.867   143.4525 3.0858e+01     4.2500      1.767      2.563     7.7032 0.0000e+00
      1.804      0.015    11.2730     94.146     38.311  25.006230     1.6666      9.867   143.5711 3.0863e+01     4.2850      1.770      2.566     7.7020 0.0000e+00
      1.806      0.016    11.2644     94.086     38.297  24.982007     1.6620      9.867   143.6027 3.0792e+01     4.3649      1.771      2.569     7.6877 0.0000e+00
      1.811      0.018    11.2591     94.051     38.315  24.980750     1.6399      9.868   143.5769 3.0751e+01     4.3625      1.774      2.574     7.6717 0.0000e+00
      1.817      0.018    11.2527     94.012     38.345  24.991013     1.6152      9.869   143.6035 3.0730e+01     4.2558      1.782      2.585     7.6544 0.0000e+00
      1.824      0.019    11.2490     93.934     38.329  24.979255     1.6048      9.869   143.6659 3.0690e+01     4.2366      1.788      2.594     7.6329 0.0000e+00
      1.829      0.019    11.2454     93.809     38.294  24.965417     1.6057      9.869   143.6436 3.0640e+01     4.3698      1.794      2.601     7.6136 0.0000e+00
      1.833      0.019    11.2489     93.679     38.264  24.950549     1.5931      9.868   143.5919 3.0601e+01     4.5343      1.798      2.609     7.5967 0.0000e+00
      1.836      0.019    11.2487     93.559     38.245  24.926327     1.5599      9.868   143.6425 3.0600e+01     4.5850      1.800      2.611     7.5822 0.0000e+00
      1.840      0.019    11.2429     93.417     38.273  24.926205     1.5292      9.868   143.7394 3.0585e+01     4.5392      1.804      2.616     7.5766 0.0000e+00
      1.847      0.019    11.2192     93.257     38.326  24.949056     1.5463      9.868   143.8172 3.0504e+01     4.4934      1.811      2.626     7.5948 0.0000e+00
      1.853      0.019    11.1977     93.153     38.332  24.948943     1.5922      9.868   143.8082 3.0411e+01     4.4066      1.819      2.637     7.6138 0.0000e+00
      1.858      0.019    11.1926     93.149     38.297  24.924833     1.5934      9.867   143.7172 3.0372e+01     4.2757      1.822      2.643     7.5889 0.0000e+00
      1.861      0.020    11.1854     93.214     38.283  24.911214     1.5779      9.866   143.6632 3.0338e+01     4.2091      1.825      2.646     7.5567 0.0000e+00
      1.865      0.020    11.1650     93.330     38.299  24.911111     1.5963      9.867   143.6722 3.0377e+01     4.3182      1.830      2.654     7.5437 0.0000e+00
      1.870      0.020    11.1507     93.460     38.337  24.923577     1.6233      9.867   143.6535 3.0397e+01     4.5356      1.833      2.659     7.5383 0.0000e+00
      1.876      0.021    11.1538     93.574     38.369  24.935089     1.6217      9.867   143.6959 3.0339e+01     4.5835      1.839      2.668     7.5426 0.0000e+00
      1.884      0.021    11.1607     93.664     38.355  24.923454     1.6024      9.866   143.8401 3.0335e+01     4.4865      1.848      2.681     7.5376 0.0000e+00
      1.889      0.020    11.1826     93.689     38.333  24.909730     1.5975      9.865   143.9343 3.0383e+01     4.4570      1.853      2.688     7.5210 0.0000e+00
      1.893      0.020    11.2046     93.644     38.317  24.895999     1.6127      9.864   143.9741 3.0390e+01     4.3978      1.856      2.692     7.5033 0.0000e+00
      1.897      0.019    11.2206     93.585     38.317  24.884262     1.6358      9.864   143.9771 3.0361e+01     4.3163      1.860      2.698     7.4890 0.0000e+00
      1.902      0.017    11.2355     93.533     38.365  24.894642     1.6363      9.865   143.9701 3.0387e+01     4.3253      1.865      2.705     7.4871 0.0000e+00
      1.907      0.017    11.2381     93.448     38.404  24.894643     1.6103      9.866   143.9766 3.0400e+01     4.3014      1.869      2.712     7.4912 0.0000e+00
      1.912      0.017    11.2289     93.308     38.422  24.884249     1.6043      9.867   143.9691 3.0394e+01     4.3352      1.875      2.719     7.4885 0.0000e+00
      1.916      0.017    11.2254     93.154     38.458  24.895790     1.6133      9.866   143.9656 3.0462e+01     4.4615      1.879      2.725     7.4742 0.0000e+00
      1.920      0.017    11.2294     92.980     38.480  24.907338     1.6030      9.866   144.0205 3.0508e+01     4.4617      1.883      2.731     7.4444 0.0000e+00
      1.924      0.018    11.2325     92.809     38.464  24.897037     1.6039      9.866   144.1164 3.0443e+01     4.4397      1.886      2.736     7.4075 0.0000e+00
      1.927      0.018    11.2188     92.744     38.465  24.898074     1.6081      9.866   144.1793 3.0385e+01     4.4690      1.890      2.740     7.3766 0.0000e+00
      1.932      0.017    11.2064     92.707     38.487  24.919878     1.5876      9.865   144.1788 3.0406e+01     4.4407      1.894      2.747     7.3604 0.0000e+00
      1.938      0.016    11.1888     92.612     38.446  24.906994     1.5638      9.865   144.1101 3.0465e+01     4.3702      1.901      2.757     7.3612 0.0000e+00
      1.944      0.014    11.1535     92.525     38.372  24.869150     1.5452      9.865   144.0375 3.0446e+01     4.2659      1.907      2.766     7.3648 0.0000e+00
      1.947      0.013    11.1566     92.477     38.326  24.842838     1.5630      9.864   143.9888 3.0405e+01     4.2389      1.909      2.769     7.3586 0.0000e+00
      1.948      0.013    11.1563     92.426     38.325  24.842523     1.6207      9.863   143.9510 3.0407e+01     4.3509      1.909      2.769     7.3662 0.0000e+00
      1.949      0.014    11.1298     92.365     38.369  24.865348     1.6435      9.863   143.9247 3.0447e+01     4.3899      1.911      2.772     7.3942 0.0000e+00
      1.952      0.015    11.1145     92.278     38.389  24.865128     1.6133      9.863   143.9288 3.0505e+01     4.3017      1.914      2.776     7.4074 0.0000e+00
      1.957      0.017    11.1131     92.149     38.375  24.839857     1.5884      9.863   144.0017 3.0529e+01     4.2749      1.919      2.783     7.4081 0.0000e+00
      1.964      0.018    11.1043     92.059     38.364  24.813451     1.5919      9.863   144.0315 3.0525e+01     4.3385      1.926      2.794     7.4121 0.0000e+00
      1.970      0.018    11.0985     92.051     38.377  24.799513     1.6149      9.863   143.9441 3.0513e+01     4.3537      1.933      2.802     7.4060 0.0000e+00
      1.975      0.017    11.0983     92.072     38.408  24.798145     1.6247      9.862   143.8915 3.0550e+01     4.2881      1.937      2.809     7.3853 0.0000e+00
      1.980      0.015    11.0812     92.092     38.428  24.796889     1.6028      9.862   143.9977 3.0558e+01     4.2283      1.942      2.817     7.3631 0.0000e+00
      1.983      0.013    11.0748     92.124     38.417  24.784309     1.5826      9.864   144.1100 3.0582e+01     4.2789      1.944      2.820     7.3405 0.0000e+00
      1.984      0.012    11.0868     92.161     38.403  24.772872     1.5805      9.864   144.1305 3.0632e+01     4.3874      1.945      2.821     7.3089 0.0000e+00
      1.986      0.012    11.0995     92.176     38.438  24.785444     1.5855      9.862   144.1603 3.0722e+01     4.3791      1.947      2.824     7.2779 0.0000e+00
      1.989      0.013    11.1056     92.154     38.488  24.809468     1.5762      9.861   144.2115 3.0777e+01     4.3153      1.950      2.828     7.2557 0.0000e+00
      1.993      0.013    11.1112     92.093     38.485  24.809667     1.5843      9.861   144.3191 3.0731e+01     4.3329      1.954      2.834     7.2529 0.0000e+00
      1.998      0.013    11.1157     92.024     38.435  24.787852     1.6420      9.862   144.4290 3.0786e+01     4.3869      1.959      2.841     7.2582 0.0000e+00
      2.002      0.012    11.1231     91.984     38.432  24.799378     1.6742      9.862   144.4219 3.0831e+01     4.3547      1.964      2.848     7.2394 0.0000e+00
      2.005      0.011    11.1262     91.952     38.447  24.822213     1.6580      9.861   144.3193 3.0837e+01     4.2509      1.967      2.852     7.2206 0.0000e+00
      2.006      0.010    11.1152     91.911     38.415  24.810292     1.6535      9.860   144.2212 3.0875e+01     4.2246      1.968      2.854     7.2287 0.0000e+00
      2.008      0.010    11.0997     91.905     38.370  24.782083     1.6710      9.860   144.2678 3.0879e+01     4.3094      1.969      2.856     7.2432 0.0000e+00
      2.010      0.010    11.0923     91.955     38.315  24.734818     1.6862      9.860   144.3671 3.0919e+01     4.3880      1.971      2.859     7.2612 0.0000e+00
      2.012      0.011    11.0847     92.010     38.270  24.682726     1.6791      9.860   144.3036 3.0971e+01     4.3555      1.973      2.861     7.2816 0.0000e+00
      2.015      0.013    11.0728     92.034     38.280  24.659556     1.6606      9.860   144.1879 3.0934e+01     4.3606      1.977      2.865     7.2944 0.0000e+00
      2.019      0.015    11.0692     92.024     38.305  24.644906     1.6617      9.860   144.1722 3.0967e+01     4.5186      1.980      2.872     7.2981 0.0000e+00
      2.024      0.016    11.0835     92.006     38.325  24.632396     1.6673      9.859   144.2005 3.1023e+01     4.5908      1.985      2.878     7.2820 0.0000e+00
      2.029      0.017    11.1006     92.030     38.359  24.635108     1.6696      9.859   144.1858 3.1017e+01     4.5163      1.990      2.886     7.2500 0.0000e+00
      2.033      0.019    11.1137     92.069     38.353  24.614259     1.6739      9.859   144.1662 3.1055e+01     4.4373      1.995      2.892     7.2094 0.0000e+00
      2.036      0.021    11.1259     92.089     38.312  24.570550     1.6694      9.859   144.2212 3.1108e+01     4.3874      1.997      2.895     7.1644 0.0000e+00
      2.041      0.024    11.1271     92.101     38.304  24.550531     1.6728      9.859   144.2490 3.1077e+01     4.3920      2.001      2.902     7.1302 0.0000e+00
      2.047      0.026    11.1395     92.105     38.344  24.562448     1.6730      9.859   144.2442 3.1057e+01     4.3561      2.007      2.911     7.1100 0.0000e+00
      2.056      0.026    11.1524     92.080     38.407  24.587796     1.6640      9.858   144.3349 3.1134e+01     4.2614      2.016      2.923     7.0883 0.0000e+00
      2.065      0.025    11.1595     92.025     38.447  24.603325     1.6724      9.857   144.4858 3.1048e+01     4.3055      2.026      2.938     7.0618 0.0000e+00
      2.073      0.023    11.1669     91.943     38.475  24.623355     1.6906      9.857   144.6065 3.0988e+01     4.4793      2.034      2.950     7.0454 0.0000e+00
      2.079      0.021    11.1721     91.812     38.471  24.639722     1.7011      9.857   144.6751 3.1029e+01     4.5860      2.039      2.959     7.0292 0.0000e+00
      2.082      0.018    11.1771     91.676     38.378  24.610987     1.6915      9.857   144.6274 3.1035e+01     4.6051      2.042      2.961     7.0045 0.0000e+00
      2.083      0.016    11.1719     91.584     38.315  24.593041     1.6656      9.857   144.4598 3.1019e+01     4.6076      2.043      2.963     6.9895 0.0000e+00
      2.087      0.015    11.1666     91.530     38.344  24.613020     1.6630      9.857   144.2829 3.0933e+01     4.6160      2.046      2.966     6.9894 0.0000e+00
      2.093      0.015    11.1400     91.524     38.333  24.598870     1.6851      9.857   144.2956 3.0973e+01     4.5709      2.052      2.976     7.0137 0.0000e+00
      2.098      0.015    11.1053     91.582     38.265  24.548790     1.6912      9.856   144.4411 3.1067e+01     4.4723      2.058      2.986     7.0671 0.0000e+00
      2.101      0.015    11.0863     91.707     38.241  24.514838     1.6789      9.854   144.4071 3.1072e+01     4.4134      2.060      2.988     7.1066 0.0000e+00
      2.104      0.015    11.0807     91.842     38.271  24.505427     1.6689      9.854   144.2288 3.1111e+01     4.4399      2.063      2.992     7.0950 0.0000e+00
      2.108      0.014    11.0848     91.907     38.302  24.498388     1.6707      9.855   144.1788 3.1094e+01     4.5532      2.067      2.998     7.0788 0.0000e+00
      2.111      0.014    11.0884     91.880     38.327  24.493119     1.6677      9.855   144.3186 3.1028e+01     4.5880      2.071      3.003     7.0852 0.0000e+00
      2.115      0.014    11.1140     91.796     38.367  24.505121     1.6236      9.855   144.3707 3.0969e+01     4.5192      2.075      3.009     7.0579 0.0000e+00
      2.119      0.014    11.1484     91.697     38.400  24.516661     1.5706      9.854   144.2919 3.0894e+01     4.5415      2.079      3.015     7.0113 0.0000e+00
      2.122      0.014    11.1660     91.605     38.396  24.505802     1.5679      9.853   144.2263 3.0864e+01     4.6186      2.081      3.018     6.9770 0.0000e+00
      2.126      0.013    11.1698     91.526     38.396  24.500655     1.5820      9.853   144.1804 3.0834e+01     4.6654      2.085      3.024     6.9452 0.0000e+00
      2.130      0.013    11.1609     91.483     38.422  24.517845     1.5667      9.852   144.1667 3.0770e+01     4.6288      2.089      3.029     6.9315 0.0000e+00
      2.133      0.013    11.1509     91.509     38.425  24.523391     1.5408      9.852   144.1469 3.0560e+01     4.5181      2.092      3.034     6.9224 0.0000e+00
      2.137      0.016    11.1437     91.597     38.386  24.504304     1.5434      9.852   144.1992 3.0440e+01     4.5225      2.095      3.040     6.9083 0.0000e+00
      2.139      0.021    11.1351     91.691     38.344  24.477321     1.5656      9.852   144.2832 3.0440e+01     4.5800      2.097      3.042     6.9014 0.0000e+00
      2.141      0.025    11.1275     91.780     38.328  24.450804     1.5671      9.852   144.3019 3.0390e+01     4.5295      2.098      3.042     6.9024 0.0000e+00
      2.148      0.028    11.1283     91.853     38.351  24.437341     1.5456      9.851   144.3387 3.0328e+01     4.4929      2.104      3.052     6.9089 0.0000e+00
      2.161      0.028    11.1414     91.864     38.393  24.441343     1.5127      9.851   144.3840 3.0115e+01     4.5471      2.118      3.072     6.9186 0.0000e+00
      2.174      0.027    11.1499     91.809     38.397  24.435757     1.4951      9.852   144.3334 2.9925e+01     4.6050      2.135      3.095     6.9258 0.0000e+00
