Data/DataNotYetUploadedToEDI/Raw_CTD/RawDownloads/031025_fcr40_S7809005.cnv
* Sea-Bird SBE19plus  Data File:
* FileName = C:\R\Reservoirs\Data\DataNotYetUploadedToEDI\Raw_CTD\RawDownloads\031025_fcr50_S7809_0005.hex
* Software version 2.8.0.119
* Temperature SN = 7809
* Conductivity SN = 7809
* System UpLoad Time = Mar 13 2025 14:43:03
* <ApplicationData>
* <Seaterm232>
# nquan = 15
# nvalues = 929                         
# units = specified
# name 0 = depFM: Depth [fresh water, m]
# name 1 = dz/dtM: Descent Rate [m/s]
# name 2 = sbeox0Mg/L: Oxygen, SBE 43 [mg/l]
# name 3 = sbeox0PS: Oxygen, SBE 43 [% saturation]
# name 4 = specc: Specific Conductance [uS/cm]
# name 5 = c0uS/cm: Conductivity [uS/cm]
# name 6 = flECO-AFL: Fluorescence, WET Labs ECO-AFL/FL [mg/m^3]
# name 7 = ph: pH
# name 8 = orp: Oxidation Reduction Potential [mV]
# name 9 = par/sat/log: PAR/Logarithmic, Satlantic
# name 10 = turbWETntu0: Turbidity, WET Labs ECO [NTU]
# name 11 = prdM: Pressure, Strain Gauge [db]
# name 12 = prdE: Pressure, Strain Gauge [psi]
# name 13 = tv290C: Temperature [ITS-90, deg C]
# name 14 = flag:  0.000e+00
# span 0 =     -0.693,      5.665       
# span 1 =     -0.317,      0.213       
# span 2 =     8.3171,    13.1328       
# span 3 =     69.294,    108.749       
# span 4 =      2.835,     32.039       
# span 5 =   1.832856,  20.050578       
# span 6 =    -0.2760,     6.8289       
# span 7 =      8.204,      8.722       
# span 8 =   222.7146,   365.5627       
# span 9 = 1.9540e+00, 8.9222e+02       
# span 10 =    -0.2489,   193.3030      
# span 11 =     -0.681,      5.556      
# span 12 =     -0.987,      8.058      
# span 13 =     6.2508,     7.4924      
# span 14 = 0.0000e+00, 0.0000e+00      
# interval = seconds: 0.25
# start_time = Mar 10 2025 13:39:22 [Instrument's time stamp, header]
# bad_flag = -9.990e-29
*END*
[from data line 675]
      5.419      0.083    11.7110     94.583     30.555  19.107895     5.5978      8.462   266.4028 2.5050e+00     4.7303      5.317      7.711     6.2724 0.0000e+00
      5.444      0.083    11.7079     94.528     30.554  19.106913     5.5355      8.461   266.2925 2.4476e+00     5.2036      5.342      7.747     6.2691 0.0000e+00
      5.462      0.078    11.7058     94.484     30.558  19.108637     5.3796      8.461   266.1609 2.4065e+00     6.0461      5.357      7.770     6.2673 0.0000e+00
      5.476      0.071    11.7007     94.454     30.591  19.128737     5.2774      8.461   266.1024 2.3770e+00     6.4786      5.369      7.788     6.2669 0.0000e+00
      5.491      0.062    11.6933     94.433     30.641  19.159746     5.2815      8.460   266.1007 2.3442e+00     6.7441      5.384      7.808     6.2662 0.0000e+00
      5.509      0.055    11.6862     94.415     30.653  19.166559     5.4372      8.460   265.9687 2.3176e+00     9.2231      5.404      7.836     6.2655 0.0000e+00
      5.526      0.050    11.6810     94.404     30.623  19.147705     5.7126      8.460   265.7100 2.3014e+00    13.7011      5.421      7.862     6.2646 0.0000e+00
      5.538      0.048    11.6780     94.411     30.582  19.121992     5.8560      8.460   265.5544 2.2791e+00    16.1387      5.432      7.880     6.2635 0.0000e+00
      5.545      0.047    11.6757     94.426     30.562  19.109268     5.8470      8.460   265.5501 2.2567e+00    16.6967      5.438      7.887     6.2628 0.0000e+00
      5.551      0.046    11.6739     94.421     30.582  19.120659     5.8373      8.458   265.6580 2.2356e+00    20.8233      5.441      7.891     6.2622 0.0000e+00
      5.563      0.044    11.6714     94.406     30.603  19.132923     5.8128      8.458   265.8268 2.2095e+00    65.9309      5.454      7.909     6.2619 0.0000e+00
      5.581      0.044    11.6722     94.386     30.601  19.130743     5.7430      8.458   265.8700 2.1851e+00   148.5889      5.476      7.941     6.2615 0.0000e+00
      5.596      0.044    11.6781     94.366     30.646  19.157703     5.6841      8.457   265.8361 2.1566e+00   193.3030      5.491      7.964     6.2610 0.0000e+00
      5.605      0.041    11.6750     94.356     30.825  19.268687     5.5414      8.457   265.8474 2.1303e+00   192.9293      5.498      7.974     6.2599 0.0000e+00
      5.613      0.036    11.6739     94.323     31.130  19.458230     4.1091      8.457   265.8349 2.1113e+00   144.5825      5.504      7.982     6.2583 0.0000e+00
      5.622      0.031    11.6728     94.264     31.577  19.737617     1.4922      8.457   265.7714 2.0846e+00    55.3460      5.513      7.996     6.2567 0.0000e+00
      5.630      0.027    11.6677     94.201     31.972  19.983845     0.0604      8.456   265.6815 2.0649e+00     6.5980      5.522      8.010     6.2547 0.0000e+00
      5.637      0.024    11.6714     94.109     32.039  20.026051    -0.0767      8.456   265.6936 2.0573e+00     2.1851      5.528      8.018     6.2529 0.0000e+00
      5.642      0.021    11.6672     93.948     31.887  19.930921    -0.0907      8.456   265.7464 2.0502e+00     1.6831      5.532      8.024     6.2515 0.0000e+00
      5.646      0.017    11.6573     93.611     31.652  19.784684    -0.0843      8.456   265.7176 2.0435e+00     1.2796      5.537      8.031     6.2508 0.0000e+00
      5.650      0.015    11.6526     92.915     31.541  19.716167    -0.0917      8.455   265.7756 2.0328e+00     1.0292      5.541      8.036     6.2509 0.0000e+00
      5.653      0.013    11.6416     91.780     31.572  19.736515    -0.1130      8.454   265.8445 2.0248e+00     0.9797      5.543      8.041     6.2511 0.0000e+00
      5.657      0.011    11.6249     90.280     31.535  19.713702    -0.1084      8.454   265.7762 2.0155e+00     0.9879      5.547      8.045     6.2510 0.0000e+00
      5.659      0.009    11.5947     88.575     31.401  19.630549    -0.0859      8.454   265.7249 1.9947e+00     0.9922      5.549      8.048     6.2519 0.0000e+00
      5.661      0.007    11.5117     86.931     31.179  19.491945    -0.0832      8.454   265.8265 1.9717e+00     0.9286      5.552      8.052     6.2539 0.0000e+00
      5.663      0.003    11.3652     85.605     30.982  19.369288    -0.0999      8.454   266.0580 1.9572e+00     0.9364      5.554      8.055     6.2553 0.0000e+00
      5.665     -0.003    11.1751     84.714     30.853  19.288741    -0.1050      8.453   266.3732 1.9540e+00     1.0864      5.555      8.057     6.2558 0.0000e+00
      5.665     -0.017    10.9508     84.340     30.735  19.215461    -0.0530      8.452   266.8845 1.9656e+00     2.0932      5.556      8.058     6.2564 0.0000e+00
      5.663     -0.043    10.7333     84.545     30.675  19.180680     0.0375      8.451   267.5072 2.0003e+00     3.9207      5.554      8.056     6.2568 0.0000e+00
      5.657     -0.083    10.5680     85.250     30.673  19.185210     0.0824      8.449   268.0515 2.0588e+00     5.2148      5.549      8.049     6.2572 0.0000e+00
      5.643     -0.128    10.4532     86.266     30.695  19.206835     0.1239      8.447   268.4752 2.1294e+00     9.3366      5.540      8.035     6.2581 0.0000e+00
      5.611     -0.162    10.4027     87.429     30.756  19.251960     0.6058      8.446   268.6724 2.2393e+00    53.7230      5.514      7.998     6.2580 0.0000e+00
      5.548     -0.176    10.4309     88.642     31.106  19.477212     1.4725      8.444   268.7149 2.4388e+00   134.9118      5.452      7.907     6.2600 0.0000e+00
      5.464     -0.167    10.5258     89.860     31.373  19.647880     1.9220      8.442   268.7310 2.6679e+00   179.0140      5.354      7.765     6.2707 0.0000e+00
      5.394     -0.139    10.6545     91.056     30.999  19.413425     1.9619      8.442   268.6951 2.7830e+00   181.6575      5.270      7.646     6.2860 0.0000e+00
      5.366     -0.099    10.7984     92.175     30.633  19.178504     1.9965      8.442   268.7115 2.7634e+00   166.3618      5.250      7.615     6.2979 0.0000e+00
      5.370     -0.056    10.9482     93.152     30.604  19.153334     2.0169      8.441   268.7567 2.7050e+00   137.4763      5.264      7.634     6.3073 0.0000e+00
      5.384     -0.024    11.0956     93.905     30.644  19.172495     2.0080      8.440   268.7254 2.6670e+00   121.5642      5.280      7.659     6.3149 0.0000e+00
      5.394     -0.019    11.2476     94.376     30.724  19.219976     1.9980      8.440   268.8496 2.6696e+00   119.5573      5.294      7.679     6.3148 0.0000e+00
      5.394     -0.038    11.3902     94.596     30.824  19.283620     2.0703      8.440   269.1400 2.7056e+00   114.1686      5.295      7.678     6.3041 0.0000e+00
      5.383     -0.064    11.5192     94.639     30.858  19.307998     2.2159      8.439   269.3115 2.7658e+00   104.5736      5.282      7.661     6.2891 0.0000e+00
      5.358     -0.082    11.6195     94.594     30.777  19.261124     2.2857      8.437   269.2883 2.8711e+00    99.3277      5.260      7.630     6.2795 0.0000e+00
      5.318     -0.087    11.6759     94.531     30.715  19.224088     2.2813      8.436   269.2037 3.0067e+00    98.9404      5.217      7.567     6.2754 0.0000e+00
      5.277     -0.077    11.6997     94.469     30.743  19.240598     2.3623      8.437   269.2344 3.1047e+00    99.8226      5.167      7.492     6.2764 0.0000e+00
      5.252     -0.059    11.6988     94.414     30.794  19.270542     2.5334      8.438   269.3158 3.1232e+00   101.4542      5.141      7.457     6.2839 0.0000e+00
      5.250     -0.039    11.6871     94.393     30.795  19.269127     2.6349      8.437   269.3269 3.0952e+00   102.3067      5.145      7.463     6.2916 0.0000e+00
      5.258     -0.022    11.6787     94.403     30.825  19.286898     2.6410      8.435   269.3690 3.0616e+00   102.3756      5.157      7.480     6.2942 0.0000e+00
      5.265     -0.009    11.6723     94.408     31.041  19.422013     2.6236      8.435   269.5671 3.0497e+00   102.8336      5.167      7.493     6.2919 0.0000e+00
      5.264     -0.001    11.6640     94.377     31.278  19.571355     2.5244      8.435   269.8296 3.0753e+00   107.8092      5.167      7.494     6.2870 0.0000e+00
      5.254      0.004    11.6635     94.290     31.275  19.570952     2.3403      8.435   269.9615 3.1036e+00   116.8308      5.151      7.472     6.2834 0.0000e+00
      5.244      0.009    11.6667     94.166     31.130  19.480540     2.2369      8.435   269.9572 3.1001e+00   121.6633      5.136      7.450     6.2822 0.0000e+00
      5.248      0.012    11.6681     94.027     31.050  19.429211     2.2238      8.435   270.0356 3.0571e+00   122.3106      5.143      7.459     6.2832 0.0000e+00
      5.262      0.007    11.6658     93.871     30.996  19.394146     2.1899      8.434   270.2212 2.9980e+00   125.6471      5.161      7.485     6.2847 0.0000e+00
      5.277     -0.013    11.6521     93.661     30.862  19.310181     2.1431      8.433   270.3085 2.9645e+00   131.7055      5.176      7.506     6.2868 0.0000e+00
      5.286     -0.050    11.6362     93.394     30.745  19.238212     2.1161      8.431   270.2299 2.9713e+00   134.8944      5.188      7.524     6.2878 0.0000e+00
      5.279     -0.098    11.6187     93.103     30.715  19.221387     2.1135      8.431   270.0449 3.0424e+00   134.3479      5.188      7.524     6.2856 0.0000e+00
      5.244     -0.145    11.6036     92.833     30.730  19.233560     2.2615      8.431   269.9657 3.2172e+00   125.7480      5.155      7.476     6.2829 0.0000e+00
      5.182     -0.182    11.5776     92.607     30.767  19.258594     2.5481      8.430   269.9603 3.4592e+00   109.9585      5.086      7.375     6.2825 0.0000e+00
      5.109     -0.204    11.5422     92.437     30.784  19.270469     2.6988      8.429   269.8933 3.6830e+00   101.2213      5.006      7.261     6.2846 0.0000e+00
      5.044     -0.210    11.5031     92.362     30.750  19.250349     2.7196      8.427   269.9302 3.8598e+00    99.1523      4.941      7.167     6.2885 0.0000e+00
      4.993     -0.203    11.4665     92.403     30.678  19.205515     2.9823      8.426   270.0627 4.0134e+00    85.1807      4.893      7.098     6.2930 0.0000e+00
      4.951     -0.190    11.4396     92.570     30.623  19.172200     3.4863      8.426   270.1189 4.1675e+00    59.7745      4.855      7.040     6.2965 0.0000e+00
      4.912     -0.181    11.4137     92.848     30.608  19.164541     3.7771      8.426   270.0925 4.3257e+00    45.8758      4.817      6.987     6.2984 0.0000e+00
      4.871     -0.181    11.4045     93.176     30.625  19.176316     3.8267      8.426   270.0876 4.5153e+00    44.0348      4.780      6.932     6.2996 0.0000e+00
      4.826     -0.190    11.4084     93.507     30.640  19.187776     4.0034      8.425   270.0597 4.7553e+00    38.0274      4.733      6.865     6.3007 0.0000e+00
      4.776     -0.204    11.4283     93.824     30.620  19.176294     4.3573      8.425   270.0134 5.0170e+00    27.2468      4.684      6.792     6.3025 0.0000e+00
      4.722     -0.218    11.4663     94.115     30.600  19.164299     4.5931      8.424   270.0446 5.3171e+00    21.3241      4.634      6.721     6.3046 0.0000e+00
      4.663     -0.230    11.5078     94.336     30.608  19.169548     4.6488      8.424   270.0930 5.6587e+00    20.6611      4.573      6.633     6.3068 0.0000e+00
      4.600     -0.237    11.5484     94.451     30.620  19.176361     4.6725      8.424   270.1680 6.0114e+00    20.2215      4.511      6.542     6.3094 0.0000e+00
      4.535     -0.234    11.5873     94.540     30.632  19.183267     4.8135      8.424   270.1772 6.3918e+00    16.9312      4.448      6.451     6.3112 0.0000e+00
      4.470     -0.217    11.6239     94.663     30.642  19.189648     5.0791      8.424   270.0315 6.8012e+00    11.0067      4.382      6.356     6.3124 0.0000e+00
      4.408     -0.187    11.6567     94.772     30.643  19.190115     5.2206      8.424   269.9556 7.2152e+00     7.7532      4.321      6.268     6.3132 0.0000e+00
      4.354     -0.147    11.6640     94.878     30.642  19.188916     5.2271      8.424   270.0342 7.5442e+00     7.3464      4.262      6.183     6.3125 0.0000e+00
      4.318     -0.103    11.6703     95.005     30.621  19.175149     5.3071      8.425   270.0352 7.6754e+00     7.2491      4.225      6.127     6.3113 0.0000e+00
      4.306     -0.059    11.6934     95.107     30.581  19.150455     5.4720      8.426   269.8821 7.6714e+00     7.2603      4.218      6.118     6.3107 0.0000e+00
      4.307     -0.020    11.7035     95.185     30.571  19.143948     5.5730      8.428   269.7312 7.6440e+00     7.2766      4.222      6.124     6.3105 0.0000e+00
      4.313      0.010    11.7144     95.270     30.597  19.159878     5.5877      8.428   269.6732 7.5977e+00     7.2067      4.229      6.134     6.3094 0.0000e+00
      4.322      0.025    11.7355     95.337     30.587  19.152858     5.6585      8.428   269.6116 7.5362e+00     6.4844      4.238      6.146     6.3085 0.0000e+00
      4.333      0.027    11.7472     95.370     30.540  19.122468     5.8123      8.429   269.5026 7.4527e+00     5.2381      4.247      6.160     6.3088 0.0000e+00
      4.345      0.020    11.7530     95.391     30.520  19.109434     5.9083      8.430   269.4728 7.3672e+00     4.6066      4.262      6.182     6.3090 0.0000e+00
      4.353      0.011    11.7672     95.416     30.540  19.122076     5.9207      8.431   269.5098 7.3397e+00     4.5866      4.272      6.196     6.3086 0.0000e+00
      4.353      0.004    11.7765     95.436     30.582  19.148514     5.9367      8.431   269.5200 7.3742e+00     5.1680      4.272      6.194     6.3072 0.0000e+00
      4.347     -0.001    11.7794     95.448     30.624  19.175484     5.9686      8.431   269.4243 7.4560e+00     6.3067      4.265      6.186     6.3057 0.0000e+00
      4.338     -0.002    11.7810     95.466     30.654  19.194564     5.9818      8.431   269.2989 7.5257e+00     6.9120      4.252      6.168     6.3048 0.0000e+00
      4.334     -0.002    11.7851     95.502     30.645  19.189018     5.9711      8.431   269.2947 7.4959e+00     6.8845      4.245      6.157     6.3047 0.0000e+00
      4.339      0.002    11.7881     95.553     30.617  19.171833     5.9475      8.431   269.3739 7.4037e+00     6.7596      4.253      6.169     6.3056 0.0000e+00
      4.347      0.010    11.7878     95.581     30.625  19.176978     5.8711      8.431   269.4823 7.3626e+00     6.4950      4.265      6.188     6.3065 0.0000e+00
      4.350      0.021    11.7901     95.557     30.642  19.187830     5.7547      8.431   269.4858 7.3815e+00     6.0420      4.268      6.191     6.3068 0.0000e+00
      4.349      0.032    11.7930     95.498     30.624  19.176237     5.6891      8.431   269.3299 7.3775e+00     5.7233      4.262      6.181     6.3073 0.0000e+00
      4.352      0.039    11.8022     95.438     30.605  19.163604     5.6693      8.431   269.2320 7.3029e+00     5.6136      4.263      6.184     6.3079 0.0000e+00
      4.365      0.040    11.8071     95.370     30.603  19.161890     5.6725      8.431   269.2500 7.1603e+00     5.3991      4.278      6.205     6.3082 0.0000e+00
      4.387      0.031    11.8031     95.285     30.593  19.155508     5.6954      8.431   269.2893 6.9639e+00     5.0771      4.301      6.237     6.3085 0.0000e+00
      4.409      0.011    11.7934     95.217     30.584  19.149838     5.6963      8.431   269.1042 6.8291e+00     4.8965      4.328      6.277     6.3081 0.0000e+00
      4.420     -0.017    11.7870     95.195     30.594  19.156744     5.6667      8.430   268.5607 6.8887e+00     4.8207      4.343      6.300     6.3068 0.0000e+00
      4.409     -0.046    11.7810     95.208     30.624  19.175607     5.5621      8.430   267.9662 7.1261e+00     4.9465      4.332      6.282     6.3053 0.0000e+00
      4.378     -0.071    11.7677     95.236     30.643  19.187715     5.4137      8.431   267.4223 7.4498e+00     5.2906      4.298      6.233     6.3043 0.0000e+00
