Data/DataNotYetUploadedToEDI/Raw_CTD/RawDownloads/031025_fcr20_S7809003.cnv
* Sea-Bird SBE19plus  Data File:
* FileName = C:\R\Reservoirs\Data\DataNotYetUploadedToEDI\Raw_CTD\RawDownloads\031025_fcr50_S7809_0003.hex
* Software version 2.8.0.119
* Temperature SN = 7809
* Conductivity SN = 7809
* System UpLoad Time = Mar 13 2025 14:42:17
* <ApplicationData>
* <Seaterm232>
# nquan = 15
# nvalues = 671                         
# units = specified
# name 0 = depFM: Depth [fresh water, m]
# name 1 = dz/dtM: Descent Rate [m/s]
# name 2 = sbeox0Mg/L: Oxygen, SBE 43 [mg/l]
# name 3 = sbeox0PS: Oxygen, SBE 43 [% saturation]
# name 4 = specc: Specific Conductance [uS/cm]
# name 5 = c0uS/cm: Conductivity [uS/cm]
# name 6 = flECO-AFL: Fluorescence, WET Labs ECO-AFL/FL [mg/m^3]
# name 7 = ph: pH
# name 8 = orp: Oxidation Reduction Potential [mV]
# name 9 = par/sat/log: PAR/Logarithmic, Satlantic
# name 10 = turbWETntu0: Turbidity, WET Labs ECO [NTU]
# name 11 = prdM: Pressure, Strain Gauge [db]
# name 12 = prdE: Pressure, Strain Gauge [psi]
# name 13 = tv290C: Temperature [ITS-90, deg C]
# name 14 = flag:  0.000e+00
# span 0 =     -0.689,      3.209       
# span 1 =     -0.333,      0.218       
# span 2 =     9.5576,    12.8170       
# span 3 =     78.803,    105.010       
# span 4 =      1.401,     31.051       
# span 5 =   0.914030,  19.773564       
# span 6 =    -0.1002,    46.7009       
# span 7 =      7.650,      8.068       
# span 8 =     5.5356,   254.3387       
# span 9 = 2.5431e+01, 1.5498e+03       
# span 10 =    -0.2671,   242.8137      
# span 11 =     -0.677,      3.147      
# span 12 =     -0.982,      4.565      
# span 13 =     6.3218,     7.6292      
# span 14 = 0.0000e+00, 0.0000e+00      
# interval = seconds: 0.25
# start_time = Mar 10 2025 13:21:09 [Instrument's time stamp, header]
# bad_flag = -9.990e-29
*END*
[from data line 97]
     -0.008     -0.002    10.3526     83.713     30.531  19.508544     1.4082      7.736   207.4432 9.2363e+02     5.9161     -0.008     -0.012     6.9405 0.0000e+00
     -0.010     -0.001    10.3200     83.330     30.531  19.509791     1.4234      7.737   207.5811 9.4221e+02     5.9488     -0.009     -0.014     6.9420 0.0000e+00
     -0.010      0.001    10.2637     82.945     30.513  19.499521     1.4160      7.738   207.7443 9.4545e+02     5.9863     -0.011     -0.016     6.9439 0.0000e+00
     -0.009      0.001    10.2198     82.540     30.530  19.511163     1.4019      7.740   208.0400 9.2466e+02     6.0274     -0.009     -0.014     6.9458 0.0000e+00
     -0.008      0.002    10.1756     82.113     30.548  19.523748     1.4028      7.741   208.2307 9.0937e+02     6.1039     -0.007     -0.010     6.9475 0.0000e+00
     -0.006      0.002    10.1266     81.705     30.548  19.524892     1.4183      7.743   208.2430 8.9260e+02     6.1953     -0.006     -0.009     6.9490 0.0000e+00
     -0.006      0.002    10.0809     81.321     30.547  19.524997     1.4303      7.744   208.2755 8.7833e+02     6.2092     -0.006     -0.009     6.9507 0.0000e+00
     -0.007      0.003    10.0328     80.942     30.546  19.525007     1.4234      7.746   208.3652 8.8011e+02     6.1013     -0.007     -0.010     6.9526 0.0000e+00
     -0.008      0.009     9.9760     80.586     30.546  19.525018     1.4189      7.747   208.5537 8.7363e+02     5.9839     -0.007     -0.011     6.9543 0.0000e+00
     -0.008      0.018     9.9270     80.269     30.545  19.525132     1.4341      7.746   208.8334 8.5261e+02     5.9506     -0.007     -0.011     6.9559 0.0000e+00
     -0.006      0.027     9.8816     80.002     30.545  19.526379     1.4405      7.743   209.0808 8.5172e+02     5.9722     -0.008     -0.011     6.9570 0.0000e+00
      0.003      0.034     9.8336     79.807     30.566  19.540097     1.4218      7.741   209.3071 8.4874e+02     6.0059     -0.003     -0.005     6.9584 0.0000e+00
      0.022      0.039     9.7896     79.688     30.606  19.564201     1.3986      7.740   209.5043 7.9546e+02     6.0503      0.022      0.032     6.9581 0.0000e+00
      0.038      0.041     9.7514     79.654     30.607  19.564212     1.3934      7.739   209.6583 7.3489e+02     6.0992      0.042      0.063     6.9593 0.0000e+00
      0.046      0.038     9.7154     79.683     30.570  19.540223     1.4090      7.736   209.7937 7.5374e+02     6.0857      0.043      0.062     6.9634 0.0000e+00
      0.053      0.031     9.6934     79.719     30.550  19.527753     1.4115      7.736   209.9363 8.3988e+02     5.9894      0.050      0.073     6.9619 0.0000e+00
      0.061      0.023     9.6784     79.774     30.569  19.540244     1.3992      7.736   210.0923 9.1101e+02     5.9247      0.062      0.091     6.9591 0.0000e+00
      0.065      0.018     9.6746     79.848     30.606  19.564452     1.4024      7.736   210.2167 9.7360e+02     5.9524      0.065      0.094     6.9579 0.0000e+00
      0.066      0.012     9.6839     79.906     30.609  19.566842     1.4080      7.736   210.3218 9.6025e+02     5.9834      0.064      0.092     6.9574 0.0000e+00
      0.070     -0.002     9.6846     80.014     30.612  19.569147     1.4095      7.736   210.5022 8.3953e+02     5.9581      0.067      0.097     6.9587 0.0000e+00
      0.076     -0.022     9.6906     80.244     30.643  19.592317     1.4034      7.735   210.7638 7.8686e+02     5.8850      0.075      0.109     6.9599 0.0000e+00
      0.076     -0.044     9.7035     80.429     30.631  19.593384     1.3999      7.735   210.9896 8.3956e+02     5.8852      0.080      0.116     6.9603 0.0000e+00
      0.063     -0.063     9.7087     80.478     30.595  19.582066     1.4174      7.735   211.2523 8.7511e+02     5.9607      0.068      0.098     6.9609 0.0000e+00
      0.035     -0.074     9.7101     80.494     30.581  19.582283     1.4241      7.735   211.5308 8.1504e+02     5.9437      0.038      0.056     6.9601 0.0000e+00
     -0.002     -0.077     9.7532     80.461     30.596  19.596022     1.4147      7.734   211.6907 8.3075e+02     5.8842     -0.003     -0.004     6.9620 0.0000e+00
     -0.033     -0.070     9.7782     80.385     30.632  19.621374     1.4121      7.732   211.9803 9.9211e+02     5.8566     -0.042     -0.061     6.9795 0.0000e+00
     -0.047     -0.050     9.7629     80.360     30.650  19.635206     1.4166      7.731   212.3658 1.1110e+03     5.8832     -0.050     -0.074     7.0043 0.0000e+00
     -0.049     -0.024     9.7703     80.464     30.649  19.636463     1.4282      7.731   212.4802 1.1382e+03     6.0011     -0.046     -0.067     7.0181 0.0000e+00
     -0.051     -0.001     9.7637     80.719     30.649  19.636577     1.4276      7.732   212.5027 1.1180e+03     6.0519     -0.053     -0.076     7.0225 0.0000e+00
     -0.049      0.010     9.7475     81.029     30.650  19.636588     1.4175      7.732   212.6382 1.0638e+03     5.9850     -0.052     -0.075     7.0260 0.0000e+00
     -0.037      0.005     9.7417     81.308     30.650  19.636593     1.4223      7.732   212.7423 8.9977e+02     5.9437     -0.038     -0.056     7.0304 0.0000e+00
     -0.022     -0.008     9.7498     81.582     30.649  19.636645     1.4188      7.732   212.8145 7.8659e+02     5.8952     -0.018     -0.024     7.0327 0.0000e+00
     -0.019     -0.022     9.7874     81.865     30.649  19.637217     1.4004      7.733   212.9095 7.9134e+02     5.8417     -0.009     -0.012     7.0332 0.0000e+00
     -0.036     -0.033     9.8308     82.135     30.658  19.643505     1.3905      7.735   212.9435 8.6136e+02     5.8440     -0.032     -0.046     7.0326 0.0000e+00
     -0.061     -0.040     9.8606     82.359     30.668  19.649279     1.3999      7.736   212.9677 1.0520e+03     5.8887     -0.063     -0.091     7.0308 0.0000e+00
     -0.081     -0.042     9.8937     82.545     30.659  19.643619     1.4215      7.738   213.1163 1.1210e+03     5.9717     -0.084     -0.122     7.0322 0.0000e+00
     -0.091     -0.039     9.9283     82.757     30.647  19.638474     1.4115      7.738   213.2774 1.0381e+03     5.9937     -0.094     -0.136     7.0351 0.0000e+00
     -0.091     -0.033     9.9630     83.013     30.657  19.650478     1.3697      7.739   213.3665 9.6421e+02     5.9500     -0.091     -0.132     7.0349 0.0000e+00
     -0.089     -0.028     9.9908     83.218     30.663  19.661957     1.3488      7.739   213.4195 9.5332e+02     5.9552     -0.083     -0.121     7.0335 0.0000e+00
     -0.095     -0.028    10.0097     83.315     30.637  19.650477     1.3510      7.739   213.4029 1.0330e+03     5.9547     -0.089     -0.129     7.0325 0.0000e+00
     -0.108     -0.028    10.0320     83.336     30.615  19.638472     1.3470      7.741   213.4229 1.1659e+03     5.8749     -0.107     -0.157     7.0348 0.0000e+00
     -0.121     -0.028    10.0673     83.277     30.624  19.643617     1.3330      7.743   213.5758 1.2849e+03     5.8109     -0.121     -0.176     7.0464 0.0000e+00
     -0.131     -0.023    10.0922     83.168     30.636  19.649277     1.3319      7.744   213.7025 1.3203e+03     5.8635     -0.128     -0.185     7.0609 0.0000e+00
     -0.138     -0.017    10.0962     83.094     30.630  19.643504     1.3507      7.747   213.7500 1.2910e+03     5.9641     -0.138     -0.200     7.0691 0.0000e+00
     -0.138     -0.013    10.1013     83.076     30.621  19.637215     1.3598      7.749   213.8061 1.2051e+03     5.9684     -0.140     -0.202     7.0724 0.0000e+00
     -0.133     -0.012    10.0933     83.088     30.620  19.636643     1.3427      7.750   213.8649 1.1331e+03     5.9163     -0.130     -0.188     7.0713 0.0000e+00
     -0.130     -0.011    10.0756     83.132     30.618  19.636591     1.3344      7.752   213.9445 1.1655e+03     5.9153     -0.123     -0.178     7.0658 0.0000e+00
     -0.136     -0.008    10.0666     83.178     30.616  19.636586     1.3512      7.756   214.1660 1.2341e+03     5.9220     -0.130     -0.189     7.0629 0.0000e+00
     -0.149     -0.005    10.0679     83.169     30.614  19.636586     1.3550      7.758   214.4788 1.2627e+03     5.8601     -0.149     -0.217     7.0634 0.0000e+00
     -0.156     -0.003    10.0671     83.094     30.612  19.636586     1.3384      7.759   214.7146 1.2668e+03     5.7824     -0.159     -0.231     7.0627 0.0000e+00
     -0.151      0.001    10.0732     82.925     30.610  19.636585     1.3339      7.759   214.8665 1.2430e+03     5.7682     -0.150     -0.218     7.0649 0.0000e+00
     -0.140      0.006    10.0827     82.633     30.608  19.636575     1.3501      7.760   214.9394 1.2066e+03     5.7907     -0.135     -0.196     7.0684 0.0000e+00
     -0.135      0.008    10.0793     82.248     30.608  19.636460     1.3685      7.762   214.9932 1.2283e+03     5.8148     -0.129     -0.187     7.0696 0.0000e+00
     -0.136      0.007    10.0715     81.834     30.606  19.635203     1.3477      7.763   215.0868 1.3116e+03     5.8213     -0.134     -0.194     7.0719 0.0000e+00
     -0.137      0.004    10.0530     81.419     30.585  19.621369     1.3069      7.765   215.2106 1.3420e+03     5.8341     -0.135     -0.195     7.0747 0.0000e+00
     -0.138      0.004    10.0151     80.991     30.549  19.596009     1.3075      7.767   215.3717 1.2767e+03     5.9018     -0.134     -0.195     7.0755 0.0000e+00
     -0.139      0.009     9.9650     80.566     30.534  19.582176     1.3138      7.768   215.4854 1.2542e+03     5.9223     -0.137     -0.199     7.0754 0.0000e+00
     -0.138      0.016     9.9136     80.171     30.540  19.580920     1.3077      7.769   215.5532 1.2918e+03     5.8427     -0.137     -0.197     7.0757 0.0000e+00
     -0.132      0.024     9.8650     79.781     30.549  19.580805     1.3254      7.771   215.5891 1.2528e+03     5.7938     -0.132     -0.191     7.0752 0.0000e+00
     -0.122      0.033     9.8135     79.409     30.559  19.580785     1.3530      7.773   215.5749 1.1754e+03     5.8437     -0.121     -0.175     7.0725 0.0000e+00
     -0.111      0.041     9.7600     79.136     30.567  19.580669     1.3670      7.774   215.6398 1.2115e+03     5.9332     -0.107     -0.156     7.0659 0.0000e+00
     -0.102      0.045     9.7178     78.959     30.569  19.579403     1.3532      7.775   215.7717 1.2266e+03     5.9538     -0.101     -0.147     7.0557 0.0000e+00
     -0.090      0.045     9.6736     78.841     30.550  19.565478     1.3195      7.776   215.9652 1.0915e+03     5.9219     -0.092     -0.132     7.0464 0.0000e+00
     -0.073      0.045     9.6236     78.803     30.511  19.539099     1.3085      7.777   216.1730 9.6272e+02     5.9231     -0.069     -0.100     7.0362 0.0000e+00
     -0.058      0.048     9.5946     78.823     30.476  19.514063     1.3280      7.778   216.2189 8.8977e+02     5.8996     -0.053     -0.077     7.0254 0.0000e+00
     -0.051      0.058     9.5780     78.840     30.486  19.516368     1.3475      7.778   216.2624 8.5677e+02     5.8436     -0.049     -0.072     7.0221 0.0000e+00
     -0.047      0.068     9.5595     78.858     30.571  19.566963     1.3618      7.778   216.4404 8.5012e+02     5.8944     -0.048     -0.070     7.0218 0.0000e+00
     -0.035      0.072     9.5576     78.897     30.654  19.618597     1.3847      7.777   216.6495 8.0195e+02     6.0696     -0.040     -0.058     7.0180 0.0000e+00
     -0.006      0.070     9.5655     78.974     30.677  19.633460     1.4156      7.777   216.8117 8.1188e+02     6.1864     -0.011     -0.015     7.0146 0.0000e+00
      0.034      0.062     9.5676     79.106     30.652  19.619855     1.4277      7.777   216.9396 8.4612e+02     6.1447      0.039      0.055     7.0066 0.0000e+00
      0.061      0.050     9.5708     79.275     30.588  19.580909     1.4062      7.777   217.0778 8.0580e+02     6.0095      0.071      0.103     6.9992 0.0000e+00
      0.063      0.035     9.5757     79.467     30.528  19.542974     1.3967      7.779   217.1922 8.0017e+02     5.9180      0.067      0.098     6.9976 0.0000e+00
      0.052      0.022     9.5834     79.699     30.528  19.541604     1.4217      7.781   217.2039 7.8449e+02     5.9266      0.050      0.072     6.9961 0.0000e+00
      0.044      0.015     9.5997     79.968     30.567  19.564334     1.4410      7.780   217.2189 7.7304e+02     5.9421      0.038      0.057     7.0022 0.0000e+00
      0.046      0.015     9.6201     80.257     30.568  19.564209     1.4480      7.779   217.3739 8.0216e+02     5.9348      0.041      0.058     7.0088 0.0000e+00
      0.059      0.022     9.6410     80.551     30.531  19.540084     1.4473      7.777   217.4436 7.5529e+02     5.9416      0.057      0.082     7.0076 0.0000e+00
      0.074      0.032     9.6716     80.840     30.512  19.526249     1.4497      7.775   217.4595 7.1152e+02     5.9895      0.076      0.109     7.0042 0.0000e+00
      0.084      0.042     9.7052     81.100     30.514  19.523734     1.4682      7.775   217.6516 7.5406e+02     6.0012      0.085      0.123     7.0005 0.0000e+00
      0.086      0.051     9.7419     81.302     30.499  19.509669     1.4641      7.775   217.8733 8.0343e+02     5.9131      0.083      0.122     6.9986 0.0000e+00
      0.091      0.058     9.7773     81.435     30.464  19.482984     1.4495      7.775   218.0747 7.8500e+02     5.8463      0.084      0.121     6.9994 0.0000e+00
      0.109      0.062     9.8137     81.466     30.424  19.454689     1.4658      7.774   218.2805 6.9736e+02     5.8763      0.104      0.151     6.9983 0.0000e+00
      0.137      0.062     9.8493     81.404     30.384  19.421154     1.4869      7.773   218.4695 6.4767e+02     5.9346      0.136      0.197     6.9907 0.0000e+00
      0.164      0.057     9.8750     81.406     30.363  19.394517     1.4969      7.771   218.6385 6.7771e+02     5.9361      0.164      0.239     6.9812 0.0000e+00
      0.181      0.047     9.8954     81.801     30.370  19.386222     1.5033      7.768   218.7754 7.2337e+02     5.8946      0.182      0.264     6.9741 0.0000e+00
      0.187      0.034     9.9007     82.979     30.380  19.384246     1.5138      7.768   218.9199 7.2626e+02     5.9115      0.186      0.269     6.9728 0.0000e+00
      0.186      0.026     9.8891     85.145     30.367  19.370621     1.5328      7.770   219.1807 6.9104e+02     5.9692      0.184      0.266     6.9627 0.0000e+00
      0.183      0.027     9.8810     88.119     30.338  19.348270     1.5408      7.770   219.6917 6.5952e+02     5.9435      0.178      0.257     6.9353 0.0000e+00
      0.184      0.037     9.9167     91.555     30.373  19.367600     1.5353      7.768   220.3663 6.2862e+02     5.9083      0.179      0.259     6.9127 0.0000e+00
      0.194      0.054    10.0489     95.156     30.448  19.414138     1.5248      7.768   220.9700 6.6614e+02     5.9528      0.188      0.272     6.9001 0.0000e+00
      0.213      0.072    10.3282     98.578     30.435  19.403744     1.5140      7.770   221.4846 7.4660e+02     5.9698      0.205      0.296     6.8911 0.0000e+00
      0.240      0.086    10.7084    101.421     30.386  19.368733     1.5220      7.771   222.0288 7.0922e+02     5.9426      0.236      0.341     6.8851 0.0000e+00
      0.269      0.092    11.1381    103.458     30.400  19.371219     1.5712      7.771   222.4734 6.0880e+02     5.8977      0.264      0.382     6.8812 0.0000e+00
      0.297      0.089    11.5901    104.639     30.409  19.370399     1.6517      7.772   222.7307 5.5245e+02     5.8709      0.291      0.422     6.8796 0.0000e+00
      0.322      0.077    12.0291    105.010     30.399  19.358811     1.7043      7.774   222.9884 5.0900e+02     5.9259      0.318      0.461     6.8770 0.0000e+00
      0.343      0.062    12.3873    104.862     30.401  19.357904     1.7072      7.775   223.3516 5.2855e+02     5.9481      0.339      0.490     6.8707 0.0000e+00
