Data/DataNotYetUploadedToEDI/Raw_CTD/RawDownloads/031025_bvr50_S7809001.cnv
* Sea-Bird SBE19plus  Data File:
* FileName = C:\R\Reservoirs\Data\DataNotYetUploadedToEDI\Raw_CTD\RawDownloads\031025_fcr50_S7809_0001.hex
* Software version 2.8.0.119
* Temperature SN = 7809
* Conductivity SN = 7809
* System UpLoad Time = Mar 13 2025 14:41:38
* <ApplicationData>
* <Seaterm232>
# nquan = 15
# nvalues = 1151                        
# units = specified
# name 0 = depFM: Depth [fresh water, m]
# name 1 = dz/dtM: Descent Rate [m/s]
# name 2 = sbeox0Mg/L: Oxygen, SBE 43 [mg/l]
# name 3 = sbeox0PS: Oxygen, SBE 43 [% saturation]
# name 4 = specc: Specific Conductance [uS/cm]
# name 5 = c0uS/cm: Conductivity [uS/cm]
# name 6 = flECO-AFL: Fluorescence, WET Labs ECO-AFL/FL [mg/m^3]
# name 7 = ph: pH
# name 8 = orp: Oxidation Reduction Potential [mV]
# name 9 = par/sat/log: PAR/Logarithmic, Satlantic
# name 10 = turbWETntu0: Turbidity, WET Labs ECO [NTU]
# name 11 = prdM: Pressure, Strain Gauge [db]
# name 12 = prdE: Pressure, Strain Gauge [psi]
# name 13 = tv290C: Temperature [ITS-90, deg C]
# name 14 = flag:  0.000e+00
# span 0 =     -0.777,      7.746       
# span 1 =     -0.357,      0.167       
# span 2 =     7.8238,    11.9480       
# span 3 =     64.389,     97.184       
# span 4 =      6.528,     33.905       
# span 5 =   4.116191,  21.728064       
# span 6 =     0.9500,     3.1438       
# span 7 =      7.201,      8.066       
# span 8 =   230.0854,   268.7477       
# span 9 = 1.2369e-01, 8.7411e+02       
# span 10 =     6.7411,    27.6441      
# span 11 =     -0.763,      7.598      
# span 12 =     -1.107,     11.019      
# span 13 =     6.0036,     7.8849      
# span 14 = 0.0000e+00, 0.0000e+00      
# interval = seconds: 0.25
# start_time = Mar 10 2025 10:15:04 [Instrument's time stamp, header]
# bad_flag = -9.990e-29
*END*
[from data line 772]
      5.449     -0.065    10.9962     88.778     29.098  18.159566     2.2513      7.950   263.7209 7.8353e-01     7.5848      5.351      7.762     6.2027 0.0000e+00
      5.430     -0.071    11.0032     88.757     29.119  18.173378     2.2077      7.951   263.7076 8.1894e-01     7.5343      5.336      7.740     6.2034 0.0000e+00
      5.385     -0.076    10.9969     88.762     29.159  18.198623     2.1471      7.951   263.7476 8.5748e-01     7.5898      5.283      7.662     6.2026 0.0000e+00
      5.337     -0.075    10.9944     88.763     29.179  18.211207     2.1345      7.951   263.9466 8.7775e-01     7.7092      5.221      7.573     6.2022 0.0000e+00
      5.315     -0.074    10.9962     88.747     29.159  18.198736     2.1375      7.954   264.2212 8.8205e-01     7.6791      5.202      7.545     6.2027 0.0000e+00
      5.318     -0.076    10.9865     88.742     29.120  18.174634     2.1257      7.956   264.4008 8.8376e-01     7.5681      5.214      7.563     6.2038 0.0000e+00
      5.327     -0.078    10.9926     88.760     29.118  18.173387     2.1084      7.956   264.5700 8.8473e-01     7.5623      5.229      7.584     6.2046 0.0000e+00
      5.321     -0.081    10.9921     88.785     29.135  18.183658     2.1033      7.955   264.7177 9.0993e-01     7.6425      5.232      7.589     6.2047 0.0000e+00
      5.281     -0.084    10.9880     88.818     29.116  18.172028     2.1216      7.955   264.5519 9.7502e-01     7.6499      5.188      7.526     6.2051 0.0000e+00
      5.224     -0.087    10.9870     88.859     29.094  18.159557     2.1387      7.953   264.1999 1.0259e+00     7.5496      5.112      7.413     6.2051 0.0000e+00
      5.187     -0.089    10.9904     88.887     29.094  18.159671     2.1513      7.952   264.0754 1.0258e+00     7.5222      5.075      7.360     6.2041 0.0000e+00
      5.182     -0.092    10.9944     88.917     29.116  18.173398     2.1743      7.953   264.0786 1.0184e+00     7.6265      5.079      7.367     6.2039 0.0000e+00
      5.189     -0.090    10.9958     88.954     29.156  18.198737     2.1923      7.954   264.2396 1.0291e+00     7.7170      5.091      7.385     6.2048 0.0000e+00
      5.183     -0.083    11.0045     88.966     29.178  18.212454     2.1866      7.955   264.6451 1.0627e+00     7.6946      5.095      7.391     6.2068 0.0000e+00
      5.146     -0.077    11.0047     88.961     29.178  18.212454     2.1555      7.955   264.8509 1.1272e+00     7.5612      5.057      7.334     6.2080 0.0000e+00
      5.092     -0.072    11.0077     88.963     29.156  18.198746     2.1322      7.955   264.7491 1.1742e+00     7.5046      4.981      7.225     6.2077 0.0000e+00
      5.059     -0.068    11.0159     88.973     29.116  18.173502     2.1288      7.955   264.6187 1.1714e+00     7.5910      4.945      7.172     6.2075 0.0000e+00
      5.060     -0.065    11.0165     88.990     29.096  18.160824     2.1144      7.955   264.5653 1.1494e+00     7.6145      4.960      7.193     6.2079 0.0000e+00
      5.074     -0.062    11.0130     88.985     29.113  18.172244     2.1085      7.957   264.4469 1.1333e+00     7.5841      4.979      7.221     6.2083 0.0000e+00
      5.076     -0.060    11.0154     88.950     29.132  18.184799     2.1245      7.957   264.3918 1.1467e+00     7.6343      4.988      7.235     6.2080 0.0000e+00
      5.053     -0.064    11.0150     88.926     29.133  18.185828     2.1320      7.958   264.4155 1.2070e+00     7.6742      4.966      7.203     6.2069 0.0000e+00
      5.009     -0.073    11.0199     88.930     29.130  18.184685     2.1325      7.958   264.3027 1.2824e+00     7.6218      4.909      7.119     6.2063 0.0000e+00
      4.970     -0.083    11.0201     88.940     29.107  18.170976     2.1559      7.958   264.3192 1.3155e+00     7.5476      4.862      7.053     6.2075 0.0000e+00
      4.957     -0.092    11.0114     88.935     29.067  18.146876     2.2069      7.959   264.5297 1.2951e+00     7.5635      4.855      7.042     6.2098 0.0000e+00
      4.957     -0.092    11.0079     88.925     29.065  18.146885     2.2416      7.959   264.6961 1.2731e+00     7.6428      4.865      7.055     6.2112 0.0000e+00
      4.948     -0.085    11.0091     88.926     29.102  18.171081     2.2341      7.959   264.7822 1.3069e+00     7.6184      4.864      7.056     6.2116 0.0000e+00
      4.913     -0.076    11.0124     88.941     29.125  18.185838     2.1742      7.959   264.7968 1.3916e+00     7.6089      4.824      6.998     6.2126 0.0000e+00
      4.866     -0.071    11.0094     88.961     29.145  18.198516     2.0916      7.959   264.7866 1.4554e+00     7.7674      4.761      6.905     6.2138 0.0000e+00
      4.839     -0.071    11.0079     88.976     29.144  18.197582     2.0671      7.960   264.6590 1.4625e+00     7.8953      4.734      6.866     6.2157 0.0000e+00
      4.838     -0.071    11.0061     88.967     29.106  18.174540     2.0786      7.960   264.3726 1.4555e+00     7.8918      4.742      6.878     6.2186 0.0000e+00
      4.845     -0.069    11.0093     88.942     29.104  18.173501     2.0560      7.961   264.2490 1.4638e+00     7.7933      4.754      6.897     6.2192 0.0000e+00
      4.840     -0.065    11.0109     88.934     29.122  18.185027     2.0188      7.961   264.2829 1.4999e+00     7.6608      4.757      6.901     6.2185 0.0000e+00
      4.809     -0.065    11.0153     88.949     29.125  18.187104     2.0123      7.962   264.2659 1.5644e+00     7.6224      4.723      6.850     6.2183 0.0000e+00
      4.766     -0.071    11.0133     88.955     29.143  18.198622     2.0180      7.963   264.2158 1.6106e+00     7.6367      4.663      6.763     6.2190 0.0000e+00
      4.740     -0.078    11.0076     88.946     29.140  18.197488     2.0128      7.964   264.2790 1.6200e+00     7.5938      4.638      6.727     6.2200 0.0000e+00
      4.737     -0.079    11.0066     88.966     29.100  18.173397     2.0583      7.964   264.5137 1.6229e+00     7.5480      4.645      6.738     6.2210 0.0000e+00
      4.736     -0.070    11.0093     89.003     29.079  18.160927     2.1516      7.964   264.4729 1.6417e+00     7.5620      4.651      6.746     6.2215 0.0000e+00
      4.717     -0.059    11.0126     89.015     29.099  18.173512     2.1913      7.966   264.1299 1.6872e+00     7.5917      4.634      6.720     6.2221 0.0000e+00
      4.684     -0.053    11.0051     89.009     29.137  18.198757     2.1813      7.967   263.9790 1.7387e+00     7.5652      4.590      6.658     6.2234 0.0000e+00
      4.659     -0.056    11.0099     89.013     29.156  18.212578     2.2134      7.967   263.9401 1.7598e+00     7.5834      4.560      6.614     6.2243 0.0000e+00
      4.653     -0.065    11.0172     89.034     29.155  18.213834     2.2973      7.968   263.9179 1.7521e+00     7.7427      4.559      6.613     6.2245 0.0000e+00
      4.657     -0.073    11.0175     89.074     29.155  18.213948     2.3548      7.968   263.9689 1.7464e+00     7.8178      4.568      6.626     6.2253 0.0000e+00
      4.652     -0.078    11.0143     89.109     29.156  18.213958     2.3591      7.969   263.9540 1.7889e+00     7.7393      4.573      6.633     6.2272 0.0000e+00
      4.622     -0.082    11.0137     89.111     29.156  18.213950     2.3400      7.970   263.9957 1.8921e+00     7.6818      4.542      6.589     6.2313 0.0000e+00
      4.574     -0.089    11.0153     89.126     29.155  18.213846     2.3154      7.970   264.1297 1.9841e+00     7.6695      4.478      6.495     6.2354 0.0000e+00
      4.538     -0.099    11.0201     89.159     29.152  18.212703     2.2949      7.969   264.1971 2.0163e+00     7.6595      4.439      6.438     6.2350 0.0000e+00
      4.525     -0.106    11.0298     89.158     29.131  18.200128     2.2922      7.969   264.2086 2.0315e+00     7.6281      4.436      6.434     6.2335 0.0000e+00
      4.519     -0.103    11.0244     89.135     29.112  18.188601     2.2658      7.970   264.1820 2.0704e+00     7.5632      4.437      6.436     6.2330 0.0000e+00
      4.499     -0.093    11.0256     89.124     29.130  18.200127     2.2093      7.970   264.1344 2.1518e+00     7.5586      4.422      6.413     6.2340 0.0000e+00
      4.457     -0.083    11.0343     89.112     29.149  18.212692     2.1909      7.971   264.0628 2.2492e+00     7.6408      4.372      6.341     6.2368 0.0000e+00
      4.414     -0.078    11.0315     89.099     29.149  18.213730     2.1855      7.972   264.0044 2.2948e+00     7.6697      4.316      6.260     6.2381 0.0000e+00
      4.395     -0.077    11.0264     89.104     29.146  18.212690     2.1776      7.972   264.0305 2.2949e+00     7.6345      4.302      6.240     6.2377 0.0000e+00
      4.396     -0.077    11.0267     89.097     29.125  18.200115     2.2035      7.973   264.1205 2.2873e+00     7.6246      4.312      6.253     6.2376 0.0000e+00
      4.398     -0.077    11.0258     89.085     29.106  18.188485     2.2405      7.974   264.3186 2.2999e+00     7.6186      4.318      6.262     6.2387 0.0000e+00
      4.383     -0.077    11.0198     89.094     29.122  18.198860     2.2586      7.975   264.5330 2.3794e+00     7.5966      4.309      6.251     6.2406 0.0000e+00
      4.346     -0.080    11.0242     89.099     29.122  18.198764     2.2478      7.975   264.5615 2.5074e+00     7.5630      4.265      6.186     6.2424 0.0000e+00
      4.301     -0.085    11.0223     89.109     29.102  18.187332     2.2184      7.976   264.4914 2.5935e+00     7.6223      4.207      6.103     6.2441 0.0000e+00
      4.276     -0.092    11.0168     89.131     29.099  18.187427     2.1947      7.976   264.4589 2.6026e+00     7.8013      4.185      6.070     6.2448 0.0000e+00
      4.271     -0.095    11.0228     89.134     29.118  18.199915     2.1772      7.977   264.4279 2.5946e+00     7.8822      4.188      6.074     6.2446 0.0000e+00
      4.266     -0.090    11.0211     89.126     29.136  18.211528     2.1655      7.979   264.3748 2.6424e+00     7.8149      4.191      6.079     6.2441 0.0000e+00
      4.242     -0.080    11.0207     89.125     29.118  18.201048     2.1687      7.979   264.3331 2.7702e+00     7.7058      4.169      6.048     6.2461 0.0000e+00
      4.197     -0.072    11.0260     89.130     29.114  18.200000     2.1826      7.980   264.3532 2.8994e+00     7.6558      4.112      5.964     6.2502 0.0000e+00
      4.162     -0.066    11.0243     89.160     29.108  18.198858     2.1917      7.980   264.5322 2.9439e+00     7.6881      4.069      5.901     6.2514 0.0000e+00
      4.152     -0.064    11.0221     89.213     29.085  18.187236     2.1795      7.980   264.7763 2.9249e+00     7.6868      4.067      5.898     6.2514 0.0000e+00
      4.157     -0.064    11.0234     89.264     29.081  18.186284     2.1685      7.980   264.8949 2.9066e+00     7.6403      4.078      5.914     6.2518 0.0000e+00
      4.162     -0.065    11.0209     89.307     29.084  18.187341     2.1916      7.980   264.8479 2.9352e+00     7.6376      4.087      5.927     6.2537 0.0000e+00
      4.149     -0.068    11.0234     89.331     29.107  18.200011     2.2254      7.980   264.7241 3.0401e+00     7.6198      4.081      5.918     6.2595 0.0000e+00
      4.111     -0.073    11.0304     89.346     29.128  18.212690     2.2354      7.980   264.6022 3.1912e+00     7.5273      4.034      5.850     6.2660 0.0000e+00
      4.066     -0.076    11.0351     89.375     29.128  18.213842     2.2302      7.982   264.4071 3.2862e+00     7.5098      3.976      5.765     6.2683 0.0000e+00
      4.043     -0.076    11.0428     89.406     29.125  18.213946     2.2292      7.984   264.3451 3.3010e+00     7.6132      3.958      5.739     6.2654 0.0000e+00
      4.041     -0.073    11.0460     89.412     29.124  18.213956     2.2313      7.984   264.5397 3.2935e+00     7.6842      3.963      5.749     6.2618 0.0000e+00
      4.042     -0.067    11.0465     89.403     29.125  18.213956     2.2303      7.984   264.6954 3.3147e+00     7.6520      3.968      5.755     6.2605 0.0000e+00
      4.031     -0.059    11.0498     89.400     29.126  18.213947     2.2178      7.984   264.7646 3.4023e+00     7.5990      3.962      5.746     6.2631 0.0000e+00
      4.001     -0.054    11.0547     89.396     29.124  18.213842     2.2129      7.984   264.7741 3.5287e+00     7.6246      3.926      5.695     6.2678 0.0000e+00
      3.966     -0.052    11.0543     89.383     29.118  18.212689     2.2299      7.984   264.7249 3.6005e+00     7.6534      3.881      5.628     6.2690 0.0000e+00
      3.951     -0.053    11.0517     89.366     29.093  18.200009     2.2396      7.984   264.7712 3.5975e+00     7.6055      3.867      5.608     6.2670 0.0000e+00
      3.956     -0.058    11.0531     89.339     29.070  18.187328     2.2303      7.982   264.8177 3.5779e+00     7.5581      3.879      5.627     6.2651 0.0000e+00
      3.963     -0.060    11.0529     89.310     29.067  18.186167     2.2004      7.981   264.7705 3.5810e+00     7.5936      3.892      5.646     6.2668 0.0000e+00
      3.954     -0.061    11.0485     89.303     29.067  18.185968     2.1620      7.982   264.7172 3.6660e+00     7.6591      3.890      5.641     6.2728 0.0000e+00
      3.919     -0.061    11.0458     89.330     29.065  18.184921     2.1401      7.983   264.6039 3.8256e+00     7.6324      3.848      5.580     6.2784 0.0000e+00
      3.877     -0.059    11.0415     89.387     29.044  18.173507     2.1353      7.983   264.4328 3.9416e+00     7.5434      3.791      5.498     6.2812 0.0000e+00
      3.855     -0.053    11.0356     89.458     29.040  18.174763     2.2539      7.983   264.3694 3.9559e+00     7.5404      3.772      5.471     6.2819 0.0000e+00
      3.856     -0.047    11.0354     89.533     29.075  18.200113     2.5009      7.985   264.4396 3.9237e+00     7.6297      3.780      5.484     6.2808 0.0000e+00
      3.865     -0.045    11.0383     89.588     29.116  18.226415     2.6332      7.987   264.5067 3.9006e+00     7.6667      3.791      5.499     6.2799 0.0000e+00
      3.868     -0.050    11.0460     89.606     29.139  18.239190     2.6212      7.988   264.5791 3.9160e+00     7.5777      3.798      5.508     6.2839 0.0000e+00
      3.856     -0.060    11.0523     89.615     29.124  18.227775     2.5390      7.989   264.6271 4.0191e+00     7.5099      3.790      5.497     6.2920 0.0000e+00
      3.823     -0.067    11.0607     89.619     29.105  18.215201     2.4047      7.991   264.4844 4.1948e+00     7.5647      3.755      5.446     6.2981 0.0000e+00
      3.783     -0.069    11.0693     89.598     29.104  18.213955     2.3216      7.992   264.3163 4.3220e+00     7.6249      3.702      5.369     6.2998 0.0000e+00
      3.758     -0.071    11.0696     89.578     29.102  18.212708     2.2907      7.992   264.3144 4.3393e+00     7.6232      3.676      5.331     6.2960 0.0000e+00
      3.754     -0.074    11.0719     89.576     29.081  18.200124     2.2646      7.993   264.3758 4.3114e+00     7.6129      3.678      5.335     6.2907 0.0000e+00
      3.758     -0.074    11.0757     89.576     29.062  18.188596     2.2467      7.994   264.5428 4.3287e+00     7.6366      3.690      5.352     6.2894 0.0000e+00
      3.750     -0.073    11.0697     89.582     29.081  18.200123     2.2332      7.994   264.6992 4.4635e+00     7.6024      3.689      5.351     6.2900 0.0000e+00
      3.716     -0.071    11.0668     89.586     29.102  18.212697     2.2175      7.994   264.7177 4.6979e+00     7.5065      3.649      5.293     6.2894 0.0000e+00
      3.673     -0.065    11.0687     89.573     29.104  18.213841     2.2150      7.994   264.6808 4.8796e+00     7.4684      3.593      5.211     6.2901 0.0000e+00
      3.645     -0.050    11.0663     89.540     29.101  18.213955     2.2858      7.995   264.5971 4.9242e+00     7.5512      3.566      5.171     6.2917 0.0000e+00
