Data/DataNotYetUploadedToEDI/Raw_CTD/RawDownloads/031025_fcr40_S7809005.cnv
* Sea-Bird SBE19plus  Data File:
* FileName = C:\R\Reservoirs\Data\DataNotYetUploadedToEDI\Raw_CTD\RawDownloads\031025_fcr50_S7809_0005.hex
* Software version 2.8.0.119
* Temperature SN = 7809
* Conductivity SN = 7809
* System UpLoad Time = Mar 13 2025 14:43:03
* <ApplicationData>
* <Seaterm232>
# nquan = 15
# nvalues = 929                         
# units = specified
# name 0 = depFM: Depth [fresh water, m]
# name 1 = dz/dtM: Descent Rate [m/s]
# name 2 = sbeox0Mg/L: Oxygen, SBE 43 [mg/l]
# name 3 = sbeox0PS: Oxygen, SBE 43 [% saturation]
# name 4 = specc: Specific Conductance [uS/cm]
# name 5 = c0uS/cm: Conductivity [uS/cm]
# name 6 = flECO-AFL: Fluorescence, WET Labs ECO-AFL/FL [mg/m^3]
# name 7 = ph: pH
# name 8 = orp: Oxidation Reduction Potential [mV]
# name 9 = par/sat/log: PAR/Logarithmic, Satlantic
# name 10 = turbWETntu0: Turbidity, WET Labs ECO [NTU]
# name 11 = prdM: Pressure, Strain Gauge [db]
# name 12 = prdE: Pressure, Strain Gauge [psi]
# name 13 = tv290C: Temperature [ITS-90, deg C]
# name 14 = flag:  0.000e+00
# span 0 =     -0.693,      5.665       
# span 1 =     -0.317,      0.213       
# span 2 =     8.3171,    13.1328       
# span 3 =     69.294,    108.749       
# span 4 =      2.835,     32.039       
# span 5 =   1.832856,  20.050578       
# span 6 =    -0.2760,     6.8289       
# span 7 =      8.204,      8.722       
# span 8 =   222.7146,   365.5627       
# span 9 = 1.9540e+00, 8.9222e+02       
# span 10 =    -0.2489,   193.3030      
# span 11 =     -0.681,      5.556      
# span 12 =     -0.987,      8.058      
# span 13 =     6.2508,     7.4924      
# span 14 = 0.0000e+00, 0.0000e+00      
# interval = seconds: 0.25
# start_time = Mar 10 2025 13:39:22 [Instrument's time stamp, header]
# bad_flag = -9.990e-29
*END*
[from data line 97]
      0.091      0.002    10.1141     82.292     30.773  19.868608     1.6837      8.268   234.0972 1.4092e+02     3.4660      0.090      0.130     7.2781 0.0000e+00
      0.089      0.003    10.0654     81.923     30.851  19.919159     1.6720      8.269   234.2072 1.4688e+02     3.4188      0.086      0.126     7.2793 0.0000e+00
      0.088      0.003    10.0116     81.567     30.881  19.939191     1.7003      8.269   234.3692 1.5895e+02     3.4673      0.084      0.122     7.2805 0.0000e+00
      0.089      0.003     9.9651     81.210     30.851  19.920604     1.7517      8.269   234.4219 1.9200e+02     3.5402      0.086      0.125     7.2812 0.0000e+00
      0.094      0.002     9.9183     80.845     30.793  19.884629     1.7685      8.270   234.4140 2.5495e+02     3.5146      0.092      0.134     7.2810 0.0000e+00
      0.096      0.002     9.8737     80.483     30.789  19.884644     1.7542      8.272   234.5316 3.3506e+02     3.4993      0.097      0.140     7.2804 0.0000e+00
      0.095      0.001     9.8322     80.139     30.840  19.920784     1.7449      8.272   234.7260 3.8266e+02     3.4918      0.095      0.137     7.2807 0.0000e+00
      0.092      0.000     9.7882     79.789     30.868  19.941192     1.7394      8.272   234.7846 3.6453e+02     3.4239      0.090      0.130     7.2827 0.0000e+00
      0.091     -0.002     9.7438     79.427     30.864  19.941177     1.7370      8.272   234.8102 3.3261e+02     3.4309      0.088      0.127     7.2861 0.0000e+00
      0.092     -0.002     9.6968     79.083     30.830  19.920612     1.7420      8.273   234.8647 3.2958e+02     3.4735      0.089      0.130     7.2910 0.0000e+00
      0.093     -0.001     9.6563     78.733     30.770  19.882743     1.7495      8.273   234.9269 3.7025e+02     3.4944      0.092      0.134     7.2958 0.0000e+00
      0.093      0.001     9.6147     78.365     30.742  19.863723     1.7605      8.273   235.0452 4.0824e+02     3.5470      0.092      0.132     7.2993 0.0000e+00
      0.091      0.001     9.5660     78.038     30.770  19.880858     1.7662      8.273   235.0910 3.8764e+02     3.5632      0.089      0.129     7.3030 0.0000e+00
      0.090      0.001     9.5263     77.763     30.800  19.899709     1.7610      8.275   235.0501 3.5676e+02     3.5198      0.087      0.127     7.3063 0.0000e+00
      0.092      0.000     9.4865     77.488     30.801  19.901447     1.7645      8.277   235.0668 3.5205e+02     3.5340      0.090      0.131     7.3074 0.0000e+00
      0.095      0.000     9.4369     77.197     30.800  19.901874     1.7669      8.278   235.1211 3.6694e+02     3.5650      0.095      0.138     7.3058 0.0000e+00
      0.095     -0.000     9.3977     76.910     30.804  19.904864     1.7568      8.279   235.1904 3.9825e+02     3.5190      0.095      0.137     7.3032 0.0000e+00
      0.093     -0.001     9.3691     76.643     30.854  19.937605     1.7505      8.279   235.3027 4.3767e+02     3.4890      0.092      0.132     7.3024 0.0000e+00
      0.091     -0.001     9.3358     76.407     30.921  19.980729     1.7485      8.280   235.3599 4.3227e+02     3.5099      0.089      0.128     7.3042 0.0000e+00
      0.090     -0.001     9.2985     76.197     30.924  19.982459     1.7572      8.281   235.3662 4.0256e+02     3.5668      0.087      0.126     7.3068 0.0000e+00
      0.091     -0.001     9.2631     75.971     30.886  19.958513     1.7565      8.281   235.4645 4.1936e+02     3.5973      0.088      0.129     7.3080 0.0000e+00
      0.093      0.000     9.2312     75.725     30.864  19.944808     1.7397      8.282   235.6016 4.5571e+02     3.5359      0.091      0.132     7.3077 0.0000e+00
      0.094      0.001     9.2013     75.510     30.861  19.943563     1.7453      8.283   235.7335 4.6542e+02     3.5074      0.093      0.134     7.3068 0.0000e+00
      0.093      0.002     9.1798     75.321     30.861  19.943459     1.7665      8.284   235.8555 4.6198e+02     3.5262      0.092      0.132     7.3067 0.0000e+00
      0.091      0.003     9.1531     75.109     30.861  19.943552     1.7713      8.285   235.8713 4.5343e+02     3.5246      0.089      0.128     7.3077 0.0000e+00
      0.091      0.003     9.1184     74.886     30.863  19.944695     1.7535      8.287   235.8389 4.0447e+02     3.5225      0.088      0.127     7.3094 0.0000e+00
      0.094      0.003     9.0930     74.676     30.881  19.957271     1.7420      8.289   235.8939 3.6551e+02     3.5003      0.092      0.133     7.3103 0.0000e+00
      0.098      0.002     9.0745     74.451     30.896  19.968808     1.7493      8.289   236.0195 3.8711e+02     3.4610      0.097      0.139     7.3100 0.0000e+00
      0.099     -0.000     9.0477     74.230     30.876  19.957384     1.7920      8.289   236.1536 4.0997e+02     3.4233      0.098      0.142     7.3092 0.0000e+00
      0.099     -0.002     9.0176     74.031     30.856  19.945951     1.8745      8.290   236.2254 3.9487e+02     3.4206      0.098      0.142     7.3097 0.0000e+00
      0.095     -0.003     8.9966     73.830     30.874  19.957369     1.9231      8.291   236.2852 3.7647e+02     3.4964      0.093      0.135     7.3114 0.0000e+00
      0.091     -0.003     8.9665     73.660     30.893  19.968637     1.9309      8.291   236.3593 3.9693e+02     3.6228      0.087      0.127     7.3142 0.0000e+00
      0.089     -0.002     8.9363     73.530     30.873  19.955385     1.9268      8.291   236.3473 4.2606e+02     3.6844      0.086      0.125     7.3173 0.0000e+00
      0.090      0.000     8.9172     73.384     30.825  19.923945     1.8976      8.291   236.3993 4.2539e+02     3.6265      0.088      0.127     7.3190 0.0000e+00
      0.093      0.001     8.8887     73.219     30.797  19.905510     1.8695      8.291   236.4718 4.1289e+02     3.5379      0.091      0.132     7.3189 0.0000e+00
      0.095      0.000     8.8672     73.067     30.825  19.922698     1.8710      8.291   236.4493 4.0429e+02     3.5354      0.094      0.136     7.3178 0.0000e+00
      0.095     -0.001     8.8571     72.907     30.855  19.941563     1.8903      8.292   236.4708 4.1078e+02     3.5610      0.095      0.137     7.3168 0.0000e+00
      0.094     -0.003     8.8388     72.732     30.858  19.943390     1.8947      8.293   236.5606 4.2839e+02     3.5069      0.094      0.136     7.3159 0.0000e+00
      0.092     -0.004     8.8160     72.567     30.861  19.944791     1.8742      8.295   236.6741 4.3619e+02     3.4609      0.090      0.130     7.3152 0.0000e+00
      0.088     -0.004     8.8003     72.401     30.883  19.958501     1.8671      8.295   236.7240 4.3229e+02     3.5183      0.087      0.126     7.3143 0.0000e+00
      0.087     -0.004     8.7826     72.215     30.920  19.982347     1.9009      8.295   236.7335 4.3959e+02     3.6193      0.085      0.122     7.3135 0.0000e+00
      0.087     -0.004     8.7579     72.013     30.915  19.979499     1.9415      8.295   236.7891 4.6804e+02     3.5903      0.084      0.123     7.3126 0.0000e+00
      0.090     -0.004     8.7409     71.833     30.828  19.924070     1.9497      8.296   236.8796 4.6751e+02     3.4744      0.089      0.129     7.3118 0.0000e+00
      0.090      0.001     8.7209     71.692     30.764  19.882779     1.9418      8.296   236.9677 4.3134e+02     3.4822      0.091      0.131     7.3110 0.0000e+00
      0.085      0.006     8.6993     71.572     30.829  19.924069     1.9295      8.296   236.9948 4.3783e+02     3.5471      0.083      0.121     7.3106 0.0000e+00
      0.081      0.010     8.6724     71.464     30.914  19.979499     1.9003      8.297   237.0350 4.6991e+02     3.5423      0.076      0.110     7.3120 0.0000e+00
      0.085      0.011     8.6485     71.359     30.914  19.982346     1.8719      8.297   237.1099 4.4766e+02     3.4924      0.080      0.116     7.3136 0.0000e+00
      0.097      0.010     8.6349     71.272     30.868  19.958501     1.8696      8.297   237.1262 3.9754e+02     3.4898      0.095      0.139     7.3130 0.0000e+00
      0.107      0.009     8.6189     71.212     30.838  19.944805     1.8731      8.298   237.2317 3.9223e+02     3.5109      0.109      0.159     7.3122 0.0000e+00
      0.107      0.006     8.6080     71.180     30.829  19.943561     1.8640      8.299   237.4382 4.0583e+02     3.5088      0.108      0.157     7.3118 0.0000e+00
      0.102 4.4935e-08     8.5930     71.169     30.824  19.943458     1.8590      8.300   237.4723 3.9407e+02     3.5327      0.098      0.143     7.3152 0.0000e+00
      0.098     -0.005     8.5795     71.146     30.819  19.943561     1.8620      8.300   237.3857 3.9972e+02     3.5266      0.094      0.137     7.3272 0.0000e+00
      0.096     -0.005     8.5705     71.113     30.819  19.944816     1.8756      8.299   237.4240 4.1372e+02     3.5371      0.095      0.138     7.3385 0.0000e+00
      0.095      0.000     8.5645     71.091     30.840  19.958638     1.8656      8.299   237.5910 3.9863e+02     3.5580      0.094      0.135     7.3438 0.0000e+00
      0.094      0.006     8.5651     71.050     30.879  19.983870     1.8246      8.300   237.6840 4.1588e+02     3.5059      0.091      0.131     7.3493 0.0000e+00
      0.096      0.007     8.5609     70.968     30.898  19.996290     1.8123      8.301   237.6017 4.3981e+02     3.5218      0.093      0.134     7.3546 0.0000e+00
      0.103      0.005     8.5538     70.876     30.873  19.982000     1.8167      8.302   237.5428 4.1997e+02     3.6135      0.100      0.145     7.3572 0.0000e+00
      0.109      0.001     8.5536     70.788     30.803  19.937900     1.8194      8.303   237.5746 4.0211e+02     3.6589      0.109      0.158     7.3566 0.0000e+00
      0.110     -0.003     8.5513     70.703     30.756  19.906900     1.8290      8.303   237.6423 3.8376e+02     3.6257      0.112      0.161     7.3550 0.0000e+00
      0.105     -0.006     8.5378     70.636     30.784  19.924182     1.8158      8.304   237.7589 3.9252e+02     3.5202      0.104      0.151     7.3558 0.0000e+00
      0.096     -0.009     8.5257     70.589     30.835  19.956651     1.8099      8.305   237.7798 4.2055e+02     3.5107      0.092      0.132     7.3603 0.0000e+00
      0.091     -0.010     8.5154     70.556     30.875  19.982469     1.8489      8.306   237.8086 3.9372e+02     3.5789      0.086      0.123     7.3634 0.0000e+00
      0.092     -0.008     8.5039     70.538     30.875  19.982739     1.8799      8.307   238.0212 3.3937e+02     3.5240      0.091      0.131     7.3616 0.0000e+00
      0.094     -0.003     8.4967     70.522     30.839  19.959906     1.8759      8.308   238.1992 3.3293e+02     3.4629      0.094      0.136     7.3590 0.0000e+00
      0.093      0.002     8.4920     70.486     30.839  19.960011     1.8592      8.310   238.2407 3.6914e+02     3.4889      0.092      0.133     7.3569 0.0000e+00
      0.090      0.007     8.4874     70.446     30.878  19.984011     1.8279      8.310   238.2645 3.8179e+02     3.5312      0.088      0.128     7.3569 0.0000e+00
      0.090      0.008     8.4855     70.446     30.897  19.996474     1.7893      8.310   238.2289 3.6505e+02     3.5305      0.085      0.124     7.3594 0.0000e+00
      0.095      0.007     8.4849     70.431     30.875  19.983898     1.7586      8.311   238.1542 3.4631e+02     3.4804      0.092      0.133     7.3612 0.0000e+00
      0.103      0.005     8.4805     70.312     30.834  19.958764     1.7481      8.312   238.2216 3.3549e+02     3.5057      0.103      0.150     7.3595 0.0000e+00
      0.108      0.004     8.4721     70.145     30.814  19.946189     1.7620      8.315   238.3556 3.4572e+02     3.5974      0.109      0.158     7.3568 0.0000e+00
      0.105     -0.000     8.4745     70.028     30.834  19.958661     1.7764      8.317   238.3986 3.4997e+02     3.5979      0.106      0.153     7.3564 0.0000e+00
      0.099     -0.005     8.4801     69.936     30.871  19.982755     1.7813      8.317   238.3966 3.7125e+02     3.5114      0.096      0.139     7.3599 0.0000e+00
      0.095     -0.009     8.4604     69.848     30.871  19.983899     1.7874      8.317   238.4174 4.0370e+02     3.4407      0.092      0.134     7.3648 0.0000e+00
      0.095     -0.009     8.4321     69.783     30.853  19.972494     1.7997      8.317   238.4774 3.8235e+02     3.4597      0.096      0.139     7.3650 0.0000e+00
      0.094     -0.003     8.4236     69.723     30.853  19.971664     1.8144      8.317   238.6061 3.3825e+02     3.5031      0.095      0.137     7.3627 0.0000e+00
      0.089      0.004     8.4137     69.680     30.858  19.973861     1.8152      8.318   238.7689 3.0633e+02     3.4866      0.086      0.125     7.3627 0.0000e+00
      0.088      0.009     8.3988     69.663     30.898  19.999056     1.8009      8.318   238.8116 3.2612e+02     3.4994      0.084      0.121     7.3656 0.0000e+00
      0.093      0.011     8.3943     69.619     30.934  20.022686     1.8002      8.318   238.6921 3.5757e+02     3.5559      0.091      0.131     7.3667 0.0000e+00
      0.103      0.011     8.3863     69.546     30.906  20.005966     1.7972      8.319   238.6143 3.1317e+02     3.5540      0.102      0.147     7.3643 0.0000e+00
      0.111      0.010     8.3791     69.495     30.778  19.923701     1.7728      8.321   238.7317 2.6298e+02     3.4761      0.111      0.160     7.3620 0.0000e+00
      0.113      0.007     8.3824     69.424     30.575  19.788846     1.7554      8.322   238.9071 2.3880e+02     3.4336      0.113      0.164     7.3610 0.0000e+00
      0.109      0.005     8.3775     69.294     30.464  19.706897     1.7541      8.323   239.0140 1.9537e+02     3.4849      0.107      0.154     7.3620 0.0000e+00
      0.104      0.004     8.3619     69.360     30.463  19.693674     1.7901      8.324   239.0780 1.5827e+02     3.5499      0.099      0.143     7.3650 0.0000e+00
      0.104      0.005     8.3591     70.270     30.476  19.692361     1.8491      8.324   239.1650 1.4223e+02     3.5355      0.100      0.144     7.3676 0.0000e+00
      0.108      0.008     8.3562     72.657     30.482  19.691010     1.8689      8.325   239.2914 1.3349e+02     3.4820      0.106      0.153     7.3642 0.0000e+00
      0.113      0.009     8.3369     76.650     30.465  19.677332     1.8704      8.327   239.3157 1.2753e+02     3.5187      0.111      0.161     7.3451 0.0000e+00
      0.118      0.008     8.3171     81.890     30.429  19.653790     1.8849      8.328   239.2007 1.2203e+02     3.5696      0.117      0.170     7.3191 0.0000e+00
      0.122      0.006     8.3971     87.858     30.439  19.659973     1.9100      8.328   239.1908 1.1807e+02     3.5170      0.121      0.176     7.3030 0.0000e+00
      0.121      0.004     8.6815     93.940     30.483  19.688688     1.9500      8.328   239.3680 1.1540e+02     3.4622      0.120      0.174     7.2957 0.0000e+00
      0.117      0.003     9.1838     99.432     30.476  19.683963     1.9769      8.328   239.5360 1.1375e+02     3.4879      0.115      0.166     7.2926 0.0000e+00
      0.115      0.000     9.8375    103.792     30.450  19.666250     1.9856      8.328   239.6735 1.1264e+02     3.5539      0.110      0.160     7.2920 0.0000e+00
      0.117     -0.002    10.5789    106.735     30.448  19.664734     1.9553      8.330   239.7407 1.1069e+02     3.5779      0.115      0.166     7.2922 0.0000e+00
      0.122     -0.003    11.3479    108.279     30.450  19.665631     1.8847      8.331   239.7463 1.0890e+02     3.5394      0.124      0.179     7.2924 0.0000e+00
      0.122     -0.003    12.0308    108.749     30.470  19.677093     1.8561      8.331   239.8278 1.0816e+02     3.5319      0.122      0.177     7.2921 0.0000e+00
      0.116     -0.003    12.5692    108.536     30.473  19.676511     1.8764      8.331   239.9512 1.0692e+02     3.5561      0.114      0.165     7.2911 0.0000e+00
