Data/DataNotYetUploadedToEDI/Raw_CTD/RawDownloads/031025_fcr10_S7809002.cnv
* Sea-Bird SBE19plus  Data File:
* FileName = C:\R\Reservoirs\Data\DataNotYetUploadedToEDI\Raw_CTD\RawDownloads\031025_fcr50_S7809_0002.hex
* Software version 2.8.0.119
* Temperature SN = 7809
* Conductivity SN = 7809
* System UpLoad Time = Mar 13 2025 14:41:57
* <ApplicationData>
* <Seaterm232>
# nquan = 15
# nvalues = 659                         
# units = specified
# name 0 = depFM: Depth [fresh water, m]
# name 1 = dz/dtM: Descent Rate [m/s]
# name 2 = sbeox0Mg/L: Oxygen, SBE 43 [mg/l]
# name 3 = sbeox0PS: Oxygen, SBE 43 [% saturation]
# name 4 = specc: Specific Conductance [uS/cm]
# name 5 = c0uS/cm: Conductivity [uS/cm]
# name 6 = flECO-AFL: Fluorescence, WET Labs ECO-AFL/FL [mg/m^3]
# name 7 = ph: pH
# name 8 = orp: Oxidation Reduction Potential [mV]
# name 9 = par/sat/log: PAR/Logarithmic, Satlantic
# name 10 = turbWETntu0: Turbidity, WET Labs ECO [NTU]
# name 11 = prdM: Pressure, Strain Gauge [db]
# name 12 = prdE: Pressure, Strain Gauge [psi]
# name 13 = tv290C: Temperature [ITS-90, deg C]
# name 14 = flag:  0.000e+00
# span 0 =     -0.706,      2.329       
# span 1 =     -0.356,      0.314       
# span 2 =     8.2099,    13.1432       
# span 3 =     70.106,    107.746       
# span 4 =      3.958,     33.864       
# span 5 =   2.759477,  21.277120       
# span 6 =    -0.5295,    37.2478       
# span 7 =     -2.603,      7.261       
# span 8 = -1240.7455,   242.4140       
# span 9 = 5.2577e+01, 1.1652e+03       
# span 10 =     0.3534,   212.9001      
# span 11 =     -0.694,      2.284      
# span 12 =     -1.007,      3.313      
# span 13 =     6.0588,    13.6629      
# span 14 = 0.0000e+00, 0.0000e+00      
# interval = seconds: 0.25
# start_time = Mar 10 2025 13:14:56 [Instrument's time stamp, header]
# bad_flag = -9.990e-29
*END*
[from data line 386]
      0.740      0.130    12.2189     99.698     30.453  19.280874     2.9818      6.905   232.9454 2.6631e+02     7.1196      0.725      1.052     6.7197 0.0000e+00
      0.781      0.125    12.2227     99.693     30.466  19.286628     3.1771      6.908   232.9875 2.5247e+02     7.3281      0.769      1.116     6.6939 0.0000e+00
      0.817      0.113    12.2183     99.672     30.459  19.280751     3.2869      6.911   233.0070 2.4228e+02     7.4066      0.804      1.168     6.6743 0.0000e+00
      0.845      0.096    12.2036     99.630     30.449  19.273206     3.3028      6.915   232.8375 2.3632e+02     7.3171      0.830      1.204     6.6601 0.0000e+00
      0.865      0.079    12.2054     99.593     30.426  19.258801     3.3440      6.919   232.7455 2.3257e+02     7.2362      0.850      1.233     6.6538 0.0000e+00
      0.879      0.066    12.2073     99.573     30.385  19.233394     3.4267      6.921   232.8400 2.2968e+02     7.2143      0.864      1.252     6.6516 0.0000e+00
      0.889      0.060    12.2059     99.536     30.365  19.219608     3.4710      6.925   232.9479 2.2742e+02     7.1888      0.872      1.264     6.6483 0.0000e+00
      0.898      0.060    12.2006     99.475     30.372  19.218923     3.4713      6.929   233.1037 2.2434e+02     7.0992      0.879      1.275     6.6456 0.0000e+00
      0.912      0.065    12.1932     99.403     30.394  19.225108     3.5471      6.931   233.2605 2.1881e+02     7.0190      0.891      1.293     6.6463 0.0000e+00
      0.931      0.072    12.1943     99.346     30.414  19.230975     3.7053      6.933   233.2955 2.1376e+02     7.0390      0.913      1.324     6.6500 0.0000e+00
      0.952      0.077    12.1881     99.310     30.415  19.226459     3.8108      6.936   233.3547 2.1077e+02     7.1018      0.934      1.355     6.6499 0.0000e+00
      0.975      0.078    12.1849     99.257     30.433  19.233890     3.8407      6.940   233.4603 2.0618e+02     7.1295      0.955      1.385     6.6382 0.0000e+00
      1.000      0.075    12.1786     99.189     30.473  19.257421     3.9248      6.943   233.3677 2.0021e+02     7.1346      0.981      1.423     6.6231 0.0000e+00
      1.021      0.070    12.1736     99.118     30.470  19.257363     4.0875      6.945   233.1808 1.9652e+02     7.1626      1.005      1.457     6.6127 0.0000e+00
      1.036      0.065    12.1756     99.046     30.427  19.233194     4.1768      6.948   233.1807 1.9407e+02     7.1611      1.018      1.475     6.6050 0.0000e+00
      1.047      0.061    12.1696     98.991     30.404  19.218799     4.1718      6.952   233.2801 1.9086e+02     7.0828      1.026      1.488     6.5983 0.0000e+00
      1.059      0.060    12.1618     98.933     30.396  19.210121     4.2019      6.955   233.2644 1.8709e+02     7.1047      1.038      1.506     6.5946 0.0000e+00
      1.074      0.061    12.1530     98.848     30.375  19.191659     4.2904      6.958   233.1620 1.8317e+02     7.2550      1.052      1.526     6.5980 0.0000e+00
      1.091      0.066    12.1397     98.768     30.373  19.185771     4.3517      6.961   233.2465 1.7974e+02     7.3627      1.068      1.550     6.6057 0.0000e+00
      1.109      0.072    12.1335     98.716     30.407  19.202329     4.3604      6.964   233.5118 1.7657e+02     7.3818      1.088      1.578     6.6075 0.0000e+00
      1.128      0.077    12.1319     98.668     30.415  19.201644     4.3542      6.968   233.7026 1.7294e+02     7.3497      1.107      1.605     6.5993 0.0000e+00
      1.147      0.081    12.1210     98.624     30.387  19.177494     4.4268      6.970   233.7468 1.6858e+02     7.3839      1.124      1.630     6.5891 0.0000e+00
      1.169      0.082    12.1120     98.580     30.374  19.163927     4.5893      6.972   233.7009 1.6391e+02     7.4544      1.145      1.662     6.5819 0.0000e+00
      1.193      0.080    12.1110     98.533     30.383  19.164404     4.6793      6.973   233.7508 1.5952e+02     7.4164      1.170      1.697     6.5749 0.0000e+00
      1.217      0.076    12.1064     98.492     30.419  19.183258     4.6735      6.977   233.8335 1.5602e+02     7.3338      1.193      1.730     6.5646 0.0000e+00
      1.237      0.070    12.1051     98.453     30.451  19.201682     4.7029      6.981   233.7547 1.5333e+02     7.3090      1.215      1.763     6.5537 0.0000e+00
      1.253      0.063    12.1032     98.402     30.445  19.196964     4.8012      6.984   233.6583 1.5088e+02     7.3220      1.231      1.785     6.5444 0.0000e+00
      1.265      0.056    12.0989     98.345     30.432  19.189618     4.8708      6.985   233.7011 1.4869e+02     7.3553      1.240      1.799     6.5353 0.0000e+00
      1.277      0.051    12.0963     98.298     30.409  19.176263     4.8630      6.988   233.9281 1.4689e+02     7.3353      1.252      1.816     6.5287 0.0000e+00
      1.289      0.049    12.0932     98.230     30.386  19.162289     4.8403      6.991   234.1654 1.4533e+02     7.2510      1.264      1.833     6.5260 0.0000e+00
      1.300      0.050    12.0876     98.147     30.367  19.147465     4.8461      6.994   234.2478 1.4353e+02     7.2245      1.274      1.848     6.5259 0.0000e+00
      1.312      0.053    12.0767     98.070     30.344  19.123830     4.8577      6.997   234.3208 1.4129e+02     7.2192      1.286      1.866     6.5269 0.0000e+00
      1.326      0.055    12.0748     97.992     30.371  19.130109     4.8566      7.000   234.3602 1.3855e+02     7.1873      1.298      1.883     6.5287 0.0000e+00
      1.341      0.057    12.0642     97.937     30.431  19.159967     4.8740      7.002   234.2941 1.3555e+02     7.1459      1.314      1.905     6.5320 0.0000e+00
      1.358      0.057    12.0521     97.867     30.452  19.167828     4.9174      7.004   234.2956 1.3305e+02     7.1285      1.333      1.933     6.5293 0.0000e+00
      1.373      0.056    12.0522     97.755     30.448  19.161749     4.9489      7.006   234.3794 1.3096e+02     7.1482      1.347      1.954     6.5116 0.0000e+00
      1.387      0.055    12.0435     97.640     30.434  19.149859     4.9558      7.009   234.5325 1.2908e+02     7.1107      1.361      1.973     6.4903 0.0000e+00
      1.399      0.054    12.0448     97.512     30.439  19.150870     4.9504      7.012   234.7705 1.2744e+02     7.0845      1.373      1.991     6.4771 0.0000e+00
      1.411      0.054    12.0417     97.360     30.477  19.173972     4.9922      7.016   234.8474 1.2566e+02     7.2080      1.383      2.005     6.4688 0.0000e+00
      1.424      0.054    12.0235     97.206     30.480  19.175581     5.0865      7.019   234.7744 1.2379e+02     7.3743      1.395      2.023     6.4640 0.0000e+00
      1.439      0.054    12.0135     97.042     30.472  19.170323     5.1411      7.021   234.7484 1.2172e+02     7.4205      1.410      2.046     6.4602 0.0000e+00
      1.455      0.051    12.0001     96.880     30.477  19.173800     5.1366      7.022   234.7914 1.1952e+02     7.3569      1.427      2.070     6.4561 0.0000e+00
      1.471      0.045    11.9784     96.766     30.446  19.154224     5.1066      7.024   234.9492 1.1787e+02     7.2203      1.444      2.094     6.4546 0.0000e+00
      1.483      0.036    11.9620     96.715     30.398  19.123824     5.0951      7.027   235.1076 1.1677e+02     7.1011      1.457      2.113     6.4544 0.0000e+00
      1.491      0.028    11.9417     96.700     30.397  19.123241     5.1231      7.030   235.1576 1.1622e+02     7.1114      1.464      2.123     6.4540 0.0000e+00
      1.495      0.022    11.9177     96.693     30.434  19.147178     5.1367      7.032   235.2096 1.1636e+02     7.1398      1.468      2.129     6.4539 0.0000e+00
      1.495      0.021    11.9042     96.723     30.454  19.159640     5.0937      7.034   235.3070 1.1665e+02     7.1372      1.466      2.127     6.4543 0.0000e+00
      1.495      0.025    11.8978     96.785     30.434  19.147115     5.0432      7.035   235.3881 1.1634e+02     7.1487      1.464      2.124     6.4545 0.0000e+00
      1.500      0.032    11.9000     96.804     30.397  19.122543     5.0345      7.038   235.4163 1.1522e+02     7.1072      1.469      2.132     6.4544 0.0000e+00
      1.512      0.042    11.8953     96.785     30.390  19.116152     5.0381      7.041   235.4767 1.1361e+02     7.0799      1.481      2.148     6.4551 0.0000e+00
      1.527      0.051    11.8973     96.786     30.418  19.133236     5.0541      7.043   235.6020 1.1176e+02     7.1594      1.497      2.171     6.4565 0.0000e+00
      1.543      0.058    11.9122     96.794     30.427  19.138886     5.0951      7.044   235.7269 1.1005e+02     7.2838      1.514      2.195     6.4564 0.0000e+00
      1.559      0.062    11.9141     96.764     30.400  19.121071     5.1253      7.045   235.7818 1.0849e+02     7.3879      1.529      2.218     6.4531 0.0000e+00
      1.576      0.064    11.9083     96.720     30.380  19.108037     5.1274      7.047   235.7501 1.0667e+02     7.3930      1.545      2.241     6.4496 0.0000e+00
      1.593      0.064    11.9095     96.680     30.382  19.108094     5.1209      7.047   235.8596 1.0488e+02     7.3116      1.562      2.266     6.4486 0.0000e+00
      1.609      0.064    11.9157     96.637     30.405  19.121756     5.1299      7.047   236.0733 1.0318e+02     7.3264      1.578      2.289     6.4490 0.0000e+00
      1.625      0.065    11.9082     96.602     30.445  19.146430     5.1453      7.046   236.0963 1.0145e+02     7.4005      1.594      2.312     6.4482 0.0000e+00
      1.640      0.067    11.9027     96.573     30.455  19.152822     5.1487      7.046   236.0518 1.0005e+02     7.3878      1.610      2.334     6.4460 0.0000e+00
      1.656      0.067    11.9007     96.559     30.427  19.135635     5.1452      7.047   236.0513 9.8471e+01     7.3440      1.623      2.354     6.4441 0.0000e+00
      1.674      0.066    11.8927     96.559     30.416  19.128832     5.1863      7.047   236.0040 9.6444e+01     7.3154      1.641      2.380     6.4428 0.0000e+00
      1.694      0.062    11.8907     96.561     30.425  19.133969     5.2876      7.046   235.9968 9.4607e+01     7.3490      1.663      2.412     6.4426 0.0000e+00
      1.713      0.056    11.8855     96.579     30.426  19.134342     5.3550      7.046   236.0501 9.3259e+01     7.4088      1.681      2.439     6.4433 0.0000e+00
      1.727      0.049    11.8832     96.625     30.425  19.133351     5.3523      7.046   236.0462 9.2295e+01     7.3894      1.694      2.458     6.4437 0.0000e+00
      1.738      0.040    11.8852     96.670     30.407  19.121985     5.3046      7.045   235.9493 9.1602e+01     7.3535      1.705      2.473     6.4434 0.0000e+00
      1.746      0.031    11.8843     96.703     30.410  19.123710     5.2443      7.043   235.9108 9.1054e+01     7.3843      1.712      2.483     6.4430 0.0000e+00
      1.751      0.023    11.8850     96.717     30.458  19.154205     5.2148      7.043   236.0106 9.0574e+01     7.4202      1.717      2.490     6.4424 0.0000e+00
      1.755      0.018    11.8938     96.701     30.489  19.173697     5.2048      7.044   236.1236 9.0239e+01     7.4114      1.721      2.496     6.4417 0.0000e+00
      1.758      0.016    11.8997     96.681     30.482  19.169182     5.1826      7.045   236.2452 8.9909e+01     7.3809      1.724      2.501     6.4413 0.0000e+00
      1.761      0.017    11.9025     96.659     30.472  19.163007     5.1545      7.046   236.3629 8.9599e+01     7.3589      1.728      2.507     6.4416 0.0000e+00
      1.764      0.022    11.9074     96.628     30.471  19.162444     5.1476      7.049   236.4284 8.9318e+01     7.3844      1.730      2.509     6.4420 0.0000e+00
      1.768      0.029    11.9014     96.603     30.471  19.162378     5.1406      7.052   236.5203 8.8798e+01     7.3814      1.732      2.511     6.4419 0.0000e+00
      1.774      0.036    11.9003     96.584     30.473  19.162208     5.1112      7.057   236.6995 8.7969e+01     7.3235      1.738      2.521     6.4412 0.0000e+00
      1.786      0.041    11.8984     96.567     30.473  19.160380     5.1011      7.061   236.8741 8.6639e+01     7.3327      1.749      2.537     6.4416 0.0000e+00
      1.802      0.043    11.8922     96.560     30.442  19.140282     5.1270      7.062   236.9112 8.5108e+01     7.3898      1.766      2.562     6.4435 0.0000e+00
      1.818      0.043    11.8899     96.551     30.393  19.109397     5.1407      7.061   236.8896 8.4082e+01     7.3996      1.784      2.588     6.4429 0.0000e+00
      1.829      0.041    11.8893     96.516     30.385  19.103958     5.1495      7.060   236.9571 8.3410e+01     7.3489      1.794      2.602     6.4390 0.0000e+00
      1.837      0.038    11.8870     96.458     30.440  19.137920     5.1837      7.061   236.9529 8.2837e+01     7.3239      1.801      2.613     6.4358 0.0000e+00
      1.843      0.036    11.8865     96.377     30.547  19.203025     5.2212      7.062   236.9245 8.2365e+01     7.3699      1.808      2.623     6.4357 0.0000e+00
      1.849      0.036    11.8881     96.281     30.639  19.257126     5.2454      7.063   237.0435 8.1606e+01     7.3931      1.811      2.627     6.4363 0.0000e+00
      1.858      0.037    11.8814     96.193     30.691  19.284850     5.2434      7.064   237.0150 8.0599e+01     7.3647      1.821      2.641     6.4358 0.0000e+00
      1.871      0.038    11.8762     96.117     30.697  19.284625     5.2139      7.064   236.8385 7.9714e+01     7.3346      1.834      2.662     6.4358 0.0000e+00
      1.882      0.041    11.8661     96.041     30.652  19.254401     5.1711      7.062   236.8029 7.8890e+01     7.3702      1.847      2.678     6.4325 0.0000e+00
      1.892      0.044    11.8551     95.945     30.622  19.236417     5.1428      7.062   236.9279 7.8182e+01     7.4193      1.857      2.693     6.4247 0.0000e+00
      1.901      0.049    11.8474     95.840     30.653  19.257383     5.1375      7.062   237.0595 7.7584e+01     7.3816      1.865      2.704     6.4161 0.0000e+00
      1.910      0.054    11.8404     95.753     30.950  19.444494     5.0240      7.064   237.1045 7.6657e+01     7.3244      1.872      2.714     6.4078 0.0000e+00
      1.924      0.060    11.8339     95.683     31.502  19.786914     4.8028      7.067   237.1265 7.5341e+01     7.3434      1.884      2.733     6.4046 0.0000e+00
      1.943      0.066    11.8200     95.594     31.823  19.973858     4.6938      7.070   237.1540 7.3913e+01     7.4057      1.905      2.763     6.4079 0.0000e+00
      1.964      0.071    11.8045     95.472     31.785  19.929553     4.6791      7.074   237.2653 7.2373e+01     7.3948      1.925      2.792     6.4108 0.0000e+00
      1.985      0.072    11.7932     95.335     31.640  19.821828     4.6424      7.077   237.5248 7.0837e+01     7.3479      1.947      2.824     6.4132 0.0000e+00
      2.005      0.071    11.7869     95.175     31.640  19.812592     4.6076      7.078   237.7110 6.9612e+01     7.3511      1.967      2.854     6.4116 0.0000e+00
      2.022      0.069    11.7851     94.955     31.856  19.944680     4.6072      7.080   237.7098 6.8633e+01     7.3648      1.984      2.877     6.3857 0.0000e+00
      2.037      0.065    11.7797     94.634     31.988  20.024035     4.6294      7.082   237.7688 6.7656e+01     7.3774      1.997      2.897     6.3449 0.0000e+00
      2.052      0.060    11.7716     94.194     31.875  19.947827     4.6019      7.083   237.9081 6.6622e+01     7.3670      2.012      2.918     6.3172 0.0000e+00
      2.069      0.055    11.7582     93.704     31.717  19.847488     4.5241      7.084   237.9309 6.5565e+01     7.3420      2.029      2.943     6.3042 0.0000e+00
      2.085      0.050    11.7318     93.224     31.673  19.825280     4.4964      7.085   237.9588 6.4680e+01     7.3824      2.045      2.967     6.3038 0.0000e+00
