Data/DataNotYetUploadedToEDI/Raw_CTD/RawDownloads/031025_fcr10_S7809002.cnv
* Sea-Bird SBE19plus  Data File:
* FileName = C:\R\Reservoirs\Data\DataNotYetUploadedToEDI\Raw_CTD\RawDownloads\031025_fcr50_S7809_0002.hex
* Software version 2.8.0.119
* Temperature SN = 7809
* Conductivity SN = 7809
* System UpLoad Time = Mar 13 2025 14:41:57
* <ApplicationData>
* <Seaterm232>
# nquan = 15
# nvalues = 659                         
# units = specified
# name 0 = depFM: Depth [fresh water, m]
# name 1 = dz/dtM: Descent Rate [m/s]
# name 2 = sbeox0Mg/L: Oxygen, SBE 43 [mg/l]
# name 3 = sbeox0PS: Oxygen, SBE 43 [% saturation]
# name 4 = specc: Specific Conductance [uS/cm]
# name 5 = c0uS/cm: Conductivity [uS/cm]
# name 6 = flECO-AFL: Fluorescence, WET Labs ECO-AFL/FL [mg/m^3]
# name 7 = ph: pH
# name 8 = orp: Oxidation Reduction Potential [mV]
# name 9 = par/sat/log: PAR/Logarithmic, Satlantic
# name 10 = turbWETntu0: Turbidity, WET Labs ECO [NTU]
# name 11 = prdM: Pressure, Strain Gauge [db]
# name 12 = prdE: Pressure, Strain Gauge [psi]
# name 13 = tv290C: Temperature [ITS-90, deg C]
# name 14 = flag:  0.000e+00
# span 0 =     -0.706,      2.329       
# span 1 =     -0.356,      0.314       
# span 2 =     8.2099,    13.1432       
# span 3 =     70.106,    107.746       
# span 4 =      3.958,     33.864       
# span 5 =   2.759477,  21.277120       
# span 6 =    -0.5295,    37.2478       
# span 7 =     -2.603,      7.261       
# span 8 = -1240.7455,   242.4140       
# span 9 = 5.2577e+01, 1.1652e+03       
# span 10 =     0.3534,   212.9001      
# span 11 =     -0.694,      2.284      
# span 12 =     -1.007,      3.313      
# span 13 =     6.0588,    13.6629      
# span 14 = 0.0000e+00, 0.0000e+00      
# interval = seconds: 0.25
# start_time = Mar 10 2025 13:14:56 [Instrument's time stamp, header]
# bad_flag = -9.990e-29
*END*
[from data line 97]
      0.124      0.003     9.9470     80.521     31.868  20.613180     1.7504      6.067   191.7951 5.7675e+02     6.8741      0.115      0.167     7.2229 0.0000e+00
      0.126      0.011     9.8864     80.151     32.068  20.764617     1.7692      6.050   192.1373 5.8415e+02     6.9185      0.116      0.167     7.2393 0.0000e+00
      0.146      0.016     9.8116     79.891     32.026  20.772894     1.7879      6.040   192.3511 5.7790e+02     6.9359      0.143      0.208     7.2839 0.0000e+00
      0.166      0.021     9.7531     79.738     31.856  20.713279     1.8095      6.037   192.5734 5.5760e+02     7.0158      0.169      0.245     7.3041 0.0000e+00
      0.171      0.021     9.6888     79.739     31.744  20.677929     1.8308      6.040   192.6748 5.5546e+02     7.1671      0.172      0.250     7.3399 0.0000e+00
      0.165      0.016     9.6333     79.879     31.801  20.725943     1.8378      6.045   192.6293 5.7836e+02     7.2621      0.161      0.233     7.3678 0.0000e+00
      0.160      0.008     9.5974     80.072     31.888  20.786587     1.8273      6.051   192.6254 5.6481e+02     7.2426      0.153      0.222     7.4096 0.0000e+00
      0.163      0.002     9.5455     80.287     31.859  20.777114     1.8032      6.058   192.8002 5.3001e+02     7.1021      0.158      0.230     7.5232 0.0000e+00
      0.170      0.002     9.5315     80.487     31.783  20.738228     1.8052      6.067   193.0214 5.1930e+02     6.9632      0.168      0.244     7.5890 0.0000e+00
      0.174      0.003     9.5554     80.605     31.713  20.696858     1.8346      6.075   193.1495 5.2240e+02     6.9299      0.174      0.251     7.5860 0.0000e+00
      0.171      0.003     9.5778     80.625     31.656  20.657353     1.8426      6.082   193.3161 5.3298e+02     6.9382      0.169      0.245     7.5850 0.0000e+00
      0.167      0.003     9.5996     80.552     31.641  20.641008     1.8265      6.089   193.5735 5.5126e+02     6.9956      0.163      0.236     7.6053 0.0000e+00
      0.166      0.003     9.6239     80.399     31.631  20.626029     1.8227      6.096   193.7671 5.5669e+02     7.1116      0.161      0.234     7.6269 0.0000e+00
      0.168      0.007     9.6351     80.187     31.610  20.603048     1.8383      6.104   194.0217 5.4684e+02     7.1786      0.163      0.238     7.6334 0.0000e+00
      0.172      0.012     9.6389     79.925     31.645  20.616757     1.8572      6.110   194.5009 5.3909e+02     7.1911      0.169      0.245     7.6289 0.0000e+00
      0.177      0.015     9.6329     79.620     31.729  20.664968     1.8849      6.115   194.8289 5.3485e+02     7.1608      0.173      0.251     7.6155 0.0000e+00
      0.183      0.015     9.6162     79.275     31.751  20.678709     1.9230      6.120   194.8902 5.3005e+02     7.1193      0.178      0.258     7.6018 0.0000e+00
      0.188      0.014     9.5948     78.935     31.709  20.656090     1.9525      6.125   194.9834 5.1466e+02     7.1682      0.185      0.269     7.5892 0.0000e+00
      0.193      0.012     9.5652     78.610     31.685  20.645103     1.9580      6.129   195.1816 5.0730e+02     7.1708      0.191      0.276     7.5723 0.0000e+00
      0.194      0.010     9.5353     78.275     31.728  20.672689     1.9317      6.134   195.4797 5.0370e+02     7.0824      0.190      0.277     7.5576 0.0000e+00
      0.194      0.008     9.4883     77.937     31.829  20.736005     1.8924      6.137   195.8344 4.8596e+02     7.0561      0.188      0.273     7.5587 0.0000e+00
      0.194      0.005     9.4454     77.619     31.890  20.776596     1.8822      6.140   196.2019 4.7497e+02     7.0574      0.189      0.274     7.5708 0.0000e+00
      0.198      0.003     9.4066     77.323     31.890  20.783041     1.9003      6.145   196.4812 4.7220e+02     7.0979      0.194      0.281     7.5811 0.0000e+00
      0.201      0.003     9.3659     77.035     31.925  20.813948     1.9038      6.149   196.6302 4.7442e+02     7.1369      0.198      0.288     7.5784 0.0000e+00
      0.201      0.003     9.3266     76.758     31.944  20.833264     1.8815      6.154   196.7984 4.8128e+02     7.1183      0.198      0.287     7.5688 0.0000e+00
      0.199      0.003     9.2872     76.473     31.923  20.826374     1.8726      6.160   197.0522 4.8148e+02     7.1805      0.195      0.283     7.5715 0.0000e+00
      0.199      0.003     9.2515     76.198     31.962  20.857466     1.8879      6.167   197.4621 4.8068e+02     7.2402      0.194      0.282     7.5840 0.0000e+00
      0.200      0.002     9.2116     75.965     32.007  20.892173     1.8909      6.172   197.8821 4.8453e+02     7.1568      0.196      0.284     7.5964 0.0000e+00
      0.202      0.001     9.1789     75.722     32.055  20.928993     1.8766      6.177   198.0876 4.8005e+02     6.9922      0.197      0.286     7.6074 0.0000e+00
      0.204     -0.002     9.1420     75.479     32.133  20.985629     1.8724      6.182   198.2250 4.7125e+02     6.8893      0.200      0.291     7.6178 0.0000e+00
      0.204     -0.007     9.1016     75.272     32.154  21.006311     1.8814      6.187   198.3391 4.6350e+02     6.9037      0.201      0.292     7.6271 0.0000e+00
      0.202     -0.012     9.0793     75.080     32.115  20.988840     1.8865      6.192   198.4343 4.4871e+02     6.8926      0.198      0.289     7.6344 0.0000e+00
      0.198     -0.016     9.0467     74.915     32.062  20.964610     1.8928      6.196   198.6020 4.3074e+02     6.8229      0.196      0.283     7.6426 0.0000e+00
      0.190     -0.019     9.0110     74.783     32.049  20.966992     1.9243      6.198   198.7326 4.2350e+02     6.8125      0.187      0.271     7.6528 0.0000e+00
      0.181     -0.019     8.9892     74.670     32.112  21.017647     1.9590      6.200   198.6368 4.4797e+02     6.8692      0.176      0.256     7.6627 0.0000e+00
      0.175     -0.018     8.9602     74.549     32.180  21.069847     1.9546      6.203   198.4754 4.9389e+02     6.8944      0.171      0.248     7.6743 0.0000e+00
      0.174     -0.017     8.9379     74.436     32.202  21.090892     1.9207      6.207   198.5887 5.3386e+02     6.8439      0.170      0.247     7.6909 0.0000e+00
      0.174     -0.016     8.9182     74.398     32.174  21.081887     1.8906      6.212   198.8880 5.5105e+02     6.8048      0.172      0.249     7.7093 0.0000e+00
      0.170     -0.013     8.9024     74.347     32.068  21.024379     1.8821      6.218   199.2550 5.4678e+02     6.8662      0.168      0.244     7.7249 0.0000e+00
      0.163     -0.011     8.8875     74.204     31.962  20.966233     1.8930      6.223   199.6700 5.3425e+02     6.9373      0.159      0.231     7.7357 0.0000e+00
      0.157     -0.009     8.8634     74.083     31.926  20.949521     1.9221      6.228   199.8617 5.2745e+02     6.9124      0.153      0.221     7.7449 0.0000e+00
      0.155     -0.007     8.8623     74.016     31.918  20.949131     1.9673      6.233   199.8529 5.3832e+02     6.8730      0.151      0.219     7.7586 0.0000e+00
      0.157     -0.004     8.8613     73.951     31.930  20.961516     2.0067      6.238   199.9937 5.4202e+02     6.8715      0.154      0.223     7.7795 0.0000e+00
      0.159     -0.002     8.8260     73.866     31.940  20.972470     2.0158      6.243   200.2737 5.3094e+02     6.8590      0.157      0.228     7.7997 0.0000e+00
      0.159     -0.000     8.8112     73.731     31.907  20.954768     1.9687      6.248   200.3983 5.1800e+02     6.8250      0.157      0.227     7.8099 0.0000e+00
      0.157      0.000     8.8061     73.567     31.877  20.937695     1.8955      6.253   200.3819 5.2610e+02     6.8020      0.154      0.223     7.8147 0.0000e+00
      0.156      0.001     8.7948     73.404     31.900  20.956263     1.8718      6.258   200.5054 5.4980e+02     6.8539      0.152      0.220     7.8217 0.0000e+00
      0.156      0.002     8.7875     73.227     31.943  20.989066     1.8895      6.260   200.7730 5.5316e+02     6.9389      0.152      0.220     7.8297 0.0000e+00
      0.157      0.003     8.7674     73.002     31.975  21.017289     1.8937      6.258   201.0367 5.4792e+02     6.9086      0.155      0.223     7.8353 0.0000e+00
      0.160      0.004     8.7456     72.762     32.003  21.043889     1.8893      6.248   201.2843 5.4983e+02     6.8634      0.157      0.228     7.8394 0.0000e+00
      0.162      0.004     8.7256     72.565     32.010  21.057061     1.9110      6.234   201.5306 5.5284e+02     6.9047      0.159      0.231     7.8442 0.0000e+00
      0.162      0.003     8.7066     72.423     31.987  21.049755     1.9472      6.223   201.7766 5.4824e+02     6.8959      0.160      0.232     7.8515 0.0000e+00
      0.161      0.002     8.6747     72.295     31.929  21.018961     1.9613      6.216   201.9356 5.4042e+02     6.8940      0.158      0.230     7.8628 0.0000e+00
      0.161      0.001     8.6401     72.165     31.894  21.001768     1.9321      6.213   202.0764 5.4034e+02     6.9840      0.158      0.229     7.8762 0.0000e+00
      0.161      0.000     8.6137     72.065     31.932  21.032096     1.8937      6.213   202.3611 5.4335e+02     7.0950      0.158      0.230     7.8892 0.0000e+00
      0.162     -0.001     8.5963     71.977     31.982  21.068628     1.8966      6.216   202.5382 5.4393e+02     7.1779      0.159      0.230     7.9018 0.0000e+00
      0.163     -0.002     8.5809     71.861     31.967  21.063044     1.9086      6.221   202.4977 5.4282e+02     7.1657      0.160      0.232     7.9134 0.0000e+00
      0.163     -0.002     8.5591     71.731     31.812  20.964584     1.8972      6.228   202.6451 5.4297e+02     7.0839      0.160      0.232     7.9229 0.0000e+00
      0.162      0.000     8.5475     71.603     31.607  20.829251     1.8918      6.235   203.0304 5.4946e+02     7.0774      0.159      0.231     7.9302 0.0000e+00
      0.159      0.005     8.5395     71.474     31.608  20.821662     1.9023      6.241   203.3704 5.4886e+02     7.1556      0.155      0.226     7.9367 0.0000e+00
      0.157      0.009     8.5211     71.326     31.799  20.936228     1.9068      6.247   203.5726 5.2394e+02     7.2096      0.152      0.220     7.9431 0.0000e+00
      0.159      0.013     8.5054     71.163     31.918  21.009743     1.8885      6.251   203.5820 4.8784e+02     7.1844      0.154      0.222     7.9484 0.0000e+00
      0.169      0.018     8.4880     71.022     31.830  20.949644     1.8473      6.257   203.6561 4.7146e+02     7.1241      0.164      0.238     7.9550 0.0000e+00
      0.179      0.024     8.4779     70.921     31.677  20.843642     1.8249      6.266   204.0382 4.8445e+02     7.1294      0.179      0.259     7.9386 0.0000e+00
      0.184      0.029     8.4665     70.840     31.730  20.869374     1.8423      6.276   204.4164 5.0837e+02     7.1789      0.182      0.265     7.9100 0.0000e+00
      0.185      0.031     8.4443     70.726     31.953  21.007134     1.8502      6.284   204.7016 5.1733e+02     7.1767      0.178      0.259     7.9093 0.0000e+00
      0.191      0.030     8.4277     70.583     32.128  21.114349     1.8453      6.290   204.9061 5.0641e+02     7.1036      0.185      0.268     7.9102 0.0000e+00
      0.205      0.027     8.4168     70.459     32.193  21.151203     1.8661      6.295   204.9087 4.8389e+02     7.0804      0.201      0.292     7.9004 0.0000e+00
      0.219      0.024     8.4155     70.354     32.158  21.135689     1.8929      6.300   204.9914 4.4942e+02     7.1694      0.218      0.315     7.8844 0.0000e+00
      0.226      0.020     8.4042     70.252     32.089  21.117004     1.9033      6.306   205.3031 4.1480e+02     7.1885      0.226      0.326     7.8683 0.0000e+00
      0.226      0.014     8.3852     70.166     32.031  21.115530     1.8842      6.314   205.6661 3.9524e+02     7.1065      0.221      0.321     7.8602 0.0000e+00
      0.223      0.009     8.3753     70.118     31.982  21.117906     1.8532      6.320   206.0259 3.9239e+02     7.1008      0.216      0.314     7.8417 0.0000e+00
      0.224      0.008     8.3634     70.106     31.983  21.145766     1.8536      6.324   206.3831 3.9819e+02     7.1538      0.218      0.316     7.8459 0.0000e+00
      0.227      0.011     8.3390     70.119     32.036  21.198774     1.8547      6.328   206.5434 4.1750e+02     7.1321      0.223      0.324     7.8994 0.0000e+00
      0.229      0.014     8.3157     70.174     32.090  21.251590     1.8498      6.331   206.5881 4.4898e+02     7.0780      0.225      0.326     7.9600 0.0000e+00
      0.234      0.014     8.2972     70.212     32.064  21.277120     1.8696      6.332   206.9233 4.8548e+02     7.0800      0.227      0.328     8.0184 0.0000e+00
      0.242      0.010     8.2906     70.210     31.895  21.253866     1.8866      6.330   207.4991 4.9853e+02     7.1219      0.237      0.344     8.0618 0.0000e+00
      0.248      0.006     8.2817     70.280     31.691  21.224152     1.8968      6.327   207.9568 4.7040e+02     7.1753      0.247      0.358     8.0875 0.0000e+00
      0.248      0.004     8.2905     70.480     31.497  21.171592     1.9264      6.324   208.1554 4.7791e+02     7.1443      0.247      0.358     8.0994 0.0000e+00
      0.242      0.003     8.2920     70.854     31.003  20.872059     1.9704      6.321   208.1796 5.0121e+02     7.0543      0.237      0.344     8.1408 0.0000e+00
      0.237      0.002     8.2457     71.329     30.143  20.265564     2.0038      6.322   208.1642 4.7001e+02     7.0776      0.229      0.331     8.3056 0.0000e+00
      0.239      0.003     8.2173     71.664     29.566  19.735078     2.0133      6.327   208.2270 4.3305e+02     7.1186      0.233      0.337     8.5093 0.0000e+00
      0.244      0.006     8.2099     71.840     29.640  19.530103     2.0107      6.333   208.4224 4.0898e+02     7.0724      0.241      0.349     8.6331 0.0000e+00
      0.249      0.010     8.2464     72.473     29.977  19.498821     2.0060      6.339   208.8055 3.9230e+02     7.0654      0.245      0.355     8.6787 0.0000e+00
      0.252      0.013     8.3145     74.410     30.216  19.483402     2.0072      6.345   209.2464 3.9800e+02     7.1363      0.247      0.358     8.6862 0.0000e+00
      0.252      0.014     8.4056     77.883     30.345  19.470313     2.0163      6.352   209.4506 4.1803e+02     7.2121      0.247      0.359     8.4653 0.0000e+00
      0.254      0.014     8.5082     82.529     30.419  19.467281     2.0157      6.358   209.6396 4.4006e+02     7.1963      0.249      0.359     7.9329 0.0000e+00
      0.259      0.013     8.6317     87.812     30.429  19.446704     1.9996      6.362   209.9835 4.5046e+02     7.1161      0.254      0.367     7.4582 0.0000e+00
      0.265      0.011     8.9183     93.212     30.396  19.411685     1.9890      6.363   210.2525 4.4334e+02     7.0956      0.261      0.378     7.1960 0.0000e+00
      0.270      0.009     9.3903     98.283     30.430  19.424260     2.0032      6.364   210.4829 4.3815e+02     7.0859      0.266      0.387     7.0557 0.0000e+00
      0.272      0.006     9.9944    102.577     30.515  19.471942     2.0219      6.366   210.6189 4.4921e+02     7.1017      0.267      0.388     6.9843 0.0000e+00
      0.271      0.003    10.6695    105.640     30.537  19.480993     2.0149      6.367   210.6924 4.6397e+02     7.1507      0.266      0.385     6.9455 0.0000e+00
      0.269      0.000    11.3482    107.276     30.526  19.470287     2.0026      6.368   210.8548 4.7031e+02     7.1317      0.264      0.381     6.9262 0.0000e+00
      0.269     -0.001    11.9868    107.746     30.527  19.469301     2.0064      6.373   210.9484 4.6804e+02     7.1442      0.263      0.382     6.9135 0.0000e+00
      0.269     -0.001    12.5345    107.511     30.527  19.469056     2.0112      6.380   211.0495 4.5738e+02     7.1655      0.265      0.384     6.9034 0.0000e+00
