Data/DataNotYetUploadedToEDI/Raw_CTD/RawDownloads/031025_fcr30_S7809004.cnv
* Sea-Bird SBE19plus  Data File:
* FileName = C:\R\Reservoirs\Data\DataNotYetUploadedToEDI\Raw_CTD\RawDownloads\031025_fcr50_S7809_0004.hex
* Software version 2.8.0.119
* Temperature SN = 7809
* Conductivity SN = 7809
* System UpLoad Time = Mar 13 2025 14:42:38
* <ApplicationData>
* <Seaterm232>
# nquan = 15
# nvalues = 745                         
# units = specified
# name 0 = depFM: Depth [fresh water, m]
# name 1 = dz/dtM: Descent Rate [m/s]
# name 2 = sbeox0Mg/L: Oxygen, SBE 43 [mg/l]
# name 3 = sbeox0PS: Oxygen, SBE 43 [% saturation]
# name 4 = specc: Specific Conductance [uS/cm]
# name 5 = c0uS/cm: Conductivity [uS/cm]
# name 6 = flECO-AFL: Fluorescence, WET Labs ECO-AFL/FL [mg/m^3]
# name 7 = ph: pH
# name 8 = orp: Oxidation Reduction Potential [mV]
# name 9 = par/sat/log: PAR/Logarithmic, Satlantic
# name 10 = turbWETntu0: Turbidity, WET Labs ECO [NTU]
# name 11 = prdM: Pressure, Strain Gauge [db]
# name 12 = prdE: Pressure, Strain Gauge [psi]
# name 13 = tv290C: Temperature [ITS-90, deg C]
# name 14 = flag:  0.000e+00
# span 0 =     -0.690,      4.816       
# span 1 =     -0.327,      0.223       
# span 2 =     8.6234,    13.0942       
# span 3 =     71.730,    107.979       
# span 4 =      1.796,     31.514       
# span 5 =   1.179979,  20.234212       
# span 6 =    -0.1736,    12.7899       
# span 7 =      8.055,      8.359       
# span 8 =   222.2988,  1020.7506       
# span 9 = 3.9195e+00, 7.8986e+02       
# span 10 =    -1.0259,   220.7745      
# span 11 =     -0.678,      4.724      
# span 12 =     -0.982,      6.852      
# span 13 =     6.2481,     7.8525      
# span 14 = 0.0000e+00, 0.0000e+00      
# interval = seconds: 0.25
# start_time = Mar 10 2025 13:30:06 [Instrument's time stamp, header]
# bad_flag = -9.990e-29
*END*
[from data line 193]
      0.519      0.021    13.0641    106.475     30.437  19.555418     3.7960      8.176   239.5163 7.0187e+01     6.2385      0.510      0.739     7.1237 0.0000e+00
      0.523      0.022    13.0942    105.770     30.418  19.542730     3.7921      8.176   239.7414 6.9900e+01     6.3403      0.512      0.744     7.1239 0.0000e+00
      0.527      0.026    13.0382    105.114     30.453  19.564443     3.7920      8.177   239.9970 6.9691e+01     6.4527      0.517      0.750     7.1242 0.0000e+00
      0.532      0.031    12.9723    104.513     30.454  19.564338     3.8205      8.178   240.1980 6.9486e+01     6.4704      0.520      0.756     7.1236 0.0000e+00
      0.540      0.038    12.8853    103.963     30.419  19.541462     3.8366      8.178   240.3647 6.9400e+01     6.3836      0.529      0.767     7.1226 0.0000e+00
      0.550      0.045    12.7958    103.450     30.421  19.541461     3.8534      8.179   240.5496 6.9405e+01     6.3934      0.539      0.781     7.1219 0.0000e+00
      0.564      0.051    12.7188    102.997     30.458  19.564316     3.8743      8.180   240.6276 6.8997e+01     6.4864      0.550      0.799     7.1205 0.0000e+00
      0.582      0.056    12.6449    102.635     30.459  19.564204     3.8970      8.182   240.7049 6.8309e+01     6.4839      0.572      0.829     7.1196 0.0000e+00
      0.599      0.058    12.5810    102.355     30.423  19.540101     3.9281      8.184   240.8819 6.7760e+01     6.4310      0.589      0.854     7.1194 0.0000e+00
      0.613      0.059    12.5175    102.125     30.405  19.526496     3.9264      8.185   241.0472 6.7265e+01     6.3943      0.601      0.870     7.1170 0.0000e+00
      0.627      0.062    12.4614    101.928     30.408  19.526507     3.9184      8.185   241.1546 6.6555e+01     6.4151      0.615      0.892     7.1152 0.0000e+00
      0.641      0.066    12.4184    101.774     30.433  19.540226     3.9392      8.185   241.2338 6.5617e+01     6.4776      0.628      0.911     7.1149 0.0000e+00
      0.655      0.071    12.3867    101.655     30.476  19.565567     3.9941      8.187   241.3167 6.4620e+01     6.4665      0.639      0.929     7.1127 0.0000e+00
      0.674      0.075    12.3615    101.542     30.499  19.579294     4.0743      8.188   241.3824 6.3447e+01     6.3839      0.658      0.955     7.1099 0.0000e+00
      0.697      0.077    12.3367    101.424     30.500  19.579399     4.1184      8.189   241.4260 6.2327e+01     6.3334      0.684      0.991     7.1062 0.0000e+00
      0.722      0.077    12.3205    101.320     30.481  19.566833     4.1449      8.190   241.5005 6.1522e+01     6.4024      0.710      1.029     7.1012 0.0000e+00
      0.743      0.074    12.3088    101.255     30.463  19.554163     4.1861      8.192   241.5941 6.0964e+01     6.4663      0.730      1.059     7.0980 0.0000e+00
      0.760      0.066    12.2958    101.220     30.464  19.553010     4.2088      8.192   241.6979 6.0655e+01     6.3885      0.745      1.082     7.0968 0.0000e+00
      0.775      0.055    12.2809    101.195     30.466  19.552895     4.2116      8.193   241.8084 6.0497e+01     6.3498      0.760      1.104     7.0961 0.0000e+00
      0.790      0.044    12.2665    101.157     30.467  19.552772     4.2118      8.193   241.8978 6.0491e+01     6.4420      0.777      1.126     7.0958 0.0000e+00
      0.800      0.034    12.2601    101.130     30.465  19.551515     4.1858      8.194   242.0040 6.0640e+01     6.4787      0.786      1.140     7.0944 0.0000e+00
      0.806      0.028    12.2578    101.139     30.442  19.537693     4.1383      8.196   242.0600 6.0831e+01     6.4182      0.791      1.147     7.0909 0.0000e+00
      0.809      0.026    12.2564    101.116     30.401  19.512456     4.1210      8.196   242.0600 6.0948e+01     6.3929      0.795      1.152     7.0880 0.0000e+00
      0.810      0.026    12.2534    101.066     30.381  19.499984     4.1348      8.197   242.1750 6.0884e+01     6.4133      0.795      1.152     7.0867 0.0000e+00
      0.815      0.029    12.2429    101.015     30.402  19.513702     4.1972      8.198   242.3325 6.0598e+01     6.4251      0.796      1.154     7.0869 0.0000e+00
      0.826      0.034    12.2535    100.956     30.460  19.551514     4.2926      8.198   242.4150 6.0184e+01     6.3990      0.810      1.175     7.0884 0.0000e+00
      0.839      0.038    12.2474    100.982     30.499  19.576760     4.3309      8.198   242.4845 5.9775e+01     6.3367      0.825      1.196     7.0897 0.0000e+00
      0.849      0.040    12.2365    101.038     30.481  19.565346     4.3273      8.198   242.5709 5.9379e+01     6.3208      0.832      1.207     7.0904 0.0000e+00
      0.860      0.040    12.2392    101.052     30.442  19.540309     4.3239      8.199   242.6848 5.8970e+01     6.3438      0.844      1.223     7.0911 0.0000e+00
      0.871      0.041    12.2167    101.044     30.424  19.527639     4.3231      8.200   242.7435 5.8574e+01     6.3069      0.856      1.242     7.0918 0.0000e+00
      0.880      0.045    12.2283    100.974     30.445  19.538959     4.3421      8.201   242.7645 5.8357e+01     6.2505      0.865      1.255     7.0923 0.0000e+00
      0.887      0.050    12.2406    100.899     30.466  19.550374     4.3623      8.201   242.8521 5.8302e+01     6.2422      0.868      1.259     7.0928 0.0000e+00
      0.897      0.054    12.2344    100.915     30.451  19.538845     4.3761      8.202   242.9426 5.8142e+01     6.3093      0.876      1.271     7.0925 0.0000e+00
      0.917      0.058    12.2420    100.925     30.433  19.526374     4.3851      8.202   242.9971 5.7895e+01     6.3783      0.898      1.302     7.0916 0.0000e+00
      0.938      0.062    12.2305    100.811     30.433  19.526385     4.3631      8.201   243.0817 5.7711e+01     6.3603      0.922      1.337     7.0888 0.0000e+00
      0.956      0.062    12.2136    100.694     30.453  19.538970     4.3255      8.201   243.1913 5.7594e+01     6.3647      0.941      1.364     7.0836 0.0000e+00
      0.970      0.058    12.2247    100.734     30.473  19.551744     4.3213      8.202   243.2894 5.7512e+01     6.4305      0.952      1.380     7.0804 0.0000e+00
      0.983      0.051    12.2345    100.848     30.478  19.554039     4.3962      8.203   243.4075 5.7432e+01     6.4388      0.963      1.395     7.0794 0.0000e+00
      0.996      0.042    12.2146    100.926     30.498  19.566710     4.5148      8.203   243.5009 5.7329e+01     6.3622      0.978      1.418     7.0785 0.0000e+00
      1.008      0.036    12.1853    100.947     30.516  19.578143     4.5736      8.204   243.5580 5.7193e+01     6.2907      0.990      1.436     7.0782 0.0000e+00
      1.015      0.032    12.2024    100.929     30.497  19.565473     4.5738      8.205   243.5819 5.7059e+01     6.3254      0.995      1.444     7.0780 0.0000e+00
      1.020      0.032    12.2192    100.869     30.457  19.540321     4.5682      8.206   243.5316 5.6925e+01     6.4407      1.001      1.453     7.0776 0.0000e+00
      1.024      0.035    12.2297    100.812     30.437  19.527641     4.5561      8.206   243.5522 5.6760e+01     6.4556      1.005      1.458     7.0771 0.0000e+00
      1.029      0.041    12.2307    100.852     30.455  19.538960     4.5346      8.207   243.7452 5.6627e+01     6.3680      1.005      1.458     7.0768 0.0000e+00
      1.039      0.047    12.2281    100.884     30.474  19.550374     4.5255      8.209   243.9723 5.6547e+01     6.3723      1.016      1.474     7.0765 0.0000e+00
      1.058      0.055    12.2248    100.877     30.459  19.538836     4.5035      8.209   244.0613 5.6442e+01     6.4387      1.038      1.505     7.0763 0.0000e+00
      1.078      0.062    12.2010    100.840     30.439  19.526258     4.4442      8.210   244.0469 5.6299e+01     6.4539      1.059      1.535     7.0772 0.0000e+00
      1.093      0.067    12.2227    100.715     30.438  19.525105     4.3997      8.210   244.0560 5.6209e+01     6.4200      1.072      1.555     7.0774 0.0000e+00
      1.108      0.068    12.2246    100.678     30.441  19.524898     4.3813      8.211   244.0853 5.6174e+01     6.3705      1.085      1.574     7.0748 0.0000e+00
      1.127      0.065    12.2191    100.813     30.444  19.523745     4.3800      8.212   244.1434 5.6127e+01     6.3674      1.105      1.603     7.0718 0.0000e+00
      1.147      0.060    12.2286    100.906     30.426  19.511170     4.4423      8.213   244.1559 5.6034e+01     6.3820      1.125      1.632     7.0725 0.0000e+00
      1.164      0.053    12.1968    100.879     30.406  19.499652     4.5432      8.214   244.1515 5.5937e+01     6.3763      1.143      1.658     7.0741 0.0000e+00
      1.177      0.045    12.1845    100.794     30.422  19.511283     4.5845      8.214   244.3483 5.5917e+01     6.4017      1.157      1.677     7.0688 0.0000e+00
      1.186      0.038    12.2254    100.759     30.442  19.525002     4.5923      8.215   244.6418 5.5932e+01     6.4841      1.164      1.688     7.0616 0.0000e+00
      1.192      0.033    12.2342    100.852     30.462  19.538721     4.6291      8.216   244.7742 5.5917e+01     6.5178      1.170      1.697     7.0611 0.0000e+00
      1.196      0.031    12.2275    100.946     30.479  19.550353     4.6633      8.217   244.7447 5.5936e+01     6.4337      1.173      1.702     7.0640 0.0000e+00
      1.201      0.032    12.2136    100.890     30.460  19.538844     4.6638      8.217   244.7152 5.5969e+01     6.3214      1.176      1.706     7.0663 0.0000e+00
      1.210      0.035    12.1985    100.707     30.440  19.526374     4.6447      8.218   244.7621 5.5895e+01     6.3217      1.186      1.720     7.0679 0.0000e+00
      1.222      0.038    12.2223    100.649     30.440  19.526375     4.6157      8.219   244.8815 5.5790e+01     6.4373      1.198      1.738     7.0694 0.0000e+00
      1.235      0.041    12.2369    100.778     30.460  19.538857     4.5709      8.219   245.0402 5.5741e+01     6.4551      1.211      1.757     7.0709 0.0000e+00
      1.246      0.041    12.2355    100.885     30.478  19.550489     4.5355      8.219   245.1323 5.5695e+01     6.3656      1.222      1.772     7.0716 0.0000e+00
      1.256      0.038    12.1928    100.925     30.462  19.540217     4.5282      8.220   245.1348 5.5613e+01     6.3803      1.230      1.786     7.0716 0.0000e+00
      1.266      0.032    12.1809    100.940     30.463  19.541464     4.5252      8.222   245.0706 5.5493e+01     6.4962      1.241      1.801     7.0719 0.0000e+00
      1.276      0.027    12.2173    100.956     30.500  19.565567     4.5077      8.223   245.0441 5.5423e+01     6.5373      1.252      1.816     7.0721 0.0000e+00
      1.283      0.026    12.2253    100.995     30.520  19.578039     4.4831      8.223   245.1581 5.5470e+01     6.4330      1.259      1.826     7.0718 0.0000e+00
      1.285      0.030    12.2292    101.024     30.501  19.565454     4.4682      8.224   245.2453 5.5494e+01     6.3280      1.261      1.829     7.0716 0.0000e+00
      1.286      0.040    12.2306    100.996     30.462  19.540208     4.5029      8.225   245.2376 5.5359e+01     6.3609      1.259      1.827     7.0718 0.0000e+00
      1.291      0.050    12.2298    100.940     30.443  19.526395     4.5784      8.225   245.2376 5.5118e+01     6.4212      1.262      1.831     7.0723 0.0000e+00
      1.308      0.059    12.2365    100.905     30.444  19.525241     4.6142      8.225   245.2442 5.4867e+01     6.3741      1.278      1.854     7.0725 0.0000e+00
      1.334      0.062    12.2439    100.890     30.449  19.526261     4.6033      8.225   245.2323 5.4678e+01     6.3380      1.307      1.896     7.0722 0.0000e+00
      1.361      0.061    12.2382    100.890     30.470  19.538722     4.5965      8.226   245.2661 5.4458e+01     6.3602      1.338      1.941     7.0722 0.0000e+00
      1.380      0.056    12.2283    100.934     30.486  19.549095     4.6145      8.227   245.3936 5.4194e+01     6.3355      1.359      1.970     7.0703 0.0000e+00
      1.388      0.050    12.2275    101.057     30.449  19.524878     4.6475      8.228   245.4836 5.4142e+01     6.2438      1.364      1.978     7.0656 0.0000e+00
      1.389      0.045    12.2261    101.137     30.410  19.499528     4.6537      8.229   245.4937 5.4261e+01     6.1398      1.360      1.973     7.0617 0.0000e+00
      1.394      0.043    12.2275    101.063     30.406  19.496183     4.6389      8.230   245.6021 5.4314e+01     6.1369      1.363      1.978     7.0601 0.0000e+00
      1.408      0.043    12.2265    100.962     30.389  19.484448     4.6185      8.230   245.7622 5.4281e+01     6.2087      1.379      2.000     7.0599 0.0000e+00
      1.427      0.043    12.2485    100.927     30.389  19.484439     4.5735      8.229   245.7945 5.4287e+01     6.2222      1.401      2.031     7.0602 0.0000e+00
      1.443      0.040    12.2696    100.901     30.406  19.496079     4.5356      8.228   245.8202 5.4359e+01     6.1642      1.417      2.056     7.0597 0.0000e+00
      1.454      0.032    12.2485    100.879     30.408  19.498384     4.5191      8.228   245.9008 5.4399e+01     6.1216      1.427      2.070     7.0577 0.0000e+00
      1.460      0.021    12.2319    100.864     30.428  19.512303     4.4904      8.229   245.9091 5.4372e+01     6.1507      1.433      2.079     7.0557 0.0000e+00
      1.461      0.011    12.2356    100.835     30.466  19.537568     4.4625      8.231   245.9204 5.4383e+01     6.2089      1.433      2.079     7.0555 0.0000e+00
      1.458      0.006    12.2293    100.844     30.485  19.550259     4.4487      8.231   246.0379 5.4506e+01     6.2101      1.430      2.074     7.0572 0.0000e+00
      1.455      0.007    12.2245    100.890     30.467  19.538941     4.4235      8.231   246.1251 5.4576e+01     6.1653      1.427      2.070     7.0595 0.0000e+00
      1.454      0.011    12.2273    100.906     30.449  19.527528     4.3747      8.232   246.1143 5.4528e+01     6.2137      1.425      2.067     7.0617 0.0000e+00
      1.458      0.017    12.2167    100.887     30.465  19.539075     4.3157      8.234   246.0793 5.4404e+01     6.3171      1.428      2.071     7.0631 0.0000e+00
      1.467      0.025    12.2182    100.867     30.483  19.551746     4.2760      8.234   246.1323 5.4180e+01     6.3223      1.437      2.086     7.0638 0.0000e+00
      1.478      0.034    12.2288    100.856     30.483  19.553937     4.2614      8.234   246.3243 5.3995e+01     6.3109      1.451      2.105     7.0646 0.0000e+00
      1.485      0.040    12.2301    100.857     30.496  19.565567     4.2722      8.234   246.5085 5.3925e+01     6.3852      1.458      2.114     7.0645 0.0000e+00
      1.493      0.043    12.2250    100.880     30.490  19.565567     4.3064      8.234   246.5525 5.3862e+01     6.4689      1.461      2.118     7.0652 0.0000e+00
      1.506      0.043    12.2217    100.898     30.467  19.553936     4.3338      8.234   246.5115 5.3762e+01     6.4687      1.475      2.139     7.0683 0.0000e+00
      1.523      0.041    12.2207    100.891     30.462  19.551746     4.3375      8.234   246.5298 5.3643e+01     6.4164      1.496      2.170     7.0712 0.0000e+00
      1.537      0.039    12.2157    100.811     30.442  19.539084     4.3350      8.235   246.6015 5.3560e+01     6.4180      1.510      2.190     7.0762 0.0000e+00
      1.544      0.037    12.2209    100.722     30.424  19.527642     4.3530      8.235   246.6902 5.3578e+01     6.4873      1.516      2.197     7.0847 0.0000e+00
      1.549      0.036    12.2185    100.722     30.444  19.540207     4.3807      8.236   246.7420 5.3674e+01     6.4686      1.518      2.201     7.0896 0.0000e+00
      1.554      0.037    12.2231    100.681     30.486  19.564206     4.3871      8.238   246.7110 5.3746e+01     6.3287      1.523      2.209     7.0902 0.0000e+00
      1.563      0.042    12.2129    100.577     30.495  19.564197     4.3881      8.238   246.7458 5.3758e+01     6.2651      1.532      2.221     7.0899 0.0000e+00
