Data/DataNotYetUploadedToEDI/Raw_CTD/RawDownloads/031025_bvr50_S7809001.cnv
* Sea-Bird SBE19plus  Data File:
* FileName = C:\R\Reservoirs\Data\DataNotYetUploadedToEDI\Raw_CTD\RawDownloads\031025_fcr50_S7809_0001.hex
* Software version 2.8.0.119
* Temperature SN = 7809
* Conductivity SN = 7809
* System UpLoad Time = Mar 13 2025 14:41:38
* <ApplicationData>
* <Seaterm232>
# nquan = 15
# nvalues = 1151                        
# units = specified
# name 0 = depFM: Depth [fresh water, m]
# name 1 = dz/dtM: Descent Rate [m/s]
# name 2 = sbeox0Mg/L: Oxygen, SBE 43 [mg/l]
# name 3 = sbeox0PS: Oxygen, SBE 43 [% saturation]
# name 4 = specc: Specific Conductance [uS/cm]
# name 5 = c0uS/cm: Conductivity [uS/cm]
# name 6 = flECO-AFL: Fluorescence, WET Labs ECO-AFL/FL [mg/m^3]
# name 7 = ph: pH
# name 8 = orp: Oxidation Reduction Potential [mV]
# name 9 = par/sat/log: PAR/Logarithmic, Satlantic
# name 10 = turbWETntu0: Turbidity, WET Labs ECO [NTU]
# name 11 = prdM: Pressure, Strain Gauge [db]
# name 12 = prdE: Pressure, Strain Gauge [psi]
# name 13 = tv290C: Temperature [ITS-90, deg C]
# name 14 = flag:  0.000e+00
# span 0 =     -0.777,      7.746       
# span 1 =     -0.357,      0.167       
# span 2 =     7.8238,    11.9480       
# span 3 =     64.389,     97.184       
# span 4 =      6.528,     33.905       
# span 5 =   4.116191,  21.728064       
# span 6 =     0.9500,     3.1438       
# span 7 =      7.201,      8.066       
# span 8 =   230.0854,   268.7477       
# span 9 = 1.2369e-01, 8.7411e+02       
# span 10 =     6.7411,    27.6441      
# span 11 =     -0.763,      7.598      
# span 12 =     -1.107,     11.019      
# span 13 =     6.0036,     7.8849      
# span 14 = 0.0000e+00, 0.0000e+00      
# interval = seconds: 0.25
# start_time = Mar 10 2025 10:15:04 [Instrument's time stamp, header]
# bad_flag = -9.990e-29
*END*
     -0.524      0.123    10.9248     94.826     33.905  21.728064     1.3511      7.201   232.4940 8.7411e+02     7.6492     -0.531     -0.770     7.8849 0.0000e+00
     -0.474      0.151    11.2155     94.924     33.800  21.599752     1.3529      7.318   232.8365 8.6488e+02     7.5640     -0.469     -0.680     7.5775 0.0000e+00
     -0.410      0.167    11.4216     94.950     33.223  21.184517     1.4232      7.371   233.2467 8.3265e+02     7.5118     -0.399     -0.579     7.3087 0.0000e+00
     -0.352      0.166    11.4509     94.962     32.819  20.892333     1.5688      7.400   233.4095 7.2520e+02     7.4971     -0.340     -0.495     7.1526 0.0000e+00
     -0.306      0.146    11.4995     94.940     32.703  20.793442     1.6480      7.420   233.1700 5.6261e+02     7.4883     -0.296     -0.430     7.0270 0.0000e+00
     -0.273      0.112    11.5455     94.958     32.759  20.813072     1.6494      7.435   232.7601 4.6682e+02     7.4399     -0.264     -0.384     6.9467 0.0000e+00
     -0.252      0.076    11.5577     95.241     32.973  20.939457     1.6354      7.448   233.1000 4.5001e+02     7.3215     -0.240     -0.348     6.8723 0.0000e+00
     -0.243      0.046    11.5799     95.676     32.963  20.926615     1.6361      7.463   233.7520 4.4958e+02     7.3202     -0.236     -0.343     6.8229 0.0000e+00
     -0.241      0.024    11.5895     95.990     32.550  20.657786     1.6502      7.478   233.4161 4.4808e+02     7.3907     -0.237     -0.342     6.7853 0.0000e+00
     -0.241      0.011    11.5752     96.169     32.178  20.415493     1.6467      7.493   232.7378 4.4593e+02     7.3538     -0.235     -0.340     6.7616 0.0000e+00
     -0.242      0.006    11.6245     96.260     32.069  20.343049     1.6444      7.504   232.8646 4.4613e+02     7.3524     -0.236     -0.343     6.7488 0.0000e+00
     -0.242      0.007    11.6992     96.256     32.085  20.352511     1.6391      7.513   233.2280 4.4629e+02     7.4756     -0.239     -0.347     6.7418 0.0000e+00
     -0.242      0.010    11.7347     96.185     32.162  20.403080     1.6080      7.520   233.1745 4.4287e+02     7.6141     -0.240     -0.347     6.7302 0.0000e+00
     -0.237      0.013    11.7568     96.062     32.323  20.510646     1.5842      7.525   232.9919 4.3589e+02     7.6607     -0.234     -0.339     6.7197 0.0000e+00
     -0.231      0.016    11.7732     95.913     32.315  20.511814     1.5757      7.529   232.9128 4.0974e+02     7.5953     -0.226     -0.328     6.7149 0.0000e+00
     -0.226      0.017    11.7682     95.772     31.963  20.290389     1.5808      7.532   232.7344 3.6405e+02     7.5067     -0.222     -0.322     6.7141 0.0000e+00
     -0.221      0.014    11.7612     95.642     31.689  20.115962     1.6041      7.534   232.3842 3.3661e+02     7.4437     -0.217     -0.315     6.7153 0.0000e+00
     -0.217      0.007    11.7406     95.492     31.689  20.114737     1.6076      7.536   232.2912 3.2732e+02     7.3789     -0.211     -0.308     6.7254 0.0000e+00
     -0.214     -0.003    11.7181     95.228     31.744  20.148773     1.5811      7.536   232.0403 3.2072e+02     7.3734     -0.209     -0.304     6.7380 0.0000e+00
     -0.214     -0.011    11.6981     94.463     31.742  20.147078     1.5418      7.535   231.1573 3.2540e+02     7.4445     -0.209     -0.303     6.7399 0.0000e+00
     -0.219     -0.016    11.6882     93.045     31.661  20.094238     1.4988      7.533   230.7363 3.4387e+02     7.4531     -0.214     -0.310     6.7371 0.0000e+00
     -0.229     -0.016    11.6666     91.622     31.542  20.017113     1.4782      7.531   231.1648 3.6714e+02     7.3756     -0.225     -0.325     6.7353 0.0000e+00
     -0.240     -0.012    11.6546     90.614     31.481  19.975399     1.4667      7.527   231.5200 3.7886e+02     7.3267     -0.238     -0.344     6.7342 0.0000e+00
     -0.245     -0.006    11.5898     89.882     31.476  19.970294     1.4678      7.526   231.5032 3.7996e+02     7.4078     -0.244     -0.353     6.7342 0.0000e+00
     -0.242      0.000    11.3601     89.316     31.456  19.955388     1.5006      7.527   231.3918 3.6897e+02     7.5712     -0.239     -0.347     6.7328 0.0000e+00
     -0.235      0.005    11.1698     88.828     31.408  19.921978     1.5136      7.529   231.3785 3.5778e+02     7.6283     -0.230     -0.334     6.7294 0.0000e+00
     -0.230      0.007    11.0684     88.352     31.353  19.883347     1.5078      7.531   231.5150 3.6325e+02     7.5521     -0.224     -0.326     6.7250 0.0000e+00
     -0.228      0.007    10.9760     87.831     31.336  19.868718     1.5139      7.534   231.7508 3.6559e+02     7.5034     -0.223     -0.324     6.7215 0.0000e+00
     -0.229      0.004    10.9153     87.090     31.345  19.871893     1.5209      7.539   231.8199 3.7439e+02     7.4840     -0.225     -0.326     6.7188 0.0000e+00
     -0.231      0.002    10.8590     86.021     31.323  19.858328     1.5344      7.544   231.7483 3.9104e+02     7.4204     -0.227     -0.329     6.7140 0.0000e+00
     -0.231      0.000    10.8024     84.813     31.375  19.894917     1.5351      7.549   231.9175 3.9397e+02     7.3485     -0.227     -0.330     6.7066 0.0000e+00
     -0.231      0.000    10.7504     83.768     31.630  20.060678     1.5135      7.553   232.1455 3.7920e+02     7.2982     -0.227     -0.329     6.6999 0.0000e+00
     -0.230      0.001    10.6703     83.037     31.870  20.214052     1.5148      7.556   232.0957 3.5842e+02     7.3242     -0.225     -0.326     6.6958 0.0000e+00
     -0.228      0.001    10.5272     82.636     31.793  20.164282     1.5256      7.557   232.0041 3.5586e+02     7.3560     -0.224     -0.324     6.6960 0.0000e+00
     -0.228      0.001    10.3618     82.524     31.483  19.966137     1.5109      7.557   232.0697 3.6340e+02     7.3073     -0.224     -0.325     6.7029 0.0000e+00
     -0.229      0.001    10.2266     82.607     31.198  19.783787     1.5038      7.556   232.1145 3.6835e+02     7.2477     -0.225     -0.326     6.7110 0.0000e+00
     -0.229      0.001    10.1372     82.752     31.022  19.671378     1.5146      7.555   232.1162 3.7715e+02     7.2495     -0.225     -0.326     6.7129 0.0000e+00
     -0.229      0.002    10.0899     82.842     30.945  19.621442     1.5251      7.556   232.2618 3.8677e+02     7.3291     -0.226     -0.327     6.7106 0.0000e+00
     -0.229      0.003    10.0809     82.773     30.950  19.623827     1.5301      7.558   232.4132 3.7253e+02     7.3556     -0.225     -0.327     6.7078 0.0000e+00
     -0.228      0.004    10.0985     82.495     30.971  19.636818     1.5251      7.561   232.3975 3.4779e+02     7.2972     -0.223     -0.324     6.7055 0.0000e+00
     -0.226      0.005    10.1216     82.091     30.994  19.651713     1.5479      7.564   232.4160 3.4194e+02     7.3407     -0.221     -0.321     6.7032 0.0000e+00
     -0.225      0.006    10.1369     81.663     31.034  19.677109     1.6063      7.568   232.6374 3.4402e+02     7.4716     -0.221     -0.320     6.7016 0.0000e+00
     -0.223      0.006    10.1336     81.256     31.055  19.690274     1.6320      7.571   233.0084 3.4602e+02     7.5132     -0.219     -0.317     6.7009 0.0000e+00
     -0.221      0.005    10.0935     80.960     31.046  19.684081     1.6252      7.574   233.2889 3.4812e+02     7.5026     -0.217     -0.315     6.7004 0.0000e+00
     -0.219      0.004    10.0380     80.845     31.017  19.665638     1.6489      7.577   233.1900 3.4536e+02     7.5483     -0.215     -0.312     6.7007 0.0000e+00
     -0.219      0.004     9.9871     80.916     31.005  19.657485     1.7103      7.581   232.6728 3.3872e+02     7.6220     -0.215     -0.311     6.7012 0.0000e+00
     -0.219      0.006     9.9314     81.147     30.992  19.648902     1.7516      7.583   232.1120 3.4178e+02     7.6424     -0.215     -0.312     6.7010 0.0000e+00
     -0.219      0.009     9.8916     81.469     30.956  19.625269     1.7491      7.582   231.9159 3.4113e+02     7.6234     -0.214     -0.311     6.7003 0.0000e+00
     -0.219      0.013     9.8793     81.795     30.956  19.625344     1.7552      7.576   231.9361 3.3206e+02     7.6316     -0.216     -0.312     6.6994 0.0000e+00
     -0.215      0.016     9.8877     82.096     30.994  19.649805     1.8588      7.567   231.8404 3.3170e+02     7.6735     -0.213     -0.309     6.6989 0.0000e+00
     -0.207      0.016     9.9199     82.359     31.021  19.667411     2.0358      7.561   231.7044 3.2335e+02     7.6855     -0.204     -0.296     6.6982 0.0000e+00
     -0.197      0.012     9.9643     82.547     30.991  19.648022     2.1221      7.560   231.6691 3.1311e+02     7.6061     -0.192     -0.278     6.6974 0.0000e+00
     -0.192      0.006    10.0047     82.666     30.926  19.605579     2.1033      7.560   231.5857 3.2373e+02     7.5332     -0.185     -0.268     6.6973 0.0000e+00
     -0.193     -0.003    10.0405     82.766     30.916  19.598045     2.0418      7.562   231.4703 3.3985e+02     7.5552     -0.187     -0.271     6.6984 0.0000e+00
     -0.198     -0.013    10.0759     82.849     30.953  19.620330     1.9528      7.566   231.4781 3.3884e+02     7.5649     -0.194     -0.282     6.6990 0.0000e+00
     -0.204     -0.021    10.0993     82.891     30.957  19.621410     1.8933      7.569   231.3350 3.3127e+02     7.5141     -0.200     -0.291     6.6975 0.0000e+00
     -0.211     -0.024    10.1098     82.888     30.942  19.611115     1.8718      7.571   230.9448 3.4609e+02     7.5218     -0.206     -0.298     6.6951 0.0000e+00
     -0.219     -0.022    10.1242     82.853     30.962  19.622651     1.8592      7.571   230.6328 3.9663e+02     7.5558     -0.214     -0.311     6.6937 0.0000e+00
     -0.228     -0.015    10.1352     82.770     30.981  19.634095     1.8489      7.572   230.5740 4.6721e+02     7.5143     -0.224     -0.326     6.6922 0.0000e+00
     -0.235     -0.005    10.1420     82.643     30.961  19.622673     1.8394      7.573   230.7496 5.2306e+02     7.4307     -0.232     -0.337     6.6896 0.0000e+00
     -0.235      0.003    10.1403     82.500     30.940  19.611352     1.8265      7.575   230.8627 5.2994e+02     7.3294     -0.234     -0.339     6.6873 0.0000e+00
     -0.229      0.008    10.1377     82.339     30.957  19.624022     1.8347      7.578   230.9100 5.0906e+02     7.3484     -0.226     -0.328     6.6861 0.0000e+00
     -0.219      0.010    10.1290     82.183     30.994  19.649060     1.8640      7.579   231.1492 5.2263e+02     7.5253     -0.212     -0.309     6.6859 0.0000e+00
     -0.212      0.010    10.1081     82.029     31.010  19.660473     1.8725      7.579   231.3454 5.4203e+02     7.5897     -0.204     -0.296     6.6871 0.0000e+00
     -0.212      0.008    10.0945     81.900     30.969  19.635216     1.8628      7.578   231.3039 5.2889e+02     7.5109     -0.207     -0.301     6.6904 0.0000e+00
     -0.217      0.004    10.0690     81.863     30.907  19.597290     1.8545      7.577   231.2496 5.3423e+02     7.4952     -0.213     -0.310     6.6945 0.0000e+00
     -0.219      0.001    10.0510     81.837     30.882  19.582325     1.8478      7.577   231.4626 5.6823e+02     7.5360     -0.215     -0.312     6.6969 0.0000e+00
     -0.217      0.001    10.0333     81.710     30.879  19.581078     1.8395      7.578   231.8154 5.5661e+02     7.5600     -0.213     -0.308     6.6979 0.0000e+00
     -0.214      0.002    10.0081     81.517     30.880  19.582213     1.8293      7.579   231.9879 5.0011e+02     7.5469     -0.210     -0.304     6.6996 0.0000e+00
     -0.212      0.003    10.0097     81.297     30.900  19.596043     1.8163      7.580   232.0844 4.8403e+02     7.5479     -0.208     -0.302     6.7022 0.0000e+00
     -0.212      0.002    10.0141     81.020     30.938  19.621507     1.8395      7.580   232.2081 4.9909e+02     7.5720     -0.208     -0.301     6.7042 0.0000e+00
     -0.212      0.001     9.9936     80.689     30.959  19.636488     1.8937      7.583   232.0213 4.9815e+02     7.4977     -0.208     -0.302     6.7052 0.0000e+00
     -0.212      0.001     9.9667     80.311     30.979  19.650376     1.9141      7.587   231.5465 4.9800e+02     7.3674     -0.208     -0.301     6.7063 0.0000e+00
     -0.213      0.001     9.9439     79.876     30.996  19.662623     1.9191      7.590   231.1993 5.0515e+02     7.3287     -0.209     -0.302     6.7074 0.0000e+00
     -0.213      0.003     9.9078     79.426     30.987  19.657764     1.9457      7.594   231.0921 5.0064e+02     7.4389     -0.209     -0.303     6.7088 0.0000e+00
     -0.212      0.008     9.8663     79.037     30.982  19.655033     1.9778      7.598   231.1972 4.8777e+02     7.5734     -0.208     -0.302     6.7111 0.0000e+00
     -0.212      0.016     9.8206     78.686     31.042  19.692999     1.9834      7.599   231.1800 4.8740e+02     7.5876     -0.208     -0.302     6.7147 0.0000e+00
     -0.209      0.025     9.7658     78.327     31.209  19.799799     1.9723      7.600   230.9703 4.8595e+02     7.5427     -0.207     -0.300     6.7175 0.0000e+00
     -0.202      0.032     9.7036     78.007     31.414  19.931903     2.0102      7.600   230.9844 4.6377e+02     7.5425     -0.201     -0.291     6.7182 0.0000e+00
     -0.190      0.034     9.6592     77.747     31.549  20.022205     2.0829      7.600   231.0068 4.5764e+02     7.5511     -0.188     -0.273     6.7179 0.0000e+00
     -0.174      0.031     9.6207     77.503     31.614  20.067405     2.1029      7.599   230.8108 4.5589e+02     7.5109     -0.171     -0.247     6.7186 0.0000e+00
     -0.160      0.024     9.5713     77.259     31.658  20.097996     2.0853      7.596   230.4215 4.3383e+02     7.5003     -0.153     -0.221     6.7195 0.0000e+00
     -0.154      0.017     9.5303     77.003     31.719  20.138467     2.0525      7.591   230.0854 4.3475e+02     7.5593     -0.147     -0.214     6.7215 0.0000e+00
     -0.158      0.012     9.5013     76.727     31.776  20.176318     1.9898      7.584   230.2745 4.3867e+02     7.6094     -0.156     -0.227     6.7300 0.0000e+00
     -0.163      0.010     9.4685     76.432     31.771  20.175232     1.9432      7.574   230.5574 4.2238e+02     7.5934     -0.162     -0.234     6.7374 0.0000e+00
     -0.165      0.015     9.4386     76.101     31.688  20.125333     1.9299      7.565   230.8381 4.1139e+02     7.5364     -0.164     -0.237     6.7411 0.0000e+00
     -0.161      0.026     9.4086     75.745     31.612  20.080228     1.9284      7.557   231.2600 3.9807e+02     7.5011     -0.162     -0.235     6.7436 0.0000e+00
     -0.150      0.042     9.3713     75.340     31.692  20.137096     1.9588      7.547   231.4417 3.9440e+02     7.5085     -0.147     -0.213     6.7449 0.0000e+00
     -0.136      0.057     9.3395     74.910     31.948  20.305698     2.0145      7.540   231.5725 3.9991e+02     7.5234     -0.133     -0.194     6.7485 0.0000e+00
     -0.121      0.070     9.2927     74.528     32.303  20.533696     2.0355      7.538   231.7234 3.6235e+02     7.5105     -0.122     -0.178     6.7541 0.0000e+00
     -0.100      0.079     9.2529     74.180     32.629  20.738057     2.0302      7.537   231.8036 2.9562e+02     7.4885     -0.098     -0.143     6.7581 0.0000e+00
     -0.077      0.085     9.2006     73.855     32.746  20.811055     2.0581      7.537   232.0262 2.4975e+02     7.5309     -0.074     -0.108     6.7670 0.0000e+00
     -0.052      0.089     9.1369     73.540     32.686  20.782258     2.1065      7.537   232.3496 2.2479e+02     7.5792     -0.054     -0.077     6.7817 0.0000e+00
     -0.027      0.090     9.0951     73.236     32.631  20.770316     2.1160      7.541   232.6161 2.0914e+02     7.5258     -0.023     -0.035     6.7845 0.0000e+00
     -0.004      0.091     9.0519     72.979     32.631  20.793503     2.1066      7.546   232.9253 1.9682e+02     7.5344     -0.003     -0.005     6.7770 0.0000e+00
      0.016      0.092     9.0163     72.741     32.632  20.809004     2.1428      7.554   233.3345 1.8430e+02     7.7169      0.014      0.021     6.7677 0.0000e+00
