Data/DataNotYetUploadedToEDI/Raw_CTD/RawDownloads/031025_fcr20_S7809003.cnv
* Sea-Bird SBE19plus  Data File:
* FileName = C:\R\Reservoirs\Data\DataNotYetUploadedToEDI\Raw_CTD\RawDownloads\031025_fcr50_S7809_0003.hex
* Software version 2.8.0.119
* Temperature SN = 7809
* Conductivity SN = 7809
* System UpLoad Time = Mar 13 2025 14:42:17
* <ApplicationData>
* <Seaterm232>
# nquan = 15
# nvalues = 671                         
# units = specified
# name 0 = depFM: Depth [fresh water, m]
# name 1 = dz/dtM: Descent Rate [m/s]
# name 2 = sbeox0Mg/L: Oxygen, SBE 43 [mg/l]
# name 3 = sbeox0PS: Oxygen, SBE 43 [% saturation]
# name 4 = specc: Specific Conductance [uS/cm]
# name 5 = c0uS/cm: Conductivity [uS/cm]
# name 6 = flECO-AFL: Fluorescence, WET Labs ECO-AFL/FL [mg/m^3]
# name 7 = ph: pH
# name 8 = orp: Oxidation Reduction Potential [mV]
# name 9 = par/sat/log: PAR/Logarithmic, Satlantic
# name 10 = turbWETntu0: Turbidity, WET Labs ECO [NTU]
# name 11 = prdM: Pressure, Strain Gauge [db]
# name 12 = prdE: Pressure, Strain Gauge [psi]
# name 13 = tv290C: Temperature [ITS-90, deg C]
# name 14 = flag:  0.000e+00
# span 0 =     -0.689,      3.209       
# span 1 =     -0.333,      0.218       
# span 2 =     9.5576,    12.8170       
# span 3 =     78.803,    105.010       
# span 4 =      1.401,     31.051       
# span 5 =   0.914030,  19.773564       
# span 6 =    -0.1002,    46.7009       
# span 7 =      7.650,      8.068       
# span 8 =     5.5356,   254.3387       
# span 9 = 2.5431e+01, 1.5498e+03       
# span 10 =    -0.2671,   242.8137      
# span 11 =     -0.677,      3.147      
# span 12 =     -0.982,      4.565      
# span 13 =     6.3218,     7.6292      
# span 14 = 0.0000e+00, 0.0000e+00      
# interval = seconds: 0.25
# start_time = Mar 10 2025 13:21:09 [Instrument's time stamp, header]
# bad_flag = -9.990e-29
*END*
[from data line 193]
      0.361      0.040    12.7902    103.940     30.436  19.377233     1.7182      7.776   223.9607 5.6161e+02     6.0681      0.355      0.515     6.8479 0.0000e+00
      0.362      0.037    12.8170    103.410     30.450  19.382987     1.7446      7.777   224.2381 5.2854e+02     6.1295      0.353      0.512     6.8379 0.0000e+00
      0.367      0.040    12.7888    102.910     30.426  19.365592     1.7719      7.779   224.4533 5.0618e+02     6.1636      0.357      0.519     6.8346 0.0000e+00
      0.379      0.045    12.7386    102.483     30.414  19.357103     1.7989      7.780   224.5832 4.7730e+02     6.1049      0.371      0.538     6.8350 0.0000e+00
      0.394      0.052    12.6662    102.144     30.394  19.343757     1.8199      7.781   224.6901 5.0224e+02     5.9664      0.386      0.561     6.8317 0.0000e+00
      0.411      0.057    12.6071    101.888     30.374  19.331032     1.8271      7.782   224.8854 5.4703e+02     5.9579      0.404      0.585     6.8259 0.0000e+00
      0.430      0.059    12.5422    101.689     30.373  19.330040     1.8278      7.783   225.1379 5.2445e+02     5.9686      0.423      0.613     6.8220 0.0000e+00
      0.446      0.057    12.4914    101.496     30.376  19.331765     1.8281      7.785   225.4203 4.9223e+02     5.8570      0.439      0.636     6.8205 0.0000e+00
      0.458      0.054    12.4506    101.314     30.407  19.351890     1.8387      7.786   225.6329 4.8423e+02     5.7696      0.450      0.652     6.8202 0.0000e+00
      0.469      0.050    12.4190    101.174     30.454  19.383169     1.8650      7.787   225.8162 4.6558e+02     5.8000      0.459      0.666     6.8196 0.0000e+00
      0.483      0.048    12.4000    101.064     30.468  19.392953     1.8885      7.788   226.1737 4.5819e+02     5.8822      0.474      0.687     6.8191 0.0000e+00
      0.495      0.049    12.3746    100.961     30.489  19.406786     1.8979      7.789   226.5132 4.4832e+02     5.9100      0.488      0.709     6.8195 0.0000e+00
      0.505      0.052    12.3501    100.864     30.515  19.423621     1.9110      7.790   226.6522 4.3366e+02     5.8966      0.494      0.717     6.8202 0.0000e+00
      0.515      0.056    12.3333    100.769     30.489  19.406293     1.9557      7.792   226.7353 4.4488e+02     5.9256      0.501      0.727     6.8219 0.0000e+00
      0.531      0.061    12.3215    100.663     30.459  19.387478     1.9974      7.795   226.9154 4.5474e+02     5.9529      0.519      0.753     6.8244 0.0000e+00
      0.550      0.066    12.3072    100.553     30.456  19.386334     1.9990      7.797   227.1089 4.4223e+02     5.9189      0.541      0.785     6.8253 0.0000e+00
      0.568      0.071    12.2965    100.481     30.464  19.392465     2.0086      7.798   227.1832 4.2775e+02     5.8909      0.557      0.808     6.8243 0.0000e+00
      0.586      0.071    12.2858    100.467     30.471  19.398205     2.0561      7.799   227.2976 4.0779e+02     5.9901      0.574      0.832     6.8239 0.0000e+00
      0.608      0.066    12.2722    100.468     30.460  19.392335     2.0986      7.800   227.5446 3.8689e+02     6.1612      0.596      0.864     6.8244 0.0000e+00
      0.629      0.057    12.2575    100.483     30.447  19.384894     2.1222      7.801   227.8472 3.8521e+02     6.2173      0.619      0.898     6.8247 0.0000e+00
      0.644      0.047    12.2439    100.497     30.426  19.371642     2.1507      7.802   228.1164 3.8844e+02     6.0878      0.635      0.921     6.8265 0.0000e+00
      0.653      0.037    12.2480    100.466     30.408  19.358916     2.1936      7.804   228.3039 3.8187e+02     5.9626      0.642      0.931     6.8293 0.0000e+00
      0.657      0.030    12.2449    100.401     30.410  19.357811     2.2325      7.805   228.4796 3.7619e+02     5.9673      0.645      0.935     6.8312 0.0000e+00
      0.659      0.029    12.2463    100.303     30.416  19.358277     2.2375      7.805   228.6923 3.7212e+02     5.9393      0.647      0.937     6.8322 0.0000e+00
      0.662      0.033    12.2534    100.184     30.431  19.364556     2.2291      7.805   228.8106 3.7103e+02     5.8628      0.648      0.940     6.8324 0.0000e+00
      0.669      0.042    12.2458    100.077     30.444  19.370328     2.2476      7.805   228.8772 3.7049e+02     5.8281      0.654      0.947     6.8311 0.0000e+00
      0.682      0.050    12.2413     99.993     30.437  19.364659     2.2863      7.804   229.0678 3.6215e+02     5.8614      0.666      0.966     6.8268 0.0000e+00
      0.701      0.056    12.2302     99.935     30.431  19.359410     2.3139      7.804   229.2230 3.5936e+02     5.9240      0.687      0.997     6.8205 0.0000e+00
      0.721      0.058    12.2156     99.911     30.449  19.370261     2.3157      7.804   229.3768 3.5828e+02     5.9016      0.708      1.026     6.8149 0.0000e+00
      0.738      0.057    12.2032     99.913     30.447  19.369061     2.3495      7.805   229.6362 3.4606e+02     5.8648      0.725      1.052     6.8114 0.0000e+00
      0.751      0.053    12.1942     99.939     30.410  19.344902     2.4397      7.808   229.8643 3.3567e+02     5.9230      0.739      1.072     6.8092 0.0000e+00
      0.761      0.048    12.1862     99.989     30.390  19.331756     2.4819      7.810   229.9844 3.3338e+02     5.9555      0.746      1.082     6.8072 0.0000e+00
      0.770      0.044    12.1848    100.051     30.400  19.336909     2.4684      7.810   230.0549 3.2697e+02     5.8824      0.754      1.093     6.8063 0.0000e+00
      0.782      0.041    12.1850    100.112     30.411  19.343807     2.5103      7.811   230.2012 3.1912e+02     5.8245      0.768      1.113     6.8067 0.0000e+00
      0.793      0.039    12.1875    100.164     30.424  19.351762     2.5971      7.813   230.3767 3.1772e+02     5.8710      0.779      1.129     6.8061 0.0000e+00
      0.804      0.037    12.1961    100.208     30.453  19.369690     2.6436      7.815   230.4566 3.1334e+02     5.9655      0.789      1.143     6.8041 0.0000e+00
      0.814      0.035    12.2032    100.229     30.454  19.370367     2.6479      7.817   230.4779 3.0504e+02     5.9768      0.799      1.158     6.8027 0.0000e+00
      0.822      0.035    12.2127    100.234     30.438  19.359946     2.6668      7.819   230.5482 3.0527e+02     5.9389      0.806      1.169     6.8020 0.0000e+00
      0.827      0.036    12.2175    100.234     30.456  19.370491     2.7222      7.821   230.6184 3.1185e+02     5.9523      0.812      1.178     6.8011 0.0000e+00
      0.833      0.039    12.2254    100.218     30.458  19.371063     2.7676      7.821   230.7248 3.1327e+02     5.9331      0.815      1.182     6.8008 0.0000e+00
      0.843      0.043    12.2269    100.203     30.453  19.366863     2.7827      7.823   230.9746 3.0997e+02     5.9123      0.824      1.196     6.8007 0.0000e+00
      0.858      0.048    12.2262    100.216     30.480  19.383104     2.8385      7.826   231.2295 3.0322e+02     5.9738      0.843      1.223     6.8005 0.0000e+00
      0.873      0.052    12.2286    100.247     30.472  19.377236     2.9350      7.829   231.3114 2.9445e+02     6.0623      0.857      1.244     6.7994 0.0000e+00
      0.887      0.053    12.2260    100.273     30.444  19.359308     2.9920      7.831   231.2769 2.9243e+02     6.1618      0.868      1.260     6.7976 0.0000e+00
      0.901      0.052    12.2225    100.312     30.440  19.356545     3.0120      7.831   231.4147 2.9149e+02     6.1866      0.884      1.282     6.7962 0.0000e+00
      0.915      0.048    12.2253    100.359     30.420  19.343827     3.0351      7.832   231.6861 2.8210e+02     6.1227      0.898      1.303     6.7947 0.0000e+00
      0.928      0.044    12.2320    100.374     30.402  19.332340     3.0799      7.833   231.8907 2.7306e+02     6.1410      0.910      1.319     6.7933 0.0000e+00
      0.939      0.040    12.2330    100.372     30.421  19.344447     3.1199      7.834   231.9964 2.6999e+02     6.2031      0.922      1.337     6.7927 0.0000e+00
      0.947      0.038    12.2376    100.386     30.451  19.363413     3.1362      7.835   232.0172 2.7156e+02     6.1904      0.931      1.350     6.7924 0.0000e+00
      0.954      0.038    12.2470    100.391     30.464  19.371462     3.1361      7.837   232.0567 2.7294e+02     6.1576      0.936      1.357     6.7922 0.0000e+00
      0.962      0.039    12.2477    100.386     30.476  19.378369     3.1445      7.838   232.1301 2.6769e+02     6.0800      0.942      1.367     6.7923 0.0000e+00
      0.972      0.039    12.2437    100.386     30.484  19.383515     3.1960      7.839   232.2157 2.6318e+02     5.9693      0.951      1.381     6.7931 0.0000e+00
      0.985      0.038    12.2489    100.391     30.463  19.370275     3.2422      7.841   232.3167 2.6446e+02     5.9470      0.965      1.400     6.7937 0.0000e+00
      0.998      0.036    12.2492    100.416     30.422  19.345086     3.2447      7.842   232.4914 2.6327e+02     5.9472      0.980      1.422     6.7923 0.0000e+00
      1.008      0.033    12.2473    100.432     30.402  19.332566     3.2847      7.844   232.6078 2.5816e+02     5.9722      0.991      1.437     6.7905 0.0000e+00
      1.013      0.029    12.2493    100.411     30.422  19.345704     3.3927      7.846   232.6060 2.5466e+02     6.1114      0.995      1.442     6.7906 0.0000e+00
      1.017      0.026    12.2469    100.369     30.472  19.377134     3.4692      7.848   232.6415 2.5134e+02     6.2302      0.997      1.447     6.7914 0.0000e+00
      1.022      0.026    12.2521    100.326     30.502  19.395576     3.4849      7.849   232.6928 2.4843e+02     6.2467      1.002      1.453     6.7923 0.0000e+00
      1.028      0.029    12.2558    100.292     30.477  19.378484     3.4998      7.850   232.7953 2.4738e+02     6.2090      1.008      1.462     6.7934 0.0000e+00
      1.035      0.034    12.2510    100.269     30.452  19.360679     3.5330      7.852   232.9349 2.4647e+02     6.1847      1.015      1.472     6.7941 0.0000e+00
      1.044      0.039    12.2455    100.253     30.471  19.370503     3.5619      7.854   233.0907 2.4652e+02     6.2258      1.022      1.483     6.7939 0.0000e+00
      1.057      0.043    12.2400    100.233     30.475  19.370457     3.5909      7.855   233.2161 2.4477e+02     6.2272      1.034      1.501     6.7927 0.0000e+00
      1.072      0.044    12.2366    100.206     30.461  19.360120     3.6756      7.857   233.2459 2.4044e+02     6.1335      1.052      1.525     6.7908 0.0000e+00
      1.085      0.044    12.2345    100.185     30.481  19.372323     3.8034      7.858   233.3655 2.3751e+02     6.0839      1.066      1.546     6.7876 0.0000e+00
      1.095      0.043    12.2351    100.174     30.512  19.391196     3.8793      7.859   233.5437 2.3483e+02     6.1743      1.074      1.557     6.7832 0.0000e+00
      1.103      0.041    12.2336    100.144     30.524  19.398103     3.8942      7.860   233.5934 2.3339e+02     6.2692      1.082      1.569     6.7791 0.0000e+00
      1.113      0.041    12.2306    100.104     30.517  19.392433     3.9251      7.861   233.5358 2.3439e+02     6.2064      1.092      1.584     6.7768 0.0000e+00
      1.123      0.041    12.2271    100.088     30.509  19.386041     3.9870      7.863   233.5360 2.3253e+02     6.0986      1.100      1.596     6.7755 0.0000e+00
      1.133      0.042    12.2289    100.080     30.507  19.384223     4.0274      7.865   233.6817 2.2670e+02     6.1276      1.110      1.610     6.7745 0.0000e+00
      1.146      0.042    12.2258    100.089     30.486  19.370458     4.0388      7.866   233.8345 2.2225e+02     6.2151      1.124      1.631     6.7734 0.0000e+00
      1.158      0.042    12.2169    100.094     30.449  19.346403     4.0492      7.866   233.9209 2.2172e+02     6.2001      1.137      1.650     6.7711 0.0000e+00
      1.168      0.042    12.2201    100.059     30.452  19.346975     4.1368      7.866   234.0376 2.2051e+02     6.1509      1.146      1.662     6.7691 0.0000e+00
      1.177      0.041    12.2163    100.015     30.502  19.377365     4.2983      7.867   234.2132 2.1641e+02     6.1666      1.153      1.672     6.7683 0.0000e+00
      1.187      0.038    12.2187     99.985     30.533  19.396847     4.3882      7.869   234.3239 2.1285e+02     6.1845      1.164      1.687     6.7675 0.0000e+00
      1.199      0.036    12.2242     99.977     30.527  19.392331     4.4080      7.870   234.3431 2.1042e+02     6.1974      1.178      1.708     6.7664 0.0000e+00
      1.209      0.035    12.2156     99.973     30.521  19.386158     4.4379      7.871   234.3602 2.0837e+02     6.1863      1.188      1.722     6.7645 0.0000e+00
      1.216      0.034    12.2120     99.941     30.526  19.385612     4.4659      7.872   234.3591 2.0663e+02     6.1531      1.191      1.729     6.7622 0.0000e+00
      1.223      0.032    12.2072     99.915     30.531  19.385732     4.4809      7.874   234.4159 2.0515e+02     6.1716      1.198      1.739     6.7616 0.0000e+00
      1.231      0.032    12.2062     99.900     30.539  19.387600     4.4947      7.877   234.5300 2.0600e+02     6.1705      1.208      1.753     6.7617 0.0000e+00
      1.240      0.032    12.2111     99.852     30.579  19.408193     4.5237      7.878   234.5339 2.0701e+02     6.1055      1.216      1.764     6.7578 0.0000e+00
      1.247      0.033    12.2056     99.786     30.648  19.444505     4.5744      7.879   234.5487 2.0427e+02     6.0686      1.223      1.774     6.7508 0.0000e+00
      1.255      0.034    12.2024     99.713     30.663  19.446235     4.6159      7.880   234.7095 2.0075e+02     6.1009      1.230      1.785     6.7457 0.0000e+00
      1.265      0.034    12.2080     99.630     30.648  19.429100     4.6261      7.881   234.8431 1.9807e+02     6.1537      1.242      1.800     6.7414 0.0000e+00
      1.274      0.034    12.2005     99.563     30.654  19.427530     4.5980      7.881   234.8739 1.9574e+02     6.1612      1.250      1.813     6.7343 0.0000e+00
      1.283      0.033    12.1956     99.467     30.660  19.427248     4.5506      7.882   234.9089 1.9471e+02     6.1222      1.257      1.824     6.7220 0.0000e+00
      1.292      0.031    12.1942     99.336     30.662  19.425678     4.5359      7.883   235.0081 1.9373e+02     6.1270      1.267      1.838     6.7074 0.0000e+00
      1.301      0.028    12.1820     99.222     30.642  19.408553     4.5539      7.884   235.1266 1.9224e+02     6.1850      1.277      1.852     6.6952 0.0000e+00
      1.309      0.025    12.1823     99.093     30.653  19.410386     4.5598      7.885   235.2240 1.9131e+02     6.1740      1.285      1.863     6.6856 0.0000e+00
      1.314      0.024    12.1733     98.908     30.723  19.447841     4.5661      7.886   235.3264 1.8988e+02     6.0970      1.289      1.870     6.6799 0.0000e+00
      1.318      0.025    12.1520     98.708     30.784  19.481010     4.6045      7.888   235.3322 1.8788e+02     6.0727      1.292      1.874     6.6763 0.0000e+00
      1.321      0.027    12.1439     98.541     30.813  19.494410     4.6502      7.889   235.2934 1.8654e+02     6.1198      1.294      1.877     6.6701 0.0000e+00
      1.327      0.031    12.1338     98.382     30.803  19.483053     4.6769      7.889   235.3733 1.8511e+02     6.1539      1.298      1.883     6.6601 0.0000e+00
      1.337      0.036    12.1123     98.218     30.790  19.470493     4.7106      7.888   235.4379 1.8314e+02     6.1096      1.309      1.899     6.6490 0.0000e+00
      1.350      0.040    12.0860     98.067     30.793  19.469351     4.7750      7.888   235.4723 1.8116e+02     6.0968      1.324      1.921     6.6399 0.0000e+00
      1.362      0.042    12.0713     97.912     30.797  19.469233     4.8231      7.890   235.6176 1.7902e+02     6.1696      1.337      1.938     6.6319 0.0000e+00
      1.372      0.041    12.0558     97.757     30.799  19.469068     4.8344      7.892   235.7311 1.7645e+02     6.1701      1.344      1.950     6.6232 0.0000e+00
