Data/DataNotYetUploadedToEDI/Raw_CTD/RawDownloads/031025_fcr10_S7809002.cnv
* Sea-Bird SBE19plus  Data File:
* FileName = C:\R\Reservoirs\Data\DataNotYetUploadedToEDI\Raw_CTD\RawDownloads\031025_fcr50_S7809_0002.hex
* Software version 2.8.0.119
* Temperature SN = 7809
* Conductivity SN = 7809
* System UpLoad Time = Mar 13 2025 14:41:57
* <ApplicationData>
* <Seaterm232>
# nquan = 15
# nvalues = 659                         
# units = specified
# name 0 = depFM: Depth [fresh water, m]
# name 1 = dz/dtM: Descent Rate [m/s]
# name 2 = sbeox0Mg/L: Oxygen, SBE 43 [mg/l]
# name 3 = sbeox0PS: Oxygen, SBE 43 [% saturation]
# name 4 = specc: Specific Conductance [uS/cm]
# name 5 = c0uS/cm: Conductivity [uS/cm]
# name 6 = flECO-AFL: Fluorescence, WET Labs ECO-AFL/FL [mg/m^3]
# name 7 = ph: pH
# name 8 = orp: Oxidation Reduction Potential [mV]
# name 9 = par/sat/log: PAR/Logarithmic, Satlantic
# name 10 = turbWETntu0: Turbidity, WET Labs ECO [NTU]
# name 11 = prdM: Pressure, Strain Gauge [db]
# name 12 = prdE: Pressure, Strain Gauge [psi]
# name 13 = tv290C: Temperature [ITS-90, deg C]
# name 14 = flag:  0.000e+00
# span 0 =     -0.706,      2.329       
# span 1 =     -0.356,      0.314       
# span 2 =     8.2099,    13.1432       
# span 3 =     70.106,    107.746       
# span 4 =      3.958,     33.864       
# span 5 =   2.759477,  21.277120       
# span 6 =    -0.5295,    37.2478       
# span 7 =     -2.603,      7.261       
# span 8 = -1240.7455,   242.4140       
# span 9 = 5.2577e+01, 1.1652e+03       
# span 10 =     0.3534,   212.9001      
# span 11 =     -0.694,      2.284      
# span 12 =     -1.007,      3.313      
# span 13 =     6.0588,    13.6629      
# span 14 = 0.0000e+00, 0.0000e+00      
# interval = seconds: 0.25
# start_time = Mar 10 2025 13:14:56 [Instrument's time stamp, header]
# bad_flag = -9.990e-29
*END*
     -0.704     -0.001     9.4730     91.808      3.958   2.759477     1.1893     -2.566 -1240.7455 5.2647e+02     7.2011     -0.690     -1.001    13.6629 0.0000e+00
     -0.704     -0.001     9.5791     91.883      4.623   3.159177     1.2263     -2.583 -1240.7453 5.3759e+02     7.3089     -0.691     -1.002    13.2051 0.0000e+00
     -0.705      0.000     9.9240     91.919      6.312   4.280977     1.2382     -2.593 -1240.7428 5.4069e+02     7.2828     -0.690     -1.001    11.7259 0.0000e+00
     -0.706      0.001    10.2651     91.961      8.420   5.680096     1.2665     -2.599 -1240.7159 5.2336e+02     7.0563     -0.693     -1.006    10.3510 0.0000e+00
     -0.706      0.005    10.4504     92.022     12.619   8.480930     1.3352     -2.603 -1240.4197 5.0589e+02     6.7915     -0.694     -1.007     9.6542 0.0000e+00
     -0.704      0.011    10.5734     92.087     16.633  11.152895     1.3782     -2.601 -1237.1614 4.9971e+02     6.7452     -0.691     -1.001     9.1977 0.0000e+00
     -0.701      0.020    10.6458     92.183     21.468  14.351264     1.3622     -2.544 -1201.3201 5.0021e+02     6.7351     -0.688     -0.997     8.9154 0.0000e+00
     -0.698      0.037    10.6952     92.505     28.143  18.754267     1.3331     -1.887  -807.0658 5.1361e+02     6.7383     -0.687     -0.997     8.7426 0.0000e+00
     -0.690      0.067    10.7343     93.167     31.283  20.775784     1.3254     -0.064  -119.4496 5.3641e+02     6.8858     -0.678     -0.984     8.6220 0.0000e+00
     -0.677      0.113    10.7650     93.738     31.054  20.536954     1.3449      2.169   201.8292 5.6319e+02     6.9819     -0.665     -0.965     8.5343 0.0000e+00
     -0.658      0.173    10.7902     93.875     30.762  20.241478     1.3687      3.739   193.1945 5.9310e+02     7.0118     -0.651     -0.943     8.4566 0.0000e+00
     -0.618      0.233    10.8372     93.850     30.730  20.119697     1.3886      4.612   188.1049 6.4933e+02     7.0425     -0.620     -0.900     8.3439 0.0000e+00
     -0.543      0.283    10.9836     93.899     30.975  20.205671     1.4110      5.108   185.2900 7.2478e+02     7.0795     -0.547     -0.794     8.2036 0.0000e+00
     -0.437      0.312    11.1091     94.001     31.449  20.456668     1.4310      5.382   179.2067 7.7425e+02     7.1521     -0.428     -0.621     8.0785 0.0000e+00
     -0.326      0.314    11.1465     94.190     31.964  20.745065     1.4385      5.526   173.4036 7.3557e+02     7.1688     -0.313     -0.455     7.8995 0.0000e+00
     -0.230      0.286    11.1857     94.524     32.233  20.902805     1.4350      5.601   172.2546 6.2516e+02     7.1108     -0.219     -0.317     7.7097 0.0000e+00
     -0.156      0.239    11.2275     95.029     32.098  20.842152     1.4392      5.642   172.1118 6.1440e+02     7.0655     -0.142     -0.204     7.6092 0.0000e+00
     -0.110      0.191    11.2594     95.719     31.928  20.772601     1.4637      5.671   171.2478 7.0822e+02     7.0991     -0.101     -0.145     7.5212 0.0000e+00
     -0.087      0.155    11.3036     96.469     32.094  20.886184     1.4908      5.692   170.4117 7.3300e+02     7.1760     -0.081     -0.117     7.4321 0.0000e+00
     -0.075      0.133    11.3563     97.104     32.335  21.010780     1.5008      5.707   170.1755 6.4268e+02     7.1071     -0.076     -0.111     7.3935 0.0000e+00
     -0.052      0.120    11.3957     97.583     32.288  20.947521     1.5091      5.722   169.3380 5.4533e+02     6.9489     -0.063     -0.092     7.4502 0.0000e+00
     -0.008      0.111    11.4544     97.937     31.925  20.691947     1.5255      5.739   168.2878 5.0825e+02     6.9029     -0.008     -0.011     7.5596 0.0000e+00
      0.040      0.100    11.5543     98.173     31.492  20.393443     1.5396      5.753   168.1466 5.1074e+02     6.8920      0.046      0.067     7.5666 0.0000e+00
      0.073      0.082    11.6529     98.258     31.211  20.191522     1.5466      5.763   168.6637 5.3714e+02     6.8524      0.078      0.113     7.4799 0.0000e+00
      0.088      0.057    11.7256     98.113     31.089  20.089232     1.5431      5.772   169.6353 5.7801e+02     6.8344      0.092      0.134     7.4275 0.0000e+00
      0.088      0.030    11.7707     97.118     31.057  20.044295     1.5307      5.780   170.7740 6.2748e+02     6.8793      0.088      0.128     7.4062 0.0000e+00
      0.083      0.010    11.8139     94.626     31.064  20.028590     1.5301      5.788   171.2465 6.3098e+02     6.9500      0.081      0.118     7.3775 0.0000e+00
      0.078      0.000    11.8276     91.534     31.085  20.026124     1.5438      5.796   171.4765 5.6453e+02     6.9030      0.075      0.109     7.3474 0.0000e+00
      0.076     -0.001    11.8415     89.215     31.085  20.014459     1.5471      5.803   171.2320 5.1752e+02     6.8587      0.073      0.106     7.3086 0.0000e+00
      0.078      0.002    11.8039     87.844     31.098  20.014354     1.5455      5.808   169.4082 5.2709e+02     6.9956      0.076      0.111     7.2655 0.0000e+00
      0.082      0.008    11.4507     87.197     31.126  20.024842     1.5491      5.810   167.5798 5.3029e+02     7.1235      0.081      0.117     7.2329 0.0000e+00
      0.084      0.014    10.9950     87.267     31.125  20.014459     1.5399      5.809   168.3973 5.0597e+02     7.1060      0.084      0.122     7.2089 0.0000e+00
      0.084      0.019    10.7386     87.747     31.146  20.015604     1.5340      5.804   170.8614 4.8934e+02     7.0574      0.083      0.120     7.1890 0.0000e+00
      0.087      0.022    10.5937     88.366     31.201  20.038681     1.5534      5.794   171.7335 4.8318e+02     7.0482      0.084      0.121     7.1769 0.0000e+00
      0.096      0.021    10.4999     88.970     31.221  20.039848     1.5831      5.783   171.1117 4.7460e+02     7.0629      0.093      0.135     7.1676 0.0000e+00
      0.109      0.016    10.5366     89.034     31.220  20.029704     1.6100      5.776   170.2262 4.8080e+02     7.0982      0.108      0.156     7.1513 0.0000e+00
      0.119      0.009    10.6188     88.470     31.252  20.042831     1.6121      5.777   169.5445 4.8310e+02     7.0652      0.121      0.175     7.1304 0.0000e+00
      0.120      0.003    10.6813     87.780     31.304  20.071755     1.6006      5.783   170.1832 4.6994e+02     6.9722      0.121      0.176     7.1102 0.0000e+00
      0.113     -0.002    10.8085     87.259     31.386  20.125800     1.6046      5.793   171.7541 4.6440e+02     6.9637      0.112      0.162     7.0904 0.0000e+00
      0.103     -0.004    10.8222     86.990     31.460  20.189067     1.6098      5.804   172.9641 4.5468e+02     6.9968      0.099      0.144     7.0751 0.0000e+00
      0.098     -0.001    10.7188     87.011     31.441  20.202689     1.6143      5.816   173.0266 4.4641e+02     6.9628      0.092      0.134     7.0646 0.0000e+00
      0.100      0.005    10.6319     87.246     31.353  20.163721     1.6254      5.824   172.0800 4.4435e+02     6.8946      0.096      0.140     7.0560 0.0000e+00
      0.108      0.011    10.5676     87.556     31.251  20.098346     1.6439      5.828   171.4127 4.4113e+02     6.8891      0.106      0.155     7.0506 0.0000e+00
      0.116      0.016    10.5251     87.870     31.183  20.046276     1.6626      5.832   171.6695 4.4772e+02     6.9306      0.115      0.167     7.0757 0.0000e+00
      0.121      0.018    10.5155     88.151     31.188  20.041365     1.6609      5.835   172.4315 4.6623e+02     6.9517      0.119      0.174     7.1337 0.0000e+00
      0.124      0.017    10.5451     88.377     31.191  20.038952     1.6484      5.839   173.3123 4.7298e+02     7.0083      0.121      0.176     7.1671 0.0000e+00
      0.125      0.017    10.5841     88.477     31.160  20.017103     1.6527      5.843   174.2318 4.5426e+02     7.1360      0.122      0.176     7.1601 0.0000e+00
      0.129      0.017    10.6314     88.412     31.180  20.030799     1.6712      5.846   174.8588 4.3704e+02     7.2326      0.127      0.183     7.1404 0.0000e+00
      0.134      0.017    10.6661     88.179     31.248  20.077747     1.6807      5.850   174.8714 4.2957e+02     7.2538      0.130      0.188     7.1260 0.0000e+00
      0.139      0.016    10.7014     87.779     31.246  20.077530     1.6682      5.854   174.7278 4.2397e+02     7.2215      0.134      0.195     7.1205 0.0000e+00
      0.146      0.013    10.7158     87.304     31.176  20.028171     1.6529      5.860   175.1017 4.2142e+02     7.1835      0.144      0.209     7.1169 0.0000e+00
      0.152      0.010    10.7059     86.906     31.127  19.988167     1.6619      5.869   176.0367 4.2181e+02     7.2045      0.151      0.218     7.1166 0.0000e+00
      0.152      0.007    10.6793     86.718     31.118  19.974259     1.6773      5.877   177.0838 4.2600e+02     7.1678      0.149      0.216     7.1252 0.0000e+00
      0.150      0.004    10.6225     86.772     31.148  19.986809     1.6893      5.883   177.7818 4.3388e+02     7.0130      0.146      0.212     7.1311 0.0000e+00
      0.149      0.002    10.5623     87.006     31.198  20.013093     1.7069      5.888   178.0237 4.4215e+02     6.9043      0.146      0.211     7.1212 0.0000e+00
      0.150      0.001    10.5100     87.317     31.244  20.038442     1.7234      5.893   178.0296 4.4380e+02     6.9115      0.147      0.214     7.1053 0.0000e+00
      0.152      0.001    10.4912     87.650     31.252  20.039690     1.7311      5.897   178.0255 4.4487e+02     6.9637      0.149      0.217     7.0917 0.0000e+00
      0.152      0.002    10.5027     87.992     31.239  20.028171     1.7169      5.899   178.2327 4.4655e+02     6.9557      0.149      0.215     7.0807 0.0000e+00
      0.151      0.002    10.5386     88.302     31.239  20.025971     1.7011      5.901   178.7281 4.3860e+02     6.8830      0.148      0.214     7.0730 0.0000e+00
      0.151      0.001    10.5815     88.561     31.219  20.013093     1.7063      5.906   179.2824 4.2888e+02     6.8700      0.148      0.215     7.0664 0.0000e+00
      0.152      0.001    10.6208     88.767     31.199  19.999262     1.7140      5.914   179.6001 4.2498e+02     6.9352      0.148      0.215     7.0595 0.0000e+00
      0.153      0.002    10.6687     88.892     31.179  19.985542     1.7109      5.923   179.9022 4.2422e+02     6.9542      0.150      0.217     7.0532 0.0000e+00
      0.153      0.003    10.7068     88.942     31.161  19.974012     1.7105      5.932   180.4401 4.2367e+02     6.9627      0.150      0.218     7.0506 0.0000e+00
      0.153      0.005    10.7371     88.967     31.181  19.986664     1.7173      5.941   181.1138 4.2269e+02     7.0714      0.149      0.216     7.0507 0.0000e+00
      0.153      0.007    10.7651     88.956     31.219  20.011709     1.7258      5.949   181.9386 4.2405e+02     7.1754      0.149      0.216     7.0496 0.0000e+00
      0.155      0.007    10.7808     88.829     31.236  20.023228     1.7389      5.955   182.6698 4.2610e+02     7.1616      0.152      0.221     7.0479 0.0000e+00
      0.160      0.007    10.7832     88.604     31.199  19.999125     1.7341      5.959   183.0715 4.2849e+02     7.0765      0.157      0.227     7.0469 0.0000e+00
      0.164      0.006    10.7859     88.395     31.161  19.973898     1.7173      5.963   183.3541 4.3096e+02     7.0682      0.162      0.235     7.0464 0.0000e+00
      0.164      0.004    10.7910     88.290     31.160  19.971823     1.7192      5.968   183.7627 4.3086e+02     7.1295      0.161      0.235     7.0483 0.0000e+00
      0.163      0.002    10.7737     88.318     31.164  19.974024     1.7157      5.973   184.3988 4.3108e+02     7.1344      0.159      0.231     7.0515 0.0000e+00
      0.162      0.000    10.7394     88.433     31.204  20.000518     1.6993      5.979   185.0220 4.3205e+02     7.1272      0.159      0.230     7.0505 0.0000e+00
      0.162     -0.002    10.7122     88.583     31.261  20.038547     1.6966      5.985   185.1899 4.3489e+02     7.1453      0.159      0.231     7.0469 0.0000e+00
      0.163     -0.002    10.6977     88.728     31.282  20.053420     1.7073      5.990   184.9663 4.3794e+02     7.1478      0.160      0.232     7.0443 0.0000e+00
      0.163     -0.002    10.7050     88.795     31.282  20.053535     1.7204      5.996   184.8993 4.4467e+02     7.1581      0.161      0.233     7.0436 0.0000e+00
      0.162     -0.002    10.7206     88.764     31.260  20.039939     1.7064      6.002   185.1535 4.5692e+02     7.1329      0.159      0.231     7.0460 0.0000e+00
      0.161     -0.002    10.7374     88.671     31.221  20.015848     1.6701      6.008   185.4582 4.6550e+02     7.0823      0.158      0.229     7.0498 0.0000e+00
      0.160     -0.001    10.7606     88.553     31.218  20.015859     1.6563      6.013   185.7450 4.7519e+02     7.1268      0.157      0.228     7.0513 0.0000e+00
      0.160     -0.001    10.7684     88.416     31.251  20.040077     1.6566      6.017   185.9538 4.9111e+02     7.1585      0.156      0.226     7.0512 0.0000e+00
      0.160      0.000    10.7631     88.263     31.269  20.055044     1.6570      6.020   186.0894 5.0272e+02     7.0895      0.157      0.227     7.0517 0.0000e+00
      0.161     -0.000    10.7488     88.092     31.288  20.070021     1.6686      6.023   186.3529 5.0471e+02     7.0443      0.158      0.229     7.0528 0.0000e+00
      0.161     -0.001    10.7343     87.877     31.322  20.094362     1.6892      6.028   186.7306 5.0855e+02     7.0899      0.159      0.230     7.0556 0.0000e+00
      0.161     -0.001    10.7168     87.632     31.318  20.095744     1.7059      6.033   187.2136 5.1462e+02     7.1973      0.158      0.229     7.0609 0.0000e+00
      0.160     -0.001    10.6945     87.347     31.298  20.086734     1.7044      6.039   187.7187 5.1722e+02     7.2151      0.157      0.227     7.0668 0.0000e+00
      0.158     -0.001    10.6774     86.976     31.329  20.112230     1.6873      6.045   188.1066 5.2394e+02     7.1006      0.155      0.224     7.0712 0.0000e+00
      0.158     -0.000    10.6464     86.526     31.378  20.150404     1.6827      6.050   188.4616 5.2968e+02     7.0087      0.154      0.224     7.0755 0.0000e+00
      0.159      0.001    10.6163     86.049     31.393  20.167887     1.6986      6.055   188.7418 5.2256e+02     6.9579      0.156      0.226     7.0811 0.0000e+00
      0.160      0.001    10.5837     85.572     31.425  20.196814     1.7054      6.060   188.8275 5.1962e+02     6.8963      0.157      0.227     7.0879 0.0000e+00
      0.161      0.001    10.5355     85.090     31.487  20.246555     1.6974      6.065   188.7232 5.3362e+02     6.8447      0.158      0.229     7.0963 0.0000e+00
      0.161      0.000    10.4753     84.616     31.495  20.262077     1.7018      6.069   188.5987 5.4683e+02     6.8457      0.158      0.229     7.1067 0.0000e+00
      0.160     -0.000    10.4130     84.160     31.474  20.257692     1.7176      6.074   188.6995 5.5820e+02     6.8747      0.157      0.227     7.1190 0.0000e+00
      0.160     -0.000    10.3529     83.702     31.558  20.320357     1.7306      6.079   188.9945 5.6392e+02     6.8542      0.156      0.226     7.1336 0.0000e+00
      0.159     -0.002    10.2894     83.257     31.746  20.449122     1.7506      6.082   189.2410 5.5320e+02     6.8709      0.157      0.227     7.1493 0.0000e+00
      0.159     -0.007    10.2266     82.834     31.886  20.546499     1.7925      6.085   189.2704 5.4685e+02     7.0077      0.156      0.226     7.1655 0.0000e+00
      0.159     -0.014    10.1704     82.395     31.876  20.546682     1.8381      6.089   189.3504 5.4871e+02     7.1427      0.156      0.228     7.1806 0.0000e+00
      0.159     -0.019    10.1104     81.920     31.709  20.451342     1.8522      6.092   189.8638 5.5203e+02     7.1702      0.158      0.230     7.1937 0.0000e+00
      0.152     -0.016    10.0519     81.429     31.514  20.344832     1.8209      6.091   190.5739 5.5697e+02     7.0663      0.153      0.221     7.2047 0.0000e+00
