Data/DataNotYetUploadedToEDI/Raw_CTD/RawDownloads/031025_bvr50_S7809001.cnv
* Sea-Bird SBE19plus  Data File:
* FileName = C:\R\Reservoirs\Data\DataNotYetUploadedToEDI\Raw_CTD\RawDownloads\031025_fcr50_S7809_0001.hex
* Software version 2.8.0.119
* Temperature SN = 7809
* Conductivity SN = 7809
* System UpLoad Time = Mar 13 2025 14:41:38
* <ApplicationData>
* <Seaterm232>
# nquan = 15
# nvalues = 1151                        
# units = specified
# name 0 = depFM: Depth [fresh water, m]
# name 1 = dz/dtM: Descent Rate [m/s]
# name 2 = sbeox0Mg/L: Oxygen, SBE 43 [mg/l]
# name 3 = sbeox0PS: Oxygen, SBE 43 [% saturation]
# name 4 = specc: Specific Conductance [uS/cm]
# name 5 = c0uS/cm: Conductivity [uS/cm]
# name 6 = flECO-AFL: Fluorescence, WET Labs ECO-AFL/FL [mg/m^3]
# name 7 = ph: pH
# name 8 = orp: Oxidation Reduction Potential [mV]
# name 9 = par/sat/log: PAR/Logarithmic, Satlantic
# name 10 = turbWETntu0: Turbidity, WET Labs ECO [NTU]
# name 11 = prdM: Pressure, Strain Gauge [db]
# name 12 = prdE: Pressure, Strain Gauge [psi]
# name 13 = tv290C: Temperature [ITS-90, deg C]
# name 14 = flag:  0.000e+00
# span 0 =     -0.777,      7.746       
# span 1 =     -0.357,      0.167       
# span 2 =     7.8238,    11.9480       
# span 3 =     64.389,     97.184       
# span 4 =      6.528,     33.905       
# span 5 =   4.116191,  21.728064       
# span 6 =     0.9500,     3.1438       
# span 7 =      7.201,      8.066       
# span 8 =   230.0854,   268.7477       
# span 9 = 1.2369e-01, 8.7411e+02       
# span 10 =     6.7411,    27.6441      
# span 11 =     -0.763,      7.598      
# span 12 =     -1.107,     11.019      
# span 13 =     6.0036,     7.8849      
# span 14 = 0.0000e+00, 0.0000e+00      
# interval = seconds: 0.25
# start_time = Mar 10 2025 10:15:04 [Instrument's time stamp, header]
# bad_flag = -9.990e-29
*END*
[from data line 868]
      3.648     -0.001    11.0700     89.491     29.093  18.215223     2.4784      7.998   264.5704 4.7905e+00     7.8262      3.575      5.186     6.2900 0.0000e+00
      3.662      0.019    11.0689     89.476     29.108  18.227911     2.4616      8.000   264.4705 4.6980e+00     7.8195      3.592      5.210     6.2875 0.0000e+00
      3.674      0.027    11.0638     89.483     29.128  18.240685     2.5213      8.002   264.3047 4.6473e+00     7.8122      3.605      5.228     6.2910 0.0000e+00
      3.681      0.025    11.0544     89.528     29.133  18.242876     2.6765      8.003   264.2866 4.6330e+00     7.8069      3.612      5.238     6.2984 0.0000e+00
      3.686      0.020    11.0545     89.574     29.150  18.254403     2.7650      8.004   264.4235 4.6385e+00     7.7553      3.615      5.243     6.3046 0.0000e+00
      3.688      0.015    11.0485     89.619     29.142  18.253259     2.7588      8.007   264.4972 4.6424e+00     7.7680      3.617      5.246     6.3117 0.0000e+00
      3.688      0.012    11.0472     89.681     29.100  18.229053     2.7504      8.009   264.4897 4.6270e+00     7.8581      3.617      5.246     6.3116 0.0000e+00
      3.690      0.010    11.0587     89.731     29.078  18.215327     2.7637      8.010   264.4189 4.5830e+00     7.8891      3.618      5.248     6.3052 0.0000e+00
      3.695      0.008    11.0628     89.731     29.075  18.214079     2.7704      8.010   264.3290 4.5420e+00     7.8349      3.623      5.255     6.3075 0.0000e+00
      3.699      0.008    11.0640     89.710     29.072  18.213964     2.7489      8.011   264.3491 4.5386e+00     7.7830      3.629      5.263     6.3181 0.0000e+00
      3.701      0.008    11.0715     89.709     29.071  18.213954     2.6941      8.012   264.4037 4.5499e+00     7.8081      3.631      5.266     6.3215 0.0000e+00
      3.700      0.008    11.0829     89.720     29.075  18.213953     2.6321      8.013   264.4736 4.5443e+00     7.8652      3.628      5.262     6.3189 0.0000e+00
      3.699      0.008    11.0793     89.735     29.082  18.213954     2.5904      8.015   264.5049 4.5179e+00     7.8582      3.627      5.260     6.3200 0.0000e+00
      3.702      0.009    11.0729     89.754     29.087  18.213954     2.5645      8.015   264.3527 4.4884e+00     7.7924      3.629      5.264     6.3249 0.0000e+00
      3.707      0.010    11.0732     89.763     29.089  18.213955     2.5275      8.015   264.2683 4.4770e+00     7.7871      3.635      5.273     6.3274 0.0000e+00
      3.711      0.012    11.0771     89.768     29.089  18.213965     2.4668      8.017   264.3447 4.4737e+00     7.8617      3.640      5.279     6.3222 0.0000e+00
      3.713      0.012    11.0802     89.800     29.089  18.214080     2.4306      8.018   264.3303 4.4576e+00     7.9095      3.641      5.281     6.3133 0.0000e+00
      3.716      0.008    11.0856     89.832     29.090  18.215336     2.4229      8.018   264.2661 4.4311e+00     7.8860      3.643      5.284     6.3060 0.0000e+00
      3.719     -0.001    11.0883     89.839     29.110  18.229158     2.4069      8.017   264.2570 4.4122e+00     7.8176      3.647      5.290     6.3053 0.0000e+00
      3.722     -0.015    11.0835     89.830     29.148  18.254403     2.4030      8.017   264.3070 4.4107e+00     7.7314      3.651      5.296     6.3075 0.0000e+00
      3.722     -0.033    11.0920     89.813     29.167  18.266977     2.4095      8.017   264.4394 4.4343e+00     7.6289      3.652      5.297     6.3054 0.0000e+00
      3.713     -0.051    11.0965     89.797     29.142  18.254402     2.3936      8.018   264.5672 4.4980e+00     7.5356      3.645      5.287     6.3059 0.0000e+00
      3.695     -0.066    11.0949     89.787     29.096  18.229157     2.3858      8.018   264.5615 4.6157e+00     7.5257      3.626      5.259     6.3104 0.0000e+00
      3.668     -0.072    11.0937     89.786     29.070  18.215335     2.3648      8.018   264.4568 4.7878e+00     7.5771      3.599      5.219     6.3117 0.0000e+00
      3.638     -0.069    11.0906     89.801     29.066  18.214079     2.2981      8.018   264.4195 4.9667e+00     7.5766      3.566      5.173     6.3122 0.0000e+00
      3.613     -0.058    11.0871     89.823     29.066  18.213965     2.2526      8.018   264.4548 5.0672e+00     7.5190      3.536      5.130     6.3179 0.0000e+00
      3.601     -0.041    11.0836     89.827     29.068  18.213955     2.2396      8.019   264.4536 5.0877e+00     7.4965      3.527      5.117     6.3252 0.0000e+00
      3.600     -0.023    11.0821     89.827     29.072  18.213963     2.2993      8.021   264.4050 5.0935e+00     7.6105      3.530      5.121     6.3298 0.0000e+00
      3.602     -0.006    11.0826     89.812     29.074  18.214067     2.4417      8.021   264.3840 5.0850e+00     7.7700      3.532      5.123     6.3317 0.0000e+00
      3.604      0.004    11.0895     89.777     29.076  18.215211     2.5220      8.021   264.4574 5.0655e+00     7.8210      3.534      5.126     6.3310 0.0000e+00
      3.606      0.009    11.0870     89.750     29.092  18.227786     2.5206      8.022   264.6034 5.0513e+00     7.8512      3.535      5.128     6.3283 0.0000e+00
      3.609      0.009    11.0899     89.733     29.107  18.239323     2.5091      8.023   264.6872 5.0303e+00     7.8622      3.539      5.133     6.3243 0.0000e+00
      3.612      0.006    11.0905     89.723     29.088  18.227910     2.4905      8.023   264.6106 5.0082e+00     7.7830      3.542      5.137     6.3212 0.0000e+00
      3.616     -0.002    11.0818     89.719     29.073  18.216583     2.4710      8.023   264.5372 4.9894e+00     7.6787      3.546      5.143     6.3211 0.0000e+00
      3.617     -0.013    11.0796     89.729     29.097  18.229158     2.4556      8.024   264.5736 4.9859e+00     7.5918      3.548      5.146     6.3267 0.0000e+00
      3.615     -0.028    11.0742     89.759     29.138  18.253165     2.4543      8.024   264.7073 5.0072e+00     7.5514      3.547      5.145     6.3329 0.0000e+00
      3.608     -0.048    11.0744     89.800     29.139  18.253260     2.4717      8.024   264.8636 5.0613e+00     7.5661      3.542      5.136     6.3315 0.0000e+00
      3.593     -0.068    11.0747     89.833     29.100  18.230301     2.4746      8.024   264.9144 5.1562e+00     7.5655      3.526      5.115     6.3272 0.0000e+00
      3.572     -0.083    11.0763     89.851     29.095  18.229158     2.4566      8.024   264.8904 5.2822e+00     7.5437      3.504      5.084     6.3226 0.0000e+00
      3.544     -0.088    11.0818     89.868     29.109  18.239446     2.4452      8.023   264.8328 5.4545e+00     7.5413      3.479      5.045     6.3184 0.0000e+00
      3.510     -0.081    11.0879     89.897     29.090  18.227901     2.3955      8.022   264.7341 5.6529e+00     7.5717      3.443      4.993     6.3185 0.0000e+00
      3.478     -0.064    11.0918     89.916     29.073  18.216356     2.2961      8.021   264.6426 5.7792e+00     7.6036      3.404      4.937     6.3216 0.0000e+00
      3.461     -0.042    11.0919     89.906     29.091  18.226653     2.2346      8.021   264.6728 5.7933e+00     7.5508      3.388      4.914     6.3261 0.0000e+00
      3.461     -0.019    11.0920     89.892     29.091  18.225605     2.2338      8.023   264.7549 5.7376e+00     7.5143      3.391      4.918     6.3288 0.0000e+00
      3.470      0.002    11.0972     89.899     29.057  18.203686     2.3202      8.024   264.7750 5.6663e+00     7.6402      3.402      4.934     6.3282 0.0000e+00
      3.480      0.017    11.1018     89.914     29.075  18.215221     2.4551      8.024   264.8304 5.6314e+00     7.7747      3.415      4.953     6.3269 0.0000e+00
      3.485      0.022    11.0987     89.910     29.108  18.238284     2.5075      8.024   264.9075 5.6248e+00     7.7399      3.418      4.957     6.3248 0.0000e+00
      3.488      0.016    11.0964     89.920     29.089  18.228949     2.5050      8.024   264.9338 5.5975e+00     7.6988      3.419      4.958     6.3230 0.0000e+00
      3.494      0.001    11.0978     89.952     29.087  18.229157     2.4900      8.022   264.9760 5.5430e+00     7.7218      3.426      4.968     6.3217 0.0000e+00
      3.502     -0.021    11.1030     89.950     29.107  18.240796     2.4430      8.021   265.0740 5.5146e+00     7.6753      3.436      4.983     6.3216 0.0000e+00
      3.503     -0.041    11.0981     89.913     29.111  18.242884     2.4029      8.021   265.1720 5.5744e+00     7.6153      3.441      4.990     6.3265 0.0000e+00
      3.488     -0.055    11.0954     89.885     29.129  18.254402     2.3879      8.021   265.2147 5.7361e+00     7.6110      3.428      4.972     6.3324 0.0000e+00
      3.455     -0.062    11.1051     89.882     29.129  18.253259     2.3539      8.022   265.1598 5.9284e+00     7.6234      3.389      4.916     6.3343 0.0000e+00
      3.420     -0.063    11.1038     89.885     29.093  18.229063     2.2835      8.022   265.0253 6.0422e+00     7.5940      3.345      4.852     6.3330 0.0000e+00
      3.401     -0.062    11.0968     89.883     29.073  18.215441     2.2351      8.023   264.9640 6.0586e+00     7.5299      3.329      4.828     6.3317 0.0000e+00
      3.400     -0.060    11.0930     89.881     29.074  18.215346     2.2350      8.025   264.9354 6.0324e+00     7.5307      3.334      4.835     6.3315 0.0000e+00
      3.402     -0.058    11.0940     89.882     29.094  18.227911     2.2483      8.025   264.9382 6.0463e+00     7.6039      3.340      4.845     6.3300 0.0000e+00
      3.393     -0.058    11.0966     89.907     29.112  18.240571     2.2473      8.025   264.9977 6.1673e+00     7.6641      3.334      4.836     6.3271 0.0000e+00
      3.369     -0.058    11.0951     89.934     29.112  18.241628     2.2308      8.025   264.9659 6.3737e+00     7.6433      3.308      4.796     6.3247 0.0000e+00
      3.336     -0.055    11.0970     89.921     29.111  18.240693     2.2150      8.025   264.8984 6.5692e+00     7.5572      3.269      4.741     6.3233 0.0000e+00
      3.311     -0.046    11.0944     89.882     29.094  18.229271     2.2232      8.026   264.8694 6.6414e+00     7.5450      3.239      4.698     6.3239 0.0000e+00
      3.305     -0.031    11.0974     89.831     29.097  18.230320     2.3049      8.027   264.8729 6.5951e+00     7.6325      3.236      4.693     6.3268 0.0000e+00
      3.310     -0.011    11.1049     89.771     29.135  18.253373     2.4285      8.028   264.8542 6.5343e+00     7.6931      3.247      4.709     6.3290 0.0000e+00
      3.317      0.007    11.0998     89.729     29.136  18.254410     2.4949      8.027   264.8164 6.5104e+00     7.7305      3.254      4.720     6.3283 0.0000e+00
      3.320      0.017    11.0961     89.729     29.113  18.242865     2.5164      8.026   264.9323 6.5055e+00     7.7770      3.256      4.721     6.3263 0.0000e+00
      3.324      0.017    11.0900     89.759     29.103  18.240578     2.5545      8.026   265.1363 6.4715e+00     7.7780      3.258      4.724     6.3252 0.0000e+00
      3.331      0.010    11.0817     89.773     29.074  18.226755     2.6064      8.026   265.2187 6.4144e+00     7.7083      3.265      4.737     6.3241 0.0000e+00
      3.337     -0.001    11.0751     89.782     29.032  18.202531     2.6274      8.026   265.3252 6.3814e+00     7.5837      3.274      4.749     6.3238 0.0000e+00
      3.339     -0.017    11.0740     89.826     29.032  18.201283     2.6260      8.026   265.4779 6.3766e+00     7.5342      3.277      4.753     6.3273 0.0000e+00
      3.335     -0.037    11.0793     89.879     29.053  18.211658     2.5811      8.027   265.4311 6.4222e+00     7.5890      3.273      4.747     6.3367 0.0000e+00
      3.323     -0.057    11.0770     89.895     29.039  18.201179     2.4760      8.028   265.2752 6.5413e+00     7.5970      3.262      4.733     6.3460 0.0000e+00
      3.303     -0.069    11.0742     89.887     29.039  18.201377     2.4041      8.028   265.2285 6.7169e+00     7.5628      3.241      4.702     6.3487 0.0000e+00
      3.274     -0.070    11.0824     89.883     29.059  18.214057     2.3857      8.028   265.3819 6.9265e+00     7.5513      3.211      4.657     6.3460 0.0000e+00
      3.244     -0.061    11.0935     89.877     29.081  18.227691     2.4447      8.028   265.5809 7.0887e+00     7.5944      3.178      4.609     6.3405 0.0000e+00
      3.224     -0.046    11.0955     89.862     29.101  18.239427     2.5777      8.029   265.5695 7.1285e+00     7.7085      3.155      4.576     6.3373 0.0000e+00
      3.219     -0.030    11.0914     89.842     29.087  18.229165     2.6451      8.030   265.5031 7.0959e+00     7.7697      3.154      4.575     6.3379 0.0000e+00
      3.224     -0.020    11.0926     89.834     29.091  18.230414     2.6351      8.029   265.4662 7.0556e+00     7.7876      3.161      4.585     6.3390 0.0000e+00
      3.229     -0.026    11.0919     89.859     29.129  18.254524     2.6230      8.028   265.3811 7.0143e+00     7.7877      3.167      4.593     6.3388 0.0000e+00
      3.232     -0.046    11.0902     89.893     29.147  18.267089     2.5647      8.027   265.3345 7.0133e+00     7.6690      3.173      4.602     6.3365 0.0000e+00
      3.227     -0.073    11.0886     89.920     29.125  18.255544     2.4553      8.027   265.3333 7.1369e+00     7.5139      3.172      4.600     6.3335 0.0000e+00
      3.202     -0.095    11.0854     89.966     29.100  18.241730     2.3905      8.028   265.4527 7.4355e+00     7.4489      3.148      4.567     6.3319 0.0000e+00
      3.157     -0.105    11.0912     90.021     29.075  18.226860     2.3805      8.028   265.6593 7.8492e+00     7.4984      3.099      4.494     6.3316 0.0000e+00
      3.106     -0.101    11.0959     90.044     29.035  18.202550     2.3507      8.028   265.7658 8.1827e+00     7.6339      3.039      4.408     6.3336 0.0000e+00
      3.071     -0.083    11.0949     90.042     29.034  18.201389     2.2794      8.028   265.7944 8.3074e+00     7.7554      3.002      4.355     6.3387 0.0000e+00
      3.058     -0.056    11.1003     90.022     29.053  18.212819     2.2262      8.028   265.7476 8.3129e+00     7.8069      2.995      4.344     6.3425 0.0000e+00
      3.059     -0.027    11.1105     89.991     29.053  18.213961     2.2318      8.029   265.7152 8.2902e+00     7.8461      3.000      4.350     6.3437 0.0000e+00
      3.066     -0.002    11.1108     89.976     29.050  18.215200     2.3388      8.029   265.7468 8.2492e+00     7.7843      3.006      4.360     6.3444 0.0000e+00
      3.072      0.010    11.1108     89.958     29.067  18.227792     2.5135      8.029   265.6141 8.2122e+00     7.6064      3.013      4.371     6.3436 0.0000e+00
      3.075      0.011    11.1100     89.932     29.084  18.239423     2.6121      8.030   265.4015 8.1932e+00     7.5399      3.016      4.374     6.3418 0.0000e+00
      3.078      0.007    11.1018     89.938     29.068  18.229040     2.6243      8.031   265.4134 8.1725e+00     7.5954      3.017      4.377     6.3438 0.0000e+00
      3.082      0.006    11.1007     89.967     29.069  18.229050     2.6112      8.031   265.5859 8.1637e+00     7.6280      3.024      4.387     6.3502 0.0000e+00
      3.080      0.006    11.0985     89.974     29.086  18.239539     2.5872      8.032   265.5944 8.2031e+00     7.5929      3.025      4.386     6.3553 0.0000e+00
      3.074      0.003    11.0905     89.959     29.071  18.229061     2.5670      8.032   265.5154 8.2161e+00     7.5466      3.011      4.367     6.3555 0.0000e+00
      3.074     -0.005    11.0932     89.940     29.073  18.229156     2.5662      8.033   265.5774 8.1538e+00     7.5806      3.011      4.366     6.3543 0.0000e+00
      3.084     -0.019    11.1004     89.912     29.091  18.240682     2.5199      8.033   265.5692 8.1036e+00     7.6282      3.026      4.389     6.3537 0.0000e+00
