Data/DataNotYetUploadedToEDI/Raw_CTD/RawDownloads/031025_bvr50_S7809001.cnv
* Sea-Bird SBE19plus  Data File:
* FileName = C:\R\Reservoirs\Data\DataNotYetUploadedToEDI\Raw_CTD\RawDownloads\031025_fcr50_S7809_0001.hex
* Software version 2.8.0.119
* Temperature SN = 7809
* Conductivity SN = 7809
* System UpLoad Time = Mar 13 2025 14:41:38
* <ApplicationData>
* <Seaterm232>
# nquan = 15
# nvalues = 1151                        
# units = specified
# name 0 = depFM: Depth [fresh water, m]
# name 1 = dz/dtM: Descent Rate [m/s]
# name 2 = sbeox0Mg/L: Oxygen, SBE 43 [mg/l]
# name 3 = sbeox0PS: Oxygen, SBE 43 [% saturation]
# name 4 = specc: Specific Conductance [uS/cm]
# name 5 = c0uS/cm: Conductivity [uS/cm]
# name 6 = flECO-AFL: Fluorescence, WET Labs ECO-AFL/FL [mg/m^3]
# name 7 = ph: pH
# name 8 = orp: Oxidation Reduction Potential [mV]
# name 9 = par/sat/log: PAR/Logarithmic, Satlantic
# name 10 = turbWETntu0: Turbidity, WET Labs ECO [NTU]
# name 11 = prdM: Pressure, Strain Gauge [db]
# name 12 = prdE: Pressure, Strain Gauge [psi]
# name 13 = tv290C: Temperature [ITS-90, deg C]
# name 14 = flag:  0.000e+00
# span 0 =     -0.777,      7.746       
# span 1 =     -0.357,      0.167       
# span 2 =     7.8238,    11.9480       
# span 3 =     64.389,     97.184       
# span 4 =      6.528,     33.905       
# span 5 =   4.116191,  21.728064       
# span 6 =     0.9500,     3.1438       
# span 7 =      7.201,      8.066       
# span 8 =   230.0854,   268.7477       
# span 9 = 1.2369e-01, 8.7411e+02       
# span 10 =     6.7411,    27.6441      
# span 11 =     -0.763,      7.598      
# span 12 =     -1.107,     11.019      
# span 13 =     6.0036,     7.8849      
# span 14 = 0.0000e+00, 0.0000e+00      
# interval = seconds: 0.25
# start_time = Mar 10 2025 10:15:04 [Instrument's time stamp, header]
# bad_flag = -9.990e-29
*END*
[from data line 386]
      3.977      0.086    11.0944     89.983     29.110  18.269741     2.6646      7.942   253.1051 3.1788e+00     7.7280      3.899      5.655     6.3832 0.0000e+00
      4.005      0.082    11.0907     89.993     29.112  18.270987     2.7326      7.944   253.0717 3.0971e+00     7.6486      3.928      5.698     6.3816 0.0000e+00
      4.031      0.072    11.0896     89.995     29.132  18.283572     2.7771      7.945   252.9381 3.0326e+00     7.5868      3.956      5.737     6.3806 0.0000e+00
      4.051      0.061    11.0931     89.985     29.150  18.295109     2.7778      7.946   252.8660 2.9876e+00     7.5618      3.977      5.768     6.3795 0.0000e+00
      4.061      0.050    11.0923     89.973     29.132  18.283686     2.7751      7.945   252.8029 2.9745e+00     7.5159      3.987      5.782     6.3790 0.0000e+00
      4.064      0.043    11.0952     89.965     29.114  18.272254     2.7936      7.945   252.7775 2.9735e+00     7.5104      3.986      5.781     6.3790 0.0000e+00
      4.068      0.042    11.0955     89.951     29.132  18.283676     2.8196      7.945   252.9027 2.9526e+00     7.5638      3.987      5.782     6.3790 0.0000e+00
      4.078      0.047    11.0936     89.939     29.149  18.294995     2.8144      7.946   253.0259 2.9103e+00     7.5807      3.997      5.797     6.3792 0.0000e+00
      4.094      0.056    11.0913     89.945     29.128  18.282315     2.7561      7.946   253.0626 2.8669e+00     7.5778      4.016      5.824     6.3793 0.0000e+00
      4.111      0.066    11.0913     89.966     29.089  18.257155     2.6811      7.946   253.0886 2.8268e+00     7.6318      4.033      5.847     6.3791 0.0000e+00
      4.129      0.073    11.0897     90.013     29.069  18.244382     2.6386      7.947   253.1675 2.7652e+00     7.6526      4.048      5.871     6.3795 0.0000e+00
      4.150      0.078    11.0853     90.059     29.086  18.254662     2.6342      7.948   253.4150 2.6957e+00     7.5907      4.070      5.903     6.3805 0.0000e+00
      4.173      0.082    11.0884     90.062     29.087  18.254652     2.6858      7.948   253.6719 2.6421e+00     7.5997      4.092      5.936     6.3813 0.0000e+00
      4.195      0.084    11.0885     90.040     29.071  18.244268     2.7713      7.948   253.7781 2.5861e+00     7.7275      4.114      5.967     6.3809 0.0000e+00
      4.215      0.084    11.0964     90.028     29.091  18.255898     2.8191      7.949   253.7527 2.5160e+00     7.8380      4.134      5.995     6.3794 0.0000e+00
      4.237      0.080    11.1058     90.019     29.112  18.268482     2.8223      7.950   253.5374 2.4458e+00     7.8431      4.154      6.025     6.3786 0.0000e+00
      4.260      0.075    11.1042     89.989     29.115  18.269625     2.8601      7.951   253.2401 2.3862e+00     7.7882      4.178      6.059     6.3780 0.0000e+00
      4.281      0.071    11.0996     89.947     29.115  18.269720     2.9609      7.952   253.1689 2.3459e+00     7.7893      4.200      6.090     6.3771 0.0000e+00
      4.297      0.069    11.0989     89.912     29.117  18.269625     3.0341      7.952   253.3652 2.3254e+00     7.8231      4.215      6.113     6.3758 0.0000e+00
      4.309      0.068    11.1009     89.899     29.121  18.268474     3.0541      7.952   253.5483 2.3049e+00     7.8211      4.225      6.129     6.3746 0.0000e+00
      4.322      0.067    11.0954     89.908     29.108  18.255795     3.0439      7.953   253.6620 2.2744e+00     7.7985      4.237      6.145     6.3740 0.0000e+00
      4.341      0.064    11.0900     89.903     29.094  18.243115     2.9111      7.953   253.7938 2.2352e+00     7.7886      4.256      6.171     6.3739 0.0000e+00
      4.363      0.061    11.0855     89.888     29.096  18.241963     2.6976      7.953   253.9375 2.1927e+00     7.8387      4.280      6.209     6.3727 0.0000e+00
      4.382      0.057    11.0842     89.906     29.097  18.241860     2.6011      7.954   254.0233 2.1496e+00     7.8580      4.301      6.238     6.3662 0.0000e+00
      4.395      0.051    11.0919     89.949     29.098  18.241860     2.5841      7.956   253.9700 2.1182e+00     7.7829      4.311      6.253     6.3569 0.0000e+00
      4.405      0.044    11.0924     89.960     29.098  18.241973     2.5336      7.957   253.9811 2.1046e+00     7.7158      4.320      6.266     6.3495 0.0000e+00
      4.414      0.040    11.0890     89.955     29.100  18.243221     2.4746      7.957   254.0720 2.0919e+00     7.6963      4.329      6.278     6.3454 0.0000e+00
      4.421      0.041    11.0909     89.962     29.122  18.256948     2.4361      7.958   254.0355 2.0795e+00     7.6836      4.335      6.288     6.3443 0.0000e+00
      4.428      0.044    11.1017     89.948     29.162  18.281155     2.4261      7.958   253.9700 2.0671e+00     7.5958      4.340      6.294     6.3440 0.0000e+00
      4.439      0.046    11.1013     89.917     29.164  18.282306     2.4772      7.958   254.0545 2.0468e+00     7.4891      4.350      6.308     6.3438 0.0000e+00
      4.456      0.047    11.0970     89.883     29.146  18.270875     2.5722      7.957   254.2837 2.0170e+00     7.5206      4.371      6.338     6.3437 0.0000e+00
      4.473      0.049    11.1031     89.840     29.144  18.269733     2.6333      7.957   254.5032 1.9890e+00     7.6007      4.389      6.365     6.3432 0.0000e+00
      4.484      0.050    11.0998     89.818     29.141  18.268494     2.6423      7.956   254.6444 1.9717e+00     7.6035      4.399      6.381     6.3425 0.0000e+00
      4.492      0.052    11.0944     89.814     29.120  18.255901     2.6145      7.956   254.7007 1.9536e+00     7.6568      4.405      6.389     6.3420 0.0000e+00
      4.502      0.054    11.0930     89.795     29.101  18.244269     2.5714      7.956   254.7534 1.9310e+00     7.8017      4.414      6.400     6.3418 0.0000e+00
      4.516      0.059    11.0844     89.796     29.118  18.254642     2.5460      7.957   254.7646 1.8988e+00     7.8860      4.428      6.422     6.3421 0.0000e+00
      4.533      0.067    11.0807     89.824     29.119  18.254529     2.5491      7.958   254.7510 1.8583e+00     7.8914      4.444      6.446     6.3431 0.0000e+00
      4.552      0.077    11.0854     89.838     29.102  18.242899     2.5751      7.957   254.8471 1.8203e+00     7.8673      4.464      6.475     6.3444 0.0000e+00
      4.572      0.084    11.0770     89.834     29.100  18.240811     2.6113      7.957   254.8937 1.7850e+00     7.8672      4.484      6.504     6.3459 0.0000e+00
      4.594      0.086    11.0775     89.820     29.083  18.229283     2.6373      7.957   254.8847 1.7470e+00     7.8900      4.503      6.531     6.3456 0.0000e+00
      4.621      0.085    11.0852     89.808     29.087  18.230313     2.6388      7.958   254.9099 1.7025e+00     7.8358      4.530      6.571     6.3436 0.0000e+00
      4.648      0.080    11.0859     89.801     29.123  18.253262     2.6217      7.959   254.8543 1.6617e+00     7.7586      4.560      6.616     6.3419 0.0000e+00
      4.668      0.074    11.0863     89.789     29.121  18.253167     2.5801      7.960   254.8153 1.6319e+00     7.8098      4.581      6.644     6.3399 0.0000e+00
      4.683      0.066    11.0843     89.776     29.080  18.229169     2.5188      7.961   254.7813 1.6071e+00     7.9084      4.593      6.661     6.3378 0.0000e+00
      4.697      0.060    11.0832     89.782     29.059  18.216699     2.4874      7.962   254.6160 1.5852e+00     7.8920      4.607      6.682     6.3363 0.0000e+00
      4.710      0.055    11.0833     89.793     29.081  18.229180     2.4756      7.962   254.5378 1.5671e+00     7.8160      4.620      6.701     6.3355 0.0000e+00
      4.721      0.054    11.0815     89.785     29.122  18.253283     2.4183      7.962   254.6094 1.5454e+00     7.8101      4.629      6.714     6.3370 0.0000e+00
      4.734      0.057    11.0765     89.769     29.127  18.254530     2.3363      7.962   254.7076 1.5226e+00     7.8554      4.642      6.732     6.3415 0.0000e+00
      4.750      0.060    11.0776     89.758     29.111  18.244259     2.2987      7.961   254.7788 1.5024e+00     7.8499      4.659      6.757     6.3443 0.0000e+00
      4.765      0.062    11.0820     89.764     29.129  18.255890     2.2965      7.960   254.9542 1.4703e+00     7.8126      4.673      6.778     6.3415 0.0000e+00
      4.783      0.064    11.0803     89.780     29.148  18.268370     2.3676      7.960   255.1935 1.4290e+00     7.8144      4.690      6.802     6.3370 0.0000e+00
      4.803      0.066    11.0793     89.780     29.147  18.268361     2.5186      7.958   255.2635 1.4045e+00     7.8715      4.712      6.834     6.3339 0.0000e+00
      4.819      0.068    11.0774     89.777     29.127  18.255786     2.5987      7.957   255.1978 1.3958e+00     7.9230      4.727      6.857     6.3332 0.0000e+00
      4.832      0.068    11.0770     89.797     29.107  18.243116     2.5952      7.958   255.0008 1.3840e+00     7.8896      4.736      6.870     6.3347 0.0000e+00
      4.849      0.066    11.0819     89.824     29.106  18.241964     2.6673      7.959   254.7756 1.3648e+00     7.8093      4.753      6.894     6.3364 0.0000e+00
      4.870      0.062    11.0799     89.819     29.107  18.241859     2.8380      7.961   254.7117 1.3386e+00     7.8066      4.777      6.928     6.3372 0.0000e+00
      4.890      0.060    11.0779     89.772     29.108  18.241841     2.9451      7.961   254.7440 1.3121e+00     7.8567      4.799      6.960     6.3373 0.0000e+00
      4.904      0.058    11.0814     89.708     29.108  18.241746     2.9377      7.961   254.8222 1.2843e+00     7.8342      4.811      6.978     6.3364 0.0000e+00
      4.914      0.055    11.0874     89.668     29.107  18.240707     2.8239      7.961   254.9690 1.2591e+00     7.8075      4.818      6.988     6.3353 0.0000e+00
      4.925      0.052    11.0878     89.655     29.089  18.229274     2.6434      7.961   255.0559 1.2465e+00     7.8415      4.830      7.004     6.3348 0.0000e+00
      4.939      0.049    11.0803     89.642     29.091  18.230313     2.5525      7.962   255.0986 1.2374e+00     7.8700      4.842      7.023     6.3341 0.0000e+00
      4.954      0.047    11.0714     89.655     29.127  18.253262     2.5499      7.963   255.2273 1.2271e+00     7.8442      4.857      7.045     6.3327 0.0000e+00
      4.969      0.044    11.0648     89.700     29.127  18.253157     2.5534      7.965   255.2351 1.2120e+00     7.7693      4.875      7.071     6.3314 0.0000e+00
      4.980      0.040    11.0680     89.748     29.088  18.229046     2.6111      7.965   255.0213 1.1941e+00     7.7156      4.887      7.087     6.3313 0.0000e+00
      4.987      0.037    11.0624     89.793     29.066  18.215328     2.7142      7.966   254.9656 1.1865e+00     7.6726      4.891      7.093     6.3319 0.0000e+00
      4.993      0.036    11.0631     89.815     29.064  18.214090     2.7593      7.967   255.0775 1.1813e+00     7.5910      4.896      7.100     6.3325 0.0000e+00
      5.000      0.038    11.0727     89.813     29.064  18.214081     2.7577      7.969   255.0843 1.1710e+00     7.5150      4.904      7.111     6.3328 0.0000e+00
      5.008      0.043    11.0759     89.810     29.066  18.215214     2.8031      7.969   255.1330 1.1461e+00     7.5732      4.910      7.120     6.3330 0.0000e+00
      5.020      0.049    11.0843     89.812     29.086  18.227798     2.8919      7.968   255.4943 1.1146e+00     7.7822      4.921      7.138     6.3328 0.0000e+00
      5.036      0.055    11.0867     89.799     29.104  18.239429     2.9402      7.968   255.9248 1.1029e+00     7.9248      4.940      7.165     6.3327 0.0000e+00
      5.053      0.059    11.0848     89.779     29.088  18.229056     2.9385      7.969   255.9509 1.1005e+00     7.8969      4.955      7.188     6.3327 0.0000e+00
      5.069      0.061    11.0839     89.768     29.088  18.229170     2.9124      7.969   255.8094 1.0863e+00     7.8207      4.970      7.209     6.3322 0.0000e+00
      5.085      0.060    11.0864     89.769     29.107  18.240800     2.8833      7.969   255.8488 1.0624e+00     7.7897      4.987      7.233     6.3321 0.0000e+00
      5.101      0.058    11.0841     89.787     29.111  18.242888     2.8691      7.969   255.9105 1.0423e+00     7.7598      5.003      7.257     6.3323 0.0000e+00
      5.116      0.053    11.0800     89.800     29.129  18.254416     2.8571      7.969   255.8673 1.0317e+00     7.7329      5.016      7.276     6.3324 0.0000e+00
      5.130      0.047    11.0798     89.790     29.128  18.253386     2.8717      7.970   255.7568 1.0244e+00     7.7723      5.031      7.297     6.3324 0.0000e+00
      5.141      0.040    11.0783     89.767     29.091  18.230438     2.9123      7.972   255.6938 1.0151e+00     7.8262      5.044      7.316     6.3321 0.0000e+00
      5.151      0.035    11.0824     89.739     29.091  18.230542     2.9324      7.974   255.7925 1.0033e+00     7.8372      5.053      7.328     6.3319 0.0000e+00
      5.158      0.033    11.0856     89.721     29.130  18.254643     2.9395      7.974   256.0048 9.9649e-01     7.8034      5.060      7.338     6.3316 0.0000e+00
      5.161      0.036    11.0825     89.710     29.152  18.268248     2.9404      7.973   256.1959 9.9307e-01     7.7598      5.062      7.342     6.3315 0.0000e+00
      5.166      0.044    11.0805     89.701     29.152  18.268238     2.9261      7.973   256.2963 9.8777e-01     7.7879      5.063      7.345     6.3317 0.0000e+00
      5.176      0.055    11.0755     89.711     29.130  18.254530     2.9082      7.973   256.3579 9.6938e-01     7.8703      5.073      7.359     6.3317 0.0000e+00
      5.194      0.068    11.0734     89.724     29.090  18.229296     2.8907      7.973   256.4240 9.3375e-01     7.8671      5.092      7.386     6.3317 0.0000e+00
      5.216      0.081    11.0737     89.736     29.071  18.216721     2.8730      7.973   256.4075 9.0694e-01     7.7840      5.114      7.417     6.3319 0.0000e+00
      5.240      0.089    11.0694     89.741     29.091  18.229286     2.8110      7.972   256.2448 8.8327e-01     7.7872      5.138      7.451     6.3317 0.0000e+00
      5.266      0.092    11.0739     89.742     29.131  18.254416     2.7070      7.972   256.1774 8.6082e-01     7.8713      5.163      7.489     6.3309 0.0000e+00
      5.293      0.088    11.0742     89.757     29.151  18.266981     2.6545      7.973   256.2810 8.4659e-01     7.9133      5.190      7.528     6.3307 0.0000e+00
      5.319      0.080    11.0761     89.752     29.131  18.254406     2.6519      7.973   256.3792 8.2105e-01     7.8858      5.217      7.567     6.3305 0.0000e+00
      5.339      0.071    11.0787     89.730     29.090  18.229171     2.6508      7.973   256.5039 7.9341e-01     7.8451      5.238      7.598     6.3300 0.0000e+00
      5.353      0.064    11.0738     89.712     29.068  18.215464     2.6569      7.974   256.4987 7.8368e-01     7.8658      5.251      7.616     6.3299 0.0000e+00
      5.363      0.059    11.0818     89.702     29.068  18.215474     2.6504      7.976   256.4021 7.8931e-01     7.8629      5.258      7.626     6.3301 0.0000e+00
      5.373      0.059    11.0786     89.702     29.090  18.229286     2.6305      7.976   256.3679 7.8890e-01     7.7761      5.268      7.639     6.3306 0.0000e+00
      5.388      0.064    11.0744     89.673     29.132  18.255663     2.6503      7.975   256.2582 7.7908e-01     7.7731      5.283      7.662     6.3308 0.0000e+00
      5.406      0.073    11.0741     89.635     29.172  18.280813     2.6977      7.975   256.2795 7.6560e-01     7.8597      5.300      7.687     6.3310 0.0000e+00
      5.426      0.082    11.0692     89.612     29.170  18.279776     2.7123      7.976   256.4540 7.4115e-01     7.9015      5.320      7.715     6.3309 0.0000e+00
