Data/DataNotYetUploadedToEDI/Raw_CTD/RawDownloads/031025_fcr10_S7809002.cnv
* Sea-Bird SBE19plus  Data File:
* FileName = C:\R\Reservoirs\Data\DataNotYetUploadedToEDI\Raw_CTD\RawDownloads\031025_fcr50_S7809_0002.hex
* Software version 2.8.0.119
* Temperature SN = 7809
* Conductivity SN = 7809
* System UpLoad Time = Mar 13 2025 14:41:57
* <ApplicationData>
* <Seaterm232>
# nquan = 15
# nvalues = 659                         
# units = specified
# name 0 = depFM: Depth [fresh water, m]
# name 1 = dz/dtM: Descent Rate [m/s]
# name 2 = sbeox0Mg/L: Oxygen, SBE 43 [mg/l]
# name 3 = sbeox0PS: Oxygen, SBE 43 [% saturation]
# name 4 = specc: Specific Conductance [uS/cm]
# name 5 = c0uS/cm: Conductivity [uS/cm]
# name 6 = flECO-AFL: Fluorescence, WET Labs ECO-AFL/FL [mg/m^3]
# name 7 = ph: pH
# name 8 = orp: Oxidation Reduction Potential [mV]
# name 9 = par/sat/log: PAR/Logarithmic, Satlantic
# name 10 = turbWETntu0: Turbidity, WET Labs ECO [NTU]
# name 11 = prdM: Pressure, Strain Gauge [db]
# name 12 = prdE: Pressure, Strain Gauge [psi]
# name 13 = tv290C: Temperature [ITS-90, deg C]
# name 14 = flag:  0.000e+00
# span 0 =     -0.706,      2.329       
# span 1 =     -0.356,      0.314       
# span 2 =     8.2099,    13.1432       
# span 3 =     70.106,    107.746       
# span 4 =      3.958,     33.864       
# span 5 =   2.759477,  21.277120       
# span 6 =    -0.5295,    37.2478       
# span 7 =     -2.603,      7.261       
# span 8 = -1240.7455,   242.4140       
# span 9 = 5.2577e+01, 1.1652e+03       
# span 10 =     0.3534,   212.9001      
# span 11 =     -0.694,      2.284      
# span 12 =     -1.007,      3.313      
# span 13 =     6.0588,    13.6629      
# span 14 = 0.0000e+00, 0.0000e+00      
# interval = seconds: 0.25
# start_time = Mar 10 2025 13:14:56 [Instrument's time stamp, header]
# bad_flag = -9.990e-29
*END*
[from data line 290]
     -0.152     -0.021    12.1876    100.092     30.560  19.474914     1.6442      6.624   218.0894 1.0554e+03     7.1257     -0.149     -0.215     6.8749 0.0000e+00
     -0.162     -0.014    12.1910    100.119     30.514  19.445084     1.6752      6.630   218.0276 1.1112e+03     7.1687     -0.162     -0.234     6.8679 0.0000e+00
     -0.167     -0.011    12.1893    100.147     30.523  19.449450     1.6669      6.635   218.0586 1.1121e+03     7.1712     -0.167     -0.242     6.8631 0.0000e+00
     -0.166     -0.007    12.1883    100.157     30.551  19.464305     1.6437      6.641   218.2053 1.1071e+03     7.1550     -0.163     -0.237     6.8619 0.0000e+00
     -0.164     -0.002    12.1904    100.170     30.508  19.434477     1.6440      6.647   218.3391 1.1115e+03     7.1432     -0.160     -0.231     6.8614 0.0000e+00
     -0.164      0.004    12.1939    100.193     30.467  19.405805     1.6628      6.652   218.4726 1.1175e+03     7.1316     -0.160     -0.231     6.8612 0.0000e+00
     -0.164      0.009    12.1999    100.186     30.514  19.434637     1.6628      6.656   218.6143 1.1232e+03     7.0824     -0.162     -0.235     6.8593 0.0000e+00
     -0.164      0.014    12.2012    100.144     30.565  19.466077     1.6603      6.661   218.7622 1.1293e+03     7.0951     -0.163     -0.237     6.8539 0.0000e+00
     -0.160      0.020    12.2029    100.092     30.571  19.468935     1.6579      6.666   218.9697 1.1618e+03     7.1827     -0.159     -0.231     6.8485 0.0000e+00
     -0.153      0.027    12.2107    100.045     30.572  19.469193     1.6508      6.670   219.1444 1.1652e+03     7.2190     -0.151     -0.218     6.8446 0.0000e+00
     -0.144      0.033    12.2099    100.030     30.572  19.469203     1.6654      6.674   219.1540 1.0787e+03     7.1584     -0.142     -0.205     6.8427 0.0000e+00
     -0.133      0.038    12.2031    100.042     30.570  19.469050     1.6676      6.679   219.0860 9.9765e+02     7.0992     -0.129     -0.188     6.8416 0.0000e+00
     -0.122      0.041    12.1980    100.045     30.565  19.467336     1.6617      6.684   219.1823 9.5134e+02     7.1525     -0.119     -0.173     6.8397 0.0000e+00
     -0.112      0.043    12.1903    100.038     30.532  19.448482     1.6771      6.688   219.3718 9.1492e+02     7.2215     -0.110     -0.160     6.8394 0.0000e+00
     -0.101      0.043    12.1878    100.029     30.503  19.431295     1.6707      6.693   219.4848 9.0541e+02     7.1818     -0.099     -0.143     6.8401 0.0000e+00
     -0.089      0.043    12.1927    100.026     30.532  19.449738     1.6418      6.699   219.6016 8.7368e+02     7.1171     -0.086     -0.125     6.8413 0.0000e+00
     -0.078      0.044    12.1906    100.025     30.581  19.481281     1.6193      6.704   219.7509 8.1149e+02     7.1218     -0.075     -0.109     6.8444 0.0000e+00
     -0.068      0.045    12.1884    100.016     30.600  19.495666     1.6065      6.708   219.9138 7.6521e+02     7.1705     -0.067     -0.097     6.8486 0.0000e+00
     -0.058      0.047    12.1865    100.023     30.594  19.496869     1.6128      6.711   220.0230 7.5877e+02     7.2278     -0.057     -0.083     6.8507 0.0000e+00
     -0.046      0.048    12.1857    100.051     30.584  19.495819     1.6128      6.714   220.0379 7.5363e+02     7.2002     -0.046     -0.067     6.8500 0.0000e+00
     -0.031      0.049    12.1880    100.092     30.559  19.482980     1.5897      6.718   220.0940 7.3630e+02     7.1095     -0.031     -0.045     6.8495 0.0000e+00
     -0.016      0.051    12.1827    100.143     30.534  19.468440     1.5742      6.721   220.2719 7.6242e+02     7.1215     -0.014     -0.022     6.8526 0.0000e+00
     -0.004      0.055    12.1818    100.166     30.504  19.446813     1.5587      6.723   220.4676 7.6306e+02     7.1409     -0.002     -0.004     6.8613 0.0000e+00
      0.006      0.059    12.1831    100.154     30.456  19.411696     1.5345      6.726   220.5671 7.2173e+02     7.0707      0.006      0.008     6.8714 0.0000e+00
      0.019      0.061    12.1844    100.137     30.483  19.424248     1.5233      6.730   220.6153 6.9359e+02     7.0237      0.017      0.025     6.8778 0.0000e+00
      0.038      0.062    12.1936    100.111     30.562  19.471772     1.5233      6.734   220.7919 6.7216e+02     7.0512      0.036      0.052     6.8798 0.0000e+00
      0.059      0.062    12.1981    100.068     30.577  19.479092     1.5345      6.737   221.0669 6.4424e+02     7.1307      0.059      0.086     6.8749 0.0000e+00
      0.078      0.061    12.1963    100.041     30.534  19.449352     1.5424      6.741   221.2740 5.7929e+02     7.1644      0.079      0.115     6.8660 0.0000e+00
      0.092      0.059    12.1980    100.048     30.508  19.429193     1.5600      6.746   221.4029 5.1534e+02     7.1517      0.090      0.130     6.8580 0.0000e+00
      0.103      0.055    12.1975    100.059     30.508  19.425547     1.6140      6.750   221.5069 4.8657e+02     7.1819      0.101      0.146     6.8524 0.0000e+00
      0.115      0.052    12.1905    100.074     30.481  19.405270     1.6549      6.752   221.5845 4.7821e+02     7.1882      0.113      0.166     6.8514 0.0000e+00
      0.128      0.050    12.1863    100.101     30.438  19.374222     1.6628      6.755   221.6530 4.8849e+02     7.1248      0.125      0.182     6.8480 0.0000e+00
      0.142      0.049    12.1930    100.122     30.436  19.367148     1.6598      6.759   221.8195 5.1394e+02     7.0649      0.140      0.202     6.8393 0.0000e+00
      0.156      0.048    12.1957    100.126     30.467  19.383139     1.6521      6.763   222.0493 5.2929e+02     7.0786      0.154      0.223     6.8339 0.0000e+00
      0.169      0.048    12.1961    100.105     30.459  19.377361     1.6529      6.768   222.2794 5.2234e+02     7.1545      0.166      0.241     6.8321 0.0000e+00
      0.180      0.048    12.2042    100.063     30.434  19.360688     1.6609      6.772   222.6228 5.1797e+02     7.1624      0.178      0.259     6.8251 0.0000e+00
      0.189      0.048    12.2096    100.027     30.453  19.371748     1.6581      6.775   223.1044 5.1789e+02     7.1052      0.185      0.268     6.8137 0.0000e+00
      0.200      0.048    12.2127    100.000     30.473  19.384285     1.6687      6.779   223.6279 5.1107e+02     7.1125      0.194      0.282     6.8066 0.0000e+00
      0.215      0.050    12.2111     99.994     30.473  19.385467     1.7059      6.783   224.1339 5.1167e+02     7.1481      0.212      0.309     6.8064 0.0000e+00
      0.229      0.053    12.2031    100.023     30.474  19.386038     1.7167      6.787   224.4900 5.1440e+02     7.1258      0.226      0.328     6.8068 0.0000e+00
      0.240      0.054    12.2007    100.054     30.486  19.391193     1.6990      6.790   224.7507 5.0721e+02     7.0810      0.233      0.338     6.8030 0.0000e+00
      0.255      0.054    12.1976    100.067     30.482  19.384398     1.7165      6.792   225.0502 4.9359e+02     7.0845      0.249      0.360     6.8026 0.0000e+00
      0.272      0.051    12.1925    100.075     30.461  19.367263     1.7880      6.794   225.2715 4.7341e+02     7.1345      0.268      0.389     6.8069 0.0000e+00
      0.287      0.047    12.1996    100.069     30.476  19.374218     1.8473      6.797   225.4475 4.5729e+02     7.1733      0.281      0.408     6.8075 0.0000e+00
      0.298      0.042    12.2054    100.037     30.526  19.405087     1.8507      6.800   225.6294 4.4699e+02     7.1435      0.293      0.425     6.8033 0.0000e+00
      0.308      0.035    12.2074    100.002     30.555  19.423495     1.8535      6.802   225.7501 4.3814e+02     7.1170      0.304      0.440     6.7950 0.0000e+00
      0.315      0.028    12.2127     99.976     30.525  19.406576     1.8900      6.805   225.8737 4.3074e+02     7.1593      0.309      0.449     6.7859 0.0000e+00
      0.320      0.021    12.2137     99.953     30.494  19.390736     1.9094      6.807   226.0913 4.2756e+02     7.1428      0.314      0.456     6.7835 0.0000e+00
      0.325      0.016    12.2083     99.964     30.536  19.422175     1.9046      6.809   226.3164 4.3015e+02     7.0538      0.320      0.463     6.7830 0.0000e+00
      0.328      0.011    12.2027    100.019     30.604  19.469699     1.9154      6.812   226.4454 4.2425e+02     6.9721      0.323      0.469     6.7826 0.0000e+00
      0.330      0.004    12.2012    100.076     30.581  19.458148     1.9396      6.814   226.6182 4.0833e+02     6.9059      0.324      0.470     6.7855 0.0000e+00
      0.332     -0.003    12.1936    100.126     30.501  19.409315     1.9636      6.817   226.9426 3.9868e+02     6.9023      0.325      0.472     6.7915 0.0000e+00
      0.334     -0.008    12.1909    100.185     30.465  19.386465     1.9653      6.818   227.2696 4.0498e+02     6.9284      0.329      0.478     6.7998 0.0000e+00
      0.331     -0.013    12.1992    100.234     30.446  19.372076     1.9428      6.818   227.3024 4.2420e+02     6.9833      0.328      0.475     6.8079 0.0000e+00
      0.321     -0.019    12.2045    100.247     30.437  19.362136     1.9258      6.817   226.9953 4.3724e+02     7.1223      0.314      0.455     6.8131 0.0000e+00
      0.312     -0.025    12.2075    100.227     30.488  19.393082     1.9163      6.817   226.7401 4.3466e+02     7.2074      0.303      0.439     6.8172 0.0000e+00
      0.311     -0.030    12.2159    100.207     30.541  19.429235     1.9115      6.819   226.8839 4.2941e+02     7.1932      0.306      0.443     6.8182 0.0000e+00
      0.307     -0.029    12.2250    100.221     30.521  19.418850     1.9015      6.822   227.3573 4.3394e+02     7.1552      0.306      0.444     6.8131 0.0000e+00
      0.293     -0.022    12.2286    100.251     30.483  19.394327     1.8790      6.824   227.8174 4.4577e+02     7.1229      0.289      0.420     6.8047 0.0000e+00
      0.278     -0.015    12.2267    100.280     30.478  19.386334     1.8631      6.825   227.9731 4.5399e+02     7.1448      0.269      0.390     6.8006 0.0000e+00
      0.272     -0.010    12.2193    100.295     30.488  19.385609     1.8423      6.825   227.8639 4.7882e+02     7.1470      0.262      0.381     6.8055 0.0000e+00
      0.277     -0.004    12.2210    100.281     30.497  19.385558     1.8110      6.825   227.8732 5.3093e+02     7.0815      0.270      0.392     6.8134 0.0000e+00
      0.287      0.004    12.2254    100.256     30.500  19.385708     1.8265      6.826   228.1715 5.5565e+02     7.0699      0.285      0.413     6.8140 0.0000e+00
      0.292      0.011    12.2314    100.235     30.502  19.387421     1.8881      6.828   228.4588 5.5095e+02     7.1432      0.291      0.422     6.8034 0.0000e+00
      0.290      0.017    12.2398    100.205     30.529  19.406275     1.9233      6.832   228.5944 5.3916e+02     7.1827      0.283      0.412     6.7898 0.0000e+00
      0.287      0.022    12.2395    100.178     30.553  19.423462     1.9189      6.837   228.7787 4.9165e+02     7.1374      0.278      0.404     6.7795 0.0000e+00
      0.291      0.028    12.2362    100.172     30.520  19.405027     1.9354      6.841   229.0520 4.4132e+02     7.1078      0.283      0.410     6.7758 0.0000e+00
      0.303      0.036    12.2346    100.146     30.468  19.373588     2.0054      6.845   229.2317 4.1677e+02     7.2006      0.295      0.429     6.7793 0.0000e+00
      0.319      0.041    12.2298    100.106     30.448  19.360337     2.0666      6.848   229.2306 4.0547e+02     7.2349      0.313      0.455     6.7816 0.0000e+00
      0.334      0.042    12.2219    100.086     30.469  19.371608     2.0758      6.848   229.2113 4.0687e+02     7.1126      0.330      0.477     6.7844 0.0000e+00
      0.346      0.037    12.2248    100.077     30.490  19.383068     2.0589      6.848   229.3428 4.0602e+02     7.0877      0.340      0.493     6.7908 0.0000e+00
      0.355      0.030    12.2195    100.070     30.475  19.372092     2.0367      6.849   229.5296 3.9208e+02     7.1736      0.348      0.505     6.7936 0.0000e+00
      0.360      0.027    12.2116    100.047     30.469  19.365699     2.0246      6.852   229.7500 3.7537e+02     7.1946      0.356      0.516     6.7915 0.0000e+00
      0.361      0.029    12.2137    100.016     30.481  19.369166     2.0197      6.854   230.1145 3.6912e+02     7.1356      0.355      0.514     6.7876 0.0000e+00
      0.362      0.037    12.2113     99.986     30.460  19.350608     2.0113      6.856   230.4936 3.6598e+02     7.0753      0.351      0.511     6.7847 0.0000e+00
      0.369      0.047    12.2140     99.955     30.439  19.331518     2.0394      6.858   230.8067 3.5573e+02     7.1144      0.360      0.522     6.7828 0.0000e+00
      0.385      0.056    12.2113     99.943     30.441  19.328547     2.1016      6.860   231.0613 3.4244e+02     7.1991      0.375      0.543     6.7779 0.0000e+00
      0.409      0.062    12.2082     99.941     30.423  19.314685     2.1303      6.861   231.2483 3.3316e+02     7.1768      0.401      0.581     6.7713 0.0000e+00
      0.433      0.065    12.2097     99.936     30.385  19.290715     2.1279      6.863   231.3471 3.3083e+02     7.0843      0.429      0.622     6.7623 0.0000e+00
      0.450      0.062    12.2055     99.936     30.385  19.292326     2.1563      6.864   231.3961 3.2869e+02     7.0710      0.443      0.642     6.7522 0.0000e+00
      0.462      0.057    12.2083     99.960     30.448  19.334157     2.2248      6.865   231.5820 3.2306e+02     7.1528      0.452      0.656     6.7453 0.0000e+00
      0.473      0.050    12.2096    100.003     30.475  19.352696     2.2651      6.868   231.7022 3.1870e+02     7.1849      0.465      0.674     6.7410 0.0000e+00
      0.484      0.045    12.2086    100.038     30.433  19.326268     2.2607      6.871   231.5582 3.1865e+02     7.1178      0.476      0.690     6.7413 0.0000e+00
      0.495      0.044    12.2062    100.067     30.442  19.331622     2.2628      6.874   231.4765 3.2341e+02     7.0927      0.485      0.704     6.7454 0.0000e+00
      0.506      0.045    12.2076    100.081     30.480  19.354030     2.2904      6.875   231.5745 3.2778e+02     7.1545      0.496      0.719     6.7494 0.0000e+00
      0.518      0.048    12.2152    100.076     30.466  19.343598     2.3112      6.877   231.7108 3.3251e+02     7.1484      0.508      0.736     6.7512 0.0000e+00
      0.529      0.051    12.2179    100.082     30.451  19.332298     2.3143      6.879   231.8335 3.3474e+02     7.0528      0.519      0.752     6.7507 0.0000e+00
      0.541      0.053    12.2231    100.088     30.473  19.344195     2.3872      6.882   231.8540 3.2572e+02     7.0575      0.531      0.769     6.7494 0.0000e+00
      0.556      0.055    12.2262    100.062     30.502  19.360650     2.5349      6.886   231.7865 3.1733e+02     7.1366      0.545      0.791     6.7476 0.0000e+00
      0.572      0.059    12.2231    100.024     30.472  19.341044     2.6101      6.890   231.7905 3.1585e+02     7.1554      0.560      0.814     6.7448 0.0000e+00
      0.588      0.065    12.2257     99.996     30.402  19.297344     2.5977      6.893   231.9887 3.1312e+02     7.1479      0.578      0.839     6.7423 0.0000e+00
      0.603      0.074    12.2307     99.980     30.372  19.276081     2.6514      6.897   232.2905 3.1039e+02     7.1488      0.591      0.857     6.7385 0.0000e+00
      0.618      0.086    12.2265     99.960     30.383  19.274149     2.7925      6.897   232.6005 3.0824e+02     7.1665      0.603      0.874     6.7333 0.0000e+00
      0.639      0.101    12.2216     99.916     30.403  19.273980     2.8800      6.897   232.8978 3.0337e+02     7.1561      0.624      0.905     6.7321 0.0000e+00
      0.666      0.115    12.2165     99.830     30.422  19.274017     2.8861      6.899   233.0459 2.9396e+02     7.0918      0.652      0.946     6.7368 0.0000e+00
