Data/DataNotYetUploadedToEDI/Raw_CTD/RawDownloads/031025_fcr20_S7809003.cnv
* Sea-Bird SBE19plus  Data File:
* FileName = C:\R\Reservoirs\Data\DataNotYetUploadedToEDI\Raw_CTD\RawDownloads\031025_fcr50_S7809_0003.hex
* Software version 2.8.0.119
* Temperature SN = 7809
* Conductivity SN = 7809
* System UpLoad Time = Mar 13 2025 14:42:17
* <ApplicationData>
* <Seaterm232>
# nquan = 15
# nvalues = 671                         
# units = specified
# name 0 = depFM: Depth [fresh water, m]
# name 1 = dz/dtM: Descent Rate [m/s]
# name 2 = sbeox0Mg/L: Oxygen, SBE 43 [mg/l]
# name 3 = sbeox0PS: Oxygen, SBE 43 [% saturation]
# name 4 = specc: Specific Conductance [uS/cm]
# name 5 = c0uS/cm: Conductivity [uS/cm]
# name 6 = flECO-AFL: Fluorescence, WET Labs ECO-AFL/FL [mg/m^3]
# name 7 = ph: pH
# name 8 = orp: Oxidation Reduction Potential [mV]
# name 9 = par/sat/log: PAR/Logarithmic, Satlantic
# name 10 = turbWETntu0: Turbidity, WET Labs ECO [NTU]
# name 11 = prdM: Pressure, Strain Gauge [db]
# name 12 = prdE: Pressure, Strain Gauge [psi]
# name 13 = tv290C: Temperature [ITS-90, deg C]
# name 14 = flag:  0.000e+00
# span 0 =     -0.689,      3.209       
# span 1 =     -0.333,      0.218       
# span 2 =     9.5576,    12.8170       
# span 3 =     78.803,    105.010       
# span 4 =      1.401,     31.051       
# span 5 =   0.914030,  19.773564       
# span 6 =    -0.1002,    46.7009       
# span 7 =      7.650,      8.068       
# span 8 =     5.5356,   254.3387       
# span 9 = 2.5431e+01, 1.5498e+03       
# span 10 =    -0.2671,   242.8137      
# span 11 =     -0.677,      3.147      
# span 12 =     -0.982,      4.565      
# span 13 =     6.3218,     7.6292      
# span 14 = 0.0000e+00, 0.0000e+00      
# interval = seconds: 0.25
# start_time = Mar 10 2025 13:21:09 [Instrument's time stamp, header]
# bad_flag = -9.990e-29
*END*
[from data line 386]
      2.252      0.059    11.7516     95.046     30.646  19.258877     5.8465      7.943   244.3134 6.8890e+01     6.2860      2.205      3.197     6.4298 0.0000e+00
      2.265      0.067    11.7448     94.969     30.642  19.254266     5.8495      7.943   244.4643 6.7208e+01     6.3744      2.214      3.210     6.4279 0.0000e+00
      2.295      0.071    11.7258     94.894     30.654  19.260658     5.8416      7.943   244.5621 6.4788e+01     6.3744      2.249      3.262     6.4267 0.0000e+00
      2.331      0.070    11.7100     94.838     30.675  19.272766     5.8339      7.943   244.5492 6.2902e+01     6.3537      2.293      3.325     6.4251 0.0000e+00
      2.355      0.065    11.7067     94.803     30.677  19.273861     5.8142      7.942   244.5663 6.2245e+01     6.3291      2.317      3.360     6.4205 0.0000e+00
      2.365      0.055    11.6964     94.793     30.677  19.273898     5.7620      7.942   244.6830 6.2273e+01     6.2135      2.322      3.367     6.4162 0.0000e+00
      2.366      0.045    11.6871     94.783     30.677  19.273223     5.7194      7.943   244.7553 6.2222e+01     6.0837      2.320      3.365     6.4138 0.0000e+00
      2.369      0.039    11.6813     94.766     30.668  19.265689     5.7224      7.943   244.8381 6.1713e+01     6.0231      2.320      3.365     6.4129 0.0000e+00
      2.379      0.038    11.6754     94.774     30.641  19.246208     5.7821      7.943   244.9956 6.0718e+01     6.0959      2.329      3.379     6.4128 0.0000e+00
      2.395      0.043    11.6764     94.813     30.615  19.227869     5.8761      7.944   245.1109 5.9610e+01     6.2460      2.348      3.406     6.4133 0.0000e+00
      2.412      0.048    11.6762     94.842     30.627  19.234156     5.9184      7.945   245.2008 5.8884e+01     6.3011      2.367      3.433     6.4130 0.0000e+00
      2.423      0.052    11.6724     94.853     30.668  19.258831     5.9017      7.946   245.2222 5.8455e+01     6.2838      2.378      3.449     6.4091 0.0000e+00
      2.432      0.053    11.6742     94.858     30.692  19.272608     5.8825      7.946   245.1967 5.7807e+01     6.3101      2.383      3.456     6.4037 0.0000e+00
      2.444      0.052    11.6836     94.849     30.697  19.273921     5.8686      7.946   245.2369 5.6843e+01     6.3464      2.395      3.474     6.4007 0.0000e+00
      2.461      0.051    11.6874     94.847     30.701  19.274711     5.8514      7.945   245.2780 5.5855e+01     6.3464      2.414      3.501     6.3992 0.0000e+00
      2.477      0.051    11.6871     94.851     30.716  19.282152     5.8399      7.944   245.2627 5.4991e+01     6.3445      2.430      3.524     6.3979 0.0000e+00
      2.491      0.052    11.6914     94.828     30.749  19.300493     5.8376      7.943   245.3102 5.4303e+01     6.3573      2.444      3.543     6.3952 0.0000e+00
      2.502      0.052    11.6883     94.784     30.764  19.306258     5.8161      7.942   245.4233 5.3798e+01     6.3992      2.455      3.560     6.3918 0.0000e+00
      2.512      0.051    11.6884     94.735     30.744  19.288453     5.7710      7.942   245.5112 5.3255e+01     6.4066      2.462      3.571     6.3899 0.0000e+00
      2.523      0.051    11.6932     94.681     30.730  19.275422     5.7416      7.942   245.5987 5.2452e+01     6.3443      2.472      3.584     6.3870 0.0000e+00
      2.538      0.051    11.6896     94.617     30.735  19.275489     5.7270      7.942   245.7061 5.1520e+01     6.3635      2.488      3.610     6.3833 0.0000e+00
      2.554      0.051    11.6856     94.537     30.759  19.289265     5.6776      7.944   245.7775 5.0773e+01     6.4341      2.506      3.635     6.3779 0.0000e+00
      2.568      0.052    11.6824     94.432     30.803  19.315188     5.6023      7.945   245.7742 5.0253e+01     6.4119      2.519      3.653     6.3672 0.0000e+00
      2.579      0.054    11.6788     94.292     30.838  19.335308     5.5576      7.946   245.8383 4.9759e+01     6.3346      2.529      3.668     6.3584 0.0000e+00
      2.590      0.057    11.6720     94.138     30.853  19.342328     5.5357      7.948   245.9501 4.9136e+01     6.2844      2.540      3.684     6.3552 0.0000e+00
      2.603      0.061    11.6627     93.990     30.848  19.336669     5.4800      7.948   246.0081 4.8349e+01     6.3171      2.551      3.700     6.3533 0.0000e+00
      2.619      0.066    11.6521     93.848     30.842  19.330289     5.3995      7.948   246.0228 4.7441e+01     6.3890      2.566      3.722     6.3514 0.0000e+00
      2.639      0.067    11.6333     93.716     30.842  19.328577     5.3539      7.948   246.0413 4.6432e+01     6.3678      2.587      3.752     6.3486 0.0000e+00
      2.661      0.065    11.6150     93.589     30.824  19.315964     5.3360      7.948   246.1466 4.5395e+01     6.2996      2.609      3.784     6.3446 0.0000e+00
      2.682      0.062    11.5985     93.454     30.807  19.304599     5.3573      7.948   246.2628 4.4546e+01     6.3170      2.631      3.816     6.3398 0.0000e+00
      2.697      0.061    11.5818     93.320     30.829  19.317954     5.4204      7.948   246.3274 4.4107e+01     6.3727      2.649      3.841     6.3355 0.0000e+00
      2.705      0.062    11.5660     93.153     30.882  19.350641     5.4580      7.948   246.3264 4.3898e+01     6.3918      2.653      3.848     6.3326 0.0000e+00
      2.712      0.063    11.5533     92.969     30.935  19.382804     5.4616      7.949   246.3365 4.3327e+01     6.4119      2.655      3.850     6.3311 0.0000e+00
      2.728      0.065    11.5335     92.807     30.948  19.389832     5.4393      7.949   246.4504 4.2232e+01     6.5132      2.672      3.875     6.3299 0.0000e+00
      2.753      0.067    11.5214     92.625     30.922  19.372216     5.3971      7.948   246.4978 4.1081e+01     6.6598      2.700      3.917     6.3293 0.0000e+00
      2.777      0.067    11.5012     92.463     30.903  19.360015     5.3595      7.947   246.4798 4.0255e+01     6.6814      2.726      3.954     6.3286 0.0000e+00
      2.796      0.063    11.4713     92.344     30.918  19.369115     5.3336      7.947   246.5767 3.9663e+01     6.6034      2.743      3.979     6.3262 0.0000e+00
      2.810      0.058    11.4621     92.226     30.896  19.355435     5.3260      7.947   246.7225 3.9147e+01     6.6054      2.755      3.997     6.3242 0.0000e+00
      2.820      0.056    11.4325     92.129     30.842  19.321406     5.3260      7.947   246.8668 3.8836e+01     6.6024      2.767      4.013     6.3233 0.0000e+00
      2.827      0.057    11.4116     92.075     30.868  19.338077     5.3160      7.947   246.9443 3.8605e+01     6.4990      2.773      4.021     6.3224 0.0000e+00
      2.837      0.061    11.4023     92.023     30.914  19.366799     5.2966      7.947   246.9712 3.8015e+01     6.4146      2.778      4.029     6.3222 0.0000e+00
      2.856      0.063    11.3846     91.953     30.890  19.351681     5.2751      7.947   247.1064 3.7033e+01     6.3667      2.797      4.058     6.3221 0.0000e+00
      2.881      0.060    11.3712     91.893     30.880  19.345488     5.2881      7.946   247.2879 3.6018e+01     6.3645      2.825      4.098     6.3219 0.0000e+00
      2.904      0.054    11.3675     91.838     30.895  19.355318     5.3376      7.945   247.4454 3.5350e+01     6.4218      2.852      4.137     6.3218 0.0000e+00
      2.919      0.044    11.3631     91.780     30.876  19.343746     5.3578      7.944   247.5484 3.5160e+01     6.4457      2.868      4.159     6.3218 0.0000e+00
      2.923      0.033    11.3501     91.737     30.857  19.332361     5.3416      7.945   247.5863 3.5177e+01     6.4145      2.868      4.159     6.3221 0.0000e+00
      2.923      0.023    11.3453     91.718     30.876  19.344467     5.3328      7.945   247.5591 3.5124e+01     6.4538      2.865      4.155     6.3224 0.0000e+00
      2.924      0.018    11.3381     91.720     30.906  19.363322     5.3429      7.946   247.4773 3.4916e+01     6.6135      2.866      4.157     6.3229 0.0000e+00
      2.929      0.019    11.3299     91.751     30.917  19.370134     5.3555      7.947   247.4584 3.4628e+01     6.7060      2.873      4.166     6.3236 0.0000e+00
      2.935      0.026    11.3234     91.808     30.906  19.363426     5.3515      7.948   247.5026 3.4391e+01     6.6491      2.879      4.175     6.3241 0.0000e+00
      2.940      0.036    11.3222     91.872     30.878  19.345611     5.3620      7.949   247.4958 3.4183e+01     6.6435      2.884      4.183     6.3246 0.0000e+00
      2.947      0.046    11.3212     91.935     30.877  19.344936     5.4158      7.949   247.4623 3.3810e+01     6.7740      2.889      4.189     6.3248 0.0000e+00
      2.960      0.051    11.3249     91.985     30.895  19.355273     5.4523      7.947   247.4418 3.3152e+01     6.8614      2.900      4.207     6.3249 0.0000e+00
      2.980      0.053    11.3338     92.024     30.877  19.343793     5.4449      7.945   247.5056 3.2416e+01     6.8463      2.922      4.238     6.3254 0.0000e+00
      3.001      0.052    11.3409     92.076     30.860  19.332933     5.4348      7.945   247.7178 3.1805e+01     6.8310      2.945      4.270     6.3253 0.0000e+00
      3.016      0.051    11.3502     92.142     30.888  19.350766     5.4141      7.945   247.8571 3.1396e+01     6.8466      2.962      4.295     6.3243 0.0000e+00
      3.025      0.050    11.3567     92.176     30.917  19.369210     5.3778      7.946   247.8125 3.1205e+01     6.8651      2.968      4.305     6.3232 0.0000e+00
      3.029      0.048    11.3602     92.166     30.911  19.365733     5.3536      7.946   247.6949 3.1007e+01     6.8486      2.968      4.305     6.3226 0.0000e+00
      3.038      0.047    11.3656     92.144     30.921  19.372126     5.3382      7.946   247.7260 3.0564e+01     6.8528      2.976      4.316     6.3220 0.0000e+00
      3.054      0.048    11.3778     92.110     30.938  19.383101     5.3582      7.946   247.9301 2.9950e+01     7.0868      2.995      4.344     6.3218 0.0000e+00
      3.072      0.049    11.3825     92.075     30.920  19.371631     5.4199      7.947   248.0121 2.9397e+01     7.4567      3.015      4.372     6.3224 0.0000e+00
      3.087      0.050    11.3774     92.046     30.901  19.360246     5.4519      7.949   247.8561 2.9041e+01     7.5679      3.029      4.392     6.3234 0.0000e+00
      3.097      0.049    11.3761     92.002     30.920  19.372250     5.4537      7.949   247.5927 2.8815e+01     7.5425      3.038      4.406     6.3242 0.0000e+00
      3.106      0.048    11.3714     91.955     30.948  19.389970     5.5330      7.950   247.4088 2.8520e+01     8.2772      3.045      4.417     6.3245 0.0000e+00
      3.116      0.048    11.3652     91.934     30.939  19.384292     5.6952      7.950   247.3536 2.8105e+01     9.6877      3.054      4.430     6.3245 0.0000e+00
      3.129      0.048    11.3647     91.922     30.912  19.367001     5.8086      7.951   247.3553 2.7660e+01    10.4892      3.067      4.449     6.3246 0.0000e+00
      3.144      0.047    11.3582     91.908     30.919  19.371109     5.9883      7.952   247.3431 2.7242e+01    11.2381      3.083      4.471     6.3250 0.0000e+00
      3.159      0.044    11.3491     91.912     30.918  19.370553     7.9015      7.952   247.2922 2.6895e+01    19.4605      3.098      4.494     6.3252 0.0000e+00
      3.171      0.040    11.3493     91.926     30.902  19.360278    11.4372      7.952   247.3419 2.6652e+01    34.6183      3.111      4.513     6.3249 0.0000e+00
      3.179      0.034    11.3485     91.944     30.923  19.373687    13.4064      7.952   247.5997 2.6460e+01    43.0132      3.118      4.523     6.3246 0.0000e+00
      3.186      0.028    11.3445     91.965     30.975  19.405877    14.0502      7.951   247.8278 2.6277e+01    45.9819      3.124      4.530     6.3246 0.0000e+00
      3.192      0.022    11.3462     91.976     31.017  19.432470    19.4041      7.950   247.7772 2.6126e+01    71.4686      3.130      4.540     6.3246 0.0000e+00
      3.197      0.017    11.3483     91.992     31.032  19.441625    29.2073      7.950   247.6764 2.6021e+01   118.1353      3.135      4.547     6.3244 0.0000e+00
      3.201      0.013    11.3498     92.019     31.051  19.453162    34.5587      7.950   247.7279 2.5965e+01   143.6763      3.139      4.553     6.3241 0.0000e+00
      3.203      0.011    11.3545     92.015     31.037  19.445160    35.0847      7.950   247.7978 2.5903e+01   146.2221      3.141      4.556     6.3238 0.0000e+00
      3.204      0.008    11.3544     91.968     30.978  19.408279    35.4016      7.950   247.9195 2.5803e+01   148.5742      3.142      4.557     6.3235 0.0000e+00
      3.206      0.006    11.3551     91.897     30.944  19.387640    38.3565      7.951   248.0801 2.5713e+01   173.2085      3.144      4.559     6.3232 0.0000e+00
      3.207      0.004    11.3619     91.801     30.941  19.385815    43.7868      7.952   248.1911 2.5638e+01   218.4510      3.145      4.562     6.3231 0.0000e+00
      3.209      0.002    11.3622     91.709     30.941  19.386216    46.7009      7.953   248.3147 2.5551e+01   242.8137      3.147      4.564     6.3237 0.0000e+00
      3.209     -0.003    11.3532     91.649     30.951  19.392488    46.4408      7.952   248.5427 2.5477e+01   241.8800      3.147      4.565     6.3248 0.0000e+00
      3.209     -0.015    11.3461     91.581     30.960  19.398250    40.7825      7.951   248.8826 2.5431e+01   207.7762      3.147      4.564     6.3256 0.0000e+00
      3.208     -0.037    11.3326     91.499     30.950  19.392486    30.3734      7.951   249.2401 2.5436e+01   144.8364      3.147      4.565     6.3262 0.0000e+00
      3.204     -0.067    11.3178     91.471     30.939  19.386199    24.6657      7.949   249.5110 2.5611e+01   110.3022      3.145      4.562     6.3265 0.0000e+00
      3.192     -0.100    11.3145     91.515     30.936  19.385642    23.7240      7.948   249.6629 2.6190e+01   104.9712      3.137      4.550     6.3265 0.0000e+00
      3.162     -0.125    11.3068     91.563     30.933  19.385751    19.0047      7.948   249.7855 2.7381e+01    80.0722      3.109      4.508     6.3265 0.0000e+00
      3.112     -0.136    11.2922     91.605     30.933  19.387513    10.4604      7.947   249.8750 2.9081e+01    35.0092      3.055      4.431     6.3265 0.0000e+00
      3.052     -0.136    11.2855     91.675     30.963  19.406947     5.8195      7.945   250.0574 3.0747e+01    10.5447      2.990      4.336     6.3279 0.0000e+00
      3.004     -0.130    11.2974     91.756     31.002  19.430526     5.4144      7.944   250.2693 3.1632e+01     8.3605      2.934      4.257     6.3305 0.0000e+00
      2.981     -0.120    11.3019     91.822     30.985  19.418998     5.3865      7.944   250.2859 3.1657e+01     8.1560      2.916      4.230     6.3330 0.0000e+00
      2.976     -0.105    11.3023     91.898     30.946  19.394371     5.3913      7.945   250.3441 3.1747e+01     8.1749      2.923      4.240     6.3363 0.0000e+00
      2.961     -0.085    11.3133     91.989     30.931  19.386369     5.3974      7.946   250.4574 3.2657e+01     8.2471      2.913      4.225     6.3378 0.0000e+00
      2.927     -0.068    11.3252     92.053     30.929  19.385642     5.4023      7.945   250.4504 3.3914e+01     8.3453      2.872      4.165     6.3359 0.0000e+00
      2.892     -0.053    11.3326     92.107     30.930  19.385582     5.3840      7.945   250.4316 3.4624e+01     8.7134      2.828      4.101     6.3342 0.0000e+00
      2.875     -0.038    11.3390     92.168     30.931  19.385642     5.2501      7.945   250.4888 3.4535e+01    12.9039      2.812      4.078     6.3345 0.0000e+00
      2.878     -0.023    11.3563     92.208     30.934  19.386369     5.0326      7.945   250.6260 3.3925e+01    20.7193      2.820      4.089     6.3365 0.0000e+00
