Data/DataNotYetUploadedToEDI/Raw_CTD/RawDownloads/031025_fcr50_S7809006.cnv
* Sea-Bird SBE19plus  Data File:
* FileName = C:\R\Reservoirs\Data\DataNotYetUploadedToEDI\Raw_CTD\RawDownloads\031025_fcr50_S7809_0006.hex
* Software version 2.8.0.119
* Temperature SN = 7809
* Conductivity SN = 7809
* System UpLoad Time = Mar 13 2025 14:43:35
* <ApplicationData>
* <Seaterm232>
# nquan = 15
# nvalues = 1168                        
# units = specified
# name 0 = depFM: Depth [fresh water, m]
# name 1 = dz/dtM: Descent Rate [m/s]
# name 2 = sbeox0Mg/L: Oxygen, SBE 43 [mg/l]
# name 3 = sbeox0PS: Oxygen, SBE 43 [% saturation]
# name 4 = specc: Specific Conductance [uS/cm]
# name 5 = c0uS/cm: Conductivity [uS/cm]
# name 6 = flECO-AFL: Fluorescence, WET Labs ECO-AFL/FL [mg/m^3]
# name 7 = ph: pH
# name 8 = orp: Oxidation Reduction Potential [mV]
# name 9 = par/sat/log: PAR/Logarithmic, Satlantic
# name 10 = turbWETntu0: Turbidity, WET Labs ECO [NTU]
# name 11 = prdM: Pressure, Strain Gauge [db]
# name 12 = prdE: Pressure, Strain Gauge [psi]
# name 13 = tv290C: Temperature [ITS-90, deg C]
# name 14 = flag:  0.000e+00
# span 0 =     -0.701,      9.487       
# span 1 =     -0.338,      0.244       
# span 2 =     3.2387,    13.1940       
# span 3 =     27.838,    108.446       
# span 4 =      1.471,     96.385       
# span 5 =   0.954548,  60.292657       
# span 6 =    -0.2352,     7.2995       
# span 7 =      8.205,      8.527       
# span 8 =   221.9695,  1238.3579       
# span 9 = 1.2368e-01, 8.7707e+02       
# span 10 =     0.1627,    81.6430      
# span 11 =     -0.687,      9.305      
# span 12 =     -0.998,     13.496      
# span 13 =     6.2671,     7.8882      
# span 14 = 0.0000e+00, 0.0000e+00      
# interval = seconds: 0.25
# start_time = Mar 10 2025 13:53:40 [Instrument's time stamp, header]
# bad_flag = -9.990e-29
*END*
[from data line 386]
      2.260      0.086    12.1933    101.416     30.477  19.748166     4.4592      8.449   252.7577 4.3653e+01     3.5864      2.217      3.215     7.3944 0.0000e+00
      2.280      0.089    12.1896    101.427     30.477  19.748204     4.3876      8.450   253.0385 4.3315e+01     3.4816      2.234      3.241     7.3957 0.0000e+00
      2.300      0.090    12.1883    101.422     30.478  19.748670     4.3483      8.449   253.0889 4.2928e+01     3.4976      2.254      3.269     7.3966 0.0000e+00
      2.325      0.090    12.1875    101.403     30.486  19.753804     4.3499      8.449   252.8509 4.2390e+01     3.6082      2.279      3.305     7.3965 0.0000e+00
      2.350      0.090    12.1891    101.398     30.476  19.746879     4.3405      8.450   252.3125 4.1830e+01     3.6581      2.307      3.346     7.3963 0.0000e+00
      2.375      0.088    12.1911    101.417     30.448  19.728331     4.3345      8.452   251.9127 4.1311e+01     3.6231      2.330      3.381     7.3966 0.0000e+00
      2.399      0.084    12.1910    101.448     30.435  19.719747     4.3277      8.452   251.8889 4.0759e+01     3.5264      2.352      3.412     7.3971 0.0000e+00
      2.419      0.079    12.1866    101.479     30.415  19.706495     4.3331      8.451   252.0256 4.0297e+01     3.4794      2.373      3.443     7.3969 0.0000e+00
      2.437      0.074    12.1860    101.508     30.397  19.694902     4.4078      8.451   252.0169 3.9887e+01     3.6019      2.390      3.467     7.3958 0.0000e+00
      2.453      0.071    12.1895    101.541     30.414  19.706381     4.5069      8.452   251.9559 3.9382e+01     3.7433      2.406      3.489     7.3946 0.0000e+00
      2.470      0.071    12.1938    101.580     30.433  19.718478     4.5326      8.452   252.0617 3.8870e+01     3.7544      2.423      3.514     7.3941 0.0000e+00
      2.487      0.074    12.1980    101.620     30.427  19.714373     4.5189      8.453   252.6081 3.8384e+01     3.7356      2.439      3.537     7.3941 0.0000e+00
      2.506      0.079    12.2007    101.641     30.437  19.720147     4.5581      8.454   253.3144 3.7829e+01     3.7208      2.456      3.562     7.3942 0.0000e+00
      2.526      0.082    12.2045    101.617     30.448  19.724881     4.6311      8.455   253.2873 3.7224e+01     3.6782      2.476      3.591     7.3943 0.0000e+00
      2.548      0.083    12.2094    101.562     30.429  19.708210     4.6530      8.456   252.9688 3.6604e+01     3.6310      2.498      3.623     7.3946 0.0000e+00
      2.573      0.082    12.2148    101.514     30.438  19.708782     4.6400      8.457   252.9912 3.5945e+01     3.6282      2.523      3.660     7.3949 0.0000e+00
      2.597      0.079    12.2193    101.470     30.479  19.731798     4.6568      8.457   252.8704 3.5366e+01     3.6445      2.550      3.698     7.3940 0.0000e+00
      2.617      0.074    12.2171    101.406     30.482  19.732886     4.7317      8.457   252.5406 3.4993e+01     3.5888      2.569      3.725     7.3910 0.0000e+00
      2.632      0.068    12.2096    101.345     30.462  19.721928     4.8290      8.457   252.4448 3.4696e+01     3.5012      2.581      3.744     7.3830 0.0000e+00
      2.647      0.063    12.2077    101.299     30.464  19.726115     4.8676      8.457   253.2613 3.4376e+01     3.4733      2.596      3.765     7.3723 0.0000e+00
      2.662      0.061    12.2071    101.268     30.452  19.720112     4.8737      8.457   254.7550 3.4125e+01     3.4900      2.610      3.787     7.3654 0.0000e+00
      2.676      0.062    12.1968    101.264     30.441  19.712750     4.9865      8.457   255.4481 3.3914e+01     3.5672      2.624      3.807     7.3654 0.0000e+00
      2.691      0.065    12.1877    101.279     30.427  19.700497     5.1829      8.457   255.3609 3.3612e+01     3.6890      2.638      3.826     7.3701 0.0000e+00
      2.708      0.070    12.1821    101.298     30.339  19.635359     5.2842      8.458   255.3354 3.3216e+01     3.7334      2.654      3.849     7.3746 0.0000e+00
      2.727      0.075    12.1747    101.305     30.253  19.559182     5.3117      8.459   255.1392 3.2844e+01     3.7964      2.675      3.880     7.3776 0.0000e+00
      2.747      0.080    12.1760    101.248     30.286  19.540250     5.5162      8.461   254.6236 3.2494e+01     3.9041      2.694      3.907     7.3789 0.0000e+00
      2.768      0.086    12.1792    101.041     30.357  19.533216     5.8842      8.462   254.8662 3.2042e+01     3.9087      2.714      3.935     7.3742 0.0000e+00
      2.791      0.092    12.1850    100.718     30.344  19.474087     6.0743      8.463   256.0073 3.1552e+01     3.8514      2.738      3.972     7.3643 0.0000e+00
      2.814      0.097    12.1944    100.416     30.296  19.395892     6.0917      8.463   256.5475 3.1085e+01     3.7923      2.761      4.004     7.3397 0.0000e+00
      2.838      0.101    12.2153    100.101     30.304  19.348528     6.2272      8.463   256.4927 3.0502e+01     3.8093      2.782      4.034     7.2678 0.0000e+00
      2.867      0.103    12.2221     99.738     30.383  19.345172     6.4724      8.463   256.6359 2.9840e+01     3.8520      2.810      4.076     7.1658 0.0000e+00
      2.897      0.101    12.1935     99.433     30.468  19.355260     6.5924      8.465   256.6442 2.9265e+01     3.7961      2.841      4.122     7.0846 0.0000e+00
      2.926      0.096    12.1852     99.253     30.493  19.343656     6.5882      8.466   256.3351 2.8741e+01     3.7830      2.869      4.162     7.0137 0.0000e+00
      2.951      0.090    12.1780     99.216     30.498  19.331641     6.5717      8.466   256.1673 2.8293e+01     3.8295      2.896      4.201     6.9256 0.0000e+00
      2.971      0.083    12.1537     99.305     30.521  19.336785     6.4596      8.466   256.0788 2.7999e+01     3.8450      2.914      4.228     6.8270 0.0000e+00
      2.988      0.076    12.1394     99.447     30.544  19.342436     6.2650      8.465   256.0385 2.7721e+01     3.8348      2.929      4.248     6.7497 0.0000e+00
      3.006      0.071    12.1291     99.581     30.546  19.336558     6.1581      8.465   256.2828 2.7401e+01     3.8087      2.947      4.275     6.7086 0.0000e+00
      3.023      0.070    12.1297     99.716     30.543  19.329117     6.1483      8.466   256.4508 2.7126e+01     3.8362      2.965      4.301     6.6895 0.0000e+00
      3.039      0.072    12.1494     99.855     30.530  19.315858     6.2129      8.467   256.4358 2.6872e+01     3.8603      2.980      4.322     6.6763 0.0000e+00
      3.055      0.076    12.1745     99.947     30.516  19.303036     6.3239      8.468   256.6174 2.6550e+01     3.7929      2.995      4.345     6.6620 0.0000e+00
      3.075      0.079    12.1931     99.978     30.517  19.300891     6.3668      8.469   256.9257 2.6107e+01     3.7379      3.014      4.372     6.6497 0.0000e+00
      3.099      0.079    12.2111     99.988     30.503  19.289926     6.3659      8.468   257.0672 2.5577e+01     3.8109      3.039      4.407     6.6407 0.0000e+00
      3.123      0.077    12.2347     99.991     30.517  19.297252     6.3289      8.468   256.5207 2.5086e+01     3.9230      3.064      4.444     6.6321 0.0000e+00
      3.145      0.072    12.2497     99.991     30.563  19.326069     6.2280      8.468   255.4805 2.4717e+01     3.9324      3.085      4.476     6.6245 0.0000e+00
      3.163      0.068    12.2498     99.982     30.553  19.321344     6.1534      8.469   255.1586 2.4474e+01     3.8561      3.104      4.503     6.6216 0.0000e+00
      3.175      0.065    12.2537     99.954     30.526  19.303519     6.1258      8.470   255.3822 2.4310e+01     3.7863      3.115      4.518     6.6183 0.0000e+00
      3.186      0.062    12.2543     99.908     30.526  19.300757     6.1515      8.472   255.4307 2.4070e+01     3.8061      3.121      4.527     6.6138 0.0000e+00
      3.201      0.057    12.2542     99.863     30.510  19.287945     6.2313      8.472   255.7449 2.3663e+01     3.8571      3.136      4.548     6.6148 0.0000e+00
      3.221      0.051    12.2529     99.833     30.493  19.275409     6.2668      8.472   256.5144 2.3236e+01     3.8206      3.160      4.584     6.6186 0.0000e+00
      3.240      0.046    12.2492     99.804     30.493  19.275980     6.2563      8.472   256.9908 2.2953e+01     3.7748      3.181      4.613     6.6183 0.0000e+00
      3.251      0.042    12.2447     99.783     30.521  19.294852     6.2793      8.472   256.5144 2.2821e+01     3.8164      3.191      4.628     6.6124 0.0000e+00
      3.254      0.039    12.2395     99.780     30.551  19.313391     6.3364      8.472   255.4001 2.2768e+01     3.8793      3.193      4.630     6.6059 0.0000e+00
      3.256      0.040    12.2391     99.796     30.548  19.309921     6.3809      8.473   254.8756 2.2652e+01     3.8528      3.190      4.627     6.6035 0.0000e+00
      3.263      0.046    12.2331     99.801     30.563  19.316304     6.3849      8.473   255.0776 2.2388e+01     3.7687      3.197      4.637     6.6054 0.0000e+00
      3.277      0.056    12.2304     99.773     30.588  19.327164     6.3676      8.473   255.1745 2.2045e+01     3.7503      3.213      4.660     6.6080 0.0000e+00
      3.295      0.067    12.2285     99.744     30.578  19.314428     6.4220      8.472   255.2730 2.1650e+01     3.8013      3.231      4.687     6.6088 0.0000e+00
      3.317      0.078    12.2332     99.716     30.551  19.289107     6.5347      8.472   255.7529 2.1228e+01     3.8043      3.253      4.718     6.6052 0.0000e+00
      3.340      0.086    12.2387     99.677     30.541  19.274598     6.5816      8.472   256.3299 2.0832e+01     3.7193      3.276      4.751     6.5995 0.0000e+00
      3.362      0.091    12.2327     99.656     30.541  19.265798     6.5731      8.472   256.3129 2.0439e+01     3.6947      3.297      4.781     6.5934 0.0000e+00
      3.384      0.091    12.2337     99.636     30.527  19.246098     6.4733      8.473   255.8924 2.0008e+01     3.7798      3.318      4.812     6.5813 0.0000e+00
      3.409      0.087    12.2368     99.588     30.513  19.226596     6.2814      8.473   255.6326 1.9534e+01     3.8609      3.342      4.848     6.5677 0.0000e+00
      3.436      0.079    12.2320     99.547     30.518  19.220196     6.1674      8.472   255.4946 1.9078e+01     3.8555      3.369      4.888     6.5549 0.0000e+00
      3.461      0.069    12.2352     99.537     30.547  19.232096     6.1526      8.471   255.5153 1.8772e+01     3.7834      3.397      4.926     6.5404 0.0000e+00
      3.476      0.060    12.2417     99.568     30.574  19.243676     6.3360      8.472   255.5384 1.8646e+01     3.7746      3.412      4.949     6.5234 0.0000e+00
      3.484      0.052    12.2381     99.666     30.564  19.233405     6.6950      8.472   255.5154 1.8536e+01     3.8176      3.417      4.954     6.5020 0.0000e+00
      3.491      0.047    12.2376     99.813     30.572  19.234704     6.8717      8.473   255.6683 1.8365e+01     3.7904      3.423      4.964     6.4856 0.0000e+00
      3.500      0.046    12.2400     99.978     30.613  19.259389     6.8416      8.474   256.0100 1.8155e+01     3.7873      3.431      4.977     6.4771 0.0000e+00
      3.513      0.049    12.2431    100.194     30.639  19.278263     6.6054      8.474   256.5497 1.7906e+01     3.9167      3.442      4.992     6.4691 0.0000e+00
      3.528      0.056    12.2589    100.465     30.623  19.272699     6.1884      8.473   256.9447 1.7651e+01     4.0567      3.459      5.017     6.4615 0.0000e+00
      3.544      0.065    12.2821    100.734     30.588  19.255521     5.9534      8.473   256.9148 1.7395e+01     4.0803      3.476      5.041     6.4556 0.0000e+00
      3.559      0.076    12.2992    100.949     30.596  19.260771     5.9188      8.473   256.7899 1.7104e+01     4.0304      3.489      5.060     6.4533 0.0000e+00
      3.575      0.086    12.3245    101.090     30.621  19.272776     5.9282      8.472   256.6398 1.6751e+01     4.0336      3.504      5.082     6.4568 0.0000e+00
      3.597      0.093    12.3590    101.179     30.630  19.273873     5.9679      8.472   256.3913 1.6301e+01     4.0852      3.525      5.111     6.4659 0.0000e+00
      3.627      0.098    12.3900    101.222     30.635  19.274024     5.9828      8.472   256.2794 1.5779e+01     4.0741      3.555      5.156     6.4773 0.0000e+00
      3.660      0.100    12.4180    101.207     30.639  19.274604     5.9667      8.471   256.4051 1.5290e+01     4.0014      3.591      5.208     6.4779 0.0000e+00
      3.689      0.097    12.4361    101.148     30.651  19.280883     5.9565      8.470   257.0504 1.4926e+01     3.9579      3.621      5.251     6.4683 0.0000e+00
      3.712      0.091    12.4496    101.088     30.662  19.286543     5.9840      8.470   257.9728 1.4633e+01     3.9578      3.641      5.281     6.4598 0.0000e+00
      3.731      0.081    12.4582    101.061     30.652  19.279637     6.0410      8.470   258.3522 1.4331e+01     3.9315      3.660      5.307     6.4544 0.0000e+00
      3.750      0.071    12.4558    101.065     30.622  19.260774     6.0549      8.471   258.3683 1.4067e+01     3.8445      3.679      5.335     6.4522 0.0000e+00
      3.767      0.063    12.4471    101.083     30.603  19.248674     6.0275      8.472   258.3393 1.3837e+01     3.7615      3.695      5.358     6.4507 0.0000e+00
      3.783      0.057    12.4381    101.114     30.620  19.260145     6.1252      8.472   258.1746 1.3598e+01     3.8501      3.710      5.381     6.4483 0.0000e+00
      3.796      0.054    12.4366    101.167     30.637  19.272664     6.3465      8.472   258.0968 1.3396e+01     4.0271      3.723      5.400     6.4472 0.0000e+00
      3.807      0.054    12.4371    101.197     30.635  19.273234     6.4550      8.471   258.1732 1.3244e+01     4.0235      3.733      5.414     6.4470 0.0000e+00
      3.818      0.057    12.4407    101.177     30.625  19.267049     6.4474      8.470   258.4953 1.3074e+01     3.9434      3.744      5.430     6.4470 0.0000e+00
      3.831      0.065    12.4408    101.164     30.617  19.261285     6.4291      8.470   259.1520 1.2845e+01     3.9805      3.756      5.447     6.4491 0.0000e+00
      3.846      0.075    12.4504    101.224     30.627  19.266937     6.4084      8.470   259.6608 1.2571e+01     4.0961      3.771      5.469     6.4520 0.0000e+00
      3.866      0.089    12.4558    101.352     30.637  19.271977     6.3965      8.470   259.7423 1.2256e+01     4.1456      3.791      5.497     6.4543 0.0000e+00
      3.890      0.104    12.4480    101.424     30.619  19.258831     6.3680      8.470   259.6218 1.1890e+01     4.0671      3.814      5.531     6.4554 0.0000e+00
      3.920      0.116    12.4453    101.412     30.585  19.234786     6.2556      8.470   259.4938 1.1487e+01     4.0346      3.843      5.574     6.4547 0.0000e+00
      3.954      0.124    12.4494    101.390     30.590  19.234841     6.0861      8.470   259.4858 1.1087e+01     4.0942      3.876      5.622     6.4529 0.0000e+00
      3.990      0.126    12.4770    101.352     30.634  19.259506     5.9924      8.470   259.6109 1.0653e+01     4.0702      3.910      5.671     6.4500 0.0000e+00
      4.028      0.125    12.4879    101.299     30.667  19.279399     5.9716      8.471   259.5442 1.0223e+01     3.9840      3.952      5.732     6.4485 0.0000e+00
      4.063      0.123    12.4783    101.251     30.675  19.285163     5.9597      8.471   259.3678 9.9261e+00     3.9403      3.988      5.786     6.4447 0.0000e+00
      4.088      0.119    12.4840    101.262     30.641  19.265794     5.9477      8.471   259.4564 9.6877e+00     3.9511      4.009      5.813     6.4373 0.0000e+00
      4.112      0.113    12.4773    101.302     30.591  19.235412     5.9434      8.470   259.4969 9.3822e+00     4.0131      4.030      5.844     6.4328 0.0000e+00
