Data/DataNotYetUploadedToEDI/Raw_CTD/RawDownloads/031025_fcr40_S7809005.cnv
* Sea-Bird SBE19plus  Data File:
* FileName = C:\R\Reservoirs\Data\DataNotYetUploadedToEDI\Raw_CTD\RawDownloads\031025_fcr50_S7809_0005.hex
* Software version 2.8.0.119
* Temperature SN = 7809
* Conductivity SN = 7809
* System UpLoad Time = Mar 13 2025 14:43:03
* <ApplicationData>
* <Seaterm232>
# nquan = 15
# nvalues = 929                         
# units = specified
# name 0 = depFM: Depth [fresh water, m]
# name 1 = dz/dtM: Descent Rate [m/s]
# name 2 = sbeox0Mg/L: Oxygen, SBE 43 [mg/l]
# name 3 = sbeox0PS: Oxygen, SBE 43 [% saturation]
# name 4 = specc: Specific Conductance [uS/cm]
# name 5 = c0uS/cm: Conductivity [uS/cm]
# name 6 = flECO-AFL: Fluorescence, WET Labs ECO-AFL/FL [mg/m^3]
# name 7 = ph: pH
# name 8 = orp: Oxidation Reduction Potential [mV]
# name 9 = par/sat/log: PAR/Logarithmic, Satlantic
# name 10 = turbWETntu0: Turbidity, WET Labs ECO [NTU]
# name 11 = prdM: Pressure, Strain Gauge [db]
# name 12 = prdE: Pressure, Strain Gauge [psi]
# name 13 = tv290C: Temperature [ITS-90, deg C]
# name 14 = flag:  0.000e+00
# span 0 =     -0.693,      5.665       
# span 1 =     -0.317,      0.213       
# span 2 =     8.3171,    13.1328       
# span 3 =     69.294,    108.749       
# span 4 =      2.835,     32.039       
# span 5 =   1.832856,  20.050578       
# span 6 =    -0.2760,     6.8289       
# span 7 =      8.204,      8.722       
# span 8 =   222.7146,   365.5627       
# span 9 = 1.9540e+00, 8.9222e+02       
# span 10 =    -0.2489,   193.3030      
# span 11 =     -0.681,      5.556      
# span 12 =     -0.987,      8.058      
# span 13 =     6.2508,     7.4924      
# span 14 = 0.0000e+00, 0.0000e+00      
# interval = seconds: 0.25
# start_time = Mar 10 2025 13:39:22 [Instrument's time stamp, header]
# bad_flag = -9.990e-29
*END*
[from data line 290]
      0.143      0.078    12.1875    101.268     30.432  19.650944     1.7735      8.377   244.6075 1.1679e+02     3.5440      0.141      0.206     7.3065 0.0000e+00
      0.172      0.087    12.1953    101.275     30.452  19.662108     1.8017      8.377   244.9623 1.2189e+02     3.5063      0.171      0.249     7.3006 0.0000e+00
      0.193      0.088    12.2022    101.276     30.440  19.651799     1.8336      8.377   245.1443 1.2559e+02     3.5743      0.191      0.277     7.2937 0.0000e+00
      0.210      0.080    12.2025    101.286     30.446  19.653105     1.8605      8.378   245.2590 1.2734e+02     3.6143      0.202      0.294     7.2870 0.0000e+00
      0.230      0.067    12.2053    101.308     30.485  19.677893     1.8935      8.378   245.2308 1.2899e+02     3.5468      0.224      0.326     7.2850 0.0000e+00
      0.252      0.052    12.2068    101.320     30.512  19.697899     1.9162      8.379   245.3204 1.2724e+02     3.5098      0.249      0.362     7.2837 0.0000e+00
      0.268      0.040    12.2078    101.315     30.519  19.704795     1.9181      8.379   245.7402 1.2141e+02     3.5424      0.265      0.385     7.2771 0.0000e+00
      0.275      0.033    12.2101    101.311     30.507  19.697878     1.9332      8.378   246.1767 1.1638e+02     3.5647      0.274      0.397     7.2715 0.0000e+00
      0.273      0.028    12.2148    101.304     30.476  19.677664     1.9654      8.377   246.4676 1.1231e+02     3.5400      0.268      0.389     7.2718 0.0000e+00
      0.269      0.028    12.2149    101.288     30.436  19.650589     1.9907      8.378   246.7625 1.0891e+02     3.5516      0.260      0.377     7.2767 0.0000e+00
      0.275      0.033    12.2109    101.265     30.398  19.624134     2.0072      8.380   247.0749 1.0655e+02     3.6023      0.264      0.383     7.2823 0.0000e+00
      0.291      0.042    12.2107    101.229     30.381  19.611396     2.0483      8.381   247.3200 1.0475e+02     3.5723      0.285      0.415     7.2843 0.0000e+00
      0.308      0.055    12.2106    101.179     30.403  19.623381     2.1124      8.381   247.5754 1.0490e+02     3.5308      0.305      0.443     7.2830 0.0000e+00
      0.322      0.070    12.2090    101.127     30.437  19.642234     2.1419      8.383   247.9255 1.0753e+02     3.5100      0.316      0.458     7.2799 0.0000e+00
      0.334      0.080    12.2076    101.077     30.454  19.649142     2.1467      8.384   248.1970 1.1071e+02     3.4576      0.325      0.472     7.2774 0.0000e+00
      0.354      0.084    12.2043    101.030     30.451  19.643492     2.1539      8.384   248.2767 1.1230e+02     3.4440      0.342      0.498     7.2751 0.0000e+00
      0.384      0.085    12.1984    100.983     30.444  19.637318     2.1866      8.384   248.3735 1.1226e+02     3.4485      0.376      0.546     7.2707 0.0000e+00
      0.415      0.085    12.1940    100.941     30.447  19.637891     2.2599      8.384   248.5926 1.1158e+02     3.4773      0.411      0.595     7.2652 0.0000e+00
      0.439      0.081    12.1901    100.950     30.467  19.650419     2.3154      8.386   248.7743 1.1018e+02     3.5535      0.434      0.629     7.2581 0.0000e+00
      0.454      0.077    12.1860    101.012     30.485  19.661994     2.3428      8.387   248.9359 1.0711e+02     3.5504      0.446      0.647     7.2519 0.0000e+00
      0.467      0.074    12.1824    101.064     30.469  19.651038     2.3998      8.387   249.0838 1.0309e+02     3.4738      0.457      0.662     7.2489 0.0000e+00
      0.481      0.073    12.1747    101.108     30.461  19.644750     2.4966      8.388   249.1865 9.9625e+01     3.4478      0.472      0.684     7.2474 0.0000e+00
      0.498      0.073    12.1740    101.169     30.470  19.649371     2.5643      8.388   249.4031 9.7117e+01     3.4742      0.487      0.705     7.2465 0.0000e+00
      0.522      0.073    12.1883    101.231     30.463  19.643503     2.5851      8.389   249.6390 9.5436e+01     3.5198      0.509      0.738     7.2464 0.0000e+00
      0.549      0.071    12.1924    101.267     30.454  19.637206     2.6406      8.390   249.7145 9.4777e+01     3.5556      0.542      0.786     7.2462 0.0000e+00
      0.570      0.067    12.1964    101.279     30.454  19.636634     2.7358      8.390   249.8003 9.4955e+01     3.5313      0.563      0.816     7.2443 0.0000e+00
      0.581      0.063    12.2066    101.314     30.454  19.636586     2.7950      8.391   249.9872 9.5611e+01     3.5330      0.570      0.827     7.2412 0.0000e+00
      0.590      0.057    12.2151    101.346     30.454  19.636624     2.8243      8.392   250.0815 9.6550e+01     3.5758      0.577      0.837     7.2390 0.0000e+00
      0.601      0.052    12.2219    101.323     30.455  19.637090     2.8731      8.392   250.0805 9.7073e+01     3.5367      0.588      0.852     7.2383 0.0000e+00
      0.617      0.048    12.2180    101.274     30.463  19.642224     2.9359      8.392   250.1469 9.6879e+01     3.4702      0.604      0.877     7.2381 0.0000e+00
      0.635      0.044    12.2244    101.245     30.452  19.635299     2.9675      8.392   250.2819 9.5979e+01     3.4549      0.626      0.907     7.2376 0.0000e+00
      0.648      0.042    12.2331    101.232     30.423  19.616761     2.9810      8.393   250.4232 9.4466e+01     3.4886      0.640      0.927     7.2373 0.0000e+00
      0.653      0.041    12.2269    101.193     30.412  19.608282     3.0075      8.394   250.5640 9.3481e+01     3.5361      0.642      0.930     7.2375 0.0000e+00
      0.657      0.040    12.2185    101.128     30.398  19.596183     3.0300      8.394   250.6936 9.3627e+01     3.5166      0.643      0.932     7.2380 0.0000e+00
      0.665      0.040    12.2152    101.082     30.406  19.597275     3.0440      8.395   250.7859 9.3892e+01     3.4911      0.649      0.943     7.2382 0.0000e+00
      0.679      0.040    12.2166    101.072     30.449  19.621476     3.0522      8.397   250.9056 9.3876e+01     3.5359      0.664      0.964     7.2382 0.0000e+00
      0.695      0.041    12.2124    101.059     30.473  19.635194     3.0543      8.398   251.0221 9.4402e+01     3.5456      0.683      0.991     7.2370 0.0000e+00
      0.708      0.041    12.2033    101.059     30.475  19.636339     3.0867      8.397   251.0757 9.5191e+01     3.5059      0.696      1.009     7.2314 0.0000e+00
      0.716      0.039    12.1981    101.100     30.474  19.635309     3.1607      8.396   251.2105 9.5187e+01     3.4997      0.703      1.020     7.2234 0.0000e+00
      0.722      0.037    12.2033    101.135     30.455  19.622744     3.2163      8.397   251.3615 9.4626e+01     3.5394      0.707      1.026     7.2176 0.0000e+00
      0.729      0.036    12.2013    101.153     30.439  19.611217     3.2435      8.398   251.3523 9.3977e+01     3.6098      0.713      1.033     7.2150 0.0000e+00
      0.739      0.038    12.1967    101.173     30.458  19.622745     3.2897      8.399   251.3576 9.3565e+01     3.6673      0.725      1.051     7.2145 0.0000e+00
      0.750      0.042    12.2082    101.156     30.479  19.635311     3.3504      8.399   251.5121 9.3359e+01     3.7229      0.736      1.068     7.2143 0.0000e+00
      0.761      0.048    12.2116    101.103     30.484  19.636349     3.3861      8.399   251.6707 9.3229e+01     3.8037      0.745      1.080     7.2137 0.0000e+00
      0.773      0.054    12.2117    101.080     30.488  19.635300     3.4136      8.400   251.7270 9.3376e+01     3.8587      0.758      1.099     7.2124 0.0000e+00
      0.786      0.059    12.2183    101.080     30.474  19.622620     3.5166      8.401   251.8480 9.3527e+01     3.8408      0.771      1.119     7.2111 0.0000e+00
      0.802      0.061    12.2173    101.061     30.459  19.609836     3.6657      8.402   252.1876 9.3542e+01     3.7925      0.784      1.138     7.2099 0.0000e+00
      0.822      0.060    12.2061    101.050     30.459  19.607531     3.7266      8.402   252.4780 9.3657e+01     3.7873      0.808      1.171     7.2063 0.0000e+00
      0.842      0.056    12.2063    101.069     30.439  19.594747     3.7370      8.403   252.5190 9.3943e+01     3.8122      0.830      1.203     7.2005 0.0000e+00
      0.856      0.050    12.2124    101.105     30.418  19.582067     3.7752      8.403   252.5113 9.4358e+01     3.7173      0.840      1.220     7.1936 0.0000e+00
      0.866      0.044    12.2088    101.140     30.415  19.581027     3.7962      8.403   252.5577 9.5055e+01     3.5280      0.849      1.233     7.1871 0.0000e+00
      0.873      0.037    12.2073    101.169     30.416  19.582170     3.7919      8.403   252.5634 9.5996e+01     3.4711      0.856      1.242     7.1844 0.0000e+00
      0.880      0.030    12.2105    101.199     30.438  19.595890     3.7978      8.402   252.5795 9.6841e+01     3.5419      0.862      1.251     7.1854 0.0000e+00
      0.889      0.025    12.2149    101.233     30.476  19.620105     3.8090      8.402   252.6666 9.7435e+01     3.5979      0.873      1.265     7.1870 0.0000e+00
      0.897      0.020    12.2196    101.257     30.480  19.621352     3.8107      8.403   252.7571 9.7675e+01     3.5681      0.881      1.277     7.1883 0.0000e+00
      0.903      0.015    12.2221    101.247     30.465  19.610969     3.8020      8.405   252.8129 9.7935e+01     3.4881      0.887      1.286     7.1885 0.0000e+00
      0.905      0.012    12.2255    101.206     30.483  19.621364     3.7957      8.407   252.8250 9.8385e+01     3.4852      0.890      1.290     7.1881 0.0000e+00
      0.904      0.013    12.2309    101.178     30.481  19.620221     3.8096      8.407   252.9037 9.8816e+01     3.5676      0.886      1.285     7.1877 0.0000e+00
      0.903      0.019    12.2349    101.184     30.445  19.597156     3.8540      8.407   253.0758 9.9300e+01     3.5954      0.884      1.282     7.1861 0.0000e+00
      0.905      0.028    12.2357    101.204     30.442  19.596097     3.9158      8.407   253.1849 9.9396e+01     3.5488      0.885      1.284     7.1840 0.0000e+00
      0.913      0.039    12.2272    101.203     30.461  19.607417     3.9658      8.407   253.1901 9.8961e+01     3.5501      0.892      1.293     7.1824 0.0000e+00
      0.928      0.051    12.2236    101.169     30.462  19.607218     4.0011      8.407   253.1386 9.8682e+01     3.6112      0.909      1.318     7.1822 0.0000e+00
      0.947      0.063    12.2246    101.117     30.443  19.593688     4.0592      8.406   253.1649 9.8217e+01     3.6730      0.930      1.349     7.1835 0.0000e+00
      0.964      0.073    12.2292    101.069     30.410  19.570633     4.1436      8.406   253.2502 9.7060e+01     3.7161      0.945      1.370     7.1840 0.0000e+00
      0.982      0.081    12.2300    101.049     30.430  19.582067     4.1896      8.407   253.3093 9.6283e+01     3.7570      0.961      1.393     7.1834 0.0000e+00
      1.002      0.085    12.2241    101.020     30.469  19.605122     4.2077      8.408   253.4491 9.5813e+01     3.7918      0.981      1.424     7.1822 0.0000e+00
      1.026      0.083    12.2200    100.973     30.458  19.595787     4.2624      8.409   253.5638 9.4957e+01     3.6931      1.004      1.456     7.1792 0.0000e+00
      1.053      0.078    12.2106    100.963     30.460  19.595995     4.3352      8.409   253.5780 9.3879e+01     3.5194      1.033      1.498     7.1761 0.0000e+00
      1.079      0.070    12.2135    101.018     30.479  19.607635     4.3810      8.410   253.6205 9.3399e+01     3.5019      1.062      1.541     7.1737 0.0000e+00
      1.097      0.062    12.2123    101.122     30.482  19.609723     4.3990      8.411   253.7334 9.3620e+01     3.5849      1.080      1.568     7.1701 0.0000e+00
      1.105      0.053    12.2020    101.184     30.501  19.621241     4.4361      8.411   253.8245 9.3495e+01     3.6684      1.085      1.574     7.1663 0.0000e+00
      1.110      0.045    12.2031    101.175     30.502  19.620097     4.5056      8.412   253.8625 9.3190e+01     3.7258      1.085      1.574     7.1639 0.0000e+00
      1.120      0.041    12.2070    101.147     30.466  19.595890     4.5320      8.413   253.9337 9.2946e+01     3.6979      1.095      1.588     7.1639 0.0000e+00
      1.134      0.042    12.2271    101.135     30.446  19.582162     4.5303      8.413   253.9977 9.2797e+01     3.7078      1.113      1.614     7.1650 0.0000e+00
      1.146      0.047    12.2363    101.149     30.444  19.580914     4.5434      8.413   254.0340 9.2739e+01     3.7767      1.125      1.632     7.1632 0.0000e+00
      1.156      0.054    12.2307    101.124     30.445  19.580801     4.5401      8.414   254.1145 9.3035e+01     3.7787      1.132      1.642     7.1597 0.0000e+00
      1.167      0.063    12.2300    101.061     30.446  19.580792     4.5329      8.414   254.1961 9.2924e+01     3.7326      1.144      1.659     7.1579 0.0000e+00
      1.181      0.073    12.2235    101.028     30.447  19.580800     4.5309      8.413   254.1605 9.1920e+01     3.6967      1.158      1.679     7.1572 0.0000e+00
      1.200      0.081    12.2332    101.027     30.448  19.580905     4.5322      8.413   254.1149 9.0650e+01     3.7210      1.174      1.702     7.1565 0.0000e+00
      1.226      0.086    12.2296    101.009     30.450  19.582058     4.5487      8.414   254.1605 8.9198e+01     3.7195      1.200      1.740     7.1559 0.0000e+00
      1.258      0.086    12.2161    100.972     30.469  19.594738     4.5556      8.416   254.1960 8.8500e+01     3.5764      1.236      1.791     7.1553 0.0000e+00
      1.285      0.082    12.2146    100.984     30.489  19.607418     4.5403      8.416   254.1997 8.8759e+01     3.4599      1.264      1.834     7.1540 0.0000e+00
      1.303      0.074    12.2163    101.037     30.490  19.608571     4.5384      8.416   254.2908 8.8719e+01     3.5057      1.279      1.856     7.1531 0.0000e+00
      1.315      0.063    12.2173    101.076     30.490  19.608676     4.5586      8.417   254.4375 8.8620e+01     3.5494      1.289      1.870     7.1529 0.0000e+00
      1.328      0.051    12.2045    101.075     30.490  19.608685     4.5847      8.417   254.4245 8.8714e+01     3.5097      1.302      1.888     7.1531 0.0000e+00
      1.341      0.042    12.2092    101.068     30.490  19.608676     4.5967      8.417   254.3062 8.8239e+01     3.4704      1.315      1.907     7.1535 0.0000e+00
      1.353      0.038    12.2177    101.070     30.490  19.608571     4.5867      8.418   254.2970 8.7878e+01     3.4835      1.328      1.927     7.1535 0.0000e+00
      1.361      0.038    12.2242    101.044     30.488  19.607418     4.5887      8.418   254.3991 8.8627e+01     3.5660      1.338      1.941     7.1536 0.0000e+00
      1.365      0.043    12.2223    101.042     30.468  19.594739     4.6034      8.418   254.5954 9.0289e+01     3.5793      1.338      1.942     7.1537 0.0000e+00
      1.370      0.050    12.2174    101.064     30.448  19.582069     4.5978      8.419   254.7770 9.0482e+01     3.4737      1.340      1.944     7.1538 0.0000e+00
      1.383      0.058    12.2254    101.014     30.446  19.581020     4.5883      8.419   254.7880 8.9102e+01     3.4508      1.353      1.962     7.1542 0.0000e+00
      1.404      0.066    12.2153    100.949     30.449  19.582058     4.5882      8.418   254.8144 8.7731e+01     3.5409      1.376      1.996     7.1547 0.0000e+00
      1.429      0.070    12.2130    100.936     30.469  19.594624     4.5795      8.418   254.9246 8.6356e+01     3.6075      1.403      2.035     7.1548 0.0000e+00
      1.451      0.069    12.2271    100.906     30.487  19.606151     4.5667      8.419   255.0018 8.5355e+01     3.6070      1.425      2.067     7.1546 0.0000e+00
      1.469      0.062    12.2146    100.876     30.469  19.594622     4.5577      8.421   255.0593 8.4549e+01     3.5352      1.441      2.090     7.1545 0.0000e+00
