Data/DataNotYetUploadedToEDI/Raw_CTD/RawDownloads/031025_fcr20_S7809003.cnv
* Sea-Bird SBE19plus  Data File:
* FileName = C:\R\Reservoirs\Data\DataNotYetUploadedToEDI\Raw_CTD\RawDownloads\031025_fcr50_S7809_0003.hex
* Software version 2.8.0.119
* Temperature SN = 7809
* Conductivity SN = 7809
* System UpLoad Time = Mar 13 2025 14:42:17
* <ApplicationData>
* <Seaterm232>
# nquan = 15
# nvalues = 671                         
# units = specified
# name 0 = depFM: Depth [fresh water, m]
# name 1 = dz/dtM: Descent Rate [m/s]
# name 2 = sbeox0Mg/L: Oxygen, SBE 43 [mg/l]
# name 3 = sbeox0PS: Oxygen, SBE 43 [% saturation]
# name 4 = specc: Specific Conductance [uS/cm]
# name 5 = c0uS/cm: Conductivity [uS/cm]
# name 6 = flECO-AFL: Fluorescence, WET Labs ECO-AFL/FL [mg/m^3]
# name 7 = ph: pH
# name 8 = orp: Oxidation Reduction Potential [mV]
# name 9 = par/sat/log: PAR/Logarithmic, Satlantic
# name 10 = turbWETntu0: Turbidity, WET Labs ECO [NTU]
# name 11 = prdM: Pressure, Strain Gauge [db]
# name 12 = prdE: Pressure, Strain Gauge [psi]
# name 13 = tv290C: Temperature [ITS-90, deg C]
# name 14 = flag:  0.000e+00
# span 0 =     -0.689,      3.209       
# span 1 =     -0.333,      0.218       
# span 2 =     9.5576,    12.8170       
# span 3 =     78.803,    105.010       
# span 4 =      1.401,     31.051       
# span 5 =   0.914030,  19.773564       
# span 6 =    -0.1002,    46.7009       
# span 7 =      7.650,      8.068       
# span 8 =     5.5356,   254.3387       
# span 9 = 2.5431e+01, 1.5498e+03       
# span 10 =    -0.2671,   242.8137      
# span 11 =     -0.677,      3.147      
# span 12 =     -0.982,      4.565      
# span 13 =     6.3218,     7.6292      
# span 14 = 0.0000e+00, 0.0000e+00      
# interval = seconds: 0.25
# start_time = Mar 10 2025 13:21:09 [Instrument's time stamp, header]
# bad_flag = -9.990e-29
*END*
[from data line 290]
      1.395      0.034    12.0207     97.495     30.770  19.448489     4.8637      7.894   235.8180 1.7317e+02     6.0746      1.370      1.987     6.6112 0.0000e+00
      1.402      0.032    12.0016     97.435     30.745  19.431198     4.8825      7.895   236.0650 1.7187e+02     6.1007      1.375      1.995     6.6068 0.0000e+00
      1.407      0.031    11.9825     97.418     30.776  19.448490     4.8967      7.897   236.3037 1.7085e+02     6.1807      1.379      2.000     6.6041 0.0000e+00
      1.413      0.030    11.9663     97.398     30.812  19.467353     4.9277      7.897   236.5542 1.7035e+02     6.1878      1.385      2.009     6.6032 0.0000e+00
      1.422      0.030    11.9483     97.376     30.820  19.469067     4.9741      7.897   236.7701 1.6902e+02     6.1174      1.394      2.021     6.6016 0.0000e+00
      1.432      0.030    11.9432     97.361     30.825  19.469209     4.9991      7.898   236.7634 1.6706e+02     6.1499      1.405      2.038     6.6000 0.0000e+00
      1.441      0.029    11.9450     97.334     30.826  19.469066     5.0142      7.899   236.7315 1.6604e+02     6.2381      1.414      2.050     6.5969 0.0000e+00
      1.447      0.027    11.9443     97.301     30.823  19.467338     5.0405      7.899   236.8143 1.6514e+02     6.2614      1.419      2.059     6.5893 0.0000e+00
      1.453      0.024    11.9418     97.238     30.793  19.448319     5.0580      7.900   236.9038 1.6353e+02     6.2272      1.424      2.066     6.5822 0.0000e+00
      1.458      0.022    11.9444     97.138     30.763  19.429314     5.0510      7.901   236.9532 1.6218e+02     6.1322      1.429      2.073     6.5786 0.0000e+00
      1.463      0.022    11.9393     97.060     30.762  19.427753     5.0480      7.902   236.9816 1.6097e+02     6.0684      1.434      2.080     6.5771 0.0000e+00
      1.468      0.023    11.9363     97.005     30.767  19.429438     5.0630      7.903   237.0752 1.5953e+02     6.1049      1.438      2.087     6.5778 0.0000e+00
      1.473      0.025    11.9316     96.958     30.801  19.449692     5.1169      7.904   237.2244 1.5858e+02     6.1302      1.444      2.095     6.5790 0.0000e+00
      1.479      0.026    11.9122     96.932     30.853  19.482430     5.2239      7.904   237.3227 1.5783e+02     6.1345      1.451      2.104     6.5781 0.0000e+00
      1.487      0.028    11.9059     96.917     30.895  19.508262     5.3003      7.905   237.3172 1.5642e+02     6.1914      1.458      2.114     6.5751 0.0000e+00
      1.495      0.029    11.9010     96.897     30.896  19.508419     5.3081      7.907   237.3306 1.5448e+02     6.2722      1.466      2.127     6.5732 0.0000e+00
      1.504      0.030    11.8933     96.882     30.858  19.484330     5.2932      7.908   237.4850 1.5258e+02     6.2569      1.475      2.139     6.5717 0.0000e+00
      1.511      0.031    11.8924     96.883     30.836  19.470612     5.2786      7.909   237.6348 1.5103e+02     6.1779      1.482      2.149     6.5705 0.0000e+00
      1.517      0.031    11.8907     96.884     30.834  19.469366     5.2732      7.910   237.6793 1.5002e+02     6.2043      1.487      2.158     6.5705 0.0000e+00
      1.525      0.031    11.8884     96.868     30.834  19.469253     5.2767      7.911   237.8509 1.4908e+02     6.2690      1.494      2.168     6.5702 0.0000e+00
      1.534      0.030    11.8851     96.850     30.835  19.469251     5.2716      7.911   238.0747 1.4793e+02     6.2086      1.504      2.182     6.5698 0.0000e+00
      1.543      0.028    11.8865     96.831     30.835  19.469338     5.2615      7.911   238.1481 1.4701e+02     6.0889      1.513      2.194     6.5697 0.0000e+00
      1.550      0.025    11.8883     96.815     30.837  19.470310     5.2713      7.911   238.2216 1.4616e+02     6.0858      1.520      2.205     6.5698 0.0000e+00
      1.556      0.020    11.8842     96.820     30.854  19.481000     5.2980      7.911   238.3624 1.4542e+02     6.1710      1.527      2.215     6.5695 0.0000e+00
      1.561      0.016    11.8829     96.839     30.839  19.471791     5.3359      7.910   238.4732 1.4509e+02     6.1626      1.531      2.220     6.5689 0.0000e+00
      1.564      0.013    11.8810     96.861     30.762  19.422370     5.3717      7.910   238.5292 1.4491e+02     6.0871      1.533      2.224     6.5682 0.0000e+00
      1.564      0.012    11.8770     96.867     30.713  19.390657     5.3811      7.911   238.6083 1.4464e+02     6.0781      1.535      2.226     6.5681 0.0000e+00
      1.565      0.014    11.8793     96.844     30.739  19.405348     5.3908      7.912   238.7413 1.4415e+02     6.1211      1.534      2.225     6.5680 0.0000e+00
      1.568      0.018    11.8814     96.810     30.748  19.409803     5.3897      7.913   238.8468 1.4328e+02     6.1301      1.537      2.229     6.5675 0.0000e+00
      1.574      0.024    11.8850     96.764     30.704  19.381117     5.3511      7.912   238.8516 1.4200e+02     6.0838      1.543      2.238     6.5673 0.0000e+00
      1.580      0.031    11.8882     96.714     30.699  19.375509     5.3319      7.912   238.7998 1.4009e+02     6.1074      1.549      2.247     6.5661 0.0000e+00
      1.589      0.038    11.8831     96.667     30.751  19.405405     5.3407      7.913   238.8223 1.3781e+02     6.1774      1.558      2.259     6.5630 0.0000e+00
      1.599      0.043    11.8815     96.631     30.788  19.425570     5.3405      7.915   239.0375 1.3552e+02     6.1439      1.568      2.274     6.5610 0.0000e+00
      1.613      0.047    11.8749     96.616     30.797  19.429118     5.3459      7.915   239.2508 1.3313e+02     6.0783      1.581      2.294     6.5603 0.0000e+00
      1.628      0.049    11.8693     96.623     30.830  19.448303     5.3640      7.916   239.3363 1.3114e+02     6.0666      1.598      2.317     6.5567 0.0000e+00
      1.641      0.049    11.8659     96.646     30.862  19.467324     5.3850      7.916   239.4691 1.2973e+02     6.1055      1.610      2.336     6.5505 0.0000e+00
      1.653      0.048    11.8613     96.661     30.866  19.468899     5.4089      7.917   239.6521 1.2832e+02     6.1729      1.621      2.351     6.5456 0.0000e+00
      1.664      0.045    11.8614     96.641     30.865  19.467342     5.4278      7.917   239.8281 1.2662e+02     6.1643      1.631      2.366     6.5424 0.0000e+00
      1.675      0.041    11.8623     96.579     30.837  19.448493     5.4393      7.917   239.9627 1.2452e+02     6.0688      1.642      2.381     6.5398 0.0000e+00
      1.686      0.037    11.8678     96.509     30.810  19.431204     5.4393      7.917   240.0749 1.2245e+02     6.0092      1.654      2.399     6.5379 0.0000e+00
      1.696      0.034    11.8705     96.458     30.837  19.448506     5.4446      7.918   240.2389 1.2093e+02     6.0582      1.665      2.414     6.5361 0.0000e+00
      1.704      0.032    11.8703     96.413     30.866  19.467482     5.4702      7.919   240.3099 1.1987e+02     6.1493      1.671      2.423     6.5342 0.0000e+00
      1.709      0.030    11.8606     96.363     30.870  19.470444     5.4740      7.920   240.2456 1.1887e+02     6.1552      1.676      2.431     6.5326 0.0000e+00
      1.716      0.029    11.8506     96.321     30.891  19.484318     5.4491      7.921   240.2362 1.1774e+02     6.1293      1.682      2.439     6.5316 0.0000e+00
      1.723      0.029    11.8457     96.303     30.928  19.508434     5.4428      7.923   240.2824 1.1679e+02     6.1778      1.691      2.452     6.5319 0.0000e+00
      1.730      0.029    11.8400     96.304     30.927  19.508422     5.4651      7.923   240.3737 1.1603e+02     6.1944      1.697      2.460     6.5333 0.0000e+00
      1.737      0.028    11.8334     96.312     30.889  19.484164     5.4860      7.923   240.4791 1.1497e+02     6.1250      1.702      2.469     6.5346 0.0000e+00
      1.746      0.027    11.8261     96.319     30.865  19.468739     5.4873      7.922   240.5247 1.1373e+02     6.0899      1.713      2.484     6.5357 0.0000e+00
      1.756      0.027    11.8244     96.317     30.834  19.448732     5.4888      7.922   240.5812 1.1300e+02     6.1120      1.724      2.500     6.5371 0.0000e+00
      1.761      0.028    11.8248     96.310     30.809  19.432455     5.5208      7.923   240.7309 1.1276e+02     6.1529      1.728      2.507     6.5382 0.0000e+00
      1.765      0.031    11.8260     96.296     30.857  19.462140     5.5579      7.923   240.9586 1.1237e+02     6.1754      1.730      2.509     6.5381 0.0000e+00
      1.770      0.033    11.8279     96.286     30.903  19.490644     5.5624      7.923   241.0970 1.1143e+02     6.1443      1.734      2.515     6.5365 0.0000e+00
      1.780      0.036    11.8275     96.293     30.856  19.460086     5.5674      7.924   241.1137 1.1005e+02     6.1186      1.745      2.530     6.5351 0.0000e+00
      1.792      0.041    11.8267     96.295     30.778  19.409678     5.5854      7.926   241.0756 1.0855e+02     6.1378      1.757      2.548     6.5356 0.0000e+00
      1.806      0.046    11.8252     96.281     30.746  19.388370     5.5710      7.926   241.1524 1.0707e+02     6.1372      1.771      2.569     6.5357 0.0000e+00
      1.817      0.050    11.8219     96.261     30.754  19.392649     5.5267      7.927   241.4389 1.0568e+02     6.1117      1.782      2.585     6.5343 0.0000e+00
      1.828      0.052    11.8263     96.231     30.764  19.398023     5.4993      7.927   241.6146 1.0430e+02     6.1022      1.792      2.599     6.5321 0.0000e+00
      1.841      0.053    11.8275     96.197     30.752  19.389947     5.5064      7.927   241.5565 1.0267e+02     6.1247      1.806      2.619     6.5295 0.0000e+00
      1.856      0.055    11.8249     96.169     30.703  19.358393     5.5541      7.927   241.5100 1.0088e+02     6.1449      1.820      2.640     6.5276 0.0000e+00
      1.871      0.056    11.8240     96.141     30.667  19.333509     5.6098      7.927   241.5695 9.9318e+01     6.1077      1.835      2.662     6.5263 0.0000e+00
      1.886      0.054    11.8201     96.111     30.686  19.342684     5.6226      7.927   241.5867 9.7820e+01     6.1192      1.849      2.683     6.5256 0.0000e+00
      1.902      0.050    11.8149     96.089     30.691  19.342521     5.6254      7.927   241.5462 9.6275e+01     6.1810      1.865      2.706     6.5249 0.0000e+00
      1.916      0.046    11.8128     96.064     30.679  19.331536     5.6604      7.927   241.5964 9.5280e+01     6.1719      1.883      2.730     6.5239 0.0000e+00
      1.926      0.044    11.8105     96.039     30.692  19.336670     5.7045      7.929   241.7628 9.4626e+01     6.1111      1.889      2.740     6.5213 0.0000e+00
      1.932      0.042    11.8065     96.003     30.706  19.341195     5.7259      7.931   241.9232 9.3704e+01     6.0611      1.893      2.746     6.5157 0.0000e+00
      1.942      0.041    11.8083     95.958     30.683  19.322837     5.7281      7.931   241.9872 9.2509e+01     6.1136      1.903      2.761     6.5098 0.0000e+00
      1.953      0.042    11.8041     95.910     30.659  19.304907     5.7309      7.931   242.0208 9.1234e+01     6.2684      1.916      2.778     6.5050 0.0000e+00
      1.965      0.043    11.8051     95.838     30.678  19.314606     5.7354      7.931   242.0709 9.0024e+01     6.3607      1.927      2.795     6.4992 0.0000e+00
      1.977      0.044    11.8020     95.725     30.678  19.313302     5.7322      7.931   242.1625 8.8794e+01     6.3414      1.939      2.812     6.4921 0.0000e+00
      1.989      0.043    11.7973     95.577     30.641  19.289133     5.7332      7.932   242.2689 8.7579e+01     6.3430      1.950      2.829     6.4856 0.0000e+00
      2.001      0.042    11.7954     95.431     30.621  19.275986     5.7398      7.932   242.2384 8.6598e+01     6.3804      1.962      2.846     6.4806 0.0000e+00
      2.011      0.041    11.7868     95.283     30.631  19.281140     5.7707      7.932   242.1378 8.5842e+01     6.3486      1.973      2.861     6.4779 0.0000e+00
      2.020      0.040    11.7752     95.142     30.643  19.288047     5.8230      7.933   242.1713 8.5198e+01     6.2316      1.981      2.874     6.4760 0.0000e+00
      2.029      0.038    11.7528     95.032     30.657  19.296095     5.8396      7.934   242.3853 8.4340e+01     6.1282      1.988      2.884     6.4743 0.0000e+00
      2.040      0.038    11.7376     94.950     30.687  19.315053     5.8466      7.936   242.6608 8.3333e+01     6.1225      2.000      2.901     6.4729 0.0000e+00
      2.051      0.039    11.7197     94.918     30.706  19.327056     5.8661      7.937   242.7490 8.2694e+01     6.1285      2.013      2.921     6.4716 0.0000e+00
      2.059      0.040    11.6992     94.912     30.686  19.314424     5.8584      7.937   242.6768 8.2129e+01     6.0984      2.020      2.929     6.4707 0.0000e+00
      2.068      0.042    11.6894     94.899     30.646  19.289121     5.8370      7.937   242.7348 8.1244e+01     6.1002      2.025      2.938     6.4694 0.0000e+00
      2.078      0.042    11.6757     94.906     30.625  19.274718     5.8401      7.937   242.9342 8.0238e+01     6.1161      2.038      2.955     6.4687 0.0000e+00
      2.091      0.042    11.6734     94.925     30.615  19.267079     5.8462      7.937   243.0223 7.9280e+01     6.1536      2.051      2.974     6.4691 0.0000e+00
      2.103      0.042    11.6766     94.947     30.607  19.260162     5.8280      7.937   242.9407 7.8433e+01     6.1785      2.063      2.992     6.4695 0.0000e+00
      2.115      0.041    11.6703     94.992     30.600  19.254484     5.8022      7.937   242.8935 7.7663e+01     6.1100      2.075      3.009     6.4688 0.0000e+00
      2.125      0.040    11.6739     95.046     30.614  19.261819     5.7842      7.938   242.9673 7.6972e+01     6.1103      2.084      3.023     6.4674 0.0000e+00
      2.134      0.038    11.6777     95.087     30.653  19.285446     5.8022      7.939   243.1450 7.6364e+01     6.2163      2.092      3.035     6.4650 0.0000e+00
      2.143      0.036    11.6785     95.126     30.657  19.286551     5.8367      7.939   243.3212 7.5749e+01     6.1960      2.101      3.048     6.4621 0.0000e+00
      2.153      0.036    11.6864     95.166     30.640  19.275185     5.8437      7.940   243.3768 7.5123e+01     6.1039      2.111      3.062     6.4596 0.0000e+00
      2.162      0.037    11.6957     95.217     30.640  19.274822     5.8527      7.940   243.3876 7.4568e+01     6.1270      2.121      3.076     6.4574 0.0000e+00
      2.169      0.038    11.6993     95.286     30.654  19.282158     5.8960      7.940   243.3650 7.3982e+01     6.2373      2.126      3.084     6.4558 0.0000e+00
      2.179      0.040    11.7049     95.340     30.686  19.300488     5.9511      7.940   243.4475 7.3189e+01     6.3441      2.135      3.097     6.4541 0.0000e+00
      2.191      0.043    11.7102     95.370     30.699  19.306241     5.9693      7.940   243.7840 7.2406e+01     6.3594      2.150      3.119     6.4530 0.0000e+00
      2.202      0.044    11.7146     95.397     30.675  19.288322     5.9501      7.941   243.9916 7.1716e+01     6.3197      2.160      3.133     6.4524 0.0000e+00
      2.213      0.042    11.7274     95.424     30.657  19.274023     5.9356      7.941   243.9782 7.0837e+01     6.3418      2.169      3.146     6.4504 0.0000e+00
      2.227      0.038    11.7347     95.422     30.638  19.260153     5.9186      7.941   244.0524 6.9881e+01     6.3200      2.184      3.168     6.4473 0.0000e+00
      2.239      0.035    11.7380     95.357     30.620  19.247416     5.8779      7.942   244.1146 6.9283e+01     6.1928      2.198      3.188     6.4441 0.0000e+00
      2.247      0.038    11.7424     95.236     30.620  19.246826     5.8430      7.943   244.1268 6.9252e+01     6.1710      2.206      3.200     6.4387 0.0000e+00
