Data/DataNotYetUploadedToEDI/Raw_CTD/RawDownloads/031025_fcr50_S7809006.cnv
* Sea-Bird SBE19plus  Data File:
* FileName = C:\R\Reservoirs\Data\DataNotYetUploadedToEDI\Raw_CTD\RawDownloads\031025_fcr50_S7809_0006.hex
* Software version 2.8.0.119
* Temperature SN = 7809
* Conductivity SN = 7809
* System UpLoad Time = Mar 13 2025 14:43:35
* <ApplicationData>
* <Seaterm232>
# nquan = 15
# nvalues = 1168                        
# units = specified
# name 0 = depFM: Depth [fresh water, m]
# name 1 = dz/dtM: Descent Rate [m/s]
# name 2 = sbeox0Mg/L: Oxygen, SBE 43 [mg/l]
# name 3 = sbeox0PS: Oxygen, SBE 43 [% saturation]
# name 4 = specc: Specific Conductance [uS/cm]
# name 5 = c0uS/cm: Conductivity [uS/cm]
# name 6 = flECO-AFL: Fluorescence, WET Labs ECO-AFL/FL [mg/m^3]
# name 7 = ph: pH
# name 8 = orp: Oxidation Reduction Potential [mV]
# name 9 = par/sat/log: PAR/Logarithmic, Satlantic
# name 10 = turbWETntu0: Turbidity, WET Labs ECO [NTU]
# name 11 = prdM: Pressure, Strain Gauge [db]
# name 12 = prdE: Pressure, Strain Gauge [psi]
# name 13 = tv290C: Temperature [ITS-90, deg C]
# name 14 = flag:  0.000e+00
# span 0 =     -0.701,      9.487       
# span 1 =     -0.338,      0.244       
# span 2 =     3.2387,    13.1940       
# span 3 =     27.838,    108.446       
# span 4 =      1.471,     96.385       
# span 5 =   0.954548,  60.292657       
# span 6 =    -0.2352,     7.2995       
# span 7 =      8.205,      8.527       
# span 8 =   221.9695,  1238.3579       
# span 9 = 1.2368e-01, 8.7707e+02       
# span 10 =     0.1627,    81.6430      
# span 11 =     -0.687,      9.305      
# span 12 =     -0.998,     13.496      
# span 13 =     6.2671,     7.8882      
# span 14 = 0.0000e+00, 0.0000e+00      
# interval = seconds: 0.25
# start_time = Mar 10 2025 13:53:40 [Instrument's time stamp, header]
# bad_flag = -9.990e-29
*END*
     -0.701 3.4188e-15    11.0890     92.478      1.471   0.954548    -0.0821      8.355  1238.3579 4.0677e+02     2.2613     -0.687     -0.997     7.4316 0.0000e+00
     -0.700 3.7606e-14    11.1013     92.512      1.508   0.978550    -0.0921      8.421  1219.6423 5.5719e+02     2.2123     -0.687     -0.996     7.4315 0.0000e+00
     -0.700 4.1367e-13    11.0987     92.520      1.492   0.968271    -0.0939      8.500  1013.7700 8.2464e+02     2.2226     -0.687     -0.996     7.4315 0.0000e+00
     -0.700 4.5503e-12    11.0994     92.502      1.475   0.956954    -0.1126      8.527   712.5037 8.7707e+02     2.1116     -0.687     -0.996     7.4316 0.0000e+00
     -0.700 5.0054e-11    11.1068     92.439      1.492   0.968396    -0.1516      8.421   773.1574 6.7838e+02     1.9639     -0.686     -0.996     7.4316 0.0000e+00
     -0.700 5.5059e-10    11.1117     92.377      1.510   0.979935    -0.1574      8.250  1016.5697 4.8993e+02     1.9396     -0.687     -0.996     7.4317 0.0000e+00
     -0.700 6.0565e-09    11.1113     92.392      1.495   0.969779    -0.1412      8.205   990.4292 4.1376e+02     1.9885     -0.686     -0.996     7.4319 0.0000e+00
     -0.700 6.6621e-08    11.1118     92.432      1.498   0.972285    -0.1383      8.305   861.2207 5.2489e+02     2.0089     -0.687     -0.996     7.4319 0.0000e+00
     -0.700 7.3283e-07    11.1033     92.443      1.557   1.010236    -0.1306      8.350   842.8227 7.6196e+02     1.9816     -0.686     -0.995     7.4316 0.0000e+00
     -0.700      0.000    11.0871     92.440      1.616   1.048590    -0.1154      8.328   846.9643 7.5772e+02     1.9999     -0.686     -0.995     7.4316 0.0000e+00
     -0.700      0.000    11.0961     92.443      1.627   1.055955    -0.1041      8.317   852.8755 5.0924e+02     2.0588     -0.686     -0.996     7.4319 0.0000e+00
     -0.700      0.001    11.1022     92.448      1.694   1.099290    -0.0936      8.322   955.0773 3.6862e+02     2.0791     -0.687     -0.997     7.4322 0.0000e+00
     -0.700      0.006    11.1022     92.462      2.619   1.699237    -0.0811      8.348  1019.6630 3.4532e+02     2.1095     -0.686     -0.996     7.4326 0.0000e+00
     -0.700      0.018    11.1004     92.494      4.505   2.925400    -0.0523      8.365   775.7924 3.2617e+02     2.1870     -0.687     -0.997     7.4330 0.0000e+00
     -0.700      0.038    11.1015     92.509      9.579   6.232719     0.0050      8.365   405.0614 3.3891e+02     2.2984     -0.686     -0.995     7.4336 0.0000e+00
     -0.696      0.066    11.1025     92.528     19.629  12.793656     0.3120      8.363   243.4121 3.9321e+02     2.5684     -0.687     -0.998     7.4337 0.0000e+00
     -0.680      0.100    11.1009     92.631     28.056  18.309877     0.8625      8.359   236.0485 4.4427e+02     3.0256     -0.675     -0.980     7.4345 0.0000e+00
     -0.646      0.135    11.1095     92.846     30.618  20.005898     1.1846      8.357   241.6913 4.6409e+02     3.3524     -0.633     -0.918     7.4348 0.0000e+00
     -0.604      0.169    11.0983     93.048     30.755  20.114259     1.2525      8.357   233.7730 4.8279e+02     3.4112     -0.597     -0.866     7.4745 0.0000e+00
     -0.553      0.198    11.0728     93.109     30.756  20.127311     1.3920      8.352   224.7132 5.1235e+02     3.3602     -0.549     -0.796     7.5603 0.0000e+00
     -0.490      0.222    11.0628     93.103     30.801  20.163711     1.6136      8.338   222.4917 5.2468e+02     3.3509     -0.477     -0.692     7.6278 0.0000e+00
     -0.430      0.238    11.0834     93.130     30.808  20.173966     1.7348      8.322   221.9695 5.0317e+02     3.4692     -0.418     -0.608     7.6718 0.0000e+00
     -0.372      0.244    11.1093     93.241     30.727  20.124501     1.7589      8.310   222.2713 4.3166e+02     3.6296     -0.369     -0.536     7.7032 0.0000e+00
     -0.306      0.235    11.1034     93.481     30.644  20.072856     1.7893      8.301   222.9574 3.3131e+02     3.6498     -0.303     -0.440     7.7213 0.0000e+00
     -0.233      0.211    11.0954     93.824     30.619  20.056758     2.0027      8.292   223.9843 2.4851e+02     3.5093     -0.226     -0.328     7.7324 0.0000e+00
     -0.167      0.179    11.0969     94.254     30.620  20.056673     2.3911      8.286   224.5345 1.8670e+02     3.3994     -0.156     -0.227     7.7396 0.0000e+00
     -0.121      0.140    11.1029     94.774     30.646  20.071827     2.6153      8.280   224.3615 1.4786e+02     3.4136     -0.109     -0.159     7.7468 0.0000e+00
     -0.099      0.098    11.1346     95.318     30.713  20.113171     2.6487      8.271   223.7860 1.3456e+02     3.4417     -0.091     -0.133     7.7497 0.0000e+00
     -0.091      0.057    11.1758     95.802     30.813  20.176136     2.5866      8.261   223.4268 1.2989e+02     3.3978     -0.088     -0.128     7.7515 0.0000e+00
     -0.089      0.024    11.2248     96.175     30.849  20.199097     2.4552      8.253   223.4593 1.2926e+02     3.3273     -0.088     -0.127     7.7507 0.0000e+00
     -0.087      0.002    11.2923     96.419     30.752  20.137179     2.3921      8.249   223.6633 1.3666e+02     3.3405     -0.085     -0.124     7.7460 0.0000e+00
     -0.087     -0.008    11.3625     96.564     30.632  20.061524     2.4065      8.248   224.0001 1.4444e+02     3.3869     -0.083     -0.120     7.7415 0.0000e+00
     -0.093     -0.012    11.4223     96.634     30.604  20.045205     2.4216      8.247   224.2625 1.4682e+02     3.3758     -0.089     -0.129     7.7379 0.0000e+00
     -0.104     -0.013    11.4693     96.605     30.636  20.066672     2.4243      8.244   224.5125 1.4893e+02     3.3770     -0.104     -0.150     7.7355 0.0000e+00
     -0.110     -0.013    11.4956     96.485     30.637  20.067463     2.4224      8.242   225.3017 1.5128e+02     3.4018     -0.112     -0.161     7.7377 0.0000e+00
     -0.108     -0.011    11.5091     96.312     30.617  20.054769     2.4164      8.242   226.4921 1.5230e+02     3.4021     -0.106     -0.154     7.7446 0.0000e+00
     -0.106     -0.006    11.5190     96.108     30.591  20.040000     2.3928      8.244   226.8593 1.5199e+02     3.3807     -0.101     -0.147     7.7490 0.0000e+00
     -0.109      0.002    11.5147     95.885     30.551  20.015696     2.3528      8.245   226.3863 1.4887e+02     3.3482     -0.106     -0.154     7.7481 0.0000e+00
     -0.114      0.008    11.4989     95.672     30.547  20.014535     2.3413      8.243   226.1935 1.4714e+02     3.3512     -0.113     -0.164     7.7469 0.0000e+00
     -0.114      0.011    11.4765     95.462     30.562  20.025958     2.3609      8.240   226.3350 1.4835e+02     3.3820     -0.116     -0.168     7.7487 0.0000e+00
     -0.107      0.013    11.4517     95.161     30.563  20.027004     2.3652      8.237   226.2899 1.4563e+02     3.3790     -0.107     -0.155     7.7526 0.0000e+00
     -0.096      0.016    11.4224     94.755     30.564  20.027194     2.3520      8.236   226.0790 1.4010e+02     3.3840     -0.092     -0.134     7.7563 0.0000e+00
     -0.088      0.017    11.3943     94.375     30.566  20.028252     2.3431      8.235   226.9682 1.3834e+02     3.4085     -0.083     -0.122     7.7595 0.0000e+00
     -0.087      0.016    11.3759     94.066     30.583  20.039789     2.3489      8.234   228.7818 1.4003e+02     3.4020     -0.085     -0.124     7.7610 0.0000e+00
     -0.088      0.015    11.3424     93.735     30.582  20.039884     2.3720      8.235   229.3362 1.4232e+02     3.3727     -0.089     -0.128     7.7613 0.0000e+00
     -0.085      0.015    11.2839     93.342     30.564  20.029396     2.4892      8.237   228.7667 1.4364e+02     3.3274     -0.085     -0.123     7.7609 0.0000e+00
     -0.080      0.020    11.2362     92.893     30.578  20.039781     2.7017      8.239   228.4361 1.4305e+02     3.3326     -0.078     -0.113     7.7599 0.0000e+00
     -0.075      0.026    11.2078     92.378     30.575  20.038647     2.8263      8.241   228.1778 1.4056e+02     3.4014     -0.074     -0.108     7.7604 0.0000e+00
     -0.069      0.031    11.1680     91.807     30.539  20.015687     2.8306      8.241   227.7088 1.3608e+02     3.4083     -0.070     -0.102     7.7627 0.0000e+00
     -0.058      0.031    11.1183     91.162     30.539  20.015792     2.7955      8.243   227.5837 1.3093e+02     3.3475     -0.058     -0.084     7.7651 0.0000e+00
     -0.045      0.029    11.0676     90.442     30.577  20.039904     2.7604      8.245   228.2997 1.2696e+02     3.3158     -0.043     -0.062     7.7668 0.0000e+00
     -0.036      0.025    11.0032     89.751     30.599  20.053623     2.7629      8.245   229.4822 1.2250e+02     3.3661     -0.034     -0.049     7.7681 0.0000e+00
     -0.030      0.019    10.9365     89.229     30.604  20.054861     2.7762      8.246   230.2660 1.1847e+02     3.4781     -0.028     -0.041     7.7691 0.0000e+00
     -0.028      0.011    10.8616     88.935     30.608  20.054861     2.7628      8.246   230.5498 1.1787e+02     3.5077     -0.026     -0.039     7.7695 0.0000e+00
     -0.029      0.003    10.7700     88.860     30.608  20.053623     2.7508      8.247   230.6761 1.1971e+02     3.4166     -0.029     -0.042     7.7691 0.0000e+00
     -0.031     -0.003    10.6812     88.967     30.589  20.039895     2.7650      8.249   230.6751 1.2296e+02     3.3679     -0.031     -0.045     7.7665 0.0000e+00
     -0.031     -0.008    10.6179     89.184     30.554  20.015678     2.7847      8.250   230.5372 1.2634e+02     3.3621     -0.030     -0.043     7.7626 0.0000e+00
     -0.032     -0.009    10.5854     89.414     30.552  20.014431     2.8387      8.251   230.4717 1.2854e+02     3.3131     -0.029     -0.043     7.7594 0.0000e+00
     -0.037     -0.008    10.5772     89.563     30.568  20.024814     2.9274      8.252   230.2276 1.3019e+02     3.2527     -0.036     -0.053     7.7565 0.0000e+00
     -0.043     -0.006    10.5951     89.585     30.551  20.014419     2.9658      8.252   229.8224 1.3019e+02     3.2476     -0.044     -0.064     7.7538 0.0000e+00
     -0.044     -0.005    10.6240     89.469     30.551  20.015552     2.9707      8.251   229.9603 1.2789e+02     3.3196     -0.044     -0.064     7.7527 0.0000e+00
     -0.043     -0.004    10.6574     89.224     30.585  20.038511     2.9859      8.251   230.2603 1.2547e+02     3.3375     -0.042     -0.061     7.7527 0.0000e+00
     -0.041     -0.003    10.6759     88.899     30.584  20.038408     2.9997      8.251   230.6104 1.2306e+02     3.2588     -0.040     -0.057     7.7529 0.0000e+00
     -0.040     -0.003    10.6784     88.569     30.547  20.014304     3.0296      8.251   231.3543 1.2109e+02     3.2561     -0.038     -0.055     7.7541 0.0000e+00
     -0.042     -0.007    10.6651     88.363     30.527  20.000688     3.0556      8.251   232.3714 1.2098e+02     3.3395     -0.041     -0.060     7.7558 0.0000e+00
     -0.045     -0.011    10.6311     88.348     30.527  20.000584     3.0402      8.252   238.3483 1.2108e+02     3.3448     -0.044     -0.064     7.7574 0.0000e+00
     -0.048     -0.012    10.5926     88.515     30.547  20.013048     2.9937      8.253   248.8986 1.2063e+02     3.2857     -0.046     -0.066     7.7583 0.0000e+00
     -0.053     -0.012    10.5439     88.827     30.565  20.024577     2.9420      8.255   253.8486 1.2308e+02     3.2737     -0.050     -0.073     7.7585 0.0000e+00
     -0.059     -0.009    10.5174     89.201     30.546  20.013172     2.9232      8.255   252.4248 1.2675e+02     3.3030     -0.058     -0.085     7.7578 0.0000e+00
     -0.063     -0.003    10.5181     89.601     30.528  20.001957     2.9412      8.254   246.3098 1.2568e+02     3.3663     -0.063     -0.092     7.7564 0.0000e+00
     -0.063      0.004    10.5371     89.992     30.549  20.015791     2.9677      8.252   237.2151 1.2132e+02     3.3898     -0.061     -0.089     7.7556 0.0000e+00
     -0.061      0.010    10.5808     90.254     30.607  20.053623     2.9937      8.249   232.8894 1.1758e+02     3.3485     -0.058     -0.085     7.7559 0.0000e+00
     -0.056      0.014    10.6260     90.342     30.647  20.078966     3.0237      8.245   232.6391 1.1477e+02     3.3454     -0.057     -0.082     7.7566 0.0000e+00
     -0.048      0.013    10.6712     90.300     30.633  20.068602     3.0557      8.242   232.3823 1.1165e+02     3.3174     -0.047     -0.069     7.7575 0.0000e+00
     -0.038      0.011    10.7276     90.172     30.613  20.055121     3.0636      8.242   231.9357 1.1036e+02     3.2493     -0.034     -0.050     7.7586 0.0000e+00
     -0.035      0.010    10.7594     90.030     30.593  20.042762     3.0445      8.243   231.4551 1.1359e+02     3.2395     -0.030     -0.045     7.7590 0.0000e+00
     -0.040      0.009    10.7666     89.943     30.598  20.045983     3.0246      8.245   231.4761 1.1619e+02     3.3012     -0.039     -0.057     7.7568 0.0000e+00
     -0.045      0.006    10.7628     89.948     30.672  20.094067     3.0301      8.245   231.8448 1.1444e+02     3.3807     -0.046     -0.068     7.7544 0.0000e+00
     -0.044     -0.001    10.7423     90.017     30.708  20.116912     3.0200      8.245   232.0423 1.1082e+02     3.3812     -0.047     -0.067     7.7542 0.0000e+00
     -0.035     -0.009    10.7239     90.078     30.635  20.068590     2.9611      8.246   232.1431 1.0533e+02     3.3072     -0.034     -0.049     7.7554 0.0000e+00
     -0.028     -0.018    10.7094     90.055     30.556  20.017038     2.9336      8.246   232.3748 1.0370e+02     3.2712     -0.022     -0.030     7.7565 0.0000e+00
     -0.035     -0.032    10.7134     89.899     30.531  20.000826     2.9374      8.246   232.5213 1.0950e+02     3.3222     -0.029     -0.043     7.7546 0.0000e+00
     -0.052     -0.048    10.7251     89.639     30.530  19.999373     2.9243      8.247   232.4503 1.1511e+02     3.3422     -0.051     -0.074     7.7522 0.0000e+00
     -0.070     -0.061    10.7350     89.322     30.531  19.999478     2.9330      8.249   232.4634 1.2013e+02     3.2746     -0.070     -0.102     7.7526 0.0000e+00
     -0.088     -0.064    10.7362     88.985     30.535  20.002084     2.9597      8.251   232.5935 1.2643e+02     3.2566     -0.084     -0.122     7.7533 0.0000e+00
     -0.110     -0.054    10.7142     88.644     30.579  20.030882     2.9717      8.252   232.6464 1.3567e+02     3.3295     -0.105     -0.153     7.7537 0.0000e+00
     -0.132     -0.037    10.6823     88.319     30.676  20.094065     2.9777      8.253   232.6724 1.4526e+02     3.4043     -0.134     -0.194     7.7526 0.0000e+00
     -0.144     -0.021    10.6424     88.047     30.732  20.131994     2.9251      8.254   232.7363 1.4809e+02     3.3748     -0.148     -0.215     7.7509 0.0000e+00
     -0.139     -0.006    10.6025     87.836     30.692  20.109054     2.8101      8.255   232.8169 1.4533e+02     3.2806     -0.139     -0.201     7.7506 0.0000e+00
     -0.127      0.008    10.5615     87.648     30.629  20.070328     2.7451      8.257   232.7872 1.4093e+02     3.2554     -0.122     -0.178     7.7512 0.0000e+00
     -0.119      0.018    10.5199     87.406     30.588  20.044179     2.7458      8.257   232.6348 1.3750e+02     3.3098     -0.114     -0.166     7.7497 0.0000e+00
     -0.117      0.023    10.4888     87.108     30.592  20.046497     2.7856      8.258   232.5226 1.3665e+02     3.3575     -0.115     -0.167     7.7496 0.0000e+00
     -0.116      0.024    10.4610     86.830     30.672  20.098353     2.8431      8.261   232.5495 1.3878e+02     3.3200     -0.116     -0.168     7.7577 0.0000e+00
     -0.112      0.025    10.4429     86.587     30.773  20.163935     2.8748      8.263   234.0782 1.3657e+02     3.2996     -0.111     -0.161     7.7636 0.0000e+00
     -0.103      0.026    10.4148     86.363     30.836  20.205413     2.8854      8.265   235.7781 1.2923e+02     3.3502     -0.102     -0.147     7.7640 0.0000e+00
     -0.092      0.025    10.3725     86.183     30.853  20.219444     2.8801      8.266   234.7761 1.2435e+02     3.3517     -0.091     -0.131     7.7635 0.0000e+00
