Data/DataNotYetUploadedToEDI/Raw_CTD/RawDownloads/031025_fcr40_S7809005.cnv
* Sea-Bird SBE19plus  Data File:
* FileName = C:\R\Reservoirs\Data\DataNotYetUploadedToEDI\Raw_CTD\RawDownloads\031025_fcr50_S7809_0005.hex
* Software version 2.8.0.119
* Temperature SN = 7809
* Conductivity SN = 7809
* System UpLoad Time = Mar 13 2025 14:43:03
* <ApplicationData>
* <Seaterm232>
# nquan = 15
# nvalues = 929                         
# units = specified
# name 0 = depFM: Depth [fresh water, m]
# name 1 = dz/dtM: Descent Rate [m/s]
# name 2 = sbeox0Mg/L: Oxygen, SBE 43 [mg/l]
# name 3 = sbeox0PS: Oxygen, SBE 43 [% saturation]
# name 4 = specc: Specific Conductance [uS/cm]
# name 5 = c0uS/cm: Conductivity [uS/cm]
# name 6 = flECO-AFL: Fluorescence, WET Labs ECO-AFL/FL [mg/m^3]
# name 7 = ph: pH
# name 8 = orp: Oxidation Reduction Potential [mV]
# name 9 = par/sat/log: PAR/Logarithmic, Satlantic
# name 10 = turbWETntu0: Turbidity, WET Labs ECO [NTU]
# name 11 = prdM: Pressure, Strain Gauge [db]
# name 12 = prdE: Pressure, Strain Gauge [psi]
# name 13 = tv290C: Temperature [ITS-90, deg C]
# name 14 = flag:  0.000e+00
# span 0 =     -0.693,      5.665       
# span 1 =     -0.317,      0.213       
# span 2 =     8.3171,    13.1328       
# span 3 =     69.294,    108.749       
# span 4 =      2.835,     32.039       
# span 5 =   1.832856,  20.050578       
# span 6 =    -0.2760,     6.8289       
# span 7 =      8.204,      8.722       
# span 8 =   222.7146,   365.5627       
# span 9 = 1.9540e+00, 8.9222e+02       
# span 10 =    -0.2489,   193.3030      
# span 11 =     -0.681,      5.556      
# span 12 =     -0.987,      8.058      
# span 13 =     6.2508,     7.4924      
# span 14 = 0.0000e+00, 0.0000e+00      
# interval = seconds: 0.25
# start_time = Mar 10 2025 13:39:22 [Instrument's time stamp, header]
# bad_flag = -9.990e-29
*END*
[from data line 482]
      2.949      0.051    12.1329     99.765     30.451  19.498515     5.2802      8.451   258.5877 2.6010e+01     3.7597      2.892      4.195     7.0197 0.0000e+00
      2.960      0.046    12.1309     99.743     30.448  19.497467     5.2890      8.451   258.5691 2.5780e+01     3.7980      2.903      4.210     7.0158 0.0000e+00
      2.970      0.043    12.1237     99.749     30.450  19.499649     5.3273      8.451   258.5240 2.5574e+01     3.8269      2.913      4.226     7.0138 0.0000e+00
      2.979      0.043    12.1119     99.778     30.487  19.524894     5.3351      8.451   258.4725 2.5369e+01     3.7679      2.921      4.237     7.0130 0.0000e+00
      2.988      0.046    12.1029     99.808     30.524  19.549100     5.3241      8.451   258.5495 2.5127e+01     3.7334      2.930      4.249     7.0139 0.0000e+00
      3.000      0.050    12.1012     99.823     30.509  19.538725     5.3528      8.452   258.6803 2.4846e+01     3.7857      2.942      4.268     7.0155 0.0000e+00
      3.014      0.054    12.1007     99.841     30.491  19.526255     5.4167      8.452   258.7630 2.4535e+01     3.8532      2.955      4.287     7.0173 0.0000e+00
      3.029      0.058    12.1045     99.856     30.491  19.525121     5.4634      8.452   258.8614 2.4184e+01     3.8324      2.970      4.308     7.0199 0.0000e+00
      3.045      0.059    12.1098     99.835     30.492  19.525010     5.4683      8.452   258.9225 2.3834e+01     3.7739      2.987      4.332     7.0213 0.0000e+00
      3.062      0.059    12.1095     99.792     30.493  19.524905     5.4754      8.453   258.9005 2.3536e+01     3.7946      3.003      4.356     7.0201 0.0000e+00
      3.077      0.058    12.1126     99.752     30.493  19.523854     5.5079      8.454   258.8528 2.3255e+01     3.8781      3.019      4.378     7.0183 0.0000e+00
      3.092      0.056    12.1182     99.723     30.476  19.512309     5.5105      8.455   258.8618 2.2968e+01     3.8611      3.032      4.398     7.0162 0.0000e+00
      3.106      0.054    12.1144     99.721     30.476  19.512110     5.4912      8.454   258.9248 2.2708e+01     3.7253      3.045      4.418     7.0146 0.0000e+00
      3.119      0.052    12.1076     99.743     30.491  19.521445     5.4661      8.452   259.0108 2.2496e+01     3.6022      3.059      4.437     7.0135 0.0000e+00
      3.131      0.050    12.1047     99.773     30.454  19.498379     5.4224      8.452   259.1273 2.2275e+01     3.5343      3.070      4.453     7.0112 0.0000e+00
      3.144      0.047    12.0996     99.791     30.435  19.486833     5.3968      8.453   259.1287 2.2030e+01     3.5543      3.082      4.470     7.0094 0.0000e+00
      3.157      0.044    12.1001     99.794     30.470  19.508640     5.3808      8.454   259.0281 2.1804e+01     3.5705      3.096      4.491     7.0100 0.0000e+00
      3.169      0.042    12.1025     99.783     30.472  19.508441     5.2716      8.454   259.0303 2.1621e+01     3.5254      3.109      4.510     7.0107 0.0000e+00
      3.179      0.042    12.1079     99.734     30.439  19.484424     5.0918      8.454   259.1549 2.1499e+01     3.5554      3.119      4.523     7.0106 0.0000e+00
      3.186      0.045    12.1095     99.658     30.425  19.471857     5.0123      8.454   259.3309 2.1409e+01     3.5912      3.125      4.531     7.0121 0.0000e+00
      3.194      0.049    12.1087     99.592     30.446  19.483289     5.0177      8.453   259.4368 2.1264e+01     3.5492      3.131      4.541     7.0130 0.0000e+00
      3.206      0.051    12.1109     99.557     30.467  19.495846     5.0081      8.453   259.4029 2.0962e+01     3.4909      3.140      4.555     7.0103 0.0000e+00
      3.223      0.051    12.1053     99.549     30.467  19.496884     5.0039      8.454   259.3509 2.0569e+01     3.4664      3.159      4.582     7.0047 0.0000e+00
      3.243      0.050    12.0962     99.559     30.465  19.495837     5.0328      8.455   259.4105 2.0311e+01     3.5274      3.185      4.619     6.9982 0.0000e+00
      3.258      0.047    12.0882     99.582     30.445  19.483177     5.0665      8.455   259.5215 2.0218e+01     3.5445      3.199      4.640     6.9937 0.0000e+00
      3.265      0.044    12.0851     99.617     30.427  19.470620     5.0703      8.456   259.4889 2.0141e+01     3.4686      3.202      4.644     6.9927 0.0000e+00
      3.271      0.039    12.0842     99.661     30.427  19.470820     5.0624      8.457   259.4459 2.0026e+01     3.4640      3.207      4.651     6.9944 0.0000e+00
      3.279      0.035    12.0849     99.697     30.448  19.485587     5.0706      8.457   259.6039 1.9866e+01     3.5565      3.215      4.664     6.9967 0.0000e+00
      3.290      0.035    12.0875     99.711     30.503  19.522370     5.0780      8.457   259.7642 1.9660e+01     3.6303      3.225      4.679     6.9962 0.0000e+00
      3.302      0.037    12.0930     99.706     30.522  19.535154     5.0858      8.457   259.7502 1.9504e+01     3.6049      3.239      4.697     6.9931 0.0000e+00
      3.311      0.041    12.0989     99.697     30.488  19.513357     5.1400      8.457   259.6059 1.9444e+01     3.5566      3.249      4.711     6.9936 0.0000e+00
      3.318      0.045    12.1033     99.698     30.487  19.512422     5.2254      8.457   259.5683 1.9353e+01     3.6617      3.253      4.718     6.9967 0.0000e+00
      3.327      0.047    12.1043     99.708     30.506  19.523855     5.2684      8.457   259.7263 1.9134e+01     3.8160      3.260      4.728     6.9991 0.0000e+00
      3.342      0.050    12.1017     99.703     30.509  19.524792     5.2697      8.457   259.8816 1.8877e+01     3.8167      3.277      4.753     7.0007 0.0000e+00
      3.358      0.053    12.1007     99.673     30.509  19.523744     5.2823      8.457   259.8976 1.8655e+01     3.7733      3.296      4.780     7.0004 0.0000e+00
      3.373      0.054    12.1002     99.625     30.492  19.511176     5.3212      8.456   259.8328 1.8427e+01     3.8034      3.309      4.800     6.9999 0.0000e+00
      3.387      0.053    12.1035     99.570     30.477  19.499640     5.3566      8.456   259.7859 1.8198e+01     3.8396      3.322      4.819     6.9991 0.0000e+00
      3.400      0.052    12.1037     99.532     30.496  19.511063     5.3700      8.457   259.7614 1.8013e+01     3.8347      3.335      4.837     6.9972 0.0000e+00
      3.412      0.052    12.1004     99.528     30.516  19.522485     5.3669      8.457   259.7954 1.7852e+01     3.7441      3.346      4.853     6.9951 0.0000e+00
      3.424      0.051    12.0952     99.527     30.501  19.510948     5.3517      8.457   259.8523 1.7647e+01     3.5991      3.357      4.870     6.9919 0.0000e+00
      3.437      0.050    12.0886     99.511     30.482  19.498373     5.3440      8.458   259.9333 1.7383e+01     3.5494      3.371      4.887     6.9888 0.0000e+00
      3.452      0.049    12.0826     99.514     30.480  19.497230     5.3495      8.458   260.0860 1.7128e+01     3.5539      3.386      4.911     6.9870 0.0000e+00
      3.467      0.048    12.0847     99.509     30.480  19.497126     5.3429      8.458   260.1499 1.6938e+01     3.5169      3.401      4.933     6.9844 0.0000e+00
      3.478      0.045    12.0886     99.482     30.479  19.497117     5.2558      8.458   260.1036 1.6772e+01     3.5116      3.411      4.947     6.9821 0.0000e+00
      3.488      0.042    12.0808     99.455     30.478  19.497126     5.1038      8.459   260.1284 1.6610e+01     3.5924      3.420      4.961     6.9814 0.0000e+00
      3.497      0.037    12.0853     99.403     30.477  19.497241     5.0199      8.460   260.1923 1.6457e+01     3.6735      3.430      4.975     6.9815 0.0000e+00
      3.507      0.033    12.0859     99.352     30.478  19.498497     5.0073      8.461   260.1876 1.6301e+01     3.6389      3.439      4.988     6.9820 0.0000e+00
      3.516      0.031    12.0780     99.341     30.498  19.512321     4.9848      8.461   260.1569 1.6177e+01     3.5155      3.449      5.002     6.9828 0.0000e+00
      3.524      0.031    12.0790     99.334     30.537  19.537577     4.9555      8.461   260.2516 1.6105e+01     3.4792      3.457      5.013     6.9844 0.0000e+00
      3.529      0.031    12.0701     99.324     30.557  19.550267     4.9529      8.460   260.3864 1.6017e+01     3.5408      3.460      5.019     6.9859 0.0000e+00
      3.534      0.032    12.0595     99.350     30.541  19.538948     4.9612      8.460   260.4109 1.5868e+01     3.5434      3.465      5.025     6.9865 0.0000e+00
      3.543      0.032    12.0623     99.395     30.524  19.527524     5.0063      8.461   260.4614 1.5675e+01     3.5793      3.473      5.038     6.9878 0.0000e+00
      3.554      0.032    12.0617     99.432     30.541  19.538947     5.0986      8.461   260.4802 1.5486e+01     3.7014      3.486      5.056     6.9893 0.0000e+00
      3.565      0.032    12.0558     99.481     30.558  19.550257     5.1540      8.461   260.4663 1.5350e+01     3.7564      3.497      5.072     6.9881 0.0000e+00
      3.573      0.031    12.0629     99.535     30.538  19.537472     5.1684      8.461   260.5508 1.5255e+01     3.7994      3.505      5.084     6.9855 0.0000e+00
      3.579      0.029    12.0702     99.583     30.497  19.511167     5.1392      8.461   260.5561 1.5171e+01     3.7433      3.510      5.091     6.9851 0.0000e+00
      3.584      0.029    12.0716     99.633     30.457  19.485807     5.0754      8.462   260.5303 1.5075e+01     3.5565      3.515      5.098     6.9864 0.0000e+00
      3.590      0.031    12.0785     99.663     30.456  19.484455     5.0540      8.462   260.5833 1.4967e+01     3.5218      3.521      5.106     6.9871 0.0000e+00
      3.598      0.036    12.0861     99.659     30.473  19.494821     5.0554      8.463   260.5939 1.4845e+01     3.5624      3.528      5.117     6.9873 0.0000e+00
      3.607      0.042    12.0904     99.645     30.458  19.484332     5.0504      8.463   260.5727 1.4690e+01     3.5352      3.536      5.129     6.9874 0.0000e+00
      3.617      0.047    12.0977     99.619     30.461  19.484436     5.1107      8.463   260.5849 1.4481e+01     3.5687      3.546      5.143     6.9870 0.0000e+00
      3.632      0.052    12.1036     99.576     30.482  19.496077     5.2436      8.464   260.6561 1.4209e+01     3.6947      3.560      5.163     6.9859 0.0000e+00
      3.649      0.056    12.1005     99.551     30.487  19.498279     5.3345      8.464   260.7448 1.3958e+01     3.7951      3.578      5.191     6.9850 0.0000e+00
      3.665      0.057    12.0998     99.537     30.507  19.511054     5.3521      8.464   260.7970 1.3780e+01     3.7911      3.596      5.215     6.9841 0.0000e+00
      3.678      0.057    12.0992     99.502     30.527  19.523742     5.4141      8.463   260.7715 1.3604e+01     3.7156      3.607      5.231     6.9806 0.0000e+00
      3.692      0.053    12.0918     99.470     30.530  19.524885     5.5510      8.462   260.7801 1.3394e+01     3.7006      3.619      5.249     6.9765 0.0000e+00
      3.707      0.048    12.0894     99.471     30.530  19.524877     5.6342      8.462   260.9011 1.3191e+01     3.7814      3.635      5.273     6.9761 0.0000e+00
      3.721      0.043    12.0910     99.486     30.528  19.523639     5.6380      8.463   260.9445 1.3046e+01     3.8048      3.651      5.296     6.9766 0.0000e+00
      3.731      0.039    12.0843     99.493     30.506  19.509921     5.7303      8.463   260.8745 1.2963e+01     3.7436      3.660      5.309     6.9758 0.0000e+00
      3.738      0.034    12.0788     99.487     30.469  19.485807     5.9266      8.463   260.8291 1.2872e+01     3.6909      3.666      5.316     6.9751 0.0000e+00
      3.745      0.029    12.0807     99.470     30.469  19.485692     6.0467      8.463   260.8251 1.2752e+01     3.7140      3.673      5.327     6.9747 0.0000e+00
      3.752      0.027    12.0838     99.475     30.505  19.508523     6.0922      8.464   260.8260 1.2649e+01     3.7850      3.680      5.337     6.9752 0.0000e+00
      3.759      0.029    12.0836     99.516     30.506  19.508252     6.2024      8.464   260.8396 1.2574e+01     3.7967      3.687      5.346     6.9758 0.0000e+00
      3.764      0.032    12.0843     99.524     30.473  19.482407     6.3721      8.464   260.9046 1.2507e+01     3.8556      3.691      5.354     6.9751 0.0000e+00
      3.770      0.034    12.0806     99.468     30.445  19.449643     6.4702      8.464   261.0100 1.2407e+01     4.0195      3.696      5.360     6.9747 0.0000e+00
      3.779      0.035    12.0778     99.385     30.452  19.429096     6.4901      8.465   261.0806 1.2247e+01     4.1040      3.704      5.372     6.9742 0.0000e+00
      3.793      0.036    12.0898     99.317     30.483  19.424155     6.5037      8.465   261.1558 1.2082e+01     3.9887      3.720      5.396     6.9744 0.0000e+00
      3.806      0.037    12.0916     99.249     30.459  19.389878     6.5192      8.465   261.2303 1.1978e+01     3.7871      3.735      5.418     6.9719 0.0000e+00
      3.814      0.039    12.0896     99.140     30.414  19.331653     6.5352      8.466   261.2078 1.1928e+01     3.7163      3.741      5.427     6.9493 0.0000e+00
      3.819      0.039    12.0925     98.990     30.424  19.290733     6.5483      8.466   261.1428 1.1865e+01     3.7470      3.743      5.429     6.8991 0.0000e+00
      3.826      0.041    12.0985     98.777     30.475  19.275481     6.5438      8.466   261.1318 1.1724e+01     3.7489      3.749      5.438     6.8507 0.0000e+00
      3.839      0.045    12.1004     98.493     30.522  19.273988     6.5059      8.467   261.1613 1.1556e+01     3.7050      3.764      5.460     6.8339 0.0000e+00
      3.853      0.050    12.0950     98.167     30.544  19.272658     6.4562      8.467   261.2409 1.1425e+01     3.6950      3.779      5.482     6.7959 0.0000e+00
      3.866      0.054    12.1093     97.832     30.539  19.259386     6.4340      8.468   261.4057 1.1283e+01     3.7641      3.791      5.498     6.6998 0.0000e+00
      3.881      0.056    12.1099     97.506     30.527  19.240313     6.4380      8.469   261.4341 1.1126e+01     3.8228      3.806      5.520     6.6105 0.0000e+00
      3.895      0.056    12.0875     97.200     30.537  19.232236     6.5295      8.468   261.2394 1.0987e+01     3.8246      3.822      5.543     6.5643 0.0000e+00
      3.909      0.056    12.0526     96.945     30.545  19.225112     6.6994      8.468   261.2030 1.0840e+01     3.8199      3.833      5.559     6.5437 0.0000e+00
      3.923      0.056    12.0127     96.745     30.551  19.217568     6.8027      8.468   261.4243 1.0684e+01     3.8334      3.847      5.579     6.5342 0.0000e+00
      3.938      0.055    11.9801     96.596     30.550  19.204413     6.8289      8.469   261.5923 1.0545e+01     3.8174      3.862      5.602     6.5140 0.0000e+00
      3.952      0.055    11.9476     96.489     30.550  19.192838     6.7999      8.470   261.5994 1.0409e+01     3.7639      3.876      5.622     6.4852 0.0000e+00
      3.966      0.054    11.9228     96.418     30.581  19.204403     6.7359      8.470   261.5098 1.0269e+01     3.7671      3.889      5.640     6.4678 0.0000e+00
      3.980      0.052    11.9027     96.378     30.610  19.217444     6.7122      8.469   261.4551 1.0137e+01     3.8566      3.903      5.661     6.4514 0.0000e+00
      3.994      0.050    11.8920     96.372     30.626  19.223713     6.7131      8.469   261.5404 1.0009e+01     3.9234      3.916      5.680     6.4283 0.0000e+00
      4.007      0.049    11.8849     96.399     30.619  19.216797     6.6634      8.469   261.6812 9.8931e+00     3.9250      3.929      5.698     6.4081 0.0000e+00
      4.018      0.050    11.8798     96.433     30.591  19.197219     6.5777      8.470   261.7808 9.8162e+00     3.9110      3.941      5.717     6.3956 0.0000e+00
      4.027      0.051    11.8779     96.502     30.565  19.177195     6.5431      8.471   261.7980 9.7369e+00     3.9584      3.949      5.728     6.3887 0.0000e+00
