Data/DataNotYetUploadedToEDI/Raw_CTD/RawDownloads/031025_fcr30_S7809004.cnv
* Sea-Bird SBE19plus  Data File:
* FileName = C:\R\Reservoirs\Data\DataNotYetUploadedToEDI\Raw_CTD\RawDownloads\031025_fcr50_S7809_0004.hex
* Software version 2.8.0.119
* Temperature SN = 7809
* Conductivity SN = 7809
* System UpLoad Time = Mar 13 2025 14:42:38
* <ApplicationData>
* <Seaterm232>
# nquan = 15
# nvalues = 745                         
# units = specified
# name 0 = depFM: Depth [fresh water, m]
# name 1 = dz/dtM: Descent Rate [m/s]
# name 2 = sbeox0Mg/L: Oxygen, SBE 43 [mg/l]
# name 3 = sbeox0PS: Oxygen, SBE 43 [% saturation]
# name 4 = specc: Specific Conductance [uS/cm]
# name 5 = c0uS/cm: Conductivity [uS/cm]
# name 6 = flECO-AFL: Fluorescence, WET Labs ECO-AFL/FL [mg/m^3]
# name 7 = ph: pH
# name 8 = orp: Oxidation Reduction Potential [mV]
# name 9 = par/sat/log: PAR/Logarithmic, Satlantic
# name 10 = turbWETntu0: Turbidity, WET Labs ECO [NTU]
# name 11 = prdM: Pressure, Strain Gauge [db]
# name 12 = prdE: Pressure, Strain Gauge [psi]
# name 13 = tv290C: Temperature [ITS-90, deg C]
# name 14 = flag:  0.000e+00
# span 0 =     -0.690,      4.816       
# span 1 =     -0.327,      0.223       
# span 2 =     8.6234,    13.0942       
# span 3 =     71.730,    107.979       
# span 4 =      1.796,     31.514       
# span 5 =   1.179979,  20.234212       
# span 6 =    -0.1736,    12.7899       
# span 7 =      8.055,      8.359       
# span 8 =   222.2988,  1020.7506       
# span 9 = 3.9195e+00, 7.8986e+02       
# span 10 =    -1.0259,   220.7745      
# span 11 =     -0.678,      4.724      
# span 12 =     -0.982,      6.852      
# span 13 =     6.2481,     7.8525      
# span 14 = 0.0000e+00, 0.0000e+00      
# interval = seconds: 0.25
# start_time = Mar 10 2025 13:30:06 [Instrument's time stamp, header]
# bad_flag = -9.990e-29
*END*
[from data line 675]
      1.260     -0.106    12.1998    100.545     30.465  19.509916     4.9982      8.333   259.2528 1.1314e+02     6.1308      1.231      1.787     7.0215 0.0000e+00
      1.235     -0.100    12.2000    100.540     30.447  19.499551     5.0077      8.333   259.4446 1.1513e+02     6.1666      1.209      1.753     7.0190 0.0000e+00
      1.217     -0.098    12.2010    100.534     30.463  19.511390     4.9358      8.333   259.5669 1.1713e+02     6.1029      1.194      1.732     7.0169 0.0000e+00
      1.198     -0.101    12.1985    100.544     30.483  19.526261     4.8200      8.334   259.6133 1.1937e+02     6.1124      1.176      1.705     7.0180 0.0000e+00
      1.175     -0.107    12.1980    100.563     30.520  19.552556     4.7645      8.334   259.5755 1.2229e+02     6.1787      1.154      1.675     7.0195 0.0000e+00
      1.147     -0.116    12.1978    100.567     30.552  19.575725     4.7556      8.335   259.4542 1.2649e+02     6.1524      1.127      1.635     7.0205 0.0000e+00
      1.112     -0.126    12.1941    100.566     30.510  19.552783     4.7118      8.336   259.2647 1.3160e+02     6.1365      1.090      1.581     7.0232 0.0000e+00
      1.075     -0.134    12.1953    100.579     30.467  19.528775     4.6186      8.336   259.0910 1.3652e+02     6.1233      1.053      1.527     7.0267 0.0000e+00
      1.038     -0.139    12.1983    100.608     30.478  19.539065     4.5604      8.337   259.0754 1.4126e+02     6.0956      1.018      1.476     7.0295 0.0000e+00
      1.003     -0.142    12.1968    100.651     30.492  19.550394     4.5569      8.338   259.1621 1.4568e+02     6.1433      0.983      1.425     7.0340 0.0000e+00
      0.968     -0.144    12.1927    100.696     30.471  19.538951     4.5264      8.340   259.1921 1.5094e+02     6.1873      0.949      1.377     7.0417 0.0000e+00
      0.934     -0.144    12.1930    100.722     30.452  19.527518     4.4593      8.341   259.1811 1.5674e+02     6.1484      0.919      1.332     7.0487 0.0000e+00
      0.894     -0.144    12.1945    100.743     30.470  19.538959     4.4197      8.341   259.1147 1.6121e+02     6.0836      0.879      1.273     7.0538 0.0000e+00
      0.853     -0.146    12.1988    100.773     30.488  19.550487     4.4046      8.342   258.9915 1.6514e+02     6.0873      0.833      1.209     7.0574 0.0000e+00
      0.817     -0.147    12.2055    100.806     30.473  19.540093     4.3185      8.343   258.9821 1.6899e+02     6.1587      0.799      1.159     7.0606 0.0000e+00
      0.784     -0.144    12.2066    100.828     30.474  19.540102     4.1527      8.345   259.0010 1.7472e+02     6.1613      0.771      1.117     7.0623 0.0000e+00
      0.746     -0.136    12.2083    100.829     30.491  19.550592     4.0478      8.346   258.9623 1.8251e+02     6.1185      0.735      1.066     7.0617 0.0000e+00
      0.704     -0.126    12.2133    100.872     30.474  19.540113     4.0408      8.346   258.9438 1.8887e+02     6.1536      0.689      1.000     7.0608 0.0000e+00
      0.668     -0.116    12.2179    100.993     30.473  19.540208     4.0515      8.346   258.9493 1.9487e+02     6.1765      0.649      0.943     7.0589 0.0000e+00
      0.644     -0.107    12.2221    101.023     30.490  19.551745     4.0440      8.347   258.9437 2.0153e+02     6.1224      0.630      0.913     7.0579 0.0000e+00
      0.625     -0.100    12.2207    100.946     30.491  19.552803     4.0326      8.348   258.8761 2.0794e+02     6.0803      0.615      0.892     7.0583 0.0000e+00
      0.605     -0.094    12.2166    100.915     30.491  19.553002     4.0307      8.349   258.8200 2.1507e+02     6.0763      0.593      0.861     7.0587 0.0000e+00
      0.582     -0.090    12.2465    100.893     30.491  19.554154     4.0215      8.349   258.7820 2.2066e+02     6.0740      0.571      0.828     7.0600 0.0000e+00
      0.556     -0.089    12.2538    100.904     30.510  19.566730     3.8964      8.349   258.6741 2.2929e+02     6.0862      0.547      0.793     7.0614 0.0000e+00
      0.528     -0.093    12.2226    100.902     30.528  19.578258     3.6576      8.350   258.4616 2.4033e+02     6.1216      0.517      0.749     7.0618 0.0000e+00
      0.505     -0.100    12.2364    100.827     30.509  19.566730     3.5231      8.350   258.2778 2.4981e+02     6.1606      0.492      0.713     7.0623 0.0000e+00
      0.489     -0.107    12.2221    100.759     30.488  19.554155     3.5099      8.350   258.2580 2.5149e+02     6.2168      0.482      0.697     7.0632 0.0000e+00
      0.468     -0.108    12.2265    100.678     30.485  19.553012     3.4564      8.350   258.3088 2.4420e+02     6.2200      0.467      0.677     7.0644 0.0000e+00
      0.432     -0.098    12.2380    100.698     30.483  19.552917     3.3434      8.352   258.3759 2.4462e+02     6.1653      0.426      0.618     7.0650 0.0000e+00
      0.388     -0.079    12.2094    100.829     30.483  19.553002     3.2744      8.353   258.4668 2.5346e+02     6.1362      0.375      0.544     7.0654 0.0000e+00
      0.356     -0.056    12.2178    100.838     30.483  19.554051     3.2724      8.353   258.4614 2.5928e+02     6.1416      0.341      0.494     7.0667 0.0000e+00
      0.348     -0.034    12.1923    100.735     30.498  19.565587     3.1942      8.353   258.2244 2.5462e+02     6.1958      0.333      0.482     7.0685 0.0000e+00
      0.359     -0.021    12.1907    100.743     30.496  19.565692     3.0027      8.353   257.8394 2.4505e+02     6.2107      0.351      0.508     7.0700 0.0000e+00
      0.377     -0.020    12.2277    100.870     30.479  19.555316     2.8716      8.353   257.6782 2.4083e+02     6.1508      0.372      0.539     7.0710 0.0000e+00
      0.387     -0.028    12.2255    100.974     30.496  19.566939     2.8573      8.354   257.9092 2.4476e+02     6.1208      0.387      0.561     7.0722 0.0000e+00
      0.376     -0.038    12.1954    101.019     30.515  19.579419     2.8478      8.355   257.9656 2.5522e+02     6.1223      0.382      0.554     7.0745 0.0000e+00
      0.339     -0.052    12.1969    101.006     30.513  19.579409     2.7975      8.355   257.3279 2.7025e+02     6.0994      0.332      0.482     7.0772 0.0000e+00
      0.303     -0.073    12.2245    100.992     30.491  19.566824     2.7570      8.355   256.5644 2.8584e+02     6.0833      0.285      0.413     7.0790 0.0000e+00
      0.293     -0.098    12.2326    101.017     30.471  19.554059     2.7406      8.355   256.2198 2.8664e+02     6.1325      0.279      0.405     7.0793 0.0000e+00
      0.299     -0.122    12.2415    101.001     30.467  19.551868     2.7323      8.355   256.0005 2.7177e+02     6.2162      0.301      0.437     7.0796 0.0000e+00
      0.284     -0.142    12.2348    100.927     30.449  19.540341     2.7146      8.355   255.7208 2.7645e+02     6.2415      0.298      0.432     7.0819 0.0000e+00
      0.229     -0.162    12.2285    100.962     30.451  19.541484     2.6848      8.356   255.4191 3.0000e+02     6.1653      0.230      0.333     7.0847 0.0000e+00
      0.154     -0.178    12.2374    101.109     30.489  19.565691     2.6802      8.357   255.1915 3.0239e+02     6.1145      0.144      0.209     7.0855 0.0000e+00
      0.090     -0.180    12.2397    101.124     30.510  19.579419     2.7002      8.358   255.1203 2.8721e+02     6.1736      0.083      0.120     7.0852 0.0000e+00
      0.043     -0.162    12.2180    101.020     30.513  19.580668     2.6692      8.359   255.0733 2.8728e+02     6.2312      0.038      0.055     7.0850 0.0000e+00
      0.009     -0.133    12.2171    100.958     30.513  19.580791     2.5714      8.359   254.8827 3.0128e+02     6.2309      0.004      0.006     7.0851 0.0000e+00
     -0.014     -0.113    12.2589    100.934     30.510  19.580906     2.5083      8.359   254.7084 3.1462e+02     6.1699     -0.017     -0.024     7.0856 0.0000e+00
     -0.027     -0.110    12.2547    100.903     30.505  19.582057     2.5053      8.358   255.2886 3.3120e+02     6.1080     -0.028     -0.042     7.0855 0.0000e+00
     -0.038     -0.125    12.2298    100.878     30.516  19.594717     2.4432      8.356   255.6173 4.0775e+02     6.0979     -0.031     -0.046     7.0846 0.0000e+00
     -0.064     -0.160    12.2281    100.902     30.531  19.607173     2.2991      8.356   254.1227 5.8058e+02     6.0811     -0.053     -0.076     7.0837 0.0000e+00
     -0.111     -0.210    12.2255    100.922     30.527  19.605871     2.2111      8.354   252.1018 7.3148e+02     6.1439     -0.109     -0.157     7.0846 0.0000e+00
     -0.170     -0.264    12.2203    100.888     30.478  19.578971     2.1699      8.351   248.0461 7.8231e+02     6.8914     -0.163     -0.236     7.0939 0.0000e+00
     -0.244     -0.308    12.2072    100.840     29.610  19.028327     1.6759      8.348   242.4271 7.8986e+02    14.5386     -0.227     -0.328     7.1068 0.0000e+00
     -0.342     -0.327    12.2148    100.802     24.184  15.547481     0.7329      8.346   240.1737 7.8531e+02    28.4415     -0.334     -0.484     7.1095 0.0000e+00
     -0.450     -0.316    12.2206    100.732     13.985   8.994018     0.1980      8.347   240.6766 7.4238e+02    35.8928     -0.444     -0.644     7.1091 0.0000e+00
     -0.554     -0.279    12.2104    100.613      6.304   4.055284     0.1438      8.349   241.9681 6.5131e+02    35.6986     -0.548     -0.794     7.1152 0.0000e+00
     -0.637     -0.224    12.1997    100.467      3.844   2.472999     0.2110      8.349   242.8846 5.5866e+02    26.4004     -0.644     -0.933     7.1282 0.0000e+00
     -0.679     -0.159    12.1913    100.227      3.249   2.090033     0.3274      8.351   242.5504 4.9810e+02     9.2095     -0.678     -0.982     7.1475 0.0000e+00
     -0.689     -0.096    12.1825     99.892      2.849   1.832050     0.3702      8.354   242.2295 4.3135e+02    -0.1963     -0.677     -0.980     7.1625 0.0000e+00
     -0.690     -0.046    12.1596     99.530      3.727   2.394348     0.3708      8.356   242.4464 3.3626e+02    -1.0033     -0.678     -0.982     7.1687 0.0000e+00
     -0.689     -0.015    12.1497     99.139      9.604   6.164666     0.3760      8.356   242.4202 2.5970e+02    -1.0259     -0.676     -0.980     7.1703 0.0000e+00
     -0.689     -0.002    12.1216     98.750     19.884  12.759177     0.2584      8.356   241.9120 2.2192e+02    -0.8463     -0.676     -0.980     7.1672 0.0000e+00
     -0.689 -8.879e-09    12.0755     98.396     27.654  17.743598     0.0471      8.356   241.7229 1.9818e+02    -0.4033     -0.676     -0.980     7.1586 0.0000e+00
     -0.689 -9.767e-08    12.0431     97.953     30.629  19.656109    -0.0555      8.356   242.0262 1.7693e+02    -0.1094     -0.676     -0.981     7.1420 0.0000e+00
     -0.689 -9.841e-08    11.9989     97.283     31.405  20.160992    -0.0667      8.356   242.2238 1.6690e+02    -0.0602     -0.676     -0.980     7.1132 0.0000e+00
     -0.689 -1.775e-08    11.9597     96.886     31.514  20.234212    -0.0717      8.356   242.2188 1.6621e+02    -0.0477     -0.676     -0.980     7.0837 0.0000e+00
     -0.689 -9.990e-29    11.9198 -9.990e-29 -9.990e-29 -9.990e-29 -9.990e-29 -9.990e-29 -9.990e-29 1.6267e+02 -9.990e-29     -0.676     -0.980     7.0740 0.0000e+00
     -0.689 -9.990e-29    11.8853 -9.990e-29 -9.990e-29 -9.990e-29 -9.990e-29 -9.990e-29 -9.990e-29 1.5648e+02 -9.990e-29     -0.676     -0.980     7.0837 0.0000e+00
     -0.689 -9.990e-29    11.7742 -9.990e-29 -9.990e-29 -9.990e-29 -9.990e-29 -9.990e-29 -9.990e-29 1.5223e+02 -9.990e-29     -0.676     -0.980     7.0991 0.0000e+00
     -0.689 -9.990e-29    11.6700 -9.990e-29 -9.990e-29 -9.990e-29 -9.990e-29 -9.990e-29 -9.990e-29 1.5073e+02 -9.990e-29     -0.676     -0.980     7.1071 0.0000e+00
