Data/DataNotYetUploadedToEDI/Raw_CTD/RawDownloads/031025_fcr30_S7809004.cnv
* Sea-Bird SBE19plus  Data File:
* FileName = C:\R\Reservoirs\Data\DataNotYetUploadedToEDI\Raw_CTD\RawDownloads\031025_fcr50_S7809_0004.hex
* Software version 2.8.0.119
* Temperature SN = 7809
* Conductivity SN = 7809
* System UpLoad Time = Mar 13 2025 14:42:38
* <ApplicationData>
* <Seaterm232>
# nquan = 15
# nvalues = 745                         
# units = specified
# name 0 = depFM: Depth [fresh water, m]
# name 1 = dz/dtM: Descent Rate [m/s]
# name 2 = sbeox0Mg/L: Oxygen, SBE 43 [mg/l]
# name 3 = sbeox0PS: Oxygen, SBE 43 [% saturation]
# name 4 = specc: Specific Conductance [uS/cm]
# name 5 = c0uS/cm: Conductivity [uS/cm]
# name 6 = flECO-AFL: Fluorescence, WET Labs ECO-AFL/FL [mg/m^3]
# name 7 = ph: pH
# name 8 = orp: Oxidation Reduction Potential [mV]
# name 9 = par/sat/log: PAR/Logarithmic, Satlantic
# name 10 = turbWETntu0: Turbidity, WET Labs ECO [NTU]
# name 11 = prdM: Pressure, Strain Gauge [db]
# name 12 = prdE: Pressure, Strain Gauge [psi]
# name 13 = tv290C: Temperature [ITS-90, deg C]
# name 14 = flag:  0.000e+00
# span 0 =     -0.690,      4.816       
# span 1 =     -0.327,      0.223       
# span 2 =     8.6234,    13.0942       
# span 3 =     71.730,    107.979       
# span 4 =      1.796,     31.514       
# span 5 =   1.179979,  20.234212       
# span 6 =    -0.1736,    12.7899       
# span 7 =      8.055,      8.359       
# span 8 =   222.2988,  1020.7506       
# span 9 = 3.9195e+00, 7.8986e+02       
# span 10 =    -1.0259,   220.7745      
# span 11 =     -0.678,      4.724      
# span 12 =     -0.982,      6.852      
# span 13 =     6.2481,     7.8525      
# span 14 = 0.0000e+00, 0.0000e+00      
# interval = seconds: 0.25
# start_time = Mar 10 2025 13:30:06 [Instrument's time stamp, header]
# bad_flag = -9.990e-29
*END*
[from data line 97]
     -0.055      0.005    10.4702     85.349     30.614  19.727184     2.3920      8.128   229.8711 1.3011e+02     6.1208     -0.054     -0.079     7.2141 0.0000e+00
     -0.052      0.008    10.4158     85.094     30.622  19.732949     2.3981      8.129   229.8443 1.2923e+02     6.0663     -0.051     -0.074     7.2146 0.0000e+00
     -0.048      0.010    10.3697     84.808     30.611  19.727206     2.4193      8.131   229.6990 1.2758e+02     6.0591     -0.047     -0.068     7.2154 0.0000e+00
     -0.045      0.011    10.3316     84.528     30.601  19.721136     2.4491      8.131   229.6631 1.2639e+02     6.0683     -0.044     -0.064     7.2164 0.0000e+00
     -0.043      0.011    10.3033     84.244     30.604  19.722964     2.4588      8.131   229.7547 1.2607e+02     6.1083     -0.043     -0.062     7.2175 0.0000e+00
     -0.040      0.007    10.2760     83.909     30.644  19.749316     2.4621      8.131   229.8599 1.2671e+02     6.2020     -0.041     -0.059     7.2189 0.0000e+00
     -0.036     -0.001    10.2357     83.538     30.699  19.786147     2.4725      8.131   230.0748 1.2770e+02     6.2444     -0.035     -0.051     7.2203 0.0000e+00
     -0.032     -0.011    10.2030     83.160     30.694  19.787872     2.4509      8.130   230.2883 1.2755e+02     6.1765     -0.029     -0.042     7.2210 0.0000e+00
     -0.033     -0.020    10.1732     82.765     30.654  19.770182     2.4005      8.129   230.4623 1.2956e+02     6.0987     -0.028     -0.043     7.2209 0.0000e+00
     -0.043     -0.025    10.1299     82.344     30.632  19.762466     2.3798      8.128   230.6298 1.3840e+02     6.1238     -0.039     -0.057     7.2220 0.0000e+00
     -0.059     -0.027    10.0835     81.929     30.621  19.757984     2.3999      8.127   230.6792 1.4882e+02     6.2070     -0.059     -0.086     7.2229 0.0000e+00
     -0.073     -0.024    10.0366     81.516     30.653  19.779396     2.4187      8.127   230.7157 1.5439e+02     6.1815     -0.074     -0.108     7.2300 0.0000e+00
     -0.078     -0.019     9.9873     81.121     30.729  19.831161     2.4077      8.128   230.8128 1.5619e+02     6.0894     -0.079     -0.115     7.2475 0.0000e+00
     -0.078     -0.016     9.9285     80.805     30.788  19.876650     2.4002      8.128   230.8199 1.5329e+02     6.1184     -0.077     -0.114     7.2594 0.0000e+00
     -0.074     -0.018     9.8806     80.541     30.778  19.885590     2.4183      8.128   230.7161 1.4909e+02     6.2254     -0.071     -0.103     7.2609 0.0000e+00
     -0.071     -0.024     9.8314     80.279     30.732  19.875860     2.4106      8.129   230.6763 1.5360e+02     6.2547     -0.066     -0.095     7.2608 0.0000e+00
     -0.077     -0.034     9.7764     80.043     30.717  19.885833     2.3656      8.129   230.7691 1.6546e+02     6.1992     -0.072     -0.104     7.2634 0.0000e+00
     -0.093     -0.043     9.7394     79.880     30.687  19.879392     2.3319      8.129   230.8908 1.7735e+02     6.1688     -0.090     -0.129     7.2731 0.0000e+00
     -0.113     -0.046     9.7049     79.799     30.653  19.861402     2.3276      8.130   230.9436 1.8978e+02     6.1949     -0.112     -0.162     7.2983 0.0000e+00
     -0.131     -0.044     9.6624     79.828     30.652  19.858520     2.3224      8.132   230.8913 2.0403e+02     6.2076     -0.131     -0.190     7.3366 0.0000e+00
     -0.144     -0.036     9.6218     79.998     30.635  19.844545     2.2939      8.133   230.7750 2.1506e+02     6.1523     -0.144     -0.209     7.3726 0.0000e+00
     -0.149     -0.024     9.5989     80.312     30.600  19.819233     2.2822      8.134   230.7424 2.2011e+02     6.1409     -0.148     -0.215     7.3944 0.0000e+00
     -0.149     -0.013     9.5862     80.737     30.583  19.806073     2.2970      8.135   230.8412 2.2251e+02     6.2404     -0.146     -0.212     7.3979 0.0000e+00
     -0.148     -0.003     9.5893     81.199     30.598  19.812236     2.3321      8.136   231.0224 2.2373e+02     6.2964     -0.145     -0.210     7.3917 0.0000e+00
     -0.148      0.006     9.6115     81.643     30.631  19.830347     2.3818      8.137   231.2124 2.2236e+02     6.2366     -0.145     -0.210     7.3862 0.0000e+00
     -0.148      0.013     9.6502     81.998     30.642  19.834844     2.3908      8.138   231.3328 2.1896e+02     6.1670     -0.145     -0.211     7.3824 0.0000e+00
     -0.146      0.019     9.7077     82.203     30.597  19.803205     2.3908      8.140   231.4444 2.1597e+02     6.1717     -0.144     -0.209     7.3785 0.0000e+00
     -0.140      0.026     9.7649     82.259     30.542  19.764813     2.4223      8.141   231.5298 2.0588e+02     6.2258     -0.139     -0.202     7.3736 0.0000e+00
     -0.130      0.033     9.8235     82.189     30.527  19.751048     2.3980      8.142   231.5911 1.8706e+02     6.2401     -0.128     -0.186     7.3675 0.0000e+00
     -0.119      0.038     9.8709     82.019     30.553  19.763577     2.3130      8.142   231.6688 1.7373e+02     6.2080     -0.116     -0.168     7.3627 0.0000e+00
     -0.107      0.040     9.8954     81.791     30.599  19.789489     2.2776      8.142   231.6950 1.6678e+02     6.2134     -0.105     -0.152     7.3599 0.0000e+00
     -0.096      0.038     9.9014     81.504     30.636  19.810742     2.2942      8.144   231.7370 1.5809e+02     6.2376     -0.094     -0.137     7.3554 0.0000e+00
     -0.086      0.033     9.8953     81.155     30.666  19.830338     2.3134      8.145   231.8322 1.4819e+02     6.1932     -0.084     -0.122     7.3490 0.0000e+00
     -0.076      0.028     9.8727     80.801     30.675  19.836216     2.3272      8.145   231.8122 1.4549e+02     6.0859     -0.072     -0.104     7.3415 0.0000e+00
     -0.071      0.023     9.8480     80.478     30.647  19.818411     2.3356      8.144   231.6682 1.5179e+02     6.0676     -0.067     -0.098     7.3339 0.0000e+00
     -0.069      0.020     9.8158     80.122     30.627  19.805265     2.3487      8.142   231.5540 1.5669e+02     6.1769     -0.069     -0.099     7.3304 0.0000e+00
     -0.066      0.018     9.7698     79.678     30.624  19.804075     2.3779      8.141   231.4636 1.5979e+02     6.2119     -0.065     -0.094     7.3302 0.0000e+00
     -0.062      0.017     9.7250     79.233     30.624  19.804019     2.4222      8.142   231.3489 1.6705e+02     6.1499     -0.060     -0.087     7.3306 0.0000e+00
     -0.057      0.018     9.6886     78.804     30.624  19.804591     2.4604      8.143   231.2854 1.7492e+02     6.1784     -0.056     -0.082     7.3308 0.0000e+00
     -0.050      0.020     9.6533     78.369     30.634  19.810992     2.4813      8.144   231.2988 1.7845e+02     6.2493     -0.049     -0.071     7.3316 0.0000e+00
     -0.045      0.023     9.5887     77.949     30.645  19.818013     2.4578      8.146   231.2531 1.7625e+02     6.2203     -0.043     -0.062     7.3324 0.0000e+00
     -0.041      0.026     9.5374     77.548     30.656  19.826083     2.3933      8.148   231.0767 1.6901e+02     6.1360     -0.041     -0.060     7.3323 0.0000e+00
     -0.036      0.031     9.4881     77.181     30.685  19.845156     2.3511      8.149   230.9734 1.5991e+02     6.1181     -0.036     -0.052     7.3329 0.0000e+00
     -0.027      0.036     9.4316     76.860     30.705  19.858417     2.3469      8.149   231.0366 1.5110e+02     6.1743     -0.026     -0.038     7.3335 0.0000e+00
     -0.016      0.040     9.3838     76.576     30.707  19.859617     2.3514      8.149   231.0658 1.4238e+02     6.1664     -0.017     -0.024     7.3340 0.0000e+00
     -0.004      0.042     9.3328     76.309     30.706  19.859665     2.3715      8.149   231.0686 1.3413e+02     6.0911     -0.005     -0.006     7.3347 0.0000e+00
      0.010      0.041     9.2885     76.035     30.704  19.859000     2.4234      8.149   231.1561 1.2710e+02     6.1176      0.011      0.016     7.3354 0.0000e+00
      0.023      0.036     9.2500     75.753     30.692  19.851570     2.4629      8.148   231.2638 1.2056e+02     6.2483      0.023      0.034     7.3355 0.0000e+00
      0.033      0.030     9.2170     75.495     30.663  19.833231     2.4657      8.148   231.4241 1.1470e+02     6.3389      0.033      0.048     7.3358 0.0000e+00
      0.039      0.023     9.1851     75.262     30.653  19.827467     2.4487      8.149   231.5464 1.1070e+02     6.2911      0.039      0.058     7.3367 0.0000e+00
      0.041      0.017     9.1536     75.026     30.680  19.845282     2.4249      8.150   231.5371 1.0944e+02     6.1485      0.040      0.058     7.3376 0.0000e+00
      0.041      0.012     9.1161     74.777     30.700  19.858430     2.4187      8.148   231.4841 1.0984e+02     6.1182      0.039      0.057     7.3385 0.0000e+00
      0.043      0.011     9.0849     74.537     30.701  19.859630     2.4237      8.147   231.4214 1.1017e+02     6.1641      0.042      0.062     7.3393 0.0000e+00
      0.047      0.014     9.0592     74.322     30.700  19.859790     2.4112      8.147   231.4677 1.0978e+02     6.1222      0.046      0.068     7.3397 0.0000e+00
      0.049      0.021     9.0308     74.120     30.700  19.860372     2.4006      8.148   231.6134 1.0789e+02     6.0888      0.048      0.070     7.3399 0.0000e+00
      0.053      0.030     8.9999     73.941     30.709  19.866660     2.4027      8.148   231.7208 1.0588e+02     6.1025      0.051      0.074     7.3406 0.0000e+00
      0.061      0.039     8.9686     73.763     30.717  19.872424     2.4035      8.147   231.7337 1.0422e+02     6.1169      0.057      0.083     7.3415 0.0000e+00
      0.073      0.049     8.9454     73.535     30.707  19.866662     2.4187      8.147   231.6827 1.0255e+02     6.1268      0.069      0.101     7.3426 0.0000e+00
      0.088      0.057     8.9186     73.298     30.696  19.860388     2.4369      8.147   231.7073 1.0127e+02     6.0854      0.087      0.125     7.3438 0.0000e+00
      0.106      0.062     8.8969     73.088     30.695  19.859963     2.4489      8.147   231.8588 9.9614e+01     6.0943      0.104      0.151     7.3449 0.0000e+00
      0.125      0.063     8.8813     72.878     30.697  19.861528     2.4719      8.146   232.0516 9.7747e+01     6.1999      0.122      0.178     7.3463 0.0000e+00
      0.144      0.059     8.8484     72.657     30.723  19.879311     2.4908      8.146   232.1459 9.6386e+01     6.2350      0.141      0.204     7.3475 0.0000e+00
      0.160      0.054     8.8178     72.446     30.730  19.884768     2.4947      8.145   232.2246 9.5115e+01     6.2117      0.158      0.230     7.3484 0.0000e+00
      0.171      0.053     8.7956     72.257     30.697  19.864109     2.4936      8.144   232.5724 9.3473e+01     6.1914      0.170      0.246     7.3492 0.0000e+00
      0.179      0.054     8.7698     72.077     30.727  19.883131     2.5023      8.143   232.9958 9.1990e+01     6.1600      0.176      0.254     7.3499 0.0000e+00
      0.187      0.055     8.7426     71.929     30.793  19.924553     2.5166      8.143   233.2140 9.0998e+01     6.1739      0.180      0.262     7.3509 0.0000e+00
      0.202      0.054     8.7145     71.834     30.790  19.921123     2.5497      8.142   233.4030 8.9436e+01     6.1889      0.193      0.281     7.3519 0.0000e+00
      0.225      0.051     8.6951     71.775     30.766  19.905065     2.6192      8.142   233.5614 8.7551e+01     6.2048      0.223      0.323     7.3535 0.0000e+00
      0.245      0.043     8.6704     71.745     30.788  19.920604     2.6743      8.143   233.6663 8.6506e+01     6.2298      0.245      0.356     7.3540 0.0000e+00
      0.256      0.033     8.6514     71.744     30.778  19.918795     2.6927      8.145   233.8960 8.5906e+01     6.1838      0.254      0.367     7.3514 0.0000e+00
      0.259      0.023     8.6437     71.770     30.714  19.883196     2.7077      8.146   234.1882 8.6509e+01     6.1265      0.256      0.371     7.3486 0.0000e+00
      0.257      0.014     8.6353     71.782     30.689  19.870606     2.7309      8.148   234.5326 8.7387e+01     6.1170      0.254      0.368     7.3463 0.0000e+00
      0.255      0.012     8.6333     71.752     30.723  19.893375     2.7569      8.151   234.8769 8.7114e+01     6.1382      0.248      0.361     7.3473 0.0000e+00
      0.256      0.016     8.6291     71.730     30.742  19.904890     2.7810      8.152   235.0814 8.6797e+01     6.2116      0.248      0.360     7.3575 0.0000e+00
      0.261      0.022     8.6325     71.767     30.710  19.883024     2.8150      8.153   235.2844 8.6397e+01     6.2873      0.256      0.371     7.3687 0.0000e+00
      0.269      0.028     8.6361     71.881     30.710  19.882595     2.8676      8.153   235.6106 8.5832e+01     6.3018      0.262      0.382     7.3728 0.0000e+00
      0.280      0.032     8.6275     72.091     30.736  19.899702     2.9093      8.154   235.9280 8.5122e+01     6.3532      0.273      0.397     7.3743 0.0000e+00
      0.292      0.035     8.6234     72.408     30.736  19.899658     2.9359      8.154   236.1104 8.4479e+01     6.4645      0.289      0.418     7.3733 0.0000e+00
      0.301      0.037     8.6280     72.812     30.710  19.882066     2.9815      8.155   236.2670 8.4171e+01     6.4863      0.296      0.430     7.3701 0.0000e+00
      0.306      0.040     8.6416     73.272     30.609  19.813804     3.0440      8.157   236.5310 8.3390e+01     6.4113      0.299      0.435     7.3691 0.0000e+00
      0.314      0.044     8.6652     73.742     30.459  19.708328     3.0850      8.160   236.8940 8.2286e+01     6.3774      0.306      0.445     7.3699 0.0000e+00
      0.326      0.048     8.7046     74.139     30.356  19.621192     3.1024      8.163   237.2139 8.1224e+01     6.4184      0.320      0.464     7.3702 0.0000e+00
      0.341      0.053     8.7558     74.639     30.347  19.584456     3.1212      8.165   237.4735 8.0046e+01     6.4282      0.335      0.484     7.3684 0.0000e+00
      0.358      0.058     8.8108     75.818     30.387  19.581129     3.1369      8.166   237.7100 7.8929e+01     6.3600      0.351      0.509     7.3666 0.0000e+00
      0.374      0.062     8.8763     78.151     30.419  19.580942     3.1517      8.166   237.8359 7.8024e+01     6.3449      0.368      0.533     7.3602 0.0000e+00
      0.389      0.065     8.9300     81.672     30.443  19.582163     3.1754      8.166   237.9634 7.7174e+01     6.4160      0.380      0.552     7.3237 0.0000e+00
      0.404      0.065     8.9694     86.100     30.478  19.595879     3.1898      8.166   238.2197 7.6171e+01     6.4343      0.395      0.574     7.2632 0.0000e+00
      0.423      0.065     9.1004     91.055     30.523  19.619973     3.2508      8.167   238.4394 7.5226e+01     6.2933      0.414      0.601     7.2130 0.0000e+00
      0.442      0.063     9.3910     96.069     30.527  19.619869     3.3804      8.169   238.5547 7.4430e+01     6.1113      0.433      0.628     7.1790 0.0000e+00
      0.459      0.058     9.8357    100.555     30.491  19.594623     3.4585      8.169   238.7528 7.3652e+01     6.0792      0.450      0.653     7.1565 0.0000e+00
      0.475      0.051    10.3923    104.081     30.453  19.568330     3.4792      8.169   238.9424 7.3008e+01     6.1436      0.467      0.677     7.1437 0.0000e+00
      0.487      0.043    11.0073    106.437     30.435  19.555564     3.5391      8.170   239.0404 7.2515e+01     6.1730      0.479      0.694     7.1369 0.0000e+00
      0.495      0.036    11.6490    107.660     30.454  19.567072     3.6246      8.172   239.2492 7.2033e+01     6.1263      0.486      0.704     7.1327 0.0000e+00
      0.501      0.030    12.2066    107.979     30.475  19.580667     3.6735      8.173   239.4019 7.1527e+01     6.1255      0.492      0.713     7.1296 0.0000e+00
      0.507      0.025    12.6454    107.700     30.495  19.593137     3.7050      8.173   239.3383 7.1031e+01     6.1975      0.497      0.720     7.1270 0.0000e+00
