Data/DataNotYetUploadedToEDI/Raw_CTD/RawDownloads/031025_fcr50_S7809006.cnv
* Sea-Bird SBE19plus  Data File:
* FileName = C:\R\Reservoirs\Data\DataNotYetUploadedToEDI\Raw_CTD\RawDownloads\031025_fcr50_S7809_0006.hex
* Software version 2.8.0.119
* Temperature SN = 7809
* Conductivity SN = 7809
* System UpLoad Time = Mar 13 2025 14:43:35
* <ApplicationData>
* <Seaterm232>
# nquan = 15
# nvalues = 1168                        
# units = specified
# name 0 = depFM: Depth [fresh water, m]
# name 1 = dz/dtM: Descent Rate [m/s]
# name 2 = sbeox0Mg/L: Oxygen, SBE 43 [mg/l]
# name 3 = sbeox0PS: Oxygen, SBE 43 [% saturation]
# name 4 = specc: Specific Conductance [uS/cm]
# name 5 = c0uS/cm: Conductivity [uS/cm]
# name 6 = flECO-AFL: Fluorescence, WET Labs ECO-AFL/FL [mg/m^3]
# name 7 = ph: pH
# name 8 = orp: Oxidation Reduction Potential [mV]
# name 9 = par/sat/log: PAR/Logarithmic, Satlantic
# name 10 = turbWETntu0: Turbidity, WET Labs ECO [NTU]
# name 11 = prdM: Pressure, Strain Gauge [db]
# name 12 = prdE: Pressure, Strain Gauge [psi]
# name 13 = tv290C: Temperature [ITS-90, deg C]
# name 14 = flag:  0.000e+00
# span 0 =     -0.701,      9.487       
# span 1 =     -0.338,      0.244       
# span 2 =     3.2387,    13.1940       
# span 3 =     27.838,    108.446       
# span 4 =      1.471,     96.385       
# span 5 =   0.954548,  60.292657       
# span 6 =    -0.2352,     7.2995       
# span 7 =      8.205,      8.527       
# span 8 =   221.9695,  1238.3579       
# span 9 = 1.2368e-01, 8.7707e+02       
# span 10 =     0.1627,    81.6430      
# span 11 =     -0.687,      9.305      
# span 12 =     -0.998,     13.496      
# span 13 =     6.2671,     7.8882      
# span 14 = 0.0000e+00, 0.0000e+00      
# interval = seconds: 0.25
# start_time = Mar 10 2025 13:53:40 [Instrument's time stamp, header]
# bad_flag = -9.990e-29
*END*
[from data line 290]
      0.532      0.077    12.1844    101.769     30.384  19.763420     3.8351      8.383   249.0648 7.9776e+01     3.5284      0.520      0.755     7.5889 0.0000e+00
      0.553      0.078    12.1953    101.653     30.434  19.787363     3.8852      8.384   248.9595 7.6953e+01     3.6213      0.539      0.782     7.5918 0.0000e+00
      0.580      0.078    12.2068    101.543     30.444  19.787400     3.8862      8.385   248.7114 7.4162e+01     3.6698      0.568      0.824     7.5704 0.0000e+00
      0.607      0.078    12.2021    101.464     30.414  19.763867     3.8893      8.387   248.5595 7.2150e+01     3.6023      0.599      0.870     7.5400 0.0000e+00
      0.626      0.078    12.1951    101.427     30.409  19.756437     3.9068      8.389   248.3281 7.1077e+01     3.5225      0.617      0.895     7.5193 0.0000e+00
      0.638      0.076    12.1848    101.409     30.422  19.760953     3.9142      8.390   248.0643 7.0339e+01     3.5244      0.624      0.907     7.5050 0.0000e+00
      0.651      0.074    12.1734    101.397     30.420  19.755067     3.9282      8.390   248.2094 6.9404e+01     3.5917      0.635      0.921     7.4960 0.0000e+00
      0.672      0.073    12.1643    101.392     30.416  19.748665     3.9342      8.391   248.4471 6.8189e+01     3.6186      0.657      0.951     7.4897 0.0000e+00
      0.697      0.072    12.1643    101.378     30.417  19.746950     3.9202      8.392   248.7019 6.7152e+01     3.5427      0.687      0.995     7.4831 0.0000e+00
      0.718      0.070    12.1643    101.368     30.399  19.734326     3.9264      8.393   249.1384 6.6387e+01     3.4938      0.706      1.024     7.4763 0.0000e+00
      0.735      0.065    12.1642    101.382     30.382  19.722837     3.9417      8.394   249.4235 6.5580e+01     3.5403      0.720      1.044     7.4687 0.0000e+00
      0.751      0.061    12.1680    101.405     30.400  19.734832     3.9386      8.394   249.4825 6.4861e+01     3.5920      0.739      1.071     7.4613 0.0000e+00
      0.762      0.059    12.1661    101.444     30.427  19.752553     3.9648      8.394   248.9053 6.4272e+01     3.5726      0.749      1.087     7.4574 0.0000e+00
      0.770      0.062    12.1635    101.506     30.417  19.746895     4.0335      8.395   247.7788 6.3524e+01     3.5442      0.753      1.093     7.4566 0.0000e+00
      0.784      0.070    12.1675    101.547     30.391  19.729821     4.0862      8.396   247.3048 6.2472e+01     3.5910      0.766      1.110     7.4562 0.0000e+00
      0.805      0.080    12.1696    101.552     30.402  19.736327     4.1116      8.397   247.4764 6.1405e+01     3.6252      0.789      1.144     7.4560 0.0000e+00
      0.829      0.089    12.1720    101.562     30.442  19.762155     4.1236      8.398   247.8753 6.0480e+01     3.6503      0.814      1.181     7.4577 0.0000e+00
      0.854      0.095    12.1823    101.582     30.483  19.788498     4.1397      8.398   248.4279 5.9429e+01     3.7581      0.836      1.212     7.4597 0.0000e+00
      0.883      0.097    12.1888    101.596     30.503  19.801225     4.1648      8.399   248.6506 5.8338e+01     3.8695      0.866      1.257     7.4590 0.0000e+00
      0.913      0.096    12.1860    101.606     30.486  19.789230     4.1774      8.401   248.6760 5.7461e+01     3.8705      0.899      1.304     7.4573 0.0000e+00
      0.935      0.095    12.1879    101.600     30.460  19.770273     4.1674      8.401   248.5630 5.6696e+01     3.7696      0.917      1.330     7.4570 0.0000e+00
      0.954      0.092    12.1921    101.595     30.452  19.762213     4.1519      8.402   248.1443 5.5861e+01     3.6749      0.933      1.354     7.4569 0.0000e+00
      0.977      0.089    12.1916    101.612     30.443  19.755183     4.1566      8.403   248.0008 5.5033e+01     3.6814      0.958      1.390     7.4566 0.0000e+00
      1.001      0.087    12.1963    101.645     30.435  19.748677     4.1736      8.404   248.2053 5.4352e+01     3.7795      0.983      1.426     7.4558 0.0000e+00
      1.025      0.085    12.1945    101.671     30.433  19.746947     4.1336      8.404   248.4654 5.3834e+01     3.8367      1.004      1.458     7.4512 0.0000e+00
      1.047      0.081    12.1946    101.679     30.412  19.734267     4.0311      8.406   248.6506 5.3442e+01     3.8266      1.027      1.490     7.4454 0.0000e+00
      1.067      0.075    12.1981    101.696     30.392  19.722162     3.9831      8.408   248.6380 5.3087e+01     3.8617      1.048      1.519     7.4435 0.0000e+00
      1.086      0.068    12.2023    101.726     30.398  19.727401     4.0103      8.408   248.8290 5.2818e+01     3.9201      1.067      1.547     7.4429 0.0000e+00
      1.103      0.060    12.2090    101.750     30.407  19.734213     4.0197      8.409   249.2390 5.2694e+01     3.8155      1.084      1.571     7.4406 0.0000e+00
      1.116      0.052    12.2054    101.754     30.417  19.741120     3.9884      8.409   249.3797 5.2580e+01     3.5871      1.094      1.587     7.4417 0.0000e+00
      1.128      0.046    12.2076    101.747     30.426  19.747512     3.9734      8.409   249.3263 5.2372e+01     3.5155      1.106      1.605     7.4458 0.0000e+00
      1.139      0.043    12.2111    101.737     30.426  19.748093     3.9879      8.409   249.3673 5.2112e+01     3.5988      1.118      1.621     7.4478 0.0000e+00
      1.147      0.044    12.2152    101.730     30.425  19.748151     3.9974      8.410   249.4455 5.1917e+01     3.6037      1.125      1.631     7.4481 0.0000e+00
      1.155      0.050    12.2142    101.734     30.425  19.748209     3.9714      8.412   249.4974 5.1842e+01     3.5072      1.132      1.642     7.4486 0.0000e+00
      1.164      0.058    12.2126    101.719     30.427  19.748789     3.9227      8.412   249.6510 5.1783e+01     3.4912      1.140      1.654     7.4497 0.0000e+00
      1.179      0.064    12.2118    101.683     30.438  19.755171     3.8915      8.413   249.9260 5.1564e+01     3.5808      1.154      1.673     7.4512 0.0000e+00
      1.201      0.069    12.2087    101.655     30.450  19.761974     3.8774      8.413   250.1544 5.1225e+01     3.6343      1.177      1.707     7.4520 0.0000e+00
      1.226      0.070    12.2119    101.615     30.461  19.767634     3.9022      8.413   250.2619 5.0902e+01     3.5904      1.205      1.747     7.4517 0.0000e+00
      1.249      0.070    12.2112    101.559     30.452  19.760194     3.9586      8.413   250.2796 5.0603e+01     3.5287      1.228      1.780     7.4508 0.0000e+00
      1.264      0.071    12.2034    101.521     30.419  19.735426     3.9927      8.414   250.2820 5.0414e+01     3.5713      1.242      1.800     7.4497 0.0000e+00
      1.274      0.072    12.2031    101.497     30.404  19.721765     4.0063      8.416   250.2910 5.0390e+01     3.6617      1.249      1.811     7.4476 0.0000e+00
      1.288      0.075    12.2008    101.492     30.408  19.721821     3.9984      8.417   250.3020 5.0240e+01     3.6312      1.259      1.826     7.4457 0.0000e+00
      1.309      0.077    12.1890    101.514     30.430  19.736102     3.9727      8.417   250.4151 4.9906e+01     3.5441      1.282      1.857     7.4443 0.0000e+00
      1.336      0.077    12.1897    101.558     30.477  19.767636     3.9618      8.418   250.5396 4.9686e+01     3.5311      1.310      1.901     7.4390 0.0000e+00
      1.362      0.072    12.1879    101.621     30.503  19.786079     3.9744      8.419   250.6026 4.9520e+01     3.5751      1.336      1.939     7.4295 0.0000e+00
      1.383      0.063    12.1881    101.663     30.476  19.768893     4.0333      8.421   250.6619 4.9393e+01     3.5991      1.359      1.971     7.4252 0.0000e+00
      1.398      0.053    12.1919    101.671     30.446  19.750040     4.1162      8.421   250.7404 4.9394e+01     3.5471      1.374      1.992     7.4267 0.0000e+00
      1.404      0.046    12.1942    101.668     30.442  19.748335     4.1532      8.421   250.8627 4.9489e+01     3.5275      1.377      1.998     7.4294 0.0000e+00
      1.407      0.045    12.2049    101.662     30.442  19.748287     4.1646      8.422   250.9362 4.9613e+01     3.5667      1.378      1.999     7.4312 0.0000e+00
      1.413      0.048    12.2105    101.656     30.445  19.749459     4.1703      8.423   250.9409 4.9624e+01     3.5430      1.383      2.006     7.4318 0.0000e+00
      1.426      0.055    12.2086    101.656     30.466  19.762502     4.1466      8.423   251.0056 4.9529e+01     3.4808      1.396      2.024     7.4331 0.0000e+00
      1.446      0.064    12.2088    101.659     30.492  19.779183     4.1113      8.423   251.1160 4.9409e+01     3.4636      1.417      2.056     7.4342 0.0000e+00
      1.468      0.071    12.2072    101.657     30.464  19.760938     4.1022      8.424   251.1566 4.9293e+01     3.5056      1.442      2.091     7.4344 0.0000e+00
      1.488      0.073    12.2069    101.672     30.420  19.732109     4.1196      8.425   251.1536 4.9224e+01     3.6133      1.461      2.119     7.4327 0.0000e+00
      1.507      0.071    12.2071    101.705     30.446  19.747627     4.1388      8.425   251.0790 4.9158e+01     3.6726      1.477      2.143     7.4314 0.0000e+00
      1.525      0.065    12.2084    101.709     30.466  19.758366     4.1515      8.425   250.9430 4.9028e+01     3.6071      1.495      2.169     7.4317 0.0000e+00
      1.542      0.060    12.2070    101.678     30.434  19.735141     4.1561      8.425   250.8864 4.8914e+01     3.5740      1.513      2.194     7.4319 0.0000e+00
      1.558      0.057    12.2071    101.644     30.415  19.720421     4.1606      8.427   250.9099 4.8889e+01     3.6139      1.530      2.218     7.4313 0.0000e+00
      1.569      0.056    12.2167    101.621     30.398  19.707188     4.1476      8.428   250.9697 4.8904e+01     3.6106      1.539      2.233     7.4293 0.0000e+00
      1.578      0.057    12.2175    101.590     30.393  19.701939     4.1074      8.427   251.2656 4.8874e+01     3.5342      1.545      2.241     7.4253 0.0000e+00
      1.592      0.060    12.2134    101.552     30.423  19.720364     4.0830      8.427   251.7338 4.8806e+01     3.4760      1.559      2.261     7.4205 0.0000e+00
      1.610      0.063    12.2093    101.538     30.454  19.739751     4.0936      8.428   251.9845 4.8707e+01     3.5216      1.579      2.291     7.4167 0.0000e+00
      1.629      0.068    12.2094    101.531     30.464  19.746144     4.1352      8.430   251.9738 4.8567e+01     3.5727      1.598      2.317     7.4136 0.0000e+00
      1.648      0.074    12.2071    101.504     30.446  19.734253     4.1872      8.431   251.8623 4.8432e+01     3.5477      1.616      2.344     7.4103 0.0000e+00
      1.666      0.079    12.1999    101.459     30.430  19.722782     4.2144      8.432   251.7551 4.8364e+01     3.5603      1.635      2.371     7.4081 0.0000e+00
      1.684      0.083    12.2002    101.392     30.449  19.734253     4.2314      8.432   251.7105 4.8342e+01     3.6232      1.651      2.394     7.4076 0.0000e+00
      1.705      0.087    12.2011    101.309     30.469  19.746143     4.2673      8.432   251.8389 4.8162e+01     3.6250      1.670      2.422     7.4077 0.0000e+00
      1.730      0.091    12.1971    101.234     30.461  19.739742     4.3071      8.432   252.2757 4.7855e+01     3.5484      1.695      2.458     7.4071 0.0000e+00
      1.756      0.095    12.1926    101.184     30.432  19.720249     4.3223      8.432   252.8617 4.7633e+01     3.4820      1.722      2.497     7.4057 0.0000e+00
      1.781      0.097    12.1851    101.170     30.402  19.700661     4.3258      8.433   253.1591 4.7415e+01     3.5052      1.748      2.534     7.4038 0.0000e+00
      1.806      0.098    12.1742    101.198     30.391  19.693117     4.3318      8.434   253.2037 4.7119e+01     3.5216      1.771      2.569     7.4014 0.0000e+00
      1.830      0.095    12.1657    101.259     30.392  19.692432     4.3628      8.435   253.2298 4.6834e+01     3.4753      1.795      2.604     7.3996 0.0000e+00
      1.855      0.089    12.1588    101.316     30.394  19.692385     4.4336      8.436   253.3033 4.6513e+01     3.4579      1.818      2.637     7.3989 0.0000e+00
      1.880      0.082    12.1574    101.350     30.396  19.692536     4.4810      8.436   253.3177 4.6172e+01     3.5160      1.844      2.675     7.3989 0.0000e+00
      1.903      0.077    12.1601    101.389     30.399  19.694261     4.4946      8.436   253.1455 4.6022e+01     3.5973      1.868      2.710     7.3993 0.0000e+00
      1.919      0.074    12.1703    101.433     30.428  19.713237     4.4894      8.438   253.2005 4.6029e+01     3.6203      1.883      2.730     7.3967 0.0000e+00
      1.932      0.073    12.1809    101.470     30.457  19.731776     4.4432      8.439   253.4659 4.6006e+01     3.5901      1.893      2.745     7.3928 0.0000e+00
      1.947      0.075    12.1814    101.503     30.452  19.728204     4.3933      8.439   253.6017 4.5967e+01     3.5397      1.909      2.769     7.3912 0.0000e+00
      1.966      0.078    12.1876    101.525     30.459  19.733444     4.3782      8.440   253.8095 4.5938e+01     3.5576      1.928      2.796     7.3910 0.0000e+00
      1.989      0.079    12.1937    101.533     30.456  19.731730     4.3689      8.441   254.0854 4.5889e+01     3.5673      1.949      2.825     7.3908 0.0000e+00
      2.014      0.077    12.1974    101.532     30.418  19.707486     4.3472      8.441   254.2702 4.5897e+01     3.4862      1.975      2.864     7.3903 0.0000e+00
      2.039      0.073    12.2021    101.522     30.397  19.693920     4.3397      8.441   254.4096 4.5984e+01     3.4991      2.002      2.904     7.3903 0.0000e+00
      2.058      0.067    12.2048    101.493     30.398  19.694500     4.3451      8.441   254.3950 4.6124e+01     3.5865      2.021      2.930     7.3909 0.0000e+00
      2.069      0.062    12.2051    101.449     30.429  19.714507     4.3380      8.441   253.8351 4.6322e+01     3.6210      2.030      2.944     7.3918 0.0000e+00
      2.079      0.057    12.2044    101.411     30.476  19.745621     4.3113      8.441   252.9740 4.6466e+01     3.5748      2.037      2.955     7.3923 0.0000e+00
      2.091      0.055    12.2041    101.393     30.488  19.753680     4.2885      8.442   252.6731 4.6470e+01     3.4714      2.049      2.971     7.3924 0.0000e+00
      2.106      0.054    12.2005    101.392     30.480  19.748545     4.2960      8.444   252.7791 4.6366e+01     3.4634      2.064      2.994     7.3926 0.0000e+00
      2.123      0.051    12.1938    101.409     30.478  19.746945     4.3605      8.444   252.8791 4.6174e+01     3.5124      2.081      3.018     7.3932 0.0000e+00
      2.140      0.048    12.1883    101.435     30.459  19.734333     4.4520      8.444   253.2801 4.5965e+01     3.4499      2.100      3.046     7.3937 0.0000e+00
      2.154      0.047    12.1868    101.455     30.441  19.722854     4.4874      8.444   253.9276 4.5861e+01     3.3574      2.115      3.068     7.3940 0.0000e+00
      2.159      0.048    12.1861    101.462     30.459  19.734953     4.4892      8.445   254.2539 4.5798e+01     3.3496      2.118      3.072     7.3938 0.0000e+00
      2.164      0.051    12.1887    101.458     30.489  19.753816     4.4983      8.446   253.6114 4.5618e+01     3.3547      2.120      3.075     7.3937 0.0000e+00
      2.175      0.057    12.1926    101.442     30.499  19.760723     4.5056      8.446   252.4402 4.5278e+01     3.3852      2.130      3.089     7.3939 0.0000e+00
      2.193      0.065    12.1954    101.422     30.489  19.755063     4.5032      8.445   251.9667 4.4846e+01     3.4802      2.149      3.117     7.3939 0.0000e+00
      2.216      0.074    12.1957    101.410     30.478  19.748785     4.4861      8.445   252.0171 4.4408e+01     3.5462      2.173      3.152     7.3939 0.0000e+00
