Data/DataNotYetUploadedToEDI/Raw_CTD/RawDownloads/031626_fcr50_S7809008.cnv
* Sea-Bird SBE19plus  Data File:
* FileName = C:\R\Reservoirs\Data\DataNotYetUploadedToEDI\Raw_CTD\RawDownloads\051126_FCR_50_S7809_0008.hex
* Software version 2.8.0.119
* Temperature SN = 7809
* Conductivity SN = 7809
* System UpLoad Time = May 11 2026 15:33:18
* <ApplicationData>
* <Seaterm232>
# nquan = 15
# nvalues = 2066                        
# units = specified
# name 0 = depFM: Depth [fresh water, m]
# name 1 = dz/dtM: Descent Rate [m/s]
# name 2 = sbeox0Mg/L: Oxygen, SBE 43 [mg/l]
# name 3 = sbeox0PS: Oxygen, SBE 43 [% saturation]
# name 4 = specc: Specific Conductance [uS/cm]
# name 5 = c0uS/cm: Conductivity [uS/cm]
# name 6 = flECO-AFL: Fluorescence, WET Labs ECO-AFL/FL [mg/m^3]
# name 7 = ph: pH
# name 8 = orp: Oxidation Reduction Potential [mV]
# name 9 = par/sat/log: PAR/Logarithmic, Satlantic
# name 10 = turbWETntu0: Turbidity, WET Labs ECO [NTU]
# name 11 = prdM: Pressure, Strain Gauge [db]
# name 12 = prdE: Pressure, Strain Gauge [psi]
# name 13 = tv290C: Temperature [ITS-90, deg C]
# name 14 = flag:  0.000e+00
# span 0 =     -0.796,      9.478       
# span 1 =     -0.112,      0.575       
# span 2 =     6.6870,    11.1013       
# span 3 =     60.892,     99.615       
# span 4 =      2.916,     39.943       
# span 5 =   2.236508,  28.995440       
# span 6 =    -0.1151,    13.2035       
# span 7 =      9.233,      9.891       
# span 8 =  -117.0221,   233.8183       
# span 9 = 1.2364e-01, 1.5960e+02       
# span 10 =     0.5174,   272.1091      
# span 11 =     -0.781,      9.295      
# span 12 =     -1.132,     13.481      
# span 13 =     5.2529,    13.3515      
# span 14 = 0.0000e+00, 0.0000e+00      
# interval = seconds: 0.25
# start_time = Mar 16 2026 10:42:41 [Instrument's time stamp, header]
# bad_flag = -9.990e-29
*END*
[from data line 1446]
      5.684      0.027     9.2310     73.340     39.168  23.919837     1.5501      9.682    10.4274 3.5659e-01     3.8552      5.575      8.086     5.5532 0.0000e+00
      5.686      0.021     9.2321     73.346     39.196  23.936522     1.5480      9.682     9.8873 3.4957e-01     3.7859      5.575      8.085     5.5333 0.0000e+00
      5.689      0.015     9.2349     73.361     39.168  23.919314     1.5403      9.682     8.9983 3.4182e-01     3.7679      5.581      8.095     5.5289 0.0000e+00
      5.691      0.013     9.2364     73.377     39.136  23.902018     1.5657      9.681     8.5412 3.4755e-01     3.7739      5.581      8.096     5.5327 0.0000e+00
      5.692      0.013     9.2375     73.384     39.161  23.917647     1.6129      9.680     8.4052 3.5122e-01     3.8591      5.580      8.094     5.5338 0.0000e+00
      5.697      0.014     9.2377     73.384     39.169  23.918034     1.6282      9.679     8.2137 3.4880e-01     3.9099      5.586      8.101     5.5325 0.0000e+00
      5.703      0.015     9.2401     73.368     39.160  23.906704     1.6092      9.679     8.2906 3.4648e-01     3.8410      5.593      8.113     5.5315 0.0000e+00
      5.708      0.016     9.2422     73.325     39.166  23.907479     1.6082      9.679     8.6464 3.4468e-01     3.8810      5.598      8.120     5.5354 0.0000e+00
      5.710      0.016     9.2412     73.280     39.201  23.927395     1.6328      9.679     8.6447 3.4004e-01     4.0512      5.599      8.121     5.5399 0.0000e+00
      5.713      0.015     9.2438     73.245     39.253  23.957270     1.6486      9.678     8.1832 3.4137e-01     4.1231      5.601      8.124     5.5316 0.0000e+00
      5.718      0.014     9.2460     73.195     39.248  23.951610     1.6328      9.678     7.7993 3.5704e-01     4.1015      5.608      8.133     5.5199 0.0000e+00
      5.722      0.015     9.2389     73.142     39.201  23.922366     1.6084      9.679     7.7026 3.6158e-01     4.0632      5.613      8.142     5.5183 0.0000e+00
      5.724      0.017     9.2319     73.131     39.198  23.920758     1.5956      9.679     7.7031 3.5585e-01     4.0698      5.614      8.143     5.5190 0.0000e+00
      5.726      0.018     9.2312     73.146     39.214  23.932175     1.5859      9.679     7.6330 3.5472e-01     4.1135      5.614      8.142     5.5151 0.0000e+00
      5.731      0.018     9.2250     73.145     39.210  23.933573     1.5652      9.678     7.4571 3.4657e-01     4.0785      5.619      8.150     5.5107 0.0000e+00
      5.739      0.020     9.2149     73.153     39.205  23.937659     1.5375      9.678     7.7268 3.3821e-01     3.9880      5.629      8.164     5.5107 0.0000e+00
      5.746      0.023     9.2136     73.183     39.163  23.918171     1.5339      9.678     8.3989 3.4001e-01     4.0101      5.637      8.176     5.5115 0.0000e+00
      5.750      0.024     9.2211     73.215     39.109  23.888202     1.5550      9.678     8.5280 3.4532e-01     4.1401      5.641      8.181     5.5117 0.0000e+00
      5.754      0.023     9.2156     73.255     39.114  23.892396     1.5673      9.677     8.3416 3.4677e-01     4.1596      5.640      8.180     5.5163 0.0000e+00
      5.761      0.022     9.2131     73.285     39.132  23.905455     1.5584      9.677     8.3823 3.4179e-01     4.0415      5.649      8.193     5.5276 0.0000e+00
      5.770      0.020     9.2180     73.288     39.147  23.919271     1.5558      9.677     8.2463 3.3099e-01     4.0105      5.661      8.209     5.5376 0.0000e+00
      5.776      0.018     9.2185     73.293     39.158  23.932624     1.5685      9.676     7.8147 3.1554e-01     4.1253      5.666      8.217     5.5395 0.0000e+00
      5.779      0.016     9.2257     73.307     39.159  23.940074     1.5705      9.675     7.8964 3.1270e-01     4.2005      5.668      8.220     5.5396 0.0000e+00
      5.781      0.013     9.2301     73.304     39.160  23.945935     1.5560      9.674     8.4604 3.2797e-01     4.1343      5.669      8.222     5.5427 0.0000e+00
      5.782      0.011     9.2268     73.285     39.150  23.940084     1.5262      9.674     8.6108 3.3254e-01     3.9734      5.671      8.224     5.5489 0.0000e+00
      5.785      0.009     9.2242     73.255     39.147  23.932749     1.5012      9.674     8.5106 3.2496e-01     3.8612      5.673      8.228     5.5579 0.0000e+00
      5.790      0.009     9.2269     73.206     39.137  23.920648     1.5028      9.674     8.4534 3.2371e-01     3.8705      5.679      8.236     5.5666 0.0000e+00
      5.792      0.009     9.2238     73.132     39.140  23.920600     1.5119      9.674     8.2629 3.2272e-01     3.8469      5.681      8.239     5.5744 0.0000e+00
      5.792      0.008     9.2199     73.022     39.161  23.932169     1.5694      9.674     8.1000 3.1908e-01     3.7801      5.679      8.237     5.5775 0.0000e+00
      5.794      0.008     9.2204     72.903     39.168  23.933694     1.6829      9.673     8.1183 3.1888e-01     3.8145      5.681      8.241     5.5657 0.0000e+00
      5.796      0.008     9.2156     72.805     39.179  23.939040     1.7435      9.673     8.1402 3.2368e-01     3.8865      5.684      8.244     5.5546 0.0000e+00
      5.798      0.010     9.2083     72.718     39.162  23.933387     1.7527      9.673     8.0210 3.3208e-01     3.8651      5.686      8.247     5.5572 0.0000e+00
      5.800      0.013     9.1927     72.670     39.140  23.928765     1.7442      9.673     7.8811 3.3264e-01     3.7951      5.688      8.250     5.5550 0.0000e+00
      5.802      0.015     9.1761     72.704     39.162  23.946585     1.6833      9.672     7.8254 3.3144e-01     3.8604      5.689      8.251     5.5509 0.0000e+00
      5.807      0.017     9.1674     72.799     39.182  23.958597     1.6064      9.671     7.7782 3.3716e-01     4.0394      5.693      8.258     5.5459 0.0000e+00
      5.814      0.017     9.1534     72.908     39.164  23.947172     1.5634      9.672     7.5686 3.3570e-01     4.1149      5.702      8.269     5.5515 0.0000e+00
      5.820      0.016     9.1394     73.034     39.149  23.935273     1.5466      9.673     7.3546 3.3065e-01     4.0569      5.708      8.279     5.5714 0.0000e+00
      5.824      0.015     9.1442     73.160     39.168  23.941553     1.5621      9.672     7.3421 3.3456e-01     3.9525      5.713      8.286     5.5738 0.0000e+00
      5.827      0.013     9.1613     73.259     39.208  23.959688     1.6169      9.672     7.3319 3.4121e-01     3.8765      5.715      8.288     5.5709 0.0000e+00
      5.828      0.012     9.1723     73.339     39.225  23.964291     1.6689      9.672     7.3178 3.3345e-01     3.8900      5.715      8.288     5.5724 0.0000e+00
      5.830      0.014     9.1895     73.401     39.182  23.933789     1.6739      9.672     7.4296 3.1660e-01     3.8766      5.716      8.291     5.5700 0.0000e+00
      5.832      0.017     9.2106     73.431     39.146  23.907961     1.6187      9.673     7.5650 3.0707e-01     3.8166      5.719      8.295     5.5625 0.0000e+00
      5.836      0.021     9.2225     73.434     39.147  23.905665     1.5437      9.673     7.5778 2.9952e-01     3.8146      5.720      8.297     5.5516 0.0000e+00
      5.844      0.025     9.2355     73.425     39.151  23.906023     1.5076      9.672     7.4133 2.9908e-01     3.7835      5.730      8.311     5.5454 0.0000e+00
      5.854      0.027     9.2448     73.415     39.166  23.912293     1.5069      9.670     7.4678 3.0123e-01     3.7822      5.744      8.330     5.5402 0.0000e+00
      5.861      0.029     9.2496     73.417     39.179  23.918057     1.5182      9.670     7.8928 2.9156e-01     3.9014      5.747      8.336     5.5353 0.0000e+00
      5.868      0.032     9.2498     73.439     39.169  23.912293     1.5362      9.671     8.1646 2.8781e-01     4.0285      5.754      8.345     5.5313 0.0000e+00
      5.875      0.035     9.2488     73.461     39.162  23.906013     1.5579      9.671     8.2581 2.9280e-01     4.1245      5.764      8.359     5.5308 0.0000e+00
      5.881      0.036     9.2485     73.467     39.162  23.905551     1.5554      9.671     8.2496 2.8960e-01     4.1391      5.765      8.361     5.5249 0.0000e+00
      5.891      0.036     9.2482     73.457     39.161  23.906704     1.5316      9.670     7.8898 2.7609e-01     4.0688      5.773      8.373     5.5206 0.0000e+00
      5.908      0.035     9.2523     73.459     39.181  23.919953     1.5447      9.668     7.4352 2.6355e-01     4.0595      5.796      8.407     5.5261 0.0000e+00
      5.921      0.032     9.2559     73.456     39.218  23.938915     1.5806      9.668     7.6576 2.6468e-01     4.1293      5.811      8.427     5.5196 0.0000e+00
      5.926      0.028     9.2590     73.400     39.237  23.945729     1.5907      9.668     8.4277 2.7326e-01     4.1616      5.812      8.429     5.5168 0.0000e+00
      5.928      0.026     9.2528     73.322     39.227  23.938917     1.5753      9.668     8.8311 2.7660e-01     4.1077      5.812      8.431     5.5248 0.0000e+00
      5.932      0.028     9.2529     73.255     39.193  23.919964     1.5610      9.669     8.8354 2.7694e-01     4.0251      5.818      8.438     5.5258 0.0000e+00
      5.936      0.036     9.2601     73.203     39.175  23.906818     1.5763      9.668     8.6511 2.7954e-01     3.9826      5.821      8.443     5.5202 0.0000e+00
      5.941      0.045     9.2501     73.169     39.186  23.906800     1.6020      9.666     8.3245 2.7203e-01     3.9342      5.821      8.443     5.5110 0.0000e+00
      5.956      0.052     9.2396     73.118     39.213  23.919737     1.6060      9.665     8.1550 2.5290e-01     3.8504      5.837      8.465     5.5098 0.0000e+00
      5.980      0.054     9.2310     73.028     39.233  23.936403     1.6072      9.664     8.1507 2.4633e-01     3.7899      5.867      8.509     5.5160 0.0000e+00
      6.001      0.051     9.2217     72.931     39.198  23.918068     1.6336      9.664     8.2730 2.5068e-01     3.8170      5.889      8.541     5.5161 0.0000e+00
      6.013      0.043     9.2250     72.856     39.155  23.888300     1.6666      9.663     8.5154 2.4778e-01     3.9046      5.898      8.554     5.5005 0.0000e+00
      6.019      0.031     9.2213     72.804     39.175  23.893551     1.6819      9.662     8.5860 2.4523e-01     3.8934      5.904      8.563     5.4919 0.0000e+00
      6.024      0.020     9.2048     72.760     39.223  23.918140     1.7024      9.662     8.5235 2.4729e-01     3.7838      5.910      8.572     5.5051 0.0000e+00
      6.026      0.014     9.1897     72.748     39.252  23.931939     1.7554      9.662     8.5342 2.4130e-01     3.7750      5.909      8.572     5.5120 0.0000e+00
      6.027      0.014     9.1813     72.770     39.260  23.933554     1.8072      9.661     8.5433 2.2792e-01     3.8892      5.910      8.572     5.5046 0.0000e+00
      6.028      0.017     9.1799     72.791     39.270  23.937661     1.8219      9.661     8.0313 2.3172e-01     3.9697      5.911      8.574     5.4941 0.0000e+00
      6.031      0.021     9.1729     72.823     39.237  23.918185     1.8169      9.661     7.1624 2.4271e-01     3.9965      5.911      8.575     5.4879 0.0000e+00
      6.039      0.025     9.1717     72.864     39.182  23.888311     1.8205      9.661     7.0709 2.2777e-01     4.0416      5.922      8.589     5.4841 0.0000e+00
      6.049      0.026     9.1797     72.889     39.185  23.893543     1.8408      9.661     7.4421 2.1960e-01     4.1397      5.935      8.606     5.4792 0.0000e+00
      6.057      0.025     9.1809     72.912     39.221  23.918028     1.8629      9.660     7.6068 2.3114e-01     4.2266      5.938      8.612     5.4749 0.0000e+00
      6.065      0.023     9.1840     72.925     39.238  23.930702     1.8624      9.659     7.8572 2.3739e-01     4.1698      5.948      8.626     5.4764 0.0000e+00
      6.071      0.018     9.1914     72.889     39.217  23.919946     1.8518      9.658     7.9746 2.4218e-01     4.0682      5.957      8.640     5.4830 0.0000e+00
      6.073      0.013     9.1909     72.838     39.206  23.914809     1.8509      9.658     7.2195 2.3858e-01     4.0917      5.954      8.637     5.4866 0.0000e+00
      6.074      0.009     9.1928     72.808     39.231  23.932010     1.8514      9.658     5.8685 2.2743e-01     4.1462      5.956      8.638     5.4893 0.0000e+00
      6.076      0.005     9.1988     72.781     39.235  23.937671     1.8578      9.658     5.2335 2.2157e-01     4.1461      5.959      8.643     5.4936 0.0000e+00
      6.076      0.004     9.1894     72.757     39.201  23.919851     1.8288      9.658     5.3925 2.2056e-01     4.0552      5.958      8.641     5.4962 0.0000e+00
      6.077      0.005     9.1804     72.754     39.174  23.906805     1.7673      9.657     5.5545 2.2465e-01     3.9352      5.959      8.643     5.4970 0.0000e+00
      6.077      0.007     9.1788     72.781     39.169  23.906757     1.7459      9.657     5.6436 2.2825e-01     3.9262      5.960      8.645     5.4996 0.0000e+00
      6.078      0.012     9.1738     72.848     39.186  23.919278     1.7366      9.657     6.0395 2.1933e-01     3.9115      5.960      8.644     5.5047 0.0000e+00
      6.080      0.019     9.1683     72.932     39.212  23.931371     1.7304      9.657     6.6415 2.0612e-01     3.9286      5.962      8.647     5.5081 0.0000e+00
      6.084      0.025     9.1677     72.983     39.225  23.926131     1.7544      9.657     6.4700 2.0458e-01     4.0304      5.965      8.653     5.5114 0.0000e+00
      6.092      0.028     9.1687     73.006     39.236  23.919329     1.7769      9.657     5.5141 2.1693e-01     4.0835      5.971      8.660     5.5163 0.0000e+00
      6.104      0.028     9.1766     73.006     39.235  23.912525     1.8016      9.656     4.9783 2.1942e-01     4.1610      5.986      8.682     5.5213 0.0000e+00
      6.118      0.026     9.1919     72.967     39.227  23.907276     1.8291      9.655     4.9822 1.9792e-01     4.1810      6.004      8.707     5.5201 0.0000e+00
      6.124      0.023     9.2015     72.890     39.246  23.919277     1.8346      9.655     5.1304 1.9407e-01     4.0873      6.007      8.713     5.4981 0.0000e+00
      6.125      0.018     9.2096     72.800     39.261  23.930807     1.8351      9.654     5.3077 2.1740e-01     4.0872      6.006      8.710     5.4739 0.0000e+00
      6.126      0.013     9.2121     72.708     39.240  23.919854     1.8436      9.654     5.3196 2.3000e-01     4.1112      6.008      8.714     5.4704 0.0000e+00
      6.128      0.011     9.2068     72.632     39.228  23.913678     1.8130      9.655     5.2743 2.3141e-01     4.0359      6.009      8.716     5.4721 0.0000e+00
      6.131      0.011     9.1954     72.602     39.233  23.919547     1.7387      9.655     5.1035 2.2721e-01     3.9962      6.013      8.720     5.4712 0.0000e+00
      6.134      0.013     9.1829     72.607     39.246  23.927400     1.7113      9.655     4.8032 2.1658e-01     4.0409      6.018      8.727     5.4752 0.0000e+00
      6.136      0.013     9.1704     72.610     39.283  23.945211     1.7392      9.654     4.5690 2.1090e-01     4.0974      6.017      8.726     5.4786 0.0000e+00
      6.141      0.014     9.1584     72.618     39.287  23.944643     1.7432      9.653     4.3367 2.1517e-01     4.0990      6.020      8.732     5.4771 0.0000e+00
      6.146      0.016     9.1536     72.622     39.254  23.920535     1.7349      9.653     4.2313 2.2542e-01     4.0609      6.029      8.745     5.4842 0.0000e+00
      6.149      0.019     9.1573     72.568     39.249  23.907381     1.7638      9.653     4.3270 2.2775e-01     4.0809      6.031      8.747     5.4863 0.0000e+00
      6.151      0.022     9.1593     72.469     39.278  23.912423     1.8019      9.653     4.7197 2.2042e-01     4.1352      6.030      8.746     5.4733 0.0000e+00
      6.157      0.024     9.1587     72.361     39.300  23.918076     1.8126      9.653     5.2800 2.0709e-01     4.1707      6.035      8.754     5.4728 0.0000e+00
