Data/DataNotYetUploadedToEDI/Raw_CTD/RawDownloads/031626_fcr50_S7809008.cnv
* Sea-Bird SBE19plus  Data File:
* FileName = C:\R\Reservoirs\Data\DataNotYetUploadedToEDI\Raw_CTD\RawDownloads\051126_FCR_50_S7809_0008.hex
* Software version 2.8.0.119
* Temperature SN = 7809
* Conductivity SN = 7809
* System UpLoad Time = May 11 2026 15:33:18
* <ApplicationData>
* <Seaterm232>
# nquan = 15
# nvalues = 2066                        
# units = specified
# name 0 = depFM: Depth [fresh water, m]
# name 1 = dz/dtM: Descent Rate [m/s]
# name 2 = sbeox0Mg/L: Oxygen, SBE 43 [mg/l]
# name 3 = sbeox0PS: Oxygen, SBE 43 [% saturation]
# name 4 = specc: Specific Conductance [uS/cm]
# name 5 = c0uS/cm: Conductivity [uS/cm]
# name 6 = flECO-AFL: Fluorescence, WET Labs ECO-AFL/FL [mg/m^3]
# name 7 = ph: pH
# name 8 = orp: Oxidation Reduction Potential [mV]
# name 9 = par/sat/log: PAR/Logarithmic, Satlantic
# name 10 = turbWETntu0: Turbidity, WET Labs ECO [NTU]
# name 11 = prdM: Pressure, Strain Gauge [db]
# name 12 = prdE: Pressure, Strain Gauge [psi]
# name 13 = tv290C: Temperature [ITS-90, deg C]
# name 14 = flag:  0.000e+00
# span 0 =     -0.796,      9.478       
# span 1 =     -0.112,      0.575       
# span 2 =     6.6870,    11.1013       
# span 3 =     60.892,     99.615       
# span 4 =      2.916,     39.943       
# span 5 =   2.236508,  28.995440       
# span 6 =    -0.1151,    13.2035       
# span 7 =      9.233,      9.891       
# span 8 =  -117.0221,   233.8183       
# span 9 = 1.2364e-01, 1.5960e+02       
# span 10 =     0.5174,   272.1091      
# span 11 =     -0.781,      9.295      
# span 12 =     -1.132,     13.481      
# span 13 =     5.2529,    13.3515      
# span 14 = 0.0000e+00, 0.0000e+00      
# interval = seconds: 0.25
# start_time = Mar 16 2026 10:42:41 [Instrument's time stamp, header]
# bad_flag = -9.990e-29
*END*
[from data line 386]
     -0.115 1.9527e-17    10.3558     93.052     37.489  26.688338     3.9705      9.780   129.5579 9.7024e+01     3.1422     -0.113     -0.163    10.5934 0.0000e+00
     -0.115 2.0702e-16    10.3500     93.097     37.483  26.682583     3.9710      9.780   130.5464 9.6834e+01     3.1551     -0.113     -0.164    10.5937 0.0000e+00
     -0.115 2.2765e-15    10.3543     93.148     37.490  26.687216     3.9452      9.779   130.9159 9.6147e+01     3.0526     -0.113     -0.164    10.5936 0.0000e+00
     -0.115 2.5042e-14    10.3604     93.145     37.481  26.680932     3.9327      9.779   130.9283 9.5610e+01     3.0309     -0.113     -0.164    10.5935 0.0000e+00
     -0.115 2.7546e-13    10.3533     93.113     37.466  26.670024     3.9534      9.780   130.8683 9.5690e+01     3.0631     -0.113     -0.164    10.5924 0.0000e+00
     -0.115 3.0301e-12    10.3628     93.058     37.483  26.682179     3.9881      9.782   130.5338 9.5977e+01     2.9971     -0.113     -0.163    10.5906 0.0000e+00
     -0.115 3.3331e-11    10.3725     92.966     37.509  26.701044     3.9936      9.784   130.5843 9.5869e+01     2.9170     -0.113     -0.163    10.5897 0.0000e+00
     -0.115 3.6664e-10    10.3692     92.864     37.519  26.707849     3.9867      9.784   131.2208 9.5234e+01     2.9139     -0.113     -0.164    10.5894 0.0000e+00
     -0.115 4.0330e-09    10.3648     92.756     37.509  26.701043     3.9799      9.784   131.6904 9.4823e+01     2.9943     -0.113     -0.164    10.5893 0.0000e+00
     -0.115 4.4363e-08    10.3624     92.669     37.482  26.682183     3.9704      9.784   131.7879 9.5246e+01     3.0348     -0.113     -0.164    10.5893 0.0000e+00
     -0.115 4.8800e-07    10.3477     92.608     37.464  26.670076     3.9622      9.786   131.7978 9.5348e+01     2.9602     -0.113     -0.164    10.5895 0.0000e+00
     -0.115      0.000    10.3381     92.522     37.479  26.681502     3.9478      9.787   131.7236 9.5138e+01     2.9466     -0.113     -0.164    10.5898 0.0000e+00
     -0.115      0.000    10.3253     92.466     37.495  26.693495     3.9546      9.787   131.4933 9.5264e+01     3.0749     -0.113     -0.164    10.5903 0.0000e+00
     -0.115      0.001    10.3111     92.472     37.488  26.688235     3.9941      9.788   131.0782 9.4942e+01     3.2136     -0.113     -0.164    10.5907 0.0000e+00
     -0.115      0.002    10.3133     92.510     37.479  26.681325     4.0177      9.789   130.6631 9.4353e+01     3.2221     -0.113     -0.164    10.5917 0.0000e+00
     -0.115      0.004    10.2954     92.558     37.469  26.673368     4.0068      9.790   130.6031 9.3860e+01     3.1444     -0.113     -0.164    10.5930 0.0000e+00
     -0.114      0.005    10.2893     92.606     37.446  26.655454     3.9948      9.790   130.7836 9.3749e+01     3.1277     -0.112     -0.163    10.5936 0.0000e+00
     -0.112      0.005    10.2918     92.655     37.446  26.654991     3.9894      9.790   131.1244 9.4071e+01     3.1911     -0.110     -0.160    10.5938 0.0000e+00
     -0.109      0.001    10.2969     92.671     37.465  26.667770     3.9659      9.789   131.4541 9.3867e+01     3.1939     -0.107     -0.155    10.5930 0.0000e+00
     -0.107     -0.010    10.3026     92.563     37.486  26.683119     3.9274      9.785   131.4151 9.3367e+01     3.0932     -0.105     -0.152    10.5919 0.0000e+00
     -0.107     -0.031    10.3087     92.388     37.526  26.713719     3.8830      9.780   130.7386 9.3339e+01     2.9982     -0.105     -0.152    10.5902 0.0000e+00
     -0.109     -0.060    10.3138     92.323     37.529  26.720646     3.8449      9.776   129.6416 9.4183e+01     2.9670     -0.104     -0.150    10.5883 0.0000e+00
     -0.119     -0.087    10.3228     92.370     37.495  26.703453     3.8409      9.772   129.0784 9.7984e+01     3.0236     -0.110     -0.159    10.5873 0.0000e+00
     -0.150     -0.106    10.3112     92.498     37.480  26.696123     3.8431      9.767   129.0916 1.0739e+02     3.0336     -0.139     -0.202    10.5873 0.0000e+00
     -0.200     -0.112    10.2740     92.655     37.479  26.695452     3.8226      9.762   129.3707 1.1682e+02     2.9510     -0.196     -0.284    10.5885 0.0000e+00
     -0.250     -0.105    10.2747     92.836     37.480  26.695340     3.7922      9.753   129.8727 1.1998e+02     2.9478     -0.254     -0.367    10.5963 0.0000e+00
     -0.280     -0.085    10.2719     93.016     37.481  26.694762     3.7669      9.740   130.1698 1.2053e+02     2.9949     -0.282     -0.409    10.6082 0.0000e+00
     -0.291     -0.057    10.2920     93.092     37.475  26.688462     3.7497      9.723   130.2955 1.2106e+02     3.0082     -0.288     -0.418    10.6128 0.0000e+00
     -0.291     -0.028    10.3080     93.100     37.469  26.682592     3.7260      9.704   130.2744 1.2112e+02     3.0058     -0.288     -0.417    10.6119 0.0000e+00
     -0.287     -0.007    10.3259     93.087     37.478  26.687204     3.7211      9.685   130.0013 1.2085e+02     3.0007     -0.282     -0.409    10.6107 0.0000e+00
     -0.283      0.003    10.3583     93.010     37.471  26.680805     3.7570      9.666   129.7471 1.2065e+02     3.0486     -0.276     -0.400    10.6081 0.0000e+00
     -0.281      0.005    10.3602     92.890     37.455  26.668640     3.7936      9.651   129.5226 1.2051e+02     3.1069     -0.275     -0.399    10.6052 0.0000e+00
     -0.281      0.004    10.3601     92.818     37.453  26.666968     3.7979      9.643   129.4377 1.2028e+02     3.0564     -0.276     -0.400    10.6032 0.0000e+00
     -0.281      0.002    10.3618     92.749     37.444  26.660587     3.8251      9.641   130.0981 1.2028e+02     2.9504     -0.276     -0.400    10.6012 0.0000e+00
     -0.281      0.000    10.3563     92.694     37.434  26.654916     3.9142      9.642   131.3131 1.2033e+02     2.9521     -0.276     -0.401    10.5999 0.0000e+00
     -0.281      0.000    10.3312     92.671     37.444  26.661825     3.9856      9.644   131.7378 1.2054e+02     3.0423     -0.276     -0.400    10.5989 0.0000e+00
     -0.281      0.001    10.3328     92.572     37.471  26.680696     4.0139      9.647   131.3614 1.2085e+02     3.0505     -0.275     -0.399    10.5976 0.0000e+00
     -0.281      0.003    10.3232     92.500     37.489  26.692814     4.0229      9.650   131.2363 1.2118e+02     2.9489     -0.275     -0.399    10.5979 0.0000e+00
     -0.280      0.004    10.3094     92.562     37.475  26.681491     4.0197      9.653   131.1718 1.2135e+02     2.9069     -0.275     -0.399    10.5994 0.0000e+00
     -0.279      0.005    10.3221     92.622     37.461  26.670641     4.0248      9.655   130.9250 1.2142e+02     2.9875     -0.275     -0.398    10.6002 0.0000e+00
     -0.277      0.005    10.3014     92.640     37.487  26.688473     4.0260      9.658   131.1780 1.2150e+02     3.0690     -0.272     -0.395    10.6001 0.0000e+00
     -0.275      0.006    10.2836     92.685     37.515  26.706818     3.9852      9.661   131.8213 1.2141e+02     3.0380     -0.269     -0.391    10.5988 0.0000e+00
     -0.273      0.006    10.3060     92.784     37.511  26.702187     3.9067      9.663   132.1640 1.2117e+02     2.9212     -0.268     -0.388    10.5972 0.0000e+00
     -0.272      0.005    10.3118     92.923     37.503  26.695896     3.8753      9.665   132.3103 1.2076e+02     2.9204     -0.267     -0.387    10.5956 0.0000e+00
     -0.271      0.004    10.3083     92.968     37.501  26.694185     3.8965      9.668   132.2996 1.2031e+02     3.0277     -0.267     -0.387    10.5938 0.0000e+00
     -0.270      0.003    10.3170     92.869     37.483  26.681493     3.8886      9.672   132.2067 1.1993e+02     3.0574     -0.265     -0.384    10.5921 0.0000e+00
     -0.269      0.002    10.3228     92.783     37.466  26.669280     3.8129      9.674   132.3060 1.1943e+02     3.0064     -0.264     -0.382    10.5902 0.0000e+00
     -0.269      0.002    10.3497     92.836     37.471  26.673369     3.7049      9.676   132.2957 1.1896e+02     2.9572     -0.264     -0.383    10.5887 0.0000e+00
     -0.269      0.001    10.3577     92.959     37.462  26.667499     3.6570      9.679   132.1677 1.1871e+02     2.9754     -0.264     -0.383    10.5882 0.0000e+00
     -0.269      0.001    10.3372     93.022     37.454  26.661732     3.6746      9.681   132.1352 1.1853e+02     3.0554     -0.264     -0.383    10.5884 0.0000e+00
     -0.268      0.001    10.3204     93.015     37.462  26.667068     3.7347      9.683   132.0745 1.1839e+02     3.0700     -0.263     -0.382    10.5887 0.0000e+00
     -0.268      0.002    10.3309     93.013     37.464  26.668588     3.8267      9.686   132.1222 1.1824e+02     2.9820     -0.263     -0.382    10.5893 0.0000e+00
     -0.268      0.002    10.3522     92.987     37.480  26.680120     3.8874      9.689   132.2827 1.1798e+02     2.9477     -0.263     -0.381    10.5898 0.0000e+00
     -0.268      0.002    10.3586     92.866     37.479  26.679657     3.9111      9.691   132.3796 1.1772e+02     2.9972     -0.263     -0.381    10.5900 0.0000e+00
     -0.267      0.002    10.3526     92.784     37.455  26.662989     3.9222      9.693   132.0893 1.1761e+02     2.9987     -0.262     -0.379    10.5898 0.0000e+00
     -0.266      0.002    10.3523     92.810     37.464  26.668859     3.9134      9.695   131.5261 1.1749e+02     2.9322     -0.261     -0.378    10.5899 0.0000e+00
     -0.266      0.001    10.3599     92.755     37.491  26.687204     3.8962      9.697   131.3346 1.1729e+02     2.9107     -0.261     -0.378    10.5897 0.0000e+00
     -0.266      0.001    10.3348     92.537     37.501  26.694529     3.8974      9.698   131.4942 1.1705e+02     2.9782     -0.261     -0.378    10.5898 0.0000e+00
     -0.266      0.001    10.3193     92.302     37.499  26.693999     3.8774      9.700   131.6496 1.1680e+02     2.9968     -0.261     -0.378    10.5905 0.0000e+00
     -0.265      0.001    10.3366     92.163     37.479  26.680795     3.8042      9.703   131.6651 1.1665e+02     2.9303     -0.260     -0.377    10.5901 0.0000e+00
     -0.265      0.001    10.3354     92.131     37.451  26.661731     3.7457      9.706   131.5093 1.1653e+02     2.9259     -0.260     -0.377    10.5891 0.0000e+00
     -0.264      0.001    10.2999     92.128     37.440  26.653774     3.7355      9.708   131.2280 1.1631e+02     2.9775     -0.259     -0.376    10.5887 0.0000e+00
     -0.264      0.001    10.2709     92.155     37.433  26.648009     3.7556      9.709   131.1028 1.1603e+02     3.0070     -0.259     -0.376    10.5893 0.0000e+00
     -0.265      0.001    10.2533     92.297     37.444  26.655444     3.7725      9.710   131.1139 1.1581e+02     3.0094     -0.260     -0.376    10.5917 0.0000e+00
     -0.265      0.002    10.2541     92.460     37.480  26.680235     3.7649      9.711   131.0185 1.1569e+02     2.9387     -0.260     -0.376    10.5934 0.0000e+00
     -0.265      0.005    10.2569     92.528     37.501  26.694071     3.7720      9.713   130.9822 1.1554e+02     2.9046     -0.260     -0.377    10.5927 0.0000e+00
     -0.264      0.009    10.2487     92.553     37.504  26.695896     3.8002      9.715   131.1903 1.1540e+02     3.0063     -0.259     -0.376    10.5919 0.0000e+00
     -0.263      0.013    10.2731     92.603     37.513  26.702301     3.8389      9.718   131.6427 1.1540e+02     3.0752     -0.258     -0.374    10.5916 0.0000e+00
     -0.259      0.016    10.2993     92.709     37.521  26.708076     3.8827      9.721   131.9783 1.1578e+02     3.0204     -0.256     -0.369    10.5905 0.0000e+00
     -0.252      0.019    10.3000     92.778     37.514  26.702301     3.8971      9.724   131.8922 1.1829e+02     2.9240     -0.248     -0.358    10.5887 0.0000e+00
     -0.244      0.022    10.3032     92.711     37.505  26.695897     3.8959      9.726   131.8059 1.1858e+02     2.9337     -0.238     -0.346    10.5883 0.0000e+00
     -0.239      0.024    10.3043     92.609     37.503  26.694073     3.8760      9.728   131.8815 1.1276e+02     3.0355     -0.234     -0.340    10.5881 0.0000e+00
     -0.234      0.026    10.3209     92.575     37.484  26.680246     3.8155      9.730   131.7743 1.0776e+02     3.0276     -0.231     -0.334    10.5877 0.0000e+00
     -0.228      0.027    10.3381     92.563     37.450  26.655557     3.7632      9.731   131.5414 1.0498e+02     2.9416     -0.224     -0.325    10.5874 0.0000e+00
     -0.220      0.029    10.3214     92.532     37.441  26.649257     3.7514      9.732   131.7327 1.0210e+02     2.9173     -0.215     -0.312    10.5869 0.0000e+00
     -0.213      0.032    10.3049     92.557     37.467  26.667499     3.8069      9.735   132.3676 1.0086e+02     2.9729     -0.208     -0.302    10.5866 0.0000e+00
     -0.205      0.036    10.3049     92.657     37.493  26.685844     3.9093      9.737   132.7650 1.0063e+02     3.0336     -0.201     -0.291    10.5865 0.0000e+00
     -0.195      0.040    10.3080     92.722     37.485  26.680797     3.9577      9.738   132.7516 1.0033e+02     2.9680     -0.192     -0.279    10.5863 0.0000e+00
     -0.185      0.042    10.2984     92.757     37.470  26.669898     3.9502      9.738   132.6356 9.9572e+01     2.8629     -0.182     -0.264    10.5859 0.0000e+00
     -0.172      0.044    10.2979     92.832     37.485  26.680911     3.9512      9.739   132.6535 9.7440e+01     2.8898     -0.169     -0.245    10.5858 0.0000e+00
     -0.159      0.044    10.3194     92.887     37.494  26.687102     3.9708      9.739   132.7958 9.4234e+01     2.9858     -0.155     -0.226    10.5859 0.0000e+00
     -0.147      0.042    10.3250     92.851     37.488  26.681337     3.9791      9.739   132.8928 9.1825e+01     3.0329     -0.144     -0.208    10.5860 0.0000e+00
     -0.137      0.038    10.3215     92.784     37.480  26.674617     3.9684      9.739   132.9664 9.0946e+01     3.0150     -0.135     -0.195    10.5862 0.0000e+00
     -0.127      0.032    10.3360     92.785     37.474  26.669280     4.0082      9.740   133.0839 9.0227e+01     3.0098     -0.125     -0.181    10.5863 0.0000e+00
     -0.118      0.025    10.3457     92.810     37.489  26.680235     4.1020      9.741   133.1084 8.9793e+01     3.0716     -0.114     -0.166    10.5860 0.0000e+00
     -0.113      0.018    10.3401     92.817     37.488  26.680226     4.1446      9.742   133.0034 9.0258e+01     3.0789     -0.109     -0.159    10.5844 0.0000e+00
     -0.110      0.013    10.3239     92.815     37.472  26.669167     4.1322      9.742   132.8471 9.0582e+01     2.9614     -0.108     -0.157    10.5820 0.0000e+00
     -0.110      0.008    10.3309     92.787     37.478  26.673368     4.1196      9.743   132.6820 9.0715e+01     2.8810     -0.108     -0.157    10.5805 0.0000e+00
     -0.110      0.006    10.3357     92.770     37.469  26.667602     4.1331      9.744   132.5562 9.0840e+01     2.9271     -0.108     -0.156    10.5805 0.0000e+00
     -0.109      0.007    10.3319     92.743     37.461  26.662877     4.1707      9.746   132.4438 9.0855e+01     3.0054     -0.107     -0.155    10.5822 0.0000e+00
     -0.109      0.011    10.3375     92.683     37.484  26.679659     4.1834      9.747   132.3554 9.1061e+01     3.0076     -0.107     -0.155    10.5829 0.0000e+00
     -0.107      0.016    10.3279     92.661     37.485  26.680235     4.1701      9.748   132.3481 9.1312e+01     2.9544     -0.105     -0.153    10.5825 0.0000e+00
     -0.102      0.020    10.3285     92.698     37.471  26.669848     4.1351      9.749   132.4422 9.1108e+01     2.9769     -0.101     -0.146    10.5839 0.0000e+00
     -0.095      0.021    10.3288     92.781     37.486  26.680915     4.0766      9.750   132.5465 9.0478e+01     3.0405     -0.095     -0.138    10.5854 0.0000e+00
     -0.086      0.021    10.3147     92.921     37.495  26.687205     4.0442      9.752   132.4903 9.0048e+01     3.0740     -0.084     -0.121    10.5852 0.0000e+00
