Data/DataNotYetUploadedToEDI/Raw_CTD/RawDownloads/031626_fcr50_S7809008.cnv
* Sea-Bird SBE19plus  Data File:
* FileName = C:\R\Reservoirs\Data\DataNotYetUploadedToEDI\Raw_CTD\RawDownloads\051126_FCR_50_S7809_0008.hex
* Software version 2.8.0.119
* Temperature SN = 7809
* Conductivity SN = 7809
* System UpLoad Time = May 11 2026 15:33:18
* <ApplicationData>
* <Seaterm232>
# nquan = 15
# nvalues = 2066                        
# units = specified
# name 0 = depFM: Depth [fresh water, m]
# name 1 = dz/dtM: Descent Rate [m/s]
# name 2 = sbeox0Mg/L: Oxygen, SBE 43 [mg/l]
# name 3 = sbeox0PS: Oxygen, SBE 43 [% saturation]
# name 4 = specc: Specific Conductance [uS/cm]
# name 5 = c0uS/cm: Conductivity [uS/cm]
# name 6 = flECO-AFL: Fluorescence, WET Labs ECO-AFL/FL [mg/m^3]
# name 7 = ph: pH
# name 8 = orp: Oxidation Reduction Potential [mV]
# name 9 = par/sat/log: PAR/Logarithmic, Satlantic
# name 10 = turbWETntu0: Turbidity, WET Labs ECO [NTU]
# name 11 = prdM: Pressure, Strain Gauge [db]
# name 12 = prdE: Pressure, Strain Gauge [psi]
# name 13 = tv290C: Temperature [ITS-90, deg C]
# name 14 = flag:  0.000e+00
# span 0 =     -0.796,      9.478       
# span 1 =     -0.112,      0.575       
# span 2 =     6.6870,    11.1013       
# span 3 =     60.892,     99.615       
# span 4 =      2.916,     39.943       
# span 5 =   2.236508,  28.995440       
# span 6 =    -0.1151,    13.2035       
# span 7 =      9.233,      9.891       
# span 8 =  -117.0221,   233.8183       
# span 9 = 1.2364e-01, 1.5960e+02       
# span 10 =     0.5174,   272.1091      
# span 11 =     -0.781,      9.295      
# span 12 =     -1.132,     13.481      
# span 13 =     5.2529,    13.3515      
# span 14 = 0.0000e+00, 0.0000e+00      
# interval = seconds: 0.25
# start_time = Mar 16 2026 10:42:41 [Instrument's time stamp, header]
# bad_flag = -9.990e-29
*END*
[from data line 1735]
      7.235      0.030     8.9459     70.700     39.506  23.992220     2.2333      9.605   -15.1524 1.2382e-01     4.5938      7.093     10.288     5.3596 0.0000e+00
      7.242      0.028     8.9428     70.665     39.477  23.975535     2.2451      9.605   -15.6605 1.2390e-01     4.4988      7.102     10.300     5.3642 0.0000e+00
      7.251      0.031     8.9451     70.641     39.457  23.962390     2.2636      9.605   -16.1190 1.2391e-01     4.5150      7.112     10.314     5.3653 0.0000e+00
      7.257      0.035     8.9453     70.641     39.458  23.960113     2.2806      9.606   -16.4806 1.2388e-01     4.6180      7.116     10.321     5.3626 0.0000e+00
      7.266      0.035     8.9457     70.636     39.441  23.947999     2.2931      9.606   -16.7630 1.2390e-01     4.5490      7.122     10.330     5.3628 0.0000e+00
      7.280      0.033     8.9376     70.631     39.434  23.942748     2.3062      9.605   -16.4360 1.2391e-01     4.3294      7.139     10.355     5.3669 0.0000e+00
      7.293      0.029     8.9333     70.612     39.464  23.960042     2.3067      9.605   -15.4521 1.2386e-01     4.2859      7.155     10.379     5.3653 0.0000e+00
      7.298      0.024     8.9391     70.568     39.475  23.966856     2.3077      9.604   -15.0191 1.2385e-01     4.3642      7.158     10.382     5.3596 0.0000e+00
      7.299      0.020     8.9360     70.550     39.465  23.961711     2.3101      9.604   -15.3304 1.2390e-01     4.3538      7.156     10.380     5.3574 0.0000e+00
      7.301      0.018     8.9365     70.559     39.463  23.961253     2.3096      9.604   -15.6893 1.2391e-01     4.2967      7.161     10.386     5.3561 0.0000e+00
      7.304      0.022     8.9381     70.562     39.462  23.961320     2.3437      9.604   -16.1751 1.2387e-01     4.3233      7.164     10.390     5.3550 0.0000e+00
      7.307      0.031     8.9256     70.550     39.463  23.962521     2.3898      9.603   -16.7291 1.2382e-01     4.4024      7.164     10.391     5.3557 0.0000e+00
      7.314      0.040     8.9247     70.505     39.488  23.975775     2.3932      9.603   -17.0541 1.2379e-01     4.3648      7.169     10.398     5.3572 0.0000e+00
      7.328      0.047     8.9286     70.452     39.523  23.994738     2.3426      9.604   -17.0926 1.2377e-01     4.3124      7.183     10.420     5.3574 0.0000e+00
      7.347      0.051     8.9267     70.418     39.533  24.001552     2.2776      9.605   -16.8505 1.2377e-01     4.3842      7.206     10.452     5.3588 0.0000e+00
      7.366      0.051     8.9276     70.367     39.520  23.994738     2.2566      9.605   -16.7086 1.2381e-01     4.5153      7.226     10.481     5.3611 0.0000e+00
      7.379      0.046     8.9210     70.272     39.490  23.975776     2.2716      9.604   -17.0120 1.2389e-01     4.6342      7.237     10.497     5.3571 0.0000e+00
      7.389      0.037     8.9123     70.149     39.469  23.962536     2.3005      9.604   -17.4215 1.2394e-01     4.6262      7.247     10.509     5.3523 0.0000e+00
      7.397      0.030     8.9112     70.003     39.468  23.961478     2.3402      9.604   -17.6153 1.2394e-01     4.5545      7.257     10.526     5.3548 0.0000e+00
      7.402      0.028     8.9060     69.861     39.473  23.962979     2.3683      9.604   -17.8063 1.2386e-01     4.5531      7.260     10.530     5.3570 0.0000e+00
      7.403      0.030     8.8912     69.732     39.506  23.980694     2.3823      9.604   -18.4408 1.2378e-01     4.5743      7.258     10.527     5.3547 0.0000e+00
      7.407      0.032     8.8787     69.628     39.517  23.985410     2.3840      9.603   -19.2646 1.2378e-01     4.6753      7.262     10.532     5.3542 0.0000e+00
      7.417      0.033     8.8559     69.556     39.473  23.956585     2.3726      9.603   -19.6784 1.2379e-01     4.8517      7.271     10.546     5.3555 0.0000e+00
      7.432      0.032     8.8396     69.512     39.465  23.949248     2.3690      9.602   -19.8309 1.2384e-01     4.9651      7.289     10.571     5.3533 0.0000e+00
      7.447      0.029     8.8237     69.517     39.485  23.960116     2.3822      9.601   -19.7311 1.2385e-01     5.0218      7.308     10.599     5.3485 0.0000e+00
      7.454      0.024     8.8090     69.547     39.486  23.961166     2.3662      9.601   -19.5047 1.2383e-01     4.8873      7.312     10.606     5.3472 0.0000e+00
      7.455      0.016     8.8037     69.584     39.484  23.961932     2.3173      9.601   -19.5887 1.2383e-01     4.5693      7.309     10.601     5.3451 0.0000e+00
      7.455      0.008     8.7943     69.643     39.492  23.969383     2.2986      9.602   -20.3163 1.2383e-01     4.4219      7.311     10.604     5.3412 0.0000e+00
      7.455      0.003     8.7991     69.709     39.518  23.987841     2.3152      9.602   -21.5053 1.2387e-01     4.4708      7.311     10.605     5.3391 0.0000e+00
      7.455      0.002     8.8036     69.744     39.523  23.994863     2.3264      9.601   -22.1773 1.2391e-01     4.5116      7.310     10.602     5.3393 0.0000e+00
      7.456      0.007     8.8056     69.750     39.511  23.990869     2.3256      9.600   -22.3321 1.2387e-01     4.6086      7.312     10.605     5.3421 0.0000e+00
      7.456      0.015     8.8134     69.777     39.528  24.002977     2.3381      9.600   -22.3447 1.2384e-01     4.8240      7.312     10.606     5.3455 0.0000e+00
      7.457      0.023     8.8228     69.811     39.550  24.014422     2.3620      9.600   -22.2437 1.2381e-01     4.9983      7.311     10.604     5.3495 0.0000e+00
      7.462      0.028     8.8278     69.833     39.537  24.002412     2.3727      9.600   -22.3148 1.2376e-01     5.0416      7.314     10.608     5.3544 0.0000e+00
      7.476      0.032     8.8212     69.871     39.512  23.984593     2.3350      9.599   -22.4300 1.2375e-01     4.8349      7.329     10.629     5.3591 0.0000e+00
      7.494      0.038     8.8271     69.915     39.522  23.989223     2.2552      9.598   -22.4324 1.2379e-01     4.4803      7.353     10.664     5.3623 0.0000e+00
      7.504      0.047     8.8340     69.964     39.539  23.994979     2.1910      9.597   -22.4299 1.2380e-01     4.3417      7.362     10.679     5.3604 0.0000e+00
      7.505      0.053     8.8338     70.006     39.547  23.990770     2.1738      9.596   -22.4864 1.2382e-01     4.4232      7.357     10.671     5.3522 0.0000e+00
      7.511      0.053     8.8434     69.996     39.581  24.001734     2.1722      9.595   -22.6852 1.2386e-01     4.6116      7.359     10.673     5.3481 0.0000e+00
      7.533      0.050     8.8468     69.948     39.588  24.000704     2.1463      9.593   -22.9404 1.2381e-01     4.8429      7.384     10.710     5.3495 0.0000e+00
      7.562      0.046     8.8540     69.903     39.553  23.978316     2.1355      9.592   -23.0768 1.2377e-01     4.9995      7.423     10.766     5.3448 0.0000e+00
      7.578      0.040     8.8668     69.842     39.561  23.984709     2.1508      9.592   -22.9577 1.2377e-01     5.0698      7.438     10.788     5.3308 0.0000e+00
      7.578      0.029     8.8679     69.727     39.606  24.014582     2.1891      9.591   -22.8781 1.2372e-01     4.9760      7.430     10.777     5.3159 0.0000e+00
      7.578      0.015     8.8590     69.571     39.613  24.022426     2.2411      9.591   -23.3181 1.2370e-01     4.7200      7.430     10.778     5.3099 0.0000e+00
      7.579      0.005     8.8554     69.402     39.598  24.016138     2.2459      9.591   -23.9766 1.2374e-01     4.5356      7.434     10.783     5.3103 0.0000e+00
      7.579      0.000     8.8507     69.252     39.571  24.001972     2.2389      9.590   -24.5577 1.2381e-01     4.5577      7.431     10.778     5.3114 0.0000e+00
      7.579 4.9130e-15     8.8328     69.132     39.527  23.977977     2.2901      9.589   -25.2683 1.2386e-01     4.7130      7.432     10.779     5.3151 0.0000e+00
      7.579 5.4043e-14     8.8115     69.046     39.527  23.979689     2.3567      9.589   -26.1155 1.2388e-01     4.8770      7.433     10.780     5.3208 0.0000e+00
      7.579 5.9447e-13     8.7868     68.990     39.593  24.022664     2.3702      9.589   -26.7131 1.2382e-01     4.9690      7.431     10.778     5.3238 0.0000e+00
      7.579 6.5392e-12     8.7674     68.954     39.638  24.053680     2.3537      9.589   -26.9878 1.2373e-01     4.9716      7.432     10.779     5.3262 0.0000e+00
      7.580 7.1931e-11     8.7514     68.954     39.608  24.037632     2.3484      9.588   -27.3723 1.2378e-01     4.9078      7.433     10.781     5.3302 0.0000e+00
      7.580 7.9124e-10     8.7396     68.998     39.576  24.018869     2.3643      9.587   -27.9196 1.2386e-01     4.7438      7.433     10.781     5.3322 0.0000e+00
      7.579 8.7037e-09     8.7338     69.048     39.572  24.017064     2.3877      9.588   -28.4431 1.2388e-01     4.5267      7.432     10.780     5.3349 0.0000e+00
      7.579 9.5741e-08     8.7261     69.097     39.565  24.015816     2.4066      9.589   -29.0568 1.2388e-01     4.4693      7.433     10.780     5.3407 0.0000e+00
      7.579      0.000     8.7238     69.161     39.538  24.003786     2.4345      9.589   -29.7470 1.2389e-01     4.5968      7.433     10.780     5.3448 0.0000e+00
      7.579      0.000     8.7328     69.227     39.519  23.998439     2.4586      9.589   -30.2487 1.2392e-01     4.9059      7.433     10.780     5.3442 0.0000e+00
      7.580      0.000     8.7397     69.288     39.535  24.014590     2.4575      9.589   -30.6486 1.2390e-01     5.2691      7.433     10.781     5.3441 0.0000e+00
      7.580      0.001     8.7428     69.360     39.520  24.008824     2.4375      9.589   -30.9679 1.2381e-01     5.3675      7.433     10.781     5.3481 0.0000e+00
      7.580      0.005     8.7514     69.435     39.492  23.992149     2.4322      9.589   -31.0981 1.2375e-01     5.3783      7.433     10.781     5.3533 0.0000e+00
      7.580      0.012     8.7584     69.490     39.519  24.003217     2.4692      9.589   -31.2764 1.2379e-01     5.3988      7.433     10.781     5.3609 0.0000e+00
      7.580      0.021     8.7625     69.518     39.557  24.015806     2.5188      9.588   -31.5759 1.2388e-01     5.2746      7.433     10.781     5.3710 0.0000e+00
      7.584      0.030     8.7705     69.515     39.582  24.017520     2.5324      9.588   -31.9663 1.2387e-01     5.2079      7.434     10.784     5.3763 0.0000e+00
      7.594      0.039     8.7823     69.485     39.610  24.023923     2.5250      9.589   -32.4685 1.2380e-01     5.2423      7.444     10.798     5.3764 0.0000e+00
      7.611      0.045     8.7897     69.439     39.630  24.029801     2.5129      9.590   -33.0021 1.2380e-01     5.2465      7.465     10.826     5.3710 0.0000e+00
      7.628      0.049     8.7976     69.395     39.627  24.025181     2.5032      9.590   -33.4274 1.2378e-01     5.2241      7.483     10.853     5.3552 0.0000e+00
      7.641      0.049     8.8011     69.350     39.639  24.031471     2.5067      9.590   -33.6534 1.2370e-01     5.1762      7.494     10.869     5.3356 0.0000e+00
      7.652      0.045     8.8001     69.289     39.657  24.042431     2.5058      9.590   -33.8415 1.2372e-01     5.2134      7.503     10.882     5.3225 0.0000e+00
      7.663      0.043     8.7951     69.232     39.638  24.030862     2.6183      9.590   -34.1520 1.2384e-01     5.2641      7.516     10.901     5.3146 0.0000e+00
      7.673      0.044     8.7892     69.179     39.622  24.018436     2.8427      9.590   -34.4833 1.2384e-01     5.1403      7.526     10.916     5.3108 0.0000e+00
      7.680      0.047     8.7871     69.103     39.632  24.019007     2.9461      9.590   -34.7503 1.2379e-01     4.9803      7.531     10.923     5.3114 0.0000e+00
      7.689      0.048     8.7753     69.000     39.674  24.037772     2.9366      9.589   -34.7990 1.2383e-01     4.9362      7.537     10.932     5.3128 0.0000e+00
      7.704      0.047     8.7687     68.883     39.709  24.055058     2.9271      9.588   -34.6420 1.2387e-01     4.9480      7.551     10.953     5.3129 0.0000e+00
      7.724      0.044     8.7651     68.778     39.684  24.037763     2.8570      9.587   -34.6581 1.2386e-01     4.9866      7.575     10.989     5.3104 0.0000e+00
      7.740      0.040     8.7562     68.677     39.655  24.018896     2.7125      9.587   -34.8212 1.2386e-01     5.0276      7.596     11.017     5.3022 0.0000e+00
      7.746      0.035     8.7463     68.573     39.653  24.017195     2.6116      9.588   -34.8935 1.2390e-01     4.9987      7.598     11.019     5.2916 0.0000e+00
      7.748      0.031     8.7295     68.485     39.651  24.017195     2.6030      9.589   -34.9309 1.2393e-01     4.9788      7.596     11.018     5.2863 0.0000e+00
      7.753      0.032     8.7180     68.401     39.653  24.018896     2.7162      9.588   -35.1013 1.2392e-01     4.9921      7.603     11.028     5.2850 0.0000e+00
      7.758      0.038     8.7068     68.305     39.688  24.037764     2.9154      9.588   -35.5770 1.2389e-01     4.9881      7.608     11.034     5.2825 0.0000e+00
      7.765      0.048     8.6910     68.219     39.728  24.055069     3.0216      9.588   -36.0364 1.2389e-01     4.9648      7.610     11.038     5.2812 0.0000e+00
      7.781      0.056     8.6808     68.153     39.710  24.037878     3.0190      9.588   -36.0958 1.2389e-01     4.9163      7.626     11.061     5.2847 0.0000e+00
      7.804      0.061     8.6711     68.087     39.688  24.020155     3.0165      9.588   -36.1220 1.2389e-01     4.9128      7.654     11.101     5.2877 0.0000e+00
      7.824      0.061     8.6579     68.023     39.711  24.031022     3.0161      9.588   -36.2670 1.2385e-01     4.8893      7.675     11.131     5.2836 0.0000e+00
      7.840      0.058     8.6479     67.958     39.733  24.042438     2.9980      9.588   -36.3012 1.2379e-01     4.8026      7.688     11.151     5.2732 0.0000e+00
      7.853      0.053     8.6444     67.883     39.714  24.031352     2.9813      9.587   -36.4497 1.2375e-01     4.7874      7.702     11.171     5.2642 0.0000e+00
      7.863      0.049     8.6355     67.819     39.696  24.023813     2.8137      9.587   -37.3729 1.2378e-01     4.7054      7.713     11.187     5.2596 0.0000e+00
      7.871      0.047     8.6283     67.759     39.661  24.014701     2.4858      9.587   -38.6875 1.2383e-01     4.4948      7.719     11.194     5.2556 0.0000e+00
      7.881      0.046     8.6231     67.689     39.572  23.984607     2.2885      9.586   -39.2673 1.2387e-01     4.3591      7.726     11.205     5.2529 0.0000e+00
      7.896      0.046     8.6099     67.648     39.517  23.977049     2.2427      9.586   -39.2210 1.2384e-01     4.2932      7.743     11.229     5.2535 0.0000e+00
      7.912      0.048     8.6028     67.645     39.505  23.986752     2.2228      9.587   -39.1608 1.2382e-01     4.3477      7.761     11.256     5.2549 0.0000e+00
      7.924      0.051     8.5951     67.657     39.468  23.975107     2.2149      9.587   -39.0553 1.2383e-01     4.5392      7.772     11.273     5.2662 0.0000e+00
      7.933      0.050     8.5739     67.710     39.432  23.963093     2.2059      9.586   -38.8923 1.2381e-01     4.5929      7.778     11.281     5.3024 0.0000e+00
      7.944      0.047     8.5596     67.839     39.428  23.968342     2.1888      9.584   -39.3406 1.2381e-01     4.4854      7.788     11.296     5.3436 0.0000e+00
      7.961      0.045     8.5583     68.044     39.434  23.975156     2.1743      9.584   -40.3458 1.2383e-01     4.4348      7.807     11.324     5.3612 0.0000e+00
      7.976      0.046     8.5552     68.304     39.443  23.982064     2.1875      9.584   -41.1520 1.2380e-01     4.4928      7.825     11.350     5.3698 0.0000e+00
      7.983      0.047     8.5568     68.604     39.452  23.988459     2.2156      9.584   -41.6025 1.2378e-01     4.5385      7.831     11.358     5.3857 0.0000e+00
      7.988      0.046     8.5709     68.961     39.454  23.989054     2.2057      9.584   -41.6627 1.2377e-01     4.4745      7.830     11.356     5.3971 0.0000e+00
