Data/DataNotYetUploadedToEDI/Raw_CTD/RawDownloads/031725_fcr50_S7809001.cnv
* Sea-Bird SBE19plus  Data File:
* FileName = C:\R\Reservoirs\Data\DataNotYetUploadedToEDI\Raw_CTD\RawDownloads\031725_fcr50_S7809_0001.hex
* Software version 2.8.0.119
* Temperature SN = 7809
* Conductivity SN = 7809
* System UpLoad Time = Mar 25 2025 10:59:07
* <ApplicationData>
* <Seaterm232>
# nquan = 15
# nvalues = 1735                        
# units = specified
# name 0 = depFM: Depth [fresh water, m]
# name 1 = dz/dtM: Descent Rate [m/s]
# name 2 = sbeox0Mg/L: Oxygen, SBE 43 [mg/l]
# name 3 = sbeox0PS: Oxygen, SBE 43 [% saturation]
# name 4 = specc: Specific Conductance [uS/cm]
# name 5 = c0uS/cm: Conductivity [uS/cm]
# name 6 = flECO-AFL: Fluorescence, WET Labs ECO-AFL/FL [mg/m^3]
# name 7 = ph: pH
# name 8 = orp: Oxidation Reduction Potential [mV]
# name 9 = par/sat/log: PAR/Logarithmic, Satlantic
# name 10 = turbWETntu0: Turbidity, WET Labs ECO [NTU]
# name 11 = prdM: Pressure, Strain Gauge [db]
# name 12 = prdE: Pressure, Strain Gauge [psi]
# name 13 = tv290C: Temperature [ITS-90, deg C]
# name 14 = flag:  0.000e+00
# span 0 =     -0.687,      9.572       
# span 1 =     -0.490,      2.978       
# span 2 =     6.3511,    12.9825       
# span 3 =     56.988,    106.302       
# span 4 =     -0.332,    222.976       
# span 5 =  -0.215736, 141.844576       
# span 6 =    -1.6253,     6.5036       
# span 7 =     -2.644,     13.921       
# span 8 = -1240.7455,  1240.2295       
# span 9 = 1.2365e-01, 2.0604e+03       
# span 10 =    -0.1337,   136.8330      
# span 11 =     -0.674,      9.390      
# span 12 =     -0.978,     13.619      
# span 13 =     6.7299,    11.3262      
# span 14 = 0.0000e+00, 0.0000e+00      
# interval = seconds: 0.25
# start_time = Mar 17 2025 10:20:19 [Instrument's time stamp, header]
# bad_flag = -9.990e-29
*END*
[from data line 1446]
      9.073      0.037    12.5214    102.402     31.239  19.826014     3.8149      7.799   271.8414 1.2381e-01     6.3478      8.900     12.907     6.7305 0.0000e+00
      9.076      0.029    12.5157    102.404     31.248  19.831788     3.8112      7.799   272.0175 1.2379e-01     6.3481      8.899     12.906     6.7307 0.0000e+00
      9.080      0.022    12.5168    102.403     31.255  19.836513     3.7942      7.799   272.0777 1.2382e-01     6.3618      8.902     12.912     6.7309 0.0000e+00
      9.087      0.017    12.5154    102.418     31.228  19.819746     3.7672      7.799   271.8817 1.2380e-01     6.3090      8.913     12.928     6.7315 0.0000e+00
      9.092      0.015    12.5103    102.453     31.227  19.819269     3.7176      7.799   271.7120 1.2375e-01     6.2223      8.918     12.934     6.7318 0.0000e+00
      9.093      0.015    12.5152    102.489     31.245  19.830749     3.6776      7.799   271.6607 1.2374e-01     6.1673      8.916     12.932     6.7319 0.0000e+00
      9.095      0.014    12.5111    102.535     31.247  19.831740     3.6664      7.799   271.6057 1.2376e-01     6.1905      8.919     12.937     6.7324 0.0000e+00
      9.099      0.014    12.5129    102.580     31.247  19.831254     3.6736      7.799   271.5632 1.2378e-01     6.2292      8.923     12.942     6.7326 0.0000e+00
      9.103      0.016    12.5200    102.613     31.237  19.824871     3.6978      7.799   271.4906 1.2378e-01     6.2248      8.927     12.946     6.7324 0.0000e+00
      9.108      0.021    12.5219    102.626     31.226  19.817966     3.7085      7.800   271.3302 1.2378e-01     6.2061      8.933     12.956     6.7322 0.0000e+00
      9.112      0.028    12.5294    102.615     31.216  19.811163     3.6874      7.802   271.1728 1.2380e-01     6.1739      8.937     12.963     6.7318 0.0000e+00
      9.116      0.037    12.5352    102.586     31.207  19.806019     3.6507      7.803   270.9634 1.2384e-01     6.1766      8.937     12.962     6.7315 0.0000e+00
      9.125      0.049    12.5397    102.555     31.227  19.819170     3.6141      7.804   270.6057 1.2386e-01     6.2047      8.945     12.973     6.7312 0.0000e+00
      9.141      0.065    12.5415    102.502     31.264  19.843377     3.5859      7.804   270.2029 1.2381e-01     6.1720      8.964     13.001     6.7308 0.0000e+00
      9.157      0.083    12.5405    102.411     31.266  19.845097     3.5670      7.804   269.8797 1.2377e-01     6.1914      8.981     13.026     6.7305 0.0000e+00
      9.177      0.097    12.5351    102.321     31.258  19.839962     3.6024      7.804   269.7088 1.2379e-01     6.7810      8.995     13.045     6.7307 0.0000e+00
      9.208      0.105    12.5322    102.256     31.266  19.844679     3.6974      7.803   269.6848 1.2376e-01     7.9031      9.026     13.091     6.7323 0.0000e+00
      9.247      0.107    12.5273    102.196     31.257  19.838727     3.7594      7.802   269.6768 1.2370e-01     8.8282      9.071     13.157     6.7340 0.0000e+00
      9.281      0.105    12.5126    102.150     31.247  19.831401     3.7611      7.801   269.7842 1.2371e-01    11.7829      9.107     13.209     6.7341 0.0000e+00
      9.303      0.099    12.5002    102.141     31.228  19.819501     3.8175      7.801   270.0367 1.2381e-01    43.6619      9.125     13.234     6.7337 0.0000e+00
      9.322      0.089    12.4953    102.160     31.232  19.821657     4.0997      7.802   270.0627 1.2383e-01   102.2809      9.140     13.254     6.7334 0.0000e+00
      9.344      0.081    12.4869    102.181     31.288  19.857468     4.4860      7.802   269.8397 1.2378e-01   134.2610      9.164     13.292     6.7327 0.0000e+00
      9.364      0.076    12.4799    102.186     31.512  19.998880     4.6514      7.802   269.6637 1.2376e-01   136.8330      9.184     13.322     6.7316 0.0000e+00
      9.380      0.072    12.4801    102.179     33.427  21.214443     4.5349      7.802   269.3968 1.2381e-01   134.0625      9.197     13.339     6.7311 0.0000e+00
      9.400      0.069    12.4831    102.182     46.553  29.545669     3.3432      7.802   269.1943 1.2381e-01   101.1385      9.217     13.370     6.7313 0.0000e+00
      9.420      0.064    12.4873    102.195     76.158  48.338334     1.1956      7.803   269.2807 1.2380e-01    40.7551      9.240     13.400     6.7312 0.0000e+00
      9.435      0.059    12.4873    102.174    108.795  69.061165     0.0342      7.803   269.2363 1.2380e-01     7.8428      9.253     13.420     6.7309 0.0000e+00
      9.448      0.054    12.4851    102.068    132.260  83.966551    -0.0704      7.803   268.7437 1.2380e-01     4.7915      9.266     13.439     6.7307 0.0000e+00
      9.462      0.048    12.4853    101.878    145.405  92.323424    -0.0940      7.803   268.0570 1.2384e-01     3.6910      9.280     13.459     6.7306 0.0000e+00
      9.473      0.043    12.4866    101.577    151.481  96.190524    -0.1101      7.804   267.9025 1.2387e-01     2.1201      9.291     13.477     6.7321 0.0000e+00
      9.482      0.039    12.4857    101.090    155.247  98.588756    -0.1151      7.804   267.9080 1.2383e-01     1.2389      9.298     13.487     6.7361 0.0000e+00
      9.491      0.035    12.4684    100.403    158.762 100.825996    -0.1046      7.804   267.5220 1.2376e-01     1.1665      9.306     13.497     6.7413 0.0000e+00
      9.501      0.032    12.4434     99.550    161.676 102.680668    -0.0841      7.805   267.3643 1.2372e-01     1.0740      9.319     13.515     6.7457 0.0000e+00
      9.508      0.031    12.4122     98.611    163.973 104.143794    -0.0749      7.805   267.6358 1.2377e-01     0.8031      9.326     13.527     6.7487 0.0000e+00
      9.513      0.032    12.3504     97.686    166.648 105.847191    -0.0759      7.799   268.3960 1.2381e-01     0.5905      9.328     13.529     6.7506 0.0000e+00
      9.518      0.033    12.2653     96.812    169.923 107.931507    -0.0714      7.772   269.1565 1.2382e-01     0.4842      9.332     13.536     6.7521 0.0000e+00
      9.528      0.035    12.1575     95.997    172.953 109.860119    -0.0786      7.726   268.7427 1.2387e-01     0.3039      9.343     13.551     6.7535 0.0000e+00
      9.539      0.035    12.0360     95.239    175.368 111.398680    -0.1047      7.684   267.6947 1.2390e-01     0.0490      9.354     13.568     6.7548 0.0000e+00
      9.551      0.032    11.9226     94.521    177.231 112.586550    -0.1212      7.658   266.9825 1.2386e-01    -0.0690      9.366     13.585     6.7561 0.0000e+00
      9.561      0.027    11.8150     93.838    178.296 113.267555    -0.1199      7.645   266.5843 1.2380e-01    -0.0642      9.377     13.601     6.7574 0.0000e+00
      9.569      0.019    11.7143     93.198    178.784 113.581715    -0.1140      7.639   266.4075 1.2381e-01    -0.0294      9.386     13.614     6.7585 0.0000e+00
      9.572      0.011    11.6235     92.597    179.481 114.028271    -0.0998      7.638   266.0497 1.2384e-01     0.0448      9.390     13.619     6.7597 0.0000e+00
      9.570      0.005    11.5348     92.022    180.660 114.781225    -0.0809      7.640   265.5278 1.2381e-01     0.0808      9.386     13.613     6.7610 0.0000e+00
      9.567      0.000    11.4508     91.448    182.066 115.678610    -0.0775      7.642   265.0016 1.2382e-01     0.0988      9.380     13.605     6.7623 0.0000e+00
      9.567     -0.002    11.3724     90.857    183.506 116.597171    -0.0837      7.645   264.3340 1.2382e-01     0.1259      9.381     13.606     6.7634 0.0000e+00
      9.567     -0.001    11.2994     90.265    184.886 117.478391    -0.0888      7.649   263.7363 1.2377e-01     0.1008      9.383     13.609     6.7646 0.0000e+00
      9.567     -0.001    11.2298     89.730    186.182 118.306172    -0.0897      7.653   263.1951 1.2376e-01     0.0687      9.382     13.608     6.7657 0.0000e+00
      9.567     -0.001    11.1607     89.269    187.507 119.151667    -0.0932      7.657   262.5230 1.2380e-01     0.0797      9.383     13.608     6.7667 0.0000e+00
      9.567     -0.003    11.0882     88.844    188.723 119.928148    -0.1074      7.662   261.9773 1.2388e-01     0.0617      9.382     13.608     6.7678 0.0000e+00
      9.567     -0.008    11.0111     88.419    189.608 120.494692    -0.1113      7.672   261.8446 1.2388e-01     0.0226      9.382     13.607     6.7689 0.0000e+00
      9.567     -0.014    10.9450     87.999    190.245 120.904289    -0.1066      7.686   262.2952 1.2380e-01    -0.0176      9.383     13.608     6.7699 0.0000e+00
      9.564     -0.022    10.8912     87.622    190.680 121.184830    -0.1093      7.699   263.0370 1.2376e-01    -0.0828      9.381     13.605     6.7710 0.0000e+00
      9.558     -0.031    10.8405     87.293    191.015 121.401602    -0.1112      7.711   263.2428 1.2375e-01    -0.1160      9.375     13.597     6.7719 0.0000e+00
      9.547     -0.040    10.7883     86.969    191.443 121.677352    -0.1040      7.724   263.3212 1.2375e-01    -0.0092      9.364     13.582     6.7730 0.0000e+00
      9.533     -0.050    10.7343     86.630    191.898 121.970011    -0.0885      7.735   263.8124 1.2377e-01     0.1831      9.349     13.560     6.7742 0.0000e+00
      9.519     -0.058    10.6867     86.280    192.253 122.200035    -0.0740      7.746   264.3637 1.2379e-01     0.2624      9.336     13.539     6.7753 0.0000e+00
      9.505     -0.063    10.6504     85.946    192.692 122.483118    -0.0696      7.757   264.9104 1.2383e-01     0.3007      9.322     13.521     6.7763 0.0000e+00
      9.488     -0.063    10.6104     85.637    193.453 122.971208    -0.0775      7.766   265.0880 1.2389e-01     0.6464      9.306     13.497     6.7774 0.0000e+00
      9.468     -0.058    10.5691     85.344    194.499 123.640668    -0.0949      7.774   265.1342 1.2385e-01     1.1965      9.285     13.467     6.7783 0.0000e+00
      9.449     -0.050    10.5246     85.074    195.881 124.523362    -0.1047      7.781   265.1257 1.2382e-01     1.4530      9.264     13.436     6.7794 0.0000e+00
      9.434     -0.040    10.4820     84.801    197.591 125.613737    -0.1051      7.786   264.8982 1.2383e-01     1.4241      9.248     13.412     6.7805 0.0000e+00
      9.427     -0.029    10.4472     84.523    199.279 126.690704    -0.1153      7.792   264.7933 1.2377e-01     1.2224      9.243     13.406     6.7817 0.0000e+00
      9.426     -0.019    10.4074     84.270    200.706 127.602011    -0.1200      7.797   264.5455 1.2371e-01     0.8930      9.244     13.407     6.7828 0.0000e+00
      9.425     -0.019    10.3780     84.044    201.870 128.346142    -0.1129      7.802   264.5692 1.2372e-01     0.8239      9.243     13.406     6.7837 0.0000e+00
      9.425     -0.036    10.3441     83.838    202.884 128.995015    -0.1034      7.808   265.0803 1.2382e-01     2.2994      9.243     13.406     6.7847 0.0000e+00
      9.424     -0.074    10.3069     83.656    203.801 129.582997    -0.0393      7.815   265.5625 1.2392e-01    18.4603      9.244     13.407     6.7858 0.0000e+00
      9.418     -0.128    10.2771     83.498    204.608 130.100712     0.0722      7.824   265.8398 1.2394e-01    48.0057      9.242     13.405     6.7867 0.0000e+00
      9.391     -0.187    10.2489     83.333    205.388 130.601076     0.1369      7.832   266.0243 1.2386e-01    64.2229      9.223     13.377     6.7877 0.0000e+00
      9.329     -0.240    10.2245     83.153    206.176 131.106631     0.1772      7.838   266.3300 1.2379e-01    66.9379      9.160     13.286     6.7887 0.0000e+00
      9.235     -0.278    10.1998     82.973    207.081 131.687015     0.5352      7.842   266.6970 1.2382e-01    81.2420      9.058     13.138     6.7898 0.0000e+00
      9.135     -0.295    10.1836     82.798    208.179 132.390684     1.2023      7.846   267.0195 1.2386e-01   107.2989      8.952     12.985     6.7910 0.0000e+00
      9.047     -0.291    10.1631     82.644    209.304 133.111616     1.5767      7.851   267.3044 1.2387e-01   121.4897      8.867     12.861     6.7921 0.0000e+00
      8.974     -0.276    10.1396     82.501    210.636 133.964288     1.6079      7.856   267.6459 1.2387e-01   122.7090      8.796     12.758     6.7931 0.0000e+00
      8.915     -0.261    10.1180     82.356    212.532 135.176574     1.5378      7.860   267.8796 1.2389e-01   122.1432      8.736     12.670     6.7943 0.0000e+00
      8.870     -0.249    10.0941     82.244    214.777 136.610661     1.3940      7.864   267.8930 1.2388e-01   120.9002      8.699     12.616     6.7956 0.0000e+00
      8.821     -0.237    10.0760     82.189    216.914 137.976404     1.3013      7.868   267.8944 1.2385e-01   120.0795      8.662     12.562     6.7970 0.0000e+00
      8.750     -0.225    10.0599     82.162    218.913 139.254279     1.3161      7.871   267.9825 1.2384e-01   118.5740      8.587     12.455     6.7984 0.0000e+00
      8.667     -0.216    10.0397     82.171    220.992 140.581733     1.7471      7.872   268.1830 1.2382e-01   102.5275      8.489     12.313     6.7998 0.0000e+00
      8.604     -0.215    10.0222     82.215    222.976 141.844576     2.5506      7.872   268.4263 1.2377e-01    73.0164      8.424     12.218     6.8014 0.0000e+00
      8.571     -0.219    10.0203     82.265    220.451 140.235429     2.9920      7.871   268.6872 1.2372e-01    56.9282      8.403     12.188     6.8029 0.0000e+00
      8.544     -0.228    10.0139     82.337    203.746 129.606353     3.0221      7.869   268.8429 1.2373e-01    55.8829      8.388     12.166     6.8043 0.0000e+00
      8.495     -0.243    10.0137     82.418    172.569 109.773365     2.8894      7.869   268.8457 1.2375e-01    59.8993      8.343     12.100     6.8058 0.0000e+00
      8.420     -0.266    10.0238     82.499    130.037  82.718400     2.6444      7.868   269.0653 1.2379e-01    67.4023      8.261     11.981     6.8058 0.0000e+00
      8.331     -0.291    10.0254     82.619     80.695  51.331623     2.5072      7.867   269.4337 1.2414e-01    71.4501      8.169     11.848     6.8045 0.0000e+00
      8.242     -0.308    10.0374     82.800     46.320  29.464106     2.4867      7.866   269.6856 1.2733e-01    71.2319      8.080     11.720     6.8039 0.0000e+00
      8.159     -0.314    10.0497     83.055     35.026  22.278163     2.5713      7.866   269.8738 1.3630e-01    64.9692      7.998     11.600     6.8039 0.0000e+00
      8.085     -0.315    10.0568     83.155     32.877  20.908905     2.7648      7.866   269.9030 1.4564e-01    53.4575      7.928     11.498     6.8041 0.0000e+00
      8.015     -0.320    10.0733     82.176     32.165  20.454045     2.8776      7.865   269.7799 1.5024e-01    47.1285      7.863     11.405     6.8045 0.0000e+00
      7.939     -0.336    10.0965     79.019     31.873  20.265786     2.8781      7.865   269.6769 1.7074e-01    46.4480      7.788     11.297     6.8036 0.0000e+00
      7.854     -0.360    10.1263     73.559     31.701  20.154390     2.8630      7.866   269.6899 2.1400e-01    45.7084      7.702     11.171     6.8009 0.0000e+00
      7.763     -0.379    10.1853     66.983     31.553  20.058224     2.8778      7.869   269.7645 2.5701e-01    38.6643      7.617     11.047     6.7977 0.0000e+00
      7.658     -0.387    10.1312     61.143     31.448  19.990690     2.9240      7.871   269.8048 3.0819e-01    25.8395      7.519     10.906     6.7941 0.0000e+00
      7.536     -0.383     9.7534     57.603     31.420  19.971880     2.9396      7.871   269.8324 3.6743e-01    18.8112      7.388     10.717     6.7900 0.0000e+00
      7.420     -0.373     9.0316     57.188     31.399  19.957593     2.9336      7.872   269.8406 4.1452e-01    18.0415      7.261     10.533     6.7863 0.0000e+00
      7.333     -0.362     8.1376     60.078     31.380  19.944757     3.0258      7.872   269.8185 4.5702e-01    17.2502      7.183     10.419     6.7835 0.0000e+00
      7.264     -0.353     7.3568     65.943     31.379  19.943487     3.1972      7.871   269.8220 5.0121e-01    15.9742      7.128     10.339     6.7814 0.0000e+00
