Data/DataNotYetUploadedToEDI/Raw_CTD/RawDownloads/031722_fcr50_0001.cnv
* Sea-Bird SBE19plus  Data File:
* FileName = C:\R\Reservoirs\Data\DataNotYetUploadedToEDI\Raw_CTD\RawDownloads\031722_fcr50_0001.hex
* Software version 2.8.0.119
* Temperature SN = 7809
* Conductivity SN = 7809
* System UpLoad Time = Mar 18 2022 10:49:57
* <ApplicationData>
* <Seaterm232>
# nquan = 16
# nvalues = 2840                        
# units = specified
# name 0 = depFM: Depth [fresh water, m]
# name 1 = dz/dtM: Descent Rate [m/s]
# name 2 = orp: Oxidation Reduction Potential [mV]
# name 3 = sbeox0Mg/L: Oxygen, SBE 43 [mg/l]
# name 4 = sbeox0PS: Oxygen, SBE 43 [% saturation]
# name 5 = par/sat/log: PAR/Logarithmic, Satlantic
# name 6 = ph: pH
# name 7 = specc: Specific Conductance [uS/cm]
# name 8 = c0uS/cm: Conductivity [uS/cm]
# name 9 = flECO-AFL: Fluorescence, WET Labs ECO-AFL/FL [mg/m^3]
# name 10 = turbWETntu0: Turbidity, WET Labs ECO [NTU]
# name 11 = tv290C: Temperature [ITS-90, deg C]
# name 12 = density00: Density [density, kg/m^3]
# name 13 = prdE: Pressure, Strain Gauge [psi]
# name 14 = prdM: Pressure, Strain Gauge [db]
# name 15 = flag:  0.000e+00
# span 0 =     -0.700,      9.708       
# span 1 =     -3.857,      3.857       
# span 2 = -1240.7455,  1240.2295       
# span 3 =    -0.3238,    10.9500       
# span 4 =     -2.385,     96.434       
# span 5 = 1.2366e-01, 1.0676e+03       
# span 6 =     -2.856,     11.849       
# span 7 =      0.560,    361.438       
# span 8 =   0.386743, 228.604025       
# span 9 =    -0.3988,    54.7087       
# span 10 =    -1.4831,   105.3822      
# span 11 =     6.6155,    11.8284      
# span 12 =   999.5204,  1000.1008      
# span 13 =     -0.997,     13.809      
# span 14 =     -0.687,      9.521      
# span 15 = 0.0000e+00, 0.0000e+00      
# interval = seconds: 0.25
# start_time = Mar 17 2022 07:12:18 [Instrument's time stamp, header]
# bad_flag = -9.990e-29
*END*
[from data line 1447]
      8.023      0.029   334.9482     8.5855     69.787 1.5184e-01      6.328     37.848  24.050387    12.3224     2.7973     6.7733   999.9669     11.413      7.869 0.0000e+00
      8.026      0.028   334.9468     8.5790     69.603 1.5000e-01      6.329     37.851  24.051163    12.2616     2.7998     6.7720   999.9669     11.413      7.869 0.0000e+00
      8.031      0.028   335.0968     8.5556     69.406 1.4827e-01      6.330     37.855  24.052314    12.1453     2.8047     6.7717   999.9670     11.419      7.873 0.0000e+00
      8.041      0.033   335.3855     8.5421     69.231 1.4667e-01      6.330     37.876  24.064309    12.0895     2.8568     6.7717   999.9671     11.437      7.886 0.0000e+00
      8.051      0.040   335.1688     8.5187     69.131 1.4616e-01      6.330     37.885  24.069443    12.0861     2.8831     6.7708   999.9671     11.453      7.896 0.0000e+00
      8.060      0.049   334.5408     8.4977     69.071 1.5594e-01      6.331     37.855  24.051007    11.9794     2.8490     6.7690   999.9673     11.463      7.903 0.0000e+00
      8.071      0.055   334.3321     8.4744     69.007 1.5743e-01      6.331     37.825  24.031522    11.7817     2.8204     6.7672   999.9674     11.477      7.913 0.0000e+00
      8.087      0.059   334.3657     8.4455     68.919 1.3909e-01      6.330     37.816  24.023989    11.6686     2.8113     6.7656   999.9675     11.500      7.929 0.0000e+00
      8.106      0.063   334.5163     8.4409     68.857 1.3040e-01      6.330     37.819  24.023299    11.6513     2.8073     6.7645   999.9677     11.529      7.949 0.0000e+00
      8.126      0.065   334.9494     8.4316     68.851 1.3518e-01      6.330     37.821  24.023185    11.6723     2.8059     6.7655   999.9677     11.561      7.971 0.0000e+00
      8.143      0.065   335.2149     8.4274     68.836 1.3747e-01      6.330     37.821  24.022609    11.7063     2.7604     6.7658   999.9678     11.584      7.987 0.0000e+00
      8.157      0.063   334.8864     8.4141     68.801 1.3729e-01      6.330     37.811  24.016323    11.7132     2.7344     6.7629   999.9680     11.601      7.999 0.0000e+00
      8.172      0.059   334.2467     8.4020     68.808 1.3346e-01      6.331     37.803  24.010562    11.7221     2.7650     6.7592   999.9682     11.622      8.013 0.0000e+00
      8.188      0.057   333.9341     8.4113     68.968 1.2901e-01      6.331     37.814  24.016323    11.8391     2.7886     6.7570   999.9684     11.646      8.029 0.0000e+00
      8.203      0.054   333.9455     8.4050     69.212 1.3084e-01      6.331     37.825  24.022609    12.0464     2.8155     6.7567   999.9684     11.669      8.046 0.0000e+00
      8.217      0.050   334.1270     8.4041     69.431 1.3218e-01      6.331     37.828  24.023184    12.1549     2.8171     6.7565   999.9685     11.687      8.058 0.0000e+00
      8.230      0.046   334.4067     8.3908     69.569 1.2766e-01      6.331     37.830  24.023279    12.1529     2.8072     6.7557   999.9686     11.704      8.070 0.0000e+00
      8.241      0.045   334.5742     8.4193     69.583 1.2493e-01      6.331     37.831  24.023751    12.1562     2.7984     6.7547   999.9687     11.723      8.083 0.0000e+00
      8.250      0.049   334.5172     8.4566     69.589 1.2894e-01      6.332     37.840  24.028894    12.2779     2.7794     6.7532   999.9688     11.736      8.092 0.0000e+00
      8.256      0.056   334.2340     8.4787     69.619 1.3333e-01      6.332     37.830  24.022085    12.4915     2.7825     6.7513   999.9689     11.741      8.095 0.0000e+00
      8.267      0.062   333.9897     8.5098     69.672 1.3051e-01      6.332     37.803  24.004800    12.6004     2.7671     6.7499   999.9690     11.752      8.104 0.0000e+00
      8.287      0.065   333.9718     8.4933     69.741 1.2556e-01      6.332     37.812  24.010039    12.6117     2.7642     6.7493   999.9692     11.783      8.124 0.0000e+00
      8.314      0.066   334.0188     8.5001     69.724 1.2403e-01      6.334     37.833  24.022043    12.6369     2.8166     6.7492   999.9693     11.827      8.154 0.0000e+00
      8.338      0.065   334.0415     8.5032     69.625 1.2381e-01      6.335     37.838  24.023186    12.6718     2.8191     6.7484   999.9695     11.866      8.180 0.0000e+00
      8.353      0.060   334.0737     8.5052     69.514 1.2374e-01      6.335     37.842  24.023858    12.6761     2.7603     6.7485   999.9695     11.884      8.192 0.0000e+00
      8.361      0.054   334.2361     8.5259     69.452 1.2379e-01      6.334     37.854  24.030163    12.6558     2.7208     6.7486   999.9695     11.890      8.198 0.0000e+00
      8.369      0.050   334.4562     8.5190     69.467 1.2390e-01      6.334     37.865  24.036050    12.6015     2.7169     6.7459   999.9697     11.902      8.206 0.0000e+00
      8.380      0.051   334.4985     8.5065     69.532 1.2396e-01      6.334     37.859  24.031651    12.5105     2.7472     6.7428   999.9699     11.918      8.217 0.0000e+00
      8.394      0.059   334.4890     8.4892     69.571 1.2440e-01      6.334     37.874  24.040346    12.4539     2.7800     6.7409   999.9700     11.937      8.231 0.0000e+00
      8.409      0.071   334.4275     8.4816     69.555 1.2483e-01      6.333     37.935  24.077805    12.4415     2.8063     6.7390   999.9702     11.960      8.246 0.0000e+00
      8.426      0.083   334.2713     8.4836     69.517 1.2442e-01      6.332     37.979  24.104300    12.4945     2.8607     6.7373   999.9703     11.982      8.261 0.0000e+00
      8.447      0.091   334.1494     8.4974     69.495 1.2399e-01      6.332     37.987  24.107180    12.6119     2.9252     6.7365   999.9705     12.010      8.280 0.0000e+00
      8.477      0.091   334.5019     8.5031     69.485 1.2394e-01      6.332     37.999  24.112625    12.6786     2.9710     6.7362   999.9706     12.054      8.311 0.0000e+00
      8.510      0.084   335.3491     8.4992     69.429 1.2386e-01      6.332     37.991  24.106760    12.6679     3.0041     6.7351   999.9709     12.106      8.347 0.0000e+00
      8.538      0.071   335.6172     8.4933     69.244 1.2381e-01      6.333     37.979  24.099649    12.5409     3.0189     6.7327   999.9712     12.150      8.377 0.0000e+00
      8.554      0.055   335.2486     8.4904     68.885 1.2378e-01      6.333     37.961  24.090021    12.3330     3.0131     6.7296   999.9713     12.172      8.393 0.0000e+00
      8.560      0.036   335.1090     8.4945     68.464 1.2379e-01      6.334     37.901  24.053728    12.2361     3.0025     6.7262   999.9715     12.177      8.396 0.0000e+00
      8.561      0.019   335.0470     8.4892     68.083 1.2381e-01      6.334     37.878  24.041101    12.2256     2.9927     6.7236   999.9716     12.176      8.395 0.0000e+00
      8.562      0.009   334.7567     8.4742     67.768 1.2381e-01      6.335     37.912  24.064098    12.1891     2.9632     6.7250   999.9715     12.177      8.396 0.0000e+00
      8.562      0.004   334.6111     8.4190     67.568 1.2383e-01      6.336     37.932  24.078279    12.0039     2.9536     6.7289   999.9714     12.178      8.397 0.0000e+00
      8.562      0.004   335.0936     8.3625     67.496 1.2383e-01      6.336     37.942  24.085800    11.6842     2.9790     6.7314   999.9712     12.178      8.397 0.0000e+00
      8.562      0.008   335.8582     8.3180     67.553 1.2383e-01      6.336     37.950  24.091664    11.5027     2.9961     6.7333   999.9712     12.178      8.397 0.0000e+00
      8.563      0.015   336.1126     8.2727     67.718 1.2383e-01      6.337     37.940  24.085798    11.4745     2.9901     6.7359   999.9711     12.179      8.397 0.0000e+00
      8.566      0.024   336.1045     8.2502     67.891 1.2380e-01      6.338     37.927  24.078258    11.3769     2.9743     6.7383   999.9710     12.181      8.398 0.0000e+00
      8.572      0.035   336.0183     8.2407     67.986 1.2375e-01      6.338     37.903  24.063874    11.1963     3.0101     6.7386   999.9710     12.189      8.404 0.0000e+00
      8.583      0.045   335.6721     8.2466     68.026 1.2375e-01      6.338     37.861  24.038637    11.0959     3.0466     6.7382   999.9711     12.205      8.416 0.0000e+00
      8.598      0.054   335.4467     8.2726     68.068 1.2378e-01      6.338     37.838  24.026632    11.0875     3.0058     6.7403   999.9711     12.228      8.431 0.0000e+00
      8.616      0.059   335.7022     8.2987     68.132 1.2377e-01      6.338     37.867  24.045477    11.1032     2.9614     6.7418   999.9711     12.256      8.450 0.0000e+00
      8.634      0.061   336.2658     8.3077     68.178 1.2377e-01      6.338     37.916  24.076361    11.1268     2.9875     6.7415   999.9712     12.282      8.468 0.0000e+00
      8.651      0.059   336.6692     8.3092     68.165 1.2382e-01      6.338     37.926  24.083171    11.1403     3.0488     6.7439   999.9711     12.303      8.483 0.0000e+00
      8.666      0.054   336.7928     8.3122     68.125 1.2381e-01      6.338     37.897  24.064430    11.1587     3.0538     6.7483   999.9710     12.326      8.499 0.0000e+00
      8.679      0.049   336.7286     8.3221     68.123 1.2374e-01      6.338     37.862  24.039893    11.3067     2.9797     6.7492   999.9710     12.346      8.512 0.0000e+00
      8.689      0.045   336.6667     8.3309     68.176 1.2379e-01      6.339     37.871  24.040008    11.5903     2.9378     6.7485   999.9712     12.359      8.521 0.0000e+00
      8.698      0.044   336.6468     8.3270     68.262 1.2387e-01      6.339     37.921  24.065813    11.7581     2.9913     6.7491   999.9712     12.370      8.530 0.0000e+00
      8.708      0.045   336.4882     8.3179     68.309 1.2391e-01      6.339     37.980  24.098382    11.7955     3.0463     6.7487   999.9712     12.384      8.538 0.0000e+00
      8.719      0.048   336.2982     8.3190     68.274 1.2391e-01      6.340     38.013  24.116916    12.0173     3.0553     6.7461   999.9713     12.400      8.550 0.0000e+00
      8.731      0.053   336.3277     8.3266     68.164 1.2391e-01      6.341     37.989  24.099756    12.4176     3.0322     6.7385   999.9717     12.417      8.562 0.0000e+00
      8.745      0.057   336.5869     8.3435     67.960 1.2392e-01      6.341     37.961  24.081035    12.6408     3.0062     6.7286   999.9723     12.437      8.575 0.0000e+00
      8.761      0.061   336.9382     8.3537     67.685 1.2395e-01      6.341     37.964  24.080699    12.6760     3.0147     6.7226   999.9726     12.461      8.591 0.0000e+00
      8.779      0.064   337.2189     8.3460     67.389 1.2395e-01      6.342     37.993  24.095680    12.6855     2.9984     6.7199   999.9728     12.486      8.609 0.0000e+00
      8.796      0.066   337.3143     8.3374     67.138 1.2389e-01      6.342     38.063  24.135417    12.7565     2.9461     6.7182   999.9729     12.512      8.627 0.0000e+00
      8.813      0.066   336.8861     8.3101     66.994 1.2380e-01      6.342     38.140  24.180891    12.9096     2.9286     6.7170   999.9731     12.535      8.642 0.0000e+00
      8.829      0.065   336.0848     8.2746     66.903 1.2379e-01      6.341     38.177  24.201851    12.9969     2.9567     6.7148   999.9732     12.557      8.657 0.0000e+00
      8.848      0.062   335.8007     8.2383     66.783 1.2384e-01      6.340     38.174  24.198718    12.9880     2.9787     6.7091   999.9736     12.584      8.677 0.0000e+00
      8.865      0.059   335.9465     8.2023     66.575 1.2384e-01      6.340     38.187  24.206388    12.8025     2.9901     6.7024   999.9741     12.611      8.695 0.0000e+00
      8.879      0.057   336.2125     8.1912     66.239 1.2385e-01      6.340     38.227  24.231205    12.4594     3.0262     6.6977   999.9743     12.631      8.709 0.0000e+00
      8.891      0.056   336.6079     8.1844     65.843 1.2387e-01      6.340     38.250  24.245259    12.2768     3.0397     6.6950   999.9744     12.646      8.719 0.0000e+00
      8.904      0.056   336.7687     8.1707     65.506 1.2381e-01      6.340     38.256  24.249550    12.2754     2.9819     6.6938   999.9745     12.664      8.731 0.0000e+00
      8.917      0.059   336.2639     8.1504     65.255 1.2371e-01      6.341     38.309  24.283091    12.3842     2.9076     6.6931   999.9746     12.683      8.744 0.0000e+00
      8.931      0.066   335.4088     8.1051     65.068 1.2371e-01      6.342     38.390  24.333911    12.5854     2.8933     6.6925   999.9748     12.701      8.757 0.0000e+00
      8.947      0.072   335.1200     8.0487     64.910 1.2381e-01      6.342     38.428  24.356989    12.7031     2.9463     6.6922   999.9748     12.723      8.772 0.0000e+00
      8.967      0.076   335.2672     8.0085     64.735 1.2388e-01      6.342     38.453  24.371998    12.7166     3.0012     6.6919   999.9749     12.752      8.792 0.0000e+00
      8.991      0.077   335.3813     7.9793     64.565 1.2386e-01      6.342     38.481  24.388623    12.6316     2.9765     6.6917   999.9751     12.789      8.818 0.0000e+00
      9.014      0.077   335.7262     7.9559     64.365 1.2382e-01      6.342     38.550  24.431233    12.4668     2.9219     6.6917   999.9753     12.826      8.843 0.0000e+00
      9.034      0.074   336.1675     7.9424     64.045 1.2379e-01      6.342     38.673  24.506926    12.3799     2.9208     6.6907   999.9754     12.852      8.862 0.0000e+00
      9.050      0.069   335.8980     7.9173     63.627 1.2378e-01      6.342     38.735  24.543278    12.3727     2.9638     6.6888   999.9756     12.870      8.874 0.0000e+00
      9.067      0.061   335.1358     7.8971     63.175 1.2383e-01      6.342     38.758  24.553859    12.2715     3.0660     6.6872   999.9757     12.895      8.891 0.0000e+00
      9.084      0.056   334.7804     7.8822     62.758 1.2385e-01      6.342     38.791  24.571486    12.0626     3.1655     6.6861   999.9758     12.923      8.910 0.0000e+00
      9.099      0.054   334.7854     7.8385     62.411 1.2380e-01      6.342     38.786  24.566259    11.9361     3.1755     6.6842   999.9761     12.945      8.926 0.0000e+00
      9.108      0.054   334.8513     7.7863     62.021 1.2376e-01      6.342     38.768  24.554038    11.9237     3.1872     6.6794   999.9763     12.956      8.933 0.0000e+00
      9.116      0.055   334.9746     7.7300     61.491 1.2378e-01      6.342     38.763  24.550486    11.9302     3.2397     6.6732   999.9766     12.962      8.937 0.0000e+00
      9.131      0.059   335.1577     7.6743     60.886 1.2383e-01      6.342     38.719  24.523302    11.8564     3.2291     6.6691   999.9769     12.984      8.952 0.0000e+00
      9.150      0.064   335.3450     7.6402     60.301 1.2385e-01      6.342     38.646  24.478878    11.6964     3.1613     6.6670   999.9770     13.016      8.974 0.0000e+00
      9.168      0.070   335.3469     7.6003     59.792 1.2386e-01      6.342     38.607  24.457004    11.6026     3.1371     6.6657   999.9772     13.042      8.992 0.0000e+00
      9.185      0.074   335.1801     7.5281     59.405 1.2385e-01      6.343     38.592  24.448965    11.5961     3.1758     6.6655   999.9773     13.062      9.006 0.0000e+00
      9.205      0.075   335.0494     7.4509     59.162 1.2386e-01      6.343     38.585  24.445070    11.6175     3.2874     6.6667   999.9773     13.091      9.026 0.0000e+00
      9.228      0.075   334.9712     7.3765     59.071 1.2389e-01      6.342     38.630  24.473281    11.6450     3.4283     6.6693   999.9773     13.126      9.050 0.0000e+00
      9.248      0.075   334.8360     7.3113     59.194 1.2384e-01      6.342     38.730  24.536555    11.6463     3.4773     6.6726   999.9772     13.156      9.071 0.0000e+00
      9.265      0.072   334.7057     7.2628     59.557 1.2378e-01      6.341     38.795  24.576311    11.6404     3.4706     6.6752   999.9772     13.177      9.085 0.0000e+00
