Data/DataNotYetUploadedToEDI/Raw_CTD/RawDownloads/031725_fcr50_S7809001.cnv
* Sea-Bird SBE19plus  Data File:
* FileName = C:\R\Reservoirs\Data\DataNotYetUploadedToEDI\Raw_CTD\RawDownloads\031725_fcr50_S7809_0001.hex
* Software version 2.8.0.119
* Temperature SN = 7809
* Conductivity SN = 7809
* System UpLoad Time = Mar 25 2025 10:59:07
* <ApplicationData>
* <Seaterm232>
# nquan = 15
# nvalues = 1735                        
# units = specified
# name 0 = depFM: Depth [fresh water, m]
# name 1 = dz/dtM: Descent Rate [m/s]
# name 2 = sbeox0Mg/L: Oxygen, SBE 43 [mg/l]
# name 3 = sbeox0PS: Oxygen, SBE 43 [% saturation]
# name 4 = specc: Specific Conductance [uS/cm]
# name 5 = c0uS/cm: Conductivity [uS/cm]
# name 6 = flECO-AFL: Fluorescence, WET Labs ECO-AFL/FL [mg/m^3]
# name 7 = ph: pH
# name 8 = orp: Oxidation Reduction Potential [mV]
# name 9 = par/sat/log: PAR/Logarithmic, Satlantic
# name 10 = turbWETntu0: Turbidity, WET Labs ECO [NTU]
# name 11 = prdM: Pressure, Strain Gauge [db]
# name 12 = prdE: Pressure, Strain Gauge [psi]
# name 13 = tv290C: Temperature [ITS-90, deg C]
# name 14 = flag:  0.000e+00
# span 0 =     -0.687,      9.572       
# span 1 =     -0.490,      2.978       
# span 2 =     6.3511,    12.9825       
# span 3 =     56.988,    106.302       
# span 4 =     -0.332,    222.976       
# span 5 =  -0.215736, 141.844576       
# span 6 =    -1.6253,     6.5036       
# span 7 =     -2.644,     13.921       
# span 8 = -1240.7455,  1240.2295       
# span 9 = 1.2365e-01, 2.0604e+03       
# span 10 =    -0.1337,   136.8330      
# span 11 =     -0.674,      9.390      
# span 12 =     -0.978,     13.619      
# span 13 =     6.7299,    11.3262      
# span 14 = 0.0000e+00, 0.0000e+00      
# interval = seconds: 0.25
# start_time = Mar 17 2025 10:20:19 [Instrument's time stamp, header]
# bad_flag = -9.990e-29
*END*
[from data line 579]
     -0.229      0.042    10.4148     95.033     31.093  22.451663     1.5836      6.914   187.6095 1.0237e+03     4.8830     -0.223     -0.323    11.0208 0.0000e+00
     -0.215      0.039    10.3664     96.628     31.068  22.439996     1.5684      6.915   187.3403 1.0722e+03     4.8887     -0.210     -0.304    11.0610 0.0000e+00
     -0.205      0.034    10.3408     98.181     31.043  22.427304     1.5589      6.922   186.0952 1.1175e+03     4.8607     -0.200     -0.289    11.0872 0.0000e+00
     -0.199      0.026    10.3445     98.997     31.035  22.425027     1.5677      6.930   186.3217 1.1667e+03     4.8851     -0.194     -0.280    11.0921 0.0000e+00
     -0.196      0.018    10.4056     99.203     31.013  22.412469     1.5751      6.939   188.1851 1.2159e+03     4.9443     -0.192     -0.278    11.0990 0.0000e+00
     -0.193      0.014    10.6328     98.934     30.994  22.402290     1.5741      6.950   189.0085 1.2638e+03     4.9278     -0.190     -0.274    11.1148 0.0000e+00
     -0.191      0.015    10.8366     98.046     31.029  22.428785     1.5800      6.960   188.0179 1.3174e+03     4.9244     -0.187     -0.271    11.1213 0.0000e+00
     -0.189      0.022    10.9043     96.542     31.102  22.479178     1.6046      6.962   187.3066 1.3614e+03     5.0066     -0.185     -0.270    11.1243 0.0000e+00
     -0.188      0.030    10.9178     94.569     31.143  22.504298     1.6310      6.957   188.2380 1.3869e+03     5.0327     -0.185     -0.269    11.1312 0.0000e+00
     -0.183      0.036    10.9024     92.468     31.113  22.478867     1.6323      6.949   188.8684 1.2256e+03     4.9664     -0.186     -0.269    11.1380 0.0000e+00
     -0.165      0.038    10.7984     90.718     31.041  22.425328     1.6207      6.944   188.3903 9.7210e+02     4.9225     -0.165     -0.239    11.1421 0.0000e+00
     -0.144      0.037    10.6302     89.437     30.952  22.364244     1.6240      6.945   188.5659 9.6083e+02     4.9470     -0.135     -0.195    11.1374 0.0000e+00
     -0.132      0.032    10.4065     88.451     30.867  22.311003     1.6469      6.952   189.5291 9.7636e+02     4.9883     -0.125     -0.182    11.1272 0.0000e+00
     -0.130      0.023    10.1474     87.719     30.827  22.288873     1.6561      6.961   190.4001 9.5923e+02     4.9785     -0.127     -0.185    11.1205 0.0000e+00
     -0.130      0.013     9.9551     87.305     30.818  22.286912     1.6350      6.971   191.3522 1.1068e+03     4.8965     -0.128     -0.184    11.1161 0.0000e+00
     -0.130      0.005     9.8253     87.104     30.814  22.287291     1.6163      6.982   192.5235 1.2353e+03     4.8170     -0.127     -0.185    11.1227 0.0000e+00
     -0.130      0.002     9.7141     86.924     30.820  22.293457     1.6132      6.994   193.7206 1.2831e+03     4.8027     -0.127     -0.184    11.1379 0.0000e+00
     -0.129      0.003     9.6235     86.725     30.825  22.298067     1.6143      7.005   194.8137 1.2858e+03     4.7929     -0.127     -0.184    11.1497 0.0000e+00
     -0.128      0.004     9.5819     86.535     30.804  22.279611     1.6050      7.015   195.5882 1.2080e+03     4.7314     -0.126     -0.182    11.1576 0.0000e+00
     -0.128      0.007     9.5704     86.347     30.787  22.260536     1.5843      7.021   196.2881 1.1580e+03     4.6742     -0.126     -0.182    11.1630 0.0000e+00
     -0.127      0.009     9.5491     86.181     30.790  22.257648     1.5801      7.025   197.3388 1.1500e+03     4.6829     -0.126     -0.183    11.1644 0.0000e+00
     -0.124      0.011     9.5239     86.044     30.775  22.244691     1.5876      7.029   198.2258 1.1746e+03     4.6990     -0.122     -0.177    11.1671 0.0000e+00
     -0.119      0.011     9.5065     85.914     30.763  22.230686     1.5831      7.034   198.4085 1.2255e+03     4.6642     -0.115     -0.167    11.1648 0.0000e+00
     -0.114      0.010     9.4870     85.787     30.751  22.215126     1.5843      7.039   198.5161 1.2091e+03     4.6719     -0.111     -0.160    11.1480 0.0000e+00
     -0.112      0.008     9.4707     85.641     30.711  22.183369     1.6013      7.046   199.8704 1.1400e+03     4.7580     -0.110     -0.159    11.1385 0.0000e+00
     -0.112      0.005     9.4564     85.407     30.682  22.163760     1.6151      7.054   202.1349 1.0859e+03     4.8178     -0.110     -0.159    11.1415 0.0000e+00
     -0.111      0.002     9.4448     85.049     30.686  22.168255     1.6010      7.062   203.4404 1.0675e+03     4.7798     -0.109     -0.158    11.1312 0.0000e+00
     -0.111      0.000     9.4335     84.556     30.693  22.174314     1.5722      7.069   203.8673 1.0917e+03     4.6741     -0.109     -0.159    11.1130 0.0000e+00
     -0.111 4.9665e-07     9.4236     83.984     30.698  22.173613     1.5747      7.075   203.9415 1.1312e+03     4.6674     -0.109     -0.158    11.1111 0.0000e+00
     -0.111      0.000     9.3962     83.437     30.692  22.159779     1.5973      7.083   203.7349 1.1334e+03     4.7329     -0.109     -0.159    11.1159 0.0000e+00
     -0.111      0.000     9.3576     82.911     30.665  22.133849     1.5963      7.093   203.6926 1.1437e+03     4.6794     -0.109     -0.159    11.1185 0.0000e+00
     -0.111      0.001     9.3016     82.370     30.637  22.113726     1.5794      7.101   204.2036 1.1685e+03     4.6020     -0.110     -0.159    11.1242 0.0000e+00
     -0.111      0.002     9.2311     81.813     30.626  22.106703     1.5929      7.109   205.4393 1.1302e+03     4.6512     -0.109     -0.158    11.1176 0.0000e+00
     -0.111      0.003     9.1797     81.249     30.635  22.112343     1.6347      7.116   206.5883 1.0815e+03     4.7615     -0.109     -0.158    11.0944 0.0000e+00
     -0.111      0.005     9.1255     80.717     30.646  22.118517     1.6435      7.121   207.2560 1.0659e+03     4.7741     -0.109     -0.158    11.0832 0.0000e+00
     -0.109      0.006     9.0644     80.187     30.649  22.117935     1.6166      7.126   207.8333 1.0064e+03     4.7021     -0.108     -0.156    11.0859 0.0000e+00
     -0.106      0.006     9.0039     79.594     30.639  22.105302     1.6168      7.131   208.4915 9.0760e+02     4.7098     -0.104     -0.151    11.0889 0.0000e+00
     -0.104      0.006     8.9380     78.980     30.630  22.092582     1.6465      7.135   209.1054 9.2106e+02     4.7651     -0.101     -0.147    11.0888 0.0000e+00
     -0.102      0.005     8.8815     78.418     30.634  22.090953     1.6501      7.137   209.4913 1.0631e+03     4.7219     -0.100     -0.145    11.0847 0.0000e+00
     -0.101      0.004     8.8296     77.901     30.630  22.085598     1.6271      7.140   209.1142 1.1379e+03     4.6318     -0.099     -0.144    11.0811 0.0000e+00
     -0.101      0.002     8.7624     77.410     30.640  22.091238     1.6107      7.144   208.5033 1.1314e+03     4.6314     -0.099     -0.143    11.0727 0.0000e+00
     -0.101      0.001     8.6932     76.946     30.650  22.095745     1.5929      7.148   208.8161 1.0929e+03     4.7171     -0.099     -0.143    11.0590 0.0000e+00
     -0.100      0.000     8.6344     76.505     30.628  22.076680     1.5616      7.153   209.1962 1.1111e+03     4.7461     -0.098     -0.142    11.0523 0.0000e+00
     -0.100 8.8115e-07     8.5793     76.098     30.598  22.050940     1.5316      7.159   209.1417 1.1891e+03     4.6742     -0.098     -0.143    11.0504 0.0000e+00
     -0.101      0.000     8.5242     75.738     30.586  22.038154     1.5134      7.165   209.3622 1.0988e+03     4.6677     -0.099     -0.144    11.0471 0.0000e+00
     -0.101      0.000     8.4757     75.406     30.607  22.048898     1.5163      7.170   209.8835 1.0269e+03     4.8040     -0.099     -0.144    11.0430 0.0000e+00
     -0.101      0.001     8.4268     75.059     30.619  22.054024     1.5341      7.175   209.4220 1.0983e+03     4.9561     -0.100     -0.144    11.0369 0.0000e+00
     -0.101      0.003     8.3831     74.713     30.599  22.036724     1.5373      7.179   207.9114 1.0263e+03     4.9697     -0.100     -0.144    11.0299 0.0000e+00
     -0.100      0.004     8.3448     74.414     30.594  22.029941     1.5294      7.184   207.2786 9.6522e+02     4.9007     -0.098     -0.143    11.0235 0.0000e+00
     -0.098      0.005     8.3126     74.140     30.609  22.035419     1.5557      7.189   207.2762 1.0870e+03     4.9063     -0.096     -0.139    11.0165 0.0000e+00
     -0.096      0.007     8.2755     73.864     30.623  22.039546     1.6130      7.193   207.1083 1.1668e+03     4.9695     -0.095     -0.137    11.0098 0.0000e+00
     -0.095      0.011     8.2329     73.582     30.688  22.079831     1.6398      7.190   207.6578 1.1216e+03     4.9819     -0.094     -0.136    11.0070 0.0000e+00
     -0.095      0.015     8.2040     73.337     30.783  22.142048     1.6293      7.184   208.7583 1.0448e+03     4.9195     -0.093     -0.135    11.0036 0.0000e+00
     -0.092      0.018     8.1765     73.176     30.813  22.157713     1.6279      7.179   209.4870 1.0296e+03     4.8984     -0.093     -0.134    10.9925 0.0000e+00
     -0.084      0.019     8.1484     73.027     30.807  22.142412     1.6479      7.176   209.5850 1.0126e+03     4.9658     -0.085     -0.122    10.9819 0.0000e+00
     -0.074      0.018     8.1181     72.848     30.831  22.147262     1.6638      7.175   209.0827 9.6239e+02     5.0173     -0.071     -0.102    10.9728 0.0000e+00
     -0.067      0.015     8.0880     72.730     30.851  22.152926     1.6624      7.175   208.6623 1.0607e+03     4.9739     -0.064     -0.092    10.9616 0.0000e+00
     -0.066      0.011     8.0764     72.675     30.848  22.147469     1.6559      7.176   208.8040 1.5767e+03     4.8508     -0.064     -0.093    10.9549 0.0000e+00
     -0.067      0.006     8.0686     72.648     30.847  22.144691     1.6590      7.177   208.9893 1.9069e+03     4.7589     -0.066     -0.095    10.9371 0.0000e+00
     -0.067      0.002     8.0437     72.659     30.814  22.119336     1.6595      7.179   209.0967 1.4564e+03     4.7509     -0.066     -0.096    10.9100 0.0000e+00
     -0.067      0.001     8.0361     72.678     30.781  22.094540     1.6443      7.181   209.5858 1.0794e+03     4.7204     -0.066     -0.096    10.8974 0.0000e+00
     -0.067      0.001     8.0332     72.676     30.787  22.098523     1.6331      7.183   210.9449 1.2954e+03     4.6629     -0.066     -0.095    10.8960 0.0000e+00
     -0.066      0.002     8.0273     72.662     30.797  22.104077     1.6486      7.184   212.6233 1.4884e+03     4.7386     -0.065     -0.095    10.8915 0.0000e+00
     -0.065      0.002     8.0329     72.647     30.790  22.098284     1.6831      7.187   213.2739 1.2599e+03     4.9186     -0.064     -0.093    10.8875 0.0000e+00
     -0.065      0.002     8.0357     72.594     30.783  22.091889     1.6996      7.191   213.3054 1.0861e+03     4.9942     -0.064     -0.093    10.8877 0.0000e+00
     -0.065      0.002     8.0354     72.485     30.783  22.090169     1.6903      7.194   213.2622 1.1466e+03     4.9699     -0.064     -0.092    10.8863 0.0000e+00
     -0.064      0.002     8.0323     72.342     30.769  22.077488     1.7044      7.197   213.0097 1.1110e+03     4.9315     -0.063     -0.092    10.8846 0.0000e+00
     -0.064      0.002     8.0337     72.175     30.755  22.065374     1.7532      7.201   213.2636 1.0535e+03     4.8038     -0.063     -0.092    10.8837 0.0000e+00
     -0.063      0.002     8.0294     72.001     30.766  22.070509     1.7804      7.205   214.6114 1.0783e+03     4.6894     -0.062     -0.090    10.8813 0.0000e+00
     -0.062      0.001     8.0157     71.831     30.778  22.076169     1.7676      7.209   216.4859 1.2398e+03     4.7102     -0.061     -0.089    10.8773 0.0000e+00
     -0.062      0.001     8.0014     71.639     30.775  22.070385     1.7399      7.213   217.6874 1.4048e+03     4.7484     -0.060     -0.087    10.8738 0.0000e+00
     -0.062      0.001     7.9825     71.419     30.771  22.063991     1.7203      7.217   218.2122 1.2276e+03     4.7754     -0.061     -0.087    10.8707 0.0000e+00
     -0.062      0.000     7.9629     71.223     30.774  22.062268     1.7125      7.220   218.3571 1.0808e+03     4.7293     -0.062     -0.089    10.8661 0.0000e+00
     -0.062 1.8516e-08     7.9467     71.046     30.761  22.049540     1.7045      7.224   218.2342 1.2353e+03     4.6345     -0.061     -0.089    10.8614 0.0000e+00
     -0.062 2.0367e-07     7.9281     70.846     30.749  22.036915     1.7325      7.227   218.3610 1.2362e+03     4.7234     -0.061     -0.088    10.8556 0.0000e+00
     -0.062 1.8981e-07     7.9007     70.638     30.754  22.036429     1.8010      7.231   218.6864 1.1298e+03     4.9154     -0.060     -0.087    10.8488 0.0000e+00
     -0.062 3.7255e-08     7.8800     70.433     30.769  22.043661     1.8338      7.234   218.7270 1.1830e+03     5.0094     -0.061     -0.088    10.8437 0.0000e+00
     -0.061 4.0981e-07     7.8660     70.232     30.797  22.060945     1.8208      7.239   218.5073 1.2054e+03     5.0057     -0.060     -0.087    10.8384 0.0000e+00
     -0.061      0.000     7.8417     70.030     30.793  22.055181     1.7854      7.243   218.7832 1.1167e+03     4.9038     -0.060     -0.087    10.8309 0.0000e+00
     -0.062      0.000     7.8207     69.815     30.773  22.037374     1.7552      7.245   219.6533 9.9471e+02     4.8026     -0.060     -0.088    10.8238 0.0000e+00
     -0.062      0.001     7.7988     69.620     30.774  22.035859     1.7556      7.247   220.3382 9.2275e+02     4.7726     -0.061     -0.088    10.8194 0.0000e+00
     -0.062      0.001     7.7766     69.450     30.779  22.036870     1.7562      7.250   220.6963 1.0597e+03     4.7120     -0.060     -0.088    10.8143 0.0000e+00
     -0.061      0.001     7.7580     69.279     30.802  22.049590     1.7463      7.254   221.0584 1.2202e+03     4.6500     -0.059     -0.086    10.8089 0.0000e+00
     -0.060      0.001     7.7313     69.089     30.827  22.062833     1.7611      7.257   221.2749 1.1262e+03     4.6729     -0.059     -0.085    10.8033 0.0000e+00
     -0.060      0.001     7.7112     68.878     30.843  22.070170     1.8099      7.260   220.5608 9.2594e+02     4.7496     -0.058     -0.085    10.7995 0.0000e+00
     -0.060      0.001     7.6943     68.663     30.853  22.074885     1.8456      7.263   219.1348 8.6614e+02     4.7579     -0.059     -0.086    10.7973 0.0000e+00
     -0.060      0.001     7.6767     68.456     30.832  22.056440     1.8434      7.265   218.4887 8.5828e+02     4.6702     -0.058     -0.085    10.7906 0.0000e+00
     -0.059      0.001     7.6578     68.245     30.811  22.037366     1.8411      7.266   218.5995 7.8216e+02     4.6459     -0.058     -0.084    10.7824 0.0000e+00
     -0.059      0.001     7.6344     68.024     30.812  22.034485     1.8601      7.268   218.7532 9.1787e+02     4.7033     -0.057     -0.083    10.7759 0.0000e+00
     -0.059      0.001     7.6105     67.822     30.797  22.021605     1.8645      7.270   219.3144 1.1365e+03     4.7153     -0.058     -0.084    10.7714 0.0000e+00
     -0.059      0.001     7.5889     67.642     30.782  22.008452     1.8532      7.270   220.2227 1.0194e+03     4.6880     -0.057     -0.083    10.7668 0.0000e+00
     -0.058      0.001     7.5685     67.463     30.779  22.002257     1.8401      7.271   220.1861 8.9063e+02     4.6806     -0.057     -0.082    10.7594 0.0000e+00
     -0.058      0.001     7.5420     67.285     30.796  22.010108     1.8217      7.274   219.1294 9.2928e+02     4.7286     -0.056     -0.082    10.7531 0.0000e+00
     -0.057      0.001     7.5205     67.114     30.842  22.039970     1.8222      7.275   218.5458 8.8374e+02     4.7901     -0.056     -0.081    10.7514 0.0000e+00
     -0.057      0.001     7.5024     66.951     30.853  22.046268     1.8302      7.276   218.6353 8.2504e+02     4.7406     -0.056     -0.081    10.7477 0.0000e+00
