Data/DataNotYetUploadedToEDI/Raw_CTD/RawDownloads/031722_fcr50_0001.cnv
* Sea-Bird SBE19plus  Data File:
* FileName = C:\R\Reservoirs\Data\DataNotYetUploadedToEDI\Raw_CTD\RawDownloads\031722_fcr50_0001.hex
* Software version 2.8.0.119
* Temperature SN = 7809
* Conductivity SN = 7809
* System UpLoad Time = Mar 18 2022 10:49:57
* <ApplicationData>
* <Seaterm232>
# nquan = 16
# nvalues = 2840                        
# units = specified
# name 0 = depFM: Depth [fresh water, m]
# name 1 = dz/dtM: Descent Rate [m/s]
# name 2 = orp: Oxidation Reduction Potential [mV]
# name 3 = sbeox0Mg/L: Oxygen, SBE 43 [mg/l]
# name 4 = sbeox0PS: Oxygen, SBE 43 [% saturation]
# name 5 = par/sat/log: PAR/Logarithmic, Satlantic
# name 6 = ph: pH
# name 7 = specc: Specific Conductance [uS/cm]
# name 8 = c0uS/cm: Conductivity [uS/cm]
# name 9 = flECO-AFL: Fluorescence, WET Labs ECO-AFL/FL [mg/m^3]
# name 10 = turbWETntu0: Turbidity, WET Labs ECO [NTU]
# name 11 = tv290C: Temperature [ITS-90, deg C]
# name 12 = density00: Density [density, kg/m^3]
# name 13 = prdE: Pressure, Strain Gauge [psi]
# name 14 = prdM: Pressure, Strain Gauge [db]
# name 15 = flag:  0.000e+00
# span 0 =     -0.700,      9.708       
# span 1 =     -3.857,      3.857       
# span 2 = -1240.7455,  1240.2295       
# span 3 =    -0.3238,    10.9500       
# span 4 =     -2.385,     96.434       
# span 5 = 1.2366e-01, 1.0676e+03       
# span 6 =     -2.856,     11.849       
# span 7 =      0.560,    361.438       
# span 8 =   0.386743, 228.604025       
# span 9 =    -0.3988,    54.7087       
# span 10 =    -1.4831,   105.3822      
# span 11 =     6.6155,    11.8284      
# span 12 =   999.5204,  1000.1008      
# span 13 =     -0.997,     13.809      
# span 14 =     -0.687,      9.521      
# span 15 = 0.0000e+00, 0.0000e+00      
# interval = seconds: 0.25
# start_time = Mar 17 2022 07:12:18 [Instrument's time stamp, header]
# bad_flag = -9.990e-29
*END*
     -0.700 5.0941e-40 -1240.7455    10.2901     95.076 3.7951e+02      3.609      2.172   1.599183    -0.1292    -0.0820    11.8159   999.5219     -0.995     -0.686 0.0000e+00
     -0.700 5.6035e-39 -1240.7455    10.3050     95.083 3.7743e+02      3.611      2.140   1.576078    -0.1376    -0.0962    11.8159   999.5219     -0.996     -0.687 0.0000e+00
     -0.700 6.1639e-38 -1240.7455    10.2917     95.158 3.7638e+02      3.611      2.139   1.574817    -0.1437    -0.0985    11.8162   999.5219     -0.995     -0.686 0.0000e+00
     -0.700 6.7803e-37 -1240.7455    10.2879     95.197 3.7637e+02      3.608      2.151   1.583938    -0.1272    -0.0753    11.8164   999.5218     -0.995     -0.686 0.0000e+00
     -0.700 7.4583e-36 -1240.7455    10.2928     95.160 3.7614e+02      3.608      2.118   1.559758    -0.1217    -0.0549    11.8164   999.5218     -0.995     -0.686 0.0000e+00
     -0.700 8.2041e-35 -1240.7455    10.2811     95.075 3.7530e+02      3.614      2.085   1.535673    -0.1280    -0.0905    11.8165   999.5218     -0.995     -0.686 0.0000e+00
     -0.700 9.0246e-34 -1240.7455    10.3030     94.955 3.7440e+02      3.614      2.100   1.545942    -0.1190    -0.1307    11.8166   999.5218     -0.995     -0.686 0.0000e+00
     -0.700 9.9270e-33 -1240.7455    10.3051     94.889 3.7378e+02      3.610      2.115   1.557305    -0.1139    -0.1305    11.8166   999.5218     -0.996     -0.687 0.0000e+00
     -0.699 1.0920e-31 -1240.7455    10.2986     94.942 3.7255e+02      3.611      2.100   1.546451    -0.1247    -0.1565    11.8168   999.5218     -0.995     -0.686 0.0000e+00
     -0.699 1.2012e-30 -1240.7455    10.2925     95.083 3.7073e+02      3.617      2.093   1.541322    -0.1329    -0.1718    11.8170   999.5217     -0.995     -0.686 0.0000e+00
     -0.700 1.3213e-29 -1240.7455    10.2725     95.193 3.6957e+02      3.619      2.116   1.558596    -0.1295    -0.1450    11.8171   999.5217     -0.996     -0.687 0.0000e+00
     -0.700 1.4534e-28 -1240.7455    10.2640     95.192 3.6951e+02      3.615      2.125   1.565398    -0.1177    -0.1052    11.8173   999.5217     -0.996     -0.687 0.0000e+00
     -0.700 1.5988e-27 -1240.7455    10.2691     95.125 3.7017e+02      3.615      2.118   1.560260    -0.1142    -0.0657    11.8172   999.5217     -0.995     -0.686 0.0000e+00
     -0.700 1.7586e-26 -1240.7455    10.2922     95.096 3.7067e+02      3.628      2.118   1.559784    -0.1205    -0.0780    11.8173   999.5217     -0.995     -0.686 0.0000e+00
     -0.700 1.9345e-25 -1240.7455    10.3061     95.085 3.7038e+02      3.639      2.118   1.559637    -0.1191    -0.0839    11.8174   999.5217     -0.995     -0.686 0.0000e+00
     -0.700 2.1279e-24 -1240.7455    10.3064     95.073 3.6927e+02      3.627      2.116   1.558481    -0.1144    -0.0685    11.8176   999.5217     -0.996     -0.687 0.0000e+00
     -0.700 2.3407e-23 -1240.7455    10.2889     95.060 3.6830e+02      3.607      2.099   1.545811    -0.1213    -0.0968    11.8178   999.5217     -0.996     -0.687 0.0000e+00
     -0.700 2.5748e-22 -1240.7455    10.2917     95.060 3.6860e+02      3.598      2.081   1.533056    -0.1277    -0.0839    11.8179   999.5217     -0.996     -0.687 0.0000e+00
     -0.700 2.8323e-21 -1240.7455    10.2902     95.115 3.6920e+02      3.571      2.078   1.530868    -0.1158    -0.0155    11.8180   999.5216     -0.996     -0.687 0.0000e+00
     -0.700 3.1155e-20 -1240.7455    10.2865     95.115 3.7021e+02      3.538      2.063   1.519358    -0.1118     0.0479    11.8179   999.5217     -0.996     -0.687 0.0000e+00
     -0.700 3.4271e-19 -1240.7455    10.2909     95.091 3.7244e+02      3.563      2.064   1.520490    -0.1208     0.1013    11.8180   999.5216     -0.996     -0.687 0.0000e+00
     -0.700 3.7698e-18 -1240.7455    10.2783     95.098 3.7506e+02      3.618      2.097   1.544562    -0.1172     0.1523    11.8181   999.5216     -0.995     -0.686 0.0000e+00
     -0.700 4.1468e-17 -1240.7455    10.3000     95.061 3.7762e+02      3.642      2.115   1.557189    -0.1094     0.2197    11.8183   999.5216     -0.996     -0.687 0.0000e+00
     -0.700 4.5614e-16 -1240.7455    10.2942     95.068 3.7983e+02      3.650      2.100   1.546554    -0.1175     0.2334    11.8185   999.5216     -0.996     -0.687 0.0000e+00
     -0.700 5.0176e-15 -1240.7455    10.2836     95.129 3.8202e+02      3.651      2.095   1.542577    -0.1317     0.1474    11.8185   999.5216     -0.995     -0.686 0.0000e+00
     -0.700 5.5193e-14 -1240.7455    10.2995     95.166 3.8524e+02      3.647      2.135   1.572408    -0.1399     0.0341    11.8186   999.5216     -0.995     -0.686 0.0000e+00
     -0.700 6.0713e-13 -1240.7455    10.2819     95.199 3.8810e+02      3.643      2.160   1.590720    -0.1341    -0.0103    11.8187   999.5216     -0.995     -0.686 0.0000e+00
     -0.700 6.6784e-12 -1240.7455    10.2840     95.154 3.8838e+02      3.637      2.138   1.574074    -0.1111    -0.0132    11.8188   999.5216     -0.995     -0.686 0.0000e+00
     -0.700 7.3462e-11 -1240.7455    10.2996     95.054 3.8758e+02      3.631      2.120   1.561050    -0.1037    -0.0357    11.8190   999.5215     -0.997     -0.687 0.0000e+00
     -0.700 8.0809e-10 -1240.7455    10.2941     95.052 3.8747e+02      3.628      2.118   1.559857    -0.1108    -0.0425    11.8190   999.5215     -0.996     -0.686 0.0000e+00
     -0.700 8.8889e-09 -1240.7455    10.3065     95.129 3.8794e+02      3.624      2.118   1.559655    -0.1049    -0.0277    11.8190   999.5215     -0.996     -0.687 0.0000e+00
     -0.700 9.7778e-08 -1240.7455    10.3028     95.194 3.8888e+02      3.623      2.116   1.558607    -0.1079    -0.0270    11.8192   999.5215     -0.997     -0.687 0.0000e+00
     -0.700 1.7926e-07 -1240.7455    10.2773     95.144 3.8986e+02      3.628      2.101   1.547191    -0.1218    -0.0345    11.8193   999.5215     -0.995     -0.686 0.0000e+00
     -0.700 9.7780e-08 -1240.7455    10.2844     94.971 3.9031e+02      3.634      2.102   1.548228    -0.1149    -0.0162    11.8194   999.5215     -0.996     -0.687 0.0000e+00
     -0.700 8.8890e-09 -1240.7455    10.2938     94.869 3.8990e+02      3.633      2.133   1.571143    -0.1077    -0.0444    11.8195   999.5215     -0.996     -0.687 0.0000e+00
     -0.700 8.0810e-10 -1240.7455    10.3053     94.957 3.8756e+02      3.633      2.133   1.571039    -0.1259    -0.1363    11.8196   999.5215     -0.996     -0.687 0.0000e+00
     -0.700 7.3460e-11 -1240.7455    10.3045     95.143 3.8256e+02      3.633      2.101   1.546968    -0.1354    -0.1699    11.8196   999.5215     -0.996     -0.687 0.0000e+00
     -0.700 6.6785e-12 -1240.7455    10.2726     95.276 3.7799e+02      3.633      2.082   1.533320    -0.1232    -0.1439    11.8198   999.5214     -0.996     -0.687 0.0000e+00
     -0.700 6.0710e-13 -1240.7455    10.2558     95.242 3.7675e+02      3.635      2.081   1.532637    -0.1197    -0.1288    11.8199   999.5214     -0.996     -0.687 0.0000e+00
     -0.700 5.5195e-14 -1240.7455    10.2723     95.097 3.7690e+02      3.636      2.089   1.538708    -0.1265    -0.1244    11.8200   999.5214     -0.995     -0.686 0.0000e+00
     -0.700 5.0175e-15 -1240.7455    10.2969     94.994 3.7686e+02      3.635      2.096   1.543415    -0.1298    -0.0911    11.8200   999.5214     -0.996     -0.687 0.0000e+00
     -0.700 4.5614e-16 -1240.7455    10.3181     94.990 3.7610e+02      3.634      2.072   1.526254    -0.1184    -0.0339    11.8202   999.5214     -0.996     -0.687 0.0000e+00
     -0.700 4.1467e-17 -1240.7455    10.3126     95.089 3.7355e+02      3.635      2.065   1.521126    -0.1047    -0.0127    11.8202   999.5214     -0.995     -0.686 0.0000e+00
     -0.700 3.7698e-18 -1240.7455    10.2857     95.189 3.7166e+02      3.640      2.097   1.544717    -0.1141    -0.0396    11.8203   999.5214     -0.996     -0.687 0.0000e+00
     -0.700 3.4270e-19 -1240.7455    10.2772     95.209 3.7209e+02      3.648      2.116   1.558268    -0.1155    -0.0523    11.8204   999.5214     -0.996     -0.687 0.0000e+00
     -0.700 3.1155e-20 -1240.7455    10.2724     95.192 3.7107e+02      3.652      2.116   1.558367    -0.0969    -0.0292    11.8206   999.5213     -0.996     -0.687 0.0000e+00
     -0.700 2.8323e-21 -1240.7455    10.2900     95.183 3.6675e+02      3.648      2.099   1.545914    -0.0976    -0.0333    11.8207   999.5213     -0.995     -0.686 0.0000e+00
     -0.700 2.5748e-22 -1240.7455    10.3056     95.193 3.6200e+02      3.641      2.083   1.534311    -0.1155    -0.0680    11.8208   999.5213     -0.996     -0.687 0.0000e+00
     -0.700 2.3407e-23 -1240.7455    10.3025     95.144 3.6022e+02      3.636      2.098   1.544680    -0.1125    -0.0728    11.8210   999.5213     -0.995     -0.687 0.0000e+00
     -0.700 2.1279e-24 -1240.7455    10.3009     95.016 3.6404e+02      3.635      2.098   1.544670    -0.0957     0.0103    11.8210   999.5213     -0.996     -0.686 0.0000e+00
     -0.700 1.9345e-25 -1240.7455    10.2973     94.971 3.7258e+02      3.634      2.083   1.534191    -0.1032     0.1168    11.8210   999.5213     -0.997     -0.687 0.0000e+00
     -0.700 1.7586e-26 -1240.7455    10.3027     95.058 3.8026e+02      3.631      2.097   1.544601    -0.1126     0.1558    11.8211   999.5213     -0.996     -0.687 0.0000e+00
     -0.700 1.5987e-27 -1240.7455    10.3024     95.167 3.8391e+02      3.629      2.097   1.543926    -0.1004     0.1753    11.8212   999.5213     -0.996     -0.687 0.0000e+00
     -0.700 1.4534e-28 -1240.7455    10.2762     95.235 3.8518e+02      3.627      2.072   1.526025    -0.0970     0.1468    11.8212   999.5213     -0.996     -0.687 0.0000e+00
     -0.700 1.3213e-29 -1240.7455    10.2686     95.176 3.8583e+02      3.627      2.061   1.518072    -0.1136     0.0173    11.8214   999.5212     -0.996     -0.687 0.0000e+00
     -0.700 1.2011e-30 -1240.7455    10.2884     95.007 3.8662e+02      3.627      2.052   1.511071    -0.1349    -0.0930    11.8214   999.5213     -0.995     -0.686 0.0000e+00
     -0.700 1.0920e-31 -1240.7455    10.2968     94.883 3.8767e+02      3.627      2.043   1.504689    -0.1374    -0.0945    11.8215   999.5213     -0.996     -0.687 0.0000e+00
     -0.700 9.9270e-33 -1240.7455    10.3115     94.920 3.8828e+02      3.627      2.042   1.504212    -0.1275    -0.1024    11.8215   999.5212     -0.996     -0.687 0.0000e+00
     -0.700 9.0245e-34 -1240.7455    10.3053     95.106 3.8844e+02      3.628      2.044   1.505302    -0.1231    -0.1548    11.8216   999.5212     -0.996     -0.687 0.0000e+00
     -0.700 8.2040e-35 -1240.7455    10.2770     95.275 3.8876e+02      3.630      2.061   1.517864    -0.1184    -0.1467    11.8218   999.5212     -0.996     -0.687 0.0000e+00
     -0.700 7.4585e-36 -1240.7455    10.2610     95.295 3.8948e+02      3.631      2.077   1.529487    -0.1203    -0.1070    11.8219   999.5212     -0.996     -0.687 0.0000e+00
     -0.700 6.7800e-37 -1240.7455    10.2622     95.208 3.9011e+02      3.632      2.063   1.519222    -0.1288    -0.0854    11.8220   999.5212     -0.996     -0.687 0.0000e+00
     -0.700 6.1640e-38 -1240.7455    10.2929     95.131 3.9035e+02      3.632      2.064   1.520363    -0.1300    -0.0563    11.8222   999.5212     -0.996     -0.687 0.0000e+00
     -0.700 5.6035e-39 -1240.7455    10.3165     95.075 3.9084e+02      3.632      2.095   1.543288    -0.1270    -0.0283    11.8222   999.5212     -0.996     -0.687 0.0000e+00
     -0.700 5.0940e-40 -1240.7455    10.3166     95.017 3.9169e+02      3.632      2.095   1.543184    -0.1248    -0.0192    11.8222   999.5212     -0.996     -0.687 0.0000e+00
     -0.700 4.6310e-41 -1240.7455    10.3000     95.028 3.9245e+02      3.633      2.063   1.519104    -0.1202    -0.0488    11.8223   999.5211     -0.996     -0.687 0.0000e+00
     -0.700 4.2100e-42 -1240.7455    10.2918     95.109 3.9256e+02      3.634      2.044   1.505354    -0.1132    -0.0107    11.8225   999.5211     -0.995     -0.686 0.0000e+00
     -0.700 3.8273e-43 -1240.7455    10.2911     95.198 3.9122e+02      3.634      2.041   1.503547    -0.1082     0.1002    11.8226   999.5211     -0.996     -0.687 0.0000e+00
     -0.700 3.4794e-44 -1240.7455    10.2759     95.223 3.8919e+02      3.634      2.033   1.497260    -0.1088     0.1301    11.8226   999.5211     -0.996     -0.687 0.0000e+00
     -0.700 3.1630e-45 -1240.7455    10.2804     95.157 3.8823e+02      3.635      2.026   1.492636    -0.1213     0.1113    11.8227   999.5211     -0.995     -0.686 0.0000e+00
     -0.700 2.8755e-46 -1240.7455    10.2903     95.034 3.8823e+02      3.635      2.051   1.510946    -0.1336     0.0779    11.8227   999.5211     -0.996     -0.687 0.0000e+00
     -0.700 2.6141e-47 -1240.7455    10.3038     94.942 3.8858e+02      3.635      2.076   1.528734    -0.1324     0.0335    11.8227   999.5211     -0.995     -0.686 0.0000e+00
     -0.700 2.3783e-48 -1240.7455    10.3082     94.980 3.8872e+02      3.636      2.061   1.517795    -0.1234    -0.0148    11.8229   999.5211     -0.995     -0.686 0.0000e+00
     -0.700 2.3691e-49 -1240.7455    10.2980     95.091 3.8779e+02      3.637      2.043   1.505290    -0.1166    -0.0627    11.8230   999.5211     -0.996     -0.687 0.0000e+00
     -0.700 2.4916e-49 -1240.7455    10.2840     95.179 3.8631e+02      3.637      2.042   1.504154    -0.1162    -0.0664    11.8231   999.5211     -0.996     -0.687 0.0000e+00
     -0.700 2.5266e-48 -1240.7455    10.2641     95.186 3.8491e+02      3.638      2.042   1.504050    -0.1105    -0.0600    11.8230   999.5211     -0.996     -0.687 0.0000e+00
     -0.700 2.7773e-47 -1240.7455    10.2754     95.121 3.8401e+02      3.639      2.042   1.504031    -0.1145    -0.0538    11.8231   999.5211     -0.996     -0.687 0.0000e+00
     -0.700 3.0550e-46 -1240.7455    10.2905     95.095 3.8382e+02      3.639      2.042   1.503927    -0.1306    -0.0601    11.8232   999.5210     -0.995     -0.686 0.0000e+00
     -0.700 3.3605e-45 -1240.7455    10.3011     95.110 3.8408e+02      3.639      2.040   1.502794    -0.1301    -0.1016    11.8232   999.5210     -0.995     -0.686 0.0000e+00
     -0.700 3.6965e-44 -1240.7455    10.3055     95.124 3.8504e+02      3.640      2.023   1.490338    -0.1257    -0.0779    11.8235   999.5210     -0.996     -0.687 0.0000e+00
     -0.700 4.0662e-43 -1240.7455    10.2875     95.158 3.8651e+02      3.640      2.009   1.479928    -0.1194     0.0220    11.8235   999.5210     -0.996     -0.687 0.0000e+00
     -0.700 4.4728e-42 -1240.7455    10.2878     95.181 3.8781e+02      3.640      2.041   1.503537    -0.1037     0.1151    11.8236   999.5210     -0.997     -0.687 0.0000e+00
     -0.700 4.9201e-41 -1240.7455    10.2933     95.164 3.8875e+02      3.641      2.067   1.522570    -0.1023     0.1605    11.8237   999.5210     -0.996     -0.687 0.0000e+00
     -0.700 5.4121e-40 -1240.7455    10.2899     95.105 3.8915e+02      3.642      2.064   1.520144    -0.1110     0.1947    11.8236   999.5210     -0.995     -0.686 0.0000e+00
     -0.700 5.9533e-39 -1240.7455    10.2971     94.984 3.8899e+02      3.642      2.088   1.537512    -0.1171     0.2210    11.8237   999.5210     -0.996     -0.687 0.0000e+00
     -0.700 6.5486e-38 -1240.7455    10.3015     94.921 3.8869e+02      3.642      2.095   1.542647    -0.1266     0.1715    11.8238   999.5210     -0.995     -0.687 0.0000e+00
     -0.700 7.2035e-37 -1240.7455    10.2963     95.043 3.8854e+02      3.642      2.062   1.518935    -0.1254     0.1420    11.8239   999.5210     -0.994     -0.686 0.0000e+00
     -0.700 7.9238e-36 -1240.7455    10.2954     95.218 3.8897e+02      3.642      2.042   1.504024    -0.1195     0.1030    11.8240   999.5210     -0.995     -0.686 0.0000e+00
     -0.700 8.7162e-35 -1240.7455    10.2768     95.277 3.9027e+02      3.642      2.021   1.488972    -0.1219    -0.0256    11.8241   999.5210     -0.995     -0.686 0.0000e+00
     -0.700 9.5878e-34 -1240.7455    10.2579     95.173 3.9207e+02      3.642      1.987   1.463557    -0.1129    -0.1150    11.8241   999.5210     -0.995     -0.686 0.0000e+00
