Data/DataNotYetUploadedToEDI/Raw_CTD/RawDownloads/031722_fcr50_0001.cnv
* Sea-Bird SBE19plus  Data File:
* FileName = C:\R\Reservoirs\Data\DataNotYetUploadedToEDI\Raw_CTD\RawDownloads\031722_fcr50_0001.hex
* Software version 2.8.0.119
* Temperature SN = 7809
* Conductivity SN = 7809
* System UpLoad Time = Mar 18 2022 10:49:57
* <ApplicationData>
* <Seaterm232>
# nquan = 16
# nvalues = 2840                        
# units = specified
# name 0 = depFM: Depth [fresh water, m]
# name 1 = dz/dtM: Descent Rate [m/s]
# name 2 = orp: Oxidation Reduction Potential [mV]
# name 3 = sbeox0Mg/L: Oxygen, SBE 43 [mg/l]
# name 4 = sbeox0PS: Oxygen, SBE 43 [% saturation]
# name 5 = par/sat/log: PAR/Logarithmic, Satlantic
# name 6 = ph: pH
# name 7 = specc: Specific Conductance [uS/cm]
# name 8 = c0uS/cm: Conductivity [uS/cm]
# name 9 = flECO-AFL: Fluorescence, WET Labs ECO-AFL/FL [mg/m^3]
# name 10 = turbWETntu0: Turbidity, WET Labs ECO [NTU]
# name 11 = tv290C: Temperature [ITS-90, deg C]
# name 12 = density00: Density [density, kg/m^3]
# name 13 = prdE: Pressure, Strain Gauge [psi]
# name 14 = prdM: Pressure, Strain Gauge [db]
# name 15 = flag:  0.000e+00
# span 0 =     -0.700,      9.708       
# span 1 =     -3.857,      3.857       
# span 2 = -1240.7455,  1240.2295       
# span 3 =    -0.3238,    10.9500       
# span 4 =     -2.385,     96.434       
# span 5 = 1.2366e-01, 1.0676e+03       
# span 6 =     -2.856,     11.849       
# span 7 =      0.560,    361.438       
# span 8 =   0.386743, 228.604025       
# span 9 =    -0.3988,    54.7087       
# span 10 =    -1.4831,   105.3822      
# span 11 =     6.6155,    11.8284      
# span 12 =   999.5204,  1000.1008      
# span 13 =     -0.997,     13.809      
# span 14 =     -0.687,      9.521      
# span 15 = 0.0000e+00, 0.0000e+00      
# interval = seconds: 0.25
# start_time = Mar 17 2022 07:12:18 [Instrument's time stamp, header]
# bad_flag = -9.990e-29
*END*
[from data line 724]
      0.205      0.056   290.1300    10.6362     94.083 1.7219e+02      6.044     37.205  26.046050     4.9522     2.0624    10.0038   999.7178      0.293      0.202 0.0000e+00
      0.215      0.051   290.7611    10.6246     94.077 1.6996e+02      6.041     37.205  26.046051     4.9060     1.9305    10.0049   999.7177      0.306      0.212 0.0000e+00
      0.222      0.047   291.4010    10.6217     94.042 1.7039e+02      6.035     37.222  26.057678     4.8771     1.8234    10.0038   999.7178      0.315      0.217 0.0000e+00
      0.232      0.044   291.9303    10.6192     93.932 1.7041e+02      6.027     37.225  26.059868     4.8781     1.8269    10.0023   999.7180      0.327      0.225 0.0000e+00
      0.245      0.044   292.3432    10.6174     93.692 1.6772e+02      6.018     37.243  26.072526     4.9519     1.9049    10.0014   999.7181      0.349      0.240 0.0000e+00
      0.260      0.045   292.2635    10.6200     93.407 1.6639e+02      6.012     37.260  26.083964     5.0867     2.0142    10.0009   999.7182      0.373      0.257 0.0000e+00
      0.271      0.045   291.8263    10.6151     93.256 1.6629e+02      6.010     37.243  26.071392     5.1587     2.0559    10.0008   999.7183      0.388      0.268 0.0000e+00
      0.280      0.045   291.7893    10.6089     93.320 1.6490e+02      6.012     37.209  26.047287     5.1654     2.0333    10.0013   999.7183      0.395      0.273 0.0000e+00
      0.291      0.044   292.1602    10.5779     93.567 1.6287e+02      6.015     37.207  26.046040     5.2594     2.0480    10.0012   999.7184      0.412      0.284 0.0000e+00
      0.304      0.043   292.6108    10.5351     93.870 1.6033e+02      6.020     37.223  26.056317     5.4382     2.0628     9.9998   999.7186      0.433      0.298 0.0000e+00
      0.316      0.042   293.0225    10.5172     94.103 1.5853e+02      6.026     37.208  26.044782     5.5288     2.0419     9.9990   999.7187      0.450      0.310 0.0000e+00
      0.327      0.041   293.4384    10.5242     94.258 1.5747e+02      6.033     37.193  26.033334     5.5309     2.0687     9.9993   999.7187      0.467      0.321 0.0000e+00
      0.337      0.039   293.4224    10.5588     94.390 1.5767e+02      6.040     37.210  26.044658     5.5379     2.0786     9.9990   999.7188      0.479      0.330 0.0000e+00
      0.345      0.039   292.7436    10.5997     94.509 1.5796e+02      6.047     37.226  26.054936     5.5479     1.9911     9.9979   999.7189      0.491      0.339 0.0000e+00
      0.352      0.040   292.2858    10.6257     94.549 1.5608e+02      6.055     37.192  26.030841     5.5511     1.8989     9.9968   999.7190      0.501      0.345 0.0000e+00
      0.361      0.045   292.5339    10.6402     94.480 1.5666e+02      6.061     37.158  26.006859     5.5520     1.8515     9.9958   999.7192      0.513      0.354 0.0000e+00
      0.373      0.050   293.0757    10.6540     94.360 1.5653e+02      6.066     37.174  26.018496     5.5672     1.8623     9.9946   999.7193      0.531      0.366 0.0000e+00
      0.387      0.055   293.4157    10.6723     94.254 1.5343e+02      6.068     37.211  26.044782     5.6768     1.9614     9.9938   999.7195      0.550      0.379 0.0000e+00
      0.403      0.058   293.6341    10.6787     94.164 1.5109e+02      6.070     37.249  26.071154     5.8529     2.0591     9.9935   999.7195      0.571      0.393 0.0000e+00
      0.422      0.059   293.7380    10.6670     94.061 1.4823e+02      6.074     37.267  26.083820     5.9408     2.0872     9.9933   999.7196      0.601      0.414 0.0000e+00
      0.441      0.058   293.5526    10.6506     93.963 1.4564e+02      6.079     37.248  26.071154     5.9486     2.0965     9.9932   999.7198      0.631      0.435 0.0000e+00
      0.454      0.058   293.3720    10.6384     93.903 1.4484e+02      6.084     37.211  26.044783     5.9472     2.1029     9.9933   999.7198      0.648      0.446 0.0000e+00
      0.464      0.058   293.3611    10.6312     93.897 1.4375e+02      6.088     37.173  26.018496     5.9484     2.1301     9.9936   999.7198      0.658      0.454 0.0000e+00
      0.477      0.059   293.5066    10.6178     93.974 1.4152e+02      6.091     37.156  26.006860     5.9546     2.1520     9.9942   999.7199      0.674      0.466 0.0000e+00
      0.492      0.060   293.7541    10.6046     94.132 1.3948e+02      6.094     37.190  26.030851     5.9558     2.0947     9.9944   999.7199      0.698      0.481 0.0000e+00
      0.510      0.062   294.0312    10.5990     94.375 1.3710e+02      6.099     37.225  26.055042     6.0216     2.0520     9.9939   999.7200      0.725      0.499 0.0000e+00
      0.528      0.062   294.4482    10.5950     94.701 1.3455e+02      6.103     37.212  26.045812     6.1595     2.0799     9.9937   999.7201      0.751      0.518 0.0000e+00
      0.546      0.062   294.8380    10.6054     94.999 1.3382e+02      6.104     37.213  26.046019     6.2406     2.0900     9.9938   999.7202      0.777      0.537 0.0000e+00
      0.560      0.060   294.7870    10.6233     95.156 1.3368e+02      6.103     37.230  26.057554     6.2539     2.0724     9.9941   999.7202      0.799      0.551 0.0000e+00
      0.572      0.055   294.4332    10.6476     95.175 1.3208e+02      6.103     37.231  26.058508     6.2703     2.0029     9.9944   999.7203      0.813      0.560 0.0000e+00
      0.587      0.051   294.1747    10.6915     95.139 1.3063e+02      6.105     37.231  26.057555     6.2969     1.8992     9.9942   999.7204      0.833      0.575 0.0000e+00
      0.603      0.051   294.1554    10.7307     95.119 1.2935e+02      6.107     37.216  26.046031     6.3092     1.8430     9.9937   999.7205      0.860      0.593 0.0000e+00
      0.614      0.051   294.4585    10.7479     95.114 1.2796e+02      6.105     37.217  26.045937     6.2952     1.8359     9.9934   999.7206      0.876      0.603 0.0000e+00
      0.622      0.051   295.1725    10.7460     95.117 1.2745e+02      6.096     37.232  26.056413     6.2771     1.8477     9.9927   999.7206      0.882      0.608 0.0000e+00
      0.634      0.047   295.8185    10.7384     95.144 1.2642e+02      6.086     37.218  26.045927     6.2897     1.9173     9.9916   999.7208      0.899      0.619 0.0000e+00
      0.652      0.042   295.9889    10.7376     95.210 1.2497e+02      6.080     37.218  26.045918     6.3235     2.0633     9.9907   999.7210      0.931      0.642 0.0000e+00
      0.667      0.038   296.1137    10.7381     95.302 1.2439e+02      6.078     37.233  26.056307     6.3355     2.1429     9.9900   999.7211      0.956      0.659 0.0000e+00
      0.674      0.035   296.0367    10.7369     95.365 1.2411e+02      6.077     37.216  26.044774     6.3353     2.0943     9.9893   999.7212      0.961      0.662 0.0000e+00
      0.677      0.031   295.6605    10.7401     95.390 1.2390e+02      6.079     37.199  26.033241     6.3876     1.9882     9.9889   999.7213      0.962      0.663 0.0000e+00
      0.681      0.030   295.9534    10.7467     95.410 1.2376e+02      6.082     37.214  26.043631     6.4851     1.8854     9.9886   999.7213      0.968      0.668 0.0000e+00
      0.688      0.032   296.9114    10.7615     95.405 1.2296e+02      6.087     37.214  26.043622     6.5395     1.8412     9.9886   999.7214      0.979      0.675 0.0000e+00
      0.698      0.037   297.4340    10.7688     95.365 1.2208e+02      6.093     37.200  26.033136     6.5382     1.8296     9.9888   999.7213      0.993      0.684 0.0000e+00
      0.709      0.042   297.4535    10.7680     95.319 1.2107e+02      6.098     37.216  26.043611     6.5277     1.8131     9.9888   999.7214      1.008      0.695 0.0000e+00
      0.722      0.044   297.3195    10.7729     95.274 1.1926e+02      6.102     37.216  26.043516     6.5292     1.8468     9.9894   999.7214      1.026      0.707 0.0000e+00
      0.736      0.044   296.9328    10.7727     95.210 1.1781e+02      6.107     37.199  26.031985     6.5394     1.8959     9.9897   999.7215      1.047      0.722 0.0000e+00
      0.748      0.043   296.7354    10.7665     95.127 1.1678e+02      6.112     37.196  26.030945     6.5426     1.8595     9.9886   999.7216      1.066      0.735 0.0000e+00
      0.758      0.040   297.1691    10.7607     95.042 1.1599e+02      6.115     37.194  26.030955     6.5427     1.8519     9.9874   999.7218      1.080      0.744 0.0000e+00
      0.767      0.037   297.7891    10.7580     95.007 1.1526e+02      6.117     37.194  26.032099     6.5579     1.9741     9.9873   999.7218      1.091      0.752 0.0000e+00
      0.775      0.035   298.1233    10.7495     95.075 1.1441e+02      6.119     37.211  26.044783     6.5769     2.0739     9.9880   999.7218      1.102      0.759 0.0000e+00
      0.784      0.035   298.2842    10.7399     95.210 1.1358e+02      6.119     37.229  26.057545     6.5882     2.1015     9.9892   999.7217      1.115      0.768 0.0000e+00
      0.793      0.036   298.5301    10.7280     95.335 1.1259e+02      6.118     37.233  26.059641     6.5947     2.1027     9.9910   999.7216      1.129      0.779 0.0000e+00
      0.801      0.038   298.6871    10.7192     95.394 1.1201e+02      6.117     37.249  26.070116     6.5642     2.0882     9.9925   999.7215      1.139      0.785 0.0000e+00
      0.810      0.039   298.6345    10.7297     95.368 1.1091e+02      6.116     37.232  26.057440     6.5029     2.0976     9.9935   999.7215      1.151      0.794 0.0000e+00
      0.822      0.038   298.7541    10.7484     95.287 1.0926e+02      6.116     37.198  26.033145     6.4779     2.1127     9.9935   999.7215      1.169      0.806 0.0000e+00
      0.835      0.037   299.1875    10.7648     95.192 1.0852e+02      6.114     37.194  26.029899     6.4870     2.1351     9.9928   999.7216      1.189      0.820 0.0000e+00
      0.845      0.034   299.6582    10.7731     95.124 1.0833e+02      6.110     37.179  26.018184     6.4544     2.0951     9.9918   999.7218      1.205      0.831 0.0000e+00
      0.852      0.029   299.7996    10.7679     95.077 1.0776e+02      6.109     37.180  26.018271     6.3829     1.9709     9.9912   999.7219      1.211      0.835 0.0000e+00
      0.858      0.023   299.5199    10.7583     95.037 1.0693e+02      6.109     37.200  26.030946     6.3551     1.8979     9.9906   999.7219      1.220      0.840 0.0000e+00
      0.864      0.018   299.2019    10.7444     95.005 1.0650e+02      6.111     37.220  26.044669     6.3605     1.8610     9.9901   999.7221      1.231      0.849 0.0000e+00
      0.868      0.015   299.2242    10.7382     94.982 1.0631e+02      6.114     37.239  26.057432     6.3645     1.8319     9.9888   999.7221      1.235      0.852 0.0000e+00
      0.869      0.014   299.1011    10.7354     95.028 1.0607e+02      6.117     37.241  26.058487     6.3782     1.8530     9.9867   999.7223      1.235      0.852 0.0000e+00
      0.870      0.016   298.6604    10.7282     95.138 1.0572e+02      6.121     37.240  26.057432     6.3922     1.8771     9.9851   999.7225      1.237      0.853 0.0000e+00
      0.874      0.020   298.5422    10.7294     95.272 1.0523e+02      6.124     37.224  26.044670     6.4181     1.8850     9.9840   999.7226      1.240      0.855 0.0000e+00
      0.879      0.026   298.7900    10.7195     95.402 1.0469e+02      6.127     37.205  26.030955     6.4748     1.8795     9.9840   999.7227      1.249      0.861 0.0000e+00
      0.886      0.032   299.1615    10.7266     95.457 1.0401e+02      6.128     37.188  26.018374     6.5366     1.8457     9.9840   999.7226      1.259      0.868 0.0000e+00
      0.896      0.036   299.4200    10.7431     95.443 1.0286e+02      6.128     37.190  26.019318     6.5662     1.8516     9.9828   999.7228      1.274      0.879 0.0000e+00
      0.909      0.039   299.5069    10.7553     95.404 1.0185e+02      6.129     37.224  26.042357     6.5835     1.9164     9.9818   999.7230      1.293      0.891 0.0000e+00
      0.920      0.042   299.2664    10.7783     95.369 1.0116e+02      6.132     37.225  26.043403     6.6537     1.9459     9.9809   999.7231      1.310      0.903 0.0000e+00
      0.930      0.046   298.8344    10.7812     95.364 1.0016e+02      6.136     37.209  26.031975     6.7572     1.9005     9.9795   999.7233      1.325      0.913 0.0000e+00
      0.939      0.049   298.7577    10.7786     95.367 9.9360e+01      6.138     37.208  26.030935     6.8027     1.8119     9.9787   999.7233      1.334      0.920 0.0000e+00
      0.950      0.051   298.8548    10.7737     95.324 9.8496e+01      6.140     37.207  26.030831     6.8048     1.7968     9.9788   999.7234      1.348      0.930 0.0000e+00
      0.966      0.051   299.0621    10.7670     95.219 9.7123e+01      6.143     37.207  26.030719     6.8081     1.8883     9.9790   999.7235      1.371      0.945 0.0000e+00
      0.984      0.051   299.4579    10.7687     95.101 9.6007e+01      6.146     37.205  26.029575     6.7757     1.9283     9.9782   999.7237      1.401      0.966 0.0000e+00
      1.000      0.049   299.6815    10.7708     94.972 9.5452e+01      6.148     37.187  26.017003     6.7128     1.9043     9.9776   999.7238      1.427      0.983 0.0000e+00
      1.010      0.046   299.6149    10.7690     94.858 9.4962e+01      6.150     37.171  26.005479     6.6805     1.8718     9.9782   999.7237      1.437      0.991 0.0000e+00
      1.018      0.042   299.5134    10.7513     94.841 9.4257e+01      6.154     37.188  26.017003     6.6848     1.8087     9.9788   999.7237      1.446      0.997 0.0000e+00
      1.026      0.040   299.4865    10.7397     94.891 9.3403e+01      6.156     37.206  26.029575     6.6977     1.7907     9.9786   999.7238      1.460      1.006 0.0000e+00
      1.036      0.040   299.4622    10.7265     94.964 9.2597e+01      6.158     37.208  26.030717     6.6954     1.8247     9.9784   999.7239      1.474      1.016 0.0000e+00
      1.047      0.041   299.4780    10.7045     95.026 9.1721e+01      6.159     37.207  26.030821     6.6823     1.8443     9.9784   999.7239      1.488      1.026 0.0000e+00
      1.059      0.043   299.5059    10.7083     95.044 9.0696e+01      6.160     37.207  26.030830     6.6965     1.8563     9.9783   999.7240      1.507      1.039 0.0000e+00
      1.070      0.045   299.6264    10.7152     95.116 8.9877e+01      6.161     37.206  26.030822     6.7753     1.8674     9.9782   999.7240      1.523      1.050 0.0000e+00
      1.081      0.045   299.9031    10.7223     95.272 8.9005e+01      6.160     37.206  26.030718     6.8865     1.8420     9.9780   999.7241      1.536      1.059 0.0000e+00
      1.092      0.044   300.0979    10.7365     95.425 8.7920e+01      6.160     37.204  26.029574     6.9421     1.7884     9.9783   999.7241      1.553      1.071 0.0000e+00
      1.105      0.042   300.1749    10.7284     95.513 8.6956e+01      6.160     37.187  26.016993     6.9404     1.7995     9.9789   999.7241      1.570      1.083 0.0000e+00
      1.117      0.040   300.2309    10.7356     95.527 8.6209e+01      6.160     37.171  26.005366     6.9317     1.8738     9.9795   999.7241      1.591      1.097 0.0000e+00
      1.126      0.038   300.2598    10.7598     95.568 8.5716e+01      6.161     37.186  26.015756     6.9284     1.9008     9.9798   999.7242      1.604      1.106 0.0000e+00
      1.133      0.036   300.2656    10.7772     95.653 8.5243e+01      6.162     37.186  26.015859     6.9169     1.8533     9.9794   999.7242      1.610      1.110 0.0000e+00
      1.140      0.036   300.4731    10.7915     95.643 8.4869e+01      6.163     37.173  26.006611     6.9104     1.8122     9.9789   999.7243      1.622      1.117 0.0000e+00
      1.150      0.037   300.9621    10.7850     95.538 8.4569e+01      6.164     37.207  26.030707     6.9743     1.8481     9.9783   999.7244      1.636      1.128 0.0000e+00
