Data/DataNotYetUploadedToEDI/Raw_CTD/RawDownloads/031725_fcr50_S7809001.cnv
* Sea-Bird SBE19plus  Data File:
* FileName = C:\R\Reservoirs\Data\DataNotYetUploadedToEDI\Raw_CTD\RawDownloads\031725_fcr50_S7809_0001.hex
* Software version 2.8.0.119
* Temperature SN = 7809
* Conductivity SN = 7809
* System UpLoad Time = Mar 25 2025 10:59:07
* <ApplicationData>
* <Seaterm232>
# nquan = 15
# nvalues = 1735                        
# units = specified
# name 0 = depFM: Depth [fresh water, m]
# name 1 = dz/dtM: Descent Rate [m/s]
# name 2 = sbeox0Mg/L: Oxygen, SBE 43 [mg/l]
# name 3 = sbeox0PS: Oxygen, SBE 43 [% saturation]
# name 4 = specc: Specific Conductance [uS/cm]
# name 5 = c0uS/cm: Conductivity [uS/cm]
# name 6 = flECO-AFL: Fluorescence, WET Labs ECO-AFL/FL [mg/m^3]
# name 7 = ph: pH
# name 8 = orp: Oxidation Reduction Potential [mV]
# name 9 = par/sat/log: PAR/Logarithmic, Satlantic
# name 10 = turbWETntu0: Turbidity, WET Labs ECO [NTU]
# name 11 = prdM: Pressure, Strain Gauge [db]
# name 12 = prdE: Pressure, Strain Gauge [psi]
# name 13 = tv290C: Temperature [ITS-90, deg C]
# name 14 = flag:  0.000e+00
# span 0 =     -0.687,      9.572       
# span 1 =     -0.490,      2.978       
# span 2 =     6.3511,    12.9825       
# span 3 =     56.988,    106.302       
# span 4 =     -0.332,    222.976       
# span 5 =  -0.215736, 141.844576       
# span 6 =    -1.6253,     6.5036       
# span 7 =     -2.644,     13.921       
# span 8 = -1240.7455,  1240.2295       
# span 9 = 1.2365e-01, 2.0604e+03       
# span 10 =    -0.1337,   136.8330      
# span 11 =     -0.674,      9.390      
# span 12 =     -0.978,     13.619      
# span 13 =     6.7299,    11.3262      
# span 14 = 0.0000e+00, 0.0000e+00      
# interval = seconds: 0.25
# start_time = Mar 17 2025 10:20:19 [Instrument's time stamp, header]
# bad_flag = -9.990e-29
*END*
[from data line 1350]
      7.470      0.090    12.5128    102.449     31.262  19.845322     4.2670      7.760   268.1654 3.1971e-01     6.2272      7.326     10.626     6.7409 0.0000e+00
      7.490      0.090    12.5181    102.469     31.256  19.841227     4.2870      7.760   269.4357 3.0311e-01     6.2560      7.344     10.651     6.7397 0.0000e+00
      7.515      0.088    12.5212    102.462     31.282  19.858518     4.3231      7.760   271.2105 2.9957e-01     6.3827      7.371     10.689     6.7388 0.0000e+00
      7.542      0.088    12.5121    102.449     31.291  19.864187     4.3632      7.761   271.7279 2.9376e-01     6.6663      7.397     10.728     6.7385 0.0000e+00
      7.566      0.088    12.5156    102.449     31.263  19.846363     4.3812      7.761   271.6478 2.7129e-01     6.8508      7.421     10.764     6.7387 0.0000e+00
      7.586      0.086    12.5215    102.446     31.242  19.833214     4.3907      7.761   271.7040 2.5625e-01     6.8705      7.439     10.790     6.7387 0.0000e+00
      7.605      0.083    12.5178    102.446     31.241  19.832014     4.3614      7.760   271.3755 2.5779e-01     6.7339      7.456     10.814     6.7388 0.0000e+00
      7.627      0.080    12.5150    102.451     31.241  19.831854     4.2935      7.759   270.6868 2.6070e-01     6.4629      7.480     10.848     6.7391 0.0000e+00
      7.649      0.077    12.5173    102.458     31.240  19.831272     4.2690      7.758   270.3467 2.4979e-01     6.3600      7.502     10.881     6.7395 0.0000e+00
      7.668      0.075    12.5150    102.472     31.229  19.824983     4.2892      7.758   271.0483 2.2844e-01     6.4124      7.520     10.907     6.7394 0.0000e+00
      7.686      0.072    12.5158    102.465     31.219  19.819209     4.2887      7.759   272.4586 2.1156e-01     6.3789      7.537     10.931     6.7391 0.0000e+00
      7.705      0.068    12.5173    102.435     31.228  19.824869     4.2455      7.760   273.3749 2.1765e-01     6.2292      7.558     10.961     6.7382 0.0000e+00
      7.722      0.063    12.5161    102.403     31.236  19.830014     4.2080      7.759   273.5234 2.3031e-01     6.1053      7.573     10.984     6.7377 0.0000e+00
      7.737      0.059    12.5210    102.380     31.216  19.818010     4.2091      7.758   273.4796 2.2100e-01     6.1099      7.585     11.003     6.7391 0.0000e+00
      7.752      0.057    12.5191    102.357     31.198  19.806540     4.2179      7.757   273.3614 2.0466e-01     6.1484      7.602     11.027     6.7402 0.0000e+00
      7.766      0.056    12.5140    102.355     31.216  19.818134     4.2139      7.757   273.2125 1.9810e-01     6.1274      7.618     11.050     6.7405 0.0000e+00
      7.777      0.053    12.5091    102.379     31.236  19.831386     4.2114      7.756   273.2290 2.0071e-01     6.1286      7.625     11.059     6.7410 0.0000e+00
      7.790      0.051    12.5078    102.380     31.250  19.839969     4.2130      7.756   272.8718 2.0159e-01     6.1627      7.635     11.075     6.7416 0.0000e+00
      7.807      0.050    12.5034    102.344     31.280  19.858507     4.2075      7.756   272.0773 1.8689e-01     6.1303      7.658     11.108     6.7415 0.0000e+00
      7.821      0.051    12.5015    102.322     31.293  19.865320     4.2031      7.757   271.8829 1.7308e-01     6.1468      7.671     11.127     6.7415 0.0000e+00
      7.830      0.053    12.5085    102.346     31.283  19.858938     4.2026      7.757   272.0695 1.7158e-01     6.2593      7.676     11.134     6.7433 0.0000e+00
      7.840      0.055    12.5088    102.388     31.260  19.844752     4.2011      7.759   272.3547 1.6799e-01     6.3636      7.686     11.148     6.7437 0.0000e+00
      7.855      0.058    12.5021    102.423     31.220  19.820602     4.2015      7.761   273.0081 1.6363e-01     6.4166      7.703     11.171     6.7417 0.0000e+00
      7.873      0.066    12.4970    102.431     31.220  19.820545     4.1576      7.761   273.4305 1.6203e-01     6.3543      7.724     11.203     6.7399 0.0000e+00
      7.888      0.073    12.5039    102.434     31.257  19.844066     4.0692      7.762   273.3326 1.5695e-01     6.2596      7.735     11.219     6.7395 0.0000e+00
      7.904      0.076    12.5075    102.461     31.270  19.851383     4.0232      7.763   272.3406 1.5276e-01     6.2618      7.748     11.237     6.7410 0.0000e+00
      7.929      0.076    12.5143    102.478     31.261  19.845609     4.0337      7.763   270.7280 1.5389e-01     6.3133      7.775     11.276     6.7420 0.0000e+00
      7.956      0.076    12.5141    102.454     31.249  19.837653     4.1050      7.763   270.0101 1.5647e-01     6.3690      7.806     11.320     6.7417 0.0000e+00
      7.975      0.076    12.5108    102.408     31.219  19.818591     4.2111      7.763   270.1131 1.5504e-01     6.3895      7.825     11.349     6.7412 0.0000e+00
      7.988      0.075    12.5188    102.398     31.198  19.805335     4.2596      7.764   270.4260 1.4550e-01     6.3555      7.830     11.357     6.7405 0.0000e+00
      8.005      0.073    12.5210    102.420     31.197  19.804182     4.2669      7.765   270.9539 1.3660e-01     6.3681      7.847     11.382     6.7400 0.0000e+00
      8.025      0.073    12.5188    102.419     31.199  19.804644     4.2580      7.765   271.1612 1.3689e-01     6.5068      7.872     11.417     6.7399 0.0000e+00
      8.044      0.074    12.5085    102.400     31.210  19.810923     4.2267      7.765   270.7809 1.3962e-01     6.7009      7.886     11.438     6.7397 0.0000e+00
      8.064      0.076    12.5070    102.382     31.220  19.816695     4.2126      7.766   270.2278 1.3668e-01     6.8020      7.906     11.469     6.7397 0.0000e+00
      8.086      0.077    12.5157    102.350     31.211  19.811035     4.2046      7.767   269.9806 1.3067e-01     6.8418      7.932     11.505     6.7393 0.0000e+00
      8.106      0.078    12.5137    102.310     31.202  19.805890     4.1969      7.767   270.0290 1.2847e-01     6.9085      7.951     11.532     6.7379 0.0000e+00
      8.121      0.079    12.5103    102.291     31.221  19.817895     4.2029      7.768   270.0388 1.2919e-01     6.9245      7.962     11.548     6.7361 0.0000e+00
      8.141      0.081    12.5104    102.309     31.239  19.829385     4.2017      7.769   270.0129 1.2824e-01     6.8651      7.983     11.578     6.7352 0.0000e+00
      8.164      0.081    12.5060    102.348     31.221  19.818009     4.2071      7.768   270.0601 1.2558e-01     6.8396      8.009     11.615     6.7358 0.0000e+00
      8.185      0.079    12.4990    102.377     31.204  19.807149     4.2265      7.768   270.0932 1.2398e-01     6.8894      8.024     11.638     6.7364 0.0000e+00
      8.209      0.074    12.4956    102.381     31.232  19.824880     4.1953      7.768   270.7572 1.2383e-01     6.8869      8.050     11.676     6.7369 0.0000e+00
      8.231      0.064    12.4990    102.383     31.259  19.842181     4.1043      7.767   272.1517 1.2382e-01     6.7401      8.077     11.715     6.7368 0.0000e+00
      8.246      0.052    12.5051    102.406     31.234  19.826128     4.0414      7.766   272.6714 1.2380e-01     6.5837      8.087     11.729     6.7368 0.0000e+00
      8.257      0.041    12.5097    102.437     31.227  19.820992     4.0340      7.767   272.1369 1.2392e-01     6.5670      8.098     11.745     6.7371 0.0000e+00
      8.263      0.035    12.5091    102.458     31.263  19.843485     4.0408      7.768   271.8834 1.2490e-01     6.6748      8.106     11.757     6.7371 0.0000e+00
      8.265      0.036    12.5069    102.473     31.265  19.844476     4.0405      7.770   272.0156 1.2569e-01     6.7948      8.104     11.754     6.7370 0.0000e+00
      8.268      0.045    12.5119    102.493     31.247  19.832976     4.0386      7.770   271.7568 1.2482e-01     6.8222      8.106     11.757     6.7358 0.0000e+00
      8.277      0.055    12.5168    102.511     31.244  19.831253     4.0427      7.769   271.2495 1.2388e-01     6.8344      8.114     11.768     6.7348 0.0000e+00
      8.295      0.065    12.5190    102.526     31.232  19.823633     4.0896      7.769   271.8185 1.2373e-01     7.0114      8.130     11.791     6.7348 0.0000e+00
      8.322      0.073    12.5201    102.541     31.202  19.804247     4.1728      7.769   273.2157 1.2372e-01     7.2531      8.162     11.838     6.7347 0.0000e+00
      8.349      0.075    12.5231    102.547     31.175  19.787058     4.2085      7.769   273.8600 1.2377e-01     7.3317      8.192     11.882     6.7346 0.0000e+00
      8.369      0.071    12.5262    102.564     31.205  19.806016     4.1964      7.770   273.9304 1.2377e-01     7.3136      8.207     11.904     6.7340 0.0000e+00
      8.384      0.062    12.5261    102.600     31.264  19.843258     4.1845      7.770   274.0665 1.2377e-01     7.1703      8.223     11.926     6.7339 0.0000e+00
      8.398      0.055    12.5308    102.630     31.286  19.856929     4.1729      7.771   273.8709 1.2383e-01     6.8289      8.239     11.949     6.7340 0.0000e+00
      8.408      0.051    12.5290    102.645     31.266  19.844504     4.1641      7.772   273.3729 1.2392e-01     6.6017      8.246     11.959     6.7337 0.0000e+00
      8.415      0.050    12.5307    102.658     31.227  19.819839     4.1705      7.773   273.2070 1.2394e-01     6.6092      8.251     11.966     6.7335 0.0000e+00
      8.427      0.051    12.5373    102.673     31.216  19.812315     4.1920      7.775   273.3278 1.2391e-01     6.5438      8.263     11.984     6.7335 0.0000e+00
      8.444      0.055    12.5411    102.681     31.223  19.816936     4.2079      7.777   273.5432 1.2389e-01     6.3242      8.282     12.011     6.7335 0.0000e+00
      8.461      0.060    12.5422    102.678     31.216  19.812306     4.2041      7.778   273.7458 1.2384e-01     6.1737      8.300     12.038     6.7330 0.0000e+00
      8.475      0.064    12.5434    102.668     31.228  19.819736     4.1962      7.779   273.7128 1.2372e-01     6.1247      8.311     12.054     6.7325 0.0000e+00
      8.490      0.068    12.5464    102.668     31.265  19.843372     4.1956      7.781   273.7458 1.2365e-01     6.1422      8.323     12.072     6.7326 0.0000e+00
      8.508      0.071    12.5467    102.662     31.267  19.844478     4.1640      7.782   273.9732 1.2374e-01     6.3170      8.343     12.101     6.7327 0.0000e+00
      8.528      0.075    12.5472    102.637     31.249  19.833101     4.0877      7.782   274.1400 1.2387e-01     6.5643      8.364     12.131     6.7329 0.0000e+00
      8.548      0.077    12.5439    102.627     31.248  19.832624     4.0390      7.782   274.1272 1.2392e-01     6.6730      8.382     12.157     6.7325 0.0000e+00
      8.569      0.078    12.5455    102.640     31.258  19.838714     4.0409      7.783   273.3884 1.2391e-01     6.6401      8.402     12.186     6.7320 0.0000e+00
      8.592      0.077    12.5466    102.632     31.265  19.843325     4.1026      7.784   272.0907 1.2391e-01     6.4731      8.426     12.220     6.7321 0.0000e+00
      8.612      0.075    12.5401    102.602     31.236  19.824985     4.2108      7.785   271.5147 1.2389e-01     6.2260      8.447     12.251     6.7323 0.0000e+00
      8.628      0.073    12.5382    102.593     31.208  19.807161     4.2589      7.785   271.5857 1.2381e-01     6.1117      8.461     12.272     6.7326 0.0000e+00
      8.645      0.072    12.5432    102.606     31.225  19.818022     4.2437      7.785   271.8311 1.2385e-01     6.1497      8.476     12.293     6.7329 0.0000e+00
      8.663      0.073    12.5422    102.608     31.243  19.829511     4.2016      7.785   272.2445 1.2393e-01     6.4130      8.496     12.323     6.7331 0.0000e+00
      8.680      0.074    12.5349    102.578     31.227  19.819268     4.1316      7.785   272.4545 1.2388e-01     6.8355      8.512     12.347     6.7329 0.0000e+00
      8.698      0.075    12.5350    102.533     31.230  19.820982     4.0883      7.785   272.3911 1.2382e-01     7.0222      8.527     12.368     6.7325 0.0000e+00
      8.720      0.076    12.5380    102.500     31.275  19.850230     4.0786      7.786   271.8227 1.2382e-01     6.9968      8.550     12.401     6.7328 0.0000e+00
      8.742      0.077    12.5394    102.480     31.284  19.855890     4.0561      7.787   270.9168 1.2388e-01     6.8018      8.576     12.438     6.7332 0.0000e+00
      8.761      0.077    12.5350    102.477     31.237  19.826014     4.0150      7.789   270.4717 1.2388e-01     6.4401      8.593     12.462     6.7330 0.0000e+00
      8.777      0.076    12.5270    102.510     31.206  19.806006     3.9817      7.790   270.4843 1.2378e-01     6.2105      8.607     12.483     6.7329 0.0000e+00
      8.797      0.073    12.5240    102.562     31.203  19.804188     3.9699      7.790   270.6398 1.2377e-01     6.1094      8.626     12.511     6.7334 0.0000e+00
      8.818      0.069    12.5216    102.590     31.203  19.804028     3.9721      7.790   270.8031 1.2385e-01     6.0723      8.650     12.544     6.7336 0.0000e+00
      8.837      0.065    12.5195    102.580     31.203  19.804065     3.9661      7.790   270.8231 1.2390e-01     6.1723      8.668     12.571     6.7330 0.0000e+00
      8.852      0.059    12.5243    102.559     31.205  19.804635     3.9396      7.790   270.7096 1.2390e-01     6.3272      8.680     12.590     6.7326 0.0000e+00
      8.867      0.054    12.5338    102.545     31.215  19.810922     3.9100      7.791   270.8933 1.2391e-01     6.3735      8.695     12.611     6.7328 0.0000e+00
      8.880      0.049    12.5377    102.522     31.225  19.816687     3.8985      7.794   271.3243 1.2397e-01     6.3228      8.710     12.632     6.7326 0.0000e+00
      8.890      0.047    12.5348    102.476     31.216  19.810934     3.9095      7.795   271.3599 1.2398e-01     6.2598      8.718     12.646     6.7320 0.0000e+00
      8.898      0.047    12.5311    102.424     31.207  19.804760     3.9268      7.795   271.2379 1.2389e-01     6.1592      8.725     12.655     6.7315 0.0000e+00
      8.909      0.048    12.5313    102.418     31.208  19.805435     3.9237      7.795   271.2255 1.2381e-01     6.0962      8.735     12.669     6.7310 0.0000e+00
      8.924      0.049    12.5290    102.454     31.229  19.819107     3.8977      7.795   271.1237 1.2377e-01     6.1132      8.750     12.691     6.7305 0.0000e+00
      8.939      0.051    12.5235    102.475     31.267  19.843258     3.8284      7.796   270.9540 1.2379e-01     6.1267      8.767     12.715     6.7300 0.0000e+00
      8.952      0.051    12.5135    102.488     31.268  19.843829     3.7194      7.797   270.8951 1.2385e-01     6.1218      8.779     12.734     6.7299 0.0000e+00
      8.964      0.050    12.5120    102.505     31.240  19.826013     3.6525      7.798   271.3578 1.2387e-01     6.0880      8.790     12.749     6.7301 0.0000e+00
      8.977      0.050    12.5223    102.510     31.227  19.818058     3.6354      7.800   272.0744 1.2388e-01     6.0601      8.804     12.768     6.7302 0.0000e+00
      8.988      0.052    12.5220    102.511     31.216  19.811048     3.6121      7.800   272.3323 1.2386e-01     6.1266      8.816     12.786     6.7307 0.0000e+00
      8.999      0.055    12.5226    102.502     31.206  19.804656     3.5877      7.800   272.3243 1.2380e-01     6.2085      8.824     12.798     6.7307 0.0000e+00
      9.012      0.056    12.5275    102.469     31.205  19.804179     3.5814      7.800   272.2367 1.2378e-01     6.1958      8.837     12.817     6.7304 0.0000e+00
      9.030      0.054    12.5256    102.438     31.207  19.805275     3.5779      7.800   272.0475 1.2378e-01     6.1443      8.856     12.843     6.7302 0.0000e+00
      9.049      0.049    12.5271    102.427     31.227  19.817907     3.6288      7.800   271.9294 1.2381e-01     6.2001      8.875     12.872     6.7302 0.0000e+00
