Data/DataNotYetUploadedToEDI/Raw_CTD/RawDownloads/031722_fcr50_0003.cnv
* Sea-Bird SBE19plus  Data File:
* FileName = C:\R\Reservoirs\Data\DataNotYetUploadedToEDI\Raw_CTD\RawDownloads\031722_fcr50_0003.hex
* Software version 2.8.0.119
* Temperature SN = 7809
* Conductivity SN = 7809
* System UpLoad Time = Mar 18 2022 10:50:48
* <ApplicationData>
* <Seaterm232>
# nquan = 16
# nvalues = 1483                        
# units = specified
# name 0 = depFM: Depth [fresh water, m]
# name 1 = dz/dtM: Descent Rate [m/s]
# name 2 = orp: Oxidation Reduction Potential [mV]
# name 3 = sbeox0Mg/L: Oxygen, SBE 43 [mg/l]
# name 4 = sbeox0PS: Oxygen, SBE 43 [% saturation]
# name 5 = par/sat/log: PAR/Logarithmic, Satlantic
# name 6 = ph: pH
# name 7 = specc: Specific Conductance [uS/cm]
# name 8 = c0uS/cm: Conductivity [uS/cm]
# name 9 = flECO-AFL: Fluorescence, WET Labs ECO-AFL/FL [mg/m^3]
# name 10 = turbWETntu0: Turbidity, WET Labs ECO [NTU]
# name 11 = tv290C: Temperature [ITS-90, deg C]
# name 12 = density00: Density [density, kg/m^3]
# name 13 = prdE: Pressure, Strain Gauge [psi]
# name 14 = prdM: Pressure, Strain Gauge [db]
# name 15 = flag:  0.000e+00
# span 0 =     -0.690,      9.325       
# span 1 =     -2.785,      0.170       
# span 2 =   254.5372,  1240.2295       
# span 3 =     6.2596,    10.7681       
# span 4 =     51.590,     92.583       
# span 5 = 1.2365e-01, 3.4971e+02       
# span 6 =      5.565,      7.247       
# span 7 =      0.510,     40.138       
# span 8 =   0.366026,  26.273369       
# span 9 =    -0.1824,    20.0450       
# span 10 =    -0.3813,   225.3439      
# span 11 =     6.6863,    10.8885      
# span 12 =   999.6197,   999.9770      
# span 13 =     -0.981,     13.265      
# span 14 =     -0.677,      9.146      
# span 15 = 0.0000e+00, 0.0000e+00      
# interval = seconds: 0.25
# start_time = Mar 17 2022 07:38:42 [Instrument's time stamp, header]
# bad_flag = -9.990e-29
*END*
[from data line 1266]
      5.799     -0.170   317.4279     7.0549     56.802 1.7133e+00      6.615     37.828  24.172785    11.7715     2.3642     6.9461   999.9487      8.251      5.689 0.0000e+00
      5.750     -0.168   317.3931     7.0322     56.296 1.7849e+00      6.616     37.798  24.155502    11.8892     2.4060     6.9469   999.9483      8.175      5.637 0.0000e+00
      5.705     -0.169   317.4476     7.0092     55.801 1.8440e+00      6.616     37.766  24.136655    11.9608     2.4916     6.9474   999.9481      8.110      5.592 0.0000e+00
      5.668     -0.170   317.5712     6.9659     55.340 1.9217e+00      6.616     37.762  24.135049    11.9551     2.5790     6.9483   999.9480      8.063      5.558 0.0000e+00
      5.629     -0.167   317.5963     6.9037     54.955 2.0126e+00      6.616     37.763  24.136078    11.7453     2.5403     6.9496   999.9478      8.011      5.523 0.0000e+00
      5.585     -0.162   317.5789     6.8406     54.705 2.0980e+00      6.617     37.782  24.149102    11.3556     2.3995     6.9516   999.9474      7.945      5.478 0.0000e+00
      5.538     -0.157   317.6192     6.7791     54.572 2.1861e+00      6.618     37.806  24.165777    11.1466     2.3458     6.9543   999.9470      7.874      5.429 0.0000e+00
      5.493     -0.153   317.6538     6.7223     54.504 2.2682e+00      6.618     37.776  24.147558    11.1324     2.3346     6.9557   999.9468      7.809      5.384 0.0000e+00
      5.456     -0.151   317.6533     6.6701     54.498 2.3331e+00      6.618     37.731  24.118949    11.1085     2.2984     6.9560   999.9466      7.754      5.346 0.0000e+00
      5.426     -0.151   317.6121     6.6411     54.494 2.3956e+00      6.618     37.757  24.136759    11.0500     2.2839     6.9565   999.9464      7.717      5.321 0.0000e+00
      5.396     -0.153   317.5864     6.6303     54.441 2.4726e+00      6.619     37.812  24.172764    11.0157     2.2963     6.9579   999.9463      7.683      5.296 0.0000e+00
      5.356     -0.158   317.6000     6.6175     54.388 2.5825e+00      6.619     37.812  24.174011    11.0344     2.3110     6.9594   999.9460      7.623      5.256 0.0000e+00
      5.307     -0.168   317.5188     6.6213     54.379 2.7077e+00      6.619     37.775  24.151843    11.2424     2.2913     6.9603   999.9456      7.546      5.204 0.0000e+00
      5.261     -0.178   317.2936     6.6249     54.431 2.8197e+00      6.619     37.783  24.158252    11.6170     2.2298     6.9613   999.9454      7.481      5.158 0.0000e+00
      5.218     -0.185   317.2005     6.6132     54.547 2.9434e+00      6.620     37.828  24.188118    11.8180     2.2161     6.9620   999.9451      7.424      5.119 0.0000e+00
      5.171     -0.186   317.3388     6.6054     54.723 3.0984e+00      6.621     37.840  24.196061    11.8429     2.2964     6.9636   999.9449      7.357      5.073 0.0000e+00
      5.119     -0.184   317.4168     6.6028     54.930 3.2575e+00      6.621     37.832  24.190918    11.8594     2.3801     6.9668   999.9445      7.282      5.021 0.0000e+00
      5.067     -0.184   317.3694     6.6092     55.078 3.4069e+00      6.621     37.829  24.189321    11.8675     2.3746     6.9689   999.9441      7.204      4.967 0.0000e+00
      5.021     -0.187   317.3681     6.6231     55.083 3.5469e+00      6.621     37.809  24.176751    11.8665     2.2982     6.9697   999.9439      7.136      4.920 0.0000e+00
      4.981     -0.189   317.4003     6.6444     54.944 3.6786e+00      6.620     37.790  24.165692    11.8713     2.2421     6.9702   999.9437      7.087      4.885 0.0000e+00
      4.939     -0.190   317.4157     6.6747     54.654 3.8358e+00      6.620     37.815  24.182357    11.8672     2.2426     6.9699   999.9435      7.032      4.847 0.0000e+00
      4.887     -0.190   317.3821     6.6979     54.229 4.0357e+00      6.621     37.824  24.188118    11.7082     2.2694     6.9700   999.9433      6.953      4.794 0.0000e+00
      4.829     -0.189   317.2520     6.6960     53.786 4.2542e+00      6.622     37.798  24.171976    11.4222     2.2936     6.9712   999.9429      6.866      4.734 0.0000e+00
      4.775     -0.185   317.2192     6.6794     53.406 4.4460e+00      6.623     37.805  24.177318    11.2724     2.2956     6.9723   999.9426      6.788      4.680 0.0000e+00
      4.730     -0.176   317.4152     6.6465     53.127 4.6147e+00      6.623     37.823  24.189332    11.2870     2.2939     6.9724   999.9424      6.726      4.638 0.0000e+00
      4.689     -0.162   317.5573     6.5856     52.916 4.8124e+00      6.623     37.824  24.190485    11.5824     2.3070     6.9725   999.9422      6.670      4.599 0.0000e+00
      4.650     -0.148   317.4753     6.5301     52.695 5.0127e+00      6.623     37.825  24.191260    12.1142     2.3179     6.9736   999.9419      6.613      4.559 0.0000e+00
      4.615     -0.137   317.4550     6.4816     52.475 5.1674e+00      6.623     37.836  24.198697    12.3987     2.3224     6.9749   999.9417      6.563      4.525 0.0000e+00
      4.583     -0.130   317.5700     6.4472     52.260 5.3035e+00      6.623     37.864  24.217030    12.4248     2.3275     6.9758   999.9415      6.520      4.496 0.0000e+00
      4.552     -0.126   317.5762     6.4302     52.050 5.4574e+00      6.623     37.871  24.222793    12.4890     2.3459     6.9760   999.9414      6.476      4.465 0.0000e+00
      4.521     -0.125   317.5296     6.3985     51.893 5.6140e+00      6.623     37.840  24.204993    12.6009     2.3400     6.9760   999.9412      6.430      4.433 0.0000e+00
      4.491     -0.126   317.5227     6.3721     51.798 5.7635e+00      6.624     37.817  24.191962    12.6536     2.3235     6.9765   999.9411      6.389      4.405 0.0000e+00
      4.461     -0.129   317.4919     6.3486     51.781 5.9268e+00      6.625     37.816  24.191986    12.6519     2.3521     6.9771   999.9409      6.347      4.377 0.0000e+00
      4.426     -0.133   317.5015     6.3171     51.890 6.1189e+00      6.624     37.836  24.205280    12.5467     2.3781     6.9782   999.9407      6.297      4.342 0.0000e+00
      4.390     -0.138   317.5540     6.2990     52.118 6.3376e+00      6.624     37.868  24.225946    12.3388     2.3646     6.9817   999.9403      6.244      4.305 0.0000e+00
      4.355     -0.145   317.6103     6.2872     52.392 6.5488e+00      6.624     37.908  24.251724    12.2186     2.3266     6.9849   999.9400      6.193      4.270 0.0000e+00
      4.321     -0.153   317.6653     6.2807     52.619 6.7619e+00      6.624     37.926  24.263457    12.2001     2.2934     6.9857   999.9398      6.147      4.238 0.0000e+00
      4.284     -0.158   317.7033     6.2947     52.744 7.0364e+00      6.624     37.891  24.241048    12.1657     2.3048     6.9860   999.9397      6.097      4.203 0.0000e+00
      4.239     -0.160   317.7262     6.3260     52.767 7.3771e+00      6.625     37.881  24.234297    12.1026     2.3618     6.9861   999.9394      6.031      4.158 0.0000e+00
      4.192     -0.159   317.7692     6.3634     52.665 7.7285e+00      6.626     37.897  24.245202    12.0612     2.3687     6.9860   999.9392      5.960      4.109 0.0000e+00
      4.147     -0.158   317.8790     6.3948     52.455 8.0410e+00      6.626     37.896  24.246142    12.0395     2.2855     6.9861   999.9391      5.896      4.065 0.0000e+00
      4.108     -0.157   317.9351     6.4068     52.181 8.3018e+00      6.626     37.892  24.245675    12.0234     2.2433     6.9861   999.9389      5.839      4.026 0.0000e+00
      4.074     -0.160   317.7593     6.4131     51.886 8.5335e+00      6.627     37.879  24.239553    11.9503     2.2339     6.9858   999.9387      5.792      3.994 0.0000e+00
      4.042     -0.165   317.5601     6.3999     51.686 8.8116e+00      6.627     37.872  24.235506    11.8048     2.1727     6.9864   999.9385      5.754      3.967 0.0000e+00
      4.002     -0.169   317.5916     6.3694     51.604 9.2120e+00      6.627     37.911  24.260124    11.7205     2.1186     6.9885   999.9383      5.701      3.930 0.0000e+00
      3.951     -0.171   317.7104     6.3389     51.590 9.7035e+00      6.627     37.948  24.283695    11.7213     2.0914     6.9918   999.9378      5.624      3.878 0.0000e+00
      3.895     -0.169   317.8774     6.2920     51.618 1.0161e+01      6.627     37.922  24.266988    11.8567     2.1172     6.9945   999.9374      5.535      3.816 0.0000e+00
      3.846     -0.163   318.0620     6.2684     51.664 1.0509e+01      6.627     37.891  24.248251    12.1087     2.1914     6.9951   999.9371      5.462      3.766 0.0000e+00
      3.808     -0.153   318.0496     6.2629     51.764 1.0807e+01      6.626     37.888  24.247282    12.2462     2.2371     6.9947   999.9370      5.415      3.734 0.0000e+00
      3.777     -0.143   317.8999     6.2596     51.974 1.1101e+01      6.626     37.898  24.255282    12.2372     2.2597     6.9939   999.9370      5.371      3.703 0.0000e+00
      3.748     -0.137   317.8011     6.2668     52.293 1.1364e+01      6.625     37.938  24.281601    12.0253     2.2941     6.9944   999.9367      5.329      3.674 0.0000e+00
      3.720     -0.135   317.7149     6.2695     52.730 1.1687e+01      6.625     37.985  24.311994    11.6485     2.3451     6.9962   999.9365      5.297      3.652 0.0000e+00
      3.685     -0.134   317.7189     6.2775     53.315 1.2143e+01      6.625     37.975  24.305865    11.4433     2.3639     6.9967   999.9364      5.247      3.617 0.0000e+00
      3.641     -0.132   317.8492     6.3043     54.001 1.2601e+01      6.625     37.920  24.270882    11.4257     2.3165     6.9981   999.9360      5.176      3.568 0.0000e+00
      3.600     -0.131   317.9133     6.3434     54.713 1.2939e+01      6.625     37.917  24.269287    11.4432     2.2844     7.0009   999.9357      5.114      3.526 0.0000e+00
      3.569     -0.132   317.8913     6.3911     55.360 1.3175e+01      6.625     37.944  24.286581    11.4717     2.3182     7.0009   999.9356      5.072      3.497 0.0000e+00
      3.546     -0.134   317.9281     6.4679     55.850 1.3420e+01      6.625     37.949  24.289854    11.4881     2.3487     6.9996   999.9356      5.045      3.478 0.0000e+00
      3.520     -0.136   317.9286     6.5527     56.134 1.3805e+01      6.625     37.979  24.308852    11.4912     2.3457     7.0006   999.9354      5.013      3.457 0.0000e+00
      3.485     -0.143   317.7243     6.6424     56.159 1.4330e+01      6.626     38.005  24.326148    11.4931     2.3161     7.0018   999.9352      4.961      3.421 0.0000e+00
      3.440     -0.158   317.5232     6.7278     55.951 1.4860e+01      6.626     37.976  24.308852    11.5523     2.2301     7.0020   999.9349      4.890      3.372 0.0000e+00
      3.395     -0.177   317.3895     6.7852     55.632 1.5324e+01      6.626     37.943  24.289862    11.6660     2.1596     7.0021   999.9347      4.825      3.327 0.0000e+00
      3.354     -0.193   317.3126     6.8262     55.366 1.5869e+01      6.627     37.936  24.286680    11.7193     2.1466     7.0014   999.9346      4.776      3.292 0.0000e+00
      3.308     -0.202   317.3676     6.8265     55.315 1.6641e+01      6.629     37.910  24.270383    11.6974     2.1067     7.0013   999.9344      4.712      3.249 0.0000e+00
      3.249     -0.202   317.4518     6.7952     55.513 1.7596e+01      6.628     37.930  24.282953    11.5345     2.0877     7.0042   999.9340      4.625      3.189 0.0000e+00
      3.183     -0.195   317.3853     6.7496     55.862 1.8570e+01      6.625     37.975  24.311902    11.2470     2.1224     7.0078   999.9334      4.527      3.121 0.0000e+00
      3.122     -0.188   317.1648     6.7075     56.208 1.9319e+01      6.621     37.959  24.303522    11.0925     2.1164     7.0089   999.9331      4.430      3.055 0.0000e+00
      3.079     -0.183   317.0232     6.7007     56.448 1.9723e+01      6.619     37.963  24.308379    11.0741     2.0491     7.0088   999.9329      4.368      3.012 0.0000e+00
      3.052     -0.181   316.8780     6.7297     56.623 2.0097e+01      6.618     37.959  24.307260    10.9995     2.0256     7.0085   999.9328      4.345      2.996 0.0000e+00
      3.022     -0.184   316.6994     6.7792     56.873 2.0812e+01      6.619     37.931  24.289990    10.8640     2.0716     7.0082   999.9328      4.310      2.971 0.0000e+00
      2.974     -0.190   316.7567     6.8266     57.285 2.1848e+01      6.619     37.931  24.289710    10.7932     2.0934     7.0110   999.9323      4.236      2.921 0.0000e+00
      2.913     -0.198   316.9692     6.8532     57.807 2.3071e+01      6.617     37.953  24.303865    10.7587     2.0839     7.0153   999.9318      4.146      2.860 0.0000e+00
      2.847     -0.205   317.0307     6.8652     58.238 2.4315e+01      6.613     37.998  24.334389    10.3138     2.0252     7.0171   999.9313      4.047      2.790 0.0000e+00
      2.787     -0.209   316.8983     6.8922     58.406 2.5293e+01      6.611     38.006  24.341889     9.4839     1.9301     7.0165   999.9311      3.952      2.725 0.0000e+00
      2.743     -0.209   316.8317     6.9436     58.338 2.6043e+01      6.611     37.986  24.331160     9.0312     1.8907     7.0162   999.9310      3.898      2.687 0.0000e+00
      2.705     -0.202   316.9133     7.0170     58.110 2.7054e+01      6.612     37.986  24.331430     8.9936     1.8567     7.0164   999.9308      3.858      2.660 0.0000e+00
      2.653     -0.191   316.9382     7.0809     57.789 2.8506e+01      6.612     38.008  24.345158     8.9213     1.7916     7.0180   999.9304      3.782      2.608 0.0000e+00
      2.590     -0.181   316.7885     7.0941     57.494 2.9969e+01      6.610     38.046  24.370398     8.7808     1.7863     7.0226   999.9299      3.681      2.538 0.0000e+00
      2.534     -0.179   316.4810     7.0823     57.319 3.0984e+01      6.608     38.062  24.383082     8.7014     1.8277     7.0254   999.9295      3.593      2.478 0.0000e+00
      2.495     -0.182   316.2306     7.0547     57.284 3.1585e+01      6.608     38.042  24.371767     8.6855     1.8476     7.0255   999.9293      3.541      2.441 0.0000e+00
      2.469     -0.188   316.0847     7.0070     57.310 3.2376e+01      6.609     38.024  24.360357     8.6722     1.8219     7.0249   999.9293      3.518      2.425 0.0000e+00
      2.434     -0.196   316.0075     6.9692     57.302 3.3766e+01      6.611     38.041  24.371882     8.6067     1.7902     7.0253   999.9292      3.473      2.395 0.0000e+00
      2.380     -0.205   316.1567     6.9443     57.197 3.5660e+01      6.613     38.059  24.384349     8.5014     1.8060     7.0288   999.9287      3.392      2.338 0.0000e+00
      2.310     -0.213   316.3410     6.9450     56.950 3.7850e+01      6.613     38.058  24.384349     8.4559     1.8423     7.0316   999.9281      3.288      2.267 0.0000e+00
      2.239     -0.218   316.3420     6.9530     56.628 3.9893e+01      6.613     38.036  24.371882     8.4477     1.8532     7.0320   999.9278      3.175      2.190 0.0000e+00
      2.179     -0.217   316.0838     6.9522     56.309 4.1456e+01      6.612     38.015  24.360368     8.3607     1.8010     7.0322   999.9276      3.088      2.130 0.0000e+00
      2.134     -0.210   315.6279     6.9455     56.035 4.2812e+01      6.612     38.030  24.371892     8.2197     1.7239     7.0330   999.9274      3.035      2.093 0.0000e+00
      2.093     -0.201   315.3891     6.9092     55.847 4.4416e+01      6.613     38.049  24.384462     8.1664     1.7400     7.0331   999.9272      2.981      2.056 0.0000e+00
      2.044     -0.192   315.5206     6.8660     55.697 4.6341e+01      6.613     38.051  24.385604     8.1824     1.8585     7.0350   999.9268      2.910      2.007 0.0000e+00
      1.990     -0.187   315.5829     6.8275     55.546 4.8485e+01      6.612     38.050  24.385708     8.2295     1.9278     7.0394   999.9263      2.832      1.952 0.0000e+00
