Data/DataNotYetUploadedToEDI/Raw_CTD/RawDownloads/031722_fcr50_0003.cnv
* Sea-Bird SBE19plus  Data File:
* FileName = C:\R\Reservoirs\Data\DataNotYetUploadedToEDI\Raw_CTD\RawDownloads\031722_fcr50_0003.hex
* Software version 2.8.0.119
* Temperature SN = 7809
* Conductivity SN = 7809
* System UpLoad Time = Mar 18 2022 10:50:48
* <ApplicationData>
* <Seaterm232>
# nquan = 16
# nvalues = 1483                        
# units = specified
# name 0 = depFM: Depth [fresh water, m]
# name 1 = dz/dtM: Descent Rate [m/s]
# name 2 = orp: Oxidation Reduction Potential [mV]
# name 3 = sbeox0Mg/L: Oxygen, SBE 43 [mg/l]
# name 4 = sbeox0PS: Oxygen, SBE 43 [% saturation]
# name 5 = par/sat/log: PAR/Logarithmic, Satlantic
# name 6 = ph: pH
# name 7 = specc: Specific Conductance [uS/cm]
# name 8 = c0uS/cm: Conductivity [uS/cm]
# name 9 = flECO-AFL: Fluorescence, WET Labs ECO-AFL/FL [mg/m^3]
# name 10 = turbWETntu0: Turbidity, WET Labs ECO [NTU]
# name 11 = tv290C: Temperature [ITS-90, deg C]
# name 12 = density00: Density [density, kg/m^3]
# name 13 = prdE: Pressure, Strain Gauge [psi]
# name 14 = prdM: Pressure, Strain Gauge [db]
# name 15 = flag:  0.000e+00
# span 0 =     -0.690,      9.325       
# span 1 =     -2.785,      0.170       
# span 2 =   254.5372,  1240.2295       
# span 3 =     6.2596,    10.7681       
# span 4 =     51.590,     92.583       
# span 5 = 1.2365e-01, 3.4971e+02       
# span 6 =      5.565,      7.247       
# span 7 =      0.510,     40.138       
# span 8 =   0.366026,  26.273369       
# span 9 =    -0.1824,    20.0450       
# span 10 =    -0.3813,   225.3439      
# span 11 =     6.6863,    10.8885      
# span 12 =   999.6197,   999.9770      
# span 13 =     -0.981,     13.265      
# span 14 =     -0.677,      9.146      
# span 15 = 0.0000e+00, 0.0000e+00      
# interval = seconds: 0.25
# start_time = Mar 17 2022 07:38:42 [Instrument's time stamp, header]
# bad_flag = -9.990e-29
*END*
[from data line 1356]
      1.886     -0.197   315.3311     6.7700     55.303 5.2183e+01      6.608     38.043  24.385718     8.3815     1.8397     7.0417   999.9257      2.674      1.844 0.0000e+00
      1.849     -0.210   314.8795     6.7558     55.226 5.3635e+01      6.608     38.039  24.385719     8.3783     1.8381     7.0420   999.9256      2.630      1.813 0.0000e+00
      1.809     -0.222   314.2945     6.7310     55.236 5.6028e+01      6.610     38.038  24.385729     8.1152     1.9090     7.0418   999.9254      2.586      1.783 0.0000e+00
      1.749     -0.227   314.1951     6.7209     55.354 5.9654e+01      6.612     38.038  24.385844     7.6225     1.9796     7.0435   999.9250      2.500      1.724 0.0000e+00
      1.671     -0.227   314.3663     6.7028     55.584 6.3810e+01      6.613     38.037  24.387100     7.3482     2.0433     7.0495   999.9244      2.378      1.640 0.0000e+00
      1.592     -0.222   314.3848     6.6893     55.851 6.7301e+01      6.613     38.051  24.400922     7.3292     2.0985     7.0529   999.9238      2.253      1.553 0.0000e+00
      1.533     -0.212   314.3335     6.6924     56.149 6.9402e+01      6.611     38.082  24.426211     7.4090     2.0315     7.0535   999.9235      2.166      1.493 0.0000e+00
      1.496     -0.198   314.3476     6.7022     56.593 7.1055e+01      6.610     38.100  24.439364     7.5385     1.8828     7.0527   999.9234      2.127      1.466 0.0000e+00
      1.462     -0.183   314.1252     6.7379     57.288 7.3312e+01      6.610     38.090  24.433202     7.5973     1.8033     7.0533   999.9231      2.086      1.438 0.0000e+00
      1.422     -0.172   313.7956     6.7689     58.149 7.6189e+01      6.612     38.062  24.415088     7.6042     1.7887     7.0622   999.9226      2.027      1.398 0.0000e+00
      1.373     -0.162   313.7181     6.7969     58.874 7.9555e+01      6.614     38.055  24.410479     7.6134     1.8077     7.0708   999.9220      1.955      1.349 0.0000e+00
      1.320     -0.151   313.7043     6.8446     59.215 8.2894e+01      6.614     38.102  24.440860     7.5838     1.8627     7.0722   999.9216      1.876      1.294 0.0000e+00
      1.271     -0.141   313.6286     6.9302     59.143 8.5186e+01      6.614     38.138  24.465530     7.5206     1.9411     7.0716   999.9214      1.799      1.241 0.0000e+00
      1.241     -0.132   313.5767     7.0524     58.790 8.6121e+01      6.614     38.118  24.455254     7.4901     2.0379     7.0713   999.9213      1.753      1.209 0.0000e+00
      1.226     -0.128   313.5939     7.1522     58.339 8.6833e+01      6.615     38.097  24.443373     7.4983     2.1104     7.0710   999.9212      1.747      1.204 0.0000e+00
      1.210     -0.132   313.7508     7.1931     57.904 8.8640e+01      6.618     38.105  24.448629     7.4698     2.0664     7.0708   999.9212      1.730      1.193 0.0000e+00
      1.179     -0.143   314.0104     7.1783     57.532 9.1718e+01      6.621     38.115  24.455431     7.3867     1.9162     7.0731   999.9210      1.682      1.160 0.0000e+00
      1.134     -0.158   314.0657     7.1248     57.258 9.5584e+01      6.624     38.125  24.462231     7.3261     1.7979     7.0771   999.9205      1.616      1.115 0.0000e+00
      1.081     -0.171   313.9031     7.0657     57.077 9.9550e+01      6.626     38.134  24.467477     7.3113     1.7965     7.0788   999.9202      1.536      1.059 0.0000e+00
      1.027     -0.175   313.8514     7.0121     56.946 1.0309e+02      6.629     38.115  24.455487     7.2740     1.8319     7.0790   999.9199      1.456      1.004 0.0000e+00
      0.980     -0.167   313.8713     6.9642     56.803 1.0640e+02      6.630     38.097  24.444014     7.1998     1.8156     7.0797   999.9197      1.390      0.959 0.0000e+00
      0.938     -0.153   313.6271     6.9315     56.584 1.0986e+02      6.627     38.114  24.455508     7.1545     1.8043     7.0799   999.9195      1.334      0.920 0.0000e+00
      0.901     -0.138   313.2217     6.9126     56.316 1.1281e+02      6.624     38.130  24.467704     7.1592     1.8321     7.0790   999.9193      1.276      0.880 0.0000e+00
      0.871     -0.127   313.4439     6.8978     56.066 1.1462e+02      6.623     38.123  24.464734     7.2568     1.8777     7.0788   999.9192      1.232      0.850 0.0000e+00
      0.848     -0.120   314.2484     6.8856     55.837 1.1677e+02      6.623     38.150  24.482972     7.4118     1.8780     7.0796   999.9191      1.210      0.835 0.0000e+00
      0.822     -0.118   314.5168     6.8577     55.679 1.1999e+02      6.622     38.171  24.498085     7.4766     1.8019     7.0803   999.9189      1.176      0.811 0.0000e+00
      0.787     -0.125   314.2802     6.8178     55.612 1.2265e+02      6.621     38.102  24.457335     7.4657     1.7772     7.0821   999.9187      1.116      0.769 0.0000e+00
      0.755     -0.144   314.1414     6.7924     55.593 1.2448e+02      6.621     38.058  24.433923     7.3137     1.8529     7.0855   999.9184      1.068      0.737 0.0000e+00
      0.728     -0.169   313.8708     6.7583     55.608 1.2703e+02      6.623     38.107  24.468519     7.0023     1.8964     7.0866   999.9182      1.040      0.718 0.0000e+00
      0.691     -0.194   313.4178     6.7386     55.629 1.3195e+02      6.626     38.146  24.495370     6.8140     1.8593     7.0868   999.9181      0.995      0.686 0.0000e+00
      0.635     -0.216   313.2239     6.7340     55.638 1.3900e+02      6.628     38.158  24.505075     6.7938     1.8150     7.0921   999.9175      0.911      0.629 0.0000e+00
      0.563     -0.233   313.1608     6.7282     55.632 1.4678e+02      6.630     38.181  24.522482     6.7912     1.8055     7.0995   999.9167      0.800      0.552 0.0000e+00
      0.488     -0.242   312.9128     6.7330     55.657 1.5426e+02      6.633     38.166  24.515702     6.7240     1.8124     7.1038   999.9162      0.690      0.476 0.0000e+00
      0.423     -0.232   312.7212     6.7338     55.725 1.6110e+02      6.636     38.118  24.486475     6.5967     1.7958     7.1064   999.9158      0.597      0.412 0.0000e+00
      0.363     -0.205   312.7363     6.7371     55.787 1.6712e+02      6.639     38.116  24.486003     6.5261     1.7750     7.1082   999.9154      0.517      0.357 0.0000e+00
      0.307     -0.169   312.7519     6.7319     55.821 1.7284e+02      6.640     38.151  24.510003     6.5196     1.7658     7.1110   999.9150      0.433      0.298 0.0000e+00
      0.263     -0.139   312.4799     6.7325     55.821 1.7722e+02      6.636     38.166  24.523132     6.4181     1.7527     7.1166   999.9145      0.359      0.248 0.0000e+00
      0.241     -0.126   311.8564     6.7453     55.820 1.7797e+02      6.631     38.150  24.517988     6.2141     1.7882     7.1188   999.9143      0.333      0.230 0.0000e+00
      0.233     -0.130   311.2357     6.7517     55.871 1.7917e+02      6.630     38.128  24.511196     6.1005     1.8525     7.1195   999.9143      0.334      0.230 0.0000e+00
      0.221     -0.143   311.0834     6.7575     56.006 1.8077e+02      6.630     38.078  24.504394     6.0775     1.8472     7.1198   999.9142      0.327      0.226 0.0000e+00
      0.188     -0.159   311.3064     6.7543     56.163 1.8693e+02      6.629     37.937  24.499149     6.0024     1.8269     7.1241   999.9138      0.286      0.197 0.0000e+00
      0.123     -0.176   311.3505     6.7515     56.265 2.0682e+02      6.625     37.762  24.511245     5.8743     1.8459     7.1307   999.9133      0.183      0.126 0.0000e+00
      0.047     -0.191   310.9286     6.7524     56.317 2.2348e+02      6.619     37.692  24.524017     5.7942     1.8719     7.1407   999.9123      0.051      0.036 0.0000e+00
     -0.009     -0.198   310.3349     6.7722     56.303 2.3571e+02      6.615     37.755  24.526883     5.7586     1.8679     7.1409   999.9120     -0.028     -0.019 0.0000e+00
     -0.043     -0.193   309.8504     6.7800     56.212 2.7043e+02      6.617     37.880  24.545851     5.5686     1.8327     7.2474   999.9067     -0.057     -0.040 0.0000e+00
     -0.078     -0.175   309.5445     6.7451     56.052 3.0192e+02      6.621     37.970  24.563159     5.2360     1.8557     7.5020   999.8934     -0.101     -0.070 0.0000e+00
     -0.126     -0.152   309.4756     6.7394     55.838 2.9737e+02      6.626     37.976  24.545982     5.0579     1.8731     7.5915   999.8884     -0.177     -0.121 0.0000e+00
     -0.178     -0.128   309.4476     6.7568     55.608 2.8297e+02      6.631     37.961  24.528280     5.0466     1.8376     7.4793   999.8941     -0.260     -0.180 0.0000e+00
     -0.219     -0.103   309.4640     6.7603     55.372 2.7823e+02      6.634     37.982  24.539246     5.0913     1.8362     7.3848   999.8989     -0.323     -0.223 0.0000e+00
     -0.241     -0.073   309.6740     6.7508     55.166 2.7817e+02      6.636     38.014  24.551819     5.1734     1.8562     7.3345   999.9013     -0.352     -0.243 0.0000e+00
     -0.246     -0.039   309.9211     6.7243     55.006 2.7892e+02      6.636     38.040  24.553530     5.2157     1.8745     7.3098   999.9026     -0.353     -0.244 0.0000e+00
     -0.243     -0.011   309.9567     6.7004     54.841 2.7954e+02      6.634     38.071  24.559920     5.2119     1.8527     7.3028   999.9030     -0.346     -0.238 0.0000e+00
     -0.237      0.007   309.7603     6.6689     54.623 2.8031e+02      6.631     38.092  24.565692     5.2099     1.7975     7.3052   999.9029     -0.338     -0.232 0.0000e+00
     -0.232      0.014   309.6120     6.6428     54.326 2.8044e+02      6.629     38.090  24.559932     5.2924     1.7879     7.2964   999.9033     -0.329     -0.228 0.0000e+00
     -0.227      0.014   309.7980     6.6329     53.996 2.7968e+02      6.627     38.083  24.553652     5.4590     1.8387     7.2708   999.9047     -0.322     -0.222 0.0000e+00
     -0.222      0.008   310.0301     6.6164     53.694 2.7881e+02      6.623     38.084  24.553142     5.5521     1.8999     7.2509   999.9057     -0.314     -0.217 0.0000e+00
     -0.219     -0.009   309.4939     6.5949     53.410 2.7848e+02      6.616     38.087  24.553757     5.5437     2.1858     7.2418   999.9061     -0.310     -0.214 0.0000e+00
     -0.219     -0.044   308.0470     6.5571     53.129 2.7757e+02      6.612     38.103  24.561088     5.4829     5.8424     7.2372   999.9064     -0.312     -0.214 0.0000e+00
     -0.221     -0.095   305.8717     6.5127     52.889 2.7537e+02      6.615     38.235  24.641779     5.3913    12.6350     7.2348   999.9065     -0.313     -0.215 0.0000e+00
     -0.232     -0.150   303.2392     6.4791     52.736 2.7056e+02      6.619     38.927  25.085726     5.3424    16.3376     7.2338   999.9065     -0.315     -0.217 0.0000e+00
     -0.273     -0.196   302.2013     6.4458     52.762 2.6008e+02      6.620     40.138  25.872438     5.3003    16.7926     7.2335   999.9063     -0.360     -0.249 0.0000e+00
     -0.358     -0.224   309.9286     6.4106     53.421 2.4523e+02      6.623     39.885  25.724060     4.9564    18.5117     7.2295   999.9062     -0.497     -0.343 0.0000e+00
     -0.458     -0.232   331.3666     6.3795     55.532 2.3438e+02      6.629     31.280  20.185969     4.3646    21.6835     7.2218   999.9058     -0.670     -0.462 0.0000e+00
     -0.535     -0.220   361.2776     6.3626     59.479 2.3103e+02      6.635     16.034  10.354019     4.0616    23.5794     7.2160   999.9062     -0.778     -0.536 0.0000e+00
     -0.580     -0.189   392.3832     6.3503     64.696 2.2927e+02      6.639      7.501   4.848583     4.0064    25.2766     7.2225   999.9059     -0.830     -0.572 0.0000e+00
     -0.608     -0.145   414.5839     6.3779     69.993 2.2517e+02      6.639      6.449   4.170520     3.6306    41.8283     7.2442   999.9060     -0.870     -0.599 0.0000e+00
     -0.628     -0.102   429.6629     6.6060     74.270 2.1473e+02      6.638      6.269   4.055089     2.9642    72.1397     7.2744   999.9021     -0.892     -0.614 0.0000e+00
     -0.651     -0.070   450.2890     7.1055     77.120 1.9836e+02      6.637      5.828   3.769474     2.5987    88.6725     7.3076   999.8917     -0.922     -0.636 0.0000e+00
     -0.672     -0.049   469.6965     7.7864     78.818 1.8549e+02      6.632      5.513   3.566259     2.5908    90.1596     7.3304   999.8886     -0.968     -0.668 0.0000e+00
     -0.681     -0.034   478.2144     8.4766     79.796 1.7993e+02      6.622      5.603   3.624066     2.9937    90.7008     7.3384   999.8891     -0.972     -0.670 0.0000e+00
     -0.681     -0.021   479.1983     9.0067     80.255 1.7771e+02      6.610      5.637   3.645347     7.4199    95.6942     7.3404   999.8885     -0.967     -0.667 0.0000e+00
     -0.681     -0.010   477.0328     9.3322     80.353 1.7475e+02      6.596      5.423   3.507008    15.5243   104.8285     7.3408   999.8885     -0.970     -0.669 0.0000e+00
     -0.681     -0.002   479.9080     9.5112     80.265 1.7355e+02      6.585      5.073   3.280975    19.9160   110.0057     7.3403   999.8882     -0.968     -0.666 0.0000e+00
     -0.681 -2.710e-07   493.9150     9.6277     80.075 1.7564e+02      6.580      4.738   3.065005    20.0450   113.0986     7.3393   999.8886     -0.969     -0.668 0.0000e+00
     -0.681 -2.710e-07   508.2967     9.6765     79.872 1.7257e+02      6.575      4.713   3.048307    17.2169   142.5318     7.3382   999.8885     -0.968     -0.668 0.0000e+00
     -0.681 -2.463e-08   514.4132     9.6772     79.741 1.6147e+02      6.570      5.054   3.269013    11.9726   196.3972     7.3373   999.8885     -0.969     -0.668 0.0000e+00
     -0.681 -2.240e-09   517.0191     9.6677     79.644 1.5160e+02      6.565      5.341   3.454334     9.0890   225.3439     7.3366   999.8884     -0.969     -0.668 0.0000e+00
     -0.682 -2.036e-10   519.4995     9.6398     79.519 1.4592e+02      6.560      5.339   3.452984     8.7185   222.9376     7.3359   999.8884     -0.970     -0.669 0.0000e+00
     -0.682 -1.851e-11   519.6238     9.6100     79.399 1.3877e+02      6.555      5.225   3.379317     7.6352   167.4395     7.3352   999.8883     -0.969     -0.668 0.0000e+00
     -0.681 -1.684e-12   517.3175     9.5973     79.294 1.2898e+02      6.549      5.138   3.323367     5.6961    65.2780     7.3349   999.8885     -0.969     -0.668 0.0000e+00
     -0.681 -1.740e-13   514.1567     9.5916     79.226 1.2009e+02      6.544      4.978   3.219690     4.6320     9.4884     7.3347   999.8887     -0.969     -0.668 0.0000e+00
     -0.682 -2.452e-13   513.2410     9.5707     79.236 1.1557e+02      6.539      4.658   3.012123     4.5158     4.3959     7.3345   999.8887     -0.969     -0.668 0.0000e+00
     -0.682 -2.546e-12   513.9899     9.5579     79.253 1.1771e+02      6.534      4.195   2.713017     4.3997     4.2168     7.3343   999.8886     -0.970     -0.669 0.0000e+00
     -0.682 -2.799e-11   511.8539     9.5462     79.246 1.2723e+02      6.525      3.694   2.388857     4.2095     4.7608     7.3338   999.8886     -0.969     -0.668 0.0000e+00
     -0.682 -3.079e-10   511.9361     9.5307     79.235 1.4492e+02      6.510      3.492   2.258196     4.0892     5.0985     7.3335   999.8886     -0.970     -0.669 0.0000e+00
     -0.682 -3.387e-09   516.1876     9.5404     79.200 1.8136e+02      6.493      3.612   2.336063     3.9774     4.9866     7.3335   999.8885     -0.970     -0.669 0.0000e+00
     -0.682 -3.726e-08   522.3897     9.5430     79.165 2.4127e+02      6.475      3.681   2.380725     3.0241     3.7150     7.3334   999.8884     -0.969     -0.668 0.0000e+00
     -0.682 -4.098e-07   527.8169     9.5378     79.120 2.9962e+02      6.453      3.641   2.355047     1.2933     1.4398     7.3336   999.8882     -0.969     -0.668 0.0000e+00
     -0.682     -0.000   525.2802     9.5423     79.030 3.3560e+02      6.425      3.620   2.342127     0.3459     0.1943     7.3341   999.8881     -0.970     -0.668 0.0000e+00
     -0.682     -0.000   512.5394     9.5327     78.879 3.4971e+02      6.398      3.634   2.351131     0.2504     0.0992     7.3350   999.8882     -0.971     -0.669 0.0000e+00
