Data/DataNotYetUploadedToEDI/Raw_CTD/RawDownloads/031722_fcr50_0001.cnv
* Sea-Bird SBE19plus  Data File:
* FileName = C:\R\Reservoirs\Data\DataNotYetUploadedToEDI\Raw_CTD\RawDownloads\031722_fcr50_0001.hex
* Software version 2.8.0.119
* Temperature SN = 7809
* Conductivity SN = 7809
* System UpLoad Time = Mar 18 2022 10:49:57
* <ApplicationData>
* <Seaterm232>
# nquan = 16
# nvalues = 2840                        
# units = specified
# name 0 = depFM: Depth [fresh water, m]
# name 1 = dz/dtM: Descent Rate [m/s]
# name 2 = orp: Oxidation Reduction Potential [mV]
# name 3 = sbeox0Mg/L: Oxygen, SBE 43 [mg/l]
# name 4 = sbeox0PS: Oxygen, SBE 43 [% saturation]
# name 5 = par/sat/log: PAR/Logarithmic, Satlantic
# name 6 = ph: pH
# name 7 = specc: Specific Conductance [uS/cm]
# name 8 = c0uS/cm: Conductivity [uS/cm]
# name 9 = flECO-AFL: Fluorescence, WET Labs ECO-AFL/FL [mg/m^3]
# name 10 = turbWETntu0: Turbidity, WET Labs ECO [NTU]
# name 11 = tv290C: Temperature [ITS-90, deg C]
# name 12 = density00: Density [density, kg/m^3]
# name 13 = prdE: Pressure, Strain Gauge [psi]
# name 14 = prdM: Pressure, Strain Gauge [db]
# name 15 = flag:  0.000e+00
# span 0 =     -0.700,      9.708       
# span 1 =     -3.857,      3.857       
# span 2 = -1240.7455,  1240.2295       
# span 3 =    -0.3238,    10.9500       
# span 4 =     -2.385,     96.434       
# span 5 = 1.2366e-01, 1.0676e+03       
# span 6 =     -2.856,     11.849       
# span 7 =      0.560,    361.438       
# span 8 =   0.386743, 228.604025       
# span 9 =    -0.3988,    54.7087       
# span 10 =    -1.4831,   105.3822      
# span 11 =     6.6155,    11.8284      
# span 12 =   999.5204,  1000.1008      
# span 13 =     -0.997,     13.809      
# span 14 =     -0.687,      9.521      
# span 15 = 0.0000e+00, 0.0000e+00      
# interval = seconds: 0.25
# start_time = Mar 17 2022 07:12:18 [Instrument's time stamp, header]
# bad_flag = -9.990e-29
*END*
[from data line 1356]
      7.096      0.027   331.8328     8.7446     71.682 4.9454e-01      6.302     37.688  24.010490    11.7170     2.6520     6.8529   999.9590     10.093      6.959 0.0000e+00
      7.104      0.032   331.7277     8.7419     71.630 4.9326e-01      6.302     37.668  23.997352    11.7593     2.5984     6.8547   999.9589     10.106      6.968 0.0000e+00
      7.109      0.037   332.0221     8.7440     71.587 4.9654e-01      6.303     37.675  24.002493    11.7743     2.5612     6.8543   999.9590     10.110      6.970 0.0000e+00
      7.118      0.037   332.7251     8.7452     71.550 4.8462e-01      6.304     37.684  24.009274    11.8224     2.5780     6.8532   999.9590     10.121      6.978 0.0000e+00
      7.133      0.035   333.1716     8.7294     71.523 4.7379e-01      6.304     37.693  24.015969    11.9173     2.5969     6.8517   999.9592     10.145      6.995 0.0000e+00
      7.147      0.032   333.2055     8.7266     71.452 4.7262e-01      6.304     37.698  24.020072    11.9639     2.5846     6.8520   999.9592     10.169      7.012 0.0000e+00
      7.154      0.030   333.0485     8.7218     71.391 4.7119e-01      6.306     37.658  23.995507    11.9695     2.5656     6.8531   999.9593     10.179      7.018 0.0000e+00
      7.157      0.029   332.6497     8.7126     71.438 4.7123e-01      6.306     37.622  23.972462    12.0019     2.5716     6.8548   999.9592     10.179      7.018 0.0000e+00
      7.159      0.029   332.4270     8.7169     71.548 4.7451e-01      6.306     37.657  23.994942    12.1977     2.5895     6.8565   999.9591     10.180      7.019 0.0000e+00
      7.164      0.030   332.5937     8.7042     71.660 4.7061e-01      6.307     37.687  24.013798    12.5473     2.5768     6.8574   999.9591     10.185      7.023 0.0000e+00
      7.174      0.032   332.8577     8.6879     71.761 4.5812e-01      6.308     37.681  24.010322    12.7501     2.5551     6.8579   999.9591     10.203      7.035 0.0000e+00
      7.188      0.035   333.1245     8.6995     71.838 4.4758e-01      6.308     37.690  24.016291    12.7775     2.5998     6.8586   999.9591     10.226      7.050 0.0000e+00
      7.199      0.039   333.3245     8.7158     71.919 4.4070e-01      6.308     37.702  24.022585    12.7027     2.6730     6.8586   999.9592     10.242      7.062 0.0000e+00
      7.206      0.040   333.2970     8.7281     72.010 4.3913e-01      6.308     37.706  24.023050    12.5450     2.6548     6.8578   999.9593     10.249      7.066 0.0000e+00
      7.213      0.040   333.3085     8.7432     72.040 4.2778e-01      6.308     37.707  24.021907    12.4441     2.5849     6.8587   999.9593     10.256      7.071 0.0000e+00
      7.224      0.040   333.4633     8.7497     71.998 4.0961e-01      6.308     37.687  24.008759    12.4147     2.5792     6.8592   999.9593     10.273      7.083 0.0000e+00
      7.238      0.041   333.4476     8.7580     71.924 4.0349e-01      6.308     37.657  23.990837    12.2730     2.6201     6.8572   999.9595     10.295      7.098 0.0000e+00
      7.250      0.045   333.3763     8.7759     71.826 3.9730e-01      6.308     37.665  23.995351    12.0036     2.6353     6.8545   999.9596     10.316      7.113 0.0000e+00
      7.259      0.050   333.4626     8.7806     71.743 3.9560e-01      6.307     37.675  23.999960    11.8460     2.6259     6.8514   999.9598     10.326      7.120 0.0000e+00
      7.267      0.053   333.5445     8.7709     71.727 4.0651e-01      6.307     37.653  23.983181    11.8073     2.6094     6.8507   999.9599     10.331      7.124 0.0000e+00
      7.280      0.053   333.5912     8.7640     71.767 4.0618e-01      6.307     37.657  23.982605    11.7446     2.6405     6.8533   999.9598     10.352      7.138 0.0000e+00
      7.300      0.053   333.6834     8.7499     71.846 3.8838e-01      6.308     37.676  23.992994    11.6537     2.7290     6.8535   999.9599     10.384      7.160 0.0000e+00
      7.320      0.052   333.7132     8.7359     71.927 3.8473e-01      6.308     37.661  23.982038    11.5982     2.7574     6.8498   999.9602     10.416      7.180 0.0000e+00
      7.333      0.049   333.3487     8.7379     71.966 3.9012e-01      6.307     37.654  23.976886    11.5978     2.7446     6.8453   999.9604     10.435      7.194 0.0000e+00
      7.340      0.044   332.8038     8.7434     72.000 3.8555e-01      6.308     37.681  23.994074    11.7070     2.7455     6.8414   999.9606     10.438      7.197 0.0000e+00
      7.348      0.038   332.7180     8.7543     72.061 3.8049e-01      6.308     37.690  23.999732    11.9116     2.6997     6.8385   999.9608     10.449      7.204 0.0000e+00
      7.359      0.033   332.9137     8.7699     72.143 3.7470e-01      6.308     37.662  23.981915    12.0248     2.5998     6.8372   999.9609     10.471      7.219 0.0000e+00
      7.369      0.033   333.0195     8.7704     72.243 3.7065e-01      6.308     37.641  23.968777    12.0344     2.5292     6.8367   999.9610     10.483      7.228 0.0000e+00
      7.374      0.034   333.2230     8.7722     72.302 3.6588e-01      6.309     37.641  23.967634    12.0530     2.5288     6.8364   999.9610     10.485      7.229 0.0000e+00
      7.380      0.036   333.5660     8.7829     72.283 3.5320e-01      6.309     37.643  23.968097    12.3158     2.5607     6.8366   999.9610     10.494      7.236 0.0000e+00
      7.390      0.039   333.2954     8.7891     72.223 3.3849e-01      6.309     37.655  23.974382    12.7989     2.6076     6.8370   999.9610     10.511      7.248 0.0000e+00
      7.402      0.044   332.4469     8.8068     72.171 3.3736e-01      6.310     37.666  23.980247    13.0506     2.6180     6.8367   999.9611     10.528      7.259 0.0000e+00
      7.413      0.048   332.0822     8.8163     72.156 3.5078e-01      6.312     37.660  23.975629    13.0528     2.5835     6.8358   999.9612     10.543      7.269 0.0000e+00
      7.428      0.050   332.0702     8.8109     72.152 3.5636e-01      6.313     37.670  23.981925    12.9673     2.6005     6.8348   999.9613     10.563      7.283 0.0000e+00
      7.443      0.051   332.0436     8.8031     72.142 3.4823e-01      6.313     37.686  23.992991    12.8240     2.6531     6.8331   999.9615     10.589      7.301 0.0000e+00
      7.455      0.051   332.3624     8.7935     72.092 3.3193e-01      6.313     37.668  23.982677    12.7440     2.6386     6.8307   999.9617     10.605      7.312 0.0000e+00
      7.466      0.047   332.9130     8.7958     71.987 3.1269e-01      6.313     37.667  23.983971    12.7145     2.5961     6.8302   999.9617     10.617      7.319 0.0000e+00
      7.481      0.042   333.2813     8.7941     71.849 3.0304e-01      6.314     37.701  24.008646    12.5840     2.6506     6.8306   999.9618     10.640      7.336 0.0000e+00
      7.496      0.037   333.0295     8.7951     71.714 3.0714e-01      6.314     37.728  24.027511    12.3567     2.7863     6.8309   999.9619     10.667      7.354 0.0000e+00
      7.502      0.033   332.1908     8.7902     71.648 3.2034e-01      6.314     37.720  24.021941    12.2306     2.8705     6.8316   999.9618     10.673      7.358 0.0000e+00
      7.504      0.030   331.7451     8.7739     71.665 3.1946e-01      6.314     37.695  24.004666    12.2241     2.8489     6.8348   999.9617     10.669      7.356 0.0000e+00
      7.509      0.029   331.9418     8.7572     71.719 3.0156e-01      6.314     37.703  24.008771    12.3282     2.7638     6.8404   999.9615     10.679      7.363 0.0000e+00
      7.519      0.032   332.2458     8.7343     71.750 2.9827e-01      6.314     37.703  24.008195    12.5402     2.6617     6.8427   999.9614     10.695      7.374 0.0000e+00
      7.527      0.039   332.4954     8.7265     71.723 3.0402e-01      6.313     37.685  23.997701    12.6648     2.5700     6.8410   999.9616     10.707      7.382 0.0000e+00
      7.535      0.046   332.6379     8.7321     71.680 2.9344e-01      6.313     37.700  24.008638    12.6622     2.5091     6.8394   999.9616     10.714      7.388 0.0000e+00
      7.547      0.051   332.5921     8.7406     71.653 2.8182e-01      6.314     37.707  24.013685    12.6165     2.4730     6.8380   999.9618     10.730      7.398 0.0000e+00
      7.563      0.053   332.3714     8.7487     71.625 2.8246e-01      6.314     37.681  23.995353    12.5621     2.4755     6.8360   999.9620     10.758      7.417 0.0000e+00
      7.582      0.053   332.1209     8.7411     71.608 2.8493e-01      6.314     37.657  23.977116    12.5369     2.5388     6.8372   999.9620     10.786      7.437 0.0000e+00
      7.598      0.052   331.9715     8.7328     71.596 2.7952e-01      6.315     37.672  23.983298    12.5354     2.5890     6.8410   999.9619     10.810      7.453 0.0000e+00
      7.609      0.049   332.0288     8.7331     71.591 2.6150e-01      6.315     37.712  24.006722    12.5365     2.5695     6.8425   999.9619     10.825      7.463 0.0000e+00
      7.617      0.045   332.2110     8.7267     71.595 2.5130e-01      6.314     37.717  24.006826    12.5337     2.5765     6.8395   999.9620     10.833      7.469 0.0000e+00
      7.626      0.043   332.2812     8.7279     71.574 2.5110e-01      6.314     37.687  23.984555    12.5258     2.6400     6.8338   999.9623     10.845      7.478 0.0000e+00
      7.638      0.045   332.5330     8.7270     71.519 2.4958e-01      6.315     37.702  23.990955    12.5085     2.6544     6.8305   999.9625     10.863      7.491 0.0000e+00
      7.650      0.050   332.9331     8.7247     71.426 2.5514e-01      6.315     37.753  24.020820    12.4745     2.6135     6.8281   999.9627     10.881      7.502 0.0000e+00
      7.661      0.055   332.9031     8.7308     71.317 2.5520e-01      6.315     37.768  24.028762    12.3308     2.6230     6.8232   999.9630     10.896      7.512 0.0000e+00
      7.675      0.056   332.6867     8.7276     71.231 2.4334e-01      6.316     37.762  24.023610    12.0863     2.7356     6.8181   999.9632     10.913      7.524 0.0000e+00
      7.693      0.053   332.6391     8.7228     71.139 2.3530e-01      6.316     37.761  24.021891    11.9484     2.8482     6.8145   999.9635     10.938      7.542 0.0000e+00
      7.713      0.049   332.5853     8.7121     71.026 2.2836e-01      6.316     37.740  24.007980    11.9204     2.8562     6.8118   999.9638     10.975      7.566 0.0000e+00
      7.728      0.044   332.4667     8.6944     70.913 2.2256e-01      6.316     37.699  23.982168    11.7897     2.8330     6.8097   999.9639     10.999      7.583 0.0000e+00
      7.733      0.038   332.8402     8.6884     70.810 2.2409e-01      6.316     37.669  23.963311    11.5501     2.8408     6.8073   999.9640     10.999      7.584 0.0000e+00
      7.736      0.033   333.5734     8.6780     70.717 2.2403e-01      6.316     37.678  23.970110    11.4280     2.8482     6.8055   999.9641     10.999      7.585 0.0000e+00
      7.743      0.028   333.7601     8.6619     70.636 2.2226e-01      6.318     37.724  24.001005    11.4367     2.8545     6.8054   999.9641     11.013      7.593 0.0000e+00
      7.752      0.028   333.6356     8.6490     70.598 2.2161e-01      6.320     37.752  24.019965    11.4641     2.8480     6.8052   999.9642     11.027      7.603 0.0000e+00
      7.760      0.031   333.6163     8.6354     70.604 2.1932e-01      6.319     37.734  24.009225    11.5019     2.8380     6.8052   999.9642     11.037      7.610 0.0000e+00
      7.767      0.033   333.4407     8.6254     70.626 2.2332e-01      6.318     37.715  23.997909    11.5350     2.8358     6.8072   999.9641     11.047      7.616 0.0000e+00
      7.774      0.032   333.1469     8.6117     70.651 2.3123e-01      6.319     37.735  24.009905    11.5645     2.7883     6.8096   999.9641     11.055      7.622 0.0000e+00
      7.785      0.029   333.4197     8.6067     70.644 2.2658e-01      6.321     37.765  24.027505    11.6676     2.6733     6.8112   999.9641     11.072      7.634 0.0000e+00
      7.797      0.028   334.1572     8.6103     70.610 2.1770e-01      6.322     37.755  24.020583    11.8324     2.5726     6.8127   999.9641     11.093      7.649 0.0000e+00
      7.803      0.028   334.4934     8.6107     70.615 2.1740e-01      6.322     37.705  23.989586    11.9182     2.5613     6.8134   999.9641     11.102      7.655 0.0000e+00
      7.804      0.028   334.4737     8.6177     70.657 2.1525e-01      6.322     37.671  23.969596    11.9310     2.6049     6.8122   999.9641     11.098      7.652 0.0000e+00
      7.807      0.027   334.3497     8.6178     70.704 2.0511e-01      6.322     37.672  23.969019    11.9371     2.6210     6.8102   999.9642     11.102      7.654 0.0000e+00
      7.816      0.026   334.1113     8.6077     70.737 1.9433e-01      6.323     37.698  23.982619    11.9250     2.5513     6.8091   999.9643     11.116      7.664 0.0000e+00
      7.828      0.026   333.9138     8.6099     70.742 1.8875e-01      6.323     37.740  24.007270    11.8929     2.4796     6.8110   999.9643     11.133      7.677 0.0000e+00
      7.840      0.027   334.1130     8.6159     70.748 1.8585e-01      6.323     37.751  24.013564    11.8743     2.5395     6.8143   999.9642     11.152      7.690 0.0000e+00
      7.845      0.027   334.7137     8.6222     70.795 1.8645e-01      6.324     37.724  23.995345    11.8656     2.6272     6.8129   999.9643     11.161      7.695 0.0000e+00
      7.846      0.028   335.1539     8.6291     70.877 1.9085e-01      6.324     37.699  23.977117    11.7385     2.6175     6.8069   999.9645     11.159      7.693 0.0000e+00
      7.849      0.033   335.2197     8.6286     70.986 1.9379e-01      6.324     37.710  23.983300    11.5029     2.5935     6.8041   999.9647     11.162      7.696 0.0000e+00
      7.857      0.040   335.0795     8.6263     71.099 1.9459e-01      6.325     37.747  24.006720    11.3801     2.6090     6.8049   999.9647     11.174      7.704 0.0000e+00
      7.869      0.047   334.9206     8.6339     71.129 1.9035e-01      6.325     37.748  24.006777    11.3943     2.6348     6.8019   999.9649     11.190      7.715 0.0000e+00
      7.884      0.053   334.9332     8.6459     71.073 1.8066e-01      6.324     37.715  23.983987    11.5574     2.7340     6.7981   999.9651     11.213      7.730 0.0000e+00
      7.904      0.057   335.0601     8.6569     70.986 1.7457e-01      6.324     37.721  23.984682    11.8471     2.9209     6.7982   999.9652     11.244      7.752 0.0000e+00
      7.921      0.057   335.0778     8.6788     70.876 1.7139e-01      6.325     37.774  24.015176    12.0088     3.0161     6.7980   999.9653     11.271      7.771 0.0000e+00
      7.934      0.054   335.1480     8.6818     70.747 1.6299e-01      6.325     37.812  24.035795    12.0392     2.9964     6.7972   999.9654     11.286      7.781 0.0000e+00
      7.945      0.049   335.3068     8.6700     70.611 1.5852e-01      6.325     37.828  24.043851    12.0726     2.9565     6.7955   999.9655     11.298      7.789 0.0000e+00
      7.959      0.045   335.3625     8.6634     70.497 1.6206e-01      6.326     37.838  24.049202    12.0966     2.9089     6.7908   999.9658     11.322      7.806 0.0000e+00
      7.972      0.042   335.4777     8.6484     70.413 1.6198e-01      6.326     37.821  24.037114    12.0962     2.8990     6.7860   999.9661     11.342      7.820 0.0000e+00
      7.979      0.041   335.5811     8.6350     70.349 1.5481e-01      6.326     37.802  24.024450    12.0917     2.9399     6.7821   999.9663     11.347      7.823 0.0000e+00
      7.986      0.039   335.4076     8.6166     70.314 1.4935e-01      6.326     37.801  24.022836    12.1014     2.9590     6.7792   999.9664     11.355      7.828 0.0000e+00
      7.997      0.034   334.9283     8.6018     70.241 1.5660e-01      6.327     37.795  24.017599    12.1635     2.8909     6.7777   999.9666     11.375      7.843 0.0000e+00
      8.010      0.031   334.6052     8.5953     70.106 1.6331e-01      6.328     37.806  24.024503    12.2678     2.7994     6.7763   999.9667     11.396      7.857 0.0000e+00
