Data/DataNotYetUploadedToEDI/Raw_CTD/RawDownloads/031725_fcr50_S7809001.cnv
* Sea-Bird SBE19plus  Data File:
* FileName = C:\R\Reservoirs\Data\DataNotYetUploadedToEDI\Raw_CTD\RawDownloads\031725_fcr50_S7809_0001.hex
* Software version 2.8.0.119
* Temperature SN = 7809
* Conductivity SN = 7809
* System UpLoad Time = Mar 25 2025 10:59:07
* <ApplicationData>
* <Seaterm232>
# nquan = 15
# nvalues = 1735                        
# units = specified
# name 0 = depFM: Depth [fresh water, m]
# name 1 = dz/dtM: Descent Rate [m/s]
# name 2 = sbeox0Mg/L: Oxygen, SBE 43 [mg/l]
# name 3 = sbeox0PS: Oxygen, SBE 43 [% saturation]
# name 4 = specc: Specific Conductance [uS/cm]
# name 5 = c0uS/cm: Conductivity [uS/cm]
# name 6 = flECO-AFL: Fluorescence, WET Labs ECO-AFL/FL [mg/m^3]
# name 7 = ph: pH
# name 8 = orp: Oxidation Reduction Potential [mV]
# name 9 = par/sat/log: PAR/Logarithmic, Satlantic
# name 10 = turbWETntu0: Turbidity, WET Labs ECO [NTU]
# name 11 = prdM: Pressure, Strain Gauge [db]
# name 12 = prdE: Pressure, Strain Gauge [psi]
# name 13 = tv290C: Temperature [ITS-90, deg C]
# name 14 = flag:  0.000e+00
# span 0 =     -0.687,      9.572       
# span 1 =     -0.490,      2.978       
# span 2 =     6.3511,    12.9825       
# span 3 =     56.988,    106.302       
# span 4 =     -0.332,    222.976       
# span 5 =  -0.215736, 141.844576       
# span 6 =    -1.6253,     6.5036       
# span 7 =     -2.644,     13.921       
# span 8 = -1240.7455,  1240.2295       
# span 9 = 1.2365e-01, 2.0604e+03       
# span 10 =    -0.1337,   136.8330      
# span 11 =     -0.674,      9.390      
# span 12 =     -0.978,     13.619      
# span 13 =     6.7299,    11.3262      
# span 14 = 0.0000e+00, 0.0000e+00      
# interval = seconds: 0.25
# start_time = Mar 17 2025 10:20:19 [Instrument's time stamp, header]
# bad_flag = -9.990e-29
*END*
[from data line 964]
      0.221      0.095     8.1560     76.897     31.434  22.541930     1.7588      7.467   242.2997 8.4282e+02     5.0180      0.221      0.320    10.8619 0.0000e+00
      0.241      0.121     8.3163     76.861     31.433  22.566855     1.7024      7.464   242.7184 8.5233e+02     5.1342      0.239      0.346    10.8476 0.0000e+00
      0.260      0.145     8.4378     76.682     31.454  22.602486     1.6700      7.455   243.0430 8.7539e+02     5.1591      0.250      0.363    10.8126 0.0000e+00
      0.292      0.160     8.5092     76.452     31.437  22.592296     1.6512      7.441   242.3521 7.5024e+02     5.1481      0.276      0.400    10.8128 0.0000e+00
      0.349      0.163     8.5161     76.223     31.422  22.570479     1.6333      7.425   240.9910 7.0423e+02     5.1383      0.335      0.485    10.8512 0.0000e+00
      0.420      0.153     8.5017     76.025     31.448  22.592318     1.6451      7.413   240.5238 5.7208e+02     5.1094      0.420      0.608    10.8945 0.0000e+00
      0.477      0.133     8.4689     75.991     31.435  22.602712     1.6769      7.405   240.5755 4.5294e+02     5.0375      0.482      0.698    10.9386 0.0000e+00
      0.502      0.102     8.4389     76.226     31.367  22.569353     1.6851      7.402   240.5835 4.6844e+02     4.9524      0.498      0.723    10.9446 0.0000e+00
      0.508      0.065     8.4259     76.682     31.356  22.569455     1.6859      7.401   241.0502 4.6902e+02     4.9336      0.498      0.722    10.8988 0.0000e+00
      0.509      0.033     8.3941     77.255     31.396  22.603955     1.7114      7.401   241.7448 4.5571e+02     4.9127      0.498      0.722    10.9034 0.0000e+00
      0.510      0.013     8.3752     77.827     31.398  22.606035     1.7437      7.402   241.4960 4.7102e+02     4.8029      0.500      0.725    10.9579 0.0000e+00
      0.512      0.007     8.4002     78.268     31.393  22.594602     1.7605      7.404   240.4510 4.5910e+02     4.6979      0.502      0.728    10.9782 0.0000e+00
      0.513      0.007     8.4544     78.514     31.404  22.592532     1.7650      7.407   239.8649 4.6902e+02     4.6685      0.503      0.730    10.9840 0.0000e+00
      0.514      0.010     8.5175     78.532     31.397  22.580997     1.7978      7.410   239.8297 5.1029e+02     4.7550      0.504      0.731    10.9984 0.0000e+00
      0.517      0.016     8.5874     78.269     31.397  22.581943     1.8573      7.410   240.1121 4.6558e+02     4.8905      0.506      0.733    11.0030 0.0000e+00
      0.519      0.025     8.6405     77.767     31.417  22.603969     1.8761      7.404   240.6114 4.5065e+02     4.9057      0.509      0.739    10.9859 0.0000e+00
      0.522      0.035     8.6718     77.174     31.399  22.593687     1.8588      7.390   241.1352 5.1431e+02     4.8707      0.511      0.742    10.9646 0.0000e+00
      0.530      0.042     8.6808     76.644     31.400  22.584446     1.8483      7.376   241.5404 5.3100e+02     4.8430      0.514      0.746    10.9536 0.0000e+00
      0.550      0.044     8.6502     76.301     31.452  22.619051     1.8408      7.367   241.7251 6.1390e+02     4.7747      0.538      0.779    10.9514 0.0000e+00
      0.572      0.043     8.5830     76.207     31.456  22.631628     1.8352      7.362   241.7336 6.8469e+02     4.7285      0.567      0.823    10.9741 0.0000e+00
      0.585      0.040     8.5086     76.311     31.415  22.609695     1.8298      7.361   241.7292 5.5027e+02     4.6954      0.576      0.836    10.9901 0.0000e+00
      0.589      0.033     8.4531     76.549     31.407  22.607511     1.8413      7.362   241.6719 4.2853e+02     4.7494      0.577      0.837    10.9524 0.0000e+00
      0.592      0.025     8.4127     76.921     31.400  22.605224     1.8754      7.365   241.4718 4.1802e+02     4.9371      0.580      0.841    10.9426 0.0000e+00
      0.596      0.021     8.4003     77.443     31.363  22.582053     1.8842      7.370   241.3747 4.5049e+02     5.0178      0.583      0.846    10.9773 0.0000e+00
      0.601      0.023     8.4122     78.064     31.357  22.580993     1.8643      7.375   241.5298 4.7680e+02     4.9388      0.590      0.856    10.9866 0.0000e+00
      0.606      0.029     8.4384     78.728     31.371  22.592416     1.8594      7.379   242.4006 4.6970e+02     4.8713      0.595      0.862    10.9867 0.0000e+00
      0.612      0.034     8.4761     79.394     31.377  22.593352     1.8755      7.380   243.6438 4.6247e+02     4.8848      0.597      0.866    10.9931 0.0000e+00
      0.622      0.037     8.5352     79.946     31.386  22.592304     1.8841      7.378   244.1722 4.2785e+02     4.9308      0.608      0.882    10.9980 0.0000e+00
      0.636      0.037     8.6067     80.303     31.372  22.579735     1.8717      7.375   244.2289 4.1788e+02     4.9150      0.625      0.906    11.0036 0.0000e+00
      0.649      0.034     8.6757     80.451     31.352  22.568197     1.8592      7.372   244.0708 4.2405e+02     4.8646      0.638      0.926    11.0113 0.0000e+00
      0.659      0.029     8.7591     80.378     31.363  22.579622     1.8984      7.372   243.7242 4.1080e+02     4.9023      0.648      0.940    11.0033 0.0000e+00
      0.665      0.023     8.8266     80.125     31.374  22.591055     1.9624      7.373   243.5650 4.1436e+02     4.9612      0.654      0.947    10.9851 0.0000e+00
      0.667      0.018     8.8652     79.750     31.354  22.579610     1.9761      7.377   243.6089 4.2268e+02     4.9267      0.654      0.949    10.9819 0.0000e+00
      0.668      0.020     8.8826     79.248     31.333  22.568070     1.9722      7.384   244.2546 4.3351e+02     4.8960      0.655      0.950    10.9887 0.0000e+00
      0.670      0.033     8.8711     78.684     31.339  22.578350     1.9910      7.393   245.4347 4.3149e+02     4.9310      0.657      0.953    10.9951 0.0000e+00
      0.673      0.054     8.8376     78.207     31.329  22.577092     2.0120      7.398   246.0048 4.2805e+02     4.9753      0.659      0.956    11.0015 0.0000e+00
      0.680      0.074     8.7983     77.837     31.295  22.552860     2.0093      7.397   245.8993 4.3094e+02     4.9874      0.663      0.961    11.0051 0.0000e+00
      0.704      0.087     8.7407     77.492     31.280  22.539015     1.9920      7.393   245.7938 4.1608e+02     4.9745      0.681      0.987    11.0095 0.0000e+00
      0.747      0.092     8.6663     77.160     31.266  22.536508     1.9852      7.390   245.6761 4.1475e+02     4.9556      0.733      1.061    11.0172 0.0000e+00
      0.790      0.087     8.6116     76.884     31.215  22.522557     1.9767      7.390   245.4224 4.0737e+02     4.9298      0.785      1.138    11.0328 0.0000e+00
      0.814      0.074     8.5753     76.669     31.146  22.497169     1.9640      7.393   245.3083 3.6179e+02     4.9359      0.803      1.165    11.0384 0.0000e+00
      0.820      0.055     8.5415     76.513     31.102  22.483217     1.9483      7.398   245.5005 3.5254e+02     4.9619      0.805      1.167    11.0162 0.0000e+00
      0.822      0.039     8.4999     76.473     31.082  22.480700     1.9283      7.403   245.7665 3.7521e+02     4.9697      0.806      1.170    11.0250 0.0000e+00
      0.824      0.029     8.4601     76.642     31.047  22.466748     1.9313      7.405   245.9438 3.6535e+02     4.9960      0.808      1.172    11.0756 0.0000e+00
      0.828      0.028     8.4292     77.017     31.000  22.441363     1.9418      7.404   246.0103 3.6331e+02     4.9730      0.808      1.173    11.1184 0.0000e+00
      0.838      0.028     8.4049     77.505     30.975  22.427411     1.9314      7.404   246.0533 3.7994e+02     4.8960      0.819      1.188    11.1440 0.0000e+00
      0.853      0.028     8.3916     78.055     30.969  22.424881     1.9222      7.405   246.1197 3.7366e+02     4.9199      0.839      1.217    11.1613 0.0000e+00
      0.864      0.026     8.4064     78.657     30.946  22.410776     1.9458      7.408   245.6943 3.4897e+02     4.9536      0.852      1.235    11.1800 0.0000e+00
      0.868      0.021     8.4506     79.286     30.905  22.383686     1.9846      7.412   244.9546 3.3817e+02     4.8941      0.853      1.237    11.1954 0.0000e+00
      0.869      0.016     8.5040     79.858     30.860  22.350984     1.9920      7.417   244.8331 3.3680e+02     4.8160      0.852      1.236    11.2019 0.0000e+00
      0.870      0.013     8.5642     80.296     30.837  22.332433     1.9846      7.421   245.0857 3.4645e+02     4.7262      0.853      1.237    11.2028 0.0000e+00
      0.870      0.015     8.6298     80.585     30.862  22.349612     2.0121      7.423   245.2557 3.6913e+02     4.7651      0.854      1.238    11.2058 0.0000e+00
      0.873      0.022     8.7015     80.763     30.887  22.368457     2.0579      7.426   245.5973 3.5444e+02     4.9446      0.853      1.238    11.2133 0.0000e+00
      0.880      0.037     8.7682     80.894     30.889  22.370067     2.0647      7.430   246.1188 3.2684e+02     5.0177      0.861      1.250    11.2131 0.0000e+00
      0.890      0.061     8.8172     81.009     30.885  22.369079     2.0442      7.436   246.3978 3.3088e+02     4.9996      0.873      1.267    11.2074 0.0000e+00
      0.900      0.093     8.8482     81.157     30.864  22.356500     2.0593      7.441   246.0464 3.4150e+02     5.0672      0.879      1.276    11.2061 0.0000e+00
      0.919      0.126     8.8634     81.417     30.844  22.344802     2.1144      7.442   245.3975 3.3364e+02     5.1857      0.896      1.299    11.2088 0.0000e+00
      0.956      0.154     8.8772     81.757     30.855  22.354461     2.1618      7.442   245.1773 3.0233e+02     5.2023      0.931      1.350    11.2082 0.0000e+00
      1.011      0.175     8.8898     82.151     30.843  22.346457     2.1827      7.438   245.2764 2.7919e+02     5.1319      0.986      1.431    11.2089 0.0000e+00
      1.074      0.188     8.8967     82.628     30.795  22.311441     2.2584      7.436   245.5635 2.6789e+02     5.3252      1.058      1.533    11.2163 0.0000e+00
      1.132      0.191     8.9296     83.166     30.791  22.311544     2.4026      7.438   246.0675 2.5163e+02     5.7979      1.115      1.618    11.2191 0.0000e+00
      1.177      0.185     8.9676     83.754     30.834  22.347714     2.4700      7.440   246.2076 2.4198e+02     5.9968      1.157      1.679    11.2241 0.0000e+00
      1.216      0.173     9.0063     84.417     30.854  22.368304     2.4572      7.443   245.9676 2.3254e+02     5.8853      1.193      1.729    11.2235 0.0000e+00
      1.254      0.162     9.0633     85.217     30.851  22.370278     2.4552      7.448   245.7461 2.2028e+02     5.8161      1.228      1.781    11.2205 0.0000e+00
      1.297      0.160     9.1197     86.184     30.849  22.371590     2.4887      7.451   245.5081 2.1018e+02     5.8096      1.273      1.845    11.2280 0.0000e+00
      1.338      0.165     9.1828     87.254     30.864  22.384167     2.5542      7.448   245.3268 2.0168e+02     5.7719      1.315      1.907    11.2362 0.0000e+00
      1.373      0.170     9.2493     88.322     30.876  22.395526     2.5896      7.438   245.1892 1.9667e+02     5.7019      1.346      1.954    11.2470 0.0000e+00
      1.413      0.168     9.3339     89.380     30.854  22.382116     2.5834      7.426   244.9631 1.8540e+02     5.6459      1.380      2.001    11.2538 0.0000e+00
      1.466      0.162     9.4419     90.465     30.806  22.348854     2.6040      7.419   244.8300 1.6817e+02     5.6070      1.436      2.082    11.2559 0.0000e+00
      1.522      0.153     9.5651     91.458     30.750  22.310409     2.6467      7.416   244.7845 1.6144e+02     5.5392      1.502      2.179    11.2587 0.0000e+00
      1.560      0.140     9.6813     92.240     30.728  22.297728     2.6596      7.416   244.7569 1.6195e+02     5.4417      1.537      2.230    11.2642 0.0000e+00
      1.584      0.125     9.7896     92.837     30.759  22.322348     2.6513      7.418   244.7541 1.5708e+02     5.3843      1.549      2.246    11.2706 0.0000e+00
      1.609      0.110     9.9160     93.252     30.803  22.354457     2.6552      7.423   244.7514 1.4926e+02     5.4262      1.577      2.286    11.2709 0.0000e+00
      1.636      0.102    10.0322     93.514     30.822  22.368905     2.6809      7.429   244.8104 1.4588e+02     5.5033      1.609      2.334    11.2738 0.0000e+00
      1.657      0.102    10.1099     93.738     30.821  22.370218     2.6968      7.431   244.7784 1.4370e+02     5.4972      1.626      2.357    11.2808 0.0000e+00
      1.678      0.102    10.1764     93.951     30.818  22.370336     2.6890      7.432   244.6236 1.3759e+02     5.4212      1.640      2.379    11.2838 0.0000e+00
      1.708      0.103    10.2233     94.103     30.818  22.370332     2.6528      7.434   244.5726 1.3255e+02     5.5403      1.672      2.426    11.2837 0.0000e+00
      1.743      0.103    10.2429     94.188     30.818  22.370177     2.5921      7.438   244.5918 1.2975e+02     5.8782      1.715      2.487    11.2840 0.0000e+00
      1.770      0.103    10.2668     94.234     30.815  22.368462     2.5546      7.440   244.5121 1.2541e+02     6.0564      1.739      2.522    11.2883 0.0000e+00
      1.790      0.101    10.2926     94.244     30.788  22.349597     2.5396      7.444   244.4686 1.2050e+02     5.9878      1.750      2.538    11.2924 0.0000e+00
      1.815      0.097    10.3098     94.248     30.763  22.332304     2.5691      7.449   244.5827 1.1657e+02     5.8342      1.779      2.579    11.2902 0.0000e+00
      1.843      0.096    10.3167     94.233     30.786  22.349597     2.6545      7.454   244.6876 1.1235e+02     5.7356      1.812      2.627    11.2896 0.0000e+00
      1.864      0.098    10.3221     94.104     30.811  22.368461     2.7150      7.458   244.7898 1.0757e+02     5.7183      1.828      2.651    11.2930 0.0000e+00
      1.885      0.100    10.3227     93.979     30.814  22.370162     2.7175      7.463   245.1298 1.0293e+02     5.6601      1.844      2.675    11.2934 0.0000e+00
      1.913      0.102    10.3185     94.016     30.814  22.370162     2.6922      7.467   245.4428 9.8056e+01     5.5783      1.875      2.721    11.2940 0.0000e+00
      1.942      0.102    10.3284     94.099     30.810  22.368462     2.6931      7.469   245.0468 9.3233e+01     5.5151      1.908      2.768    11.2951 0.0000e+00
      1.968      0.102    10.3072     94.145     30.782  22.349606     2.7276      7.471   244.3005 8.8336e+01     5.4081      1.927      2.795    11.2965 0.0000e+00
      1.995      0.100    10.2783     94.157     30.758  22.332401     2.7516      7.475   243.9904 8.3960e+01     5.2742      1.954      2.834    11.2968 0.0000e+00
      2.024      0.095    10.2978     94.122     30.782  22.350667     2.7588      7.480   243.8785 8.0610e+01     5.1951      1.991      2.886    11.2954 0.0000e+00
      2.046      0.091    10.3062     94.092     30.821  22.380229     2.7738      7.485   243.8946 7.8029e+01     5.1695      2.007      2.911    11.2983 0.0000e+00
      2.065      0.091    10.3089     94.106     30.809  22.372788     2.8072      7.488   244.1844 7.5933e+01     5.1008      2.022      2.932    11.3004 0.0000e+00
      2.087      0.092    10.3138     94.101     30.741  22.324111     2.8210      7.489   244.2850 7.4109e+01     4.9787      2.050      2.972    11.2996 0.0000e+00
      2.108      0.091    10.3058     94.076     30.705  22.298956     2.8071      7.491   244.0780 7.2572e+01     4.8890      2.066      2.998    11.3020 0.0000e+00
      2.131      0.090    10.2984     94.101     30.736  22.322272     2.7896      7.494   243.7470 7.0236e+01     4.8706      2.084      3.022    11.3050 0.0000e+00
      2.162      0.089    10.3047     94.130     30.777  22.352393     2.7763      7.497   243.4666 6.8303e+01     4.8930      2.123      3.079    11.3053 0.0000e+00
      2.189      0.086    10.3059     94.113     30.767  22.346095     2.7797      7.501   243.4406 6.8199e+01     4.9201      2.153      3.122    11.3069 0.0000e+00
