Data/DataNotYetUploadedToEDI/Raw_CTD/RawDownloads/031722_fcr50_0003.cnv
* Sea-Bird SBE19plus  Data File:
* FileName = C:\R\Reservoirs\Data\DataNotYetUploadedToEDI\Raw_CTD\RawDownloads\031722_fcr50_0003.hex
* Software version 2.8.0.119
* Temperature SN = 7809
* Conductivity SN = 7809
* System UpLoad Time = Mar 18 2022 10:50:48
* <ApplicationData>
* <Seaterm232>
# nquan = 16
# nvalues = 1483                        
# units = specified
# name 0 = depFM: Depth [fresh water, m]
# name 1 = dz/dtM: Descent Rate [m/s]
# name 2 = orp: Oxidation Reduction Potential [mV]
# name 3 = sbeox0Mg/L: Oxygen, SBE 43 [mg/l]
# name 4 = sbeox0PS: Oxygen, SBE 43 [% saturation]
# name 5 = par/sat/log: PAR/Logarithmic, Satlantic
# name 6 = ph: pH
# name 7 = specc: Specific Conductance [uS/cm]
# name 8 = c0uS/cm: Conductivity [uS/cm]
# name 9 = flECO-AFL: Fluorescence, WET Labs ECO-AFL/FL [mg/m^3]
# name 10 = turbWETntu0: Turbidity, WET Labs ECO [NTU]
# name 11 = tv290C: Temperature [ITS-90, deg C]
# name 12 = density00: Density [density, kg/m^3]
# name 13 = prdE: Pressure, Strain Gauge [psi]
# name 14 = prdM: Pressure, Strain Gauge [db]
# name 15 = flag:  0.000e+00
# span 0 =     -0.690,      9.325       
# span 1 =     -2.785,      0.170       
# span 2 =   254.5372,  1240.2295       
# span 3 =     6.2596,    10.7681       
# span 4 =     51.590,     92.583       
# span 5 = 1.2365e-01, 3.4971e+02       
# span 6 =      5.565,      7.247       
# span 7 =      0.510,     40.138       
# span 8 =   0.366026,  26.273369       
# span 9 =    -0.1824,    20.0450       
# span 10 =    -0.3813,   225.3439      
# span 11 =     6.6863,    10.8885      
# span 12 =   999.6197,   999.9770      
# span 13 =     -0.981,     13.265      
# span 14 =     -0.677,      9.146      
# span 15 = 0.0000e+00, 0.0000e+00      
# interval = seconds: 0.25
# start_time = Mar 17 2022 07:38:42 [Instrument's time stamp, header]
# bad_flag = -9.990e-29
*END*
[from data line 362]
      0.351      0.017   272.5920     8.6404     79.339 1.2413e+02      6.913     37.103  26.115851     6.6258     1.8667    10.2083   999.7001      0.500      0.345 0.0000e+00
      0.354      0.022   272.5953     8.9278     78.627 1.2328e+02      6.907     37.122  26.128317     6.6238     1.8378    10.2038   999.7005      0.500      0.345 0.0000e+00
      0.362      0.027   273.0027     9.0346     77.944 1.2262e+02      6.905     37.135  26.139822     6.6243     1.8458    10.1984   999.7011      0.511      0.353 0.0000e+00
      0.374      0.032   273.4751     8.9920     77.361 1.2225e+02      6.904     37.114  26.128202     6.6237     1.8604    10.1953   999.7014      0.534      0.368 0.0000e+00
      0.384      0.037   273.4885     8.9189     76.816 1.2171e+02      6.903     37.090  26.114591     6.6004     1.8432    10.1911   999.7018      0.548      0.378 0.0000e+00
      0.390      0.043   273.3367     8.8345     76.305 1.2143e+02      6.902     37.068  26.102018     6.5677     1.8423    10.1882   999.7022      0.556      0.383 0.0000e+00
      0.399      0.048   273.3607     8.7501     75.874 1.1969e+02      6.901     37.068  26.102951     6.5615     1.8848    10.1936   999.7017      0.563      0.389 0.0000e+00
      0.413      0.053   273.5204     8.6919     75.535 1.1690e+02      6.896     37.103  26.125876     6.5500     1.9124    10.1977   999.7014      0.587      0.405 0.0000e+00
      0.428      0.055   273.9763     8.6283     75.365 1.1548e+02      6.891     37.100  26.125666     6.5036     1.9025    10.2014   999.7011      0.608      0.420 0.0000e+00
      0.446      0.055   274.3986     8.5653     75.359 1.1400e+02      6.888     37.052  26.100417     6.4658     1.8674    10.2074   999.7006      0.628      0.434 0.0000e+00
      0.467      0.050   274.4967     8.5208     75.429 1.1169e+02      6.887     37.005  26.074130     6.4513     1.8297    10.2091   999.7006      0.669      0.462 0.0000e+00
      0.482      0.041   274.6458     8.4764     75.530 1.1062e+02      6.887     36.985  26.061369     6.4613     1.8232    10.2023   999.7013      0.692      0.477 0.0000e+00
      0.487      0.031   274.8263     8.4582     75.659 1.1057e+02      6.886     37.003  26.072893     6.5207     1.8236    10.2021   999.7014      0.692      0.477 0.0000e+00
      0.489      0.021   274.6993     8.4603     75.830 1.1082e+02      6.885     37.025  26.086702     6.5949     1.7996    10.2209   999.6996      0.694      0.480 0.0000e+00
      0.492      0.012   274.5736     8.4653     76.035 1.1135e+02      6.886     37.049  26.101558     6.6179     1.7720    10.2323   999.6985      0.700      0.483 0.0000e+00
      0.494      0.007   274.6828     8.4788     76.215 1.1137e+02      6.887     37.087  26.125758     6.6159     1.7627    10.2303   999.6987      0.703      0.485 0.0000e+00
      0.494      0.007   274.7284     8.4913     76.316 1.1147e+02      6.888     37.089  26.125767     6.6615     1.7900    10.2279   999.6989      0.703      0.485 0.0000e+00
      0.494      0.009   274.7818     8.5116     76.344 1.1147e+02      6.890     37.054  26.101665     6.7368     1.8284    10.2261   999.6992      0.703      0.485 0.0000e+00
      0.495      0.012   274.8974     8.5376     76.315 1.1108e+02      6.890     37.033  26.087865     6.7607     1.8172    10.2234   999.6994      0.705      0.485 0.0000e+00
      0.497      0.017   274.9221     8.5622     76.214 1.1063e+02      6.890     37.028  26.085683     6.7422     1.8257    10.2187   999.6999      0.707      0.487 0.0000e+00
      0.502      0.027   275.0799     8.5722     76.003 1.0981e+02      6.888     37.013  26.075283     6.7302     1.9306    10.2175   999.7000      0.712      0.491 0.0000e+00
      0.511      0.041   275.3434     8.5746     75.683 1.0946e+02      6.881     37.040  26.088893     6.7149     2.0611    10.2181   999.6999      0.727      0.501 0.0000e+00
      0.519      0.054   275.3542     8.5716     75.355 1.0924e+02      6.871     37.102  26.123466     6.6988     2.1402    10.2192   999.6999      0.740      0.509 0.0000e+00
      0.531      0.064   275.2111     8.5618     75.263 1.0737e+02      6.863     37.094  26.112991     6.6863     2.1350    10.2214   999.6997      0.746      0.515 0.0000e+00
      0.556      0.070   275.1612     8.5388     75.773 1.0426e+02      6.858     37.059  26.089000     6.6633     2.0320    10.2250   999.6995      0.787      0.543 0.0000e+00
      0.586      0.074   275.2680     8.4987     76.990 1.0169e+02      6.857     37.058  26.086932     6.6453     1.9196    10.2190   999.7002      0.844      0.581 0.0000e+00
      0.605      0.078   275.3837     8.4600     78.592 1.0031e+02      6.855     37.067  26.087980     6.6430     1.9031    10.1983   999.7023      0.863      0.595 0.0000e+00
      0.618      0.079   275.4418     8.4293     80.069 9.9490e+01      6.849     37.093  26.101668     6.6359     1.9019    10.1917   999.7029      0.876      0.605 0.0000e+00
      0.634      0.074   275.6257     8.4793     80.994 9.8090e+01      6.843     37.124  26.125659     6.6335     1.8363    10.1985   999.7023      0.899      0.620 0.0000e+00
      0.655      0.068   275.8006     8.6342     81.307 9.5827e+01      6.840     37.109  26.124525     6.7058     1.7938    10.1974   999.7025      0.927      0.639 0.0000e+00
      0.680      0.063   275.9214     8.8349     81.217 9.3939e+01      6.839     37.048  26.087970     6.8365     1.8311    10.1890   999.7034      0.971      0.669 0.0000e+00
      0.699      0.058   276.0541     9.0264     80.954 9.3033e+01      6.837     37.018  26.063980     6.9062     1.8426    10.1782   999.7045      1.000      0.689 0.0000e+00
      0.709      0.052   276.0276     9.1290     80.646 9.2591e+01      6.834     37.064  26.087982     6.9163     1.7968    10.1800   999.7044      1.009      0.696 0.0000e+00
      0.715      0.045   276.1183     9.1492     80.321 9.1888e+01      6.834     37.122  26.124641     6.9507     1.8252    10.1995   999.7026      1.016      0.701 0.0000e+00
      0.724      0.039   276.3763     9.1271     80.068 9.0788e+01      6.834     37.120  26.126917     7.0132     1.9126    10.2120   999.7015      1.026      0.708 0.0000e+00
      0.736      0.036   276.3933     9.0924     80.024 9.0049e+01      6.832     37.092  26.115504     7.0477     1.9307    10.2049   999.7022      1.048      0.722 0.0000e+00
      0.747      0.035   276.2378     9.0648     80.228 8.9569e+01      6.831     37.079  26.113426     7.0432     1.8729    10.1881   999.7038      1.064      0.735 0.0000e+00
      0.755      0.034   276.3043     9.0247     80.515 8.8824e+01      6.832     37.060  26.101800     7.0255     1.8628    10.1795   999.7047      1.071      0.740 0.0000e+00
      0.764      0.033   276.5945     8.9883     80.624 8.8287e+01      6.832     37.065  26.101697     7.0174     1.9113    10.1884   999.7039      1.088      0.750 0.0000e+00
      0.772      0.032   276.7355     8.9766     80.399 8.8137e+01      6.831     37.086  26.112182     7.0280     1.8786    10.2028   999.7025      1.100      0.758 0.0000e+00
      0.777      0.032   276.8036     9.0053     79.840 8.7650e+01      6.830     37.073  26.101800     7.0298     1.8089    10.2132   999.7016      1.102      0.760 0.0000e+00
      0.784      0.034   276.9019     9.0506     79.066 8.6731e+01      6.829     37.070  26.102933     7.0058     1.7859    10.2151   999.7015      1.112      0.767 0.0000e+00
      0.795      0.036   276.8062     9.0692     78.178 8.5965e+01      6.827     37.096  26.125884     6.9788     1.8051    10.2088   999.7021      1.131      0.780 0.0000e+00
      0.805      0.038   276.7638     9.0466     77.287 8.5074e+01      6.827     37.091  26.125770     6.9773     1.8703    10.2013   999.7029      1.145      0.789 0.0000e+00
      0.815      0.041   276.9060     8.9763     76.515 8.3932e+01      6.827     37.058  26.101561     6.9880     1.9250    10.1985   999.7032      1.157      0.798 0.0000e+00
      0.827      0.043   276.9772     8.8855     75.854 8.3122e+01      6.827     37.042  26.086703     6.9839     1.9880    10.2047   999.7027      1.178      0.813 0.0000e+00
      0.836      0.046   277.1081     8.7814     75.249 8.2679e+01      6.827     37.028  26.072885     6.9775     2.0860    10.2136   999.7019      1.190      0.821 0.0000e+00
      0.845      0.049   277.3703     8.6709     74.691 8.2059e+01      6.826     37.017  26.061248     6.9853     2.1546    10.2174   999.7016      1.199      0.826 0.0000e+00
      0.858      0.051   277.6525     8.5883     74.178 8.0956e+01      6.826     37.037  26.072762     6.9955     2.1681    10.2156   999.7018      1.220      0.841 0.0000e+00
      0.874      0.052   277.8528     8.5179     73.713 7.9759e+01      6.824     37.058  26.085333     6.9926     2.1120    10.2098   999.7024      1.242      0.856 0.0000e+00
      0.890      0.050   277.8988     8.4500     73.283 7.8816e+01      6.821     37.064  26.086476     6.9753     2.0571    10.2047   999.7029      1.266      0.872 0.0000e+00
      0.905      0.045   277.9508     8.3897     72.865 7.7982e+01      6.820     37.067  26.086581     6.9611     2.0856    10.1994   999.7035      1.290      0.890 0.0000e+00
      0.916      0.038   278.0513     8.3313     72.465 7.7118e+01      6.819     37.070  26.086600     6.9704     2.1147    10.1952   999.7040      1.304      0.898 0.0000e+00
      0.925      0.029   278.1675     8.2808     72.115 7.6623e+01      6.819     37.073  26.086705     6.9875     2.0668    10.1928   999.7042      1.317      0.908 0.0000e+00
      0.931      0.020   278.3230     8.2343     71.833 7.6631e+01      6.818     37.078  26.087848     6.9935     1.9513    10.1882   999.7046      1.327      0.915 0.0000e+00
      0.933      0.012   278.4690     8.1879     71.584 7.6612e+01      6.818     37.099  26.100420     7.0000     1.8451    10.1859   999.7049      1.327      0.915 0.0000e+00
      0.933      0.006   278.5555     8.1415     71.322 7.6472e+01      6.817     37.117  26.111945     7.0085     1.8416    10.1839   999.7051      1.327      0.915 0.0000e+00
      0.933      0.003   278.5951     8.1016     71.053 7.6459e+01      6.817     37.101  26.100421     7.0219     1.8746    10.1804   999.7054      1.327      0.915 0.0000e+00
      0.933      0.001   278.6032     8.0724     70.814 7.6452e+01      6.817     37.083  26.087850     7.0202     1.8680    10.1769   999.7057      1.327      0.915 0.0000e+00
      0.934      0.001   278.6535     8.0477     70.601 7.6382e+01      6.817     37.082  26.086718     6.9881     1.8649    10.1738   999.7060      1.328      0.916 0.0000e+00
      0.934      0.001   278.8595     8.0181     70.381 7.6484e+01      6.816     37.082  26.086726     6.9751     1.8711    10.1725   999.7061      1.329      0.916 0.0000e+00
      0.934      0.001   279.0295     7.9851     70.144 7.6594e+01      6.816     37.084  26.087953     6.9877     1.8750    10.1723   999.7061      1.328      0.916 0.0000e+00
      0.935      0.001   279.0730     7.9587     69.905 7.6535e+01      6.816     37.104  26.101553     6.9738     1.8432    10.1721   999.7061      1.329      0.917 0.0000e+00
      0.935      0.001   279.2143     7.9375     69.693 7.6493e+01      6.816     37.136  26.124403     6.9323     1.7941    10.1718   999.7062      1.330      0.917 0.0000e+00
      0.936      0.001   279.2753     7.9122     69.510 7.6460e+01      6.815     37.116  26.110698     6.9104     1.7940    10.1716   999.7062      1.331      0.918 0.0000e+00
      0.936      0.004   279.1218     7.8856     69.332 7.6519e+01      6.814     37.047  26.062610     6.9173     1.8072    10.1710   999.7062      1.331      0.918 0.0000e+00
      0.936      0.014   279.2518     7.8569     69.152 7.6680e+01      6.811     37.032  26.050038     6.9078     1.7833    10.1705   999.7063      1.331      0.918 0.0000e+00
      0.936      0.030   279.5561     7.8327     69.002 7.6778e+01      6.804     37.092  26.085449     6.8702     1.7440    10.1708   999.7063      1.330      0.917 0.0000e+00
      0.937      0.047   279.5319     7.8145     69.048 7.6607e+01      6.795     37.140  26.110462     6.8533     1.7765    10.1717   999.7062      1.330      0.917 0.0000e+00
      0.947      0.058   279.3891     7.7929     69.499 7.5262e+01      6.790     37.125  26.098918     6.8620     1.8688    10.1723   999.7061      1.334      0.920 0.0000e+00
      0.977      0.063   279.2929     7.7742     70.385 7.2742e+01      6.786     37.080  26.072639     6.8589     1.8696    10.1729   999.7062      1.383      0.953 0.0000e+00
      1.013      0.063   279.2290     7.7516     71.554 7.1055e+01      6.783     37.035  26.046267     6.8079     1.7863    10.1629   999.7073      1.455      1.004 0.0000e+00
      1.032      0.056   279.2185     7.7485     72.805 7.0757e+01      6.782     37.014  26.033592     6.7186     1.7490    10.1435   999.7092      1.477      1.018 0.0000e+00
      1.037      0.044   279.3382     7.7988     73.940 7.0633e+01      6.781     37.031  26.046153     6.6706     1.7948    10.1431   999.7092      1.472      1.016 0.0000e+00
      1.039      0.030   279.7297     7.9043     74.841 7.0389e+01      6.780     37.065  26.071382     6.6761     1.8612    10.1561   999.7080      1.477      1.018 0.0000e+00
      1.042      0.020   280.0800     8.0421     75.496 7.0273e+01      6.780     37.076  26.085096     6.7113     1.8683    10.1614   999.7076      1.483      1.022 0.0000e+00
      1.045      0.019   279.9596     8.1905     75.866 7.0102e+01      6.780     37.066  26.085207     6.7624     1.8472    10.1657   999.7072      1.486      1.025 0.0000e+00
      1.049      0.024   279.7366     8.3241     75.900 6.9767e+01      6.780     37.044  26.072740     6.7867     1.8451    10.1661   999.7072      1.491      1.028 0.0000e+00
      1.055      0.032   279.9652     8.4231     75.667 6.9335e+01      6.780     37.029  26.061122     6.7967     1.8430    10.1629   999.7075      1.501      1.035 0.0000e+00
      1.064      0.041   280.2291     8.4971     75.383 6.8738e+01      6.779     37.046  26.071495     6.8335     1.8213    10.1735   999.7066      1.513      1.043 0.0000e+00
      1.074      0.048   280.1741     8.5391     75.258 6.7984e+01      6.777     37.042  26.071391     6.8660     1.7873    10.1880   999.7053      1.526      1.052 0.0000e+00
      1.089      0.053   280.1606     8.5410     75.340 6.6895e+01      6.774     37.017  26.059866     6.8647     1.8079    10.1912   999.7051      1.545      1.065 0.0000e+00
      1.109      0.056   280.2374     8.5037     75.490 6.5635e+01      6.773     37.012  26.058922     6.8516     1.8664    10.1872   999.7055      1.578      1.088 0.0000e+00
      1.127      0.057   280.3291     8.4648     75.613 6.4906e+01      6.771     37.023  26.059979     6.8405     1.8794    10.1828   999.7061      1.608      1.109 0.0000e+00
      1.140      0.057   280.4948     8.4458     75.762 6.4524e+01      6.769     37.060  26.072639     6.8460     1.8968    10.1858   999.7059      1.622      1.118 0.0000e+00
      1.150      0.053   280.6058     8.4616     75.915 6.3908e+01      6.766     37.090  26.085210     6.8609     1.9062    10.1988   999.7047      1.632      1.125 0.0000e+00
      1.163      0.046   280.6391     8.4839     76.027 6.3155e+01      6.764     37.087  26.085210     6.8705     1.8901    10.2066   999.7041      1.654      1.140 0.0000e+00
      1.178      0.039   280.6386     8.4904     76.007 6.2469e+01      6.763     37.057  26.072639     6.9032     1.9076    10.1950   999.7052      1.678      1.157 0.0000e+00
      1.190      0.032   280.5997     8.5182     75.779 6.2034e+01      6.763     37.030  26.059979     6.9487     1.9120    10.1721   999.7073      1.696      1.169 0.0000e+00
