Data/DataNotYetUploadedToEDI/Raw_CTD/RawDownloads/032123_fcr50_S8188004.cnv
* Sea-Bird SBE19plus  Data File:
* FileName = C:\R\Reservoirs\Data\DataNotYetUploadedToEDI\Raw_CTD\RawDownloads\032123_bvr50_S8188_0004.hex
* Software version 2.8.0.119
* Temperature SN = 8188
* Conductivity SN = 8188
* System UpLoad Time = Mar 24 2023 10:47:09
* <ApplicationData>
* <Seaterm232>
# nquan = 16
# nvalues = 1857                        
# units = specified
# name 0 = depFM: Depth [fresh water, m]
# name 1 = dz/dtM: Descent Rate [m/s]
# name 2 = sbeox0Mg/L: Oxygen, SBE 43 [mg/l]
# name 3 = sbeox0PS: Oxygen, SBE 43 [% saturation]
# name 4 = specc: Specific Conductance [uS/cm]
# name 5 = c0uS/cm: Conductivity [uS/cm]
# name 6 = wetCDOM: Fluorescence, WET Labs CDOM [mg/m^3]
# name 7 = flECO-AFL: Fluorescence, WET Labs ECO-AFL/FL [mg/m^3]
# name 8 = flECO-AFL1: Fluorescence, WET Labs ECO-AFL/FL, 2 [mg/m^3]
# name 9 = flECO-AFL2: Fluorescence, WET Labs ECO-AFL/FL, 3 [mg/m^3]
# name 10 = par/sat/log: PAR/Logarithmic, Satlantic
# name 11 = turbWETntu0: Turbidity, WET Labs ECO [NTU]
# name 12 = prdM: Pressure, Strain Gauge [db]
# name 13 = prdE: Pressure, Strain Gauge [psi]
# name 14 = tv290C: Temperature [ITS-90, deg C]
# name 15 = flag:  0.000e+00
# span 0 =     -0.537,      9.681       
# span 1 =     -0.144,      0.148       
# span 2 =    -0.9595,    13.3723       
# span 3 =     -7.898,    110.043       
# span 4 =      0.457,    330.201       
# span 5 =   0.331799, 211.340824       
# span 6 =    -9.0000,    20.8800       
# span 7 =    -2.4082,   245.2152       
# span 8 =    -3.2376,     1.7892       
# span 9 =    -5.7528,     6.0912       
# span 10 = 6.2074e-01, 2.3391e+03      
# span 11 =    -4.7821,   344.5483      
# span 12 =     -0.527,      9.493      
# span 13 =     -0.765,     13.769      
# span 14 =     6.9037,    11.4024      
# span 15 = 0.0000e+00, 0.0000e+00      
# interval = seconds: 0.25
# start_time = Mar 21 2023 13:48:48 [Instrument's time stamp, header]
# bad_flag = -9.990e-29
*END*
[from data line 1537]
      4.006     -0.093    11.3412     92.961     36.806  23.519042     3.2400     5.7783     0.0426     0.6768 4.8446e+01     2.8081      3.928      5.698     6.9485 0.0000e+00
      3.980     -0.096    11.3342     92.863     36.789  23.508492     3.2400     5.7592     0.0426     0.6768 5.1329e+01     2.8231      3.903      5.661     6.9485 0.0000e+00
      3.953     -0.096    11.3234     92.771     36.768  23.494775     3.2400     5.7096     0.0426     0.6768 5.2995e+01     2.7329      3.877      5.623     6.9486 0.0000e+00
      3.927     -0.093    11.3107     92.670     36.760  23.490068     3.2400     5.7478     0.0426     0.6768 5.3644e+01     2.8231      3.852      5.587     6.9486 0.0000e+00
      3.903     -0.088    11.2977     92.548     36.771  23.497077     3.2400     6.3047     0.0000     0.6768 5.4917e+01     2.0566      3.828      5.552     6.9487 0.0000e+00
      3.881     -0.081    11.2857     92.397     36.790  23.509752     3.2400     6.3086     0.0000     0.6768 5.6148e+01     2.1017      3.806      5.520     6.9488 0.0000e+00
      3.861     -0.074    11.2744     92.229     36.805  23.519597     3.2400     6.3200     0.0000     0.6768 5.7183e+01     2.0566      3.786      5.492     6.9489 0.0000e+00
      3.843     -0.067    11.2622     92.066     36.814  23.525277     3.2400     6.3009     0.0000     0.6768 5.6848e+01     2.0115      3.769      5.467     6.9490 0.0000e+00
      3.828     -0.061    11.2472     91.927     36.812  23.524349     3.2400     6.5298     0.0426     0.5922 5.6368e+01     1.9814      3.755      5.446     6.9492 0.0000e+00
      3.815     -0.057    11.2288     91.824     36.800  23.516566     3.2400     6.5451     0.0426     0.5922 5.6466e+01     1.9664      3.742      5.427     6.9495 0.0000e+00
      3.803     -0.056    11.2084     91.763     36.792  23.511729     3.2400     6.5222     0.0426     0.5922 5.6185e+01     1.9965      3.729      5.409     6.9497 0.0000e+00
      3.790     -0.058    11.1886     91.739     36.799  23.516465     3.2400     6.5336     0.0426     0.5922 5.6161e+01     2.1017      3.717      5.390     6.9500 0.0000e+00
      3.776     -0.062    11.1716     91.752     36.811  23.524120     3.2400     6.1102     0.0426     0.6345 5.6051e+01     2.0115      3.703      5.371     6.9502 0.0000e+00
      3.760     -0.066    11.1590     91.791     36.818  23.528817     3.2400     6.1064     0.0426     0.6345 5.6811e+01     2.1468      3.688      5.348     6.9504 0.0000e+00
      3.742     -0.069    11.1515     91.837     36.822  23.531809     3.2400     6.1216     0.0426     0.6345 5.9090e+01     2.0416      3.670      5.322     6.9506 0.0000e+00
      3.722     -0.071    11.1485     91.884     36.826  23.533893     3.2400     6.1293     0.0426     0.6345 6.1314e+01     2.1017      3.650      5.294     6.9508 0.0000e+00
      3.702     -0.071    11.1501     91.925     36.822  23.531668     3.2400     6.0034     0.0426     0.6345 6.3676e+01     2.2971      3.630      5.265     6.9509 0.0000e+00
      3.682     -0.068    11.1548     91.944     36.817  23.528498     3.2400     5.9881     0.0426     0.6768 6.5061e+01     2.3271      3.611      5.237     6.9510 0.0000e+00
      3.665     -0.064    11.1604     91.925     36.828  23.535413     3.2400     5.9996     0.0426     0.6768 6.4190e+01     2.4323      3.595      5.213     6.9511 0.0000e+00
      3.651     -0.060    11.1661     91.848     36.845  23.546342     3.2400     5.9767     0.0426     0.6768 6.4610e+01     2.3873      3.580      5.192     6.9513 0.0000e+00
      3.637     -0.058    11.1710     91.691     36.848  23.548362     3.2400     6.4726     0.0426     0.6768 6.4386e+01     2.0115      3.567      5.173     6.9514 0.0000e+00
      3.624     -0.058    11.1732     91.455     36.838  23.542013     3.2400     6.4917     0.0426     0.6768 6.4666e+01     2.1468      3.554      5.155     6.9516 0.0000e+00
      3.611     -0.061    11.1709     91.166     36.831  23.537477     3.2400     6.4802     0.0426     0.6768 6.4610e+01     2.1017      3.541      5.135     6.9517 0.0000e+00
      3.596     -0.067    11.1615     90.857     36.837  23.541464     3.2400     6.4497     0.0426     0.6768 6.4723e+01     2.0566      3.526      5.114     6.9518 0.0000e+00
      3.579     -0.075    11.1424     90.569     36.846  23.547118     3.2400     6.3162     0.0426     0.6768 6.5815e+01     1.8762      3.510      5.090     6.9519 0.0000e+00
      3.559     -0.084    11.1138     90.325     36.841  23.544071     3.2400     6.3009     0.0426     0.6345 6.6722e+01     1.9814      3.490      5.062     6.9520 0.0000e+00
      3.536     -0.093    11.0786     90.126     36.821  23.531510     3.2400     6.3086     0.0426     0.6345 6.7568e+01     2.1317      3.468      5.030     6.9520 0.0000e+00
      3.511     -0.100    11.0411     89.965     36.800  23.517962     3.2400     6.2742     0.0426     0.6345 7.0080e+01     1.9814      3.443      4.993     6.9519 0.0000e+00
      3.482     -0.106    11.0061     89.819     36.790  23.511691     3.2400     5.7974     0.0426     0.6345 7.4785e+01     1.5756      3.415      4.953     6.9519 0.0000e+00
      3.452     -0.110    10.9764     89.665     36.789  23.511024     3.2400     5.8126     0.0426     0.7191 7.7683e+01     1.6808      3.386      4.911     6.9519 0.0000e+00
      3.423     -0.113    10.9523     89.486     36.789  23.511826     3.2400     5.8088     0.0426     0.7191 7.7212e+01     1.5155      3.357      4.870     6.9519 0.0000e+00
      3.396     -0.116    10.9327     89.269     36.793  23.514309     3.2400     5.7936     0.0426     0.7191 7.7532e+01     1.5606      3.330      4.830     6.9520 0.0000e+00
      3.368     -0.119    10.9149     89.012     36.794  23.515178     3.2400     5.8813     0.0426     0.7191 7.7667e+01     1.5305      3.303      4.790     6.9521 0.0000e+00
      3.338     -0.122    10.8961     88.727     36.786  23.510705     3.2400     5.8737     0.0426     0.7191 7.9080e+01     1.6508      3.273      4.748     6.9524 0.0000e+00
      3.305     -0.124    10.8742     88.431     36.774  23.503657     3.2400     5.8737     0.0426     0.6345 8.4885e+01     1.4854      3.241      4.701     6.9529 0.0000e+00
      3.270     -0.124    10.8477     88.138     36.768  23.500070     3.2400     5.8508     0.0426     0.6345 9.0093e+01     1.5305      3.207      4.652     6.9535 0.0000e+00
      3.236     -0.121    10.8164     87.853     36.772  23.502949     3.2400     5.8737     0.0426     0.6345 9.4957e+01     1.5305      3.173      4.602     6.9540 0.0000e+00
      3.203     -0.114    10.7815     87.576     36.787  23.513060     3.2400     5.8813     0.0426     0.6345 9.7001e+01     1.6508      3.141      4.556     6.9546 0.0000e+00
      3.175     -0.104    10.7455     87.307     36.805  23.525183     3.2400     5.8660     0.0426     0.7191 9.6812e+01     1.5005      3.114      4.516     6.9551 0.0000e+00
      3.150     -0.092    10.7097     87.050     36.819  23.534632     3.2400     5.8737     0.0426     0.7191 9.8852e+01     1.5155      3.089      4.481     6.9556 0.0000e+00
      3.129     -0.080    10.6749     86.808     36.839  23.547885     3.2400     6.0491     0.0426     0.7191 1.0072e+02     1.5155      3.068      4.450     6.9561 0.0000e+00
      3.111     -0.070    10.6411     86.578     36.877  23.572437     3.2400     6.0568     0.0426     0.7191 9.8938e+01     1.6207      3.051      4.424     6.9567 0.0000e+00
      3.095     -0.061    10.6082     86.365     36.930  23.606915     3.2400     6.0377     0.0000     0.5922 9.9607e+01     1.5756      3.036      4.403     6.9574 0.0000e+00
      3.082     -0.054    10.5768     86.182     36.988  23.644680     3.2400     6.0759     0.0000     0.5922 9.9607e+01     1.5606      3.022      4.384     6.9581 0.0000e+00
      3.069     -0.049    10.5471     86.056     37.048  23.683925     3.2400     6.0568     0.0000     0.5922 1.0026e+02     1.2299      3.010      4.366     6.9589 0.0000e+00
      3.058     -0.044    10.5191     86.006     37.122  23.731157     3.2400     6.0301     0.0000     0.5922 1.0286e+02     1.2750      2.999      4.349     6.9597 0.0000e+00
      3.046     -0.038    10.4930     86.036     37.233  23.802930     3.2400     6.0682     0.0000     0.6345 1.0417e+02     1.2901      2.988      4.333     6.9604 0.0000e+00
      3.037     -0.033    10.4706     86.144     37.361  23.884732     3.2400     6.0644     0.0000     0.6345 1.0713e+02     1.2750      2.978      4.319     6.9611 0.0000e+00
      3.029     -0.027    10.4550     86.315     37.415  23.919199     3.2400     6.0339     0.0000     0.6345 1.0804e+02     1.5907      2.970      4.308     6.9618 0.0000e+00
      3.023     -0.021    10.4488     86.520     37.350  23.877912     3.2400     6.0491     0.0000     0.6345 1.0683e+02     1.5606      2.965      4.300     6.9623 0.0000e+00
      3.019     -0.015    10.4524     86.734     37.220  23.795390     3.2400     6.0377     0.0000     0.6345 1.0736e+02     1.4854      2.961      4.295     6.9628 0.0000e+00
      3.017     -0.011    10.4654     86.932     37.103  23.720886     3.2400     6.0530     0.0426     0.6768 1.0697e+02     1.6508      2.959      4.291     6.9631 0.0000e+00
      3.015     -0.007    10.4861     87.094     37.014  23.664224     3.2400     6.1521     0.0426     0.6768 1.0715e+02     1.3351      2.957      4.289     6.9634 0.0000e+00
      3.014     -0.005    10.5110     87.205     36.941  23.618214     3.2400     6.1636     0.0426     0.6768 1.0769e+02     1.3351      2.956      4.288     6.9636 0.0000e+00
      3.014     -0.005    10.5369     87.259     36.890  23.586420     3.2400     6.1941     0.0426     0.6768 1.0736e+02     1.3051      2.955      4.287     6.9640 0.0000e+00
      3.013     -0.005    10.5608     87.250     36.862  23.568284     3.2400     6.1865     0.0426     0.5922 1.0776e+02     1.2600      2.955      4.286     6.9646 0.0000e+00
      3.012     -0.005    10.5803     87.172     36.841  23.555008     3.2400     6.1674     0.0426     0.5922 1.0830e+02     1.2299      2.954      4.284     6.9654 0.0000e+00
      3.011     -0.007    10.5935     87.023     36.823  23.543054     3.2400     6.1369     0.0426     0.5922 1.0811e+02     1.3051      2.953      4.283     6.9663 0.0000e+00
      3.009     -0.009    10.5999     86.806     36.814  23.537151     3.2400     6.1903     0.0426     0.5922 1.0868e+02     1.3351      2.951      4.280     6.9670 0.0000e+00
      3.007     -0.011    10.5987     86.531     36.806  23.531766     3.2400     6.1674     0.0000     0.5922 1.0887e+02     1.3953      2.949      4.277     6.9672 0.0000e+00
      3.004     -0.014    10.5894     86.216     36.791  23.521504     3.2400     6.1789     0.0000     0.5922 1.0927e+02     1.2149      2.946      4.273     6.9668 0.0000e+00
      3.000     -0.016    10.5714     85.880     36.783  23.515506     3.2400     6.1903     0.0000     0.5922 1.0982e+02     1.1698      2.942      4.267     6.9663 0.0000e+00
      2.995     -0.017    10.5451     85.545     36.784  23.516130     3.2400     6.1598     0.0000     0.5922 1.1252e+02     1.3051      2.937      4.260     6.9657 0.0000e+00
      2.989     -0.017    10.5120     85.227     36.796  23.523543     3.2400     6.1521     0.0426     0.6768 1.1514e+02     1.3351      2.931      4.252     6.9650 0.0000e+00
      2.984     -0.016    10.4739     84.935     36.828  23.543680     3.2400     6.0987     0.0426     0.6768 1.1660e+02     1.5456      2.926      4.244     6.9643 0.0000e+00
      2.980     -0.015    10.4332     84.675     36.870  23.570034     3.2400     6.0987     0.0426     0.6768 1.1467e+02     1.5606      2.922      4.238     6.9636 0.0000e+00
      2.977     -0.013    10.3927     84.448     36.901  23.589840     3.2400     6.1140     0.0426     0.6768 1.1544e+02     1.5305      2.919      4.234     6.9630 0.0000e+00
      2.974     -0.012    10.3542     84.262     36.905  23.592543     3.2400     6.0873     0.0426     0.6768 1.1474e+02     1.4854      2.916      4.230     6.9627 0.0000e+00
      2.972     -0.012    10.3187     84.125     36.878  23.574906     3.2400     5.9957     0.0426     0.7191 1.1454e+02     2.0566      2.914      4.226     6.9625 0.0000e+00
      2.969     -0.014    10.2871     84.029     36.837  23.548061     3.2400     6.0148     0.0426     0.7191 1.1472e+02     2.0566      2.911      4.223     6.9624 0.0000e+00
      2.966     -0.016    10.2596     83.951     36.801  23.524642     3.2400     5.9805     0.0426     0.7191 1.1464e+02     2.1317      2.908      4.218     6.9623 0.0000e+00
      2.962     -0.020    10.2371     83.876     36.785  23.514241     3.2400     5.9729     0.0426     0.7191 1.1402e+02     1.9965      2.904      4.212     6.9620 0.0000e+00
      2.956     -0.024    10.2205     83.787     36.786  23.514084     3.2400     5.7974     0.0426     0.7191 1.1412e+02     2.3722      2.899      4.205     6.9615 0.0000e+00
      2.950     -0.028    10.2089     83.660     36.783  23.512253     3.2400     5.7936     0.0426     0.7191 1.1373e+02     2.2820      2.893      4.196     6.9609 0.0000e+00
      2.942     -0.031    10.1997     83.477     36.783  23.512218     3.2400     5.8012     0.0426     0.7191 1.1452e+02     2.2670      2.885      4.184     6.9603 0.0000e+00
      2.932     -0.033    10.1907     83.235     36.792  23.517928     3.2400     5.8279     0.0426     0.7191 1.1987e+02     2.3572      2.875      4.170     6.9597 0.0000e+00
      2.921     -0.032    10.1800     82.963     36.799  23.522988     3.2400     6.0644     0.0426     0.6768 1.2394e+02     1.9363      2.865      4.155     6.9593 0.0000e+00
      2.912     -0.030    10.1647     82.715     36.802  23.524790     3.2400     6.0301     0.0426     0.6768 1.2099e+02     2.0115      2.856      4.142     6.9591 0.0000e+00
      2.905     -0.026    10.1425     82.533     36.806  23.527772     3.2400     6.0339     0.0426     0.6768 1.2202e+02     1.9514      2.849      4.132     6.9590 0.0000e+00
      2.899     -0.022    10.1130     82.447     36.814  23.532730     3.2400     6.0530     0.0426     0.6768 1.2154e+02     2.1017      2.843      4.124     6.9592 0.0000e+00
      2.895     -0.018    10.0799     82.468     36.814  23.533069     3.2400     6.3734     0.0426     0.6768 1.2089e+02     2.3572      2.839      4.117     6.9595 0.0000e+00
      2.891     -0.014    10.0496     82.595     36.808  23.528877     3.2400     6.3391     0.0426     0.6768 1.2007e+02     2.2971      2.836      4.113     6.9598 0.0000e+00
      2.889     -0.012    10.0275     82.800     36.805  23.526957     3.2400     6.3543     0.0426     0.6768 1.1994e+02     2.2370      2.833      4.109     6.9601 0.0000e+00
      2.886     -0.010    10.0169     83.034     36.805  23.526794     3.2400     6.3353     0.0426     0.6768 1.2007e+02     2.3121      2.831      4.105     6.9604 0.0000e+00
      2.884     -0.009    10.0195     83.244     36.795  23.520429     3.2400     6.2513     0.0426     0.6768 1.1950e+02     2.1017      2.829      4.103     6.9605 0.0000e+00
      2.882     -0.009    10.0349     83.394     36.780  23.510122     3.2400     6.2399     0.0000     0.7191 1.1953e+02     1.9363      2.827      4.100     6.9605 0.0000e+00
      2.880     -0.009    10.0598     83.464     36.772  23.505002     3.2400     6.2361     0.0000     0.7191 1.1932e+02     1.9965      2.825      4.097     6.9604 0.0000e+00
      2.878     -0.011    10.0883     83.440     36.777  23.507662     3.2400     6.2132     0.0000     0.7191 1.1904e+02     2.0416      2.823      4.094     6.9602 0.0000e+00
      2.875     -0.013    10.1139     83.319     36.789  23.514853     3.2400     6.1674     0.0000     0.7191 1.1891e+02     2.0716      2.820      4.090     6.9598 0.0000e+00
      2.872     -0.016    10.1323     83.114     36.798  23.520575     3.2400     6.1674     0.0426     0.7614 1.1922e+02     1.9814      2.817      4.086     6.9593 0.0000e+00
