Data/DataNotYetUploadedToEDI/Raw_CTD/RawDownloads/032123_bvr50_S8188002.cnv
* Sea-Bird SBE19plus  Data File:
* FileName = C:\R\Reservoirs\Data\DataNotYetUploadedToEDI\Raw_CTD\RawDownloads\032123_bvr50_S8188_0002.hex
* Software version 2.8.0.119
* Temperature SN = 8188
* Conductivity SN = 8188
* System UpLoad Time = Mar 24 2023 10:46:36
* <ApplicationData>
* <Seaterm232>
# nquan = 16
# nvalues = 1551                        
# units = specified
# name 0 = depFM: Depth [fresh water, m]
# name 1 = dz/dtM: Descent Rate [m/s]
# name 2 = sbeox0Mg/L: Oxygen, SBE 43 [mg/l]
# name 3 = sbeox0PS: Oxygen, SBE 43 [% saturation]
# name 4 = specc: Specific Conductance [uS/cm]
# name 5 = c0uS/cm: Conductivity [uS/cm]
# name 6 = wetCDOM: Fluorescence, WET Labs CDOM [mg/m^3]
# name 7 = flECO-AFL: Fluorescence, WET Labs ECO-AFL/FL [mg/m^3]
# name 8 = flECO-AFL1: Fluorescence, WET Labs ECO-AFL/FL, 2 [mg/m^3]
# name 9 = flECO-AFL2: Fluorescence, WET Labs ECO-AFL/FL, 3 [mg/m^3]
# name 10 = par/sat/log: PAR/Logarithmic, Satlantic
# name 11 = turbWETntu0: Turbidity, WET Labs ECO [NTU]
# name 12 = prdM: Pressure, Strain Gauge [db]
# name 13 = prdE: Pressure, Strain Gauge [psi]
# name 14 = tv290C: Temperature [ITS-90, deg C]
# name 15 = flag:  0.000e+00
# span 0 =     -0.614,      9.651       
# span 1 =     -0.266,      0.167       
# span 2 =     8.7424,    12.5564       
# span 3 =     73.457,    104.878       
# span 4 =      0.147,     31.964       
# span 5 =   0.126131,  20.931390       
# span 6 =     0.0000,     6.7500       
# span 7 =    -1.2523,   245.1962       
# span 8 =     0.0000,     1.7040       
# span 9 =    -1.9035,    10.1943       
# span 10 = 1.1898e+00, 2.6058e+03      
# span 11 =    -0.9645,   288.6061      
# span 12 =     -0.602,      9.465      
# span 13 =     -0.873,     13.727      
# span 14 =     6.4655,    17.8056      
# span 15 = 0.0000e+00, 0.0000e+00      
# interval = seconds: 0.25
# start_time = Mar 21 2023 11:53:50 [Instrument's time stamp, header]
# bad_flag = -9.990e-29
*END*
[from data line 1447]
      2.531     -0.144    11.3048     93.610     29.722  19.151558     3.2400     2.3069     0.0426     0.4653 1.6302e+02     1.9965      2.482      3.600     7.2111 0.0000e+00
      2.497     -0.139    11.3062     93.587     29.715  19.148859     3.2400     2.3221     0.0426     0.4653 1.6562e+02     2.1317      2.448      3.551     7.2116 0.0000e+00
      2.464     -0.136    11.3055     93.552     29.712  19.148164     3.2400     2.3069     0.0426     0.4653 1.6501e+02     2.0115      2.416      3.504     7.2125 0.0000e+00
      2.431     -0.134    11.3037     93.512     29.719  19.153247     3.2400     2.3374     0.0426     0.4653 1.6696e+02     1.9965      2.384      3.457     7.2143 0.0000e+00
      2.397     -0.133    11.3012     93.481     29.730  19.161505     3.2400     2.2077     0.0426     0.4653 1.7724e+02     1.7560      2.351      3.409     7.2168 0.0000e+00
      2.362     -0.130    11.2977     93.467     29.744  19.171182     3.2400     2.2153     0.0426     0.4653 1.8220e+02     1.7860      2.316      3.359     7.2192 0.0000e+00
      2.327     -0.125    11.2930     93.465     29.752  19.176942     3.2400     2.2001     0.0426     0.4230 1.9384e+02     1.6808      2.281      3.309     7.2211 0.0000e+00
      2.293     -0.116    11.2877     93.469     29.756  19.180321     3.2400     2.1848     0.0426     0.4230 2.0893e+02     1.7109      2.248      3.261     7.2227 0.0000e+00
      2.262     -0.104    11.2836     93.483     29.757  19.182221     3.2400     2.0131     0.0426     0.4230 2.2296e+02     1.9514      2.218      3.217     7.2239 0.0000e+00
      2.237     -0.089    11.2816     93.502     29.750  19.179190     3.2400     2.0093     0.0426     0.4230 2.1850e+02     1.9363      2.193      3.181     7.2250 0.0000e+00
      2.217     -0.074    11.2810     93.520     29.747  19.178337     3.2400     1.9979     0.0852     0.3807 2.2243e+02     1.9514      2.174      3.153     7.2262 0.0000e+00
      2.201     -0.059    11.2811     93.531     29.760  19.187349     3.2400     2.0208     0.0852     0.3807 2.2132e+02     1.9814      2.159      3.131     7.2279 0.0000e+00
      2.190     -0.045    11.2821     93.530     29.781  19.200714     3.2400     2.1428     0.0852     0.3807 2.1731e+02     1.9514      2.147      3.114     7.2300 0.0000e+00
      2.181     -0.034    11.2838     93.516     29.790  19.206164     3.2400     2.1467     0.0852     0.3807 2.2170e+02     1.9814      2.139      3.101     7.2325 0.0000e+00
      2.174     -0.025    11.2854     93.489     29.777  19.197236     3.3300     2.1276     0.0426     0.3807 2.2257e+02     1.9814      2.132      3.092     7.2343 0.0000e+00
      2.169     -0.018    11.2865     93.454     29.749  19.179465     3.3300     2.1161     0.0426     0.3807 2.2339e+02     2.1317      2.127      3.085     7.2350 0.0000e+00
      2.166     -0.013    11.2865     93.416     29.724  19.163945     3.3300     1.9902     0.0426     0.3807 2.2335e+02     2.0115      2.124      3.080     7.2346 0.0000e+00
      2.164     -0.009    11.2851     93.382     29.714  19.158411     3.3300     1.9712     0.0426     0.3807 2.2569e+02     1.9814      2.122      3.077     7.2338 0.0000e+00
      2.163     -0.005    11.2820     93.359     29.717  19.161387     3.2400     1.9902     0.0426     0.3807 2.1496e+02     2.0115      2.121      3.076     7.2333 0.0000e+00
      2.162     -0.003    11.2777     93.350     29.721  19.165751     3.2400     2.0093     0.0426     0.3807 2.2060e+02     2.0716      2.120      3.075     7.2335 0.0000e+00
      2.162     -0.002    11.2729     93.349     29.724  19.168709     3.2400     2.0742     0.0426     0.3807 2.1534e+02     2.0716      2.120      3.075     7.2344 0.0000e+00
      2.162     -0.002    11.2683     93.356     29.726  19.171049     3.2400     2.0704     0.0426     0.3807 2.2079e+02     1.9664      2.120      3.075     7.2361 0.0000e+00
      2.162     -0.003    11.2649     93.375     29.729  19.173395     3.2400     2.0627     0.0426     0.3807 2.2267e+02     1.9514      2.120      3.074     7.2383 0.0000e+00
      2.161     -0.004    11.2632     93.404     29.726  19.172416     3.2400     2.0589     0.0426     0.2961 2.2286e+02     1.9514      2.119      3.073     7.2405 0.0000e+00
      2.160     -0.006    11.2625     93.440     29.713  19.163891     3.2400     2.0665     0.0426     0.2961 2.2726e+02     2.1317      2.118      3.072     7.2426 0.0000e+00
      2.158     -0.008    11.2629     93.476     29.697  19.153464     3.2400     2.0627     0.0426     0.2961 2.2706e+02     2.0866      2.116      3.069     7.2444 0.0000e+00
      2.155     -0.011    11.2648     93.499     29.686  19.146270     3.2400     2.0551     0.0426     0.2961 2.2885e+02     1.9363      2.114      3.066     7.2458 0.0000e+00
      2.152     -0.014    11.2680     93.506     29.677  19.140391     3.2400     2.0551     0.0426     0.3807 2.2915e+02     2.1017      2.111      3.062     7.2466 0.0000e+00
      2.149     -0.017    11.2723     93.497     29.674  19.138217     3.2400     2.0017     0.0426     0.3807 2.2895e+02     1.9514      2.107      3.056     7.2469 0.0000e+00
      2.145     -0.021    11.2766     93.466     29.675  19.139167     3.2400     2.0093     0.0426     0.3807 2.3110e+02     1.9514      2.103      3.050     7.2467 0.0000e+00
      2.139     -0.026    11.2795     93.417     29.675  19.139539     3.2400     2.0170     0.0426     0.3807 2.2989e+02     1.9814      2.098      3.043     7.2464 0.0000e+00
      2.133     -0.033    11.2805     93.368     29.680  19.143387     3.2400     2.0093     0.0426     0.4230 2.2875e+02     1.9514      2.092      3.034     7.2459 0.0000e+00
      2.125     -0.043    11.2795     93.329     29.691  19.151740     3.2400     1.9979     0.0426     0.4230 2.2515e+02     2.0416      2.084      3.022     7.2455 0.0000e+00
      2.114     -0.056    11.2756     93.307     29.702  19.158909     3.2400     1.8300     0.0426     0.4230 2.2194e+02     2.0716      2.073      3.007     7.2458 0.0000e+00
      2.100     -0.072    11.2695     93.304     29.701  19.158888     3.2400     1.8071     0.0426     0.4230 2.1954e+02     1.9814      2.059      2.987     7.2469 0.0000e+00
      2.081     -0.089    11.2631     93.320     29.689  19.151674     3.2400     1.7995     0.0426     0.3384 2.2520e+02     2.0866      2.040      2.959     7.2484 0.0000e+00
      2.055     -0.107    11.2581     93.349     29.682  19.147215     3.2400     1.8377     0.0426     0.3384 2.3844e+02     2.0265      2.016      2.923     7.2496 0.0000e+00
      2.024     -0.124    11.2553     93.383     29.684  19.148281     3.2400     1.8644     0.0426     0.3384 2.4941e+02     2.0866      1.985      2.879     7.2505 0.0000e+00
      1.989     -0.139    11.2548     93.418     29.687  19.151199     3.2400     1.8834     0.0426     0.3384 2.5869e+02     2.0416      1.950      2.829     7.2510 0.0000e+00
      1.950     -0.151    11.2565     93.445     29.695  19.156746     3.2400     1.8758     0.0426     0.3384 2.7059e+02     1.9363      1.912      2.773     7.2513 0.0000e+00
      1.908     -0.158    11.2599     93.468     29.703  19.162443     3.2400     1.8644     0.0426     0.4230 2.6299e+02     2.1017      1.871      2.713     7.2516 0.0000e+00
      1.864     -0.163    11.2639     93.494     29.708  19.165852     3.2400     1.5859     0.0426     0.4230 2.9806e+02     1.7560      1.828      2.652     7.2521 0.0000e+00
      1.821     -0.166    11.2679     93.524     29.717  19.171840     3.2400     1.5859     0.0426     0.4230 2.9439e+02     1.7560      1.786      2.590     7.2528 0.0000e+00
      1.779     -0.168    11.2710     93.556     29.732  19.182004     3.2400     1.5706     0.0426     0.4230 2.9299e+02     1.7860      1.745      2.531     7.2536 0.0000e+00
      1.738     -0.170    11.2735     93.592     29.739  19.187180     3.2400     1.5592     0.0426     0.3384 2.7527e+02     1.7860      1.704      2.472     7.2544 0.0000e+00
      1.696     -0.172    11.2764     93.639     29.734  19.184790     3.2400     1.6584     0.0426     0.3384 2.9567e+02     2.0716      1.663      2.412     7.2550 0.0000e+00
      1.652     -0.175    11.2799     93.700     29.728  19.182114     3.2400     1.6164     0.0426     0.3384 3.2640e+02     2.0115      1.620      2.349     7.2554 0.0000e+00
      1.606     -0.178    11.2836     93.771     29.726  19.182395     3.2400     1.6355     0.0426     0.3384 3.2982e+02     1.9514      1.575      2.284     7.2561 0.0000e+00
      1.559     -0.179    11.2878     93.839     29.722  19.181751     3.2400     1.6317     0.0852     0.3384 3.3227e+02     1.9814      1.528      2.217     7.2572 0.0000e+00
      1.512     -0.177    11.2929     93.895     29.711  19.176051     3.2400     1.3723     0.0852     0.3384 3.7097e+02     2.0115      1.482      2.150     7.2590 0.0000e+00
      1.465     -0.172    11.2997     93.941     29.695  19.167736     3.2400     1.3723     0.0852     0.3384 3.3568e+02     1.9814      1.437      2.084     7.2612 0.0000e+00
      1.420     -0.164    11.3075     93.980     29.679  19.158544     3.2400     1.3799     0.0852     0.3384 3.5219e+02     2.0265      1.392      2.020     7.2638 0.0000e+00
      1.378     -0.153    11.3148     94.007     29.666  19.149982     3.2400     1.3990     0.0852     0.3384 3.5013e+02     2.0115      1.351      1.959     7.2668 0.0000e+00
      1.339     -0.142    11.3207     94.015     29.663  19.147685     3.2400     1.1701     0.0426     0.3807 3.0834e+02     1.9814      1.313      1.905     7.2698 0.0000e+00
      1.306     -0.132    11.3255     94.002     29.670  19.151038     3.2400     1.1281     0.0426     0.3807 3.6009e+02     2.0416      1.281      1.858     7.2722 0.0000e+00
      1.277     -0.126    11.3299     93.975     29.675  19.153021     3.2400     1.1434     0.0426     0.3807 3.0573e+02     1.8462      1.252      1.816     7.2738 0.0000e+00
      1.249     -0.126    11.3330     93.936     29.672  19.150203     3.2400     1.1396     0.0426     0.3807 3.3597e+02     1.9514      1.224      1.776     7.2743 0.0000e+00
      1.220     -0.132    11.3341     93.889     29.665  19.145792     3.2400     1.4447     0.0000     0.3384 3.1614e+02     2.2820      1.197      1.736     7.2735 0.0000e+00
      1.189     -0.143    11.3332     93.840     29.659  19.142568     3.2400     1.4333     0.0000     0.3384 3.2245e+02     2.1919      1.166      1.691     7.2715 0.0000e+00
      1.152     -0.158    11.3305     93.798     29.652  19.139673     3.2400     1.4333     0.0000     0.3384 3.5728e+02     2.2370      1.130      1.640     7.2690 0.0000e+00
      1.109     -0.173    11.3263     93.771     29.650  19.140293     3.2400     1.4371     0.0000     0.3384 4.0290e+02     2.2670      1.088      1.578     7.2674 0.0000e+00
      1.060     -0.188    11.3206     93.761     29.660  19.148550     3.2400     1.2654     0.0426     0.3384 5.4997e+02     2.0566      1.040      1.508     7.2677 0.0000e+00
      1.008     -0.200    11.3141     93.766     29.685  19.166647     3.2400     1.2731     0.0426     0.3384 5.8447e+02     1.9664      0.988      1.434     7.2696 0.0000e+00
      0.954     -0.208    11.3083     93.776     29.714  19.187536     3.2400     1.2731     0.0426     0.3384 6.8108e+02     1.9363      0.935      1.357     7.2723 0.0000e+00
      0.899     -0.212    11.3042     93.776     29.731  19.200955     3.2400     1.2349     0.0426     0.3384 7.2507e+02     1.9514      0.882      1.279     7.2753 0.0000e+00
      0.843     -0.213    11.3021     93.755     29.743  19.210483     3.1500     0.9603     0.0426     0.2961 6.0752e+02     1.7560      0.827      1.200     7.2784 0.0000e+00
      0.787     -0.210    11.3018     93.710     29.747  19.214702     3.1500     0.9488     0.0426     0.2961 6.8420e+02     1.6959      0.772      1.120     7.2817 0.0000e+00
      0.733     -0.205    11.3020     93.645     29.732  19.206822     3.1500     0.9641     0.0426     0.2961 6.5297e+02     1.7860      0.719      1.042     7.2854 0.0000e+00
      0.680     -0.197    11.3009     93.571     29.709  19.192658     3.1500     0.9565     0.0426     0.2961 6.8138e+02     1.7410      0.667      0.967     7.2892 0.0000e+00
      0.630     -0.185    11.2974     93.497     29.688  19.180307     3.1500     0.7848     0.0426     0.2961 9.0991e+02     2.1017      0.618      0.896     7.2926 0.0000e+00
      0.583     -0.172    11.2911     93.432     29.678  19.174391     3.2400     0.7733     0.0852     0.2538 9.6888e+02     2.0115      0.572      0.830     7.2955 0.0000e+00
      0.540     -0.158    11.2827     93.386     29.681  19.177290     3.2400     0.7543     0.0852     0.2538 1.0371e+03     1.9063      0.530      0.768     7.2978 0.0000e+00
      0.502     -0.145    11.2732     93.359     29.693  19.185819     3.2400     0.7466     0.0852     0.2538 6.8182e+02     1.9514      0.493      0.714     7.2998 0.0000e+00
      0.469     -0.135    11.2639     93.347     29.705  19.194337     3.2400     0.7848     0.0852     0.2538 8.8284e+02     1.9814      0.460      0.667     7.3013 0.0000e+00
      0.438     -0.129    11.2558     93.345     29.715  19.201158     3.1500     0.7695     0.0426     0.4230 1.1249e+03     1.9514      0.430      0.623     7.3025 0.0000e+00
      0.409     -0.128    11.2499     93.342     29.724  19.208100     3.1500     0.7848     0.0426     0.4230 1.4956e+03     2.0115      0.402      0.582     7.3037 0.0000e+00
      0.380     -0.133    11.2462     93.335     29.731  19.213057     3.1500     0.7466     0.0426     0.4230 1.1000e+03     1.9514      0.373      0.540     7.3050 0.0000e+00
      0.348     -0.142    11.2445     93.321     29.729  19.213392     3.1500     0.6970     0.0426     0.4230 1.1219e+03     2.0416      0.341      0.495     7.3062 0.0000e+00
      0.311     -0.152    11.2439     93.302     29.720  19.209196     3.2400     0.7161     0.0852     0.2961 1.2924e+03     1.9664      0.306      0.443     7.3073 0.0000e+00
      0.269     -0.160    11.2432     93.284     29.706  19.203306     3.2400     0.7123     0.0852     0.2961 7.6090e+02     2.1167      0.264      0.383     7.3085 0.0000e+00
      0.222     -0.163    11.2419     93.279     29.697  19.202068     3.2400     0.6856     0.0852     0.2961 1.5265e+03     1.9814      0.218      0.317     7.3100 0.0000e+00
      0.175     -0.161    11.2397     93.293     29.694  19.205153     3.2400     0.6780     0.0852     0.2961 1.7920e+03     1.7710      0.172      0.249     7.3122 0.0000e+00
      0.132     -0.154    11.2363     93.328     29.688  19.205468     3.2400     0.6856     0.0852     0.2961 1.5960e+03     1.8161      0.129      0.188     7.3157 0.0000e+00
      0.094     -0.145    11.2328     93.376     29.672  19.199139     3.2400     0.6665     0.0852     0.2961 1.4249e+03     1.7560      0.093      0.135     7.3210 0.0000e+00
      0.062     -0.138    11.2302     93.429     29.644  19.184477     3.2400     0.6551     0.0852     0.2961 1.1769e+03     1.6207      0.061      0.089     7.3281 0.0000e+00
      0.033     -0.134    11.2297     93.486     29.593  19.153615     3.2400     0.6055     0.0852     0.2961 6.6010e+02     1.9965      0.032      0.047     7.3363 0.0000e+00
      0.003     -0.137    11.2317     93.544     29.498  19.094365     3.2400     0.6131     0.0852     0.2961 6.1509e+02     1.9814      0.003      0.005     7.3443 0.0000e+00
     -0.028     -0.146    11.2355     93.595     29.339  18.994886     3.2400     0.6208     0.0426     0.1269 9.4046e+02     1.9514     -0.028     -0.040     7.3511 0.0000e+00
     -0.064     -0.159    11.2405     93.638     29.073  18.828649     3.2400     0.5979     0.0426     0.1269 1.6446e+03     2.0265     -0.063     -0.092     7.3561 0.0000e+00
