Data/DataNotYetUploadedToEDI/Raw_CTD/RawDownloads/032123_fcr50_S8188004.cnv
* Sea-Bird SBE19plus  Data File:
* FileName = C:\R\Reservoirs\Data\DataNotYetUploadedToEDI\Raw_CTD\RawDownloads\032123_bvr50_S8188_0004.hex
* Software version 2.8.0.119
* Temperature SN = 8188
* Conductivity SN = 8188
* System UpLoad Time = Mar 24 2023 10:47:09
* <ApplicationData>
* <Seaterm232>
# nquan = 16
# nvalues = 1857                        
# units = specified
# name 0 = depFM: Depth [fresh water, m]
# name 1 = dz/dtM: Descent Rate [m/s]
# name 2 = sbeox0Mg/L: Oxygen, SBE 43 [mg/l]
# name 3 = sbeox0PS: Oxygen, SBE 43 [% saturation]
# name 4 = specc: Specific Conductance [uS/cm]
# name 5 = c0uS/cm: Conductivity [uS/cm]
# name 6 = wetCDOM: Fluorescence, WET Labs CDOM [mg/m^3]
# name 7 = flECO-AFL: Fluorescence, WET Labs ECO-AFL/FL [mg/m^3]
# name 8 = flECO-AFL1: Fluorescence, WET Labs ECO-AFL/FL, 2 [mg/m^3]
# name 9 = flECO-AFL2: Fluorescence, WET Labs ECO-AFL/FL, 3 [mg/m^3]
# name 10 = par/sat/log: PAR/Logarithmic, Satlantic
# name 11 = turbWETntu0: Turbidity, WET Labs ECO [NTU]
# name 12 = prdM: Pressure, Strain Gauge [db]
# name 13 = prdE: Pressure, Strain Gauge [psi]
# name 14 = tv290C: Temperature [ITS-90, deg C]
# name 15 = flag:  0.000e+00
# span 0 =     -0.537,      9.681       
# span 1 =     -0.144,      0.148       
# span 2 =    -0.9595,    13.3723       
# span 3 =     -7.898,    110.043       
# span 4 =      0.457,    330.201       
# span 5 =   0.331799, 211.340824       
# span 6 =    -9.0000,    20.8800       
# span 7 =    -2.4082,   245.2152       
# span 8 =    -3.2376,     1.7892       
# span 9 =    -5.7528,     6.0912       
# span 10 = 6.2074e-01, 2.3391e+03      
# span 11 =    -4.7821,   344.5483      
# span 12 =     -0.527,      9.493      
# span 13 =     -0.765,     13.769      
# span 14 =     6.9037,    11.4024      
# span 15 = 0.0000e+00, 0.0000e+00      
# interval = seconds: 0.25
# start_time = Mar 21 2023 13:48:48 [Instrument's time stamp, header]
# bad_flag = -9.990e-29
*END*
[from data line 1808]
     -0.517     -0.003     9.4700     78.558      3.066   1.966134     9.2700    -0.6686    -0.0426    -1.1844 1.5446e+02    19.9575     -0.507     -0.736     7.0605 0.0000e+00
     -0.518     -0.002     9.4785     78.694      2.960   1.898100    20.8800    -0.6572     0.1278     1.6074 1.4945e+02    19.9425     -0.508     -0.737     7.0599 0.0000e+00
     -0.518     -0.002     9.4907     78.833      2.843   1.823159    20.8800     6.1598     0.1278     1.6074 1.5263e+02    11.4805     -0.508     -0.737     7.0594 0.0000e+00
     -0.519     -0.001     9.5058     78.977      2.765   1.772738    20.8800     6.1789     0.1278     1.6074 1.4938e+02    11.5105     -0.509     -0.738     7.0589 0.0000e+00
     -0.519     -0.001     9.5220     79.130      2.750   1.763050    20.8800     6.1865     0.1278     1.6074 1.3694e+02    11.5406     -0.509     -0.738     7.0585 0.0000e+00
     -0.519     -0.001     9.5386     79.285      2.788   1.787557     6.3000     6.1636    -3.2376    -5.7528 2.9375e+02    11.3753     -0.509     -0.739     7.0581 0.0000e+00
     -0.519     -0.001     9.5555     79.440      2.859   1.833022     6.3000     9.6579    -3.2376    -5.7528 1.0381e+02    -2.5426     -0.509     -0.739     7.0578 0.0000e+00
     -0.519     -0.001     9.5732     79.588      2.944   1.887841     6.3000     9.6312    -3.2376    -5.7528 1.1228e+02    -2.5727     -0.509     -0.739     7.0575 0.0000e+00
     -0.520     -0.001     9.5917     79.728      3.039   1.948836     6.3000     9.6694    -3.2376    -5.7528 1.0282e+02    -2.5727     -0.510     -0.739     7.0572 0.0000e+00
     -0.520     -0.001     9.6105     79.865      3.160   2.026342     6.3000     9.6312    -3.2376    -5.7528 1.0524e+02    -2.6028     -0.510     -0.740     7.0569 0.0000e+00
     -0.520     -0.000     9.6293     80.000      3.355   2.150912    -1.2600     5.3739     1.7892     5.2875 1.4896e+02    27.2020     -0.510     -0.740     7.0567 0.0000e+00
     -0.520     -0.000     9.6473     80.122      3.649   2.339948    -1.2600     5.3930     1.7892     5.2875 9.8317e+01    27.1870     -0.510     -0.740     7.0566 0.0000e+00
     -0.520     -0.000     9.6643     80.231      3.932   2.521262    -1.2600     5.3968     1.7892     5.2875 1.1653e+02    27.2321     -0.510     -0.740     7.0564 0.0000e+00
     -0.520     -0.000     9.6810     80.336      4.041   2.590947    -1.2600     5.3587     1.7892     5.2875 2.0188e+02    27.2772     -0.510     -0.740     7.0563 0.0000e+00
     -0.520     -0.000     9.6974     80.435      3.971   2.545835     3.1500    -2.4082    -1.1502    -0.2961 2.2007e+02     5.5887     -0.510     -0.740     7.0562 0.0000e+00
     -0.520     -0.000     9.7122     80.522      3.826   2.452992     3.1500    -2.3853    -1.1502    -0.2961 2.4618e+02     5.5887     -0.510     -0.740     7.0561 0.0000e+00
     -0.520     -0.000     9.7254     80.593      3.676   2.356869     3.1500    -2.3624    -1.1502    -0.2961 2.1997e+02     5.5736     -0.510     -0.740     7.0560 0.0000e+00
     -0.521     -0.000     9.7382     80.649      3.518   2.255561     3.1500    -2.3853    -1.1502    -0.2961 2.3115e+02     5.5887     -0.510     -0.740     7.0559 0.0000e+00
     -0.521      0.000     9.7502     80.699      3.338   2.139848     4.7700     2.8829     0.4686     4.6953 2.2442e+02    18.3042     -0.510     -0.740     7.0559 0.0000e+00
     -0.521      0.000     9.7608     80.747      3.154   2.022376     4.7700     2.8524     0.4686     4.6953 2.1609e+02    18.3643     -0.510     -0.740     7.0559 0.0000e+00
     -0.521      0.000     9.7693     80.792      2.993   1.919275     4.7700     2.8867     0.4686     4.6953 2.1609e+02    18.3192     -0.510     -0.740     7.0560 0.0000e+00
     -0.521      0.000     9.7760     80.839      2.880   1.846550     4.7700     2.8791     0.4686     4.6953 2.2466e+02    18.3342     -0.511     -0.741     7.0562 0.0000e+00
     -0.521      0.000     9.7821     80.892      2.842   1.822379    -0.2700    -0.2452    -0.1278     0.3384 2.3546e+02    -4.7070     -0.511     -0.741     7.0564 0.0000e+00
     -0.521      0.000     9.7878     80.948      2.873   1.842291    -0.2700    -0.2338    -0.1278     0.3384 1.9246e+02    -4.7070     -0.511     -0.741     7.0567 0.0000e+00
     -0.521      0.000     9.7932     80.995      2.923   1.874030    -0.2700    -0.2452    -0.1278     0.3384 1.6157e+02    -4.7521     -0.511     -0.741     7.0571 0.0000e+00
     -0.521      0.000     9.7988     81.022      2.961   1.898375    -0.2700    -0.2566    -0.1278     0.3384 1.0785e+02    -4.7821     -0.511     -0.741     7.0574 0.0000e+00
     -0.521      0.000     9.8052     81.027      2.976   1.907979    -0.2700    -0.2490    -0.1278     0.3384 8.4554e+01     1.1398     -0.511     -0.741     7.0577 0.0000e+00
     -0.521      0.000     9.8119     81.015      2.956   1.895515    -2.4300    -0.2643    -0.0426     0.4653 9.0171e+01     1.0496     -0.511     -0.741     7.0581 0.0000e+00
     -0.521      0.000     9.8176     80.990      2.897   1.857661    -2.4300    -0.2376    -0.0426     0.4653 9.4875e+01     1.0796     -0.511     -0.741     7.0584 0.0000e+00
     -0.521      0.000     9.8207     80.956      2.792   1.790253    -2.4300    -0.2566    -0.0426     0.4653 1.0962e+02     1.1398     -0.511     -0.741     7.0587 0.0000e+00
     -0.521      0.000     9.8212     80.920      2.650   1.699043    -2.4300    -0.2986    -0.0426     0.4653 1.2794e+02     1.7560     -0.511     -0.741     7.0590 0.0000e+00
     -0.521      0.000     9.8196     80.889      2.497   1.601233     0.0000    -0.3177    -0.4686    -3.3840 1.5745e+02     1.8311     -0.511     -0.741     7.0591 0.0000e+00
     -0.521      0.000     9.8166     80.865      2.362   1.514239     0.0000    -0.3215    -0.4686    -3.3840 1.9313e+02     1.8612     -0.511     -0.741     7.0591 0.0000e+00
     -0.521      0.000     9.8125     80.843      2.253   1.444523     0.0000    -0.3062    -0.4686    -3.3840 1.7594e+02     1.8161     -0.511     -0.741     7.0590 0.0000e+00
     -0.521      0.000     9.8082     80.818      2.173   1.393265     0.0000    -0.8632    -0.4686    -3.3840 1.6242e+02     3.4394     -0.511     -0.741     7.0586 0.0000e+00
     -0.521      0.000     9.8048     80.795      2.123   1.360639     0.0000    -0.8708    -0.3834    -1.0998 1.3901e+02     3.3943     -0.511     -0.741     7.0577 0.0000e+00
     -0.521      0.000     9.8023     80.778      2.100   1.345854     0.0000    -0.8708    -0.3834    -1.0998 1.1955e+02     3.4995     -0.511     -0.741     7.0560 0.0000e+00
     -0.521      0.000     9.8003     80.783      2.106   1.348920     0.0000    -0.8327    -0.3834    -1.0998 7.2923e+01     3.4544     -0.511     -0.741     7.0532 0.0000e+00
     -0.521      0.000     9.7984     80.837      2.122   1.358791     0.0000     0.1706    -0.3834    -1.0998 7.6711e+01     0.5536     -0.511     -0.741     7.0488 0.0000e+00
     -0.521      0.000     9.7969     80.978      2.134   1.366237     0.0000     0.1859    -0.1278    -0.1692 8.4830e+01     0.6888     -0.511     -0.741     7.0430 0.0000e+00
     -0.521      0.000     9.7966     81.235      2.151   1.377198     0.0000     0.1935    -0.1278    -0.1692 1.1380e+02     0.6588     -0.511     -0.741     7.0362 0.0000e+00
     -0.520      0.000     9.7990     81.610      2.173   1.390642     0.0000     0.2049    -0.1278    -0.1692 1.3328e+02     0.6137     -0.510     -0.740     7.0288 0.0000e+00
     -0.520      0.000     9.8075     82.056      2.191   1.402244     0.0000    -0.0163    -0.1278    -0.1692 1.4068e+02    -0.6939     -0.510     -0.740     7.0210 0.0000e+00
     -0.520      0.000     9.8264     82.464      2.209   1.413122     0.0000    -0.0697    -0.1278    -0.1692 1.5118e+02    -0.6639     -0.510     -0.740     7.0133 0.0000e+00
     -0.520      0.000     9.8595     82.641      2.217   1.418268     0.0000    -0.0888     0.0000    -0.5499 1.8295e+02    -0.6037     -0.510     -0.740     7.0060 0.0000e+00
     -0.520 -9.990e-29     9.9066 -9.990e-29 -9.990e-29 -9.990e-29     0.0000 -9.990e-29     0.0000    -0.5499 2.2407e+02 -9.990e-29     -0.510     -0.740     6.9996 0.0000e+00
     -0.520 -9.990e-29     9.9620 -9.990e-29 -9.990e-29 -9.990e-29     0.0000 -9.990e-29     0.0000    -0.5499 2.2940e+02 -9.990e-29     -0.510     -0.740     6.9946 0.0000e+00
     -0.520 -9.990e-29    10.0123 -9.990e-29 -9.990e-29 -9.990e-29     0.0000 -9.990e-29     0.0000    -0.5499 2.2218e+02 -9.990e-29     -0.510     -0.740     6.9912 0.0000e+00
     -0.520 -9.990e-29    10.0341 -9.990e-29 -9.990e-29 -9.990e-29     0.0000 -9.990e-29    -0.0852    -0.8460 2.2151e+02 -9.990e-29     -0.510     -0.740     6.9900 0.0000e+00
