Data/DataNotYetUploadedToEDI/Raw_CTD/RawDownloads/032123_bvr50_S8188002.cnv
* Sea-Bird SBE19plus  Data File:
* FileName = C:\R\Reservoirs\Data\DataNotYetUploadedToEDI\Raw_CTD\RawDownloads\032123_bvr50_S8188_0002.hex
* Software version 2.8.0.119
* Temperature SN = 8188
* Conductivity SN = 8188
* System UpLoad Time = Mar 24 2023 10:46:36
* <ApplicationData>
* <Seaterm232>
# nquan = 16
# nvalues = 1551                        
# units = specified
# name 0 = depFM: Depth [fresh water, m]
# name 1 = dz/dtM: Descent Rate [m/s]
# name 2 = sbeox0Mg/L: Oxygen, SBE 43 [mg/l]
# name 3 = sbeox0PS: Oxygen, SBE 43 [% saturation]
# name 4 = specc: Specific Conductance [uS/cm]
# name 5 = c0uS/cm: Conductivity [uS/cm]
# name 6 = wetCDOM: Fluorescence, WET Labs CDOM [mg/m^3]
# name 7 = flECO-AFL: Fluorescence, WET Labs ECO-AFL/FL [mg/m^3]
# name 8 = flECO-AFL1: Fluorescence, WET Labs ECO-AFL/FL, 2 [mg/m^3]
# name 9 = flECO-AFL2: Fluorescence, WET Labs ECO-AFL/FL, 3 [mg/m^3]
# name 10 = par/sat/log: PAR/Logarithmic, Satlantic
# name 11 = turbWETntu0: Turbidity, WET Labs ECO [NTU]
# name 12 = prdM: Pressure, Strain Gauge [db]
# name 13 = prdE: Pressure, Strain Gauge [psi]
# name 14 = tv290C: Temperature [ITS-90, deg C]
# name 15 = flag:  0.000e+00
# span 0 =     -0.614,      9.651       
# span 1 =     -0.266,      0.167       
# span 2 =     8.7424,    12.5564       
# span 3 =     73.457,    104.878       
# span 4 =      0.147,     31.964       
# span 5 =   0.126131,  20.931390       
# span 6 =     0.0000,     6.7500       
# span 7 =    -1.2523,   245.1962       
# span 8 =     0.0000,     1.7040       
# span 9 =    -1.9035,    10.1943       
# span 10 = 1.1898e+00, 2.6058e+03      
# span 11 =    -0.9645,   288.6061      
# span 12 =     -0.602,      9.465      
# span 13 =     -0.873,     13.727      
# span 14 =     6.4655,    17.8056      
# span 15 = 0.0000e+00, 0.0000e+00      
# interval = seconds: 0.25
# start_time = Mar 21 2023 11:53:50 [Instrument's time stamp, header]
# bad_flag = -9.990e-29
*END*
[from data line 181]
     -0.037      0.004    12.0506     98.047     29.714  19.340300     3.0600     0.8229     0.0426     0.1269 1.7877e+03     1.7560     -0.036     -0.052     7.5353 0.0000e+00
     -0.036      0.004    11.9603     97.592     29.711  19.337476     3.0600     0.8420     0.0426     0.1269 1.7893e+03     1.7410     -0.035     -0.051     7.5362 0.0000e+00
     -0.035      0.004    11.8780     97.170     29.698  19.327591     3.0600     0.7924     0.0426     0.1269 1.7804e+03     1.6508     -0.034     -0.050     7.5384 0.0000e+00
     -0.034      0.005    11.8049     96.762     29.683  19.315925     3.0600     0.7924     0.0426     0.0846 1.7850e+03     1.8161     -0.033     -0.048     7.5408 0.0000e+00
     -0.033      0.005    11.7421     96.365     29.670  19.303324     3.0600     0.7619     0.0426     0.0846 1.7877e+03     1.7410     -0.032     -0.046     7.5418 0.0000e+00
     -0.031      0.006    11.6878     95.981     29.665  19.294346     3.0600     0.7886     0.0426     0.0846 1.7967e+03     1.7410     -0.030     -0.044     7.5411 0.0000e+00
     -0.030      0.006    11.6379     95.617     29.674  19.294510     3.0600     0.7352     0.0426     0.0846 1.8676e+03     1.7109     -0.029     -0.042     7.5388 0.0000e+00
     -0.028      0.007    11.5903     95.281     29.684  19.295945     3.0600     0.7276     0.0426     0.1269 1.8562e+03     1.7259     -0.027     -0.040     7.5346 0.0000e+00
     -0.026      0.007    11.5445     94.980     29.683  19.291117     3.0600     0.7009     0.0426     0.1269 1.5375e+03     1.7109     -0.026     -0.037     7.5280 0.0000e+00
     -0.024      0.007    11.5011     94.722     29.681  19.286655     3.0600     0.7199     0.0426     0.1269 1.5915e+03     1.7410     -0.024     -0.035     7.5190 0.0000e+00
     -0.023      0.007    11.4604     94.510     29.687  19.289285     3.0600     0.7047     0.0426     0.1269 1.5833e+03     1.7860     -0.022     -0.032     7.5091 0.0000e+00
     -0.021      0.006    11.4226     94.344     29.698  19.295749     2.8800     0.7123     0.0000     0.2115 1.5912e+03     1.7560     -0.020     -0.030     7.5001 0.0000e+00
     -0.019      0.005    11.3885     94.223     29.709  19.303814     2.8800     0.7352     0.0000     0.2115 1.6554e+03     1.7560     -0.019     -0.027     7.4932 0.0000e+00
     -0.017      0.003    11.3589     94.150     29.717  19.311672     2.8800     0.7047     0.0000     0.2115 1.5338e+03     1.7259     -0.017     -0.025     7.4883 0.0000e+00
     -0.016      0.001    11.3343     94.115     29.715  19.313502     2.8800     0.7009     0.0000     0.2115 1.6240e+03     1.7259     -0.016     -0.023     7.4856 0.0000e+00
     -0.016     -0.002    11.3144     94.111     29.708  19.313752     3.0600     0.7047     0.0852     0.2115 1.6615e+03     1.8011     -0.016     -0.023     7.4852 0.0000e+00
     -0.017     -0.005    11.2995     94.139     29.703  19.316446     3.0600     0.7161     0.0852     0.2115 1.6947e+03     1.7410     -0.017     -0.024     7.4869 0.0000e+00
     -0.019     -0.007    11.2896     94.198     29.689  19.314385     3.0600     0.7047     0.0852     0.2115 1.6929e+03     1.7109     -0.019     -0.027     7.4906 0.0000e+00
     -0.022     -0.008    11.2839     94.283     29.674  19.310980     3.0600     0.7352     0.0852     0.2115 1.6943e+03     1.7560     -0.021     -0.031     7.4960 0.0000e+00
     -0.025     -0.008    11.2814     94.384     29.671  19.313239     3.0600     0.7657     0.0852     0.2115 1.8426e+03     1.7259     -0.024     -0.035     7.5036 0.0000e+00
     -0.027     -0.007    11.2818     94.475     29.675  19.317805     3.0600     0.7657     0.0852     0.2538 1.7874e+03     1.8161     -0.027     -0.039     7.5141 0.0000e+00
     -0.029     -0.005    11.2856     94.538     29.681  19.321939     3.0600     0.7924     0.0852     0.2538 1.7259e+03     1.7410     -0.029     -0.042     7.5258 0.0000e+00
     -0.031     -0.003    11.2929     94.573     29.689  19.326743     3.0600     0.7772     0.0852     0.2538 1.7002e+03     1.6207     -0.030     -0.043     7.5364 0.0000e+00
     -0.031     -0.001    11.3029     94.577     29.694  19.329540     3.0600     0.8306     0.0852     0.2538 1.7338e+03     1.6508     -0.030     -0.044     7.5436 0.0000e+00
     -0.030      0.001    11.3131     94.540     29.691  19.327118     2.9700     0.8496     0.0852     0.1692 1.7769e+03     1.7259     -0.030     -0.043     7.5465 0.0000e+00
     -0.029      0.002    11.3205     94.467     29.686  19.322789     2.9700     0.8573     0.0852     0.1692 1.7002e+03     1.7109     -0.029     -0.042     7.5469 0.0000e+00
     -0.028      0.002    11.3247     94.367     29.683  19.319356     2.9700     0.8153     0.0852     0.1692 1.6428e+03     1.7860     -0.028     -0.040     7.5470 0.0000e+00
     -0.027      0.002    11.3252     94.255     29.678  19.315903     2.9700     0.7810     0.0852     0.1692 1.6322e+03     1.7560     -0.027     -0.039     7.5469 0.0000e+00
     -0.027      0.002    11.3211     94.155     29.678  19.315469     2.9700     0.7505     0.0852     0.1269 1.7524e+03     1.6808     -0.027     -0.038     7.5457 0.0000e+00
     -0.027      0.001    11.3129     94.076     29.689  19.321894     2.9700     0.7733     0.0852     0.1269 1.8749e+03     1.7410     -0.026     -0.038     7.5436 0.0000e+00
     -0.026      0.001    11.3015     94.009     29.706  19.332936     2.9700     0.7695     0.0852     0.1269 1.9873e+03     1.6808     -0.026     -0.038     7.5416 0.0000e+00
     -0.026      0.002    11.2885     93.951     29.724  19.343622     2.9700     0.7810     0.0852     0.1269 2.0200e+03     1.6808     -0.026     -0.037     7.5403 0.0000e+00
     -0.026      0.002    11.2767     93.896     29.733  19.348885     3.0600     0.7924     0.0852     0.0846 2.0222e+03     1.6658     -0.025     -0.037     7.5395 0.0000e+00
     -0.025      0.003    11.2673     93.829     29.731  19.346171     3.0600     0.7581     0.0852     0.0846 2.0314e+03     1.6959     -0.025     -0.036     7.5389 0.0000e+00
     -0.025      0.003    11.2595     93.735     29.720  19.338714     3.0600     0.8000     0.0852     0.0846 1.7184e+03     1.7560     -0.024     -0.035     7.5384 0.0000e+00
     -0.024      0.004    11.2529     93.626     29.704  19.328484     3.0600     0.7543     0.0852     0.0846 1.6114e+03     1.7710     -0.023     -0.033     7.5373 0.0000e+00
     -0.022      0.004    11.2468     93.522     29.685  19.316710     3.0600     0.7733     0.0852     0.0846 1.5967e+03     1.7860     -0.022     -0.032     7.5354 0.0000e+00
     -0.021      0.005    11.2393     93.434     29.671  19.308170     2.9700     0.7810     0.0000     0.1269 1.5915e+03     1.6808     -0.021     -0.030     7.5336 0.0000e+00
     -0.020      0.005    11.2283     93.377     29.665  19.304544     2.9700     0.7848     0.0000     0.1269 1.6040e+03     1.6658     -0.019     -0.028     7.5327 0.0000e+00
     -0.018      0.006    11.2151     93.357     29.659  19.300906     2.9700     0.6894     0.0000     0.1269 1.5988e+03     1.6959     -0.018     -0.026     7.5333 0.0000e+00
     -0.017      0.006    11.2022     93.372     29.652  19.296288     2.9700     0.7276     0.0000     0.1269 1.5870e+03     1.6808     -0.016     -0.024     7.5348 0.0000e+00
     -0.015      0.005    11.1914     93.421     29.654  19.297373     3.0600     0.7314     0.0000     0.0423 1.6016e+03     1.7860     -0.015     -0.021     7.5358 0.0000e+00
     -0.013      0.005    11.1844     93.499     29.664  19.304451     3.0600     0.7123     0.0000     0.0423 1.6731e+03     1.6959     -0.013     -0.019     7.5359 0.0000e+00
     -0.012      0.004    11.1821     93.590     29.680  19.315451     3.0600     0.7199     0.0000     0.0423 1.5628e+03     1.6808     -0.012     -0.017     7.5356 0.0000e+00
     -0.011      0.002    11.1840     93.684     29.701  19.329348     3.0600     0.7009     0.0000     0.0423 1.5812e+03     1.7259     -0.011     -0.016     7.5355 0.0000e+00
     -0.011      0.000    11.1898     93.780     29.712  19.337974     3.0600     0.7238     0.0426     0.2115 1.6033e+03     1.6508     -0.011     -0.015     7.5357 0.0000e+00
     -0.011     -0.002    11.1989     93.875     29.711  19.339672     3.0600     0.7009     0.0426     0.2115 1.5967e+03     1.6658     -0.011     -0.016     7.5364 0.0000e+00
     -0.012     -0.004    11.2095     93.958     29.705  19.338853     3.0600     0.7848     0.0426     0.2115 1.6202e+03     1.8011     -0.012     -0.017     7.5375 0.0000e+00
     -0.013     -0.005    11.2205     94.014     29.696  19.335297     3.0600     0.7886     0.0426     0.2115 1.6124e+03     1.7710     -0.013     -0.019     7.5387 0.0000e+00
     -0.015     -0.006    11.2314     94.031     29.691  19.332016     3.0600     0.7619     0.0852     0.2115 1.6411e+03     1.7860     -0.015     -0.021     7.5407 0.0000e+00
     -0.017     -0.007    11.2418     94.007     29.686  19.328135     3.0600     0.7848     0.0852     0.2115 1.8570e+03     1.6959     -0.017     -0.025     7.5445 0.0000e+00
     -0.019     -0.007    11.2503     93.956     29.686  19.326575     3.0600     0.8306     0.0852     0.2115 2.0505e+03     1.7410     -0.019     -0.028     7.5497 0.0000e+00
     -0.021     -0.006    11.2559     93.895     29.701  19.334837     3.0600     0.8267     0.0852     0.2115 2.0532e+03     1.7109     -0.021     -0.031     7.5536 0.0000e+00
     -0.023     -0.006    11.2578     93.833     29.716  19.343251     3.0600     0.8306     0.0852     0.2115 1.9526e+03     1.7259     -0.022     -0.032     7.5541 0.0000e+00
     -0.024     -0.006    11.2553     93.792     29.722  19.346144     3.0600     0.8420     0.0426     0.1269 1.9761e+03     1.6658     -0.023     -0.034     7.5525 0.0000e+00
     -0.025     -0.008    11.2498     93.788     29.729  19.352202     3.0600     0.8306     0.0426     0.1269 1.6815e+03     1.7259     -0.024     -0.035     7.5504 0.0000e+00
     -0.026     -0.010    11.2432     93.824     29.740  19.363043     3.0600     0.8229     0.0426     0.1269 1.8430e+03     1.7410     -0.025     -0.037     7.5477 0.0000e+00
     -0.028     -0.013    11.2366     93.895     29.748  19.373640     3.0600     0.8382     0.0426     0.1269 1.6504e+03     1.7259     -0.028     -0.041     7.5448 0.0000e+00
     -0.032     -0.016    11.2320     93.997     29.747  19.378903     3.0600     0.8649     0.0426     0.0846 1.8306e+03     1.6959     -0.032     -0.046     7.5435 0.0000e+00
     -0.037     -0.018    11.2310     94.122     29.739  19.380237     3.0600     0.7733     0.0426     0.0846 1.8132e+03     1.6508     -0.037     -0.053     7.5458 0.0000e+00
     -0.043     -0.019    11.2336     94.258     29.735  19.381955     3.0600     0.7810     0.0426     0.0846 1.7592e+03     1.6959     -0.042     -0.061     7.5519 0.0000e+00
     -0.049     -0.019    11.2396     94.389     29.729  19.380558     3.0600     0.7924     0.0426     0.0846 1.6453e+03     1.6959     -0.048     -0.070     7.5608 0.0000e+00
     -0.055     -0.017    11.2488     94.496     29.716  19.371715     3.0600     0.7924     0.0000     0.2538 1.6297e+03     1.7860     -0.054     -0.078     7.5713 0.0000e+00
     -0.059     -0.013    11.2609     94.565     29.696  19.357026     3.0600     0.7085     0.0000     0.2538 1.6191e+03     1.6658     -0.058     -0.085     7.5818 0.0000e+00
     -0.063     -0.008    11.2750     94.593     29.669  19.336533     3.0600     0.7352     0.0000     0.2538 1.6086e+03     1.7109     -0.061     -0.089     7.5898 0.0000e+00
     -0.064     -0.003    11.2898     94.575     29.642  19.316643     3.0600     0.7047     0.0000     0.2538 1.6149e+03     1.6508     -0.063     -0.091     7.5933 0.0000e+00
     -0.063      0.002    11.3027     94.514     29.634  19.307886     3.0600     0.7276     0.0000     0.0846 1.6223e+03     1.6658     -0.062     -0.090     7.5927 0.0000e+00
     -0.062      0.006    11.3118     94.420     29.639  19.307926     3.0600     0.8306     0.0000     0.0846 1.5815e+03     1.6658     -0.060     -0.088     7.5896 0.0000e+00
     -0.059      0.009    11.3163     94.314     29.646  19.308857     3.0600     0.8496     0.0000     0.0846 1.6016e+03     1.6658     -0.058     -0.084     7.5855 0.0000e+00
     -0.056      0.012    11.3155     94.203     29.636  19.299053     3.0600     0.8191     0.0000     0.0846 1.6026e+03     1.7860     -0.055     -0.080     7.5806 0.0000e+00
     -0.053      0.013    11.3095     94.095     29.612  19.279858     3.0600     0.8306     0.0000     0.0846 1.6033e+03     1.7259     -0.052     -0.075     7.5755 0.0000e+00
     -0.049      0.014    11.2999     93.998     29.595  19.265944     3.0600     0.8306     0.0852     0.0846 1.6371e+03     1.6808     -0.048     -0.069     7.5701 0.0000e+00
     -0.045      0.014    11.2888     93.911     29.594  19.261515     3.0600     0.8573     0.0852     0.0846 1.6640e+03     1.7860     -0.044     -0.063     7.5640 0.0000e+00
     -0.041      0.013    11.2773     93.830     29.607  19.265391     3.0600     0.8077     0.0852     0.0846 1.6866e+03     1.8161     -0.040     -0.058     7.5580 0.0000e+00
     -0.037      0.011    11.2658     93.751     29.622  19.270689     3.0600     0.8229     0.0852     0.0846 1.6325e+03     1.7410     -0.037     -0.053     7.5527 0.0000e+00
     -0.035      0.009    11.2557     93.678     29.622  19.266947     3.0600     0.9030     0.0426     0.1692 1.6691e+03     1.6808     -0.034     -0.049     7.5472 0.0000e+00
     -0.032      0.007    11.2471     93.615     29.619  19.261085     3.0600     0.9183     0.0426     0.1692 1.5469e+03     1.7259     -0.032     -0.046     7.5409 0.0000e+00
     -0.031      0.005    11.2393     93.565     29.633  19.267370     3.0600     0.8878     0.0426     0.1692 1.6888e+03     1.6057     -0.031     -0.044     7.5338 0.0000e+00
     -0.031      0.003    11.2320     93.524     29.656  19.279562     3.0600     0.8763     0.0426     0.1692 1.9257e+03     1.7710     -0.030     -0.043     7.5265 0.0000e+00
     -0.030      0.001    11.2251     93.501     29.668  19.285082     3.0600     0.8916     0.0426     0.1269 1.8900e+03     1.6808     -0.030     -0.043     7.5196 0.0000e+00
     -0.030     -0.002    11.2193     93.505     29.672  19.285399     3.0600     0.8840     0.0426     0.1269 1.9215e+03     1.7560     -0.030     -0.043     7.5135 0.0000e+00
     -0.030     -0.005    11.2146     93.535     29.672  19.284558     3.0600     0.8802     0.0426     0.1269 1.5418e+03     1.7560     -0.030     -0.043     7.5086 0.0000e+00
     -0.031     -0.009    11.2108     93.585     29.674  19.286291     3.0600     0.9069     0.0426     0.1269 1.5850e+03     1.7560     -0.031     -0.044     7.5043 0.0000e+00
     -0.033     -0.014    11.2092     93.652     29.678  19.291061     3.0600     0.7924     0.0000     0.2961 1.7451e+03     1.7109     -0.032     -0.047     7.5000 0.0000e+00
     -0.036     -0.020    11.2107     93.727     29.679  19.296181     3.0600     0.7657     0.0000     0.2961 1.6414e+03     1.7860     -0.036     -0.052     7.4963 0.0000e+00
     -0.042     -0.026    11.2148     93.811     29.681  19.303017     3.0600     0.7772     0.0000     0.2961 1.6428e+03     1.7109     -0.042     -0.060     7.4944 0.0000e+00
     -0.050     -0.032    11.2207     93.907     29.682  19.309435     3.0600     0.7733     0.0000     0.2961 1.8498e+03     1.6808     -0.050     -0.072     7.4950 0.0000e+00
     -0.060     -0.035    11.2276     94.006     29.688  19.317146     3.0600     0.7772     0.0000     0.2961 1.7270e+03     1.8161     -0.059     -0.086     7.4991 0.0000e+00
     -0.071     -0.036    11.2345     94.101     29.701  19.328206     3.0600     0.7695     0.0426     0.0000 1.5692e+03     1.6808     -0.070     -0.101     7.5067 0.0000e+00
     -0.082     -0.034    11.2419     94.191     29.708  19.333692     3.0600     0.7657     0.0426     0.0000 1.4521e+03     1.6959     -0.081     -0.117     7.5162 0.0000e+00
