Data/DataNotYetUploadedToEDI/Raw_CTD/RawDownloads/032123_bvr50_S8188002.cnv
* Sea-Bird SBE19plus  Data File:
* FileName = C:\R\Reservoirs\Data\DataNotYetUploadedToEDI\Raw_CTD\RawDownloads\032123_bvr50_S8188_0002.hex
* Software version 2.8.0.119
* Temperature SN = 8188
* Conductivity SN = 8188
* System UpLoad Time = Mar 24 2023 10:46:36
* <ApplicationData>
* <Seaterm232>
# nquan = 16
# nvalues = 1551                        
# units = specified
# name 0 = depFM: Depth [fresh water, m]
# name 1 = dz/dtM: Descent Rate [m/s]
# name 2 = sbeox0Mg/L: Oxygen, SBE 43 [mg/l]
# name 3 = sbeox0PS: Oxygen, SBE 43 [% saturation]
# name 4 = specc: Specific Conductance [uS/cm]
# name 5 = c0uS/cm: Conductivity [uS/cm]
# name 6 = wetCDOM: Fluorescence, WET Labs CDOM [mg/m^3]
# name 7 = flECO-AFL: Fluorescence, WET Labs ECO-AFL/FL [mg/m^3]
# name 8 = flECO-AFL1: Fluorescence, WET Labs ECO-AFL/FL, 2 [mg/m^3]
# name 9 = flECO-AFL2: Fluorescence, WET Labs ECO-AFL/FL, 3 [mg/m^3]
# name 10 = par/sat/log: PAR/Logarithmic, Satlantic
# name 11 = turbWETntu0: Turbidity, WET Labs ECO [NTU]
# name 12 = prdM: Pressure, Strain Gauge [db]
# name 13 = prdE: Pressure, Strain Gauge [psi]
# name 14 = tv290C: Temperature [ITS-90, deg C]
# name 15 = flag:  0.000e+00
# span 0 =     -0.614,      9.651       
# span 1 =     -0.266,      0.167       
# span 2 =     8.7424,    12.5564       
# span 3 =     73.457,    104.878       
# span 4 =      0.147,     31.964       
# span 5 =   0.126131,  20.931390       
# span 6 =     0.0000,     6.7500       
# span 7 =    -1.2523,   245.1962       
# span 8 =     0.0000,     1.7040       
# span 9 =    -1.9035,    10.1943       
# span 10 = 1.1898e+00, 2.6058e+03      
# span 11 =    -0.9645,   288.6061      
# span 12 =     -0.602,      9.465      
# span 13 =     -0.873,     13.727      
# span 14 =     6.4655,    17.8056      
# span 15 = 0.0000e+00, 0.0000e+00      
# interval = seconds: 0.25
# start_time = Mar 21 2023 11:53:50 [Instrument's time stamp, header]
# bad_flag = -9.990e-29
*END*
[from data line 904]
      5.922      0.036    11.0273     90.410     29.759  18.862452     3.3300     3.3864     0.0426     0.3384 1.6905e+01     1.9814      5.808      8.423     6.7022 0.0000e+00
      5.930      0.035    11.0381     90.415     29.760  18.858090     3.3300     3.3712     0.0426     0.3384 1.6876e+01     1.9514      5.816      8.435     6.7011 0.0000e+00
      5.939      0.034    11.0468     90.401     29.761  18.853385     3.3300     3.5429     0.0426     0.3384 1.6774e+01     1.9814      5.824      8.447     6.6997 0.0000e+00
      5.947      0.033    11.0538     90.379     29.760  18.847083     3.3300     3.5581     0.0426     0.3384 1.6683e+01     1.9363      5.832      8.459     6.6964 0.0000e+00
      5.956      0.034    11.0589     90.351     29.758  18.841459     3.3300     3.5238     0.0426     0.3807 1.6607e+01     2.0416      5.841      8.471     6.6903 0.0000e+00
      5.964      0.034    11.0618     90.324     29.761  18.838973     3.3300     3.5352     0.0426     0.3807 1.6610e+01     1.9063      5.849      8.483     6.6822 0.0000e+00
      5.973      0.035    11.0627     90.297     29.766  18.838962     3.3300     3.6230     0.0426     0.3807 1.6488e+01     2.4023      5.858      8.495     6.6732 0.0000e+00
      5.982      0.036    11.0624     90.268     29.762  18.833506     3.3300     3.6344     0.0426     0.3807 1.6449e+01     2.4474      5.866      8.508     6.6643 0.0000e+00
      5.991      0.036    11.0613     90.245     29.752  18.825109     3.3300     3.6115     0.0426     0.5076 1.6285e+01     2.4774      5.875      8.521     6.6561 0.0000e+00
      6.001      0.037    11.0599     90.236     29.739  18.815488     3.3300     3.5924     0.0426     0.5076 1.6144e+01     2.4624      5.885      8.535     6.6490 0.0000e+00
      6.010      0.037    11.0583     90.241     29.720  18.802078     3.3300     3.5009     0.0426     0.5076 1.6102e+01     1.9664      5.894      8.549     6.6430 0.0000e+00
      6.020      0.037    11.0562     90.259     29.707  18.793178     3.3300     3.4894     0.0426     0.5076 1.6022e+01     1.9514      5.904      8.562     6.6380 0.0000e+00
      6.029      0.037    11.0543     90.290     29.709  18.794330     3.3300     3.4933     0.0852     0.3807 1.5849e+01     1.9814      5.913      8.576     6.6343 0.0000e+00
      6.039      0.037    11.0538     90.319     29.716  18.797924     3.3300     3.4780     0.0852     0.3807 1.5835e+01     1.9363      5.922      8.589     6.6321 0.0000e+00
      6.048      0.037    11.0548     90.343     29.716  18.797004     3.3300     3.4704     0.0852     0.3807 1.5705e+01     1.9514      5.931      8.603     6.6306 0.0000e+00
      6.058      0.038    11.0573     90.363     29.721  18.799239     3.3300     3.4589     0.0852     0.3807 1.5559e+01     2.0115      5.941      8.616     6.6296 0.0000e+00
      6.068      0.038    11.0613     90.374     29.732  18.805226     3.2400     3.4894     0.0426     0.5076 1.5464e+01     1.9213      5.950      8.630     6.6289 0.0000e+00
      6.077      0.038    11.0652     90.367     29.739  18.808647     3.2400     3.4933     0.0426     0.5076 1.5381e+01     2.0115      5.960      8.644     6.6278 0.0000e+00
      6.087      0.038    11.0686     90.352     29.742  18.810412     3.2400     3.7298     0.0426     0.5076 1.5261e+01     2.0866      5.970      8.658     6.6260 0.0000e+00
      6.097      0.038    11.0717     90.348     29.744  18.810993     3.2400     3.7374     0.0426     0.5076 1.5139e+01     2.0566      5.979      8.672     6.6241 0.0000e+00
      6.107      0.038    11.0734     90.366     29.743  18.810544     3.2400     3.7031     0.0426     0.5076 1.5066e+01     1.8913      5.989      8.685     6.6225 0.0000e+00
      6.116      0.038    11.0729     90.395     29.741  18.808946     3.2400     3.7221     0.0852     0.4230 1.4981e+01     1.9363      5.998      8.699     6.6213 0.0000e+00
      6.126      0.038    11.0713     90.419     29.736  18.805772     3.2400     3.6535     0.0852     0.4230 1.4946e+01     2.0265      6.008      8.713     6.6205 0.0000e+00
      6.136      0.039    11.0710     90.434     29.727  18.800176     3.2400     3.6764     0.0852     0.4230 1.4871e+01     2.0115      6.017      8.727     6.6200 0.0000e+00
      6.145      0.039    11.0732     90.444     29.718  18.794625     3.2400     3.6802     0.0852     0.4230 1.4723e+01     1.9814      6.027      8.741     6.6199 0.0000e+00
      6.155      0.040    11.0768     90.452     29.713  18.791595     3.3300     3.6611     0.0426     0.3807 1.4656e+01     2.0265      6.036      8.755     6.6199 0.0000e+00
      6.166      0.040    11.0797     90.453     29.711  18.790279     3.3300     3.4284     0.0426     0.3807 1.4536e+01     1.9965      6.046      8.769     6.6200 0.0000e+00
      6.176      0.041    11.0815     90.450     29.711  18.790326     3.3300     3.4399     0.0426     0.3807 1.4385e+01     1.9063      6.057      8.784     6.6202 0.0000e+00
      6.186      0.041    11.0826     90.459     29.714  18.791748     3.3300     3.4208     0.0426     0.3807 1.4326e+01     1.9814      6.067      8.799     6.6203 0.0000e+00
      6.197      0.042    11.0836     90.477     29.720  18.794924     3.3300     3.4170     0.0426     0.2961 1.4282e+01     1.8762      6.077      8.814     6.6203 0.0000e+00
      6.207      0.043    11.0837     90.489     29.730  18.800701     3.3300     3.3597     0.0426     0.2961 1.4229e+01     1.9213      6.087      8.829     6.6201 0.0000e+00
      6.219      0.043    11.0834     90.487     29.740  18.806661     3.3300     3.3712     0.0426     0.2961 1.4002e+01     1.9063      6.098      8.845     6.6198 0.0000e+00
      6.230      0.043    11.0847     90.468     29.746  18.810437     3.3300     3.3521     0.0426     0.2961 1.3827e+01     1.8913      6.109      8.861     6.6192 0.0000e+00
      6.241      0.043    11.0871     90.440     29.750  18.813035     3.3300     3.3521     0.0426     0.4230 1.3672e+01     1.8462      6.121      8.877     6.6183 0.0000e+00
      6.253      0.043    11.0889     90.404     29.753  18.815148     3.3300     3.4666     0.0426     0.4230 1.3589e+01     1.9063      6.132      8.893     6.6173 0.0000e+00
      6.263      0.042    11.0889     90.359     29.756  18.817340     3.3300     3.4894     0.0426     0.4230 1.3530e+01     1.9363      6.142      8.908     6.6165 0.0000e+00
      6.274      0.041    11.0867     90.322     29.760  18.820193     3.3300     3.4742     0.0426     0.4230 1.3471e+01     1.9664      6.152      8.923     6.6162 0.0000e+00
      6.284      0.040    11.0832     90.306     29.766  18.824471     3.3300     3.4856     0.0426     0.4230 1.3410e+01     2.0265      6.162      8.937     6.6162 0.0000e+00
      6.294      0.039    11.0786     90.310     29.764  18.823397     3.3300     3.7260     0.0852     0.3807 1.3205e+01     2.2069      6.172      8.952     6.6166 0.0000e+00
      6.304      0.038    11.0730     90.317     29.753  18.816685     3.3300     3.7107     0.0852     0.3807 1.3005e+01     2.1317      6.182      8.967     6.6173 0.0000e+00
      6.314      0.037    11.0682     90.317     29.749  18.814419     3.3300     3.7374     0.0852     0.3807 1.2997e+01     2.1768      6.192      8.980     6.6180 0.0000e+00
      6.323      0.036    11.0662     90.301     29.746  18.812038     3.3300     3.7298     0.0852     0.3807 1.2971e+01     2.2370      6.201      8.993     6.6187 0.0000e+00
      6.332      0.035    11.0665     90.289     29.741  18.808905     3.3300     3.5352     0.0426     0.3807 1.2910e+01     1.9664      6.209      9.006     6.6192 0.0000e+00
      6.340      0.035    11.0673     90.316     29.747  18.812101     3.3300     3.5429     0.0426     0.3807 1.2876e+01     2.0416      6.218      9.018     6.6196 0.0000e+00
      6.349      0.034    11.0672     90.379     29.751  18.814563     3.3300     3.5581     0.0426     0.3807 1.2787e+01     1.8462      6.226      9.030     6.6198 0.0000e+00
      6.357      0.034    11.0652     90.440     29.748  18.812990     3.3300     3.5696     0.0426     0.3807 1.2662e+01     1.9814      6.235      9.043     6.6199 0.0000e+00
      6.366      0.034    11.0637     90.478     29.745  18.810919     3.3300     3.5505     0.0000     0.4653 1.2515e+01     1.9514      6.243      9.056     6.6197 0.0000e+00
      6.375      0.033    11.0672     90.505     29.740  18.807798     3.3300     3.5238     0.0000     0.4653 1.2433e+01     2.0115      6.252      9.069     6.6193 0.0000e+00
      6.384      0.032    11.0750     90.534     29.738  18.806754     3.3300     3.5238     0.0000     0.4653 1.2310e+01     1.9363      6.261      9.081     6.6190 0.0000e+00
      6.392      0.030    11.0826     90.551     29.746  18.811465     3.3300     3.5467     0.0000     0.4653 1.2264e+01     2.0115      6.269      9.092     6.6187 0.0000e+00
      6.400      0.028    11.0872     90.530     29.752  18.815272     3.3300     3.5009     0.0852     0.4653 1.2174e+01     1.9814      6.276      9.103     6.6185 0.0000e+00
      6.407      0.026    11.0905     90.467     29.746  18.811274     3.3300     3.5009     0.0852     0.4653 1.2184e+01     1.9664      6.283      9.113     6.6185 0.0000e+00
      6.413      0.024    11.0940     90.402     29.739  18.806322     3.3300     3.4894     0.0852     0.4653 1.2137e+01     2.0566      6.289      9.122     6.6186 0.0000e+00
      6.419      0.021    11.0961     90.374     29.740  18.807010     3.3300     3.4856     0.0852     0.4653 1.2016e+01     2.0265      6.295      9.130     6.6186 0.0000e+00
      6.424      0.019    11.0936     90.373     29.745  18.809564     3.3300     3.5886     0.0852     0.4653 1.1948e+01     2.0115      6.300      9.137     6.6183 0.0000e+00
      6.428      0.018    11.0861     90.374     29.747  18.810707     3.3300     3.6230     0.0000     0.3807 1.1985e+01     1.9814      6.304      9.143     6.6179 0.0000e+00
      6.432      0.017    11.0783     90.391     29.754  18.814702     3.3300     3.6001     0.0000     0.3807 1.1930e+01     1.9514      6.308      9.149     6.6174 0.0000e+00
      6.436      0.016    11.0750     90.443     29.768  18.822614     3.3300     3.5963     0.0000     0.3807 1.1910e+01     2.1317      6.312      9.155     6.6168 0.0000e+00
      6.440      0.016    11.0751     90.512     29.779  18.828637     3.3300     3.7183     0.0000     0.3807 1.1904e+01     1.8762      6.316      9.160     6.6162 0.0000e+00
      6.444      0.016    11.0754     90.573     29.782  18.830420     3.3300     3.7145     0.0426     0.2961 1.1866e+01     1.9514      6.320      9.166     6.6155 0.0000e+00
      6.448      0.017    11.0777     90.617     29.780  18.828438     3.3300     3.7298     0.0426     0.2961 1.1843e+01     2.0115      6.324      9.171     6.6147 0.0000e+00
      6.453      0.019    11.0843     90.644     29.770  18.822162     3.3300     3.7221     0.0426     0.2961 1.1866e+01     2.0115      6.328      9.178     6.6137 0.0000e+00
      6.457      0.020    11.0930     90.661     29.757  18.813877     3.3300     3.7984     0.0426     0.2961 1.1817e+01     1.9664      6.333      9.184     6.6127 0.0000e+00
      6.463      0.022    11.1007     90.670     29.751  18.809289     3.3300     3.7908     0.0426     0.4230 1.1783e+01     1.9814      6.338      9.192     6.6118 0.0000e+00
      6.469      0.025    11.1063     90.658     29.754  18.811133     3.3300     3.7946     0.0426     0.4230 1.1727e+01     1.9814      6.344      9.201     6.6112 0.0000e+00
      6.475      0.027    11.1097     90.631     29.763  18.815942     3.3300     3.7717     0.0426     0.4230 1.1623e+01     1.9965      6.350      9.210     6.6109 0.0000e+00
      6.482      0.030    11.1119     90.598     29.773  18.821041     3.3300     4.0311     0.0426     0.4230 1.1585e+01     2.0716      6.357      9.220     6.6105 0.0000e+00
      6.490      0.033    11.1131     90.557     29.785  18.827790     3.3300     4.0578     0.0426     0.4230 1.1545e+01     1.9514      6.365      9.231     6.6100 0.0000e+00
      6.499      0.035    11.1119     90.510     29.791  18.830072     3.3300     4.0311     0.0426     0.4230 1.1435e+01     1.9814      6.373      9.243     6.6091 0.0000e+00
      6.508      0.038    11.1089     90.464     29.778  18.820580     3.3300     4.0693     0.0426     0.4230 1.1317e+01     1.9514      6.382      9.257     6.6079 0.0000e+00
      6.518      0.040    11.1054     90.427     29.748  18.800740     3.3300     3.7908     0.0426     0.4230 1.1197e+01     2.2670      6.392      9.271     6.6064 0.0000e+00
      6.529      0.042    11.1009     90.400     29.712  18.777137     3.3300     3.8023     0.0426     0.4230 1.1119e+01     2.1768      6.403      9.286     6.6044 0.0000e+00
      6.540      0.043    11.0957     90.380     29.691  18.763265     3.3300     3.8061     0.0852     0.4230 1.0954e+01     2.3271      6.414      9.302     6.6023 0.0000e+00
      6.551      0.044    11.0907     90.360     29.692  18.763340     3.3300     3.7870     0.0852     0.4230 1.0817e+01     2.2069      6.425      9.318     6.6002 0.0000e+00
      6.563      0.044    11.0866     90.337     29.703  18.769467     3.3300     3.7794     0.0852     0.4230 1.0751e+01     1.9664      6.436      9.335     6.5983 0.0000e+00
      6.574      0.044    11.0837     90.329     29.719  18.779322     3.3300     3.7984     0.0852     0.4230 1.0635e+01     1.9363      6.447      9.351     6.5967 0.0000e+00
      6.585      0.043    11.0816     90.352     29.745  18.795533     3.3300     3.8023     0.0426     0.4653 1.0527e+01     1.8913      6.458      9.367     6.5955 0.0000e+00
      6.596      0.042    11.0794     90.389     29.775  18.814508     3.3300     3.7794     0.0426     0.4653 1.0461e+01     2.0115      6.469      9.382     6.5946 0.0000e+00
      6.607      0.041    11.0768     90.428     29.792  18.825473     3.3300     3.3750     0.0426     0.4653 1.0386e+01     2.0115      6.479      9.397     6.5939 0.0000e+00
      6.617      0.040    11.0760     90.472     29.795  18.827396     3.3300     3.3636     0.0426     0.4653 1.0249e+01     2.0716      6.490      9.412     6.5934 0.0000e+00
      6.628      0.039    11.0789     90.522     29.791  18.824746     3.3300     3.3521     0.0426     0.3384 1.0136e+01     1.9363      6.500      9.427     6.5931 0.0000e+00
      6.638      0.038    11.0835     90.571     29.784  18.820776     3.3300     3.3712     0.0426     0.3384 1.0066e+01     1.8913      6.509      9.441     6.5929 0.0000e+00
      6.647      0.037    11.0883     90.611     29.786  18.822343     3.3300     3.4284     0.0426     0.3384 1.0033e+01     2.0115      6.519      9.455     6.5928 0.0000e+00
      6.656      0.037    11.0936     90.641     29.792  18.825905     3.3300     3.4360     0.0426     0.3384 9.9442e+00     2.0115      6.528      9.468     6.5930 0.0000e+00
      6.665      0.037    11.0997     90.668     29.784  18.820540     3.3300     3.4055     0.0426     0.4653 9.9550e+00     2.0416      6.536      9.480     6.5935 0.0000e+00
      6.674      0.037    11.1056     90.705     29.772  18.812733     3.3300     3.4513     0.0426     0.4653 9.9269e+00     1.9814      6.545      9.493     6.5940 0.0000e+00
      6.683      0.038    11.1103     90.751     29.771  18.812276     3.3300     3.7946     0.0426     0.4653 9.8474e+00     2.2520      6.554      9.506     6.5942 0.0000e+00
      6.693      0.039    11.1140     90.789     29.770  18.811130     3.3300     3.7870     0.0426     0.4653 9.7558e+00     2.2370      6.563      9.520     6.5940 0.0000e+00
      6.703      0.041    11.1175     90.811     29.760  18.805032     3.3300     3.8023     0.0426     0.4653 9.6735e+00     2.2069      6.573      9.534     6.5937 0.0000e+00
      6.714      0.043    11.1221     90.821     29.759  18.804231     3.3300     3.7870     0.0852     0.3807 9.6420e+00     2.2670      6.583      9.549     6.5934 0.0000e+00
