Data/DataNotYetUploadedToEDI/Raw_CTD/RawDownloads/032123_fcr50_S8188004.cnv
* Sea-Bird SBE19plus  Data File:
* FileName = C:\R\Reservoirs\Data\DataNotYetUploadedToEDI\Raw_CTD\RawDownloads\032123_bvr50_S8188_0004.hex
* Software version 2.8.0.119
* Temperature SN = 8188
* Conductivity SN = 8188
* System UpLoad Time = Mar 24 2023 10:47:09
* <ApplicationData>
* <Seaterm232>
# nquan = 16
# nvalues = 1857                        
# units = specified
# name 0 = depFM: Depth [fresh water, m]
# name 1 = dz/dtM: Descent Rate [m/s]
# name 2 = sbeox0Mg/L: Oxygen, SBE 43 [mg/l]
# name 3 = sbeox0PS: Oxygen, SBE 43 [% saturation]
# name 4 = specc: Specific Conductance [uS/cm]
# name 5 = c0uS/cm: Conductivity [uS/cm]
# name 6 = wetCDOM: Fluorescence, WET Labs CDOM [mg/m^3]
# name 7 = flECO-AFL: Fluorescence, WET Labs ECO-AFL/FL [mg/m^3]
# name 8 = flECO-AFL1: Fluorescence, WET Labs ECO-AFL/FL, 2 [mg/m^3]
# name 9 = flECO-AFL2: Fluorescence, WET Labs ECO-AFL/FL, 3 [mg/m^3]
# name 10 = par/sat/log: PAR/Logarithmic, Satlantic
# name 11 = turbWETntu0: Turbidity, WET Labs ECO [NTU]
# name 12 = prdM: Pressure, Strain Gauge [db]
# name 13 = prdE: Pressure, Strain Gauge [psi]
# name 14 = tv290C: Temperature [ITS-90, deg C]
# name 15 = flag:  0.000e+00
# span 0 =     -0.537,      9.681       
# span 1 =     -0.144,      0.148       
# span 2 =    -0.9595,    13.3723       
# span 3 =     -7.898,    110.043       
# span 4 =      0.457,    330.201       
# span 5 =   0.331799, 211.340824       
# span 6 =    -9.0000,    20.8800       
# span 7 =    -2.4082,   245.2152       
# span 8 =    -3.2376,     1.7892       
# span 9 =    -5.7528,     6.0912       
# span 10 = 6.2074e-01, 2.3391e+03      
# span 11 =    -4.7821,   344.5483      
# span 12 =     -0.527,      9.493      
# span 13 =     -0.765,     13.769      
# span 14 =     6.9037,    11.4024      
# span 15 = 0.0000e+00, 0.0000e+00      
# interval = seconds: 0.25
# start_time = Mar 21 2023 13:48:48 [Instrument's time stamp, header]
# bad_flag = -9.990e-29
*END*
[from data line 91]
      0.351      0.052    10.8614     94.810     37.188  25.391458     2.8800     1.4638     0.0426     0.1269 5.1773e+02     1.0345      0.344      0.499     9.1102 0.0000e+00
      0.365      0.054    10.8727     95.002     37.181  25.391039     2.9700     1.4676     0.0426     0.1692 1.0928e+03     1.1398      0.357      0.518     9.1162 0.0000e+00
      0.379      0.055    10.8870     95.205     37.164  25.384739     2.9700     1.4791     0.0426     0.1692 1.0754e+03     1.0947      0.371      0.538     9.1228 0.0000e+00
      0.393      0.056    10.9039     95.419     37.151  25.380778     2.9700     1.4638     0.0426     0.1692 8.0164e+02     0.9744      0.386      0.559     9.1297 0.0000e+00
      0.408      0.057    10.9228     95.643     37.141  25.380077     2.9700     1.5287     0.0426     0.1692 7.6555e+02     0.9594      0.400      0.580     9.1365 0.0000e+00
      0.423      0.056    10.9431     95.872     37.131  25.380472     2.9700     1.5401     0.0000     0.1692 9.7607e+02     1.0345      0.415      0.601     9.1431 0.0000e+00
      0.437      0.055    10.9648     96.097     37.119  25.382067     2.9700     1.5516     0.0000     0.1692 7.6123e+02     1.0796      0.429      0.622     9.1498 0.0000e+00
      0.452      0.054    10.9875     96.306     37.108  25.385287     2.9700     1.5439     0.0000     0.1692 6.6775e+02     0.9894      0.443      0.642     9.1570 0.0000e+00
      0.465      0.052    11.0111     96.494     37.101  25.390991     2.9700     1.6431     0.0000     0.1692 6.8064e+02     1.0045      0.456      0.662     9.1653 0.0000e+00
      0.478      0.050    11.0348     96.656     37.097  25.396743     2.9700     1.6355     0.0000     0.1692 7.7425e+02     1.1247      0.469      0.680     9.1754 0.0000e+00
      0.490      0.048    11.0573     96.781     37.094  25.400118     2.8800     1.6355     0.0426     0.0846 9.3863e+02     1.0646      0.481      0.697     9.1879 0.0000e+00
      0.502      0.046    11.0775     96.868     37.093  25.402016     2.8800     1.6813     0.0426     0.0846 1.6453e+03     1.0195      0.492      0.713     9.2025 0.0000e+00
      0.513      0.045    11.0953     96.930     37.087  25.398983     2.8800     1.7118     0.0426     0.0846 1.9032e+03     1.0496      0.503      0.729     9.2169 0.0000e+00
      0.524      0.045    11.1110     96.975     37.075  25.390211     2.8800     1.7308     0.0426     0.0846 1.9194e+03     1.0796      0.514      0.745     9.2281 0.0000e+00
      0.535      0.045    11.1235     97.013     37.066  25.383258     2.8800     1.6851     0.0426     0.1692 1.4414e+03     1.0646      0.524      0.761     9.2352 0.0000e+00
      0.546      0.046    11.1325     97.059     37.065  25.382209     2.8800     1.6851     0.0426     0.1692 9.7968e+02     1.0796      0.535      0.777     9.2390 0.0000e+00
      0.558      0.047    11.1392     97.122     37.067  25.384803     2.8800     1.4943     0.0426     0.1692 8.2676e+02     1.0796      0.547      0.793     9.2404 0.0000e+00
      0.570      0.048    11.1445     97.205     37.060  25.385795     2.8800     1.4638     0.0426     0.1692 6.9695e+02     1.1097      0.559      0.811     9.2399 0.0000e+00
      0.582      0.048    11.1493     97.308     37.041  25.381489     2.8800     1.4867     0.0000     0.2115 1.2849e+03     1.0045      0.571      0.828     9.2386 0.0000e+00
      0.595      0.049    11.1547     97.430     37.018  25.376677     2.8800     1.4638     0.0000     0.2115 1.1125e+03     1.0345      0.583      0.846     9.2378 0.0000e+00
      0.608      0.049    11.1614     97.566     37.002  25.377994     2.8800     1.4028     0.0000     0.2115 1.2085e+03     1.1698      0.596      0.864     9.2402 0.0000e+00
      0.620      0.049    11.1691     97.710     36.991  25.381833     2.8800     1.3951     0.0000     0.2115 1.0088e+03     1.0345      0.608      0.882     9.2474 0.0000e+00
      0.633      0.048    11.1777     97.863     36.975  25.381300     2.9700     1.4180     0.0000     0.1692 8.0916e+02     1.0195      0.621      0.900     9.2592 0.0000e+00
      0.645      0.047    11.1876     98.016     36.958  25.378231     2.9700     1.4104     0.0000     0.1692 1.0075e+03     1.0947      0.633      0.917     9.2745 0.0000e+00
      0.657      0.046    11.1987     98.159     36.944  25.375769     2.9700     1.3417     0.0000     0.1692 1.0829e+03     1.2450      0.645      0.935     9.2911 0.0000e+00
      0.669      0.045    11.2110     98.287     36.935  25.375237     2.9700     1.3456     0.0000     0.1692 1.7395e+03     1.3051      0.656      0.951     9.3067 0.0000e+00
      0.680      0.044    11.2249     98.400     36.935  25.378473     2.9700     1.3532     0.0000     0.1692 8.4860e+02     1.3953      0.667      0.967     9.3204 0.0000e+00
      0.691      0.043    11.2394     98.494     36.936  25.380400     2.9700     1.3379     0.0426     0.1269 8.7008e+02     1.2600      0.678      0.983     9.3322 0.0000e+00
      0.701      0.042    11.2531     98.571     36.929  25.375594     2.9700     1.3456     0.0426     0.1269 7.9730e+02     1.4253      0.688      0.998     9.3418 0.0000e+00
      0.712      0.041    11.2659     98.637     36.921  25.368713     2.9700     1.3570     0.0426     0.1269 1.1473e+03     1.2750      0.698      1.012     9.3489 0.0000e+00
      0.722      0.041    11.2777     98.695     36.920  25.365838     2.9700     1.3303     0.0426     0.1269 9.4909e+02     1.2600      0.708      1.027     9.3533 0.0000e+00
      0.732      0.041    11.2879     98.749     36.924  25.366204     2.9700     1.3494     0.0000     0.2538 7.1926e+02     1.2600      0.719      1.042     9.3554 0.0000e+00
      0.743      0.041    11.2967     98.806     36.928  25.365948     2.9700     1.3379     0.0000     0.2538 8.0916e+02     1.0796      0.729      1.056     9.3554 0.0000e+00
      0.753      0.042    11.3047     98.873     36.929  25.365003     2.9700     1.3303     0.0000     0.2538 6.6775e+02     1.0045      0.739      1.071     9.3536 0.0000e+00
      0.764      0.042    11.3122     98.949     36.931  25.365096     2.9700     1.3189     0.0000     0.2538 8.9016e+02     1.1097      0.749      1.087     9.3506 0.0000e+00
      0.775      0.043    11.3195     99.042     36.932  25.364272     2.9700     1.3456     0.0426     0.1692 6.6341e+02     1.0345      0.760      1.102     9.3469 0.0000e+00
      0.786      0.044    11.3270     99.160     36.932  25.362311     2.9700     1.2731     0.0426     0.1692 7.2744e+02     1.1097      0.771      1.117     9.3432 0.0000e+00
      0.797      0.046    11.3354     99.281     36.936  25.360671     2.9700     1.2616     0.0426     0.1692 7.5481e+02     1.0345      0.782      1.133     9.3405 0.0000e+00
      0.809      0.047    11.3445     99.381     36.944  25.358914     2.9700     1.2807     0.0426     0.1692 7.9678e+02     1.0796      0.793      1.150     9.3389 0.0000e+00
      0.821      0.049    11.3556     99.469     36.957  25.356571     2.9700     1.2807     0.0426     0.1692 7.5925e+02     1.0345      0.805      1.167     9.3373 0.0000e+00
      0.834      0.051    11.3700     99.568     36.975  25.353016     2.9700     1.2235     0.0426     0.1692 1.0514e+03     1.0195      0.818      1.186     9.3341 0.0000e+00
      0.847      0.053    11.3856     99.687     36.997  25.349282     2.9700     1.2311     0.0426     0.1692 9.5925e+02     1.0646      0.831      1.205     9.3281 0.0000e+00
      0.861      0.055    11.3997     99.826     37.014  25.346350     2.9700     1.2387     0.0426     0.1692 7.1833e+02     1.0646      0.845      1.225     9.3181 0.0000e+00
      0.876      0.056    11.4141     99.985     37.020  25.343437     2.9700     1.2120     0.0426     0.1692 6.0964e+02     1.0646      0.859      1.246     9.3030 0.0000e+00
      0.891      0.057    11.4313    100.165     37.019  25.339768     3.0600     1.2807     0.0000     0.2538 1.2627e+03     1.0646      0.873      1.267     9.2813 0.0000e+00
      0.906      0.057    11.4518    100.369     37.017  25.334364     3.0600     1.2921     0.0000     0.2538 6.8643e+02     1.1548      0.888      1.288     9.2561 0.0000e+00
      0.920      0.057    11.4732    100.586     37.019  25.329743     3.0600     1.2845     0.0000     0.2538 5.5260e+02     1.0345      0.902      1.308     9.2368 0.0000e+00
      0.935      0.057    11.4940    100.799     37.028  25.328633     3.0600     1.2693     0.0000     0.2538 5.5634e+02     1.1247      0.916      1.329     9.2273 0.0000e+00
      0.949      0.056    11.5160    100.995     37.039  25.326777     2.9700     1.2159     0.0426     0.2538 5.3523e+02     1.2901      0.930      1.349     9.2227 0.0000e+00
      0.963      0.056    11.5409    101.171     37.049  25.323680     2.9700     1.2082     0.0426     0.2538 6.1858e+02     1.2299      0.944      1.369     9.2177 0.0000e+00
      0.977      0.056    11.5679    101.327     37.064  25.322475     2.9700     1.2082     0.0426     0.2538 8.4879e+02     1.3351      0.958      1.390     9.2101 0.0000e+00
      0.992      0.056    11.5953    101.467     37.083  25.318882     2.9700     1.2311     0.0426     0.2538 7.1397e+02     1.3201      0.972      1.410     9.1996 0.0000e+00
      1.006      0.056    11.6213    101.598     37.112  25.311943     2.9700     1.2159     0.0000     0.2538 5.8511e+02     1.2299      0.986      1.430     9.1873 0.0000e+00
      1.020      0.057    11.6453    101.727     37.163  25.307724     2.9700     1.2159     0.0000     0.2538 6.4732e+02     1.2299      1.000      1.451     9.1738 0.0000e+00
      1.034      0.058    11.6676    101.856     37.225  25.305100     2.9700     1.1892     0.0000     0.2538 5.2772e+02     1.3502      1.015      1.471     9.1582 0.0000e+00
      1.049      0.059    11.6900    101.981     37.278  25.299410     2.9700     1.2311     0.0000     0.2538 4.9906e+02     1.3051      1.029      1.492     9.1362 0.0000e+00
      1.064      0.059    11.7151    102.106     37.310  25.289133     2.9700     1.1777     0.0000     0.2538 5.2010e+02     1.1548      1.044      1.513     9.1007 0.0000e+00
      1.080      0.060    11.7447    102.228     37.319  25.271528     3.0600     1.1586     0.0000     0.2115 4.7442e+02     1.0345      1.059      1.535     9.0485 0.0000e+00
      1.095      0.061    11.7767    102.330     37.312  25.249818     3.0600     1.1777     0.0000     0.2115 4.4681e+02     1.0796      1.074      1.558     8.9874 0.0000e+00
      1.111      0.061    11.8069    102.389     37.301  25.230092     3.0600     1.1777     0.0000     0.2115 4.3977e+02     1.1097      1.089      1.580     8.9317 0.0000e+00
      1.126      0.061    11.8335    102.377     37.286  25.207089     3.0600     1.2921     0.0000     0.2115 4.3587e+02     1.0045      1.105      1.602     8.8888 0.0000e+00
      1.142      0.062    11.8566    102.235     37.267  25.170717     3.0600     1.2769     0.0426     0.2538 4.0801e+02     1.0045      1.120      1.624     8.8572 0.0000e+00
      1.158      0.062    11.8748    101.876     37.248  25.119194     3.0600     1.2502     0.0426     0.2538 3.6426e+02     1.1398      1.135      1.647     8.8340 0.0000e+00
      1.173      0.063    11.8862    101.162     37.212  25.042740     3.0600     1.2960     0.0426     0.2538 3.5643e+02     1.0195      1.151      1.669     8.8176 0.0000e+00
      1.189      0.064    11.8893     99.855     37.112  24.913045     3.0600     1.2807     0.0426     0.2538 3.5006e+02     1.0345      1.166      1.692     8.8001 0.0000e+00
      1.206      0.065    11.8814     97.562     36.939  24.719279     3.0600     1.2807     0.0000     0.2115 3.3430e+02     1.1398      1.182      1.715     8.7686 0.0000e+00
      1.222      0.067    11.8538     94.156     36.777  24.512705     3.0600     1.2807     0.0000     0.2115 3.2761e+02     1.1398      1.199      1.739     8.7164 0.0000e+00
      1.240      0.068    11.7896     90.329     36.721  24.364921     3.0600     1.2921     0.0000     0.2115 3.3634e+02     1.0947      1.216      1.764     8.6457 0.0000e+00
      1.257      0.070    11.6596     87.129     36.757  24.287981     3.0600     1.3570     0.0000     0.2115 3.2001e+02     1.1398      1.233      1.789     8.5605 0.0000e+00
      1.276      0.071    11.4188     85.213     36.824  24.257403     3.0600     1.3379     0.0426     0.2538 3.2407e+02     1.0045      1.251      1.815     8.4557 0.0000e+00
      1.294      0.071    11.0543     84.732     36.890  24.253154     3.0600     1.3227     0.0426     0.2538 3.3328e+02     1.0045      1.269      1.841     8.3225 0.0000e+00
      1.312      0.071    10.6435     85.499     36.945  24.262224     3.0600     1.3379     0.0426     0.2538 3.1904e+02     1.1398      1.287      1.867     8.1727 0.0000e+00
      1.331      0.071    10.3016     87.149     36.992  24.279113     3.0600     1.5210     0.0426     0.2538 3.3256e+02     1.3652      1.305      1.893     8.0369 0.0000e+00
      1.349      0.070    10.1020     89.187     37.032  24.300407     3.0600     1.5477     0.0426     0.2538 3.3372e+02     1.3802      1.323      1.919     7.9356 0.0000e+00
      1.367      0.069    10.0627     90.902     37.064  24.323867     3.0600     1.5096     0.0426     0.1269 3.2975e+02     1.3051      1.340      1.944     7.8704 0.0000e+00
      1.384      0.068    10.1642     91.559     37.083  24.343872     3.0600     1.5325     0.0426     0.1269 3.3979e+02     1.2901      1.357      1.969     7.8336 0.0000e+00
      1.401      0.067    10.3659     90.914     37.084  24.353880     3.0600     1.7156     0.0426     0.1269 3.5419e+02     1.3953      1.374      1.994     7.8151 0.0000e+00
      1.418      0.065    10.6105     89.292     37.075  24.356560     3.0600     1.6851     0.0426     0.1269 3.4001e+02     1.3051      1.391      2.018     7.8084 0.0000e+00
      1.435      0.064    10.8140     87.229     37.066  24.360545     3.0600     1.7118     0.0426     0.2961 3.6489e+02     1.3351      1.407      2.041     7.8117 0.0000e+00
      1.451      0.062    10.8897     85.164     37.062  24.370857     3.0600     1.7041     0.0426     0.2961 3.8326e+02     1.2299      1.423      2.064     7.8220 0.0000e+00
      1.467      0.060    10.8100     83.332     37.067  24.386287     3.0600     1.7080     0.0426     0.2961 3.5565e+02     1.3201      1.439      2.086     7.8340 0.0000e+00
      1.482      0.058    10.6143     81.811     37.073  24.401054     3.0600     1.8873     0.0426     0.2961 3.6370e+02     1.3051      1.453      2.108     7.8455 0.0000e+00
      1.496      0.055    10.3656     80.595     37.074  24.411176     3.1500     1.9101     0.0000     0.3384 3.8284e+02     1.3351      1.468      2.129     7.8594 0.0000e+00
      1.510      0.052    10.1160     79.641     37.073  24.417375     3.1500     1.8987     0.0000     0.3384 3.7461e+02     1.3051      1.481      2.148     7.8765 0.0000e+00
      1.523      0.049     9.8943     78.887     37.071  24.421304     3.1500     1.8949     0.0000     0.3384 3.6449e+02     1.3652      1.494      2.167     7.8932 0.0000e+00
      1.535      0.047     9.7102     78.256     37.071  24.425990     3.1500     2.0246     0.0000     0.3384 3.6040e+02     1.3652      1.506      2.184     7.9078 0.0000e+00
      1.547      0.044     9.5630     77.684     37.079  24.436640     3.1500     2.0170     0.0000     0.3807 3.6158e+02     1.2600      1.517      2.200     7.9200 0.0000e+00
      1.558      0.041     9.4475     77.148     37.096  24.452138     3.1500     2.0017     0.0000     0.3807 3.7969e+02     1.3502      1.528      2.216     7.9291 0.0000e+00
      1.568      0.039     9.3564     76.656     37.112  24.464738     3.1500     2.0055     0.0000     0.3807 3.7469e+02     1.3051      1.538      2.230     7.9362 0.0000e+00
