Data/DataNotYetUploadedToEDI/Raw_CTD/RawDownloads/032123_bvr50_S8188002.cnv
* Sea-Bird SBE19plus  Data File:
* FileName = C:\R\Reservoirs\Data\DataNotYetUploadedToEDI\Raw_CTD\RawDownloads\032123_bvr50_S8188_0002.hex
* Software version 2.8.0.119
* Temperature SN = 8188
* Conductivity SN = 8188
* System UpLoad Time = Mar 24 2023 10:46:36
* <ApplicationData>
* <Seaterm232>
# nquan = 16
# nvalues = 1551                        
# units = specified
# name 0 = depFM: Depth [fresh water, m]
# name 1 = dz/dtM: Descent Rate [m/s]
# name 2 = sbeox0Mg/L: Oxygen, SBE 43 [mg/l]
# name 3 = sbeox0PS: Oxygen, SBE 43 [% saturation]
# name 4 = specc: Specific Conductance [uS/cm]
# name 5 = c0uS/cm: Conductivity [uS/cm]
# name 6 = wetCDOM: Fluorescence, WET Labs CDOM [mg/m^3]
# name 7 = flECO-AFL: Fluorescence, WET Labs ECO-AFL/FL [mg/m^3]
# name 8 = flECO-AFL1: Fluorescence, WET Labs ECO-AFL/FL, 2 [mg/m^3]
# name 9 = flECO-AFL2: Fluorescence, WET Labs ECO-AFL/FL, 3 [mg/m^3]
# name 10 = par/sat/log: PAR/Logarithmic, Satlantic
# name 11 = turbWETntu0: Turbidity, WET Labs ECO [NTU]
# name 12 = prdM: Pressure, Strain Gauge [db]
# name 13 = prdE: Pressure, Strain Gauge [psi]
# name 14 = tv290C: Temperature [ITS-90, deg C]
# name 15 = flag:  0.000e+00
# span 0 =     -0.614,      9.651       
# span 1 =     -0.266,      0.167       
# span 2 =     8.7424,    12.5564       
# span 3 =     73.457,    104.878       
# span 4 =      0.147,     31.964       
# span 5 =   0.126131,  20.931390       
# span 6 =     0.0000,     6.7500       
# span 7 =    -1.2523,   245.1962       
# span 8 =     0.0000,     1.7040       
# span 9 =    -1.9035,    10.1943       
# span 10 = 1.1898e+00, 2.6058e+03      
# span 11 =    -0.9645,   288.6061      
# span 12 =     -0.602,      9.465      
# span 13 =     -0.873,     13.727      
# span 14 =     6.4655,    17.8056      
# span 15 = 0.0000e+00, 0.0000e+00      
# interval = seconds: 0.25
# start_time = Mar 21 2023 11:53:50 [Instrument's time stamp, header]
# bad_flag = -9.990e-29
*END*
[from data line 724]
      4.248      0.039    11.3385     93.664     29.617  19.054739     3.1500     2.6082     0.0426     0.4653 4.7322e+01     1.9965      4.166      6.042     7.1682 0.0000e+00
      4.257      0.038    11.3376     93.600     29.629  19.062752     3.1500     2.5701     0.0426     0.4653 4.6689e+01     2.0265      4.176      6.056     7.1678 0.0000e+00
      4.267      0.036    11.3343     93.536     29.644  19.073554     3.1500     2.5663     0.0426     0.4653 4.6265e+01     2.0115      4.185      6.069     7.1676 0.0000e+00
      4.276      0.035    11.3287     93.486     29.653  19.080131     3.1500     2.5167     0.0426     0.4653 4.5894e+01     2.0115      4.193      6.082     7.1675 0.0000e+00
      4.284      0.034    11.3215     93.465     29.650  19.078298     3.1500     2.5510     0.0426     0.4653 4.5487e+01     1.9814      4.202      6.094     7.1676 0.0000e+00
      4.293      0.032    11.3136     93.473     29.639  19.071527     3.2400     2.7379     0.0426     0.4230 4.5143e+01     1.7860      4.210      6.106     7.1682 0.0000e+00
      4.301      0.031    11.3056     93.498     29.634  19.067905     3.2400     2.7494     0.0426     0.4230 4.4742e+01     1.6508      4.218      6.117     7.1691 0.0000e+00
      4.309      0.031    11.2993     93.529     29.635  19.068447     3.2400     2.7570     0.0426     0.4230 4.4297e+01     1.7860      4.226      6.129     7.1703 0.0000e+00
      4.317      0.030    11.2965     93.562     29.634  19.067358     3.2400     2.7646     0.0426     0.4230 4.3981e+01     1.7259      4.233      6.140     7.1712 0.0000e+00
      4.324      0.029    11.2974     93.588     29.633  19.066329     3.2400     2.6731     0.0852     0.4653 4.3771e+01     2.0416      4.241      6.150     7.1713 0.0000e+00
      4.332      0.027    11.3005     93.603     29.638  19.069043     3.2400     2.6883     0.0852     0.4653 4.3364e+01     1.9664      4.248      6.161     7.1709 0.0000e+00
      4.339      0.026    11.3045     93.606     29.645  19.072265     3.2400     2.6807     0.0852     0.4653 4.3148e+01     1.9814      4.255      6.171     7.1702 0.0000e+00
      4.345      0.025    11.3086     93.600     29.641  19.068938     3.2400     2.6845     0.0852     0.4653 4.3045e+01     1.9814      4.261      6.180     7.1694 0.0000e+00
      4.351      0.024    11.3120     93.600     29.625  19.058176     3.1500     2.6235     0.0426     0.4653 4.2821e+01     1.7860      4.267      6.189     7.1687 0.0000e+00
      4.357      0.023    11.3141     93.619     29.615  19.050961     3.1500     2.6197     0.0426     0.4653 4.2719e+01     1.7860      4.273      6.197     7.1676 0.0000e+00
      4.362      0.022    11.3149     93.656     29.622  19.055265     3.1500     2.6388     0.0426     0.4653 4.2728e+01     1.8011      4.278      6.205     7.1660 0.0000e+00
      4.368      0.022    11.3147     93.705     29.633  19.062340     3.1500     2.6311     0.0426     0.4653 4.2867e+01     1.6808      4.283      6.213     7.1644 0.0000e+00
      4.373      0.022    11.3150     93.756     29.636  19.064177     3.2400     2.8905     0.0426     0.5076 4.2737e+01     1.7860      4.289      6.220     7.1634 0.0000e+00
      4.378      0.022    11.3175     93.797     29.638  19.065225     3.2400     2.8638     0.0426     0.5076 4.2728e+01     1.7410      4.294      6.228     7.1627 0.0000e+00
      4.384      0.023    11.3220     93.823     29.646  19.069720     3.2400     2.8676     0.0426     0.5076 4.2487e+01     1.8161      4.299      6.236     7.1623 0.0000e+00
      4.390      0.024    11.3280     93.832     29.655  19.074904     3.2400     2.8676     0.0426     0.5076 4.2561e+01     1.6808      4.305      6.244     7.1620 0.0000e+00
      4.396      0.025    11.3343     93.822     29.655  19.074243     3.2400     2.7494     0.0426     0.5076 4.2607e+01     2.0115      4.311      6.253     7.1616 0.0000e+00
      4.403      0.027    11.3395     93.795     29.645  19.067562     3.1500     2.7570     0.0426     0.4230 4.2570e+01     1.9814      4.318      6.262     7.1612 0.0000e+00
      4.410      0.029    11.3428     93.756     29.636  19.060994     3.1500     2.7379     0.0426     0.4230 4.2469e+01     2.0115      4.325      6.272     7.1605 0.0000e+00
      4.417      0.030    11.3441     93.709     29.630  19.056746     3.1500     2.7418     0.0426     0.4230 4.2229e+01     1.9213      4.332      6.283     7.1597 0.0000e+00
      4.425      0.032    11.3432     93.667     29.629  19.055663     3.1500     2.6655     0.0426     0.4230 4.2074e+01     1.8762      4.340      6.294     7.1587 0.0000e+00
      4.434      0.033    11.3402     93.636     29.639  19.061416     3.2400     2.6807     0.0426     0.4230 4.2083e+01     1.9965      4.348      6.306     7.1576 0.0000e+00
      4.443      0.034    11.3357     93.615     29.656  19.071579     3.2400     2.7151     0.0426     0.4230 4.1682e+01     1.9965      4.357      6.319     7.1567 0.0000e+00
      4.452      0.035    11.3303     93.604     29.667  19.076990     3.2400     2.6807     0.0426     0.4230 4.1286e+01     1.9514      4.366      6.332     7.1559 0.0000e+00
      4.461      0.035    11.3253     93.607     29.665  19.073155     3.2400     2.6769     0.0426     0.4230 4.1044e+01     1.9363      4.375      6.345     7.1551 0.0000e+00
      4.470      0.035    11.3218     93.618     29.654  19.063008     3.2400     2.6960     0.0426     0.4230 4.0831e+01     1.9213      4.384      6.358     7.1542 0.0000e+00
      4.479      0.034    11.3197     93.628     29.644  19.053738     3.2400     2.6998     0.0426     0.4230 4.0760e+01     1.8913      4.393      6.371     7.1527 0.0000e+00
      4.488      0.033    11.3192     93.625     29.643  19.050790     3.2400     2.6655     0.0426     0.4230 4.0513e+01     1.9514      4.401      6.383     7.1500 0.0000e+00
      4.496      0.033    11.3207     93.598     29.653  19.055356     3.2400     2.6731     0.0426     0.4230 4.0433e+01     2.0716      4.410      6.395     7.1460 0.0000e+00
      4.505      0.032    11.3234     93.548     29.666  19.062717     3.1500     2.7036     0.0852     0.4230 4.0188e+01     2.0265      4.418      6.407     7.1411 0.0000e+00
      4.513      0.031    11.3260     93.481     29.668  19.062961     3.1500     2.6922     0.0852     0.4230 4.0145e+01     1.9814      4.425      6.418     7.1363 0.0000e+00
      4.520      0.030    11.3267     93.409     29.659  19.056155     3.1500     2.6998     0.0852     0.4230 4.0031e+01     2.1167      4.433      6.429     7.1322 0.0000e+00
      4.528      0.030    11.3243     93.349     29.652  19.050377     3.1500     2.8715     0.0852     0.4230 3.9840e+01     2.0416      4.440      6.440     7.1292 0.0000e+00
      4.535      0.030    11.3188     93.316     29.650  19.048045     3.1500     2.8791     0.0852     0.4230 3.9719e+01     1.9814      4.448      6.451     7.1270 0.0000e+00
      4.543      0.030    11.3113     93.311     29.646  19.044580     3.2400     2.8753     0.0426     0.4653 3.9719e+01     1.9814      4.455      6.461     7.1251 0.0000e+00
      4.550      0.031    11.3030     93.329     29.633  19.035098     3.2400     2.8791     0.0426     0.4653 3.9659e+01     1.9514      4.463      6.472     7.1233 0.0000e+00
      4.558      0.032    11.2963     93.361     29.622  19.026967     3.2400     2.9363     0.0426     0.4653 3.9384e+01     2.0115      4.470      6.484     7.1217 0.0000e+00
      4.566      0.033    11.2927     93.396     29.625  19.027912     3.2400     2.9287     0.0426     0.4653 3.9128e+01     2.0115      4.478      6.495     7.1200 0.0000e+00
      4.575      0.034    11.2927     93.426     29.633  19.032250     3.2400     2.9325     0.0426     0.4653 3.8891e+01     1.9814      4.487      6.508     7.1182 0.0000e+00
      4.584      0.034    11.2954     93.443     29.639  19.035200     3.2400     2.9363     0.0426     0.4653 3.8630e+01     2.0115      4.495      6.520     7.1163 0.0000e+00
      4.593      0.035    11.2998     93.442     29.644  19.037549     3.2400     2.9439     0.0426     0.4653 3.8387e+01     1.9814      4.504      6.533     7.1143 0.0000e+00
      4.602      0.035    11.3045     93.431     29.648  19.039922     3.2400     2.9363     0.0426     0.4653 3.8237e+01     1.9213      4.513      6.546     7.1125 0.0000e+00
      4.611      0.034    11.3085     93.418     29.653  19.042953     3.1500     2.9325     0.0852     0.4653 3.7948e+01     1.9213      4.522      6.558     7.1110 0.0000e+00
      4.619      0.034    11.3109     93.404     29.658  19.045471     3.1500     2.9668     0.0852     0.4653 3.7676e+01     1.9814      4.530      6.571     7.1098 0.0000e+00
      4.628      0.033    11.3111     93.387     29.659  19.046168     3.1500     2.9478     0.0852     0.4653 3.7464e+01     2.0416      4.539      6.583     7.1089 0.0000e+00
      4.637      0.033    11.3100     93.372     29.658  19.045230     3.1500     2.9172     0.0852     0.4653 3.7213e+01     2.0115      4.547      6.595     7.1081 0.0000e+00
      4.645      0.032    11.3086     93.362     29.654  19.042407     3.1500     2.9363     0.0852     0.4653 3.7083e+01     2.0115      4.555      6.607     7.1075 0.0000e+00
      4.653      0.032    11.3070     93.356     29.648  19.038926     3.2400     2.9096     0.0426     0.4230 3.6907e+01     1.9664      4.563      6.618     7.1070 0.0000e+00
      4.661      0.032    11.3051     93.352     29.643  19.035836     3.2400     2.8791     0.0426     0.4230 3.6547e+01     1.9063      4.571      6.630     7.1067 0.0000e+00
      4.669      0.032    11.3033     93.347     29.638  19.032314     3.2400     2.8638     0.0426     0.4230 3.6357e+01     1.9063      4.579      6.641     7.1066 0.0000e+00
      4.677      0.032    11.3021     93.342     29.630  19.027422     3.2400     2.8867     0.0426     0.4230 3.6310e+01     1.9965      4.587      6.653     7.1067 0.0000e+00
      4.685      0.032    11.3014     93.337     29.624  19.023811     3.2400     2.8715     0.0426     0.5076 3.6137e+01     1.9965      4.595      6.664     7.1067 0.0000e+00
      4.694      0.031    11.3008     93.338     29.628  19.026457     3.2400     2.7227     0.0426     0.5076 3.5739e+01     1.9514      4.603      6.676     7.1066 0.0000e+00
      4.702      0.031    11.3003     93.340     29.640  19.034086     3.2400     2.7685     0.0426     0.5076 3.5352e+01     1.8762      4.612      6.688     7.1066 0.0000e+00
      4.710      0.030    11.2996     93.340     29.653  19.042795     3.2400     2.7723     0.0426     0.5076 3.5031e+01     1.9063      4.619      6.700     7.1067 0.0000e+00
      4.717      0.028    11.2991     93.344     29.660  19.046991     3.2400     2.7379     0.0426     0.3807 3.5138e+01     1.9814      4.627      6.710     7.1068 0.0000e+00
      4.724      0.027    11.2992     93.353     29.655  19.043834     3.2400     2.7303     0.0426     0.3807 3.5046e+01     1.9213      4.633      6.720     7.1069 0.0000e+00
      4.731      0.026    11.2994     93.364     29.646  19.038419     3.2400     2.7227     0.0426     0.3807 3.4955e+01     1.9814      4.639      6.729     7.1070 0.0000e+00
      4.737      0.024    11.2993     93.373     29.638  19.033262     3.2400     2.7646     0.0426     0.3807 3.4585e+01     1.9514      4.646      6.738     7.1071 0.0000e+00
      4.743      0.023    11.2997     93.385     29.631  19.028965     3.2400     2.7494     0.0426     0.3384 3.4442e+01     1.9814      4.652      6.747     7.1073 0.0000e+00
      4.749      0.023    11.3009     93.406     29.627  19.026361     3.2400     2.7456     0.0426     0.3384 3.4487e+01     1.9213      4.657      6.755     7.1074 0.0000e+00
      4.755      0.022    11.3021     93.432     29.622  19.022778     3.2400     2.7227     0.0426     0.3384 3.4487e+01     1.9814      4.663      6.763     7.1075 0.0000e+00
      4.760      0.022    11.3031     93.457     29.617  19.019239     3.2400     2.7418     0.0426     0.3384 3.4435e+01     1.9664      4.668      6.770     7.1076 0.0000e+00
      4.765      0.022    11.3046     93.482     29.619  19.020736     3.2400     2.7341     0.0426     0.3384 3.4390e+01     1.9965      4.673      6.778     7.1076 0.0000e+00
      4.771      0.022    11.3071     93.510     29.628  19.025691     3.2400     2.9363     0.0426     0.4230 3.4248e+01     2.0716      4.679      6.786     7.1075 0.0000e+00
      4.777      0.023    11.3103     93.538     29.637  19.031465     3.2400     2.9439     0.0426     0.4230 3.4130e+01     2.0566      4.684      6.794     7.1074 0.0000e+00
      4.783      0.024    11.3134     93.557     29.647  19.037621     3.2400     2.9210     0.0426     0.4230 3.4085e+01     1.9363      4.690      6.802     7.1072 0.0000e+00
      4.789      0.025    11.3166     93.564     29.654  19.041842     3.2400     2.9630     0.0426     0.4230 3.4026e+01     1.8762      4.696      6.811     7.1069 0.0000e+00
      4.795      0.025    11.3201     93.557     29.657  19.043275     3.2400     2.9210     0.0426     0.2961 3.4026e+01     1.9213      4.702      6.820     7.1065 0.0000e+00
      4.802      0.026    11.3236     93.535     29.660  19.044281     3.2400     2.9592     0.0426     0.2961 3.3886e+01     1.9965      4.709      6.829     7.1060 0.0000e+00
      4.808      0.027    11.3261     93.503     29.665  19.047106     3.2400     2.9401     0.0426     0.2961 3.3614e+01     2.0115      4.715      6.839     7.1054 0.0000e+00
      4.815      0.028    11.3270     93.475     29.665  19.046568     3.2400     2.9287     0.0426     0.2961 3.3490e+01     1.9965      4.722      6.849     7.1047 0.0000e+00
      4.823      0.029    11.3264     93.458     29.653  19.038564     3.2400     2.8791     0.0426     0.4653 3.3476e+01     1.9814      4.729      6.860     7.1038 0.0000e+00
      4.830      0.030    11.3241     93.453     29.645  19.032835     3.2400     2.8791     0.0426     0.4653 3.3461e+01     2.0115      4.737      6.870     7.1029 0.0000e+00
      4.838      0.031    11.3205     93.461     29.654  19.037746     3.2400     2.8715     0.0426     0.4653 3.3208e+01     2.0115      4.744      6.881     7.1020 0.0000e+00
      4.846      0.032    11.3173     93.482     29.667  19.044714     3.2400     2.8791     0.0426     0.4653 3.3035e+01     1.8762      4.752      6.892     7.1011 0.0000e+00
      4.854      0.033    11.3156     93.516     29.667  19.043723     3.2400     2.8638     0.0426     0.4230 3.2856e+01     1.9063      4.760      6.904     7.1002 0.0000e+00
      4.863      0.034    11.3154     93.553     29.658  19.036485     3.2400     2.8676     0.0426     0.4230 3.2714e+01     2.0416      4.769      6.916     7.0990 0.0000e+00
      4.871      0.035    11.3166     93.581     29.646  19.027010     3.2400     2.8524     0.0426     0.4230 3.2529e+01     1.9965      4.777      6.929     7.0977 0.0000e+00
      4.881      0.036    11.3197     93.591     29.637  19.020686     3.2400     2.8715     0.0426     0.4230 3.2227e+01     2.0115      4.786      6.942     7.0960 0.0000e+00
      4.890      0.037    11.3244     93.589     29.637  19.019784     3.2400     2.8181     0.0426     0.4230 3.1989e+01     2.0566      4.796      6.955     7.0939 0.0000e+00
      4.900      0.038    11.3295     93.582     29.637  19.018127     3.1500     2.8142     0.0426     0.4653 3.1699e+01     2.0265      4.805      6.969     7.0916 0.0000e+00
      4.909      0.039    11.3334     93.567     29.631  19.013294     3.1500     2.8181     0.0426     0.4653 3.1575e+01     1.9063      4.815      6.983     7.0894 0.0000e+00
      4.919      0.039    11.3352     93.542     29.628  19.009934     3.1500     2.8295     0.0426     0.4653 3.1268e+01     1.9664      4.824      6.997     7.0875 0.0000e+00
