Data/DataNotYetUploadedToEDI/Raw_CTD/RawDownloads/032221_fcr_50.cnv
* Sea-Bird SBE19plus  Data File:
* FileName = C:\DATA\032221_fcr_50_0001.hex
* Software version 2.8.0.119
* Temperature SN = 7809
* Conductivity SN = 7809
* System UpLoad Time = Mar 25 2021 12:21:22
* <ApplicationData>
* <Seaterm232>
# nquan = 16
# nvalues = 2103                        
# units = specified
# name 0 = depFM: Depth [fresh water, m]
# name 1 = dz/dtM: Descent Rate [m/s]
# name 2 = orp: Oxidation Reduction Potential [mV]
# name 3 = sbeox0Mg/L: Oxygen, SBE 43 [mg/l]
# name 4 = sbeox0PS: Oxygen, SBE 43 [% saturation]
# name 5 = par/sat/log: PAR/Logarithmic, Satlantic
# name 6 = ph: pH
# name 7 = specc: Specific Conductance [uS/cm]
# name 8 = c0uS/cm: Conductivity [uS/cm]
# name 9 = flECO-AFL: Fluorescence, WET Labs ECO-AFL/FL [mg/m^3]
# name 10 = turbWETntu0: Turbidity, WET Labs ECO [NTU]
# name 11 = tv290C: Temperature [ITS-90, deg C]
# name 12 = density00: Density [density, kg/m^3]
# name 13 = prdE: Pressure, Strain Gauge [psi]
# name 14 = prdM: Pressure, Strain Gauge [db]
# name 15 = flag:  0.000e+00
# span 0 =     -0.563,      9.952       
# span 1 =     -0.290,      0.170       
# span 2 = -1240.7455,   456.4942       
# span 3 =     0.1573,    11.3875       
# span 4 =      1.489,     96.997       
# span 5 = 1.2356e-01, 1.8019e+03       
# span 6 =     -2.605,     15.771       
# span 7 =      4.366,    302.375       
# span 8 =   3.021350, 185.917945       
# span 9 =    -2.0436,    15.0010       
# span 10 =    -0.3481,   122.1396      
# span 11 =     5.6891,    16.8381      
# span 12 =   998.8104,  1000.1097      
# span 13 =     -0.801,     14.155      
# span 14 =     -0.552,      9.759      
# span 15 = 0.0000e+00, 0.0000e+00      
# interval = seconds: 0.25
# start_time = Mar 21 2021 22:03:36 [Instrument's time stamp, header]
# bad_flag = -9.990e-29
*END*
[from data line 724]
      5.562      0.026   444.8836    10.1700     84.785 2.6548e+00     15.724     31.369  20.291686    11.3073     3.3142     7.3370   999.9266      7.911      5.454 0.0000e+00
      5.568      0.026   444.5408    10.1713     84.769 2.6325e+00     15.725     31.376  20.298281    11.2865     3.2671     7.3365   999.9267      7.918      5.459 0.0000e+00
      5.574      0.027   443.9642    10.1861     84.727 2.6192e+00     15.725     31.380  20.304075    11.3455     3.2476     7.3388   999.9265      7.928      5.466 0.0000e+00
      5.581      0.028   443.6386    10.2011     84.704 2.6132e+00     15.725     31.374  20.304149    11.5375     3.2917     7.3415   999.9264      7.939      5.473 0.0000e+00
      5.589      0.030   443.6801    10.2159     84.708 2.5999e+00     15.725     31.361  20.298918    11.8062     3.3814     7.3405   999.9265      7.948      5.480 0.0000e+00
      5.597      0.032   443.9101    10.2036     84.719 2.5744e+00     15.724     31.351  20.295594    11.9988     3.4574     7.3418   999.9266      7.959      5.488 0.0000e+00
      5.606      0.034   444.2307    10.1891     84.719 2.5454e+00     15.724     31.346  20.295114    12.0956     3.4997     7.3508   999.9261      7.975      5.498 0.0000e+00
      5.614      0.035   444.5674    10.1900     84.719 2.5190e+00     15.724     31.343  20.295677    12.2019     3.5137     7.3580   999.9258      7.986      5.506 0.0000e+00
      5.622      0.037   444.7806    10.1869     84.743 2.4944e+00     15.724     31.348  20.299566    12.3358     3.4961     7.3616   999.9256      7.996      5.513 0.0000e+00
      5.632      0.037   444.8108    10.1935     84.784 2.4721e+00     15.724     31.362  20.308141    12.4227     3.4572     7.3664   999.9254      8.010      5.523 0.0000e+00
      5.643      0.036   444.7463    10.1909     84.812 2.4546e+00     15.723     31.375  20.313382    12.4225     3.4330     7.3709   999.9252      8.026      5.534 0.0000e+00
      5.653      0.035   444.7045    10.1818     84.807 2.4409e+00     15.723     31.375  20.308142    12.3411     3.4441     7.3757   999.9251      8.042      5.545 0.0000e+00
      5.662      0.034   444.6818    10.1880     84.768 2.4281e+00     15.723     31.372  20.299567    12.2183     3.4660     7.3787   999.9249      8.055      5.554 0.0000e+00
      5.669      0.033   444.6145    10.1973     84.719 2.4149e+00     15.724     31.377  20.295668    12.1240     3.4642     7.3781   999.9250      8.066      5.562 0.0000e+00
      5.676      0.033   444.5072    10.2020     84.684 2.3999e+00     15.724     31.387  20.295021    12.0895     3.4503     7.3733   999.9252      8.072      5.566 0.0000e+00
      5.684      0.034   444.4128    10.2055     84.648 2.3816e+00     15.725     31.399  20.294852    12.0959     3.4601     7.3624   999.9259      8.082      5.572 0.0000e+00
      5.693      0.037   444.4779    10.2023     84.589 2.3607e+00     15.726     31.409  20.294185    12.1181     3.4751     7.3511   999.9265      8.096      5.581 0.0000e+00
      5.703      0.041   444.8522    10.1905     84.524 2.3399e+00     15.727     31.412  20.290116    12.1351     3.4486     7.3412   999.9270      8.111      5.593 0.0000e+00
      5.714      0.043   445.3845    10.1952     84.467 2.3218e+00     15.727     31.405  20.280246    12.1252     3.3872     7.3280   999.9278      8.128      5.604 0.0000e+00
      5.727      0.043   445.7714    10.2008     84.424 2.3040e+00     15.726     31.391  20.267040    12.0762     3.3267     7.3146   999.9285      8.144      5.616 0.0000e+00
      5.739      0.042   445.9053    10.1889     84.400 2.2802e+00     15.726     31.376  20.253835    12.0077     3.2842     7.3037   999.9291      8.163      5.630 0.0000e+00
      5.750      0.040   445.7707    10.1823     84.384 2.2548e+00     15.727     31.365  20.243975    11.9578     3.2595     7.2945   999.9297      8.182      5.641 0.0000e+00
      5.760      0.038   445.4402    10.1812     84.358 2.2405e+00     15.727     31.363  20.240002    11.9406     3.2448     7.2864   999.9301      8.195      5.651 0.0000e+00
      5.768      0.038   445.1954    10.1727     84.312 2.2362e+00     15.727     31.368  20.240067    11.9480     3.2548     7.2791   999.9305      8.204      5.656 0.0000e+00
      5.776      0.038   445.3094    10.1731     84.235 2.2284e+00     15.727     31.379  20.244527    11.9709     3.3183     7.2733   999.9308      8.214      5.662 0.0000e+00
      5.786      0.037   445.8196    10.1786     84.146 2.2096e+00     15.727     31.403  20.257076    11.9952     3.4109     7.2691   999.9311      8.228      5.673 0.0000e+00
      5.797      0.034   446.3945    10.1703     84.097 2.1852e+00     15.727     31.430  20.271539    12.0058     3.4645     7.2651   999.9313      8.245      5.685 0.0000e+00
      5.808      0.031   446.6343    10.1717     84.104 2.1691e+00     15.727     31.439  20.275521    12.0003     3.4446     7.2609   999.9316      8.263      5.697 0.0000e+00
      5.818      0.026   446.6228    10.1650     84.141 2.1674e+00     15.726     31.432  20.270927    11.9843     3.3676     7.2563   999.9319      8.277      5.707 0.0000e+00
      5.823      0.021   446.6250    10.1416     84.164 2.1704e+00     15.726     31.425  20.267667    11.9648     3.2804     7.2513   999.9321      8.284      5.711 0.0000e+00
      5.825      0.016   446.5948    10.1393     84.143 2.1668e+00     15.726     31.421  20.267030    11.9504     3.2262     7.2466   999.9324      8.285      5.712 0.0000e+00
      5.826      0.013   446.5277    10.1450     84.087 2.1587e+00     15.726     31.418  20.266317    11.9496     3.2049     7.2432   999.9326      8.285      5.712 0.0000e+00
      5.827      0.011   446.7234    10.1511     84.033 2.1529e+00     15.726     31.412  20.262401    11.9753     3.2028     7.2425   999.9326      8.288      5.715 0.0000e+00
      5.830      0.011   447.2416    10.1604     84.007 2.1483e+00     15.726     31.400  20.253741    12.0258     3.2213     7.2454   999.9325      8.292      5.717 0.0000e+00
      5.835      0.012   447.6767    10.1550     84.014 2.1422e+00     15.726     31.392  20.247862    12.0704     3.2456     7.2492   999.9323      8.298      5.721 0.0000e+00
      5.839      0.013   447.8022    10.1404     84.053 2.1376e+00     15.727     31.394  20.249207    12.0911     3.2386     7.2515   999.9322      8.306      5.727 0.0000e+00
      5.842      0.014   447.7747    10.1336     84.100 2.1363e+00     15.728     31.393  20.249217    12.1063     3.1821     7.2516   999.9322      8.310      5.729 0.0000e+00
      5.844      0.015   447.6512    10.1314     84.124 2.1349e+00     15.728     31.392  20.247959    12.1272     3.1011     7.2488   999.9324      8.312      5.731 0.0000e+00
      5.847      0.017   447.3635    10.1314     84.110 2.1291e+00     15.727     31.405  20.254484    12.1387     3.0287     7.2463   999.9325      8.317      5.734 0.0000e+00
      5.852      0.020   447.0915    10.1377     84.060 2.1180e+00     15.727     31.429  20.267115    12.1356     2.9766     7.2476   999.9325      8.323      5.739 0.0000e+00
      5.858      0.023   447.1231    10.1486     83.992 2.1064e+00     15.727     31.454  20.280151    12.1264     2.9661     7.2496   999.9324      8.331      5.744 0.0000e+00
      5.865      0.025   447.4127    10.1516     83.947 2.0956e+00     15.727     31.474  20.289281    12.1129     3.0267     7.2499   999.9324      8.341      5.751 0.0000e+00
      5.872      0.027   447.6614    10.1482     83.956 2.0806e+00     15.727     31.476  20.288707    12.0990     3.1215     7.2481   999.9325      8.353      5.760 0.0000e+00
      5.879      0.028   447.6728    10.1459     84.006 2.0632e+00     15.726     31.456  20.276075    12.0890     3.1698     7.2432   999.9328      8.363      5.766 0.0000e+00
      5.887      0.031   447.4649    10.1327     84.057 2.0500e+00     15.726     31.425  20.257077    12.0771     3.1840     7.2363   999.9332      8.374      5.773 0.0000e+00
      5.894      0.034   447.2424    10.1238     84.075 2.0386e+00     15.727     31.397  20.239993    12.0584     3.2500     7.2294   999.9336      8.386      5.781 0.0000e+00
      5.901      0.035   447.1932    10.1301     84.064 2.0230e+00     15.727     31.379  20.226873    12.0353     3.3599     7.2245   999.9339      8.391      5.785 0.0000e+00
      5.911      0.035   447.1999    10.1389     84.057 2.0043e+00     15.728     31.375  20.221548    12.0165     3.4331     7.2247   999.9339      8.403      5.793 0.0000e+00
      5.924      0.033   447.0080    10.1495     84.073 1.9882e+00     15.728     31.394  20.230676    12.0268     3.4655     7.2293   999.9337      8.427      5.811 0.0000e+00
      5.935      0.030   446.7051    10.1508     84.103 1.9750e+00     15.728     31.421  20.248464    12.0982     3.5009     7.2339   999.9336      8.449      5.826 0.0000e+00
      5.943      0.025   446.5751    10.1419     84.141 1.9650e+00     15.728     31.433  20.261582    12.2135     3.5341     7.2325   999.9336      8.457      5.833 0.0000e+00
      5.947      0.020   446.5923    10.1431     84.181 1.9640e+00     15.728     31.429  20.266192    12.2985     3.5339     7.2235   999.9341      8.460      5.834 0.0000e+00
      5.949      0.017   446.5416    10.1500     84.210 1.9703e+00     15.728     31.424  20.266840    12.2855     3.4908     7.2139   999.9346      8.461      5.833 0.0000e+00
      5.951      0.016   446.3540    10.1542     84.213 1.9710e+00     15.727     31.429  20.266296    12.1502     3.4143     7.2119   999.9347      8.462      5.834 0.0000e+00
      5.954      0.019   446.1124    10.1557     84.195 1.9609e+00     15.727     31.437  20.262409    11.9534     3.3175     7.2232   999.9342      8.469      5.839 0.0000e+00
      5.959      0.024   445.8533    10.1555     84.165 1.9479e+00     15.727     31.440  20.253826    11.8083     3.2281     7.2446   999.9331      8.475      5.843 0.0000e+00
      5.965      0.029   445.4588    10.1610     84.117 1.9369e+00     15.728     31.447  20.248491    11.7378     3.1876     7.2567   999.9325      8.481      5.848 0.0000e+00
      5.974      0.033   444.9678    10.1607     84.054 1.9237e+00     15.729     31.467  20.253000    11.6773     3.2042     7.2471   999.9331      8.496      5.858 0.0000e+00
      5.985      0.036   444.6428    10.1606     83.998 1.9020e+00     15.729     31.483  20.256946    11.6099     3.2362     7.2269   999.9342      8.514      5.870 0.0000e+00
      5.996      0.038   444.5572    10.1661     83.975 1.8754e+00     15.729     31.477  20.247639    11.5683     3.2421     7.2075   999.9352      8.529      5.881 0.0000e+00
      6.006      0.038   444.6342    10.1638     83.990 1.8577e+00     15.729     31.456  20.229841    11.5578     3.2181     7.1910   999.9360      8.543      5.890 0.0000e+00
      6.015      0.038   444.8508    10.1566     84.000 1.8569e+00     15.729     31.441  20.216803    11.5853     3.1907     7.1776   999.9367      8.556      5.898 0.0000e+00
      6.024      0.037   445.1060    10.1509     83.956 1.8660e+00     15.730     31.441  20.212830    11.6900     3.1882     7.1674   999.9373      8.568      5.908 0.0000e+00
      6.034      0.036   445.2342    10.1462     83.871 1.8678e+00     15.731     31.451  20.216081    11.8491     3.2086     7.1593   999.9377      8.582      5.917 0.0000e+00
      6.044      0.036   445.1463    10.1536     83.798 1.8498e+00     15.731     31.469  20.225209    11.9690     3.2264     7.1527   999.9380      8.597      5.927 0.0000e+00
      6.053      0.036   444.9352    10.1692     83.769 1.8182e+00     15.730     31.486  20.234405    12.0236     3.2245     7.1474   999.9383      8.611      5.937 0.0000e+00
      6.061      0.036   444.8394    10.1587     83.776 1.7888e+00     15.730     31.493  20.238250    12.0685     3.2113     7.1418   999.9386      8.621      5.944 0.0000e+00
      6.069      0.035   444.9369    10.1421     83.782 1.7672e+00     15.730     31.493  20.237855    12.1287     3.2145     7.1365   999.9389      8.632      5.951 0.0000e+00
      6.079      0.032   445.0832    10.1336     83.762 1.7502e+00     15.730     31.481  20.231435    12.1792     3.2361     7.1334   999.9391      8.647      5.962 0.0000e+00
      6.088      0.030   445.1728    10.1288     83.712 1.7391e+00     15.730     31.453  20.214514    12.2003     3.2613     7.1308   999.9393      8.663      5.972 0.0000e+00
      6.096      0.029   445.2128    10.1387     83.637 1.7370e+00     15.731     31.425  20.196776    12.1935     3.3116     7.1279   999.9395      8.673      5.980 0.0000e+00
      6.103      0.029   445.2732    10.1394     83.547 1.7393e+00     15.731     31.420  20.191375    12.1716     3.3906     7.1275   999.9396      8.680      5.985 0.0000e+00
      6.108      0.029   445.4164    10.1363     83.462 1.7369e+00     15.731     31.425  20.190596    12.1532     3.4545     7.1310   999.9394      8.687      5.988 0.0000e+00
      6.114      0.030   445.5570    10.1308     83.409 1.7272e+00     15.731     31.422  20.183733    12.1476     3.4896     7.1339   999.9393      8.693      5.994 0.0000e+00
      6.122      0.032   445.5717    10.1171     83.399 1.7139e+00     15.731     31.411  20.170983    12.1538     3.5320     7.1344   999.9392      8.706      6.003 0.0000e+00
      6.132      0.034   445.5205    10.1091     83.405 1.7010e+00     15.731     31.400  20.157758    12.1716     3.6043     7.1328   999.9394      8.722      6.014 0.0000e+00
      6.143      0.034   445.5168    10.0963     83.387 1.6896e+00     15.731     31.401  20.154006    12.1944     3.6685     7.1256   999.9398      8.737      6.024 0.0000e+00
      6.153      0.033   445.5600    10.0870     83.332 1.6791e+00     15.731     31.401  20.151057    12.2128     3.6680     7.1157   999.9403      8.754      6.036 0.0000e+00
      6.161      0.030   445.6365    10.0962     83.261 1.6661e+00     15.731     31.371  20.129942    12.2575     3.5963     7.1058   999.9407      8.763      6.043 0.0000e+00
      6.166      0.028   445.8199    10.1022     83.213 1.6487e+00     15.731     31.331  20.104442    12.3924     3.4862     7.0957   999.9413      8.769      6.046 0.0000e+00
      6.172      0.027   446.1694    10.1023     83.193 1.6302e+00     15.731     31.320  20.098967    12.5910     3.3768     7.0891   999.9417      8.779      6.053 0.0000e+00
      6.179      0.027   446.5394    10.0982     83.179 1.6159e+00     15.731     31.328  20.105858    12.7269     3.2988     7.0848   999.9419      8.789      6.059 0.0000e+00
      6.186      0.027   446.7251    10.0806     83.169 1.6109e+00     15.731     31.332  20.110251    12.7170     3.2757     7.0799   999.9422      8.798      6.066 0.0000e+00
      6.193      0.027   446.7640    10.0762     83.167 1.6138e+00     15.731     31.337  20.114991    12.5637     3.3323     7.0789   999.9422      8.811      6.075 0.0000e+00
      6.200      0.027   446.7464    10.0791     83.155 1.6112e+00     15.731     31.342  20.117701    12.3522     3.4426     7.0851   999.9419      8.820      6.080 0.0000e+00
      6.207      0.028   446.6059    10.0734     83.099 1.5970e+00     15.731     31.331  20.108124    12.1975     3.5143     7.0891   999.9418      8.829      6.087 0.0000e+00
      6.214      0.029   446.3687    10.0704     82.983 1.5830e+00     15.731     31.307  20.089954    12.0828     3.5236     7.0886   999.9419      8.842      6.097 0.0000e+00
      6.221      0.031   446.3178    10.0707     82.827 1.5758e+00     15.730     31.290  20.074783    11.8938     3.5550     7.0946   999.9416      8.849      6.101 0.0000e+00
      6.228      0.033   446.7034    10.0735     82.672 1.5701e+00     15.730     31.285  20.065131    11.6464     3.6374     7.0983   999.9414      8.855      6.105 0.0000e+00
