Data/DataNotYetUploadedToEDI/Raw_CTD/RawDownloads/032222_fcr50_0001.cnv
* Sea-Bird SBE19plus  Data File:
* FileName = C:\R\Reservoirs\Data\DataNotYetUploadedToEDI\Raw_CTD\RawDownloads\032222_fcr50_0001.hex
* Software version 2.8.0.119
* Temperature SN = 7809
* Conductivity SN = 7809
* System UpLoad Time = Mar 22 2022 15:18:11
* <ApplicationData>
* <Seaterm232>
# nquan = 16
# nvalues = 2020                        
# units = specified
# name 0 = depFM: Depth [fresh water, m]
# name 1 = dz/dtM: Descent Rate [m/s]
# name 2 = orp: Oxidation Reduction Potential [mV]
# name 3 = sbeox0Mg/L: Oxygen, SBE 43 [mg/l]
# name 4 = sbeox0PS: Oxygen, SBE 43 [% saturation]
# name 5 = par/sat/log: PAR/Logarithmic, Satlantic
# name 6 = ph: pH
# name 7 = specc: Specific Conductance [uS/cm]
# name 8 = c0uS/cm: Conductivity [uS/cm]
# name 9 = flECO-AFL: Fluorescence, WET Labs ECO-AFL/FL [mg/m^3]
# name 10 = turbWETntu0: Turbidity, WET Labs ECO [NTU]
# name 11 = tv290C: Temperature [ITS-90, deg C]
# name 12 = density00: Density [density, kg/m^3]
# name 13 = prdE: Pressure, Strain Gauge [psi]
# name 14 = prdM: Pressure, Strain Gauge [db]
# name 15 = flag:  0.000e+00
# span 0 =     -0.629,      9.362       
# span 1 =     -4.841,      2.294       
# span 2 = -1240.7455,  1240.2295       
# span 3 =     5.2137,    10.7459       
# span 4 =     43.193,     99.455       
# span 5 = 1.2369e-01, 8.9380e+02       
# span 6 =      3.634,      6.811       
# span 7 =      0.525,     50.475       
# span 8 =   0.362072,  37.112981       
# span 9 =    -0.1896,    20.1656       
# span 10 =    -0.4445,    97.2923      
# span 11 =     6.8950,    13.4293      
# span 12 =   999.3260,   999.9686      
# span 13 =     -0.895,     13.317      
# span 14 =     -0.617,      9.181      
# span 15 = 0.0000e+00, 0.0000e+00      
# interval = seconds: 0.25
# start_time = Mar 22 2022 06:50:04 [Instrument's time stamp, header]
# bad_flag = -9.990e-29
*END*
[from data line 814]
      3.739      0.044   321.2416     7.8480     68.682 9.2588e+00      6.316     40.120  27.989090    19.9358     2.1178     9.8914   999.7451      5.318      3.666 0.0000e+00
      3.748      0.041   321.3971     7.8088     68.685 9.1628e+00      6.319     40.049  27.950146    19.9204     2.0698     9.9236   999.7422      5.330      3.675 0.0000e+00
      3.758      0.037   321.5616     7.7985     68.756 9.0797e+00      6.320     40.096  27.991696    19.8938     2.0489     9.8916   999.7452      5.344      3.685 0.0000e+00
      3.768      0.035   321.7684     7.7824     68.884 9.0015e+00      6.321     40.074  27.984366    19.8881     2.0699     9.8541   999.7485      5.358      3.694 0.0000e+00
      3.778      0.034   321.8324     7.7708     69.035 8.9212e+00      6.322     40.169  28.051698    19.8936     2.1189     9.8819   999.7461      5.375      3.705 0.0000e+00
      3.786      0.033   321.7326     7.7692     69.222 8.8508e+00      6.323     40.164  28.045133    19.8931     2.1292     9.8949   999.7450      5.386      3.714 0.0000e+00
      3.792      0.031   321.7656     7.7753     69.472 8.7900e+00      6.324     39.969  27.904981    19.8987     2.0578     9.8999   999.7446      5.392      3.717 0.0000e+00
      3.800      0.031   321.8876     7.7898     69.795 8.7258e+00      6.325     39.939  27.878459    19.9203     2.0078     9.9209   999.7427      5.404      3.726 0.0000e+00
      3.809      0.031   322.0039     7.8054     70.124 8.6615e+00      6.327     39.999  27.914626    19.9381     2.0707     9.9139   999.7435      5.418      3.736 0.0000e+00
      3.815      0.035   322.1392     7.8275     70.339 8.5995e+00      6.328     40.083  27.961937    19.9470     2.1347     9.9101   999.7439      5.427      3.741 0.0000e+00
      3.822      0.039   322.2326     7.8540     70.391 8.5373e+00      6.328     40.173  28.006751    20.0029     2.1322     9.9085   999.7438      5.435      3.747 0.0000e+00
      3.831      0.040   322.2726     7.8955     70.325 8.4425e+00      6.326     40.023  27.885945    20.0976     2.1093     9.8961   999.7450      5.448      3.756 0.0000e+00
      3.845      0.040   322.2787     7.9402     70.257 8.2906e+00      6.325     39.972  27.832428    20.1516     2.0978     9.8952   999.7452      5.467      3.769 0.0000e+00
      3.861      0.040   322.2205     7.9677     70.232 8.1641e+00      6.324     40.237  27.993550    20.1656     2.1293     9.8828   999.7464      5.496      3.790 0.0000e+00
      3.872      0.039   322.1712     7.9784     70.160 8.1153e+00      6.324     40.369  28.059147    20.1251     2.1488     9.8527   999.7492      5.511      3.800 0.0000e+00
      3.878      0.036   322.1129     7.9682     70.005 8.0727e+00      6.326     40.311  27.991648    20.0363     2.1278     9.8347   999.7505      5.514      3.801 0.0000e+00
      3.884      0.032   322.0311     7.9590     69.772 8.0025e+00      6.328     40.256  27.938069    19.9900     2.1149     9.8165   999.7520      5.523      3.808 0.0000e+00
      3.892      0.031   322.1287     7.9718     69.476 7.9330e+00      6.329     40.125  27.855034    19.9901     2.1287     9.7842   999.7551      5.537      3.817 0.0000e+00
      3.900      0.033   322.2608     7.9683     69.171 7.8802e+00      6.331     39.954  27.748352    19.9967     2.1588     9.7521   999.7579      5.548      3.825 0.0000e+00
      3.907      0.037   322.4245     7.9572     68.841 7.8326e+00      6.333     40.025  27.789183    19.9947     2.2058     9.7135   999.7611      5.557      3.832 0.0000e+00
      3.916      0.041   322.6445     7.9388     68.464 7.7669e+00      6.334     40.215  27.904992    19.9831     2.2864     9.6829   999.7637      5.568      3.839 0.0000e+00
      3.926      0.044   322.5983     7.8944     68.079 7.6774e+00      6.334     40.082  27.817403    19.9727     2.3484     9.7033   999.7620      5.583      3.849 0.0000e+00
      3.940      0.047   322.4680     7.8569     67.762 7.5719e+00      6.334     39.961  27.744376    19.9105     2.2713     9.7396   999.7589      5.602      3.863 0.0000e+00
      3.955      0.049   322.4460     7.8247     67.585 7.4717e+00      6.334     40.213  27.909471    19.7962     2.1057     9.7180   999.7609      5.626      3.879 0.0000e+00
      3.968      0.049   322.5042     7.7867     67.541 7.3752e+00      6.333     40.228  27.911886    19.7231     2.0551     9.6755   999.7646      5.645      3.892 0.0000e+00
      3.979      0.047   322.6547     7.7382     67.595 7.2539e+00      6.333     39.920  27.710177    19.7007     2.0695     9.6919   999.7631      5.656      3.901 0.0000e+00
      3.993      0.044   322.7174     7.6891     67.704 7.1401e+00      6.334     39.994  27.752618    19.6919     2.0403     9.7336   999.7595      5.679      3.916 0.0000e+00
      4.005      0.040   322.7455     7.6774     67.798 7.0844e+00      6.335     40.184  27.854540    19.6249     2.0437     9.6981   999.7629      5.702      3.931 0.0000e+00
      4.014      0.038   322.6509     7.6798     67.889 7.0509e+00      6.336     40.029  27.738085    19.4975     2.0759     9.6669   999.7656      5.709      3.936 0.0000e+00
      4.020      0.038   322.3485     7.6759     68.081 6.9980e+00      6.338     40.012  27.739112    19.4260     2.0887     9.7233   999.7605      5.718      3.942 0.0000e+00
      4.028      0.040   322.1868     7.6953     68.439 6.9390e+00      6.338     40.181  27.866985    19.3929     2.0958     9.7137   999.7615      5.730      3.950 0.0000e+00
      4.037      0.043   322.2436     7.7195     68.942 6.8650e+00      6.338     40.116  27.826263    19.1630     2.1282     9.6360   999.7683      5.741      3.958 0.0000e+00
      4.049      0.047   322.4330     7.7247     69.552 6.7536e+00      6.338     40.019  27.753867    18.7526     2.1383     9.6331   999.7683      5.756      3.969 0.0000e+00
      4.064      0.050   322.6702     7.7363     70.257 6.6376e+00      6.339     40.034  27.752297    18.5258     2.0811     9.6701   999.7654      5.780      3.986 0.0000e+00
      4.079      0.050   322.8742     7.7789     71.035 6.5437e+00      6.339     39.947  27.680501    18.5101     2.0513     9.6733   999.7653      5.804      4.002 0.0000e+00
      4.094      0.049   323.0072     7.8355     71.801 6.4676e+00      6.339     40.010  27.709813    18.6039     2.0510     9.6855   999.7643      5.824      4.016 0.0000e+00
      4.105      0.047   322.9874     7.9061     72.447 6.4078e+00      6.337     40.238  27.853132    18.7784     1.9758     9.6804   999.7647      5.840      4.027 0.0000e+00
      4.114      0.042   322.8925     7.9909     72.912 6.3483e+00      6.336     40.103  27.765240    18.8633     1.8929     9.6540   999.7671      5.851      4.035 0.0000e+00
      4.124      0.036   322.8927     8.0851     73.264 6.2841e+00      6.336     39.834  27.597954    18.8394     1.8690     9.6457   999.7677      5.864      4.043 0.0000e+00
      4.135      0.031   322.9898     8.1798     73.599 6.2293e+00      6.336     39.849  27.605393    18.6644     1.8577     9.6308   999.7689      5.884      4.057 0.0000e+00
      4.145      0.029   323.0339     8.2640     73.860 6.1980e+00      6.337     39.973  27.665011    18.3631     1.8587     9.5956   999.7721      5.900      4.067 0.0000e+00
      4.150      0.029   323.0824     8.3131     73.960 6.1859e+00      6.339     40.137  27.748276    18.2003     1.8472     9.6026   999.7714      5.903      4.070 0.0000e+00
      4.152      0.033   323.2310     8.3329     73.873 6.1747e+00      6.339     40.329  27.851460    18.1607     1.8206     9.6591   999.7665      5.906      4.072 0.0000e+00
      4.156      0.038   323.3688     8.3806     73.637 6.1469e+00      6.338     40.246  27.771570    17.9090     1.8782     9.6460   999.7677      5.909      4.074 0.0000e+00
      4.166      0.045   323.4577     8.4226     73.342 6.0714e+00      6.338     40.027  27.606348    17.4630     2.0313     9.5992   999.7717      5.920      4.082 0.0000e+00
      4.182      0.054   323.3594     8.4408     73.034 5.9484e+00      6.338     40.176  27.692011    17.2293     2.1352     9.5681   999.7744      5.946      4.100 0.0000e+00
      4.202      0.061   323.2127     8.4405     72.776 5.8356e+00      6.337     40.448  27.856482    17.2058     2.1099     9.5229   999.7783      5.978      4.122 0.0000e+00
      4.220      0.062   323.4045     8.4111     72.605 5.7565e+00      6.337     40.318  27.756679    17.1793     2.0672     9.4953   999.7806      6.003      4.138 0.0000e+00
      4.236      0.058   323.8719     8.3817     72.479 5.6817e+00      6.336     40.029  27.562879    17.0998     2.0626     9.4838   999.7814      6.024      4.153 0.0000e+00
      4.252      0.049   324.3042     8.3452     72.360 5.6158e+00      6.334     40.100  27.605070    16.9763     2.0203     9.4689   999.7828      6.049      4.171 0.0000e+00
      4.265      0.039   324.5017     8.3205     72.215 5.5715e+00      6.334     40.260  27.696313    16.9102     1.9656     9.4279   999.7864      6.070      4.185 0.0000e+00
      4.273      0.031   324.5396     8.3113     72.073 5.5463e+00      6.335     40.213  27.651876    16.8919     1.9140     9.4030   999.7883      6.078      4.191 0.0000e+00
      4.276      0.025   324.4178     8.2879     71.986 5.5361e+00      6.336     40.208  27.638266    16.7298     1.8741     9.4402   999.7850      6.081      4.193 0.0000e+00
      4.277      0.021   324.2342     8.2817     71.924 5.5216e+00      6.335     40.160  27.595134    16.4402     1.8929     9.4248   999.7865      6.083      4.195 0.0000e+00
      4.282      0.020   324.3841     8.2710     71.831 5.4911e+00      6.335     40.063  27.510687    16.2949     1.9014     9.3853   999.7898      6.088      4.198 0.0000e+00
      4.289      0.022   324.7668     8.2504     71.683 5.4536e+00      6.334     40.180  27.568019    16.2793     1.8750     9.3824   999.7898      6.100      4.205 0.0000e+00
      4.297      0.026   324.9038     8.2476     71.500 5.4112e+00      6.334     40.232  27.591044    16.1767     1.8815     9.3642   999.7914      6.113      4.215 0.0000e+00
      4.302      0.029   324.8363     8.2437     71.334 5.3619e+00      6.335     39.972  27.408732    16.0033     1.8775     9.3575   999.7920      6.118      4.219 0.0000e+00
      4.308      0.033   324.8109     8.2380     71.221 5.3168e+00      6.336     39.971  27.392095    15.9226     1.8599     9.3392   999.7933      6.124      4.223 0.0000e+00
      4.317      0.037   324.8550     8.2283     71.130 5.2764e+00      6.336     40.379  27.643415    15.9246     1.8739     9.2963   999.7969      6.140      4.234 0.0000e+00
      4.327      0.041   324.9391     8.2081     71.049 5.2395e+00      6.336     40.394  27.658334    15.9361     1.8429     9.2821   999.7982      6.154      4.242 0.0000e+00
      4.337      0.044   324.8807     8.1851     71.071 5.1945e+00      6.336     40.016  27.445710    15.9536     1.7920     9.2884   999.7974      6.166      4.252 0.0000e+00
      4.351      0.044   324.8372     8.1762     71.260 5.1299e+00      6.336     40.048  27.481378    15.9620     1.8050     9.2779   999.7983      6.188      4.267 0.0000e+00
      4.366      0.042   325.0156     8.1823     71.640 5.0631e+00      6.336     40.259  27.582515    15.9538     1.8640     9.2108   999.8040      6.213      4.283 0.0000e+00
      4.378      0.038   325.1451     8.1677     72.245 5.0085e+00      6.335     40.149  27.464142    15.7458     1.8900     9.1981   999.8049      6.229      4.295 0.0000e+00
      4.386      0.036   325.2850     8.1453     73.093 4.9742e+00      6.335     40.246  27.508002    15.3541     1.8468     9.3168   999.7953      6.239      4.302 0.0000e+00
      4.391      0.034   325.5023     8.1611     74.223 4.9587e+00      6.335     40.591  27.732470    15.1460     1.8196     9.3505   999.7929      6.246      4.307 0.0000e+00
      4.396      0.033   325.3638     8.2225     75.637 4.9197e+00      6.335     40.416  27.642644    15.1272     1.8342     9.2411   999.8017      6.250      4.310 0.0000e+00
      4.405      0.033   324.9000     8.3049     77.169 4.8373e+00      6.335     40.035  27.436155    15.1267     1.8185     9.1847   999.8059      6.262      4.318 0.0000e+00
      4.417      0.038   324.7128     8.4000     78.624 4.7673e+00      6.335     40.141  27.517850    15.1643     1.7995     9.1824   999.8061      6.284      4.333 0.0000e+00
      4.428      0.044   324.9080     8.5376     79.908 4.7394e+00      6.334     40.324  27.616220    15.2328     1.8098     9.1340   999.8102      6.300      4.344 0.0000e+00
      4.435      0.050   325.1093     8.7008     80.935 4.7022e+00      6.333     40.220  27.547927    15.2807     1.8066     9.1720   999.8071      6.306      4.348 0.0000e+00
      4.446      0.054   325.3389     8.8617     81.688 4.6094e+00      6.332     40.121  27.516162    15.3027     1.8282     9.3002   999.7970      6.319      4.357 0.0000e+00
      4.463      0.054   325.7050     9.0274     82.206 4.4997e+00      6.331     40.120  27.549142    15.3155     1.8672     9.3005   999.7972      6.346      4.375 0.0000e+00
      4.484      0.050   325.6640     9.2008     82.475 4.4243e+00      6.330     40.119  27.566397    15.3280     1.8681     9.2129   999.8043      6.378      4.398 0.0000e+00
      4.502      0.045   325.1885     9.3160     82.490 4.3853e+00      6.329     40.068  27.534645    15.3365     1.8724     9.2279   999.8031      6.408      4.419 0.0000e+00
      4.512      0.038   325.0310     9.3825     82.245 4.3733e+00      6.329     40.002  27.482168    15.3273     1.8853     9.2946   999.7979      6.422      4.428 0.0000e+00
      4.516      0.031   325.1367     9.4365     81.767 4.3710e+00      6.329     40.050  27.502382    15.1918     1.8883     9.3388   999.7944      6.423      4.428 0.0000e+00
      4.517      0.026   325.2621     9.4597     81.169 4.3602e+00      6.329     40.190  27.588876    14.9377     1.8748     9.3610   999.7927      6.424      4.429 0.0000e+00
      4.521      0.025   325.5149     9.4634     80.548 4.3257e+00      6.328     40.174  27.577134    14.7939     1.8585     9.3607   999.7926      6.429      4.433 0.0000e+00
      4.528      0.027   325.6118     9.4365     79.923 4.2848e+00      6.328     39.953  27.423789    14.7764     1.8610     9.3540   999.7932      6.441      4.441 0.0000e+00
      4.538      0.031   325.4870     9.3814     79.286 4.2638e+00      6.327     40.011  27.446254    14.7759     1.8718     9.3292   999.7952      6.455      4.450 0.0000e+00
      4.548      0.034   325.3834     9.3106     78.669 4.2403e+00      6.326     40.263  27.595179    14.7798     1.8858     9.3166   999.7964      6.471      4.461 0.0000e+00
      4.556      0.034   325.3053     9.2401     78.190 4.1992e+00      6.326     40.141  27.512937    14.7818     1.8601     9.3175   999.7965      6.481      4.468 0.0000e+00
      4.565      0.032   325.2309     9.1658     77.928 4.1562e+00      6.326     39.958  27.402695    14.7753     1.8343     9.3272   999.7955      6.491      4.475 0.0000e+00
      4.576      0.029   325.1727     9.0982     77.822 4.1281e+00      6.327     40.066  27.466646    14.6683     1.8812     9.3065   999.7972      6.511      4.489 0.0000e+00
      4.584      0.026   325.2039     9.0335     77.807 4.1171e+00      6.327     40.205  27.525507    14.4530     1.9151     9.2468   999.8021      6.522      4.497 0.0000e+00
      4.588      0.024   325.5218     8.9703     77.857 4.1056e+00      6.326     40.197  27.480462    14.3275     1.8674     9.2571   999.8012      6.526      4.499 0.0000e+00
      4.591      0.024   325.9186     8.9367     78.007 4.0828e+00      6.326     40.167  27.429067    14.3165     1.8169     9.3066   999.7972      6.529      4.502 0.0000e+00
