Data/DataNotYetUploadedToEDI/Raw_CTD/RawDownloads/032222_bvr50_0002.cnv
* Sea-Bird SBE19plus  Data File:
* FileName = C:\R\Reservoirs\Data\DataNotYetUploadedToEDI\Raw_CTD\RawDownloads\032222_fcr50_0002.hex
* Software version 2.8.0.119
* Temperature SN = 7809
* Conductivity SN = 7809
* System UpLoad Time = Mar 22 2022 15:18:57
* <ApplicationData>
* <Seaterm232>
# nquan = 16
# nvalues = 1763                        
# units = specified
# name 0 = depFM: Depth [fresh water, m]
# name 1 = dz/dtM: Descent Rate [m/s]
# name 2 = orp: Oxidation Reduction Potential [mV]
# name 3 = sbeox0Mg/L: Oxygen, SBE 43 [mg/l]
# name 4 = sbeox0PS: Oxygen, SBE 43 [% saturation]
# name 5 = par/sat/log: PAR/Logarithmic, Satlantic
# name 6 = ph: pH
# name 7 = specc: Specific Conductance [uS/cm]
# name 8 = c0uS/cm: Conductivity [uS/cm]
# name 9 = flECO-AFL: Fluorescence, WET Labs ECO-AFL/FL [mg/m^3]
# name 10 = turbWETntu0: Turbidity, WET Labs ECO [NTU]
# name 11 = tv290C: Temperature [ITS-90, deg C]
# name 12 = density00: Density [density, kg/m^3]
# name 13 = prdE: Pressure, Strain Gauge [psi]
# name 14 = prdM: Pressure, Strain Gauge [db]
# name 15 = flag:  0.000e+00
# span 0 =     -0.712,      9.415       
# span 1 =     -0.263,      2.803       
# span 2 =  -879.9168,  1240.2295       
# span 3 =     7.1916,    10.3102       
# span 4 =     65.221,     94.527       
# span 5 = 1.2358e-01, 1.6042e+03       
# span 6 =     -2.665,      8.629       
# span 7 =      0.124,     30.369       
# span 8 =   0.100339,  21.524192       
# span 9 =    -0.7161,     8.0724       
# span 10 =    -1.4590,   282.9350      
# span 11 =     7.1905,    15.9135      
# span 12 =   998.9615,   999.9513      
# span 13 =     -1.013,     13.393      
# span 14 =     -0.699,      9.234      
# span 15 = 0.0000e+00, 0.0000e+00      
# interval = seconds: 0.25
# start_time = Mar 22 2022 08:32:11 [Instrument's time stamp, header]
# bad_flag = -9.990e-29
*END*
[from data line 995]
      6.691      0.060   320.4016     8.9413     74.239 1.5337e+00      6.266     27.663  18.071804     6.0501     3.4233     7.7140   999.9105      9.516      6.561 0.0000e+00
      6.708      0.059   320.2420     8.9125     74.289 1.5083e+00      6.267     27.706  18.096977     6.0665     3.4816     7.7006   999.9114      9.545      6.581 0.0000e+00
      6.723      0.054   320.2591     8.8817     74.366 1.4860e+00      6.266     27.728  18.110115     6.0798     3.4893     7.6829   999.9124      9.563      6.593 0.0000e+00
      6.737      0.046   320.5223     8.8632     74.387 1.4647e+00      6.266     27.721  18.103936     6.1032     3.4487     7.6693   999.9132      9.582      6.606 0.0000e+00
      6.748      0.036   320.6717     8.8601     74.319 1.4417e+00      6.266     27.696  18.085619     6.1246     3.4347     7.6608   999.9137      9.600      6.619 0.0000e+00
      6.757      0.028   320.6024     8.8707     74.176 1.4296e+00      6.267     27.687  18.078717     6.1389     3.4566     7.6563   999.9140      9.612      6.628 0.0000e+00
      6.762      0.023   320.5447     8.8842     73.976 1.4360e+00      6.269     27.697  18.083840     6.1425     3.4743     7.6545   999.9142      9.621      6.634 0.0000e+00
      6.764      0.022   320.5761     8.8893     73.768 1.4433e+00      6.270     27.699  18.084202     6.0520     3.4442     7.6513   999.9144      9.621      6.633 0.0000e+00
      6.765      0.025   320.5519     8.8800     73.642 1.4399e+00      6.270     27.699  18.083097     5.8850     3.4340     7.6480   999.9145      9.619      6.632 0.0000e+00
      6.769      0.031   320.5106     8.8626     73.603 1.4267e+00      6.269     27.683  18.070481     5.7969     3.4873     7.6465   999.9146      9.627      6.638 0.0000e+00
      6.779      0.037   320.5065     8.8396     73.642 1.4062e+00      6.269     27.668  18.058367     5.7934     3.5074     7.6442   999.9148      9.639      6.646 0.0000e+00
      6.792      0.044   320.5028     8.8064     73.724 1.3851e+00      6.269     27.678  18.063342     5.8519     3.4720     7.6428   999.9149      9.658      6.659 0.0000e+00
      6.808      0.049   320.6379     8.7947     73.767 1.3743e+00      6.269     27.685  18.067284     5.9541     3.4353     7.6412   999.9151      9.685      6.677 0.0000e+00
      6.823      0.051   320.8491     8.7919     73.790 1.3660e+00      6.269     27.649  18.042665     6.0053     3.4063     7.6359   999.9155      9.705      6.691 0.0000e+00
      6.835      0.051   320.9911     8.7951     73.810 1.3425e+00      6.269     27.614  18.019112     6.0130     3.3941     7.6311   999.9158      9.720      6.702 0.0000e+00
      6.847      0.050   321.0642     8.8163     73.842 1.3163e+00      6.269     27.641  18.035936     6.0311     3.3906     7.6294   999.9160      9.739      6.715 0.0000e+00
      6.860      0.049   321.1310     8.8140     73.894 1.3025e+00      6.268     27.673  18.056005     6.0573     3.3981     7.6280   999.9161      9.758      6.728 0.0000e+00
      6.871      0.051   321.1967     8.8197     73.934 1.2858e+00      6.268     27.698  18.071695     6.0803     3.4493     7.6269   999.9162      9.773      6.738 0.0000e+00
      6.882      0.054   321.2561     8.8213     73.979 1.2619e+00      6.267     27.741  18.098917     6.0925     3.4979     7.6253   999.9163      9.788      6.749 0.0000e+00
      6.896      0.057   321.4192     8.8226     74.007 1.2420e+00      6.267     27.793  18.131709     6.0387     3.4390     7.6237   999.9165      9.807      6.761 0.0000e+00
      6.912      0.059   321.5340     8.8352     74.014 1.2252e+00      6.267     27.825  18.151390     5.9203     3.2847     7.6220   999.9167      9.830      6.777 0.0000e+00
      6.930      0.059   321.5260     8.8350     74.039 1.2100e+00      6.267     27.820  18.146801     5.8441     3.1692     7.6202   999.9169      9.856      6.796 0.0000e+00
      6.947      0.056   321.5800     8.8442     74.047 1.1760e+00      6.266     27.810  18.139585     5.8327     3.1692     7.6190   999.9170      9.882      6.813 0.0000e+00
      6.963      0.050   321.6709     8.8492     74.000 1.1410e+00      6.266     27.792  18.127495     5.7823     3.2163     7.6179   999.9172      9.905      6.829 0.0000e+00
      6.975      0.043   321.7644     8.8441     73.890 1.1352e+00      6.266     27.793  18.127341     5.6598     3.2265     7.6157   999.9174      9.924      6.842 0.0000e+00
      6.984      0.037   321.8505     8.8539     73.797 1.1330e+00      6.267     27.809  18.137718     5.5742     3.2235     7.6133   999.9175      9.935      6.850 0.0000e+00
      6.990      0.032   321.8523     8.8540     73.797 1.1321e+00      6.267     27.792  18.126249     5.5635     3.2151     7.6118   999.9177      9.942      6.855 0.0000e+00
      6.995      0.030   321.7862     8.8515     73.844 1.1296e+00      6.267     27.777  18.115388     5.5720     3.1926     7.6106   999.9177      9.949      6.860 0.0000e+00
      7.001      0.030   321.7395     8.8349     73.905 1.1196e+00      6.266     27.805  18.133105     5.5193     3.2246     7.6095   999.9178      9.958      6.866 0.0000e+00
      7.009      0.031   321.7174     8.8148     73.873 1.1085e+00      6.266     27.833  18.150394     5.4001     3.3287     7.6083   999.9179      9.968      6.873 0.0000e+00
      7.019      0.033   321.7769     8.8264     73.748 1.0852e+00      6.266     27.810  18.134350     5.3293     3.4268     7.6076   999.9180      9.983      6.884 0.0000e+00
      7.029      0.033   321.9433     8.8235     73.582 1.0589e+00      6.266     27.805  18.129198     5.3286     3.4887     7.6070   999.9181      9.998      6.894 0.0000e+00
      7.038      0.032   322.0071     8.8450     73.372 1.0489e+00      6.267     27.840  18.151458     5.3256     3.4967     7.6061   999.9182     10.009      6.901 0.0000e+00
      7.046      0.029   321.9468     8.8377     73.214 1.0506e+00      6.267     27.838  18.150061     5.2926     3.4546     7.6050   999.9183     10.022      6.910 0.0000e+00
      7.053      0.027   321.9030     8.8171     73.141 1.0533e+00      6.268     27.779  18.112314     5.2712     3.4582     7.6024   999.9185     10.034      6.918 0.0000e+00
      7.058      0.027   321.9072     8.8068     73.145 1.0473e+00      6.269     27.721  18.075201     5.2828     3.5058     7.5988   999.9187     10.040      6.922 0.0000e+00
      7.062      0.029   321.9118     8.7690     73.205 1.0371e+00      6.269     27.729  18.081485     5.3078     3.5184     7.5968   999.9188     10.045      6.926 0.0000e+00
      7.067      0.034   321.8719     8.7541     73.257 1.0381e+00      6.268     27.797  18.124927     5.3241     3.5080     7.5970   999.9188     10.051      6.930 0.0000e+00
      7.075      0.038   321.8552     8.7433     73.242 1.0278e+00      6.268     27.852  18.156943     5.3223     3.4828     7.5987   999.9188     10.060      6.936 0.0000e+00
      7.088      0.042   321.9684     8.7442     73.167 1.0067e+00      6.268     27.852  18.151802     5.3278     3.4528     7.6010   999.9187     10.079      6.949 0.0000e+00
      7.104      0.044   322.1223     8.7540     73.058 9.9513e-01      6.267     27.819  18.126115     5.3408     3.4525     7.6028   999.9187     10.107      6.969 0.0000e+00
      7.119      0.046   322.2529     8.7645     72.924 9.8809e-01      6.267     27.784  18.099792     5.3377     3.4455     7.6016   999.9188     10.129      6.984 0.0000e+00
      7.128      0.048   322.4292     8.7630     72.793 9.8992e-01      6.266     27.769  18.086971     5.3234     3.4363     7.5945   999.9193     10.138      6.990 0.0000e+00
      7.136      0.050   322.5327     8.7535     72.679 9.8432e-01      6.265     27.790  18.097805     5.3263     3.4772     7.5844   999.9198     10.146      6.996 0.0000e+00
      7.146      0.051   322.4715     8.7449     72.630 9.5954e-01      6.265     27.805  18.104068     5.3309     3.5986     7.5762   999.9203     10.162      7.006 0.0000e+00
      7.161      0.053   322.3780     8.7249     72.633 9.3276e-01      6.265     27.801  18.099337     5.3044     3.7082     7.5713   999.9206     10.184      7.021 0.0000e+00
      7.180      0.055   322.3493     8.7140     72.588 9.1475e-01      6.265     27.810  18.103953     5.2727     3.7090     7.5657   999.9210     10.212      7.041 0.0000e+00
      7.197      0.055   322.3821     8.6965     72.461 8.9864e-01      6.264     27.800  18.096528     5.2635     3.6774     7.5587   999.9215     10.239      7.059 0.0000e+00
      7.210      0.054   322.5163     8.6916     72.290 8.8200e-01      6.264     27.765  18.072908     5.2765     3.6679     7.5527   999.9220     10.256      7.071 0.0000e+00
      7.221      0.053   322.6808     8.7018     72.174 8.7296e-01      6.265     27.763  18.071809     5.3461     3.6615     7.5489   999.9222     10.270      7.081 0.0000e+00
      7.233      0.051   322.8225     8.6947     72.144 8.6508e-01      6.266     27.780  18.083234     5.4640     3.6695     7.5466   999.9223     10.287      7.093 0.0000e+00
      7.246      0.049   323.0254     8.6814     72.138 8.4972e-01      6.266     27.781  18.084333     5.5370     3.6955     7.5450   999.9225     10.306      7.105 0.0000e+00
      7.260      0.049   323.1553     8.6531     72.114 8.3735e-01      6.266     27.783  18.085093     5.5626     3.7028     7.5447   999.9226     10.326      7.119 0.0000e+00
      7.273      0.050   323.0158     8.6381     72.116 8.3476e-01      6.266     27.797  18.092423     5.5902     3.7235     7.5445   999.9226     10.345      7.133 0.0000e+00
      7.285      0.050   322.8021     8.6390     72.216 8.3436e-01      6.266     27.824  18.109599     5.6128     3.7415     7.5456   999.9227     10.362      7.144 0.0000e+00
      7.296      0.049   322.8084     8.6396     72.400 8.2966e-01      6.266     27.813  18.102698     5.6193     3.7146     7.5467   999.9226     10.376      7.154 0.0000e+00
      7.309      0.046   322.9207     8.6360     72.612 8.1993e-01      6.266     27.765  18.072338     5.6199     3.7064     7.5445   999.9227     10.395      7.167 0.0000e+00
      7.323      0.044   322.9546     8.6303     72.810 8.0865e-01      6.268     27.745  18.059304     5.6359     3.7104     7.5416   999.9230     10.416      7.182 0.0000e+00
      7.334      0.043   322.9600     8.6456     72.928 7.9396e-01      6.270     27.764  18.071824     5.6624     3.6604     7.5406   999.9232     10.432      7.193 0.0000e+00
      7.343      0.043   322.9855     8.6701     72.929 7.8566e-01      6.270     27.802  18.096997     5.6742     3.6484     7.5415   999.9232     10.446      7.202 0.0000e+00
      7.352      0.042   323.0046     8.6959     72.839 7.8096e-01      6.270     27.823  18.110238     5.6710     3.7361     7.5426   999.9231     10.457      7.210 0.0000e+00
      7.362      0.040   322.9330     8.7227     72.687 7.6143e-01      6.270     27.815  18.105209     5.6066     3.7981     7.5433   999.9231     10.470      7.219 0.0000e+00
      7.374      0.039   322.7220     8.7398     72.532 7.4313e-01      6.270     27.807  18.099554     5.4788     3.7838     7.5445   999.9231     10.488      7.231 0.0000e+00
      7.386      0.036   322.6052     8.7363     72.452 7.4383e-01      6.271     27.818  18.105221     5.3990     3.7333     7.5443   999.9232     10.506      7.243 0.0000e+00
      7.396      0.033   322.7254     8.7260     72.451 7.5472e-01      6.272     27.827  18.110363     5.3907     3.7351     7.5434   999.9233     10.521      7.254 0.0000e+00
      7.404      0.029   322.7978     8.7056     72.534 7.5853e-01      6.274     27.809  18.098367     5.3954     3.7715     7.5441   999.9233     10.531      7.260 0.0000e+00
      7.409      0.028   322.7923     8.6810     72.679 7.4941e-01      6.275     27.791  18.086894     5.4391     3.7282     7.5437   999.9233     10.539      7.266 0.0000e+00
      7.413      0.030   322.8313     8.6753     72.803 7.4214e-01      6.274     27.809  18.098367     5.5358     3.6898     7.5403   999.9236     10.544      7.270 0.0000e+00
      7.417      0.033   322.8396     8.6737     72.876 7.3770e-01      6.274     27.831  18.110363     5.5992     3.7170     7.5385   999.9237     10.548      7.272 0.0000e+00
      7.425      0.036   322.8930     8.6832     72.928 7.2449e-01      6.273     27.830  18.105213     5.6151     3.7500     7.5390   999.9236     10.558      7.279 0.0000e+00
      7.439      0.038   322.9601     8.7066     72.933 7.1759e-01      6.273     27.827  18.099453     5.6367     3.7477     7.5396   999.9237     10.579      7.294 0.0000e+00
      7.454      0.040   322.9623     8.7227     72.847 7.1430e-01      6.273     27.838  18.104080     5.6682     3.6890     7.5405   999.9237     10.605      7.312 0.0000e+00
      7.465      0.042   323.0921     8.7281     72.666 6.9821e-01      6.273     27.831  18.097798     5.6800     3.6545     7.5358   999.9241     10.621      7.323 0.0000e+00
      7.472      0.044   323.3248     8.7388     72.396 6.8540e-01      6.273     27.816  18.086850     5.6713     3.6721     7.5267   999.9246     10.628      7.328 0.0000e+00
      7.479      0.047   323.3670     8.7446     72.156 6.7608e-01      6.272     27.835  18.098417     5.5960     3.6975     7.5195   999.9250     10.636      7.333 0.0000e+00
      7.489      0.051   323.3437     8.7322     72.101 6.6221e-01      6.271     27.858  18.110947     5.4600     3.7218     7.5150   999.9253     10.648      7.342 0.0000e+00
      7.505      0.057   323.4732     8.7149     72.234 6.4270e-01      6.270     27.865  18.111623     5.4007     3.7608     7.5127   999.9255     10.672      7.358 0.0000e+00
      7.523      0.064   323.6424     8.6767     72.448 6.2880e-01      6.270     27.865  18.106595     5.4118     3.7940     7.5105   999.9256     10.700      7.377 0.0000e+00
      7.542      0.070   323.8409     8.6380     72.625 6.2600e-01      6.269     27.882  18.113506     5.4694     3.7817     7.5083   999.9258     10.727      7.396 0.0000e+00
      7.559      0.074   323.9803     8.6342     72.690 6.1925e-01      6.268     27.916  18.131815     5.5730     3.7490     7.5050   999.9261     10.751      7.413 0.0000e+00
      7.578      0.076   323.8648     8.6570     72.659 6.0765e-01      6.266     27.928  18.137889     5.6155     3.7059     7.4974   999.9266     10.776      7.430 0.0000e+00
      7.598      0.077   323.6493     8.6895     72.596 5.9278e-01      6.266     27.908  18.123588     5.6165     3.6709     7.4882   999.9272     10.805      7.450 0.0000e+00
      7.619      0.078   323.6123     8.7169     72.521 5.8260e-01      6.266     27.852  18.085620     5.6775     3.7011     7.4797   999.9278     10.838      7.473 0.0000e+00
      7.640      0.078   323.7612     8.7251     72.441 5.7545e-01      6.266     27.816  18.058969     5.7617     3.7636     7.4731   999.9283     10.869      7.494 0.0000e+00
      7.659      0.076   323.8142     8.7170     72.361 5.6252e-01      6.267     27.815  18.054780     5.7860     3.7767     7.4697   999.9285     10.893      7.511 0.0000e+00
      7.679      0.072   323.7372     8.7110     72.283 5.5435e-01      6.267     27.790  18.034969     5.7793     3.7574     7.4684   999.9287     10.922      7.531 0.0000e+00
      7.698      0.066   323.8627     8.7009     72.177 5.4304e-01      6.267     27.755  18.009503     5.7727     3.7021     7.4663   999.9288     10.951      7.550 0.0000e+00
      7.715      0.061   324.1275     8.6932     72.006 5.2144e-01      6.267     27.744  18.000301     5.6719     3.6545     7.4610   999.9292     10.975      7.567 0.0000e+00
      7.730      0.056   324.1857     8.6849     71.826 5.1369e-01      6.268     27.727  17.987066     5.4930     3.6590     7.4532   999.9298     10.996      7.582 0.0000e+00
