Data/DataNotYetUploadedToEDI/Raw_CTD/RawDownloads/032222_bvr50_0002.cnv
* Sea-Bird SBE19plus  Data File:
* FileName = C:\R\Reservoirs\Data\DataNotYetUploadedToEDI\Raw_CTD\RawDownloads\032222_fcr50_0002.hex
* Software version 2.8.0.119
* Temperature SN = 7809
* Conductivity SN = 7809
* System UpLoad Time = Mar 22 2022 15:18:57
* <ApplicationData>
* <Seaterm232>
# nquan = 16
# nvalues = 1763                        
# units = specified
# name 0 = depFM: Depth [fresh water, m]
# name 1 = dz/dtM: Descent Rate [m/s]
# name 2 = orp: Oxidation Reduction Potential [mV]
# name 3 = sbeox0Mg/L: Oxygen, SBE 43 [mg/l]
# name 4 = sbeox0PS: Oxygen, SBE 43 [% saturation]
# name 5 = par/sat/log: PAR/Logarithmic, Satlantic
# name 6 = ph: pH
# name 7 = specc: Specific Conductance [uS/cm]
# name 8 = c0uS/cm: Conductivity [uS/cm]
# name 9 = flECO-AFL: Fluorescence, WET Labs ECO-AFL/FL [mg/m^3]
# name 10 = turbWETntu0: Turbidity, WET Labs ECO [NTU]
# name 11 = tv290C: Temperature [ITS-90, deg C]
# name 12 = density00: Density [density, kg/m^3]
# name 13 = prdE: Pressure, Strain Gauge [psi]
# name 14 = prdM: Pressure, Strain Gauge [db]
# name 15 = flag:  0.000e+00
# span 0 =     -0.712,      9.415       
# span 1 =     -0.263,      2.803       
# span 2 =  -879.9168,  1240.2295       
# span 3 =     7.1916,    10.3102       
# span 4 =     65.221,     94.527       
# span 5 = 1.2358e-01, 1.6042e+03       
# span 6 =     -2.665,      8.629       
# span 7 =      0.124,     30.369       
# span 8 =   0.100339,  21.524192       
# span 9 =    -0.7161,     8.0724       
# span 10 =    -1.4590,   282.9350      
# span 11 =     7.1905,    15.9135      
# span 12 =   998.9615,   999.9513      
# span 13 =     -1.013,     13.393      
# span 14 =     -0.699,      9.234      
# span 15 = 0.0000e+00, 0.0000e+00      
# interval = seconds: 0.25
# start_time = Mar 22 2022 08:32:11 [Instrument's time stamp, header]
# bad_flag = -9.990e-29
*END*
[from data line 1176]
      8.798      0.063   325.5503     8.2823     68.542 1.3872e-01      6.282     28.671  18.475823     4.2160     4.4471     7.2231   999.9468     12.515      8.629 0.0000e+00
      8.813      0.059   325.6158     8.2947     68.445 1.3353e-01      6.282     28.671  18.474786     4.2115     4.3923     7.2227   999.9468     12.534      8.643 0.0000e+00
      8.829      0.054   325.6689     8.2899     68.274 1.3230e-01      6.283     28.673  18.474691     4.2035     4.3687     7.2215   999.9471     12.558      8.658 0.0000e+00
      8.843      0.049   325.6757     8.2788     68.015 1.2978e-01      6.285     28.675  18.474673     4.1935     4.3659     7.2201   999.9472     12.581      8.675 0.0000e+00
      8.853      0.047   325.6117     8.2772     67.670 1.2868e-01      6.285     28.676  18.474568     4.1987     4.3584     7.2188   999.9472     12.594      8.683 0.0000e+00
      8.862      0.047   325.4983     8.2663     67.313 1.3119e-01      6.285     28.676  18.473415     4.2084     4.3460     7.2168   999.9474     12.603      8.689 0.0000e+00
      8.872      0.046   325.4231     8.2465     67.054 1.3030e-01      6.285     28.659  18.460732     4.2031     4.3529     7.2142   999.9475     12.618      8.700 0.0000e+00
      8.884      0.044   325.4763     8.2168     66.945 1.2886e-01      6.286     28.641  18.447946     4.2005     4.3395     7.2122   999.9477     12.636      8.712 0.0000e+00
      8.899      0.042   325.6243     8.1723     66.974 1.3131e-01      6.287     28.638  18.445537     4.2107     4.2520     7.2103   999.9479     12.658      8.727 0.0000e+00
      8.914      0.039   325.7506     8.1226     67.050 1.3389e-01      6.288     28.617  18.431607     4.2183     4.1485     7.2081   999.9481     12.683      8.744 0.0000e+00
      8.923      0.036   325.7983     8.0910     67.075 1.3334e-01      6.289     28.579  18.406234     4.2177     4.1136     7.2060   999.9482     12.694      8.752 0.0000e+00
      8.927      0.036   325.8570     8.0777     67.040 1.3178e-01      6.289     28.558  18.392191     4.2202     4.2062     7.2044   999.9483     12.697      8.754 0.0000e+00
      8.931      0.038   325.9440     8.0859     67.002 1.3105e-01      6.289     28.553  18.388535     4.2234     4.3801     7.2030   999.9484     12.702      8.757 0.0000e+00
      8.939      0.043   325.9044     8.1012     67.015 1.2770e-01      6.289     28.512  18.362020     4.2147     4.4396     7.2017   999.9485     12.710      8.763 0.0000e+00
      8.951      0.048   325.8079     8.1044     67.120 1.2685e-01      6.289     28.455  18.325043     4.2057     4.3790     7.2007   999.9485     12.728      8.776 0.0000e+00
      8.969      0.051   325.7242     8.0965     67.293 1.2880e-01      6.289     28.450  18.321595     4.2738     4.3987     7.1997   999.9487     12.756      8.796 0.0000e+00
      8.988      0.051   325.6658     8.0910     67.469 1.2665e-01      6.289     28.449  18.320329     4.4137     4.4731     7.1986   999.9488     12.788      8.816 0.0000e+00
      9.003      0.048   325.7048     8.0894     67.639 1.2435e-01      6.289     28.433  18.309732     4.4910     4.4584     7.1981   999.9489     12.809      8.831 0.0000e+00
      9.012      0.043   325.7655     8.1033     67.805 1.2396e-01      6.289     28.449  18.320192     4.4923     4.4257     7.1980   999.9489     12.819      8.839 0.0000e+00
      9.019      0.038   325.7984     8.1293     67.966 1.2376e-01      6.289     28.449  18.320077     4.5373     4.4539     7.1975   999.9490     12.828      8.845 0.0000e+00
      9.027      0.034   325.8443     8.1491     68.117 1.2373e-01      6.290     28.431  18.308340     4.6448     4.4923     7.1966   999.9491     12.839      8.852 0.0000e+00
      9.036      0.033   325.8893     8.1705     68.242 1.2374e-01      6.291     28.426  18.304997     4.7097     4.4794     7.1958   999.9491     12.852      8.861 0.0000e+00
      9.044      0.033   325.9123     8.1900     68.322 1.2376e-01      6.291     28.387  18.279662     4.7136     4.4005     7.1958   999.9492     12.863      8.869 0.0000e+00
      9.053      0.032   325.9501     8.2097     68.360 1.2375e-01      6.292     28.350  18.255462     4.7011     4.3590     7.1968   999.9492     12.876      8.878 0.0000e+00
      9.063      0.030   325.9170     8.2287     68.394 1.2378e-01      6.294     28.366  18.265832     4.5916     4.3873     7.1969   999.9492     12.890      8.888 0.0000e+00
      9.071      0.028   325.7697     8.2449     68.479 1.2379e-01      6.294     28.385  18.278315     4.3879     4.4008     7.1961   999.9493     12.902      8.896 0.0000e+00
      9.077      0.028   325.6319     8.2547     68.634 1.2378e-01      6.294     28.387  18.279675     4.2769     4.3858     7.1955   999.9493     12.911      8.901 0.0000e+00
      9.082      0.028   325.5423     8.2582     68.842 1.2380e-01      6.294     28.391  18.282281     4.2735     4.4110     7.1953   999.9494     12.918      8.907 0.0000e+00
      9.087      0.032   325.5463     8.2584     69.053 1.2378e-01      6.294     28.434  18.309823     4.2805     4.4995     7.1955   999.9494     12.925      8.911 0.0000e+00
      9.093      0.038   325.6799     8.2681     69.166 1.2374e-01      6.294     28.507  18.359245     4.2785     4.6365     7.1956   999.9494     12.932      8.916 0.0000e+00
      9.103      0.045   325.6953     8.2887     69.157 1.2380e-01      6.295     28.520  18.372965     4.2653     4.7359     7.1952   999.9495     12.945      8.925 0.0000e+00
      9.117      0.050   325.5605     8.3135     69.082 1.2385e-01      6.295     28.475  18.349001     4.2710     4.7108     7.1950   999.9496     12.966      8.940 0.0000e+00
      9.135      0.052   325.5121     8.3473     68.981 1.2383e-01      6.294     28.434  18.322943     4.4813     4.6741     7.1942   999.9497     12.993      8.959 0.0000e+00
      9.152      0.052   325.5407     8.3605     68.886 1.2386e-01      6.294     28.419  18.311340     4.8687     4.6681     7.1957   999.9498     13.020      8.977 0.0000e+00
      9.167      0.047   325.4760     8.3527     68.820 1.2389e-01      6.294     28.460  18.335419     5.0765     4.6379     7.2088   999.9492     13.040      8.991 0.0000e+00
      9.177      0.041   325.3315     8.3403     68.774 1.2377e-01      6.295     28.502  18.360647     5.0796     4.6160     7.2224   999.9485     13.055      9.001 0.0000e+00
      9.185      0.034   325.3430     8.3263     68.725 1.2358e-01      6.295     28.506  18.362931     4.9309     4.6423     7.2214   999.9486     13.065      9.007 0.0000e+00
      9.191      0.029   325.4429     8.3154     68.694 1.2362e-01      6.295     28.506  18.363036     4.6761     4.6831     7.2146   999.9490     13.072      9.013 0.0000e+00
      9.198      0.026   325.4207     8.3087     68.688 1.2382e-01      6.296     28.504  18.361912     4.5544     4.6650     7.2096   999.9493     13.081      9.020 0.0000e+00
      9.203      0.024   325.3332     8.3060     68.664 1.2387e-01      6.297     28.484  18.349338     4.5338     4.5945     7.2069   999.9494     13.090      9.025 0.0000e+00
      9.208      0.024   325.3311     8.2980     68.579 1.2387e-01      6.297     28.464  18.337723     4.4098     4.4451     7.2071   999.9494     13.097      9.030 0.0000e+00
      9.214      0.024   325.3954     8.2931     68.438 1.2389e-01      6.297     28.479  18.348206     4.2117     4.2595     7.2078   999.9494     13.105      9.036 0.0000e+00
      9.221      0.023   325.3365     8.2952     68.278 1.2389e-01      6.298     28.482  18.349358     4.1112     4.1613     7.2081   999.9494     13.115      9.043 0.0000e+00
      9.228      0.021   325.2215     8.2943     68.183 1.2385e-01      6.298     28.488  18.351652     4.0935     4.1112     7.2079   999.9495     13.126      9.050 0.0000e+00
      9.234      0.018   325.2095     8.2834     68.225 1.2380e-01      6.299     28.528  18.375947     4.0894     4.1321     7.2096   999.9494     13.135      9.055 0.0000e+00
      9.238      0.015   325.2770     8.2642     68.365 1.2383e-01      6.300     28.551  18.389665     4.2034     4.2086     7.2134   999.9493     13.140      9.059 0.0000e+00
      9.240      0.013   325.3488     8.2415     68.518 1.2389e-01      6.301     28.554  18.390799     4.4152     4.2165     7.2124   999.9493     13.143      9.062 0.0000e+00
      9.242      0.011   325.3034     8.2254     68.632 1.2388e-01      6.301     28.553  18.389656     4.5271     4.1598     7.2084   999.9495     13.146      9.064 0.0000e+00
      9.244      0.011   325.2448     8.2347     68.693 1.2383e-01      6.301     28.531  18.375843     4.5164     4.1041     7.2048   999.9498     13.149      9.066 0.0000e+00
      9.247      0.011   325.2418     8.2567     68.728 1.2380e-01      6.301     28.491  18.350502     4.3435     4.1234     7.2024   999.9499     13.152      9.068 0.0000e+00
      9.250      0.012   325.2677     8.2765     68.725 1.2378e-01      6.302     28.468  18.336699     4.0433     4.1534     7.2015   999.9499     13.156      9.071 0.0000e+00
      9.253      0.014   325.2993     8.2926     68.665 1.2384e-01      6.302     28.463  18.335669     3.8834     4.1257     7.2016   999.9499     13.160      9.074 0.0000e+00
      9.256      0.016   325.2798     8.2958     68.592 1.2388e-01      6.302     28.463  18.338058     3.8582     4.1643     7.2021   999.9499     13.166      9.077 0.0000e+00
      9.260      0.019   325.3758     8.3017     68.552 1.2380e-01      6.302     28.502  18.365580     3.7552     4.2446     7.2016   999.9500     13.172      9.081 0.0000e+00
      9.265      0.021   325.5148     8.3041     68.582 1.2377e-01      6.301     28.574  18.415010     3.5710     4.2423     7.2023   999.9499     13.178      9.086 0.0000e+00
      9.271      0.022   325.5835     8.2911     68.656 1.2378e-01      6.301     28.591  18.428835     3.4698     4.2052     7.2070   999.9497     13.187      9.092 0.0000e+00
      9.278      0.022   325.6900     8.2817     68.712 1.2373e-01      6.300     28.555  18.406015     3.4639     4.1711     7.2117   999.9495     13.197      9.099 0.0000e+00
      9.285      0.022   325.5984     8.2720     68.727 1.2371e-01      6.300     28.535  18.392544     3.5173     4.2065     7.2154   999.9494     13.207      9.106 0.0000e+00
      9.290      0.023   325.0783     8.2760     68.670 1.2377e-01      6.299     28.535  18.392677     3.6236     4.3260     7.2221   999.9491     13.215      9.111 0.0000e+00
      9.295      0.024   324.3917     8.2889     68.554 1.2383e-01      6.297     28.558  18.407626     3.6837     4.3858     7.2271   999.9489     13.220      9.116 0.0000e+00
      9.300      0.025   323.9217     8.2932     68.367 1.2383e-01      6.296     28.619  18.446566     3.6852     4.3823     7.2270   999.9489     13.226      9.119 0.0000e+00
      9.306      0.027   323.7834     8.3002     68.134 1.2375e-01      6.293     28.677  18.483333     3.6841     4.3865     7.2265   999.9490     13.235      9.125 0.0000e+00
      9.314      0.027   323.8382     8.2895     67.965 1.2372e-01      6.291     28.660  18.472013     3.7287     4.3681     7.2272   999.9490     13.247      9.133 0.0000e+00
      9.324      0.026   323.8962     8.2770     67.896 1.2382e-01      6.290     28.605  18.436426     3.8090     4.2964     7.2269   999.9491     13.261      9.143 0.0000e+00
      9.332      0.023   323.9676     8.2568     67.901 1.2386e-01      6.289     28.601  18.433211     3.8471     4.1692     7.2259   999.9492     13.274      9.153 0.0000e+00
      9.338      0.018   324.0990     8.2181     67.898 1.2380e-01      6.288     28.601  18.433136     3.8645     4.0599     7.2252   999.9492     13.283      9.158 0.0000e+00
      9.341      0.013   324.0229     8.2002     67.826 1.2379e-01      6.286     28.606  18.435512     4.0775     4.1363     7.2250   999.9493     13.286      9.160 0.0000e+00
      9.341      0.009   323.6490     8.1909     67.721 1.2380e-01      6.285     28.650  18.461940     4.4760     4.3072     7.2248   999.9492     13.287      9.161 0.0000e+00
      9.341      0.007   323.3640     8.1965     67.641 1.2376e-01      6.284     28.711  18.499243     4.6958     4.3501     7.2230   999.9493     13.286      9.161 0.0000e+00
      9.342      0.008   323.2447     8.2010     67.635 1.2375e-01      6.283     28.824  18.569735     4.6955     4.3480     7.2230   999.9493     13.287      9.161 0.0000e+00
      9.343      0.009   323.0665     8.1877     67.725 1.2376e-01      6.283     28.901  18.617291     4.5381     4.4183     7.2228   999.9493     13.287      9.161 0.0000e+00
      9.346      0.009   322.9307     8.1745     67.877 1.2373e-01      6.282     28.825  18.567357     4.2579     4.4823     7.2184   999.9496     13.292      9.165 0.0000e+00
      9.352      0.009   322.9792     8.1635     67.997 1.2372e-01      6.282     28.677  18.472867     4.1046     4.4384     7.2139   999.9498     13.303      9.172 0.0000e+00
      9.356      0.008   323.0512     8.1623     67.989 1.2372e-01      6.281     28.600  18.425214     4.0995     4.3664     7.2095   999.9502     13.310      9.177 0.0000e+00
      9.357      0.006   323.0263     8.1749     67.826 1.2378e-01      6.281     28.612  18.434704     4.2129     4.3628     7.2062   999.9504     13.310      9.176 0.0000e+00
      9.356      0.006   322.8504     8.1988     67.591 1.2384e-01      6.281     28.652  18.460899     4.4271     4.3947     7.2039   999.9504     13.308      9.175 0.0000e+00
      9.356      0.006   322.5594     8.2169     67.391 1.2384e-01      6.281     28.693  18.488503     4.5334     4.4112     7.2047   999.9503     13.306      9.174 0.0000e+00
      9.357      0.008   322.3474     8.2182     67.349 1.2382e-01      6.281     28.734  18.515022     4.5152     4.3904     7.2109   999.9500     13.307      9.175 0.0000e+00
      9.358      0.012   322.1799     8.1911     67.489 1.2381e-01      6.280     28.755  18.528105     4.4244     4.4168     7.2137   999.9499     13.310      9.177 0.0000e+00
      9.362      0.015   321.9967     8.1600     67.660 1.2382e-01      6.280     28.744  18.519956     4.2760     4.5254     7.2140   999.9499     13.314      9.180 0.0000e+00
      9.369      0.016   321.7672     8.1290     67.785 1.2385e-01      6.280     28.781  18.543217     4.2026     4.6097     7.2159   999.9499     13.325      9.188 0.0000e+00
      9.376      0.016   321.5555     8.1190     67.876 1.2381e-01      6.280     28.899  18.619270     4.2031     4.6166     7.2170   999.9498     13.339      9.197 0.0000e+00
      9.380      0.016   321.5878     8.1495     67.923 1.2374e-01      6.281     28.994  18.679195     4.2069     4.6775     7.2162   999.9499     13.344      9.199 0.0000e+00
      9.382      0.017   321.9000     8.1718     67.884 1.2374e-01      6.281     29.025  18.697516     4.2659     5.6539     7.2127   999.9501     13.343      9.200 0.0000e+00
      9.383      0.018   322.3182     8.1853     67.729 1.2376e-01      6.281     29.053  18.714066     4.3667     7.4376     7.2115   999.9501     13.345      9.201 0.0000e+00
      9.387      0.018   322.6866     8.1968     67.501 1.2376e-01      6.281     29.114  18.752584     4.4185     8.5148     7.2126   999.9501     13.349      9.204 0.0000e+00
      9.393      0.018   322.9128     8.2046     67.293 1.2380e-01      6.282     29.162  18.783061     4.5000    10.4458     7.2114   999.9503     13.360      9.211 0.0000e+00
      9.403      0.018   322.9031     8.2029     67.117 1.2388e-01      6.282     29.137  18.765761     5.4020    31.4007     7.2074   999.9506     13.375      9.222 0.0000e+00
      9.410      0.016   322.8269     8.1836     66.904 1.2396e-01      6.282     29.087  18.733503     7.0605    69.8679     7.2038   999.9508     13.386      9.229 0.0000e+00
