Data/DataNotYetUploadedToEDI/Raw_CTD/RawDownloads/032222_bvr50_0002.cnv
* Sea-Bird SBE19plus  Data File:
* FileName = C:\R\Reservoirs\Data\DataNotYetUploadedToEDI\Raw_CTD\RawDownloads\032222_fcr50_0002.hex
* Software version 2.8.0.119
* Temperature SN = 7809
* Conductivity SN = 7809
* System UpLoad Time = Mar 22 2022 15:18:57
* <ApplicationData>
* <Seaterm232>
# nquan = 16
# nvalues = 1763                        
# units = specified
# name 0 = depFM: Depth [fresh water, m]
# name 1 = dz/dtM: Descent Rate [m/s]
# name 2 = orp: Oxidation Reduction Potential [mV]
# name 3 = sbeox0Mg/L: Oxygen, SBE 43 [mg/l]
# name 4 = sbeox0PS: Oxygen, SBE 43 [% saturation]
# name 5 = par/sat/log: PAR/Logarithmic, Satlantic
# name 6 = ph: pH
# name 7 = specc: Specific Conductance [uS/cm]
# name 8 = c0uS/cm: Conductivity [uS/cm]
# name 9 = flECO-AFL: Fluorescence, WET Labs ECO-AFL/FL [mg/m^3]
# name 10 = turbWETntu0: Turbidity, WET Labs ECO [NTU]
# name 11 = tv290C: Temperature [ITS-90, deg C]
# name 12 = density00: Density [density, kg/m^3]
# name 13 = prdE: Pressure, Strain Gauge [psi]
# name 14 = prdM: Pressure, Strain Gauge [db]
# name 15 = flag:  0.000e+00
# span 0 =     -0.712,      9.415       
# span 1 =     -0.263,      2.803       
# span 2 =  -879.9168,  1240.2295       
# span 3 =     7.1916,    10.3102       
# span 4 =     65.221,     94.527       
# span 5 = 1.2358e-01, 1.6042e+03       
# span 6 =     -2.665,      8.629       
# span 7 =      0.124,     30.369       
# span 8 =   0.100339,  21.524192       
# span 9 =    -0.7161,     8.0724       
# span 10 =    -1.4590,   282.9350      
# span 11 =     7.1905,    15.9135      
# span 12 =   998.9615,   999.9513      
# span 13 =     -1.013,     13.393      
# span 14 =     -0.699,      9.234      
# span 15 = 0.0000e+00, 0.0000e+00      
# interval = seconds: 0.25
# start_time = Mar 22 2022 08:32:11 [Instrument's time stamp, header]
# bad_flag = -9.990e-29
*END*
[from data line 814]
      4.693      0.022   310.1159     7.9797     69.110 9.1432e+00      6.259     27.545  19.018942     7.0482     2.9834     9.5373   999.7751      6.673      4.601 0.0000e+00
      4.696      0.031   310.3604     7.9521     68.940 9.1087e+00      6.260     27.532  19.008183     7.0672     2.9670     9.5322   999.7755      6.678      4.604 0.0000e+00
      4.705      0.040   310.5151     7.9361     68.780 9.0152e+00      6.260     27.482  18.970045     7.1670     2.9701     9.5281   999.7759      6.690      4.612 0.0000e+00
      4.719      0.046   310.5246     7.9123     68.633 8.8912e+00      6.260     27.535  19.001344     7.3477     2.9862     9.5224   999.7763      6.710      4.626 0.0000e+00
      4.736      0.050   310.5611     7.8867     68.563 8.7638e+00      6.260     27.543  19.006446     7.4455     3.0257     9.5223   999.7765      6.738      4.645 0.0000e+00
      4.752      0.052   310.6118     7.8714     68.649 8.6460e+00      6.261     27.474  18.968364     7.4670     3.0373     9.5174   999.7770      6.761      4.661 0.0000e+00
      4.767      0.053   310.5356     7.8523     68.899 8.5660e+00      6.261     27.486  18.984438     7.5253     2.9903     9.5150   999.7772      6.782      4.676 0.0000e+00
      4.777      0.053   310.4999     7.8368     69.290 8.5205e+00      6.260     27.525  19.010720     7.6177     2.9703     9.5003   999.7785      6.796      4.685 0.0000e+00
      4.786      0.053   310.6100     7.8250     69.770 8.4454e+00      6.259     27.468  18.969325     7.6765     3.0340     9.4885   999.7794      6.803      4.691 0.0000e+00
      4.798      0.054   310.6628     7.8301     70.251 8.3286e+00      6.259     27.410  18.927465     7.6874     3.0432     9.5230   999.7767      6.821      4.703 0.0000e+00
      4.816      0.057   310.6230     7.8559     70.739 8.1987e+00      6.259     27.449  18.948114     7.6906     2.9444     9.5421   999.7752      6.851      4.723 0.0000e+00
      4.835      0.060   310.7304     7.9034     71.340 8.0843e+00      6.260     27.483  18.965543     7.7817     2.8982     9.5294   999.7764      6.881      4.744 0.0000e+00
      4.850      0.061   310.9291     7.9655     72.073 7.9949e+00      6.261     27.452  18.948117     7.9562     2.9291     9.5250   999.7769      6.898      4.756 0.0000e+00
      4.864      0.059   310.9606     8.0190     72.838 7.9076e+00      6.260     27.407  18.927492     8.0452     2.9762     9.5303   999.7763      6.916      4.768 0.0000e+00
      4.879      0.054   310.9396     8.0712     73.533 7.8237e+00      6.259     27.362  18.906269     8.0426     3.0242     9.5139   999.7779      6.938      4.785 0.0000e+00
      4.894      0.048   310.9331     8.1424     74.073 7.7409e+00      6.258     27.322  18.881602     7.9988     3.0645     9.4895   999.7799      6.961      4.800 0.0000e+00
      4.909      0.041   310.8818     8.2315     74.514 7.6610e+00      6.258     27.332  18.882678     7.9157     3.0882     9.5055   999.7786      6.985      4.816 0.0000e+00
      4.920      0.034   310.9213     8.3143     75.024 7.6211e+00      6.259     27.399  18.919276     7.8695     3.0378     9.5298   999.7767      7.000      4.827 0.0000e+00
      4.925      0.029   311.0661     8.3973     75.650 7.6179e+00      6.260     27.447  18.943934     7.8568     2.9673     9.5494   999.7751      7.006      4.831 0.0000e+00
      4.927      0.025   311.1706     8.4539     76.329 7.6110e+00      6.261     27.429  18.927367     7.8200     2.9528     9.5612   999.7741      7.007      4.831 0.0000e+00
      4.931      0.024   311.2384     8.4959     76.892 7.5715e+00      6.261     27.402  18.909050     7.7821     2.9656     9.5437   999.7756      7.010      4.833 0.0000e+00
      4.936      0.026   311.2834     8.5605     77.204 7.5102e+00      6.261     27.402  18.912545     7.7822     3.0188     9.5207   999.7776      7.019      4.839 0.0000e+00
      4.944      0.030   311.1980     8.6350     77.271 7.4677e+00      6.261     27.385  18.906260     7.8042     3.0491     9.5049   999.7789      7.032      4.848 0.0000e+00
      4.954      0.035   311.1525     8.7236     77.165 7.4252e+00      6.260     27.365  18.896426     7.7984     2.9907     9.4972   999.7795      7.046      4.858 0.0000e+00
      4.963      0.039   311.3362     8.7946     76.968 7.3401e+00      6.260     27.401  18.920366     7.7616     2.9626     9.4982   999.7795      7.059      4.867 0.0000e+00
      4.972      0.042   311.5254     8.8266     76.726 7.2331e+00      6.261     27.436  18.942280     7.7428     3.0168     9.5035   999.7791      7.071      4.875 0.0000e+00
      4.983      0.043   311.5470     8.8289     76.438 7.1234e+00      6.261     27.387  18.907944     7.7374     3.0314     9.5192   999.7779      7.086      4.886 0.0000e+00
      4.997      0.042   311.5119     8.8103     76.089 7.0105e+00      6.261     27.355  18.885371     7.7297     3.0019     9.5291   999.7771      7.106      4.900 0.0000e+00
      5.011      0.040   311.5310     8.7874     75.740 6.9198e+00      6.261     27.407  18.922795     7.8082     3.0021     9.5221   999.7778      7.128      4.915 0.0000e+00
      5.021      0.036   311.6064     8.7614     75.505 6.8571e+00      6.261     27.389  18.916912     7.9702     2.9998     9.5168   999.7783      7.143      4.924 0.0000e+00
      5.029      0.031   311.7352     8.7297     75.399 6.7960e+00      6.262     27.325  18.877602     8.0657     2.9737     9.5178   999.7782      7.152      4.931 0.0000e+00
      5.036      0.026   311.7978     8.6887     75.401 6.7556e+00      6.263     27.350  18.891034     8.0724     2.9605     9.5169   999.7783      7.165      4.940 0.0000e+00
      5.041      0.022   311.7603     8.6412     75.540 6.7443e+00      6.263     27.350  18.889226     8.0346     3.0447     9.5128   999.7787      7.171      4.944 0.0000e+00
      5.043      0.022   311.7993     8.6119     75.792 6.7218e+00      6.263     27.290  18.855734     7.9829     3.2054     9.5308   999.7773      7.172      4.945 0.0000e+00
      5.047      0.024   311.9253     8.5984     76.147 6.6868e+00      6.263     27.297  18.866260     7.9722     3.2646     9.5527   999.7754      7.178      4.948 0.0000e+00
      5.052      0.028   312.0783     8.5983     76.639 6.6383e+00      6.263     27.332  18.889783     7.9792     3.2140     9.5303   999.7773      7.185      4.954 0.0000e+00
      5.061      0.033   312.2722     8.6203     77.243 6.5718e+00      6.263     27.331  18.886702     7.9602     3.1394     9.5182   999.7784      7.196      4.962 0.0000e+00
      5.072      0.038   312.3770     8.6434     77.848 6.5135e+00      6.263     27.349  18.892368     7.9335     3.0461     9.5485   999.7758      7.214      4.973 0.0000e+00
      5.083      0.042   312.3123     8.6783     78.334 6.4698e+00      6.263     27.367  18.894927     7.9231     3.0091     9.5594   999.7750      7.230      4.985 0.0000e+00
      5.094      0.045   312.3506     8.7373     78.642 6.4215e+00      6.263     27.322  18.854265     7.9265     2.9995     9.5510   999.7758      7.245      4.996 0.0000e+00
      5.107      0.045   312.5822     8.8108     78.779 6.3609e+00      6.263     27.320  18.844243     7.9572     2.9971     9.5541   999.7756      7.262      5.007 0.0000e+00
      5.119      0.044   312.7037     8.8884     78.778 6.3011e+00      6.263     27.417  18.900463     8.0118     3.1167     9.5400   999.7767      7.281      5.021 0.0000e+00
      5.130      0.042   312.7002     8.9515     78.683 6.2537e+00      6.262     27.426  18.900405     8.0458     3.2502     9.5151   999.7789      7.298      5.032 0.0000e+00
      5.140      0.039   312.7132     8.9888     78.516 6.2091e+00      6.262     27.344  18.843537     8.0346     3.2456     9.5004   999.7801      7.310      5.040 0.0000e+00
      5.150      0.035   312.6882     9.0059     78.316 6.1691e+00      6.262     27.352  18.846487     7.9516     3.1287     9.4888   999.7811      7.325      5.050 0.0000e+00
      5.159      0.031   312.6565     9.0085     78.148 6.1492e+00      6.262     27.398  18.872699     7.8411     2.9978     9.4639   999.7833      7.339      5.060 0.0000e+00
      5.167      0.028   312.6741     9.0015     77.993 6.1398e+00      6.262     27.363  18.843654     7.7976     2.9617     9.4450   999.7848      7.349      5.067 0.0000e+00
      5.172      0.028   312.7289     8.9784     77.764 6.1307e+00      6.262     27.333  18.812112     7.7994     3.0345     9.4601   999.7835      7.356      5.072 0.0000e+00
      5.177      0.028   312.8020     8.9518     77.391 6.1209e+00      6.262     27.350  18.808114     7.7967     3.0910     9.4541   999.7841      7.362      5.076 0.0000e+00
      5.183      0.030   312.8695     8.9379     76.863 6.1089e+00      6.262     27.351  18.795293     7.7898     3.0643     9.4351   999.7857      7.371      5.082 0.0000e+00
      5.191      0.033   312.8577     8.9248     76.269 6.0909e+00      6.263     27.354  18.783804     7.7908     3.0542     9.4364   999.7856      7.382      5.090 0.0000e+00
      5.200      0.038   312.8320     8.9059     75.755 6.0506e+00      6.263     27.392  18.795913     7.8006     3.0372     9.4154   999.7872      7.396      5.099 0.0000e+00
      5.211      0.043   312.8162     8.8718     75.344 5.9921e+00      6.263     27.434  18.814962     7.8080     2.9944     9.3780   999.7903      7.411      5.110 0.0000e+00
      5.223      0.047   312.8389     8.8135     74.983 5.9316e+00      6.264     27.454  18.824028     7.8296     2.9811     9.3569   999.7920      7.427      5.121 0.0000e+00
      5.236      0.049   313.0199     8.7395     74.653 5.8665e+00      6.264     27.489  18.842166     7.8715     2.9785     9.3341   999.7939      7.446      5.134 0.0000e+00
      5.249      0.051   313.1120     8.6887     74.377 5.8037e+00      6.264     27.505  18.844182     7.8988     3.0317     9.3030   999.7964      7.466      5.148 0.0000e+00
      5.263      0.051   313.0064     8.6484     74.188 5.7532e+00      6.264     27.434  18.785040     7.9012     3.0430     9.2841   999.7980      7.486      5.162 0.0000e+00
      5.276      0.050   312.9475     8.6076     74.078 5.7016e+00      6.264     27.424  18.760670     7.8590     2.9441     9.2822   999.7982      7.504      5.174 0.0000e+00
      5.289      0.049   313.0022     8.5714     74.090 5.6453e+00      6.264     27.524  18.802954     7.7879     2.9301     9.2742   999.7989      7.523      5.187 0.0000e+00
      5.301      0.049   313.0657     8.5399     74.265 5.5949e+00      6.265     27.544  18.789378     7.7575     3.0096     9.2528   999.8006      7.539      5.198 0.0000e+00
      5.312      0.049   313.1126     8.5243     74.527 5.5393e+00      6.266     27.487  18.723216     7.7500     3.0524     9.2392   999.8017      7.554      5.209 0.0000e+00
      5.325      0.051   313.2255     8.5152     74.802 5.4706e+00      6.266     27.494  18.699926     7.6967     3.0377     9.2100   999.8040      7.574      5.223 0.0000e+00
      5.337      0.056   313.4840     8.5230     75.062 5.3968e+00      6.266     27.527  18.697832     7.6046     2.9678     9.1553   999.8084      7.592      5.234 0.0000e+00
      5.349      0.060   313.7425     8.5596     75.242 5.3163e+00      6.266     27.463  18.634515     7.5594     2.9248     9.1060   999.8121      7.607      5.244 0.0000e+00
      5.365      0.062   313.8565     8.6029     75.272 5.2179e+00      6.266     27.400  18.567940     7.5659     2.9623     9.0591   999.8157      7.628      5.259 0.0000e+00
      5.385      0.062   313.9159     8.6445     75.129 5.1112e+00      6.266     27.471  18.589813     7.5676     3.0453     9.0026   999.8200      7.659      5.281 0.0000e+00
      5.405      0.061   313.9441     8.6898     74.921 5.0265e+00      6.266     27.490  18.582163     7.5627     3.1427     8.9557   999.8236      7.693      5.303 0.0000e+00
      5.421      0.060   313.9395     8.7174     74.814 4.9525e+00      6.265     27.357  18.475420     7.5655     3.2179     8.9285   999.8258      7.712      5.317 0.0000e+00
      5.433      0.057   314.0323     8.7333     74.920 4.8662e+00      6.263     27.331  18.439636     7.5756     3.2371     8.8859   999.8288      7.725      5.327 0.0000e+00
      5.446      0.053   314.2054     8.7239     75.343 4.7885e+00      6.262     27.398  18.466281     7.5773     3.2039     8.8260   999.8332      7.745      5.340 0.0000e+00
      5.458      0.051   314.3114     8.6966     76.040 4.7212e+00      6.262     27.354  18.417407     7.6362     3.1914     8.7930   999.8357      7.764      5.353 0.0000e+00
      5.471      0.051   314.3680     8.6892     76.828 4.6467e+00      6.261     27.291  18.355555     7.7709     3.2238     8.7687   999.8374      7.780      5.365 0.0000e+00
      5.485      0.050   314.4604     8.7007     77.560 4.5780e+00      6.261     27.304  18.352000     7.8583     3.2538     8.7312   999.8401      7.801      5.379 0.0000e+00
      5.499      0.049   314.5679     8.7593     78.195 4.5284e+00      6.262     27.343  18.374423     7.8687     3.2466     8.6977   999.8427      7.822      5.394 0.0000e+00
      5.512      0.047   314.6340     8.8582     78.787 4.4872e+00      6.263     27.348  18.373231     7.7882     3.1700     8.6644   999.8450      7.839      5.405 0.0000e+00
      5.522      0.045   314.6585     8.9645     79.360 4.4448e+00      6.263     27.305  18.337583     7.6511     3.0791     8.6213   999.8479      7.854      5.415 0.0000e+00
      5.532      0.043   314.6062     9.0586     79.878 4.4024e+00      6.263     27.292  18.323549     7.5850     3.0707     8.5952   999.8497      7.869      5.426 0.0000e+00
      5.543      0.042   314.5181     9.1264     80.328 4.3584e+00      6.263     27.309  18.330263     7.5625     3.1031     8.6021   999.8494      7.885      5.436 0.0000e+00
      5.554      0.042   314.4535     9.1967     80.756 4.3171e+00      6.262     27.257  18.292030     7.4122     3.1287     8.5905   999.8502      7.900      5.446 0.0000e+00
      5.565      0.042   314.4266     9.2705     81.202 4.2879e+00      6.262     27.190  18.241430     7.1492     3.1748     8.5741   999.8514      7.914      5.456 0.0000e+00
      5.576      0.041   314.4508     9.3324     81.626 4.2644e+00      6.262     27.185  18.225321     7.0129     3.2166     8.5693   999.8517      7.931      5.468 0.0000e+00
      5.587      0.041   314.4878     9.3862     81.929 4.2463e+00      6.262     27.207  18.223961     7.0048     3.2248     8.5550   999.8528      7.948      5.479 0.0000e+00
      5.597      0.041   314.6167     9.4326     82.082 4.2278e+00      6.263     27.229  18.224971     6.9183     3.1707     8.5569   999.8527      7.962      5.489 0.0000e+00
      5.606      0.042   314.8039     9.4885     82.107 4.1930e+00      6.265     27.258  18.237526     6.7483     3.0756     8.5486   999.8533      7.974      5.498 0.0000e+00
      5.615      0.044   314.9459     9.5509     81.969 4.1567e+00      6.265     27.280  18.249046     6.6566     3.0304     8.5200   999.8553      7.985      5.506 0.0000e+00
      5.626      0.044   314.9563     9.5942     81.673 4.1172e+00      6.265     27.272  18.237527     6.6498     3.0340     8.4904   999.8573      8.001      5.516 0.0000e+00
      5.640      0.045   314.8428     9.6162     81.360 4.0607e+00      6.265     27.264  18.224959     6.6246     3.0170     8.4568   999.8597      8.022      5.531 0.0000e+00
      5.654      0.045   314.7790     9.6244     81.184 4.0114e+00      6.265     27.272  18.223796     6.5688     2.9624     8.4485   999.8603      8.043      5.545 0.0000e+00
      5.665      0.045   314.7872     9.6099     81.210 3.9727e+00      6.265     27.275  18.223465     6.5408     2.9540     8.4518   999.8601      8.061      5.557 0.0000e+00
