Data/DataNotYetUploadedToEDI/Raw_CTD/RawDownloads/032221_fcr_50.cnv
* Sea-Bird SBE19plus  Data File:
* FileName = C:\DATA\032221_fcr_50_0001.hex
* Software version 2.8.0.119
* Temperature SN = 7809
* Conductivity SN = 7809
* System UpLoad Time = Mar 25 2021 12:21:22
* <ApplicationData>
* <Seaterm232>
# nquan = 16
# nvalues = 2103                        
# units = specified
# name 0 = depFM: Depth [fresh water, m]
# name 1 = dz/dtM: Descent Rate [m/s]
# name 2 = orp: Oxidation Reduction Potential [mV]
# name 3 = sbeox0Mg/L: Oxygen, SBE 43 [mg/l]
# name 4 = sbeox0PS: Oxygen, SBE 43 [% saturation]
# name 5 = par/sat/log: PAR/Logarithmic, Satlantic
# name 6 = ph: pH
# name 7 = specc: Specific Conductance [uS/cm]
# name 8 = c0uS/cm: Conductivity [uS/cm]
# name 9 = flECO-AFL: Fluorescence, WET Labs ECO-AFL/FL [mg/m^3]
# name 10 = turbWETntu0: Turbidity, WET Labs ECO [NTU]
# name 11 = tv290C: Temperature [ITS-90, deg C]
# name 12 = density00: Density [density, kg/m^3]
# name 13 = prdE: Pressure, Strain Gauge [psi]
# name 14 = prdM: Pressure, Strain Gauge [db]
# name 15 = flag:  0.000e+00
# span 0 =     -0.563,      9.952       
# span 1 =     -0.299,      0.175       
# span 2 = -1240.7455,   456.5753       
# span 3 =     0.1564,    11.3886       
# span 4 =      1.386,     97.036       
# span 5 = 1.2354e-01, 1.8141e+03       
# span 6 =     -2.605,     15.771       
# span 7 =      4.251,    302.412       
# span 8 =   2.941083, 185.934177       
# span 9 =    -2.0978,    15.0486       
# span 10 =    -0.3725,   124.1614      
# span 11 =     5.6891,    16.8385      
# span 12 =   998.8103,  1000.1097      
# span 13 =     -0.801,     14.155      
# span 14 =     -0.552,      9.759      
# span 15 = 0.0000e+00, 0.0000e+00      
# interval = seconds: 0.25
# start_time = Mar 21 2021 22:03:36 [Instrument's time stamp, header]
# bad_flag = -9.990e-29
*END*
[from data line 1447]
      7.000     -0.029   338.6705     8.0476     65.319 8.0289e-01     15.757     32.237  19.917113    12.0078     3.8541     5.8820   999.9923      9.949      6.860 0.0000e+00
      7.007     -0.010   338.8627     8.0892     65.328 8.0198e-01     15.757     32.238  19.918956    12.2236     3.8981     5.8884   999.9921      9.966      6.871 0.0000e+00
      7.015      0.003   339.0996     8.1283     65.298 8.0423e-01     15.756     32.145  19.862699    12.6200     3.9460     5.8899   999.9921      9.981      6.882 0.0000e+00
      7.020      0.009   339.3846     8.1535     65.308 8.0330e-01     15.756     32.055  19.807605    12.8333     3.9528     5.8890   999.9921      9.989      6.888 0.0000e+00
      7.019      0.010   339.6409     8.1507     65.361 8.0415e-01     15.757     31.977  19.760111    12.8289     3.9123     5.8900   999.9921      9.984      6.884 0.0000e+00
      7.015      0.007   339.7884     8.1597     65.412 8.0408e-01     15.757     31.928  19.732323    12.7667     3.9014     5.8919   999.9920      9.974      6.877 0.0000e+00
      7.015      0.000   339.8782     8.1450     65.545 7.9329e-01     15.757     32.015  19.788672    12.6823     3.9246     5.8938   999.9919      9.975      6.878 0.0000e+00
      7.021     -0.010   340.0382     8.1463     65.733 7.7356e-01     15.757     32.145  19.870727    12.6380     3.9528     5.8946   999.9918      9.986      6.885 0.0000e+00
      7.026     -0.023   340.3462     8.1630     65.953 7.6547e-01     15.757     32.192  19.900111    12.6218     3.9330     5.8947   999.9919      9.999      6.894 0.0000e+00
      7.023     -0.038   340.6767     8.1536     66.225 7.7767e-01     15.757     32.177  19.890308    12.4585     3.7205     5.8985   999.9918     10.000      6.895 0.0000e+00
      7.007     -0.054   340.9369     8.1769     66.462 8.0137e-01     15.757     32.158  19.879032    12.1605     3.4081     5.9053   999.9915      9.972      6.875 0.0000e+00
      6.983     -0.070   341.2555     8.2015     66.668 8.2982e-01     15.757     32.174  19.890595    12.0034     3.2458     5.9077   999.9913      9.929      6.846 0.0000e+00
      6.959     -0.083   341.6040     8.2221     66.920 8.5344e-01     15.757     32.192  19.903291    11.9988     3.2001     5.9061   999.9913      9.896      6.823 0.0000e+00
      6.938     -0.091   341.9668     8.2670     67.172 8.7188e-01     15.757     32.195  19.905723    12.0098     3.2677     5.9052   999.9912      9.868      6.804 0.0000e+00
      6.917     -0.094   342.3730     8.2951     67.380 8.9548e-01     15.757     32.218  19.920004    12.0223     3.4452     5.9064   999.9910      9.840      6.784 0.0000e+00
      6.892     -0.094   342.6433     8.3116     67.549 9.2487e-01     15.756     32.263  19.949142    12.0262     3.5271     5.9095   999.9909      9.806      6.761 0.0000e+00
      6.864     -0.091   342.8262     8.3488     67.600 9.4400e-01     15.756     32.246  19.940968    12.0284     3.5023     5.9120   999.9907      9.762      6.730 0.0000e+00
      6.838     -0.081   343.1215     8.3827     67.493 9.4878e-01     15.756     32.151  19.884588    12.1639     3.5223     5.9130   999.9905      9.725      6.704 0.0000e+00
      6.814     -0.065   343.5470     8.4042     67.338 9.6163e-01     15.756     32.071  19.838158    12.4332     3.6326     5.9141   999.9903      9.692      6.683 0.0000e+00
      6.794     -0.046   343.8399     8.4309     67.215 9.8570e-01     15.756     32.043  19.823458    12.5857     3.7366     5.9153   999.9902      9.657      6.658 0.0000e+00
      6.785     -0.030   343.8237     8.4419     67.153 9.8166e-01     15.756     32.058  19.833678    12.5964     3.7505     5.9177   999.9901      9.644      6.650 0.0000e+00
      6.789     -0.021   343.8679     8.4170     67.153 9.5229e-01     15.755     32.058  19.834899    12.5912     3.6970     5.9235   999.9899      9.655      6.657 0.0000e+00
      6.796     -0.021   344.1163     8.3947     67.147 9.3814e-01     15.754     32.062  19.838231    12.6184     3.6054     5.9285   999.9898      9.668      6.666 0.0000e+00
      6.798     -0.026   344.4178     8.3787     67.104 9.3791e-01     15.754     32.117  19.873970    12.6774     3.5011     5.9311   999.9897      9.674      6.670 0.0000e+00
      6.790     -0.033   344.8460     8.3676     67.055 9.5228e-01     15.754     32.135  19.886546    12.7128     3.4314     5.9337   999.9896      9.665      6.663 0.0000e+00
      6.771     -0.038   345.3359     8.3738     67.036 9.8740e-01     15.754     32.095  19.863470    12.7321     3.4140     5.9350   999.9895      9.634      6.642 0.0000e+00
      6.747     -0.037   345.7805     8.3731     67.068 1.0194e+00     15.754     32.072  19.848595    12.8912     3.4632     5.9360   999.9893      9.593      6.614 0.0000e+00
      6.732     -0.030   346.1775     8.3660     67.164 1.0312e+00     15.755     32.052  19.833522    13.1873     3.5793     5.9372   999.9892      9.568      6.596 0.0000e+00
      6.729     -0.020   346.5226     8.3567     67.301 1.0174e+00     15.756     32.016  19.808045    13.3554     3.6517     5.9409   999.9891      9.567      6.596 0.0000e+00
      6.735     -0.015   346.8558     8.3536     67.463 9.9375e-01     15.757     31.997  19.794192    13.3594     3.6177     5.9454   999.9890      9.577      6.603 0.0000e+00
      6.742     -0.016   347.1956     8.3556     67.631 9.9122e-01     15.757     31.993  19.792839    13.3028     3.5450     5.9440   999.9891      9.590      6.612 0.0000e+00
      6.744     -0.025   347.1891     8.3717     67.785 1.0014e+00     15.757     31.984  19.791694    13.2242     3.4937     5.9381   999.9893      9.598      6.617 0.0000e+00
      6.735     -0.040   346.8629     8.3901     67.927 1.0123e+00     15.756     31.956  19.780354    13.1810     3.5127     5.9325   999.9894      9.585      6.609 0.0000e+00
      6.716     -0.059   346.8651     8.4111     68.035 1.0334e+00     15.754     31.950  19.782545    13.1618     3.5349     5.9284   999.9894      9.553      6.587 0.0000e+00
      6.694     -0.077   347.0437     8.4352     68.119 1.0521e+00     15.753     31.996  19.818190    13.0683     3.4185     5.9289   999.9893      9.519      6.564 0.0000e+00
      6.674     -0.087   347.2166     8.4490     68.222 1.0628e+00     15.753     32.004  19.830880    12.9196     3.2727     5.9371   999.9889      9.494      6.546 0.0000e+00
      6.652     -0.086   347.7506     8.4687     68.364 1.0936e+00     15.753     31.959  19.809173    12.8511     3.2485     5.9484   999.9885      9.467      6.527 0.0000e+00
      6.623     -0.076   348.4244     8.4782     68.498 1.1401e+00     15.753     31.957  19.809381    12.8407     3.2627     5.9569   999.9880      9.422      6.496 0.0000e+00
      6.592     -0.061   348.8240     8.4849     68.563 1.1667e+00     15.753     31.998  19.833393    12.8318     3.3072     5.9669   999.9875      9.368      6.459 0.0000e+00
      6.574     -0.044   348.7965     8.4927     68.592 1.1711e+00     15.754     32.023  19.845858    12.8488     3.4088     5.9814   999.9870      9.341      6.441 0.0000e+00
      6.573     -0.027   348.5223     8.5099     68.638 1.1651e+00     15.754     32.008  19.833270    12.8837     3.4614     5.9926   999.9867      9.348      6.445 0.0000e+00
      6.579     -0.012   348.6055     8.5325     68.741 1.1526e+00     15.755     31.971  19.808010    12.9112     3.4626     5.9943   999.9867      9.359      6.453 0.0000e+00
      6.584     -0.004   349.0276     8.5369     68.925 1.1548e+00     15.755     31.945  19.794080    12.9242     3.4577     5.9911   999.9869      9.367      6.457 0.0000e+00
      6.584     -0.004   349.4106     8.5390     69.110 1.1685e+00     15.754     31.932  19.791670    12.9925     3.5053     5.9869   999.9870      9.367      6.458 0.0000e+00
      6.581     -0.009   349.7942     8.5459     69.195 1.1630e+00     15.754     31.902  19.778874    13.1363     3.6261     5.9798   999.9872      9.361      6.454 0.0000e+00
      6.576     -0.015   350.1378     8.5563     69.214 1.1495e+00     15.754     31.877  19.766189    13.2228     3.6814     5.9733   999.9873      9.354      6.449 0.0000e+00
      6.571     -0.018   350.4685     8.5827     69.200 1.1523e+00     15.754     31.872  19.765116    13.2277     3.6596     5.9776   999.9872      9.347      6.445 0.0000e+00
      6.565     -0.016   350.9535     8.6113     69.110 1.1638e+00     15.754     31.871  19.765903    13.3289     3.6374     5.9904   999.9867      9.339      6.439 0.0000e+00
      6.558     -0.011   351.3561     8.6153     69.050 1.1759e+00     15.753     31.879  19.775717    13.5489     3.6532     5.9996   999.9864      9.327      6.431 0.0000e+00
      6.553     -0.006   351.4646     8.6123     69.154 1.1866e+00     15.752     31.828  19.756954    13.6859     3.7137     6.0031   999.9862      9.317      6.425 0.0000e+00
      6.553     -0.006   351.4897     8.6187     69.342 1.1892e+00     15.752     31.762  19.729282    13.6977     3.7162     6.0060   999.9862      9.318      6.424 0.0000e+00
      6.559     -0.011   351.6597     8.6008     69.564 1.1772e+00     15.752     31.798  19.758200    13.5674     3.5800     6.0056   999.9862      9.328      6.431 0.0000e+00
      6.565     -0.021   352.0573     8.5793     69.775 1.1627e+00     15.752     31.850  19.789558    13.3405     3.4409     6.0089   999.9862      9.342      6.441 0.0000e+00
      6.563     -0.033   352.5121     8.5994     69.865 1.1702e+00     15.753     31.863  19.791378    13.2336     3.4410     6.0349   999.9854      9.345      6.442 0.0000e+00
      6.547     -0.047   352.8570     8.6159     69.902 1.2017e+00     15.753     31.856  19.780195    13.2291     3.4445     6.0630   999.9843      9.317      6.423 0.0000e+00
      6.524     -0.062   353.1298     8.6395     69.991 1.2317e+00     15.752     31.863  19.781163    13.2670     3.3452     6.0709   999.9840      9.275      6.395 0.0000e+00
      6.504     -0.076   353.4012     8.6800     70.157 1.2537e+00     15.752     31.896  19.803079    13.3580     3.2365     6.0686   999.9839      9.248      6.376 0.0000e+00
      6.488     -0.088   353.7288     8.6852     70.450 1.2885e+00     15.752     31.871  19.791540    13.4139     3.2286     6.0561   999.9843      9.230      6.364 0.0000e+00
      6.468     -0.095   354.1652     8.6866     70.820 1.3252e+00     15.752     31.824  19.768472    13.4183     3.2838     6.0427   999.9846      9.204      6.346 0.0000e+00
      6.442     -0.096   354.6343     8.7023     71.082 1.3568e+00     15.751     31.826  19.777808    13.3919     3.2866     6.0372   999.9846      9.167      6.320 0.0000e+00
      6.411     -0.091   354.9265     8.7159     71.148 1.4016e+00     15.750     31.812  19.777608    13.1805     3.2620     6.0404   999.9845      9.121      6.288 0.0000e+00
      6.379     -0.080   355.0314     8.7525     71.090 1.4414e+00     15.750     31.787  19.766059    12.8178     3.2612     6.0473   999.9840      9.072      6.255 0.0000e+00
      6.352     -0.063   355.1276     8.8084     70.936 1.4523e+00     15.751     31.789  19.765001    12.6299     3.2766     6.0550   999.9835      9.027      6.224 0.0000e+00
      6.339     -0.043   355.2299     8.8428     70.710 1.4479e+00     15.751     31.797  19.764811    12.6359     3.2768     6.0712   999.9830      9.008      6.210 0.0000e+00
      6.339     -0.025   355.3222     8.8399     70.535 1.4404e+00     15.751     31.802  19.763755    12.8809     3.2291     6.0870   999.9825      9.015      6.216 0.0000e+00
      6.345     -0.010   355.4696     8.8300     70.459 1.4362e+00     15.751     31.783  19.752225    13.3414     3.2149     6.0937   999.9823      9.026      6.224 0.0000e+00
      6.348      0.000   355.7211     8.8167     70.491 1.4413e+00     15.751     31.777  19.752233    13.5972     3.2769     6.0883   999.9826      9.032      6.227 0.0000e+00
      6.346      0.005   356.0398     8.7782     70.601 1.4452e+00     15.751     31.792  19.763857    13.6176     3.2923     6.0761   999.9829      9.028      6.225 0.0000e+00
      6.343      0.004   356.3120     8.7601     70.658 1.4450e+00     15.751     31.797  19.765943    13.5587     3.2981     6.0691   999.9831      9.018      6.218 0.0000e+00
      6.344     -0.001   356.6031     8.7504     70.649 1.4407e+00     15.751     31.819  19.777463    13.4383     3.4156     6.0703   999.9832      9.018      6.219 0.0000e+00
      6.350     -0.011   356.8925     8.7488     70.626 1.4286e+00     15.750     31.815  19.776318    13.3642     3.5114     6.0777   999.9829      9.030      6.226 0.0000e+00
      6.355     -0.024   357.0570     8.7756     70.646 1.4338e+00     15.750     31.766  19.752108    13.3303     3.4945     6.0840   999.9827      9.043      6.235 0.0000e+00
      6.350     -0.039   357.1292     8.7784     70.734 1.4628e+00     15.750     31.732  19.738377    13.0286     3.3839     6.0820   999.9828      9.040      6.232 0.0000e+00
      6.333     -0.056   357.2496     8.7773     70.856 1.4893e+00     15.750     31.718  19.737128    12.4634     3.2382     6.0752   999.9829      9.010      6.212 0.0000e+00
      6.309     -0.071   357.4805     8.7728     71.031 1.5240e+00     15.749     31.704  19.737013    12.1509     3.2085     6.0755   999.9828      8.972      6.186 0.0000e+00
      6.285     -0.082   357.6845     8.7670     71.148 1.5620e+00     15.748     31.689  19.737003    12.1496     3.2657     6.0879   999.9822      8.939      6.164 0.0000e+00
      6.262     -0.087   357.8226     8.7843     71.157 1.5820e+00     15.748     31.678  19.737012    12.3432     3.2773     6.1015   999.9817      8.907      6.141 0.0000e+00
      6.240     -0.088   357.9462     8.7877     71.204 1.6015e+00     15.748     31.668  19.737125    12.6792     3.2458     6.1112   999.9813      8.875      6.119 0.0000e+00
      6.218     -0.088   358.1463     8.8152     71.285 1.6339e+00     15.748     31.659  19.738372    12.8745     3.2286     6.1255   999.9807      8.844      6.099 0.0000e+00
      6.198     -0.087   358.6063     8.8355     71.383 1.6700e+00     15.748     31.670  19.752100    12.9119     3.2401     6.1424   999.9800      8.816      6.079 0.0000e+00
      6.176     -0.082   359.1202     8.8138     71.503 1.7003e+00     15.748     31.702  19.776296    12.9114     3.2476     6.1524   999.9796      8.786      6.057 0.0000e+00
      6.151     -0.071   359.3698     8.8275     71.572 1.7302e+00     15.747     31.700  19.777283    12.9075     3.2861     6.1603   999.9792      8.751      6.033 0.0000e+00
      6.126     -0.056   359.4736     8.8344     71.672 1.7604e+00     15.747     31.672  19.764038    12.9314     3.3960     6.1727   999.9786      8.711      6.005 0.0000e+00
      6.109     -0.039   359.4288     8.8382     71.894 1.7864e+00     15.747     31.632  19.742982    12.9709     3.4774     6.1846   999.9781      8.679      5.984 0.0000e+00
      6.105     -0.024   359.2587     8.8638     72.123 1.7964e+00     15.747     31.582  19.712922    13.0042     3.4812     6.1906   999.9779      8.678      5.983 0.0000e+00
      6.111     -0.009   359.2232     8.8645     72.270 1.7827e+00     15.747     31.584  19.717639    13.0856     3.4421     6.1905   999.9780      8.692      5.993 0.0000e+00
      6.117      0.001   359.3441     8.8656     72.298 1.7782e+00     15.746     31.603  19.736608    13.2393     3.4161     6.1983   999.9777      8.702      6.000 0.0000e+00
      6.118      0.006   359.6874     8.9038     72.240 1.7843e+00     15.746     31.612  19.752052    13.3369     3.4411     6.2083   999.9774      8.703      6.001 0.0000e+00
      6.116      0.008   360.1905     8.9336     72.253 1.7761e+00     15.745     31.639  19.777561    13.3509     3.4698     6.2067   999.9774      8.698      5.998 0.0000e+00
