Data/DataNotYetUploadedToEDI/Raw_CTD/RawDownloads/032221_fcr_50.cnv
* Sea-Bird SBE19plus  Data File:
* FileName = C:\DATA\032221_fcr_50_0001.hex
* Software version 2.8.0.119
* Temperature SN = 7809
* Conductivity SN = 7809
* System UpLoad Time = Mar 25 2021 12:21:22
* <ApplicationData>
* <Seaterm232>
# nquan = 16
# nvalues = 2103                        
# units = specified
# name 0 = depFM: Depth [fresh water, m]
# name 1 = dz/dtM: Descent Rate [m/s]
# name 2 = orp: Oxidation Reduction Potential [mV]
# name 3 = sbeox0Mg/L: Oxygen, SBE 43 [mg/l]
# name 4 = sbeox0PS: Oxygen, SBE 43 [% saturation]
# name 5 = par/sat/log: PAR/Logarithmic, Satlantic
# name 6 = ph: pH
# name 7 = specc: Specific Conductance [uS/cm]
# name 8 = c0uS/cm: Conductivity [uS/cm]
# name 9 = flECO-AFL: Fluorescence, WET Labs ECO-AFL/FL [mg/m^3]
# name 10 = turbWETntu0: Turbidity, WET Labs ECO [NTU]
# name 11 = tv290C: Temperature [ITS-90, deg C]
# name 12 = density00: Density [density, kg/m^3]
# name 13 = prdE: Pressure, Strain Gauge [psi]
# name 14 = prdM: Pressure, Strain Gauge [db]
# name 15 = flag:  0.000e+00
# span 0 =     -0.563,      9.952       
# span 1 =     -0.290,      0.170       
# span 2 = -1240.7455,   456.4942       
# span 3 =     0.1573,    11.3875       
# span 4 =      1.489,     96.997       
# span 5 = 1.2356e-01, 1.8019e+03       
# span 6 =     -2.605,     15.771       
# span 7 =      4.366,    302.375       
# span 8 =   3.021350, 185.917945       
# span 9 =    -2.0436,    15.0010       
# span 10 =    -0.3481,   122.1396      
# span 11 =     5.6891,    16.8381      
# span 12 =   998.8104,  1000.1097      
# span 13 =     -0.801,     14.155      
# span 14 =     -0.552,      9.759      
# span 15 = 0.0000e+00, 0.0000e+00      
# interval = seconds: 0.25
# start_time = Mar 21 2021 22:03:36 [Instrument's time stamp, header]
# bad_flag = -9.990e-29
*END*
[from data line 1176]
      9.937      0.016   429.9346     0.9384      6.111 1.2365e-01     15.765    302.375 185.917945    11.1786    11.1408     5.7377  1000.1090     14.134      9.745 0.0000e+00
      9.940      0.012   429.8075     0.8729      5.981 1.2365e-01     15.765    302.355 185.913140    11.1521    11.2684     5.7387  1000.1095     14.140      9.749 0.0000e+00
      9.942      0.010   429.5896     0.8189      5.875 1.2370e-01     15.765    302.276 185.871878    11.1142    11.4316     5.7397  1000.1097     14.142      9.751 0.0000e+00
      9.944      0.007   429.3799     0.7793      5.767 1.2376e-01     15.766    302.075 185.755733    11.0915    11.5451     5.7405  1000.1096     14.143      9.751 0.0000e+00
      9.946      0.005   429.2423     0.7579      5.670 1.2379e-01     15.766    301.800 185.594120    11.1183    11.5893     5.7415  1000.1096     14.147      9.753 0.0000e+00
      9.948      0.004   429.1158     0.7475      5.595 1.2376e-01     15.766    301.549 185.446807    11.2182    11.6263     5.7427  1000.1095     14.149      9.755 0.0000e+00
      9.948      0.003   428.9048     0.7377      5.527 1.2371e-01     15.765    301.325 185.316908    11.3561    11.6973     5.7440  1000.1096     14.149      9.756 0.0000e+00
      9.948      0.002   428.6068     0.7216      5.452 1.2370e-01     15.764    301.085 185.177075    11.4493    11.7717     5.7453  1000.1094     14.149      9.756 0.0000e+00
      9.948      0.001   428.3020     0.7040      5.367 1.2373e-01     15.764    300.844 185.036814    11.4633    11.8002     5.7466  1000.1092     14.149      9.756 0.0000e+00
      9.948      0.001   428.0326     0.7016      5.273 1.2375e-01     15.764    300.614 184.902694    11.4204    11.7674     5.7477  1000.1091     14.150      9.756 0.0000e+00
      9.949      0.002   427.7629     0.6931      5.175 1.2372e-01     15.765    300.304 184.720579    11.3566    11.7064     5.7489  1000.1090     14.151      9.757 0.0000e+00
      9.949      0.002   427.4719     0.6832      5.082 1.2368e-01     15.765    299.852 184.450188    11.3089    11.6564     5.7501  1000.1089     14.151      9.757 0.0000e+00
      9.950      0.002   427.1711     0.6722      4.972 1.2368e-01     15.765    299.342 184.144733    11.3023    11.5728     5.7515  1000.1087     14.151      9.757 0.0000e+00
      9.951      0.002   426.9031     0.6613      4.814 1.2371e-01     15.765    298.888 183.872923    11.3439    11.3735     5.7529  1000.1086     14.153      9.758 0.0000e+00
      9.951      0.001   426.7570     0.6469      4.628 1.2373e-01     15.765    298.471 183.624158    11.4101    11.1190     5.7542  1000.1086     14.154      9.759 0.0000e+00
      9.951      0.001   426.7852     0.6325      4.456 1.2374e-01     15.765    298.015 183.350359    11.4589    10.9567     5.7556  1000.1083     14.154      9.759 0.0000e+00
      9.951      0.001   426.9347     0.6329      4.306 1.2373e-01     15.765    297.495 183.037263    11.4754    10.8726     5.7569  1000.1080     14.154      9.759 0.0000e+00
      9.951      0.000   427.0644     0.6062      4.165 1.2372e-01     15.765    296.935 182.699250    11.4656    10.7414     5.7582  1000.1078     14.154      9.759 0.0000e+00
      9.951     -0.000   427.0895     0.5732      4.049 1.2371e-01     15.765    296.381 182.365745    11.4395    10.5580     5.7595  1000.1077     14.154      9.759 0.0000e+00
      9.952     -0.001   427.0526     0.5571      3.994 1.2370e-01     15.764    295.900 182.076298    11.4143    10.4100     5.7606  1000.1074     14.155      9.759 0.0000e+00
      9.952     -0.002   426.9886     0.5373      3.982 1.2369e-01     15.764    295.495 181.832964    11.3802    10.2990     5.7616  1000.1072     14.155      9.759 0.0000e+00
      9.951     -0.002   426.8888     0.5234      3.942 1.2369e-01     15.764    295.087 181.588429    11.2997    10.1375     5.7628  1000.1070     14.153      9.758 0.0000e+00
      9.950     -0.003   426.7603     0.4979      3.849 1.2371e-01     15.765    294.641 181.319769    11.1897     9.9265     5.7640  1000.1067     14.152      9.758 0.0000e+00
      9.949     -0.005   426.5907     0.4893      3.736 1.2373e-01     15.765    294.217 181.064278    11.1177     9.7838     5.7652  1000.1065     14.149      9.756 0.0000e+00
      9.948     -0.006   426.3774     0.5071      3.630 1.2370e-01     15.765    293.857 180.848281    11.1064     9.7749     5.7663  1000.1063     14.147      9.754 0.0000e+00
      9.947     -0.007   426.2113     0.5005      3.535 1.2368e-01     15.764    293.504 180.635708    11.1329     9.8756     5.7673  1000.1062     14.148      9.755 0.0000e+00
      9.944     -0.007   426.1911     0.4803      3.448 1.2369e-01     15.763    293.083 180.381806    11.1713    10.0292     5.7683  1000.1059     14.145      9.753 0.0000e+00
      9.941     -0.006   426.3014     0.4674      3.368 1.2369e-01     15.763    292.586 180.082014    11.2048    10.1543     5.7692  1000.1056     14.138      9.748 0.0000e+00
      9.939     -0.004   426.4367     0.4524      3.301 1.2365e-01     15.763    292.046 179.754736    11.2662    10.1822     5.7700  1000.1055     14.135      9.746 0.0000e+00
      9.938     -0.003   426.5166     0.4412      3.236 1.2363e-01     15.764    291.497 179.422076    11.4164    10.0865     5.7709  1000.1054     14.136      9.746 0.0000e+00
      9.938     -0.002   426.5444     0.4329      3.157 1.2366e-01     15.764    290.975 179.105526    11.6167     9.9125     5.7718  1000.1052     14.136      9.746 0.0000e+00
      9.939     -0.002   426.5258     0.4176      3.074 1.2370e-01     15.764    290.503 178.819971    11.7469     9.7725     5.7728  1000.1050     14.137      9.747 0.0000e+00
      9.940     -0.006   426.4209     0.4122      3.014 1.2369e-01     15.764    290.088 178.569236    11.7589     9.7233     5.7738  1000.1048     14.139      9.748 0.0000e+00
      9.940     -0.016   426.1862     0.4081      2.971 1.2365e-01     15.764    289.707 178.339198    11.6842     9.7223     5.7746  1000.1045     14.140      9.750 0.0000e+00
      9.939     -0.038   425.8312     0.3966      2.917 1.2362e-01     15.764    289.283 178.082472    11.5770     9.7273     5.7753  1000.1043     14.140      9.750 0.0000e+00
      9.934     -0.075   425.4254     0.3807      2.844 1.2362e-01     15.763    288.674 177.712182    11.4737     9.7071     5.7762  1000.1041     14.134      9.745 0.0000e+00
      9.921     -0.129   424.8104     0.3721      2.764 1.2363e-01     15.763    287.724 177.130997    11.2378     9.5132     5.7771  1000.1039     14.126      9.740 0.0000e+00
      9.892     -0.192   422.5639     0.3767      2.699 1.2364e-01     15.763    286.379 176.305764    10.6278     8.9500     5.7778  1000.1035     14.097      9.720 0.0000e+00
      9.839     -0.249   413.9914     0.3659      2.670 1.2365e-01     15.763    284.820 175.348364     9.7777     8.2316     5.7785  1000.1032     14.023      9.669 0.0000e+00
      9.756     -0.283   393.2731     0.3557      2.657 1.2364e-01     15.762    283.370 174.457323     9.1364     8.3166     5.7794  1000.1027     13.911      9.591 0.0000e+00
      9.646     -0.284   362.8373     0.3474      2.613 1.2363e-01     15.762    282.178 173.725281     8.6797    12.3276     5.7802  1000.1018     13.734      9.469 0.0000e+00
      9.535     -0.254   334.7615     0.3307      2.533 1.2365e-01     15.762    281.144 173.091694     7.9367    24.3499     5.7806  1000.1004     13.515      9.318 0.0000e+00
      9.457     -0.202   317.5398     0.3300      2.452 1.2370e-01     15.763    280.164 172.492239     6.9295    41.3036     5.7810  1000.0992     13.380      9.225 0.0000e+00
      9.427     -0.141   309.3914     0.3384      2.396 1.2372e-01     15.764    279.257 171.937156     6.1499    54.2552     5.7812  1000.0986     13.373      9.221 0.0000e+00
      9.430     -0.086   305.3029     0.3329      2.368 1.2368e-01     15.764    278.433 171.432817     5.4856    64.0134     5.7815  1000.0984     13.416      9.250 0.0000e+00
      9.438     -0.049   302.6442     0.3140      2.354 1.2364e-01     15.764    277.633 170.942313     4.2737    80.4024     5.7820  1000.0981     13.442      9.267 0.0000e+00
      9.437     -0.038   300.6621     0.3047      2.331 1.2365e-01     15.763    276.828 170.448750     2.6398   102.4164     5.7827  1000.0976     13.434      9.262 0.0000e+00
      9.426     -0.048   299.0386     0.2970      2.298 1.2366e-01     15.763    276.042 169.966289     1.4879   117.9401     5.7835  1000.0971     13.411      9.247 0.0000e+00
      9.407     -0.064   297.5286     0.2921      2.267 1.2361e-01     15.763    275.279 169.498197     1.1639   122.1396     5.7840  1000.0968     13.383      9.226 0.0000e+00
      9.383     -0.075   295.8405     0.2987      2.248 1.2356e-01     15.763    274.536 169.041819     1.3462   119.2436     5.7843  1000.0963     13.347      9.202 0.0000e+00
      9.358     -0.078   293.4521     0.2918      2.249 1.2356e-01     15.763    273.826 168.606048     1.6912   114.0706     5.7846  1000.0959     13.309      9.176 0.0000e+00
      9.335     -0.077   290.1797     0.2862      2.252 1.2361e-01     15.763    273.161 168.197467     1.9532   110.1487     5.7849  1000.0955     13.271      9.151 0.0000e+00
      9.316     -0.076   286.8352     0.2843      2.223 1.2369e-01     15.764    272.521 167.804291     2.0881   107.6978     5.7852  1000.0951     13.241      9.130 0.0000e+00
      9.302     -0.074   284.5462     0.2768      2.158 1.2371e-01     15.764    271.883 167.413279     2.2303   104.1863     5.7855  1000.0948     13.231      9.123 0.0000e+00
      9.287     -0.071   283.6511     0.2803      2.092 1.2369e-01     15.764    271.264 167.034244     2.4140    99.4904     5.7857  1000.0943     13.219      9.116 0.0000e+00
      9.268     -0.066   283.6863     0.2852      2.052 1.2369e-01     15.764    270.677 166.675132     2.5603    95.9964     5.7857  1000.0941     13.185      9.091 0.0000e+00
      9.246     -0.060   284.0050     0.2840      2.052 1.2371e-01     15.764    270.078 166.310133     2.7030    93.8840     5.7859  1000.0937     13.145      9.063 0.0000e+00
      9.227     -0.052   284.1688     0.2691      2.092 1.2372e-01     15.764    269.424 165.910842     2.9795    91.0229     5.7864  1000.0933     13.113      9.041 0.0000e+00
      9.215     -0.044   284.0518     0.2568      2.113 1.2370e-01     15.763    268.722 165.481663     3.3535    87.2573     5.7866  1000.0930     13.097      9.030 0.0000e+00
      9.209     -0.039   283.8546     0.2575      2.049 1.2366e-01     15.763    268.005 165.042694     3.6218    84.5656     5.7871  1000.0928     13.096      9.029 0.0000e+00
      9.206     -0.038   283.9314     0.2468      1.911 1.2364e-01     15.763    267.300 164.610570     3.7252    83.5750     5.7879  1000.0926     13.098      9.031 0.0000e+00
      9.201     -0.041   284.2545     0.2609      1.785 1.2366e-01     15.763    266.631 164.200412     3.8052    83.1703     5.7886  1000.0923     13.095      9.029 0.0000e+00
      9.190     -0.047   284.4006     0.2799      1.765 1.2370e-01     15.763    266.004 163.816051     4.0017    82.4783     5.7893  1000.0919     13.079      9.018 0.0000e+00
      9.172     -0.052   284.3580     0.2616      1.856 1.2373e-01     15.763    265.411 163.452275     4.2809    81.5740     5.7896  1000.0916     13.047      8.996 0.0000e+00
      9.153     -0.053   284.5524     0.2421      1.949 1.2374e-01     15.764    264.876 163.123667     4.4923    80.9008     5.7898  1000.0912     13.016      8.974 0.0000e+00
      9.136     -0.051   284.9932     0.2099      1.952 1.2375e-01     15.764    264.444 162.859011     4.6240    80.3361     5.7904  1000.0908     12.990      8.956 0.0000e+00
      9.123     -0.048   285.2066     0.2010      1.861 1.2370e-01     15.764    264.119 162.660379     4.8035    79.3033     5.7908  1000.0904     12.968      8.941 0.0000e+00
      9.117     -0.046   284.9542     0.2372      1.742 1.2363e-01     15.763    263.850 162.497291     5.0341    77.9218     5.7910  1000.0902     12.962      8.936 0.0000e+00
      9.112     -0.046   284.5607     0.2551      1.684 1.2360e-01     15.762    263.605 162.348423     5.1811    76.9794     5.7911  1000.0901     12.967      8.941 0.0000e+00
      9.102     -0.045   284.4875     0.2532      1.719 1.2364e-01     15.762    263.410 162.230053     5.1428    76.9142     5.7913  1000.0899     12.958      8.936 0.0000e+00
      9.086     -0.042   284.7935     0.2386      1.791 1.2371e-01     15.763    263.306 162.168400     4.8909    77.6763     5.7916  1000.0896     12.927      8.913 0.0000e+00
      9.068     -0.038   285.2207     0.2093      1.806 1.2376e-01     15.763    263.280 162.154596     4.5381    78.8436     5.7919  1000.0894     12.888      8.886 0.0000e+00
      9.056     -0.036   285.5112     0.1969      1.719 1.2375e-01     15.762    263.259 162.144174     4.2959    79.8109     5.7925  1000.0892     12.867      8.871 0.0000e+00
      9.052     -0.036   285.5101     0.2122      1.609 1.2371e-01     15.762    263.183 162.099106     4.2165    80.8514     5.7929  1000.0891     12.870      8.874 0.0000e+00
      9.052     -0.038   285.3114     0.2288      1.586 1.2368e-01     15.762    263.040 162.012499     4.1980    82.9677     5.7931  1000.0891     12.879      8.880 0.0000e+00
      9.047     -0.043   285.1045     0.2412      1.636 1.2365e-01     15.762    262.823 161.879582     4.1839    85.8267     5.7937  1000.0891     12.878      8.880 0.0000e+00
      9.035     -0.053   284.7129     0.2239      1.684 1.2365e-01     15.763    262.461 161.657132     4.1784    87.7540     5.7942  1000.0890     12.858      8.866 0.0000e+00
      9.015     -0.066   283.7893     0.1802      1.704 1.2370e-01     15.763    261.650 161.158162     4.1988    87.7463     5.7945  1000.0889     12.824      8.842 0.0000e+00
      8.994     -0.076   282.4444     0.1892      1.696 1.2375e-01     15.764    259.204 159.652767     4.2621    85.7757     5.7948  1000.0887     12.790      8.820 0.0000e+00
      8.972     -0.078   281.1817     0.2134      1.667 1.2376e-01     15.764    251.808 155.099429     4.3498    82.8361     5.7950  1000.0886     12.764      8.801 0.0000e+00
      8.948     -0.072   280.3478     0.2088      1.614 1.2376e-01     15.763    234.390 144.374085     4.4126    80.6868     5.7951  1000.0883     12.731      8.776 0.0000e+00
      8.925     -0.061   279.9279     0.2177      1.539 1.2377e-01     15.762    204.044 125.686459     4.4383    79.9398     5.7950  1000.0880     12.684      8.745 0.0000e+00
      8.908     -0.049   279.7379     0.2143      1.489 1.2380e-01     15.761    162.409 100.043913     4.4607    79.9200     5.7951  1000.0875     12.655      8.725 0.0000e+00
      8.901     -0.039   279.6890     0.2061      1.511 1.2381e-01     15.761    115.561  71.187543     4.5000    80.0495     5.7955  1000.0868     12.653      8.725 0.0000e+00
      8.900     -0.034   279.8099     0.2108      1.580 1.2378e-01     15.761     74.989  46.194726     4.5537    79.9445     5.7964  1000.0820     12.662      8.730 0.0000e+00
      8.899     -0.034   280.1131     0.1907      1.628 1.2374e-01     15.761     50.784  31.282684     4.6832    78.5165     5.7977  1000.0686     12.666      8.733 0.0000e+00
      8.891     -0.038   280.5998     0.1725      1.593 1.2373e-01     15.762     41.563  25.600477     5.0047    74.3289     5.7992  1000.0530     12.654      8.726 0.0000e+00
      8.876     -0.043   281.2605     0.1866      1.499 1.2373e-01     15.762     39.283  24.193127     5.4532    68.4664     5.8006  1000.0326     12.626      8.705 0.0000e+00
      8.860     -0.045   281.9615     0.1988      1.499 1.2372e-01     15.761     38.989  24.010571     5.7917    64.2231     5.8006  1000.0116     12.600      8.688 0.0000e+00
