Data/DataNotYetUploadedToEDI/Raw_CTD/RawDownloads/032221_fcr_50.cnv
* Sea-Bird SBE19plus  Data File:
* FileName = C:\DATA\032221_fcr_50_0001.hex
* Software version 2.8.0.119
* Temperature SN = 7809
* Conductivity SN = 7809
* System UpLoad Time = Mar 25 2021 12:21:22
* <ApplicationData>
* <Seaterm232>
# nquan = 16
# nvalues = 2103                        
# units = specified
# name 0 = depFM: Depth [fresh water, m]
# name 1 = dz/dtM: Descent Rate [m/s]
# name 2 = orp: Oxidation Reduction Potential [mV]
# name 3 = sbeox0Mg/L: Oxygen, SBE 43 [mg/l]
# name 4 = sbeox0PS: Oxygen, SBE 43 [% saturation]
# name 5 = par/sat/log: PAR/Logarithmic, Satlantic
# name 6 = ph: pH
# name 7 = specc: Specific Conductance [uS/cm]
# name 8 = c0uS/cm: Conductivity [uS/cm]
# name 9 = flECO-AFL: Fluorescence, WET Labs ECO-AFL/FL [mg/m^3]
# name 10 = turbWETntu0: Turbidity, WET Labs ECO [NTU]
# name 11 = tv290C: Temperature [ITS-90, deg C]
# name 12 = density00: Density [density, kg/m^3]
# name 13 = prdE: Pressure, Strain Gauge [psi]
# name 14 = prdM: Pressure, Strain Gauge [db]
# name 15 = flag:  0.000e+00
# span 0 =     -0.563,      9.952       
# span 1 =     -0.299,      0.175       
# span 2 = -1240.7455,   456.5753       
# span 3 =     0.1564,    11.3886       
# span 4 =      1.386,     97.036       
# span 5 = 1.2354e-01, 1.8141e+03       
# span 6 =     -2.605,     15.771       
# span 7 =      4.251,    302.412       
# span 8 =   2.941083, 185.934177       
# span 9 =    -2.0978,    15.0486       
# span 10 =    -0.3725,   124.1614      
# span 11 =     5.6891,    16.8385      
# span 12 =   998.8103,  1000.1097      
# span 13 =     -0.801,     14.155      
# span 14 =     -0.552,      9.759      
# span 15 = 0.0000e+00, 0.0000e+00      
# interval = seconds: 0.25
# start_time = Mar 21 2021 22:03:36 [Instrument's time stamp, header]
# bad_flag = -9.990e-29
*END*
[from data line 1628]
      5.172     -0.103   375.3543     9.4358     77.283 3.9885e+00     15.734     31.468  19.905114    11.6469     3.1690     6.6161   999.9576      7.356      5.071 0.0000e+00
      5.146     -0.093   375.2355     9.4281     77.466 4.0835e+00     15.733     31.476  19.912547    11.6494     3.2330     6.6123   999.9577      7.320      5.047 0.0000e+00
      5.122     -0.075   374.9163     9.4236     77.618 4.1658e+00     15.733     31.500  19.930897    11.6292     3.2636     6.6176   999.9573      7.286      5.023 0.0000e+00
      5.100     -0.055   375.0223     9.4410     77.733 4.2298e+00     15.732     31.500  19.936765    11.6022     3.2291     6.6229   999.9570      7.250      4.999 0.0000e+00
      5.086     -0.036   375.3138     9.4705     77.767 4.2530e+00     15.732     31.458  19.920089    11.6087     3.1940     6.6252   999.9568      7.226      4.982 0.0000e+00
      5.084     -0.020   375.3432     9.4928     77.812 4.2413e+00     15.732     31.436  19.919508    11.9274     3.2510     6.6292   999.9567      7.228      4.984 0.0000e+00
      5.088     -0.006   375.3773     9.5052     77.859 4.2224e+00     15.731     31.433  19.929752    12.5282     3.4042     6.6334   999.9565      7.239      4.991 0.0000e+00
      5.093      0.004   375.7255     9.5303     77.874 4.2091e+00     15.731     31.400  19.917136    12.8547     3.4671     6.6400   999.9562      7.246      4.996 0.0000e+00
      5.095      0.009   376.1976     9.5147     77.869 4.2101e+00     15.731     31.362  19.893801    12.8901     3.4280     6.6583   999.9555      7.249      4.998 0.0000e+00
      5.096      0.007   376.0958     9.5198     77.781 4.2244e+00     15.731     31.387  19.901253    12.8708     3.3778     6.6827   999.9545      7.247      4.996 0.0000e+00
      5.097     -0.001   375.5263     9.5258     77.698 4.2314e+00     15.731     31.467  19.943808    12.8126     3.3061     6.7022   999.9537      7.249      4.998 0.0000e+00
      5.100     -0.012   375.3355     9.5140     77.738 4.2310e+00     15.731     31.498  19.964456    12.7768     3.2474     6.7175   999.9531      7.254      5.002 0.0000e+00
      5.101     -0.025   375.5094     9.5274     77.922 4.2486e+00     15.731     31.474  19.960671    12.7334     3.2171     6.7213   999.9529      7.260      5.006 0.0000e+00
      5.095     -0.039   375.6499     9.5096     78.196 4.3049e+00     15.730     31.453  19.961470    12.3362     3.2151     6.7029   999.9536      7.255      5.001 0.0000e+00
      5.079     -0.053   375.8301     9.4987     78.405 4.3889e+00     15.730     31.456  19.974132    11.6267     3.2225     6.6824   999.9545      7.225      4.982 0.0000e+00
      5.057     -0.064   376.1398     9.5056     78.496 4.4659e+00     15.730     31.465  19.986958    11.2412     3.2034     6.6832   999.9544      7.191      4.959 0.0000e+00
      5.037     -0.074   376.4689     9.5198     78.507 4.5259e+00     15.730     31.460  19.989731    11.2041     3.1907     6.7066   999.9533      7.164      4.939 0.0000e+00
      5.019     -0.079   376.6255     9.5611     78.485 4.5800e+00     15.730     31.479  20.007661    11.2063     3.2053     6.7330   999.9521      7.138      4.921 0.0000e+00
      5.000     -0.083   376.6563     9.5815     78.508 4.6573e+00     15.729     31.479  20.013530    11.2867     3.2088     6.7500   999.9513      7.113      4.905 0.0000e+00
      4.980     -0.084   376.7555     9.5876     78.620 4.7614e+00     15.729     31.444  19.997284    11.4419     3.1984     6.7599   999.9508      7.084      4.884 0.0000e+00
      4.956     -0.082   376.8786     9.5871     78.782 4.8692e+00     15.729     31.443  20.001477    11.5184     3.1487     6.7675   999.9503      7.050      4.861 0.0000e+00
      4.931     -0.073   377.0270     9.5769     78.904 4.9769e+00     15.729     31.437  20.000822    11.5249     3.1227     6.7769   999.9498      7.016      4.837 0.0000e+00
      4.906     -0.059   377.2587     9.5756     78.979 5.0617e+00     15.729     31.409  19.989360    11.7407     3.1937     6.7860   999.9493      6.974      4.809 0.0000e+00
      4.887     -0.041   377.4427     9.5879     79.103 5.0921e+00     15.729     31.390  19.989719    12.1532     3.2508     6.7968   999.9487      6.942      4.787 0.0000e+00
      4.882     -0.024   377.4451     9.6115     79.293 5.0709e+00     15.728     31.399  20.005171    12.3737     3.2301     6.8062   999.9483      6.939      4.785 0.0000e+00
      4.887     -0.009   377.4591     9.6275     79.452 5.0359e+00     15.726     31.460  20.049384    12.3839     3.1841     6.8064   999.9483      6.950      4.792 0.0000e+00
      4.893      0.003   377.6125     9.6276     79.501 5.0159e+00     15.725     31.493  20.080416    12.4302     3.2445     6.8135   999.9480      6.962      4.800 0.0000e+00
      4.896      0.009   377.5790     9.6348     79.474 5.0129e+00     15.725     31.440  20.063340    12.5327     3.4102     6.8413   999.9469      6.968      4.804 0.0000e+00
      4.896      0.004   377.3115     9.6596     79.470 5.0097e+00     15.725     31.379  20.033163    12.5833     3.4715     6.8615   999.9460      6.962      4.800 0.0000e+00
      4.897     -0.009   377.2190     9.6842     79.545 4.9846e+00     15.725     31.382  20.032611    12.5559     3.4358     6.8577   999.9462      6.961      4.799 0.0000e+00
      4.901     -0.026   377.4056     9.6844     79.695 4.9572e+00     15.725     31.428  20.056663    12.3354     3.3911     6.8725   999.9456      6.973      4.807 0.0000e+00
      4.900     -0.044   377.5894     9.6655     79.854 4.9884e+00     15.725     31.453  20.070327    11.9572     3.3082     6.9125   999.9438      6.978      4.811 0.0000e+00
      4.885     -0.061   377.7207     9.6595     79.969 5.0849e+00     15.725     31.448  20.071002    11.7510     3.2567     6.9281   999.9429      6.955      4.794 0.0000e+00
      4.858     -0.077   377.9607     9.6709     80.044 5.1739e+00     15.725     31.427  20.064826    11.7012     3.2495     6.9166   999.9433      6.908      4.763 0.0000e+00
      4.830     -0.091   378.1676     9.6962     80.114 5.2477e+00     15.724     31.408  20.059071    11.4988     3.2555     6.9044   999.9437      6.866      4.734 0.0000e+00
      4.805     -0.100   378.1577     9.7192     80.183 5.3382e+00     15.724     31.412  20.064836    11.1448     3.2604     6.9003   999.9438      6.834      4.711 0.0000e+00
      4.780     -0.102   378.0982     9.7311     80.237 5.4365e+00     15.724     31.419  20.071126    10.9579     3.2409     6.9073   999.9434      6.800      4.688 0.0000e+00
      4.754     -0.096   378.1369     9.7342     80.295 5.5515e+00     15.724     31.414  20.071708    10.9471     3.2258     6.9217   999.9426      6.761      4.662 0.0000e+00
      4.726     -0.083   378.1961     9.7390     80.380 5.6861e+00     15.724     31.411  20.071881    10.9377     3.2139     6.9344   999.9419      6.723      4.635 0.0000e+00
      4.699     -0.067   378.2974     9.7500     80.501 5.8018e+00     15.723     31.413  20.073211    10.9779     3.2684     6.9373   999.9416      6.681      4.607 0.0000e+00
      4.678     -0.047   378.5007     9.7530     80.581 5.8410e+00     15.723     31.432  20.087798    11.0706     3.3707     6.9371   999.9415      6.645      4.581 0.0000e+00
      4.670     -0.028   378.5900     9.7591     80.613 5.7955e+00     15.723     31.471  20.121425    11.1236     3.3871     6.9458   999.9411      6.636      4.575 0.0000e+00
      4.675     -0.010   378.4303     9.7651     80.793 5.7290e+00     15.722     31.513  20.162748    11.1521     3.3635     6.9516   999.9409      6.649      4.584 0.0000e+00
      4.682      0.004   378.2912     9.7847     81.074 5.6924e+00     15.721     31.553  20.206977    11.3860     3.3591     6.9466   999.9412      6.662      4.593 0.0000e+00
      4.686      0.011   378.1985     9.8027     81.268 5.6837e+00     15.720     31.534  20.212330    11.8160     3.3337     6.9475   999.9411      6.666      4.597 0.0000e+00
      4.687      0.007   377.9976     9.7806     81.369 5.6709e+00     15.719     31.443  20.164078    12.0396     3.2623     6.9637   999.9404      6.665      4.596 0.0000e+00
      4.691     -0.006   378.0129     9.8026     81.364 5.6289e+00     15.720     31.387  20.130863    12.0291     3.1829     6.9884   999.9393      6.671      4.599 0.0000e+00
      4.695     -0.024   378.2978     9.8466     81.336 5.5918e+00     15.721     31.382  20.127792    11.8896     3.0952     7.0179   999.9380      6.681      4.607 0.0000e+00
      4.692     -0.043   378.5170     9.8504     81.364 5.6154e+00     15.721     31.384  20.126946    11.6409     2.9916     7.0513   999.9365      6.682      4.607 0.0000e+00
      4.677     -0.061   378.5111     9.8681     81.390 5.7019e+00     15.720     31.379  20.120634    11.5024     2.9592     7.0683   999.9356      6.658      4.591 0.0000e+00
      4.650     -0.079   378.3129     9.8602     81.446 5.8075e+00     15.720     31.374  20.114882    11.4733     3.0135     7.0683   999.9354      6.614      4.560 0.0000e+00
      4.622     -0.092   378.1869     9.8486     81.518 5.8940e+00     15.721     31.387  20.120802    11.3275     3.0647     7.0684   999.9352      6.572      4.531 0.0000e+00
      4.596     -0.097   378.1918     9.8648     81.513 5.9784e+00     15.721     31.404  20.128806    11.0845     3.0631     7.0648   999.9353      6.538      4.508 0.0000e+00
      4.571     -0.092   378.2003     9.8608     81.430 6.0792e+00     15.720     31.439  20.148250    10.9565     3.0285     7.0581   999.9355      6.503      4.484 0.0000e+00
      4.546     -0.078   378.2888     9.8707     81.373 6.1814e+00     15.720     31.466  20.165664    10.9350     2.9891     7.0542   999.9355      6.465      4.458 0.0000e+00
      4.521     -0.060   378.4875     9.8868     81.451 6.2671e+00     15.720     31.433  20.149118    11.0048     3.1021     7.0515   999.9356      6.427      4.431 0.0000e+00
      4.504     -0.040   378.7110     9.8863     81.614 6.2969e+00     15.720     31.400  20.138427    11.1614     3.3655     7.0464   999.9357      6.399      4.411 0.0000e+00
      4.499     -0.021   378.8393     9.8739     81.732 6.2670e+00     15.720     31.418  20.163235    11.2449     3.4952     7.0404   999.9359      6.393      4.408 0.0000e+00
      4.503     -0.005   378.8338     9.8583     81.769 6.2170e+00     15.720     31.448  20.195450    11.2522     3.4683     7.0394   999.9361      6.403      4.416 0.0000e+00
      4.510      0.005   378.9029     9.8707     81.816 6.1678e+00     15.719     31.457  20.210887    11.2690     3.4179     7.0472   999.9357      6.414      4.423 0.0000e+00
      4.515      0.008   378.9868     9.8934     81.921 6.1408e+00     15.718     31.469  20.223062    11.5240     3.4019     7.0634   999.9350      6.424      4.429 0.0000e+00
      4.518      0.002   378.8161     9.9047     82.034 6.1383e+00     15.718     31.461  20.215844    12.0080     3.4461     7.0867   999.9339      6.429      4.432 0.0000e+00
      4.519     -0.012   378.4737     9.8967     82.132 6.1347e+00     15.717     31.424  20.187018    12.2575     3.4711     7.1099   999.9328      6.427      4.431 0.0000e+00
      4.518     -0.030   378.2883     9.8945     82.167 6.1427e+00     15.717     31.436  20.191578    12.2333     3.4297     7.1262   999.9321      6.429      4.432 0.0000e+00
      4.511     -0.049   378.5529     9.9125     82.160 6.2042e+00     15.718     31.464  20.207571    11.9534     3.2892     7.1338   999.9317      6.423      4.429 0.0000e+00
      4.495     -0.067   379.0921     9.9242     82.199 6.3114e+00     15.719     31.437  20.190161    11.4489     3.0767     7.1275   999.9319      6.398      4.411 0.0000e+00
      4.470     -0.083   379.3861     9.9436     82.262 6.4347e+00     15.720     31.407  20.171297    11.1691     2.9890     7.1177   999.9322      6.359      4.384 0.0000e+00
      4.443     -0.096   379.4411     9.9498     82.341 6.5629e+00     15.720     31.406  20.169724    11.1358     2.9845     7.1130   999.9323      6.318      4.356 0.0000e+00
      4.416     -0.104   379.4996     9.9392     82.461 6.6879e+00     15.719     31.411  20.171142    11.0264     2.9539     7.1095   999.9324      6.281      4.330 0.0000e+00
      4.389     -0.103   379.4047     9.9505     82.559 6.8168e+00     15.719     31.442  20.188446    10.8385     2.9622     7.1099   999.9321      6.243      4.304 0.0000e+00
      4.360     -0.092   379.2401     9.9577     82.574 6.9586e+00     15.720     31.444  20.188707    10.7520     2.9814     7.1103   999.9320      6.203      4.277 0.0000e+00
      4.331     -0.075   379.3165     9.9634     82.559 7.1046e+00     15.720     31.416  20.174297    10.7525     2.9798     7.1091   999.9320      6.157      4.245 0.0000e+00
      4.307     -0.055   379.7258     9.9829     82.554 7.2018e+00     15.719     31.446  20.204447    10.9125     3.0123     7.1087   999.9318      6.117      4.218 0.0000e+00
      4.296     -0.034   380.3174    10.0007     82.540 7.1938e+00     15.718     31.473  20.236208    11.2456     3.0983     7.1028   999.9321      6.105      4.209 0.0000e+00
      4.297     -0.014   380.7049     9.9998     82.567 7.1288e+00     15.717     31.462  20.241269    11.4326     3.1967     7.0976   999.9324      6.111      4.213 0.0000e+00
      4.303      0.002   380.8829     9.9920     82.610 7.0813e+00     15.716     31.485  20.265654    11.4561     3.2747     7.1020   999.9321      6.121      4.221 0.0000e+00
      4.308      0.011   380.9214     9.9944     82.626 7.0520e+00     15.716     31.493  20.277416    11.4831     3.2865     7.1212   999.9312      6.130      4.226 0.0000e+00
      4.312      0.014   380.7400     9.9771     82.673 7.0190e+00     15.716     31.451  20.256664    11.6726     3.3055     7.1490   999.9299      6.132      4.228 0.0000e+00
      4.316      0.012   380.5830     9.9783     82.733 6.9888e+00     15.716     31.455  20.268392    12.0211     3.4009     7.1676   999.9290      6.137      4.232 0.0000e+00
      4.320      0.007   380.5712     9.9871     82.840 6.9739e+00     15.716     31.469  20.292403    12.2073     3.4439     7.1826   999.9284      6.146      4.237 0.0000e+00
      4.322     -0.002   380.6840     9.9748     82.994 6.9557e+00     15.715     31.441  20.293346    12.2070     3.4136     7.1929   999.9279      6.148      4.239 0.0000e+00
      4.323     -0.015   380.9138     9.9878     83.114 6.9278e+00     15.713     31.393  20.279812    12.1786     3.3441     7.1998   999.9275      6.150      4.240 0.0000e+00
      4.321     -0.030   381.1129     9.9866     83.229 6.9298e+00     15.712     31.334  20.255607    12.1501     3.2556     7.2118   999.9270      6.151      4.241 0.0000e+00
      4.312     -0.046   381.1987     9.9906     83.353 6.9827e+00     15.712     31.322  20.254340    12.1393     3.2701     7.2377   999.9256      6.137      4.231 0.0000e+00
      4.296     -0.063   381.1764    10.0115     83.466 7.0834e+00     15.712     31.337  20.264508    12.1053     3.3140     7.2723   999.9238      6.113      4.215 0.0000e+00
      4.276     -0.079   381.1024    10.0109     83.535 7.2113e+00     15.712     31.323  20.251722    11.8154     3.2369     7.3002   999.9223      6.084      4.195 0.0000e+00
      4.252     -0.092   381.0784    10.0209     83.514 7.3269e+00     15.712     31.302  20.226567    11.3229     3.0931     7.3253   999.9208      6.048      4.171 0.0000e+00
      4.226     -0.101   381.0578    10.0346     83.474 7.4474e+00     15.713     31.308  20.213992    11.0729     2.9826     7.3342   999.9204      6.012      4.145 0.0000e+00
      4.198     -0.105   381.1115    10.0474     83.458 7.5954e+00     15.714     31.351  20.226477    11.0615     2.9658     7.3338   999.9203      5.974      4.118 0.0000e+00
