Data/DataNotYetUploadedToEDI/Raw_CTD/RawDownloads/032222_fcr50_0001.cnv
* Sea-Bird SBE19plus  Data File:
* FileName = C:\R\Reservoirs\Data\DataNotYetUploadedToEDI\Raw_CTD\RawDownloads\032222_fcr50_0001.hex
* Software version 2.8.0.119
* Temperature SN = 7809
* Conductivity SN = 7809
* System UpLoad Time = Mar 22 2022 15:18:11
* <ApplicationData>
* <Seaterm232>
# nquan = 16
# nvalues = 2020                        
# units = specified
# name 0 = depFM: Depth [fresh water, m]
# name 1 = dz/dtM: Descent Rate [m/s]
# name 2 = orp: Oxidation Reduction Potential [mV]
# name 3 = sbeox0Mg/L: Oxygen, SBE 43 [mg/l]
# name 4 = sbeox0PS: Oxygen, SBE 43 [% saturation]
# name 5 = par/sat/log: PAR/Logarithmic, Satlantic
# name 6 = ph: pH
# name 7 = specc: Specific Conductance [uS/cm]
# name 8 = c0uS/cm: Conductivity [uS/cm]
# name 9 = flECO-AFL: Fluorescence, WET Labs ECO-AFL/FL [mg/m^3]
# name 10 = turbWETntu0: Turbidity, WET Labs ECO [NTU]
# name 11 = tv290C: Temperature [ITS-90, deg C]
# name 12 = density00: Density [density, kg/m^3]
# name 13 = prdE: Pressure, Strain Gauge [psi]
# name 14 = prdM: Pressure, Strain Gauge [db]
# name 15 = flag:  0.000e+00
# span 0 =     -0.629,      9.362       
# span 1 =     -4.841,      2.294       
# span 2 = -1240.7455,  1240.2295       
# span 3 =     5.2137,    10.7459       
# span 4 =     43.193,     99.455       
# span 5 = 1.2369e-01, 8.9380e+02       
# span 6 =      3.634,      6.811       
# span 7 =      0.525,     50.475       
# span 8 =   0.362072,  37.112981       
# span 9 =    -0.1896,    20.1656       
# span 10 =    -0.4445,    97.2923      
# span 11 =     6.8950,    13.4293      
# span 12 =   999.3260,   999.9686      
# span 13 =     -0.895,     13.317      
# span 14 =     -0.617,      9.181      
# span 15 = 0.0000e+00, 0.0000e+00      
# interval = seconds: 0.25
# start_time = Mar 22 2022 06:50:04 [Instrument's time stamp, header]
# bad_flag = -9.990e-29
*END*
[from data line 1085]
      6.184      0.047   334.2369     9.5052     79.405 9.0537e-01      6.301     40.168  26.847109    10.5681     2.0968     8.4631   999.8661      8.793      6.063 0.0000e+00
      6.195      0.046   334.4979     9.4471     79.118 8.8340e-01      6.301     40.267  26.900915    10.5518     2.0837     8.4399   999.8678      8.812      6.076 0.0000e+00
      6.207      0.046   334.7013     9.4041     78.832 8.6595e-01      6.302     40.264  26.876804    10.5507     2.1219     8.4026   999.8705      8.828      6.087 0.0000e+00
      6.220      0.046   334.5448     9.3492     78.535 8.5440e-01      6.302     40.190  26.809100    10.5466     2.1830     8.4059   999.8702      8.846      6.099 0.0000e+00
      6.234      0.046   334.2416     9.2999     78.244 8.4187e-01      6.302     40.179  26.779539    10.5181     2.1737     8.4306   999.8685      8.869      6.115 0.0000e+00
      6.247      0.046   334.1330     9.2789     77.986 8.3273e-01      6.301     40.299  26.836296    10.4646     2.1110     8.4055   999.8704      8.887      6.127 0.0000e+00
      6.257      0.048   334.0911     9.2526     77.839 8.2771e-01      6.301     40.446  26.924842    10.4326     2.0745     8.3658   999.8730      8.901      6.137 0.0000e+00
      6.265      0.049   334.1653     9.2185     77.807 8.2649e-01      6.302     40.379  26.899352    10.4138     2.1075     8.3562   999.8736      8.908      6.142 0.0000e+00
      6.276      0.048   334.4284     9.1930     77.842 8.2258e-01      6.302     40.149  26.781647    10.2293     2.2026     8.3256   999.8757      8.921      6.151 0.0000e+00
      6.293      0.048   334.5192     9.1638     77.902 8.0862e-01      6.301     40.103  26.769440     9.8918     2.3023     8.2878   999.8782      8.951      6.171 0.0000e+00
      6.311      0.049   334.5747     9.1519     77.917 7.9173e-01      6.300     40.268  26.878546     9.7036     2.3218     8.2685   999.8797      8.982      6.193 0.0000e+00
      6.323      0.050   334.7542     9.1466     77.879 7.8369e-01      6.300     40.281  26.896512     9.6928     2.3029     8.2937   999.8781      8.997      6.203 0.0000e+00
      6.329      0.051   334.7112     9.1337     77.850 7.7840e-01      6.300     40.098  26.796520     9.8115     2.2789     8.3644   999.8734      9.000      6.205 0.0000e+00
      6.339      0.051   334.6574     9.1418     77.842 7.7000e-01      6.300     40.006  26.747121    10.0318     2.2015     8.3867   999.8719      9.011      6.213 0.0000e+00
      6.354      0.053   334.7922     9.1489     77.867 7.4945e-01      6.300     40.005  26.742952    10.1510     2.1188     8.3634   999.8736      9.035      6.231 0.0000e+00
      6.371      0.058   334.7917     9.1365     77.969 7.2389e-01      6.299     40.027  26.746105    10.1536     2.0646     8.3733   999.8731      9.063      6.249 0.0000e+00
      6.387      0.062   334.9949     9.1244     78.130 7.1684e-01      6.298     40.113  26.785235    10.1881     2.0930     8.4212   999.8699      9.086      6.264 0.0000e+00
      6.402      0.060   335.4433     9.1200     78.281 7.1441e-01      6.298     40.130  26.772342    10.2771     2.2567     8.4351   999.8690      9.103      6.276 0.0000e+00
      6.420      0.055   335.5673     9.1222     78.372 6.9478e-01      6.298     40.088  26.716967    10.3308     2.4042     8.4231   999.8699      9.129      6.294 0.0000e+00
      6.438      0.048   335.6338     9.1377     78.397 6.7592e-01      6.297     40.175  26.749531    10.3288     2.4078     8.4121   999.8707      9.162      6.316 0.0000e+00
      6.451      0.043   335.7303     9.1655     78.375 6.7542e-01      6.297     40.269  26.785737    10.3115     2.3688     8.3888   999.8724      9.180      6.329 0.0000e+00
      6.456      0.039   335.6161     9.1924     78.280 6.7566e-01      6.297     40.204  26.710997    10.2713     2.3775     8.3566   999.8745      9.182      6.331 0.0000e+00
      6.460      0.037   335.5430     9.2121     78.088 6.6738e-01      6.297     40.195  26.669841    10.2012     2.3753     8.3188   999.8770      9.186      6.334 0.0000e+00
      6.468      0.038   335.7070     9.2189     77.813 6.5950e-01      6.298     40.335  26.731779    10.1543     2.3765     8.2901   999.8789      9.197      6.341 0.0000e+00
      6.478      0.041   336.0502     9.2254     77.452 6.5167e-01      6.299     40.299  26.699237    10.1459     2.3915     8.2594   999.8810      9.212      6.351 0.0000e+00
      6.491      0.045   336.2517     9.2261     77.082 6.4556e-01      6.299     40.123  26.593295    10.1322     2.3182     8.2185   999.8836      9.230      6.364 0.0000e+00
      6.506      0.047   336.2507     9.2085     76.770 6.4191e-01      6.298     40.218  26.655172    10.1137     2.2076     8.1756   999.8863      9.254      6.380 0.0000e+00
      6.520      0.047   336.2961     9.1930     76.520 6.3347e-01      6.297     40.379  26.750147    10.1052     2.1474     8.1228   999.8898      9.276      6.396 0.0000e+00
      6.531      0.046   336.2844     9.1471     76.358 6.3067e-01      6.298     40.238  26.664067    10.0966     2.1024     8.1090   999.8907      9.288      6.405 0.0000e+00
      6.541      0.044   336.1944     9.0901     76.243 6.3355e-01      6.299     40.058  26.565169    10.0509     2.1081     8.1505   999.8880      9.301      6.413 0.0000e+00
      6.552      0.043   336.0689     9.0579     76.146 6.2918e-01      6.300     40.149  26.631959     9.9770     2.1479     8.1463   999.8884      9.320      6.425 0.0000e+00
      6.562      0.045   335.9718     9.0322     76.134 6.2735e-01      6.301     40.267  26.710991     9.9365     2.1390     8.1054   999.8912      9.336      6.436 0.0000e+00
      6.572      0.049   336.1386     9.0135     76.249 6.1706e-01      6.300     40.125  26.633345     9.9429     2.1034     8.1230   999.8900      9.347      6.444 0.0000e+00
      6.583      0.051   336.3648     8.9921     76.466 5.9676e-01      6.299     40.015  26.580556    10.0467     2.1273     8.1707   999.8869      9.360      6.453 0.0000e+00
      6.598      0.051   336.4702     8.9756     76.764 5.8561e-01      6.299     40.094  26.643212    10.2265     2.2225     8.1686   999.8872      9.383      6.469 0.0000e+00
      6.616      0.050   336.5524     8.9762     77.109 5.7784e-01      6.300     40.066  26.630309    10.3265     2.2980     8.1510   999.8886      9.413      6.490 0.0000e+00
      6.630      0.048   336.5841     8.9847     77.457 5.6853e-01      6.301     39.950  26.551324    10.3410     2.3232     8.1859   999.8863      9.434      6.504 0.0000e+00
      6.640      0.045   336.4233     9.0026     77.782 5.5974e-01      6.301     40.006  26.575597    10.3685     2.3229     8.2211   999.8840      9.445      6.512 0.0000e+00
      6.649      0.041   336.0705     9.0386     78.007 5.5369e-01      6.301     40.171  26.670240    10.4171     2.3279     8.2217   999.8841      9.458      6.521 0.0000e+00
      6.657      0.038   335.8462     9.0801     78.068 5.5240e-01      6.301     40.207  26.681468    10.4464     2.3499     8.2344   999.8834      9.469      6.529 0.0000e+00
      6.666      0.035   335.8628     9.1192     78.015 5.5365e-01      6.301     40.079  26.584572    10.4557     2.3498     8.2361   999.8832      9.480      6.536 0.0000e+00
      6.677      0.033   336.0984     9.1666     77.858 5.5421e-01      6.301     39.988  26.512817    10.4468     2.3263     8.2121   999.8848      9.495      6.547 0.0000e+00
      6.687      0.032   336.4580     9.2039     77.587 5.4772e-01      6.301     40.002  26.511108    10.3470     2.3396     8.1927   999.8862      9.514      6.560 0.0000e+00
      6.695      0.036   336.5120     9.2075     77.253 5.2699e-01      6.300     40.107  26.563901    10.1815     2.3733     8.1771   999.8872      9.527      6.569 0.0000e+00
      6.699      0.045   336.2346     9.2055     76.910 5.1392e-01      6.298     40.259  26.644041    10.1023     2.3583     8.1627   999.8881      9.529      6.570 0.0000e+00
      6.704      0.057   336.0294     9.1928     76.583 5.1788e-01      6.297     40.186  26.592652    10.1049     2.3633     8.1483   999.8888      9.530      6.572 0.0000e+00
      6.717      0.070   336.0955     9.1589     76.278 5.1303e-01      6.295     39.950  26.449639    10.0798     2.3991     8.1362   999.8898      9.546      6.582 0.0000e+00
      6.742      0.084   336.3459     9.1213     76.018 5.0103e-01      6.293     39.939  26.436144    10.0148     2.3811     8.1217   999.8909      9.586      6.609 0.0000e+00
      6.773      0.097   336.4758     9.0884     75.814 4.9144e-01      6.291     40.156  26.556241     9.9772     2.3852     8.0794   999.8937      9.637      6.645 0.0000e+00
      6.803      0.105   336.4617     9.0534     75.638 4.8179e-01      6.289     40.178  26.570611     9.9825     2.4144     8.0681   999.8946      9.677      6.672 0.0000e+00
      6.829      0.104   336.5192     9.0044     75.441 4.7310e-01      6.289     39.918  26.419739    10.0380     2.3926     8.1178   999.8914      9.710      6.695 0.0000e+00
      6.858      0.099   336.6552     8.9751     75.230 4.5392e-01      6.288     39.859  26.380080    10.1399     2.3616     8.1085   999.8921      9.754      6.725 0.0000e+00
      6.885      0.092   336.7285     8.9658     75.124 4.2936e-01      6.287     40.051  26.471403    10.1994     2.3805     8.0475   999.8962      9.797      6.756 0.0000e+00
      6.907      0.085   336.6313     8.9471     75.229 4.1581e-01      6.287     40.057  26.446343    10.1986     2.4162     8.0481   999.8962      9.825      6.774 0.0000e+00
      6.924      0.079   336.5123     8.9141     75.600 4.1500e-01      6.288     39.980  26.393977    10.1480     2.3829     8.1037   999.8927      9.845      6.788 0.0000e+00
      6.942      0.071   336.4940     8.8782     76.231 4.1386e-01      6.288     40.102  26.472095    10.0695     2.3190     8.1158   999.8920      9.873      6.807 0.0000e+00
      6.961      0.064   336.4964     8.8781     77.012 3.9413e-01      6.288     40.165  26.503481    10.0402     2.3270     8.0398   999.8969      9.904      6.828 0.0000e+00
      6.978      0.057   336.7143     8.9007     77.815 3.7886e-01      6.288     39.996  26.393149    10.0434     2.3777     7.9860   999.9002      9.925      6.843 0.0000e+00
      6.993      0.051   337.1490     8.9362     78.512 3.8189e-01      6.288     39.914  26.342387     9.9588     2.3855     8.0133   999.8986      9.946      6.858 0.0000e+00
      7.005      0.045   337.3640     9.0192     79.031 3.8745e-01      6.288     40.106  26.460179     9.7905     2.3530     8.0130   999.8988      9.966      6.872 0.0000e+00
      7.013      0.041   337.3358     9.1228     79.375 3.8889e-01      6.288     40.247  26.549662     9.6906     2.3266     7.9777   999.9010      9.977      6.880 0.0000e+00
      7.019      0.039   337.3240     9.2215     79.563 3.8528e-01      6.288     40.013  26.410158     9.6830     2.3400     7.9921   999.9000      9.982      6.883 0.0000e+00
      7.027      0.039   337.3065     9.3040     79.654 3.8423e-01      6.288     39.820  26.294683     9.6906     2.3432     8.0087   999.8990      9.992      6.889 0.0000e+00
      7.039      0.043   337.2974     9.3687     79.688 3.8071e-01      6.287     40.042  26.421164     9.6657     2.2969     7.9823   999.9008     10.012      6.903 0.0000e+00
      7.050      0.048   337.5576     9.4150     79.774 3.7023e-01      6.287     40.172  26.481574     9.6231     2.2587     7.9695   999.9017     10.029      6.916 0.0000e+00
      7.061      0.053   337.9568     9.4244     80.126 3.6502e-01      6.288     40.023  26.391227     9.6089     2.2571     7.9974   999.8999     10.040      6.923 0.0000e+00
      7.075      0.056   338.1666     9.4265     80.816 3.6648e-01      6.289     40.025  26.406337     9.6184     2.3119     8.0399   999.8972     10.061      6.936 0.0000e+00
      7.093      0.057   338.2015     9.4376     81.726 3.6223e-01      6.290     40.130  26.474130     9.6888     2.3752     7.9974   999.9001     10.092      6.958 0.0000e+00
      7.110      0.056   338.1205     9.4492     82.642 3.5101e-01      6.290     39.980  26.386903     9.8028     2.3389     7.9283   999.9045     10.115      6.974 0.0000e+00
      7.125      0.052   337.9622     9.4798     83.341 3.4237e-01      6.289     39.811  26.302461     9.8558     2.2823     7.9697   999.9019     10.135      6.988 0.0000e+00
      7.140      0.046   337.8359     9.5595     83.755 3.4174e-01      6.289     39.955  26.403946     9.8628     2.2714     8.0029   999.9000     10.157      7.003 0.0000e+00
      7.151      0.040   337.8834     9.6837     83.967 3.4329e-01      6.289     40.077  26.473028     9.8962     2.2749     7.9716   999.9020     10.173      7.014 0.0000e+00
      7.157      0.035   338.0209     9.8008     84.004 3.3863e-01      6.290     39.928  26.377101     9.9521     2.3251     7.9835   999.9011     10.178      7.018 0.0000e+00
      7.163      0.032   337.9498     9.8721     83.923 3.3682e-01      6.290     39.834  26.321642     9.9806     2.3326     8.0497   999.8971     10.186      7.023 0.0000e+00
      7.171      0.031   337.7983     9.9099     83.777 3.4150e-01      6.291     39.927  26.372946     9.9745     2.2972     8.0543   999.8970     10.199      7.032 0.0000e+00
      7.178      0.034   337.9093     9.9495     83.540 3.4257e-01      6.292     39.927  26.363554     9.8947     2.3409     8.0093   999.8999     10.210      7.040 0.0000e+00
      7.186      0.039   338.0877     9.9472     83.296 3.3508e-01      6.293     39.877  26.334841     9.7569     2.3834     8.0269   999.8988     10.220      7.046 0.0000e+00
      7.195      0.045   337.8903     9.9236     83.093 3.2327e-01      6.293     39.973  26.406088     9.6904     2.3674     8.0527   999.8972     10.233      7.055 0.0000e+00
      7.206      0.050   337.5023     9.9238     82.893 3.1882e-01      6.293     39.948  26.401017     9.6890     2.3517     8.0232   999.8991     10.248      7.066 0.0000e+00
      7.221      0.054   337.3537     9.8905     82.689 3.0808e-01      6.293     39.724  26.273535     9.7067     2.3305     8.0000   999.9006     10.268      7.080 0.0000e+00
      7.240      0.056   337.3832     9.8554     82.515 2.8054e-01      6.293     39.687  26.259184     9.7466     2.3156     8.0221   999.8992     10.299      7.101 0.0000e+00
      7.257      0.057   337.6022     9.8347     82.502 2.6768e-01      6.293     39.843  26.354280     9.7639     2.3425     8.0278   999.8990     10.325      7.119 0.0000e+00
      7.269      0.057   337.9359     9.8070     82.687 2.7378e-01      6.293     39.836  26.345795     9.7491     2.3474     8.0323   999.8988     10.339      7.129 0.0000e+00
      7.281      0.054   338.0622     9.7758     82.892 2.7541e-01      6.293     39.636  26.219961     9.7424     2.3059     8.0744   999.8961     10.353      7.139 0.0000e+00
      7.296      0.053   337.9249     9.7405     82.916 2.6771e-01      6.294     39.651  26.227291     9.7917     2.3194     8.0945   999.8950     10.376      7.154 0.0000e+00
      7.311      0.055   337.7382     9.7424     82.696 2.4824e-01      6.295     39.890  26.371035     9.8783     2.3744     8.0672   999.8969     10.400      7.171 0.0000e+00
      7.323      0.060   337.6119     9.7781     82.307 2.3848e-01      6.295     39.899  26.373343     9.9164     2.3561     8.0538   999.8978     10.417      7.182 0.0000e+00
      7.335      0.064   337.5169     9.8049     81.864 2.5070e-01      6.295     39.707  26.255201     9.9108     2.3034     8.0831   999.8959     10.430      7.191 0.0000e+00
      7.351      0.066   337.6220     9.8111     81.464 2.5027e-01      6.295     39.637  26.210281     9.9021     2.3175     8.0812   999.8960     10.452      7.206 0.0000e+00
      7.372      0.069   337.8498     9.7893     81.169 2.4063e-01      6.295     39.747  26.273903     9.8871     2.3570     8.0419   999.8987     10.485      7.229 0.0000e+00
