Data/DataNotYetUploadedToEDI/Raw_CTD/RawDownloads/032221_fcr_50.cnv
* Sea-Bird SBE19plus  Data File:
* FileName = C:\DATA\032221_fcr_50_0001.hex
* Software version 2.8.0.119
* Temperature SN = 7809
* Conductivity SN = 7809
* System UpLoad Time = Mar 25 2021 12:21:22
* <ApplicationData>
* <Seaterm232>
# nquan = 16
# nvalues = 2103                        
# units = specified
# name 0 = depFM: Depth [fresh water, m]
# name 1 = dz/dtM: Descent Rate [m/s]
# name 2 = orp: Oxidation Reduction Potential [mV]
# name 3 = sbeox0Mg/L: Oxygen, SBE 43 [mg/l]
# name 4 = sbeox0PS: Oxygen, SBE 43 [% saturation]
# name 5 = par/sat/log: PAR/Logarithmic, Satlantic
# name 6 = ph: pH
# name 7 = specc: Specific Conductance [uS/cm]
# name 8 = c0uS/cm: Conductivity [uS/cm]
# name 9 = flECO-AFL: Fluorescence, WET Labs ECO-AFL/FL [mg/m^3]
# name 10 = turbWETntu0: Turbidity, WET Labs ECO [NTU]
# name 11 = tv290C: Temperature [ITS-90, deg C]
# name 12 = density00: Density [density, kg/m^3]
# name 13 = prdE: Pressure, Strain Gauge [psi]
# name 14 = prdM: Pressure, Strain Gauge [db]
# name 15 = flag:  0.000e+00
# span 0 =     -0.563,      9.952       
# span 1 =     -0.299,      0.175       
# span 2 = -1240.7455,   456.5753       
# span 3 =     0.1564,    11.3886       
# span 4 =      1.386,     97.036       
# span 5 = 1.2354e-01, 1.8141e+03       
# span 6 =     -2.605,     15.771       
# span 7 =      4.251,    302.412       
# span 8 =   2.941083, 185.934177       
# span 9 =    -2.0978,    15.0486       
# span 10 =    -0.3725,   124.1614      
# span 11 =     5.6891,    16.8385      
# span 12 =   998.8103,  1000.1097      
# span 13 =     -0.801,     14.155      
# span 14 =     -0.552,      9.759      
# span 15 = 0.0000e+00, 0.0000e+00      
# interval = seconds: 0.25
# start_time = Mar 21 2021 22:03:36 [Instrument's time stamp, header]
# bad_flag = -9.990e-29
*END*
[from data line 995]
      8.071      0.017   423.2242     8.6069     68.610 2.5088e-01     15.770     31.836  19.563738    13.7757     3.6898     5.7314  1000.0014     11.481      7.916 0.0000e+00
      8.079      0.016   423.2591     8.6237     68.544 2.4820e-01     15.770     31.884  19.593599    13.8458     3.6923     5.7364  1000.0013     11.493      7.925 0.0000e+00
      8.084      0.013   423.2807     8.6087     68.534 2.5200e-01     15.771     31.870  19.587732    13.9755     3.7162     5.7340  1000.0014     11.499      7.928 0.0000e+00
      8.084      0.011   423.3139     8.6131     68.536 2.5262e-01     15.771     31.814  19.556203    14.0669     3.7391     5.7266  1000.0016     11.499      7.928 0.0000e+00
      8.084      0.010   423.4025     8.5998     68.584 2.4032e-01     15.770     31.767  19.529438    14.0917     3.7291     5.7231  1000.0017     11.497      7.927 0.0000e+00
      8.085      0.012   423.4911     8.5854     68.675 2.3826e-01     15.769     31.750  19.517768    14.0846     3.7320     5.7250  1000.0017     11.499      7.928 0.0000e+00
      8.087      0.017   423.5249     8.5924     68.731 2.4513e-01     15.770     31.795  19.541914    14.0476     3.7742     5.7290  1000.0016     11.501      7.929 0.0000e+00
      8.092      0.023   423.4673     8.5844     68.716 2.4222e-01     15.770     31.844  19.567735    13.9883     3.7931     5.7346  1000.0014     11.506      7.933 0.0000e+00
      8.100      0.028   423.4820     8.5899     68.620 2.3269e-01     15.770     31.864  19.576328    13.9490     3.7547     5.7392  1000.0013     11.520      7.944 0.0000e+00
      8.110      0.033   423.7028     8.6082     68.473 2.3680e-01     15.770     31.878  19.582396    13.9345     3.6869     5.7369  1000.0014     11.538      7.955 0.0000e+00
      8.120      0.035   423.9006     8.6165     68.378 2.4431e-01     15.770     31.874  19.577700    13.8233     3.6608     5.7293  1000.0017     11.550      7.964 0.0000e+00
      8.129      0.035   423.8944     8.6177     68.395 2.4011e-01     15.770     31.885  19.582953    13.6249     3.7140     5.7214  1000.0020     11.559      7.970 0.0000e+00
      8.139      0.036   423.8001     8.6063     68.467 2.3629e-01     15.770     31.885  19.582498    13.5284     3.7456     5.7160  1000.0022     11.577      7.982 0.0000e+00
      8.149      0.039   423.7929     8.5826     68.490 2.3468e-01     15.770     31.870  19.572201    13.5242     3.6996     5.7129  1000.0024     11.593      7.994 0.0000e+00
      8.155      0.042   423.8932     8.5667     68.366 2.3470e-01     15.770     31.891  19.585271    13.6321     3.6726     5.7099  1000.0024     11.598      7.996 0.0000e+00
      8.165      0.044   424.0658     8.5741     68.158 2.3162e-01     15.770     31.938  19.613704    13.8691     3.6938     5.7074  1000.0025     11.607      8.003 0.0000e+00
      8.180      0.044   424.2454     8.5881     68.133 2.2723e-01     15.770     32.018  19.662348    14.0066     3.7165     5.7063  1000.0027     11.634      8.022 0.0000e+00
      8.195      0.044   424.2586     8.5950     68.254 2.2171e-01     15.770     32.128  19.729553    13.9971     3.7406     5.7055  1000.0027     11.659      8.039 0.0000e+00
      8.205      0.044   424.1396     8.5840     68.297 2.1291e-01     15.769     32.230  19.792167    13.7923     3.7448     5.7048  1000.0028     11.671      8.047 0.0000e+00
      8.214      0.043   424.0958     8.5322     68.178 2.1761e-01     15.769     32.322  19.848716    13.4283     3.7329     5.7042  1000.0029     11.684      8.056 0.0000e+00
      8.223      0.041   424.1602     8.5342     67.898 2.1571e-01     15.770     32.415  19.906002    13.2392     3.7334     5.7039  1000.0030     11.696      8.064 0.0000e+00
      8.233      0.040   424.2296     8.5706     67.750 1.9207e-01     15.771     32.530  19.977518    13.2223     3.7175     5.7034  1000.0031     11.708      8.072 0.0000e+00
      8.245      0.040   424.2464     8.5650     67.804 1.8788e-01     15.771     32.694  20.079301    13.1565     3.6782     5.7029  1000.0032     11.726      8.086 0.0000e+00
      8.256      0.041   424.1910     8.5691     67.801 2.0759e-01     15.770     32.865  20.185487    13.0440     3.6702     5.7028  1000.0033     11.744      8.098 0.0000e+00
      8.265      0.043   424.0764     8.5028     67.637 2.1678e-01     15.769     32.963  20.246821    12.9879     3.7227     5.7036  1000.0033     11.756      8.106 0.0000e+00
      8.275      0.044   424.0651     8.4800     67.267 2.1261e-01     15.769     32.965  20.250190    12.9744     3.7640     5.7049  1000.0034     11.768      8.114 0.0000e+00
      8.286      0.045   424.1410     8.5137     66.800 1.9893e-01     15.769     32.924  20.226218    12.9670     3.7581     5.7062  1000.0034     11.785      8.125 0.0000e+00
      8.299      0.047   424.2195     8.5034     66.348 1.7916e-01     15.769     32.897  20.210629    13.1279     3.7201     5.7077  1000.0035     11.804      8.138 0.0000e+00
      8.311      0.049   424.4120     8.4961     65.884 1.7321e-01     15.770     32.860  20.188530    13.4419     3.6818     5.7099  1000.0036     11.822      8.151 0.0000e+00
      8.324      0.049   424.5754     8.4362     65.339 1.7836e-01     15.771     32.796  20.149255    13.6152     3.6729     5.7125  1000.0036     11.839      8.163 0.0000e+00
      8.337      0.047   424.5609     8.3722     64.675 1.8442e-01     15.770     32.742  20.116222    13.6306     3.6466     5.7149  1000.0035     11.856      8.175 0.0000e+00
      8.351      0.044   424.4945     8.3184     63.930 1.8202e-01     15.769     32.725  20.106187    13.5999     3.6387     5.7169  1000.0035     11.879      8.190 0.0000e+00
      8.363      0.040   424.4615     8.2626     63.165 1.6499e-01     15.769     32.805  20.154752    13.5301     3.6810     5.7177  1000.0036     11.897      8.203 0.0000e+00
      8.371      0.038   424.4196     8.1977     62.447 1.5554e-01     15.769     32.976  20.259540    13.4824     3.7105     5.7176  1000.0036     11.907      8.209 0.0000e+00
      8.378      0.035   424.4176     8.1108     61.838 1.5736e-01     15.769     33.137  20.358577    13.4905     3.7212     5.7175  1000.0036     11.915      8.215 0.0000e+00
      8.385      0.032   424.5231     8.0155     61.346 1.5883e-01     15.769     33.204  20.401025    13.5613     3.7073     5.7179  1000.0036     11.926      8.223 0.0000e+00
      8.394      0.030   424.5771     7.9165     60.963 1.6091e-01     15.769     33.187  20.392306    13.6708     3.6796     5.7182  1000.0037     11.940      8.232 0.0000e+00
      8.403      0.030   424.5541     7.8231     60.736 1.5974e-01     15.769     33.166  20.379986    13.7370     3.6956     5.7171  1000.0038     11.953      8.241 0.0000e+00
      8.411      0.029   424.5044     7.7465     60.684 1.5777e-01     15.769     33.163  20.378887    13.7613     3.6947     5.7163  1000.0039     11.964      8.249 0.0000e+00
      8.418      0.028   424.4918     7.6874     60.770 1.5971e-01     15.769     33.161  20.379013    13.8783     3.6337     5.7191  1000.0039     11.973      8.255 0.0000e+00
      8.424      0.026   424.6603     7.6339     60.913 1.5381e-01     15.769     33.161  20.381510    14.0834     3.6111     5.7224  1000.0038     11.981      8.261 0.0000e+00
      8.431      0.026   424.8207     7.6045     60.914 1.4371e-01     15.769     33.204  20.409075    14.1906     3.6625     5.7233  1000.0039     11.991      8.268 0.0000e+00
      8.437      0.027   424.7957     7.6008     60.654 1.4556e-01     15.769     33.284  20.458662    14.2021     3.7396     5.7238  1000.0039     12.001      8.275 0.0000e+00
      8.443      0.027   424.7887     7.6120     60.271 1.4710e-01     15.769     33.310  20.473767    14.1453     3.7876     5.7255  1000.0038     12.008      8.279 0.0000e+00
      8.450      0.027   424.8218     7.6393     59.893 1.4407e-01     15.769     33.296  20.464878    14.0188     3.8313     5.7293  1000.0038     12.019      8.286 0.0000e+00
      8.459      0.027   424.8516     7.6521     59.598 1.4771e-01     15.769     33.319  20.478017    13.9512     3.8907     5.7327  1000.0037     12.033      8.296 0.0000e+00
      8.466      0.028   424.9772     7.6024     59.395 1.5227e-01     15.768     33.364  20.505804    13.9483     3.9210     5.7322  1000.0038     12.042      8.303 0.0000e+00
      8.471      0.029   425.0495     7.5538     59.242 1.5242e-01     15.768     33.432  20.547189    13.9456     3.9235     5.7304  1000.0039     12.048      8.307 0.0000e+00
      8.477      0.032   425.0382     7.5022     59.179 1.4953e-01     15.768     33.517  20.597929    13.9661     3.9208     5.7297  1000.0039     12.057      8.313 0.0000e+00
      8.485      0.037   425.0985     7.4619     59.114 1.4648e-01     15.768     33.542  20.611984    14.0145     3.9223     5.7293  1000.0040     12.070      8.321 0.0000e+00
      8.495      0.041   425.1760     7.4474     58.989 1.4398e-01     15.768     33.512  20.590313    14.0540     3.9421     5.7286  1000.0041     12.081      8.330 0.0000e+00
      8.506      0.043   425.2009     7.4148     58.844 1.4071e-01     15.768     33.517  20.589548    14.0824     3.9540     5.7276  1000.0042     12.095      8.339 0.0000e+00
      8.521      0.043   425.2270     7.4197     58.669 1.4257e-01     15.769     33.544  20.602730    14.0895     3.9287     5.7271  1000.0043     12.120      8.356 0.0000e+00
      8.535      0.043   425.2339     7.4140     58.505 1.5201e-01     15.769     33.580  20.622861    14.0740     3.9452     5.7251  1000.0045     12.145      8.374 0.0000e+00
      8.545      0.043   425.1987     7.3920     58.362 1.5703e-01     15.769     33.615  20.642711    14.0755     4.0171     5.7196  1000.0046     12.155      8.381 0.0000e+00
      8.551      0.044   425.2308     7.3821     58.155 1.4894e-01     15.769     33.634  20.652499    14.0891     4.0426     5.7132  1000.0048     12.161      8.385 0.0000e+00
      8.560      0.047   425.3645     7.3544     57.818 1.4024e-01     15.769     33.679  20.677788    14.1518     4.1154     5.7087  1000.0050     12.173      8.393 0.0000e+00
      8.572      0.051   425.6111     7.3348     57.440 1.3835e-01     15.769     33.709  20.694825    14.2910     4.3134     5.7056  1000.0051     12.190      8.405 0.0000e+00
      8.587      0.058   425.8891     7.3214     57.135 1.3359e-01     15.769     33.770  20.731670    14.3899     4.4463     5.7029  1000.0053     12.213      8.420 0.0000e+00
      8.605      0.065   426.0584     7.3025     56.944 1.2963e-01     15.769     33.891  20.806210    14.3931     4.4855     5.7003  1000.0054     12.240      8.438 0.0000e+00
      8.623      0.068   426.2817     7.2535     56.862 1.3118e-01     15.770     33.938  20.835114    14.1481     4.7195     5.6975  1000.0056     12.264      8.456 0.0000e+00
      8.641      0.066   426.5233     7.1998     56.777 1.3121e-01     15.770     33.926  20.827492    13.6981     5.1460     5.6953  1000.0058     12.287      8.472 0.0000e+00
      8.662      0.059   426.6564     7.1638     56.653 1.2773e-01     15.770     33.947  20.840876    13.4629     5.3510     5.6941  1000.0059     12.320      8.495 0.0000e+00
      8.682      0.049   426.7728     7.1340     56.484 1.2482e-01     15.770     33.995  20.870121    13.4024     5.3445     5.6935  1000.0061     12.353      8.518 0.0000e+00
      8.694      0.041   426.8120     7.1357     56.242 1.2394e-01     15.770     34.089  20.927432    12.9180     5.3088     5.6935  1000.0062     12.370      8.529 0.0000e+00
      8.697      0.036   426.7866     7.1245     56.021 1.2365e-01     15.770     34.251  21.026503    12.0503     5.1935     5.6938  1000.0062     12.372      8.530 0.0000e+00
      8.697      0.033   426.7237     7.1053     55.841 1.2368e-01     15.770     34.397  21.116778    11.5812     5.1175     5.6943  1000.0062     12.370      8.528 0.0000e+00
      8.701      0.033   426.6540     7.0934     55.628 1.2434e-01     15.770     34.420  21.131130    11.5373     5.1440     5.6942  1000.0062     12.372      8.530 0.0000e+00
      8.712      0.034   426.7177     7.0512     55.359 1.2510e-01     15.770     34.326  21.073200    11.5480     5.1712     5.6938  1000.0063     12.388      8.541 0.0000e+00
      8.729      0.035   426.8059     7.0233     55.037 1.2571e-01     15.770     34.289  21.050500    11.6335     5.1033     5.6938  1000.0064     12.417      8.562 0.0000e+00
      8.744      0.035   426.8603     7.0093     54.752 1.2608e-01     15.769     34.387  21.110321    11.7803     4.9763     5.6941  1000.0066     12.443      8.579 0.0000e+00
      8.750      0.034   426.9445     6.9771     54.432 1.2508e-01     15.769     34.472  21.162353    11.8634     4.9392     5.6943  1000.0066     12.449      8.583 0.0000e+00
      8.751      0.032   426.9639     6.9512     53.993 1.2418e-01     15.769     34.490  21.172296    11.8655     4.9638     5.6943  1000.0066     12.446      8.581 0.0000e+00
      8.755      0.031   427.0093     6.8980     53.560 1.2400e-01     15.769     34.482  21.167128    11.8634     4.9997     5.6944  1000.0065     12.449      8.583 0.0000e+00
      8.764      0.033   427.1495     6.8670     53.096 1.2374e-01     15.769     34.477  21.163286    11.8672     5.0641     5.6942  1000.0066     12.463      8.592 0.0000e+00
      8.776      0.038   427.2819     6.8421     52.620 1.2362e-01     15.770     34.520  21.189256    11.8731     5.1234     5.6935  1000.0068     12.483      8.606 0.0000e+00
      8.789      0.046   427.3197     6.7642     52.256 1.2357e-01     15.770     34.582  21.227468    11.8869     5.2016     5.6926  1000.0069     12.502      8.620 0.0000e+00
      8.799      0.052   427.1769     6.7236     51.953 1.2362e-01     15.769     34.611  21.244812    11.9285     5.4951     5.6915  1000.0069     12.516      8.630 0.0000e+00
      8.809      0.055   427.0175     6.6644     51.634 1.2370e-01     15.768     34.656  21.272131    11.9856     5.9948     5.6906  1000.0070     12.525      8.635 0.0000e+00
      8.824      0.056   427.0274     6.5910     51.283 1.2371e-01     15.769     34.708  21.304117    12.0049     6.2641     5.6901  1000.0071     12.546      8.650 0.0000e+00
      8.845      0.055   427.1242     6.5545     50.913 1.2372e-01     15.769     34.725  21.314477    12.0184     6.2799     5.6900  1000.0072     12.582      8.675 0.0000e+00
      8.863      0.052   427.2408     6.5191     50.655 1.2377e-01     15.769     34.757  21.333977    12.2445     6.3576     5.6894  1000.0073     12.609      8.694 0.0000e+00
      8.876      0.048   427.3198     6.4779     50.540 1.2377e-01     15.769     34.782  21.349645    12.6602     6.4821     5.6891  1000.0074     12.627      8.706 0.0000e+00
      8.885      0.043   427.3048     6.4371     50.361 1.2374e-01     15.769     34.722  21.313670    12.8865     6.5500     5.6894  1000.0075     12.639      8.714 0.0000e+00
      8.891      0.039   427.3172     6.3823     50.060 1.2374e-01     15.768     34.666  21.279510    12.9016     6.5947     5.6895  1000.0075     12.645      8.718 0.0000e+00
      8.899      0.036   427.3847     6.3417     49.707 1.2376e-01     15.768     34.726  21.317108    12.8898     6.6106     5.6895  1000.0075     12.655      8.725 0.0000e+00
      8.909      0.036   427.4313     6.3487     49.371 1.2376e-01     15.769     34.840  21.387768    12.8394     6.5020     5.6897  1000.0076     12.670      8.736 0.0000e+00
      8.920      0.037   427.4513     6.3238     49.103 1.2377e-01     15.769     34.918  21.436284    12.7500     6.3460     5.6902  1000.0076     12.687      8.747 0.0000e+00
      8.931      0.039   427.4539     6.2809     48.839 1.2376e-01     15.769     34.956  21.459808    12.6960     6.3030     5.6912  1000.0076     12.704      8.758 0.0000e+00
