Data/DataNotYetUploadedToEDI/Raw_CTD/RawDownloads/032222_fcr50_0001.cnv
* Sea-Bird SBE19plus  Data File:
* FileName = C:\R\Reservoirs\Data\DataNotYetUploadedToEDI\Raw_CTD\RawDownloads\032222_fcr50_0001.hex
* Software version 2.8.0.119
* Temperature SN = 7809
* Conductivity SN = 7809
* System UpLoad Time = Mar 22 2022 15:18:11
* <ApplicationData>
* <Seaterm232>
# nquan = 16
# nvalues = 2020                        
# units = specified
# name 0 = depFM: Depth [fresh water, m]
# name 1 = dz/dtM: Descent Rate [m/s]
# name 2 = orp: Oxidation Reduction Potential [mV]
# name 3 = sbeox0Mg/L: Oxygen, SBE 43 [mg/l]
# name 4 = sbeox0PS: Oxygen, SBE 43 [% saturation]
# name 5 = par/sat/log: PAR/Logarithmic, Satlantic
# name 6 = ph: pH
# name 7 = specc: Specific Conductance [uS/cm]
# name 8 = c0uS/cm: Conductivity [uS/cm]
# name 9 = flECO-AFL: Fluorescence, WET Labs ECO-AFL/FL [mg/m^3]
# name 10 = turbWETntu0: Turbidity, WET Labs ECO [NTU]
# name 11 = tv290C: Temperature [ITS-90, deg C]
# name 12 = density00: Density [density, kg/m^3]
# name 13 = prdE: Pressure, Strain Gauge [psi]
# name 14 = prdM: Pressure, Strain Gauge [db]
# name 15 = flag:  0.000e+00
# span 0 =     -0.629,      9.362       
# span 1 =     -4.841,      2.294       
# span 2 = -1240.7455,  1240.2295       
# span 3 =     5.2137,    10.7459       
# span 4 =     43.193,     99.455       
# span 5 = 1.2369e-01, 8.9380e+02       
# span 6 =      3.634,      6.811       
# span 7 =      0.525,     50.475       
# span 8 =   0.362072,  37.112981       
# span 9 =    -0.1896,    20.1656       
# span 10 =    -0.4445,    97.2923      
# span 11 =     6.8950,    13.4293      
# span 12 =   999.3260,   999.9686      
# span 13 =     -0.895,     13.317      
# span 14 =     -0.617,      9.181      
# span 15 = 0.0000e+00, 0.0000e+00      
# interval = seconds: 0.25
# start_time = Mar 22 2022 06:50:04 [Instrument's time stamp, header]
# bad_flag = -9.990e-29
*END*
     -0.627 -4.313e-20 -1240.7455     9.8643     94.272 6.8950e+02      3.843      3.527   2.702936    -0.1024    -0.0969    13.3086   999.3421     -0.893     -0.615 0.0000e+00
     -0.628 -3.921e-21 -1240.7455     9.8648     94.268 6.9623e+02      3.841      3.471   2.660132    -0.1133    -0.0209    13.3095   999.3420     -0.893     -0.616 0.0000e+00
     -0.628 -3.565e-22 -1240.7455     9.8671     94.263 7.0559e+02      3.840      3.417   2.618463    -0.1334     0.0003    13.3104   999.3419     -0.893     -0.616 0.0000e+00
     -0.628 -3.241e-23 -1240.7455     9.8644     94.279 7.1519e+02      3.840      3.365   2.578973    -0.1383    -0.1485    13.3111   999.3418     -0.893     -0.616 0.0000e+00
     -0.628 -2.946e-24 -1240.7455     9.8638     94.294 7.2303e+02      3.837      3.344   2.562512    -0.1392    -0.2830    13.3117   999.3417     -0.893     -0.616 0.0000e+00
     -0.628 -2.678e-25 -1240.7455     9.8646     94.287 7.2924e+02      3.834      3.322   2.546056    -0.1358    -0.2593    13.3124   999.3416     -0.893     -0.616 0.0000e+00
     -0.628 -2.435e-26 -1240.7455     9.8610     94.282 7.3486e+02      3.833      3.271   2.506616    -0.1142    -0.2033    13.3132   999.3415     -0.893     -0.616 0.0000e+00
     -0.628 -2.213e-27 -1240.7455     9.8646     94.302 7.3870e+02      3.832      3.217   2.465482    -0.1025    -0.1859    13.3139   999.3414     -0.893     -0.615 0.0000e+00
     -0.628 -2.012e-28 -1240.7455     9.8672     94.317 7.4049e+02      3.831      3.169   2.428555    -0.1016    -0.1182    13.3147   999.3413     -0.893     -0.616 0.0000e+00
     -0.628 -1.829e-29 -1240.7455     9.8651     94.290 7.4190e+02      3.829      3.101   2.376685    -0.0960    -0.0339    13.3154   999.3412     -0.894     -0.616 0.0000e+00
     -0.628 -1.663e-30 -1240.7455     9.8627     94.259 7.4325e+02      3.827      3.059   2.344778    -0.1018    -0.0542    13.3162   999.3410     -0.893     -0.616 0.0000e+00
     -0.628 -1.512e-31 -1240.7455     9.8659     94.239 7.4442e+02      3.826      3.078   2.359312    -0.1132    -0.1247    13.3169   999.3409     -0.893     -0.616 0.0000e+00
     -0.628 -1.374e-32 -1240.7455     9.8711     94.228 7.4512e+02      3.825      3.082   2.362487    -0.1177    -0.1342    13.3177   999.3408     -0.893     -0.615 0.0000e+00
     -0.628 -1.250e-33 -1240.7455     9.8637     94.243 7.4387e+02      3.823      3.026   2.319863    -0.1134    -0.0668    13.3186   999.3407     -0.894     -0.616 0.0000e+00
     -0.628 -1.136e-34 -1240.7455     9.8605     94.260 7.3995e+02      3.820      2.983   2.287098    -0.1034     0.0070    13.3192   999.3406     -0.893     -0.616 0.0000e+00
     -0.628 -1.032e-35 -1240.7455     9.8597     94.265 7.3397e+02      3.820      2.978   2.282863    -0.1049    -0.0283    13.3199   999.3405     -0.894     -0.616 0.0000e+00
     -0.628 -9.386e-37 -1240.7455     9.8556     94.284 7.2786e+02      3.821      2.959   2.268667    -0.1067    -0.0836    13.3207   999.3404     -0.894     -0.616 0.0000e+00
     -0.628 -8.592e-38 -1240.7455     9.8590     94.289 7.2331e+02      3.821      2.924   2.242064    -0.1001    -0.0466    13.3214   999.3403     -0.893     -0.616 0.0000e+00
     -0.628 -1.398e-38 -1240.7455     9.8625     94.264 7.1876e+02      3.820      2.889   2.214435    -0.1084    -0.0246    13.3221   999.3402     -0.894     -0.616 0.0000e+00
     -0.628 -6.913e-38 -1240.7455     9.8590     94.254 7.1185e+02      3.820      2.854   2.187837    -0.1239    -0.0568    13.3228   999.3401     -0.894     -0.616 0.0000e+00
     -0.628 -7.527e-37 -1240.7455     9.8633     94.259 7.0320e+02      3.820      2.836   2.173692    -0.1213    -0.0600    13.3237   999.3400     -0.893     -0.616 0.0000e+00
     -0.628 -8.279e-36 -1240.7455     9.8663     94.279 6.9439e+02      3.818      2.831   2.170020    -0.1095    -0.0290    13.3244   999.3399     -0.893     -0.616 0.0000e+00
     -0.628 -9.107e-35 -1240.7455     9.8579     94.310 6.8698e+02      3.817      2.796   2.143436    -0.1141    -0.0235    13.3251   999.3398     -0.894     -0.616 0.0000e+00
     -0.628 -1.002e-33 -1240.7455     9.8593     94.311 6.8445e+02      3.817      2.747   2.105493    -0.1274    -0.0620    13.3258   999.3397     -0.895     -0.617 0.0000e+00
     -0.628 -1.102e-32 -1240.7455     9.8596     94.289 6.8689e+02      3.817      2.728   2.091099    -0.1294    -0.0851    13.3266   999.3396     -0.894     -0.616 0.0000e+00
     -0.628 -1.212e-31 -1240.7455     9.8595     94.279 6.8801e+02      3.816      2.734   2.096016    -0.1219    -0.0635    13.3273   999.3395     -0.894     -0.616 0.0000e+00
     -0.628 -1.333e-30 -1240.7455     9.8674     94.287 6.8408e+02      3.816      2.741   2.101637    -0.1104    -0.0740    13.3280   999.3394     -0.894     -0.616 0.0000e+00
     -0.628 -1.467e-29 -1240.7455     9.8652     94.286 6.7760e+02      3.815      2.734   2.095757    -0.1083    -0.1095    13.3287   999.3393     -0.894     -0.616 0.0000e+00
     -0.628 -1.613e-28 -1240.7455     9.8616     94.272 6.7143e+02      3.815      2.724   2.088221    -0.1123    -0.0835    13.3294   999.3392     -0.894     -0.616 0.0000e+00
     -0.628 -1.775e-27 -1240.7455     9.8596     94.270 6.6473e+02      3.815      2.705   2.073828    -0.1091    -0.0330    13.3300   999.3391     -0.894     -0.616 0.0000e+00
     -0.628 -1.952e-26 -1240.7455     9.8621     94.270 6.5761e+02      3.815      2.672   2.048350    -0.1112    -0.0451    13.3308   999.3390     -0.893     -0.616 0.0000e+00
     -0.628 -2.147e-25 -1240.7455     9.8627     94.259 6.5226e+02      3.814      2.652   2.033391    -0.1211    -0.0595    13.3315   999.3389     -0.894     -0.616 0.0000e+00
     -0.628 -2.362e-24 -1240.7455     9.8579     94.231 6.4727e+02      3.813      2.634   2.019578    -0.1201    -0.0362    13.3323   999.3388     -0.894     -0.616 0.0000e+00
     -0.628 -2.598e-23 -1240.7455     9.8600     94.215 6.4082e+02      3.812      2.619   2.007943    -0.1160    -0.0702    13.3329   999.3387     -0.894     -0.616 0.0000e+00
     -0.628 -2.858e-22 -1240.7455     9.8589     94.231 6.3447e+02      3.811      2.634   2.019329    -0.1215    -0.1296    13.3336   999.3386     -0.893     -0.616 0.0000e+00
     -0.628 -3.144e-21 -1240.7455     9.8595     94.261 6.3027e+02      3.810      2.649   2.030629    -0.1198    -0.1045    13.3344   999.3385     -0.894     -0.616 0.0000e+00
     -0.628 -3.458e-20 -1240.7455     9.8541     94.275 6.2818e+02      3.808      2.632   2.017963    -0.1132    -0.0395    13.3350   999.3385     -0.894     -0.616 0.0000e+00
     -0.628 -3.804e-19 -1240.7455     9.8512     94.264 6.2724e+02      3.807      2.599   1.992797    -0.1155    -0.0268    13.3358   999.3383     -0.894     -0.616 0.0000e+00
     -0.629 -4.185e-18 -1240.7455     9.8542     94.265 6.2661e+02      3.808      2.582   1.979573    -0.1145    -0.0202    13.3364   999.3383     -0.895     -0.617 0.0000e+00
     -0.629 -4.603e-17 -1240.7455     9.8579     94.285 6.2584e+02      3.808      2.588   1.984686    -0.1093    -0.0280    13.3370   999.3382     -0.895     -0.617 0.0000e+00
     -0.629 -5.064e-16 -1240.7455     9.8611     94.288 6.2503e+02      3.807      2.597   1.991313    -0.1188    -0.0868    13.3378   999.3381     -0.894     -0.616 0.0000e+00
     -0.628 -5.570e-15 -1240.7455     9.8560     94.267 6.2515e+02      3.807      2.603   1.996392    -0.1302    -0.1158    13.3385   999.3380     -0.894     -0.616 0.0000e+00
     -0.628 -6.127e-14 -1240.7455     9.8565     94.270 6.2698e+02      3.807      2.585   1.982788    -0.1300    -0.1058    13.3392   999.3379     -0.894     -0.616 0.0000e+00
     -0.628 -6.740e-13 -1240.7455     9.8599     94.290 6.2827e+02      3.807      2.547   1.953440    -0.1260    -0.0678    13.3399   999.3378     -0.894     -0.616 0.0000e+00
     -0.628 -7.414e-12 -1240.7455     9.8619     94.275 6.2773e+02      3.807      2.553   1.958083    -0.1150    -0.0326    13.3406   999.3377     -0.894     -0.616 0.0000e+00
     -0.628 -8.155e-11 -1240.7455     9.8554     94.238 6.2703e+02      3.805      2.576   1.975615    -0.1128    -0.0562    13.3412   999.3376     -0.894     -0.616 0.0000e+00
     -0.628 -8.970e-10 -1240.7455     9.8556     94.203 6.2690e+02      3.805      2.576   1.975510    -0.1245    -0.0801    13.3419   999.3376     -0.894     -0.616 0.0000e+00
     -0.628 -9.867e-09 -1240.7455     9.8625     94.208 6.2738e+02      3.805      2.551   1.956806    -0.1234    -0.0476    13.3427   999.3374     -0.894     -0.616 0.0000e+00
     -0.628 -1.085e-07 -1240.7455     9.8574     94.263 6.2755e+02      3.804      2.528   1.939383    -0.1160    -0.0387    13.3434   999.3373     -0.894     -0.616 0.0000e+00
     -0.628 -1.990e-07 -1240.7455     9.8543     94.310 6.2646e+02      3.803      2.548   1.954767    -0.1255    -0.0755    13.3440   999.3373     -0.894     -0.616 0.0000e+00
     -0.629 -1.085e-07 -1240.7455     9.8478     94.312 6.2443e+02      3.802      2.546   1.952893    -0.1309    -0.0482    13.3447   999.3372     -0.894     -0.616 0.0000e+00
     -0.629 -9.865e-09 -1240.7455     9.8474     94.293 6.2184e+02      3.801      2.498   1.916725    -0.1145    -0.0167    13.3454   999.3371     -0.894     -0.616 0.0000e+00
     -0.629 -8.970e-10 -1240.7455     9.8564     94.278 6.1905e+02      3.801      2.473   1.897304    -0.1108    -0.0699    13.3461   999.3370     -0.893     -0.616 0.0000e+00
     -0.629 -8.155e-11 -1240.7455     9.8629     94.261 6.1641e+02      3.802      2.487   1.907993    -0.1277    -0.1104    13.3467   999.3369     -0.894     -0.616 0.0000e+00
     -0.628 -7.410e-12 -1240.7455     9.8615     94.241 6.1433e+02      3.802      2.502   1.919348    -0.1361    -0.0971    13.3475   999.3368     -0.893     -0.616 0.0000e+00
     -0.628 -6.740e-13 -1240.7455     9.8574     94.220 6.1300e+02      3.801      2.487   1.907993    -0.1285    -0.0806    13.3481   999.3367     -0.893     -0.616 0.0000e+00
     -0.628 -6.125e-14 -1240.7455     9.8575     94.207 6.1273e+02      3.801      2.473   1.897303    -0.1115    -0.0806    13.3487   999.3366     -0.894     -0.616 0.0000e+00
     -0.628 -5.570e-15 -1240.7455     9.8545     94.224 6.1293e+02      3.801      2.499   1.916708    -0.1046    -0.0975    13.3494   999.3365     -0.894     -0.616 0.0000e+00
     -0.628 -5.065e-16 -1240.7455     9.8531     94.267 6.1273e+02      3.801      2.546   1.952704    -0.1122    -0.0457    13.3501   999.3365     -0.894     -0.616 0.0000e+00
     -0.628 -4.602e-17 -1240.7455     9.8499     94.290 6.1273e+02      3.801      2.546   1.952696    -0.1120     0.1018    13.3508   999.3364     -0.893     -0.616 0.0000e+00
     -0.628 -4.184e-18 -1240.7455     9.8475     94.287 6.1286e+02      3.800      2.498   1.916609    -0.1097     0.1819    13.3515   999.3363     -0.893     -0.616 0.0000e+00
     -0.628 -3.804e-19 -1240.7455     9.8486     94.278 6.1282e+02      3.800      2.471   1.896219    -0.1181     0.1374    13.3522   999.3362     -0.894     -0.616 0.0000e+00
     -0.628 -3.458e-20 -1240.7455     9.8560     94.260 6.1347e+02      3.799      2.471   1.896078    -0.1211     0.0421    13.3529   999.3361     -0.894     -0.616 0.0000e+00
     -0.628 -3.143e-21 -1240.7455     9.8587     94.237 6.1489e+02      3.798      2.496   1.914900    -0.1217    -0.0470    13.3536   999.3360     -0.893     -0.616 0.0000e+00
     -0.629 -2.858e-22 -1240.7455     9.8554     94.220 6.1644e+02      3.798      2.521   1.933877    -0.1255    -0.0867    13.3542   999.3359     -0.894     -0.616 0.0000e+00
     -0.629 -2.598e-23 -1240.7455     9.8565     94.220 6.1851e+02      3.798      2.523   1.935612    -0.1174    -0.0966    13.3549   999.3358     -0.894     -0.616 0.0000e+00
     -0.629 -2.362e-24 -1240.7455     9.8531     94.236 6.2132e+02      3.799      2.523   1.935874    -0.1073    -0.0976    13.3556   999.3357     -0.894     -0.616 0.0000e+00
     -0.629 -2.147e-25 -1240.7455     9.8507     94.246 6.2445e+02      3.800      2.525   1.937042    -0.1109    -0.0988    13.3564   999.3356     -0.895     -0.617 0.0000e+00
     -0.629 -1.952e-26 -1240.7455     9.8481     94.253 6.2748e+02      3.801      2.541   1.949742    -0.1197    -0.1111    13.3570   999.3356     -0.894     -0.616 0.0000e+00
     -0.629 -1.774e-27 -1240.7455     9.8476     94.267 6.3113e+02      3.801      2.558   1.962808    -0.1214    -0.1102    13.3577   999.3355     -0.894     -0.616 0.0000e+00
     -0.629 -1.613e-28 -1240.7455     9.8511     94.264 6.3533e+02      3.800      2.565   1.968422    -0.1154    -0.1557    13.3584   999.3354     -0.894     -0.616 0.0000e+00
     -0.628 -1.466e-29 -1240.7455     9.8513     94.238 6.3803e+02      3.799      2.546   1.954310    -0.1049    -0.2513    13.3591   999.3353     -0.894     -0.616 0.0000e+00
     -0.628 -1.333e-30 -1240.7455     9.8508     94.233 6.3967e+02      3.798      2.500   1.918795    -0.1034    -0.3095    13.3598   999.3352     -0.894     -0.616 0.0000e+00
     -0.628 -1.212e-31 -1240.7455     9.8537     94.259 6.4160e+02      3.797      2.500   1.918848    -0.1135    -0.3134    13.3604   999.3351     -0.893     -0.616 0.0000e+00
     -0.628 -1.102e-32 -1240.7455     9.8544     94.270 6.4333e+02      3.797      2.548   1.954952    -0.1191    -0.2299    13.3611   999.3350     -0.894     -0.616 0.0000e+00
     -0.628 -1.002e-33 -1240.7455     9.8484     94.254 6.4413e+02      3.798      2.575   1.975485    -0.1211    -0.1197    13.3619   999.3349     -0.894     -0.616 0.0000e+00
     -0.628 -9.119e-35 -1240.7455     9.8468     94.229 6.4497e+02      3.799      2.577   1.977196    -0.1289    -0.0742    13.3626   999.3348     -0.894     -0.616 0.0000e+00
     -0.628 -9.778e-36 -1240.7455     9.8530     94.212 6.4773e+02      3.799      2.575   1.975639    -0.1310    -0.0222    13.3634   999.3347     -0.893     -0.616 0.0000e+00
     -0.628 -1.723e-35 -1240.7455     9.8539     94.230 6.5224e+02      3.800      2.550   1.956649    -0.1209    -0.0024    13.3641   999.3347     -0.894     -0.616 0.0000e+00
     -0.628 -1.813e-34 -1240.7455     9.8506     94.263 6.5694e+02      3.800      2.525   1.937511    -0.1153    -0.0740    13.3648   999.3346     -0.895     -0.617 0.0000e+00
     -0.628 -1.994e-33 -1240.7455     9.8484     94.259 6.6095e+02      3.800      2.521   1.934163    -0.1136    -0.1025    13.3655   999.3345     -0.894     -0.616 0.0000e+00
     -0.628 -2.193e-32 -1240.7455     9.8443     94.244 6.6449e+02      3.801      2.497   1.916170    -0.1091    -0.0739    13.3661   999.3344     -0.894     -0.616 0.0000e+00
     -0.628 -2.412e-31 -1240.7455     9.8461     94.249 6.6832e+02      3.801      2.488   1.909876    -0.1021    -0.0700    13.3668   999.3343     -0.893     -0.615 0.0000e+00
     -0.628 -2.653e-30 -1240.7455     9.8541     94.246 6.7207e+02      3.802      2.503   1.921371    -0.0941    -0.0894    13.3675   999.3342     -0.895     -0.616 0.0000e+00
     -0.628 -2.919e-29 -1240.7455     9.8509     94.247 6.7547e+02      3.803      2.513   1.928540    -0.0966    -0.1375    13.3684   999.3341     -0.894     -0.617 0.0000e+00
     -0.628 -3.211e-28 -1240.7455     9.8463     94.259 6.7717e+02      3.799      2.519   1.933250    -0.1067    -0.1386    13.3690   999.3340     -0.893     -0.616 0.0000e+00
     -0.628 -3.532e-27 -1240.7455     9.8511     94.268 6.7589e+02      3.792      2.495   1.915013    -0.1087    -0.0355    13.3696   999.3339     -0.894     -0.616 0.0000e+00
     -0.628 -3.885e-26 -1240.7455     9.8478     94.265 6.7570e+02      3.789      2.473   1.897958    -0.1034     0.0168    13.3705   999.3338     -0.894     -0.616 0.0000e+00
     -0.628 -4.273e-25 -1240.7455     9.8477     94.253 6.7769e+02      3.792      2.497   1.916954    -0.1006    -0.0182    13.3713   999.3337     -0.894     -0.616 0.0000e+00
     -0.628 -4.701e-24 -1240.7455     9.8503     94.237 6.7888e+02      3.793      2.547   1.954781    -0.1002    -0.0152    13.3720   999.3336     -0.894     -0.616 0.0000e+00
