Data/DataNotYetUploadedToEDI/Raw_CTD/RawDownloads/032222_fcr50_0001.cnv
* Sea-Bird SBE19plus  Data File:
* FileName = C:\R\Reservoirs\Data\DataNotYetUploadedToEDI\Raw_CTD\RawDownloads\032222_fcr50_0001.hex
* Software version 2.8.0.119
* Temperature SN = 7809
* Conductivity SN = 7809
* System UpLoad Time = Mar 22 2022 15:18:11
* <ApplicationData>
* <Seaterm232>
# nquan = 16
# nvalues = 2020                        
# units = specified
# name 0 = depFM: Depth [fresh water, m]
# name 1 = dz/dtM: Descent Rate [m/s]
# name 2 = orp: Oxidation Reduction Potential [mV]
# name 3 = sbeox0Mg/L: Oxygen, SBE 43 [mg/l]
# name 4 = sbeox0PS: Oxygen, SBE 43 [% saturation]
# name 5 = par/sat/log: PAR/Logarithmic, Satlantic
# name 6 = ph: pH
# name 7 = specc: Specific Conductance [uS/cm]
# name 8 = c0uS/cm: Conductivity [uS/cm]
# name 9 = flECO-AFL: Fluorescence, WET Labs ECO-AFL/FL [mg/m^3]
# name 10 = turbWETntu0: Turbidity, WET Labs ECO [NTU]
# name 11 = tv290C: Temperature [ITS-90, deg C]
# name 12 = density00: Density [density, kg/m^3]
# name 13 = prdE: Pressure, Strain Gauge [psi]
# name 14 = prdM: Pressure, Strain Gauge [db]
# name 15 = flag:  0.000e+00
# span 0 =     -0.629,      9.362       
# span 1 =     -4.841,      2.294       
# span 2 = -1240.7455,  1240.2295       
# span 3 =     5.2137,    10.7459       
# span 4 =     43.193,     99.455       
# span 5 = 1.2369e-01, 8.9380e+02       
# span 6 =      3.634,      6.811       
# span 7 =      0.525,     50.475       
# span 8 =   0.362072,  37.112981       
# span 9 =    -0.1896,    20.1656       
# span 10 =    -0.4445,    97.2923      
# span 11 =     6.8950,    13.4293      
# span 12 =   999.3260,   999.9686      
# span 13 =     -0.895,     13.317      
# span 14 =     -0.617,      9.181      
# span 15 = 0.0000e+00, 0.0000e+00      
# interval = seconds: 0.25
# start_time = Mar 22 2022 06:50:04 [Instrument's time stamp, header]
# bad_flag = -9.990e-29
*END*
[from data line 995]
      5.474      0.052   331.6228     9.3582     85.271 1.8392e+00      6.288     40.256  27.263694    11.2698     2.1702     8.7380   999.8440      7.785      5.368 0.0000e+00
      5.481      0.049   331.7555     9.4695     85.332 1.8132e+00      6.288     40.087  27.188791    11.3430     2.1518     8.9250   999.8304      7.790      5.371 0.0000e+00
      5.493      0.046   331.6794     9.6520     84.947 1.7857e+00      6.287     40.169  27.244776    11.4651     2.1199     8.9390   999.8295      7.814      5.387 0.0000e+00
      5.508      0.045   331.5631     9.8460     84.457 1.7627e+00      6.287     40.194  27.243351    11.5320     2.1267     8.8133   999.8388      7.836      5.403 0.0000e+00
      5.520      0.046   331.5537     9.9226     84.151 1.7381e+00      6.289     40.080  27.171536    11.5522     2.1655     8.8343   999.8373      7.851      5.413 0.0000e+00
      5.533      0.046   331.6522     9.8952     84.055 1.7196e+00      6.290     40.122  27.200511    11.5678     2.1445     8.9485   999.8289      7.871      5.426 0.0000e+00
      5.544      0.042   331.6347     9.8405     83.974 1.7097e+00      6.290     40.264  27.276742    11.5794     2.1125     8.9221   999.8311      7.888      5.439 0.0000e+00
      5.554      0.037   331.5150     9.7844     83.691 1.6944e+00      6.290     40.271  27.269194    11.5925     2.1206     8.8589   999.8357      7.898      5.445 0.0000e+00
      5.564      0.031   331.4950     9.7375     83.123 1.6786e+00      6.290     40.214  27.236003    11.6094     2.1396     8.9050   999.8323      7.913      5.456 0.0000e+00
      5.574      0.025   331.4797     9.7357     82.336 1.6651e+00      6.291     40.229  27.255758    11.6086     2.1373     8.9118   999.8319      7.931      5.469 0.0000e+00
      5.580      0.019   331.5020     9.7474     81.421 1.6513e+00      6.291     40.219  27.254523    11.4920     2.0242     8.8624   999.8357      7.939      5.474 0.0000e+00
      5.581      0.013   331.5919     9.7235     80.461 1.6361e+00      6.292     40.166  27.221075    11.2890     1.8992     8.8436   999.8370      7.938      5.473 0.0000e+00
      5.582      0.008   331.6200     9.6480     79.544 1.6214e+00      6.293     40.178  27.231663    11.1939     1.8903     8.8614   999.8356      7.939      5.474 0.0000e+00
      5.583      0.004   331.4117     9.5498     78.711 1.6218e+00      6.294     40.204  27.255768    11.1995     1.8831     8.8762   999.8346      7.941      5.475 0.0000e+00
      5.584      0.002   331.0532     9.4404     77.981 1.6380e+00      6.294     40.200  27.258980    11.1317     1.8462     8.8812   999.8343      7.942      5.476 0.0000e+00
      5.584      0.002   330.9846     9.3230     77.412 1.6505e+00      6.294     40.218  27.270505    10.9902     1.8196     8.8859   999.8338      7.942      5.476 0.0000e+00
      5.584      0.001   331.1851     9.2158     77.008 1.6531e+00      6.294     40.214  27.268350    10.9123     1.8339     8.8837   999.8340      7.943      5.477 0.0000e+00
      5.584      0.001   331.3259     9.1179     76.656 1.6491e+00      6.294     40.154  27.232928    10.9048     1.8826     8.8945   999.8332      7.943      5.476 0.0000e+00
      5.584      0.001   331.3961     9.0259     76.262 1.6385e+00      6.295     40.137  27.222548    10.9332     1.9307     8.9089   999.8322      7.943      5.476 0.0000e+00
      5.585      0.002   331.5178     8.9606     75.843 1.6289e+00      6.296     40.212  27.269610    10.9896     2.0059     8.8999   999.8329      7.944      5.477 0.0000e+00
      5.585      0.002   331.5065     8.9210     75.444 1.6249e+00      6.296     40.254  27.294850    11.0199     2.0739     8.8969   999.8330      7.943      5.477 0.0000e+00
      5.586      0.002   331.3464     8.8825     75.085 1.6279e+00      6.296     40.228  27.274182    11.0170     2.1042     8.9128   999.8319      7.945      5.477 0.0000e+00
      5.587      0.002   331.3023     8.8335     74.745 1.6282e+00      6.297     40.225  27.273256    10.9635     2.1335     8.9132   999.8319      7.947      5.479 0.0000e+00
      5.587      0.003   331.3174     8.7860     74.405 1.6228e+00      6.297     40.228  27.283652    10.8632     2.1549     8.9037   999.8326      7.947      5.479 0.0000e+00
      5.587      0.004   331.3566     8.7384     74.070 1.6263e+00      6.297     40.197  27.273125    10.8032     2.1235     8.9015   999.8327      7.947      5.479 0.0000e+00
      5.588      0.006   331.4329     8.6993     73.715 1.6275e+00      6.298     40.185  27.272760    10.8037     2.0950     8.8954   999.8331      7.948      5.480 0.0000e+00
      5.589      0.007   331.6373     8.6627     73.337 1.6188e+00      6.299     40.185  27.279235    10.8949     2.1523     8.8932   999.8334      7.950      5.481 0.0000e+00
      5.591      0.010   331.9356     8.6171     72.962 1.6161e+00      6.300     40.098  27.224659    11.0575     2.2017     8.9081   999.8323      7.952      5.482 0.0000e+00
      5.595      0.013   332.0271     8.5787     72.627 1.6126e+00      6.301     40.038  27.183366    11.1380     2.1452     8.9246   999.8311      7.956      5.485 0.0000e+00
      5.599      0.018   332.0560     8.5349     72.405 1.6084e+00      6.302     40.108  27.223670    11.1355     2.0837     8.9335   999.8305      7.965      5.492 0.0000e+00
      5.603      0.024   332.1132     8.4888     72.303 1.6138e+00      6.303     40.191  27.268252    11.1435     2.0741     8.9382   999.8302      7.969      5.494 0.0000e+00
      5.608      0.029   332.0293     8.4429     72.213 1.6120e+00      6.302     40.219  27.278686    11.2514     2.0629     8.9490   999.8293      7.974      5.497 0.0000e+00
      5.616      0.032   331.9881     8.3998     72.072 1.6044e+00      6.302     40.138  27.223038    11.4417     2.0503     8.9490   999.8293      7.988      5.507 0.0000e+00
      5.627      0.034   332.2175     8.3741     71.888 1.5919e+00      6.302     40.056  27.165899    11.5388     2.0587     8.9375   999.8303      8.003      5.517 0.0000e+00
      5.640      0.035   332.5662     8.3735     71.651 1.5705e+00      6.303     40.054  27.158312    11.5429     2.0966     8.9211   999.8315      8.023      5.532 0.0000e+00
      5.650      0.035   332.7633     8.3694     71.411 1.5568e+00      6.303     40.024  27.131287    11.5578     2.1324     8.9041   999.8329      8.038      5.542 0.0000e+00
      5.656      0.035   332.7935     8.3480     71.233 1.5480e+00      6.303     40.072  27.156068    11.5938     2.1149     8.9103   999.8324      8.045      5.547 0.0000e+00
      5.662      0.035   332.7586     8.3307     71.112 1.5448e+00      6.303     40.147  27.204384    11.6127     2.0900     8.9118   999.8323      8.052      5.552 0.0000e+00
      5.670      0.035   332.6863     8.3020     71.029 1.5328e+00      6.303     40.037  27.144984    11.5945     2.1389     8.8986   999.8333      8.062      5.559 0.0000e+00
      5.681      0.036   332.6931     8.2715     70.997 1.5019e+00      6.304     39.997  27.135137    11.5147     2.1941     8.8923   999.8337      8.078      5.571 0.0000e+00
      5.693      0.036   332.8401     8.2548     71.064 1.4733e+00      6.304     40.118  27.212127    11.3972     2.1765     8.8824   999.8346      8.101      5.586 0.0000e+00
      5.702      0.035   333.0014     8.2437     71.264 1.4564e+00      6.304     40.106  27.188437    11.3470     2.1313     8.8680   999.8357      8.112      5.593 0.0000e+00
      5.709      0.031   333.0944     8.2298     71.575 1.4474e+00      6.305     39.991  27.102242    11.3327     2.0923     8.8926   999.8338      8.117      5.596 0.0000e+00
      5.719      0.027   333.1901     8.2139     71.961 1.4412e+00      6.305     39.937  27.057356    11.1904     2.0797     8.9377   999.8306      8.136      5.610 0.0000e+00
      5.727      0.025   333.2989     8.2241     72.433 1.4371e+00      6.305     40.008  27.089414    10.9504     2.1165     8.9180   999.8322      8.149      5.619 0.0000e+00
      5.730      0.028   333.3770     8.2552     73.020 1.4324e+00      6.305     40.154  27.172909    10.8191     2.1280     8.8835   999.8347      8.151      5.620 0.0000e+00
      5.732      0.032   333.2745     8.2935     73.711 1.4342e+00      6.305     40.167  27.179450    10.8096     2.0807     8.8865   999.8344      8.153      5.621 0.0000e+00
      5.737      0.037   333.0057     8.3387     74.415 1.4295e+00      6.305     40.041  27.105118    10.9609     2.0572     8.8775   999.8351      8.156      5.624 0.0000e+00
      5.750      0.043   332.8809     8.3966     75.013 1.4014e+00      6.305     40.018  27.098212    11.2585     2.0832     8.8530   999.8369      8.175      5.637 0.0000e+00
      5.768      0.048   332.8838     8.4705     75.481 1.3769e+00      6.305     40.109  27.159340    11.4284     2.1219     8.8265   999.8390      8.206      5.659 0.0000e+00
      5.783      0.053   332.9549     8.5543     75.830 1.3675e+00      6.305     40.098  27.146957    11.4337     2.1151     8.8211   999.8394      8.228      5.673 0.0000e+00
      5.795      0.053   332.9659     8.6395     76.074 1.3602e+00      6.306     40.010  27.075253    11.4387     2.0690     8.8483   999.8375      8.241      5.681 0.0000e+00
      5.808      0.049   332.8448     8.7035     76.214 1.3429e+00      6.306     40.006  27.053002    11.6477     2.0771     8.8629   999.8365      8.260      5.695 0.0000e+00
      5.822      0.044   332.6951     8.7598     76.237 1.3208e+00      6.305     40.051  27.068058    12.0216     2.1447     8.8550   999.8372      8.282      5.710 0.0000e+00
      5.833      0.041   332.5326     8.8003     76.147 1.3046e+00      6.305     40.062  27.067119    12.2141     2.2034     8.8515   999.8375      8.298      5.721 0.0000e+00
      5.843      0.039   332.5152     8.8302     75.951 1.2953e+00      6.304     40.139  27.105035    12.2104     2.1722     8.8392   999.8383      8.312      5.731 0.0000e+00
      5.851      0.037   332.5706     8.8563     75.704 1.2901e+00      6.304     40.224  27.146155    12.1019     2.1087     8.8053   999.8409      8.324      5.739 0.0000e+00
      5.857      0.034   332.6006     8.8604     75.449 1.2700e+00      6.304     40.102  27.057191    11.9258     2.1189     8.7846   999.8424      8.330      5.743 0.0000e+00
      5.866      0.032   332.7046     8.8536     75.265 1.2462e+00      6.304     40.015  26.980166    11.8452     2.1240     8.7853   999.8424      8.340      5.750 0.0000e+00
      5.878      0.031   332.8822     8.8286     75.213 1.2452e+00      6.304     40.181  27.038860    11.8356     2.1021     8.7645   999.8439      8.363      5.766 0.0000e+00
      5.887      0.031   333.0271     8.8083     75.275 1.2526e+00      6.304     40.309  27.069545    11.7007     2.0940     8.7324   999.8464      8.377      5.776 0.0000e+00
      5.891      0.032   332.9937     8.7740     75.440 1.2453e+00      6.304     40.288  27.034189    11.4545     2.0944     8.7351   999.8461      8.378      5.776 0.0000e+00
      5.896      0.034   332.9087     8.7465     75.648 1.2268e+00      6.304     40.328  27.055064    11.3306     2.1068     8.7370   999.8459      8.383      5.780 0.0000e+00
      5.904      0.035   332.9452     8.7655     75.867 1.2139e+00      6.304     40.361  27.068387    11.3354     2.1068     8.6474   999.8524      8.397      5.789 0.0000e+00
      5.915      0.036   332.9202     8.7892     76.088 1.2062e+00      6.304     40.270  27.005112    11.3378     2.0951     8.5476   999.8593      8.412      5.800 0.0000e+00
      5.928      0.038   332.7776     8.8153     76.293 1.1965e+00      6.305     40.235  26.987255    11.3340     2.1017     8.5459   999.8594      8.432      5.814 0.0000e+00
      5.939      0.039   333.0274     8.8394     76.523 1.1855e+00      6.306     40.313  27.042649    11.3313     2.1178     8.5478   999.8594      8.450      5.826 0.0000e+00
      5.948      0.040   333.6181     8.8685     76.769 1.1750e+00      6.305     40.413  27.104402    11.3306     2.1539     8.5248   999.8610      8.460      5.833 0.0000e+00
      5.955      0.041   333.8969     8.8994     76.956 1.1728e+00      6.305     40.418  27.100031    11.3167     2.1628     8.5232   999.8610      8.469      5.840 0.0000e+00
      5.964      0.041   333.9029     8.9145     77.026 1.1653e+00      6.305     40.250  26.989789    11.2794     2.1218     8.5361   999.8603      8.480      5.848 0.0000e+00
      5.975      0.041   333.8630     8.9413     77.011 1.1375e+00      6.305     40.125  26.912434    11.2621     2.1366     8.5446   999.8598      8.496      5.858 0.0000e+00
      5.989      0.041   333.7581     8.9755     76.961 1.1189e+00      6.305     40.251  26.988761    11.2659     2.1713     8.5352   999.8605      8.520      5.876 0.0000e+00
      6.002      0.041   333.7539     9.0052     76.872 1.1227e+00      6.305     40.434  27.088631    11.2501     2.1310     8.5150   999.8620      8.542      5.890 0.0000e+00
      6.010      0.039   333.9835     9.0108     76.822 1.1126e+00      6.305     40.378  27.042352    11.1219     2.0597     8.5218   999.8615      8.548      5.893 0.0000e+00
      6.017      0.035   334.2117     8.9984     76.884 1.0863e+00      6.304     40.189  26.936291    10.9055     2.0268     8.5424   999.8600      8.553      5.897 0.0000e+00
      6.028      0.030   334.2762     9.0003     77.106 1.0777e+00      6.303     40.197  26.947234    10.7976     2.0407     8.5350   999.8607      8.572      5.910 0.0000e+00
      6.039      0.027   334.3329     8.9926     77.577 1.0758e+00      6.303     40.300  26.984518    10.7914     2.0908     8.4892   999.8639      8.594      5.924 0.0000e+00
      6.044      0.027   334.4677     8.9899     78.273 1.0671e+00      6.303     40.284  26.943338    10.7140     2.1202     8.4594   999.8659      8.598      5.928 0.0000e+00
      6.045      0.030   334.6145     8.9865     79.163 1.0676e+00      6.303     40.318  26.956389    10.5524     2.0879     8.5205   999.8616      8.596      5.927 0.0000e+00
      6.049      0.034   334.5590     8.9963     80.219 1.0638e+00      6.302     40.397  27.015538    10.4520     2.0761     8.5470   999.8599      8.603      5.932 0.0000e+00
      6.057      0.039   334.3132     9.0736     81.188 1.0448e+00      6.302     40.277  26.961260    10.4409     2.1147     8.4694   999.8653      8.612      5.938 0.0000e+00
      6.071      0.044   334.3960     9.1674     81.857 1.0280e+00      6.303     40.096  26.870627    10.4763     2.1451     8.4264   999.8681      8.632      5.951 0.0000e+00
      6.089      0.048   334.7002     9.2650     82.222 1.0098e+00      6.303     40.080  26.870526    10.5386     2.1358     8.4272   999.8682      8.663      5.973 0.0000e+00
      6.105      0.050   334.7216     9.4072     82.288 9.9167e-01      6.303     40.131  26.896656    10.5700     2.1056     8.4211   999.8687      8.687      5.989 0.0000e+00
      6.115      0.051   334.7399     9.5225     82.097 9.8068e-01      6.303     40.207  26.933013    10.5733     2.1207     8.4644   999.8659      8.698      5.997 0.0000e+00
      6.123      0.049   334.9229     9.5809     81.710 9.6915e-01      6.302     40.222  26.929782    10.5869     2.1472     8.5204   999.8620      8.706      6.003 0.0000e+00
      6.134      0.047   334.6971     9.6266     81.191 9.5539e-01      6.300     40.133  26.857570    10.6093     2.1187     8.5267   999.8617      8.720      6.012 0.0000e+00
      6.150      0.046   334.1599     9.6342     80.667 9.3641e-01      6.300     40.199  26.883909    10.6199     2.0832     8.5119   999.8627      8.746      6.030 0.0000e+00
      6.165      0.047   334.0202     9.6133     80.197 9.1944e-01      6.301     40.296  26.931303    10.6155     2.0598     8.4907   999.8643      8.772      6.047 0.0000e+00
