Data/DataNotYetUploadedToEDI/Raw_CTD/RawDownloads/032221_fcr_50.cnv
* Sea-Bird SBE19plus  Data File:
* FileName = C:\DATA\032221_fcr_50_0001.hex
* Software version 2.8.0.119
* Temperature SN = 7809
* Conductivity SN = 7809
* System UpLoad Time = Mar 25 2021 12:21:22
* <ApplicationData>
* <Seaterm232>
# nquan = 16
# nvalues = 2103                        
# units = specified
# name 0 = depFM: Depth [fresh water, m]
# name 1 = dz/dtM: Descent Rate [m/s]
# name 2 = orp: Oxidation Reduction Potential [mV]
# name 3 = sbeox0Mg/L: Oxygen, SBE 43 [mg/l]
# name 4 = sbeox0PS: Oxygen, SBE 43 [% saturation]
# name 5 = par/sat/log: PAR/Logarithmic, Satlantic
# name 6 = ph: pH
# name 7 = specc: Specific Conductance [uS/cm]
# name 8 = c0uS/cm: Conductivity [uS/cm]
# name 9 = flECO-AFL: Fluorescence, WET Labs ECO-AFL/FL [mg/m^3]
# name 10 = turbWETntu0: Turbidity, WET Labs ECO [NTU]
# name 11 = tv290C: Temperature [ITS-90, deg C]
# name 12 = density00: Density [density, kg/m^3]
# name 13 = prdE: Pressure, Strain Gauge [psi]
# name 14 = prdM: Pressure, Strain Gauge [db]
# name 15 = flag:  0.000e+00
# span 0 =     -0.563,      9.952       
# span 1 =     -0.290,      0.170       
# span 2 = -1240.7455,   456.4942       
# span 3 =     0.1573,    11.3875       
# span 4 =      1.489,     96.997       
# span 5 = 1.2356e-01, 1.8019e+03       
# span 6 =     -2.605,     15.771       
# span 7 =      4.366,    302.375       
# span 8 =   3.021350, 185.917945       
# span 9 =    -2.0436,    15.0010       
# span 10 =    -0.3481,   122.1396      
# span 11 =     5.6891,    16.8381      
# span 12 =   998.8104,  1000.1097      
# span 13 =     -0.801,     14.155      
# span 14 =     -0.552,      9.759      
# span 15 = 0.0000e+00, 0.0000e+00      
# interval = seconds: 0.25
# start_time = Mar 21 2021 22:03:36 [Instrument's time stamp, header]
# bad_flag = -9.990e-29
*END*
[from data line 1628]
      5.173     -0.099   375.2487     9.4330     77.279 3.9861e+00     15.734     31.472  19.907420    11.6512     3.1907     6.6164   999.9576      7.356      5.071 0.0000e+00
      5.147     -0.090   375.1782     9.4295     77.455 4.0789e+00     15.733     31.481  19.915615    11.6430     3.2233     6.6125   999.9577      7.320      5.047 0.0000e+00
      5.123     -0.074   375.0419     9.4235     77.604 4.1587e+00     15.733     31.493  19.926894    11.6283     3.2436     6.6176   999.9573      7.286      5.023 0.0000e+00
      5.103     -0.055   375.0819     9.4412     77.708 4.2161e+00     15.732     31.488  19.930151    11.6212     3.2298     6.6228   999.9570      7.251      4.999 0.0000e+00
      5.090     -0.037   375.2422     9.4709     77.768 4.2412e+00     15.732     31.463  19.924511    11.7102     3.2238     6.6254   999.9568      7.227      4.983 0.0000e+00
      5.086     -0.021   375.3468     9.4913     77.812 4.2383e+00     15.732     31.441  19.922494    12.0124     3.2797     6.6292   999.9567      7.228      4.984 0.0000e+00
      5.088     -0.008   375.4729     9.5076     77.849 4.2242e+00     15.731     31.424  19.923015    12.4463     3.3772     6.6334   999.9565      7.239      4.991 0.0000e+00
      5.092      0.002   375.7544     9.5272     77.865 4.2138e+00     15.731     31.399  19.914248    12.7591     3.4340     6.6403   999.9562      7.246      4.996 0.0000e+00
      5.095      0.007   376.0178     9.5168     77.844 4.2143e+00     15.731     31.382  19.903588    12.8641     3.4212     6.6584   999.9555      7.249      4.998 0.0000e+00
      5.096      0.005   375.9514     9.5196     77.784 4.2225e+00     15.731     31.403  19.911935    12.8574     3.3712     6.6826   999.9545      7.248      4.996 0.0000e+00
      5.097     -0.003   375.6357     9.5243     77.739 4.2296e+00     15.731     31.452  19.937615    12.8169     3.3102     6.7021   999.9537      7.249      4.998 0.0000e+00
      5.099     -0.013   375.4532     9.5165     77.787 4.2373e+00     15.731     31.480  19.956777    12.7647     3.2570     6.7174   999.9531      7.254      5.002 0.0000e+00
      5.098     -0.025   375.5115     9.5250     77.951 4.2614e+00     15.731     31.474  19.961656    12.6195     3.2266     6.7207   999.9529      7.260      5.005 0.0000e+00
      5.092     -0.039   375.6654     9.5107     78.176 4.3141e+00     15.730     31.460  19.965072    12.2426     3.2181     6.7030   999.9536      7.254      5.000 0.0000e+00
      5.077     -0.052   375.8701     9.4990     78.366 4.3872e+00     15.730     31.458  19.974270    11.7241     3.2151     6.6827   999.9545      7.225      4.982 0.0000e+00
      5.058     -0.063   376.1443     9.5049     78.468 4.4606e+00     15.730     31.461  19.984355    11.3550     3.2053     6.6837   999.9544      7.192      4.959 0.0000e+00
      5.038     -0.073   376.4148     9.5215     78.496 4.5244e+00     15.730     31.466  19.993627    11.2284     3.1986     6.7066   999.9533      7.164      4.939 0.0000e+00
      5.019     -0.079   376.5851     9.5596     78.500 4.5875e+00     15.730     31.473  20.003877    11.2336     3.2022     6.7328   999.9521      7.138      4.921 0.0000e+00
      4.999     -0.082   376.6737     9.5818     78.537 4.6660e+00     15.729     31.469  20.007145    11.3092     3.2034     6.7499   999.9513      7.113      4.905 0.0000e+00
      4.979     -0.083   376.7651     9.5874     78.636 4.7632e+00     15.729     31.453  20.002630    11.4192     3.1871     6.7598   999.9508      7.084      4.884 0.0000e+00
      4.956     -0.080   376.8891     9.5867     78.770 4.8686e+00     15.729     31.441  20.000262    11.5016     3.1573     6.7676   999.9503      7.050      4.861 0.0000e+00
      4.931     -0.071   377.0510     9.5773     78.890 4.9684e+00     15.729     31.431  19.997859    11.5905     3.1518     6.7768   999.9498      7.016      4.837 0.0000e+00
      4.908     -0.058   377.2418     9.5757     78.994 5.0433e+00     15.729     31.412  19.993082    11.7995     3.1901     6.7860   999.9493      6.975      4.809 0.0000e+00
      4.892     -0.041   377.3878     9.5882     79.123 5.0747e+00     15.729     31.400  19.995282    12.0958     3.2270     6.7969   999.9487      6.943      4.788 0.0000e+00
      4.886     -0.025   377.4468     9.6113     79.282 5.0657e+00     15.728     31.414  20.013757    12.3070     3.2235     6.8059   999.9483      6.939      4.785 0.0000e+00
      4.888     -0.010   377.4951     9.6271     79.416 5.0403e+00     15.726     31.451  20.044917    12.3900     3.2177     6.8065   999.9483      6.950      4.792 0.0000e+00
      4.892      0.001   377.5543     9.6278     79.476 5.0213e+00     15.725     31.467  20.065421    12.4458     3.2758     6.8141   999.9480      6.962      4.800 0.0000e+00
      4.895      0.005   377.5095     9.6352     79.481 5.0128e+00     15.725     31.437  20.058938    12.5160     3.3793     6.8413   999.9469      6.968      4.804 0.0000e+00
      4.896      0.001   377.3648     9.6596     79.496 5.0033e+00     15.725     31.399  20.042214    12.5530     3.4395     6.8607   999.9461      6.962      4.800 0.0000e+00
      4.898     -0.011   377.3067     9.6838     79.569 4.9851e+00     15.725     31.396  20.040440    12.4919     3.4293     6.8582   999.9462      6.961      4.800 0.0000e+00
      4.899     -0.026   377.4116     9.6837     79.698 4.9764e+00     15.725     31.422  20.053916    12.2877     3.3801     6.8733   999.9456      6.973      4.807 0.0000e+00
      4.895     -0.044   377.5771     9.6661     79.840 5.0094e+00     15.725     31.443  20.066031    12.0078     3.3178     6.9117   999.9438      6.977      4.810 0.0000e+00
      4.881     -0.061   377.7505     9.6595     79.956 5.0842e+00     15.725     31.443  20.068613    11.7977     3.2711     6.9277   999.9429      6.954      4.794 0.0000e+00
      4.857     -0.076   377.9476     9.6714     80.042 5.1698e+00     15.725     31.428  20.065046    11.6564     3.2547     6.9167   999.9433      6.908      4.763 0.0000e+00
      4.831     -0.089   378.1008     9.6960     80.114 5.2525e+00     15.724     31.415  20.062519    11.4546     3.2550     6.9044   999.9437      6.866      4.734 0.0000e+00
      4.805     -0.097   378.1396     9.7190     80.179 5.3414e+00     15.724     31.413  20.065151    11.1953     3.2533     6.9005   999.9438      6.834      4.711 0.0000e+00
      4.780     -0.099   378.1265     9.7310     80.239 5.4422e+00     15.724     31.415  20.069452    11.0150     3.2418     6.9074   999.9434      6.800      4.688 0.0000e+00
      4.754     -0.093   378.1470     9.7341     80.304 5.5572e+00     15.724     31.414  20.071502    10.9542     3.2287     6.9217   999.9426      6.761      4.662 0.0000e+00
      4.726     -0.081   378.2120     9.7395     80.390 5.6787e+00     15.724     31.413  20.072614    10.9545     3.2350     6.9342   999.9419      6.722      4.635 0.0000e+00
      4.701     -0.066   378.3255     9.7493     80.489 5.7760e+00     15.723     31.419  20.077756    10.9940     3.2821     6.9371   999.9416      6.681      4.607 0.0000e+00
      4.683     -0.047   378.4626     9.7535     80.570 5.8130e+00     15.723     31.439  20.094082    11.0601     3.3453     6.9374   999.9415      6.646      4.581 0.0000e+00
      4.675     -0.028   378.5131     9.7589     80.659 5.7876e+00     15.723     31.472  20.124257    11.1213     3.3733     6.9458   999.9411      6.637      4.575 0.0000e+00
      4.676     -0.012   378.4305     9.7651     80.825 5.7379e+00     15.722     31.511  20.162690    11.2177     3.3673     6.9513   999.9409      6.649      4.584 0.0000e+00
      4.681      0.001   378.3027     9.7857     81.048 5.7013e+00     15.721     31.533  20.193999    11.4441     3.3520     6.9468   999.9411      6.662      4.593 0.0000e+00
      4.685      0.007   378.1738     9.8003     81.235 5.6825e+00     15.720     31.512  20.195683    11.7532     3.3191     6.9478   999.9412      6.666      4.597 0.0000e+00
      4.688      0.004   378.0668     9.7825     81.334 5.6624e+00     15.720     31.453  20.167858    11.9605     3.2583     6.9639   999.9404      6.665      4.596 0.0000e+00
      4.691     -0.008   378.0970     9.8034     81.356 5.6314e+00     15.720     31.403  20.140222    11.9809     3.1798     6.9883   999.9393      6.671      4.599 0.0000e+00
      4.693     -0.025   378.2794     9.8441     81.352 5.6119e+00     15.721     31.385  20.129161    11.8559     3.0923     7.0182   999.9380      6.681      4.607 0.0000e+00
      4.688     -0.043   378.4434     9.8526     81.366 5.6364e+00     15.721     31.382  20.125489    11.6733     3.0148     7.0509   999.9365      6.682      4.607 0.0000e+00
      4.673     -0.061   378.4495     9.8665     81.399 5.7089e+00     15.720     31.379  20.120991    11.5345     2.9869     7.0679   999.9357      6.657      4.591 0.0000e+00
      4.649     -0.077   378.3324     9.8601     81.449 5.8024e+00     15.720     31.379  20.118470    11.4392     3.0136     7.0686   999.9354      6.614      4.560 0.0000e+00
      4.623     -0.089   378.2280     9.8502     81.494 5.8934e+00     15.721     31.389  20.122045    11.2989     3.0481     7.0682   999.9352      6.573      4.531 0.0000e+00
      4.596     -0.094   378.1991     9.8630     81.489 5.9832e+00     15.721     31.409  20.132186    11.1192     3.0520     7.0648   999.9353      6.538      4.508 0.0000e+00
      4.571     -0.089   378.2278     9.8621     81.439 6.0794e+00     15.720     31.435  20.147057    10.9940     3.0305     7.0582   999.9355      6.503      4.484 0.0000e+00
      4.546     -0.077   378.3245     9.8705     81.416 6.1748e+00     15.720     31.447  20.155698    10.9677     3.0383     7.0542   999.9355      6.465      4.458 0.0000e+00
      4.524     -0.060   378.4952     9.8863     81.479 6.2482e+00     15.720     31.432  20.150928    11.0315     3.1473     7.0514   999.9356      6.427      4.431 0.0000e+00
      4.508     -0.040   378.6799     9.8865     81.601 6.2769e+00     15.720     31.415  20.149311    11.1401     3.3255     7.0464   999.9357      6.400      4.411 0.0000e+00
      4.502     -0.022   378.7986     9.8732     81.707 6.2593e+00     15.720     31.422  20.165961    11.2212     3.4444     7.0405   999.9359      6.394      4.408 0.0000e+00
      4.504     -0.007   378.8520     9.8595     81.771 6.2172e+00     15.720     31.442  20.190566    11.2598     3.4577     7.0396   999.9361      6.403      4.416 0.0000e+00
      4.509      0.003   378.9017     9.8704     81.834 6.1751e+00     15.719     31.457  20.208902    11.3461     3.4287     7.0473   999.9357      6.414      4.423 0.0000e+00
      4.514      0.005   378.9068     9.8935     81.924 6.1487e+00     15.718     31.463  20.216612    11.5921     3.4201     7.0635   999.9350      6.424      4.429 0.0000e+00
      4.517     -0.001   378.7631     9.9042     82.028 6.1391e+00     15.718     31.453  20.209753    11.9364     3.4400     7.0867   999.9339      6.429      4.432 0.0000e+00
      4.518     -0.013   378.5284     9.8966     82.111 6.1398e+00     15.717     31.438  20.196625    12.1621     3.4480     7.1097   999.9328      6.428      4.431 0.0000e+00
      4.516     -0.030   378.4339     9.8955     82.154 6.1603e+00     15.717     31.440  20.194950    12.1430     3.3965     7.1262   999.9321      6.429      4.432 0.0000e+00
      4.508     -0.049   378.6407     9.9115     82.173 6.2198e+00     15.718     31.448  20.197944    11.8850     3.2684     7.1334   999.9317      6.423      4.429 0.0000e+00
      4.492     -0.066   379.0207     9.9250     82.208 6.3177e+00     15.719     31.436  20.189332    11.5160     3.1141     7.1275   999.9319      6.398      4.411 0.0000e+00
      4.469     -0.082   379.3082     9.9433     82.269 6.4366e+00     15.720     31.416  20.176482    11.2463     3.0165     7.1179   999.9322      6.359      4.383 0.0000e+00
      4.443     -0.094   379.4308     9.9488     82.353 6.5623e+00     15.720     31.409  20.171470    11.1183     2.9803     7.1129   999.9323      6.318      4.356 0.0000e+00
      4.416     -0.101   379.4518     9.9406     82.453 6.6894e+00     15.719     31.418  20.175540    11.0044     2.9654     7.1097   999.9324      6.281      4.330 0.0000e+00
      4.388     -0.100   379.3870     9.9497     82.533 6.8207e+00     15.719     31.433  20.183488    10.8694     2.9661     7.1099   999.9321      6.243      4.304 0.0000e+00
      4.360     -0.090   379.3196     9.9578     82.563 6.9586e+00     15.720     31.436  20.185095    10.7854     2.9766     7.1102   999.9320      6.203      4.276 0.0000e+00
      4.333     -0.074   379.4271     9.9638     82.561 7.0871e+00     15.720     31.432  20.187208    10.8073     2.9910     7.1093   999.9320      6.157      4.245 0.0000e+00
      4.311     -0.055   379.7840     9.9827     82.552 7.1674e+00     15.719     31.446  20.205422    10.9646     3.0295     7.1084   999.9318      6.118      4.219 0.0000e+00
      4.300     -0.035   380.2559    10.0005     82.552 7.1742e+00     15.718     31.463  20.228838    11.2025     3.1028     7.1028   999.9321      6.105      4.209 0.0000e+00
      4.299     -0.016   380.6327     9.9991     82.572 7.1327e+00     15.717     31.471  20.245934    11.3806     3.1893     7.0978   999.9324      6.111      4.213 0.0000e+00
      4.303     -0.001   380.8290     9.9933     82.603 7.0870e+00     15.716     31.480  20.261525    11.4571     3.2547     7.1022   999.9321      6.121      4.221 0.0000e+00
      4.308      0.009   380.8522     9.9929     82.635 7.0515e+00     15.716     31.479  20.268270    11.5354     3.2888     7.1216   999.9312      6.130      4.226 0.0000e+00
      4.312      0.012   380.7453     9.9780     82.679 7.0202e+00     15.716     31.463  20.265768    11.7198     3.3268     7.1484   999.9300      6.132      4.228 0.0000e+00
      4.316      0.011   380.6303     9.9790     82.749 6.9934e+00     15.716     31.458  20.272213    11.9720     3.3851     7.1678   999.9290      6.137      4.232 0.0000e+00
      4.320      0.006   380.6156     9.9852     82.854 6.9732e+00     15.716     31.456  20.285474    12.1466     3.4196     7.1824   999.9285      6.146      4.237 0.0000e+00
      4.322     -0.003   380.7217     9.9770     82.985 6.9537e+00     15.715     31.434  20.288179    12.1932     3.3995     7.1928   999.9279      6.148      4.239 0.0000e+00
      4.322     -0.015   380.9048     9.9863     83.112 6.9380e+00     15.713     31.391  20.276810    12.1777     3.3400     7.1999   999.9275      6.150      4.240 0.0000e+00
      4.319     -0.030   381.0753     9.9870     83.231 6.9472e+00     15.712     31.349  20.262409    12.1540     3.2863     7.2120   999.9270      6.151      4.241 0.0000e+00
      4.310     -0.046   381.1618     9.9915     83.349 6.9992e+00     15.712     31.331  20.257712    12.1254     3.2782     7.2381   999.9255      6.137      4.231 0.0000e+00
      4.295     -0.063   381.1590    10.0100     83.450 7.0927e+00     15.712     31.329  20.257687    12.0231     3.2771     7.2717   999.9238      6.113      4.215 0.0000e+00
      4.275     -0.078   381.1160    10.0120     83.506 7.2087e+00     15.712     31.321  20.247826    11.7548     3.2149     7.3006   999.9223      6.084      4.195 0.0000e+00
      4.251     -0.090   381.0832    10.0205     83.506 7.3289e+00     15.712     31.311  20.230658    11.3959     3.1036     7.3247   999.9209      6.048      4.171 0.0000e+00
      4.225     -0.099   381.0861    10.0345     83.480 7.4559e+00     15.713     31.320  20.222084    11.1491     3.0125     7.3341   999.9204      6.012      4.145 0.0000e+00
      4.198     -0.102   381.1767    10.0479     83.460 7.5982e+00     15.714     31.353  20.230115    11.0531     2.9802     7.3340   999.9203      5.974      4.118 0.0000e+00
