Data/DataNotYetUploadedToEDI/Raw_CTD/RawDownloads/032326_fcr50_S7809010.cnv
* Sea-Bird SBE19plus  Data File:
* FileName = C:\R\Reservoirs\Data\DataNotYetUploadedToEDI\Raw_CTD\RawDownloads\051126_FCR_50_S7809_0010.hex
* Software version 2.8.0.119
* Temperature SN = 7809
* Conductivity SN = 7809
* System UpLoad Time = May 11 2026 15:33:59
* <ApplicationData>
* <Seaterm232>
# nquan = 15
# nvalues = 1144                        
# units = specified
# name 0 = depFM: Depth [fresh water, m]
# name 1 = dz/dtM: Descent Rate [m/s]
# name 2 = sbeox0Mg/L: Oxygen, SBE 43 [mg/l]
# name 3 = sbeox0PS: Oxygen, SBE 43 [% saturation]
# name 4 = specc: Specific Conductance [uS/cm]
# name 5 = c0uS/cm: Conductivity [uS/cm]
# name 6 = flECO-AFL: Fluorescence, WET Labs ECO-AFL/FL [mg/m^3]
# name 7 = ph: pH
# name 8 = orp: Oxidation Reduction Potential [mV]
# name 9 = par/sat/log: PAR/Logarithmic, Satlantic
# name 10 = turbWETntu0: Turbidity, WET Labs ECO [NTU]
# name 11 = prdM: Pressure, Strain Gauge [db]
# name 12 = prdE: Pressure, Strain Gauge [psi]
# name 13 = tv290C: Temperature [ITS-90, deg C]
# name 14 = flag:  0.000e+00
# span 0 =     -0.703,      9.135       
# span 1 =     -0.343,      0.361       
# span 2 =     7.1708,    11.5221       
# span 3 =     57.514,    101.251       
# span 4 =     11.220,     61.300       
# span 5 =  10.680535,  53.900634       
# span 6 =    -0.3419,    20.9580       
# span 7 =      8.962,      9.959       
# span 8 =     8.4793,  1240.2197       
# span 9 = 1.2362e-01, 1.4035e+03       
# span 10 =    -0.1794,   957.6456      
# span 11 =     -0.689,      8.959      
# span 12 =     -1.000,     12.995      
# span 13 =     5.8935,    22.6232      
# span 14 = 0.0000e+00, 0.0000e+00      
# interval = seconds: 0.25
# start_time = Mar 23 2026 11:02:57 [Instrument's time stamp, header]
# bad_flag = -9.990e-29
*END*
[from data line 482]
      0.597      0.093    10.7495     97.966     37.031  26.774360     1.7101      9.758   150.3794 1.5413e+02     2.3709      0.585      0.849    11.4016 0.0000e+00
      0.622      0.103    10.7546     97.745     36.931  26.645908     1.9623      9.760   150.1294 1.4935e+02     2.4344      0.608      0.882    11.3566 0.0000e+00
      0.651      0.112    10.7579     97.512     36.839  26.511907     2.0886      9.760   149.9605 1.4796e+02     2.4238      0.639      0.927    11.2910 0.0000e+00
      0.681      0.117    10.7662     97.300     36.827  26.422549     2.1044      9.759   149.9730 1.5206e+02     2.5155      0.669      0.970    11.2196 0.0000e+00
      0.711      0.115    10.7683     97.093     36.903  26.389903     2.1204      9.757   150.0216 1.6132e+02     2.6560      0.693      1.004    11.1502 0.0000e+00
      0.746      0.109    10.7578     96.914     36.997  26.370775     2.1156      9.757   150.2042 1.7574e+02     2.6876      0.730      1.060    11.0783 0.0000e+00
      0.781      0.102    10.7539     96.832     37.031  26.318030     2.1129      9.758   150.5458 1.9369e+02     2.7269      0.773      1.122    10.9866 0.0000e+00
      0.805      0.094    10.7595     96.858     37.045  26.259457     2.1214      9.759   151.3128 1.9608e+02     2.7891      0.794      1.152    10.8746 0.0000e+00
      0.818      0.085    10.7677     96.933     37.103  26.233306     2.0685      9.761   152.3366 1.9760e+02     2.7562      0.799      1.158    10.7522 0.0000e+00
      0.834      0.079    10.7726     96.970     37.138  26.192038     1.9558      9.763   152.7726 2.1541e+02     2.6371      0.813      1.180    10.6302 0.0000e+00
      0.857      0.075    10.7905     96.944     37.154  26.140953     1.8828      9.765   152.7971 2.2790e+02     2.5111      0.844      1.225    10.5274 0.0000e+00
      0.876      0.074    10.8165     96.839     37.210  26.122945     1.8765      9.766   152.5473 2.3305e+02     2.4622      0.860      1.247    10.4411 0.0000e+00
      0.895      0.072    10.8537     96.631     37.249  26.101080     1.8967      9.769   151.9897 2.3067e+02     2.4893      0.873      1.266    10.3505 0.0000e+00
      0.917      0.068    10.8811     96.405     37.262  26.066808     1.9105      9.771   152.5940 2.4107e+02     2.5309      0.903      1.309    10.2585 0.0000e+00
      0.936      0.065    10.8983     96.234     37.264  26.025626     1.9014      9.773   154.2609 2.6083e+02     2.5560      0.922      1.336    10.1742 0.0000e+00
      0.948      0.062    10.9127     96.117     37.264  25.983629     1.8785      9.775   155.0222 2.5853e+02     2.5192      0.929      1.347    10.0953 0.0000e+00
      0.958      0.058    10.8981     96.082     37.260  25.939509     1.8670      9.778   155.0018 2.4693e+02     2.4623      0.936      1.358    10.0306 0.0000e+00
      0.974      0.056    10.8837     96.182     37.221  25.872661     1.9284      9.781   154.6170 2.5781e+02     2.4486      0.953      1.384     9.9764 0.0000e+00
      0.992      0.060    10.8812     96.423     37.189  25.809547     2.0465      9.782   153.8118 2.7921e+02     2.4560      0.978      1.418     9.9192 0.0000e+00
      1.005      0.066    10.8812     96.746     37.253  25.810568     2.1045      9.785   153.5256 2.7666e+02     2.5171      0.987      1.431     9.8612 0.0000e+00
      1.017      0.070    10.8883     97.066     37.418  25.884961     2.1135      9.786   154.2545 2.7111e+02     2.5731      0.993      1.440     9.8068 0.0000e+00
      1.037      0.070    10.9131     97.339     37.549  25.947936     2.1721      9.788   155.4828 2.6531e+02     2.5522      1.013      1.470     9.7527 0.0000e+00
      1.062      0.070    10.9569     97.530     37.555  25.937748     2.2804      9.792   156.2452 2.6119e+02     2.5033      1.043      1.512     9.7000 0.0000e+00
      1.085      0.069    11.0139     97.659     37.499  25.888611     2.3418      9.794   156.3316 2.6131e+02     2.4253      1.069      1.550     9.6396 0.0000e+00
      1.100      0.064    11.0670     97.814     37.477  25.861186     2.3485      9.796   155.9251 2.5249e+02     2.4300      1.079      1.565     9.5781 0.0000e+00
      1.112      0.057    11.1093     98.044     37.498  25.859829     2.3777      9.801   155.3739 2.5068e+02     2.5264      1.087      1.577     9.5434 0.0000e+00
      1.126      0.050    11.1352     98.282     37.539  25.872183     2.4114      9.805   155.2600 2.5627e+02     2.5318      1.106      1.604     9.5287 0.0000e+00
      1.138      0.045    11.1474     98.447     37.577  25.883696     2.4072      9.808   155.3228 2.6469e+02     2.4611      1.119      1.623     9.5180 0.0000e+00
      1.148      0.041    11.1660     98.557     37.580  25.872174     2.4014      9.810   155.4447 2.6024e+02     2.4231      1.124      1.630     9.5036 0.0000e+00
      1.159      0.038    11.2024     98.624     37.583  25.859701     2.4491      9.811   155.7862 2.5746e+02     2.4817      1.136      1.649     9.4791 0.0000e+00
      1.170      0.035    11.2417     98.632     37.605  25.859702     2.5266      9.815   155.9244 2.5930e+02     2.5882      1.150      1.668     9.4567 0.0000e+00
      1.176      0.033    11.2612     98.590     37.643  25.872179     2.5472      9.819   155.9115 2.6238e+02     2.5839      1.153      1.672     9.4395 0.0000e+00
      1.181      0.033    11.2790     98.520     37.671  25.883702     2.5238      9.821   156.0609 2.6817e+02     2.4976      1.156      1.677     9.4198 0.0000e+00
      1.190      0.032    11.2934     98.442     37.659  25.872181     2.5265      9.823   156.1819 2.5680e+02     2.5015      1.167      1.694     9.4014 0.0000e+00
      1.200      0.031    11.2989     98.351     37.644  25.859716     2.5463      9.824   155.7399 2.4747e+02     2.5966      1.179      1.709     9.3801 0.0000e+00
      1.209      0.029    11.2992     98.225     37.647  25.859831     2.5558      9.825   154.9327 2.4217e+02     2.6228      1.183      1.717     9.3596 0.0000e+00
      1.218      0.025    11.2923     98.082     37.671  25.873564     2.5403      9.828   154.7672 2.4079e+02     2.5449      1.194      1.732     9.3501 0.0000e+00
      1.225      0.019    11.2845     97.963     37.713  25.898913     2.5098      9.831   155.1157 2.4129e+02     2.4749      1.203      1.744     9.3474 0.0000e+00
      1.228      0.014    11.2760     97.888     37.736  25.912635     2.4951      9.834   155.5336 2.3919e+02     2.4935      1.204      1.747     9.3459 0.0000e+00
      1.229      0.011    11.2616     97.882     37.737  25.912645     2.4872      9.836   156.0335 2.3033e+02     2.5319      1.206      1.749     9.3432 0.0000e+00
      1.229      0.011    11.2431     97.934     37.716  25.899026     2.4646      9.837   156.2550 2.2251e+02     2.4944      1.205      1.748     9.3395 0.0000e+00
      1.229      0.014    11.2314     98.009     37.679  25.874812     2.4460      9.839   155.5454 2.2414e+02     2.4498      1.205      1.748     9.3349 0.0000e+00
      1.231      0.020    11.2217     98.105     37.674  25.873555     2.4876      9.841   154.3364 2.1597e+02     2.4712      1.205      1.748     9.3313 0.0000e+00
      1.237      0.026    11.2210     98.187     37.686  25.883839     2.5677      9.842   153.9416 2.0496e+02     2.5477      1.211      1.755     9.3306 0.0000e+00
      1.248      0.032    11.2311     98.240     37.667  25.872310     2.5901      9.843   154.1267 2.0039e+02     2.5556      1.225      1.776     9.3308 0.0000e+00
      1.258      0.034    11.2362     98.285     37.651  25.860998     2.5666      9.845   154.4246 2.0081e+02     2.4644      1.233      1.789     9.3326 0.0000e+00
      1.270      0.033    11.2497     98.343     37.670  25.873909     2.5919      9.847   154.8753 1.9422e+02     2.4698      1.243      1.803     9.3367 0.0000e+00
      1.281      0.033    11.2588     98.449     37.709  25.901574     2.6634      9.847   155.1028 1.8482e+02     2.5521      1.259      1.825     9.3401 0.0000e+00
      1.287      0.035    11.2620     98.566     37.765  25.941820     2.6986      9.846   155.0237 1.7487e+02     2.5721      1.264      1.833     9.3415 0.0000e+00
      1.289      0.038    11.2688     98.637     37.817  25.979996     2.6927      9.844   154.7790 1.5422e+02     2.5742      1.264      1.834     9.3409 0.0000e+00
      1.293      0.039    11.2712     98.698     37.813  25.982625     2.6505      9.841   154.6390 1.3684e+02     2.5782      1.265      1.834     9.3404 0.0000e+00
      1.306      0.039    11.2852     98.758     37.787  25.973609     2.5883      9.841   154.7078 1.2752e+02     2.5858      1.276      1.850     9.3420 0.0000e+00
      1.328      0.037    11.3035     98.759     37.804  25.997844     2.5556      9.842   154.8366 1.2153e+02     2.5628      1.307      1.894     9.3438 0.0000e+00
      1.343      0.033    11.3063     98.730     37.819  26.021964     2.5306      9.843   154.9051 1.1715e+02     2.4715      1.322      1.917     9.3461 0.0000e+00
      1.347      0.027    11.3106     98.729     37.786  26.011574     2.5025      9.843   155.1064 1.1533e+02     2.3364      1.321      1.915     9.3522 0.0000e+00
      1.348      0.022    11.3201     98.744     37.751  25.999072     2.5064      9.845   155.4644 1.1600e+02     2.2616      1.322      1.916     9.3646 0.0000e+00
      1.348      0.019    11.3123     98.736     37.735  25.997659     2.5362      9.847   155.5331 1.1828e+02     2.3179      1.322      1.918     9.3825 0.0000e+00
      1.349      0.022    11.3001     98.690     37.718  25.994506     2.5392      9.847   155.5071 1.2103e+02     2.3344      1.322      1.918     9.4016 0.0000e+00
      1.354      0.032    11.2970     98.619     37.661  25.960951     2.5162      9.847   155.6665 1.2405e+02     2.2563      1.325      1.922     9.4192 0.0000e+00
      1.366      0.046    11.2966     98.505     37.494  25.845650     2.5078      9.846   155.7400 1.3025e+02     2.2953      1.338      1.941     9.4336 0.0000e+00
      1.379      0.058    11.2933     98.325     37.272  25.678558     2.5051      9.845   155.7929 1.3774e+02     2.4646      1.353      1.964     9.4457 0.0000e+00
      1.392      0.063    11.2834     98.143     37.192  25.589564     2.4912      9.845   156.2199 1.4349e+02     2.5615      1.360      1.973     9.4577 0.0000e+00
      1.416      0.063    11.2735     98.008     37.266  25.594073     2.4655      9.847   156.7733 1.4770e+02     2.5437      1.385      2.008     9.4665 0.0000e+00
      1.445      0.058    11.2626     97.878     37.349  25.606186     2.4273      9.850   156.8056 1.5554e+02     2.4550      1.425      2.067     9.4705 0.0000e+00
      1.460      0.051    11.2414     97.715     37.405  25.609137     2.4035      9.853   156.5241 1.6847e+02     2.3771      1.437      2.083     9.4565 0.0000e+00
      1.465      0.043    11.2302     97.534     37.471  25.629718     2.4117      9.854   156.4676 1.7917e+02     2.3187      1.435      2.081     9.4066 0.0000e+00
      1.469      0.036    11.2381     97.375     37.548  25.664740     2.4175      9.855   156.4663 1.8607e+02     2.2275      1.440      2.088     9.3360 0.0000e+00
      1.474      0.032    11.2414     97.287     37.552  25.652046     2.4481      9.857   156.3360 1.8812e+02     2.2309      1.444      2.094     9.2718 0.0000e+00
      1.482      0.033    11.2346     97.290     37.502  25.603063     2.5245      9.859   156.5270 1.8327e+02     2.3250      1.454      2.107     9.2246 0.0000e+00
      1.492      0.037    11.2208     97.392     37.493  25.579842     2.5754      9.861   156.9688 1.8045e+02     2.3753      1.462      2.120     9.1942 0.0000e+00
      1.504      0.039    11.2050     97.593     37.491  25.561525     2.5884      9.864   157.1178 1.8048e+02     2.3618      1.473      2.136     9.1718 0.0000e+00
      1.517      0.041    11.2003     97.865     37.440  25.508412     2.5913      9.867   157.1244 1.7928e+02     2.3658      1.489      2.159     9.1533 0.0000e+00
      1.527      0.042    11.2052     98.180     37.380  25.444988     2.6094      9.869   157.2205 1.7757e+02     2.4921      1.499      2.174     9.1345 0.0000e+00
      1.534      0.041    11.2225     98.482     37.394  25.428853     2.6493      9.871   157.2478 1.7442e+02     2.6249      1.503      2.180     9.1101 0.0000e+00
      1.544      0.040    11.2541     98.699     37.450  25.440148     2.6578      9.875   157.1103 1.7297e+02     2.6054      1.512      2.193     9.0881 0.0000e+00
      1.559      0.040    11.2915     98.807     37.511  25.454683     2.6448      9.877   157.0206 1.7139e+02     2.4609      1.530      2.220     9.0660 0.0000e+00
      1.569      0.041    11.3384     98.809     37.581  25.477725     2.6594      9.880   157.1097 1.6873e+02     2.3129      1.541      2.236     9.0359 0.0000e+00
      1.577      0.041    11.3875     98.714     37.586  25.465040     2.6925      9.882   157.3262 1.6825e+02     2.2841      1.544      2.240     8.9994 0.0000e+00
      1.588      0.039    11.4228     98.564     37.544  25.428133     2.7214      9.884   157.4873 1.6665e+02     2.3181      1.557      2.257     8.9628 0.0000e+00
      1.600      0.036    11.4442     98.363     37.534  25.412001     2.7165      9.886   157.4238 1.6463e+02     2.2799      1.571      2.278     8.9268 0.0000e+00
      1.610      0.033    11.4564     98.129     37.532  25.396812     2.6509      9.888   157.3317 1.6191e+02     2.2663      1.579      2.290     8.8898 0.0000e+00
      1.618      0.031    11.4468     97.952     37.517  25.371313     2.5518      9.889   157.3200 1.5965e+02     2.3583      1.588      2.303     8.8682 0.0000e+00
      1.624      0.028    11.4322     97.861     37.518  25.357362     2.5013      9.891   157.2830 1.6017e+02     2.4358      1.593      2.311     8.8632 0.0000e+00
      1.629      0.026    11.4127     97.823     37.537  25.354952     2.5053      9.893   157.2280 1.5925e+02     2.4177      1.595      2.314     8.8526 0.0000e+00
      1.634      0.026    11.3841     97.808     37.540  25.342154     2.5511      9.896   157.1713 1.5730e+02     2.3792      1.601      2.323     8.8321 0.0000e+00
      1.642      0.028    11.3695     97.792     37.541  25.329451     2.6470      9.898   157.1994 1.5709e+02     2.4474      1.611      2.337     8.8109 0.0000e+00
      1.648      0.033    11.3663     97.802     37.560  25.328185     2.7163      9.900   157.3101 1.5569e+02     2.5596      1.617      2.345     8.7911 0.0000e+00
      1.655      0.038    11.3681     97.864     37.580  25.326833     2.7148      9.902   157.3908 1.5058e+02     2.5744      1.621      2.352     8.7707 0.0000e+00
      1.665      0.042    11.3738     97.909     37.580  25.313091     2.7529      9.902   157.4875 1.4777e+02     2.5247      1.632      2.367     8.7507 0.0000e+00
      1.678      0.047    11.3756     97.897     37.560  25.288856     2.8773      9.904   157.6187 1.4708e+02     2.5042      1.645      2.386     8.7340 0.0000e+00
      1.693      0.052    11.3773     97.851     37.577  25.287470     2.9706      9.908   157.8587 1.4507e+02     2.5324      1.660      2.408     8.7156 0.0000e+00
      1.707      0.060    11.3969     97.749     37.609  25.296329     3.0239      9.911   158.1525 1.4282e+02     2.5929      1.676      2.431     8.6933 0.0000e+00
      1.719      0.066    11.4094     97.592     37.581  25.269118     3.2298      9.913   158.3318 1.3903e+02     2.6542      1.684      2.444     8.6757 0.0000e+00
      1.734      0.069    11.4067     97.462     37.510  25.212127     3.5798      9.913   158.3912 1.3525e+02     2.7273      1.696      2.461     8.6645 0.0000e+00
      1.756      0.070    11.4098     97.418     37.479  25.178016     3.7850      9.914   158.3552 1.3280e+02     2.8275      1.723      2.499     8.6455 0.0000e+00
      1.781      0.069    11.4044     97.451     37.496  25.173767     3.8466      9.915   158.4119 1.3048e+02     2.8410      1.748      2.535     8.6249 0.0000e+00
