Data/DataNotYetUploadedToEDI/Raw_CTD/RawDownloads/032326_fcr50_S7809010.cnv
* Sea-Bird SBE19plus  Data File:
* FileName = C:\R\Reservoirs\Data\DataNotYetUploadedToEDI\Raw_CTD\RawDownloads\051126_FCR_50_S7809_0010.hex
* Software version 2.8.0.119
* Temperature SN = 7809
* Conductivity SN = 7809
* System UpLoad Time = May 11 2026 15:33:59
* <ApplicationData>
* <Seaterm232>
# nquan = 15
# nvalues = 1144                        
# units = specified
# name 0 = depFM: Depth [fresh water, m]
# name 1 = dz/dtM: Descent Rate [m/s]
# name 2 = sbeox0Mg/L: Oxygen, SBE 43 [mg/l]
# name 3 = sbeox0PS: Oxygen, SBE 43 [% saturation]
# name 4 = specc: Specific Conductance [uS/cm]
# name 5 = c0uS/cm: Conductivity [uS/cm]
# name 6 = flECO-AFL: Fluorescence, WET Labs ECO-AFL/FL [mg/m^3]
# name 7 = ph: pH
# name 8 = orp: Oxidation Reduction Potential [mV]
# name 9 = par/sat/log: PAR/Logarithmic, Satlantic
# name 10 = turbWETntu0: Turbidity, WET Labs ECO [NTU]
# name 11 = prdM: Pressure, Strain Gauge [db]
# name 12 = prdE: Pressure, Strain Gauge [psi]
# name 13 = tv290C: Temperature [ITS-90, deg C]
# name 14 = flag:  0.000e+00
# span 0 =     -0.703,      9.135       
# span 1 =     -0.343,      0.361       
# span 2 =     7.1708,    11.5221       
# span 3 =     57.514,    101.251       
# span 4 =     11.220,     61.300       
# span 5 =  10.680535,  53.900634       
# span 6 =    -0.3419,    20.9580       
# span 7 =      8.962,      9.959       
# span 8 =     8.4793,  1240.2197       
# span 9 = 1.2362e-01, 1.4035e+03       
# span 10 =    -0.1794,   957.6456      
# span 11 =     -0.689,      8.959      
# span 12 =     -1.000,     12.995      
# span 13 =     5.8935,    22.6232      
# span 14 = 0.0000e+00, 0.0000e+00      
# interval = seconds: 0.25
# start_time = Mar 23 2026 11:02:57 [Instrument's time stamp, header]
# bad_flag = -9.990e-29
*END*
[from data line 964]
      5.860      0.037     7.7413     62.527     39.391  24.664362     1.8831      9.556    96.8796 1.0645e+00     3.4694      5.746      8.334     6.3121 0.0000e+00
      5.874      0.038     7.7419     62.495     39.382  24.657550     1.8524      9.556    93.7476 1.1174e+00     3.4546      5.760      8.354     6.3106 0.0000e+00
      5.887      0.039     7.7397     62.480     39.357  24.640267     1.8126      9.556    91.1871 1.1718e+00     3.3827      5.777      8.378     6.3093 0.0000e+00
      5.896      0.039     7.7313     62.453     39.367  24.645655     1.8004      9.556    89.2367 1.2221e+00     3.3522      5.784      8.389     6.3074 0.0000e+00
      5.901      0.037     7.7192     62.420     39.388  24.659278     1.8213      9.556    87.2873 1.2581e+00     3.3924      5.784      8.390     6.3052 0.0000e+00
      5.909      0.035     7.7187     62.418     39.418  24.678145     1.8247      9.556    85.5140 1.2719e+00     3.3916      5.792      8.400     6.3035 0.0000e+00
      5.921      0.036     7.7181     62.457     39.425  24.683524     1.7829      9.555    83.9716 1.2658e+00     3.3420      5.807      8.422     6.3021 0.0000e+00
      5.933      0.041     7.7149     62.506     39.389  24.660892     1.7408      9.554    82.0603 1.2661e+00     3.3053      5.820      8.441     6.3011 0.0000e+00
      5.940      0.047     7.7087     62.561     39.384  24.658177     1.7400      9.553    79.9560 1.2778e+00     3.3235      5.825      8.449     6.3010 0.0000e+00
      5.947      0.049     7.7066     62.609     39.373  24.650697     1.7646      9.553    78.3177 1.2634e+00     3.4256      5.827      8.452     6.3021 0.0000e+00
      5.962      0.049     7.7153     62.646     39.348  24.633865     1.7546      9.552    76.8789 1.2218e+00     3.4462      5.843      8.475     6.3028 0.0000e+00
      5.984      0.050     7.7194     62.688     39.368  24.644919     1.7116      9.550    75.2931 1.1973e+00     3.4026      5.871      8.516     6.3028 0.0000e+00
      6.000      0.055     7.7276     62.725     39.391  24.657507     1.7019      9.548    73.8564 1.1994e+00     3.4442      5.889      8.540     6.3025 0.0000e+00
      6.006      0.062     7.7346     62.746     39.397  24.659231     1.7123      9.548    72.7586 1.1896e+00     3.4370      5.890      8.541     6.3022 0.0000e+00
      6.013      0.067     7.7366     62.775     39.413  24.665770     1.6624      9.548    71.7426 1.1606e+00     3.3496      5.892      8.546     6.3014 0.0000e+00
      6.031      0.071     7.7440     62.824     39.434  24.673147     1.5574      9.547    70.5196 1.1322e+00     3.3106      5.909      8.572     6.2994 0.0000e+00
      6.058      0.074     7.7497     62.857     39.464  24.684994     1.4988      9.545    69.0699 1.0998e+00     3.3742      5.941      8.617     6.2966 0.0000e+00
      6.085      0.077     7.7514     62.851     39.471  24.682174     1.5119      9.545    67.6359 1.0650e+00     3.4697      5.971      8.660     6.2948 0.0000e+00
      6.106      0.076     7.7538     62.823     39.413  24.639041     1.5408      9.545    66.3461 1.0442e+00     3.4411      5.990      8.688     6.2914 0.0000e+00
      6.121      0.071     7.7645     62.783     39.374  24.607386     1.5567      9.545    65.0899 1.0438e+00     3.3351      6.003      8.707     6.2834 0.0000e+00
      6.135      0.064     7.7720     62.721     39.399  24.616519     1.5713      9.544    63.8050 1.0328e+00     3.3157      6.016      8.724     6.2737 0.0000e+00
      6.151      0.058     7.7709     62.616     39.419  24.622634     1.6007      9.543    62.7698 1.0064e+00     3.3773      6.031      8.748     6.2646 0.0000e+00
      6.167      0.053     7.7693     62.478     39.422  24.617894     1.6623      9.543    62.0383 9.9069e-01     3.4651      6.049      8.774     6.2559 0.0000e+00
      6.181      0.048     7.7661     62.352     39.439  24.622619     1.7334      9.543    61.2410 9.6748e-01     3.5226      6.063      8.794     6.2467 0.0000e+00
      6.192      0.042     7.7619     62.240     39.438  24.616340     1.7532      9.543    60.4427 9.4729e-01     3.5269      6.072      8.807     6.2378 0.0000e+00
      6.202      0.035     7.7508     62.129     39.428  24.605387     1.7524      9.543    59.6131 9.4380e-01     3.5861      6.082      8.822     6.2301 0.0000e+00
      6.210      0.030     7.7305     62.039     39.452  24.617022     1.7568      9.542    58.5243 9.4609e-01     3.6234      6.091      8.835     6.2223 0.0000e+00
      6.215      0.026     7.7182     61.999     39.477  24.630177     1.7313      9.542    57.3445 9.5742e-01     3.5327      6.096      8.841     6.2142 0.0000e+00
      6.220      0.024     7.7066     62.038     39.492  24.637610     1.6943      9.541    56.6190 9.6738e-01     3.4801      6.099      8.845     6.2071 0.0000e+00
      6.225      0.023     7.6926     62.127     39.503  24.643471     1.6751      9.540    56.3787 9.7275e-01     3.5685      6.103      8.852     6.2013 0.0000e+00
      6.231      0.023     7.6814     62.220     39.495  24.637621     1.6816      9.540    55.9877 9.8749e-01     3.6793      6.110      8.862     6.1966 0.0000e+00
      6.238      0.023     7.6748     62.335     39.485  24.630294     1.7070      9.539    55.4181 1.0118e+00     3.5905      6.117      8.872     6.1933 0.0000e+00
      6.245      0.022     7.6813     62.470     39.467  24.618301     1.7241      9.539    54.6541 1.0302e+00     3.3483      6.124      8.882     6.1915 0.0000e+00
      6.251      0.019     7.6971     62.599     39.468  24.619444     1.7471      9.538    53.4616 1.0395e+00     3.2792      6.131      8.892     6.1906 0.0000e+00
      6.255      0.016     7.7052     62.720     39.504  24.644121     1.7853      9.538    52.0981 1.0400e+00     3.4037      6.135      8.898     6.1896 0.0000e+00
      6.258      0.013     7.7200     62.792     39.529  24.662998     1.8108      9.538    50.8170 1.0349e+00     3.4869      6.137      8.903     6.1880 0.0000e+00
      6.260      0.009     7.7403     62.761     39.513  24.657433     1.8143      9.537    49.7589 1.0299e+00     3.4310      6.139      8.905     6.1866 0.0000e+00
      6.262      0.007     7.7535     62.697     39.478  24.640250     1.8026      9.536    48.9413 1.0240e+00     3.3091      6.141      8.906     6.1868 0.0000e+00
      6.264      0.006     7.7707     62.703     39.481  24.645501     1.8024      9.536    48.0718 1.0205e+00     3.3108      6.143      8.910     6.1895 0.0000e+00
      6.266      0.004     7.7830     62.703     39.496  24.657513     1.8203      9.536    47.4203 1.0172e+00     3.3837      6.144      8.912     6.1940 0.0000e+00
      6.266      0.004     7.7754     62.653     39.493  24.658657     1.8272      9.536    47.1723 1.0162e+00     3.3358      6.145      8.912     6.2002 0.0000e+00
      6.267      0.005     7.7546     62.610     39.489  24.659327     1.8197      9.535    46.7086 1.0228e+00     3.3127      6.145      8.913     6.2070 0.0000e+00
      6.267      0.007     7.7645     62.587     39.494  24.665625     1.8045      9.534    45.8574 1.0199e+00     3.3780      6.146      8.915     6.2114 0.0000e+00
      6.268      0.009     7.7666     62.585     39.499  24.671392     1.7180      9.534    44.8825 1.0107e+00     3.4075      6.146      8.913     6.2139 0.0000e+00
      6.271      0.011     7.7524     62.598     39.487  24.665628     1.5649      9.534    44.1275 1.0029e+00     3.3967      6.148      8.916     6.2173 0.0000e+00
      6.276      0.011     7.7493     62.588     39.475  24.659354     1.4682      9.533    43.6978 9.7937e-01     3.3501      6.154      8.925     6.2216 0.0000e+00
      6.281      0.010     7.7440     62.560     39.468  24.658953     1.4567      9.531    43.3865 9.5876e-01     3.3557      6.160      8.936     6.2263 0.0000e+00
      6.285      0.008     7.7429     62.570     39.462  24.660785     1.4595      9.530    43.1162 9.5204e-01     3.3969      6.164      8.941     6.2301 0.0000e+00
      6.286      0.004     7.7469     62.598     39.483  24.681519     1.4432      9.529    42.9250 9.4784e-01     3.3010      6.165      8.940     6.2312 0.0000e+00
      6.285     -0.001     7.7470     62.572     39.528  24.719399     1.4351      9.528    42.7095 9.4681e-01     3.1530      6.164      8.941     6.2313 0.0000e+00
      6.283     -0.006     7.7366     62.532     39.541  24.738282     1.4353      9.527    42.3182 9.4103e-01     3.1097      6.162      8.937     6.2357 0.0000e+00
      6.281     -0.010     7.7380     62.547     39.492  24.719593     1.4461      9.526    41.8930 9.3397e-01     3.1537      6.158      8.932     6.2445 0.0000e+00
      6.279     -0.012     7.7454     62.570     39.415  24.683703     1.4982      9.526    41.5259 9.3508e-01     3.1721      6.159      8.933     6.2540 0.0000e+00
      6.276     -0.012     7.7382     62.620     39.398  24.684850     1.5492      9.524    41.3209 9.3430e-01     3.0926      6.157      8.930     6.2655 0.0000e+00
      6.270     -0.007     7.7215     62.738     39.457  24.733473     1.5552      9.522    41.2219 9.3273e-01     3.0474      6.148      8.919     6.2798 0.0000e+00
      6.264      0.002     7.7290     62.822     39.490  24.764271     1.5632      9.522    40.9309 9.4489e-01     3.1378      6.142      8.908     6.2953 0.0000e+00
      6.263      0.013     7.7270     62.876     39.440  24.740146     1.5790      9.521    40.5556 9.5933e-01     3.2973      6.139      8.903     6.3110 0.0000e+00
      6.268      0.024     7.7218     62.990     39.363  24.695451     1.5717      9.520    40.2122 9.5362e-01     3.3702      6.143      8.910     6.3261 0.0000e+00
      6.280      0.034     7.7469     63.152     39.318  24.667793     1.5494      9.519    39.7898 9.3384e-01     3.3024      6.157      8.930     6.3412 0.0000e+00
      6.296      0.039     7.7514     63.297     39.307  24.659411     1.5259      9.518    39.3205 9.2352e-01     3.2978      6.175      8.956     6.3551 0.0000e+00
      6.310      0.040     7.7495     63.404     39.309  24.657521     1.5369      9.518    39.0117 9.3083e-01     3.4172      6.190      8.979     6.3645 0.0000e+00
      6.320      0.036     7.7644     63.481     39.297  24.644941     1.5666      9.517    38.9822 9.3963e-01     3.4477      6.199      8.991     6.3684 0.0000e+00
      6.325      0.031     7.7895     63.540     39.290  24.634132     1.5682      9.517    38.8779 9.3776e-01     3.3589      6.202      8.996     6.3685 0.0000e+00
      6.332      0.027     7.8068     63.564     39.331  24.653657     1.5649      9.516    38.3523 9.3404e-01     3.2995      6.211      9.007     6.3667 0.0000e+00
      6.337      0.024     7.8210     63.510     39.399  24.690766     1.5764      9.516    37.7037 9.2274e-01     3.2761      6.216      9.016     6.3630 0.0000e+00
      6.340      0.024     7.8310     63.395     39.424  24.702297     1.5906      9.516    37.2313 8.9414e-01     3.2473      6.216      9.015     6.3561 0.0000e+00
      6.347      0.025     7.8391     63.254     39.371  24.666235     1.5863      9.516    36.7703 8.5458e-01     3.1901      6.223      9.025     6.3476 0.0000e+00
      6.357      0.027     7.8490     63.111     39.324  24.635260     1.5580      9.516    36.4307 8.2004e-01     3.1312      6.236      9.044     6.3394 0.0000e+00
      6.363      0.032     7.8408     62.994     39.341  24.644858     1.5410      9.516    36.9110 7.9939e-01     3.1159      6.242      9.053     6.3315 0.0000e+00
      6.368      0.051     7.8269     62.917     39.360  24.655447     1.5468      9.513    38.0175 7.8482e-01     3.1412      6.244      9.055     6.3264 0.0000e+00
      6.376      0.096     7.8086     62.846     39.335  24.636452     1.5613      9.508    38.4528 7.6375e-01     3.2331      6.251      9.066     6.3236 0.0000e+00
      6.386      0.160     7.7908     62.761     39.298  24.605433     1.5660      9.505    37.9582 7.4113e-01     3.3045      6.263      9.084     6.3210 0.0000e+00
      6.408      0.222     7.7744     62.688     39.305  24.597486     1.5460      9.504    37.2847 7.3909e-01     3.2878      6.270      9.094     6.3199 0.0000e+00
      6.475      0.266     7.7679     62.623     39.339  24.603769     1.4521      9.504    36.5907 7.1351e-01     3.3035      6.318      9.164     6.3191 0.0000e+00
      6.601      0.288     7.7619     62.549     39.384  24.617965     1.2803      9.504    35.7620 6.2728e-01     3.2898      6.472      9.387     6.3167 0.0000e+00
      6.731      0.292     7.7487     62.443     39.439  24.642282     1.1664      9.504    35.0092 5.5629e-01     3.1555      6.629      9.615     6.3079 0.0000e+00
      6.808      0.273     7.7462     62.338     39.453  24.644106     1.1565      9.505    34.2856 5.4856e-01     3.1142      6.694      9.707     6.2899 0.0000e+00
      6.840      0.230     7.7407     62.288     39.455  24.640009     1.2026      9.504    33.5516 5.4799e-01     3.2006      6.705      9.725     6.2690 0.0000e+00
      6.872      0.177     7.7382     62.273     39.490  24.656163     1.2660      9.504    32.9318 5.1762e-01     3.2442      6.731      9.762     6.2505 0.0000e+00
      6.918      0.138     7.7264     62.274     39.487  24.649159     1.2903      9.504    32.2987 4.8553e-01     3.1970      6.787      9.844     6.2377 0.0000e+00
      6.958      0.125     7.7088     62.284     39.445  24.618743     1.2804      9.503    31.6612 4.6693e-01     3.1087      6.832      9.909     6.2305 0.0000e+00
      6.979      0.126     7.7086     62.323     39.430  24.605479     1.3036      9.502    31.0743 4.5995e-01     3.1667      6.846      9.929     6.2239 0.0000e+00
      6.997      0.130     7.7071     62.394     39.452  24.615619     1.3629      9.502    30.3657 4.5870e-01     3.3177      6.855      9.943     6.2165 0.0000e+00
      7.027      0.136     7.7101     62.461     39.457  24.614504     1.3905      9.501    29.4592 4.3186e-01     3.3282      6.885      9.986     6.2097 0.0000e+00
      7.068      0.146     7.7108     62.510     39.427  24.591994     1.3872      9.500    28.5465 3.9017e-01     3.3291      6.931     10.052     6.2042 0.0000e+00
      7.113      0.156     7.7151     62.556     39.443  24.597123     1.4477      9.498    27.8481 3.6025e-01     3.4642      6.977     10.118     6.1999 0.0000e+00
      7.157      0.157     7.7287     62.604     39.480  24.613085     1.5737      9.498    27.4674 3.2439e-01     3.6300      7.018     10.179     6.1954 0.0000e+00
      7.201      0.145     7.7376     62.629     39.465  24.594732     1.6368      9.498    27.3853 2.8956e-01     3.6596      7.062     10.243     6.1906 0.0000e+00
      7.244      0.125     7.7440     62.625     39.432  24.565470     1.6286      9.498    27.2851 2.7211e-01     3.5491      7.108     10.310     6.1859 0.0000e+00
      7.278      0.101     7.7497     62.607     39.460  24.576358     1.6161      9.498    26.9445 2.6635e-01     3.4896      7.144     10.362     6.1801 0.0000e+00
      7.298      0.078     7.7594     62.574     39.504  24.599534     1.5930      9.498    26.4502 2.4953e-01     3.4870      7.162     10.386     6.1715 0.0000e+00
      7.306      0.057     7.7655     62.511     39.494  24.592011     1.5491      9.498    26.0409 2.3398e-01     3.4147      7.164     10.390     6.1584 0.0000e+00
      7.311      0.041     7.7661     62.426     39.527  24.612231     1.5093      9.498    25.8684 2.5578e-01     3.2985      7.168     10.396     6.1456 0.0000e+00
      7.319      0.032     7.7655     62.339     39.592  24.653757     1.4950      9.498    25.7400 2.7367e-01     3.2437      7.176     10.409     6.1379 0.0000e+00
      7.328      0.028     7.7637     62.272     39.585  24.650185     1.5348      9.498    25.5216 2.7159e-01     3.2988      7.187     10.425     6.1333 0.0000e+00
      7.335      0.027     7.7552     62.247     39.555  24.632460     1.6150      9.496    25.3782 2.7534e-01     3.3496      7.194     10.434     6.1316 0.0000e+00
