Data/DataNotYetUploadedToEDI/Raw_CTD/RawDownloads/032326_fcr50_S7809010.cnv
* Sea-Bird SBE19plus  Data File:
* FileName = C:\R\Reservoirs\Data\DataNotYetUploadedToEDI\Raw_CTD\RawDownloads\051126_FCR_50_S7809_0010.hex
* Software version 2.8.0.119
* Temperature SN = 7809
* Conductivity SN = 7809
* System UpLoad Time = May 11 2026 15:33:59
* <ApplicationData>
* <Seaterm232>
# nquan = 15
# nvalues = 1144                        
# units = specified
# name 0 = depFM: Depth [fresh water, m]
# name 1 = dz/dtM: Descent Rate [m/s]
# name 2 = sbeox0Mg/L: Oxygen, SBE 43 [mg/l]
# name 3 = sbeox0PS: Oxygen, SBE 43 [% saturation]
# name 4 = specc: Specific Conductance [uS/cm]
# name 5 = c0uS/cm: Conductivity [uS/cm]
# name 6 = flECO-AFL: Fluorescence, WET Labs ECO-AFL/FL [mg/m^3]
# name 7 = ph: pH
# name 8 = orp: Oxidation Reduction Potential [mV]
# name 9 = par/sat/log: PAR/Logarithmic, Satlantic
# name 10 = turbWETntu0: Turbidity, WET Labs ECO [NTU]
# name 11 = prdM: Pressure, Strain Gauge [db]
# name 12 = prdE: Pressure, Strain Gauge [psi]
# name 13 = tv290C: Temperature [ITS-90, deg C]
# name 14 = flag:  0.000e+00
# span 0 =     -0.703,      9.135       
# span 1 =     -0.343,      0.361       
# span 2 =     7.1708,    11.5221       
# span 3 =     57.514,    101.251       
# span 4 =     11.220,     61.300       
# span 5 =  10.680535,  53.900634       
# span 6 =    -0.3419,    20.9580       
# span 7 =      8.962,      9.959       
# span 8 =     8.4793,  1240.2197       
# span 9 = 1.2362e-01, 1.4035e+03       
# span 10 =    -0.1794,   957.6456      
# span 11 =     -0.689,      8.959      
# span 12 =     -1.000,     12.995      
# span 13 =     5.8935,    22.6232      
# span 14 = 0.0000e+00, 0.0000e+00      
# interval = seconds: 0.25
# start_time = Mar 23 2026 11:02:57 [Instrument's time stamp, header]
# bad_flag = -9.990e-29
*END*
[from data line 193]
      0.015      0.013    10.5455    100.909     38.413  29.487309     1.9392      9.318   124.1891 1.4571e+02     1.9724      0.014      0.019    13.4199 0.0000e+00
      0.021      0.012    10.5585    100.790     38.428  29.485884     1.9488      9.319   124.3204 1.5020e+02     2.0615      0.024      0.033    13.4074 0.0000e+00
      0.025      0.011    10.5574    100.613     38.434  29.483935     1.9517      9.322   124.2774 1.4778e+02     2.1015      0.026      0.038    13.4030 0.0000e+00
      0.027      0.008    10.5468    100.385     38.408  29.463737     1.9736      9.325   124.0119 1.4270e+02     2.1493      0.025      0.037    13.3968 0.0000e+00
      0.027      0.005    10.5426    100.132     38.366  29.431958     2.0391      9.328   124.2941 1.4327e+02     2.2308      0.026      0.038    13.3793 0.0000e+00
      0.027      0.002    10.5371     99.878     38.350  29.416862     2.0943      9.332   125.1086 1.4605e+02     2.2667      0.027      0.039    13.3584 0.0000e+00
      0.027      0.001    10.5202     99.676     38.345  29.408062     2.1251      9.336   125.6864 1.4767e+02     2.3438      0.027      0.040    13.3493 0.0000e+00
      0.027      0.001    10.4932     99.557     38.322  29.388986     2.1123      9.338   125.8595 1.4703e+02     2.3432      0.027      0.039    13.3533 0.0000e+00
      0.028      0.006    10.4676     99.467     38.301  29.376510     2.0641      9.340   125.7387 1.4553e+02     2.2591      0.027      0.040    13.3564 0.0000e+00
      0.028      0.023    10.4376     99.282     38.308  29.384083     2.0492      9.339   126.0317 1.4528e+02     2.2838      0.026      0.038    13.3515 0.0000e+00
      0.028      0.070    10.4191     99.123     38.453  29.480554     2.0661      9.329   126.9940 1.4191e+02     2.3344      0.028      0.041    13.3420 0.0000e+00
      0.031      0.154    10.4067     99.202     38.759  29.654873     2.0763      9.320   127.9091 1.3830e+02     2.2902      0.025      0.038    13.3375 0.0000e+00
      0.047      0.250    10.4049     99.302     38.755  29.525306     2.1983      9.324   128.4931 1.3746e+02     2.2618      0.036      0.053    13.3480 0.0000e+00
      0.101      0.325    10.3819     99.218     38.359  29.055551     2.4583      9.336   128.7203 1.3091e+02     2.4011      0.070      0.100    13.3537 0.0000e+00
      0.232      0.361    10.3423     98.931     38.149  28.732235     2.6235      9.351   129.0213 1.1552e+02     2.5738      0.192      0.277    13.3508 0.0000e+00
      0.423      0.357    10.3868     98.371     38.221  28.660598     2.6477      9.366   129.4651 1.0032e+02     2.5729      0.439      0.636    13.2919 0.0000e+00
      0.570      0.316    10.4466     97.600     38.367  28.696685     2.6418      9.379   128.8376 9.4055e+01     2.4586      0.604      0.875    13.1068 0.0000e+00
      0.622      0.242    10.4893     96.891     38.439  28.724478     2.6448      9.389   127.5437 9.7251e+01     2.4218      0.623      0.902    12.8637 0.0000e+00
      0.624      0.148    10.5211     96.461     38.383  28.679464     2.6665      9.398   127.1563 1.0604e+02     2.5043      0.610      0.885    12.6357 0.0000e+00
      0.621      0.063    10.5000     96.392     38.272  28.596427     2.6884      9.405   127.4233 1.1459e+02     2.6017      0.607      0.879    12.4633 0.0000e+00
      0.621      0.015    10.4257     96.752     38.127  28.481632     2.6351      9.410   128.1045 1.1676e+02     2.5746      0.610      0.883    12.3722 0.0000e+00
      0.621      0.003    10.3450     97.433     38.087  28.433201     2.5128      9.414   129.1980 1.1416e+02     2.4838      0.609      0.883    12.3497 0.0000e+00
      0.622      0.004    10.2999     98.237     38.232  28.518252     2.4588      9.418   129.8041 1.1248e+02     2.5286      0.610      0.885    12.3585 0.0000e+00
      0.624      0.006    10.2831     99.002     38.382  28.621959     2.4726      9.423   129.1514 1.1282e+02     2.6390      0.612      0.887    12.3587 0.0000e+00
      0.626      0.006    10.3301     99.611     38.427  28.672245     2.4461      9.427   127.8459 1.1352e+02     2.7587      0.614      0.890    12.3548 0.0000e+00
      0.627      0.006    10.4181    100.080     38.404  28.682275     2.3801      9.431   127.4417 1.1150e+02     2.8830      0.614      0.891    12.3301 0.0000e+00
      0.629      0.006    10.5176    100.448     38.365  28.679822     2.3411      9.434   127.8769 1.0765e+02     2.9457      0.617      0.894    12.2837 0.0000e+00
      0.631      0.005    10.6129    100.738     38.364  28.706057     2.3490      9.436   128.2896 1.0566e+02     3.0056      0.620      0.898    12.2689 0.0000e+00
      0.632      0.004    10.6645    100.928     38.380  28.745786     2.3753      9.438   128.9907 1.0271e+02     2.8214      0.620      0.900    12.3010 0.0000e+00
      0.633      0.004    10.7055    101.018     38.387  28.779638     2.4013      9.441   129.6427 9.8335e+01     2.3924      0.621      0.901    12.3421 0.0000e+00
      0.633      0.005    10.7351    101.117     38.370  28.798239     2.4135      9.443   129.3755 9.6096e+01     2.1908      0.621      0.901    12.3751 0.0000e+00
      0.634      0.005    10.7574    101.224     38.304  28.780439     2.3985      9.446   128.9438 9.5468e+01     2.2277      0.622      0.902    12.4089 0.0000e+00
      0.635      0.006    10.7742    101.251     38.234  28.754744     2.3857      9.448   128.9835 9.5535e+01     2.2585      0.622      0.902    12.4456 0.0000e+00
      0.637      0.007    10.7636    101.162     38.275  28.804747     2.4171      9.450   129.1664 9.5886e+01     2.2215      0.625      0.905    12.4822 0.0000e+00
      0.641      0.007    10.7674    100.990     38.434  28.941030     2.4699      9.453   129.4345 9.6125e+01     2.1904      0.628      0.913    12.5229 0.0000e+00
      0.644      0.007    10.7722    100.735     38.494  29.007092     2.4999      9.456   129.8155 9.6293e+01     2.2237      0.631      0.916    12.5670 0.0000e+00
      0.644      0.006    10.7672    100.403     38.408  28.969221     2.5217      9.458   130.4184 9.6218e+01     2.3162      0.632      0.917    12.6054 0.0000e+00
      0.645      0.005    10.7502    100.135     38.317  28.927175     2.5585      9.459   131.0457 9.5597e+01     2.3872      0.632      0.917    12.6292 0.0000e+00
      0.646      0.002    10.7263     99.937     38.225  28.879335     2.5873      9.461   131.2906 9.4599e+01     2.3304      0.634      0.919    12.6426 0.0000e+00
      0.647     -0.005    10.6994     99.762     38.143  28.834825     2.5778      9.464   131.3149 9.4132e+01     2.2454      0.635      0.920    12.6706 0.0000e+00
      0.648     -0.030    10.6407     99.696     38.123  28.833031     2.5607      9.466   130.9954 9.3988e+01     2.2816      0.635      0.921    12.7115 0.0000e+00
      0.648     -0.079    10.6060     99.689     38.143  28.857652     2.5133      9.468   130.2666 9.3212e+01     2.3236      0.636      0.922    12.7457 0.0000e+00
      0.645     -0.146    10.5866     99.605     38.154  28.878818     2.4129      9.469   130.4186 9.4356e+01     2.2746      0.636      0.924    12.7739 0.0000e+00
      0.620     -0.215    10.5497     99.425     38.156  28.898680     2.3462      9.467   131.5427 1.0148e+02     2.2351      0.626      0.909    12.7979 0.0000e+00
      0.550     -0.277    10.5452     99.251     38.143  28.907530     2.3307      9.463   131.9850 1.1487e+02     2.2221      0.562      0.815    12.8148 0.0000e+00
      0.431     -0.325    10.5485     99.161     38.140  28.922405     2.3420      9.459   132.0665 1.3219e+02     2.2543      0.424      0.614    12.8238 0.0000e+00
      0.307     -0.343    10.5368     99.101     38.155  28.951698     2.3500      9.455   132.3564 1.5003e+02     2.2827      0.283      0.411    12.8387 0.0000e+00
      0.213     -0.318    10.5063     99.005     38.124  28.944586     2.3269      9.452   132.1340 1.7376e+02     2.2244      0.206      0.300    12.8659 0.0000e+00
      0.131     -0.253    10.4765     98.845     38.045  28.899859     2.3214      9.452   131.7865 2.0513e+02     2.2323      0.135      0.195    12.8912 0.0000e+00
      0.055     -0.172    10.4677     98.701     37.970  28.854937     2.3497      9.456   132.4569 2.3074e+02     2.3447      0.036      0.052    12.9134 0.0000e+00
      0.020     -0.093    10.4565     98.666     37.951  28.845459     2.3689      9.461   133.9586 2.4289e+02     2.3873     -0.004     -0.005    12.9364 0.0000e+00
      0.034     -0.021    10.4441     98.638     37.957  28.848695     2.3627      9.463   134.7152 2.5188e+02     2.3036      0.033      0.049    12.9586 0.0000e+00
      0.059      0.040    10.4196     98.548     37.938  28.830637     2.3414      9.466   134.5487 2.7404e+02     2.1871      0.069      0.099    12.9800 0.0000e+00
      0.073      0.082    10.3910     98.473     37.925  28.817402     2.3278      9.472   134.2687 3.0034e+02     2.1400      0.066      0.095    12.9976 0.0000e+00
      0.096      0.098    10.3950     98.439     37.929  28.815520     2.3560      9.478   134.0830 2.9478e+02     2.1783      0.084      0.121    13.0039 0.0000e+00
      0.137      0.093    10.3975     98.422     37.927  28.807872     2.4084      9.484   134.1108 2.5599e+02     2.2738      0.140      0.203    12.9996 0.0000e+00
      0.172      0.082    10.3811     98.407     37.912  28.788361     2.4197      9.489   134.4333 2.2751e+02     2.3036      0.176      0.255    12.9942 0.0000e+00
      0.192      0.067    10.3758     98.394     37.898  28.769890     2.4011      9.494   134.8846 2.2092e+02     2.2312      0.191      0.278    12.9894 0.0000e+00
      0.202      0.047    10.3744     98.414     37.915  28.774824     2.4337      9.498   135.1800 2.2177e+02     2.1849      0.200      0.291    12.9831 0.0000e+00
      0.204      0.027    10.3750     98.479     37.938  28.784579     2.5063      9.502   135.3366 2.2285e+02     2.1196      0.200      0.290    12.9752 0.0000e+00
      0.205      0.012    10.3765     98.534     37.914  28.760967     2.5297      9.506   135.3159 2.1597e+02     2.0219      0.201      0.292    12.9645 0.0000e+00
      0.205      0.005    10.3759     98.550     37.897  28.743043     2.5087      9.509   134.8434 2.0627e+02     1.9943      0.201      0.292    12.9531 0.0000e+00
      0.206      0.002    10.3790     98.590     37.923  28.758149     2.4681      9.512   134.3556 2.0116e+02     2.0939      0.202      0.293    12.9425 0.0000e+00
      0.207      0.002    10.3917     98.679     37.922  28.753319     2.4217      9.516   134.4949 1.9926e+02     2.2689      0.203      0.294    12.9328 0.0000e+00
      0.207     -0.001    10.4012     98.719     37.917  28.748070     2.4061      9.518   134.7205 1.9910e+02     2.3003      0.203      0.294    12.9251 0.0000e+00
      0.208     -0.011    10.4006     98.700     37.931  28.758110     2.3946      9.520   134.5877 1.9732e+02     2.1996      0.204      0.295    12.9191 0.0000e+00
      0.208     -0.041    10.4031     98.699     37.918  28.747853     2.3751      9.523   134.4380 1.9529e+02     2.1445      0.204      0.295    12.9131 0.0000e+00
      0.207     -0.091    10.4209     98.691     37.921  28.750908     2.3613      9.528   134.5460 2.0130e+02     2.1461      0.203      0.295    12.9075 0.0000e+00
      0.201     -0.144    10.4273     98.643     37.976  28.795055     2.3520      9.530   134.3441 2.1621e+02     2.1512      0.204      0.296    12.9047 0.0000e+00
      0.168     -0.179    10.4168     98.548     38.024  28.837629     2.3377      9.529   133.5456 2.7558e+02     2.1038      0.187      0.271    12.9046 0.0000e+00
      0.083     -0.186    10.4224     98.433     37.992  28.821673     2.2147      9.529   133.1516 5.1101e+02     2.0848      0.098      0.142    12.9052 0.0000e+00
     -0.028     -0.168    10.4210     98.381     37.944  28.792425     2.0048      9.531   133.1945 8.5744e+02     2.1949     -0.049     -0.072    12.9053 0.0000e+00
     -0.097     -0.131    10.4161     98.398     37.949  28.801151     1.9051      9.534   133.4612 1.0275e+03     2.3088     -0.125     -0.183    12.9065 0.0000e+00
     -0.100     -0.083    10.4048     98.438     37.943  28.800331     1.8923      9.539   133.8813 9.2322e+02     2.3000     -0.105     -0.152    12.9150 0.0000e+00
     -0.074     -0.043    10.3828     98.493     37.918  28.782504     1.8664      9.545   133.1978 7.4015e+02     2.2259     -0.070     -0.101    12.9294 0.0000e+00
     -0.050     -0.031    10.3760     98.568     37.909  28.775896     1.8168      9.551   131.9941 6.9520e+02     2.1979     -0.044     -0.064    12.9393 0.0000e+00
     -0.040     -0.048    10.3799     98.647     37.919  28.783862     1.7507      9.553   131.8035 6.8730e+02     2.2349     -0.033     -0.048    12.9447 0.0000e+00
     -0.054     -0.072    10.3819     98.678     37.956  28.815400     1.7240      9.554   131.9253 8.3489e+02     2.2631     -0.038     -0.056    12.9499 0.0000e+00
     -0.105     -0.087    10.3870     98.613     37.979  28.840079     1.7194      9.556   132.0039 1.2236e+03     2.2321     -0.087     -0.127    12.9517 0.0000e+00
     -0.175     -0.085    10.3964     98.512     37.954  28.828534     1.7360      9.560   132.2376 1.4035e+03     2.2355     -0.192     -0.279    12.9500 0.0000e+00
     -0.208     -0.070    10.4055     98.442     37.914  28.802680     1.8003      9.565   132.2556 1.3528e+03     2.3382     -0.225     -0.328    12.9493 0.0000e+00
     -0.197     -0.043    10.4128     98.366     37.885  28.781207     1.8474      9.569   132.4798 1.3243e+03     2.4142     -0.188     -0.273    12.9541 0.0000e+00
     -0.181     -0.012    10.3990     98.282     37.859  28.759192     1.8563      9.573   132.9703 1.2990e+03     2.3353     -0.175     -0.253    12.9651 0.0000e+00
     -0.174      0.010    10.3811     98.239     37.821  28.726789     1.8826      9.577   133.0229 1.2459e+03     2.1361     -0.170     -0.246    12.9769 0.0000e+00
     -0.172      0.014    10.3766     98.224     37.799  28.706560     1.9483      9.581   132.6002 1.1708e+03     2.0202     -0.169     -0.244    12.9826 0.0000e+00
     -0.173      0.007    10.3690     98.222     37.801  28.704886     2.0014      9.585   132.1608 1.0278e+03     2.0615     -0.170     -0.247    12.9820 0.0000e+00
     -0.174      0.001    10.3564     98.202     37.806  28.706546     2.0089      9.588   132.0991 7.4357e+02     2.0884     -0.169     -0.246    12.9790 0.0000e+00
     -0.175      0.000    10.3556     98.138     37.837  28.726640     2.0227      9.592   132.8859 4.4758e+02     2.0730     -0.171     -0.248    12.9744 0.0000e+00
     -0.176      0.001    10.3553     98.101     37.882  28.757550     2.0687      9.595   134.2753 3.2105e+02     2.1143     -0.172     -0.251    12.9691 0.0000e+00
     -0.176      0.002    10.3559     98.125     37.892  28.763116     2.1065      9.598   134.7875 3.0255e+02     2.2117     -0.173     -0.250    12.9657 0.0000e+00
     -0.175      0.004    10.3591     98.165     37.853  28.730511     2.1216      9.600   134.2609 2.9380e+02     2.3280     -0.172     -0.249    12.9625 0.0000e+00
     -0.172      0.005    10.3470     98.215     37.795  28.680470     2.1110      9.602   133.9309 2.9581e+02     2.3597     -0.170     -0.247    12.9574 0.0000e+00
     -0.170      0.005    10.3429     98.310     37.786  28.665499     2.0945      9.605   133.8074 3.0781e+02     2.3212     -0.166     -0.240    12.9529 0.0000e+00
     -0.168      0.004    10.3499     98.472     37.812  28.676341     2.1048      9.607   133.4563 3.1835e+02     2.3414     -0.164     -0.238    12.9514 0.0000e+00
     -0.168      0.002    10.3536     98.643     37.832  28.684701     2.1197      9.607   133.7299 3.2760e+02     2.3649     -0.165     -0.239    12.9494 0.0000e+00
     -0.168      0.000    10.3600     98.726     37.862  28.703132     2.1080      9.608   134.7928 3.3114e+02     2.2978     -0.165     -0.239    12.9409 0.0000e+00
