Data/DataNotYetUploadedToEDI/Raw_CTD/RawDownloads/032425_bvr50_S8188001.cnv
* Sea-Bird SBE19plus  Data File:
* FileName = C:\R\Reservoirs\Data\DataNotYetUploadedToEDI\Raw_CTD\RawDownloads\032425_bvr50_S8188_0001.hex
* Software version 2.8.0.119
* Temperature SN = 8188
* Conductivity SN = 8188
* System UpLoad Time = Mar 25 2025 11:15:26
* <ApplicationData>
* <Seaterm232>
# nquan = 16
# nvalues = 1715                        
# units = specified
# name 0 = depFM: Depth [fresh water, m]
# name 1 = dz/dtM: Descent Rate [m/s]
# name 2 = sbeox0Mg/L: Oxygen, SBE 43 [mg/l]
# name 3 = sbeox0PS: Oxygen, SBE 43 [% saturation]
# name 4 = specc: Specific Conductance [uS/cm]
# name 5 = c0uS/cm: Conductivity [uS/cm]
# name 6 = wetCDOM: Fluorescence, WET Labs CDOM [mg/m^3]
# name 7 = flECO-AFL: Fluorescence, WET Labs ECO-AFL/FL [mg/m^3]
# name 8 = flECO-AFL1: Fluorescence, WET Labs ECO-AFL/FL, 2 [mg/m^3]
# name 9 = flECO-AFL2: Fluorescence, WET Labs ECO-AFL/FL, 3 [mg/m^3]
# name 10 = par/sat/log: PAR/Logarithmic, Satlantic
# name 11 = turbWETntu0: Turbidity, WET Labs ECO [NTU]
# name 12 = prdM: Pressure, Strain Gauge [db]
# name 13 = prdE: Pressure, Strain Gauge [psi]
# name 14 = tv290C: Temperature [ITS-90, deg C]
# name 15 = flag:  0.000e+00
# span 0 =     -0.782,      7.231       
# span 1 =     -0.376,      0.151       
# span 2 =     6.5708,    13.3585       
# span 3 =     59.364,    120.037       
# span 4 =      3.625,     31.967       
# span 5 =   2.625828,  22.893792       
# span 6 =    -4.5000,    38.7000       
# span 7 =    -0.2693,    13.2426       
# span 8 =    -2.1300,     0.3834       
# span 9 =    -2.0304,     1.7766       
# span 10 = 1.1597e-01, 1.9883e+02      
# span 11 =    -1.1102,   193.1888      
# span 12 =     -0.767,      7.091      
# span 13 =     -1.112,     10.285      
# span 14 =     9.3301,    12.7958      
# span 15 = 0.0000e+00, 0.0000e+00      
# interval = seconds: 0.25
# start_time = Mar 24 2025 10:11:49 [Instrument's time stamp, header]
# bad_flag = -9.990e-29
*END*
[from data line 91]
      0.032     -0.022     9.2190     82.468     30.346  21.652325    21.1500     3.4081     0.1278     0.6768 4.1277e+01     3.7390      0.031      0.046    10.6659 0.0000e+00
      0.026     -0.019     9.2098     82.272     30.383  21.678289    21.1500     3.4310     0.1278     0.6768 3.6484e+01     3.8296      0.026      0.037    10.6702 0.0000e+00
      0.022     -0.015     9.1965     82.027     30.347  21.651755    21.1500     3.4005     0.1278     0.5076 3.4743e+01     3.8145      0.021      0.031    10.6732 0.0000e+00
      0.019     -0.011     9.1805     81.732     30.248  21.579583    21.1500     3.4005     0.1278     0.5076 3.5996e+01     3.7994      0.019      0.027    10.6741 0.0000e+00
      0.017     -0.007     9.1623     81.435     30.139  21.500260    21.1500     3.4997     0.1278     0.5076 3.5161e+01     3.6786      0.017      0.024    10.6738 0.0000e+00
      0.016     -0.004     9.1407     81.228     30.054  21.438420    21.1500     3.5111     0.1278     0.5076 3.3945e+01     3.7994      0.016      0.023    10.6729 0.0000e+00
      0.015     -0.002     9.1139     81.182     29.989  21.391508    21.1500     3.4806     0.1278     0.5922 3.4248e+01     3.8296      0.015      0.022    10.6712 0.0000e+00
      0.015     -0.000     9.0815     81.313     29.933  21.350995    21.1500     3.4806     0.1278     0.5922 3.3842e+01     3.7994      0.015      0.022    10.6690 0.0000e+00
      0.015      0.001     9.0490     81.583     29.879  21.312052    21.1500     3.4463     0.1278     0.5922 3.3731e+01     3.6937      0.015      0.022    10.6667 0.0000e+00
      0.016      0.002     9.0264     81.924     29.815  21.266283    21.1500     3.4196     0.1278     0.5922 3.3498e+01     3.8750      0.016      0.023    10.6649 0.0000e+00
      0.017      0.003     9.0216     82.265     29.736  21.209446    21.1500     3.4272     0.1704     0.5922 3.3512e+01     3.6937      0.016      0.024    10.6636 0.0000e+00
      0.018      0.003     9.0363     82.554     29.654  21.150274    21.1500     3.4501     0.1704     0.5922 3.3563e+01     3.8296      0.017      0.025    10.6627 0.0000e+00
      0.019      0.003     9.0665     82.749     29.591  21.104839    21.1500     3.4196     0.1704     0.5922 3.2942e+01     3.7843      0.018      0.027    10.6621 0.0000e+00
      0.020      0.003     9.1044     82.832     29.558  21.080933    21.1500     3.4157     0.1704     0.5922 3.2445e+01     3.7692      0.019      0.028    10.6614 0.0000e+00
      0.021      0.002     9.1426     82.803     29.552  21.076163    21.1500     3.4272     0.1704     0.5922 3.1989e+01     3.8296      0.020      0.030    10.6605 0.0000e+00
      0.021      0.001     9.1749     82.684     29.559  21.081292    21.1500     3.4157     0.1278     0.5499 3.1268e+01     3.7541      0.021      0.030    10.6594 0.0000e+00
      0.021      0.000     9.1968     82.509     29.565  21.085745    21.1500     3.4081     0.1278     0.5499 3.2770e+01     3.8296      0.021      0.030    10.6584 0.0000e+00
      0.021     -0.001     9.2061     82.299     29.571  21.090709    21.1500     3.4081     0.1278     0.5499 3.2607e+01     3.8447      0.020      0.030    10.6578 0.0000e+00
      0.020     -0.001     9.2030     82.059     29.574  21.093527    21.1500     3.4157     0.1278     0.5499 3.3237e+01     3.7390      0.020      0.028    10.6575 0.0000e+00
      0.020     -0.001     9.1899     81.769     29.563  21.086986    21.1500     3.4157     0.1704     0.6345 3.2827e+01     3.7843      0.019      0.028    10.6573 0.0000e+00
      0.019     -0.001     9.1703     81.409     29.548  21.077306    21.1500     3.3662     0.1704     0.6345 3.4917e+01     3.8145      0.019      0.027    10.6576 0.0000e+00
      0.020      0.000     9.1468     80.987     29.532  21.065888    21.1500     3.3547     0.1704     0.6345 3.3287e+01     3.7994      0.019      0.028    10.6587 0.0000e+00
      0.020      0.000     9.1198     80.542     29.515  21.053667    21.1500     3.3662     0.1704     0.6345 3.1955e+01     3.7994      0.019      0.028    10.6604 0.0000e+00
      0.020      0.000     9.0871     80.119     29.521  21.057291    21.2400     3.3623     0.1704     0.6345 3.2935e+01     3.8447      0.020      0.029    10.6622 0.0000e+00
      0.020      0.000     9.0468     79.758     29.549  21.077728    21.2400     3.4997     0.1704     0.6345 3.5062e+01     3.8901      0.020      0.029    10.6636 0.0000e+00
      0.020      0.001     8.9999     79.468     29.563  21.088575    21.2400     3.4997     0.1704     0.6345 3.3229e+01     3.8296      0.019      0.029    10.6638 0.0000e+00
      0.020      0.001     8.9505     79.239     29.534  21.068836    21.2400     3.5226     0.1704     0.6345 3.5345e+01     3.8598      0.019      0.029    10.6632 0.0000e+00
      0.020      0.001     8.9037     79.047     29.477  21.029173    21.2400     3.5035     0.1704     0.5499 3.4993e+01     3.8447      0.020      0.029    10.6626 0.0000e+00
      0.021      0.001     8.8634     78.856     29.432  20.996835    21.2400     3.4501     0.1704     0.5499 3.4122e+01     3.7994      0.020      0.030    10.6629 0.0000e+00
      0.021      0.002     8.8309     78.630     29.414  20.983103    21.2400     3.4920     0.1704     0.5499 3.2827e+01     3.7994      0.021      0.030    10.6644 0.0000e+00
      0.021      0.002     8.8051     78.356     29.420  20.986308    21.2400     3.4844     0.1704     0.5499 3.3164e+01     3.7692      0.021      0.031    10.6660 0.0000e+00
      0.022      0.002     8.7837     78.040     29.447  21.005312    21.2400     3.4882     0.1704     0.5499 3.3439e+01     3.8447      0.022      0.031    10.6667 0.0000e+00
      0.022      0.002     8.7626     77.711     29.487  21.033239    21.2400     3.4272     0.1704     0.6345 3.4427e+01     3.8598      0.022      0.032    10.6663 0.0000e+00
      0.023      0.003     8.7377     77.410     29.518  21.055639    21.2400     3.4119     0.1704     0.6345 3.4360e+01     3.7390      0.023      0.033    10.6653 0.0000e+00
      0.024      0.003     8.7073     77.174     29.539  21.070522    21.2400     3.4157     0.1704     0.6345 3.3229e+01     3.8598      0.024      0.034    10.6645 0.0000e+00
      0.025      0.004     8.6724     77.020     29.566  21.089821    21.2400     3.4157     0.1704     0.6345 3.3490e+01     3.8296      0.024      0.035    10.6639 0.0000e+00
      0.026      0.004     8.6359     76.947     29.606  21.118680    21.1500     3.5340     0.1704     0.6345 3.3490e+01     3.8145      0.025      0.037    10.6634 0.0000e+00
      0.027      0.003     8.6026     76.931     29.652  21.152853    21.1500     3.5340     0.1704     0.6345 3.2970e+01     3.8598      0.026      0.038    10.6629 0.0000e+00
      0.028      0.003     8.5764     76.924     29.691  21.181543    21.1500     3.5493     0.1704     0.6345 3.2157e+01     3.8296      0.027      0.039    10.6624 0.0000e+00
      0.028      0.002     8.5593     76.884     29.710  21.196475    21.1500     3.5226     0.1704     0.6345 3.2671e+01     3.8447      0.028      0.040    10.6625 0.0000e+00
      0.029      0.000     8.5509     76.783     29.710  21.197652    21.2400     3.5454     0.1278     0.6768 3.1431e+01     3.9203      0.028      0.041    10.6636 0.0000e+00
      0.029     -0.001     8.5487     76.613     29.697  21.189366    21.2400     3.5454     0.1278     0.6768 3.1051e+01     3.8901      0.028      0.041    10.6656 0.0000e+00
      0.028     -0.003     8.5475     76.390     29.684  21.181355    21.2400     3.4997     0.1278     0.6768 3.3006e+01     3.7994      0.028      0.040    10.6678 0.0000e+00
      0.027     -0.004     8.5427     76.136     29.685  21.183424    21.2400     3.5149     0.1278     0.6768 3.2970e+01     3.7692      0.027      0.039    10.6697 0.0000e+00
      0.026     -0.006     8.5312     75.862     29.701  21.196127    21.2400     3.6446     0.1278     0.5076 3.3258e+01     3.8296      0.026      0.037    10.6713 0.0000e+00
      0.024     -0.007     8.5120     75.577     29.725  21.214889    21.2400     3.6828     0.1278     0.5076 3.4092e+01     3.8901      0.024      0.034    10.6727 0.0000e+00
      0.023     -0.007     8.4869     75.287     29.754  21.236748    21.2400     3.6904     0.1278     0.5076 3.4189e+01     3.7390      0.022      0.032    10.6745 0.0000e+00
      0.021     -0.008     8.4582     74.988     29.790  21.263554    21.2400     3.6790     0.1278     0.5076 3.4413e+01     3.7994      0.020      0.029    10.6768 0.0000e+00
      0.018     -0.008     8.4272     74.673     29.838  21.298472    21.2400     3.5645     0.1278     0.5076 3.4278e+01     3.8901      0.018      0.026    10.6795 0.0000e+00
      0.016     -0.008     8.3951     74.336     29.885  21.332897    21.2400     3.5302     0.1704     0.7191 3.6145e+01     3.7994      0.016      0.022    10.6823 0.0000e+00
      0.014     -0.007     8.3625     73.974     29.917  21.356103    21.2400     3.5454     0.1704     0.7191 3.6223e+01     3.7692      0.013      0.019    10.6845 0.0000e+00
      0.012     -0.007     8.3289     73.585     29.927  21.364322    21.2400     3.5531     0.1704     0.7191 3.6160e+01     3.8296      0.011      0.017    10.6860 0.0000e+00
      0.011     -0.006     8.2936     73.177     29.922  21.361739    21.2400     3.4310     0.1704     0.7191 3.6979e+01     3.7390      0.010      0.014    10.6873 0.0000e+00
      0.009     -0.005     8.2560     72.763     29.923  21.363591    21.1500     3.4157     0.1278     0.5922 3.6899e+01     3.7541      0.009      0.013    10.6886 0.0000e+00
      0.008     -0.004     8.2154     72.361     29.939  21.376342    21.1500     3.4348     0.1278     0.5922 3.6899e+01     3.7843      0.008      0.011    10.6900 0.0000e+00
      0.007     -0.003     8.1721     71.979     29.960  21.393441    21.1500     3.4577     0.1278     0.5922 3.6875e+01     3.8598      0.007      0.010    10.6915 0.0000e+00
      0.006     -0.002     8.1264     71.615     29.977  21.407502    21.1500     3.6294     0.1278     0.5922 3.6915e+01     3.4520      0.006      0.009    10.6932 0.0000e+00
      0.006     -0.001     8.0801     71.266     29.981  21.412321    21.3300     3.6370     0.1704     0.6345 3.7269e+01     3.5577      0.005      0.008    10.6952 0.0000e+00
      0.005     -0.001     8.0350     70.929     29.976  21.411173    21.3300     3.6980     0.1704     0.6345 3.7562e+01     3.5728      0.005      0.007    10.6977 0.0000e+00
      0.006      0.000     7.9920     70.601     29.971  21.409726    21.3300     3.6446     0.1704     0.6345 3.6027e+01     3.5275      0.005      0.008    10.7006 0.0000e+00
      0.006      0.001     7.9510     70.277     29.965  21.407593    21.3300     3.6599     0.1704     0.6345 3.6019e+01     3.5426      0.006      0.008    10.7038 0.0000e+00
      0.006      0.001     7.9117     69.958     29.964  21.408188    21.3300     3.5836     0.1704     0.6345 3.6635e+01     3.7692      0.006      0.009    10.7072 0.0000e+00
      0.007      0.001     7.8736     69.640     29.969  21.413659    21.2400     3.6065     0.1278     0.5499 3.5630e+01     3.7541      0.007      0.010    10.7109 0.0000e+00
      0.007      0.000     7.8364     69.329     29.980  21.423475    21.2400     3.5912     0.1278     0.5499 3.5645e+01     3.8901      0.007      0.010    10.7146 0.0000e+00
      0.007     -0.000     7.7999     69.036     30.000  21.440253    21.2400     3.6065     0.1278     0.5499 3.6995e+01     3.8296      0.007      0.010    10.7181 0.0000e+00
      0.007     -0.000     7.7638     68.762     30.026  21.460505    21.2400     3.4844     0.1278     0.5499 3.7407e+01     3.8145      0.006      0.009    10.7215 0.0000e+00
      0.006      0.000     7.7280     68.505     30.042  21.473705    21.2400     3.4653     0.1704     0.5922 3.7816e+01     3.7843      0.006      0.009    10.7246 0.0000e+00
      0.006      0.001     7.6929     68.263     30.048  21.479392    21.2400     3.4768     0.1704     0.5922 3.7799e+01     3.7541      0.006      0.009    10.7278 0.0000e+00
      0.007      0.002     7.6598     68.031     30.057  21.487046    21.2400     3.4806     0.1704     0.5922 3.8138e+01     3.8447      0.006      0.009    10.7310 0.0000e+00
      0.007      0.003     7.6289     67.805     30.071  21.498707    21.2400     3.7362     0.1704     0.5922 3.8113e+01     3.5879      0.007      0.010    10.7342 0.0000e+00
      0.008      0.004     7.5999     67.585     30.074  21.501559    21.2400     3.7057     0.1278     0.5499 3.7832e+01     3.6030      0.007      0.011    10.7370 0.0000e+00
      0.010      0.005     7.5726     67.371     30.054  21.488399    21.2400     3.7362     0.1278     0.5499 3.6381e+01     3.6635      0.009      0.013    10.7394 0.0000e+00
      0.011      0.006     7.5464     67.161     30.029  21.471645    21.2400     3.7438     0.1278     0.5499 3.6145e+01     3.5577      0.010      0.016    10.7414 0.0000e+00
      0.013      0.006     7.5210     66.955     30.016  21.462754    21.2400     3.6446     0.1278     0.5499 3.5653e+01     3.8750      0.012      0.018    10.7435 0.0000e+00
      0.015      0.005     7.4963     66.760     30.016  21.463338    21.3300     3.6256     0.1704     0.5922 3.4819e+01     3.7692      0.014      0.020    10.7455 0.0000e+00
      0.016      0.005     7.4723     66.579     30.030  21.473552    21.3300     3.6484     0.1704     0.5922 3.5607e+01     3.9052      0.015      0.022    10.7473 0.0000e+00
      0.017      0.004     7.4487     66.418     30.049  21.488156    21.3300     3.6446     0.1704     0.5922 3.6043e+01     3.8598      0.016      0.024    10.7487 0.0000e+00
      0.018      0.003     7.4258     66.272     30.052  21.491138    21.3300     3.5569     0.1704     0.5922 3.6121e+01     3.6030      0.017      0.025    10.7497 0.0000e+00
      0.018      0.002     7.4039     66.132     30.035  21.479311    21.3300     3.5454     0.1704     0.5922 3.5222e+01     3.6030      0.017      0.026    10.7504 0.0000e+00
      0.019      0.001     7.3837     65.986     30.023  21.471421    21.2400     3.5378     0.1278     0.6345 3.5700e+01     3.5426      0.018      0.026    10.7515 0.0000e+00
      0.019      0.000     7.3656     65.830     30.034  21.479297    21.2400     3.5226     0.1278     0.6345 3.5314e+01     3.5426      0.018      0.027    10.7528 0.0000e+00
      0.019     -0.001     7.3492     65.673     30.055  21.495087    21.2400     3.5989     0.1278     0.6345 3.4315e+01     3.7692      0.018      0.026    10.7542 0.0000e+00
      0.018     -0.002     7.3335     65.515     30.068  21.505085    21.2400     3.5874     0.1278     0.6345 3.4811e+01     3.6937      0.018      0.026    10.7552 0.0000e+00
      0.018     -0.002     7.3172     65.351     30.070  21.507975    21.2400     3.6103     0.1704     0.5922 3.5522e+01     3.8296      0.017      0.025    10.7558 0.0000e+00
      0.017     -0.003     7.2998     65.182     30.076  21.512490    21.2400     3.6027     0.1704     0.5922 3.6413e+01     3.8598      0.016      0.024    10.7563 0.0000e+00
      0.016     -0.003     7.2822     65.014     30.085  21.519836    21.2400     3.4806     0.1704     0.5922 3.7011e+01     3.5426      0.016      0.022    10.7573 0.0000e+00
      0.015     -0.004     7.2645     64.845     30.095  21.527988    21.2400     3.4882     0.1704     0.5922 3.6835e+01     3.6030      0.015      0.021    10.7587 0.0000e+00
      0.014     -0.004     7.2460     64.681     30.110  21.539122    21.2400     3.4768     0.1278     0.5922 3.6294e+01     3.4671      0.014      0.020    10.7601 0.0000e+00
      0.013     -0.005     7.2271     64.526     30.133  21.556206    21.2400     3.4806     0.1278     0.5922 3.5809e+01     3.5275      0.013      0.018    10.7615 0.0000e+00
