Data/DataNotYetUploadedToEDI/Raw_CTD/RawDownloads/032425_bvr50_S8188001.cnv
* Sea-Bird SBE19plus  Data File:
* FileName = C:\R\Reservoirs\Data\DataNotYetUploadedToEDI\Raw_CTD\RawDownloads\032425_bvr50_S8188_0001.hex
* Software version 2.8.0.119
* Temperature SN = 8188
* Conductivity SN = 8188
* System UpLoad Time = Mar 25 2025 11:15:26
* <ApplicationData>
* <Seaterm232>
# nquan = 16
# nvalues = 1715                        
# units = specified
# name 0 = depFM: Depth [fresh water, m]
# name 1 = dz/dtM: Descent Rate [m/s]
# name 2 = sbeox0Mg/L: Oxygen, SBE 43 [mg/l]
# name 3 = sbeox0PS: Oxygen, SBE 43 [% saturation]
# name 4 = specc: Specific Conductance [uS/cm]
# name 5 = c0uS/cm: Conductivity [uS/cm]
# name 6 = wetCDOM: Fluorescence, WET Labs CDOM [mg/m^3]
# name 7 = flECO-AFL: Fluorescence, WET Labs ECO-AFL/FL [mg/m^3]
# name 8 = flECO-AFL1: Fluorescence, WET Labs ECO-AFL/FL, 2 [mg/m^3]
# name 9 = flECO-AFL2: Fluorescence, WET Labs ECO-AFL/FL, 3 [mg/m^3]
# name 10 = par/sat/log: PAR/Logarithmic, Satlantic
# name 11 = turbWETntu0: Turbidity, WET Labs ECO [NTU]
# name 12 = prdM: Pressure, Strain Gauge [db]
# name 13 = prdE: Pressure, Strain Gauge [psi]
# name 14 = tv290C: Temperature [ITS-90, deg C]
# name 15 = flag:  0.000e+00
# span 0 =     -0.782,      7.231       
# span 1 =     -0.376,      0.151       
# span 2 =     6.5708,    13.3585       
# span 3 =     59.364,    120.037       
# span 4 =      3.625,     31.967       
# span 5 =   2.625828,  22.893792       
# span 6 =    -4.5000,    38.7000       
# span 7 =    -0.2693,    13.2426       
# span 8 =    -2.1300,     0.3834       
# span 9 =    -2.0304,     1.7766       
# span 10 = 1.1597e-01, 1.9883e+02      
# span 11 =    -1.1102,   193.1888      
# span 12 =     -0.767,      7.091      
# span 13 =     -1.112,     10.285      
# span 14 =     9.3301,    12.7958      
# span 15 = 0.0000e+00, 0.0000e+00      
# interval = seconds: 0.25
# start_time = Mar 24 2025 10:11:49 [Instrument's time stamp, header]
# bad_flag = -9.990e-29
*END*
[from data line 633]
      0.002      0.001    11.0128     99.083     27.977  19.921818    21.6000     3.8087     0.1278     0.5922 4.9210e+01     3.9203      0.002      0.003    10.6001 0.0000e+00
      0.002      0.000    11.0120     99.139     27.961  19.910780    21.6900     3.7934     0.1278     0.6768 4.8509e+01     3.8598      0.002      0.003    10.6005 0.0000e+00
      0.002      0.000    11.0151     99.186     27.976  19.921361    21.6900     3.7934     0.1278     0.6768 4.8330e+01     3.8447      0.002      0.003    10.6010 0.0000e+00
      0.002      0.001    11.0205     99.214     28.017  19.950411    21.6900     3.7820     0.1278     0.6768 5.0269e+01     3.8296      0.002      0.003    10.6013 0.0000e+00
      0.002      0.001    11.0268     99.217     28.056  19.977807    21.6900     3.7972     0.1278     0.6768 4.9715e+01     3.8598      0.002      0.003    10.6017 0.0000e+00
      0.002      0.001    11.0329     99.202     28.072  19.988958    21.6900     3.7781     0.1278     0.6768 4.9543e+01     3.6937      0.002      0.003    10.6019 0.0000e+00
      0.003      0.002    11.0382     99.174     28.064  19.982857    21.6000     3.7934     0.1704     0.5922 4.8922e+01     3.7692      0.003      0.004    10.6019 0.0000e+00
      0.003      0.002    11.0413     99.139     28.043  19.967830    21.6000     3.8010     0.1704     0.5922 4.5994e+01     3.8750      0.003      0.005    10.6017 0.0000e+00
      0.004      0.002    11.0418     99.106     28.049  19.971719    21.6000     3.6484     0.1704     0.5922 4.5845e+01     3.8598      0.004      0.006    10.6012 0.0000e+00
      0.005      0.001    11.0403     99.070     28.066  19.983617    21.6000     3.6866     0.1704     0.5922 4.3204e+01     3.7541      0.005      0.007    10.6005 0.0000e+00
      0.005      0.000    11.0374     99.026     28.020  19.950960    21.6000     3.6561     0.1704     0.5922 4.4986e+01     3.7994      0.005      0.008    10.5997 0.0000e+00
      0.005      0.000    11.0338     98.961     27.933  19.888926    21.6000     3.6866     0.1704     0.5922 4.8037e+01     3.8296      0.005      0.007    10.5991 0.0000e+00
      0.005     -0.001    11.0301     98.862     27.877  19.848656    21.6000     3.6713     0.1704     0.5922 4.9060e+01     3.7541      0.005      0.007    10.5989 0.0000e+00
      0.004     -0.001    11.0262     98.729     27.867  19.841306    21.6000     3.7247     0.1704     0.5922 4.6801e+01     3.7994      0.004      0.006    10.5986 0.0000e+00
      0.004     -0.001    11.0214     98.580     27.900  19.864916    21.6000     3.7095     0.1278     0.6768 4.8330e+01     3.8598      0.004      0.006    10.5983 0.0000e+00
      0.004     -0.001    11.0143     98.447     27.955  19.903887    21.6000     3.6942     0.1278     0.6768 4.7189e+01     3.8145      0.004      0.006    10.5979 0.0000e+00
      0.004     -0.001    11.0034     98.360     27.991  19.928797    21.6000     3.8277     0.1278     0.6768 4.7302e+01     3.6030      0.004      0.005    10.5976 0.0000e+00
      0.003     -0.001    10.9885     98.333     28.010  19.942309    21.6000     3.8354     0.1278     0.6768 4.8236e+01     3.5124      0.003      0.005    10.5973 0.0000e+00
      0.003     -0.001    10.9721     98.364     28.043  19.965941    21.6900     3.8354     0.1704     0.6768 4.7127e+01     3.6030      0.003      0.004    10.5969 0.0000e+00
      0.002     -0.001    10.9574     98.436     28.091  20.000023    21.6900     3.8430     0.1704     0.6768 5.0807e+01     3.5879      0.002      0.003    10.5965 0.0000e+00
      0.002     -0.000    10.9477     98.531     28.119  20.019804    21.6900     3.5912     0.1704     0.6768 5.1217e+01     3.8447      0.002      0.003    10.5961 0.0000e+00
      0.002      0.001    10.9448     98.622     28.101  20.006670    21.6900     3.5760     0.1704     0.6768 5.0127e+01     3.8750      0.002      0.003    10.5959 0.0000e+00
      0.002      0.002    10.9483     98.682     28.091  19.998922    21.6900     3.5798     0.1704     0.6768 5.0444e+01     3.8296      0.002      0.003    10.5958 0.0000e+00
      0.003      0.002    10.9564     98.702     28.104  20.008427    21.6000     3.5760     0.1704     0.7191 4.8636e+01     3.7692      0.003      0.004    10.5955 0.0000e+00
      0.004      0.003    10.9671     98.694     28.100  20.005871    21.6000     3.5950     0.1704     0.7191 4.4442e+01     3.8901      0.004      0.006    10.5951 0.0000e+00
      0.005      0.003    10.9773     98.685     28.095  20.002515    21.6000     3.5798     0.1704     0.7191 4.5795e+01     3.7390      0.005      0.007    10.5948 0.0000e+00
      0.006      0.004    10.9841     98.706     28.091  19.999456    21.6000     3.5569     0.1704     0.7191 4.7756e+01     3.7843      0.006      0.009    10.5945 0.0000e+00
      0.007      0.004    10.9863     98.767     28.089  19.997870    21.6000     3.6027     0.1704     0.5499 4.8784e+01     3.7994      0.007      0.010    10.5945 0.0000e+00
      0.008      0.004    10.9853     98.863     28.094  20.001314    21.6000     3.7019     0.1704     0.5499 4.6396e+01     3.8598      0.008      0.011    10.5946 0.0000e+00
      0.009      0.003    10.9843     98.982     28.091  19.998763    21.6000     3.6942     0.1704     0.5499 4.6225e+01     3.7843      0.009      0.013    10.5948 0.0000e+00
      0.010      0.002    10.9866     99.100     28.098  20.003471    21.6000     3.7286     0.1704     0.5499 4.3895e+01     3.8145      0.010      0.014    10.5949 0.0000e+00
      0.010      0.001    10.9935     99.189     28.119  20.018684    21.6000     3.7286     0.1704     0.7191 4.4009e+01     3.8296      0.010      0.015    10.5947 0.0000e+00
      0.011      0.000    11.0043     99.221     28.135  20.030543    21.6000     3.5645     0.1704     0.7191 4.3761e+01     3.9052      0.011      0.015    10.5943 0.0000e+00
      0.011     -0.001    11.0176     99.179     28.131  20.028276    21.6000     3.5302     0.1704     0.7191 4.6064e+01     3.8750      0.011      0.015    10.5938 0.0000e+00
      0.010     -0.002    11.0307     99.068     28.090  19.999335    21.6000     3.5111     0.1704     0.7191 4.6882e+01     3.7239      0.010      0.014    10.5937 0.0000e+00
      0.009     -0.003    11.0406     98.919     28.043  19.965862    21.6000     3.5187     0.1704     0.5922 4.6709e+01     3.8296      0.009      0.013    10.5939 0.0000e+00
      0.008     -0.003    11.0440     98.760     28.030  19.956752    21.6000     3.9078     0.1704     0.5922 4.8225e+01     3.8296      0.008      0.012    10.5943 0.0000e+00
      0.007     -0.003    11.0392     98.619     28.034  19.959622    21.6000     3.9040     0.1704     0.5922 4.8372e+01     3.7390      0.007      0.010    10.5949 0.0000e+00
      0.006     -0.003    11.0268     98.517     28.045  19.967277    21.6000     3.8850     0.1704     0.5922 4.9092e+01     3.7088      0.006      0.009    10.5954 0.0000e+00
      0.005     -0.002    11.0100     98.468     28.063  19.979767    21.6000     3.9117     0.1704     0.5922 4.6974e+01     3.8447      0.005      0.008    10.5958 0.0000e+00
      0.005     -0.002    10.9923     98.478     28.077  19.990468    21.6000     3.8201     0.1278     0.6345 4.7746e+01     3.7692      0.005      0.007    10.5960 0.0000e+00
      0.005     -0.001    10.9766     98.534     28.110  20.014180    21.6000     3.7629     0.1278     0.6345 4.7570e+01     3.7692      0.005      0.007    10.5960 0.0000e+00
      0.005     -0.001    10.9653     98.613     28.151  20.043289    21.6000     3.7858     0.1278     0.6345 4.7374e+01     3.7994      0.005      0.007    10.5961 0.0000e+00
      0.005     -0.001    10.9598     98.695     28.157  20.047738    21.6000     3.7896     0.1278     0.6345 4.8110e+01     3.7843      0.005      0.006    10.5964 0.0000e+00
      0.005     -0.001    10.9608     98.778     28.133  20.030701    21.6900     4.1291     0.1704     0.5922 4.6537e+01     3.8296      0.005      0.006    10.5968 0.0000e+00
      0.004     -0.000    10.9669     98.861     28.095  20.003562    21.6900     4.1405     0.1704     0.5922 4.7912e+01     3.7692      0.004      0.006    10.5972 0.0000e+00
      0.004     -0.000    10.9756     98.937     28.043  19.967047    21.6900     4.1215     0.1704     0.5922 4.7045e+01     3.8901      0.004      0.006    10.5975 0.0000e+00
      0.004     -0.000    10.9847     99.002     27.979  19.921370    21.6900     4.1596     0.1704     0.5922 4.7933e+01     3.7692      0.004      0.006    10.5977 0.0000e+00
      0.004     -0.001    10.9939     99.054     27.924  19.882220    21.6000     4.3809     0.1278     0.6345 4.6396e+01     3.8296      0.004      0.006    10.5977 0.0000e+00
      0.004     -0.001    11.0031     99.091     27.899  19.865035    21.6000     4.3885     0.1278     0.6345 4.9932e+01     3.7541      0.004      0.006    10.5978 0.0000e+00
      0.004     -0.001    11.0115     99.110     27.886  19.855280    21.6000     4.4267     0.1278     0.6345 4.5884e+01     3.8750      0.004      0.005    10.5980 0.0000e+00
      0.003     -0.001    11.0187     99.107     27.887  19.856324    21.6000     4.3923     0.1278     0.6345 4.6933e+01     3.8447      0.003      0.005    10.5983 0.0000e+00
      0.003     -0.001    11.0244     99.084     27.952  19.902287    21.6000     3.8773     0.1278     0.6768 4.8309e+01     3.7994      0.003      0.004    10.5985 0.0000e+00
      0.003     -0.001    11.0285     99.062     28.058  19.977556    21.6000     3.9117     0.1278     0.6768 4.8194e+01     3.8296      0.003      0.004    10.5986 0.0000e+00
      0.002     -0.001    11.0307     99.051     28.132  20.030541    21.6000     3.9078     0.1278     0.6768 4.7995e+01     3.8598      0.002      0.003    10.5986 0.0000e+00
      0.002     -0.001    11.0303     99.043     28.148  20.041530    21.6000     3.9078     0.1278     0.6768 4.8288e+01     3.7692      0.002      0.003    10.5985 0.0000e+00
      0.002     -0.001    11.0277     99.031     28.139  20.035352    21.6000     3.9803     0.1278     0.6768 4.9596e+01     3.8598      0.002      0.002    10.5985 0.0000e+00
      0.002     -0.001    11.0253     99.012     28.134  20.032256    21.6900     3.9803     0.1704     0.6768 4.9349e+01     3.7843      0.002      0.002    10.5985 0.0000e+00
      0.001     -0.001    11.0241     98.983     28.107  20.013500    21.6900     3.9498     0.1704     0.6768 4.8058e+01     3.8145      0.001      0.002    10.5985 0.0000e+00
      0.001     -0.001    11.0232     98.951     28.060  19.980054    21.6900     3.9651     0.1704     0.6768 5.0532e+01     3.8447      0.001      0.001    10.5986 0.0000e+00
      0.001     -0.001    11.0217     98.912     28.022  19.952860    21.6900     3.9002     0.1704     0.6768 4.9942e+01     3.6937      0.001      0.001    10.5989 0.0000e+00
      0.001     -0.000    11.0195     98.862     27.991  19.930637    21.6900     3.9078     0.1704     0.6345 4.8016e+01     3.6332      0.001      0.001    10.5992 0.0000e+00
      0.001      0.000    11.0163     98.817     27.958  19.907460    21.6900     3.8926     0.1704     0.6345 5.1743e+01     3.4369      0.001      0.001    10.5994 0.0000e+00
      0.001      0.001    11.0128     98.797     27.946  19.899044    21.6900     3.9002     0.1704     0.6345 4.9060e+01     3.5426      0.001      0.001    10.5995 0.0000e+00
      0.001      0.001    11.0084     98.804     27.964  19.911108    21.6900     3.9765     0.1704     0.6345 5.1240e+01     3.7692      0.001      0.002    10.5995 0.0000e+00
      0.002      0.001    11.0028     98.828     27.969  19.915019    21.6900     3.9956     0.1704     0.6345 4.7220e+01     3.8598      0.002      0.002    10.5996 0.0000e+00
      0.002      0.002    10.9978     98.855     27.948  19.899875    21.6900     3.9651     0.1704     0.6345 4.9392e+01     3.7994      0.002      0.003    10.5995 0.0000e+00
      0.002      0.002    10.9955     98.876     27.939  19.893489    21.6900     3.9574     0.1704     0.6345 5.0106e+01     3.7692      0.002      0.003    10.5993 0.0000e+00
      0.003      0.002    10.9964     98.885     27.957  19.906102    21.6900     4.1405     0.1704     0.6345 4.7746e+01     3.8598      0.003      0.004    10.5990 0.0000e+00
      0.003      0.002    10.9992     98.871     27.982  19.923161    21.6900     4.1558     0.1704     0.6345 4.8710e+01     3.8447      0.003      0.005    10.5988 0.0000e+00
      0.004      0.002    11.0022     98.830     27.996  19.933290    21.6900     4.1444     0.1704     0.6345 4.9263e+01     3.7994      0.004      0.006    10.5986 0.0000e+00
      0.004      0.002    11.0047     98.772     27.987  19.927247    21.6900     4.1444     0.1704     0.6345 4.8225e+01     3.8296      0.004      0.006    10.5983 0.0000e+00
      0.005      0.002    11.0057     98.717     27.990  19.929298    21.6900     4.2245     0.1704     0.6345 4.7384e+01     3.8447      0.005      0.007    10.5979 0.0000e+00
      0.005      0.001    11.0043     98.681     28.034  19.959896    21.6900     4.2092     0.1704     0.6345 4.6476e+01     3.8901      0.005      0.007    10.5976 0.0000e+00
      0.005      0.001    10.9998     98.666     28.092  20.001322    21.6900     4.2092     0.1278     0.6345 4.7343e+01     3.7692      0.005      0.008    10.5975 0.0000e+00
      0.005      0.001    10.9933     98.672     28.131  20.028793    21.6900     4.2245     0.1278     0.6345 4.7621e+01     3.8145      0.005      0.008    10.5975 0.0000e+00
      0.006      0.001    10.9872     98.702     28.138  20.033709    21.6900     3.8621     0.1278     0.6345 4.8163e+01     3.8750      0.006      0.008    10.5975 0.0000e+00
      0.006      0.001    10.9832     98.758     28.133  20.029325    21.6900     3.8468     0.1278     0.6345 4.9780e+01     3.7994      0.006      0.009    10.5973 0.0000e+00
      0.006      0.001    10.9816     98.832     28.116  20.016462    21.6900     3.8239     0.1278     0.5499 4.7528e+01     3.8901      0.006      0.009    10.5971 0.0000e+00
      0.007      0.001    10.9824     98.913     28.095  20.001643    21.6900     3.8354     0.1278     0.5499 4.7066e+01     3.8598      0.007      0.010    10.5967 0.0000e+00
      0.007      0.001    10.9858     98.997     28.097  20.002813    21.6900     3.7858     0.1278     0.5499 4.8016e+01     3.5577      0.007      0.011    10.5961 0.0000e+00
      0.008      0.000    10.9923     99.078     28.113  20.014313    21.6900     3.6370     0.1278     0.5499 4.3752e+01     3.5728      0.008      0.012    10.5952 0.0000e+00
      0.008     -0.001    11.0007     99.146     28.106  20.009349    21.6900     3.6179     0.1704     0.6345 4.5251e+01     3.6030      0.008      0.012    10.5943 0.0000e+00
      0.008     -0.002    11.0099     99.189     28.065  19.980627    21.6900     3.6408     0.1704     0.6345 4.4019e+01     3.5879      0.008      0.011    10.5937 0.0000e+00
      0.007     -0.002    11.0194     99.194     28.022  19.950346    21.6900     3.6446     0.1704     0.6345 4.6954e+01     3.6332      0.007      0.010    10.5934 0.0000e+00
      0.006     -0.003    11.0284     99.156     27.985  19.924367    21.6900     3.5493     0.1704     0.6345 4.8720e+01     3.5728      0.006      0.009    10.5935 0.0000e+00
      0.005     -0.003    11.0358     99.077     27.939  19.891779    21.6900     3.5416     0.1704     0.6345 5.0160e+01     3.6181      0.005      0.007    10.5940 0.0000e+00
      0.004     -0.002    11.0404     98.973     27.898  19.861809    21.6900     3.5302     0.1278     0.6345 5.1653e+01     3.6332      0.004      0.006    10.5947 0.0000e+00
      0.003     -0.002    11.0408     98.873     27.879  19.848360    21.6900     3.5493     0.1278     0.6345 4.7291e+01     3.5124      0.003      0.005    10.5954 0.0000e+00
      0.003     -0.001    11.0364     98.794     27.870  19.841875    21.6900     3.5493     0.1278     0.6345 5.0236e+01     3.4671      0.003      0.005    10.5957 0.0000e+00
