Data/DataNotYetUploadedToEDI/Raw_CTD/RawDownloads/032425_fcr50_S7809003.cnv
* Sea-Bird SBE19plus  Data File:
* FileName = C:\R\Reservoirs\Data\DataNotYetUploadedToEDI\Raw_CTD\RawDownloads\031725_fcr50_S7809_0003.hex
* Software version 2.8.0.119
* Temperature SN = 7809
* Conductivity SN = 7809
* System UpLoad Time = Mar 25 2025 10:59:51
* <ApplicationData>
* <Seaterm232>
# nquan = 15
# nvalues = 1345                        
# units = specified
# name 0 = depFM: Depth [fresh water, m]
# name 1 = dz/dtM: Descent Rate [m/s]
# name 2 = sbeox0Mg/L: Oxygen, SBE 43 [mg/l]
# name 3 = sbeox0PS: Oxygen, SBE 43 [% saturation]
# name 4 = specc: Specific Conductance [uS/cm]
# name 5 = c0uS/cm: Conductivity [uS/cm]
# name 6 = flECO-AFL: Fluorescence, WET Labs ECO-AFL/FL [mg/m^3]
# name 7 = ph: pH
# name 8 = orp: Oxidation Reduction Potential [mV]
# name 9 = par/sat/log: PAR/Logarithmic, Satlantic
# name 10 = turbWETntu0: Turbidity, WET Labs ECO [NTU]
# name 11 = prdM: Pressure, Strain Gauge [db]
# name 12 = prdE: Pressure, Strain Gauge [psi]
# name 13 = tv290C: Temperature [ITS-90, deg C]
# name 14 = flag:  0.000e+00
# span 0 =     -0.721,      9.474       
# span 1 =     -0.481,      0.257       
# span 2 =     7.5749,    13.8471       
# span 3 =     63.530,    125.050       
# span 4 =      0.407,     43.472       
# span 5 =   0.287650,  31.313083       
# span 6 =    -0.1749,     5.3061       
# span 7 =      6.074,      7.720       
# span 8 =  -261.3164,   388.1590       
# span 9 = 1.2366e-01, 2.7636e+02       
# span 10 =     0.3855,   216.3001      
# span 11 =     -0.707,      9.292      
# span 12 =     -1.025,     13.477      
# span 13 =     7.6333,    11.0751      
# span 14 = 0.0000e+00, 0.0000e+00      
# interval = seconds: 0.25
# start_time = Mar 24 2025 11:01:04 [Instrument's time stamp, header]
# bad_flag = -9.990e-29
*END*
[from data line 386]
      2.590      0.025    12.6309    115.324     42.410  30.588641     2.1858      7.265   261.6203 1.8113e+01     4.9727      2.540      3.683    11.0546 0.0000e+00
      2.592      0.030    12.6546    115.363     42.390  30.575775     2.2086      7.267   261.6526 1.8029e+01     4.9273      2.540      3.684    11.0562 0.0000e+00
      2.601      0.036    12.6738    115.380     42.384  30.572770     2.2472      7.270   261.5559 1.7819e+01     4.8917      2.548      3.695    11.0577 0.0000e+00
      2.618      0.038    12.6868    115.442     42.354  30.552313     2.2785      7.275   261.6557 1.7574e+01     4.9517      2.567      3.723    11.0594 0.0000e+00
      2.635      0.037    12.7014    115.535     42.306  30.518735     2.2952      7.280   261.8271 1.7414e+01     5.0047      2.587      3.753    11.0610 0.0000e+00
      2.647      0.032    12.7031    115.635     42.257  30.483951     2.3327      7.286   261.9069 1.7343e+01     4.9855      2.598      3.769    11.0622 0.0000e+00
      2.652      0.023    12.6993    115.719     42.207  30.448921     2.3741      7.292   262.1042 1.7334e+01     4.9236      2.601      3.773    11.0637 0.0000e+00
      2.653      0.014    12.7089    115.779     42.155  30.412364     2.3956      7.297   262.3194 1.7356e+01     4.9396      2.602      3.774    11.0650 0.0000e+00
      2.653      0.007    12.7189    115.820     42.080  30.359120     2.4100      7.301   262.3584 1.7349e+01     5.0079      2.601      3.773    11.0662 0.0000e+00
      2.653      0.003    12.7305    115.825     42.014  30.312636     2.3567      7.305   262.3170 1.7317e+01     4.9641      2.602      3.774    11.0674 0.0000e+00
      2.654      0.001    12.7405    115.812     41.988  30.294370     2.2338      7.310   262.3356 1.7312e+01     4.8538      2.602      3.774    11.0684 0.0000e+00
      2.654      0.001    12.7447    115.810     41.947  30.265144     2.1642      7.315   262.4112 1.7323e+01     4.8360      2.602      3.774    11.0695 0.0000e+00
      2.654      0.003    12.7521    115.812     41.874  30.212998     2.1652      7.320   262.5434 1.7323e+01     4.8859      2.603      3.775    11.0705 0.0000e+00
      2.654      0.007    12.7503    115.806     41.815  30.171350     2.1788      7.323   262.7291 1.7318e+01     4.9104      2.603      3.775    11.0713 0.0000e+00
      2.654      0.012    12.7469    115.807     41.775  30.142191     2.1867      7.326   262.7634 1.7318e+01     4.8938      2.603      3.775    11.0722 0.0000e+00
      2.656      0.016    12.7475    115.844     41.736  30.114166     2.1775      7.329   262.6997 1.7265e+01     4.8898      2.603      3.775    11.0731 0.0000e+00
      2.662      0.019    12.7479    115.895     41.697  30.086243     2.1596      7.334   262.6476 1.7095e+01     4.8958      2.608      3.783    11.0737 0.0000e+00
      2.673      0.019    12.7471    115.938     41.658  30.058316     2.1534      7.338   262.5632 1.6936e+01     4.8634      2.622      3.804    11.0742 0.0000e+00
      2.681      0.018    12.7441    115.974     41.619  30.030244     2.1444      7.341   262.5394 1.6905e+01     4.8399      2.631      3.817    11.0745 0.0000e+00
      2.684      0.018    12.7508    116.014     41.578  30.000556     2.1172      7.344   262.6181 1.6908e+01     4.8505      2.632      3.818    11.0747 0.0000e+00
      2.685      0.019    12.7570    116.055     41.512  29.953091     2.0990      7.346   262.9122 1.6906e+01     4.8894      2.632      3.818    11.0749 0.0000e+00
      2.685      0.022    12.7611    116.083     41.440  29.900389     2.1065      7.346   263.1703 1.6903e+01     4.9690      2.633      3.820    11.0751 0.0000e+00
      2.688      0.025    12.7652    116.109     41.400  29.870801     2.1094      7.347   262.8142 1.6830e+01     5.0279      2.634      3.821    11.0750 0.0000e+00
      2.698      0.029    12.7689    116.166     41.370  29.849076     2.0922      7.349   262.3066 1.6626e+01     4.9869      2.642      3.830    11.0748 0.0000e+00
      2.713      0.034    12.7753    116.255     41.341  29.828019     2.0656      7.349   262.2801 1.6437e+01     4.9168      2.662      3.861    11.0746 0.0000e+00
      2.725      0.040    12.7775    116.351     41.312  29.806499     2.0529      7.349   262.4079 1.6397e+01     4.9314      2.677      3.884    11.0741 0.0000e+00
      2.730      0.045    12.7788    116.451     41.274  29.779179     2.1138      7.349   262.6472 1.6366e+01     4.9929      2.675      3.881    11.0738 0.0000e+00
      2.735      0.047    12.7850    116.563     41.236  29.751426     2.2029      7.350   262.9371 1.6218e+01     5.0113      2.679      3.884    11.0733 0.0000e+00
      2.749      0.046    12.7966    116.698     41.200  29.724663     2.2231      7.351   263.0731 1.5990e+01     4.9491      2.694      3.908    11.0730 0.0000e+00
      2.768      0.044    12.8073    116.869     41.180  29.709325     2.2072      7.352   263.0016 1.5755e+01     4.8550      2.715      3.938    11.0726 0.0000e+00
      2.787      0.041    12.8176    117.039     41.158  29.692844     2.1779      7.355   262.6756 1.5597e+01     4.7960      2.736      3.969    11.0719 0.0000e+00
      2.797      0.036    12.8307    117.170     41.102  29.652258     2.1356      7.356   262.5721 1.5569e+01     4.7480      2.746      3.984    11.0713 0.0000e+00
      2.799      0.031    12.8435    117.282     41.029  29.599194     2.1200      7.357   262.6975 1.5560e+01     4.6847      2.745      3.981    11.0708 0.0000e+00
      2.800      0.026    12.8647    117.380     40.974  29.558712     2.1224      7.358   262.7287 1.5540e+01     4.6454      2.745      3.982    11.0701 0.0000e+00
      2.804      0.024    12.8869    117.457     40.954  29.543384     2.1389      7.359   262.8631 1.5475e+01     4.6828      2.746      3.983    11.0693 0.0000e+00
      2.814      0.024    12.8984    117.527     40.951  29.540725     2.1704      7.362   263.1179 1.5325e+01     4.7270      2.757      3.999    11.0686 0.0000e+00
      2.825      0.026    12.9116    117.602     40.932  29.526568     2.1867      7.364   263.1417 1.5240e+01     4.7010      2.774      4.023    11.0677 0.0000e+00
      2.830      0.028    12.9234    117.672     40.894  29.499068     2.1854      7.366   262.9787 1.5190e+01     4.6762      2.776      4.025    11.0671 0.0000e+00
      2.835      0.031    12.9310    117.741     40.844  29.461956     2.1803      7.369   262.9542 1.5100e+01     4.6671      2.779      4.030    11.0664 0.0000e+00
      2.842      0.036    12.9381    117.806     40.752  29.395010     2.1673      7.370   263.1041 1.5029e+01     4.7266      2.789      4.044    11.0657 0.0000e+00
      2.848      0.044    12.9478    117.869     40.654  29.323942     2.1356      7.371   263.3283 1.4967e+01     4.8497      2.792      4.049    11.0651 0.0000e+00
      2.857      0.054    12.9553    117.970     40.623  29.300427     2.1129      7.374   263.6854 1.4818e+01     4.8912      2.799      4.059    11.0644 0.0000e+00
      2.874      0.061    12.9621    118.107     40.624  29.300988     2.1179      7.378   264.0661 1.4550e+01     4.8875      2.817      4.085    11.0637 0.0000e+00
      2.896      0.065    12.9723    118.216     40.579  29.267288     2.2043      7.380   264.1460 1.4281e+01     4.9073      2.840      4.120    11.0630 0.0000e+00
      2.919      0.067    12.9745    118.252     40.502  29.210115     2.3756      7.382   264.0497 1.4085e+01     4.9603      2.864      4.154    11.0620 0.0000e+00
      2.938      0.067    12.9879    118.371     40.462  29.180598     2.4656      7.384   264.0198 1.3937e+01     4.9811      2.883      4.182    11.0613 0.0000e+00
      2.952      0.065    13.0039    118.666     40.440  29.164128     2.4604      7.385   263.9566 1.3829e+01     4.9193      2.895      4.200    11.0605 0.0000e+00
      2.963      0.062    13.0231    118.945     40.405  29.137836     2.4719      7.388   263.8011 1.3709e+01     4.9643      2.905      4.213    11.0594 0.0000e+00
      2.978      0.061    13.0187    119.165     40.378  29.116425     2.4952      7.391   264.0333 1.3527e+01     5.1503      2.918      4.233    11.0581 0.0000e+00
      2.996      0.061    13.0197    119.387     40.351  29.095533     2.5002      7.395   264.6992 1.3319e+01     5.2543      2.938      4.261    11.0569 0.0000e+00
      3.014      0.061    13.0741    119.606     40.325  29.075526     2.4917      7.397   265.1413 1.3146e+01     5.2312      2.956      4.288    11.0555 0.0000e+00
      3.030      0.060    13.1001    119.811     40.313  29.064816     2.5590      7.399   265.2487 1.3010e+01     5.1448      2.972      4.310    11.0540 0.0000e+00
      3.045      0.057    13.1216    119.982     40.266  29.029468     2.7230      7.402   265.1374 1.2876e+01     5.0643      2.987      4.330    11.0525 0.0000e+00
      3.059      0.053    13.1494    120.106     40.180  28.965289     2.8269      7.405   264.9140 1.2751e+01     5.0083      3.001      4.352    11.0507 0.0000e+00
      3.072      0.050    13.1725    120.217     40.125  28.923136     2.8327      7.408   265.1284 1.2641e+01     4.9800      3.014      4.371    11.0486 0.0000e+00
      3.083      0.048    13.1977    120.367     40.096  28.900374     2.7522      7.411   265.8365 1.2539e+01     5.0304      3.024      4.384    11.0465 0.0000e+00
      3.094      0.047    13.2174    120.512     40.071  28.880369     2.6017      7.413   266.2494 1.2440e+01     5.1391      3.033      4.399    11.0444 0.0000e+00
      3.106      0.046    13.2320    120.615     40.062  28.871541     2.5282      7.416   266.2486 1.2328e+01     5.2354      3.046      4.417    11.0419 0.0000e+00
      3.119      0.043    13.2386    120.709     40.046  28.857064     2.5369      7.420   266.2571 1.2205e+01     5.2389      3.058      4.435    11.0394 0.0000e+00
      3.132      0.041    13.2618    120.809     40.015  28.832182     2.5239      7.422   266.2654 1.2098e+01     5.1808      3.072      4.455    11.0364 0.0000e+00
      3.142      0.038    13.2798    120.907     40.008  28.824408     2.4796      7.424   266.3491 1.2027e+01     5.1136      3.083      4.471    11.0336 0.0000e+00
      3.150      0.036    13.2894    120.995     40.014  28.826504     2.4512      7.427   266.5820 1.1966e+01     5.0751      3.088      4.481    11.0306 0.0000e+00
      3.157      0.035    13.3002    121.074     39.973  28.794088     2.4639      7.429   266.8439 1.1910e+01     5.1251      3.095      4.489    11.0275 0.0000e+00
      3.164      0.037    13.3132    121.162     39.916  28.749616     2.4751      7.431   267.0212 1.1858e+01     5.1718      3.103      4.500    11.0244 0.0000e+00
      3.172      0.042    13.3251    121.262     39.896  28.732798     2.4785      7.432   267.0042 1.1765e+01     5.1623      3.109      4.509    11.0210 0.0000e+00
      3.182      0.049    13.3361    121.361     39.880  28.717594     2.5129      7.435   266.9822 1.1641e+01     5.1801      3.119      4.524    11.0174 0.0000e+00
      3.196      0.056    13.3450    121.463     39.850  28.692646     2.5496      7.437   267.1852 1.1519e+01     5.2165      3.133      4.545    11.0138 0.0000e+00
      3.213      0.062    13.3551    121.591     39.844  28.684867     2.5556      7.438   267.3941 1.1393e+01     5.2267      3.149      4.568    11.0099 0.0000e+00
      3.231      0.064    13.3690    121.744     39.853  28.686963     2.5191      7.439   267.5296 1.1247e+01     5.1327      3.169      4.596    11.0060 0.0000e+00
      3.250      0.064    13.3804    121.893     39.813  28.654558     2.4415      7.441   267.7907 1.1079e+01     4.9686      3.188      4.623    11.0021 0.0000e+00
      3.269      0.059    13.3921    122.027     39.756  28.610204     2.3999      7.443   268.1417 1.0937e+01     4.9160      3.206      4.649    10.9980 0.0000e+00
      3.285      0.053    13.4069    122.160     39.740  28.594680     2.4152      7.446   268.5911 1.0842e+01     4.9406      3.223      4.675    10.9936 0.0000e+00
      3.297      0.045    13.4278    122.322     39.745  28.593722     2.4182      7.449   268.8361 1.0762e+01     4.9922      3.234      4.691    10.9888 0.0000e+00
      3.305      0.038    13.4456    122.504     39.757  28.598612     2.4035      7.450   268.3505 1.0697e+01     5.0971      3.241      4.701    10.9838 0.0000e+00
      3.311      0.034    13.4619    122.673     39.751  28.590371     2.3949      7.452   267.6235 1.0647e+01     5.1834      3.247      4.710    10.9789 0.0000e+00
      3.318      0.035    13.4758    122.799     39.711  28.557501     2.3974      7.453   267.6178 1.0610e+01     5.2156      3.254      4.721    10.9741 0.0000e+00
      3.325      0.039    13.4956    122.876     39.662  28.518329     2.4173      7.453   268.1093 1.0568e+01     5.1454      3.261      4.730    10.9692 0.0000e+00
      3.333      0.044    13.5198    122.961     39.637  28.497313     2.4440      7.455   268.4042 1.0471e+01     4.9830      3.267      4.737    10.9642 0.0000e+00
      3.346      0.046    13.5395    123.064     39.637  28.493686     2.4705      7.459   268.6883 1.0324e+01     4.9270      3.278      4.755    10.9592 0.0000e+00
      3.365      0.045    13.5580    123.147     39.614  28.474475     2.4881      7.462   269.0498 1.0210e+01     5.0146      3.301      4.787    10.9543 0.0000e+00
      3.382      0.043    13.5625    123.224     39.592  28.455317     2.4822      7.463   268.7303 1.0162e+01     5.0181      3.321      4.816    10.9496 0.0000e+00
      3.391      0.041    13.5730    123.301     39.592  28.452328     2.5077      7.464   267.9224 1.0125e+01     4.8996      3.327      4.825    10.9452 0.0000e+00
      3.395      0.038    13.5903    123.361     39.577  28.438331     2.5801      7.465   267.7135 1.0088e+01     4.8458      3.330      4.828    10.9409 0.0000e+00
      3.400      0.034    13.5973    123.430     39.545  28.412936     2.6250      7.467   267.9246 1.0048e+01     4.9146      3.333      4.834    10.9369 0.0000e+00
      3.409      0.032    13.6074    123.526     39.530  28.398981     2.6426      7.468   268.2377 9.9620e+00     5.0138      3.341      4.844    10.9331 0.0000e+00
      3.422      0.032    13.6191    123.623     39.531  28.396466     2.5928      7.471   268.7472 9.8726e+00     5.0207      3.357      4.868    10.9292 0.0000e+00
      3.433      0.034    13.6248    123.703     39.516  28.382513     2.4720      7.472   268.8363 9.8316e+00     4.9295      3.369      4.886    10.9253 0.0000e+00
      3.439      0.038    13.6320    123.778     39.486  28.357130     2.4052      7.472   268.3681 9.8076e+00     4.8672      3.372      4.892    10.9217 0.0000e+00
      3.444      0.042    13.6463    123.856     39.471  28.343280     2.4013      7.472   267.9902 9.7653e+00     4.9176      3.375      4.897    10.9180 0.0000e+00
      3.452      0.045    13.6589    123.951     39.473  28.341908     2.4006      7.472   267.9671 9.6681e+00     4.9579      3.381      4.904    10.9140 0.0000e+00
      3.467      0.049    13.6677    124.075     39.476  28.340535     2.3794      7.473   268.2603 9.5236e+00     4.8757      3.398      4.930    10.9102 0.0000e+00
      3.485      0.055    13.6775    124.206     39.462  28.326676     2.3536      7.473   268.6962 9.4175e+00     4.8461      3.421      4.962    10.9060 0.0000e+00
      3.500      0.060    13.6874    124.322     39.431  28.301190     2.3549      7.475   268.9355 9.3333e+00     4.9416      3.432      4.978    10.9016 0.0000e+00
      3.513      0.062    13.6975    124.446     39.415  28.286093     2.4036      7.477   269.0030 9.2233e+00     5.0061      3.443      4.994    10.8973 0.0000e+00
      3.529      0.061    13.7143    124.614     39.400  28.270995     2.4766      7.477   269.0828 9.1163e+00     4.9756      3.460      5.019    10.8929 0.0000e+00
