Data/DataNotYetUploadedToEDI/Raw_CTD/RawDownloads/032425_bvr50_S8188001.cnv
* Sea-Bird SBE19plus  Data File:
* FileName = C:\R\Reservoirs\Data\DataNotYetUploadedToEDI\Raw_CTD\RawDownloads\032425_bvr50_S8188_0001.hex
* Software version 2.8.0.119
* Temperature SN = 8188
* Conductivity SN = 8188
* System UpLoad Time = Mar 25 2025 11:15:26
* <ApplicationData>
* <Seaterm232>
# nquan = 16
# nvalues = 1715                        
# units = specified
# name 0 = depFM: Depth [fresh water, m]
# name 1 = dz/dtM: Descent Rate [m/s]
# name 2 = sbeox0Mg/L: Oxygen, SBE 43 [mg/l]
# name 3 = sbeox0PS: Oxygen, SBE 43 [% saturation]
# name 4 = specc: Specific Conductance [uS/cm]
# name 5 = c0uS/cm: Conductivity [uS/cm]
# name 6 = wetCDOM: Fluorescence, WET Labs CDOM [mg/m^3]
# name 7 = flECO-AFL: Fluorescence, WET Labs ECO-AFL/FL [mg/m^3]
# name 8 = flECO-AFL1: Fluorescence, WET Labs ECO-AFL/FL, 2 [mg/m^3]
# name 9 = flECO-AFL2: Fluorescence, WET Labs ECO-AFL/FL, 3 [mg/m^3]
# name 10 = par/sat/log: PAR/Logarithmic, Satlantic
# name 11 = turbWETntu0: Turbidity, WET Labs ECO [NTU]
# name 12 = prdM: Pressure, Strain Gauge [db]
# name 13 = prdE: Pressure, Strain Gauge [psi]
# name 14 = tv290C: Temperature [ITS-90, deg C]
# name 15 = flag:  0.000e+00
# span 0 =     -0.782,      7.231       
# span 1 =     -0.376,      0.151       
# span 2 =     6.5708,    13.3585       
# span 3 =     59.364,    120.037       
# span 4 =      3.625,     31.967       
# span 5 =   2.625828,  22.893792       
# span 6 =    -4.5000,    38.7000       
# span 7 =    -0.2693,    13.2426       
# span 8 =    -2.1300,     0.3834       
# span 9 =    -2.0304,     1.7766       
# span 10 = 1.1597e-01, 1.9883e+02      
# span 11 =    -1.1102,   193.1888      
# span 12 =     -0.767,      7.091      
# span 13 =     -1.112,     10.285      
# span 14 =     9.3301,    12.7958      
# span 15 = 0.0000e+00, 0.0000e+00      
# interval = seconds: 0.25
# start_time = Mar 24 2025 10:11:49 [Instrument's time stamp, header]
# bad_flag = -9.990e-29
*END*
[from data line 904]
      0.022      0.017    11.0083     99.041     27.944  19.894586    21.7800     3.6408     0.1278     0.7191 5.1631e+01     3.8296      0.022      0.031    10.5966 0.0000e+00
      0.027      0.021    11.0132     99.019     27.972  19.914399    21.7800     3.6599     0.1278     0.7191 4.4781e+01     3.7692      0.027      0.038    10.5964 0.0000e+00
      0.033      0.025    11.0185     98.960     27.973  19.914992    21.7800     3.7133     0.1278     0.7191 4.8372e+01     3.8598      0.033      0.047    10.5960 0.0000e+00
      0.041      0.027    11.0226     98.872     27.945  19.894533    21.7800     3.7362     0.1704     0.5922 4.2914e+01     3.8296      0.040      0.058    10.5955 0.0000e+00
      0.049      0.027    11.0238     98.777     27.932  19.885388    21.7800     3.7095     0.1704     0.5922 4.0769e+01     3.7994      0.048      0.070    10.5950 0.0000e+00
      0.058      0.026    11.0215     98.684     27.968  19.910996    21.7800     3.7209     0.1704     0.5922 3.8529e+01     3.7843      0.057      0.082    10.5945 0.0000e+00
      0.065      0.023    11.0151     98.595     28.015  19.944346    21.7800     3.8392     0.1704     0.5922 3.6915e+01     3.8447      0.063      0.092    10.5940 0.0000e+00
      0.070      0.020    11.0054     98.509     28.032  19.956508    21.8700     3.8506     0.1704     0.6345 3.5537e+01     3.9203      0.069      0.100    10.5937 0.0000e+00
      0.074      0.016    10.9948     98.432     28.012  19.942765    21.8700     3.8506     0.1704     0.6345 3.6802e+01     3.8296      0.073      0.105    10.5936 0.0000e+00
      0.077      0.013    10.9845     98.373     27.968  19.911395    21.8700     3.8163     0.1704     0.6345 3.6484e+01     3.7843      0.076      0.110    10.5936 0.0000e+00
      0.080      0.010    10.9745     98.339     27.934  19.887874    21.8700     3.5569     0.1704     0.6345 3.8849e+01     3.6181      0.078      0.114    10.5939 0.0000e+00
      0.082      0.008    10.9649     98.329     27.942  19.893796    21.8700     3.5149     0.1704     0.6345 3.9832e+01     3.5275      0.080      0.117    10.5942 0.0000e+00
      0.084      0.007    10.9562     98.342     27.972  19.914818    21.7800     3.5264     0.1704     0.5922 4.1053e+01     3.6181      0.082      0.119    10.5946 0.0000e+00
      0.085      0.006    10.9495     98.382     27.994  19.930666    21.7800     3.5416     0.1704     0.5922 4.3383e+01     3.5124      0.084      0.121    10.5949 0.0000e+00
      0.087      0.006    10.9457     98.449     27.999  19.933623    21.7800     3.4768     0.1704     0.5922 4.4645e+01     3.6030      0.085      0.123    10.5951 0.0000e+00
      0.088      0.005    10.9446     98.536     27.991  19.928459    21.7800     3.4692     0.1704     0.5922 4.4048e+01     3.5426      0.086      0.125    10.5952 0.0000e+00
      0.090      0.005    10.9460     98.628     27.999  19.933703    21.7800     3.4730     0.1704     0.6768 4.3990e+01     3.5275      0.088      0.127    10.5953 0.0000e+00
      0.091      0.005    10.9505     98.704     28.017  19.946772    21.7800     3.4844     0.1704     0.6768 4.1964e+01     3.6030      0.089      0.129    10.5952 0.0000e+00
      0.092      0.005    10.9580     98.763     28.029  19.955227    21.7800     3.6103     0.1704     0.6768 4.2340e+01     3.7843      0.090      0.131    10.5951 0.0000e+00
      0.093      0.004    10.9677     98.808     28.029  19.955350    21.7800     3.5798     0.1704     0.6768 4.5123e+01     3.8296      0.091      0.132    10.5951 0.0000e+00
      0.094      0.004    10.9779     98.845     28.051  19.971062    21.7800     3.5874     0.1704     0.7191 4.4645e+01     3.8296      0.092      0.134    10.5951 0.0000e+00
      0.095      0.004    10.9863     98.876     28.126  20.024466    21.7800     3.6027     0.1704     0.7191 4.8657e+01     3.8901      0.094      0.135    10.5952 0.0000e+00
      0.096      0.004    10.9929     98.898     28.199  20.076058    21.7800     3.6484     0.1704     0.7191 5.0951e+01     3.8447      0.095      0.137    10.5951 0.0000e+00
      0.097      0.004    10.9979     98.910     28.212  20.085849    21.7800     3.6675     0.1704     0.7191 5.2014e+01     3.8296      0.095      0.138    10.5950 0.0000e+00
      0.098      0.004    11.0021     98.921     28.193  20.072375    21.7800     3.6751     0.1704     0.5076 5.3983e+01     3.7541      0.096      0.140    10.5948 0.0000e+00
      0.099      0.004    11.0056     98.943     28.181  20.063893    21.7800     3.6523     0.1704     0.5076 5.4501e+01     3.8145      0.097      0.141    10.5946 0.0000e+00
      0.100      0.003    11.0080     98.979     28.178  20.062122    21.7800     3.5836     0.1704     0.5076 5.2822e+01     3.8901      0.098      0.142    10.5946 0.0000e+00
      0.101      0.003    11.0093     99.017     28.184  20.066590    21.7800     3.6141     0.1704     0.5076 5.3527e+01     3.7994      0.099      0.143    10.5948 0.0000e+00
      0.102      0.003    11.0104     99.038     28.190  20.070526    21.7800     3.5912     0.1704     0.5076 5.0565e+01     3.7239      0.100      0.145    10.5952 0.0000e+00
      0.103      0.002    11.0128     99.033     28.162  20.051092    21.7800     3.5874     0.1278     0.6768 5.0642e+01     3.7692      0.101      0.146    10.5957 0.0000e+00
      0.104      0.002    11.0168     99.009     28.106  20.011068    21.7800     3.6713     0.1278     0.6768 4.9328e+01     3.4822      0.102      0.147    10.5961 0.0000e+00
      0.104      0.001    11.0209     98.972     28.070  19.985566    21.7800     3.6332     0.1278     0.6768 4.8330e+01     3.5124      0.102      0.148    10.5964 0.0000e+00
      0.104      0.000    11.0231     98.923     28.070  19.985700    21.7800     3.6599     0.1278     0.6768 4.9802e+01     3.6181      0.102      0.148    10.5965 0.0000e+00
      0.103      0.000    11.0226     98.868     28.070  19.985628    21.7800     3.6751     0.1704     0.6345 5.2161e+01     3.6484      0.101      0.147    10.5966 0.0000e+00
      0.103      0.000    11.0199     98.820     28.070  19.985332    21.7800     3.5531     0.1704     0.6345 5.3341e+01     3.8598      0.101      0.147    10.5966 0.0000e+00
      0.103      0.000    11.0157     98.788     28.077  19.990703    21.7800     3.5836     0.1704     0.6345 5.3971e+01     3.8598      0.101      0.147    10.5967 0.0000e+00
      0.104      0.000    11.0103     98.777     28.064  19.981277    21.7800     3.5149     0.1704     0.6345 5.3784e+01     3.9052      0.102      0.148    10.5967 0.0000e+00
      0.104      0.001    11.0042     98.784     28.035  19.960512    21.7800     3.5416     0.1278     0.6345 5.2777e+01     3.6937      0.102      0.148    10.5968 0.0000e+00
      0.104      0.001    10.9988     98.797     28.013  19.944769    21.7800     3.4501     0.1278     0.6345 5.3018e+01     3.6030      0.102      0.148    10.5968 0.0000e+00
      0.104      0.002    10.9952     98.808     28.008  19.941793    21.7800     3.4920     0.1278     0.6345 5.2184e+01     3.6332      0.102      0.148    10.5969 0.0000e+00
      0.104      0.002    10.9940     98.816     28.035  19.960742    21.7800     3.4806     0.1278     0.6345 5.1318e+01     3.7088      0.102      0.149    10.5969 0.0000e+00
      0.105      0.003    10.9947     98.828     28.063  19.980793    21.7800     3.4997     0.1278     0.5922 5.0532e+01     3.5879      0.103      0.150    10.5970 0.0000e+00
      0.106      0.005    10.9962     98.848     28.053  19.973452    21.7800     3.6141     0.1278     0.5922 5.2308e+01     3.8296      0.104      0.151    10.5971 0.0000e+00
      0.108      0.006    10.9974     98.876     28.035  19.960647    21.7800     3.6103     0.1278     0.5922 5.2845e+01     3.8901      0.106      0.153    10.5971 0.0000e+00
      0.109      0.006    10.9983     98.908     28.024  19.952900    21.7800     3.6141     0.1278     0.5922 5.6014e+01     3.8598      0.107      0.155    10.5971 0.0000e+00
      0.111      0.007    10.9996     98.939     27.992  19.930228    21.7800     3.6027     0.1278     0.5922 5.6246e+01     3.7692      0.109      0.158    10.5971 0.0000e+00
      0.113      0.007    11.0019     98.959     27.950  19.900521    21.7800     3.6942     0.1278     0.6345 5.5433e+01     3.7541      0.111      0.161    10.5971 0.0000e+00
      0.115      0.007    11.0049     98.965     27.933  19.887706    21.7800     3.6294     0.1278     0.6345 5.7245e+01     3.8145      0.113      0.164    10.5971 0.0000e+00
      0.117      0.007    11.0085     98.958     27.954  19.902300    21.7800     3.6713     0.1278     0.6345 5.5590e+01     3.8750      0.115      0.166    10.5971 0.0000e+00
      0.119      0.006    11.0119     98.944     27.993  19.930279    21.7800     3.6523     0.1278     0.6345 5.6848e+01     3.8598      0.117      0.169    10.5971 0.0000e+00
      0.120      0.004    11.0143     98.928     28.006  19.939292    21.8700     3.8506     0.1704     0.6345 5.3655e+01     3.7994      0.118      0.172    10.5969 0.0000e+00
      0.122      0.002    11.0150     98.920     27.965  19.909845    21.8700     3.8506     0.1704     0.6345 5.4171e+01     3.8901      0.120      0.173    10.5965 0.0000e+00
      0.122     -0.001    11.0144     98.928     27.917  19.875890    21.8700     3.8354     0.1704     0.6345 5.3854e+01     3.8145      0.120      0.174    10.5961 0.0000e+00
      0.122     -0.004    11.0129     98.952     27.914  19.874154    21.8700     3.8735     0.1704     0.6345 5.3971e+01     3.8296      0.120      0.174    10.5957 0.0000e+00
      0.121     -0.007    11.0111     98.991     27.933  19.888250    21.8700     3.5454     0.1704     0.6345 5.4584e+01     3.7692      0.119      0.172    10.5955 0.0000e+00
      0.118     -0.009    11.0102     99.037     27.958  19.906014    21.8700     3.5073     0.1704     0.6345 5.7096e+01     3.7994      0.116      0.168    10.5955 0.0000e+00
      0.115     -0.012    11.0111     99.082     27.969  19.914266    21.8700     3.5264     0.1704     0.6345 5.6860e+01     3.8296      0.113      0.163    10.5958 0.0000e+00
      0.111     -0.013    11.0136     99.117     27.948  19.899282    21.8700     3.5454     0.1704     0.6345 6.2661e+01     3.8598      0.110      0.158    10.5964 0.0000e+00
      0.108     -0.015    11.0177     99.131     27.921  19.880954    21.8700     3.5989     0.1278     0.6345 5.8553e+01     3.9203      0.106      0.153    10.5970 0.0000e+00
      0.104     -0.017    11.0227     99.115     27.914  19.876290    21.8700     3.6065     0.1278     0.6345 6.2729e+01     3.7390      0.103      0.148    10.5977 0.0000e+00
      0.100     -0.020    11.0276     99.062     27.916  19.878076    21.8700     3.5912     0.1278     0.6345 5.9826e+01     3.8145      0.099      0.143    10.5983 0.0000e+00
      0.095     -0.022    11.0313     98.967     27.908  19.872853    21.8700     3.5874     0.1278     0.6345 6.1889e+01     3.8598      0.094      0.135    10.5988 0.0000e+00
      0.089     -0.023    11.0328     98.845     27.914  19.877145    21.8700     3.5378     0.1278     0.6345 6.2362e+01     3.4973      0.087      0.126    10.5992 0.0000e+00
      0.081     -0.024    11.0309     98.732     27.971  19.917974    21.8700     3.5340     0.1278     0.5922 6.4877e+01     3.5728      0.080      0.116    10.5998 0.0000e+00
      0.074     -0.023    11.0248     98.659     28.047  19.972386    21.8700     3.5683     0.1278     0.5922 6.9474e+01     3.5426      0.073      0.106    10.6006 0.0000e+00
      0.068     -0.022    11.0140     98.638     28.096  20.007117    21.8700     3.5531     0.1278     0.5922 6.6911e+01     3.6332      0.067      0.097    10.6014 0.0000e+00
      0.063     -0.019    11.0002     98.673     28.127  20.029437    21.8700     3.4997     0.1278     0.5922 6.9928e+01     3.7692      0.062      0.089    10.6021 0.0000e+00
      0.058     -0.016    10.9876     98.757     28.144  20.041319    21.7800     3.5035     0.1278     0.5922 7.0877e+01     3.8901      0.057      0.083    10.6024 0.0000e+00
      0.055     -0.014    10.9794     98.878     28.129  20.030004    21.7800     3.4806     0.1278     0.5922 7.2576e+01     3.7994      0.054      0.078    10.6025 0.0000e+00
      0.052     -0.012    10.9770     99.010     28.090  20.002430    21.7800     3.4882     0.1278     0.5922 6.7290e+01     3.8145      0.051      0.074    10.6024 0.0000e+00
      0.050     -0.012    10.9810     99.123     28.063  19.983092    21.7800     3.5378     0.1278     0.5922 6.6015e+01     3.4671      0.049      0.071    10.6023 0.0000e+00
      0.048     -0.014    10.9905     99.197     28.065  19.984750    21.8700     3.5302     0.1704     0.5922 6.3538e+01     3.5275      0.047      0.068    10.6021 0.0000e+00
      0.045     -0.016    11.0039     99.233     28.089  20.001873    21.8700     3.5454     0.1704     0.5922 6.1742e+01     3.4973      0.044      0.064    10.6019 0.0000e+00
      0.041     -0.019    11.0187     99.245     28.107  20.015142    21.8700     3.5493     0.1704     0.5922 6.2661e+01     3.5728      0.040      0.058    10.6018 0.0000e+00
      0.035     -0.021    11.0313     99.250     28.114  20.020130    21.8700     3.4119     0.1704     0.5922 6.8932e+01     3.8145      0.034      0.049    10.6019 0.0000e+00
      0.028     -0.022    11.0394     99.261     28.125  20.028123    21.8700     3.3967     0.1704     0.5922 7.7599e+01     3.7994      0.027      0.039    10.6021 0.0000e+00
      0.021     -0.021    11.0433     99.281     28.118  20.023336    21.7800     3.4234     0.1278     0.6768 8.1011e+01     3.8145      0.020      0.029    10.6025 0.0000e+00
      0.015     -0.018    11.0445     99.304     28.089  20.002501    21.7800     3.4234     0.1278     0.6768 8.4904e+01     3.7994      0.014      0.021    10.6028 0.0000e+00
      0.010     -0.014    11.0451     99.315     28.058  19.979970    21.7800     3.4844     0.1278     0.6768 8.6130e+01     3.7692      0.009      0.014    10.6030 0.0000e+00
      0.007     -0.009    11.0463     99.298     28.029  19.959686    21.7800     3.4997     0.1278     0.6768 8.3477e+01     3.8296      0.006      0.010    10.6031 0.0000e+00
      0.006     -0.003    11.0485     99.244     28.019  19.952166    21.8700     3.4730     0.1704     0.5922 8.3549e+01     3.7843      0.005      0.008    10.6030 0.0000e+00
      0.006      0.001    11.0511     99.151     28.029  19.959385    21.8700     3.4806     0.1704     0.5922 8.6205e+01     3.8598      0.006      0.009    10.6028 0.0000e+00
      0.008      0.005    11.0524     99.027     28.052  19.975306    21.8700     3.4157     0.1704     0.5922 8.2682e+01     3.5728      0.007      0.011    10.6026 0.0000e+00
      0.010      0.008    11.0506     98.881     28.078  19.994222    21.8700     3.4234     0.1704     0.5922 8.5144e+01     3.4671      0.009      0.014    10.6024 0.0000e+00
      0.013      0.010    11.0445     98.732     28.089  20.001270    21.8700     3.4043     0.1704     0.5499 8.2772e+01     3.5728      0.012      0.017    10.6023 0.0000e+00
      0.015      0.011    11.0343     98.606     28.074  19.990367    21.8700     3.4081     0.1704     0.5499 8.4132e+01     3.6635      0.015      0.021    10.6022 0.0000e+00
      0.018      0.011    11.0205     98.515     28.066  19.984485    21.8700     3.4501     0.1704     0.5499 8.4978e+01     3.8598      0.018      0.026    10.6021 0.0000e+00
      0.021      0.011    11.0042     98.468     28.077  19.992007    21.8700     3.4730     0.1704     0.5499 7.9029e+01     3.8296      0.021      0.030    10.6018 0.0000e+00
      0.024      0.010    10.9879     98.469     28.088  19.999015    21.7800     3.4730     0.1704     0.5499 8.4407e+01     3.7994      0.024      0.034    10.6013 0.0000e+00
      0.027      0.009    10.9739     98.510     28.100  20.007376    21.7800     3.4882     0.1704     0.5499 7.8192e+01     3.7994      0.026      0.038    10.6007 0.0000e+00
