Data/DataNotYetUploadedToEDI/Raw_CTD/RawDownloads/032425_fcr50_S7809003.cnv
* Sea-Bird SBE19plus  Data File:
* FileName = C:\R\Reservoirs\Data\DataNotYetUploadedToEDI\Raw_CTD\RawDownloads\031725_fcr50_S7809_0003.hex
* Software version 2.8.0.119
* Temperature SN = 7809
* Conductivity SN = 7809
* System UpLoad Time = Mar 25 2025 10:59:51
* <ApplicationData>
* <Seaterm232>
# nquan = 15
# nvalues = 1345                        
# units = specified
# name 0 = depFM: Depth [fresh water, m]
# name 1 = dz/dtM: Descent Rate [m/s]
# name 2 = sbeox0Mg/L: Oxygen, SBE 43 [mg/l]
# name 3 = sbeox0PS: Oxygen, SBE 43 [% saturation]
# name 4 = specc: Specific Conductance [uS/cm]
# name 5 = c0uS/cm: Conductivity [uS/cm]
# name 6 = flECO-AFL: Fluorescence, WET Labs ECO-AFL/FL [mg/m^3]
# name 7 = ph: pH
# name 8 = orp: Oxidation Reduction Potential [mV]
# name 9 = par/sat/log: PAR/Logarithmic, Satlantic
# name 10 = turbWETntu0: Turbidity, WET Labs ECO [NTU]
# name 11 = prdM: Pressure, Strain Gauge [db]
# name 12 = prdE: Pressure, Strain Gauge [psi]
# name 13 = tv290C: Temperature [ITS-90, deg C]
# name 14 = flag:  0.000e+00
# span 0 =     -0.721,      9.474       
# span 1 =     -0.481,      0.257       
# span 2 =     7.5749,    13.8471       
# span 3 =     63.530,    125.050       
# span 4 =      0.407,     43.472       
# span 5 =   0.287650,  31.313083       
# span 6 =    -0.1749,     5.3061       
# span 7 =      6.074,      7.720       
# span 8 =  -261.3164,   388.1590       
# span 9 = 1.2366e-01, 2.7636e+02       
# span 10 =     0.3855,   216.3001      
# span 11 =     -0.707,      9.292      
# span 12 =     -1.025,     13.477      
# span 13 =     7.6333,    11.0751      
# span 14 = 0.0000e+00, 0.0000e+00      
# interval = seconds: 0.25
# start_time = Mar 24 2025 11:01:04 [Instrument's time stamp, header]
# bad_flag = -9.990e-29
*END*
[from data line 579]
      4.906      0.129    10.9563     98.062     37.898  26.594666     1.5152      7.438   282.7533 3.0109e+00     5.6544      4.820      6.992    10.1256 0.0000e+00
      4.911      0.083    10.9659     98.023     37.862  26.561644     1.5171      7.438   282.4549 3.0049e+00     5.6178      4.812      6.978    10.1152 0.0000e+00
      4.918      0.052    10.9848     97.718     37.809  26.517234     1.4912      7.439   282.6266 2.9555e+00     5.4796      4.819      6.991    10.1050 0.0000e+00
      4.928      0.037    11.0259     97.160     37.798  26.501660     1.4601      7.440   283.1086 2.9217e+00     5.3845      4.839      7.018    10.0947 0.0000e+00
      4.933      0.033    11.0561     96.390     37.806  26.500183     1.4651      7.441   284.0670 2.9172e+00     5.4249      4.840      7.018    10.0842 0.0000e+00
      4.937      0.033    11.0550     95.472     37.815  26.499358     1.4776      7.442   284.5780 2.8864e+00     5.4549      4.837      7.015    10.0740 0.0000e+00
      4.950      0.031    11.0223     94.540     37.815  26.491685     1.4776      7.445   283.6094 2.8237e+00     5.4397      4.853      7.039    10.0642 0.0000e+00
      4.965      0.027    10.9610     93.871     37.796  26.470822     1.4731      7.448   281.6471 2.8036e+00     5.4457      4.875      7.070    10.0545 0.0000e+00
      4.972      0.023    10.8732     93.684     37.759  26.437372     1.4644      7.448   280.9853 2.8307e+00     5.4260      4.878      7.075    10.0447 0.0000e+00
      4.973      0.022    10.7700     93.908     37.722  26.404342     1.4814      7.449   281.7171 2.8281e+00     5.4403      4.875      7.070    10.0352 0.0000e+00
      4.975      0.030    10.6537     94.344     37.710  26.388565     1.5201      7.450   282.4067 2.8066e+00     5.4813      4.879      7.077    10.0256 0.0000e+00
      4.976      0.052    10.5672     94.797     37.698  26.373460     1.5324      7.447   283.3866 2.8073e+00     5.4446      4.881      7.079    10.0156 0.0000e+00
      4.979      0.078    10.5566     95.139     37.673  26.348543     1.5313      7.437   284.3591 2.7932e+00     5.4062      4.880      7.078    10.0055 0.0000e+00
      4.994      0.097    10.5915     95.409     37.673  26.340975     1.5317      7.425   283.5818 2.7034e+00     5.3931      4.883      7.083     9.9960 0.0000e+00
      5.039      0.110    10.6512     95.695     37.690  26.345369     1.4949      7.416   281.9033 2.5376e+00     5.3881      4.931      7.152     9.9865 0.0000e+00
      5.102      0.125    10.7125     95.964     37.691  26.338230     1.4368      7.411   281.4453 2.4155e+00     5.4144      5.018      7.279     9.9768 0.0000e+00
      5.138      0.137    10.7497     96.143     37.673  26.318083     1.4109      7.406   281.7442 2.4020e+00     5.4038      5.055      7.332     9.9670 0.0000e+00
      5.144      0.132    10.7766     96.264     37.646  26.292033     1.4152      7.403   281.9032 2.3857e+00     5.3961      5.036      7.303     9.9576 0.0000e+00
      5.164      0.112    10.8140     96.401     37.634  26.276937     1.4137      7.402   282.3348 2.2765e+00     5.4584      5.046      7.318     9.9478 0.0000e+00
      5.217      0.091    10.8529     96.654     37.624  26.262401     1.3851      7.401   283.0915 2.1477e+00     5.5073      5.121      7.428     9.9374 0.0000e+00
      5.260      0.076    10.8720     97.078     37.607  26.243103     1.3518      7.399   283.2229 2.1173e+00     5.4751      5.177      7.510     9.9273 0.0000e+00
      5.269      0.066    10.8857     97.561     37.605  26.233866     1.3433      7.399   282.6325 2.1384e+00     5.4110      5.169      7.497     9.9178 0.0000e+00
      5.264      0.056    10.9002     97.959     37.587  26.214133     1.3830      7.399   282.1483 2.1274e+00     5.4153      5.156      7.479     9.9085 0.0000e+00
      5.266      0.050    10.9251     98.209     37.569  26.194769     1.4565      7.397   282.1007 2.1144e+00     5.4591      5.166      7.492     9.8987 0.0000e+00
      5.272      0.052    10.9835     98.263     37.572  26.190003     1.4837      7.394   282.3150 2.0949e+00     5.4273      5.166      7.494     9.8890 0.0000e+00
      5.288      0.059    11.0477     98.110     37.535  26.156499     1.4612      7.392   282.4158 2.0237e+00     5.3733      5.175      7.505     9.8792 0.0000e+00
      5.322      0.064    11.0955     97.860     37.475  26.106778     1.4593      7.392   282.4594 1.9433e+00     5.4210      5.220      7.571     9.8692 0.0000e+00
      5.352      0.065    11.1294     97.696     37.471  26.096190     1.4788      7.393   283.1861 1.9263e+00     5.4919      5.260      7.630     9.8595 0.0000e+00
      5.362      0.063    11.1395     97.719     37.476  26.091893     1.4799      7.394   284.2337 1.9428e+00     5.4784      5.260      7.628     9.8501 0.0000e+00
      5.364      0.056    11.1198     97.902     37.434  26.054814     1.4724      7.394   284.4564 1.9174e+00     5.4282      5.255      7.621     9.8403 0.0000e+00
      5.374      0.045    11.0853     98.240     37.409  26.028390     1.5213      7.394   283.9003 1.8576e+00     5.4322      5.267      7.640     9.8303 0.0000e+00
      5.391      0.037    11.0645     98.816     37.418  26.026081     1.6135      7.394   283.1876 1.8208e+00     5.4918      5.285      7.666     9.8200 0.0000e+00
      5.406      0.034    11.0729     99.579     37.433  26.026893     1.6547      7.394   282.9809 1.8107e+00     5.5008      5.304      7.693     9.8091 0.0000e+00
      5.415      0.033    11.0993    100.287     37.463  26.038194     1.6539      7.395   284.2410 1.8075e+00     5.4380      5.314      7.707     9.7978 0.0000e+00
      5.417      0.034    11.1322    100.679     37.474  26.035877     1.6536      7.396   286.3772 1.8034e+00     5.3815      5.311      7.703     9.7864 0.0000e+00
      5.417      0.036    11.2027    100.654     37.435  25.998864     1.6503      7.397   287.3860 1.8066e+00     5.4322      5.312      7.705     9.7748 0.0000e+00
      5.422      0.039    11.3051    100.349     37.410  25.971180     1.6563      7.397   287.4049 1.8024e+00     5.6070      5.314      7.707     9.7628 0.0000e+00
      5.436      0.045    11.3991     99.922     37.402  25.954827     1.6584      7.397   286.9491 1.7603e+00     5.6853      5.325      7.724     9.7501 0.0000e+00
      5.459      0.054    11.4550     99.419     37.379  25.927974     1.6429      7.398   286.0913 1.7224e+00     5.5933      5.357      7.769     9.7365 0.0000e+00
      5.476      0.062    11.4451     98.828     37.355  25.900177     1.6434      7.399   285.8090 1.7170e+00     5.5184      5.376      7.797     9.7226 0.0000e+00
      5.484      0.065    11.4078     98.207     37.331  25.872406     1.6645      7.401   286.8065 1.6963e+00     5.4971      5.374      7.795     9.7090 0.0000e+00
      5.497      0.062    11.3622     97.798     37.310  25.845876     1.6739      7.402   288.5149 1.6472e+00     5.4730      5.385      7.810     9.6950 0.0000e+00
      5.522      0.059    11.3096     97.822     37.309  25.833068     1.6655      7.404   289.2568 1.6108e+00     5.4312      5.416      7.856     9.6803 0.0000e+00
      5.543      0.060    11.2481     98.286     37.343  25.844370     1.6457      7.406   289.0651 1.5977e+00     5.4363      5.443      7.895     9.6653 0.0000e+00
      5.553      0.064    11.1668     98.987     37.377  25.855677     1.6264      7.407   289.0369 1.5911e+00     5.5350      5.447      7.901     9.6501 0.0000e+00
      5.560      0.067    11.1152     99.726     37.376  25.842922     1.6158      7.409   288.8291 1.5699e+00     5.5305      5.447      7.900     9.6342 0.0000e+00
      5.575      0.069    11.1211    100.465     37.356  25.816982     1.6002      7.412   288.3600 1.5315e+00     5.3828      5.464      7.925     9.6175 0.0000e+00
      5.598      0.071    11.1889    101.199     37.342  25.795712     1.6045      7.415   288.3564 1.4959e+00     5.3201      5.491      7.963     9.6016 0.0000e+00
      5.623      0.074    11.2839    101.805     37.332  25.775997     1.6598      7.417   288.8715 1.4652e+00     5.3876      5.515      7.997     9.5857 0.0000e+00
      5.646      0.074    11.3708    102.102     37.340  25.768859     1.7112      7.418   289.5980 1.4342e+00     5.4807      5.538      8.032     9.5696 0.0000e+00
      5.664      0.069    11.4583    102.064     37.363  25.772824     1.7096      7.419   289.9988 1.4061e+00     5.5245      5.557      8.059     9.5535 0.0000e+00
      5.679      0.060    11.5518    101.871     37.363  25.760498     1.6902      7.421   290.0174 1.3833e+00     5.5753      5.569      8.077     9.5371 0.0000e+00
      5.693      0.052    11.6356    101.709     37.361  25.746652     1.6845      7.424   289.9947 1.3703e+00     5.6853      5.584      8.099     9.5202 0.0000e+00
      5.705      0.046    11.6766    101.617     37.359  25.732237     1.6743      7.426   289.8962 1.3691e+00     5.7263      5.597      8.117     9.5033 0.0000e+00
      5.713      0.041    11.6660    101.480     37.349  25.713040     1.6579      7.427   289.3434 1.3607e+00     5.6954      5.603      8.127     9.4870 0.0000e+00
      5.722      0.038    11.6403    101.215     37.356  25.704788     1.6448      7.429   288.5588 1.3388e+00     5.6879      5.609      8.136     9.4706 0.0000e+00
      5.733      0.038    11.6245    100.910     37.362  25.695878     1.6083      7.430   288.4968 1.3166e+00     5.7047      5.622      8.155     9.4540 0.0000e+00
      5.743      0.043    11.6244    100.683     37.341  25.668711     1.5651      7.430   288.8524 1.3071e+00     5.7611      5.635      8.173     9.4373 0.0000e+00
      5.748      0.053    11.6214    100.640     37.304  25.629983     1.5552      7.430   289.3299 1.3060e+00     5.7899      5.637      8.176     9.4204 0.0000e+00
      5.756      0.065    11.5866    100.768     37.290  25.608126     1.5551      7.430   290.0555 1.2841e+00     5.7111      5.640      8.179     9.4028 0.0000e+00
      5.774      0.076    11.5542    100.849     37.289  25.594685     1.5885      7.430   290.3990 1.2461e+00     5.6278      5.659      8.206     9.3851 0.0000e+00
      5.802      0.086    11.5279    100.759     37.306  25.594305     1.6678      7.431   289.2663 1.2105e+00     5.6711      5.689      8.251     9.3679 0.0000e+00
      5.832      0.096    11.5238    100.601     37.338  25.603514     1.7149      7.431   287.2018 1.1870e+00     5.7556      5.721      8.298     9.3509 0.0000e+00
      5.860      0.103    11.5586    100.564     37.322  25.579184     1.7091      7.432   286.3440 1.1767e+00     5.7275      5.749      8.338     9.3341 0.0000e+00
      5.882      0.106    11.5778    100.653     37.302  25.553799     1.6651      7.433   286.5528 1.1512e+00     5.6726      5.767      8.364     9.3175 0.0000e+00
      5.905      0.104    11.5657    100.598     37.314  25.550244     1.6154      7.434   287.2311 1.1027e+00     5.7072      5.787      8.394     9.3008 0.0000e+00
      5.935      0.103    11.5439    100.323     37.312  25.536189     1.6073      7.434   288.3496 1.0556e+00     5.7353      5.821      8.442     9.2838 0.0000e+00
      5.967      0.103    11.5381    100.060     37.292  25.510689     1.6083      7.434   288.8923 1.0183e+00     5.6710      5.854      8.491     9.2666 0.0000e+00
      5.992      0.101    11.5746    100.069     37.288  25.495594     1.6192      7.434   288.0279 9.9968e-01     5.5790      5.877      8.525     9.2502 0.0000e+00
      6.014      0.095    11.5752    100.361     37.284  25.480499     1.6644      7.433   286.4158 9.8043e-01     5.5802      5.895      8.550     9.2342 0.0000e+00
      6.040      0.089    11.5337    100.617     37.265  25.455008     1.6966      7.432   285.6614 9.3046e-01     5.6851      5.921      8.589     9.2181 0.0000e+00
      6.068      0.085    11.4985    100.648     37.262  25.441048     1.7177      7.433   285.9624 9.0039e-01     5.7537      5.956      8.639     9.2017 0.0000e+00
      6.084      0.083    11.4960    100.497     37.276  25.438542     1.7277      7.434   286.6137 8.9947e-01     5.6921      5.970      8.658     9.1852 0.0000e+00
      6.096      0.083    11.5596    100.217     37.273  25.424696     1.7013      7.436   287.0835 8.8001e-01     5.6238      5.972      8.661     9.1686 0.0000e+00
      6.118      0.085    11.5987     99.867     37.255  25.400463     1.6738      7.437   287.2549 8.5244e-01     5.6793      5.998      8.700     9.1519 0.0000e+00
      6.145      0.090    11.6024     99.610     37.270  25.399205     1.6611      7.437   287.2227 8.3620e-01     5.7490      6.031      8.747     9.1355 0.0000e+00
      6.166      0.099    11.5868     99.556     37.302  25.409479     1.6559      7.438   286.7811 8.2550e-01     5.7146      6.046      8.769     9.1198 0.0000e+00
      6.188      0.107    11.5599     99.694     37.302  25.397825     1.6695      7.440   286.2175 8.0461e-01     5.6389      6.064      8.796     9.1043 0.0000e+00
      6.219      0.112    11.5147    100.098     37.300  25.385122     1.7003      7.441   286.0861 7.6701e-01     5.6543      6.098      8.844     9.0884 0.0000e+00
      6.253      0.114    11.4812    100.780     37.312  25.382720     1.7196      7.442   286.1391 7.3152e-01     5.7297      6.133      8.894     9.0727 0.0000e+00
      6.284      0.112    11.4880    101.592     37.307  25.368780     1.7117      7.442   286.1699 7.0514e-01     5.7309      6.163      8.938     9.0570 0.0000e+00
      6.314      0.105    11.4987    102.301     37.286  25.343394     1.7136      7.443   286.3721 6.8017e-01     5.8052      6.193      8.981     9.0415 0.0000e+00
      6.344      0.094    11.5496    102.692     37.282  25.329443     1.7343      7.443   287.2081 6.6224e-01     6.0132      6.223      9.024     9.0265 0.0000e+00
      6.368      0.084    11.6396    102.714     37.294  25.326928     1.7449      7.443   288.3612 6.6062e-01     6.1280      6.247      9.062     9.0117 0.0000e+00
      6.383      0.074    11.7469    102.501     37.289  25.312977     1.7504      7.444   288.6134 6.6085e-01     6.1689      6.261      9.081     8.9972 0.0000e+00
      6.395      0.064    11.8443    102.265     37.267  25.287590     1.7422      7.446   288.4501 6.4123e-01     6.0624      6.269      9.092     8.9829 0.0000e+00
      6.411      0.054    11.8949    102.094     37.262  25.273638     1.7132      7.449   288.1936 6.2519e-01     5.7973      6.287      9.117     8.9684 0.0000e+00
      6.429      0.044    11.8960    101.927     37.273  25.271108     1.7067      7.451   287.4915 6.2119e-01     5.6963      6.308      9.148     8.9536 0.0000e+00
      6.441      0.036    11.8638    101.706     37.268  25.257002     1.7218      7.453   287.1886 6.1154e-01     5.6955      6.318      9.163     8.9391 0.0000e+00
      6.447      0.032    11.8364    101.450     37.243  25.229910     1.6968      7.455   288.4888 6.0364e-01     5.6170      6.323      9.170     8.9253 0.0000e+00
      6.450      0.033    11.8267    101.253     37.209  25.197205     1.6534      7.455   290.7366 6.0764e-01     5.5670      6.326      9.175     8.9115 0.0000e+00
      6.450      0.040    11.8125    101.146     37.196  25.178652     1.6473      7.455   291.7387 6.1612e-01     5.6020      6.324      9.173     8.8977 0.0000e+00
      6.454      0.050    11.7914    101.019     37.236  25.195823     1.6565      7.456   291.6569 6.1098e-01     5.6648      6.325      9.173     8.8841 0.0000e+00
      6.470      0.062    11.7596    100.804     37.278  25.214563     1.6561      7.458   291.2091 5.9688e-01     5.6780      6.338      9.193     8.8706 0.0000e+00
      6.498      0.075    11.7375    100.625     37.293  25.214961     1.6589      7.459   290.4544 5.8498e-01     5.6938      6.375      9.245     8.8566 0.0000e+00
