Data/DataNotYetUploadedToEDI/Raw_CTD/RawDownloads/032425_fcr50_S7809003.cnv
* Sea-Bird SBE19plus  Data File:
* FileName = C:\R\Reservoirs\Data\DataNotYetUploadedToEDI\Raw_CTD\RawDownloads\031725_fcr50_S7809_0003.hex
* Software version 2.8.0.119
* Temperature SN = 7809
* Conductivity SN = 7809
* System UpLoad Time = Mar 25 2025 10:59:51
* <ApplicationData>
* <Seaterm232>
# nquan = 15
# nvalues = 1345                        
# units = specified
# name 0 = depFM: Depth [fresh water, m]
# name 1 = dz/dtM: Descent Rate [m/s]
# name 2 = sbeox0Mg/L: Oxygen, SBE 43 [mg/l]
# name 3 = sbeox0PS: Oxygen, SBE 43 [% saturation]
# name 4 = specc: Specific Conductance [uS/cm]
# name 5 = c0uS/cm: Conductivity [uS/cm]
# name 6 = flECO-AFL: Fluorescence, WET Labs ECO-AFL/FL [mg/m^3]
# name 7 = ph: pH
# name 8 = orp: Oxidation Reduction Potential [mV]
# name 9 = par/sat/log: PAR/Logarithmic, Satlantic
# name 10 = turbWETntu0: Turbidity, WET Labs ECO [NTU]
# name 11 = prdM: Pressure, Strain Gauge [db]
# name 12 = prdE: Pressure, Strain Gauge [psi]
# name 13 = tv290C: Temperature [ITS-90, deg C]
# name 14 = flag:  0.000e+00
# span 0 =     -0.721,      9.474       
# span 1 =     -0.481,      0.257       
# span 2 =     7.5749,    13.8471       
# span 3 =     63.530,    125.050       
# span 4 =      0.407,     43.472       
# span 5 =   0.287650,  31.313083       
# span 6 =    -0.1749,     5.3061       
# span 7 =      6.074,      7.720       
# span 8 =  -261.3164,   388.1590       
# span 9 = 1.2366e-01, 2.7636e+02       
# span 10 =     0.3855,   216.3001      
# span 11 =     -0.707,      9.292      
# span 12 =     -1.025,     13.477      
# span 13 =     7.6333,    11.0751      
# span 14 = 0.0000e+00, 0.0000e+00      
# interval = seconds: 0.25
# start_time = Mar 24 2025 11:01:04 [Instrument's time stamp, header]
# bad_flag = -9.990e-29
*END*
[from data line 675]
      6.544      0.088    11.7295    101.022     37.251  25.168143     1.6970      7.461   292.4672 5.5058e-01     5.8807      6.414      9.304     8.8302 0.0000e+00
      6.566      0.085    11.7031    101.429     37.222  25.139223     1.7204      7.463   293.3990 5.2628e-01     5.9397      6.437      9.336     8.8175 0.0000e+00
      6.592      0.083    11.6728    101.696     37.183  25.104623     1.7248      7.463   293.5414 5.0942e-01     5.9545      6.467      9.380     8.8048 0.0000e+00
      6.612      0.084    11.6827    101.768     37.140  25.066882     1.7081      7.463   293.4141 4.9625e-01     5.9236      6.487      9.410     8.7924 0.0000e+00
      6.627      0.085    11.7360    101.826     37.148  25.063407     1.7008      7.464   293.0650 4.8667e-01     5.9072      6.497      9.424     8.7799 0.0000e+00
      6.644      0.082    11.7957    102.013     37.158  25.062602     1.7207      7.466   292.8474 4.8668e-01     5.9272      6.510      9.443     8.7676 0.0000e+00
      6.671      0.080    11.8356    102.227     37.162  25.057132     1.7486      7.467   292.6760 4.7273e-01     5.9266      6.541      9.487     8.7557 0.0000e+00
      6.699      0.083    11.8354    102.309     37.179  25.060685     1.7642      7.468   292.6280 4.5579e-01     5.8992      6.575      9.536     8.7440 0.0000e+00
      6.719      0.091    11.8361    102.242     37.164  25.042129     1.7587      7.467   293.0405 4.5664e-01     5.9380      6.593      9.563     8.7329 0.0000e+00
      6.730      0.095    11.8691    102.159     37.147  25.023024     1.7491      7.467   293.3621 4.5831e-01     5.9853      6.598      9.570     8.7220 0.0000e+00
      6.749      0.093    11.9053    102.250     37.153  25.019927     1.7146      7.468   293.5047 4.3687e-01     5.9929      6.610      9.587     8.7112 0.0000e+00
      6.784      0.093    11.9187    102.577     37.141  25.004686     1.6327      7.469   293.9042 3.9830e-01     6.0645      6.650      9.646     8.6999 0.0000e+00
      6.822      0.096    11.9078    102.980     37.094  24.965573     1.5910      7.470   294.1488 3.7935e-01     6.1672      6.698      9.715     8.6891 0.0000e+00
      6.844      0.098    11.8912    103.239     37.049  24.927511     1.6016      7.470   293.0213 3.7518e-01     6.2102      6.716      9.741     8.6789 0.0000e+00
      6.856      0.093    11.9005    103.255     37.057  24.924985     1.5947      7.470   290.9402 3.7577e-01     6.1403      6.718      9.744     8.6692 0.0000e+00
      6.877      0.087    11.9500    102.980     37.083  24.935030     1.5656      7.470   290.4966 3.7761e-01     5.9713      6.738      9.772     8.6593 0.0000e+00
      6.908      0.087    12.0120    102.336     37.075  24.922107     1.5329      7.469   291.6146 3.5643e-01     5.8407      6.779      9.831     8.6491 0.0000e+00
      6.931      0.091    12.0475    101.319     37.046  24.895565     1.5237      7.469   292.3275 3.3679e-01     5.8591      6.803      9.867     8.6390 0.0000e+00
      6.945      0.091    12.0516     99.963     37.015  24.867786     1.5296      7.468   292.4902 3.2723e-01     5.8856      6.804      9.869     8.6291 0.0000e+00
      6.969      0.081    12.0300     98.371     36.984  24.839896     1.5044      7.468   292.8080 3.0563e-01     5.7513      6.828      9.903     8.6190 0.0000e+00
      7.004      0.066    11.9549     96.720     36.954  24.812014     1.4601      7.469   292.2975 2.9464e-01     5.6022      6.876      9.973     8.6086 0.0000e+00
      7.026      0.053    11.8388     95.132     36.924  24.784330     1.4434      7.470   290.3621 3.0034e-01     5.5865      6.900     10.007     8.5985 0.0000e+00
      7.029      0.041    11.6805     93.711     36.896  24.758838     1.4603      7.472   289.3676 3.0860e-01     5.6638      6.894      9.998     8.5891 0.0000e+00
      7.029      0.029    11.4862     92.507     36.904  24.757451     1.4730      7.474   289.7385 3.1035e-01     5.7502      6.891      9.995     8.5794 0.0000e+00
      7.031      0.022    11.2941     91.473     36.929  24.767557     1.4644      7.474   290.0282 2.9841e-01     5.8122      6.896     10.001     8.5697 0.0000e+00
      7.034      0.023    11.1058     90.567     36.919  24.754181     1.4733      7.474   290.5463 2.8965e-01     5.8668      6.897     10.003     8.5598 0.0000e+00
      7.039      0.030    10.9394     89.797     36.882  24.722552     1.4973      7.474   291.3571 2.8485e-01     5.9316      6.900     10.009     8.5500 0.0000e+00
      7.051      0.040    10.8044     89.142     36.862  24.702215     1.5369      7.474   291.0552 2.7410e-01     5.9462      6.914     10.028     8.5408 0.0000e+00
      7.065      0.053    10.6892     88.555     36.867  24.698539     1.6033      7.474   289.7361 2.6907e-01     5.8383      6.931     10.052     8.5316 0.0000e+00
      7.076      0.069    10.5826     88.018     36.847  24.678089     1.6338      7.475   289.0882 2.6414e-01     5.6860      6.939     10.063     8.5225 0.0000e+00
      7.089      0.082    10.4964     87.527     36.807  24.645213     1.6400      7.474   289.2437 2.5886e-01     5.6429      6.947     10.076     8.5136 0.0000e+00
      7.112      0.087    10.4255     87.076     36.777  24.618116     1.6612      7.474   289.4659 2.6159e-01     5.7272      6.972     10.111     8.5046 0.0000e+00
      7.147      0.087    10.3585     86.667     36.766  24.604117     1.6655      7.475   289.6230 2.5647e-01     5.8170      7.008     10.163     8.4953 0.0000e+00
      7.182      0.084    10.2988     86.301     36.774  24.602784     1.6496      7.475   289.8532 2.4141e-01     5.9080      7.048     10.221     8.4858 0.0000e+00
      7.205      0.080    10.2436     85.944     36.783  24.601983     1.6446      7.475   290.0992 2.2706e-01     6.0082      7.072     10.259     8.4767 0.0000e+00
      7.214      0.074    10.1931     85.580     36.782  24.594425     1.6467      7.476   290.7895 2.1515e-01     6.0380      7.075     10.263     8.4677 0.0000e+00
      7.219      0.064    10.1466     85.221     36.763  24.574812     1.6254      7.477   291.6602 2.1037e-01     5.9945      7.074     10.261     8.4584 0.0000e+00
      7.235      0.056    10.1085     84.874     36.744  24.555097     1.5941      7.477   291.6787 2.1308e-01     5.9262      7.091     10.284     8.4491 0.0000e+00
      7.259      0.056    10.0699     84.536     36.742  24.546293     1.5846      7.478   291.4439 2.0465e-01     5.9295      7.123     10.330     8.4397 0.0000e+00
      7.277      0.060    10.0280     84.216     36.730  24.531765     1.5856      7.479   291.1443 1.8629e-01     5.9667      7.143     10.359     8.4303 0.0000e+00
      7.286      0.062     9.9882     83.907     36.702  24.506274     1.5812      7.479   290.5511 1.8292e-01     5.8642      7.142     10.359     8.4209 0.0000e+00
      7.296      0.062     9.9506     83.600     36.690  24.491745     1.5818      7.480   290.4671 1.8322e-01     5.7138      7.150     10.370     8.4114 0.0000e+00
      7.315      0.064     9.9123     83.310     36.687  24.482930     1.5845      7.481   291.8489 1.8467e-01     5.6512      7.174     10.405     8.4017 0.0000e+00
      7.335      0.070     9.8772     83.043     36.667  24.463100     1.5889      7.481   293.9225 1.9116e-01     5.6537      7.196     10.437     8.3923 0.0000e+00
      7.350      0.075     9.8446     82.793     36.645  24.442222     1.6100      7.481   294.6315 1.8039e-01     5.7450      7.208     10.454     8.3833 0.0000e+00
      7.368      0.073     9.8089     82.569     36.622  24.420734     1.6317      7.482   294.0540 1.6544e-01     5.8665      7.220     10.472     8.3744 0.0000e+00
      7.394      0.064     9.7767     82.366     36.591  24.393534     1.6354      7.484   293.1353 1.6062e-01     5.9275      7.250     10.516     8.3656 0.0000e+00
      7.420      0.053     9.7488     82.158     36.560  24.367004     1.6377      7.486   292.6436 1.5290e-01     5.9362      7.283     10.564     8.3563 0.0000e+00
      7.432      0.040     9.7202     81.933     36.549  24.353629     1.6011      7.487   292.8411 1.4768e-01     5.8690      7.293     10.577     8.3474 0.0000e+00
      7.432      0.027     9.6958     81.708     36.565  24.358641     1.5175      7.489   293.8878 1.5291e-01     5.6957      7.287     10.568     8.3394 0.0000e+00
      7.432      0.017     9.6759     81.520     36.582  24.364187     1.4673      7.490   295.4915 1.5591e-01     5.5830      7.289     10.571     8.3312 0.0000e+00
      7.434      0.013     9.6536     81.348     36.580  24.357259     1.4601      7.490   296.1422 1.5531e-01     5.6336      7.292     10.576     8.3228 0.0000e+00
      7.434      0.016     9.6287     81.154     36.561  24.338285     1.4970      7.490   296.0766 1.6011e-01     5.7608      7.290     10.572     8.3149 0.0000e+00
      7.436      0.021     9.6013     80.961     36.550  24.325030     1.5557      7.491   296.1605 1.6432e-01     5.8573      7.289     10.571     8.3069 0.0000e+00
      7.445      0.029     9.5820     80.784     36.557  24.323816     1.5707      7.492   295.9521 1.6391e-01     5.8443      7.298     10.585     8.2987 0.0000e+00
      7.459      0.040     9.5679     80.623     36.565  24.323591     1.5784      7.491   295.3631 1.6262e-01     5.8427      7.318     10.613     8.2905 0.0000e+00
      7.467      0.050     9.5434     80.466     36.571  24.322308     1.6069      7.491   295.1484 1.5559e-01     5.8717      7.325     10.625     8.2825 0.0000e+00
      7.472      0.054     9.5224     80.273     36.559  24.308301     1.6163      7.490   295.7651 1.4229e-01     5.8182      7.321     10.617     8.2748 0.0000e+00
      7.492      0.054     9.5040     80.084     36.526  24.281048     1.5999      7.490   296.6250 1.3697e-01     5.7089      7.341     10.648     8.2670 0.0000e+00
      7.520      0.054     9.4855     79.959     36.482  24.246458     1.5760      7.490   297.0274 1.4147e-01     5.6094      7.382     10.708     8.2591 0.0000e+00
      7.535      0.056     9.4736     79.858     36.431  24.207155     1.5610      7.488   297.1022 1.4072e-01     5.5709      7.397     10.728     8.2514 0.0000e+00
      7.535      0.056     9.4497     79.735     36.408  24.186329     1.5423      7.485   297.1002 1.3512e-01     5.5849      7.385     10.710     8.2439 0.0000e+00
      7.544      0.056     9.4241     79.617     36.414  24.184899     1.4997      7.481   297.0023 1.3687e-01     5.6426      7.392     10.720     8.2363 0.0000e+00
      7.565      0.062     9.4155     79.530     36.429  24.189862     1.4622      7.478   296.3488 1.4031e-01     5.6881      7.423     10.765     8.2286 0.0000e+00
      7.583      0.074     9.4079     79.436     36.427  24.182911     1.4464      7.476   295.4805 1.3508e-01     5.6568      7.442     10.793     8.2210 0.0000e+00
      7.595      0.081     9.3929     79.315     36.407  24.164253     1.4501      7.475   295.3653 1.2901e-01     5.6401      7.443     10.795     8.2137 0.0000e+00
      7.618      0.079     9.3783     79.193     36.400  24.154515     1.4654      7.474   295.5586 1.3013e-01     5.6570      7.461     10.821     8.2067 0.0000e+00
      7.656      0.074     9.3727     79.087     36.369  24.128580     1.4658      7.474   296.0109 1.3243e-01     5.6220      7.513     10.896     8.1991 0.0000e+00
      7.684      0.071     9.3653     78.997     36.340  24.104338     1.4628      7.476   296.8756 1.3140e-01     5.6262      7.548     10.947     8.1914 0.0000e+00
      7.688      0.067     9.3494     78.912     36.364  24.115063     1.4548      7.476   297.1516 1.3111e-01     5.7079      7.541     10.935     8.1843 0.0000e+00
      7.690      0.057     9.3370     78.803     36.396  24.131424     1.4354      7.476   295.8214 1.3325e-01     5.7223      7.534     10.925     8.1774 0.0000e+00
      7.706      0.045     9.3259     78.703     36.374  24.111909     1.4196      7.476   293.6974 1.3374e-01     5.6629      7.554     10.956     8.1702 0.0000e+00
      7.729      0.040     9.3166     78.647     36.317  24.069341     1.4050      7.476   292.8939 1.3041e-01     5.6056      7.584     11.000     8.1629 0.0000e+00
      7.742      0.041     9.3113     78.599     36.312  24.060642     1.4331      7.477   293.1618 1.2606e-01     5.6438      7.597     11.019     8.1560 0.0000e+00
      7.745      0.044     9.2979     78.535     36.334  24.070138     1.5097      7.479   293.7530 1.2406e-01     5.7831      7.594     11.015     8.1493 0.0000e+00
      7.746      0.046     9.2839     78.468     36.321  24.057321     1.5482      7.480   294.7071 1.2380e-01     5.8551      7.594     11.014     8.1423 0.0000e+00
      7.754      0.047     9.2831     78.407     36.291  24.032502     1.5328      7.480   295.1482 1.2383e-01     5.8651      7.601     11.024     8.1354 0.0000e+00
      7.772      0.049     9.2794     78.363     36.285  24.023705     1.5324      7.481   294.4407 1.2482e-01     5.8706      7.618     11.050     8.1287 0.0000e+00
      7.795      0.049     9.2717     78.322     36.278  24.014367     1.5684      7.483   293.1210 1.2576e-01     5.8188      7.646     11.090     8.1220 0.0000e+00
      7.814      0.045     9.2665     78.262     36.238  23.983007     1.6010      7.485   292.3563 1.2498e-01     5.7503      7.668     11.121     8.1152 0.0000e+00
      7.823      0.037     9.2585     78.189     36.213  23.961615     1.6021      7.486   292.2501 1.2408e-01     5.6918      7.674     11.130     8.1087 0.0000e+00
      7.826      0.028     9.2566     78.120     36.196  23.945953     1.5904      7.487   292.4387 1.2394e-01     5.6573      7.674     11.132     8.1022 0.0000e+00
      7.827      0.022     9.2540     78.075     36.164  23.920472     1.5924      7.488   292.8304 1.2382e-01     5.6749      7.676     11.133     8.0956 0.0000e+00
      7.829      0.018     9.2482     78.067     36.151  23.907183     1.5930      7.489   293.1140 1.2376e-01     5.6661      7.675     11.132     8.0890 0.0000e+00
      7.834      0.016     9.2402     78.067     36.165  23.912099     1.5807      7.489   293.6306 1.2379e-01     5.6190      7.679     11.138     8.0827 0.0000e+00
      7.843      0.015     9.2326     78.041     36.178  23.916492     1.5773      7.490   294.4301 1.2382e-01     5.6178      7.693     11.157     8.0765 0.0000e+00
      7.851      0.014     9.2277     78.002     36.155  23.896881     1.5847      7.492   294.4356 1.2381e-01     5.6520      7.702     11.171     8.0702 0.0000e+00
      7.851      0.011     9.2291     77.958     36.113  23.865216     1.5954      7.493   293.6974 1.2376e-01     5.6907      7.699     11.166     8.0642 0.0000e+00
      7.850      0.011     9.2341     77.919     36.098  23.850708     1.5993      7.493   293.2474 1.2374e-01     5.7096      7.697     11.163     8.0583 0.0000e+00
      7.851      0.017     9.2294     77.907     36.100  23.848297     1.5898      7.493   293.1254 1.2379e-01     5.7096      7.700     11.168     8.0520 0.0000e+00
      7.852      0.031     9.2268     77.907     36.088  23.836058     1.6052      7.493   293.1674 1.2387e-01     5.7936      7.701     11.169     8.0459 0.0000e+00
      7.853      0.045     9.2229     77.902     36.084  23.829548     1.6442      7.492   294.3584 1.2391e-01     5.9406      7.698     11.164     8.0402 0.0000e+00
      7.866      0.054     9.2173     77.898     36.095  23.833007     1.6611      7.492   296.5121 1.2391e-01     5.9833      7.706     11.178     8.0345 0.0000e+00
      7.896      0.059     9.2190     77.900     36.073  23.814454     1.6520      7.493   297.3534 1.2388e-01     5.9001      7.742     11.230     8.0287 0.0000e+00
      7.926      0.063     9.2209     77.897     36.050  23.795472     1.6089      7.493   296.7012 1.2382e-01     5.7890      7.783     11.287     8.0230 0.0000e+00
      7.940      0.063     9.2208     77.870     36.053  23.793731     1.5568      7.492   296.1119 1.2376e-01     5.7328      7.792     11.300     8.0176 0.0000e+00
