Data/DataNotYetUploadedToEDI/Raw_CTD/RawDownloads/032524_fcr50_S7809001.cnv
* Sea-Bird SBE19plus  Data File:
* FileName = C:\R\Reservoirs\Data\DataNotYetUploadedToEDI\Raw_CTD\RawDownloads\032524_fcr50_S7809_0001.hex
* Software version 2.8.0.119
* Temperature SN = 7809
* Conductivity SN = 7809
* System UpLoad Time = Apr 02 2024 15:02:14
* <ApplicationData>
* <Seaterm232>
# nquan = 15
# nvalues = 2164                        
# units = specified
# name 0 = depFM: Depth [fresh water, m]
# name 1 = dz/dtM: Descent Rate [m/s]
# name 2 = sbeox0Mg/L: Oxygen, SBE 43 [mg/l]
# name 3 = sbeox0PS: Oxygen, SBE 43 [% saturation]
# name 4 = specc: Specific Conductance [uS/cm]
# name 5 = c0uS/cm: Conductivity [uS/cm]
# name 6 = flECO-AFL: Fluorescence, WET Labs ECO-AFL/FL [mg/m^3]
# name 7 = ph: pH
# name 8 = orp: Oxidation Reduction Potential [mV]
# name 9 = par/sat/log: PAR/Logarithmic, Satlantic
# name 10 = turbWETntu0: Turbidity, WET Labs ECO [NTU]
# name 11 = prdM: Pressure, Strain Gauge [db]
# name 12 = prdE: Pressure, Strain Gauge [psi]
# name 13 = tv290C: Temperature [ITS-90, deg C]
# name 14 = flag:  0.000e+00
# span 0 =     -0.564,      9.825       
# span 1 =     -0.293,      0.120       
# span 2 =     0.7680,    11.8017       
# span 3 =      6.715,    102.352       
# span 4 =      0.460,    625.488       
# span 5 =   0.285595, 415.200459       
# span 6 =    -1.6113,     9.9266       
# span 7 =     -2.694,      8.039       
# span 8 = -1240.7455,  1231.8766       
# span 9 = 1.2367e-01, 1.6068e+03       
# span 10 =    -2.7558,   296.9730      
# span 11 =     -0.553,      9.636      
# span 12 =     -0.802,     13.975      
# span 13 =     5.9872,    10.0518      
# span 14 = 0.0000e+00, 0.0000e+00      
# interval = seconds: 0.25
# start_time = Mar 25 2024 09:33:12 [Instrument's time stamp, header]
# bad_flag = -9.990e-29
*END*
[from data line 1446]
      9.399      0.030    10.2663     87.535     38.191  25.538572     6.8520      7.229   337.9032 1.2370e-01    12.3666      9.218     13.369     8.4329 0.0000e+00
      9.408      0.031    10.2610     87.577     38.228  25.563022     6.9205      7.229   336.9383 1.2373e-01    12.7854      9.225     13.380     8.4331 0.0000e+00
      9.420      0.032    10.2554     87.638     38.232  25.565612     6.9671      7.230   335.4734 1.2379e-01    13.4277      9.238     13.399     8.4334 0.0000e+00
      9.430      0.035    10.2545     87.705     38.238  25.569894     7.3408      7.233   334.7321 1.2384e-01    20.5436      9.251     13.417     8.4335 0.0000e+00
      9.436      0.040    10.2553     87.753     38.306  25.614798     8.0346      7.234   334.6005 1.2384e-01    33.7149      9.254     13.422     8.4334 0.0000e+00
      9.441      0.045    10.2612     87.773     38.382  25.664603     8.4405      7.234   334.4843 1.2377e-01    41.0307      9.255     13.423     8.4334 0.0000e+00
      9.451      0.047    10.2685     87.773     38.385  25.664710     8.4942      7.234   335.3053 1.2373e-01    42.2844      9.265     13.437     8.4332 0.0000e+00
      9.470      0.046    10.2781     87.751     38.315  25.616081     8.5174      7.234   337.1281 1.2380e-01    48.1903      9.285     13.466     8.4329 0.0000e+00
      9.490      0.043    10.2839     87.692     38.268  25.584004     8.8707      7.234   338.0246 1.2381e-01   112.5067      9.310     13.503     8.4331 0.0000e+00
      9.505      0.038    10.2856     87.561     38.283  25.593972     9.5531      7.235   337.9720 1.2374e-01   230.4728      9.325     13.525     8.4319 0.0000e+00
      9.510      0.032    10.2875     87.373     38.307  25.609766     9.9266      7.235   337.5239 1.2374e-01   294.5745      9.326     13.527     8.4282 0.0000e+00
      9.510      0.027    10.2845     87.161     38.364  25.648130     9.8076      7.235   336.7374 1.2382e-01   296.9730      9.327     13.527     8.4254 0.0000e+00
      9.512      0.025    10.2818     86.933     38.503  25.740723     8.0556      7.235   336.4641 1.2391e-01   259.6430      9.327     13.528     8.4249 0.0000e+00
      9.517      0.025    10.2644     86.731     38.653  25.841404     4.8328      7.235   337.3176 1.2393e-01   190.4172      9.331     13.533     8.4251 0.0000e+00
      9.526      0.028    10.2400     86.580     38.951  26.040991     3.0597      7.235   338.8830 1.2390e-01   152.4149      9.341     13.547     8.4248 0.0000e+00
      9.539      0.029    10.2174     86.488     41.352  27.646545     2.8381      7.236   339.8169 1.2386e-01   145.6839      9.355     13.568     8.4248 0.0000e+00
      9.549      0.029    10.1865     86.478     44.729  29.903624     2.0875      7.236   339.7472 1.2387e-01   108.6578      9.367     13.585     8.4253 0.0000e+00
      9.555      0.026    10.1622     86.526     44.479  29.735164     0.7094      7.235   339.3317 1.2392e-01    41.2740      9.371     13.591     8.4259 0.0000e+00
      9.558      0.021    10.1452     86.568     42.581  28.465155    -0.0332      7.235   339.0943 1.2389e-01     4.5751      9.372     13.594     8.4262 0.0000e+00
      9.563      0.017    10.1319     86.555     42.356  28.313164    -0.0823      7.235   339.1136 1.2383e-01     1.3362      9.378     13.602     8.4268 0.0000e+00
      9.567      0.013    10.1313     86.404     42.494  28.405028    -0.0761      7.236   338.8767 1.2378e-01     1.0542      9.383     13.609     8.4265 0.0000e+00
      9.571      0.011    10.1420     86.021     42.820  28.624480    -0.0828      7.237   338.6402 1.2381e-01     0.9610      9.386     13.614     8.4244 0.0000e+00
      9.573      0.009    10.1481     85.439     43.855  29.317311    -0.1058      7.238   338.9217 1.2389e-01     0.8923      9.388     13.616     8.4221 0.0000e+00
      9.575      0.007    10.1494     84.757     45.247  30.248593    -0.1118      7.238   339.1824 1.2389e-01     0.9059      9.390     13.619     8.4203 0.0000e+00
      9.576      0.005    10.1397     84.063     48.748  32.589752    -0.0979      7.238   339.2101 1.2386e-01     0.9554      9.391     13.621     8.4206 0.0000e+00
      9.577      0.005    10.0904     83.438     77.940  52.105190    -0.0877      7.239   338.3105 1.2389e-01     0.9443      9.391     13.621     8.4222 0.0000e+00
      9.578      0.009    10.0171     82.914    188.962 126.312859    -0.0882      7.239   335.9632 1.2399e-01     0.9422      9.392     13.622     8.4233 0.0000e+00
      9.578      0.017     9.9344     82.463    347.332 232.110033    -0.0959      7.239   334.1454 1.2395e-01     0.9643      9.393     13.623     8.4241 0.0000e+00
      9.580      0.027     9.8479     82.047    440.108 293.943549    -0.1055      7.239   334.2279 1.2380e-01     0.7334      9.394     13.625     8.4251 0.0000e+00
      9.585      0.036     9.7740     81.613    467.404 311.931559    -0.1129      7.239   335.3269 1.2376e-01     0.2339      9.396     13.629     8.4252 0.0000e+00
      9.598      0.042     9.7109     81.045    479.656 319.878048    -0.1096      7.239   336.6776 1.2378e-01    -0.0540      9.410     13.647     8.4255 0.0000e+00
      9.617      0.045     9.6545     80.235    485.572 323.642910    -0.0993      7.239   338.1698 1.2381e-01    -0.0827      9.433     13.680     8.4198 0.0000e+00
      9.635      0.045     9.6092     79.131    489.388 326.052574    -0.0967      7.240   339.3444 1.2381e-01    -0.1128      9.450     13.707     8.3965 0.0000e+00
      9.645      0.044     9.5723     77.774    493.573 328.740714    -0.1022      7.238   339.9527 1.2380e-01    -0.1788      9.461     13.722     8.3657 0.0000e+00
      9.650      0.042     9.5155     76.305    498.593 332.007934    -0.1081      7.215   340.0180 1.2382e-01    -0.2663      9.464     13.727     8.3406 0.0000e+00
      9.655      0.042     9.4265     74.842    503.727 335.364817    -0.1101      7.147   338.9290 1.2379e-01    -0.3511      9.465     13.728     8.3223 0.0000e+00
      9.665      0.043     9.2999     73.466    508.110 338.231368    -0.1177      7.046   337.5405 1.2375e-01    -0.3844      9.476     13.743     8.3091 0.0000e+00
      9.680      0.045     9.1336     72.246    511.329 340.330659    -0.1337      6.949   336.9961 1.2379e-01    -0.3609      9.493     13.769     8.2994 0.0000e+00
      9.695      0.046     8.9585     71.192    513.712 341.878007    -0.1291      6.875   336.3047 1.2375e-01    -0.3054      9.509     13.792     8.2920 0.0000e+00
      9.710      0.045     8.7857     70.268    515.880 343.286044    -0.1113      6.824   335.6338 1.2372e-01    -0.2611      9.523     13.811     8.2861 0.0000e+00
      9.722      0.040     8.6203     69.368    518.000 344.666067    -0.1028      6.793   335.5097 1.2381e-01    -0.2686      9.536     13.832     8.2811 0.0000e+00
      9.730      0.034     8.4786     68.322    519.955 345.938288    -0.0926      6.778   334.9761 1.2387e-01    -0.2605      9.543     13.841     8.2769 0.0000e+00
      9.735      0.027     8.3562     67.015    521.703 347.072851    -0.0883      6.776   334.0010 1.2383e-01    -0.2312      9.545     13.844     8.2731 0.0000e+00
      9.742      0.022     8.2524     65.435    523.929 348.527229    -0.1003      6.781   333.0973 1.2384e-01    -0.2562      9.553     13.857     8.2697 0.0000e+00
      9.748      0.022     8.1559     63.629    527.330 350.766131    -0.1211      6.790   331.8794 1.2390e-01    -0.3229      9.561     13.867     8.2670 0.0000e+00
      9.751      0.025     8.0387     61.696    531.412 353.459853    -0.1316      6.801   330.3741 1.2387e-01    -0.3553      9.563     13.870     8.2642 0.0000e+00
      9.754      0.029     7.8853     59.745    535.503 356.158215    -0.1186      6.814   329.4371 1.2381e-01    -0.3059      9.563     13.870     8.2614 0.0000e+00
      9.760      0.032     7.6982     57.863    539.274 358.643364    -0.0972      6.828   329.1547 1.2382e-01    -0.2038      9.569     13.878     8.2589 0.0000e+00
      9.773      0.033     7.4821     56.201    542.482 360.754346    -0.0892      6.843   329.3696 1.2382e-01    -0.1446      9.583     13.900     8.2566 0.0000e+00
      9.787      0.033     7.2492     54.906    545.292 362.600658    -0.0892      6.859   329.7113 1.2382e-01    -0.1711      9.599     13.922     8.2547 0.0000e+00
      9.797      0.030     7.0194     53.986    547.930 364.333607    -0.0963      6.875   329.4150 1.2386e-01    -0.2172      9.610     13.937     8.2526 0.0000e+00
      9.804      0.025     6.7911     53.351    550.236 365.846210    -0.1170      6.891   328.7983 1.2381e-01    -0.2586      9.616     13.947     8.2503 0.0000e+00
      9.808      0.017     6.5876     52.871    552.136 367.090572    -0.1315      6.906   328.2773 1.2379e-01    -0.2951      9.618     13.950     8.2484 0.0000e+00
      9.810      0.011     6.4372     52.374    553.769 368.158669    -0.1215      6.921   328.0206 1.2384e-01    -0.3178      9.620     13.953     8.2463 0.0000e+00
      9.811      0.006     6.3332     51.724    555.188 369.087165    -0.0961      6.936   328.2754 1.2382e-01    -0.2937      9.622     13.955     8.2444 0.0000e+00
      9.811      0.003     6.2637     50.851    556.575 369.997506    -0.0907      6.951   328.6048 1.2382e-01    -0.2426      9.622     13.955     8.2425 0.0000e+00
      9.811      0.003     6.2155     49.688    558.159 371.039151    -0.1066      6.963   328.2175 1.2382e-01    -0.2459      9.622     13.955     8.2407 0.0000e+00
      9.812      0.003     6.1639     48.187    559.825 372.135896    -0.1138      6.976   327.2056 1.2380e-01    -0.2650      9.621     13.954     8.2391 0.0000e+00
      9.813      0.003     6.0879     46.320    561.337 373.131478    -0.1112      6.988   326.6954 1.2380e-01    -0.2690      9.622     13.956     8.2378 0.0000e+00
      9.814      0.003     5.9904     44.113    562.630 373.981560    -0.1079      7.001   326.9524 1.2377e-01    -0.2947      9.624     13.958     8.2368 0.0000e+00
      9.815      0.003     5.8544     41.654    563.783 374.737827    -0.0990      7.013   327.4744 1.2377e-01    -0.2680      9.626     13.960     8.2358 0.0000e+00
      9.816      0.004     5.6799     39.002    565.045 375.566431    -0.0866      7.024   327.7583 1.2376e-01    -0.1851      9.625     13.961     8.2348 0.0000e+00
      9.817      0.004     5.4603     36.204    566.490 376.516681    -0.0911      7.036   326.1687 1.2370e-01    -0.2147      9.626     13.963     8.2340 0.0000e+00
      9.817      0.004     5.1948     33.366    567.914 377.453187    -0.1033      7.047   307.6521 1.2370e-01    -0.2848      9.627     13.964     8.2332 0.0000e+00
      9.818      0.004     4.9046     30.552    569.217 378.308788    -0.1008      7.057   263.1349 1.2375e-01    -0.2471      9.628     13.963     8.2323 0.0000e+00
      9.819      0.004     4.5921     27.756    570.354 379.054686    -0.1027      7.067   219.1430 1.2373e-01    -0.2365      9.630     13.966     8.2313 0.0000e+00
      9.821      0.003     4.2578     25.053    571.334 379.696862    -0.1174      7.077   196.9994 1.2375e-01    -0.2938      9.631     13.969     8.2304 0.0000e+00
      9.822      0.002     3.9190     22.516    572.300 380.330542    -0.1204      7.086   189.5034 1.2382e-01    -0.2567      9.633     13.971     8.2296 0.0000e+00
      9.822      0.001     3.5946     20.179    573.377 381.038048    -0.1061      7.095   187.1882 1.2386e-01    -0.1637      9.632     13.970     8.2286 0.0000e+00
      9.821      0.000     3.2582     18.114    574.533 381.798307    -0.1026      7.104   186.3007 1.2386e-01    -0.1932      9.631     13.969     8.2278 0.0000e+00
      9.821     -0.001     2.9381     16.369    575.681 382.553362    -0.1112      7.112   184.7087 1.2384e-01    -0.2730      9.631     13.969     8.2270 0.0000e+00
      9.821     -0.001     2.6407     14.972    576.856 383.326756    -0.1107      7.121   181.9634 1.2387e-01    -0.2736      9.631     13.968     8.2263 0.0000e+00
      9.820      0.000     2.3602     13.931    578.150 384.179424    -0.1131      7.130   179.8659 1.2390e-01    -0.2693      9.631     13.968     8.2256 0.0000e+00
      9.820 -1.138e-08     2.1172     13.224    579.573 385.118223    -0.1150      7.137   178.8788 1.2388e-01    -0.2894      9.631     13.968     8.2248 0.0000e+00
      9.821 -1.252e-07     1.9100     12.815    580.954 386.029110    -0.1003      7.144   178.1168 1.2384e-01    -0.2769      9.631     13.969     8.2242 0.0000e+00
      9.821 6.5379e-07     1.7458     12.670    582.128 386.802121    -0.0853      7.151   176.6747 1.2381e-01    -0.2210      9.631     13.968     8.2235 0.0000e+00
      9.821      0.000     1.6239     12.685    583.179 387.493571    -0.0916      7.157   173.2304 1.2375e-01    -0.1936      9.631     13.968     8.2229 0.0000e+00
      9.820      0.000     1.5438     12.758    584.241 388.192644    -0.1110      7.164   165.5529 1.2369e-01    -0.2535      9.630     13.968     8.2223 0.0000e+00
      9.820      0.001     1.4946     12.881    585.358 388.928504    -0.1118      7.170   152.4197 1.2372e-01    -0.3301      9.630     13.967     8.2217 0.0000e+00
      9.820      0.003     1.4830     13.071    586.493 389.677199    -0.0921      7.176   137.1306 1.2379e-01    -0.3345      9.630     13.967     8.2211 0.0000e+00
      9.821      0.003     1.4914     13.322    587.592 390.402124    -0.0816      7.183   123.8631 1.2384e-01    -0.2730      9.630     13.967     8.2207 0.0000e+00
      9.823      0.003     1.4979     13.647    588.663 391.108561    -0.0931      7.190   113.4043 1.2384e-01    -0.2698      9.632     13.972     8.2200 0.0000e+00
      9.825      0.002     1.5118     14.048    589.654 391.762619    -0.1144      7.195   104.8016 1.2387e-01    -0.3302      9.635     13.974     8.2195 0.0000e+00
      9.825      0.001     1.5350     14.522    590.576 392.370549    -0.1219      7.200    97.3691 1.2387e-01    -0.3190      9.636     13.975     8.2190 0.0000e+00
      9.824     -0.001     1.5634     15.069    591.584 393.035563    -0.1090      7.206    90.5644 1.2385e-01    -0.2712      9.634     13.974     8.2185 0.0000e+00
      9.823     -0.002     1.6011     15.635    592.643 393.733974    -0.1004      7.213    84.0448 1.2390e-01    -0.2311      9.633     13.972     8.2181 0.0000e+00
      9.822     -0.003     1.6500     16.137    593.590 394.358126    -0.1086      7.219    78.3373 1.2396e-01    -0.2098      9.633     13.971     8.2177 0.0000e+00
      9.821     -0.005     1.7034     16.537    594.414 394.899933    -0.1179      7.224    74.0399 1.2393e-01    -0.2522      9.631     13.969     8.2173 0.0000e+00
      9.821     -0.007     1.7707     16.832    595.140 395.377410    -0.1211      7.229    71.0607 1.2385e-01    -0.2996      9.631     13.968     8.2169 0.0000e+00
      9.820     -0.010     1.8422     17.004    595.888 395.869382    -0.1146      7.234    68.6439 1.2377e-01    -0.3046      9.631     13.969     8.2166 0.0000e+00
      9.818     -0.013     1.9019     17.022    596.780 396.457177    -0.0968      7.240    70.0279 1.2375e-01    -0.2445      9.628     13.964     8.2161 0.0000e+00
      9.813     -0.016     1.9489     16.893    597.696 397.059895    -0.0885      7.246    78.5030 1.2381e-01    -0.2222      9.624     13.957     8.2156 0.0000e+00
      9.808     -0.018     1.9838     16.658    598.521 397.603002    -0.0980      7.251    89.4641 1.2388e-01    -0.3089      9.619     13.951     8.2151 0.0000e+00
      9.802     -0.020     2.0067     16.366    599.300 398.115695    -0.1034      7.255    98.7946 1.2389e-01    -0.3354      9.613     13.942     8.2149 0.0000e+00
      9.796     -0.022     2.0079     16.058    600.050 398.608887    -0.0949      7.261   102.7830 1.2386e-01    -0.2689      9.606     13.933     8.2144 0.0000e+00
      9.791     -0.023     1.9908     15.735    600.714 399.045272    -0.0872      7.267    97.7650 1.2383e-01    -0.2229      9.602     13.927     8.2139 0.0000e+00
