Data/DataNotYetUploadedToEDI/Raw_CTD/RawDownloads/032524_fcr50_S7809001.cnv
* Sea-Bird SBE19plus  Data File:
* FileName = C:\R\Reservoirs\Data\DataNotYetUploadedToEDI\Raw_CTD\RawDownloads\032524_fcr50_S7809_0001.hex
* Software version 2.8.0.119
* Temperature SN = 7809
* Conductivity SN = 7809
* System UpLoad Time = Apr 02 2024 15:02:14
* <ApplicationData>
* <Seaterm232>
# nquan = 15
# nvalues = 2164                        
# units = specified
# name 0 = depFM: Depth [fresh water, m]
# name 1 = dz/dtM: Descent Rate [m/s]
# name 2 = sbeox0Mg/L: Oxygen, SBE 43 [mg/l]
# name 3 = sbeox0PS: Oxygen, SBE 43 [% saturation]
# name 4 = specc: Specific Conductance [uS/cm]
# name 5 = c0uS/cm: Conductivity [uS/cm]
# name 6 = flECO-AFL: Fluorescence, WET Labs ECO-AFL/FL [mg/m^3]
# name 7 = ph: pH
# name 8 = orp: Oxidation Reduction Potential [mV]
# name 9 = par/sat/log: PAR/Logarithmic, Satlantic
# name 10 = turbWETntu0: Turbidity, WET Labs ECO [NTU]
# name 11 = prdM: Pressure, Strain Gauge [db]
# name 12 = prdE: Pressure, Strain Gauge [psi]
# name 13 = tv290C: Temperature [ITS-90, deg C]
# name 14 = flag:  0.000e+00
# span 0 =     -0.564,      9.825       
# span 1 =     -0.293,      0.120       
# span 2 =     0.7680,    11.8017       
# span 3 =      6.715,    102.352       
# span 4 =      0.460,    625.488       
# span 5 =   0.285595, 415.200459       
# span 6 =    -1.6113,     9.9266       
# span 7 =     -2.694,      8.039       
# span 8 = -1240.7455,  1231.8766       
# span 9 = 1.2367e-01, 1.6068e+03       
# span 10 =    -2.7558,   296.9730      
# span 11 =     -0.553,      9.636      
# span 12 =     -0.802,     13.975      
# span 13 =     5.9872,    10.0518      
# span 14 = 0.0000e+00, 0.0000e+00      
# interval = seconds: 0.25
# start_time = Mar 25 2024 09:33:12 [Instrument's time stamp, header]
# bad_flag = -9.990e-29
*END*
[from data line 1254]
      7.285      0.031    10.2567     87.688     38.025  25.451378     6.4092      7.227   335.3831 3.2909e-01     6.3486      7.144     10.361     8.4584 0.0000e+00
      7.286      0.018    10.2535     87.767     37.988  25.428315     6.3977      7.227   335.4246 3.3874e-01     6.4146      7.144     10.363     8.4574 0.0000e+00
      7.286      0.009    10.2532     87.846     37.985  25.427256     6.3064      7.228   335.4018 3.4565e-01     6.3470      7.145     10.363     8.4598 0.0000e+00
      7.287      0.006    10.2590     87.921     38.001  25.438577     6.1210      7.228   335.4520 3.5394e-01     6.1466      7.145     10.362     8.4621 0.0000e+00
      7.289      0.006    10.2664     87.973     38.000  25.438358     6.0207      7.228   335.5146 3.5552e-01     6.0751      7.148     10.367     8.4646 0.0000e+00
      7.291      0.007    10.2763     87.979     37.979  25.424617     6.0257      7.230   335.5565 3.4699e-01     6.1655      7.151     10.373     8.4664 0.0000e+00
      7.293      0.009    10.2845     87.960     37.940  25.399267     6.1319      7.231   335.6142 3.3740e-01     6.1461      7.152     10.374     8.4678 0.0000e+00
      7.294      0.009    10.2938     87.931     37.918  25.385536     6.3149      7.231   335.6099 3.2985e-01     6.0126      7.152     10.373     8.4692 0.0000e+00
      7.296      0.009    10.3025     87.899     37.918  25.385433     6.3976      7.231   335.5905 3.2580e-01     5.9171      7.155     10.377     8.4696 0.0000e+00
      7.300      0.009    10.3000     87.872     37.936  25.398022     6.4085      7.231   335.5529 3.2422e-01     5.8800      7.159     10.383     8.4701 0.0000e+00
      7.303      0.009    10.2976     87.844     37.953  25.410904     6.4791      7.232   335.5850 3.2786e-01     5.9050      7.162     10.388     8.4712 0.0000e+00
      7.305      0.008    10.2941     87.809     37.954  25.414352     6.5855      7.233   335.8067 3.3861e-01     5.8781      7.163     10.389     8.4721 0.0000e+00
      7.307      0.007    10.2890     87.799     37.989  25.439721     6.6377      7.233   335.8246 3.4246e-01     5.7936      7.166     10.393     8.4724 0.0000e+00
      7.308      0.007    10.2868     87.826     38.024  25.463954     6.6357      7.232   335.4568 3.3341e-01     5.8047      7.168     10.396     8.4731 0.0000e+00
      7.308      0.012    10.2836     87.833     38.007  25.453672     6.5953      7.230   335.2312 3.2262e-01     5.9783      7.167     10.395     8.4744 0.0000e+00
      7.309      0.025    10.2775     87.808     37.989  25.442247     6.5241      7.226   335.3346 3.2092e-01     6.2192      7.168     10.396     8.4781 0.0000e+00
      7.311      0.041    10.2719     87.773     38.009  25.452662     6.4826      7.221   335.4160 3.2573e-01     6.3263      7.170     10.399     8.4818 0.0000e+00
      7.317      0.054    10.2815     87.721     38.018  25.452751     6.4751      7.219   335.4410 3.2054e-01     6.3508      7.170     10.398     8.4818 0.0000e+00
      7.338      0.061    10.2814     87.656     38.010  25.443308     6.4671      7.218   335.4647 2.9754e-01     6.3796      7.187     10.424     8.4828 0.0000e+00
      7.373      0.063    10.2748     87.575     38.043  25.465329     6.3444      7.217   335.4441 2.7185e-01     6.3326      7.235     10.494     8.4859 0.0000e+00
      7.400      0.061    10.2749     87.512     38.042  25.465329     6.1153      7.217   335.2776 2.7287e-01     6.2261      7.268     10.541     8.4822 0.0000e+00
      7.407      0.053    10.2683     87.495     38.009  25.443308     5.9861      7.219   335.0011 2.9578e-01     6.1174      7.263     10.535     8.4710 0.0000e+00
      7.409      0.040    10.2657     87.510     38.024  25.452751     5.9644      7.221   334.9396 2.9296e-01     6.1108      7.262     10.533     8.4642 0.0000e+00
      7.418      0.030    10.2525     87.563     38.024  25.452665     6.0020      7.221   334.9647 2.7764e-01     6.2152      7.275     10.552     8.4665 0.0000e+00
      7.426      0.028    10.2420     87.637     38.010  25.442260     6.0826      7.221   334.7883 2.8055e-01     6.2187      7.285     10.566     8.4694 0.0000e+00
      7.430      0.032    10.2440     87.714     38.030  25.453789     6.1233      7.222   334.6131 2.7698e-01     6.1184      7.286     10.568     8.4686 0.0000e+00
      7.435      0.035    10.2426     87.814     38.052  25.465226     6.1367      7.222   335.1692 2.6264e-01     6.0614      7.288     10.570     8.4677 0.0000e+00
      7.447      0.035    10.2511     87.910     38.037  25.453696     6.2617      7.223   336.2642 2.5192e-01     6.0763      7.302     10.589     8.4673 0.0000e+00
      7.462      0.035    10.2613     87.952     38.018  25.441221     6.5019      7.224   336.7539 2.4022e-01     6.1276      7.320     10.616     8.4671 0.0000e+00
      7.473      0.036    10.2686     87.987     38.018  25.441222     6.6355      7.226   336.5300 2.2741e-01     6.1344      7.331     10.632     8.4645 0.0000e+00
      7.478      0.036    10.2820     88.047     38.038  25.453717     6.6454      7.227   336.0515 2.2689e-01     6.0899      7.335     10.638     8.4588 0.0000e+00
      7.483      0.035    10.3000     88.079     38.057  25.465457     6.7307      7.228   335.7015 2.2189e-01     6.1371      7.337     10.641     8.4555 0.0000e+00
      7.490      0.035    10.3001     88.092     38.045  25.456326     6.9007      7.228   335.3955 2.1105e-01     6.2948      7.344     10.651     8.4562 0.0000e+00
      7.502      0.037    10.3003     88.110     38.067  25.470154     7.0022      7.229   335.7921 2.1708e-01     6.3915      7.358     10.672     8.4581 0.0000e+00
      7.514      0.042    10.3146     88.112     38.124  25.505805     7.0100      7.230   337.2278 2.2458e-01     6.3832      7.370     10.690     8.4574 0.0000e+00
      7.524      0.046    10.3155     88.097     38.129  25.506865     6.9777      7.230   338.1278 2.1725e-01     6.3317      7.378     10.701     8.4545 0.0000e+00
      7.534      0.046    10.3163     88.096     38.096  25.482955     6.8950      7.230   338.1565 1.9888e-01     6.3153      7.388     10.715     8.4536 0.0000e+00
      7.548      0.042    10.3204     88.135     38.077  25.470393     6.7844      7.230   338.0046 1.9603e-01     6.3558      7.402     10.736     8.4530 0.0000e+00
      7.563      0.038    10.3214     88.223     38.093  25.481820     6.7134      7.231   337.9263 2.1195e-01     6.3783      7.418     10.759     8.4501 0.0000e+00
      7.574      0.035    10.3188     88.324     38.112  25.494277     6.6858      7.233   337.4677 2.1108e-01     6.3478      7.431     10.776     8.4459 0.0000e+00
      7.579      0.034    10.3188     88.405     38.112  25.494171     6.6677      7.234   336.5034 2.0629e-01     6.3625      7.434     10.782     8.4428 0.0000e+00
      7.581      0.037    10.3219     88.459     38.092  25.480543     6.6522      7.235   336.4196 2.1665e-01     6.4875      7.434     10.781     8.4429 0.0000e+00
      7.586      0.045    10.3344     88.484     38.057  25.456340     6.6479      7.235   337.3144 2.2112e-01     6.5955      7.437     10.785     8.4446 0.0000e+00
      7.597      0.054    10.3478     88.480     38.056  25.455206     6.6492      7.235   337.7721 2.1284e-01     6.6087      7.448     10.803     8.4452 0.0000e+00
      7.616      0.061    10.3567     88.448     38.075  25.466841     6.7100      7.235   337.8245 1.9733e-01     6.7496      7.468     10.831     8.4447 0.0000e+00
      7.640      0.062    10.3645     88.417     38.081  25.470166     6.8422      7.236   338.2064 1.9065e-01     7.1032      7.492     10.866     8.4436 0.0000e+00
      7.663      0.057    10.3661     88.389     38.119  25.495409     6.9245      7.236   337.4846 1.9026e-01     7.3319      7.517     10.903     8.4429 0.0000e+00
      7.681      0.046    10.3677     88.360     38.154  25.518375     6.9219      7.236   335.4649 1.8050e-01     7.3293      7.537     10.931     8.4426 0.0000e+00
      7.688      0.033    10.3611     88.350     38.117  25.494161     6.7684      7.236   334.5216 1.7279e-01     7.1057      7.541     10.938     8.4410 0.0000e+00
      7.689      0.020    10.3585     88.369     38.059  25.456329     6.5010      7.236   334.5107 1.6903e-01     6.7456      7.539     10.935     8.4398 0.0000e+00
      7.689      0.012    10.3562     88.403     38.035  25.441472     6.3689      7.236   334.3868 1.6950e-01     6.5963      7.540     10.935     8.4393 0.0000e+00
      7.689      0.012    10.3509     88.426     38.035  25.441359     6.3616      7.235   334.8305 1.6649e-01     6.5987      7.541     10.937     8.4391 0.0000e+00
      7.690      0.022    10.3496     88.440     38.056  25.454969     6.3042      7.233   335.9175 1.6227e-01     6.5702      7.541     10.937     8.4399 0.0000e+00
      7.693      0.038    10.3518     88.457     38.092  25.479182     6.1919      7.231   335.8289 1.7152e-01     6.5588      7.544     10.941     8.4414 0.0000e+00
      7.699      0.053    10.3572     88.477     38.096  25.480439     6.1266      7.228   334.3606 1.6947e-01     6.5634      7.547     10.945     8.4422 0.0000e+00
      7.715      0.063    10.3598     88.508     38.083  25.470166     6.1229      7.225   333.4805 1.5812e-01     6.5916      7.560     10.964     8.4421 0.0000e+00
      7.745      0.069    10.3598     88.558     38.101  25.481811     6.1216      7.223   333.3614 1.5542e-01     6.5923      7.595     11.015     8.4423 0.0000e+00
      7.776      0.072    10.3630     88.599     38.120  25.494400     6.0781      7.222   333.4359 1.4989e-01     6.5373      7.634     11.071     8.4430 0.0000e+00
      7.792      0.070    10.3647     88.604     38.123  25.495534     6.0037      7.221   333.6065 1.4354e-01     6.5408      7.646     11.091     8.4412 0.0000e+00
      7.798      0.062    10.3683     88.588     38.125  25.495526     5.9721      7.221   333.7035 1.4427e-01     6.6018      7.644     11.086     8.4374 0.0000e+00
      7.810      0.052    10.3764     88.567     38.124  25.494296     5.9869      7.222   334.3511 1.4979e-01     6.6254      7.654     11.101     8.4370 0.0000e+00
      7.829      0.045    10.3824     88.539     38.104  25.480669     6.0414      7.224   335.4137 1.5339e-01     6.4844      7.680     11.139     8.4382 0.0000e+00
      7.844      0.046    10.3822     88.507     38.069  25.457598     6.1225      7.225   335.7957 1.5238e-01     6.1960      7.698     11.163     8.4369 0.0000e+00
      7.849      0.052    10.3797     88.464     38.085  25.469024     6.1692      7.226   335.7876 1.5066e-01     6.0751      7.698     11.164     8.4345 0.0000e+00
      7.854      0.058    10.3788     88.432     38.118  25.491982     6.1894      7.227   335.4019 1.4637e-01     6.1837      7.699     11.165     8.4332 0.0000e+00
      7.867      0.065    10.3739     88.430     38.102  25.481499     6.2755      7.228   334.4873 1.3636e-01     6.3820      7.711     11.184     8.4337 0.0000e+00
      7.889      0.076    10.3719     88.425     38.084  25.469119     6.4276      7.227   334.2799 1.2739e-01     6.6286      7.735     11.218     8.4340 0.0000e+00
      7.916      0.090    10.3651     88.394     38.084  25.469137     6.5141      7.224   336.0770 1.2531e-01     6.7740      7.763     11.259     8.4347 0.0000e+00
      7.941      0.105    10.3587     88.329     38.102  25.481717     6.5222      7.220   338.9223 1.2596e-01     6.8085      7.789     11.298     8.4369 0.0000e+00
      7.965      0.116    10.3613     88.220     38.121  25.494382     6.4589      7.216   340.3753 1.2497e-01     6.8742      7.809     11.327     8.4375 0.0000e+00
      7.992      0.120    10.3617     88.093     38.121  25.495431     6.3146      7.213   340.4814 1.2400e-01     6.9535      7.834     11.361     8.4368 0.0000e+00
      8.027      0.116    10.3577     87.996     38.119  25.494391     6.2253      7.212   339.9463 1.2391e-01     7.0157      7.870     11.414     8.4365 0.0000e+00
      8.068      0.106    10.3515     87.916     38.099  25.481812     6.2206      7.212   339.0676 1.2385e-01     7.0462      7.914     11.478     8.4364 0.0000e+00
      8.105      0.091    10.3377     87.826     38.082  25.470178     6.1330      7.213   338.6334 1.2385e-01     6.9126      7.954     11.536     8.4371 0.0000e+00
      8.127      0.075    10.3186     87.756     38.097  25.480565     5.9483      7.215   338.9992 1.2381e-01     6.6632      7.976     11.569     8.4384 0.0000e+00
      8.133      0.062    10.3087     87.726     38.097  25.480565     5.8426      7.215   340.1351 1.2376e-01     6.5253      7.978     11.570     8.4391 0.0000e+00
      8.135      0.057    10.3016     87.704     38.082  25.470179     5.8293      7.214   341.0099 1.2376e-01     6.5094      7.975     11.567     8.4393 0.0000e+00
      8.140      0.058    10.2889     87.676     38.099  25.481814     5.8460      7.214   341.1440 1.2381e-01     6.5046      7.980     11.573     8.4390 0.0000e+00
      8.154      0.066    10.2785     87.636     38.116  25.494412     6.0193      7.214   341.1546 1.2375e-01     6.4666      7.991     11.589     8.4390 0.0000e+00
      8.181      0.078    10.2786     87.577     38.117  25.495660     6.3272      7.214   341.1379 1.2370e-01     6.4259      8.021     11.634     8.4392 0.0000e+00
      8.211      0.088    10.2754     87.519     38.118  25.496908     6.5048      7.214   340.9424 1.2380e-01     6.4565      8.057     11.686     8.4391 0.0000e+00
      8.234      0.088    10.2718     87.456     38.137  25.509497     6.5359      7.214   340.0809 1.2384e-01     6.5639      8.076     11.713     8.4398 0.0000e+00
      8.255      0.081    10.2688     87.396     38.155  25.521028     6.5118      7.215   338.8950 1.2380e-01     6.6995      8.092     11.737     8.4414 0.0000e+00
      8.279      0.071    10.2581     87.348     38.138  25.509488     6.4464      7.216   338.6493 1.2381e-01     6.7980      8.121     11.779     8.4429 0.0000e+00
      8.299      0.064    10.2537     87.323     38.119  25.496806     6.4032      7.217   338.8313 1.2384e-01     6.7982      8.145     11.813     8.4430 0.0000e+00
      8.308      0.060    10.2450     87.334     38.115  25.494528     6.4049      7.218   339.2032 1.2385e-01     6.8050      8.148     11.818     8.4422 0.0000e+00
      8.314      0.060    10.2380     87.369     38.098  25.481949     6.3674      7.221   340.0484 1.2388e-01     6.8453      8.149     11.819     8.4417 0.0000e+00
      8.327      0.060    10.2323     87.409     38.083  25.471552     6.2496      7.222   340.3602 1.2390e-01     6.8075      8.164     11.841     8.4416 0.0000e+00
      8.346      0.061    10.2279     87.442     38.120  25.495661     6.1703      7.222   338.8430 1.2381e-01     6.7579      8.185     11.871     8.4418 0.0000e+00
      8.368      0.061    10.2304     87.467     38.156  25.519770     6.1667      7.222   336.0731 1.2369e-01     6.7581      8.206     11.900     8.4416 0.0000e+00
      8.389      0.058    10.2352     87.467     38.141  25.509374     6.2147      7.223   334.6597 1.2369e-01     6.7074      8.230     11.936     8.4407 0.0000e+00
      8.405      0.053    10.2415     87.449     38.122  25.496794     6.3012      7.223   334.6599 1.2377e-01     6.5542      8.247     11.961     8.4401 0.0000e+00
      8.412      0.045    10.2438     87.427     38.119  25.494517     6.3457      7.224   335.1292 1.2379e-01     6.4097      8.250     11.965     8.4393 0.0000e+00
      8.417      0.038    10.2494     87.403     38.100  25.481834     6.3453      7.225   336.0322 1.2374e-01     6.3598      8.252     11.967     8.4388 0.0000e+00
      8.427      0.033    10.2484     87.396     38.083  25.470293     6.3466      7.225   336.4573 1.2375e-01     6.4302      8.264     11.984     8.4390 0.0000e+00
