Data/DataNotYetUploadedToEDI/Raw_CTD/RawDownloads/032524_fcr50_S7809001.cnv
* Sea-Bird SBE19plus  Data File:
* FileName = C:\R\Reservoirs\Data\DataNotYetUploadedToEDI\Raw_CTD\RawDownloads\032524_fcr50_S7809_0001.hex
* Software version 2.8.0.119
* Temperature SN = 7809
* Conductivity SN = 7809
* System UpLoad Time = Apr 02 2024 15:02:14
* <ApplicationData>
* <Seaterm232>
# nquan = 15
# nvalues = 2164                        
# units = specified
# name 0 = depFM: Depth [fresh water, m]
# name 1 = dz/dtM: Descent Rate [m/s]
# name 2 = sbeox0Mg/L: Oxygen, SBE 43 [mg/l]
# name 3 = sbeox0PS: Oxygen, SBE 43 [% saturation]
# name 4 = specc: Specific Conductance [uS/cm]
# name 5 = c0uS/cm: Conductivity [uS/cm]
# name 6 = flECO-AFL: Fluorescence, WET Labs ECO-AFL/FL [mg/m^3]
# name 7 = ph: pH
# name 8 = orp: Oxidation Reduction Potential [mV]
# name 9 = par/sat/log: PAR/Logarithmic, Satlantic
# name 10 = turbWETntu0: Turbidity, WET Labs ECO [NTU]
# name 11 = prdM: Pressure, Strain Gauge [db]
# name 12 = prdE: Pressure, Strain Gauge [psi]
# name 13 = tv290C: Temperature [ITS-90, deg C]
# name 14 = flag:  0.000e+00
# span 0 =     -0.564,      9.825       
# span 1 =     -0.293,      0.120       
# span 2 =     0.7680,    11.8017       
# span 3 =      6.715,    102.352       
# span 4 =      0.460,    625.488       
# span 5 =   0.285595, 415.200459       
# span 6 =    -1.6113,     9.9266       
# span 7 =     -2.694,      8.039       
# span 8 = -1240.7455,  1231.8766       
# span 9 = 1.2367e-01, 1.6068e+03       
# span 10 =    -2.7558,   296.9730      
# span 11 =     -0.553,      9.636      
# span 12 =     -0.802,     13.975      
# span 13 =     5.9872,    10.0518      
# span 14 = 0.0000e+00, 0.0000e+00      
# interval = seconds: 0.25
# start_time = Mar 25 2024 09:33:12 [Instrument's time stamp, header]
# bad_flag = -9.990e-29
*END*
[from data line 772]
      3.909      0.022     9.5434     82.469     37.574  25.471491     8.4994      7.161   321.5522 1.2290e+01     6.4389      3.833      5.559     8.8918 0.0000e+00
      3.910      0.013     9.5437     82.513     37.611  25.495487     8.2822      7.162   321.5082 1.2277e+01     6.1196      3.834      5.561     8.8929 0.0000e+00
      3.911      0.012     9.5447     82.553     37.644  25.518340     8.1722      7.163   322.1386 1.2254e+01     5.9907      3.835      5.562     8.8955 0.0000e+00
      3.912      0.017     9.5494     82.602     37.608  25.494126     8.1758      7.163   323.2377 1.2226e+01     6.0082      3.835      5.563     8.8955 0.0000e+00
      3.915      0.026     9.5573     82.642     37.554  25.456398     8.2343      7.164   323.8705 1.2172e+01     5.9544      3.838      5.567     8.8925 0.0000e+00
      3.922      0.035     9.5629     82.653     37.538  25.442685     8.3294      7.165   323.7672 1.2062e+01     5.8539      3.844      5.576     8.8908 0.0000e+00
      3.932      0.043     9.5657     82.648     37.560  25.455170     8.3854      7.165   323.2797 1.1859e+01     5.8519      3.854      5.589     8.8913 0.0000e+00
      3.948      0.048     9.5723     82.665     37.602  25.480510     8.4046      7.165   322.9661 1.1638e+01     5.8955      3.872      5.615     8.8940 0.0000e+00
      3.966      0.052     9.5786     82.685     37.632  25.495376     8.4119      7.165   322.9861 1.1469e+01     5.8694      3.891      5.643     8.8912 0.0000e+00
      3.980      0.053     9.5813     82.668     37.660  25.508069     8.4563      7.166   323.2639 1.1342e+01     5.8433      3.904      5.662     8.8849 0.0000e+00
      3.991      0.052     9.5771     82.629     37.670  25.507136     8.5580      7.167   323.8301 1.1239e+01     5.8875      3.914      5.676     8.8848 0.0000e+00
      4.002      0.050     9.5815     82.580     37.645  25.484085     8.6265      7.168   324.2386 1.1100e+01     5.9591      3.922      5.690     8.8803 0.0000e+00
      4.015      0.047     9.5897     82.522     37.648  25.483039     8.6518      7.169   324.3313 1.0921e+01     5.9580      3.937      5.710     8.8722 0.0000e+00
      4.029      0.045     9.5864     82.485     37.668  25.494484     8.6803      7.171   324.4349 1.0768e+01     5.9764      3.952      5.732     8.8651 0.0000e+00
      4.041      0.045     9.5841     82.447     37.674  25.495627     8.7216      7.173   324.4592 1.0670e+01     6.1816      3.965      5.751     8.8531 0.0000e+00
      4.051      0.045     9.5829     82.397     37.681  25.496855     8.7515      7.175   324.3675 1.0596e+01     6.3903      3.973      5.764     8.8434 0.0000e+00
      4.060      0.044     9.5722     82.343     37.704  25.509329     8.7514      7.177   324.0996 1.0476e+01     6.4499      3.979      5.772     8.8412 0.0000e+00
      4.071      0.044     9.5713     82.250     37.722  25.519603     8.7037      7.178   323.7155 1.0324e+01     6.4918      3.992      5.790     8.8393 0.0000e+00
      4.083      0.044     9.5693     82.140     37.687  25.494235     8.6157      7.180   323.6810 1.0202e+01     6.5552      4.005      5.809     8.8351 0.0000e+00
      4.095      0.045     9.5607     82.036     37.631  25.456289     8.5786      7.182   323.7687 1.0092e+01     6.6017      4.016      5.825     8.8295 0.0000e+00
      4.107      0.045     9.5613     81.917     37.610  25.441318     8.5953      7.183   324.0017 9.9832e+00     6.6442      4.029      5.842     8.8253 0.0000e+00
      4.119      0.045     9.5478     81.806     37.611  25.440061     8.5519      7.185   324.5192 9.8888e+00     6.6588      4.040      5.860     8.8228 0.0000e+00
      4.130      0.043     9.5336     81.728     37.616  25.441081     8.4453      7.186   324.6911 9.7897e+00     6.6427      4.050      5.874     8.8211 0.0000e+00
      4.141      0.039     9.5245     81.668     37.637  25.453649     8.3874      7.184   323.8432 9.6671e+00     6.6197      4.059      5.887     8.8212 0.0000e+00
      4.153      0.033     9.5091     81.654     37.658  25.465179     8.3851      7.183   322.5277 9.5414e+00     6.5849      4.072      5.906     8.8214 0.0000e+00
      4.164      0.027     9.4940     81.698     37.645  25.453648     8.2931      7.184   321.9489 9.4680e+00     6.4961      4.086      5.927     8.8182 0.0000e+00
      4.170      0.021     9.4895     81.743     37.630  25.441070     8.0823      7.186   321.8355 9.4576e+00     6.3652      4.091      5.932     8.8144 0.0000e+00
      4.171      0.019     9.4802     81.773     37.629  25.439937     7.9421      7.188   322.0162 9.4631e+00     6.3010      4.090      5.933     8.8125 0.0000e+00
      4.171      0.021     9.4772     81.794     37.629  25.439947     7.9379      7.188   322.5854 9.4640e+00     6.3340      4.091      5.934     8.8091 0.0000e+00
      4.171      0.026     9.4887     81.812     37.633  25.441195     7.9640      7.185   322.8673 9.4591e+00     6.3540      4.091      5.933     8.8059 0.0000e+00
      4.176      0.032     9.4934     81.819     37.657  25.455021     8.0002      7.180   322.5845 9.3714e+00     6.2355      4.092      5.935     8.8017 0.0000e+00
      4.190      0.037     9.4981     81.813     37.697  25.480275     8.0596      7.176   322.0057 9.1686e+00     6.0979      4.105      5.953     8.8001 0.0000e+00
      4.210      0.039     9.4985     81.796     37.720  25.492854     8.0828      7.174   321.6338 8.9885e+00     6.0905      4.131      5.990     8.8030 0.0000e+00
      4.225      0.038     9.5024     81.764     37.705  25.480276     8.0803      7.174   321.6161 8.9240e+00     6.1459      4.149      6.016     8.8002 0.0000e+00
      4.232      0.034     9.5044     81.720     37.669  25.455032     8.0463      7.175   321.7061 8.9182e+00     6.1532      4.151      6.020     8.7959 0.0000e+00
      4.234      0.027     9.5028     81.665     37.649  25.441310     7.9544      7.175   321.6886 8.9056e+00     6.0761      4.152      6.022     8.7953 0.0000e+00
      4.238      0.020     9.5034     81.606     37.653  25.441197     7.9015      7.176   321.6634 8.8726e+00     6.0341      4.156      6.028     8.7901 0.0000e+00
      4.244      0.015     9.4997     81.564     37.676  25.453663     7.8980      7.177   322.3469 8.8162e+00     6.0888      4.162      6.036     8.7856 0.0000e+00
      4.249      0.013     9.4944     81.540     37.696  25.465193     7.8373      7.178   323.4139 8.7672e+00     6.1227      4.168      6.044     8.7863 0.0000e+00
      4.253      0.012     9.4885     81.533     37.679  25.453766     7.7252      7.178   323.7241 8.7494e+00     6.1012      4.171      6.049     8.7867 0.0000e+00
      4.255      0.009     9.4804     81.553     37.659  25.442340     7.6665      7.178   323.3438 8.7404e+00     6.0686      4.172      6.051     8.7827 0.0000e+00
      4.256      0.006     9.4774     81.592     37.672  25.453879     7.6771      7.179   322.8590 8.7317e+00     6.0705      4.173      6.053     8.7770 0.0000e+00
      4.256      0.004     9.4760     81.653     37.686  25.466449     7.7371      7.179   322.7670 8.7261e+00     6.0562      4.174      6.054     8.7746 0.0000e+00
      4.257      0.003     9.4734     81.733     37.683  25.467488     7.8169      7.179   323.6085 8.7282e+00     5.9639      4.175      6.055     8.7746 0.0000e+00
      4.258      0.003     9.4769     81.801     37.679  25.466438     7.8429      7.179   325.0312 8.7315e+00     5.8768      4.175      6.056     8.7773 0.0000e+00
      4.258      0.003     9.4793     81.833     37.658  25.453753     7.8266      7.180   325.6012 8.7271e+00     5.8224      4.176      6.057     8.7812 0.0000e+00
      4.258      0.007     9.4853     81.852     37.637  25.440967     7.8784      7.180   325.3373 8.7137e+00     5.8870      4.176      6.056     8.7867 0.0000e+00
      4.259      0.017     9.4952     81.864     37.633  25.438681     7.9939      7.178   325.2823 8.6897e+00     6.0428      4.177      6.057     8.7903 0.0000e+00
      4.261      0.032     9.5049     81.865     37.618  25.426111     8.0415      7.174   325.0218 8.6688e+00     6.1018      4.180      6.062     8.7919 0.0000e+00
      4.264      0.046     9.5055     81.873     37.614  25.415819     8.0216      7.171   324.4246 8.6317e+00     6.0882      4.180      6.062     8.7943 0.0000e+00
      4.275      0.055     9.5072     81.883     37.664  25.441072     8.0031      7.169   324.6875 8.4324e+00     6.0827      4.183      6.067     8.7961 0.0000e+00
      4.305      0.059     9.5096     81.878     37.727  25.477762     7.8593      7.167   325.7906 8.1237e+00     6.1032      4.220      6.122     8.7978 0.0000e+00
      4.335      0.058     9.5079     81.885     37.731  25.478906     7.5728      7.166   326.4906 7.9761e+00     6.1303      4.261      6.181     8.7960 0.0000e+00
      4.348      0.052     9.5120     81.920     37.693  25.454901     7.3938      7.165   326.5259 7.9442e+00     6.1028      4.267      6.188     8.7843 0.0000e+00
      4.353      0.040     9.5184     81.930     37.669  25.441197     7.3599      7.165   326.3896 7.8907e+00     6.0445      4.267      6.189     8.7691 0.0000e+00
      4.358      0.027     9.5183     81.906     37.664  25.440053     7.3628      7.165   326.3058 7.8511e+00     5.9381      4.276      6.201     8.7617 0.0000e+00
      4.363      0.019     9.5157     81.866     37.662  25.441083     7.3699      7.167   326.2016 7.8275e+00     5.7390      4.279      6.205     8.7614 0.0000e+00
      4.365      0.018     9.5253     81.811     37.678  25.453652     7.3716      7.167   325.7311 7.8020e+00     5.6180      4.281      6.209     8.7646 0.0000e+00
      4.367      0.020     9.5243     81.758     37.693  25.465182     7.3839      7.167   325.0915 7.7862e+00     5.6025      4.283      6.212     8.7674 0.0000e+00
      4.372      0.021     9.5195     81.713     37.676  25.453651     7.5098      7.169   325.0065 7.7404e+00     5.6544      4.286      6.216     8.7701 0.0000e+00
      4.380      0.021     9.5157     81.651     37.658  25.441073     7.7529      7.170   325.1346 7.6578e+00     5.8356      4.295      6.229     8.7733 0.0000e+00
      4.389      0.021     9.5069     81.576     37.658  25.439939     7.8937      7.172   325.2638 7.6108e+00     5.9491      4.306      6.246     8.7750 0.0000e+00
      4.395      0.022     9.4996     81.517     37.658  25.439940     7.9044      7.175   325.6223 7.5971e+00     5.8986      4.311      6.253     8.7773 0.0000e+00
      4.398      0.023     9.4963     81.467     37.659  25.441083     7.8996      7.177   325.7698 7.5894e+00     5.8063      4.312      6.255     8.7780 0.0000e+00
      4.399      0.023     9.4896     81.445     37.677  25.453766     7.9025      7.178   324.9809 7.5817e+00     5.7205      4.314      6.256     8.7774 0.0000e+00
      4.404      0.023     9.4778     81.478     37.694  25.466450     7.9145      7.180   323.5692 7.5184e+00     5.6817      4.315      6.258     8.7760 0.0000e+00
      4.414      0.023     9.4740     81.529     37.694  25.467602     7.9111      7.181   322.8976 7.4108e+00     5.6445      4.328      6.277     8.7748 0.0000e+00
      4.425      0.022     9.4663     81.570     37.693  25.467688     7.8784      7.182   322.9697 7.3520e+00     5.5770      4.342      6.298     8.7760 0.0000e+00
      4.430      0.021     9.4610     81.630     37.692  25.467498     7.8521      7.184   323.3227 7.3400e+00     5.5834      4.345      6.300     8.7770 0.0000e+00
      4.432      0.021     9.4675     81.699     37.687  25.465306     7.8595      7.185   323.8965 7.3383e+00     5.6541      4.347      6.304     8.7778 0.0000e+00
      4.434      0.023     9.4752     81.746     37.651  25.441187     7.8593      7.187   324.1421 7.3351e+00     5.6459      4.348      6.306     8.7801 0.0000e+00
      4.437      0.026     9.4761     81.757     37.635  25.429551     7.8418      7.188   323.7112 7.2896e+00     5.5867      4.349      6.306     8.7815 0.0000e+00
      4.444      0.030     9.4843     81.728     37.669  25.451460     7.9224      7.189   323.0748 7.1911e+00     5.6554      4.356      6.318     8.7816 0.0000e+00
      4.455      0.032     9.4939     81.700     37.672  25.452404     8.1012      7.190   322.8141 7.0731e+00     5.8280      4.367      6.335     8.7840 0.0000e+00
      4.470      0.033     9.4983     81.707     37.654  25.440959     8.2143      7.190   322.7106 6.9943e+00     5.9310      4.385      6.361     8.7843 0.0000e+00
      4.480      0.030     9.5028     81.734     37.650  25.439929     8.2242      7.191   322.6833 6.9556e+00     5.9103      4.396      6.376     8.7812 0.0000e+00
      4.485      0.025     9.4956     81.759     37.649  25.439949     8.1630      7.192   322.8279 6.9213e+00     5.8173      4.398      6.379     8.7810 0.0000e+00
      4.489      0.020     9.4918     81.792     37.651  25.441199     8.0731      7.193   322.9102 6.9011e+00     5.7286      4.403      6.386     8.7794 0.0000e+00
      4.492      0.015     9.4931     81.831     37.672  25.455035     8.0282      7.195   323.3351 6.8900e+00     5.6911      4.405      6.390     8.7798 0.0000e+00
      4.493      0.014     9.4974     81.847     37.712  25.480402     8.0280      7.195   323.9219 6.8752e+00     5.7056      4.406      6.391     8.7835 0.0000e+00
      4.496      0.016     9.4990     81.863     37.736  25.494228     8.1044      7.195   323.8958 6.8410e+00     5.7001      4.409      6.395     8.7838 0.0000e+00
      4.501      0.019     9.5015     81.884     37.739  25.495372     8.2438      7.196   323.7078 6.8040e+00     5.6585      4.413      6.401     8.7832 0.0000e+00
      4.506      0.022     9.5107     81.896     37.735  25.494229     8.3236      7.197   323.6270 6.7743e+00     5.6815      4.417      6.408     8.7830 0.0000e+00
      4.512      0.024     9.5093     81.908     37.712  25.480412     8.3452      7.197   323.5217 6.7188e+00     5.7039      4.424      6.417     8.7809 0.0000e+00
      4.520      0.025     9.5126     81.907     37.672  25.455150     8.3967      7.197   323.4669 6.6550e+00     5.6905      4.434      6.431     8.7765 0.0000e+00
      4.528      0.025     9.5173     81.884     37.652  25.442465     8.4887      7.197   324.0833 6.6045e+00     5.7248      4.441      6.440     8.7747 0.0000e+00
      4.533      0.024     9.5156     81.854     37.670  25.453881     8.5505      7.198   325.2958 6.5690e+00     5.7763      4.446      6.447     8.7778 0.0000e+00
      4.539      0.021     9.5179     81.813     37.690  25.466337     8.5612      7.199   325.8229 6.5471e+00     5.8355      4.452      6.457     8.7820 0.0000e+00
      4.545      0.018     9.5178     81.744     37.693  25.466232     8.5177      7.199   325.8110 6.5237e+00     5.8598      4.458      6.465     8.7839 0.0000e+00
      4.549      0.016     9.5134     81.656     37.676  25.452613     8.4323      7.198   325.4968 6.4888e+00     5.8305      4.461      6.471     8.7844 0.0000e+00
      4.553      0.014     9.5105     81.581     37.641  25.428512     8.3946      7.198   324.8626 6.4560e+00     5.8234      4.464      6.476     8.7840 0.0000e+00
      4.556      0.013     9.5076     81.544     37.642  25.428504     8.4032      7.199   324.5957 6.4396e+00     5.8423      4.467      6.480     8.7815 0.0000e+00
      4.559      0.013     9.4999     81.546     37.677  25.452509     8.4032      7.201   325.1954 6.4311e+00     5.8533      4.471      6.485     8.7784 0.0000e+00
      4.561      0.014     9.4883     81.565     37.696  25.465079     8.3693      7.202   326.3487 6.4193e+00     5.7865      4.473      6.488     8.7763 0.0000e+00
      4.563      0.015     9.4789     81.602     37.681  25.453643     8.3100      7.203   326.9245 6.3956e+00     5.6490      4.476      6.490     8.7760 0.0000e+00
