Data/DataNotYetUploadedToEDI/Raw_CTD/RawDownloads/032524_fcr50_S7809001.cnv
* Sea-Bird SBE19plus  Data File:
* FileName = C:\R\Reservoirs\Data\DataNotYetUploadedToEDI\Raw_CTD\RawDownloads\032524_fcr50_S7809_0001.hex
* Software version 2.8.0.119
* Temperature SN = 7809
* Conductivity SN = 7809
* System UpLoad Time = Apr 02 2024 15:02:14
* <ApplicationData>
* <Seaterm232>
# nquan = 15
# nvalues = 2164                        
# units = specified
# name 0 = depFM: Depth [fresh water, m]
# name 1 = dz/dtM: Descent Rate [m/s]
# name 2 = sbeox0Mg/L: Oxygen, SBE 43 [mg/l]
# name 3 = sbeox0PS: Oxygen, SBE 43 [% saturation]
# name 4 = specc: Specific Conductance [uS/cm]
# name 5 = c0uS/cm: Conductivity [uS/cm]
# name 6 = flECO-AFL: Fluorescence, WET Labs ECO-AFL/FL [mg/m^3]
# name 7 = ph: pH
# name 8 = orp: Oxidation Reduction Potential [mV]
# name 9 = par/sat/log: PAR/Logarithmic, Satlantic
# name 10 = turbWETntu0: Turbidity, WET Labs ECO [NTU]
# name 11 = prdM: Pressure, Strain Gauge [db]
# name 12 = prdE: Pressure, Strain Gauge [psi]
# name 13 = tv290C: Temperature [ITS-90, deg C]
# name 14 = flag:  0.000e+00
# span 0 =     -0.564,      9.825       
# span 1 =     -0.293,      0.120       
# span 2 =     0.7680,    11.8017       
# span 3 =      6.715,    102.352       
# span 4 =      0.460,    625.488       
# span 5 =   0.285595, 415.200459       
# span 6 =    -1.6113,     9.9266       
# span 7 =     -2.694,      8.039       
# span 8 = -1240.7455,  1231.8766       
# span 9 = 1.2367e-01, 1.6068e+03       
# span 10 =    -2.7558,   296.9730      
# span 11 =     -0.553,      9.636      
# span 12 =     -0.802,     13.975      
# span 13 =     5.9872,    10.0518      
# span 14 = 0.0000e+00, 0.0000e+00      
# interval = seconds: 0.25
# start_time = Mar 25 2024 09:33:12 [Instrument's time stamp, header]
# bad_flag = -9.990e-29
*END*
[from data line 675]
      3.360      0.013     9.7070     84.139     37.517  25.552926     8.4605      7.155   320.3828 2.1414e+01     5.6698      3.294      4.777     9.0482 0.0000e+00
      3.363      0.018     9.7078     84.174     37.540  25.566629     8.5799      7.156   320.4483 2.1324e+01     5.8007      3.298      4.784     9.0497 0.0000e+00
      3.368      0.022     9.7107     84.220     37.580  25.591872     8.6407      7.156   320.5876 2.1257e+01     5.8197      3.304      4.790     9.0519 0.0000e+00
      3.373      0.025     9.7116     84.255     37.601  25.604452     8.6372      7.156   320.6896 2.1089e+01     5.8310      3.306      4.794     9.0538 0.0000e+00
      3.383      0.025     9.7110     84.291     37.585  25.591883     8.6300      7.157   320.8218 2.0812e+01     5.8694      3.315      4.809     9.0537 0.0000e+00
      3.394      0.024     9.7161     84.315     37.550  25.566743     8.6195      7.159   320.8950 2.0622e+01     5.9084      3.330      4.830     9.0514 0.0000e+00
      3.400      0.023     9.7255     84.311     37.534  25.554165     8.6029      7.160   320.8872 2.0544e+01     5.8917      3.336      4.838     9.0475 0.0000e+00
      3.403      0.022     9.7266     84.294     37.553  25.566640     8.5870      7.161   320.8995 2.0497e+01     5.8384      3.336      4.839     9.0447 0.0000e+00
      3.406      0.020     9.7338     84.256     37.586  25.590741     8.5775      7.162   320.8714 2.0457e+01     5.8445      3.340      4.844     9.0425 0.0000e+00
      3.409      0.018     9.7376     84.211     37.586  25.591884     8.6294      7.163   320.8911 2.0363e+01     5.8631      3.342      4.847     9.0407 0.0000e+00
      3.414      0.018     9.7357     84.179     37.569  25.580466     8.7394      7.163   321.0517 2.0206e+01     5.8927      3.347      4.855     9.0387 0.0000e+00
      3.422      0.017     9.7358     84.155     37.569  25.579531     8.8005      7.163   321.1788 2.0077e+01     5.9288      3.357      4.869     9.0370 0.0000e+00
      3.427      0.016     9.7297     84.150     37.570  25.580581     8.7930      7.163   321.2235 1.9999e+01     5.8901      3.362      4.877     9.0400 0.0000e+00
      3.430      0.014     9.7218     84.154     37.588  25.593152     8.7414      7.164   321.2471 1.9931e+01     5.8001      3.364      4.879     9.0436 0.0000e+00
      3.433      0.011     9.7207     84.165     37.605  25.604690     8.6762      7.165   321.2068 1.9884e+01     5.7282      3.366      4.882     9.0420 0.0000e+00
      3.435      0.009     9.7161     84.191     37.589  25.593254     8.6449      7.166   321.1665 1.9864e+01     5.6706      3.368      4.885     9.0399 0.0000e+00
      3.435      0.008     9.7166     84.213     37.574  25.581715     8.6377      7.165   321.2751 1.9847e+01     5.6154      3.369      4.886     9.0413 0.0000e+00
      3.436      0.009     9.7168     84.225     37.590  25.592007     8.6896      7.165   321.4882 1.9814e+01     5.5730      3.370      4.888     9.0433 0.0000e+00
      3.439      0.009     9.7166     84.225     37.588  25.590854     8.8065      7.165   321.6787 1.9762e+01     5.5689      3.373      4.892     9.0428 0.0000e+00
      3.442      0.009     9.7225     84.212     37.553  25.567775     8.8858      7.166   321.7704 1.9696e+01     5.6336      3.375      4.895     9.0410 0.0000e+00
      3.445      0.009     9.7244     84.189     37.549  25.566630     8.8993      7.167   321.7373 1.9623e+01     5.6723      3.379      4.900     9.0401 0.0000e+00
      3.448      0.009     9.7264     84.167     37.564  25.577016     8.9193      7.168   321.7084 1.9573e+01     5.6270      3.382      4.905     9.0391 0.0000e+00
      3.450      0.009     9.7268     84.145     37.550  25.566516     8.9859      7.168   321.7651 1.9550e+01     5.5987      3.383      4.907     9.0380 0.0000e+00
      3.451      0.008     9.7248     84.125     37.552  25.566516     9.0399      7.168   321.9063 1.9533e+01     5.6368      3.385      4.909     9.0398 0.0000e+00
      3.452      0.008     9.7205     84.119     37.569  25.577016     9.0479      7.168   322.0398 1.9501e+01     5.6773      3.386      4.911     9.0430 0.0000e+00
      3.455      0.009     9.7182     84.130     37.553  25.566629     9.0407      7.169   322.0015 1.9449e+01     5.6450      3.388      4.915     9.0435 0.0000e+00
      3.458      0.011     9.7164     84.164     37.552  25.567763     9.0435      7.171   321.9595 1.9390e+01     5.5881      3.391      4.918     9.0415 0.0000e+00
      3.460      0.014     9.7137     84.218     37.583  25.590729     9.0738      7.172   322.1350 1.9327e+01     5.6045      3.393      4.923     9.0384 0.0000e+00
      3.463      0.017     9.7134     84.265     37.582  25.590636     9.1072      7.172   322.3165 1.9241e+01     5.6376      3.396      4.926     9.0372 0.0000e+00
      3.468      0.019     9.7147     84.309     37.547  25.566631     9.1063      7.172   322.3481 1.9120e+01     5.6133      3.401      4.931     9.0378 0.0000e+00
      3.474      0.019     9.7168     84.364     37.529  25.554165     9.0291      7.171   322.2590 1.8992e+01     5.6179      3.407      4.942     9.0405 0.0000e+00
      3.481      0.018     9.7252     84.396     37.550  25.566755     8.9068      7.172   322.0985 1.8887e+01     5.7279      3.415      4.953     9.0437 0.0000e+00
      3.487      0.017     9.7300     84.409     37.592  25.592010     8.8517      7.174   322.1282 1.8811e+01     5.8495      3.420      4.960     9.0436 0.0000e+00
      3.491      0.015     9.7328     84.425     37.615  25.605837     8.8613      7.174   322.2735 1.8766e+01     5.8929      3.424      4.966     9.0439 0.0000e+00
      3.493      0.013     9.7428     84.429     37.615  25.607092     8.8145      7.175   322.3930 1.8748e+01     5.8773      3.426      4.970     9.0447 0.0000e+00
      3.495      0.013     9.7459     84.410     37.610  25.607196     8.7026      7.176   322.5407 1.8706e+01     5.8653      3.427      4.971     9.0422 0.0000e+00
      3.498      0.013     9.7469     84.375     37.605  25.607091     8.6403      7.177   322.5966 1.8631e+01     5.8844      3.429      4.974     9.0358 0.0000e+00
      3.501      0.014     9.7517     84.325     37.599  25.605835     8.6272      7.177   322.3811 1.8565e+01     5.9037      3.433      4.979     9.0318 0.0000e+00
      3.506      0.015     9.7517     84.267     37.576  25.592008     8.6183      7.177   322.0855 1.8495e+01     5.9618      3.438      4.986     9.0342 0.0000e+00
      3.511      0.015     9.7473     84.213     37.537  25.566743     8.6160      7.176   322.0340 1.8410e+01     6.0405      3.444      4.995     9.0402 0.0000e+00
      3.515      0.014     9.7424     84.162     37.517  25.554052     8.6252      7.176   322.0169 1.8345e+01     6.1035      3.448      5.001     9.0465 0.0000e+00
      3.519      0.012     9.7356     84.124     37.533  25.565393     8.6466      7.176   321.9645 1.8304e+01     6.1760      3.451      5.006     9.0497 0.0000e+00
      3.521      0.010     9.7273     84.109     37.549  25.577027     8.6742      7.177   322.0893 1.8252e+01     6.1660      3.453      5.008     9.0514 0.0000e+00
      3.523      0.008     9.7215     84.113     37.534  25.567877     8.7102      7.178   322.3205 1.8191e+01     6.0853      3.455      5.011     9.0531 0.0000e+00
      3.525      0.007     9.7149     84.138     37.553  25.581608     8.7318      7.178   322.2651 1.8158e+01     6.0543      3.457      5.014     9.0545 0.0000e+00
      3.525      0.007     9.7088     84.184     37.602  25.616210     8.7437      7.179   321.9364 1.8148e+01     6.0982      3.457      5.014     9.0557 0.0000e+00
      3.526      0.008     9.7083     84.245     37.583  25.605728     8.7546      7.180   321.7878 1.8115e+01     6.1385      3.458      5.015     9.0565 0.0000e+00
      3.529      0.009     9.7077     84.325     37.545  25.581713     8.7886      7.180   321.7589 1.8057e+01     6.0978      3.461      5.019     9.0572 0.0000e+00
      3.532      0.011     9.7103     84.397     37.540  25.579531     8.8641      7.180   321.6728 1.8000e+01     6.0497      3.463      5.022     9.0586 0.0000e+00
      3.535      0.013     9.7163     84.445     37.540  25.579341     8.9181      7.180   321.6932 1.7958e+01     6.0683      3.467      5.028     9.0601 0.0000e+00
      3.538      0.014     9.7215     84.485     37.542  25.579419     8.9332      7.179   321.7475 1.7907e+01     6.1178      3.470      5.032     9.0628 0.0000e+00
      3.542      0.014     9.7311     84.487     37.545  25.580465     8.9300      7.179   321.6406 1.7809e+01     6.1369      3.473      5.036     9.0666 0.0000e+00
      3.547      0.015     9.7414     84.429     37.562  25.591996     8.9121      7.179   321.6051 1.7720e+01     6.0939      3.479      5.046     9.0685 0.0000e+00
      3.551      0.018     9.7434     84.359     37.562  25.591996     8.9002      7.178   321.8346 1.7689e+01     6.0415      3.483      5.052     9.0682 0.0000e+00
      3.553      0.021     9.7513     84.288     37.547  25.580466     8.9033      7.176   322.0058 1.7635e+01     6.0505      3.484      5.053     9.0652 0.0000e+00
      3.557      0.022     9.7545     84.197     37.547  25.579428     8.9003      7.173   321.9545 1.7505e+01     6.1350      3.487      5.057     9.0639 0.0000e+00
      3.565      0.022     9.7426     84.120     37.545  25.579445     8.8801      7.172   321.8174 1.7306e+01     6.2422      3.494      5.068     9.0650 0.0000e+00
      3.575      0.021     9.7349     84.086     37.543  25.580675     8.8669      7.172   321.6376 1.7116e+01     6.3218      3.507      5.086     9.0653 0.0000e+00
      3.582      0.019     9.7300     84.097     37.561  25.594303     8.8652      7.173   321.8457 1.7037e+01     6.3807      3.515      5.098     9.0621 0.0000e+00
      3.585      0.016     9.7171     84.161     37.595  25.617374     8.8681      7.173   322.4412 1.7030e+01     6.4080      3.516      5.100     9.0591 0.0000e+00
      3.586      0.013     9.7059     84.232     37.580  25.605948     8.8769      7.173   322.6427 1.7013e+01     6.3785      3.516      5.100     9.0627 0.0000e+00
      3.587      0.012     9.7027     84.277     37.545  25.582990     8.8802      7.174   322.4755 1.6974e+01     6.2975      3.517      5.101     9.0671 0.0000e+00
      3.590      0.012     9.7006     84.305     37.555  25.593472     8.8831      7.174   322.3980 1.6897e+01     6.2829      3.520      5.105     9.0690 0.0000e+00
      3.594      0.013     9.7120     84.315     37.566  25.605842     8.9121      7.174   322.4801 1.6823e+01     6.3042      3.526      5.113     9.0682 0.0000e+00
      3.598      0.015     9.7225     84.305     37.559  25.605729     8.9641      7.174   322.7800 1.6769e+01     6.2475      3.528      5.117     9.0659 0.0000e+00
      3.602      0.015     9.7256     84.280     37.538  25.592109     8.9877      7.175   323.0995 1.6672e+01     6.1437      3.531      5.122     9.0665 0.0000e+00
      3.607      0.015     9.7286     84.235     37.504  25.568009     8.9730      7.176   323.1591 1.6584e+01     6.0392      3.538      5.131     9.0711 0.0000e+00
      3.611      0.016     9.7276     84.185     37.506  25.568010     8.9614      7.177   323.1562 1.6558e+01     6.0088      3.542      5.137     9.0799 0.0000e+00
      3.613      0.020     9.7246     84.170     37.541  25.592119     8.9460      7.180   323.2374 1.6544e+01     6.1177      3.542      5.138     9.0872 0.0000e+00
      3.616      0.026     9.7214     84.177     37.562  25.605831     8.9035      7.182   323.1940 1.6480e+01     6.2637      3.545      5.142     9.0875 0.0000e+00
      3.622      0.032     9.7183     84.172     37.565  25.606965     8.8631      7.183   323.0615 1.6337e+01     6.3051      3.550      5.148     9.0838 0.0000e+00
      3.632      0.040     9.7081     84.167     37.560  25.605820     8.8496      7.181   322.8397 1.6129e+01     6.3110      3.560      5.163     9.0825 0.0000e+00
      3.645      0.047     9.7082     84.182     37.537  25.591993     8.8402      7.178   322.4048 1.5915e+01     6.4375      3.575      5.186     9.0840 0.0000e+00
      3.659      0.049     9.7113     84.205     37.510  25.566627     8.8330      7.176   322.2778 1.5707e+01     6.7071      3.588      5.205     9.0845 0.0000e+00
      3.674      0.049     9.7104     84.211     37.506  25.552791     8.8285      7.175   322.5084 1.5438e+01     6.8717      3.601      5.223     9.0781 0.0000e+00
      3.691      0.046     9.7082     84.211     37.521  25.551533     8.8114      7.175   322.6120 1.5198e+01     6.8561      3.622      5.252     9.0835 0.0000e+00
      3.702      0.042     9.7072     84.205     37.543  25.551400     8.8588      7.175   322.7559 1.5098e+01     6.6899      3.633      5.270     9.0940 0.0000e+00
      3.708      0.040     9.7165     84.175     37.570  25.551173     8.9775      7.176   322.9579 1.5018e+01     6.3650      3.634      5.271     9.0782 0.0000e+00
      3.714      0.039     9.7188     84.113     37.592  25.548763     9.0395      7.177   322.6445 1.4887e+01     6.1728      3.641      5.282     9.0608 0.0000e+00
      3.724      0.040     9.7218     84.015     37.574  25.522244     9.0342      7.178   321.8925 1.4742e+01     6.1425      3.652      5.298     9.0506 0.0000e+00
      3.734      0.042     9.7270     83.875     37.536  25.484203     9.0127      7.179   321.5237 1.4579e+01     6.1693      3.662      5.310     9.0298 0.0000e+00
      3.746      0.043     9.7302     83.705     37.528  25.469319     8.9968      7.180   321.5411 1.4359e+01     6.3262      3.672      5.325     9.0020 0.0000e+00
      3.760      0.041     9.7285     83.521     37.537  25.469109     8.9923      7.180   321.5860 1.4122e+01     6.3995      3.687      5.348     8.9781 0.0000e+00
      3.774      0.038     9.7221     83.319     37.562  25.481669     8.9825      7.181   321.8081 1.3972e+01     6.3044      3.705      5.374     8.9595 0.0000e+00
      3.783      0.034     9.7097     83.112     37.586  25.494333     8.9704      7.182   322.1615 1.3879e+01     6.3383      3.712      5.384     8.9428 0.0000e+00
      3.787      0.029     9.6907     82.913     37.591  25.495382     8.9537      7.182   322.0733 1.3802e+01     6.5357      3.714      5.387     8.9297 0.0000e+00
      3.792      0.024     9.6739     82.748     37.586  25.494342     8.9397      7.182   321.5160 1.3736e+01     6.6415      3.719      5.394     8.9217 0.0000e+00
      3.798      0.020     9.6490     82.642     37.558  25.481772     8.9422      7.183   321.1017 1.3651e+01     6.5929      3.725      5.402     8.9165 0.0000e+00
      3.804      0.022     9.6266     82.554     37.534  25.470242     8.9336      7.183   320.8505 1.3605e+01     6.5285      3.732      5.412     8.9123 0.0000e+00
      3.808      0.029     9.6040     82.483     37.551  25.481772     8.8683      7.183   320.7151 1.3605e+01     6.5456      3.735      5.417     8.9078 0.0000e+00
      3.811      0.040     9.5804     82.443     37.575  25.494352     8.7694      7.179   320.8411 1.3548e+01     6.5959      3.737      5.419     8.9101 0.0000e+00
      3.817      0.051     9.5708     82.410     37.586  25.495497     8.7114      7.172   320.9981 1.3388e+01     6.5897      3.741      5.426     8.9219 0.0000e+00
      3.832      0.058     9.5572     82.377     37.598  25.495601     8.6997      7.165   321.3236 1.3093e+01     6.5723      3.753      5.444     8.9308 0.0000e+00
      3.857      0.060     9.5476     82.360     37.607  25.495602     8.6862      7.162   321.8510 1.2699e+01     6.5916      3.780      5.484     8.9294 0.0000e+00
      3.885      0.057     9.5474     82.362     37.609  25.495500     8.6564      7.161   322.0399 1.2415e+01     6.6175      3.815      5.533     8.9224 0.0000e+00
      3.902      0.048     9.5448     82.380     37.606  25.494365     8.6389      7.160   321.9726 1.2318e+01     6.6470      3.832      5.557     8.9159 0.0000e+00
