Data/DataNotYetUploadedToEDI/Raw_CTD/RawDownloads/032922_fcr50_0001.cnv
* Sea-Bird SBE19plus  Data File:
* FileName = C:\R\Reservoirs\Data\DataNotYetUploadedToEDI\Raw_CTD\RawDownloads\032922_fcr50_0001.hex
* Software version 2.8.0.119
* Temperature SN = 7809
* Conductivity SN = 7809
* System UpLoad Time = Mar 30 2022 11:01:17
* <ApplicationData>
* <Seaterm232>
# nquan = 16
# nvalues = 2369                        
# units = specified
# name 0 = depFM: Depth [fresh water, m]
# name 1 = dz/dtM: Descent Rate [m/s]
# name 2 = orp: Oxidation Reduction Potential [mV]
# name 3 = sbeox0Mg/L: Oxygen, SBE 43 [mg/l]
# name 4 = sbeox0PS: Oxygen, SBE 43 [% saturation]
# name 5 = par/sat/log: PAR/Logarithmic, Satlantic
# name 6 = ph: pH
# name 7 = specc: Specific Conductance [uS/cm]
# name 8 = c0uS/cm: Conductivity [uS/cm]
# name 9 = flECO-AFL: Fluorescence, WET Labs ECO-AFL/FL [mg/m^3]
# name 10 = turbWETntu0: Turbidity, WET Labs ECO [NTU]
# name 11 = tv290C: Temperature [ITS-90, deg C]
# name 12 = density00: Density [density, kg/m^3]
# name 13 = prdE: Pressure, Strain Gauge [psi]
# name 14 = prdM: Pressure, Strain Gauge [db]
# name 15 = flag:  0.000e+00
# span 0 =     -0.603,      9.545       
# span 1 =     -0.186,      0.082       
# span 2 = -1240.6337,  1240.2295       
# span 3 =     2.0827,    10.9620       
# span 4 =     18.602,     95.965       
# span 5 = 1.2365e-01, 6.5479e+02       
# span 6 =     -1.025,      6.538       
# span 7 =      1.208,    299.893       
# span 8 =   0.835798, 193.356126       
# span 9 =    -0.1760,    13.1938       
# span 10 =    -0.4270,   660.3949      
# span 11 =     7.2253,    12.4064      
# span 12 =   999.4542,  1000.0466      
# span 13 =     -0.858,     13.576      
# span 14 =     -0.592,      9.360      
# span 15 = 0.0000e+00, 0.0000e+00      
# interval = seconds: 0.25
# start_time = Mar 29 2022 09:38:35 [Instrument's time stamp, header]
# bad_flag = -9.990e-29
*END*
[from data line 2260]
     -0.587 3.1217e-23    40.1391     9.4618     81.802 1.2954e+02      6.284      4.643   3.156263    -0.1121    -0.3249     9.0112   999.7843     -0.834     -0.575 0.0000e+00
     -0.586 2.8379e-24    47.0137     9.4583     81.816 1.2694e+02      6.279      4.404   2.993503    -0.1095    -0.3349     9.0062   999.7846     -0.833     -0.575 0.0000e+00
     -0.586 2.5799e-25    52.9189     9.4606     81.853 1.3307e+02      6.269      4.154   2.823323    -0.1075    -0.3161     9.0004   999.7850     -0.833     -0.575 0.0000e+00
     -0.586 2.3448e-26    58.2801     9.4622     81.895 1.4048e+02      6.260      3.946   2.681380    -0.1050    -0.2691     8.9948   999.7854     -0.834     -0.575 0.0000e+00
     -0.586 2.0717e-27    62.7075     9.4540     81.934 1.4769e+02      6.253      3.743   2.543474    -0.1119    -0.2790     8.9903   999.7857     -0.834     -0.575 0.0000e+00
     -0.587 -4.707e-28    66.3554     9.4609     81.955 1.5880e+02      6.248      3.565   2.422084    -0.1163    -0.2987     8.9860   999.7859     -0.835     -0.576 0.0000e+00
     -0.587 -7.292e-27    69.6063     9.4658     81.978 1.7754e+02      6.243      3.464   2.353223    -0.1168    -0.2678     8.9818   999.7861     -0.834     -0.575 0.0000e+00
     -0.587 -8.041e-26    72.5020     9.4708     81.980 2.1075e+02      6.238      3.357   2.280651    -0.1266    -0.2817     8.9781   999.7864     -0.835     -0.576 0.0000e+00
     -0.587 -8.845e-25    84.5897     9.4795     81.957 2.5290e+02      6.234      3.206   2.177706    -0.1337    -0.3293     8.9747   999.7866     -0.835     -0.576 0.0000e+00
     -0.586 -9.729e-24   168.6937     9.4778     81.928 2.9127e+02      6.224      3.123   2.121446    -0.1279    -0.3313     8.9714   999.7867     -0.834     -0.575 0.0000e+00
     -0.586 -1.070e-22   291.4683     9.4853     81.897 3.1872e+02      6.210      3.102   2.106879    -0.1150    -0.3059     8.9680   999.7869     -0.834     -0.575 0.0000e+00
     -0.586 -1.177e-21   303.3235     9.4857     81.894 3.2910e+02      6.206      2.947   2.001571    -0.1108    -0.3309     8.9649   999.7872     -0.835     -0.576 0.0000e+00
     -0.586 -1.295e-20   238.3842     9.4816     81.937 3.2742e+02      6.208      2.647   1.797776    -0.1185    -0.3593     8.9617   999.7874     -0.834     -0.575 0.0000e+00
     -0.587 -1.424e-19   208.5451     9.4810     81.962 3.2272e+02      6.207      2.457   1.668634    -0.1175    -0.3078     8.9586   999.7876     -0.835     -0.576 0.0000e+00
     -0.587 -1.567e-18   207.4561     9.4755     81.954 3.1296e+02      6.202      2.420   1.642943    -0.1149    -0.2893     8.9556   999.7878     -0.834     -0.575 0.0000e+00
     -0.587 -1.724e-17   211.7096     9.4742     81.997 3.0438e+02      6.197      2.378   1.613768    -0.1290    -0.3410     8.9525   999.7880     -0.834     -0.575 0.0000e+00
     -0.587 -1.896e-16   218.0725     9.4834     82.047 3.0254e+02      6.191      2.312   1.569108    -0.1379    -0.3864     8.9494   999.7881     -0.834     -0.575 0.0000e+00
     -0.587 -2.086e-15   225.6249     9.4918     82.066 3.0326e+02      6.186      2.279   1.546099    -0.1227    -0.3931     8.9450   999.7884     -0.835     -0.576 0.0000e+00
     -0.587 -2.294e-14   233.2468     9.4810     82.097 3.0538e+02      6.183      2.249   1.525482    -0.1036    -0.3880     8.9399   999.7888     -0.834     -0.575 0.0000e+00
     -0.587 -2.524e-13   240.0199     9.4927     82.069 3.0688e+02      6.179      2.226   1.509747    -0.1062    -0.4270     8.9359   999.7891     -0.835     -0.576 0.0000e+00
     -0.587 -2.776e-12   254.1741     9.5046     82.005 3.0744e+02      6.173      2.279   1.545759    -0.1207    -0.4203     8.9327   999.7893     -0.834     -0.575 0.0000e+00
     -0.587 -3.054e-11   376.3341     9.4965     81.992 3.0827e+02      6.163      2.330   1.581074    -0.1212    -0.3419     8.9296   999.7895     -0.834     -0.575 0.0000e+00
     -0.587 -3.359e-10   604.8166     9.5130     82.027 3.0898e+02      6.151      2.295   1.556896    -0.1118    -0.2985     8.9267   999.7897     -0.835     -0.576 0.0000e+00
     -0.587 -3.695e-09   686.0199     9.5061     82.123 3.1242e+02      6.143      2.221   1.506661    -0.1163    -0.3051     8.9242   999.7899     -0.835     -0.576 0.0000e+00
     -0.587 -4.064e-08   581.9105     9.4923     82.208 3.2457e+02      6.142      2.182   1.480121    -0.1245    -0.2852     8.9217   999.7901     -0.835     -0.576 0.0000e+00
     -0.587 -4.471e-07   491.1346     9.4966     82.159 3.4243e+02      6.146      2.196   1.489235    -0.1365    -0.2296     8.9191   999.7903     -0.835     -0.576 0.0000e+00
     -0.587     -0.000   407.6358     9.4968     82.068 3.5319e+02      6.147      2.197   1.490242    -0.1614    -0.1783     8.9166   999.7905     -0.834     -0.575 0.0000e+00
     -0.587     -0.000   206.8731     9.5112     82.070 3.5430e+02      6.151      2.201   1.492302    -0.1760    -0.1438     8.9140   999.7906     -0.834     -0.575 0.0000e+00
     -0.587     -0.001    -9.5062     9.5324     82.088 3.5379e+02      6.161      2.233   1.514135    -0.1711    -0.1203     8.9116   999.7908     -0.834     -0.575 0.0000e+00
     -0.587     -0.002   -44.1847     9.5206     82.046 3.5309e+02      6.165      2.213   1.501001    -0.1615    -0.0995     8.9089   999.7910     -0.835     -0.576 0.0000e+00
     -0.587     -0.002    45.3514     9.4997     82.018 3.4919e+02      6.158      2.153   1.460115    -0.1505    -0.1655     8.9062   999.7912     -0.834     -0.575 0.0000e+00
     -0.588     -0.002   153.9103     9.5093     82.056 3.4398e+02      6.152      2.158   1.462923    -0.1301    -0.3025     8.9040   999.7914     -0.836     -0.577 0.0000e+00
     -0.589     -0.002   258.9795     9.5162     82.124 3.3976e+02      6.147      2.171   1.471638    -0.1144    -0.3558     8.9016   999.7916     -0.839     -0.579 0.0000e+00
     -0.590     -0.002   294.1031     9.5058     82.177 3.3608e+02      6.146      2.123   1.438887    -0.1102    -0.3317     8.8990   999.7917     -0.840     -0.579 0.0000e+00
     -0.590     -0.001   271.3406     9.4999     82.169 3.3154e+02      6.146      2.134   1.446771    -0.1129    -0.3521     8.8965   999.7919     -0.839     -0.579 0.0000e+00
     -0.590     -0.001   256.4191     9.5093     82.118 3.2334e+02      6.145      2.218   1.503652    -0.1223    -0.3636     8.8938   999.7921     -0.840     -0.579 0.0000e+00
     -0.590     -0.000   256.9439     9.5175     82.078 3.1420e+02      6.145      2.297   1.556873    -0.1238    -0.3001     8.8912   999.7923     -0.839     -0.579 0.0000e+00
     -0.590 -1.878e-08   257.3805     9.5282     82.069 3.1081e+02      6.145      2.337   1.583823    -0.1139    -0.3019     8.8889   999.7924     -0.839     -0.579 0.0000e+00
     -0.590 -2.066e-07   254.2983     9.5267     82.109 3.1679e+02      6.145      2.326   1.576282    -0.1114    -0.3513     8.8862   999.7926     -0.840     -0.579 0.0000e+00
     -0.590 -2.066e-07   250.9102     9.5171     82.149 3.2994e+02      6.145      2.350   1.592298    -0.1094    -0.3159     8.8836   999.7928     -0.840     -0.579 0.0000e+00
     -0.590 -1.878e-08   250.2286     9.5152     82.157 3.4005e+02      6.147      2.437   1.650868    -0.0987    -0.2840     8.8813   999.7930     -0.839     -0.579 0.0000e+00
     -0.590 -1.707e-09   253.7139     9.5104     82.158 3.4064e+02      6.149      2.625   1.777988    -0.0990    -0.3420     8.8789   999.7932     -0.840     -0.579 0.0000e+00
     -0.590 -1.552e-10   257.7751     9.5207     82.168 3.3512e+02      6.150      2.844   1.926475    -0.1043    -0.4016     8.8763   999.7934     -0.839     -0.579 0.0000e+00
     -0.590 -1.411e-11   261.2170     9.5269     82.187 3.2731e+02      6.151      2.938   1.990163    -0.1046    -0.3903     8.8738   999.7936     -0.840     -0.579 0.0000e+00
     -0.590 -1.283e-12   262.8061     9.5258     82.202 3.1932e+02      6.152      3.014   2.041580    -0.1108    -0.3753     8.8715   999.7938     -0.840     -0.579 0.0000e+00
     -0.590 -1.166e-13   266.0618     9.5270     82.230 3.1325e+02      6.152      3.108   2.105003    -0.1124    -0.3916     8.8689   999.7941     -0.839     -0.579 0.0000e+00
     -0.590 -1.060e-14   292.0643     9.5271     82.247 3.1042e+02      6.151      3.137   2.123936    -0.1077    -0.4162     8.8664   999.7943     -0.840     -0.579 0.0000e+00
     -0.590 -9.640e-16   326.5668     9.5335     82.237 3.0993e+02      6.149      3.073   2.080574    -0.1121    -0.4004     8.8640   999.7944     -0.839     -0.579 0.0000e+00
     -0.590 -8.760e-17   331.5872     9.5317     82.229 3.0747e+02      6.149      2.989   2.023869    -0.1160    -0.3025     8.8618   999.7946     -0.840     -0.579 0.0000e+00
     -0.590 -7.965e-18   322.8236     9.5379     82.212 3.0128e+02      6.152      2.966   2.008079    -0.1207    -0.2570     8.8593   999.7948     -0.840     -0.579 0.0000e+00
     -0.590 -7.240e-19   321.5310     9.5430     82.215 2.9086e+02      6.155      2.978   2.016274    -0.1278    -0.3291     8.8567   999.7950     -0.839     -0.579 0.0000e+00
     -0.590 -6.585e-20   320.3464     9.5370     82.264 2.6979e+02      6.158      2.949   1.996346    -0.1182    -0.3883     8.8543   999.7952     -0.840     -0.579 0.0000e+00
     -0.590 -5.985e-21   312.1139     9.5414     82.309 2.4518e+02      6.160      2.892   1.957060    -0.1132    -0.3928     8.8518   999.7953     -0.840     -0.579 0.0000e+00
     -0.590 -5.440e-22   311.6444     9.5366     82.306 2.3428e+02      6.160      2.932   1.984405    -0.1258    -0.3832     8.8494   999.7955     -0.840     -0.579 0.0000e+00
     -0.591 -4.946e-23   403.4629     9.5352     82.259 2.3265e+02      6.150      2.970   2.010439    -0.1287    -0.3402     8.8471   999.7956     -0.840     -0.579 0.0000e+00
     -0.591 -4.499e-24   516.0325     9.5455     82.207 2.2975e+02      6.139      2.890   1.955303    -0.1229    -0.2826     8.8448   999.7958     -0.840     -0.579 0.0000e+00
     -0.590 -4.423e-25   472.5525     9.5530     82.197 2.2407e+02      6.144      2.790   1.887528    -0.1226    -0.3017     8.8424   999.7959     -0.839     -0.579 0.0000e+00
     -0.590 -4.057e-25   372.6482     9.5533     82.244 2.1535e+02      6.151      2.883   1.950651    -0.1249    -0.3662     8.8401   999.7961     -0.840     -0.579 0.0000e+00
     -0.590 -4.058e-24   326.6305     9.5456     82.282 2.0519e+02      6.150      3.082   2.085451    -0.1181    -0.3462     8.8379   999.7963     -0.839     -0.579 0.0000e+00
     -0.590 -4.460e-23   297.1390     9.5393     82.276 1.9670e+02      6.149      2.953   1.998020    -0.1071    -0.2979     8.8356   999.7965     -0.840     -0.579 0.0000e+00
     -0.590 -4.906e-22   267.9052     9.5354     82.274 1.9135e+02      6.147      2.538   1.716513    -0.1075    -0.3288     8.8333   999.7966     -0.840     -0.579 0.0000e+00
     -0.590 -5.396e-21   242.1250     9.5463     82.285 1.8537e+02      6.146      2.263   1.530567    -0.1146    -0.3788     8.8311   999.7967     -0.840     -0.579 0.0000e+00
     -0.590 -5.936e-20   228.5800     9.5543     82.307 1.7696e+02      6.145      2.251   1.522337    -0.1184    -0.3896     8.8289   999.7970     -0.840     -0.579 0.0000e+00
     -0.590 -6.530e-19   221.7492     9.5483     82.338 1.7297e+02      6.142      2.297   1.553707    -0.1121    -0.3573     8.8267   999.7971     -0.839     -0.579 0.0000e+00
     -0.590 -7.183e-18   214.6856     9.5508     82.350 1.7857e+02      6.139      2.262   1.530018    -0.1050    -0.3297     8.8245   999.7971     -0.840     -0.579 0.0000e+00
     -0.590 -7.901e-17   204.0050     9.5522     82.334 1.8613e+02      6.138      2.202   1.489144    -0.1079    -0.3282     8.8222   999.7973     -0.840     -0.579 0.0000e+00
     -0.590 -8.691e-16   203.2574     9.5541     82.310 1.8740e+02      6.142      2.128   1.439332    -0.1046    -0.3052     8.8199   999.7974     -0.840     -0.579 0.0000e+00
     -0.590 -9.560e-15   222.6819     9.5612     82.308 1.8434e+02      6.148      2.027   1.370881    -0.0989    -0.3247     8.8176   999.7976     -0.840     -0.579 0.0000e+00
     -0.590 -1.052e-13   238.0498     9.5626     82.332 1.8226e+02      6.152      1.914   1.294565    -0.1129    -0.3936     8.8155   999.7977     -0.840     -0.579 0.0000e+00
     -0.590 -1.157e-12   232.4769     9.5608     82.372 1.8538e+02      6.148      1.794   1.212952    -0.1246    -0.3870     8.8134   999.7979     -0.840     -0.579 0.0000e+00
     -0.590 -1.272e-11   212.6893     9.5564     82.397 1.9038e+02      6.142      1.692   1.143762    -0.1074    -0.3138     8.8114   999.7980     -0.841     -0.580 0.0000e+00
     -0.590 -1.400e-10   174.1477     9.5572     82.401 1.9082e+02      6.136      1.614   1.091051    -0.0965    -0.2940     8.8094   999.7981     -0.840     -0.579 0.0000e+00
     -0.591 -1.540e-09   103.4902     9.5606     82.417 1.8658e+02      6.131      1.601   1.082047    -0.1088    -0.3175     8.8072   999.7983     -0.840     -0.579 0.0000e+00
     -0.591 -1.694e-08    32.5784     9.5667     82.437 1.7728e+02      6.128      1.718   1.161507    -0.1144    -0.2908     8.8053   999.7984     -0.840     -0.579 0.0000e+00
     -0.591 -1.863e-07     2.4922     9.5722     82.457 1.6494e+02      6.128      1.912   1.292146    -0.1070    -0.2444     8.8033   999.7985     -0.841     -0.580 0.0000e+00
     -0.591 -1.863e-07     1.2805     9.5687     82.481 1.5698e+02      6.132      2.065   1.395497    -0.0950    -0.2353     8.8013   999.7986     -0.842     -0.580 0.0000e+00
     -0.591 -1.693e-08    19.2184     9.5734     82.465 1.5497e+02      6.135      2.162   1.461545    -0.0932    -0.2828     8.7995   999.7987     -0.841     -0.580 0.0000e+00
     -0.591 -1.539e-09    44.8899     9.5766     82.418 1.5528e+02      6.139      2.344   1.584276    -0.1025    -0.3409     8.7976   999.7989     -0.841     -0.580 0.0000e+00
     -0.591 -1.400e-10    55.1887     9.5767     82.412 1.5727e+02      6.149      2.668   1.803240    -0.1070    -0.3225     8.7957   999.7991     -0.841     -0.580 0.0000e+00
     -0.591 -1.272e-11    60.9710     9.5843     82.459 1.6441e+02      6.156      2.989   2.019914    -0.1144    -0.2992     8.7939   999.7993     -0.841     -0.580 0.0000e+00
     -0.591 -1.157e-12    78.1499     9.5830     82.532 1.7633e+02      6.147      3.223   2.178240    -0.1172    -0.3317     8.7919   999.7994     -0.841     -0.580 0.0000e+00
     -0.591 -1.052e-13    95.7233     9.5722     82.604 1.8404e+02      6.131      3.346   2.261484    -0.1075    -0.3405     8.7901   999.7996     -0.841     -0.580 0.0000e+00
     -0.591 -9.560e-15   102.4031     9.5722     82.614 1.8942e+02      6.128      3.354   2.266704    -0.1057    -0.3376     8.7884   999.7998     -0.841     -0.580 0.0000e+00
     -0.591 -8.690e-16   106.2589     9.5808     82.546 2.0815e+02      6.131      3.317   2.241360    -0.1115    -0.3645     8.7866   999.8000     -0.841     -0.580 0.0000e+00
     -0.591 -7.900e-17   113.4353     9.5885     82.480 2.3591e+02      6.134      3.268   2.208295    -0.1200    -0.3926     8.7848   999.8002     -0.841     -0.580 0.0000e+00
     -0.591 -7.180e-18   122.4053     9.6014     82.464 2.5176e+02      6.135      3.138   2.120144    -0.1243    -0.3703     8.7831   999.8003     -0.841     -0.580 0.0000e+00
     -0.591 -6.530e-19   134.3533     9.6051     82.503 2.4902e+02      6.134      2.958   1.998520    -0.1222    -0.3345     8.7813   999.8004     -0.841     -0.580 0.0000e+00
     -0.591 -5.935e-20   152.1555     9.5914     82.582 2.3198e+02      6.131      2.873   1.940593    -0.1278    -0.3354     8.7795   999.8006     -0.842     -0.580 0.0000e+00
     -0.591 -5.395e-21   161.1838     9.5825     82.625 2.1100e+02      6.127      2.852   1.926216    -0.1339    -0.3121     8.7779   999.8007     -0.841     -0.579 0.0000e+00
     -0.591 -4.905e-22   149.2152     9.5824     82.606 1.9778e+02      6.122      2.796   1.887993    -0.1288    -0.2923     8.7762   999.8008     -0.840     -0.579 0.0000e+00
