Data/DataNotYetUploadedToEDI/Raw_CTD/RawDownloads/032922_fcr50_0001.cnv
* Sea-Bird SBE19plus  Data File:
* FileName = C:\R\Reservoirs\Data\DataNotYetUploadedToEDI\Raw_CTD\RawDownloads\032922_fcr50_0001.hex
* Software version 2.8.0.119
* Temperature SN = 7809
* Conductivity SN = 7809
* System UpLoad Time = Mar 30 2022 11:01:17
* <ApplicationData>
* <Seaterm232>
# nquan = 16
# nvalues = 2369                        
# units = specified
# name 0 = depFM: Depth [fresh water, m]
# name 1 = dz/dtM: Descent Rate [m/s]
# name 2 = orp: Oxidation Reduction Potential [mV]
# name 3 = sbeox0Mg/L: Oxygen, SBE 43 [mg/l]
# name 4 = sbeox0PS: Oxygen, SBE 43 [% saturation]
# name 5 = par/sat/log: PAR/Logarithmic, Satlantic
# name 6 = ph: pH
# name 7 = specc: Specific Conductance [uS/cm]
# name 8 = c0uS/cm: Conductivity [uS/cm]
# name 9 = flECO-AFL: Fluorescence, WET Labs ECO-AFL/FL [mg/m^3]
# name 10 = turbWETntu0: Turbidity, WET Labs ECO [NTU]
# name 11 = tv290C: Temperature [ITS-90, deg C]
# name 12 = density00: Density [density, kg/m^3]
# name 13 = prdE: Pressure, Strain Gauge [psi]
# name 14 = prdM: Pressure, Strain Gauge [db]
# name 15 = flag:  0.000e+00
# span 0 =     -0.603,      9.545       
# span 1 =     -0.186,      0.082       
# span 2 = -1240.6337,  1240.2295       
# span 3 =     2.0827,    10.9620       
# span 4 =     18.602,     95.965       
# span 5 = 1.2365e-01, 6.5479e+02       
# span 6 =     -1.025,      6.538       
# span 7 =      1.208,    299.893       
# span 8 =   0.835798, 193.356126       
# span 9 =    -0.1760,    13.1938       
# span 10 =    -0.4270,   660.3949      
# span 11 =     7.2253,    12.4064      
# span 12 =   999.4542,  1000.0466      
# span 13 =     -0.858,     13.576      
# span 14 =     -0.592,      9.360      
# span 15 = 0.0000e+00, 0.0000e+00      
# interval = seconds: 0.25
# start_time = Mar 29 2022 09:38:35 [Instrument's time stamp, header]
# bad_flag = -9.990e-29
*END*
[from data line 2351]
     -0.591 -4.054e-24   133.6290     9.6007     82.574 1.9229e+02      6.115      2.499   1.687772    -0.1125    -0.3823     8.7730   999.8009     -0.840     -0.579 0.0000e+00
     -0.591 -3.686e-25   134.4133     9.6077     82.585 1.9207e+02      6.108      2.376   1.604786    -0.1196    -0.3883     8.7713   999.8010     -0.840     -0.579 0.0000e+00
     -0.591 -3.351e-26   146.1572     9.6012     82.591 1.9221e+02      6.093      2.297   1.551261    -0.1182    -0.3727     8.7691   999.8012     -0.841     -0.580 0.0000e+00
     -0.591 -3.046e-27   160.5022     9.5984     82.597 1.8931e+02      6.081      2.291   1.547044    -0.1136    -0.3638     8.7670   999.8013     -0.841     -0.580 0.0000e+00
     -0.591 -2.769e-28   170.6255     9.5978     82.597 1.7814e+02      6.077      2.301   1.553811    -0.1138    -0.3839     8.7649   999.8014     -0.840     -0.579 0.0000e+00
     -0.591 -2.517e-29   178.8181     9.6024     82.610 1.7107e+02      6.076      2.231   1.506471    -0.1113    -0.3765     8.7627   999.8015     -0.841     -0.580 0.0000e+00
     -0.591 -2.289e-30   187.3720     9.6012     82.649 1.7909e+02      6.074      2.100   1.417792    -0.1086    -0.3431     8.7607   999.8016     -0.841     -0.580 0.0000e+00
     -0.591 -2.080e-31   196.2695     9.6040     82.660 1.9086e+02      6.072      2.026   1.367869    -0.1147    -0.3551     8.7588   999.8018     -0.841     -0.580 0.0000e+00
     -0.591 -1.891e-32   204.0579     9.6040     82.646 1.9579e+02      6.072      1.994   1.345999    -0.1186    -0.3519     8.7567   999.8019     -0.841     -0.580 0.0000e+00
     -0.591 -1.719e-33   210.2149     9.6022     82.623 1.9537e+02      6.072      1.896   1.279974    -0.1056    -0.3034     8.7548   999.8021     -0.840     -0.580 0.0000e+00
     -0.591 -1.563e-34   215.5629     9.6143     82.597 1.9417e+02      6.070      1.782   1.202613    -0.0991    -0.2814     8.7528   999.8022     -0.840     -0.580 0.0000e+00
     -0.591 -1.421e-35   221.4839     9.6133     82.616 1.9542e+02      6.068      1.734   1.170296    -0.1161    -0.2912     8.7507   999.8023     -0.841     -0.580 0.0000e+00
     -0.591 -1.302e-36   228.2029     9.6107     82.662 1.9871e+02      6.066      1.693   1.142455    -0.1273    -0.3187     8.7488   999.8024     -0.840     -0.579 0.0000e+00
     -0.591 -2.349e-37   231.6690     9.6114     82.681 2.0201e+02      6.065      1.659   1.119210    -0.1262    -0.3407     8.7470   999.8025     -0.840     -0.579 0.0000e+00
     -0.591 -9.990e-29 -9.990e-29     9.6028 -9.990e-29 2.0531e+02 -9.990e-29 -9.990e-29 -9.990e-29 -9.990e-29 -9.990e-29     8.7449   999.8026     -0.840     -0.579 0.0000e+00
     -0.591 -9.990e-29 -9.990e-29     9.6074 -9.990e-29 2.0879e+02 -9.990e-29 -9.990e-29 -9.990e-29 -9.990e-29 -9.990e-29     8.7433   999.8028     -0.840     -0.579 0.0000e+00
     -0.591 -9.990e-29 -9.990e-29     9.6176 -9.990e-29 2.1065e+02 -9.990e-29 -9.990e-29 -9.990e-29 -9.990e-29 -9.990e-29     8.7413   999.8029     -0.840     -0.579 0.0000e+00
     -0.591 -9.990e-29 -9.990e-29     9.6181 -9.990e-29 2.1085e+02 -9.990e-29 -9.990e-29 -9.990e-29 -9.990e-29 -9.990e-29     8.7397   999.8030     -0.840     -0.579 0.0000e+00
