Data/DataNotYetUploadedToEDI/Raw_CTD/RawDownloads/032922_fcr50_0001.cnv
* Sea-Bird SBE19plus  Data File:
* FileName = C:\R\Reservoirs\Data\DataNotYetUploadedToEDI\Raw_CTD\RawDownloads\032922_fcr50_0001.hex
* Software version 2.8.0.119
* Temperature SN = 7809
* Conductivity SN = 7809
* System UpLoad Time = Mar 30 2022 11:01:17
* <ApplicationData>
* <Seaterm232>
# nquan = 16
# nvalues = 2369                        
# units = specified
# name 0 = depFM: Depth [fresh water, m]
# name 1 = dz/dtM: Descent Rate [m/s]
# name 2 = orp: Oxidation Reduction Potential [mV]
# name 3 = sbeox0Mg/L: Oxygen, SBE 43 [mg/l]
# name 4 = sbeox0PS: Oxygen, SBE 43 [% saturation]
# name 5 = par/sat/log: PAR/Logarithmic, Satlantic
# name 6 = ph: pH
# name 7 = specc: Specific Conductance [uS/cm]
# name 8 = c0uS/cm: Conductivity [uS/cm]
# name 9 = flECO-AFL: Fluorescence, WET Labs ECO-AFL/FL [mg/m^3]
# name 10 = turbWETntu0: Turbidity, WET Labs ECO [NTU]
# name 11 = tv290C: Temperature [ITS-90, deg C]
# name 12 = density00: Density [density, kg/m^3]
# name 13 = prdE: Pressure, Strain Gauge [psi]
# name 14 = prdM: Pressure, Strain Gauge [db]
# name 15 = flag:  0.000e+00
# span 0 =     -0.603,      9.545       
# span 1 =     -0.186,      0.082       
# span 2 = -1240.6337,  1240.2295       
# span 3 =     2.0827,    10.9620       
# span 4 =     18.602,     95.965       
# span 5 = 1.2365e-01, 6.5479e+02       
# span 6 =     -1.025,      6.538       
# span 7 =      1.208,    299.893       
# span 8 =   0.835798, 193.356126       
# span 9 =    -0.1760,    13.1938       
# span 10 =    -0.4270,   660.3949      
# span 11 =     7.2253,    12.4064      
# span 12 =   999.4542,  1000.0466      
# span 13 =     -0.858,     13.576      
# span 14 =     -0.592,      9.360      
# span 15 = 0.0000e+00, 0.0000e+00      
# interval = seconds: 0.25
# start_time = Mar 29 2022 09:38:35 [Instrument's time stamp, header]
# bad_flag = -9.990e-29
*END*
[from data line 633]
      0.463      0.023   342.7902     8.0881     70.066 2.1005e+02      6.018     38.590  26.652481     4.4194     2.2212     9.5184   999.7604      0.660      0.455 0.0000e+00
      0.467      0.021   343.1575     8.0722     69.916 2.0929e+02      6.017     38.551  26.623898     4.4201     2.1561     9.5218   999.7602      0.664      0.458 0.0000e+00
      0.471      0.021   343.4654     8.0435     69.749 2.0849e+02      6.019     38.518  26.598869     4.4232     2.1846     9.5272   999.7598      0.669      0.462 0.0000e+00
      0.476      0.022   343.4152     8.0171     69.515 2.0755e+02      6.024     38.619  26.666781     4.4074     2.1901     9.5315   999.7595      0.677      0.467 0.0000e+00
      0.481      0.025   342.9809     7.9934     69.251 2.0635e+02      6.029     38.738  26.747785     4.3795     2.1208     9.5319   999.7595      0.684      0.471 0.0000e+00
      0.488      0.028   342.5166     7.9801     68.987 2.0472e+02      6.036     38.656  26.690893     4.3683     2.0647     9.5293   999.7597      0.692      0.477 0.0000e+00
      0.496      0.030   342.2753     7.9664     68.757 2.0275e+02      6.044     38.543  26.612759     4.3801     2.0925     9.5249   999.7601      0.705      0.486 0.0000e+00
      0.505      0.032   342.2146     7.9349     68.576 2.0085e+02      6.052     38.564  26.627077     4.4057     2.1831     9.5217   999.7604      0.720      0.496 0.0000e+00
      0.514      0.034   342.2129     7.9057     68.378 1.9893e+02      6.060     38.541  26.610466     4.4206     2.2718     9.5221   999.7605      0.731      0.504 0.0000e+00
      0.522      0.035   342.1688     7.8740     68.131 1.9698e+02      6.067     38.527  26.602070     4.4181     2.3109     9.5212   999.7606      0.741      0.511 0.0000e+00
      0.531      0.036   342.1968     7.8452     67.885 1.9531e+02      6.074     38.597  26.652334     4.4256     2.3484     9.5212   999.7605      0.755      0.520 0.0000e+00
      0.540      0.037   342.4658     7.8300     67.708 1.9362e+02      6.079     38.587  26.647739     4.4533     2.3843     9.5207   999.7606      0.767      0.529 0.0000e+00
      0.549      0.039   342.7547     7.8087     67.583 1.9148e+02      6.081     38.623  26.673284     4.4863     2.3688     9.5196   999.7608      0.780      0.538 0.0000e+00
      0.560      0.039   342.7640     7.7779     67.452 1.8922e+02      6.078     38.767  26.771038     4.4918     2.3321     9.5208   999.7607      0.797      0.549 0.0000e+00
      0.571      0.038   342.6647     7.7451     67.311 1.8712e+02      6.073     38.742  26.752134     4.4777     2.3503     9.5242   999.7606      0.812      0.560 0.0000e+00
      0.582      0.035   342.6720     7.7242     67.118 1.8498e+02      6.070     38.573  26.634868     4.4828     2.3846     9.5280   999.7602      0.827      0.570 0.0000e+00
      0.592      0.031   342.6808     7.7166     66.878 1.8346e+02      6.068     38.552  26.620885     4.5366     2.3709     9.5281   999.7603      0.845      0.582 0.0000e+00
      0.599      0.028   342.8570     7.6972     66.671 1.8293e+02      6.068     38.681  26.709839     4.6371     2.3559     9.5261   999.7606      0.854      0.589 0.0000e+00
      0.603      0.026   343.3393     7.6863     66.492 1.8236e+02      6.069     38.754  26.759624     4.7001     2.3387     9.5238   999.7608      0.856      0.590 0.0000e+00
      0.608      0.025   343.6087     7.6657     66.327 1.8106e+02      6.070     38.692  26.715758     4.7061     2.3333     9.5224   999.7608      0.862      0.594 0.0000e+00
      0.615      0.025   343.5330     7.6298     66.167 1.7957e+02      6.072     38.649  26.686540     4.7525     2.3597     9.5227   999.7608      0.874      0.603 0.0000e+00
      0.622      0.027   343.4559     7.6103     65.979 1.7832e+02      6.074     38.793  26.786665     4.8363     2.3504     9.5246   999.7608      0.885      0.610 0.0000e+00
      0.629      0.029   343.2791     7.5889     65.733 1.7721e+02      6.075     38.881  26.848804     4.8698     2.3227     9.5236   999.7610      0.896      0.617 0.0000e+00
      0.636      0.029   343.0303     7.5710     65.474 1.7598e+02      6.075     38.717  26.740616     4.8746     2.3668     9.5205   999.7612      0.905      0.624 0.0000e+00
      0.643      0.029   343.2003     7.5543     65.295 1.7436e+02      6.075     38.623  26.682892     4.9033     2.4401     9.5212   999.7611      0.914      0.630 0.0000e+00
      0.652      0.030   343.6999     7.5341     65.181 1.7292e+02      6.077     38.763  26.784737     4.9341     2.4574     9.5226   999.7610      0.929      0.641 0.0000e+00
      0.659      0.032   343.9091     7.5061     65.103 1.7194e+02      6.080     38.832  26.831087     4.9383     2.4054     9.5231   999.7612      0.939      0.647 0.0000e+00
      0.665      0.033   343.8361     7.4663     65.081 1.7083e+02      6.082     38.701  26.736228     4.9289     2.3231     9.5293   999.7605      0.945      0.651 0.0000e+00
      0.674      0.033   343.6785     7.4480     65.061 1.6933e+02      6.083     38.582  26.651954     4.9450     2.3167     9.5416   999.7595      0.958      0.660 0.0000e+00
      0.685      0.033   343.4650     7.4358     64.978 1.6750e+02      6.083     38.651  26.699524     4.9836     2.3622     9.5495   999.7591      0.974      0.671 0.0000e+00
      0.695      0.032   343.3203     7.4231     64.823 1.6586e+02      6.082     38.804  26.804322     4.9957     2.3258     9.5470   999.7594      0.990      0.681 0.0000e+00
      0.703      0.029   343.2191     7.4262     64.586 1.6470e+02      6.076     38.772  26.778127     4.9832     2.2875     9.5387   999.7600      1.001      0.690 0.0000e+00
      0.710      0.024   343.1889     7.4284     64.292 1.6368e+02      6.070     38.663  26.699722     4.9914     2.3081     9.5348   999.7603      1.010      0.697 0.0000e+00
      0.715      0.020   343.2991     7.4165     64.010 1.6285e+02      6.065     38.726  26.743712     5.0197     2.2674     9.5382   999.7601      1.019      0.703 0.0000e+00
      0.720      0.017   343.5186     7.4004     63.765 1.6247e+02      6.061     38.811  26.802935     5.0426     2.1715     9.5390   999.7602      1.025      0.706 0.0000e+00
      0.722      0.016   343.6925     7.3744     63.580 1.6238e+02      6.059     38.782  26.781934     5.0515     2.0711     9.5307   999.7608      1.027      0.708 0.0000e+00
      0.723      0.016   343.6803     7.3365     63.454 1.6208e+02      6.058     38.727  26.743331     5.0530     2.0092     9.5239   999.7612      1.028      0.709 0.0000e+00
      0.727      0.017   343.5429     7.3053     63.346 1.6114e+02      6.058     38.686  26.716494     5.0600     2.0378     9.5273   999.7610      1.033      0.713 0.0000e+00
      0.733      0.018   343.2361     7.2745     63.200 1.6006e+02      6.059     38.672  26.710998     5.0697     2.1101     9.5303   999.7608      1.044      0.719 0.0000e+00
      0.740      0.020   342.8959     7.2543     62.991 1.5949e+02      6.061     38.705  26.740267     5.0707     2.1322     9.5256   999.7613      1.054      0.726 0.0000e+00
      0.745      0.023   342.7851     7.2423     62.760 1.5885e+02      6.064     38.715  26.753466     5.0632     2.1001     9.5238   999.7614      1.060      0.730 0.0000e+00
      0.750      0.025   342.9288     7.2316     62.541 1.5785e+02      6.068     38.601  26.680436     5.0542     2.1655     9.5262   999.7612      1.067      0.736 0.0000e+00
      0.755      0.026   343.2575     7.2170     62.361 1.5681e+02      6.072     38.506  26.617882     5.0533     2.3090     9.5318   999.7608      1.075      0.740 0.0000e+00
      0.762      0.027   343.4893     7.1871     62.206 1.5554e+02      6.075     38.616  26.694376     5.0602     2.3657     9.5416   999.7600      1.084      0.746 0.0000e+00
      0.771      0.028   343.1500     7.1594     62.075 1.5421e+02      6.080     38.742  26.781313     5.0630     2.3733     9.5496   999.7594      1.098      0.757 0.0000e+00
      0.780      0.029   342.4254     7.1310     62.021 1.5317e+02      6.084     38.744  26.781638     5.0878     2.3662     9.5585   999.7587      1.110      0.765 0.0000e+00
      0.787      0.031   342.1272     7.1100     62.027 1.5232e+02      6.087     38.718  26.761692     5.1435     2.3485     9.5634   999.7582      1.119      0.772 0.0000e+00
      0.793      0.033   342.2120     7.0957     62.025 1.5127e+02      6.090     38.673  26.730298     5.1794     2.3638     9.5615   999.7586      1.128      0.777 0.0000e+00
      0.800      0.034   342.3319     7.0740     61.968 1.4985e+02      6.093     38.657  26.718979     5.1801     2.3467     9.5612   999.7587      1.136      0.784 0.0000e+00
      0.810      0.034   342.6301     7.0709     61.854 1.4835e+02      6.096     38.704  26.751604     5.1935     2.2439     9.5599   999.7587      1.151      0.794 0.0000e+00
      0.821      0.034   342.8927     7.0752     61.722 1.4695e+02      6.096     38.693  26.744457     5.2410     2.1450     9.5575   999.7590      1.168      0.806 0.0000e+00
      0.831      0.032   342.4956     7.0766     61.577 1.4561e+02      6.093     38.622  26.695957     5.2803     2.1419     9.5570   999.7591      1.183      0.816 0.0000e+00
      0.840      0.028   341.7009     7.0713     61.415 1.4461e+02      6.091     38.586  26.672267     5.2948     2.1729     9.5564   999.7591      1.195      0.824 0.0000e+00
      0.846      0.024   341.2852     7.0545     61.257 1.4411e+02      6.090     38.549  26.648187     5.3075     2.1432     9.5562   999.7592      1.206      0.832 0.0000e+00
      0.851      0.021   341.2550     7.0407     61.139 1.4387e+02      6.091     38.563  26.658337     5.3255     2.0912     9.5572   999.7592      1.211      0.835 0.0000e+00
      0.853      0.020   341.4222     7.0237     61.074 1.4356e+02      6.093     38.669  26.731605     5.3382     2.0907     9.5586   999.7590      1.212      0.836 0.0000e+00
      0.857      0.020   341.6720     7.0047     61.045 1.4286e+02      6.095     38.731  26.773446     5.3438     2.1358     9.5597   999.7590      1.218      0.840 0.0000e+00
      0.863      0.021   341.8655     6.9839     61.016 1.4198e+02      6.096     38.656  26.720542     5.3433     2.1593     9.5621   999.7588      1.226      0.846 0.0000e+00
      0.869      0.024   341.6979     6.9698     60.942 1.4116e+02      6.099     38.572  26.662402     5.3496     2.1699     9.5633   999.7587      1.236      0.853 0.0000e+00
      0.876      0.026   341.1939     6.9634     60.825 1.4017e+02      6.101     38.633  26.704335     5.3692     2.2643     9.5631   999.7588      1.246      0.859 0.0000e+00
      0.884      0.026   340.8476     6.9613     60.723 1.3921e+02      6.101     38.658  26.720470     5.3894     2.3774     9.5618   999.7591      1.257      0.867 0.0000e+00
      0.891      0.026   340.7799     6.9613     60.671 1.3837e+02      6.100     38.583  26.667335     5.4033     2.3767     9.5596   999.7592      1.267      0.874 0.0000e+00
      0.898      0.026   340.8921     6.9528     60.658 1.3755e+02      6.098     38.624  26.695732     5.3869     2.2552     9.5594   999.7591      1.277      0.880 0.0000e+00
      0.904      0.026   340.9998     6.9362     60.664 1.3688e+02      6.093     38.699  26.746896     5.3484     2.1384     9.5597   999.7592      1.287      0.887 0.0000e+00
      0.909      0.025   341.1365     6.9227     60.679 1.3611e+02      6.085     38.659  26.715488     5.3214     2.1264     9.5587   999.7593      1.293      0.891 0.0000e+00
      0.916      0.023   341.3402     6.9192     60.699 1.3517e+02      6.074     38.637  26.696285     5.3174     2.1437     9.5549   999.7596      1.303      0.898 0.0000e+00
      0.923      0.021   341.3108     6.9177     60.714 1.3454e+02      6.062     38.743  26.768255     5.3419     2.1434     9.5551   999.7596      1.316      0.907 0.0000e+00
      0.928      0.019   341.1252     6.9192     60.725 1.3403e+02      6.048     38.826  26.825042     5.3685     2.1225     9.5567   999.7595      1.322      0.911 0.0000e+00
      0.932      0.017   340.9033     6.9217     60.739 1.3342e+02      6.034     38.721  26.749043     5.3890     2.0957     9.5500   999.7601      1.326      0.915 0.0000e+00
      0.936      0.015   340.6070     6.9254     60.711 1.3294e+02      6.020     38.615  26.673356     5.4153     2.0922     9.5431   999.7607      1.331      0.918 0.0000e+00
      0.939      0.014   340.3812     6.9281     60.636 1.3259e+02      6.008     38.701  26.733919     5.4613     2.0809     9.5436   999.7608      1.336      0.921 0.0000e+00
      0.943      0.015   340.5829     6.9265     60.570 1.3228e+02      6.001     38.771  26.784079     5.5203     2.0606     9.5443   999.7607      1.341      0.924 0.0000e+00
      0.946      0.017   341.0660     6.9333     60.540 1.3190e+02      6.001     38.665  26.709373     5.5468     2.0523     9.5383   999.7612      1.345      0.927 0.0000e+00
      0.949      0.021   341.2324     6.9312     60.538 1.3135e+02      6.006     38.588  26.654653     5.5565     2.0825     9.5334   999.7615      1.350      0.930 0.0000e+00
      0.954      0.025   341.2186     6.9175     60.535 1.3053e+02      6.011     38.643  26.692933     5.5465     2.1874     9.5378   999.7612      1.356      0.935 0.0000e+00
      0.961      0.029   340.9856     6.9102     60.544 1.2933e+02      6.017     38.694  26.728513     5.4928     2.2954     9.5408   999.7610      1.365      0.941 0.0000e+00
      0.971      0.032   340.4797     6.9059     60.562 1.2791e+02      6.022     38.753  26.767927     5.4479     2.3297     9.5359   999.7615      1.379      0.951 0.0000e+00
      0.981      0.033   340.3501     6.9098     60.541 1.2665e+02      6.025     38.787  26.789173     5.4449     2.3631     9.5344   999.7616      1.396      0.963 0.0000e+00
      0.990      0.032   340.8811     6.9073     60.486 1.2568e+02      6.025     38.705  26.731857     5.4481     2.3913     9.5360   999.7615      1.410      0.972 0.0000e+00
      0.999      0.030   341.4797     6.9071     60.422 1.2467e+02      6.022     38.666  26.708770     5.4035     2.3641     9.5363   999.7616      1.421      0.980 0.0000e+00
      1.007      0.026   341.4785     6.9142     60.363 1.2364e+02      6.022     38.736  26.763569     5.3302     2.3418     9.5343   999.7618      1.434      0.989 0.0000e+00
      1.013      0.024   341.2112     6.9107     60.355 1.2304e+02      6.027     38.728  26.760584     5.2857     2.3613     9.5310   999.7621      1.443      0.994 0.0000e+00
      1.017      0.023   341.0872     6.9030     60.378 1.2270e+02      6.034     38.696  26.736067     5.2731     2.3948     9.5279   999.7623      1.446      0.997 0.0000e+00
      1.021      0.024   340.8392     6.8971     60.418 1.2217e+02      6.043     38.768  26.784057     5.2365     2.4042     9.5326   999.7619      1.451      1.000 0.0000e+00
      1.026      0.025   340.5361     6.8826     60.503 1.2129e+02      6.051     38.750  26.770359     5.1514     2.3717     9.5468   999.7609      1.458      1.005 0.0000e+00
      1.034      0.028   340.8646     6.8833     60.527 1.2007e+02      6.059     38.646  26.697209     5.0926     2.3092     9.5500   999.7606      1.470      1.013 0.0000e+00
      1.043      0.030   341.7135     6.8914     60.498 1.1882e+02      6.066     38.684  26.723619     5.0915     2.2641     9.5426   999.7612      1.484      1.023 0.0000e+00
      1.052      0.031   342.1964     6.8865     60.521 1.1789e+02      6.069     38.755  26.772752     5.1463     2.2702     9.5407   999.7615      1.497      1.032 0.0000e+00
      1.059      0.030   342.3146     6.9095     60.583 1.1701e+02      6.066     38.684  26.720800     5.2313     2.3151     9.5407   999.7615      1.506      1.038 0.0000e+00
      1.067      0.028   342.3673     6.9106     60.680 1.1583e+02      6.060     38.609  26.665931     5.2703     2.3293     9.5371   999.7618      1.517      1.046 0.0000e+00
