Data/DataNotYetUploadedToEDI/Raw_CTD/RawDownloads/032922_fcr50_0001.cnv
* Sea-Bird SBE19plus  Data File:
* FileName = C:\R\Reservoirs\Data\DataNotYetUploadedToEDI\Raw_CTD\RawDownloads\032922_fcr50_0001.hex
* Software version 2.8.0.119
* Temperature SN = 7809
* Conductivity SN = 7809
* System UpLoad Time = Mar 30 2022 11:01:17
* <ApplicationData>
* <Seaterm232>
# nquan = 16
# nvalues = 2369                        
# units = specified
# name 0 = depFM: Depth [fresh water, m]
# name 1 = dz/dtM: Descent Rate [m/s]
# name 2 = orp: Oxidation Reduction Potential [mV]
# name 3 = sbeox0Mg/L: Oxygen, SBE 43 [mg/l]
# name 4 = sbeox0PS: Oxygen, SBE 43 [% saturation]
# name 5 = par/sat/log: PAR/Logarithmic, Satlantic
# name 6 = ph: pH
# name 7 = specc: Specific Conductance [uS/cm]
# name 8 = c0uS/cm: Conductivity [uS/cm]
# name 9 = flECO-AFL: Fluorescence, WET Labs ECO-AFL/FL [mg/m^3]
# name 10 = turbWETntu0: Turbidity, WET Labs ECO [NTU]
# name 11 = tv290C: Temperature [ITS-90, deg C]
# name 12 = density00: Density [density, kg/m^3]
# name 13 = prdE: Pressure, Strain Gauge [psi]
# name 14 = prdM: Pressure, Strain Gauge [db]
# name 15 = flag:  0.000e+00
# span 0 =     -0.603,      9.545       
# span 1 =     -0.186,      0.082       
# span 2 = -1240.6337,  1240.2295       
# span 3 =     2.0827,    10.9620       
# span 4 =     18.602,     95.965       
# span 5 = 1.2365e-01, 6.5479e+02       
# span 6 =     -1.025,      6.538       
# span 7 =      1.208,    299.893       
# span 8 =   0.835798, 193.356126       
# span 9 =    -0.1760,    13.1938       
# span 10 =    -0.4270,   660.3949      
# span 11 =     7.2253,    12.4064      
# span 12 =   999.4542,  1000.0466      
# span 13 =     -0.858,     13.576      
# span 14 =     -0.592,      9.360      
# span 15 = 0.0000e+00, 0.0000e+00      
# interval = seconds: 0.25
# start_time = Mar 29 2022 09:38:35 [Instrument's time stamp, header]
# bad_flag = -9.990e-29
*END*
     -0.602 1.9612e-09  -165.8162     9.9614     93.375 6.5452e+02      2.940      1.523   1.139170    -0.0976    -0.0820    12.4064   999.4542     -0.856     -0.590 0.0000e+00
     -0.602 1.7829e-10  -355.2702     9.9655     93.343 6.5477e+02      3.306      1.507   1.126629    -0.0908    -0.0580    12.4053   999.4543     -0.856     -0.590 0.0000e+00
     -0.602 1.6209e-11  -550.7995     9.9683     93.307 6.5479e+02      3.524      1.473   1.101525    -0.0896    -0.0156    12.4038   999.4545     -0.856     -0.590 0.0000e+00
     -0.602 1.4735e-12  -720.7970     9.9722     93.302 6.5440e+02      3.622      1.456   1.088865    -0.1001    -0.0131    12.4023   999.4547     -0.855     -0.590 0.0000e+00
     -0.602 1.3396e-13  -849.5127     9.9740     93.328 6.5393e+02      3.655      1.471   1.100156    -0.1007    -0.0289    12.4007   999.4549     -0.856     -0.590 0.0000e+00
     -0.602 1.2178e-14  -940.6565     9.9684     93.355 6.5361e+02      3.674      1.486   1.111438    -0.0967    -0.0022    12.3993   999.4550     -0.856     -0.590 0.0000e+00
     -0.602 1.1071e-15  -934.7975     9.9642     93.372 6.5316e+02      3.735      1.469   1.098673    -0.1021     0.0025    12.3980   999.4552     -0.856     -0.590 0.0000e+00
     -0.602 1.0064e-16  -764.7337     9.9629     93.377 6.5293e+02      3.835      1.434   1.072419    -0.0988    -0.0398    12.3967   999.4553     -0.856     -0.590 0.0000e+00
     -0.602 9.1499e-18  -636.4471     9.9685     93.353 6.5341e+02      3.865      1.400   1.047221    -0.0893    -0.0350    12.3955   999.4555     -0.856     -0.590 0.0000e+00
     -0.602 8.3663e-19  -592.5462     9.9717     93.319 6.5384e+02      3.839      1.400   1.047220    -0.0878    -0.0423    12.3943   999.4556     -0.856     -0.590 0.0000e+00
     -0.602 1.2924e-19  -531.0256     9.9729     93.298 6.5398e+02      3.858      1.434   1.072409    -0.0893    -0.0939    12.3930   999.4558     -0.857     -0.591 0.0000e+00
     -0.602 5.9676e-19  -491.1820     9.9763     93.296 6.5410e+02      3.869      1.469   1.098558    -0.0913    -0.0780    12.3917   999.4559     -0.856     -0.590 0.0000e+00
     -0.602 6.4893e-18  -478.1030     9.9718     93.310 6.5394e+02      3.810      1.485   1.110171    -0.0941    -0.0215    12.3903   999.4561     -0.857     -0.591 0.0000e+00
     -0.602 7.1376e-17  -471.4883     9.9679     93.310 6.5335e+02      3.751      1.453   1.086219    -0.0902    -0.0254    12.3887   999.4563     -0.856     -0.590 0.0000e+00
     -0.602 7.8513e-16  -475.1322     9.9664     93.303 6.4995e+02      3.731      1.420   1.062162    -0.0940    -0.0574    12.3870   999.4565     -0.857     -0.591 0.0000e+00
     -0.602 8.6365e-15  -485.5078     9.9654     93.314 6.3801e+02      3.726      1.435   1.072522    -0.1067    -0.0324    12.3853   999.4567     -0.856     -0.590 0.0000e+00
     -0.602 9.5001e-14  -501.1778     9.9701     93.346 6.1899e+02      3.731      1.451   1.084871    -0.1030     0.0040    12.3838   999.4569     -0.857     -0.591 0.0000e+00
     -0.602 1.0450e-12  -514.2855     9.9695     93.372 6.0305e+02      3.739      1.451   1.084861    -0.0985    -0.0274    12.3822   999.4571     -0.857     -0.591 0.0000e+00
     -0.602 1.1495e-11  -520.5255     9.9675     93.372 5.9608e+02      3.739      1.434   1.072408    -0.1029    -0.0708    12.3809   999.4572     -0.856     -0.590 0.0000e+00
     -0.602 1.2645e-10  -523.1951     9.9693     93.361 5.9672e+02      3.737      1.419   1.060908    -0.0977    -0.0760    12.3795   999.4574     -0.857     -0.591 0.0000e+00
     -0.602 1.3909e-09  -517.2237     9.9735     93.349 5.9902e+02      3.735      1.435   1.072419    -0.0937    -0.0901    12.3782   999.4575     -0.857     -0.591 0.0000e+00
     -0.602 1.5300e-08  -501.7563     9.9792     93.355 5.9691e+02      3.728      1.452   1.084975    -0.1042    -0.1048    12.3769   999.4577     -0.856     -0.590 0.0000e+00
     -0.602 2.8050e-08  -490.0180     9.9766     93.379 5.8822e+02      3.721      1.453   1.086116    -0.1089    -0.0829    12.3753   999.4579     -0.857     -0.591 0.0000e+00
     -0.602 1.5300e-08  -484.9111     9.9772     93.381 5.7731e+02      3.716      1.453   1.086219    -0.1000    -0.0300    12.3738   999.4580     -0.856     -0.590 0.0000e+00
     -0.602 1.3909e-09  -477.4366     9.9750     93.355 5.7418e+02      3.711      1.453   1.086229    -0.0960    -0.0116    12.3718   999.4582     -0.857     -0.591 0.0000e+00
     -0.602 1.2645e-10  -469.6798     9.9750     93.338 5.8187e+02      3.713      1.453   1.086229    -0.1027    -0.0660    12.3700   999.4585     -0.857     -0.591 0.0000e+00
     -0.602 1.1476e-11  -462.2793     9.9814     93.365 5.9301e+02      3.718      1.454   1.086221    -0.1060    -0.1075    12.3686   999.4587     -0.856     -0.590 0.0000e+00
     -0.602 8.3000e-13  -452.7450     9.9809     93.413 6.0252e+02      3.720      1.454   1.086126    -0.0942    -0.1029    12.3672   999.4588     -0.857     -0.591 0.0000e+00
     -0.602 -2.271e-12  -444.9148     9.9778     93.438 6.0957e+02      3.721      1.452   1.085089    -0.0849    -0.0785    12.3659   999.4590     -0.857     -0.591 0.0000e+00
     -0.602 -2.601e-11  -447.6218     9.9732     93.422 6.1325e+02      3.726      1.437   1.073674    -0.0944    -0.0864    12.3644   999.4592     -0.857     -0.591 0.0000e+00
     -0.602 -2.862e-10  -458.0280     9.9785     93.385 6.1604e+02      3.736      1.438   1.074719    -0.1005    -0.0949    12.3627   999.4594     -0.857     -0.591 0.0000e+00
     -0.602 -3.149e-09  -452.9479     9.9862     93.382 6.2081e+02      3.734      1.469   1.097729    -0.0917    -0.0451    12.3612   999.4595     -0.857     -0.591 0.0000e+00
     -0.602 -5.794e-09  -434.6398     9.9893     93.396 6.2629e+02      3.721      1.470   1.098671    -0.0879    -0.0313    12.3597   999.4597     -0.858     -0.591 0.0000e+00
     -0.602 -3.433e-09  -427.1569     9.9885     93.400 6.3042e+02      3.720      1.454   1.086105    -0.0960    -0.0648    12.3582   999.4599     -0.857     -0.591 0.0000e+00
     -0.602 -3.433e-09  -427.0883     9.9799     93.406 6.3275e+02      3.727      1.435   1.072398    -0.0983    -0.0735    12.3569   999.4600     -0.856     -0.590 0.0000e+00
     -0.602 -5.803e-09  -423.2266     9.9820     93.392 6.3389e+02      3.728      1.418   1.059548    -0.0905    -0.0686    12.3560   999.4602     -0.857     -0.591 0.0000e+00
     -0.602 -3.250e-09  -416.5157     9.9864     93.363 6.3453e+02      3.727      1.415   1.057353    -0.0936    -0.0734    12.3550   999.4603     -0.857     -0.591 0.0000e+00
     -0.602 -1.404e-09  -408.7569     9.9832     93.343 6.3483e+02      3.726      1.400   1.045852    -0.0946    -0.0643    12.3541   999.4604     -0.857     -0.591 0.0000e+00
     -0.602 -1.232e-08  -400.9134     9.9877     93.338 6.3504e+02      3.724      1.402   1.047097    -0.0851    -0.0261    12.3531   999.4605     -0.857     -0.591 0.0000e+00
     -0.602 -2.255e-08  -392.9216     9.9854     93.358 6.3525e+02      3.724      1.436   1.072409    -0.0871    -0.0209    12.3520   999.4606     -0.857     -0.591 0.0000e+00
     -0.602 -1.230e-08  -382.2510     9.9806     93.385 6.3521e+02      3.722      1.471   1.098681    -0.0945    -0.0699    12.3507   999.4608     -0.857     -0.591 0.0000e+00
     -0.602 -1.118e-09  -365.1621     9.9806     93.420 6.3517e+02      3.717      1.488   1.111541    -0.1078    -0.0725    12.3491   999.4610     -0.857     -0.591 0.0000e+00
     -0.602 -1.016e-10  -344.8716     9.9775     93.452 6.3540e+02      3.709      1.474   1.101285    -0.1153    -0.0183    12.3479   999.4611     -0.857     -0.591 0.0000e+00
     -0.602 -9.240e-12  -332.3156     9.9831     93.448 6.3542e+02      3.709      1.474   1.101286    -0.1017     0.0052    12.3467   999.4613     -0.857     -0.591 0.0000e+00
     -0.603 -8.400e-13  -332.8569     9.9850     93.435 6.3507e+02      3.721      1.488   1.111560    -0.0932    -0.0273    12.3455   999.4614     -0.857     -0.591 0.0000e+00
     -0.603 -7.635e-14  -336.1023     9.9885     93.435 6.3524e+02      3.734      1.471   1.098900    -0.0948    -0.0701    12.3439   999.4616     -0.857     -0.591 0.0000e+00
     -0.603 -6.940e-15  -328.4490     9.9963     93.427 6.3689e+02      3.735      1.439   1.074815    -0.0961    -0.0683    12.3419   999.4618     -0.857     -0.591 0.0000e+00
     -0.603 -6.310e-16  -312.7673     9.9932     93.405 6.3964e+02      3.728      1.437   1.073569    -0.1009    -0.0728    12.3400   999.4621     -0.857     -0.591 0.0000e+00
     -0.603 -5.701e-17  -302.4844     9.9912     93.391 6.4199e+02      3.727      1.451   1.083824    -0.1111    -0.0918    12.3388   999.4622     -0.857     -0.591 0.0000e+00
     -0.602 -1.507e-18  -299.8809     9.9928     93.401 6.4328e+02      3.732      1.436   1.072199    -0.1121    -0.0583    12.3384   999.4622     -0.856     -0.590 0.0000e+00
     -0.602 4.0318e-17  -296.4321     9.9926     93.425 6.4416e+02      3.734      1.419   1.059624    -0.0964    -0.0441    12.3378   999.4623     -0.857     -0.591 0.0000e+00
     -0.603 4.4867e-16  -292.5337     9.9891     93.431 6.4536e+02      3.735      1.418   1.058387    -0.0953    -0.0907    12.3365   999.4624     -0.857     -0.591 0.0000e+00
     -0.603 4.9358e-15  -287.5060     9.9870     93.412 6.4629e+02      3.735      1.416   1.057246    -0.1071    -0.1101    12.3354   999.4626     -0.857     -0.591 0.0000e+00
     -0.603 5.4294e-14  -269.0260     9.9890     93.392 6.4622e+02      3.726      1.401   1.045832    -0.1060    -0.0729    12.3338   999.4628     -0.857     -0.591 0.0000e+00
     -0.602 5.9724e-13  -238.7629     9.9937     93.398 6.4551e+02      3.711      1.402   1.046982    -0.0983    -0.0504    12.3317   999.4630     -0.857     -0.591 0.0000e+00
     -0.602 6.5696e-12  -214.4745     9.9953     93.433 6.4373e+02      3.706      1.434   1.071153    -0.0972    -0.0770    12.3299   999.4632     -0.857     -0.591 0.0000e+00
     -0.602 7.2266e-11  -205.5129     9.9921     93.478 6.3607e+02      3.716      1.453   1.084859    -0.1012    -0.0877    12.3281   999.4635     -0.857     -0.591 0.0000e+00
     -0.603 7.9492e-10  -202.7679     9.9896     93.513 6.2516e+02      3.729      1.455   1.086104    -0.0970    -0.0776    12.3262   999.4637     -0.858     -0.591 0.0000e+00
     -0.603 8.7441e-09  -194.3625     9.9894     93.503 6.2192e+02      3.733      1.455   1.086208    -0.0880    -0.0906    12.3248   999.4638     -0.857     -0.591 0.0000e+00
     -0.603 9.6185e-08  -181.1467     9.9959     93.445 6.2477e+02      3.729      1.455   1.086116    -0.0832    -0.1089    12.3230   999.4641     -0.857     -0.591 0.0000e+00
     -0.603 1.7634e-07  -167.8200    10.0007     93.396 6.2700e+02      3.726      1.454   1.084985    -0.0889    -0.0944    12.3200   999.4644     -0.857     -0.591 0.0000e+00
     -0.603 9.6185e-08  -155.9220    10.0073     93.389 6.2794e+02      3.726      1.438   1.072533    -0.0987    -0.0514    12.3169   999.4648     -0.857     -0.591 0.0000e+00
     -0.603 8.7491e-09  -144.8383    10.0084     93.409 6.2781e+02      3.727      1.424   1.062164    -0.1018    -0.0329    12.3140   999.4651     -0.858     -0.591 0.0000e+00
     -0.603 8.5048e-10  -134.4743     9.9978     93.420 6.2666e+02      3.728      1.456   1.086229    -0.1022    -0.0421    12.3110   999.4655     -0.857     -0.591 0.0000e+00
     -0.603 6.8313e-10  -131.1059     9.9936     93.421 6.2550e+02      3.733      1.489   1.110284    -0.1028    -0.0258    12.3083   999.4658     -0.857     -0.591 0.0000e+00
     -0.603 6.7261e-09  -132.4176     9.9929     93.437 6.2551e+02      3.742      1.474   1.099803    -0.1100     0.0280    12.3059   999.4661     -0.857     -0.591 0.0000e+00
     -0.603 7.3915e-08  -123.6620     9.9985     93.467 6.2672e+02      3.742      1.456   1.086104    -0.1220     0.0284    12.3039   999.4663     -0.857     -0.591 0.0000e+00
     -0.603 1.3551e-07  -107.5820     9.9998     93.492 6.2874e+02      3.735      1.436   1.071265    -0.1228    -0.0215    12.3016   999.4666     -0.857     -0.591 0.0000e+00
     -0.603 7.3915e-08  -101.2123     9.9983     93.496 6.3020e+02      3.736      1.404   1.046993    -0.1123    -0.0293    12.2994   999.4668     -0.857     -0.591 0.0000e+00
     -0.603 6.7198e-09  -102.5721    10.0017     93.476 6.3037e+02      3.745      1.403   1.045842    -0.1028    -0.0316    12.2969   999.4671     -0.857     -0.591 0.0000e+00
     -0.603 6.1339e-10   -96.8347    10.0053     93.455 6.3048e+02      3.745      1.418   1.057350    -0.0999    -0.0486    12.2946   999.4674     -0.857     -0.591 0.0000e+00
     -0.603 8.2995e-11   -83.2935    10.0100     93.445 6.3058e+02      3.739      1.421   1.059529    -0.1108    -0.0653    12.2928   999.4676     -0.857     -0.591 0.0000e+00
     -0.603 3.0711e-10   -67.8191    10.0106     93.451 6.2918e+02      3.734      1.438   1.072180    -0.1176    -0.0628    12.2911   999.4678     -0.857     -0.591 0.0000e+00
     -0.602 3.3231e-09   -54.2814    10.0076     93.469 6.2650e+02      3.732      1.454   1.083707    -0.1065    -0.0179    12.2895   999.4680     -0.857     -0.591 0.0000e+00
     -0.602 3.6549e-08   -45.2278    10.0056     93.466 6.2419e+02      3.733      1.438   1.072292    -0.1019    -0.0009    12.2878   999.4682     -0.857     -0.591 0.0000e+00
     -0.602 6.7016e-08   -39.7457    10.0047     93.440 6.2280e+02      3.736      1.423   1.060774    -0.1038    -0.0277    12.2862   999.4684     -0.857     -0.591 0.0000e+00
     -0.603 3.6669e-08   -36.0935    10.0052     93.421 6.2270e+02      3.741      1.437   1.071048    -0.0958    -0.0352    12.2842   999.4686     -0.857     -0.591 0.0000e+00
     -0.603 4.6516e-09   -31.8714    10.0100     93.432 6.2388e+02      3.744      1.435   1.069907    -0.0881    -0.0563    12.2822   999.4689     -0.857     -0.591 0.0000e+00
     -0.602 1.4921e-08   -26.1243    10.0099     93.462 6.2510e+02      3.744      1.404   1.046983    -0.0936    -0.1121    12.2800   999.4691     -0.857     -0.591 0.0000e+00
     -0.602 2.6829e-08   -19.0894    10.0062     93.475 6.2548e+02      3.742      1.404   1.047086    -0.0958    -0.1295    12.2782   999.4693     -0.857     -0.591 0.0000e+00
     -0.602 1.4622e-08   -11.3430    10.0035     93.453 6.2439e+02      3.740      1.436   1.071151    -0.0823    -0.0957    12.2766   999.4695     -0.857     -0.591 0.0000e+00
     -0.603 1.3292e-09    -3.0157    10.0051     93.422 6.2240e+02      3.739      1.455   1.084745    -0.0801    -0.0794    12.2752   999.4697     -0.857     -0.591 0.0000e+00
     -0.603 1.2084e-10    12.4207    10.0108     93.432 6.2223e+02      3.735      1.455   1.084839    -0.1021    -0.0688    12.2741   999.4698     -0.857     -0.591 0.0000e+00
     -0.602 1.0986e-11    36.1711    10.0127     93.472 6.2414e+02      3.725      1.438   1.072293    -0.1154    -0.0366    12.2729   999.4699     -0.857     -0.591 0.0000e+00
     -0.602 9.9870e-13    55.1986    10.0108     93.496 6.2504e+02      3.720      1.421   1.059651    -0.1069    -0.0308    12.2717   999.4701     -0.856     -0.590 0.0000e+00
     -0.602 9.0791e-14    66.2711    10.0036     93.514 6.2299e+02      3.724      1.420   1.058595    -0.0996    -0.0677    12.2703   999.4703     -0.857     -0.591 0.0000e+00
     -0.602 8.2683e-15    76.0077    10.0060     93.523 6.2168e+02      3.729      1.422   1.059528    -0.1030    -0.1068    12.2691   999.4704     -0.857     -0.591 0.0000e+00
     -0.602 9.1289e-16    85.4207    10.0145     93.522 6.2451e+02      3.734      1.437   1.070934    -0.1058    -0.0928    12.2683   999.4705     -0.857     -0.591 0.0000e+00
     -0.602 1.8567e-15    93.0117    10.0137     93.509 6.2713e+02      3.739      1.435   1.069896    -0.1007    -0.0349    12.2680   999.4705     -0.856     -0.590 0.0000e+00
     -0.602 1.9679e-14    99.7326    10.0176     93.480 6.2719e+02      3.742      1.404   1.046981    -0.0995     0.0121    12.2680   999.4705     -0.857     -0.591 0.0000e+00
