Data/DataNotYetUploadedToEDI/Raw_CTD/RawDownloads/033026_fcr50_S7809011.cnv
* Sea-Bird SBE19plus  Data File:
* FileName = C:\R\Reservoirs\Data\DataNotYetUploadedToEDI\Raw_CTD\RawDownloads\051126_FCR_50_S7809_0011.hex
* Software version 2.8.0.119
* Temperature SN = 7809
* Conductivity SN = 7809
* System UpLoad Time = May 11 2026 15:35:01
* <ApplicationData>
* <Seaterm232>
# nquan = 15
# nvalues = 2196                        
# units = specified
# name 0 = depFM: Depth [fresh water, m]
# name 1 = dz/dtM: Descent Rate [m/s]
# name 2 = sbeox0Mg/L: Oxygen, SBE 43 [mg/l]
# name 3 = sbeox0PS: Oxygen, SBE 43 [% saturation]
# name 4 = specc: Specific Conductance [uS/cm]
# name 5 = c0uS/cm: Conductivity [uS/cm]
# name 6 = flECO-AFL: Fluorescence, WET Labs ECO-AFL/FL [mg/m^3]
# name 7 = ph: pH
# name 8 = orp: Oxidation Reduction Potential [mV]
# name 9 = par/sat/log: PAR/Logarithmic, Satlantic
# name 10 = turbWETntu0: Turbidity, WET Labs ECO [NTU]
# name 11 = prdM: Pressure, Strain Gauge [db]
# name 12 = prdE: Pressure, Strain Gauge [psi]
# name 13 = tv290C: Temperature [ITS-90, deg C]
# name 14 = flag:  0.000e+00
# span 0 =     -0.545,      9.691       
# span 1 =     -0.113,      0.153       
# span 2 =     4.3075,    11.7906       
# span 3 =     35.059,    107.187       
# span 4 =      7.612,    271.918       
# span 5 =   6.362076, 171.024844       
# span 6 =    -0.1013,     7.7564       
# span 7 =      6.865,     10.276       
# span 8 = -1240.7455,  1150.4234       
# span 9 = 1.2364e-01, 1.2027e+02       
# span 10 =    -0.2935,   135.8774      
# span 11 =     -0.535,      9.504      
# span 12 =     -0.776,     13.784      
# span 13 =     6.2521,    16.8005      
# span 14 = 0.0000e+00, 0.0000e+00      
# interval = seconds: 0.25
# start_time = Mar 30 2026 10:25:26 [Instrument's time stamp, header]
# bad_flag = -9.990e-29
*END*
[from data line 2121]
      9.498      0.050     5.8390     47.714     40.058  25.147112     7.0470      9.367   -20.7653 1.2372e-01   135.8774      9.315     13.509     6.4051 0.0000e+00
      9.513      0.048     5.8513     47.774     40.187  25.227611     5.3484      9.367   -20.8779 1.2372e-01   120.7609      9.330     13.531     6.4021 0.0000e+00
      9.527      0.043     5.8567     47.777     40.372  25.343094     2.2369      9.367   -21.1366 1.2374e-01    92.7081      9.344     13.552     6.3975 0.0000e+00
      9.537      0.037     5.8678     47.750     40.973  25.718949     0.5304      9.367   -21.3984 1.2376e-01    77.2449      9.353     13.565     6.3894 0.0000e+00
      9.545      0.032     5.8826     47.701     46.426  29.137842     0.3548      9.366   -21.2896 1.2381e-01    74.2947      9.360     13.576     6.3849 0.0000e+00
      9.551      0.027     5.8922     47.628     79.677  49.998204     0.2376      9.366   -20.8538 1.2385e-01    57.7885      9.367     13.585     6.3863 0.0000e+00
      9.556      0.023     5.8890     47.564    147.117  92.311389     0.0460      9.366   -20.8612 1.2384e-01    27.9033      9.371     13.592     6.3868 0.0000e+00
      9.561      0.020     5.8863     47.527    203.650 127.785084    -0.0565      9.366   -21.2927 1.2383e-01    11.6448      9.376     13.599     6.3845 0.0000e+00
      9.566      0.018     5.8824     47.497    213.577 134.019388    -0.0525      9.365   -21.5967 1.2385e-01    10.0420      9.381     13.606     6.3802 0.0000e+00
      9.571      0.016     5.8706     47.394    198.090 124.308048    -0.0385      9.365   -21.6979 1.2388e-01     8.6948      9.386     13.613     6.3749 0.0000e+00
      9.575      0.015     5.8619     47.167    195.600 122.753375    -0.0365      9.365   -21.5697 1.2384e-01     6.4912      9.390     13.619     6.3711 0.0000e+00
      9.578      0.015     5.8551     46.825    211.554 132.772687    -0.0374      9.366   -21.6816 1.2382e-01     5.2603      9.393     13.624     6.3716 0.0000e+00
      9.581      0.016     5.8564     46.331    232.422 145.876115    -0.0404      9.367   -22.2763 1.2386e-01     5.0503      9.395     13.627     6.3734 0.0000e+00
      9.584      0.017     5.8479     45.674    248.219 155.798127    -0.0407      9.367   -22.7381 1.2380e-01     4.1235      9.399     13.630     6.3753 0.0000e+00
      9.588      0.020     5.8147     44.874    255.257 160.222725    -0.0327      9.367   -22.7914 1.2373e-01     2.4229      9.403     13.637     6.3772 0.0000e+00
      9.593      0.022     5.7772     43.940    257.722 161.778335    -0.0264      9.367   -22.7477 1.2374e-01     1.4658      9.407     13.645     6.3786 0.0000e+00
      9.600      0.023     5.7155     42.946    259.024 162.604031    -0.0222      9.367   -22.7265 1.2373e-01     1.3303      9.414     13.653     6.3801 0.0000e+00
      9.608      0.022     5.6316     41.995    259.933 163.182727    -0.0315      9.367   -22.7933 1.2371e-01     1.1605      9.423     13.666     6.3817 0.0000e+00
      9.617      0.021     5.5352     41.111    260.589 163.603333    -0.0479      9.367   -22.8665 1.2375e-01     0.9157      9.431     13.679     6.3831 0.0000e+00
      9.622      0.018     5.4150     40.271    261.084 163.922217    -0.0460      9.368   -22.7524 1.2377e-01     0.8302      9.438     13.688     6.3846 0.0000e+00
      9.624      0.014     5.2873     39.529    261.457 164.164882    -0.0344      9.368   -22.6178 1.2376e-01     0.8092      9.439     13.689     6.3863 0.0000e+00
      9.625      0.011     5.1678     38.938    261.764 164.366303    -0.0322      9.368   -22.5290 1.2377e-01     0.5596      9.438     13.690     6.3879 0.0000e+00
      9.627      0.009     5.0639     38.485    262.074 164.569619    -0.0441      9.368   -22.3672 1.2382e-01     0.2034      9.441     13.693     6.3897 0.0000e+00
      9.630      0.009     4.9551     38.171    262.383 164.771328    -0.0614      9.367   -22.1246 1.2381e-01     0.0214      9.443     13.696     6.3911 0.0000e+00
      9.633      0.010     4.8598     37.966    262.659 164.953293    -0.0578      9.367   -21.9187 1.2378e-01     0.0320      9.445     13.699     6.3927 0.0000e+00
      9.636      0.010     4.7909     37.840    262.895 165.109450    -0.0511      9.368   -21.8567 1.2383e-01     0.0253      9.449     13.705     6.3945 0.0000e+00
      9.639      0.010     4.7321     37.797    263.114 165.254533    -0.0721      9.368   -21.8902 1.2382e-01    -0.1283      9.453     13.711     6.3959 0.0000e+00
      9.641      0.009     4.6953     37.812    263.382 165.430298    -0.0858      9.367   -22.1524 1.2376e-01    -0.2198      9.455     13.713     6.3974 0.0000e+00
      9.643      0.009     4.6729     37.869    263.701 165.638136    -0.0833      9.367   -22.2744 1.2370e-01    -0.1936      9.455     13.714     6.3991 0.0000e+00
      9.645      0.009     4.6542     37.960    264.028 165.851693    -0.0921      9.368   -21.9017 1.2366e-01    -0.2213      9.459     13.719     6.4007 0.0000e+00
      9.647      0.009     4.6520     38.047    264.304 166.032726    -0.1013      9.369   -21.5184 1.2371e-01    -0.2804      9.461     13.722     6.4021 0.0000e+00
      9.649      0.009     4.6540     38.132    264.506 166.166604    -0.0946      9.369   -21.2529 1.2384e-01    -0.2935      9.461     13.722     6.4035 0.0000e+00
      9.652      0.009     4.6595     38.239    264.741 166.320890    -0.0780      9.369   -20.9290 1.2388e-01    -0.2774      9.466     13.729     6.4050 0.0000e+00
      9.655      0.009     4.6743     38.346    265.004 166.493226    -0.0752      9.369   -20.6136 1.2383e-01    -0.2568      9.470     13.735     6.4065 0.0000e+00
      9.656      0.010     4.6844     38.429    265.249 166.653740    -0.0862      9.370   -20.2786 1.2383e-01    -0.1807      9.469     13.734     6.4079 0.0000e+00
      9.658      0.011     4.6920     38.502    265.460 166.792799    -0.0862      9.371   -19.8898 1.2384e-01    -0.0744      9.471     13.737     6.4092 0.0000e+00
      9.661      0.011     4.7070     38.556    265.616 166.897310    -0.0836      9.371   -19.6119 1.2379e-01    -0.0308      9.474     13.742     6.4105 0.0000e+00
      9.665      0.012     4.7223     38.577    265.806 167.023288    -0.0877      9.371   -19.6722 1.2382e-01    -0.0291      9.479     13.748     6.4118 0.0000e+00
      9.669      0.013     4.7294     38.570    266.024 167.166430    -0.0860      9.372   -19.9312 1.2390e-01    -0.0201      9.482     13.752     6.4130 0.0000e+00
      9.672      0.013     4.7400     38.505    266.206 167.286873    -0.0790      9.373   -19.9033 1.2392e-01     0.0103      9.485     13.757     6.4144 0.0000e+00
      9.676      0.012     4.7474     38.356    266.367 167.393846    -0.0704      9.373   -19.6797 1.2388e-01     0.0651      9.489     13.762     6.4155 0.0000e+00
      9.679      0.011     4.7483     38.141    266.529 167.501854    -0.0651      9.373   -19.5504 1.2383e-01     0.0961      9.491     13.766     6.4167 0.0000e+00
      9.681      0.009     4.7494     37.907    266.731 167.634807    -0.0727      9.373   -19.4580 1.2377e-01     0.1106      9.493     13.769     6.4179 0.0000e+00
      9.684      0.008     4.7428     37.699    266.966 167.787904    -0.0790      9.373   -19.3365 1.2377e-01     0.2411      9.496     13.774     6.4190 0.0000e+00
      9.686      0.006     4.7235     37.507    267.211 167.947872    -0.0753      9.374   -19.2006 1.2379e-01     0.3756      9.499     13.777     6.4202 0.0000e+00
      9.687      0.004     4.6946     37.323    267.444 168.100029    -0.0774      9.374   -19.0195 1.2383e-01     0.3365      9.500     13.778     6.4213 0.0000e+00
      9.687      0.003     4.6628     37.183    267.630 168.222534    -0.0790      9.374   -18.8679 1.2388e-01     0.3146      9.500     13.779     6.4223 0.0000e+00
      9.688      0.002     4.6383     37.097    267.814 168.343317    -0.0696      9.374   -18.7440 1.2388e-01     0.3502      9.501     13.779     6.4235 0.0000e+00
      9.688      0.001     4.6163     37.013    268.015 168.474647    -0.0640      9.374   -18.6408 1.2379e-01     0.3572      9.501     13.779     6.4246 0.0000e+00
      9.688      0.001     4.5899     36.901    268.201 168.596923    -0.0696      9.375   -18.6516 1.2369e-01     0.3984      9.500     13.779     6.4256 0.0000e+00
      9.688      0.001     4.5717     36.773    268.414 168.735977    -0.0781      9.376   -18.7025 1.2369e-01     0.4049      9.501     13.779     6.4267 0.0000e+00
      9.688      0.001     4.5649     36.652    268.632 168.878548    -0.0765      9.376   -18.7397 1.2378e-01     0.4021      9.501     13.780     6.4276 0.0000e+00
      9.688      0.000     4.5557     36.542    268.785 168.979469    -0.0666      9.377   -18.6714 1.2384e-01     0.4327      9.501     13.780     6.4286 0.0000e+00
      9.688 1.8937e-08     4.5410     36.449    268.909 169.062011    -0.0583      9.377   -18.5649 1.2379e-01     0.4333      9.501     13.780     6.4296 0.0000e+00
      9.689 2.0831e-07     4.5236     36.369    269.080 169.173977    -0.0504      9.377   -18.6566 1.2374e-01     0.4433      9.502     13.781     6.4304 0.0000e+00
      9.689 2.4218e-07     4.5093     36.293    269.290 169.311316    -0.0459      9.377   -18.8334 1.2379e-01     0.4515      9.501     13.780     6.4314 0.0000e+00
      9.689 4.2844e-07     4.4946     36.239    269.495 169.445139    -0.0463      9.378   -18.8964 1.2383e-01     0.4297      9.501     13.780     6.4324 0.0000e+00
      9.689      0.000     4.4832     36.202    269.700 169.578459    -0.0474      9.378   -18.9023 1.2387e-01     0.4192      9.501     13.780     6.4332 0.0000e+00
      9.689      0.000     4.4748     36.135    269.902 169.709689    -0.0423      9.378   -18.8182 1.2393e-01     0.4272      9.501     13.780     6.4341 0.0000e+00
      9.689      0.001     4.4633     36.023    270.068 169.818252    -0.0348      9.378   -18.7402 1.2394e-01     0.4236      9.502     13.781     6.4351 0.0000e+00
      9.689      0.001     4.4562     35.909    270.243 169.932997    -0.0403      9.378   -18.7332 1.2389e-01     0.4101      9.501     13.780     6.4360 0.0000e+00
      9.690      0.001     4.4553     35.817    270.463 170.075091    -0.0412      9.378   -18.7342 1.2377e-01     0.4341      9.502     13.781     6.4368 0.0000e+00
      9.690      0.001     4.4481     35.726    270.647 170.194948    -0.0296      9.378   -18.7520 1.2369e-01     0.4750      9.502     13.782     6.4376 0.0000e+00
      9.690      0.001     4.4304     35.619    270.801 170.296320    -0.0327      9.378   -18.8615 1.2377e-01     0.4604      9.502     13.781     6.4383 0.0000e+00
      9.690      0.001     4.4156     35.523    270.970 170.406528    -0.0458      9.379   -19.0260 1.2386e-01     0.4280      9.503     13.782     6.4392 0.0000e+00
      9.690      0.001     4.4055     35.439    271.120 170.505459    -0.0548      9.379   -19.0214 1.2385e-01     0.4245      9.503     13.782     6.4399 0.0000e+00
      9.690      0.001     4.3959     35.348    271.262 170.598244    -0.0586      9.378   -18.9775 1.2382e-01     0.4186      9.503     13.782     6.4407 0.0000e+00
      9.690      0.000     4.3804     35.268    271.414 170.698000    -0.0494      9.378   -19.0106 1.2377e-01     0.4257      9.503     13.783     6.4414 0.0000e+00
      9.690 1.8642e-08     4.3674     35.189    271.598 170.817344    -0.0359      9.378   -18.9920 1.2369e-01     0.4419      9.503     13.783     6.4423 0.0000e+00
      9.690 2.0506e-07     4.3608     35.100    271.811 170.955319    -0.0276      9.380   -18.9253 1.2365e-01     0.4434      9.503     13.782     6.4431 0.0000e+00
      9.690 3.7594e-07     4.3457     35.059    271.918 171.024844    -0.0241      9.380   -18.8913 1.2368e-01     0.4435      9.503     13.783     6.4438 0.0000e+00
      9.690 -9.990e-29     4.3372 -9.990e-29 -9.990e-29 -9.990e-29 -9.990e-29 -9.990e-29 -9.990e-29 1.2372e-01 -9.990e-29      9.503     13.783     6.4445 0.0000e+00
      9.690 -9.990e-29     4.3300 -9.990e-29 -9.990e-29 -9.990e-29 -9.990e-29 -9.990e-29 -9.990e-29 1.2374e-01 -9.990e-29      9.503     13.783     6.4451 0.0000e+00
      9.691 -9.990e-29     4.3138 -9.990e-29 -9.990e-29 -9.990e-29 -9.990e-29 -9.990e-29 -9.990e-29 1.2376e-01 -9.990e-29      9.504     13.784     6.4460 0.0000e+00
      9.691 -9.990e-29     4.3075 -9.990e-29 -9.990e-29 -9.990e-29 -9.990e-29 -9.990e-29 -9.990e-29 1.2378e-01 -9.990e-29      9.504     13.784     6.4466 0.0000e+00
