Data/DataNotYetUploadedToEDI/Raw_CTD/RawDownloads/033026_fcr50_S7809011.cnv
* Sea-Bird SBE19plus  Data File:
* FileName = C:\R\Reservoirs\Data\DataNotYetUploadedToEDI\Raw_CTD\RawDownloads\051126_FCR_50_S7809_0011.hex
* Software version 2.8.0.119
* Temperature SN = 7809
* Conductivity SN = 7809
* System UpLoad Time = May 11 2026 15:35:01
* <ApplicationData>
* <Seaterm232>
# nquan = 15
# nvalues = 2196                        
# units = specified
# name 0 = depFM: Depth [fresh water, m]
# name 1 = dz/dtM: Descent Rate [m/s]
# name 2 = sbeox0Mg/L: Oxygen, SBE 43 [mg/l]
# name 3 = sbeox0PS: Oxygen, SBE 43 [% saturation]
# name 4 = specc: Specific Conductance [uS/cm]
# name 5 = c0uS/cm: Conductivity [uS/cm]
# name 6 = flECO-AFL: Fluorescence, WET Labs ECO-AFL/FL [mg/m^3]
# name 7 = ph: pH
# name 8 = orp: Oxidation Reduction Potential [mV]
# name 9 = par/sat/log: PAR/Logarithmic, Satlantic
# name 10 = turbWETntu0: Turbidity, WET Labs ECO [NTU]
# name 11 = prdM: Pressure, Strain Gauge [db]
# name 12 = prdE: Pressure, Strain Gauge [psi]
# name 13 = tv290C: Temperature [ITS-90, deg C]
# name 14 = flag:  0.000e+00
# span 0 =     -0.545,      9.691       
# span 1 =     -0.113,      0.153       
# span 2 =     4.3075,    11.7906       
# span 3 =     35.059,    107.187       
# span 4 =      7.612,    271.918       
# span 5 =   6.362076, 171.024844       
# span 6 =    -0.1013,     7.7564       
# span 7 =      6.865,     10.276       
# span 8 = -1240.7455,  1150.4234       
# span 9 = 1.2364e-01, 1.2027e+02       
# span 10 =    -0.2935,   135.8774      
# span 11 =     -0.535,      9.504      
# span 12 =     -0.776,     13.784      
# span 13 =     6.2521,    16.8005      
# span 14 = 0.0000e+00, 0.0000e+00      
# interval = seconds: 0.25
# start_time = Mar 30 2026 10:25:26 [Instrument's time stamp, header]
# bad_flag = -9.990e-29
*END*
[from data line 1543]
      5.008      0.025     7.0755     57.724     38.817  24.825724     2.3974      9.625    17.4922 9.3323e-01     3.9340      4.910      7.122     6.9816 0.0000e+00
      5.014      0.021     7.0543     57.634     38.822  24.824781     2.4154      9.624    17.7194 9.3760e-01     3.9525      4.917      7.131     6.9804 0.0000e+00
      5.021      0.019     7.0393     57.557     38.805  24.812126     2.4144      9.623    18.2465 9.4059e-01     3.9313      4.924      7.141     6.9822 0.0000e+00
      5.027      0.018     7.0217     57.520     38.785  24.799558     2.3687      9.622    18.3592 9.3127e-01     3.8828      4.931      7.152     6.9836 0.0000e+00
      5.032      0.017     7.0087     57.517     38.786  24.799653     2.2954      9.621    18.1360 9.2171e-01     3.8441      4.935      7.158     6.9772 0.0000e+00
      5.034      0.016     7.0019     57.517     38.809  24.813271     2.2697      9.620    18.2154 9.2202e-01     3.8735      4.935      7.158     6.9689 0.0000e+00
      5.036      0.016     6.9889     57.529     38.849  24.837381     2.2740      9.618    18.2011 9.1936e-01     3.8626      4.938      7.162     6.9680 0.0000e+00
      5.040      0.017     6.9848     57.548     38.851  24.837495     2.2484      9.617    17.8770 9.1005e-01     3.7810      4.942      7.168     6.9699 0.0000e+00
      5.045      0.020     6.9878     57.548     38.818  24.814644     2.2184      9.617    17.6525 9.1672e-01     3.7747      4.947      7.175     6.9688 0.0000e+00
      5.051      0.022     6.9860     57.541     38.825  24.814759     2.2181      9.617    17.8953 9.2643e-01     3.8547      4.955      7.186     6.9669 0.0000e+00
      5.057      0.023     6.9877     57.521     38.870  24.838879     2.2276      9.617    18.4896 9.1147e-01     3.9281      4.960      7.193     6.9645 0.0000e+00
      5.063      0.022     6.9936     57.471     38.895  24.852601     2.2342      9.615    18.8146 8.8737e-01     3.9107      4.964      7.199     6.9632 0.0000e+00
      5.072      0.021     6.9912     57.412     38.894  24.853839     2.2402      9.613    18.7281 8.7001e-01     3.8494      4.974      7.214     6.9622 0.0000e+00
      5.079      0.019     6.9918     57.357     38.884  24.853847     2.2494      9.613    18.3893 8.7032e-01     3.8699      4.982      7.227     6.9560 0.0000e+00
      5.082      0.018     6.9930     57.273     38.864  24.852702     2.2709      9.613    17.9886 8.8037e-01     3.9202      4.983      7.228     6.9481 0.0000e+00
      5.084      0.017     6.9853     57.173     38.809  24.840017     2.2753      9.611    17.7556 8.7673e-01     3.8759      4.985      7.230     6.9442 0.0000e+00
      5.087      0.017     6.9767     57.124     38.754  24.827332     2.2446      9.609    17.7230 8.7537e-01     3.8127      4.989      7.236     6.9477 0.0000e+00
      5.091      0.017     6.9707     57.133     38.742  24.826178     2.2074      9.608    17.8525 8.8527e-01     3.9086      4.993      7.241     6.9562 0.0000e+00
      5.096      0.020     6.9600     57.170     38.753  24.826073     2.2001      9.607    18.0299 8.8049e-01     4.0783      4.997      7.248     6.9659 0.0000e+00
      5.102      0.024     6.9354     57.219     38.764  24.826057     2.2230      9.607    18.0611 8.6356e-01     4.1222      5.003      7.256     6.9990 0.0000e+00
      5.107      0.026     6.9239     57.271     38.760  24.825970     2.2511      9.606    17.9723 8.4837e-01     4.0634      5.008      7.263     7.0423 0.0000e+00
      5.114      0.027     6.9259     57.337     38.746  24.825024     2.2906      9.605    17.9880 8.3378e-01     4.0510      5.014      7.273     7.0453 0.0000e+00
      5.123      0.026     6.9333     57.417     38.729  24.814628     2.3332      9.603    17.9065 8.2730e-01     4.1080      5.023      7.285     7.0289 0.0000e+00
      5.133      0.025     6.9429     57.512     38.764  24.827104     2.3503      9.601    17.3320 8.2025e-01     4.1390      5.034      7.301     7.0162 0.0000e+00
      5.140      0.023     6.9469     57.623     38.817  24.849022     2.2983      9.601    16.6343 8.1471e-01     4.0845      5.044      7.315     7.0176 0.0000e+00
      5.144      0.020     6.9520     57.733     38.790  24.825962     2.1953      9.601    16.4391 8.2107e-01     3.9952      5.044      7.316     7.0407 0.0000e+00
      5.146      0.018     6.9614     57.847     38.748  24.801948     2.1535      9.601    16.6922 8.2002e-01     4.0156      5.045      7.318     7.0421 0.0000e+00
      5.149      0.018     6.9752     57.991     38.752  24.812353     2.1677      9.600    17.0285 8.0550e-01     4.1261      5.050      7.323     7.0216 0.0000e+00
      5.154      0.018     6.9940     58.125     38.758  24.824933     2.1505      9.599    17.1499 7.9645e-01     4.1362      5.053      7.329     7.0033 0.0000e+00
      5.159      0.020     7.0092     58.217     38.748  24.827218     2.1043      9.598    17.1268 8.0562e-01     4.0695      5.059      7.338     6.9939 0.0000e+00
      5.165      0.022     7.0183     58.287     38.757  24.839993     2.0744      9.598    16.5777 8.1084e-01     4.0702      5.064      7.347     7.0000 0.0000e+00
      5.171      0.023     7.0370     58.319     38.770  24.852572     2.0720      9.598    15.5002 7.9703e-01     4.1108      5.070      7.354     7.0126 0.0000e+00
      5.177      0.023     7.0540     58.311     38.766  24.852477     2.0670      9.598    15.0262 7.8115e-01     4.0480      5.077      7.363     7.0244 0.0000e+00
      5.184      0.022     7.0592     58.317     38.742  24.838851     2.0393      9.596    15.1489 7.6615e-01     3.8576      5.084      7.374     7.0358 0.0000e+00
      5.190      0.019     7.0680     58.322     38.705  24.814646     2.0280      9.594    15.1771 7.6217e-01     3.7905      5.091      7.384     7.0457 0.0000e+00
      5.195      0.017     7.0732     58.304     38.705  24.813493     2.0471      9.593    15.2808 7.7573e-01     3.8854      5.096      7.390     7.0510 0.0000e+00
      5.198      0.015     7.0654     58.310     38.723  24.824910     2.0456      9.592    15.7147 7.8116e-01     3.9114      5.097      7.392     7.0526 0.0000e+00
      5.201      0.014     7.0689     58.345     38.723  24.825854     1.9924      9.591    15.6903 7.7373e-01     3.8995      5.100      7.397     7.0556 0.0000e+00
      5.203      0.015     7.0713     58.363     38.731  24.824899     1.9286      9.591    14.9000 7.6455e-01     3.9473      5.103      7.401     7.0563 0.0000e+00
      5.206      0.016     7.0655     58.359     38.731  24.813360     1.9156      9.591    14.3330 7.5689e-01     4.0103      5.104      7.403     7.0511 0.0000e+00
      5.210      0.018     7.0660     58.342     38.751  24.813163     1.9348      9.591    14.1691 7.5954e-01     4.0817      5.108      7.409     7.0524 0.0000e+00
      5.216      0.018     7.0732     58.295     38.773  24.822511     1.9452      9.591    14.1235 7.6001e-01     4.0243      5.115      7.419     7.0575 0.0000e+00
      5.223      0.018     7.0762     58.211     38.729  24.799544     1.9493      9.589    14.2115 7.5056e-01     3.8282      5.122      7.429     7.0499 0.0000e+00
      5.228      0.018     7.0770     58.082     38.704  24.789148     1.9586      9.588    14.2871 7.4358e-01     3.7951      5.127      7.437     7.0319 0.0000e+00
      5.231      0.017     7.0815     57.911     38.761  24.823653     1.9747      9.588    14.6075 7.4413e-01     3.8969      5.130      7.440     7.0111 0.0000e+00
      5.234      0.015     7.0761     57.712     38.792  24.836233     1.9862      9.587    14.9018 7.5306e-01     3.8638      5.132      7.443     7.0018 0.0000e+00
      5.237      0.014     7.0651     57.512     38.768  24.814402     1.9810      9.587    14.6614 7.5703e-01     3.7363      5.136      7.449     7.0161 0.0000e+00
      5.241      0.013     7.0464     57.321     38.766  24.813362     1.9702      9.587    14.4539 7.5077e-01     3.7560      5.140      7.455     7.0277 0.0000e+00
      5.245      0.013     7.0265     57.132     38.771  24.823663     1.9714      9.587    14.2854 7.4304e-01     3.8973      5.145      7.461     7.0221 0.0000e+00
      5.249      0.013     7.0026     56.956     38.745  24.812123     1.9297      9.586    13.8295 7.3691e-01     3.9068      5.148      7.467     7.0116 0.0000e+00
      5.252      0.012     6.9801     56.817     38.727  24.800668     1.8319      9.585    13.5879 7.2702e-01     3.8019      5.150      7.470     6.9976 0.0000e+00
      5.254      0.011     6.9583     56.712     38.750  24.811999     1.7719      9.585    14.2889 7.1622e-01     3.7570      5.152      7.472     6.9974 0.0000e+00
      5.257      0.010     6.9314     56.617     38.770  24.822292     1.7698      9.584    15.5087 7.1669e-01     3.8086      5.155      7.477     7.0136 0.0000e+00
      5.260      0.009     6.9079     56.552     38.731  24.798277     1.8061      9.583    15.9467 7.1648e-01     3.9480      5.158      7.482     7.0208 0.0000e+00
      5.262      0.009     6.8902     56.535     38.698  24.775312     1.8445      9.582    15.7133 7.1392e-01     4.0409      5.161      7.485     7.0195 0.0000e+00
      5.264      0.008     6.8826     56.536     38.743  24.798287     1.8429      9.582    15.1816 7.1552e-01     4.0092      5.163      7.488     7.0121 0.0000e+00
      5.266      0.008     6.8687     56.525     38.793  24.822397     1.8369      9.582    14.5084 7.1491e-01     4.0092      5.164      7.490     7.0086 0.0000e+00
      5.268      0.009     6.8587     56.490     38.793  24.813145     1.8464      9.582    14.2845 7.1800e-01     4.0411      5.166      7.494     7.0141 0.0000e+00
      5.269      0.011     6.8598     56.457     38.813  24.813250     1.8830      9.581    14.8845 7.1694e-01     4.0194      5.167      7.495     7.0116 0.0000e+00
      5.271      0.012     6.8617     56.439     38.846  24.823648     1.9381      9.581    15.9116 7.1042e-01     3.9854      5.168      7.495     7.0026 0.0000e+00
      5.276      0.013     6.8645     56.402     38.828  24.812014     1.9547      9.581    16.3785 7.1340e-01     4.0061      5.173      7.502     6.9905 0.0000e+00
      5.281      0.014     6.8591     56.344     38.803  24.799426     1.9597      9.580    16.2274 7.2201e-01     4.0985      5.180      7.513     6.9819 0.0000e+00
      5.286      0.015     6.8572     56.299     38.804  24.798291     1.9897      9.580    16.0631 7.2628e-01     4.1125      5.185      7.519     6.9643 0.0000e+00
      5.288      0.017     6.8617     56.273     38.806  24.798291     2.0096      9.580    16.1131 7.1750e-01     4.0385      5.185      7.520     6.9406 0.0000e+00
      5.290      0.019     6.8565     56.264     38.811  24.799416     2.0167      9.580    16.0574 7.0495e-01     4.0577      5.188      7.525     6.9474 0.0000e+00
      5.295      0.021     6.8442     56.279     38.849  24.811902     2.0262      9.580    15.8199 7.0425e-01     4.1397      5.193      7.532     6.9603 0.0000e+00
      5.301      0.021     6.8406     56.269     38.894  24.822404     2.0078      9.580    15.9093 6.9593e-01     4.1756      5.198      7.537     6.9492 0.0000e+00
      5.309      0.021     6.8397     56.234     38.879  24.799543     1.9449      9.579    16.3628 6.7428e-01     4.1503      5.207      7.551     6.9493 0.0000e+00
      5.318      0.019     6.8333     56.210     38.859  24.789157     1.8891      9.578    16.6580 6.6637e-01     4.0743      5.218      7.569     6.9543 0.0000e+00
      5.323      0.015     6.8445     56.167     38.880  24.823662     1.8910      9.576    16.8106 6.7024e-01     4.0415      5.222      7.573     6.9353 0.0000e+00
      5.324      0.011     6.8476     56.105     38.862  24.836238     1.9006      9.574    17.0041 6.6483e-01     4.0611      5.221      7.572     6.9062 0.0000e+00
      5.325      0.006     6.8424     56.051     38.825  24.814406     1.8644      9.573    17.1036 6.5648e-01     4.0374      5.222      7.574     6.8845 0.0000e+00
      5.325      0.003     6.8446     56.025     38.857  24.813368     1.8269      9.573    16.5513 6.6017e-01     3.9943      5.222      7.574     6.8846 0.0000e+00
      5.325      0.002     6.8320     56.033     38.915  24.823664     1.8229      9.572    15.4888 6.6904e-01     3.9842      5.223      7.575     6.9182 0.0000e+00
      5.326      0.002     6.8149     56.066     38.928  24.812033     1.8659      9.572    15.0984 6.8052e-01     3.9838      5.223      7.575     6.9668 0.0000e+00
      5.327      0.001     6.8072     56.106     38.926  24.799559     1.9308      9.573    15.1859 6.8735e-01     3.9207      5.224      7.576     6.9691 0.0000e+00
      5.327      0.001     6.8107     56.137     38.932  24.799673     1.9577      9.573    15.4288 6.7975e-01     3.8020      5.224      7.576     6.9284 0.0000e+00
      5.327      0.002     6.8185     56.160     38.949  24.813405     1.9667      9.572    16.0566 6.6850e-01     3.7790      5.224      7.576     6.8889 0.0000e+00
      5.327      0.003     6.8283     56.187     38.974  24.838751     1.9728      9.572    16.4091 6.6810e-01     3.8140      5.224      7.577     6.8626 0.0000e+00
      5.328      0.005     6.8354     56.193     38.976  24.852471     1.9907      9.571    15.5619 6.7792e-01     3.8143      5.225      7.578     6.8515 0.0000e+00
      5.329      0.006     6.8409     56.158     38.956  24.852470     2.0249      9.570    13.9003 6.7289e-01     3.8168      5.225      7.578     6.8456 0.0000e+00
      5.331      0.006     6.8412     56.109     38.915  24.838746     2.0279      9.570    13.0103 6.5704e-01     3.7759      5.228      7.581     6.8476 0.0000e+00
      5.334      0.007     6.8438     56.043     38.863  24.813388     2.0269      9.570    12.9744 6.5571e-01     3.7984      5.231      7.587     6.8628 0.0000e+00
      5.336      0.009     6.8442     55.976     38.842  24.799553     2.0456      9.570    13.2944 6.5951e-01     3.9520      5.233      7.589     6.8800 0.0000e+00
      5.337      0.012     6.8325     55.936     38.853  24.798296     2.0460      9.570    13.8683 6.6663e-01     4.0618      5.234      7.590     6.8965 0.0000e+00
      5.338      0.015     6.8265     55.915     38.861  24.798182     2.0239      9.569    14.0625 6.7494e-01     4.1008      5.234      7.592     6.9148 0.0000e+00
      5.342      0.017     6.8153     55.922     38.858  24.798172     2.0109      9.567    13.5779 6.7103e-01     4.1164      5.238      7.596     6.9255 0.0000e+00
      5.349      0.018     6.8040     55.987     38.863  24.798171     2.0474      9.567    12.7416 6.6350e-01     4.0457      5.244      7.606     6.9276 0.0000e+00
      5.357      0.020     6.8042     56.077     38.876  24.798172     2.1235      9.567    12.2099 6.5069e-01     3.9291      5.254      7.620     6.9103 0.0000e+00
      5.362      0.021     6.8034     56.158     38.881  24.798172     2.1571      9.566    12.1398 6.3875e-01     3.8335      5.261      7.629     6.8974 0.0000e+00
      5.365      0.020     6.7988     56.233     38.872  24.798170     2.1381      9.565    12.2382 6.4387e-01     3.8115      5.261      7.630     6.9115 0.0000e+00
      5.368      0.019     6.8101     56.278     38.854  24.798160     2.1103      9.564    12.3667 6.4840e-01     3.9374      5.264      7.634     6.9072 0.0000e+00
      5.375      0.016     6.8270     56.288     38.835  24.798056     2.0698      9.563    12.4027 6.4374e-01     4.0568      5.271      7.644     6.8884 0.0000e+00
      5.381      0.014     6.8348     56.288     38.825  24.796923     2.0394      9.562    12.6737 6.4273e-01     4.0261      5.279      7.657     6.8847 0.0000e+00
      5.386      0.012     6.8454     56.266     38.818  24.784458     2.0264      9.561    13.0626 6.4106e-01     3.9757      5.283      7.662     6.8930 0.0000e+00
