Data/DataNotYetUploadedToEDI/Raw_CTD/RawDownloads/033026_fcr50_S7809011.cnv
* Sea-Bird SBE19plus  Data File:
* FileName = C:\R\Reservoirs\Data\DataNotYetUploadedToEDI\Raw_CTD\RawDownloads\051126_FCR_50_S7809_0011.hex
* Software version 2.8.0.119
* Temperature SN = 7809
* Conductivity SN = 7809
* System UpLoad Time = May 11 2026 15:35:01
* <ApplicationData>
* <Seaterm232>
# nquan = 15
# nvalues = 2196                        
# units = specified
# name 0 = depFM: Depth [fresh water, m]
# name 1 = dz/dtM: Descent Rate [m/s]
# name 2 = sbeox0Mg/L: Oxygen, SBE 43 [mg/l]
# name 3 = sbeox0PS: Oxygen, SBE 43 [% saturation]
# name 4 = specc: Specific Conductance [uS/cm]
# name 5 = c0uS/cm: Conductivity [uS/cm]
# name 6 = flECO-AFL: Fluorescence, WET Labs ECO-AFL/FL [mg/m^3]
# name 7 = ph: pH
# name 8 = orp: Oxidation Reduction Potential [mV]
# name 9 = par/sat/log: PAR/Logarithmic, Satlantic
# name 10 = turbWETntu0: Turbidity, WET Labs ECO [NTU]
# name 11 = prdM: Pressure, Strain Gauge [db]
# name 12 = prdE: Pressure, Strain Gauge [psi]
# name 13 = tv290C: Temperature [ITS-90, deg C]
# name 14 = flag:  0.000e+00
# span 0 =     -0.545,      9.691       
# span 1 =     -0.113,      0.153       
# span 2 =     4.3075,    11.7906       
# span 3 =     35.059,    107.187       
# span 4 =      7.612,    271.918       
# span 5 =   6.362076, 171.024844       
# span 6 =    -0.1013,     7.7564       
# span 7 =      6.865,     10.276       
# span 8 = -1240.7455,  1150.4234       
# span 9 = 1.2364e-01, 1.2027e+02       
# span 10 =    -0.2935,   135.8774      
# span 11 =     -0.535,      9.504      
# span 12 =     -0.776,     13.784      
# span 13 =     6.2521,    16.8005      
# span 14 = 0.0000e+00, 0.0000e+00      
# interval = seconds: 0.25
# start_time = Mar 30 2026 10:25:26 [Instrument's time stamp, header]
# bad_flag = -9.990e-29
*END*
[from data line 97]
      0.159 2.7691e-29     9.2881     85.643     39.757  28.981708     4.9394      9.427   159.0254 7.8626e+01     2.8504      0.156      0.226    11.4431 0.0000e+00
      0.159 2.5173e-30     9.2974     85.756     39.804  29.018933     4.9470      9.433   159.1608 7.8561e+01     2.8216      0.156      0.226    11.4441 0.0000e+00
      0.159 2.2885e-31     9.3143     85.743     39.851  29.058831     4.9784      9.438   159.2283 7.8594e+01     2.7203      0.156      0.226    11.4448 0.0000e+00
      0.159 2.0804e-32     9.3283     85.588     39.873  29.083537     5.0280      9.443   159.4105 7.8552e+01     2.7189      0.156      0.226    11.4448 0.0000e+00
      0.159 1.8913e-33     9.3478     85.325     39.922  29.127370     5.0645      9.448   159.5575 7.8484e+01     2.8042      0.156      0.226    11.4455 0.0000e+00
      0.159 1.7194e-34     9.3631     84.997     40.022  29.208238     5.0614      9.453   159.6285 7.8162e+01     2.7948      0.156      0.226    11.4483 0.0000e+00
      0.159 1.5630e-35     9.3630     84.877     40.142  29.300145     5.0325      9.459   159.8389 7.7599e+01     2.7423      0.156      0.226    11.4555 0.0000e+00
      0.159 1.4210e-36     9.3362     84.891     40.207  29.350575     5.0150      9.466   160.3809 7.7515e+01     2.7500      0.156      0.227    11.4667 0.0000e+00
      0.159 1.2918e-37     9.3132     84.460     40.237  29.373967     5.0241      9.471   161.0193 7.7549e+01     2.7862      0.156      0.227    11.4785 0.0000e+00
      0.160 1.1744e-38     9.2575     83.690     40.258  29.392681     5.0426      9.475   161.1908 7.7315e+01     2.8724      0.157      0.227    11.4880 0.0000e+00
      0.160 1.0676e-39     9.2315     82.978     40.242  29.386552     5.0471      9.478   160.8201 7.7239e+01     2.8698      0.157      0.227    11.4940 0.0000e+00
      0.160 9.7056e-41     9.2886     82.332     40.200  29.363308     5.0451      9.481   160.2375 7.7213e+01     2.7889      0.157      0.227    11.4969 0.0000e+00
      0.160 8.8362e-42     9.2193     81.737     40.192  29.365372     5.0771      9.483   159.9103 7.7148e+01     2.8161      0.156      0.227    11.4985 0.0000e+00
      0.160 9.4672e-43     9.1105     81.162     40.242  29.411508     5.1259      9.486   160.0475 7.7036e+01     2.8566      0.157      0.227    11.5021 0.0000e+00
      0.160 1.6638e-42     9.0442     80.563     40.320  29.477133     5.1442      9.491   160.2617 7.6954e+01     2.8695      0.156      0.226    11.5090 0.0000e+00
      0.160 1.7506e-41     8.9662     80.061     40.372  29.524523     5.1145      9.495   160.2634 7.7066e+01     2.8348      0.157      0.227    11.5182 0.0000e+00
      0.160 1.9249e-40     8.9020     79.742     40.382  29.540488     5.0586      9.498   160.0674 7.7103e+01     2.7445      0.156      0.227    11.5290 0.0000e+00
      0.160 2.1174e-39     8.8415     79.435     40.374  29.543300     5.0428      9.501   159.6986 7.6872e+01     2.7683      0.157      0.227    11.5402 0.0000e+00
      0.160 2.3291e-38     8.7682     79.017     40.382  29.558538     5.0649      9.506   159.4183 7.6612e+01     2.8153      0.157      0.228    11.5516 0.0000e+00
      0.160 2.5621e-37     8.7009     78.529     40.423  29.597878     5.0595      9.511   159.4315 7.6654e+01     2.7669      0.157      0.227    11.5628 0.0000e+00
      0.160 2.8183e-36     8.6791     78.021     40.464  29.638370     5.0112      9.514   159.5145 7.6579e+01     2.7291      0.157      0.227    11.5736 0.0000e+00
      0.160 3.1001e-35     8.6475     77.526     40.489  29.667546     4.9708      9.516   159.5612 7.6324e+01     2.7349      0.157      0.227    11.5845 0.0000e+00
      0.160 3.4101e-34     8.5953     77.051     40.514  29.696921     4.9706      9.520   159.6515 7.6464e+01     2.8022      0.157      0.227    11.5959 0.0000e+00
      0.160 3.7511e-33     8.5394     76.602     40.557  29.739828     4.9426      9.524   159.7468 7.6679e+01     2.8252      0.157      0.227    11.6076 0.0000e+00
      0.160 4.1262e-32     8.4791     76.162     40.631  29.805750     4.8739      9.528   159.8531 7.6747e+01     2.7405      0.157      0.228    11.6205 0.0000e+00
      0.160 4.5388e-31     8.4241     75.710     40.689  29.859661     4.8558      9.530   159.9041 7.6718e+01     2.7336      0.157      0.228    11.6340 0.0000e+00
      0.160 4.9927e-30     8.3685     75.271     40.707  29.884214     4.8734      9.533   159.9325 7.6588e+01     2.8102      0.157      0.227    11.6475 0.0000e+00
      0.160 5.4920e-29     8.3176     74.851     40.729  29.912332     4.8953      9.537   160.0245 7.6508e+01     2.7789      0.157      0.228    11.6614 0.0000e+00
      0.160 6.0412e-28     8.2698     74.439     40.759  29.945904     4.9370      9.540   160.0710 7.6421e+01     2.6283      0.157      0.228    11.6757 0.0000e+00
      0.160 6.6453e-27     8.2150     74.039     40.781  29.972975     4.9530      9.542   160.0636 7.6257e+01     2.4924      0.157      0.228    11.6900 0.0000e+00
      0.160 7.3098e-26     8.1652     73.654     40.785  29.985928     4.9561      9.546   160.1072 7.5995e+01     2.4685      0.157      0.228    11.7041 0.0000e+00
      0.160 8.0408e-25     8.1181     73.286     40.757  29.975668     4.9826      9.548   160.1682 7.6065e+01     2.5435      0.158      0.229    11.7186 0.0000e+00
      0.160 8.8449e-24     8.0694     72.915     40.743  29.975792     5.0073      9.551   160.0263 7.6408e+01     2.6144      0.157      0.228    11.7329 0.0000e+00
      0.160 9.7294e-23     8.0247     72.550     40.745  29.987440     5.0048      9.555   159.7681 7.6416e+01     2.6080      0.157      0.228    11.7461 0.0000e+00
      0.160 1.0702e-21     7.9789     72.236     40.736  29.989653     4.9863      9.557   159.7999 7.6330e+01     2.5347      0.157      0.228    11.7589 0.0000e+00
      0.160 1.1773e-20     7.9390     71.951     40.741  30.002548     4.9834      9.560   160.0672 7.6360e+01     2.5138      0.157      0.228    11.7715 0.0000e+00
      0.160 1.2950e-19     7.8971     71.657     40.748  30.016502     4.9366      9.563   160.3324 7.6369e+01     2.5593      0.157      0.228    11.7837 0.0000e+00
      0.161 1.4245e-18     7.8505     71.369     40.757  30.031506     4.8276      9.566   160.5971 7.6356e+01     2.5391      0.158      0.229    11.7960 0.0000e+00
      0.161 1.5669e-17     7.8175     71.094     40.781  30.057109     4.7560      9.568   160.5141 7.6429e+01     2.4737      0.158      0.229    11.8076 0.0000e+00
      0.160 1.7236e-16     7.7865     70.827     40.791  30.072340     4.7447      9.572   160.1031 7.6533e+01     2.4527      0.157      0.228    11.8184 0.0000e+00
      0.160 1.8960e-15     7.7511     70.581     40.802  30.088801     4.8166      9.577   159.9304 7.6518e+01     2.4900      0.157      0.228    11.8286 0.0000e+00
      0.160 2.0856e-14     7.7181     70.354     40.846  30.129283     4.9428      9.581   159.9735 7.6517e+01     2.5143      0.157      0.228    11.8385 0.0000e+00
      0.160 2.2941e-13     7.6874     70.123     40.906  30.181213     4.9891      9.583   160.1090 7.6520e+01     2.4730      0.157      0.228    11.8482 0.0000e+00
      0.161 2.5236e-12     7.6560     69.908     40.934  30.209217     4.9600      9.583   160.2783 7.6444e+01     2.4692      0.158      0.229    11.8581 0.0000e+00
      0.161 2.7759e-11     7.6269     69.723     40.929  30.214153     4.9318      9.585   160.2988 7.6351e+01     2.5362      0.158      0.229    11.8680 0.0000e+00
      0.160 3.0535e-10     7.6037     69.531     40.954  30.240899     4.9148      9.590   160.0130 7.6372e+01     2.6008      0.157      0.228    11.8778 0.0000e+00
      0.160 3.3589e-09     7.5751     69.323     40.995  30.278865     4.8959      9.594   159.5758 7.6468e+01     2.6004      0.157      0.228    11.8877 0.0000e+00
      0.160 3.6947e-08     7.5482     69.129     41.002  30.292602     4.8694      9.596   159.4011 7.6388e+01     2.5309      0.157      0.228    11.8976 0.0000e+00
      0.160 4.0642e-07     7.5301     68.979     40.974  30.280133     4.8526      9.597   159.3641 7.6229e+01     2.5126      0.157      0.227    11.9076 0.0000e+00
      0.160      0.000     7.5075     68.868     40.930  30.254988     4.8595      9.599   159.3853 7.6206e+01     2.5850      0.157      0.228    11.9176 0.0000e+00
      0.160      0.000     7.4818     68.748     40.903  30.242322     4.8694      9.601   159.4862 7.6265e+01     2.5861      0.157      0.228    11.9276 0.0000e+00
      0.160      0.001     7.4582     68.587     40.908  30.253864     4.8719      9.603   159.4655 7.6258e+01     2.4921      0.157      0.228    11.9374 0.0000e+00
      0.161      0.001     7.4398     68.418     40.917  30.267685     4.8725      9.605   159.3921 7.6196e+01     2.4385      0.158      0.229    11.9470 0.0000e+00
      0.161      0.000     7.4291     68.282     40.927  30.282573     4.8688      9.608   159.3738 7.6193e+01     2.4848      0.158      0.229    11.9564 0.0000e+00
      0.161 1.8474e-08     7.4164     68.169     40.951  30.307013     4.8777      9.611   159.4168 7.6193e+01     2.5737      0.158      0.229    11.9657 0.0000e+00
      0.161 2.0321e-07     7.3954     68.051     40.946  30.309447     4.8885      9.613   159.4814 7.6148e+01     2.5562      0.158      0.229    11.9749 0.0000e+00
      0.161 2.0321e-07     7.3730     67.927     40.942  30.312016     4.8750      9.615   159.5521 7.6103e+01     2.4788      0.158      0.229    11.9840 0.0000e+00
      0.161 1.8474e-08     7.3582     67.822     40.969  30.338082     4.8881      9.617   159.7563 7.6205e+01     2.4580      0.158      0.229    11.9928 0.0000e+00
      0.161 1.6794e-09     7.3459     67.722     41.005  30.370872     4.9644      9.620   159.8851 7.6515e+01     2.5098      0.158      0.229    12.0009 0.0000e+00
      0.161 1.5267e-10     7.3325     67.606     41.025  30.391309     5.0312      9.622   159.7334 7.6698e+01     2.5927      0.158      0.229    12.0083 0.0000e+00
      0.161 1.3880e-11     7.3158     67.511     41.022  30.394887     5.0471      9.624   159.6427 7.6383e+01     2.6070      0.158      0.229    12.0158 0.0000e+00
      0.161 1.2618e-12     7.3037     67.448     41.039  30.414137     5.0641      9.626   159.6482 7.5936e+01     2.5450      0.157      0.228    12.0229 0.0000e+00
      0.161 1.1471e-13     7.2950     67.386     41.057  30.433764     5.1122      9.629   159.5413 7.5877e+01     2.4928      0.158      0.229    12.0300 0.0000e+00
      0.161 1.0428e-14     7.2770     67.323     41.060  30.441899     5.1472      9.631   159.6409 7.5906e+01     2.5218      0.158      0.229    12.0373 0.0000e+00
      0.161 9.4800e-16     7.2659     67.283     41.062  30.449071     5.1625      9.633   159.9926 7.5875e+01     2.5873      0.157      0.228    12.0446 0.0000e+00
      0.161 8.6180e-17     7.2599     67.231     41.064  30.457054     5.1807      9.634   160.0943 7.5869e+01     2.6365      0.158      0.229    12.0520 0.0000e+00
      0.161 7.8345e-18     7.2522     67.141     41.080  30.474994     5.1843      9.635   159.9242 7.5800e+01     2.6725      0.158      0.229    12.0594 0.0000e+00
      0.161 7.1225e-19     7.2416     67.061     41.072  30.475683     5.1897      9.636   159.6571 7.5752e+01     2.7499      0.158      0.229    12.0670 0.0000e+00
      0.161 6.4750e-20     7.2382     67.013     41.050  30.465398     5.2198      9.639   159.3594 7.5664e+01     2.8543      0.158      0.229    12.0748 0.0000e+00
      0.161 5.8865e-21     7.2343     66.972     41.059  30.477508     5.2318      9.642   159.2499 7.5551e+01     2.8419      0.158      0.229    12.0826 0.0000e+00
      0.161 5.3510e-22     7.2186     66.909     41.075  30.495247     5.2101      9.644   159.5370 7.5510e+01     2.7366      0.158      0.229    12.0902 0.0000e+00
      0.161 4.8647e-23     7.2091     66.849     41.060  30.489576     5.1984      9.646   159.9924 7.5498e+01     2.6739      0.158      0.229    12.0974 0.0000e+00
      0.161 4.4224e-24     7.2031     66.816     41.029  30.472380     5.2074      9.648   160.1098 7.5448e+01     2.6981      0.158      0.230    12.1047 0.0000e+00
      0.161 4.0204e-25     7.2004     66.771     41.029  30.477646     5.2265      9.650   159.9234 7.5238e+01     2.7564      0.158      0.229    12.1118 0.0000e+00
      0.161 3.6549e-26     7.1904     66.700     41.039  30.489811     5.2390      9.652   159.7174 7.5251e+01     2.6961      0.158      0.229    12.1186 0.0000e+00
      0.161 3.3227e-27     7.1807     66.620     41.037  30.492610     5.2415      9.653   159.5989 7.5526e+01     2.5837      0.158      0.229    12.1256 0.0000e+00
      0.161 3.0206e-28     7.1793     66.534     41.057  30.511487     5.2487      9.654   159.6949 7.5467e+01     2.5588      0.158      0.230    12.1322 0.0000e+00
      0.161 2.7460e-29     7.1744     66.452     41.073  30.527751     5.2596      9.656   160.0179 7.5338e+01     2.5661      0.158      0.229    12.1383 0.0000e+00
      0.161 2.4963e-30     7.1630     66.353     41.028  30.498958     5.2563      9.658   160.2345 7.5310e+01     2.6032      0.158      0.229    12.1441 0.0000e+00
      0.161 2.2694e-31     7.1558     66.182     40.660  30.226798     5.2266      9.660   160.2485 7.5200e+01     2.6321      0.158      0.230    12.1497 0.0000e+00
      0.161 2.0631e-32     7.1435     65.902     39.656  29.457253     5.1991      9.661   160.2732 7.5170e+01     2.6762      0.158      0.230    12.1551 0.0000e+00
      0.161 1.8756e-33     7.1348     65.612     38.479  28.489126     5.1989      9.664   160.2759 7.5132e+01     2.7951      0.159      0.230    12.1607 0.0000e+00
      0.161 1.7051e-34     7.1263     65.681     37.829  27.845408     5.1907      9.668   160.1958 7.5027e+01     2.8392      0.158      0.230    12.1664 0.0000e+00
      0.161 1.5501e-35     7.1082     66.771     37.675  27.572772     5.1501      9.671   160.2508 7.4942e+01     2.6973      0.158      0.230    12.1720 0.0000e+00
      0.161 1.4092e-36     7.0775     69.615     37.690  27.475882     5.1072      9.674   160.4235 7.4833e+01     2.5147      0.158      0.230    12.1746 0.0000e+00
      0.161 1.2810e-37     7.0489     74.379     37.717  27.434913     5.0798      9.677   160.4772 7.4718e+01     2.4760      0.158      0.229    12.0587 0.0000e+00
      0.161 1.1646e-38     7.0770     80.484     37.708  27.394489     5.1019      9.680   160.4703 7.4688e+01     2.5364      0.158      0.230    11.7917 0.0000e+00
      0.162 1.0587e-39     7.1948     87.069     37.698  27.367638     5.1578      9.680   160.4268 7.4777e+01     2.5620      0.159      0.230    11.5583 0.0000e+00
      0.162 9.6245e-41     7.5196     93.385     37.712  27.363942     5.1814      9.682   160.2945 7.4791e+01     2.5468      0.159      0.231    11.4264 0.0000e+00
      0.162 8.7495e-42     8.0822     98.922     37.703  27.349779     5.1877      9.685   159.9897 7.4667e+01     2.4891      0.159      0.231    11.3546 0.0000e+00
      0.162 7.9540e-43     8.7923    103.237     37.673  27.323236     5.2089      9.687   159.7523 7.4574e+01     2.4781      0.159      0.231    11.3173 0.0000e+00
      0.161 7.2310e-44     9.5494    105.972     37.643  27.296712     5.2461      9.688   159.8338 7.4513e+01     2.5847      0.158      0.230    11.2924 0.0000e+00
      0.161 6.5735e-45    10.2608    107.156     37.631  27.282768     5.2634      9.688   159.9420 7.4554e+01     2.5832      0.158      0.230    11.2754 0.0000e+00
      0.161 5.9760e-46    10.8861    107.187     37.635  27.281490     5.2518      9.688   160.0290 7.4782e+01     2.4935      0.159      0.231    11.2651 0.0000e+00
      0.161 5.4330e-47    11.3792    106.537     37.637  27.281262     5.2550      9.689   160.1970 7.4944e+01     2.5251      0.158      0.230    11.2607 0.0000e+00
