Data/DataNotYetUploadedToEDI/Raw_CTD/RawDownloads/033121_bvr_50.cnv
* Sea-Bird SBE19plus  Data File:
* FileName = C:\DATA\033121_bvr_50_0001.hex
* Software version 2.8.0.119
* Temperature SN = 7809
* Conductivity SN = 7809
* System UpLoad Time = Mar 31 2021 18:04:35
* <ApplicationData>
* <Seaterm232>
# nquan = 16
# nvalues = 1894                        
# units = specified
# name 0 = depFM: Depth [fresh water, m]
# name 1 = dz/dtM: Descent Rate [m/s]
# name 2 = orp: Oxidation Reduction Potential [mV]
# name 3 = sbeox0Mg/L: Oxygen, SBE 43 [mg/l]
# name 4 = sbeox0PS: Oxygen, SBE 43 [% saturation]
# name 5 = par/sat/log: PAR/Logarithmic, Satlantic
# name 6 = ph: pH
# name 7 = specc: Specific Conductance [uS/cm]
# name 8 = c0uS/cm: Conductivity [uS/cm]
# name 9 = flECO-AFL: Fluorescence, WET Labs ECO-AFL/FL [mg/m^3]
# name 10 = turbWETntu0: Turbidity, WET Labs ECO [NTU]
# name 11 = tv290C: Temperature [ITS-90, deg C]
# name 12 = density00: Density [density, kg/m^3]
# name 13 = prdE: Pressure, Strain Gauge [psi]
# name 14 = prdM: Pressure, Strain Gauge [db]
# name 15 = flag:  0.000e+00
# span 0 =     -0.748,      9.297       
# span 1 =     -0.354,      0.284       
# span 2 =   -62.1163,   441.5244       
# span 3 =     0.2322,    10.8389       
# span 4 =      2.028,     98.570       
# span 5 = 1.2349e-01, 6.7663e+01       
# span 6 =     15.414,     15.766       
# span 7 =      1.411,    161.706       
# span 8 =   1.224736, 101.777110       
# span 9 =    -1.0372,    11.5106       
# span 10 =    -0.3853,   270.9122      
# span 11 =     6.4193,    18.4218      
# span 12 =   998.5216,  1000.0275      
# span 13 =     -1.068,     13.225      
# span 14 =     -0.736,      9.118      
# span 15 = 0.0000e+00, 0.0000e+00      
# interval = seconds: 0.25
# start_time = Mar 30 2021 21:50:07 [Instrument's time stamp, header]
# bad_flag = -9.990e-29
*END*
[from data line 995]
      9.245      0.006   417.6660     7.1352     58.338 1.2364e-01     15.760     30.223  19.037936     3.4495     9.1925     6.4763   999.9841     13.149      9.066 0.0000e+00
      9.247      0.006   417.5842     7.3240     57.180 1.2363e-01     15.760     31.282  19.706610     3.5156     9.4553     6.4813   999.9824     13.152      9.068 0.0000e+00
      9.250      0.006   417.5228     7.3691     56.400 1.2365e-01     15.760     35.426  22.317955     3.9256    11.4548     6.4852   999.9812     13.156      9.070 0.0000e+00
      9.252      0.006   417.4400     7.3207     56.299 1.2365e-01     15.760     40.477  25.498225     4.6496    15.2070     6.4896   999.9817     13.159      9.073 0.0000e+00
      9.253      0.006   417.1849     7.1838     57.021 1.2361e-01     15.760     42.093  26.511696     5.0603    17.7773     6.4943   999.9815     13.160      9.074 0.0000e+00
      9.254      0.007   416.7617     7.0038     58.427 1.2361e-01     15.760     39.893  25.121482     5.2473    23.7520     6.4969   999.9812     13.162      9.075 0.0000e+00
      9.255      0.008   416.5383     6.9060     60.145 1.2368e-01     15.761     35.660  22.453055     6.8536    86.8289     6.4984   999.9829     13.163      9.076 0.0000e+00
      9.256      0.009   416.4639     6.8804     61.810 1.2370e-01     15.761     32.164  20.250681     9.7853   202.3039     6.4979   999.9855     13.163      9.076 0.0000e+00
      9.259      0.009   415.9488     6.9756     62.947 1.2370e-01     15.761     35.276  22.210318    11.3780   265.2703     6.4906   999.9863     13.168      9.079 0.0000e+00
      9.263      0.009   415.0421     7.1758     63.269 1.2371e-01     15.760     46.292  29.147681    11.5106   270.9122     6.4831   999.9854     13.177      9.085 0.0000e+00
      9.266      0.008   414.3623     7.3916     62.829 1.2368e-01     15.760     56.172  35.368646    11.2927   270.0727     6.4798   999.9840     13.181      9.088 0.0000e+00
      9.268      0.007   413.9240     7.6279     61.873 1.2363e-01     15.761     57.202  36.014933     8.5907   255.1543     6.4778   999.9820     13.183      9.089 0.0000e+00
      9.269      0.005   413.4426     7.7801     60.756 1.2361e-01     15.761     48.531  30.553859     3.6275   227.7636     6.4782   999.9824     13.183      9.089 0.0000e+00
      9.269      0.004   412.9296     7.8116     59.791 1.2361e-01     15.760     36.451  22.948509     0.9127   212.4241     6.4814   999.9880     13.183      9.089 0.0000e+00
      9.270      0.004   412.2817     7.7503     59.204 1.2363e-01     15.760     30.037  18.911342     0.6295   206.3306     6.4815   999.9922     13.184      9.090 0.0000e+00
      9.271      0.004   411.4592     7.6118     58.928 1.2361e-01     15.761     28.924  18.211018     0.2128   153.9494     6.4790   999.9928     13.187      9.092 0.0000e+00
      9.273      0.004   410.8150     7.4659     58.574 1.2360e-01     15.761     28.740  18.095133    -0.5206    58.0992     6.4770   999.9894     13.189      9.093 0.0000e+00
      9.273      0.004   410.4292     7.3338     57.794 1.2366e-01     15.761     28.415  17.890618    -0.9141     5.8492     6.4757   999.9831     13.190      9.094 0.0000e+00
      9.274      0.004   409.9785     7.2609     56.394 1.2369e-01     15.761     28.018  17.640381    -0.9303     1.1420     6.4781   999.9815     13.191      9.095 0.0000e+00
      9.275      0.004   409.4951     7.2538     54.692 1.2366e-01     15.761     27.863  17.542289    -0.9170     0.4984     6.4802   999.9818     13.192      9.096 0.0000e+00
      9.276      0.004   408.9721     7.2193     53.521 1.2370e-01     15.760     27.842  17.528839    -0.9246    -0.0096     6.4798   999.9816     13.194      9.097 0.0000e+00
      9.278      0.005   407.8709     7.1391     53.521 1.2373e-01     15.760     27.761  17.477762    -0.9455    -0.2976     6.4794   999.9816     13.197      9.098 0.0000e+00
      9.280      0.006   406.2470     6.9581     54.851 1.2372e-01     15.760     27.688  17.431938    -0.9501    -0.3053     6.4787   999.9814     13.199      9.101 0.0000e+00
      9.280      0.006   404.6533     6.6964     57.112 1.2376e-01     15.761     27.768  17.482011    -0.9422    -0.2744     6.4775   999.9815     13.199      9.100 0.0000e+00
      9.281      0.007   403.2278     6.5291     59.607 1.2376e-01     15.761     28.322  17.829578    -0.9452    -0.3014     6.4766   999.9814     13.201      9.101 0.0000e+00
      9.284      0.007   402.0037     6.5184     61.882 1.2372e-01     15.760     29.232  18.400697    -0.9490    -0.2886     6.4772   999.9815     13.204      9.104 0.0000e+00
      9.286      0.007   400.5218     6.7005     63.802 1.2372e-01     15.759     30.586  19.251587    -0.9494    -0.2567     6.4779   999.9814     13.207      9.106 0.0000e+00
      9.288      0.007   398.6467     7.0193     65.358 1.2374e-01     15.759     35.104  22.093887    -0.9498    -0.2941     6.4775   999.9815     13.211      9.108 0.0000e+00
      9.290      0.007   396.3674     7.3424     66.533 1.2376e-01     15.760     37.889  23.846550    -0.9448    -0.3287     6.4756   999.9814     13.213      9.110 0.0000e+00
      9.292      0.006   392.3217     7.6282     67.328 1.2377e-01     15.760     33.421  21.034078    -0.9466    -0.3319     6.4722   999.9825     13.215      9.112 0.0000e+00
      9.294      0.005   387.3292     7.8617     67.764 1.2373e-01     15.760     29.443  18.530405    -0.9519    -0.3334     6.4696   999.9819     13.219      9.114 0.0000e+00
      9.295      0.005   383.6695     8.0564     67.886 1.2368e-01     15.760     28.990  18.246581    -0.9516    -0.3460     6.4682   999.9842     13.221      9.115 0.0000e+00
      9.295      0.004   381.1120     8.1998     67.763 1.2372e-01     15.760     29.273  18.426670    -0.9521    -0.3470     6.4671   999.9874     13.221      9.116 0.0000e+00
      9.296      0.003   379.4655     8.2969     67.313 1.2372e-01     15.761     31.182  19.629930    -0.9586    -0.3106     6.4660   999.9831     13.222      9.116 0.0000e+00
      9.297      0.002   378.9905     8.3512     66.400 1.2366e-01     15.761     33.257  20.937293    -0.9633    -0.2838     6.4662   999.9819     13.223      9.117 0.0000e+00
      9.297      0.001   379.0682     8.3575     65.110 1.2368e-01     15.761     33.628  21.171190    -0.9610    -0.2975     6.4684   999.9826     13.225      9.118 0.0000e+00
      9.297      0.001   379.3732     8.3469     63.718 1.2371e-01     15.761     34.967  22.014390    -0.9591    -0.3400     6.4719   999.9818     13.224      9.118 0.0000e+00
      9.297      0.000   379.7531     8.3017     62.586 1.2368e-01     15.761     39.377  24.790436    -0.9604    -0.3853     6.4755   999.9827     13.224      9.118 0.0000e+00
      9.297     -0.001   379.7901     8.1836     62.026 1.2370e-01     15.760     44.429  27.971235    -0.9673    -0.3642     6.4775   999.9838     13.225      9.118 0.0000e+00
      9.297     -0.001   379.7335     8.0109     61.940 1.2373e-01     15.760     49.207  30.978537    -0.9661    -0.2899     6.4773   999.9833     13.224      9.118 0.0000e+00
      9.297     -0.002   380.1013     7.8265     61.894 1.2373e-01     15.760     60.054  37.805602    -0.9553    -0.2425     6.4772   999.9834     13.223      9.117 0.0000e+00
      9.296     -0.003   380.7089     7.6658     61.580 1.2376e-01     15.759     74.333  46.790892    -0.9505    -0.2382     6.4776   999.9854     13.222      9.116 0.0000e+00
      9.295     -0.003   381.3156     7.6015     60.859 1.2376e-01     15.759     72.557  45.668061    -0.9467    -0.2723     6.4770   999.9877     13.222      9.116 0.0000e+00
      9.294     -0.003   381.7589     7.6200     59.758 1.2372e-01     15.759     53.926  33.937703    -0.9468    -0.2773     6.4761   999.9882     13.220      9.115 0.0000e+00
      9.293     -0.003   382.1100     7.6237     58.399 1.2372e-01     15.760     38.793  24.412491    -0.9520    -0.2301     6.4753   999.9910     13.217      9.113 0.0000e+00
      9.292     -0.003   382.5498     7.5905     56.675 1.2372e-01     15.760     33.853  21.304864    -0.9524    -0.2158     6.4731  1000.0010     13.216      9.112 0.0000e+00
      9.292     -0.003   383.0330     7.5054     54.434 1.2370e-01     15.759     34.229  21.543598    -0.9524    -0.2083     6.4682  1000.0008     13.216      9.112 0.0000e+00
      9.291     -0.003   383.5642     7.3552     51.651 1.2370e-01     15.759     38.234  24.064948    -0.9515     0.5139     6.4633   999.9896     13.214      9.111 0.0000e+00
      9.291     -0.003   383.9818     7.2004     48.354 1.2366e-01     15.760     47.217  29.718922    -0.9425     9.2030     6.4622   999.9844     13.214      9.111 0.0000e+00
      9.290     -0.004   384.2111     6.9975     44.854 1.2361e-01     15.760     62.918  39.599808    -0.9377    25.1637     6.4651   999.9837     13.213      9.110 0.0000e+00
      9.289     -0.005   384.5299     6.7152     41.708 1.2365e-01     15.760     76.600  48.206657    -0.9507    33.8453     6.4681   999.9835     13.211      9.109 0.0000e+00
      9.287     -0.005   384.9106     6.3809     39.454 1.2375e-01     15.760     73.994  46.560121    -0.9662    34.5539     6.4698   999.9849     13.209      9.107 0.0000e+00
      9.286     -0.005   385.2001     5.9576     38.410 1.2377e-01     15.760     66.119  41.598504    -0.9630    34.1098     6.4701   999.9873     13.208      9.106 0.0000e+00
      9.284     -0.005   385.5359     5.5019     38.587 1.2372e-01     15.760     71.296  44.850076    -0.9310    28.9563     6.4693   999.9933     13.206      9.104 0.0000e+00
      9.282     -0.005   385.8733     5.0888     39.682 1.2372e-01     15.760     84.146  52.926553    -0.8847    19.5535     6.4663  1000.0026     13.203      9.103 0.0000e+00
      9.281     -0.004   386.0958     4.7990     41.214 1.2376e-01     15.760     96.419  60.638352    -0.8702    14.4600     6.4595   999.9994     13.201      9.102 0.0000e+00
      9.281     -0.003   386.3331     4.6705     42.742 1.2377e-01     15.761    107.165  67.388236    -0.8804    14.3723     6.4549   999.9924     13.201      9.102 0.0000e+00
      9.280     -0.002   386.7636     4.7057     43.910 1.2373e-01     15.761    115.435  72.579529    -0.8654    18.5274     6.4527   999.9972     13.200      9.101 0.0000e+00
      9.279     -0.002   387.1710     4.8665     44.532 1.2368e-01     15.761    121.372  76.303530    -0.8311    26.2469     6.4482  1000.0027     13.198      9.100 0.0000e+00
      9.279     -0.001   387.3013     5.0715     44.632 1.2364e-01     15.761    126.234  79.352734    -0.8096    30.4579     6.4441  1000.0070     13.198      9.100 0.0000e+00
      9.279     -0.001   387.3925     5.2770     44.248 1.2363e-01     15.761    130.618  82.102144    -0.8054    30.3715     6.4403  1000.0114     13.198      9.100 0.0000e+00
      9.279     -0.001   387.5851     5.4310     43.437 1.2364e-01     15.762    134.119  84.296474    -0.7998    24.8255     6.4359  1000.0144     13.197      9.099 0.0000e+00
      9.279     -0.000   387.8236     5.5024     42.379 1.2364e-01     15.762    136.900  86.038227    -0.7887    14.5917     6.4321  1000.0166     13.198      9.100 0.0000e+00
      9.279 -1.861e-08   388.1246     5.5135     41.260 1.2364e-01     15.761    139.555  87.702819    -0.7856     9.0153     6.4291  1000.0182     13.197      9.099 0.0000e+00
      9.279 -2.047e-07   388.3856     5.4688     40.245 1.2369e-01     15.760    141.969  89.217318    -0.7712     8.4892     6.4269  1000.0201     13.196      9.099 0.0000e+00
      9.279 -2.017e-07   388.5703     5.3554     39.352 1.2372e-01     15.761    143.878  90.415795    -0.4435     8.5401     6.4243  1000.0214     13.197      9.099 0.0000e+00
      9.279 1.8615e-08   388.8098     5.2215     38.460 1.2368e-01     15.761    145.305  91.312700     0.1920     8.7719     6.4220  1000.0224     13.198      9.100 0.0000e+00
      9.279 4.0811e-07   389.0434     5.0730     37.517 1.2362e-01     15.761    146.365  91.980228     0.5508     8.9233     6.4206  1000.0235     13.198      9.100 0.0000e+00
      9.279      0.000   389.2434     4.9466     36.522 1.2361e-01     15.761    147.197  92.504997     0.6145     8.9284     6.4197  1000.0245     13.197      9.099 0.0000e+00
      9.279      0.000   389.4220     4.8477     35.528 1.2362e-01     15.761    147.898  92.948397     0.8854     8.4564     6.4193  1000.0252     13.197      9.099 0.0000e+00
      9.279      0.001   389.4824     4.7364     34.571 1.2363e-01     15.761    148.503  93.332030     1.3654     7.5768     6.4195  1000.0257     13.198      9.100 0.0000e+00
      9.279      0.001   389.5433     4.6222     33.617 1.2363e-01     15.761    148.995  93.643210     1.6206     7.0815     6.4198  1000.0260     13.199      9.100 0.0000e+00
      9.279      0.001   389.7278     4.4963     32.651 1.2360e-01     15.762    149.417  93.910589     1.6540     6.9997     6.4205  1000.0263     13.198      9.100 0.0000e+00
      9.279      0.001   389.8202     4.3703     31.662 1.2362e-01     15.762    149.787  94.146446     1.8362     7.0690     6.4218  1000.0265     13.198      9.100 0.0000e+00
      9.280      0.001   389.5420     4.2570     30.687 1.2371e-01     15.762    150.077  94.331038     2.1728     7.2321     6.4228  1000.0267     13.200      9.101 0.0000e+00
      9.280      0.001   388.9451     4.1383     29.823 1.2372e-01     15.762    150.322  94.487719     2.3683     7.3248     6.4234  1000.0269     13.200      9.101 0.0000e+00
      9.281      0.002   388.2816     4.0203     29.067 1.2368e-01     15.761    150.562  94.640667     2.3975     7.3658     6.4240  1000.0270     13.201      9.101 0.0000e+00
      9.281      0.002   387.5427     3.8997     28.410 1.2370e-01     15.761    150.781  94.780117     2.3918     7.3496     6.4251  1000.0271     13.201      9.102 0.0000e+00
      9.281      0.001   386.6367     3.7688     27.824 1.2373e-01     15.761    150.971  94.900874     2.3474     7.0601     6.4263  1000.0272     13.201      9.102 0.0000e+00
      9.282      0.001   385.8454     3.6678     27.215 1.2372e-01     15.761    151.156  95.018742     2.2807     6.5774     6.4271  1000.0272     13.202      9.102 0.0000e+00
      9.282      0.000   385.3742     3.5740     26.604 1.2374e-01     15.760    151.319  95.123245     2.2427     6.3202     6.4276  1000.0273     13.203      9.103 0.0000e+00
      9.282      0.000   385.1554     3.4904     26.000 1.2375e-01     15.760    151.453  95.209704     2.2413     6.3540     6.4282  1000.0273     13.203      9.103 0.0000e+00
      9.282      0.001   385.0929     3.4303     25.425 1.2375e-01     15.760    151.591  95.300348     2.2632     7.0200     6.4286  1000.0274     13.203      9.103 0.0000e+00
      9.282      0.001   385.0486     3.3473     24.912 1.2372e-01     15.760    151.730  95.391791     2.2981     8.2279     6.4290  1000.0274     13.202      9.102 0.0000e+00
      9.282      0.001   385.0496     3.2741     24.342 1.2365e-01     15.760    151.876  95.487915     2.3191     8.8730     6.4297  1000.0275     13.202      9.102 0.0000e+00
      9.283      0.002   385.1914     3.2016     23.690 1.2365e-01     15.761    152.001  95.571488     2.3167     8.9147     6.4306  1000.0275     13.203      9.103 0.0000e+00
      9.284      0.002   385.3859     3.1207     23.060 1.2370e-01     15.761    152.101  95.638487     2.2498     8.8006     6.4317  1000.0275     13.204      9.104 0.0000e+00
      9.284      0.002   385.5091     3.0718     22.503 1.2373e-01     15.761    152.232  95.725155     2.1215     8.5584     6.4331  1000.0275     13.205      9.105 0.0000e+00
      9.285      0.002   385.5621     3.0013     22.041 1.2373e-01     15.760    152.332  95.791940     2.0435     8.4236     6.4346  1000.0275     13.206      9.105 0.0000e+00
