Data/DataNotYetUploadedToEDI/Raw_CTD/RawDownloads/033125_fcr50_S7809001.cnv
* Sea-Bird SBE19plus  Data File:
* FileName = C:\R\Reservoirs\Data\DataNotYetUploadedToEDI\Raw_CTD\RawDownloads\033125_fcr50_S7809_0001.hex
* Software version 2.8.0.119
* Temperature SN = 7809
* Conductivity SN = 7809
* System UpLoad Time = Apr 14 2025 16:44:55
* <ApplicationData>
* <Seaterm232>
# nquan = 15
# nvalues = 1593                        
# units = specified
# name 0 = depFM: Depth [fresh water, m]
# name 1 = dz/dtM: Descent Rate [m/s]
# name 2 = sbeox0Mg/L: Oxygen, SBE 43 [mg/l]
# name 3 = sbeox0PS: Oxygen, SBE 43 [% saturation]
# name 4 = specc: Specific Conductance [uS/cm]
# name 5 = c0uS/cm: Conductivity [uS/cm]
# name 6 = flECO-AFL: Fluorescence, WET Labs ECO-AFL/FL [mg/m^3]
# name 7 = ph: pH
# name 8 = orp: Oxidation Reduction Potential [mV]
# name 9 = par/sat/log: PAR/Logarithmic, Satlantic
# name 10 = turbWETntu0: Turbidity, WET Labs ECO [NTU]
# name 11 = prdM: Pressure, Strain Gauge [db]
# name 12 = prdE: Pressure, Strain Gauge [psi]
# name 13 = tv290C: Temperature [ITS-90, deg C]
# name 14 = flag:  0.000e+00
# span 0 =     -0.737,      9.559       
# span 1 =     -0.217,      0.141       
# span 2 =     2.9557,    13.3212       
# span 3 =     25.099,    112.552       
# span 4 =      4.733,    107.487       
# span 5 =   3.167680,  71.367307       
# span 6 =    -1.5271,     3.7401       
# span 7 =     -2.111,      7.903       
# span 8 =  -251.9728,  1235.3090       
# span 9 = 1.2360e-01, 2.3369e+03       
# span 10 =    -0.4312,   109.9483      
# span 11 =     -0.723,      9.376      
# span 12 =     -1.049,     13.599      
# span 13 =     7.9632,    23.9067      
# span 14 = 0.0000e+00, 0.0000e+00      
# interval = seconds: 0.25
# start_time = Mar 31 2025 12:29:35 [Instrument's time stamp, header]
# bad_flag = -9.990e-29
*END*
[from data line 1254]
      8.940     -0.097     5.3730     45.075    104.180  68.903776     0.6202      7.687   251.1545 2.2287e-01    96.6854      8.763     12.709     8.0625 0.0000e+00
      8.928     -0.107     5.3575     45.034    104.180  68.906213     0.6656      7.687   251.4658 2.1642e-01    95.0543      8.759     12.703     8.0636 0.0000e+00
      8.907     -0.122     5.3451     44.976    104.177  68.906558     0.7153      7.687   251.7050 2.2229e-01    92.0894      8.744     12.682     8.0649 0.0000e+00
      8.866     -0.133     5.3320     44.901    104.175  68.907952     0.7223      7.688   251.5513 2.3632e-01    90.5550      8.699     12.616     8.0663 0.0000e+00
      8.814     -0.138     5.3278     44.824    104.194  68.923072     0.7240      7.688   251.4141 2.4245e-01    90.3373      8.642     12.533     8.0675 0.0000e+00
      8.766     -0.135     5.3235     44.732    104.249  68.962257     0.6949      7.689   251.6806 2.3990e-01    88.5005      8.593     12.462     8.0686 0.0000e+00
      8.729     -0.125     5.3171     44.600    104.303  69.000412     0.6117      7.691   252.1927 2.4056e-01    85.1187      8.555     12.409     8.0700 0.0000e+00
      8.706     -0.113     5.3064     44.427    104.303  69.003052     0.5592      7.693   252.7877 2.4170e-01    83.2318      8.534     12.378     8.0712 0.0000e+00
      8.692     -0.105     5.2976     44.203    104.286  68.994190     0.5428      7.693   253.5407 2.3816e-01    82.9369      8.526     12.365     8.0725 0.0000e+00
      8.676     -0.105     5.2893     43.940    104.322  69.020372     0.5714      7.695   254.5849 2.4003e-01    82.2023      8.514     12.348     8.0738 0.0000e+00
      8.648     -0.112     5.2715     43.654    104.386  69.065398     0.6560      7.697   255.6913 2.4343e-01    80.9765      8.484     12.305     8.0749 0.0000e+00
      8.612     -0.122     5.2530     43.324    104.425  69.093697     0.7161      7.698   256.5078 2.4387e-01    80.3790      8.445     12.248     8.0761 0.0000e+00
      8.575     -0.132     5.2252     42.955    104.444  69.108309     0.7331      7.699   257.4880 2.4667e-01    80.4772      8.408     12.195     8.0772 0.0000e+00
      8.539     -0.136     5.1924     42.576    104.451  69.114960     0.7441      7.699   258.6800 2.5091e-01    82.0962      8.373     12.145     8.0784 0.0000e+00
      8.504     -0.130     5.1609     42.198    104.440  69.110564     0.7660      7.699   259.4771 2.5695e-01    85.1293      8.340     12.097     8.0795 0.0000e+00
      8.467     -0.117     5.1212     41.818    104.449  69.118717     0.7976      7.700   259.8991 2.5921e-01    86.7826      8.304     12.044     8.0808 0.0000e+00
      8.432     -0.103     5.0754     41.429    104.493  69.149990     0.8096      7.703   260.4262 2.6376e-01    86.5090      8.265     11.988     8.0819 0.0000e+00
      8.406     -0.091     5.0305     41.050    104.521  69.170895     0.8276      7.705   261.2897 2.7526e-01    81.2406      8.238     11.947     8.0831 0.0000e+00
      8.394     -0.081     4.9859     40.694    104.533  69.180813     0.8912      7.705   261.9080 2.8365e-01    71.5210      8.231     11.939     8.0843 0.0000e+00
      8.384     -0.075     4.9412     40.329    104.568  69.206351     0.9381      7.706   262.0515 2.8580e-01    66.2410      8.226     11.931     8.0854 0.0000e+00
      8.366     -0.076     4.8947     39.963    104.593  69.225439     0.9367      7.707   261.7342 2.8306e-01    65.8395      8.206     11.901     8.0865 0.0000e+00
      8.344     -0.086     4.8473     39.632    104.583  69.220943     0.9241      7.709   260.9111 2.8378e-01    66.9058      8.180     11.865     8.0875 0.0000e+00
      8.324     -0.103     4.8085     39.317    104.571  69.215553     0.9271      7.710   260.2731 2.9499e-01    71.6175      8.163     11.840     8.0887 0.0000e+00
      8.301     -0.119     4.7654     39.008    104.580  69.223818     0.9399      7.710   259.8710 3.1753e-01    78.1966      8.146     11.815     8.0898 0.0000e+00
      8.268     -0.132     4.7174     38.710    104.627  69.257330     0.9450      7.710   259.6626 3.5217e-01    81.3792      8.112     11.765     8.0909 0.0000e+00
      8.225     -0.138     4.6824     38.404    104.693  69.302957     0.9397      7.711   260.0771 3.8964e-01    81.5412      8.065     11.697     8.0920 0.0000e+00
      8.181     -0.137     4.6439     38.089    104.732  69.330587     0.9262      7.711   260.1491 4.0589e-01    80.2921      8.022     11.635     8.0930 0.0000e+00
      8.141     -0.130     4.6068     37.794    104.738  69.337172     0.9143      7.711   259.5010 4.0129e-01    78.0614      7.983     11.578     8.0941 0.0000e+00
      8.106     -0.121     4.5731     37.499    104.708  69.319025     0.9034      7.712   259.4680 4.0153e-01    76.9102      7.944     11.522     8.0952 0.0000e+00
      8.082     -0.114     4.5370     37.167    104.679  69.301859     0.9033      7.713   260.0954 4.1151e-01    76.9281      7.922     11.490     8.0962 0.0000e+00
      8.066     -0.111     4.4979     36.841    104.703  69.320297     0.9380      7.714   260.1176 4.1275e-01    77.8331      7.914     11.479     8.0972 0.0000e+00
      8.043     -0.114     4.4622     36.528    104.747  69.351289     0.9822      7.714   259.5643 4.1436e-01    79.4499      7.892     11.447     8.0983 0.0000e+00
      8.011     -0.122     4.4336     36.208    104.755  69.358791     0.9884      7.714   259.6861 4.5028e-01    80.2857      7.857     11.395     8.0993 0.0000e+00
      7.975     -0.130     4.3874     35.876    104.735  69.347453     0.9714      7.714   260.2992 4.8352e-01    80.2184      7.821     11.344     8.1002 0.0000e+00
      7.938     -0.133     4.3504     35.533    104.722  69.341323     0.9588      7.713   260.3527 4.8674e-01    78.6015      7.785     11.291     8.1014 0.0000e+00
      7.898     -0.128     4.3153     35.220    104.730  69.348224     0.9605      7.713   260.3326 5.0633e-01    75.6292      7.745     11.234     8.1024 0.0000e+00
      7.860     -0.120     4.2754     34.944    104.755  69.367340     0.9759      7.714   261.2613 5.4632e-01    74.0341      7.706     11.176     8.1034 0.0000e+00
      7.830     -0.118     4.2391     34.685    104.774  69.381780     0.9865      7.714   262.5471 5.8511e-01    73.6282      7.674     11.129     8.1045 0.0000e+00
      7.811     -0.123     4.1934     34.439    104.792  69.395709     0.9724      7.714   263.0592 6.2236e-01    70.3115      7.658     11.106     8.1054 0.0000e+00
      7.795     -0.133     4.1577     34.232    104.809  69.408634     0.9297      7.714   263.0647 6.5725e-01    64.2312      7.651     11.096     8.1063 0.0000e+00
      7.766     -0.147     4.1256     34.074    104.809  69.410955     0.9032      7.714   263.8185 7.1073e-01    60.9165      7.624     11.056     8.1072 0.0000e+00
      7.717     -0.162     4.0957     33.924    104.826  69.423772     0.9027      7.715   265.2044 7.8578e-01    60.6009      7.571     10.979     8.1083 0.0000e+00
      7.661     -0.169     4.0649     33.781    104.842  69.436495     0.9064      7.715   265.4531 8.4258e-01    59.7669      7.511     10.893     8.1093 0.0000e+00
      7.606     -0.163     4.0387     33.668    104.841  69.437666     0.9228      7.715   265.3631 8.7682e-01    58.1425      7.457     10.816     8.1101 0.0000e+00
      7.559     -0.146     4.0239     33.578    104.838  69.437936     0.9352      7.715   266.3521 8.9910e-01    57.2195      7.410     10.748     8.1111 0.0000e+00
      7.521     -0.126     4.0055     33.518    104.838  69.439769     0.9224      7.716   267.2595 9.1360e-01    56.7369      7.370     10.688     8.1119 0.0000e+00
      7.501     -0.108     3.9864     33.475    104.866  69.459828     0.9019      7.718   267.4722 9.2380e-01    52.4782      7.350     10.660     8.1128 0.0000e+00
      7.492     -0.094     3.9747     33.419    104.908  69.489789     0.8700      7.718   267.8048 9.3150e-01    44.7032      7.351     10.661     8.1138 0.0000e+00
      7.477     -0.087     3.9631     33.364    104.897  69.484244     0.8203      7.718   268.7860 9.7082e-01    40.3749      7.340     10.644     8.1147 0.0000e+00
      7.448     -0.088     3.9557     33.325    104.852  69.456347     0.8003      7.718   269.6130 1.0504e+00    39.9744      7.303     10.592     8.1157 0.0000e+00
      7.418     -0.099     3.9539     33.301    104.871  69.470282     0.8024      7.717   269.6304 1.1430e+00    40.1349      7.268     10.542     8.1165 0.0000e+00
      7.397     -0.112     3.9448     33.290    104.952  69.525617     0.8044      7.717   269.5979 1.2423e+00    42.1445      7.255     10.522     8.1174 0.0000e+00
      7.375     -0.118     3.9380     33.281    104.991  69.553380     0.8247      7.717   270.1672 1.3448e+00    45.9291      7.239     10.498     8.1182 0.0000e+00
      7.340     -0.119     3.9333     33.277    104.985  69.551727     0.8474      7.717   271.0072 1.4301e+00    48.0454      7.201     10.444     8.1191 0.0000e+00
      7.299     -0.121     3.9306     33.305    105.009  69.569188     0.8540      7.717   271.0647 1.4848e+00    48.2956      7.156     10.379     8.1199 0.0000e+00
      7.262     -0.127     3.9297     33.373    105.014  69.573836     0.8382      7.717   270.2603 1.5094e+00    48.8516      7.117     10.322     8.1207 0.0000e+00
      7.237     -0.135     3.9288     33.456    104.967  69.544371     0.8235      7.717   270.3152 1.5179e+00    49.8157      7.096     10.291     8.1215 0.0000e+00
      7.215     -0.145     3.9265     33.519    104.944  69.530723     0.8251      7.717   270.6962 1.5449e+00    50.3527      7.081     10.269     8.1225 0.0000e+00
      7.182     -0.155     3.9293     33.552    104.949  69.535942     0.8171      7.716   270.0487 1.6084e+00    50.5964      7.049     10.223     8.1233 0.0000e+00
      7.136     -0.165     3.9386     33.585    104.959  69.543917     0.8101      7.716   269.8859 1.6859e+00    52.1814      6.999     10.152     8.1240 0.0000e+00
      7.082     -0.171     3.9497     33.622    104.986  69.563596     0.8400      7.717   270.6208 1.7547e+00    55.1015      6.944     10.072     8.1249 0.0000e+00
      7.029     -0.167     3.9587     33.627    105.013  69.583207     0.8790      7.717   270.9320 1.8327e+00    56.7656      6.891      9.994     8.1256 0.0000e+00
      6.981     -0.152     3.9594     33.599    105.021  69.590360     0.8901      7.717   270.7236 1.9327e+00    56.8617      6.844      9.924     8.1264 0.0000e+00
      6.944     -0.128     3.9632     33.569    105.013  69.586526     0.8663      7.716   270.6824 2.0206e+00    55.7848      6.806      9.872     8.1271 0.0000e+00
      6.916     -0.104     3.9697     33.525    105.032  69.600414     0.8157      7.715   271.2936 2.0619e+00    53.7540      6.778      9.831     8.1280 0.0000e+00
      6.897     -0.088     3.9713     33.498    105.076  69.631162     0.7852      7.714   272.0906 2.0565e+00    52.5980      6.760      9.804     8.1287 0.0000e+00
      6.887     -0.083     3.9639     33.513    105.088  69.640501     0.7888      7.714   272.4036 2.0396e+00    52.2952      6.754      9.796     8.1296 0.0000e+00
      6.877     -0.089     3.9633     33.499    105.100  69.649780     0.8020      7.714   272.4976 2.0319e+00    50.1602      6.747      9.787     8.1303 0.0000e+00
      6.857     -0.105     3.9568     33.426    105.143  69.679791     0.8119      7.714   273.3121 2.0338e+00    46.1871      6.727      9.757     8.1310 0.0000e+00
      6.827     -0.126     3.9486     33.351    105.149  69.685580     0.8246      7.713   274.9382 2.0573e+00    43.9505      6.698      9.716     8.1318 0.0000e+00
      6.787     -0.145     3.9579     33.293    105.102  69.656217     0.8222      7.713   275.5536 2.1098e+00    43.6806      6.659      9.660     8.1325 0.0000e+00
      6.741     -0.153     3.9568     33.209    105.080  69.642569     0.8077      7.713   275.7622 2.1765e+00    44.0517      6.610      9.587     8.1331 0.0000e+00
      6.692     -0.148     3.9441     33.091    105.085  69.647685     0.8238      7.713   277.1162 2.2284e+00    44.9188      6.562      9.519     8.1338 0.0000e+00
      6.646     -0.134     3.9338     32.968    105.093  69.654505     0.8514      7.713   277.9003 2.2720e+00    45.4875      6.516      9.450     8.1346 0.0000e+00
      6.609     -0.124     3.9306     32.861    105.102  69.661472     0.8666      7.712   277.6719 2.3013e+00    45.6330      6.472      9.386     8.1353 0.0000e+00
      6.592     -0.121     3.9209     32.796    105.110  69.668369     0.8661      7.710   277.9683 2.2938e+00    45.7570      6.458      9.367     8.1360 0.0000e+00
      6.584     -0.127     3.9041     32.752    105.117  69.674347     0.8612      7.710   278.8167 2.2921e+00    47.4647      6.464      9.375     8.1366 0.0000e+00
      6.561     -0.140     3.8905     32.699    105.109  69.670197     0.8742      7.710   279.3254 2.3436e+00    50.7376      6.444      9.347     8.1375 0.0000e+00
      6.516     -0.157     3.8746     32.662    105.124  69.681754     0.8820      7.710   279.3006 2.4399e+00    52.5703      6.393      9.271     8.1381 0.0000e+00
      6.459     -0.171     3.8684     32.650    105.130  69.686964     0.8806      7.710   279.2915 2.5468e+00    52.9544      6.333      9.185     8.1387 0.0000e+00
      6.402     -0.173     3.8664     32.651    105.102  69.669639     0.8906      7.710   279.6450 2.6457e+00    54.5961      6.276      9.102     8.1392 0.0000e+00
      6.350     -0.162     3.8566     32.653    105.090  69.662958     0.8863      7.710   280.1345 2.7245e+00    57.3894      6.224      9.028     8.1398 0.0000e+00
      6.307     -0.144     3.8528     32.638    105.098  69.669753     0.8701      7.710   280.1334 2.7650e+00    58.8198      6.180      8.963     8.1407 0.0000e+00
      6.278     -0.129     3.8518     32.615    105.124  69.688234     0.8616      7.710   279.6319 2.7721e+00    58.6035      6.151      8.920     8.1413 0.0000e+00
      6.263     -0.122     3.8519     32.595    105.133  69.695736     0.8492      7.710   279.8352 2.7786e+00    55.1154      6.143      8.910     8.1419 0.0000e+00
      6.245     -0.124     3.8538     32.552    105.133  69.696901     0.8457      7.710   280.2684 2.8245e+00    48.6867      6.132      8.894     8.1426 0.0000e+00
      6.213     -0.135     3.8512     32.477    105.139  69.702321     0.8602      7.710   279.9659 2.9368e+00    45.1971      6.096      8.841     8.1432 0.0000e+00
      6.170     -0.150     3.8472     32.407    105.131  69.697717     0.8835      7.710   280.0488 3.1133e+00    44.9647      6.051      8.774     8.1436 0.0000e+00
      6.126     -0.160     3.8466     32.360    105.140  69.704798     0.8866      7.709   280.7543 3.3507e+00    44.9204      6.008      8.714     8.1442 0.0000e+00
      6.079     -0.156     3.8428     32.299    105.168  69.724391     0.8643      7.709   281.1831 3.6712e+00    44.7976      5.964      8.651     8.1451 0.0000e+00
      6.028     -0.142     3.8308     32.208    105.195  69.743941     0.8464      7.709   281.3613 4.0462e+00    44.7776      5.910      8.571     8.1455 0.0000e+00
      5.984     -0.128     3.8216     32.138    105.203  69.750487     0.8459      7.708   281.6182 4.3783e+00    44.9870      5.859      8.497     8.1461 0.0000e+00
      5.962     -0.120     3.8181     32.101    105.185  69.739992     0.8656      7.707   282.2243 4.6525e+00    46.5778      5.840      8.470     8.1467 0.0000e+00
      5.954     -0.120     3.8131     32.060    105.190  69.744161     0.8853      7.708   283.0109 4.9466e+00    49.3569      5.846      8.477     8.1473 0.0000e+00
      5.937     -0.127     3.7977     32.027    105.178  69.737342     0.8756      7.708   283.3855 5.2871e+00    50.8177      5.831      8.457     8.1479 0.0000e+00
