Data/DataNotYetUploadedToEDI/Raw_CTD/RawDownloads/033121_fcr50_0002.cnv
* Sea-Bird SBE19plus  Data File:
* FileName = C:\DATA\033121_bvr_50_0002.hex
* Software version 2.8.0.119
* Temperature SN = 7809
* Conductivity SN = 7809
* System UpLoad Time = Mar 31 2021 18:05:56
* <ApplicationData>
* <Seaterm232>
# nquan = 16
# nvalues = 3228                        
# units = specified
# name 0 = depFM: Depth [fresh water, m]
# name 1 = dz/dtM: Descent Rate [m/s]
# name 2 = orp: Oxidation Reduction Potential [mV]
# name 3 = sbeox0Mg/L: Oxygen, SBE 43 [mg/l]
# name 4 = sbeox0PS: Oxygen, SBE 43 [% saturation]
# name 5 = par/sat/log: PAR/Logarithmic, Satlantic
# name 6 = ph: pH
# name 7 = specc: Specific Conductance [uS/cm]
# name 8 = c0uS/cm: Conductivity [uS/cm]
# name 9 = flECO-AFL: Fluorescence, WET Labs ECO-AFL/FL [mg/m^3]
# name 10 = turbWETntu0: Turbidity, WET Labs ECO [NTU]
# name 11 = tv290C: Temperature [ITS-90, deg C]
# name 12 = density00: Density [density, kg/m^3]
# name 13 = prdE: Pressure, Strain Gauge [psi]
# name 14 = prdM: Pressure, Strain Gauge [db]
# name 15 = flag:  0.000e+00
# span 0 =     -0.689,      9.626       
# span 1 =     -0.289,      0.178       
# span 2 =   303.4518,   394.8392       
# span 3 =     5.4752,    11.5700       
# span 4 =     44.596,    102.395       
# span 5 = 1.2332e-01, 3.5475e+02       
# span 6 =     15.490,     15.732       
# span 7 =      2.126,     34.464       
# span 8 =   1.693520,  24.535807       
# span 9 =    -1.0721,    20.4378       
# span 10 =    -0.4304,   111.8708      
# span 11 =     6.5179,    14.8228      
# span 12 =   999.1306,   999.9831      
# span 13 =     -0.980,     13.691      
# span 14 =     -0.676,      9.440      
# span 15 = 0.0000e+00, 0.0000e+00      
# interval = seconds: 0.25
# start_time = Mar 31 2021 01:55:48 [Instrument's time stamp, header]
# bad_flag = -9.990e-29
*END*
[from data line 3164]
     -0.134     -0.041   371.7084    10.8229    100.322 2.0787e+02     15.567     30.974  22.973249     4.7607     2.5758    12.0591   999.5057     -0.191     -0.132 0.0000e+00
     -0.122     -0.017   371.7084    10.8244    100.306 2.1940e+02     15.566     30.967  22.973248     4.7439     2.4701    12.0589   999.5058     -0.174     -0.120 0.0000e+00
     -0.121      0.000   371.5948    10.8147    100.536 2.1907e+02     15.565     31.034  23.029056     4.7019     2.2435    12.0645   999.5052     -0.172     -0.118 0.0000e+00
     -0.119      0.008   371.6327    10.7902    100.598 2.1561e+02     15.564     31.063  23.056960     4.6558     2.3492    12.0726   999.5043     -0.169     -0.116 0.0000e+00
     -0.119      0.006   371.6705    10.7908    100.597 2.1870e+02     15.566     31.017  23.029055     4.6809     2.3794    12.0813   999.5032     -0.169     -0.116 0.0000e+00
     -0.118      0.003   371.7841    10.7868    100.614 2.1950e+02     15.565     31.016  23.029054     4.6977     2.3190    12.0905   999.5022     -0.167     -0.115 0.0000e+00
     -0.117      0.002   371.7084    10.8091    100.485 2.1706e+02     15.566     30.943  22.973246     4.1984     2.3039    12.1005   999.5010     -0.166     -0.115 0.0000e+00
     -0.116      0.002   372.1248    10.8133    100.420 2.1879e+02     15.563     30.944  22.973246     4.2235     2.3492    12.1107   999.4999     -0.166     -0.114 0.0000e+00
     -0.116      0.001   372.1248    10.8108    100.508 2.1940e+02     15.563     31.016  23.029054     4.2403     2.3643    12.1201   999.4988     -0.165     -0.114 0.0000e+00
     -0.115      0.000   371.5570    10.8123    100.511 2.1827e+02     15.564     30.937  22.973245     4.2319     2.3039    12.1217   999.4986     -0.164     -0.113 0.0000e+00
     -0.116     -0.003   371.5191    10.7991    100.506 2.1907e+02     15.563     31.126  23.112768     4.2068     2.3341    12.1193   999.4988     -0.165     -0.114 0.0000e+00
     -0.115     -0.009   370.7620    10.7924    100.394 2.1856e+02     15.565     31.049  23.056958     4.4208     2.3039    12.1177   999.4990     -0.164     -0.113 0.0000e+00
     -0.115     -0.020   370.3834    10.8008    100.292 2.1785e+02     15.566     30.935  22.973245     4.4208     2.4096    12.1221   999.4985     -0.164     -0.113 0.0000e+00
     -0.119     -0.030   370.1941    10.8003    100.298 2.1729e+02     15.562     31.009  23.029054     4.4040     2.3643    12.1256   999.4981     -0.169     -0.116 0.0000e+00
     -0.127     -0.036   370.0048    10.8000    100.448 2.1418e+02     15.564     31.008  23.029054     4.3662     2.3190    12.1245   999.4983     -0.181     -0.125 0.0000e+00
     -0.143     -0.040   369.9291    10.7874    100.564 2.1161e+02     15.563     31.008  23.029054     4.4166     2.3794    12.1265   999.4979     -0.204     -0.140 0.0000e+00
     -0.164     -0.043   369.9670    10.7759    100.712 2.1093e+02     15.564     30.935  22.973245     4.3956     2.3945    12.1291   999.4975     -0.234     -0.161 0.0000e+00
     -0.175     -0.041   370.1941    10.7764    100.754 2.0971e+02     15.565     31.007  23.029053     4.4627     2.4096    12.1295   999.4974     -0.250     -0.172 0.0000e+00
     -0.179     -0.032   369.8534    10.7921    100.806 2.0827e+02     15.565     31.039  23.056957     4.4418     2.4096    12.1312   999.4972     -0.254     -0.175 0.0000e+00
     -0.185     -0.018   369.3613    10.8046    100.669 2.0809e+02     15.565     30.983  23.029051     3.0696     2.6362    12.1312   999.4972     -0.263     -0.181 0.0000e+00
     -0.196     -0.008   369.2855    10.8210    100.678 2.0507e+02     15.564     30.961  23.029049     3.0990     2.4852    12.1289   999.4974     -0.279     -0.192 0.0000e+00
     -0.198     -0.007   369.0584    10.8247    100.765 2.1034e+02     15.561     31.058  23.112761     3.1241     2.6815    12.1323   999.4970     -0.282     -0.194 0.0000e+00
     -0.191     -0.009   369.5127    10.8285    100.769 2.1340e+02     15.563     30.935  23.029047     3.1241     2.6966    12.1395   999.4962     -0.271     -0.187 0.0000e+00
     -0.178     -0.017   369.5505    10.8087    100.881 2.1166e+02     15.564     31.040  23.112760     2.8640     2.2737    12.1606   999.4938     -0.253     -0.174 0.0000e+00
     -0.183     -0.047   369.0963    10.8030    100.806 2.1427e+02     15.564     30.924  23.029046     2.8472     2.4398    12.1877   999.4906     -0.260     -0.179 0.0000e+00
     -0.202     -0.106   368.9448    10.8079    100.778 2.1358e+02     15.560     30.968  23.056950     2.8430     2.4096    12.2057   999.4885     -0.288     -0.199 0.0000e+00
     -0.212     -0.179   366.7870    10.8051    100.602 2.1358e+02     15.561     30.944  23.029047     2.8556     2.4549    12.2188   999.4869     -0.301     -0.208 0.0000e+00
     -0.238     -0.248   364.9320    10.8151    100.882 2.1071e+02     15.564     30.949  23.029047     3.6277    66.1286    12.2274   999.4858     -0.338     -0.233 0.0000e+00
     -0.330     -0.284   362.0170    10.8059    100.836 1.8828e+02     15.561     31.061  23.112760     3.6319    65.9775    12.2319   999.4848     -0.469     -0.324 0.0000e+00
     -0.463     -0.289   363.0770    10.8048    100.516 1.7020e+02     15.562     31.850  23.698764     3.6319    66.1890    12.2238   999.4851     -0.659     -0.454 0.0000e+00
     -0.579     -0.268   364.1748    10.7900    100.108 1.5888e+02     15.564     31.518  23.447618     3.6613    66.1437    12.2075   999.4865     -0.823     -0.568 0.0000e+00
     -0.670     -0.219   364.7427    10.8214     99.525 1.5353e+02     15.564     31.298  23.280189     3.6361    66.0228    12.2020   999.4867     -0.953     -0.657 0.0000e+00
     -0.679     -0.148   363.2284    10.8164     99.081 1.4812e+02     15.563     31.373  23.335999    -0.8455     0.7328    12.2022   999.4867     -0.965     -0.666 0.0000e+00
     -0.679     -0.077   365.6134    10.7823     98.729 1.5137e+02     15.564     31.448  23.391808    -0.8371     0.7026    12.2008   999.4871     -0.966     -0.666 0.0000e+00
     -0.679     -0.028   364.4020    10.7402     98.573 1.3764e+02     15.565     31.373  23.335999    -0.8161     0.7026    12.1942   999.4878     -0.966     -0.666 0.0000e+00
     -0.679     -0.002   362.3198    10.6790     98.688 1.3590e+02     15.563     31.225  23.224380    -0.8119     0.6120    12.1887   999.4883     -0.966     -0.666 0.0000e+00
     -0.679     -0.000   363.2662    10.6315     98.716 1.3298e+02     15.563     31.452  23.391809    -0.1070     2.0471    12.1880   999.4884     -0.966     -0.666 0.0000e+00
     -0.679     -0.000   361.4869    10.5935     98.422 1.3246e+02     15.565     21.888  16.277322    -0.1154     2.1377    12.1889   999.4883     -0.966     -0.666 0.0000e+00
     -0.678     -0.000   362.8877    10.5769     97.970 1.4191e+02     15.564      5.614   4.174540    -0.0986     2.1830    12.1884   999.4884     -0.964     -0.665 0.0000e+00
     -0.679     -0.000   361.6384    10.5898     96.884 1.5104e+02     15.563      6.627   4.927265    -0.1028     2.0773    12.1862   999.4886     -0.966     -0.666 0.0000e+00
     -0.680     -0.000   361.6384    10.5936     95.663 1.5320e+02     15.563      6.553   4.871507     0.5393     6.7150    12.1832   999.4890     -0.967     -0.667 0.0000e+00
     -0.679     -0.000   362.2820    10.5631     93.772 1.6146e+02     15.564      6.178   4.592717     0.5518     6.8811    12.1795   999.4863     -0.966     -0.666 0.0000e+00
     -0.679     -0.000   364.7427    10.5161     91.505 1.6604e+02     15.565      5.579   4.146662     0.5477     6.9264    12.1751   999.4819     -0.966     -0.666 0.0000e+00
     -0.679      0.000   363.4555    10.4005     89.575 1.7242e+02     15.565      4.979   3.700616     0.5854     6.9113    12.1705   999.4827     -0.966     -0.666 0.0000e+00
     -0.680      0.000   363.7584    10.2702     87.904 2.0371e+02     15.564      5.693   4.230297    -0.7070     1.6241    12.1675   999.4831     -0.967     -0.667 0.0000e+00
     -0.679      0.000   365.4620    10.0679     86.755 2.4328e+02     15.566      5.131   3.812127    -0.7112     1.5335    12.1646   999.4833     -0.966     -0.666 0.0000e+00
     -0.679      0.000   365.4620     9.8252     86.130 2.5083e+02     15.567      4.981   3.700617    -0.6860     1.6996    12.1609   999.4836     -0.965     -0.666 0.0000e+00
     -0.679      0.000   364.5534     9.6189     85.638 2.5147e+02     15.566      4.644   3.449721    -0.7112     1.6694    12.1569   999.4839     -0.966     -0.666 0.0000e+00
     -0.679      0.000   364.1370     9.4405     85.426 2.2724e+02     15.567      4.719   3.505475    -1.0301    -0.3095    12.1521   999.4846     -0.966     -0.666 0.0000e+00
     -0.679      0.000   363.6827     9.3182     85.410 2.3510e+02     15.565      4.082   3.031567    -1.0427    -0.2491    12.1474   999.4850     -0.966     -0.666 0.0000e+00
     -0.679      0.000   365.7270     9.2519     85.655 2.3565e+02     15.565      3.782   2.808556    -1.0175    -0.2944    12.1432   999.4855     -0.966     -0.666 0.0000e+00
     -0.679      0.000   367.3548     9.1999     85.751 2.3815e+02     15.566      3.144   2.334664    -1.0175    -0.4153    12.1392   999.4858     -0.966     -0.666 0.0000e+00
     -0.679      0.000   364.6670     9.1779     86.075 2.3779e+02     15.566      3.220   2.390416    -1.0427    -0.3246    12.1355   999.4863     -0.966     -0.666 0.0000e+00
     -0.680      0.000   365.8027     9.1769     86.397 2.3774e+02     15.567      4.008   2.975814    -1.0385    -0.2189    12.1318   999.4866     -0.967     -0.667 0.0000e+00
     -0.680      0.000   366.5977     9.2041     86.764 2.3133e+02     15.567      3.446   2.557671    -1.0259    -0.3095    12.1281   999.4869     -0.967     -0.667 0.0000e+00
     -0.679      0.000   370.8377     9.2151     87.324 2.1496e+02     15.569      2.920   2.167411    -1.0721    -0.3549    12.1244   999.4872     -0.966     -0.666 0.0000e+00
     -0.679      0.000   368.6420     9.2507     87.527 2.2994e+02     15.564      3.484   2.585547    -1.0595    -0.4304    12.1206   999.4877     -0.966     -0.666 0.0000e+00
     -0.680      0.000   363.7962     9.2861     87.977 2.4073e+02     15.567      3.372   2.501919    -0.9756    -0.3397    12.1169   999.4883     -0.967     -0.667 0.0000e+00
     -0.680      0.000   365.2348     9.3263     88.525 2.4104e+02     15.568      3.636   2.697051    -0.9504    -0.2944    12.1131   999.4886     -0.967     -0.667 0.0000e+00
     -0.680      0.000   365.7270     9.3873     88.972 2.8867e+02     15.566      4.276   3.170951    -0.9798    -0.2944    12.1096   999.4889     -0.967     -0.667 0.0000e+00
     -0.679 -9.990e-29 -9.990e-29     9.4101 -9.990e-29 2.0836e+02 -9.990e-29 -9.990e-29 -9.990e-29 -9.990e-29 -9.990e-29    12.1053   999.4895     -0.966     -0.666 0.0000e+00
     -0.679 -9.990e-29 -9.990e-29     9.4607 -9.990e-29 2.1959e+02 -9.990e-29 -9.990e-29 -9.990e-29 -9.990e-29 -9.990e-29    12.0951   999.4906     -0.966     -0.666 0.0000e+00
     -0.679 -9.990e-29 -9.990e-29     9.5219 -9.990e-29 2.2999e+02 -9.990e-29 -9.990e-29 -9.990e-29 -9.990e-29 -9.990e-29    12.0844   999.4919     -0.966     -0.666 0.0000e+00
     -0.679 -9.990e-29 -9.990e-29     9.5712 -9.990e-29 2.4229e+02 -9.990e-29 -9.990e-29 -9.990e-29 -9.990e-29 -9.990e-29    12.0787   999.4927     -0.966     -0.666 0.0000e+00
