Data/DataNotYetUploadedToEDI/Raw_CTD/RawDownloads/033121_fcr50_0002.cnv
* Sea-Bird SBE19plus  Data File:
* FileName = C:\DATA\033121_bvr_50_0002.hex
* Software version 2.8.0.119
* Temperature SN = 7809
* Conductivity SN = 7809
* System UpLoad Time = Mar 31 2021 18:05:56
* <ApplicationData>
* <Seaterm232>
# nquan = 16
# nvalues = 3228                        
# units = specified
# name 0 = depFM: Depth [fresh water, m]
# name 1 = dz/dtM: Descent Rate [m/s]
# name 2 = orp: Oxidation Reduction Potential [mV]
# name 3 = sbeox0Mg/L: Oxygen, SBE 43 [mg/l]
# name 4 = sbeox0PS: Oxygen, SBE 43 [% saturation]
# name 5 = par/sat/log: PAR/Logarithmic, Satlantic
# name 6 = ph: pH
# name 7 = specc: Specific Conductance [uS/cm]
# name 8 = c0uS/cm: Conductivity [uS/cm]
# name 9 = flECO-AFL: Fluorescence, WET Labs ECO-AFL/FL [mg/m^3]
# name 10 = turbWETntu0: Turbidity, WET Labs ECO [NTU]
# name 11 = tv290C: Temperature [ITS-90, deg C]
# name 12 = density00: Density [density, kg/m^3]
# name 13 = prdE: Pressure, Strain Gauge [psi]
# name 14 = prdM: Pressure, Strain Gauge [db]
# name 15 = flag:  0.000e+00
# span 0 =     -0.689,      9.626       
# span 1 =     -0.289,      0.178       
# span 2 =   303.4518,   394.8392       
# span 3 =     5.4752,    11.5700       
# span 4 =     44.596,    102.395       
# span 5 = 1.2332e-01, 3.5475e+02       
# span 6 =     15.490,     15.732       
# span 7 =      2.126,     34.464       
# span 8 =   1.693520,  24.535807       
# span 9 =    -1.0721,    20.4378       
# span 10 =    -0.4304,   111.8708      
# span 11 =     6.5179,    14.8228      
# span 12 =   999.1306,   999.9831      
# span 13 =     -0.980,     13.691      
# span 14 =     -0.676,      9.440      
# span 15 = 0.0000e+00, 0.0000e+00      
# interval = seconds: 0.25
# start_time = Mar 31 2021 01:55:48 [Instrument's time stamp, header]
# bad_flag = -9.990e-29
*END*
[from data line 1899]
      7.034      0.025   386.7377     7.0634     57.619 2.4175e-01     15.720     32.360  20.601887    11.8859     4.2224     6.8389   999.9574     10.005      6.898 0.0000e+00
      7.035      0.027   386.6620     7.0277     57.515 2.6043e-01     15.722     32.272  20.546084    11.9027     4.2526     6.8337   999.9577     10.006      6.899 0.0000e+00
      7.035      0.025   386.6620     7.0364     57.405 2.4716e-01     15.720     32.270  20.546084    11.8649     4.2677     6.8302   999.9578     10.007      6.899 0.0000e+00
      7.046      0.021   386.3592     7.0253     57.283 2.4123e-01     15.722     32.356  20.601887    11.8271     4.0864     6.8285   999.9579     10.022      6.910 0.0000e+00
      7.056      0.018   386.3970     7.0233     57.099 2.2181e-01     15.721     32.357  20.601887    11.9992     4.1922     6.8303   999.9579     10.036      6.919 0.0000e+00
      7.061      0.018   386.2834     7.0106     56.971 2.6302e-01     15.721     32.359  20.601887    12.0285     4.2073     6.8309   999.9579     10.042      6.924 0.0000e+00
      7.063      0.021   386.4727     6.9968     56.866 2.4368e-01     15.720     32.185  20.490281    12.0076     4.2224     6.8331   999.9578     10.045      6.926 0.0000e+00
      7.064      0.024   386.4727     6.9816     56.958 2.3442e-01     15.721     32.360  20.601887    12.0076     4.1771     6.8343   999.9578     10.047      6.927 0.0000e+00
      7.064      0.027   387.0406     6.9593     56.901 2.4378e-01     15.722     32.270  20.546084    12.2971     4.1922     6.8336   999.9578     10.048      6.928 0.0000e+00
      7.073      0.030   387.0785     6.9440     57.029 2.2171e-01     15.721     32.271  20.546084    12.3516     4.1922     6.8320   999.9579     10.060      6.936 0.0000e+00
      7.089      0.033   386.7756     6.9316     57.001 2.6319e-01     15.720     32.270  20.546084    12.3391     4.1922     6.8302   999.9580     10.083      6.952 0.0000e+00
      7.105      0.033   386.7377     6.9425     56.876 1.9079e-01     15.723     32.356  20.601887    12.3433     4.1922     6.8312   999.9581     10.106      6.968 0.0000e+00
      7.111      0.032   386.6242     6.9352     56.951 2.1574e-01     15.724     32.267  20.546084    11.9908     4.1318     6.8335   999.9580     10.114      6.973 0.0000e+00
      7.114      0.029   386.5863     6.9510     56.966 2.2513e-01     15.721     32.267  20.546084    12.0201     4.2224     6.8324   999.9581     10.118      6.976 0.0000e+00
      7.118      0.027   386.5106     6.9475     56.879 2.1643e-01     15.722     32.272  20.546084    12.0285     4.1771     6.8331   999.9581     10.125      6.981 0.0000e+00
      7.124      0.027   386.8135     6.9321     56.958 2.0374e-01     15.723     32.282  20.546085    11.9824     4.1620     6.8343   999.9581     10.133      6.986 0.0000e+00
      7.130      0.029   386.5863     6.9409     56.813 2.0308e-01     15.722     32.290  20.546085    12.2803     4.1015     6.8357   999.9580     10.142      6.993 0.0000e+00
      7.142      0.031   386.2077     6.9427     56.674 2.1901e-01     15.722     32.293  20.546086    12.2635     4.2526     6.8360   999.9581     10.158      7.004 0.0000e+00
      7.152      0.033   387.0785     6.9330     56.581 1.7510e-01     15.723     32.381  20.601889    12.2887     4.2526     6.8306   999.9583     10.172      7.013 0.0000e+00
      7.160      0.031   387.2677     6.9443     56.493 1.7502e-01     15.721     32.297  20.546086    12.2803     4.2224     6.8211   999.9588     10.183      7.021 0.0000e+00
      7.167      0.027   386.7756     6.9280     56.656 1.8041e-01     15.721     32.302  20.546086    12.2593     4.1469     6.8133   999.9592     10.193      7.028 0.0000e+00
      7.175      0.024   386.8135     6.9116     56.679 2.2358e-01     15.721     32.216  20.490284    12.2929     4.4641     6.8103   999.9594     10.205      7.036 0.0000e+00
      7.182      0.024   387.1542     6.9002     56.687 2.1925e-01     15.723     32.390  20.601889    12.3265     4.4792     6.8103   999.9594     10.215      7.043 0.0000e+00
      7.183      0.026   386.9649     6.8902     56.684 2.0030e-01     15.720     32.393  20.601889    12.3600     4.5396     6.8064   999.9596     10.216      7.044 0.0000e+00
      7.183      0.027   386.9270     6.9109     56.532 1.7810e-01     15.723     32.309  20.546087    12.3223     4.3584     6.8015   999.9598     10.216      7.044 0.0000e+00
      7.193      0.029   387.0785     6.9139     56.483 1.6564e-01     15.725     32.310  20.546087    12.0915     4.7511     6.7999   999.9599     10.230      7.054 0.0000e+00
      7.208      0.033   387.7220     6.9146     56.224 2.1219e-01     15.722     32.395  20.601890    12.0243     4.6756     6.8015   999.9599     10.253      7.069 0.0000e+00
      7.219      0.039   387.6463     6.9148     56.198 2.0169e-01     15.724     32.305  20.546087    12.0831     4.7360     6.7986   999.9601     10.268      7.079 0.0000e+00
      7.222      0.039   387.6085     6.8969     56.323 1.6535e-01     15.723     32.309  20.546087    12.0705     4.6756     6.7950   999.9602     10.272      7.082 0.0000e+00
      7.231      0.035   387.6085     6.8912     56.545 1.8609e-01     15.723     32.310  20.546087    11.8565     4.6152     6.7936   999.9603     10.285      7.091 0.0000e+00
      7.248      0.031   387.6463     6.8591     56.611 1.6560e-01     15.723     32.213  20.490283    11.8649     4.7511     6.7959   999.9603     10.309      7.107 0.0000e+00
      7.260      0.029   387.4949     6.8556     56.538 1.6532e-01     15.722     32.294  20.546086    11.8607     4.7360     6.7988   999.9603     10.325      7.119 0.0000e+00
      7.261      0.027   387.6463     6.8714     56.554 1.5945e-01     15.723     32.383  20.601889    11.8481     4.6001     6.7950   999.9604     10.327      7.120 0.0000e+00
      7.260      0.023   387.4570     6.8988     56.457 1.9469e-01     15.722     32.301  20.546086    11.4620     4.1167     6.7935   999.9605     10.326      7.120 0.0000e+00
      7.268      0.019   387.7977     6.9052     56.273 1.6892e-01     15.721     32.395  20.601890    11.4201     4.1922     6.8028   999.9601     10.338      7.128 0.0000e+00
      7.278      0.019   387.7977     6.8952     56.215 1.7483e-01     15.724     32.312  20.546087    11.4914     4.2224     6.8091   999.9599     10.351      7.137 0.0000e+00
      7.281      0.021   388.1006     6.8973     56.326 1.5966e-01     15.723     32.318  20.546087    11.4746     4.2677     6.8081   999.9600     10.356      7.140 0.0000e+00
      7.283      0.023   387.8356     6.8864     56.343 1.7502e-01     15.724     32.411  20.601891    11.4495     4.1771     6.8028   999.9602     10.359      7.142 0.0000e+00
      7.289      0.024   387.9113     6.8650     56.352 1.5636e-01     15.723     32.328  20.546088    11.4579     4.2224     6.7965   999.9605     10.367      7.148 0.0000e+00
      7.297      0.025   388.1006     6.8588     56.309 1.8142e-01     15.722     32.332  20.546088    11.4620     4.1771     6.7915   999.9607     10.379      7.156 0.0000e+00
      7.303      0.026   387.9870     6.8732     56.278 1.4712e-01     15.723     32.425  20.601892    11.4830     4.1469     6.7861   999.9610     10.388      7.162 0.0000e+00
      7.312      0.025   387.9492     6.8763     56.393 1.6568e-01     15.722     32.251  20.490286    11.4537     4.0864     6.7804   999.9613     10.400      7.171 0.0000e+00
      7.322      0.024   387.7599     6.8782     56.449 1.5642e-01     15.723     32.424  20.601892    11.5418     4.1318     6.7758   999.9615     10.414      7.180 0.0000e+00
      7.326      0.023   388.0249     6.8737     56.506 1.5319e-01     15.723     32.248  20.490286    11.5670     4.2526     6.7716   999.9617     10.420      7.184 0.0000e+00
      7.327      0.022   388.0627     6.8707     56.499 1.5966e-01     15.723     32.249  20.490286    11.5628     4.2979     6.7666   999.9620     10.421      7.185 0.0000e+00
      7.331      0.022   388.2899     6.8851     56.388 1.2372e-01     15.723     32.422  20.601892    11.5670     4.2375     6.7653   999.9620     10.427      7.189 0.0000e+00
      7.340      0.025   388.1385     6.8914     56.439 1.4744e-01     15.722     32.240  20.490285    11.5711     4.1318     6.7681   999.9620     10.440      7.198 0.0000e+00
      7.347      0.029   388.0627     6.8983     56.303 1.5639e-01     15.723     32.327  20.546088    11.5963     4.2677     6.7682   999.9620     10.450      7.205 0.0000e+00
      7.351      0.031   388.1006     6.8977     56.287 1.5329e-01     15.725     32.243  20.490286    11.6173     4.2073     6.7669   999.9620     10.455      7.208 0.0000e+00
      7.359      0.029   388.5170     6.8836     56.281 1.2536e-01     15.723     32.421  20.601892    11.6089     4.2073     6.7702   999.9620     10.468      7.217 0.0000e+00
      7.374      0.028   388.2520     6.8887     56.205 1.2897e-01     15.724     32.423  20.601892    11.3446     4.3886     6.7766   999.9617     10.488      7.231 0.0000e+00
      7.384      0.029   388.1385     6.8719     56.245 1.5048e-01     15.724     32.244  20.490286    11.3194     4.4490     6.7773   999.9618     10.502      7.241 0.0000e+00
      7.384      0.031   387.9492     6.8708     56.165 1.4383e-01     15.723     32.414  20.601891    11.3362     4.4792     6.7728   999.9619     10.502      7.241 0.0000e+00
      7.385      0.030   388.0249     6.8703     56.055 1.4718e-01     15.725     32.416  20.601891    11.3404     4.5094     6.7712   999.9621     10.503      7.242 0.0000e+00
      7.396      0.027   388.0627     6.8614     56.133 1.3458e-01     15.723     32.323  20.546088    11.0928     4.3584     6.7693   999.9622     10.519      7.253 0.0000e+00
      7.410      0.026   388.2899     6.8658     56.222 1.4044e-01     15.722     32.310  20.546087    11.1347     4.4792     6.7722   999.9621     10.539      7.267 0.0000e+00
      7.420      0.027   388.4792     6.8551     56.245 1.4712e-01     15.723     32.303  20.546087    11.1515     4.3886     6.7776   999.9620     10.553      7.276 0.0000e+00
      7.422      0.029   388.1763     6.8419     56.235 1.3126e-01     15.723     32.302  20.546087    11.1599     4.3584     6.7758   999.9621     10.557      7.279 0.0000e+00
      7.423      0.028   387.8735     6.8507     56.190 1.2359e-01     15.726     32.400  20.601890    11.0802     4.5698     6.7805   999.9618     10.558      7.280 0.0000e+00
      7.428      0.026   388.2899     6.8593     55.973 1.2369e-01     15.724     32.329  20.546089    11.0634     4.6303     6.7937   999.9613     10.564      7.284 0.0000e+00
      7.438      0.024   388.3656     6.8609     56.116 1.2792e-01     15.723     32.328  20.546088    11.0550     4.7813     6.8005   999.9610     10.579      7.294 0.0000e+00
      7.453      0.026   388.2899     6.8596     56.190 1.5058e-01     15.722     32.323  20.546088    11.0928     4.7058     6.8011   999.9611     10.600      7.309 0.0000e+00
      7.460      0.028   388.6306     6.8558     56.151 1.4399e-01     15.724     32.322  20.546088    11.0550     4.7511     6.7911   999.9616     10.611      7.316 0.0000e+00
      7.459      0.028   388.3656     6.8322     56.186 1.5048e-01     15.720     32.332  20.546089    11.1473     4.4037     6.7746   999.9622     10.609      7.315 0.0000e+00
      7.461      0.025   388.7063     6.8494     55.964 1.2533e-01     15.723     32.338  20.546089    11.1222     4.3886     6.7757   999.9622     10.611      7.316 0.0000e+00
      7.472      0.023   388.4792     6.8575     55.966 1.2536e-01     15.723     32.420  20.601892    11.1389     4.3886     6.7812   999.9620     10.627      7.327 0.0000e+00
      7.484      0.025   388.2142     6.8526     55.921 1.2369e-01     15.724     32.331  20.546089    11.1347     4.5547     6.7822   999.9620     10.645      7.339 0.0000e+00
      7.489      0.028   388.4035     6.8586     55.909 1.2383e-01     15.725     32.338  20.546089    11.2019     4.5396     6.7724   999.9625     10.652      7.344 0.0000e+00
      7.491      0.027   388.2899     6.8325     55.855 1.2367e-01     15.724     32.431  20.601893    11.1809     4.7058     6.7662   999.9628     10.655      7.346 0.0000e+00
      7.497      0.024   388.3656     6.8318     55.463 1.2527e-01     15.724     32.435  20.601893    11.2229     4.7360     6.7719   999.9626     10.664      7.352 0.0000e+00
      7.509      0.023   388.6306     6.8262     55.449 1.3031e-01     15.725     32.355  20.546090    11.2229     4.7058     6.7727   999.9626     10.680      7.363 0.0000e+00
      7.514      0.025   388.2520     6.8258     55.293 1.3140e-01     15.726     32.441  20.601893    11.3026     4.5850     6.7661   999.9629     10.688      7.369 0.0000e+00
      7.517      0.026   388.6685     6.8200     55.227 1.2356e-01     15.725     32.433  20.601893    11.3278     4.6001     6.7615   999.9631     10.691      7.371 0.0000e+00
      7.522      0.024   388.5927     6.7729     55.323 1.2364e-01     15.725     32.521  20.657696    11.3152     4.6152     6.7573   999.9633     10.698      7.376 0.0000e+00
      7.533      0.021   388.6685     6.7724     55.181 1.3470e-01     15.726     32.447  20.601894    11.3571     4.7511     6.7494   999.9637     10.714      7.387 0.0000e+00
      7.541      0.021   388.4792     6.7531     55.041 1.2372e-01     15.723     32.372  20.546092    11.2984     4.6756     6.7512   999.9637     10.725      7.395 0.0000e+00
      7.544      0.023   388.6306     6.7438     55.012 1.2770e-01     15.723     32.373  20.546092    11.2522     4.6605     6.7586   999.9634     10.730      7.398 0.0000e+00
      7.544      0.023   388.4413     6.7554     54.947 1.2369e-01     15.726     32.452  20.601894    11.2438     4.6454     6.7589   999.9634     10.730      7.398 0.0000e+00
      7.548      0.022   388.9335     6.7404     55.002 1.2538e-01     15.722     32.455  20.601894    11.3068     4.7209     6.7457   999.9639     10.735      7.402 0.0000e+00
      7.557      0.025   388.9713     6.7255     55.042 1.2372e-01     15.722     32.458  20.601894    11.2606     4.6152     6.7326   999.9645     10.749      7.411 0.0000e+00
      7.569      0.030   388.9335     6.7221     55.143 1.2380e-01     15.725     32.373  20.546092    11.1012     4.9022     6.7320   999.9646     10.766      7.423 0.0000e+00
      7.572      0.032   389.1985     6.7126     55.064 1.2375e-01     15.724     32.568  20.657699    11.1305     4.8720     6.7407   999.9643     10.770      7.426 0.0000e+00
      7.576      0.029   388.9335     6.7199     55.138 1.2359e-01     15.726     32.408  20.546094    11.1557     4.8720     6.7375   999.9644     10.776      7.430 0.0000e+00
      7.591      0.024   389.5392     6.7253     54.911 1.2663e-01     15.726     32.490  20.601897    11.1431     4.9173     6.7343   999.9646     10.797      7.444 0.0000e+00
      7.604      0.019   389.1606     6.7381     54.845 1.2663e-01     15.724     32.484  20.601896    10.7235     4.6454     6.7313   999.9648     10.816      7.457 0.0000e+00
      7.604      0.014   389.0849     6.7316     54.859 1.2375e-01     15.725     32.481  20.601896    10.7235     4.6001     6.7129   999.9656     10.815      7.457 0.0000e+00
      7.601      0.009   389.1985     6.7433     54.763 1.2385e-01     15.724     32.485  20.601896    10.7529     4.7058     6.6975   999.9662     10.812      7.454 0.0000e+00
      7.603      0.004   389.0470     6.7145     54.733 1.2383e-01     15.724     32.490  20.601897    10.7571     4.7511     6.7033   999.9660     10.815      7.456 0.0000e+00
      7.604      0.004   389.0849     6.7054     54.382 1.2375e-01     15.726     32.493  20.601897    10.5850     4.2224     6.7092   999.9658     10.815      7.457 0.0000e+00
