Data/DataNotYetUploadedToEDI/Raw_CTD/RawDownloads/033121_fcr50_0002.cnv
* Sea-Bird SBE19plus  Data File:
* FileName = C:\DATA\033121_bvr_50_0002.hex
* Software version 2.8.0.119
* Temperature SN = 7809
* Conductivity SN = 7809
* System UpLoad Time = Mar 31 2021 18:05:56
* <ApplicationData>
* <Seaterm232>
# nquan = 16
# nvalues = 3228                        
# units = specified
# name 0 = depFM: Depth [fresh water, m]
# name 1 = dz/dtM: Descent Rate [m/s]
# name 2 = orp: Oxidation Reduction Potential [mV]
# name 3 = sbeox0Mg/L: Oxygen, SBE 43 [mg/l]
# name 4 = sbeox0PS: Oxygen, SBE 43 [% saturation]
# name 5 = par/sat/log: PAR/Logarithmic, Satlantic
# name 6 = ph: pH
# name 7 = specc: Specific Conductance [uS/cm]
# name 8 = c0uS/cm: Conductivity [uS/cm]
# name 9 = flECO-AFL: Fluorescence, WET Labs ECO-AFL/FL [mg/m^3]
# name 10 = turbWETntu0: Turbidity, WET Labs ECO [NTU]
# name 11 = tv290C: Temperature [ITS-90, deg C]
# name 12 = density00: Density [density, kg/m^3]
# name 13 = prdE: Pressure, Strain Gauge [psi]
# name 14 = prdM: Pressure, Strain Gauge [db]
# name 15 = flag:  0.000e+00
# span 0 =     -0.689,      9.626       
# span 1 =     -0.289,      0.178       
# span 2 =   303.4518,   394.8392       
# span 3 =     5.4752,    11.5700       
# span 4 =     44.596,    102.395       
# span 5 = 1.2332e-01, 3.5475e+02       
# span 6 =     15.490,     15.732       
# span 7 =      2.126,     34.464       
# span 8 =   1.693520,  24.535807       
# span 9 =    -1.0721,    20.4378       
# span 10 =    -0.4304,   111.8708      
# span 11 =     6.5179,    14.8228      
# span 12 =   999.1306,   999.9831      
# span 13 =     -0.980,     13.691      
# span 14 =     -0.676,      9.440      
# span 15 = 0.0000e+00, 0.0000e+00      
# interval = seconds: 0.25
# start_time = Mar 31 2021 01:55:48 [Instrument's time stamp, header]
# bad_flag = -9.990e-29
*END*
[from data line 633]
      1.795      0.011   344.1105    10.7797     99.288 6.6192e+01     15.580     31.002  22.861652     8.6967     2.6513    11.8361   999.5400      2.554      1.761 0.0000e+00
      1.796      0.016   344.3755    10.7992     99.033 6.5979e+01     15.581     30.928  22.805844     8.7093     2.5909    11.8360   999.5399      2.554      1.761 0.0000e+00
      1.800      0.020   344.1483    10.7862     98.924 6.5526e+01     15.581     30.944  22.805845     8.7387     2.4701    11.8423   999.5393      2.560      1.765 0.0000e+00
      1.808      0.022   344.2998    10.7486     98.846 6.5048e+01     15.583     31.023  22.861654     8.7261     2.6966    11.8588   999.5374      2.572      1.773 0.0000e+00
      1.820      0.023   344.4890    10.7315     98.689 6.4352e+01     15.582     30.940  22.805845     8.7681     2.6513    11.8684   999.5364      2.589      1.785 0.0000e+00
      1.828      0.022   344.3376    10.7044     98.636 6.4477e+01     15.582     30.938  22.805844     8.7261     2.6211    11.8663   999.5367      2.599      1.792 0.0000e+00
      1.830      0.020   344.5648    10.6974     98.795 6.4007e+01     15.582     31.019  22.861653     8.5960     2.5758    11.8469   999.5388      2.602      1.794 0.0000e+00
      1.834      0.016   344.6026    10.6896     98.992 6.3966e+01     15.580     31.019  22.861653     8.5876     2.6060    11.8440   999.5392      2.609      1.799 0.0000e+00
      1.836      0.012   344.6026    10.6706     99.326 6.4090e+01     15.581     31.016  22.861653     8.6002     2.6966    11.8524   999.5383      2.611      1.800 0.0000e+00
      1.838      0.011   344.4512    10.6643     99.481 6.3622e+01     15.582     31.020  22.861653     8.6254     2.6362    11.8548   999.5380      2.614      1.802 0.0000e+00
      1.843      0.011   344.5269    10.6831     99.453 6.3527e+01     15.584     30.943  22.805845     8.9233     2.6211    11.8482   999.5388      2.621      1.807 0.0000e+00
      1.845      0.010   344.6783    10.7043     99.661 6.3499e+01     15.583     30.943  22.805845     8.9149     2.4701    11.8486   999.5388      2.624      1.809 0.0000e+00
      1.847      0.009   344.7162    10.7397     99.714 6.3172e+01     15.581     31.029  22.861654     8.9359     2.6664    11.8514   999.5385      2.626      1.811 0.0000e+00
      1.850      0.007   344.9055    10.7575     99.800 6.3186e+01     15.582     31.118  22.917464     8.9401     2.6513    11.8472   999.5389      2.632      1.815 0.0000e+00
      1.851      0.007   344.7919    10.7540     99.885 6.3145e+01     15.584     31.058  22.861657     8.9023     2.5607    11.8491   999.5387      2.633      1.815 0.0000e+00
      1.852      0.007   344.9812    10.7768     99.644 6.3063e+01     15.584     31.060  22.861657     8.8436     2.4398    11.8483   999.5388      2.634      1.816 0.0000e+00
      1.852      0.008   345.0948    10.7854     99.603 6.3091e+01     15.583     30.979  22.805848     8.8856     2.5758    11.8361   999.5402      2.634      1.816 0.0000e+00
      1.854      0.009   344.9812    10.7986     99.484 6.2766e+01     15.585     30.969  22.805847     8.8940     2.6966    11.8204   999.5420      2.638      1.819 0.0000e+00
      1.858      0.011   345.0948    10.8123     99.298 6.2510e+01     15.581     30.961  22.805847     8.8981     2.6211    11.8022   999.5440      2.643      1.822 0.0000e+00
      1.862      0.011   345.1705    10.7869     99.289 6.2402e+01     15.581     30.953  22.805846     8.9149     2.6513    11.7993   999.5444      2.648      1.826 0.0000e+00
      1.865      0.010   344.9433    10.7810     99.302 6.2228e+01     15.583     31.032  22.861654     8.9191     2.6815    11.8055   999.5437      2.653      1.829 0.0000e+00
      1.869      0.008   345.2083    10.7651     99.176 6.2147e+01     15.582     31.120  22.917464     8.9149     2.5003    11.8177   999.5423      2.658      1.833 0.0000e+00
      1.870      0.006   345.3598    10.7425     99.213 6.2188e+01     15.585     31.055  22.861656     8.9317     2.6362    11.8276   999.5412      2.660      1.834 0.0000e+00
      1.870      0.004   345.5490    10.7394     99.185 6.2000e+01     15.584     30.992  22.805849     8.9401     2.6664    11.8365   999.5402      2.660      1.834 0.0000e+00
      1.871      0.002   345.7005    10.7417     99.386 6.2147e+01     15.583     31.087  22.861659     8.9191     2.6060    11.8326   999.5407      2.661      1.835 0.0000e+00
      1.872      0.001   345.5869    10.7315     99.726 6.2041e+01     15.584     31.112  22.861661     8.9233     2.7269    11.8188   999.5422      2.662      1.836 0.0000e+00
      1.871      0.001   345.3219    10.7388     99.764 6.2081e+01     15.586     31.141  22.861664     8.9359     2.6664    11.8052   999.5437      2.662      1.835 0.0000e+00
      1.872      0.002   345.6626    10.7396     99.897 6.2107e+01     15.587     31.086  22.805858     9.1835     2.8930    11.7897   999.5454      2.663      1.836 0.0000e+00
      1.871      0.003   345.7383    10.7667     99.747 6.2054e+01     15.589     31.169  22.861666     9.2213     2.8024    11.7681   999.5479      2.662      1.835 0.0000e+00
      1.872      0.005   345.5869    10.8109     99.813 6.2041e+01     15.587     31.154  22.861665     9.2087     2.8326    11.7380   999.5512      2.662      1.836 0.0000e+00
      1.873      0.006   345.8519    10.8235     99.972 6.1907e+01     15.585     31.044  22.805854     9.2213     2.9232    11.7039   999.5550      2.664      1.837 0.0000e+00
      1.875      0.007   345.7383    10.8442     99.989 6.1761e+01     15.582     31.022  22.805852     8.9401     3.0592    11.6787   999.5578      2.667      1.839 0.0000e+00
      1.880      0.008   346.0033    10.8297     99.789 6.1456e+01     15.584     31.019  22.805852     8.9233     2.8326    11.6711   999.5586      2.674      1.843 0.0000e+00
      1.883      0.009   345.7762    10.8328     99.687 6.1456e+01     15.583     31.091  22.861660     8.9359     2.7873    11.6881   999.5568      2.678      1.846 0.0000e+00
      1.883      0.009   346.0033    10.8400     99.590 6.1390e+01     15.583     31.081  22.861659     8.9401     2.8779    11.7281   999.5523      2.678      1.847 0.0000e+00
      1.884      0.008   345.8519    10.8353     99.625 6.1390e+01     15.584     30.995  22.805850     8.9443     2.7722    11.7545   999.5494      2.680      1.848 0.0000e+00
      1.887      0.009   345.8898    10.8127     99.768 6.0995e+01     15.582     30.995  22.805850     8.8394     3.0894    11.7587   999.5490      2.684      1.851 0.0000e+00
      1.890      0.010   345.9276    10.8006     99.679 6.1179e+01     15.583     30.985  22.805849     8.7681     2.9988    11.7626   999.5486      2.689      1.854 0.0000e+00
      1.890      0.011   345.8519    10.7871     99.669 6.1060e+01     15.585     30.980  22.805848     8.8184     3.0139    11.7750   999.5472      2.689      1.854 0.0000e+00
      1.895      0.010   346.0790    10.7880     99.531 6.0472e+01     15.582     30.977  22.805848     8.8058     3.0743    11.7866   999.5459      2.695      1.858 0.0000e+00
      1.900      0.009   346.2305    10.8033     99.583 6.0550e+01     15.584     30.980  22.805848     8.9569     3.0290    11.7873   999.5459      2.703      1.864 0.0000e+00
      1.902      0.009   345.8519    10.7909     99.715 6.0485e+01     15.585     30.996  22.805850     8.9401     2.9686    11.7988   999.5446      2.706      1.865 0.0000e+00
      1.902      0.010   346.0412    10.7882     99.802 6.0459e+01     15.585     30.924  22.750042     8.9317     3.0290    11.8050   999.5439      2.706      1.865 0.0000e+00
      1.902      0.012   346.1169    10.7725     99.965 6.0433e+01     15.582     30.997  22.805850     8.9065     3.0290    11.8082   999.5435      2.706      1.865 0.0000e+00
      1.904      0.013   346.3819    10.7790    100.042 6.0161e+01     15.586     30.948  22.750044     9.2968     3.0441    11.8047   999.5439      2.708      1.867 0.0000e+00
      1.909      0.015   346.1169    10.7980    100.192 5.9864e+01     15.584     30.975  22.750046     9.2758     3.0441    11.7856   999.5461      2.716      1.872 0.0000e+00
      1.917      0.017   346.2305    10.8085    100.260 5.9453e+01     15.585     30.987  22.750047     9.2590     3.0290    11.7810   999.5466      2.726      1.880 0.0000e+00
      1.923      0.022   346.2305    10.8253    100.274 5.9185e+01     15.584     31.042  22.805854     9.2758     3.0894    11.7844   999.5463      2.735      1.885 0.0000e+00
      1.927      0.026   346.1926    10.8417    100.355 5.9057e+01     15.586     30.974  22.750046     9.3639     3.3160    11.7523   999.5498      2.741      1.890 0.0000e+00
      1.929      0.028   346.5712    10.8657    100.346 5.9146e+01     15.590     31.036  22.750052     9.3346     3.2103    11.7209   999.5533      2.743      1.891 0.0000e+00
      1.932      0.027   346.0790    10.8767    100.424 5.8577e+01     15.591     31.088  22.750056     9.3471     3.1801    11.7064   999.5550      2.749      1.895 0.0000e+00
      1.951      0.027   346.4198    10.8720    100.170 5.7354e+01     15.590     31.024  22.694249     9.3010     3.2707    11.7312   999.5523      2.774      1.913 0.0000e+00
      1.964      0.027   346.6469    10.8833    100.013 5.7515e+01     15.590     31.098  22.750057     9.7458     3.3009    11.7212   999.5535      2.793      1.926 0.0000e+00
      1.964      0.025   346.6090    10.9005    100.017 5.7441e+01     15.592     31.189  22.805867     9.7290     3.1952    11.6481   999.5615      2.794      1.926 0.0000e+00
      1.966      0.020   346.6090    10.9244    100.054 5.7268e+01     15.590     31.043  22.694251     9.7374     3.2103    11.5865   999.5683      2.797      1.928 0.0000e+00
      1.971      0.015   346.6848    10.9003    100.055 5.6838e+01     15.591     31.037  22.694251     9.7206     3.2556    11.5723   999.5698      2.803      1.933 0.0000e+00
      1.977      0.013   346.7226    10.8825    100.056 5.6753e+01     15.592     31.118  22.750059     9.7584     3.3613    11.5755   999.5695      2.812      1.939 0.0000e+00
      1.979      0.016   346.7605    10.8873    100.100 5.6753e+01     15.592     31.128  22.750060     9.8381     2.9081    11.5575   999.5715      2.814      1.940 0.0000e+00
      1.981      0.021   346.7983    10.8932    100.223 5.6448e+01     15.589     31.060  22.694253     9.8255     3.1045    11.5500   999.5723      2.817      1.943 0.0000e+00
      1.986      0.023   346.7226    10.8914    100.413 5.6400e+01     15.593     31.175  22.750064     9.7836     3.0592    11.5576   999.5715      2.825      1.948 0.0000e+00
      1.988      0.024   346.7983    10.8930    100.285 5.6037e+01     15.594     31.148  22.694260     9.7961     3.0290    11.5521   999.5721      2.828      1.950 0.0000e+00
      2.002      0.023   346.8362    10.9008    100.063 5.4808e+01     15.593     31.177  22.694263     9.6325     2.8930    11.5395   999.5735      2.848      1.963 0.0000e+00
      2.017      0.021   346.8362    10.9165     99.714 5.5080e+01     15.596     31.161  22.694261     9.5947     2.8024    11.5307   999.5745      2.869      1.978 0.0000e+00
      2.017      0.017   347.0633    10.9485     99.709 5.4844e+01     15.593     31.209  22.750067     9.5863     2.8024    11.4855   999.5794      2.869      1.978 0.0000e+00
      2.017      0.015   346.7226    10.9492     99.912 5.5033e+01     15.592     31.042  22.638450     9.5905     2.9081    11.4274   999.5857      2.869      1.978 0.0000e+00
      2.018      0.011   346.8362    10.9335    100.158 5.4856e+01     15.593     31.119  22.694258     9.2422     2.6966    11.3930   999.5893      2.870      1.979 0.0000e+00
      2.019      0.009   346.7226    10.8907    100.316 5.4832e+01     15.596     31.144  22.694260     9.2087     2.6513    11.4122   999.5873      2.872      1.980 0.0000e+00
      2.022      0.010   347.1391    10.8817    100.244 5.4585e+01     15.595     31.078  22.638453     9.1877     2.5003    11.4457   999.5837      2.876      1.983 0.0000e+00
      2.028      0.010   347.0633    10.8999    100.167 5.4163e+01     15.596     31.160  22.694261     9.2213     2.6060    11.4616   999.5820      2.885      1.989 0.0000e+00
      2.033      0.010   347.0633    10.9269    100.059 5.4292e+01     15.594     31.171  22.694262     9.4688     2.7420    11.4612   999.5821      2.892      1.994 0.0000e+00
      2.033      0.010   347.0633    10.9514    100.262 5.4163e+01     15.595     31.186  22.694264     9.4562     2.6664    11.4320   999.5852      2.892      1.994 0.0000e+00
      2.034      0.010   347.1769    10.9468    100.238 5.4233e+01     15.595     31.202  22.694265     9.4604     2.5758    11.4188   999.5866      2.894      1.995 0.0000e+00
      2.035      0.012   347.2148    10.9400    100.313 5.4129e+01     15.597     31.137  22.638458     9.4353     2.5305    11.4125   999.5873      2.894      1.995 0.0000e+00
      2.037      0.014   347.2526    10.9313    100.367 5.3850e+01     15.598     31.158  22.638460     9.4646     2.5758    11.4005   999.5886      2.898      1.998 0.0000e+00
      2.041      0.016   347.3283    10.9578    100.231 5.3850e+01     15.599     31.179  22.638462     9.2842     2.6211    11.3830   999.5905      2.903      2.002 0.0000e+00
      2.048      0.017   347.3283    10.9600    100.319 5.3113e+01     15.598     31.268  22.694271     9.3094     2.7269    11.3642   999.5925      2.913      2.008 0.0000e+00
      2.058      0.017   347.2905    10.9717    100.260 5.3010e+01     15.598     31.189  22.638463     9.2800     2.6211    11.3499   999.5941      2.927      2.018 0.0000e+00
      2.061      0.017   347.6691    10.9837    100.067 5.3033e+01     15.598     31.180  22.638462     9.2548     2.6060    11.3259   999.5966      2.931      2.021 0.0000e+00
      2.061      0.018   347.5555    10.9752    100.016 5.2862e+01     15.597     31.163  22.638460     9.2800     2.5456    11.3010   999.5992      2.932      2.021 0.0000e+00
      2.064      0.017   347.4041    10.9882    100.079 5.2749e+01     15.596     31.138  22.638458     9.2548     2.5909    11.2876   999.6007      2.935      2.024 0.0000e+00
      2.066      0.016   347.2148    10.9813    100.157 5.2500e+01     15.595     31.132  22.638458     9.2842     2.6211    11.2894   999.6005      2.939      2.027 0.0000e+00
      2.076      0.015   347.5176    10.9575    100.325 5.1793e+01     15.597     31.147  22.638459     9.3010     2.5758    11.3000   999.5994      2.953      2.036 0.0000e+00
      2.084      0.013   347.7069    10.9468    100.503 5.2016e+01     15.599     31.170  22.638461     9.5360     2.7118    11.3202   999.5973      2.964      2.044 0.0000e+00
      2.085      0.010   347.4041    10.9464    100.714 5.1826e+01     15.600     31.199  22.638463     9.5444     2.5758    11.3490   999.5943      2.965      2.044 0.0000e+00
      2.085      0.007   347.3662    10.9531    100.530 5.1848e+01     15.600     31.221  22.638465     9.5444     2.5003    11.3562   999.5935      2.965      2.045 0.0000e+00
      2.085      0.003   347.6312    10.9760    100.454 5.1815e+01     15.600     31.233  22.638466     9.5108     2.6966    11.3387   999.5954      2.965      2.044 0.0000e+00
      2.085      0.002   347.7069    11.0021    100.282 5.1860e+01     15.601     31.237  22.638467     9.3513     2.6362    11.3120   999.5982      2.965      2.045 0.0000e+00
      2.085      0.004   347.5176    11.0338    100.093 5.1848e+01     15.599     31.312  22.694274     9.3891     2.6211    11.2783   999.6017      2.966      2.045 0.0000e+00
      2.086      0.006   347.2526    11.0202    100.114 5.1848e+01     15.601     31.222  22.638465     9.3723     2.6815    11.2523   999.6045      2.966      2.045 0.0000e+00
      2.086      0.008   347.7069    11.0155    100.062 5.1692e+01     15.599     31.203  22.638464     9.3471     2.4701    11.2383   999.6059      2.967      2.046 0.0000e+00
