Data/DataNotYetUploadedToEDI/Raw_CTD/RawDownloads/033125_fcr50_S7809001.cnv
* Sea-Bird SBE19plus  Data File:
* FileName = C:\R\Reservoirs\Data\DataNotYetUploadedToEDI\Raw_CTD\RawDownloads\033125_fcr50_S7809_0001.hex
* Software version 2.8.0.119
* Temperature SN = 7809
* Conductivity SN = 7809
* System UpLoad Time = Apr 14 2025 16:44:55
* <ApplicationData>
* <Seaterm232>
# nquan = 15
# nvalues = 1593                        
# units = specified
# name 0 = depFM: Depth [fresh water, m]
# name 1 = dz/dtM: Descent Rate [m/s]
# name 2 = sbeox0Mg/L: Oxygen, SBE 43 [mg/l]
# name 3 = sbeox0PS: Oxygen, SBE 43 [% saturation]
# name 4 = specc: Specific Conductance [uS/cm]
# name 5 = c0uS/cm: Conductivity [uS/cm]
# name 6 = flECO-AFL: Fluorescence, WET Labs ECO-AFL/FL [mg/m^3]
# name 7 = ph: pH
# name 8 = orp: Oxidation Reduction Potential [mV]
# name 9 = par/sat/log: PAR/Logarithmic, Satlantic
# name 10 = turbWETntu0: Turbidity, WET Labs ECO [NTU]
# name 11 = prdM: Pressure, Strain Gauge [db]
# name 12 = prdE: Pressure, Strain Gauge [psi]
# name 13 = tv290C: Temperature [ITS-90, deg C]
# name 14 = flag:  0.000e+00
# span 0 =     -0.737,      9.559       
# span 1 =     -0.217,      0.141       
# span 2 =     2.9557,    13.3212       
# span 3 =     25.099,    112.552       
# span 4 =      4.733,    107.487       
# span 5 =   3.167680,  71.367307       
# span 6 =    -1.5271,     3.7401       
# span 7 =     -2.111,      7.903       
# span 8 =  -251.9728,  1235.3090       
# span 9 = 1.2360e-01, 2.3369e+03       
# span 10 =    -0.4312,   109.9483      
# span 11 =     -0.723,      9.376      
# span 12 =     -1.049,     13.599      
# span 13 =     7.9632,    23.9067      
# span 14 = 0.0000e+00, 0.0000e+00      
# interval = seconds: 0.25
# start_time = Mar 31 2025 12:29:35 [Instrument's time stamp, header]
# bad_flag = -9.990e-29
*END*
[from data line 868]
      2.236      0.080    10.5181     93.620     30.855  21.869184     2.5438      7.894   286.4605 9.4310e+01     3.8353      2.194      3.182    10.4985 0.0000e+00
      2.253      0.082    10.5081     93.438     30.854  21.865173     2.4742      7.896   286.6216 9.3266e+01     3.8385      2.209      3.205    10.4799 0.0000e+00
      2.272      0.085    10.4908     93.260     30.814  21.833509     2.3626      7.896   286.7588 9.1365e+01     3.8598      2.226      3.229    10.4601 0.0000e+00
      2.294      0.089    10.4775     93.050     30.777  21.803368     2.2927      7.896   286.9152 8.9406e+01     3.8193      2.248      3.260    10.4437 0.0000e+00
      2.320      0.094    10.4605     92.796     30.807  21.817778     2.2622      7.896   286.9636 8.7281e+01     3.7583      2.276      3.299    10.4339 0.0000e+00
      2.346      0.098    10.4388     92.559     30.823  21.817503     2.2024      7.896   286.9996 8.4861e+01     3.7703      2.302      3.338    10.4304 0.0000e+00
      2.371      0.099    10.4228     92.354     30.821  21.800032     2.1356      7.896   287.0931 8.3061e+01     3.8624      2.325      3.372    10.4253 0.0000e+00
      2.397      0.099    10.4033     92.136     30.838  21.796744     2.1121      7.897   287.2336 8.1612e+01     3.8817      2.349      3.407    10.4184 0.0000e+00
      2.423      0.099    10.3709     91.926     30.826  21.777737     2.1005      7.898   287.4080 7.9612e+01     3.7989      2.376      3.448    10.4126 0.0000e+00
      2.448      0.099    10.3488     91.745     30.809  21.760432     2.0708      7.899   287.5665 7.7525e+01     3.7832      2.402      3.484    10.3924 0.0000e+00
      2.471      0.100    10.3379     91.561     30.836  21.777722     2.0358      7.899   287.6874 7.5969e+01     3.8631      2.423      3.515    10.3615 0.0000e+00
      2.495      0.103    10.3172     91.376     30.865  21.796573     2.0022      7.899   287.8370 7.4506e+01     3.8771      2.446      3.547    10.3354 0.0000e+00
      2.521      0.106    10.2956     91.175     30.871  21.798132     1.9715      7.899   287.9994 7.2829e+01     3.7814      2.472      3.585    10.3181 0.0000e+00
      2.550      0.109    10.2816     90.933     30.877  21.796559     1.9726      7.899   288.1009 7.1657e+01     3.6626      2.499      3.625    10.3107 0.0000e+00
      2.580      0.111    10.2590     90.698     30.861  21.777552     2.0156      7.900   288.2039 7.0720e+01     3.6017      2.529      3.668    10.3088 0.0000e+00
      2.610      0.112    10.2396     90.495     30.843  21.758532     2.0510      7.901   288.2979 6.9465e+01     3.6258      2.560      3.714    10.3071 0.0000e+00
      2.639      0.112    10.2206     90.294     30.844  21.756807     2.0426      7.901   288.4639 6.8408e+01     3.6126      2.589      3.755    10.3039 0.0000e+00
      2.666      0.113    10.1920     90.119     30.844  21.756692     1.9888      7.900   288.7487 6.7005e+01     3.6471      2.615      3.793    10.2952 0.0000e+00
      2.693      0.113    10.1673     90.013     30.847  21.757146     1.9251      7.900   288.9882 6.4640e+01     3.8038      2.641      3.829    10.2795 0.0000e+00
      2.722      0.112    10.1511     89.933     30.858  21.762289     1.8968      7.900   288.9499 6.1697e+01     3.8668      2.667      3.868    10.2680 0.0000e+00
      2.752      0.112    10.1276     89.866     30.853  21.755466     1.8958      7.900   288.7168 5.7851e+01     3.8286      2.698      3.914    10.2660 0.0000e+00
      2.783      0.111    10.1030     89.825     30.834  21.738061     1.8882      7.900   288.6639 5.3420e+01     3.7853      2.731      3.961    10.2665 0.0000e+00
      2.812      0.108    10.0971     89.773     30.847  21.742054     1.8722      7.900   288.7413 5.0575e+01     3.7201      2.758      4.000    10.2648 0.0000e+00
      2.837      0.103    10.0884     89.704     30.852  21.740329     1.8679      7.900   288.7921 5.0158e+01     3.6547      2.782      4.034    10.2610 0.0000e+00
      2.862      0.097    10.0801     89.650     30.827  21.717205     1.8610      7.901   288.9332 5.1192e+01     3.6101      2.808      4.072    10.2554 0.0000e+00
      2.887      0.092    10.0804     89.592     30.834  21.716100     1.8471      7.901   289.1574 5.2613e+01     3.5566      2.833      4.109    10.2481 0.0000e+00
      2.909      0.088    10.0774     89.510     30.862  21.726952     1.8587      7.901   289.3516 5.3414e+01     3.6225      2.853      4.138    10.2388 0.0000e+00
      2.930      0.085    10.0685     89.412     30.869  21.721590     1.8844      7.902   289.1302 5.3400e+01     3.8258      2.873      4.166    10.2300 0.0000e+00
      2.951      0.084    10.0657     89.261     30.872  21.714663     1.8919      7.903   288.4600 5.3030e+01     3.9313      2.895      4.198    10.2227 0.0000e+00
      2.972      0.085    10.0643     89.071     30.870  21.706602     1.8741      7.903   288.1313 5.2589e+01     3.9071      2.915      4.229    10.2132 0.0000e+00
      2.992      0.090    10.0539     88.888     30.851  21.687519     1.8196      7.902   288.3387 5.2181e+01     3.8752      2.934      4.255    10.1990 0.0000e+00
      3.012      0.097    10.0529     88.693     30.843  21.674157     1.7483      7.901   288.8166 5.1690e+01     3.8866      2.952      4.283    10.1806 0.0000e+00
      3.036      0.107    10.0379     88.475     30.857  21.671842     1.7032      7.901   289.2638 5.1025e+01     3.8742      2.975      4.315    10.1646 0.0000e+00
      3.065      0.117    10.0144     88.250     30.862  21.659520     1.6734      7.902   289.3583 5.0281e+01     3.7935      3.005      4.358    10.1549 0.0000e+00
      3.099      0.126     9.9994     88.044     30.879  21.651965     1.5889      7.902   289.1839 4.9584e+01     3.7307      3.039      4.408    10.1484 0.0000e+00
      3.135      0.131     9.9792     87.834     30.900  21.643887     1.4633      7.902   288.9619 4.8903e+01     3.7644      3.074      4.458    10.1361 0.0000e+00
      3.172      0.133     9.9600     87.556     30.905  21.625234     1.4115      7.902   288.9115 4.8158e+01     3.8588      3.110      4.510    10.1159 0.0000e+00
      3.208      0.131     9.9377     87.216     30.922  21.616634     1.4119      7.902   289.0048 4.7418e+01     3.8809      3.148      4.566    10.0915 0.0000e+00
      3.241      0.128     9.9231     86.838     30.931  21.603288     1.4014      7.901   289.0571 4.6723e+01     3.8276      3.180      4.614    10.0587 0.0000e+00
      3.271      0.123     9.9131     86.389     30.936  21.590654     1.4184      7.901   289.0279 4.5972e+01     3.8295      3.207      4.651    10.0201 0.0000e+00
      3.301      0.118     9.8888     85.865     30.954  21.590683     1.4582      7.902   288.9959 4.5063e+01     3.8692      3.237      4.694     9.9833 0.0000e+00
      3.331      0.112     9.8558     85.318     30.984  21.603623     1.4671      7.902   289.0147 4.4176e+01     3.8294      3.267      4.739     9.9498 0.0000e+00
      3.361      0.106     9.8238     84.771     31.016  21.620288     1.4424      7.901   289.3404 4.3341e+01     3.7581      3.297      4.781     9.9188 0.0000e+00
      3.388      0.101     9.7794     84.204     30.998  21.601947     1.4097      7.901   289.8378 4.2466e+01     3.7935      3.324      4.821     9.8914 0.0000e+00
      3.413      0.097     9.7214     83.646     30.963  21.572078     1.3952      7.901   289.9521 4.1669e+01     3.8812      3.349      4.857     9.8713 0.0000e+00
      3.435      0.095     9.6607     83.160     30.977  21.576176     1.4008      7.901   289.9480 4.0979e+01     3.8618      3.370      4.887     9.8592 0.0000e+00
      3.456      0.094     9.6032     82.749     31.003  21.588082     1.3941      7.900   289.8746 4.0320e+01     3.7638      3.388      4.913     9.8519 0.0000e+00
      3.478      0.095     9.5399     82.432     31.014  21.589216     1.3733      7.900   289.6663 3.9631e+01     3.7555      3.409      4.945     9.8435 0.0000e+00
      3.503      0.098     9.4734     82.213     31.022  21.589877     1.3574      7.899   289.8379 3.8926e+01     3.8650      3.435      4.983     9.8320 0.0000e+00
      3.529      0.103     9.4238     82.046     31.039  21.596070     1.3600      7.899   290.7458 3.8226e+01     3.9255      3.461      5.020     9.8241 0.0000e+00
      3.557      0.108     9.3765     81.930     31.066  21.600684     1.3541      7.900   292.1249 3.7588e+01     3.8379      3.488      5.059     9.8153 0.0000e+00
      3.585      0.113     9.3428     81.875     31.076  21.582242     1.3279      7.900   292.7467 3.7031e+01     3.7276      3.515      5.099     9.8014 0.0000e+00
      3.614      0.117     9.3234     81.832     31.091  21.563285     1.3259      7.899   292.4134 3.6466e+01     3.7538      3.544      5.139     9.7939 0.0000e+00
      3.645      0.121     9.3044     81.787     31.129  21.561658     1.3467      7.897   292.1392 3.5897e+01     3.8477      3.574      5.184     9.7930 0.0000e+00
      3.677      0.123     9.2932     81.739     31.167  21.562547     1.3465      7.896   292.0981 3.5351e+01     3.8371      3.605      5.229     9.7722 0.0000e+00
      3.710      0.124     9.3023     81.644     31.218  21.574012     1.3319      7.895   291.8307 3.4739e+01     3.7969      3.638      5.276     9.7234 0.0000e+00
      3.743      0.124     9.3087     81.508     31.248  21.573432     1.3444      7.895   291.4008 3.4030e+01     3.8403      3.670      5.324     9.6735 0.0000e+00
      3.774      0.124     9.3100     81.331     31.253  21.555513     1.3644      7.895   291.8905 3.3247e+01     3.8833      3.702      5.368     9.6301 0.0000e+00
      3.804      0.124     9.3205     81.108     31.273  21.547560     1.3575      7.894   293.1911 3.2389e+01     3.8733      3.730      5.410     9.5884 0.0000e+00
      3.835      0.124     9.3140     80.868     31.294  21.540654     1.3355      7.893   293.8770 3.1468e+01     3.8210      3.760      5.452     9.5500 0.0000e+00
      3.866      0.124     9.3073     80.630     31.313  21.535398     1.2994      7.893   293.9885 3.0539e+01     3.7975      3.792      5.499     9.5166 0.0000e+00
      3.898      0.122     9.2952     80.411     31.353  21.547399     1.2616      7.892   294.0239 2.9853e+01     3.8627      3.822      5.544     9.4848 0.0000e+00
      3.932      0.118     9.2749     80.211     31.390  21.558929     1.2374      7.892   293.7879 2.9676e+01     3.8921      3.855      5.591     9.4483 0.0000e+00
      3.965      0.112     9.2560     80.007     31.392  21.547970     1.2149      7.892   293.3721 2.9833e+01     3.8112      3.891      5.643     9.4120 0.0000e+00
      3.994      0.104     9.2332     79.801     31.399  21.541691     1.2138      7.892   293.2996 2.9830e+01     3.7391      3.920      5.684     9.3830 0.0000e+00
      4.017      0.098     9.2142     79.641     31.421  21.546417     1.2484      7.892   293.7706 2.9547e+01     3.7712      3.940      5.715     9.3597 0.0000e+00
      4.038      0.093     9.1965     79.546     31.430  21.541694     1.2834      7.891   294.4215 2.9223e+01     3.8573      3.960      5.744     9.3373 0.0000e+00
      4.058      0.090     9.1796     79.531     31.455  21.547985     1.2876      7.889   294.8015 2.8907e+01     3.8586      3.979      5.771     9.3172 0.0000e+00
      4.079      0.090     9.1538     79.562     31.487  21.559059     1.2654      7.889   294.8383 2.8512e+01     3.8204      3.998      5.800     9.3005 0.0000e+00
      4.103      0.090     9.1413     79.579     31.485  21.548752     1.2408      7.888   294.7799 2.8052e+01     3.8740      4.022      5.835     9.2846 0.0000e+00
      4.130      0.089     9.1322     79.606     31.502  21.550172     1.2311      7.888   294.7849 2.7616e+01     3.8919      4.052      5.876     9.2680 0.0000e+00
      4.155      0.086     9.1339     79.625     31.558  21.576222     1.2228      7.888   294.8124 2.7271e+01     3.7975      4.077      5.914     9.2495 0.0000e+00
      4.175      0.084     9.1500     79.625     31.623  21.610087     1.1910      7.888   294.4240 2.6979e+01     3.7240      4.095      5.940     9.2312 0.0000e+00
      4.194      0.083     9.1466     79.632     31.693  21.642578     1.1622      7.887   293.8745 2.6684e+01     3.7538      4.112      5.965     9.2188 0.0000e+00
      4.212      0.083     9.1573     79.618     31.752  21.652012     1.1660      7.886   293.9329 2.6387e+01     3.8505      4.131      5.992     9.2066 0.0000e+00
      4.232      0.085     9.1652     79.556     31.830  21.660717     1.1622      7.886   294.2690 2.6085e+01     3.8683      4.148      6.017     9.1811 0.0000e+00
      4.254      0.090     9.1656     79.486     31.933  21.684371     1.1418      7.884   294.6696 2.5720e+01     3.7988      4.169      6.046     9.1647 0.0000e+00
      4.280      0.095     9.1715     79.485     31.999  21.684340     1.1441      7.883   295.1630 2.5283e+01     3.7955      4.197      6.086     9.1543 0.0000e+00
      4.307      0.099     9.1834     79.652     32.025  21.660287     1.1642      7.882   295.3299 2.4902e+01     3.8294      4.225      6.127     9.1008 0.0000e+00
      4.332      0.100     9.1917     80.080     32.055  21.647142     1.1678      7.881   295.2252 2.4606e+01     3.7989      4.249      6.161     9.0212 0.0000e+00
      4.357      0.099     9.1959     80.816     32.096  21.652187     1.1470      7.881   294.5850 2.4293e+01     3.7329      4.272      6.196     8.9494 0.0000e+00
      4.384      0.096     9.2077     81.881     32.129  21.657849     1.1044      7.881   293.5260 2.3945e+01     3.8173      4.299      6.236     8.8805 0.0000e+00
      4.409      0.094     9.2364     83.219     32.142  21.652179     1.0607      7.880   293.2623 2.3643e+01     4.0681      4.326      6.274     8.8115 0.0000e+00
      4.431      0.093     9.2990     84.704     32.154  21.647026     1.0507      7.878   293.8053 2.3398e+01     4.1695      4.345      6.301     8.7562 0.0000e+00
      4.452      0.093     9.3885     86.176     32.186  21.658934     1.0500      7.877   294.3263 2.3138e+01     4.0867      4.364      6.329     8.7246 0.0000e+00
      4.476      0.092     9.5212     87.474     32.211  21.669330     1.0600      7.876   294.5718 2.2851e+01     4.0572      4.390      6.367     8.7019 0.0000e+00
      4.501      0.092     9.6872     88.511     32.186  21.645907     1.0972      7.876   294.5373 2.2576e+01     4.1197      4.414      6.402     8.6792 0.0000e+00
      4.526      0.092     9.8718     89.291     32.175  21.629350     1.1177      7.875   294.1667 2.2323e+01     4.1596      4.437      6.437     8.6580 0.0000e+00
      4.550      0.091    10.0553     89.859     32.235  21.659345     1.1003      7.873   293.6189 2.2064e+01     4.0954      4.463      6.472     8.6403 0.0000e+00
      4.573      0.091    10.2120     90.230     32.300  21.691532     1.0446      7.872   293.4208 2.1799e+01     3.9930      4.485      6.504     8.6332 0.0000e+00
      4.594      0.091    10.3342     90.451     32.337  21.701474     0.9929      7.869   293.7498 2.1553e+01     4.0146      4.506      6.535     8.6263 0.0000e+00
      4.616      0.093    10.4256     90.607     32.387  21.716126     0.9904      7.867   294.1548 2.1317e+01     4.1166      4.527      6.565     8.6105 0.0000e+00
      4.638      0.096    10.4967     90.727     32.457  21.741850     0.9902      7.866   294.2741 2.1049e+01     4.1336      4.547      6.596     8.5952 0.0000e+00
      4.663      0.097    10.5428     90.797     32.512  21.758847     0.9735      7.865   294.3323 2.0713e+01     4.1521      4.570      6.629     8.5775 0.0000e+00
      4.691      0.097    10.5693     90.847     32.599  21.794808     0.9807      7.864   294.5139 2.0343e+01     4.2729      4.599      6.671     8.5544 0.0000e+00
