Data/DataNotYetUploadedToEDI/Raw_CTD/RawDownloads/033121_bvr_50.cnv
* Sea-Bird SBE19plus  Data File:
* FileName = C:\DATA\033121_bvr_50_0001.hex
* Software version 2.8.0.119
* Temperature SN = 7809
* Conductivity SN = 7809
* System UpLoad Time = Mar 31 2021 18:04:35
* <ApplicationData>
* <Seaterm232>
# nquan = 16
# nvalues = 1894                        
# units = specified
# name 0 = depFM: Depth [fresh water, m]
# name 1 = dz/dtM: Descent Rate [m/s]
# name 2 = orp: Oxidation Reduction Potential [mV]
# name 3 = sbeox0Mg/L: Oxygen, SBE 43 [mg/l]
# name 4 = sbeox0PS: Oxygen, SBE 43 [% saturation]
# name 5 = par/sat/log: PAR/Logarithmic, Satlantic
# name 6 = ph: pH
# name 7 = specc: Specific Conductance [uS/cm]
# name 8 = c0uS/cm: Conductivity [uS/cm]
# name 9 = flECO-AFL: Fluorescence, WET Labs ECO-AFL/FL [mg/m^3]
# name 10 = turbWETntu0: Turbidity, WET Labs ECO [NTU]
# name 11 = tv290C: Temperature [ITS-90, deg C]
# name 12 = density00: Density [density, kg/m^3]
# name 13 = prdE: Pressure, Strain Gauge [psi]
# name 14 = prdM: Pressure, Strain Gauge [db]
# name 15 = flag:  0.000e+00
# span 0 =     -0.748,      9.297       
# span 1 =     -0.354,      0.284       
# span 2 =   -62.1163,   441.5244       
# span 3 =     0.2322,    10.8389       
# span 4 =      2.028,     98.570       
# span 5 = 1.2349e-01, 6.7663e+01       
# span 6 =     15.414,     15.766       
# span 7 =      1.411,    161.706       
# span 8 =   1.224736, 101.777110       
# span 9 =    -1.0372,    11.5106       
# span 10 =    -0.3853,   270.9122      
# span 11 =     6.4193,    18.4218      
# span 12 =   998.5216,  1000.0275      
# span 13 =     -1.068,     13.225      
# span 14 =     -0.736,      9.118      
# span 15 = 0.0000e+00, 0.0000e+00      
# interval = seconds: 0.25
# start_time = Mar 30 2021 21:50:07 [Instrument's time stamp, header]
# bad_flag = -9.990e-29
*END*
[from data line 633]
      4.982      0.031   397.2003    10.4051     88.680 3.1087e-01     15.702     25.219  16.933817     9.6812     3.7136     8.6413   999.8433      7.083      4.884 0.0000e+00
      4.991      0.034   397.2413    10.3786     88.661 3.0877e-01     15.702     25.225  16.928454     9.6813     3.7222     8.6281   999.8443      7.097      4.894 0.0000e+00
      5.003      0.036   397.2655    10.3616     88.581 2.9735e-01     15.702     25.257  16.944497     9.6011     3.6806     8.6105   999.8456      7.117      4.907 0.0000e+00
      5.014      0.037   397.2350    10.3557     88.451 2.8756e-01     15.702     25.251  16.937580     9.4457     3.5200     8.5933   999.8469      7.132      4.918 0.0000e+00
      5.024      0.037   397.2171    10.3530     88.372 2.8663e-01     15.702     25.215  16.908220     9.3571     3.3944     8.5711   999.8484      7.147      4.928 0.0000e+00
      5.033      0.036   397.2201    10.3647     88.356 2.8090e-01     15.703     25.224  16.906496     9.3406     3.3979     8.5492   999.8498      7.159      4.936 0.0000e+00
      5.042      0.034   397.2712    10.3568     88.341 2.7339e-01     15.704     25.252  16.916729     9.3220     3.4591     8.5394   999.8507      7.171      4.944 0.0000e+00
      5.050      0.032   397.4055    10.3338     88.273 2.7606e-01     15.704     25.246  16.905136     9.2851     3.5508     8.5382   999.8508      7.183      4.953 0.0000e+00
      5.057      0.032   397.5531    10.3289     88.148 2.8933e-01     15.705     25.238  16.893121     9.2755     3.6484     8.5291   999.8514      7.193      4.960 0.0000e+00
      5.065      0.032   397.6790    10.3335     88.012 2.9452e-01     15.706     25.253  16.898256     9.2919     3.6775     8.5109   999.8527      7.204      4.967 0.0000e+00
      5.074      0.033   397.8098    10.3397     87.945 2.7779e-01     15.707     25.267  16.903811     9.3404     3.6625     8.4939   999.8538      7.219      4.977 0.0000e+00
      5.081      0.034   397.9299    10.3354     87.960 2.6810e-01     15.707     25.266  16.896886     9.4327     3.6730     8.4775   999.8549      7.228      4.983 0.0000e+00
      5.089      0.036   398.0126    10.3224     87.982 2.7747e-01     15.707     25.251  16.877918     9.4827     3.6679     8.4639   999.8559      7.238      4.990 0.0000e+00
      5.099      0.039   398.0348    10.3052     87.995 2.6634e-01     15.707     25.246  16.864668     9.4873     3.6691     8.4546   999.8566      7.253      5.001 0.0000e+00
      5.110      0.042   398.1132    10.2945     87.933 2.4049e-01     15.708     25.259  16.863465     9.4310     3.7566     8.4504   999.8569      7.268      5.011 0.0000e+00
      5.120      0.046   398.3579    10.3089     87.771 2.3889e-01     15.710     25.275  16.863360     9.2971     3.8668     8.4391   999.8577      7.282      5.021 0.0000e+00
      5.131      0.050   398.5845    10.3119     87.640 2.4755e-01     15.711     25.290  16.863394     9.2133     3.9025     8.4169   999.8593      7.297      5.032 0.0000e+00
      5.145      0.053   398.7016    10.3224     87.571 2.4610e-01     15.711     25.305  16.863861     9.2096     3.9135     8.3987   999.8605      7.318      5.046 0.0000e+00
      5.161      0.054   398.7414    10.3264     87.550 2.3745e-01     15.711     25.326  16.868996     9.2041     3.9315     8.3804   999.8618      7.340      5.061 0.0000e+00
      5.176      0.054   398.8077    10.2979     87.528 2.2816e-01     15.712     25.326  16.862079     9.0805     3.8117     8.3583   999.8633      7.364      5.077 0.0000e+00
      5.191      0.053   398.9863    10.2918     87.405 2.2474e-01     15.713     25.307  16.843621     8.8603     3.5978     8.3384   999.8648      7.386      5.092 0.0000e+00
      5.203      0.050   399.0942    10.2884     87.231 2.2340e-01     15.713     25.307  16.836011     8.7448     3.5081     8.3193   999.8661      7.400      5.103 0.0000e+00
      5.214      0.048   399.0804    10.2892     87.076 2.1817e-01     15.713     25.315  16.833465     8.7417     3.5162     8.2997   999.8673      7.416      5.113 0.0000e+00
      5.226      0.045   399.0773    10.3015     86.948 2.1735e-01     15.714     25.295  16.812827     8.6983     3.4910     8.2882   999.8681      7.434      5.125 0.0000e+00
      5.238      0.042   399.2291    10.2819     86.862 2.1522e-01     15.714     25.249  16.776668     8.5923     3.4427     8.2780   999.8688      7.450      5.137 0.0000e+00
      5.250      0.039   399.4529    10.2618     86.762 2.0814e-01     15.715     25.256  16.776678     8.5376     3.4471     8.2617   999.8700      7.467      5.148 0.0000e+00
      5.260      0.036   399.5460    10.2516     86.687 2.0832e-01     15.715     25.316  16.812934     8.5526     3.5096     8.2448   999.8711      7.483      5.159 0.0000e+00
      5.269      0.034   399.5804    10.2334     86.652 2.0960e-01     15.715     25.351  16.834640     8.5644     3.5471     8.2304   999.8721      7.496      5.169 0.0000e+00
      5.275      0.032   399.6111    10.2350     86.557 2.0608e-01     15.715     25.376  16.848916     8.5562     3.5218     8.2193   999.8728      7.503      5.173 0.0000e+00
      5.281      0.032   399.6595    10.2216     86.457 2.0010e-01     15.715     25.395  16.858742     8.5390     3.4784     8.2101   999.8734      7.509      5.178 0.0000e+00
      5.289      0.033   399.7354    10.2076     86.348 1.9825e-01     15.715     25.351  16.826637     8.5285     3.4688     8.2033   999.8739      7.522      5.186 0.0000e+00
      5.299      0.034   399.7540    10.2212     86.253 2.0199e-01     15.716     25.283  16.777740     8.4955     3.4738     8.2003   999.8741      7.537      5.196 0.0000e+00
      5.309      0.036   399.7121    10.1970     86.297 1.9900e-01     15.716     25.284  16.774725     8.4258     3.4363     8.1969   999.8743      7.552      5.207 0.0000e+00
      5.318      0.036   399.7457    10.1912     86.371 1.8636e-01     15.716     25.314  16.790183     8.3731     3.4286     8.1908   999.8748      7.565      5.216 0.0000e+00
      5.328      0.036   399.8158    10.1843     86.359 1.8546e-01     15.716     25.298  16.774441     8.3546     3.4839     8.1854   999.8752      7.577      5.224 0.0000e+00
      5.337      0.036   399.7857    10.1558     86.264 1.9335e-01     15.717     25.305  16.774581     8.3251     3.5214     8.1790   999.8756      7.594      5.235 0.0000e+00
      5.345      0.036   399.7253    10.1793     86.198 1.9219e-01     15.718     25.338  16.791871     8.2737     3.5037     8.1717   999.8761      7.603      5.241 0.0000e+00
      5.353      0.037   399.6879    10.1909     86.191 1.9290e-01     15.718     25.346  16.793287     8.2397     3.4412     8.1626   999.8767      7.613      5.249 0.0000e+00
      5.363      0.038   399.6776    10.1946     86.122 1.8692e-01     15.718     25.350  16.791701     8.2279     3.4187     8.1517   999.8774      7.629      5.260 0.0000e+00
      5.373      0.040   399.8584    10.1792     86.028 1.7215e-01     15.718     25.328  16.772695     8.2266     3.4716     8.1422   999.8781      7.642      5.269 0.0000e+00
      5.383      0.041   400.1533    10.1663     85.982 1.7184e-01     15.719     25.307  16.753677     8.1947     3.4964     8.1329   999.8787      7.655      5.278 0.0000e+00
      5.394      0.042   400.2321    10.1847     85.991 1.7624e-01     15.719     25.312  16.751953     8.1290     3.4441     8.1253   999.8792      7.671      5.289 0.0000e+00
      5.406      0.043   400.2950    10.1676     86.007 1.6953e-01     15.719     25.321  16.751848     8.1092     3.4226     8.1197   999.8796      7.691      5.303 0.0000e+00
      5.417      0.044   400.4832    10.1582     85.947 1.6275e-01     15.719     25.332  16.752397     8.1175     3.4776     8.1100   999.8803      7.706      5.313 0.0000e+00
      5.427      0.044   400.5291    10.1559     85.837 1.6132e-01     15.719     25.352  16.758579     8.0482     3.5251     8.0976   999.8811      7.717      5.320 0.0000e+00
      5.438      0.044   400.5055    10.1590     85.736 1.6146e-01     15.719     25.368  16.763190     7.9202     3.5169     8.0883   999.8817      7.735      5.333 0.0000e+00
      5.450      0.045   400.5426    10.1722     85.672 1.6556e-01     15.720     25.351  16.744747     7.8467     3.4473     8.0787   999.8824      7.754      5.346 0.0000e+00
      5.461      0.046   400.6335    10.1631     85.598 1.6556e-01     15.720     25.336  16.725780     7.8372     3.4033     8.0638   999.8833      7.768      5.356 0.0000e+00
      5.472      0.049   400.8291    10.1534     85.512 1.5593e-01     15.721     25.349  16.724048     7.8341     3.4320     8.0491   999.8843      7.783      5.366 0.0000e+00
      5.485      0.051   401.0158    10.1395     85.409 1.5174e-01     15.722     25.367  16.723802     7.8096     3.4514     8.0386   999.8850      7.801      5.379 0.0000e+00
      5.498      0.053   401.0845    10.1410     85.246 1.5499e-01     15.723     25.385  16.722783     7.7795     3.4652     8.0256   999.8859      7.821      5.392 0.0000e+00
      5.512      0.055   401.0572    10.1360     85.100 1.5115e-01     15.724     25.387  16.711723     7.7741     3.4956     8.0077   999.8870      7.840      5.405 0.0000e+00
      5.527      0.055   401.0294    10.1272     84.983 1.4200e-01     15.724     25.411  16.716868     7.7539     3.5101     7.9863   999.8884      7.862      5.421 0.0000e+00
      5.542      0.055   401.0934    10.1311     84.848 1.4164e-01     15.724     25.431  16.721576     7.6885     3.5033     7.9623   999.8899      7.885      5.436 0.0000e+00
      5.557      0.054   401.1422    10.1069     84.688 1.4747e-01     15.724     25.417  16.705239     7.6415     3.4831     7.9363   999.8915      7.905      5.451 0.0000e+00
      5.570      0.053   401.1897    10.0981     84.518 1.4907e-01     15.724     25.432  16.709525     7.6345     3.4711     7.9113   999.8930      7.923      5.463 0.0000e+00
      5.583      0.052   401.3232    10.0929     84.398 1.4538e-01     15.724     25.442  16.710001     7.6319     3.4610     7.8909   999.8943      7.942      5.475 0.0000e+00
      5.596      0.050   401.4652    10.0785     84.323 1.3821e-01     15.725     25.452  16.710991     7.6007     3.4303     7.8753   999.8953      7.961      5.488 0.0000e+00
      5.608      0.049   401.5302    10.0658     84.253 1.3773e-01     15.726     25.477  16.721479     7.5424     3.4082     7.8611   999.8962      7.977      5.499 0.0000e+00
      5.621      0.047   401.5063    10.0417     84.179 1.4268e-01     15.726     25.467  16.710003     7.5090     3.4339     7.8491   999.8970      7.996      5.513 0.0000e+00
      5.634      0.045   401.6068    10.0314     84.058 1.3839e-01     15.726     25.458  16.699028     7.5118     3.5017     7.8393   999.8976      8.013      5.526 0.0000e+00
      5.646      0.043   401.7991    10.0294     83.862 1.3231e-01     15.727     25.490  16.715584     7.5092     3.5412     7.8267   999.8984      8.029      5.536 0.0000e+00
      5.656      0.043   401.8521    10.0215     83.605 1.3236e-01     15.727     25.504  16.719979     7.4775     3.4991     7.8148   999.8991      8.045      5.547 0.0000e+00
      5.666      0.044   401.9032    10.0184     83.267 1.3083e-01     15.727     25.464  16.688761     7.4533     3.4395     7.8054   999.8997      8.059      5.556 0.0000e+00
      5.675      0.046   401.9868    10.0091     82.941 1.2757e-01     15.728     25.425  16.655123     7.4550     3.4388     7.7961   999.9003      8.072      5.565 0.0000e+00
      5.685      0.050   402.0023     9.9833     82.757 1.2567e-01     15.729     25.403  16.630250     7.4690     3.4904     7.7866   999.9009      8.083      5.574 0.0000e+00
      5.698      0.054   402.0911     9.9599     82.661 1.2838e-01     15.730     25.438  16.641612     7.4894     3.5479     7.7786   999.9013      8.103      5.587 0.0000e+00
      5.715      0.057   402.2868     9.9182     82.601 1.3157e-01     15.731     25.492  16.665695     7.5015     3.6186     7.7702   999.9019      8.129      5.605 0.0000e+00
      5.732      0.058   402.4748     9.8701     82.530 1.2794e-01     15.731     25.511  16.667834     7.5104     3.7272     7.7534   999.9030      8.153      5.621 0.0000e+00
      5.749      0.056   402.5580     9.8639     82.417 1.2415e-01     15.731     25.522  16.667452     7.4729     3.7631     7.7310   999.9043      8.178      5.638 0.0000e+00
      5.764      0.052   402.6038     9.8574     82.337 1.2378e-01     15.731     25.519  16.661068     7.3819     3.7086     7.7091   999.9056      8.201      5.654 0.0000e+00
      5.776      0.048   402.7701     9.8561     82.268 1.2373e-01     15.732     25.513  16.654049     7.3259     3.6861     7.6861   999.9070      8.218      5.666 0.0000e+00
      5.786      0.048   402.8484     9.8606     82.246 1.2370e-01     15.732     25.505  16.645980     7.3102     3.6981     7.6653   999.9082      8.230      5.674 0.0000e+00
      5.795      0.049   402.8633     9.8378     82.355 1.2370e-01     15.733     25.485  16.626910     7.2392     3.6466     7.6488   999.9092      8.244      5.684 0.0000e+00
      5.804      0.051   403.0354     9.8389     82.512 1.2371e-01     15.733     25.480  16.613660     7.0978     3.5099     7.6404   999.9097      8.252      5.689 0.0000e+00
      5.818      0.054   403.2084     9.8294     82.565 1.2367e-01     15.734     25.498  16.612565     7.0124     3.3844     7.6369   999.9099      8.271      5.703 0.0000e+00
      5.838      0.057   403.3202     9.8178     82.411 1.2365e-01     15.735     25.520  16.613661     7.0077     3.3655     7.6327   999.9102      8.307      5.727 0.0000e+00
      5.855      0.059   403.4403     9.8427     82.122 1.2369e-01     15.735     25.557  16.626894     7.0025     3.4534     7.6230   999.9108      8.331      5.744 0.0000e+00
      5.869      0.060   403.5424     9.8704     81.870 1.2373e-01     15.735     25.600  16.645758     6.9313     3.5199     7.5999   999.9122      8.347      5.755 0.0000e+00
      5.882      0.058   403.6084     9.8928     81.750 1.2370e-01     15.736     25.621  16.651530     6.8034     3.4836     7.5728   999.9138      8.366      5.768 0.0000e+00
      5.896      0.055   403.7218     9.8743     81.707 1.2371e-01     15.737     25.606  16.633287     6.7248     3.4258     7.5477   999.9152      8.385      5.782 0.0000e+00
      5.912      0.051   403.8811     9.8368     81.614 1.2376e-01     15.737     25.589  16.615369     6.7163     3.4398     7.5249   999.9165      8.408      5.797 0.0000e+00
      5.927      0.049   403.8999     9.8059     81.444 1.2375e-01     15.736     25.612  16.625078     6.6803     3.4806     7.5086   999.9175      8.432      5.813 0.0000e+00
      5.939      0.046   403.8629     9.7965     81.204 1.2372e-01     15.736     25.618  16.623874     6.5861     3.4721     7.4948   999.9182      8.450      5.826 0.0000e+00
      5.948      0.044   403.9509     9.8073     80.982 1.2371e-01     15.737     25.593  16.600801     6.5302     3.4747     7.4757   999.9193      8.461      5.833 0.0000e+00
      5.956      0.043   404.1032     9.7944     80.830 1.2370e-01     15.738     25.604  16.599700     6.5383     3.5118     7.4614   999.9201      8.471      5.840 0.0000e+00
      5.966      0.043   404.2422     9.7802     80.720 1.2370e-01     15.738     25.632  16.610551     6.5416     3.5091     7.4557   999.9204      8.485      5.850 0.0000e+00
      5.978      0.045   404.3403     9.7468     80.669 1.2372e-01     15.738     25.634  16.605198     6.5231     3.4768     7.4458   999.9210      8.501      5.862 0.0000e+00
      5.991      0.049   404.4294     9.7188     80.632 1.2372e-01     15.738     25.635  16.598367     6.5140     3.4293     7.4319   999.9218      8.522      5.876 0.0000e+00
      6.004      0.053   404.5453     9.7129     80.606 1.2376e-01     15.739     25.639  16.591357     6.5178     3.4156     7.4149   999.9227      8.539      5.888 0.0000e+00
