Data/DataNotYetUploadedToEDI/Raw_CTD/RawDownloads/033121_bvr_50.cnv
* Sea-Bird SBE19plus  Data File:
* FileName = C:\DATA\033121_bvr_50_0001.hex
* Software version 2.8.0.119
* Temperature SN = 7809
* Conductivity SN = 7809
* System UpLoad Time = Mar 31 2021 18:04:35
* <ApplicationData>
* <Seaterm232>
# nquan = 16
# nvalues = 1894                        
# units = specified
# name 0 = depFM: Depth [fresh water, m]
# name 1 = dz/dtM: Descent Rate [m/s]
# name 2 = orp: Oxidation Reduction Potential [mV]
# name 3 = sbeox0Mg/L: Oxygen, SBE 43 [mg/l]
# name 4 = sbeox0PS: Oxygen, SBE 43 [% saturation]
# name 5 = par/sat/log: PAR/Logarithmic, Satlantic
# name 6 = ph: pH
# name 7 = specc: Specific Conductance [uS/cm]
# name 8 = c0uS/cm: Conductivity [uS/cm]
# name 9 = flECO-AFL: Fluorescence, WET Labs ECO-AFL/FL [mg/m^3]
# name 10 = turbWETntu0: Turbidity, WET Labs ECO [NTU]
# name 11 = tv290C: Temperature [ITS-90, deg C]
# name 12 = density00: Density [density, kg/m^3]
# name 13 = prdE: Pressure, Strain Gauge [psi]
# name 14 = prdM: Pressure, Strain Gauge [db]
# name 15 = flag:  0.000e+00
# span 0 =     -0.748,      9.297       
# span 1 =     -0.354,      0.284       
# span 2 =   -62.1163,   441.5244       
# span 3 =     0.2322,    10.8389       
# span 4 =      2.028,     98.570       
# span 5 = 1.2349e-01, 6.7663e+01       
# span 6 =     15.414,     15.766       
# span 7 =      1.411,    161.706       
# span 8 =   1.224736, 101.777110       
# span 9 =    -1.0372,    11.5106       
# span 10 =    -0.3853,   270.9122      
# span 11 =     6.4193,    18.4218      
# span 12 =   998.5216,  1000.0275      
# span 13 =     -1.068,     13.225      
# span 14 =     -0.736,      9.118      
# span 15 = 0.0000e+00, 0.0000e+00      
# interval = seconds: 0.25
# start_time = Mar 30 2021 21:50:07 [Instrument's time stamp, header]
# bad_flag = -9.990e-29
*END*
[from data line 1808]
      0.536     -0.117   382.2812    10.6478     97.609 1.2036e+01     15.606     24.915  18.241385     6.5743     3.5697    11.6093   999.5572      0.778      0.537 0.0000e+00
      0.500     -0.155   382.2209    10.6486     97.524 1.2670e+01     15.606     25.001  18.301571     6.2826     3.3610    11.6103   999.5569      0.730      0.503 0.0000e+00
      0.433     -0.173   382.4824    10.6485     97.507 1.3819e+01     15.607     25.106  18.377417     6.1314     3.2869    11.6118   999.5564      0.626      0.432 0.0000e+00
      0.351     -0.168   382.6901    10.6282     97.566 1.5232e+01     15.607     25.134  18.397580     6.1483     3.2916    11.6098   999.5561      0.492      0.339 0.0000e+00
      0.284     -0.143   382.5820    10.6103     97.647 1.6375e+01     15.607     25.074  18.355150     6.3158     3.3141    11.6037   999.5565      0.379      0.262 0.0000e+00
      0.257     -0.103   382.4656    10.6052     97.690 1.7010e+01     15.607     25.008  18.308228     6.6017     3.3535    11.5984   999.5569      0.348      0.240 0.0000e+00
      0.261     -0.058   382.4012    10.6003     97.729 1.7415e+01     15.608     24.958  18.274080     6.7629     3.4253    11.5956   999.5573      0.371      0.256 0.0000e+00
      0.271     -0.018   382.3197    10.6111     97.795 1.7833e+01     15.608     24.935  18.259293     6.7865     3.4951    11.5959   999.5574      0.392      0.270 0.0000e+00
      0.275      0.006   382.3402    10.6217     97.811 1.8208e+01     15.607     24.928  18.256253     6.7816     3.4765    11.5985   999.5571      0.394      0.272 0.0000e+00
      0.274      0.014   382.3907    10.6247     97.782 1.8369e+01     15.607     24.900  18.237320     6.7714     3.5085    11.6026   999.5566      0.387      0.267 0.0000e+00
      0.274      0.014   382.4152    10.6216     97.759 1.8310e+01     15.607     24.875  18.220599     6.7778     3.6422    11.6076   999.5561      0.386      0.266 0.0000e+00
      0.279      0.014   382.3777    10.6369     97.768 1.8194e+01     15.606     24.906  18.244292     6.7918     3.7195    11.6122   999.5556      0.395      0.272 0.0000e+00
      0.285      0.012   382.1092    10.6352     97.869 1.8094e+01     15.605     24.940  18.270176     6.7791     3.7227    11.6164   999.5552      0.406      0.280 0.0000e+00
      0.292      0.008   381.6643    10.6267     97.968 1.8034e+01     15.606     24.951  18.279936     6.6624     3.5773    11.6194   999.5549      0.415      0.285 0.0000e+00
      0.297      0.004   381.3008    10.6285     97.991 1.8122e+01     15.606     24.976  18.298905     6.4764     3.3352    11.6217   999.5546      0.423      0.292 0.0000e+00
      0.297      0.006   381.2403    10.6183     97.995 1.8465e+01     15.606     24.990  18.309313     6.3899     3.2672    11.6242   999.5544      0.429      0.296 0.0000e+00
      0.289      0.015   381.3636    10.6379     97.971 1.9003e+01     15.606     24.949  18.278970     6.3898     3.3055    11.6268   999.5540      0.414      0.285 0.0000e+00
      0.279      0.021   381.2437    10.6528     97.936 1.9327e+01     15.606     24.908  18.249054     6.3991     3.3172    11.6290   999.5537      0.389      0.267 0.0000e+00
      0.284      0.016   380.9945    10.6473     97.950 1.9129e+01     15.606     24.929  18.264622     6.4261     3.3740    11.6304   999.5536      0.390      0.269 0.0000e+00
      0.311     -0.001   380.9318    10.6510     97.951 1.8949e+01     15.607     24.946  18.276989     6.4495     3.4435    11.6306   999.5537      0.438      0.302 0.0000e+00
      0.339     -0.023   381.0018    10.6499     97.935 1.9581e+01     15.607     24.940  18.271778     6.4527     3.4365    11.6299   999.5539      0.501      0.346 0.0000e+00
      0.337     -0.043   381.1527    10.6373     97.919 2.1015e+01     15.607     24.932  18.265015     6.3788     3.3913    11.6298   999.5540      0.505      0.348 0.0000e+00
      0.297     -0.057   381.4654    10.6478     97.898 2.2366e+01     15.607     24.924  18.258623     6.2431     3.3782    11.6307   999.5537      0.428      0.295 0.0000e+00
      0.244     -0.062   381.7718    10.6457     97.949 2.2887e+01     15.607     24.923  18.257897     6.1841     3.4161    11.6312   999.5533      0.333      0.230 0.0000e+00
      0.213     -0.057   381.7596    10.6407     98.019 2.2658e+01     15.606     24.920  18.256229     6.2000     3.4708    11.6292   999.5534      0.286      0.197 0.0000e+00
      0.212     -0.042   381.4041    10.6473     98.016 2.2057e+01     15.606     24.895  18.238461     6.2165     3.4219    11.6262   999.5538      0.295      0.203 0.0000e+00
      0.227     -0.026   381.0006    10.6328     97.935 2.1615e+01     15.606     24.887  18.233276     6.2300     3.3051    11.6250   999.5540      0.326      0.225 0.0000e+00
      0.239     -0.024   381.0973    10.6460     97.822 2.2048e+01     15.606     24.920  18.256951     6.2406     3.2603    11.6256   999.5540      0.348      0.241 0.0000e+00
      0.236     -0.044   383.3476    10.6570     97.777 2.3320e+01     15.606     24.940  18.271100     6.2582     3.2584    11.6275   999.5538      0.343      0.237 0.0000e+00
      0.221     -0.079   386.9571    10.6542     97.828 2.4776e+01     15.605     24.950  18.277531     6.2711     3.2138    11.6292   999.5535      0.315      0.217 0.0000e+00
      0.196     -0.114   387.1404    10.6466     97.915 2.6687e+01     15.605     24.942  18.271304     6.2159     3.1326    11.6302   999.5533      0.285      0.196 0.0000e+00
      0.160     -0.136   384.2726    10.6265     97.971 2.9484e+01     15.607     24.927  18.259211     6.1249     3.1347    11.6298   999.5532      0.240      0.165 0.0000e+00
      0.107     -0.142   382.6553    10.6225     97.990 3.2198e+01     15.608     24.927  18.258121     6.0945     3.2053    11.6280   999.5531      0.156      0.107 0.0000e+00
      0.052     -0.136   382.3851    10.6302     97.987 3.4020e+01     15.608     24.927  18.258130     6.0972     3.2313    11.6268   999.5529      0.065      0.045 0.0000e+00
      0.012     -0.124   382.1236    10.6450     97.987 3.5081e+01     15.608     24.929  18.259325     6.1100     3.2078    11.6246   999.5530      0.005      0.003 0.0000e+00
     -0.007     -0.112   381.9890    10.6501     97.981 3.5776e+01     15.607     24.947  18.272568     6.1541     3.1958    11.6218   999.5532     -0.015     -0.011 0.0000e+00
     -0.017     -0.106   384.1991    10.6525     97.909 3.6926e+01     15.607     24.972  18.291446     6.1907     3.2234    11.6199   999.5534     -0.020     -0.014 0.0000e+00
     -0.032     -0.118   388.7116    10.6519     97.786 3.7927e+01     15.608     24.980  18.297371     6.2003     3.2331    11.6193   999.5533     -0.038     -0.026 0.0000e+00
     -0.058     -0.155   390.8627    10.6493     97.707 3.8539e+01     15.611     25.131  18.407610     6.1561     3.2094    11.6205   999.5531     -0.081     -0.056 0.0000e+00
     -0.093     -0.209   389.4725    10.6550     97.794 4.0414e+01     15.611     25.841  18.926883     6.0752     3.2119    11.6217   999.5528     -0.128     -0.088 0.0000e+00
     -0.145     -0.270   380.5932    10.6440     98.032 4.3640e+01     15.607     27.498  20.137411     6.0327     3.2643    11.6212   999.5527     -0.187     -0.128 0.0000e+00
     -0.228     -0.324   369.5434    10.6284     98.191 4.7027e+01     15.604     28.771  21.059538     5.9004     3.2938    11.6214   999.5523     -0.311     -0.215 0.0000e+00
     -0.335     -0.354   370.3884    10.6132     98.105 4.9133e+01     15.606     28.385  20.754811     4.3324     3.3622    11.6211   999.5518     -0.480     -0.331 0.0000e+00
     -0.448     -0.350   375.4085    10.6206     97.820 4.9148e+01     15.610     27.830  20.321242     1.4563     3.5413    11.6215   999.5514     -0.630     -0.434 0.0000e+00
     -0.566     -0.314   375.8648    10.6608     97.475 4.6804e+01     15.612     27.937  20.383066    -0.1115     3.6743    11.6184   999.5519     -0.809     -0.558 0.0000e+00
     -0.666     -0.253   376.2497    10.6891     97.120 4.1364e+01     15.612     25.735  18.775586    -0.2804     3.6308    11.6047   999.5535     -0.986     -0.680 0.0000e+00
     -0.716     -0.182   373.2649    10.6860     96.654 3.4255e+01     15.611     18.503  13.501565    -0.4901     2.6382    11.5628   999.5574     -1.039     -0.716 0.0000e+00
     -0.727     -0.113   365.0716    10.6649     95.979 2.8252e+01     15.610     10.911   7.962892    -0.8356     0.7706    11.4954   999.5643     -1.034     -0.713 0.0000e+00
     -0.727     -0.055   368.2144    10.6310     95.118 2.4361e+01     15.610      8.658   6.318876    -1.0151    -0.2391    11.4657   999.5679     -1.036     -0.713 0.0000e+00
     -0.727     -0.018   372.8908    10.5965     94.188 2.1831e+01     15.611      9.241   6.743829    -1.0199    -0.2652    11.4755   999.5669     -1.034     -0.713 0.0000e+00
     -0.727     -0.003   358.2030    10.5482     93.354 1.9597e+01     15.609      8.749   6.384097    -1.0182    -0.2660    11.4869   999.5626     -1.035     -0.714 0.0000e+00
     -0.727 1.3831e-10   325.2763    10.4706     92.703 1.7692e+01     15.605      7.564   5.517971    -1.0222    -0.3180    11.4947   999.5583     -1.034     -0.713 0.0000e+00
     -0.727 1.5214e-09   273.9353    10.3744     92.193 1.6352e+01     15.599      6.704   4.889327    -1.0214    -0.3095    11.4938   999.5584     -1.034     -0.713 0.0000e+00
     -0.727 1.6735e-08   259.2710    10.2634     91.578 1.4929e+01     15.599      6.065   4.422557    -1.0176    -0.3009    11.4887   999.5597     -1.033     -0.712 0.0000e+00
     -0.727 1.8409e-07   296.5625    10.1740     90.622 1.2796e+01     15.606      5.564   4.056138    -1.0241    -0.3173    11.4830   999.5599     -1.034     -0.713 0.0000e+00
     -0.727 1.8409e-07   320.8692    10.1017     89.196 1.0334e+01     15.614      5.238   3.817068    -1.0335    -0.3354    11.4748   999.5603     -1.034     -0.713 0.0000e+00
     -0.726 1.6735e-08   340.2136    10.0622     87.260 8.3651e+00     15.617      4.973   3.622833    -1.0350    -0.3486    11.4647   999.5612     -1.033     -0.712 0.0000e+00
     -0.726 1.5214e-09   369.0441    10.0088     85.088 7.0930e+00     15.613      4.693   3.418324    -1.0332    -0.3049    11.4543   999.5622     -1.033     -0.712 0.0000e+00
     -0.726 1.3831e-10   382.0851     9.9059     83.050 6.2940e+00     15.611      4.456   3.245101    -1.0313    -0.2874    11.4440   999.5631     -1.033     -0.712 0.0000e+00
     -0.727 1.2574e-11   377.9533     9.7638     81.335 5.8435e+00     15.612      4.275   3.112337    -1.0306    -0.3089    11.4337   999.5641     -1.034     -0.713 0.0000e+00
     -0.727 1.1431e-12   332.2503     9.5368     79.944 5.6695e+00     15.610      4.145   3.016858    -1.0253    -0.2555    11.4240   999.5651     -1.034     -0.713 0.0000e+00
     -0.727 1.0391e-13   275.9514     9.2860     78.765 5.6359e+00     15.610      4.091   2.977653    -1.0147    -0.2257    11.4154   999.5660     -1.034     -0.713 0.0000e+00
     -0.727 9.4451e-15   284.7247     9.0582     77.707 5.6312e+00     15.617      4.061   2.955100    -1.0161    -0.2920    11.4078   999.5667     -1.034     -0.713 0.0000e+00
     -0.727 8.4300e-16   315.4635     8.8732     76.824 5.6339e+00     15.620      3.946   2.870890    -1.0240    -0.2677    11.4006   999.5674     -1.034     -0.713 0.0000e+00
     -0.726 -9.572e-17   326.5988     8.7274     76.176 5.6608e+00     15.617      3.739   2.719730    -1.0149    -0.1036    11.3936   999.5681     -1.033     -0.712 0.0000e+00
     -0.726 -1.905e-15   324.2878     8.6059     75.688 5.7180e+00     15.615      3.554   2.584619    -1.0107    -0.0242    11.3868   999.5688     -1.033     -0.712 0.0000e+00
     -0.727 -2.103e-14   308.5150     8.4880     75.308 5.7934e+00     15.612      3.444   2.504369    -1.0298    -0.0973    11.3806   999.5695     -1.034     -0.713 0.0000e+00
     -0.727 -2.313e-13   302.5485     8.3858     75.011 5.8685e+00     15.610      3.364   2.446338    -1.0372    -0.1297    11.3748   999.5701     -1.034     -0.713 0.0000e+00
     -0.727 -2.544e-12   309.5362     8.3252     74.791 5.9218e+00     15.610      3.287   2.389799    -0.9952     0.4087    11.3695   999.5706     -1.033     -0.712 0.0000e+00
     -0.727 -2.799e-11   317.2021     8.2707     74.631 5.9698e+00     15.613      3.202   2.327600    -0.9216     1.4339    11.3640   999.5711     -1.034     -0.713 0.0000e+00
     -0.727 -3.079e-10   320.8984     8.2339     74.503 6.0190e+00     15.615      3.116   2.264483    -0.8816     2.0000    11.3588   999.5716     -1.034     -0.713 0.0000e+00
     -0.726 -3.387e-09   318.1770     8.2006     74.383 6.0157e+00     15.617      3.023   2.196842    -0.8833     2.0687    11.3540   999.5720     -1.033     -0.712 0.0000e+00
     -0.726 -3.725e-08   314.8410     8.1783     74.217 5.9872e+00     15.627      2.949   2.143292    -0.8854     1.8880    11.3497   999.5726     -1.033     -0.712 0.0000e+00
     -0.726 -4.098e-07   320.1418     8.1643     74.042 5.9940e+00     15.642      2.923   2.123835    -0.8871     1.4288    11.3455   999.5730     -1.033     -0.712 0.0000e+00
     -0.726     -0.000   327.2038     8.1484     73.895 6.0250e+00     15.645      2.874   2.088299    -0.8951     1.1174    11.3411   999.5734     -1.033     -0.712 0.0000e+00
     -0.726     -0.000   325.4590     8.1434     73.736 6.2370e+00     15.631      2.969   2.157103    -0.8962     1.0751    11.3368   999.5739     -1.033     -0.712 0.0000e+00
     -0.726     -0.001   315.0486     8.1207     73.565 7.2520e+00     15.608      5.202   3.779320    -0.9187     0.7799    11.3333   999.5742     -1.033     -0.712 0.0000e+00
     -0.726     -0.001   308.2798     8.1001     73.395 9.5672e+00     15.589     12.257   8.903219    -0.9770     0.1229    11.3295   999.5746     -1.033     -0.712 0.0000e+00
     -0.727     -0.001   318.8160     8.0892     73.260 1.2582e+01     15.575     21.430  15.565996    -1.0200    -0.2771    11.3263   999.5750     -1.034     -0.713 0.0000e+00
     -0.727     -0.001   333.6014     8.0708     73.272 1.5121e+01     15.565     26.842  19.496842    -1.0282    -0.3135    11.3224   999.5754     -1.034     -0.713 0.0000e+00
     -0.727     -0.000   361.6890     8.0518     73.462 1.6585e+01     15.585     28.024  20.359404    -1.0093    -0.3179    11.3209   999.5755     -1.035     -0.714 0.0000e+00
     -0.727     -0.000   385.2463     8.0344     73.589 1.7163e+01     15.607     28.009  20.352075    -0.9920    -0.3296    11.3165   999.5782     -1.035     -0.713 0.0000e+00
     -0.727 -9.990e-29 -9.990e-29     8.0136 -9.990e-29 1.7114e+01 -9.990e-29 -9.990e-29 -9.990e-29 -9.990e-29 -9.990e-29    11.3174   999.5820     -1.035     -0.713 0.0000e+00
     -0.727 -9.990e-29 -9.990e-29     8.0103 -9.990e-29 1.6252e+01 -9.990e-29 -9.990e-29 -9.990e-29 -9.990e-29 -9.990e-29    11.3101   999.5844     -1.034     -0.713 0.0000e+00
     -0.727 -9.990e-29 -9.990e-29     8.0433 -9.990e-29 1.4845e+01 -9.990e-29 -9.990e-29 -9.990e-29 -9.990e-29 -9.990e-29    11.3179   999.5834     -1.034     -0.713 0.0000e+00
     -0.727 -9.990e-29 -9.990e-29     8.0669 -9.990e-29 1.4120e+01 -9.990e-29 -9.990e-29 -9.990e-29 -9.990e-29 -9.990e-29    11.3403   999.5811     -1.034     -0.713 0.0000e+00
