Data/DataNotYetUploadedToEDI/Raw_CTD/RawDownloads/033125_fcr50_S7809001.cnv
* Sea-Bird SBE19plus  Data File:
* FileName = C:\R\Reservoirs\Data\DataNotYetUploadedToEDI\Raw_CTD\RawDownloads\033125_fcr50_S7809_0001.hex
* Software version 2.8.0.119
* Temperature SN = 7809
* Conductivity SN = 7809
* System UpLoad Time = Apr 14 2025 16:44:55
* <ApplicationData>
* <Seaterm232>
# nquan = 15
# nvalues = 1593                        
# units = specified
# name 0 = depFM: Depth [fresh water, m]
# name 1 = dz/dtM: Descent Rate [m/s]
# name 2 = sbeox0Mg/L: Oxygen, SBE 43 [mg/l]
# name 3 = sbeox0PS: Oxygen, SBE 43 [% saturation]
# name 4 = specc: Specific Conductance [uS/cm]
# name 5 = c0uS/cm: Conductivity [uS/cm]
# name 6 = flECO-AFL: Fluorescence, WET Labs ECO-AFL/FL [mg/m^3]
# name 7 = ph: pH
# name 8 = orp: Oxidation Reduction Potential [mV]
# name 9 = par/sat/log: PAR/Logarithmic, Satlantic
# name 10 = turbWETntu0: Turbidity, WET Labs ECO [NTU]
# name 11 = prdM: Pressure, Strain Gauge [db]
# name 12 = prdE: Pressure, Strain Gauge [psi]
# name 13 = tv290C: Temperature [ITS-90, deg C]
# name 14 = flag:  0.000e+00
# span 0 =     -0.737,      9.559       
# span 1 =     -0.217,      0.141       
# span 2 =     2.9557,    13.3212       
# span 3 =     25.099,    112.552       
# span 4 =      4.733,    107.487       
# span 5 =   3.167680,  71.367307       
# span 6 =    -1.5271,     3.7401       
# span 7 =     -2.111,      7.903       
# span 8 =  -251.9728,  1235.3090       
# span 9 = 1.2360e-01, 2.3369e+03       
# span 10 =    -0.4312,   109.9483      
# span 11 =     -0.723,      9.376      
# span 12 =     -1.049,     13.599      
# span 13 =     7.9632,    23.9067      
# span 14 = 0.0000e+00, 0.0000e+00      
# interval = seconds: 0.25
# start_time = Mar 31 2025 12:29:35 [Instrument's time stamp, header]
# bad_flag = -9.990e-29
*END*
[from data line 290]
      0.071     -0.012    10.0460     97.515     31.144  24.267274     1.8866      7.312   266.0359 1.8328e+02     3.6357      0.069      0.101    13.9591 0.0000e+00
      0.071     -0.018    10.0428     97.487     31.147  24.265549     1.8814      7.295   264.9861 1.8461e+02     3.5956      0.070      0.102    13.9651 0.0000e+00
      0.066     -0.023    10.0502     97.446     31.126  24.246682     1.8801      7.273   264.4285 1.8466e+02     3.5512      0.069      0.100    13.9679 0.0000e+00
      0.053     -0.024    10.0582     97.406     31.108  24.229387     1.8874      7.254   264.7144 1.8568e+02     3.5086      0.054      0.078    13.9653 0.0000e+00
      0.038     -0.023    10.0595     97.400     31.133  24.246682     1.9201      7.243   265.3445 1.8586e+02     3.4908      0.033      0.048    13.9567 0.0000e+00
      0.031     -0.019    10.0580     97.462     31.161  24.265550     1.9337      7.236   266.1107 1.8610e+02     3.4384      0.029      0.041    13.9489 0.0000e+00
      0.031     -0.012    10.0529     97.553     31.169  24.267264     1.9116      7.232   266.4930 1.8602e+02     3.3186      0.031      0.045    13.9472 0.0000e+00
      0.033     -0.005    10.0504     97.656     31.175  24.267406     1.8855      7.231   266.0090 1.8559e+02     3.3063      0.032      0.047    13.9415 0.0000e+00
      0.034      0.000    10.0467     97.782     31.178  24.267265     1.8760      7.232   264.9913 1.8601e+02     3.4599      0.034      0.049    13.9360 0.0000e+00
      0.034      0.002    10.0581     97.885     31.173  24.265551     1.8875      7.235   264.5124 1.8550e+02     3.6046      0.034      0.049    13.9327 0.0000e+00
      0.034      0.001    10.0701     97.970     31.143  24.246683     1.8837      7.239   264.6059 1.8576e+02     3.5871      0.033      0.048    13.9250 0.0000e+00
      0.034      0.000    10.0793     98.072     31.114  24.229387     1.8712      7.244   264.6596 1.8796e+02     3.5216      0.034      0.049    13.9158 0.0000e+00
      0.034 2.0225e-08    10.0983     98.151     31.132  24.246682     1.8785      7.249   264.8171 1.8888e+02     3.5991      0.034      0.049    13.9106 0.0000e+00
      0.034 2.2247e-07    10.1073     98.169     31.155  24.265550     1.8875      7.253   265.3071 1.8972e+02     3.6359      0.034      0.049    13.9156 0.0000e+00
      0.034 2.2247e-07    10.1098     98.144     31.159  24.267265     1.8971      7.257   265.5067 1.9308e+02     3.5902      0.033      0.048    13.9250 0.0000e+00
      0.034 2.0225e-08    10.1225     98.107     31.160  24.267420     1.9459      7.262   265.0797 1.9378e+02     3.5931      0.034      0.049    13.9342 0.0000e+00
      0.034 1.8386e-09    10.1303     98.071     31.158  24.267435     2.0369      7.267   264.7045 1.9163e+02     3.6031      0.034      0.049    13.9405 0.0000e+00
      0.034 1.6715e-10    10.1310     98.025     31.155  24.267437     2.1064      7.272   264.6697 1.9184e+02     3.6423      0.034      0.049    13.9403 0.0000e+00
      0.034 1.5216e-11    10.1283     97.986     31.154  24.267446     2.1195      7.276   264.8320 1.9256e+02     3.6233      0.034      0.049    13.9369 0.0000e+00
      0.034 1.6127e-12    10.1233     97.990     31.155  24.267550     2.0713      7.281   265.0315 1.9218e+02     3.5095      0.033      0.048    13.9357 0.0000e+00
      0.034 2.6702e-12    10.1207     98.035     31.157  24.268695     2.0062      7.286   265.1890 1.9272e+02     3.4968      0.033      0.048    13.9396 0.0000e+00
      0.034 2.8002e-11    10.1136     98.080     31.173  24.281282     1.9901      7.291   265.7893 1.9298e+02     3.6059      0.034      0.049    13.9439 0.0000e+00
      0.034 3.0789e-10    10.1079     98.109     31.188  24.292916     2.0011      7.295   266.6983 1.9037e+02     3.6678      0.033      0.048    13.9449 0.0000e+00
      0.034 3.3868e-09    10.1082     98.111     31.176  24.282530     1.9980      7.299   266.9727 1.8809e+02     3.6299      0.034      0.049    13.9437 0.0000e+00
      0.034 3.7255e-08    10.1161     98.071     31.176  24.282530     1.9779      7.303   266.7840 1.8939e+02     3.6266      0.033      0.048    13.9417 0.0000e+00
      0.034 4.0981e-07    10.1205     97.988     31.189  24.292918     1.9739      7.306   266.6542 1.9159e+02     3.6953      0.034      0.049    13.9419 0.0000e+00
      0.034      0.000    10.1233     97.878     31.174  24.281293     1.9991      7.309   266.3496 1.9147e+02     3.6750      0.033      0.048    13.9424 0.0000e+00
      0.034      0.000    10.1254     97.765     31.156  24.268809     2.0083      7.312   265.8543 1.9154e+02     3.5855      0.033      0.048    13.9421 0.0000e+00
      0.034      0.001    10.1205     97.665     31.153  24.268806     2.0270      7.316   265.6557 1.9311e+02     3.5701      0.034      0.049    13.9411 0.0000e+00
      0.034      0.001    10.1120     97.601     31.165  24.281266     2.0836      7.320   266.4436 1.9343e+02     3.6252      0.034      0.049    13.9408 0.0000e+00
      0.034      0.001    10.0987     97.574     31.176  24.292629     2.1175      7.325   267.7233 1.9173e+02     3.6715      0.034      0.049    13.9418 0.0000e+00
      0.035      0.001    10.0873     97.560     31.161  24.279367     2.1210      7.328   268.1357 1.8978e+02     3.6517      0.034      0.050    13.9434 0.0000e+00
      0.036      0.001    10.0747     97.568     31.128  24.247752     2.1098      7.331   267.6449 1.9090e+02     3.5906      0.035      0.051    13.9464 0.0000e+00
      0.036      0.000    10.0660     97.575     31.111  24.227432     2.0978      7.333   266.9510 1.9195e+02     3.5819      0.035      0.051    13.9529 0.0000e+00
      0.036 3.7563e-08    10.0648     97.553     31.113  24.223922     2.1097      7.334   266.6286 1.8898e+02     3.6146      0.036      0.052    13.9596 0.0000e+00
      0.035 4.1319e-07    10.0611     97.545     31.093  24.205302     2.1127      7.335   266.7584 1.8730e+02     3.5761      0.035      0.051    13.9572 0.0000e+00
      0.035      0.000    10.0662     97.576     31.078  24.192552     2.0669      7.338   267.4019 1.8879e+02     3.4926      0.034      0.050    13.9458 0.0000e+00
      0.035      0.000    10.0722     97.625     31.083  24.196586     2.0063      7.342   268.3872 1.8879e+02     3.4926      0.034      0.049    13.9332 0.0000e+00
      0.035      0.001    10.0688     97.695     31.075  24.190664     1.9863      7.344   268.8623 1.8840e+02     3.6106      0.034      0.049    13.9241 0.0000e+00
      0.035      0.001    10.0674     97.807     31.067  24.184361     2.0002      7.347   268.7592 1.8876e+02     3.7244      0.035      0.051    13.9197 0.0000e+00
      0.035      0.002    10.0731     97.950     31.072  24.183793     2.0158      7.349   268.5165 1.8906e+02     3.7071      0.034      0.050    13.9192 0.0000e+00
      0.036      0.002    10.0778     98.104     31.082  24.183793     2.0341      7.352   268.4226 1.9104e+02     3.6405      0.035      0.051    13.9189 0.0000e+00
      0.038      0.002    10.0828     98.259     31.093  24.184351     2.0635      7.355   268.5703 1.9122e+02     3.6365      0.037      0.054    13.9202 0.0000e+00
      0.038      0.002    10.0953     98.404     31.110  24.190526     2.0794      7.359   268.6682 1.9038e+02     3.6584      0.037      0.054    13.9210 0.0000e+00
      0.038      0.001    10.1129     98.539     31.120  24.195034     2.0594      7.361   268.7452 1.9140e+02     3.6312      0.038      0.054    13.9141 0.0000e+00
      0.038      0.001    10.1311     98.656     31.094  24.175434     2.0301      7.363   269.0710 1.9014e+02     3.5476      0.037      0.054    13.9008 0.0000e+00
      0.038      0.000    10.1515     98.721     31.050  24.143790     2.0340      7.365   269.3388 1.8777e+02     3.5355      0.037      0.054    13.8861 0.0000e+00
      0.038 1.8781e-08    10.1694     98.740     31.030  24.129500     2.0562      7.368   269.4023 1.8717e+02     3.6210      0.038      0.054    13.8725 0.0000e+00
      0.038 2.0660e-07    10.1838     98.741     31.030  24.129489     2.0477      7.371   269.4083 1.8806e+02     3.6259      0.038      0.054    13.8669 0.0000e+00
      0.038 2.0660e-07    10.1981     98.726     31.048  24.143664     1.9826      7.374   269.3244 1.8955e+02     3.5944      0.038      0.054    13.8713 0.0000e+00
      0.038 1.8781e-08    10.2028     98.676     31.088  24.174050     1.8932      7.377   268.9047 1.9095e+02     3.6157      0.037      0.053    13.8759 0.0000e+00
      0.038 1.7072e-09    10.2029     98.604     31.094  24.179814     1.8564      7.378   268.3775 1.9158e+02     3.6094      0.037      0.053    13.8771 0.0000e+00
      0.038 1.5265e-10    10.2026     98.541     31.053  24.149940     1.8712      7.379   268.3708 1.9110e+02     3.6217      0.037      0.053    13.8779 0.0000e+00
      0.038 -1.411e-11    10.2032     98.495     31.025  24.129930     1.8886      7.381   268.4788 1.9112e+02     3.6278      0.038      0.054    13.8773 0.0000e+00
      0.038 -3.092e-10    10.1972     98.475     31.023  24.128115     1.9088      7.384   268.3936 1.9272e+02     3.6145      0.037      0.053    13.8764 0.0000e+00
      0.038 -3.415e-09    10.1873     98.506     31.023  24.128001     1.9319      7.387   268.6315 1.9450e+02     3.6318      0.037      0.054    13.8782 0.0000e+00
      0.038 -3.756e-08    10.1806     98.604     31.023  24.128547     1.9440      7.389   269.0318 1.9223e+02     3.5979      0.038      0.055    13.8828 0.0000e+00
      0.038 -4.132e-07    10.1746     98.757     31.031  24.134722     1.9555      7.391   268.5015 1.8970e+02     3.5115      0.037      0.054    13.8848 0.0000e+00
      0.038      0.000    10.1720     98.923     31.037  24.139250     1.9707      7.394   267.3812 1.8980e+02     3.4416      0.038      0.054    13.8829 0.0000e+00
      0.038      0.000    10.1748     99.102     31.011  24.119878     1.9780      7.397   267.0165 1.8909e+02     3.4696      0.037      0.053    13.8829 0.0000e+00
      0.038     -0.001    10.1839     99.293     30.973  24.090740     1.9853      7.400   267.1028 1.8940e+02     3.5778      0.037      0.053    13.8850 0.0000e+00
      0.038     -0.001    10.2032     99.435     30.989  24.104019     1.9845      7.402   267.4783 1.8930e+02     3.5887      0.038      0.054    13.8846 0.0000e+00
      0.038     -0.002    10.2196     99.483     31.052  24.153596     1.9680      7.403   268.2871 1.8824e+02     3.5330      0.038      0.054    13.8841 0.0000e+00
      0.037     -0.002    10.2365     99.443     31.088  24.182864     1.9681      7.404   268.7090 1.8936e+02     3.5525      0.037      0.053    13.8855 0.0000e+00
      0.036     -0.002    10.2599     99.334     31.115  24.204235     1.9869      7.405   268.1055 1.9149e+02     3.6192      0.036      0.052    13.8861 0.0000e+00
      0.035     -0.002    10.2758     99.178     31.137  24.221748     1.9865      7.407   266.9258 1.9164e+02     3.6227      0.035      0.050    13.8876 0.0000e+00
      0.035     -0.001    10.2797     99.012     31.116  24.204370     1.9640      7.409   266.3186 1.9021e+02     3.5603      0.034      0.050    13.8902 0.0000e+00
      0.035     -0.001    10.2741     98.856     31.091  24.184361     1.9556      7.410   266.3573 1.9039e+02     3.5826      0.035      0.050    13.8912 0.0000e+00
      0.035     -0.000    10.2631     98.727     31.073  24.170062     1.9772      7.411   266.6190 1.9051e+02     3.6521      0.035      0.050    13.8924 0.0000e+00
      0.035      0.000    10.2439     98.628     31.058  24.158315     2.0081      7.412   267.0739 1.8919e+02     3.6500      0.035      0.051    13.8925 0.0000e+00
      0.035      0.001    10.2279     98.553     31.072  24.169154     2.0293      7.413   267.3829 1.8712e+02     3.5917      0.035      0.050    13.8895 0.0000e+00
      0.035      0.002    10.2110     98.518     31.078  24.174287     2.0347      7.414   267.2581 1.8436e+02     3.5272      0.035      0.051    13.8880 0.0000e+00
      0.036      0.002    10.1969     98.497     31.053  24.156963     2.0313      7.417   266.8561 1.8408e+02     3.5544      0.035      0.050    13.8889 0.0000e+00
      0.037      0.003    10.1887     98.447     31.041  24.149940     2.0383      7.419   266.5665 1.8511e+02     3.6465      0.036      0.052    13.8890 0.0000e+00
      0.039      0.003    10.1785     98.380     31.045  24.152790     2.0190      7.419   266.5098 1.8336e+02     3.6501      0.038      0.055    13.8882 0.0000e+00
      0.039      0.003    10.1764     98.334     31.016  24.128012     1.9476      7.420   266.5144 1.8113e+02     3.5645      0.039      0.056    13.8884 0.0000e+00
      0.039      0.003    10.1760     98.313     30.989  24.103998     1.9082      7.423   266.5363 1.8129e+02     3.5671      0.039      0.056    13.8928 0.0000e+00
      0.040      0.002    10.1682     98.315     31.008  24.116094     1.9256      7.425   266.6025 1.8180e+02     3.6468      0.039      0.056    13.8987 0.0000e+00
      0.040      0.002    10.1593     98.339     31.052  24.147435     1.9242      7.426   267.0561 1.8067e+02     3.6411      0.039      0.057    13.8988 0.0000e+00
      0.041      0.003    10.1561     98.375     31.077  24.165855     1.8828      7.427   267.8049 1.8067e+02     3.5668      0.040      0.058    13.8932 0.0000e+00
      0.042      0.003    10.1556     98.446     31.055  24.148569     1.8505      7.428   267.7410 1.8323e+02     3.5002      0.041      0.060    13.8874 0.0000e+00
      0.043      0.002    10.1558     98.542     31.030  24.128674     1.8584      7.429   267.0570 1.8401e+02     3.5178      0.043      0.062    13.8830 0.0000e+00
      0.043      0.002    10.1615     98.615     31.012  24.115552     1.8698      7.430   266.7617 1.8279e+02     3.5752      0.043      0.062    13.8790 0.0000e+00
      0.044      0.001    10.1631     98.695     31.013  24.116740     1.8546      7.432   266.6658 1.8037e+02     3.5457      0.043      0.063    13.8766 0.0000e+00
      0.044      0.000    10.1704     98.799     31.046  24.143044     1.8499      7.432   266.5873 1.7706e+02     3.5365      0.043      0.062    13.8761 0.0000e+00
      0.044     -0.005    10.1851     98.881     31.093  24.179938     1.8712      7.431   266.7579 1.7640e+02     3.6003      0.043      0.062    13.8769 0.0000e+00
      0.044     -0.015    10.1886     98.920     31.176  24.245743     1.8792      7.426   267.6104 1.7644e+02     3.6003      0.043      0.063    13.8776 0.0000e+00
      0.044     -0.030    10.1958     98.928     31.244  24.304545     1.8798      7.416   268.8070 1.7553e+02     3.5360      0.043      0.062    13.8791 0.0000e+00
      0.041     -0.042    10.2094     98.933     31.248  24.320183     1.8953      7.398   269.2660 1.7763e+02     3.5060      0.043      0.063    13.8801 0.0000e+00
      0.027     -0.049    10.2183     98.970     31.217  24.307994     1.9164      7.380   269.2028 1.8215e+02     3.5459      0.034      0.049    13.8797 0.0000e+00
     -0.001     -0.051    10.2220     99.034     31.177  24.284024     1.9442      7.365   268.9893 1.8367e+02     3.6080     -0.003     -0.004    13.8780 0.0000e+00
     -0.027     -0.047    10.2205     99.039     31.175  24.284024     1.9650      7.355   268.6629 1.8349e+02     3.6070     -0.035     -0.051    13.8857 0.0000e+00
     -0.037     -0.038    10.2136     98.911     31.208  24.308004     1.9757      7.349   268.6124 1.8408e+02     3.5680     -0.039     -0.056    13.9108 0.0000e+00
     -0.038     -0.025    10.2113     98.683     31.225  24.320296     1.9822      7.348   269.3253 1.8495e+02     3.5468     -0.037     -0.054    13.9348 0.0000e+00
     -0.038     -0.012    10.2199     98.419     31.208  24.305809     1.9854      7.349   270.5708 1.8790e+02     3.5555     -0.037     -0.054    13.9459 0.0000e+00
