Data/DataNotYetUploadedToEDI/Raw_CTD/RawDownloads/040124_fcr50_S7809003.cnv
* Sea-Bird SBE19plus  Data File:
* FileName = C:\R\Reservoirs\Data\DataNotYetUploadedToEDI\Raw_CTD\RawDownloads\032524_fcr50_S7809_0003.hex
* Software version 2.8.0.119
* Temperature SN = 7809
* Conductivity SN = 7809
* System UpLoad Time = Apr 02 2024 15:04:34
* <ApplicationData>
* <Seaterm232>
# nquan = 15
# nvalues = 3008                        
# units = specified
# name 0 = depFM: Depth [fresh water, m]
# name 1 = dz/dtM: Descent Rate [m/s]
# name 2 = sbeox0Mg/L: Oxygen, SBE 43 [mg/l]
# name 3 = sbeox0PS: Oxygen, SBE 43 [% saturation]
# name 4 = specc: Specific Conductance [uS/cm]
# name 5 = c0uS/cm: Conductivity [uS/cm]
# name 6 = flECO-AFL: Fluorescence, WET Labs ECO-AFL/FL [mg/m^3]
# name 7 = ph: pH
# name 8 = orp: Oxidation Reduction Potential [mV]
# name 9 = par/sat/log: PAR/Logarithmic, Satlantic
# name 10 = turbWETntu0: Turbidity, WET Labs ECO [NTU]
# name 11 = prdM: Pressure, Strain Gauge [db]
# name 12 = prdE: Pressure, Strain Gauge [psi]
# name 13 = tv290C: Temperature [ITS-90, deg C]
# name 14 = flag:  0.000e+00
# span 0 =     -0.731,      9.621       
# span 1 =     -0.494,      4.428       
# span 2 =     4.9152,    10.8812       
# span 3 =     43.199,    105.354       
# span 4 =      0.474,    106.931       
# span 5 =   0.470502,  74.080589       
# span 6 =    -1.5455,   227.5569       
# span 7 =      7.282,      8.714       
# span 8 =    72.5881,  1240.2295       
# span 9 = 1.2356e-01, 2.1395e+03       
# span 10 =    -3.5451,   175.7928      
# span 11 =     -0.717,      9.436      
# span 12 =     -1.039,     13.686      
# span 13 =     9.0627,    24.5848      
# span 14 = 0.0000e+00, 0.0000e+00      
# interval = seconds: 0.25
# start_time = Apr 01 2024 14:38:40 [Instrument's time stamp, header]
# bad_flag = -9.990e-29
*END*
     -0.730 1.2917e-36     7.4318     89.343      0.527   0.522198    -0.0590      7.396  1240.2295 1.3262e+03     4.0834     -0.716     -1.039    24.5848 0.0000e+00
     -0.730 1.4209e-35     7.4362     89.350      0.514   0.509741    -0.0670      7.396  1240.2295 1.0096e+03     4.0351     -0.716     -1.038    24.5840 0.0000e+00
     -0.730 1.5629e-34     7.4369     89.365      0.513   0.508617    -0.0721      7.396  1240.2295 1.3125e+03     4.0147     -0.716     -1.039    24.5830 0.0000e+00
     -0.730 1.7192e-33     7.4381     89.373      0.513   0.508609    -0.0626      7.394  1240.2295 1.6528e+03     4.0417     -0.716     -1.039    24.5821 0.0000e+00
     -0.730 1.8912e-32     7.4403     89.371      0.514   0.509647    -0.0600      7.393  1240.2295 1.6864e+03     4.0206     -0.716     -1.038    24.5813 0.0000e+00
     -0.730 2.0803e-31     7.4389     89.371      0.525   0.521161    -0.0731      7.394  1240.2295 1.6691e+03     3.9639     -0.716     -1.039    24.5804 0.0000e+00
     -0.730 2.2883e-30     7.4421     89.373      0.525   0.521142    -0.0718      7.394  1240.2295 1.6856e+03     3.9717     -0.717     -1.039    24.5794 0.0000e+00
     -0.730 2.5171e-29     7.4428     89.382      0.514   0.509427    -0.0617      7.389  1240.2295 1.7970e+03     4.0122     -0.716     -1.039    24.5784 0.0000e+00
     -0.730 2.7689e-28     7.4416     89.387      0.511   0.506192    -0.0673      7.384  1240.2295 1.9336e+03     4.0095     -0.716     -1.039    24.5780 0.0000e+00
     -0.730 3.0457e-27     7.4430     89.384      0.486   0.482018    -0.0730      7.381  1240.2295 2.0169e+03     4.0071     -0.716     -1.039    24.5776 0.0000e+00
     -0.730 3.3503e-26     7.4418     89.379      0.474   0.470502    -0.0644      7.378  1240.2295 2.0020e+03     4.0168     -0.717     -1.039    24.5770 0.0000e+00
     -0.730 3.6854e-25     7.4438     89.378      0.498   0.493629    -0.0627      7.378  1240.2295 1.8536e+03     3.9219     -0.716     -1.038    24.5764 0.0000e+00
     -0.730 4.0539e-24     7.4442     89.395      0.513   0.508285    -0.0770      7.382  1240.2295 1.3479e+03     3.8170     -0.716     -1.039    24.5757 0.0000e+00
     -0.730 4.4593e-23     7.4436     89.414      0.525   0.521037    -0.0875      7.385  1240.2295 6.2914e+02     3.7725     -0.716     -1.038    24.5750 0.0000e+00
     -0.730 4.9052e-22     7.4441     89.433      0.525   0.521141    -0.0822      7.387  1240.2295 2.7575e+02     3.6925     -0.716     -1.039    24.5742 0.0000e+00
     -0.730 5.3957e-21     7.4418     89.453      0.514   0.509541    -0.0712      7.387  1240.2295 2.5652e+02     3.1230     -0.716     -1.039    24.5736 0.0000e+00
     -0.730 5.9353e-20     7.4453     89.457      0.512   0.507447    -0.0705      7.386  1240.2295 3.2975e+02     2.0440     -0.717     -1.039    24.5733 0.0000e+00
     -0.730 6.5288e-19     7.4467     89.449      0.501   0.495826    -0.0741      7.381  1240.2295 8.2198e+02     1.4747     -0.716     -1.039    24.5736 0.0000e+00
     -0.730 7.1817e-18     7.4472     89.440      0.501   0.495712    -0.0731      7.372  1240.2295 1.2551e+03     1.5008     -0.717     -1.039    24.5734 0.0000e+00
     -0.730 7.8999e-17     7.4510     89.443      0.511   0.506077    -0.0743      7.363  1240.2295 8.6418e+02     1.4024     -0.716     -1.039    24.5730 0.0000e+00
     -0.730 8.6899e-16     7.4502     89.463      0.499   0.494466    -0.0809      7.357  1240.2295 4.6244e+02     1.1735     -0.716     -1.038    24.5721 0.0000e+00
     -0.731 9.5589e-15     7.4497     89.478      0.486   0.481998    -0.0697      7.357  1240.2295 7.1095e+02     1.0901     -0.717     -1.039    24.5715 0.0000e+00
     -0.731 1.0515e-13     7.4488     89.477      0.486   0.481998    -0.0470      7.363  1240.2295 1.3623e+03     1.0780     -0.717     -1.039    24.5712 0.0000e+00
     -0.730 1.1566e-12     7.4483     89.470      0.499   0.494467    -0.0563      7.371  1240.2295 1.5693e+03     1.0267     -0.716     -1.039    24.5703 0.0000e+00
     -0.730 1.2723e-11     7.4518     89.472      0.511   0.506087    -0.0734      7.377  1240.2295 1.3875e+03     1.0511     -0.716     -1.038    24.5694 0.0000e+00
     -0.730 1.3995e-10     7.4529     89.485      0.501   0.495827    -0.0624      7.381  1240.2295 1.7693e+03     1.1671     -0.716     -1.038    24.5688 0.0000e+00
     -0.730 1.5395e-09     7.4529     89.485      0.502   0.497083    -0.0574      7.385  1240.2295 2.1395e+03     1.2004     -0.716     -1.038    24.5680 0.0000e+00
     -0.730 1.6934e-08     7.4516     89.480      0.526   0.521268    -0.0705      7.387  1240.2295 2.1299e+03     1.1457     -0.716     -1.038    24.5672 0.0000e+00
     -0.730 1.8627e-07     7.4515     89.488      0.540   0.534905    -0.0793      7.387  1240.2295 2.1326e+03     1.1542     -0.716     -1.038    24.5665 0.0000e+00
     -0.730 1.8627e-07     7.4542     89.493      0.540   0.535280    -0.0715      7.387  1240.2295 2.1134e+03     1.2352     -0.716     -1.038    24.5659 0.0000e+00
     -0.730 1.6934e-08     7.4537     89.508      0.531   0.525810    -0.0432      7.386  1240.2295 1.6453e+03     1.3403     -0.716     -1.038    24.5655 0.0000e+00
     -0.730 1.5395e-09     7.4520     89.536      0.552   0.547083     0.0125      7.385  1240.2295 7.5663e+02     2.1174     -0.716     -1.038    24.5652 0.0000e+00
     -0.730 1.3995e-10     7.4545     89.531      0.671   0.665805     0.5530      7.384  1240.2295 2.6750e+02    11.2119     -0.716     -1.038    24.5649 0.0000e+00
     -0.730 1.2723e-11     7.4543     89.514      0.765   0.757840     1.5640      7.383  1240.2295 2.3481e+02    27.9514     -0.716     -1.038    24.5643 0.0000e+00
     -0.730 1.1567e-12     7.4538     89.517      0.716   0.709798     2.0993      7.383  1240.2295 2.5226e+02    37.0979     -0.715     -1.037    24.5636 0.0000e+00
     -0.730 1.0518e-13     7.4606     89.532      0.661   0.654979     2.1138      7.384  1240.2295 2.5789e+02    38.3154     -0.716     -1.038    24.5630 0.0000e+00
     -0.730 9.8837e-15     7.4579     89.552      0.672   0.665076     2.0560      7.385  1240.2295 3.0383e+02    43.0819     -0.715     -1.037    24.5614 0.0000e+00
     -0.730 4.4407e-15     7.4555     89.562      0.712   0.705203     1.9753      7.387  1240.2295 3.5349e+02    51.7228     -0.716     -1.038    24.5592 0.0000e+00
     -0.729 3.9368e-14     7.4578     89.560      0.767   0.760123     1.9699      7.388  1240.2295 3.0196e+02    56.4023     -0.715     -1.037    24.5566 0.0000e+00
     -0.729 4.3219e-13     7.4580     89.558      0.830   0.822401     2.4232      7.387  1240.2295 2.5684e+02    56.8257     -0.715     -1.037    24.5539 0.0000e+00
     -0.729 4.7540e-12     7.4619     89.570      0.896   0.888149     7.6392      7.384  1240.2295 2.6736e+02    57.0470     -0.715     -1.037    24.5518 0.0000e+00
     -0.729 5.2294e-11     7.4621     89.588      0.930   0.921699    65.1284      7.383  1240.2295 2.7306e+02    58.9078     -0.715     -1.037    24.5502 0.0000e+00
     -0.729 5.7523e-10     7.4624     89.580      0.919   0.911347   170.4843      7.383  1240.2295 2.7423e+02    62.3135     -0.715     -1.037    24.5485 0.0000e+00
     -0.729 6.3275e-09     7.4614     89.560      0.897   0.889659   227.4994      7.384  1240.2295 2.7128e+02    64.2697     -0.715     -1.037    24.5476 0.0000e+00
     -0.730 6.9603e-08     7.4626     89.565      0.857   0.849499   227.4994      7.386  1240.2295 2.6107e+02    65.6515     -0.716     -1.038    24.5463 0.0000e+00
     -0.730 7.6563e-07     7.4662     89.600      0.813   0.805801   170.4928      7.386  1240.2295 2.4732e+02    78.8157     -0.716     -1.038    24.5460 0.0000e+00
     -0.729      0.000     7.4649     89.625      0.812   0.804683    65.1475      7.385  1240.2293 2.4108e+02   102.8197     -0.715     -1.037    24.5442 0.0000e+00
     -0.729      0.000     7.4617     89.605      0.844   0.835976     7.6594      7.377  1240.2278 2.4687e+02   115.7071     -0.715     -1.037    24.5450 0.0000e+00
     -0.729      0.001     7.4621     89.579      1.071   1.057489     2.4114      7.282  1240.2104 2.5860e+02   115.1466     -0.715     -1.037    24.5419 0.0000e+00
     -0.729      0.006     7.4657     89.593      1.897   1.836136     1.6619      7.300  1240.0190 2.6736e+02    96.1799     -0.715     -1.037    24.5457 0.0000e+00
     -0.729      0.018     7.4713     89.666      6.467   6.006719     1.0939      7.638  1237.9142 2.7094e+02    61.1070     -0.715     -1.037    24.5383 0.0000e+00
     -0.729      0.036     7.4659     89.804     16.159  14.605859     0.7959      7.963  1214.7611 2.7422e+02    41.9012     -0.716     -1.038    24.5488 0.0000e+00
     -0.724      0.060     7.4645     89.941     26.790  23.550514     0.7878      8.159   960.0767 2.8049e+02    39.4757     -0.715     -1.037    24.5298 0.0000e+00
     -0.708      0.090     7.4626     90.059     34.490  29.588451     0.8712      8.351   496.1479 2.8746e+02    30.7203     -0.701     -1.017    24.5576 0.0000e+00
     -0.678      0.124     7.6035     90.189     37.477  31.547477     0.9806      8.487   248.8040 2.9196e+02    14.7784     -0.665     -0.965    23.5825 0.0000e+00
     -0.641      0.152     7.9870     90.542     37.769  31.254171     1.0200      8.573   232.8122 2.9637e+02     6.0438     -0.630     -0.914    21.1334 0.0000e+00
     -0.596      0.171     8.3247     91.488     38.065  31.053030     1.0309      8.635   233.8748 3.0473e+02     5.2824     -0.591     -0.859    19.1050 0.0000e+00
     -0.539      0.180     8.5393     92.718     38.426  31.018046     1.0790      8.676   233.4313 3.1557e+02     5.6063     -0.529     -0.768    17.9161 0.0000e+00
     -0.479      0.179     8.7085     93.518     38.774  31.084540     1.1278      8.698   234.0743 3.2351e+02     6.2359     -0.462     -0.669    17.0355 0.0000e+00
     -0.434      0.174     8.8410     93.881     39.264  31.349265     1.1379      8.708   237.1744 3.2945e+02     6.5417     -0.423     -0.613    16.3435 0.0000e+00
     -0.399      0.164     9.0646     94.135     40.084  31.934915     1.1350      8.713   241.6623 3.3697e+02     6.5716     -0.393     -0.571    15.7265 0.0000e+00
     -0.362      0.153     9.3154     94.345     41.019  32.646361     1.1341      8.714   246.3500 3.4341e+02     6.5967     -0.354     -0.514    15.3068 0.0000e+00
     -0.325      0.144     9.4370     94.505     41.611  33.099759     1.1611      8.710   249.3710 3.4918e+02     6.7430     -0.318     -0.462    15.0435 0.0000e+00
     -0.288      0.138     9.4857     94.590     41.788  33.229775     1.2187      8.705   251.4305 3.5702e+02     7.0086     -0.282     -0.410    14.8950 0.0000e+00
     -0.251      0.131     9.5326     94.604     41.817  33.266733     1.2406      8.697   253.1823 3.6247e+02     7.1093     -0.246     -0.357    14.8134 0.0000e+00
     -0.216      0.119     9.5578     94.705     41.833  33.356293     1.2429      8.685   255.0655 3.4169e+02     7.0384     -0.211     -0.306    14.7871 0.0000e+00
     -0.184      0.101     9.5780     94.951     41.752  33.424522     1.2704      8.674   257.8524 2.9771e+02     6.8687     -0.179     -0.259    14.7685 0.0000e+00
     -0.158      0.080     9.5951     95.203     41.427  33.267079     1.3155      8.664   260.2929 2.7988e+02     6.5946     -0.152     -0.220    14.7502 0.0000e+00
     -0.139      0.059     9.5865     95.349     41.041  32.975423     1.3392      8.656   261.7719 2.8803e+02     6.3885     -0.132     -0.192    14.7448 0.0000e+00
     -0.131      0.040     9.5770     95.365     41.036  32.943393     1.3327      8.650   262.7430 2.9593e+02     6.3239     -0.125     -0.182    14.8252 0.0000e+00
     -0.129      0.025     9.5658     95.278     41.373  33.196974     1.3277      8.643   263.1730 3.1278e+02     6.2917     -0.126     -0.183    15.0434 0.0000e+00
     -0.128      0.016     9.5623     95.122     41.660  33.440289     1.3285      8.636   263.5292 3.4475e+02     6.2386     -0.125     -0.182    15.1978 0.0000e+00
     -0.127      0.015     9.5796     94.951     41.920  33.664820     1.3344      8.628   264.2104 3.7771e+02     6.1940     -0.126     -0.182    15.1900 0.0000e+00
     -0.125      0.018     9.5923     94.821     42.192  33.881568     1.3409      8.618   264.6123 3.7179e+02     6.1624     -0.123     -0.178    15.1265 0.0000e+00
     -0.121      0.023     9.5896     94.753     42.306  33.967303     1.3819      8.609   264.6026 3.2115e+02     6.1644     -0.119     -0.173    15.0963 0.0000e+00
     -0.112      0.027     9.5644     94.747     42.256  33.940086     1.4727      8.601   264.8673 2.7738e+02     6.1837     -0.111     -0.162    15.1315 0.0000e+00
     -0.102      0.028     9.5378     94.790     42.053  33.806283     1.5232      8.591   265.4043 2.5867e+02     6.1571     -0.098     -0.143    15.1628 0.0000e+00
     -0.093      0.027     9.5276     94.883     41.709  33.554989     1.5182      8.581   265.8466 2.5256e+02     6.1156     -0.089     -0.130    15.1514 0.0000e+00
     -0.086      0.026     9.5242     95.013     41.322  33.249176     1.5620      8.574   266.2580 2.5687e+02     6.0911     -0.084     -0.122    15.1300 0.0000e+00
     -0.081      0.023     9.5216     95.116     40.987  32.963689     1.6694      8.568   266.8505 2.6228e+02     6.1011     -0.078     -0.114    15.1473 0.0000e+00
     -0.076      0.019     9.5158     95.171     40.776  32.767754     1.7425      8.562   267.5040 2.5700e+02     6.1681     -0.074     -0.108    15.1941 0.0000e+00
     -0.072      0.017     9.5169     95.193     40.666  32.656477     1.7475      8.554   268.1367 2.4544e+02     6.1828     -0.070     -0.103    15.2308 0.0000e+00
     -0.068      0.014     9.5324     95.179     40.580  32.569842     1.7293      8.546   268.8209 2.4009e+02     6.1083     -0.067     -0.097    15.2398 0.0000e+00
     -0.064      0.012     9.5488     95.132     40.495  32.481537     1.7309      8.539   269.7541 2.4357e+02     6.0535     -0.062     -0.090    15.2116 0.0000e+00
     -0.060      0.009     9.5607     95.065     40.367  32.350043     1.7579      8.533   270.9889 2.5047e+02     6.0668     -0.059     -0.086    15.1729 0.0000e+00
     -0.058      0.006     9.5696     94.973     40.202  32.185290     1.7812      8.528   271.9630 2.5397e+02     6.1320     -0.057     -0.083    15.1453 0.0000e+00
     -0.058      0.004     9.5715     94.871     40.024  32.012038     1.7799      8.523   272.5839 2.5138e+02     6.1589     -0.056     -0.082    15.1281 0.0000e+00
     -0.058      0.002     9.5698     94.793     39.772  31.777782     1.7087      8.517   273.1618 2.4874e+02     6.2208     -0.057     -0.082    15.1091 0.0000e+00
     -0.058      0.001     9.5721     94.729     39.485  31.509790     1.5869      8.512   273.5298 2.5275e+02     6.4029     -0.057     -0.082    15.0680 0.0000e+00
     -0.058      0.000     9.5722     94.665     39.283  31.309243     1.5220      8.507   273.7634 2.5654e+02     6.5164     -0.057     -0.083    15.0223 0.0000e+00
     -0.058      0.000     9.5662     94.624     39.175  31.192625     1.5231      8.502   274.4381 2.5053e+02     6.4999     -0.056     -0.081    14.9880 0.0000e+00
     -0.058      0.001     9.5677     94.603     39.092  31.114720     1.5673      8.497   275.4067 2.4289e+02     6.4082     -0.057     -0.082    14.9489 0.0000e+00
     -0.058      0.001     9.5730     94.573     39.018  31.065081     1.6406      8.492   276.0967 2.4212e+02     6.3292     -0.057     -0.082    14.8984 0.0000e+00
     -0.057      0.001     9.5757     94.517     38.957  31.036511     1.6847      8.487   276.7570 2.4682e+02     6.3649     -0.056     -0.081    14.8435 0.0000e+00
     -0.057      0.001     9.5814     94.435     38.911  31.023057     1.6922      8.482   277.3679 2.5467e+02     6.3954     -0.056     -0.082    14.7990 0.0000e+00
     -0.056      0.002     9.5838     94.262     38.888  31.029306     1.6992      8.476   276.5999 2.5810e+02     6.2888     -0.055     -0.081    14.7822 0.0000e+00
