Data/DataNotYetUploadedToEDI/Raw_CTD/RawDownloads/040124_bvr50_S7809002.cnv
* Sea-Bird SBE19plus  Data File:
* FileName = C:\R\Reservoirs\Data\DataNotYetUploadedToEDI\Raw_CTD\RawDownloads\032524_fcr50_S7809_0002.hex
* Software version 2.8.0.119
* Temperature SN = 7809
* Conductivity SN = 7809
* System UpLoad Time = Apr 02 2024 15:03:18
* <ApplicationData>
* <Seaterm232>
# nquan = 15
# nvalues = 2552                        
# units = specified
# name 0 = depFM: Depth [fresh water, m]
# name 1 = dz/dtM: Descent Rate [m/s]
# name 2 = sbeox0Mg/L: Oxygen, SBE 43 [mg/l]
# name 3 = sbeox0PS: Oxygen, SBE 43 [% saturation]
# name 4 = specc: Specific Conductance [uS/cm]
# name 5 = c0uS/cm: Conductivity [uS/cm]
# name 6 = flECO-AFL: Fluorescence, WET Labs ECO-AFL/FL [mg/m^3]
# name 7 = ph: pH
# name 8 = orp: Oxidation Reduction Potential [mV]
# name 9 = par/sat/log: PAR/Logarithmic, Satlantic
# name 10 = turbWETntu0: Turbidity, WET Labs ECO [NTU]
# name 11 = prdM: Pressure, Strain Gauge [db]
# name 12 = prdE: Pressure, Strain Gauge [psi]
# name 13 = tv290C: Temperature [ITS-90, deg C]
# name 14 = flag:  0.000e+00
# span 0 =     -0.794,      9.487       
# span 1 =     -0.313,      0.154       
# span 2 =     4.1316,    10.6818       
# span 3 =     37.171,    101.441       
# span 4 =      0.184,     86.421       
# span 5 =   0.175581,  59.705923       
# span 6 =    -0.0993,    23.8978       
# span 7 =     -2.174,      7.777       
# span 8 = -1240.7455,   883.2805       
# span 9 = 1.2362e-01, 2.2626e+03       
# span 10 =    -0.3074,   260.1552      
# span 11 =     -0.779,      9.304      
# span 12 =     -1.129,     13.495      
# span 13 =     9.4490,    22.4348      
# span 14 = 0.0000e+00, 0.0000e+00      
# interval = seconds: 0.25
# start_time = Apr 01 2024 12:14:21 [Instrument's time stamp, header]
# bad_flag = -9.990e-29
*END*
[from data line 1061]
     -0.147      0.000    10.5087     99.487     28.908  21.953730     4.3581      7.246   263.9802 2.7397e+02     5.9794     -0.144     -0.208    12.9667 0.0000e+00
     -0.147     -0.000    10.5089     99.410     28.885  21.935923     4.3652      7.246   264.0444 2.6879e+02     6.0308     -0.145     -0.210    12.9674 0.0000e+00
     -0.147     -0.001    10.4908     99.356     28.922  21.964659     4.3754      7.247   264.0404 2.6887e+02     5.9782     -0.144     -0.209    12.9679 0.0000e+00
     -0.147     -0.002    10.4950     99.333     28.947  21.984134     4.3991      7.248   264.0189 2.8111e+02     5.9241     -0.144     -0.208    12.9680 0.0000e+00
     -0.148     -0.002    10.4927     99.340     28.943  21.981180     4.4349      7.249   264.0428 2.8142e+02     5.9223     -0.144     -0.209    12.9680 0.0000e+00
     -0.149     -0.002    10.4780     99.372     28.958  21.992345     4.4586      7.250   263.9847 2.7604e+02     5.9566     -0.146     -0.212    12.9682 0.0000e+00
     -0.150     -0.001    10.4754     99.411     28.958  21.992308     4.4534      7.250   263.9185 2.7559e+02     5.9291     -0.148     -0.214    12.9695 0.0000e+00
     -0.150      0.001    10.4706     99.404     28.944  21.980733     4.4296      7.250   264.1890 2.7510e+02     5.8631     -0.147     -0.213    12.9706 0.0000e+00
     -0.150      0.004    10.4729     99.354     28.943  21.979207     4.4121      7.251   264.4159 2.7216e+02     5.9099     -0.147     -0.214    12.9708 0.0000e+00
     -0.150      0.007    10.4753     99.343     28.937  21.973862     4.4166      7.251   264.3385 2.6502e+02     5.9826     -0.147     -0.214    12.9703 0.0000e+00
     -0.148      0.008    10.4832     99.367     28.945  21.979513     4.4185      7.250   264.2858 2.6546e+02     5.9915     -0.146     -0.211    12.9692 0.0000e+00
     -0.143      0.007    10.4842     99.387     28.951  21.984124     4.3765      7.250   264.0372 2.6906e+02     5.9825     -0.141     -0.204    12.9682 0.0000e+00
     -0.138      0.006    10.4717     99.411     28.928  21.966203     4.3164      7.251   263.7410 2.6458e+02     5.9765     -0.134     -0.195    12.9667 0.0000e+00
     -0.136      0.004    10.4735     99.433     28.910  21.953049     4.2991      7.252   263.7164 2.6493e+02     5.9872     -0.131     -0.191    12.9656 0.0000e+00
     -0.137      0.002    10.4784     99.498     28.908  21.951905     4.3094      7.252   263.8257 2.7305e+02     5.9757     -0.134     -0.194    12.9653 0.0000e+00
     -0.140      0.000    10.4782     99.648     28.908  21.952369     4.3076      7.251   264.1154 2.7504e+02     5.9057     -0.137     -0.201    12.9647 0.0000e+00
     -0.141     -0.002    10.4831     99.764     28.917  21.958658     4.3270      7.249   264.2948 2.7137e+02     5.8233     -0.139     -0.203    12.9643 0.0000e+00
     -0.140     -0.003    10.4838     99.720     28.925  21.964534     4.3771      7.248   264.1017 2.7217e+02     5.8002     -0.138     -0.200    12.9645 0.0000e+00
     -0.140     -0.004    10.4852     99.631     28.919  21.960017     4.4141      7.248   263.9318 2.7192e+02     5.8651     -0.136     -0.198    12.9657 0.0000e+00
     -0.140     -0.006    10.5068     99.604     28.928  21.967449     4.4332      7.248   263.8758 2.7370e+02     5.9250     -0.137     -0.198    12.9672 0.0000e+00
     -0.142     -0.007    10.5295     99.593     28.958  21.990984     4.4000      7.248   263.8547 2.9087e+02     5.9090     -0.138     -0.200    12.9662 0.0000e+00
     -0.146     -0.007    10.5158     99.613     28.958  21.990936     4.3288      7.247   263.8481 3.0597e+02     5.9110     -0.142     -0.206    12.9640 0.0000e+00
     -0.151     -0.006    10.4996     99.630     28.927  21.966878     4.3050      7.247   263.7100 3.1016e+02     5.9500     -0.148     -0.215    12.9645 0.0000e+00
     -0.153     -0.003    10.5046     99.575     28.910  21.953729     4.3038      7.249   263.5616 3.0850e+02     5.9350     -0.152     -0.221    12.9659 0.0000e+00
     -0.152      0.001    10.4986     99.557     28.917  21.958770     4.2969      7.252   263.5170 2.9905e+02     5.8669     -0.150     -0.217    12.9673 0.0000e+00
     -0.149      0.006    10.5002     99.590     28.924  21.964421     4.3133      7.254   263.5149 2.9444e+02     5.8097     -0.146     -0.212    12.9678 0.0000e+00
     -0.147      0.010    10.5131     99.590     28.916  21.958656     4.3435      7.254   263.5357 2.9462e+02     5.8242     -0.144     -0.210    12.9659 0.0000e+00
     -0.145      0.011    10.4947     99.586     28.908  21.952461     4.3627      7.254   263.5106 2.9609e+02     5.9054     -0.143     -0.207    12.9652 0.0000e+00
     -0.140      0.010    10.4932     99.566     28.909  21.952934     4.3629      7.254   263.4692 2.9361e+02     5.9382     -0.138     -0.200    12.9663 0.0000e+00
     -0.136      0.009    10.5060     99.537     28.925  21.964377     4.3541      7.255   263.4654 2.8820e+02     5.8790     -0.133     -0.194    12.9666 0.0000e+00
     -0.134      0.008    10.4974     99.567     28.925  21.964000     4.3559      7.255   263.4644 2.8408e+02     5.8384     -0.131     -0.191    12.9665 0.0000e+00
     -0.133      0.006    10.5024     99.682     28.906  21.948374     4.3679      7.255   263.5438 2.7498e+02     5.8921     -0.130     -0.189    12.9666 0.0000e+00
     -0.133      0.004    10.4983     99.763     28.931  21.965668     4.3579      7.255   263.6508 2.7245e+02     5.9821     -0.130     -0.188    12.9661 0.0000e+00
     -0.133      0.003    10.4938     99.783     28.955  21.982877     4.3180      7.255   263.7255 2.8207e+02     6.0040     -0.131     -0.190    12.9658 0.0000e+00
     -0.131      0.002    10.4924     99.845     28.933  21.966213     4.2845      7.255   263.7585 2.9620e+02     5.9518     -0.129     -0.187    12.9644 0.0000e+00
     -0.130      0.001    10.5133     99.899     28.917  21.954411     4.2861      7.256   263.7060 2.9909e+02     5.9313     -0.127     -0.184    12.9614 0.0000e+00
     -0.130      0.001    10.5278     99.900     28.933  21.966996     4.2969      7.256   263.6070 2.8235e+02     5.9268     -0.127     -0.185    12.9581 0.0000e+00
     -0.131      0.001    10.5153     99.824     28.964  21.991566     4.3149      7.256   263.5078 2.6644e+02     5.8634     -0.128     -0.186    12.9568 0.0000e+00
     -0.131      0.001    10.5336     99.689     28.971  21.997854     4.3621      7.256   263.7111 2.7636e+02     5.8134     -0.129     -0.187    12.9567 0.0000e+00
     -0.131      0.002    10.5355     99.563     28.945  21.979616     4.3929      7.256   264.0002 2.9383e+02     5.8353     -0.129     -0.187    12.9568 0.0000e+00
     -0.131      0.003    10.5389     99.499     28.920  21.961275     4.4047      7.257   263.8196 2.8712e+02     5.8888     -0.128     -0.186    12.9579 0.0000e+00
     -0.130      0.003    10.5303     99.551     28.929  21.966316     4.4126      7.257   263.6781 2.8762e+02     5.8794     -0.127     -0.184    12.9608 0.0000e+00
     -0.129      0.003    10.5088     99.547     28.949  21.977161     4.4059      7.256   263.8381 3.2075e+02     5.8247     -0.126     -0.183    12.9630 0.0000e+00
     -0.127      0.003    10.5002     99.446     28.939  21.965575     4.4066      7.256   263.9476 3.4415e+02     5.8425     -0.123     -0.179    12.9649 0.0000e+00
     -0.126      0.003    10.4796     99.483     28.926  21.953045     4.4211      7.257   263.8841 3.5024e+02     5.8886     -0.122     -0.177    12.9674 0.0000e+00
     -0.126      0.005    10.5020     99.660     28.928  21.952473     4.4231      7.257   263.5001 3.8018e+02     5.8696     -0.124     -0.179    12.9633 0.0000e+00
     -0.126      0.010    10.5078     99.707     28.938  21.958648     4.4059      7.255   261.8866 4.0258e+02     5.8191     -0.123     -0.180    12.9541 0.0000e+00
     -0.125      0.021    10.4801     99.571     28.947  21.964299     4.3957      7.251   259.3452 4.0397e+02     5.8238     -0.121     -0.176    12.9472 0.0000e+00
     -0.123      0.036    10.4863     99.464     28.939  21.957390     4.4082      7.246   259.1866 4.3752e+02     5.8915     -0.122     -0.177    12.9433 0.0000e+00
     -0.118      0.051    10.5211     99.396     28.915  21.938525     4.4910      7.242   261.2595 4.5908e+02     5.9885     -0.120     -0.176    12.9406 0.0000e+00
     -0.100      0.062    10.5321     99.293     28.899  21.926430     4.6139      7.241   261.1776 4.3644e+02     6.0750     -0.102     -0.148    12.9376 0.0000e+00
     -0.071      0.067    10.4990     99.213     28.914  21.937958     4.6624      7.241   258.9710 4.0356e+02     6.1174     -0.069     -0.100    12.9360 0.0000e+00
     -0.044      0.066    10.4928     99.157     28.930  21.951103     4.6699      7.243   257.7235 3.6330e+02     6.1603     -0.039     -0.055    12.9349 0.0000e+00
     -0.025      0.060    10.4928     99.133     28.939  21.958543     4.7122      7.244   257.5382 3.6068e+02     6.1493     -0.021     -0.029    12.9327 0.0000e+00
     -0.015      0.050    10.4735     99.184     28.947  21.964516     4.7506      7.244   257.5046 3.7791e+02     6.0185     -0.014     -0.021    12.9325 0.0000e+00
     -0.010      0.041    10.4688     99.273     28.942  21.959905     4.7423      7.245   257.5753 3.4560e+02     5.8763     -0.012     -0.016    12.9336 0.0000e+00
     -0.005      0.037    10.4619     99.346     28.950  21.966204     4.7203      7.247   257.6197 3.1415e+02     5.8306     -0.006     -0.009    12.9351 0.0000e+00
      0.003      0.040    10.4553     99.436     28.965  21.977265     4.7170      7.249   257.6975 3.1885e+02     5.8416      0.002      0.002    12.9358 0.0000e+00
      0.014      0.048    10.4631     99.550     28.952  21.966828     4.7280      7.251   257.9130 3.3241e+02     5.8396      0.013      0.020    12.9354 0.0000e+00
      0.027      0.056    10.4771     99.640     28.952  21.966824     4.7446      7.252   258.1602 3.3944e+02     5.8406      0.025      0.038    12.9351 0.0000e+00
      0.042      0.060    10.4807     99.668     28.966  21.977209     4.7679      7.253   258.5355 3.2635e+02     5.8871      0.039      0.055    12.9348 0.0000e+00
      0.062      0.060    10.4901     99.641     28.950  21.965577     4.7940      7.254   259.0091 3.0411e+02     5.9575      0.059      0.086    12.9343 0.0000e+00
      0.083      0.055    10.5058     99.621     28.933  21.953000     4.8597      7.254   259.3261 2.8662e+02     5.9401      0.084      0.121    12.9337 0.0000e+00
      0.099      0.046    10.5153     99.611     28.932  21.951960     4.9630      7.254   259.4432 2.7557e+02     5.8825      0.101      0.145    12.9333 0.0000e+00
      0.109      0.035    10.5206     99.621     28.933  21.953000     5.0111      7.255   259.4779 2.7836e+02     5.8753      0.110      0.160    12.9332 0.0000e+00
      0.113      0.025    10.5111     99.635     28.949  21.965572     5.0181      7.257   259.5743 2.8161e+02     5.8868      0.112      0.163    12.9333 0.0000e+00
      0.114      0.018    10.5118     99.580     28.964  21.977162     5.0054      7.258   259.7482 2.7476e+02     5.9191      0.112      0.162    12.9338 0.0000e+00
      0.115      0.014    10.5102     99.514     28.949  21.966308     4.9483      7.258   259.8597 2.8625e+02     5.8910      0.113      0.164    12.9340 0.0000e+00
      0.118      0.013    10.5084     99.524     28.940  21.961163     4.9023      7.259   259.8036 2.9936e+02     5.8203      0.115      0.168    12.9345 0.0000e+00
      0.123      0.013    10.5189     99.595     28.962  21.978361     4.8993      7.259   259.6719 2.8456e+02     5.8492      0.120      0.175    12.9346 0.0000e+00
      0.128      0.014    10.5073     99.695     28.969  21.984022     4.9689      7.260   259.7312 2.7771e+02     5.9330      0.126      0.183    12.9341 0.0000e+00
      0.132      0.016    10.4951     99.783     28.945  21.966205     5.0867      7.261   260.2626 2.7780e+02     5.9464      0.130      0.189    12.9361 0.0000e+00
      0.135      0.022    10.4985     99.838     28.928  21.953159     5.1328      7.258   261.1064 2.6602e+02     5.8743      0.132      0.192    12.9398 0.0000e+00
      0.137      0.031    10.5053     99.868     28.928  21.953107     5.1197      7.253   261.7599 2.6644e+02     5.8464      0.135      0.195    12.9417 0.0000e+00
      0.142      0.041    10.5180     99.890     28.945  21.965576     5.1191      7.247   262.1400 2.7366e+02     5.9170      0.137      0.198    12.9422 0.0000e+00
      0.152      0.051    10.5284     99.890     28.960  21.977105     5.1252      7.243   262.4336 2.6241e+02     5.9424      0.143      0.208    12.9421 0.0000e+00
      0.172      0.057    10.5330     99.788     28.945  21.965680     5.1278      7.241   262.6427 2.5080e+02     5.8799      0.167      0.243    12.9421 0.0000e+00
      0.197      0.060    10.5367     99.630     28.930  21.954257     5.1261      7.241   262.7749 2.5183e+02     5.8437      0.197      0.286    12.9423 0.0000e+00
      0.217      0.060    10.5362     99.519     28.945  21.965803     5.1215      7.243   262.9994 2.4862e+02     5.8468      0.215      0.311    12.9420 0.0000e+00
      0.228      0.057    10.5444     99.459     28.962  21.978466     5.1547      7.246   263.2926 2.4343e+02     5.8834      0.225      0.326    12.9414 0.0000e+00
      0.236      0.052    10.5304     99.449     28.964  21.980549     5.2196      7.247   263.4801 2.3829e+02     5.9108      0.230      0.334    12.9411 0.0000e+00
      0.246      0.045    10.5061     99.464     28.978  21.990984     5.2405      7.248   263.6331 2.2518e+02     5.8704      0.239      0.346    12.9407 0.0000e+00
      0.261      0.040    10.4994     99.495     28.960  21.977825     5.2491      7.249   263.7654 2.1291e+02     5.8732      0.257      0.372    12.9406 0.0000e+00
      0.276      0.035    10.4889     99.520     28.920  21.948262     5.3982      7.251   263.7894 2.0986e+02     5.9446      0.273      0.396    12.9405 0.0000e+00
      0.286      0.028    10.4924     99.564     28.922  21.950578     5.6456      7.251   263.7513 2.0981e+02     5.9820      0.282      0.409    12.9405 0.0000e+00
      0.290      0.018    10.4917     99.663     28.911  21.942423     5.7594      7.252   263.7342 2.1037e+02     5.9498      0.285      0.414    12.9413 0.0000e+00
      0.291      0.008    10.4963     99.684     28.872  21.913059     5.7419      7.253   263.8410 2.1149e+02     5.8970      0.287      0.416    12.9427 0.0000e+00
      0.291      0.001    10.5004     99.632     28.872  21.912581     5.6421      7.253   264.0100 2.1040e+02     5.8904      0.287      0.416    12.9439 0.0000e+00
      0.289     -0.004    10.4953     99.597     28.903  21.936643     5.4763      7.253   264.0564 2.0976e+02     5.9044      0.283      0.412    12.9449 0.0000e+00
      0.286     -0.007    10.5196     99.511     28.921  21.950368     5.3771      7.254   264.0582 2.0857e+02     5.8949      0.280      0.405    12.9454 0.0000e+00
      0.285     -0.008    10.5205     99.393     28.921  21.951708     5.3497      7.255   264.2036 2.0466e+02     5.9129      0.279      0.404    12.9452 0.0000e+00
      0.284     -0.008    10.5036     99.293     28.921  21.952851     5.3206      7.255   264.4378 2.0286e+02     5.9513      0.280      0.406    12.9448 0.0000e+00
      0.281     -0.007    10.5127     99.218     28.935  21.964191     5.2831      7.255   264.5669 2.0484e+02     5.9484      0.276      0.401    12.9450 0.0000e+00
      0.276     -0.005    10.4968     99.202     28.932  21.962001     5.2622      7.256   264.5600 2.0819e+02     5.9463      0.269      0.391    12.9455 0.0000e+00
      0.274     -0.002    10.4836     99.282     28.886  21.926367     5.2506      7.258   264.5273 2.0672e+02     5.9256      0.268      0.388    12.9462 0.0000e+00
