Data/DataNotYetUploadedToEDI/Raw_CTD/RawDownloads/040124_fcr50_S7809003.cnv
* Sea-Bird SBE19plus  Data File:
* FileName = C:\R\Reservoirs\Data\DataNotYetUploadedToEDI\Raw_CTD\RawDownloads\032524_fcr50_S7809_0003.hex
* Software version 2.8.0.119
* Temperature SN = 7809
* Conductivity SN = 7809
* System UpLoad Time = Apr 02 2024 15:04:34
* <ApplicationData>
* <Seaterm232>
# nquan = 15
# nvalues = 3008                        
# units = specified
# name 0 = depFM: Depth [fresh water, m]
# name 1 = dz/dtM: Descent Rate [m/s]
# name 2 = sbeox0Mg/L: Oxygen, SBE 43 [mg/l]
# name 3 = sbeox0PS: Oxygen, SBE 43 [% saturation]
# name 4 = specc: Specific Conductance [uS/cm]
# name 5 = c0uS/cm: Conductivity [uS/cm]
# name 6 = flECO-AFL: Fluorescence, WET Labs ECO-AFL/FL [mg/m^3]
# name 7 = ph: pH
# name 8 = orp: Oxidation Reduction Potential [mV]
# name 9 = par/sat/log: PAR/Logarithmic, Satlantic
# name 10 = turbWETntu0: Turbidity, WET Labs ECO [NTU]
# name 11 = prdM: Pressure, Strain Gauge [db]
# name 12 = prdE: Pressure, Strain Gauge [psi]
# name 13 = tv290C: Temperature [ITS-90, deg C]
# name 14 = flag:  0.000e+00
# span 0 =     -0.731,      9.621       
# span 1 =     -0.494,      4.428       
# span 2 =     4.9152,    10.8812       
# span 3 =     43.199,    105.354       
# span 4 =      0.474,    106.931       
# span 5 =   0.470502,  74.080589       
# span 6 =    -1.5455,   227.5569       
# span 7 =      7.282,      8.714       
# span 8 =    72.5881,  1240.2295       
# span 9 = 1.2356e-01, 2.1395e+03       
# span 10 =    -3.5451,   175.7928      
# span 11 =     -0.717,      9.436      
# span 12 =     -1.039,     13.686      
# span 13 =     9.0627,    24.5848      
# span 14 = 0.0000e+00, 0.0000e+00      
# interval = seconds: 0.25
# start_time = Apr 01 2024 14:38:40 [Instrument's time stamp, header]
# bad_flag = -9.990e-29
*END*
[from data line 1254]
      1.263      0.061    10.6215     97.319     37.494  27.282624     5.3700      7.912   310.3519 4.1428e+02     7.1055      1.240      1.798    11.4771 0.0000e+00
      1.277      0.061    10.6155     97.349     37.518  27.280110     5.4402      7.912   311.7339 4.1330e+02     7.1709      1.251      1.814    11.4445 0.0000e+00
      1.291      0.059    10.6191     97.354     37.524  27.266160     5.4820      7.911   313.9833 4.0950e+02     7.2149      1.265      1.834    11.4174 0.0000e+00
      1.309      0.057    10.6226     97.382     37.509  27.240782     5.4757      7.911   315.0072 3.9970e+02     7.1933      1.282      1.861    11.4025 0.0000e+00
      1.326      0.056    10.6383     97.433     37.506  27.226944     5.4725      7.912   314.9080 3.9287e+02     7.1150      1.304      1.890    11.3817 0.0000e+00
      1.338      0.054    10.6482     97.498     37.519  27.225687     5.5519      7.912   314.1604 3.8951e+02     7.1557      1.314      1.905    11.3531 0.0000e+00
      1.347      0.050    10.6516     97.570     37.531  27.225572     5.6941      7.912   312.9372 3.8597e+02     7.3095      1.318      1.911    11.3264 0.0000e+00
      1.361      0.045    10.6608     97.619     37.540  27.225553     5.7688      7.912   312.4219 3.8397e+02     7.3352      1.333      1.934    11.3080 0.0000e+00
      1.377      0.041    10.6700     97.649     37.546  27.225438     5.7808      7.912   313.4370 3.7924e+02     7.2611      1.353      1.963    11.2944 0.0000e+00
      1.387      0.041    10.6802     97.698     37.547  27.224179     5.8724      7.912   315.3163 3.7379e+02     7.2334      1.363      1.976    11.2788 0.0000e+00
      1.393      0.043    10.6934     97.722     37.528  27.210332     6.0524      7.912   316.2151 3.7234e+02     7.2743      1.364      1.979    11.2668 0.0000e+00
      1.399      0.045    10.7012     97.666     37.496  27.184858     6.1674      7.912   316.1309 3.6798e+02     7.3456      1.370      1.986    11.2594 0.0000e+00
      1.409      0.049    10.7015     97.585     37.486  27.169877     6.1975      7.912   316.0190 3.6193e+02     7.3778      1.380      2.001    11.2525 0.0000e+00
      1.424      0.054    10.7109     97.521     37.483  27.156039     6.3412      7.912   315.5510 3.5839e+02     7.4249      1.395      2.023    11.2493 0.0000e+00
      1.444      0.059    10.7181     97.465     37.487  27.144384     6.6324      7.912   314.6873 3.5267e+02     7.5386      1.417      2.055    11.2509 0.0000e+00
      1.461      0.061    10.7069     97.412     37.526  27.155777     6.8133      7.913   314.6101 3.4823e+02     7.6261      1.435      2.081    11.2496 0.0000e+00
      1.475      0.059    10.6986     97.346     37.566  27.166928     6.8468      7.913   315.6505 3.4721e+02     7.6628      1.446      2.097    11.2407 0.0000e+00
      1.490      0.057    10.6980     97.273     37.568  27.152338     6.9467      7.914   316.5976 3.4246e+02     7.7084      1.460      2.118    11.2230 0.0000e+00
      1.506      0.055    10.6955     97.221     37.525  27.106208     7.1302      7.914   316.8559 3.3596e+02     7.8022      1.478      2.144    11.2029 0.0000e+00
      1.518      0.055    10.6968     97.182     37.476  27.053123     7.2343      7.914   316.7946 3.3170e+02     7.8741      1.489      2.160    11.1807 0.0000e+00
      1.528      0.054    10.6959     97.148     37.455  27.017869     7.2564      7.914   316.6302 3.2596e+02     7.8266      1.496      2.169    11.1545 0.0000e+00
      1.543      0.053    10.6906     97.130     37.450  26.997060     7.2889      7.914   316.0730 3.2001e+02     7.7060      1.511      2.192    11.1338 0.0000e+00
      1.560      0.053    10.6907     97.131     37.462  26.991780     7.3118      7.915   315.3924 3.1791e+02     7.6113      1.532      2.222    11.1165 0.0000e+00
      1.574      0.053    10.6926     97.137     37.512  27.017440     7.3087      7.915   315.3689 3.1571e+02     7.6046      1.546      2.241    11.0922 0.0000e+00
      1.584      0.052    10.6951     97.130     37.561  27.053598     7.3172      7.915   315.7029 3.1087e+02     7.6586      1.552      2.251    11.0629 0.0000e+00
      1.597      0.051    10.6991     97.100     37.528  27.048415     7.3400      7.915   316.1620 3.0639e+02     7.6500      1.566      2.270    11.0396 0.0000e+00
      1.611      0.051    10.7040     97.020     37.449  27.018220     7.4097      7.915   316.7897 3.0289e+02     7.6371      1.581      2.293    11.0212 0.0000e+00
      1.624      0.052    10.7101     96.877     37.412  27.005667     7.5357      7.915   317.0112 2.9889e+02     7.7417      1.593      2.310    11.0053 0.0000e+00
      1.636      0.053    10.7100     96.691     37.445  27.023499     7.6072      7.916   315.9161 2.9494e+02     7.8557      1.604      2.327    11.0001 0.0000e+00
      1.650      0.052    10.7018     96.521     37.493  27.043549     7.6171      7.916   314.0452 2.9106e+02     7.9225      1.616      2.344    11.0274 0.0000e+00
      1.665      0.051    10.6801     96.398     37.533  27.057796     7.6633      7.917   313.4047 2.8666e+02     7.9684      1.634      2.370    11.0807 0.0000e+00
      1.680      0.052    10.6592     96.335     37.563  27.068899     7.7331      7.918   313.7637 2.8217e+02     8.0004      1.650      2.393    11.1010 0.0000e+00
      1.690      0.052    10.6397     96.342     37.547  27.050930     7.7704      7.919   314.4291 2.7849e+02     8.0712      1.657      2.403    11.0831 0.0000e+00
      1.700      0.051    10.6250     96.382     37.524  27.030803     7.7897      7.919   315.4273 2.7565e+02     8.1409      1.666      2.416    11.0615 0.0000e+00
      1.715      0.051    10.6174     96.434     37.509  27.015817     7.7664      7.919   315.9380 2.7290e+02     7.9893      1.681      2.438    11.0420 0.0000e+00
      1.731      0.051    10.6109     96.489     37.491  26.996582     7.6959      7.919   314.8397 2.7000e+02     7.6732      1.699      2.464    11.0269 0.0000e+00
      1.745      0.053    10.6179     96.497     37.493  26.988497     7.6542      7.920   312.5583 2.6657e+02     7.5296      1.713      2.485    11.0193 0.0000e+00
      1.756      0.055    10.6229     96.445     37.501  26.981464     7.6536      7.920   311.4127 2.6325e+02     7.5506      1.722      2.498    11.0157 0.0000e+00
      1.767      0.056    10.6290     96.344     37.510  26.974961     7.6633      7.920   312.0011 2.6046e+02     7.4837      1.732      2.512    11.0111 0.0000e+00
      1.782      0.057    10.6403     96.167     37.520  26.973278     7.6628      7.920   313.0471 2.5616e+02     7.2669      1.746      2.532    11.0043 0.0000e+00
      1.799      0.059    10.6453     95.954     37.511  26.961103     7.6559      7.920   313.5626 2.5031e+02     7.1492      1.764      2.559    10.9908 0.0000e+00
      1.817      0.059    10.6413     95.738     37.508  26.954599     7.6544      7.921   313.2442 2.4630e+02     7.1538      1.783      2.587    10.9708 0.0000e+00
      1.832      0.057    10.6394     95.475     37.519  26.958059     7.7120      7.921   312.3802 2.4454e+02     7.1179      1.797      2.606    10.9529 0.0000e+00
      1.847      0.052    10.6192     95.209     37.503  26.939504     7.8359      7.920   311.7204 2.4177e+02     7.1253      1.811      2.626    10.9414 0.0000e+00
      1.860      0.048    10.5935     94.982     37.493  26.920521     7.8957      7.920   311.5478 2.3767e+02     7.1398      1.826      2.649    10.9343 0.0000e+00
      1.870      0.044    10.5785     94.797     37.513  26.918802     7.8774      7.920   311.5843 2.3595e+02     7.1238      1.836      2.662    10.9288 0.0000e+00
      1.878      0.042    10.5445     94.663     37.536  26.918699     7.8811      7.920   311.9890 2.3494e+02     7.1698      1.840      2.669    10.9236 0.0000e+00
      1.888      0.040    10.5162     94.567     37.556  26.919249     7.9727      7.920   312.7424 2.3078e+02     7.2872      1.850      2.684    10.9167 0.0000e+00
      1.901      0.038    10.4954     94.484     37.576  26.925445     8.1204      7.920   313.3790 2.2687e+02     7.4149      1.864      2.704    10.9024 0.0000e+00
      1.911      0.038    10.4794     94.402     37.590  26.930180     8.1934      7.920   313.4050 2.2553e+02     7.4840      1.875      2.721    10.8777 0.0000e+00
      1.920      0.037    10.4723     94.319     37.570  26.913073     8.1897      7.920   312.7999 2.2459e+02     7.5431      1.883      2.731    10.8522 0.0000e+00
      1.928      0.037    10.4663     94.207     37.565  26.908870     8.1836      7.921   312.3434 2.2279e+02     7.6850      1.890      2.742    10.8346 0.0000e+00
      1.936      0.038    10.4611     94.033     37.609  26.942792     8.1696      7.921   312.2731 2.2085e+02     7.8333      1.899      2.755    10.8242 0.0000e+00
      1.946      0.041    10.4523     93.843     37.600  26.942677     8.1455      7.921   312.2086 2.1850e+02     7.8331      1.908      2.766    10.8174 0.0000e+00
      1.956      0.046    10.4458     93.689     37.544  26.907486     8.1424      7.921   312.0795 2.1509e+02     7.7851      1.916      2.779    10.8134 0.0000e+00
      1.969      0.050    10.4364     93.562     37.528  26.897850     8.1404      7.921   312.7770 2.1195e+02     7.7308      1.931      2.800    10.8113 0.0000e+00
      1.983      0.052    10.4138     93.461     37.516  26.889598     8.1126      7.921   314.1884 2.0886e+02     7.5531      1.944      2.820    10.8146 0.0000e+00
      1.998      0.054    10.3864     93.420     37.492  26.871129     8.0806      7.921   314.6909 2.0510e+02     7.3784      1.958      2.840    10.8251 0.0000e+00
      2.013      0.056    10.3696     93.437     37.490  26.864814     8.0530      7.921   314.4634 2.0234e+02     7.2928      1.976      2.866    10.8340 0.0000e+00
      2.026      0.057    10.3558     93.508     37.519  26.876665     7.9865      7.921   313.9333 2.0076e+02     7.4062      1.988      2.884    10.8344 0.0000e+00
      2.039      0.057    10.3414     93.606     37.550  26.887555     7.8769      7.921   313.1868 1.9846e+02     7.6902      1.999      2.899    10.8347 0.0000e+00
      2.054      0.056    10.3383     93.665     37.544  26.869625     7.8101      7.922   314.0405 1.9539e+02     7.8235      2.014      2.921    10.8350 0.0000e+00
      2.069      0.053    10.3414     93.654     37.534  26.850137     7.7861      7.922   316.2538 1.9241e+02     7.7880      2.029      2.942    10.8276 0.0000e+00
      2.085      0.049    10.3524     93.597     37.534  26.842180     7.7616      7.922   317.2333 1.8945e+02     7.7384      2.044      2.965    10.8166 0.0000e+00
      2.100      0.045    10.3709     93.494     37.532  26.836834     7.6966      7.922   317.1071 1.8709e+02     7.7024      2.062      2.991    10.8013 0.0000e+00
      2.110      0.043    10.3837     93.323     37.551  26.848923     7.5834      7.923   316.5354 1.8594e+02     7.6601      2.071      3.003    10.7811 0.0000e+00
      2.115      0.041    10.3846     93.110     37.571  26.861493     7.5079      7.923   315.4832 1.8553e+02     7.6027      2.073      3.007    10.7629 0.0000e+00
      2.121      0.041    10.3807     92.886     37.576  26.861966     7.4912      7.923   314.9677 1.8438e+02     7.5553      2.078      3.014    10.7524 0.0000e+00
      2.133      0.041    10.3729     92.681     37.570  26.854636     7.5407      7.923   315.8957 1.8128e+02     7.5650      2.089      3.031    10.7485 0.0000e+00
      2.148      0.043    10.3517     92.509     37.549  26.836291     7.6472      7.923   317.6686 1.7816e+02     7.6167      2.108      3.058    10.7466 0.0000e+00
      2.161      0.047    10.3277     92.349     37.546  26.830421     7.7140      7.923   318.5940 1.7680e+02     7.6339      2.123      3.078    10.7445 0.0000e+00
      2.171      0.049    10.3034     92.220     37.574  26.847091     7.7155      7.922   318.5660 1.7571e+02     7.5679      2.130      3.087    10.7409 0.0000e+00
      2.181      0.049    10.2787     92.110     37.579  26.847564     7.7405      7.921   318.1046 1.7382e+02     7.4686      2.137      3.100    10.7371 0.0000e+00
      2.194      0.049    10.2644     91.944     37.564  26.836135     7.8084      7.921   317.4901 1.7117e+02     7.3895      2.151      3.120    10.7335 0.0000e+00
      2.208      0.049    10.2457     91.758     37.565  26.835756     7.8369      7.922   317.2445 1.6849e+02     7.3291      2.167      3.141    10.7278 0.0000e+00
      2.222      0.048    10.2312     91.591     37.575  26.842982     7.8277      7.922   317.2862 1.6641e+02     7.2846      2.179      3.160    10.7214 0.0000e+00
      2.235      0.045    10.2282     91.447     37.599  26.860073     7.7303      7.922   317.5643 1.6441e+02     7.2621      2.191      3.178    10.7190 0.0000e+00
      2.247      0.041    10.2042     91.375     37.591  26.852124     7.5415      7.922   318.0254 1.6256e+02     7.2958      2.205      3.198    10.7183 0.0000e+00
      2.257      0.039    10.1822     91.354     37.536  26.810295     7.4497      7.922   318.3013 1.6142e+02     7.3493      2.215      3.213    10.7165 0.0000e+00
      2.263      0.039    10.1668     91.315     37.524  26.798291     7.4446      7.923   318.3193 1.6076e+02     7.3286      2.219      3.220    10.7164 0.0000e+00
      2.270      0.039    10.1447     91.257     37.580  26.833830     7.4306      7.923   318.1567 1.5959e+02     7.3193      2.225      3.227    10.7175 0.0000e+00
      2.280      0.041    10.1396     91.207     37.625  26.859444     7.4299      7.923   317.7127 1.5765e+02     7.4426      2.236      3.242    10.7147 0.0000e+00
      2.292      0.045    10.1426     91.162     37.628  26.854287     7.4448      7.923   316.9078 1.5597e+02     7.5891      2.249      3.261    10.7103 0.0000e+00
      2.304      0.050    10.1384     91.121     37.612  26.834891     7.4609      7.923   316.5128 1.5449e+02     7.6558      2.259      3.276    10.7066 0.0000e+00
      2.317      0.054    10.1314     91.051     37.592  26.815194     7.4582      7.922   317.0664 1.5223e+02     7.6333      2.271      3.294    10.6997 0.0000e+00
      2.333      0.058    10.1295     90.952     37.587  26.806395     7.4376      7.922   317.6642 1.4968e+02     7.6255      2.288      3.318    10.6908 0.0000e+00
      2.349      0.062    10.1252     90.861     37.574  26.791924     7.4281      7.922   318.1488 1.4777e+02     7.7325      2.305      3.343    10.6817 0.0000e+00
      2.364      0.064    10.1255     90.743     37.545  26.767066     7.4344      7.922   318.7093 1.4577e+02     7.8337      2.317      3.361    10.6708 0.0000e+00
      2.380      0.065    10.1212     90.594     37.538  26.759522     7.4387      7.922   318.0745 1.4295e+02     7.8579      2.332      3.382    10.6622 0.0000e+00
      2.399      0.067    10.1060     90.465     37.549  26.764133     7.3802      7.921   316.5823 1.4022e+02     7.8207      2.353      3.413    10.6564 0.0000e+00
      2.416      0.068    10.1026     90.329     37.551  26.759387     7.2593      7.920   316.0691 1.3824e+02     7.7599      2.371      3.438    10.6487 0.0000e+00
      2.431      0.066    10.0911     90.164     37.572  26.765553     7.2013      7.919   316.2572 1.3625e+02     7.7722      2.383      3.456    10.6426 0.0000e+00
      2.449      0.061    10.0700     90.009     37.597  26.775261     7.2110      7.919   316.7910 1.3361e+02     7.7984      2.400      3.482    10.6406 0.0000e+00
      2.469      0.056    10.0595     89.875     37.567  26.749901     7.1445      7.919   317.7058 1.3128e+02     7.7009      2.424      3.516    10.6382 0.0000e+00
      2.484      0.052    10.0483     89.775     37.521  26.712625     7.0040      7.919   318.1980 1.3044e+02     7.5839      2.441      3.540    10.6299 0.0000e+00
