Data/DataNotYetUploadedToEDI/Raw_CTD/RawDownloads/040124_bvr50_S7809002.cnv
* Sea-Bird SBE19plus  Data File:
* FileName = C:\R\Reservoirs\Data\DataNotYetUploadedToEDI\Raw_CTD\RawDownloads\032524_fcr50_S7809_0002.hex
* Software version 2.8.0.119
* Temperature SN = 7809
* Conductivity SN = 7809
* System UpLoad Time = Apr 02 2024 15:03:18
* <ApplicationData>
* <Seaterm232>
# nquan = 15
# nvalues = 2552                        
# units = specified
# name 0 = depFM: Depth [fresh water, m]
# name 1 = dz/dtM: Descent Rate [m/s]
# name 2 = sbeox0Mg/L: Oxygen, SBE 43 [mg/l]
# name 3 = sbeox0PS: Oxygen, SBE 43 [% saturation]
# name 4 = specc: Specific Conductance [uS/cm]
# name 5 = c0uS/cm: Conductivity [uS/cm]
# name 6 = flECO-AFL: Fluorescence, WET Labs ECO-AFL/FL [mg/m^3]
# name 7 = ph: pH
# name 8 = orp: Oxidation Reduction Potential [mV]
# name 9 = par/sat/log: PAR/Logarithmic, Satlantic
# name 10 = turbWETntu0: Turbidity, WET Labs ECO [NTU]
# name 11 = prdM: Pressure, Strain Gauge [db]
# name 12 = prdE: Pressure, Strain Gauge [psi]
# name 13 = tv290C: Temperature [ITS-90, deg C]
# name 14 = flag:  0.000e+00
# span 0 =     -0.794,      9.487       
# span 1 =     -0.313,      0.154       
# span 2 =     4.1316,    10.6818       
# span 3 =     37.171,    101.441       
# span 4 =      0.184,     86.421       
# span 5 =   0.175581,  59.705923       
# span 6 =    -0.0993,    23.8978       
# span 7 =     -2.174,      7.777       
# span 8 = -1240.7455,   883.2805       
# span 9 = 1.2362e-01, 2.2626e+03       
# span 10 =    -0.3074,   260.1552      
# span 11 =     -0.779,      9.304      
# span 12 =     -1.129,     13.495      
# span 13 =     9.4490,    22.4348      
# span 14 = 0.0000e+00, 0.0000e+00      
# interval = seconds: 0.25
# start_time = Apr 01 2024 12:14:21 [Instrument's time stamp, header]
# bad_flag = -9.990e-29
*END*
[from data line 386]
     -0.081      0.025    10.3786     98.280     28.908  21.982118     4.5457      7.101   259.2159 4.1312e+02     5.8947     -0.079     -0.115    13.0216 0.0000e+00
     -0.076      0.022    10.3719     98.301     28.927  21.994422     4.7468      7.101   258.7590 4.1100e+02     5.9220     -0.076     -0.110    13.0209 0.0000e+00
     -0.071      0.020    10.3621     98.347     28.953  22.014440     4.8583      7.102   258.2813 4.0274e+02     5.9835     -0.071     -0.103    13.0195 0.0000e+00
     -0.065      0.019    10.3498     98.405     28.975  22.033925     4.8531      7.102   258.2580 3.9383e+02     5.9881     -0.064     -0.093    13.0185 0.0000e+00
     -0.060      0.018    10.3489     98.432     28.977  22.039793     4.7094      7.101   258.1333 3.9031e+02     5.9442     -0.059     -0.086    13.0178 0.0000e+00
     -0.056      0.015    10.3532     98.411     28.950  22.021985     4.4529      7.101   257.8917 3.9581e+02     5.8963     -0.056     -0.080    13.0142 0.0000e+00
     -0.051      0.011    10.3580     98.358     28.932  22.008842     4.3225      7.101   257.8324 4.0889e+02     5.9213     -0.050     -0.072    13.0112 0.0000e+00
     -0.049      0.007    10.3649     98.285     28.932  22.007699     4.3071      7.100   257.9319 4.1741e+02     5.9398     -0.046     -0.067    13.0188 0.0000e+00
     -0.049      0.005    10.3665     98.221     28.934  22.008162     4.2829      7.099   257.9772 4.2347e+02     5.8802     -0.047     -0.069    13.0293 0.0000e+00
     -0.049      0.003    10.3614     98.167     28.944  22.014441     4.2053      7.099   257.9487 4.2958e+02     5.8497     -0.049     -0.071    13.0325 0.0000e+00
     -0.049      0.001    10.3567     98.092     28.949  22.020205     4.0847      7.100   257.9320 4.0974e+02     5.8790     -0.049     -0.070    13.0327 0.0000e+00
     -0.048      0.001    10.3471     98.016     28.939  22.014450     4.0317      7.100   257.9466 3.9579e+02     5.9267     -0.047     -0.068    13.0319 0.0000e+00
     -0.047      0.001    10.3407     97.976     28.929  22.008265     4.0305      7.100   257.9544 4.1037e+02     5.9145     -0.047     -0.068    13.0278 0.0000e+00
     -0.047      0.001    10.3388     97.961     28.927  22.008836     4.0452      7.100   258.0260 4.1347e+02     5.8681     -0.047     -0.068    13.0255 0.0000e+00
     -0.047      0.001    10.3281     97.944     28.938  22.021356     4.1008      7.100   258.1241 4.1151e+02     5.9123     -0.046     -0.067    13.0301 0.0000e+00
     -0.047      0.001    10.3169     97.919     28.951  22.032827     4.1451      7.100   258.1942 4.1321e+02     5.9703     -0.047     -0.068    13.0343 0.0000e+00
     -0.047      0.001    10.3139     97.901     28.937  22.020727     4.1481      7.099   258.2717 4.1715e+02     5.9551     -0.047     -0.068    13.0333 0.0000e+00
     -0.046      0.001    10.3128     97.929     28.915  22.001863     4.1627      7.098   258.2009 4.2994e+02     5.8987     -0.046     -0.066    13.0379 0.0000e+00
     -0.046      0.001    10.3084     97.998     28.907  21.994965     4.2130      7.099   257.9394 4.4341e+02     5.8697     -0.045     -0.066    13.0481 0.0000e+00
     -0.046      0.001    10.3054     98.092     28.915  22.000730     4.2481      7.099   257.8632 4.5821e+02     5.9113     -0.046     -0.067    13.0510 0.0000e+00
     -0.045      0.001    10.3013     98.213     28.927  22.008163     4.2549      7.099   258.0539 4.6584e+02     5.9237     -0.045     -0.065    13.0470 0.0000e+00
     -0.045      0.001    10.3064     98.337     28.947  22.021419     4.2119      7.099   258.1805 4.5724e+02     5.8497     -0.044     -0.064    13.0424 0.0000e+00
     -0.045      0.001    10.3152     98.456     28.966  22.034195     4.1272      7.099   258.1895 4.5270e+02     5.8353     -0.045     -0.065    13.0414 0.0000e+00
     -0.045      0.001    10.3234     98.554     28.970  22.035820     4.0877      7.099   258.2485 4.6462e+02     5.9210     -0.044     -0.063    13.0415 0.0000e+00
     -0.045      0.001    10.3395     98.586     28.978  22.041061     4.0918      7.099   258.2920 4.6672e+02     5.9631     -0.044     -0.064    13.0382 0.0000e+00
     -0.045      0.000    10.3527     98.546     28.969  22.034153     4.1698      7.099   258.1993 4.4675e+02     5.9341     -0.045     -0.065    13.0343 0.0000e+00
     -0.044 4.2828e-07    10.3657     98.462     28.944  22.015708     4.3152      7.099   258.1599 4.2732e+02     5.8784     -0.044     -0.064    13.0319 0.0000e+00
     -0.044      0.000    10.3800     98.378     28.933  22.008266     4.4002      7.099   258.2454 4.2642e+02     5.8700     -0.043     -0.062    13.0295 0.0000e+00
     -0.044      0.000    10.3831     98.313     28.932  22.007590     4.4238      7.099   258.3739 4.3727e+02     5.9350     -0.044     -0.063    13.0266 0.0000e+00
     -0.045      0.001    10.3788     98.238     28.933  22.007534     4.4260      7.099   258.5939 4.2724e+02     5.9471     -0.044     -0.064    13.0255 0.0000e+00
     -0.045      0.001    10.3674     98.173     28.936  22.007581     4.3932      7.100   258.7554 4.0958e+02     5.8799     -0.044     -0.064    13.0276 0.0000e+00
     -0.044      0.001    10.3561     98.124     28.938  22.008151     4.3606      7.100   258.6915 4.1370e+02     5.8739     -0.044     -0.063    13.0299 0.0000e+00
     -0.043      0.001    10.3531     98.062     28.945  22.014431     4.3649      7.100   258.6820 4.1226e+02     5.9430     -0.043     -0.063    13.0300 0.0000e+00
     -0.043      0.001    10.3428     98.013     28.952  22.020101     4.3704      7.100   258.8116 4.0186e+02     5.9642     -0.042     -0.061    13.0281 0.0000e+00
     -0.043      0.000    10.3361     98.005     28.943  22.013307     4.3014      7.101   258.8823 3.9672e+02     5.9247     -0.042     -0.060    13.0242 0.0000e+00
     -0.044      0.000    10.3350     98.011     28.920  21.995690     4.1809      7.102   258.8480 3.8848e+02     5.9095     -0.043     -0.062    13.0219 0.0000e+00
     -0.044      0.000    10.3257     98.033     28.922  21.997314     4.1277      7.102   258.7416 3.7868e+02     5.9515     -0.043     -0.062    13.0243 0.0000e+00
     -0.044     -0.001    10.3174     98.075     28.968  22.032949     4.1407      7.102   258.8856 3.7959e+02     5.9537     -0.043     -0.062    13.0263 0.0000e+00
     -0.043     -0.002    10.3203     98.136     28.984  22.046092     4.2057      7.102   259.1267 3.9567e+02     5.8684     -0.043     -0.062    13.0265 0.0000e+00
     -0.043     -0.004    10.3194     98.226     28.961  22.029417     4.3228      7.103   259.0763 3.9632e+02     5.8080     -0.042     -0.060    13.0261 0.0000e+00
     -0.044     -0.007    10.3214     98.310     28.949  22.021565     4.3912      7.104   259.0501 3.9140e+02     5.8388     -0.042     -0.061    13.0262 0.0000e+00
     -0.045     -0.010    10.3271     98.374     28.938  22.014563     4.4000      7.104   259.1545 3.9856e+02     5.8996     -0.045     -0.065    13.0272 0.0000e+00
     -0.048     -0.010    10.3298     98.424     28.929  22.008162     4.3463      7.105   259.0478 3.9625e+02     5.8940     -0.047     -0.068    13.0286 0.0000e+00
     -0.053     -0.006    10.3436     98.461     28.929  22.007580     4.2331      7.105   257.9319 3.9646e+02     5.8380     -0.051     -0.073    13.0304 0.0000e+00
     -0.059      0.001    10.3510     98.505     28.934  22.007523     4.1801      7.101   256.0724 3.8751e+02     5.8725     -0.059     -0.086    13.0324 0.0000e+00
     -0.062      0.003    10.3565     98.550     28.946  22.007467     4.1961      7.096   255.6663 3.7163e+02     5.9689     -0.064     -0.093    13.0351 0.0000e+00
     -0.057     -0.002    10.3627     98.549     28.957  22.006895     4.2103      7.093   257.0651 3.5963e+02     5.9444     -0.060     -0.086    13.0360 0.0000e+00
     -0.044     -0.013    10.3645     98.482     28.952  22.000597     4.2185      7.092   258.6167 3.4542e+02     5.8498     -0.043     -0.062    13.0359 0.0000e+00
     -0.035     -0.023    10.3707     98.434     28.940  21.994728     4.2281      7.089   259.5426 3.4505e+02     5.8153     -0.026     -0.037    13.0314 0.0000e+00
     -0.048     -0.029    10.3814     98.466     28.939  21.999338     4.2441      7.085   259.8277 3.5951e+02     5.8350     -0.038     -0.054    13.0133 0.0000e+00
     -0.078     -0.032    10.3890     98.512     28.925  21.992936     4.2534      7.082   259.8271 3.8102e+02     5.8485     -0.081     -0.116    12.9925 0.0000e+00
     -0.102     -0.031    10.3780     98.498     28.907  21.980735     4.2411      7.080   259.9651 3.9014e+02     5.8090     -0.109     -0.159    12.9866 0.0000e+00
     -0.105     -0.023    10.3669     98.427     28.906  21.978639     4.2280      7.079   260.0331 3.8858e+02     5.8015     -0.107     -0.155    12.9953 0.0000e+00
     -0.097     -0.010    10.3724     98.362     28.895  21.967593     4.2360      7.078   259.7892 3.9528e+02     5.8600     -0.093     -0.135    13.0077 0.0000e+00
     -0.090      0.000    10.3784     98.339     28.906  21.973985     4.2630      7.078   259.5975 4.0068e+02     5.9013     -0.085     -0.124    13.0165 0.0000e+00
     -0.088      0.003    10.3761     98.318     28.933  21.992515     4.3383      7.080   259.5224 3.9962e+02     5.8907     -0.086     -0.125    13.0180 0.0000e+00
     -0.088      0.000    10.3669     98.270     28.946  22.001415     4.4470      7.082   259.4834 3.9256e+02     5.8688     -0.087     -0.126    13.0138 0.0000e+00
     -0.091     -0.003    10.3578     98.209     28.969  22.018185     4.4955      7.084   259.5557 3.8251e+02     5.8760     -0.087     -0.127    13.0098 0.0000e+00
     -0.097     -0.004    10.3601     98.184     28.954  22.005045     4.5007      7.086   259.6220 3.8904e+02     5.9090     -0.096     -0.139    13.0068 0.0000e+00
     -0.100     -0.003    10.3591     98.210     28.909  21.969355     4.5094      7.088   259.7698 3.9604e+02     5.9262     -0.102     -0.148    13.0023 0.0000e+00
     -0.098     -0.002    10.3546     98.222     28.906  21.967106     4.5090      7.088   260.0523 3.8987e+02     5.8792     -0.096     -0.139    13.0002 0.0000e+00
     -0.094      0.001    10.3459     98.190     28.919  21.977854     4.5134      7.087   260.2833 3.9318e+02     5.8528     -0.090     -0.131    13.0004 0.0000e+00
     -0.094      0.004    10.3414     98.153     28.911  21.972491     4.5127      7.085   260.3268 4.0474e+02     5.9138     -0.091     -0.133    12.9975 0.0000e+00
     -0.095      0.006    10.3503     98.128     28.903  21.965677     4.4672      7.081   260.1476 4.1156e+02     5.9686     -0.093     -0.135    12.9943 0.0000e+00
     -0.096      0.007    10.3522     98.119     28.894  21.958872     4.3954      7.080   259.9227 4.0906e+02     5.9347     -0.096     -0.139    12.9942 0.0000e+00
     -0.094      0.008    10.3457     98.141     28.889  21.953623     4.3522      7.081   259.7591 3.9907e+02     5.8447     -0.094     -0.136    12.9961 0.0000e+00
     -0.088      0.010    10.3410     98.180     28.907  21.965625     4.3529      7.083   259.6327 4.0080e+02     5.8378     -0.085     -0.122    12.9974 0.0000e+00
     -0.083      0.012    10.3400     98.253     28.924  21.977163     4.3861      7.085   259.6846 4.0779e+02     5.9194     -0.081     -0.116    12.9963 0.0000e+00
     -0.082      0.012    10.3360     98.348     28.913  21.966316     4.4122      7.086   259.7836 3.9342e+02     5.9436     -0.080     -0.117    12.9950 0.0000e+00
     -0.080      0.010    10.3422     98.409     28.909  21.961285     4.4022      7.087   259.6264 3.8197e+02     5.8906     -0.079     -0.115    12.9941 0.0000e+00
     -0.077      0.006    10.3448     98.453     28.935  21.979740     4.3905      7.088   259.3323 3.8720e+02     5.8600     -0.076     -0.110    12.9902 0.0000e+00
     -0.073      0.004    10.3525     98.482     28.960  21.999226     4.3958      7.089   259.1525 3.8849e+02     5.8802     -0.071     -0.104    12.9866 0.0000e+00
     -0.072      0.003    10.3691     98.488     28.966  22.006658     4.3913      7.090   259.0877 3.8664e+02     5.8962     -0.069     -0.101    12.9842 0.0000e+00
     -0.074      0.002    10.3720     98.479     28.960  22.006199     4.3698      7.092   259.1513 3.8508e+02     5.8822     -0.073     -0.105    12.9799 0.0000e+00
     -0.075      0.001    10.3790     98.452     28.939  21.993679     4.3525      7.092   259.2324 3.8508e+02     5.8821     -0.075     -0.109    12.9772 0.0000e+00
     -0.075      0.001    10.3821     98.418     28.922  21.982094     4.3575      7.092   258.6057 3.8520e+02     5.9290     -0.075     -0.109    12.9782 0.0000e+00
     -0.074      0.001    10.3807     98.404     28.938  21.992948     4.3376      7.092   257.2521 3.9231e+02     5.9367     -0.073     -0.105    12.9830 0.0000e+00
     -0.073      0.002    10.3786     98.406     28.949  21.998094     4.2784      7.091   256.1170 4.0469e+02     5.8724     -0.071     -0.103    12.9913 0.0000e+00
     -0.074      0.004    10.3735     98.390     28.930  21.980904     4.2405      7.090   255.1193 4.2049e+02     5.8348     -0.071     -0.103    12.9984 0.0000e+00
     -0.074      0.004    10.3681     98.396     28.925  21.975339     4.2214      7.088   254.0509 4.4898e+02     5.8924     -0.073     -0.106    13.0006 0.0000e+00
     -0.072      0.003    10.3667     98.476     28.950  21.994204     4.1964      7.084   253.5244 4.4883e+02     5.9874     -0.071     -0.104    12.9975 0.0000e+00
     -0.069      0.002    10.3721     98.567     28.981  22.018783     4.1553      7.082   253.5723 4.0907e+02     5.9932     -0.068     -0.097    12.9915 0.0000e+00
     -0.068      0.000    10.3691     98.606     28.981  22.018878     4.1148      7.083   254.8882 3.6828e+02     5.9284     -0.067     -0.096    12.9859 0.0000e+00
     -0.068     -0.003    10.3663     98.596     28.951  21.995356     4.1065      7.084   257.3882 3.4242e+02     5.9218     -0.067     -0.097    12.9818 0.0000e+00
     -0.069     -0.005    10.3792     98.540     28.941  21.988020     4.0305      7.086   258.7632 3.4905e+02     5.9817     -0.067     -0.097    12.9823 0.0000e+00
     -0.073     -0.006    10.3914     98.448     28.948  21.993585     3.8536      7.087   258.8647 3.8190e+02     6.0032     -0.071     -0.103    12.9860 0.0000e+00
     -0.078     -0.004    10.3937     98.367     28.955  21.999236     3.7328      7.090   258.8728 3.9174e+02     5.9427     -0.076     -0.111    12.9860 0.0000e+00
     -0.080     -0.001    10.3932     98.332     28.947  21.992939     3.7008      7.091   258.8618 3.8716e+02     5.8655     -0.081     -0.117    12.9837 0.0000e+00
     -0.080      0.004    10.3878     98.346     28.931  21.980847     3.7334      7.091   258.9048 4.2908e+02     5.8550     -0.080     -0.116    12.9841 0.0000e+00
     -0.076      0.007    10.3751     98.410     28.930  21.979846     3.8102      7.091   259.0480 5.1062e+02     5.8842     -0.074     -0.108    12.9857 0.0000e+00
     -0.071      0.008    10.3646     98.518     28.931  21.980836     3.8389      7.091   259.1302 5.6276e+02     5.8770     -0.070     -0.102    12.9853 0.0000e+00
     -0.066      0.006    10.3625     98.653     28.945  21.992822     3.8221      7.091   259.0381 5.9004e+02     5.8699     -0.066     -0.096    12.9850 0.0000e+00
     -0.063      0.003    10.3628     98.781     28.950  21.997956     3.7986      7.092   258.9671 6.5702e+02     5.8668     -0.060     -0.087    12.9849 0.0000e+00
     -0.065     -0.001    10.3705     98.866     28.927  21.979511     3.6463      7.092   258.8736 6.7209e+02     5.8743     -0.062     -0.091    12.9846 0.0000e+00
     -0.070     -0.005    10.3816     98.892     28.905  21.960017     3.3710      7.092   257.6502 5.5365e+02     5.8923     -0.069     -0.101    12.9853 0.0000e+00
