Data/DataNotYetUploadedToEDI/Raw_CTD/RawDownloads/040124_bvr50_S7809002.cnv
* Sea-Bird SBE19plus  Data File:
* FileName = C:\R\Reservoirs\Data\DataNotYetUploadedToEDI\Raw_CTD\RawDownloads\032524_fcr50_S7809_0002.hex
* Software version 2.8.0.119
* Temperature SN = 7809
* Conductivity SN = 7809
* System UpLoad Time = Apr 02 2024 15:03:18
* <ApplicationData>
* <Seaterm232>
# nquan = 15
# nvalues = 2552                        
# units = specified
# name 0 = depFM: Depth [fresh water, m]
# name 1 = dz/dtM: Descent Rate [m/s]
# name 2 = sbeox0Mg/L: Oxygen, SBE 43 [mg/l]
# name 3 = sbeox0PS: Oxygen, SBE 43 [% saturation]
# name 4 = specc: Specific Conductance [uS/cm]
# name 5 = c0uS/cm: Conductivity [uS/cm]
# name 6 = flECO-AFL: Fluorescence, WET Labs ECO-AFL/FL [mg/m^3]
# name 7 = ph: pH
# name 8 = orp: Oxidation Reduction Potential [mV]
# name 9 = par/sat/log: PAR/Logarithmic, Satlantic
# name 10 = turbWETntu0: Turbidity, WET Labs ECO [NTU]
# name 11 = prdM: Pressure, Strain Gauge [db]
# name 12 = prdE: Pressure, Strain Gauge [psi]
# name 13 = tv290C: Temperature [ITS-90, deg C]
# name 14 = flag:  0.000e+00
# span 0 =     -0.794,      9.487       
# span 1 =     -0.313,      0.154       
# span 2 =     4.1316,    10.6818       
# span 3 =     37.171,    101.441       
# span 4 =      0.184,     86.421       
# span 5 =   0.175581,  59.705923       
# span 6 =    -0.0993,    23.8978       
# span 7 =     -2.174,      7.777       
# span 8 = -1240.7455,   883.2805       
# span 9 = 1.2362e-01, 2.2626e+03       
# span 10 =    -0.3074,   260.1552      
# span 11 =     -0.779,      9.304      
# span 12 =     -1.129,     13.495      
# span 13 =     9.4490,    22.4348      
# span 14 = 0.0000e+00, 0.0000e+00      
# interval = seconds: 0.25
# start_time = Apr 01 2024 12:14:21 [Instrument's time stamp, header]
# bad_flag = -9.990e-29
*END*
[from data line 1157]
      0.277      0.008    10.4630     99.678     28.902  21.936751     5.2262      7.261   264.4971 2.1044e+02     5.9515      0.272      0.394    12.9514 0.0000e+00
      0.280      0.013    10.4587     99.947     28.920  21.950358     5.2160      7.263   264.5689 2.0979e+02     5.9605      0.274      0.397    12.9516 0.0000e+00
      0.284      0.019    10.4691    100.124     28.922  21.951492     5.2034      7.266   264.7804 2.0949e+02     5.9098      0.278      0.403    12.9504 0.0000e+00
      0.289      0.025    10.4872    100.279     28.921  21.950471     5.2075      7.267   264.9904 2.0810e+02     5.8850      0.283      0.411    12.9489 0.0000e+00
      0.295      0.032    10.5084    100.449     28.906  21.938009     5.3398      7.267   265.1282 2.0045e+02     5.8998      0.289      0.419    12.9473 0.0000e+00
      0.302      0.038    10.5529    100.580     28.892  21.927626     5.6051      7.268   265.1558 1.9542e+02     5.9514      0.295      0.427    12.9464 0.0000e+00
      0.314      0.042    10.5591    100.638     28.923  21.951741     5.7518      7.268   265.1526 1.9384e+02     5.9279      0.306      0.444    12.9461 0.0000e+00
      0.329      0.042    10.5772    100.580     28.955  21.975950     5.7485      7.268   265.1758 1.8740e+02     5.8211      0.324      0.469    12.9450 0.0000e+00
      0.344      0.039    10.5992    100.441     28.943  21.966708     5.7395      7.268   265.1781 1.8080e+02     5.8216      0.340      0.493    12.9438 0.0000e+00
      0.356      0.032    10.6115    100.317     28.945  21.966811     5.7353      7.268   265.1806 1.7743e+02     5.8992      0.350      0.507    12.9441 0.0000e+00
      0.363      0.022    10.6221    100.244     28.960  21.977196     5.7309      7.269   265.1199 1.7544e+02     5.9404      0.358      0.519    12.9451 0.0000e+00
      0.366      0.015    10.6129    100.159     28.947  21.965451     5.7189      7.270   265.0468 1.7694e+02     5.9437      0.362      0.524    12.9456 0.0000e+00
      0.364      0.013    10.5946    100.060     28.931  21.951617     5.6492      7.269   265.1573 1.7891e+02     5.9396      0.357      0.518    12.9455 0.0000e+00
      0.362      0.016    10.5780     99.990     28.916  21.936743     5.5456      7.269   265.4233 1.8241e+02     5.9586      0.354      0.513    12.9443 0.0000e+00
      0.363      0.024    10.5778     99.975     28.889  21.912419     5.4979      7.268   265.5952 1.8415e+02     5.9339      0.354      0.513    12.9412 0.0000e+00
      0.370      0.035    10.5679    100.039     28.892  21.911154     5.5054      7.268   265.6009 1.8152e+02     5.8807      0.362      0.524    12.9379 0.0000e+00
      0.384      0.046    10.5560    100.151     28.911  21.921435     5.6359      7.268   265.6645 1.7858e+02     5.8963      0.376      0.545    12.9350 0.0000e+00
      0.400      0.053    10.5499    100.251     28.900  21.909905     5.8696      7.268   265.7624 1.7406e+02     5.9515      0.392      0.569    12.9298 0.0000e+00
      0.418      0.057    10.5479    100.332     28.888  21.898566     5.9831      7.267   265.6661 1.7012e+02     6.0010      0.411      0.594    12.9220 0.0000e+00
      0.435      0.057    10.5574    100.395     28.906  21.911142     5.9846      7.267   265.5326 1.6673e+02     5.9825      0.429      0.621    12.9153 0.0000e+00
      0.449      0.053    10.5751    100.438     28.936  21.935143     5.9881      7.267   265.5246 1.6319e+02     5.8650      0.441      0.640    12.9093 0.0000e+00
      0.461      0.048    10.5859    100.459     28.934  21.935134     6.0250      7.267   265.5687 1.5988e+02     5.8436      0.451      0.654    12.9015 0.0000e+00
      0.472      0.045    10.5957    100.444     28.901  21.911037     6.0902      7.268   265.6365 1.5566e+02     5.9290      0.464      0.672    12.8974 0.0000e+00
      0.482      0.044    10.6028    100.402     28.884  21.897422     6.1105      7.269   265.7410 1.5305e+02     5.9073      0.475      0.688    12.8977 0.0000e+00
      0.490      0.044    10.6057    100.340     28.889  21.897328     6.0870      7.268   265.8866 1.5153e+02     5.8198      0.480      0.695    12.9003 0.0000e+00
      0.500      0.042    10.6090    100.271     28.912  21.909897     6.0890      7.268   265.9337 1.4976e+02     5.7941      0.489      0.708    12.9034 0.0000e+00
      0.515      0.039    10.6059    100.224     28.934  21.922571     6.1258      7.268   265.8804 1.4794e+02     5.8361      0.505      0.733    12.9050 0.0000e+00
      0.530      0.036    10.6015    100.201     28.937  21.923742     6.1573      7.268   265.9312 1.4623e+02     5.9173      0.521      0.756    12.9042 0.0000e+00
      0.539      0.032    10.5968    100.202     28.936  21.924055     6.1629      7.268   266.0309 1.4620e+02     5.9548      0.531      0.770    12.8966 0.0000e+00
      0.543      0.026    10.5905    100.257     28.936  21.926359     6.1437      7.268   266.0540 1.4733e+02     5.9830      0.533      0.773    12.8855 0.0000e+00
      0.546      0.020    10.5866    100.334     28.967  21.951609     6.1245      7.270   265.9521 1.4754e+02     6.0880      0.534      0.774    12.8791 0.0000e+00
      0.551      0.015    10.5866    100.382     28.999  21.975715     6.1224      7.272   265.8314 1.4787e+02     6.1304      0.541      0.783    12.8782 0.0000e+00
      0.556      0.011    10.5815    100.390     28.984  21.964195     6.1269      7.272   265.8849 1.4922e+02     6.0861      0.546      0.792    12.8819 0.0000e+00
      0.559      0.009    10.5891    100.361     28.949  21.939136     6.1364      7.273   265.9970 1.4914e+02     6.0304      0.548      0.795    12.8861 0.0000e+00
      0.560      0.008    10.5994    100.328     28.929  21.926359     6.1459      7.275   265.9819 1.4891e+02     5.9344      0.548      0.795    12.8875 0.0000e+00
      0.560      0.008    10.6038    100.325     28.940  21.936528     6.1594      7.277   265.8741 1.5040e+02     5.8831      0.549      0.798    12.8874 0.0000e+00
      0.560      0.012    10.6057    100.357     28.939  21.935271     6.1741      7.278   265.8992 1.5072e+02     5.8540      0.550      0.797    12.8870 0.0000e+00
      0.560      0.017    10.6000    100.415     28.911  21.911165     6.1745      7.279   266.1128 1.5020e+02     5.7873      0.548      0.795    12.8894 0.0000e+00
      0.564      0.022    10.5942    100.478     28.899  21.898693     6.1715      7.280   266.2203 1.4954e+02     5.8284      0.551      0.800    12.8941 0.0000e+00
      0.574      0.026    10.5926    100.482     28.919  21.911278     6.1798      7.280   266.1660 1.4780e+02     5.9404      0.562      0.815    12.8977 0.0000e+00
      0.586      0.029    10.5977    100.414     28.954  21.936518     6.1915      7.281   266.1441 1.4750e+02     5.9461      0.576      0.834    12.8969 0.0000e+00
      0.596      0.032    10.6038    100.312     28.973  21.950229     6.1970      7.282   266.1285 1.4788e+02     5.8974      0.586      0.849    12.8906 0.0000e+00
      0.603      0.033    10.6170    100.183     28.973  21.950238     6.3044      7.283   266.1485 1.4751e+02     5.9322      0.593      0.859    12.8840 0.0000e+00
      0.607      0.032    10.6184    100.053     28.956  21.936632     6.5320      7.283   266.2150 1.4888e+02     6.0588      0.595      0.863    12.8806 0.0000e+00
      0.613      0.031    10.6085     99.976     28.926  21.912537     6.6685      7.283   266.2438 1.4921e+02     6.1638      0.599      0.869    12.8787 0.0000e+00
      0.624      0.030    10.5992     99.962     28.927  21.912527     6.6649      7.283   266.2387 1.4769e+02     6.1775      0.612      0.888    12.8775 0.0000e+00
      0.636      0.030    10.5847     99.974     28.960  21.936518     6.4974      7.283   266.2393 1.4902e+02     6.1223      0.626      0.907    12.8775 0.0000e+00
      0.644      0.029    10.5683    100.019     28.977  21.948981     6.2077      7.283   266.3367 1.5123e+02     6.0083      0.632      0.917    12.8757 0.0000e+00
      0.649      0.026    10.5598    100.107     28.962  21.936394     6.0583      7.283   266.5561 1.5205e+02     5.9267      0.636      0.923    12.8734 0.0000e+00
      0.654      0.021    10.5626    100.196     28.929  21.911145     6.0558      7.283   266.7411 1.5280e+02     5.9559      0.641      0.929    12.8714 0.0000e+00
      0.659      0.017    10.5623    100.250     28.912  21.897320     6.0868      7.283   266.7669 1.5650e+02     5.9518      0.646      0.937    12.8706 0.0000e+00
      0.664      0.014    10.5658    100.265     28.912  21.896065     6.1417      7.284   266.7818 1.6027e+02     5.9103      0.652      0.946    12.8709 0.0000e+00
      0.668      0.012    10.5786    100.263     28.912  21.895961     6.1785      7.285   266.8350 1.6104e+02     5.9673      0.656      0.951    12.8690 0.0000e+00
      0.671      0.011    10.5893    100.280     28.912  21.896064     6.1904      7.286   266.8938 1.6339e+02     5.9923      0.658      0.954    12.8676 0.0000e+00
      0.671      0.011    10.5953    100.307     28.912  21.897319     6.2529      7.287   266.9773 1.6421e+02     5.9044      0.659      0.955    12.8662 0.0000e+00
      0.671      0.014    10.5973    100.317     28.928  21.911134     6.3670      7.287   267.0694 1.6462e+02     5.8268      0.657      0.953    12.8637 0.0000e+00
      0.673      0.020    10.5947    100.328     28.959  21.936278     6.4303      7.286   267.1471 1.7067e+02     5.8403      0.658      0.956    12.8623 0.0000e+00
      0.678      0.025    10.5970    100.357     28.973  21.947711     6.4433      7.284   267.1424 1.7592e+02     5.9313      0.664      0.964    12.8634 0.0000e+00
      0.687      0.030    10.6015    100.362     28.939  21.922558     6.4001      7.283   267.0981 1.7599e+02     5.9701      0.672      0.976    12.8657 0.0000e+00
      0.699      0.030    10.6005    100.322     28.890  21.885781     6.2984      7.282   267.0422 1.7865e+02     5.8993      0.685      0.993    12.8682 0.0000e+00
      0.711      0.028    10.5990    100.265     28.886  21.883495     6.2459      7.280   266.9824 1.8468e+02     5.8612      0.699      1.013    12.8717 0.0000e+00
      0.719      0.023    10.6044    100.188     28.900  21.894919     6.2480      7.280   266.9774 1.8719e+02     5.9197      0.707      1.027    12.8745 0.0000e+00
      0.723      0.019    10.6067    100.098     28.904  21.897093     6.2409      7.280   266.9828 1.8660e+02     5.9569      0.710      1.030    12.8749 0.0000e+00
      0.723      0.014    10.5986    100.028     28.923  21.909773     6.2020      7.279   266.9611 1.8709e+02     5.9005      0.708      1.027    12.8749 0.0000e+00
      0.723      0.011    10.5946     99.977     28.940  21.921415     6.1615      7.279   266.8880 1.8468e+02     5.8193      0.706      1.025    12.8763 0.0000e+00
      0.727      0.010    10.5853     99.955     28.927  21.911031     6.1585      7.280   266.8724 1.7819e+02     5.8288      0.713      1.034    12.8783 0.0000e+00
      0.732      0.012    10.5734     99.977     28.927  21.911041     6.1820      7.281   267.0305 1.7178e+02     5.9136      0.720      1.045    12.8774 0.0000e+00
      0.734      0.017    10.5689    100.044     28.942  21.921540     6.2700      7.282   267.1655 1.6568e+02     5.9225      0.721      1.044    12.8730 0.0000e+00
      0.736      0.022    10.5627    100.133     28.930  21.911155     6.4150      7.282   267.2139 1.6104e+02     5.9016      0.720      1.045    12.8703 0.0000e+00
      0.741      0.028    10.5603    100.193     28.935  21.912289     6.5047      7.282   267.2709 1.5687e+02     5.9689      0.725      1.052    12.8702 0.0000e+00
      0.749      0.035    10.5625    100.227     28.970  21.935252     6.5394      7.281   267.3385 1.5429e+02     6.0175      0.735      1.065    12.8696 0.0000e+00
      0.759      0.042    10.5699    100.251     28.974  21.935158     6.6425      7.279   267.3438 1.5159e+02     5.9773      0.743      1.078    12.8687 0.0000e+00
      0.772      0.047    10.5832    100.227     28.946  21.911147     6.8105      7.278   267.2486 1.4670e+02     5.8934      0.756      1.097    12.8674 0.0000e+00
      0.789      0.049    10.5904    100.152     28.933  21.898570     6.8982      7.276   267.2199 1.4199e+02     5.8571      0.774      1.123    12.8617 0.0000e+00
      0.804      0.050    10.5933    100.090     28.950  21.909900     6.9119      7.274   267.2552 1.3483e+02     5.9140      0.790      1.147    12.8542 0.0000e+00
      0.815      0.050    10.6002    100.065     28.966  21.921325     6.8762      7.272   267.2447 1.2725e+02     5.9999      0.801      1.161    12.8498 0.0000e+00
      0.825      0.049    10.5995    100.065     28.951  21.909890     6.7824      7.272   267.1791 1.2243e+02     6.0762      0.808      1.172    12.8449 0.0000e+00
      0.836      0.048    10.5884    100.104     28.936  21.898456     6.7264      7.274   267.1498 1.1743e+02     6.1195      0.819      1.187    12.8396 0.0000e+00
      0.850      0.050    10.5821    100.195     28.952  21.909889     6.7238      7.276   267.2353 1.1282e+02     6.1479      0.833      1.208    12.8366 0.0000e+00
      0.863      0.054    10.5810    100.322     28.967  21.921314     6.7179      7.278   267.3520 1.1002e+02     6.1803      0.847      1.229    12.8357 0.0000e+00
      0.875      0.057    10.5801    100.482     28.952  21.909776     6.6961      7.279   267.4421 1.0782e+02     6.1693      0.857      1.244    12.8366 0.0000e+00
      0.889      0.057    10.5827    100.643     28.935  21.897200     6.6772      7.279   267.3783 1.0520e+02     6.1176      0.870      1.262    12.8372 0.0000e+00
      0.908      0.055    10.5942    100.728     28.932  21.896065     6.6809      7.280   267.2688 1.0317e+02     6.1015      0.891      1.292    12.8364 0.0000e+00
      0.925      0.052    10.6077    100.744     28.932  21.896055     6.7073      7.281   267.3238 1.0203e+02     6.1451      0.910      1.318    12.8352 0.0000e+00
      0.938      0.050    10.6241    100.704     28.933  21.897085     6.8131      7.282   267.3543 1.0068e+02     6.0988      0.922      1.337    12.8346 0.0000e+00
      0.947      0.049    10.6479    100.566     28.948  21.908518     7.0034      7.283   267.2940 9.9655e+01     5.9170      0.929      1.349    12.8351 0.0000e+00
      0.955      0.049    10.6537    100.367     28.947  21.907468     7.1193      7.284   267.3694 9.8591e+01     5.7920      0.935      1.356    12.8369 0.0000e+00
      0.967      0.050    10.6529    100.152     28.917  21.884400     7.1319      7.284   267.4910 9.7055e+01     5.8171      0.946      1.373    12.8383 0.0000e+00
      0.982      0.051    10.6545     99.922     28.916  21.883239     7.0228      7.285   267.4731 9.5418e+01     5.8784      0.962      1.397    12.8387 0.0000e+00
      0.999      0.051    10.6352     99.703     28.931  21.893425     6.8063      7.285   267.4981 9.3703e+01     5.8842      0.980      1.421    12.8384 0.0000e+00
      1.015      0.048    10.6135     99.548     28.917  21.880744     6.6870      7.285   267.5349 9.2164e+01     5.9212      0.997      1.447    12.8378 0.0000e+00
      1.027      0.043    10.5907     99.447     28.888  21.856724     6.6884      7.285   267.4878 9.0984e+01     6.0195      1.009      1.463    12.8380 0.0000e+00
      1.037      0.037    10.5665     99.400     28.889  21.856629     6.6977      7.286   267.5300 9.0116e+01     6.1157      1.017      1.475    12.8371 0.0000e+00
      1.044      0.032    10.5403     99.482     28.919  21.879592     6.6747      7.288   267.6157 8.9221e+01     6.1283      1.024      1.485    12.8347 0.0000e+00
      1.049      0.031    10.5248     99.613     28.921  21.880735     6.6436      7.288   267.6636 8.8457e+01     6.0694      1.030      1.493    12.8312 0.0000e+00
      1.054      0.035    10.5197     99.704     28.907  21.870454     6.6455      7.288   267.6782 8.7958e+01     6.0860      1.034      1.500    12.8278 0.0000e+00
