Data/DataNotYetUploadedToEDI/Raw_CTD/RawDownloads/040124_fcr50_S7809003.cnv
* Sea-Bird SBE19plus  Data File:
* FileName = C:\R\Reservoirs\Data\DataNotYetUploadedToEDI\Raw_CTD\RawDownloads\032524_fcr50_S7809_0003.hex
* Software version 2.8.0.119
* Temperature SN = 7809
* Conductivity SN = 7809
* System UpLoad Time = Apr 02 2024 15:04:34
* <ApplicationData>
* <Seaterm232>
# nquan = 15
# nvalues = 3008                        
# units = specified
# name 0 = depFM: Depth [fresh water, m]
# name 1 = dz/dtM: Descent Rate [m/s]
# name 2 = sbeox0Mg/L: Oxygen, SBE 43 [mg/l]
# name 3 = sbeox0PS: Oxygen, SBE 43 [% saturation]
# name 4 = specc: Specific Conductance [uS/cm]
# name 5 = c0uS/cm: Conductivity [uS/cm]
# name 6 = flECO-AFL: Fluorescence, WET Labs ECO-AFL/FL [mg/m^3]
# name 7 = ph: pH
# name 8 = orp: Oxidation Reduction Potential [mV]
# name 9 = par/sat/log: PAR/Logarithmic, Satlantic
# name 10 = turbWETntu0: Turbidity, WET Labs ECO [NTU]
# name 11 = prdM: Pressure, Strain Gauge [db]
# name 12 = prdE: Pressure, Strain Gauge [psi]
# name 13 = tv290C: Temperature [ITS-90, deg C]
# name 14 = flag:  0.000e+00
# span 0 =     -0.731,      9.621       
# span 1 =     -0.494,      4.428       
# span 2 =     4.9152,    10.8812       
# span 3 =     43.199,    105.354       
# span 4 =      0.474,    106.931       
# span 5 =   0.470502,  74.080589       
# span 6 =    -1.5455,   227.5569       
# span 7 =      7.282,      8.714       
# span 8 =    72.5881,  1240.2295       
# span 9 = 1.2356e-01, 2.1395e+03       
# span 10 =    -3.5451,   175.7928      
# span 11 =     -0.717,      9.436      
# span 12 =     -1.039,     13.686      
# span 13 =     9.0627,    24.5848      
# span 14 = 0.0000e+00, 0.0000e+00      
# interval = seconds: 0.25
# start_time = Apr 01 2024 14:38:40 [Instrument's time stamp, header]
# bad_flag = -9.990e-29
*END*
[from data line 482]
     -0.005 4.0802e-07    10.1651     96.632     37.513  28.622043     2.1338      7.995   295.6495 9.0179e+02     6.9934     -0.005     -0.007    13.1336 0.0000e+00
     -0.005      0.000    10.1591     96.574     37.512  28.621620     2.1405      7.995   295.1350 9.0088e+02     6.8514     -0.005     -0.007    13.1351 0.0000e+00
     -0.005      0.000    10.1603     96.534     37.522  28.628860     2.1599      7.995   295.9320 8.6966e+02     6.8233     -0.005     -0.007    13.1387 0.0000e+00
     -0.005      0.001    10.1551     96.517     37.545  28.646158     2.1688      7.996   297.8863 8.5316e+02     6.8238     -0.005     -0.007    13.1443 0.0000e+00
     -0.004      0.001    10.1474     96.535     37.539  28.640487     2.1652      7.996   298.7177 8.3653e+02     6.7550     -0.004     -0.006    13.1468 0.0000e+00
     -0.004      0.000    10.1403     96.586     37.517  28.623714     2.1485      7.995   298.5846 8.4981e+02     6.6075     -0.004     -0.006    13.1473 0.0000e+00
     -0.004 1.8474e-08    10.1369     96.672     37.531  28.633639     2.1425      7.995   298.0842 8.6827e+02     6.5425     -0.004     -0.006    13.1475 0.0000e+00
     -0.004 2.0321e-07    10.1334     96.777     37.531  28.633638     2.1594      7.995   297.1416 8.7678e+02     6.6183     -0.004     -0.006    13.1459 0.0000e+00
     -0.004 2.0321e-07    10.1375     96.867     37.517  28.623703     2.1773      7.995   296.7385 8.6402e+02     6.6698     -0.004     -0.006    13.1443 0.0000e+00
     -0.005 1.8474e-08    10.1414     96.911     37.538  28.640371     2.1842      7.994   297.5983 8.3311e+02     6.6881     -0.005     -0.007    13.1437 0.0000e+00
     -0.005 1.6794e-09    10.1516     96.876     37.543  28.644890     2.1851      7.994   299.1053 8.3256e+02     6.7363     -0.005     -0.007    13.1432 0.0000e+00
     -0.005 1.5267e-10    10.1643     96.772     37.502  28.614906     2.1956      7.994   299.8166 8.5657e+02     6.8083     -0.005     -0.007    13.1434 0.0000e+00
     -0.004 1.3880e-11    10.1740     96.627     37.475  28.594990     2.2111      7.994   299.7453 8.6352e+02     6.8414     -0.004     -0.006    13.1442 0.0000e+00
     -0.004 1.2618e-12    10.1808     96.467     37.475  28.594376     2.2143      7.994   299.4482 8.4924e+02     6.7951     -0.004     -0.006    13.1453 0.0000e+00
     -0.005 1.1471e-13    10.1755     96.332     37.493  28.607478     2.2183      7.994   299.0641 8.5419e+02     6.7952     -0.005     -0.007    13.1469 0.0000e+00
     -0.005 1.0428e-14    10.1634     96.251     37.520  28.626543     2.2178      7.994   298.9726 8.7989e+02     6.8429     -0.005     -0.007    13.1485 0.0000e+00
     -0.005 9.4800e-16    10.1470     96.212     37.531  28.634604     2.2087      7.994   299.2885 8.8891e+02     6.8593     -0.005     -0.007    13.1493 0.0000e+00
     -0.005 8.6180e-17    10.1287     96.214     37.541  28.641514     2.2078      7.994   299.8723 8.5473e+02     6.8562     -0.005     -0.007    13.1488 0.0000e+00
     -0.005 7.8345e-18    10.1133     96.251     37.548  28.646661     2.2066      7.994   300.1805 8.2296e+02     6.8052     -0.004     -0.006    13.1471 0.0000e+00
     -0.005 7.1225e-19    10.1066     96.276     37.532  28.633410     2.2110      7.994   300.1752 8.3818e+02     6.7900     -0.005     -0.007    13.1449 0.0000e+00
     -0.004 6.4750e-20    10.1029     96.259     37.500  28.608154     2.2119      7.994   300.3242 8.3744e+02     6.8089     -0.004     -0.006    13.1439 0.0000e+00
     -0.004 5.8865e-21    10.1019     96.237     37.485  28.595007     2.2012      7.994   300.4337 8.0839e+02     6.7268     -0.004     -0.006    13.1437 0.0000e+00
     -0.005 5.3510e-22    10.1092     96.243     37.495  28.601298     2.1977      7.994   299.7777 8.1335e+02     6.5828     -0.005     -0.007    13.1432 0.0000e+00
     -0.005 4.8647e-23    10.1134     96.262     37.524  28.620789     2.1945      7.994   298.7598 8.3079e+02     6.5026     -0.005     -0.007    13.1426 0.0000e+00
     -0.005 4.4224e-24    10.1096     96.301     37.552  28.640384     2.2037      7.994   298.5378 8.3128e+02     6.5771     -0.005     -0.007    13.1414 0.0000e+00
     -0.005 4.0204e-25    10.1057     96.387     37.564  28.647935     2.2255      7.994   298.7274 8.5154e+02     6.7317     -0.005     -0.007    13.1396 0.0000e+00
     -0.004 3.6549e-26    10.1085     96.497     37.567  28.648664     2.2258      7.994   299.1594 8.7678e+02     6.7998     -0.004     -0.006    13.1374 0.0000e+00
     -0.004 3.3227e-27    10.1120     96.606     37.570  28.649194     2.2144      7.993   299.8889 8.8689e+02     6.8205     -0.004     -0.006    13.1335 0.0000e+00
     -0.005 3.0206e-28    10.1131     96.691     37.580  28.654337     2.2046      7.992   299.1159 8.7440e+02     6.8450     -0.005     -0.007    13.1305 0.0000e+00
     -0.005 2.7460e-29    10.1255     96.728     37.576  28.647408     2.1818      7.992   297.0408 8.3795e+02     6.8920     -0.005     -0.007    13.1294 0.0000e+00
     -0.005 2.4963e-30    10.1376     96.723     37.558  28.628852     2.1640      7.992   296.1364 8.1770e+02     6.9785     -0.005     -0.007    13.1276 0.0000e+00
     -0.005 2.2694e-31    10.1502     96.693     37.553  28.620257     2.1568      7.992   296.2698 8.1826e+02     7.0022     -0.004     -0.006    13.1250 0.0000e+00
     -0.005 2.0631e-32    10.1620     96.643     37.541  28.606900     2.1438      7.992   296.8461 8.2702e+02     7.0422     -0.005     -0.007    13.1220 0.0000e+00
     -0.004 1.8756e-33    10.1653     96.559     37.529  28.594215     2.1568      7.992   297.9423 8.3760e+02     7.1547     -0.004     -0.006    13.1168 0.0000e+00
     -0.004 1.7051e-34    10.1667     96.474     37.533  28.593733     2.1898      7.992   298.5106 8.3909e+02     7.1668     -0.004     -0.006    13.1097 0.0000e+00
     -0.004 1.5501e-35    10.1633     96.412     37.547  28.601073     2.2008      7.992   297.6090 8.5233e+02     7.0858     -0.004     -0.006    13.1034 0.0000e+00
     -0.004 1.4092e-36    10.1622     96.354     37.574  28.619524     2.2059      7.993   295.8165 8.6533e+02     7.0630     -0.004     -0.006    13.0976 0.0000e+00
     -0.004 1.2810e-37    10.1520     96.304     37.585  28.626538     2.2179      7.993   294.9055 8.5217e+02     7.0962     -0.005     -0.007    13.0919 0.0000e+00
     -0.004 1.1646e-38    10.1425     96.261     37.581  28.622444     2.2218      7.992   295.1995 8.3847e+02     7.1115     -0.004     -0.006    13.0871 0.0000e+00
     -0.004 1.0587e-39    10.1397     96.228     37.599  28.633457     2.2115      7.990   295.7580 8.2697e+02     7.0772     -0.004     -0.005    13.0838 0.0000e+00
     -0.004 9.6245e-41    10.1321     96.204     37.601  28.632834     2.2021      7.990   295.9790 8.2249e+02     7.0230     -0.004     -0.006    13.0811 0.0000e+00
     -0.004 8.7495e-42    10.1285     96.184     37.580  28.614902     2.1999      7.990   295.9786 8.4153e+02     7.0031     -0.004     -0.006    13.0791 0.0000e+00
     -0.004 7.9540e-43    10.1235     96.155     37.571  28.606924     2.2429      7.990   295.7536 8.4013e+02     7.0416     -0.004     -0.006    13.0777 0.0000e+00
     -0.004 7.2310e-44    10.1212     96.114     37.564  28.599805     2.3388      7.990   295.2367 8.1679e+02     7.1128     -0.004     -0.006    13.0746 0.0000e+00
     -0.004 6.5735e-45    10.1195     96.082     37.554  28.592258     2.3857      7.991   294.9782 8.2390e+02     7.1466     -0.004     -0.006    13.0711 0.0000e+00
     -0.004 5.9760e-46    10.1181     96.062     37.536  28.579100     2.3763      7.991   294.9511 8.2774e+02     7.1091     -0.004     -0.006    13.0687 0.0000e+00
     -0.004 5.4330e-47    10.1170     96.047     37.521  28.567576     2.3921      7.991   294.9943 8.3598e+02     7.0003     -0.004     -0.006    13.0662 0.0000e+00
     -0.004 4.9428e-48    10.1105     96.060     37.537  28.579779     2.4274      7.990   295.0701 8.6198e+02     6.8900     -0.004     -0.006    13.0649 0.0000e+00
     -0.004 4.9236e-49    10.1077     96.109     37.564  28.599783     2.4452      7.990   295.7824 8.6269e+02     6.8350     -0.005     -0.007    13.0644 0.0000e+00
     -0.004 5.1784e-49    10.1066     96.184     37.589  28.619161     2.4496      7.990   296.8952 8.4965e+02     6.8133     -0.004     -0.006    13.0645 0.0000e+00
     -0.004 5.2510e-48    10.1028     96.268     37.596  28.623783     2.4640      7.990   296.9090 8.3493e+02     6.8318     -0.004     -0.006    13.0657 0.0000e+00
     -0.005 5.7720e-47    10.1042     96.338     37.556  28.592240     2.4940      7.990   296.4660 8.2957e+02     6.8880     -0.005     -0.007    13.0654 0.0000e+00
     -0.005 6.3492e-46    10.1104     96.386     37.507  28.554922     2.5038      7.990   296.0985 8.3199e+02     6.8784     -0.005     -0.007    13.0646 0.0000e+00
     -0.004 6.9841e-45    10.1181     96.416     37.505  28.553145     2.4906      7.989   295.5634 8.2671e+02     6.7848     -0.004     -0.006    13.0652 0.0000e+00
     -0.004 7.6826e-44    10.1290     96.461     37.529  28.570755     2.5017      7.988   296.4491 8.4377e+02     6.7468     -0.004     -0.006    13.0647 0.0000e+00
     -0.004 8.4508e-43    10.1357     96.535     37.538  28.577560     2.5380      7.988   298.4620 8.8444e+02     6.7945     -0.004     -0.006    13.0633 0.0000e+00
     -0.004 9.2959e-42    10.1421     96.613     37.531  28.571992     2.5630      7.988   299.1656 8.6919e+02     6.8495     -0.004     -0.006    13.0622 0.0000e+00
     -0.004 1.0225e-40    10.1432     96.693     37.524  28.566858     2.5629      7.988   298.8471 8.4535e+02     6.8643     -0.004     -0.006    13.0616 0.0000e+00
     -0.004 1.1248e-39    10.1469     96.756     37.538  28.578921     2.5529      7.988   298.2247 8.7111e+02     6.9049     -0.004     -0.006    13.0617 0.0000e+00
     -0.004 1.2373e-38    10.1576     96.791     37.553  28.590982     2.5581      7.988   297.3195 8.6512e+02     7.0336     -0.004     -0.006    13.0613 0.0000e+00
     -0.004 1.3610e-37    10.1640     96.796     37.545  28.585840     2.5766      7.988   297.7968 8.3759e+02     7.1225     -0.005     -0.007    13.0607 0.0000e+00
     -0.004 1.4971e-36    10.1743     96.763     37.535  28.580178     2.5860      7.987   299.6074 8.3390e+02     7.1254     -0.004     -0.006    13.0613 0.0000e+00
     -0.004 1.6468e-35    10.1806     96.689     37.540  28.585944     2.5718      7.986   300.6261 8.4330e+02     7.1029     -0.004     -0.006    13.0627 0.0000e+00
     -0.004 1.8115e-34    10.1838     96.605     37.545  28.592130     2.5380      7.986   300.7354 8.3086e+02     7.0558     -0.004     -0.006    13.0639 0.0000e+00
     -0.004 1.9927e-33    10.1844     96.555     37.543  28.591554     2.5188      7.986   300.4130 8.2921e+02     7.0684     -0.005     -0.007    13.0657 0.0000e+00
     -0.004 2.1919e-32    10.1810     96.533     37.525  28.578974     2.5220      7.986   299.7398 8.5178e+02     7.1180     -0.004     -0.006    13.0679 0.0000e+00
     -0.004 2.4111e-31    10.1716     96.528     37.508  28.566884     2.5190      7.986   299.3929 8.2468e+02     7.0753     -0.004     -0.005    13.0707 0.0000e+00
     -0.004 2.6522e-30    10.1589     96.508     37.516  28.572230     2.5069      7.986   299.4875 7.9190e+02     6.8934     -0.004     -0.006    13.0739 0.0000e+00
     -0.004 2.9174e-29    10.1548     96.447     37.528  28.580189     2.5013      7.986   299.9373 8.0493e+02     6.6947     -0.004     -0.006    13.0762 0.0000e+00
     -0.004 3.2092e-28    10.1521     96.381     37.553  28.599680     2.5084      7.985   300.5297 8.1057e+02     6.6547     -0.004     -0.006    13.0772 0.0000e+00
     -0.004 3.5301e-27    10.1524     96.351     37.577  28.617612     2.5187      7.985   300.8858 8.1282e+02     6.6145     -0.004     -0.006    13.0774 0.0000e+00
     -0.004 3.8831e-26    10.1531     96.341     37.562  28.606712     2.5005      7.985   300.9736 8.4535e+02     6.4478     -0.003     -0.005    13.0766 0.0000e+00
     -0.004 4.2714e-25    10.1442     96.317     37.546  28.594756     2.4631      7.985   300.9030 8.5563e+02     6.3468     -0.004     -0.006    13.0758 0.0000e+00
     -0.004 4.6986e-24    10.1349     96.285     37.553  28.599908     2.4499      7.985   300.2043 8.3135e+02     6.3844     -0.004     -0.006    13.0762 0.0000e+00
     -0.004 5.1684e-23    10.1333     96.271     37.559  28.605570     2.4575      7.985   298.9785 8.3737e+02     6.4242     -0.004     -0.005    13.0754 0.0000e+00
     -0.004 5.6853e-22    10.1342     96.290     37.549  28.599794     2.4468      7.984   298.8150 8.4432e+02     6.3495     -0.004     -0.006    13.0752 0.0000e+00
     -0.004 6.2538e-21    10.1309     96.325     37.539  28.593503     2.4117      7.984   299.6905 7.9830e+02     6.1981     -0.004     -0.006    13.0763 0.0000e+00
     -0.004 6.8792e-20    10.1259     96.347     37.538  28.592936     2.3993      7.984   300.2721 7.6838e+02     6.1310     -0.004     -0.006    13.0765 0.0000e+00
     -0.004 7.5671e-19    10.1238     96.373     37.539  28.592936     2.4053      7.984   300.5987 7.7771e+02     6.1532     -0.004     -0.006    13.0780 0.0000e+00
     -0.004 8.3238e-18    10.1253     96.430     37.542  28.593504     2.3677      7.984   300.8865 7.8832e+02     6.1588     -0.004     -0.006    13.0808 0.0000e+00
     -0.004 9.1562e-17    10.1313     96.513     37.552  28.599794     2.2937      7.984   300.0524 7.9145e+02     6.1309     -0.004     -0.005    13.0823 0.0000e+00
     -0.004 1.0072e-15    10.1321     96.600     37.559  28.605560     2.2509      7.984   298.4289 7.9651e+02     6.0885     -0.004     -0.006    13.0820 0.0000e+00
     -0.004 1.1079e-14    10.1335     96.657     37.549  28.599794     2.2508      7.983   297.9487 8.1066e+02     6.0905     -0.004     -0.006    13.0810 0.0000e+00
     -0.004 1.2187e-13    10.1412     96.662     37.539  28.593508     2.2512      7.983   298.2895 8.0752e+02     6.1201     -0.004     -0.006    13.0784 0.0000e+00
     -0.004 1.3406e-12    10.1499     96.609     37.539  28.592988     2.2137      7.983   298.8500 7.9315e+02     6.1394     -0.004     -0.005    13.0765 0.0000e+00
     -0.004 1.4746e-11    10.1616     96.508     37.542  28.593508     2.1635      7.983   299.6492 7.8081e+02     6.2214     -0.004     -0.006    13.0774 0.0000e+00
     -0.004 1.6221e-10    10.1666     96.382     37.553  28.599794     2.1511      7.983   299.0051 7.6973e+02     6.3260     -0.004     -0.005    13.0805 0.0000e+00
     -0.004 1.7843e-09    10.1675     96.258     37.564  28.605560     2.1558      7.982   296.9983 7.6090e+02     6.3804     -0.004     -0.006    13.0824 0.0000e+00
     -0.004 1.9627e-08    10.1618     96.165     37.560  28.599794     2.1369      7.982   296.0339 7.6965e+02     6.3665     -0.004     -0.005    13.0815 0.0000e+00
     -0.004 2.1590e-07    10.1505     96.113     37.555  28.593504     2.1055      7.982   296.1215 7.9213e+02     6.2605     -0.004     -0.006    13.0795 0.0000e+00
     -0.004      0.000    10.1374     96.110     37.557  28.592938     2.1013      7.982   296.6810 7.9723e+02     6.2257     -0.004     -0.006    13.0760 0.0000e+00
     -0.004      0.000    10.1233     96.154     37.559  28.592938     2.1105      7.982   297.8081 7.8860e+02     6.3561     -0.005     -0.007    13.0725 0.0000e+00
     -0.004      0.000    10.1148     96.233     37.561  28.593506     2.1175      7.981   298.4784 7.7327e+02     6.4360     -0.004     -0.006    13.0690 0.0000e+00
     -0.004      0.003    10.1090     96.328     37.571  28.599796     2.1362      7.981   297.8162 7.6217e+02     6.3724     -0.004     -0.006    13.0653 0.0000e+00
     -0.004      0.035    10.1104     96.441     37.579  28.605562     2.1529      7.981   296.3404 7.6101e+02     6.3037     -0.004     -0.005    13.0627 0.0000e+00
     -0.004      0.382    10.1149     96.573     37.572  28.599795     2.1623      7.981   295.4331 7.6257e+02     6.3228     -0.004     -0.006    13.0606 0.0000e+00
