Data/DataNotYetUploadedToEDI/Raw_CTD/RawDownloads/040423_fcr50_S8188001.cnv
* Sea-Bird SBE19plus  Data File:
* FileName = C:\R\Reservoirs\Data\DataNotYetUploadedToEDI\Raw_CTD\RawDownloads\040423_fcr50_S8188_0001.hex
* Software version 2.8.0.119
* Temperature SN = 8188
* Conductivity SN = 8188
* System UpLoad Time = Apr 07 2023 11:44:14
* <ApplicationData>
* <Seaterm232>
# nquan = 16
# nvalues = 1864                        
# units = specified
# name 0 = depFM: Depth [fresh water, m]
# name 1 = dz/dtM: Descent Rate [m/s]
# name 2 = sbeox0Mg/L: Oxygen, SBE 43 [mg/l]
# name 3 = sbeox0PS: Oxygen, SBE 43 [% saturation]
# name 4 = specc: Specific Conductance [uS/cm]
# name 5 = c0uS/cm: Conductivity [uS/cm]
# name 6 = wetCDOM: Fluorescence, WET Labs CDOM [mg/m^3]
# name 7 = flECO-AFL: Fluorescence, WET Labs ECO-AFL/FL [mg/m^3]
# name 8 = flECO-AFL1: Fluorescence, WET Labs ECO-AFL/FL, 2 [mg/m^3]
# name 9 = flECO-AFL2: Fluorescence, WET Labs ECO-AFL/FL, 3 [mg/m^3]
# name 10 = par/sat/log: PAR/Logarithmic, Satlantic
# name 11 = turbWETntu0: Turbidity, WET Labs ECO [NTU]
# name 12 = prdM: Pressure, Strain Gauge [db]
# name 13 = prdE: Pressure, Strain Gauge [psi]
# name 14 = tv290C: Temperature [ITS-90, deg C]
# name 15 = flag:  0.000e+00
# span 0 =     -0.660,      9.494       
# span 1 =     -0.216,      0.161       
# span 2 =    -1.6608,    12.7497       
# span 3 =    -14.006,    112.179       
# span 4 =      3.047,    448.295       
# span 5 =   2.269238, 295.570744       
# span 6 =    -4.5000,     8.0100       
# span 7 =    -2.3052,     9.8944       
# span 8 =    -3.7914,     5.8362       
# span 9 =    -2.9187,     7.5717       
# span 10 = 1.1592e-01, 1.8081e+03      
# span 11 =    -7.5026,   966.4202      
# span 12 =     -0.648,      9.310      
# span 13 =     -0.940,     13.503      
# span 14 =     7.9324,    16.8464      
# span 15 = 0.0000e+00, 0.0000e+00      
# interval = seconds: 0.25
# start_time = Apr 04 2023 09:39:25 [Instrument's time stamp, header]
# bad_flag = -9.990e-29
*END*
[from data line 272]
      1.035      0.043     9.8129     91.782     36.893  27.558805     2.7000     2.6502     0.0426     0.2961 3.1800e+02     1.1398      1.015      1.472    12.3468 0.0000e+00
      1.045      0.043     9.8146     91.797     36.903  27.566152     2.7000     2.6426     0.0426     0.2961 3.2189e+02     1.1398      1.025      1.487    12.3461 0.0000e+00
      1.056      0.042     9.8184     91.832     36.916  27.575591     2.7000     2.6578     0.0426     0.2961 3.0687e+02     1.0796      1.036      1.503    12.3458 0.0000e+00
      1.068      0.042     9.8229     91.873     36.924  27.581720     2.7000     2.6540     0.0426     0.2961 3.0693e+02     1.0646      1.047      1.519    12.3456 0.0000e+00
      1.079      0.042     9.8260     91.901     36.925  27.582214     2.7900     2.5701     0.0000     0.2115 3.0520e+02     1.1097      1.058      1.535    12.3453 0.0000e+00
      1.089      0.042     9.8254     91.895     36.919  27.577206     2.7900     2.5815     0.0000     0.2115 3.0454e+02     1.0796      1.069      1.550    12.3447 0.0000e+00
      1.099      0.042     9.8203     91.846     36.910  27.569318     2.7900     2.5510     0.0000     0.2115 3.0954e+02     1.1848      1.078      1.564    12.3438 0.0000e+00
      1.109      0.041     9.8124     91.769     36.904  27.564367     2.7900     2.5854     0.0000     0.2115 3.0860e+02     0.9444      1.087      1.577    12.3429 0.0000e+00
      1.117      0.041     9.8038     91.687     36.900  27.561031     2.7900     2.7151     0.0000     0.2961 2.9715e+02     1.1097      1.096      1.589    12.3420 0.0000e+00
      1.125      0.039     9.7962     91.614     36.892  27.554463     2.7900     2.6769     0.0000     0.2961 2.9806e+02     0.9744      1.103      1.600    12.3413 0.0000e+00
      1.132      0.037     9.7908     91.563     36.883  27.546870     2.7900     2.6731     0.0000     0.2961 2.9741e+02     0.9744      1.110      1.610    12.3405 0.0000e+00
      1.139      0.035     9.7886     91.541     36.880  27.544147     2.7900     2.7074     0.0000     0.2961 3.0014e+02     1.0496      1.117      1.619    12.3398 0.0000e+00
      1.144      0.032     9.7895     91.548     36.883  27.545567     2.7900     2.8142     0.0000     0.2538 3.0014e+02     1.1097      1.122      1.627    12.3392 0.0000e+00
      1.149      0.029     9.7924     91.575     36.886  27.547549     2.7900     2.8181     0.0000     0.2538 3.0767e+02     1.0496      1.127      1.635    12.3391 0.0000e+00
      1.154      0.027     9.7959     91.608     36.889  27.550622     2.7900     2.8181     0.0000     0.2538 3.0667e+02     1.0496      1.132      1.642    12.3395 0.0000e+00
      1.159      0.024     9.7987     91.636     36.890  27.551645     2.7900     2.8219     0.0000     0.2538 3.0447e+02     1.1097      1.137      1.649    12.3405 0.0000e+00
      1.164      0.022     9.8017     91.667     36.882  27.546933     2.7900     2.8066     0.0000     0.2538 3.0243e+02     1.0796      1.142      1.656    12.3418 0.0000e+00
      1.170      0.021     9.8066     91.715     36.870  27.539187     2.7000     2.8448     0.0000     0.2961 3.1361e+02     1.1247      1.148      1.664    12.3431 0.0000e+00
      1.177      0.021     9.8137     91.785     36.863  27.534262     2.7000     2.7952     0.0000     0.2961 3.0954e+02     1.0345      1.154      1.674    12.3441 0.0000e+00
      1.185      0.022     9.8233     91.876     36.868  27.538764     2.7000     2.8371     0.0000     0.2961 3.0481e+02     1.0796      1.162      1.686    12.3449 0.0000e+00
      1.195      0.024     9.8343     91.979     36.883  27.549933     2.7000     2.6998     0.0000     0.2961 3.0309e+02     1.0947      1.172      1.700    12.3451 0.0000e+00
      1.207      0.027     9.8453     92.081     36.890  27.554909     2.7900     2.7074     0.0000     0.2115 2.9670e+02     1.0345      1.184      1.717    12.3447 0.0000e+00
      1.221      0.032     9.8551     92.171     36.886  27.551060     2.7900     2.7074     0.0000     0.2115 2.9471e+02     1.1097      1.198      1.737    12.3436 0.0000e+00
      1.237      0.037     9.8613     92.226     36.874  27.541320     2.7900     2.7189     0.0000     0.2115 2.8781e+02     1.1247      1.213      1.759    12.3421 0.0000e+00
      1.254      0.044     9.8622     92.230     36.862  27.531009     2.7900     2.6464     0.0000     0.2115 2.7372e+02     1.0045      1.230      1.784    12.3403 0.0000e+00
      1.271      0.050     9.8583     92.190     36.856  27.525297     2.7900     2.6655     0.0000     0.2538 2.6807e+02     1.1097      1.246      1.808    12.3383 0.0000e+00
      1.287      0.055     9.8506     92.114     36.855  27.522662     2.7900     2.6159     0.0000     0.2538 2.6334e+02     1.1848      1.262      1.830    12.3364 0.0000e+00
      1.301      0.059     9.8401     92.012     36.856  27.522401     2.7900     2.6159     0.0000     0.2538 2.6322e+02     1.0796      1.275      1.850    12.3347 0.0000e+00
      1.313      0.060     9.8291     91.907     36.855  27.520483     2.7900     2.7456     0.0000     0.2538 2.5880e+02     1.1398      1.288      1.868    12.3335 0.0000e+00
      1.324      0.059     9.8206     91.825     36.855  27.520357     2.7900     2.7799     0.0000     0.3384 2.5824e+02     1.1398      1.298      1.884    12.3328 0.0000e+00
      1.334      0.056     9.8164     91.786     36.863  27.525949     2.7900     2.7646     0.0000     0.3384 2.5807e+02     1.0947      1.308      1.898    12.3327 0.0000e+00
      1.343      0.052     9.8181     91.803     36.869  27.530832     2.7900     2.7570     0.0000     0.3384 2.5456e+02     1.1097      1.317      1.911    12.3330 0.0000e+00
      1.351      0.047     9.8263     91.881     36.870  27.532347     2.7900     2.8066     0.0000     0.3384 2.5001e+02     0.9744      1.325      1.922    12.3339 0.0000e+00
      1.359      0.043     9.8404     92.015     36.867  27.530899     2.7900     2.8371     0.0000     0.3384 2.4833e+02     1.0345      1.333      1.933    12.3353 0.0000e+00
      1.367      0.039     9.8590     92.194     36.864  27.530061     2.7900     2.8295     0.0000     0.2538 2.4828e+02     1.1398      1.340      1.944    12.3370 0.0000e+00
      1.374      0.035     9.8800     92.394     36.867  27.533570     2.7900     2.8219     0.0000     0.2538 2.4225e+02     1.0045      1.348      1.954    12.3388 0.0000e+00
      1.382      0.033     9.9003     92.587     36.871  27.538401     2.7900     2.7799     0.0000     0.2538 2.4199e+02     1.0045      1.355      1.965    12.3406 0.0000e+00
      1.389      0.031     9.9170     92.746     36.875  27.541884     2.7900     2.7723     0.0000     0.2538 2.3484e+02     1.0947      1.363      1.976    12.3421 0.0000e+00
      1.398      0.031     9.9284     92.855     36.878  27.544946     2.7900     2.7646     0.0000     0.2115 2.3019e+02     1.2149      1.370      1.988    12.3431 0.0000e+00
      1.406      0.030     9.9343     92.912     36.877  27.544446     2.7900     2.7799     0.0000     0.2115 2.2281e+02     1.0947      1.379      2.000    12.3435 0.0000e+00
      1.414      0.031     9.9357     92.925     36.871  27.540250     2.7900     2.8409     0.0000     0.2115 2.1798e+02     0.7640      1.387      2.012    12.3436 0.0000e+00
      1.423      0.031     9.9343     92.911     36.870  27.539159     2.7900     2.8142     0.0000     0.2115 2.1117e+02     0.9143      1.395      2.023    12.3432 0.0000e+00
      1.430      0.031     9.9323     92.891     36.878  27.544839     2.7900     2.8104     0.0426     0.2961 2.0355e+02     0.8391      1.402      2.034    12.3425 0.0000e+00
      1.437      0.031     9.9310     92.876     36.887  27.550888     2.7900     2.7875     0.0426     0.2961 1.9686e+02     0.8391      1.409      2.044    12.3416 0.0000e+00
      1.444      0.031     9.9306     92.872     36.888  27.550999     2.7900     2.8295     0.0426     0.2961 1.8906e+02     1.0345      1.416      2.054    12.3410 0.0000e+00
      1.450      0.030     9.9311     92.876     36.886  27.549162     2.7900     2.8219     0.0426     0.2961 1.8133e+02     1.0345      1.422      2.063    12.3410 0.0000e+00
      1.457      0.029     9.9312     92.878     36.884  27.548844     2.7900     2.8066     0.0426     0.2961 1.7313e+02     1.0045      1.428      2.072    12.3418 0.0000e+00
      1.464      0.028     9.9295     92.866     36.884  27.549963     2.7900     2.8257     0.0000     0.2538 1.6732e+02     1.0796      1.435      2.082    12.3434 0.0000e+00
      1.472      0.027     9.9252     92.831     36.880  27.548857     2.7900     2.8219     0.0000     0.2538 1.6217e+02     1.1247      1.443      2.093    12.3459 0.0000e+00
      1.480      0.027     9.9183     92.773     36.872  27.545230     2.7900     2.8219     0.0000     0.2538 1.5962e+02     1.0345      1.452      2.106    12.3489 0.0000e+00
      1.491      0.029     9.9100     92.701     36.871  27.546036     2.7900     2.8142     0.0000     0.2538 1.5762e+02     0.9744      1.462      2.121    12.3517 0.0000e+00
      1.503      0.031     9.9019     92.629     36.876  27.551490     2.7900     2.8066     0.0000     0.2538 1.5714e+02     1.1398      1.474      2.138    12.3535 0.0000e+00
      1.517      0.035     9.8946     92.561     36.881  27.555125     2.7900     2.7646     0.0000     0.2538 1.5986e+02     1.1247      1.487      2.158    12.3537 0.0000e+00
      1.532      0.039     9.8875     92.493     36.880  27.553953     2.7900     2.7646     0.0000     0.2538 1.6010e+02     1.1247      1.502      2.179    12.3527 0.0000e+00
      1.547      0.044     9.8802     92.421     36.879  27.551619     2.7900     2.7685     0.0000     0.2538 1.6291e+02     1.0496      1.517      2.200    12.3511 0.0000e+00
      1.562      0.049     9.8711     92.332     36.880  27.551462     2.7900     2.7570     0.0426     0.2115 1.6765e+02     1.0796      1.532      2.222    12.3492 0.0000e+00
      1.577      0.053     9.8584     92.209     36.880  27.549481     2.7900     2.7227     0.0426     0.2115 1.7048e+02     1.1097      1.547      2.244    12.3473 0.0000e+00
      1.593      0.056     9.8415     92.047     36.876  27.545145     2.7900     2.6960     0.0426     0.2115 1.7230e+02     1.0045      1.562      2.266    12.3456 0.0000e+00
      1.609      0.059     9.8221     91.863     36.877  27.545219     2.7900     2.7265     0.0426     0.2115 1.7339e+02     1.0796      1.578      2.289    12.3443 0.0000e+00
      1.626      0.060     9.8028     91.680     36.884  27.549722     2.7900     2.7227     0.0426     0.3384 1.7396e+02     1.0345      1.594      2.312    12.3433 0.0000e+00
      1.642      0.061     9.7862     91.523     36.888  27.551935     2.7900     2.8867     0.0426     0.3384 1.7682e+02     1.0796      1.610      2.335    12.3425 0.0000e+00
      1.658      0.062     9.7731     91.399     36.884  27.548490     2.7900     2.8791     0.0426     0.3384 1.7747e+02     1.0796      1.626      2.358    12.3416 0.0000e+00
      1.674      0.063     9.7634     91.307     36.872  27.538466     2.7900     2.8867     0.0426     0.3384 1.7613e+02     1.0796      1.642      2.381    12.3404 0.0000e+00
      1.691      0.063     9.7570     91.244     36.858  27.527112     2.7900     2.8676     0.0426     0.3384 1.7242e+02     1.0045      1.659      2.406    12.3387 0.0000e+00
      1.709      0.064     9.7530     91.201     36.856  27.523277     2.7900     2.8715     0.0000     0.3384 1.7178e+02     1.1247      1.676      2.430    12.3364 0.0000e+00
      1.726      0.065     9.7494     91.160     36.862  27.525939     2.7900     2.9020     0.0000     0.3384 1.7011e+02     1.0045      1.693      2.455    12.3335 0.0000e+00
      1.743      0.066     9.7441     91.105     36.873  27.531847     2.7900     2.8905     0.0000     0.3384 1.6963e+02     1.0947      1.709      2.479    12.3302 0.0000e+00
      1.759      0.066     9.7371     91.033     36.885  27.538618     2.7900     2.8867     0.0000     0.3384 1.6878e+02     1.0345      1.725      2.503    12.3272 0.0000e+00
      1.776      0.067     9.7312     90.973     36.889  27.540138     2.7900     2.8638     0.0426     0.2961 1.6718e+02     1.1247      1.741      2.526    12.3247 0.0000e+00
      1.793      0.067     9.7303     90.960     36.887  27.536812     2.7900     2.8943     0.0426     0.2961 1.6458e+02     1.0045      1.758      2.550    12.3228 0.0000e+00
      1.809      0.066     9.7368     91.019     36.887  27.535672     2.7900     2.8943     0.0426     0.2961 1.6189e+02     1.0947      1.774      2.573    12.3213 0.0000e+00
      1.826      0.066     9.7512     91.150     36.889  27.536415     2.7900     2.8791     0.0426     0.2961 1.6277e+02     1.0045      1.790      2.597    12.3202 0.0000e+00
      1.842      0.065     9.7721     91.343     36.888  27.535279     2.7900     2.8905     0.0000     0.3384 1.6066e+02     1.0345      1.806      2.620    12.3191 0.0000e+00
      1.858      0.065     9.7972     91.575     36.890  27.535920     2.7900     2.8943     0.0000     0.3384 1.5734e+02     1.0345      1.823      2.643    12.3180 0.0000e+00
      1.875      0.065     9.8235     91.819     36.895  27.538509     2.7900     2.8638     0.0000     0.3384 1.5369e+02     1.0345      1.839      2.667    12.3171 0.0000e+00
      1.891      0.065     9.8479     92.046     36.898  27.539778     2.7900     2.8867     0.0000     0.3384 1.5263e+02     0.9894      1.855      2.690    12.3161 0.0000e+00
      1.907      0.064     9.8680     92.232     36.899  27.540065     2.7900     2.9020     0.0000     0.2961 1.5213e+02     1.0045      1.870      2.712    12.3152 0.0000e+00
      1.921      0.063     9.8831     92.370     36.894  27.535486     2.7900     2.8867     0.0000     0.2961 1.4964e+02     1.0345      1.884      2.733    12.3142 0.0000e+00
      1.936      0.062     9.8941     92.471     36.881  27.524820     2.7900     2.8600     0.0000     0.2961 1.4818e+02     1.0045      1.898      2.753    12.3130 0.0000e+00
      1.950      0.061     9.9030     92.552     36.872  27.517102     2.7900     2.8676     0.0000     0.2961 1.4780e+02     1.0045      1.912      2.773    12.3117 0.0000e+00
      1.963      0.059     9.9112     92.626     36.875  27.518192     2.7900     3.0279     0.0000     0.2961 1.4478e+02     1.0496      1.925      2.792    12.3104 0.0000e+00
      1.977      0.058     9.9183     92.689     36.884  27.524422     2.7900     3.0202     0.0426     0.2961 1.4437e+02     1.0796      1.939      2.812    12.3092 0.0000e+00
      1.991      0.056     9.9231     92.732     36.892  27.529535     2.7900     3.0050     0.0426     0.2961 1.4318e+02     1.0345      1.952      2.831    12.3081 0.0000e+00
      2.004      0.055     9.9248     92.745     36.890  27.526973     2.7900     3.0050     0.0426     0.2961 1.4228e+02     1.0646      1.966      2.851    12.3071 0.0000e+00
      2.018      0.054     9.9225     92.722     36.881  27.520015     2.7900     2.9478     0.0426     0.2961 1.4081e+02     0.8091      1.979      2.871    12.3062 0.0000e+00
      2.033      0.054     9.9161     92.661     36.880  27.518682     2.7900     2.9439     0.0000     0.2538 1.3883e+02     0.8391      1.994      2.892    12.3054 0.0000e+00
      2.049      0.055     9.9070     92.574     36.881  27.518659     2.7900     2.9554     0.0000     0.2538 1.3611e+02     0.8391      2.009      2.914    12.3047 0.0000e+00
      2.065      0.056     9.8971     92.481     36.872  27.512023     2.7900     2.9363     0.0000     0.2538 1.3502e+02     0.8241      2.026      2.938    12.3041 0.0000e+00
      2.083      0.058     9.8883     92.398     36.858  27.500961     2.7900     3.0240     0.0000     0.2538 1.3155e+02     0.8391      2.042      2.962    12.3036 0.0000e+00
