Data/DataNotYetUploadedToEDI/Raw_CTD/RawDownloads/040423_fcr50_S8188001.cnv
* Sea-Bird SBE19plus  Data File:
* FileName = C:\R\Reservoirs\Data\DataNotYetUploadedToEDI\Raw_CTD\RawDownloads\040423_fcr50_S8188_0001.hex
* Software version 2.8.0.119
* Temperature SN = 8188
* Conductivity SN = 8188
* System UpLoad Time = Apr 07 2023 11:44:14
* <ApplicationData>
* <Seaterm232>
# nquan = 16
# nvalues = 1864                        
# units = specified
# name 0 = depFM: Depth [fresh water, m]
# name 1 = dz/dtM: Descent Rate [m/s]
# name 2 = sbeox0Mg/L: Oxygen, SBE 43 [mg/l]
# name 3 = sbeox0PS: Oxygen, SBE 43 [% saturation]
# name 4 = specc: Specific Conductance [uS/cm]
# name 5 = c0uS/cm: Conductivity [uS/cm]
# name 6 = wetCDOM: Fluorescence, WET Labs CDOM [mg/m^3]
# name 7 = flECO-AFL: Fluorescence, WET Labs ECO-AFL/FL [mg/m^3]
# name 8 = flECO-AFL1: Fluorescence, WET Labs ECO-AFL/FL, 2 [mg/m^3]
# name 9 = flECO-AFL2: Fluorescence, WET Labs ECO-AFL/FL, 3 [mg/m^3]
# name 10 = par/sat/log: PAR/Logarithmic, Satlantic
# name 11 = turbWETntu0: Turbidity, WET Labs ECO [NTU]
# name 12 = prdM: Pressure, Strain Gauge [db]
# name 13 = prdE: Pressure, Strain Gauge [psi]
# name 14 = tv290C: Temperature [ITS-90, deg C]
# name 15 = flag:  0.000e+00
# span 0 =     -0.660,      9.494       
# span 1 =     -0.216,      0.161       
# span 2 =    -1.6608,    12.7497       
# span 3 =    -14.006,    112.179       
# span 4 =      3.047,    448.295       
# span 5 =   2.269238, 295.570744       
# span 6 =    -4.5000,     8.0100       
# span 7 =    -2.3052,     9.8944       
# span 8 =    -3.7914,     5.8362       
# span 9 =    -2.9187,     7.5717       
# span 10 = 1.1592e-01, 1.8081e+03      
# span 11 =    -7.5026,   966.4202      
# span 12 =     -0.648,      9.310      
# span 13 =     -0.940,     13.503      
# span 14 =     7.9324,    16.8464      
# span 15 = 0.0000e+00, 0.0000e+00      
# interval = seconds: 0.25
# start_time = Apr 04 2023 09:39:25 [Instrument's time stamp, header]
# bad_flag = -9.990e-29
*END*
[from data line 1808]
      0.016     -0.018     9.8795     92.422     36.889  27.561774     2.7900     1.5172     0.0000     0.0846 4.3257e+02     1.0796      0.016      0.023    12.3547 0.0000e+00
      0.004     -0.023     9.8809     92.433     36.891  27.562707     2.7900     1.5172     0.0000     0.0846 5.7515e+02     1.0195      0.004      0.006    12.3538 0.0000e+00
     -0.011     -0.030     9.8825     92.445     36.884  27.556896     2.8800     1.5210     0.0426     0.2538 7.7931e+02     1.0646     -0.011     -0.016    12.3526 0.0000e+00
     -0.030     -0.037     9.8846     92.462     36.872  27.546750     2.8800     1.5172     0.0426     0.2538 3.3212e+02     0.9744     -0.029     -0.042    12.3511 0.0000e+00
     -0.050     -0.046     9.8869     92.480     36.857  27.533523     2.8800     1.5210     0.0426     0.2538 5.1886e+02     1.1548     -0.049     -0.071    12.3492 0.0000e+00
     -0.073     -0.055     9.8887     92.491     36.849  27.525567     2.8800     1.5439     0.0426     0.2538 7.2712e+02     1.1097     -0.072     -0.104    12.3467 0.0000e+00
     -0.097     -0.065     9.8893     92.490     36.851  27.524719     2.7900     1.1586     0.0000     0.2538 8.7977e+02     1.1698     -0.096     -0.139    12.3436 0.0000e+00
     -0.124     -0.074     9.8883     92.473     36.852  27.522835     2.7900     1.1624     0.0000     0.2538 1.0161e+03     1.1097     -0.122     -0.176    12.3401 0.0000e+00
     -0.153     -0.084     9.8858     92.442     36.856  27.523372     2.7900     1.1396     0.0000     0.2538 1.0768e+03     1.1097     -0.150     -0.218    12.3363 0.0000e+00
     -0.186     -0.093     9.8832     92.411     36.864  27.526473     2.7900     1.1586     0.0000     0.2538 1.0315e+03     1.0496     -0.182     -0.265    12.3324 0.0000e+00
     -0.224     -0.103     9.8815     92.386     36.866  27.525045     2.8800     1.1777     0.0426     0.0846 1.0128e+03     0.9744     -0.220     -0.319    12.3285 0.0000e+00
     -0.267     -0.115     9.8800     92.364     36.866  27.522666     2.8800     1.1701     0.0426     0.0846 1.0025e+03     1.0195     -0.262     -0.380    12.3247 0.0000e+00
     -0.316     -0.128     9.8779     92.336     36.865  27.518703     2.8800     1.1663     0.0426     0.0846 1.0647e+03     0.9594     -0.310     -0.449    12.3210 0.0000e+00
     -0.367     -0.143     9.8731     92.285     36.854  27.508140     2.8800     1.1777     0.0426     0.0846 1.0559e+03     1.1097     -0.359     -0.521    12.3177 0.0000e+00
     -0.417     -0.158     9.8630     92.185     36.830  27.488159     2.7900     0.9069     0.0852     0.3807 1.0174e+03     1.1398     -0.408     -0.592    12.3151 0.0000e+00
     -0.462     -0.170     9.8440     92.003     36.785  27.453432     2.7900     0.9069     0.0852     0.3807 9.7798e+02     1.0345     -0.453     -0.657    12.3130 0.0000e+00
     -0.501     -0.177     9.8121     91.702     36.692  27.382820     2.7900     0.9030     0.0852     0.3807 9.6384e+02     1.1097     -0.491     -0.712    12.3112 0.0000e+00
     -0.531     -0.177     9.7634     91.242     36.489  27.229776     2.7900     0.9145     0.0852     0.3807 1.0921e+03     1.1698     -0.521     -0.755    12.3092 0.0000e+00
     -0.555     -0.169     9.6966     90.612     36.087  26.927751     2.7900     3.9816     0.0852     0.3807 1.0712e+03    89.0510     -0.544     -0.789    12.3068 0.0000e+00
     -0.573     -0.154     9.6140     89.836     35.355  26.380367     7.0200     3.9854     2.4282    -2.9187 1.1760e+02    89.0059     -0.562     -0.816    12.3045 0.0000e+00
     -0.588     -0.134     9.5221     88.973     34.085  25.431754     7.0200     3.9816     2.4282    -2.9187 1.0054e+02    89.0510     -0.576     -0.836    12.3025 0.0000e+00
     -0.599     -0.113     9.4290     88.100     31.928  23.821030     7.0200     4.0159     2.4282    -2.9187 1.1252e+02    89.1713     -0.587     -0.852    12.3012 0.0000e+00
     -0.608     -0.091     9.3413     87.278     28.301  21.114710     7.0200     0.5025     2.4282    -2.9187 9.4600e+02   112.9940     -0.596     -0.864    12.3003 0.0000e+00
     -0.614     -0.072     9.2621     86.536     22.867  17.060244     0.0000     0.5063    -0.2130     3.3840 1.0099e+03   113.0091     -0.602     -0.874    12.2997 0.0000e+00
     -0.620     -0.056     9.1914     85.873     16.882  12.594885     0.0000     0.4911    -0.2130     3.3840 9.5841e+02   112.9940     -0.608     -0.881    12.2993 0.0000e+00
     -0.624     -0.044     9.1295     85.293     12.330   9.198884     0.0000     0.4911    -0.2130     3.3840 9.0321e+02   113.1293     -0.612     -0.887    12.2992 0.0000e+00
     -0.627     -0.034     9.0783     84.815      9.546   7.121960     0.0000     0.8687    -0.2130     3.3840 9.7649e+02   966.2098     -0.615     -0.892    12.2993 0.0000e+00
     -0.629     -0.026     9.0406     84.463      7.862   5.865636     0.0000     0.8306     2.8116     1.3536 1.0489e+03   966.4202     -0.617     -0.895    12.2996 0.0000e+00
     -0.631     -0.021     9.0188     84.260      6.853   5.112692     0.0000     0.8725     2.8116     1.3536 1.0728e+03   966.3451     -0.619     -0.898    12.2998 0.0000e+00
     -0.633     -0.016     9.0153     84.227      6.202   4.626747     0.0000     0.8382     2.8116     1.3536 1.0482e+03   966.1948     -0.621     -0.900    12.2998 0.0000e+00
     -0.634     -0.012     9.0322     84.384      5.719   4.266349     0.0000    -2.2937     2.8116     1.3536 1.0133e+02    -7.4274     -0.622     -0.902    12.2994 0.0000e+00
     -0.635     -0.010     9.0706     84.740      5.360   3.998674     0.0000    -2.2708    -3.7914     4.0608 8.4922e+01    -7.5026     -0.623     -0.903    12.2984 0.0000e+00
     -0.636     -0.007     9.1284     85.276      5.112   3.813642     0.0000    -2.3052    -3.7914     4.0608 8.5664e+01    -7.4425     -0.623     -0.904    12.2970 0.0000e+00
     -0.636     -0.006     9.1992     85.934      4.959   3.699482     0.0000    -2.2746    -3.7914     4.0608 8.1399e+01    -7.4425     -0.624     -0.905    12.2950 0.0000e+00
     -0.637     -0.004     9.2752     86.640      4.927   3.675189     0.0000     4.4317    -3.7914     4.0608 7.3018e+01    -5.0527     -0.625     -0.906    12.2927 0.0000e+00
     -0.637     -0.003     9.3501     87.334      5.031   3.752079     0.0000     4.4241    -3.7914     4.0608 7.6394e+01    -5.0076     -0.625     -0.906    12.2901 0.0000e+00
     -0.637     -0.003     9.4190     87.972      5.191   3.871561     0.5400     4.4088     5.8362     7.5717 1.3807e+03    -5.0376     -0.625     -0.907    12.2871 0.0000e+00
     -0.638     -0.002     9.4788     88.523      5.322   3.968600     0.5400     4.4508     5.8362     7.5717 1.6366e+02    -5.0827     -0.625     -0.907    12.2838 0.0000e+00
     -0.638     -0.002     9.5270     88.967      5.418   4.039411     0.5400    -1.1646     5.8362     7.5717 9.0872e+02    -6.9164     -0.626     -0.907    12.2802 0.0000e+00
     -0.638     -0.001     9.5620     89.287      5.474   4.081126     0.5400    -1.1569     5.8362     7.5717 1.9737e+02    -6.9465     -0.626     -0.907    12.2765 0.0000e+00
     -0.638     -0.001     9.5822     89.468      5.464   4.073229     8.0100    -1.1684    -0.8946    -1.5228 1.7489e+03    -6.9014     -0.626     -0.907    12.2728 0.0000e+00
     -0.638     -0.001     9.5859     89.494      5.390   4.017567     8.0100    -1.1798    -0.8946    -1.5228 1.8081e+03    -7.0216     -0.626     -0.908    12.2690 0.0000e+00
     -0.638     -0.001     9.5695     89.334      5.269   3.926983     8.0100     0.6093    -0.8946    -1.5228 1.7577e+03     6.5205     -0.626     -0.908    12.2653 0.0000e+00
     -0.638     -0.000     9.5277     88.936      5.068   3.777322     8.0100     0.6093    -0.8946    -1.5228 1.7539e+03     6.6107     -0.626     -0.908    12.2618 0.0000e+00
     -0.638     -0.000     9.4548     88.250      4.756   3.544492     0.5400     0.6436     0.0426     2.0727 5.2270e+02     6.4754     -0.626     -0.908    12.2585 0.0000e+00
     -0.638     -0.000     9.3474     87.241      4.393   3.273190     0.5400     0.6360     0.0426     2.0727 7.9160e+02     6.5205     -0.626     -0.908    12.2554 0.0000e+00
     -0.639     -0.000     9.2059     85.915      4.039   3.009714     0.5400    -0.5427     0.0426     2.0727 3.4771e+02     1.9213     -0.626     -0.908    12.2525 0.0000e+00
     -0.639     -0.000     9.0362     84.326      3.719   2.770810     0.5400    -0.5351     0.0426     2.0727 1.7257e+02     1.8762     -0.626     -0.909    12.2496 0.0000e+00
     -0.639     -0.000     8.8497     82.580      3.516   2.619318     0.0000    -0.5351    -0.1278    -0.1269 1.0309e+02     1.7710     -0.626     -0.909    12.2467 0.0000e+00
     -0.639     -0.000     8.6623     80.826      3.463   2.580093     0.0000    -0.5389    -0.1278    -0.1269 1.3837e+03     1.8762     -0.626     -0.909    12.2439 0.0000e+00
     -0.639     -0.000     8.4905     79.219      3.442   2.563582     0.0000    -1.2561    -0.1278    -0.1269 1.6412e+02    -3.9705     -0.626     -0.909    12.2414 0.0000e+00
     -0.639     -0.000     8.3484     77.889      3.360   2.502109     0.0000    -1.2370    -0.1278    -0.1269 1.6718e+02    -4.0306     -0.626     -0.909    12.2392 0.0000e+00
     -0.639     -0.000     8.2446     76.917      3.240   2.412894     0.0000    -1.2294    -0.1278    -0.1269 1.5762e+02    -4.0607     -0.626     -0.909    12.2372 0.0000e+00
     -0.639     -0.000     8.1802     76.313      3.136   2.335422     0.0000    -1.2370    -0.1704    -1.2690 1.3805e+02    -3.9705     -0.626     -0.909    12.2356 0.0000e+00
     -0.639     -0.000     8.1491     76.021      3.070   2.286604     0.0000    -0.0773    -0.1704    -1.2690 1.4566e+02     0.4183     -0.626     -0.909    12.2344 0.0000e+00
     -0.639     -0.000     8.1408     75.943      3.047   2.269238     0.0000    -0.1155    -0.1704    -1.2690 1.5164e+02     0.3432     -0.626     -0.909    12.2340 0.0000e+00
