Data/DataNotYetUploadedToEDI/Raw_CTD/RawDownloads/040423_fcr50_S8188001.cnv
* Sea-Bird SBE19plus  Data File:
* FileName = C:\R\Reservoirs\Data\DataNotYetUploadedToEDI\Raw_CTD\RawDownloads\040423_fcr50_S8188_0001.hex
* Software version 2.8.0.119
* Temperature SN = 8188
* Conductivity SN = 8188
* System UpLoad Time = Apr 07 2023 11:44:14
* <ApplicationData>
* <Seaterm232>
# nquan = 16
# nvalues = 1864                        
# units = specified
# name 0 = depFM: Depth [fresh water, m]
# name 1 = dz/dtM: Descent Rate [m/s]
# name 2 = sbeox0Mg/L: Oxygen, SBE 43 [mg/l]
# name 3 = sbeox0PS: Oxygen, SBE 43 [% saturation]
# name 4 = specc: Specific Conductance [uS/cm]
# name 5 = c0uS/cm: Conductivity [uS/cm]
# name 6 = wetCDOM: Fluorescence, WET Labs CDOM [mg/m^3]
# name 7 = flECO-AFL: Fluorescence, WET Labs ECO-AFL/FL [mg/m^3]
# name 8 = flECO-AFL1: Fluorescence, WET Labs ECO-AFL/FL, 2 [mg/m^3]
# name 9 = flECO-AFL2: Fluorescence, WET Labs ECO-AFL/FL, 3 [mg/m^3]
# name 10 = par/sat/log: PAR/Logarithmic, Satlantic
# name 11 = turbWETntu0: Turbidity, WET Labs ECO [NTU]
# name 12 = prdM: Pressure, Strain Gauge [db]
# name 13 = prdE: Pressure, Strain Gauge [psi]
# name 14 = tv290C: Temperature [ITS-90, deg C]
# name 15 = flag:  0.000e+00
# span 0 =     -0.660,      9.494       
# span 1 =     -0.216,      0.161       
# span 2 =    -1.6608,    12.7497       
# span 3 =    -14.006,    112.179       
# span 4 =      3.047,    448.295       
# span 5 =   2.269238, 295.570744       
# span 6 =    -4.5000,     8.0100       
# span 7 =    -2.3052,     9.8944       
# span 8 =    -3.7914,     5.8362       
# span 9 =    -2.9187,     7.5717       
# span 10 = 1.1592e-01, 1.8081e+03      
# span 11 =    -7.5026,   966.4202      
# span 12 =     -0.648,      9.310      
# span 13 =     -0.940,     13.503      
# span 14 =     7.9324,    16.8464      
# span 15 = 0.0000e+00, 0.0000e+00      
# interval = seconds: 0.25
# start_time = Apr 04 2023 09:39:25 [Instrument's time stamp, header]
# bad_flag = -9.990e-29
*END*
[from data line 995]
      7.876      0.024    12.5939    106.217     37.145  24.479331     3.2400     6.5451     0.0426     0.5922 1.5692e+00     1.3502      7.723     11.202     7.9485 0.0000e+00
      7.883      0.025    12.5992    106.257     37.139  24.473978     3.2400     6.5298     0.0426     0.5499 1.5472e+00     1.3351      7.731     11.213     7.9467 0.0000e+00
      7.891      0.026    12.5990    106.252     37.129  24.465609     3.2400     6.5298     0.0426     0.5499 1.5496e+00     1.3953      7.738     11.223     7.9451 0.0000e+00
      7.898      0.027    12.5932    106.199     37.122  24.459910     3.2400     6.5565     0.0426     0.5499 1.5482e+00     1.3351      7.745     11.233     7.9438 0.0000e+00
      7.905      0.028    12.5836    106.116     37.116  24.455361     3.2400     6.3009     0.0426     0.5499 1.5173e+00     1.3351      7.752     11.243     7.9430 0.0000e+00
      7.912      0.028    12.5729    106.025     37.115  24.454708     3.2400     6.2933     0.0426     0.5076 1.5435e+00     1.3502      7.758     11.253     7.9427 0.0000e+00
      7.919      0.028    12.5637    105.948     37.120  24.457777     3.2400     6.2857     0.0426     0.5076 1.5496e+00     1.3351      7.765     11.263     7.9427 0.0000e+00
      7.926      0.028    12.5581    105.901     37.119  24.457468     3.2400     6.3162     0.0426     0.5076 1.5150e+00     1.3652      7.772     11.273     7.9432 0.0000e+00
      7.933      0.028    12.5577    105.900     37.112  24.453700     3.2400     6.0568     0.0426     0.5076 1.5345e+00     1.3351      7.779     11.283     7.9441 0.0000e+00
      7.940      0.028    12.5631    105.947     37.105  24.449426     3.3300     6.0644     0.0000     0.5076 1.5054e+00     1.3652      7.786     11.293     7.9448 0.0000e+00
      7.947      0.028    12.5725    106.026     37.099  24.445486     3.3300     6.0720     0.0000     0.5076 1.5107e+00     1.2750      7.793     11.303     7.9446 0.0000e+00
      7.954      0.028    12.5833    106.116     37.096  24.442808     3.3300     6.0644     0.0000     0.5076 1.4957e+00     1.3351      7.800     11.314     7.9438 0.0000e+00
      7.961      0.028    12.5937    106.201     37.094  24.440680     3.3300     5.8088     0.0000     0.5076 1.4885e+00     1.3351      7.807     11.324     7.9429 0.0000e+00
      7.968      0.028    12.6023    106.271     37.097  24.442492     3.3300     5.7974     0.0000     0.5076 1.4805e+00     1.3652      7.814     11.334     7.9422 0.0000e+00
      7.975      0.028    12.6084    106.321     37.110  24.450706     3.2400     5.8088     0.0426     0.5922 1.4651e+00     1.2600      7.821     11.344     7.9416 0.0000e+00
      7.983      0.028    12.6121    106.352     37.121  24.457617     3.2400     5.8279     0.0426     0.5922 1.4811e+00     1.3802      7.828     11.354     7.9412 0.0000e+00
      7.990      0.028    12.6136    106.363     37.121  24.457148     3.2400     6.1331     0.0426     0.5922 1.4731e+00     1.2600      7.835     11.365     7.9409 0.0000e+00
      7.997      0.028    12.6132    106.359     37.115  24.453134     3.2400     6.1064     0.0426     0.5922 1.4737e+00     1.3201      7.843     11.375     7.9407 0.0000e+00
      8.004      0.028    12.6115    106.345     37.111  24.450443     3.2400     6.1102     0.0000     0.5499 1.4458e+00     1.4103      7.850     11.385     7.9405 0.0000e+00
      8.011      0.028    12.6090    106.323     37.111  24.450337     3.2400     6.1216     0.0000     0.5499 1.4664e+00     1.3351      7.857     11.395     7.9404 0.0000e+00
      8.018      0.028    12.6053    106.292     37.112  24.450808     3.2400     6.2933     0.0000     0.5499 1.4433e+00     1.4854      7.863     11.405     7.9403 0.0000e+00
      8.025      0.028    12.6004    106.251     37.119  24.455940     3.2400     6.3238     0.0000     0.5499 1.4458e+00     1.3502      7.870     11.414     7.9402 0.0000e+00
      8.031      0.027    12.5946    106.201     37.133  24.465122     3.2400     6.3238     0.0426     0.5922 1.4246e+00     1.3351      7.876     11.423     7.9402 0.0000e+00
      8.037      0.027    12.5878    106.144     37.136  24.466947     3.2400     6.3238     0.0426     0.5922 1.4252e+00     1.3652      7.882     11.432     7.9401 0.0000e+00
      8.043      0.026    12.5810    106.086     37.126  24.459921     3.2400     6.2857     0.0426     0.5922 1.4117e+00     1.2750      7.888     11.440     7.9400 0.0000e+00
      8.049      0.026    12.5753    106.039     37.120  24.456029     3.2400     6.3009     0.0426     0.5922 1.4308e+00     1.3351      7.894     11.449     7.9399 0.0000e+00
      8.056      0.025    12.5707    105.999     37.132  24.464128     3.2400     6.3086     0.0000     0.5922 1.4132e+00     1.2901      7.900     11.458     7.9398 0.0000e+00
      8.063      0.025    12.5667    105.965     37.145  24.472523     3.2400     6.2857     0.0000     0.5922 1.3619e+00     1.3953      7.907     11.468     7.9397 0.0000e+00
      8.070      0.025    12.5634    105.937     37.141  24.469595     3.2400     6.1254     0.0000     0.5922 1.3988e+00     1.3351      7.913     11.478     7.9396 0.0000e+00
      8.076      0.025    12.5609    105.916     37.133  24.464461     3.2400     6.1216     0.0000     0.5922 1.3646e+00     1.3802      7.920     11.487     7.9396 0.0000e+00
      8.083      0.026    12.5597    105.906     37.135  24.465649     3.2400     6.1254     0.0000     0.5922 1.3475e+00     1.3953      7.927     11.497     7.9396 0.0000e+00
      8.090      0.026    12.5602    105.909     37.138  24.467539     3.2400     6.1254     0.0426     0.5499 1.3711e+00     1.3502      7.934     11.507     7.9396 0.0000e+00
      8.097      0.027    12.5622    105.926     37.134  24.464695     3.2400     6.4764     0.0426     0.5499 1.3744e+00     1.5005      7.940     11.516     7.9396 0.0000e+00
      8.103      0.027    12.5657    105.956     37.127  24.460318     3.2400     6.4840     0.0426     0.5499 1.3437e+00     1.5305      7.946     11.525     7.9397 0.0000e+00
      8.109      0.026    12.5708    105.999     37.122  24.457199     3.2400     6.4878     0.0426     0.5499 1.3370e+00     1.4854      7.952     11.534     7.9397 0.0000e+00
      8.115      0.026    12.5776    106.057     37.118  24.454508     3.3300     6.4726     0.0426     0.5499 1.3188e+00     1.5606      7.958     11.543     7.9398 0.0000e+00
      8.121      0.025    12.5852    106.121     37.113  24.451527     3.3300     6.4230     0.0426     0.5499 1.3223e+00     1.2600      7.964     11.551     7.9398 0.0000e+00
      8.127      0.025    12.5912    106.172     37.107  24.447460     3.3300     6.4459     0.0426     0.5499 1.3171e+00     1.3502      7.970     11.559     7.9399 0.0000e+00
      8.133      0.024    12.5936    106.192     37.104  24.445183     3.3300     6.4230     0.0426     0.5499 1.3086e+00     1.3201      7.975     11.567     7.9399 0.0000e+00
      8.139      0.024    12.5921    106.180     37.108  24.448047     3.2400     6.4459     0.0426     0.5076 1.2863e+00     1.3351      7.981     11.576     7.9400 0.0000e+00
      8.145      0.023    12.5884    106.149     37.115  24.452856     3.2400     6.3543     0.0426     0.5076 1.3060e+00     1.3802      7.987     11.584     7.9402 0.0000e+00
      8.151      0.023    12.5843    106.115     37.108  24.449017     3.2400     6.3658     0.0426     0.5076 1.3272e+00     1.3953      7.993     11.593     7.9406 0.0000e+00
      8.158      0.023    12.5808    106.087     37.091  24.437484     3.2400     6.3505     0.0426     0.5076 1.3191e+00     1.2901      8.000     11.603     7.9409 0.0000e+00
      8.165      0.024    12.5777    106.062     37.084  24.432998     3.3300     6.4039     0.0852     0.5499 1.2829e+00     1.3502      8.007     11.614     7.9411 0.0000e+00
      8.173      0.025    12.5758    106.046     37.089  24.436342     3.3300     6.2437     0.0852     0.5499 1.2682e+00     1.4103      8.015     11.625     7.9412 0.0000e+00
      8.182      0.026    12.5759    106.047     37.098  24.442470     3.3300     6.2475     0.0852     0.5499 1.3117e+00     1.3351      8.024     11.637     7.9413 0.0000e+00
      8.191      0.028    12.5777    106.061     37.108  24.449057     3.3300     6.2323     0.0852     0.5499 1.2464e+00     1.2901      8.033     11.651     7.9412 0.0000e+00
      8.201      0.030    12.5808    106.087     37.116  24.453899     3.3300     6.2361     0.0852     0.5499 1.2578e+00     1.3502      8.042     11.664     7.9408 0.0000e+00
      8.210      0.032    12.5845    106.116     37.123  24.458289     3.2400     6.1865     0.0426     0.5499 1.2302e+00     1.4253      8.052     11.678     7.9404 0.0000e+00
      8.220      0.034    12.5878    106.144     37.131  24.463397     3.2400     6.1750     0.0426     0.5499 1.2281e+00     1.3502      8.061     11.692     7.9398 0.0000e+00
      8.231      0.036    12.5916    106.174     37.137  24.466625     3.2400     6.1636     0.0426     0.5499 1.2327e+00     1.3351      8.071     11.707     7.9393 0.0000e+00
      8.241      0.037    12.5959    106.209     37.135  24.464877     3.2400     6.1674     0.0426     0.5499 1.2140e+00     1.3802      8.082     11.721     7.9388 0.0000e+00
      8.252      0.039    12.5989    106.233     37.136  24.465602     3.2400     6.2933     0.0000     0.5499 1.1900e+00     1.3652      8.092     11.737     7.9384 0.0000e+00
      8.263      0.040    12.5988    106.231     37.142  24.468996     3.2400     6.2818     0.0000     0.5499 1.1820e+00     1.2600      8.103     11.753     7.9380 0.0000e+00
      8.275      0.041    12.5946    106.195     37.144  24.470023     3.2400     6.3314     0.0000     0.5499 1.1647e+00     1.3351      8.115     11.770     7.9377 0.0000e+00
      8.287      0.042    12.5853    106.115     37.146  24.470938     3.2400     6.2933     0.0000     0.5499 1.1464e+00     1.3652      8.127     11.787     7.9373 0.0000e+00
      8.299      0.043    12.5705    105.989     37.139  24.466047     3.2400     6.3009     0.0426     0.5499 1.1511e+00     1.3502      8.139     11.804     7.9370 0.0000e+00
      8.311      0.045    12.5507    105.822     37.127  24.458004     3.2400     6.2933     0.0426     0.5499 1.1576e+00     1.3652      8.150     11.820     7.9367 0.0000e+00
      8.322      0.045    12.5275    105.626     37.128  24.458521     3.2400     6.3009     0.0426     0.5499 1.1268e+00     1.2600      8.161     11.837     7.9366 0.0000e+00
      8.334      0.046    12.5040    105.428     37.133  24.461796     3.2400     6.2818     0.0426     0.5499 1.1387e+00     1.3652      8.173     11.854     7.9366 0.0000e+00
      8.346      0.046    12.4826    105.248     37.128  24.458807     3.2400     6.4650     0.0426     0.5922 1.1159e+00     1.3051      8.185     11.871     7.9367 0.0000e+00
      8.359      0.047    12.4643    105.094     37.125  24.456673     3.2400     6.4802     0.0426     0.5922 1.1154e+00     1.3051      8.197     11.889     7.9369 0.0000e+00
      8.371      0.047    12.4500    104.974     37.127  24.458785     3.2400     6.4878     0.0426     0.5922 1.1002e+00     1.4404      8.209     11.906     7.9372 0.0000e+00
      8.383      0.047    12.4404    104.894     37.125  24.457787     3.2400     6.4802     0.0426     0.5922 1.0747e+00     1.3201      8.221     11.924     7.9376 0.0000e+00
      8.395      0.047    12.4361    104.859     37.118  24.453415     3.2400     6.3162     0.0426     0.5922 1.0615e+00     1.3201      8.233     11.941     7.9379 0.0000e+00
      8.407      0.048    12.4381    104.876     37.110  24.448461     3.2400     6.3162     0.0000     0.6345 1.0500e+00     1.2299      8.245     11.958     7.9381 0.0000e+00
      8.419      0.048    12.4466    104.948     37.100  24.441603     3.2400     6.3009     0.0000     0.6345 1.0362e+00     1.3351      8.256     11.975     7.9383 0.0000e+00
      8.430      0.047    12.4616    105.075     37.093  24.436953     3.2400     6.2933     0.0000     0.6345 1.0414e+00     1.4253      8.267     11.991     7.9384 0.0000e+00
      8.441      0.047    12.4827    105.253     37.096  24.439207     3.2400     6.6099     0.0000     0.6345 1.0250e+00     1.5756      8.278     12.006     7.9385 0.0000e+00
      8.452      0.046    12.5083    105.470     37.108  24.446988     3.2400     6.5985     0.0000     0.5922 1.0203e+00     1.6508      8.289     12.022     7.9385 0.0000e+00
      8.463      0.045    12.5358    105.701     37.116  24.452473     3.2400     6.5870     0.0000     0.5922 1.0086e+00     1.5756      8.299     12.037     7.9385 0.0000e+00
      8.472      0.044    12.5622    105.924     37.114  24.451186     3.2400     6.6061     0.0000     0.5922 1.0521e+00     1.5456      8.308     12.050     7.9386 0.0000e+00
      8.482      0.042    12.5847    106.114     37.111  24.448723     3.2400     6.6023     0.0000     0.5922 9.9796e-01     1.4554      8.317     12.064     7.9386 0.0000e+00
      8.491      0.041    12.6019    106.258     37.110  24.448385     3.2400     6.5832     0.0426     0.5499 9.8975e-01     1.3051      8.327     12.077     7.9386 0.0000e+00
      8.501      0.040    12.6140    106.360     37.119  24.454042     3.2400     6.6252     0.0426     0.5499 9.2568e-01     1.3502      8.336     12.091     7.9386 0.0000e+00
      8.511      0.039    12.6217    106.426     37.130  24.461264     3.2400     6.6023     0.0426     0.5499 9.8417e-01     1.2750      8.346     12.105     7.9385 0.0000e+00
      8.522      0.038    12.6257    106.459     37.131  24.462079     3.2400     6.5641     0.0426     0.5499 9.8717e-01     1.3652      8.357     12.120     7.9385 0.0000e+00
      8.533      0.039    12.6265    106.465     37.129  24.460663     3.2400     6.5603     0.0000     0.5499 9.6323e-01     1.2901      8.368     12.136     7.9384 0.0000e+00
      8.544      0.040    12.6248    106.451     37.123  24.456638     3.2400     6.5603     0.0000     0.5499 8.9755e-01     1.3351      8.379     12.153     7.9383 0.0000e+00
      8.556      0.041    12.6216    106.424     37.114  24.450911     3.2400     6.5565     0.0000     0.5499 9.3112e-01     1.3652      8.390     12.169     7.9383 0.0000e+00
      8.567      0.042    12.6170    106.385     37.119  24.453832     3.2400     6.3658     0.0000     0.5499 9.4581e-01     1.3502      8.401     12.185     7.9383 0.0000e+00
      8.578      0.043    12.6112    106.337     37.131  24.462220     3.2400     6.3581     0.0000     0.5499 9.2668e-01     1.3051      8.412     12.201     7.9384 0.0000e+00
      8.589      0.044    12.6050    106.285     37.131  24.462477     3.2400     6.3772     0.0426     0.6768 9.1647e-01     1.3351      8.423     12.216     7.9385 0.0000e+00
      8.599      0.044    12.5992    106.237     37.122  24.456649     3.2400     6.3696     0.0426     0.6768 9.0834e-01     1.3351      8.433     12.231     7.9386 0.0000e+00
      8.610      0.043    12.5948    106.200     37.120  24.455061     3.2400     6.6862     0.0426     0.6768 8.9657e-01     1.6808      8.443     12.246     7.9388 0.0000e+00
      8.620      0.043    12.5924    106.180     37.123  24.457289     3.2400     6.6443     0.0426     0.6768 8.9833e-01     1.5756      8.453     12.260     7.9391 0.0000e+00
      8.629      0.042    12.5921    106.178     37.120  24.456009     3.2400     6.6900     0.0426     0.4653 8.7635e-01     1.5606      8.463     12.274     7.9393 0.0000e+00
      8.639      0.041    12.5940    106.195     37.112  24.450879     3.2400     6.6671     0.0426     0.4653 8.9560e-01     1.5305      8.473     12.288     7.9395 0.0000e+00
      8.650      0.040    12.5984    106.233     37.108  24.448449     3.2400     6.7549     0.0426     0.4653 8.1023e-01     1.3652      8.483     12.303     7.9397 0.0000e+00
