Data/DataNotYetUploadedToEDI/Raw_CTD/RawDownloads/040521_bvr50.cnv
* Sea-Bird SBE19plus  Data File:
* FileName = C:\DATA\040521_bvr50_0001.hex
* Software version 2.8.0.119
* Temperature SN = 7809
* Conductivity SN = 7809
* System UpLoad Time = Apr 05 2021 18:26:03
* <ApplicationData>
* <Seaterm232>
# nquan = 16
# nvalues = 1644                        
# units = specified
# name 0 = depFM: Depth [fresh water, m]
# name 1 = dz/dtM: Descent Rate [m/s]
# name 2 = orp: Oxidation Reduction Potential [mV]
# name 3 = sbeox0Mg/L: Oxygen, SBE 43 [mg/l]
# name 4 = sbeox0PS: Oxygen, SBE 43 [% saturation]
# name 5 = par/sat/log: PAR/Logarithmic, Satlantic
# name 6 = ph: pH
# name 7 = specc: Specific Conductance [uS/cm]
# name 8 = c0uS/cm: Conductivity [uS/cm]
# name 9 = flECO-AFL: Fluorescence, WET Labs ECO-AFL/FL [mg/m^3]
# name 10 = turbWETntu0: Turbidity, WET Labs ECO [NTU]
# name 11 = tv290C: Temperature [ITS-90, deg C]
# name 12 = density00: Density [density, kg/m^3]
# name 13 = prdE: Pressure, Strain Gauge [psi]
# name 14 = prdM: Pressure, Strain Gauge [db]
# name 15 = flag:  0.000e+00
# span 0 =     -0.708,     10.527       
# span 1 =     -0.429,      0.215       
# span 2 = -1240.7455,  1240.2295       
# span 3 =     8.1751,    10.6768       
# span 4 =     73.645,     95.620       
# span 5 = 1.2352e-01, 1.6949e+03       
# span 6 =     -2.586,     16.271       
# span 7 =      1.394,     27.217       
# span 8 =   1.222179,  19.876622       
# span 9 =    -2.5331,   259.6418       
# span 10 =    -9.8174,    38.2751      
# span 11 =     8.3529,    18.8520      
# span 12 =   998.4394,   999.8893      
# span 13 =     -1.007,     14.973      
# span 14 =     -0.694,     10.324      
# span 15 = 0.0000e+00, 0.0000e+00      
# interval = seconds: 0.25
# start_time = Apr 04 2021 21:35:46 [Instrument's time stamp, header]
# bad_flag = -9.990e-29
*END*
[from data line 1537]
      1.779     -0.155   415.4805    10.3516     90.037 1.1204e+02     15.666     24.959  17.144050     8.3896     3.5096     9.3345   999.7768      2.521      1.738 0.0000e+00
      1.740     -0.112   415.4910    10.3371     90.123 1.1338e+02     15.666     24.981  17.163207     8.2594     3.6087     9.3338   999.7766      2.462      1.697 0.0000e+00
      1.725     -0.072   415.5070    10.3353     90.231 1.1212e+02     15.666     25.003  17.182699     8.1783     3.6570     9.3350   999.7765      2.448      1.687 0.0000e+00
      1.725     -0.039   415.5025    10.3252     90.277 1.1043e+02     15.666     24.999  17.189530     8.1435     3.6468     9.3367   999.7764      2.452      1.691 0.0000e+00
      1.728     -0.014   415.5226    10.3156     90.304 1.0898e+02     15.665     24.966  17.182401     7.9816     3.6571     9.3411   999.7760      2.458      1.694 0.0000e+00
      1.730      0.001   415.5786    10.3291     90.328 1.0779e+02     15.664     24.916  17.159926     7.6890     3.7136     9.3504   999.7753      2.460      1.696 0.0000e+00
      1.730      0.009   415.6633    10.3467     90.359 1.0619e+02     15.665     24.931  17.171402     7.5238     3.7456     9.3580   999.7747      2.460      1.696 0.0000e+00
      1.730      0.011   415.6861    10.3410     90.377 1.0422e+02     15.665     24.971  17.194361     7.5295     3.7696     9.3708   999.7738      2.460      1.696 0.0000e+00
      1.732      0.007   415.6822    10.3373     90.333 1.0302e+02     15.665     24.959  17.183916     7.7581     3.7634     9.4109   999.7705      2.461      1.697 0.0000e+00
      1.738     -0.008   415.7013    10.3295     90.282 1.0284e+02     15.665     24.939  17.171901     8.1610     3.7046     9.4461   999.7677      2.471      1.704 0.0000e+00
      1.747     -0.036   415.6595    10.3338     90.269 1.0338e+02     15.665     24.943  17.175901     8.3757     3.6769     9.4409   999.7682      2.488      1.715 0.0000e+00
      1.748     -0.077   415.6069    10.3469     90.252 1.0524e+02     15.665     24.936  17.168883     8.3801     3.7020     9.4230   999.7696      2.494      1.720 0.0000e+00
      1.730     -0.125   415.6681    10.3370     90.211 1.0976e+02     15.665     24.915  17.150440     8.1094     3.7337     9.4170   999.7701      2.476      1.707 0.0000e+00
      1.687     -0.172   415.7968    10.3269     90.156 1.1740e+02     15.665     24.910  17.143114     7.6112     3.7169     9.4262   999.7692      2.412      1.663 0.0000e+00
      1.622     -0.211   415.9579    10.3275     90.086 1.2706e+02     15.665     24.914  17.143696     7.3444     3.6712     9.4316   999.7683      2.311      1.594 0.0000e+00
      1.548     -0.238   416.0683    10.3289     90.019 1.3746e+02     15.665     24.934  17.157475     7.3151     3.6617     9.4238   999.7686      2.200      1.517 0.0000e+00
      1.477     -0.251   415.9271    10.3235     89.964 1.4739e+02     15.664     24.966  17.182906     7.2941     3.6702     9.4156   999.7689      2.096      1.445 0.0000e+00
      1.412     -0.249   415.7992    10.3219     89.958 1.5610e+02     15.664     24.976  17.197587     7.1103     3.6371     9.4071   999.7693      2.006      1.382 0.0000e+00
      1.352     -0.231   415.9837    10.3121     90.029 1.6516e+02     15.664     24.978  17.208191     6.7905     3.6045     9.4025   999.7693      1.922      1.325 0.0000e+00
      1.293     -0.202   416.0940    10.3059     90.118 1.7552e+02     15.663     25.023  17.247717     6.6229     3.6539     9.4005   999.7692      1.840      1.269 0.0000e+00
      1.234     -0.166   415.9284    10.2972     90.208 1.8522e+02     15.662     25.064  17.295093     6.5813     3.7194     9.4056   999.7686      1.751      1.207 0.0000e+00
      1.186     -0.128   415.7018    10.2863     90.315 1.9204e+02     15.660     25.076  17.337227     6.3914     3.7435     9.4275   999.7666      1.671      1.152 0.0000e+00
      1.161     -0.090   415.5038    10.2970     90.468 1.9611e+02     15.658     25.076  17.376777     6.0631     3.7056     9.4473   999.7649      1.640      1.131 0.0000e+00
      1.155     -0.054   415.4273    10.3042     90.752 1.9909e+02     15.657     25.046  17.392926     5.8830     3.6384     9.4538   999.7644      1.642      1.132 0.0000e+00
      1.156     -0.024   415.3803    10.3050     91.124 2.0220e+02     15.654     25.016  17.405708     5.8824     3.6521     9.4855   999.7618      1.644      1.134 0.0000e+00
      1.156     -0.004   415.2794    10.3003     91.439 2.0748e+02     15.652     24.970  17.404562     6.0279     3.6998     9.5654   999.7554      1.644      1.133 0.0000e+00
      1.156      0.006   415.2400    10.2880     91.624 2.1279e+02     15.650     24.900  17.379107     6.2686     3.7342     9.6504   999.7484      1.642      1.132 0.0000e+00
      1.157      0.012   415.3342    10.3057     91.689 2.1464e+02     15.650     24.858  17.351557     6.3797     3.7591     9.7227   999.7423      1.644      1.134 0.0000e+00
      1.161      0.016   415.5576    10.3414     91.689 2.1619e+02     15.651     24.852  17.325066     6.3986     3.7260     9.7860   999.7370      1.652      1.139 0.0000e+00
      1.167      0.016   415.7044    10.3621     91.607 2.1787e+02     15.653     24.879  17.312390     6.6024     3.7115     9.8510   999.7314      1.660      1.144 0.0000e+00
      1.173      0.011   415.5609    10.3688     91.437 2.1868e+02     15.655     24.939  17.325062     6.9745     3.7565     9.9149   999.7259      1.668      1.150 0.0000e+00
      1.180     -0.007   415.2852    10.3696     91.270 2.2103e+02     15.656     25.003  17.351442     7.1676     3.7548     9.9180   999.7257      1.679      1.158 0.0000e+00
      1.185     -0.040   415.1242    10.3866     91.235 2.2495e+02     15.657     25.043  17.377736     7.1450     3.7248     9.8616   999.7306      1.687      1.163 0.0000e+00
      1.182     -0.085   414.9904    10.3973     91.393 2.3010e+02     15.655     25.033  17.389374     6.9017     3.6693     9.7865   999.7370      1.688      1.164 0.0000e+00
      1.163     -0.136   414.8721    10.3876     91.633 2.3990e+02     15.653     24.965  17.365372     6.4666     3.5289     9.7239   999.7422      1.668      1.150 0.0000e+00
      1.119     -0.186   414.8125    10.3736     91.777 2.5706e+02     15.653     24.919  17.341166     6.2241     3.4019     9.6863   999.7452      1.605      1.107 0.0000e+00
      1.052     -0.231   414.6998    10.3665     91.728 2.8240e+02     15.655     24.942  17.350315     6.2006     3.3690     9.6761   999.7457      1.500      1.035 0.0000e+00
      0.973     -0.264   414.5415    10.3790     91.510 3.1065e+02     15.655     24.955  17.349183     6.1824     3.4060     9.7258   999.7412      1.381      0.952 0.0000e+00
      0.894     -0.279   414.3610    10.3987     91.277 3.3472e+02     15.655     24.932  17.327461     6.0805     3.5060     9.7925   999.7352      1.271      0.876 0.0000e+00
      0.819     -0.269   414.2385    10.4146     91.174 3.5497e+02     15.655     24.955  17.341285     5.9129     3.6157     9.8058   999.7336      1.165      0.803 0.0000e+00
      0.744     -0.238   414.2653    10.4165     91.258 3.7496e+02     15.655     25.021  17.389520     5.8158     3.6346     9.7788   999.7355      1.056      0.727 0.0000e+00
      0.674     -0.194   414.3406    10.3889     91.479 3.8729e+02     15.655     25.031  17.403457     5.7828     3.6317     9.7544   999.7373      0.950      0.654 0.0000e+00
      0.623     -0.146   414.3742    10.3591     91.691 3.7834e+02     15.655     24.986  17.383000     5.5343     3.6834     9.7433   999.7379      0.870      0.599 0.0000e+00
      0.599     -0.099   414.4134    10.3465     91.799 3.7003e+02     15.655     24.990  17.395792     5.0608     3.7106     9.7401   999.7381      0.841      0.580 0.0000e+00
      0.594     -0.058   414.4704    10.3549     91.835 3.8190e+02     15.654     25.030  17.431328     4.7883     3.6855     9.7463   999.7377      0.843      0.581 0.0000e+00
      0.596     -0.026   414.4617    10.3858     91.877 3.9505e+02     15.652     25.018  17.432263     4.7378     3.6554     9.7588   999.7366      0.848      0.585 0.0000e+00
      0.597     -0.005   414.4802    10.4083     91.942 4.0184e+02     15.650     24.964  17.407100     4.5173     3.6903     9.7826   999.7346      0.851      0.587 0.0000e+00
      0.596      0.007   414.6083    10.4115     92.008 4.0844e+02     15.650     24.914  17.380708     4.1154     3.7291     9.8082   999.7324      0.848      0.585 0.0000e+00
      0.594      0.012   414.7200    10.4096     92.070 4.1074e+02     15.651     24.898  17.366783     3.8936     3.6784     9.8171   999.7316      0.842      0.580 0.0000e+00
      0.596      0.013   414.7990    10.4092     92.095 4.1083e+02     15.652     24.909  17.365527     3.8855     3.6612     9.8323   999.7304      0.843      0.581 0.0000e+00
      0.604      0.013   414.8743    10.4119     92.059 4.1307e+02     15.652     24.920  17.365517     4.1036     3.7270     9.8660   999.7275      0.859      0.592 0.0000e+00
      0.614      0.006   414.8563    10.4112     91.979 4.1076e+02     15.651     24.927  17.366661     4.5178     3.7526     9.8880   999.7256      0.879      0.607 0.0000e+00
      0.619     -0.016   414.6670    10.4237     91.918 4.0272e+02     15.651     24.943  17.379350     4.7354     3.6958     9.8792   999.7264      0.885      0.610 0.0000e+00
      0.617     -0.058   414.3929    10.4338     91.941 3.9652e+02     15.650     24.953  17.392135     4.7327     3.6239     9.8547   999.7284      0.877      0.604 0.0000e+00
      0.612     -0.113   414.1233    10.4321     91.982 4.0342e+02     15.650     24.947  17.394440     4.5802     3.5700     9.8367   999.7300      0.876      0.604 0.0000e+00
      0.591     -0.166   413.9026    10.4246     91.972 4.1968e+02     15.651     24.960  17.407235     4.2935     3.5249     9.8306   999.7306      0.865      0.597 0.0000e+00
      0.531     -0.205   413.7895    10.4088     91.954 4.4175e+02     15.651     24.976  17.420039     4.1283     3.4907     9.8333   999.7300      0.776      0.536 0.0000e+00
      0.440     -0.221   413.7019    10.4153     92.005 4.4304e+02     15.650     24.974  17.422450     4.1085     3.4645     9.8466   999.7283      0.619      0.428 0.0000e+00
      0.353     -0.213   413.6171    10.4188     92.136 4.6347e+02     15.648     24.979  17.436387     4.0916     3.4489     9.8642   999.7264      0.488      0.337 0.0000e+00
      0.288     -0.180   413.6251    10.4136     92.293 5.6682e+02     15.648     24.992  17.461755     3.8100     3.5080     9.8691   999.7257      0.395      0.272 0.0000e+00
      0.250     -0.129   413.6265    10.4078     92.448 6.8795e+02     15.648     24.986  17.475587     3.2691     3.6302     9.8689   999.7256      0.342      0.236 0.0000e+00
      0.238     -0.074   413.5482    10.4107     92.607 6.9996e+02     15.647     24.969  17.476843     2.9686     3.6552     9.8755   999.7250      0.333      0.230 0.0000e+00
      0.241     -0.032   413.5377    10.4257     92.775 6.4341e+02     15.647     24.959  17.476956     2.9516     3.6044     9.8931   999.7235      0.340      0.235 0.0000e+00
      0.247     -0.006   413.5865    10.4348     92.926 6.5473e+02     15.647     24.958  17.476957     3.1969     3.6001     9.9297   999.7203      0.351      0.243 0.0000e+00
      0.252      0.007   413.6224    10.4412     93.000 6.5859e+02     15.648     24.961  17.476854     3.6931     3.6379     9.9723   999.7166      0.360      0.248 0.0000e+00
      0.254      0.011   413.7136    10.4522     93.005 6.2934e+02     15.648     24.961  17.475712     3.9740     3.6496    10.0002   999.7142      0.363      0.250 0.0000e+00
      0.253      0.011   413.8290    10.4679     92.976 6.0730e+02     15.647     24.936  17.463146     3.9988     3.6383    10.0126   999.7131      0.360      0.248 0.0000e+00
      0.254      0.010   413.9844    10.4896     92.927 5.7337e+02     15.647     24.912  17.451722     4.0974     3.6727    10.0128   999.7130      0.356      0.245 0.0000e+00
      0.259      0.009   414.1303    10.5003     92.922 5.5459e+02     15.646     24.927  17.464402     4.2698     3.6884    10.0026   999.7140      0.367      0.253 0.0000e+00
      0.266      0.007   414.1296    10.4968     92.920 5.7931e+02     15.646     24.967  17.489659     4.3481     3.6568     9.9980   999.7144      0.383      0.264 0.0000e+00
      0.268     -0.001   414.0616    10.4955     92.854 6.0094e+02     15.646     24.993  17.503484     4.3283     3.6330    10.0128   999.7132      0.383      0.264 0.0000e+00
      0.267     -0.017   413.8252    10.4764     92.757 5.4609e+02     15.646     24.996  17.504750     4.0020     3.6060    10.0289   999.7117      0.377      0.260 0.0000e+00
      0.267     -0.044   413.3359    10.4800     92.695 5.5691e+02     15.646     24.991  17.504969     3.3884     3.5715    10.0325   999.7113      0.381      0.263 0.0000e+00
      0.261     -0.080   412.8781    10.4867     92.754 7.2525e+02     15.645     24.982  17.506142     3.0405     3.5251    10.0255   999.7121      0.381      0.262 0.0000e+00
      0.240     -0.126   412.4201    10.4772     92.899 9.4590e+02     15.645     24.987  17.518938     2.9912     3.4565    10.0112   999.7132      0.351      0.242 0.0000e+00
      0.203     -0.182   411.8416    10.4688     93.062 1.0058e+03     15.645     24.990  17.532894     2.9634     3.3945    10.0073   999.7133      0.296      0.204 0.0000e+00
      0.152     -0.244   411.3041    10.4498     93.234 8.6384e+02     15.644     24.991  17.548098     2.7902     3.3252    10.0185   999.7121      0.224      0.154 0.0000e+00
      0.085     -0.298   410.7396    10.4577     93.401 9.0413e+02     15.643     25.011  17.575975     2.4902     3.2365    10.0345   999.7105      0.132      0.090 0.0000e+00
     -0.005     -0.333   410.1788    10.4735     93.511 1.1267e+03     15.641     25.045  17.616354     2.3305     3.1802    10.0503   999.7086      0.006      0.004 0.0000e+00
     -0.116     -0.348   409.4272    10.4847     93.562 1.2150e+03     15.640     25.068  17.655929     2.3089     3.0562    10.0755   999.7057     -0.163     -0.112 0.0000e+00
     -0.229     -0.349   408.4489    10.4956     93.626 1.1535e+03     15.638     25.057  17.674076     2.2569     1.8053    10.1094   999.7022     -0.341     -0.235 0.0000e+00
     -0.323     -0.340   406.6968    10.5122     93.721 8.9482e+02     15.637     25.079  17.708992     2.1691    -0.4766    10.1324   999.6997     -0.472     -0.325 0.0000e+00
     -0.394     -0.319   403.8152    10.5190     93.777 5.4987e+02     15.636     25.139  17.761104     2.1161    -1.7022    10.1590   999.6971     -0.566     -0.390 0.0000e+00
     -0.457     -0.282   402.0006    10.5062     93.706 4.9131e+02     15.636     25.184  17.796948     1.9981    -1.7867    10.2119   999.6920     -0.645     -0.445 0.0000e+00
     -0.530     -0.238   401.4483    10.4986     93.522 6.3914e+02     15.636     25.223  17.825375     0.6661    -2.1167    10.2708   999.6863     -0.739     -0.510 0.0000e+00
     -0.611     -0.194   401.0095    10.5018     93.245 6.7290e+02     15.637     25.260  17.851199    -1.7436    -2.8072    10.3105   999.6822     -0.885     -0.611 0.0000e+00
     -0.669     -0.149   401.4272    10.5108     92.817 5.9870e+02     15.637     25.269  17.855570    -2.5331    -3.2353    10.3278   999.6803     -0.979     -0.676 0.0000e+00
     -0.688     -0.104   401.5090    10.4980     92.177 5.2473e+02     15.637     25.125  17.751406     3.4320    -3.4477    10.3324   999.6799     -0.983     -0.678 0.0000e+00
     -0.690     -0.060   400.2772    10.4759     91.401 5.1303e+02     15.637     25.012  17.669601    70.3901    -5.0998    10.3341   999.6798     -0.981     -0.677 0.0000e+00
     -0.690     -0.025   399.1818    10.4483     90.643 5.3241e+02     15.638     25.224  17.817519   193.1327    -8.1397    10.3327   999.6799     -0.982     -0.678 0.0000e+00
