Data/DataNotYetUploadedToEDI/Raw_CTD/RawDownloads/040521_bvr50.cnv
* Sea-Bird SBE19plus  Data File:
* FileName = C:\DATA\040521_bvr50_0001.hex
* Software version 2.8.0.119
* Temperature SN = 7809
* Conductivity SN = 7809
* System UpLoad Time = Apr 05 2021 18:26:03
* <ApplicationData>
* <Seaterm232>
# nquan = 16
# nvalues = 1644                        
# units = specified
# name 0 = depFM: Depth [fresh water, m]
# name 1 = dz/dtM: Descent Rate [m/s]
# name 2 = orp: Oxidation Reduction Potential [mV]
# name 3 = sbeox0Mg/L: Oxygen, SBE 43 [mg/l]
# name 4 = sbeox0PS: Oxygen, SBE 43 [% saturation]
# name 5 = par/sat/log: PAR/Logarithmic, Satlantic
# name 6 = ph: pH
# name 7 = specc: Specific Conductance [uS/cm]
# name 8 = c0uS/cm: Conductivity [uS/cm]
# name 9 = flECO-AFL: Fluorescence, WET Labs ECO-AFL/FL [mg/m^3]
# name 10 = turbWETntu0: Turbidity, WET Labs ECO [NTU]
# name 11 = tv290C: Temperature [ITS-90, deg C]
# name 12 = density00: Density [density, kg/m^3]
# name 13 = prdE: Pressure, Strain Gauge [psi]
# name 14 = prdM: Pressure, Strain Gauge [db]
# name 15 = flag:  0.000e+00
# span 0 =     -0.708,     10.527       
# span 1 =     -0.429,      0.215       
# span 2 = -1240.7455,  1240.2295       
# span 3 =     8.1751,    10.6768       
# span 4 =     73.645,     95.620       
# span 5 = 1.2352e-01, 1.6949e+03       
# span 6 =     -2.586,     16.271       
# span 7 =      1.394,     27.217       
# span 8 =   1.222179,  19.876622       
# span 9 =    -2.5331,   259.6418       
# span 10 =    -9.8174,    38.2751      
# span 11 =     8.3529,    18.8520      
# span 12 =   998.4394,   999.8893      
# span 13 =     -1.007,     14.973      
# span 14 =     -0.694,     10.324      
# span 15 = 0.0000e+00, 0.0000e+00      
# interval = seconds: 0.25
# start_time = Apr 04 2021 21:35:46 [Instrument's time stamp, header]
# bad_flag = -9.990e-29
*END*
[from data line 633]
      5.043      0.062   387.9002    10.1351     88.067 3.7862e+00     15.677     24.953  17.059190    10.0949     3.6995     9.1887   999.8035      7.173      4.946 0.0000e+00
      5.062      0.062   387.8840    10.1395     88.035 3.7325e+00     15.677     24.973  17.072338    10.0921     3.7200     9.1885   999.8036      7.202      4.966 0.0000e+00
      5.078      0.061   387.8770    10.1365     87.994 3.6898e+00     15.677     24.992  17.083814     9.9946     3.7745     9.1865   999.8038      7.223      4.980 0.0000e+00
      5.092      0.058   387.9877    10.1401     87.962 3.6396e+00     15.677     24.979  17.071153     9.8415     3.9125     9.1814   999.8043      7.242      4.993 0.0000e+00
      5.104      0.056   388.1902    10.1350     87.938 3.5885e+00     15.678     24.949  17.046045     9.7667     4.0142     9.1780   999.8046      7.259      5.005 0.0000e+00
      5.117      0.054   388.3469    10.1339     87.878 3.5390e+00     15.679     24.936  17.033832     9.7584     4.0088     9.1799   999.8045      7.277      5.017 0.0000e+00
      5.131      0.053   388.5054    10.1266     87.788 3.4941e+00     15.679     24.963  17.050287     9.8654     3.9160     9.1780   999.8048      7.298      5.031 0.0000e+00
      5.146      0.052   388.6443    10.1257     87.761 3.4607e+00     15.678     24.971  17.054794    10.0866     3.7846     9.1685   999.8056      7.320      5.047 0.0000e+00
      5.160      0.051   388.7361    10.1274     87.818 3.4164e+00     15.678     24.927  17.024927    10.2207     3.7243     9.1591   999.8063      7.340      5.060 0.0000e+00
      5.173      0.048   388.7544    10.1241     87.878 3.3596e+00     15.678     24.900  17.006166    10.2472     3.7020     9.1519   999.8069      7.357      5.073 0.0000e+00
      5.185      0.045   388.6943    10.1074     87.891 3.3213e+00     15.678     24.915  17.018170    10.2927     3.7219     9.1478   999.8073      7.376      5.086 0.0000e+00
      5.195      0.040   388.6972    10.1032     87.847 3.2922e+00     15.678     24.949  17.043261    10.3792     3.8609     9.1469   999.8075      7.391      5.096 0.0000e+00
      5.205      0.036   388.7892    10.1165     87.777 3.2551e+00     15.678     24.966  17.055941    10.4352     4.0097     9.1467   999.8075      7.403      5.103 0.0000e+00
      5.214      0.032   388.8602    10.1233     87.721 3.2315e+00     15.677     24.949  17.044673    10.4456     4.0102     9.1473   999.8075      7.418      5.113 0.0000e+00
      5.222      0.028   388.8679    10.1260     87.731 3.2205e+00     15.676     24.933  17.033822    10.4861     3.9363     9.1502   999.8073      7.428      5.121 0.0000e+00
      5.227      0.026   388.8822    10.1170     87.798 3.1996e+00     15.676     24.959  17.051543    10.5721     3.9401     9.1543   999.8070      7.434      5.126 0.0000e+00
      5.233      0.025   388.9467    10.1085     87.855 3.1819e+00     15.676     24.986  17.068739    10.6271     3.9862     9.1568   999.8069      7.443      5.132 0.0000e+00
      5.238      0.026   389.0452    10.0973     87.834 3.1804e+00     15.677     24.964  17.051533    10.6352     4.0132     9.1571   999.8069      7.451      5.137 0.0000e+00
      5.244      0.029   389.1271    10.0998     87.708 3.1692e+00     15.677     24.941  17.033708    10.6230     3.9929     9.1576   999.8068      7.458      5.142 0.0000e+00
      5.250      0.033   389.1629    10.1103     87.540 3.1328e+00     15.677     24.958  17.043416    10.5840     4.0150     9.1580   999.8068      7.467      5.148 0.0000e+00
      5.259      0.036   389.1337    10.1210     87.450 3.0856e+00     15.677     24.960  17.042113    10.5360     4.1774     9.1539   999.8072      7.479      5.156 0.0000e+00
      5.271      0.037   389.2044    10.1219     87.530 3.0437e+00     15.677     24.928  17.017944    10.5094     4.2743     9.1490   999.8077      7.497      5.168 0.0000e+00
      5.284      0.036   389.4152    10.1043     87.695 3.0055e+00     15.677     24.911  17.004796    10.5014     4.2245     9.1460   999.8079      7.516      5.182 0.0000e+00
      5.295      0.033   389.5307    10.0821     87.816 2.9862e+00     15.677     24.919  17.009940    10.5632     4.1253     9.1417   999.8083      7.534      5.195 0.0000e+00
      5.303      0.029   389.4835    10.0650     87.839 2.9858e+00     15.677     24.929  17.016733    10.6933     4.0358     9.1370   999.8087      7.546      5.202 0.0000e+00
      5.307      0.026   389.3610    10.0818     87.764 2.9718e+00     15.677     24.940  17.023535    10.7673     4.0349     9.1317   999.8091      7.549      5.205 0.0000e+00
      5.310      0.024   389.4258    10.1093     87.697 2.9525e+00     15.677     24.951  17.028783    10.7722     4.0464     9.1281   999.8094      7.552      5.207 0.0000e+00
      5.315      0.024   389.6638    10.1222     87.710 2.9379e+00     15.678     24.938  17.016779    10.7429     4.0032     9.1284   999.8094      7.559      5.212 0.0000e+00
      5.322      0.025   389.8307    10.1281     87.720 2.9132e+00     15.678     24.925  17.005201    10.7086     3.9927     9.1293   999.8094      7.569      5.219 0.0000e+00
      5.331      0.027   389.8949    10.1126     87.695 2.8827e+00     15.678     24.945  17.015585    10.7097     4.0228     9.1287   999.8094      7.583      5.229 0.0000e+00
      5.339      0.029   389.9237    10.1000     87.666 2.8667e+00     15.678     24.948  17.015534    10.7097     4.0235     9.1239   999.8099      7.595      5.236 0.0000e+00
      5.345      0.031   390.0062    10.1120     87.630 2.8498e+00     15.679     24.934  17.004578    10.7742     4.0704     9.1166   999.8104      7.602      5.241 0.0000e+00
      5.352      0.032   390.0330    10.1150     87.600 2.8124e+00     15.680     24.944  17.009913    10.9371     4.1783     9.1096   999.8110      7.611      5.247 0.0000e+00
      5.361      0.034   389.9894    10.1102     87.573 2.7827e+00     15.680     24.956  17.016639    11.0385     4.2286     9.1030   999.8115      7.624      5.256 0.0000e+00
      5.370      0.038   389.9949    10.1105     87.507 2.7732e+00     15.680     24.968  17.022499    11.0474     4.2321     9.0984   999.8119      7.639      5.267 0.0000e+00
      5.378      0.044   390.0134    10.1053     87.458 2.7513e+00     15.679     24.964  17.017354    10.9104     4.2207     9.0962   999.8121      7.650      5.274 0.0000e+00
      5.387      0.051   390.0408    10.1005     87.465 2.7090e+00     15.679     24.968  17.017830    10.6505     4.1936     9.0949   999.8123      7.661      5.281 0.0000e+00
      5.400      0.060   390.1544    10.1043     87.474 2.6742e+00     15.679     24.987  17.028262    10.5188     4.1790     9.0917   999.8126      7.681      5.296 0.0000e+00
      5.417      0.066   390.3548    10.0929     87.436 2.6280e+00     15.680     24.974  17.016687    10.5097     4.1814     9.0861   999.8131      7.704      5.312 0.0000e+00
      5.437      0.071   390.4848    10.0849     87.305 2.5487e+00     15.680     24.960  17.004675    10.5027     4.1537     9.0809   999.8137      7.731      5.330 0.0000e+00
      5.460      0.073   390.5219    10.0933     87.115 2.4757e+00     15.680     24.971  17.009819    10.5573     4.0843     9.0766   999.8140      7.767      5.355 0.0000e+00
      5.482      0.071   390.5452    10.0938     86.962 2.4276e+00     15.680     24.981  17.015479    10.6838     4.0302     9.0718   999.8145      7.802      5.378 0.0000e+00
      5.500      0.067   390.5941    10.0961     86.874 2.3940e+00     15.681     24.975  17.009707    10.7641     4.0145     9.0659   999.8150      7.826      5.396 0.0000e+00
      5.514      0.062   390.7690    10.0801     86.844 2.3725e+00     15.681     24.967  17.003428    10.7647     3.9975     9.0604   999.8155      7.844      5.408 0.0000e+00
      5.526      0.057   390.9386    10.0526     86.846 2.3451e+00     15.680     24.968  17.002960    10.7193     3.9957     9.0564   999.8158      7.858      5.418 0.0000e+00
      5.540      0.052   390.9245    10.0366     86.859 2.3114e+00     15.679     24.970  17.004052    10.6642     4.0268     9.0532   999.8161      7.878      5.432 0.0000e+00
      5.555      0.049   390.8565    10.0265     86.875 2.2865e+00     15.678     24.990  17.016627    10.6416     3.9963     9.0509   999.8164      7.904      5.450 0.0000e+00
      5.569      0.046   390.8900    10.0254     86.898 2.2627e+00     15.678     25.007  17.028196    10.6181     3.9355     9.0490   999.8166      7.923      5.462 0.0000e+00
      5.579      0.042   390.9865    10.0264     86.896 2.2348e+00     15.679     24.988  17.017126    10.4571     3.9438     9.0474   999.8168      7.934      5.470 0.0000e+00
      5.589      0.037   391.0760    10.0294     86.845 2.2100e+00     15.680     24.972  17.009591    10.1824     3.9945     9.0458   999.8169      7.948      5.481 0.0000e+00
      5.599      0.033   391.1982    10.0297     86.772 2.1931e+00     15.680     24.953  17.000501    10.0435     4.0333     9.0449   999.8171      7.965      5.492 0.0000e+00
      5.607      0.032   391.3462    10.0347     86.706 2.1804e+00     15.680     24.908  16.970625    10.0367     4.0013     9.0441   999.8172      7.977      5.500 0.0000e+00
      5.613      0.033   391.4027    10.0367     86.681 2.1722e+00     15.679     24.902  16.965367     9.9177     3.8825     9.0456   999.8170      7.982      5.504 0.0000e+00
      5.618      0.034   391.3641    10.0245     86.676 2.1604e+00     15.679     24.955  17.000330     9.6925     3.7981     9.0550   999.8164      7.988      5.507 0.0000e+00
      5.626      0.037   391.3099    10.0149     86.651 2.1351e+00     15.678     24.974  17.012954     9.5735     3.8046     9.0647   999.8158      8.000      5.515 0.0000e+00
      5.638      0.040   391.2636    10.0036     86.629 2.1145e+00     15.678     24.940  16.991194     9.5573     3.7892     9.0667   999.8156      8.019      5.529 0.0000e+00
      5.650      0.043   391.2343    10.0026     86.637 2.0894e+00     15.679     24.939  16.990830     9.5634     3.7499     9.0627   999.8160      8.037      5.541 0.0000e+00
      5.662      0.046   391.3004    10.0075     86.712 2.0494e+00     15.680     24.966  17.008550     9.7130     3.7405     9.0586   999.8163      8.055      5.554 0.0000e+00
      5.673      0.049   391.4603    10.0003     86.860 2.0276e+00     15.680     24.978  17.015250     9.9930     3.7447     9.0594   999.8163      8.071      5.565 0.0000e+00
      5.684      0.054   391.6189     9.9974     86.963 2.0174e+00     15.679     24.971  17.008438    10.1560     3.7664     9.0623   999.8161      8.084      5.573 0.0000e+00
      5.697      0.058   391.7555     9.9968     86.956 1.9892e+00     15.679     24.946  16.989584    10.1662     3.7625     9.0641   999.8160      8.101      5.585 0.0000e+00
      5.713      0.061   391.7359    10.0017     86.886 1.9551e+00     15.680     24.931  16.977485    10.1172     3.7323     9.0623   999.8163      8.124      5.601 0.0000e+00
      5.732      0.063   391.6397    10.0295     86.802 1.9192e+00     15.680     24.950  16.988952    10.0591     3.7447     9.0586   999.8167      8.152      5.621 0.0000e+00
      5.751      0.063   391.7112    10.0447     86.722 1.8801e+00     15.680     24.970  17.001423    10.0454     3.7399     9.0549   999.8170      8.182      5.642 0.0000e+00
      5.767      0.063   391.9116    10.0410     86.669 1.8575e+00     15.680     24.971  17.001475    10.0373     3.7092     9.0498   999.8175      8.205      5.657 0.0000e+00
      5.781      0.062   392.1699    10.0326     86.661 1.8310e+00     15.680     24.954  16.989585     9.9903     3.7510     9.0454   999.8178      8.221      5.668 0.0000e+00
      5.795      0.060   392.4255    10.0221     86.661 1.7913e+00     15.680     24.947  16.984459     9.9246     3.8000     9.0428   999.8180      8.241      5.682 0.0000e+00
      5.811      0.060   392.5925    10.0148     86.694 1.7630e+00     15.681     24.975  17.002895     9.8913     3.7859     9.0412   999.8183      8.263      5.697 0.0000e+00
      5.827      0.061   392.6401    10.0030     86.759 1.7465e+00     15.681     25.004  17.022282     9.8934     3.7524     9.0402   999.8185      8.288      5.714 0.0000e+00
      5.842      0.061   392.5702    10.0109     86.808 1.7294e+00     15.680     25.013  17.028666     9.9119     3.7040     9.0395   999.8186      8.310      5.730 0.0000e+00
      5.858      0.061   392.4363    10.0042     86.771 1.6937e+00     15.680     24.996  17.016681     9.9430     3.6805     9.0388   999.8187      8.331      5.744 0.0000e+00
      5.875      0.061   392.3119    10.0106     86.675 1.6588e+00     15.680     24.979  17.004171     9.9642     3.7440     9.0380   999.8189      8.357      5.762 0.0000e+00
      5.890      0.061   392.2712    10.0195     86.636 1.6398e+00     15.680     24.979  17.004219     9.9678     3.7849     9.0374   999.8190      8.378      5.777 0.0000e+00
      5.904      0.060   392.3739    10.0286     86.655 1.6145e+00     15.680     24.999  17.017262    10.0258     3.7966     9.0369   999.8191      8.394      5.788 0.0000e+00
      5.920      0.059   392.5204    10.0279     86.798 1.5836e+00     15.680     25.025  17.035068    10.1499     3.8865     9.0364   999.8192      8.419      5.805 0.0000e+00
      5.937      0.058   392.5801    10.0011     86.956 1.5619e+00     15.680     25.016  17.029303    10.2191     3.9781     9.0358   999.8193      8.446      5.823 0.0000e+00
      5.952      0.057   392.6661    10.0086     86.884 1.5517e+00     15.681     24.988  17.010964    10.2231     4.0121     9.0353   999.8194      8.467      5.837 0.0000e+00
      5.965      0.055   392.7856    10.0002     86.722 1.5283e+00     15.681     24.976  17.003532    10.2166     3.9880     9.0344   999.8196      8.483      5.848 0.0000e+00
      5.978      0.051   392.8207    10.0184     86.588 1.5028e+00     15.680     24.975  17.002847    10.1981     3.9266     9.0332   999.8197      8.502      5.862 0.0000e+00
      5.992      0.047   392.8322    10.0625     86.465 1.4933e+00     15.679     24.975  17.002682    10.1814     3.8536     9.0341   999.8197      8.523      5.877 0.0000e+00
      6.005      0.044   392.8385    10.0348     86.491 1.4741e+00     15.679     24.973  17.001537    10.1760     3.7587     9.0367   999.8196      8.541      5.888 0.0000e+00
      6.016      0.041   392.8967    10.0088     86.597 1.4536e+00     15.679     24.955  16.989004    10.1713     3.6722     9.0374   999.8196      8.559      5.901 0.0000e+00
      6.024      0.038   393.0200    10.0079     86.661 1.4470e+00     15.679     24.938  16.977944    10.1534     3.6648     9.0371   999.8196      8.569      5.908 0.0000e+00
      6.031      0.036   393.0384     9.9714     86.726 1.4381e+00     15.680     24.962  16.994616    10.1314     3.7040     9.0371   999.8197      8.574      5.912 0.0000e+00
      6.041      0.035   393.0334     9.9860     86.749 1.4238e+00     15.680     24.971  17.000379    10.1243     3.6998     9.0374   999.8197      8.593      5.925 0.0000e+00
      6.051      0.036   393.1316    10.0063     86.702 1.4088e+00     15.679     24.947  16.984221    10.1157     3.6818     9.0373   999.8198      8.610      5.936 0.0000e+00
      6.058      0.038   393.1932    10.0048     86.648 1.3888e+00     15.679     24.954  16.989460    10.0838     3.7274     9.0372   999.8198      8.616      5.940 0.0000e+00
      6.067      0.040   393.2625    10.0169     86.599 1.3716e+00     15.679     24.970  17.000321    10.0446     3.8386     9.0380   999.8198      8.628      5.949 0.0000e+00
      6.078      0.043   393.3667    10.0245     86.672 1.3617e+00     15.679     24.954  16.988733    10.0336     3.9622     9.0387   999.8198      8.645      5.961 0.0000e+00
      6.090      0.047   393.3348    10.0078     86.807 1.3534e+00     15.679     24.936  16.976156    10.0453     4.0204     9.0386   999.8198      8.661      5.972 0.0000e+00
