Data/DataNotYetUploadedToEDI/Raw_CTD/RawDownloads/040521_bvr50.cnv
* Sea-Bird SBE19plus  Data File:
* FileName = C:\DATA\040521_bvr50_0001.hex
* Software version 2.8.0.119
* Temperature SN = 7809
* Conductivity SN = 7809
* System UpLoad Time = Apr 05 2021 18:26:03
* <ApplicationData>
* <Seaterm232>
# nquan = 16
# nvalues = 1644                        
# units = specified
# name 0 = depFM: Depth [fresh water, m]
# name 1 = dz/dtM: Descent Rate [m/s]
# name 2 = orp: Oxidation Reduction Potential [mV]
# name 3 = sbeox0Mg/L: Oxygen, SBE 43 [mg/l]
# name 4 = sbeox0PS: Oxygen, SBE 43 [% saturation]
# name 5 = par/sat/log: PAR/Logarithmic, Satlantic
# name 6 = ph: pH
# name 7 = specc: Specific Conductance [uS/cm]
# name 8 = c0uS/cm: Conductivity [uS/cm]
# name 9 = flECO-AFL: Fluorescence, WET Labs ECO-AFL/FL [mg/m^3]
# name 10 = turbWETntu0: Turbidity, WET Labs ECO [NTU]
# name 11 = tv290C: Temperature [ITS-90, deg C]
# name 12 = density00: Density [density, kg/m^3]
# name 13 = prdE: Pressure, Strain Gauge [psi]
# name 14 = prdM: Pressure, Strain Gauge [db]
# name 15 = flag:  0.000e+00
# span 0 =     -0.708,     10.527       
# span 1 =     -0.429,      0.215       
# span 2 = -1240.7455,  1240.2295       
# span 3 =     8.1751,    10.6768       
# span 4 =     73.645,     95.620       
# span 5 = 1.2352e-01, 1.6949e+03       
# span 6 =     -2.586,     16.271       
# span 7 =      1.394,     27.217       
# span 8 =   1.222179,  19.876622       
# span 9 =    -2.5331,   259.6418       
# span 10 =    -9.8174,    38.2751      
# span 11 =     8.3529,    18.8520      
# span 12 =   998.4394,   999.8893      
# span 13 =     -1.007,     14.973      
# span 14 =     -0.694,     10.324      
# span 15 = 0.0000e+00, 0.0000e+00      
# interval = seconds: 0.25
# start_time = Apr 04 2021 21:35:46 [Instrument's time stamp, header]
# bad_flag = -9.990e-29
*END*
[from data line 904]
      8.349      0.069   403.7686     9.6308     82.189 1.2369e-01     15.695     25.229  16.917351     9.3184     3.9019     8.5298   999.8669     11.876      8.188 0.0000e+00
      8.368      0.071   403.8838     9.6172     82.254 1.2368e-01     15.694     25.222  16.912121     9.4676     3.8394     8.5289   999.8671     11.902      8.206 0.0000e+00
      8.387      0.069   403.9692     9.6123     82.259 1.2368e-01     15.694     25.215  16.906548     9.5481     3.7629     8.5283   999.8671     11.926      8.223 0.0000e+00
      8.410      0.066   403.9407     9.5979     82.228 1.2366e-01     15.694     25.226  16.913359     9.5478     3.7315     8.5276   999.8674     11.961      8.247 0.0000e+00
      8.430      0.063   403.8836     9.6079     82.214 1.2363e-01     15.694     25.253  16.931071     9.5402     3.7351     8.5261   999.8676     11.996      8.271 0.0000e+00
      8.442      0.061   403.9667     9.6218     82.235 1.2366e-01     15.694     25.253  16.930500     9.5618     3.8056     8.5241   999.8677     12.011      8.281 0.0000e+00
      8.450      0.058   403.9989     9.6191     82.253 1.2363e-01     15.694     25.218  16.906453     9.6088     3.9319     8.5222   999.8679     12.015      8.284 0.0000e+00
      8.463      0.054   404.0149     9.6146     82.226 1.2355e-01     15.694     25.200  16.893923     9.6304     3.9928     8.5211   999.8680     12.033      8.297 0.0000e+00
      8.481      0.052   404.1608     9.6104     82.135 1.2355e-01     15.694     25.218  16.905813     9.6142     3.9579     8.5205   999.8682     12.062      8.316 0.0000e+00
      8.498      0.051   404.2137     9.6170     82.027 1.2360e-01     15.694     25.245  16.923411     9.5364     3.8531     8.5198   999.8683     12.089      8.335 0.0000e+00
      8.512      0.047   404.2246     9.6198     81.988 1.2369e-01     15.694     25.235  16.916495     9.4239     3.7216     8.5191   999.8684     12.108      8.348 0.0000e+00
      8.522      0.041   404.2929     9.6188     82.015 1.2374e-01     15.694     25.189  16.885590     9.3709     3.7065     8.5182   999.8685     12.122      8.358 0.0000e+00
      8.530      0.034   404.3502     9.6067     82.065 1.2370e-01     15.695     25.161  16.866735     9.3621     3.7745     8.5176   999.8686     12.134      8.367 0.0000e+00
      8.536      0.028   404.4013     9.5875     82.084 1.2366e-01     15.695     25.178  16.878731     9.3844     3.7885     8.5169   999.8687     12.141      8.372 0.0000e+00
      8.542      0.025   404.3956     9.5854     82.002 1.2362e-01     15.694     25.215  16.903830     9.4495     3.7724     8.5162   999.8687     12.150      8.377 0.0000e+00
      8.548      0.025   404.3664     9.5910     81.879 1.2360e-01     15.693     25.235  16.916604     9.4912     3.7510     8.5160   999.8688     12.160      8.384 0.0000e+00
      8.553      0.027   404.3929     9.5962     81.806 1.2362e-01     15.693     25.220  16.906374     9.4979     3.7015     8.5160   999.8687     12.166      8.388 0.0000e+00
      8.559      0.032   404.4573     9.6067     81.816 1.2367e-01     15.693     25.221  16.906946     9.6549     3.7573     8.5162   999.8688     12.172      8.392 0.0000e+00
      8.566      0.038   404.5430     9.5911     81.908 1.2373e-01     15.693     25.246  16.923525     9.9675     3.9451     8.5164   999.8688     12.183      8.400 0.0000e+00
      8.576      0.046   404.6541     9.5712     81.959 1.2374e-01     15.693     25.236  16.916628    10.1402     4.0492     8.5164   999.8689     12.195      8.408 0.0000e+00
      8.589      0.052   404.7683     9.5657     81.946 1.2367e-01     15.694     25.192  16.886953    10.1601     4.0557     8.5165   999.8689     12.214      8.421 0.0000e+00
      8.606      0.055   404.8056     9.5600     81.922 1.2362e-01     15.694     25.184  16.881722    10.1503     4.0236     8.5164   999.8690     12.240      8.439 0.0000e+00
      8.624      0.056   404.7612     9.5835     81.863 1.2367e-01     15.694     25.237  16.916790    10.0888     3.9705     8.5158   999.8692     12.267      8.458 0.0000e+00
      8.641      0.055   404.7478     9.5892     81.820 1.2372e-01     15.694     25.258  16.930552    10.0075     3.9622     8.5151   999.8693     12.292      8.475 0.0000e+00
      8.654      0.053   404.7303     9.5799     81.816 1.2373e-01     15.694     25.245  16.921310     9.9589     3.9574     8.5150   999.8693     12.309      8.487 0.0000e+00
      8.664      0.051   404.7212     9.5859     81.838 1.2373e-01     15.694     25.261  16.931850     9.9394     3.9123     8.5151   999.8693     12.323      8.496 0.0000e+00
      8.674      0.049   404.8095     9.5710     81.899 1.2372e-01     15.694     25.260  16.931184     9.9249     3.9323     8.5147   999.8695     12.336      8.506 0.0000e+00
      8.687      0.049   404.9385     9.5669     81.989 1.2373e-01     15.694     25.233  16.913257     9.9074     3.9931     8.5136   999.8696     12.354      8.518 0.0000e+00
      8.702      0.051   405.0756     9.5695     82.093 1.2371e-01     15.694     25.221  16.905292     9.9002     3.9951     8.5124   999.8697     12.377      8.533 0.0000e+00
      8.716      0.054   405.1762     9.5674     82.063 1.2370e-01     15.694     25.211  16.898290     9.8949     3.9909     8.5114   999.8699     12.398      8.549 0.0000e+00
      8.727      0.057   405.2088     9.5807     81.883 1.2371e-01     15.694     25.202  16.892003     9.8622     4.0109     8.5113   999.8699     12.413      8.558 0.0000e+00
      8.739      0.059   405.2119     9.5839     81.738 1.2371e-01     15.695     25.203  16.892669     9.8101     4.0307     8.5120   999.8699     12.427      8.568 0.0000e+00
      8.756      0.059   405.2997     9.6086     81.688 1.2368e-01     15.695     25.224  16.906339     9.7793     3.9904     8.5124   999.8700     12.452      8.586 0.0000e+00
      8.776      0.059   405.4096     9.6091     81.744 1.2367e-01     15.694     25.261  16.930489     9.7575     3.9357     8.5122   999.8701     12.486      8.609 0.0000e+00
      8.793      0.058   405.4217     9.5696     81.798 1.2366e-01     15.694     25.262  16.931061     9.6989     3.9518     8.5119   999.8702     12.510      8.626 0.0000e+00
      8.806      0.055   405.4458     9.5592     81.726 1.2366e-01     15.694     25.235  16.913255     9.6241     3.9797     8.5106   999.8703     12.522      8.634 0.0000e+00
      8.819      0.050   405.5288     9.5474     81.649 1.2370e-01     15.694     25.223  16.905405     9.5783     3.9984     8.5092   999.8705     12.541      8.647 0.0000e+00
      8.833      0.046   405.5660     9.5598     81.681 1.2373e-01     15.694     25.213  16.899538     9.5363     4.0065     8.5088   999.8706     12.565      8.663 0.0000e+00
      8.843      0.045   405.5518     9.5780     81.755 1.2372e-01     15.695     25.223  16.905723     9.3349     3.9743     8.5090   999.8707     12.579      8.673 0.0000e+00
      8.851      0.045   405.6153     9.5581     81.829 1.2369e-01     15.695     25.239  16.916783     9.0028     3.9524     8.5098   999.8706     12.587      8.679 0.0000e+00
      8.861      0.045   405.7306     9.5416     81.905 1.2369e-01     15.694     25.223  16.906458     8.8309     3.9826     8.5103   999.8706     12.601      8.688 0.0000e+00
      8.874      0.045   405.7418     9.5534     81.946 1.2370e-01     15.694     25.225  16.907696     8.8104     3.9954     8.5104   999.8707     12.622      8.702 0.0000e+00
      8.888      0.045   405.7499     9.5631     81.979 1.2370e-01     15.694     25.260  16.931746     8.7838     3.9700     8.5112   999.8707     12.643      8.717 0.0000e+00
      8.901      0.045   405.8289     9.5676     81.996 1.2371e-01     15.694     25.277  16.943646     8.6432     3.9845     8.5118   999.8707     12.661      8.729 0.0000e+00
      8.912      0.044   405.8370     9.5837     81.964 1.2374e-01     15.694     25.249  16.924774     8.3975     3.9999     8.5118   999.8708     12.677      8.740 0.0000e+00
      8.921      0.044   405.8482     9.5830     81.918 1.2374e-01     15.694     25.204  16.893764     8.2648     3.9496     8.5120   999.8708     12.689      8.749 0.0000e+00
      8.931      0.044   405.8775     9.5873     81.858 1.2372e-01     15.694     25.194  16.885715     8.2496     3.8913     8.5127   999.8708     12.701      8.757 0.0000e+00
      8.942      0.045   405.9330     9.5944     81.824 1.2372e-01     15.694     25.203  16.890851     8.2132     3.9128     8.5146   999.8707     12.717      8.767 0.0000e+00
      8.954      0.046   406.0026     9.5833     81.829 1.2368e-01     15.694     25.207  16.892453     8.1492     3.9697     8.5144   999.8708     12.734      8.781 0.0000e+00
      8.967      0.049   406.0316     9.5832     81.800 1.2366e-01     15.695     25.227  16.905084     8.1048     3.9602     8.5113   999.8711     12.756      8.795 0.0000e+00
      8.980      0.052   406.1107     9.5742     81.794 1.2369e-01     15.695     25.246  16.916772     8.0967     3.9365     8.5090   999.8713     12.774      8.807 0.0000e+00
      8.992      0.054   406.1850     9.5649     81.831 1.2374e-01     15.695     25.233  16.906969     8.1276     4.0263     8.5074   999.8714     12.789      8.818 0.0000e+00
      9.006      0.055   406.2417     9.5783     81.846 1.2374e-01     15.696     25.243  16.913361     8.1723     4.1872     8.5059   999.8716     12.809      8.831 0.0000e+00
      9.022      0.054   406.2802     9.5659     81.863 1.2371e-01     15.696     25.269  16.930661     8.1891     4.2339     8.5045   999.8718     12.831      8.847 0.0000e+00
      9.038      0.052   406.3064     9.5648     81.874 1.2371e-01     15.695     25.262  16.925946     8.1885     4.1793     8.5025   999.8720     12.855      8.864 0.0000e+00
      9.053      0.051   406.3868     9.5774     81.839 1.2369e-01     15.695     25.253  16.919744     8.1932     4.1795     8.5004   999.8722     12.878      8.880 0.0000e+00
      9.064      0.049   406.4774     9.5732     81.774 1.2366e-01     15.694     25.253  16.919078     8.2072     4.2362     8.4993   999.8723     12.894      8.890 0.0000e+00
      9.073      0.047   406.6284     9.5775     81.687 1.2365e-01     15.694     25.251  16.917883     8.2237     4.2463     8.4990   999.8724     12.904      8.897 0.0000e+00
      9.083      0.047   406.8350     9.5818     81.568 1.2366e-01     15.694     25.233  16.905298     8.2309     4.1986     8.4985   999.8725     12.916      8.905 0.0000e+00
      9.096      0.047   406.9109     9.5763     81.511 1.2366e-01     15.694     25.217  16.893710     8.1894     4.1744     8.4982   999.8726     12.937      8.920 0.0000e+00
      9.110      0.047   406.8579     9.5662     81.549 1.2366e-01     15.694     25.235  16.904571     8.1133     4.1942     8.4976   999.8727     12.957      8.934 0.0000e+00
      9.123      0.047   406.7962     9.5617     81.601 1.2370e-01     15.694     25.244  16.909819     8.0739     4.1981     8.4971   999.8728     12.976      8.947 0.0000e+00
      9.135      0.048   406.6817     9.5398     81.646 1.2372e-01     15.694     25.221  16.893764     8.0656     4.1528     8.4966   999.8728     12.995      8.960 0.0000e+00
      9.146      0.049   406.5920     9.5304     81.656 1.2376e-01     15.694     25.231  16.900661     8.0610     4.1270     8.4949   999.8730     13.011      8.970 0.0000e+00
      9.155      0.051   406.6578     9.5449     81.616 1.2377e-01     15.695     25.275  16.929806     8.1329     4.1607     8.4923   999.8732     13.021      8.977 0.0000e+00
      9.167      0.053   406.7885     9.5472     81.524 1.2375e-01     15.695     25.275  16.929140     8.2865     4.1831     8.4905   999.8734     13.034      8.987 0.0000e+00
      9.183      0.053   406.8812     9.5558     81.346 1.2374e-01     15.695     25.221  16.892614     8.3725     4.1571     8.4899   999.8735     13.060      9.006 0.0000e+00
      9.201      0.052   406.9182     9.5589     81.195 1.2370e-01     15.695     25.186  16.868578     8.3718     4.1216     8.4896   999.8736     13.088      9.024 0.0000e+00
      9.216      0.051   406.9780     9.5500     81.181 1.2365e-01     15.695     25.221  16.892118     8.3548     4.1311     8.4888   999.8738     13.110      9.039 0.0000e+00
      9.228      0.049   407.0884     9.5481     81.276 1.2364e-01     15.694     25.268  16.923643     8.3292     4.1686     8.4877   999.8739     13.128      9.051 0.0000e+00
      9.237      0.047   407.1341     9.5180     81.362 1.2366e-01     15.694     25.281  16.932731     8.3095     4.1975     8.4866   999.8740     13.139      9.059 0.0000e+00
      9.246      0.046   407.1000     9.4943     81.335 1.2370e-01     15.694     25.291  16.938597     8.2976     4.2065     8.4856   999.8741     13.148      9.065 0.0000e+00
      9.257      0.047   407.1925     9.4970     81.271 1.2370e-01     15.695     25.281  16.931176     8.2716     4.2090     8.4858   999.8741     13.164      9.076 0.0000e+00
      9.271      0.048   407.3920     9.5097     81.276 1.2370e-01     15.695     25.244  16.906399     8.2439     4.2270     8.4871   999.8742     13.186      9.091 0.0000e+00
      9.286      0.048   407.5335     9.5310     81.347 1.2374e-01     15.695     25.224  16.892620     8.2385     4.2175     8.4868   999.8742     13.207      9.106 0.0000e+00
      9.300      0.047   407.6133     9.5193     81.388 1.2375e-01     15.694     25.222  16.891373     8.2359     4.1982     8.4849   999.8744     13.229      9.121 0.0000e+00
      9.312      0.044   407.6681     9.5077     81.293 1.2372e-01     15.694     25.222  16.891320     8.2407     4.2341     8.4834   999.8746     13.248      9.134 0.0000e+00
      9.322      0.041   407.6800     9.5094     81.111 1.2367e-01     15.694     25.223  16.891985     8.2763     4.2741     8.4828   999.8747     13.260      9.143 0.0000e+00
      9.329      0.041   407.5846     9.5205     80.978 1.2367e-01     15.694     25.235  16.899415     8.3138     4.2695     8.4827   999.8747     13.268      9.148 0.0000e+00
      9.337      0.042   407.5475     9.5342     80.940 1.2366e-01     15.695     25.263  16.917754     8.3221     4.2465     8.4827   999.8747     13.280      9.156 0.0000e+00
      9.347      0.045   407.6620     9.5189     80.954 1.2364e-01     15.695     25.272  16.923518     8.3097     4.2024     8.4826   999.8748     13.295      9.167 0.0000e+00
      9.360      0.046   407.7638     9.4897     80.993 1.2366e-01     15.695     25.247  16.905703     8.3164     4.1825     8.4825   999.8748     13.311      9.177 0.0000e+00
      9.375      0.046   407.7464     9.4725     81.035 1.2367e-01     15.695     25.227  16.892566     8.3465     4.2110     8.4821   999.8749     13.334      9.193 0.0000e+00
      9.391      0.045   407.7104     9.4722     81.035 1.2367e-01     15.696     25.226  16.891475     8.3589     4.2040     8.4810   999.8751     13.360      9.211 0.0000e+00
      9.403      0.043   407.7587     9.4746     81.031 1.2371e-01     15.696     25.228  16.892515     8.3615     4.1669     8.4801   999.8753     13.376      9.223 0.0000e+00
      9.410      0.040   407.8141     9.4786     81.066 1.2371e-01     15.696     25.247  16.905131     8.3776     4.1742     8.4793   999.8753     13.383      9.228 0.0000e+00
      9.417      0.039   407.8641     9.4891     81.088 1.2370e-01     15.695     25.265  16.917221     8.3921     4.1895     8.4784   999.8754     13.391      9.233 0.0000e+00
      9.426      0.039   407.9325     9.4857     81.088 1.2373e-01     15.695     25.257  16.911886     8.3931     4.1810     8.4782   999.8755     13.406      9.243 0.0000e+00
      9.436      0.040   408.0394     9.4806     81.105 1.2373e-01     15.695     25.246  16.904035     8.3809     4.1739     8.4782   999.8755     13.422      9.254 0.0000e+00
      9.447      0.042   408.2097     9.4913     81.125 1.2370e-01     15.695     25.219  16.885697     8.3495     4.1724     8.4782   999.8756     13.436      9.263 0.0000e+00
