Data/DataNotYetUploadedToEDI/Raw_CTD/RawDownloads/040626_fcr40_S7809015.cnv
* Sea-Bird SBE19plus  Data File:
* FileName = C:\R\Reservoirs\Data\DataNotYetUploadedToEDI\Raw_CTD\RawDownloads\051126_FCR_50_S7809_0015.hex
* Software version 2.8.0.119
* Temperature SN = 7809
* Conductivity SN = 7809
* System UpLoad Time = May 11 2026 15:36:54
* <ApplicationData>
* <Seaterm232>
# nquan = 15
# nvalues = 1311                        
# units = specified
# name 0 = depFM: Depth [fresh water, m]
# name 1 = dz/dtM: Descent Rate [m/s]
# name 2 = sbeox0Mg/L: Oxygen, SBE 43 [mg/l]
# name 3 = sbeox0PS: Oxygen, SBE 43 [% saturation]
# name 4 = specc: Specific Conductance [uS/cm]
# name 5 = c0uS/cm: Conductivity [uS/cm]
# name 6 = flECO-AFL: Fluorescence, WET Labs ECO-AFL/FL [mg/m^3]
# name 7 = ph: pH
# name 8 = orp: Oxidation Reduction Potential [mV]
# name 9 = par/sat/log: PAR/Logarithmic, Satlantic
# name 10 = turbWETntu0: Turbidity, WET Labs ECO [NTU]
# name 11 = prdM: Pressure, Strain Gauge [db]
# name 12 = prdE: Pressure, Strain Gauge [psi]
# name 13 = tv290C: Temperature [ITS-90, deg C]
# name 14 = flag:  0.000e+00
# span 0 =     -0.599,      5.084       
# span 1 =     -0.039,      0.278       
# span 2 =     4.3244,    12.4962       
# span 3 =     36.005,    117.099       
# span 4 =      2.253,     40.812       
# span 5 =   1.795273,  31.224713       
# span 6 =    -0.1311,    20.3404       
# span 7 =     -2.397,     11.732       
# span 8 = -1173.2686,   889.4900       
# span 9 = 7.9763e+00, 1.8021e+03       
# span 10 =     0.0594,   498.2826      
# span 11 =     -0.588,      4.987      
# span 12 =     -0.852,      7.233      
# span 13 =     6.9811,    16.7251      
# span 14 = 0.0000e+00, 0.0000e+00      
# interval = seconds: 0.25
# start_time = Apr 06 2026 12:06:12 [Instrument's time stamp, header]
# bad_flag = -9.990e-29
*END*
[from data line 193]
     -0.003 1.8935e-08    10.8253    105.723     36.936  30.753140     2.2651     11.333    33.6584 1.2343e+02     1.8047     -0.003     -0.004    16.6219 0.0000e+00
     -0.003 5.0733e-09    10.6931    104.735     36.936  30.754294     2.2574     11.333    33.5375 1.2356e+02     1.8017     -0.003     -0.004    16.6235 0.0000e+00
     -0.003 3.7333e-08    10.5471    103.865     36.921  30.744009     2.2679     11.334    33.4889 1.2119e+02     1.8828     -0.003     -0.004    16.6253 0.0000e+00
     -0.004 4.0898e-07    10.4030    103.168     36.932  30.755655     2.2667     11.335    33.4146 1.1969e+02     1.9311     -0.004     -0.006    16.6254 0.0000e+00
     -0.004      0.000    10.2893    102.657     36.945  30.768237     2.2514     11.337    33.4142 1.1980e+02     1.9414     -0.004     -0.006    16.6260 0.0000e+00
     -0.004      0.000    10.1999    102.294     36.944  30.769267     2.2499     11.337    33.3978 1.2167e+02     1.9728     -0.004     -0.005    16.6287 0.0000e+00
     -0.003      0.001    10.1068    102.045     36.940  30.768113     2.2649     11.338    33.2156 1.2322e+02     2.0038     -0.003     -0.005    16.6319 0.0000e+00
     -0.003      0.001    10.0405    101.878     36.924  30.754283     2.2996     11.340    33.1042 1.2236e+02     2.0088     -0.003     -0.005    16.6339 0.0000e+00
     -0.003      0.001     9.9918    101.772     36.896  30.728920     2.3276     11.340    33.1698 1.2212e+02     1.9994     -0.003     -0.004    16.6359 0.0000e+00
     -0.002      0.000     9.9559    101.695     36.882  30.715195     2.3209     11.341    33.1473 1.2117e+02     1.9917     -0.002     -0.003    16.6393 0.0000e+00
     -0.002     -0.005     9.9337    101.634     36.886  30.715195     2.3186     11.344    33.0053 1.1877e+02     2.0182     -0.002     -0.003    16.6423 0.0000e+00
     -0.001     -0.013     9.9163    101.584     36.904  30.728921     2.3251     11.345    32.9150 1.1808e+02     2.0472     -0.000     -0.000    16.6425 0.0000e+00
     -0.002     -0.023     9.9092    101.552     36.929  30.754284     2.3074     11.345    32.8310 1.2648e+02     1.9664      0.001      0.002    16.6400 0.0000e+00
     -0.008     -0.032     9.9018    101.535     36.936  30.768123     2.2799     11.344    32.7632 2.3071e+02     1.8271     -0.006     -0.008    16.6359 0.0000e+00
     -0.022     -0.037     9.8979    101.504     36.925  30.769388     2.2581     11.344    32.7832 3.2917e+02     1.7979     -0.020     -0.030    16.6304 0.0000e+00
     -0.037     -0.039     9.8933    101.477     36.914  30.769596     2.3026     11.345    32.8157 2.3843e+02     1.9209     -0.038     -0.056    16.6269 0.0000e+00
     -0.051     -0.036     9.8882    101.476     36.908  30.770645     2.4020     11.347    32.8981 1.3861e+02     2.0496     -0.051     -0.075    16.6329 0.0000e+00
     -0.061     -0.028     9.8862    101.456     36.918  30.782084     2.4441     11.348    33.1770 1.3319e+02     2.0556     -0.062     -0.091    16.6465 0.0000e+00
     -0.066     -0.018     9.8793    101.363     36.917  30.781035     2.4367     11.348    33.6929 1.6232e+02     2.0284     -0.067     -0.095    16.6604 0.0000e+00
     -0.067     -0.009     9.8713    101.203     36.894  30.757960     2.4212     11.349    34.3172 5.0645e+02     2.0279     -0.065     -0.094    16.6747 0.0000e+00
     -0.067     -0.003     9.8723    100.999     36.901  30.756819     2.3984     11.350    34.8749 1.1556e+03     2.0497     -0.066     -0.096    16.6840 0.0000e+00
     -0.065      0.002     9.8722    100.766     36.921  30.767228     2.3606     11.351    35.2734 1.5255e+03     2.0527     -0.063     -0.092    16.6866 0.0000e+00
     -0.063      0.002     9.8621    100.553     36.914  30.756933     2.3224     11.353    35.5209 1.5535e+03     1.9954     -0.060     -0.088    16.6880 0.0000e+00
     -0.063     -0.002     9.8461    100.423     36.920  30.759220     2.3111     11.353    35.7170 1.5590e+03     1.9721     -0.062     -0.090    16.6831 0.0000e+00
     -0.063     -0.007     9.8292    100.383     36.965  30.794878     2.3316     11.354    36.0102 1.5791e+03     1.9761     -0.061     -0.089    16.6710 0.0000e+00
     -0.063     -0.011     9.8070    100.424     36.981  30.807451     2.3789     11.357    36.3984 1.5821e+03     1.9419     -0.059     -0.086    16.6604 0.0000e+00
     -0.067     -0.013     9.7836    100.544     36.954  30.784366     2.4000     11.358    36.7111 1.5809e+03     1.8657     -0.063     -0.093    16.6555 0.0000e+00
     -0.076     -0.012     9.7723    100.720     36.937  30.769506     2.3795     11.360    36.9513 1.5624e+03     1.8062     -0.075     -0.108    16.6533 0.0000e+00
     -0.084     -0.008     9.7695    100.906     36.917  30.754646     2.3303     11.362    37.2377 1.4636e+03     1.9049     -0.085     -0.123    16.6497 0.0000e+00
     -0.085     -0.002     9.7738    101.045     36.887  30.731561     2.2630     11.363    37.5933 1.2156e+03     2.0341     -0.085     -0.124    16.6474 0.0000e+00
     -0.082      0.006     9.7862    101.115     36.900  30.744132     2.2312     11.363    37.9809 1.0581e+03     2.0702     -0.078     -0.114    16.6480 0.0000e+00
     -0.079      0.012     9.8046    101.145     36.942  30.779771     2.2297     11.364    38.3104 1.1094e+03     2.1027     -0.077     -0.113    16.6478 0.0000e+00
     -0.074      0.015     9.8255    101.141     36.946  30.781859     2.2530     11.364    38.5664 8.7363e+02     2.0512     -0.075     -0.108    16.6488 0.0000e+00
     -0.065      0.014     9.8387    101.114     36.932  30.769381     2.3129     11.364    38.8388 3.7936e+02     1.9603     -0.064     -0.092    16.6532 0.0000e+00
     -0.059      0.010     9.8430    101.097     36.917  30.755768     2.3463     11.365    39.1945 1.3872e+02     1.8919     -0.056     -0.081    16.6561 0.0000e+00
     -0.057      0.004     9.8464    101.102     36.904  30.744132     2.3321     11.366    39.5124 1.1436e+02     1.7710     -0.055     -0.080    16.6550 0.0000e+00
     -0.059     -0.002     9.8466    101.139     36.919  30.755563     2.3085     11.368    39.7567 1.1156e+02     1.6938     -0.056     -0.082    16.6539 0.0000e+00
     -0.062     -0.007     9.8417    101.202     36.931  30.767104     2.3105     11.369    39.9981 1.1133e+02     1.7439     -0.061     -0.088    16.6530 0.0000e+00
     -0.067     -0.009     9.8407    101.262     36.912  30.756808     2.3387     11.370    40.1073 1.1150e+02     1.8645     -0.066     -0.095    16.6522 0.0000e+00
     -0.071     -0.008     9.8409    101.341     36.904  30.757949     2.3503     11.372    40.1304 1.1189e+02     1.8875     -0.070     -0.102    16.6509 0.0000e+00
     -0.073     -0.006     9.8444    101.421     36.924  30.780910     2.3346     11.373    40.2772 1.1199e+02     1.7837     -0.073     -0.106    16.6471 0.0000e+00
     -0.073     -0.004     9.8537    101.422     36.920  30.780702     2.3226     11.374    40.5916 1.1204e+02     1.8394     -0.072     -0.104    16.6487 0.0000e+00
     -0.072     -0.001     9.8547    101.353     36.891  30.755433     2.3308     11.375    40.9208 1.1184e+02     2.0480     -0.071     -0.103    16.6585 0.0000e+00
     -0.072      0.002     9.8600    101.253     36.866  30.729125     2.3422     11.376    41.1607 1.1122e+02     2.1198     -0.070     -0.102    16.6689 0.0000e+00
     -0.073      0.005     9.8719    101.145     36.858  30.716345     2.3358     11.377    41.4268 1.1090e+02     2.0923     -0.070     -0.101    16.6787 0.0000e+00
     -0.073      0.007     9.8681    101.071     36.876  30.727776     2.3115     11.377    41.7293 1.1034e+02     2.0582     -0.073     -0.106    16.6844 0.0000e+00
     -0.071      0.010     9.8601    101.039     36.891  30.740453     2.3063     11.378    41.9790 1.0903e+02     2.0489     -0.072     -0.104    16.6826 0.0000e+00
     -0.066      0.012     9.8532    101.043     36.888  30.742758     2.3312     11.379    42.2953 1.0746e+02     2.0821     -0.065     -0.094    16.6736 0.0000e+00
     -0.061      0.013     9.8415    101.097     36.896  30.755653     2.3543     11.380    42.7138 1.0637e+02     2.0830     -0.059     -0.085    16.6623 0.0000e+00
     -0.057      0.013     9.8364    101.175     36.909  30.769503     2.3691     11.381    42.9949 1.0609e+02     1.9916     -0.055     -0.080    16.6569 0.0000e+00
     -0.054      0.011     9.8336    101.237     36.926  30.783354     2.3771     11.381    43.1128 1.0581e+02     1.8652     -0.053     -0.078    16.6588 0.0000e+00
     -0.051      0.009     9.8305    101.278     36.941  30.796250     2.3840     11.382    43.1934 1.0504e+02     1.8532     -0.051     -0.073    16.6661 0.0000e+00
     -0.049      0.008     9.8353    101.297     36.942  30.798556     2.3940     11.383    43.2811 1.0456e+02     1.8807     -0.048     -0.070    16.6762 0.0000e+00
     -0.049      0.008     9.8439    101.276     36.953  30.811243     2.3661     11.384    43.3989 1.0484e+02     1.8562     -0.047     -0.069    16.6808 0.0000e+00
     -0.049      0.008     9.8501    101.241     36.961  30.822785     2.2959     11.384    43.4135 1.0490e+02     1.8637     -0.049     -0.072    16.6786 0.0000e+00
     -0.047      0.007     9.8536    101.229     36.942  30.811241     2.2605     11.384    43.4573 1.0318e+02     1.9383     -0.047     -0.070    16.6782 0.0000e+00
     -0.043      0.006     9.8569    101.245     36.925  30.798545     2.2794     11.385    43.6704 1.0310e+02     2.0398     -0.041     -0.059    16.6804 0.0000e+00
     -0.038      0.004     9.8526    101.293     36.921  30.796145     2.3167     11.387    43.9245 1.0918e+02     2.0670     -0.036     -0.052    16.6849 0.0000e+00
     -0.037      0.002     9.8449    101.336     36.903  30.782220     2.3542     11.388    44.2929 1.1640e+02     1.9941     -0.035     -0.051    16.6925 0.0000e+00
     -0.040      0.000     9.8442    101.324     36.873  30.757055     2.3743     11.388    44.6825 1.1972e+02     1.9776     -0.039     -0.057    16.6996 0.0000e+00
     -0.044     -0.002     9.8434    101.260     36.858  30.745616     2.3854     11.388    44.9363 1.2050e+02     2.0723     -0.044     -0.063    16.7017 0.0000e+00
     -0.045     -0.005     9.8499    101.154     36.887  30.770781     2.3878     11.387    45.0386 1.2014e+02     2.1148     -0.045     -0.065    16.7011 0.0000e+00
     -0.043     -0.007     9.8572    101.039     36.928  30.807583     2.3623     11.387    45.0585 1.1727e+02     2.0477     -0.042     -0.061    16.7020 0.0000e+00
     -0.042     -0.008     9.8536    100.954     36.928  30.809984     2.3264     11.388    45.1771 1.1265e+02     1.9777     -0.039     -0.057    16.7028 0.0000e+00
     -0.044     -0.007     9.8486    100.867     36.911  30.799811     2.3116     11.389    45.4401 1.1076e+02     1.9848     -0.041     -0.060    16.7033 0.0000e+00
     -0.051     -0.005     9.8367    100.767     36.921  30.811458     2.3254     11.389    45.7431 1.1130e+02     2.0656     -0.050     -0.073    16.7047 0.0000e+00
     -0.057     -0.002     9.8218    100.698     36.937  30.823946     2.3351     11.390    45.9153 1.1130e+02     2.1010     -0.059     -0.085    16.7075 0.0000e+00
     -0.056      0.001     9.8155    100.663     36.939  30.823937     2.3203     11.391    45.9739 1.1033e+02     2.0365     -0.057     -0.082    16.7113 0.0000e+00
     -0.051      0.005     9.8069    100.652     36.927  30.811346     2.3132     11.392    46.0219 1.0908e+02     1.9696     -0.050     -0.072    16.7189 0.0000e+00
     -0.046      0.008     9.7917    100.670     36.913  30.798574     2.3236     11.394    45.9785 1.0927e+02     1.9762     -0.044     -0.064    16.7251 0.0000e+00
     -0.042      0.010     9.7869    100.722     36.912  30.796382     2.3551     11.394    45.9649 1.1030e+02     2.0134     -0.040     -0.059    16.7223 0.0000e+00
     -0.042      0.010     9.7845    100.791     36.898  30.784838     2.4111     11.394    46.1157 1.0989e+02     2.0094     -0.041     -0.058    16.7187 0.0000e+00
     -0.042      0.011     9.7836    100.861     36.899  30.785868     2.4516     11.394    46.3401 1.0864e+02     2.0306     -0.042     -0.061    16.7162 0.0000e+00
     -0.041      0.012     9.7859    100.947     36.928  30.808829     2.4528     11.394    46.6126 1.0435e+02     2.0989     -0.041     -0.060    16.7133 0.0000e+00
     -0.036      0.012     9.7909    101.031     36.932  30.808725     2.4173     11.395    46.8290 9.6223e+01     2.1524     -0.037     -0.054    16.7130 0.0000e+00
     -0.029      0.011     9.8001    101.099     36.908  30.784601     2.3635     11.395    46.9782 9.0523e+01     2.1308     -0.029     -0.042    16.7130 0.0000e+00
     -0.023      0.010     9.8040    101.154     36.894  30.770884     2.3190     11.396    47.1255 8.7931e+01     2.0425     -0.022     -0.032    16.7132 0.0000e+00
     -0.021      0.008     9.8146    101.165     36.893  30.769741     2.3121     11.397    47.2337 8.6956e+01     2.0406     -0.020     -0.029    16.7121 0.0000e+00
     -0.023      0.006     9.8248    101.134     36.893  30.770771     2.3545     11.397    47.3403 8.8611e+01     2.0404     -0.022     -0.032    16.7056 0.0000e+00
     -0.025      0.003     9.8311    101.082     36.908  30.783342     2.3994     11.397    47.5546 9.0121e+01     1.9377     -0.026     -0.037    16.6984 0.0000e+00
     -0.025      0.001     9.8398    101.018     36.920  30.794875     2.4046     11.398    47.8461 9.0408e+01     1.8572     -0.025     -0.036    16.6967 0.0000e+00
     -0.022      0.001     9.8400    100.957     36.903  30.783342     2.3843     11.399    48.0251 8.9868e+01     1.7498     -0.022     -0.031    16.6977 0.0000e+00
     -0.020      0.001     9.8354    100.906     36.885  30.770769     2.3619     11.400    48.0829 8.9682e+01     1.6640     -0.017     -0.025    16.6984 0.0000e+00
     -0.020      0.001     9.8311    100.861     36.880  30.769729     2.3417     11.401    48.1146 9.1472e+01     1.7770     -0.019     -0.027    16.6987 0.0000e+00
     -0.022      0.001     9.8230    100.810     36.879  30.770769     2.3240     11.403    48.2367 9.2156e+01     1.9545     -0.023     -0.033    16.7000 0.0000e+00
     -0.023      0.000     9.8169    100.787     36.894  30.783351     2.3138     11.403    48.5266 9.0725e+01     1.9986     -0.024     -0.034    16.7037 0.0000e+00
     -0.023      0.000     9.8104    100.823     36.910  30.794988     2.3106     11.403    48.7805 9.1027e+01     1.9689     -0.022     -0.034    16.7083 0.0000e+00
     -0.021      0.001     9.8067    100.879     36.901  30.784598     2.3426     11.403    48.8979 9.2865e+01     1.9373     -0.020     -0.030    16.7116 0.0000e+00
     -0.019      0.001     9.7999    100.931     36.903  30.784599     2.4179     11.404    48.9995 9.4479e+01     1.8562     -0.019     -0.027    16.7147 0.0000e+00
     -0.019      0.000     9.7942    100.967     36.918  30.794999     2.4562     11.404    49.1483 9.5236e+01     1.7734     -0.018     -0.026    16.7156 0.0000e+00
     -0.020     -0.001     9.8027    100.986     36.905  30.783467     2.4397     11.404    49.3206 9.3929e+01     1.7896     -0.019     -0.029    16.7120 0.0000e+00
     -0.021     -0.003     9.8081    100.999     36.891  30.772029     2.4088     11.405    49.4485 9.3476e+01     1.8471     -0.021     -0.031    16.7081 0.0000e+00
     -0.021     -0.003     9.8148    101.018     36.906  30.783570     2.3832     11.406    49.4899 9.4168e+01     1.8547     -0.021     -0.031    16.7051 0.0000e+00
     -0.022     -0.002     9.8188    101.025     36.921  30.796143     2.3878     11.407    49.4765 9.4471e+01     1.7794     -0.021     -0.031    16.7025 0.0000e+00
     -0.025      0.000     9.8202    100.985     36.923  30.797183     2.3897     11.407    49.5448 9.5723e+01     1.6883     -0.024     -0.035    16.7021 0.0000e+00
     -0.026      0.002     9.8210    100.919     36.924  30.796134     2.3642     11.408    49.7134 9.4565e+01     1.7776     -0.026     -0.038    16.7024 0.0000e+00
