Data/DataNotYetUploadedToEDI/Raw_CTD/RawDownloads/040626_fcr30_S7809014.cnv
* Sea-Bird SBE19plus  Data File:
* FileName = C:\R\Reservoirs\Data\DataNotYetUploadedToEDI\Raw_CTD\RawDownloads\051126_FCR_50_S7809_0014.hex
* Software version 2.8.0.119
* Temperature SN = 7809
* Conductivity SN = 7809
* System UpLoad Time = May 11 2026 15:36:16
* <ApplicationData>
* <Seaterm232>
# nquan = 15
# nvalues = 758                         
# units = specified
# name 0 = depFM: Depth [fresh water, m]
# name 1 = dz/dtM: Descent Rate [m/s]
# name 2 = sbeox0Mg/L: Oxygen, SBE 43 [mg/l]
# name 3 = sbeox0PS: Oxygen, SBE 43 [% saturation]
# name 4 = specc: Specific Conductance [uS/cm]
# name 5 = c0uS/cm: Conductivity [uS/cm]
# name 6 = flECO-AFL: Fluorescence, WET Labs ECO-AFL/FL [mg/m^3]
# name 7 = ph: pH
# name 8 = orp: Oxidation Reduction Potential [mV]
# name 9 = par/sat/log: PAR/Logarithmic, Satlantic
# name 10 = turbWETntu0: Turbidity, WET Labs ECO [NTU]
# name 11 = prdM: Pressure, Strain Gauge [db]
# name 12 = prdE: Pressure, Strain Gauge [psi]
# name 13 = tv290C: Temperature [ITS-90, deg C]
# name 14 = flag:  0.000e+00
# span 0 =     -0.597,      3.500       
# span 1 =     -0.131,      0.163       
# span 2 =     6.2405,    12.8565       
# span 3 =     54.560,    120.194       
# span 4 =      3.478,     38.564       
# span 5 =   2.593203,  30.471306       
# span 6 =    -0.0936,    15.3346       
# span 7 =      8.582,     14.890       
# span 8 =  -701.1433,  1240.2295       
# span 9 = 2.3364e+01, 2.3829e+03       
# span 10 =     0.5196,   239.0126      
# span 11 =     -0.587,      3.433      
# span 12 =     -0.851,      4.979      
# span 13 =     8.8074,    16.2154      
# span 14 = 0.0000e+00, 0.0000e+00      
# interval = seconds: 0.25
# start_time = Apr 06 2026 11:41:11 [Instrument's time stamp, header]
# bad_flag = -9.990e-29
*END*
[from data line 193]
     -0.029     -0.113    10.6442    105.209     36.841  30.267061     3.2546     11.121    50.1562 1.0519e+03     1.6306     -0.033     -0.048    16.0530 0.0000e+00
     -0.068     -0.094    10.6091    104.344     36.811  30.243042     3.1904     11.126    50.1060 8.4483e+02     1.5798     -0.070     -0.102    16.0616 0.0000e+00
     -0.091     -0.064    10.5329    103.552     36.823  30.253449     3.2112     11.131    50.0094 9.8319e+02     1.6110     -0.097     -0.141    16.0704 0.0000e+00
     -0.096     -0.030    10.4557    102.809     36.835  30.266032     3.2157     11.135    49.8488 1.1111e+03     1.6319     -0.100     -0.145    16.0739 0.0000e+00
     -0.088     -0.002    10.3675    102.092     36.834  30.268318     3.1938     11.139    49.6278 7.3504e+02     1.6964     -0.086     -0.124    16.0742 0.0000e+00
     -0.077      0.015    10.2776    101.458     36.844  30.281098     3.1715     11.144    49.4017 2.9951e+02     1.7410     -0.075     -0.109    16.0741 0.0000e+00
     -0.068      0.020    10.2018    100.963     36.856  30.293690     3.1793     11.147    49.3526 1.9929e+02     1.7620     -0.067     -0.097    16.0758 0.0000e+00
     -0.062      0.018    10.1302    100.653     36.852  30.293700     3.2214     11.150    49.4637 1.9036e+02     1.7787     -0.060     -0.087    16.0789 0.0000e+00
     -0.058      0.012    10.0541    100.485     36.833  30.281223     3.2480     11.153    49.5405 1.8915e+02     1.7386     -0.056     -0.082    16.0841 0.0000e+00
     -0.058      0.006     9.9896    100.311     36.817  30.269698     3.2348     11.155    49.5066 1.8915e+02     1.7214     -0.055     -0.080    16.0899 0.0000e+00
     -0.060      0.002     9.9383    100.137     36.829  30.281223     3.2191     11.157    49.3986 1.8960e+02     1.7416     -0.060     -0.086    16.0942 0.0000e+00
     -0.062     -0.001     9.9044    100.003     36.843  30.293700     3.1998     11.160    49.3526 1.9561e+02     1.7430     -0.063     -0.091    16.0980 0.0000e+00
     -0.060     -0.002     9.9004     99.876     36.843  30.293700     3.1676     11.162    49.3810 2.4363e+02     1.7381     -0.059     -0.085    16.1024 0.0000e+00
     -0.060     -0.002     9.8764     99.681     36.825  30.281222     3.1384     11.165    49.2255 3.9562e+02     1.7176     -0.057     -0.084    16.1059 0.0000e+00
     -0.063     -0.003     9.8587     99.468     36.805  30.269697     3.1130     11.167    49.0214 4.7520e+02     1.6996     -0.063     -0.091    16.1074 0.0000e+00
     -0.063     -0.004     9.8464     99.446     36.814  30.281231     3.1022     11.170    49.0637 3.3156e+02     1.6913     -0.063     -0.092    16.1079 0.0000e+00
     -0.063     -0.004     9.8365     99.566     36.826  30.293813     3.1160     11.172    49.1348 2.1141e+02     1.6850     -0.060     -0.087    16.1081 0.0000e+00
     -0.064     -0.003     9.8205     99.714     36.827  30.294956     3.1547     11.174    49.1068 2.0748e+02     1.6585     -0.062     -0.089    16.1115 0.0000e+00
     -0.067     -0.001     9.7793     99.897     36.829  30.295061     3.1869     11.176    49.0691 2.0402e+02     1.6439     -0.068     -0.098    16.1177 0.0000e+00
     -0.068      0.001     9.7844    100.042     36.833  30.295071     3.1895     11.178    49.1096 1.9467e+02     1.7130     -0.068     -0.099    16.1238 0.0000e+00
     -0.066      0.001     9.8022    100.100     36.837  30.295082     3.1944     11.180    49.1671 1.9789e+02     1.7429     -0.065     -0.095    16.1275 0.0000e+00
     -0.064      0.001     9.8099    100.104     36.839  30.295186     3.2041     11.181    49.1613 2.2437e+02     1.6290     -0.062     -0.090    16.1283 0.0000e+00
     -0.063      0.001     9.8357    100.065     36.841  30.296330     3.1909     11.183    49.1259 2.4751e+02     1.4970     -0.061     -0.088    16.1257 0.0000e+00
     -0.063     -0.003     9.8522     99.997     36.855  30.308912     3.1685     11.184    49.0826 2.3406e+02     1.4452     -0.062     -0.089    16.1204 0.0000e+00
     -0.063     -0.009     9.8559     99.937     36.867  30.320444     3.1241     11.186    49.6702 2.2773e+02     1.4810     -0.061     -0.089    16.1160 0.0000e+00
     -0.064     -0.016     9.8575     99.871     36.853  30.308901     3.0460     11.187    56.5751 2.3083e+02     1.5550     -0.062     -0.089    16.1134 0.0000e+00
     -0.069     -0.024     9.8533     99.724     36.838  30.296216     2.9888     11.191    68.9002 1.9858e+02     1.5536     -0.067     -0.097    16.1128 0.0000e+00
     -0.077     -0.032     9.8447     99.565     36.836  30.293928     2.9571     11.197    75.0537 1.7338e+02     1.4991     -0.076     -0.110    16.1157 0.0000e+00
     -0.086     -0.037     9.8365     99.512     36.821  30.281242     2.8952     11.203    75.0507 1.7707e+02     1.5102     -0.083     -0.121    16.1188 0.0000e+00
     -0.099     -0.037     9.8371     99.519     36.806  30.269699     2.8070     11.208    74.8858 1.8306e+02     1.5853     -0.094     -0.138    16.1186 0.0000e+00
     -0.114     -0.032     9.8197     99.559     36.818  30.281231     2.7470     11.212    74.7808 1.8669e+02     1.6210     -0.113     -0.163    16.1163 0.0000e+00
     -0.126     -0.025     9.7948     99.640     36.831  30.293813     2.7201     11.214    74.5557 1.8944e+02     1.5665     -0.127     -0.184    16.1147 0.0000e+00
     -0.131     -0.018     9.7971     99.734     36.830  30.294956     2.7229     11.216    74.2287 1.9126e+02     1.6104     -0.130     -0.189    16.1152 0.0000e+00
     -0.128     -0.010     9.7967     99.827     36.829  30.295060     2.7560     11.219    73.9258 1.9233e+02     1.8103     -0.126     -0.182    16.1169 0.0000e+00
     -0.125     -0.004     9.7988     99.913     36.828  30.295070     2.7866     11.221    73.8180 1.9628e+02     1.8651     -0.121     -0.176    16.1190 0.0000e+00
     -0.125     -0.000     9.8084     99.932     36.828  30.295071     2.8021     11.222    73.7856 2.0260e+02     1.7943     -0.122     -0.177    16.1217 0.0000e+00
     -0.127      0.002     9.8178     99.869     36.828  30.295071     2.8022     11.223    73.6203 2.0491e+02     1.7733     -0.125     -0.182    16.1238 0.0000e+00
     -0.128      0.004     9.8249     99.814     36.827  30.295070     2.8209     11.225    73.0243 2.3298e+02     1.7832     -0.127     -0.184    16.1260 0.0000e+00
     -0.128      0.007     9.8371     99.854     36.826  30.295061     2.8948     11.226    68.2141 6.8727e+02     1.8452     -0.127     -0.184    16.1273 0.0000e+00
     -0.126      0.008     9.8405     99.984     36.825  30.294966     2.9637     11.226    59.5126 1.5507e+03     1.8750     -0.124     -0.180    16.1273 0.0000e+00
     -0.121      0.005     9.8290    100.097     36.821  30.293926     2.9713     11.226    54.3707 2.0323e+03     1.8014     -0.119     -0.173    16.1266 0.0000e+00
     -0.116      0.001     9.8214    100.187     36.805  30.282489     2.9455     11.227    53.1937 2.1102e+03     1.7061     -0.113     -0.163    16.1269 0.0000e+00
     -0.112     -0.004     9.8225    100.281     36.805  30.283547     2.9177     11.229    52.6801 2.1915e+03     1.6447     -0.107     -0.154    16.1290 0.0000e+00
     -0.117     -0.014     9.8435    100.308     36.831  30.306717     2.9013     11.232    52.5490 2.2459e+03     1.6399     -0.112     -0.162    16.1302 0.0000e+00
     -0.127     -0.032     9.8526    100.180     36.831  30.308911     2.9057     11.236    52.4686 2.2312e+03     1.6137     -0.130     -0.188    16.1318 0.0000e+00
     -0.131     -0.056     9.8573     99.865     36.830  30.310074     2.8797     11.239    52.4824 2.1501e+03     1.5675     -0.132     -0.191    16.1343 0.0000e+00
     -0.134     -0.084     9.8721     99.434     36.838  30.320784     2.8201     11.241    56.5016 1.6387e+03     1.6623     -0.121     -0.176    16.1367 0.0000e+00
     -0.156     -0.110     9.8740     98.849     36.819  30.311548     2.8082     11.246    66.1321 7.4837e+02     1.8375     -0.146     -0.210    16.1395 0.0000e+00
     -0.198     -0.127     9.8679     98.262     36.826  30.325274     2.8109     11.252    73.4212 2.7808e+02     1.9098     -0.195     -0.283    16.1409 0.0000e+00
     -0.246     -0.131     9.8266     98.067     36.858  30.359882     2.7204     11.256    69.8659 2.7546e+02     1.8536     -0.239     -0.347    16.1428 0.0000e+00
     -0.295     -0.116     9.7882     98.131     36.838  30.349397     2.5699     11.258    59.1957 6.1962e+02     1.7719     -0.290     -0.422    16.1493 0.0000e+00
     -0.336     -0.080     9.7322     98.269     36.805  30.325387     2.4985     11.258    52.8177 1.2532e+03     1.7763     -0.340     -0.493    16.1591 0.0000e+00
     -0.356     -0.028     9.6365     98.611     36.803  30.323307     2.5058     11.258    51.4291 1.6182e+03     1.8392     -0.358     -0.519    16.1701 0.0000e+00
     -0.352      0.031     9.6346     99.106     36.805  30.324253     2.5164     11.259    50.5797 1.6566e+03     1.8146     -0.349     -0.506    16.1815 0.0000e+00
     -0.332      0.086     9.6496     99.607     36.822  30.336818     2.5188     11.262    50.2050 1.3098e+03     1.7181     -0.330     -0.479    16.1909 0.0000e+00
     -0.296      0.127     9.6455    100.047     36.837  30.348359     2.5183     11.266    50.0816 6.1078e+02     1.6625     -0.299     -0.432    16.1946 0.0000e+00
     -0.245      0.148     9.6882    100.359     36.826  30.336932     2.5276     11.270    49.8623 2.1716e+02     1.6895     -0.244     -0.352    16.1932 0.0000e+00
     -0.190      0.148     9.7418    100.486     36.814  30.325513     2.5395     11.273    49.7909 2.1380e+02     1.7370     -0.182     -0.264    16.1919 0.0000e+00
     -0.144      0.134     9.7929    100.495     36.828  30.337160     2.5536     11.275    49.9069 2.4026e+02     1.6564     -0.135     -0.196    16.1914 0.0000e+00
     -0.112      0.109     9.8376    100.425     36.842  30.350886     2.5815     11.278    49.8876 2.0695e+02     1.5344     -0.106     -0.154    16.1893 0.0000e+00
     -0.092      0.080     9.8752    100.249     36.856  30.364611     2.5940     11.280    49.8166 1.8627e+02     1.4911     -0.087     -0.126    16.1854 0.0000e+00
     -0.082      0.055     9.8817     99.966     36.866  30.376247     2.5973     11.282    49.8217 2.0990e+02     1.4750     -0.078     -0.113    16.1827 0.0000e+00
     -0.077      0.036     9.8812     99.593     36.850  30.364713     2.5962     11.283    49.8638 3.5265e+02     1.4764     -0.077     -0.112    16.1832 0.0000e+00
     -0.072      0.022     9.8775     99.237     36.834  30.352018     2.5642     11.284    49.9809 8.9935e+02     1.4743     -0.072     -0.105    16.1862 0.0000e+00
     -0.067      0.012     9.8564     99.021     36.830  30.349627     2.5350     11.285    50.0334 1.4643e+03     1.5170     -0.065     -0.095    16.1898 0.0000e+00
     -0.062      0.003     9.8304     98.944     36.814  30.335798     2.5340     11.286    49.9825 1.2673e+03     1.6165     -0.060     -0.086    16.1938 0.0000e+00
     -0.061     -0.006     9.7877     98.969     36.785  30.311673     2.5274     11.288    50.0534 6.6544e+02     1.6535     -0.059     -0.086    16.1970 0.0000e+00
     -0.064     -0.013     9.7464     99.110     36.784  30.311672     2.4970     11.290    50.2025 3.5475e+02     1.6229     -0.062     -0.090    16.1979 0.0000e+00
     -0.071     -0.019     9.7269     99.351     36.811  30.335787     2.4744     11.291    50.3230 4.9195e+02     1.6216     -0.068     -0.099    16.1976 0.0000e+00
     -0.081     -0.022     9.7218     99.596     36.825  30.349512     2.4867     11.292    50.4779 1.1185e+03     1.7067     -0.081     -0.118    16.1971 0.0000e+00
     -0.089     -0.023     9.7228     99.750     36.823  30.350758     2.5292     11.293    50.5267 1.8413e+03     1.7641     -0.089     -0.129    16.1969 0.0000e+00
     -0.094     -0.022     9.7353     99.778     36.819  30.350862     2.5557     11.293    50.4826 2.1449e+03     1.6660     -0.093     -0.134    16.1984 0.0000e+00
     -0.098     -0.021     9.7644     99.745     36.817  30.350768     2.5403     11.294    50.6325 2.0514e+03     1.5450     -0.096     -0.140    16.2007 0.0000e+00
     -0.100     -0.021     9.7900     99.742     36.815  30.349624     2.5269     11.296    50.8766 1.8186e+03     1.4965     -0.098     -0.142    16.2031 0.0000e+00
     -0.104     -0.021     9.8071     99.769     36.800  30.337032     2.5598     11.298    51.5413 1.4515e+03     1.5577     -0.102     -0.146    16.2079 0.0000e+00
     -0.111     -0.021     9.8054     99.720     36.788  30.325386     2.6130     11.299    58.3257 8.8713e+02     1.7047     -0.109     -0.158    16.2128 0.0000e+00
     -0.119     -0.020     9.7975     99.608     36.807  30.335671     2.6208     11.301    67.4294 5.8259e+02     1.7371     -0.117     -0.169    16.2145 0.0000e+00
     -0.127     -0.017     9.7969     99.633     36.816  30.334518     2.5964     11.305    64.9054 1.0259e+03     1.7094     -0.125     -0.181    16.2152 0.0000e+00
     -0.132     -0.014     9.8043     99.714     36.796  30.311433     2.5849     11.307    56.5459 1.4727e+03     1.7123     -0.133     -0.193    16.2154 0.0000e+00
     -0.132     -0.011     9.8043     99.660     36.798  30.310279     2.5809     11.308    53.0823 1.4595e+03     1.7373     -0.130     -0.189    16.2149 0.0000e+00
     -0.130     -0.007     9.7775     99.585     36.814  30.320564     2.5729     11.309    52.3672 1.7916e+03     1.7728     -0.125     -0.182    16.2075 0.0000e+00
     -0.131      0.000     9.7887     99.557     36.806  30.308929     2.5550     11.310    52.2017 2.2724e+03     1.7323     -0.126     -0.184    16.1911 0.0000e+00
     -0.136      0.010     9.8152     99.543     36.800  30.296451     2.5386     11.312    52.1997 2.3829e+03     1.6908     -0.132     -0.193    16.1824 0.0000e+00
     -0.140      0.019     9.7949     99.560     36.805  30.296555     2.5581     11.314    51.9990 2.0334e+03     1.7155     -0.141     -0.206    16.1819 0.0000e+00
     -0.134      0.028     9.7886     99.545     36.820  30.310177     2.5915     11.315    51.6677 1.1939e+03     1.6551     -0.135     -0.196    16.1790 0.0000e+00
     -0.118      0.036     9.7918     99.446     36.843  30.334282     2.6011     11.316    51.3769 5.2476e+02     1.5069     -0.115     -0.167    16.1710 0.0000e+00
     -0.102      0.041     9.7880     99.387     36.838  30.334279     2.5995     11.317    51.2369 7.8398e+02     1.4613     -0.099     -0.144    16.1584 0.0000e+00
     -0.088      0.041     9.7957     99.440     36.806  30.310154     2.6054     11.319    51.2659 1.6486e+03     1.5138     -0.085     -0.123    16.1500 0.0000e+00
     -0.077      0.038     9.7977     99.493     36.789  30.296325     2.6223     11.320    51.3830 2.0951e+03     1.5949     -0.073     -0.105    16.1549 0.0000e+00
     -0.072      0.032     9.7793     99.538     36.789  30.293945     2.6213     11.320    51.5346 2.0941e+03     1.6216     -0.069     -0.100    16.1630 0.0000e+00
     -0.068      0.025     9.7657     99.607     36.778  30.281363     2.6010     11.321    51.6357 2.0771e+03     1.5632     -0.068     -0.098    16.1683 0.0000e+00
     -0.061      0.020     9.7818     99.686     36.772  30.271068     2.6177     11.322    51.6587 1.9499e+03     1.6064     -0.061     -0.087    16.1734 0.0000e+00
     -0.053      0.014     9.7828     99.770     36.808  30.296326     2.6733     11.323    51.7269 1.4204e+03     1.7681     -0.051     -0.073    16.1735 0.0000e+00
     -0.049      0.006     9.7866     99.844     36.855  30.333025     2.6996     11.324    51.8581 7.3908e+02     1.8451     -0.046     -0.067    16.1696 0.0000e+00
     -0.048     -0.009     9.7975     99.904     36.856  30.334180     2.6778     11.325    52.4706 4.2056e+02     1.7855     -0.048     -0.070    16.1641 0.0000e+00
     -0.048     -0.027     9.8035     99.839     36.822  30.310291     2.6338     11.327    59.5616 3.4130e+02     1.6962     -0.046     -0.067    16.1567 0.0000e+00
