Data/DataNotYetUploadedToEDI/Raw_CTD/RawDownloads/040626_fcr10_S7809012.cnv
* Sea-Bird SBE19plus  Data File:
* FileName = C:\R\Reservoirs\Data\DataNotYetUploadedToEDI\Raw_CTD\RawDownloads\051126_FCR_50_S7809_0012.hex
* Software version 2.8.0.119
* Temperature SN = 7809
* Conductivity SN = 7809
* System UpLoad Time = May 11 2026 15:35:29
* <ApplicationData>
* <Seaterm232>
# nquan = 15
# nvalues = 942                         
# units = specified
# name 0 = depFM: Depth [fresh water, m]
# name 1 = dz/dtM: Descent Rate [m/s]
# name 2 = sbeox0Mg/L: Oxygen, SBE 43 [mg/l]
# name 3 = sbeox0PS: Oxygen, SBE 43 [% saturation]
# name 4 = specc: Specific Conductance [uS/cm]
# name 5 = c0uS/cm: Conductivity [uS/cm]
# name 6 = flECO-AFL: Fluorescence, WET Labs ECO-AFL/FL [mg/m^3]
# name 7 = ph: pH
# name 8 = orp: Oxidation Reduction Potential [mV]
# name 9 = par/sat/log: PAR/Logarithmic, Satlantic
# name 10 = turbWETntu0: Turbidity, WET Labs ECO [NTU]
# name 11 = prdM: Pressure, Strain Gauge [db]
# name 12 = prdE: Pressure, Strain Gauge [psi]
# name 13 = tv290C: Temperature [ITS-90, deg C]
# name 14 = flag:  0.000e+00
# span 0 =     -0.603,      2.618       
# span 1 =     -0.172,      0.247       
# span 2 =     2.8872,    13.0678       
# span 3 =     26.813,    124.958       
# span 4 =      8.787,    107.266       
# span 5 =   6.668913,  78.013508       
# span 6 =    -0.0927,    34.7817       
# span 7 =     -0.386,     11.773       
# span 8 =  -230.7897,  1205.7596       
# span 9 = 1.2108e+01, 2.0334e+03       
# span 10 =    -0.1904,   180.5434      
# span 11 =     -0.593,      2.567      
# span 12 =     -0.859,      3.724      
# span 13 =    11.3289,    14.7676      
# span 14 = 0.0000e+00, 0.0000e+00      
# interval = seconds: 0.25
# start_time = Apr 06 2026 10:59:32 [Instrument's time stamp, header]
# bad_flag = -9.990e-29
*END*
[from data line 193]
      0.188      0.016    11.5614    112.063     38.170  30.298010     4.7942     11.131    63.2360 3.7934e+01     1.9027      0.184      0.266    14.6741 0.0000e+00
      0.192      0.017    11.6158    110.945     38.098  30.239783     4.7831     11.132    63.6644 3.6104e+01     1.9254      0.187      0.271    14.6785 0.0000e+00
      0.197      0.014    11.5725    109.877     38.032  30.185106     4.7878     11.134    64.0966 3.4319e+01     2.0292      0.193      0.279    14.6816 0.0000e+00
      0.204      0.007    11.4887    108.957     37.983  30.144383     4.7927     11.136    64.0740 3.3684e+01     2.0991      0.200      0.290    14.6838 0.0000e+00
      0.212     -0.007    11.3804    108.202     37.963  30.128005     4.8006     11.138    63.8220 3.5284e+01     2.0532      0.210      0.304    14.6848 0.0000e+00
      0.214     -0.024    11.2606    107.600     37.944  30.113945     4.7996     11.142    63.6300 3.9617e+01     1.9180      0.214      0.311    14.6838 0.0000e+00
      0.205     -0.041    11.1495    107.160     37.926  30.101245     4.7815     11.147    63.4744 4.4863e+01     1.8986      0.204      0.296    14.6803 0.0000e+00
      0.185     -0.054    11.0569    106.874     37.924  30.101327     4.6564     11.153    63.4027 4.9938e+01     2.0238      0.183      0.265    14.6773 0.0000e+00
      0.161     -0.060    10.9818    106.743     37.938  30.114937     4.4182     11.161    63.4516 5.4402e+01     2.0998      0.157      0.228    14.6772 0.0000e+00
      0.139     -0.060    10.9184    106.776     37.966  30.138938     4.2818     11.167    63.5483 5.8413e+01     2.0662      0.135      0.194    14.6784 0.0000e+00
      0.122     -0.055    10.8746    106.931     37.962  30.137792     4.2558     11.171    63.7117 6.2232e+01     1.9936      0.116      0.167    14.6804 0.0000e+00
      0.112     -0.050    10.8453    107.152     37.916  30.101085     4.2541     11.175    63.8784 6.6026e+01     2.0069      0.107      0.157    14.6832 0.0000e+00
      0.108     -0.046    10.8288    107.411     37.884  30.075721     4.2870     11.179    63.9300 7.0783e+01     2.0908      0.109      0.158    14.6864 0.0000e+00
      0.102     -0.043    10.8347    107.707     37.895  30.084854     4.3037     11.183    63.9917 7.3855e+01     2.0852      0.102      0.147    14.6895 0.0000e+00
      0.088     -0.041    10.8514    107.990     37.894  30.084636     4.2977     11.185    64.0222 7.4222e+01     2.0079      0.088      0.127    14.6912 0.0000e+00
      0.071     -0.039    10.8762    108.216     37.879  30.073081     4.3297     11.188    63.9545 7.5207e+01     1.9761      0.069      0.100    14.6911 0.0000e+00
      0.056     -0.035    10.9002    108.391     37.876  30.072021     4.4089     11.193    64.0325 7.3692e+01     2.0079      0.051      0.073    14.6907 0.0000e+00
      0.049     -0.028    10.9330    108.481     37.875  30.071811     4.4647     11.197    64.2774 7.1406e+01     2.0847      0.046      0.067    14.6908 0.0000e+00
      0.048     -0.018    10.9655    108.504     37.873  30.070544     4.4625     11.202    64.4196 7.5221e+01     2.0847      0.049      0.071    14.6914 0.0000e+00
      0.045     -0.009    10.9830    108.421     37.856  30.056702     4.4327     11.208    64.3761 8.0457e+01     2.0083      0.045      0.064    14.6926 0.0000e+00
      0.043     -0.002    11.0069    108.186     37.825  30.031320     4.3298     11.213    64.3527 8.1756e+01     2.0151      0.040      0.058    14.6940 0.0000e+00
      0.043      0.002    11.0113    107.903     37.809  30.017376     4.1666     11.217    64.3959 7.9637e+01     2.0986      0.043      0.062    14.6949 0.0000e+00
      0.046      0.002    11.0151    107.671     37.807  30.014975     4.0826     11.220    64.3820 7.6462e+01     2.1301      0.045      0.065    14.6951 0.0000e+00
      0.050     -0.001    11.0135    107.516     37.792  30.002289     4.0711     11.224    64.3566 7.5372e+01     2.0543      0.049      0.071    14.6948 0.0000e+00
      0.051     -0.006    10.9803    107.417     37.778  29.990859     4.0370     11.230    64.3471 7.7899e+01     2.0013      0.052      0.076    14.6938 0.0000e+00
      0.051     -0.013    10.9509    107.382     37.794  30.003640     3.9855     11.237    64.2675 8.6504e+01     2.0699      0.050      0.074    14.6929 0.0000e+00
      0.046     -0.018    10.9246    107.431     37.828  30.029957     3.9649     11.244    64.1684 9.4763e+01     2.0984      0.046      0.068    14.6918 0.0000e+00
      0.037     -0.019    10.9126    107.579     37.859  30.055331     3.9624     11.250    64.1814 9.8008e+01     2.0381      0.039      0.055    14.6901 0.0000e+00
      0.026     -0.015    10.9012    107.758     37.860  30.056703     3.8975     11.255    64.3385 1.0154e+02     1.9901      0.024      0.035    14.6894 0.0000e+00
      0.017     -0.006    10.8972    107.849     37.846  30.046547     3.7875     11.260    64.5193 9.9074e+01     1.9961      0.013      0.019    14.6893 0.0000e+00
      0.017      0.003    10.9015    107.874     37.862  30.059402     3.7474     11.265    64.5600 8.8088e+01     2.0767      0.014      0.020    14.6897 0.0000e+00
      0.024      0.013    10.9165    107.852     37.896  30.085257     3.7629     11.270    64.4867 7.7554e+01     2.0763      0.021      0.032    14.6904 0.0000e+00
      0.035      0.021    10.9448    107.795     37.922  30.105427     3.8839     11.274    64.4940 7.1879e+01     1.9575      0.036      0.052    14.6914 0.0000e+00
      0.043      0.023    10.9479    107.815     37.853  30.049543     4.1276     11.278    64.5625 6.9184e+01     1.9039      0.046      0.065    14.6920 0.0000e+00
      0.047      0.018    10.9504    107.936     37.687  29.917035     4.2709     11.282    64.5399 6.7860e+01     1.9749      0.046      0.067    14.6918 0.0000e+00
      0.050      0.004    10.9516    108.075     37.585  29.835369     4.2932     11.286    64.5651 6.7795e+01     2.0645      0.047      0.068    14.6907 0.0000e+00
      0.057     -0.011    10.9374    108.146     37.570  29.823316     4.2885     11.290    64.7802 6.6865e+01     2.0645      0.057      0.083    14.6898 0.0000e+00
      0.059     -0.024    10.9392    108.126     37.583  29.834741     4.2555     11.293    65.0767 7.0365e+01     2.0092      0.065      0.095    14.6891 0.0000e+00
      0.044     -0.034    10.9573    108.149     37.596  29.846632     4.2440     11.296    65.2243 7.8394e+01     2.0109      0.047      0.068    14.6878 0.0000e+00
      0.022     -0.040    10.9723    108.239     37.585  29.840237     4.2584     11.299    65.0162 8.7396e+01     2.0851      0.017      0.026    14.6863 0.0000e+00
      0.006     -0.044    10.9857    108.259     37.558  29.820849     4.2382     11.302    64.6253 9.3782e+01     2.0868      0.003      0.005    14.6861 0.0000e+00
     -0.003     -0.048    10.9722    108.213     37.532  29.802509     4.0161     11.307    64.4556 9.3943e+01     1.9970     -0.004     -0.005    14.6876 0.0000e+00
     -0.008     -0.051    10.9728    108.250     37.538  29.808792     3.6366     11.312    64.5140 9.6268e+01     1.9562     -0.010     -0.013    14.6899 0.0000e+00
     -0.013     -0.051    10.9915    108.404     37.568  29.833377     3.4532     11.315    64.6429 9.8786e+01     2.0028     -0.010     -0.015    14.6929 0.0000e+00
     -0.026     -0.050    10.9912    108.554     37.582  29.846043     3.4723     11.318    64.8089 9.1668e+01     2.0827     -0.019     -0.027    14.6964 0.0000e+00
     -0.051     -0.047    10.9782    108.667     37.566  29.835078     3.6342     11.320    64.8870 7.9748e+01     2.0684     -0.051     -0.075    14.6994 0.0000e+00
     -0.074     -0.040    10.9783    108.791     37.554  29.827662     3.9204     11.322    64.8988 7.4853e+01     1.9668     -0.079     -0.116    14.7014 0.0000e+00
     -0.082     -0.029    11.0034    108.905     37.542  29.819807     4.0868     11.325    64.9517 7.4285e+01     1.9133     -0.084     -0.122    14.7028 0.0000e+00
     -0.082     -0.015    11.0172    108.949     37.520  29.803546     4.1307     11.329    65.0101 7.3772e+01     1.9338     -0.080     -0.116    14.7049 0.0000e+00
     -0.080     -0.000    11.0250    108.893     37.541  29.821356     4.2265     11.332    65.0877 7.6861e+01     1.9747     -0.078     -0.113    14.7071 0.0000e+00
     -0.076      0.009    11.0383    108.746     37.570  29.844846     4.3548     11.334    65.2023 8.1351e+01     1.9633     -0.075     -0.110    14.7092 0.0000e+00
     -0.071      0.010    11.0524    108.526     37.556  29.833832     4.4003     11.338    65.2773 8.5078e+01     1.9677     -0.070     -0.102    14.7114 0.0000e+00
     -0.066      0.009    11.0571    108.229     37.532  29.815059     4.3855     11.343    65.3067 8.8105e+01     1.9930     -0.064     -0.093    14.7133 0.0000e+00
     -0.064      0.007    11.0514    107.892     37.525  29.808157     4.3342     11.348    65.3848 9.2018e+01     1.9965     -0.061     -0.089    14.7148 0.0000e+00
     -0.065      0.005    11.0337    107.592     37.533  29.813812     4.2538     11.352    65.5335 9.7343e+01     2.0102     -0.064     -0.092    14.7158 0.0000e+00
     -0.066      0.003    11.0136    107.381     37.542  29.819994     4.2051     11.355    65.7281 1.0154e+02     1.9536     -0.067     -0.096    14.7161 0.0000e+00
     -0.066      0.002    10.9817    107.293     37.541  29.819465     4.1700     11.358    65.9319 1.0356e+02     1.8929     -0.065     -0.095    14.7158 0.0000e+00
     -0.065      0.003    10.9438    107.311     37.526  29.807411     4.0951     11.360    66.0182 1.0450e+02     1.9599     -0.062     -0.091    14.7146 0.0000e+00
     -0.064      0.003    10.9134    107.402     37.518  29.801123     3.9899     11.362    66.0825 1.0551e+02     2.0460     -0.062     -0.090    14.7130 0.0000e+00
     -0.064      0.003    10.8895    107.589     37.524  29.806871     3.9305     11.364    66.1930 1.0652e+02     2.0106     -0.063     -0.092    14.7120 0.0000e+00
     -0.062      0.001    10.8817    107.789     37.530  29.813486     3.9092     11.366    66.1505 1.0664e+02     1.9423     -0.062     -0.090    14.7116 0.0000e+00
     -0.059      0.000    10.8866    107.888     37.534  29.817670     3.8906     11.369    66.0840 1.0559e+02     1.9380     -0.058     -0.084    14.7120 0.0000e+00
     -0.059      0.000    10.8921    107.999     37.504  29.794027     3.9382     11.371    66.0784 1.0448e+02     1.9583     -0.055     -0.080    14.7130 0.0000e+00
     -0.062     -0.001    10.9120    108.169     37.489  29.781351     4.0269     11.373    65.9967 1.0383e+02     1.9487     -0.060     -0.088    14.7145 0.0000e+00
     -0.065     -0.002    10.9448    108.300     37.501  29.791269     4.0561     11.375    65.8703 1.0307e+02     1.9248     -0.066     -0.096    14.7161 0.0000e+00
     -0.065     -0.003    10.9415    108.385     37.495  29.787075     4.0506     11.377    65.8403 1.0204e+02     1.9421     -0.065     -0.094    14.7171 0.0000e+00
     -0.062     -0.003    10.9521    108.449     37.502  29.794080     4.0346     11.379    65.9778 1.0115e+02     1.9870     -0.060     -0.087    14.7172 0.0000e+00
     -0.062     -0.003    10.9775    108.483     37.523  29.812531     3.9966     11.382    66.0704 1.0093e+02     2.0579     -0.059     -0.086    14.7166 0.0000e+00
     -0.065     -0.003    10.9880    108.488     37.530  29.819866     3.9653     11.384    66.0140 1.0112e+02     2.0827     -0.064     -0.093    14.7162 0.0000e+00
     -0.067     -0.004    10.9961    108.487     37.528  29.819346     3.9483     11.386    65.9846 1.0101e+02     2.0133     -0.067     -0.098    14.7168 0.0000e+00
     -0.067     -0.004    11.0020    108.436     37.512  29.806245     3.9573     11.387    66.0590 1.0064e+02     2.0046     -0.065     -0.094    14.7188 0.0000e+00
     -0.068     -0.003    11.0067    108.338     37.490  29.788322     3.9909     11.389    66.1388 9.9999e+01     2.1137     -0.067     -0.096    14.7219 0.0000e+00
     -0.070     -0.001    11.0018    108.260     37.496  29.792945     4.0132     11.390    66.1751 9.8790e+01     2.1711     -0.069     -0.100    14.7248 0.0000e+00
     -0.070     -0.001    11.0067    108.220     37.504  29.798702     4.0102     11.391    66.1531 9.7753e+01     2.0831     -0.069     -0.100    14.7262 0.0000e+00
     -0.069     -0.001    11.0009    108.155     37.499  29.794494     4.0217     11.393    66.1314 9.7570e+01     2.0071     -0.068     -0.099    14.7259 0.0000e+00
     -0.068     -0.001    10.9872    108.048     37.513  29.805497     4.0851     11.394    66.1705 9.8230e+01     2.0710     -0.066     -0.097    14.7248 0.0000e+00
     -0.068     -0.001    10.9788    107.989     37.512  29.804882     4.1446     11.394    66.1962 9.9315e+01     2.1394     -0.066     -0.096    14.7241 0.0000e+00
     -0.069     -0.002    10.9779    108.000     37.489  29.787053     4.1496     11.395    66.2697 9.9996e+01     2.1166     -0.067     -0.097    14.7239 0.0000e+00
     -0.070     -0.004    10.9744    108.012     37.481  29.780228     4.0466     11.396    66.3705 9.9519e+01     2.0343     -0.070     -0.101    14.7235 0.0000e+00
     -0.071     -0.007    10.9562    107.958     37.488  29.785794     3.8641     11.397    66.4684 9.8981e+01     1.9645     -0.071     -0.103    14.7234 0.0000e+00
     -0.071     -0.009    10.9503    107.813     37.494  29.790924     3.7831     11.398    66.5934 1.0048e+02     2.0233     -0.068     -0.100    14.7241 0.0000e+00
     -0.074     -0.009    10.9550    107.664     37.479  29.778813     3.7993     11.398    66.5917 1.0210e+02     2.1298     -0.071     -0.104    14.7240 0.0000e+00
     -0.079     -0.008    10.9584    107.634     37.463  29.766232     3.8019     11.399    66.5334 1.0189e+02     2.0918     -0.079     -0.115    14.7235 0.0000e+00
     -0.083     -0.007    10.9544    107.644     37.463  29.765665     3.8471     11.402    66.4908 1.0161e+02     2.0081     -0.082     -0.120    14.7234 0.0000e+00
     -0.085     -0.004    10.9380    107.591     37.472  29.771956     3.9462     11.404    66.4210 1.0113e+02     2.0400     -0.084     -0.122    14.7237 0.0000e+00
     -0.086      0.000    10.9124    107.576     37.483  29.778868     4.0018     11.405    66.5503 9.8944e+01     2.0680     -0.085     -0.124    14.7239 0.0000e+00
     -0.084      0.004    10.9158    107.624     37.493  29.785796     4.0203     11.407    66.7634 9.6052e+01     2.0387     -0.083     -0.121    14.7237 0.0000e+00
     -0.081      0.006    10.9249    107.601     37.502  29.792291     4.0194     11.407    66.8470 9.4079e+01     1.9942     -0.079     -0.115    14.7231 0.0000e+00
     -0.078      0.006    10.9109    107.568     37.504  29.793964     4.0076     11.407    66.9589 9.3468e+01     1.9737     -0.076     -0.111    14.7220 0.0000e+00
     -0.076      0.005    10.9066    107.593     37.519  29.806027     4.0193     11.409    67.0843 9.4018e+01     2.0291     -0.074     -0.108    14.7201 0.0000e+00
     -0.076      0.004    10.9248    107.604     37.525  29.811283     4.0277     11.409    67.1575 9.5208e+01     2.0830     -0.073     -0.107    14.7183 0.0000e+00
     -0.076      0.003    10.9167    107.699     37.502  29.794078     3.9593     11.409    67.2418 9.6230e+01     2.0446     -0.074     -0.108    14.7175 0.0000e+00
     -0.075      0.003    10.9049    107.904     37.494  29.788303     3.8335     11.410    67.3292 9.6585e+01     1.9411     -0.073     -0.107    14.7174 0.0000e+00
     -0.075      0.004    10.9219    108.135     37.514  29.804884     3.7715     11.410    67.3536 9.6340e+01     1.9251     -0.073     -0.106    14.7178 0.0000e+00
     -0.074      0.005    10.9094    108.353     37.514  29.804259     3.7753     11.410    67.3652 9.5728e+01     2.0221     -0.073     -0.106    14.7186 0.0000e+00
     -0.072      0.005    10.9204    108.521     37.484  29.780758     3.7717     11.409    67.4696 9.5051e+01     2.0538     -0.071     -0.103    14.7199 0.0000e+00
