Data/DataNotYetUploadedToEDI/Raw_CTD/RawDownloads/040626_fcr10_S7809012.cnv
* Sea-Bird SBE19plus  Data File:
* FileName = C:\R\Reservoirs\Data\DataNotYetUploadedToEDI\Raw_CTD\RawDownloads\051126_FCR_50_S7809_0012.hex
* Software version 2.8.0.119
* Temperature SN = 7809
* Conductivity SN = 7809
* System UpLoad Time = May 11 2026 15:35:29
* <ApplicationData>
* <Seaterm232>
# nquan = 15
# nvalues = 942                         
# units = specified
# name 0 = depFM: Depth [fresh water, m]
# name 1 = dz/dtM: Descent Rate [m/s]
# name 2 = sbeox0Mg/L: Oxygen, SBE 43 [mg/l]
# name 3 = sbeox0PS: Oxygen, SBE 43 [% saturation]
# name 4 = specc: Specific Conductance [uS/cm]
# name 5 = c0uS/cm: Conductivity [uS/cm]
# name 6 = flECO-AFL: Fluorescence, WET Labs ECO-AFL/FL [mg/m^3]
# name 7 = ph: pH
# name 8 = orp: Oxidation Reduction Potential [mV]
# name 9 = par/sat/log: PAR/Logarithmic, Satlantic
# name 10 = turbWETntu0: Turbidity, WET Labs ECO [NTU]
# name 11 = prdM: Pressure, Strain Gauge [db]
# name 12 = prdE: Pressure, Strain Gauge [psi]
# name 13 = tv290C: Temperature [ITS-90, deg C]
# name 14 = flag:  0.000e+00
# span 0 =     -0.603,      2.618       
# span 1 =     -0.172,      0.247       
# span 2 =     2.8872,    13.0678       
# span 3 =     26.813,    124.958       
# span 4 =      8.787,    107.266       
# span 5 =   6.668913,  78.013508       
# span 6 =    -0.0927,    34.7817       
# span 7 =     -0.386,     11.773       
# span 8 =  -230.7897,  1205.7596       
# span 9 = 1.2108e+01, 2.0334e+03       
# span 10 =    -0.1904,   180.5434      
# span 11 =     -0.593,      2.567      
# span 12 =     -0.859,      3.724      
# span 13 =    11.3289,    14.7676      
# span 14 = 0.0000e+00, 0.0000e+00      
# interval = seconds: 0.25
# start_time = Apr 06 2026 10:59:32 [Instrument's time stamp, header]
# bad_flag = -9.990e-29
*END*
[from data line 579]
      0.909      0.010    11.8756    116.553     38.042  29.721588     7.3855     11.540    76.5534 4.1511e+02     2.3361      0.890      1.290    14.0852 0.0000e+00
      0.911      0.014    11.8720    117.478     38.025  29.717803     7.4464     11.540    76.5715 4.2033e+02     2.3586      0.893      1.296    14.0654 0.0000e+00
      0.915      0.023    11.8761    118.493     37.953  29.665763     7.4643     11.540    76.6592 4.2784e+02     2.3017      0.898      1.302    14.0567 0.0000e+00
      0.920      0.033    11.9142    119.454     37.877  29.599838     7.6190     11.538    76.6681 4.2705e+02     2.2285      0.901      1.308    14.0504 0.0000e+00
      0.930      0.040    11.9862    120.246     37.838  29.555027     7.9108     11.536    76.5928 4.2503e+02     2.2586      0.908      1.319    14.0575 0.0000e+00
      0.945      0.043    12.0826    120.799     37.801  29.504525     8.0871     11.536    76.6098 4.2013e+02     2.3587      0.926      1.342    14.0761 0.0000e+00
      0.962      0.043    12.1896    121.067     37.746  29.433210     8.1200     11.537    76.7008 4.1348e+02     2.3798      0.946      1.371    14.0847 0.0000e+00
      0.975      0.038    12.2961    121.040     37.731  29.390472     8.1248     11.540    76.7467 4.0448e+02     2.3079      0.958      1.389    14.0746 0.0000e+00
      0.983      0.031    12.3849    120.785     37.734  29.368332     8.2036     11.541    76.8206 3.9037e+02     2.2075      0.965      1.399    14.0535 0.0000e+00
      0.989      0.021    12.4510    120.435     37.737  29.355789     8.3893     11.542    76.8203 3.7472e+02     2.1915      0.971      1.408    14.0273 0.0000e+00
      0.992      0.011    12.4901    120.120     37.844  29.429085     8.5059     11.544    76.6563 3.7164e+02     2.2508      0.973      1.411    13.9881 0.0000e+00
      0.993      0.004    12.4986    119.922     38.011  29.556805     8.5144     11.548    76.5585 3.7446e+02     2.2405      0.973      1.411    13.9390 0.0000e+00
      0.993      0.000    12.4756    119.845     38.089  29.631406     8.5427     11.552    76.4983 3.8003e+02     2.1705      0.975      1.414    13.9052 0.0000e+00
      0.990      0.000    12.4388    119.849     38.059  29.633344     8.6156     11.554    76.3585 3.9213e+02     2.1560      0.971      1.410    13.8905 0.0000e+00
      0.986      0.002    12.4066    119.911     37.961  29.580271     8.6715     11.555    76.2455 3.9213e+02     2.2353      0.966      1.401    13.8770 0.0000e+00
      0.985      0.007    12.3888    119.988     37.838  29.497182     8.7105     11.558    76.2505 3.8104e+02     2.3429      0.964      1.398    13.8664 0.0000e+00
      0.988      0.011    12.3789    120.058     37.776  29.453351     8.7964     11.560    76.4180 3.8173e+02     2.3303      0.968      1.404    13.8868 0.0000e+00
      0.995      0.016    12.3655    120.073     37.826  29.494346     8.9104     11.562    76.5510 3.8382e+02     2.2541      0.976      1.416    13.9310 0.0000e+00
      1.002      0.020    12.3671    119.941     37.888  29.548834     8.9663     11.564    76.5676 3.7446e+02     2.3097      0.982      1.426    13.9635 0.0000e+00
      1.007      0.024    12.3697    119.672     37.863  29.541280     8.9807     11.567    76.6186 3.7048e+02     2.3872      0.988      1.433    13.9800 0.0000e+00
      1.011      0.027    12.3772    119.329     37.834  29.529884     9.1008     11.571    76.7373 3.6241e+02     2.3716      0.992      1.438    13.9816 0.0000e+00
      1.015      0.030    12.3858    118.976     37.837  29.537925     9.3195     11.576    76.9701 3.5614e+02     2.3263      0.995      1.443    13.9815 0.0000e+00
      1.023      0.032    12.3673    118.650     37.800  29.511648     9.4275     11.580    77.1970 3.6143e+02     2.2829      1.002      1.454    13.9889 0.0000e+00
      1.035      0.032    12.3329    118.340     37.747  29.465890     9.4417     11.583    77.3301 3.6184e+02     2.2919      1.015      1.472    14.0068 0.0000e+00
      1.048      0.030    12.2896    118.044     37.724  29.428689     9.5909     11.586    77.3750 3.5895e+02     2.2974      1.029      1.491    14.0270 0.0000e+00
      1.058      0.027    12.2501    117.775     37.781  29.442416     9.8588     11.590    77.3089 3.5210e+02     2.2475      1.040      1.508    14.0304 0.0000e+00
      1.064      0.022    12.2174    117.546     37.900  29.504971    10.0002     11.593    77.3054 3.4725e+02     2.2350      1.044      1.514    14.0345 0.0000e+00
      1.065      0.018    12.1841    117.329     37.985  29.550683     9.9942     11.597    77.2468 3.4583e+02     2.2821      1.044      1.514    14.0368 0.0000e+00
      1.066      0.015    12.1614    117.099     37.990  29.551070     9.9862     11.601    76.9447 3.4087e+02     2.3050      1.044      1.514    14.0081 0.0000e+00
      1.068      0.014    12.1445    116.929     37.923  29.509638    10.0201     11.604    76.6631 3.3367e+02     2.2390      1.047      1.517    13.9613 0.0000e+00
      1.073      0.017    12.1338    116.876     37.804  29.430341    10.0704     11.607    76.5952 3.2682e+02     2.1327      1.053      1.526    13.9173 0.0000e+00
      1.078      0.022    12.1237    116.927     37.623  29.290059    10.0947     11.610    76.7266 3.2077e+02     2.0796      1.057      1.533    13.8839 0.0000e+00
      1.083      0.027    12.0950    117.056     37.473  29.145556    10.1142     11.613    76.8751 3.1861e+02     2.1432      1.062      1.540    13.8832 0.0000e+00
      1.089      0.031    12.0692    117.214     37.461  29.078605    10.2986     11.618    77.0142 3.1851e+02     2.3210      1.067      1.547    13.9051 0.0000e+00
      1.098      0.033    12.0604    117.284     37.516  29.051355    10.6183     11.623    77.1180 3.1535e+02     2.4529      1.076      1.561    13.9249 0.0000e+00
      1.111      0.034    12.0624    117.181     37.537  29.006286    10.7662     11.628    76.9251 3.1359e+02     2.4401      1.092      1.583    13.9374 0.0000e+00
      1.122      0.034    12.0863    116.996     37.563  28.977624    10.7719     11.632    76.6615 3.1401e+02     2.4388      1.101      1.597    13.9041 0.0000e+00
      1.128      0.034    12.1309    116.823     37.671  29.021902    10.8872     11.637    76.5983 3.1221e+02     2.5065      1.106      1.605    13.8125 0.0000e+00
      1.134      0.032    12.1732    116.730     37.812  29.097593    11.0858     11.640    76.6767 3.0623e+02     2.5414      1.112      1.613    13.7102 0.0000e+00
      1.143      0.030    12.1766    116.819     37.892  29.131602    11.1758     11.642    76.8347 3.0295e+02     2.4843      1.120      1.625    13.6268 0.0000e+00
      1.153      0.029    12.1717    117.122     37.898  29.115920    11.1683     11.645    76.8739 2.9953e+02     2.3968      1.131      1.641    13.5641 0.0000e+00
      1.161      0.030    12.1668    117.602     37.889  29.098240    11.2703     11.647    76.7209 2.9406e+02     2.4399      1.140      1.653    13.5144 0.0000e+00
      1.166      0.030    12.1613    118.191     37.905  29.108121    11.4764     11.647    76.6194 2.9548e+02     2.5610      1.144      1.659    13.4716 0.0000e+00
      1.172      0.030    12.1815    118.864     37.903  29.108530    11.5801     11.647    76.7659 2.9763e+02     2.5631      1.147      1.664    13.4345 0.0000e+00
      1.181      0.029    12.2210    119.643     37.890  29.103177    11.5830     11.647    76.6849 2.9632e+02     2.4658      1.157      1.679    13.4059 0.0000e+00
      1.191      0.028    12.2794    120.513     37.887  29.106844    11.6533     11.646    76.0694 2.9332e+02     2.4430      1.169      1.695    13.3926 0.0000e+00
      1.199      0.028    12.3412    121.390     37.863  29.089440    11.8135     11.646    75.5187 2.9048e+02     2.5269      1.176      1.706    13.3924 0.0000e+00
      1.205      0.027    12.4094    122.182     37.866  29.083037    11.9215     11.646    75.2755 2.8971e+02     2.5922      1.182      1.714    13.3936 0.0000e+00
      1.210      0.024    12.4892    122.821     37.896  29.092850    11.9281     11.645    75.1935 2.8513e+02     2.5491      1.187      1.720    13.4001 0.0000e+00
      1.216      0.022    12.5802    123.258     37.899  29.081214    11.9096     11.645    75.0434 2.8278e+02     2.4499      1.192      1.728    13.4135 0.0000e+00
      1.222      0.020    12.6741    123.498     37.898  29.069191    11.9647     11.644    74.7519 2.8127e+02     2.4515      1.198      1.738    13.4176 0.0000e+00
      1.228      0.018    12.7636    123.631     37.913  29.074327    12.0942     11.642    74.5943 2.7634e+02     2.5682      1.204      1.747    13.4019 0.0000e+00
      1.233      0.016    12.8384    123.764     37.922  29.079877    12.1692     11.642    74.6004 2.7582e+02     2.6320      1.210      1.754    13.3801 0.0000e+00
      1.236      0.015    12.8898    123.932     37.909  29.072852    12.1637     11.643    74.6544 2.7808e+02     2.5738      1.213      1.758    13.3624 0.0000e+00
      1.238      0.015    12.9155    124.128     37.875  29.052828    12.1606     11.644    74.6442 2.7859e+02     2.5473      1.214      1.761    13.3460 0.0000e+00
      1.240      0.015    12.9265    124.363     37.836  29.028063    12.1985     11.644    74.5633 2.7893e+02     2.6192      1.215      1.763    13.3377 0.0000e+00
      1.244      0.016    12.9402    124.627     37.835  29.027153    12.2223     11.644    74.4498 2.8136e+02     2.6236      1.219      1.768    13.3366 0.0000e+00
      1.249      0.019    12.9578    124.851     37.856  29.041826    12.2159     11.644    74.3046 2.7954e+02     2.5658      1.225      1.777    13.3401 0.0000e+00
      1.255      0.022    12.9747    124.958     37.824  29.015186    12.2540     11.644    74.2705 2.7348e+02     2.5358      1.231      1.785    13.3507 0.0000e+00
      1.260      0.025    12.9953    124.903     37.759  28.958762    12.3254     11.645    74.6397 2.7120e+02     2.5337      1.236      1.793    13.3599 0.0000e+00
      1.266      0.026    13.0278    124.708     37.748  28.930471    12.3637     11.648    75.4134 2.6747e+02     2.5745      1.241      1.800    13.3584 0.0000e+00
      1.274      0.026    13.0547    124.424     37.779  28.926819    12.3755     11.651    75.8817 2.6372e+02     2.5513      1.249      1.812    13.3536 0.0000e+00
      1.283      0.025    13.0678    124.100     37.797  28.914569    12.4090     11.654    75.7420 2.6375e+02     2.3900      1.259      1.826    13.3554 0.0000e+00
      1.290      0.024    13.0625    123.801     37.815  28.909194    12.4695     11.657    75.4440 2.6151e+02     2.2293      1.266      1.837    13.3508 0.0000e+00
      1.295      0.022    13.0474    123.551     37.851  28.925236    12.5082     11.662    75.2048 2.5806e+02     2.2136      1.270      1.844    13.3218 0.0000e+00
      1.299      0.020    13.0300    123.367     37.852  28.918221    12.5352     11.666    75.0869 2.5671e+02     2.3024      1.274      1.849    13.2797 0.0000e+00
      1.303      0.018    13.0017    123.274     37.823  28.887809    12.6210     11.669    74.9649 2.5753e+02     2.3128      1.277      1.853    13.2431 0.0000e+00
      1.308      0.017    12.9787    123.265     37.818  28.874662    12.7382     11.671    74.7621 2.5948e+02     2.2368      1.282      1.859    13.2179 0.0000e+00
      1.313      0.016    12.9552    123.270     37.844  28.886099    12.8117     11.673    74.6139 2.5901e+02     2.2383      1.287      1.867    13.2046 0.0000e+00
      1.317      0.016    12.9369    123.191     37.869  28.899229    12.8442     11.676    74.5499 2.5361e+02     2.2960      1.292      1.874    13.1962 0.0000e+00
      1.321      0.016    12.9308    123.017     37.885  28.906558    12.8482     11.679    74.5895 2.5011e+02     2.2850      1.296      1.880    13.1851 0.0000e+00
      1.324      0.017    12.9352    122.770     37.895  28.911275    12.9026     11.684    74.6635 2.4919e+02     2.2085      1.298      1.883    13.1721 0.0000e+00
      1.327      0.017    12.9461    122.518     37.874  28.892823    13.0262     11.688    74.7555 2.4843e+02     2.1564      1.300      1.886    13.1611 0.0000e+00
      1.331      0.017    12.9372    122.351     37.850  28.873748    13.1031     11.691    74.7553 2.4645e+02     2.1676      1.304      1.892    13.1532 0.0000e+00
      1.338      0.016    12.9216    122.308     37.849  28.870932    13.1331     11.694    74.5756 2.4270e+02     2.2414      1.311      1.901    13.1473 0.0000e+00
      1.344      0.015    12.8943    122.404     37.837  28.858765    13.1733     11.697    74.4747 2.4090e+02     2.2970      1.320      1.914    13.1426 0.0000e+00
      1.348      0.013    12.8634    122.608     37.834  28.853500    13.2225     11.699    74.4819 2.3960e+02     2.2594      1.323      1.919    13.1399 0.0000e+00
      1.349      0.010    12.8466    122.833     37.858  28.870693    13.2536     11.702    74.4904 2.3911e+02     2.2300      1.323      1.918    13.1384 0.0000e+00
      1.350      0.008    12.8409    123.007     37.866  28.876354    13.2665     11.706    74.5779 2.3898e+02     2.2834      1.323      1.918    13.1364 0.0000e+00
      1.351      0.007    12.8539    123.132     37.845  28.858523    13.2956     11.710    74.6808 2.3879e+02     2.2901      1.325      1.921    13.1321 0.0000e+00
      1.353      0.008    12.8795    123.193     37.831  28.845384    13.3225     11.711    74.7015 2.3889e+02     2.2083      1.327      1.925    13.1280 0.0000e+00
      1.355      0.010    12.9083    123.194     37.836  28.844344    13.3249     11.713    74.6551 2.3794e+02     2.2172      1.329      1.927    13.1265 0.0000e+00
      1.356      0.012    12.9238    123.198     37.845  28.845951    13.3407     11.716    74.5502 2.3769e+02     2.3294      1.330      1.929    13.1263 0.0000e+00
      1.359      0.012    12.9387    123.206     37.875  28.864804    13.3809     11.718    74.3806 2.3601e+02     2.4723      1.333      1.933    13.1258 0.0000e+00
      1.364      0.012    12.9479    123.220     37.903  28.881998    13.4109     11.719    74.1529 2.3054e+02     2.5786      1.338      1.940    13.1219 0.0000e+00
      1.369      0.012    12.9438    123.260     37.883  28.863545    13.4047     11.722    73.9475 2.2702e+02     2.5550      1.344      1.949    13.1149 0.0000e+00
      1.374      0.013    12.9487    123.284     37.846  28.831982    13.3887     11.725    73.8769 2.2757e+02     2.5282      1.348      1.955    13.1076 0.0000e+00
      1.375      0.014    12.9520    123.271     37.833  28.817519    13.4426     11.728    73.9004 2.2616e+02     2.5625      1.348      1.956    13.1013 0.0000e+00
      1.375      0.017    12.9511    123.269     37.837  28.815524    13.5313     11.731    73.8023 2.2205e+02     2.5255      1.347      1.954    13.0973 0.0000e+00
      1.378      0.021    12.9603    123.284     37.835  28.807856    13.5623     11.735    73.6367 2.1876e+02     2.4574      1.349      1.956    13.0934 0.0000e+00
      1.386      0.025    12.9660    123.309     37.821  28.788231    13.5597     11.737    73.3617 2.1584e+02     2.4562      1.359      1.970    13.0881 0.0000e+00
      1.395      0.026    12.9618    123.364     37.810  28.768511    13.5498     11.739    72.8866 2.1399e+02     2.4431      1.369      1.985    13.0821 0.0000e+00
      1.404      0.023    12.9646    123.438     37.815  28.759706    13.5590     11.741    72.6240 2.1309e+02     2.4353      1.376      1.997    13.0756 0.0000e+00
      1.413      0.017    12.9694    123.481     37.810  28.745186    13.5966     11.743    72.5093 2.1130e+02     2.4641      1.387      2.012    13.0682 0.0000e+00
      1.418      0.012    12.9730    123.459     37.785  28.719795    13.6041     11.744    72.2746 2.1023e+02     2.4494      1.394      2.021    13.0571 0.0000e+00
