Data/DataNotYetUploadedToEDI/Raw_CTD/RawDownloads/040626_FCR_20_S7809013.cnv
* Sea-Bird SBE19plus  Data File:
* FileName = C:\R\Reservoirs\Data\DataNotYetUploadedToEDI\Raw_CTD\RawDownloads\051126_FCR_50_S7809_0013.hex
* Software version 2.8.0.119
* Temperature SN = 7809
* Conductivity SN = 7809
* System UpLoad Time = May 11 2026 15:35:52
* <ApplicationData>
* <Seaterm232>
# nquan = 15
# nvalues = 717                         
# units = specified
# name 0 = depFM: Depth [fresh water, m]
# name 1 = dz/dtM: Descent Rate [m/s]
# name 2 = sbeox0Mg/L: Oxygen, SBE 43 [mg/l]
# name 3 = sbeox0PS: Oxygen, SBE 43 [% saturation]
# name 4 = specc: Specific Conductance [uS/cm]
# name 5 = c0uS/cm: Conductivity [uS/cm]
# name 6 = flECO-AFL: Fluorescence, WET Labs ECO-AFL/FL [mg/m^3]
# name 7 = ph: pH
# name 8 = orp: Oxidation Reduction Potential [mV]
# name 9 = par/sat/log: PAR/Logarithmic, Satlantic
# name 10 = turbWETntu0: Turbidity, WET Labs ECO [NTU]
# name 11 = prdM: Pressure, Strain Gauge [db]
# name 12 = prdE: Pressure, Strain Gauge [psi]
# name 13 = tv290C: Temperature [ITS-90, deg C]
# name 14 = flag:  0.000e+00
# span 0 =     -0.599,      2.934       
# span 1 =     -0.089,      0.179       
# span 2 =     6.9261,    13.5467       
# span 3 =     68.627,    131.127       
# span 4 =     22.850,     37.875       
# span 5 =  18.008369,  29.889045       
# span 6 =    -0.0983,   157.9086       
# span 7 =     11.134,     12.080       
# span 8 =     8.9771,    76.2533       
# span 9 = 3.2518e+01, 1.4053e+03       
# span 10 =     1.8430,   202.8699      
# span 11 =     -0.589,      2.877      
# span 12 =     -0.854,      4.173      
# span 13 =    10.5808,    15.3198      
# span 14 = 0.0000e+00, 0.0000e+00      
# interval = seconds: 0.25
# start_time = Apr 06 2026 11:21:57 [Instrument's time stamp, header]
# bad_flag = -9.990e-29
*END*
[from data line 290]
      0.394      0.046    10.4201    103.773     36.991  29.771794     5.3681     11.676    30.7563 3.5569e+01     2.0479      0.388      0.563    15.3143 0.0000e+00
      0.400      0.040    10.4198    103.877     37.012  29.762578     5.3918     11.677    30.6445 3.5500e+01     2.1406      0.392      0.569    15.3047 0.0000e+00
      0.408      0.034    10.4151    104.063     37.007  29.732577     5.4469     11.677    30.6320 3.5161e+01     2.0845      0.398      0.578    15.2844 0.0000e+00
      0.418      0.029    10.4028    104.268     37.022  29.726173     5.5595     11.678    30.7772 3.4632e+01     1.9843      0.410      0.597    15.2665 0.0000e+00
      0.427      0.028    10.4022    104.457     37.062  29.748561     5.6461     11.681    30.9373 3.4284e+01     1.9876      0.420      0.610    15.2447 0.0000e+00
      0.433      0.028    10.4255    104.678     37.068  29.749530     5.6866     11.683    31.1054 3.4167e+01     2.0558      0.424      0.616    15.2034 0.0000e+00
      0.438      0.030    10.4549    105.018     37.058  29.737879     5.6920     11.684    31.2612 3.4056e+01     2.0579      0.429      0.622    15.1622 0.0000e+00
      0.443      0.035    10.4836    105.463     37.060  29.734551     5.7612     11.686    31.3585 3.3886e+01     2.0465      0.435      0.630    15.1379 0.0000e+00
      0.450      0.040    10.5030    105.920     37.039  29.709285     5.9320     11.687    31.4219 3.3694e+01     2.1240      0.441      0.639    15.1278 0.0000e+00
      0.461      0.043    10.5204    106.355     37.026  29.686108     6.0515     11.688    31.5118 3.3583e+01     2.2433      0.449      0.651    15.1247 0.0000e+00
      0.477      0.040    10.5567    106.773     37.069  29.708030     6.0985     11.689    31.6704 3.3338e+01     2.3271      0.466      0.675    15.1208 0.0000e+00
      0.497      0.033    10.6082    107.139     37.093  29.720603     6.2085     11.691    31.8765 3.3091e+01     2.2498      0.490      0.711    15.1139 0.0000e+00
      0.510      0.025    10.6572    107.420     37.082  29.711253     6.3834     11.692    32.1115 3.3128e+01     2.0260      0.507      0.735    15.1047 0.0000e+00
      0.510      0.016    10.7030    107.602     37.092  29.721840     6.4822     11.693    32.2749 3.3212e+01     1.9098      0.504      0.731    15.0862 0.0000e+00
      0.502      0.008    10.7532    107.700     37.089  29.721754     6.5041     11.696    32.2165 3.3171e+01     1.9717      0.490      0.711    15.0632 0.0000e+00
      0.497      0.004    10.7931    107.754     37.072  29.710212     6.4569     11.697    32.1801 3.2931e+01     2.0230      0.486      0.704    15.0546 0.0000e+00
      0.501      0.005    10.8207    107.786     37.071  29.709152     6.3269     11.697    32.3521 3.2752e+01     1.9832      0.491      0.711    15.0578 0.0000e+00
      0.506      0.011    10.8388    107.827     37.072  29.708944     6.2317     11.698    32.5745 3.2919e+01     1.9696      0.497      0.721    15.0615 0.0000e+00
      0.510      0.017    10.8446    107.870     37.072  29.707686     6.2039     11.700    32.7182 3.3170e+01     1.9949      0.501      0.726    15.0647 0.0000e+00
      0.513      0.020    10.8505    107.886     37.061  29.693951     6.2658     11.702    32.7138 3.3261e+01     2.0157      0.502      0.728    15.0680 0.0000e+00
      0.519      0.020    10.8506    107.867     37.047  29.669733     6.3972     11.702    32.6925 3.3242e+01     2.0500      0.507      0.736    15.0693 0.0000e+00
      0.528      0.017    10.8563    107.777     37.064  29.668583     6.4612     11.703    32.8045 3.3206e+01     2.0345      0.517      0.750    15.0645 0.0000e+00
      0.535      0.014    10.8632    107.623     37.088  29.680022     6.4564     11.705    32.9510 3.3192e+01     1.9981      0.527      0.763    15.0647 0.0000e+00
      0.538      0.011    10.8630    107.484     37.089  29.681165     6.4563     11.707    33.0869 3.3145e+01     2.0206      0.530      0.768    15.0633 0.0000e+00
      0.536      0.008    10.8696    107.371     37.088  29.682404     6.4601     11.707    33.3286 3.3026e+01     2.0326      0.526      0.763    15.0409 0.0000e+00
      0.535      0.005    10.8671    107.255     37.100  29.695013     6.4605     11.707    33.5498 3.2863e+01     2.0073      0.524      0.760    15.0154 0.0000e+00
      0.536      0.004    10.8482    107.178     37.110  29.706755     6.4612     11.708    33.6106 3.2684e+01     1.9879      0.525      0.762    15.0055 0.0000e+00
      0.539      0.006    10.8339    107.195     37.095  29.697519     6.4514     11.709    33.6332 3.2583e+01     1.9682      0.528      0.766    15.0086 0.0000e+00
      0.541      0.009    10.8245    107.310     37.107  29.710204     6.4256     11.710    33.7373 3.2569e+01     2.0083      0.531      0.770    15.0131 0.0000e+00
      0.542      0.012    10.8088    107.491     37.132  29.733269     6.3740     11.711    33.8369 3.2518e+01     2.0634      0.532      0.771    15.0163 0.0000e+00
      0.544      0.014    10.7978    107.718     37.115  29.722671     6.3278     11.712    33.8054 3.2522e+01     2.0190      0.533      0.773    15.0219 0.0000e+00
      0.549      0.014    10.7981    107.935     37.095  29.708936     6.3244     11.712    33.7855 3.2620e+01     1.9846      0.538      0.780    15.0263 0.0000e+00
      0.555      0.014    10.8113    108.082     37.077  29.694065     6.3155     11.713    33.8545 3.2760e+01     2.0231      0.544      0.787    15.0287 0.0000e+00
      0.560      0.015    10.8286    108.247     37.048  29.669735     6.2710     11.714    33.9518 3.2933e+01     2.0741      0.551      0.798    15.0331 0.0000e+00
      0.564      0.016    10.8504    108.443     37.048  29.668478     6.2270     11.716    34.1018 3.3063e+01     2.0549      0.555      0.805    15.0398 0.0000e+00
      0.565      0.019    10.8789    108.449     37.065  29.678866     6.2080     11.717    34.2918 3.3175e+01     1.9958      0.554      0.804    15.0416 0.0000e+00
      0.566      0.022    10.8869    108.164     37.055  29.668467     6.2410     11.718    34.4425 3.3228e+01     2.0084      0.554      0.804    15.0395 0.0000e+00
      0.571      0.026    10.9001    107.828     37.060  29.669611     6.3091     11.719    34.5469 3.3196e+01     2.0710      0.559      0.810    15.0386 0.0000e+00
      0.581      0.030    10.9334    107.626     37.090  29.692695     6.3488     11.719    34.6070 3.3152e+01     2.1035      0.569      0.825    15.0376 0.0000e+00
      0.594      0.032    10.9415    107.456     37.094  29.693840     6.3556     11.719    34.6537 3.3061e+01     2.0936      0.582      0.846    15.0334 0.0000e+00
      0.605      0.032    10.9012    107.331     37.084  29.683452     6.3832     11.720    34.7667 3.2986e+01     2.0883      0.595      0.863    15.0284 0.0000e+00
      0.612      0.030    10.8550    107.340     37.099  29.693954     6.4578     11.721    34.8556 3.2948e+01     2.1077      0.601      0.872    15.0254 0.0000e+00
      0.617      0.026    10.8497    107.470     37.099  29.693954     6.5251     11.721    34.9536 3.2871e+01     2.1234      0.605      0.878    15.0236 0.0000e+00
      0.622      0.022    10.8282    107.686     37.086  29.683451     6.5302     11.722    35.0916 3.2818e+01     2.0739      0.610      0.885    15.0219 0.0000e+00
      0.628      0.019    10.8102    107.876     37.098  29.693830     6.4615     11.724    35.1475 3.2783e+01     1.9863      0.615      0.893    15.0183 0.0000e+00
      0.633      0.017    10.8171    107.978     37.097  29.692581     6.3690     11.725    35.1994 3.2832e+01     1.9518      0.621      0.901    15.0158 0.0000e+00
      0.637      0.017    10.8260    108.000     37.068  29.668354     6.3360     11.725    35.2885 3.2973e+01     1.9994      0.624      0.906    15.0160 0.0000e+00
      0.641      0.018    10.8570    107.983     37.053  29.654628     6.3532     11.725    35.3645 3.3074e+01     2.0498      0.628      0.911    15.0165 0.0000e+00
      0.644      0.019    10.8761    107.946     37.055  29.653484     6.3523     11.726    35.4293 3.3216e+01     2.0147      0.631      0.916    15.0174 0.0000e+00
      0.648      0.020    10.8860    107.825     37.061  29.654515     6.3582     11.727    35.4701 3.3408e+01     2.0191      0.635      0.922    15.0177 0.0000e+00
      0.654      0.023    10.8877    107.637     37.083  29.667086     6.3908     11.727    35.5137 3.3516e+01     2.0676      0.641      0.930    15.0159 0.0000e+00
      0.661      0.026    10.8831    107.522     37.103  29.678609     6.4060     11.727    35.6128 3.3583e+01     2.0546      0.648      0.941    15.0136 0.0000e+00
      0.668      0.029    10.8857    107.523     37.092  29.666972     6.4255     11.728    35.8078 3.3622e+01     2.0681      0.655      0.951    15.0105 0.0000e+00
      0.675      0.033    10.8754    107.589     37.078  29.653247     6.5261     11.729    35.9778 3.3582e+01     2.0595      0.662      0.960    15.0043 0.0000e+00
      0.682      0.036    10.8490    107.693     37.064  29.639521     6.6910     11.729    36.0340 3.3552e+01     2.0194      0.668      0.970    14.9971 0.0000e+00
      0.692      0.037    10.8382    107.800     37.053  29.627876     6.7961     11.729    36.1440 3.3555e+01     2.0608      0.676      0.981    14.9910 0.0000e+00
      0.706      0.037    10.8431    107.875     37.071  29.639296     6.8386     11.729    36.2749 3.3589e+01     2.1156      0.693      1.005    14.9873 0.0000e+00
      0.718      0.037    10.8498    107.977     37.090  29.650732     6.9974     11.730    36.3256 3.3618e+01     2.0671      0.707      1.025    14.9846 0.0000e+00
      0.725      0.036    10.8626    108.147     37.080  29.639284     7.2685     11.730    36.4135 3.3653e+01     1.9534      0.711      1.032    14.9804 0.0000e+00
      0.732      0.035    10.8774    108.261     37.074  29.627744     7.4200     11.730    36.4765 3.3760e+01     1.9708      0.717      1.040    14.9760 0.0000e+00
      0.740      0.034    10.8832    108.279     37.103  29.638049     7.4547     11.731    36.4853 3.3932e+01     2.1058      0.725      1.052    14.9718 0.0000e+00
      0.748      0.036    10.8885    108.258     37.125  29.637013     7.5047     11.734    36.6057 3.4174e+01     2.1513      0.734      1.065    14.9674 0.0000e+00
      0.758      0.039    10.9170    108.147     37.122  29.615189     7.5682     11.736    36.8146 3.4426e+01     2.1454      0.743      1.077    14.9637 0.0000e+00
      0.768      0.042    10.9307    107.961     37.159  29.627876     7.5974     11.736    36.9454 3.4700e+01     2.1708      0.752      1.091    14.9577 0.0000e+00
      0.779      0.044    10.9304    107.928     37.223  29.663523     7.6081     11.738    36.9828 3.5035e+01     2.2195      0.764      1.107    14.9403 0.0000e+00
      0.791      0.044    10.9396    108.124     37.243  29.665596     7.7233     11.742    37.0089 3.5350e+01     2.2560      0.775      1.125    14.9119 0.0000e+00
      0.804      0.042    10.9389    108.469     37.237  29.652920     7.9081     11.744    37.0019 3.5601e+01     2.1684      0.789      1.144    14.8837 0.0000e+00
      0.816      0.039    10.9096    108.974     37.221  29.637115     7.9860     11.745    37.0711 3.5866e+01     2.0136      0.801      1.161    14.8624 0.0000e+00
      0.826      0.034    10.9087    109.633     37.178  29.601355     7.9910     11.747    37.2434 3.6153e+01     1.9897      0.810      1.175    14.8409 0.0000e+00
      0.834      0.028    10.9432    110.452     37.179  29.601138     7.9940     11.748    37.2789 3.6325e+01     2.0512      0.820      1.188    14.8200 0.0000e+00
      0.839      0.021    10.9735    111.396     37.221  29.634488     8.0055     11.748    37.2413 3.6381e+01     2.0737      0.824      1.194    14.8103 0.0000e+00
      0.843      0.015    11.0292    112.315     37.208  29.624003     8.0384     11.748    37.3054 3.6406e+01     2.0558      0.826      1.198    14.8089 0.0000e+00
      0.846      0.010    11.0945    113.108     37.179  29.601232     8.0499     11.750    37.3649 3.6386e+01     1.9717      0.830      1.204    14.8075 0.0000e+00
      0.848      0.006    11.1769    113.741     37.193  29.612887     8.0538     11.751    37.3584 3.6312e+01     1.9448      0.833      1.208    14.8048 0.0000e+00
      0.849      0.004    11.2819    114.191     37.222  29.638060     8.0186     11.753    37.3999 3.6219e+01     2.0043      0.833      1.209    14.8048 0.0000e+00
      0.848      0.002    11.3770    114.457     37.236  29.651872     7.9236     11.753    37.5214 3.6122e+01     2.0423      0.833      1.207    14.8059 0.0000e+00
      0.847      0.002    11.4581    114.566     37.235  29.653023     7.8538     11.755    37.6229 3.6072e+01     2.0625      0.831      1.205    14.8051 0.0000e+00
      0.847      0.003    11.5232    114.527     37.231  29.651983     7.8241     11.755    37.7674 3.6060e+01     2.0445      0.831      1.205    14.8062 0.0000e+00
      0.848      0.004    11.5681    114.385     37.215  29.639297     7.8565     11.755    37.9786 3.6065e+01     2.0292      0.832      1.206    14.8095 0.0000e+00
      0.851      0.007    11.5924    114.220     37.199  29.626507     7.9463     11.756    38.1112 3.6134e+01     2.0140      0.834      1.210    14.8119 0.0000e+00
      0.853      0.011    11.6033    114.078     37.196  29.624201     7.9934     11.756    38.1667 3.6218e+01     1.9627      0.837      1.213    14.8149 0.0000e+00
      0.855      0.014    11.5977    113.999     37.181  29.611409     7.9935     11.756    38.2187 3.6315e+01     1.9902      0.839      1.215    14.8183 0.0000e+00
      0.859      0.016    11.5782    114.009     37.166  29.598704     8.0564     11.757    38.3090 3.6454e+01     2.1071      0.840      1.218    14.8183 0.0000e+00
      0.864      0.017    11.5617    114.018     37.165  29.597456     8.1959     11.758    38.3125 3.6592e+01     2.1464      0.846      1.227    14.8170 0.0000e+00
      0.870      0.017    11.5460    113.947     37.164  29.596312     8.2817     11.759    38.1762 3.6719e+01     2.0551      0.855      1.240    14.8185 0.0000e+00
      0.875      0.016    11.5344    113.821     37.150  29.584873     8.2778     11.760    38.1233 3.6834e+01     1.9594      0.859      1.246    14.8181 0.0000e+00
      0.879      0.015    11.5414    113.633     37.153  29.586017     8.2651     11.761    38.1889 3.6954e+01     2.0484      0.862      1.250    14.8153 0.0000e+00
      0.882      0.012    11.5475    113.384     37.185  29.610132     8.2789     11.762    38.2808 3.7129e+01     2.2781      0.865      1.254    14.8150 0.0000e+00
      0.884      0.011    11.5354    113.131     37.202  29.622723     8.2943     11.763    38.3734 3.7299e+01     2.4136      0.867      1.257    14.8156 0.0000e+00
      0.886      0.011    11.5248    112.891     37.190  29.611392     8.2936     11.765    38.4488 3.7415e+01     2.3886      0.869      1.260    14.8147 0.0000e+00
      0.889      0.012    11.5072    112.710     37.177  29.599982     8.2781     11.765    38.5893 3.7546e+01     2.2831      0.871      1.263    14.8131 0.0000e+00
      0.892      0.014    11.4777    112.680     37.194  29.611630     8.2738     11.766    38.7818 3.7737e+01     2.2655      0.875      1.268    14.8116 0.0000e+00
      0.895      0.017    11.4542    112.835     37.214  29.625365     8.2908     11.769    38.9703 3.7994e+01     2.3464      0.877      1.272    14.8094 0.0000e+00
      0.899      0.021    11.4289    113.130     37.234  29.639186     8.2843     11.771    39.1481 3.8240e+01     2.3389      0.881      1.278    14.8080 0.0000e+00
      0.905      0.024    11.4054    113.472     37.251  29.651871     8.2699     11.773    39.2106 3.8464e+01     2.2432      0.887      1.286    14.8065 0.0000e+00
