Data/DataNotYetUploadedToEDI/Raw_CTD/RawDownloads/040626_fcr30_S7809014.cnv
* Sea-Bird SBE19plus  Data File:
* FileName = C:\R\Reservoirs\Data\DataNotYetUploadedToEDI\Raw_CTD\RawDownloads\051126_FCR_50_S7809_0014.hex
* Software version 2.8.0.119
* Temperature SN = 7809
* Conductivity SN = 7809
* System UpLoad Time = May 11 2026 15:36:16
* <ApplicationData>
* <Seaterm232>
# nquan = 15
# nvalues = 758                         
# units = specified
# name 0 = depFM: Depth [fresh water, m]
# name 1 = dz/dtM: Descent Rate [m/s]
# name 2 = sbeox0Mg/L: Oxygen, SBE 43 [mg/l]
# name 3 = sbeox0PS: Oxygen, SBE 43 [% saturation]
# name 4 = specc: Specific Conductance [uS/cm]
# name 5 = c0uS/cm: Conductivity [uS/cm]
# name 6 = flECO-AFL: Fluorescence, WET Labs ECO-AFL/FL [mg/m^3]
# name 7 = ph: pH
# name 8 = orp: Oxidation Reduction Potential [mV]
# name 9 = par/sat/log: PAR/Logarithmic, Satlantic
# name 10 = turbWETntu0: Turbidity, WET Labs ECO [NTU]
# name 11 = prdM: Pressure, Strain Gauge [db]
# name 12 = prdE: Pressure, Strain Gauge [psi]
# name 13 = tv290C: Temperature [ITS-90, deg C]
# name 14 = flag:  0.000e+00
# span 0 =     -0.597,      3.500       
# span 1 =     -0.131,      0.163       
# span 2 =     6.2405,    12.8565       
# span 3 =     54.560,    120.194       
# span 4 =      3.478,     38.564       
# span 5 =   2.593203,  30.471306       
# span 6 =    -0.0936,    15.3346       
# span 7 =      8.582,     14.890       
# span 8 =  -701.1433,  1240.2295       
# span 9 = 2.3364e+01, 2.3829e+03       
# span 10 =     0.5196,   239.0126      
# span 11 =     -0.587,      3.433      
# span 12 =     -0.851,      4.979      
# span 13 =     8.8074,    16.2154      
# span 14 = 0.0000e+00, 0.0000e+00      
# interval = seconds: 0.25
# start_time = Apr 06 2026 11:41:11 [Instrument's time stamp, header]
# bad_flag = -9.990e-29
*END*
     -0.596 1.1268e-19     9.6734     90.689      4.090   3.050367    -0.0767      8.582  1240.2295 5.2650e+02     0.5733     -0.584     -0.847    12.2880 0.0000e+00
     -0.596 1.2394e-18     9.6874     90.709      4.127   3.078187    -0.0874      8.794  1240.2295 6.7827e+02     0.5196     -0.584     -0.847    12.2878 0.0000e+00
     -0.596 1.3634e-17     9.6963     90.677      4.232   3.155944    -0.0888      8.918  1240.2292 8.2821e+02     0.5764     -0.585     -0.848    12.2877 0.0000e+00
     -0.596 1.4997e-16     9.6966     90.681      4.332   3.230342    -0.0934      8.974  1240.2261 9.1857e+02     0.7821     -0.585     -0.848    12.2873 0.0000e+00
     -0.596 1.6497e-15     9.7141     90.649      4.314   3.217542    -0.0936      9.058  1240.1919 9.4475e+02     1.1959     -0.585     -0.849    12.2863 0.0000e+00
     -0.596 1.8147e-14     9.7173     90.580      4.194   3.127873    -0.0747      9.253  1239.8158 9.6205e+02     1.4465     -0.585     -0.848    12.2854 0.0000e+00
     -0.596 1.9961e-13     9.7026     90.543      4.067   3.033048    -0.0472      9.447  1235.6791 1.0611e+03     1.4894     -0.585     -0.848    12.2845 0.0000e+00
     -0.596 2.1958e-12     9.7144     90.524      3.967   2.957890    -0.0451      9.471  1190.1752 1.2378e+03     1.5782     -0.585     -0.848    12.2838 0.0000e+00
     -0.596 2.4153e-11     9.7088     90.530      3.826   2.852632    -0.0572     10.223   689.6322 1.4203e+03     1.7347     -0.585     -0.849    12.2829 0.0000e+00
     -0.596 2.6569e-10     9.6956     90.568      3.635   2.710595    -0.0520     12.093  -235.8713 1.5708e+03     1.8442     -0.585     -0.848    12.2819 0.0000e+00
     -0.597 2.9226e-09     9.6965     90.568      3.532   2.634184    -0.0574     13.598  -701.1433 1.6633e+03     1.8432     -0.585     -0.850    12.2810 0.0000e+00
     -0.597 3.2148e-08     9.6926     90.537      3.521   2.625572    -0.0814     14.028  -626.3975 1.6731e+03     1.8251     -0.587     -0.851    12.2801 0.0000e+00
     -0.597 3.5363e-07     9.6921     90.535      3.496   2.606465    -0.0922     14.037  -542.1824 1.6388e+03     1.8302     -0.586     -0.849    12.2795 0.0000e+00
     -0.597      0.000     9.7005     90.419      3.478   2.593203    -0.0790     14.157  -567.3894 1.6040e+03     1.8710     -0.585     -0.850    12.2790 0.0000e+00
     -0.597      0.000     9.7039     90.296      3.728   2.781957    -0.0130     14.447  -635.7144 1.5837e+03     2.2164     -0.586     -0.849    12.2785 0.0000e+00
     -0.597      0.001     9.6875     90.370      4.994   3.748414     0.5630     14.731  -684.1964 1.6101e+03     5.4595     -0.585     -0.848    12.2776 0.0000e+00
     -0.597      0.003     9.7042     90.367      8.585   6.549781     1.6176     14.890  -698.6056 1.6815e+03    11.3977     -0.586     -0.849    12.2774 0.0000e+00
     -0.597      0.007     9.6901     90.248     14.810  11.499687     2.2010     14.867  -672.0126 1.7580e+03    14.7137     -0.585     -0.848    12.2758 0.0000e+00
     -0.597      0.014     9.6475     90.219     21.703  17.084369     2.2568     14.622  -632.3097 1.6121e+03    14.9812     -0.586     -0.849    12.2765 0.0000e+00
     -0.595      0.026     9.6909     90.199     28.743  22.861411     2.2591     13.728  -663.8153 1.0925e+03    14.5975     -0.585     -0.849    12.2771 0.0000e+00
     -0.588      0.045     9.5911     89.974     35.080  28.090396     2.2871     12.161  -548.2374 5.8900e+02    11.3377     -0.578     -0.839    12.6986 0.0000e+00
     -0.576      0.072     9.3745     89.844     37.705  30.335310     2.3535     10.891  -165.8123 4.8172e+02     5.4568     -0.564     -0.818    13.6103 0.0000e+00
     -0.561      0.100     9.2266     90.284     37.708  30.471306     2.3962     10.257    65.4870 9.2792e+02     2.2126     -0.553     -0.803    14.3233 0.0000e+00
     -0.535      0.124     9.1611     91.199     37.495  30.432648     2.3952      9.931    78.2145 1.6672e+03     1.8653     -0.533     -0.773    14.7449 0.0000e+00
     -0.492      0.140     9.0630     91.858     37.284  30.375543     2.4580      9.773    86.6760 2.0749e+03     1.7012     -0.486     -0.705    15.0427 0.0000e+00
     -0.438      0.149     8.9858     91.711     37.157  30.351888     2.6153      9.702    93.9730 2.1579e+03     1.5614     -0.426     -0.618    15.2275 0.0000e+00
     -0.389      0.154     9.0073     91.395     37.077  30.337037     2.7230      9.675    92.3610 2.1967e+03     1.5758     -0.375     -0.544    15.3958 0.0000e+00
     -0.355      0.158     9.0806     91.299     37.018  30.322899     2.7447      9.673    86.8034 2.2117e+03     1.6356     -0.344     -0.499    15.5878 0.0000e+00
     -0.329      0.161     9.1682     91.164     36.978  30.307856     2.7197      9.689    78.7439 2.2102e+03     1.6360     -0.324     -0.470    15.7536 0.0000e+00
     -0.298      0.163     9.0738     90.976     36.954  30.282043     2.6706      9.720    68.5639 2.1933e+03     1.6822     -0.297     -0.431    15.8505 0.0000e+00
     -0.253      0.163     9.0205     90.899     36.986  30.264529     2.6587      9.758    61.2000 2.1701e+03     1.8195     -0.253     -0.367    15.9158 0.0000e+00
     -0.196      0.159     9.0283     91.096     37.021  30.222912     2.7008      9.798    58.9686 2.1640e+03     1.8955     -0.191     -0.278    15.9581 0.0000e+00
     -0.141      0.146     8.9994     91.596     37.031  30.159365     2.9208      9.838    58.7069 2.1344e+03     1.7805     -0.131     -0.190    15.9874 0.0000e+00
     -0.101      0.123     8.9790     92.263     37.065  30.130424     3.2969      9.877    58.8094 1.6634e+03     1.5569     -0.094     -0.136    15.9906 0.0000e+00
     -0.076      0.093     8.9730     92.843     37.109  30.126654     3.5028      9.911    59.6922 8.7999e+02     1.4459     -0.070     -0.102    15.9244 0.0000e+00
     -0.063      0.064     9.0162     93.274     37.124  30.113734     3.5295      9.941    68.0041 4.8170e+02     1.4973     -0.059     -0.086    15.8126 0.0000e+00
     -0.057      0.042     9.0874     93.728     37.127  30.101048     3.5531      9.971    76.0221 3.1565e+02     1.5975     -0.055     -0.079    15.7088 0.0000e+00
     -0.056      0.030     9.1828     94.181     37.120  30.100121     3.5725     10.004    70.1675 1.9355e+02     1.6670     -0.055     -0.080    15.6325 0.0000e+00
     -0.053      0.026     9.2532     94.362     37.086  30.102527     3.5807     10.039    70.6943 3.6633e+02     1.7231     -0.055     -0.081    15.5828 0.0000e+00
     -0.045      0.028     9.2906     94.257     37.066  30.130172     3.5935     10.073    79.5519 5.5307e+02     1.7976     -0.042     -0.062    15.5511 0.0000e+00
     -0.037      0.032     9.3398     94.143     37.073  30.180692     3.5108     10.105    81.3302 3.6774e+02     1.8503     -0.036     -0.052    15.5253 0.0000e+00
     -0.029      0.034     9.4031     94.060     37.051  30.205955     3.3132     10.134    79.8920 1.5765e+02     1.8143     -0.031     -0.045    15.5254 0.0000e+00
     -0.017      0.030     9.4111     93.880     36.968  30.181939     3.1937     10.160    71.8847 1.3390e+02     1.7029     -0.015     -0.022    15.5766 0.0000e+00
     -0.005      0.022     9.3709     93.923     36.872  30.144102     3.1886     10.185    64.0150 1.2205e+02     1.6990     -0.003     -0.004    15.6425 0.0000e+00
      0.003      0.012     9.3441     94.443     36.815  30.129125     3.2106     10.211    62.6058 1.1495e+02     1.8010      0.005      0.007    15.7011 0.0000e+00
      0.003      0.002     9.3433     94.987     36.788  30.127760     3.3184     10.236    62.6761 1.1439e+02     1.8098      0.005      0.007    15.7585 0.0000e+00
     -0.001     -0.006     9.2935     95.021     36.773  30.127625     3.5100     10.258    70.5431 1.1308e+02     1.7371     -0.000     -0.002    15.8187 0.0000e+00
     -0.008     -0.010     9.2655     94.356     36.764  30.127510     3.6212     10.279    85.5391 1.1635e+02     1.7081     -0.007     -0.012    15.8773 0.0000e+00
     -0.016     -0.009     9.3382     93.072     36.759  30.126365     3.6478     10.300    93.6801 1.2227e+02     1.7655     -0.017     -0.025    15.9210 0.0000e+00
     -0.019     -0.005     9.4056     91.402     36.743  30.113793     3.6901     10.318    94.2938 1.2008e+02     1.7819     -0.021     -0.031    15.9486 0.0000e+00
     -0.018      0.001     9.4106     89.568     36.730  30.102363     3.7241     10.335    93.8197 1.1327e+02     1.6336     -0.019     -0.027    15.9639 0.0000e+00
     -0.013      0.007     9.3407     87.650     36.747  30.115028     3.7098     10.350    89.4099 1.0947e+02     1.4758     -0.013     -0.019    15.9723 0.0000e+00
     -0.009      0.013     9.2029     85.716     36.779  30.140057     3.6914     10.364    79.5210 1.0827e+02     1.4451     -0.008     -0.012    15.9762 0.0000e+00
     -0.007      0.017     9.0297     84.041     36.791  30.151257     3.6933     10.376    75.4355 1.0764e+02     1.5016     -0.008     -0.011    15.9752 0.0000e+00
     -0.004      0.019     8.8460     82.872     36.753  30.123587     3.6916     10.389    83.2901 1.0454e+02     1.5783     -0.005     -0.007    15.9746 0.0000e+00
      0.002      0.020     8.6603     82.205     36.673  30.059231     3.6786     10.404    91.2054 1.0060e+02     1.5528      0.001      0.002    15.9729 0.0000e+00
      0.009      0.019     8.4551     81.796     36.614  30.007466     3.6616     10.417    93.2729 1.0097e+02     1.4658      0.008      0.012    15.9692 0.0000e+00
      0.016      0.014     8.2798     81.435     36.619  30.005159     3.7017     10.429    93.2309 1.0352e+02     1.5514      0.016      0.023    15.9711 0.0000e+00
      0.022      0.007     8.1634     81.170     36.654  30.031333     3.7973     10.439    92.2466 1.0445e+02     1.7682      0.022      0.033    15.9776 0.0000e+00
      0.025      0.000     8.1065     81.068     36.698  30.070192     3.8443     10.448    85.2434 1.0440e+02     1.9012      0.027      0.040    15.9822 0.0000e+00
      0.022     -0.005     8.0804     81.129     36.722  30.094409     3.8373     10.456    73.0850 1.0622e+02     1.8954      0.024      0.034    15.9769 0.0000e+00
      0.013     -0.006     8.0377     81.290     36.690  30.070418     3.8288     10.463    72.5786 1.1059e+02     1.8346      0.011      0.017    15.9637 0.0000e+00
      0.004     -0.005     8.0131     81.429     36.647  30.033847     3.8664     10.470    84.1974 1.1297e+02     1.8492      0.001      0.002    15.9572 0.0000e+00
      0.004     -0.002     8.0004     81.480     36.649  30.032827     3.9506     10.480    90.7029 1.1135e+02     1.8673      0.001      0.001    15.9644 0.0000e+00
      0.010      0.003     8.0068     81.440     36.680  30.058086     3.9900     10.491    90.9223 1.0954e+02     1.8147      0.011      0.016    15.9746 0.0000e+00
      0.016      0.008     8.0284     81.297     36.710  30.085517     3.9758     10.502    90.4641 1.0907e+02     1.7597      0.019      0.027    15.9783 0.0000e+00
      0.017      0.010     8.0444     81.041     36.737  30.110765     3.9293     10.513    89.3794 1.0712e+02     1.7819      0.018      0.026    15.9731 0.0000e+00
      0.017      0.010     8.0504     80.778     36.734  30.109630     3.8687     10.521    82.9689 1.0293e+02     1.9128      0.016      0.023    15.9672 0.0000e+00
      0.019      0.007     8.0446     80.595     36.689  30.071799     3.8427     10.527    71.1170 9.9570e+01     1.9413      0.018      0.026    15.9695 0.0000e+00
      0.022      0.005     8.0349     80.537     36.646  30.033950     3.8223     10.531    63.6093 9.8568e+01     1.8198      0.023      0.033    15.9744 0.0000e+00
      0.026      0.004     8.0005     80.677     36.645  30.032598     3.8135     10.535    61.6268 9.8835e+01     1.7760      0.026      0.038    15.9780 0.0000e+00
      0.027      0.003     7.9722     81.048     36.671  30.055445     3.8370     10.540    60.4828 1.0016e+02     1.8215      0.028      0.040    15.9806 0.0000e+00
      0.026      0.002     7.9550     81.639     36.670  30.056464     3.8482     10.546    59.5866 1.0169e+02     1.8579      0.025      0.036    15.9787 0.0000e+00
      0.024      0.001     7.9445     82.384     36.655  30.044919     3.8403     10.551    58.8784 1.0211e+02     1.8064      0.023      0.034    15.9736 0.0000e+00
      0.024      0.000     7.9594     83.157     36.653  30.042726     3.8422     10.556    58.3738 1.0151e+02     1.6421      0.024      0.034    15.9722 0.0000e+00
      0.025     -0.001     7.9949     83.826     36.640  30.029946     3.8705     10.561    57.9593 9.9454e+01     1.5456      0.023      0.033    15.9744 0.0000e+00
      0.026     -0.002     8.0551     84.308     36.627  30.017251     3.9081     10.566    57.4788 9.6885e+01     1.5959      0.025      0.037    15.9777 0.0000e+00
      0.027     -0.003     8.1333     84.596     36.626  30.016098     3.9226     10.571    57.0385 9.5385e+01     1.6358      0.028      0.041    15.9807 0.0000e+00
      0.026     -0.003     8.2145     84.750     36.626  30.016003     3.8955     10.576    56.7665 9.5238e+01     1.6175      0.027      0.039    15.9802 0.0000e+00
      0.021     -0.003     8.2842     84.803     36.630  30.016108     3.8465     10.581    56.5137 9.6998e+01     1.6138      0.021      0.031    15.9757 0.0000e+00
      0.018     -0.004     8.3334     84.748     36.641  30.017366     3.8302     10.585    56.2181 9.8179e+01     1.6938      0.015      0.022    15.9716 0.0000e+00
      0.019     -0.004     8.3581     84.608     36.667  30.031206     3.8476     10.590    56.5481 9.7491e+01     1.8328      0.017      0.024    15.9717 0.0000e+00
      0.023     -0.004     8.3718     84.430     36.701  30.056570     3.8406     10.596    64.5469 9.7675e+01     1.8598      0.024      0.034    15.9734 0.0000e+00
      0.024     -0.002     8.3788     84.246     36.716  30.070305     3.8123     10.604    79.3684 9.8617e+01     1.7811      0.026      0.037    15.9709 0.0000e+00
      0.019      0.003     8.3745     84.082     36.715  30.070408     3.8056     10.614    86.8189 9.9178e+01     1.7353      0.019      0.028    15.9588 0.0000e+00
      0.014      0.007     8.3609     83.912     36.703  30.057828     3.8262     10.624    86.4017 9.8895e+01     1.7507      0.010      0.016    15.9440 0.0000e+00
      0.014      0.012     8.3437     83.720     36.693  30.045048     3.8615     10.633    85.2513 9.6631e+01     1.7960      0.011      0.017    15.9412 0.0000e+00
      0.022      0.017     8.3224     83.568     36.694  30.042752     3.8828     10.640    84.5244 9.4073e+01     1.7713      0.022      0.032    15.9469 0.0000e+00
      0.032      0.022     8.3066     83.443     36.678  30.030065     3.8837     10.646    84.3230 9.2910e+01     1.7249      0.033      0.048    15.9501 0.0000e+00
      0.042      0.022     8.2944     83.308     36.661  30.018512     3.8878     10.652    84.1932 9.1560e+01     1.7819      0.042      0.060    15.9457 0.0000e+00
      0.048      0.017     8.2704     83.218     36.671  30.029938     3.9000     10.658    84.1603 9.0125e+01     1.8455      0.048      0.070    15.9358 0.0000e+00
      0.051      0.011     8.2587     83.195     36.682  30.041357     3.9066     10.663    84.1828 8.9505e+01     1.8103      0.051      0.074    15.9309 0.0000e+00
      0.051      0.004     8.2491     83.195     36.668  30.029709     3.9007     10.669    84.1210 8.9436e+01     1.7319      0.051      0.074    15.9328 0.0000e+00
      0.050     -0.001     8.2304     83.175     36.653  30.015974     3.8874     10.674    84.1013 8.9951e+01     1.7165      0.048      0.070    15.9371 0.0000e+00
      0.048     -0.004     8.2203     83.111     36.638  30.002144     3.8873     10.680    84.0314 9.0627e+01     1.7951      0.047      0.068    15.9422 0.0000e+00
      0.047     -0.006     8.2195     82.996     36.624  29.989361     3.8906     10.686    83.8781 9.1079e+01     1.8293      0.046      0.067    15.9457 0.0000e+00
