Data/DataNotYetUploadedToEDI/Raw_CTD/RawDownloads/040626_fcr10_S7809012.cnv
* Sea-Bird SBE19plus  Data File:
* FileName = C:\R\Reservoirs\Data\DataNotYetUploadedToEDI\Raw_CTD\RawDownloads\051126_FCR_50_S7809_0012.hex
* Software version 2.8.0.119
* Temperature SN = 7809
* Conductivity SN = 7809
* System UpLoad Time = May 11 2026 15:35:29
* <ApplicationData>
* <Seaterm232>
# nquan = 15
# nvalues = 942                         
# units = specified
# name 0 = depFM: Depth [fresh water, m]
# name 1 = dz/dtM: Descent Rate [m/s]
# name 2 = sbeox0Mg/L: Oxygen, SBE 43 [mg/l]
# name 3 = sbeox0PS: Oxygen, SBE 43 [% saturation]
# name 4 = specc: Specific Conductance [uS/cm]
# name 5 = c0uS/cm: Conductivity [uS/cm]
# name 6 = flECO-AFL: Fluorescence, WET Labs ECO-AFL/FL [mg/m^3]
# name 7 = ph: pH
# name 8 = orp: Oxidation Reduction Potential [mV]
# name 9 = par/sat/log: PAR/Logarithmic, Satlantic
# name 10 = turbWETntu0: Turbidity, WET Labs ECO [NTU]
# name 11 = prdM: Pressure, Strain Gauge [db]
# name 12 = prdE: Pressure, Strain Gauge [psi]
# name 13 = tv290C: Temperature [ITS-90, deg C]
# name 14 = flag:  0.000e+00
# span 0 =     -0.603,      2.618       
# span 1 =     -0.172,      0.247       
# span 2 =     2.8872,    13.0678       
# span 3 =     26.813,    124.958       
# span 4 =      8.787,    107.266       
# span 5 =   6.668913,  78.013508       
# span 6 =    -0.0927,    34.7817       
# span 7 =     -0.386,     11.773       
# span 8 =  -230.7897,  1205.7596       
# span 9 = 1.2108e+01, 2.0334e+03       
# span 10 =    -0.1904,   180.5434      
# span 11 =     -0.593,      2.567      
# span 12 =     -0.859,      3.724      
# span 13 =    11.3289,    14.7676      
# span 14 = 0.0000e+00, 0.0000e+00      
# interval = seconds: 0.25
# start_time = Apr 06 2026 10:59:32 [Instrument's time stamp, header]
# bad_flag = -9.990e-29
*END*
[from data line 675]
      1.412      0.007    13.0002    123.219     37.782  28.710181    13.5419     11.751    72.1444 2.0919e+02     2.5557      1.384      2.007    13.0230 0.0000e+00
      1.410      0.012    13.0092    123.122     37.780  28.701986    13.4309     11.755    72.4411 2.0890e+02     2.6180      1.380      2.002    13.0079 0.0000e+00
      1.412      0.019    13.0110    123.007     37.754  28.670744    13.3562     11.757    72.8572 2.0774e+02     2.5674      1.383      2.006    12.9995 0.0000e+00
      1.420      0.028    12.9995    122.856     37.747  28.649572    13.3299     11.758    73.1317 2.0482e+02     2.4903      1.391      2.018    12.9970 0.0000e+00
      1.432      0.033    12.9793    122.708     37.749  28.636253    13.3125     11.760    73.1796 2.0272e+02     2.5067      1.404      2.036    12.9933 0.0000e+00
      1.445      0.035    12.9782    122.553     37.764  28.636553    13.3049     11.760    73.0919 2.0124e+02     2.5599      1.418      2.056    12.9851 0.0000e+00
      1.457      0.032    12.9711    122.403     37.798  28.653188    13.3036     11.760    73.1038 1.9867e+02     2.5872      1.431      2.075    12.9690 0.0000e+00
      1.464      0.027    12.9577    122.290     37.802  28.647098    13.2971     11.762    73.3228 1.9716e+02     2.5627      1.438      2.085    12.9449 0.0000e+00
      1.468      0.022    12.9514    122.190     37.787  28.626332    13.2431     11.766    73.5895 1.9737e+02     2.5035      1.440      2.088    12.9241 0.0000e+00
      1.470      0.018    12.9372    122.075     37.755  28.592372    13.1840     11.768    73.7474 1.9617e+02     2.5203      1.442      2.091    12.9119 0.0000e+00
      1.473      0.015    12.9223    121.962     37.717  28.553633    13.1815     11.769    73.9411 1.9522e+02     2.5947      1.444      2.095    12.9002 0.0000e+00
      1.477      0.014    12.9159    121.850     37.711  28.538502    13.1795     11.771    74.1256 1.9484e+02     2.5827      1.447      2.099    12.8881 0.0000e+00
      1.482      0.015    12.9109    121.689     37.721  28.536268    13.1341     11.773    73.9981 1.9323e+02     2.5132      1.453      2.108    12.8758 0.0000e+00
      1.486      0.017    12.9004    121.455     37.721  28.526606    13.0574     11.773    73.6911 1.9268e+02     2.5057      1.458      2.115    12.8627 0.0000e+00
      1.490      0.019    12.8921    121.195     37.677  28.485099    13.0013     11.773    73.4244 1.9295e+02     2.5256      1.461      2.118    12.8507 0.0000e+00
      1.494      0.019    12.8864    120.915     37.597  28.414970    12.9963     11.773    73.3548 1.9190e+02     2.5495      1.464      2.124    12.8358 0.0000e+00
      1.500      0.018    12.8768    120.594     37.565  28.376389    12.9894     11.772    73.5374 1.9010e+02     2.5204      1.470      2.132    12.8207 0.0000e+00
      1.506      0.016    12.8505    120.211     37.617  28.399178    12.9763     11.770    73.5674 1.8807e+02     2.4812      1.478      2.144    12.8095 0.0000e+00
      1.511      0.014    12.8260    119.765     37.684  28.436774    12.9871     11.769    73.3736 1.8588e+02     2.5544      1.483      2.151    12.8008 0.0000e+00
      1.514      0.011    12.8021    119.340     37.712  28.450374    13.0031     11.769    73.3456 1.8397e+02     2.6198      1.485      2.153    12.7884 0.0000e+00
      1.515      0.009    12.7726    119.007     37.696  28.436752    13.0039     11.770    73.5723 1.8266e+02     2.6229      1.486      2.155    12.7672 0.0000e+00
      1.516      0.009    12.7429    118.776     37.648  28.398924    12.9808     11.770    73.7925 1.8206e+02     2.5917      1.486      2.156    12.7438 0.0000e+00
      1.517      0.011    12.6941    118.586     37.622  28.373563    12.9475     11.770    73.8566 1.8130e+02     2.5506      1.487      2.157    12.7235 0.0000e+00
      1.519      0.015    12.6508    118.350     37.645  28.383818    12.9342     11.770    73.9171 1.8077e+02     2.5692      1.489      2.160    12.7134 0.0000e+00
      1.523      0.020    12.6139    118.068     37.668  28.396057    12.9452     11.770    74.0070 1.8076e+02     2.5780      1.493      2.165    12.7162 0.0000e+00
      1.529      0.024    12.5911    117.825     37.670  28.394685    12.9896     11.769    73.9977 1.8058e+02     2.5199      1.500      2.174    12.7165 0.0000e+00
      1.537      0.026    12.5797    117.688     37.639  28.367224    13.0542     11.767    73.9768 1.7990e+02     2.4819      1.507      2.185    12.7061 0.0000e+00
      1.547      0.026    12.5567    117.619     37.583  28.317741    13.0938     11.765    74.0984 1.7924e+02     2.5283      1.518      2.201    12.6945 0.0000e+00
      1.557      0.024    12.5255    117.587     37.576  28.303801    13.1109     11.763    74.2643 1.7953e+02     2.6032      1.528      2.216    12.6884 0.0000e+00
      1.562      0.020    12.4950    117.608     37.618  28.325524    13.1111     11.763    74.2613 1.7995e+02     2.5675      1.532      2.222    12.6861 0.0000e+00
      1.566      0.015    12.4866    117.690     37.632  28.326669    13.0964     11.764    74.1488 1.8077e+02     2.4723      1.535      2.227    12.6817 0.0000e+00
      1.568      0.012    12.4823    117.790     37.628  28.317632    13.0991     11.765    74.1078 1.8203e+02     2.5111      1.537      2.230    12.6726 0.0000e+00
      1.568      0.011    12.4813    117.845     37.666  28.343105    13.1110     11.765    74.1101 1.8325e+02     2.5916      1.538      2.231    12.6595 0.0000e+00
      1.569      0.013    12.4871    117.824     37.714  28.380942    13.1396     11.764    74.2626 1.8543e+02     2.5917      1.537      2.230    12.6442 0.0000e+00
      1.572      0.016    12.5010    117.700     37.726  28.394553    13.1954     11.763    74.4877 1.8691e+02     2.5471      1.540      2.234    12.6321 0.0000e+00
      1.577      0.020    12.5177    117.496     37.702  28.380819    13.2197     11.762    74.5950 1.8619e+02     2.4620      1.546      2.242    12.6234 0.0000e+00
      1.583      0.024    12.5244    117.252     37.647  28.341751    13.2173     11.761    74.6995 1.8433e+02     2.4510      1.552      2.252    12.6193 0.0000e+00
      1.591      0.025    12.5236    116.962     37.596  28.302761    13.2244     11.761    74.8055 1.8291e+02     2.5515      1.560      2.262    12.6225 0.0000e+00
      1.600      0.024    12.5075    116.703     37.584  28.289952    13.2474     11.761    74.8439 1.8291e+02     2.5839      1.569      2.275    12.6291 0.0000e+00
      1.606      0.021    12.4800    116.568     37.623  28.313741    13.2878     11.762    74.7338 1.8312e+02     2.4671      1.577      2.288    12.6361 0.0000e+00
      1.611      0.017    12.4566    116.530     37.661  28.336673    13.3126     11.763    74.5074 1.8348e+02     2.3682      1.581      2.293    12.6404 0.0000e+00
      1.615      0.015    12.4229    116.578     37.637  28.313503    13.3229     11.763    74.4292 1.8416e+02     2.4467      1.584      2.297    12.6383 0.0000e+00
      1.617      0.014    12.3893    116.702     37.608  28.287302    13.3793     11.763    74.5622 1.8522e+02     2.5967      1.586      2.300    12.6327 0.0000e+00
      1.618      0.017    12.3829    116.837     37.593  28.273579    13.4617     11.762    74.6529 1.8647e+02     2.6109      1.586      2.301    12.6252 0.0000e+00
      1.620      0.022    12.3798    116.960     37.596  28.274430    13.4867     11.762    74.6657 1.8644e+02     2.5159      1.587      2.302    12.6176 0.0000e+00
      1.626      0.027    12.3856    117.044     37.626  28.297589    13.4807     11.761    74.7164 1.8478e+02     2.4727      1.593      2.311    12.6106 0.0000e+00
      1.636      0.030    12.4059    117.005     37.628  28.299882    13.5472     11.760    74.7505 1.8212e+02     2.4983      1.603      2.326    12.6045 0.0000e+00
      1.649      0.030    12.4208    116.860     37.632  28.302160    13.6755     11.759    74.8193 1.7958e+02     2.5184      1.617      2.346    12.6013 0.0000e+00
      1.661      0.028    12.4328    116.680     37.666  28.325129    13.7340     11.759    74.9461 1.7848e+02     2.4764      1.630      2.365    12.5998 0.0000e+00
      1.667      0.025    12.4496    116.508     37.667  28.323880    13.7221     11.759    74.9924 1.7780e+02     2.4347      1.636      2.373    12.5999 0.0000e+00
      1.669      0.022    12.4417    116.389     37.620  28.287065    13.7149     11.758    75.0358 1.7649e+02     2.4920      1.637      2.374    12.6021 0.0000e+00
      1.670      0.021    12.4223    116.329     37.586  28.260559    13.6969     11.756    75.2129 1.7614e+02     2.5548      1.637      2.375    12.6023 0.0000e+00
      1.674      0.021    12.4052    116.298     37.583  28.257110    13.6779     11.755    75.4131 1.7598e+02     2.5111      1.639      2.378    12.5979 0.0000e+00
      1.682      0.025    12.3839    116.260     37.571  28.245359    13.6766     11.753    75.4771 1.7504e+02     2.4413      1.649      2.392    12.5940 0.0000e+00
      1.690      0.030    12.3729    116.176     37.576  28.245329    13.6984     11.750    75.3845 1.7401e+02     2.4623      1.660      2.407    12.5923 0.0000e+00
      1.697      0.034    12.3680    116.037     37.600  28.256747    13.7586     11.747    75.3260 1.7302e+02     2.5600      1.663      2.414    12.5909 0.0000e+00
      1.706      0.037    12.3660    115.864     37.608  28.256547    13.8057     11.746    75.4585 1.7172e+02     2.5640      1.672      2.425    12.5898 0.0000e+00
      1.716      0.039    12.3647    115.646     37.595  28.242909    13.8012     11.744    75.6095 1.6966e+02     2.4770      1.683      2.442    12.5873 0.0000e+00
      1.727      0.041    12.3578    115.373     37.567  28.218700    13.7709     11.742    75.6035 1.6727e+02     2.4636      1.693      2.456    12.5820 0.0000e+00
      1.738      0.041    12.3433    115.094     37.570  28.217548    13.6646     11.741    75.5573 1.6551e+02     2.5728      1.705      2.472    12.5733 0.0000e+00
      1.750      0.040    12.3290    114.926     37.590  28.228975    13.5064     11.741    75.5678 1.6399e+02     2.7389      1.717      2.490    12.5634 0.0000e+00
      1.760      0.039    12.3077    114.922     37.595  28.230005    13.4229     11.740    75.5574 1.6184e+02     2.7974      1.727      2.505    12.5578 0.0000e+00
      1.770      0.037    12.2787    115.023     37.600  28.229995    13.3698     11.738    75.6045 1.6029e+02     2.7338      1.737      2.519    12.5555 0.0000e+00
      1.778      0.035    12.2437    115.163     37.604  28.228851    13.1726     11.737    75.7934 1.5930e+02     2.7218      1.744      2.530    12.5507 0.0000e+00
      1.786      0.033    12.2249    115.294     37.593  28.216167    12.8613     11.736    76.0341 1.5770e+02     2.7893      1.750      2.538    12.5449 0.0000e+00
      1.795      0.030    12.2295    115.390     37.583  28.203491    12.6939     11.734    76.4491 1.5605e+02     2.8324      1.760      2.554    12.5412 0.0000e+00
      1.803      0.026    12.2436    115.442     37.589  28.202433    12.6719     11.732    77.0262 1.5468e+02     2.7981      1.769      2.567    12.5375 0.0000e+00
      1.810      0.023    12.2623    115.456     37.598  28.203368    12.6121     11.731    77.5049 1.5349e+02     2.6485      1.775      2.575    12.5302 0.0000e+00
      1.816      0.019    12.2783    115.421     37.618  28.214793    12.5281     11.729    77.8493 1.5279e+02     2.5265      1.781      2.585    12.5249 0.0000e+00
      1.819      0.016    12.2910    115.366     37.620  28.213699    12.5047     11.727    78.1786 1.5248e+02     2.5530      1.784      2.588    12.5205 0.0000e+00
      1.821      0.015    12.2972    115.329     37.592  28.190148    12.4964     11.726    78.5615 1.5282e+02     2.5593      1.786      2.591    12.5112 0.0000e+00
      1.823      0.015    12.3029    115.270     37.589  28.183745    12.4282     11.724    78.8645 1.5319e+02     2.4660      1.788      2.593    12.5030 0.0000e+00
      1.827      0.016    12.2995    115.161     37.617  28.199699    12.3375     11.723    79.0893 1.5229e+02     2.3805      1.791      2.597    12.4985 0.0000e+00
      1.832      0.017    12.2905    115.052     37.614  28.192761    12.3067     11.720    79.2152 1.5068e+02     2.4141      1.796      2.605    12.4953 0.0000e+00
      1.838      0.019    12.2912    114.970     37.581  28.163273    12.3219     11.717    79.1819 1.4925e+02     2.5305      1.802      2.614    12.4922 0.0000e+00
      1.844      0.020    12.2879    114.904     37.584  28.160294    12.3130     11.715    79.2025 1.4812e+02     2.5583      1.809      2.624    12.4874 0.0000e+00
      1.848      0.022    12.2750    114.859     37.585  28.156749    12.2827     11.714    79.2927 1.4739e+02     2.5790      1.812      2.629    12.4799 0.0000e+00
      1.852      0.025    12.2638    114.817     37.544  28.120395    12.2714     11.713    79.3262 1.4703e+02     2.7468      1.815      2.633    12.4735 0.0000e+00
      1.858      0.027    12.2589    114.745     37.529  28.101304    12.2853     11.711    79.3488 1.4657e+02     2.8799      1.823      2.644    12.4675 0.0000e+00
      1.865      0.027    12.2518    114.649     37.566  28.116200    12.3007     11.709    79.3943 1.4526e+02     2.8555      1.828      2.651    12.4612 0.0000e+00
      1.875      0.027    12.2498    114.505     37.575  28.110207    12.3246     11.708    79.3597 1.4311e+02     2.7593      1.837      2.665    12.4540 0.0000e+00
      1.885      0.027    12.2498    114.260     37.561  28.092256    12.3495     11.706    79.3597 1.4145e+02     2.7070      1.851      2.685    12.4483 0.0000e+00
      1.892      0.027    12.2426    113.950     37.560  28.089429    12.3677     11.704    79.4808 1.4086e+02     2.7358      1.857      2.693    12.4393 0.0000e+00
      1.895      0.027    12.2387    113.660     37.543  28.076025    12.3875     11.702    79.6195 1.4054e+02     2.7318      1.858      2.694    12.4185 0.0000e+00
      1.899      0.028    12.2327    113.385     37.525  28.057037    12.3139     11.699    79.8316 1.3970e+02     2.6253      1.861      2.700    12.3995 0.0000e+00
      1.905      0.031    12.2078    113.123     37.537  28.050118    12.1434     11.697    80.0674 1.3799e+02     2.4728      1.867      2.708    12.3904 0.0000e+00
      1.914      0.034    12.1687    112.933     37.573  28.055781    12.0405     11.696    80.2332 1.3591e+02     2.4243      1.876      2.721    12.3878 0.0000e+00
      1.926      0.037    12.1397    112.823     37.606  28.062050    12.0185     11.693    80.3739 1.3416e+02     2.5174      1.889      2.740    12.3904 0.0000e+00
      1.938      0.038    12.1127    112.782     37.626  28.062471    11.8527     11.691    80.5640 1.3285e+02     2.6072      1.901      2.757    12.3870 0.0000e+00
      1.948      0.036    12.0854    112.802     37.641  28.060861    11.5339     11.690    80.7248 1.3190e+02     2.6569      1.911      2.771    12.3637 0.0000e+00
      1.957      0.032    12.0763    112.759     37.631  28.042568    11.3694     11.689    80.7690 1.3093e+02     2.7426      1.919      2.783    12.3296 0.0000e+00
      1.966      0.028    12.0718    112.492     37.631  28.031563    11.3611     11.686    80.7545 1.2979e+02     2.8226      1.929      2.797    12.3050 0.0000e+00
      1.972      0.025    12.0702    111.983     37.678  28.054639    11.2586     11.683    80.8077 1.2894e+02     2.7702      1.935      2.807    12.2882 0.0000e+00
      1.975      0.025    12.0823    111.319     37.712  28.067860    11.0625     11.681    80.9824 1.2830e+02     2.6226      1.937      2.809    12.2709 0.0000e+00
      1.979      0.025    12.0908    110.572     37.722  28.064550    10.9458     11.679    81.1457 1.2735e+02     2.5409      1.939      2.813    12.2560 0.0000e+00
      1.985      0.026    12.0655    109.771     37.755  28.078025    10.9296     11.676    81.3193 1.2633e+02     2.5684      1.946      2.822    12.2425 0.0000e+00
