Data/DataNotYetUploadedToEDI/Raw_CTD/RawDownloads/040626_FCR_20_S7809013.cnv
* Sea-Bird SBE19plus  Data File:
* FileName = C:\R\Reservoirs\Data\DataNotYetUploadedToEDI\Raw_CTD\RawDownloads\051126_FCR_50_S7809_0013.hex
* Software version 2.8.0.119
* Temperature SN = 7809
* Conductivity SN = 7809
* System UpLoad Time = May 11 2026 15:35:52
* <ApplicationData>
* <Seaterm232>
# nquan = 15
# nvalues = 717                         
# units = specified
# name 0 = depFM: Depth [fresh water, m]
# name 1 = dz/dtM: Descent Rate [m/s]
# name 2 = sbeox0Mg/L: Oxygen, SBE 43 [mg/l]
# name 3 = sbeox0PS: Oxygen, SBE 43 [% saturation]
# name 4 = specc: Specific Conductance [uS/cm]
# name 5 = c0uS/cm: Conductivity [uS/cm]
# name 6 = flECO-AFL: Fluorescence, WET Labs ECO-AFL/FL [mg/m^3]
# name 7 = ph: pH
# name 8 = orp: Oxidation Reduction Potential [mV]
# name 9 = par/sat/log: PAR/Logarithmic, Satlantic
# name 10 = turbWETntu0: Turbidity, WET Labs ECO [NTU]
# name 11 = prdM: Pressure, Strain Gauge [db]
# name 12 = prdE: Pressure, Strain Gauge [psi]
# name 13 = tv290C: Temperature [ITS-90, deg C]
# name 14 = flag:  0.000e+00
# span 0 =     -0.599,      2.934       
# span 1 =     -0.089,      0.179       
# span 2 =     6.9261,    13.5467       
# span 3 =     68.627,    131.127       
# span 4 =     22.850,     37.875       
# span 5 =  18.008369,  29.889045       
# span 6 =    -0.0983,   157.9086       
# span 7 =     11.134,     12.080       
# span 8 =     8.9771,    76.2533       
# span 9 = 3.2518e+01, 1.4053e+03       
# span 10 =     1.8430,   202.8699      
# span 11 =     -0.589,      2.877      
# span 12 =     -0.854,      4.173      
# span 13 =    10.5808,    15.3198      
# span 14 = 0.0000e+00, 0.0000e+00      
# interval = seconds: 0.25
# start_time = Apr 06 2026 11:21:57 [Instrument's time stamp, header]
# bad_flag = -9.990e-29
*END*
[from data line 193]
     -0.063     -0.023    11.1334    108.779     37.023  29.819420     3.7855     11.636    19.2924 7.4480e+01     2.0029     -0.059     -0.086    15.2687 0.0000e+00
     -0.078     -0.014    11.1448    108.024     37.023  29.821187     3.8297     11.636    19.4591 7.5248e+01     2.1220     -0.077     -0.112    15.2690 0.0000e+00
     -0.088     -0.004    11.0680    107.367     37.029  29.827586     3.8452     11.637    19.5661 7.5269e+01     2.1620     -0.094     -0.138    15.2668 0.0000e+00
     -0.082      0.006    10.9852    106.831     37.034  29.833361     3.8475     11.638    19.6406 7.4832e+01     2.0764     -0.083     -0.122    15.2655 0.0000e+00
     -0.067      0.013    10.9042    106.431     37.024  29.827588     3.8329     11.640    19.5854 7.3747e+01     1.9759     -0.063     -0.092    15.2675 0.0000e+00
     -0.057      0.015    10.8244    106.174     37.014  29.821208     3.8189     11.641    19.5014 7.2066e+01     2.0058     -0.053     -0.077    15.2701 0.0000e+00
     -0.053      0.011    10.7585    106.006     37.009  29.819657     3.8276     11.643    19.6574 7.1184e+01     2.0958     -0.050     -0.073    15.2720 0.0000e+00
     -0.053      0.003    10.7036    105.834     36.994  29.808843     3.8133     11.644    19.9217 7.1670e+01     2.0736     -0.052     -0.075    15.2742 0.0000e+00
     -0.057     -0.004    10.6617    105.599     37.004  29.817321     3.7534     11.645    20.0307 7.3175e+01     1.9764     -0.054     -0.079    15.2771 0.0000e+00
     -0.063     -0.009    10.6370    105.274     37.055  29.858735     3.7198     11.645    20.0283 7.4152e+01     1.9456     -0.062     -0.091    15.2800 0.0000e+00
     -0.067     -0.013    10.6250    104.906     37.063  29.865550     3.7148     11.645    20.0652 7.4224e+01     2.0088     -0.068     -0.098    15.2824 0.0000e+00
     -0.067     -0.016    10.6073    104.552     37.028  29.836289     3.7185     11.646    20.1330 7.4378e+01     2.0910     -0.066     -0.096    15.2843 0.0000e+00
     -0.067     -0.016    10.5870    104.250     37.010  29.822101     3.7225     11.648    20.2452 7.4806e+01     2.0856     -0.063     -0.093    15.2861 0.0000e+00
     -0.072     -0.011    10.5502    104.026     37.007  29.820862     3.7131     11.648    20.3898 7.5524e+01     2.0121     -0.067     -0.098    15.2867 0.0000e+00
     -0.082     -0.005    10.5118    103.886     37.006  29.821317     3.7223     11.648    20.4183 7.6191e+01     2.0218     -0.081     -0.118    15.2865 0.0000e+00
     -0.090      0.001    10.4754    103.864     37.013  29.827597     3.7755     11.648    20.4171 7.6482e+01     2.1003     -0.093     -0.135    15.2861 0.0000e+00
     -0.087      0.007    10.4432    103.976     37.022  29.833363     3.8400     11.649    20.6334 7.6039e+01     2.1418     -0.090     -0.130    15.2861 0.0000e+00
     -0.075      0.014    10.4219    104.160     37.019  29.827598     3.8523     11.650    20.9693 7.4827e+01     2.1141     -0.073     -0.106    15.2872 0.0000e+00
     -0.065      0.020    10.4054    104.309     37.014  29.821320     3.8243     11.650    21.1234 7.4086e+01     2.0045     -0.061     -0.088    15.2887 0.0000e+00
     -0.061      0.022    10.4019    104.404     37.014  29.820895     3.8106     11.651    21.2050 7.4057e+01     1.9100     -0.059     -0.086    15.2903 0.0000e+00
     -0.059      0.019    10.4151    104.460     37.015  29.822455     3.8194     11.652    21.4400 7.3389e+01     1.9277     -0.059     -0.085    15.2890 0.0000e+00
     -0.056      0.014    10.4413    104.443     37.038  29.840179     3.8384     11.653    21.6417 7.2625e+01     2.0129     -0.055     -0.080    15.2831 0.0000e+00
     -0.051      0.010    10.4566    104.385     37.045  29.844896     3.8417     11.654    21.6646 7.3187e+01     2.0529     -0.050     -0.072    15.2789 0.0000e+00
     -0.047      0.008    10.4634    104.348     37.010  29.816064     3.8262     11.655    21.7172 7.4328e+01     2.0007     -0.045     -0.065    15.2794 0.0000e+00
     -0.045      0.005    10.4732    104.327     37.001  29.808730     3.8334     11.655    21.8473 7.5108e+01     1.9965     -0.043     -0.062    15.2811 0.0000e+00
     -0.045      0.002    10.4690    104.300     37.014  29.819647     3.8538     11.656    21.9476 7.5470e+01     2.0702     -0.043     -0.062    15.2808 0.0000e+00
     -0.046     -0.001    10.4600    104.265     37.015  29.821207     3.8395     11.656    22.0687 7.5565e+01     2.0726     -0.045     -0.066    15.2789 0.0000e+00
     -0.048     -0.002    10.4584    104.233     37.022  29.827588     3.8107     11.656    22.1936 7.4431e+01     2.0256     -0.047     -0.069    15.2766 0.0000e+00
     -0.048     -0.002    10.4575    104.235     37.028  29.833362     3.8062     11.656    22.2540 7.2711e+01     2.0482     -0.047     -0.068    15.2759 0.0000e+00
     -0.049      0.000    10.4536    104.296     37.018  29.827596     3.8263     11.657    22.2824 7.2434e+01     2.1069     -0.048     -0.069    15.2778 0.0000e+00
     -0.049      0.002    10.4499    104.406     37.007  29.821310     3.8535     11.658    22.1920 7.2408e+01     2.0514     -0.048     -0.070    15.2798 0.0000e+00
     -0.049      0.005    10.4455    104.556     37.003  29.820790     3.8605     11.658    22.1079 7.2362e+01     1.9243     -0.049     -0.071    15.2803 0.0000e+00
     -0.047      0.008    10.4435    104.721     37.000  29.821309     3.9023     11.659    22.2984 7.2467e+01     1.9367     -0.047     -0.068    15.2798 0.0000e+00
     -0.044      0.013    10.4511    104.831     37.004  29.827585     4.0009     11.659    22.5162 6.9457e+01     2.0645     -0.043     -0.063    15.2828 0.0000e+00
     -0.040      0.020    10.4603    104.819     37.007  29.833247     4.0628     11.660    22.5898 6.4742e+01     2.1370     -0.040     -0.058    15.2883 0.0000e+00
     -0.036      0.028    10.4748    104.628     36.997  29.826337     4.0842     11.661    22.6723 6.1819e+01     2.0963     -0.035     -0.051    15.2918 0.0000e+00
     -0.029      0.037    10.4947    104.270     36.974  29.807476     4.0847     11.661    22.6533 5.8229e+01     2.0167     -0.029     -0.043    15.2943 0.0000e+00
     -0.019      0.043    10.5056    103.834     36.959  29.795490     4.0767     11.660    22.4463 5.6187e+01     1.9937     -0.021     -0.030    15.2992 0.0000e+00
     -0.005      0.047    10.5070    103.428     36.974  29.808281     4.0878     11.660    22.7508 5.7135e+01     2.0232     -0.007     -0.011    15.3051 0.0000e+00
      0.013      0.048    10.4864    103.107     37.006  29.835268     4.0781     11.661    28.9154 5.4318e+01     2.0327      0.013      0.018    15.3061 0.0000e+00
      0.029      0.047    10.4482    102.971     37.045  29.868065     4.0502     11.663    35.4634 4.9615e+01     1.9712      0.032      0.046    15.3044 0.0000e+00
      0.039      0.043    10.3986    103.116     37.070  29.887662     4.0583     11.665    31.2848 4.8445e+01     1.9286      0.039      0.056    15.3042 0.0000e+00
      0.045      0.035    10.3578    103.425     37.063  29.881915     4.1010     11.665    26.1445 4.7852e+01     1.9962      0.043      0.062    15.3056 0.0000e+00
      0.054      0.024    10.3228    103.776     37.038  29.862009     4.1344     11.665    31.7321 4.9632e+01     2.1052      0.052      0.075    15.3084 0.0000e+00
      0.063      0.013    10.2987    104.092     37.007  29.837280     4.1290     11.668    42.9182 5.5733e+01     2.1198      0.063      0.091    15.3102 0.0000e+00
      0.068      0.007    10.3244    104.302     37.006  29.836646     4.0851     11.673    47.9096 6.1946e+01     2.0363      0.069      0.102    15.3095 0.0000e+00
      0.066      0.007    10.3580    104.479     37.028  29.854352     4.0283     11.675    42.6960 6.7352e+01     1.9828      0.068      0.097    15.3082 0.0000e+00
      0.057      0.014    10.3941    104.660     37.036  29.861062     4.0078     11.675    33.2251 7.0094e+01     2.0195      0.056      0.080    15.3081 0.0000e+00
      0.051      0.026    10.4325    104.728     37.028  29.854342     4.0289     11.674    27.7834 6.9578e+01     2.0697      0.045      0.066    15.3088 0.0000e+00
      0.057      0.039    10.4471    104.670     37.006  29.836532     4.0596     11.671    26.8036 6.7434e+01     2.0440      0.051      0.074    15.3100 0.0000e+00
      0.077      0.050    10.4612    104.600     37.006  29.836012     4.0953     11.670    26.3689 6.4669e+01     1.9812      0.072      0.105    15.3106 0.0000e+00
      0.104      0.057    10.4882    104.535     37.021  29.848066     4.1279     11.670    26.0548 6.1433e+01     1.9941      0.105      0.152    15.3098 0.0000e+00
      0.128      0.059    10.4963    104.467     37.029  29.855410     4.1459     11.668    25.8456 5.6959e+01     2.0971      0.131      0.190    15.3091 0.0000e+00
      0.140      0.055    10.4816    104.435     37.034  29.861375     4.1383     11.667    25.7317 5.3575e+01     2.1342      0.139      0.202    15.3085 0.0000e+00
      0.145      0.046    10.4767    104.418     37.027  29.856760     4.1019     11.667    25.6244 5.0401e+01     2.0675      0.141      0.205    15.3082 0.0000e+00
      0.153      0.036    10.4717    104.387     37.034  29.863044     4.0637     11.667    25.4944 4.6767e+01     2.0420      0.147      0.214    15.3088 0.0000e+00
      0.163      0.030    10.4604    104.343     37.046  29.873915     4.0592     11.666    25.3644 4.4743e+01     2.0644      0.160      0.231    15.3101 0.0000e+00
      0.173      0.028    10.4590    104.255     37.030  29.861342     4.0723     11.666    25.2571 4.3676e+01     2.0309      0.172      0.249    15.3124 0.0000e+00
      0.179      0.029    10.4589    104.130     37.000  29.837890     4.0644     11.667    25.1436 4.3168e+01     1.9780      0.177      0.256    15.3145 0.0000e+00
      0.182      0.031    10.4528    104.010     37.008  29.844086     4.0465     11.667    25.0247 4.2105e+01     1.9720      0.177      0.257    15.3158 0.0000e+00
      0.187      0.034    10.4515    103.899     37.044  29.872825     4.0481     11.667    24.9372 4.0814e+01     1.9923      0.182      0.263    15.3169 0.0000e+00
      0.196      0.037    10.4422    103.821     37.039  29.868202     4.0675     11.668    24.8608 4.0081e+01     1.9847      0.192      0.278    15.3175 0.0000e+00
      0.208      0.041    10.4263    103.819     37.018  29.851631     4.0640     11.668    24.8757 3.8819e+01     1.9142      0.203      0.296    15.3176 0.0000e+00
      0.222      0.042    10.4162    103.899     37.032  29.862757     4.0308     11.668    25.0303 3.7879e+01     1.8911      0.217      0.316    15.3172 0.0000e+00
      0.236      0.042    10.4038    104.020     37.048  29.875868     4.0075     11.668    25.1816 3.7655e+01     1.9787      0.234      0.340    15.3166 0.0000e+00
      0.246      0.041    10.3942    104.161     37.056  29.883289     4.0075     11.668    25.2426 3.7185e+01     2.0510      0.243      0.353    15.3161 0.0000e+00
      0.253      0.039    10.3932    104.311     37.063  29.889045     4.0303     11.669    25.3371 3.6487e+01     2.0818      0.247      0.358    15.3164 0.0000e+00
      0.261      0.036    10.4035    104.396     37.053  29.882030     4.0581     11.669    25.4642 3.5694e+01     2.0782      0.255      0.370    15.3168 0.0000e+00
      0.272      0.031    10.4167    104.386     37.028  29.861905     4.0607     11.669    25.5748 3.5034e+01     2.0074      0.266      0.388    15.3169 0.0000e+00
      0.282      0.027    10.4289    104.305     36.996  29.836014     4.0618     11.668    25.7284 3.4803e+01     2.0109      0.276      0.401    15.3174 0.0000e+00
      0.290      0.022    10.4490    104.191     36.979  29.822718     4.1216     11.666    25.8581 3.4685e+01     2.1204      0.285      0.414    15.3181 0.0000e+00
      0.294      0.017    10.4580    104.105     36.986  29.828007     4.2169     11.666    25.9389 3.4432e+01     2.1707      0.290      0.421    15.3187 0.0000e+00
      0.295      0.012    10.4549    104.068     36.997  29.836529     4.2491     11.667    26.1025 3.4285e+01     2.1058      0.289      0.420    15.3194 0.0000e+00
      0.295      0.010    10.4467    104.075     37.029  29.862320     4.2191     11.667    26.3737 3.4356e+01     2.0194      0.289      0.419    15.3198 0.0000e+00
      0.296      0.010    10.4315    104.139     37.059  29.886119     4.1628     11.668    26.6373 3.4339e+01     2.0145      0.290      0.421    15.3198 0.0000e+00
      0.298      0.011    10.4228    104.251     37.040  29.870548     4.0844     11.669    26.7947 3.4222e+01     2.0807      0.291      0.423    15.3198 0.0000e+00
      0.302      0.012    10.4201    104.375     37.032  29.864352     4.0203     11.670    26.8134 3.4164e+01     2.1029      0.295      0.428    15.3193 0.0000e+00
      0.307      0.011    10.4193    104.470     37.045  29.874642     3.9871     11.670    26.8639 3.3889e+01     2.0432      0.301      0.436    15.3191 0.0000e+00
      0.312      0.010    10.4265    104.520     37.037  29.868100     3.9829     11.669    27.0616 3.3582e+01     2.0080      0.306      0.444    15.3190 0.0000e+00
      0.315      0.009    10.4391    104.522     37.012  29.848690     4.0028     11.669    27.3104 3.3719e+01     2.0539      0.311      0.451    15.3188 0.0000e+00
      0.315      0.008    10.4531    104.441     36.989  29.830247     4.0278     11.670    27.5489 3.3935e+01     2.1197      0.310      0.449    15.3185 0.0000e+00
      0.314      0.006    10.4637    104.255     36.995  29.835399     4.0268     11.671    27.7080 3.4053e+01     2.0862      0.307      0.445    15.3183 0.0000e+00
      0.314      0.004    10.4671    103.982     37.010  29.847545     3.9991     11.671    27.7718 3.4049e+01     1.9552      0.307      0.446    15.3189 0.0000e+00
      0.318      0.003    10.4701    103.678     37.014  29.850247     4.0089     11.671    27.8899 3.3877e+01     1.9369      0.312      0.452    15.3195 0.0000e+00
      0.321      0.003    10.4621    103.404     37.037  29.868065     4.0626     11.672    28.0183 3.4139e+01     2.0707      0.316      0.457    15.3197 0.0000e+00
      0.321      0.003    10.4431    103.180     37.044  29.872689     4.0901     11.672    28.0332 3.4840e+01     2.1379      0.316      0.458    15.3197 0.0000e+00
      0.320      0.003    10.4139    103.065     37.008  29.842714     4.0844     11.672    28.0698 3.5334e+01     2.0660      0.314      0.455    15.3196 0.0000e+00
      0.319      0.004    10.3797    103.105     36.983  29.822807     4.1010     11.672    28.2031 3.5478e+01     2.0212      0.312      0.453    15.3191 0.0000e+00
      0.320      0.005    10.3544    103.259     36.983  29.822296     4.1582     11.672    28.2672 3.5471e+01     2.1081      0.313      0.453    15.3182 0.0000e+00
      0.322      0.006    10.3288    103.458     37.000  29.836532     4.2095     11.672    28.3291 3.5446e+01     2.1607      0.315      0.457    15.3168 0.0000e+00
      0.326      0.010    10.3146    103.656     37.039  29.868067     4.2395     11.673    28.6934 3.5486e+01     2.1104      0.320      0.464    15.3156 0.0000e+00
      0.329      0.018    10.3220    103.827     37.062  29.886413     4.3206     11.673    29.1444 3.5814e+01     2.0812      0.324      0.470    15.3149 0.0000e+00
      0.329      0.028    10.3399    103.954     37.039  29.868054     4.4656     11.672    29.3077 3.6308e+01     2.0812      0.323      0.469    15.3147 0.0000e+00
      0.331      0.036    10.3610    104.015     37.004  29.836391     4.5610     11.672    29.4635 3.6488e+01     2.1098      0.319      0.462    15.3152 0.0000e+00
      0.344      0.042    10.3817    103.998     36.994  29.820736     4.6010     11.673    29.8240 3.6218e+01     2.0851      0.332      0.482    15.3161 0.0000e+00
      0.366      0.046    10.3989    103.911     36.990  29.805630     4.7993     11.674    30.2247 3.5756e+01     1.9535      0.363      0.526    15.3165 0.0000e+00
