Data/DataNotYetUploadedToEDI/Raw_CTD/RawDownloads/040626_fcr40_S7809015.cnv
* Sea-Bird SBE19plus  Data File:
* FileName = C:\R\Reservoirs\Data\DataNotYetUploadedToEDI\Raw_CTD\RawDownloads\051126_FCR_50_S7809_0015.hex
* Software version 2.8.0.119
* Temperature SN = 7809
* Conductivity SN = 7809
* System UpLoad Time = May 11 2026 15:36:54
* <ApplicationData>
* <Seaterm232>
# nquan = 15
# nvalues = 1311                        
# units = specified
# name 0 = depFM: Depth [fresh water, m]
# name 1 = dz/dtM: Descent Rate [m/s]
# name 2 = sbeox0Mg/L: Oxygen, SBE 43 [mg/l]
# name 3 = sbeox0PS: Oxygen, SBE 43 [% saturation]
# name 4 = specc: Specific Conductance [uS/cm]
# name 5 = c0uS/cm: Conductivity [uS/cm]
# name 6 = flECO-AFL: Fluorescence, WET Labs ECO-AFL/FL [mg/m^3]
# name 7 = ph: pH
# name 8 = orp: Oxidation Reduction Potential [mV]
# name 9 = par/sat/log: PAR/Logarithmic, Satlantic
# name 10 = turbWETntu0: Turbidity, WET Labs ECO [NTU]
# name 11 = prdM: Pressure, Strain Gauge [db]
# name 12 = prdE: Pressure, Strain Gauge [psi]
# name 13 = tv290C: Temperature [ITS-90, deg C]
# name 14 = flag:  0.000e+00
# span 0 =     -0.599,      5.084       
# span 1 =     -0.039,      0.278       
# span 2 =     4.3244,    12.4962       
# span 3 =     36.005,    117.099       
# span 4 =      2.253,     40.812       
# span 5 =   1.795273,  31.224713       
# span 6 =    -0.1311,    20.3404       
# span 7 =     -2.397,     11.732       
# span 8 = -1173.2686,   889.4900       
# span 9 = 7.9763e+00, 1.8021e+03       
# span 10 =     0.0594,   498.2826      
# span 11 =     -0.588,      4.987      
# span 12 =     -0.852,      7.233      
# span 13 =     6.9811,    16.7251      
# span 14 = 0.0000e+00, 0.0000e+00      
# interval = seconds: 0.25
# start_time = Apr 06 2026 12:06:12 [Instrument's time stamp, header]
# bad_flag = -9.990e-29
*END*
[from data line 482]
      0.968      0.016    10.0431    102.048     36.949  30.368829     7.1469     11.522    49.5455 9.6232e+01     2.0697      0.949      1.377    16.0938 0.0000e+00
      0.972      0.018    10.0442    102.031     36.961  30.375899     7.1649     11.522    49.4283 9.5983e+01     2.0846      0.952      1.381    16.0910 0.0000e+00
      0.978      0.020    10.0462    101.969     36.951  30.356509     7.1610     11.523    49.3853 9.5424e+01     2.0570      0.958      1.391    16.0892 0.0000e+00
      0.985      0.022    10.0477    101.877     36.934  30.324667     7.1502     11.523    49.3696 9.5139e+01     2.0090      0.965      1.400    16.0911 0.0000e+00
      0.992      0.024    10.0543    101.753     36.934  30.308051     7.2094     11.524    49.4110 9.4861e+01     2.0158      0.974      1.412    16.0935 0.0000e+00
      0.998      0.024    10.0516    101.638     36.917  30.282445     7.3356     11.524    49.3700 9.4247e+01     2.0708      0.979      1.421    16.0929 0.0000e+00
      1.003      0.023    10.0473    101.586     36.914  30.268792     7.3943     11.525    49.2177 9.3961e+01     2.0263      0.982      1.425    16.0782 0.0000e+00
      1.009      0.022    10.0469    101.610     36.932  30.269830     7.3862     11.526    49.0322 9.3604e+01     1.9209      0.988      1.433    16.0462 0.0000e+00
      1.017      0.020    10.0370    101.684     36.977  30.294976     7.4203     11.526    48.8467 9.2859e+01     1.9241      0.997      1.447    16.0222 0.0000e+00
      1.022      0.018    10.0258    101.767     37.014  30.319083     7.5070     11.527    48.7827 9.2304e+01     2.0310      1.004      1.456    16.0116 0.0000e+00
      1.026      0.017    10.0237    101.844     37.002  30.307558     7.5690     11.527    48.7741 9.1670e+01     2.0518      1.006      1.459    15.9967 0.0000e+00
      1.029      0.016    10.0318    101.924     36.971  30.282498     7.5798     11.527    48.7429 9.0706e+01     1.9700      1.009      1.463    15.9741 0.0000e+00
      1.031      0.016    10.0445    101.990     36.958  30.269822     7.6030     11.527    48.7499 8.9813e+01     1.9995      1.012      1.467    15.9570 0.0000e+00
      1.034      0.017    10.0549    102.036     36.982  30.281148     7.6586     11.528    48.7728 8.9077e+01     2.1004      1.013      1.470    15.9520 0.0000e+00
      1.039      0.019    10.0611    102.081     37.012  30.292567     7.6861     11.530    48.7610 8.8283e+01     2.0968      1.018      1.476    15.9487 0.0000e+00
      1.046      0.021    10.0704    102.126     37.014  30.281015     7.6865     11.530    48.7804 8.7463e+01     2.0582      1.026      1.488    15.9524 0.0000e+00
      1.053      0.023    10.0769    102.170     37.011  30.268329     7.6958     11.528    48.7494 8.6796e+01     2.0101      1.033      1.499    15.9523 0.0000e+00
      1.058      0.023    10.0828    102.180     37.018  30.266033     7.7160     11.528    48.5573 8.6146e+01     1.9933      1.038      1.506    15.9380 0.0000e+00
      1.064      0.022    10.0929    102.160     37.009  30.253233     7.7309     11.528    48.4362 8.5393e+01     2.0942      1.043      1.513    15.9193 0.0000e+00
      1.070      0.021    10.0992    102.155     37.003  30.240424     7.7261     11.529    48.4041 8.4708e+01     2.1363      1.048      1.522    15.9004 0.0000e+00
      1.075      0.020    10.1098    102.145     37.010  30.238022     7.7414     11.531    48.3406 8.4213e+01     2.0586      1.054      1.529    15.8851 0.0000e+00
      1.080      0.020    10.1132    102.101     37.003  30.224182     7.7903     11.532    48.2720 8.3616e+01     2.0086      1.060      1.537    15.8750 0.0000e+00
      1.084      0.020    10.1084    102.056     36.983  30.199945     7.8265     11.532    48.1762 8.2924e+01     2.0109      1.063      1.541    15.8695 0.0000e+00
      1.089      0.020    10.1126    102.086     36.993  30.198697     7.8459     11.533    48.2151 8.2379e+01     2.0853      1.066      1.547    15.8598 0.0000e+00
      1.094      0.020    10.1157    102.167     37.017  30.209077     7.8503     11.533    48.3117 8.1799e+01     2.1223      1.072      1.555    15.8454 0.0000e+00
      1.100      0.019    10.1126    102.205     37.012  30.198574     7.8638     11.533    48.2262 8.1164e+01     2.0480      1.080      1.565    15.8360 0.0000e+00
      1.106      0.019    10.1060    102.212     37.017  30.198565     7.9084     11.533    48.1271 8.0504e+01     2.0080      1.084      1.572    15.8265 0.0000e+00
      1.110      0.018    10.1117    102.217     37.035  30.208965     7.9494     11.534    48.1470 7.9942e+01     2.0486      1.088      1.579    15.8125 0.0000e+00
      1.114      0.017    10.1302    102.212     37.025  30.197441     7.9761     11.535    48.2084 7.9403e+01     2.1287      1.093      1.585    15.8004 0.0000e+00
      1.118      0.016    10.1326    102.192     37.014  30.186098     7.9727     11.534    48.1807 7.8644e+01     2.1574      1.096      1.589    15.7909 0.0000e+00
      1.121      0.016    10.1328    102.127     37.030  30.198679     7.9501     11.534    48.1562 7.7937e+01     2.1556      1.100      1.595    15.7858 0.0000e+00
      1.125      0.017    10.1367    102.057     37.062  30.222690     7.9522     11.535    48.1708 7.7316e+01     2.2434      1.105      1.602    15.7812 0.0000e+00
      1.129      0.018    10.1352    102.079     37.065  30.222681     7.9737     11.535    48.0990 7.6707e+01     2.3650      1.108      1.607    15.7753 0.0000e+00
      1.134      0.018    10.1368    102.146     37.038  30.198565     7.9849     11.535    48.0618 7.6307e+01     2.3965      1.112      1.613    15.7731 0.0000e+00
      1.140      0.018    10.1299    102.145     37.024  30.184840     7.9711     11.536    48.0656 7.6000e+01     2.3174      1.118      1.621    15.7726 0.0000e+00
      1.145      0.017    10.1156    102.063     37.026  30.183583     7.9491     11.536    48.0587 7.5691e+01     2.2626      1.124      1.630    15.7703 0.0000e+00
      1.149      0.017    10.1226    101.937     37.029  30.183365     7.9518     11.537    48.0644 7.5524e+01     2.3137      1.127      1.635    15.7668 0.0000e+00
      1.153      0.016    10.1358    101.785     37.032  30.182200     7.9868     11.537    48.0489 7.5441e+01     2.3209      1.131      1.639    15.7636 0.0000e+00
      1.156      0.015    10.1356    101.657     37.022  30.169503     8.0228     11.537    48.0438 7.5429e+01     2.2469      1.134      1.645    15.7606 0.0000e+00
      1.160      0.015    10.1260    101.612     37.013  30.156713     8.0293     11.537    48.0023 7.5347e+01     2.1701      1.139      1.651    15.7573 0.0000e+00
      1.164      0.015    10.1150    101.656     37.019  30.154407     8.0235     11.537    47.8916 7.5117e+01     2.1105      1.142      1.656    15.7521 0.0000e+00
      1.168      0.015    10.0992    101.777     37.013  30.141617     8.0199     11.537    47.8233 7.5019e+01     2.1067      1.146      1.662    15.7478 0.0000e+00
      1.172      0.015    10.0836    101.927     37.006  30.128922     7.9938     11.537    47.7782 7.4859e+01     2.0904      1.150      1.667    15.7428 0.0000e+00
      1.175      0.015    10.0828    102.053     37.011  30.127768     7.9573     11.537    47.6906 7.4513e+01     2.0155      1.154      1.672    15.7351 0.0000e+00
      1.178      0.015    10.0876    102.126     37.017  30.127663     7.9451     11.538    47.6248 7.4260e+01     2.0209      1.156      1.676    15.7255 0.0000e+00
      1.183      0.016    10.1055    102.138     37.025  30.127644     7.9466     11.539    47.6713 7.3930e+01     2.0873      1.160      1.682    15.7135 0.0000e+00
      1.187      0.017    10.1241    102.086     37.033  30.127530     7.9667     11.539    47.7368 7.3548e+01     2.1352      1.164      1.687    15.7037 0.0000e+00
      1.191      0.018    10.1389    101.976     37.039  30.126282     7.9972     11.538    47.7280 7.3390e+01     2.2244      1.167      1.693    15.6972 0.0000e+00
      1.197      0.018    10.1482    101.867     37.029  30.112547     7.9990     11.538    47.6500 7.3286e+01     2.2782      1.173      1.701    15.6907 0.0000e+00
      1.202      0.018    10.1501    101.817     37.007  30.088319     7.9969     11.539    47.5692 7.3202e+01     2.3067      1.179      1.711    15.6831 0.0000e+00
      1.207      0.018    10.1488    101.832     37.012  30.087061     8.0217     11.540    47.5255 7.3137e+01     2.3298      1.184      1.717    15.6732 0.0000e+00
      1.211      0.017    10.1359    101.893     37.032  30.097336     8.0575     11.540    47.3787 7.3033e+01     2.2494      1.188      1.723    15.6649 0.0000e+00
      1.215      0.017    10.1245    101.996     37.025  30.085679     8.0716     11.539    47.2574 7.3094e+01     2.0864      1.191      1.728    15.6579 0.0000e+00
      1.218      0.017    10.1214    102.121     37.015  30.072974     8.0674     11.539    47.2633 7.3379e+01     1.9309      1.193      1.730    15.6487 0.0000e+00
      1.222      0.017    10.1263    102.249     37.017  30.070582     8.0894     11.540    47.2783 7.3737e+01     1.9404      1.198      1.737    15.6406 0.0000e+00
      1.227      0.017    10.1330    102.345     37.006  30.056752     8.1291     11.540    47.2669 7.4078e+01     2.0654      1.204      1.746    15.6333 0.0000e+00
      1.232      0.017    10.1463    102.360     36.982  30.032619     8.1321     11.540    47.1250 7.4442e+01     2.0754      1.209      1.752    15.6252 0.0000e+00
      1.236      0.016    10.1610    102.298     36.988  30.032515     8.1091     11.540    46.9400 7.4807e+01     1.9929      1.212      1.758    15.6190 0.0000e+00
      1.241      0.014    10.1747    102.184     37.023  30.055486     8.1166     11.541    47.0080 7.5105e+01     1.9561      1.217      1.766    15.6133 0.0000e+00
      1.245      0.013    10.1902    102.062     37.031  30.056630     8.1562     11.542    47.1730 7.5424e+01     2.0063      1.220      1.770    15.6072 0.0000e+00
      1.247      0.013    10.1901    101.966     37.023  30.046335     8.1804     11.542    47.1282 7.5883e+01     2.0870      1.222      1.773    15.6017 0.0000e+00
      1.249      0.013    10.1859    101.920     37.041  30.057868     8.1684     11.541    46.9828 7.6319e+01     2.0783      1.224      1.776    15.5947 0.0000e+00
      1.252      0.013    10.1744    101.966     37.060  30.069203     8.1443     11.541    46.8777 7.6653e+01     2.1055      1.227      1.780    15.5857 0.0000e+00
      1.256      0.013    10.1622    102.090     37.050  30.056509     8.1296     11.541    46.8040 7.7089e+01     2.2794      1.231      1.786    15.5786 0.0000e+00
      1.260      0.013    10.1546    102.261     37.025  30.031250     8.1244     11.541    46.7797 7.7573e+01     2.4048      1.236      1.793    15.5740 0.0000e+00
      1.264      0.014    10.1468    102.483     37.014  30.017534     8.1232     11.541    46.8420 7.7861e+01     2.3925      1.239      1.797    15.5694 0.0000e+00
      1.267      0.014    10.1545    102.703     37.019  30.017525     8.1152     11.542    46.7835 7.7976e+01     2.3013      1.242      1.801    15.5648 0.0000e+00
      1.269      0.014    10.1699    102.865     37.039  30.031136     8.1012     11.543    46.5885 7.8144e+01     2.1898      1.244      1.806    15.5591 0.0000e+00
      1.272      0.015    10.1864    103.003     37.070  30.055240     8.1047     11.542    46.5493 7.8358e+01     2.1377      1.248      1.809    15.5520 0.0000e+00
      1.277      0.016    10.2125    103.115     37.072  30.055229     8.1150     11.542    46.5674 7.8555e+01     2.1150      1.253      1.816    15.5449 0.0000e+00
      1.282      0.018    10.2401    103.180     37.042  30.031001     8.1185     11.543    46.5490 7.8791e+01     2.0869      1.258      1.824    15.5394 0.0000e+00
      1.286      0.020    10.2524    103.214     37.024  30.016028     8.1297     11.543    46.4993 7.8962e+01     2.1388      1.261      1.830    15.5363 0.0000e+00
      1.291      0.021    10.2677    103.189     37.008  30.001054     8.1427     11.544    46.3958 7.9225e+01     2.2647      1.266      1.837    15.5342 0.0000e+00
      1.297      0.022    10.2813    103.099     36.981  29.976817     8.1588     11.545    46.4169 7.9612e+01     2.3794      1.271      1.843    15.5323 0.0000e+00
      1.303      0.022    10.2849    103.027     36.986  29.976702     8.1834     11.545    46.4968 7.9853e+01     2.3641      1.278      1.854    15.5326 0.0000e+00
      1.310      0.023    10.2905    103.038     37.020  29.999672     8.1992     11.545    46.5004 8.0066e+01     2.2510      1.285      1.864    15.5333 0.0000e+00
      1.315      0.023    10.2903    103.105     37.027  30.000807     8.1998     11.545    46.4604 8.0289e+01     2.2070      1.290      1.871    15.5299 0.0000e+00
      1.320      0.022    10.2776    103.195     37.018  29.990417     8.1990     11.545    46.4444 8.0499e+01     2.2427      1.295      1.876    15.5257 0.0000e+00
      1.326      0.021    10.2676    103.248     37.035  30.000911     8.2137     11.545    46.3925 8.0812e+01     2.3067      1.301      1.886    15.5216 0.0000e+00
      1.333      0.018    10.2738    103.229     37.038  30.000818     8.2362     11.546    46.2630 8.1055e+01     2.2974      1.307      1.898    15.5149 0.0000e+00
      1.339      0.016    10.2813    103.189     37.026  29.989285     8.2551     11.547    46.1695 8.1249e+01     2.2320      1.313      1.905    15.5085 0.0000e+00
      1.342      0.016    10.2942    103.175     37.026  29.988330     8.2750     11.547    46.1224 8.1544e+01     2.2681      1.317      1.911    15.5037 0.0000e+00
      1.343      0.016    10.3032    103.197     37.027  29.989275     8.2860     11.547    46.1234 8.1780e+01     2.3579      1.318      1.911    15.4997 0.0000e+00
      1.344      0.017    10.2980    103.237     37.040  30.000704     8.3043     11.548    46.0957 8.2173e+01     2.3947      1.317      1.910    15.4961 0.0000e+00
      1.349      0.018    10.2936    103.267     37.040  29.999655     8.3301     11.549    46.0456 8.2805e+01     2.3378      1.321      1.916    15.4934 0.0000e+00
      1.356      0.018    10.2921    103.294     37.013  29.976589     8.3238     11.548    45.9474 8.3324e+01     2.2509      1.330      1.929    15.4920 0.0000e+00
      1.365      0.018    10.2945    103.336     37.014  29.975550     8.3194     11.548    45.7692 8.3589e+01     2.2668      1.338      1.941    15.4924 0.0000e+00
      1.371      0.017    10.3003    103.371     37.029  29.987093     8.3436     11.549    45.6981 8.3619e+01     2.3253      1.347      1.952    15.4933 0.0000e+00
      1.373      0.014    10.3029    103.384     37.030  29.989287     8.3505     11.550    45.6895 8.3810e+01     2.3085      1.347      1.954    15.4923 0.0000e+00
      1.373      0.010    10.3044    103.373     37.043  30.002068     8.3280     11.550    45.5785 8.4198e+01     2.2352      1.345      1.950    15.4901 0.0000e+00
      1.375      0.007    10.3109    103.350     37.056  30.014763     8.3130     11.551    45.4751 8.4340e+01     2.1903      1.347      1.955    15.4883 0.0000e+00
      1.378      0.007    10.3148    103.360     37.054  30.015926     8.3270     11.552    45.4718 8.4327e+01     2.2431      1.352      1.960    15.4877 0.0000e+00
      1.380      0.010    10.3159    103.433     37.053  30.016135     8.3393     11.552    45.4530 8.4253e+01     2.3617      1.354      1.963    15.4888 0.0000e+00
      1.380      0.015    10.3141    103.530     37.056  30.017287     8.3118     11.552    45.4202 8.4060e+01     2.3608      1.353      1.962    15.4919 0.0000e+00
      1.380      0.019    10.3087    103.592     37.076  30.029860     8.2682     11.553    45.2472 8.4026e+01     2.2658      1.351      1.960    15.4959 0.0000e+00
      1.386      0.021    10.3074    103.622     37.094  30.041279     8.2535     11.554    44.9097 8.4391e+01     2.2388      1.356      1.968    15.4998 0.0000e+00
