Data/DataNotYetUploadedToEDI/Raw_CTD/RawDownloads/040626_fcr30_S7809014.cnv
* Sea-Bird SBE19plus  Data File:
* FileName = C:\R\Reservoirs\Data\DataNotYetUploadedToEDI\Raw_CTD\RawDownloads\051126_FCR_50_S7809_0014.hex
* Software version 2.8.0.119
* Temperature SN = 7809
* Conductivity SN = 7809
* System UpLoad Time = May 11 2026 15:36:16
* <ApplicationData>
* <Seaterm232>
# nquan = 15
# nvalues = 758                         
# units = specified
# name 0 = depFM: Depth [fresh water, m]
# name 1 = dz/dtM: Descent Rate [m/s]
# name 2 = sbeox0Mg/L: Oxygen, SBE 43 [mg/l]
# name 3 = sbeox0PS: Oxygen, SBE 43 [% saturation]
# name 4 = specc: Specific Conductance [uS/cm]
# name 5 = c0uS/cm: Conductivity [uS/cm]
# name 6 = flECO-AFL: Fluorescence, WET Labs ECO-AFL/FL [mg/m^3]
# name 7 = ph: pH
# name 8 = orp: Oxidation Reduction Potential [mV]
# name 9 = par/sat/log: PAR/Logarithmic, Satlantic
# name 10 = turbWETntu0: Turbidity, WET Labs ECO [NTU]
# name 11 = prdM: Pressure, Strain Gauge [db]
# name 12 = prdE: Pressure, Strain Gauge [psi]
# name 13 = tv290C: Temperature [ITS-90, deg C]
# name 14 = flag:  0.000e+00
# span 0 =     -0.597,      3.500       
# span 1 =     -0.131,      0.163       
# span 2 =     6.2405,    12.8565       
# span 3 =     54.560,    120.194       
# span 4 =      3.478,     38.564       
# span 5 =   2.593203,  30.471306       
# span 6 =    -0.0936,    15.3346       
# span 7 =      8.582,     14.890       
# span 8 =  -701.1433,  1240.2295       
# span 9 = 2.3364e+01, 2.3829e+03       
# span 10 =     0.5196,   239.0126      
# span 11 =     -0.587,      3.433      
# span 12 =     -0.851,      4.979      
# span 13 =     8.8074,    16.2154      
# span 14 = 0.0000e+00, 0.0000e+00      
# interval = seconds: 0.25
# start_time = Apr 06 2026 11:41:11 [Instrument's time stamp, header]
# bad_flag = -9.990e-29
*END*
[from data line 97]
      0.043     -0.006     8.2196     82.640     36.631  29.989029     3.8684     10.696    82.8547 9.1636e+01     1.7070      0.042      0.061    15.9425 0.0000e+00
      0.042     -0.002     8.2161     82.427     36.644  29.998456     3.8649     10.702    81.7151 9.1975e+01     1.7715      0.041      0.060    15.9400 0.0000e+00
      0.040      0.004     8.2016     82.371     36.616  29.975394     3.8857     10.708    81.0299 9.2232e+01     1.8160      0.040      0.058    15.9383 0.0000e+00
      0.038      0.010     8.1902     82.471     36.526  29.900481     3.9208     10.713    81.1088 9.1979e+01     1.6641      0.036      0.052    15.9345 0.0000e+00
      0.039      0.012     8.1717     82.615     36.471  29.853871     3.9228     10.718    81.6370 9.1336e+01     1.4721      0.037      0.052    15.9293 0.0000e+00
      0.049      0.010     8.1381     82.657     36.476  29.855862     3.9187     10.724    82.0818 8.9826e+01     1.4412      0.047      0.068    15.9279 0.0000e+00
      0.061      0.005     8.1363     82.473     36.496  29.861125     3.9375     10.732    82.0993 8.8685e+01     1.5649      0.063      0.092    15.9303 0.0000e+00
      0.065      0.000     8.1501     82.071     36.514  29.854059     3.9594     10.740    81.8479 8.7740e+01     1.7378      0.070      0.100    15.9275 0.0000e+00
      0.059     -0.005     8.1700     81.501     36.511  29.833834     3.9575     10.746    81.4519 8.6488e+01     1.7892      0.060      0.086    15.9215 0.0000e+00
      0.047     -0.009     8.1803     80.832     36.488  29.806855     3.9404     10.751    81.1834 8.7641e+01     1.7418      0.044      0.064    15.9279 0.0000e+00
      0.040     -0.010     8.1612     80.143     36.462  29.781577     3.9439     10.757    81.2679 8.9722e+01     1.7465      0.036      0.053    15.9144 0.0000e+00
      0.040     -0.007     8.1283     79.452     36.468  29.781924     3.9497     10.762    81.2692 8.9922e+01     1.7773      0.037      0.055    15.8706 0.0000e+00
      0.044     -0.002     8.0739     78.760     36.509  29.811052     3.9356     10.767    80.9407 8.9449e+01     1.7731      0.043      0.063    15.8455 0.0000e+00
      0.046      0.002     8.0039     78.071     36.522  29.816590     3.9141     10.770    80.3932 8.9036e+01     1.7639      0.047      0.068    15.8404 0.0000e+00
      0.046      0.005     7.9377     77.432     36.491  29.785440     3.8900     10.774    79.8985 8.8584e+01     1.7334      0.046      0.067    15.8356 0.0000e+00
      0.045      0.005     7.8697     76.924     36.456  29.751583     3.9105     10.779    79.7773 8.7893e+01     1.7464      0.044      0.064    15.8297 0.0000e+00
      0.045      0.004     7.8021     76.507     36.428  29.724381     3.9795     10.782    79.9605 8.6528e+01     1.7840      0.043      0.062    15.8235 0.0000e+00
      0.047      0.001     7.7348     76.089     36.415  29.710263     4.0085     10.783    80.1340 8.5209e+01     1.7443      0.046      0.066    15.8173 0.0000e+00
      0.051     -0.002     7.6662     75.634     36.415  29.707742     3.9863     10.787    80.0691 8.4894e+01     1.7109      0.050      0.073    15.8094 0.0000e+00
      0.052     -0.005     7.6208     75.170     36.404  29.693892     3.9440     10.792    79.9492 8.5445e+01     1.7211      0.053      0.077    15.8012 0.0000e+00
      0.049     -0.009     7.5849     74.754     36.382  29.669664     3.9049     10.796    79.9747 8.6276e+01     1.7656      0.050      0.073    15.7936 0.0000e+00
      0.044     -0.012     7.5447     74.384     36.390  29.668520     3.9049     10.800    79.9481 8.7626e+01     1.8387      0.043      0.063    15.7893 0.0000e+00
      0.038     -0.013     7.4993     74.014     36.414  29.680053     3.9021     10.804    79.8860 8.9781e+01     1.8189      0.037      0.053    15.7878 0.0000e+00
      0.033     -0.012     7.4508     73.634     36.425  29.682235     3.8715     10.808    79.9116 9.1603e+01     1.7658      0.032      0.046    15.7821 0.0000e+00
      0.030     -0.009     7.4116     73.279     36.447  29.694892     3.8502     10.812    79.9133 9.2341e+01     1.8448      0.029      0.043    15.7712 0.0000e+00
      0.030     -0.007     7.3793     72.980     36.467  29.706226     3.8448     10.817    79.7348 9.2271e+01     1.9206      0.028      0.041    15.7595 0.0000e+00
      0.031     -0.005     7.3448     72.711     36.457  29.692397     3.8481     10.822    79.3879 9.1538e+01     1.8966      0.029      0.043    15.7489 0.0000e+00
      0.031     -0.003     7.3064     72.438     36.417  29.654549     3.8397     10.827    79.2472 9.0254e+01     1.8290      0.031      0.045    15.7399 0.0000e+00
      0.029     -0.001     7.2708     72.159     36.392  29.629187     3.8183     10.832    79.3237 8.9605e+01     1.7861      0.029      0.042    15.7323 0.0000e+00
      0.026     -0.000     7.2436     71.876     36.411  29.639462     3.8054     10.837    79.1946 9.0134e+01     1.8213      0.024      0.036    15.7258 0.0000e+00
      0.025     -0.002     7.2200     71.597     36.430  29.651920     3.7919     10.842    78.9774 9.0189e+01     1.8108      0.023      0.033    15.7199 0.0000e+00
      0.029     -0.005     7.1928     71.314     36.434  29.652950     3.7889     10.847    78.8482 8.9590e+01     1.7282      0.028      0.041    15.7121 0.0000e+00
      0.032     -0.007     7.1673     71.008     36.438  29.651910     3.7849     10.853    78.2340 8.9768e+01     1.7099      0.033      0.048    15.7032 0.0000e+00
      0.030     -0.010     7.1395     70.707     36.429  29.639339     3.7522     10.858    74.3054 9.0877e+01     1.7951      0.031      0.045    15.6962 0.0000e+00
      0.023     -0.013     7.1119     70.435     36.420  29.627806     3.7342     10.862    66.2795 9.1880e+01     1.8696      0.022      0.032    15.6925 0.0000e+00
      0.016     -0.016     7.0868     70.178     36.438  29.639329     3.7269     10.863    59.4890 9.2339e+01     1.7918      0.014      0.020    15.6905 0.0000e+00
      0.013     -0.014     7.0547     69.923     36.458  29.651798     3.6885     10.866    56.8171 9.2802e+01     1.6735      0.013      0.018    15.6848 0.0000e+00
      0.009     -0.008     7.0249     69.669     36.460  29.651694     3.6445     10.871    56.0006 9.4240e+01     1.6688      0.010      0.014    15.6768 0.0000e+00
      0.004      0.001     7.0000     69.461     36.445  29.638072     3.6364     10.876    55.2952 9.6263e+01     1.7352      0.002      0.003    15.6712 0.0000e+00
      0.002      0.008     6.9748     69.307     36.416  29.613967     3.6566     10.880    54.5691 9.6367e+01     1.8279     -0.002     -0.003    15.6669 0.0000e+00
      0.008      0.013     6.9523     69.173     36.415  29.613967     3.6481     10.885    54.5346 9.4852e+01     1.8332      0.006      0.010    15.6612 0.0000e+00
      0.019      0.017     6.9232     69.020     36.445  29.638071     3.6080     10.891    60.5570 9.3540e+01     1.7298      0.021      0.029    15.6577 0.0000e+00
      0.027      0.018     6.9036     68.862     36.463  29.651682     3.5957     10.900    71.6320 9.2014e+01     1.7389      0.029      0.042    15.6579 0.0000e+00
      0.031      0.017     6.8890     68.704     36.468  29.651672     3.6086     10.909    73.6647 9.0924e+01     1.8749      0.031      0.046    15.6571 0.0000e+00
      0.032      0.013     6.8782     68.485     36.458  29.637947     3.6136     10.916    70.4214 9.0418e+01     1.9403      0.031      0.045    15.6570 0.0000e+00
      0.032      0.009     6.8627     68.243     36.433  29.612586     3.6069     10.920    74.0604 9.0302e+01     1.8799      0.031      0.045    15.6585 0.0000e+00
      0.034      0.008     6.8429     68.002     36.423  29.598749     3.5937     10.924    77.7417 9.1174e+01     1.7934      0.034      0.049    15.6579 0.0000e+00
      0.038      0.008     6.8370     67.753     36.427  29.597500     3.5955     10.928    77.5905 9.2277e+01     1.7829      0.038      0.056    15.6514 0.0000e+00
      0.041      0.008     6.8098     67.527     36.433  29.597490     3.6025     10.931    77.2227 9.3351e+01     1.7879      0.040      0.059    15.6423 0.0000e+00
      0.042      0.007     6.7874     67.345     36.439  29.598624     3.6036     10.935    77.1667 9.3109e+01     1.7507      0.041      0.059    15.6352 0.0000e+00
      0.044      0.006     6.7660     67.196     36.459  29.611195     3.6171     10.939    77.2575 9.1661e+01     1.7095      0.043      0.061    15.6285 0.0000e+00
      0.046      0.004     6.7395     67.055     36.478  29.622624     3.6336     10.942    77.2876 9.1163e+01     1.6992      0.045      0.066    15.6218 0.0000e+00
      0.048      0.002     6.7178     66.901     36.470  29.609939     3.6444     10.946    77.1867 9.1081e+01     1.7633      0.047      0.068    15.6158 0.0000e+00
      0.048      0.002     6.7001     66.704     36.451  29.584682     3.6312     10.951    76.8977 9.0780e+01     1.8007      0.047      0.068    15.6094 0.0000e+00
      0.047      0.001     6.6886     66.496     36.447  29.570957     3.5826     10.957    76.6324 9.0712e+01     1.7420      0.046      0.067    15.6042 0.0000e+00
      0.046      0.001     6.6733     66.296     36.460  29.570835     3.5479     10.962    76.4742 9.0654e+01     1.7363      0.044      0.064    15.6014 0.0000e+00
      0.046      0.001     6.6632     66.063     36.486  29.583199     3.5449     10.967    76.2753 8.9942e+01     1.7999      0.043      0.063    15.5939 0.0000e+00
      0.047      0.002     6.6424     65.797     36.508  29.593570     3.5706     10.972    76.0351 8.9182e+01     1.8281      0.046      0.068    15.5789 0.0000e+00
      0.049      0.004     6.6227     65.528     36.485  29.569360     3.6265     10.977    75.7201 8.9267e+01     1.8044      0.048      0.070    15.5627 0.0000e+00
      0.049      0.006     6.6083     65.290     36.460  29.544197     3.6542     10.981    75.3064 9.0010e+01     1.7531      0.048      0.070    15.5484 0.0000e+00
      0.050      0.008     6.5859     65.116     36.462  29.543045     3.6549     10.985    74.9916 9.0352e+01     1.7880      0.049      0.071    15.5363 0.0000e+00
      0.051      0.011     6.5596     64.999     36.479  29.555427     3.6765     10.988    74.8393 8.9965e+01     1.9188      0.050      0.072    15.5260 0.0000e+00
      0.054      0.013     6.5332     64.904     36.496  29.567045     3.6910     10.992    74.6689 9.0100e+01     1.9683      0.052      0.076    15.5179 0.0000e+00
      0.059      0.013     6.5082     64.834     36.486  29.556655     3.6810     10.996    74.4799 9.0128e+01     1.8741      0.057      0.082    15.5119 0.0000e+00
      0.065      0.013     6.4918     64.806     36.491  29.556665     3.6630     10.999    74.3609 8.9346e+01     1.7698      0.064      0.093    15.5083 0.0000e+00
      0.070      0.012     6.4827     64.776     36.509  29.567159     3.6569     11.004    74.3489 8.8736e+01     1.7667      0.069      0.101    15.5068 0.0000e+00
      0.073      0.009     6.4727     64.664     36.503  29.556667     3.6736     11.009    74.4201 8.8481e+01     1.8021      0.072      0.104    15.5048 0.0000e+00
      0.073      0.005     6.4653     64.484     36.511  29.556658     3.6745     11.013    74.4479 8.8320e+01     1.7878      0.073      0.105    15.5010 0.0000e+00
      0.073      0.001     6.4638     64.299     36.531  29.567047     3.6505     11.017    74.4260 8.8141e+01     1.7304      0.072      0.104    15.4958 0.0000e+00
      0.073     -0.001     6.4674     64.101     36.524  29.555411     3.6412     11.021    74.3284 8.7749e+01     1.6904      0.072      0.104    15.4893 0.0000e+00
      0.072     -0.003     6.4561     63.877     36.514  29.542821     3.6450     11.025    74.1280 8.7515e+01     1.7132      0.071      0.103    15.4813 0.0000e+00
      0.070     -0.003     6.4344     63.665     36.517  29.541677     3.6383     11.029    73.9824 8.8083e+01     1.8006      0.069      0.100    15.4725 0.0000e+00
      0.069     -0.002     6.4197     63.503     36.520  29.541573     3.6190     11.032    73.9447 8.8700e+01     1.8250      0.068      0.098    15.4640 0.0000e+00
      0.069     -0.001     6.4017     63.399     36.523  29.541563     3.5947     11.035    74.0158 8.8583e+01     1.7347      0.068      0.098    15.4563 0.0000e+00
      0.069      0.000     6.3779     63.322     36.525  29.541553     3.5772     11.040    74.1531 8.8599e+01     1.6648      0.068      0.099    15.4498 0.0000e+00
      0.069      0.000     6.3563     63.243     36.528  29.541452     3.5746     11.044    74.2282 8.8771e+01     1.6293      0.068      0.098    15.4449 0.0000e+00
      0.070      0.000     6.3398     63.154     36.531  29.540337     3.5707     11.048    74.1501 8.8256e+01     1.6134      0.069      0.099    15.4416 0.0000e+00
      0.070      0.001     6.3314     63.053     36.519  29.528075     3.5554     11.051    73.9828 8.7976e+01     1.6085      0.069      0.100    15.4389 0.0000e+00
      0.070      0.002     6.3255     62.934     36.513  29.520041     3.5646     11.054    73.5827 8.8647e+01     1.6389      0.069      0.100    15.4360 0.0000e+00
      0.070      0.004     6.3178     62.796     36.577  29.570063     3.6068     11.058    69.5702 8.9187e+01     1.7424      0.068      0.098    15.4330 0.0000e+00
      0.071      0.009     6.3094     62.658     36.794  29.752295     3.6326     11.061    65.3909 8.8972e+01     1.7669      0.069      0.100    15.4287 0.0000e+00
      0.072      0.018     6.3006     62.682     37.065  30.010736     3.6348     11.064    68.1358 8.9110e+01     1.7299      0.071      0.102    15.4250 0.0000e+00
      0.075      0.032     6.2888     63.282     37.139  30.157604     3.6341     11.067    71.7841 8.9545e+01     1.7381      0.073      0.106    15.4197 0.0000e+00
      0.081      0.044     6.2760     65.102     37.054  30.196099     3.6407     11.067    71.9029 8.8302e+01     1.7638      0.078      0.112    15.4176 0.0000e+00
      0.094      0.051     6.2594     68.815     36.979  30.222569     3.6567     11.069    67.6798 8.3641e+01     1.8362      0.087      0.126    15.4131 0.0000e+00
      0.117      0.050     6.2405     74.476     36.910  30.224024     3.6702     11.073    59.5266 7.6671e+01     1.8272      0.113      0.163    15.4480 0.0000e+00
      0.142      0.040     6.2616     81.343     36.855  30.213763     3.6956     11.074    54.3716 7.0808e+01     1.6893      0.144      0.207    15.5884 0.0000e+00
      0.157      0.021     6.3865     88.426     36.843  30.225410     3.7465     11.075    52.9315 6.6911e+01     1.6719      0.158      0.229    15.7582 0.0000e+00
      0.159     -0.001     6.7341     94.963     36.843  30.238010     3.7863     11.078    52.1803 6.5881e+01     1.7887      0.159      0.231    15.8764 0.0000e+00
      0.151     -0.022     7.3159    100.416     36.837  30.239258     3.7940     11.082    51.7425 6.9484e+01     1.8367      0.152      0.221    15.9496 0.0000e+00
      0.132     -0.043     8.0244    104.362     36.834  30.240507     3.7731     11.087    51.2518 7.5452e+01     1.7736      0.131      0.191    15.9927 0.0000e+00
      0.111     -0.064     8.7451    106.692     36.846  30.253117     3.6755     11.093    50.8074 7.9912e+01     1.7090      0.104      0.152    16.0193 0.0000e+00
      0.100     -0.085     9.4006    107.599     36.856  30.264858     3.5460     11.099    50.5853 8.8017e+01     1.7730      0.096      0.139    16.0343 0.0000e+00
      0.091     -0.103     9.9576    107.484     36.838  30.255612     3.4970     11.104    50.3723 1.4077e+02     1.8990      0.097      0.140    16.0416 0.0000e+00
      0.066     -0.115    10.3469    106.861     36.847  30.268194     3.4909     11.110    50.2112 5.8250e+02     1.9335      0.074      0.108    16.0464 0.0000e+00
