Data/DataNotYetUploadedToEDI/Raw_CTD/RawDownloads/040626_fcr50_S7809016.cnv
* Sea-Bird SBE19plus  Data File:
* FileName = C:\R\Reservoirs\Data\DataNotYetUploadedToEDI\Raw_CTD\RawDownloads\051126_FCR_50_S7809_0016.hex
* Software version 2.8.0.119
* Temperature SN = 7809
* Conductivity SN = 7809
* System UpLoad Time = May 11 2026 15:37:40
* <ApplicationData>
* <Seaterm232>
# nquan = 15
# nvalues = 1479                        
# units = specified
# name 0 = depFM: Depth [fresh water, m]
# name 1 = dz/dtM: Descent Rate [m/s]
# name 2 = sbeox0Mg/L: Oxygen, SBE 43 [mg/l]
# name 3 = sbeox0PS: Oxygen, SBE 43 [% saturation]
# name 4 = specc: Specific Conductance [uS/cm]
# name 5 = c0uS/cm: Conductivity [uS/cm]
# name 6 = flECO-AFL: Fluorescence, WET Labs ECO-AFL/FL [mg/m^3]
# name 7 = ph: pH
# name 8 = orp: Oxidation Reduction Potential [mV]
# name 9 = par/sat/log: PAR/Logarithmic, Satlantic
# name 10 = turbWETntu0: Turbidity, WET Labs ECO [NTU]
# name 11 = prdM: Pressure, Strain Gauge [db]
# name 12 = prdE: Pressure, Strain Gauge [psi]
# name 13 = tv290C: Temperature [ITS-90, deg C]
# name 14 = flag:  0.000e+00
# span 0 =     -0.596,      9.733       
# span 1 =     -0.013,      0.278       
# span 2 =     1.3009,    12.8890       
# span 3 =     10.591,    123.145       
# span 4 =      3.087,    226.143       
# span 5 =   2.256801, 142.196262       
# span 6 =    -0.1007,    23.5006       
# span 7 =      9.101,     11.686       
# span 8 = -1190.6162,   395.4751       
# span 9 = 1.2362e-01, 1.8670e+03       
# span 10 =    -0.3198,   283.5905      
# span 11 =     -0.586,      9.546      
# span 12 =     -0.849,     13.846      
# span 13 =     6.4297,    16.9691      
# span 14 = 0.0000e+00, 0.0000e+00      
# interval = seconds: 0.25
# start_time = Apr 06 2026 12:21:29 [Instrument's time stamp, header]
# bad_flag = -9.990e-29
*END*
[from data line 772]
      4.890      0.016     6.1237     50.965     38.600  24.964186     1.6573     10.819    25.1558 1.0845e+01     2.2597      4.795      6.955     7.3923 0.0000e+00
      4.897      0.017     6.1242     50.962     38.579  24.951587     1.6883     10.817    24.8340 1.0782e+01     2.2257      4.803      6.966     7.3780 0.0000e+00
      4.902      0.017     6.1261     50.969     38.544  24.938807     1.7246     10.814    24.7036 1.0758e+01     2.3046      4.808      6.974     7.3624 0.0000e+00
      4.905      0.017     6.1338     50.980     38.504  24.936509     1.7541     10.811    24.6986 1.0753e+01     2.3252      4.810      6.976     7.3396 0.0000e+00
      4.906      0.018     6.1362     50.978     38.454  24.923822     1.7205     10.810    24.6866 1.0731e+01     2.3041      4.810      6.977     7.3313 0.0000e+00
      4.909      0.022     6.1337     50.978     38.454  24.912273     1.6519     10.809    24.5588 1.0672e+01     2.4252      4.813      6.980     7.3353 0.0000e+00
      4.915      0.028     6.1334     50.968     38.529  24.923702     1.6319     10.808    24.5293 1.0570e+01     2.5593      4.819      6.990     7.3397 0.0000e+00
      4.924      0.034     6.1318     50.940     38.603  24.935132     1.6367     10.807    24.6748 1.0448e+01     2.5938      4.827      7.002     7.3781 0.0000e+00
      4.934      0.039     6.1213     50.922     38.625  24.923595     1.6433     10.805    24.6825 1.0308e+01     2.6020      4.837      7.016     7.4266 0.0000e+00
      4.946      0.041     6.1261     50.903     38.634  24.911016     1.6533     10.804    24.5367 1.0165e+01     2.6247      4.850      7.034     7.4035 0.0000e+00
      4.959      0.040     6.1364     50.873     38.649  24.909864     1.6662     10.802    24.4604 1.0042e+01     2.6977      4.863      7.053     7.3390 0.0000e+00
      4.972      0.037     6.1365     50.852     38.659  24.909657     1.6908     10.798    24.4486 9.9329e+00     2.7674      4.877      7.073     7.2903 0.0000e+00
      4.981      0.034     6.1413     50.845     38.662  24.908504     1.6918     10.795    24.4796 9.8757e+00     2.7163      4.887      7.088     7.2580 0.0000e+00
      4.986      0.032     6.1438     50.840     38.640  24.895925     1.6288     10.794    24.6642 9.8665e+00     2.5919      4.890      7.092     7.2361 0.0000e+00
      4.990      0.030     6.1396     50.823     38.615  24.884404     1.5374     10.793    25.0452 9.8221e+00     2.5271      4.892      7.096     7.2215 0.0000e+00
      4.997      0.029     6.1391     50.778     38.630  24.896049     1.5030     10.790    25.1284 9.7157e+00     2.5484      4.899      7.106     7.2135 0.0000e+00
      5.007      0.029     6.1391     50.732     38.651  24.909886     1.5208     10.788    24.8100 9.6084e+00     2.5759      4.911      7.121     7.2094 0.0000e+00
      5.017      0.030     6.1384     50.711     38.672  24.924866     1.5526     10.786    24.6375 9.5417e+00     2.5525      4.921      7.137     7.2112 0.0000e+00
      5.025      0.031     6.1370     50.698     38.712  24.950337     1.6038     10.784    24.5054 9.5057e+00     2.5390      4.928      7.148     7.2207 0.0000e+00
      5.030      0.031     6.1293     50.707     38.741  24.964184     1.6409     10.782    24.3312 9.4683e+00     2.5821      4.931      7.152     7.2238 0.0000e+00
      5.035      0.030     6.1215     50.720     38.751  24.965443     1.6430     10.780    24.5958 9.4016e+00     2.5961      4.936      7.159     7.2199 0.0000e+00
      5.045      0.029     6.1217     50.670     38.760  24.965558     1.6134     10.778    25.0377 9.3126e+00     2.5713      4.947      7.175     7.2262 0.0000e+00
      5.055      0.029     6.1177     50.605     38.775  24.965559     1.5651     10.776    25.1138 9.2270e+00     2.5890      4.958      7.192     7.2273 0.0000e+00
      5.064      0.029     6.1193     50.565     38.790  24.965457     1.5497     10.775    25.0858 9.1670e+00     2.6735      4.967      7.205     7.2157 0.0000e+00
      5.069      0.030     6.1295     50.488     38.805  24.964314     1.5694     10.774    25.1302 9.1193e+00     2.7735      4.971      7.211     7.2112 0.0000e+00
      5.074      0.032     6.1192     50.362     38.801  24.951726     1.5867     10.772    25.0472 9.0549e+00     2.7398      4.974      7.214     7.2059 0.0000e+00
      5.080      0.035     6.1092     50.213     38.796  24.940083     1.5923     10.769    24.8568 8.9696e+00     2.6071      4.981      7.224     7.1911 0.0000e+00
      5.090      0.039     6.1137     50.055     38.824  24.950366     1.5883     10.766    24.8063 8.8654e+00     2.5352      4.990      7.238     7.1777 0.0000e+00
      5.102      0.041     6.1054     49.910     38.832  24.949214     1.5958     10.764    24.9538 8.7439e+00     2.5192      5.003      7.255     7.1647 0.0000e+00
      5.116      0.041     6.0899     49.750     38.803  24.926146     1.6080     10.762    25.0904 8.6314e+00     2.5163      5.017      7.276     7.1506 0.0000e+00
      5.130      0.039     6.0750     49.557     38.807  24.925116     1.5862     10.760    25.0824 8.5560e+00     2.4672      5.032      7.298     7.1401 0.0000e+00
      5.140      0.035     6.0534     49.377     38.829  24.936770     1.5565     10.758    24.9426 8.5119e+00     2.4719      5.042      7.313     7.1314 0.0000e+00
      5.146      0.032     6.0402     49.250     38.838  24.940211     1.5572     10.757    24.6903 8.4817e+00     2.5732      5.047      7.320     7.1226 0.0000e+00
      5.150      0.032     6.0239     49.176     38.883  24.966711     1.5532     10.754    24.5272 8.4542e+00     2.5646      5.050      7.325     7.1162 0.0000e+00
      5.154      0.031     5.9969     49.128     38.946  25.003513     1.5002     10.751    24.4337 8.3927e+00     2.4692      5.054      7.328     7.1122 0.0000e+00
      5.163      0.030     5.9746     49.089     38.953  25.004668     1.4395     10.750    24.1615 8.2752e+00     2.4452      5.060      7.339     7.1093 0.0000e+00
      5.177      0.028     5.9590     49.084     38.919  24.980663     1.4350     10.749    23.9895 8.1608e+00     2.5138      5.077      7.364     7.1067 0.0000e+00
      5.189      0.024     5.9524     49.105     38.898  24.966940     1.4555     10.748    23.9896 8.1028e+00     2.6152      5.091      7.384     7.1032 0.0000e+00
      5.194      0.018     5.9492     49.110     38.891  24.965589     1.4455     10.745    23.9898 8.1012e+00     2.6125      5.094      7.389     7.0983 0.0000e+00
      5.195      0.011     5.9417     49.088     38.878  24.964332     1.4222     10.741    24.0785 8.1329e+00     2.5159      5.095      7.390     7.0936 0.0000e+00
      5.194      0.005     5.9425     49.040     38.841  24.951741     1.4320     10.739    24.1151 8.1699e+00     2.5057      5.094      7.389     7.0909 0.0000e+00
      5.193      0.001     5.9482     48.951     38.804  24.940198     1.4630     10.737    23.8310 8.1959e+00     2.5913      5.092      7.385     7.0907 0.0000e+00
      5.191      0.000     5.9480     48.858     38.805  24.951614     1.4734     10.735    23.3101 8.2006e+00     2.5938      5.091      7.384     7.0938 0.0000e+00
      5.191      0.001     5.9435     48.844     38.812  24.962944     1.4584     10.733    22.9790 8.1817e+00     2.5020      5.090      7.383     7.1016 0.0000e+00
      5.193      0.004     5.9370     48.874     38.785  24.950365     1.4306     10.731    22.9252 8.1573e+00     2.4721      5.091      7.385     7.1174 0.0000e+00
      5.195      0.011     5.9237     48.911     38.739  24.926369     1.4199     10.729    22.9180 8.1513e+00     2.5056      5.094      7.390     7.1361 0.0000e+00
      5.195      0.019     5.9015     49.012     38.735  24.926483     1.4219     10.726    22.8915 8.1339e+00     2.4632      5.095      7.389     7.1496 0.0000e+00
      5.197      0.026     5.9035     49.171     38.781  24.951747     1.4126     10.724    22.9491 8.0699e+00     2.3020      5.094      7.388     7.1575 0.0000e+00
      5.205      0.031     5.9106     49.326     38.835  24.978153     1.4149     10.722    23.0130 7.9521e+00     2.1611      5.102      7.399     7.1622 0.0000e+00
      5.220      0.033     5.9065     49.450     38.866  24.992075     1.4254     10.721    22.8035 7.8255e+00     2.1601      5.120      7.426     7.1714 0.0000e+00
      5.235      0.033     5.9197     49.525     38.874  24.993237     1.4311     10.719    22.5667 7.7664e+00     2.3249      5.136      7.450     7.1785 0.0000e+00
      5.243      0.032     5.9443     49.575     38.878  24.992201     1.4346     10.717    22.5586 7.7499e+00     2.4793      5.143      7.459     7.1705 0.0000e+00
      5.248      0.029     5.9639     49.599     38.867  24.979537     1.4256     10.715    22.5335 7.7325e+00     2.4550      5.147      7.465     7.1567 0.0000e+00
      5.251      0.025     5.9832     49.556     38.856  24.966949     1.4305     10.713    22.4350 7.7012e+00     2.4412      5.149      7.468     7.1485 0.0000e+00
      5.254      0.024     5.9904     49.457     38.867  24.966837     1.4441     10.711    22.4008 7.6306e+00     2.4828      5.151      7.469     7.1454 0.0000e+00
      5.262      0.025     5.9957     49.307     38.902  24.978168     1.4406     10.710    22.5505 7.5443e+00     2.4803      5.160      7.483     7.1410 0.0000e+00
      5.271      0.027     6.0055     49.138     38.919  24.977112     1.4371     10.709    22.7820 7.4781e+00     2.4795      5.170      7.499     7.1325 0.0000e+00
      5.279      0.027     5.9969     48.994     38.894  24.954050     1.4274     10.707    22.7903 7.4136e+00     2.4726      5.177      7.509     7.1258 0.0000e+00
      5.287      0.027     5.9883     48.871     38.897  24.953003     1.4311     10.705    22.6512 7.3458e+00     2.4992      5.185      7.520     7.1191 0.0000e+00
      5.293      0.027     5.9703     48.755     38.920  24.964448     1.4151     10.703    22.5624 7.2990e+00     2.5286      5.192      7.530     7.1028 0.0000e+00
      5.298      0.030     5.9496     48.662     38.924  24.965591     1.3427     10.701    22.4056 7.2610e+00     2.4856      5.196      7.535     7.0832 0.0000e+00
      5.303      0.035     5.9347     48.599     38.926  24.966820     1.3050     10.698    22.1313 7.2119e+00     2.4576      5.200      7.541     7.0754 0.0000e+00
      5.310      0.040     5.9210     48.549     38.949  24.979304     1.3164     10.696    22.0857 7.1547e+00     2.4644      5.207      7.551     7.0752 0.0000e+00
      5.322      0.044     5.9062     48.497     38.974  24.989690     1.3561     10.694    22.3703 7.0717e+00     2.4306      5.216      7.566     7.0699 0.0000e+00
      5.339      0.047     5.8947     48.442     38.946  24.965560     1.4097     10.693    22.5614 6.9669e+00     2.3223      5.235      7.593     7.0658 0.0000e+00
      5.356      0.047     5.8889     48.415     38.918  24.941224     1.4155     10.692    22.5038 6.8840e+00     2.2139      5.256      7.622     7.0694 0.0000e+00
      5.367      0.045     5.8818     48.385     38.939  24.949106     1.4097     10.690    22.2758 6.8274e+00     2.2477      5.265      7.636     7.0676 0.0000e+00
      5.376      0.041     5.8796     48.313     38.921  24.934012     1.4313     10.688    22.0412 6.7792e+00     2.3891      5.272      7.647     7.0580 0.0000e+00
      5.385      0.040     5.8693     48.240     38.850  24.885566     1.4433     10.685    21.9897 6.7464e+00     2.4541      5.283      7.663     7.0498 0.0000e+00
      5.392      0.041     5.8702     48.182     38.832  24.870689     1.4388     10.683    21.9980 6.7153e+00     2.4194      5.289      7.671     7.0417 0.0000e+00
      5.400      0.042     5.8719     48.129     38.853  24.880971     1.4344     10.682    22.0552 6.6349e+00     2.4132      5.293      7.678     7.0337 0.0000e+00
      5.412      0.042     5.8582     48.089     38.862  24.883051     1.4158     10.680    22.1652 6.5166e+00     2.4815      5.307      7.697     7.0296 0.0000e+00
      5.428      0.041     5.8509     48.084     38.883  24.895830     1.3719     10.677    22.1237 6.4194e+00     2.5278      5.324      7.721     7.0268 0.0000e+00
      5.443      0.040     5.8443     48.117     38.898  24.908645     1.3287     10.674    22.0693 6.3622e+00     2.4956      5.340      7.746     7.0230 0.0000e+00
      5.452      0.039     5.8391     48.195     38.896  24.911160     1.3017     10.671    22.1101 6.3418e+00     2.5017      5.348      7.758     7.0174 0.0000e+00
      5.456      0.036     5.8326     48.314     38.921  24.926245     1.2938     10.670    22.1009 6.3156e+00     2.5334      5.349      7.759     7.0126 0.0000e+00
      5.463      0.035     5.8335     48.444     38.991  24.964202     1.3083     10.669    21.8716 6.2530e+00     2.5718      5.354      7.766     7.0100 0.0000e+00
      5.473      0.036     5.8365     48.577     39.046  24.989571     1.3267     10.667    21.3166 6.1877e+00     2.6917      5.367      7.784     7.0147 0.0000e+00
      5.483      0.037     5.8430     48.689     39.042  24.979300     1.3248     10.665    20.9834 6.1325e+00     2.7533      5.377      7.799     7.0255 0.0000e+00
      5.494      0.039     5.8616     48.754     39.029  24.966836     1.3186     10.663    21.1125 6.0769e+00     2.7366      5.386      7.812     7.0240 0.0000e+00
      5.505      0.039     5.8772     48.762     39.030  24.965702     1.3019     10.661    21.2421 6.0267e+00     2.7284      5.399      7.830     7.0111 0.0000e+00
      5.515      0.037     5.8976     48.699     39.031  24.965590     1.2488     10.659    21.3458 5.9916e+00     2.6539      5.409      7.845     6.9972 0.0000e+00
      5.524      0.034     5.9138     48.557     39.030  24.965486     1.2006     10.657    21.4207 5.9607e+00     2.5197      5.416      7.856     6.9866 0.0000e+00
      5.532      0.031     5.9220     48.344     39.027  24.964447     1.1853     10.656    21.1148 5.9203e+00     2.4381      5.425      7.869     6.9822 0.0000e+00
      5.540      0.027     5.9248     48.105     39.008  24.953022     1.2054     10.653    20.5719 5.8953e+00     2.5213      5.434      7.881     6.9805 0.0000e+00
      5.546      0.025     5.9168     47.899     39.009  24.954185     1.2522     10.651    20.3634 5.8932e+00     2.7058      5.439      7.889     6.9805 0.0000e+00
      5.551      0.025     5.9000     47.716     39.047  24.978505     1.2681     10.649    20.4007 5.8824e+00     2.7563      5.443      7.895     6.9810 0.0000e+00
      5.557      0.026     5.8718     47.545     39.072  24.993405     1.2477     10.648    20.3357 5.8548e+00     2.7215      5.449      7.903     6.9820 0.0000e+00
      5.563      0.027     5.8386     47.435     39.097  25.007504     1.2297     10.646    20.3511 5.8140e+00     2.7628      5.455      7.912     6.9830 0.0000e+00
      5.569      0.029     5.8151     47.389     39.126  25.022131     1.2088     10.644    20.5009 5.7511e+00     2.7779      5.460      7.919     6.9835 0.0000e+00
      5.577      0.031     5.7952     47.357     39.164  25.043411     1.1952     10.642    20.5125 5.6775e+00     2.7329      5.468      7.930     6.9836 0.0000e+00
      5.587      0.031     5.7693     47.337     39.214  25.074545     1.2062     10.640    20.4049 5.6314e+00     2.7321      5.481      7.949     6.9830 0.0000e+00
      5.596      0.031     5.7563     47.327     39.220  25.081472     1.2341     10.638    20.3181 5.6022e+00     2.7678      5.490      7.962     6.9805 0.0000e+00
      5.603      0.030     5.7561     47.305     39.184  25.063748     1.2745     10.635    20.2375 5.5474e+00     2.8218      5.495      7.968     6.9760 0.0000e+00
      5.611      0.027     5.7513     47.264     39.150  25.050516     1.2856     10.633    20.1186 5.4900e+00     2.8044      5.502      7.980     6.9695 0.0000e+00
