Data/DataNotYetUploadedToEDI/Raw_CTD/RawDownloads/040626_fcr50_S7809016.cnv
* Sea-Bird SBE19plus  Data File:
* FileName = C:\R\Reservoirs\Data\DataNotYetUploadedToEDI\Raw_CTD\RawDownloads\051126_FCR_50_S7809_0016.hex
* Software version 2.8.0.119
* Temperature SN = 7809
* Conductivity SN = 7809
* System UpLoad Time = May 11 2026 15:37:40
* <ApplicationData>
* <Seaterm232>
# nquan = 15
# nvalues = 1479                        
# units = specified
# name 0 = depFM: Depth [fresh water, m]
# name 1 = dz/dtM: Descent Rate [m/s]
# name 2 = sbeox0Mg/L: Oxygen, SBE 43 [mg/l]
# name 3 = sbeox0PS: Oxygen, SBE 43 [% saturation]
# name 4 = specc: Specific Conductance [uS/cm]
# name 5 = c0uS/cm: Conductivity [uS/cm]
# name 6 = flECO-AFL: Fluorescence, WET Labs ECO-AFL/FL [mg/m^3]
# name 7 = ph: pH
# name 8 = orp: Oxidation Reduction Potential [mV]
# name 9 = par/sat/log: PAR/Logarithmic, Satlantic
# name 10 = turbWETntu0: Turbidity, WET Labs ECO [NTU]
# name 11 = prdM: Pressure, Strain Gauge [db]
# name 12 = prdE: Pressure, Strain Gauge [psi]
# name 13 = tv290C: Temperature [ITS-90, deg C]
# name 14 = flag:  0.000e+00
# span 0 =     -0.596,      9.733       
# span 1 =     -0.013,      0.278       
# span 2 =     1.3009,    12.8890       
# span 3 =     10.591,    123.145       
# span 4 =      3.087,    226.143       
# span 5 =   2.256801, 142.196262       
# span 6 =    -0.1007,    23.5006       
# span 7 =      9.101,     11.686       
# span 8 = -1190.6162,   395.4751       
# span 9 = 1.2362e-01, 1.8670e+03       
# span 10 =    -0.3198,   283.5905      
# span 11 =     -0.586,      9.546      
# span 12 =     -0.849,     13.846      
# span 13 =     6.4297,    16.9691      
# span 14 = 0.0000e+00, 0.0000e+00      
# interval = seconds: 0.25
# start_time = Apr 06 2026 12:21:29 [Instrument's time stamp, header]
# bad_flag = -9.990e-29
*END*
[from data line 675]
      4.203      0.036     6.4198     54.340     38.171  25.091061     2.2250     11.035    34.2809 2.1393e+01     2.3662      4.120      5.975     7.8675 0.0000e+00
      4.217      0.041     6.4261     54.378     38.166  25.097884     2.2630     11.033    34.2151 2.1141e+01     2.2145      4.135      5.998     7.8551 0.0000e+00
      4.228      0.046     6.4354     54.395     38.154  25.103127     2.2695     11.029    34.2717 2.0997e+01     2.0397      4.148      6.016     7.8476 0.0000e+00
      4.236      0.047     6.4530     54.412     38.119  25.091037     2.2621     11.025    34.3642 2.0784e+01     1.9937      4.152      6.022     7.8538 0.0000e+00
      4.249      0.046     6.4570     54.458     38.090  25.078561     2.2158     11.022    34.6446 2.0410e+01     2.0347      4.164      6.040     7.8627 0.0000e+00
      4.266      0.046     6.4603     54.516     38.084  25.079127     2.1006     11.020    34.9956 2.0091e+01     2.0565      4.187      6.072     7.8754 0.0000e+00
      4.279      0.048     6.4577     54.564     38.107  25.097880     2.0174     11.018    34.9943 1.9947e+01     2.0182      4.200      6.091     7.8975 0.0000e+00
      4.287      0.050     6.4553     54.627     38.134  25.115055     2.0007     11.015    34.7152 1.9822e+01     1.9480      4.203      6.096     7.9127 0.0000e+00
      4.295      0.050     6.4607     54.714     38.117  25.096520     2.0073     11.012    34.4595 1.9582e+01     1.9254      4.210      6.106     7.9187 0.0000e+00
      4.309      0.049     6.4696     54.793     38.088  25.064035     2.0548     11.011    34.3123 1.9256e+01     1.9838      4.224      6.126     7.9232 0.0000e+00
      4.326      0.048     6.4709     54.839     38.085  25.039355     2.1343     11.009    34.3981 1.8945e+01     2.0739      4.243      6.154     7.9321 0.0000e+00
      4.343      0.046     6.4776     54.845     38.151  25.051771     2.1698     11.006    34.5506 1.8739e+01     2.1954      4.262      6.181     7.9326 0.0000e+00
      4.355      0.043     6.4931     54.849     38.253  25.087286     2.1762     11.004    34.5207 1.8633e+01     2.3254      4.273      6.198     7.9192 0.0000e+00
      4.363      0.041     6.5037     54.854     38.299  25.088221     2.1621     11.003    34.4672 1.8558e+01     2.3809      4.278      6.205     7.9058 0.0000e+00
      4.369      0.040     6.5171     54.809     38.301  25.063055     2.0904     10.999    34.4201 1.8482e+01     2.3202      4.284      6.213     7.8759 0.0000e+00
      4.375      0.041     6.5206     54.693     38.296  25.036650     2.0259     10.996    34.2095 1.8340e+01     2.2058      4.290      6.222     7.8299 0.0000e+00
      4.385      0.043     6.5283     54.532     38.297  25.022619     2.0223     10.995    33.9851 1.8059e+01     2.2277      4.297      6.233     7.7877 0.0000e+00
      4.401      0.044     6.5381     54.333     38.305  25.020219     2.0473     10.993    33.8583 1.7733e+01     2.3460      4.315      6.259     7.7503 0.0000e+00
      4.418      0.043     6.5397     54.101     38.296  25.007629     2.0448     10.991    33.7950 1.7502e+01     2.3385      4.336      6.288     7.7150 0.0000e+00
      4.430      0.040     6.5287     53.847     38.296  24.997232     2.0168     10.988    33.7356 1.7387e+01     2.2395      4.347      6.304     7.6822 0.0000e+00
      4.437      0.037     6.5125     53.569     38.355  25.021332     1.9998     10.985    33.7427 1.7348e+01     2.2078      4.352      6.313     7.6630 0.0000e+00
      4.442      0.032     6.4904     53.299     38.415  25.045329     1.9974     10.982    33.8808 1.7287e+01     2.2629      4.354      6.315     7.6581 0.0000e+00
      4.448      0.028     6.4610     53.062     38.412  25.033685     2.0045     10.981    33.8567 1.7130e+01     2.2906      4.360      6.323     7.6520 0.0000e+00
      4.457      0.027     6.4360     52.848     38.381  25.007375     1.9947     10.980    33.6231 1.6952e+01     2.2350      4.371      6.341     7.6369 0.0000e+00
      4.466      0.027     6.4028     52.681     38.347  24.980894     1.9626     10.977    33.2926 1.6844e+01     2.2045      4.381      6.355     7.6158 0.0000e+00
      4.471      0.027     6.3723     52.570     38.334  24.967173     1.9742     10.974    32.8721 1.6771e+01     2.2641      4.385      6.360     7.5942 0.0000e+00
      4.476      0.026     6.3487     52.480     38.344  24.968298     2.0268     10.971    32.4106 1.6659e+01     2.3067      4.389      6.365     7.5811 0.0000e+00
      4.483      0.024     6.3212     52.401     38.393  24.994495     2.0413     10.969    32.1016 1.6536e+01     2.2413      4.396      6.376     7.5765 0.0000e+00
      4.490      0.023     6.3008     52.354     38.456  25.030239     2.0235     10.968    32.0608 1.6454e+01     2.1571      4.404      6.387     7.5714 0.0000e+00
      4.496      0.023     6.2923     52.320     38.448  25.019955     2.0118     10.965    32.0041 1.6403e+01     2.1765      4.410      6.396     7.5638 0.0000e+00
      4.500      0.023     6.2827     52.279     38.422  24.996990     2.0168     10.962    31.7598 1.6378e+01     2.3390      4.414      6.402     7.5558 0.0000e+00
      4.505      0.022     6.2720     52.244     38.446  25.006245     2.0248     10.962    31.5168 1.6314e+01     2.5167      4.416      6.406     7.5490 0.0000e+00
      4.512      0.021     6.2690     52.214     38.452  25.005008     2.0170     10.961    31.4752 1.6194e+01     2.5487      4.423      6.416     7.5428 0.0000e+00
      4.519      0.022     6.2679     52.189     38.422  24.982023     2.0225     10.958    31.4286 1.6135e+01     2.5892      4.432      6.429     7.5365 0.0000e+00
      4.524      0.023     6.2618     52.173     38.427  24.982013     2.0326     10.954    31.3835 1.6138e+01     2.6651      4.437      6.437     7.5285 0.0000e+00
      4.527      0.025     6.2601     52.152     38.468  25.004884     2.0069     10.952    31.5315 1.6100e+01     2.6469      4.440      6.439     7.5195 0.0000e+00
      4.531      0.027     6.2574     52.121     38.474  25.004876     1.9696     10.951    31.5841 1.5990e+01     2.5743      4.442      6.442     7.5121 0.0000e+00
      4.540      0.029     6.2546     52.093     38.442  24.981901     1.9471     10.949    31.5031 1.5839e+01     2.4697      4.451      6.455     7.5073 0.0000e+00
      4.550      0.031     6.2545     52.072     38.442  24.980766     1.9354     10.946    31.4980 1.5705e+01     2.4073      4.464      6.474     7.5042 0.0000e+00
      4.560      0.032     6.2526     52.044     38.459  24.991153     1.9269     10.943    31.4365 1.5585e+01     2.3328      4.473      6.487     7.4995 0.0000e+00
      4.568      0.031     6.2492     51.986     38.445  24.980662     1.9121     10.942    31.1899 1.5455e+01     2.2178      4.479      6.497     7.4938 0.0000e+00
      4.576      0.029     6.2456     51.878     38.448  24.980756     1.8977     10.940    30.9251 1.5334e+01     2.2117      4.487      6.508     7.4900 0.0000e+00
      4.583      0.025     6.2451     51.785     38.468  24.992286     1.9019     10.937    30.8158 1.5216e+01     2.3614      4.495      6.519     7.4892 0.0000e+00
      4.589      0.022     6.2406     51.748     38.470  24.993231     1.9219     10.935    30.8152 1.5101e+01     2.5254      4.501      6.528     7.4894 0.0000e+00
      4.595      0.020     6.2385     51.700     38.468  24.992184     1.9231     10.933    30.7452 1.5021e+01     2.5207      4.507      6.537     7.4876 0.0000e+00
      4.598      0.018     6.2205     51.624     38.449  24.979623     1.9004     10.931    30.5729 1.4974e+01     2.4413      4.511      6.543     7.4849 0.0000e+00
      4.600      0.016     6.2055     51.563     38.432  24.968197     1.9209     10.930    30.4521 1.4886e+01     2.4192      4.510      6.542     7.4829 0.0000e+00
      4.605      0.015     6.2086     51.539     38.452  24.980872     1.9967     10.927    30.3162 1.4727e+01     2.3894      4.514      6.547     7.4824 0.0000e+00
      4.610      0.015     6.2021     51.549     38.491  25.006030     2.0430     10.923    30.0489 1.4597e+01     2.3542      4.523      6.560     7.4827 0.0000e+00
      4.614      0.015     6.1907     51.592     38.510  25.018704     2.0320     10.921    29.8017 1.4522e+01     2.3354      4.527      6.566     7.4824 0.0000e+00
      4.616      0.015     6.1819     51.629     38.491  25.007279     2.0045     10.920    29.6497 1.4408e+01     2.2646      4.526      6.564     7.4820 0.0000e+00
      4.620      0.013     6.1809     51.630     38.471  24.994728     1.9940     10.918    29.5012 1.4248e+01     2.2500      4.530      6.570     7.4812 0.0000e+00
      4.625      0.012     6.1802     51.629     38.469  24.993793     1.9965     10.916    29.2977 1.4119e+01     2.2952      4.537      6.580     7.4806 0.0000e+00
      4.630      0.013     6.1878     51.644     38.472  24.995975     1.9837     10.913    29.0812 1.4062e+01     2.2306      4.541      6.587     7.4814 0.0000e+00
      4.631      0.014     6.1949     51.663     38.510  25.021115     1.9558     10.910    28.9492 1.4031e+01     2.1517      4.542      6.586     7.4828 0.0000e+00
      4.631      0.015     6.1912     51.669     38.544  25.044081     1.9260     10.907    28.9062 1.3950e+01     2.1960      4.540      6.584     7.4836 0.0000e+00
      4.635      0.018     6.1910     51.670     38.507  25.019981     1.9059     10.905    28.8199 1.3811e+01     2.2877      4.544      6.591     7.4838 0.0000e+00
      4.642      0.021     6.1930     51.672     38.452  24.983398     1.9044     10.903    28.6801 1.3657e+01     2.2695      4.553      6.603     7.4840 0.0000e+00
      4.649      0.024     6.1970     51.666     38.454  24.982263     1.9001     10.901    28.5929 1.3523e+01     2.1817      4.559      6.612     7.4844 0.0000e+00
      4.655      0.026     6.1963     51.661     38.499  25.006260     1.8868     10.900    28.5389 1.3406e+01     2.2166      4.564      6.619     7.4854 0.0000e+00
      4.663      0.026     6.1957     51.642     38.525  25.019869     1.8768     10.898    28.4584 1.3308e+01     2.3490      4.573      6.632     7.4861 0.0000e+00
      4.670      0.025     6.1980     51.592     38.527  25.019963     1.8712     10.896    28.3924 1.3252e+01     2.4168      4.581      6.644     7.4859 0.0000e+00
      4.675      0.024     6.1955     51.532     38.510  25.007394     1.8685     10.893    28.4301 1.3198e+01     2.3526      4.585      6.649     7.4821 0.0000e+00
      4.681      0.022     6.1975     51.465     38.495  24.994729     1.8445     10.891    28.4843 1.3120e+01     2.2565      4.590      6.658     7.4746 0.0000e+00
      4.687      0.020     6.1977     51.377     38.497  24.993673     1.8133     10.889    28.4455 1.3070e+01     2.2451      4.597      6.668     7.4701 0.0000e+00
      4.693      0.019     6.1893     51.264     38.500  24.994616     1.8162     10.886    28.3053 1.3056e+01     2.2832      4.603      6.675     7.4687 0.0000e+00
      4.696      0.020     6.1829     51.129     38.515  25.006136     1.8130     10.884    28.0793 1.3042e+01     2.3076      4.606      6.679     7.4676 0.0000e+00
      4.698      0.022     6.1762     50.977     38.510  25.006125     1.7664     10.882    27.8646 1.2987e+01     2.3691      4.606      6.681     7.4643 0.0000e+00
      4.702      0.025     6.1663     50.795     38.494  24.994490     1.7101     10.880    27.7741 1.2876e+01     2.5150      4.610      6.686     7.4588 0.0000e+00
      4.710      0.029     6.1534     50.616     38.497  24.992289     1.6900     10.878    27.7593 1.2767e+01     2.6024      4.619      6.699     7.4568 0.0000e+00
      4.720      0.032     6.1352     50.496     38.481  24.979511     1.7068     10.877    27.6848 1.2662e+01     2.5719      4.629      6.714     7.4605 0.0000e+00
      4.730      0.033     6.1183     50.444     38.470  24.966830     1.7049     10.876    27.5615 1.2534e+01     2.4871      4.639      6.728     7.4680 0.0000e+00
      4.740      0.033     6.0949     50.438     38.488  24.965792     1.6595     10.874    27.3878 1.2426e+01     2.3969      4.649      6.743     7.4658 0.0000e+00
      4.748      0.031     6.0708     50.447     38.514  24.966937     1.6068     10.872    27.2192 1.2351e+01     2.3358      4.657      6.754     7.4558 0.0000e+00
      4.755      0.028     6.0573     50.457     38.557  24.980671     1.5751     10.869    27.0716 1.2278e+01     2.2600      4.663      6.763     7.4555 0.0000e+00
      4.763      0.026     6.0524     50.484     38.607  25.004999     1.5674     10.867    26.8931 1.2218e+01     2.1984      4.671      6.775     7.4521 0.0000e+00
      4.769      0.024     6.0558     50.519     38.617  25.007401     1.5806     10.865    26.7818 1.2190e+01     2.2409      4.677      6.785     7.4342 0.0000e+00
      4.773      0.024     6.0620     50.552     38.616  25.009707     1.6017     10.862    26.7593 1.2140e+01     2.3970      4.679      6.787     7.4092 0.0000e+00
      4.778      0.023     6.0640     50.594     38.636  25.032882     1.6233     10.859    26.7927 1.2040e+01     2.5487      4.684      6.794     7.3900 0.0000e+00
      4.784      0.023     6.0692     50.634     38.618  25.033938     1.6248     10.857    26.8416 1.1947e+01     2.5385      4.692      6.805     7.3806 0.0000e+00
      4.791      0.024     6.0763     50.683     38.583  25.022492     1.6191     10.856    26.8351 1.1881e+01     2.4104      4.700      6.816     7.3734 0.0000e+00
      4.797      0.025     6.0768     50.752     38.573  25.021347     1.6546     10.854    26.7994 1.1820e+01     2.3318      4.705      6.825     7.3780 0.0000e+00
      4.802      0.025     6.0820     50.819     38.569  25.020089     1.6971     10.852    26.6683 1.1755e+01     2.3396      4.709      6.830     7.3936 0.0000e+00
      4.807      0.025     6.0832     50.874     38.550  25.007283     1.7086     10.850    26.4549 1.1667e+01     2.3676      4.714      6.836     7.4114 0.0000e+00
      4.814      0.025     6.0848     50.918     38.536  24.993351     1.7018     10.847    26.3703 1.1562e+01     2.3287      4.721      6.847     7.4286 0.0000e+00
      4.823      0.028     6.0949     50.951     38.527  24.978468     1.6983     10.845    26.3329 1.1499e+01     2.2794      4.731      6.862     7.4335 0.0000e+00
      4.829      0.032     6.1026     50.980     38.507  24.954160     1.7072     10.844    26.2611 1.1468e+01     2.3182      4.736      6.869     7.4339 0.0000e+00
      4.834      0.033     6.1093     51.012     38.517  24.953102     1.7007     10.842    26.2763 1.1393e+01     2.3191      4.739      6.873     7.4349 0.0000e+00
      4.844      0.033     6.1153     51.042     38.536  24.965671     1.6778     10.839    26.4312 1.1262e+01     2.2562      4.749      6.887     7.4298 0.0000e+00
      4.858      0.031     6.1209     51.042     38.547  24.979296     1.6553     10.836    26.4127 1.1144e+01     2.2757      4.765      6.911     7.4160 0.0000e+00
      4.869      0.027     6.1270     51.017     38.554  24.991015     1.6537     10.834    26.0525 1.1074e+01     2.4181      4.777      6.928     7.3980 0.0000e+00
      4.874      0.022     6.1319     50.992     38.532  24.980532     1.6756     10.831    25.8624 1.1012e+01     2.5776      4.780      6.932     7.3869 0.0000e+00
      4.878      0.017     6.1378     50.967     38.536  24.979389     1.6783     10.828    25.9206 1.0979e+01     2.5990      4.784      6.939     7.3884 0.0000e+00
      4.880      0.012     6.1359     50.947     38.550  24.977199     1.6536     10.825    25.8958 1.1004e+01     2.4720      4.787      6.943     7.3991 0.0000e+00
      4.880      0.011     6.1284     50.936     38.533  24.954034     1.6350     10.825    25.8208 1.1017e+01     2.3397      4.785      6.940     7.4094 0.0000e+00
      4.880      0.012     6.1263     50.939     38.552  24.952969     1.6360     10.823    25.7878 1.0977e+01     2.2977      4.784      6.939     7.4181 0.0000e+00
