Data/DataNotYetUploadedToEDI/Raw_CTD/RawDownloads/040626_fcr50_S7809016.cnv
* Sea-Bird SBE19plus  Data File:
* FileName = C:\R\Reservoirs\Data\DataNotYetUploadedToEDI\Raw_CTD\RawDownloads\051126_FCR_50_S7809_0016.hex
* Software version 2.8.0.119
* Temperature SN = 7809
* Conductivity SN = 7809
* System UpLoad Time = May 11 2026 15:37:40
* <ApplicationData>
* <Seaterm232>
# nquan = 15
# nvalues = 1479                        
# units = specified
# name 0 = depFM: Depth [fresh water, m]
# name 1 = dz/dtM: Descent Rate [m/s]
# name 2 = sbeox0Mg/L: Oxygen, SBE 43 [mg/l]
# name 3 = sbeox0PS: Oxygen, SBE 43 [% saturation]
# name 4 = specc: Specific Conductance [uS/cm]
# name 5 = c0uS/cm: Conductivity [uS/cm]
# name 6 = flECO-AFL: Fluorescence, WET Labs ECO-AFL/FL [mg/m^3]
# name 7 = ph: pH
# name 8 = orp: Oxidation Reduction Potential [mV]
# name 9 = par/sat/log: PAR/Logarithmic, Satlantic
# name 10 = turbWETntu0: Turbidity, WET Labs ECO [NTU]
# name 11 = prdM: Pressure, Strain Gauge [db]
# name 12 = prdE: Pressure, Strain Gauge [psi]
# name 13 = tv290C: Temperature [ITS-90, deg C]
# name 14 = flag:  0.000e+00
# span 0 =     -0.596,      9.733       
# span 1 =     -0.013,      0.278       
# span 2 =     1.3009,    12.8890       
# span 3 =     10.591,    123.145       
# span 4 =      3.087,    226.143       
# span 5 =   2.256801, 142.196262       
# span 6 =    -0.1007,    23.5006       
# span 7 =      9.101,     11.686       
# span 8 = -1190.6162,   395.4751       
# span 9 = 1.2362e-01, 1.8670e+03       
# span 10 =    -0.3198,   283.5905      
# span 11 =     -0.586,      9.546      
# span 12 =     -0.849,     13.846      
# span 13 =     6.4297,    16.9691      
# span 14 = 0.0000e+00, 0.0000e+00      
# interval = seconds: 0.25
# start_time = Apr 06 2026 12:21:29 [Instrument's time stamp, header]
# bad_flag = -9.990e-29
*END*
[from data line 868]
      5.624      0.020     5.7493     47.068     39.106  25.037246     1.2502     10.630    20.0084 5.3969e+00     2.6566      5.516      8.000     6.9728 0.0000e+00
      5.628      0.016     5.7450     46.890     39.111  25.043431     1.2914     10.627    20.3055 5.3452e+00     2.7200      5.519      8.005     6.9800 0.0000e+00
      5.632      0.014     5.7390     46.702     39.135  25.059688     1.3585     10.625    20.7535 5.3171e+00     2.8129      5.523      8.012     6.9907 0.0000e+00
      5.635      0.012     5.7299     46.556     39.112  25.043546     1.3787     10.624    20.8644 5.3077e+00     2.8222      5.526      8.016     7.0027 0.0000e+00
      5.636      0.012     5.7141     46.472     39.110  25.038514     1.3607     10.621    20.6992 5.3052e+00     2.7307      5.527      8.016     7.0122 0.0000e+00
      5.637      0.013     5.6897     46.446     39.154  25.062269     1.3413     10.619    20.5633 5.2915e+00     2.6971      5.527      8.016     7.0153 0.0000e+00
      5.642      0.016     5.6636     46.467     39.184  25.077082     1.3104     10.618    20.4258 5.2599e+00     2.7222      5.532      8.023     7.0164 0.0000e+00
      5.647      0.020     5.6461     46.516     39.213  25.090780     1.2788     10.617    20.3277 5.2264e+00     2.6934      5.539      8.033     7.0145 0.0000e+00
      5.652      0.025     5.6365     46.570     39.238  25.101043     1.2587     10.614    20.4956 5.2024e+00     2.6565      5.543      8.040     7.0090 0.0000e+00
      5.657      0.031     5.6351     46.621     39.207  25.074323     1.2671     10.613    20.9066 5.1774e+00     2.6521      5.546      8.044     7.0031 0.0000e+00
      5.665      0.039     5.6390     46.650     39.135  25.021388     1.3047     10.612    21.0816 5.1241e+00     2.6406      5.553      8.054     6.9966 0.0000e+00
      5.676      0.047     5.6471     46.614     39.062  24.968349     1.3227     10.609    20.9761 5.0533e+00     2.5853      5.566      8.073     6.9921 0.0000e+00
      5.689      0.053     5.6548     46.567     39.032  24.940384     1.3101     10.607    20.9226 4.9869e+00     2.4951      5.579      8.092     6.9857 0.0000e+00
      5.704      0.057     5.6612     46.536     39.043  24.936925     1.3520     10.605    20.8649 4.8986e+00     2.5061      5.592      8.111     6.9751 0.0000e+00
      5.723      0.056     5.6726     46.444     39.041  24.926517     1.4627     10.603    20.7942 4.7930e+00     2.5822      5.612      8.140     6.9655 0.0000e+00
      5.741      0.051     5.6636     46.315     39.072  24.941372     1.5248     10.601    20.6695 4.7085e+00     2.5961      5.633      8.171     6.9591 0.0000e+00
      5.756      0.043     5.6556     46.222     39.147  24.989694     1.5198     10.599    20.4757 4.6415e+00     2.5716      5.645      8.188     6.9484 0.0000e+00
      5.765      0.034     5.6639     46.197     39.166  25.003426     1.5283     10.598    20.5169 4.5925e+00     2.5591      5.655      8.202     6.9325 0.0000e+00
      5.770      0.025     5.6495     46.245     39.130  24.980566     1.5768     10.597    20.6511 4.5665e+00     2.6503      5.660      8.209     6.9198 0.0000e+00
      5.771      0.018     5.6318     46.370     39.111  24.966966     1.6236     10.595    20.6356 4.5420e+00     2.7518      5.658      8.206     6.9133 0.0000e+00
      5.773      0.016     5.6190     46.549     39.111  24.965833     1.6278     10.594    20.6731 4.5136e+00     2.7272      5.660      8.209     6.9143 0.0000e+00
      5.778      0.018     5.6156     46.709     39.116  24.966864     1.6028     10.591    20.7606 4.4975e+00     2.6599      5.667      8.219     6.9193 0.0000e+00
      5.782      0.022     5.6213     46.806     39.143  24.979434     1.5456     10.588    20.4032 4.4943e+00     2.7234      5.670      8.224     6.9185 0.0000e+00
      5.787      0.026     5.6362     46.855     39.168  24.990974     1.4687     10.586    19.7941 4.4738e+00     2.9146      5.674      8.229     6.9151 0.0000e+00
      5.795      0.027     5.6639     46.887     39.155  24.979548     1.4395     10.585    19.6766 4.4318e+00     2.9909      5.682      8.241     6.9155 0.0000e+00
      5.805      0.024     5.6841     46.882     39.139  24.968113     1.4423     10.583    19.9282 4.3938e+00     2.9283      5.693      8.257     6.9132 0.0000e+00
      5.815      0.018     5.6975     46.828     39.149  24.979558     1.3860     10.580    20.1688 4.3693e+00     2.9088      5.703      8.272     6.9066 0.0000e+00
      5.822      0.012     5.7003     46.793     39.153  24.991088     1.2834     10.577    20.3492 4.3657e+00     2.9264      5.713      8.284     6.9004 0.0000e+00
      5.822      0.008     5.7076     46.832     39.128  24.980701     1.2249     10.575    20.3881 4.4038e+00     2.8344      5.713      8.286     6.8950 0.0000e+00
      5.815      0.007     5.7089     46.871     39.130  24.980815     1.2119     10.573    20.1236 4.4489e+00     2.6837      5.702      8.270     6.8921 0.0000e+00
      5.810      0.010     5.6977     46.852     39.158  24.992460     1.2171     10.571    19.8177 4.4319e+00     2.6413      5.695      8.259     6.8989 0.0000e+00
      5.814      0.016     5.6861     46.828     39.173  24.994653     1.2469     10.569    19.7867 4.3704e+00     2.6976      5.699      8.266     6.9142 0.0000e+00
      5.823      0.023     5.6951     46.805     39.203  25.007330     1.2805     10.567    19.9208 4.3180e+00     2.7835      5.710      8.283     6.9244 0.0000e+00
      5.834      0.029     5.7056     46.733     39.229  25.018889     1.2739     10.565    19.9778 4.2710e+00     2.7917      5.721      8.298     6.9214 0.0000e+00
      5.844      0.031     5.6971     46.592     39.217  25.007568     1.2332     10.564    19.8733 4.2321e+00     2.7290      5.732      8.314     6.9113 0.0000e+00
      5.853      0.031     5.6981     46.439     39.207  24.997286     1.2131     10.561    19.9475 4.2192e+00     2.7427      5.741      8.327     6.9010 0.0000e+00
      5.858      0.029     5.6976     46.301     39.248  25.021406     1.2231     10.559    20.3589 4.1958e+00     2.8202      5.744      8.332     6.8927 0.0000e+00
      5.864      0.025     5.6933     46.160     39.287  25.045517     1.2372     10.558    20.7169 4.1569e+00     2.8810      5.750      8.339     6.8865 0.0000e+00
      5.871      0.019     5.6714     46.039     39.270  25.035130     1.2423     10.557    20.7489 4.1348e+00     2.8621      5.757      8.349     6.8813 0.0000e+00
      5.879      0.012     5.6519     45.939     39.246  25.022655     1.2513     10.556    20.6597 4.1165e+00     2.7974      5.765      8.362     6.8767 0.0000e+00
      5.885      0.004     5.6397     45.846     39.233  25.021529     1.2704     10.554    20.5851 4.1086e+00     2.7820      5.774      8.374     6.8736 0.0000e+00
      5.885     -0.003     5.6187     45.794     39.212  25.021529     1.2735     10.550    20.4487 4.1230e+00     2.7439      5.773      8.374     6.8719 0.0000e+00
      5.879     -0.009     5.6045     45.814     39.189  25.022662     1.2562     10.547    20.3014 4.1635e+00     2.6442      5.766      8.364     6.8731 0.0000e+00
      5.871     -0.011     5.5934     45.859     39.192  25.035239     1.2444     10.545    20.4394 4.2230e+00     2.6010      5.758      8.350     6.8758 0.0000e+00
      5.864     -0.009     5.5799     45.894     39.206  25.046769     1.2554     10.544    20.8261 4.2561e+00     2.7001      5.748      8.337     6.8822 0.0000e+00
      5.862     -0.004     5.5665     45.945     39.190  25.035240     1.2734     10.542    21.0196 4.2615e+00     2.8176      5.746      8.334     6.9019 0.0000e+00
      5.865      0.002     5.5706     46.019     39.177  25.022671     1.2698     10.540    21.0583 4.2632e+00     2.7918      5.751      8.342     6.9273 0.0000e+00
      5.868      0.008     5.5756     46.119     39.189  25.021632     1.2528     10.539    21.0355 4.2513e+00     2.7300      5.755      8.347     6.9420 0.0000e+00
      5.871      0.012     5.5769     46.253     39.205  25.022672     1.2521     10.537    20.9160 4.2162e+00     2.7533      5.757      8.350     6.9420 0.0000e+00
      5.876      0.013     5.5843     46.386     39.235  25.035243     1.2700     10.535    20.8176 4.1794e+00     2.7658      5.762      8.357     6.9399 0.0000e+00
      5.880      0.013     5.5933     46.477     39.261  25.046773     1.2857     10.532    20.7923 4.1611e+00     2.7446      5.768      8.366     6.9364 0.0000e+00
      5.882      0.014     5.6070     46.547     39.249  25.035243     1.2912     10.530    20.8674 4.1561e+00     2.7710      5.769      8.367     6.9224 0.0000e+00
      5.883      0.016     5.6256     46.586     39.234  25.022663     1.2952     10.528    20.9517 4.1554e+00     2.8114      5.768      8.366     6.9097 0.0000e+00
      5.887      0.020     5.6474     46.554     39.236  25.021510     1.3179     10.527    20.9513 4.1409e+00     2.8571      5.772      8.371     6.9027 0.0000e+00
      5.892      0.023     5.6560     46.474     39.241  25.021303     1.3484     10.526    20.8628 4.0944e+00     2.8461      5.776      8.378     6.8950 0.0000e+00
      5.900      0.025     5.6654     46.374     39.244  25.020150     1.3571     10.525    20.7426 4.0370e+00     2.7458      5.785      8.391     6.8896 0.0000e+00
      5.910      0.027     5.6757     46.271     39.227  25.007570     1.3723     10.523    20.7026 4.0130e+00     2.7379      5.796      8.407     6.8869 0.0000e+00
      5.917      0.027     5.6675     46.174     39.211  24.996040     1.3996     10.520    20.6369 4.0104e+00     2.8189      5.805      8.419     6.8839 0.0000e+00
      5.922      0.025     5.6591     46.078     39.231  25.007570     1.4045     10.518    20.5501 3.9994e+00     2.8709      5.809      8.425     6.8801 0.0000e+00
      5.927      0.022     5.6460     45.991     39.251  25.020140     1.3811     10.517    20.5134 3.9833e+00     2.8551      5.812      8.429     6.8759 0.0000e+00
      5.933      0.019     5.6333     45.931     39.251  25.021180     1.3323     10.515    20.3656 3.9494e+00     2.7641      5.818      8.438     6.8731 0.0000e+00
      5.940      0.018     5.6227     45.895     39.246  25.020154     1.3060     10.513    20.3114 3.9026e+00     2.7274      5.827      8.451     6.8721 0.0000e+00
      5.944      0.019     5.6102     45.857     39.226  25.007740     1.3215     10.512    20.4609 3.8799e+00     2.7868      5.830      8.457     6.8703 0.0000e+00
      5.946      0.020     5.5995     45.809     39.213  24.997917     1.3199     10.510    20.5379 3.8722e+00     2.7993      5.829      8.455     6.8692 0.0000e+00
      5.949      0.020     5.5909     45.755     39.266  25.028213     1.2862     10.508    20.3823 3.8456e+00     2.7078      5.833      8.459     6.8714 0.0000e+00
      5.955      0.020     5.5891     45.718     39.315  25.056955     1.2552     10.506    20.1282 3.8041e+00     2.6709      5.839      8.469     6.8742 0.0000e+00
      5.963      0.021     5.5829     45.708     39.270  25.028337     1.2533     10.505    19.9607 3.7654e+00     2.7628      5.848      8.481     6.8766 0.0000e+00
      5.970      0.022     5.5782     45.699     39.223  24.999291     1.2799     10.505    19.8202 3.7455e+00     2.7940      5.856      8.493     6.8747 0.0000e+00
      5.975      0.022     5.5712     45.693     39.258  25.022848     1.2855     10.503    19.8061 3.7495e+00     2.7066      5.860      8.500     6.8676 0.0000e+00
      5.979      0.021     5.5654     45.694     39.313  25.059495     1.2718     10.500    19.8765 3.7544e+00     2.7318      5.863      8.504     6.8645 0.0000e+00
      5.983      0.018     5.5675     45.679     39.314  25.061870     1.2889     10.498    19.8960 3.7341e+00     2.8585      5.866      8.509     6.8651 0.0000e+00
      5.989      0.016     5.5653     45.661     39.291  25.051576     1.3090     10.497    19.8703 3.6914e+00     2.8722      5.872      8.518     6.8660 0.0000e+00
      5.994      0.016     5.5625     45.657     39.301  25.061867     1.2896     10.495    19.7377 3.6612e+00     2.7953      5.880      8.528     6.8690 0.0000e+00
      5.998      0.017     5.5661     45.648     39.294  25.059468     1.2547     10.493    19.6692 3.6507e+00     2.7141      5.883      8.532     6.8696 0.0000e+00
      6.000      0.019     5.5626     45.647     39.235  25.022572     1.2527     10.491    19.7306 3.6385e+00     2.7107      5.884      8.534     6.8705 0.0000e+00
      6.002      0.023     5.5569     45.656     39.194  24.996280     1.2737     10.489    19.7056 3.6227e+00     2.7884      5.886      8.537     6.8781 0.0000e+00
      6.007      0.029     5.5593     45.658     39.198  24.995241     1.2591     10.487    19.6256 3.5977e+00     2.7993      5.890      8.542     6.8847 0.0000e+00
      6.015      0.035     5.5556     45.675     39.235  25.010003     1.2175     10.486    19.6236 3.5479e+00     2.7736      5.898      8.554     6.8855 0.0000e+00
      6.027      0.042     5.5550     45.696     39.316  25.047921     1.2036     10.485    19.7674 3.4697e+00     2.7509      5.910      8.572     6.8863 0.0000e+00
      6.041      0.048     5.5590     45.708     39.376  25.073173     1.2156     10.484    19.9881 3.3974e+00     2.6958      5.924      8.592     6.8877 0.0000e+00
      6.054      0.050     5.5558     45.716     39.374  25.061644     1.2053     10.483    20.0544 3.3593e+00     2.6883      5.937      8.611     6.8842 0.0000e+00
      6.068      0.047     5.5616     45.681     39.344  25.035353     1.1628     10.480    20.0530 3.3281e+00     2.6948      5.951      8.631     6.8726 0.0000e+00
      6.082      0.040     5.5676     45.515     39.309  25.008959     1.1426     10.478    20.0572 3.2953e+00     2.7407      5.965      8.651     6.8531 0.0000e+00
      6.094      0.031     5.5703     45.226     39.290  24.996182     1.1520     10.475    20.0191 3.2765e+00     2.8322      5.979      8.671     6.8343 0.0000e+00
      6.101      0.025     5.5746     45.026     39.305  25.007702     1.1510     10.473    20.0225 3.2737e+00     2.8111      5.986      8.681     6.8216 0.0000e+00
      6.102      0.021     5.5759     45.018     39.324  25.021414     1.1230     10.471    20.1844 3.2842e+00     2.6901      5.985      8.681     6.8131 0.0000e+00
      6.102      0.019     5.5608     45.066     39.347  25.035135     1.0794     10.471    20.4285 3.2908e+00     2.6336      5.983      8.678     6.8080 0.0000e+00
      6.105      0.020     5.5097     45.046     39.369  25.046770     1.0650     10.469    20.4785 3.2859e+00     2.7087      5.984      8.679     6.8061 0.0000e+00
      6.112      0.022     5.4791     44.981     39.353  25.035250     1.0904     10.467    20.3584 3.2648e+00     2.8125      5.993      8.693     6.8107 0.0000e+00
      6.121      0.026     5.4880     44.943     39.333  25.022688     1.1115     10.466    20.2667 3.2255e+00     2.8633      6.004      8.708     6.8146 0.0000e+00
      6.130      0.029     5.5007     44.960     39.333  25.021711     1.1207     10.464    20.2303 3.1882e+00     2.8787      6.011      8.719     6.8117 0.0000e+00
      6.136      0.030     5.4957     44.994     39.341  25.023436     1.1437     10.462    20.1765 3.1641e+00     2.9309      6.018      8.729     6.8088 0.0000e+00
      6.142      0.031     5.4841     44.975     39.379  25.043543     1.1731     10.460    20.1330 3.1475e+00     3.0505      6.023      8.736     6.8059 0.0000e+00
      6.151      0.032     5.4789     44.925     39.434  25.074560     1.2101     10.460    20.1341 3.1257e+00     3.0944      6.031      8.748     6.8064 0.0000e+00
      6.160      0.033     5.4809     44.916     39.451  25.081374     1.2492     10.459    20.1041 3.1057e+00     3.0177      6.042      8.764     6.8076 0.0000e+00
