Data/DataNotYetUploadedToEDI/Raw_CTD/RawDownloads/040626_fcr40_S7809015.cnv
* Sea-Bird SBE19plus  Data File:
* FileName = C:\R\Reservoirs\Data\DataNotYetUploadedToEDI\Raw_CTD\RawDownloads\051126_FCR_50_S7809_0015.hex
* Software version 2.8.0.119
* Temperature SN = 7809
* Conductivity SN = 7809
* System UpLoad Time = May 11 2026 15:36:54
* <ApplicationData>
* <Seaterm232>
# nquan = 15
# nvalues = 1311                        
# units = specified
# name 0 = depFM: Depth [fresh water, m]
# name 1 = dz/dtM: Descent Rate [m/s]
# name 2 = sbeox0Mg/L: Oxygen, SBE 43 [mg/l]
# name 3 = sbeox0PS: Oxygen, SBE 43 [% saturation]
# name 4 = specc: Specific Conductance [uS/cm]
# name 5 = c0uS/cm: Conductivity [uS/cm]
# name 6 = flECO-AFL: Fluorescence, WET Labs ECO-AFL/FL [mg/m^3]
# name 7 = ph: pH
# name 8 = orp: Oxidation Reduction Potential [mV]
# name 9 = par/sat/log: PAR/Logarithmic, Satlantic
# name 10 = turbWETntu0: Turbidity, WET Labs ECO [NTU]
# name 11 = prdM: Pressure, Strain Gauge [db]
# name 12 = prdE: Pressure, Strain Gauge [psi]
# name 13 = tv290C: Temperature [ITS-90, deg C]
# name 14 = flag:  0.000e+00
# span 0 =     -0.599,      5.084       
# span 1 =     -0.039,      0.278       
# span 2 =     4.3244,    12.4962       
# span 3 =     36.005,    117.099       
# span 4 =      2.253,     40.812       
# span 5 =   1.795273,  31.224713       
# span 6 =    -0.1311,    20.3404       
# span 7 =     -2.397,     11.732       
# span 8 = -1173.2686,   889.4900       
# span 9 = 7.9763e+00, 1.8021e+03       
# span 10 =     0.0594,   498.2826      
# span 11 =     -0.588,      4.987      
# span 12 =     -0.852,      7.233      
# span 13 =     6.9811,    16.7251      
# span 14 = 0.0000e+00, 0.0000e+00      
# interval = seconds: 0.25
# start_time = Apr 06 2026 12:06:12 [Instrument's time stamp, header]
# bad_flag = -9.990e-29
*END*
[from data line 1254]
      4.834      0.025     4.9085     40.917     40.127  25.711195     1.0884     10.431    68.9819 1.0193e+01     3.8735      4.743      6.880     7.0391 0.0000e+00
      4.841      0.020     4.9224     40.949     40.152  25.732126     1.0778     10.429    68.8909 1.0226e+01     3.8559      4.752      6.892     7.0349 0.0000e+00
      4.839      0.015     4.9357     40.951     40.164  25.745461     1.0569     10.427    68.7382 1.0337e+01     3.7410      4.747      6.886     7.0329 0.0000e+00
      4.833      0.014     4.9500     40.937     40.155  25.745590     1.0278     10.425    68.6834 1.0388e+01     3.6117      4.737      6.871     7.0319 0.0000e+00
      4.833      0.017     4.9674     40.882     40.128  25.733692     1.0248     10.423    68.8316 1.0345e+01     3.5899      4.737      6.870     7.0346 0.0000e+00
      4.839      0.024     4.9655     40.828     40.117  25.728461     1.0545     10.421    69.0667 1.0233e+01     3.7159      4.744      6.880     7.0422 0.0000e+00
      4.851      0.031     4.9632     40.797     40.145  25.745757     1.0701     10.420    69.1176 1.0083e+01     3.8721      4.757      6.899     7.0495 0.0000e+00
      4.865      0.037     4.9665     40.771     40.158  25.752561     1.0554     10.418    69.0167 9.9670e+00     3.9071      4.773      6.923     7.0561 0.0000e+00
      4.877      0.041     4.9525     40.747     40.150  25.747302     1.0348     10.417    68.9655 9.8932e+00     3.8320      4.784      6.938     7.0639 0.0000e+00
      4.885      0.044     4.9459     40.696     40.149  25.745582     1.0212     10.414    69.0144 9.8356e+00     3.9884      4.791      6.948     7.0668 0.0000e+00
      4.892      0.046     4.9448     40.607     40.133  25.731764     1.0075     10.412    69.0914 9.7726e+00     4.3635      4.795      6.956     7.0637 0.0000e+00
      4.902      0.046     4.9397     40.546     40.102  25.707068     0.9856     10.411    69.0364 9.6226e+00     4.5070      4.803      6.967     7.0621 0.0000e+00
      4.918      0.044     4.9393     40.542     40.098  25.700665     0.9641     10.408    68.9510 9.4035e+00     4.4943      4.821      6.992     7.0630 0.0000e+00
      4.936      0.040     4.9351     40.553     40.128  25.717762     0.9637     10.406    68.6617 9.2385e+00     4.6539      4.842      7.024     7.0625 0.0000e+00
      4.950      0.035     4.9195     40.552     40.133  25.723527     0.9809     10.405    67.8612 9.1699e+00     4.9674      4.857      7.045     7.0573 0.0000e+00
      4.955      0.031     4.9119     40.554     40.098  25.706954     0.9814     10.404    67.0159 9.1668e+00     5.1084      4.861      7.051     7.0497 0.0000e+00
      4.955      0.028     4.9151     40.579     40.098  25.707644     0.9614     10.403    66.4431 9.1656e+00     5.0266      4.858      7.048     7.0449 0.0000e+00
      4.955      0.028     4.9181     40.608     40.145  25.731870     0.9632     10.401    65.9255 9.1043e+00     5.0717      4.856      7.044     7.0406 0.0000e+00
      4.961      0.031     4.9166     40.622     40.179  25.746182     1.0288     10.399    65.4037 8.9780e+00     5.8586      4.863      7.053     7.0444 0.0000e+00
      4.974      0.036     4.9134     40.616     40.201  25.753835     1.1219     10.397    64.9527 8.8213e+00     7.1966      4.879      7.076     7.0574 0.0000e+00
      4.989      0.039     4.9183     40.598     40.221  25.760972     1.1567     10.395    64.5163 8.6828e+00     7.8921      4.894      7.098     7.0574 0.0000e+00
      5.001      0.039     4.9237     40.587     40.238  25.769054     1.1496     10.393    64.0850 8.5662e+00     8.0176      4.905      7.114     7.0472 0.0000e+00
      5.011      0.036     4.9269     40.566     40.272  25.788134     1.2109     10.391    63.7824 8.4447e+00     9.4991      4.914      7.128     7.0379 0.0000e+00
      5.019      0.031     4.9271     40.510     40.295  25.801395     1.3397     10.389    63.5236 8.3520e+00    12.2773      4.923      7.140     7.0281 0.0000e+00
      5.025      0.026     4.9241     40.430     40.298  25.802549     1.4091     10.386    63.1936 8.3011e+00    13.7689      4.928      7.147     7.0215 0.0000e+00
      5.030      0.022     4.9242     40.338     40.297  25.802087     1.4756     10.385    62.8893 8.2409e+00    14.4169      4.932      7.153     7.0186 0.0000e+00
      5.035      0.020     4.9240     40.230     40.287  25.795808     2.4176     10.384    62.7704 8.1685e+00    20.5223      4.938      7.162     7.0156 0.0000e+00
      5.040      0.018     4.9161     40.114     40.278  25.790043     4.2020     10.383    62.7882 8.1143e+00    31.7036      4.943      7.170     7.0127 0.0000e+00
      5.044      0.016     4.9060     39.987     40.290  25.795809     5.2303     10.381    62.7604 8.0801e+00    38.2495      4.946      7.173     7.0122 0.0000e+00
      5.047      0.015     4.8958     39.866     40.304  25.802100     5.6536     10.379    62.6064 8.0541e+00    43.5788      4.950      7.179     7.0126 0.0000e+00
      5.051      0.015     4.8809     39.765     40.308  25.802683     9.3867     10.377    62.3032 8.0306e+00    96.5834      4.955      7.186     7.0144 0.0000e+00
      5.055      0.015     4.8682     39.681     40.312  25.802848    16.2754     10.376    61.9333 8.0261e+00   193.8547      4.958      7.192     7.0140 0.0000e+00
      5.058      0.014     4.8520     39.611     40.318  25.804101    20.0367     10.374    61.6617 8.0325e+00   246.9541      4.960      7.194     7.0104 0.0000e+00
      5.062      0.013     4.8366     39.552     40.343  25.817834    20.3404     10.372    61.5137 8.0129e+00   252.2758      4.964      7.198     7.0073 0.0000e+00
      5.067      0.012     4.8253     39.516     40.383  25.842049    20.0809     10.371    61.3491 7.9818e+00   258.3020      4.969      7.207     7.0051 0.0000e+00
      5.071      0.010     4.8154     39.509     40.386  25.843194    16.9902     10.369    61.1338 7.9763e+00   319.7479      4.973      7.213     7.0026 0.0000e+00
      5.073      0.008     4.8072     39.494     40.371  25.831673    11.3449     10.367    60.8897 7.9903e+00   432.4361      4.975      7.215     6.9996 0.0000e+00
      5.073      0.007     4.8006     39.479     40.370  25.829594     8.2802     10.365    60.7217 8.0168e+00   493.8859      4.975      7.215     6.9968 0.0000e+00
      5.074      0.005     4.7945     39.490     40.354  25.818064     7.9082     10.364    60.6500 8.0436e+00   498.2826      4.976      7.217     6.9945 0.0000e+00
      5.075      0.004     4.7969     39.448     40.358  25.819094     6.8648     10.363    60.5389 8.0535e+00   485.7322      4.977      7.218     6.9935 0.0000e+00
      5.076      0.004     4.7967     39.345     40.396  25.842052     5.0280     10.361    60.3253 8.0690e+00   461.9039      4.977      7.219     6.9916 0.0000e+00
      5.077      0.004     4.7880     39.253     40.398  25.841958     4.0434     10.359    60.0463 8.0990e+00   448.7114      4.979      7.222     6.9889 0.0000e+00
      5.079      0.004     4.7993     39.180     40.360  25.817952     3.9657     10.356    59.9188 8.1344e+00   445.7472      4.980      7.224     6.9878 0.0000e+00
      5.079      0.004     4.7934     39.119     40.337  25.805485     3.8388     10.354    59.8154 8.1722e+00   425.5854      4.981      7.225     6.9862 0.0000e+00
      5.079      0.003     4.7747     39.055     40.352  25.818075     3.6073     10.353    59.6569 8.1990e+00   388.6797      4.981      7.225     6.9840 0.0000e+00
      5.080      0.003     4.7669     39.002     40.390  25.843330     3.5062     10.352    59.6370 8.2204e+00   368.4797      4.982      7.226     6.9817 0.0000e+00
      5.081      0.002     4.7562     38.979     40.413  25.857158     3.5156     10.350    59.4885 8.2519e+00   365.5706      4.983      7.227     6.9811 0.0000e+00
      5.082      0.002     4.7510     38.971     40.418  25.858414     3.4122     10.348    59.1533 8.2795e+00   352.7209      4.984      7.228     6.9858 0.0000e+00
      5.082      0.002     4.7409     38.970     40.422  25.858529     3.2052     10.347    58.9388 8.2820e+00   329.3253      4.984      7.229     6.9904 0.0000e+00
      5.082      0.001     4.7329     38.965     40.424  25.858540     3.0849     10.345    58.8745 8.2692e+00   316.4494      4.984      7.229     6.9915 0.0000e+00
      5.083      0.001     4.7323     38.961     40.425  25.858541     3.0807     10.343    58.8060 8.2639e+00   314.5471      4.984      7.229     6.9904 0.0000e+00
      5.083      0.001     4.7306     38.975     40.424  25.858541     3.0716     10.341    58.6259 8.2584e+00   306.5989      4.985      7.230     6.9873 0.0000e+00
      5.083      0.001     4.7324     38.985     40.424  25.858541     3.0502     10.341    58.5043 8.2449e+00   299.3927      4.985      7.230     6.9842 0.0000e+00
      5.083 -9.990e-29     4.7316 -9.990e-29 -9.990e-29 -9.990e-29 -9.990e-29 -9.990e-29 -9.990e-29 8.2341e+00 -9.990e-29      4.984      7.229     6.9821 0.0000e+00
      5.083 -9.990e-29     4.7297 -9.990e-29 -9.990e-29 -9.990e-29 -9.990e-29 -9.990e-29 -9.990e-29 8.2334e+00 -9.990e-29      4.985      7.230     6.9811 0.0000e+00
      5.084 -9.990e-29     4.7330 -9.990e-29 -9.990e-29 -9.990e-29 -9.990e-29 -9.990e-29 -9.990e-29 8.2363e+00 -9.990e-29      4.985      7.231     6.9820 0.0000e+00
      5.084 -9.990e-29     4.7352 -9.990e-29 -9.990e-29 -9.990e-29 -9.990e-29 -9.990e-29 -9.990e-29 8.2365e+00 -9.990e-29      4.987      7.233     6.9828 0.0000e+00
