Data/DataNotYetUploadedToEDI/Raw_CTD/RawDownloads/040626_FCR_20_S7809013.cnv
* Sea-Bird SBE19plus  Data File:
* FileName = C:\R\Reservoirs\Data\DataNotYetUploadedToEDI\Raw_CTD\RawDownloads\051126_FCR_50_S7809_0013.hex
* Software version 2.8.0.119
* Temperature SN = 7809
* Conductivity SN = 7809
* System UpLoad Time = May 11 2026 15:35:52
* <ApplicationData>
* <Seaterm232>
# nquan = 15
# nvalues = 717                         
# units = specified
# name 0 = depFM: Depth [fresh water, m]
# name 1 = dz/dtM: Descent Rate [m/s]
# name 2 = sbeox0Mg/L: Oxygen, SBE 43 [mg/l]
# name 3 = sbeox0PS: Oxygen, SBE 43 [% saturation]
# name 4 = specc: Specific Conductance [uS/cm]
# name 5 = c0uS/cm: Conductivity [uS/cm]
# name 6 = flECO-AFL: Fluorescence, WET Labs ECO-AFL/FL [mg/m^3]
# name 7 = ph: pH
# name 8 = orp: Oxidation Reduction Potential [mV]
# name 9 = par/sat/log: PAR/Logarithmic, Satlantic
# name 10 = turbWETntu0: Turbidity, WET Labs ECO [NTU]
# name 11 = prdM: Pressure, Strain Gauge [db]
# name 12 = prdE: Pressure, Strain Gauge [psi]
# name 13 = tv290C: Temperature [ITS-90, deg C]
# name 14 = flag:  0.000e+00
# span 0 =     -0.599,      2.934       
# span 1 =     -0.089,      0.179       
# span 2 =     6.9261,    13.5467       
# span 3 =     68.627,    131.127       
# span 4 =     22.850,     37.875       
# span 5 =  18.008369,  29.889045       
# span 6 =    -0.0983,   157.9086       
# span 7 =     11.134,     12.080       
# span 8 =     8.9771,    76.2533       
# span 9 = 3.2518e+01, 1.4053e+03       
# span 10 =     1.8430,   202.8699      
# span 11 =     -0.589,      2.877      
# span 12 =     -0.854,      4.173      
# span 13 =    10.5808,    15.3198      
# span 14 = 0.0000e+00, 0.0000e+00      
# interval = seconds: 0.25
# start_time = Apr 06 2026 11:21:57 [Instrument's time stamp, header]
# bad_flag = -9.990e-29
*END*
[from data line 97]
      0.097      0.003     8.0130     78.479     36.637  29.345215     3.5898     11.541    43.8593 4.2564e+01     2.0639      0.095      0.137    15.0655 0.0000e+00
      0.095      0.001     7.9887     78.207     36.641  29.346878     3.6052     11.543    42.8912 4.2623e+01     2.0611      0.093      0.134    15.0575 0.0000e+00
      0.097     -0.003     7.9761     77.964     36.651  29.354402     3.6230     11.544    36.6879 4.2482e+01     2.1426      0.095      0.137    15.0513 0.0000e+00
      0.101     -0.003     7.9458     77.668     36.675  29.372758     3.6224     11.546    27.1899 4.2603e+01     2.1958      0.101      0.146    15.0471 0.0000e+00
      0.100     -0.001     7.8974     77.338     36.682  29.378525     3.6141     11.546    27.1686 4.3421e+01     2.1574      0.101      0.146    15.0442 0.0000e+00
      0.094      0.003     7.8783     77.010     36.658  29.360702     3.5976     11.546    36.6036 4.3986e+01     2.0551      0.092      0.132    15.0423 0.0000e+00
      0.089      0.005     7.8576     76.765     36.640  29.347554     3.5813     11.548    41.5480 4.3449e+01     2.0170      0.084      0.121    15.0416 0.0000e+00
      0.092      0.007     7.8238     76.632     36.638  29.346410     3.5660     11.550    38.2522 4.2199e+01     2.0381      0.087      0.127    15.0404 0.0000e+00
      0.102      0.008     7.7931     76.565     36.646  29.346873     3.5466     11.552    29.7937 4.1742e+01     2.0031      0.101      0.147    15.0411 0.0000e+00
      0.110      0.010     7.7531     76.470     36.667  29.353145     3.5298     11.552    22.2188 4.2168e+01     1.9695      0.111      0.161    15.0424 0.0000e+00
      0.110      0.010     7.7286     76.291     36.682  29.358798     3.5374     11.551    22.2931 4.2156e+01     2.0073      0.109      0.158    15.0443 0.0000e+00
      0.106      0.008     7.7155     76.088     36.676  29.351783     3.6303     11.551    27.4225 4.2071e+01     2.0845      0.102      0.148    15.0498 0.0000e+00
      0.105      0.004     7.7141     75.903     36.653  29.331761     3.7790     11.552    31.7545 4.2216e+01     2.0843      0.101      0.148    15.0411 0.0000e+00
      0.109      0.002     7.7121     75.705     36.625  29.307003     3.8379     11.554    32.9420 4.2071e+01     2.0040      0.107      0.155    15.0201 0.0000e+00
      0.113      0.002     7.6904     75.476     36.626  29.306160     3.8099     11.554    30.5092 4.1751e+01     2.0013      0.111      0.160    15.0107 0.0000e+00
      0.113      0.002     7.6686     75.231     36.646  29.321568     3.7648     11.556    30.7327 4.1736e+01     2.0866      0.112      0.162    15.0110 0.0000e+00
      0.112      0.001     7.6521     75.001     36.623  29.303001     3.7087     11.559    34.0082 4.2183e+01     2.1136      0.110      0.160    15.0098 0.0000e+00
      0.110     -0.002     7.6339     74.837     36.586  29.271957     3.6889     11.560    33.5470 4.2366e+01     2.0536      0.108      0.157    15.0063 0.0000e+00
      0.110     -0.004     7.6098     74.742     36.578  29.263370     3.6912     11.561    29.1147 4.2163e+01     1.9761      0.108      0.156    15.0032 0.0000e+00
      0.110     -0.005     7.5853     74.648     36.581  29.262604     3.7037     11.561    23.3503 4.2359e+01     1.9618      0.108      0.157    15.0023 0.0000e+00
      0.109     -0.004     7.5587     74.510     36.583  29.262690     3.7568     11.561    23.1316 4.2931e+01     2.0519      0.107      0.156    15.0028 0.0000e+00
      0.106     -0.003     7.5418     74.331     36.586  29.264408     3.7842     11.561    28.5352 4.2802e+01     2.0750      0.103      0.151    15.0016 0.0000e+00
      0.103      0.000     7.5368     74.122     36.610  29.283374     3.7690     11.563    33.2757 4.2771e+01     1.9673      0.100      0.146    14.9980 0.0000e+00
      0.102      0.003     7.5300     73.932     36.634  29.301712     3.7815     11.565    35.4501 4.3854e+01     1.9113      0.099      0.144    14.9938 0.0000e+00
      0.104      0.005     7.5152     73.783     36.627  29.295841     3.8175     11.566    33.3164 4.4245e+01     1.9782      0.102      0.148    14.9905 0.0000e+00
      0.109      0.005     7.4979     73.603     36.604  29.275820     3.8386     11.567    29.9329 4.3635e+01     2.0597      0.107      0.155    14.9888 0.0000e+00
      0.113      0.004     7.4751     73.405     36.574  29.249938     3.8370     11.568    26.5476 4.3385e+01     2.0424      0.111      0.161    14.9894 0.0000e+00
      0.114      0.002     7.4522     73.234     36.559  29.236620     3.8391     11.567    22.4980 4.3570e+01     2.0088      0.113      0.164    14.9900 0.0000e+00
      0.112      0.000     7.4441     73.022     36.567  29.241648     3.8641     11.566    25.2795 4.3871e+01     2.0278      0.111      0.161    14.9885 0.0000e+00
      0.109     -0.000     7.4251     72.775     36.574  29.247299     3.8902     11.567    33.4215 4.4451e+01     2.0682      0.106      0.155    14.9863 0.0000e+00
      0.108      0.000     7.3998     72.546     36.566  29.241522     3.9131     11.570    38.2585 4.5064e+01     2.1215      0.104      0.151    14.9841 0.0000e+00
      0.108      0.001     7.3905     72.326     36.559  29.235225     3.9240     11.573    40.2275 4.5351e+01     2.0920      0.105      0.152    14.9818 0.0000e+00
      0.110      0.002     7.3678     72.135     36.560  29.234592     3.9217     11.575    40.5360 4.5177e+01     2.0185      0.107      0.156    14.9805 0.0000e+00
      0.113      0.003     7.3380     71.963     36.560  29.233874     3.9447     11.577    39.1500 4.5387e+01     2.0522      0.110      0.160    14.9807 0.0000e+00
      0.114      0.003     7.3194     71.770     36.553  29.226538     3.9773     11.578    36.0313 4.6326e+01     2.1242      0.112      0.162    14.9811 0.0000e+00
      0.114      0.003     7.2933     71.567     36.533  29.209325     3.9738     11.580    35.0053 4.5988e+01     2.1363      0.112      0.162    14.9803 0.0000e+00
      0.113      0.003     7.2757     71.398     36.543  29.216036     3.9367     11.582    37.1557 4.5278e+01     2.0967      0.110      0.161    14.9786 0.0000e+00
      0.113      0.002     7.2608     71.246     36.579  29.244248     3.8951     11.582    37.7682 4.5741e+01     2.0557      0.110      0.160    14.9768 0.0000e+00
      0.114      0.002     7.2414     71.046     36.566  29.233282     3.8861     11.582    39.0557 4.5890e+01     2.0847      0.112      0.162    14.9747 0.0000e+00
      0.116      0.002     7.2184     70.816     36.538  29.210312     3.9026     11.584    41.8825 4.5709e+01     2.1055      0.114      0.165    14.9729 0.0000e+00
      0.117      0.003     7.2013     70.601     36.551  29.220237     3.8199     11.586    43.0384 4.5717e+01     2.0335      0.115      0.167    14.9716 0.0000e+00
      0.116      0.004     7.1922     70.425     36.559  29.226424     3.6358     11.588    42.8786 4.5501e+01     1.9321      0.113      0.164    14.9702 0.0000e+00
      0.115      0.004     7.1686     70.279     36.553  29.221689     3.5330     11.590    42.7899 4.5009e+01     1.9036      0.111      0.161    14.9695 0.0000e+00
      0.117      0.003     7.1450     70.134     36.558  29.226414     3.5265     11.591    42.9122 4.4757e+01     1.9967      0.114      0.165    14.9686 0.0000e+00
      0.120      0.001     7.1215     69.988     36.549  29.220128     3.4733     11.593    42.9804 4.4724e+01     2.0673      0.119      0.173    14.9674 0.0000e+00
      0.122     -0.002     7.1048     69.853     36.534  29.209114     3.3637     11.596    42.9260 4.4334e+01     2.0058      0.121      0.176    14.9679 0.0000e+00
      0.122     -0.006     7.0911     69.719     36.548  29.220108     3.3166     11.597    42.9424 4.4057e+01     1.9698      0.120      0.174    14.9686 0.0000e+00
      0.118     -0.009     7.0764     69.573     36.556  29.226186     3.3121     11.599    43.1792 4.4539e+01     2.0431      0.116      0.170    14.9695 0.0000e+00
      0.112     -0.011     7.0608     69.426     36.548  29.219172     3.2754     11.601    43.4660 4.5389e+01     2.1405      0.110      0.160    14.9705 0.0000e+00
      0.107     -0.011     7.0469     69.283     36.522  29.198738     3.2230     11.602    43.5708 4.5522e+01     2.1227      0.104      0.150    14.9716 0.0000e+00
      0.105     -0.009     7.0355     69.199     36.486  29.169405     3.1865     11.605    43.4994 4.5188e+01     1.9647      0.102      0.148    14.9716 0.0000e+00
      0.105     -0.005     7.0182     69.175     36.503  29.181668     3.1910     11.608    42.3454 4.5322e+01     1.9037      0.103      0.150    14.9703 0.0000e+00
      0.104     -0.001     7.0060     69.083     36.553  29.220151     3.2035     11.608    41.2321 4.5152e+01     1.9658      0.102      0.147    14.9699 0.0000e+00
      0.103     -0.001     6.9878     68.906     36.596  29.254115     3.2115     11.609    42.1701 4.4409e+01     1.9980      0.100      0.144    14.9701 0.0000e+00
      0.104     -0.006     6.9769     68.766     36.624  29.275169     3.2381     11.610    43.1041 4.3662e+01     1.9851      0.101      0.146    14.9693 0.0000e+00
      0.107     -0.011     6.9838     68.683     36.642  29.284414     3.2511     11.613    43.0607 4.2681e+01     1.9469      0.105      0.153    14.9682 0.0000e+00
      0.108     -0.013     6.9760     68.631     36.673  29.302459     3.2520     11.615    43.1939 4.2889e+01     1.9795      0.109      0.159    14.9656 0.0000e+00
      0.100     -0.012     6.9491     68.627     36.677  29.303055     3.2663     11.615    43.4239 4.5323e+01     2.0379      0.101      0.146    14.9651 0.0000e+00
      0.086     -0.009     6.9363     68.727     36.658  29.291617     3.2660     11.615    43.4337 4.7446e+01     2.0039      0.082      0.118    14.9672 0.0000e+00
      0.080     -0.006     6.9314     69.030     36.649  29.291031     3.2478     11.618    43.1398 4.7342e+01     1.9784      0.072      0.105    14.9576 0.0000e+00
      0.085     -0.001     6.9262     69.579     36.652  29.295979     3.2463     11.621    42.1939 4.6152e+01     2.0029      0.082      0.118    14.9439 0.0000e+00
      0.093      0.004     6.9261     70.397     36.650  29.288012     3.2889     11.621    37.0734 4.5699e+01     2.0623      0.094      0.136    14.9419 0.0000e+00
      0.097      0.009     6.9292     71.527     36.620  29.258131     3.3556     11.621    28.6350 4.5383e+01     2.1494      0.098      0.143    14.9462 0.0000e+00
      0.096      0.011     6.9573     72.881     36.615  29.251836     3.3780     11.621    28.7003 4.4658e+01     2.1330      0.096      0.139    14.9604 0.0000e+00
      0.095      0.009     7.0124     74.294     36.645  29.275325     3.3603     11.622    37.2606 4.4013e+01     2.0350      0.092      0.133    14.9682 0.0000e+00
      0.096      0.006     7.0922     75.700     36.664  29.288417     3.3745     11.624    41.7962 4.2946e+01     2.0236      0.093      0.135    14.9528 0.0000e+00
      0.101      0.004     7.2120     77.026     36.660  29.283266     3.4248     11.626    41.2942 4.2257e+01     2.0976      0.099      0.144    14.9414 0.0000e+00
      0.105      0.002     7.3579     78.159     36.654  29.276470     3.4525     11.628    36.4388 4.2520e+01     2.1442      0.105      0.152    14.9426 0.0000e+00
      0.107     -0.001     7.4997     79.025     36.647  29.269665     3.4513     11.628    27.7443 4.2556e+01     2.1091      0.106      0.153    14.9422 0.0000e+00
      0.105     -0.003     7.6446     79.560     36.640  29.264423     3.5021     11.627    22.8980 4.1796e+01     2.0828      0.103      0.149    14.9388 0.0000e+00
      0.100     -0.003     7.7854     79.722     36.652  29.276522     3.6172     11.627    27.1432 4.1704e+01     2.1334      0.098      0.143    14.9348 0.0000e+00
      0.095     -0.001     7.9011     79.602     36.664  29.289092     3.6777     11.627    36.3973 4.2394e+01     2.1061      0.093      0.134    14.9319 0.0000e+00
      0.093      0.003     7.9911     79.359     36.662  29.289554     3.6667     11.630    40.7471 4.2424e+01     1.9922      0.090      0.130    14.9304 0.0000e+00
      0.097      0.008     8.0490     79.064     36.652  29.282111     3.6600     11.632    36.0287 4.2161e+01     1.9517      0.094      0.136    14.9306 0.0000e+00
      0.104      0.012     8.0601     78.701     36.627  29.262524     3.6969     11.631    26.8415 4.1878e+01     1.9927      0.103      0.149    14.9341 0.0000e+00
      0.110      0.017     8.0398     78.268     36.602  29.243025     3.7719     11.631    21.3835 4.1104e+01     2.0771      0.109      0.159    14.9392 0.0000e+00
      0.113      0.021     8.0125     77.809     36.595  29.236640     3.8079     11.631    20.3693 3.9823e+01     2.0839      0.111      0.161    14.9420 0.0000e+00
      0.115      0.022     7.9847     77.369     36.611  29.248750     3.7911     11.630    19.9991 3.9036e+01     1.9732      0.111      0.161    14.9434 0.0000e+00
      0.120      0.021     7.9475     76.925     36.630  29.262588     3.7941     11.629    19.8326 3.8100e+01     1.9336      0.116      0.169    14.9441 0.0000e+00
      0.129      0.016     7.9027     76.440     36.651  29.277092     3.8274     11.629    19.6473 3.5595e+01     2.0147      0.126      0.183    14.9434 0.0000e+00
      0.139      0.008     7.8530     75.890     36.758  29.360682     3.8437     11.630    19.3923 3.3780e+01     2.1011      0.137      0.199    14.9424 0.0000e+00
      0.144      0.000     7.8113     75.425     36.935  29.512095     3.8328     11.631    19.0724 3.3965e+01     2.0893      0.145      0.210    14.9424 0.0000e+00
      0.141     -0.010     7.7673     75.443     37.062  29.648910     3.7960     11.632    18.7057 3.5606e+01     1.9752      0.142      0.205    14.9401 0.0000e+00
      0.129     -0.023     7.7206     76.378     37.118  29.746310     3.7483     11.632    18.4852 3.8626e+01     1.9510      0.127      0.183    14.9373 0.0000e+00
      0.119     -0.038     7.6655     78.760     37.128  29.801772     3.7311     11.631    18.7305 4.0981e+01     2.0698      0.113      0.162    14.9310 0.0000e+00
      0.114     -0.054     7.5960     82.874     37.100  29.812105     3.7377     11.630    19.1755 4.2953e+01     2.1477      0.113      0.163    14.9327 0.0000e+00
      0.108     -0.069     7.5804     88.247     37.066  29.807847     3.7193     11.630    19.2196 4.5615e+01     2.1073      0.110      0.160    14.9857 0.0000e+00
      0.089     -0.081     7.6379     94.002     37.054  29.813749     3.6677     11.630    19.0071 4.9461e+01     2.0247      0.090      0.130    15.0714 0.0000e+00
      0.059     -0.089     7.8479     99.431     37.048  29.820050     3.6452     11.631    18.8427 5.4700e+01     2.0369      0.060      0.087    15.1381 0.0000e+00
      0.024     -0.089     8.2760    104.039     37.038  29.820615     3.6642     11.632    18.7806 5.8915e+01     2.1187      0.022      0.032    15.1805 0.0000e+00
     -0.006     -0.081     8.8488    107.497     37.031  29.820605     3.6645     11.633    18.7718 6.1519e+01     2.0915     -0.011     -0.015    15.2080 0.0000e+00
     -0.029     -0.067     9.4437    109.694     37.026  29.819934     3.6493     11.634    18.7368 6.3279e+01     2.0153     -0.031     -0.046    15.2279 0.0000e+00
     -0.040     -0.052    10.0029    110.758     37.014  29.812500     3.6468     11.635    18.7015 6.2872e+01     2.0174     -0.045     -0.065    15.2433 0.0000e+00
     -0.040     -0.041    10.4743    110.893     36.991  29.794152     3.6588     11.637    18.7749 6.1676e+01     2.0481     -0.038     -0.055    15.2541 0.0000e+00
     -0.042     -0.035    10.8239    110.362     36.985  29.788386     3.6785     11.637    18.9359 6.5658e+01     2.0454     -0.037     -0.054    15.2619 0.0000e+00
