Data/DataNotYetUploadedToEDI/Raw_CTD/RawDownloads/040725_fcr50_S7809003.cnv
* Sea-Bird SBE19plus  Data File:
* FileName = C:\R\Reservoirs\Data\DataNotYetUploadedToEDI\Raw_CTD\RawDownloads\033125_fcr50_S7809_0003.hex
* Software version 2.8.0.119
* Temperature SN = 7809
* Conductivity SN = 7809
* System UpLoad Time = Apr 14 2025 16:46:23
* <ApplicationData>
* <Seaterm232>
# nquan = 15
# nvalues = 3333                        
# units = specified
# name 0 = depFM: Depth [fresh water, m]
# name 1 = dz/dtM: Descent Rate [m/s]
# name 2 = sbeox0Mg/L: Oxygen, SBE 43 [mg/l]
# name 3 = sbeox0PS: Oxygen, SBE 43 [% saturation]
# name 4 = specc: Specific Conductance [uS/cm]
# name 5 = c0uS/cm: Conductivity [uS/cm]
# name 6 = flECO-AFL: Fluorescence, WET Labs ECO-AFL/FL [mg/m^3]
# name 7 = ph: pH
# name 8 = orp: Oxidation Reduction Potential [mV]
# name 9 = par/sat/log: PAR/Logarithmic, Satlantic
# name 10 = turbWETntu0: Turbidity, WET Labs ECO [NTU]
# name 11 = prdM: Pressure, Strain Gauge [db]
# name 12 = prdE: Pressure, Strain Gauge [psi]
# name 13 = tv290C: Temperature [ITS-90, deg C]
# name 14 = flag:  0.000e+00
# span 0 =     -0.781,      9.479       
# span 1 =     -4.277,      0.108       
# span 2 =     7.1651,    20.6738       
# span 3 =     61.515,    179.216       
# span 4 =      1.280,     88.648       
# span 5 =   1.054502,  60.302424       
# span 6 =    -0.1580,     8.4340       
# span 7 =      6.188,      8.015       
# span 8 =   -64.5253,   663.4293       
# span 9 = 1.2361e-01, 3.1069e+02       
# span 10 =    -0.3671,   183.1752      
# span 11 =     -0.766,      9.296      
# span 12 =     -1.111,     13.482      
# span 13 =     8.4797,    17.0254      
# span 14 = 0.0000e+00, 0.0000e+00      
# interval = seconds: 0.25
# start_time = Apr 07 2025 11:39:04 [Instrument's time stamp, header]
# bad_flag = -9.990e-29
*END*
[from data line 2603]
      6.289      0.001     7.7739     66.375     49.875  33.497706     0.9121      7.597   293.7759 1.2227e+00    10.2063      6.167      8.945     8.5817 0.0000e+00
      6.289      0.000     7.7685     66.327     49.868  33.492970     0.9392      7.598   293.1627 1.2194e+00    10.0888      6.168      8.946     8.5812 0.0000e+00
      6.289 -4.511e-10     7.7632     66.289     49.876  33.497593     0.9615      7.599   292.9674 1.2179e+00     9.7290      6.167      8.944     8.5807 0.0000e+00
      6.289 -4.962e-09     7.7548     66.259     49.866  33.490161     0.9569      7.599   293.1350 1.2213e+00     9.4768      6.168      8.945     8.5802 0.0000e+00
      6.289 -5.458e-08     7.7501     66.224     49.831  33.466552     0.9494      7.600   293.4679 1.2226e+00     9.4655      6.167      8.945     8.5797 0.0000e+00
      6.288 -6.004e-07     7.7432     66.178     49.831  33.465918     0.9547      7.600   293.8092 1.2211e+00     9.4893      6.166      8.943     8.5793 0.0000e+00
      6.288      0.000     7.7397     66.139     49.856  33.482502     0.9619      7.600   293.8210 1.2200e+00     9.4569      6.167      8.944     8.5788 0.0000e+00
      6.288      0.000     7.7363     66.091     49.848  33.476736     0.9620      7.600   293.6962 1.2174e+00     9.4161      6.167      8.944     8.5783 0.0000e+00
      6.288     -0.001     7.7338     66.028     49.824  33.459636     0.9391      7.600   293.6757 1.2149e+00     9.4059      6.166      8.944     8.5777 0.0000e+00
      6.289     -0.004     7.7262     66.013     49.834  33.466083     0.9273      7.601   293.7462 1.2158e+00     9.3669      6.167      8.945     8.5773 0.0000e+00
      6.289     -0.011     7.7222     66.025     49.872  33.491242     0.9438      7.601   293.6882 1.2184e+00     9.2521      6.167      8.945     8.5768 0.0000e+00
      6.288     -0.026     7.7206     66.024     49.901  33.510057     0.9558      7.602   293.7489 1.2217e+00     9.1800      6.167      8.944     8.5764 0.0000e+00
      6.286     -0.046     7.7051     66.005     49.892  33.503236     0.9472      7.603   294.3085 1.2289e+00     9.1778      6.166      8.943     8.5760 0.0000e+00
      6.276     -0.067     7.7074     65.930     49.846  33.472215     0.8981      7.603   294.5168 1.2504e+00     9.1923      6.160      8.934     8.5755 0.0000e+00
      6.254     -0.088     7.7118     65.826     49.816  33.452209     0.8281      7.603   294.1159 1.2944e+00     9.2522      6.137      8.901     8.5750 0.0000e+00
      6.221     -0.106     7.7079     65.747     49.816  33.451679     0.7922      7.603   294.0216 1.3432e+00     9.2527      6.101      8.850     8.5747 0.0000e+00
      6.186     -0.119     7.7119     65.673     49.838  33.465812     0.7800      7.604   294.2371 1.3734e+00     9.1637      6.065      8.797     8.5742 0.0000e+00
      6.152     -0.124     7.7004     65.607     49.884  33.496199     0.7722      7.604   294.7435 1.4001e+00     9.1335      6.032      8.749     8.5737 0.0000e+00
      6.118     -0.119     7.6838     65.555     49.894  33.501862     0.7804      7.603   295.4981 1.4397e+00     9.3312      6.001      8.703     8.5733 0.0000e+00
      6.086     -0.104     7.6787     65.498     49.849  33.470830     0.7883      7.603   295.7900 1.4764e+00     9.6416      5.967      8.654     8.5729 0.0000e+00
      6.056     -0.085     7.6689     65.462     49.801  33.438221     0.7755      7.604   295.6913 1.5098e+00     9.7432      5.936      8.609     8.5723 0.0000e+00
      6.033     -0.064     7.6599     65.449     49.782  33.424814     0.7596      7.606   295.3370 1.5415e+00     9.7065      5.913      8.576     8.5717 0.0000e+00
      6.022     -0.044     7.6571     65.416     49.800  33.435611     0.7792      7.606   294.8618 1.5503e+00     9.9154      5.902      8.559     8.5711 0.0000e+00
      6.021     -0.025     7.6478     65.364     49.810  33.441877     0.8287      7.605   295.1080 1.5375e+00    10.3218      5.904      8.564     8.5704 0.0000e+00
      6.021     -0.011     7.6424     65.301     49.804  33.437138     0.8594      7.605   295.9900 1.5326e+00    10.4861      5.906      8.566     8.5698 0.0000e+00
      6.021     -0.002     7.6460     65.233     49.812  33.441752     0.8583      7.606   296.4929 1.5427e+00    10.3994      5.903      8.562     8.5690 0.0000e+00
      6.022      0.002     7.6401     65.181     49.802  33.434216     0.8573      7.606   296.5422 1.5560e+00    10.1961      5.905      8.565     8.5682 0.0000e+00
      6.022      0.002     7.6343     65.128     49.767  33.409463     0.8811      7.606   296.4998 1.5612e+00     9.9402      5.907      8.567     8.5674 0.0000e+00
      6.023      0.002     7.6277     65.062     49.749  33.396244     0.9122      7.607   296.4102 1.5606e+00     9.7651      5.905      8.565     8.5665 0.0000e+00
      6.024      0.002     7.6173     64.995     49.758  33.401283     0.9253      7.607   296.4048 1.5652e+00     9.6841      5.906      8.567     8.5656 0.0000e+00
      6.025      0.002     7.6132     64.924     49.768  33.406937     0.9405      7.607   296.5213 1.5624e+00     9.5074      5.908      8.569     8.5649 0.0000e+00
      6.025      0.001     7.6082     64.836     49.760  33.401158     0.9795      7.607   296.7001 1.5518e+00     9.1999      5.908      8.569     8.5640 0.0000e+00
      6.025      0.001     7.5989     64.750     49.752  33.394860     1.0136      7.608   296.8459 1.5460e+00     9.0750      5.909      8.570     8.5630 0.0000e+00
      6.025      0.001     7.5917     64.684     49.753  33.394235     1.0281      7.610   296.9079 1.5456e+00     9.0567      5.908      8.569     8.5621 0.0000e+00
      6.025      0.000     7.5853     64.630     49.753  33.393601     1.0218      7.610   296.8474 1.5456e+00     8.9780      5.908      8.569     8.5611 0.0000e+00
      6.025     -0.002     7.5732     64.553     49.745  33.387191     0.9698      7.609   296.4583 1.5425e+00     9.0456      5.909      8.570     8.5601 0.0000e+00
      6.025     -0.009     7.5630     64.470     49.736  33.380174     0.9077      7.609   295.8171 1.5454e+00     9.2935      5.909      8.570     8.5593 0.0000e+00
      6.025     -0.021     7.5549     64.414     49.725  33.372203     0.8947      7.609   295.3759 1.5592e+00     9.4816      5.909      8.570     8.5581 0.0000e+00
      6.023     -0.039     7.5520     64.339     49.700  33.354266     0.9042      7.609   295.2537 1.5746e+00     9.4748      5.908      8.569     8.5572 0.0000e+00
      6.017     -0.059     7.5422     64.239     49.700  33.353632     0.8656      7.610   295.2858 1.5902e+00     9.2808      5.905      8.564     8.5564 0.0000e+00
      5.999     -0.080     7.5285     64.169     49.718  33.364533     0.8017      7.611   295.3337 1.6197e+00     9.0492      5.889      8.540     8.5553 0.0000e+00
      5.969     -0.101     7.5270     64.118     49.711  33.359180     0.7892      7.610   294.9721 1.6626e+00     8.9966      5.854      8.491     8.5544 0.0000e+00
      5.935     -0.118     7.5194     64.057     49.702  33.352355     0.7982      7.609   294.3553 1.7084e+00     9.0551      5.818      8.439     8.5536 0.0000e+00
      5.902     -0.124     7.5024     63.995     49.693  33.345452     0.7682      7.610   294.2430 1.7565e+00     9.0045      5.789      8.396     8.5527 0.0000e+00
      5.868     -0.117     7.4962     63.923     49.685  33.339165     0.7182      7.610   294.3887 1.8121e+00     8.8293      5.757      8.350     8.5518 0.0000e+00
      5.830     -0.101     7.4930     63.853     49.687  33.339789     0.7094      7.611   294.5683 1.8788e+00     8.7467      5.716      8.290     8.5509 0.0000e+00
      5.797     -0.080     7.4833     63.795     49.708  33.352998     0.7371      7.611   294.8659 1.9269e+00     8.7921      5.677      8.233     8.5500 0.0000e+00
      5.781     -0.058     7.4787     63.723     49.738  33.371974     0.7778      7.611   294.7171 1.9340e+00     8.7627      5.664      8.214     8.5493 0.0000e+00
      5.778     -0.036     7.4693     63.632     49.749  33.378904     0.8193      7.612   294.1456 1.9307e+00     8.6298      5.669      8.221     8.5484 0.0000e+00
      5.778     -0.017     7.4593     63.540     49.743  33.373337     0.8229      7.612   293.7211 1.9289e+00     8.5520      5.667      8.220     8.5477 0.0000e+00
      5.778     -0.004     7.4561     63.460     49.736  33.368098     0.8211      7.612   293.6282 1.9189e+00     8.5743      5.666      8.217     8.5469 0.0000e+00
      5.779      0.001     7.4467     63.390     49.753  33.379011     0.8310      7.612   293.8828 1.9136e+00     8.5578      5.668      8.221     8.5460 0.0000e+00
      5.779      0.001     7.4358     63.316     49.753  33.378387     0.8261      7.612   294.2186 1.9183e+00     8.4550      5.667      8.220     8.5451 0.0000e+00
      5.779      0.001     7.4244     63.261     49.728  33.360555     0.8204      7.613   294.3323 1.9219e+00     8.3903      5.667      8.219     8.5441 0.0000e+00
      5.780      0.001     7.4150     63.250     49.719  33.353738     0.8195      7.614   294.3114 1.9225e+00     8.4581      5.669      8.222     8.5432 0.0000e+00
      5.780      0.001     7.4090     63.278     49.729  33.359410     0.8407      7.615   294.3960 1.9169e+00     8.5580      5.668      8.222     8.5425 0.0000e+00
      5.780      0.002     7.3984     63.347     49.740  33.365700     0.8845      7.615   294.4946 1.9061e+00     8.5392      5.668      8.221     8.5417 0.0000e+00
      5.780      0.002     7.3909     63.459     49.742  33.366332     0.8998      7.615   294.4713 1.9060e+00     8.4694      5.669      8.223     8.5409 0.0000e+00
      5.781      0.002     7.3906     63.603     49.744  33.367052     0.8932      7.616   294.5445 1.9068e+00     8.4996      5.669      8.222     8.5400 0.0000e+00
      5.782      0.002     7.3941     63.816     49.757  33.374397     0.8962      7.616   294.9499 1.9026e+00     8.5622      5.670      8.224     8.5391 0.0000e+00
      5.782      0.001     7.4011     64.141     49.783  33.391701     0.9022      7.616   295.5012 1.9071e+00     8.5088      5.671      8.225     8.5384 0.0000e+00
      5.782      0.001     7.4165     64.576     49.775  33.385939     0.8999      7.616   295.7031 1.9152e+00     8.3676      5.671      8.224     8.5375 0.0000e+00
      5.783     -0.001     7.4314     65.139     49.750  33.368172     0.8845      7.615   295.5847 1.9189e+00     8.2558      5.671      8.225     8.5367 0.0000e+00
      5.783     -0.009     7.4530     65.856     49.750  33.367219     0.8825      7.614   295.3598 1.9260e+00     8.2835      5.671      8.225     8.5358 0.0000e+00
      5.783     -0.025     7.4936     66.753     49.762  33.374413     0.8761      7.614   295.3067 1.9342e+00     8.4970      5.671      8.224     8.5351 0.0000e+00
      5.782     -0.047     7.5423     67.827     49.789  33.391712     0.8324      7.614   295.5448 1.9345e+00     8.7542      5.673      8.227     8.5343 0.0000e+00
      5.775     -0.072     7.6080     69.007     49.782  33.386049     0.7945      7.614   295.6578 1.9497e+00     8.8311      5.669      8.222     8.5334 0.0000e+00
      5.752     -0.097     7.6906     70.240     49.758  33.369379     0.7840      7.614   295.4693 1.9993e+00     8.7786      5.647      8.190     8.5326 0.0000e+00
      5.716     -0.117     7.7942     71.531     49.777  33.380499     0.7810      7.615   295.1580 2.0716e+00     8.7685      5.608      8.132     8.5319 0.0000e+00
      5.672     -0.129     7.9251     72.869     49.797  33.393603     0.7752      7.615   295.0766 2.1467e+00     8.7769      5.562      8.068     8.5311 0.0000e+00
      5.630     -0.130     8.0656     74.218     49.809  33.400931     0.7641      7.615   295.3460 2.2087e+00     8.7773      5.520      8.006     8.5302 0.0000e+00
      5.595     -0.118     8.2082     75.550     49.817  33.405658     0.7459      7.615   295.6622 2.2516e+00     8.7733      5.485      7.955     8.5295 0.0000e+00
      5.567     -0.096     8.3596     76.812     49.791  33.387317     0.7547      7.615   295.8012 2.2935e+00     8.7292      5.457      7.916     8.5286 0.0000e+00
      5.545     -0.071     8.5188     77.965     49.765  33.369496     0.8124      7.616   295.8230 2.3358e+00     8.6872      5.435      7.884     8.5280 0.0000e+00
      5.529     -0.049     8.6765     79.027     49.783  33.380522     0.8526      7.616   295.8394 2.3452e+00     8.6425      5.417      7.857     8.5271 0.0000e+00
      5.523     -0.029     8.8349     79.996     49.803  33.393740     0.8488      7.616   295.9144 2.3261e+00     8.5300      5.413      7.850     8.5262 0.0000e+00
      5.525     -0.014     8.9862     80.886     49.817  33.402429     0.8494      7.616   295.9551 2.3226e+00     8.3167      5.420      7.860     8.5256 0.0000e+00
      5.525     -0.003     9.1171     81.730     49.848  33.422134     0.8693      7.617   295.9009 2.3402e+00     8.1136      5.419      7.859     8.5249 0.0000e+00
      5.525      0.003     9.2436     82.496     49.878  33.441650     0.8973      7.617   295.9483 2.3409e+00     8.0898      5.418      7.857     8.5243 0.0000e+00
      5.526      0.005     9.3569     83.181     49.888  33.448063     0.9135      7.618   296.0978 2.3230e+00     8.0972      5.420      7.860     8.5237 0.0000e+00
      5.528      0.004     9.4564     83.792     49.871  33.436228     0.9078      7.618   296.1589 2.3138e+00     8.0324      5.421      7.862     8.5229 0.0000e+00
      5.530      0.004     9.5607     84.320     49.856  33.425441     0.9198      7.617   296.1710 2.3165e+00     8.1261      5.423      7.866     8.5222 0.0000e+00
      5.531      0.003     9.6484     84.772     49.886  33.444533     0.9586      7.617   296.2441 2.3224e+00     8.4102      5.425      7.868     8.5216 0.0000e+00
      5.531      0.002     9.7284     85.156     49.935  33.476728     0.9771      7.619   296.3553 2.3226e+00     8.5985      5.424      7.867     8.5209 0.0000e+00
      5.531      0.001     9.8011     85.431     49.967  33.497483     0.9596      7.620   296.4831 2.3140e+00     8.5914      5.424      7.867     8.5203 0.0000e+00
      5.531      0.000     9.8622     85.566     49.979  33.505143     0.9307      7.620   296.5837 2.3035e+00     8.5300      5.425      7.868     8.5195 0.0000e+00
      5.531 2.0489e-08     9.9145     85.645     49.981  33.505900     0.9279      7.620   296.6261 2.2987e+00     8.5393      5.424      7.867     8.5190 0.0000e+00
      5.532 2.2538e-07     9.9607     85.732     49.983  33.506640     0.9507      7.620   296.6519 2.3018e+00     8.6010      5.425      7.868     8.5183 0.0000e+00
      5.532 2.2538e-07     9.9984     85.806     49.995  33.514093     0.9648      7.620   296.7226 2.3078e+00     8.6268      5.425      7.868     8.5177 0.0000e+00
      5.532 2.0489e-08    10.0066     85.831     50.023  33.532559     0.9650      7.621   296.8787 2.3114e+00     8.4754      5.424      7.867     8.5172 0.0000e+00
      5.532 1.8627e-09    10.0134     85.792     50.034  33.539575     0.9539      7.621   297.0764 2.3108e+00     8.2055      5.425      7.868     8.5166 0.0000e+00
      5.532 1.6956e-10    10.0263     85.737     50.029  33.535482     0.9460      7.620   297.2201 2.3072e+00     8.0961      5.424      7.867     8.5162 0.0000e+00
      5.532 1.7939e-11    10.0354     85.709     50.047  33.546508     0.9532      7.620   297.3257 2.3093e+00     8.1099      5.425      7.868     8.5156 0.0000e+00
      5.532 2.9390e-11    10.0411     85.705     50.047  33.546000     0.9487      7.620   297.4937 2.3082e+00     8.0994      5.425      7.868     8.5148 0.0000e+00
      5.532 3.0802e-10    10.0329     85.735     50.023  33.529331     0.9334      7.620   297.7018 2.2938e+00     8.0362      5.425      7.868     8.5141 0.0000e+00
