Data/DataNotYetUploadedToEDI/Raw_CTD/RawDownloads/040725_bvr50_S8188001.cnv
* Sea-Bird SBE19plus  Data File:
* FileName = C:\R\Reservoirs\Data\DataNotYetUploadedToEDI\Raw_CTD\RawDownloads\040725_bvr50_S8188_0001.hex
* Software version 2.8.0.119
* Temperature SN = 8188
* Conductivity SN = 8188
* System UpLoad Time = Apr 14 2025 17:09:20
* <ApplicationData>
* <Seaterm232>
# nquan = 16
# nvalues = 1138                        
# units = specified
# name 0 = depFM: Depth [fresh water, m]
# name 1 = dz/dtM: Descent Rate [m/s]
# name 2 = sbeox0Mg/L: Oxygen, SBE 43 [mg/l]
# name 3 = sbeox0PS: Oxygen, SBE 43 [% saturation]
# name 4 = specc: Specific Conductance [uS/cm]
# name 5 = c0uS/cm: Conductivity [uS/cm]
# name 6 = wetCDOM: Fluorescence, WET Labs CDOM [mg/m^3]
# name 7 = flECO-AFL: Fluorescence, WET Labs ECO-AFL/FL [mg/m^3]
# name 8 = flECO-AFL1: Fluorescence, WET Labs ECO-AFL/FL, 2 [mg/m^3]
# name 9 = flECO-AFL2: Fluorescence, WET Labs ECO-AFL/FL, 3 [mg/m^3]
# name 10 = par/sat/log: PAR/Logarithmic, Satlantic
# name 11 = turbWETntu0: Turbidity, WET Labs ECO [NTU]
# name 12 = prdM: Pressure, Strain Gauge [db]
# name 13 = prdE: Pressure, Strain Gauge [psi]
# name 14 = tv290C: Temperature [ITS-90, deg C]
# name 15 = flag:  0.000e+00
# span 0 =     -0.869,      7.142       
# span 1 =     -0.219,      0.139       
# span 2 =     0.3551,    12.5321       
# span 3 =      3.068,    129.432       
# span 4 =      1.741,     85.040       
# span 5 =   1.367821,  57.725494       
# span 6 =    -4.5000,    25.5600       
# span 7 =    -0.2808,     6.9368       
# span 8 =    -2.1300,     0.3408       
# span 9 =    -2.0304,     1.0998       
# span 10 = 1.1595e-01, 3.8711e+02      
# span 11 =    -1.0346,   130.6481      
# span 12 =     -0.852,      7.004      
# span 13 =     -1.236,     10.159      
# span 14 =     8.9234,    16.9401      
# span 15 = 0.0000e+00, 0.0000e+00      
# interval = seconds: 0.25
# start_time = Apr 07 2025 11:51:49 [Instrument's time stamp, header]
# bad_flag = -9.990e-29
*END*
[from data line 181]
     -0.189      0.009     7.4697     76.026     27.693  23.187159    18.5400     5.1820     0.0852     0.8460 2.2716e+02     1.9413     -0.185     -0.269    16.8676 0.0000e+00
     -0.186      0.008     7.4509     75.722     27.686  23.180433    18.6300     5.1820     0.1278     0.8883 2.2875e+02     1.9413     -0.183     -0.265    16.8665 0.0000e+00
     -0.184      0.007     7.4267     75.442     27.685  23.179475    18.6300     5.1591     0.1278     0.8883 2.2569e+02     2.0018     -0.181     -0.262    16.8647 0.0000e+00
     -0.183      0.005     7.3985     75.196     27.692  23.184030    18.6300     5.3422     0.1278     0.8883 2.1637e+02     1.8960     -0.179     -0.260    16.8625 0.0000e+00
     -0.182      0.003     7.3686     74.973     27.706  23.195311    18.6300     5.3689     0.1278     0.8883 2.2315e+02     1.8809     -0.178     -0.258    16.8606 0.0000e+00
     -0.181      0.001     7.3392     74.752     27.722  23.208365    18.6300     5.3613     0.1278     0.8883 2.2403e+02     1.9111     -0.177     -0.257    16.8592 0.0000e+00
     -0.181     -0.001     7.3123     74.521     27.731  23.214726    18.5400     5.3651     0.0852     1.0575 2.1637e+02     1.9715     -0.177     -0.257    16.8582 0.0000e+00
     -0.181     -0.002     7.2886     74.277     27.728  23.212109    18.5400     5.1629     0.0852     1.0575 2.1850e+02     1.9715     -0.178     -0.258    16.8572 0.0000e+00
     -0.183     -0.003     7.2672     74.025     27.719  23.203797    18.5400     5.1743     0.0852     1.0575 2.2835e+02     1.9715     -0.179     -0.259    16.8558 0.0000e+00
     -0.184     -0.003     7.2461     73.762     27.705  23.191557    18.5400     5.1515     0.0852     1.0575 2.2736e+02     1.9564     -0.180     -0.261    16.8543 0.0000e+00
     -0.185     -0.002     7.2238     73.474     27.688  23.176106    18.5400     5.1629     0.0852     0.8460 2.2427e+02     1.8507     -0.181     -0.263    16.8533 0.0000e+00
     -0.185     -0.002     7.2003     73.149     27.677  23.165268    18.5400     5.2430     0.0852     0.8460 2.2830e+02     2.0169     -0.182     -0.263    16.8529 0.0000e+00
     -0.185     -0.001     7.1759     72.794     27.678  23.164118    18.5400     5.2506     0.0852     0.8460 2.2711e+02     2.0471     -0.182     -0.263    16.8523 0.0000e+00
     -0.185     -0.001     7.1506     72.432     27.681  23.164385    18.5400     5.2087     0.0852     0.8460 2.2569e+02     2.0169     -0.182     -0.264    16.8509 0.0000e+00
     -0.185     -0.000     7.1230     72.084     27.681  23.162158    18.5400     5.2506     0.1278     1.0575 2.3039e+02     1.9715     -0.182     -0.264    16.8486 0.0000e+00
     -0.186      0.000     7.0920     71.753     27.688  23.164806    18.5400     5.3193     0.1278     1.0575 2.1510e+02     1.9413     -0.182     -0.265    16.8456 0.0000e+00
     -0.186      0.000     7.0581     71.418     27.701  23.173037    18.5400     5.3002     0.1278     1.0575 2.2954e+02     1.9564     -0.183     -0.265    16.8422 0.0000e+00
     -0.186      0.001     7.0235     71.072     27.714  23.181081    18.5400     5.3002     0.1278     1.0575 2.2432e+02     2.0169     -0.182     -0.264    16.8383 0.0000e+00
     -0.185      0.001     6.9904     70.723     27.724  23.187102    18.5400     5.2812     0.1278     0.9306 2.1912e+02     1.9413     -0.182     -0.264    16.8338 0.0000e+00
     -0.185      0.001     6.9591     70.382     27.734  23.192705    18.5400     5.1896     0.1278     0.9306 2.2117e+02     1.9413     -0.182     -0.263    16.8286 0.0000e+00
     -0.185      0.001     6.9273     70.056     27.735  23.191419    18.5400     5.1743     0.1278     0.9306 2.2422e+02     1.9564     -0.181     -0.263    16.8233 0.0000e+00
     -0.184      0.001     6.8945     69.749     27.724  23.178921    18.5400     5.1858     0.1278     0.9306 2.2628e+02     2.0169     -0.181     -0.263    16.8184 0.0000e+00
     -0.184      0.001     6.8613     69.459     27.710  23.163824    18.5400     5.1743     0.1278     0.9306 2.1912e+02     1.9413     -0.181     -0.262    16.8140 0.0000e+00
     -0.184      0.001     6.8288     69.179     27.698  23.150063    18.5400     5.3994     0.1278     0.9729 2.1812e+02     2.0169     -0.181     -0.262    16.8095 0.0000e+00
     -0.184      0.001     6.7979     68.906     27.687  23.137953    18.5400     5.4147     0.1278     0.9729 2.2088e+02     1.9111     -0.180     -0.261    16.8046 0.0000e+00
     -0.183      0.002     6.7690     68.635     27.683  23.132226    18.5400     5.4223     0.1278     0.9729 2.2485e+02     1.9564     -0.180     -0.261    16.7989 0.0000e+00
     -0.183      0.002     6.7417     68.367     27.684  23.131355    18.5400     5.4109     0.1278     0.9729 2.2364e+02     2.0471     -0.179     -0.260    16.7925 0.0000e+00
     -0.182      0.003     6.7153     68.104     27.682  23.127145    18.5400     5.3040     0.0852     0.9729 2.1964e+02     1.8960     -0.179     -0.259    16.7863 0.0000e+00
     -0.182      0.004     6.6896     67.845     27.674  23.118472    18.5400     5.2888     0.0852     0.9729 2.2476e+02     1.9866     -0.178     -0.258    16.7808 0.0000e+00
     -0.181      0.004     6.6640     67.586     27.667  23.110988    18.5400     5.2888     0.0852     0.9729 2.2388e+02     1.9111     -0.177     -0.257    16.7763 0.0000e+00
     -0.179      0.005     6.6384     67.330     27.665  23.106678    18.5400     5.3002     0.0852     0.9729 2.2349e+02     1.9413     -0.176     -0.255    16.7725 0.0000e+00
     -0.178      0.006     6.6134     67.083     27.665  23.104394    18.5400     5.3765     0.0852     0.9729 2.1935e+02     1.9866     -0.175     -0.253    16.7690 0.0000e+00
     -0.176      0.007     6.5887     66.843     27.666  23.103526    18.5400     5.3575     0.0852     0.9729 2.1902e+02     1.8507     -0.173     -0.251    16.7653 0.0000e+00
     -0.174      0.008     6.5641     66.609     27.668  23.103841    18.5400     5.3613     0.0852     0.9729 2.1548e+02     2.0320     -0.171     -0.248    16.7614 0.0000e+00
     -0.172      0.009     6.5399     66.386     27.670  23.105426    18.5400     5.3727     0.0852     0.9729 2.1590e+02     2.0169     -0.169     -0.245    16.7576 0.0000e+00
     -0.170      0.010     6.5163     66.193     27.674  23.108701    18.5400     5.6817     0.0852     0.8460 2.2108e+02     1.9715     -0.167     -0.242    16.7540 0.0000e+00
     -0.168      0.011     6.4934     66.044     27.682  23.114540    18.5400     5.6512     0.0852     0.8460 2.2354e+02     2.0018     -0.165     -0.238    16.7510 0.0000e+00
     -0.165      0.011     6.4709     65.936     27.689  23.120518    18.5400     5.6588     0.0852     0.8460 2.2476e+02     1.9715     -0.162     -0.234    16.7487 0.0000e+00
     -0.161      0.011     6.4495     65.853     27.695  23.124249    18.5400     5.6970     0.0852     0.8460 2.1557e+02     2.0169     -0.158     -0.230    16.7474 0.0000e+00
     -0.158      0.010     6.4308     65.779     27.700  23.126726    18.5400     5.3651     0.0852     0.8460 2.0596e+02     1.9715     -0.155     -0.224    16.7470 0.0000e+00
     -0.155      0.009     6.4164     65.712     27.700  23.124628    18.6300     5.3689     0.1278     0.9306 2.0681e+02     2.0169     -0.152     -0.220    16.7468 0.0000e+00
     -0.152      0.007     6.4060     65.656     27.693  23.117397    18.6300     5.3727     0.1278     0.9306 2.0708e+02     1.9413     -0.149     -0.217    16.7459 0.0000e+00
     -0.151      0.005     6.3982     65.621     27.687  23.111067    18.6300     5.3384     0.1278     0.9306 2.0934e+02     2.0018     -0.148     -0.215    16.7440 0.0000e+00
     -0.151      0.003     6.3914     65.612     27.686  23.107931    18.6300     5.2430     0.1278     0.9306 2.0748e+02     1.9262     -0.148     -0.214    16.7412 0.0000e+00
     -0.151      0.002     6.3853     65.623     27.692  23.111136    18.5400     5.2392     0.0852     0.9729 2.0636e+02     1.9111     -0.148     -0.215    16.7378 0.0000e+00
     -0.151      0.001     6.3803     65.637     27.707  23.121535    18.5400     5.2430     0.0852     0.9729 1.9703e+02     1.9715     -0.148     -0.215    16.7348 0.0000e+00
     -0.151      0.000     6.3772     65.635     27.720  23.129958    18.5400     5.2354     0.0852     0.9729 1.9819e+02     1.9413     -0.148     -0.214    16.7322 0.0000e+00
     -0.150     -0.002     6.3768     65.609     27.728  23.134667    18.5400     5.3002     0.0852     0.9729 1.9857e+02     1.9564     -0.147     -0.214    16.7291 0.0000e+00
     -0.150     -0.005     6.3784     65.563     27.738  23.140900    18.6300     5.2812     0.0852     0.8037 1.9258e+02     1.9564     -0.147     -0.213    16.7253 0.0000e+00
     -0.151     -0.009     6.3803     65.515     27.746  23.146338    18.6300     5.2888     0.0852     0.8037 1.9592e+02     1.9715     -0.148     -0.215    16.7212 0.0000e+00
     -0.153     -0.012     6.3806     65.506     27.749  23.148448    18.6300     5.3040     0.0852     0.8037 1.9681e+02     1.9866     -0.150     -0.218    16.7172 0.0000e+00
     -0.157     -0.015     6.3786     65.600     27.747  23.147794    18.6300     5.2316     0.0852     0.8037 2.0109e+02     2.0471     -0.154     -0.224    16.7131 0.0000e+00
     -0.163     -0.016     6.3747     65.846     27.741  23.144202    18.5400     5.2506     0.0852     0.9729 2.1431e+02     2.0773     -0.160     -0.232    16.7093 0.0000e+00
     -0.169     -0.015     6.3704     66.245     27.738  23.140695    18.5400     5.2468     0.0852     0.9729 2.2204e+02     1.9564     -0.166     -0.241    16.7068 0.0000e+00
     -0.174     -0.012     6.3696     66.750     27.741  23.140319    18.5400     5.2545     0.0852     0.9729 2.2554e+02     1.9866     -0.171     -0.248    16.7064 0.0000e+00
     -0.177     -0.008     6.3784     67.301     27.746  23.138994    18.5400     5.2163     0.0852     0.9729 2.1468e+02     1.9866     -0.174     -0.252    16.7080 0.0000e+00
     -0.178     -0.004     6.4021     67.845     27.744  23.132382    18.5400     5.2659     0.0852     0.9729 2.2554e+02     2.0773     -0.175     -0.253    16.7097 0.0000e+00
     -0.178     -0.000     6.4411     68.341     27.742  23.126685    18.5400     5.2545     0.0852     0.9729 2.1821e+02     1.9866     -0.174     -0.253    16.7087 0.0000e+00
     -0.176      0.002     6.4909     68.764     27.748  23.128346    18.5400     5.2430     0.0852     0.9729 2.1745e+02     2.0169     -0.173     -0.251    16.7032 0.0000e+00
     -0.175      0.004     6.5457     69.115     27.754  23.129845    18.5400     5.2888     0.0852     0.9729 2.1278e+02     2.0018     -0.171     -0.249    16.6945 0.0000e+00
     -0.173      0.004     6.5999     69.426     27.754  23.127599    18.5400     5.2735     0.0852     0.9729 2.1459e+02     1.9715     -0.170     -0.246    16.6854 0.0000e+00
     -0.172      0.003     6.6492     69.743     27.753  23.124992    18.6300     5.3117     0.0426     0.8460 2.1496e+02     1.9413     -0.169     -0.245    16.6775 0.0000e+00
     -0.171      0.002     6.6913     70.103     27.750  23.121327    18.6300     5.3079     0.0426     0.8460 2.1320e+02     1.9715     -0.168     -0.244    16.6712 0.0000e+00
     -0.171      0.002     6.7262     70.520     27.749  23.119610    18.6300     5.3460     0.0426     0.8460 2.1515e+02     1.9715     -0.168     -0.244    16.6661 0.0000e+00
     -0.171      0.001     6.7570     70.987     27.749  23.119383    18.6300     5.3918     0.0426     0.8460 2.1241e+02     1.9413     -0.168     -0.244    16.6620 0.0000e+00
     -0.171      0.002     6.7883     71.484     27.751  23.120585    18.6300     5.3727     0.0852     1.0575 2.2021e+02     1.9111     -0.168     -0.244    16.6588 0.0000e+00
     -0.171      0.003     6.8237     71.962     27.760  23.127519    18.6300     5.3651     0.0852     1.0575 2.1260e+02     2.0622     -0.168     -0.243    16.6565 0.0000e+00
     -0.170      0.004     6.8644     72.365     27.768  23.134069    18.6300     5.3842     0.0852     1.0575 2.1694e+02     1.9866     -0.167     -0.242    16.6552 0.0000e+00
     -0.169      0.006     6.9100     72.649     27.768  23.134019    18.6300     5.3384     0.0852     1.0575 2.1888e+02     1.9413     -0.166     -0.241    16.6544 0.0000e+00
     -0.167      0.008     6.9584     72.787     27.760  23.127357    18.6300     5.4223     0.0852     1.0575 2.1921e+02     2.0018     -0.164     -0.238    16.6539 0.0000e+00
     -0.165      0.009     7.0050     72.770     27.751  23.120267    18.5400     5.3727     0.1278     0.8037 2.2055e+02     2.0773     -0.162     -0.235    16.6534 0.0000e+00
     -0.162      0.010     7.0443     72.602     27.750  23.118825    18.5400     5.3498     0.1278     0.8037 2.1581e+02     2.0018     -0.159     -0.231    16.6529 0.0000e+00
     -0.159      0.011     7.0720     72.298     27.750  23.118663    18.5400     5.3575     0.1278     0.8037 2.0961e+02     1.9413     -0.156     -0.226    16.6525 0.0000e+00
     -0.155      0.011     7.0855     71.886     27.751  23.119738    18.5400     5.3651     0.1278     0.8037 2.0453e+02     2.0471     -0.153     -0.221    16.6523 0.0000e+00
     -0.152      0.010     7.0839     71.411     27.759  23.126318    18.6300     5.3689     0.1278     1.0152 2.0870e+02     2.0169     -0.150     -0.217    16.6520 0.0000e+00
     -0.150      0.009     7.0676     70.912     27.771  23.136177    18.6300     5.3575     0.1278     1.0152 2.0127e+02     1.9111     -0.147     -0.213    16.6517 0.0000e+00
     -0.148      0.008     7.0380     70.409     27.781  23.143981    18.6300     5.3460     0.1278     1.0152 2.0272e+02     1.8809     -0.145     -0.210    16.6514 0.0000e+00
     -0.146      0.006     6.9979     69.914     27.782  23.143845    18.6300     5.3689     0.1278     1.0152 2.0471e+02     1.8960     -0.144     -0.208    16.6512 0.0000e+00
     -0.145      0.005     6.9518     69.432     27.773  23.135735    18.5400     5.3384     0.1278     1.0575 2.0640e+02     1.9866     -0.142     -0.206    16.6509 0.0000e+00
     -0.144      0.003     6.9033     68.966     27.766  23.129432    18.5400     5.3575     0.1278     1.0575 2.0449e+02     2.0471     -0.141     -0.204    16.6504 0.0000e+00
     -0.143      0.002     6.8544     68.520     27.764  23.127238    18.5400     5.3231     0.1278     1.0575 2.0538e+02     1.9866     -0.141     -0.204    16.6497 0.0000e+00
     -0.143      0.001     6.8064     68.096     27.756  23.120605    18.5400     5.3765     0.1278     1.0575 1.9918e+02     1.9715     -0.140     -0.203    16.6488 0.0000e+00
     -0.143      0.000     6.7596     67.694     27.746  23.111744    18.5400     5.3460     0.0852     0.8460 2.0555e+02     1.9111     -0.140     -0.203    16.6479 0.0000e+00
     -0.143      0.000     6.7142     67.322     27.745  23.110239    18.5400     5.5482     0.0852     0.8460 2.0971e+02     2.2737     -0.140     -0.203    16.6471 0.0000e+00
     -0.143     -0.001     6.6709     66.975     27.747  23.111706    18.5400     5.5367     0.0852     0.8460 2.0984e+02     2.2132     -0.140     -0.203    16.6464 0.0000e+00
     -0.143     -0.002     6.6297     66.635     27.743  23.108574    18.5400     5.5787     0.0852     0.8460 2.0342e+02     2.2586     -0.141     -0.204    16.6457 0.0000e+00
     -0.144     -0.003     6.5907     66.306     27.733  23.100005    18.5400     5.5215     0.0852     0.8460 2.0118e+02     2.1679     -0.141     -0.205    16.6450 0.0000e+00
     -0.145     -0.004     6.5547     65.995     27.719  23.087698    18.5400     5.2201     0.0852     0.9306 2.0079e+02     2.0773     -0.142     -0.206    16.6442 0.0000e+00
     -0.146     -0.006     6.5209     65.698     27.709  23.080317    18.5400     5.2163     0.0852     0.9306 2.0413e+02     2.0169     -0.143     -0.208    16.6435 0.0000e+00
     -0.148     -0.007     6.4879     65.419     27.708  23.079873    18.5400     5.2239     0.0852     0.9306 2.0649e+02     1.9564     -0.145     -0.210    16.6429 0.0000e+00
