Data/DataNotYetUploadedToEDI/Raw_CTD/RawDownloads/040725_fcr50_S7809003.cnv
* Sea-Bird SBE19plus  Data File:
* FileName = C:\R\Reservoirs\Data\DataNotYetUploadedToEDI\Raw_CTD\RawDownloads\033125_fcr50_S7809_0003.hex
* Software version 2.8.0.119
* Temperature SN = 7809
* Conductivity SN = 7809
* System UpLoad Time = Apr 14 2025 16:46:23
* <ApplicationData>
* <Seaterm232>
# nquan = 15
# nvalues = 3333                        
# units = specified
# name 0 = depFM: Depth [fresh water, m]
# name 1 = dz/dtM: Descent Rate [m/s]
# name 2 = sbeox0Mg/L: Oxygen, SBE 43 [mg/l]
# name 3 = sbeox0PS: Oxygen, SBE 43 [% saturation]
# name 4 = specc: Specific Conductance [uS/cm]
# name 5 = c0uS/cm: Conductivity [uS/cm]
# name 6 = flECO-AFL: Fluorescence, WET Labs ECO-AFL/FL [mg/m^3]
# name 7 = ph: pH
# name 8 = orp: Oxidation Reduction Potential [mV]
# name 9 = par/sat/log: PAR/Logarithmic, Satlantic
# name 10 = turbWETntu0: Turbidity, WET Labs ECO [NTU]
# name 11 = prdM: Pressure, Strain Gauge [db]
# name 12 = prdE: Pressure, Strain Gauge [psi]
# name 13 = tv290C: Temperature [ITS-90, deg C]
# name 14 = flag:  0.000e+00
# span 0 =     -0.781,      9.479       
# span 1 =     -4.277,      0.108       
# span 2 =     7.1651,    20.6738       
# span 3 =     61.515,    179.216       
# span 4 =      1.280,     88.648       
# span 5 =   1.054502,  60.302424       
# span 6 =    -0.1580,     8.4340       
# span 7 =      6.188,      8.015       
# span 8 =   -64.5253,   663.4293       
# span 9 = 1.2361e-01, 3.1069e+02       
# span 10 =    -0.3671,   183.1752      
# span 11 =     -0.766,      9.296      
# span 12 =     -1.111,     13.482      
# span 13 =     8.4797,    17.0254      
# span 14 = 0.0000e+00, 0.0000e+00      
# interval = seconds: 0.25
# start_time = Apr 07 2025 11:39:04 [Instrument's time stamp, header]
# bad_flag = -9.990e-29
*END*
[from data line 1832]
      8.238      0.029    19.7591    172.731     56.160  38.597180     0.8798      7.567   336.9975 1.5560e-01     5.8530      8.081     11.720     9.3777 0.0000e+00
      8.245      0.029    19.7645    172.826     56.112  38.559083     0.8610      7.567   337.2847 1.6423e-01     5.8888      8.087     11.729     9.3736 0.0000e+00
      8.251      0.028    19.7782    172.921     56.061  38.519843     0.8411      7.567   337.8115 1.5904e-01     5.8614      8.091     11.733     9.3695 0.0000e+00
      8.258      0.028    19.7815    173.028     56.044  38.503488     0.8314      7.568   337.9470 1.4561e-01     5.8303      8.099     11.746     9.3653 0.0000e+00
      8.266      0.029    19.7895    173.143     56.028  38.488255     0.8519      7.569   337.5459 1.5021e-01     5.8873      8.107     11.758     9.3611 0.0000e+00
      8.271      0.030    19.8067    173.224     55.997  38.462581     0.8981      7.569   337.1780 1.5553e-01     6.0047      8.110     11.762     9.3571 0.0000e+00
      8.277      0.032    19.8164    173.284     55.981  38.446901     0.9147      7.569   337.1125 1.4886e-01     6.0199      8.114     11.769     9.3530 0.0000e+00
      8.288      0.035    19.8309    173.353     55.956  38.425591     0.8947      7.569   337.2700 1.4931e-01     5.9346      8.128     11.789     9.3491 0.0000e+00
      8.299      0.038    19.8494    173.429     55.919  38.395296     0.8982      7.569   337.6198 1.5528e-01     5.9638      8.141     11.807     9.3451 0.0000e+00
      8.307      0.040    19.8591    173.507     55.929  38.397908     0.9392      7.569   337.9008 1.5499e-01     6.1340      8.145     11.813     9.3410 0.0000e+00
      8.316      0.040    19.8659    173.592     55.929  38.393711     0.9745      7.570   337.8279 1.4404e-01     6.2502      8.154     11.825     9.3370 0.0000e+00
      8.328      0.039    19.8768    173.714     55.864  38.344549     0.9840      7.571   337.5980 1.3446e-01     6.2415      8.167     11.845     9.3330 0.0000e+00
      8.340      0.038    19.8868    173.866     55.822  38.311173     0.9712      7.572   337.4447 1.3657e-01     6.2000      8.180     11.864     9.3291 0.0000e+00
      8.350      0.037    19.8990    174.007     55.823  38.307458     0.9785      7.573   337.4376 1.3868e-01     6.1924      8.190     11.878     9.3250 0.0000e+00
      8.359      0.035    19.9076    174.128     55.818  38.299621     1.0223      7.572   338.0286 1.3513e-01     6.2179      8.197     11.889     9.3210 0.0000e+00
      8.366      0.033    19.9237    174.233     55.796  38.279867     1.0426      7.572   338.9971 1.3118e-01     6.2344      8.204     11.899     9.3171 0.0000e+00
      8.374      0.032    19.9466    174.323     55.771  38.258995     1.0235      7.573   339.0809 1.2807e-01     6.2218      8.212     11.910     9.3132 0.0000e+00
      8.382      0.031    19.9635    174.403     55.746  38.237640     0.9745      7.573   338.4395 1.2545e-01     6.2362      8.220     11.922     9.3093 0.0000e+00
      8.390      0.029    19.9796    174.467     55.715  38.212037     0.9255      7.573   338.1251 1.2602e-01     6.3393      8.227     11.933     9.3054 0.0000e+00
      8.399      0.026    19.9933    174.509     55.709  38.203268     0.9219      7.573   338.6355 1.2937e-01     6.4440      8.238     11.947     9.3015 0.0000e+00
      8.407      0.023    20.0051    174.547     55.703  38.195071     0.9305      7.574   339.6199 1.3179e-01     6.4770      8.248     11.962     9.2975 0.0000e+00
      8.412      0.021    20.0165    174.583     55.682  38.176384     0.9126      7.574   340.0478 1.3087e-01     6.4314      8.252     11.968     9.2936 0.0000e+00
      8.413      0.019    20.0269    174.605     55.676  38.167700     0.8886      7.574   339.9372 1.2717e-01     6.3714      8.251     11.967     9.2899 0.0000e+00
      8.416      0.019    20.0314    174.630     55.661  38.153530     0.8905      7.574   339.5732 1.2845e-01     6.3999      8.252     11.969     9.2861 0.0000e+00
      8.421      0.021    20.0378    174.669     55.636  38.131966     0.9103      7.574   339.4318 1.3844e-01     6.4347      8.258     11.977     9.2823 0.0000e+00
      8.427      0.025    20.0452    174.714     55.591  38.097346     0.9206      7.574   340.0345 1.4341e-01     6.5195      8.265     11.987     9.2784 0.0000e+00
      8.435      0.028    20.0481    174.767     55.531  38.052232     0.9146      7.574   340.4939 1.3492e-01     6.7072      8.271     11.996     9.2745 0.0000e+00
      8.444      0.030    20.0518    174.834     55.506  38.030716     0.8971      7.574   340.4261 1.2613e-01     6.8256      8.280     12.010     9.2709 0.0000e+00
      8.453      0.032    20.0594    174.899     55.507  38.027563     0.8913      7.574   340.2467 1.2417e-01     6.8573      8.291     12.025     9.2672 0.0000e+00
      8.459      0.034    20.0658    174.953     55.493  38.014111     0.9111      7.575   340.0456 1.2423e-01     6.7483      8.296     12.032     9.2633 0.0000e+00
      8.466      0.034    20.0734    175.038     55.471  37.994980     0.9363      7.576   339.9733 1.2467e-01     6.4984      8.301     12.039     9.2594 0.0000e+00
      8.476      0.034    20.0834    175.166     55.466  37.986615     0.9472      7.577   340.0616 1.2574e-01     6.3643      8.312     12.056     9.2558 0.0000e+00
      8.487      0.035    20.0945    175.280     55.457  37.976436     0.9426      7.577   340.2528 1.2593e-01     6.3908      8.325     12.075     9.2522 0.0000e+00
      8.497      0.035    20.0996    175.365     55.403  37.935363     0.9395      7.577   340.3928 1.2472e-01     6.4086      8.333     12.087     9.2485 0.0000e+00
      8.504      0.035    20.1084    175.451     55.315  37.870750     0.9591      7.577   340.4628 1.2419e-01     6.3412      8.339     12.095     9.2449 0.0000e+00
      8.512      0.034    20.1312    175.551     55.261  37.829789     0.9956      7.577   340.3258 1.2789e-01     6.2935      8.347     12.107     9.2411 0.0000e+00
      8.521      0.033    20.1448    175.646     55.254  37.820859     1.0153      7.577   339.9404 1.3143e-01     6.3100      8.357     12.121     9.2373 0.0000e+00
      8.530      0.031    20.1551    175.725     55.267  37.826227     1.0145      7.577   339.8467 1.2793e-01     6.3699      8.365     12.132     9.2337 0.0000e+00
      8.538      0.029    20.1657    175.784     55.280  37.831230     0.9941      7.577   340.0540 1.2416e-01     6.4711      8.372     12.144     9.2301 0.0000e+00
      8.547      0.029    20.1805    175.849     55.266  37.817891     0.9440      7.577   340.2950 1.2386e-01     6.4737      8.383     12.158     9.2264 0.0000e+00
      8.553      0.029    20.1936    175.946     55.234  37.791863     0.8993      7.578   340.5236 1.2383e-01     6.3680      8.390     12.168     9.2228 0.0000e+00
      8.558      0.029    20.2045    176.027     55.208  37.770357     0.8862      7.579   340.3227 1.2408e-01     6.3202      8.391     12.170     9.2192 0.0000e+00
      8.565      0.027    20.2130    176.077     55.181  37.748226     0.9359      7.578   339.7595 1.2653e-01     6.3739      8.396     12.178     9.2156 0.0000e+00
      8.576      0.025    20.2173    176.117     55.138  37.714656     1.0334      7.577   339.5645 1.2877e-01     6.4700      8.411     12.199     9.2121 0.0000e+00
      8.585      0.023    20.2368    176.198     55.096  37.681751     1.0752      7.578   339.5997 1.2663e-01     6.4923      8.421     12.215     9.2086 0.0000e+00
      8.589      0.022    20.2458    176.285     55.081  37.667667     1.0580      7.578   339.7545 1.2572e-01     6.4039      8.423     12.217     9.2051 0.0000e+00
      8.590      0.021    20.2542    176.291     55.091  37.671276     1.0330      7.577   339.8008 1.2707e-01     6.3926      8.423     12.216     9.2015 0.0000e+00
      8.593      0.020    20.2567    176.248     55.083  37.661924     1.0146      7.579   339.3001 1.2713e-01     6.5256      8.427     12.221     9.1979 0.0000e+00
      8.600      0.022    20.2669    176.155     55.025  37.618051     1.0194      7.580   339.0349 1.2693e-01     6.6455      8.434     12.233     9.1944 0.0000e+00
      8.608      0.025    20.2901    176.146     54.982  37.585015     1.0163      7.578   339.2616 1.2533e-01     6.6465      8.442     12.244     9.1910 0.0000e+00
      8.613      0.028    20.2819    176.371     54.980  37.579775     0.9679      7.577   339.5452 1.2378e-01     6.5043      8.446     12.251     9.1875 0.0000e+00
      8.620      0.028    20.2856    176.595     54.948  37.554683     0.9172      7.578   339.7970 1.2369e-01     6.3264      8.452     12.259     9.1842 0.0000e+00
      8.629      0.027    20.2714    176.648     54.925  37.535463     0.9107      7.578   339.8114 1.2375e-01     6.2380      8.463     12.274     9.1807 0.0000e+00
      8.638      0.027    20.2540    176.726     54.934  37.537752     0.9230      7.577   339.6333 1.2382e-01     6.2210      8.473     12.288     9.1773 0.0000e+00
      8.645      0.027    20.3017    176.880     54.912  37.518901     0.9162      7.576   339.5362 1.2383e-01     6.1888      8.479     12.298     9.1740 0.0000e+00
      8.648      0.027    20.3414    176.996     54.887  37.497904     0.9114      7.576   339.5835 1.2379e-01     6.1562      8.482     12.301     9.1707 0.0000e+00
      8.653      0.024    20.3299    177.091     54.858  37.474254     0.9479      7.576   339.7748 1.2378e-01     6.2028      8.483     12.304     9.1673 0.0000e+00
      8.662      0.023    20.3390    177.126     54.788  37.423311     0.9829      7.576   339.9572 1.2378e-01     6.2739      8.495     12.321     9.1639 0.0000e+00
      8.672      0.025    20.3722    177.097     54.744  37.389609     0.9854      7.576   339.9821 1.2377e-01     6.2979      8.509     12.341     9.1605 0.0000e+00
      8.676      0.028    20.3771    177.133     54.741  37.384050     0.9612      7.576   339.9033 1.2381e-01     6.2894      8.509     12.340     9.1571 0.0000e+00
      8.677      0.032    20.3954    177.228     54.705  37.356092     0.9152      7.576   339.8657 1.2381e-01     6.3424      8.506     12.337     9.1540 0.0000e+00
      8.684      0.034    20.4045    177.301     54.636  37.305396     0.8954      7.576   339.9570 1.2377e-01     6.4604      8.514     12.348     9.1508 0.0000e+00
      8.697      0.037    20.3897    177.356     54.602  37.278743     0.8886      7.577   340.0610 1.2374e-01     6.4849      8.529     12.370     9.1474 0.0000e+00
      8.711      0.040    20.3998    177.437     54.620  37.287657     0.8491      7.578   340.1763 1.2375e-01     6.4003      8.543     12.391     9.1441 0.0000e+00
      8.723      0.044    20.4170    177.549     54.623  37.286265     0.8179      7.578   340.3187 1.2376e-01     6.3593      8.554     12.407     9.1409 0.0000e+00
      8.733      0.046    20.4256    177.671     54.593  37.261901     0.8274      7.578   340.3206 1.2378e-01     6.3988      8.564     12.422     9.1377 0.0000e+00
      8.741      0.049    20.4310    177.791     54.576  37.246900     0.8472      7.577   340.2854 1.2387e-01     6.4341      8.573     12.434     9.1346 0.0000e+00
      8.750      0.052    20.4416    177.910     54.559  37.231795     0.8413      7.577   340.3230 1.2388e-01     6.3418      8.579     12.442     9.1314 0.0000e+00
      8.765      0.054    20.4581    178.053     54.527  37.206185     0.8063      7.577   340.4302 1.2389e-01     6.1375      8.592     12.463     9.1280 0.0000e+00
      8.784      0.055    20.4734    178.235     54.510  37.191070     0.7817      7.578   340.6354 1.2390e-01     6.0129      8.615     12.495     9.1248 0.0000e+00
      8.803      0.055    20.4896    178.426     54.493  37.175956     0.7849      7.579   340.7392 1.2375e-01     6.0306      8.636     12.525     9.1216 0.0000e+00
      8.816      0.054    20.5033    178.588     54.460  37.150345     0.8369      7.578   340.6531 1.2370e-01     6.1126      8.648     12.542     9.1185 0.0000e+00
      8.826      0.052    20.5201    178.723     54.443  37.135230     0.9184      7.577   340.5403 1.2384e-01     6.1509      8.655     12.553     9.1153 0.0000e+00
      8.835      0.049    20.5445    178.862     54.426  37.120110     0.9469      7.578   340.5807 1.2391e-01     6.1177      8.663     12.565     9.1120 0.0000e+00
      8.847      0.047    20.5704    179.009     54.393  37.094441     0.9398      7.579   340.7111 1.2386e-01     6.0869      8.674     12.581     9.1088 0.0000e+00
      8.862      0.045    20.5901    179.144     54.375  37.078688     0.9662      7.579   340.7402 1.2381e-01     6.1209      8.690     12.604     9.1056 0.0000e+00
      8.878      0.045    20.6051    179.216     54.347  37.056556     1.0090      7.580   340.6750 1.2379e-01     6.1861      8.709     12.632     9.1026 0.0000e+00
      8.889      0.044    20.6232    179.165     54.295  37.017213     1.0153      7.580   340.6105 1.2378e-01     6.1924      8.720     12.648     9.0995 0.0000e+00
      8.895      0.039    20.6418    178.908     54.250  36.983724     1.0013      7.579   340.6486 1.2377e-01     6.1628      8.722     12.650     9.0963 0.0000e+00
      8.904      0.033    20.6617    178.309     54.233  36.968925     0.9971      7.578   340.7913 1.2378e-01     6.1352      8.730     12.660     9.0931 0.0000e+00
      8.915      0.028    20.6738    177.257     54.233  36.965187     0.9820      7.578   340.8734 1.2380e-01     6.1322      8.745     12.683     9.0899 0.0000e+00
      8.925      0.024    20.6716    175.700     54.199  36.938521     0.9518      7.577   340.8671 1.2379e-01     6.1270      8.754     12.698     9.0870 0.0000e+00
      8.929      0.020    20.6503    173.599     54.147  36.900331     0.9226      7.577   340.8870 1.2378e-01     6.0375      8.756     12.699     9.0839 0.0000e+00
      8.930      0.017    20.5881    170.954     54.128  36.884167     0.8960      7.577   340.8560 1.2379e-01     6.0072      8.757     12.701     9.0809 0.0000e+00
      8.932      0.013    20.4686    167.808     54.112  36.869988     0.8800      7.578   340.7506 1.2379e-01     6.1702      8.759     12.704     9.0778 0.0000e+00
      8.936      0.011    20.2929    164.161     54.096  36.855810     0.8701      7.578   340.8173 1.2379e-01     6.3682      8.763     12.709     9.0748 0.0000e+00
      8.940      0.011    20.0529    160.100     54.077  36.839647     0.8592      7.578   340.9739 1.2379e-01     6.4211      8.769     12.718     9.0718 0.0000e+00
      8.943      0.011    19.7440    155.799     54.026  36.801468     0.8484      7.578   340.9228 1.2374e-01     6.3651      8.771     12.721     9.0689 0.0000e+00
      8.944      0.010    19.3861    151.360     53.991  36.774923     0.8563      7.578   340.8021 1.2369e-01     6.3408      8.770     12.720     9.0659 0.0000e+00
      8.946      0.009    18.9630    146.798     53.992  36.772498     0.8964      7.579   340.7184 1.2371e-01     6.4002      8.772     12.723     9.0630 0.0000e+00
      8.950      0.008    18.4851    142.100     53.996  36.772154     0.9245      7.579   340.7720 1.2374e-01     6.4687      8.777     12.730     9.0601 0.0000e+00
      8.953      0.010    17.9879    137.360     53.999  36.770760     0.9221      7.579   341.0195 1.2375e-01     6.4514      8.781     12.735     9.0572 0.0000e+00
      8.953      0.013    17.4743    132.700     53.981  36.755645     0.9261      7.579   341.1298 1.2382e-01     6.3612      8.780     12.734     9.0544 0.0000e+00
      8.954      0.017    16.9540    128.211     53.927  36.716302     0.9477      7.579   341.1597 1.2386e-01     6.3355      8.780     12.734     9.0517 0.0000e+00
      8.957      0.021    16.4058    123.991     53.872  36.675802     0.9662      7.579   341.2082 1.2379e-01     6.4130      8.783     12.738     9.0489 0.0000e+00
