Data/DataNotYetUploadedToEDI/Raw_CTD/RawDownloads/040725_bvr50_S8188001.cnv
* Sea-Bird SBE19plus  Data File:
* FileName = C:\R\Reservoirs\Data\DataNotYetUploadedToEDI\Raw_CTD\RawDownloads\040725_bvr50_S8188_0001.hex
* Software version 2.8.0.119
* Temperature SN = 8188
* Conductivity SN = 8188
* System UpLoad Time = Apr 14 2025 17:09:20
* <ApplicationData>
* <Seaterm232>
# nquan = 16
# nvalues = 1138                        
# units = specified
# name 0 = depFM: Depth [fresh water, m]
# name 1 = dz/dtM: Descent Rate [m/s]
# name 2 = sbeox0Mg/L: Oxygen, SBE 43 [mg/l]
# name 3 = sbeox0PS: Oxygen, SBE 43 [% saturation]
# name 4 = specc: Specific Conductance [uS/cm]
# name 5 = c0uS/cm: Conductivity [uS/cm]
# name 6 = wetCDOM: Fluorescence, WET Labs CDOM [mg/m^3]
# name 7 = flECO-AFL: Fluorescence, WET Labs ECO-AFL/FL [mg/m^3]
# name 8 = flECO-AFL1: Fluorescence, WET Labs ECO-AFL/FL, 2 [mg/m^3]
# name 9 = flECO-AFL2: Fluorescence, WET Labs ECO-AFL/FL, 3 [mg/m^3]
# name 10 = par/sat/log: PAR/Logarithmic, Satlantic
# name 11 = turbWETntu0: Turbidity, WET Labs ECO [NTU]
# name 12 = prdM: Pressure, Strain Gauge [db]
# name 13 = prdE: Pressure, Strain Gauge [psi]
# name 14 = tv290C: Temperature [ITS-90, deg C]
# name 15 = flag:  0.000e+00
# span 0 =     -0.869,      7.142       
# span 1 =     -0.219,      0.139       
# span 2 =     0.3551,    12.5321       
# span 3 =      3.068,    129.432       
# span 4 =      1.741,     85.040       
# span 5 =   1.367821,  57.725494       
# span 6 =    -4.5000,    25.5600       
# span 7 =    -0.2808,     6.9368       
# span 8 =    -2.1300,     0.3408       
# span 9 =    -2.0304,     1.0998       
# span 10 = 1.1595e-01, 3.8711e+02      
# span 11 =    -1.0346,   130.6481      
# span 12 =     -0.852,      7.004      
# span 13 =     -1.236,     10.159      
# span 14 =     8.9234,    16.9401      
# span 15 = 0.0000e+00, 0.0000e+00      
# interval = seconds: 0.25
# start_time = Apr 07 2025 11:51:49 [Instrument's time stamp, header]
# bad_flag = -9.990e-29
*END*
[from data line 814]
      5.491      0.084     4.2780     34.960     34.458  23.563416    23.4000     1.6228     0.2130     0.4230 6.0450e-01     5.6122      5.385      7.810     9.1955 0.0000e+00
      5.512      0.084     4.2285     34.341     34.574  23.641472    23.4000     1.6381     0.2130     0.4230 5.9022e-01     5.8086      5.406      7.840     9.1941 0.0000e+00
      5.534      0.084     4.1667     33.786     34.592  23.652966    23.4000     1.6495     0.2130     0.4230 5.6586e-01     5.7028      5.427      7.871     9.1930 0.0000e+00
      5.556      0.084     4.0962     33.326     34.608  23.662683    23.4000     1.6114     0.1704     0.4230 5.4831e-01     5.7784      5.448      7.902     9.1917 0.0000e+00
      5.577      0.084     4.0226     32.966     34.654  23.693125    23.4000     1.8135     0.1704     0.4230 5.5889e-01     5.4913      5.469      7.933     9.1899 0.0000e+00
      5.598      0.083     3.9514     32.695     34.680  23.710600    23.4000     1.8021     0.1704     0.4230 5.3734e-01     5.5518      5.490      7.963     9.1880 0.0000e+00
      5.619      0.083     3.8878     32.494     34.698  23.721758    23.4000     1.8708     0.1704     0.4230 5.0639e-01     5.5518      5.511      7.992     9.1862 0.0000e+00
      5.640      0.083     3.8350     32.341     34.726  23.739530    23.4000     1.8135     0.1704     0.4230 4.7412e-01     5.4460      5.531      8.022     9.1847 0.0000e+00
      5.661      0.084     3.7936     32.222     34.757  23.758699    23.4000     1.8784     0.1704     0.4653 4.6706e-01     6.0654      5.552      8.052     9.1835 0.0000e+00
      5.683      0.084     3.7626     32.124     34.753  23.754513    23.4000     1.8708     0.1704     0.4653 4.6061e-01     6.0050      5.573      8.083     9.1822 0.0000e+00
      5.705      0.084     3.7396     32.031     34.734  23.739793    23.4000     1.8708     0.1704     0.4653 4.5494e-01     6.0654      5.595      8.114     9.1808 0.0000e+00
      5.727      0.084     3.7222     31.934     34.734  23.738486    23.4000     1.8860     0.1704     0.4653 4.7073e-01     5.9294      5.616      8.145     9.1790 0.0000e+00
      5.748      0.084     3.7087     31.830     34.756  23.752234    23.4900     1.8860     0.2130     0.4653 4.4516e-01     6.3675      5.637      8.176     9.1767 0.0000e+00
      5.770      0.085     3.6976     31.709     34.818  23.792669    23.4900     1.8670     0.2130     0.4653 4.2365e-01     6.4884      5.658      8.206     9.1741 0.0000e+00
      5.791      0.086     3.6871     31.552     34.867  23.824779    23.4900     1.8746     0.2130     0.4653 4.2007e-01     6.3977      5.679      8.236     9.1716 0.0000e+00
      5.812      0.088     3.6761     31.349     34.908  23.851155    23.4900     1.8822     0.2130     0.4653 3.9092e-01     6.4884      5.700      8.267     9.1695 0.0000e+00
      5.834      0.092     3.6643     31.110     35.021  23.926612    23.5800     1.9432     0.1704     0.4230 3.9271e-01     6.9869      5.721      8.298     9.1674 0.0000e+00
      5.857      0.096     3.6506     30.859     35.184  24.035436    23.5800     1.9356     0.1704     0.4230 4.0519e-01     6.9113      5.744      8.331     9.1649 0.0000e+00
      5.883      0.100     3.6328     30.617     35.341  24.138952    23.5800     1.9051     0.1704     0.4230 3.6712e-01     6.8660      5.769      8.367     9.1624 0.0000e+00
      5.910      0.103     3.6095     30.397     35.446  24.207024    23.5800     1.9356     0.1704     0.4230 3.4283e-01     6.9264      5.795      8.405     9.1602 0.0000e+00
      5.938      0.105     3.5823     30.201     35.477  24.223956    23.6700     1.5618     0.1704     0.4230 3.2204e-01     6.5186      5.823      8.445     9.1580 0.0000e+00
      5.966      0.106     3.5536     30.010     35.470  24.216165    23.6700     1.5694     0.1704     0.4230 3.4523e-01     6.5337      5.851      8.485     9.1547 0.0000e+00
      5.993      0.105     3.5261     29.778     35.467  24.211438    23.6700     1.5503     0.1704     0.4230 2.8286e-01     6.4279      5.877      8.524     9.1498 0.0000e+00
      6.020      0.102     3.5013     29.450     35.477  24.216481    23.6700     1.5923     0.1704     0.4230 3.2148e-01     6.5035      5.904      8.562     9.1440 0.0000e+00
      6.046      0.098     3.4791     28.990     35.503  24.232636    23.6700     1.2375     0.1704     0.4230 2.9235e-01     6.3675      5.929      8.599     9.1384 0.0000e+00
      6.071      0.093     3.4575     28.402     35.524  24.246294    23.7600     1.2642     0.2130     0.3384 2.5329e-01     6.4279      5.954      8.635     9.1339 0.0000e+00
      6.095      0.087     3.4312     27.725     35.520  24.243175    23.7600     1.2566     0.2130     0.3384 2.6854e-01     6.4279      5.977      8.669     9.1302 0.0000e+00
      6.116      0.081     3.3937     27.013     35.503  24.232404    23.7600     1.2642     0.2130     0.3384 2.4512e-01     6.4582      5.998      8.699     9.1271 0.0000e+00
      6.135      0.075     3.3408     26.328     35.467  24.209117    23.7600     1.4511     0.2130     0.3384 2.6203e-01     6.4733      6.017      8.726     9.1249 0.0000e+00
      6.152      0.071     3.2731     25.734     35.415  24.175069    23.8500     1.4397     0.2130     0.2961 2.5159e-01     6.3222      6.034      8.751     9.1238 0.0000e+00
      6.169      0.069     3.1950     25.297     35.392  24.161002    23.8500     1.4511     0.2130     0.2961 2.2608e-01     6.3977      6.050      8.774     9.1239 0.0000e+00
      6.185      0.070     3.1130     25.052     35.429  24.187056    23.8500     1.4283     0.2130     0.2961 2.6872e-01     6.4733      6.066      8.797     9.1250 0.0000e+00
      6.202      0.072     3.0339     25.002     35.519  24.248234    23.8500     1.3863     0.2130     0.2961 2.4131e-01     6.4128      6.082      8.821     9.1268 0.0000e+00
      6.220      0.076     2.9654     25.118     35.602  24.303109    23.8500     1.3787     0.2130     0.3807 2.5567e-01     6.5035      6.100      8.847     9.1291 0.0000e+00
      6.240      0.081     2.9148     25.352     35.662  24.340431    23.8500     1.3672     0.2130     0.3807 2.3592e-01     6.4430      6.119      8.875     9.1313 0.0000e+00
      6.261      0.085     2.8865     25.649     35.753  24.398026    23.8500     1.3901     0.2130     0.3807 2.3855e-01     6.4430      6.140      8.905     9.1328 0.0000e+00
      6.284      0.090     2.8808     25.946     35.885  24.483289    23.8500     1.4511     0.2130     0.3807 2.2638e-01     6.5941      6.163      8.938     9.1323 0.0000e+00
      6.308      0.094     2.8944     26.178     36.044  24.587100    23.8500     1.4435     0.2130     0.3807 1.9121e-01     6.6243      6.186      8.972     9.1293 0.0000e+00
      6.333      0.096     2.9217     26.280     36.217  24.699311    23.8500     1.4435     0.2130     0.2961 1.9918e-01     6.6999      6.211      9.008     9.1243 0.0000e+00
      6.358      0.098     2.9563     26.209     36.383  24.806042    23.8500     1.4283     0.2130     0.2961 1.9017e-01     6.7754      6.235      9.043     9.1182 0.0000e+00
      6.383      0.099     2.9910     25.947     36.562  24.921814    23.8500     1.2375     0.2130     0.2961 1.8244e-01     6.8811      6.260      9.079     9.1117 0.0000e+00
      6.409      0.098     3.0183     25.494     36.776  25.061573    23.8500     1.2375     0.2130     0.2961 1.7052e-01     6.8509      6.286      9.117     9.1046 0.0000e+00
      6.435      0.095     3.0306     24.860     36.962  25.182941    23.9400     1.2871     0.2130     0.3384 1.8799e-01     6.9416      6.311      9.153     9.0967 0.0000e+00
      6.460      0.092     3.0230     24.062     37.068  25.250584    23.9400     1.2757     0.2130     0.3384 1.4627e-01     6.9718      6.336      9.189     9.0882 0.0000e+00
      6.483      0.087     2.9933     23.129     37.136  25.292496    23.9400     0.9781     0.2130     0.3384 1.5886e-01     7.3343      6.358      9.222     9.0798 0.0000e+00
      6.505      0.081     2.9415     22.103     37.193  25.327819    23.9400     1.0086     0.2130     0.3384 1.4396e-01     7.2437      6.380      9.253     9.0719 0.0000e+00
      6.525      0.075     2.8689     21.027     37.279  25.383891    23.9400     0.9857     0.2130     0.2538 1.5290e-01     7.3041      6.399      9.281     9.0644 0.0000e+00
      6.543      0.070     2.7773     19.938     37.467  25.509514    23.9400     1.0163     0.2130     0.2538 1.2419e-01     7.2890      6.417      9.307     9.0576 0.0000e+00
      6.559      0.066     2.6700     18.886     37.754  25.702349    23.9400     1.0163     0.2130     0.2538 1.3671e-01     7.7573      6.433      9.330     9.0516 0.0000e+00
      6.575      0.064     2.5519     17.924     38.086  25.924213    23.9400     1.0163     0.2130     0.2538 1.3757e-01     7.6969      6.448      9.352     9.0471 0.0000e+00
      6.590      0.064     2.4277     17.103     38.412  26.140685    24.0300     1.0506     0.2130     0.2115 1.2168e-01     7.6818      6.463      9.373     9.0438 0.0000e+00
      6.605      0.065     2.3022     16.442     38.718  26.343781    24.0300     0.9896     0.2130     0.2115 1.3204e-01     7.6062      6.478      9.395     9.0409 0.0000e+00
      6.622      0.069     2.1809     15.911     39.018  26.541859    24.0300     1.0086     0.2130     0.2115 1.4886e-01     8.1501      6.494      9.419     9.0369 0.0000e+00
      6.640      0.073     2.0701     15.446     39.307  26.731985    24.0300     0.9896     0.2130     0.2115 1.3754e-01     8.0745      6.512      9.444     9.0315 0.0000e+00
      6.659      0.077     1.9756     14.981     39.597  26.923042    24.0300     1.0277     0.2130     0.2115 1.2844e-01     8.1350      6.530      9.471     9.0251 0.0000e+00
      6.680      0.082     1.8995     14.450     39.901  27.124162    24.1200     0.9972     0.2130     0.2538 1.2330e-01     8.0443      6.551      9.500     9.0181 0.0000e+00
      6.702      0.085     1.8385     13.797     40.173  27.303348    24.1200     0.9590     0.2130     0.2538 1.2010e-01     9.5248      6.572      9.532     9.0105 0.0000e+00
      6.725      0.087     1.7851     12.991     40.355  27.422754    24.1200     0.9667     0.2130     0.2538 1.2008e-01     9.5701      6.595      9.564     9.0025 0.0000e+00
      6.748      0.088     1.7316     12.039     40.484  27.506257    24.1200     0.9743     0.2130     0.2538 1.1607e-01     9.6154      6.617      9.598     8.9946 0.0000e+00
      6.771      0.087     1.6705     10.986     40.618  27.594047    24.2100     0.9438     0.2130     0.2115 1.2650e-01     9.5096      6.640      9.631     8.9872 0.0000e+00
      6.794      0.086     1.5953      9.903     40.740  27.675680    24.2100     0.9514     0.2130     0.2115 1.1605e-01    10.1743      6.663      9.663     8.9806 0.0000e+00
      6.816      0.083     1.5023      8.870     40.840  27.743055    24.2100     0.9514     0.2130     0.2115 1.1607e-01    10.2801      6.684      9.695     8.9747 0.0000e+00
      6.837      0.080     1.3924      7.953     40.957  27.822104    24.2100     0.9781     0.2130     0.2115 1.1617e-01    10.3254      6.704      9.724     8.9697 0.0000e+00
      6.856      0.078     1.2707      7.201     41.156  27.957804    24.3900     0.9590     0.2556     0.2961 1.1620e-01    10.1290      6.723      9.751     8.9661 0.0000e+00
      6.875      0.076     1.1455      6.647     41.473  28.172401    24.3900     1.0849     0.2556     0.2961 1.1605e-01    11.4584      6.742      9.778     8.9640 0.0000e+00
      6.894      0.074     1.0261      6.297     41.892  28.455414    24.3900     1.0697     0.2556     0.2961 1.1612e-01    11.3677      6.760      9.805     8.9631 0.0000e+00
      6.913      0.073     0.9201      6.142     42.450  28.832527    24.3900     1.0811     0.2556     0.2961 1.1623e-01    11.4584      6.779      9.832     8.9632 0.0000e+00
      6.931      0.072     0.8330      6.165     43.259  29.378415    24.4800     1.0926     0.2556     0.3384 1.1600e-01    11.4433      6.797      9.859     8.9634 0.0000e+00
      6.950      0.070     0.7689      6.326     44.335  30.105217    24.4800     1.2566     0.2556     0.3384 1.1605e-01    12.2439      6.815      9.885     8.9631 0.0000e+00
      6.967      0.069     0.7284      6.572     45.473  30.872160    24.4800     1.2375     0.2556     0.3384 1.1605e-01    12.1533      6.832      9.910     8.9616 0.0000e+00
      6.985      0.066     0.7106      6.842     46.436  31.519290    24.4800     1.2642     0.2556     0.3384 1.1612e-01    12.0777      6.849      9.934     8.9590 0.0000e+00
      7.002      0.064     0.7134      7.067     47.128  31.984147    24.4800     1.2604     0.2556     0.3384 1.1623e-01    12.1080      6.866      9.958     8.9554 0.0000e+00
      7.018      0.061     0.7321      7.186     47.594  32.297075    24.9300     1.3367     0.2556     0.1692 1.1605e-01    13.3467      6.882      9.982     8.9505 0.0000e+00
      7.033      0.057     0.7607      7.148     47.955  32.539532    24.9300     1.2947     0.2556     0.1692 1.1633e-01    13.3920      6.897     10.004     8.9441 0.0000e+00
      7.047      0.053     0.7920      6.909     48.246  32.736334    24.9300     1.3367     0.2556     0.1692 1.1617e-01    13.3014      6.911     10.024     8.9374 0.0000e+00
      7.060      0.049     0.8181      6.468     48.447  32.872237    24.9300     1.3329     0.2556     0.1692 1.1612e-01    13.2560      6.924     10.042     8.9317 0.0000e+00
      7.072      0.045     0.8320      5.871     48.611  32.983483    25.2900     1.8326     0.2130     0.2538 1.1633e-01    19.4799      6.935     10.059     8.9279 0.0000e+00
      7.083      0.041     0.8277      5.188     48.869  33.159493    25.2900     1.8135     0.2130     0.2538 1.1617e-01    19.5554      6.946     10.075     8.9255 0.0000e+00
      7.094      0.037     0.8000      4.504     49.414  33.530863    25.2900     1.8212     0.2130     0.2538 1.1600e-01    19.5101      6.956     10.089     8.9241 0.0000e+00
      7.103      0.034     0.7490      3.898     50.503  34.272314    25.2900     1.8212     0.2130     0.2538 1.1615e-01    19.4950      6.965     10.102     8.9234 0.0000e+00
      7.111      0.030     0.6798      3.433     52.384  35.551688    25.2000     3.0953     0.2556     0.2115 1.1615e-01    44.4810      6.973     10.114     8.9234 0.0000e+00
      7.118      0.026     0.6007      3.151     55.143  37.425302    25.2000     3.1144     0.2556     0.2115 1.1605e-01    44.4810      6.980     10.124     8.9243 0.0000e+00
      7.124      0.022     0.5215      3.068     59.015  40.054151    25.2000     3.1067     0.2556     0.2115 1.1612e-01    44.4810      6.986     10.132     8.9261 0.0000e+00
      7.129      0.019     0.4513      3.165     64.288  43.633208    25.2000     3.1220     0.2556     0.2115 1.1617e-01    44.4961      6.991     10.139     8.9285 0.0000e+00
      7.133      0.015     0.3974      3.395     70.388  47.773829    25.2000     4.5182     0.2556     0.2115 1.1607e-01   130.4215      6.995     10.145     8.9309 0.0000e+00
      7.137      0.012     0.3648      3.697     75.972  51.565098    25.2000     4.5068     0.2556     0.2115 1.1610e-01   130.4517      6.998     10.150     8.9324 0.0000e+00
      7.139      0.009     0.3551      4.005     80.382  54.560721    25.2000     4.4877     0.2556     0.2115 1.1612e-01   130.6481      7.001     10.154     8.9329 0.0000e+00
      7.141      0.005     0.3663      4.258     83.939  56.977292    25.2000     4.4877     0.2556     0.2115 1.1595e-01   130.4971      7.003     10.157     8.9331 0.0000e+00
      7.142      0.001     0.3930      4.409     85.040  57.725494    25.2000     0.4822     0.2556     0.2115 1.1617e-01   107.1878      7.004     10.158     8.9336 0.0000e+00
