Data/DataNotYetUploadedToEDI/Raw_CTD/RawDownloads/040725_fcr50_S7809003.cnv
* Sea-Bird SBE19plus  Data File:
* FileName = C:\R\Reservoirs\Data\DataNotYetUploadedToEDI\Raw_CTD\RawDownloads\033125_fcr50_S7809_0003.hex
* Software version 2.8.0.119
* Temperature SN = 7809
* Conductivity SN = 7809
* System UpLoad Time = Apr 14 2025 16:46:23
* <ApplicationData>
* <Seaterm232>
# nquan = 15
# nvalues = 3333                        
# units = specified
# name 0 = depFM: Depth [fresh water, m]
# name 1 = dz/dtM: Descent Rate [m/s]
# name 2 = sbeox0Mg/L: Oxygen, SBE 43 [mg/l]
# name 3 = sbeox0PS: Oxygen, SBE 43 [% saturation]
# name 4 = specc: Specific Conductance [uS/cm]
# name 5 = c0uS/cm: Conductivity [uS/cm]
# name 6 = flECO-AFL: Fluorescence, WET Labs ECO-AFL/FL [mg/m^3]
# name 7 = ph: pH
# name 8 = orp: Oxidation Reduction Potential [mV]
# name 9 = par/sat/log: PAR/Logarithmic, Satlantic
# name 10 = turbWETntu0: Turbidity, WET Labs ECO [NTU]
# name 11 = prdM: Pressure, Strain Gauge [db]
# name 12 = prdE: Pressure, Strain Gauge [psi]
# name 13 = tv290C: Temperature [ITS-90, deg C]
# name 14 = flag:  0.000e+00
# span 0 =     -0.781,      9.479       
# span 1 =     -4.277,      0.108       
# span 2 =     7.1651,    20.6738       
# span 3 =     61.515,    179.216       
# span 4 =      1.280,     88.648       
# span 5 =   1.054502,  60.302424       
# span 6 =    -0.1580,     8.4340       
# span 7 =      6.188,      8.015       
# span 8 =   -64.5253,   663.4293       
# span 9 = 1.2361e-01, 3.1069e+02       
# span 10 =    -0.3671,   183.1752      
# span 11 =     -0.766,      9.296      
# span 12 =     -1.111,     13.482      
# span 13 =     8.4797,    17.0254      
# span 14 = 0.0000e+00, 0.0000e+00      
# interval = seconds: 0.25
# start_time = Apr 07 2025 11:39:04 [Instrument's time stamp, header]
# bad_flag = -9.990e-29
*END*
[from data line 1928]
      8.975      0.027    15.3160    116.345     53.796  36.618028     0.9548      7.579   341.3292 1.2374e-01     6.5083      8.803     12.768     9.0429 0.0000e+00
      8.984      0.028    14.7912    112.970     53.749  36.583178     0.9535      7.579   341.5544 1.2375e-01     6.6756      8.813     12.782     9.0402 0.0000e+00
      8.990      0.027    14.3067    110.074     53.694  36.542581     0.9684      7.580   341.6879 1.2382e-01     6.7941      8.816     12.787     9.0376 0.0000e+00
      8.996      0.025    13.8544    107.623     53.648  36.507897     0.9769      7.580   341.7376 1.2382e-01     6.8812      8.821     12.795     9.0347 0.0000e+00
      9.002      0.025    13.4271    105.551     53.613  36.481083     0.9649      7.580   341.6394 1.2377e-01     6.9093      8.829     12.805     9.0320 0.0000e+00
      9.008      0.025    13.0229    103.765     53.604  36.472196     0.9401      7.580   341.6196 1.2380e-01     6.8605      8.833     12.812     9.0292 0.0000e+00
      9.013      0.025    12.6987    102.165     53.596  36.463886     0.9270      7.581   341.9279 1.2382e-01     6.8372      8.838     12.818     9.0263 0.0000e+00
      9.020      0.025    12.4167    100.829     53.571  36.444062     0.9391      7.581   342.0980 1.2377e-01     6.8670      8.845     12.829     9.0236 0.0000e+00
      9.029      0.026    12.1792     99.742     53.544  36.422870     0.9618      7.581   342.0410 1.2379e-01     6.9478      8.855     12.844     9.0210 0.0000e+00
      9.036      0.029    11.9866     98.808     53.512  36.398015     0.9509      7.581   341.9268 1.2384e-01     7.0286      8.862     12.853     9.0182 0.0000e+00
      9.040      0.033    11.7888     97.961     53.514  36.397351     0.9075      7.581   341.7500 1.2384e-01     7.0916      8.864     12.856     9.0154 0.0000e+00
      9.046      0.037    11.6404     97.129     53.544  36.414842     0.8785      7.581   341.7100 1.2381e-01     7.1301      8.868     12.862     9.0126 0.0000e+00
      9.057      0.039    11.5201     96.319     53.555  36.419131     0.8826      7.581   341.8745 1.2382e-01     7.1171      8.880     12.879     9.0100 0.0000e+00
      9.072      0.039    11.4135     95.595     53.511  36.385758     0.9241      7.581   342.0180 1.2385e-01     7.2426      8.898     12.905     9.0075 0.0000e+00
      9.086      0.038    11.3221     94.950     53.431  36.328591     0.9727      7.581   342.0671 1.2382e-01     7.5541      8.912     12.926     9.0048 0.0000e+00
      9.095      0.035    11.2253     94.331     53.391  36.299018     0.9964      7.582   342.2106 1.2375e-01     7.7748      8.920     12.938     9.0022 0.0000e+00
      9.101      0.029    11.1282     93.741     53.370  36.282013     1.0189      7.584   342.2044 1.2373e-01     7.8619      8.925     12.946     8.9994 0.0000e+00
      9.106      0.022    11.0453     93.171     53.327  36.249887     1.0371      7.584   341.7343 1.2376e-01     7.8896      8.929     12.952     8.9965 0.0000e+00
      9.111      0.017    10.9765     92.600     53.299  36.227840     1.0255      7.585   341.1725 1.2381e-01     7.8365      8.936     12.960     8.9939 0.0000e+00
      9.116      0.017    10.9034     92.078     53.270  36.205803     1.0030      7.586   341.2622 1.2381e-01     7.7662      8.942     12.969     8.9914 0.0000e+00
      9.118      0.020    10.8356     91.604     53.227  36.173806     0.9978      7.585   341.7866 1.2376e-01     7.7913      8.943     12.971     8.9888 0.0000e+00
      9.118      0.025    10.7750     91.136     53.208  36.158224     1.0043      7.585   342.0064 1.2375e-01     7.9344      8.941     12.969     8.9861 0.0000e+00
      9.123      0.029    10.7030     90.660     53.192  36.144309     0.9981      7.585   341.5110 1.2375e-01     8.0967      8.944     12.972     8.9835 0.0000e+00
      9.134      0.033    10.6451     90.184     53.178  36.132472     0.9814      7.585   340.6145 1.2374e-01     8.1481      8.955     12.989     8.9810 0.0000e+00
      9.149      0.038    10.5935     89.727     53.197  36.142007     0.9680      7.585   340.2874 1.2380e-01     8.0775      8.973     13.016     8.9783 0.0000e+00
      9.162      0.040    10.5397     89.288     53.187  36.132675     0.9618      7.585   340.3948 1.2388e-01     8.0283      8.988     13.036     8.9757 0.0000e+00
      9.169      0.040    10.4862     88.882     53.118  36.083099     0.9641      7.584   340.6220 1.2390e-01     8.2364      8.992     13.042     8.9733 0.0000e+00
      9.177      0.036    10.4287     88.503     53.073  36.050203     0.9627      7.584   340.9698 1.2394e-01     8.6127      8.997     13.050     8.9708 0.0000e+00
      9.187      0.031    10.3787     88.106     53.080  36.052195     0.9534      7.584   340.7285 1.2392e-01     8.7529      9.011     13.069     8.9681 0.0000e+00
      9.197      0.029    10.3266     87.687     53.071  36.043730     0.9516      7.584   339.8564 1.2384e-01     8.7362      9.022     13.085     8.9655 0.0000e+00
      9.204      0.030    10.2802     87.288     53.028  36.011300     0.9745      7.584   339.2006 1.2376e-01     9.0590      9.027     13.092     8.9631 0.0000e+00
      9.208      0.032    10.2403     86.937     52.981  35.977359     1.0135      7.585   339.0809 1.2374e-01     9.6836      9.030     13.096     8.9606 0.0000e+00
      9.213      0.033    10.1950     86.617     52.946  35.950605     1.0234      7.586   339.1834 1.2378e-01    10.0033      9.033     13.102     8.9581 0.0000e+00
      9.223      0.034    10.1443     86.291     52.937  35.941627     1.0028      7.586   339.3201 1.2380e-01     9.9862      9.043     13.117     8.9556 0.0000e+00
      9.236      0.037    10.0981     85.952     52.927  35.932267     1.0059      7.585   339.3577 1.2378e-01    10.3317      9.060     13.140     8.9529 0.0000e+00
      9.247      0.039    10.0580     85.628     52.884  35.900877     1.0437      7.584   339.1214 1.2375e-01    11.1061      9.070     13.155     8.9507 0.0000e+00
      9.255      0.039    10.0248     85.354     52.856  35.879362     1.0776      7.585   338.9586 1.2374e-01    11.6300      9.076     13.163     8.9483 0.0000e+00
      9.264      0.038     9.9872     85.110     52.835  35.862479     1.0914      7.585   338.9376 1.2373e-01    12.1563      9.084     13.176     8.9457 0.0000e+00
      9.274      0.038     9.9474     84.846     52.782  35.823650     1.1852      7.585   338.8679 1.2377e-01    17.2983      9.095     13.192     8.9434 0.0000e+00
      9.284      0.039     9.9083     84.578     52.737  35.790599     1.3713      7.584   339.3202 1.2384e-01    26.7646      9.105     13.206     8.9409 0.0000e+00
      9.293      0.039     9.8772     84.327     52.725  35.780119     1.4778      7.583   340.1051 1.2382e-01    32.1963      9.113     13.217     8.9385 0.0000e+00
      9.303      0.039     9.8551     84.111     52.700  35.760382     1.5071      7.583   340.2697 1.2373e-01    36.1050      9.122     13.231     8.9360 0.0000e+00
      9.315      0.038     9.8208     83.922     52.677  35.742307     1.5996      7.583   339.8479 1.2372e-01    73.7517      9.135     13.249     8.9336 0.0000e+00
      9.326      0.036     9.7915     83.714     52.695  35.751938     1.7482      7.584   339.3069 1.2375e-01   142.6081      9.147     13.267     8.9313 0.0000e+00
      9.335      0.034     9.7617     83.498     52.696  35.749925     1.8310      7.584   338.9774 1.2375e-01   180.1251      9.156     13.279     8.9287 0.0000e+00
      9.341      0.032     9.7359     83.284     52.652  35.717960     1.8422      7.583   339.3910 1.2374e-01   183.1752      9.161     13.286     8.9263 0.0000e+00
      9.347      0.030     9.7204     83.069     52.603  35.682720     1.8003      7.583   340.2640 1.2373e-01   179.4192      9.165     13.293     8.9240 0.0000e+00
      9.356      0.029     9.6933     82.872     52.545  35.641092     1.3088      7.583   340.3261 1.2375e-01   134.2669      9.174     13.307     8.9216 0.0000e+00
      9.364      0.030     9.6692     82.686     52.482  35.595346     0.4348      7.583   339.7116 1.2379e-01    51.4255      9.184     13.320     8.9193 0.0000e+00
      9.371      0.030     9.6458     82.515     52.454  35.573769    -0.0195      7.583   339.3731 1.2381e-01     6.2931      9.190     13.328     8.9170 0.0000e+00
      9.378      0.030     9.6193     82.383     52.452  35.570558    -0.0474      7.582   339.3314 1.2377e-01     2.2121      9.196     13.338     8.9146 0.0000e+00
      9.387      0.029     9.5984     82.259     52.435  35.556527    -0.0525      7.581   339.3791 1.2370e-01     1.5013      9.205     13.351     8.9122 0.0000e+00
      9.396      0.028     9.5775     82.109     52.401  35.531017    -0.0647      7.581   339.4334 1.2370e-01     0.8076      9.214     13.365     8.9100 0.0000e+00
      9.403      0.027     9.5559     81.979     52.382  35.515922    -0.0701      7.581   339.3862 1.2377e-01     0.4853      9.222     13.375     8.9077 0.0000e+00
      9.409      0.025     9.5421     81.877     52.363  35.500913    -0.0593      7.582   339.0674 1.2380e-01     0.5424      9.227     13.382     8.9054 0.0000e+00
      9.414      0.022     9.5332     81.773     52.330  35.476448    -0.0592      7.582   338.5894 1.2376e-01     0.4399      9.232     13.390     8.9032 0.0000e+00
      9.419      0.020     9.5104     81.686     52.330  35.473920    -0.0772      7.581   338.1667 1.2366e-01     0.1334      9.238     13.398     8.9009 0.0000e+00
      9.424      0.018     9.4961     81.591     52.329  35.470342    -0.0851      7.581   337.8281 1.2361e-01    -0.0203      9.242     13.405     8.8986 0.0000e+00
      9.428      0.017     9.4892     81.491     52.278  35.433188    -0.0794      7.582   337.6792 1.2369e-01     0.0159      9.247     13.411     8.8965 0.0000e+00
      9.432      0.016     9.4723     81.416     52.240  35.405390    -0.0679      7.582   337.6571 1.2378e-01     0.0588      9.250     13.416     8.8943 0.0000e+00
      9.436      0.015     9.4670     81.344     52.217  35.388040    -0.0617      7.580   337.7321 1.2379e-01     0.0194      9.253     13.421     8.8921 0.0000e+00
      9.440      0.014     9.4565     81.292     52.165  35.350313    -0.0712      7.579   337.8123 1.2377e-01    -0.0496      9.258     13.426     8.8898 0.0000e+00
      9.444      0.012     9.4412     81.282     52.138  35.329946    -0.0833      7.580   337.2501 1.2375e-01    -0.0586      9.261     13.432     8.8875 0.0000e+00
      9.447      0.011     9.4371     81.253     52.145  35.332137    -0.0825      7.582   336.2695 1.2377e-01     0.0470      9.264     13.437     8.8854 0.0000e+00
      9.450      0.009     9.4282     81.235     52.121  35.313350    -0.0692      7.582   335.8501 1.2377e-01     0.2030      9.267     13.440     8.8831 0.0000e+00
      9.452      0.008     9.4180     81.285     52.094  35.293140    -0.0722      7.581   336.0511 1.2378e-01     0.2221      9.269     13.443     8.8809 0.0000e+00
      9.452      0.006     9.4254     81.363     52.075  35.278130    -0.0949      7.581   336.4622 1.2380e-01     0.1748      9.269     13.444     8.8789 0.0000e+00
      9.453      0.006     9.4192     81.450     52.049  35.258772    -0.1024      7.581   336.1747 1.2380e-01     0.2123      9.270     13.445     8.8767 0.0000e+00
      9.455      0.005     9.4119     81.529     52.039  35.249424    -0.0872      7.581   335.0698 1.2382e-01     0.2999      9.272     13.448     8.8745 0.0000e+00
      9.457      0.005     9.4248     81.599     52.011  35.228552    -0.0611      7.581   334.4603 1.2381e-01     0.3117      9.274     13.451     8.8725 0.0000e+00
      9.458      0.005     9.4315     81.671     51.967  35.196770    -0.0526      7.581   334.6573 1.2380e-01     0.2525      9.275     13.453     8.8703 0.0000e+00
      9.459      0.005     9.4451     81.742     51.949  35.182396    -0.0770      7.582   334.9560 1.2383e-01     0.2675      9.276     13.454     8.8684 0.0000e+00
      9.460      0.004     9.4537     81.793     51.951  35.181657    -0.0899      7.582   335.0601 1.2382e-01     0.3219      9.278     13.456     8.8662 0.0000e+00
      9.461      0.003     9.4620     81.821     51.963  35.187831    -0.0669      7.583   334.9700 1.2379e-01     0.3294      9.278     13.456     8.8640 0.0000e+00
      9.462      0.002     9.4706     81.851     51.974  35.193587    -0.0488      7.584   334.6408 1.2379e-01     0.2908      9.279     13.457     8.8622 0.0000e+00
      9.463      0.002     9.4800     81.872     51.968  35.187803    -0.0620      7.584   334.3485 1.2378e-01     0.2301      9.280     13.459     8.8603 0.0000e+00
      9.463      0.001     9.4880     81.870     51.961  35.181347    -0.0684      7.582   334.1893 1.2378e-01     0.2448      9.280     13.459     8.8584 0.0000e+00
      9.463      0.001     9.4879     81.870     51.960  35.178981    -0.0519      7.582   334.0066 1.2379e-01     0.2973      9.279     13.458     8.8566 0.0000e+00
      9.463      0.001     9.4943     81.891     51.933  35.159195    -0.0609      7.582   333.9471 1.2380e-01     0.2840      9.280     13.459     8.8549 0.0000e+00
      9.463      0.001     9.4973     81.904     51.896  35.132457    -0.0856      7.582   334.4156 1.2383e-01     0.2207      9.280     13.460     8.8530 0.0000e+00
      9.464      0.001     9.4967     81.887     51.865  35.109498    -0.0851      7.583   335.0250 1.2384e-01     0.1468      9.281     13.461     8.8513 0.0000e+00
      9.464      0.001     9.4948     81.858     51.811  35.071953    -0.0712      7.583   334.9486 1.2387e-01     0.1765      9.281     13.461     8.8496 0.0000e+00
      9.464      0.001     9.5002     81.837     51.795  35.059195    -0.0593      7.582   334.6958 1.2390e-01     0.3063      9.281     13.460     8.8481 0.0000e+00
      9.464      0.001     9.5030     81.799     51.831  35.082147    -0.0661      7.582   334.5503 1.2388e-01     0.3496      9.281     13.461     8.8466 0.0000e+00
      9.464      0.001     9.5003     81.717     51.853  35.095667    -0.0865      7.583   334.7375 1.2387e-01     0.2907      9.281     13.461     8.8452 0.0000e+00
      9.465      0.001     9.4960     81.632     51.855  35.095752    -0.0970      7.584   335.4972 1.2387e-01     0.2082      9.282     13.462     8.8437 0.0000e+00
      9.465      0.001     9.4947     81.576     51.838  35.083175    -0.0859      7.584   335.9053 1.2382e-01     0.1719      9.282     13.462     8.8421 0.0000e+00
      9.465      0.001     9.4941     81.535     51.821  35.070505    -0.0610      7.584   335.8868 1.2372e-01     0.2280      9.282     13.463     8.8409 0.0000e+00
      9.466      0.001     9.4808     81.501     51.821  35.069446    -0.0625      7.584   335.6168 1.2375e-01     0.2373      9.283     13.464     8.8395 0.0000e+00
      9.466      0.001     9.4698     81.462     51.825  35.070381    -0.0873      7.585   335.1363 1.2386e-01     0.0801      9.283     13.463     8.8382 0.0000e+00
      9.466      0.001     9.4658     81.411     51.843  35.081803    -0.1025      7.585   335.2397 1.2384e-01    -0.1363      9.283     13.464     8.8370 0.0000e+00
      9.467      0.001     9.4602     81.356     51.843  35.080648    -0.0955      7.585   335.8352 1.2374e-01    -0.2264      9.284     13.465     8.8359 0.0000e+00
      9.467      0.001     9.4574     81.289     51.809  35.056423    -0.0700      7.585   336.1407 1.2377e-01    -0.1901      9.284     13.465     8.8349 0.0000e+00
      9.467      0.001     9.4542     81.214     51.790  35.042684    -0.0603      7.585   336.1813 1.2377e-01    -0.1753      9.283     13.464     8.8336 0.0000e+00
      9.467      0.001     9.4470     81.146     51.790  35.041435    -0.0783      7.585   336.1542 1.2369e-01    -0.1834      9.284     13.465     8.8326 0.0000e+00
      9.467      0.001     9.4421     81.077     51.791  35.041322    -0.0879      7.584   336.0701 1.2370e-01    -0.1518      9.284     13.465     8.8315 0.0000e+00
