Data/DataNotYetUploadedToEDI/Raw_CTD/RawDownloads/040725_bvr50_S8188001.cnv
* Sea-Bird SBE19plus  Data File:
* FileName = C:\R\Reservoirs\Data\DataNotYetUploadedToEDI\Raw_CTD\RawDownloads\040725_bvr50_S8188_0001.hex
* Software version 2.8.0.119
* Temperature SN = 8188
* Conductivity SN = 8188
* System UpLoad Time = Apr 14 2025 17:09:20
* <ApplicationData>
* <Seaterm232>
# nquan = 16
# nvalues = 1138                        
# units = specified
# name 0 = depFM: Depth [fresh water, m]
# name 1 = dz/dtM: Descent Rate [m/s]
# name 2 = sbeox0Mg/L: Oxygen, SBE 43 [mg/l]
# name 3 = sbeox0PS: Oxygen, SBE 43 [% saturation]
# name 4 = specc: Specific Conductance [uS/cm]
# name 5 = c0uS/cm: Conductivity [uS/cm]
# name 6 = wetCDOM: Fluorescence, WET Labs CDOM [mg/m^3]
# name 7 = flECO-AFL: Fluorescence, WET Labs ECO-AFL/FL [mg/m^3]
# name 8 = flECO-AFL1: Fluorescence, WET Labs ECO-AFL/FL, 2 [mg/m^3]
# name 9 = flECO-AFL2: Fluorescence, WET Labs ECO-AFL/FL, 3 [mg/m^3]
# name 10 = par/sat/log: PAR/Logarithmic, Satlantic
# name 11 = turbWETntu0: Turbidity, WET Labs ECO [NTU]
# name 12 = prdM: Pressure, Strain Gauge [db]
# name 13 = prdE: Pressure, Strain Gauge [psi]
# name 14 = tv290C: Temperature [ITS-90, deg C]
# name 15 = flag:  0.000e+00
# span 0 =     -0.869,      7.142       
# span 1 =     -0.219,      0.139       
# span 2 =     0.3551,    12.5321       
# span 3 =      3.068,    129.432       
# span 4 =      1.741,     85.040       
# span 5 =   1.367821,  57.725494       
# span 6 =    -4.5000,    25.5600       
# span 7 =    -0.2808,     6.9368       
# span 8 =    -2.1300,     0.3408       
# span 9 =    -2.0304,     1.0998       
# span 10 = 1.1595e-01, 3.8711e+02      
# span 11 =    -1.0346,   130.6481      
# span 12 =     -0.852,      7.004      
# span 13 =     -1.236,     10.159      
# span 14 =     8.9234,    16.9401      
# span 15 = 0.0000e+00, 0.0000e+00      
# interval = seconds: 0.25
# start_time = Apr 07 2025 11:51:49 [Instrument's time stamp, header]
# bad_flag = -9.990e-29
*END*
[from data line 543]
     -0.103     -0.000     9.9931    103.296     27.830  23.329241    18.6300     5.8038     0.0852     0.9729 1.7491e+02     1.9413     -0.101     -0.147    16.9100 0.0000e+00
     -0.103      0.000     9.9913    103.334     27.818  23.319395    18.6300     5.8038     0.0852     0.9729 1.7388e+02     1.8205     -0.101     -0.147    16.9098 0.0000e+00
     -0.103      0.000     9.9927    103.351     27.822  23.322510    18.7200     5.8991     0.0852     0.9306 1.7362e+02     2.1377     -0.101     -0.147    16.9097 0.0000e+00
     -0.103      0.000     9.9966    103.351     27.826  23.325482    18.7200     5.9106     0.0852     0.9306 1.7178e+02     2.2888     -0.101     -0.147    16.9096 0.0000e+00
     -0.104      0.000    10.0014    103.346     27.828  23.327112    18.7200     5.9030     0.0852     0.9306 1.7392e+02     2.3039     -0.102     -0.148    16.9095 0.0000e+00
     -0.104      0.000    10.0050    103.336     27.836  23.333807    18.7200     5.8877     0.0852     0.9306 1.7253e+02     2.2132     -0.102     -0.148    16.9094 0.0000e+00
     -0.104      0.000    10.0067    103.315     27.840  23.337398    18.7200     5.8953     0.0852     0.8460 1.7305e+02     1.9111     -0.102     -0.148    16.9093 0.0000e+00
     -0.104      0.000    10.0068    103.285     27.830  23.328889    18.7200     5.8839     0.0852     0.8460 1.7302e+02     1.9715     -0.102     -0.148    16.9093 0.0000e+00
     -0.104      0.000    10.0062    103.257     27.820  23.319945    18.7200     5.9182     0.0852     0.8460 1.7525e+02     1.9413     -0.102     -0.148    16.9093 0.0000e+00
     -0.104      0.000    10.0053    103.240     27.832  23.330084    18.7200     5.9182     0.0852     0.8460 1.7388e+02     2.1075     -0.102     -0.148    16.9093 0.0000e+00
     -0.104      0.000    10.0032    103.238     27.868  23.360016    18.6300     5.8496     0.0852     0.9729 1.7230e+02     1.9866     -0.102     -0.148    16.9092 0.0000e+00
     -0.104      0.001    10.0004    103.241     27.913  23.397815    18.6300     5.8801     0.0852     0.9729 1.7219e+02     1.9413     -0.102     -0.148    16.9091 0.0000e+00
     -0.104      0.001     9.9977    103.231     27.949  23.427678    18.6300     5.8457     0.0852     0.9729 1.7242e+02     1.8960     -0.102     -0.148    16.9087 0.0000e+00
     -0.104      0.001     9.9962    103.205     27.946  23.425715    18.6300     5.8648     0.0852     0.9729 1.7441e+02     1.9866     -0.102     -0.147    16.9084 0.0000e+00
     -0.103      0.001     9.9961    103.164     27.922  23.405337    18.6300     6.1738     0.0852     0.8883 1.7468e+02     2.2435     -0.101     -0.147    16.9081 0.0000e+00
     -0.103      0.002     9.9964    103.102     27.910  23.394957    18.6300     6.1471     0.0852     0.8883 1.7197e+02     2.2888     -0.101     -0.147    16.9079 0.0000e+00
     -0.103      0.002     9.9954    103.022     27.897  23.383844    18.6300     6.1776     0.0852     0.8883 1.7257e+02     2.2132     -0.101     -0.146    16.9078 0.0000e+00
     -0.102      0.002     9.9928    102.945     27.879  23.369033    18.6300     6.1662     0.0852     0.8883 1.7324e+02     2.2737     -0.100     -0.145    16.9078 0.0000e+00
     -0.102      0.003     9.9889    102.900     27.865  23.356530    18.6300     5.4833     0.0852     0.8883 1.7219e+02     2.0320     -0.100     -0.144    16.9076 0.0000e+00
     -0.101      0.003     9.9830    102.910     27.846  23.341009    18.7200     5.4872     0.0852     0.9729 1.7052e+02     1.9262     -0.099     -0.143    16.9074 0.0000e+00
     -0.100      0.003     9.9754    102.966     27.819  23.318332    18.7200     5.5024     0.0852     0.9729 1.7052e+02     1.9715     -0.098     -0.142    16.9071 0.0000e+00
     -0.099      0.002     9.9679    103.034     27.784  23.288424    18.7200     5.4872     0.0852     0.9729 1.7000e+02     1.9564     -0.097     -0.141    16.9069 0.0000e+00
     -0.099      0.002     9.9636    103.086     27.754  23.263219    18.7200     6.0899     0.0852     0.9729 1.6985e+02     1.8507     -0.097     -0.140    16.9067 0.0000e+00
     -0.098      0.002     9.9647    103.110     27.748  23.257895    18.6300     6.0975     0.1278     0.9306 1.6922e+02     2.0018     -0.096     -0.140    16.9065 0.0000e+00
     -0.098      0.001     9.9701    103.103     27.747  23.257097    18.6300     6.0975     0.1278     0.9306 1.7041e+02     2.0471     -0.096     -0.139    16.9063 0.0000e+00
     -0.098      0.001     9.9768    103.075     27.709  23.224775    18.6300     6.0975     0.1278     0.9306 1.6930e+02     2.0924     -0.096     -0.139    16.9061 0.0000e+00
     -0.098      0.000     9.9819    103.052     27.646  23.172219    18.6300     5.7237     0.1278     0.9306 1.6834e+02     1.9111     -0.096     -0.139    16.9058 0.0000e+00
     -0.098      0.000     9.9842    103.067     27.604  23.137177    18.6300     5.7160     0.0852     0.8883 1.7004e+02     2.0018     -0.096     -0.139    16.9055 0.0000e+00
     -0.098      0.000     9.9836    103.143     27.589  23.124241    18.6300     5.7694     0.0852     0.8883 1.6772e+02     1.9715     -0.096     -0.139    16.9052 0.0000e+00
     -0.098      0.000     9.9810    103.271     27.601  23.133943    18.6300     5.7351     0.0852     0.8883 1.6743e+02     1.9715     -0.096     -0.139    16.9050 0.0000e+00
     -0.098     -0.001     9.9788    103.413     27.647  23.172854    18.6300     5.8419     0.0852     0.8883 1.6900e+02     1.9111     -0.096     -0.139    16.9048 0.0000e+00
     -0.098     -0.001     9.9802    103.531     27.707  23.223475    18.6300     5.8534     0.1278     0.8460 1.6941e+02     2.1075     -0.096     -0.140    16.9046 0.0000e+00
     -0.099     -0.001     9.9876    103.600     27.748  23.257498    18.6300     5.8724     0.1278     0.8460 1.6845e+02     2.0018     -0.097     -0.140    16.9045 0.0000e+00
     -0.099     -0.001    10.0000    103.616     27.746  23.256122    18.6300     5.8610     0.1278     0.8460 1.7052e+02     1.9413     -0.097     -0.141    16.9045 0.0000e+00
     -0.100     -0.001    10.0137    103.592     27.702  23.218981    18.6300     5.9182     0.1278     0.8460 1.6941e+02     2.2435     -0.098     -0.142    16.9046 0.0000e+00
     -0.100     -0.001    10.0251    103.541     27.650  23.175988    18.6300     5.9373     0.1278     0.8460 1.7026e+02     2.2586     -0.098     -0.142    16.9047 0.0000e+00
     -0.100     -0.001    10.0318    103.465     27.627  23.157487    18.6300     5.9259     0.0852     0.9306 1.7137e+02     2.3492     -0.098     -0.142    16.9049 0.0000e+00
     -0.100      0.000    10.0333    103.369     27.624  23.154563    18.6300     5.9030     0.0852     0.9306 1.6978e+02     2.1528     -0.098     -0.142    16.9052 0.0000e+00
     -0.100     -0.000    10.0308    103.272     27.624  23.154491    18.6300     6.0174     0.0852     0.9306 1.6758e+02     1.9413     -0.098     -0.142    16.9055 0.0000e+00
     -0.100      0.000    10.0258    103.195     27.636  23.165216    18.6300     5.9793     0.0852     0.9306 1.6978e+02     2.0924     -0.098     -0.142    16.9059 0.0000e+00
     -0.100      0.001    10.0184    103.154     27.660  23.185615    18.6300     5.9793     0.1278     0.8883 1.6956e+02     1.9715     -0.098     -0.142    16.9063 0.0000e+00
     -0.100      0.001    10.0091    103.145     27.688  23.209182    18.6300     6.0021     0.1278     0.8883 1.6922e+02     1.9715     -0.098     -0.142    16.9066 0.0000e+00
     -0.100      0.001     9.9996    103.158     27.701  23.220304    18.6300     6.1090     0.1278     0.8883 1.6867e+02     1.9413     -0.098     -0.142    16.9069 0.0000e+00
     -0.099      0.002     9.9921    103.201     27.681  23.204026    18.6300     6.0937     0.1278     0.8883 1.6867e+02     2.0169     -0.097     -0.142    16.9071 0.0000e+00
     -0.099      0.002     9.9881    103.277     27.650  23.177909    18.6300     6.1128     0.0852     0.9306 1.6831e+02     2.0169     -0.097     -0.141    16.9073 0.0000e+00
     -0.098      0.003     9.9871    103.373     27.639  23.168833    18.6300     6.1051     0.0852     0.9306 1.6853e+02     1.9715     -0.096     -0.140    16.9076 0.0000e+00
     -0.098      0.004     9.9884    103.461     27.660  23.186323    18.6300     5.5253     0.0852     0.9306 1.7059e+02     1.9564     -0.096     -0.139    16.9078 0.0000e+00
     -0.097      0.004     9.9924    103.518     27.692  23.213144    18.6300     5.5291     0.0852     0.9306 1.6820e+02     2.0471     -0.095     -0.137    16.9081 0.0000e+00
     -0.095      0.005     9.9998    103.529     27.708  23.226583    18.6300     5.5749     0.0852     0.9306 1.6430e+02     1.9111     -0.093     -0.136    16.9083 0.0000e+00
     -0.094      0.005    10.0090    103.496     27.714  23.232216    18.6300     5.5520     0.0852     1.0152 1.5910e+02     2.0773     -0.092     -0.133    16.9084 0.0000e+00
     -0.092      0.004    10.0175    103.421     27.716  23.233537    18.6300     5.4719     0.0852     1.0152 1.5861e+02     2.0471     -0.090     -0.131    16.9086 0.0000e+00
     -0.091      0.003    10.0230    103.309     27.709  23.226914    18.6300     5.5139     0.0852     1.0152 1.5700e+02     1.9564     -0.089     -0.129    16.9089 0.0000e+00
     -0.090      0.002    10.0240    103.173     27.708  23.226511    18.6300     5.4719     0.0852     1.0152 1.5976e+02     1.9413     -0.088     -0.128    16.9093 0.0000e+00
     -0.090      0.001    10.0207    103.035     27.718  23.234208    18.6300     5.4872     0.1278     0.8883 1.6087e+02     1.9866     -0.088     -0.128    16.9096 0.0000e+00
     -0.090      0.000    10.0135    102.916     27.722  23.238124    18.6300     5.6703     0.1278     0.8883 1.6217e+02     1.9413     -0.088     -0.128    16.9095 0.0000e+00
     -0.091     -0.001    10.0027    102.831     27.721  23.237311    18.6300     5.6779     0.1278     0.8883 1.6394e+02     2.0018     -0.089     -0.129    16.9090 0.0000e+00
     -0.091     -0.001     9.9897    102.795     27.702  23.221598    18.6300     5.6588     0.1278     0.8883 1.6711e+02     2.0018     -0.089     -0.129    16.9084 0.0000e+00
     -0.092     -0.001     9.9764    102.824     27.669  23.194758    18.6300     5.6817     0.0852     0.8037 1.6845e+02     1.9564     -0.090     -0.130    16.9081 0.0000e+00
     -0.092      0.000     9.9649    102.918     27.647  23.177507    18.6300     5.5444     0.0852     0.8037 1.7107e+02     2.0018     -0.090     -0.131    16.9081 0.0000e+00
     -0.092      0.002     9.9566    103.058     27.632  23.165245    18.6300     5.5558     0.0852     0.8037 1.6645e+02     1.9111     -0.091     -0.131    16.9084 0.0000e+00
     -0.092      0.005     9.9530    103.203     27.633  23.166647    18.6300     5.5940     0.0852     0.8037 1.6853e+02     2.0018     -0.090     -0.131    16.9093 0.0000e+00
     -0.091      0.009     9.9554    103.327     27.660  23.190051    18.6300     5.5444     0.1278     1.0152 1.7609e+02     2.0169     -0.089     -0.129    16.9107 0.0000e+00
     -0.089      0.013     9.9643    103.428     27.679  23.205861    18.6300     5.5329     0.1278     1.0152 1.7137e+02     2.0018     -0.087     -0.126    16.9123 0.0000e+00
     -0.085      0.018     9.9775    103.505     27.669  23.198385    18.6300     5.5787     0.1278     1.0152 1.6689e+02     1.9715     -0.083     -0.120    16.9137 0.0000e+00
     -0.079      0.023     9.9913    103.550     27.663  23.193502    18.6300     5.5367     0.1278     1.0152 1.5996e+02     2.0622     -0.078     -0.112    16.9148 0.0000e+00
     -0.072      0.028    10.0031    103.560     27.696  23.221763    18.6300     5.5558     0.1278     1.0152 1.5986e+02     2.0773     -0.071     -0.103    16.9157 0.0000e+00
     -0.065      0.034    10.0127    103.551     27.738  23.256859    18.6300     5.5596     0.1278     0.9729 1.6415e+02     2.0622     -0.064     -0.092    16.9164 0.0000e+00
     -0.056      0.040    10.0201    103.545     27.745  23.262359    18.6300     5.5520     0.1278     0.9729 1.5934e+02     1.9715     -0.055     -0.079    16.9170 0.0000e+00
     -0.046      0.047    10.0243    103.543     27.740  23.257648    18.6300     5.5520     0.1278     0.9729 1.5948e+02     2.0169     -0.045     -0.065    16.9177 0.0000e+00
     -0.033      0.056    10.0251    103.534     27.752  23.267351    18.6300     5.5520     0.1278     0.9729 1.5755e+02     1.9715     -0.033     -0.047    16.9182 0.0000e+00
     -0.019      0.065    10.0243    103.508     27.781  23.290075    18.6300     5.7504     0.1278     0.9729 1.5653e+02     1.9564     -0.018     -0.026    16.9183 0.0000e+00
     -0.001      0.075    10.0237    103.463     27.805  23.309977    18.6300     5.7542     0.1278     0.9729 1.4857e+02     1.9715     -0.001     -0.002    16.9179 0.0000e+00
      0.019      0.084    10.0237    103.416     27.826  23.326394    18.6300     5.7351     0.1278     0.9729 1.3992e+02     1.9715      0.019      0.028    16.9170 0.0000e+00
      0.043      0.092    10.0232    103.380     27.842  23.339721    18.6300     5.7199     0.1278     0.9729 1.2791e+02     1.9111      0.042      0.061    16.9157 0.0000e+00
      0.069      0.099    10.0209    103.359     27.824  23.323648    18.6300     6.1090     0.1278     0.8037 1.2397e+02     2.0471      0.067      0.098    16.9142 0.0000e+00
      0.096      0.103    10.0169    103.346     27.770  23.277871    18.6300     6.0937     0.1278     0.8037 1.1444e+02     1.9111      0.094      0.136    16.9128 0.0000e+00
      0.123      0.106    10.0125    103.324     27.723  23.237964    18.6300     6.0746     0.1278     0.8037 1.0910e+02     2.0320      0.121      0.175    16.9115 0.0000e+00
      0.151      0.108    10.0094    103.288     27.691  23.211203    18.6300     6.0975     0.1278     0.8037 1.0282e+02     1.9866      0.148      0.215    16.9103 0.0000e+00
      0.179      0.109    10.0076    103.241     27.658  23.182490    18.7200     5.9373     0.0852     1.0152 9.7614e+01     2.0471      0.175      0.254    16.9092 0.0000e+00
      0.206      0.111    10.0064    103.188     27.624  23.152130    18.7200     5.9106     0.0852     1.0152 9.6896e+01     1.9111      0.202      0.293    16.9083 0.0000e+00
      0.234      0.113    10.0045    103.135     27.600  23.127955    18.7200     5.9182     0.0852     1.0152 9.2876e+01     1.9413      0.229      0.333    16.9077 0.0000e+00
      0.262      0.115    10.0011    103.094     27.609  23.131390    18.7200     5.9259     0.0852     1.0152 9.1097e+01     1.9715      0.257      0.373    16.9070 0.0000e+00
      0.293      0.117     9.9969    103.073     27.648  23.159369    18.7200     5.9716     0.0852     1.0152 8.6977e+01     2.0018      0.287      0.416    16.9053 0.0000e+00
      0.324      0.118     9.9926    103.070     27.671  23.175553    18.7200     5.9716     0.1278     1.0575 8.4023e+01     1.9111      0.317      0.460    16.9013 0.0000e+00
      0.355      0.118     9.9888    103.088     27.675  23.176295    18.7200     5.9869     0.1278     1.0575 8.1576e+01     1.9413      0.348      0.505    16.8947 0.0000e+00
      0.386      0.118     9.9866    103.127     27.673  23.173737    18.7200     6.0060     0.1278     1.0575 7.9390e+01     2.0018      0.378      0.548    16.8864 0.0000e+00
      0.415      0.117     9.9862    103.180     27.652  23.155253    18.7200     6.1166     0.1278     1.0575 7.8005e+01     1.8809      0.407      0.591    16.8783 0.0000e+00
      0.444      0.117     9.9873    103.241     27.601  23.111931    18.8100     6.1242     0.1278     1.0998 7.6179e+01     2.0169      0.435      0.632    16.8721 0.0000e+00
      0.473      0.118     9.9898    103.310     27.546  23.064072    18.8100     6.0975     0.1278     1.0998 7.3114e+01     1.9715      0.464      0.673    16.8683 0.0000e+00
