Data/DataNotYetUploadedToEDI/Raw_CTD/RawDownloads/040824_fcr50_S7809001.cnv
* Sea-Bird SBE19plus  Data File:
* FileName = C:\R\Reservoirs\Data\DataNotYetUploadedToEDI\Raw_CTD\RawDownloads\040824_fcr50_S7809_0001.hex
* Software version 2.8.0.119
* Temperature SN = 7809
* Conductivity SN = 7809
* System UpLoad Time = Apr 08 2024 15:48:05
* <ApplicationData>
* <Seaterm232>
# nquan = 15
# nvalues = 3011                        
# units = specified
# name 0 = depFM: Depth [fresh water, m]
# name 1 = dz/dtM: Descent Rate [m/s]
# name 2 = sbeox0Mg/L: Oxygen, SBE 43 [mg/l]
# name 3 = sbeox0PS: Oxygen, SBE 43 [% saturation]
# name 4 = specc: Specific Conductance [uS/cm]
# name 5 = c0uS/cm: Conductivity [uS/cm]
# name 6 = flECO-AFL: Fluorescence, WET Labs ECO-AFL/FL [mg/m^3]
# name 7 = ph: pH
# name 8 = orp: Oxidation Reduction Potential [mV]
# name 9 = par/sat/log: PAR/Logarithmic, Satlantic
# name 10 = turbWETntu0: Turbidity, WET Labs ECO [NTU]
# name 11 = prdM: Pressure, Strain Gauge [db]
# name 12 = prdE: Pressure, Strain Gauge [psi]
# name 13 = tv290C: Temperature [ITS-90, deg C]
# name 14 = flag:  0.000e+00
# span 0 =     -0.611,      9.772       
# span 1 =     -0.334,      0.536       
# span 2 =     1.2918,    10.7240       
# span 3 =     11.713,     99.915       
# span 4 =      0.627,    595.340       
# span 5 =   0.497113, 407.721471       
# span 6 =    -0.2070,    16.5262       
# span 7 =      2.874,      7.901       
# span 8 = -1236.3105,   340.7647       
# span 9 = 1.2367e-01, 4.3374e+02       
# span 10 =    -0.3188,   161.9542      
# span 11 =     -0.600,      9.584      
# span 12 =     -0.870,     13.901      
# span 13 =     9.2390,    14.6004      
# span 14 = 0.0000e+00, 0.0000e+00      
# interval = seconds: 0.25
# start_time = Apr 08 2024 10:55:43 [Instrument's time stamp, header]
# bad_flag = -9.990e-29
*END*
[from data line 964]
      0.181 1.4157e-43     9.7956     91.478     37.135  27.716483     4.8356      7.247   269.3558 2.9157e+02     4.3849      0.178      0.258    12.3101 0.0000e+00
      0.181 1.6053e-42     9.7871     91.499     37.167  27.740604     4.8583      7.248   268.9839 2.9168e+02     4.5134      0.177      0.257    12.3108 0.0000e+00
      0.181 1.7662e-41     9.7851     91.499     37.185  27.754319     4.8981      7.247   269.3111 2.9172e+02     4.7148      0.178      0.258    12.3124 0.0000e+00
      0.182 1.9428e-40     9.7851     91.502     37.186  27.755462     4.9086      7.247   269.6117 2.9175e+02     4.7693      0.178      0.258    12.3139 0.0000e+00
      0.182 2.1371e-39     9.7865     91.507     37.184  27.754422     4.8848      7.247   269.9515 2.9173e+02     4.7293      0.178      0.258    12.3149 0.0000e+00
      0.182 2.3508e-38     9.7916     91.481     37.167  27.741748     4.8768      7.247   270.1493 2.9159e+02     4.6752      0.177      0.257    12.3159 0.0000e+00
      0.182 2.5859e-37     9.7885     91.452     37.151  27.729073     4.8958      7.248   269.9384 2.9155e+02     4.5933      0.178      0.258    12.3165 0.0000e+00
      0.182 2.8445e-36     9.7887     91.446     37.150  27.728024     4.9140      7.248   269.3814 2.9178e+02     4.5241      0.178      0.258    12.3167 0.0000e+00
      0.182 3.1290e-35     9.7926     91.443     37.152  27.729063     4.9062      7.248   268.9206 2.9188e+02     4.4876      0.178      0.258    12.3172 0.0000e+00
      0.182 3.4419e-34     9.7871     91.440     37.169  27.741634     4.8847      7.247   268.8412 2.9175e+02     4.4600      0.178      0.258    12.3170 0.0000e+00
      0.182 3.7861e-33     9.7827     91.453     37.184  27.753165     4.8874      7.247   269.0239 2.9176e+02     4.5323      0.178      0.258    12.3165 0.0000e+00
      0.182 4.1647e-32     9.7839     91.473     37.168  27.741634     4.9134      7.247   269.3223 2.9189e+02     4.6779      0.178      0.258    12.3164 0.0000e+00
      0.182 4.5811e-31     9.7837     91.483     37.150  27.729063     4.9156      7.247   269.5238 2.9214e+02     4.6835      0.179      0.259    12.3161 0.0000e+00
      0.182 5.0392e-30     9.7819     91.487     37.147  27.728023     4.8897      7.248   269.5673 2.9225e+02     4.6335      0.178      0.258    12.3162 0.0000e+00
      0.182 5.5432e-29     9.7838     91.476     37.147  27.729063     4.8920      7.249   269.5900 2.9190e+02     4.6545      0.178      0.258    12.3165 0.0000e+00
      0.182 6.0975e-28     9.7878     91.450     37.163  27.741634     4.9270      7.249   269.5406 2.9158e+02     4.6986      0.179      0.259    12.3162 0.0000e+00
      0.182 6.7072e-27     9.7869     91.419     37.177  27.753165     4.9464      7.248   269.4864 2.9157e+02     4.7227      0.178      0.258    12.3169 0.0000e+00
      0.182 7.3780e-26     9.7887     91.390     37.161  27.741634     4.9432      7.247   269.4507 2.9173e+02     4.7064      0.178      0.259    12.3187 0.0000e+00
      0.182 8.1157e-25     9.7866     91.393     37.143  27.729062     4.9380      7.247   269.3670 2.9185e+02     4.7065      0.178      0.258    12.3203 0.0000e+00
      0.182 8.9273e-24     9.7828     91.428     37.142  27.728013     4.9325      7.248   269.8514 2.9171e+02     4.7585      0.178      0.259    12.3216 0.0000e+00
      0.182 9.8201e-23     9.7802     91.472     37.144  27.728948     4.9272      7.249   270.7476 2.9186e+02     4.7878      0.178      0.258    12.3224 0.0000e+00
      0.182 1.0802e-21     9.7742     91.516     37.159  27.740376     4.9248      7.250   270.9962 2.9230e+02     4.7541      0.178      0.258    12.3233 0.0000e+00
      0.182 1.1882e-20     9.7748     91.549     37.157  27.739327     4.9123      7.250   270.8786 2.9233e+02     4.7265      0.178      0.259    12.3242 0.0000e+00
      0.182 1.3070e-19     9.7803     91.574     37.127  27.716263     4.9006      7.250   270.7020 2.9212e+02     4.7615      0.178      0.258    12.3244 0.0000e+00
      0.182 1.4378e-18     9.7842     91.580     37.126  27.715214     4.9078      7.250   270.3234 2.9207e+02     4.8012      0.178      0.258    12.3244 0.0000e+00
      0.182 1.5815e-17     9.7901     91.540     37.142  27.726652     4.9074      7.250   270.2587 2.9202e+02     4.7625      0.178      0.258    12.3245 0.0000e+00
      0.182 1.7397e-16     9.7933     91.480     37.143  27.727701     4.8953      7.251   270.9531 2.9189e+02     4.7036      0.178      0.258    12.3241 0.0000e+00
      0.182 1.9137e-15     9.7953     91.431     37.144  27.727901     4.9027      7.251   271.9225 2.9197e+02     4.7048      0.178      0.258    12.3236 0.0000e+00
      0.182 2.1050e-14     9.7998     91.386     37.146  27.729062     4.9302      7.251   272.2562 2.9223e+02     4.7425      0.179      0.259    12.3234 0.0000e+00
      0.182 2.3155e-13     9.7929     91.338     37.164  27.741748     4.9547      7.251   272.0629 2.9245e+02     4.7837      0.178      0.258    12.3226 0.0000e+00
      0.182 2.5471e-12     9.7850     91.318     37.181  27.754433     4.9569      7.251   271.8220 2.9251e+02     4.7591      0.179      0.259    12.3220 0.0000e+00
      0.182 2.8018e-11     9.7807     91.336     37.182  27.755585     4.9482      7.251   271.7525 2.9249e+02     4.7175      0.178      0.258    12.3217 0.0000e+00
      0.182 3.0820e-10     9.7772     91.377     37.181  27.755680     4.9415      7.252   271.9106 2.9247e+02     4.7243      0.178      0.258    12.3206 0.0000e+00
      0.182 3.3901e-09     9.7698     91.425     37.180  27.755576     4.9422      7.253   272.0986 2.9238e+02     4.7390      0.178      0.258    12.3204 0.0000e+00
      0.182 3.7292e-08     9.7669     91.435     37.178  27.754330     4.9569      7.253   272.3053 2.9232e+02     4.7935      0.178      0.258    12.3209 0.0000e+00
      0.182 4.1021e-07     9.7711     91.430     37.158  27.740605     4.9443      7.252   272.6034 2.9238e+02     4.8362      0.178      0.259    12.3214 0.0000e+00
      0.182      0.000     9.7727     91.448     37.125  27.716492     4.8983      7.251   272.7778 2.9237e+02     4.8794      0.178      0.259    12.3225 0.0000e+00
      0.182      0.000     9.7831     91.458     37.124  27.716491     4.8835      7.251   272.7784 2.9220e+02     4.9748      0.178      0.258    12.3235 0.0000e+00
      0.182      0.001     9.7814     91.456     37.157  27.740593     4.9063      7.252   272.6973 2.9220e+02     4.9989      0.178      0.259    12.3243 0.0000e+00
      0.182      0.001     9.7774     91.461     37.176  27.754204     4.9163      7.254   272.2263 2.9265e+02     4.9321      0.178      0.259    12.3249 0.0000e+00
      0.183      0.001     9.7836     91.466     37.177  27.754204     4.9038      7.255   271.6441 2.9285e+02     4.8845      0.179      0.260    12.3253 0.0000e+00
      0.183      0.002     9.7832     91.489     37.162  27.740593     4.8979      7.255   271.5095 2.9279e+02     4.9008      0.179      0.260    12.3262 0.0000e+00
      0.183      0.004     9.7815     91.516     37.133  27.716482     4.9116      7.251   271.5445 2.9298e+02     4.9585      0.179      0.260    12.3266 0.0000e+00
      0.183      0.007     9.7841     91.514     37.137  27.716378     4.9195      7.244   271.7242 2.9287e+02     4.9675      0.179      0.260    12.3255 0.0000e+00
      0.184      0.009     9.7829     91.488     37.171  27.739338     4.9014      7.236   272.0475 2.9232e+02     4.9071      0.179      0.260    12.3240 0.0000e+00
      0.187      0.011     9.7862     91.453     37.176  27.740377     4.8842      7.227   271.5812 2.9158e+02     4.8778      0.181      0.263    12.3225 0.0000e+00
      0.193      0.011     9.7928     91.426     37.163  27.728940     4.8773      7.220   270.4739 2.9087e+02     4.9207      0.190      0.276    12.3186 0.0000e+00
      0.198      0.010     9.7920     91.415     37.163  27.727901     4.8684      7.215   270.1029 2.9050e+02     4.9473      0.196      0.284    12.3130 0.0000e+00
      0.199      0.008     9.7907     91.421     37.162  27.727815     4.8687      7.210   270.3644 2.9055e+02     4.8578      0.196      0.284    12.3087 0.0000e+00
      0.199      0.005     9.7860     91.417     37.161  27.727901     4.8805      7.205   270.5393 2.9077e+02     4.7263      0.196      0.284    12.3058 0.0000e+00
      0.200      0.002     9.7839     91.404     37.160  27.728940     4.8948      7.202   270.8400 2.9104e+02     4.6903      0.196      0.285    12.3038 0.0000e+00
      0.200      0.000     9.7821     91.416     37.172  27.740377     4.9078      7.200   271.3332 2.9115e+02     4.7295      0.196      0.285    12.3024 0.0000e+00
      0.200 2.5892e-08     9.7845     91.440     37.167  27.739338     4.9302      7.199   271.1680 2.9094e+02     4.6880      0.196      0.284    12.3027 0.0000e+00
      0.200 2.8482e-07     9.7847     91.449     37.133  27.716378     4.9490      7.197   270.3050 2.9092e+02     4.5298      0.195      0.283    12.3046 0.0000e+00
      0.200 2.8482e-07     9.7786     91.439     37.132  27.716483     4.9436      7.197   269.8471 2.9114e+02     4.4219      0.196      0.284    12.3076 0.0000e+00
      0.200 2.5892e-08     9.7814     91.419     37.163  27.740605     4.9403      7.196   269.8471 2.9138e+02     4.4432      0.196      0.285    12.3115 0.0000e+00
      0.200 2.3538e-09     9.7840     91.407     37.181  27.754340     4.9502      7.195   269.9621 2.9169e+02     4.5138      0.196      0.284    12.3151 0.0000e+00
      0.200 2.1399e-10     9.7844     91.422     37.183  27.755691     4.9547      7.195   270.2036 2.9197e+02     4.5239      0.196      0.285    12.3176 0.0000e+00
      0.200 1.9453e-11     9.7826     91.457     37.185  27.756948     4.9452      7.195   270.4451 2.9233e+02     4.4965      0.196      0.284    12.3190 0.0000e+00
      0.200 1.7685e-12     9.7800     91.483     37.202  27.769530     4.9428      7.196   270.5584 2.9288e+02     4.4898      0.196      0.285    12.3198 0.0000e+00
      0.200 1.6077e-13     9.7769     91.503     37.216  27.780969     4.9595      7.196   270.3685 2.9324e+02     4.4774      0.196      0.285    12.3211 0.0000e+00
      0.200 1.4616e-14     9.7791     91.536     37.199  27.768408     4.9729      7.197   270.0428 2.9328e+02     4.4835      0.196      0.284    12.3209 0.0000e+00
      0.200 1.3287e-15     9.7853     91.562     37.167  27.744504     4.9713      7.198   269.9757 2.9352e+02     4.4950      0.196      0.285    12.3191 0.0000e+00
      0.200 1.2079e-16     9.7871     91.555     37.169  27.745656     4.9567      7.198   270.0733 2.9402e+02     4.5135      0.196      0.285    12.3192 0.0000e+00
      0.200 1.0981e-17     9.7881     91.540     37.217  27.782341     4.9624      7.198   270.1908 2.9458e+02     4.5372      0.196      0.284    12.3209 0.0000e+00
      0.200 9.9825e-19     9.7918     91.524     37.250  27.807492     4.9993      7.198   270.7939 2.9527e+02     4.5421      0.196      0.285    12.3214 0.0000e+00
      0.200 9.0750e-20     9.7979     91.508     37.234  27.796056     5.0199      7.199   271.6865 2.9590e+02     4.5044      0.196      0.284    12.3209 0.0000e+00
      0.200 8.2500e-21     9.7935     91.518     37.200  27.770913     5.0112      7.201   271.7778 2.9639e+02     4.4224      0.195      0.283    12.3204 0.0000e+00
      0.200 7.5000e-22     9.7927     91.534     37.181  27.757198     4.9940      7.202   271.2951 2.9689e+02     4.4058      0.196      0.284    12.3208 0.0000e+00
      0.200 6.8185e-23     9.7919     91.536     37.181  27.757086     4.9704      7.202   271.0983 2.9734e+02     4.4734      0.196      0.284    12.3221 0.0000e+00
      0.200 6.1985e-24     9.7863     91.522     37.198  27.769552     4.9263      7.202   270.9470 2.9762e+02     4.5229      0.196      0.285    12.3233 0.0000e+00
      0.200 5.6350e-25     9.7898     91.483     37.214  27.781074     4.8849      7.202   270.7562 2.9776e+02     4.4919      0.197      0.285    12.3243 0.0000e+00
      0.200 5.1225e-26     9.7920     91.428     37.199  27.769540     4.8777      7.203   271.3720 2.9795e+02     4.4409      0.196      0.285    12.3245 0.0000e+00
      0.200 4.6570e-27     9.7919     91.401     37.181  27.756960     4.8726      7.204   272.4564 2.9829e+02     4.4521      0.196      0.285    12.3242 0.0000e+00
      0.200 4.2336e-28     9.7911     91.412     37.178  27.755816     4.8560      7.204   272.7687 2.9866e+02     4.4911      0.196      0.284    12.3234 0.0000e+00
      0.200 3.8487e-29     9.7880     91.432     37.177  27.755711     4.8430      7.204   272.6522 2.9886e+02     4.5020      0.196      0.284    12.3224 0.0000e+00
      0.200 3.4989e-30     9.7786     91.461     37.176  27.755692     4.8240      7.204   272.4252 2.9901e+02     4.4817      0.197      0.285    12.3224 0.0000e+00
      0.200 3.1808e-31     9.7752     91.508     37.175  27.755588     4.8094      7.205   272.0025 2.9910e+02     4.4849      0.196      0.285    12.3235 0.0000e+00
      0.200 2.8916e-32     9.7786     91.557     37.171  27.754453     4.8087      7.207   272.2740 2.9925e+02     4.5404      0.197      0.285    12.3249 0.0000e+00
      0.200 2.6287e-33     9.7799     91.589     37.152  27.741977     4.8072      7.207   273.1267 2.9959e+02     4.5720      0.196      0.285    12.3259 0.0000e+00
      0.200 2.3897e-34     9.7818     91.602     37.137  27.731589     4.7993      7.207   273.5362 2.9980e+02     4.5253      0.196      0.285    12.3270 0.0000e+00
      0.200 2.1725e-35     9.7876     91.591     37.167  27.755700     4.7879      7.208   273.6114 2.9988e+02     4.4542      0.196      0.285    12.3285 0.0000e+00
      0.200 1.9750e-36     9.7937     91.571     37.198  27.779813     4.7854      7.208   273.6919 3.0000e+02     4.4985      0.196      0.285    12.3299 0.0000e+00
      0.200 1.7955e-37     9.7956     91.532     37.183  27.769434     4.7949      7.208   273.5627 3.0003e+02     4.6162      0.197      0.286    12.3318 0.0000e+00
      0.200 1.6322e-38     9.7984     91.481     37.167  27.757061     4.7939      7.209   273.2541 3.0015e+02     4.5795      0.197      0.285    12.3343 0.0000e+00
      0.200 1.4838e-39     9.7941     91.444     37.168  27.757061     4.7901      7.210   273.1447 3.0030e+02     4.4300      0.196      0.285    12.3362 0.0000e+00
      0.200 1.3490e-40     9.7933     91.419     37.186  27.769434     4.8074      7.211   273.3580 3.0031e+02     4.3803      0.196      0.284    12.3374 0.0000e+00
      0.200 1.2263e-41     9.7892     91.410     37.201  27.779804     4.8366      7.212   273.6822 3.0043e+02     4.4236      0.197      0.285    12.3380 0.0000e+00
      0.200 1.1148e-42     9.7809     91.416     37.171  27.755588     4.8524      7.212   273.7957 3.0069e+02     4.4401      0.197      0.285    12.3378 0.0000e+00
      0.200 1.0135e-43     9.7794     91.421     37.140  27.730341     4.8401      7.213   273.7833 3.0096e+02     4.4093      0.197      0.285    12.3369 0.0000e+00
      0.200 9.2135e-45     9.7754     91.417     37.140  27.728253     4.8288      7.213   273.9624 3.0099e+02     4.4274      0.197      0.285    12.3355 0.0000e+00
      0.200 8.3760e-46     9.7755     91.418     37.146  27.730341     4.8402      7.213   274.0689 3.0084e+02     4.5221      0.197      0.285    12.3335 0.0000e+00
      0.200 7.6145e-47     9.7771     91.418     37.181  27.755577     4.8533      7.213   273.6077 3.0090e+02     4.5640      0.196      0.284    12.3315 0.0000e+00
      0.200 6.9225e-48     9.7791     91.408     37.216  27.779679     4.8540      7.214   272.9462 3.0123e+02     4.5241      0.196      0.285    12.3289 0.0000e+00
      0.200 6.2980e-49     9.7776     91.429     37.203  27.768053     4.8567      7.214   272.7821 3.0144e+02     4.4840      0.197      0.286    12.3263 0.0000e+00
      0.200 6.2735e-50     9.7787     91.489     37.170  27.741863     4.8779      7.214   273.0857 3.0146e+02     4.4882      0.196      0.285    12.3238 0.0000e+00
