Data/DataNotYetUploadedToEDI/Raw_CTD/RawDownloads/040824_fcr50_S7809001.cnv
* Sea-Bird SBE19plus  Data File:
* FileName = C:\R\Reservoirs\Data\DataNotYetUploadedToEDI\Raw_CTD\RawDownloads\040824_fcr50_S7809_0001.hex
* Software version 2.8.0.119
* Temperature SN = 7809
* Conductivity SN = 7809
* System UpLoad Time = Apr 08 2024 15:48:05
* <ApplicationData>
* <Seaterm232>
# nquan = 15
# nvalues = 3011                        
# units = specified
# name 0 = depFM: Depth [fresh water, m]
# name 1 = dz/dtM: Descent Rate [m/s]
# name 2 = sbeox0Mg/L: Oxygen, SBE 43 [mg/l]
# name 3 = sbeox0PS: Oxygen, SBE 43 [% saturation]
# name 4 = specc: Specific Conductance [uS/cm]
# name 5 = c0uS/cm: Conductivity [uS/cm]
# name 6 = flECO-AFL: Fluorescence, WET Labs ECO-AFL/FL [mg/m^3]
# name 7 = ph: pH
# name 8 = orp: Oxidation Reduction Potential [mV]
# name 9 = par/sat/log: PAR/Logarithmic, Satlantic
# name 10 = turbWETntu0: Turbidity, WET Labs ECO [NTU]
# name 11 = prdM: Pressure, Strain Gauge [db]
# name 12 = prdE: Pressure, Strain Gauge [psi]
# name 13 = tv290C: Temperature [ITS-90, deg C]
# name 14 = flag:  0.000e+00
# span 0 =     -0.611,      9.772       
# span 1 =     -0.334,      0.536       
# span 2 =     1.2918,    10.7240       
# span 3 =     11.713,     99.915       
# span 4 =      0.627,    595.340       
# span 5 =   0.497113, 407.721471       
# span 6 =    -0.2070,    16.5262       
# span 7 =      2.874,      7.901       
# span 8 = -1236.3105,   340.7647       
# span 9 = 1.2367e-01, 4.3374e+02       
# span 10 =    -0.3188,   161.9542      
# span 11 =     -0.600,      9.584      
# span 12 =     -0.870,     13.901      
# span 13 =     9.2390,    14.6004      
# span 14 = 0.0000e+00, 0.0000e+00      
# interval = seconds: 0.25
# start_time = Apr 08 2024 10:55:43 [Instrument's time stamp, header]
# bad_flag = -9.990e-29
*END*
[from data line 1543]
      2.409      0.025     9.4003     85.352     37.143  26.736712     9.0115      7.325   292.9865 5.1230e+01     4.9479      2.363      3.427    10.9806 0.0000e+00
      2.419      0.024     9.4049     85.385     37.152  26.749867     8.9978      7.326   292.9355 5.0904e+01     4.8846      2.374      3.443    10.9780 0.0000e+00
      2.426      0.023     9.4124     85.440     37.150  26.751114     9.0042      7.326   292.6995 5.0670e+01     4.8529      2.380      3.452    10.9725 0.0000e+00
      2.430      0.020     9.4127     85.531     37.152  26.751796     9.0470      7.326   292.5423 5.0482e+01     4.9058      2.384      3.457    10.9763 0.0000e+00
      2.434      0.017     9.4134     85.640     37.164  26.758104     9.1077      7.325   292.4977 5.0359e+01     4.9775      2.387      3.462    10.9891 0.0000e+00
      2.437      0.015     9.4142     85.755     37.175  26.763965     9.1304      7.325   292.5901 5.0200e+01     4.9680      2.389      3.466    10.9996 0.0000e+00
      2.440      0.014     9.4174     85.858     37.171  26.759240     9.1219      7.326   292.7985 4.9975e+01     4.9280      2.392      3.469    11.0035 0.0000e+00
      2.444      0.015     9.4309     85.946     37.178  26.764386     9.1377      7.327   292.8661 4.9780e+01     5.0068      2.397      3.476    11.0011 0.0000e+00
      2.448      0.018     9.4420     86.023     37.175  26.762761     9.1807      7.327   292.8913 4.9611e+01     5.1684      2.400      3.482    10.9976 0.0000e+00
      2.452      0.022     9.4578     86.078     37.143  26.739594     9.1998      7.328   293.1041 4.9429e+01     5.2079      2.405      3.488    10.9945 0.0000e+00
      2.457      0.028     9.4689     86.098     37.147  26.737969     9.1857      7.328   293.2877 4.9236e+01     5.1431      2.410      3.495    10.9915 0.0000e+00
      2.463      0.034     9.4785     86.100     37.166  26.743105     9.1855      7.327   292.8744 4.8906e+01     5.1365      2.414      3.501    10.9916 0.0000e+00
      2.471      0.039     9.4874     86.111     37.169  26.738266     9.2222      7.326   292.1505 4.8369e+01     5.1965      2.422      3.513    10.9932 0.0000e+00
      2.485      0.043     9.4933     86.109     37.180  26.742878     9.2626      7.324   292.1074 4.7652e+01     5.2532      2.435      3.532    10.9942 0.0000e+00
      2.501      0.044     9.4974     86.082     37.171  26.735443     9.2741      7.323   292.5251 4.6952e+01     5.2417      2.455      3.560    10.9890 0.0000e+00
      2.515      0.044     9.4968     86.038     37.140  26.711795     9.3117      7.323   292.8124 4.6547e+01     5.2290      2.470      3.581    10.9746 0.0000e+00
      2.523      0.041     9.5043     85.999     37.141  26.710642     9.4101      7.323   293.0002 4.6225e+01     5.2703      2.474      3.589    10.9633 0.0000e+00
      2.532      0.039     9.5042     85.982     37.159  26.721492     9.4726      7.322   292.9895 4.5843e+01     5.2626      2.483      3.600    10.9602 0.0000e+00
      2.541      0.038     9.5007     85.949     37.159  26.716137     9.4690      7.322   292.5102 4.5590e+01     5.2036      2.494      3.617    10.9598 0.0000e+00
      2.548      0.039     9.4958     85.869     37.160  26.709315     9.3669      7.321   291.8517 4.5315e+01     5.1725      2.498      3.623    10.9590 0.0000e+00
      2.557      0.039     9.4896     85.766     37.158  26.702415     9.1780      7.321   291.5665 4.4786e+01     5.2278      2.504      3.632    10.9567 0.0000e+00
      2.570      0.038     9.4915     85.686     37.150  26.696130     9.0820      7.321   291.5569 4.4182e+01     5.2919      2.521      3.657    10.9543 0.0000e+00
      2.584      0.036     9.4905     85.640     37.145  26.696744     9.0807      7.320   291.7354 4.3771e+01     5.2294      2.537      3.679    10.9482 0.0000e+00
      2.594      0.032     9.4837     85.605     37.156  26.709842     9.0706      7.320   292.0903 4.3525e+01     5.1211      2.545      3.690    10.9347 0.0000e+00
      2.600      0.027     9.4713     85.560     37.179  26.727659     9.0088      7.321   292.1482 4.3297e+01     5.0759      2.551      3.699    10.9247 0.0000e+00
      2.605      0.022     9.4631     85.541     37.172  26.721904     8.9245      7.322   291.8328 4.3112e+01     5.1269      2.556      3.708    10.9254 0.0000e+00
      2.608      0.020     9.4563     85.571     37.148  26.703671     8.9014      7.322   291.6324 4.2993e+01     5.2256      2.558      3.710    10.9336 0.0000e+00
      2.610      0.023     9.4533     85.601     37.142  26.697476     8.9039      7.322   291.6181 4.2858e+01     5.2447      2.559      3.711    10.9420 0.0000e+00
      2.614      0.028     9.4451     85.601     37.166  26.710425     8.8714      7.322   291.6600 4.2626e+01     5.1866      2.562      3.716    10.9434 0.0000e+00
      2.622      0.034     9.4414     85.597     37.205  26.733384     8.8334      7.322   291.7083 4.2223e+01     5.1726      2.569      3.727    10.9405 0.0000e+00
      2.634      0.041     9.4490     85.616     37.199  26.721371     8.8272      7.322   291.6863 4.1720e+01     5.2453      2.583      3.746    10.9398 0.0000e+00
      2.647      0.046     9.4533     85.621     37.172  26.692019     8.8381      7.322   291.9102 4.1218e+01     5.3138      2.596      3.766    10.9386 0.0000e+00
      2.660      0.049     9.4541     85.590     37.191  26.695593     8.8903      7.322   292.3504 4.0697e+01     5.2836      2.608      3.782    10.9317 0.0000e+00
      2.674      0.050     9.4517     85.543     37.206  26.701149     8.9926      7.322   292.5348 4.0181e+01     5.1880      2.622      3.803    10.9254 0.0000e+00
      2.688      0.050     9.4594     85.459     37.197  26.695760     9.0666      7.321   292.5046 3.9750e+01     5.1825      2.637      3.825    10.9170 0.0000e+00
      2.699      0.050     9.4647     85.330     37.187  26.693867     9.0949      7.320   292.4158 3.9351e+01     5.2510      2.647      3.839    10.9008 0.0000e+00
      2.709      0.050     9.4619     85.186     37.160  26.678270     9.1600      7.320   292.3212 3.8881e+01     5.2311      2.656      3.851    10.8850 0.0000e+00
      2.723      0.050     9.4607     85.041     37.103  26.634029     9.2798      7.321   292.3081 3.8367e+01     5.1816      2.671      3.872    10.8771 0.0000e+00
      2.737      0.051     9.4519     84.902     37.077  26.602905     9.3525      7.321   292.6871 3.7882e+01     5.1651      2.685      3.895    10.8783 0.0000e+00
      2.750      0.051     9.4324     84.788     37.122  26.619050     9.3654      7.321   293.3755 3.7448e+01     5.1671      2.697      3.912    10.8894 0.0000e+00
      2.763      0.051     9.4148     84.705     37.171  26.638950     9.3944      7.321   293.6628 3.6999e+01     5.1725      2.709      3.929    10.8993 0.0000e+00
      2.777      0.048     9.4002     84.653     37.207  26.653236     9.4448      7.321   293.4930 3.6523e+01     5.1277      2.723      3.949    10.8928 0.0000e+00
      2.791      0.045     9.3876     84.640     37.234  26.664928     9.4758      7.321   293.2159 3.6108e+01     5.1378      2.736      3.970    10.8733 0.0000e+00
      2.802      0.041     9.3800     84.646     37.224  26.653463     9.4863      7.321   293.0652 3.5764e+01     5.2260      2.749      3.986    10.8498 0.0000e+00
      2.811      0.037     9.3762     84.626     37.207  26.641440     9.4879      7.321   293.1340 3.5501e+01     5.2385      2.758      3.999    10.8291 0.0000e+00
      2.819      0.034     9.3719     84.556     37.210  26.646415     9.4789      7.322   293.4450 3.5310e+01     5.1514      2.765      4.010    10.8143 0.0000e+00
      2.826      0.032     9.3741     84.452     37.214  26.650191     9.4772      7.322   293.9003 3.5092e+01     5.0612      2.771      4.020    10.8038 0.0000e+00
      2.833      0.030     9.3781     84.307     37.182  26.623676     9.4845      7.321   294.1657 3.4825e+01     5.0703      2.778      4.030    10.7969 0.0000e+00
      2.841      0.029     9.3778     84.116     37.129  26.579508     9.4829      7.321   294.2445 3.4546e+01     5.1596      2.787      4.041    10.7981 0.0000e+00
      2.850      0.028     9.3667     83.948     37.112  26.560118     9.3662      7.321   294.1646 3.4271e+01     5.1838      2.795      4.054    10.8047 0.0000e+00
      2.857      0.026     9.3542     83.831     37.149  26.579495     9.1395      7.321   293.9739 3.4030e+01     5.1228      2.803      4.065    10.8058 0.0000e+00
      2.864      0.023     9.3436     83.792     37.219  26.623517     9.0135      7.322   293.9182 3.3855e+01     5.1066      2.810      4.073    10.8001 0.0000e+00
      2.869      0.021     9.3165     83.844     37.261  26.648422     8.9915      7.323   293.9217 3.3730e+01     5.1925      2.815      4.082    10.7912 0.0000e+00
      2.874      0.019     9.3024     83.941     37.236  26.626921     8.9482      7.323   293.9298 3.3608e+01     5.2738      2.818      4.088    10.7813 0.0000e+00
      2.878      0.019     9.2894     84.068     37.221  26.617229     8.8815      7.323   294.0158 3.3465e+01     5.2700      2.822      4.092    10.7714 0.0000e+00
      2.881      0.020     9.2847     84.204     37.275  26.658080     8.8355      7.323   294.1011 3.3320e+01     5.2149      2.825      4.098    10.7629 0.0000e+00
      2.886      0.023     9.2972     84.322     37.301  26.676898     8.8409      7.323   294.1015 3.3175e+01     5.1873      2.830      4.105    10.7557 0.0000e+00
      2.891      0.028     9.3071     84.412     37.275  26.654484     8.9383      7.323   294.1060 3.2965e+01     5.1750      2.834      4.111    10.7506 0.0000e+00
      2.899      0.031     9.3226     84.450     37.259  26.640759     9.0809      7.323   293.9834 3.2659e+01     5.1349      2.841      4.120    10.7513 0.0000e+00
      2.909      0.033     9.3380     84.390     37.253  26.637794     9.1415      7.324   293.6521 3.2290e+01     5.1464      2.852      4.136    10.7575 0.0000e+00
      2.921      0.033     9.3505     84.250     37.223  26.618642     9.1303      7.324   293.4561 3.1957e+01     5.1782      2.865      4.155    10.7594 0.0000e+00
      2.931      0.033     9.3627     84.072     37.195  26.599463     9.1041      7.325   293.5052 3.1742e+01     5.2452      2.876      4.170    10.7495 0.0000e+00
      2.938      0.033     9.3720     83.891     37.188  26.596173     9.0657      7.325   293.6436 3.1605e+01     5.3422      2.881      4.178    10.7455 0.0000e+00
      2.943      0.033     9.3614     83.715     37.161  26.578861     9.0239      7.324   293.7534 3.1455e+01     5.3607      2.885      4.184    10.7514 0.0000e+00
      2.948      0.034     9.3443     83.529     37.170  26.580420     8.9984      7.324   293.7998 3.1206e+01     5.4004      2.890      4.191    10.7536 0.0000e+00
      2.957      0.035     9.3231     83.358     37.235  26.615013     9.0064      7.325   293.6025 3.0857e+01     5.4469      2.899      4.204    10.7531 0.0000e+00
      2.970      0.037     9.3014     83.230     37.255  26.616572     9.0963      7.325   293.3476 3.0513e+01     5.4438      2.914      4.226    10.7557 0.0000e+00
      2.982      0.039     9.2830     83.113     37.246  26.599253     9.2439      7.325   293.3847 3.0249e+01     5.4317      2.926      4.244    10.7623 0.0000e+00
      2.991      0.039     9.2616     82.972     37.253  26.595876     9.3094      7.326   293.5351 2.9997e+01     5.3685      2.933      4.254    10.7567 0.0000e+00
      3.000      0.040     9.2447     82.827     37.236  26.575724     9.2975      7.326   293.7031 2.9725e+01     5.3633      2.942      4.267    10.7373 0.0000e+00
      3.009      0.042     9.2364     82.681     37.206  26.545864     9.2420      7.326   293.8664 2.9514e+01     5.4711      2.951      4.280    10.7189 0.0000e+00
      3.017      0.047     9.2298     82.524     37.228  26.551940     9.1377      7.326   293.8752 2.9273e+01     5.5102      2.957      4.289    10.7040 0.0000e+00
      3.028      0.051     9.2128     82.350     37.289  26.585758     9.0767      7.325   293.8102 2.8864e+01     5.4272      2.967      4.304    10.6934 0.0000e+00
      3.044      0.052     9.2004     82.158     37.284  26.574213     9.0622      7.323   293.8539 2.8348e+01     5.3542      2.984      4.329    10.6835 0.0000e+00
      3.064      0.050     9.1865     81.979     37.243  26.539181     8.9790      7.322   293.8880 2.7879e+01     5.3457      3.006      4.360    10.6716 0.0000e+00
      3.080      0.046     9.1721     81.836     37.254  26.542722     8.8360      7.322   293.8790 2.7570e+01     5.3238      3.022      4.384    10.6587 0.0000e+00
      3.090      0.040     9.1565     81.706     37.274  26.553596     8.7480      7.322   293.9166 2.7402e+01     5.2271      3.031      4.396    10.6454 0.0000e+00
      3.096      0.033     9.1357     81.581     37.264  26.543810     8.7151      7.322   293.9124 2.7272e+01     5.1318      3.036      4.403    10.6340 0.0000e+00
      3.101      0.027     9.1157     81.482     37.279  26.551246     8.6957      7.322   293.9136 2.7149e+01     5.1284      3.042      4.412    10.6263 0.0000e+00
      3.106      0.023     9.1024     81.375     37.324  26.580073     8.6957      7.323   294.0176 2.7014e+01     5.1856      3.046      4.419    10.6212 0.0000e+00
      3.112      0.021     9.0912     81.288     37.321  26.575243     8.7154      7.323   294.1371 2.6837e+01     5.2430      3.052      4.426    10.6169 0.0000e+00
      3.119      0.021     9.0727     81.257     37.298  26.556260     8.7176      7.324   294.2409 2.6672e+01     5.2417      3.058      4.436    10.6133 0.0000e+00
      3.124      0.020     9.0686     81.221     37.278  26.540816     8.6894      7.324   294.3261 2.6547e+01     5.2377      3.064      4.444    10.6094 0.0000e+00
      3.128      0.018     9.0549     81.187     37.242  26.515352     8.6071      7.323   294.3930 2.6423e+01     5.2642      3.068      4.450    10.6053 0.0000e+00
      3.133      0.016     9.0409     81.171     37.218  26.502073     8.4714      7.323   294.4472 2.6309e+01     5.2204      3.072      4.456    10.6018 0.0000e+00
      3.137      0.015     9.0464     81.147     37.217  26.507112     8.3890      7.324   294.3796 2.6205e+01     5.1861      3.076      4.462    10.5984 0.0000e+00
      3.141      0.014     9.0392     81.111     37.217  26.512868     8.3684      7.325   294.2636 2.6107e+01     5.2252      3.080      4.468    10.5954 0.0000e+00
      3.143      0.014     9.0349     81.077     37.206  26.508244     8.3557      7.326   294.2488 2.6023e+01     5.2494      3.082      4.470    10.5942 0.0000e+00
      3.146      0.017     9.0347     81.062     37.213  26.514638     8.3603      7.326   294.2868 2.5958e+01     5.2397      3.085      4.474    10.5997 0.0000e+00
      3.149      0.023     9.0290     81.054     37.236  26.526756     8.3741      7.325   294.2924 2.5900e+01     5.1757      3.088      4.479    10.6098 0.0000e+00
      3.152      0.030     9.0237     81.049     37.253  26.527910     8.3721      7.324   294.4026 2.5795e+01     5.1242      3.091      4.482    10.6172 0.0000e+00
      3.158      0.035     9.0167     81.060     37.270  26.528575     8.3282      7.322   294.5866 2.5505e+01     5.2325      3.094      4.488    10.6223 0.0000e+00
      3.172      0.038     9.0160     81.062     37.290  26.534780     8.2514      7.322   294.4530 2.5032e+01     5.4268      3.108      4.509    10.6259 0.0000e+00
      3.191      0.038     9.0161     81.021     37.301  26.539508     8.2093      7.322   294.1631 2.4687e+01     5.5259      3.133      4.543    10.6218 0.0000e+00
      3.203      0.038     9.0179     80.946     37.276  26.522306     8.2105      7.322   294.0929 2.4584e+01     5.4735      3.144      4.560    10.6033 0.0000e+00
