Data/DataNotYetUploadedToEDI/Raw_CTD/RawDownloads/040824_fcr50_S7809001.cnv
* Sea-Bird SBE19plus  Data File:
* FileName = C:\R\Reservoirs\Data\DataNotYetUploadedToEDI\Raw_CTD\RawDownloads\040824_fcr50_S7809_0001.hex
* Software version 2.8.0.119
* Temperature SN = 7809
* Conductivity SN = 7809
* System UpLoad Time = Apr 08 2024 15:48:05
* <ApplicationData>
* <Seaterm232>
# nquan = 15
# nvalues = 3011                        
# units = specified
# name 0 = depFM: Depth [fresh water, m]
# name 1 = dz/dtM: Descent Rate [m/s]
# name 2 = sbeox0Mg/L: Oxygen, SBE 43 [mg/l]
# name 3 = sbeox0PS: Oxygen, SBE 43 [% saturation]
# name 4 = specc: Specific Conductance [uS/cm]
# name 5 = c0uS/cm: Conductivity [uS/cm]
# name 6 = flECO-AFL: Fluorescence, WET Labs ECO-AFL/FL [mg/m^3]
# name 7 = ph: pH
# name 8 = orp: Oxidation Reduction Potential [mV]
# name 9 = par/sat/log: PAR/Logarithmic, Satlantic
# name 10 = turbWETntu0: Turbidity, WET Labs ECO [NTU]
# name 11 = prdM: Pressure, Strain Gauge [db]
# name 12 = prdE: Pressure, Strain Gauge [psi]
# name 13 = tv290C: Temperature [ITS-90, deg C]
# name 14 = flag:  0.000e+00
# span 0 =     -0.611,      9.772       
# span 1 =     -0.334,      0.536       
# span 2 =     1.2918,    10.7240       
# span 3 =     11.713,     99.915       
# span 4 =      0.627,    595.340       
# span 5 =   0.497113, 407.721471       
# span 6 =    -0.2070,    16.5262       
# span 7 =      2.874,      7.901       
# span 8 = -1236.3105,   340.7647       
# span 9 = 1.2367e-01, 4.3374e+02       
# span 10 =    -0.3188,   161.9542      
# span 11 =     -0.600,      9.584      
# span 12 =     -0.870,     13.901      
# span 13 =     9.2390,    14.6004      
# span 14 = 0.0000e+00, 0.0000e+00      
# interval = seconds: 0.25
# start_time = Apr 08 2024 10:55:43 [Instrument's time stamp, header]
# bad_flag = -9.990e-29
*END*
[from data line 2699]
      4.522     -0.009     9.3612     82.350     39.741  27.413532     3.2657      7.871   308.1955 6.3525e+00    15.7437      4.434      6.431     9.4916 0.0000e+00
      4.522     -0.021     9.3765     82.371     40.348  27.831929     3.1905      7.872   308.2405 6.3425e+00    15.8932      4.435      6.432     9.4916 0.0000e+00
      4.521     -0.037     9.3932     82.351     40.391  27.862573     3.1602      7.873   308.4559 6.3448e+00    15.8603      4.435      6.432     9.4905 0.0000e+00
      4.514     -0.052     9.3998     82.294     40.000  27.593795     3.1162      7.872   308.7342 6.4555e+00    16.0970      4.432      6.429     9.4891 0.0000e+00
      4.494     -0.064     9.4106     82.194     39.770  27.436368     3.0573      7.872   308.9392 6.6732e+00    16.5353      4.412      6.399     9.4878 0.0000e+00
      4.465     -0.074     9.4120     82.061     39.742  27.417938     3.0222      7.872   309.2131 6.8619e+00    16.7193      4.376      6.346     9.4873 0.0000e+00
      4.440     -0.079     9.4089     81.887     39.764  27.434392     3.0168      7.872   309.4653 6.9757e+00    16.6810      4.350      6.309     9.4879 0.0000e+00
      4.421     -0.080     9.4039     81.667     39.778  27.445032     3.0582      7.871   309.4928 7.0874e+00    16.2776      4.336      6.289     9.4897 0.0000e+00
      4.405     -0.077     9.3898     81.439     39.833  27.483169     3.1570      7.869   309.4593 7.2217e+00    15.5996      4.321      6.267     9.4919 0.0000e+00
      4.388     -0.076     9.3754     81.241     39.970  27.578372     3.2289      7.869   309.4053 7.3644e+00    15.2463      4.303      6.241     9.4931 0.0000e+00
      4.369     -0.077     9.3561     81.091     40.065  27.644729     3.2364      7.868   309.4423 7.5194e+00    15.1829      4.285      6.216     9.4942 0.0000e+00
      4.349     -0.080     9.3286     81.017     39.980  27.587796     3.2231      7.868   309.9054 7.6771e+00    15.6191      4.266      6.187     9.4954 0.0000e+00
      4.328     -0.083     9.3004     81.019     39.884  27.524271     3.2184      7.868   310.5304 7.8317e+00    16.5574      4.245      6.156     9.4960 0.0000e+00
      4.305     -0.085     9.2781     81.062     39.860  27.510916     3.2285      7.867   310.8044 8.0045e+00    17.1344      4.221      6.122     9.4964 0.0000e+00
      4.282     -0.087     9.2585     81.085     39.825  27.489760     3.2462      7.866   310.8103 8.1820e+00    17.2316      4.198      6.089     9.4971 0.0000e+00
      4.261     -0.088     9.2499     81.059     39.775  27.458753     3.2415      7.865   310.6018 8.3496e+00    17.2551      4.179      6.061     9.4993 0.0000e+00
      4.239     -0.090     9.2504     81.008     39.669  27.389722     3.2213      7.865   310.2620 8.5324e+00    17.7262      4.158      6.031     9.5034 0.0000e+00
      4.216     -0.092     9.2575     80.937     39.517  27.289375     3.2266      7.864   310.2291 8.7201e+00    18.5890      4.134      5.996     9.5076 0.0000e+00
      4.193     -0.095     9.2615     80.829     39.467  27.260277     3.2469      7.862   310.7196 8.9090e+00    19.0111      4.112      5.964     9.5110 0.0000e+00
      4.168     -0.097     9.2546     80.683     39.503  27.291602     3.2587      7.862   311.2888 9.1369e+00    19.0386      4.090      5.932     9.5155 0.0000e+00
      4.141     -0.098     9.2483     80.521     39.490  27.287582     3.3032      7.862   311.4325 9.3746e+00    19.2279      4.061      5.891     9.5205 0.0000e+00
      4.114     -0.098     9.2397     80.379     39.377  27.211683     3.3929      7.862   311.4255 9.5853e+00    19.5918      4.035      5.852     9.5259 0.0000e+00
      4.089     -0.094     9.2260     80.264     39.172  27.071589     3.4607      7.861   311.5482 9.7890e+00    19.8182      4.010      5.816     9.5332 0.0000e+00
      4.065     -0.087     9.2067     80.153     39.050  26.989063     3.4902      7.861   311.5396 9.9895e+00    19.8817      3.986      5.780     9.5423 0.0000e+00
      4.041     -0.078     9.1840     80.041     39.115  27.038390     3.5427      7.861   311.3208 1.0184e+01    20.7690      3.963      5.748     9.5498 0.0000e+00
      4.021     -0.069     9.1676     79.974     39.192  27.097181     3.6291      7.861   311.4848 1.0331e+01    22.5529      3.939      5.714     9.5517 0.0000e+00
      4.007     -0.062     9.1557     79.977     39.138  27.065663     3.6861      7.861   312.0588 1.0416e+01    23.6193      3.928      5.697     9.5519 0.0000e+00
      3.997     -0.057     9.1439     80.036     39.089  27.037858     3.7071      7.861   312.2378 1.0526e+01    23.8247      3.923      5.688     9.5536 0.0000e+00
      3.985     -0.055     9.1266     80.127     39.140  27.078125     3.6911      7.861   312.1012 1.0664e+01    24.1145      3.908      5.667     9.5591 0.0000e+00
      3.971     -0.056     9.1154     80.189     39.180  27.108568     3.6430      7.861   312.1277 1.0784e+01    24.5953      3.892      5.647     9.5669 0.0000e+00
      3.956     -0.058     9.1172     80.197     39.150  27.088821     3.6249      7.861   312.2141 1.0930e+01    24.9238      3.881      5.630     9.5736 0.0000e+00
      3.941     -0.060     9.1201     80.159     39.064  27.029640     3.6303      7.862   312.3719 1.1122e+01    25.0466      3.866      5.607     9.5829 0.0000e+00
      3.923     -0.061     9.1339     80.053     38.968  26.963838     3.6337      7.862   312.6591 1.1298e+01    25.3968      3.847      5.579     9.5910 0.0000e+00
      3.906     -0.060     9.1410     79.896     38.913  26.927463     3.6405      7.861   312.9332 1.1431e+01    25.9811      3.829      5.553     9.5937 0.0000e+00
      3.892     -0.059     9.1393     79.740     38.882  26.906958     3.6372      7.860   313.1047 1.1572e+01    26.2707      3.816      5.535     9.5939 0.0000e+00
      3.878     -0.056     9.1385     79.611     38.880  26.906188     3.6271      7.859   313.0979 1.1727e+01    26.3021      3.804      5.517     9.5940 0.0000e+00
      3.864     -0.053     9.1247     79.524     38.895  26.918139     3.6186      7.859   312.9365 1.1857e+01    26.2926      3.788      5.494     9.5946 0.0000e+00
      3.851     -0.053     9.1035     79.487     38.898  26.924614     3.5679      7.859   312.8747 1.1982e+01    25.7116      3.775      5.475     9.5975 0.0000e+00
      3.839     -0.056     9.0842     79.475     38.975  26.984491     3.4810      7.859   312.8668 1.2120e+01    24.6064      3.765      5.460     9.5995 0.0000e+00
      3.827     -0.062     9.0699     79.449     39.090  27.071291     3.4417      7.858   312.7546 1.2252e+01    23.9630      3.753      5.444     9.5980 0.0000e+00
      3.813     -0.070     9.0584     79.393     39.102  27.086168     3.4584      7.857   312.8093 1.2420e+01    23.8757      3.740      5.425     9.6004 0.0000e+00
      3.795     -0.079     9.0537     79.280     39.023  27.037525     3.4831      7.857   313.0120 1.2667e+01    23.7558      3.724      5.401     9.6069 0.0000e+00
      3.771     -0.088     9.0537     79.115     38.948  26.990560     3.4822      7.857   313.1397 1.2967e+01    23.4691      3.700      5.366     9.6148 0.0000e+00
      3.744     -0.095     9.0474     78.947     38.904  26.962297     3.4639      7.857   313.2352 1.3294e+01    23.2454      3.672      5.325     9.6250 0.0000e+00
      3.717     -0.097     9.0415     78.785     38.884  26.949496     3.4787      7.857   313.2199 1.3615e+01    23.0660      3.645      5.287     9.6328 0.0000e+00
      3.691     -0.096     9.0278     78.644     38.902  26.962632     3.6030      7.857   313.0409 1.3935e+01    21.0956      3.620      5.250     9.6410 0.0000e+00
      3.665     -0.089     9.0022     78.550     38.855  26.930856     3.7935      7.857   312.9635 1.4232e+01    17.3887      3.592      5.210     9.6488 0.0000e+00
      3.642     -0.077     8.9851     78.497     38.784  26.882412     3.8844      7.856   312.9727 1.4480e+01    15.3441      3.569      5.177     9.6503 0.0000e+00
      3.623     -0.062     8.9656     78.496     38.875  26.947712     3.8852      7.856   312.9807 1.4738e+01    15.0941      3.553      5.153     9.6512 0.0000e+00
      3.606     -0.046     8.9462     78.539     38.888  26.959305     3.9785      7.856   313.0602 1.4909e+01    14.7756      3.532      5.124     9.6527 0.0000e+00
      3.596     -0.030     8.9382     78.585     38.699  26.832313     4.1801      7.855   313.0728 1.4920e+01    14.2599      3.524      5.110     9.6532 0.0000e+00
      3.595     -0.015     8.9301     78.631     38.564  26.744178     4.2848      7.854   313.1330 1.4891e+01    13.9483      3.526      5.113     9.6539 0.0000e+00
      3.596     -0.004     8.9292     78.692     38.514  26.718187     4.2698      7.854   313.3580 1.4830e+01    13.9108      3.525      5.111     9.6574 0.0000e+00
      3.599      0.003     8.9367     78.747     38.484  26.708342     4.2153      7.854   313.5561 1.4772e+01    14.3534      3.529      5.118     9.6604 0.0000e+00
      3.602      0.005     8.9407     78.769     38.437  26.688581     4.1415      7.853   313.6358 1.4772e+01    15.2695      3.534      5.126     9.6630 0.0000e+00
      3.603      0.004     8.9426     78.757     38.392  26.669546     4.1184      7.853   313.7184 1.4766e+01    15.8324      3.533      5.125     9.6717 0.0000e+00
      3.603      0.003     8.9487     78.732     38.378  26.668464     4.1185      7.853   313.8679 1.4746e+01    15.8991      3.534      5.126     9.6828 0.0000e+00
      3.603      0.001     8.9533     78.710     38.381  26.675505     4.0935      7.853   313.9804 1.4736e+01    15.9398      3.533      5.125     9.6971 0.0000e+00
      3.603     -0.000     8.9522     78.670     38.763  26.944945     4.0493      7.853   314.0457 1.4724e+01    16.6994      3.533      5.125     9.7156 0.0000e+00
      3.603     -0.005     8.9459     78.596     42.315  29.418860     4.0078      7.854   314.0555 1.4716e+01    18.1159      3.533      5.124     9.7327 0.0000e+00
      3.604     -0.015     8.9393     78.519     53.380  37.112682     3.9997      7.854   314.0131 1.4726e+01    18.9241      3.534      5.125     9.7449 0.0000e+00
      3.604     -0.030     8.9371     78.399     60.211  41.853016     3.9929      7.855   314.0492 1.4749e+01    19.0585      3.534      5.126     9.7488 0.0000e+00
      3.600     -0.046     8.9338     78.147     55.955  38.876427     3.8596      7.855   314.0608 1.4883e+01    19.5365      3.535      5.127     9.7520 0.0000e+00
      3.586     -0.061     8.9204     77.778     56.640  39.334284     3.6198      7.855   313.9820 1.5240e+01    20.5010      3.524      5.110     9.7612 0.0000e+00
      3.559     -0.076     8.9107     77.165     58.125  40.358545     3.4903      7.854   314.0425 1.5638e+01    21.1218      3.489      5.061     9.7655 0.0000e+00
      3.532     -0.087     8.9082     76.054     55.366  38.442007     3.4841      7.853   314.1900 1.5919e+01    21.0981      3.460      5.018     9.7548 0.0000e+00
      3.509     -0.094     8.8780     74.501     54.075  37.546117     3.5523      7.853   314.2169 1.6223e+01    19.4974      3.443      4.993     9.7338 0.0000e+00
      3.485     -0.095     8.8421     72.666     48.007  33.333005     3.6825      7.853   314.1957 1.6591e+01    16.5597      3.417      4.957     9.7179 0.0000e+00
      3.460     -0.094     8.7949     70.623     41.399  28.745295     3.7604      7.853   314.2777 1.6931e+01    15.0242      3.391      4.919     9.7130 0.0000e+00
      3.438     -0.093     8.6600     68.632     39.614  27.506207     3.7785      7.852   314.4338 1.7288e+01    15.1079      3.373      4.892     9.7133 0.0000e+00
      3.414     -0.094     8.4718     66.947     39.219  27.231494     3.8260      7.852   314.4487 1.7693e+01    16.7178      3.349      4.857     9.7146 0.0000e+00
      3.389     -0.097     8.2708     65.733     39.079  27.136263     3.9025      7.852   314.2857 1.8080e+01    19.5950      3.320      4.816     9.7147 0.0000e+00
      3.366     -0.101     8.0215     65.293     38.953  27.052458     3.9382      7.852   314.1837 1.8471e+01    21.1335      3.301      4.788     9.7146 0.0000e+00
      3.342     -0.104     7.7837     65.817     38.844  26.979306     3.9411      7.851   314.2482 1.8915e+01    21.4520      3.280      4.757     9.7153 0.0000e+00
      3.314     -0.107     7.5931     67.164     38.802  26.949457     3.9626      7.849   314.3780 1.9429e+01    23.5823      3.251      4.715     9.7146 0.0000e+00
      3.283     -0.111     7.4369     69.087     38.798  26.945257     3.9898      7.849   314.3756 1.9963e+01    27.3852      3.218      4.668     9.7164 0.0000e+00
      3.254     -0.111     7.3749     71.329     38.778  26.928531     3.9870      7.850   314.1335 2.0447e+01    29.4128      3.189      4.626     9.7232 0.0000e+00
      3.227     -0.106     7.4442     73.556     38.792  26.937496     3.9710      7.851   313.8592 2.0949e+01    29.5837      3.165      4.590     9.7265 0.0000e+00
      3.197     -0.098     7.6083     75.506     38.865  26.990225     3.9623      7.850   313.8123 2.1514e+01    29.7246      3.136      4.548     9.7254 0.0000e+00
      3.167     -0.090     7.8338     77.062     38.867  26.995256     3.8984      7.848   313.9111 2.1998e+01    30.8428      3.102      4.499     9.7231 0.0000e+00
      3.145     -0.085     8.1065     78.183     38.776  26.934905     3.7732      7.848   314.1070 2.2233e+01    32.8562      3.078      4.464     9.7188 0.0000e+00
      3.134     -0.082     8.3709     78.891     38.714  26.894768     3.6965      7.848   314.3740 2.2418e+01    33.9837      3.075      4.460     9.7158 0.0000e+00
      3.119     -0.082     8.5941     79.252     38.701  26.890523     3.7030      7.848   314.4722 2.2827e+01    33.9202      3.064      4.443     9.7195 0.0000e+00
      3.097     -0.084     8.7724     79.372     38.682  26.883577     3.8442      7.848   314.2627 2.3315e+01    31.4048      3.036      4.402     9.7255 0.0000e+00
      3.073     -0.088     8.8974     79.353     38.659  26.874216     4.0884      7.848   313.9909 2.3800e+01    26.6963      3.014      4.371     9.7288 0.0000e+00
      3.047     -0.091     8.9750     79.270     38.601  26.840762     4.2167      7.848   313.9396 2.4396e+01    24.0606      2.990      4.335     9.7323 0.0000e+00
      3.018     -0.091     9.0095     79.150     38.531  26.796217     4.2133      7.848   313.9010 2.4986e+01    23.7226      2.958      4.291     9.7387 0.0000e+00
      2.994     -0.088     9.0176     78.977     38.505  26.779598     4.1973      7.848   313.8680 2.5418e+01    23.2244      2.933      4.254     9.7462 0.0000e+00
      2.975     -0.086     9.0105     78.770     38.481  26.766681     4.1819      7.847   314.0561 2.5763e+01    22.3405      2.918      4.231     9.7550 0.0000e+00
      2.958     -0.086     8.9973     78.560     38.474  26.766895     4.1596      7.847   314.2828 2.6167e+01    21.8149      2.903      4.210     9.7658 0.0000e+00
      2.938     -0.089     8.9850     78.382     38.490  26.782190     4.1610      7.847   314.2001 2.6681e+01    21.7883      2.882      4.180     9.7709 0.0000e+00
      2.914     -0.094     8.9635     78.253     38.457  26.761337     4.2817      7.847   313.8310 2.7264e+01    21.7114      2.858      4.145     9.7707 0.0000e+00
      2.889     -0.100     8.9378     78.147     38.372  26.705041     4.4955      7.847   313.6051 2.7922e+01    21.4322      2.835      4.112     9.7760 0.0000e+00
      2.861     -0.106     8.9110     78.040     38.317  26.672333     4.6070      7.847   313.6202 2.8617e+01    21.2129      2.806      4.070     9.7845 0.0000e+00
      2.832     -0.110     8.8879     77.942     38.316  26.682989     4.6066      7.846   313.6687 2.9275e+01    21.1432      2.778      4.029     9.7891 0.0000e+00
      2.804     -0.110     8.8751     77.854     38.331  26.707046     4.6820      7.846   313.8479 2.9981e+01    21.3761      2.750      3.989     9.7919 0.0000e+00
