Data/DataNotYetUploadedToEDI/Raw_CTD/RawDownloads/041222_bvr50_0002.cnv
* Sea-Bird SBE19plus  Data File:
* FileName = C:\R\Reservoirs\Data\DataNotYetUploadedToEDI\Raw_CTD\RawDownloads\041222_fcr50_0002.hex
* Software version 2.8.0.119
* Temperature SN = 7809
* Conductivity SN = 7809
* System UpLoad Time = Apr 13 2022 11:19:36
* <ApplicationData>
* <Seaterm232>
# nquan = 16
# nvalues = 1833                        
# units = specified
# name 0 = depFM: Depth [fresh water, m]
# name 1 = dz/dtM: Descent Rate [m/s]
# name 2 = orp: Oxidation Reduction Potential [mV]
# name 3 = sbeox0Mg/L: Oxygen, SBE 43 [mg/l]
# name 4 = sbeox0PS: Oxygen, SBE 43 [% saturation]
# name 5 = par/sat/log: PAR/Logarithmic, Satlantic
# name 6 = ph: pH
# name 7 = specc: Specific Conductance [uS/cm]
# name 8 = c0uS/cm: Conductivity [uS/cm]
# name 9 = flECO-AFL: Fluorescence, WET Labs ECO-AFL/FL [mg/m^3]
# name 10 = turbWETntu0: Turbidity, WET Labs ECO [NTU]
# name 11 = tv290C: Temperature [ITS-90, deg C]
# name 12 = density00: Density [density, kg/m^3]
# name 13 = prdE: Pressure, Strain Gauge [psi]
# name 14 = prdM: Pressure, Strain Gauge [db]
# name 15 = flag:  0.000e+00
# span 0 =     -0.722,      9.619       
# span 1 =     -0.296,      0.106       
# span 2 =     9.6568,  1240.2222       
# span 3 =     0.3488,    10.6460       
# span 4 =      3.041,     97.510       
# span 5 = 1.2362e-01, 2.1819e+02       
# span 6 =      4.448,      6.980       
# span 7 =      0.599,    201.317       
# span 8 =   0.545740, 136.912908       
# span 9 =    -0.1856,    17.1532       
# span 10 =    -0.4555,     8.6765      
# span 11 =     8.7943,    21.0820      
# span 12 =   997.9806,   999.9150      
# span 13 =     -1.027,     13.683      
# span 14 =     -0.708,      9.434      
# span 15 = 0.0000e+00, 0.0000e+00      
# interval = seconds: 0.25
# start_time = Apr 12 2022 11:41:15 [Instrument's time stamp, header]
# bad_flag = -9.990e-29
*END*
[from data line 91]
     -0.722 -1.482e-24   864.5006     8.5363     95.817 2.1734e+02      4.578      0.665   0.612709    -0.0989    -0.0590    21.0610   997.9852     -1.026     -0.708 0.0000e+00
     -0.721 -1.630e-23   868.9795     8.5325     95.812 2.1725e+02      4.578      0.665   0.612708    -0.0909    -0.0536    21.0608   997.9852     -1.026     -0.707 0.0000e+00
     -0.721 -1.793e-22   873.4332     8.5314     95.814 2.1714e+02      4.578      0.665   0.612699    -0.0808    -0.0245    21.0607   997.9853     -1.025     -0.707 0.0000e+00
     -0.721 -1.972e-21   877.9102     8.5346     95.806 2.1718e+02      4.578      0.665   0.612595    -0.0846    -0.0490    21.0607   997.9853     -1.026     -0.707 0.0000e+00
     -0.721 -2.169e-20   882.3287     8.5302     95.807 2.1732e+02      4.578      0.664   0.611454    -0.0953    -0.0760    21.0605   997.9853     -1.026     -0.707 0.0000e+00
     -0.721 -2.386e-19   886.5037     8.5303     95.808 2.1737e+02      4.579      0.650   0.598899    -0.0946    -0.0440    21.0605   997.9853     -1.026     -0.708 0.0000e+00
     -0.721 -2.625e-18   890.7909     8.5325     95.813 2.1744e+02      4.579      0.638   0.587399    -0.0930    -0.0377    21.0602   997.9854     -1.025     -0.707 0.0000e+00
     -0.721 -2.887e-17   895.3616     8.5290     95.833 2.1752e+02      4.580      0.650   0.599011    -0.1001    -0.0680    21.0599   997.9854     -1.026     -0.707 0.0000e+00
     -0.722 -3.176e-16   899.7803     8.5311     95.842 2.1749e+02      4.580      0.665   0.612700    -0.1052    -0.0683    21.0597   997.9855     -1.027     -0.708 0.0000e+00
     -0.722 -3.493e-15   903.9505     8.5310     95.838 2.1738e+02      4.580      0.680   0.626302    -0.0969    -0.0417    21.0594   997.9855     -1.027     -0.708 0.0000e+00
     -0.722 -3.843e-14   908.1844     8.5296     95.833 2.1736e+02      4.581      0.691   0.636876    -0.0829    -0.0193    21.0592   997.9856     -1.026     -0.707 0.0000e+00
     -0.722 -4.227e-13   912.5983     8.5343     95.830 2.1746e+02      4.581      0.666   0.613953    -0.0858    -0.0378    21.0593   997.9856     -1.026     -0.708 0.0000e+00
     -0.721 -4.650e-12   916.9659     8.5338     95.820 2.1741e+02      4.581      0.654   0.602340    -0.0991    -0.0941    21.0591   997.9856     -1.026     -0.707 0.0000e+00
     -0.721 -5.115e-11   921.1566     8.5339     95.804 2.1733e+02      4.581      0.677   0.623065    -0.1018    -0.1197    21.0587   997.9857     -1.026     -0.707 0.0000e+00
     -0.721 -5.626e-10   925.4116     8.5329     95.806 2.1743e+02      4.582      0.664   0.611339    -0.1017    -0.1084    21.0583   997.9858     -1.026     -0.708 0.0000e+00
     -0.721 -6.189e-09   929.7805     8.5329     95.820 2.1749e+02      4.584      0.637   0.587161    -0.1064    -0.0939    21.0580   997.9859     -1.026     -0.707 0.0000e+00
     -0.721 -6.808e-08   933.8865     8.5333     95.832 2.1742e+02      4.584      0.634   0.583935    -0.1007    -0.0804    21.0580   997.9858     -1.026     -0.707 0.0000e+00
     -0.721 -1.248e-07   937.7147     8.5290     95.822 2.1743e+02      4.583      0.622   0.572330    -0.0904    -0.0824    21.0576   997.9859     -1.026     -0.707 0.0000e+00
     -0.721 -6.810e-08   941.5654     8.5311     95.805 2.1753e+02      4.583      0.623   0.573453    -0.0980    -0.0831    21.0575   997.9859     -1.026     -0.707 0.0000e+00
     -0.721 -6.190e-09   945.3416     8.5318     95.815 2.1760e+02      4.583      0.649   0.597508    -0.1104    -0.0881    21.0573   997.9860     -1.026     -0.707 0.0000e+00
     -0.721 -5.625e-10   949.0431     8.5343     95.831 2.1752e+02      4.584      0.662   0.609969    -0.1065    -0.0760    21.0570   997.9861     -1.026     -0.708 0.0000e+00
     -0.721 -5.115e-11   952.9357     8.5334     95.834 2.1741e+02      4.584      0.649   0.597518    -0.1014    -0.0393    21.0567   997.9861     -1.026     -0.707 0.0000e+00
     -0.721 -4.650e-12   956.8726     8.5290     95.834 2.1745e+02      4.585      0.623   0.573567    -0.1063    -0.0534    21.0563   997.9862     -1.026     -0.708 0.0000e+00
     -0.721 -4.227e-13   960.6801     8.5320     95.825 2.1742e+02      4.585      0.623   0.573586    -0.1076    -0.1106    21.0557   997.9863     -1.026     -0.707 0.0000e+00
     -0.721 -3.843e-14   964.4691     8.5344     95.809 2.1731e+02      4.585      0.649   0.597756    -0.1011    -0.1155    21.0553   997.9864     -1.026     -0.707 0.0000e+00
     -0.722 -3.494e-15   968.1843     8.5332     95.808 2.1740e+02      4.585      0.665   0.612595    -0.0941    -0.0789    21.0554   997.9864     -1.027     -0.708 0.0000e+00
     -0.722 -3.176e-16   971.7864     8.5343     95.813 2.1752e+02      4.586      0.680   0.626394    -0.0976    -0.0777    21.0552   997.9864     -1.027     -0.708 0.0000e+00
     -0.722 -2.888e-17   975.3275     8.5338     95.823 2.1743e+02      4.587      0.693   0.638007    -0.1106    -0.0672    21.0549   997.9865     -1.027     -0.708 0.0000e+00
     -0.722 -2.625e-18   978.9066     8.5304     95.838 2.1732e+02      4.587      0.680   0.626404    -0.1096    -0.0198    21.0546   997.9866     -1.026     -0.707 0.0000e+00
     -0.722 -2.386e-19   982.5376     8.5319     95.851 2.1742e+02      4.587      0.665   0.612698    -0.0935     0.0164    21.0544   997.9866     -1.026     -0.708 0.0000e+00
     -0.721 -2.169e-20   986.1046     8.5317     95.852 2.1762e+02      4.587      0.650   0.598898    -0.0825    -0.0043    21.0542   997.9867     -1.026     -0.707 0.0000e+00
     -0.721 -1.972e-21   989.6836     8.5329     95.838 2.1773e+02      4.588      0.636   0.586143    -0.0768    -0.0309    21.0540   997.9867     -1.026     -0.707 0.0000e+00
     -0.721 -1.793e-22   993.2030     8.5342     95.819 2.1772e+02      4.588      0.635   0.585087    -0.0738     0.0017    21.0536   997.9868     -1.026     -0.707 0.0000e+00
     -0.721 -1.630e-23   996.5646     8.5362     95.811 2.1767e+02      4.588      0.636   0.586123    -0.0799     0.0144    21.0530   997.9869     -1.026     -0.707 0.0000e+00
     -0.722 -1.482e-24   999.9562     8.5362     95.810 2.1773e+02      4.588      0.650   0.598669    -0.0924    -0.0136    21.0527   997.9870     -1.026     -0.708 0.0000e+00
     -0.722 -1.347e-25  1003.4078     8.5350     95.810 2.1786e+02      4.589      0.662   0.610187    -0.0914    -0.0298    21.0525   997.9870     -1.027     -0.708 0.0000e+00
     -0.722 -1.224e-26  1006.8943     8.5321     95.817 2.1787e+02      4.589      0.650   0.598782    -0.0845    -0.0447    21.0524   997.9871     -1.026     -0.708 0.0000e+00
     -0.722 -1.113e-27  1010.4492     8.5316     95.814 2.1782e+02      4.589      0.638   0.587369    -0.1004    -0.0907    21.0524   997.9871     -1.027     -0.708 0.0000e+00
     -0.721 -1.012e-28  1014.0387     8.5330     95.808 2.1784e+02      4.589      0.650   0.598793    -0.1173    -0.1426    21.0519   997.9872     -1.026     -0.707 0.0000e+00
     -0.721 -9.200e-30  1017.6000     8.5308     95.804 2.1786e+02      4.589      0.662   0.610311    -0.1142    -0.1261    21.0517   997.9872     -1.026     -0.707 0.0000e+00
     -0.721 -8.365e-31  1021.0712     8.5343     95.814 2.1791e+02      4.589      0.652   0.600029    -0.1044    -0.0620    21.0516   997.9872     -1.025     -0.707 0.0000e+00
     -0.722 -7.605e-32  1024.5185     8.5321     95.829 2.1781e+02      4.589      0.653   0.601075    -0.0989    -0.0509    21.0513   997.9873     -1.027     -0.708 0.0000e+00
     -0.722 -6.910e-33  1027.8768     8.5323     95.822 2.1757e+02      4.590      0.677   0.622962    -0.0978    -0.0595    21.0510   997.9874     -1.026     -0.708 0.0000e+00
     -0.722 -6.285e-34  1030.9594     8.5316     95.820 2.1758e+02      4.590      0.664   0.611453    -0.0912    -0.0303    21.0509   997.9874     -1.025     -0.707 0.0000e+00
     -0.722 -5.715e-35  1033.9136     8.5312     95.815 2.1778e+02      4.590      0.639   0.588530    -0.0856    -0.0383    21.0506   997.9874     -1.026     -0.708 0.0000e+00
     -0.722 -5.195e-36  1037.0100     8.5368     95.807 2.1789e+02      4.589      0.650   0.599001    -0.0880    -0.0883    21.0503   997.9875     -1.026     -0.707 0.0000e+00
     -0.722 -4.721e-37  1040.1766     8.5322     95.827 2.1790e+02      4.589      0.664   0.611452    -0.0866    -0.0885    21.0501   997.9875     -1.026     -0.708 0.0000e+00
     -0.721 -4.292e-38  1043.2055     8.5334     95.842 2.1782e+02      4.589      0.665   0.612481    -0.0863    -0.0403    21.0500   997.9876     -1.026     -0.707 0.0000e+00
     -0.721 -3.902e-39  1046.0992     8.5345     95.840 2.1790e+02      4.589      0.664   0.611442    -0.0924    -0.0183    21.0498   997.9876     -1.026     -0.707 0.0000e+00
     -0.721 -3.547e-40  1049.0952     8.5292     95.840 2.1808e+02      4.589      0.650   0.598886    -0.0934    -0.0621    21.0498   997.9876     -1.025     -0.707 0.0000e+00
     -0.721 -3.224e-41  1052.4136     8.5353     95.836 2.1797e+02      4.590      0.638   0.587274    -0.0894    -0.0910    21.0494   997.9877     -1.026     -0.707 0.0000e+00
     -0.722 -2.905e-42  1055.8497     8.5364     95.833 2.1783e+02      4.591      0.648   0.597643    -0.0865    -0.0603    21.0492   997.9878     -1.027     -0.708 0.0000e+00
     -0.722 2.3063e-44  1059.1498     8.5344     95.829 2.1792e+02      4.591      0.648   0.597653    -0.0920    -0.0664    21.0491   997.9878     -1.026     -0.708 0.0000e+00
     -0.722 3.1609e-42  1062.3737     8.5363     95.831 2.1796e+02      4.591      0.637   0.587389    -0.1048    -0.0959    21.0486   997.9879     -1.026     -0.707 0.0000e+00
     -0.722 3.5035e-41  1065.4032     8.5342     95.829 2.1798e+02      4.592      0.651   0.600143    -0.1083    -0.0762    21.0483   997.9879     -1.027     -0.708 0.0000e+00
     -0.722 3.8540e-40  1068.2470     8.5354     95.817 2.1797e+02      4.592      0.678   0.625264    -0.0933    -0.0329    21.0481   997.9880     -1.026     -0.708 0.0000e+00
     -0.721 4.2395e-39  1071.1180     8.5342     95.822 2.1782e+02      4.591      0.692   0.637914    -0.0818    -0.0170    21.0478   997.9881     -1.026     -0.707 0.0000e+00
     -0.721 4.6634e-38  1073.7881     8.5345     95.832 2.1767e+02      4.591      0.680   0.626499    -0.0943    -0.0543    21.0474   997.9882     -1.025     -0.707 0.0000e+00
     -0.721 5.1297e-37  1076.2685     8.5361     95.830 2.1768e+02      4.591      0.666   0.613848    -0.1026    -0.0746    21.0472   997.9882     -1.026     -0.707 0.0000e+00
     -0.721 5.6427e-36  1078.9095     8.5318     95.830 2.1786e+02      4.591      0.664   0.611557    -0.0983    -0.0566    21.0471   997.9882     -1.026     -0.707 0.0000e+00
     -0.721 6.2070e-35  1081.6294     8.5341     95.840 2.1799e+02      4.592      0.650   0.598795    -0.1008    -0.0758    21.0468   997.9883     -1.025     -0.707 0.0000e+00
     -0.722 6.8277e-34  1084.2887     8.5360     95.847 2.1801e+02      4.592      0.636   0.586145    -0.0993    -0.0676    21.0465   997.9883     -1.026     -0.708 0.0000e+00
     -0.722 7.5105e-33  1086.9718     8.5343     95.835 2.1800e+02      4.592      0.635   0.585200    -0.0891    -0.0256    21.0463   997.9884     -1.027     -0.708 0.0000e+00
     -0.721 8.2615e-32  1089.8944     8.5348     95.812 2.1791e+02      4.592      0.638   0.587378    -0.0860    -0.0462    21.0461   997.9884     -1.026     -0.707 0.0000e+00
     -0.721 9.0877e-31  1095.5346     8.5355     95.796 2.1778e+02      4.592      0.665   0.612469    -0.0950    -0.0780    21.0458   997.9885     -1.026     -0.707 0.0000e+00
     -0.721 9.9964e-30  1103.9734     8.5375     95.799 2.1780e+02      4.591      0.690   0.635383    -0.0970    -0.0679    21.0456   997.9885     -1.026     -0.707 0.0000e+00
     -0.721 1.0996e-28  1109.5882     8.5357     95.812 2.1779e+02      4.591      0.663   0.611225    -0.0863    -0.0605    21.0453   997.9886     -1.026     -0.707 0.0000e+00
     -0.722 1.2096e-27  1107.3250     8.5336     95.811 2.1769e+02      4.596      0.623   0.573578    -0.0817    -0.0580    21.0448   997.9887     -1.026     -0.708 0.0000e+00
     -0.722 1.3305e-26  1098.9794     8.5312     95.798 2.1779e+02      4.602      0.609   0.559995    -0.0835    -0.0377    21.0447   997.9887     -1.027     -0.708 0.0000e+00
     -0.721 1.4636e-25  1076.3090     8.5319     95.784 2.1808e+02      4.610      0.624   0.573588    -0.0913    -0.0197    21.0440   997.9889     -1.026     -0.707 0.0000e+00
     -0.721 1.6099e-24  1044.7899     8.5347     95.781 2.1819e+02      4.618      0.666   0.611330    -0.1009    -0.0112    21.0440   997.9889     -1.026     -0.707 0.0000e+00
     -0.721 1.7709e-23  1040.8761     8.5363     95.790 2.1806e+02      4.605      0.694   0.636535    -0.0997    -0.0035    21.0295   997.9920     -1.026     -0.707 0.0000e+00
     -0.721 1.9480e-22  1050.9274     8.5419     95.805 2.1768e+02      4.583      0.682   0.625139    -0.1013     0.0057    20.9877   998.0011     -1.027     -0.708 0.0000e+00
     -0.721 2.1428e-21  1043.5407     8.5483     95.819 2.1563e+02      4.583      0.656   0.600142    -0.1045     0.0314    20.9382   998.0118     -1.026     -0.707 0.0000e+00
     -0.721 2.3571e-20  1043.9702     8.5561     95.820 2.1193e+02      4.591      0.642   0.587501    -0.0958     0.0340    20.8909   998.0219     -1.026     -0.707 0.0000e+00
     -0.722 2.5928e-19  1067.9081     8.5646     95.795 2.0797e+02      4.590      0.655   0.598897    -0.0877    -0.0314    20.8470   998.0314     -1.026     -0.708 0.0000e+00
     -0.722 2.8521e-18  1100.1492     8.5724     95.761 2.0022e+02      4.586      0.669   0.611329    -0.0892    -0.0760    20.8092   998.0395     -1.026     -0.708 0.0000e+00
     -0.722 3.1373e-17  1137.4757     8.5792     95.747 1.8532e+02      4.584      0.669   0.611214    -0.0895    -0.0612    20.7762   998.0466     -1.027     -0.708 0.0000e+00
     -0.722 3.4510e-16  1171.7076     8.5854     95.748 1.6711e+02      4.581      0.654   0.597506    -0.0912    -0.0575    20.7475   998.0527     -1.026     -0.708 0.0000e+00
     -0.721 3.7961e-15  1198.7966     8.5865     95.750 1.5386e+02      4.578      0.627   0.572196    -0.1012    -0.0656    20.7215   998.0582     -1.025     -0.707 0.0000e+00
     -0.721 4.1758e-14  1225.1285     8.5860     95.751 1.4718e+02      4.547      0.612   0.558387    -0.1036    -0.0563    20.6986   998.0633     -1.025     -0.707 0.0000e+00
     -0.721 4.5933e-13  1238.6770     8.5890     95.742 1.3867e+02      4.463      0.611   0.557140    -0.0944    -0.0473    20.6768   998.0679     -1.026     -0.707 0.0000e+00
     -0.721 5.0527e-12  1238.1110     8.5933     95.730 1.2563e+02      4.448      0.611   0.557120    -0.0894    -0.0599    20.6557   998.0723     -1.026     -0.707 0.0000e+00
     -0.721 5.5579e-11  1218.2865     8.5965     95.730 1.1251e+02      4.581      0.612   0.558147    -0.0942    -0.0723    20.6359   998.0766     -1.026     -0.708 0.0000e+00
     -0.721 6.1137e-10  1181.9855     8.6000     95.729 1.0180e+02      4.701      0.625   0.569562    -0.1020    -0.0603    20.6177   998.0804     -1.026     -0.707 0.0000e+00
     -0.721 6.7251e-09  1159.9615     8.6026     95.717 9.6593e+01      4.711      0.624   0.568536    -0.1005    -0.0853    20.6012   998.0839     -1.026     -0.707 0.0000e+00
     -0.721 7.3976e-08  1162.4481     8.6014     95.694 9.4074e+01      4.678      0.599   0.545740    -0.0929    -0.2035    20.5894   998.0865     -1.026     -0.707 0.0000e+00
     -0.721 8.1374e-07  1180.9914     8.6052     95.677 8.8939e+01      4.648      0.601   0.547138    -0.0938    -0.3285    20.5789   998.0887     -1.025     -0.707 0.0000e+00
     -0.721      0.000  1202.0213     8.6068     95.680 8.4205e+01      4.627      0.643   0.585443    -0.0935    -0.3663    20.5659   998.0914     -1.026     -0.707 0.0000e+00
