Data/DataNotYetUploadedToEDI/Raw_CTD/RawDownloads/041222_bvr50_0002.cnv
* Sea-Bird SBE19plus  Data File:
* FileName = C:\R\Reservoirs\Data\DataNotYetUploadedToEDI\Raw_CTD\RawDownloads\041222_fcr50_0002.hex
* Software version 2.8.0.119
* Temperature SN = 7809
* Conductivity SN = 7809
* System UpLoad Time = Apr 13 2022 11:19:36
* <ApplicationData>
* <Seaterm232>
# nquan = 16
# nvalues = 1833                        
# units = specified
# name 0 = depFM: Depth [fresh water, m]
# name 1 = dz/dtM: Descent Rate [m/s]
# name 2 = orp: Oxidation Reduction Potential [mV]
# name 3 = sbeox0Mg/L: Oxygen, SBE 43 [mg/l]
# name 4 = sbeox0PS: Oxygen, SBE 43 [% saturation]
# name 5 = par/sat/log: PAR/Logarithmic, Satlantic
# name 6 = ph: pH
# name 7 = specc: Specific Conductance [uS/cm]
# name 8 = c0uS/cm: Conductivity [uS/cm]
# name 9 = flECO-AFL: Fluorescence, WET Labs ECO-AFL/FL [mg/m^3]
# name 10 = turbWETntu0: Turbidity, WET Labs ECO [NTU]
# name 11 = tv290C: Temperature [ITS-90, deg C]
# name 12 = density00: Density [density, kg/m^3]
# name 13 = prdE: Pressure, Strain Gauge [psi]
# name 14 = prdM: Pressure, Strain Gauge [db]
# name 15 = flag:  0.000e+00
# span 0 =     -0.722,      9.619       
# span 1 =     -0.296,      0.106       
# span 2 =     9.6568,  1240.2222       
# span 3 =     0.3488,    10.6460       
# span 4 =      3.041,     97.510       
# span 5 = 1.2362e-01, 2.1819e+02       
# span 6 =      4.448,      6.980       
# span 7 =      0.599,    201.317       
# span 8 =   0.545740, 136.912908       
# span 9 =    -0.1856,    17.1532       
# span 10 =    -0.4555,     8.6765      
# span 11 =     8.7943,    21.0820      
# span 12 =   997.9806,   999.9150      
# span 13 =     -1.027,     13.683      
# span 14 =     -0.708,      9.434      
# span 15 = 0.0000e+00, 0.0000e+00      
# interval = seconds: 0.25
# start_time = Apr 12 2022 11:41:15 [Instrument's time stamp, header]
# bad_flag = -9.990e-29
*END*
[from data line 1266]
      8.373      0.062   339.6958     6.4017     55.444 1.2368e-01      6.592     27.983  19.089054     7.7122     5.3607     9.1122   999.8261     11.911      8.212 0.0000e+00
      8.390      0.061   339.8468     6.3858     55.556 1.2364e-01      6.591     27.980  19.086798     7.7629     5.4128     9.1117   999.8262     11.936      8.230 0.0000e+00
      8.405      0.061   340.0407     6.3741     55.625 1.2365e-01      6.590     27.963  19.074593     7.8929     5.5163     9.1106   999.8264     11.955      8.243 0.0000e+00
      8.417      0.060   340.0618     6.3824     55.580 1.2370e-01      6.589     27.955  19.068195     7.9864     5.5867     9.1083   999.8266     11.972      8.254 0.0000e+00
      8.429      0.059   340.0163     6.3893     55.431 1.2375e-01      6.589     27.962  19.072803     8.0019     5.6486     9.1061   999.8267     11.988      8.265 0.0000e+00
      8.445      0.059   340.0061     6.4070     55.205 1.2379e-01      6.589     27.955  19.066948     8.0226     5.6491     9.1049   999.8269     12.008      8.279 0.0000e+00
      8.464      0.060   340.0244     6.4204     54.975 1.2376e-01      6.589     27.947  19.060759     8.0786     5.5932     9.1040   999.8271     12.039      8.300 0.0000e+00
      8.481      0.060   340.0658     6.4107     54.775 1.2367e-01      6.588     27.949  19.061339     8.1206     5.5885     9.1035   999.8272     12.068      8.321 0.0000e+00
      8.495      0.059   340.0758     6.3968     54.645 1.2367e-01      6.587     27.968  19.073964     8.1236     5.5925     9.1024   999.8274     12.082      8.330 0.0000e+00
      8.508      0.059   340.1455     6.3640     54.668 1.2376e-01      6.586     27.987  19.086675     8.1393     5.5380     9.1006   999.8275     12.097      8.341 0.0000e+00
      8.524      0.061   340.2206     6.3379     54.822 1.2377e-01      6.586     27.990  19.088303     8.1939     5.5106     9.0991   999.8277     12.125      8.360 0.0000e+00
      8.538      0.065   340.2091     6.3163     55.041 1.2374e-01      6.586     27.998  19.093643     8.2339     5.5695     9.0980   999.8279     12.147      8.375 0.0000e+00
      8.552      0.069   340.2646     6.2919     55.234 1.2371e-01      6.586     27.991  19.087893     8.2408     5.6010     9.0973   999.8280     12.160      8.384 0.0000e+00
      8.571      0.069   340.2900     6.3001     55.343 1.2372e-01      6.586     27.984  19.082134     8.2443     5.5498     9.0970   999.8281     12.186      8.401 0.0000e+00
      8.595      0.066   340.3435     6.3184     55.373 1.2375e-01      6.585     27.992  19.087371     8.2918     5.5647     9.0967   999.8283     12.227      8.430 0.0000e+00
      8.617      0.065   340.4819     6.3489     55.322 1.2375e-01      6.584     27.994  19.087856     8.3905     5.7127     9.0960   999.8285     12.262      8.454 0.0000e+00
      8.631      0.067   340.5006     6.3748     55.232 1.2374e-01      6.583     27.995  19.087990     8.4557     5.8365     9.0942   999.8286     12.280      8.466 0.0000e+00
      8.640      0.071   340.4826     6.3842     55.172 1.2374e-01      6.582     28.000  19.088990     8.4568     5.8317     9.0926   999.8288     12.289      8.473 0.0000e+00
      8.651      0.076   340.5232     6.3917     55.179 1.2374e-01      6.581     28.020  19.099950     8.4040     5.8255     9.0916   999.8289     12.299      8.480 0.0000e+00
      8.671      0.081   340.6476     6.3814     55.203 1.2377e-01      6.582     28.015  19.093771     8.3241     5.8640     9.0909   999.8290     12.325      8.497 0.0000e+00
      8.701      0.086   340.8671     6.3697     55.188 1.2382e-01      6.582     27.993  19.077644     8.2905     5.8539     9.0904   999.8292     12.373      8.531 0.0000e+00
      8.733      0.089   341.0266     6.3595     55.130 1.2383e-01      6.581     28.019  19.095038     8.3050     5.8393     9.0872   999.8296     12.427      8.568 0.0000e+00
      8.758      0.089   341.0280     6.3646     55.018 1.2381e-01      6.581     28.046  19.114003     8.3501     5.8919     9.0802   999.8303     12.463      8.593 0.0000e+00
      8.774      0.083   340.9705     6.3731     54.901 1.2377e-01      6.581     28.052  19.116860     8.4198     5.9781     9.0753   999.8307     12.477      8.603 0.0000e+00
      8.790      0.074   341.0194     6.3673     54.816 1.2377e-01      6.580     28.074  19.129579     8.4647     6.0280     9.0723   999.8311     12.498      8.618 0.0000e+00
      8.811      0.065   341.1023     6.3660     54.751 1.2382e-01      6.579     28.093  19.141061     8.4684     6.0505     9.0722   999.8312     12.534      8.642 0.0000e+00
      8.831      0.060   341.1128     6.3472     54.731 1.2384e-01      6.578     28.076  19.128970     8.3812     6.0465     9.0754   999.8310     12.564      8.662 0.0000e+00
      8.845      0.060   341.2319     6.3321     54.736 1.2383e-01      6.578     28.047  19.110119     8.2181     6.0131     9.0729   999.8313     12.583      8.675 0.0000e+00
      8.854      0.064   341.4249     6.3271     54.718 1.2381e-01      6.577     28.036  19.103207     8.1366     6.0221     9.0677   999.8317     12.594      8.684 0.0000e+00
      8.864      0.070   341.3801     6.3151     54.629 1.2379e-01      6.577     28.045  19.108760     8.1521     6.0519     9.0657   999.8319     12.603      8.690 0.0000e+00
      8.880      0.078   341.2073     6.3155     54.449 1.2380e-01      6.578     28.055  19.113891     8.2557     6.0329     9.0644   999.8321     12.623      8.703 0.0000e+00
      8.905      0.084   341.2285     6.3177     54.231 1.2379e-01      6.579     28.041  19.101883     8.4242     6.0315     9.0651   999.8321     12.662      8.730 0.0000e+00
      8.935      0.088   341.2918     6.3175     54.063 1.2374e-01      6.578     28.026  19.090297     8.5166     6.0694     9.0673   999.8321     12.710      8.763 0.0000e+00
      8.964      0.088   341.1986     6.3093     54.010 1.2372e-01      6.577     28.044  19.100524     8.5317     6.0802     9.0661   999.8323     12.755      8.793 0.0000e+00
      8.987      0.085   341.1337     6.2858     54.052 1.2373e-01      6.575     28.045  19.098813     8.5242     6.0597     9.0626   999.8327     12.785      8.816 0.0000e+00
      9.002      0.079   341.1954     6.2576     54.125 1.2373e-01      6.575     28.005  19.069608     8.4595     6.0270     9.0590   999.8330     12.804      8.828 0.0000e+00
      9.017      0.072   341.2568     6.2350     54.179 1.2376e-01      6.575     28.000  19.064211     8.3566     6.0269     9.0555   999.8333     12.823      8.840 0.0000e+00
      9.036      0.067   341.2729     6.2308     54.194 1.2380e-01      6.575     28.050  19.096924     8.2965     6.0582     9.0523   999.8336     12.850      8.860 0.0000e+00
      9.057      0.067   341.3045     6.2397     54.188 1.2386e-01      6.575     28.129  19.148329     8.2814     6.0633     9.0473   999.8342     12.885      8.884 0.0000e+00
      9.073      0.071   341.2954     6.2507     54.158 1.2390e-01      6.575     28.273  19.242206     8.2079     5.9520     9.0431   999.8346     12.908      8.900 0.0000e+00
      9.086      0.075   341.2493     6.2583     54.034 1.2383e-01      6.575     28.431  19.344916     8.0649     5.8060     9.0412   999.8347     12.921      8.909 0.0000e+00
      9.103      0.079   341.1772     6.2593     53.818 1.2374e-01      6.574     28.485  19.376392     7.9835     5.8004     9.0392   999.8350     12.945      8.925 0.0000e+00
      9.125      0.080   341.1115     6.2574     53.600 1.2367e-01      6.572     28.481  19.369332     7.9728     5.8168     9.0354   999.8355     12.977      8.947 0.0000e+00
      9.151      0.080   341.1428     6.2607     53.413 1.2371e-01      6.571     28.511  19.386284     7.9693     5.7653     9.0274   999.8362     13.015      8.974 0.0000e+00
      9.177      0.078   341.0397     6.2483     53.190 1.2381e-01      6.572     28.522  19.391255     7.9653     5.7575     9.0181   999.8371     13.056      9.002 0.0000e+00
      9.198      0.074   340.8118     6.2180     52.860 1.2384e-01      6.572     28.490  19.366073     7.9673     5.7905     9.0094   999.8378     13.087      9.023 0.0000e+00
      9.213      0.069   340.7098     6.1929     52.401 1.2379e-01      6.572     28.547  19.398626     7.9848     5.8230     9.0013   999.8385     13.106      9.036 0.0000e+00
      9.223      0.064   340.6667     6.1758     51.859 1.2371e-01      6.571     28.758  19.531388     8.0438     5.8774     8.9956   999.8390     13.117      9.044 0.0000e+00
      9.237      0.062   340.5490     6.1549     51.316 1.2369e-01      6.570     29.031  19.704032     8.1309     5.9699     8.9908   999.8394     13.136      9.057 0.0000e+00
      9.256      0.062   340.4045     6.1168     50.783 1.2371e-01      6.570     29.339  19.901964     8.1722     6.0536     8.9860   999.8399     13.167      9.078 0.0000e+00
      9.275      0.065   340.3826     6.0653     50.257 1.2374e-01      6.568     29.624  20.087019     8.1772     6.0698     8.9774   999.8406     13.196      9.098 0.0000e+00
      9.289      0.067   340.4569     5.9977     49.718 1.2371e-01      6.567     29.751  20.167309     8.1579     6.0628     8.9582   999.8421     13.212      9.109 0.0000e+00
      9.304      0.066   340.4419     5.9412     49.086 1.2369e-01      6.567     29.770  20.175742     8.0979     6.0376     8.9332   999.8441     13.229      9.121 0.0000e+00
      9.324      0.063   340.2872     5.8824     48.321 1.2377e-01      6.566     29.794  20.188972     8.0505     6.0051     8.9134   999.8459     13.264      9.145 0.0000e+00
      9.343      0.060   340.0502     5.8209     47.392 1.2382e-01      6.565     29.815  20.200543     8.0509     6.0443     8.9001   999.8470     13.295      9.167 0.0000e+00
      9.357      0.055   339.8130     5.7683     46.317 1.2378e-01      6.563     29.802  20.188914     8.0609     6.0683     8.8900   999.8478     13.309      9.175 0.0000e+00
      9.369      0.048   339.6561     5.6935     45.195 1.2373e-01      6.562     29.785  20.175100     7.9797     5.9877     8.8826   999.8484     13.324      9.186 0.0000e+00
      9.382      0.040   339.4436     5.6089     44.137 1.2373e-01      6.561     29.765  20.160246     7.8263     5.9227     8.8781   999.8489     13.346      9.202 0.0000e+00
      9.392      0.033   339.2230     5.5018     43.255 1.2374e-01      6.560     29.730  20.136043     7.7544     5.9670     8.8744   999.8491     13.361      9.212 0.0000e+00
      9.398      0.028   339.2252     5.3715     42.605 1.2373e-01      6.559     29.730  20.135918     7.7599     6.0450     8.8692   999.8495     13.367      9.216 0.0000e+00
      9.403      0.023   339.2118     5.2391     42.163 1.2376e-01      6.559     29.762  20.158740     7.7593     6.0455     8.8647   999.8499     13.374      9.221 0.0000e+00
      9.408      0.018   339.0614     5.1110     41.920 1.2382e-01      6.559     29.761  20.158522     7.7473     6.0069     8.8628   999.8500     13.382      9.227 0.0000e+00
      9.412      0.015   338.9559     5.0052     41.848 1.2382e-01      6.559     29.722  20.133281     7.7389     6.0229     8.8626   999.8500     13.389      9.231 0.0000e+00
      9.415      0.013   338.7964     4.9340     41.909 1.2379e-01      6.559     29.682  20.107012     7.7410     6.0674     8.8626   999.8501     13.393      9.234 0.0000e+00
      9.417      0.013   338.5087     4.8810     42.085 1.2374e-01      6.558     29.662  20.094367     7.7732     6.0679     8.8634   999.8500     13.395      9.235 0.0000e+00
      9.420      0.013   338.1450     4.8535     42.317 1.2371e-01      6.557     29.679  20.107115     7.8293     6.0274     8.8656   999.8499     13.399      9.238 0.0000e+00
      9.423      0.014   337.6686     4.8487     42.541 1.2371e-01      6.556     29.719  20.134422     7.8528     6.0227     8.8671   999.8498     13.402      9.241 0.0000e+00
      9.427      0.016   337.3091     4.8531     42.714 1.2369e-01      6.555     29.776  20.171075     7.8497     6.0454     8.8679   999.8497     13.408      9.245 0.0000e+00
      9.432      0.017   337.1535     4.8779     42.848 1.2367e-01      6.554     29.778  20.170089     7.8337     6.0282     8.8703   999.8495     13.416      9.250 0.0000e+00
      9.437      0.017   336.9919     4.9063     43.004 1.2368e-01      6.554     29.708  20.122509     7.7837     5.9857     8.8739   999.8493     13.423      9.254 0.0000e+00
      9.442      0.017   336.8174     4.9348     43.200 1.2372e-01      6.553     29.675  20.102702     7.7357     5.9761     8.8740   999.8493     13.430      9.260 0.0000e+00
      9.447      0.016   336.5062     4.9552     43.369 1.2376e-01      6.553     29.977  20.310783     7.7279     6.0146     8.8690   999.8498     13.437      9.264 0.0000e+00
      9.451      0.016   336.0688     4.9674     43.446 1.2374e-01      6.553     33.034  22.384946     7.7398     6.0410     8.8635   999.8502     13.441      9.267 0.0000e+00
      9.454      0.015   335.6590     4.9845     43.464 1.2377e-01      6.552     45.073  30.541917     7.7633     6.0210     8.8624   999.8503     13.447      9.272 0.0000e+00
      9.457      0.015   335.3372     5.0098     43.492 1.2382e-01      6.551     63.538  43.044693     7.8038     5.9784     8.8683   999.8497     13.451      9.274 0.0000e+00
      9.461      0.015   335.0163     5.0337     43.588 1.2381e-01      6.550     79.008  53.508945     7.8293     5.9703     8.8755   999.8495     13.456      9.278 0.0000e+00
      9.465      0.016   334.5318     5.0380     43.715 1.2381e-01      6.550     94.234  63.802984     7.8397     6.0253     8.8802   999.8488     13.463      9.282 0.0000e+00
      9.470      0.017   334.1256     5.0384     43.722 1.2383e-01      6.550    111.552  75.507534     7.8131     6.0635     8.8829   999.8526     13.470      9.287 0.0000e+00
      9.474      0.018   333.8913     5.0372     43.341 1.2381e-01      6.549    123.658  83.677284     7.7400     6.0558     8.8753   999.8625     13.475      9.291 0.0000e+00
      9.478      0.019   333.6776     5.0523     42.216 1.2374e-01      6.548    127.893  86.521972     7.6970     6.0348     8.8604   999.8675     13.480      9.294 0.0000e+00
      9.483      0.019   333.5209     5.0741     40.146 1.2375e-01      6.546    129.871  87.847317     7.6754     6.0134     8.8524   999.8728     13.488      9.299 0.0000e+00
      9.489      0.019   333.3733     5.0846     37.332 1.2378e-01      6.545    134.155  90.737102     7.5127     6.0025     8.8440   999.8816     13.495      9.305 0.0000e+00
      9.494      0.019   333.0974     5.0610     34.348 1.2374e-01      6.544    139.258  94.184255     7.2277     6.0404     8.8312   999.8871     13.504      9.310 0.0000e+00
      9.499      0.018   332.6803     4.9401     31.702 1.2369e-01      6.542    144.220  97.540480     7.0751     6.0954     8.8222   999.8884     13.511      9.316 0.0000e+00
      9.503      0.017   332.2869     4.6958     29.640 1.2368e-01      6.540    149.773 101.295766     7.0584     6.0868     8.8183   999.8885     13.516      9.319 0.0000e+00
      9.507      0.016   331.8693     4.3367     28.136 1.2373e-01      6.539    154.198 104.282898     7.0254     6.0731     8.8157   999.8909     13.522      9.323 0.0000e+00
      9.511      0.016   331.1583     3.9706     26.992 1.2376e-01      6.538    157.855 106.745903     6.9679     6.1015     8.8134   999.8931     13.527      9.327 0.0000e+00
      9.515      0.016   330.1435     3.6546     26.129 1.2373e-01      6.536    162.608 109.948793     6.9294     6.1216     8.8146   999.8943     13.533      9.331 0.0000e+00
      9.519      0.016   329.0639     3.4127     25.436 1.2372e-01      6.535    167.547 113.287468     6.9414     6.0773     8.8152   999.8970     13.538      9.335 0.0000e+00
