Data/DataNotYetUploadedToEDI/Raw_CTD/RawDownloads/041223_fcr50_S8188001.cnv
* Sea-Bird SBE19plus  Data File:
* FileName = C:\R\Reservoirs\Data\DataNotYetUploadedToEDI\Raw_CTD\RawDownloads\041823_fcr50_S8188_0001.hex
* Software version 2.8.0.119
* Temperature SN = 8188
* Conductivity SN = 8188
* System UpLoad Time = Apr 19 2023 15:03:53
* <ApplicationData>
* <Seaterm232>
# nquan = 16
# nvalues = 3498                        
# units = specified
# name 0 = depFM: Depth [fresh water, m]
# name 1 = dz/dtM: Descent Rate [m/s]
# name 2 = sbeox0Mg/L: Oxygen, SBE 43 [mg/l]
# name 3 = sbeox0PS: Oxygen, SBE 43 [% saturation]
# name 4 = specc: Specific Conductance [uS/cm]
# name 5 = c0uS/cm: Conductivity [uS/cm]
# name 6 = wetCDOM: Fluorescence, WET Labs CDOM [mg/m^3]
# name 7 = flECO-AFL: Fluorescence, WET Labs ECO-AFL/FL [mg/m^3]
# name 8 = flECO-AFL1: Fluorescence, WET Labs ECO-AFL/FL, 2 [mg/m^3]
# name 9 = flECO-AFL2: Fluorescence, WET Labs ECO-AFL/FL, 3 [mg/m^3]
# name 10 = par/sat/log: PAR/Logarithmic, Satlantic
# name 11 = turbWETntu0: Turbidity, WET Labs ECO [NTU]
# name 12 = prdM: Pressure, Strain Gauge [db]
# name 13 = prdE: Pressure, Strain Gauge [psi]
# name 14 = tv290C: Temperature [ITS-90, deg C]
# name 15 = flag:  0.000e+00
# span 0 =     -0.711,      9.491       
# span 1 =     -0.177,      0.110       
# span 2 =     3.9389,    12.1989       
# span 3 =     32.707,    121.598       
# span 4 =      1.263,     39.309       
# span 5 =   1.132729,  29.461927       
# span 6 =    -4.5000,     5.3100       
# span 7 =    -0.1918,    39.3176       
# span 8 =    -2.1300,     1.5762       
# span 9 =    -2.0304,    36.4626       
# span 10 = 3.8227e-01, 1.9990e+03      
# span 11 =    -0.4835,   404.8192      
# span 12 =     -0.697,      9.307      
# span 13 =     -1.011,     13.499      
# span 14 =     7.2759,    19.8371      
# span 15 = 0.0000e+00, 0.0000e+00      
# interval = seconds: 0.25
# start_time = Apr 12 2023 12:12:16 [Instrument's time stamp, header]
# bad_flag = -9.990e-29
*END*
[from data line 362]
      0.990      0.035    10.1966    100.805     29.268  23.374578     2.3400     1.5859     0.0000     0.2538 4.8573e+01     0.5536      0.971      1.408    14.9311 0.0000e+00
      0.998      0.034    10.1922    100.821     29.260  23.368316     2.3400     1.5935     0.0000     0.2538 4.8784e+01     0.6137      0.979      1.420    14.9295 0.0000e+00
      1.007      0.033    10.1864    100.870     29.249  23.359280     2.3400     1.5439     0.0000     0.2538 4.9146e+01     0.6137      0.987      1.432    14.9289 0.0000e+00
      1.015      0.033    10.1817    100.936     29.235  23.347039     2.3400     1.5020     0.0000     0.2538 4.9618e+01     0.5686      0.995      1.443    14.9288 0.0000e+00
      1.023      0.033    10.1798    101.003     29.229  23.342184     2.3400     1.5172     0.0000     0.2538 4.9543e+01     0.5235      1.003      1.455    14.9288 0.0000e+00
      1.032      0.033    10.1815    101.055     29.229  23.341442     2.3400     1.5096     0.0000     0.2538 5.0862e+01     0.6438      1.012      1.467    14.9286 0.0000e+00
      1.041      0.033    10.1865    101.078     29.234  23.344615     2.3400     1.5210     0.0000     0.2538 5.0477e+01     0.8692      1.021      1.480    14.9280 0.0000e+00
      1.050      0.032    10.1934    101.074     29.252  23.358486     2.3400     1.5172     0.0000     0.2538 5.1106e+01     0.6888      1.029      1.493    14.9269 0.0000e+00
      1.058      0.031    10.2005    101.060     29.270  23.372900     2.2500     1.5287     0.0426     0.2115 5.1318e+01     0.8391      1.037      1.505    14.9257 0.0000e+00
      1.066      0.030    10.2060    101.041     29.279  23.379823     2.2500     1.5401     0.0426     0.2115 5.1530e+01     0.9143      1.045      1.516    14.9245 0.0000e+00
      1.073      0.029    10.2085    101.013     29.279  23.379123     2.2500     1.5859     0.0426     0.2115 5.1721e+01     0.5987      1.052      1.526    14.9236 0.0000e+00
      1.080      0.029    10.2083    100.978     29.273  23.374572     2.2500     1.5783     0.0426     0.2115 5.2479e+01     0.6438      1.059      1.536    14.9228 0.0000e+00
      1.087      0.029    10.2070    100.938     29.269  23.370894     2.3400     1.5897     0.0000     0.2538 5.2184e+01     0.5235      1.066      1.546    14.9221 0.0000e+00
      1.094      0.029    10.2052    100.898     29.270  23.371066     2.3400     1.5973     0.0000     0.2538 5.2995e+01     0.5836      1.073      1.556    14.9216 0.0000e+00
      1.101      0.030    10.2025    100.862     29.276  23.375136     2.3400     1.5172     0.0000     0.2538 5.3145e+01     0.8091      1.080      1.566    14.9213 0.0000e+00
      1.109      0.031    10.1990    100.831     29.273  23.372311     2.3400     1.5248     0.0000     0.2538 5.3644e+01     0.7640      1.087      1.577    14.9209 0.0000e+00
      1.117      0.032    10.1951    100.810     29.263  23.363818     2.3400     1.5058     0.0000     0.2538 5.4030e+01     0.8091      1.095      1.589    14.9202 0.0000e+00
      1.126      0.033    10.1913    100.804     29.254  23.357289     2.3400     1.5020     0.0000     0.2538 5.4171e+01     0.7339      1.104      1.601    14.9192 0.0000e+00
      1.134      0.033    10.1879    100.817     29.251  23.354941     2.3400     1.5706     0.0000     0.2538 5.5013e+01     0.5385      1.112      1.613    14.9182 0.0000e+00
      1.143      0.033    10.1850    100.850     29.255  23.358129     2.3400     1.5592     0.0000     0.2538 5.5025e+01     0.5235      1.121      1.626    14.9175 0.0000e+00
      1.151      0.032    10.1829    100.896     29.254  23.357804     2.3400     1.5706     0.0426     0.1269 5.5590e+01     0.5686      1.129      1.638    14.9173 0.0000e+00
      1.159      0.032    10.1822    100.938     29.252  23.355860     2.3400     1.5859     0.0426     0.1269 5.5505e+01     0.5235      1.137      1.649    14.9174 0.0000e+00
      1.167      0.031    10.1834    100.970     29.256  23.359696     2.3400     1.6355     0.0426     0.1269 5.5771e+01     0.7490      1.144      1.660    14.9177 0.0000e+00
      1.175      0.031    10.1868    100.995     29.257  23.360437     2.3400     1.6584     0.0426     0.1269 5.5966e+01     0.8542      1.152      1.671    14.9180 0.0000e+00
      1.183      0.031    10.1913    101.007     29.252  23.356303     2.3400     1.6546     0.0426     0.1269 5.5771e+01     0.8391      1.160      1.682    14.9184 0.0000e+00
      1.191      0.030    10.1954    101.003     29.245  23.350149     2.3400     1.6546     0.0000     0.2115 5.5881e+01     0.8241      1.168      1.694    14.9187 0.0000e+00
      1.198      0.030    10.1987    100.976     29.235  23.342314     2.3400     1.6050     0.0000     0.2115 5.6051e+01     0.8692      1.175      1.705    14.9189 0.0000e+00
      1.206      0.030    10.2011    100.925     29.233  23.340606     2.3400     1.5821     0.0000     0.2115 5.5554e+01     0.7941      1.183      1.715    14.9190 0.0000e+00
      1.213      0.030    10.2024    100.856     29.240  23.346547     2.3400     1.5706     0.0000     0.2115 5.5578e+01     0.7790      1.190      1.726    14.9189 0.0000e+00
      1.221      0.030    10.2020    100.775     29.255  23.357764     2.3400     1.6088     0.0000     0.1692 5.5566e+01     0.8241      1.197      1.737    14.9188 0.0000e+00
      1.228      0.030    10.1993    100.689     29.267  23.367351     2.3400     1.5401     0.0000     0.1692 5.5121e+01     0.8091      1.205      1.747    14.9187 0.0000e+00
      1.236      0.030    10.1942    100.607     29.268  23.367967     2.3400     1.5096     0.0000     0.1692 5.5481e+01     0.9594      1.212      1.758    14.9186 0.0000e+00
      1.243      0.030    10.1872    100.540     29.265  23.365716     2.3400     1.5287     0.0000     0.1692 5.5193e+01     0.8842      1.219      1.769    14.9184 0.0000e+00
      1.251      0.029    10.1791    100.500     29.261  23.361977     2.3400     1.5248     0.0000     0.2115 5.5061e+01     0.8692      1.227      1.780    14.9181 0.0000e+00
      1.258      0.029    10.1705    100.491     29.254  23.355752     2.3400     1.5859     0.0000     0.2115 5.4941e+01     0.7790      1.234      1.790    14.9178 0.0000e+00
      1.266      0.028    10.1624    100.515     29.252  23.353298     2.3400     1.5859     0.0000     0.2115 5.4906e+01     0.8091      1.242      1.801    14.9174 0.0000e+00
      1.273      0.027    10.1557    100.567     29.259  23.357920     2.3400     1.5706     0.0000     0.2115 5.4620e+01     0.8842      1.249      1.811    14.9169 0.0000e+00
      1.280      0.025    10.1518    100.638     29.270  23.366892     2.3400     1.5973     0.0426     0.2538 5.4561e+01     0.8091      1.255      1.821    14.9161 0.0000e+00
      1.286      0.024    10.1511    100.716     29.278  23.372709     2.3400     1.5706     0.0426     0.2538 5.4206e+01     0.5836      1.261      1.829    14.9150 0.0000e+00
      1.292      0.024    10.1538    100.791     29.277  23.370984     2.3400     1.5783     0.0426     0.2538 5.3877e+01     0.6137      1.267      1.837    14.9137 0.0000e+00
      1.297      0.024    10.1593    100.850     29.272  23.367197     2.3400     1.5859     0.0426     0.2538 5.3632e+01     0.5987      1.272      1.845    14.9126 0.0000e+00
      1.303      0.026    10.1666    100.887     29.272  23.366273     2.3400     1.5821     0.0426     0.2538 5.3562e+01     0.5536      1.278      1.853    14.9119 0.0000e+00
      1.309      0.028    10.1747    100.901     29.274  23.367968     2.3400     1.5439     0.0000     0.2115 5.3562e+01     0.8241      1.284      1.862    14.9113 0.0000e+00
      1.316      0.031    10.1824    100.891     29.280  23.372733     2.3400     1.5363     0.0000     0.2115 5.3585e+01     0.8542      1.290      1.872    14.9108 0.0000e+00
      1.324      0.035    10.1885    100.864     29.286  23.377881     2.3400     1.5096     0.0000     0.2115 5.3772e+01     0.9444      1.298      1.884    14.9102 0.0000e+00
      1.333      0.038    10.1924    100.826     29.290  23.380825     2.3400     1.5020     0.0000     0.2115 5.3948e+01     0.8391      1.308      1.897    14.9096 0.0000e+00
      1.344      0.041    10.1938    100.785     29.292  23.382351     2.3400     1.6011     0.0426     0.1692 5.4041e+01     0.8391      1.318      1.912    14.9092 0.0000e+00
      1.356      0.043    10.1928    100.751     29.291  23.380885     2.3400     1.5706     0.0426     0.1692 5.4454e+01     0.7189      1.329      1.928    14.9092 0.0000e+00
      1.368      0.043    10.1901    100.736     29.281  23.372079     2.3400     1.5783     0.0426     0.1692 5.4751e+01     0.7640      1.341      1.945    14.9092 0.0000e+00
      1.379      0.043    10.1864    100.747     29.264  23.357543     2.3400     1.5859     0.0426     0.1692 5.4596e+01     0.8091      1.352      1.962    14.9090 0.0000e+00
      1.390      0.041    10.1823    100.778     29.249  23.345275     2.3400     1.5859     0.0000     0.2961 5.5037e+01     1.0796      1.363      1.977    14.9083 0.0000e+00
      1.400      0.039    10.1791    100.823     29.240  23.337944     2.3400     1.6011     0.0000     0.2961 5.4739e+01     1.1097      1.373      1.992    14.9072 0.0000e+00
      1.410      0.037    10.1779    100.870     29.240  23.337553     2.3400     1.5935     0.0000     0.2961 5.4703e+01     1.0796      1.383      2.005    14.9060 0.0000e+00
      1.419      0.035    10.1792    100.910     29.248  23.343998     2.3400     1.5821     0.0000     0.2961 5.4679e+01     1.1097      1.392      2.018    14.9049 0.0000e+00
      1.427      0.032    10.1826    100.940     29.256  23.351079     2.3400     1.5554     0.0426     0.2115 5.4786e+01     0.8391      1.400      2.031    14.9040 0.0000e+00
      1.435      0.031    10.1872    100.955     29.260  23.354747     2.3400     1.5935     0.0426     0.2115 5.4703e+01     0.7790      1.408      2.042    14.9035 0.0000e+00
      1.443      0.029    10.1920    100.952     29.258  23.354001     2.3400     1.5897     0.0426     0.2115 5.4632e+01     0.8241      1.415      2.052    14.9034 0.0000e+00
      1.450      0.028    10.1960    100.936     29.258  23.354580     2.3400     1.5744     0.0426     0.2115 5.4644e+01     0.9143      1.422      2.062    14.9037 0.0000e+00
      1.457      0.027    10.1988    100.917     29.260  23.356639     2.3400     1.5020     0.0426     0.2115 5.4430e+01     0.9594      1.428      2.072    14.9045 0.0000e+00
      1.463      0.027    10.2002    100.902     29.253  23.350829     2.3400     1.5210     0.0000     0.1692 5.4525e+01     0.7640      1.435      2.081    14.9055 0.0000e+00
      1.470      0.026    10.1996    100.895     29.236  23.337581     2.3400     1.5439     0.0000     0.1692 5.4513e+01     0.7640      1.442      2.091    14.9065 0.0000e+00
      1.477      0.026    10.1977    100.897     29.219  23.323260     2.3400     1.5058     0.0000     0.1692 5.4171e+01     0.8842      1.448      2.100    14.9075 0.0000e+00
      1.484      0.026    10.1956    100.906     29.212  23.315921     2.3400     1.5096     0.0000     0.1692 5.3971e+01     0.7941      1.455      2.110    14.9083 0.0000e+00
      1.490      0.025    10.1940    100.911     29.222  23.321525     2.3400     1.5172     0.0426     0.1692 5.4407e+01     0.7790      1.461      2.119    14.9086 0.0000e+00
      1.497      0.024    10.1934    100.901     29.239  23.333649     2.3400     1.5020     0.0426     0.1692 5.4395e+01     0.9444      1.468      2.128    14.9082 0.0000e+00
      1.503      0.023    10.1940    100.873     29.253  23.343651     2.3400     1.5248     0.0426     0.1692 5.5711e+01     0.7490      1.474      2.138    14.9069 0.0000e+00
      1.509      0.022    10.1954    100.839     29.256  23.346278     2.3400     1.5935     0.0426     0.1692 5.6307e+01     0.8692      1.480      2.146    14.9045 0.0000e+00
      1.514      0.020    10.1967    100.816     29.257  23.346192     2.3400     1.5935     0.0426     0.2115 5.6552e+01     0.7790      1.485      2.154    14.9012 0.0000e+00
      1.519      0.019    10.1963    100.812     29.264  23.351287     2.3400     1.5935     0.0426     0.2115 5.5868e+01     0.8842      1.489      2.160    14.8983 0.0000e+00
      1.523      0.018    10.1938    100.825     29.276  23.358962     2.3400     1.5783     0.0426     0.2115 5.5747e+01     0.8241      1.493      2.166    14.8969 0.0000e+00
      1.527      0.018    10.1905    100.854     29.287  23.367305     2.3400     1.6507     0.0426     0.2115 5.6124e+01     0.7790      1.498      2.172    14.8964 0.0000e+00
      1.533      0.017    10.1883    100.904     29.292  23.372602     2.3400     1.6584     0.0426     0.2115 5.6075e+01     0.7941      1.503      2.180    14.8955 0.0000e+00
      1.537      0.016    10.1883    100.971     29.288  23.370329     2.2500     1.6546     0.0000     0.2961 5.5687e+01     0.8091      1.507      2.187    14.8935 0.0000e+00
      1.541      0.015    10.1901    101.036     29.275  23.361858     2.2500     1.6431     0.0000     0.2961 5.5844e+01     0.8091      1.511      2.192    14.8913 0.0000e+00
      1.544      0.014    10.1932    101.083     29.266  23.354829     2.2500     1.5592     0.0000     0.2961 5.5469e+01     0.5235      1.514      2.196    14.8905 0.0000e+00
      1.547      0.014    10.1980    101.105     29.266  23.355283     2.2500     1.5935     0.0000     0.2961 5.5747e+01     0.5235      1.517      2.200    14.8917 0.0000e+00
      1.550      0.014    10.2042    101.100     29.265  23.353445     2.3400     1.5592     0.0000     0.2115 5.5796e+01     0.5686      1.520      2.204    14.8941 0.0000e+00
      1.553      0.016    10.2103    101.066     29.259  23.346846     2.3400     1.5973     0.0000     0.2115 5.5397e+01     0.5235      1.523      2.209    14.8964 0.0000e+00
      1.557      0.018    10.2148    101.009     29.262  23.347581     2.3400     1.5935     0.0000     0.2115 5.5301e+01     0.7941      1.527      2.215    14.8978 0.0000e+00
      1.562      0.021    10.2170    100.946     29.271  23.353866     2.3400     1.5783     0.0000     0.2115 5.5157e+01     0.8091      1.532      2.222    14.8976 0.0000e+00
      1.568      0.023    10.2168    100.889     29.276  23.359461     2.3400     1.5859     0.0426     0.1269 5.5457e+01     0.7339      1.538      2.230    14.8958 0.0000e+00
      1.575      0.026    10.2140    100.849     29.279  23.363877     2.3400     1.5516     0.0426     0.1269 5.5157e+01     0.8391      1.544      2.240    14.8929 0.0000e+00
      1.581      0.028    10.2089    100.827     29.273  23.360376     2.3400     1.5859     0.0426     0.1269 5.4917e+01     0.7790      1.551      2.249    14.8903 0.0000e+00
      1.588      0.031    10.2027    100.817     29.258  23.348024     2.3400     1.5783     0.0426     0.1269 5.4549e+01     0.7941      1.557      2.259    14.8895 0.0000e+00
      1.596      0.034    10.1966    100.805     29.246  23.335402     2.3400     1.5706     0.0426     0.2961 5.4727e+01     0.7490      1.565      2.270    14.8913 0.0000e+00
      1.605      0.038    10.1918    100.775     29.235  23.321126     2.3400     1.5783     0.0426     0.2961 5.4324e+01     0.7189      1.574      2.283    14.8948 0.0000e+00
      1.615      0.042    10.1890    100.715     29.225  23.305345     2.3400     1.6584     0.0426     0.2961 5.4253e+01     0.9444      1.584      2.297    14.8975 0.0000e+00
      1.627      0.045    10.1880    100.622     29.228  23.299686     2.3400     1.6507     0.0426     0.2961 5.3971e+01     0.7640      1.595      2.314    14.8970 0.0000e+00
      1.639      0.048    10.1880    100.507     29.242  23.302640     2.3400     1.6469     0.0426     0.2961 5.4147e+01     0.8391      1.607      2.331    14.8918 0.0000e+00
