Data/DataNotYetUploadedToEDI/Raw_CTD/RawDownloads/041223_fcr50_S8188001.cnv
* Sea-Bird SBE19plus  Data File:
* FileName = C:\R\Reservoirs\Data\DataNotYetUploadedToEDI\Raw_CTD\RawDownloads\041823_fcr50_S8188_0001.hex
* Software version 2.8.0.119
* Temperature SN = 8188
* Conductivity SN = 8188
* System UpLoad Time = Apr 19 2023 15:03:53
* <ApplicationData>
* <Seaterm232>
# nquan = 16
# nvalues = 3498                        
# units = specified
# name 0 = depFM: Depth [fresh water, m]
# name 1 = dz/dtM: Descent Rate [m/s]
# name 2 = sbeox0Mg/L: Oxygen, SBE 43 [mg/l]
# name 3 = sbeox0PS: Oxygen, SBE 43 [% saturation]
# name 4 = specc: Specific Conductance [uS/cm]
# name 5 = c0uS/cm: Conductivity [uS/cm]
# name 6 = wetCDOM: Fluorescence, WET Labs CDOM [mg/m^3]
# name 7 = flECO-AFL: Fluorescence, WET Labs ECO-AFL/FL [mg/m^3]
# name 8 = flECO-AFL1: Fluorescence, WET Labs ECO-AFL/FL, 2 [mg/m^3]
# name 9 = flECO-AFL2: Fluorescence, WET Labs ECO-AFL/FL, 3 [mg/m^3]
# name 10 = par/sat/log: PAR/Logarithmic, Satlantic
# name 11 = turbWETntu0: Turbidity, WET Labs ECO [NTU]
# name 12 = prdM: Pressure, Strain Gauge [db]
# name 13 = prdE: Pressure, Strain Gauge [psi]
# name 14 = tv290C: Temperature [ITS-90, deg C]
# name 15 = flag:  0.000e+00
# span 0 =     -0.711,      9.491       
# span 1 =     -0.177,      0.110       
# span 2 =     3.9389,    12.1989       
# span 3 =     32.707,    121.598       
# span 4 =      1.263,     39.309       
# span 5 =   1.132729,  29.461927       
# span 6 =    -4.5000,     5.3100       
# span 7 =    -0.1918,    39.3176       
# span 8 =    -2.1300,     1.5762       
# span 9 =    -2.0304,    36.4626       
# span 10 = 3.8227e-01, 1.9990e+03      
# span 11 =    -0.4835,   404.8192      
# span 12 =     -0.697,      9.307      
# span 13 =     -1.011,     13.499      
# span 14 =     7.2759,    19.8371      
# span 15 = 0.0000e+00, 0.0000e+00      
# interval = seconds: 0.25
# start_time = Apr 12 2023 12:12:16 [Instrument's time stamp, header]
# bad_flag = -9.990e-29
*END*
[from data line 1899]
      7.607     -0.014     7.3391     61.044     32.745  21.231227     3.5100     5.3053     0.0852     0.7191 2.9617e+00     3.0185      7.460     10.820     7.4208 0.0000e+00
      7.605     -0.012     7.3370     61.037     32.739  21.226515     3.5100     5.3167     0.0852     0.7191 2.9553e+00     2.9283      7.458     10.817     7.4201 0.0000e+00
      7.602     -0.011     7.3353     61.032     32.741  21.227661     3.5100     5.4884     0.0852     0.7191 2.9138e+00     3.1838      7.456     10.813     7.4191 0.0000e+00
      7.600     -0.012     7.3340     61.031     32.759  21.238930     3.5100     5.5075     0.0852     0.7191 2.9476e+00     3.1838      7.453     10.810     7.4179 0.0000e+00
      7.597     -0.014     7.3331     61.035     32.784  21.255409     3.6000     5.4769     0.0852     0.6768 2.9444e+00     3.1989      7.451     10.806     7.4170 0.0000e+00
      7.594     -0.016     7.3324     61.042     32.794  21.261700     3.6000     5.5113     0.0852     0.6768 2.9604e+00     3.1538      7.447     10.801     7.4162 0.0000e+00
      7.590     -0.020     7.3320     61.047     32.783  21.255524     3.6000     5.5036     0.0852     0.6768 2.9843e+00     3.4694      7.443     10.795     7.4156 0.0000e+00
      7.584     -0.023     7.3319     61.050     32.775  21.251067     3.6000     5.4998     0.0852     0.6768 2.9843e+00     3.3492      7.438     10.788     7.4152 0.0000e+00
      7.578     -0.026     7.3324     61.051     32.780  21.255057     3.5100     5.4846     0.0852     0.7191 3.0058e+00     3.3342      7.431     10.778     7.4151 0.0000e+00
      7.570     -0.029     7.3331     61.054     32.781  21.256683     3.5100     5.4808     0.0852     0.7191 3.0393e+00     3.4394      7.424     10.768     7.4154 0.0000e+00
      7.562     -0.029     7.3336     61.057     32.772  21.252421     3.5100     5.2671     0.0852     0.7191 3.1509e+00     3.0486      7.416     10.755     7.4161 0.0000e+00
      7.553     -0.028     7.3338     61.055     32.784  21.260925     3.5100     5.2671     0.0852     0.7191 3.2320e+00     2.8231      7.407     10.743     7.4173 0.0000e+00
      7.545     -0.026     7.3336     61.048     32.825  21.288423     3.5100     5.2290     0.0852     0.7191 3.2952e+00     2.9584      7.399     10.731     7.4189 0.0000e+00
      7.538     -0.023     7.3336     61.048     32.868  21.316516     3.5100     5.2671     0.0852     0.7191 3.2631e+00     2.8832      7.392     10.721     7.4208 0.0000e+00
      7.533     -0.018     7.3337     61.054     32.885  21.326968     3.5100     5.7287     0.0852     0.7191 3.2588e+00     2.8682      7.388     10.714     7.4227 0.0000e+00
      7.530     -0.014     7.3330     61.059     32.878  21.320585     3.5100     5.7630     0.0852     0.7191 3.2603e+00     2.9434      7.384     10.709     7.4243 0.0000e+00
      7.527     -0.010     7.3321     61.062     32.870  21.313479     3.5100     5.7478     0.0852     0.7191 3.2995e+00     2.9885      7.381     10.705     7.4253 0.0000e+00
      7.525     -0.007     7.3321     61.065     32.877  21.315629     3.5100     5.7516     0.0852     0.6345 3.3023e+00     2.9434      7.379     10.703     7.4253 0.0000e+00
      7.524     -0.004     7.3330     61.068     32.886  21.319693     3.5100     5.7058     0.0852     0.6345 3.2581e+00     2.9734      7.378     10.701     7.4243 0.0000e+00
      7.524     -0.003     7.3340     61.064     32.882  21.314878     3.5100     5.7402     0.0852     0.6345 3.2844e+00     3.3642      7.378     10.701     7.4223 0.0000e+00
      7.524     -0.002     7.3349     61.052     32.868  21.303860     3.5100     5.7516     0.0852     0.6345 3.2567e+00     3.4394      7.378     10.701     7.4194 0.0000e+00
      7.524     -0.001     7.3359     61.041     32.863  21.299532     3.5100     5.7325     0.0852     0.6768 3.2574e+00     3.3342      7.378     10.701     7.4160 0.0000e+00
      7.524     -0.001     7.3368     61.038     32.866  21.300742     3.5100     5.7363     0.0852     0.6768 3.2159e+00     3.5446      7.378     10.701     7.4125 0.0000e+00
      7.524     -0.001     7.3370     61.043     32.860  21.295937     3.5100     5.4579     0.0852     0.6768 3.2624e+00     3.3492      7.378     10.701     7.4093 0.0000e+00
      7.523     -0.002     7.3360     61.054     32.842  21.283835     3.5100     5.4426     0.0852     0.6768 3.2673e+00     3.3792      7.378     10.700     7.4067 0.0000e+00
      7.523     -0.003     7.3350     61.073     32.838  21.281002     3.6000     5.4312     0.0852     0.7614 3.2723e+00     3.3191      7.377     10.699     7.4049 0.0000e+00
      7.522     -0.004     7.3348     61.092     32.853  21.290639     3.6000     5.4312     0.0852     0.7614 3.2355e+00     3.3642      7.376     10.698     7.4038 0.0000e+00
      7.521     -0.006     7.3355     61.111     32.861  21.295526     3.6000     5.3663     0.0852     0.7614 3.2702e+00     3.0335      7.375     10.697     7.4029 0.0000e+00
      7.520     -0.007     7.3371     61.130     32.858  21.293007     3.6000     5.3968     0.0852     0.7614 3.2511e+00     2.9133      7.374     10.695     7.4021 0.0000e+00
      7.518     -0.009     7.3394     61.153     32.842  21.282409     3.5100     5.3510     0.0852     0.6768 3.2391e+00     2.9283      7.372     10.693     7.4015 0.0000e+00
      7.515     -0.012     7.3419     61.179     32.815  21.264865     3.5100     5.3625     0.0852     0.6768 3.2363e+00     2.8682      7.370     10.689     7.4011 0.0000e+00
      7.512     -0.015     7.3442     61.206     32.793  21.251532     3.5100     5.3129     0.0852     0.6768 3.2306e+00     3.0335      7.367     10.685     7.4007 0.0000e+00
      7.509     -0.019     7.3466     61.228     32.790  21.250727     3.5100     5.3129     0.0852     0.6768 3.2370e+00     2.8832      7.363     10.680     7.4002 0.0000e+00
      7.504     -0.023     7.3494     61.238     32.793  21.254321     3.5100     5.3129     0.0852     0.6768 3.2222e+00     2.8532      7.358     10.673     7.3999 0.0000e+00
      7.497     -0.027     7.3525     61.241     32.785  21.251395     3.6000     5.3243     0.0852     0.7614 3.2475e+00     2.8983      7.352     10.664     7.3999 0.0000e+00
      7.489     -0.029     7.3556     61.242     32.777  21.249087     3.6000     4.7445     0.0852     0.7614 3.3153e+00     2.7780      7.344     10.652     7.4008 0.0000e+00
      7.480     -0.030     7.3578     61.235     32.783  21.254698     3.6000     4.7559     0.0852     0.7614 3.4281e+00     2.6879      7.336     10.640     7.4026 0.0000e+00
      7.471     -0.029     7.3586     61.212     32.793  21.261809     3.6000     4.7369     0.0852     0.7614 3.5525e+00     2.7931      7.326     10.626     7.4055 0.0000e+00
      7.463     -0.026     7.3582     61.187     32.803  21.268356     3.5100     4.7598     0.0852     0.5922 3.5501e+00     2.8231      7.318     10.614     7.4091 0.0000e+00
      7.456     -0.022     7.3577     61.170     32.815  21.276085     3.5100     5.8737     0.0852     0.5922 3.5509e+00     2.7179      7.312     10.605     7.4128 0.0000e+00
      7.452     -0.018     7.3564     61.156     32.825  21.283099     3.5100     5.8584     0.0852     0.5922 3.5194e+00     2.6428      7.308     10.599     7.4155 0.0000e+00
      7.449     -0.014     7.3534     61.142     32.844  21.295227     3.5100     5.8737     0.0852     0.5922 3.4768e+00     2.7480      7.305     10.595     7.4167 0.0000e+00
      7.446     -0.011     7.3504     61.126     32.856  21.303827     3.6000     5.8737     0.0852     0.8037 3.5148e+00     2.6879      7.303     10.591     7.4167 0.0000e+00
      7.444     -0.010     7.3484     61.112     32.843  21.295360     3.6000     5.9996     0.0852     0.8037 3.4738e+00     2.7480      7.301     10.588     7.4166 0.0000e+00
      7.442     -0.009     7.3466     61.106     32.812  21.275485     3.6000     5.9652     0.0852     0.8037 3.4874e+00     2.6578      7.298     10.585     7.4168 0.0000e+00
      7.440     -0.009     7.3449     61.106     32.791  21.262651     3.6000     5.9805     0.0852     0.8037 3.5095e+00     2.7480      7.296     10.582     7.4172 0.0000e+00
      7.437     -0.009     7.3429     61.099     32.789  21.261354     3.5100     5.9805     0.0852     0.7191 3.5194e+00     2.7480      7.294     10.579     7.4179 0.0000e+00
      7.435     -0.011     7.3410     61.083     32.786  21.259373     3.5100     5.8737     0.0852     0.7191 3.4837e+00     2.6728      7.292     10.575     7.4185 0.0000e+00
      7.433     -0.012     7.3402     61.064     32.776  21.252219     3.5100     5.8699     0.0852     0.7191 3.4708e+00     2.7931      7.289     10.572     7.4191 0.0000e+00
      7.430     -0.015     7.3400     61.047     32.760  21.241946     3.5100     5.8737     0.0852     0.7191 3.4610e+00     2.7931      7.286     10.568     7.4195 0.0000e+00
      7.426     -0.018     7.3392     61.035     32.759  21.241645     3.5100     5.8851     0.0852     0.7191 3.4192e+00     2.7179      7.282     10.562     7.4196 0.0000e+00
      7.421     -0.021     7.3373     61.030     32.785  21.259154     3.6000     5.6600     0.0852     0.8037 3.4648e+00     2.7329      7.277     10.555     7.4194 0.0000e+00
      7.415     -0.023     7.3352     61.036     32.814  21.279351     3.6000     5.6867     0.0852     0.8037 3.5486e+00     2.7630      7.271     10.546     7.4191 0.0000e+00
      7.407     -0.024     7.3332     61.050     32.819  21.283870     3.6000     5.6829     0.0852     0.8037 3.6614e+00     2.7931      7.264     10.536     7.4189 0.0000e+00
      7.400     -0.023     7.3316     61.066     32.803  21.273917     3.6000     5.6906     0.0852     0.8037 3.7557e+00     2.6879      7.257     10.525     7.4193 0.0000e+00
      7.393     -0.021     7.3308     61.082     32.780  21.258713     3.6000     5.3739     0.0852     0.7614 3.7679e+00     2.6879      7.250     10.516     7.4207 0.0000e+00
      7.388     -0.018     7.3312     61.092     32.773  21.253994     3.6000     5.3701     0.0852     0.7614 3.6950e+00     2.8231      7.245     10.508     7.4225 0.0000e+00
      7.384     -0.015     7.3325     61.096     32.793  21.266421     3.6000     5.3739     0.0852     0.7614 3.7135e+00     2.7329      7.242     10.503     7.4240 0.0000e+00
      7.381     -0.011     7.3344     61.093     32.821  21.283472     3.6000     5.3549     0.0852     0.7614 3.6813e+00     2.7931      7.239     10.499     7.4248 0.0000e+00
      7.379     -0.009     7.3363     61.085     32.844  21.297820     3.6000     5.7402     0.0852     0.7614 3.6901e+00     2.8081      7.237     10.496     7.4246 0.0000e+00
      7.377     -0.007     7.3377     61.075     32.857  21.305375     3.6000     5.7363     0.0852     0.7614 3.7589e+00     2.7630      7.235     10.493     7.4239 0.0000e+00
      7.376     -0.006     7.3383     61.064     32.869  21.312108     3.6000     5.7249     0.0852     0.7614 3.7046e+00     2.7931      7.234     10.491     7.4229 0.0000e+00
      7.375     -0.006     7.3382     61.047     32.875  21.315856     3.6000     5.7440     0.0852     0.7614 3.6694e+00     2.7029      7.233     10.490     7.4217 0.0000e+00
      7.374     -0.006     7.3375     61.025     32.861  21.305745     3.6000     5.8012     0.0852     0.6345 3.6550e+00     2.9434      7.232     10.489     7.4206 0.0000e+00
      7.373     -0.008     7.3365     61.000     32.833  21.286995     3.6000     5.7936     0.0852     0.6345 3.6471e+00     2.8832      7.230     10.487     7.4194 0.0000e+00
      7.371     -0.011     7.3352     60.976     32.814  21.274398     3.6000     5.7936     0.0852     0.6345 3.6686e+00     2.9283      7.228     10.484     7.4183 0.0000e+00
      7.368     -0.015     7.3334     60.953     32.811  21.272510     3.6000     5.8050     0.0852     0.6345 3.6909e+00     3.0636      7.226     10.480     7.4173 0.0000e+00
      7.364     -0.019     7.3309     60.933     32.810  21.272913     3.6000     5.9194     0.0852     0.6345 3.6622e+00     2.9885      7.222     10.474     7.4165 0.0000e+00
      7.359     -0.023     7.3280     60.921     32.807  21.271755     3.6000     5.9233     0.0852     0.8460 3.6837e+00     2.9434      7.216     10.466     7.4159 0.0000e+00
      7.352     -0.026     7.3252     60.917     32.788  21.260811     3.6000     5.9080     0.0852     0.8460 3.7827e+00     2.8231      7.210     10.457     7.4156 0.0000e+00
      7.344     -0.027     7.3223     60.921     32.767  21.249038     3.6000     5.9385     0.0852     0.8460 3.8885e+00     2.9133      7.201     10.445     7.4157 0.0000e+00
      7.335     -0.027     7.3199     60.931     32.779  21.257046     3.6000     5.1832     0.0852     0.8460 4.0156e+00     2.7480      7.193     10.433     7.4166 0.0000e+00
      7.327     -0.025     7.3181     60.944     32.813  21.279054     3.6000     5.2099     0.0852     0.7191 4.1092e+00     2.7931      7.185     10.421     7.4183 0.0000e+00
      7.320     -0.021     7.3172     60.961     32.848  21.301140     3.6000     5.1870     0.0852     0.7191 4.0489e+00     2.7029      7.179     10.412     7.4205 0.0000e+00
      7.316     -0.017     7.3173     60.983     32.874  21.317317     3.6000     5.1794     0.0852     0.7191 4.0454e+00     2.7780      7.174     10.405     7.4224 0.0000e+00
      7.312     -0.013     7.3184     61.008     32.882  21.322003     3.6000     5.7516     0.0852     0.7191 3.9619e+00     2.7931      7.171     10.401     7.4235 0.0000e+00
      7.310     -0.010     7.3200     61.035     32.866  21.310510     3.5100     5.7440     0.0852     0.8037 3.9697e+00     2.8231      7.169     10.397     7.4234 0.0000e+00
      7.308     -0.007     7.3222     61.063     32.847  21.297586     3.5100     5.7669     0.0852     0.8037 3.9861e+00     2.6879      7.167     10.394     7.4225 0.0000e+00
      7.306     -0.005     7.3250     61.085     32.841  21.293639     3.5100     5.7249     0.0852     0.8037 4.0340e+00     2.8081      7.165     10.392     7.4211 0.0000e+00
      7.306     -0.003     7.3282     61.100     32.841  21.293658     3.5100     5.7020     0.0852     0.8037 3.9524e+00     2.9133      7.164     10.391     7.4198 0.0000e+00
      7.305     -0.002     7.3317     61.108     32.842  21.293690     3.5100     5.6944     0.0852     0.7614 3.9679e+00     2.9133      7.164     10.390     7.4187 0.0000e+00
      7.305     -0.000     7.3352     61.115     32.836  21.289785     3.5100     5.6600     0.0852     0.7614 3.9524e+00     2.9584      7.164     10.390     7.4178 0.0000e+00
      7.305      0.001     7.3380     61.122     32.829  21.284861     3.5100     5.6867     0.0852     0.7614 3.9913e+00     2.9885      7.164     10.390     7.4174 0.0000e+00
      7.305      0.001     7.3398     61.132     32.817  21.277603     3.5100     5.4998     0.0852     0.7614 3.9593e+00     2.9133      7.164     10.390     7.4171 0.0000e+00
      7.306      0.002     7.3408     61.146     32.798  21.266076     3.5100     5.4998     0.0852     0.7614 3.9396e+00     2.9283      7.164     10.391     7.4169 0.0000e+00
      7.307      0.002     7.3417     61.162     32.761  21.243249     3.5100     5.4808     0.0426     0.8037 3.9029e+00     2.9434      7.165     10.392     7.4166 0.0000e+00
      7.307      0.001     7.3426     61.182     32.720  21.216888     3.5100     5.4998     0.0426     0.8037 3.8532e+00     2.9133      7.166     10.393     7.4164 0.0000e+00
      7.308      0.000     7.3438     61.203     32.708  21.209652     3.5100     5.3472     0.0426     0.8037 3.8692e+00     2.7480      7.167     10.394     7.4168 0.0000e+00
      7.308     -0.001     7.3452     61.219     32.726  21.221590     3.5100     5.3167     0.0426     0.8037 3.8524e+00     2.6879      7.167     10.394     7.4179 0.0000e+00
