Data/DataNotYetUploadedToEDI/Raw_CTD/RawDownloads/041223_fcr50_S8188001.cnv
* Sea-Bird SBE19plus  Data File:
* FileName = C:\R\Reservoirs\Data\DataNotYetUploadedToEDI\Raw_CTD\RawDownloads\041823_fcr50_S8188_0001.hex
* Software version 2.8.0.119
* Temperature SN = 8188
* Conductivity SN = 8188
* System UpLoad Time = Apr 19 2023 15:03:53
* <ApplicationData>
* <Seaterm232>
# nquan = 16
# nvalues = 3498                        
# units = specified
# name 0 = depFM: Depth [fresh water, m]
# name 1 = dz/dtM: Descent Rate [m/s]
# name 2 = sbeox0Mg/L: Oxygen, SBE 43 [mg/l]
# name 3 = sbeox0PS: Oxygen, SBE 43 [% saturation]
# name 4 = specc: Specific Conductance [uS/cm]
# name 5 = c0uS/cm: Conductivity [uS/cm]
# name 6 = wetCDOM: Fluorescence, WET Labs CDOM [mg/m^3]
# name 7 = flECO-AFL: Fluorescence, WET Labs ECO-AFL/FL [mg/m^3]
# name 8 = flECO-AFL1: Fluorescence, WET Labs ECO-AFL/FL, 2 [mg/m^3]
# name 9 = flECO-AFL2: Fluorescence, WET Labs ECO-AFL/FL, 3 [mg/m^3]
# name 10 = par/sat/log: PAR/Logarithmic, Satlantic
# name 11 = turbWETntu0: Turbidity, WET Labs ECO [NTU]
# name 12 = prdM: Pressure, Strain Gauge [db]
# name 13 = prdE: Pressure, Strain Gauge [psi]
# name 14 = tv290C: Temperature [ITS-90, deg C]
# name 15 = flag:  0.000e+00
# span 0 =     -0.711,      9.491       
# span 1 =     -0.177,      0.110       
# span 2 =     3.9389,    12.1989       
# span 3 =     32.707,    121.598       
# span 4 =      1.263,     39.309       
# span 5 =   1.132729,  29.461927       
# span 6 =    -4.5000,     5.3100       
# span 7 =    -0.1918,    39.3176       
# span 8 =    -2.1300,     1.5762       
# span 9 =    -2.0304,    36.4626       
# span 10 = 3.8227e-01, 1.9990e+03      
# span 11 =    -0.4835,   404.8192      
# span 12 =     -0.697,      9.307      
# span 13 =     -1.011,     13.499      
# span 14 =     7.2759,    19.8371      
# span 15 = 0.0000e+00, 0.0000e+00      
# interval = seconds: 0.25
# start_time = Apr 12 2023 12:12:16 [Instrument's time stamp, header]
# bad_flag = -9.990e-29
*END*
[from data line 452]
      1.665      0.050    10.1838    100.287     29.244  23.288315     2.3400     1.6660     0.0426     0.2115 5.4253e+01     0.8091      1.632      2.368    14.8691 0.0000e+00
      1.678      0.049    10.1776    100.216     29.241  23.279091     2.3400     1.6393     0.0426     0.2115 5.4241e+01     0.7490      1.646      2.387    14.8550 0.0000e+00
      1.691      0.047    10.1691    100.183     29.240  23.272987     2.3400     1.6393     0.0426     0.2115 5.4442e+01     0.7490      1.658      2.405    14.8406 0.0000e+00
      1.703      0.044    10.1602    100.195     29.249  23.276292     2.3400     1.6431     0.0426     0.2961 5.4466e+01     0.8842      1.670      2.422    14.8263 0.0000e+00
      1.714      0.040    10.1529    100.250     29.269  23.289887     2.3400     1.6355     0.0426     0.2961 5.4077e+01     0.9143      1.681      2.437    14.8130 0.0000e+00
      1.723      0.036    10.1482    100.343     29.285  23.301563     2.3400     1.6507     0.0426     0.2961 5.3983e+01     0.8241      1.690      2.451    14.8015 0.0000e+00
      1.732      0.033    10.1469    100.458     29.291  23.306515     2.3400     1.6851     0.0426     0.2961 5.3597e+01     0.8241      1.698      2.463    14.7925 0.0000e+00
      1.739      0.029    10.1495    100.578     29.294  23.310024     2.3400     1.6507     0.0000     0.2115 5.3690e+01     0.9444      1.705      2.474    14.7862 0.0000e+00
      1.746      0.026    10.1559    100.694     29.296  23.313025     2.3400     1.5477     0.0000     0.2115 5.3527e+01     0.9143      1.712      2.483    14.7825 0.0000e+00
      1.752      0.024    10.1656    100.805     29.294  23.312360     2.3400     1.5210     0.0000     0.2115 5.3516e+01     0.8542      1.718      2.492    14.7810 0.0000e+00
      1.758      0.022    10.1773    100.908     29.291  23.311809     2.3400     1.5363     0.0000     0.2115 5.3272e+01     0.8391      1.724      2.500    14.7812 0.0000e+00
      1.763      0.020    10.1891    100.998     29.287  23.311226     2.3400     1.5287     0.0000     0.2115 5.2995e+01     0.8842      1.729      2.508    14.7827 0.0000e+00
      1.767      0.019    10.2003    101.073     29.283  23.310456     2.3400     1.6126     0.0000     0.2115 5.2582e+01     0.8391      1.734      2.514    14.7849 0.0000e+00
      1.772      0.018    10.2110    101.141     29.283  23.313252     2.3400     1.5592     0.0000     0.2115 5.2559e+01     0.8091      1.738      2.520    14.7874 0.0000e+00
      1.776      0.017    10.2208    101.201     29.283  23.316402     2.3400     1.5744     0.0000     0.2115 5.2456e+01     0.8091      1.742      2.526    14.7904 0.0000e+00
      1.780      0.017    10.2290    101.248     29.281  23.316786     2.3400     1.6050     0.0000     0.2115 5.2308e+01     0.8391      1.746      2.532    14.7943 0.0000e+00
      1.784      0.017    10.2357    101.277     29.278  23.314507     2.3400     1.5821     0.0000     0.2961 5.2297e+01     0.5235      1.750      2.538    14.7989 0.0000e+00
      1.788      0.017    10.2414    101.282     29.283  23.316875     2.3400     1.5973     0.0000     0.2961 5.1969e+01     0.5536      1.754      2.543    14.8040 0.0000e+00
      1.792      0.018    10.2464    101.257     29.298  23.326501     2.3400     1.5783     0.0000     0.2961 5.1867e+01     0.6137      1.758      2.549    14.8087 0.0000e+00
      1.797      0.019    10.2505    101.203     29.305  23.328137     2.3400     1.5859     0.0000     0.2961 5.1878e+01     0.5385      1.762      2.556    14.8117 0.0000e+00
      1.802      0.020    10.2533    101.128     29.300  23.320240     2.3400     1.5668     0.0000     0.3807 5.2025e+01     0.4784      1.767      2.563    14.8122 0.0000e+00
      1.808      0.020    10.2545    101.040     29.292  23.310600     2.3400     1.5935     0.0000     0.3807 5.2059e+01     0.5085      1.773      2.571    14.8098 0.0000e+00
      1.813      0.020    10.2530    100.948     29.280  23.296647     2.3400     1.5859     0.0000     0.3807 5.2059e+01     0.4484      1.778      2.579    14.8052 0.0000e+00
      1.818      0.020    10.2488    100.859     29.268  23.282577     2.3400     1.5973     0.0000     0.3807 5.2014e+01     0.5085      1.783      2.586    14.7991 0.0000e+00
      1.823      0.020    10.2427    100.778     29.262  23.272556     2.3400     1.5859     0.0000     0.3807 5.2059e+01     0.5836      1.788      2.593    14.7924 0.0000e+00
      1.828      0.020    10.2351    100.711     29.258  23.263911     2.3400     1.5935     0.0000     0.3807 5.1777e+01     0.4484      1.792      2.600    14.7860 0.0000e+00
      1.833      0.020    10.2273    100.658     29.251  23.254337     2.3400     1.5897     0.0000     0.3807 5.1754e+01     0.5536      1.797      2.607    14.7795 0.0000e+00
      1.838      0.021    10.2200    100.612     29.242  23.245239     2.3400     1.5859     0.0000     0.3807 5.1732e+01     0.5686      1.802      2.614    14.7717 0.0000e+00
      1.843      0.022    10.2138    100.576     29.235  23.238149     2.3400     1.6584     0.0000     0.2115 5.1597e+01     0.5385      1.808      2.622    14.7623 0.0000e+00
      1.849      0.023    10.2091    100.557     29.227  23.231177     2.3400     1.6584     0.0000     0.2115 5.1508e+01     0.6137      1.813      2.630    14.7534 0.0000e+00
      1.855      0.024    10.2051    100.555     29.221  23.226422     2.3400     1.6698     0.0000     0.2115 5.1429e+01     0.5235      1.819      2.639    14.7469 0.0000e+00
      1.862      0.024    10.2013    100.573     29.226  23.230534     2.3400     1.6431     0.0000     0.2115 5.1676e+01     0.5836      1.826      2.649    14.7431 0.0000e+00
      1.869      0.023    10.1981    100.614     29.243  23.244609     2.3400     1.6393     0.0000     0.2115 5.1385e+01     0.6137      1.833      2.658    14.7411 0.0000e+00
      1.875      0.022    10.1964    100.683     29.258  23.256565     2.3400     1.6584     0.0000     0.2115 5.1586e+01     0.6137      1.839      2.667    14.7399 0.0000e+00
      1.881      0.021    10.1964    100.768     29.260  23.257716     2.3400     1.6584     0.0000     0.2115 5.1340e+01     0.5235      1.844      2.675    14.7392 0.0000e+00
      1.886      0.019    10.1981    100.845     29.255  23.252327     2.3400     1.6584     0.0000     0.2115 5.1318e+01     0.5235      1.849      2.682    14.7394 0.0000e+00
      1.890      0.017    10.2022    100.888     29.252  23.246877     2.3400     1.5783     0.0000     0.2115 5.1362e+01     0.6287      1.853      2.688    14.7403 0.0000e+00
      1.894      0.016    10.2090    100.882     29.258  23.247831     2.3400     1.5821     0.0426     0.2961 5.1653e+01     0.5536      1.857      2.694    14.7407 0.0000e+00
      1.898      0.015    10.2179    100.826     29.268  23.251484     2.3400     1.5859     0.0426     0.2961 5.1508e+01     0.4784      1.861      2.699    14.7397 0.0000e+00
      1.902      0.015    10.2264    100.732     29.271  23.250893     2.3400     1.5821     0.0426     0.2961 5.1608e+01     0.5836      1.865      2.705    14.7365 0.0000e+00
      1.905      0.014    10.2319    100.624     29.274  23.249859     2.3400     1.5897     0.0426     0.2961 5.1664e+01     0.6137      1.869      2.710    14.7310 0.0000e+00
      1.909      0.014    10.2327    100.525     29.275  23.248106     2.3400     1.5706     0.0000     0.2115 5.1890e+01     0.5235      1.872      2.715    14.7245 0.0000e+00
      1.912      0.013    10.2284    100.460     29.269  23.241208     2.3400     1.5744     0.0000     0.2115 5.1777e+01     0.5536      1.876      2.720    14.7181 0.0000e+00
      1.916      0.013    10.2203    100.439     29.264  23.235242     2.3400     1.5859     0.0000     0.2115 5.2070e+01     0.5686      1.879      2.725    14.7123 0.0000e+00
      1.919      0.013    10.2104    100.462     29.267  23.236536     2.3400     1.6088     0.0000     0.2115 5.1890e+01     0.8391      1.882      2.729    14.7070 0.0000e+00
      1.922      0.013    10.2015    100.517     29.270  23.237516     2.3400     1.5706     0.0426     0.2115 5.2036e+01     0.8391      1.885      2.734    14.7023 0.0000e+00
      1.925      0.013    10.1956    100.591     29.267  23.234486     2.3400     1.5706     0.0426     0.2115 5.1799e+01     0.8842      1.888      2.738    14.6987 0.0000e+00
      1.929      0.013    10.1941    100.671     29.268  23.234554     2.3400     1.5859     0.0426     0.2115 5.2138e+01     0.8391      1.891      2.743    14.6960 0.0000e+00
      1.932      0.012    10.1969    100.749     29.271  23.237738     2.3400     1.6164     0.0426     0.2115 5.1754e+01     0.8091      1.894      2.747    14.6939 0.0000e+00
      1.935      0.012    10.2029    100.819     29.274  23.240930     2.3400     1.5706     0.0426     0.2115 5.2138e+01     0.7490      1.898      2.752    14.6920 0.0000e+00
      1.938      0.012    10.2107    100.881     29.282  23.248939     2.3400     1.5706     0.0000     0.2538 5.2138e+01     0.8241      1.901      2.757    14.6905 0.0000e+00
      1.941      0.013    10.2191    100.941     29.293  23.259942     2.3400     1.5935     0.0000     0.2538 5.1766e+01     0.9143      1.904      2.761    14.6897 0.0000e+00
      1.944      0.013    10.2269    101.000     29.299  23.264998     2.3400     1.5935     0.0000     0.2538 5.1890e+01     0.5085      1.907      2.765    14.6901 0.0000e+00
      1.948      0.014    10.2335    101.052     29.297  23.261496     2.3400     1.5821     0.0000     0.2538 5.1811e+01     0.5536      1.910      2.770    14.6920 0.0000e+00
      1.951      0.015    10.2391    101.086     29.286  23.248502     2.3400     1.6011     0.0426     0.2538 5.1676e+01     0.5686      1.913      2.775    14.6954 0.0000e+00
      1.955      0.017    10.2444    101.092     29.273  23.234426     2.3400     1.5744     0.0426     0.2538 5.1890e+01     0.6588      1.917      2.781    14.6987 0.0000e+00
      1.960      0.018    10.2503    101.061     29.269  23.227392     2.3400     1.5706     0.0426     0.2538 5.2286e+01     0.6438      1.922      2.787    14.6992 0.0000e+00
      1.965      0.019    10.2564    100.990     29.265  23.221564     2.3400     1.6088     0.0426     0.2538 5.2172e+01     0.5836      1.927      2.794    14.6955 0.0000e+00
      1.970      0.020    10.2613    100.888     29.264  23.219348     2.3400     1.5821     0.0000     0.3384 5.2331e+01     0.5836      1.932      2.802    14.6889 0.0000e+00
      1.975      0.021    10.2635    100.775     29.272  23.224110     2.3400     1.5859     0.0000     0.3384 5.2161e+01     0.5987      1.937      2.809    14.6817 0.0000e+00
      1.980      0.023    10.2618    100.667     29.279  23.229204     2.3400     1.5859     0.0000     0.3384 5.2468e+01     0.5385      1.942      2.816    14.6756 0.0000e+00
      1.986      0.025    10.2555    100.581     29.285  23.232028     2.3400     1.5706     0.0000     0.3384 5.2434e+01     0.7490      1.947      2.824    14.6713 0.0000e+00
      1.992      0.028    10.2458    100.530     29.284  23.229378     2.3400     1.5859     0.0000     0.2538 5.2286e+01     0.7339      1.953      2.833    14.6685 0.0000e+00
      1.999      0.032    10.2347    100.519     29.281  23.224505     2.3400     1.5783     0.0000     0.2538 5.2331e+01     0.8091      1.960      2.843    14.6667 0.0000e+00
      2.007      0.036    10.2242    100.545     29.285  23.224027     2.3400     1.5783     0.0000     0.2538 5.2479e+01     0.8842      1.968      2.855    14.6649 0.0000e+00
      2.017      0.041    10.2161    100.595     29.288  23.223858     2.3400     1.5592     0.0000     0.2538 5.2582e+01     0.7490      1.978      2.869    14.6623 0.0000e+00
      2.028      0.045    10.2117    100.655     29.287  23.219994     2.3400     1.6088     0.0000     0.2538 5.3006e+01     0.8842      1.989      2.885    14.6585 0.0000e+00
      2.041      0.049    10.2117    100.708     29.279  23.211405     2.4300     1.5859     0.0426     0.2538 5.2605e+01     0.7790      2.001      2.903    14.6536 0.0000e+00
      2.054      0.052    10.2155    100.744     29.266  23.199757     2.4300     1.5706     0.0426     0.2538 5.3341e+01     0.7490      2.015      2.922    14.6484 0.0000e+00
      2.068      0.054    10.2217    100.755     29.256  23.189864     2.4300     1.5096     0.0426     0.2538 5.3318e+01     0.7339      2.029      2.942    14.6435 0.0000e+00
      2.083      0.055    10.2287    100.737     29.249  23.183044     2.4300     1.5210     0.0426     0.2538 5.5217e+01     0.8091      2.043      2.963    14.6392 0.0000e+00
      2.098      0.055    10.2350    100.699     29.243  23.177480     2.3400     1.5210     0.0000     0.2961 5.5253e+01     0.7640      2.058      2.984    14.6353 0.0000e+00
      2.112      0.053    10.2394    100.652     29.242  23.175646     2.3400     1.5134     0.0000     0.2961 5.5349e+01     0.8091      2.072      3.004    14.6319 0.0000e+00
      2.125      0.051    10.2410    100.610     29.245  23.177054     2.3400     1.5058     0.0000     0.2961 5.5978e+01     0.6137      2.085      3.023    14.6293 0.0000e+00
      2.138      0.048    10.2396    100.589     29.247  23.178120     2.3400     1.5363     0.0000     0.2961 5.6922e+01     0.5987      2.097      3.042    14.6274 0.0000e+00
      2.150      0.045    10.2361    100.597     29.249  23.179128     2.3400     1.5020     0.0426     0.2538 5.7795e+01     0.5536      2.109      3.059    14.6257 0.0000e+00
      2.161      0.041    10.2317    100.636     29.251  23.180347     2.3400     1.5248     0.0426     0.2538 5.8490e+01     0.5836      2.120      3.075    14.6241 0.0000e+00
      2.171      0.037    10.2278    100.698     29.258  23.186061     2.3400     1.5592     0.0426     0.2538 5.8325e+01     0.6287      2.130      3.089    14.6224 0.0000e+00
      2.180      0.034    10.2260    100.770     29.268  23.193835     2.3400     1.5935     0.0426     0.2538 5.9528e+01     0.5536      2.138      3.101    14.6210 0.0000e+00
      2.188      0.030    10.2270    100.831     29.268  23.193865     2.4300     1.5973     0.0426     0.2538 5.9438e+01     0.5536      2.146      3.112    14.6201 0.0000e+00
      2.195      0.028    10.2311    100.862     29.258  23.186160     2.4300     1.5821     0.0426     0.2538 5.9944e+01     0.6738      2.153      3.122    14.6197 0.0000e+00
      2.202      0.025    10.2374    100.854     29.251  23.180542     2.4300     1.5744     0.0426     0.2538 6.0493e+01     0.5836      2.159      3.132    14.6196 0.0000e+00
      2.208      0.024    10.2446    100.808     29.255  23.183429     2.4300     1.5973     0.0426     0.2538 6.0717e+01     0.5536      2.165      3.140    14.6198 0.0000e+00
      2.213      0.022    10.2507    100.736     29.261  23.187673     2.4300     1.5859     0.0426     0.2538 6.0546e+01     0.5235      2.171      3.148    14.6200 0.0000e+00
      2.219      0.022    10.2540    100.657     29.260  23.186490     2.4300     1.5783     0.0000     0.2115 6.0506e+01     0.5385      2.176      3.156    14.6200 0.0000e+00
      2.224      0.021    10.2532    100.587     29.256  23.183523     2.4300     1.5783     0.0000     0.2115 6.1755e+01     0.5385      2.181      3.164    14.6198 0.0000e+00
      2.230      0.021    10.2486    100.545     29.254  23.181938     2.4300     1.5668     0.0000     0.2115 6.0283e+01     0.6287      2.187      3.172    14.6195 0.0000e+00
      2.235      0.020    10.2414    100.542     29.249  23.177356     2.4300     1.5783     0.0000     0.2115 6.0598e+01     0.6738      2.192      3.179    14.6192 0.0000e+00
      2.240      0.019    10.2334    100.576     29.238  23.168552     2.4300     1.5783     0.0426     0.1692 6.1127e+01     0.5085      2.197      3.187    14.6187 0.0000e+00
      2.245      0.018    10.2264    100.634     29.228  23.161098     2.4300     1.6355     0.0426     0.1692 6.1167e+01     0.7339      2.202      3.194    14.6183 0.0000e+00
