Data/DataNotYetUploadedToEDI/Raw_CTD/RawDownloads/041222_bvr50_0002.cnv
* Sea-Bird SBE19plus  Data File:
* FileName = C:\R\Reservoirs\Data\DataNotYetUploadedToEDI\Raw_CTD\RawDownloads\041222_fcr50_0002.hex
* Software version 2.8.0.119
* Temperature SN = 7809
* Conductivity SN = 7809
* System UpLoad Time = Apr 13 2022 11:19:36
* <ApplicationData>
* <Seaterm232>
# nquan = 16
# nvalues = 1833                        
# units = specified
# name 0 = depFM: Depth [fresh water, m]
# name 1 = dz/dtM: Descent Rate [m/s]
# name 2 = orp: Oxidation Reduction Potential [mV]
# name 3 = sbeox0Mg/L: Oxygen, SBE 43 [mg/l]
# name 4 = sbeox0PS: Oxygen, SBE 43 [% saturation]
# name 5 = par/sat/log: PAR/Logarithmic, Satlantic
# name 6 = ph: pH
# name 7 = specc: Specific Conductance [uS/cm]
# name 8 = c0uS/cm: Conductivity [uS/cm]
# name 9 = flECO-AFL: Fluorescence, WET Labs ECO-AFL/FL [mg/m^3]
# name 10 = turbWETntu0: Turbidity, WET Labs ECO [NTU]
# name 11 = tv290C: Temperature [ITS-90, deg C]
# name 12 = density00: Density [density, kg/m^3]
# name 13 = prdE: Pressure, Strain Gauge [psi]
# name 14 = prdM: Pressure, Strain Gauge [db]
# name 15 = flag:  0.000e+00
# span 0 =     -0.722,      9.619       
# span 1 =     -0.296,      0.106       
# span 2 =     9.6568,  1240.2222       
# span 3 =     0.3488,    10.6460       
# span 4 =      3.041,     97.510       
# span 5 = 1.2362e-01, 2.1819e+02       
# span 6 =      4.448,      6.980       
# span 7 =      0.599,    201.317       
# span 8 =   0.545740, 136.912908       
# span 9 =    -0.1856,    17.1532       
# span 10 =    -0.4555,     8.6765      
# span 11 =     8.7943,    21.0820      
# span 12 =   997.9806,   999.9150      
# span 13 =     -1.027,     13.683      
# span 14 =     -0.708,      9.434      
# span 15 = 0.0000e+00, 0.0000e+00      
# interval = seconds: 0.25
# start_time = Apr 12 2022 11:41:15 [Instrument's time stamp, header]
# bad_flag = -9.990e-29
*END*
[from data line 543]
      2.147      0.027   285.1612    10.5496     94.751 1.2998e+01      6.897     26.490  18.920435    14.6191     2.5504    10.7030   999.6585      3.053      2.105 0.0000e+00
      2.152      0.029   284.7328    10.5504     94.716 1.2942e+01      6.897     26.487  18.919155    14.5505     2.5836    10.6999   999.6588      3.062      2.111 0.0000e+00
      2.158      0.031   284.5754    10.5463     94.780 1.2864e+01      6.897     26.466  18.905544    14.5265     2.6356    10.7013   999.6587      3.067      2.115 0.0000e+00
      2.167      0.033   284.6354    10.5321     94.889 1.2731e+01      6.897     26.435  18.882588    14.3290     2.6666    10.7083   999.6581      3.081      2.124 0.0000e+00
      2.179      0.033   284.5978    10.5142     94.978 1.2620e+01      6.897     26.461  18.895042    13.9511     2.6162    10.7106   999.6580      3.102      2.137 0.0000e+00
      2.189      0.031   284.3786    10.5096     95.004 1.2538e+01      6.896     26.523  18.929394    13.7361     2.5731    10.7098   999.6581      3.114      2.147 0.0000e+00
      2.198      0.027   284.3086    10.5185     94.986 1.2435e+01      6.894     26.519  18.917761    13.7107     2.5546    10.7149   999.6576      3.126      2.155 0.0000e+00
      2.205      0.022   284.4391    10.5331     94.967 1.2364e+01      6.894     26.477  18.881097    13.7189     2.5292    10.7161   999.6575      3.138      2.164 0.0000e+00
      2.209      0.020   284.4946    10.5479     94.939 1.2363e+01      6.895     26.462  18.866245    13.7775     2.4714    10.7032   999.6589      3.143      2.167 0.0000e+00
      2.209      0.020   284.6347    10.5559     94.889 1.2372e+01      6.895     26.462  18.864900    13.8698     2.3694    10.6815   999.6609      3.142      2.167 0.0000e+00
      2.211      0.022   285.1872    10.5545     94.818 1.2345e+01      6.896     26.462  18.864830    13.9195     2.3201    10.6634   999.6627      3.142      2.167 0.0000e+00
      2.216      0.025   285.8402    10.5572     94.722 1.2265e+01      6.896     26.462  18.865400    13.9454     2.3533    10.6514   999.6639      3.149      2.171 0.0000e+00
      2.226      0.029   286.1631    10.5565     94.597 1.2133e+01      6.896     26.472  18.871797    14.0990     2.4637    10.6443   999.6646      3.165      2.182 0.0000e+00
      2.238      0.030   286.3372    10.5506     94.435 1.2022e+01      6.897     26.487  18.878813    14.3615     2.5955    10.6401   999.6650      3.185      2.197 0.0000e+00
      2.247      0.029   286.4833    10.5447     94.316 1.1962e+01      6.897     26.502  18.886866    14.4979     2.6155    10.6412   999.6650      3.197      2.205 0.0000e+00
      2.254      0.025   286.5530    10.5300     94.319 1.1904e+01      6.896     26.530  18.905803    14.5248     2.6025    10.6455   999.6646      3.204      2.209 0.0000e+00
      2.259      0.021   286.4052    10.5211     94.400 1.1849e+01      6.896     26.546  18.917706    14.7452     2.5754    10.6434   999.6648      3.214      2.217 0.0000e+00
      2.263      0.019   286.0730    10.4998     94.480 1.1809e+01      6.896     26.525  18.904062    15.1406     2.4581    10.6349   999.6657      3.219      2.220 0.0000e+00
      2.265      0.019   286.0642    10.4827     94.503 1.1789e+01      6.896     26.474  18.867560    15.3525     2.3446    10.6278   999.6663      3.223      2.222 0.0000e+00
      2.267      0.022   286.3852    10.4883     94.528 1.1756e+01      6.896     26.463  18.856516    15.3676     2.3308    10.6282   999.6664      3.224      2.223 0.0000e+00
      2.272      0.026   286.5122    10.4978     94.654 1.1667e+01      6.896     26.527  18.897246    15.2899     2.4280    10.6296   999.6662      3.228      2.226 0.0000e+00
      2.281      0.029   286.3956    10.5119     94.871 1.1552e+01      6.896     26.561  18.916498    15.1368     2.5295    10.6316   999.6660      3.245      2.236 0.0000e+00
      2.293      0.030   286.2653    10.5091     95.021 1.1463e+01      6.895     26.541  18.899208    15.0477     2.5678    10.6344   999.6658      3.263      2.249 0.0000e+00
      2.303      0.030   286.0554    10.5086     94.991 1.1392e+01      6.895     26.514  18.878271    15.0113     2.5832    10.6276   999.6665      3.276      2.259 0.0000e+00
      2.312      0.028   285.8369    10.5251     94.861 1.1329e+01      6.896     26.482  18.853433    14.8054     2.5791    10.6155   999.6677      3.288      2.267 0.0000e+00
      2.317      0.025   285.8602    10.5595     94.759 1.1299e+01      6.896     26.483  18.852326    14.4476     2.5524    10.6064   999.6687      3.298      2.274 0.0000e+00
      2.320      0.023   286.0788    10.5858     94.786 1.1264e+01      6.896     26.503  18.864884    14.2474     2.5340    10.6008   999.6692      3.300      2.275 0.0000e+00
      2.324      0.021   286.2433    10.5752     94.935 1.1194e+01      6.896     26.523  18.878550    14.2162     2.5618    10.5968   999.6696      3.303      2.277 0.0000e+00
      2.331      0.018   286.2994    10.5589     95.067 1.1131e+01      6.896     26.542  18.890839    14.2034     2.6147    10.5932   999.6701      3.316      2.286 0.0000e+00
      2.337      0.016   286.3284    10.5419     95.052 1.1092e+01      6.896     26.537  18.886744    14.1264     2.5928    10.5904   999.6703      3.326      2.293 0.0000e+00
      2.342      0.015   286.3357    10.5456     94.886 1.1064e+01      6.897     26.545  18.892401    13.9758     2.4681    10.5885   999.6705      3.332      2.298 0.0000e+00
      2.345      0.014   286.3877    10.5702     94.670 1.1053e+01      6.897     26.550  18.895876    13.8879     2.3370    10.5856   999.6708      3.337      2.301 0.0000e+00
      2.346      0.014   286.4406    10.5912     94.501 1.1051e+01      6.898     26.506  18.865400    13.8959     2.3053    10.5832   999.6710      3.337      2.301 0.0000e+00
      2.347      0.016   286.4581    10.5908     94.418 1.1033e+01      6.898     26.468  18.840724    14.0987     2.3918    10.5818   999.6712      3.338      2.301 0.0000e+00
      2.350      0.019   286.6857    10.5654     94.359 1.0986e+01      6.898     26.480  18.850960    14.4582     2.4605    10.5816   999.6712      3.340      2.303 0.0000e+00
      2.356      0.022   287.2998    10.5395     94.290 1.0904e+01      6.898     26.495  18.862441    14.6470     2.4193    10.5818   999.6712      3.349      2.309 0.0000e+00
      2.365      0.025   287.9466    10.5157     94.246 1.0817e+01      6.898     26.481  18.852825    14.6760     2.3721    10.5830   999.6711      3.364      2.319 0.0000e+00
      2.374      0.027   288.2248    10.5108     94.245 1.0757e+01      6.897     26.492  18.861410    14.7590     2.4366    10.5885   999.6706      3.378      2.329 0.0000e+00
      2.381      0.027   288.2553    10.5050     94.245 1.0719e+01      6.897     26.547  18.902890    14.8929     2.5493    10.5930   999.6703      3.389      2.337 0.0000e+00
      2.386      0.026   288.1433    10.4930     94.127 1.0683e+01      6.897     26.554  18.910831    14.9544     2.5734    10.5938   999.6702      3.393      2.339 0.0000e+00
      2.391      0.026   287.9028    10.4897     93.933 1.0628e+01      6.897     26.529  18.894066    14.9540     2.5574    10.5946   999.6702      3.398      2.343 0.0000e+00
      2.397      0.027   287.6700    10.4868     93.846 1.0560e+01      6.898     26.525  18.890267    15.0286     2.5261    10.5956   999.6700      3.410      2.352 0.0000e+00
      2.404      0.030   287.6522    10.4965     93.945 1.0485e+01      6.898     26.495  18.864897    15.1742     2.4342    10.5998   999.6697      3.420      2.358 0.0000e+00
      2.412      0.032   287.8594    10.4797     94.202 1.0402e+01      6.898     26.469  18.840754    15.2495     2.3689    10.6055   999.6693      3.430      2.365 0.0000e+00
      2.422      0.033   288.0237    10.4448     94.515 1.0305e+01      6.896     26.491  18.851796    15.2390     2.3859    10.6089   999.6690      3.444      2.374 0.0000e+00
      2.432      0.032   288.1762    10.4355     94.790 1.0202e+01      6.896     26.523  18.871685    15.1482     2.4341    10.6090   999.6689      3.459      2.385 0.0000e+00
      2.441      0.030   288.4127    10.4480     95.004 1.0127e+01      6.895     26.553  18.891135    14.9511     2.4398    10.5994   999.6699      3.474      2.395 0.0000e+00
      2.449      0.027   288.4746    10.4855     95.109 1.0081e+01      6.894     26.563  18.896884    14.7941     2.3858    10.5862   999.6712      3.484      2.402 0.0000e+00
      2.454      0.022   288.3226    10.5274     95.033 1.0049e+01      6.895     26.537  18.877843    14.7483     2.3278    10.5774   999.6721      3.490      2.406 0.0000e+00
      2.459      0.018   288.2092    10.5581     94.794 1.0015e+01      6.896     26.500  18.850987    14.7309     2.3198    10.5723   999.6726      3.497      2.411 0.0000e+00
      2.463      0.015   288.2220    10.5840     94.508 9.9640e+00      6.896     26.465  18.825607    14.6079     2.3917    10.5697   999.6729      3.503      2.415 0.0000e+00
      2.466      0.014   288.2192    10.6014     94.288 9.9219e+00      6.896     26.464  18.824407    14.3765     2.4796    10.5678   999.6731      3.507      2.418 0.0000e+00
      2.468      0.015   288.0897    10.5926     94.240 9.9002e+00      6.896     26.480  18.836488    14.2474     2.4950    10.5661   999.6732      3.511      2.420 0.0000e+00
      2.470      0.018   288.1185    10.5595     94.382 9.8814e+00      6.896     26.492  18.844961    14.2534     2.5093    10.5646   999.6734      3.513      2.422 0.0000e+00
      2.473      0.021   288.4813    10.5252     94.617 9.8505e+00      6.897     26.517  18.863487    14.5162     2.5154    10.5642   999.6734      3.516      2.424 0.0000e+00
      2.480      0.023   288.9492    10.4949     94.834 9.7790e+00      6.897     26.527  18.870408    15.0116     2.4329    10.5641   999.6734      3.527      2.432 0.0000e+00
      2.489      0.025   289.3876    10.4878     94.934 9.6895e+00      6.897     26.521  18.865277    15.2824     2.3311    10.5641   999.6735      3.541      2.442 0.0000e+00
      2.497      0.025   289.6522    10.5103     94.922 9.6319e+00      6.897     26.522  18.864811    15.3104     2.2754    10.5648   999.6734      3.552      2.449 0.0000e+00
      2.504      0.025   289.7396    10.5385     94.892 9.6022e+00      6.897     26.523  18.864773    15.3913     2.2710    10.5653   999.6735      3.563      2.456 0.0000e+00
      2.509      0.022   289.8417    10.5689     94.892 9.5580e+00      6.897     26.525  18.864822    15.5447     2.2784    10.5652   999.6735      3.568      2.460 0.0000e+00
      2.514      0.018   289.9400    10.5805     94.911 9.5030e+00      6.896     26.526  18.865392    15.6250     2.2622    10.5639   999.6736      3.574      2.464 0.0000e+00
      2.519      0.015   290.0675    10.5728     94.905 9.4690e+00      6.896     26.535  18.871676    15.6295     2.2459    10.5620   999.6739      3.584      2.471 0.0000e+00
      2.523      0.013   290.2652    10.5691     94.815 9.4556e+00      6.897     26.543  18.877436    15.6575     2.3204    10.5602   999.6741      3.591      2.476 0.0000e+00
      2.526      0.012   290.2652    10.5703     94.615 9.4532e+00      6.898     26.534  18.871676    15.7140     2.4805    10.5584   999.6742      3.593      2.477 0.0000e+00
      2.526      0.013   290.0673    10.5743     94.386 9.4449e+00      6.899     26.524  18.865391    15.7545     2.5423    10.5569   999.6744      3.593      2.477 0.0000e+00
      2.527      0.016   290.0237    10.5764     94.256 9.4158e+00      6.898     26.524  18.864811    15.7569     2.5203    10.5568   999.6744      3.594      2.478 0.0000e+00
      2.530      0.020   290.0822    10.5682     94.302 9.3655e+00      6.897     26.525  18.864659    15.7339     2.5571    10.5583   999.6743      3.596      2.479 0.0000e+00
      2.537      0.025   290.1728    10.5413     94.490 9.2860e+00      6.897     26.526  18.863555    15.6264     2.6110    10.5596   999.6742      3.605      2.485 0.0000e+00
      2.547      0.029   290.3444    10.5100     94.725 9.2105e+00      6.898     26.511  18.851455    15.4312     2.5913    10.5599   999.6742      3.623      2.498 0.0000e+00
      2.557      0.031   290.4363    10.4921     94.954 9.1564e+00      6.898     26.504  18.845076    15.3130     2.5234    10.5593   999.6743      3.638      2.508 0.0000e+00
      2.565      0.032   290.4239    10.4992     95.168 9.0888e+00      6.898     26.512  18.849789    15.3038     2.5073    10.5581   999.6744      3.648      2.516 0.0000e+00
      2.572      0.030   290.3667    10.5261     95.305 9.0313e+00      6.898     26.505  18.845076    15.2868     2.4991    10.5552   999.6748      3.659      2.523 0.0000e+00
      2.579      0.027   290.1745    10.5550     95.260 8.9768e+00      6.898     26.512  18.851455    15.2412     2.4237    10.5514   999.6751      3.668      2.529 0.0000e+00
      2.587      0.024   289.9075    10.5806     95.025 8.9074e+00      6.898     26.527  18.863556    15.2101     2.3474    10.5482   999.6755      3.680      2.537 0.0000e+00
      2.593      0.023   289.8908    10.6067     94.694 8.8678e+00      6.897     26.527  18.864670    15.2026     2.3283    10.5450   999.6759      3.692      2.545 0.0000e+00
      2.597      0.021   290.0588    10.6290     94.365 8.8488e+00      6.896     26.527  18.864915    15.2671     2.4319    10.5465   999.6757      3.694      2.547 0.0000e+00
      2.601      0.020   290.1320    10.6222     94.119 8.8124e+00      6.896     26.531  18.866524    15.3901     2.5753    10.5515   999.6753      3.698      2.550 0.0000e+00
      2.607      0.020   290.0878    10.5908     93.994 8.7634e+00      6.896     26.561  18.884129    15.4582     2.5937    10.5524   999.6752      3.709      2.557 0.0000e+00
      2.613      0.021   289.9539    10.5504     93.995 8.7235e+00      6.897     26.572  18.887690    15.4575     2.5514    10.5536   999.6750      3.718      2.563 0.0000e+00
      2.617      0.022   289.8898    10.5089     94.061 8.6968e+00      6.897     26.521  18.846210    15.3652     2.5083    10.5560   999.6749      3.722      2.566 0.0000e+00
      2.622      0.022   290.0014    10.4815     94.127 8.6556e+00      6.896     26.499  18.826113    15.2159     2.4486    10.5543   999.6751      3.729      2.571 0.0000e+00
      2.628      0.021   290.1842    10.4677     94.198 8.5974e+00      6.895     26.514  18.834779    15.1512     2.3753    10.5478   999.6757      3.738      2.577 0.0000e+00
      2.635      0.019   290.3790    10.4738     94.293 8.5451e+00      6.896     26.502  18.824259    15.1480     2.3054    10.5368   999.6769      3.748      2.584 0.0000e+00
      2.641      0.017   290.6360    10.4877     94.418 8.5056e+00      6.896     26.506  18.825636    15.0771     2.2864    10.5261   999.6779      3.759      2.592 0.0000e+00
      2.646      0.015   291.0554    10.4953     94.559 8.4902e+00      6.897     26.543  18.851434    14.9441     2.3160    10.5192   999.6785      3.765      2.596 0.0000e+00
      2.648      0.014   291.4061    10.5032     94.607 8.4842e+00      6.897     26.588  18.882739    14.8707     2.3562    10.5148   999.6789      3.767      2.597 0.0000e+00
      2.648      0.016   291.5208    10.5152     94.444 8.4667e+00      6.897     26.595  18.887338    14.8644     2.3633    10.5119   999.6792      3.766      2.597 0.0000e+00
      2.650      0.019   291.5819    10.5283     94.119 8.4335e+00      6.896     26.534  18.843686    14.8673     2.3337    10.5097   999.6794      3.768      2.598 0.0000e+00
      2.655      0.021   291.5423    10.5491     93.777 8.3615e+00      6.895     26.472  18.798464    14.9889     2.3395    10.5082   999.6796      3.773      2.601 0.0000e+00
