Data/DataNotYetUploadedToEDI/Raw_CTD/RawDownloads/041222_fcr50_0001.cnv
* Sea-Bird SBE19plus  Data File:
* FileName = C:\R\Reservoirs\Data\DataNotYetUploadedToEDI\Raw_CTD\RawDownloads\041222_fcr50_0001.hex
* Software version 2.8.0.119
* Temperature SN = 7809
* Conductivity SN = 7809
* System UpLoad Time = Apr 13 2022 11:18:49
* <ApplicationData>
* <Seaterm232>
# nquan = 16
# nvalues = 1641                        
# units = specified
# name 0 = depFM: Depth [fresh water, m]
# name 1 = dz/dtM: Descent Rate [m/s]
# name 2 = orp: Oxidation Reduction Potential [mV]
# name 3 = sbeox0Mg/L: Oxygen, SBE 43 [mg/l]
# name 4 = sbeox0PS: Oxygen, SBE 43 [% saturation]
# name 5 = par/sat/log: PAR/Logarithmic, Satlantic
# name 6 = ph: pH
# name 7 = specc: Specific Conductance [uS/cm]
# name 8 = c0uS/cm: Conductivity [uS/cm]
# name 9 = flECO-AFL: Fluorescence, WET Labs ECO-AFL/FL [mg/m^3]
# name 10 = turbWETntu0: Turbidity, WET Labs ECO [NTU]
# name 11 = tv290C: Temperature [ITS-90, deg C]
# name 12 = density00: Density [density, kg/m^3]
# name 13 = prdE: Pressure, Strain Gauge [psi]
# name 14 = prdM: Pressure, Strain Gauge [db]
# name 15 = flag:  0.000e+00
# span 0 =     -0.630,      8.241       
# span 1 =     -0.273,      0.165       
# span 2 = -1240.7455,   832.1189       
# span 3 =     8.7199,    19.7864       
# span 4 =     94.052,    178.631       
# span 5 = 1.2363e-01, 1.5787e+03       
# span 6 =      4.377,      6.783       
# span 7 =      2.978,    114.938       
# span 8 =   2.621056,  93.446465       
# span 9 =    -0.9425,    13.8243       
# span 10 =    -4.5874,   957.3774      
# span 11 =     9.8830,    19.0429      
# span 12 =   998.4034,   999.7361      
# span 13 =     -0.897,     11.721      
# span 14 =     -0.618,      8.081      
# span 15 = 0.0000e+00, 0.0000e+00      
# interval = seconds: 0.25
# start_time = Apr 12 2022 06:59:17 [Instrument's time stamp, header]
# bad_flag = -9.990e-29
*END*
[from data line 1266]
      1.897     -0.068   334.2052    13.0900    115.357 1.1368e+02      6.503     61.930  43.600456    10.2998     3.4341    10.2129   999.7155      2.688      1.853 0.0000e+00
      1.884     -0.049   334.0669    13.0580    115.179 1.1403e+02      6.504     61.868  43.552116    10.1014     3.4480    10.2097   999.7158      2.674      1.844 0.0000e+00
      1.882     -0.030   333.9114    13.0190    115.165 1.1398e+02      6.506     61.803  43.501757     9.7347     3.4131    10.2061   999.7161      2.676      1.845 0.0000e+00
      1.882     -0.014   333.9588    12.9892    115.262 1.1412e+02      6.508     61.805  43.499072     9.5282     3.3879    10.2025   999.7164      2.677      1.846 0.0000e+00
      1.882     -0.004   334.2098    12.9542    115.375 1.1425e+02      6.512     61.841  43.519632     9.5020     3.3831    10.1987   999.7167      2.678      1.847 0.0000e+00
      1.882      0.001   334.3654    12.9314    115.455 1.1430e+02      6.516     61.815  43.496589     9.4095     3.4232    10.1950   999.7170      2.677      1.846 0.0000e+00
      1.883      0.005   334.3774    12.9345    115.508 1.1440e+02      6.517     61.789  43.474216     9.2258     3.4627    10.1916   999.7173      2.678      1.847 0.0000e+00
      1.883      0.013   334.5273    12.9510    115.551 1.1467e+02      6.516     61.836  43.502870     9.1116     3.4503    10.1879   999.7176      2.678      1.847 0.0000e+00
      1.883      0.023   334.8878    12.9670    115.584 1.1489e+02      6.515     61.965  43.589286     9.0694     3.4107    10.1843   999.7180      2.678      1.846 0.0000e+00
      1.886      0.033   335.2938    12.9758    115.615 1.1422e+02      6.516     62.121  43.694356     8.8078     3.3936    10.1806   999.7183      2.678      1.847 0.0000e+00
      1.898      0.040   335.5644    12.9823    115.695 1.1198e+02      6.517     62.218  43.758251     8.3373     3.4483    10.1770   999.7187      2.691      1.856 0.0000e+00
      1.918      0.045   335.6645    12.9882    115.830 1.0947e+02      6.518     62.271  43.790889     8.0917     3.4916    10.1735   999.7191      2.729      1.882 0.0000e+00
      1.938      0.050   335.7296    12.9934    115.931 1.0825e+02      6.518     62.341  43.835217     8.1012     3.4394    10.1698   999.7196      2.764      1.906 0.0000e+00
      1.948      0.054   335.7486    12.9956    115.964 1.0800e+02      6.516     62.460  43.913586     8.4191     3.3977    10.1662   999.7201      2.775      1.913 0.0000e+00
      1.953      0.056   335.8090    13.0028    115.968 1.0754e+02      6.515     62.558  43.977157     9.0218     3.4310    10.1626   999.7204      2.775      1.913 0.0000e+00
      1.962      0.056   335.9437    13.0265    115.994 1.0602e+02      6.515     62.555  43.969447     9.3633     3.4665    10.1589   999.7208      2.784      1.919 0.0000e+00
      1.980      0.056   336.0002    13.0396    116.080 1.0351e+02      6.515     62.532  43.947247     9.4105     3.4506    10.1552   999.7212      2.813      1.939 0.0000e+00
      2.004      0.053   335.9770    13.0417    116.184 1.0128e+02      6.515     62.563  43.962482     9.4345     3.4100    10.1513   999.7217      2.855      1.969 0.0000e+00
      2.023      0.042   335.8348    13.0430    116.285 1.0006e+02      6.512     62.663  44.026775     9.5856     3.3864    10.1469   999.7223      2.882      1.987 0.0000e+00
      2.034      0.016   335.6573    13.0428    116.374 9.9462e+01      6.510     62.762  44.090200     9.8733     3.4035    10.1422   999.7227      2.894      1.995 0.0000e+00
      2.040     -0.024   335.6381    13.0587    116.377 9.9557e+01      6.512     62.686  44.031509    10.0333     3.4459    10.1374   999.7232      2.905      2.002 0.0000e+00
      2.039     -0.072   335.6882    13.0724    116.257 1.0108e+02      6.518     62.487  43.888102    10.0138     3.4549    10.1323   999.7237      2.907      2.004 0.0000e+00
      2.020     -0.118   335.5748    13.0833    116.061 1.0552e+02      6.526     62.387  43.815381     9.5871     3.5459    10.1269   999.7241      2.888      1.991 0.0000e+00
      1.975     -0.153   335.2993    13.1007    115.831 1.1308e+02      6.533     62.440  43.850069     8.7858     3.7605    10.1217   999.7244      2.821      1.945 0.0000e+00
      1.912     -0.171   335.0246    13.1034    115.491 1.2158e+02      6.538     62.552  43.926880     8.3330     3.8985    10.1175   999.7244      2.717      1.874 0.0000e+00
      1.848     -0.169   334.9212    13.0888    114.980 1.2932e+02      6.542     62.637  43.982832     8.2816     3.9163    10.1149   999.7242      2.622      1.808 0.0000e+00
      1.793     -0.148   335.0815    13.0627    114.401 1.3521e+02      6.544     62.695  44.019061     8.2394     3.7705    10.1132   999.7241      2.540      1.751 0.0000e+00
      1.756     -0.115   335.1558    13.0423    113.907 1.3825e+02      6.545     62.741  44.047722     8.1729     3.5355    10.1119   999.7240      2.484      1.712 0.0000e+00
      1.741     -0.086   334.7869    13.0102    113.596 1.3905e+02      6.545     62.696  44.012168     8.1433     3.4322    10.1099   999.7242      2.471      1.703 0.0000e+00
      1.739     -0.077   334.4066    12.9464    113.496 1.3901e+02      6.546     62.551  43.906374     8.1231     3.4093    10.1068   999.7245      2.472      1.704 0.0000e+00
      1.740     -0.094   334.4299    12.8758    113.528 1.3934e+02      6.549     62.472  43.847040     8.0285     3.4640    10.1035   999.7249      2.477      1.707 0.0000e+00
      1.733     -0.127   334.4668    12.8174    113.460 1.4302e+02      6.552     62.593  43.929150     7.8810     3.5815    10.1003   999.7252      2.479      1.709 0.0000e+00
      1.700     -0.159   334.0777    12.7822    113.065 1.5300e+02      6.552     62.804  44.074451     7.7966     3.6348    10.0971   999.7253      2.439      1.681 0.0000e+00
      1.632     -0.178   333.5117    12.7734    112.316 1.6833e+02      6.552     62.910  44.144761     7.7659     3.6638    10.0940   999.7252      2.335      1.610 0.0000e+00
      1.547     -0.178   333.2152    12.7891    111.413 1.8310e+02      6.554     62.916  44.144853     7.5426     3.7622    10.0912   999.7249      2.188      1.509 0.0000e+00
      1.480     -0.158   333.1594    12.7933    110.668 1.9095e+02      6.557     62.913  44.139008     7.1281     3.9014    10.0888   999.7248      2.079      1.434 0.0000e+00
      1.449     -0.123   333.2681    12.7505    110.283 1.9268e+02      6.557     62.917  44.137525     6.8977     3.9464    10.0865   999.7251      2.051      1.415 0.0000e+00
      1.442     -0.084   333.3253    12.6580    110.198 1.9252e+02      6.555     62.907  44.126923     6.8799     3.9306    10.0835   999.7253      2.050      1.414 0.0000e+00
      1.441     -0.058   333.1625    12.5433    110.284 1.9235e+02      6.554     62.837  44.074249     6.8799     3.9148    10.0802   999.7256      2.050      1.413 0.0000e+00
      1.441     -0.057   333.1058    12.4489    110.432 1.9314e+02      6.556     62.747  44.008162     6.8799     3.8239    10.0773   999.7259      2.051      1.414 0.0000e+00
      1.436     -0.074   333.2427    12.4132    110.508 1.9637e+02      6.559     62.777  44.025704     6.8888     3.7194    10.0741   999.7262      2.049      1.413 0.0000e+00
      1.417     -0.099   333.3542    12.4103    110.403 2.0425e+02      6.564     62.882  44.096023     6.8960     3.6768    10.0711   999.7264      2.029      1.399 0.0000e+00
      1.378     -0.122   333.4215    12.4225    110.049 2.1651e+02      6.568     62.888  44.097115     6.9087     3.6506    10.0681   999.7264      1.966      1.356 0.0000e+00
      1.331     -0.139   333.3678    12.4486    109.526 2.2890e+02      6.571     62.811  44.038908     7.0590     3.6411    10.0651   999.7263      1.889      1.302 0.0000e+00
      1.287     -0.145   333.2209    12.4594    109.017 2.3857e+02      6.573     62.798  44.026633     7.3401     3.6644    10.0628   999.7264      1.826      1.259 0.0000e+00
      1.249     -0.136   333.1954    12.4542    108.611 2.4777e+02      6.574     62.873  44.075585     7.5025     3.6939    10.0604   999.7265      1.777      1.224 0.0000e+00
      1.214     -0.115   333.0589    12.4114    108.280 2.5938e+02      6.575     62.946  44.123260     7.5240     3.6904    10.0576   999.7266      1.728      1.191 0.0000e+00
      1.181     -0.088   332.9477    12.3428    107.988 2.6772e+02      6.578     63.002  44.158981     7.4591     3.5539    10.0545   999.7266      1.673      1.154 0.0000e+00
      1.160     -0.061   333.2267    12.2831    107.759 2.6829e+02      6.579     63.052  44.190283     7.3169     3.3079    10.0517   999.7268      1.641      1.131 0.0000e+00
      1.153     -0.036   333.5067    12.2407    107.654 2.6749e+02      6.579     63.050  44.184527     7.2283     3.2084    10.0493   999.7270      1.636      1.128 0.0000e+00
      1.153     -0.020   333.3224    12.2065    107.702 2.6824e+02      6.577     63.010  44.152819     7.2033     3.2738    10.0465   999.7273      1.641      1.131 0.0000e+00
      1.155     -0.020   332.8052    12.1727    107.849 2.6728e+02      6.576     62.974  44.124109     7.0564     3.3123    10.0434   999.7276      1.643      1.133 0.0000e+00
      1.160     -0.039   332.5873    12.1452    107.986 2.6624e+02      6.577     62.933  44.091140     6.7919     3.3327    10.0402   999.7279      1.649      1.137 0.0000e+00
      1.163     -0.072   332.8391    12.1319    107.997 2.7115e+02      6.581     62.910  44.071399     6.6604     3.3838    10.0369   999.7283      1.666      1.149 0.0000e+00
      1.148     -0.109   333.0965    12.1413    107.801 2.8253e+02      6.585     62.920  44.075737     6.6561     3.4179    10.0338   999.7285      1.651      1.138 0.0000e+00
      1.105     -0.144   333.1187    12.1631    107.354 2.9841e+02      6.587     62.931  44.080145     6.6822     3.3687    10.0307   999.7285      1.581      1.090 0.0000e+00
      1.045     -0.173   333.0209    12.1848    106.692 3.1794e+02      6.590     62.909  44.061258     6.7427     3.2332    10.0277   999.7284      1.485      1.024 0.0000e+00
      0.986     -0.192   332.8601    12.1894    105.955 3.3746e+02      6.593     62.880  44.037692     6.7727     3.1460    10.0251   999.7283      1.396      0.963 0.0000e+00
      0.935     -0.198   332.5519    12.1698    105.256 3.5884e+02      6.596     62.901  44.048971     6.7617     3.1681    10.0228   999.7283      1.329      0.916 0.0000e+00
      0.890     -0.191   332.2196    12.1207    104.653 3.8021e+02      6.598     62.937  44.070747     6.6931     3.2955    10.0204   999.7284      1.268      0.874 0.0000e+00
      0.842     -0.180   331.9391    12.0377    104.160 3.9190e+02      6.600     62.908  44.047229     6.5504     3.5249    10.0175   999.7284      1.198      0.826 0.0000e+00
      0.794     -0.170   331.6561    11.9522    103.754 4.0970e+02      6.602     62.871  44.018378     6.4265     3.6531    10.0147   999.7283      1.126      0.776 0.0000e+00
      0.750     -0.164   331.4654    11.8716    103.394 4.4205e+02      6.602     62.905  44.039102     6.3767     3.6505    10.0121   999.7284      1.063      0.734 0.0000e+00
      0.713     -0.160   331.4408    11.8037    103.034 4.6841e+02      6.603     62.917  44.044037     6.3640     3.6305    10.0092   999.7285      1.014      0.699 0.0000e+00
      0.677     -0.159   331.4448    11.7504    102.658 4.8181e+02      6.605     62.879  44.014612     6.2815     3.6160    10.0064   999.7286      0.963      0.663 0.0000e+00
      0.640     -0.159   331.2552    11.7060    102.259 4.9570e+02      6.608     62.863  44.000520     6.1275     3.6457    10.0040   999.7286      0.909      0.627 0.0000e+00
      0.601     -0.159   331.0411    11.6696    101.846 5.2689e+02      6.610     62.868  44.000528     6.0426     3.6477    10.0019   999.7286      0.859      0.591 0.0000e+00
      0.556     -0.153   331.0066    11.6282    101.397 5.9756e+02      6.612     62.893  44.014710     6.0201     3.6412     9.9996   999.7286      0.791      0.546 0.0000e+00
      0.508     -0.139   331.0096    11.5885    100.925 6.6291e+02      6.613     62.941  44.045109     5.8890     3.7368     9.9969   999.7286      0.719      0.496 0.0000e+00
      0.465     -0.117   331.0783    11.5421    100.535 6.5804e+02      6.615     62.955  44.050876     5.6475     3.8474     9.9944   999.7286      0.655      0.452 0.0000e+00
      0.434     -0.092   331.3206    11.4976    100.315 6.2066e+02      6.615     62.917  44.020992     5.5148     3.8849     9.9921   999.7286      0.607      0.419 0.0000e+00
      0.419     -0.068   331.2724    11.4497    100.266 5.8851e+02      6.611     62.893  44.000975     5.5070     3.9170     9.9896   999.7288      0.591      0.407 0.0000e+00
      0.415     -0.054   330.4959    11.3893    100.320 5.9171e+02      6.607     62.895  43.999171     5.4205     3.9285     9.9866   999.7291      0.590      0.407 0.0000e+00
      0.415     -0.059   329.4169    11.3437    100.405 6.0931e+02      6.606     62.900  43.999182     5.2345     3.8871     9.9836   999.7294      0.590      0.407 0.0000e+00
      0.412     -0.079   328.6365    11.3188    100.468 5.8859e+02      6.608     62.907  44.001107     5.1226     3.8608     9.9809   999.7296      0.589      0.406 0.0000e+00
      0.398     -0.105   328.2876    11.3178    100.358 5.5238e+02      6.611     62.942  44.022440     5.1080     3.8837     9.9782   999.7298      0.580      0.400 0.0000e+00
      0.363     -0.125   328.0386    11.3289     99.957 5.3991e+02      6.614     63.009  44.066795     5.1495     3.9257     9.9755   999.7299      0.532      0.366 0.0000e+00
      0.306     -0.132   327.6901    11.3373     99.350 5.6627e+02      6.618     63.052  44.093324     5.2335     3.9246     9.9728   999.7298      0.436      0.300 0.0000e+00
      0.247     -0.125   327.3439    11.3538     98.741 6.1679e+02      6.621     63.052  44.089437     5.2752     3.8692     9.9704   999.7297      0.337      0.232 0.0000e+00
      0.210     -0.105   327.1223    11.3493     98.340 6.7669e+02      6.622     63.048  44.083238     5.2624     3.8372     9.9683   999.7297      0.285      0.196 0.0000e+00
      0.196     -0.075   327.1619    11.2988     98.244 7.0830e+02      6.621     63.050  44.081805     5.1533     3.7760     9.9660   999.7299      0.275      0.189 0.0000e+00
      0.194     -0.047   327.1344    11.2223     98.326 7.5010e+02      6.619     63.040  44.072109     4.9627     3.6420     9.9632   999.7301      0.274      0.189 0.0000e+00
      0.194     -0.036   326.7885    11.1458     98.399 8.3425e+02      6.616     62.984  44.029447     4.8553     3.5494     9.9605   999.7304      0.275      0.190 0.0000e+00
      0.194     -0.049   326.4225    11.0944     98.446 9.4430e+02      6.616     62.869  43.946609     4.8289     3.4764     9.9580   999.7306      0.276      0.190 0.0000e+00
      0.190     -0.079   326.1506    11.0910     98.440 9.7678e+02      6.618     62.798  43.895238     4.8014     3.4426     9.9556   999.7308      0.277      0.191 0.0000e+00
      0.175     -0.115   325.9093    11.1135     98.252 8.7202e+02      6.621     62.830  43.915837     4.6895     3.8241     9.9531   999.7310      0.262      0.182 0.0000e+00
      0.136     -0.145   325.8278    11.1182     97.807 8.5652e+02      6.626     62.870  43.941914     4.4996     4.5361     9.9507   999.7310      0.205      0.142 0.0000e+00
      0.078     -0.160   325.8540    11.1241     97.134 1.0069e+03      6.630     62.895  43.956774     4.4030     4.9121     9.9486   999.7308      0.113      0.078 0.0000e+00
      0.015     -0.155   325.7962    11.1327     96.409 1.1871e+03      6.631     62.915  43.968629     4.3708     4.9202     9.9470   999.7306      0.018      0.012 0.0000e+00
