Data/DataNotYetUploadedToEDI/Raw_CTD/RawDownloads/041222_fcr50_0001.cnv
* Sea-Bird SBE19plus  Data File:
* FileName = C:\R\Reservoirs\Data\DataNotYetUploadedToEDI\Raw_CTD\RawDownloads\041222_fcr50_0001.hex
* Software version 2.8.0.119
* Temperature SN = 7809
* Conductivity SN = 7809
* System UpLoad Time = Apr 13 2022 11:18:49
* <ApplicationData>
* <Seaterm232>
# nquan = 16
# nvalues = 1641                        
# units = specified
# name 0 = depFM: Depth [fresh water, m]
# name 1 = dz/dtM: Descent Rate [m/s]
# name 2 = orp: Oxidation Reduction Potential [mV]
# name 3 = sbeox0Mg/L: Oxygen, SBE 43 [mg/l]
# name 4 = sbeox0PS: Oxygen, SBE 43 [% saturation]
# name 5 = par/sat/log: PAR/Logarithmic, Satlantic
# name 6 = ph: pH
# name 7 = specc: Specific Conductance [uS/cm]
# name 8 = c0uS/cm: Conductivity [uS/cm]
# name 9 = flECO-AFL: Fluorescence, WET Labs ECO-AFL/FL [mg/m^3]
# name 10 = turbWETntu0: Turbidity, WET Labs ECO [NTU]
# name 11 = tv290C: Temperature [ITS-90, deg C]
# name 12 = density00: Density [density, kg/m^3]
# name 13 = prdE: Pressure, Strain Gauge [psi]
# name 14 = prdM: Pressure, Strain Gauge [db]
# name 15 = flag:  0.000e+00
# span 0 =     -0.630,      8.241       
# span 1 =     -0.273,      0.165       
# span 2 = -1240.7455,   832.1189       
# span 3 =     8.7199,    19.7864       
# span 4 =     94.052,    178.631       
# span 5 = 1.2363e-01, 1.5787e+03       
# span 6 =      4.377,      6.783       
# span 7 =      2.978,    114.938       
# span 8 =   2.621056,  93.446465       
# span 9 =    -0.9425,    13.8243       
# span 10 =    -4.5874,   957.3774      
# span 11 =     9.8830,    19.0429      
# span 12 =   998.4034,   999.7361      
# span 13 =     -0.897,     11.721      
# span 14 =     -0.618,      8.081      
# span 15 = 0.0000e+00, 0.0000e+00      
# interval = seconds: 0.25
# start_time = Apr 12 2022 06:59:17 [Instrument's time stamp, header]
# bad_flag = -9.990e-29
*END*
[from data line 91]
     -0.629 -5.889e-07 -1240.7455     8.7298     94.138 2.0461e+02      4.650      3.112   2.737872    -0.0999    -0.2275    18.9915   998.4129     -0.895     -0.617 0.0000e+00
     -0.629 -1.861e-07 -1240.7455     8.7282     94.156 2.0424e+02      4.653      3.104   2.731594    -0.1024    -0.2232    18.9918   998.4128     -0.895     -0.617 0.0000e+00
     -0.629 2.5506e-09 -1240.7455     8.7288     94.156 2.0333e+02      4.668      3.118   2.743476    -0.0899    -0.1998    18.9919   998.4128     -0.896     -0.618 0.0000e+00
     -0.629 2.3187e-10 -1240.7455     8.7321     94.146 2.0182e+02      4.688      3.131   2.754926    -0.0990    -0.2175    18.9921   998.4128     -0.895     -0.617 0.0000e+00
     -0.629 2.1079e-11 -1240.7455     8.7326     94.126 2.0094e+02      4.681      3.118   2.743420    -0.1212    -0.1982    18.9926   998.4126     -0.895     -0.617 0.0000e+00
     -0.630 1.9163e-12 -1240.7455     8.7364     94.110 2.0120e+02      4.652      3.104   2.730976    -0.1166    -0.1034    18.9928   998.4126     -0.896     -0.617 0.0000e+00
     -0.630 1.7421e-13 -1240.7455     8.7347     94.102 1.9724e+02      4.642      3.104   2.731079    -0.1102    -0.0615    18.9928   998.4126     -0.896     -0.617 0.0000e+00
     -0.630 1.5837e-14 -1240.7455     8.7346     94.080 1.8704e+02      4.675      3.119   2.744665    -0.1182    -0.0684    18.9932   998.4126     -0.895     -0.617 0.0000e+00
     -0.630 1.4397e-15 -1240.7455     8.7323     94.084 1.7199e+02      4.726      3.146   2.768620    -0.1141    -0.0502    18.9935   998.4124     -0.896     -0.617 0.0000e+00
     -0.629 1.3039e-16 -1240.7455     8.7287     94.106 1.5547e+02      4.733      3.145   2.767491    -0.1026    -0.0461    18.9937   998.4124     -0.895     -0.617 0.0000e+00
     -0.629 6.4938e-18 -1240.7455     8.7325     94.108 1.4849e+02      4.702      3.103   2.731022    -0.0950    -0.0867    18.9938   998.4124     -0.895     -0.617 0.0000e+00
     -0.630 -5.837e-17 -1240.7455     8.7256     94.116 1.5286e+02      4.681      3.077   2.707525    -0.0891    -0.0973    18.9940   998.4124     -0.896     -0.617 0.0000e+00
     -0.630 -6.539e-16 -1240.7455     8.7266     94.123 1.5797e+02      4.675      3.110   2.736616    -0.0900    -0.0369    18.9944   998.4123     -0.896     -0.617 0.0000e+00
     -0.629 -7.194e-15 -1240.7455     8.7326     94.111 1.5870e+02      4.667      3.144   2.766222    -0.0976    -0.0401    18.9946   998.4123     -0.895     -0.617 0.0000e+00
     -0.629 -7.913e-14 -1240.7455     8.7285     94.102 1.5755e+02      4.655      3.124   2.748956    -0.1054    -0.1702    18.9948   998.4122     -0.895     -0.617 0.0000e+00
     -0.629 -8.704e-13 -1240.7455     8.7308     94.105 1.5720e+02      4.644      3.088   2.717771    -0.1098    -0.3122    18.9951   998.4122     -0.896     -0.617 0.0000e+00
     -0.629 -9.575e-12 -1240.7455     8.7329     94.115 1.5751e+02      4.637      3.074   2.705708    -0.1012    -0.3566    18.9953   998.4121     -0.895     -0.617 0.0000e+00
     -0.629 -1.053e-10 -1240.7455     8.7297     94.140 1.5788e+02      4.634      3.102   2.729715    -0.0838    -0.2622    18.9956   998.4121     -0.895     -0.617 0.0000e+00
     -0.629 -1.159e-09 -1240.7455     8.7289     94.156 1.5871e+02      4.637      3.131   2.754807    -0.0830    -0.1273    18.9959   998.4120     -0.895     -0.617 0.0000e+00
     -0.629 -1.274e-08 -1240.7455     8.7298     94.151 1.5926e+02      4.644      3.131   2.755862    -0.0997    -0.0575    18.9961   998.4120     -0.895     -0.617 0.0000e+00
     -0.630 -1.402e-07 -1240.7455     8.7295     94.134 1.5869e+02      4.656      3.116   2.742476    -0.1028    -0.0342    18.9962   998.4119     -0.896     -0.617 0.0000e+00
     -0.630 -2.570e-07 -1240.7455     8.7334     94.120 1.5722e+02      4.676      3.090   2.719568    -0.0955    -0.0499    18.9965   998.4119     -0.896     -0.617 0.0000e+00
     -0.630 -1.402e-07 -1240.7455     8.7353     94.120 1.5517e+02      4.692      3.105   2.732118    -0.1029    -0.0764    18.9968   998.4118     -0.895     -0.617 0.0000e+00
     -0.630 -1.274e-08 -1240.7455     8.7340     94.127 1.5315e+02      4.686      3.145   2.767596    -0.1087    -0.0473    18.9971   998.4118     -0.896     -0.617 0.0000e+00
     -0.629 -1.159e-09 -1240.7455     8.7321     94.130 1.5123e+02      4.669      3.146   2.768683    -0.0994    -0.0053    18.9973   998.4117     -0.895     -0.617 0.0000e+00
     -0.629 -1.053e-10 -1240.7455     8.7299     94.128 1.4974e+02      4.656      3.120   2.745272    -0.0910    -0.0131    18.9976   998.4117     -0.895     -0.617 0.0000e+00
     -0.629 -9.575e-12 -1240.7455     8.7306     94.124 1.4918e+02      4.650      3.111   2.737757    -0.0981    -0.0727    18.9979   998.4116     -0.896     -0.617 0.0000e+00
     -0.629 -8.705e-13 -1240.7455     8.7315     94.117 1.4878e+02      4.646      3.114   2.741126    -0.1102    -0.1795    18.9981   998.4116     -0.895     -0.617 0.0000e+00
     -0.629 -7.915e-14 -1240.7455     8.7320     94.116 1.4812e+02      4.643      3.093   2.722701    -0.1042    -0.2461    18.9984   998.4115     -0.895     -0.617 0.0000e+00
     -0.630 -7.195e-15 -1240.7455     8.7309     94.109 1.4768e+02      4.641      3.073   2.704903    -0.0834    -0.2624    18.9986   998.4115     -0.896     -0.617 0.0000e+00
     -0.630 -6.540e-16 -1240.7455     8.7315     94.096 1.4744e+02      4.641      3.085   2.715851    -0.0751    -0.2400    18.9987   998.4115     -0.896     -0.617 0.0000e+00
     -0.629 -5.945e-17 -1240.7455     8.7295     94.105 1.4756e+02      4.641      3.100   2.728460    -0.0789    -0.1116    18.9991   998.4114     -0.895     -0.617 0.0000e+00
     -0.629 -5.405e-18 -1240.7455     8.7304     94.138 1.4812e+02      4.641      3.102   2.730737    -0.0800    -0.0083    18.9993   998.4113     -0.895     -0.617 0.0000e+00
     -0.629 -4.914e-19 -1240.7455     8.7305     94.181 1.4870e+02      4.643      3.117   2.743388    -0.0881    -0.0499    18.9995   998.4113     -0.895     -0.617 0.0000e+00
     -0.630 -4.468e-20 -1240.7455     8.7265     94.195 1.5009e+02      4.644      3.130   2.754803    -0.0946    -0.1363    18.9998   998.4112     -0.896     -0.617 0.0000e+00
     -0.630 -4.061e-21 -1240.7455     8.7288     94.156 1.5322e+02      4.644      3.116   2.742143    -0.0910    -0.1993    18.9999   998.4112     -0.896     -0.617 0.0000e+00
     -0.629 -3.692e-22 -1240.7455     8.7310     94.116 1.5588e+02      4.643      3.087   2.716930    -0.0946    -0.2651    19.0002   998.4112     -0.895     -0.617 0.0000e+00
     -0.629 -3.357e-23 -1240.7455     8.7367     94.099 1.5673e+02      4.643      3.071   2.703189    -0.1041    -0.3167    19.0005   998.4111     -0.895     -0.617 0.0000e+00
     -0.630 -3.051e-24 -1240.7455     8.7403     94.110 1.5771e+02      4.643      3.071   2.702619    -0.1070    -0.2425    19.0008   998.4111     -0.896     -0.617 0.0000e+00
     -0.630 -2.774e-25 -1240.7455     8.7325     94.140 1.5906e+02      4.643      3.079   2.710037    -0.1042    -0.0854    19.0012   998.4110     -0.896     -0.617 0.0000e+00
     -0.630 -2.522e-26 -1240.7455     8.7292     94.136 1.6024e+02      4.643      3.101   2.729576    -0.1033    -0.0227    19.0013   998.4110     -0.895     -0.617 0.0000e+00
     -0.630 -2.292e-27 -1240.7455     8.7275     94.101 1.6113e+02      4.638      3.123   2.748934    -0.1051    -0.0308    19.0015   998.4109     -0.896     -0.617 0.0000e+00
     -0.629 -2.084e-28 -1240.7455     8.7274     94.086 1.6132e+02      4.632      3.129   2.754176    -0.1008    -0.0466    19.0018   998.4109     -0.895     -0.617 0.0000e+00
     -0.629 -1.895e-29 -1240.7455     8.7340     94.100 1.6136e+02      4.630      3.101   2.729642    -0.0840    -0.0436    19.0020   998.4108     -0.895     -0.617 0.0000e+00
     -0.629 -1.723e-30 -1240.7455     8.7331     94.101 1.6064e+02      4.619      3.074   2.705532    -0.0779    -0.0279    19.0022   998.4108     -0.895     -0.617 0.0000e+00
     -0.630 -1.566e-31 -1240.7455     8.7272     94.101 1.5745e+02      4.518      3.085   2.715886    -0.0929    -0.0622    19.0026   998.4107     -0.896     -0.617 0.0000e+00
     -0.630 -1.423e-32 -1240.7455     8.7247     94.130 1.5170e+02      4.377      3.099   2.728226    -0.0979    -0.0829    19.0028   998.4107     -0.896     -0.617 0.0000e+00
     -0.630 -1.294e-33 -1240.7455     8.7295     94.151 1.4276e+02      4.400      3.099   2.728113    -0.0890    -0.1068    19.0028   998.4107     -0.896     -0.618 0.0000e+00
     -0.630 -1.165e-34 -1240.7455     8.7284     94.138 1.3366e+02      4.495      3.084   2.714517    -0.0865    -0.2147    19.0028   998.4107     -0.896     -0.617 0.0000e+00
     -0.629 1.8705e-36 -1240.7455     8.7258     94.118 1.3191e+02      4.515      3.057   2.690459    -0.0919    -0.2942    19.0028   998.4107     -0.895     -0.617 0.0000e+00
     -0.629 1.3725e-34 -1240.7455     8.7317     94.123 1.3516e+02      4.545      3.057   2.690455    -0.0962    -0.2492    19.0027   998.4107     -0.895     -0.617 0.0000e+00
     -0.629 1.5203e-33 -1240.7455     8.7340     94.148 1.3452e+02      4.603      3.084   2.714471    -0.0967    -0.1817    19.0027   998.4107     -0.896     -0.617 0.0000e+00
     -0.629 1.6724e-32 -1240.7455     8.7322     94.164 1.2726e+02      4.672      3.099   2.727608    -0.1055    -0.2299    19.0025   998.4107     -0.895     -0.617 0.0000e+00
     -0.629 1.8397e-31 -1240.7455     8.7282     94.159 1.1779e+02      4.747      3.093   2.722669    -0.1196    -0.3196    19.0025   998.4107     -0.896     -0.618 0.0000e+00
     -0.629 2.0236e-30 -1240.7455     8.7293     94.144 1.1266e+02      4.812      3.088   2.718065    -0.1171    -0.3096    19.0026   998.4107     -0.895     -0.617 0.0000e+00
     -0.630 2.2260e-29 -1240.7455     8.7331     94.138 1.1229e+02      4.847      3.108   2.735245    -0.1011    -0.2457    19.0023   998.4108     -0.896     -0.617 0.0000e+00
     -0.630 2.4486e-28 -1240.7455     8.7348     94.120 1.1161e+02      4.808      3.114   2.740477    -0.0930    -0.2309    19.0022   998.4108     -0.896     -0.617 0.0000e+00
     -0.630 2.6935e-27 -1240.7455     8.7344     94.085 1.0898e+02      4.734      3.088   2.718017    -0.1025    -0.2679    19.0024   998.4107     -0.895     -0.617 0.0000e+00
     -0.630 2.9628e-26 -1240.7455     8.7312     94.082 1.0766e+02      4.689      3.087   2.716908    -0.1151    -0.2822    19.0023   998.4108     -0.896     -0.617 0.0000e+00
     -0.630 3.2591e-25 -1240.7455     8.7319     94.111 1.1067e+02      4.660      3.098   2.727073    -0.1123    -0.2677    19.0022   998.4108     -0.895     -0.617 0.0000e+00
     -0.630 3.5850e-24 -1240.7455     8.7318     94.133 1.1807e+02      4.636      3.084   2.714299    -0.1018    -0.2629    19.0022   998.4108     -0.896     -0.617 0.0000e+00
     -0.630 3.9435e-23 -1240.7455     8.7246     94.142 1.2422e+02      4.625      3.055   2.689080    -0.0885    -0.2593    19.0022   998.4108     -0.895     -0.616 0.0000e+00
     -0.630 4.3378e-22 -1240.7455     8.7247     94.122 1.2378e+02      4.624      3.039   2.675380    -0.0766    -0.2576    19.0024   998.4107     -0.895     -0.617 0.0000e+00
     -0.630 4.7716e-21 -1240.7455     8.7304     94.081 1.2029e+02      4.629      3.039   2.675267    -0.0831    -0.2420    19.0024   998.4107     -0.896     -0.617 0.0000e+00
     -0.630 5.2488e-20 -1240.7455     8.7309     94.075 1.1795e+02      4.636      3.054   2.687715    -0.1001    -0.2067    19.0025   998.4107     -0.895     -0.617 0.0000e+00
     -0.630 5.7737e-19 -1240.7455     8.7331     94.097 1.1672e+02      4.642      3.067   2.699276    -0.1078    -0.1734    19.0025   998.4107     -0.896     -0.617 0.0000e+00
     -0.629 6.3510e-18 -1240.7455     8.7318     94.117 1.1747e+02      4.647      3.054   2.688438    -0.1012    -0.1812    19.0026   998.4107     -0.895     -0.617 0.0000e+00
     -0.629 6.9861e-17 -1240.7455     8.7237     94.125 1.2154e+02      4.649      3.049   2.683291    -0.0868    -0.1978    19.0031   998.4106     -0.895     -0.617 0.0000e+00
     -0.629 7.6848e-16 -1240.7455     8.7247     94.133 1.2822e+02      4.649      3.068   2.700348    -0.0835    -0.2040    19.0032   998.4106     -0.895     -0.617 0.0000e+00
     -0.629 8.4532e-15 -1240.7455     8.7282     94.158 1.3662e+02      4.649      3.073   2.704744    -0.0864    -0.2216    19.0031   998.4106     -0.896     -0.617 0.0000e+00
     -0.629 9.2986e-14 -1240.7455     8.7294     94.164 1.5623e+02      4.648      3.037   2.673144    -0.0789    -0.2058    19.0036   998.4105     -0.895     -0.617 0.0000e+00
     -0.629 1.0228e-12 -1240.7455     8.7313     94.153 3.0283e+02      4.647      2.993   2.634807    -0.0848    -0.2178    19.0040   998.4104     -0.894     -0.616 0.0000e+00
     -0.629 1.1251e-11 -1240.7455     8.7286     94.132 6.6909e+02      4.645      2.978   2.621056    -0.1086    -0.2639    19.0042   998.4104     -0.894     -0.616 0.0000e+00
     -0.629 1.2376e-10 -1240.7455     8.7349     94.090 1.1136e+03      4.639      2.992   2.633495    -0.1169    -0.2850    19.0043   998.4104     -0.894     -0.616 0.0000e+00
     -0.629 1.3614e-09 -1240.7455     8.7345     94.078 1.3880e+03      4.631      3.021   2.658589    -0.1012    -0.3021    19.0045   998.4103     -0.895     -0.617 0.0000e+00
     -0.629 1.4975e-08 -1240.7455     8.7314     94.096 1.1478e+03      4.629      3.035   2.671238    -0.0860    -0.3003    19.0047   998.4103     -0.895     -0.617 0.0000e+00
     -0.629 1.6473e-07 -1240.7455     8.7335     94.133 5.4375e+02      4.635      3.022   2.659822    -0.0821    -0.2625    19.0046   998.4103     -0.895     -0.617 0.0000e+00
     -0.629 3.1262e-07 -1240.7455     8.7238     94.176 2.4470e+02      4.645      3.008   2.647181    -0.0800    -0.2214    19.0047   998.4103     -0.894     -0.616 0.0000e+00
     -0.629 3.0377e-07 -1240.7455     8.7251     94.173 2.3571e+02      4.650      3.006   2.645009    -0.0848    -0.2474    19.0046   998.4103     -0.895     -0.617 0.0000e+00
     -0.629 2.7191e-07 -1240.7455     8.7272     94.155 1.8625e+02      4.646      2.993   2.633550    -0.0983    -0.3038    19.0046   998.4103     -0.895     -0.617 0.0000e+00
     -0.629 1.4155e-07 -1240.7455     8.7286     94.146 1.3670e+02      4.641      2.994   2.635253    -0.1019    -0.3227    19.0047   998.4103     -0.895     -0.617 0.0000e+00
     -0.629 1.2869e-08 -1240.7455     8.7386     94.121 1.2438e+02      4.637      3.029   2.665598    -0.0865    -0.3042    19.0047   998.4103     -0.894     -0.616 0.0000e+00
     -0.629 1.1703e-09 -1240.7455     8.7343     94.114 1.2028e+02      4.634      3.049   2.683909    -0.0700    -0.2515    19.0048   998.4103     -0.895     -0.617 0.0000e+00
     -0.629 1.1119e-10 -1240.7455     8.7312     94.118 1.1815e+02      4.634      3.030   2.666729    -0.0772    -0.2317    19.0050   998.4102     -0.895     -0.617 0.0000e+00
     -0.629 6.2867e-11 -1240.7455     8.7342     94.103 1.1606e+02      4.634      3.009   2.647809    -0.0993    -0.2692    19.0050   998.4102     -0.895     -0.617 0.0000e+00
     -0.629 5.8606e-10 -1240.7455     8.7281     94.108 1.1466e+02      4.634      3.005   2.645059    -0.1042    -0.2955    19.0050   998.4102     -0.895     -0.617 0.0000e+00
     -0.629 6.4371e-09 -1240.7455     8.7276     94.121 1.1346e+02      4.633      2.992   2.633488    -0.1032    -0.3113    19.0053   998.4102     -0.895     -0.617 0.0000e+00
     -0.629 -1.441e-07 -1240.7455     8.7321     94.133 1.1247e+02      4.633      2.993   2.634511    -0.1126    -0.3235    19.0054   998.4101     -0.895     -0.617 0.0000e+00
     -0.629 -3.194e-07 -1240.7455     8.7252     94.164 1.1190e+02      4.632      3.019   2.657436    -0.1006    -0.2725    19.0055   998.4101     -0.894     -0.616 0.0000e+00
