Data/DataNotYetUploadedToEDI/Raw_CTD/RawDownloads/041222_fcr50_0001.cnv
* Sea-Bird SBE19plus  Data File:
* FileName = C:\R\Reservoirs\Data\DataNotYetUploadedToEDI\Raw_CTD\RawDownloads\041222_fcr50_0001.hex
* Software version 2.8.0.119
* Temperature SN = 7809
* Conductivity SN = 7809
* System UpLoad Time = Apr 13 2022 11:18:49
* <ApplicationData>
* <Seaterm232>
# nquan = 16
# nvalues = 1641                        
# units = specified
# name 0 = depFM: Depth [fresh water, m]
# name 1 = dz/dtM: Descent Rate [m/s]
# name 2 = orp: Oxidation Reduction Potential [mV]
# name 3 = sbeox0Mg/L: Oxygen, SBE 43 [mg/l]
# name 4 = sbeox0PS: Oxygen, SBE 43 [% saturation]
# name 5 = par/sat/log: PAR/Logarithmic, Satlantic
# name 6 = ph: pH
# name 7 = specc: Specific Conductance [uS/cm]
# name 8 = c0uS/cm: Conductivity [uS/cm]
# name 9 = flECO-AFL: Fluorescence, WET Labs ECO-AFL/FL [mg/m^3]
# name 10 = turbWETntu0: Turbidity, WET Labs ECO [NTU]
# name 11 = tv290C: Temperature [ITS-90, deg C]
# name 12 = density00: Density [density, kg/m^3]
# name 13 = prdE: Pressure, Strain Gauge [psi]
# name 14 = prdM: Pressure, Strain Gauge [db]
# name 15 = flag:  0.000e+00
# span 0 =     -0.630,      8.241       
# span 1 =     -0.273,      0.165       
# span 2 = -1240.7455,   832.1189       
# span 3 =     8.7199,    19.7864       
# span 4 =     94.052,    178.631       
# span 5 = 1.2363e-01, 1.5787e+03       
# span 6 =      4.377,      6.783       
# span 7 =      2.978,    114.938       
# span 8 =   2.621056,  93.446465       
# span 9 =    -0.9425,    13.8243       
# span 10 =    -4.5874,   957.3774      
# span 11 =     9.8830,    19.0429      
# span 12 =   998.4034,   999.7361      
# span 13 =     -0.897,     11.721      
# span 14 =     -0.618,      8.081      
# span 15 = 0.0000e+00, 0.0000e+00      
# interval = seconds: 0.25
# start_time = Apr 12 2022 06:59:17 [Instrument's time stamp, header]
# bad_flag = -9.990e-29
*END*
[from data line 1085]
      7.596     -0.142   335.0016    19.1151    171.506 1.3724e-01      6.435     60.313  43.216947     7.0453     2.9485    10.8229   999.6835     10.809      7.452 0.0000e+00
      7.557     -0.153   335.0481    19.0855    171.047 1.4100e-01      6.435     60.288  43.199067     7.0291     2.9751    10.8234   999.6833     10.750      7.412 0.0000e+00
      7.516     -0.166   335.0481    19.0624    170.557 1.5210e-01      6.436     60.562  43.395837     6.8471     3.0275    10.8245   999.6832     10.690      7.371 0.0000e+00
      7.472     -0.176   334.9166    19.0347    170.036 1.6376e-01      6.437     60.800  43.566086     6.5429     3.1031    10.8252   999.6830     10.629      7.329 0.0000e+00
      7.425     -0.181   334.8351    18.9883    169.467 1.7457e-01      6.437     60.683  43.481292     6.3881     3.1716    10.8248   999.6827     10.564      7.284 0.0000e+00
      7.373     -0.182   334.7506    18.9364    168.907 1.9608e-01      6.437     60.463  43.322158     6.3743     3.2415    10.8244   999.6824     10.488      7.231 0.0000e+00
      7.323     -0.183   334.5829    18.8818    168.434 2.1479e-01      6.438     60.510  43.354823     6.3097     3.2647    10.8248   999.6823     10.410      7.178 0.0000e+00
      7.278     -0.184   334.4429    18.8260    168.013 2.2776e-01      6.438     60.708  43.495628     6.1973     3.2127    10.8249   999.6823     10.349      7.136 0.0000e+00
      7.238     -0.187   334.3477    18.7618    167.550 2.5179e-01      6.438     60.718  43.502117     6.1386     3.1590    10.8238   999.6821     10.296      7.099 0.0000e+00
      7.194     -0.192   334.2928    18.6938    167.011 2.8290e-01      6.439     60.624  43.433283     6.1335     3.1620    10.8221   999.6819     10.236      7.058 0.0000e+00
      7.144     -0.197   334.2948    18.6452    166.441 3.0561e-01      6.439     60.614  43.424610     6.1105     3.2155    10.8214   999.6818     10.163      7.007 0.0000e+00
      7.089     -0.200   334.3720    18.6031    165.873 3.2590e-01      6.439     60.578  43.397262     6.0598     3.2594    10.8216   999.6817     10.084      6.952 0.0000e+00
      7.031     -0.199   334.4519    18.5537    165.305 3.5706e-01      6.439     60.523  43.356371     6.0285     3.2480    10.8211   999.6813     10.000      6.895 0.0000e+00
      6.976     -0.190   334.3139    18.4921    164.803 3.8176e-01      6.440     60.462  43.310811     6.0320     3.2147    10.8197   999.6812      9.919      6.839 0.0000e+00
      6.925     -0.177   334.0814    18.4261    164.403 3.9157e-01      6.440     60.347  43.227029     6.1272     3.2328    10.8184   999.6812      9.845      6.789 0.0000e+00
      6.882     -0.165   333.9639    18.3685    164.120 4.0712e-01      6.440     60.356  43.231485     6.2969     3.2611    10.8171   999.6810      9.781      6.744 0.0000e+00
      6.849     -0.155   333.9245    18.2994    163.901 4.3120e-01      6.440     60.544  43.364683     6.3770     3.2499    10.8155   999.6810      9.740      6.715 0.0000e+00
      6.819     -0.149   333.9498    18.2449    163.609 4.5992e-01      6.440     60.655  43.441895     6.3718     3.2344    10.8141   999.6810      9.706      6.692 0.0000e+00
      6.784     -0.147   333.9250    18.2006    163.253 4.8919e-01      6.441     60.605  43.403803     6.3677     3.2441    10.8126   999.6809      9.653      6.654 0.0000e+00
      6.742     -0.150   333.7968    18.1686    162.893 5.0797e-01      6.442     60.620  43.411615     6.3938     3.2983    10.8109   999.6809      9.587      6.610 0.0000e+00
      6.700     -0.158   333.8630    18.1575    162.548 5.2944e-01      6.444     60.798  43.536358     6.4543     3.3438    10.8097   999.6809      9.528      6.569 0.0000e+00
      6.661     -0.170   334.2094    18.1209    162.191 5.5834e-01      6.444     61.040  43.706742     6.4926     3.3158    10.8080   999.6810      9.473      6.532 0.0000e+00
      6.622     -0.183   334.4568    18.0799    161.693 5.8879e-01      6.443     61.206  43.822331     6.4905     3.2328    10.8056   999.6810      9.421      6.496 0.0000e+00
      6.579     -0.194   334.4454    18.0418    161.041 6.2547e-01      6.443     61.257  43.855479     6.4700     3.1947    10.8033   999.6810      9.363      6.455 0.0000e+00
      6.526     -0.201   334.4151    18.0017    160.364 6.7346e-01      6.444     61.260  43.853771     6.4446     3.2302    10.8014   999.6810      9.285      6.402 0.0000e+00
      6.464     -0.204   334.4347    17.9728    159.729 7.3283e-01      6.445     61.192  43.801679     6.4328     3.2530    10.7996   999.6810      9.195      6.340 0.0000e+00
      6.402     -0.203   334.4251    17.9199    159.182 7.8686e-01      6.445     61.101  43.733137     6.4353     3.2647    10.7968   999.6810      9.102      6.276 0.0000e+00
      6.348     -0.197   334.3849    17.8390    158.751 8.2754e-01      6.445     61.181  43.786294     6.4506     3.2692    10.7933   999.6811      9.022      6.219 0.0000e+00
      6.304     -0.185   334.2925    17.7659    158.359 8.6677e-01      6.445     61.396  43.936894     6.4679     3.2054    10.7903   999.6812      8.966      6.182 0.0000e+00
      6.264     -0.168   334.2537    17.6951    157.964 9.2388e-01      6.445     61.444  43.968050     6.4781     3.1418    10.7873   999.6813      8.914      6.146 0.0000e+00
      6.220     -0.150   334.3463    17.6311    157.590 9.9131e-01      6.446     61.279  43.845798     6.4989     3.1839    10.7843   999.6813      8.846      6.099 0.0000e+00
      6.178     -0.130   334.4661    17.5921    157.292 1.0366e+00      6.446     61.207  43.790975     6.6950     3.2364    10.7816   999.6814      8.781      6.054 0.0000e+00
      6.144     -0.110   334.5840    17.5499    157.147 1.0578e+00      6.446     61.331  43.876130     7.0593     3.1956    10.7792   999.6816      8.733      6.022 0.0000e+00
      6.119     -0.087   334.7389    17.5054    157.132 1.0753e+00      6.446     61.491  43.987262     7.2579     3.1689    10.7763   999.6818      8.700      5.998 0.0000e+00
      6.101     -0.063   334.8767    17.4651    157.162 1.0902e+00      6.446     61.593  44.056196     7.2737     3.2215    10.7730   999.6820      8.677      5.981 0.0000e+00
      6.090     -0.044   334.8729    17.4266    157.172 1.0901e+00      6.445     61.626  44.075203     7.2665     3.2506    10.7700   999.6822      8.659      5.970 0.0000e+00
      6.085     -0.034   334.7792    17.4145    157.141 1.0872e+00      6.443     61.564  44.026755     7.2457     3.2129    10.7674   999.6825      8.653      5.966 0.0000e+00
      6.084     -0.039   334.6900    17.4182    157.121 1.0971e+00      6.443     61.414  43.914489     7.2220     3.1753    10.7646   999.6828      8.655      5.968 0.0000e+00
      6.084     -0.055   334.5687    17.4243    157.109 1.1128e+00      6.443     61.343  43.859697     7.1964     3.1720    10.7612   999.6832      8.655      5.967 0.0000e+00
      6.077     -0.080   334.5179    17.4299    157.024 1.1348e+00      6.443     61.454  43.935219     7.0442     3.2074    10.7576   999.6835      8.651      5.963 0.0000e+00
      6.055     -0.109   334.5056    17.4230    156.758 1.1818e+00      6.444     61.554  44.002912     6.7633     3.2616    10.7539   999.6838      8.622      5.944 0.0000e+00
      6.015     -0.139   334.4200    17.4224    156.243 1.2568e+00      6.446     61.529  43.980335     6.6134     3.2807    10.7500   999.6839      8.560      5.902 0.0000e+00
      5.966     -0.164   334.3440    17.4273    155.592 1.3368e+00      6.447     61.534  43.979433     6.6051     3.2682    10.7464   999.6839      8.484      5.850 0.0000e+00
      5.916     -0.183   334.2748    17.4216    154.938 1.4171e+00      6.446     61.558  43.992001     6.6037     3.2470    10.7435   999.6841      8.414      5.801 0.0000e+00
      5.866     -0.194   334.2715    17.4003    154.322 1.5040e+00      6.446     61.495  43.941972     6.6476     3.2295    10.7405   999.6842      8.345      5.753 0.0000e+00
      5.817     -0.201   334.3895    17.3372    153.782 1.5855e+00      6.446     61.506  43.945496     6.7358     3.2273    10.7369   999.6843      8.272      5.703 0.0000e+00
      5.768     -0.206   334.4978    17.2584    153.223 1.6679e+00      6.447     61.636  44.034611     6.7796     3.2202    10.7332   999.6844      8.205      5.657 0.0000e+00
      5.716     -0.209   334.3758    17.1910    152.555 1.7685e+00      6.448     61.689  44.067856     6.7783     3.1780    10.7296   999.6846      8.136      5.609 0.0000e+00
      5.659     -0.210   334.1190    17.1173    151.883 1.8945e+00      6.449     61.643  44.030266     6.8280     3.1260    10.7260   999.6846      8.051      5.551 0.0000e+00
      5.599     -0.210   334.0604    17.0646    151.278 2.0405e+00      6.448     61.641  44.024191     6.9310     3.1385    10.7225   999.6846      7.960      5.489 0.0000e+00
      5.545     -0.208   334.0969    17.0126    150.731 2.1747e+00      6.448     61.695  44.057829     6.9911     3.1923    10.7191   999.6848      7.883      5.435 0.0000e+00
      5.496     -0.201   334.1310    16.9289    150.208 2.2972e+00      6.448     61.700  44.056341     7.0140     3.2302    10.7152   999.6850      7.819      5.390 0.0000e+00
      5.447     -0.186   334.3010    16.8553    149.683 2.4322e+00      6.447     61.636  44.006191     7.1496     3.2205    10.7112   999.6851      7.749      5.343 0.0000e+00
      5.396     -0.162   334.4315    16.7904    149.200 2.5762e+00      6.446     61.577  43.958988     7.3737     3.1776    10.7075   999.6852      7.675      5.291 0.0000e+00
      5.346     -0.133   334.4170    16.7315    148.826 2.7173e+00      6.446     61.543  43.929676     7.4849     3.1901    10.7036   999.6854      7.599      5.240 0.0000e+00
      5.308     -0.103   334.4709    16.6790    148.622 2.8029e+00      6.445     61.517  43.905535     7.5122     3.2356    10.6997   999.6855      7.535      5.196 0.0000e+00
      5.292     -0.074   334.4802    16.6177    148.570 2.8071e+00      6.444     61.546  43.920859     7.6626     3.2491    10.6957   999.6859      7.520      5.185 0.0000e+00
      5.290     -0.054   334.3579    16.5647    148.627 2.7926e+00      6.444     61.647  43.988068     7.9129     3.2173    10.6915   999.6863      7.527      5.190 0.0000e+00
      5.289     -0.047   334.2827    16.5201    148.765 2.7892e+00      6.444     61.699  44.020323     8.0412     3.1578    10.6874   999.6867      7.522      5.187 0.0000e+00
      5.287     -0.053   334.3442    16.5007    148.889 2.8198e+00      6.444     61.669  43.993652     8.0662     3.1453    10.6831   999.6870      7.523      5.186 0.0000e+00
      5.277     -0.070   334.4993    16.5004    148.913 2.9113e+00      6.444     61.659  43.982786     8.1142     3.1336    10.6790   999.6874      7.516      5.181 0.0000e+00
      5.252     -0.094   334.6100    16.5052    148.776 3.0319e+00      6.445     61.623  43.952380     8.1722     3.0851    10.6747   999.6878      7.475      5.154 0.0000e+00
      5.217     -0.120   334.7360    16.5298    148.487 3.1549e+00      6.446     61.528  43.879759     8.1850     3.0712    10.6704   999.6880      7.419      5.116 0.0000e+00
      5.184     -0.143   334.9038    16.5466    148.109 3.2818e+00      6.446     61.515  43.865996     8.1612     3.0333    10.6667   999.6882      7.374      5.085 0.0000e+00
      5.149     -0.156   335.0053    16.5536    147.615 3.4373e+00      6.445     61.587  43.912845     8.1503     2.9687    10.6631   999.6884      7.328      5.052 0.0000e+00
      5.104     -0.152   335.1032    16.5413    147.018 3.6547e+00      6.445     61.630  43.938698     8.0624     3.0077    10.6596   999.6885      7.264      5.008 0.0000e+00
      5.050     -0.132   335.2265    16.5025    146.396 3.8906e+00      6.445     61.617  43.924826     7.8974     3.1289    10.6558   999.6886      7.181      4.951 0.0000e+00
      5.001     -0.102   335.2915    16.4684    145.876 4.0506e+00      6.444     61.550  43.871994     7.8118     3.1706    10.6521   999.6887      7.101      4.895 0.0000e+00
      4.972     -0.069   335.2869    16.4128    145.621 4.0840e+00      6.444     61.467  43.807413     7.8009     3.1365    10.6489   999.6889      7.056      4.864 0.0000e+00
      4.970     -0.035   335.3422    16.3438    145.641 4.0002e+00      6.445     61.433  43.778363     7.9152     3.1607    10.6450   999.6892      7.059      4.867 0.0000e+00
      4.986     -0.006   335.4441    16.2745    145.842 3.9039e+00      6.445     61.435  43.774497     8.1535     3.2240    10.6410   999.6898      7.094      4.892 0.0000e+00
      5.000      0.012   335.4010    16.2056    146.098 3.8983e+00      6.445     61.422  43.760662     8.2857     3.2519    10.6369   999.6902      7.121      4.910 0.0000e+00
      5.002      0.017   335.3375    16.1820    146.291 3.9229e+00      6.445     61.397  43.737967     8.2819     3.2249    10.6326   999.6906      7.115      4.906 0.0000e+00
      5.002      0.011   335.3645    16.1895    146.406 3.9123e+00      6.445     61.427  43.753842     8.1493     3.1714    10.6285   999.6909      7.112      4.903 0.0000e+00
      5.003     -0.002   335.3830    16.2175    146.463 3.8991e+00      6.446     61.535  43.825714     7.9221     3.1845    10.6244   999.6914      7.118      4.908 0.0000e+00
      5.004     -0.022   335.3894    16.2554    146.485 3.8923e+00      6.447     61.570  43.845696     7.8067     3.2471    10.6203   999.6918      7.116      4.906 0.0000e+00
      5.004     -0.055   335.3560    16.2756    146.468 3.8921e+00      6.447     61.431  43.741690     7.7863     3.2794    10.6159   999.6922      7.117      4.907 0.0000e+00
      4.999     -0.103   335.2365    16.2911    146.362 3.9331e+00      6.448     61.303  43.646642     7.6340     3.3014    10.6116   999.6926      7.116      4.907 0.0000e+00
      4.981     -0.160   335.0637    16.2964    146.070 4.1019e+00      6.450     61.309  43.648053     7.3639     3.3423    10.6077   999.6930      7.100      4.895 0.0000e+00
      4.934     -0.216   334.9873    16.3008    145.439 4.4714e+00      6.450     61.380  43.695309     7.2249     3.3984    10.6035   999.6932      7.037      4.852 0.0000e+00
      4.856     -0.259   335.0866    16.3033    144.420 4.9964e+00      6.449     61.497  43.773940     7.2346     3.4330    10.5995   999.6931      6.916      4.767 0.0000e+00
      4.761     -0.273   335.1464    16.2941    143.134 5.5764e+00      6.448     61.593  43.837508     7.4481     3.4885    10.5965   999.6928      6.771      4.668 0.0000e+00
      4.665     -0.255   335.1076    16.2724    141.823 6.1477e+00      6.446     61.588  43.829523     7.8348     3.5904    10.5941   999.6926      6.632      4.573 0.0000e+00
      4.581     -0.210   335.1343    16.2048    140.825 6.5812e+00      6.446     61.560  43.804263     8.0389     3.6403    10.5914   999.6925      6.499      4.481 0.0000e+00
      4.528     -0.151   335.2113    16.0869    140.375 6.7033e+00      6.446     61.542  43.785833     8.0851     3.6818    10.5881   999.6925      6.411      4.421 0.0000e+00
      4.518     -0.090   335.2642    15.9366    140.371 6.6106e+00      6.447     61.476  43.733561     8.3430     3.6825    10.5842   999.6930      6.419      4.426 0.0000e+00
      4.527     -0.037   335.2570    15.7776    140.571 6.5477e+00      6.448     61.409  43.679752     8.7931     3.5797    10.5802   999.6935      6.447      4.445 0.0000e+00
      4.532     -0.001   335.2107    15.6538    140.826 6.5148e+00      6.448     61.365  43.642737     9.0327     3.4982    10.5759   999.6938      6.444      4.443 0.0000e+00
      4.535      0.016   335.2206    15.6135    141.072 6.4558e+00      6.448     61.318  43.603202     9.0433     3.4490    10.5715   999.6943      6.448      4.446 0.0000e+00
      4.541      0.018   335.2901    15.6272    141.307 6.4071e+00      6.448     61.297  43.582354     9.0217     3.4290    10.5670   999.6947      6.461      4.454 0.0000e+00
