Data/DataNotYetUploadedToEDI/Raw_CTD/RawDownloads/041326_fcr50_S7809017.cnv
* Sea-Bird SBE19plus  Data File:
* FileName = C:\R\Reservoirs\Data\DataNotYetUploadedToEDI\Raw_CTD\RawDownloads\051126_FCR_50_S7809_0017.hex
* Software version 2.8.0.119
* Temperature SN = 7809
* Conductivity SN = 7809
* System UpLoad Time = May 11 2026 15:38:08
* <ApplicationData>
* <Seaterm232>
# nquan = 15
# nvalues = 828                         
# units = specified
# name 0 = depFM: Depth [fresh water, m]
# name 1 = dz/dtM: Descent Rate [m/s]
# name 2 = sbeox0Mg/L: Oxygen, SBE 43 [mg/l]
# name 3 = sbeox0PS: Oxygen, SBE 43 [% saturation]
# name 4 = specc: Specific Conductance [uS/cm]
# name 5 = c0uS/cm: Conductivity [uS/cm]
# name 6 = flECO-AFL: Fluorescence, WET Labs ECO-AFL/FL [mg/m^3]
# name 7 = ph: pH
# name 8 = orp: Oxidation Reduction Potential [mV]
# name 9 = par/sat/log: PAR/Logarithmic, Satlantic
# name 10 = turbWETntu0: Turbidity, WET Labs ECO [NTU]
# name 11 = prdM: Pressure, Strain Gauge [db]
# name 12 = prdE: Pressure, Strain Gauge [psi]
# name 13 = tv290C: Temperature [ITS-90, deg C]
# name 14 = flag:  0.000e+00
# span 0 =     -0.573,      9.536       
# span 1 =     -0.075,      0.194       
# span 2 =     1.0347,    13.2842       
# span 3 =      8.462,    122.571       
# span 4 =      2.962,    217.369       
# span 5 =   2.905512, 137.528725       
# span 6 =    -0.0743,    25.4672       
# span 7 =      8.092,     11.478       
# span 8 = -1240.7455,   312.8769       
# span 9 = 1.2364e-01, 1.6475e+03       
# span 10 =     0.3103,    51.4195      
# span 11 =     -0.564,      9.353      
# span 12 =     -0.818,     13.565      
# span 13 =     6.6228,    24.1037      
# span 14 = 0.0000e+00, 0.0000e+00      
# interval = seconds: 0.25
# start_time = Apr 13 2026 11:19:44 [Instrument's time stamp, header]
# bad_flag = -9.990e-29
*END*
[from data line 386]
      2.863      0.030    13.2756    120.833     36.965  26.781779    17.3764     11.477    82.5075 7.1554e+01     3.2523      2.805      4.068    11.4086 0.0000e+00
      2.870      0.032    13.2733    120.490     37.017  26.776619    17.2724     11.478    82.5651 7.0891e+01     3.1305      2.814      4.080    11.3718 0.0000e+00
      2.879      0.037    13.2743    120.081     37.027  26.749179    17.3204     11.478    82.8034 7.0374e+01     3.1479      2.825      4.098    11.3372 0.0000e+00
      2.886      0.043    13.2694    119.550     37.011  26.703664    17.9325     11.475    83.0655 7.0189e+01     3.2924      2.831      4.108    11.2881 0.0000e+00
      2.894      0.048    13.2571    118.855     37.018  26.670225    19.0135     11.473    83.4114 6.9485e+01     3.3408      2.833      4.110    11.2215 0.0000e+00
      2.910      0.052    13.2383    118.055     37.058  26.661945    19.5955     11.472    83.8872 6.7983e+01     3.2545      2.850      4.134    11.1600 0.0000e+00
      2.931      0.053    13.2077    117.202     37.114  26.666936    19.7094     11.470    84.1725 6.6853e+01     3.1379      2.879      4.176    11.1188 0.0000e+00
      2.946      0.052    13.1669    116.368     37.163  26.667113    20.5984     11.470    84.1940 6.6251e+01     3.1945      2.890      4.191    11.0774 0.0000e+00
      2.957      0.050    13.1017    115.681     37.196  26.664044    22.2460     11.470    84.3195 6.5482e+01     3.3580      2.897      4.201    11.0200 0.0000e+00
      2.970      0.049    13.0284    115.201     37.169  26.629809    23.1346     11.467    84.6567 6.4805e+01     3.3717      2.915      4.228    10.9689 0.0000e+00
      2.979      0.048    12.9462    114.906     37.108  26.570267    23.1932     11.463    84.8296 6.4481e+01     3.3268      2.923      4.240    10.9249 0.0000e+00
      2.986      0.049    12.8613    114.728     37.065  26.514918    23.2216     11.457    85.0335 6.3907e+01     3.3962      2.925      4.241    10.8725 0.0000e+00
      3.000      0.051    12.7973    114.645     37.036  26.467948    23.5861     11.452    85.4880 6.2730e+01     3.5613      2.939      4.261    10.8311 0.0000e+00
      3.019      0.052    12.7464    114.640     37.044  26.446276    24.2454     11.446    85.8507 6.1724e+01     3.6829      2.965      4.300    10.8213 0.0000e+00
      3.034      0.051    12.7235    114.623     37.088  26.443121    24.5931     11.441    86.1495 6.1188e+01     3.6706      2.976      4.317    10.8066 0.0000e+00
      3.045      0.048    12.7161    114.538     37.120  26.429776    24.6028     11.437    86.4330 6.0339e+01     3.6180      2.981      4.325    10.7645 0.0000e+00
      3.060      0.043    12.7157    114.382     37.138  26.411724    24.5537     11.434    86.2669 5.9557e+01     3.6274      3.003      4.357    10.7284 0.0000e+00
      3.071      0.037    12.7305    114.156     37.186  26.415089    24.4827     11.431    85.7759 5.9394e+01     3.6817      3.015      4.374    10.6997 0.0000e+00
      3.076      0.036    12.7451    113.894     37.222  26.407010    24.4602     11.427    85.8311 5.9156e+01     3.6939      3.014      4.372    10.6478 0.0000e+00
      3.082      0.039    12.7514    113.624     37.229  26.377423    24.4815     11.422    86.7621 5.8744e+01     3.6379      3.023      4.383    10.5936 0.0000e+00
      3.090      0.042    12.7459    113.318     37.269  26.374428    24.7234     11.415    88.1710 5.8521e+01     3.5854      3.032      4.396    10.5566 0.0000e+00
      3.098      0.046    12.7304    112.977     37.299  26.370771    25.2049     11.409    89.2725 5.7966e+01     3.5381      3.034      4.400    10.5175 0.0000e+00
      3.115      0.050    12.7130    112.620     37.274  26.333172    25.4672     11.404    89.6681 5.6772e+01     3.4426      3.050      4.424    10.4697 0.0000e+00
      3.136      0.052    12.6995    112.145     37.250  26.300342    25.4641     11.399    89.5996 5.5950e+01     3.3858      3.082      4.469    10.4223 0.0000e+00
      3.149      0.052    12.6797    111.529     37.257  26.290917    25.3255     11.395    89.3899 5.5747e+01     3.3979      3.091      4.484    10.3789 0.0000e+00
      3.157      0.051    12.6453    110.875     37.257  26.282627    25.0735     11.391    89.2840 5.5164e+01     3.4185      3.092      4.484    10.3456 0.0000e+00
      3.171      0.049    12.6225    110.229     37.237  26.263518    24.9381     11.386    89.5236 5.4419e+01     3.4647      3.111      4.513    10.3199 0.0000e+00
      3.184      0.047    12.5769    109.613     37.241  26.250143    24.9038     11.381    90.0496 5.4145e+01     3.4772      3.125      4.534    10.2985 0.0000e+00
      3.191      0.046    12.5045    109.031     37.284  26.247734    24.6841     11.375    90.3959 5.3768e+01     3.4334      3.126      4.534    10.2789 0.0000e+00
      3.204      0.046    12.4373    108.490     37.317  26.234363    24.3117     11.370    90.6127 5.2894e+01     3.4478      3.138      4.553    10.2648 0.0000e+00
      3.222      0.046    12.3606    107.982     37.338  26.215268    24.1304     11.365    90.7787 5.2308e+01     3.5143      3.164      4.589    10.2688 0.0000e+00
      3.232      0.046    12.2980    107.470     37.374  26.207094    24.1241     11.360    90.6820 5.2216e+01     3.5199      3.172      4.600    10.2514 0.0000e+00
      3.238      0.047    12.2470    106.939     37.410  26.198921    24.0687     11.355    90.6476 5.1734e+01     3.4465      3.171      4.599    10.1975 0.0000e+00
      3.252      0.049    12.2013    106.395     37.421  26.179836    23.5765     11.347    90.8790 5.0913e+01     3.3451      3.188      4.623    10.1455 0.0000e+00
      3.267      0.050    12.1578    105.804     37.429  26.166577    22.7179     11.341    91.0717 5.0470e+01     3.3531      3.208      4.653    10.1051 0.0000e+00
      3.277      0.052    12.1142    105.149     37.446  26.165424    22.2683     11.335    91.1704 5.0055e+01     3.4751      3.211      4.657    10.0600 0.0000e+00
      3.291      0.055    12.0666    104.477     37.460  26.165886    22.1613     11.330    91.4706 4.9149e+01     3.4880      3.223      4.675    10.0102 0.0000e+00
      3.310      0.056    12.0175    103.788     37.480  26.172149    21.4068     11.325    92.0337 4.8459e+01     3.3382      3.251      4.716     9.9733 0.0000e+00
      3.322      0.055    11.9607    103.100     37.495  26.177724    20.0632     11.319    92.3872 4.8243e+01     3.1657      3.261      4.728     9.9496 0.0000e+00
      3.332      0.055    11.8852    102.506     37.486  26.169864    19.3490     11.313    92.3879 4.7593e+01     3.1453      3.262      4.730     9.9331 0.0000e+00
      3.351      0.055    11.8148    102.033     37.446  26.140529    19.2717     11.307    92.4729 4.6713e+01     3.2619      3.287      4.768     9.9218 0.0000e+00
      3.367      0.054    11.7407    101.588     37.362  26.076726    18.9705     11.301    92.7258 4.6389e+01     3.2781      3.308      4.798     9.9099 0.0000e+00
      3.376      0.054    11.6581    101.086     37.327  26.032639    18.4373     11.296    92.9511 4.6088e+01     3.2037      3.307      4.797     9.9047 0.0000e+00
      3.388      0.053    11.5888    100.495     37.405  26.051402    18.1516     11.292    93.4761 4.5309e+01     3.1832      3.318      4.813     9.9040 0.0000e+00
      3.407      0.051    11.5433     99.852     37.460  26.049863    18.1458     11.288    94.5998 4.4607e+01     3.2011      3.345      4.850     9.9008 0.0000e+00
      3.421      0.050    11.4944     99.153     37.466  26.013991    18.2837     11.284    95.4380 4.4326e+01     3.2142      3.358      4.872     9.9026 0.0000e+00
      3.429      0.050    11.4467     98.293     37.498  25.998163    18.4954     11.279    95.5234 4.3919e+01     3.1716      3.359      4.873     9.8786 0.0000e+00
      3.441      0.049    11.3926     97.255     37.526  25.985291    18.6001     11.274    95.6326 4.3194e+01     3.1631      3.371      4.891     9.8224 0.0000e+00
      3.457      0.048    11.3307     96.137     37.564  25.985170    18.6093     11.269    95.8981 4.2694e+01     3.2487      3.393      4.922     9.7682 0.0000e+00
      3.468      0.047    11.2766     95.038     37.612  25.996673    18.4238     11.264    95.9797 4.2369e+01     3.2502      3.400      4.931     9.7132 0.0000e+00
      3.479      0.047    11.1910     93.956     37.639  25.997504    18.0539     11.260    96.2748 4.1754e+01     3.1474      3.406      4.942     9.6596 0.0000e+00
      3.494      0.046    11.0804     92.893     37.653  25.995199    17.8584     11.255    96.8852 4.1197e+01     3.0991      3.429      4.975     9.6182 0.0000e+00
      3.505      0.043    10.9554     91.945     37.624  25.968792    17.8494     11.250    97.2518 4.1032e+01     3.1441      3.440      4.990     9.5840 0.0000e+00
      3.512      0.041    10.8392     91.132     37.577  25.931895    17.8456     11.247    97.4370 4.0683e+01     3.1788      3.440      4.990     9.5547 0.0000e+00
      3.523      0.041    10.7258     90.452     37.577  25.929609    17.8039     11.243    97.7484 4.0102e+01     3.1437      3.454      5.009     9.5294 0.0000e+00
      3.536      0.041    10.5980     89.914     37.595  25.941149    17.7447     11.238    98.1779 3.9809e+01     3.1291      3.471      5.035     9.5143 0.0000e+00
      3.543      0.042    10.4946     89.479     37.601  25.944579    17.7284     11.232    98.5859 3.9599e+01     3.2080      3.474      5.039     9.5083 0.0000e+00
      3.552      0.042    10.4029     89.115     37.648  25.971082    17.7152     11.227    98.6377 3.8984e+01     3.3118      3.479      5.045     9.5018 0.0000e+00
      3.568      0.042    10.3242     88.784     37.717  26.007895    17.4357     11.223    98.6322 3.8371e+01     3.3244      3.501      5.077     9.4978 0.0000e+00
      3.580      0.042    10.2665     88.459     37.729  26.009154    16.8952     11.219    99.0347 3.8215e+01     3.2240      3.515      5.099     9.4985 0.0000e+00
      3.587      0.042    10.2158     88.181     37.697  25.986291    16.5747     11.213    99.3752 3.7915e+01     3.1224      3.514      5.097     9.5011 0.0000e+00
      3.598      0.042    10.1781     87.974     37.692  25.985146    16.5308     11.207    99.6515 3.7323e+01     3.1553      3.526      5.114     9.4934 0.0000e+00
      3.610      0.041    10.1473     87.778     37.702  25.995316    16.3562     11.201   100.2235 3.6981e+01     3.2108      3.544      5.141     9.4739 0.0000e+00
      3.618      0.041    10.1106     87.605     37.674  25.982412    15.9950     11.196   100.6985 3.6665e+01     3.1451      3.546      5.144     9.4615 0.0000e+00
      3.628      0.042    10.0745     87.516     37.626  25.955975    15.7763     11.191   100.6630 3.6058e+01     3.0782      3.554      5.155     9.4652 0.0000e+00
      3.642      0.042    10.0565     87.480     37.585  25.929357    15.7182     11.184   100.3976 3.5629e+01     3.0854      3.577      5.188     9.4684 0.0000e+00
      3.652      0.042    10.0329     87.451     37.573  25.914263    15.3759     11.179   100.4144 3.5419e+01     3.1293      3.582      5.195     9.4692 0.0000e+00
      3.660      0.043    10.0040     87.395     37.571  25.900313    14.7501     11.174   100.6943 3.4922e+01     3.1654      3.584      5.198     9.4811 0.0000e+00
      3.673      0.043     9.9962     87.258     37.575  25.887515    14.4014     11.169   101.2005 3.4451e+01     3.1459      3.605      5.230     9.4918 0.0000e+00
      3.683      0.043     9.9915     86.985     37.606  25.886353    14.3226     11.164   101.7168 3.4182e+01     3.1669      3.614      5.241     9.4965 0.0000e+00
      3.692      0.044     9.9922     86.522     37.647  25.886240    13.9638     11.160   101.8603 3.3609e+01     3.2478      3.616      5.245     9.4860 0.0000e+00
      3.707      0.047     9.9929     85.832     37.688  25.886119    13.3346     11.155   101.8158 3.3067e+01     3.2704      3.638      5.277     9.4651 0.0000e+00
      3.719      0.048     9.9829     84.929     37.732  25.884864    12.9819     11.150   101.8680 3.2882e+01     3.2362      3.650      5.295     9.4504 0.0000e+00
      3.726      0.050     9.9614     83.864     37.763  25.871031    12.9213     11.144   102.0620 3.2446e+01     3.1750      3.649      5.292     9.4195 0.0000e+00
      3.740      0.052     9.9207     82.712     37.772  25.845666    12.8516     11.138   102.3540 3.1625e+01     3.1458      3.664      5.315     9.3758 0.0000e+00
      3.760      0.053     9.8485     81.515     37.790  25.831831    12.3053     11.132   102.6455 3.1069e+01     3.1906      3.692      5.356     9.3418 0.0000e+00
      3.772      0.053     9.7524     80.261     37.820  25.830575    11.3010     11.127   102.8333 3.0768e+01     3.2038      3.699      5.365     9.3021 0.0000e+00
      3.783      0.053     9.6393     78.957     37.846  25.830453    10.7384     11.122   102.9037 3.0108e+01     3.1353      3.704      5.372     9.2492 0.0000e+00
      3.800      0.051     9.5128     77.584     37.866  25.830340    10.6635     11.116   103.1525 2.9525e+01     3.1128      3.732      5.413     9.2060 0.0000e+00
      3.812      0.047     9.3866     76.184     37.886  25.829188    10.5200     11.111   103.6050 2.9340e+01     3.2051      3.742      5.427     9.1760 0.0000e+00
      3.820      0.046     9.2446     74.854     37.886  25.816515    10.2604     11.107   103.8140 2.8850e+01     3.2952      3.740      5.426     9.1450 0.0000e+00
      3.834      0.044     9.1037     73.569     37.879  25.803937    10.0955     11.103   103.9585 2.8257e+01     3.2801      3.761      5.455     9.1206 0.0000e+00
      3.847      0.041     8.9476     72.344     37.888  25.803937    10.0500     11.098   104.1485 2.8078e+01     3.1929      3.777      5.479     9.1064 0.0000e+00
      3.854      0.040     8.7814     71.299     37.916  25.816517     9.9524     11.094   104.1315 2.7832e+01     3.1634      3.777      5.477     9.0862 0.0000e+00
      3.864      0.040     8.6373     70.435     37.944  25.829192     9.7803     11.089   104.2700 2.7350e+01     3.2307      3.787      5.493     9.0665 0.0000e+00
      3.876      0.040     8.4917     69.646     37.954  25.830344     9.6751     11.084   105.0484 2.7088e+01     3.2893      3.805      5.520     9.0579 0.0000e+00
      3.884      0.040     8.3419     68.941     37.964  25.830441     9.6296     11.079   105.9723 2.6871e+01     3.2568      3.808      5.523     9.0523 0.0000e+00
      3.893      0.040     8.2232     68.376     37.978  25.830357     9.3634     11.075   106.2341 2.6311e+01     3.1796      3.813      5.530     9.0424 0.0000e+00
      3.908      0.040     8.1352     67.915     37.988  25.829315     8.9204     11.071   106.1494 2.5846e+01     3.2106      3.835      5.563     9.0311 0.0000e+00
      3.918      0.037     8.0412     67.505     37.980  25.817827     8.7090     11.066   106.0666 2.5702e+01     3.2891      3.845      5.577     9.0285 0.0000e+00
      3.925      0.036     7.9578     67.142     37.994  25.818295     8.6966     11.062   105.9208 2.5366e+01     3.2401      3.844      5.577     9.0196 0.0000e+00
      3.935      0.035     7.8980     66.803     38.032  25.834964     8.7543     11.058   106.2793 2.4996e+01     3.1317      3.861      5.600     9.0027 0.0000e+00
      3.944      0.033     7.8506     66.497     38.029  25.829094     8.8993     11.054   107.2175 2.4898e+01     3.1057      3.871      5.614     8.9934 0.0000e+00
      3.949      0.033     7.8020     66.254     38.003  25.810750     9.0012     11.050   107.7997 2.4666e+01     3.1649      3.869      5.612     8.9874 0.0000e+00
      3.958      0.034     7.7643     66.029     38.000  25.803431     9.0370     11.046   107.8992 2.4243e+01     3.1986      3.879      5.626     8.9760 0.0000e+00
