Data/DataNotYetUploadedToEDI/Raw_CTD/RawDownloads/041326_fcr50_S7809017.cnv
* Sea-Bird SBE19plus  Data File:
* FileName = C:\R\Reservoirs\Data\DataNotYetUploadedToEDI\Raw_CTD\RawDownloads\051126_FCR_50_S7809_0017.hex
* Software version 2.8.0.119
* Temperature SN = 7809
* Conductivity SN = 7809
* System UpLoad Time = May 11 2026 15:38:08
* <ApplicationData>
* <Seaterm232>
# nquan = 15
# nvalues = 828                         
# units = specified
# name 0 = depFM: Depth [fresh water, m]
# name 1 = dz/dtM: Descent Rate [m/s]
# name 2 = sbeox0Mg/L: Oxygen, SBE 43 [mg/l]
# name 3 = sbeox0PS: Oxygen, SBE 43 [% saturation]
# name 4 = specc: Specific Conductance [uS/cm]
# name 5 = c0uS/cm: Conductivity [uS/cm]
# name 6 = flECO-AFL: Fluorescence, WET Labs ECO-AFL/FL [mg/m^3]
# name 7 = ph: pH
# name 8 = orp: Oxidation Reduction Potential [mV]
# name 9 = par/sat/log: PAR/Logarithmic, Satlantic
# name 10 = turbWETntu0: Turbidity, WET Labs ECO [NTU]
# name 11 = prdM: Pressure, Strain Gauge [db]
# name 12 = prdE: Pressure, Strain Gauge [psi]
# name 13 = tv290C: Temperature [ITS-90, deg C]
# name 14 = flag:  0.000e+00
# span 0 =     -0.573,      9.536       
# span 1 =     -0.075,      0.194       
# span 2 =     1.0347,    13.2842       
# span 3 =      8.462,    122.571       
# span 4 =      2.962,    217.369       
# span 5 =   2.905512, 137.528725       
# span 6 =    -0.0743,    25.4672       
# span 7 =      8.092,     11.478       
# span 8 = -1240.7455,   312.8769       
# span 9 = 1.2364e-01, 1.6475e+03       
# span 10 =     0.3103,    51.4195      
# span 11 =     -0.564,      9.353      
# span 12 =     -0.818,     13.565      
# span 13 =     6.6228,    24.1037      
# span 14 = 0.0000e+00, 0.0000e+00      
# interval = seconds: 0.25
# start_time = Apr 13 2026 11:19:44 [Instrument's time stamp, header]
# bad_flag = -9.990e-29
*END*
     -0.573 1.2723e-11     6.4054     78.041      3.127   3.070188    -0.0340      8.194 -1238.6931 1.1532e+03     1.8469     -0.562     -0.815    24.1037 0.0000e+00
     -0.573 1.3995e-10     6.4417     78.467      3.115   3.058651    -0.0150      8.196 -1240.5589 7.4650e+02     1.8723     -0.562     -0.815    24.1021 0.0000e+00
     -0.573 1.5395e-09     6.4849     78.864      3.103   3.047216     0.0131      8.187 -1240.7285 4.8890e+02     2.0427     -0.562     -0.815    24.1004 0.0000e+00
     -0.573 1.6934e-08     6.5205     79.201      3.115   3.058618     0.0315      8.184 -1240.7439 4.2077e+02     2.2327     -0.561     -0.814    24.0990 0.0000e+00
     -0.573 1.8627e-07     6.5574     79.471      3.126   3.069823     0.0160      8.150 -1240.7454 3.8880e+02     2.2569     -0.562     -0.814    24.0974 0.0000e+00
     -0.573 1.8627e-07     6.5934     79.677      3.113   3.056002     0.0087      8.092 -1240.7455 3.8007e+02     2.2667     -0.561     -0.814    24.0957 0.0000e+00
     -0.573 1.6934e-08     6.6292     79.871      3.074   3.018192     0.0348      8.093 -1240.7455 3.9161e+02     2.3855     -0.562     -0.815    24.0942 0.0000e+00
     -0.573 1.5395e-09     6.6564     80.057      3.048   2.992750     0.0319      8.136 -1240.7455 4.1598e+02     2.2931     -0.562     -0.815    24.0927 0.0000e+00
     -0.573 1.3995e-10     6.6809     80.175      3.057   3.001765    -0.0086      8.166 -1240.7455 4.5134e+02     2.0034     -0.562     -0.815    24.0912 0.0000e+00
     -0.573 1.2723e-11     6.6961     80.270      3.056   3.000498    -0.0221      8.183 -1240.7455 5.2717e+02     1.8886     -0.562     -0.815    24.0895 0.0000e+00
     -0.573 1.1566e-12     6.7101     80.363      3.033   2.977434    -0.0157      8.189 -1240.7455 8.2696e+02     1.8616     -0.562     -0.815    24.0881 0.0000e+00
     -0.573 1.0515e-13     6.7328     80.447      3.032   2.976281    -0.0312      8.193 -1240.7455 1.2267e+03     1.7799     -0.562     -0.815    24.0867 0.0000e+00
     -0.573 9.5590e-15     6.7371     80.588      3.042   2.986561    -0.0351      8.199 -1240.7455 1.1747e+03     1.7883     -0.562     -0.815    24.0852 0.0000e+00
     -0.573 8.6900e-16     6.7456     80.801      3.030   2.975034    -0.0121      8.204 -1240.7455 8.2179e+02     1.8950     -0.562     -0.815    24.0838 0.0000e+00
     -0.573 7.9000e-17     6.7563     81.078      3.019   2.963602    -0.0118      8.205 -1240.7455 6.6473e+02     1.9088     -0.562     -0.815    24.0826 0.0000e+00
     -0.573 7.1820e-18     6.7579     81.405      3.031   2.975023    -0.0391      8.201 -1240.7455 7.2701e+02     1.8181     -0.562     -0.815    24.0810 0.0000e+00
     -0.573 6.5290e-19     6.7719     81.744      3.042   2.986436    -0.0509      8.196 -1240.7455 9.8538e+02     1.8234     -0.562     -0.815    24.0795 0.0000e+00
     -0.573 5.9355e-20     6.7894     82.064      3.031   2.974900    -0.0297      8.194 -1240.7455 1.2961e+03     1.9049     -0.562     -0.815    24.0782 0.0000e+00
     -0.573 5.3960e-21     6.8130     82.318      3.018   2.962230    -0.0081      8.194 -1240.7455 1.2395e+03     1.8812     -0.562     -0.815    24.0765 0.0000e+00
     -0.573 4.9052e-22     6.8427     82.488      3.016   2.959946    -0.0217      8.197 -1240.7455 8.5582e+02     1.7754     -0.562     -0.814    24.0751 0.0000e+00
     -0.573 4.4593e-23     6.8714     82.600      3.003   2.947279    -0.0364      8.199 -1240.7455 6.8338e+02     1.7532     -0.562     -0.815    24.0740 0.0000e+00
     -0.573 4.0539e-24     6.9004     82.670      2.991   2.935762    -0.0197      8.197 -1240.7455 7.0545e+02     1.8520     -0.562     -0.815    24.0726 0.0000e+00
     -0.573 3.6854e-25     6.9231     82.700      3.003   2.947382    -0.0201      8.193 -1240.7455 6.8393e+02     1.8773     -0.562     -0.815    24.0714 0.0000e+00
     -0.573 3.3504e-26     6.9354     82.700      3.017   2.961087    -0.0494      8.193 -1240.7455 7.8728e+02     1.7850     -0.562     -0.814    24.0701 0.0000e+00
     -0.573 3.0532e-27     6.9452     82.677      3.031   2.974783    -0.0571      8.196 -1240.7455 1.1064e+03     1.7958     -0.563     -0.816    24.0690 0.0000e+00
     -0.573 3.5922e-28     6.9510     82.645      3.043   2.986292    -0.0473      8.201 -1240.7455 1.2537e+03     1.8713     -0.562     -0.815    24.0680 0.0000e+00
     -0.573 9.3083e-28     6.9533     82.613      3.030   2.973547    -0.0471      8.204 -1240.7455 1.0305e+03     1.8432     -0.562     -0.814    24.0668 0.0000e+00
     -0.573 9.9645e-27     6.9538     82.600      3.004   2.947370    -0.0386      8.199 -1240.7455 7.4947e+02     1.7985     -0.562     -0.815    24.0657 0.0000e+00
     -0.573 1.0958e-25     6.9506     82.606      2.979   2.923174    -0.0186      8.190 -1240.7455 5.3329e+02     1.8085     -0.562     -0.815    24.0646 0.0000e+00
     -0.573 1.2054e-24     6.9488     82.631      2.991   2.934379    -0.0047      8.189 -1240.7455 3.8391e+02     1.8265     -0.562     -0.815    24.0636 0.0000e+00
     -0.573 1.3260e-23     6.9449     82.718      3.013   2.956157    -0.0042      8.194 -1240.7455 3.0461e+02     1.8116     -0.562     -0.815    24.0628 0.0000e+00
     -0.573 1.4586e-22     6.9439     82.872      2.989   2.933112    -0.0211      8.199 -1240.7455 2.4793e+02     1.7311     -0.562     -0.815    24.0615 0.0000e+00
     -0.573 1.6044e-21     6.9461     83.048      2.965   2.909125    -0.0257      8.205 -1240.7455 2.1582e+02     1.7075     -0.562     -0.815    24.0604 0.0000e+00
     -0.573 1.7649e-20     6.9450     83.206      2.975   2.919509    -0.0184      8.211 -1240.7455 2.0583e+02     1.7650     -0.562     -0.815    24.0595 0.0000e+00
     -0.573 1.9414e-19     6.9529     83.311      2.988   2.931970    -0.0320      8.217 -1240.7455 2.1029e+02     1.7429     -0.561     -0.814    24.0583 0.0000e+00
     -0.573 2.1355e-18     6.9678     83.345      2.989   2.933101    -0.0329      8.223 -1240.7455 2.2071e+02     1.7142     -0.562     -0.815    24.0573 0.0000e+00
     -0.573 2.3490e-17     6.9837     83.329      2.989   2.933196    -0.0123      8.229 -1240.7455 2.3248e+02     1.7598     -0.562     -0.815    24.0565 0.0000e+00
     -0.572 2.5839e-16     6.9981     83.293      2.989   2.933111    -0.0154      8.232 -1240.7455 2.4193e+02     1.7481     -0.561     -0.814    24.0554 0.0000e+00
     -0.572 2.8423e-15     7.0079     83.238      2.988   2.932074    -0.0373      8.233 -1240.7455 2.4836e+02     1.7086     -0.561     -0.814    24.0543 0.0000e+00
     -0.573 3.1266e-14     7.0103     83.179      2.977   2.920651    -0.0446      8.235 -1240.7455 2.5232e+02     1.7606     -0.562     -0.815    24.0535 0.0000e+00
     -0.573 3.4392e-13     7.0069     83.124      2.978   2.921688    -0.0445      8.238 -1240.7455 2.5457e+02     1.7959     -0.562     -0.814    24.0528 0.0000e+00
     -0.573 3.7832e-12     7.0055     83.074      3.001   2.944618    -0.0529      8.243 -1240.7455 2.6022e+02     1.7593     -0.562     -0.815    24.0519 0.0000e+00
     -0.573 4.1615e-11     6.9998     83.040      3.001   2.944513    -0.0474      8.247 -1240.7455 2.7632e+02     1.7966     -0.562     -0.815    24.0511 0.0000e+00
     -0.573 4.5776e-10     6.9944     83.007      2.977   2.920422    -0.0354      8.249 -1240.7455 2.9732e+02     1.9056     -0.562     -0.815    24.0500 0.0000e+00
     -0.573 5.0354e-09     6.9911     82.973      2.963   2.906718    -0.0330      8.250 -1240.7451 3.1084e+02     1.9493     -0.562     -0.815    24.0494 0.0000e+00
     -0.573 5.5389e-08     6.9849     82.950      2.962   2.905512    -0.0345      8.250 -1240.7415 3.1959e+02     1.8815     -0.562     -0.815    24.0482 0.0000e+00
     -0.573 6.0928e-07     6.9842     82.929      2.962   2.905833    -0.0454      8.247 -1240.7013 3.3397e+02     1.8027     -0.562     -0.814    24.0480 0.0000e+00
     -0.573      0.000     6.9814     82.914      2.967   2.910595    -0.0408      8.248 -1240.2593 3.7518e+02     1.9192     -0.562     -0.814    24.0462 0.0000e+00
     -0.573      0.000     6.9771     82.904      3.021   2.963099    -0.0121      8.266 -1235.3977 6.6480e+02     2.9138     -0.562     -0.814    24.0471 0.0000e+00
     -0.572      0.001     6.9771     82.899      3.613   3.540651     0.0599      8.294 -1181.9202 1.1653e+03    13.3507     -0.561     -0.814    24.0434 0.0000e+00
     -0.572      0.009     6.9738     82.899      9.988   9.767033     0.1811      8.364  -593.6675 1.2261e+03    32.6012     -0.560     -0.813    24.0468 0.0000e+00
     -0.573      0.033     6.9740     82.922     23.175  22.467843     0.2637      8.420   238.5334 1.0586e+03    43.1480     -0.563     -0.816    24.0393 0.0000e+00
     -0.573      0.069     6.9721     83.033     33.507  31.910479     0.2847      8.341   312.8769 1.2961e+03    43.2081     -0.560     -0.811    24.0496 0.0000e+00
     -0.570      0.108     6.9728     83.296     37.504  34.854729     0.4184      8.234    77.3807 1.5226e+03    33.0555     -0.564     -0.818    24.0302 0.0000e+00
     -0.541      0.145     6.9722     83.782     38.664  35.164239     0.6905      8.217    63.0319 1.3081e+03    14.4345     -0.556     -0.806    24.0598 0.0000e+00
     -0.472      0.174     6.9794     84.692     38.892  34.827030     0.8613      8.248    68.1469 8.6518e+02     4.3675     -0.460     -0.667    23.9532 0.0000e+00
     -0.401      0.189     7.1366     86.575     38.951  34.520277     0.9100      8.293    70.6521 6.1567e+02     3.5678     -0.379     -0.550    22.8963 0.0000e+00
     -0.347      0.194     7.3558     88.585     39.129  34.436824     0.9546      8.343    70.6081 5.9227e+02     3.5015     -0.347     -0.503    21.3786 0.0000e+00
     -0.297      0.190     7.5654     89.465     40.149  35.150057     1.0008      8.388    70.1957 5.9434e+02     3.3949     -0.285     -0.412    20.3575 0.0000e+00
     -0.260      0.178     7.6996     90.176     41.552  36.227736     1.0276      8.424    69.8818 5.9699e+02     3.3382     -0.246     -0.357    19.6916 0.0000e+00
     -0.234      0.168     7.9624     90.989     42.182  36.680334     1.0458      8.463    72.1470 6.2879e+02     3.3963     -0.240     -0.350    19.2505 0.0000e+00
     -0.190      0.162     8.3118     91.352     42.372  36.815289     1.0545      8.506    75.1283 9.0357e+02     3.4481     -0.197     -0.286    18.9787 0.0000e+00
     -0.130      0.153     8.3118     91.569     42.622  37.034528     1.0407      8.551    76.0726 1.3843e+03     3.3843     -0.116     -0.168    18.7667 0.0000e+00
     -0.085      0.140     8.4242     91.511     42.624  37.046807     1.0376      8.599    76.5096 1.6475e+03     3.4103     -0.078     -0.114    18.5713 0.0000e+00
     -0.054      0.122     8.5763     91.104     42.500  36.963770     1.0495      8.645    76.4537 1.6194e+03     3.4898     -0.057     -0.083    18.4364 0.0000e+00
     -0.025      0.096     8.5563     90.846     42.485  36.982374     1.0676      8.687    75.3972 1.4886e+03     3.4566     -0.018     -0.025    18.4283 0.0000e+00
     -0.007      0.069     8.6036     90.789     42.350  36.891067     1.0996      8.725    75.0926 1.3816e+03     3.4189     -0.003     -0.005    18.4439 0.0000e+00
      0.002      0.049     8.6050     90.609     41.946  36.557818     1.1197      8.758    76.5562 1.4096e+03     3.3761     -0.001     -0.002    18.4432 0.0000e+00
      0.011      0.033     8.5266     90.374     41.368  36.062307     1.1106      8.788    78.7245 1.4199e+03     3.3831      0.012      0.017    18.4780 0.0000e+00
      0.018      0.021     8.4957     90.091     40.775  35.531871     1.0983      8.818    80.5737 1.3297e+03     3.4343      0.020      0.028    18.5250 0.0000e+00
      0.020      0.012     8.5091     88.959     40.243  35.030021     1.1211      8.847    82.1373 1.3140e+03     3.4488      0.019      0.028    18.5533 0.0000e+00
      0.020      0.007     8.4786     86.672     39.765  34.562725     1.1696      8.875    83.6057 1.2708e+03     3.4565      0.020      0.028    18.5758 0.0000e+00
      0.020      0.003     8.4426     84.931     39.402  34.196181     1.1851      8.900    85.2504 1.1883e+03     3.3906      0.020      0.029    18.5934 0.0000e+00
      0.020      0.000     8.4522     85.140     39.182  33.960745     1.1667      8.923    86.8802 1.1683e+03     3.3360      0.019      0.028    18.5784 0.0000e+00
      0.020 3.8648e-10     8.4015     86.641     39.048  33.809718     1.1808      8.945    88.1690 1.1630e+03     3.4104      0.019      0.028    18.5237 0.0000e+00
      0.020 4.2513e-09     8.1043     88.311     38.954  33.702414     1.2386      8.966    89.2170 1.1535e+03     3.4699      0.019      0.028    18.4532 0.0000e+00
      0.020 4.6764e-08     7.8846     89.582     38.878  33.614960     1.2754      8.988    89.3131 1.1243e+03     3.4067      0.019      0.028    18.3853 0.0000e+00
      0.020 4.9845e-08     7.9667     90.261     38.783  33.513617     1.2671      9.008    88.0404 1.1044e+03     3.3305      0.019      0.027    18.3273 0.0000e+00
      0.020 4.1507e-08     8.1538     90.383     38.702  33.428708     1.2546      9.027    86.3054 1.1052e+03     3.4024      0.019      0.028    18.2843 0.0000e+00
      0.020 4.1050e-07     8.3309     89.966     38.696  33.413071     1.2671      9.045    85.1123 1.0910e+03     3.5236      0.019      0.028    18.2534 0.0000e+00
      0.020      0.000     8.4619     88.803     38.750  33.451428     1.2679      9.063    84.4555 1.0719e+03     3.4980      0.020      0.028    18.2255 0.0000e+00
      0.020      0.000     8.5283     86.898     38.830  33.511810     1.2390      9.082    84.1281 1.0653e+03     3.3998      0.020      0.029    18.1998 0.0000e+00
      0.020      0.001     8.5363     84.650     38.911  33.572145     1.2250      9.100    84.2525 1.0499e+03     3.3275      0.020      0.029    18.1811 0.0000e+00
      0.020      0.001     8.5141     82.524     38.965  33.609931     1.2159      9.117    84.4106 1.0476e+03     3.3414      0.020      0.028    18.1682 0.0000e+00
      0.020      0.001     8.4076     80.801     39.021  33.651452     1.1947      9.132    84.4049 1.0530e+03     3.4303      0.020      0.029    18.1583 0.0000e+00
      0.020      0.002     8.2110     79.500     39.078  33.693499     1.1772      9.146    84.5274 1.0336e+03     3.4125      0.020      0.028    18.1485 0.0000e+00
      0.021      0.002     7.9854     78.504     39.067  33.674202     1.1547      9.159    84.7732 1.0174e+03     3.3313      0.021      0.030    18.1357 0.0000e+00
      0.022      0.002     7.7761     77.806     39.005  33.608449     1.1384      9.172    85.1405 1.0263e+03     3.3366      0.022      0.032    18.1228 0.0000e+00
      0.022      0.001     7.6154     77.495     38.930  33.532910     1.1547      9.185    85.7848 1.0514e+03     3.4085      0.022      0.032    18.1145 0.0000e+00
      0.023      0.001     7.5006     77.525     38.853  33.458721     1.1857      9.197    86.7121 1.0529e+03     3.4835      0.023      0.033    18.1064 0.0000e+00
      0.023      0.000     7.4084     77.684     38.800  33.409302     1.1883      9.206    87.7482 1.0198e+03     3.4917      0.022      0.032    18.0947 0.0000e+00
      0.023 1.8781e-08     7.3388     77.829     38.768  33.379485     1.2031      9.216    88.6767 1.0272e+03     3.4737      0.022      0.032    18.0787 0.0000e+00
      0.023 2.0660e-07     7.3130     78.087     38.738  33.351975     1.2645      9.225    89.3338 1.0802e+03     3.5039      0.022      0.032    18.0621 0.0000e+00
      0.023 2.0660e-07     7.3269     78.685     38.715  33.330462     1.3145      9.234    89.4990 1.1011e+03     3.5155      0.022      0.032    18.0520 0.0000e+00
      0.023 1.8781e-08     7.3497     79.653     38.694  33.309696     1.3343      9.245    89.1250 1.0691e+03     3.4784      0.023      0.033    18.0484 0.0000e+00
      0.023 1.7074e-09     7.3575     80.831     38.674  33.291220     1.3538      9.255    88.5974 1.0638e+03     3.4296      0.022      0.032    18.0470 0.0000e+00
