Data/DataNotYetUploadedToEDI/Raw_CTD/RawDownloads/041326_fcr50_S7809017.cnv
* Sea-Bird SBE19plus  Data File:
* FileName = C:\R\Reservoirs\Data\DataNotYetUploadedToEDI\Raw_CTD\RawDownloads\051126_FCR_50_S7809_0017.hex
* Software version 2.8.0.119
* Temperature SN = 7809
* Conductivity SN = 7809
* System UpLoad Time = May 11 2026 15:38:08
* <ApplicationData>
* <Seaterm232>
# nquan = 15
# nvalues = 828                         
# units = specified
# name 0 = depFM: Depth [fresh water, m]
# name 1 = dz/dtM: Descent Rate [m/s]
# name 2 = sbeox0Mg/L: Oxygen, SBE 43 [mg/l]
# name 3 = sbeox0PS: Oxygen, SBE 43 [% saturation]
# name 4 = specc: Specific Conductance [uS/cm]
# name 5 = c0uS/cm: Conductivity [uS/cm]
# name 6 = flECO-AFL: Fluorescence, WET Labs ECO-AFL/FL [mg/m^3]
# name 7 = ph: pH
# name 8 = orp: Oxidation Reduction Potential [mV]
# name 9 = par/sat/log: PAR/Logarithmic, Satlantic
# name 10 = turbWETntu0: Turbidity, WET Labs ECO [NTU]
# name 11 = prdM: Pressure, Strain Gauge [db]
# name 12 = prdE: Pressure, Strain Gauge [psi]
# name 13 = tv290C: Temperature [ITS-90, deg C]
# name 14 = flag:  0.000e+00
# span 0 =     -0.573,      9.536       
# span 1 =     -0.075,      0.194       
# span 2 =     1.0347,    13.2842       
# span 3 =      8.462,    122.571       
# span 4 =      2.962,    217.369       
# span 5 =   2.905512, 137.528725       
# span 6 =    -0.0743,    25.4672       
# span 7 =      8.092,     11.478       
# span 8 = -1240.7455,   312.8769       
# span 9 = 1.2364e-01, 1.6475e+03       
# span 10 =     0.3103,    51.4195      
# span 11 =     -0.564,      9.353      
# span 12 =     -0.818,     13.565      
# span 13 =     6.6228,    24.1037      
# span 14 = 0.0000e+00, 0.0000e+00      
# interval = seconds: 0.25
# start_time = Apr 13 2026 11:19:44 [Instrument's time stamp, header]
# bad_flag = -9.990e-29
*END*
[from data line 482]
      3.977      0.036     7.6887     65.774     38.045  25.817780     8.8490     11.038   108.0401 2.3824e+01     3.2033      3.900      5.656     8.9558 0.0000e+00
      3.985      0.036     7.6662     65.783     38.095  25.843029     8.5636     11.035   107.9854 2.3419e+01     3.2862      3.904      5.662     8.9600 0.0000e+00
      3.998      0.036     7.6409     65.782     38.122  25.855608     8.4124     11.031   108.0169 2.3085e+01     3.3191      3.924      5.691     8.9504 0.0000e+00
      4.007      0.035     7.6139     65.743     38.109  25.843030     8.3774     11.027   108.2489 2.2976e+01     3.2941      3.932      5.702     8.9407 0.0000e+00
      4.012      0.035     7.6122     65.666     38.077  25.817787     8.1743     11.023   108.5535 2.2717e+01     3.1879      3.930      5.702     8.9285 0.0000e+00
      4.022      0.034     7.6202     65.546     38.061  25.804075     7.8298     11.018   108.9467 2.2382e+01     3.1284      3.944      5.721     8.9163 0.0000e+00
      4.032      0.033     7.6217     65.385     38.062  25.804071     7.6737     11.014   109.3041 2.2246e+01     3.2235      3.958      5.740     8.9090 0.0000e+00
      4.038      0.032     7.6172     65.195     38.083  25.817741     7.6516     11.010   109.4323 2.2061e+01     3.2792      3.959      5.740     8.9059 0.0000e+00
      4.048      0.033     7.6104     64.983     38.122  25.842516     7.4880     11.006   109.5505 2.1767e+01     3.2211      3.969      5.756     8.9001 0.0000e+00
      4.058      0.034     7.5967     64.763     38.140  25.849940     7.2359     11.002   109.5295 2.1632e+01     3.1705      3.983      5.778     8.8944 0.0000e+00
      4.063      0.034     7.5776     64.582     38.144  25.844070     7.1249     10.999   109.2639 2.1529e+01     3.1785      3.982      5.776     8.8970 0.0000e+00
      4.070      0.035     7.5552     64.418     38.142  25.834958     7.1363     10.995   109.2649 2.1229e+01     3.2505      3.987      5.783     8.8948 0.0000e+00
      4.083      0.037     7.5315     64.160     38.102  25.803188     7.0819     10.991   109.7133 2.0926e+01     3.2550      4.007      5.812     8.8932 0.0000e+00
      4.093      0.038     7.5038     63.844     38.076  25.777036     6.9585     10.987   110.2968 2.0819e+01     3.1649      4.018      5.826     8.8900 0.0000e+00
      4.099      0.040     7.4834     63.512     38.094  25.772435     6.9013     10.982   110.7278 2.0666e+01     3.1517      4.017      5.825     8.8727 0.0000e+00
      4.110      0.044     7.4789     63.109     38.084  25.747530     6.8897     10.977   110.9671 2.0349e+01     3.1972      4.029      5.843     8.8605 0.0000e+00
      4.123      0.049     7.4423     62.638     38.083  25.729576     6.5849     10.972   110.8670 2.0131e+01     3.1687      4.048      5.870     8.8615 0.0000e+00
      4.133      0.054     7.4034     62.109     38.138  25.745607     5.9956     10.967   110.4640 1.9955e+01     3.0801      4.052      5.877     8.8522 0.0000e+00
      4.145      0.060     7.3778     61.550     38.180  25.751070     5.6574     10.960   110.3107 1.9515e+01     3.0486      4.058      5.886     8.8236 0.0000e+00
      4.168      0.068     7.3314     60.965     38.181  25.732182     5.6339     10.951   110.4765 1.9061e+01     3.1292      4.089      5.932     8.7991 0.0000e+00
      4.186      0.075     7.2803     60.250     38.171  25.707486     5.6454     10.942   110.7470 1.8895e+01     3.2012      4.111      5.963     8.7832 0.0000e+00
      4.198      0.077     7.2240     59.426     38.196  25.706134     5.4883     10.936   111.0858 1.8564e+01     3.1673      4.109      5.960     8.7534 0.0000e+00
      4.223      0.076     7.1598     58.583     38.235  25.715817     5.1909     10.931   111.3035 1.7929e+01     3.1642      4.137      5.999     8.7190 0.0000e+00
      4.254      0.072     7.1062     57.591     38.227  25.697702     5.0299     10.927   111.0568 1.7519e+01     3.2313      4.180      6.062     8.6964 0.0000e+00
      4.273      0.069     7.0261     56.374     38.213  25.677355     5.0141     10.922   110.5114 1.7407e+01     3.2611      4.195      6.084     8.6734 0.0000e+00
      4.282      0.065     6.9218     55.065     38.204  25.660060     5.0420     10.917   110.3016 1.7242e+01     3.2511      4.197      6.086     8.6468 0.0000e+00
      4.294      0.058     6.8411     53.784     38.156  25.615407     5.0833     10.912   110.4991 1.6958e+01     3.2123      4.211      6.106     8.6244 0.0000e+00
      4.309      0.052     6.7320     52.601     38.125  25.581397     5.1146     10.908   110.8348 1.6702e+01     3.2021      4.228      6.131     8.6096 0.0000e+00
      4.323      0.049     6.5815     51.586     38.124  25.565935     5.1371     10.904   111.0911 1.6471e+01     3.2310      4.238      6.147     8.5966 0.0000e+00
      4.338      0.045     6.4279     50.774     38.129  25.555289     5.1229     10.899   111.1896 1.6273e+01     3.1513      4.255      6.172     8.5806 0.0000e+00
      4.351      0.039     6.2785     50.196     38.181  25.579497     5.0764     10.895   111.2504 1.6169e+01     2.9907      4.271      6.193     8.5654 0.0000e+00
      4.359      0.031     6.1387     49.900     38.227  25.604941     5.0489     10.892   111.3099 1.6079e+01     2.9277      4.274      6.199     8.5494 0.0000e+00
      4.365      0.024     6.0225     49.874     38.232  25.609239     5.0574     10.888   111.3930 1.6004e+01     3.0050      4.282      6.210     8.5278 0.0000e+00
      4.370      0.015     5.9304     50.057     38.254  25.631469     5.0860     10.884   111.6533 1.5993e+01     3.1061      4.287      6.218     8.5080 0.0000e+00
      4.372      0.005     5.8603     50.423     38.313  25.683462     5.0956     10.881   112.1338 1.5988e+01     3.0916      4.287      6.218     8.4934 0.0000e+00
      4.373     -0.007     5.8283     50.992     38.361  25.730538     5.0736     10.876   112.4704 1.5973e+01     2.9997      4.289      6.220     8.4859 0.0000e+00
      4.373     -0.014     5.8284     51.749     38.370  25.756734     5.0701     10.872   112.4540 1.5996e+01     2.9853      4.290      6.222     8.4859 0.0000e+00
      4.369     -0.012     5.8503     52.660     38.315  25.746524     5.1200     10.868   112.6238 1.6185e+01     3.0882      4.291      6.223     8.4970 0.0000e+00
      4.355      0.002     5.8870     53.709     38.168  25.670549     5.1850     10.862   113.1465 1.6508e+01     3.1850      4.273      6.199     8.5168 0.0000e+00
      4.340      0.021     5.9527     54.858     38.055  25.599199     5.1987     10.855   113.3538 1.6617e+01     3.1998      4.247      6.161     8.5325 0.0000e+00
      4.342      0.039     6.0399     56.016     38.055  25.581462     5.1774     10.847   113.3235 1.6299e+01     3.1640      4.248      6.161     8.5584 0.0000e+00
      4.369      0.053     6.1398     57.067     38.098  25.582917     5.1614     10.841   113.4681 1.5739e+01     3.1628      4.282      6.209     8.5966 0.0000e+00
      4.405      0.061     6.2585     57.871     38.181  25.616757     4.9965     10.837   113.5533 1.5264e+01     3.1846      4.324      6.271     8.6349 0.0000e+00
      4.433      0.062     6.3939     58.218     38.278  25.673494     4.6812     10.833   113.8377 1.5068e+01     3.1541      4.354      6.313     8.6457 0.0000e+00
      4.445      0.055     6.5405     58.018     38.305  25.698126     4.5125     10.829   114.4974 1.5113e+01     3.1361      4.364      6.328     8.6130 0.0000e+00
      4.445      0.046     6.6722     57.394     38.226  25.660902     4.4967     10.825   114.9040 1.5188e+01     3.1381      4.359      6.322     8.5687 0.0000e+00
      4.445      0.041     6.7842     56.531     38.127  25.603961     4.5322     10.820   114.9692 1.5142e+01     3.1441      4.355      6.317     8.5388 0.0000e+00
      4.452      0.046     6.8314     55.569     38.105  25.580459     4.5996     10.816   114.9414 1.4970e+01     3.1394      4.363      6.328     8.5254 0.0000e+00
      4.467      0.057     6.7984     54.590     38.122  25.566993     4.6121     10.812   114.8254 1.4713e+01     3.0818      4.380      6.354     8.5356 0.0000e+00
      4.487      0.071     6.7128     53.633     38.170  25.567952     4.5760     10.807   114.7719 1.4439e+01     3.0626      4.400      6.383     8.5674 0.0000e+00
      4.507      0.081     6.6024     52.709     38.246  25.592027     4.2795     10.802   114.9824 1.4128e+01     3.1464      4.418      6.406     8.5862 0.0000e+00
      4.532      0.086     6.4903     51.831     38.289  25.604377     3.7230     10.798   115.3921 1.3770e+01     3.2412      4.443      6.443     8.5706 0.0000e+00
      4.558      0.088     6.3794     50.972     38.281  25.590407     3.4083     10.793   115.6816 1.3471e+01     3.2181      4.473      6.487     8.5330 0.0000e+00
      4.580      0.091     6.2750     50.036     38.236  25.549945     3.3535     10.788   115.8148 1.3216e+01     3.1064      4.492      6.516     8.4895 0.0000e+00
      4.600      0.095     6.1717     49.003     38.184  25.495665     3.2607     10.782   115.8839 1.2944e+01     3.0855      4.510      6.542     8.4491 0.0000e+00
      4.621      0.099     6.0718     47.980     38.148  25.441463     3.1181     10.777   115.9158 1.2657e+01     3.1367      4.531      6.572     8.4282 0.0000e+00
      4.645      0.102     5.9780     47.026     38.146  25.401919     3.0271     10.773   116.0278 1.2318e+01     3.0772      4.553      6.604     8.4235 0.0000e+00
      4.675      0.107     5.8727     46.169     38.201  25.398025     2.9932     10.769   116.0336 1.1923e+01     2.9456      4.582      6.647     8.4136 0.0000e+00
      4.708      0.110     5.7456     45.447     38.249  25.394338     2.9825     10.764   115.8994 1.1569e+01     2.9119      4.618      6.699     8.3887 0.0000e+00
      4.738      0.108     5.6309     44.872     38.239  25.357307     2.9978     10.760   115.8683 1.1292e+01     3.0457      4.648      6.742     8.3475 0.0000e+00
      4.765      0.101     5.5257     44.444     38.247  25.330767     3.0201     10.756   115.9159 1.1019e+01     3.1974      4.672      6.776     8.2949 0.0000e+00
      4.792      0.091     5.4289     44.149     38.289  25.327101     3.0196     10.752   115.9586 1.0724e+01     3.1747      4.698      6.814     8.2379 0.0000e+00
      4.817      0.081     5.3518     43.987     38.302  25.312945     2.9996     10.747   116.0401 1.0494e+01     3.0778      4.727      6.855     8.1907 0.0000e+00
      4.835      0.074     5.2863     43.929     38.287  25.286415     2.9861     10.743   116.1276 1.0400e+01     3.1198      4.746      6.883     8.1560 0.0000e+00
      4.845      0.071     5.2440     43.914     38.272  25.259998     2.9732     10.740   115.8981 1.0318e+01     3.2723      4.750      6.890     8.1145 0.0000e+00
      4.856      0.069     5.2136     43.944     38.282  25.247201     2.9609     10.737   115.5012 1.0116e+01     3.3513      4.758      6.901     8.0664 0.0000e+00
      4.875      0.069     5.1985     44.039     38.325  25.258505     2.9446     10.734   115.3730 9.8789e+00     3.2893      4.781      6.934     8.0379 0.0000e+00
      4.898      0.071     5.1992     44.165     38.358  25.269819     2.9098     10.731   115.4663 9.6804e+00     3.2053      4.803      6.968     8.0224 0.0000e+00
      4.920      0.074     5.1983     44.285     38.343  25.257144     2.8737     10.727   115.7690 9.5008e+00     3.2231      4.825      6.999     7.9997 0.0000e+00
      4.940      0.078     5.2035     44.369     38.305  25.232099     2.8405     10.722   116.1932 9.3610e+00     3.1976      4.847      7.029     7.9729 0.0000e+00
      4.955      0.079     5.2210     44.401     38.292  25.220673     2.8005     10.717   116.3806 9.2591e+00     3.1017      4.860      7.048     7.9477 0.0000e+00
      4.970      0.078     5.2384     44.395     38.343  25.245824     2.7303     10.713   116.2272 9.1009e+00     3.0885      4.871      7.063     7.9345 0.0000e+00
      4.992      0.078     5.2542     44.355     38.418  25.282515     2.6404     10.710   115.9732 8.8494e+00     3.1412      4.893      7.095     7.9326 0.0000e+00
      5.020      0.078     5.2654     44.274     38.433  25.283772     2.6054     10.706   115.8908 8.6366e+00     3.2266      4.926      7.146     7.9340 0.0000e+00
      5.042      0.077     5.2676     44.156     38.406  25.261015     2.6062     10.701   116.0054 8.5334e+00     3.2327      4.949      7.179     7.9345 0.0000e+00
      5.057      0.074     5.2685     44.013     38.416  25.261035     2.5925     10.697   116.2408 8.4194e+00     3.2150      4.957      7.189     7.9213 0.0000e+00
      5.073      0.069     5.2674     43.850     38.463  25.284015     2.5976     10.693   116.4142 8.2636e+00     3.3538      4.973      7.212     7.8995 0.0000e+00
      5.092      0.064     5.2587     43.670     38.472  25.285169     2.6261     10.689   116.3804 8.1592e+00     3.4417      4.995      7.245     7.8895 0.0000e+00
      5.109      0.061     5.2439     43.465     38.467  25.274982     2.6365     10.685   116.4350 8.0741e+00     3.4240      5.010      7.267     7.8884 0.0000e+00
      5.124      0.058     5.2287     43.241     38.500  25.287677     2.6154     10.681   116.5580 7.9383e+00     3.4470      5.023      7.286     7.8782 0.0000e+00
      5.139      0.053     5.2102     43.031     38.545  25.311817     2.5882     10.678   116.4908 7.8283e+00     3.5150      5.041      7.311     7.8630 0.0000e+00
      5.151      0.047     5.1904     42.842     38.550  25.313172     2.5911     10.675   116.4823 7.7874e+00     3.6660      5.052      7.327     7.8610 0.0000e+00
      5.162      0.041     5.1670     42.663     38.543  25.304063     2.6078     10.671   116.6285 7.7380e+00     3.7353      5.060      7.339     7.8528 0.0000e+00
      5.173      0.039     5.1402     42.508     38.590  25.328516     2.5984     10.668   116.7089 7.6685e+00     3.6351      5.075      7.361     7.8348 0.0000e+00
      5.181      0.041     5.1155     42.389     38.647  25.355144     2.6029     10.665   116.7658 7.6351e+00     3.5475      5.084      7.374     7.8310 0.0000e+00
      5.185      0.046     5.0943     42.278     38.703  25.372331     2.6455     10.660   117.0585 7.6071e+00     3.5300      5.084      7.373     7.8320 0.0000e+00
      5.193      0.050     5.0729     42.172     38.799  25.409462     2.6728     10.655   117.4947 7.4991e+00     3.5264      5.087      7.379     7.8248 0.0000e+00
      5.211      0.053     5.0540     42.112     38.861  25.423551     2.6659     10.651   117.6526 7.3336e+00     3.4700      5.108      7.408     7.8154 0.0000e+00
      5.233      0.057     5.0434     42.081     38.888  25.415809     2.6284     10.648   117.5906 7.2156e+00     3.4289      5.135      7.447     7.8074 0.0000e+00
      5.250      0.060     5.0346     42.015     38.962  25.442677     2.5947     10.645   117.6052 7.1616e+00     3.5409      5.150      7.471     7.7793 0.0000e+00
      5.261      0.060     5.0223     41.885     39.073  25.494702     2.5989     10.644   117.6576 7.1005e+00     3.6635      5.159      7.482     7.7422 0.0000e+00
      5.274      0.057     5.0205     41.690     39.175  25.537457     2.5968     10.642   117.6223 7.0051e+00     3.6480      5.171      7.499     7.7103 0.0000e+00
      5.289      0.055     5.0255     41.447     39.276  25.579090     2.5770     10.637   117.6086 6.9079e+00     3.5917      5.187      7.523     7.6732 0.0000e+00
      5.304      0.055     5.0210     41.177     39.370  25.617530     2.5685     10.633   117.7492 6.8253e+00     3.5640      5.201      7.544     7.6472 0.0000e+00
      5.318      0.056     5.0089     40.889     39.405  25.621680     2.5765     10.632   117.8605 6.7477e+00     3.5856      5.215      7.563     7.6256 0.0000e+00
      5.332      0.058     4.9884     40.575     39.440  25.629255     2.5910     10.630   117.9217 6.6787e+00     3.6476      5.228      7.583     7.5931 0.0000e+00
