Data/DataNotYetUploadedToEDI/Raw_CTD/RawDownloads/041425_fcr50_S7809004.cnv
* Sea-Bird SBE19plus  Data File:
* FileName = C:\R\Reservoirs\Data\DataNotYetUploadedToEDI\Raw_CTD\RawDownloads\033125_fcr50_S7809_0004.hex
* Software version 2.8.0.119
* Temperature SN = 7809
* Conductivity SN = 7809
* System UpLoad Time = Apr 14 2025 16:47:10
* <ApplicationData>
* <Seaterm232>
# nquan = 15
# nvalues = 1837                        
# units = specified
# name 0 = depFM: Depth [fresh water, m]
# name 1 = dz/dtM: Descent Rate [m/s]
# name 2 = sbeox0Mg/L: Oxygen, SBE 43 [mg/l]
# name 3 = sbeox0PS: Oxygen, SBE 43 [% saturation]
# name 4 = specc: Specific Conductance [uS/cm]
# name 5 = c0uS/cm: Conductivity [uS/cm]
# name 6 = flECO-AFL: Fluorescence, WET Labs ECO-AFL/FL [mg/m^3]
# name 7 = ph: pH
# name 8 = orp: Oxidation Reduction Potential [mV]
# name 9 = par/sat/log: PAR/Logarithmic, Satlantic
# name 10 = turbWETntu0: Turbidity, WET Labs ECO [NTU]
# name 11 = prdM: Pressure, Strain Gauge [db]
# name 12 = prdE: Pressure, Strain Gauge [psi]
# name 13 = tv290C: Temperature [ITS-90, deg C]
# name 14 = flag:  0.000e+00
# span 0 =     -0.698,      9.525       
# span 1 =     -0.275,      0.202       
# span 2 =     4.4213,    11.9970       
# span 3 =     38.218,    103.030       
# span 4 =      0.855,    157.139       
# span 5 =   0.759329, 106.264934       
# span 6 =    -1.8872,    10.9519       
# span 7 =      5.937,     11.239       
# span 8 = -1240.7455,  1206.3666       
# span 9 = 1.2368e-01, 1.6652e+03       
# span 10 =   -11.3930,   953.0133      
# span 11 =     -0.685,      9.342      
# span 12 =     -0.993,     13.549      
# span 13 =     8.6353,    19.5024      
# span 14 = 0.0000e+00, 0.0000e+00      
# interval = seconds: 0.25
# start_time = Apr 14 2025 09:59:45 [Instrument's time stamp, header]
# bad_flag = -9.990e-29
*END*
     -0.697 -4.357e-20     8.3621     91.099      1.013   0.901609    -0.0501      5.937   636.0932 1.4403e+02     4.4948     -0.684     -0.991    19.5024 0.0000e+00
     -0.697 -8.759e-21     8.3696     91.106      0.985   0.876326    -0.0348      6.822   826.5856 1.4176e+02     4.5703     -0.685     -0.993    19.5006 0.0000e+00
     -0.697 -5.357e-20     8.3686     91.136      0.942   0.837897    -0.0399      7.971   344.9704 1.3875e+02     4.5872     -0.684     -0.992    19.4984 0.0000e+00
     -0.697 -5.854e-19     8.3683     91.163      0.918   0.817017    -0.0531      8.851  -423.7701 1.3808e+02     4.5281     -0.684     -0.991    19.4971 0.0000e+00
     -0.697 -6.439e-18     8.3651     91.180      0.914   0.813883    -0.0531     10.004  -814.5681 1.3922e+02     4.4704     -0.683     -0.991    19.4958 0.0000e+00
     -0.697 -7.083e-17     8.3660     91.175      0.899   0.800006    -0.0572     10.549  -934.4345 1.3765e+02     4.4020     -0.684     -0.992    19.4948 0.0000e+00
     -0.697 -7.792e-16     8.3708     91.158      0.872   0.775910    -0.0697     10.483  -928.2671 1.3285e+02     4.3150     -0.684     -0.991    19.4937 0.0000e+00
     -0.697 -8.571e-15     8.3726     91.158      0.872   0.775898    -0.0702     10.630  -844.0201 1.2754e+02     4.4098     -0.684     -0.991    19.4922 0.0000e+00
     -0.697 -9.428e-14     8.3757     91.187      0.899   0.799864    -0.0561     10.886  -855.7041 1.2223e+02     4.6938     -0.684     -0.991    19.4903 0.0000e+00
     -0.697 -1.037e-12     8.3749     91.204      0.913   0.812314    -0.0484     11.017  -882.7452 1.1701e+02     4.8114     -0.684     -0.991    19.4888 0.0000e+00
     -0.697 -1.141e-11     8.3728     91.185      0.899   0.799750    -0.0684     11.113  -821.3946 1.1422e+02     4.7390     -0.684     -0.992    19.4874 0.0000e+00
     -0.697 -1.255e-10     8.3715     91.170      0.871   0.774641    -0.0814     11.105  -745.1894 1.1693e+02     4.7408     -0.684     -0.991    19.4858 0.0000e+00
     -0.697 -1.380e-09     8.3770     91.176      0.857   0.762079    -0.0643     10.915  -742.5917 1.2364e+02     4.7640     -0.684     -0.992    19.4845 0.0000e+00
     -0.697 -1.518e-08     8.3802     91.186      0.871   0.774539    -0.0611     10.331  -535.5674 1.2948e+02     4.7125     -0.684     -0.992    19.4830 0.0000e+00
     -0.698 -1.670e-07     8.3762     91.196      0.898   0.798618    -0.0763      9.128   183.8356 1.3345e+02     4.6650     -0.684     -0.992    19.4811 0.0000e+00
     -0.698 -3.062e-07     8.3745     91.198      0.899   0.799854    -0.0736      7.745   929.2521 1.3494e+02     4.2240     -0.685     -0.993    19.4793 0.0000e+00
     -0.698 -1.670e-07     8.3769     91.186      0.888   0.789490    -0.0531      6.942  1206.3666 1.2334e+02     3.3425     -0.684     -0.992    19.4772 0.0000e+00
     -0.698 -1.519e-08     8.3778     91.188      0.900   0.799981    -0.0455      6.839  1175.6364 1.0444e+02     2.8195     -0.684     -0.992    19.4744 0.0000e+00
     -0.697 -1.381e-09     8.3794     91.196      0.900   0.800025    -0.0644      6.978  1099.0550 9.8275e+01     2.7172     -0.683     -0.991    19.4714 0.0000e+00
     -0.697 -1.255e-10     8.3814     91.193      0.889   0.790029    -0.0725      7.234   821.7867 9.4412e+01     2.4811     -0.684     -0.992    19.4684 0.0000e+00
     -0.697 -1.141e-11     8.3782     91.200      0.907   0.805792    -0.0608      7.871   155.0452 8.5125e+01     2.0486     -0.684     -0.992    19.4652 0.0000e+00
     -0.697 -1.037e-12     8.3798     91.209      0.972   0.863935    -0.0649      8.674  -372.6273 8.0142e+01     1.7923     -0.684     -0.992    19.4619 0.0000e+00
     -0.697 -9.430e-14     8.3829     91.213      1.038   0.922975    -0.0721      9.310  -476.1744 7.6882e+01     1.8072     -0.684     -0.992    19.4587 0.0000e+00
     -0.697 -8.570e-15     8.3805     91.239      0.997   0.886226    -0.0649      9.558  -455.9427 7.1986e+01     1.8529     -0.685     -0.993    19.4546 0.0000e+00
     -0.697 -7.790e-16     8.3836     91.260      0.899   0.799655    -0.0691      9.333  -294.9239 7.0282e+01     1.8673     -0.684     -0.992    19.4480 0.0000e+00
     -0.698 -7.085e-17     8.3867     91.259      0.858   0.763013    -0.0813      8.844   164.7862 7.7667e+01     1.9468     -0.685     -0.993    19.4418 0.0000e+00
     -0.698 -6.440e-18     8.3844     91.261      0.855   0.759888    -0.0708      8.206   542.2062 8.8060e+01     2.0632     -0.684     -0.992    19.4379 0.0000e+00
     -0.698 -5.855e-19     8.3900     91.268      0.858   0.761869    -0.0587      7.846   255.9895 9.1096e+01     2.0787     -0.685     -0.993    19.4346 0.0000e+00
     -0.698 -5.320e-20     8.3934     91.269      0.886   0.786969    -0.0683      8.303  -387.6228 9.2981e+01     1.9636     -0.685     -0.993    19.4312 0.0000e+00
     -0.698 -4.840e-21     8.3916     91.263      0.912   0.810008    -0.0783      9.310  -757.3716 1.3005e+02     1.7986     -0.684     -0.992    19.4280 0.0000e+00
     -0.698 -4.547e-22     8.3929     91.255      0.886   0.787079    -0.0710      9.967  -765.5551 5.0357e+02     1.7230     -0.684     -0.992    19.4250 0.0000e+00
     -0.698 -2.030e-22     8.3946     91.257      0.860   0.763095    -0.0558     10.037  -714.5729 1.1731e+03     1.7665     -0.685     -0.993    19.4214 0.0000e+00
     -0.698 -1.797e-21     8.3953     91.268      0.871   0.773375    -0.0609     10.013  -818.0799 1.5432e+03     1.8467     -0.684     -0.992    19.4167 0.0000e+00
     -0.698 -1.973e-20     8.3958     91.273      0.884   0.784694    -0.0824      9.917  -836.6769 1.4732e+03     1.9416     -0.684     -0.992    19.4120 0.0000e+00
     -0.698 -2.170e-19     8.3949     91.261      0.871   0.773273    -0.0828      9.567  -766.5749 1.0072e+03     2.0255     -0.684     -0.992    19.4077 0.0000e+00
     -0.698 -2.387e-18     8.3957     91.252      0.858   0.761963    -0.0653      9.203  -854.7932 4.0105e+02     2.0405     -0.685     -0.993    19.4040 0.0000e+00
     -0.698 -2.626e-17     8.3979     91.257      0.872   0.774630    -0.0627      9.249  -950.7765 1.2742e+02     2.1239     -0.684     -0.992    19.4012 0.0000e+00
     -0.698 -2.888e-16     8.3996     91.262      0.901   0.799749    -0.0683      9.796  -917.5159 1.0088e+02     2.3845     -0.685     -0.993    19.3990 0.0000e+00
     -0.698 -3.177e-15     8.3976     91.271      0.915   0.812313    -0.0579     10.420  -873.1157 9.6888e+01     2.5619     -0.684     -0.992    19.3971 0.0000e+00
     -0.698 -3.495e-14     8.3965     91.273      0.901   0.799863    -0.0529     10.839  -857.9863 9.5564e+01     2.5261     -0.685     -0.993    19.3944 0.0000e+00
     -0.698 -3.844e-13     8.3993     91.278      0.874   0.775898    -0.0666     11.098  -857.7963 9.5718e+01     2.4306     -0.684     -0.992    19.3907 0.0000e+00
     -0.698 -4.228e-12     8.3988     91.288      0.874   0.775908    -0.0656     11.192  -879.2503 9.6848e+01     2.4317     -0.685     -0.993    19.3862 0.0000e+00
     -0.698 -4.651e-11     8.4024     91.302      0.901   0.799978    -0.0576     11.154  -894.1129 9.8547e+01     2.5052     -0.684     -0.992    19.3808 0.0000e+00
     -0.698 -5.116e-10     8.4021     91.319      0.916   0.813570    -0.0614     11.104  -885.0369 1.0171e+02     2.4991     -0.684     -0.992    19.3759 0.0000e+00
     -0.698 -5.628e-09     8.4031     91.319      0.916   0.813570    -0.0695     10.999  -869.4044 1.2318e+02     2.4609     -0.685     -0.993    19.3731 0.0000e+00
     -0.698 -6.191e-08     8.4049     91.306      0.901   0.799978    -0.0729     10.863  -865.5663 3.3262e+02     2.6237     -0.684     -0.992    19.3711 0.0000e+00
     -0.698 -1.135e-07     8.4055     91.296      0.874   0.775908    -0.0522     10.923  -868.3136 7.0493e+02     2.9645     -0.684     -0.992    19.3696 0.0000e+00
     -0.698 -6.190e-08     8.4089     91.299      0.874   0.775898    -0.0443     11.131  -863.9045 7.1439e+02     3.1318     -0.684     -0.992    19.3690 0.0000e+00
     -0.698 -5.630e-09     8.4082     91.309      0.901   0.799863    -0.0777     11.239  -862.7609 3.4100e+02     3.0743     -0.684     -0.992    19.3693 0.0000e+00
     -0.698 -5.115e-10     8.4062     91.313      0.915   0.812313    -0.0890     11.103  -853.1950 1.1742e+02     2.9533     -0.684     -0.992    19.3705 0.0000e+00
     -0.698 -4.651e-11     8.4046     91.308      0.901   0.799740    -0.0720     10.651  -780.8533 9.0280e+01     2.7957     -0.685     -0.993    19.3714 0.0000e+00
     -0.698 -4.228e-12     8.4055     91.305      0.873   0.774528    -0.0722      9.981  -674.3324 8.3961e+01     2.6720     -0.684     -0.992    19.3717 0.0000e+00
     -0.698 -3.844e-13     8.4067     91.312      0.857   0.760833    -0.0664      9.364  -654.4306 7.9942e+01     2.6528     -0.685     -0.993    19.3719 0.0000e+00
     -0.698 -3.495e-14     8.4072     91.312      0.857   0.760834    -0.0433      8.979  -755.8373 7.8051e+01     2.3247     -0.685     -0.993    19.3718 0.0000e+00
     -0.698 -3.177e-15     8.4065     91.306      0.872   0.774539    -0.0433      8.849  -908.3133 7.9935e+01     1.5404     -0.684     -0.992    19.3723 0.0000e+00
     -0.698 -2.888e-16     8.4049     91.311      0.901   0.799864    -0.0657      8.936 -1027.0783 8.3023e+01     1.0604     -0.685     -0.993    19.3737 0.0000e+00
     -0.698 -2.626e-17     8.4069     91.317      0.917   0.813682    -0.0648      9.222 -1032.3490 8.6339e+01     1.0639     -0.684     -0.992    19.3748 0.0000e+00
     -0.698 -2.387e-18     8.4066     91.321      0.918   0.814928    -0.0488      9.673  -919.0407 9.0524e+01     1.1047     -0.685     -0.993    19.3756 0.0000e+00
     -0.698 -2.170e-19     8.4044     91.322      0.918   0.814928    -0.0477      9.977  -730.6762 9.4426e+01     1.1099     -0.684     -0.992    19.3760 0.0000e+00
     -0.698 -1.974e-20     8.4062     91.316      0.917   0.813682    -0.0507     10.010  -557.2861 9.7569e+01     1.1608     -0.684     -0.992    19.3759 0.0000e+00
     -0.698 -1.962e-21     8.4071     91.320      0.902   0.799864    -0.0601     10.012  -471.1934 1.0067e+02     1.2425     -0.684     -0.992    19.3746 0.0000e+00
     -0.698 -2.016e-21     8.4073     91.331      0.873   0.774529    -0.0612      9.931  -420.8986 1.0287e+02     1.3116     -0.684     -0.992    19.3717 0.0000e+00
     -0.698 -2.039e-20     8.4092     91.323      0.857   0.760719    -0.0483      9.683  -415.5090 1.0425e+02     1.2452     -0.685     -0.993    19.3678 0.0000e+00
     -0.698 -2.242e-19     8.4080     91.317      0.856   0.759576    -0.0538      9.354  -484.4961 1.0705e+02     1.0544     -0.684     -0.992    19.3638 0.0000e+00
     -0.698 -2.466e-18     8.4084     91.332      0.858   0.760708    -0.0610      8.959  -561.7111 1.1191e+02     0.9855     -0.684     -0.992    19.3605 0.0000e+00
     -0.698 -2.713e-17     8.4125     91.348      0.873   0.774404    -0.0523      8.489  -599.7928 1.1747e+02     1.0271     -0.685     -0.993    19.3579 0.0000e+00
     -0.697 -2.984e-16     8.4102     91.351      0.900   0.798492    -0.0569      7.975  -608.0952 1.2197e+02     1.0786     -0.684     -0.992    19.3551 0.0000e+00
     -0.697 -3.282e-15     8.4095     91.347      0.900   0.798597    -0.0674      7.493  -611.1592 1.2632e+02     1.1982     -0.684     -0.991    19.3518 0.0000e+00
     -0.697 -3.610e-14     8.4129     91.352      0.874   0.775669    -0.0628      7.123  -626.1702 1.3351e+02     1.3122     -0.684     -0.992    19.3477 0.0000e+00
     -0.697 -3.971e-13     8.4155     91.366      0.873   0.774631    -0.0674      6.888  -661.2224 1.4238e+02     1.2962     -0.684     -0.992    19.3428 0.0000e+00
     -0.697 -4.369e-12     8.4166     91.377      0.887   0.786054    -0.0807      6.756  -705.3550 1.5080e+02     1.2428     -0.684     -0.991    19.3380 0.0000e+00
     -0.697 -4.805e-11     8.4158     91.372      0.888   0.787101    -0.0746      6.699  -741.8820 1.5883e+02     1.2822     -0.683     -0.991    19.3333 0.0000e+00
     -0.697 -5.286e-10     8.4175     91.358      0.888   0.787290    -0.0603      6.695  -770.9273 1.6455e+02     1.2944     -0.684     -0.991    19.3281 0.0000e+00
     -0.697 -5.815e-09     8.4199     91.356      0.889   0.788336    -0.0662      6.722  -804.4444 1.6611e+02     1.2198     -0.684     -0.991    19.3239 0.0000e+00
     -0.697 -6.396e-08     8.4219     91.369      0.902   0.799749    -0.0787      6.763  -845.3083 1.6682e+02     1.2001     -0.684     -0.991    19.3211 0.0000e+00
     -0.697 -1.576e-07     8.4217     91.385      0.900   0.798607    -0.0698      6.811  -893.8365 1.7128e+02     1.2611     -0.684     -0.992    19.3192 0.0000e+00
     -0.697 -1.487e-07     8.4194     91.388      0.873   0.774527    -0.0500      6.905  -963.3212 1.8003e+02     1.3425     -0.684     -0.991    19.3193 0.0000e+00
     -0.697 -6.032e-08     8.4187     91.370      0.859   0.761955    -0.0485      7.150 -1061.1410 2.0292e+02     1.3639     -0.684     -0.991    19.3212 0.0000e+00
     -0.697 -7.765e-08     8.4204     91.360      0.872   0.773281    -0.0680      7.604 -1138.9972 3.7319e+02     1.2806     -0.684     -0.991    19.3231 0.0000e+00
     -0.697 -1.338e-07     8.4216     91.382      0.885   0.784788    -0.0687      8.081 -1171.7055 7.6924e+02     1.1891     -0.683     -0.991    19.3246 0.0000e+00
     -0.697 -7.280e-08     8.4227     91.400      0.873   0.774403    -0.0487      8.259 -1203.6593 9.0930e+02     1.1114     -0.684     -0.992    19.3264 0.0000e+00
     -0.697 -6.620e-09     8.4193     91.389      0.873   0.774402    -0.0507      8.104 -1232.4698 8.1239e+02     1.0254     -0.684     -0.992    19.3290 0.0000e+00
     -0.697 -6.015e-10     8.4157     91.370      0.885   0.784777    -0.0607      7.876 -1239.9931 9.8989e+02     1.0366     -0.684     -0.992    19.3324 0.0000e+00
     -0.697 -5.470e-11     8.4199     91.365      0.872   0.773167    -0.0525      7.722 -1240.6771 1.1449e+03     1.1781     -0.683     -0.991    19.3352 0.0000e+00
     -0.697 -4.973e-12     8.4221     91.379      0.857   0.760699    -0.0514      7.636 -1240.7393 1.0602e+03     1.2680     -0.683     -0.991    19.3374 0.0000e+00
     -0.697 -4.521e-13     8.4195     91.413      0.857   0.760708    -0.0725      7.583 -1240.7450 9.2555e+02     1.2353     -0.683     -0.991    19.3394 0.0000e+00
     -0.697 -4.110e-14     8.4164     91.436      0.872   0.773282    -0.0832      7.539 -1240.7455 8.3565e+02     1.2611     -0.683     -0.991    19.3416 0.0000e+00
     -0.697 -3.736e-15     8.4162     91.422      0.886   0.786044    -0.0723      7.498 -1240.7455 7.3465e+02     1.2376     -0.684     -0.991    19.3435 0.0000e+00
     -0.697 -3.397e-16     8.4163     91.402      0.888   0.788337    -0.0733      7.464 -1240.7455 5.5084e+02     1.0540     -0.684     -0.992    19.3452 0.0000e+00
     -0.697 -3.155e-17     8.4204     91.401      0.903   0.801006    -0.0865      7.444 -1240.7455 3.4049e+02     0.9546     -0.684     -0.991    19.3469 0.0000e+00
     -0.697 -1.019e-17     8.4242     91.411      0.916   0.812540    -0.0908      7.438 -1240.7455 2.0554e+02     0.9926     -0.683     -0.990    19.3483 0.0000e+00
     -0.697 -8.150e-17     8.4204     91.420      0.903   0.801119    -0.0838      7.443 -1240.7455 1.6216e+02     1.0011     -0.683     -0.991    19.3490 0.0000e+00
     -0.697 -8.938e-16     8.4180     91.416      0.890   0.789593    -0.0769      7.450 -1240.7455 1.4736e+02     0.8854     -0.684     -0.991    19.3489 0.0000e+00
     -0.697 -9.831e-15     8.4186     91.395      0.902   0.799863    -0.0823      7.454 -1240.7455 1.4250e+02     0.7560     -0.683     -0.991    19.3490 0.0000e+00
     -0.697 -1.081e-13     8.4197     91.391      0.900   0.798608    -0.0826      7.453 -1240.7455 1.3624e+02     0.7691     -0.683     -0.991    19.3500 0.0000e+00
     -0.697 -1.190e-12     8.4200     91.417      0.873   0.774424    -0.0803      7.445 -1240.7455 1.2893e+02     0.8391     -0.684     -0.991    19.3516 0.0000e+00
