Data/DataNotYetUploadedToEDI/Raw_CTD/RawDownloads/041425_fcr50_S7809004.cnv
* Sea-Bird SBE19plus  Data File:
* FileName = C:\R\Reservoirs\Data\DataNotYetUploadedToEDI\Raw_CTD\RawDownloads\033125_fcr50_S7809_0004.hex
* Software version 2.8.0.119
* Temperature SN = 7809
* Conductivity SN = 7809
* System UpLoad Time = Apr 14 2025 16:47:10
* <ApplicationData>
* <Seaterm232>
# nquan = 15
# nvalues = 1837                        
# units = specified
# name 0 = depFM: Depth [fresh water, m]
# name 1 = dz/dtM: Descent Rate [m/s]
# name 2 = sbeox0Mg/L: Oxygen, SBE 43 [mg/l]
# name 3 = sbeox0PS: Oxygen, SBE 43 [% saturation]
# name 4 = specc: Specific Conductance [uS/cm]
# name 5 = c0uS/cm: Conductivity [uS/cm]
# name 6 = flECO-AFL: Fluorescence, WET Labs ECO-AFL/FL [mg/m^3]
# name 7 = ph: pH
# name 8 = orp: Oxidation Reduction Potential [mV]
# name 9 = par/sat/log: PAR/Logarithmic, Satlantic
# name 10 = turbWETntu0: Turbidity, WET Labs ECO [NTU]
# name 11 = prdM: Pressure, Strain Gauge [db]
# name 12 = prdE: Pressure, Strain Gauge [psi]
# name 13 = tv290C: Temperature [ITS-90, deg C]
# name 14 = flag:  0.000e+00
# span 0 =     -0.698,      9.525       
# span 1 =     -0.275,      0.202       
# span 2 =     4.4213,    11.9970       
# span 3 =     38.218,    103.030       
# span 4 =      0.855,    157.139       
# span 5 =   0.759329, 106.264934       
# span 6 =    -1.8872,    10.9519       
# span 7 =      5.937,     11.239       
# span 8 = -1240.7455,  1206.3666       
# span 9 = 1.2368e-01, 1.6652e+03       
# span 10 =   -11.3930,   953.0133      
# span 11 =     -0.685,      9.342      
# span 12 =     -0.993,     13.549      
# span 13 =     8.6353,    19.5024      
# span 14 = 0.0000e+00, 0.0000e+00      
# interval = seconds: 0.25
# start_time = Apr 14 2025 09:59:45 [Instrument's time stamp, header]
# bad_flag = -9.990e-29
*END*
[from data line 1446]
      8.928      0.093    11.8372    101.730     35.077  23.637536     1.9841      7.470   323.0083 1.6957e-01     4.9761      8.752     12.695     8.6907 0.0000e+00
      8.950      0.092    11.8364    101.740     35.042  23.613426     2.1527      7.470   322.6474 1.6550e-01     5.1155      8.776     12.730     8.6912 0.0000e+00
      8.974      0.096    11.8424    101.721     35.024  23.600830     2.2621      7.471   322.5631 1.5510e-01     5.2333      8.802     12.765     8.6914 0.0000e+00
      8.998      0.101    11.8433    101.703     35.041  23.612055     2.2659      7.471   322.8493 1.4441e-01     5.2382      8.821     12.793     8.6912 0.0000e+00
      9.027      0.102    11.8464    101.717     35.056  23.622329     2.1906      7.470   323.6978 1.4260e-01     5.2092      8.850     12.835     8.6910 0.0000e+00
      9.060      0.100    11.8495    101.739     35.020  23.598220     2.0831      7.469   323.9604 1.4048e-01     5.2237      8.889     12.891     8.6907 0.0000e+00
      9.089      0.095    11.8454    101.744     34.984  23.574217     2.0405      7.470   322.5838 1.3575e-01     5.2777      8.919     12.934     8.6905 0.0000e+00
      9.108      0.090    11.8412    101.753     35.001  23.585758     2.0424      7.471   320.2166 1.3774e-01     5.3491      8.933     12.956     8.6905 0.0000e+00
      9.126      0.086    11.8440    101.767     35.039  23.610934     2.0309      7.471   318.8280 1.4748e-01     5.6092      8.948     12.976     8.6907 0.0000e+00
      9.146      0.086    11.8496    101.776     35.060  23.624960     2.0099      7.471   318.4422 1.4857e-01     6.1342      8.970     13.010     8.6907 0.0000e+00
      9.166      0.092    11.8468    101.806     35.065  23.628523     2.0127      7.472   318.5635 1.3639e-01     6.5036      8.989     13.038     8.6908 0.0000e+00
      9.186      0.099    11.8484    101.849     35.103  23.654003     2.0395      7.474   319.0037 1.2806e-01     6.6259      9.005     13.060     8.6909 0.0000e+00
      9.212      0.104    11.8521    101.882     35.141  23.679380     2.1257      7.474   318.9458 1.2579e-01     7.6809      9.031     13.099     8.6908 0.0000e+00
      9.247      0.103    11.8497    101.918     35.144  23.681695     2.2729      7.475   318.2943 1.2435e-01     9.6961      9.069     13.153     8.6906 0.0000e+00
      9.282      0.099    11.8544    101.952     35.144  23.682001     2.3545      7.475   317.4072 1.2416e-01    10.9396      9.106     13.208     8.6906 0.0000e+00
      9.309      0.090    11.8617    101.954     35.146  23.683086     2.3965      7.475   316.7379 1.2543e-01    12.4673      9.131     13.246     8.6905 0.0000e+00
      9.326      0.077    11.8632    101.919     35.164  23.694808     2.7810      7.474   316.4827 1.2678e-01    27.5523      9.147     13.268     8.6905 0.0000e+00
      9.340      0.064    11.8678    101.835     35.168  23.696902     3.4741      7.474   316.3859 1.2542e-01    55.1229      9.159     13.284     8.6903 0.0000e+00
      9.353      0.054    11.8744    101.686     35.185  23.708403     3.8521      7.474   316.2563 1.2391e-01    70.1886      9.174     13.305     8.6901 0.0000e+00
      9.365      0.051    11.8738    101.465     35.277  23.770443     3.8886      7.474   316.2925 1.2378e-01    71.7063      9.186     13.322     8.6898 0.0000e+00
      9.375      0.053    11.8707    101.198     35.810  24.129948     3.8236      7.473   317.6846 1.2378e-01    72.7554      9.193     13.334     8.6896 0.0000e+00
      9.386      0.056    11.8615    100.952     40.412  27.230758     3.0584      7.474   319.6655 1.2375e-01    82.7370      9.204     13.349     8.6895 0.0000e+00
      9.401      0.057    11.8447    100.776     49.591  33.415147     1.6694      7.475   319.9381 1.2373e-01   101.1191      9.218     13.368     8.6894 0.0000e+00
      9.420      0.056    11.8184    100.671     65.354  44.034533     0.9207      7.476   319.4315 1.2375e-01   111.0288      9.236     13.396     8.6896 0.0000e+00
      9.440      0.054    11.7835    100.605     90.701  61.107838     0.8392      7.477   318.7028 1.2372e-01   109.6411      9.259     13.430     8.6895 0.0000e+00
      9.455      0.050    11.7530    100.548    112.803  75.986779     0.6088      7.477   318.6989 1.2371e-01    83.2821      9.275     13.453     8.6895 0.0000e+00
      9.464      0.044    11.7314    100.437    123.536  83.198602     0.1911      7.477   320.5032 1.2380e-01    34.6507      9.283     13.463     8.6892 0.0000e+00
      9.471      0.039    11.7223    100.131    128.566  86.567016    -0.0495      7.477   321.1587 1.2384e-01     8.0396      9.288     13.471     8.6878 0.0000e+00
      9.479      0.034    11.7136     99.404    131.610  88.600705    -0.0783      7.478   320.6887 1.2383e-01     5.6324      9.295     13.482     8.6861 0.0000e+00
      9.487      0.030    11.7105     98.108    133.859  90.102885    -0.0741      7.479   321.1878 1.2386e-01     5.6135      9.304     13.495     8.6809 0.0000e+00
      9.496      0.028    11.7045     96.298    135.754  91.369475    -0.0732      7.480   320.8262 1.2386e-01     5.8638      9.313     13.507     8.6718 0.0000e+00
      9.505      0.025    11.6818     94.161    137.861  92.780560    -0.0677      7.481   319.3275 1.2379e-01     5.9947      9.322     13.519     8.6636 0.0000e+00
      9.511      0.020    11.6080     91.938    140.143  94.310933    -0.0492      7.481   319.3284 1.2369e-01     6.1716      9.329     13.529     8.6578 0.0000e+00
      9.515      0.015    11.4518     89.772    142.093  95.619123    -0.0412      7.481   319.2019 1.2368e-01     8.0030      9.332     13.535     8.6535 0.0000e+00
      9.518      0.011    11.2368     87.752    143.701  96.697495    -0.0533      7.482   317.3680 1.2372e-01    11.2969      9.334     13.538     8.6503 0.0000e+00
      9.518      0.008    10.9741     86.044    145.065  97.612200    -0.0710      7.483   317.0300 1.2376e-01    13.0332      9.334     13.538     8.6479 0.0000e+00
      9.518      0.006    10.7109     84.713    146.056  98.277605    -0.0798      7.484   317.3526 1.2379e-01    13.1136      9.333     13.536     8.6460 0.0000e+00
      9.519      0.005    10.4595     83.685    146.681  98.696350    -0.0772      7.484   316.3641 1.2379e-01    12.6782      9.334     13.538     8.6443 0.0000e+00
      9.522      0.004    10.2120     82.865    147.108  98.983550    -0.0729      7.484   316.1761 1.2375e-01    11.8687      9.338     13.543     8.6431 0.0000e+00
      9.524      0.003    10.0115     82.197    147.435  99.204109    -0.0692      7.485   316.6293 1.2375e-01    11.4555      9.341     13.548     8.6422 0.0000e+00
      9.525     -0.001     9.8613     81.649    147.710  99.389920    -0.0577      7.485   316.3379 1.2380e-01    11.5421      9.342     13.549     8.6415 0.0000e+00
      9.524     -0.006     9.7454     81.165    148.079  99.638883    -0.0511      7.485   317.0400 1.2378e-01    12.3014      9.340     13.546     8.6411 0.0000e+00
      9.522     -0.012     9.6524     80.712    148.595  99.986453    -0.0555      7.485   318.4940 1.2370e-01    13.5649      9.338     13.544     8.6411 0.0000e+00
      9.519     -0.020     9.5743     80.287    149.130 100.346018    -0.0691      7.486   317.8281 1.2369e-01    14.1463      9.336     13.541     8.6411 0.0000e+00
      9.514     -0.030     9.5140     79.890    149.623 100.676306    -0.0904      7.487   317.5930 1.2378e-01    14.0707      9.331     13.532     8.6413 0.0000e+00
      9.506     -0.041     9.4590     79.524    150.184 101.051778    -0.0965      7.488   319.4366 1.2389e-01    13.5724      9.323     13.522     8.6417 0.0000e+00
      9.496     -0.054     9.4052     79.163    150.966 101.575662    -0.0845      7.487   320.5017 1.2392e-01    11.8102      9.314     13.509     8.6419 0.0000e+00
      9.481     -0.068     9.3566     78.793    151.951 102.236142    -0.0706      7.485   321.0931 1.2387e-01     9.5362      9.299     13.487     8.6418 0.0000e+00
      9.461     -0.081     9.3091     78.447    152.981 102.926195    -0.0541      7.483   321.8543 1.2378e-01     8.6582      9.279     13.460     8.6413 0.0000e+00
      9.437     -0.091     9.2684     78.135    153.916 103.552810    -0.0417      7.482   321.8759 1.2373e-01    10.1438      9.256     13.425     8.6405 0.0000e+00
      9.408     -0.101     9.2284     77.880    154.705 104.082716     0.0122      7.481   321.5270 1.2374e-01    27.4981      9.226     13.381     8.6398 0.0000e+00
      9.380     -0.112     9.1814     77.676    155.413 104.558291     0.1235      7.480   320.6475 1.2376e-01    59.4751      9.197     13.339     8.6390 0.0000e+00
      9.355     -0.125     9.1433     77.502    155.938 104.909884     0.1800      7.480   319.4154 1.2378e-01    77.0087      9.176     13.308     8.6380 0.0000e+00
      9.327     -0.135     9.1047     77.397    156.108 105.023016     0.1710      7.480   319.3629 1.2398e-01    79.1848      9.151     13.274     8.6372 0.0000e+00
      9.290     -0.140     9.0745     77.360    156.127 105.034794     0.2396      7.482   319.4110 1.2593e-01    86.1286      9.114     13.219     8.6369 0.0000e+00
      9.245     -0.137     9.0546     77.330    156.151 105.052295     0.4014      7.482   318.7068 1.2969e-01    98.6931      9.067     13.150     8.6368 0.0000e+00
      9.200     -0.128     9.0299     77.290    156.135 105.043611     0.4963      7.481   318.6778 1.3475e-01   105.5648      9.021     13.083     8.6364 0.0000e+00
      9.161     -0.118     9.0177     77.275    156.151 105.057137     0.5136      7.479   319.3189 1.4144e-01   106.0190      8.978     13.022     8.6356 0.0000e+00
      9.138     -0.113     9.0180     77.291    156.192 105.088511     0.5353      7.478   319.6609 1.4500e-01   104.0477      8.953     12.985     8.6353 0.0000e+00
      9.129     -0.113     9.0152     77.313    156.210 105.104604     0.5428      7.477   319.9739 1.4065e-01   100.3135      8.953     12.986     8.6358 0.0000e+00
      9.116     -0.117     9.0067     77.275    156.235 105.124380     0.5369      7.476   320.6934 1.4319e-01    98.2394      8.949     12.980     8.6365 0.0000e+00
      9.082     -0.123     9.0063     77.150    156.247 105.136615     0.5479      7.476   321.7352 1.5805e-01    98.0994      8.913     12.927     8.6374 0.0000e+00
      9.032     -0.133     9.0072     77.003    156.224 105.125208     0.5999      7.476   322.8486 1.6542e-01    98.9960      8.855     12.842     8.6387 0.0000e+00
      8.983     -0.145     9.0135     76.840    156.200 105.113798     0.6758      7.475   323.3136 1.7164e-01   100.6771      8.803     12.768     8.6399 0.0000e+00
      8.948     -0.158     9.0121     76.635    156.212 105.126014     0.7154      7.474   323.4861 1.7963e-01   101.5157      8.770     12.720     8.6410 0.0000e+00
      8.923     -0.166     8.9904     76.425    156.235 105.145589     0.7293      7.473   323.8159 1.7905e-01   100.9376      8.753     12.695     8.6423 0.0000e+00
      8.891     -0.169     8.9739     76.219    156.250 105.159472     0.8769      7.473   323.8599 1.9106e-01    93.5161      8.729     12.660     8.6436 0.0000e+00
      8.841     -0.171     8.9586     76.021    156.254 105.166527     1.1607      7.473   323.5869 2.1991e-01    79.7941      8.676     12.583     8.6450 0.0000e+00
      8.777     -0.176     8.9289     75.839    156.249 105.167234     1.3224      7.473   323.1825 2.4886e-01    72.2796      8.603     12.478     8.6464 0.0000e+00
      8.722     -0.184     8.9061     75.650    156.245 105.168029     1.3422      7.474   322.8429 2.6555e-01    71.3537      8.545     12.393     8.6476 0.0000e+00
      8.687     -0.188     8.8820     75.495    156.250 105.176146     1.3582      7.474   323.0084 2.6985e-01    68.5654      8.517     12.353     8.6489 0.0000e+00
      8.655     -0.184     8.8552     75.400    156.282 105.201718     1.3750      7.474   323.3768 2.8026e-01    63.5709      8.495     12.321     8.6503 0.0000e+00
      8.607     -0.179     8.8396     75.345    156.308 105.222541     1.3781      7.474   323.4254 2.9161e-01    60.8378      8.447     12.252     8.6516 0.0000e+00
      8.547     -0.179     8.8113     75.290    156.323 105.236920     1.3706      7.475   323.6810 3.0466e-01    60.5253      8.378     12.152     8.6528 0.0000e+00
      8.494     -0.188     8.7936     75.229    156.333 105.248238     1.3342      7.475   324.2308 3.2890e-01    59.5524      8.322     12.070     8.6542 0.0000e+00
      8.456     -0.199     8.7829     75.192    156.303 105.232046     1.2793      7.475   324.4807 3.5705e-01    57.7523      8.292     12.027     8.6556 0.0000e+00
      8.420     -0.205     8.7779     75.157    156.298 105.232166     1.2565      7.476   324.7236 3.9566e-01    56.7275      8.264     11.987     8.6567 0.0000e+00
      8.367     -0.206     8.7733     75.101    156.318 105.249697     1.2755      7.477   325.2743 4.4108e-01    56.1456      8.212     11.910     8.6580 0.0000e+00
      8.301     -0.201     8.7607     74.999    156.317 105.253013     1.3832      7.477   325.7191 4.6904e-01    50.4769      8.139     11.805     8.6594 0.0000e+00
      8.234     -0.190     8.7601     74.859    156.340 105.272268     1.5525      7.477   326.0576 4.8006e-01    40.0422      8.072     11.707     8.6606 0.0000e+00
      8.177     -0.173     8.7552     74.724    156.363 105.291496     1.6325      7.477   326.3563 4.9602e-01    34.3037      8.014     11.623     8.6619 0.0000e+00
      8.137     -0.156     8.7502     74.562    156.362 105.294486     1.6263      7.476   326.4048 5.1592e-01    33.7320      7.970     11.559     8.6631 0.0000e+00
      8.118     -0.147     8.7389     74.360    156.377 105.308431     1.6028      7.476   326.3854 5.2554e-01    33.7446      7.958     11.543     8.6644 0.0000e+00
      8.103     -0.150     8.7174     74.177    156.407 105.332775     1.5394      7.475   326.3800 5.3704e-01    34.9013      7.954     11.538     8.6658 0.0000e+00
      8.072     -0.165     8.7045     74.002    156.403 105.334153     1.4504      7.475   326.2543 5.6364e-01    37.0940      7.924     11.494     8.6670 0.0000e+00
      8.021     -0.190     8.6882     73.823    156.384 105.325100     1.4172      7.475   326.2422 5.9989e-01    38.3261      7.869     11.414     8.6681 0.0000e+00
      7.959     -0.217     8.6572     73.659    156.416 105.350672     1.4461      7.475   326.3193 6.4204e-01    38.2183      7.807     11.322     8.6692 0.0000e+00
      7.894     -0.240     8.6392     73.477    156.467 105.388665     1.5088      7.476   326.2402 6.8693e-01    35.3128      7.742     11.229     8.6706 0.0000e+00
      7.828     -0.253     8.6199     73.275    156.482 105.402452     1.5926      7.476   326.2323 7.3227e-01    29.9421      7.675     11.132     8.6718 0.0000e+00
      7.763     -0.258     8.5943     73.062    156.457 105.390042     1.6356      7.476   326.3964 7.7547e-01    26.9459      7.613     11.042     8.6731 0.0000e+00
      7.697     -0.253     8.5804     72.826    156.416 105.365960     1.6281      7.478   326.5036 8.3006e-01    26.3451      7.550     10.950     8.6743 0.0000e+00
      7.630     -0.239     8.5568     72.571    156.411 105.365971     1.6266      7.479   326.4954 9.0980e-01    23.3276      7.482     10.853     8.6755 0.0000e+00
      7.561     -0.220     8.5325     72.299    156.442 105.390176     1.6432      7.479   326.5549 9.8859e-01    17.8907      7.414     10.752     8.6767 0.0000e+00
      7.499     -0.205     8.5094     72.004    156.457 105.403950     1.6546      7.478   326.7932 1.0326e+00    14.9214      7.346     10.655     8.6780 0.0000e+00
      7.455     -0.198     8.4802     71.690    156.453 105.405182     1.6642      7.478   326.9682 1.0531e+00    14.6854      7.303     10.593     8.6792 0.0000e+00
      7.426     -0.201     8.4508     71.372    156.448 105.405085     1.6920      7.478   326.9493 1.0876e+00    14.6964      7.284     10.564     8.6803 0.0000e+00
