Data/DataNotYetUploadedToEDI/Raw_CTD/RawDownloads/041425_fcr50_S7809004.cnv
* Sea-Bird SBE19plus  Data File:
* FileName = C:\R\Reservoirs\Data\DataNotYetUploadedToEDI\Raw_CTD\RawDownloads\033125_fcr50_S7809_0004.hex
* Software version 2.8.0.119
* Temperature SN = 7809
* Conductivity SN = 7809
* System UpLoad Time = Apr 14 2025 16:47:10
* <ApplicationData>
* <Seaterm232>
# nquan = 15
# nvalues = 1837                        
# units = specified
# name 0 = depFM: Depth [fresh water, m]
# name 1 = dz/dtM: Descent Rate [m/s]
# name 2 = sbeox0Mg/L: Oxygen, SBE 43 [mg/l]
# name 3 = sbeox0PS: Oxygen, SBE 43 [% saturation]
# name 4 = specc: Specific Conductance [uS/cm]
# name 5 = c0uS/cm: Conductivity [uS/cm]
# name 6 = flECO-AFL: Fluorescence, WET Labs ECO-AFL/FL [mg/m^3]
# name 7 = ph: pH
# name 8 = orp: Oxidation Reduction Potential [mV]
# name 9 = par/sat/log: PAR/Logarithmic, Satlantic
# name 10 = turbWETntu0: Turbidity, WET Labs ECO [NTU]
# name 11 = prdM: Pressure, Strain Gauge [db]
# name 12 = prdE: Pressure, Strain Gauge [psi]
# name 13 = tv290C: Temperature [ITS-90, deg C]
# name 14 = flag:  0.000e+00
# span 0 =     -0.698,      9.525       
# span 1 =     -0.275,      0.202       
# span 2 =     4.4213,    11.9970       
# span 3 =     38.218,    103.030       
# span 4 =      0.855,    157.139       
# span 5 =   0.759329, 106.264934       
# span 6 =    -1.8872,    10.9519       
# span 7 =      5.937,     11.239       
# span 8 = -1240.7455,  1206.3666       
# span 9 = 1.2368e-01, 1.6652e+03       
# span 10 =   -11.3930,   953.0133      
# span 11 =     -0.685,      9.342      
# span 12 =     -0.993,     13.549      
# span 13 =     8.6353,    19.5024      
# span 14 = 0.0000e+00, 0.0000e+00      
# interval = seconds: 0.25
# start_time = Apr 14 2025 09:59:45 [Instrument's time stamp, header]
# bad_flag = -9.990e-29
*END*
[from data line 1157]
      3.195      0.082     9.4489     86.452     31.357  22.886603     2.3887      7.630   294.0177 4.9472e+01     2.6921      3.133      4.544    11.5711 0.0000e+00
      3.217      0.081     9.4500     86.219     31.370  22.873723     2.3819      7.629   294.1910 4.8500e+01     2.6975      3.156      4.576    11.5505 0.0000e+00
      3.237      0.079     9.4483     85.868     31.401  22.871515     2.3684      7.628   294.4083 4.7654e+01     2.6978      3.175      4.605    11.5358 0.0000e+00
      3.255      0.078     9.4363     85.410     31.422  22.859874     2.3503      7.628   294.5795 4.6809e+01     2.6613      3.191      4.629    11.5212 0.0000e+00
      3.274      0.078     9.4270     84.880     31.459  22.859763     2.3293      7.628   294.6264 4.6019e+01     2.6313      3.212      4.659    11.4939 0.0000e+00
      3.292      0.080     9.4128     84.327     31.514  22.870142     2.3228      7.627   294.3731 4.5470e+01     2.6436      3.228      4.682    11.4575 0.0000e+00
      3.311      0.083     9.3808     83.740     31.541  22.858512     2.3297      7.626   293.9265 4.4938e+01     2.6734      3.245      4.706    11.4162 0.0000e+00
      3.334      0.087     9.3407     83.102     31.566  22.845938     2.4215      7.622   293.7857 4.4302e+01     2.7861      3.268      4.740    11.3731 0.0000e+00
      3.359      0.091     9.2873     82.422     31.606  22.844901     2.5912      7.613   294.0474 4.3694e+01     2.9132      3.295      4.779    11.3303 0.0000e+00
      3.383      0.091     9.2385     81.692     31.651  22.845944     2.6669      7.599   294.5963 4.3237e+01     2.9130      3.320      4.815    11.2849 0.0000e+00
      3.407      0.087     9.1864     80.942     31.711  22.858514     2.6628      7.585   295.1737 4.2703e+01     2.9191      3.337      4.841    11.2339 0.0000e+00
      3.433      0.079     9.1246     80.167     31.766  22.870032     2.6918      7.572   295.4356 4.2192e+01     2.9526      3.367      4.883    11.1832 0.0000e+00
      3.455      0.070     9.0623     79.298     31.782  22.858348     2.7343      7.562   295.1826 4.2004e+01     2.9427      3.393      4.922    11.1391 0.0000e+00
      3.470      0.063     8.9894     78.361     31.791  22.844042     2.7441      7.554   294.5241 4.1839e+01     2.9364      3.402      4.935    11.0881 0.0000e+00
      3.481      0.059     8.9169     77.472     31.792  22.823864     2.7272      7.549   294.0982 4.1651e+01     2.9108      3.416      4.954    11.0357 0.0000e+00
      3.489      0.058     8.8457     76.654     31.799  22.804582     2.6965      7.549   294.0771 4.1436e+01     2.9404      3.420      4.962    10.9934 0.0000e+00
      3.501      0.058     8.7572     75.871     31.831  22.801122     2.6481      7.548   294.0971 4.0798e+01     2.9869      3.429      4.973    10.9555 0.0000e+00
      3.520      0.059     8.6510     75.126     31.838  22.781996     2.6071      7.548   294.3396 3.9907e+01     2.9263      3.453      5.009    10.9259 0.0000e+00
      3.540      0.061     8.5597     74.440     31.843  22.763532     2.5918      7.548   294.8576 3.9138e+01     2.9243      3.473      5.036    10.8959 0.0000e+00
      3.558      0.061     8.4804     73.813     31.875  22.768082     2.5972      7.549   294.8544 3.8573e+01     3.0315      3.491      5.062    10.8546 0.0000e+00
      3.573      0.059     8.4003     73.210     31.903  22.773588     2.6132      7.551   294.4729 3.8158e+01     3.0615      3.507      5.085    10.8119 0.0000e+00
      3.584      0.057     8.3255     72.626     31.910  22.766682     2.6191      7.551   294.2883 3.7644e+01     2.9798      3.512      5.094    10.7729 0.0000e+00
      3.596      0.055     8.2544     72.065     31.897  22.747972     2.6109      7.552   293.9989 3.7016e+01     2.8969      3.525      5.112    10.7384 0.0000e+00
      3.611      0.054     8.1940     71.532     31.893  22.737587     2.6047      7.553   293.7275 3.6451e+01     2.8794      3.543      5.137    10.7107 0.0000e+00
      3.626      0.055     8.1297     71.065     31.943  22.767936     2.6354      7.553   293.6744 3.5875e+01     2.9385      3.555      5.157    10.6884 0.0000e+00
      3.641      0.055     8.0687     70.686     31.992  22.797855     2.6996      7.553   293.7871 3.5410e+01     3.0315      3.572      5.180    10.6694 0.0000e+00
      3.654      0.054     8.0105     70.427     31.975  22.782276     2.7324      7.553   294.0573 3.5092e+01     3.0475      3.583      5.197    10.6538 0.0000e+00
      3.666      0.052     7.9491     70.294     31.957  22.769802     2.7323      7.553   294.7046 3.4666e+01     3.0299      3.593      5.212    10.6432 0.0000e+00
      3.680      0.050     7.8999     70.259     31.960  22.773861     2.7652      7.554   295.4182 3.4184e+01     3.0912      3.610      5.235    10.6357 0.0000e+00
      3.694      0.049     7.8565     70.305     31.949  22.767941     2.8300      7.554   295.3721 3.3841e+01     3.1399      3.625      5.257    10.6274 0.0000e+00
      3.706      0.049     7.8287     70.401     31.939  22.761640     2.8578      7.554   295.0936 3.3628e+01     3.1056      3.635      5.272    10.6200 0.0000e+00
      3.716      0.049     7.8167     70.526     31.939  22.761083     2.8430      7.556   294.8903 3.3274e+01     3.0521      3.642      5.282    10.6203 0.0000e+00
      3.728      0.050     7.8104     70.663     31.940  22.761202     2.8350      7.559   294.4628 3.2787e+01     3.0411      3.656      5.302    10.6267 0.0000e+00
      3.742      0.051     7.8176     70.778     31.937  22.763082     2.8448      7.562   294.3127 3.2421e+01     3.0748      3.670      5.322    10.6300 0.0000e+00
      3.755      0.054     7.8283     70.886     31.954  22.783818     2.8529      7.565   295.3122 3.2182e+01     3.0834      3.682      5.340    10.6315 0.0000e+00
      3.770      0.059     7.8424     71.051     31.996  22.821694     2.8492      7.568   296.9973 3.1991e+01     3.0423      3.697      5.362    10.6300 0.0000e+00
      3.784      0.063     7.8610     71.278     32.031  22.840577     2.8331      7.570   297.6512 3.1767e+01     3.0216      3.711      5.382    10.6262 0.0000e+00
      3.798      0.067     7.8725     71.519     32.044  22.821896     2.8165      7.571   297.5404 3.1408e+01     3.0726      3.723      5.400    10.6310 0.0000e+00
      3.817      0.072     7.8772     71.746     32.055  22.786027     2.7987      7.572   297.2061 3.0876e+01     3.1121      3.741      5.426    10.6476 0.0000e+00
      3.838      0.075     7.8911     71.890     32.125  22.787305     2.7760      7.571   296.5342 3.0372e+01     3.0898      3.764      5.460    10.6683 0.0000e+00
      3.858      0.077     7.9217     71.916     32.265  22.837297     2.8004      7.571   296.2138 2.9962e+01     3.1439      3.783      5.487    10.6654 0.0000e+00
      3.879      0.077     7.9553     71.845     32.393  22.883133     2.8764      7.570   296.3441 2.9435e+01     3.2881      3.802      5.514    10.6165 0.0000e+00
      3.900      0.076     7.9992     71.639     32.470  22.897588     2.9216      7.569   297.5076 2.8888e+01     3.3655      3.825      5.548    10.5420 0.0000e+00
      3.919      0.075     8.0326     71.273     32.504  22.885195     2.9139      7.569   299.4400 2.8443e+01     3.3625      3.845      5.576    10.4643 0.0000e+00
      3.935      0.074     8.0450     70.778     32.515  22.860078     2.8990      7.569   300.3498 2.7958e+01     3.2852      3.858      5.595    10.3859 0.0000e+00
      3.953      0.073     8.0559     70.201     32.541  22.847517     2.9171      7.568   300.1628 2.7483e+01     3.2510      3.876      5.621    10.3146 0.0000e+00
      3.973      0.073     8.0437     69.560     32.601  22.860109     2.9660      7.568   299.6735 2.7095e+01     3.3592      3.896      5.651    10.2549 0.0000e+00
      3.993      0.073     8.0120     68.883     32.675  22.885466     2.9908      7.567   299.3371 2.6710e+01     3.3974      3.916      5.679    10.2005 0.0000e+00
      4.011      0.074     7.9631     68.260     32.732  22.900438     2.9757      7.567   299.3653 2.6285e+01     3.3713      3.934      5.706    10.1504 0.0000e+00
      4.028      0.075     7.9062     67.704     32.791  22.914286     2.9578      7.567   299.9280 2.5836e+01     3.4193      3.950      5.728    10.1037 0.0000e+00
      4.047      0.075     7.8446     67.209     32.850  22.926047     2.9580      7.565   300.8926 2.5340e+01     3.4309      3.967      5.754    10.0555 0.0000e+00
      4.067      0.074     7.7670     66.825     32.878  22.915789     2.9704      7.562   301.6507 2.4798e+01     3.3751      3.988      5.784    10.0170 0.0000e+00
      4.087      0.074     7.7052     66.579     32.922  22.917052     2.9665      7.558   302.1242 2.4296e+01     3.3252      4.008      5.812     9.9824 0.0000e+00
      4.107      0.073     7.6517     66.485     32.995  22.941287     2.9603      7.553   302.4027 2.3921e+01     3.3397      4.029      5.843     9.9375 0.0000e+00
      4.125      0.071     7.5997     66.575     33.047  22.955133     2.9788      7.548   302.3504 2.3628e+01     3.4137      4.047      5.870     9.8930 0.0000e+00
      4.141      0.066     7.5643     66.834     33.077  22.957621     2.9814      7.544   302.1794 2.3245e+01     3.4010      4.058      5.887     9.8474 0.0000e+00
      4.159      0.061     7.5448     67.229     33.117  22.971344     2.9670      7.540   302.4867 2.2853e+01     3.3220      4.078      5.916     9.8004 0.0000e+00
      4.176      0.056     7.5384     67.734     33.165  22.994216     2.9540      7.538   302.9687 2.2591e+01     3.3131      4.098      5.944     9.7611 0.0000e+00
      4.189      0.052     7.5556     68.286     33.155  22.980506     2.9329      7.538   303.1891 2.2354e+01     3.3623      4.108      5.958     9.7267 0.0000e+00
      4.200      0.049     7.5934     68.850     33.090  22.932397     2.9281      7.538   303.4306 2.2109e+01     3.4034      4.118      5.974     9.6985 0.0000e+00
      4.211      0.048     7.6400     69.392     33.070  22.919830     2.9300      7.538   303.6523 2.1886e+01     3.3668      4.130      5.992     9.6779 0.0000e+00
      4.221      0.049     7.7057     69.869     33.115  22.955381     2.9140      7.537   303.8904 2.1671e+01     3.2958      4.140      6.005     9.6625 0.0000e+00
      4.231      0.051     7.7701     70.280     33.148  22.981776     2.9087      7.536   304.2435 2.1419e+01     3.3306      4.148      6.016     9.6537 0.0000e+00
      4.245      0.055     7.8359     70.615     33.148  22.985329     2.9248      7.533   304.5667 2.1103e+01     3.4460      4.161      6.035     9.6477 0.0000e+00
      4.263      0.059     7.9018     70.895     33.167  22.998344     2.9333      7.528   304.7868 2.0792e+01     3.4948      4.182      6.065     9.6504 0.0000e+00
      4.278      0.061     7.9504     71.137     33.197  23.012314     2.9205      7.522   305.0113 2.0502e+01     3.4087      4.196      6.085     9.6599 0.0000e+00
      4.293      0.062     8.0004     71.298     33.236  23.027410     2.9105      7.516   305.2165 2.0115e+01     3.2923      4.206      6.100     9.6628 0.0000e+00
      4.313      0.062     8.0349     71.352     33.292  23.054025     2.9379      7.511   305.2893 1.9773e+01     3.3180      4.231      6.137     9.6682 0.0000e+00
      4.329      0.063     8.0639     71.396     33.356  23.080450     2.9774      7.508   305.3753 1.9623e+01     3.4119      4.249      6.163     9.6750 0.0000e+00
      4.340      0.063     8.0970     71.512     33.411  23.093240     2.9883      7.506   305.4815 1.9457e+01     3.4027      4.253      6.169     9.6606 0.0000e+00
      4.355      0.063     8.1227     71.626     33.434  23.081828     3.0118      7.503   305.6273 1.9222e+01     3.4117      4.269      6.193     9.6372 0.0000e+00
      4.374      0.062     8.1264     71.725     33.450  23.069265     3.0614      7.499   306.0202 1.8984e+01     3.5547      4.289      6.222     9.6255 0.0000e+00
      4.393      0.062     8.1277     71.874     33.478  23.068135     3.0891      7.497   306.4460 1.8718e+01     3.6622      4.307      6.247     9.5999 0.0000e+00
      4.410      0.063     8.1596     72.125     33.507  23.068148     3.0971      7.496   306.6452 1.8537e+01     3.6196      4.327      6.277     9.5566 0.0000e+00
      4.422      0.063     8.1787     72.545     33.541  23.069399     3.0502      7.495   306.7936 1.8412e+01     3.5178      4.336      6.289     9.5151 0.0000e+00
      4.435      0.063     8.1930     73.127     33.591  23.083248     2.9552      7.493   306.7777 1.8188e+01     3.5241      4.346      6.303     9.4782 0.0000e+00
      4.452      0.064     8.2162     73.812     33.654  23.108739     2.9137      7.491   306.6254 1.7939e+01     3.6273      4.367      6.333     9.4490 0.0000e+00
      4.471      0.066     8.2447     74.574     33.694  23.123947     2.9057      7.490   306.6732 1.7671e+01     3.6386      4.382      6.357     9.4218 0.0000e+00
      4.489      0.071     8.3010     75.420     33.732  23.140291     2.8499      7.487   307.1837 1.7405e+01     3.5573      4.403      6.387     9.3877 0.0000e+00
      4.506      0.075     8.3775     76.306     33.808  23.179518     2.7643      7.487   308.0657 1.7164e+01     3.4990      4.420      6.410     9.3541 0.0000e+00
      4.523      0.075     8.4626     77.163     33.893  23.217743     2.7184      7.488   308.6468 1.6826e+01     3.5148      4.432      6.428     9.3282 0.0000e+00
      4.544      0.074     8.5515     77.964     33.935  23.221979     2.7198      7.489   308.9609 1.6460e+01     3.6111      4.456      6.463     9.3102 0.0000e+00
      4.567      0.074     8.6527     78.650     33.985  23.230702     2.7225      7.488   309.1105 1.6161e+01     3.6388      4.479      6.497     9.2996 0.0000e+00
      4.587      0.074     8.7635     79.215     34.061  23.259773     2.6689      7.486   309.0791 1.5954e+01     3.6452      4.501      6.528     9.2832 0.0000e+00
      4.602      0.072     8.8654     79.768     34.089  23.256384     2.5878      7.482   309.3561 1.5804e+01     3.7911      4.515      6.549     9.2521 0.0000e+00
      4.617      0.067     8.9716     80.438     34.113  23.253129     2.5662      7.480   310.1358 1.5544e+01     3.8991      4.524      6.561     9.2123 0.0000e+00
      4.638      0.065     9.0593     81.303     34.179  23.283802     2.5737      7.478   311.1933 1.5215e+01     3.8926      4.548      6.596     9.1742 0.0000e+00
      4.658      0.066     9.1254     82.369     34.234  23.310175     2.5366      7.475   311.7328 1.5033e+01     3.7801      4.574      6.633     9.1417 0.0000e+00
      4.670      0.066     9.1912     83.612     34.263  23.318337     2.4671      7.473   311.6674 1.4922e+01     3.6321      4.579      6.643     9.1081 0.0000e+00
      4.682      0.066     9.2714     85.005     34.279  23.319068     2.4330      7.471   311.6929 1.4663e+01     3.6409      4.586      6.652     9.0764 0.0000e+00
      4.702      0.065     9.3765     86.498     34.286  23.318995     2.4323      7.467   311.8703 1.4350e+01     3.6816      4.612      6.689     9.0577 0.0000e+00
      4.723      0.064     9.5029     87.964     34.283  23.317452     2.4252      7.463   311.7467 1.4128e+01     3.6117      4.636      6.724     9.0444 0.0000e+00
      4.738      0.065     9.6528     89.290     34.253  23.300415     2.4302      7.461   311.3169 1.3911e+01     3.5803      4.645      6.736     9.0268 0.0000e+00
      4.754      0.067     9.8171     90.455     34.253  23.303244     2.4514      7.460   311.6636 1.3673e+01     3.6441      4.660      6.759     9.0098 0.0000e+00
      4.770      0.067     9.9993     91.416     34.321  23.351659     2.4565      7.460   312.8425 1.3503e+01     3.6657      4.680      6.787     9.0001 0.0000e+00
      4.784      0.069    10.1734     92.090     34.364  23.378494     2.3838      7.460   313.6112 1.3302e+01     3.6026      4.690      6.801     9.0047 0.0000e+00
