Data/DataNotYetUploadedToEDI/Raw_CTD/RawDownloads/041524_bvr50_S7809001.cnv
* Sea-Bird SBE19plus  Data File:
* FileName = C:\R\Reservoirs\Data\DataNotYetUploadedToEDI\Raw_CTD\RawDownloads\041524_bvr50_S7809_0001.hex
* Software version 2.8.0.119
* Temperature SN = 7809
* Conductivity SN = 7809
* System UpLoad Time = May 16 2024 15:21:02
* <ApplicationData>
* <Seaterm232>
# nquan = 15
# nvalues = 2482                        
# units = specified
# name 0 = depFM: Depth [fresh water, m]
# name 1 = dz/dtM: Descent Rate [m/s]
# name 2 = sbeox0Mg/L: Oxygen, SBE 43 [mg/l]
# name 3 = sbeox0PS: Oxygen, SBE 43 [% saturation]
# name 4 = specc: Specific Conductance [uS/cm]
# name 5 = c0uS/cm: Conductivity [uS/cm]
# name 6 = flECO-AFL: Fluorescence, WET Labs ECO-AFL/FL [mg/m^3]
# name 7 = ph: pH
# name 8 = orp: Oxidation Reduction Potential [mV]
# name 9 = par/sat/log: PAR/Logarithmic, Satlantic
# name 10 = turbWETntu0: Turbidity, WET Labs ECO [NTU]
# name 11 = prdM: Pressure, Strain Gauge [db]
# name 12 = prdE: Pressure, Strain Gauge [psi]
# name 13 = tv290C: Temperature [ITS-90, deg C]
# name 14 = flag:  0.000e+00
# span 0 =     -0.754,      9.786       
# span 1 =     -0.352,      0.205       
# span 2 =     3.9379,    10.6010       
# span 3 =     35.671,    103.422       
# span 4 =      0.216,     66.250       
# span 5 =   0.204489,  46.934531       
# span 6 =    -0.7791,    32.2226       
# span 7 =     -2.157,      7.950       
# span 8 = -1240.7212,   592.0933       
# span 9 = 1.2350e-01, 2.0466e+03       
# span 10 =    -0.2705,   932.0069      
# span 11 =     -0.739,      9.597      
# span 12 =     -1.072,     13.920      
# span 13 =    10.3731,    22.7439      
# span 14 = 0.0000e+00, 0.0000e+00      
# interval = seconds: 0.25
# start_time = Apr 15 2024 10:56:30 [Instrument's time stamp, header]
# bad_flag = -9.990e-29
*END*
[from data line 482]
      0.113      0.000     9.8225     95.917     28.908  22.721344     2.8996      7.134   249.2832 9.2460e+02     7.5393      0.109      0.159    14.2908 0.0000e+00
      0.118     -0.001     9.8271     95.838     28.936  22.744316     2.7065      7.132   249.2876 8.2928e+02     7.4768      0.117      0.169    14.2955 0.0000e+00
      0.120      0.001     9.8252     95.796     28.934  22.744891     2.6106      7.132   249.3788 7.8816e+02     7.4751      0.120      0.174    14.2977 0.0000e+00
      0.117      0.002     9.8287     95.802     28.911  22.728311     2.6141      7.132   249.6117 7.1231e+02     7.5524      0.115      0.167    14.2960 0.0000e+00
      0.115      0.001     9.8219     95.836     28.918  22.734074     2.6084      7.132   249.6939 6.8623e+02     7.5923      0.111      0.161    14.2951 0.0000e+00
      0.117      0.000     9.8094     95.864     28.940  22.751169     2.5743      7.132   249.6850 7.6342e+02     7.5471      0.113      0.164    14.2978 0.0000e+00
      0.119      0.001     9.8054     95.885     28.931  22.744768     2.5432      7.131   249.7615 7.7592e+02     7.5188      0.117      0.172    14.3019 0.0000e+00
      0.119      0.001     9.8049     95.897     28.898  22.720084     2.5490      7.128   249.8447 7.3769e+02     7.5567      0.118      0.171    14.3050 0.0000e+00
      0.118      0.001     9.8113     95.896     28.881  22.706362     2.5686      7.128   249.9177 7.4557e+02     7.5961      0.114      0.166    14.3064 0.0000e+00
      0.118      0.001     9.8129     95.882     28.881  22.705682     2.5392      7.129   249.9549 6.9511e+02     7.6190      0.115      0.167    14.3037 0.0000e+00
      0.119      0.001     9.8158     95.869     28.889  22.711857     2.4687      7.129   250.0361 6.0554e+02     7.6628      0.119      0.171    14.3040 0.0000e+00
      0.119      0.002     9.8163     95.859     28.897  22.717612     2.4318      7.129   250.2119 5.6605e+02     7.7506      0.117      0.169    14.3077 0.0000e+00
      0.118      0.003     9.8165     95.842     28.891  22.711857     2.4343      7.129   250.2732 5.7675e+02     7.8256      0.115      0.166    14.3070 0.0000e+00
      0.119      0.003     9.8149     95.847     28.884  22.705682     2.4400      7.130   250.1751 5.8629e+02     7.8181      0.116      0.168    14.3059 0.0000e+00
      0.122      0.003     9.8121     95.877     28.885  22.706357     2.4344      7.131   250.1440 5.4694e+02     7.7630      0.120      0.174    14.3054 0.0000e+00
      0.123      0.003     9.8147     95.922     28.905  22.720027     2.4334      7.131   250.2417 5.1789e+02     7.7400      0.122      0.177    14.3035 0.0000e+00
      0.123      0.002     9.8090     95.969     28.935  22.744128     2.4529      7.131   250.2379 5.8426e+02     7.7786      0.121      0.174    14.3027 0.0000e+00
      0.122      0.001     9.8112     95.973     28.932  22.744127     2.5530      7.131   250.0982 6.6853e+02     7.7858      0.119      0.172    14.3031 0.0000e+00
      0.123     -0.001     9.8147     95.910     28.899  22.720021     2.7295      7.131   250.1017 6.4370e+02     7.7244      0.120      0.173    14.3014 0.0000e+00
      0.123     -0.001     9.8197     95.816     28.880  22.706310     2.8212      7.131   250.1932 6.5794e+02     7.6854      0.121      0.175    14.2971 0.0000e+00
      0.123      0.000     9.8276     95.763     28.880  22.705168     2.8289      7.132   250.2586 7.6621e+02     7.7246      0.120      0.174    14.2968 0.0000e+00
      0.122 -4.280e-07     9.8270     95.748     28.884  22.706208     2.8483      7.133   250.2906 8.0581e+02     7.7543      0.120      0.173    14.3033 0.0000e+00
      0.122      0.000     9.8194     95.752     28.902  22.718884     2.8558      7.135   250.2348 7.5417e+02     7.7028      0.120      0.174    14.3084 0.0000e+00
      0.122      0.000     9.8045     95.774     28.920  22.731618     2.8451      7.136   250.1865 7.0385e+02     7.7169      0.120      0.174    14.3077 0.0000e+00
      0.122     -0.001     9.8012     95.787     28.923  22.733353     2.8521      7.138   250.1363 6.8351e+02     7.8222      0.120      0.173    14.3060 0.0000e+00
      0.122     -0.001     9.8019     95.815     28.931  22.739850     2.9067      7.138   250.1440 6.4437e+02     7.8836      0.120      0.174    14.3031 0.0000e+00
      0.122     -0.001     9.8007     95.891     28.937  22.746768     2.9895      7.139   250.2796 6.4702e+02     7.8444      0.119      0.173    14.2988 0.0000e+00
      0.122     -0.001     9.8072     95.956     28.943  22.753581     3.0293      7.140   250.3999 6.6169e+02     7.7579      0.120      0.173    14.2969 0.0000e+00
      0.121     -0.001     9.8070     95.976     28.948  22.758821     3.0222      7.141   250.4801 5.6998e+02     7.7597      0.119      0.172    14.2953 0.0000e+00
      0.120     -0.001     9.8064     95.987     28.932  22.746711     3.0276      7.143   250.5611 5.1419e+02     7.8326      0.117      0.170    14.2954 0.0000e+00
      0.120     -0.001     9.8175     95.996     28.916  22.733982     3.0778      7.144   250.6047 5.4547e+02     7.8189      0.118      0.171    14.3009 0.0000e+00
      0.121      0.000     9.8249     95.985     28.913  22.731743     3.1461      7.145   250.6638 5.9868e+02     7.7306      0.119      0.172    14.3062 0.0000e+00
      0.121 -1.524e-08     9.8237     95.960     28.897  22.719643     3.1877      7.146   250.6735 6.8527e+02     7.7221      0.119      0.173    14.3068 0.0000e+00
      0.121 -1.676e-07     9.8247     95.915     28.889  22.714498     3.2064      7.147   250.5496 7.7173e+02     7.7841      0.118      0.171    14.3071 0.0000e+00
      0.120 2.0488e-07     9.8275     95.833     28.913  22.732944     3.2394      7.149   250.4559 7.6737e+02     7.7626      0.117      0.170    14.3070 0.0000e+00
      0.120      0.000     9.8254     95.756     28.938  22.752438     3.2784      7.150   250.4874 6.4675e+02     7.6333      0.118      0.171    14.3064 0.0000e+00
      0.121      0.000     9.8221     95.711     28.944  22.759975     3.2877      7.151   250.5869 5.5758e+02     7.5180      0.117      0.170    14.3087 0.0000e+00
      0.121      0.001     9.8195     95.664     28.940  22.760664     3.2932      7.152   250.6259 5.0478e+02     7.4958      0.120      0.174    14.3106 0.0000e+00
      0.120      0.001     9.8091     95.649     28.936  22.760777     3.2867      7.152   250.5282 4.8127e+02     7.5022      0.119      0.172    14.3087 0.0000e+00
      0.120      0.001     9.7984     95.714     28.934  22.761344     3.2337      7.153   250.4379 5.3812e+02     7.4581      0.117      0.169    14.3070 0.0000e+00
      0.122      0.001     9.7978     95.827     28.940  22.767520     3.1849      7.154   250.4805 5.9797e+02     7.4070      0.120      0.174    14.3122 0.0000e+00
      0.122      0.000     9.7881     95.942     28.947  22.772037     3.1791      7.154   250.5279 6.4626e+02     7.3972      0.122      0.176    14.3208 0.0000e+00
      0.121      0.000     9.7823     96.041     28.923  22.752551     3.2221      7.154   250.4949 7.0257e+02     7.5097      0.119      0.171    14.3263 0.0000e+00
      0.121      0.000     9.7907     96.126     28.885  22.722146     3.2883      7.154   250.5114 6.9520e+02     7.6750      0.118      0.171    14.3304 0.0000e+00
      0.121     -0.001     9.8035     96.198     28.886  22.721464     3.3147      7.155   250.5554 5.9218e+02     7.6872      0.120      0.174    14.3334 0.0000e+00
      0.121     -0.001     9.8161     96.242     28.917  22.744313     3.3084      7.156   250.5108 5.1664e+02     7.6582      0.118      0.171    14.3310 0.0000e+00
      0.121     -0.001     9.8264     96.227     28.917  22.744767     3.3031      7.157   250.5742 5.6624e+02     7.6991      0.117      0.170    14.3293 0.0000e+00
      0.121      0.000     9.8348     96.173     28.893  22.726948     3.3089      7.156   250.7187 6.2605e+02     7.7036      0.119      0.173    14.3302 0.0000e+00
      0.120 -5.584e-08     9.8430     96.114     28.883  22.719095     3.3210      7.156   250.7092 5.9717e+02     7.6444      0.118      0.171    14.3267 0.0000e+00
      0.120 -6.142e-07     9.8508     96.069     28.877  22.713227     3.3162      7.156   250.7176 6.9668e+02     7.5639      0.116      0.168    14.3224 0.0000e+00
      0.120      0.000     9.8476     96.043     28.887  22.719402     3.3077      7.157   250.8206 8.7505e+02     7.5160      0.118      0.170    14.3236 0.0000e+00
      0.121      0.000     9.8396     96.017     28.905  22.730350     3.3350      7.157   250.8356 9.1435e+02     7.5782      0.121      0.174    14.3265 0.0000e+00
      0.121     -0.001     9.8342     96.017     28.895  22.718773     3.3887      7.157   250.8133 8.9395e+02     7.7002      0.119      0.172    14.3257 0.0000e+00
      0.121     -0.001     9.8281     96.063     28.884  22.706243     3.4162      7.157   250.8094 7.8019e+02     7.7277      0.118      0.170    14.3246 0.0000e+00
      0.120     -0.001     9.8286     96.103     28.888  22.705672     3.4258      7.158   250.7890 7.3137e+02     7.7054      0.119      0.172    14.3226 0.0000e+00
      0.119      0.000     9.8256     96.106     28.900  22.711857     3.4295      7.160   250.8241 7.6637e+02     7.7728      0.117      0.170    14.3162 0.0000e+00
      0.118 3.8768e-07     9.8243     96.072     28.910  22.717612     3.4112      7.161   250.8029 6.7055e+02     7.8583      0.115      0.167    14.3091 0.0000e+00
      0.118      0.000     9.8351     96.032     28.904  22.711847     3.3878      7.163   250.7059 6.2776e+02     7.8168      0.115      0.168    14.3032 0.0000e+00
      0.121      0.000     9.8402     96.007     28.895  22.705558     3.3719      7.163   250.6829 7.7208e+02     7.7161      0.120      0.174    14.2965 0.0000e+00
      0.122      0.001     9.8432     95.970     28.893  22.704991     3.3936      7.163   250.6969 8.3860e+02     7.6653      0.121      0.175    14.2904 0.0000e+00
      0.120      0.001     9.8380     95.905     28.890  22.704991     3.4414      7.164   250.7894 7.5187e+02     7.5786      0.118      0.171    14.2864 0.0000e+00
      0.119      0.000     9.8335     95.851     28.890  22.705558     3.4511      7.165   250.9410 8.9859e+02     7.4539      0.115      0.168    14.2845 0.0000e+00
      0.119     -0.000     9.8324     95.839     28.899  22.711847     3.4192      7.165   250.9814 1.0877e+03     7.4205      0.117      0.170    14.2853 0.0000e+00
      0.121      0.000     9.8296     95.832     28.908  22.717621     3.2639      7.166   251.0198 9.2137e+02     7.4820      0.119      0.172    14.2873 0.0000e+00
      0.121      0.000     9.8198     95.817     28.901  22.711961     3.0050      7.166   251.0608 7.2599e+02     7.5492      0.119      0.173    14.2914 0.0000e+00
      0.120      0.000     9.8108     95.819     28.896  22.706816     2.8682      7.167   250.9609 6.9990e+02     7.5496      0.118      0.171    14.2953 0.0000e+00
      0.119     -0.001     9.8139     95.854     28.912  22.718826     2.8502      7.168   250.9307 6.7034e+02     7.4869      0.116      0.168    14.2925 0.0000e+00
      0.121     -0.001     9.8138     95.900     28.927  22.730355     2.8379      7.168   251.1258 6.8685e+02     7.4401      0.118      0.171    14.2881 0.0000e+00
      0.122      0.000     9.8109     95.918     28.914  22.719395     2.8192      7.169   251.2548 7.8255e+02     7.5300      0.121      0.175    14.2889 0.0000e+00
      0.120 1.8626e-08     9.8104     95.907     28.907  22.713116     2.8070      7.170   251.1142 8.3414e+02     7.7199      0.118      0.170    14.2888 0.0000e+00
      0.118 2.0489e-07     9.8152     95.889     28.913  22.717850     2.8074      7.171   250.9741 8.8132e+02     7.7894      0.114      0.165    14.2856 0.0000e+00
      0.120      0.000     9.8227     95.869     28.907  22.713229     2.7979      7.172   251.0235 8.4303e+02     7.7206      0.118      0.171    14.2853 0.0000e+00
      0.121      0.000     9.8241     95.829     28.916  22.720653     2.7927      7.172   251.1097 6.7501e+02     7.7083      0.120      0.174    14.2853 0.0000e+00
      0.120      0.001     9.8221     95.796     28.946  22.744196     2.8031      7.172   251.0692 5.5810e+02     7.7778      0.118      0.170    14.2838 0.0000e+00
      0.120      0.001     9.8198     95.804     28.945  22.744252     2.7991      7.173   251.0506 6.4776e+02     7.7750      0.117      0.169    14.2834 0.0000e+00
      0.121      0.000     9.8193     95.838     28.913  22.721337     2.7771      7.174   251.1426 9.3025e+02     7.7085      0.119      0.173    14.2841 0.0000e+00
      0.121 1.8321e-08     9.8143     95.907     28.909  22.720765     2.7455      7.174   251.1492 9.8563e+02     7.7256      0.120      0.174    14.2835 0.0000e+00
      0.120 2.0153e-07     9.8074     95.998     28.929  22.737335     2.7076      7.174   251.0443 7.0785e+02     7.8103      0.117      0.171    14.2824 0.0000e+00
      0.120 1.8472e-07     9.8120     96.066     28.922  22.731457     2.6936      7.176   250.9927 5.4445e+02     7.8448      0.117      0.170    14.2848 0.0000e+00
      0.121 -1.702e-10     9.8114     96.103     28.898  22.713105     2.6929      7.177   251.1280 6.7585e+02     7.8010      0.120      0.173    14.2901 0.0000e+00
      0.121 -1.873e-09     9.8183     96.123     28.888  22.705673     2.7243      7.177   251.3038 8.0101e+02     7.7252      0.120      0.174    14.2947 0.0000e+00
      0.120 -2.060e-08     9.8303     96.113     28.887  22.705002     2.8076      7.178   251.3978 7.0992e+02     7.6787      0.117      0.169    14.2969 0.0000e+00
      0.120 -2.266e-07     9.8367     96.077     28.887  22.704992     2.8504      7.179   251.4898 6.6280e+02     7.6154      0.116      0.168    14.2948 0.0000e+00
      0.121 -6.295e-07     9.8408     96.066     28.887  22.705559     2.8337      7.180   251.5548 6.9513e+02     7.5061      0.119      0.173    14.2925 0.0000e+00
      0.121      0.000     9.8421     96.083     28.893  22.711856     2.8054      7.180   251.5814 6.4950e+02     7.4505      0.119      0.173    14.2954 0.0000e+00
      0.121      0.000     9.8429     96.113     28.899  22.717724     2.7917      7.180   251.5541 6.8535e+02     7.4898      0.117      0.170    14.2966 0.0000e+00
      0.121     -0.001     9.8344     96.153     28.891  22.713103     2.8013      7.180   251.4825 8.5729e+02     7.5710      0.118      0.170    14.2953 0.0000e+00
      0.121     -0.001     9.8347     96.195     28.897  22.719392     2.7965      7.181   251.4910 8.5628e+02     7.5788      0.119      0.173    14.2969 0.0000e+00
      0.121     -0.001     9.8366     96.228     28.910  22.730354     2.7749      7.181   251.5704 6.6713e+02     7.5157      0.119      0.173    14.2997 0.0000e+00
      0.120     -0.000     9.8381     96.238     28.895  22.718824     2.7323      7.181   251.6682 8.5498e+02     7.5596      0.118      0.171    14.3026 0.0000e+00
      0.119      0.001     9.8429     96.236     28.880  22.706806     2.6719      7.181   251.7267 1.2236e+03     7.6999      0.117      0.170    14.3054 0.0000e+00
      0.119      0.001     9.8462     96.206     28.886  22.711857     2.6434      7.182   251.7620 1.1411e+03     7.7766      0.115      0.167    14.3072 0.0000e+00
      0.120      0.001     9.8512     96.130     28.891  22.716488     2.6299      7.182   251.8359 8.4218e+02     7.7706      0.117      0.169    14.3086 0.0000e+00
      0.123      0.001     9.8502     96.051     28.869  22.699393     2.6074      7.183   251.8462 6.1180e+02     7.7633      0.120      0.176    14.3098 0.0000e+00
      0.123      0.001     9.8506     95.996     28.866  22.695400     2.6049      7.183   251.8005 5.0801e+02     7.7902      0.122      0.177    14.3084 0.0000e+00
      0.121      0.000     9.8504     95.934     28.914  22.731619     2.6173      7.183   251.7995 5.2538e+02     7.7547      0.118      0.171    14.3084 0.0000e+00
