Data/DataNotYetUploadedToEDI/Raw_CTD/RawDownloads/041524_bvr50_S7809001.cnv
* Sea-Bird SBE19plus  Data File:
* FileName = C:\R\Reservoirs\Data\DataNotYetUploadedToEDI\Raw_CTD\RawDownloads\041524_bvr50_S7809_0001.hex
* Software version 2.8.0.119
* Temperature SN = 7809
* Conductivity SN = 7809
* System UpLoad Time = May 16 2024 15:21:02
* <ApplicationData>
* <Seaterm232>
# nquan = 15
# nvalues = 2482                        
# units = specified
# name 0 = depFM: Depth [fresh water, m]
# name 1 = dz/dtM: Descent Rate [m/s]
# name 2 = sbeox0Mg/L: Oxygen, SBE 43 [mg/l]
# name 3 = sbeox0PS: Oxygen, SBE 43 [% saturation]
# name 4 = specc: Specific Conductance [uS/cm]
# name 5 = c0uS/cm: Conductivity [uS/cm]
# name 6 = flECO-AFL: Fluorescence, WET Labs ECO-AFL/FL [mg/m^3]
# name 7 = ph: pH
# name 8 = orp: Oxidation Reduction Potential [mV]
# name 9 = par/sat/log: PAR/Logarithmic, Satlantic
# name 10 = turbWETntu0: Turbidity, WET Labs ECO [NTU]
# name 11 = prdM: Pressure, Strain Gauge [db]
# name 12 = prdE: Pressure, Strain Gauge [psi]
# name 13 = tv290C: Temperature [ITS-90, deg C]
# name 14 = flag:  0.000e+00
# span 0 =     -0.754,      9.786       
# span 1 =     -0.352,      0.205       
# span 2 =     3.9379,    10.6010       
# span 3 =     35.671,    103.422       
# span 4 =      0.216,     66.250       
# span 5 =   0.204489,  46.934531       
# span 6 =    -0.7791,    32.2226       
# span 7 =     -2.157,      7.950       
# span 8 = -1240.7212,   592.0933       
# span 9 = 1.2350e-01, 2.0466e+03       
# span 10 =    -0.2705,   932.0069      
# span 11 =     -0.739,      9.597      
# span 12 =     -1.072,     13.920      
# span 13 =    10.3731,    22.7439      
# span 14 = 0.0000e+00, 0.0000e+00      
# interval = seconds: 0.25
# start_time = Apr 15 2024 10:56:30 [Instrument's time stamp, header]
# bad_flag = -9.990e-29
*END*
[from data line 193]
      0.012      0.004    10.5243     99.350     28.913  22.767814     2.5805      6.908   230.5654 4.6241e+02     7.5675      0.014      0.021    14.3785 0.0000e+00
      0.015      0.007    10.4295     98.706     28.908  22.761369     2.5896      6.908   230.8080 4.7950e+02     7.5343      0.018      0.027    14.3755 0.0000e+00
      0.011      0.008    10.3354     98.254     28.911  22.760788     2.5981      6.908   230.8320 4.4873e+02     7.5713      0.010      0.014    14.3725 0.0000e+00
      0.007      0.009    10.2400     97.909     28.915  22.760786     2.5258      6.910   230.6832 4.5358e+02     7.5376      0.004      0.005    14.3709 0.0000e+00
      0.011      0.012    10.1460     97.599     28.918  22.761343     2.3813      6.912   230.6432 5.4382e+02     7.4678      0.010      0.014    14.3699 0.0000e+00
      0.018      0.017    10.0833     97.287     28.929  22.767518     2.2997      6.913   230.7784 5.9455e+02     7.4447      0.018      0.026    14.3669 0.0000e+00
      0.023      0.021    10.0422     97.022     28.939  22.772035     2.2958      6.914   231.0279 6.3086e+02     7.4976      0.021      0.031    14.3592 0.0000e+00
      0.029      0.021    10.0100     96.842     28.917  22.752550     2.3268      6.913   231.3368 6.8638e+02     7.5621      0.027      0.039    14.3537 0.0000e+00
      0.039      0.016     9.9822     96.691     28.878  22.722145     2.3655      6.913   231.6739 6.1210e+02     7.5410      0.039      0.058    14.3523 0.0000e+00
      0.047      0.011     9.9471     96.548     28.877  22.721460     2.3807      6.913   231.9196 4.9070e+02     7.4810      0.049      0.070    14.3478 0.0000e+00
      0.047      0.006     9.9198     96.463     28.907  22.744272     2.3862      6.914   232.0709 4.8122e+02     7.5190      0.047      0.068    14.3394 0.0000e+00
      0.043      0.003     9.9055     96.422     28.909  22.744319     2.3818      6.914   232.2993 5.0279e+02     7.5567      0.042      0.062    14.3367 0.0000e+00
      0.039      0.002     9.8916     96.362     28.882  22.722031     2.3360      6.913   232.5292 5.0239e+02     7.4922      0.039      0.056    14.3387 0.0000e+00
      0.036      0.003     9.8721     96.263     28.892  22.728422     2.2739      6.913   232.5280 5.5791e+02     7.4572      0.034      0.049    14.3387 0.0000e+00
      0.039      0.005     9.8660     96.182     28.931  22.758190     2.2471      6.915   232.2855 6.0305e+02     7.5095      0.036      0.053    14.3367 0.0000e+00
      0.046      0.008     9.8646     96.142     28.939  22.764900     2.2532      6.918   232.0923 5.4649e+02     7.5789      0.046      0.067    14.3340 0.0000e+00
      0.051      0.009     9.8611     96.095     28.912  22.746138     2.2474      6.920   232.0848 6.1070e+02     7.5782      0.052      0.075    14.3309 0.0000e+00
      0.051      0.009     9.8477     96.040     28.878  22.721577     2.2112      6.921   232.1087 7.4910e+02     7.5016      0.050      0.073    14.3283 0.0000e+00
      0.051      0.005     9.8379     96.007     28.877  22.721577     2.1972      6.924   232.1230 6.3512e+02     7.4720      0.049      0.071    14.3264 0.0000e+00
      0.053      0.001     9.8387     96.022     28.908  22.746137     2.2197      6.926   232.0859 5.9473e+02     7.5276      0.053      0.075    14.3275 0.0000e+00
      0.055     -0.002     9.8304     96.075     28.930  22.764889     2.3250      6.927   232.0030 6.9864e+02     7.5594      0.055      0.080    14.3335 0.0000e+00
      0.055     -0.004     9.8237     96.129     28.917  22.758075     2.5054      6.930   232.0679 5.7725e+02     7.5489      0.055      0.078    14.3378 0.0000e+00
      0.051     -0.004     9.8178     96.196     28.871  22.727174     2.5945      6.932   232.2677 4.9201e+02     7.5364      0.050      0.072    14.3393 0.0000e+00
      0.047     -0.004     9.8200     96.284     28.844  22.708319     2.6038      6.935   232.4398 5.5631e+02     7.5456      0.045      0.066    14.3399 0.0000e+00
      0.044     -0.002     9.8276     96.341     28.861  22.720330     2.6336      6.936   232.6006 5.2920e+02     7.5577      0.043      0.063    14.3403 0.0000e+00
      0.044      0.001     9.8315     96.361     28.900  22.745580     2.6639      6.935   232.7486 4.6122e+02     7.5124      0.042      0.061    14.3458 0.0000e+00
      0.046      0.004     9.8330     96.346     28.924  22.759972     2.6709      6.934   232.9387 4.8794e+02     7.4758      0.044      0.064    14.3575 0.0000e+00
      0.050      0.007     9.8457     96.288     28.936  22.767507     2.6682      6.934   233.1786 5.6646e+02     7.4908      0.050      0.073    14.3653 0.0000e+00
      0.053      0.009     9.8514     96.234     28.944  22.773281     2.6816      6.935   233.3269 5.6894e+02     7.5570      0.053      0.076    14.3598 0.0000e+00
      0.054      0.009     9.8548     96.193     28.935  22.766374     2.7076      6.936   233.4405 5.8326e+02     7.6621      0.052      0.075    14.3474 0.0000e+00
      0.056      0.008     9.8588     96.142     28.913  22.747396     2.7162      6.937   233.6056 7.4727e+02     7.7018      0.054      0.079    14.3390 0.0000e+00
      0.060      0.008     9.8476     96.067     28.899  22.734047     2.7192      6.940   233.7742 8.3695e+02     7.7303      0.060      0.087    14.3367 0.0000e+00
      0.061      0.008     9.8438     95.972     28.900  22.731797     2.7267      6.942   233.8449 6.9902e+02     7.7673      0.060      0.087    14.3378 0.0000e+00
      0.061      0.009     9.8396     95.879     28.888  22.720192     2.7491      6.944   233.7722 5.5392e+02     7.6705      0.058      0.085    14.3379 0.0000e+00
      0.063      0.010     9.8363     95.836     28.891  22.720546     2.7989      6.945   233.6688 5.2407e+02     7.5506      0.061      0.089    14.3352 0.0000e+00
      0.067      0.014     9.8287     95.846     28.912  22.736066     2.8285      6.945   233.7138 5.4748e+02     7.5466      0.065      0.095    14.3307 0.0000e+00
      0.069      0.019     9.8204     95.856     28.891  22.717620     2.8415      6.946   233.8858 5.4053e+02     7.5551      0.067      0.098    14.3246 0.0000e+00
      0.073      0.022     9.8090     95.837     28.853  22.687740     2.8895      6.947   234.0282 4.8814e+02     7.5164      0.070      0.102    14.3205 0.0000e+00
      0.080      0.023     9.8038     95.782     28.856  22.691836     2.9427      6.948   234.1449 4.7250e+02     7.4543      0.077      0.112    14.3189 0.0000e+00
      0.090      0.022     9.8104     95.760     28.869  22.703742     2.9518      6.949   234.2640 5.2306e+02     7.4187      0.089      0.131    14.3148 0.0000e+00
      0.099      0.020     9.8106     95.823     28.869  22.704876     2.9493      6.950   234.4364 6.1146e+02     7.4625      0.100      0.145    14.3114 0.0000e+00
      0.103      0.019     9.8118     95.902     28.873  22.705546     2.9458      6.952   234.6802 8.5808e+02     7.5055      0.102      0.148    14.3125 0.0000e+00
      0.103      0.016     9.8012     95.949     28.886  22.711845     2.9261      6.953   234.8027 1.0106e+03     7.4598      0.101      0.146    14.3156 0.0000e+00
      0.104      0.012     9.7939     95.984     28.897  22.717620     2.9115      6.954   234.7983 7.8995e+02     7.4218      0.101      0.146    14.3197 0.0000e+00
      0.109      0.010     9.8058     96.043     28.891  22.711960     2.8938      6.956   234.8854 6.2008e+02     7.4572      0.106      0.155    14.3221 0.0000e+00
      0.115      0.009     9.8157     96.137     28.884  22.706816     2.8454      6.957   234.9961 6.4380e+02     7.5112      0.115      0.166    14.3175 0.0000e+00
      0.117      0.009     9.8218     96.222     28.899  22.718838     2.7754      6.959   235.1039 6.5905e+02     7.5285      0.117      0.170    14.3077 0.0000e+00
      0.117      0.007     9.8251     96.242     28.912  22.730495     2.7303      6.960   235.2426 6.1675e+02     7.4957      0.114      0.165    14.3018 0.0000e+00
      0.117      0.003     9.8301     96.220     28.897  22.720937     2.7328      6.962   235.2963 5.7954e+02     7.5241      0.113      0.163    14.3013 0.0000e+00
      0.119      0.002     9.8415     96.205     28.907  22.730092     2.8054      6.964   235.4098 6.2595e+02     7.6679      0.118      0.170    14.3027 0.0000e+00
      0.121      0.003     9.8530     96.182     28.964  22.777789     2.9169      6.965   235.5818 7.3882e+02     7.7993      0.121      0.175    14.3046 0.0000e+00
      0.119      0.003     9.8534     96.129     28.974  22.790358     2.9661      6.965   235.5695 7.9594e+02     7.8148      0.117      0.170    14.3060 0.0000e+00
      0.118      0.001     9.8469     96.057     28.921  22.755247     2.9593      6.966   235.5192 7.9949e+02     7.7530      0.114      0.165    14.3096 0.0000e+00
      0.120     -0.001     9.8466     95.981     28.884  22.733731     2.9513      6.967   235.6615 9.3288e+02     7.7014      0.117      0.170    14.3130 0.0000e+00
      0.123     -0.001     9.8449     95.915     28.859  22.720448     2.9519      6.968   235.9142 1.0097e+03     7.6685      0.123      0.179    14.3155 0.0000e+00
      0.121     -0.001     9.8363     95.851     28.859  22.721474     2.9584      6.968   236.0791 8.6548e+02     7.5945      0.122      0.176    14.3249 0.0000e+00
      0.116     -0.003     9.8262     95.776     28.894  22.746136     2.9551      6.968   236.1067 6.7326e+02     7.5237      0.112      0.161    14.3368 0.0000e+00
      0.116     -0.006     9.8147     95.716     28.924  22.765001     2.9461      6.967   236.1619 5.5799e+02     7.5302      0.112      0.162    14.3504 0.0000e+00
      0.119     -0.008     9.8051     95.690     28.922  22.759322     2.9659      6.966   236.3157 5.4300e+02     7.5700      0.121      0.175    14.3638 0.0000e+00
      0.117     -0.008     9.8000     95.688     28.900  22.740886     3.0104      6.966   236.4175 5.1840e+02     7.5608      0.117      0.171    14.3660 0.0000e+00
      0.112     -0.007     9.7919     95.715     28.887  22.732312     3.0272      6.966   236.4470 5.1351e+02     7.4878      0.107      0.156    14.3572 0.0000e+00
      0.108     -0.006     9.7872     95.782     28.867  22.719062     3.0198      6.966   236.5005 5.6983e+02     7.4724      0.105      0.153    14.3478 0.0000e+00
      0.106     -0.004     9.7866     95.856     28.851  22.707514     3.0622      6.967   236.5480 6.9623e+02     7.6138      0.104      0.151    14.3421 0.0000e+00
      0.105     -0.001     9.7872     95.909     28.867  22.719504     3.1482      6.967   236.6771 8.7004e+02     7.7290      0.101      0.147    14.3387 0.0000e+00
      0.107      0.003     9.7876     95.962     28.894  22.737217     3.1942      6.968   236.8568 9.1959e+02     7.7043      0.105      0.152    14.3417 0.0000e+00
      0.111      0.005     9.7949     96.012     28.894  22.731444     3.1937      6.970   237.0000 8.5567e+02     7.6906      0.110      0.160    14.3485 0.0000e+00
      0.112      0.006     9.8045     96.040     28.877  22.713102     3.1758      6.971   237.1171 7.8018e+02     7.6656      0.111      0.160    14.3514 0.0000e+00
      0.112      0.005     9.8070     96.054     28.871  22.705671     3.1612      6.973   237.1542 7.4400e+02     7.6073      0.109      0.156    14.3491 0.0000e+00
      0.115      0.003     9.8155     96.074     28.871  22.705010     3.1494      6.975   237.1906 6.9481e+02     7.5668      0.113      0.164    14.3419 0.0000e+00
      0.117      0.002     9.8231     96.098     28.869  22.705105     3.1338      6.976   237.2131 6.5118e+02     7.5170      0.118      0.171    14.3326 0.0000e+00
      0.116      0.001     9.8274     96.099     28.870  22.706824     3.1467      6.977   237.2541 7.2034e+02     7.5177      0.114      0.165    14.3238 0.0000e+00
      0.114     -0.000     9.8297     96.095     28.893  22.725793     3.1802      6.978   237.4291 7.7372e+02     7.5750      0.109      0.159    14.3164 0.0000e+00
      0.115     -0.001     9.8311     96.131     28.913  22.744230     3.1980      6.978   237.6072 7.8754e+02     7.5955      0.112      0.163    14.3171 0.0000e+00
      0.117      0.000     9.8349     96.196     28.905  22.739512     3.1951      6.979   237.6875 9.2466e+02     7.5608      0.117      0.169    14.3217 0.0000e+00
      0.114      0.000     9.8342     96.233     28.898  22.732167     3.1781      6.981   237.7105 9.6046e+02     7.4968      0.112      0.163    14.3222 0.0000e+00
      0.113     -0.001     9.8305     96.198     28.885  22.718831     3.1763      6.983   237.7145 7.9970e+02     7.4708      0.107      0.155    14.3217 0.0000e+00
      0.116     -0.002     9.8340     96.111     28.870  22.705073     3.1988      6.984   237.8216 7.0458e+02     7.5195      0.114      0.165    14.3294 0.0000e+00
      0.118     -0.001     9.8409     96.029     28.858  22.692637     3.2088      6.984   237.9730 7.1285e+02     7.5381      0.119      0.172    14.3361 0.0000e+00
      0.113      0.000     9.8494     95.964     28.867  22.695296     3.1967      6.984   237.9960 6.9900e+02     7.5254      0.110      0.160    14.3275 0.0000e+00
      0.110     -0.001     9.8460     95.883     28.923  22.737212     3.2357      6.985   238.0139 6.4820e+02     7.5709      0.104      0.151    14.3219 0.0000e+00
      0.114     -0.001     9.8334     95.759     28.943  22.755562     3.3311      6.987   238.1029 6.2585e+02     7.6105      0.112      0.161    14.3223 0.0000e+00
      0.117      0.001     9.8271     95.659     28.903  22.726937     3.3756      6.988   238.1261 5.8556e+02     7.5602      0.119      0.172    14.3148 0.0000e+00
      0.114      0.002     9.8229     95.624     28.875  22.708176     3.3663      6.989   238.1226 5.7736e+02     7.4748      0.113      0.163    14.3050 0.0000e+00
      0.110      0.001     9.8198     95.638     28.887  22.718948     3.3348      6.990   238.1460 6.8850e+02     7.4654      0.105      0.152    14.3008 0.0000e+00
      0.113     -0.000     9.7998     95.653     28.902  22.730365     3.2871      6.992   238.2368 7.8005e+02     7.5154      0.110      0.160    14.3059 0.0000e+00
      0.118      0.000     9.7873     95.636     28.889  22.719393     3.2558      6.993   238.5326 7.7160e+02     7.4987      0.120      0.174    14.3143 0.0000e+00
      0.116      0.001     9.7839     95.652     28.883  22.713103     3.2477      6.994   238.7104 1.0509e+03     7.4350      0.115      0.166    14.3197 0.0000e+00
      0.112      0.001     9.7851     95.709     28.892  22.717725     3.2471      6.995   238.6656 1.3620e+03     7.4957      0.105      0.154    14.3208 0.0000e+00
      0.113     -0.001     9.7924     95.762     28.884  22.711866     3.2484      6.997   238.7660 1.1060e+03     7.6860      0.111      0.161    14.3201 0.0000e+00
      0.117     -0.001     9.7833     95.806     28.875  22.705672     3.2552      6.999   238.8915 7.5597e+02     7.8230      0.119      0.171    14.3202 0.0000e+00
      0.116      0.000     9.7871     95.861     28.875  22.706247     3.2542      7.000   238.8927 6.5413e+02     7.8197      0.116      0.168    14.3155 0.0000e+00
      0.112      0.000     9.7973     95.944     28.893  22.718825     3.2450      7.000   238.9523 6.3679e+02     7.7496      0.108      0.157    14.3103 0.0000e+00
      0.112     -0.001     9.8009     96.010     28.910  22.730931     3.1774      7.001   239.0100 6.0792e+02     7.6922      0.108      0.156    14.3116 0.0000e+00
      0.115     -0.002     9.8058     96.035     28.904  22.725794     3.0521      7.003   238.9882 5.9225e+02     7.6383      0.114      0.166    14.3149 0.0000e+00
      0.116     -0.001     9.8077     96.040     28.895  22.720125     2.9870      7.004   239.0323 6.7191e+02     7.5765      0.116      0.168    14.3151 0.0000e+00
      0.114      0.000     9.8208     95.999     28.898  22.725794     2.9806      7.004   239.1139 7.4755e+02     7.5254      0.111      0.162    14.3125 0.0000e+00
