Data/DataNotYetUploadedToEDI/Raw_CTD/RawDownloads/041524_bvr50_S7809001.cnv
* Sea-Bird SBE19plus  Data File:
* FileName = C:\R\Reservoirs\Data\DataNotYetUploadedToEDI\Raw_CTD\RawDownloads\041524_bvr50_S7809_0001.hex
* Software version 2.8.0.119
* Temperature SN = 7809
* Conductivity SN = 7809
* System UpLoad Time = May 16 2024 15:21:02
* <ApplicationData>
* <Seaterm232>
# nquan = 15
# nvalues = 2482                        
# units = specified
# name 0 = depFM: Depth [fresh water, m]
# name 1 = dz/dtM: Descent Rate [m/s]
# name 2 = sbeox0Mg/L: Oxygen, SBE 43 [mg/l]
# name 3 = sbeox0PS: Oxygen, SBE 43 [% saturation]
# name 4 = specc: Specific Conductance [uS/cm]
# name 5 = c0uS/cm: Conductivity [uS/cm]
# name 6 = flECO-AFL: Fluorescence, WET Labs ECO-AFL/FL [mg/m^3]
# name 7 = ph: pH
# name 8 = orp: Oxidation Reduction Potential [mV]
# name 9 = par/sat/log: PAR/Logarithmic, Satlantic
# name 10 = turbWETntu0: Turbidity, WET Labs ECO [NTU]
# name 11 = prdM: Pressure, Strain Gauge [db]
# name 12 = prdE: Pressure, Strain Gauge [psi]
# name 13 = tv290C: Temperature [ITS-90, deg C]
# name 14 = flag:  0.000e+00
# span 0 =     -0.754,      9.786       
# span 1 =     -0.352,      0.205       
# span 2 =     3.9379,    10.6010       
# span 3 =     35.671,    103.422       
# span 4 =      0.216,     66.250       
# span 5 =   0.204489,  46.934531       
# span 6 =    -0.7791,    32.2226       
# span 7 =     -2.157,      7.950       
# span 8 = -1240.7212,   592.0933       
# span 9 = 1.2350e-01, 2.0466e+03       
# span 10 =    -0.2705,   932.0069      
# span 11 =     -0.739,      9.597      
# span 12 =     -1.072,     13.920      
# span 13 =    10.3731,    22.7439      
# span 14 = 0.0000e+00, 0.0000e+00      
# interval = seconds: 0.25
# start_time = Apr 15 2024 10:56:30 [Instrument's time stamp, header]
# bad_flag = -9.990e-29
*END*
[from data line 2121]
      7.875     -0.274     6.4173     58.123     30.312  21.684446     3.1862      7.401   232.4329 1.2361e-01    13.9320      7.720     11.197    10.7595 0.0000e+00
      7.792     -0.223     6.4356     58.018     30.284  21.667256     3.1820      7.397   231.7617 1.2361e-01    13.2578      7.629     11.066    10.7609 0.0000e+00
      7.740     -0.165     6.4490     57.913     30.274  21.662110     3.1950      7.395   231.2814 1.2366e-01    13.1736      7.576     10.988    10.7624 0.0000e+00
      7.723     -0.109     6.4548     57.817     30.307  21.685635     3.3190      7.395   231.3574 1.2371e-01    12.8126      7.569     10.978    10.7633 0.0000e+00
      7.722     -0.065     6.4459     57.745     30.328  21.698060     3.5073      7.396   231.4766 1.2374e-01    12.0699      7.575     10.987    10.7656 0.0000e+00
      7.719     -0.047     6.4303     57.728     30.316  21.685521     3.5898      7.397   231.3456 1.2371e-01    11.6061      7.570     10.979    10.7709 0.0000e+00
      7.717     -0.061     6.4190     57.755     30.284  21.660843     3.5845      7.399   231.3224 1.2364e-01    11.5424      7.566     10.974    10.7758 0.0000e+00
      7.715     -0.100     6.4078     57.785     30.273  21.653307     3.5262      7.401   231.5409 1.2368e-01    11.2659      7.570     10.980    10.7761 0.0000e+00
      7.698     -0.145     6.3982     57.806     30.276  21.657813     3.4096      7.402   231.8363 1.2416e-01    10.6546      7.560     10.965    10.7701 0.0000e+00
      7.651     -0.178     6.3983     57.822     30.264  21.651924     3.3319      7.401   232.1405 1.2891e-01    10.2315      7.514     10.897    10.7626 0.0000e+00
      7.577     -0.188     6.4044     57.824     30.250  21.645511     3.3113      7.400   232.5521 1.3521e-01    10.1123      7.435     10.784    10.7588 0.0000e+00
      7.492     -0.174     6.4075     57.819     30.244  21.643684     3.4096      7.399   233.1126 1.4298e-01    10.1012      7.340     10.645    10.7592 0.0000e+00
      7.427     -0.141     6.4089     57.836     30.223  21.629839     3.6132      7.399   233.7554 1.5328e-01    10.1312      7.266     10.537    10.7632 0.0000e+00
      7.402     -0.098     6.4105     57.885     30.189  21.604929     3.7174      7.399   234.3877 1.5090e-01    10.1337      7.247     10.511    10.7692 0.0000e+00
      7.411     -0.053     6.4100     57.953     30.176  21.596125     3.7203      7.399   234.9923 1.4217e-01    10.0971      7.264     10.537    10.7751 0.0000e+00
      7.428     -0.014     6.4066     58.036     30.161  21.586807     3.7149      7.398   235.6462 1.4264e-01     9.8597      7.290     10.574    10.7802 0.0000e+00
      7.433      0.009     6.4081     58.133     30.110  21.555669     3.6694      7.398   236.3572 1.4421e-01     9.4492      7.296     10.582    10.7820 0.0000e+00
      7.424      0.011     6.4147     58.250     30.072  21.536677     3.5868      7.398   237.0487 1.3911e-01     9.1993      7.276     10.554    10.7805 0.0000e+00
      7.420     -0.010     6.4219     58.380     30.076  21.547412     3.5311      7.398   237.6411 1.3071e-01     9.1278      7.268     10.541    10.7798 0.0000e+00
      7.430     -0.051     6.4316     58.542     30.087  21.558654     3.5209      7.399   238.1855 1.2573e-01     9.1309      7.285     10.567    10.7814 0.0000e+00
      7.440     -0.107     6.4399     58.752     30.069  21.545802     3.4966      7.400   238.7270 1.2558e-01     9.1338      7.303     10.594    10.7897 0.0000e+00
      7.426     -0.172     6.4519     59.012     30.031  21.518827     3.4281      7.402   239.2839 1.3557e-01     9.0255      7.299     10.585    10.8063 0.0000e+00
      7.371     -0.234     6.4628     59.374     29.982  21.486136     3.3749      7.403   240.0144 1.5935e-01     8.9146      7.244     10.507    10.8223 0.0000e+00
      7.275     -0.274     6.4776     59.785     29.949  21.467576     3.3618      7.402   240.8486 1.9369e-01     8.9206      7.140     10.355    10.8276 0.0000e+00
      7.161     -0.277     6.5050     60.123     29.966  21.484649     3.4190      7.399   241.5403 2.4240e-01     9.3034      7.021     10.183    10.8244 0.0000e+00
      7.054     -0.243     6.5277     60.400     29.986  21.502349     3.5421      7.397   242.0967 2.8845e-01     9.9896      6.904     10.014    10.8235 0.0000e+00
      6.983     -0.182     6.5691     60.653     29.969  21.491362     3.6104      7.397   242.6718 3.0168e-01    10.3168      6.827      9.901    10.8286 0.0000e+00
      6.963     -0.112     6.6234     60.868     29.950  21.478623     3.6123      7.397   243.3318 2.8343e-01    10.2880      6.817      9.888    10.8375 0.0000e+00
      6.976     -0.050     6.6544     61.048     29.945  21.475135     3.6813      7.399   243.9674 2.6747e-01    10.2560      6.840      9.921    10.8468 0.0000e+00
      6.996     -0.006     6.6829     61.195     29.910  21.449194     3.8205      7.401   244.5067 2.7320e-01    10.2033      6.864      9.957    10.8516 0.0000e+00
      7.004      0.017     6.7124     61.315     29.866  21.418593     3.8968      7.402   244.9475 2.7826e-01    10.1642      6.874      9.971    10.8540 0.0000e+00
      6.999      0.020     6.7352     61.429     29.868  21.422173     3.8963      7.402   245.3390 2.7751e-01    10.1590      6.863      9.953    10.8551 0.0000e+00
      6.994      0.010     6.7551     61.525     29.875  21.429088     3.8813      7.402   245.7997 2.7347e-01     9.9355      6.853      9.940    10.8541 0.0000e+00
      6.999     -0.014     6.7724     61.581     29.886  21.438795     3.8819      7.403   246.3014 2.5600e-01     9.5109      6.862      9.952    10.8530 0.0000e+00
      7.010     -0.054     6.7829     61.609     29.936  21.476137     3.8872      7.405   246.7591 2.5060e-01     9.2605      6.875      9.972    10.8545 0.0000e+00
      7.015     -0.111     6.7960     61.633     29.969  21.500147     3.8792      7.406   247.1178 2.7033e-01     9.1968      6.886      9.988    10.8596 0.0000e+00
      6.996     -0.179     6.8077     61.685     29.935  21.475465     3.8684      7.407   247.4553 3.0065e-01     9.1515      6.878      9.974    10.8632 0.0000e+00
      6.936     -0.244     6.8120     61.771     29.872  21.431340     3.8224      7.408   247.9998 3.4719e-01     9.1570      6.817      9.887    10.8658 0.0000e+00
      6.839     -0.284     6.8148     61.867     29.839  21.410495     3.7314      7.408   248.7973 4.0570e-01     9.2286      6.710      9.732    10.8681 0.0000e+00
      6.726     -0.287     6.8150     61.943     29.837  21.413651     3.6674      7.405   249.5259 4.6288e-01     9.2311      6.595      9.565    10.8681 0.0000e+00
      6.619     -0.252     6.8209     61.993     29.822  21.406096     3.6553      7.400   249.9269 5.1384e-01     9.1876      6.481      9.400    10.8673 0.0000e+00
      6.544     -0.189     6.8313     62.031     29.786  21.382551     3.7440      7.398   250.1177 5.3885e-01     9.3859      6.397      9.278    10.8679 0.0000e+00
      6.517     -0.116     6.8431     62.074     29.782  21.382597     3.9235      7.399   250.2847 5.3027e-01     9.7842      6.379      9.251    10.8725 0.0000e+00
      6.526     -0.053     6.8500     62.140     29.812  21.406655     4.0193      7.400   250.4835 5.0386e-01     9.9723      6.398      9.278    10.8818 0.0000e+00
      6.546     -0.009     6.8536     62.222     29.828  21.419813     4.0119      7.401   250.7138 4.8462e-01     9.9524      6.422      9.316    10.8883 0.0000e+00
      6.560      0.014     6.8573     62.332     29.821  21.414877     4.0085      7.403   251.0044 4.8697e-01    10.1917      6.439      9.339    10.8909 0.0000e+00
      6.560      0.019     6.8591     62.493     29.816  21.410379     4.0369      7.403   251.3297 4.9641e-01    10.7481      6.436      9.335    10.8961 0.0000e+00
      6.553      0.014     6.8674     62.676     29.846  21.428834     4.0729      7.403   251.5499 5.0298e-01    11.1117      6.423      9.317    10.9008 0.0000e+00
      6.552      0.009     6.8759     62.837     29.878  21.447796     4.0856      7.403   251.6869 5.0577e-01    11.1045      6.420      9.312    10.9030 0.0000e+00
      6.559      0.011     6.8849     62.951     29.885  21.449421     4.1567      7.403   251.8687 4.9969e-01    10.7630      6.432      9.329    10.9034 0.0000e+00
      6.566      0.012     6.9061     63.023     29.886  21.448476     4.3177      7.402   251.8544 4.9181e-01    10.2624      6.444      9.345    10.9011 0.0000e+00
      6.567      0.002     6.9282     63.035     29.871  21.436371     4.4089      7.401   251.6003 4.8895e-01     9.9713      6.439      9.339    10.8960 0.0000e+00
      6.571     -0.031     6.9488     62.937     29.861  21.429875     4.4015      7.402   251.4636 4.7969e-01     9.8728      6.439      9.339    10.8896 0.0000e+00
      6.581     -0.083     6.9614     62.767     29.865  21.433343     4.2201      7.404   251.4925 4.7133e-01     9.7550      6.458      9.367    10.8836 0.0000e+00
      6.575     -0.145     6.9694     62.589     29.836  21.414897     3.8719      7.406   251.5193 4.8824e-01     9.5713      6.463      9.374    10.8797 0.0000e+00
      6.531     -0.206     6.9762     62.417     29.808  21.397071     3.6877      7.406   251.5294 5.4364e-01     9.4966      6.420      9.312    10.8790 0.0000e+00
      6.448     -0.258     6.9619     62.270     29.819  21.408026     3.6741      7.408   251.7866 6.3242e-01     9.4671      6.330      9.181    10.8795 0.0000e+00
      6.348     -0.286     6.9393     62.175     29.834  21.420544     3.6651      7.408   252.3924 7.1478e-01     9.3506      6.221      9.023    10.8809 0.0000e+00
      6.251     -0.277     6.9198     62.134     29.833  21.421621     3.7782      7.405   252.9172 7.7587e-01     9.2148      6.127      8.888    10.8846 0.0000e+00
      6.166     -0.235     6.8992     62.163     29.829  21.421048     4.0092      7.402   253.2281 8.5032e-01     9.0891      6.042      8.764    10.8896 0.0000e+00
      6.102     -0.175     6.8802     62.262     29.814  21.413626     4.1367      7.401   253.5706 9.1360e-01     9.0273      5.968      8.655    10.8936 0.0000e+00
      6.075     -0.111     6.8705     62.384     29.786  21.395285     4.1546      7.401   253.9602 9.1425e-01     8.9796      5.947      8.624    10.8967 0.0000e+00
      6.076     -0.054     6.8644     62.503     29.777  21.389511     4.3002      7.402   254.3254 8.8375e-01     8.8199      5.959      8.642    10.9001 0.0000e+00
      6.084     -0.011     6.8657     62.616     29.802  21.407213     4.5988      7.402   254.6308 8.7012e-01     8.5991      5.968      8.654    10.9045 0.0000e+00
      6.089      0.014     6.8794     62.739     29.819  21.419108     4.7855      7.402   254.9858 8.7698e-01     8.4963      5.970      8.659    10.9097 0.0000e+00
      6.094      0.022     6.8926     62.881     29.801  21.406521     4.8020      7.402   255.4342 8.8063e-01     8.4650      5.974      8.665    10.9138 0.0000e+00
      6.103      0.019     6.9059     63.010     29.766  21.381838     4.7641      7.402   255.7497 8.6235e-01     8.4590      5.986      8.681    10.9143 0.0000e+00
      6.111      0.014     6.9182     63.114     29.753  21.374285     4.7190      7.403   255.8754 8.4684e-01     8.5265      5.996      8.696    10.9126 0.0000e+00
      6.113      0.010     6.9298     63.197     29.755  21.378611     4.6977      7.404   256.0080 8.5098e-01     8.5986      5.996      8.697    10.9124 0.0000e+00
      6.111      0.005     6.9488     63.266     29.739  21.370743     4.7063      7.404   256.1489 8.6208e-01     8.6141      5.993      8.691    10.9129 0.0000e+00
      6.110      0.002     6.9629     63.357     29.695  21.342565     4.8151      7.404   256.3731 8.7742e-01     8.4745      5.991      8.689    10.9135 0.0000e+00
      6.111      0.003     6.9731     63.461     29.617  21.291544     5.0137      7.404   256.7405 8.7697e-01     8.2760      5.992      8.691    10.9148 0.0000e+00
      6.111      0.006     6.9832     63.556     29.564  21.261103     5.1271      7.404   256.8911 8.6025e-01     8.2298      5.993      8.693    10.9203 0.0000e+00
      6.111      0.001     6.9851     63.672     29.594  21.291543     5.1377      7.404   256.7314 8.5398e-01     8.2570      5.992      8.691    10.9285 0.0000e+00
      6.114     -0.020     6.9963     63.835     29.658  21.342572     5.1251      7.405   256.3589 8.5131e-01     8.2299      5.993      8.692    10.9330 0.0000e+00
      6.123     -0.060     7.0086     64.010     29.698  21.370843     5.0407      7.405   255.5701 8.4663e-01     8.2431      6.005      8.711    10.9387 0.0000e+00
      6.124     -0.116     7.0150     64.197     29.714  21.379739     4.9083      7.406   254.3354 8.6441e-01     8.3835      6.016      8.728    10.9535 0.0000e+00
      6.098     -0.181     7.0216     64.426     29.729  21.386732     4.8560      7.408   253.1317 9.3121e-01     8.5266      5.995      8.695    10.9730 0.0000e+00
      6.034     -0.243     7.0418     64.677     29.739  21.391989     4.8505      7.410   252.1149 1.0475e+00     8.5721      5.927      8.596    10.9828 0.0000e+00
      5.943     -0.286     7.0615     64.916     29.721  21.379889     4.7492      7.409   251.1610 1.1957e+00     8.5244      5.831      8.457    10.9797 0.0000e+00
      5.840     -0.294     7.0800     65.091     29.701  21.367245     4.5882      7.405   250.6329 1.3570e+00     8.4967      5.728      8.307    10.9725 0.0000e+00
      5.737     -0.265     7.1093     65.172     29.692  21.365925     4.5188      7.401   250.5476 1.5128e+00     8.5452      5.622      8.153    10.9659 0.0000e+00
      5.654     -0.208     7.1373     65.167     29.681  21.363933     4.5344      7.400   250.4740 1.6192e+00     8.4948      5.528      8.016    10.9630 0.0000e+00
      5.611     -0.141     7.1667     65.114     29.644  21.343171     4.7529      7.400   250.3460 1.6392e+00     8.3316      5.487      7.958    10.9635 0.0000e+00
      5.607     -0.076     7.1863     65.061     29.581  21.305116     5.1628      7.401   250.2905 1.6077e+00     8.2113      5.495      7.969    10.9675 0.0000e+00
      5.619     -0.024     7.1939     65.056     29.539  21.284259     5.3867      7.401   250.3189 1.5812e+00     8.2015      5.513      7.995    10.9749 0.0000e+00
      5.628      0.007     7.1892     65.129     29.520  21.281217     5.4117      7.402   250.4304 1.5791e+00     8.2475      5.523      8.010    10.9876 0.0000e+00
      5.633      0.018     7.1803     65.285     29.490  21.268353     5.3489      7.403   250.6064 1.5760e+00     8.2895      5.525      8.013    10.9971 0.0000e+00
      5.637      0.018     7.1711     65.541     29.462  21.255552     5.2186      7.404   250.8132 1.5517e+00     8.4024      5.528      8.017    11.0055 0.0000e+00
      5.640      0.016     7.1656     65.916     29.451  21.253255     5.1601      7.404   250.9514 1.5357e+00     8.5524      5.532      8.023    11.0243 0.0000e+00
      5.640      0.014     7.1713     66.373     29.428  21.240583     5.1569      7.404   251.1594 1.5346e+00     8.6013      5.531      8.021    11.0430 0.0000e+00
      5.643      0.012     7.1853     66.865     29.408  21.229149     5.1388      7.405   251.6074 1.5231e+00     8.4804      5.532      8.022    11.0588 0.0000e+00
      5.650      0.009     7.2095     67.373     29.420  21.241819     5.1325      7.405   251.9794 1.5060e+00     8.2865      5.541      8.036    11.0708 0.0000e+00
      5.657      0.006     7.2510     67.843     29.450  21.266971     5.1465      7.405   252.1292 1.4965e+00     8.2379      5.551      8.050    11.0797 0.0000e+00
      5.658      0.004     7.3041     68.253     29.463  21.279643     5.1590      7.406   252.3010 1.5082e+00     8.3026      5.551      8.051    11.0868 0.0000e+00
