Data/DataNotYetUploadedToEDI/Raw_CTD/RawDownloads/041524_fcr50_S7809002.cnv
* Sea-Bird SBE19plus  Data File:
* FileName = C:\R\Reservoirs\Data\DataNotYetUploadedToEDI\Raw_CTD\RawDownloads\041524_bvr50_S7809_0002.hex
* Software version 2.8.0.119
* Temperature SN = 7809
* Conductivity SN = 7809
* System UpLoad Time = May 16 2024 15:22:01
* <ApplicationData>
* <Seaterm232>
# nquan = 15
# nvalues = 2306                        
# units = specified
# name 0 = depFM: Depth [fresh water, m]
# name 1 = dz/dtM: Descent Rate [m/s]
# name 2 = sbeox0Mg/L: Oxygen, SBE 43 [mg/l]
# name 3 = sbeox0PS: Oxygen, SBE 43 [% saturation]
# name 4 = specc: Specific Conductance [uS/cm]
# name 5 = c0uS/cm: Conductivity [uS/cm]
# name 6 = flECO-AFL: Fluorescence, WET Labs ECO-AFL/FL [mg/m^3]
# name 7 = ph: pH
# name 8 = orp: Oxidation Reduction Potential [mV]
# name 9 = par/sat/log: PAR/Logarithmic, Satlantic
# name 10 = turbWETntu0: Turbidity, WET Labs ECO [NTU]
# name 11 = prdM: Pressure, Strain Gauge [db]
# name 12 = prdE: Pressure, Strain Gauge [psi]
# name 13 = tv290C: Temperature [ITS-90, deg C]
# name 14 = flag:  0.000e+00
# span 0 =     -0.692,      9.693       
# span 1 =     -2.963,      4.242       
# span 2 =     0.4000,    10.4368       
# span 3 =      3.593,    106.285       
# span 4 =      0.526,    592.696       
# span 5 =   0.536372, 411.700370       
# span 6 =    -1.0837,    13.3536       
# span 7 =      5.123,      7.792       
# span 8 = -1240.7455,   914.4315       
# span 9 = 1.2355e-01, 2.2625e+03       
# span 10 =    -4.2694,   158.0338      
# span 11 =     -0.679,      9.506      
# span 12 =     -0.985,     13.787      
# span 13 =     9.6944,    26.0454      
# span 14 = 0.0000e+00, 0.0000e+00      
# interval = seconds: 0.25
# start_time = Apr 15 2024 12:33:19 [Instrument's time stamp, header]
# bad_flag = -9.990e-29
*END*
[from data line 1639]
      7.054      0.036     8.8469     78.165     38.913  27.115333     2.5558      7.362   326.6928 1.1160e+00     5.4041      6.917     10.031     9.8347 0.0000e+00
      7.058      0.045     8.8525     78.139     38.912  27.114190     2.5366      7.361   326.5943 1.0938e+00     5.4306      6.918     10.033     9.8351 0.0000e+00
      7.069      0.057     8.8551     78.107     38.913  27.114085     2.5359      7.359   326.3452 1.0618e+00     5.4652      6.930     10.052     9.8383 0.0000e+00
      7.087      0.067     8.8563     78.090     38.914  27.114061     2.5633      7.359   326.2609 1.0240e+00     5.4460      6.947     10.077     9.8389 0.0000e+00
      7.110      0.071     8.8577     78.080     38.916  27.113904     2.6180      7.358   326.5214 9.8053e-01     5.4036      6.970     10.109     9.8392 0.0000e+00
      7.140      0.069     8.8527     78.059     38.915  27.112189     2.6560      7.358   326.8289 9.4868e-01     5.3628      7.002     10.157     9.8389 0.0000e+00
      7.165      0.064     8.8492     78.049     38.889  27.093319     2.6652      7.358   326.8809 9.4214e-01     5.3963      7.033     10.200     9.8371 0.0000e+00
      7.176      0.062     8.8470     78.071     38.866  27.076021     2.6214      7.357   326.8921 9.5465e-01     5.4331      7.041     10.212     9.8363 0.0000e+00
      7.177      0.067     8.8487     78.104     38.896  27.093318     2.5178      7.355   327.0504 9.6022e-01     5.3975      7.037     10.206     9.8339 0.0000e+00
      7.182      0.076     8.8449     78.127     38.928  27.112174     2.4441      7.354   327.0743 9.4032e-01     5.3765      7.039     10.207     9.8321 0.0000e+00
      7.200      0.086     8.8414     78.121     38.934  27.113719     2.4296      7.353   327.0082 9.0286e-01     5.3830      7.054     10.232     9.8323 0.0000e+00
      7.234      0.093     8.8476     78.097     38.934  27.112002     2.4516      7.352   327.1118 8.5718e-01     5.4083      7.091     10.284     9.8302 0.0000e+00
      7.277      0.095     8.8509     78.075     38.905  27.091417     2.4928      7.351   327.2092 8.1443e-01     5.4429      7.139     10.354     9.8258 0.0000e+00
      7.312      0.093     8.8577     78.075     38.853  27.055094     2.5031      7.351   327.2387 7.9006e-01     5.4257      7.178     10.412     9.8213 0.0000e+00
      7.328      0.086     8.8555     78.084     38.852  27.053379     2.4846      7.351   327.2965 7.6824e-01     5.4053      7.191     10.429     9.8171 0.0000e+00
      7.334      0.076     8.8538     78.078     38.879  27.070676     2.4858      7.352   327.2190 7.4299e-01     5.4360      7.189     10.426     9.8144 0.0000e+00
      7.346      0.068     8.8495     78.084     38.885  27.073950     2.4926      7.352   326.9902 7.2389e-01     5.4209      7.200     10.441     9.8141 0.0000e+00
      7.366      0.067     8.8494     78.114     38.913  27.092963     2.4917      7.351   326.8536 7.0979e-01     5.3597      7.224     10.478     9.8150 0.0000e+00
      7.388      0.070     8.8545     78.145     38.938  27.110287     2.5002      7.351   326.9440 6.9757e-01     5.3449      7.247     10.511     9.8140 0.0000e+00
      7.407      0.071     8.8498     78.156     38.914  27.093133     2.5617      7.352   327.0511 6.7983e-01     5.4466      7.264     10.536     9.8120 0.0000e+00
      7.427      0.069     8.8518     78.166     38.889  27.075837     2.6782      7.352   326.9435 6.6412e-01     5.6328      7.284     10.564     9.8105 0.0000e+00
      7.446      0.068     8.8557     78.176     38.911  27.091434     2.7350      7.352   326.8473 6.5439e-01     5.7180      7.305     10.596     9.8096 0.0000e+00
      7.460      0.068     8.8619     78.172     38.911  27.091435     2.7236      7.352   326.8345 6.4589e-01     5.6912      7.318     10.614     9.8094 0.0000e+00
      7.471      0.071     8.8603     78.160     38.889  27.075851     2.7149      7.352   326.7887 6.3317e-01     5.6498      7.323     10.621     9.8094 0.0000e+00
      7.486      0.073     8.8618     78.132     38.914  27.093291     2.6887      7.351   326.8966 6.0865e-01     5.5928      7.338     10.643     9.8094 0.0000e+00
      7.510      0.073     8.8645     78.106     38.941  27.112018     2.6485      7.351   327.1065 5.8342e-01     5.5490      7.364     10.681     9.8096 0.0000e+00
      7.537      0.070     8.8620     78.109     38.941  27.112004     2.6277      7.351   327.0890 5.6632e-01     5.4962      7.393     10.723     9.8098 0.0000e+00
      7.560      0.065     8.8629     78.137     38.914  27.093119     2.6125      7.351   326.9430 5.6092e-01     5.3982      7.419     10.760     9.8099 0.0000e+00
      7.574      0.058     8.8581     78.161     38.886  27.073963     2.6144      7.351   326.8896 5.6204e-01     5.3887      7.431     10.779     9.8096 0.0000e+00
      7.580      0.049     8.8540     78.184     38.882  27.070662     2.6339      7.351   326.8740 5.4929e-01     5.4499      7.432     10.779     9.8093 0.0000e+00
      7.587      0.042     8.8542     78.218     38.857  27.053209     2.6233      7.351   326.8405 5.2569e-01     5.4205      7.437     10.787     9.8090 0.0000e+00
      7.600      0.039     8.8598     78.240     38.857  27.053209     2.6024      7.351   326.9145 5.1542e-01     5.3745      7.454     10.811     9.8092 0.0000e+00
      7.613      0.041     8.8617     78.231     38.882  27.070663     2.6480      7.351   327.0810 5.2557e-01     5.4070      7.469     10.833     9.8097 0.0000e+00
      7.621      0.044     8.8630     78.201     38.887  27.073964     2.7509      7.351   327.1330 5.3249e-01     5.4712      7.474     10.840     9.8095 0.0000e+00
      7.629      0.044     8.8685     78.148     38.915  27.093124     2.8137      7.351   327.0266 5.2362e-01     5.4673      7.479     10.848     9.8090 0.0000e+00
      7.642      0.042     8.8729     78.072     38.943  27.112046     2.8081      7.351   326.8272 5.0900e-01     5.3943      7.494     10.869     9.8087 0.0000e+00
      7.657      0.039     8.8699     78.004     38.944  27.112476     2.7504      7.351   326.7867 5.0312e-01     5.3742      7.510     10.893     9.8085 0.0000e+00
      7.670      0.039     8.8672     77.970     38.924  27.098322     2.6739      7.351   327.1394 4.9579e-01     5.4296      7.523     10.912     9.8081 0.0000e+00
      7.678      0.042     8.8624     77.965     38.880  27.067764     2.6394      7.351   327.6496 4.8463e-01     5.4828      7.531     10.923     9.8079 0.0000e+00
      7.682      0.047     8.8512     77.964     38.869  27.060126     2.6329      7.351   327.7932 4.8684e-01     5.4708      7.533     10.926     9.8075 0.0000e+00
      7.687      0.054     8.8429     77.973     38.882  27.069405     2.6208      7.350   327.6714 4.8471e-01     5.4215      7.534     10.928     9.8072 0.0000e+00
      7.701      0.060     8.8384     77.994     38.859  27.053096     2.6180      7.350   327.6403 4.7212e-01     5.4339      7.548     10.948     9.8077 0.0000e+00
      7.726      0.064     8.8404     78.005     38.860  27.053200     2.6243      7.351   327.5029 4.5440e-01     5.4837      7.576     10.989     9.8077 0.0000e+00
      7.752      0.065     8.8393     78.012     38.885  27.070662     2.6216      7.351   327.2147 4.3490e-01     5.4770      7.604     11.029     9.8073 0.0000e+00
      7.772      0.065     8.8393     78.018     38.890  27.073965     2.6099      7.350   327.4244 4.2403e-01     5.4552      7.625     11.059     9.8071 0.0000e+00
      7.783      0.065     8.8446     78.021     38.917  27.093134     2.5837      7.350   328.1460 4.3312e-01     5.4596      7.635     11.074     9.8069 0.0000e+00
      7.790      0.065     8.8442     78.056     38.945  27.112160     2.5538      7.349   328.5404 4.4567e-01     5.4620      7.637     11.077     9.8068 0.0000e+00
      7.800      0.065     8.8448     78.112     38.947  27.113735     2.5571      7.349   328.5785 4.2416e-01     5.4495      7.644     11.087     9.8067 0.0000e+00
      7.821      0.065     8.8473     78.143     38.946  27.112166     2.5728      7.349   328.3488 3.9351e-01     5.4114      7.667     11.118     9.8066 0.0000e+00
      7.849      0.063     8.8440     78.147     38.919  27.093191     2.5859      7.349   327.8284 3.7834e-01     5.4109      7.699     11.166     9.8065 0.0000e+00
      7.874      0.059     8.8488     78.135     38.892  27.074596     2.6164      7.348   327.4484 3.6510e-01     5.4781      7.727     11.206     9.8062 0.0000e+00
      7.886      0.052     8.8590     78.108     38.896  27.077598     2.6412      7.348   327.7123 3.6127e-01     5.5405      7.738     11.222     9.8056 0.0000e+00
      7.889      0.043     8.8610     78.052     38.879  27.066066     2.6447      7.348   328.5236 3.6600e-01     5.5164      7.736     11.220     9.8051 0.0000e+00
      7.892      0.035     8.8619     77.981     38.873  27.062016     2.6000      7.348   329.0849 3.6929e-01     5.4251      7.737     11.221     9.8049 0.0000e+00
      7.901      0.031     8.8595     77.923     38.917  27.092048     2.5252      7.348   329.2508 3.6742e-01     5.3931      7.747     11.236     9.8048 0.0000e+00
      7.913      0.032     8.8581     77.880     38.946  27.112061     2.4981      7.348   329.0666 3.5960e-01     5.4376      7.762     11.256     9.8049 0.0000e+00
      7.923      0.033     8.8514     77.876     38.948  27.113710     2.4967      7.348   328.6636 3.5312e-01     5.4511      7.770     11.270     9.8052 0.0000e+00
      7.930      0.031     8.8402     77.919     38.946  27.111990     2.4583      7.348   328.6808 3.4547e-01     5.3842      7.775     11.277     9.8051 0.0000e+00
      7.938      0.026     8.8358     77.969     38.916  27.091264     2.4007      7.348   329.1027 3.3558e-01     5.3464      7.783     11.289     9.8050 0.0000e+00
      7.947      0.022     8.8287     78.001     38.861  27.053381     2.3824      7.347   329.4626 3.4130e-01     5.4044      7.795     11.305     9.8051 0.0000e+00
      7.952      0.022     8.8272     78.018     38.834  27.034511     2.4038      7.346   329.5911 3.5283e-01     5.4703      7.801     11.313     9.8050 0.0000e+00
      7.952      0.024     8.8357     78.033     38.860  27.053380     2.4679      7.346   329.5377 3.4307e-01     5.4604      7.797     11.309     9.8050 0.0000e+00
      7.954      0.028     8.8414     78.042     38.915  27.091248     2.5657      7.346   329.4188 3.3323e-01     5.4217      7.797     11.309     9.8049 0.0000e+00
      7.962      0.033     8.8451     78.030     38.945  27.111818     2.6209      7.346   329.3592 3.2920e-01     5.4461      7.806     11.321     9.8053 0.0000e+00
      7.974      0.037     8.8458     78.002     38.946  27.111818     2.6278      7.346   329.1602 3.2259e-01     5.4822      7.820     11.342     9.8059 0.0000e+00
      7.989      0.039     8.8476     77.989     38.916  27.091247     2.6246      7.347   328.9062 3.2141e-01     5.4487      7.835     11.364     9.8068 0.0000e+00
      8.002      0.036     8.8499     78.009     38.862  27.053364     2.6155      7.348   329.0409 3.1432e-01     5.3824      7.848     11.382     9.8068 0.0000e+00
      8.012      0.031     8.8481     78.023     38.835  27.034339     2.6094      7.349   329.4122 3.1501e-01     5.3973      7.858     11.397     9.8059 0.0000e+00
      8.018      0.026     8.8444     78.020     38.860  27.051493     2.6177      7.348   329.7827 3.2622e-01     5.4919      7.864     11.406     9.8052 0.0000e+00
      8.021      0.023     8.8401     78.022     38.886  27.070492     2.6235      7.348   329.9917 3.2068e-01     5.5021      7.866     11.408     9.8048 0.0000e+00
      8.022      0.021     8.8467     78.029     38.891  27.073780     2.6133      7.347   330.0462 3.0727e-01     5.4186      7.866     11.408     9.8046 0.0000e+00
      8.027      0.019     8.8478     78.020     38.916  27.091248     2.6024      7.346   329.5814 3.0036e-01     5.3696      7.870     11.414     9.8044 0.0000e+00
      8.034      0.018     8.8461     77.987     38.916  27.091418     2.6080      7.346   328.8455 2.9389e-01     5.3883      7.878     11.427     9.8045 0.0000e+00
      8.043      0.018     8.8464     77.967     38.892  27.075837     2.6310      7.346   328.9781 2.9064e-01     5.4397      7.889     11.442     9.8047 0.0000e+00
      8.048      0.018     8.8478     77.955     38.916  27.093136     2.6646      7.346   329.3786 2.9432e-01     5.4437      7.894     11.449     9.8050 0.0000e+00
      8.049      0.018     8.8487     77.923     38.940  27.110304     2.6974      7.345   329.5577 2.8890e-01     5.4033      7.892     11.447     9.8056 0.0000e+00
      8.050      0.018     8.8408     77.886     38.915  27.093137     2.7196      7.345   329.8531 2.7890e-01     5.4297      7.893     11.448     9.8060 0.0000e+00
      8.055      0.018     8.8397     77.863     38.890  27.075839     2.7341      7.345   329.3370 2.8348e-01     5.4895      7.898     11.454     9.8065 0.0000e+00
      8.062      0.019     8.8402     77.853     38.914  27.091436     2.7149      7.346   328.1354 2.7703e-01     5.4765      7.906     11.466     9.8074 0.0000e+00
      8.069      0.019     8.8351     77.856     38.914  27.091438     2.6539      7.346   327.7999 2.6084e-01     5.4435      7.914     11.478     9.8085 0.0000e+00
      8.075      0.018     8.8294     77.853     38.891  27.075865     2.6038      7.347   328.1203 2.6505e-01     5.4666      7.920     11.487     9.8090 0.0000e+00
      8.078      0.015     8.8283     77.844     38.915  27.093422     2.5910      7.347   328.3101 2.6959e-01     5.5168      7.923     11.491     9.8084 0.0000e+00
      8.080      0.011     8.8260     77.861     38.944  27.113451     2.5661      7.346   328.7173 2.6552e-01     5.5041      7.924     11.492     9.8075 0.0000e+00
      8.083      0.010     8.8277     77.893     38.964  27.127748     2.5109      7.346   329.3439 2.6557e-01     5.4158      7.927     11.496     9.8072 0.0000e+00
      8.085      0.012     8.8288     77.939     38.980  27.139445     2.4810      7.346   328.9170 2.5908e-01     5.3708      7.929     11.500     9.8075 0.0000e+00
      8.086      0.020     8.8228     77.991     38.963  27.128032     2.4799      7.346   327.5139 2.5110e-01     5.4037      7.929     11.501     9.8084 0.0000e+00
      8.088      0.032     8.8282     78.002     38.947  27.116598     2.4814      7.346   327.0061 2.5711e-01     5.4380      7.930     11.503     9.8091 0.0000e+00
      8.093      0.051     8.8305     77.977     38.963  27.128045     2.4823      7.345   327.4233 2.6786e-01     5.4784      7.933     11.506     9.8091 0.0000e+00
      8.106      0.076     8.8350     77.963     38.980  27.139587     2.4821      7.342   328.2562 2.6635e-01     5.5511      7.947     11.525     9.8096 0.0000e+00
      8.127      0.105     8.8448     77.948     38.967  27.129303     2.4867      7.340   329.4188 2.5089e-01     5.6340      7.968     11.558     9.8103 0.0000e+00
      8.156      0.133     8.8457     77.923     38.970  27.130551     2.4883      7.337   329.9510 2.2195e-01     5.6942      7.992     11.593     9.8104 0.0000e+00
      8.197      0.155     8.8385     77.918     39.007  27.154663     2.3937      7.335   329.3575 1.9896e-01     5.6644      8.034     11.652     9.8108 0.0000e+00
      8.249      0.165     8.8387     77.920     39.027  27.167139     2.2000      7.333   328.2646 1.9142e-01     5.5477      8.089     11.732     9.8104 0.0000e+00
      8.303      0.160     8.8397     77.932     39.010  27.154549     2.0773      7.332   327.6644 1.7328e-01     5.4442      8.143     11.811     9.8083 0.0000e+00
      8.353      0.145     8.8323     77.955     38.975  27.129294     2.0671      7.332   327.8657 1.5897e-01     5.4373      8.195     11.886     9.8062 0.0000e+00
