Data/DataNotYetUploadedToEDI/Raw_CTD/RawDownloads/041524_fcr50_S7809002.cnv
* Sea-Bird SBE19plus  Data File:
* FileName = C:\R\Reservoirs\Data\DataNotYetUploadedToEDI\Raw_CTD\RawDownloads\041524_bvr50_S7809_0002.hex
* Software version 2.8.0.119
* Temperature SN = 7809
* Conductivity SN = 7809
* System UpLoad Time = May 16 2024 15:22:01
* <ApplicationData>
* <Seaterm232>
# nquan = 15
# nvalues = 2306                        
# units = specified
# name 0 = depFM: Depth [fresh water, m]
# name 1 = dz/dtM: Descent Rate [m/s]
# name 2 = sbeox0Mg/L: Oxygen, SBE 43 [mg/l]
# name 3 = sbeox0PS: Oxygen, SBE 43 [% saturation]
# name 4 = specc: Specific Conductance [uS/cm]
# name 5 = c0uS/cm: Conductivity [uS/cm]
# name 6 = flECO-AFL: Fluorescence, WET Labs ECO-AFL/FL [mg/m^3]
# name 7 = ph: pH
# name 8 = orp: Oxidation Reduction Potential [mV]
# name 9 = par/sat/log: PAR/Logarithmic, Satlantic
# name 10 = turbWETntu0: Turbidity, WET Labs ECO [NTU]
# name 11 = prdM: Pressure, Strain Gauge [db]
# name 12 = prdE: Pressure, Strain Gauge [psi]
# name 13 = tv290C: Temperature [ITS-90, deg C]
# name 14 = flag:  0.000e+00
# span 0 =     -0.692,      9.693       
# span 1 =     -2.963,      4.242       
# span 2 =     0.4000,    10.4368       
# span 3 =      3.593,    106.285       
# span 4 =      0.526,    592.696       
# span 5 =   0.536372, 411.700370       
# span 6 =    -1.0837,    13.3536       
# span 7 =      5.123,      7.792       
# span 8 = -1240.7455,   914.4315       
# span 9 = 1.2355e-01, 2.2625e+03       
# span 10 =    -4.2694,   158.0338      
# span 11 =     -0.679,      9.506      
# span 12 =     -0.985,     13.787      
# span 13 =     9.6944,    26.0454      
# span 14 = 0.0000e+00, 0.0000e+00      
# interval = seconds: 0.25
# start_time = Apr 15 2024 12:33:19 [Instrument's time stamp, header]
# bad_flag = -9.990e-29
*END*
[from data line 579]
      0.099 4.9516e-07     9.4916     96.299     37.012  30.293843     3.3240      7.285   277.1990 6.3829e+02     4.5207      0.098      0.141    15.9253 0.0000e+00
      0.099      0.000     9.5020     96.337     37.012  30.295091     3.3372      7.286   276.7266 6.3629e+02     4.5541      0.098      0.142    15.9200 0.0000e+00
      0.099      0.000     9.5106     96.320     37.013  30.296338     3.3213      7.287   276.3586 6.2991e+02     4.4833      0.097      0.141    15.9177 0.0000e+00
      0.099      0.001     9.5152     96.270     37.028  30.308919     3.2992      7.287   276.7079 6.4237e+02     4.4510      0.097      0.141    15.9185 0.0000e+00
      0.099      0.002     9.5197     96.228     37.043  30.320349     3.2865      7.287   277.5935 8.3776e+02     4.5047      0.098      0.141    15.9208 0.0000e+00
      0.099      0.005     9.5263     96.175     37.028  30.307664     3.2930      7.286   278.0328 1.0249e+03     4.5524      0.098      0.141    15.9230 0.0000e+00
      0.100      0.007     9.5227     96.111     36.998  30.282406     3.2944      7.285   277.8037 9.2554e+02     4.5154      0.098      0.142    15.9244 0.0000e+00
      0.102      0.009     9.5151     96.073     36.980  30.268689     3.2777      7.284   277.2314 6.6897e+02     4.4662      0.099      0.143    15.9238 0.0000e+00
      0.106      0.012     9.5136     96.044     36.977  30.268680     3.2582      7.282   276.8788 6.4365e+02     4.5379      0.105      0.152    15.9229 0.0000e+00
      0.111      0.014     9.5085     96.005     36.992  30.282301     3.2411      7.279   277.2401 7.3091e+02     4.6996      0.110      0.159    15.9211 0.0000e+00
      0.113      0.015     9.5004     96.001     37.020  30.306521     3.2292      7.276   277.8998 6.2102e+02     4.7812      0.110      0.158    15.9190 0.0000e+00
      0.117      0.014     9.4965     96.031     37.020  30.307776     3.2223      7.275   278.1440 4.7257e+02     4.7393      0.114      0.165    15.9214 0.0000e+00
      0.123      0.011     9.4960     96.072     37.007  30.297490     3.2575      7.273   278.0419 4.6707e+02     4.6378      0.123      0.178    15.9259 0.0000e+00
      0.127      0.009     9.4870     96.116     37.022  30.309023     3.3393      7.272   277.9561 5.3965e+02     4.5438      0.126      0.182    15.9275 0.0000e+00
      0.128      0.007     9.4877     96.111     37.039  30.320349     3.3871      7.271   277.8808 7.3565e+02     4.4915      0.125      0.182    15.9285 0.0000e+00
      0.127      0.004     9.4922     96.066     37.029  30.307560     3.3936      7.271   277.7337 9.8562e+02     4.4832      0.125      0.181    15.9311 0.0000e+00
      0.127      0.002     9.4933     96.025     37.000  30.281252     3.3850      7.270   277.8126 9.0355e+02     4.4439      0.125      0.181    15.9322 0.0000e+00
      0.128      0.001     9.5032     95.992     36.970  30.255994     3.3669      7.270   278.2325 6.4790e+02     4.3237      0.126      0.182    15.9303 0.0000e+00
      0.128      0.001     9.5019     95.985     36.968  30.255889     3.3739      7.269   278.5085 5.3984e+02     4.2933      0.126      0.182    15.9266 0.0000e+00
      0.128      0.001     9.4959     95.999     36.994  30.279994     3.3951      7.269   278.4827 4.6730e+02     4.2809      0.126      0.183    15.9207 0.0000e+00
      0.128      0.001     9.4948     96.003     37.007  30.293707     3.4062      7.269   278.3508 4.0979e+02     4.1746      0.126      0.183    15.9148 0.0000e+00
      0.128      0.000     9.4896     96.022     37.003  30.294841     3.4174      7.269   278.1183 4.2115e+02     4.1355      0.126      0.183    15.9137 0.0000e+00
      0.128 1.8628e-08     9.4886     96.078     36.998  30.293706     3.4304      7.270   277.9078 4.3471e+02     4.1838      0.126      0.183    15.9165 0.0000e+00
      0.128 2.0491e-07     9.4916     96.136     36.979  30.279991     3.4469      7.271   277.9563 4.4425e+02     4.2456      0.126      0.183    15.9208 0.0000e+00
      0.129 2.0491e-07     9.4895     96.189     36.948  30.255877     3.4335      7.271   278.1033 4.5526e+02     4.2676      0.126      0.183    15.9259 0.0000e+00
      0.129 1.8628e-08     9.4878     96.228     36.946  30.255886     3.3852      7.271   278.2224 4.4595e+02     4.2453      0.126      0.183    15.9318 0.0000e+00
      0.129 1.6935e-09     9.4960     96.221     36.973  30.280105     3.3703      7.271   278.3640 5.0130e+02     4.2494      0.127      0.184    15.9365 0.0000e+00
      0.129 1.5395e-10     9.5003     96.192     36.988  30.294974     3.3871      7.270   278.4380 5.6852e+02     4.2830      0.126      0.183    15.9384 0.0000e+00
      0.129 1.3995e-11     9.5051     96.167     37.003  30.308804     3.3884      7.270   278.0857 6.3423e+02     4.2763      0.126      0.183    15.9387 0.0000e+00
      0.129 1.2723e-12     9.5122     96.137     37.016  30.320450     3.3354      7.270   277.4592 7.5513e+02     4.2366      0.127      0.184    15.9407 0.0000e+00
      0.129 1.1566e-13     9.5074     96.102     37.001  30.308928     3.2462      7.271   277.3161 6.8358e+02     4.2128      0.126      0.183    15.9454 0.0000e+00
      0.129 1.0515e-14     9.5035     96.079     36.985  30.296358     3.2090      7.272   277.6461 4.6906e+02     4.2271      0.127      0.184    15.9491 0.0000e+00
      0.129 9.5590e-16     9.5011     96.065     36.985  30.295328     3.2180      7.273   278.0939 4.6363e+02     4.2726      0.126      0.183    15.9509 0.0000e+00
      0.129 8.6900e-17     9.4985     96.061     36.989  30.296473     3.2136      7.273   278.4291 6.8670e+02     4.2515      0.127      0.184    15.9514 0.0000e+00
      0.129 7.9000e-18     9.4934     96.091     37.009  30.310199     3.1976      7.273   278.0850 8.6733e+02     4.1765      0.127      0.184    15.9524 0.0000e+00
      0.129 7.1820e-19     9.4911     96.156     37.041  30.334418     3.1906      7.274   277.2030 7.5492e+02     4.1845      0.126      0.183    15.9539 0.0000e+00
      0.129 6.5290e-20     9.4909     96.238     37.043  30.335573     3.2037      7.274   276.7989 5.0511e+02     4.2808      0.127      0.184    15.9529 0.0000e+00
      0.129 5.9355e-21     9.4886     96.302     37.028  30.324153     3.2486      7.274   277.0711 4.9985e+02     4.3499      0.127      0.184    15.9497 0.0000e+00
      0.129 5.3960e-22     9.4935     96.339     37.025  30.323209     3.3003      7.275   277.4822 6.1509e+02     4.3034      0.127      0.184    15.9460 0.0000e+00
      0.129 4.9053e-23     9.5002     96.384     37.025  30.324162     3.3122      7.275   277.7256 5.4487e+02     4.2306      0.126      0.183    15.9429 0.0000e+00
      0.129 4.4594e-24     9.5106     96.438     37.037  30.335687     3.3016      7.275   277.5184 4.4606e+02     4.2210      0.126      0.183    15.9416 0.0000e+00
      0.129 4.0540e-25     9.5175     96.463     37.035  30.335685     3.2970      7.276   276.9560 4.2000e+02     4.3244      0.126      0.183    15.9431 0.0000e+00
      0.129 3.6854e-26     9.5182     96.442     37.020  30.324142     3.2899      7.276   276.6047 5.4179e+02     4.5244      0.126      0.183    15.9451 0.0000e+00
      0.129 3.3504e-27     9.5223     96.381     37.019  30.322990     3.2743      7.277   276.5400 6.8579e+02     4.5896      0.126      0.183    15.9462 0.0000e+00
      0.129 3.0458e-28     9.5295     96.296     37.019  30.321752     3.2583      7.278   276.6048 5.8347e+02     4.4977      0.127      0.184    15.9493 0.0000e+00
      0.129 2.7689e-29     9.5317     96.210     37.007  30.309162     3.2534      7.278   276.7855 4.6939e+02     4.4719      0.127      0.184    15.9517 0.0000e+00
      0.129 2.5172e-30     9.5291     96.145     36.996  30.297636     3.2490      7.279   277.0037 4.6934e+02     4.5164      0.127      0.184    15.9522 0.0000e+00
      0.129 2.2884e-31     9.5225     96.089     37.012  30.309264     3.2385      7.280   277.0071 4.6907e+02     4.5243      0.127      0.184    15.9535 0.0000e+00
      0.129 2.0803e-32     9.5139     96.043     37.029  30.322885     3.2264      7.280   276.8263 4.1284e+02     4.4989      0.127      0.184    15.9512 0.0000e+00
      0.129 1.8912e-33     9.5047     96.028     37.044  30.335460     3.2107      7.281   276.7962 3.3374e+02     4.4480      0.127      0.184    15.9466 0.0000e+00
      0.129 1.7193e-34     9.5000     96.019     37.042  30.334430     3.2148      7.282   276.8154 3.4963e+02     4.4561      0.127      0.184    15.9438 0.0000e+00
      0.129 1.5630e-35     9.4953     95.994     37.012  30.310436     3.2433      7.282   276.7999 4.3496e+02     4.4938      0.127      0.184    15.9416 0.0000e+00
      0.129 1.4209e-36     9.4885     95.964     36.997  30.299093     3.2556      7.283   276.8678 4.4046e+02     4.4257      0.127      0.184    15.9407 0.0000e+00
      0.129 1.2917e-37     9.4893     95.960     37.024  30.324152     3.2473      7.284   277.1196 3.4955e+02     4.3838      0.126      0.183    15.9416 0.0000e+00
      0.129 1.1743e-38     9.4888     95.988     37.061  30.359686     3.2338      7.284   277.4352 3.0049e+02     4.4653      0.127      0.184    15.9417 0.0000e+00
      0.130 1.0675e-39     9.4862     96.034     37.042  30.348144     3.2178      7.284   277.5006 3.8326e+02     4.5574      0.127      0.185    15.9411 0.0000e+00
      0.130 9.7050e-41     9.4813     96.088     36.994  30.311465     3.2038      7.284   277.3935 5.1189e+02     4.5415      0.127      0.185    15.9427 0.0000e+00
      0.130 8.8225e-42     9.4797     96.150     36.977  30.296814     3.1971      7.284   277.2590 5.6247e+02     4.4435      0.127      0.185    15.9475 0.0000e+00
      0.130 8.0205e-43     9.4819     96.223     36.982  30.297864     3.2116      7.285   277.2514 5.2135e+02     4.3627      0.127      0.185    15.9549 0.0000e+00
      0.130 7.2915e-44     9.4853     96.287     37.018  30.324154     3.2287      7.286   277.7315 4.0814e+02     4.3162      0.127      0.185    15.9623 0.0000e+00
      0.130 6.6285e-45     9.4903     96.311     37.067  30.360935     3.2300      7.287   278.3314 3.1191e+02     4.3256      0.127      0.185    15.9654 0.0000e+00
      0.130 6.0260e-46     9.4958     96.296     37.072  30.361984     3.2189      7.288   278.3964 2.8485e+02     4.3056      0.127      0.184    15.9639 0.0000e+00
      0.130 5.4781e-47     9.5049     96.267     37.041  30.336830     3.1857      7.289   278.2590 2.9791e+02     4.2792      0.127      0.185    15.9598 0.0000e+00
      0.130 4.9842e-48     9.5135     96.223     37.006  30.310530     3.1627      7.289   278.1324 3.2760e+02     4.4160      0.127      0.185    15.9556 0.0000e+00
      0.130 4.9647e-49     9.5172     96.169     36.986  30.297739     3.1727      7.288   277.8979 3.5470e+02     4.5588      0.127      0.185    15.9493 0.0000e+00
      0.130 5.2217e-49     9.5148     96.131     36.996  30.309054     3.1822      7.288   278.1768 5.3194e+02     4.5723      0.128      0.185    15.9439 0.0000e+00
      0.130 5.2949e-48     9.5125     96.103     37.009  30.320473     3.1696      7.289   278.9238 6.8489e+02     4.5446      0.128      0.185    15.9452 0.0000e+00
      0.129 5.8203e-47     9.5076     96.079     36.995  30.308929     3.1449      7.291   279.2721 4.8964e+02     4.4976      0.127      0.184    15.9496 0.0000e+00
      0.129 6.4023e-46     9.4989     96.072     36.982  30.296346     3.1497      7.291   279.2042 2.9393e+02     4.4811      0.127      0.184    15.9555 0.0000e+00
      0.129 7.0425e-45     9.4953     96.058     36.983  30.295192     3.1777      7.291   278.9638 2.9732e+02     4.5161      0.127      0.184    15.9603 0.0000e+00
      0.129 7.7467e-44     9.4929     96.028     36.985  30.294986     3.1751      7.292   278.6892 3.2532e+02     4.5110      0.127      0.185    15.9614 0.0000e+00
      0.129 8.5214e-43     9.4889     95.995     36.985  30.293842     3.1440      7.293   278.8087 3.3004e+02     4.4881      0.127      0.184    15.9601 0.0000e+00
      0.129 9.3736e-42     9.4910     95.971     36.971  30.281363     3.1174      7.293   279.2908 3.2656e+02     4.5131      0.127      0.184    15.9565 0.0000e+00
      0.129 1.0311e-40     9.4906     95.976     36.959  30.270974     3.1197      7.292   279.6134 3.5297e+02     4.5392      0.127      0.184    15.9537 0.0000e+00
      0.130 1.1342e-39     9.4866     96.009     36.990  30.295089     3.1467      7.292   279.6978 3.9493e+02     4.5642      0.128      0.185    15.9515 0.0000e+00
      0.130 1.2476e-38     9.4845     96.065     37.020  30.319204     3.1696      7.293   279.6229 4.1421e+02     4.5774      0.128      0.185    15.9494 0.0000e+00
      0.130 1.3724e-37     9.4802     96.140     37.009  30.308805     3.1802      7.294   279.3098 3.7946e+02     4.5621      0.127      0.184    15.9496 0.0000e+00
      0.130 1.5096e-36     9.4816     96.215     36.997  30.296223     3.1914      7.294   279.0954 3.2656e+02     4.5498      0.127      0.185    15.9493 0.0000e+00
      0.130 1.6606e-35     9.4852     96.266     36.999  30.293946     3.2140      7.294   279.1828 3.0817e+02     4.5308      0.128      0.185    15.9469 0.0000e+00
      0.130 1.8266e-34     9.4911     96.271     36.989  30.281261     3.2535      7.294   279.3333 3.1684e+02     4.5028      0.127      0.185    15.9454 0.0000e+00
      0.130 2.0093e-33     9.4993     96.239     36.983  30.269719     3.2857      7.295   279.5390 3.7553e+02     4.4849      0.127      0.184    15.9444 0.0000e+00
      0.130 2.2102e-32     9.5082     96.216     37.003  30.281252     3.2792      7.296   279.7768 4.3485e+02     4.5192      0.128      0.185    15.9416 0.0000e+00
      0.130 2.4313e-31     9.5155     96.221     37.022  30.293835     3.2671      7.296   279.8858 3.9547e+02     4.5758      0.127      0.185    15.9369 0.0000e+00
      0.130 2.6744e-30     9.5173     96.229     37.026  30.294989     3.2553      7.296   279.8247 3.6187e+02     4.5543      0.128      0.185    15.9292 0.0000e+00
      0.130 2.9418e-29     9.5135     96.213     37.026  30.295197     3.2279      7.297   279.4672 3.8948e+02     4.4639      0.127      0.184    15.9200 0.0000e+00
      0.130 3.2360e-28     9.5121     96.182     37.027  30.296350     3.2191      7.297   279.0915 3.6398e+02     4.4059      0.127      0.185    15.9127 0.0000e+00
      0.130 3.5596e-27     9.5148     96.178     37.042  30.308933     3.2153      7.297   279.1544 3.2853e+02     4.4329      0.127      0.184    15.9083 0.0000e+00
      0.130 3.9156e-26     9.5170     96.205     37.053  30.320465     3.1987      7.297   279.3665 3.3974e+02     4.5177      0.127      0.185    15.9065 0.0000e+00
      0.130 4.3071e-25     9.5158     96.220     37.035  30.308921     3.1766      7.298   279.5047 3.5493e+02     4.5434      0.127      0.184    15.9059 0.0000e+00
      0.130 4.7378e-24     9.5098     96.212     37.018  30.296236     3.1474      7.298   279.7074 3.7139e+02     4.4702      0.127      0.185    15.9064 0.0000e+00
      0.130 5.2116e-23     9.5089     96.212     37.014  30.293949     3.1289      7.299   279.4939 3.5382e+02     4.4179      0.128      0.186    15.9083 0.0000e+00
      0.130 5.7328e-22     9.5134     96.217     36.999  30.281273     3.1281      7.299   278.8169 3.1057e+02     4.4232      0.128      0.185    15.9117 0.0000e+00
      0.130 6.3061e-21     9.5149     96.202     36.987  30.269835     3.1129      7.299   278.4904 2.9162e+02     4.4657      0.128      0.186    15.9153 0.0000e+00
      0.130 6.9367e-20     9.5110     96.154     37.006  30.282520     3.0692      7.299   278.5579 3.0770e+02     4.4877      0.128      0.185    15.9179 0.0000e+00
      0.130 7.6303e-19     9.5114     96.076     37.040  30.307779     3.0326      7.299   278.8589 3.4519e+02     4.4511      0.127      0.185    15.9193 0.0000e+00
