Data/DataNotYetUploadedToEDI/Raw_CTD/RawDownloads/041524_fcr50_S7809002.cnv
* Sea-Bird SBE19plus  Data File:
* FileName = C:\R\Reservoirs\Data\DataNotYetUploadedToEDI\Raw_CTD\RawDownloads\041524_bvr50_S7809_0002.hex
* Software version 2.8.0.119
* Temperature SN = 7809
* Conductivity SN = 7809
* System UpLoad Time = May 16 2024 15:22:01
* <ApplicationData>
* <Seaterm232>
# nquan = 15
# nvalues = 2306                        
# units = specified
# name 0 = depFM: Depth [fresh water, m]
# name 1 = dz/dtM: Descent Rate [m/s]
# name 2 = sbeox0Mg/L: Oxygen, SBE 43 [mg/l]
# name 3 = sbeox0PS: Oxygen, SBE 43 [% saturation]
# name 4 = specc: Specific Conductance [uS/cm]
# name 5 = c0uS/cm: Conductivity [uS/cm]
# name 6 = flECO-AFL: Fluorescence, WET Labs ECO-AFL/FL [mg/m^3]
# name 7 = ph: pH
# name 8 = orp: Oxidation Reduction Potential [mV]
# name 9 = par/sat/log: PAR/Logarithmic, Satlantic
# name 10 = turbWETntu0: Turbidity, WET Labs ECO [NTU]
# name 11 = prdM: Pressure, Strain Gauge [db]
# name 12 = prdE: Pressure, Strain Gauge [psi]
# name 13 = tv290C: Temperature [ITS-90, deg C]
# name 14 = flag:  0.000e+00
# span 0 =     -0.692,      9.693       
# span 1 =     -2.963,      4.242       
# span 2 =     0.4000,    10.4368       
# span 3 =      3.593,    106.285       
# span 4 =      0.526,    592.696       
# span 5 =   0.536372, 411.700370       
# span 6 =    -1.0837,    13.3536       
# span 7 =      5.123,      7.792       
# span 8 = -1240.7455,   914.4315       
# span 9 = 1.2355e-01, 2.2625e+03       
# span 10 =    -4.2694,   158.0338      
# span 11 =     -0.679,      9.506      
# span 12 =     -0.985,     13.787      
# span 13 =     9.6944,    26.0454      
# span 14 = 0.0000e+00, 0.0000e+00      
# interval = seconds: 0.25
# start_time = Apr 15 2024 12:33:19 [Instrument's time stamp, header]
# bad_flag = -9.990e-29
*END*
[from data line 1832]
      9.665     -0.019     5.9063     52.147    550.165 381.781553    -0.0769      7.199   322.1943 1.2373e-01    -0.2018      9.478     13.747     9.6946 0.0000e+00
      9.659     -0.024     5.8920     52.433    550.625 382.102393    -0.0804      7.210   322.2746 1.2371e-01    -0.2442      9.473     13.740     9.6944 0.0000e+00
      9.652     -0.032     5.8835     52.812    550.992 382.359702    -0.0698      7.221   322.4252 1.2367e-01    -0.2540      9.466     13.729     9.6944 0.0000e+00
      9.643     -0.044     5.8949     53.238    551.289 382.569452    -0.0487      7.231   322.2940 1.2367e-01    -0.2171      9.456     13.716     9.6944 0.0000e+00
      9.635     -0.063     5.9147     53.656    551.661 382.831513    -0.0408      7.239   321.1194 1.2375e-01    -0.1745      9.451     13.706     9.6947 0.0000e+00
      9.624     -0.090     5.9478     54.023    552.192 383.205003    -0.0502      7.246   319.4943 1.2375e-01    -0.1830      9.442     13.694     9.6948 0.0000e+00
      9.603     -0.126     5.9924     54.311    552.938 383.729437    -0.0617      7.255   318.7339 1.2370e-01    -0.2509      9.422     13.666     9.6950 0.0000e+00
      9.569     -0.170     6.0434     54.513    554.076 384.525707    -0.0641      7.267   318.4652 1.2369e-01    -0.2440      9.389     13.618     9.6954 0.0000e+00
      9.522     -0.208     6.0924     54.605    555.623 385.604172    -0.0540      7.298   317.6216 1.2370e-01    -0.1679      9.343     13.551     9.6956 0.0000e+00
      9.459     -0.224     6.1352     54.541    557.201 386.700417    -0.0472      7.367   315.8479 1.2366e-01    -0.1506      9.284     13.465     9.6961 0.0000e+00
      9.377     -0.211     6.1680     54.352    558.477 387.582112    -0.0569      7.460   313.2800 1.2365e-01    -0.2058      9.200     13.343     9.6968 0.0000e+00
      9.290     -0.172     6.1901     54.070    559.466 388.260640    -0.0710      7.540   303.2652 1.2371e-01    -0.2883      9.099     13.198     9.6975 0.0000e+00
      9.232     -0.118     6.2060     53.687    560.306 388.836613    -0.0683      7.595   277.8740 1.2373e-01    -0.3279      9.033     13.101     9.6980 0.0000e+00
      9.222     -0.061     6.1945     53.207    561.099 389.381879    -0.0499      7.629   248.0471 1.2372e-01    -0.2750      9.032     13.099     9.6982 0.0000e+00
      9.246     -0.011     6.1714     52.615    561.917 389.947213    -0.0396      7.651   230.0016 1.2375e-01    -0.1953      9.068     13.153     9.6976 0.0000e+00
      9.274      0.024     6.1419     51.899    562.727 390.507475    -0.0518      7.667   222.4741 1.2370e-01    -0.1842      9.099     13.198     9.6968 0.0000e+00
      9.290      0.033     6.0962     51.091    563.426 390.991279    -0.0728      7.679   215.9698 1.2363e-01    -0.2100      9.114     13.220     9.6962 0.0000e+00
      9.294      0.018     6.0439     50.251    564.026 391.406771    -0.0854      7.692   207.4554 1.2365e-01    -0.2336      9.117     13.223     9.6957 0.0000e+00
      9.292     -0.013     5.9772     49.427    564.572 391.786592    -0.0879      7.705   200.2326 1.2367e-01    -0.2644      9.111     13.215     9.6956 0.0000e+00
      9.289     -0.048     5.8944     48.648    565.018 392.097299    -0.0781      7.718   195.1479 1.2369e-01    -0.2405      9.110     13.214     9.6955 0.0000e+00
      9.282     -0.077     5.8002     47.961    565.342 392.322713    -0.0582      7.729   191.0621 1.2378e-01    -0.1495      9.110     13.214     9.6953 0.0000e+00
      9.256     -0.099     5.7022     47.398    565.706 392.575128    -0.0550      7.736   188.0863 1.2381e-01    -0.1213      9.086     13.177     9.6953 0.0000e+00
      9.213     -0.118     5.6091     46.952    566.252 392.954013    -0.0733      7.741   185.2376 1.2374e-01    -0.1726      9.034     13.103     9.6954 0.0000e+00
      9.170     -0.133     5.5178     46.592    566.917 393.417190    -0.0798      7.744   182.1724 1.2366e-01    -0.2233      8.988     13.035     9.6955 0.0000e+00
      9.138     -0.142     5.4381     46.289    567.630 393.913919    -0.0659      7.747   180.1923 1.2365e-01    -0.2553      8.959     12.994     9.6955 0.0000e+00
      9.108     -0.145     5.3753     46.010    568.385 394.440095    -0.0556      7.750   179.4502 1.2373e-01    -0.2184      8.935     12.959     9.6955 0.0000e+00
      9.073     -0.143     5.3252     45.675    569.190 395.000917    -0.0641      7.755   178.9646 1.2378e-01    -0.1529      8.900     12.908     9.6955 0.0000e+00
      9.032     -0.137     5.2869     45.243    569.950 395.528990    -0.0766      7.762   178.4506 1.2373e-01    -0.1812      8.857     12.846     9.6956 0.0000e+00
      8.992     -0.122     5.2510     44.720    570.509 395.917370    -0.0818      7.770   178.3126 1.2363e-01    -0.2527      8.818     12.790     9.6958 0.0000e+00
      8.952     -0.100     5.2253     44.091    570.930 396.209724    -0.0770      7.777   179.0161 1.2363e-01    -0.2316      8.780     12.733     9.6960 0.0000e+00
      8.919     -0.077     5.1889     43.386    571.321 396.480747    -0.0604      7.781   180.4184 1.2368e-01    -0.1651      8.737     12.672     9.6962 0.0000e+00
      8.907     -0.061     5.1369     42.617    571.694 396.740345    -0.0561      7.783   181.7598 1.2371e-01    -0.1997      8.725     12.655     9.6962 0.0000e+00
      8.917     -0.060     5.0814     41.773    572.099 397.023693    -0.0671      7.786   182.7591 1.2369e-01    -0.2743      8.747     12.687     9.6964 0.0000e+00
      8.923     -0.075     5.0067     40.917    572.528 397.323542    -0.0757      7.789   183.8107 1.2367e-01    -0.2815      8.758     12.703     9.6964 0.0000e+00
      8.910     -0.101     4.9257     40.123    572.998 397.653461    -0.0770      7.791   185.0104 1.2368e-01    -0.2534      8.746     12.684     9.6962 0.0000e+00
      8.875     -0.126     4.8414     39.361    573.553 398.042009    -0.0662      7.792   186.1658 1.2371e-01    -0.2076      8.712     12.635     9.6963 0.0000e+00
      8.819     -0.139     4.7420     38.605    574.071 398.404856    -0.0621      7.792   187.0257 1.2377e-01    -0.1722      8.652     12.548     9.6964 0.0000e+00
      8.757     -0.132     4.6394     37.909    574.467 398.682281    -0.0769      7.791   187.5772 1.2376e-01    -0.2008      8.583     12.447     9.6968 0.0000e+00
      8.709     -0.109     4.5527     37.302    574.838 398.942146    -0.0869      7.790   188.2735 1.2369e-01    -0.2453      8.529     12.370     9.6970 0.0000e+00
      8.689     -0.075     4.4689     36.775    575.235 399.221794    -0.0747      7.789   189.2505 1.2379e-01    -0.1986      8.511     12.345     9.6974 0.0000e+00
      8.692     -0.039     4.3778     36.324    575.601 399.480052    -0.0545      7.788   190.3551 1.2494e-01    -0.1139      8.525     12.364     9.6977 0.0000e+00
      8.700     -0.009     4.2988     35.953    575.968 399.739605    -0.0586      7.787   191.2187 1.2594e-01    -0.1096      8.536     12.380     9.6978 0.0000e+00
      8.703      0.007     4.2303     35.676    576.386 400.034881    -0.0833      7.785   191.4327 1.2489e-01    -0.1810      8.533     12.377     9.6980 0.0000e+00
      8.706      0.011     4.1707     35.493    576.815 400.337503    -0.0864      7.785   191.3072 1.2375e-01    -0.2590      8.536     12.381     9.6984 0.0000e+00
      8.711      0.008     4.1196     35.401    577.310 400.685830    -0.0637      7.784   191.4226 1.2365e-01    -0.2679      8.546     12.395     9.6988 0.0000e+00
      8.711      0.003     4.0759     35.386    577.874 401.081542    -0.0497      7.784   191.7081 1.2367e-01    -0.2201      8.544     12.392     9.6992 0.0000e+00
      8.710     -0.003     4.0454     35.426    578.384 401.440319    -0.0587      7.784   191.6621 1.2371e-01    -0.2269      8.539     12.385     9.6997 0.0000e+00
      8.711     -0.014     4.0237     35.494    578.889 401.794164    -0.0728      7.784   191.2115 1.2370e-01    -0.3156      8.543     12.391     9.7000 0.0000e+00
      8.711     -0.031     4.0144     35.587    579.459 402.194754    -0.0697      7.783   191.0778 1.2363e-01    -0.3708      8.543     12.392     9.7005 0.0000e+00
      8.706     -0.050     4.0132     35.681    580.039 402.601932    -0.0544      7.782   191.6808 1.2361e-01    -0.3140      8.540     12.386     9.7009 0.0000e+00
      8.693     -0.068     4.0198     35.726    580.565 402.970760    -0.0468      7.780   192.4791 1.2386e-01    -0.2096      8.530     12.372     9.7013 0.0000e+00
      8.668     -0.081     4.0265     35.722    581.026 403.295170    -0.0524      7.779   193.2443 1.2407e-01    -0.2017      8.503     12.333     9.7016 0.0000e+00
      8.634     -0.085     4.0372     35.672    581.391 403.552830    -0.0641      7.779   194.0494 1.2391e-01    -0.2863      8.465     12.278     9.7020 0.0000e+00
      8.604     -0.079     4.0525     35.571    581.686 403.760544    -0.0635      7.778   194.7281 1.2373e-01    -0.3102      8.435     12.234     9.7025 0.0000e+00
      8.580     -0.065     4.0551     35.425    582.023 403.997825    -0.0530      7.777   195.4279 1.2391e-01    -0.2177      8.411     12.199     9.7027 0.0000e+00
      8.565     -0.046     4.0555     35.219    582.346 404.225341    -0.0538      7.775   196.3153 1.2620e-01    -0.1240      8.394     12.174     9.7030 0.0000e+00
      8.564     -0.027     4.0502     34.942    582.471 404.314986    -0.0651      7.774   197.2840 1.3405e-01    -0.1682      8.398     12.180     9.7035 0.0000e+00
      8.566     -0.012     4.0374     34.617    582.455 404.306491    -0.0815      7.773   198.1929 1.3926e-01    -0.2735      8.404     12.190     9.7037 0.0000e+00
      8.565     -0.003     4.0223     34.274    582.559 404.381040    -0.0850      7.772   198.8727 1.3787e-01    -0.3046      8.400     12.183     9.7040 0.0000e+00
      8.565      0.001     3.9994     33.897    582.827 404.570333    -0.0657      7.770   199.4808 1.3602e-01    -0.2708      8.398     12.181     9.7043 0.0000e+00
      8.567      0.001     3.9674     33.490    583.134 404.786346    -0.0486      7.770   200.2976 1.3148e-01    -0.2067      8.402     12.187     9.7045 0.0000e+00
      8.567      0.000     3.9272     33.081    583.330 404.925532    -0.0522      7.769   201.1764 1.2818e-01    -0.1784      8.401     12.186     9.7048 0.0000e+00
      8.566      0.001     3.8910     32.663    583.378 404.961155    -0.0677      7.768   201.9321 1.2729e-01    -0.2362      8.400     12.183     9.7050 0.0000e+00
      8.566      0.001     3.8482     32.244    583.370 404.958640    -0.0784      7.768   202.6386 1.2870e-01    -0.2902      8.402     12.185     9.7052 0.0000e+00
      8.566      0.000     3.7986     31.849    583.368 404.959738    -0.0820      7.768   203.2646 1.3515e-01    -0.2853      8.402     12.186     9.7055 0.0000e+00
      8.566     -0.000     3.7550     31.474    583.478 405.039043    -0.0696      7.767   203.8232 1.3765e-01    -0.2457      8.400     12.183     9.7058 0.0000e+00
      8.567     -0.000     3.7060     31.094    583.716 405.206856    -0.0452      7.766   204.4887 1.3214e-01    -0.1866      8.401     12.185     9.7060 0.0000e+00
      8.567      0.000     3.6575     30.701    583.953 405.373639    -0.0446      7.765   205.2025 1.2606e-01    -0.1857      8.402     12.187     9.7062 0.0000e+00
      8.567     -0.002     3.6124     30.312    584.138 405.505090    -0.0622      7.764   205.8282 1.2409e-01    -0.2352      8.400     12.185     9.7064 0.0000e+00
      8.567     -0.007     3.5716     29.933    584.319 405.633329    -0.0663      7.763   206.3753 1.2571e-01    -0.2384      8.401     12.184     9.7067 0.0000e+00
      8.567     -0.015     3.5293     29.562    584.500 405.761259    -0.0608      7.762   206.9136 1.2752e-01    -0.1896      8.402     12.186     9.7069 0.0000e+00
      8.565     -0.028     3.4828     29.195    584.681 405.888980    -0.0538      7.762   207.6037 1.2860e-01    -0.1236      8.401     12.185     9.7072 0.0000e+00
      8.560     -0.043     3.4389     28.841    584.860 406.014681    -0.0576      7.761   208.3529 1.3236e-01    -0.0553      8.397     12.179     9.7074 0.0000e+00
      8.546     -0.060     3.3958     28.504    585.006 406.118177    -0.0736      7.760   208.7447 1.3305e-01    -0.0137      8.385     12.161     9.7075 0.0000e+00
      8.526     -0.078     3.3543     28.180    585.172 406.235848    -0.0803      7.759   208.8129 1.2800e-01     0.0048      8.362     12.128     9.7077 0.0000e+00
      8.502     -0.095     3.3118     27.866    585.411 406.403722    -0.0715      7.758   208.8331 1.2843e-01     0.5437      8.338     12.093     9.7079 0.0000e+00
      8.477     -0.110     3.2713     27.558    585.686 406.597333    -0.0176      7.757   208.8178 1.3946e-01     6.5702      8.315     12.059     9.7081 0.0000e+00
      8.447     -0.123     3.2339     27.255    585.927 406.767761     0.0634      7.757   208.8859 1.5427e-01    17.5322      8.285     12.016     9.7083 0.0000e+00
      8.412     -0.133     3.1963     26.967    586.134 406.913741     0.1008      7.757   209.1397 1.7473e-01    23.6038      8.250     11.966     9.7085 0.0000e+00
      8.375     -0.138     3.1617     26.704    586.356 407.070192     0.1272      7.756   209.3053 1.9989e-01    25.9403      8.214     11.914     9.7087 0.0000e+00
      8.337     -0.135     3.1265     26.461    586.593 407.237978     0.2745      7.755   209.3403 2.1531e-01    46.0905      8.176     11.859     9.7090 0.0000e+00
      8.298     -0.122     3.0916     26.208    586.810 407.391775     0.5167      7.753   209.5622 2.2603e-01    82.8809      8.137     11.801     9.7092 0.0000e+00
      8.261     -0.101     3.0588     25.960    586.974 407.508289     0.6417      7.751   209.8367 2.4250e-01   102.9744      8.098     11.747     9.7093 0.0000e+00
      8.231     -0.077     3.0281     25.755    587.122 407.612959     0.6617      7.749   209.9917 2.5206e-01   105.9449      8.064     11.696     9.7095 0.0000e+00
      8.217     -0.052     3.0034     25.588    587.320 407.752757     0.8591      7.747   210.2331 2.4496e-01   119.6853      8.050     11.676     9.7098 0.0000e+00
      8.217     -0.030     2.9737     25.431    587.537 407.906324     1.2297      7.746   210.6909 2.3049e-01   144.6655      8.060     11.690     9.7101 0.0000e+00
      8.219     -0.012     2.9424     25.268    587.738 408.048239     1.4236      7.745   211.2244 2.2381e-01   158.0338      8.063     11.694     9.7103 0.0000e+00
      8.218     -0.002     2.9207     25.104    587.920 408.176376     1.4386      7.745   211.6934 2.3131e-01   156.5359      8.057     11.685     9.7104 0.0000e+00
      8.219      0.001     2.9025     24.969    588.084 408.292573     1.6351      7.745   212.1460 2.3698e-01   127.3747      8.060     11.689     9.7106 0.0000e+00
      8.220      0.001     2.8857     24.860    588.262 408.419346     2.0190      7.744   212.5660 2.2760e-01    73.8387      8.063     11.693     9.7109 0.0000e+00
      8.219      0.001     2.8670     24.743    588.440 408.546117     2.2434      7.743   212.9858 2.1501e-01    44.6515      8.059     11.688     9.7111 0.0000e+00
      8.219      0.001     2.8468     24.608    588.604 408.662286     2.2838      7.742   213.4364 2.1339e-01    41.6695      8.060     11.689     9.7112 0.0000e+00
      8.220     -0.001     2.8307     24.473    588.785 408.790087     2.4075      7.741   213.7980 2.1015e-01    37.9554      8.062     11.693     9.7115 0.0000e+00
      8.220     -0.009     2.8215     24.338    588.981 408.928267     2.6410      7.740   213.9165 2.0434e-01    31.7178      8.061     11.692     9.7118 0.0000e+00
      8.221     -0.027     2.8082     24.208    589.138 409.040708     2.7760      7.739   213.7510 2.1474e-01    28.4551      8.061     11.691     9.7120 0.0000e+00
