Data/DataNotYetUploadedToEDI/Raw_CTD/RawDownloads/041524_fcr50_S7809002.cnv
* Sea-Bird SBE19plus  Data File:
* FileName = C:\R\Reservoirs\Data\DataNotYetUploadedToEDI\Raw_CTD\RawDownloads\041524_bvr50_S7809_0002.hex
* Software version 2.8.0.119
* Temperature SN = 7809
* Conductivity SN = 7809
* System UpLoad Time = May 16 2024 15:22:01
* <ApplicationData>
* <Seaterm232>
# nquan = 15
# nvalues = 2306                        
# units = specified
# name 0 = depFM: Depth [fresh water, m]
# name 1 = dz/dtM: Descent Rate [m/s]
# name 2 = sbeox0Mg/L: Oxygen, SBE 43 [mg/l]
# name 3 = sbeox0PS: Oxygen, SBE 43 [% saturation]
# name 4 = specc: Specific Conductance [uS/cm]
# name 5 = c0uS/cm: Conductivity [uS/cm]
# name 6 = flECO-AFL: Fluorescence, WET Labs ECO-AFL/FL [mg/m^3]
# name 7 = ph: pH
# name 8 = orp: Oxidation Reduction Potential [mV]
# name 9 = par/sat/log: PAR/Logarithmic, Satlantic
# name 10 = turbWETntu0: Turbidity, WET Labs ECO [NTU]
# name 11 = prdM: Pressure, Strain Gauge [db]
# name 12 = prdE: Pressure, Strain Gauge [psi]
# name 13 = tv290C: Temperature [ITS-90, deg C]
# name 14 = flag:  0.000e+00
# span 0 =     -0.692,      9.693       
# span 1 =     -2.963,      4.242       
# span 2 =     0.4000,    10.4368       
# span 3 =      3.593,    106.285       
# span 4 =      0.526,    592.696       
# span 5 =   0.536372, 411.700370       
# span 6 =    -1.0837,    13.3536       
# span 7 =      5.123,      7.792       
# span 8 = -1240.7455,   914.4315       
# span 9 = 1.2355e-01, 2.2625e+03       
# span 10 =    -4.2694,   158.0338      
# span 11 =     -0.679,      9.506      
# span 12 =     -0.985,     13.787      
# span 13 =     9.6944,    26.0454      
# span 14 = 0.0000e+00, 0.0000e+00      
# interval = seconds: 0.25
# start_time = Apr 15 2024 12:33:19 [Instrument's time stamp, header]
# bad_flag = -9.990e-29
*END*
[from data line 482]
      0.099 -2.897e-17     9.5033     95.947     36.991  30.212647     3.1290      7.251   274.3458 5.3466e+02     4.1936      0.097      0.141    15.8531 0.0000e+00
      0.099 -2.634e-18     9.4991     96.024     36.976  30.212835     3.1121      7.251   273.6873 4.5932e+02     4.2599      0.097      0.141    15.8424 0.0000e+00
      0.099 -2.395e-19     9.4988     96.085     36.974  30.226370     3.1020      7.251   273.3803 5.0800e+02     4.2799      0.097      0.141    15.8325 0.0000e+00
      0.099 -2.177e-20     9.5008     96.103     36.986  30.249445     3.0980      7.251   273.4733 4.8020e+02     4.2316      0.097      0.141    15.8237 0.0000e+00
      0.099 -1.979e-21     9.5008     96.107     36.959  30.238119     3.1302      7.252   273.6924 4.0519e+02     4.2219      0.097      0.141    15.8281 0.0000e+00
      0.099 -1.799e-22     9.5085     96.128     36.924  30.216309     3.1922      7.252   273.9654 4.4699e+02     4.2645      0.098      0.141    15.8510 0.0000e+00
      0.099 -1.636e-23     9.5107     96.166     36.950  30.239489     3.2231      7.253   274.0205 5.8531e+02     4.2683      0.097      0.141    15.8728 0.0000e+00
      0.099 -1.487e-24     9.5070     96.190     36.982  30.264664     3.2204      7.254   273.7555 6.3790e+02     4.2683      0.097      0.141    15.8897 0.0000e+00
      0.099 -1.352e-25     9.5037     96.204     36.988  30.266953     3.2184      7.254   273.4287 6.0828e+02     4.2652      0.097      0.141    15.9059 0.0000e+00
      0.099 -1.229e-26     9.5026     96.215     36.991  30.267161     3.2403      7.253   273.3390 5.6016e+02     4.2643      0.097      0.141    15.9153 0.0000e+00
      0.099 -1.117e-27     9.5092     96.223     36.993  30.267179     3.2680      7.253   273.2737 4.8511e+02     4.2919      0.097      0.141    15.9179 0.0000e+00
      0.099 -1.015e-28     9.5101     96.231     36.999  30.267172     3.2709      7.253   273.2417 5.0820e+02     4.2907      0.098      0.141    15.9159 0.0000e+00
      0.099 -9.230e-30     9.5126     96.215     37.010  30.267068     3.2588      7.253   273.7257 7.0315e+02     4.2837      0.097      0.141    15.9107 0.0000e+00
      0.099 -8.395e-31     9.5152     96.197     37.023  30.265907     3.2551      7.254   274.3938 9.1898e+02     4.3445      0.097      0.141    15.9069 0.0000e+00
      0.099 -7.630e-32     9.5141     96.188     37.018  30.253118     3.2594      7.255   274.5226 9.6507e+02     4.4451      0.097      0.141    15.9078 0.0000e+00
      0.099 -6.935e-33     9.5192     96.153     37.006  30.239299     3.2690      7.255   274.1649 8.5892e+02     4.5098      0.097      0.141    15.9021 0.0000e+00
      0.099 -6.305e-34     9.5186     96.108     36.988  30.225677     3.2629      7.255   273.7682 6.4633e+02     4.4434      0.097      0.141    15.8868 0.0000e+00
      0.099 -5.730e-35     9.5185     96.078     36.971  30.215287     3.2274      7.255   273.5978 4.4908e+02     4.2915      0.097      0.141    15.8698 0.0000e+00
      0.099 -5.210e-36     9.5246     96.050     36.992  30.240546     3.2059      7.256   274.1694 4.4775e+02     4.2443      0.097      0.141    15.8558 0.0000e+00
      0.099 -4.731e-37     9.5198     96.030     37.023  30.277355     3.2108      7.257   275.4316 5.6239e+02     4.2830      0.097      0.141    15.8517 0.0000e+00
      0.099 -3.578e-38     9.5136     96.015     37.013  30.279755     3.2120      7.257   275.9522 5.9539e+02     4.2803      0.097      0.141    15.8539 0.0000e+00
      0.099 7.6298e-38     9.5116     95.975     36.988  30.269583     3.1872      7.257   275.5598 5.0816e+02     4.2804      0.097      0.141    15.8576 0.0000e+00
      0.099 8.8199e-37     9.5052     95.938     36.991  30.281238     3.1609      7.258   275.2479 4.2086e+02     4.3872      0.097      0.141    15.8695 0.0000e+00
      0.099 9.7058e-36     9.4994     95.962     36.993  30.293820     3.1603      7.259   274.9335 4.2904e+02     4.5463      0.097      0.141    15.8872 0.0000e+00
      0.099 1.0676e-34     9.4973     96.042     36.980  30.294858     3.1539      7.259   274.5116 5.2571e+02     4.5978      0.097      0.141    15.9021 0.0000e+00
      0.099 1.1744e-33     9.4899     96.149     36.970  30.293808     3.1501      7.259   274.7936 5.8018e+02     4.5328      0.097      0.141    15.9146 0.0000e+00
      0.099 1.2918e-32     9.4795     96.251     36.955  30.281131     3.1734      7.259   275.6765 5.0023e+02     4.4775      0.097      0.141    15.9265 0.0000e+00
      0.099 1.4210e-31     9.4812     96.323     36.947  30.268446     3.2022      7.260   276.0657 4.3059e+02     4.4757      0.098      0.141    15.9412 0.0000e+00
      0.099 1.5631e-30     9.4857     96.371     36.955  30.267293     3.2233      7.261   275.9723 5.7819e+02     4.5111      0.097      0.141    15.9600 0.0000e+00
      0.099 1.7194e-29     9.4949     96.367     36.962  30.267189     3.2211      7.261   275.6662 9.0546e+02     4.5301      0.097      0.141    15.9712 0.0000e+00
      0.099 1.8914e-28     9.5075     96.275     36.967  30.267181     3.2004      7.262   275.2028 1.0295e+03     4.4996      0.097      0.141    15.9692 0.0000e+00
      0.099 2.0805e-27     9.5145     96.136     36.970  30.267189     3.1902      7.263   275.2738 8.3686e+02     4.4849      0.097      0.141    15.9589 0.0000e+00
      0.099 2.2886e-26     9.5234     96.031     36.970  30.267284     3.1970      7.263   276.0078 6.4963e+02     4.5224      0.097      0.141    15.9472 0.0000e+00
      0.099 2.5174e-25     9.5270     95.990     36.969  30.268324     3.1834      7.263   276.5064 6.1822e+02     4.5779      0.097      0.141    15.9399 0.0000e+00
      0.099 2.7692e-24     9.5170     96.000     36.979  30.279762     3.1253      7.262   276.4852 7.1393e+02     4.5751      0.097      0.141    15.9344 0.0000e+00
      0.099 3.0461e-23     9.5000     96.028     36.972  30.278721     3.0769      7.262   276.2670 7.4286e+02     4.5220      0.097      0.141    15.9303 0.0000e+00
      0.099 3.3507e-22     9.4893     96.055     36.938  30.255750     3.0813      7.262   276.1051 6.0683e+02     4.5175      0.097      0.141    15.9301 0.0000e+00
      0.099 3.6858e-21     9.4853     96.092     36.935  30.255750     3.1199      7.262   276.2486 5.2861e+02     4.5541      0.097      0.141    15.9324 0.0000e+00
      0.099 4.0544e-20     9.4865     96.137     36.963  30.278730     3.1526      7.263   276.5393 5.9810e+02     4.5548      0.097      0.141    15.9362 0.0000e+00
      0.099 4.4598e-19     9.4895     96.185     36.964  30.279865     3.1512      7.264   276.7806 5.9577e+02     4.4925      0.097      0.141    15.9435 0.0000e+00
      0.099 4.9058e-18     9.4888     96.227     36.950  30.269475     3.1277      7.265   276.9285 4.7578e+02     4.4151      0.097      0.141    15.9513 0.0000e+00
      0.099 5.3963e-17     9.4924     96.240     36.960  30.279978     3.1186      7.265   276.9512 5.5991e+02     4.4049      0.097      0.141    15.9547 0.0000e+00
      0.099 5.9360e-16     9.4974     96.230     36.959  30.279988     3.1492      7.266   276.9699 7.2566e+02     4.3686      0.097      0.141    15.9543 0.0000e+00
      0.099 6.5296e-15     9.5014     96.205     36.944  30.269599     3.1907      7.266   276.8102 6.9979e+02     4.2500      0.097      0.141    15.9541 0.0000e+00
      0.099 7.1825e-14     9.5074     96.150     36.955  30.281236     3.1949      7.266   276.3964 6.4669e+02     4.2000      0.097      0.140    15.9562 0.0000e+00
      0.099 1.3168e-13     9.5074     96.101     36.967  30.293827     3.1839      7.266   276.1838 5.7924e+02     4.2087      0.097      0.141    15.9587 0.0000e+00
      0.099 7.1825e-14     9.5044     96.072     36.967  30.294973     3.1904      7.266   276.3041 5.2521e+02     4.2867      0.097      0.141    15.9614 0.0000e+00
      0.099 6.5295e-15     9.5048     96.017     36.968  30.295088     3.2069      7.267   276.6461 5.8814e+02     4.4262      0.097      0.141    15.9638 0.0000e+00
      0.099 5.9360e-16     9.4954     95.959     36.970  30.295211     3.2094      7.268   277.0490 6.7160e+02     4.4602      0.097      0.141    15.9670 0.0000e+00
      0.099 5.3960e-17     9.4882     95.962     36.976  30.296460     3.1954      7.268   277.2172 6.5978e+02     4.4578      0.097      0.141    15.9716 0.0000e+00
      0.099 4.9057e-18     9.4895     96.016     36.996  30.310185     3.1951      7.268   276.7872 6.5393e+02     4.5008      0.097      0.141    15.9722 0.0000e+00
      0.099 4.4597e-19     9.4826     96.072     37.027  30.334291     3.2144      7.269   276.1527 7.3873e+02     4.5348      0.097      0.140    15.9711 0.0000e+00
      0.099 4.0543e-20     9.4733     96.117     37.026  30.334188     3.2289      7.269   276.1699 7.5236e+02     4.5277      0.097      0.141    15.9698 0.0000e+00
      0.099 3.6857e-21     9.4757     96.153     36.993  30.308938     3.2208      7.270   276.4787 7.8085e+02     4.4838      0.097      0.141    15.9646 0.0000e+00
      0.099 3.3507e-22     9.4850     96.183     36.963  30.282735     3.2079      7.271   276.7898 9.1219e+02     4.4487      0.097      0.141    15.9594 0.0000e+00
      0.099 3.0460e-23     9.4904     96.177     36.953  30.271108     3.2148      7.271   277.0917 1.2520e+03     4.4102      0.097      0.141    15.9573 0.0000e+00
      0.099 2.7691e-24     9.4953     96.140     36.989  30.295213     3.2297      7.271   276.6868 1.5515e+03     4.3255      0.097      0.141    15.9585 0.0000e+00
      0.099 2.5174e-25     9.4964     96.114     37.026  30.320453     3.2377      7.271   275.9389 1.2196e+03     4.2444      0.097      0.141    15.9623 0.0000e+00
      0.099 2.2885e-26     9.5019     96.079     37.034  30.322542     3.2362      7.271   275.7921 7.2994e+02     4.2834      0.097      0.141    15.9622 0.0000e+00
      0.099 2.0805e-27     9.5030     96.056     37.036  30.320463     3.2292      7.272   275.9443 5.5538e+02     4.4220      0.097      0.141    15.9558 0.0000e+00
      0.099 1.8913e-28     9.4967     96.088     37.008  30.295309     3.2273      7.273   276.2306 4.9095e+02     4.5531      0.096      0.140    15.9469 0.0000e+00
      0.099 1.7194e-29     9.4995     96.136     36.982  30.272130     3.2221      7.273   276.6722 4.5508e+02     4.5716      0.097      0.141    15.9399 0.0000e+00
      0.099 1.5631e-30     9.4953     96.161     37.008  30.293948     3.2076      7.273   276.4656 4.7382e+02     4.4743      0.098      0.142    15.9355 0.0000e+00
      0.099 1.4210e-31     9.4906     96.189     37.019  30.305376     3.2098      7.274   275.6254 5.4768e+02     4.4354      0.098      0.141    15.9303 0.0000e+00
      0.099 1.2918e-32     9.4980     96.241     36.991  30.283443     3.2406      7.274   275.2036 5.9870e+02     4.4778      0.097      0.141    15.9260 0.0000e+00
      0.099 1.1744e-33     9.5048     96.279     36.992  30.282497     3.2720      7.274   275.3231 6.5675e+02     4.5080      0.097      0.141    15.9240 0.0000e+00
      0.099 1.0676e-34     9.5056     96.299     37.009  30.293935     3.2813      7.274   275.6075 9.3668e+02     4.4936      0.097      0.141    15.9242 0.0000e+00
      0.099 9.7339e-36     9.5054     96.329     37.012  30.294863     3.2453      7.275   275.9746 1.2904e+03     4.4745      0.098      0.141    15.9299 0.0000e+00
      0.099 1.1945e-36     9.5130     96.349     37.010  30.293719     3.1774      7.276   275.8907 1.2285e+03     4.4816      0.097      0.140    15.9324 0.0000e+00
      0.099 3.5138e-36     9.5182     96.348     36.993  30.280106     3.1518      7.276   275.3676 8.7943e+02     4.4765      0.097      0.141    15.9272 0.0000e+00
      0.099 3.7777e-35     9.5181     96.336     36.963  30.257126     3.1679      7.275   275.1561 6.6045e+02     4.4818      0.097      0.141    15.9222 0.0000e+00
      0.099 4.1547e-34     9.5236     96.303     36.978  30.269604     3.1394      7.275   275.2262 6.3751e+02     4.4775      0.097      0.141    15.9214 0.0000e+00
      0.099 4.5701e-33     9.5260     96.258     37.021  30.304118     3.0649      7.276   275.3551 6.5369e+02     4.4588      0.098      0.141    15.9224 0.0000e+00
      0.099 5.0271e-32     9.5238     96.212     37.009  30.293833     3.0339      7.277   275.5955 6.0966e+02     4.4943      0.097      0.141    15.9236 0.0000e+00
      0.099 5.5298e-31     9.5239     96.161     36.983  30.272109     3.0478      7.277   275.8104 6.5957e+02     4.5316      0.097      0.141    15.9262 0.0000e+00
      0.099 6.0828e-30     9.5199     96.118     37.011  30.295193     3.0663      7.277   275.9742 6.8938e+02     4.4998      0.097      0.141    15.9265 0.0000e+00
      0.099 6.6911e-29     9.5144     96.081     37.040  30.319205     3.0825      7.277   275.9417 5.5833e+02     4.4512      0.098      0.141    15.9249 0.0000e+00
      0.099 7.3602e-28     9.5119     96.038     37.025  30.308703     3.0854      7.278   275.7613 5.9459e+02     4.4561      0.097      0.141    15.9235 0.0000e+00
      0.099 8.0962e-27     9.5053     95.987     37.006  30.295080     3.0931      7.279   275.7718 7.4734e+02     4.5243      0.097      0.141    15.9222 0.0000e+00
      0.099 8.9059e-26     9.5017     95.928     36.988  30.281363     3.1255      7.279   275.8112 7.3819e+02     4.5590      0.097      0.141    15.9221 0.0000e+00
      0.099 9.7965e-25     9.4985     95.892     36.975  30.269727     3.1693      7.279   275.7207 8.0166e+02     4.4999      0.097      0.141    15.9233 0.0000e+00
      0.099 1.0776e-23     9.4931     95.933     36.990  30.281252     3.1893      7.279   275.8826 8.7981e+02     4.4250      0.097      0.141    15.9259 0.0000e+00
      0.099 1.1854e-22     9.4880     96.040     37.005  30.293833     3.1930      7.279   276.2192 7.2113e+02     4.4046      0.097      0.141    15.9295 0.0000e+00
      0.099 1.3039e-21     9.4809     96.116     37.004  30.294976     3.2057      7.279   276.1768 7.2923e+02     4.4239      0.098      0.141    15.9309 0.0000e+00
      0.099 1.4343e-20     9.4752     96.144     37.001  30.295079     3.2180      7.280   275.8864 9.1794e+02     4.4192      0.097      0.141    15.9296 0.0000e+00
      0.099 1.5777e-19     9.4783     96.149     36.999  30.295089     3.2337      7.281   275.6342 8.5356e+02     4.3819      0.097      0.141    15.9273 0.0000e+00
      0.099 1.7355e-18     9.4959     96.118     36.999  30.295090     3.2538      7.281   275.5359 6.9194e+02     4.4172      0.097      0.141    15.9272 0.0000e+00
      0.099 1.9091e-17     9.5022     96.078     37.000  30.295090     3.2617      7.282   275.9032 7.1081e+02     4.5038      0.097      0.141    15.9312 0.0000e+00
      0.099 2.1000e-16     9.5008     96.053     37.002  30.295090     3.2539      7.284   276.4612 7.7051e+02     4.4728      0.097      0.141    15.9357 0.0000e+00
      0.099 2.3100e-15     9.5046     96.003     37.006  30.295090     3.2510      7.284   276.6034 7.1727e+02     4.3498      0.097      0.141    15.9371 0.0000e+00
      0.099 2.5409e-14     9.4988     95.935     37.007  30.295090     3.2595      7.285   276.5039 7.8256e+02     4.2462      0.097      0.141    15.9366 0.0000e+00
      0.099 2.7950e-13     9.4936     95.925     37.007  30.295081     3.2658      7.285   276.3773 1.0096e+03     4.2449      0.097      0.141    15.9363 0.0000e+00
      0.099 3.0745e-12     9.4943     95.976     37.007  30.294977     3.2692      7.284   276.1914 1.0112e+03     4.3685      0.098      0.141    15.9337 0.0000e+00
      0.099 3.3820e-11     9.4915     96.037     37.008  30.293833     3.2756      7.284   276.5794 8.8003e+02     4.5113      0.098      0.142    15.9287 0.0000e+00
      0.099 3.7202e-10     9.4792     96.113     36.996  30.281251     3.2764      7.285   277.4545 9.7019e+02     4.5372      0.097      0.141    15.9265 0.0000e+00
      0.099 4.0922e-09     9.4786     96.188     36.984  30.269718     3.2704      7.286   277.7378 9.9964e+02     4.4422      0.097      0.141    15.9284 0.0000e+00
