Data/DataNotYetUploadedToEDI/Raw_CTD/RawDownloads/041625_ccr88_S8188002.cnv
* Sea-Bird SBE19plus  Data File:
* FileName = C:\R\Reservoirs\Data\DataNotYetUploadedToEDI\Raw_CTD\RawDownloads\041625_ccr50_S8188_0002.hex
* Software version 2.8.0.119
* Temperature SN = 8188
* Conductivity SN = 8188
* System UpLoad Time = Apr 16 2025 18:05:17
* <ApplicationData>
* <Seaterm232>
# nquan = 16
# nvalues = 1497                        
# units = specified
# name 0 = depFM: Depth [fresh water, m]
# name 1 = dz/dtM: Descent Rate [m/s]
# name 2 = sbeox0Mg/L: Oxygen, SBE 43 [mg/l]
# name 3 = sbeox0PS: Oxygen, SBE 43 [% saturation]
# name 4 = specc: Specific Conductance [uS/cm]
# name 5 = c0uS/cm: Conductivity [uS/cm]
# name 6 = wetCDOM: Fluorescence, WET Labs CDOM [mg/m^3]
# name 7 = flECO-AFL: Fluorescence, WET Labs ECO-AFL/FL [mg/m^3]
# name 8 = flECO-AFL1: Fluorescence, WET Labs ECO-AFL/FL, 2 [mg/m^3]
# name 9 = flECO-AFL2: Fluorescence, WET Labs ECO-AFL/FL, 3 [mg/m^3]
# name 10 = par/sat/log: PAR/Logarithmic, Satlantic
# name 11 = turbWETntu0: Turbidity, WET Labs ECO [NTU]
# name 12 = prdM: Pressure, Strain Gauge [db]
# name 13 = prdE: Pressure, Strain Gauge [psi]
# name 14 = tv290C: Temperature [ITS-90, deg C]
# name 15 = flag:  0.000e+00
# span 0 =     -0.481,     12.008       
# span 1 =     -0.451,      0.166       
# span 2 =     7.6300,    11.7204       
# span 3 =     73.213,    110.854       
# span 4 =   -645.704,    129.478       
# span 5 =-487.490170,  96.699335       
# span 6 =    -4.5000,    25.0200       
# span 7 =    -3.0693,   245.1187       
# span 8 =    -2.1300,     0.5538       
# span 9 =    -2.0304,     2.4111       
# span 10 = 4.4817e-01, 2.3493e+03      
# span 11 =    -5.1738,    69.3462      
# span 12 =     -0.472,     11.776      
# span 13 =     -0.684,     17.079      
# span 14 =     8.8295,    13.5176      
# span 15 = 0.0000e+00, 0.0000e+00      
# interval = seconds: 0.25
# start_time = Apr 16 2025 10:23:50 [Instrument's time stamp, header]
# bad_flag = -9.990e-29
*END*
[from data line 1176]
      9.454      0.037     9.7139     84.530    128.834  88.492575    23.8500     1.4435     0.1278     0.2961 2.5092e+00     1.2615      9.271     13.447     9.3518 0.0000e+00
      9.462      0.037     9.6993     84.560    128.803  88.464846    23.8500     1.4359     0.1278     0.2961 2.4676e+00     1.1709      9.280     13.459     9.3487 0.0000e+00
      9.472      0.038     9.6896     84.573    128.763  88.429116    23.8500     1.4359     0.1278     0.2961 2.5223e+00     1.2011      9.289     13.472     9.3460 0.0000e+00
      9.482      0.040     9.6862     84.555    128.754  88.413804    23.8500     1.4626     0.1278     0.2961 2.4735e+00     1.2313      9.299     13.486     9.3436 0.0000e+00
      9.493      0.041     9.6883     84.510    128.769  88.412830    23.8500     1.4244     0.1278     0.2538 2.4067e+00     1.1709      9.309     13.502     9.3413 0.0000e+00
      9.504      0.042     9.6923     84.447    128.778  88.407958    23.8500     1.4550     0.1278     0.2538 2.4250e+00     1.3069      9.320     13.517     9.3388 0.0000e+00
      9.515      0.044     9.6945     84.380    128.779  88.397888    23.8500     1.4588     0.1278     0.2538 2.4192e+00     1.2162      9.331     13.533     9.3357 0.0000e+00
      9.526      0.046     9.6933     84.324    128.761  88.375940    23.8500     1.3787     0.1278     0.2538 2.4203e+00     1.5183      9.342     13.549     9.3320 0.0000e+00
      9.537      0.048     9.6891     84.287    128.735  88.350243    23.9400     1.3863     0.1278     0.2961 2.4166e+00     1.4881      9.353     13.564     9.3279 0.0000e+00
      9.549      0.052     9.6829     84.269    128.745  88.349895    23.9400     1.3863     0.1278     0.2961 2.4087e+00     1.4881      9.364     13.581     9.3236 0.0000e+00
      9.562      0.059     9.6762     84.256    128.774  88.362818    23.9400     1.3787     0.1278     0.2961 2.3775e+00     1.4881      9.377     13.600     9.3194 0.0000e+00
      9.577      0.067     9.6706     84.219    128.778  88.358505    23.9400     1.4435     0.1278     0.2961 2.3544e+00     1.4277      9.391     13.621     9.3157 0.0000e+00
      9.594      0.079     9.6671     84.131    128.780  88.351784    23.9400     1.4511     0.1704     0.2115 2.3957e+00     1.4881      9.408     13.645     9.3125 0.0000e+00
      9.614      0.093     9.6657     83.983    128.781  88.342860    23.9400     1.4473     0.1704     0.2115 2.3652e+00     1.5486      9.428     13.674     9.3096 0.0000e+00
      9.638      0.109     9.6649     83.793    128.757  88.315372    23.9400     1.4359     0.1704     0.2115 2.3442e+00     1.4881      9.452     13.709     9.3069 0.0000e+00
      9.667      0.125     9.6613     83.595    128.699  88.261988    23.9400     1.3520     0.1704     0.2115 2.3335e+00     1.3975      9.480     13.750     9.3042 0.0000e+00
      9.702      0.141     9.6519     83.430    128.619  88.190443    23.9400     1.3825     0.1704     0.2115 2.2607e+00     1.4881      9.515     13.800     9.3011 0.0000e+00
      9.742      0.153     9.6357     83.328    128.594  88.153560    23.9400     1.4016     0.1704     0.2115 2.1920e+00     1.5637      9.554     13.857     9.2975 0.0000e+00
      9.786      0.160     9.6149     83.300    128.650  88.171463    23.9400     1.3748     0.1704     0.2115 2.0792e+00     1.4579      9.597     13.919     9.2931 0.0000e+00
      9.832      0.161     9.5934     83.340    128.719  88.198993    23.9400     1.2871     0.1704     0.2115 1.9590e+00     1.6392      9.642     13.984     9.2878 0.0000e+00
      9.876      0.157     9.5759     83.431    128.766  88.213530    23.9400     1.2490     0.1704     0.2115 1.9400e+00     1.7298      9.686     14.048     9.2813 0.0000e+00
      9.917      0.147     9.5659     83.545    128.807  88.226941    24.1200     1.2795     0.1278     0.3384 1.8462e+00     1.6845      9.726     14.106     9.2738 0.0000e+00
      9.954      0.135     9.5645     83.644    128.834  88.232813    24.1200     1.2719     0.1278     0.3384 1.8859e+00     1.8054      9.761     14.157     9.2658 0.0000e+00
      9.986      0.122     9.5709     83.698    128.851  88.232713    24.1200     1.2413     0.1278     0.3384 1.8478e+00     1.7147      9.793     14.203     9.2581 0.0000e+00
     10.014      0.109     9.5829     83.693    128.873  88.236600    24.1200     1.2451     0.1278     0.3384 1.8482e+00     1.6241      9.820     14.243     9.2512 0.0000e+00
     10.039      0.098     9.5973     83.630    128.876  88.227535    24.1200     1.2604     0.1278     0.2115 1.7975e+00     1.7752      9.845     14.278     9.2455 0.0000e+00
     10.062      0.089     9.6098     83.519    128.879  88.219079    24.1200     1.2451     0.1278     0.2115 1.7854e+00     1.7147      9.867     14.311     9.2407 0.0000e+00
     10.082      0.082     9.6170     83.375    128.933  88.244927    24.1200     1.2337     0.1278     0.2115 1.8073e+00     1.4881      9.887     14.340     9.2362 0.0000e+00
     10.101      0.078     9.6175     83.207    128.988  88.272026    24.1200     1.2299     0.1278     0.2115 1.7831e+00     1.4428      9.906     14.367     9.2318 0.0000e+00
     10.120      0.076     9.6112     83.034    128.950  88.235699    24.1200     1.2642     0.1278     0.2115 1.7715e+00     1.4428      9.924     14.394     9.2275 0.0000e+00
     10.138      0.076     9.5995     82.874    128.842  88.150225    24.1200     1.2566     0.1278     0.2538 1.7459e+00     1.4277      9.942     14.420     9.2233 0.0000e+00
     10.156      0.078     9.5838     82.746    128.772  88.088682    24.1200     1.2070     0.1278     0.2538 1.7474e+00     1.4277      9.960     14.446     9.2192 0.0000e+00
     10.176      0.080     9.5655     82.666    128.770  88.072606    24.1200     1.2184     0.1278     0.2538 1.7106e+00     1.6543      9.979     14.474     9.2151 0.0000e+00
     10.197      0.083     9.5465     82.640    128.800  88.077739    24.1200     1.2070     0.1278     0.2538 1.6977e+00     1.5183     10.000     14.503     9.2109 0.0000e+00
     10.219      0.085     9.5292     82.658    128.846  88.093464    24.0300     1.1956     0.1278     0.2538 1.6677e+00     1.4428     10.021     14.535     9.2064 0.0000e+00
     10.242      0.086     9.5156     82.705    128.893  88.111990    24.0300     1.1765     0.1278     0.2538 1.6055e+00     1.6694     10.044     14.568     9.2013 0.0000e+00
     10.266      0.087     9.5077     82.769    128.907  88.110294    24.0300     1.1879     0.1278     0.2538 1.6121e+00     1.8507     10.067     14.601     9.1956 0.0000e+00
     10.288      0.086     9.5061     82.827    128.888  88.087925    24.0300     1.1917     0.1278     0.2538 1.6051e+00     1.7147     10.089     14.633     9.1895 0.0000e+00
     10.309      0.087     9.5095     82.860    128.875  88.070872    24.1200     1.2108     0.1278     0.2961 1.5954e+00     1.7601     10.109     14.663     9.1836 0.0000e+00
     10.329      0.089     9.5161     82.856    128.875  88.062579    24.1200     1.1917     0.1278     0.2961 1.5975e+00     1.8356     10.130     14.692     9.1782 0.0000e+00
     10.351      0.094     9.5245     82.809    128.869  88.048850    24.1200     1.2146     0.1278     0.2961 1.5747e+00     1.7147     10.151     14.723     9.1738 0.0000e+00
     10.374      0.100     9.5321     82.723    128.876  88.042002    24.1200     1.1879     0.1278     0.2961 1.5885e+00     1.6845     10.173     14.755     9.1701 0.0000e+00
     10.400      0.107     9.5366     82.613    128.912  88.052191    24.1200     1.2184     0.1278     0.2961 1.5709e+00     1.8507     10.199     14.792     9.1669 0.0000e+00
     10.429      0.113     9.5368     82.494    128.925  88.046184    24.1200     1.2642     0.1278     0.2961 1.5222e+00     2.1830     10.227     14.834     9.1637 0.0000e+00
     10.461      0.118     9.5323     82.375    128.896  88.010392    24.1200     1.2566     0.1278     0.2961 1.4374e+00     2.1377     10.259     14.879     9.1600 0.0000e+00
     10.494      0.120     9.5233     82.273    128.868  87.975218    24.1200     1.2490     0.1278     0.2961 1.4055e+00     2.2737     10.291     14.926     9.1554 0.0000e+00
     10.526      0.119     9.5119     82.199    128.872  87.963238    24.1200     1.2566     0.1278     0.2961 1.3682e+00     2.1075     10.323     14.972     9.1500 0.0000e+00
     10.557      0.116     9.4996     82.149    128.878  87.953280    24.3000     1.1383     0.1278     0.3384 1.3608e+00     2.0622     10.353     15.016     9.1440 0.0000e+00
     10.586      0.112     9.4873     82.117    128.853  87.920719    24.3000     1.1269     0.1278     0.3384 1.3741e+00     1.9715     10.381     15.056     9.1378 0.0000e+00
     10.613      0.108     9.4769     82.103    128.830  87.886831    24.3000     1.1269     0.1278     0.3384 1.3103e+00     1.9413     10.407     15.095     9.1318 0.0000e+00
     10.639      0.105     9.4697     82.099    128.835  87.868543    24.3000     1.1307     0.1278     0.3384 1.3234e+00     2.0320     10.433     15.132     9.1261 0.0000e+00
     10.665      0.102     9.4652     82.098    128.854  87.856984    24.2100     1.1498     0.1278     0.2961 1.2939e+00     1.6845     10.459     15.169     9.1205 0.0000e+00
     10.692      0.100     9.4629     82.112    128.865  87.841081    24.2100     1.1574     0.1278     0.2961 1.2729e+00     1.7449     10.485     15.207     9.1146 0.0000e+00
     10.717      0.098     9.4629     82.164    128.870  87.824580    24.2100     1.1383     0.1278     0.2961 1.2871e+00     1.6241     10.510     15.244     9.1075 0.0000e+00
     10.742      0.097     9.4643     82.270    128.896  87.825052    24.2100     1.1231     0.1278     0.2961 1.2752e+00     1.6996     10.534     15.279     9.0990 0.0000e+00
     10.765      0.097     9.4663     82.446    128.931  87.832634    24.3000     1.1269     0.1278     0.2961 1.2713e+00     1.4881     10.557     15.312     9.0896 0.0000e+00
     10.789      0.098     9.4701     82.682    128.946  87.825381    24.3000     1.1345     0.1278     0.2961 1.2372e+00     1.5486     10.580     15.345     9.0805 0.0000e+00
     10.813      0.099     9.4777     82.956    128.950  87.809349    24.3000     1.1460     0.1278     0.2961 1.2483e+00     1.5486     10.604     15.380     9.0727 0.0000e+00
     10.838      0.102     9.4916     83.254    128.953  87.790246    24.3000     1.1345     0.1278     0.2961 1.2022e+00     1.4579     10.629     15.416     9.0660 0.0000e+00
     10.865      0.104     9.5133     83.558    128.967  87.778957    24.3000     1.0430     0.1278     0.2961 1.1754e+00     1.5032     10.655     15.454     9.0597 0.0000e+00
     10.894      0.105     9.5421     83.848    128.976  87.766478    24.3900     1.0849     0.0852     0.2961 1.1576e+00     1.5335     10.683     15.495     9.0530 0.0000e+00
     10.922      0.106     9.5755     84.109    128.929  87.719521    24.3900     1.0506     0.0852     0.2961 1.1384e+00     1.4881     10.711     15.535     9.0456 0.0000e+00
     10.949      0.105     9.6117     84.321    128.867  87.665510    24.3900     1.0887     0.0852     0.2961 1.1268e+00     1.5939     10.737     15.573     9.0376 0.0000e+00
     10.975      0.105     9.6486     84.479    128.852  87.645965    24.3900     1.0620     0.0852     0.2961 1.1441e+00     1.5032     10.763     15.610     9.0295 0.0000e+00
     11.001      0.107     9.6838     84.601    128.861  87.643690    24.3000     1.0506     0.1278     0.3807 1.1205e+00     1.5486     10.788     15.647     9.0222 0.0000e+00
     11.027      0.109     9.7152     84.706    128.858  87.632115    24.3000     1.0887     0.1278     0.3807 1.1271e+00     1.5335     10.814     15.684     9.0162 0.0000e+00
     11.054      0.113     9.7408     84.797    128.862  87.622132    24.3000     1.0849     0.1278     0.3807 1.0940e+00     1.4730     10.840     15.723     9.0117 0.0000e+00
     11.083      0.118     9.7599     84.865    128.883  87.619069    24.3000     1.0926     0.1278     0.3807 1.0705e+00     1.7147     10.869     15.764     9.0081 0.0000e+00
     11.115      0.121     9.7748     84.903    128.899  87.608128    24.3000     1.0620     0.1278     0.2538 1.0348e+00     1.7449     10.900     15.809     9.0050 0.0000e+00
     11.148      0.123     9.7878     84.900    128.921  87.600370    24.3000     1.0506     0.1278     0.2538 1.0126e+00     1.8205     10.933     15.857     9.0012 0.0000e+00
     11.182      0.123     9.7995     84.850    128.953  87.599717    24.3000     1.0544     0.1278     0.2538 9.3335e-01     1.7449     10.966     15.904     8.9962 0.0000e+00
     11.214      0.121     9.8090     84.742    128.983  87.602001    24.3000     1.1002     0.1278     0.2538 9.2668e-01     2.4549     10.997     15.950     8.9894 0.0000e+00
     11.244      0.119     9.8153     84.575    129.011  87.605832    24.3000     1.0887     0.1278     0.3384 9.2166e-01     2.4398     11.027     15.994     8.9811 0.0000e+00
     11.273      0.117     9.8171     84.373    129.008  87.590261    24.3000     1.0506     0.1278     0.3384 9.3925e-01     2.3945     11.055     16.035     8.9721 0.0000e+00
     11.301      0.116     9.8133     84.171    128.994  87.565116    24.3000     1.0697     0.1278     0.3384 9.0283e-01     2.4398     11.083     16.074     8.9637 0.0000e+00
     11.329      0.118     9.8025     83.990    128.996  87.545664    24.3000     1.0697     0.1278     0.3384 9.2246e-01     2.3945     11.110     16.114     8.9564 0.0000e+00
     11.359      0.121     9.7846     83.825    129.001  87.522720    24.3000     1.0849     0.1278     0.3384 9.1032e-01     2.3794     11.139     16.156     8.9505 0.0000e+00
     11.390      0.123     9.7624     83.664    129.026  87.510138    24.2100     1.0468     0.0852     0.2538 8.7978e-01     2.5003     11.170     16.201     8.9453 0.0000e+00
     11.423      0.125     9.7404     83.502    129.066  87.508556    24.2100     1.0811     0.0852     0.2538 8.5994e-01     2.4398     11.202     16.248     8.9394 0.0000e+00
     11.457      0.126     9.7213     83.334    129.087  87.497577    24.2100     1.1841     0.0852     0.2538 8.0305e-01     3.3160     11.236     16.296     8.9314 0.0000e+00
     11.491      0.126     9.7046     83.153    129.113  87.494247    24.2100     1.2146     0.0852     0.2538 7.8255e-01     3.3764     11.269     16.344     8.9211 0.0000e+00
     11.523      0.124     9.6886     82.964    129.154  87.505665    24.4800     1.2070     0.1278     0.2961 7.7107e-01     3.3311     11.300     16.389     8.9096 0.0000e+00
     11.553      0.120     9.6725     82.779    129.189  87.514903    24.4800     1.2299     0.1278     0.2961 7.5794e-01     3.3462     11.330     16.432     8.8985 0.0000e+00
     11.583      0.116     9.6553     82.618    129.221  87.524425    24.4800     1.3024     0.1278     0.2961 7.6572e-01     3.8296     11.359     16.475     8.8887 0.0000e+00
     11.613      0.112     9.6362     82.487    129.243  87.528780    24.4800     1.3138     0.1278     0.2961 7.1320e-01     3.7541     11.389     16.518     8.8807 0.0000e+00
     11.642      0.106     9.6157     82.380    129.256  87.529130    24.7500     1.3405     0.1278     0.2538 7.1802e-01     3.7994     11.417     16.559     8.8743 0.0000e+00
     11.669      0.100     9.5956     82.293    129.284  87.541545    24.7500     1.2947     0.1278     0.2538 7.0657e-01     3.8598     11.444     16.598     8.8689 0.0000e+00
     11.694      0.093     9.5780     82.231    129.300  87.547366    24.7500     1.2642     0.1278     0.2538 6.8391e-01     3.8447     11.468     16.633     8.8642 0.0000e+00
     11.716      0.087     9.5638     82.197    129.269  87.522180    24.7500     1.2528     0.1278     0.2538 6.5043e-01     3.8296     11.490     16.665     8.8601 0.0000e+00
