Data/DataNotYetUploadedToEDI/Raw_CTD/RawDownloads/041625_ccr90_S8188003.cnv
* Sea-Bird SBE19plus  Data File:
* FileName = C:\R\Reservoirs\Data\DataNotYetUploadedToEDI\Raw_CTD\RawDownloads\041625_ccr50_S8188_0003.hex
* Software version 2.8.0.119
* Temperature SN = 8188
* Conductivity SN = 8188
* System UpLoad Time = Apr 16 2025 18:05:41
* <ApplicationData>
* <Seaterm232>
# nquan = 16
# nvalues = 1550                        
# units = specified
# name 0 = depFM: Depth [fresh water, m]
# name 1 = dz/dtM: Descent Rate [m/s]
# name 2 = sbeox0Mg/L: Oxygen, SBE 43 [mg/l]
# name 3 = sbeox0PS: Oxygen, SBE 43 [% saturation]
# name 4 = specc: Specific Conductance [uS/cm]
# name 5 = c0uS/cm: Conductivity [uS/cm]
# name 6 = wetCDOM: Fluorescence, WET Labs CDOM [mg/m^3]
# name 7 = flECO-AFL: Fluorescence, WET Labs ECO-AFL/FL [mg/m^3]
# name 8 = flECO-AFL1: Fluorescence, WET Labs ECO-AFL/FL, 2 [mg/m^3]
# name 9 = flECO-AFL2: Fluorescence, WET Labs ECO-AFL/FL, 3 [mg/m^3]
# name 10 = par/sat/log: PAR/Logarithmic, Satlantic
# name 11 = turbWETntu0: Turbidity, WET Labs ECO [NTU]
# name 12 = prdM: Pressure, Strain Gauge [db]
# name 13 = prdE: Pressure, Strain Gauge [psi]
# name 14 = tv290C: Temperature [ITS-90, deg C]
# name 15 = flag:  0.000e+00
# span 0 =     -0.493,      5.447       
# span 1 =     -0.365,      0.186       
# span 2 =     6.4326,    13.1716       
# span 3 =     61.680,    125.809       
# span 4 =   -639.901,    126.868       
# span 5 =-486.951262,  97.640564       
# span 6 =    -4.5000,    40.5000       
# span 7 =    -2.4437,   245.1187       
# span 8 =    -2.1300,     6.0918       
# span 9 =    -4.1454,    12.3939       
# span 10 = 9.8239e+00, 2.8449e+03      
# span 11 =    -8.1951,   970.9887      
# span 12 =     -0.483,      5.342      
# span 13 =     -0.701,      7.748      
# span 14 =    12.2004,    14.0012      
# span 15 = 0.0000e+00, 0.0000e+00      
# interval = seconds: 0.25
# start_time = Apr 16 2025 10:57:29 [Instrument's time stamp, header]
# bad_flag = -9.990e-29
*END*
[from data line 633]
      0.955      0.016    10.8447    103.805    125.532  96.180274    18.9900     0.8789     0.1278     0.2961 1.0273e+02     1.5032      0.936      1.358    13.3078 0.0000e+00
      0.959      0.016    10.8470    103.816    125.556  96.197746    18.9900     0.9056     0.1278     0.2961 1.0767e+02     1.4579      0.940      1.363    13.3072 0.0000e+00
      0.962      0.016    10.8514    103.811    125.588  96.222022    18.9900     0.8293     0.1278     0.2961 1.1013e+02     1.5183      0.944      1.369    13.3066 0.0000e+00
      0.966      0.016    10.8562    103.805    125.616  96.243591    18.9900     0.8293     0.1278     0.2115 1.1472e+02     1.3975      0.948      1.375    13.3061 0.0000e+00
      0.971      0.016    10.8596    103.809    125.614  96.242231    18.9900     0.8255     0.1278     0.2115 1.2041e+02     1.4730      0.952      1.380    13.3058 0.0000e+00
      0.975      0.016    10.8608    103.820    125.584  96.219577    18.9900     0.8293     0.1278     0.2115 1.2462e+02     1.5788      0.956      1.386    13.3055 0.0000e+00
      0.979      0.016    10.8603    103.826    125.567  96.207552    18.9900     0.8065     0.1278     0.2115 1.3044e+02     1.6996      0.960      1.392    13.3054 0.0000e+00
      0.983      0.017    10.8597    103.822    125.579  96.216934    18.9900     0.8065     0.1278     0.2115 1.3680e+02     1.6241      0.964      1.398    13.3054 0.0000e+00
      0.987      0.018    10.8601    103.808    125.598  96.232243    18.9900     0.8332     0.1704     0.3384 1.3998e+02     1.7752      0.968      1.404    13.3056 0.0000e+00
      0.992      0.019    10.8611    103.785    125.607  96.239580    18.9900     0.8026     0.1704     0.3384 1.4652e+02     1.6241      0.972      1.410    13.3058 0.0000e+00
      0.997      0.020    10.8617    103.758    125.598  96.232909    18.9900     0.8332     0.1704     0.3384 1.5817e+02     1.5486      0.977      1.417    13.3060 0.0000e+00
      1.002      0.021    10.8613    103.738    125.569  96.210450    18.9900     0.8103     0.1704     0.3384 1.6508e+02     1.4730      0.982      1.425    13.3062 0.0000e+00
      1.007      0.022    10.8597    103.743    125.532  96.182200    19.0800     0.8370     0.1278     0.2961 1.7126e+02     1.4730      0.988      1.433    13.3064 0.0000e+00
      1.013      0.022    10.8573    103.782    125.504  96.160604    19.0800     0.8141     0.1278     0.2961 1.8335e+02     1.5486      0.993      1.441    13.3065 0.0000e+00
      1.019      0.023    10.8544    103.842    125.501  96.157888    19.0800     0.8141     0.1278     0.2961 1.9634e+02     1.6241      0.999      1.449    13.3066 0.0000e+00
      1.024      0.023    10.8523    103.898    125.513  96.167331    19.0800     0.8332     0.1278     0.2961 2.0627e+02     1.5183      1.005      1.457    13.3067 0.0000e+00
      1.030      0.023    10.8529    103.927    125.506  96.161482    19.0800     0.8332     0.1278     0.4230 2.2098e+02     1.4881      1.010      1.465    13.3067 0.0000e+00
      1.036      0.023    10.8569    103.925    125.482  96.142777    19.0800     0.8446     0.1278     0.4230 2.4021e+02     1.4579      1.016      1.474    13.3066 0.0000e+00
      1.043      0.023    10.8633    103.895    125.472  96.134201    19.0800     0.8065     0.1278     0.4230 2.6685e+02     1.7903      1.022      1.483    13.3065 0.0000e+00
      1.049      0.023    10.8692    103.839    125.477  96.137462    19.0800     0.8141     0.1278     0.4230 2.6299e+02     1.7147      1.028      1.491    13.3064 0.0000e+00
      1.054      0.022    10.8722    103.762    125.483  96.141442    19.0800     0.8332     0.1278     0.4230 2.9806e+02     1.6543      1.034      1.500    13.3062 0.0000e+00
      1.060      0.021    10.8720    103.681    125.489  96.145205    19.1700     0.8332     0.1278     0.3807 3.3692e+02     1.7903      1.039      1.508    13.3061 0.0000e+00
      1.066      0.020    10.8689    103.609    125.496  96.149753    19.1700     0.8370     0.1278     0.3807 3.5288e+02     1.7601      1.045      1.516    13.3059 0.0000e+00
      1.071      0.018    10.8630    103.561    125.509  96.158298    19.1700     0.8332     0.1278     0.3807 3.7813e+02     1.6543      1.050      1.523    13.3057 0.0000e+00
      1.076      0.016    10.8551    103.542    125.550  96.189102    19.1700     0.8332     0.1278     0.3807 3.9959e+02     1.6694      1.055      1.530    13.3055 0.0000e+00
      1.080      0.014    10.8467    103.547    125.600  96.226403    19.1700     0.8217     0.0852     0.2961 4.2641e+02     1.7903      1.059      1.535    13.3051 0.0000e+00
      1.083      0.013    10.8393    103.561    125.608  96.232195    19.1700     0.7645     0.0852     0.2961 4.6201e+02     1.8658      1.062      1.540    13.3047 0.0000e+00
      1.085      0.011    10.8343    103.582    125.584  96.214017    19.1700     0.7874     0.0852     0.2961 4.6251e+02     1.6996      1.064      1.543    13.3042 0.0000e+00
      1.087      0.011    10.8325    103.609    125.554  96.190997    19.1700     0.7645     0.0852     0.2961 4.8348e+02     1.7449      1.066      1.547    13.3039 0.0000e+00
      1.090      0.010    10.8330    103.646    125.520  96.164990    19.0800     0.7569     0.1278     0.3384 5.0473e+02     1.8507      1.069      1.550    13.3036 0.0000e+00
      1.092      0.010    10.8346    103.698    125.489  96.141048    19.0800     0.8522     0.1278     0.3384 6.2384e+02     2.0169      1.071      1.554    13.3035 0.0000e+00
      1.095      0.011    10.8368    103.767    125.480  96.134765    19.0800     0.8293     0.1278     0.3384 5.3628e+02     1.9715      1.074      1.558    13.3034 0.0000e+00
      1.098      0.011    10.8396    103.842    125.506  96.154456    19.0800     0.8293     0.1278     0.3384 6.3409e+02     1.9413      1.077      1.562    13.3034 0.0000e+00
      1.101      0.012    10.8435    103.909    125.539  96.179397    19.1700     0.7988     0.0852     0.2538 6.2669e+02     1.9715      1.080      1.566    13.3034 0.0000e+00
      1.104      0.012    10.8490    103.949    125.542  96.182273    19.1700     0.8484     0.0852     0.2538 5.4414e+02     1.7903      1.083      1.570    13.3035 0.0000e+00
      1.107      0.013    10.8562    103.951    125.547  96.185829    19.1700     0.8446     0.0852     0.2538 5.7828e+02     1.6996      1.086      1.575    13.3035 0.0000e+00
      1.111      0.014    10.8640    103.928    125.587  96.216986    19.1700     0.8179     0.0852     0.2538 6.2452e+02     1.6845      1.089      1.580    13.3036 0.0000e+00
      1.114      0.014    10.8709    103.899    125.630  96.250088    19.1700     0.8293     0.0852     0.2538 5.7690e+02     1.6543      1.093      1.585    13.3036 0.0000e+00
      1.118      0.015    10.8751    103.881    125.659  96.271983    19.2600     0.8446     0.1278     0.1692 6.1482e+02     1.5183      1.096      1.590    13.3036 0.0000e+00
      1.122      0.015    10.8754    103.883    125.670  96.280518    19.2600     0.8370     0.1278     0.1692 5.4462e+02     1.4579      1.100      1.596    13.3035 0.0000e+00
      1.126      0.015    10.8730    103.905    125.656  96.269975    19.2600     0.8293     0.1278     0.1692 5.1325e+02     1.4428      1.104      1.601    13.3035 0.0000e+00
      1.129      0.016    10.8700    103.939    125.629  96.249533    19.2600     0.8370     0.1278     0.1692 4.6081e+02     1.5032      1.108      1.607    13.3036 0.0000e+00
      1.133      0.016    10.8681    103.979    125.608  96.233720    19.1700     0.8370     0.1278     0.2538 4.2697e+02     1.6241      1.112      1.612    13.3036 0.0000e+00
      1.137      0.017    10.8683    104.025    125.598  96.226312    19.1700     0.8141     0.1278     0.2538 4.2438e+02     1.4277      1.115      1.618    13.3037 0.0000e+00
      1.141      0.019    10.8705    104.074    125.571  96.205353    19.1700     0.8446     0.1278     0.2538 4.4739e+02     1.5486      1.120      1.624    13.3037 0.0000e+00
      1.146      0.020    10.8740    104.124    125.508  96.157261    19.1700     0.8179     0.1278     0.2538 4.2153e+02     1.4881      1.124      1.630    13.3038 0.0000e+00
      1.152      0.021    10.8782    104.170    125.448  96.111172    19.0800     0.8255     0.0852     0.3384 4.1345e+02     2.2435      1.130      1.638    13.3039 0.0000e+00
      1.158      0.022    10.8830    104.202    125.427  96.094755    19.0800     0.8141     0.0852     0.3384 4.1229e+02     2.2737      1.136      1.647    13.3040 0.0000e+00
      1.164      0.021    10.8880    104.221    125.429  96.095640    19.0800     0.8675     0.0852     0.3384 4.2327e+02     2.2283      1.142      1.656    13.3040 0.0000e+00
      1.171      0.020    10.8933    104.227    125.440  96.104074    19.0800     0.8408     0.0852     0.3384 4.2382e+02     2.1679      1.148      1.665    13.3040 0.0000e+00
      1.176      0.017    10.8982    104.216    125.471  96.128300    19.0800     0.8904     0.0852     0.3384 4.2080e+02     1.7903      1.153      1.672    13.3038 0.0000e+00
      1.179      0.015    10.9016    104.187    125.506  96.154798    19.1700     0.8789     0.1278     0.3384 4.5971e+02     1.8054      1.157      1.677    13.3037 0.0000e+00
      1.182      0.013    10.9035    104.139    125.510  96.158664    19.1700     0.8942     0.1278     0.3384 5.1191e+02     1.8054      1.160      1.682    13.3037 0.0000e+00
      1.185      0.012    10.9042    104.073    125.513  96.160911    19.1700     0.8789     0.1278     0.3384 4.6777e+02     1.6241      1.162      1.685    13.3037 0.0000e+00
      1.187      0.012    10.9030    104.000    125.543  96.184115    19.1700     0.9056     0.1278     0.3384 5.1448e+02     1.4881      1.164      1.688    13.3037 0.0000e+00
      1.190      0.013    10.8999    103.941    125.564  96.200498    18.9900     0.9018     0.1278     0.2538 5.3686e+02     1.5335      1.167      1.693    13.3038 0.0000e+00
      1.193      0.014    10.8949    103.913    125.572  96.206436    18.9900     0.8942     0.1278     0.2538 5.2430e+02     1.4881      1.171      1.698    13.3038 0.0000e+00
      1.198      0.015    10.8881    103.921    125.598  96.225492    18.9900     0.8866     0.1278     0.2538 4.9474e+02     1.4881      1.175      1.703    13.3039 0.0000e+00
      1.202      0.016    10.8804    103.953    125.623  96.244765    18.9900     0.8789     0.1278     0.2538 6.0370e+02     1.4579      1.179      1.710    13.3040 0.0000e+00
      1.207      0.016    10.8742    103.995    125.622  96.243418    18.9900     0.8751     0.1704     0.2115 4.6817e+02     1.5335      1.183      1.716    13.3040 0.0000e+00
      1.211      0.015    10.8713    104.038    125.588  96.217098    18.9900     0.8713     0.1704     0.2115 5.1852e+02     1.5335      1.188      1.722    13.3039 0.0000e+00
      1.215      0.015    10.8721    104.076    125.523  96.166776    18.9900     0.8904     0.1704     0.2115 5.7017e+02     1.6241      1.191      1.728    13.3038 0.0000e+00
      1.218      0.014    10.8755    104.099    125.464  96.120994    18.9900     0.7797     0.1704     0.2115 4.6432e+02     1.4579      1.195      1.733    13.3037 0.0000e+00
      1.221      0.013    10.8800    104.092    125.447  96.107504    18.9900     0.7569     0.1278     0.2538 4.9722e+02     1.5335      1.198      1.737    13.3035 0.0000e+00
      1.224      0.012    10.8845    104.049    125.446  96.106723    18.9900     0.7874     0.1278     0.2538 5.3037e+02     1.4881      1.201      1.741    13.3033 0.0000e+00
      1.227      0.012    10.8885    103.979    125.431  96.094468    18.9900     0.7836     0.1278     0.2538 4.8463e+02     1.5486      1.204      1.746    13.3031 0.0000e+00
      1.230      0.012    10.8909    103.902    125.411  96.079458    18.9900     0.7759     0.1278     0.2538 5.3675e+02     1.5183      1.207      1.750    13.3029 0.0000e+00
      1.233      0.012    10.8903    103.830    125.408  96.077671    18.9900     0.7721     0.1278     0.2538 4.6858e+02     1.4730      1.210      1.754    13.3028 0.0000e+00
      1.236      0.012    10.8858    103.764    125.425  96.090630    19.0800     0.7645     0.1278     0.2115 5.4997e+02     1.5032      1.213      1.758    13.3027 0.0000e+00
      1.240      0.012    10.8785    103.700    125.455  96.113796    19.0800     0.7836     0.1278     0.2115 4.7113e+02     1.4277      1.216      1.763    13.3027 0.0000e+00
      1.243      0.012    10.8704    103.647    125.488  96.139363    19.0800     0.7569     0.1278     0.2115 5.0375e+02     1.4277      1.219      1.768    13.3027 0.0000e+00
      1.246      0.012    10.8629    103.601    125.496  96.146174    19.0800     0.7645     0.1278     0.2115 4.5208e+02     1.5183      1.222      1.772    13.3027 0.0000e+00
      1.249      0.012    10.8560    103.558    125.470  96.126056    19.0800     0.7454     0.1278     0.2961 5.0517e+02     1.5032      1.225      1.776    13.3027 0.0000e+00
      1.252      0.013    10.8494    103.516    125.445  96.107611    19.0800     0.7721     0.1278     0.2961 4.5139e+02     1.4428      1.228      1.781    13.3028 0.0000e+00
      1.255      0.013    10.8437    103.481    125.440  96.103902    19.0800     0.7683     0.1278     0.2961 5.1863e+02     1.4881      1.231      1.785    13.3030 0.0000e+00
      1.259      0.014    10.8389    103.462    125.453  96.113941    19.0800     0.7721     0.1278     0.2961 4.6614e+02     1.4579      1.234      1.790    13.3031 0.0000e+00
      1.262      0.015    10.8343    103.471    125.488  96.140403    19.0800     0.7569     0.1278     0.2115 4.8348e+02     1.5637      1.238      1.795    13.3032 0.0000e+00
      1.266      0.015    10.8299    103.513    125.498  96.148388    19.0800     0.7836     0.1278     0.2115 4.3004e+02     1.4730      1.242      1.801    13.3034 0.0000e+00
      1.270      0.016    10.8262    103.581    125.459  96.118045    19.0800     0.7645     0.1278     0.2115 5.0254e+02     1.5183      1.246      1.807    13.3035 0.0000e+00
      1.274      0.017    10.8242    103.664    125.414  96.083242    19.0800     0.7530     0.1278     0.2115 4.3606e+02     1.4881      1.250      1.813    13.3036 0.0000e+00
      1.279      0.018    10.8251    103.761    125.403  96.074660    19.1700     0.7416     0.1278     0.3384 4.6161e+02     1.5183      1.254      1.819    13.3036 0.0000e+00
      1.283      0.020    10.8296    103.866    125.432  96.096004    19.1700     0.7607     0.1278     0.3384 4.1924e+02     1.5335      1.259      1.825    13.3035 0.0000e+00
      1.288      0.021    10.8367    103.967    125.490  96.138979    19.1700     0.7797     0.1278     0.3384 4.2052e+02     1.6845      1.264      1.833    13.3034 0.0000e+00
      1.294      0.021    10.8454    104.055    125.559  96.191069    19.1700     0.8255     0.1278     0.3384 3.6624e+02     1.6845      1.269      1.841    13.3032 0.0000e+00
      1.300      0.021    10.8556    104.128    125.614  96.232198    19.1700     0.8446     0.1278     0.3384 3.9083e+02     1.7449      1.275      1.849    13.3029 0.0000e+00
      1.306      0.020    10.8667    104.190    125.626  96.241363    19.1700     0.8217     0.1278     0.2538 4.1345e+02     1.6996      1.281      1.858    13.3026 0.0000e+00
      1.312      0.019    10.8773    104.238    125.605  96.225006    19.1700     0.8141     0.1278     0.2538 3.1779e+02     1.7449      1.287      1.866    13.3022 0.0000e+00
      1.317      0.017    10.8866    104.271    125.576  96.202741    19.1700     0.8217     0.1278     0.2538 4.0046e+02     1.5183      1.291      1.873    13.3019 0.0000e+00
      1.321      0.014    10.8943    104.284    125.551  96.184615    19.1700     0.8332     0.1278     0.2538 3.2322e+02     1.5486      1.295      1.878    13.3016 0.0000e+00
      1.323      0.012    10.9008    104.268    125.537  96.173787    19.1700     0.8293     0.1278     0.2961 3.3795e+02     1.4428      1.298      1.882    13.3015 0.0000e+00
