Data/DataNotYetUploadedToEDI/Raw_CTD/RawDownloads/041625_ccr50_S8188001.cnv
* Sea-Bird SBE19plus  Data File:
* FileName = C:\R\Reservoirs\Data\DataNotYetUploadedToEDI\Raw_CTD\RawDownloads\041625_ccr50_S8188_0001.hex
* Software version 2.8.0.119
* Temperature SN = 8188
* Conductivity SN = 8188
* System UpLoad Time = Apr 16 2025 18:04:54
* <ApplicationData>
* <Seaterm232>
# nquan = 16
# nvalues = 2676                        
# units = specified
# name 0 = depFM: Depth [fresh water, m]
# name 1 = dz/dtM: Descent Rate [m/s]
# name 2 = sbeox0Mg/L: Oxygen, SBE 43 [mg/l]
# name 3 = sbeox0PS: Oxygen, SBE 43 [% saturation]
# name 4 = specc: Specific Conductance [uS/cm]
# name 5 = c0uS/cm: Conductivity [uS/cm]
# name 6 = wetCDOM: Fluorescence, WET Labs CDOM [mg/m^3]
# name 7 = flECO-AFL: Fluorescence, WET Labs ECO-AFL/FL [mg/m^3]
# name 8 = flECO-AFL1: Fluorescence, WET Labs ECO-AFL/FL, 2 [mg/m^3]
# name 9 = flECO-AFL2: Fluorescence, WET Labs ECO-AFL/FL, 3 [mg/m^3]
# name 10 = par/sat/log: PAR/Logarithmic, Satlantic
# name 11 = turbWETntu0: Turbidity, WET Labs ECO [NTU]
# name 12 = prdM: Pressure, Strain Gauge [db]
# name 13 = prdE: Pressure, Strain Gauge [psi]
# name 14 = tv290C: Temperature [ITS-90, deg C]
# name 15 = flag:  0.000e+00
# span 0 =     -0.489,     21.794       
# span 1 =     -0.479,      0.181       
# span 2 =     6.8731,    12.6101       
# span 3 =     65.918,    121.425       
# span 4 =   -733.768,    130.381       
# span 5 =-494.541935,  97.512951       
# span 6 =    -4.5000,    25.4700       
# span 7 =    -1.1925,    15.7946       
# span 8 =    -2.5986,     3.1950       
# span 9 =   -18.3582,     2.2842       
# span 10 = 1.1580e-01, 2.5322e+03      
# span 11 =    -2.2432,   165.6799      
# span 12 =     -0.479,     21.373      
# span 13 =     -0.695,     30.999      
# span 14 =     8.3625,    13.6454      
# span 15 = 0.0000e+00, 0.0000e+00      
# interval = seconds: 0.25
# start_time = Apr 16 2025 09:55:23 [Instrument's time stamp, header]
# bad_flag = -9.990e-29
*END*
[from data line 1899]
     10.938      0.080    10.2785     88.581    128.861  87.534506    23.9400     0.8789     0.1278     0.2538 1.7162e+00     1.0198     10.727     15.557     8.9855 0.0000e+00
     10.959      0.082    10.2698     88.521    128.816  87.491730    23.9400     0.8827     0.1278     0.2538 1.7297e+00     0.9745     10.747     15.587     8.9797 0.0000e+00
     10.980      0.083    10.2608     88.469    128.770  87.449059    23.9400     0.8675     0.1278     0.2538 1.7117e+00     1.0047     10.768     15.617     8.9737 0.0000e+00
     11.001      0.083    10.2522     88.418    128.762  87.433059    23.9400     0.8866     0.1278     0.2538 1.6590e+00     1.0954     10.789     15.647     8.9679 0.0000e+00
     11.023      0.083    10.2450     88.361    128.791  87.443458    23.9400     0.8942     0.1278     0.2115 1.6547e+00     1.0198     10.810     15.678     8.9626 0.0000e+00
     11.044      0.082    10.2393     88.288    128.838  87.467052    23.9400     0.8637     0.1278     0.2115 1.6322e+00     1.0349     10.831     15.708     8.9578 0.0000e+00
     11.065      0.082    10.2343     88.193    128.866  87.478177    23.9400     0.8713     0.1278     0.2115 1.6329e+00     0.9443     10.851     15.738     8.9533 0.0000e+00
     11.086      0.081    10.2295     88.077    128.849  87.459825    23.9400     0.8637     0.1278     0.2115 1.6251e+00     1.0652     10.872     15.768     8.9492 0.0000e+00
     11.106      0.080    10.2238     87.952    128.816  87.431071    23.8500     0.8370     0.1278     0.2115 1.5954e+00     1.0349     10.892     15.797     8.9456 0.0000e+00
     11.126      0.080    10.2162     87.833    128.810  87.420195    23.8500     0.8370     0.1278     0.2115 1.5768e+00     0.9443     10.911     15.825     8.9423 0.0000e+00
     11.146      0.080    10.2059     87.729    128.855  87.444270    23.8500     0.8293     0.1278     0.2115 1.5757e+00     1.1407     10.930     15.853     8.9393 0.0000e+00
     11.166      0.080    10.1931     87.640    128.938  87.493739    23.8500     0.8179     0.1278     0.2115 1.5645e+00     0.9443     10.950     15.882     8.9367 0.0000e+00
     11.187      0.081    10.1792     87.575    128.991  87.521874    23.9400     0.8866     0.1278     0.2961 1.5335e+00     1.0652     10.970     15.911     8.9343 0.0000e+00
     11.208      0.083    10.1661     87.541    128.988  87.512211    23.9400     0.8866     0.1278     0.2961 1.5255e+00     1.0349     10.991     15.941     8.9318 0.0000e+00
     11.229      0.084    10.1546     87.537    128.980  87.498125    23.9400     0.9247     0.1278     0.2961 1.5249e+00     0.9443     11.012     15.971     8.9292 0.0000e+00
     11.250      0.085    10.1450     87.555    129.013  87.511809    23.9400     0.8713     0.1278     0.2961 1.4895e+00     0.9443     11.033     16.001     8.9265 0.0000e+00
     11.272      0.086    10.1382     87.589    129.072  87.542930    23.9400     0.8026     0.1278     0.2961 1.4879e+00     0.8083     11.054     16.033     8.9235 0.0000e+00
     11.295      0.086    10.1350     87.633    129.112  87.561841    24.0300     0.8370     0.1278     0.1269 1.4502e+00     0.7177     11.076     16.065     8.9205 0.0000e+00
     11.317      0.086    10.1353     87.678    129.137  87.571585    24.0300     0.8179     0.1278     0.1269 1.4364e+00     0.7781     11.098     16.097     8.9172 0.0000e+00
     11.339      0.087    10.1383     87.719    129.134  87.562778    24.0300     0.8446     0.1278     0.1269 1.4657e+00     0.7932     11.120     16.128     8.9137 0.0000e+00
     11.361      0.087    10.1430     87.750    129.079  87.519091    24.0300     0.8370     0.1278     0.1269 1.4302e+00     1.0349     11.141     16.159     8.9103 0.0000e+00
     11.383      0.087    10.1489     87.765    129.030  87.478804    24.0300     0.8255     0.0852     0.2115 1.4212e+00     1.1407     11.162     16.190     8.9072 0.0000e+00
     11.405      0.088    10.1548     87.764    129.038  87.477111    24.0300     0.8141     0.0852     0.2115 1.3795e+00     1.0349     11.184     16.221     8.9044 0.0000e+00
     11.427      0.088    10.1602     87.753    129.060  87.485597    24.0300     0.8217     0.0852     0.2115 1.3828e+00     0.9443     11.206     16.254     8.9018 0.0000e+00
     11.450      0.089    10.1645     87.730    129.041  87.466581    24.0300     0.7874     0.0852     0.2115 1.3431e+00     1.0500     11.229     16.286     8.8991 0.0000e+00
     11.473      0.088    10.1668     87.692    129.003  87.434966    24.0300     0.7607     0.0852     0.2115 1.3437e+00     1.0803     11.252     16.319     8.8964 0.0000e+00
     11.496      0.086    10.1674     87.644    128.986  87.418269    24.0300     0.7874     0.0852     0.2115 1.3100e+00     0.9745     11.274     16.351     8.8938 0.0000e+00
     11.519      0.083    10.1667     87.588    128.972  87.404049    24.0300     0.7721     0.0852     0.2115 1.3246e+00     1.1256     11.296     16.383     8.8913 0.0000e+00
     11.540      0.080    10.1646     87.529    128.931  87.372536    24.0300     0.7492     0.0852     0.2115 1.2882e+00     0.9443     11.317     16.414     8.8889 0.0000e+00
     11.560      0.076    10.1608     87.468    128.864  87.323316    24.0300     0.7759     0.0852     0.2115 1.3009e+00     0.9745     11.337     16.443     8.8867 0.0000e+00
     11.579      0.073    10.1557     87.404    128.774  87.259241    24.0300     0.7950     0.0852     0.2538 1.2674e+00     0.9745     11.355     16.469     8.8847 0.0000e+00
     11.596      0.071    10.1496     87.343    128.654  87.175208    24.0300     0.7569     0.0852     0.2538 1.2796e+00     1.0047     11.372     16.493     8.8829 0.0000e+00
     11.613      0.069    10.1431     87.300    128.467  87.044813    24.0300     0.8637     0.0852     0.2538 1.2600e+00     1.0047     11.388     16.517     8.8813 0.0000e+00
     11.630      0.069    10.1364     87.282    128.149  86.825295    24.0300     0.8789     0.0852     0.2538 1.2813e+00     0.9745     11.405     16.542     8.8800 0.0000e+00
     11.647      0.070    10.1293     87.295    127.590  86.442138    24.0300     0.8904     0.0852     0.2538 1.2573e+00     1.0803     11.422     16.567     8.8787 0.0000e+00
     11.666      0.070    10.1226     87.338    126.590  85.761211    24.0300     0.8789     0.0852     0.2538 1.2297e+00     1.0047     11.440     16.592     8.8775 0.0000e+00
     11.684      0.071    10.1179     87.402    124.900  84.612916    24.0300     0.7721     0.0852     0.2538 1.2423e+00     1.0349     11.458     16.619     8.8761 0.0000e+00
     11.703      0.070    10.1163     87.478    122.132  82.734980    24.0300     0.7683     0.0852     0.2538 1.1936e+00     0.9896     11.477     16.646     8.8744 0.0000e+00
     11.721      0.069    10.1182     87.560    117.535  79.618632    24.1200     0.7645     0.0852     0.1692 1.1988e+00     0.9292     11.495     16.672     8.8727 0.0000e+00
     11.738      0.068    10.1235     87.637    109.843  74.404884    24.1200     0.7721     0.0852     0.1692 1.1970e+00     1.0047     11.511     16.696     8.8712 0.0000e+00
     11.755      0.066    10.1312     87.695     97.025  65.719381    24.1200     0.7683     0.0852     0.1692 1.1903e+00     1.0047     11.528     16.720     8.8698 0.0000e+00
     11.772      0.065    10.1403     87.724     75.684  51.261967    24.1200     0.7645     0.0852     0.1692 1.1805e+00     1.0047     11.544     16.743     8.8686 0.0000e+00
     11.788      0.063    10.1502     87.725     40.086  27.149370    24.0300     0.7797     0.0852     0.1269 1.1685e+00     1.0954     11.560     16.766     8.8673 0.0000e+00
     11.804      0.062    10.1596     87.709    -19.287 -13.064415    24.0300     0.7683     0.0852     0.1269 1.1721e+00     1.0349     11.576     16.789     8.8657 0.0000e+00
     11.820      0.061    10.1667     87.689   -118.245 -80.087085    24.0300     0.7492     0.0852     0.1269 1.1340e+00     1.0652     11.591     16.812     8.8641 0.0000e+00
     11.835      0.060    10.1704     87.676   -283.146-191.769384    24.0300     0.7569     0.0852     0.1269 1.1464e+00     0.9443     11.606     16.834     8.8624 0.0000e+00
     11.850      0.059    10.1710     87.674   -557.965-377.893258    24.0300     0.7721     0.0852     0.1269 1.1330e+00     0.9745     11.621     16.855     8.8609 0.0000e+00
     11.865      0.058    10.1696     87.680   -729.738-494.229763    24.1200     0.7683     0.1278     0.2115 1.1406e+00     0.9443     11.636     16.876     8.8595 0.0000e+00
     11.879      0.057    10.1677     87.687   -557.981-377.912028    24.1200     0.8293     0.1278     0.2115 1.1362e+00     1.0954     11.650     16.896     8.8583 0.0000e+00
     11.893      0.056    10.1665     87.682   -283.166-191.797950    24.1200     0.8408     0.1278     0.2115 1.1190e+00     0.9443     11.664     16.917     8.8574 0.0000e+00
     11.908      0.056    10.1667     87.656   -118.282 -80.135061    24.1200     0.7912     0.1278     0.2115 1.1161e+00     1.0047     11.678     16.938     8.8564 0.0000e+00
     11.923      0.055    10.1679     87.609    -19.347 -13.134609    24.0300     0.8446     0.1278     0.2115 1.0926e+00     1.0198     11.692     16.958     8.8551 0.0000e+00
     11.937      0.053    10.1690     87.550     40.030  27.078183    24.0300     0.8217     0.1278     0.2115 1.0594e+00     1.0047     11.706     16.978     8.8533 0.0000e+00
     11.951      0.051    10.1687     87.492     75.670  51.218735    24.0300     0.8293     0.1278     0.2115 1.0603e+00     1.0198     11.719     16.998     8.8514 0.0000e+00
     11.964      0.049    10.1659     87.446     97.039  65.696569    24.0300     0.8713     0.1278     0.2115 1.0888e+00     1.0954     11.732     17.016     8.8495 0.0000e+00
     11.975      0.047    10.1607     87.423    109.858  74.384423    24.0300     0.8293     0.0852     0.1692 1.0509e+00     1.0047     11.744     17.033     8.8481 0.0000e+00
     11.986      0.046    10.1538     87.423    117.569  79.611042    24.0300     0.8065     0.0852     0.1692 1.1010e+00     0.9443     11.754     17.048     8.8480 0.0000e+00
     11.996      0.045    10.1467     87.440    122.176  82.734242    24.0300     0.7759     0.0852     0.1692 1.0663e+00     1.0954     11.764     17.063     8.8492 0.0000e+00
     12.007      0.046    10.1409     87.458    124.886  84.570898    24.0300     0.7530     0.0852     0.1692 1.0766e+00     1.0349     11.775     17.079     8.8513 0.0000e+00
     12.019      0.048    10.1376     87.466    126.481  85.648733    24.0300     0.7607     0.0852     0.2538 1.0731e+00     0.8537     11.787     17.095     8.8537 0.0000e+00
     12.032      0.052    10.1372     87.464    127.446  86.297109    24.0300     0.7378     0.0852     0.2538 1.0512e+00     0.9745     11.799     17.113     8.8556 0.0000e+00
     12.045      0.056    10.1389     87.449    128.034  86.686931    24.0300     0.7492     0.0852     0.2538 1.0348e+00     1.0349     11.812     17.132     8.8568 0.0000e+00
     12.059      0.060    10.1408     87.427    128.380  86.912165    24.0300     0.7492     0.0852     0.2538 1.0290e+00     1.0954     11.826     17.152     8.8571 0.0000e+00
     12.075      0.065    10.1420     87.396    128.600  87.050848    24.0300     0.7683     0.0852     0.2538 1.0342e+00     1.0349     11.841     17.175     8.8563 0.0000e+00
     12.092      0.071    10.1422     87.358    128.775  87.157936    24.0300     0.7492     0.1278     0.0846 1.0188e+00     0.9443     11.858     17.199     8.8541 0.0000e+00
     12.110      0.077    10.1413     87.320    128.915  87.240017    24.0300     0.8141     0.1278     0.0846 1.0067e+00     1.0652     11.877     17.226     8.8510 0.0000e+00
     12.131      0.083    10.1396     87.291    128.989  87.277035    24.0300     0.8408     0.1278     0.0846 9.7842e-01     1.0349     11.896     17.255     8.8474 0.0000e+00
     12.153      0.089    10.1370     87.273    129.022  87.286852    24.0300     0.8522     0.1278     0.0846 9.6302e-01     0.9745     11.918     17.286     8.8435 0.0000e+00
     12.178      0.094    10.1337     87.272    129.059  87.300045    24.2100     0.8141     0.0852     0.0846 9.8012e-01     0.9896     11.942     17.321     8.8392 0.0000e+00
     12.203      0.099    10.1305     87.300    129.080  87.304154    24.2100     0.8942     0.0852     0.0846 9.7100e-01     1.0349     11.967     17.357     8.8343 0.0000e+00
     12.229      0.103    10.1283     87.367    129.069  87.288293    24.2100     0.8827     0.0852     0.0846 9.2467e-01     1.0198     11.993     17.394     8.8292 0.0000e+00
     12.256      0.106    10.1274     87.477    129.051  87.268203    24.2100     0.9018     0.0852     0.0846 9.2668e-01     1.0803     12.019     17.432     8.8242 0.0000e+00
     12.283      0.108    10.1284     87.627    129.023  87.242520    24.1200     0.8789     0.1278     0.2961 8.9424e-01     1.0047     12.046     17.471     8.8198 0.0000e+00
     12.311      0.110    10.1325     87.804    128.978  87.206393    24.1200     0.7607     0.1278     0.2961 9.0224e-01     1.0349     12.073     17.510     8.8158 0.0000e+00
     12.339      0.111    10.1411     87.994    128.939  87.174155    24.1200     0.7607     0.1278     0.2961 8.9541e-01     0.9745     12.101     17.551     8.8125 0.0000e+00
     12.368      0.110    10.1547     88.181    128.932  87.163172    24.1200     0.7759     0.1278     0.2961 8.8208e-01     1.0954     12.129     17.592     8.8095 0.0000e+00
     12.397      0.109    10.1728     88.349    128.960  87.176507    24.1200     0.7797     0.1278     0.2961 8.4604e-01     1.0047     12.157     17.632     8.8069 0.0000e+00
     12.425      0.107    10.1940     88.483    128.983  87.185761    24.1200     0.8942     0.1278     0.1692 8.0672e-01     1.2313     12.185     17.673     8.8044 0.0000e+00
     12.453      0.105    10.2165     88.582    128.953  87.159447    24.1200     0.9094     0.1278     0.1692 8.5157e-01     1.2766     12.212     17.712     8.8021 0.0000e+00
     12.479      0.102    10.2387     88.649    128.905  87.120507    24.1200     0.8942     0.1278     0.1692 8.0095e-01     1.3371     12.238     17.749     8.7999 0.0000e+00
     12.504      0.098    10.2588     88.692    128.900  87.110484    24.1200     0.8866     0.1278     0.1692 7.8476e-01     1.2464     12.262     17.785     8.7976 0.0000e+00
     12.528      0.095    10.2750     88.712    128.931  87.124707    24.2100     0.8370     0.1278     0.1692 7.9282e-01     1.1709     12.286     17.819     8.7953 0.0000e+00
     12.552      0.092    10.2870     88.706    128.976  87.148995    24.2100     0.8446     0.1278     0.1692 7.8869e-01     1.2615     12.310     17.853     8.7929 0.0000e+00
     12.576      0.089    10.2955     88.681    129.023  87.173846    24.2100     0.8141     0.1278     0.1692 7.6091e-01     1.2918     12.332     17.887     8.7905 0.0000e+00
     12.598      0.087    10.3011     88.648    129.061  87.193905    24.2100     0.8293     0.1278     0.1692 7.5433e-01     1.3371     12.355     17.919     8.7879 0.0000e+00
     12.620      0.084    10.3040     88.619    129.102  87.216517    24.2100     0.9018     0.0852     0.2961 7.0122e-01     1.4277     12.376     17.949     8.7853 0.0000e+00
     12.640      0.082    10.3041     88.591    129.153  87.245715    24.2100     0.8942     0.0852     0.2961 7.1896e-01     1.4277     12.396     17.979     8.7827 0.0000e+00
     12.661      0.081    10.3017     88.564    129.215  87.283293    24.2100     0.9018     0.0852     0.2961 6.9424e-01     1.5183     12.416     18.008     8.7803 0.0000e+00
     12.681      0.081    10.2985     88.539    129.255  87.307316    24.2100     0.8866     0.0852     0.2961 7.2461e-01     1.6241     12.436     18.036     8.7780 0.0000e+00
