Data/DataNotYetUploadedToEDI/Raw_CTD/RawDownloads/041625_ccr90_S8188003.cnv
* Sea-Bird SBE19plus  Data File:
* FileName = C:\R\Reservoirs\Data\DataNotYetUploadedToEDI\Raw_CTD\RawDownloads\041625_ccr50_S8188_0003.hex
* Software version 2.8.0.119
* Temperature SN = 8188
* Conductivity SN = 8188
* System UpLoad Time = Apr 16 2025 18:05:41
* <ApplicationData>
* <Seaterm232>
# nquan = 16
# nvalues = 1550                        
# units = specified
# name 0 = depFM: Depth [fresh water, m]
# name 1 = dz/dtM: Descent Rate [m/s]
# name 2 = sbeox0Mg/L: Oxygen, SBE 43 [mg/l]
# name 3 = sbeox0PS: Oxygen, SBE 43 [% saturation]
# name 4 = specc: Specific Conductance [uS/cm]
# name 5 = c0uS/cm: Conductivity [uS/cm]
# name 6 = wetCDOM: Fluorescence, WET Labs CDOM [mg/m^3]
# name 7 = flECO-AFL: Fluorescence, WET Labs ECO-AFL/FL [mg/m^3]
# name 8 = flECO-AFL1: Fluorescence, WET Labs ECO-AFL/FL, 2 [mg/m^3]
# name 9 = flECO-AFL2: Fluorescence, WET Labs ECO-AFL/FL, 3 [mg/m^3]
# name 10 = par/sat/log: PAR/Logarithmic, Satlantic
# name 11 = turbWETntu0: Turbidity, WET Labs ECO [NTU]
# name 12 = prdM: Pressure, Strain Gauge [db]
# name 13 = prdE: Pressure, Strain Gauge [psi]
# name 14 = tv290C: Temperature [ITS-90, deg C]
# name 15 = flag:  0.000e+00
# span 0 =     -0.493,      5.447       
# span 1 =     -0.365,      0.186       
# span 2 =     6.4326,    13.1716       
# span 3 =     61.680,    125.809       
# span 4 =   -639.901,    126.868       
# span 5 =-486.951262,  97.640564       
# span 6 =    -4.5000,    40.5000       
# span 7 =    -2.4437,   245.1187       
# span 8 =    -2.1300,     6.0918       
# span 9 =    -4.1454,    12.3939       
# span 10 = 9.8239e+00, 2.8449e+03      
# span 11 =    -8.1951,   970.9887      
# span 12 =     -0.483,      5.342      
# span 13 =     -0.701,      7.748      
# span 14 =    12.2004,    14.0012      
# span 15 = 0.0000e+00, 0.0000e+00      
# interval = seconds: 0.25
# start_time = Apr 16 2025 10:57:29 [Instrument's time stamp, header]
# bad_flag = -9.990e-29
*END*
[from data line 1356]
      5.400      0.004    10.4709     97.205    114.715  85.614970    20.9700     2.2217     0.1704     0.5076 3.0870e+01     3.5728      5.296      7.681    12.3658 0.0000e+00
      5.402      0.005    10.4544     97.008    114.826  85.676465    20.9700     2.2599     0.1704     0.5076 3.0430e+01     3.5728      5.297      7.683    12.3531 0.0000e+00
      5.403      0.007    10.4359     96.817    114.960  85.765521    20.9700     2.2446     0.1704     0.5076 2.9035e+01     3.6332      5.298      7.685    12.3392 0.0000e+00
      5.405      0.008    10.4169     96.638    115.009  85.800041    20.9700     2.2561     0.1704     0.5076 2.6279e+01     3.5124      5.300      7.688    12.3256 0.0000e+00
      5.408      0.008    10.3982     96.490    115.065  85.845150    20.9700     2.0653     0.1278     0.5076 2.2872e+01     2.8628      5.303      7.691    12.3134 0.0000e+00
      5.410      0.009    10.3793     96.398    115.227  85.972788    20.9700     2.0577     0.1278     0.5076 1.9850e+01     2.8930      5.305      7.695    12.3042 0.0000e+00
      5.412      0.009    10.3600     96.375    115.508  86.195025    20.9700     2.0653     0.1278     0.5076 1.9373e+01     2.8930      5.307      7.698    12.2994 0.0000e+00
      5.415      0.009    10.3410     96.427    115.809  86.439316    20.9700     2.0577     0.1278     0.5076 1.8895e+01     2.8779      5.310      7.702    12.2985 0.0000e+00
      5.417      0.008    10.3249     96.550    115.992  86.601054    21.6000     2.0501     0.1278     0.5499 1.8182e+01     3.4369      5.312      7.705    12.2999 0.0000e+00
      5.419      0.007    10.3143     96.736    116.075  86.689418    21.6000     2.0653     0.1278     0.5499 1.7072e+01     3.3462      5.314      7.707    12.3029 0.0000e+00
      5.421      0.007    10.3106     96.975    116.145  86.765921    21.6000     2.0653     0.1278     0.5499 1.7131e+01     3.2405      5.316      7.710    12.3084 0.0000e+00
      5.422      0.006    10.3142     97.248    116.172  86.807026    21.6000     2.0653     0.1278     0.5499 1.7337e+01     3.4369      5.317      7.712    12.3168 0.0000e+00
      5.423      0.005    10.3247     97.519    116.075  86.747803    21.6900     2.1073     0.1704     0.5076 1.6723e+01     2.9384      5.318      7.714    12.3277 0.0000e+00
      5.425      0.005    10.3419     97.756    115.908  86.628380    21.6900     2.1225     0.1704     0.5076 1.6481e+01     2.8024      5.320      7.715    12.3391 0.0000e+00
      5.426      0.004    10.3650     97.946    115.832  86.568693    21.6900     2.0882     0.1704     0.5076 1.6506e+01     2.8628      5.321      7.717    12.3495 0.0000e+00
      5.427      0.004    10.3922     98.083    115.903  86.616734    21.6900     2.1492     0.1704     0.5076 1.6654e+01     2.8628      5.322      7.718    12.3583 0.0000e+00
      5.427      0.004    10.4198     98.167    116.070  86.739379    21.7800     2.1569     0.1704     0.5076 1.6752e+01     3.2103      5.322      7.720    12.3642 0.0000e+00
      5.428      0.004    10.4447     98.198    116.249  86.877465    21.7800     2.1721     0.1704     0.5076 1.6324e+01     3.1045      5.323      7.721    12.3663 0.0000e+00
      5.429      0.004    10.4652     98.179    116.387  86.991923    21.7800     2.1759     0.1704     0.5076 1.5678e+01     3.0290      5.324      7.723    12.3653 0.0000e+00
      5.431      0.004    10.4803     98.125    116.495  87.089311    21.7800     2.2027     0.1704     0.5076 1.5552e+01     3.2707      5.326      7.724    12.3631 0.0000e+00
      5.432      0.004    10.4896     98.062    116.580  87.171635    21.7800     2.1149     0.1704     0.5076 1.4913e+01     2.6211      5.327      7.726    12.3622 0.0000e+00
      5.433      0.004    10.4925     98.027    116.629  87.226894    21.6000     2.1302     0.1704     0.4230 1.4448e+01     2.5456      5.328      7.728    12.3640 0.0000e+00
      5.434      0.004    10.4893     98.042    116.646  87.253850    21.6000     2.1378     0.1704     0.4230 1.4329e+01     2.5909      5.329      7.729    12.3688 0.0000e+00
      5.435      0.004    10.4818     98.107    116.647  87.263684    21.6000     2.1149     0.1704     0.4230 1.3803e+01     2.6513      5.330      7.731    12.3759 0.0000e+00
      5.436      0.004    10.4732     98.207    116.661  87.278992    21.6000     2.1721     0.1704     0.4230 1.3740e+01     2.4096      5.331      7.732    12.3840 0.0000e+00
      5.437      0.003    10.4675     98.320    116.680  87.295867    21.9600     2.1836     0.1704     0.4653 1.3604e+01     2.3643      5.332      7.733    12.3918 0.0000e+00
      5.438      0.003    10.4676     98.433    116.691  87.304829    21.9600     2.2141     0.1704     0.4653 1.3308e+01     2.3945      5.333      7.735    12.3981 0.0000e+00
      5.439      0.003    10.4737     98.536    116.729  87.334229    21.9600     2.1874     0.1704     0.4653 1.3346e+01     2.2888      5.334      7.736    12.4021 0.0000e+00
      5.439      0.002    10.4838     98.618    116.793  87.385917    21.9600     2.3095     0.1704     0.4653 1.3156e+01     2.3794      5.334      7.736    12.4041 0.0000e+00
      5.440      0.002    10.4957     98.671    116.840  87.427741    22.1400     2.3209     0.1704     0.5076 1.3424e+01     2.3945      5.335      7.737    12.4050 0.0000e+00
      5.440      0.002    10.5077     98.697    116.845  87.438899    22.1400     2.3209     0.1704     0.5076 1.3199e+01     2.3643      5.335      7.738    12.4054 0.0000e+00
      5.441      0.002    10.5186     98.696    116.794  87.406388    22.1400     2.3209     0.1704     0.5076 1.2966e+01     2.3945      5.335      7.739    12.4060 0.0000e+00
      5.441      0.002    10.5269     98.665    116.679  87.321541    22.1400     2.3018     0.1704     0.5076 1.2935e+01     2.5305      5.336      7.739    12.4077 0.0000e+00
      5.442      0.002    10.5319     98.601    116.507  87.189691    22.1400     2.3133     0.1704     0.5076 1.2673e+01     2.4247      5.336      7.740    12.4105 0.0000e+00
      5.442      0.001    10.5339     98.513    116.308  87.033598    22.0500     2.2942     0.1704     0.5499 1.2566e+01     2.3341      5.337      7.740    12.4136 0.0000e+00
      5.442      0.001    10.5332     98.407    116.124  86.885533    22.0500     2.2828     0.1704     0.5499 1.2536e+01     2.3643      5.337      7.741    12.4159 0.0000e+00
      5.442      0.001    10.5298     98.286    115.989  86.769921    22.0500     2.3095     0.1704     0.5499 1.2490e+01     2.3341      5.337      7.741    12.4166 0.0000e+00
      5.443      0.001    10.5233     98.159    115.917  86.699866    22.0500     2.2942     0.1704     0.5499 1.2493e+01     2.4096      5.338      7.741    12.4153 0.0000e+00
      5.443      0.001    10.5146     98.040    115.902  86.672665    22.4100     2.2866     0.1704     0.5076 1.2441e+01     2.5154      5.338      7.742    12.4122 0.0000e+00
      5.443      0.001    10.5044     97.936    115.880  86.643118    22.4100     2.3095     0.1704     0.5076 1.2342e+01     2.4549      5.338      7.742    12.4075 0.0000e+00
      5.443      0.001    10.4929     97.855    115.819  86.587368    22.4100     2.2637     0.1704     0.5076 1.2272e+01     3.1196      5.338      7.742    12.4014 0.0000e+00
      5.443      0.001    10.4810     97.794    115.752  86.530491    22.4100     2.2484     0.1704     0.5076 1.2203e+01     3.0743      5.338      7.742    12.3945 0.0000e+00
      5.444      0.001    10.4699     97.744    115.690  86.479287    22.5000     2.2522     0.1704     0.5076 1.2179e+01     3.0441      5.339      7.743    12.3877 0.0000e+00
      5.444      0.001    10.4602     97.693    115.614  86.416108    22.5000     2.2599     0.1704     0.5076 1.2174e+01     3.1952      5.339      7.743    12.3818 0.0000e+00
      5.444      0.001    10.4525     97.637    115.512  86.332095    22.5000     2.3781     0.1704     0.5076 1.2129e+01     2.5909      5.339      7.743    12.3775 0.0000e+00
      5.444      0.001    10.4468     97.575    115.415  86.250777    22.5000     2.3743     0.1704     0.5076 1.2079e+01     2.7269      5.339      7.743    12.3745 0.0000e+00
      5.444      0.001    10.4420     97.506    115.355  86.196404    22.3200     2.3896     0.2130     0.5499 1.2066e+01     2.7118      5.339      7.744    12.3723 0.0000e+00
      5.445      0.001    10.4372     97.429    115.326  86.166456    22.3200     2.3667     0.2130     0.5499 1.2071e+01     2.7269      5.339      7.744    12.3697 0.0000e+00
      5.445      0.001    10.4319     97.352    115.322  86.156941    22.3200     2.2141     0.2130     0.5499 1.2050e+01     2.9384      5.339      7.744    12.3664 0.0000e+00
      5.445      0.001    10.4262     97.284    115.325  86.155338    22.3200     2.2561     0.2130     0.5499 1.1933e+01     2.8779      5.340      7.744    12.3625 0.0000e+00
      5.445      0.001    10.4197     97.243    115.316  86.147238    22.3200     2.2446     0.2130     0.5499 1.1858e+01     2.8175      5.340      7.745    12.3584 0.0000e+00
      5.445      0.001    10.4125     97.239    115.309  86.142464    22.5000     2.2484     0.1704     0.5076 1.1641e+01     2.8779      5.340      7.745    12.3547 0.0000e+00
      5.446      0.001    10.4049     97.267    115.344  86.169700    22.5000     2.2027     0.1704     0.5076 1.1558e+01     3.1045      5.340      7.746    12.3518 0.0000e+00
      5.446      0.001    10.3981     97.309    115.438  86.246194    22.5000     2.1912     0.1704     0.5076 1.1505e+01     3.1952      5.341      7.746    12.3502 0.0000e+00
      5.446      0.001    10.3937     97.353    115.567  86.354398    22.5000     2.1607     0.1704     0.5076 1.1302e+01     3.0894      5.341      7.746    12.3497 0.0000e+00
      5.446      0.001    10.3933     97.392    115.697  86.469246    22.7700     2.1759     0.2556     0.5076 1.1185e+01     3.1347      5.341      7.747    12.3497 0.0000e+00
      5.447      0.001    10.3961     97.423    115.816  86.577430    22.7700     2.1721     0.2556     0.5076 1.1071e+01     2.8628      5.341      7.747    12.3504 0.0000e+00
      5.447      0.001    10.4001     97.452    115.930  86.677843    22.7700     2.1874     0.2556     0.5076 1.1042e+01     2.9232      5.342      7.747    12.3529 0.0000e+00
      5.447      0.001    10.4035     97.486    116.051  86.777290    22.7700     2.2141     0.2556     0.5076 1.0913e+01     2.9081      5.342      7.748    12.3582 0.0000e+00
      5.447      0.000    10.4058     97.536    116.159  86.864347    35.8200     2.1645     0.8094     0.6345 1.0821e+01     2.9384      5.342      7.748    12.3659 0.0000e+00
      5.447      0.000    10.4072     97.614    116.198  86.900314    35.8200     2.2713     0.8094     0.6345 1.0637e+01     2.4398      5.342      7.748    12.3741 0.0000e+00
      5.447      0.000    10.4088     97.723    116.149  86.872815    35.8200     2.2522     0.8094     0.6345 1.0612e+01     2.3492      5.342      7.748    12.3807 0.0000e+00
      5.447      0.000    10.4115     97.847    116.052  86.808469    35.8200     2.2294     0.8094     0.6345 1.0280e+01     2.3643      5.342      7.748    12.3847 0.0000e+00
      5.447     -0.001    10.4162     97.967    115.911  86.708092    40.5000     2.2484     0.5538     2.1150 1.0132e+01     2.4549      5.342      7.748    12.3873 0.0000e+00
      5.447     -0.001    10.4239     98.067    115.728  86.570880    40.5000     2.3591     0.5538     2.1150 9.9420e+00     2.5909      5.342      7.747    12.3903 0.0000e+00
      5.447     -0.002    10.4346     98.130    115.568  86.444124    40.5000     2.3667     0.5538     2.1150 9.8239e+00     2.7269      5.341      7.747    12.3941 0.0000e+00
      5.446     -0.002    10.4469     98.144    115.456  86.347943    40.5000     2.3896     0.5538     2.1150 9.8431e+00     2.6362      5.341      7.746    12.3978 0.0000e+00
      5.446     -0.003    10.4593     98.107    115.340  86.244707    40.5000     2.3591     0.5538     2.1150 9.8410e+00     2.5909      5.340      7.745    12.3999 0.0000e+00
      5.445     -0.004    10.4700     98.024    115.170  86.098895    32.5800     2.4926     0.1704    12.3939 9.9355e+00     2.5154      5.339      7.744    12.3996 0.0000e+00
      5.444     -0.006    10.4775     97.910    114.921  85.891597    32.5800     2.4773     0.1704    12.3939 9.8517e+00     2.6060      5.338      7.743    12.3965 0.0000e+00
      5.442     -0.008    10.4803     97.780    114.552  85.591495    32.5800     2.5269     0.1704    12.3939 9.8753e+00     2.6211      5.337      7.740    12.3912 0.0000e+00
      5.440     -0.010    10.4781     97.649    114.029  85.170488    32.5800     2.4926     0.1704    12.3939 9.8860e+00     2.6815      5.335      7.738    12.3841 0.0000e+00
      5.438     -0.013    10.4712     97.526    113.488  84.725989    30.5100     2.3095     0.0852    12.3939 9.9204e+00     3.3764      5.332      7.734    12.3757 0.0000e+00
      5.434     -0.015    10.4611     97.411    113.111  84.397073    30.5100     2.2942     0.0852    12.3939 1.0994e+01     3.3462      5.329      7.729    12.3665 0.0000e+00
      5.430     -0.018    10.4497     97.298    112.912  84.199867    30.5100     2.3247     0.0852    12.3939 1.4245e+01     3.4520      5.324      7.723    12.3560 0.0000e+00
      5.424     -0.020    10.4389     97.178    112.827  84.093762    30.5100     2.3056     0.0852    12.3939 1.7935e+01     3.4067      5.319      7.715    12.3426 0.0000e+00
      5.418     -0.022    10.4299     97.030    112.786  84.028496    27.2700     2.2408     0.0852     4.6953 2.2649e+01     5.7028      5.313      7.706    12.3249 0.0000e+00
      5.412     -0.023    10.4226     96.831    112.757  83.980673    27.2700     2.2408     0.0852     4.6953 2.7976e+01     5.7179      5.307      7.698    12.3039 0.0000e+00
      5.406     -0.024    10.4156     96.567    112.732  83.941535    27.2700     2.2599     0.0852     4.6953 3.2423e+01     5.6424      5.301      7.689    12.2825 0.0000e+00
      5.400     -0.025    10.4072     96.242    112.696  83.898645    27.2700     2.2522     0.0852     4.6953 3.4226e+01     5.7784      5.296      7.681    12.2635 0.0000e+00
      5.394     -0.028    10.3949     95.883    112.662  83.858540    27.2700     2.2179     0.0852     4.6953 3.4653e+01     7.0624      5.290      7.673    12.2483 0.0000e+00
      5.388     -0.032    10.3763     95.528    112.636  83.826498    21.6000     2.2675     0.1278     0.3807 3.3819e+01     6.8811      5.283      7.663    12.2366 0.0000e+00
      5.380     -0.038    10.3501     95.216    112.656  83.831914    21.6000     2.2751     0.1278     0.3807 3.1927e+01     6.8660      5.276      7.652    12.2276 0.0000e+00
      5.371     -0.047    10.3170     94.980    112.765  83.906186    21.6000     2.2370     0.1278     0.3807 3.1051e+01     6.8509      5.266      7.639    12.2203 0.0000e+00
      5.359     -0.058    10.2800     94.853    112.940  84.035173    21.6000     2.2561     0.1278     0.3807 3.0397e+01     6.5337      5.255      7.622    12.2140 0.0000e+00
      5.344     -0.074    10.2432     94.846    113.185  84.223316    26.2800     2.2751     0.2556     0.8883 3.0523e+01     6.3826      5.241      7.601    12.2084 0.0000e+00
      5.325     -0.093    10.2108     94.944    113.592  84.538761    26.2800     2.2561     0.2556     0.8883 3.0430e+01     6.4884      5.222      7.574    12.2039 0.0000e+00
      5.301     -0.118    10.1862     95.127    114.196  85.011709    26.2800     2.2484     0.2556     0.8883 3.0371e+01     6.4884      5.199      7.540    12.2010 0.0000e+00
      5.271     -0.148    10.1727     95.377    114.939  85.602538    26.2800     2.1111     0.2556     0.8883 2.9854e+01     5.4611      5.168      7.497    12.2004 0.0000e+00
      5.231     -0.181    10.1714     95.677    115.769  86.275096    23.8500     2.1340     0.2982     0.5499 3.0430e+01     5.4913      5.130      7.441    12.2026 0.0000e+00
