Data/DataNotYetUploadedToEDI/Raw_CTD/RawDownloads/041621_fcr50.cnv
* Sea-Bird SBE19plus  Data File:
* FileName = C:\R\Reservoirs\Data\DataNotYetUploadedToEDI\Raw_CTD\RawDownloads\041621_fcr50_0001.hex
* Software version 2.8.0.119
* Temperature SN = 7809
* Conductivity SN = 7809
* System UpLoad Time = Apr 16 2021 14:06:11
* <ApplicationData>
* <Seaterm232>
# nquan = 16
# nvalues = 2135                        
# units = specified
# name 0 = depFM: Depth [fresh water, m]
# name 1 = dz/dtM: Descent Rate [m/s]
# name 2 = orp: Oxidation Reduction Potential [mV]
# name 3 = sbeox0Mg/L: Oxygen, SBE 43 [mg/l]
# name 4 = sbeox0PS: Oxygen, SBE 43 [% saturation]
# name 5 = par/sat/log: PAR/Logarithmic, Satlantic
# name 6 = ph: pH
# name 7 = specc: Specific Conductance [uS/cm]
# name 8 = c0uS/cm: Conductivity [uS/cm]
# name 9 = flECO-AFL: Fluorescence, WET Labs ECO-AFL/FL [mg/m^3]
# name 10 = turbWETntu0: Turbidity, WET Labs ECO [NTU]
# name 11 = tv290C: Temperature [ITS-90, deg C]
# name 12 = density00: Density [density, kg/m^3]
# name 13 = prdE: Pressure, Strain Gauge [psi]
# name 14 = prdM: Pressure, Strain Gauge [db]
# name 15 = flag:  0.000e+00
# span 0 =     -0.737,      9.594       
# span 1 =     -0.216,      0.146       
# span 2 = -1037.8878,   606.7810       
# span 3 =     1.4609,    11.6686       
# span 4 =     12.216,    105.547       
# span 5 = 1.2356e-01, 2.4737e+03       
# span 6 =     15.426,     16.545       
# span 7 =      1.415,    112.260       
# span 8 =   1.057059,  72.709766       
# span 9 =    -2.5076,   266.7848       
# span 10 =   -11.6273,   961.9261      
# span 11 =     7.2825,    15.0071      
# span 12 =   999.1147,   999.9774      
# span 13 =     -1.049,     13.647      
# span 14 =     -0.723,      9.410      
# span 15 = 0.0000e+00, 0.0000e+00      
# interval = seconds: 0.25
# start_time = Apr 15 2021 23:19:41 [Instrument's time stamp, header]
# bad_flag = -9.990e-29
*END*
[from data line 1356]
      9.061      0.010   443.0150     3.0666     25.284 1.2376e-01     15.650     35.378  22.901447     5.2164     8.4497     7.3619   999.9434     12.890      8.887 0.0000e+00
      9.061      0.006   443.1096     3.0542     25.256 1.2375e-01     15.650     35.341  22.878241     5.1996     8.4699     7.3610   999.9434     12.886      8.885 0.0000e+00
      9.061      0.002   442.8823     3.0526     25.199 1.2374e-01     15.650     35.336  22.875818     5.2150     8.5130     7.3613   999.9433     12.887      8.885 0.0000e+00
      9.061      0.001   442.4175     3.0416     25.100 1.2369e-01     15.651     35.327  22.872161     5.3166     8.5592     7.3635   999.9433     12.890      8.887 0.0000e+00
      9.061      0.002   442.2214     3.0426     25.008 1.2367e-01     15.651     35.264  22.834027     5.4945     8.6509     7.3653   999.9432     12.888      8.886 0.0000e+00
      9.061      0.004   442.2322     3.0374     24.919 1.2370e-01     15.650     35.199  22.795261     5.5821     8.6944     7.3659   999.9431     12.888      8.886 0.0000e+00
      9.062      0.008   442.2905     3.0354     24.849 1.2369e-01     15.649     35.176  22.783962     5.6032     8.6734     7.3668   999.9430     12.890      8.887 0.0000e+00
      9.062      0.015   442.4960     3.0159     24.807 1.2366e-01     15.648     35.235  22.824259     5.7497     8.6724     7.3696   999.9429     12.890      8.887 0.0000e+00
      9.065      0.025   442.6510     3.0076     24.749 1.2368e-01     15.649     35.356  22.901973     5.9898     8.6819     7.3740   999.9427     12.891      8.888 0.0000e+00
      9.072      0.037   442.5305     2.9980     24.786 1.2368e-01     15.651     35.453  22.962550     6.1126     8.6846     7.3789   999.9424     12.899      8.893 0.0000e+00
      9.083      0.050   442.2440     2.9806     24.917 1.2366e-01     15.651     35.494  22.985917     6.1177     8.6711     7.3848   999.9422     12.917      8.906 0.0000e+00
      9.098      0.059   442.1120     2.9911     25.077 1.2372e-01     15.650     35.512  22.994237     6.0807     8.6909     7.3883   999.9421     12.939      8.921 0.0000e+00
      9.118      0.062   442.1395     2.9649     25.214 1.2379e-01     15.650     35.524  22.999721     6.0187     8.7169     7.3875   999.9423     12.966      8.939 0.0000e+00
      9.141      0.058   442.2320     2.9771     25.275 1.2376e-01     15.650     35.509  22.988799     5.9870     8.6771     7.3833   999.9427     13.002      8.965 0.0000e+00
      9.162      0.050   442.3696     2.9961     25.337 1.2375e-01     15.650     35.511  22.989018     5.9738     8.6559     7.3777   999.9430     13.038      8.989 0.0000e+00
      9.172      0.042   442.3416     3.0136     25.438 1.2377e-01     15.650     35.532  23.002375     5.8499     8.7009     7.3734   999.9433     13.051      8.999 0.0000e+00
      9.173      0.035   442.3233     3.0414     25.551 1.2373e-01     15.650     35.565  23.023460     5.6239     8.7751     7.3703   999.9435     13.045      8.995 0.0000e+00
      9.175      0.029   442.4921     3.0353     25.559 1.2371e-01     15.650     35.612  23.053690     5.5014     8.7982     7.3682   999.9436     13.045      8.996 0.0000e+00
      9.182      0.025   442.5758     3.0483     25.472 1.2373e-01     15.650     35.608  23.050781     5.4846     8.7397     7.3670   999.9437     13.058      9.003 0.0000e+00
      9.192      0.026   442.5605     3.0552     25.401 1.2373e-01     15.650     35.609  23.051707     5.5171     8.7201     7.3663   999.9438     13.075      9.015 0.0000e+00
      9.202      0.030   442.3943     3.0803     25.331 1.2369e-01     15.650     35.629  23.064888     5.6080     8.7670     7.3661   999.9438     13.090      9.026 0.0000e+00
      9.208      0.033   442.1141     3.0813     25.245 1.2366e-01     15.650     35.559  23.019891     5.6588     8.7566     7.3659   999.9439     13.096      9.029 0.0000e+00
      9.213      0.034   442.0124     3.0575     25.062 1.2367e-01     15.650     35.453  22.951592     5.6535     8.6641     7.3657   999.9439     13.101      9.033 0.0000e+00
      9.221      0.034   442.0250     3.0593     24.797 1.2366e-01     15.650     35.430  22.936715     5.6579     8.6441     7.3653   999.9440     13.114      9.042 0.0000e+00
      9.233      0.035   442.3524     3.0437     24.593 1.2368e-01     15.650     35.477  22.966845     5.7119     8.7207     7.3658   999.9440     13.131      9.054 0.0000e+00
      9.245      0.036   442.9594     3.0420     24.476 1.2373e-01     15.649     35.527  22.998796     5.8022     8.7326     7.3670   999.9440     13.151      9.068 0.0000e+00
      9.254      0.036   443.2558     3.0217     24.417 1.2369e-01     15.649     35.537  23.005929     5.8530     8.7181     7.3675   999.9440     13.165      9.078 0.0000e+00
      9.260      0.033   443.1824     2.9748     24.319 1.2366e-01     15.649     35.512  22.989674     5.8490     8.7521     7.3669   999.9440     13.170      9.080 0.0000e+00
      9.268      0.028   442.9328     2.9570     24.168 1.2370e-01     15.650     35.516  22.992516     5.7830     8.7658     7.3662   999.9441     13.179      9.086 0.0000e+00
      9.279      0.023   442.7320     2.9384     24.074 1.2374e-01     15.650     35.591  23.040296     5.6750     8.7463     7.3662   999.9442     13.200      9.101 0.0000e+00
      9.286      0.021   442.6475     2.9399     24.090 1.2375e-01     15.650     35.721  23.123434     5.6205     8.7226     7.3667   999.9442     13.213      9.110 0.0000e+00
      9.287      0.024   442.8575     2.9302     24.208 1.2374e-01     15.650     35.897  23.236687     5.6200     8.7191     7.3674   999.9441     13.208      9.108 0.0000e+00
      9.287      0.029   443.2927     2.9014     24.358 1.2368e-01     15.651     36.046  23.331470     5.7067     8.7727     7.3670   999.9442     13.207      9.106 0.0000e+00
      9.291      0.035   443.4357     2.8923     24.473 1.2363e-01     15.651     36.126  23.381552     5.8868     8.8904     7.3658   999.9443     13.213      9.110 0.0000e+00
      9.302      0.043   443.3817     2.8910     24.503 1.2367e-01     15.651     36.252  23.461695     5.9952     8.9749     7.3650   999.9444     13.224      9.118 0.0000e+00
      9.320      0.053   443.2422     2.9117     24.459 1.2378e-01     15.651     36.472  23.602831     6.0057     8.9703     7.3643   999.9446     13.254      9.138 0.0000e+00
      9.340      0.062   442.9533     2.9310     24.414 1.2383e-01     15.650     36.809  23.819584     6.0333     8.9028     7.3627   999.9449     13.290      9.162 0.0000e+00
      9.355      0.068   442.7276     2.9480     24.357 1.2374e-01     15.650     37.175  24.052923     6.0913     8.8122     7.3589   999.9451     13.308      9.175 0.0000e+00
      9.367      0.069   442.7510     2.9533     24.254 1.2367e-01     15.651     37.323  24.140878     6.1144     8.7676     7.3562   999.9453     13.319      9.184 0.0000e+00
      9.386      0.064   442.8917     2.9396     24.056 1.2367e-01     15.651     37.309  24.121956     6.1126     8.7416     7.3553   999.9455     13.347      9.202 0.0000e+00
      9.410      0.056   442.9662     2.9387     23.706 1.2368e-01     15.651     37.350  24.141236     6.1180     8.7033     7.3545   999.9458     13.387      9.230 0.0000e+00
      9.430      0.048   443.0497     2.9326     23.286 1.2368e-01     15.651     37.422  24.183721     6.1026     8.7162     7.3513   999.9462     13.419      9.253 0.0000e+00
      9.440      0.040   443.1263     2.9213     22.876 1.2368e-01     15.652     37.439  24.191673     6.0701     8.7606     7.3396   999.9469     13.430      9.260 0.0000e+00
      9.442      0.032   443.1187     2.9067     22.426 1.2368e-01     15.652     37.514  24.237374     6.0486     8.7597     7.3232   999.9478     13.430      9.260 0.0000e+00
      9.443      0.026   443.1301     2.8573     21.883 1.2372e-01     15.653     37.701  24.355747     6.0239     8.7393     7.3136   999.9483     13.431      9.261 0.0000e+00
      9.447      0.024   443.0052     2.8016     21.237 1.2376e-01     15.653     37.898  24.481277     5.8766     8.7198     7.3105   999.9485     13.436      9.264 0.0000e+00
      9.456      0.024   442.7273     2.7586     20.537 1.2376e-01     15.653     38.106  24.613492     5.6224     8.6961     7.3074   999.9487     13.447      9.271 0.0000e+00
      9.466      0.025   442.6091     2.7049     19.832 1.2374e-01     15.652     38.318  24.749277     5.4871     8.7261     7.3034   999.9489     13.466      9.285 0.0000e+00
      9.474      0.026   442.6087     2.6421     19.157 1.2373e-01     15.652     38.874  25.108233     5.4714     8.7746     7.3000   999.9492     13.479      9.293 0.0000e+00
      9.479      0.026   442.6371     2.5608     18.598 1.2372e-01     15.652     40.800  26.353092     5.4606     8.8358     7.2970   999.9495     13.482      9.295 0.0000e+00
      9.483      0.024   442.7799     2.4735     18.213 1.2373e-01     15.652     43.646  28.192865     5.4623     8.9509     7.2944   999.9497     13.485      9.298 0.0000e+00
      9.489      0.022   442.9586     2.3905     17.942 1.2373e-01     15.652     45.905  29.654876     5.4725     8.9987     7.2925   999.9499     13.495      9.305 0.0000e+00
      9.497      0.021   442.8188     2.3024     17.640 1.2369e-01     15.652     47.924  30.962083     5.4689     8.9672     7.2924   999.9498     13.509      9.314 0.0000e+00
      9.503      0.021   442.4668     2.2331     17.272 1.2369e-01     15.652     50.133  32.387968     5.4286     8.9480     7.2935   999.9505     13.518      9.321 0.0000e+00
      9.508      0.020   442.3160     2.1877     16.929 1.2373e-01     15.652     51.876  33.507751     5.3659     8.9387     7.2952   999.9519     13.523      9.324 0.0000e+00
      9.512      0.017   442.3712     2.1649     16.662 1.2374e-01     15.652     53.092  34.285706     5.3401     8.9580     7.2987   999.9523     13.529      9.329 0.0000e+00
      9.516      0.014   442.5321     2.1298     16.456 1.2370e-01     15.652     54.112  34.941093     5.3465     8.9755     7.3030   999.9527     13.535      9.332 0.0000e+00
      9.519      0.012   442.6275     2.0778     16.225 1.2367e-01     15.652     53.942  34.832444     5.4041     8.9445     7.3032   999.9537     13.539      9.335 0.0000e+00
      9.522      0.011   442.5784     2.0365     15.849 1.2373e-01     15.652     51.941  33.543032     5.5125     8.9260     7.2954   999.9547     13.543      9.338 0.0000e+00
      9.524      0.009   442.4546     2.0047     15.338 1.2384e-01     15.651     49.515  31.978397     5.5703     8.9578     7.2857   999.9555     13.546      9.340 0.0000e+00
      9.526      0.008   442.3343     1.9832     14.815 1.2388e-01     15.651     47.530  30.698829     5.5882     8.9854     7.2825   999.9562     13.549      9.342 0.0000e+00
      9.528      0.006   442.3285     1.9633     14.313 1.2383e-01     15.651     46.052  29.746049     5.6050     8.9513     7.2845   999.9563     13.552      9.343 0.0000e+00
      9.529      0.005   442.3846     1.9178     13.794 1.2378e-01     15.651     45.128  29.150167     5.6298     8.8884     7.2873   999.9551     13.554      9.345 0.0000e+00
      9.531      0.004   442.4102     1.8461     13.268 1.2370e-01     15.651     44.326  28.632786     5.6882     8.8764     7.2905   999.9539     13.556      9.346 0.0000e+00
      9.531      0.003   442.5531     1.7837     12.778 1.2370e-01     15.651     43.433  28.058015     5.7288     8.9443     7.2931   999.9532     13.557      9.347 0.0000e+00
      9.531      0.002   442.8212     1.7260     12.391 1.2374e-01     15.651     42.611  27.529360     5.7301     9.0221     7.2949   999.9525     13.557      9.347 0.0000e+00
      9.531      0.002   442.8987     1.6629     12.216 1.2369e-01     15.652     42.080  27.188812     5.7031     9.0278     7.2959   999.9523     13.557      9.347 0.0000e+00
      9.531      0.002   442.7155     1.5966     12.259 1.2363e-01     15.652     41.858  27.048762     5.6419     8.9789     7.2959   999.9520     13.557      9.347 0.0000e+00
      9.532      0.003   442.4995     1.5372     12.472 1.2363e-01     15.651     41.645  26.914407     5.6002     8.9462     7.2978   999.9516     13.558      9.348 0.0000e+00
      9.533      0.003   442.3513     1.4819     12.858 1.2369e-01     15.650     41.417  26.769556     5.5997     8.9755     7.3009   999.9511     13.559      9.349 0.0000e+00
      9.535      0.003   442.3001     1.4609     13.358 1.2374e-01     15.650     41.296  26.692895     5.6067     8.9899     7.3043   999.9507     13.561      9.351 0.0000e+00
      9.536      0.003   442.4835     1.4726     13.933 1.2376e-01     15.651     41.085  26.558387     5.6185     8.9489     7.3088   999.9506     13.563      9.351 0.0000e+00
      9.537      0.003   442.7620     1.4917     14.573 1.2376e-01     15.651     40.757  26.348428     5.6372     8.9257     7.3129   999.9503     13.565      9.352 0.0000e+00
      9.537      0.003   442.8275     1.5453     15.215 1.2381e-01     15.651     40.697  26.310951     5.6607     8.9152     7.3150   999.9500     13.565      9.353 0.0000e+00
      9.538      0.003   442.7594     1.6062     15.806 1.2387e-01     15.651     40.966  26.485837     5.7405     8.8562     7.3165   999.9499     13.566      9.354 0.0000e+00
      9.538      0.003   442.7134     1.6730     16.291 1.2382e-01     15.651     41.079  26.560040     5.8581     8.7626     7.3192   999.9498     13.567      9.353 0.0000e+00
      9.539      0.004   442.6153     1.7565     16.695 1.2374e-01     15.650     40.899  26.446970     5.9104     8.7103     7.3218   999.9494     13.568      9.354 0.0000e+00
      9.541      0.005   442.4328     1.8324     17.098 1.2377e-01     15.650     40.994  26.514196     5.9239     8.7039     7.3234   999.9493     13.570      9.356 0.0000e+00
      9.542      0.006   442.4858     1.9094     17.515 1.2378e-01     15.650     42.705  27.626590     5.9646     8.6512     7.3237   999.9495     13.571      9.357 0.0000e+00
      9.543      0.007   442.8268     1.9655     17.916 1.2370e-01     15.650     47.450  30.698629     6.0208     8.5541     7.3262   999.9495     13.573      9.358 0.0000e+00
      9.544      0.008   443.0273     2.0081     18.211 1.2367e-01     15.649     51.519  33.331801     6.0501     8.4902     7.3298   999.9491     13.575      9.360 0.0000e+00
      9.547      0.008   442.9316     2.0580     18.378 1.2369e-01     15.649     50.623  32.753045     6.0425     8.4286     7.3366   999.9489     13.579      9.362 0.0000e+00
      9.550      0.008   442.7027     2.1068     18.521 1.2370e-01     15.650     47.614  30.808354     6.0336     8.3918     7.3459   999.9483     13.583      9.365 0.0000e+00
      9.552      0.007   442.5832     2.1606     18.684 1.2373e-01     15.650     44.980  29.107486     6.0670     8.4232     7.3477   999.9505     13.586      9.368 0.0000e+00
      9.554      0.006   442.6912     2.1999     18.849 1.2375e-01     15.649     42.750  27.667766     6.1411     8.4654     7.3471   999.9531     13.589      9.370 0.0000e+00
      9.555      0.004   442.8893     2.2102     18.977 1.2371e-01     15.648     41.383  26.786225     6.1860     8.4895     7.3480   999.9517     13.591      9.371 0.0000e+00
      9.556      0.003   442.9991     2.2270     18.983 1.2366e-01     15.648     42.217  27.329570     6.1896     8.5098     7.3501   999.9502     13.592      9.371 0.0000e+00
      9.556      0.003   442.9871     2.2488     18.858 1.2365e-01     15.649     59.445  38.487199     6.2041     8.5735     7.3543   999.9497     13.593      9.372 0.0000e+00
      9.556      0.003   442.9156     2.2665     18.593 1.2361e-01     15.649     90.259  58.439236     6.2269     8.6754     7.3581   999.9476     13.592      9.372 0.0000e+00
      9.557      0.004   442.8235     2.2910     18.225 1.2361e-01     15.649    102.534  66.384011     6.2372     8.7124     7.3621   999.9486     13.593      9.372 0.0000e+00
