Data/DataNotYetUploadedToEDI/Raw_CTD/RawDownloads/041625_ccr50_S8188001.cnv
* Sea-Bird SBE19plus  Data File:
* FileName = C:\R\Reservoirs\Data\DataNotYetUploadedToEDI\Raw_CTD\RawDownloads\041625_ccr50_S8188_0001.hex
* Software version 2.8.0.119
* Temperature SN = 8188
* Conductivity SN = 8188
* System UpLoad Time = Apr 16 2025 18:04:54
* <ApplicationData>
* <Seaterm232>
# nquan = 16
# nvalues = 2676                        
# units = specified
# name 0 = depFM: Depth [fresh water, m]
# name 1 = dz/dtM: Descent Rate [m/s]
# name 2 = sbeox0Mg/L: Oxygen, SBE 43 [mg/l]
# name 3 = sbeox0PS: Oxygen, SBE 43 [% saturation]
# name 4 = specc: Specific Conductance [uS/cm]
# name 5 = c0uS/cm: Conductivity [uS/cm]
# name 6 = wetCDOM: Fluorescence, WET Labs CDOM [mg/m^3]
# name 7 = flECO-AFL: Fluorescence, WET Labs ECO-AFL/FL [mg/m^3]
# name 8 = flECO-AFL1: Fluorescence, WET Labs ECO-AFL/FL, 2 [mg/m^3]
# name 9 = flECO-AFL2: Fluorescence, WET Labs ECO-AFL/FL, 3 [mg/m^3]
# name 10 = par/sat/log: PAR/Logarithmic, Satlantic
# name 11 = turbWETntu0: Turbidity, WET Labs ECO [NTU]
# name 12 = prdM: Pressure, Strain Gauge [db]
# name 13 = prdE: Pressure, Strain Gauge [psi]
# name 14 = tv290C: Temperature [ITS-90, deg C]
# name 15 = flag:  0.000e+00
# span 0 =     -0.489,     21.794       
# span 1 =     -0.479,      0.181       
# span 2 =     6.8731,    12.6101       
# span 3 =     65.918,    121.425       
# span 4 =   -733.768,    130.381       
# span 5 =-494.541935,  97.512951       
# span 6 =    -4.5000,    25.4700       
# span 7 =    -1.1925,    15.7946       
# span 8 =    -2.5986,     3.1950       
# span 9 =   -18.3582,     2.2842       
# span 10 = 1.1580e-01, 2.5322e+03      
# span 11 =    -2.2432,   165.6799      
# span 12 =     -0.479,     21.373      
# span 13 =     -0.695,     30.999      
# span 14 =     8.3625,    13.6454      
# span 15 = 0.0000e+00, 0.0000e+00      
# interval = seconds: 0.25
# start_time = Apr 16 2025 09:55:23 [Instrument's time stamp, header]
# bad_flag = -9.990e-29
*END*
[from data line 1356]
      4.878      0.021    10.7090    103.116    125.903  97.299686    18.4500     1.6838     0.0852     0.3807 4.8404e+01     1.2615      4.784      6.938    13.6376 0.0000e+00
      4.883      0.023    10.7041    103.169    125.877  97.279956    18.4500     1.6953     0.0852     0.3807 4.8372e+01     1.2766      4.789      6.945    13.6376 0.0000e+00
      4.889      0.025    10.7023    103.218    125.872  97.275905    18.4500     1.6915     0.0852     0.3807 4.8142e+01     1.2011      4.795      6.954    13.6376 0.0000e+00
      4.895      0.028    10.7039    103.259    125.878  97.280456    18.4500     1.6915     0.0852     0.3807 4.8288e+01     1.3522      4.801      6.963    13.6375 0.0000e+00
      4.902      0.031    10.7085    103.291    125.894  97.292826    18.4500     1.6343     0.1278     0.4230 4.8110e+01     1.3673      4.808      6.973    13.6375 0.0000e+00
      4.910      0.035    10.7140    103.316    125.904  97.300326    18.4500     1.6343     0.1278     0.4230 4.7881e+01     1.2615      4.815      6.984    13.6375 0.0000e+00
      4.920      0.038    10.7191    103.337    125.907  97.302960    18.4500     1.6381     0.1278     0.4230 4.7508e+01     1.2313      4.824      6.997    13.6375 0.0000e+00
      4.930      0.042    10.7233    103.359    125.944  97.331401    18.4500     1.6343     0.1278     0.4230 4.7621e+01     1.2766      4.835      7.012    13.6375 0.0000e+00
      4.942      0.044    10.7267    103.378    126.001  97.375251    18.4500     1.7640     0.1278     0.3384 4.6406e+01     1.6241      4.846      7.029    13.6375 0.0000e+00
      4.954      0.046    10.7292    103.387    126.044  97.408237    18.4500     1.7525     0.1278     0.3384 4.5795e+01     1.8658      4.858      7.046    13.6375 0.0000e+00
      4.967      0.047    10.7314    103.379    126.058  97.419176    18.4500     1.7220     0.1278     0.3384 4.5675e+01     1.7903      4.871      7.064    13.6374 0.0000e+00
      4.979      0.049    10.7337    103.351    126.032  97.398993    18.4500     1.7220     0.1278     0.3384 4.5715e+01     1.7903      4.882      7.081    13.6374 0.0000e+00
      4.991      0.050    10.7357    103.316    125.985  97.362289    18.6300     1.7029     0.1278     0.4653 4.5835e+01     1.3673      4.894      7.098    13.6374 0.0000e+00
      5.003      0.050    10.7367    103.286    125.950  97.335244    18.6300     1.6800     0.1278     0.4653 4.5755e+01     1.0954      4.906      7.115    13.6374 0.0000e+00
      5.016      0.051    10.7358    103.260    125.944  97.330627    18.6300     1.6838     0.1278     0.4653 4.5113e+01     1.2011      4.919      7.134    13.6374 0.0000e+00
      5.030      0.050    10.7329    103.237    125.978  97.357197    18.6300     1.6838     0.1278     0.4653 4.4076e+01     1.3069      4.932      7.154    13.6374 0.0000e+00
      5.044      0.048    10.7292    103.226    126.044  97.408053    18.5400     1.6877     0.1278     0.3807 4.3195e+01     1.2464      4.946      7.174    13.6374 0.0000e+00
      5.057      0.046    10.7261    103.240    126.099  97.450798    18.5400     1.6953     0.1278     0.3807 4.3110e+01     1.1709      4.959      7.192    13.6374 0.0000e+00
      5.068      0.042    10.7234    103.285    126.120  97.466858    18.5400     1.7067     0.1278     0.3807 4.3082e+01     1.2918      4.970      7.208    13.6374 0.0000e+00
      5.078      0.038    10.7210    103.349    126.112  97.460516    18.5400     1.7067     0.1278     0.3807 4.2979e+01     1.2011      4.979      7.222    13.6374 0.0000e+00
      5.086      0.034    10.7198    103.411    126.088  97.442070    18.5400     1.6228     0.1278     0.3807 4.2905e+01     1.2918      4.988      7.234    13.6373 0.0000e+00
      5.094      0.031    10.7213    103.461    126.052  97.414594    18.5400     1.6152     0.1278     0.3807 4.2728e+01     1.2011      4.995      7.245    13.6373 0.0000e+00
      5.101      0.029    10.7261    103.494    126.024  97.392740    18.5400     1.6114     0.1278     0.3807 4.2589e+01     1.2011      5.003      7.256    13.6373 0.0000e+00
      5.108      0.028    10.7327    103.508    126.029  97.396657    18.5400     1.6304     0.1278     0.3807 4.2478e+01     1.2615      5.010      7.266    13.6373 0.0000e+00
      5.115      0.028    10.7392    103.500    126.051  97.413402    18.5400     1.6381     0.1278     0.3807 4.2376e+01     1.1407      5.016      7.275    13.6373 0.0000e+00
      5.122      0.028    10.7443    103.468    126.061  97.421465    18.4500     1.6381     0.1278     0.3807 4.2284e+01     1.2918      5.023      7.285    13.6373 0.0000e+00
      5.129      0.028    10.7477    103.424    126.058  97.418999    18.4500     1.6228     0.1278     0.3807 4.2312e+01     1.2766      5.030      7.295    13.6373 0.0000e+00
      5.136      0.029    10.7492    103.391    126.056  97.417335    18.4500     1.6114     0.1278     0.3807 4.2202e+01     1.2918      5.037      7.305    13.6373 0.0000e+00
      5.144      0.030    10.7484    103.376    126.070  97.428019    18.4500     1.6915     0.1278     0.3807 4.1955e+01     1.2918      5.044      7.316    13.6373 0.0000e+00
      5.151      0.030    10.7450    103.370    126.088  97.441911    18.4500     1.6991     0.1278     0.4230 4.1691e+01     1.3220      5.052      7.327    13.6373 0.0000e+00
      5.159      0.030    10.7405    103.352    126.095  97.446730    18.4500     1.6800     0.1278     0.4230 4.1547e+01     1.2162      5.059      7.338    13.6373 0.0000e+00
      5.167      0.030    10.7370    103.315    126.086  97.439765    18.4500     1.7067     0.1278     0.4230 4.1178e+01     1.2464      5.067      7.349    13.6372 0.0000e+00
      5.175      0.030    10.7355    103.265    126.049  97.411165    18.4500     1.7067     0.1278     0.4230 4.1116e+01     1.2615      5.075      7.361    13.6372 0.0000e+00
      5.183      0.030    10.7348    103.218    126.010  97.381279    18.4500     1.6800     0.1278     0.4230 4.1071e+01     1.1860      5.083      7.372    13.6372 0.0000e+00
      5.190      0.029    10.7330    103.193    126.001  97.374107    18.5400     1.6953     0.0852     0.3807 4.0840e+01     1.1558      5.090      7.382    13.6371 0.0000e+00
      5.198      0.029    10.7292    103.197    126.009  97.379744    18.5400     1.6686     0.0852     0.3807 4.0592e+01     1.2313      5.097      7.393    13.6371 0.0000e+00
      5.205      0.029    10.7240    103.228    126.019  97.387705    18.5400     1.6877     0.0852     0.3807 4.0469e+01     1.5486      5.105      7.403    13.6371 0.0000e+00
      5.212      0.028    10.7191    103.279    126.025  97.392119    18.5400     1.6800     0.0852     0.3807 4.0425e+01     1.3975      5.112      7.414    13.6370 0.0000e+00
      5.220      0.028    10.7165    103.334    126.017  97.386172    18.4500     1.7029     0.1278     0.4230 4.0433e+01     1.5032      5.118      7.424    13.6369 0.0000e+00
      5.227      0.029    10.7170    103.369    125.999  97.372273    18.4500     1.6915     0.1278     0.4230 4.0057e+01     1.4881      5.125      7.434    13.6368 0.0000e+00
      5.234      0.029    10.7201    103.372    125.971  97.350713    18.4500     1.6724     0.1278     0.4230 3.9858e+01     1.2011      5.132      7.444    13.6368 0.0000e+00
      5.241      0.030    10.7255    103.343    125.926  97.315742    18.4500     1.6991     0.1278     0.4230 3.9858e+01     1.2011      5.140      7.455    13.6367 0.0000e+00
      5.249      0.031    10.7313    103.301    125.877  97.278017    18.4500     1.6800     0.1278     0.4653 3.9797e+01     1.2313      5.147      7.465    13.6367 0.0000e+00
      5.257      0.033    10.7349    103.269    125.817  97.231472    18.4500     1.7067     0.1278     0.4653 3.9685e+01     1.2313      5.155      7.477    13.6367 0.0000e+00
      5.265      0.034    10.7352    103.251    125.727  97.161699    18.4500     1.6075     0.1278     0.4653 3.9256e+01     1.3824      5.163      7.489    13.6367 0.0000e+00
      5.275      0.036    10.7322    103.241    125.590  97.056086    18.4500     1.6228     0.1278     0.4653 3.8840e+01     1.4126      5.173      7.502    13.6368 0.0000e+00
      5.284      0.037    10.7279    103.239    125.370  96.886469    18.5400     1.6228     0.1704     0.3384 3.8815e+01     1.4277      5.182      7.516    13.6368 0.0000e+00
      5.294      0.038    10.7245    103.240    125.025  96.619606    18.5400     1.6152     0.1704     0.3384 3.8798e+01     1.5183      5.192      7.529    13.6368 0.0000e+00
      5.303      0.039    10.7227    103.229    124.488  96.204315    18.5400     1.7182     0.1704     0.3384 3.8254e+01     1.4579      5.201      7.543    13.6369 0.0000e+00
      5.314      0.039    10.7216    103.201    123.631  95.541840    18.5400     1.6953     0.1704     0.3384 3.8038e+01     1.6241      5.211      7.558    13.6369 0.0000e+00
      5.324      0.039    10.7214    103.166    122.204  94.439537    18.5400     1.6800     0.1704     0.3384 3.7972e+01     1.4579      5.221      7.572    13.6369 0.0000e+00
      5.334      0.039    10.7215    103.142    119.803  92.583475    18.4500     1.6877     0.1278     0.4653 3.7570e+01     1.4277      5.231      7.587    13.6369 0.0000e+00
      5.344      0.038    10.7203    103.137    115.775  89.470714    18.4500     1.7296     0.1278     0.4653 3.7100e+01     1.4579      5.242      7.602    13.6369 0.0000e+00
      5.354      0.037    10.7175    103.143    109.060  84.281173    18.4500     1.6838     0.1278     0.4653 3.6707e+01     1.4277      5.251      7.616    13.6369 0.0000e+00
      5.364      0.036    10.7138    103.154     97.868  75.630976    18.4500     1.6838     0.1278     0.4653 3.6787e+01     1.4730      5.261      7.630    13.6368 0.0000e+00
      5.373      0.034    10.7113    103.176     79.166  61.177435    18.4500     1.7105     0.1278     0.5076 3.6532e+01     1.5032      5.269      7.642    13.6368 0.0000e+00
      5.382      0.033    10.7108    103.213     47.934  37.040298    18.4500     1.6381     0.1278     0.5076 3.6310e+01     1.3522      5.278      7.655    13.6368 0.0000e+00
      5.390      0.032    10.7115    103.258     -4.157  -3.217007    18.4500     1.6228     0.1278     0.5076 3.6215e+01     1.2011      5.286      7.666    13.6368 0.0000e+00
      5.398      0.031    10.7126    103.299    -90.991 -70.325763    18.4500     1.6228     0.1278     0.5076 3.6239e+01     1.1860      5.293      7.677    13.6368 0.0000e+00
      5.405      0.031    10.7149    103.322   -235.708-182.169649    18.5400     1.6152     0.1278     0.4653 3.6160e+01     1.2918      5.301      7.688    13.6369 0.0000e+00
      5.413      0.031    10.7187    103.321   -476.891-368.565710    18.5400     1.6114     0.1278     0.4653 3.5840e+01     1.1709      5.309      7.699    13.6370 0.0000e+00
      5.421      0.031    10.7234    103.303   -627.639-485.070485    18.5400     1.6304     0.1278     0.4653 3.5437e+01     1.3220      5.317      7.711    13.6370 0.0000e+00
      5.429      0.032    10.7278    103.271   -476.928-368.594844    18.5400     1.6114     0.1278     0.4653 3.5607e+01     1.2918      5.324      7.722    13.6371 0.0000e+00
      5.437      0.032    10.7303    103.223   -235.769-182.217703    18.5400     1.6343     0.1278     0.4230 3.5568e+01     1.2918      5.332      7.733    13.6372 0.0000e+00
      5.445      0.032    10.7305    103.165    -91.061 -70.381573    18.5400     1.6304     0.1278     0.4230 3.5398e+01     1.2313      5.340      7.745    13.6372 0.0000e+00
      5.453      0.032    10.7288    103.112     -4.233  -3.277473    18.5400     1.6075     0.1278     0.4230 3.4910e+01     1.2615      5.348      7.756    13.6371 0.0000e+00
      5.462      0.031    10.7253    103.075     47.856  36.979033    18.5400     1.6075     0.1278     0.4230 3.4623e+01     1.2464      5.356      7.768    13.6370 0.0000e+00
      5.470      0.031    10.7201    103.059     79.102  61.127009    18.5400     1.6381     0.1278     0.4230 3.4390e+01     1.2313      5.365      7.780    13.6368 0.0000e+00
      5.478      0.030    10.7140    103.066     97.842  75.609912    18.5400     1.6648     0.1278     0.5076 3.4442e+01     1.2313      5.372      7.792    13.6366 0.0000e+00
      5.485      0.029    10.7084    103.082    109.073  84.289850    18.5400     1.6304     0.1278     0.5076 3.4234e+01     1.2615      5.379      7.802    13.6365 0.0000e+00
      5.492      0.028    10.7045    103.097    115.803  89.491463    18.5400     1.6228     0.1278     0.5076 3.4078e+01     1.2011      5.386      7.812    13.6364 0.0000e+00
      5.499      0.028    10.7029    103.110    119.851  92.619831    18.5400     1.6419     0.1278     0.5076 3.4137e+01     1.2011      5.393      7.822    13.6364 0.0000e+00
      5.506      0.027    10.7035    103.119    122.301  94.513183    18.5400     1.6266     0.1704     0.3807 3.4055e+01     1.2918      5.400      7.832    13.6363 0.0000e+00
      5.513      0.027    10.7052    103.120    123.790  95.664423    18.5400     1.6266     0.1704     0.3807 3.3893e+01     1.2615      5.407      7.842    13.6363 0.0000e+00
      5.520      0.026    10.7068    103.119    124.683  96.354572    18.5400     1.6495     0.1704     0.3807 3.3549e+01     1.2766      5.413      7.852    13.6364 0.0000e+00
      5.527      0.026    10.7081    103.134    125.199  96.753682    18.5400     1.6343     0.1704     0.3807 3.3338e+01     1.3069      5.420      7.861    13.6364 0.0000e+00
      5.534      0.026    10.7090    103.169    125.500  96.986167    18.5400     1.6190     0.1278     0.3384 3.3425e+01     1.2615      5.427      7.871    13.6365 0.0000e+00
      5.540      0.025    10.7091    103.219    125.693  97.136003    18.5400     1.6304     0.1278     0.3384 3.3490e+01     1.2615      5.433      7.879    13.6365 0.0000e+00
      5.546      0.025    10.7090    103.279    125.808  97.225161    18.5400     1.6343     0.1278     0.3384 3.3316e+01     1.2313      5.439      7.888    13.6366 0.0000e+00
      5.552      0.024    10.7105    103.341    125.868  97.271424    18.5400     1.6266     0.1278     0.3384 3.2913e+01     1.3673      5.445      7.897    13.6367 0.0000e+00
      5.559      0.024    10.7141    103.397    125.898  97.295120    18.5400     1.6228     0.1278     0.3384 3.2621e+01     1.2313      5.451      7.907    13.6368 0.0000e+00
      5.565      0.023    10.7193    103.442    125.905  97.300570    18.5400     1.6571     0.1278     0.4653 3.2635e+01     1.2766      5.457      7.915    13.6369 0.0000e+00
      5.571      0.022    10.7255    103.471    125.924  97.315203    18.5400     1.6037     0.1278     0.4653 3.2756e+01     1.2918      5.463      7.923    13.6370 0.0000e+00
      5.576      0.022    10.7320    103.483    125.962  97.344921    18.5400     1.6304     0.1278     0.4653 3.2650e+01     1.2162      5.468      7.931    13.6370 0.0000e+00
      5.582      0.022    10.7377    103.481    125.997  97.371672    18.5400     1.6343     0.1278     0.4653 3.2501e+01     1.4579      5.473      7.939    13.6371 0.0000e+00
      5.587      0.022    10.7424    103.473    126.021  97.390600    18.4500     1.6228     0.1278     0.5076 3.2445e+01     1.5788      5.479      7.946    13.6372 0.0000e+00
      5.593      0.023    10.7454    103.469    126.032  97.398761    18.4500     1.6190     0.1278     0.5076 3.2290e+01     1.4881      5.484      7.954    13.6372 0.0000e+00
      5.599      0.024    10.7466    103.478    126.026  97.394333    18.4500     1.6304     0.1278     0.5076 3.2150e+01     1.4277      5.490      7.963    13.6372 0.0000e+00
      5.605      0.026    10.7465    103.499    126.003  97.376137    18.4500     1.6304     0.1278     0.5076 3.2094e+01     1.3220      5.497      7.972    13.6372 0.0000e+00
      5.612      0.027    10.7456    103.528    125.976  97.355305    18.5400     1.6381     0.1278     0.4230 3.1747e+01     1.1709      5.503      7.982    13.6373 0.0000e+00
