Data/DataNotYetUploadedToEDI/Raw_CTD/RawDownloads/041621_fcr50.cnv
* Sea-Bird SBE19plus  Data File:
* FileName = C:\R\Reservoirs\Data\DataNotYetUploadedToEDI\Raw_CTD\RawDownloads\041621_fcr50_0001.hex
* Software version 2.8.0.119
* Temperature SN = 7809
* Conductivity SN = 7809
* System UpLoad Time = Apr 16 2021 14:06:11
* <ApplicationData>
* <Seaterm232>
# nquan = 16
# nvalues = 2135                        
# units = specified
# name 0 = depFM: Depth [fresh water, m]
# name 1 = dz/dtM: Descent Rate [m/s]
# name 2 = orp: Oxidation Reduction Potential [mV]
# name 3 = sbeox0Mg/L: Oxygen, SBE 43 [mg/l]
# name 4 = sbeox0PS: Oxygen, SBE 43 [% saturation]
# name 5 = par/sat/log: PAR/Logarithmic, Satlantic
# name 6 = ph: pH
# name 7 = specc: Specific Conductance [uS/cm]
# name 8 = c0uS/cm: Conductivity [uS/cm]
# name 9 = flECO-AFL: Fluorescence, WET Labs ECO-AFL/FL [mg/m^3]
# name 10 = turbWETntu0: Turbidity, WET Labs ECO [NTU]
# name 11 = tv290C: Temperature [ITS-90, deg C]
# name 12 = density00: Density [density, kg/m^3]
# name 13 = prdE: Pressure, Strain Gauge [psi]
# name 14 = prdM: Pressure, Strain Gauge [db]
# name 15 = flag:  0.000e+00
# span 0 =     -0.737,      9.594       
# span 1 =     -0.216,      0.146       
# span 2 = -1037.8878,   606.7810       
# span 3 =     1.4609,    11.6686       
# span 4 =     12.216,    105.547       
# span 5 = 1.2356e-01, 2.4737e+03       
# span 6 =     15.426,     16.545       
# span 7 =      1.415,    112.260       
# span 8 =   1.057059,  72.709766       
# span 9 =    -2.5076,   266.7848       
# span 10 =   -11.6273,   961.9261      
# span 11 =     7.2825,    15.0071      
# span 12 =   999.1147,   999.9774      
# span 13 =     -1.049,     13.647      
# span 14 =     -0.723,      9.410      
# span 15 = 0.0000e+00, 0.0000e+00      
# interval = seconds: 0.25
# start_time = Apr 15 2021 23:19:41 [Instrument's time stamp, header]
# bad_flag = -9.990e-29
*END*
[from data line 543]
      2.490      0.049   409.1475    11.4446    103.551 5.2584e+01     15.570     31.296  22.220290     9.1138     3.1548    10.6729   999.6646      3.545      2.443 0.0000e+00
      2.502      0.048   409.1045    11.4577    103.668 5.2256e+01     15.571     31.323  22.221302     9.1237     3.2387    10.6407   999.6678      3.560      2.454 0.0000e+00
      2.512      0.046   409.0848    11.4815    103.910 5.1991e+01     15.571     31.355  22.234438     9.1334     3.2374    10.5880   999.6729      3.572      2.463 0.0000e+00
      2.523      0.042   409.0815    11.5275    104.211 5.1655e+01     15.571     31.380  22.252265     9.1364     3.1046    10.5345   999.6780      3.586      2.472 0.0000e+00
      2.537      0.038   409.2373    11.5597    104.348 5.1396e+01     15.571     31.367  22.246603     9.1314     2.9385    10.4940   999.6819      3.610      2.489 0.0000e+00
      2.547      0.035   409.4194    11.5624    104.143 5.1365e+01     15.570     31.340  22.229401     9.1208     2.8765    10.4643   999.6848      3.627      2.500 0.0000e+00
      2.552      0.031   409.4767    11.6047    103.715 5.1247e+01     15.570     31.348  22.234527     9.1313     2.8706    10.4466   999.6865      3.629      2.501 0.0000e+00
      2.558      0.027   409.4141    11.6428    103.338 5.0920e+01     15.570     31.365  22.245164     9.1718     2.8667    10.4501   999.6863      3.637      2.508 0.0000e+00
      2.567      0.026   409.2642    11.6686    103.145 5.0633e+01     15.571     31.351  22.231179     9.2207     2.8635    10.4626   999.6851      3.653      2.519 0.0000e+00
      2.572      0.028   409.1266    11.6383    103.103 5.0518e+01     15.571     31.305  22.192274     9.2547     2.8665    10.4638   999.6850      3.661      2.524 0.0000e+00
      2.576      0.032   409.0410    11.5737    103.041 5.0381e+01     15.571     31.268  22.155249     9.2779     2.8680    10.4622   999.6852      3.661      2.524 0.0000e+00
      2.583      0.035   409.0037    11.5322    102.906 5.0002e+01     15.571     31.304  22.164004     9.3971     2.9163    10.4619   999.6852      3.670      2.531 0.0000e+00
      2.596      0.039   409.1064    11.5076    102.716 4.9512e+01     15.573     31.336  22.171279     9.5991     3.0046    10.4521   999.6862      3.692      2.546 0.0000e+00
      2.609      0.042   409.2501    11.5226    102.578 4.9131e+01     15.574     31.274  22.116363     9.6974     3.0083    10.4442   999.6870      3.713      2.560 0.0000e+00
      2.619      0.045   409.2781    11.5132    102.558 4.8755e+01     15.574     31.226  22.070758     9.7085     2.9960    10.4331   999.6880      3.723      2.568 0.0000e+00
      2.631      0.046   409.2735    11.5117    102.493 4.8379e+01     15.575     31.234  22.063768     9.7342     2.9927    10.3955   999.6916      3.743      2.580 0.0000e+00
      2.641      0.044   409.1937    11.4917    102.252 4.8100e+01     15.576     31.214  22.031834     9.8927     3.0024    10.3704   999.6941      3.759      2.591 0.0000e+00
      2.651      0.041   409.0020    11.4703    101.884 4.7679e+01     15.577     31.208  22.001715    10.1664     3.1134    10.3602   999.6950      3.766      2.597 0.0000e+00
      2.665      0.039   408.7621    11.4888    101.583 4.7252e+01     15.578     31.264  22.016660    10.3058     3.2018    10.3366   999.6973      3.792      2.614 0.0000e+00
      2.677      0.036   408.6162    11.4885    101.439 4.7104e+01     15.579     31.299  22.022261    10.3190     3.2133    10.3209   999.6987      3.812      2.628 0.0000e+00
      2.683      0.033   408.7009    11.4698    101.430 4.6974e+01     15.580     31.303  22.005993    10.3459     3.1492    10.2950   999.7011      3.814      2.630 0.0000e+00
      2.689      0.030   408.7535    11.4272    101.478 4.6722e+01     15.581     31.340  22.010195    10.3725     3.0105    10.2462   999.7057      3.823      2.636 0.0000e+00
      2.697      0.027   408.8222    11.4037    101.494 4.6535e+01     15.582     31.368  22.009635    10.3742     2.9790    10.2049   999.7094      3.837      2.646 0.0000e+00
      2.703      0.025   409.1017    11.3960    101.492 4.6380e+01     15.584     31.376  21.999193    10.3767     3.0080    10.1789   999.7118      3.844      2.651 0.0000e+00
      2.709      0.022   409.2927    11.4040    101.431 4.6088e+01     15.584     31.410  22.010763    10.3265     2.9155    10.1497   999.7145      3.852      2.656 0.0000e+00
      2.717      0.019   409.3256    11.4288    101.279 4.5823e+01     15.584     31.436  22.022675    10.1960     2.7874    10.1116   999.7180      3.865      2.665 0.0000e+00
      2.722      0.015   409.0690    11.4322    101.073 4.5751e+01     15.583     31.426  22.016376    10.1150     2.7625    10.0778   999.7211      3.872      2.671 0.0000e+00
      2.724      0.011   408.5126    11.4443    100.826 4.5754e+01     15.583     31.393  21.998021    10.1097     2.8212    10.0523   999.7233      3.875      2.672 0.0000e+00
      2.725      0.009   408.1921    11.4446    100.631 4.5754e+01     15.584     31.378  21.991006    10.1125     2.8109    10.0338   999.7250      3.876      2.672 0.0000e+00
      2.725      0.009   408.2049    11.4251    100.567 4.5724e+01     15.584     31.381  21.994980    10.1114     2.6722    10.0217   999.7260      3.875      2.672 0.0000e+00
      2.726      0.013   408.3232    11.4066    100.613 4.5638e+01     15.583     31.362  21.982654    10.1154     2.5518    10.0226   999.7259      3.876      2.673 0.0000e+00
      2.727      0.020   408.4175    11.3678    100.724 4.5519e+01     15.583     31.344  21.968806    10.1322     2.5560    10.0351   999.7249      3.878      2.674 0.0000e+00
      2.731      0.030   408.3987    11.3404    100.844 4.5309e+01     15.584     31.332  21.954373    10.1436     2.7924    10.0413   999.7243      3.882      2.676 0.0000e+00
      2.740      0.041   408.1819    11.3361    100.949 4.4884e+01     15.584     31.321  21.934974    10.1380     3.2120    10.0418   999.7243      3.893      2.684 0.0000e+00
      2.755      0.051   407.7750    11.3410    101.064 4.4387e+01     15.585     31.326  21.924494    10.1217     3.4757    10.0444   999.7241      3.919      2.702 0.0000e+00
      2.771      0.060   407.5235    11.3563    101.150 4.3937e+01     15.586     31.301  21.891057    10.1085     3.5088    10.0457   999.7241      3.943      2.718 0.0000e+00
      2.788      0.064   407.5495    11.3742    101.140 4.3399e+01     15.586     31.261  21.847759    10.1502     3.4749    10.0362   999.7250      3.963      2.732 0.0000e+00
      2.807      0.063   407.6597    11.3885    101.056 4.2817e+01     15.586     31.281  21.844872    10.5774     3.5468    10.0154   999.7269      3.993      2.753 0.0000e+00
      2.827      0.059   407.8234    11.4096    100.977 4.2327e+01     15.587     31.321  21.856137    11.3454     3.7600     9.9908   999.7292      4.023      2.774 0.0000e+00
      2.843      0.055   408.0659    11.4316    100.972 4.1999e+01     15.588     31.345  21.857110    11.7685     3.9236     9.9663   999.7313      4.046      2.789 0.0000e+00
      2.853      0.050   408.3542    11.4339    101.030 4.1787e+01     15.588     31.364  21.856624    11.8498     4.0138     9.9426   999.7335      4.059      2.798 0.0000e+00
      2.862      0.045   408.4698    11.4291    101.054 4.1488e+01     15.589     31.373  21.850240    12.2906     4.0953     9.9155   999.7359      4.067      2.804 0.0000e+00
      2.873      0.041   408.3454    11.4236    100.976 4.1092e+01     15.591     31.380  21.843334    13.0821     4.1542     9.8864   999.7385      4.085      2.817 0.0000e+00
      2.885      0.039   408.2263    11.4308    100.856 4.0751e+01     15.591     31.386  21.836521    13.5135     4.1764     9.8608   999.7408      4.106      2.831 0.0000e+00
      2.895      0.038   408.2352    11.4474    100.772 4.0489e+01     15.591     31.392  21.831281    13.5586     4.1579     9.8400   999.7426      4.118      2.839 0.0000e+00
      2.903      0.034   408.3662    11.4607    100.766 4.0227e+01     15.591     31.422  21.843379    13.5791     3.9994     9.8212   999.7442      4.128      2.847 0.0000e+00
      2.913      0.029   408.5202    11.4514    100.776 3.9957e+01     15.591     31.453  21.855958    13.6000     3.6677     9.8018   999.7459      4.143      2.856 0.0000e+00
      2.921      0.026   408.6337    11.4399    100.671 3.9723e+01     15.592     31.466  21.856524    13.6015     3.4432     9.7846   999.7475      4.156      2.866 0.0000e+00
      2.926      0.026   408.7923    11.4326    100.427 3.9550e+01     15.592     31.469  21.850214    13.5692     3.4141     9.7701   999.7487      4.163      2.871 0.0000e+00
      2.929      0.026   408.8902    11.4357    100.089 3.9390e+01     15.593     31.470  21.843078    13.2382     3.3161     9.7555   999.7500      4.166      2.873 0.0000e+00
      2.933      0.027   408.8704    11.4526     99.764 3.9155e+01     15.593     31.468  21.833647    12.6316     3.1502     9.7412   999.7512      4.171      2.877 0.0000e+00
      2.942      0.032   408.8959    11.4401     99.545 3.8822e+01     15.593     31.429  21.799591    12.3003     3.0561     9.7274   999.7524      4.182      2.883 0.0000e+00
      2.952      0.041   408.8553    11.4168     99.417 3.8522e+01     15.594     31.365  21.748382    12.3029     3.0023     9.7152   999.7535      4.202      2.898 0.0000e+00
      2.961      0.049   408.6375    11.3760     99.379 3.8319e+01     15.594     31.335  21.721806    12.8159     3.0839     9.7036   999.7545      4.213      2.905 0.0000e+00
      2.971      0.054   408.4996    11.3367     99.428 3.7856e+01     15.594     31.358  21.731918    13.7725     3.2180     9.6902   999.7556      4.216      2.907 0.0000e+00
      2.990      0.058   408.5647    11.3186     99.447 3.7110e+01     15.594     31.382  21.743799    14.2842     3.2165     9.6782   999.7567      4.251      2.931 0.0000e+00
      3.013      0.059   408.9086    11.3066     99.401 3.6581e+01     15.594     31.381  21.738623    14.3199     3.2025     9.6684   999.7577      4.293      2.960 0.0000e+00
      3.028      0.058   409.4746    11.3016     99.386 3.6261e+01     15.595     31.385  21.732743    14.3379     3.2212     9.6577   999.7586      4.309      2.971 0.0000e+00
      3.039      0.055   409.7295    11.3184     99.403 3.5841e+01     15.597     31.406  21.736117    14.5595     3.2363     9.6478   999.7595      4.319      2.977 0.0000e+00
      3.053      0.049   409.6670    11.3264     99.456 3.5444e+01     15.597     31.395  21.715995    14.9587     3.2828     9.6416   999.7601      4.344      2.995 0.0000e+00
      3.065      0.043   409.4937    11.3107     99.518 3.5210e+01     15.598     31.359  21.679676    15.1585     3.3019     9.6362   999.7606      4.364      3.009 0.0000e+00
      3.074      0.039   409.2679    11.3187     99.431 3.4956e+01     15.598     31.372  21.677476    15.1447     3.2963     9.6234   999.7616      4.370      3.013 0.0000e+00
      3.084      0.035   409.2595    11.3248     99.172 3.4627e+01     15.598     31.406  21.689373    14.9634     3.2486     9.6017   999.7636      4.385      3.023 0.0000e+00
      3.094      0.031   409.6507    11.3328     98.888 3.4338e+01     15.598     31.428  21.696682    14.6255     3.1373     9.5821   999.7652      4.403      3.036 0.0000e+00
      3.102      0.029   410.2987    11.3573     98.657 3.4138e+01     15.598     31.439  21.702427    14.4262     3.0490     9.5660   999.7665      4.414      3.043 0.0000e+00
      3.107      0.030   410.6408    11.3534     98.527 3.4005e+01     15.599     31.428  21.695412    14.4036     2.9707     9.5470   999.7681      4.421      3.048 0.0000e+00
      3.111      0.031   410.6042    11.3178     98.549 3.3867e+01     15.599     31.404  21.675288    14.4954     3.0154     9.5274   999.7697      4.424      3.050 0.0000e+00
      3.117      0.031   410.4582    11.2893     98.694 3.3603e+01     15.599     31.383  21.649353    14.6777     3.1770     9.5123   999.7710      4.429      3.053 0.0000e+00
      3.129      0.030   410.2531    11.2616     98.869 3.3203e+01     15.600     31.384  21.635482    14.7768     3.2075     9.5111   999.7711      4.449      3.068 0.0000e+00
      3.142      0.027   410.1884    11.2404     98.934 3.2906e+01     15.600     31.401  21.634387    14.7584     3.1444     9.5181   999.7706      4.474      3.085 0.0000e+00
      3.150      0.025   410.2777    11.2480     98.848 3.2791e+01     15.600     31.414  21.636102    14.4649     3.0662     9.5123   999.7712      4.483      3.091 0.0000e+00
      3.153      0.024   410.4728    11.2716     98.662 3.2729e+01     15.600     31.444  21.656217    13.9374     2.9494     9.4910   999.7729      4.485      3.092 0.0000e+00
      3.154      0.024   410.7406    11.3078     98.412 3.2663e+01     15.600     31.490  21.687347    13.6538     2.8645     9.4653   999.7750      4.486      3.093 0.0000e+00
      3.156      0.025   410.7631    11.3228     98.175 3.2503e+01     15.601     31.511  21.695408    13.6110     2.8292     9.4421   999.7769      4.485      3.093 0.0000e+00
      3.164      0.027   410.6589    11.3104     98.005 3.2194e+01     15.601     31.521  21.690264    13.5917     2.8321     9.4308   999.7778      4.496      3.101 0.0000e+00
      3.176      0.031   410.7718    11.2909     97.908 3.1884e+01     15.602     31.537  21.688550    13.6119     2.8649     9.4348   999.7776      4.519      3.116 0.0000e+00
      3.188      0.034   410.9228    11.2547     97.838 3.1675e+01     15.602     31.533  21.674677    13.6544     2.8134     9.4380   999.7774      4.536      3.128 0.0000e+00
      3.195      0.035   410.9356    11.2298     97.722 3.1515e+01     15.603     31.511  21.649346    13.6756     2.7245     9.4261   999.7783      4.545      3.133 0.0000e+00
      3.201      0.034   410.9264    11.2157     97.544 3.1310e+01     15.603     31.503  21.635926    13.6874     2.7855     9.4041   999.7801      4.551      3.138 0.0000e+00
      3.209      0.033   410.9842    11.2118     97.369 3.1059e+01     15.603     31.513  21.639228    13.8832     3.0015     9.3833   999.7819      4.563      3.146 0.0000e+00
      3.219      0.034   411.0314    11.2131     97.237 3.0852e+01     15.603     31.493  21.625855    14.2689     3.2080     9.3651   999.7834      4.581      3.157 0.0000e+00
      3.228      0.035   411.0672    11.2048     97.096 3.0690e+01     15.603     31.457  21.601068    14.5077     3.2568     9.3480   999.7847      4.593      3.167 0.0000e+00
      3.236      0.035   411.1586    11.1853     96.917 3.0456e+01     15.603     31.450  21.593192    14.5672     3.2139     9.3343   999.7858      4.598      3.171 0.0000e+00
      3.246      0.034   411.1905    11.1615     96.654 3.0131e+01     15.603     31.458  21.594041    14.8548     3.2047     9.3287   999.7863      4.614      3.181 0.0000e+00
      3.258      0.033   411.1951    11.1530     96.263 2.9910e+01     15.604     31.488  21.611321    15.3908     3.2137     9.3318   999.7862      4.638      3.199 0.0000e+00
      3.266      0.034   411.2144    11.1335     95.766 2.9846e+01     15.604     31.489  21.611871    15.6889     3.1847     9.3351   999.7860      4.647      3.205 0.0000e+00
      3.271      0.037   411.1650    11.1177     95.201 2.9745e+01     15.604     31.470  21.600698    15.7220     3.1639     9.3284   999.7865      4.649      3.205 0.0000e+00
      3.276      0.041   411.1150    11.0939     94.633 2.9529e+01     15.604     31.474  21.603056    15.8096     3.3399     9.3173   999.7873      4.658      3.212 0.0000e+00
      3.286      0.044   411.1250    11.0471     94.180 2.9237e+01     15.604     31.444  21.576971    15.9853     3.6989     9.3126   999.7877      4.673      3.222 0.0000e+00
