Data/DataNotYetUploadedToEDI/Raw_CTD/RawDownloads/041625_ccr50_S8188001.cnv
* Sea-Bird SBE19plus  Data File:
* FileName = C:\R\Reservoirs\Data\DataNotYetUploadedToEDI\Raw_CTD\RawDownloads\041625_ccr50_S8188_0001.hex
* Software version 2.8.0.119
* Temperature SN = 8188
* Conductivity SN = 8188
* System UpLoad Time = Apr 16 2025 18:04:54
* <ApplicationData>
* <Seaterm232>
# nquan = 16
# nvalues = 2676                        
# units = specified
# name 0 = depFM: Depth [fresh water, m]
# name 1 = dz/dtM: Descent Rate [m/s]
# name 2 = sbeox0Mg/L: Oxygen, SBE 43 [mg/l]
# name 3 = sbeox0PS: Oxygen, SBE 43 [% saturation]
# name 4 = specc: Specific Conductance [uS/cm]
# name 5 = c0uS/cm: Conductivity [uS/cm]
# name 6 = wetCDOM: Fluorescence, WET Labs CDOM [mg/m^3]
# name 7 = flECO-AFL: Fluorescence, WET Labs ECO-AFL/FL [mg/m^3]
# name 8 = flECO-AFL1: Fluorescence, WET Labs ECO-AFL/FL, 2 [mg/m^3]
# name 9 = flECO-AFL2: Fluorescence, WET Labs ECO-AFL/FL, 3 [mg/m^3]
# name 10 = par/sat/log: PAR/Logarithmic, Satlantic
# name 11 = turbWETntu0: Turbidity, WET Labs ECO [NTU]
# name 12 = prdM: Pressure, Strain Gauge [db]
# name 13 = prdE: Pressure, Strain Gauge [psi]
# name 14 = tv290C: Temperature [ITS-90, deg C]
# name 15 = flag:  0.000e+00
# span 0 =     -0.489,     21.794       
# span 1 =     -0.479,      0.181       
# span 2 =     6.8731,    12.6101       
# span 3 =     65.918,    121.425       
# span 4 =   -733.768,    130.381       
# span 5 =-494.541935,  97.512951       
# span 6 =    -4.5000,    25.4700       
# span 7 =    -1.1925,    15.7946       
# span 8 =    -2.5986,     3.1950       
# span 9 =   -18.3582,     2.2842       
# span 10 = 1.1580e-01, 2.5322e+03      
# span 11 =    -2.2432,   165.6799      
# span 12 =     -0.479,     21.373      
# span 13 =     -0.695,     30.999      
# span 14 =     8.3625,    13.6454      
# span 15 = 0.0000e+00, 0.0000e+00      
# interval = seconds: 0.25
# start_time = Apr 16 2025 09:55:23 [Instrument's time stamp, header]
# bad_flag = -9.990e-29
*END*
[from data line 1447]
      5.626      0.028    10.7461    103.566    125.998  97.372713    18.5400     1.6266     0.1278     0.4230 3.1452e+01     1.2011      5.517      8.002    13.6372 0.0000e+00
      5.633      0.028    10.7483    103.553    126.028  97.395613    18.5400     1.7640     0.1278     0.4230 3.1329e+01     1.2918      5.524      8.012    13.6372 0.0000e+00
      5.640      0.028    10.7513    103.515    126.051  97.413079    18.4500     1.7105     0.1278     0.4230 3.1092e+01     1.2313      5.531      8.023    13.6372 0.0000e+00
      5.648      0.028    10.7540    103.456    126.046  97.409785    18.4500     1.7640     0.1278     0.4230 3.0769e+01     1.2918      5.539      8.033    13.6372 0.0000e+00
      5.655      0.028    10.7552    103.374    126.032  97.398841    18.4500     1.7449     0.1278     0.4230 3.0870e+01     1.2313      5.545      8.043    13.6372 0.0000e+00
      5.661      0.028    10.7539    103.263    126.028  97.395312    18.4500     1.6877     0.1278     0.4230 3.0964e+01     1.3069      5.552      8.052    13.6372 0.0000e+00
      5.668      0.028    10.7500    103.137    126.016  97.386268    18.4500     1.7105     0.1278     0.4230 3.0816e+01     1.1860      5.559      8.062    13.6371 0.0000e+00
      5.675      0.028    10.7439    103.016    126.000  97.373293    18.4500     1.6724     0.1278     0.3807 3.0476e+01     1.2918      5.566      8.072    13.6371 0.0000e+00
      5.683      0.028    10.7353    102.920    125.971  97.350930    18.4500     1.6915     0.1278     0.3807 3.0173e+01     1.3975      5.573      8.083    13.6371 0.0000e+00
      5.691      0.029    10.7239    102.868    125.924  97.315212    18.4500     1.6495     0.1278     0.3807 3.0062e+01     1.2918      5.581      8.094    13.6370 0.0000e+00
      5.698      0.029    10.7107    102.867    125.887  97.286587    18.4500     1.6648     0.1278     0.3807 2.9951e+01     1.2313      5.588      8.104    13.6370 0.0000e+00
      5.705      0.029    10.6981    102.913    125.878  97.279403    18.5400     1.6304     0.1278     0.3807 2.9886e+01     1.2615      5.595      8.115    13.6370 0.0000e+00
      5.712      0.030    10.6882    102.999    125.881  97.281751    18.5400     1.6304     0.1278     0.3807 2.9660e+01     1.2615      5.602      8.125    13.6370 0.0000e+00
      5.720      0.030    10.6828    103.109    125.887  97.286267    18.5400     1.7144     0.1278     0.3807 2.9724e+01     1.2615      5.609      8.135    13.6370 0.0000e+00
      5.727      0.031    10.6827    103.212    125.900  97.296152    18.5400     1.6991     0.1278     0.3807 2.9429e+01     1.2313      5.617      8.146    13.6370 0.0000e+00
      5.736      0.032    10.6875    103.291    125.910  97.304052    18.5400     1.6648     0.1278     0.3807 2.9035e+01     1.2162      5.625      8.158    13.6370 0.0000e+00
      5.744      0.033    10.6965    103.343    125.907  97.302082    18.5400     1.7144     0.1278     0.3807 2.8884e+01     1.2766      5.633      8.171    13.6370 0.0000e+00
      5.753      0.034    10.7079    103.377    125.899  97.295711    18.5400     1.6953     0.1278     0.3807 2.8865e+01     1.2918      5.642      8.183    13.6370 0.0000e+00
      5.762      0.035    10.7186    103.405    125.886  97.285239    18.5400     1.6953     0.1278     0.3807 2.8634e+01     1.2766      5.650      8.195    13.6370 0.0000e+00
      5.771      0.036    10.7267    103.425    125.853  97.259879    18.5400     1.6877     0.1278     0.3807 2.8380e+01     1.2313      5.659      8.208    13.6370 0.0000e+00
      5.780      0.037    10.7321    103.429    125.841  97.250836    18.5400     1.6953     0.1278     0.2115 2.8269e+01     1.2918      5.669      8.222    13.6370 0.0000e+00
      5.790      0.039    10.7357    103.420    125.878  97.279674    18.5400     1.8822     0.1278     0.2115 2.8146e+01     1.4428      5.678      8.235    13.6370 0.0000e+00
      5.800      0.040    10.7386    103.404    125.917  97.310126    18.5400     1.8593     0.1278     0.2115 2.8079e+01     1.4881      5.688      8.249    13.6370 0.0000e+00
      5.810      0.042    10.7406    103.385    125.920  97.312345    18.5400     1.8746     0.1278     0.2115 2.7836e+01     1.5486      5.698      8.264    13.6371 0.0000e+00
      5.821      0.043    10.7411    103.367    125.900  97.296916    18.5400     1.8937     0.1704     0.4230 2.7577e+01     1.5183      5.709      8.280    13.6371 0.0000e+00
      5.832      0.043    10.7401    103.358    125.896  97.293691    18.5400     1.8746     0.1704     0.4230 2.7185e+01     1.7147      5.720      8.296    13.6372 0.0000e+00
      5.844      0.044    10.7384    103.357    125.899  97.295817    18.5400     1.7716     0.1704     0.4230 2.7073e+01     1.6543      5.731      8.312    13.6373 0.0000e+00
      5.855      0.044    10.7364    103.364    125.885  97.283879    18.5400     1.7640     0.1704     0.4230 2.7020e+01     1.6694      5.742      8.328    13.6373 0.0000e+00
      5.866      0.044    10.7345    103.382    125.880  97.278671    18.5400     1.7525     0.1278     0.5076 2.6897e+01     1.8054      5.753      8.344    13.6374 0.0000e+00
      5.877      0.044    10.7336    103.403    125.895  97.286798    18.5400     1.7296     0.1278     0.5076 2.6693e+01     1.6694      5.763      8.359    13.6373 0.0000e+00
      5.888      0.044    10.7336    103.421    125.905  97.290444    18.5400     1.7525     0.1278     0.5076 2.6589e+01     1.5486      5.774      8.375    13.6371 0.0000e+00
      5.899      0.045    10.7344    103.427    125.912  97.288584    18.5400     1.7716     0.1278     0.5076 2.6537e+01     1.5335      5.785      8.391    13.6367 0.0000e+00
      5.911      0.047    10.7364    103.407    125.913  97.280722    18.5400     1.7334     0.1704     0.3807 2.6364e+01     1.5183      5.796      8.407    13.6360 0.0000e+00
      5.922      0.049    10.7388    103.357    125.915  97.270755    18.5400     1.7716     0.1704     0.3807 2.6279e+01     1.4730      5.808      8.424    13.6349 0.0000e+00
      5.935      0.051    10.7411    103.275    125.923  97.266015    18.5400     1.7067     0.1704     0.3807 2.5978e+01     1.4881      5.820      8.442    13.6331 0.0000e+00
      5.948      0.053    10.7424    103.173    125.933  97.263241    18.5400     1.6877     0.1704     0.3807 2.5747e+01     1.5486      5.833      8.460    13.6305 0.0000e+00
      5.962      0.054    10.7412    103.074    125.957  97.273680    18.5400     1.6648     0.1704     0.3807 2.5541e+01     1.4730      5.847      8.480    13.6268 0.0000e+00
      5.977      0.055    10.7370    103.004    125.987  97.290124    18.5400     1.6877     0.1278     0.4230 2.5276e+01     1.4579      5.861      8.501    13.6224 0.0000e+00
      5.991      0.056    10.7296    102.966    125.979  97.278994    18.5400     1.7182     0.1278     0.4230 2.4997e+01     1.4881      5.876      8.522    13.6180 0.0000e+00
      6.006      0.055    10.7199    102.953    125.927  97.235323    18.5400     1.6686     0.1278     0.4230 2.4567e+01     1.4730      5.890      8.543    13.6139 0.0000e+00
      6.021      0.053    10.7104    102.957    125.849  97.173441    18.5400     1.6953     0.1278     0.4230 2.4380e+01     1.5032      5.904      8.563    13.6105 0.0000e+00
      6.034      0.052    10.7038    102.978    125.770  97.112814    18.5400     1.6877     0.1278     0.3384 2.4418e+01     1.3975      5.917      8.582    13.6079 0.0000e+00
      6.047      0.049    10.7003    103.015    125.672  97.037275    18.5400     1.6877     0.1278     0.3384 2.4312e+01     1.7298      5.930      8.600    13.6059 0.0000e+00
      6.059      0.047    10.6992    103.055    125.494  96.900704    18.5400     1.6877     0.1278     0.3384 2.4154e+01     1.7449      5.941      8.617    13.6046 0.0000e+00
      6.070      0.046    10.6998    103.093    125.184  96.662685    18.5400     1.6915     0.1278     0.3384 2.3945e+01     1.6845      5.953      8.634    13.6040 0.0000e+00
      6.082      0.045    10.7020    103.134    124.670  96.267739    18.5400     1.6991     0.1278     0.4230 2.3950e+01     1.7903      5.964      8.650    13.6040 0.0000e+00
      6.093      0.045    10.7058    103.184    123.823  95.614544    18.5400     1.6228     0.1278     0.4230 2.3966e+01     1.4579      5.975      8.666    13.6042 0.0000e+00
      6.104      0.045    10.7099    103.236    122.381  94.502939    18.5400     1.6419     0.1278     0.4230 2.3820e+01     1.4579      5.986      8.681    13.6046 0.0000e+00
      6.115      0.045    10.7137    103.273    119.945  92.622509    18.5400     1.6190     0.1278     0.4230 2.3512e+01     1.4881      5.997      8.698    13.6051 0.0000e+00
      6.127      0.045    10.7178    103.275    115.879  89.483794    18.5400     1.6381     0.1278     0.4230 2.3359e+01     1.4730      6.008      8.714    13.6058 0.0000e+00
      6.139      0.045    10.7229    103.238    109.110  84.257796    18.5400     1.6877     0.1278     0.4230 2.3298e+01     1.3220      6.020      8.731    13.6065 0.0000e+00
      6.150      0.044    10.7281    103.171     97.849  75.560907    18.5400     1.6571     0.1278     0.4230 2.2951e+01     1.2313      6.031      8.748    13.6072 0.0000e+00
      6.162      0.043    10.7318    103.087     79.099  61.079952    18.5400     1.6686     0.1278     0.4230 2.2649e+01     1.2918      6.043      8.765    13.6079 0.0000e+00
      6.173      0.042    10.7318    103.006     47.833  36.931362    18.5400     1.6800     0.1278     0.4230 2.2807e+01     1.1860      6.054      8.780    13.6086 0.0000e+00
      6.183      0.041    10.7278    102.951     -4.309  -3.342471    18.6300     1.7144     0.1278     0.3807 2.2827e+01     1.2313      6.064      8.795    13.6093 0.0000e+00
      6.193      0.040    10.7207    102.937    -91.211 -70.465250    18.6300     1.6724     0.1278     0.3807 2.2708e+01     1.1256      6.073      8.809    13.6100 0.0000e+00
      6.203      0.039    10.7117    102.965   -236.027-182.322394    18.6300     1.6724     0.1278     0.3807 2.2409e+01     1.2313      6.083      8.823    13.6107 0.0000e+00
      6.213      0.039    10.7032    103.030   -477.358-368.730488    18.6300     1.6686     0.1278     0.3807 2.2302e+01     1.2313      6.092      8.837    13.6116 0.0000e+00
      6.222      0.040    10.6974    103.124   -628.197-485.241284    18.5400     1.6953     0.0852     0.4653 2.2434e+01     1.2918      6.102      8.850    13.6124 0.0000e+00
      6.232      0.041    10.6958    103.227   -477.405-368.765261    18.5400     1.7029     0.0852     0.4653 2.2561e+01     1.2615      6.111      8.863    13.6132 0.0000e+00
      6.242      0.043    10.6988    103.317   -236.104-182.379233    18.5400     1.7144     0.0852     0.4653 2.2385e+01     1.2615      6.121      8.878    13.6138 0.0000e+00
      6.253      0.045    10.7057    103.378    -91.337 -70.559312    18.5400     1.7182     0.0852     0.4653 2.2191e+01     1.2313      6.132      8.894    13.6143 0.0000e+00
      6.266      0.047    10.7154    103.401     -4.507  -3.490848    18.5400     1.7487     0.1278     0.5922 2.1904e+01     1.6845      6.144      8.912    13.6145 0.0000e+00
      6.279      0.049    10.7260    103.389     47.610  36.763034    18.5400     1.7792     0.1278     0.5922 2.1681e+01     1.7147      6.157      8.930    13.6147 0.0000e+00
      6.292      0.049    10.7351    103.349     78.899  60.928711    18.5400     1.7716     0.1278     0.5922 2.1493e+01     1.6996      6.170      8.949    13.6147 0.0000e+00
      6.305      0.050    10.7413    103.282     97.649  75.408401    18.5400     1.7601     0.1278     0.5922 2.1382e+01     1.7903      6.183      8.967    13.6145 0.0000e+00
      6.317      0.049    10.7438    103.198    108.897  84.093328    18.5400     1.7640     0.1278     0.5922 2.1243e+01     1.4277      6.195      8.985    13.6140 0.0000e+00
      6.329      0.049    10.7427    103.112    115.696  89.341434    18.7200     1.7449     0.1278     0.5076 2.1252e+01     1.5637      6.207      9.002    13.6131 0.0000e+00
      6.341      0.050    10.7387    103.035    119.823  92.526236    18.7200     1.7411     0.1278     0.5076 2.1224e+01     1.3673      6.219      9.020    13.6120 0.0000e+00
      6.354      0.050    10.7321    102.970    122.312  94.445063    18.7200     1.7449     0.1278     0.5076 2.1082e+01     1.5183      6.231      9.037    13.6108 0.0000e+00
      6.367      0.051    10.7236    102.917    123.784  95.579630    18.7200     1.8135     0.1278     0.5076 2.0736e+01     1.4277      6.244      9.056    13.6095 0.0000e+00
      6.380      0.051    10.7150    102.882    124.646  96.242480    18.6300     1.8288     0.1278     0.3384 2.0495e+01     1.4126      6.257      9.075    13.6082 0.0000e+00
      6.394      0.050    10.7073    102.864    125.162  96.638345    18.6300     1.8021     0.1278     0.3384 2.0212e+01     1.4881      6.270      9.094    13.6068 0.0000e+00
      6.407      0.049    10.7009    102.863    125.479  96.880783    18.6300     1.8097     0.1278     0.3384 2.0150e+01     1.5183      6.283      9.113    13.6054 0.0000e+00
      6.419      0.047    10.6957    102.870    125.675  97.030447    18.6300     1.7525     0.1278     0.3384 2.0015e+01     1.4126      6.295      9.131    13.6043 0.0000e+00
      6.431      0.044    10.6922    102.881    125.798  97.125249    18.6300     1.7220     0.1278     0.3807 1.9872e+01     1.4881      6.307      9.147    13.6032 0.0000e+00
      6.442      0.042    10.6907    102.900    125.882  97.190471    18.6300     1.7678     0.1278     0.3807 1.9666e+01     1.5183      6.317      9.163    13.6021 0.0000e+00
      6.452      0.040    10.6908    102.932    125.945  97.239508    18.6300     1.7296     0.1278     0.3807 1.9730e+01     1.4579      6.327      9.177    13.6011 0.0000e+00
      6.461      0.038    10.6917    102.975    125.994  97.277445    18.6300     1.7830     0.1278     0.3807 1.9657e+01     1.5032      6.336      9.190    13.6004 0.0000e+00
      6.470      0.037    10.6928    103.019    126.021  97.298412    18.5400     1.7792     0.1278     0.4230 1.9563e+01     1.4881      6.345      9.203    13.6002 0.0000e+00
      6.479      0.036    10.6948    103.055    126.018  97.296011    18.5400     1.7792     0.1278     0.4230 1.9411e+01     1.4730      6.354      9.216    13.6003 0.0000e+00
      6.489      0.036    10.6981    103.078    125.990  97.273598    18.5400     1.7449     0.1278     0.4230 1.9205e+01     1.5183      6.363      9.229    13.6005 0.0000e+00
      6.498      0.036    10.7025    103.085    125.959  97.247177    18.5400     1.7373     0.1278     0.4230 1.9023e+01     1.2464      6.372      9.242    13.6007 0.0000e+00
      6.507      0.035    10.7071    103.063    125.957  97.241672    18.5400     1.7678     0.1278     0.4230 1.8707e+01     1.2918      6.382      9.255    13.6009 0.0000e+00
      6.516      0.035    10.7108    103.007    125.971  97.247623    18.5400     1.7373     0.1704     0.4230 1.8469e+01     1.2615      6.391      9.268    13.6008 0.0000e+00
      6.525      0.033    10.7134    102.923    125.972  97.242638    18.5400     1.7373     0.1704     0.4230 1.8021e+01     1.2918      6.399      9.281    13.6003 0.0000e+00
      6.534      0.032    10.7143    102.826    125.969  97.233380    18.5400     1.7601     0.1704     0.4230 1.7209e+01     1.4579      6.408      9.293    13.5993 0.0000e+00
      6.542      0.030    10.7123    102.741    125.977  97.229371    18.5400     1.7182     0.1704     0.4230 1.6395e+01     1.5335      6.415      9.304    13.5978 0.0000e+00
      6.549      0.029    10.7069    102.687    125.978  97.217551    18.5400     1.7449     0.1704     0.5499 1.5017e+01     1.4579      6.422      9.315    13.5959 0.0000e+00
