Data/DataNotYetUploadedToEDI/Raw_CTD/RawDownloads/041625_ccr88_S8188002.cnv
* Sea-Bird SBE19plus  Data File:
* FileName = C:\R\Reservoirs\Data\DataNotYetUploadedToEDI\Raw_CTD\RawDownloads\041625_ccr50_S8188_0002.hex
* Software version 2.8.0.119
* Temperature SN = 8188
* Conductivity SN = 8188
* System UpLoad Time = Apr 16 2025 18:05:17
* <ApplicationData>
* <Seaterm232>
# nquan = 16
# nvalues = 1497                        
# units = specified
# name 0 = depFM: Depth [fresh water, m]
# name 1 = dz/dtM: Descent Rate [m/s]
# name 2 = sbeox0Mg/L: Oxygen, SBE 43 [mg/l]
# name 3 = sbeox0PS: Oxygen, SBE 43 [% saturation]
# name 4 = specc: Specific Conductance [uS/cm]
# name 5 = c0uS/cm: Conductivity [uS/cm]
# name 6 = wetCDOM: Fluorescence, WET Labs CDOM [mg/m^3]
# name 7 = flECO-AFL: Fluorescence, WET Labs ECO-AFL/FL [mg/m^3]
# name 8 = flECO-AFL1: Fluorescence, WET Labs ECO-AFL/FL, 2 [mg/m^3]
# name 9 = flECO-AFL2: Fluorescence, WET Labs ECO-AFL/FL, 3 [mg/m^3]
# name 10 = par/sat/log: PAR/Logarithmic, Satlantic
# name 11 = turbWETntu0: Turbidity, WET Labs ECO [NTU]
# name 12 = prdM: Pressure, Strain Gauge [db]
# name 13 = prdE: Pressure, Strain Gauge [psi]
# name 14 = tv290C: Temperature [ITS-90, deg C]
# name 15 = flag:  0.000e+00
# span 0 =     -0.481,     12.008       
# span 1 =     -0.451,      0.166       
# span 2 =     7.6300,    11.7204       
# span 3 =     73.213,    110.854       
# span 4 =   -645.704,    129.478       
# span 5 =-487.490170,  96.699335       
# span 6 =    -4.5000,    25.0200       
# span 7 =    -3.0693,   245.1187       
# span 8 =    -2.1300,     0.5538       
# span 9 =    -2.0304,     2.4111       
# span 10 = 4.4817e-01, 2.3493e+03      
# span 11 =    -5.1738,    69.3462      
# span 12 =     -0.472,     11.776      
# span 13 =     -0.684,     17.079      
# span 14 =     8.8295,    13.5176      
# span 15 = 0.0000e+00, 0.0000e+00      
# interval = seconds: 0.25
# start_time = Apr 16 2025 10:23:50 [Instrument's time stamp, header]
# bad_flag = -9.990e-29
*END*
[from data line 181]
      0.580      0.005    11.6219    109.711    -96.707 -72.999392    18.4500     0.5318     0.1278     0.2538 7.2114e+02     1.5637      0.569      0.826    12.7504 0.0000e+00
      0.582      0.005    11.6204    109.723   -244.764-184.782075    18.4500     0.5470     0.1278     0.2538 1.0475e+03     1.4881      0.571      0.828    12.7510 0.0000e+00
      0.583      0.005    11.6197    109.739   -491.499-371.066375    18.5400     0.5242     0.1278     0.2961 1.1188e+03     1.3371      0.572      0.830    12.7518 0.0000e+00
      0.584      0.005    11.6196    109.758   -645.704-487.490170    18.5400     0.5089     0.1278     0.2961 7.0441e+02     1.1558      0.573      0.831    12.7525 0.0000e+00
      0.584      0.004    11.6204    109.778   -491.502-371.065866    18.5400     0.5356     0.1278     0.2961 1.0608e+03     1.1709      0.573      0.832    12.7528 0.0000e+00
      0.586      0.004    11.6219    109.801   -244.786-184.792909    18.5400     0.5280     0.1278     0.2961 5.6696e+02     1.2313      0.574      0.833    12.7527 0.0000e+00
      0.587      0.004    11.6238    109.823    -96.762 -73.032450    18.4500     0.5432     0.0852     0.1692 9.4149e+02     1.2615      0.576      0.835    12.7528 0.0000e+00
      0.589      0.003    11.6258    109.841     -7.954  -5.977702    18.4500     0.5165     0.0852     0.1692 5.8460e+02     1.6241      0.577      0.837    12.7532 0.0000e+00
      0.590      0.003    11.6276    109.851     45.314  34.244608    18.4500     0.5470     0.0852     0.1692 8.8380e+02     1.5183      0.578      0.838    12.7540 0.0000e+00
      0.590      0.002    11.6295    109.852     77.243  58.356435    18.4500     0.5432     0.0852     0.1692 1.0909e+03     1.4579      0.578      0.838    12.7550 0.0000e+00
      0.590      0.002    11.6313    109.849     96.351  72.787600    18.4500     0.5356     0.0852     0.1692 9.3395e+02     1.5486      0.578      0.838    12.7562 0.0000e+00
      0.590      0.002    11.6327    109.842    107.740  81.390408    18.5400     0.5852     0.1704     0.3384 8.6724e+02     1.6090      0.578      0.839    12.7579 0.0000e+00
      0.590      0.002    11.6331    109.831    114.454  86.462938    18.5400     0.5776     0.1704     0.3384 8.6011e+02     1.4881      0.579      0.840    12.7599 0.0000e+00
      0.591      0.002    11.6327    109.822    118.287  89.357865    18.5400     0.5966     0.1704     0.3384 1.1337e+03     1.5183      0.580      0.841    12.7620 0.0000e+00
      0.592      0.002    11.6318    109.818    120.253  90.843174    18.5400     0.5699     0.1704     0.3384 7.7307e+02     1.4579      0.580      0.842    12.7640 0.0000e+00
      0.592      0.002    11.6306    109.815    120.866  91.306956    18.5400     0.6233     0.1278     0.0846 6.7372e+02     1.4881      0.581      0.842    12.7657 0.0000e+00
      0.593      0.002    11.6291    109.808    120.279  90.864893    18.5400     0.6348     0.1278     0.0846 1.1210e+03     1.5183      0.581      0.843    12.7669 0.0000e+00
      0.593      0.003    11.6279    109.800    118.331  89.395106    18.5400     0.6653     0.1278     0.0846 1.4061e+03     1.4881      0.581      0.843    12.7676 0.0000e+00
      0.593      0.004    11.6274    109.796    114.506  86.505653    18.5400     0.6653     0.1278     0.0846 9.2426e+02     1.4579      0.582      0.843    12.7680 0.0000e+00
      0.594      0.005    11.6269    109.802    107.787  81.430008    18.4500     0.6233     0.0852     0.1692 8.8977e+02     1.7298      0.583      0.845    12.7685 0.0000e+00
      0.596      0.005    11.6261    109.820     96.389  72.818662    18.4500     0.6462     0.0852     0.1692 1.2154e+03     1.8205      0.585      0.848    12.7691 0.0000e+00
      0.598      0.006    11.6251    109.847     77.269  58.375257    18.4500     0.6386     0.0852     0.1692 5.2818e+02     1.8205      0.587      0.851    12.7694 0.0000e+00
      0.600      0.006    11.6247    109.880     45.343  34.260204    18.4500     0.6500     0.0852     0.1692 6.4957e+02     1.8356      0.588      0.853    12.7695 0.0000e+00
      0.601      0.006    11.6255    109.913     -7.893  -5.949186    18.5400     0.6539     0.1278     0.1269 6.7299e+02     1.7147      0.589      0.854    12.7690 0.0000e+00
      0.602      0.006    11.6276    109.945    -96.659 -72.991400    18.5400     0.6348     0.1278     0.1269 5.0418e+02     1.8205      0.590      0.856    12.7680 0.0000e+00
      0.603      0.005    11.6309    109.975   -244.639-184.756350    18.5400     0.6157     0.1278     0.1269 7.0014e+02     1.6241      0.592      0.858    12.7669 0.0000e+00
      0.605      0.005    11.6346    110.001   -491.290-371.044027    18.5400     0.6500     0.1278     0.1269 4.2226e+02     1.7147      0.593      0.860    12.7660 0.0000e+00
      0.607      0.005    11.6382    110.021   -645.459-487.481221    18.5400     0.6424     0.1278     0.1269 8.2730e+02     1.6543      0.595      0.863    12.7655 0.0000e+00
      0.608      0.005    11.6418    110.034   -491.324-371.063935    18.5400     0.6310     0.1278     0.1692 5.4806e+02     1.7903      0.596      0.864    12.7654 0.0000e+00
      0.608      0.004    11.6451    110.042   -244.682-184.777501    18.5400     0.6348     0.1278     0.1692 6.7887e+02     1.6694      0.597      0.865    12.7657 0.0000e+00
      0.609      0.004    11.6480    110.048    -96.687 -72.995459    18.5400     0.6996     0.1278     0.1692 6.3382e+02     1.7903      0.597      0.866    12.7662 0.0000e+00
      0.610      0.005    11.6500    110.049     -7.896  -5.929242    18.5400     0.6462     0.1278     0.1692 5.0649e+02     1.5183      0.598      0.868    12.7671 0.0000e+00
      0.612      0.005    11.6508    110.047     45.371  34.305475    18.5400     0.6577     0.1278     0.1269 5.5852e+02     1.4126      0.600      0.870    12.7685 0.0000e+00
      0.614      0.005    11.6510    110.049     77.337  58.449937    18.5400     0.6500     0.1278     0.1269 4.7021e+02     1.5183      0.602      0.872    12.7704 0.0000e+00
      0.615      0.004    11.6508    110.059     96.524  72.942666    18.5400     0.6310     0.1278     0.1269 4.9679e+02     1.5032      0.603      0.874    12.7725 0.0000e+00
      0.616      0.004    11.6504    110.071    108.040  81.640400    18.5400     0.6500     0.1278     0.1269 4.3730e+02     1.7298      0.604      0.875    12.7745 0.0000e+00
      0.616      0.004    11.6498    110.082    114.954  86.862533    18.5400     0.6462     0.1278     0.1269 6.0370e+02     1.7298      0.604      0.876    12.7757 0.0000e+00
      0.617      0.003    11.6498    110.096    119.116  90.005631    18.5400     0.6653     0.1278     0.1269 4.5513e+02     1.7298      0.605      0.877    12.7764 0.0000e+00
      0.618      0.003    11.6507    110.115    121.618  91.895865    18.5400     0.6348     0.1278     0.1269 4.3730e+02     1.6845      0.606      0.878    12.7767 0.0000e+00
      0.619      0.003    11.6520    110.135    123.108  93.021314    18.5400     0.6996     0.1278     0.1269 4.5593e+02     1.7147      0.607      0.880    12.7768 0.0000e+00
      0.620      0.003    11.6531    110.142    123.987  93.686095    18.4500     0.6882     0.1278     0.1692 5.5598e+02     1.7449      0.608      0.881    12.7769 0.0000e+00
      0.620      0.002    11.6545    110.138    124.513  94.083464    18.4500     0.6767     0.1278     0.1692 6.0620e+02     1.7147      0.608      0.882    12.7769 0.0000e+00
      0.621      0.002    11.6565    110.132    124.836  94.327380    18.4500     0.6920     0.1278     0.1692 3.6299e+02     1.6996      0.609      0.882    12.7770 0.0000e+00
      0.621      0.002    11.6585    110.129    125.036  94.478891    18.4500     0.6233     0.1278     0.1692 6.1083e+02     1.5032      0.609      0.883    12.7772 0.0000e+00
      0.621      0.002    11.6593    110.129    125.156  94.570407    18.4500     0.6577     0.1278     0.1692 3.7283e+02     1.4579      0.609      0.883    12.7774 0.0000e+00
      0.622      0.002    11.6588    110.134    125.223  94.622337    18.4500     0.6043     0.1704     0.1692 4.0474e+02     1.5486      0.610      0.884    12.7775 0.0000e+00
      0.622      0.002    11.6582    110.141    125.261  94.652526    18.4500     0.6157     0.1704     0.1692 3.4635e+02     1.5486      0.610      0.885    12.7775 0.0000e+00
      0.623      0.001    11.6578    110.148    125.286  94.673019    18.4500     0.6348     0.1704     0.1692 5.8295e+02     1.5637      0.611      0.886    12.7776 0.0000e+00
      0.623      0.001    11.6577    110.155    125.306  94.689281    18.4500     0.6462     0.1704     0.1692 4.6817e+02     1.4277      0.611      0.886    12.7779 0.0000e+00
      0.623      0.001    11.6581    110.160    125.321  94.701654    18.4500     0.6272     0.0852     0.2538 7.3939e+02     1.4277      0.611      0.886    12.7784 0.0000e+00
      0.623      0.002    11.6587    110.162    125.330  94.709441    18.4500     0.6653     0.0852     0.2538 5.9175e+02     1.5183      0.611      0.886    12.7791 0.0000e+00
      0.624      0.002    11.6593    110.164    125.335  94.714717    18.4500     0.5966     0.0852     0.2538 7.1366e+02     1.5486      0.612      0.887    12.7798 0.0000e+00
      0.624      0.002    11.6599    110.168    125.345  94.722887    18.4500     0.5852     0.0852     0.2538 6.9032e+02     1.5183      0.612      0.888    12.7804 0.0000e+00
      0.625      0.002    11.6603    110.174    125.360  94.736129    18.5400     0.5776     0.1704     0.1692 5.5876e+02     1.4579      0.613      0.889    12.7808 0.0000e+00
      0.626      0.002    11.6605    110.179    125.371  94.745986    18.5400     0.5776     0.1704     0.1692 9.0400e+02     1.5335      0.614      0.890    12.7811 0.0000e+00
      0.626      0.002    11.6606    110.180    125.375  94.751091    18.5400     0.6348     0.1704     0.1692 5.3291e+02     1.5032      0.614      0.890    12.7815 0.0000e+00
      0.626      0.002    11.6608    110.179    125.375  94.752805    18.5400     0.5470     0.1704     0.1692 1.4914e+03     1.2464      0.614      0.890    12.7818 0.0000e+00
      0.626      0.002    11.6613    110.182    125.371  94.751587    18.5400     0.5852     0.1704     0.1692 7.0733e+02     1.2162      0.614      0.890    12.7824 0.0000e+00
      0.627      0.002    11.6617    110.193    125.368  94.751106    18.6300     0.5661     0.1704     0.2961 9.0008e+02     1.2313      0.615      0.891    12.7831 0.0000e+00
      0.628      0.002    11.6616    110.210    125.361  94.747239    18.6300     0.6081     0.1704     0.2961 6.6427e+02     1.1860      0.616      0.893    12.7839 0.0000e+00
      0.629      0.002    11.6613    110.223    125.354  94.742951    18.6300     0.5776     0.1704     0.2961 1.0717e+03     1.5032      0.617      0.894    12.7847 0.0000e+00
      0.629      0.002    11.6615    110.232    125.353  94.745089    18.6300     0.5661     0.1704     0.2961 1.0402e+03     1.5486      0.617      0.895    12.7853 0.0000e+00
      0.630      0.002    11.6624    110.251    125.356  94.750228    18.6300     0.5814     0.1278     0.2961 7.5268e+02     1.4730      0.617      0.895    12.7859 0.0000e+00
      0.630      0.002    11.6640    110.277    125.352  94.751748    18.6300     0.5776     0.1278     0.2961 1.0159e+03     1.5032      0.618      0.896    12.7865 0.0000e+00
      0.631      0.002    11.6652    110.301    125.343  94.750052    18.6300     0.5585     0.1278     0.2961 6.1844e+02     1.3975      0.618      0.897    12.7872 0.0000e+00
      0.632      0.002    11.6660    110.321    125.342  94.752681    18.6300     0.5699     0.1278     0.2961 1.0441e+03     1.4881      0.619      0.898    12.7881 0.0000e+00
      0.632      0.001    11.6677    110.326    125.342  94.756341    18.5400     0.5966     0.1704     0.2115 8.1428e+02     1.4730      0.620      0.899    12.7895 0.0000e+00
      0.632      0.001    11.6699    110.312    125.339  94.758011    18.5400     0.5776     0.1704     0.2115 8.5248e+02     1.6543      0.620      0.899    12.7913 0.0000e+00
      0.632      0.001    11.6719    110.292    125.339  94.762133    18.5400     0.5661     0.1704     0.2115 9.9859e+02     1.7147      0.620      0.899    12.7931 0.0000e+00
      0.632      0.001    11.6736    110.268    125.338  94.765810    18.5400     0.6081     0.1704     0.2115 6.3935e+02     1.7147      0.620      0.899    12.7947 0.0000e+00
      0.633      0.001    11.6738    110.242    125.331  94.766028    18.6300     0.5585     0.1278     0.3384 7.7290e+02     1.6694      0.620      0.900    12.7961 0.0000e+00
      0.634      0.001    11.6720    110.225    125.321  94.762844    18.6300     0.5966     0.1278     0.3384 7.3843e+02     1.7449      0.621      0.901    12.7975 0.0000e+00
      0.634      0.001    11.6694    110.221    125.316  94.763402    18.6300     0.6005     0.1278     0.3384 8.9773e+02     1.5183      0.621      0.901    12.7992 0.0000e+00
      0.634      0.000    11.6664    110.225    125.323  94.771845    18.6300     0.5776     0.1278     0.3384 1.0612e+03     1.5637      0.621      0.901    12.8012 0.0000e+00
      0.633      0.000    11.6631    110.236    125.326  94.778439    18.6300     0.5928     0.1278     0.3384 7.0365e+02     1.5335      0.621      0.901    12.8032 0.0000e+00
      0.633      0.000    11.6608    110.240    125.323  94.780945    18.5400     0.5852     0.1278     0.1269 9.1407e+02     1.4881      0.621      0.901    12.8050 0.0000e+00
      0.634      0.000    11.6600    110.234    125.321  94.784028    18.5400     0.5699     0.1278     0.1269 7.0380e+02     1.4277      0.621      0.901    12.8066 0.0000e+00
      0.634      0.000    11.6600    110.233    125.316  94.784515    18.5400     0.5738     0.1278     0.1269 1.0328e+03     1.4881      0.622      0.901    12.8081 0.0000e+00
      0.634      0.000    11.6607    110.238    125.307  94.782535    18.5400     0.6005     0.1278     0.1269 6.5425e+02     1.4730      0.622      0.901    12.8097 0.0000e+00
      0.634      0.000    11.6607    110.243    125.305  94.785553    18.5400     0.5852     0.0852     0.3384 8.2085e+02     1.5183      0.621      0.901    12.8115 0.0000e+00
      0.633      0.000    11.6596    110.252    125.312  94.794373    18.5400     0.5699     0.0852     0.3384 6.7975e+02     1.5335      0.621      0.901    12.8134 0.0000e+00
      0.633      0.000    11.6590    110.272    125.321  94.803356    18.5400     0.6005     0.0852     0.3384 6.5127e+02     1.5939      0.621      0.900    12.8152 0.0000e+00
      0.633      0.000    11.6591    110.300    125.329  94.810902    18.5400     0.5738     0.0852     0.3384 6.1656e+02     1.5335      0.621      0.901    12.8170 0.0000e+00
      0.634      0.001    11.6592    110.338    125.333  94.815026    18.5400     0.5623     0.1278     0.1269 6.0069e+02     1.5939      0.621      0.901    12.8187 0.0000e+00
      0.634      0.001    11.6597    110.374    125.335  94.816830    18.5400     0.5318     0.1278     0.1269 7.8271e+02     1.4579      0.622      0.902    12.8202 0.0000e+00
      0.634      0.002    11.6616    110.395    125.344  94.824785    18.5400     0.5356     0.1278     0.1269 8.2175e+02     1.4428      0.622      0.902    12.8212 0.0000e+00
      0.635      0.002    11.6644    110.412    125.359  94.837016    18.5400     0.5509     0.1278     0.1269 5.9124e+02     1.5183      0.622      0.903    12.8218 0.0000e+00
      0.635      0.001    11.6683    110.449    125.360  94.840802    18.5400     0.5547     0.1278     0.1269 5.7352e+02     1.4730      0.623      0.903    12.8221 0.0000e+00
      0.636      0.000    11.6721    110.517    125.352  94.837153    18.5400     0.5738     0.1278     0.1692 1.0578e+03     1.6090      0.624      0.904    12.8223 0.0000e+00
      0.636     -0.002    11.6742    110.599    125.348  94.837084    18.5400     0.5928     0.1278     0.1692 4.6950e+02     1.7147      0.624      0.905    12.8226 0.0000e+00
