Data/DataNotYetUploadedToEDI/Raw_CTD/RawDownloads/041625_ccr88_S8188002.cnv
* Sea-Bird SBE19plus  Data File:
* FileName = C:\R\Reservoirs\Data\DataNotYetUploadedToEDI\Raw_CTD\RawDownloads\041625_ccr50_S8188_0002.hex
* Software version 2.8.0.119
* Temperature SN = 8188
* Conductivity SN = 8188
* System UpLoad Time = Apr 16 2025 18:05:17
* <ApplicationData>
* <Seaterm232>
# nquan = 16
# nvalues = 1497                        
# units = specified
# name 0 = depFM: Depth [fresh water, m]
# name 1 = dz/dtM: Descent Rate [m/s]
# name 2 = sbeox0Mg/L: Oxygen, SBE 43 [mg/l]
# name 3 = sbeox0PS: Oxygen, SBE 43 [% saturation]
# name 4 = specc: Specific Conductance [uS/cm]
# name 5 = c0uS/cm: Conductivity [uS/cm]
# name 6 = wetCDOM: Fluorescence, WET Labs CDOM [mg/m^3]
# name 7 = flECO-AFL: Fluorescence, WET Labs ECO-AFL/FL [mg/m^3]
# name 8 = flECO-AFL1: Fluorescence, WET Labs ECO-AFL/FL, 2 [mg/m^3]
# name 9 = flECO-AFL2: Fluorescence, WET Labs ECO-AFL/FL, 3 [mg/m^3]
# name 10 = par/sat/log: PAR/Logarithmic, Satlantic
# name 11 = turbWETntu0: Turbidity, WET Labs ECO [NTU]
# name 12 = prdM: Pressure, Strain Gauge [db]
# name 13 = prdE: Pressure, Strain Gauge [psi]
# name 14 = tv290C: Temperature [ITS-90, deg C]
# name 15 = flag:  0.000e+00
# span 0 =     -0.481,     12.008       
# span 1 =     -0.451,      0.166       
# span 2 =     7.6300,    11.7204       
# span 3 =     73.213,    110.854       
# span 4 =   -645.704,    129.478       
# span 5 =-487.490170,  96.699335       
# span 6 =    -4.5000,    25.0200       
# span 7 =    -3.0693,   245.1187       
# span 8 =    -2.1300,     0.5538       
# span 9 =    -2.0304,     2.4111       
# span 10 = 4.4817e-01, 2.3493e+03      
# span 11 =    -5.1738,    69.3462      
# span 12 =     -0.472,     11.776      
# span 13 =     -0.684,     17.079      
# span 14 =     8.8295,    13.5176      
# span 15 = 0.0000e+00, 0.0000e+00      
# interval = seconds: 0.25
# start_time = Apr 16 2025 10:23:50 [Instrument's time stamp, header]
# bad_flag = -9.990e-29
*END*
[from data line 91]
      0.392      0.006    11.3926    107.634    125.018  94.542395    18.2700     0.4669     0.1278     0.3384 9.0695e+02     1.4579      0.384      0.557    12.8169 0.0000e+00
      0.393      0.008    11.3911    107.627    125.021  94.544707    18.2700     0.4898     0.1278     0.3384 7.7341e+02     1.3220      0.385      0.558    12.8125 0.0000e+00
      0.395      0.010    11.3892    107.642    125.037  94.552529    18.1800     0.4669     0.1278     0.1692 5.5706e+02     1.2011      0.387      0.561    12.8095 0.0000e+00
      0.398      0.011    11.3873    107.682    125.062  94.559955    18.1800     0.4860     0.1278     0.1692 1.0578e+03     1.1709      0.390      0.566    12.8083 0.0000e+00
      0.402      0.011    11.3858    107.744    125.088  94.564970    18.1800     0.4822     0.1278     0.1692 8.0881e+02     1.1860      0.394      0.572    12.8084 0.0000e+00
      0.406      0.012    11.3852    107.818    125.109  94.568909    18.1800     0.4860     0.1278     0.1692 6.6168e+02     1.1407      0.398      0.578    12.8085 0.0000e+00
      0.409      0.011    11.3871    107.895    125.119  94.572822    18.3600     0.4784     0.1278     0.1269 8.8784e+02     1.2011      0.401      0.582    12.8067 0.0000e+00
      0.411      0.010    11.3926    107.967    125.128  94.581748    18.3600     0.4860     0.1278     0.1269 7.2775e+02     1.2313      0.403      0.584    12.8023 0.0000e+00
      0.413      0.009    11.4006    108.032    125.143  94.594073    18.3600     0.4822     0.1278     0.1269 1.1130e+03     1.2313      0.405      0.587    12.7963 0.0000e+00
      0.415      0.008    11.4096    108.088    125.152  94.597099    18.3600     0.4555     0.1278     0.1269 6.2371e+02     1.4428      0.407      0.591    12.7916 0.0000e+00
      0.418      0.006    11.4181    108.124    125.153  94.591634    18.3600     0.4746     0.1278     0.1269 1.0834e+03     1.5032      0.410      0.595    12.7902 0.0000e+00
      0.420      0.005    11.4256    108.138    125.153  94.588207    18.3600     0.4517     0.0852     0.0846 1.0827e+03     1.4881      0.412      0.597    12.7910 0.0000e+00
      0.421      0.004    11.4323    108.132    125.150  94.585904    18.3600     0.4517     0.0852     0.0846 6.8867e+02     1.4277      0.413      0.598    12.7915 0.0000e+00
      0.421      0.003    11.4386    108.109    125.134  94.576120    18.3600     0.4975     0.0852     0.0846 7.8050e+02     1.5183      0.412      0.598    12.7899 0.0000e+00
      0.421      0.002    11.4431    108.075    125.107  94.556246    18.3600     0.5127     0.0852     0.0846 8.6311e+02     1.4277      0.412      0.598    12.7873 0.0000e+00
      0.421      0.002    11.4449    108.042    125.085  94.536965    18.3600     0.4593     0.1278     0.1269 5.8447e+02     1.4881      0.413      0.598    12.7860 0.0000e+00
      0.422      0.002    11.4442    108.015    125.085  94.529120    18.3600     0.4669     0.1278     0.1269 9.2245e+02     1.5335      0.414      0.600    12.7862 0.0000e+00
      0.423      0.002    11.4416    107.993    125.097  94.526621    18.3600     0.4936     0.1278     0.1269 7.7526e+02     1.5486      0.415      0.602    12.7868 0.0000e+00
      0.424      0.001    11.4381    107.967    125.106  94.520811    18.3600     0.4593     0.1278     0.1269 7.6074e+02     1.4579      0.416      0.603    12.7869 0.0000e+00
      0.424      0.001    11.4348    107.941    125.116  94.518132    18.3600     0.4975     0.1278     0.2961 1.0091e+03     1.4428      0.415      0.603    12.7859 0.0000e+00
      0.423      0.001    11.4327    107.918    125.132  94.521863    18.3600     0.4669     0.1278     0.2961 1.4046e+03     1.3975      0.415      0.602    12.7830 0.0000e+00
      0.423      0.001    11.4315    107.902    125.145  94.525008    18.3600     0.4822     0.1278     0.2961 1.1759e+03     1.5335      0.414      0.601    12.7783 0.0000e+00
      0.423      0.001    11.4301    107.897    125.150  94.520414    18.3600     0.4555     0.1278     0.2961 9.7968e+02     1.4881      0.414      0.601    12.7733 0.0000e+00
      0.424      0.002    11.4284    107.900    125.152  94.510852    18.3600     0.4822     0.1278     0.2961 9.9383e+02     1.5788      0.415      0.603    12.7690 0.0000e+00
      0.425      0.002    11.4268    107.906    125.169  94.509755    18.1800     0.4593     0.1704     0.1692 7.5596e+02     1.4126      0.417      0.605    12.7658 0.0000e+00
      0.426      0.002    11.4258    107.913    125.196  94.516829    18.1800     0.4708     0.1704     0.1692 7.6989e+02     1.5486      0.417      0.606    12.7630 0.0000e+00
      0.426      0.002    11.4261    107.921    125.217  94.521974    18.1800     0.4860     0.1704     0.1692 1.1161e+03     1.5939      0.418      0.606    12.7597 0.0000e+00
      0.426      0.002    11.4276    107.926    125.230  94.522563    18.1800     0.4898     0.1704     0.1692 1.1589e+03     1.3824      0.417      0.606    12.7552 0.0000e+00
      0.426      0.002    11.4296    107.931    125.246  94.526747    18.2700     0.4593     0.0852     0.1692 6.8748e+02     1.5032      0.417      0.605    12.7499 0.0000e+00
      0.426      0.003    11.4317    107.944    125.272  94.539637    18.2700     0.4555     0.0852     0.1692 1.0853e+03     1.8054      0.417      0.606    12.7445 0.0000e+00
      0.427      0.004    11.4337    107.966    125.300  94.552681    18.2700     0.4936     0.0852     0.1692 1.6561e+03     1.7298      0.418      0.607    12.7400 0.0000e+00
      0.429      0.004    11.4352    107.998    125.321  94.561368    18.2700     0.4746     0.0852     0.1692 1.1069e+03     1.6694      0.420      0.610    12.7364 0.0000e+00
      0.431      0.005    11.4366    108.030    125.333  94.564016    18.3600     0.4631     0.1278     0.0846 6.8182e+02     1.6694      0.422      0.613    12.7333 0.0000e+00
      0.432      0.005    11.4386    108.051    125.333  94.561333    18.3600     0.5203     0.1278     0.0846 1.0705e+03     1.2011      0.424      0.615    12.7304 0.0000e+00
      0.433      0.006    11.4418    108.059    125.335  94.564589    18.3600     0.5432     0.1278     0.0846 5.8017e+02     1.2313      0.424      0.615    12.7274 0.0000e+00
      0.433      0.007    11.4460    108.058    125.342  94.574653    18.3600     0.5432     0.1278     0.0846 1.0959e+03     1.1558      0.425      0.616    12.7244 0.0000e+00
      0.434      0.008    11.4500    108.057    125.341  94.578227    18.2700     0.5432     0.0852     0.2961 1.0557e+03     1.2313      0.426      0.618    12.7220 0.0000e+00
      0.437      0.009    11.4525    108.066    125.335  94.576263    18.2700     0.4860     0.0852     0.2961 2.3493e+03     1.4579      0.429      0.622    12.7209 0.0000e+00
      0.441      0.011    11.4531    108.090    125.337  94.580225    18.2700     0.4860     0.0852     0.2961 1.2302e+03     1.4730      0.432      0.626    12.7216 0.0000e+00
      0.444      0.012    11.4525    108.132    125.345  94.591169    18.2700     0.4898     0.0852     0.2961 7.7931e+02     1.5939      0.435      0.631    12.7235 0.0000e+00
      0.447      0.014    11.4520    108.198    125.351  94.604022    18.2700     0.5013     0.0852     0.2961 1.0919e+03     1.4881      0.438      0.635    12.7253 0.0000e+00
      0.450      0.015    11.4526    108.286    125.348  94.610224    18.3600     0.4784     0.1278     0.1692 1.4420e+03     1.4579      0.441      0.640    12.7262 0.0000e+00
      0.454      0.015    11.4550    108.389    125.336  94.607436    18.3600     0.4936     0.1278     0.1692 5.0058e+02     1.4579      0.445      0.645    12.7271 0.0000e+00
      0.458      0.015    11.4590    108.494    125.326  94.602904    18.3600     0.4784     0.1278     0.1692 9.0145e+02     1.4126      0.449      0.652    12.7291 0.0000e+00
      0.463      0.014    11.4651    108.592    125.312  94.595420    18.3600     0.4936     0.1278     0.1692 7.8135e+02     1.5486      0.454      0.658    12.7324 0.0000e+00
      0.466      0.013    11.4735    108.672    125.289  94.582988    18.3600     0.4708     0.0852     0.2115 1.1259e+03     1.5486      0.457      0.663    12.7360 0.0000e+00
      0.469      0.012    11.4837    108.735    125.267  94.574281    18.3600     0.5051     0.0852     0.2115 9.2165e+02     1.5939      0.460      0.667    12.7386 0.0000e+00
      0.471      0.011    11.4945    108.787    125.257  94.574969    18.3600     0.4975     0.0852     0.2115 6.8420e+02     1.4881      0.462      0.670    12.7398 0.0000e+00
      0.474      0.010    11.5046    108.831    125.253  94.577244    18.3600     0.4631     0.0852     0.2115 9.1905e+02     1.4579      0.465      0.674    12.7408 0.0000e+00
      0.477      0.008    11.5126    108.866    125.253  94.577717    18.3600     0.4708     0.1704     0.0423 7.5563e+02     1.2162      0.467      0.678    12.7429 0.0000e+00
      0.479      0.006    11.5185    108.885    125.258  94.580511    18.3600     0.4669     0.1704     0.0423 7.2192e+02     1.3220      0.470      0.682    12.7460 0.0000e+00
      0.481      0.005    11.5231    108.880    125.259  94.582373    18.3600     0.4822     0.1704     0.0423 1.7043e+03     1.3069      0.472      0.685    12.7492 0.0000e+00
      0.482      0.003    11.5272    108.855    125.262  94.587796    18.3600     0.4975     0.1704     0.0423 7.2334e+02     1.2615      0.473      0.685    12.7513 0.0000e+00
      0.481      0.002    11.5308    108.818    125.274  94.602222    18.3600     0.5013     0.1704     0.0423 6.5652e+02     1.2313      0.472      0.684    12.7518 0.0000e+00
      0.481      0.001    11.5329    108.770    125.289  94.617512    18.3600     0.5089     0.1704     0.2538 6.2114e+02     1.2464      0.471      0.684    12.7514 0.0000e+00
      0.481      0.001    11.5324    108.716    125.303  94.629752    18.3600     0.4860     0.1704     0.2538 6.4605e+02     1.1709      0.472      0.684    12.7516 0.0000e+00
      0.482      0.001    11.5294    108.662    125.317  94.638209    18.3600     0.4898     0.1704     0.2538 8.5490e+02     1.2918      0.473      0.685    12.7530 0.0000e+00
      0.483      0.001    11.5250    108.609    125.326  94.641143    18.3600     0.4746     0.1704     0.2538 6.9303e+02     1.5939      0.473      0.686    12.7550 0.0000e+00
      0.483      0.001    11.5195    108.562    125.328  94.639336    18.5400     0.4708     0.1278     0.1692 5.0047e+02     1.4126      0.473      0.687    12.7567 0.0000e+00
      0.482      0.002    11.5135    108.520    125.326  94.636302    18.5400     0.4860     0.1278     0.1692 6.6413e+02     1.4730      0.473      0.686    12.7573 0.0000e+00
      0.482      0.003    11.5080    108.483    125.322  94.635227    18.5400     0.4822     0.1278     0.1692 4.6513e+02     1.6241      0.472      0.685    12.7565 0.0000e+00
      0.482      0.005    11.5028    108.459    125.315  94.631829    18.5400     0.4784     0.1278     0.1692 6.5425e+02     1.4277      0.473      0.685    12.7549 0.0000e+00
      0.484      0.008    11.4982    108.458    125.309  94.629197    18.3600     0.4860     0.0852     0.2538 7.9160e+02     1.5335      0.474      0.688    12.7535 0.0000e+00
      0.486      0.011    11.4938    108.485    125.313  94.634622    18.3600     0.4860     0.0852     0.2538 7.0733e+02     1.5939      0.477      0.692    12.7531 0.0000e+00
      0.489      0.013    11.4898    108.546    125.314  94.637562    18.3600     0.4784     0.0852     0.2538 9.0715e+02     1.4277      0.480      0.696    12.7537 0.0000e+00
      0.493      0.015    11.4871    108.635    125.298  94.626816    18.3600     0.4860     0.0852     0.2538 8.9054e+02     1.6845      0.484      0.702    12.7545 0.0000e+00
      0.498      0.016    11.4867    108.736    125.282  94.615500    18.4500     0.4936     0.1278     0.2115 7.5268e+02     1.4277      0.489      0.709    12.7552 0.0000e+00
      0.503      0.018    11.4893    108.838    125.284  94.616579    18.4500     0.4936     0.1278     0.2115 1.2143e+03     1.5183      0.493      0.715    12.7560 0.0000e+00
      0.507      0.019    11.4956    108.940    125.286  94.618355    18.4500     0.4784     0.1278     0.2115 7.2807e+02     1.4126      0.497      0.721    12.7569 0.0000e+00
      0.511      0.020    11.5049    109.039    125.277  94.613309    18.4500     0.5432     0.1278     0.2115 7.8288e+02     1.4428      0.501      0.727    12.7576 0.0000e+00
      0.516      0.021    11.5155    109.139    125.273  94.612083    18.4500     0.5509     0.1278     0.2115 5.8396e+02     1.5335      0.506      0.734    12.7577 0.0000e+00
      0.522      0.023    11.5263    109.243    125.283  94.618346    18.4500     0.5394     0.0852     0.2115 1.0091e+03     1.5335      0.512      0.743    12.7577 0.0000e+00
      0.529      0.023    11.5370    109.353    125.292  94.621780    18.4500     0.5356     0.0852     0.2115 5.0925e+02     1.5335      0.518      0.752    12.7580 0.0000e+00
      0.535      0.024    11.5473    109.473    125.283  94.611315    18.4500     0.5432     0.0852     0.2115 7.6339e+02     1.7449      0.525      0.762    12.7588 0.0000e+00
      0.542      0.023    11.5578    109.606    125.256  94.588154    18.4500     0.5585     0.0852     0.2115 6.9786e+02     1.7147      0.531      0.770    12.7592 0.0000e+00
      0.547      0.021    11.5689    109.738    125.219  94.558108    18.5400     0.5127     0.1278     0.2115 8.8360e+02     1.6845      0.537      0.779    12.7587 0.0000e+00
      0.553      0.018    11.5809    109.854    125.156  94.509170    18.5400     0.5585     0.1278     0.2115 9.3639e+02     1.7298      0.542      0.786    12.7574 0.0000e+00
      0.557      0.015    11.5941    109.938    125.045  94.424294    18.5400     0.5547     0.1278     0.2115 6.2438e+02     1.4730      0.546      0.793    12.7559 0.0000e+00
      0.561      0.012    11.6084    109.979    124.868  94.288838    18.5400     0.5470     0.1278     0.2115 5.8829e+02     1.5183      0.550      0.798    12.7549 0.0000e+00
      0.563      0.010    11.6226    109.977    124.564  94.058688    18.5400     0.5432     0.1278     0.2961 6.6847e+02     1.4579      0.552      0.801    12.7542 0.0000e+00
      0.564      0.009    11.6350    109.944    124.031  93.656487    18.5400     0.5585     0.1278     0.2961 5.5116e+02     1.5486      0.553      0.803    12.7536 0.0000e+00
      0.565      0.008    11.6441    109.898    123.129  92.974982    18.5400     0.5280     0.1278     0.2961 1.3231e+03     1.4428      0.554      0.804    12.7529 0.0000e+00
      0.567      0.007    11.6486    109.851    121.627  91.840430    18.5400     0.5509     0.1278     0.2961 6.9438e+02     1.4730      0.556      0.807    12.7524 0.0000e+00
      0.570      0.007    11.6484    109.811    119.136  89.958276    18.4500     0.5470     0.0852     0.1269 9.3354e+02     1.5788      0.559      0.811    12.7521 0.0000e+00
      0.572      0.007    11.6450    109.776    114.995  86.830608    18.4500     0.5165     0.0852     0.1269 7.7039e+02     1.5183      0.561      0.814    12.7520 0.0000e+00
      0.574      0.006    11.6401    109.746    108.094  81.619385    18.4500     0.5432     0.0852     0.1269 8.3779e+02     1.4881      0.563      0.817    12.7519 0.0000e+00
      0.575      0.006    11.6352    109.722     96.586  72.930950    18.4500     0.5394     0.0852     0.1269 8.3779e+02     1.5183      0.564      0.818    12.7516 0.0000e+00
      0.576      0.006    11.6312    109.709     77.407  58.452386    18.4500     0.5356     0.0852     0.1269 6.8584e+02     1.5637      0.565      0.819    12.7510 0.0000e+00
      0.577      0.006    11.6276    109.704     45.439  34.318744    18.4500     0.5432     0.1278     0.2538 7.6738e+02     1.4126      0.566      0.821    12.7505 0.0000e+00
