Data/DataNotYetUploadedToEDI/Raw_CTD/RawDownloads/041625_ccr90_S8188003.cnv
* Sea-Bird SBE19plus  Data File:
* FileName = C:\R\Reservoirs\Data\DataNotYetUploadedToEDI\Raw_CTD\RawDownloads\041625_ccr50_S8188_0003.hex
* Software version 2.8.0.119
* Temperature SN = 8188
* Conductivity SN = 8188
* System UpLoad Time = Apr 16 2025 18:05:41
* <ApplicationData>
* <Seaterm232>
# nquan = 16
# nvalues = 1550                        
# units = specified
# name 0 = depFM: Depth [fresh water, m]
# name 1 = dz/dtM: Descent Rate [m/s]
# name 2 = sbeox0Mg/L: Oxygen, SBE 43 [mg/l]
# name 3 = sbeox0PS: Oxygen, SBE 43 [% saturation]
# name 4 = specc: Specific Conductance [uS/cm]
# name 5 = c0uS/cm: Conductivity [uS/cm]
# name 6 = wetCDOM: Fluorescence, WET Labs CDOM [mg/m^3]
# name 7 = flECO-AFL: Fluorescence, WET Labs ECO-AFL/FL [mg/m^3]
# name 8 = flECO-AFL1: Fluorescence, WET Labs ECO-AFL/FL, 2 [mg/m^3]
# name 9 = flECO-AFL2: Fluorescence, WET Labs ECO-AFL/FL, 3 [mg/m^3]
# name 10 = par/sat/log: PAR/Logarithmic, Satlantic
# name 11 = turbWETntu0: Turbidity, WET Labs ECO [NTU]
# name 12 = prdM: Pressure, Strain Gauge [db]
# name 13 = prdE: Pressure, Strain Gauge [psi]
# name 14 = tv290C: Temperature [ITS-90, deg C]
# name 15 = flag:  0.000e+00
# span 0 =     -0.493,      5.447       
# span 1 =     -0.365,      0.186       
# span 2 =     6.4326,    13.1716       
# span 3 =     61.680,    125.809       
# span 4 =   -639.901,    126.868       
# span 5 =-486.951262,  97.640564       
# span 6 =    -4.5000,    40.5000       
# span 7 =    -2.4437,   245.1187       
# span 8 =    -2.1300,     6.0918       
# span 9 =    -4.1454,    12.3939       
# span 10 = 9.8239e+00, 2.8449e+03      
# span 11 =    -8.1951,   970.9887      
# span 12 =     -0.483,      5.342      
# span 13 =     -0.701,      7.748      
# span 14 =    12.2004,    14.0012      
# span 15 = 0.0000e+00, 0.0000e+00      
# interval = seconds: 0.25
# start_time = Apr 16 2025 10:57:29 [Instrument's time stamp, header]
# bad_flag = -9.990e-29
*END*
[from data line 91]
      0.458      0.014     9.3097     91.503    125.989  96.725880    18.1800     0.4784     0.1278     0.2961 6.6370e+02     1.5335      0.449      0.652    13.3873 0.0000e+00
      0.462      0.014     9.3744     91.918    125.969  96.710254    18.1800     0.4669     0.1278     0.2961 4.6655e+02     1.4730      0.453      0.657    13.3859 0.0000e+00
      0.466      0.015     9.4376     92.112    125.959  96.702239    18.1800     0.4708     0.1278     0.1692 5.1840e+02     1.4579      0.457      0.662    13.3848 0.0000e+00
      0.469      0.015     9.4996     91.996    125.953  96.697701    18.1800     0.5051     0.1278     0.1692 5.4545e+02     1.3975      0.460      0.667    13.3841 0.0000e+00
      0.473      0.016     9.5561     91.525    125.952  96.697427    18.1800     0.5394     0.1278     0.1692 4.5911e+02     1.5486      0.464      0.673    13.3835 0.0000e+00
      0.477      0.016     9.5994     90.729    125.961  96.705341    18.1800     0.5432     0.1278     0.1692 3.8761e+02     1.5032      0.468      0.679    13.3831 0.0000e+00
      0.481      0.017     9.6198     89.706    125.974  96.715560    18.0900     0.5356     0.0852     0.2961 7.0887e+02     1.5335      0.472      0.685    13.3830 0.0000e+00
      0.486      0.017     9.6076     88.601    125.977  96.718821    18.0900     0.5394     0.0852     0.2961 6.9953e+02     1.5637      0.477      0.691    13.3831 0.0000e+00
      0.490      0.018     9.5584     87.570    125.972  96.715993    18.0900     0.5280     0.0852     0.2961 4.3987e+02     1.3975      0.481      0.697    13.3833 0.0000e+00
      0.494      0.018     9.4752     86.735    125.965  96.710320    18.0900     0.4784     0.0852     0.2961 5.5682e+02     1.7147      0.485      0.704    13.3836 0.0000e+00
      0.499      0.019     9.3683     86.157    125.957  96.704283    18.0900     0.5280     0.0852     0.2961 4.5061e+02     1.7903      0.489      0.710    13.3840 0.0000e+00
      0.504      0.019     9.2528     85.846    125.957  96.704266    18.1800     0.4784     0.1278     0.2115 4.5583e+02     1.6996      0.494      0.717    13.3843 0.0000e+00
      0.509      0.020     9.1452     85.768    125.966  96.710263    18.1800     0.4708     0.1278     0.2115 4.3578e+02     1.7298      0.499      0.724    13.3845 0.0000e+00
      0.514      0.021     9.0579     85.854    125.974  96.715883    18.1800     0.5776     0.1278     0.2115 6.4943e+02     1.4881      0.504      0.731    13.3846 0.0000e+00
      0.520      0.021     8.9976     86.017    125.973  96.714630    18.1800     0.5509     0.1278     0.2115 6.0792e+02     1.5788      0.509      0.739    13.3846 0.0000e+00
      0.526      0.020     8.9651     86.200    125.963  96.706171    18.2700     0.5280     0.1278     0.2538 7.6972e+02     1.5183      0.515      0.747    13.3845 0.0000e+00
      0.531      0.019     8.9570     86.393    125.959  96.702237    18.2700     0.5280     0.1278     0.2538 5.5682e+02     1.4126      0.521      0.755    13.3844 0.0000e+00
      0.536      0.018     8.9660     86.608    125.969  96.707774    18.2700     0.5585     0.1278     0.2538 7.3013e+02     1.5486      0.526      0.762    13.3841 0.0000e+00
      0.540      0.017     8.9831     86.847    125.980  96.714266    18.2700     0.5127     0.1278     0.2538 6.0792e+02     1.4730      0.530      0.768    13.3838 0.0000e+00
      0.544      0.016     9.0023     87.083    125.992  96.721446    18.3600     0.5318     0.1278     0.1269 1.2829e+03     1.4881      0.533      0.773    13.3834 0.0000e+00
      0.547      0.015     9.0225     87.255    126.013  96.735227    18.3600     0.5432     0.1278     0.1269 9.9968e+02     1.4579      0.537      0.778    13.3830 0.0000e+00
      0.551      0.015     9.0451     87.298    126.042  96.755286    18.3600     0.5013     0.1278     0.1269 6.6601e+02     1.4579      0.540      0.783    13.3824 0.0000e+00
      0.554      0.016     9.0702     87.168    126.070  96.774984    18.3600     0.5470     0.1278     0.1269 1.5338e+03     1.5637      0.544      0.789    13.3817 0.0000e+00
      0.559      0.018     9.0950     86.857    126.088  96.787584    18.1800     0.5432     0.0852     0.1692 7.2004e+02     1.5032      0.548      0.795    13.3808 0.0000e+00
      0.563      0.019     9.1132     86.397    126.101  96.796448    18.1800     0.5318     0.0852     0.1692 6.5795e+02     1.5183      0.552      0.801    13.3799 0.0000e+00
      0.568      0.021     9.1178     85.855    126.118  96.807934    18.1800     0.5356     0.0852     0.1692 7.5497e+02     1.5183      0.557      0.808    13.3790 0.0000e+00
      0.574      0.023     9.1044     85.310    126.141  96.825105    18.1800     0.5509     0.0852     0.1692 1.3584e+03     1.5486      0.563      0.816    13.3782 0.0000e+00
      0.580      0.025     9.0720     84.826    126.172  96.848544    18.1800     0.5394     0.0852     0.1692 7.5975e+02     1.4881      0.568      0.825    13.3776 0.0000e+00
      0.586      0.028     9.0240     84.432    126.188  96.860524    18.3600     0.5280     0.1278     0.2115 6.8153e+02     1.4579      0.575      0.834    13.3771 0.0000e+00
      0.594      0.031     8.9675     84.114    126.178  96.852250    18.3600     0.5509     0.1278     0.2115 1.0717e+03     1.4277      0.582      0.845    13.3768 0.0000e+00
      0.602      0.034     8.9107     83.824    126.185  96.857483    18.3600     0.5280     0.1278     0.2115 7.0979e+02     1.4277      0.590      0.856    13.3765 0.0000e+00
      0.611      0.037     8.8602     83.512    126.242  96.901596    18.3600     0.5394     0.1278     0.2115 9.7883e+02     1.5486      0.599      0.869    13.3762 0.0000e+00
      0.621      0.040     8.8191     83.134    126.328  96.968378    18.2700     0.5432     0.1278     0.1692 8.6762e+02     1.5183      0.609      0.883    13.3761 0.0000e+00
      0.632      0.041     8.7859     82.660    126.410  97.031678    18.2700     0.5356     0.1278     0.1692 1.1741e+03     1.6996      0.620      0.899    13.3760 0.0000e+00
      0.644      0.042     8.7556     82.080    126.466  97.076407    18.2700     0.5509     0.1278     0.1692 7.4051e+02     1.7449      0.631      0.916    13.3760 0.0000e+00
      0.656      0.041     8.7230     81.394    126.492  97.098508    18.2700     0.5356     0.1278     0.1692 7.8407e+02     1.7752      0.643      0.932    13.3761 0.0000e+00
      0.667      0.039     8.6834     80.609    126.506  97.111865    18.4500     0.5432     0.1278     0.3384 7.6871e+02     1.7147      0.654      0.948    13.3763 0.0000e+00
      0.676      0.037     8.6339     79.751    126.527  97.132031    18.4500     0.5394     0.1278     0.3384 9.2045e+02     1.6845      0.663      0.962    13.3766 0.0000e+00
      0.685      0.035     8.5732     78.856    126.558  97.160387    18.4500     0.5509     0.1278     0.3384 8.9929e+02     1.7449      0.672      0.974    13.3771 0.0000e+00
      0.693      0.032     8.5014     77.971    126.603  97.200498    18.4500     0.5318     0.1278     0.3384 8.4126e+02     1.6996      0.679      0.985    13.3779 0.0000e+00
      0.700      0.030     8.4192     77.136    126.653  97.245077    18.4500     0.5470     0.1278     0.3384 8.4108e+02     1.7147      0.687      0.996    13.3791 0.0000e+00
      0.708      0.027     8.3293     76.377    126.687  97.278037    18.4500     0.5318     0.1278     0.1692 7.0995e+02     1.4881      0.694      1.007    13.3807 0.0000e+00
      0.715      0.024     8.2355     75.707    126.706  97.302175    18.4500     0.5280     0.1278     0.1692 7.6505e+02     1.5183      0.701      1.017    13.3826 0.0000e+00
      0.722      0.020     8.1427     75.123    126.713  97.319929    18.4500     0.5394     0.1278     0.1692 8.8591e+02     1.4428      0.708      1.027    13.3847 0.0000e+00
      0.727      0.017     8.0550     74.608    126.706  97.328044    18.4500     0.5509     0.1278     0.1692 6.7475e+02     1.4579      0.713      1.034    13.3871 0.0000e+00
      0.730      0.013     7.9753     74.152    126.701  97.336676    18.5400     0.6005     0.1278     0.2961 7.9074e+02     1.3069      0.716      1.038    13.3900 0.0000e+00
      0.732      0.009     7.9047     73.748    126.706  97.352123    18.5400     0.5699     0.1278     0.2961 6.9620e+02     1.2011      0.718      1.042    13.3937 0.0000e+00
      0.734      0.006     7.8428     73.382    126.717  97.370514    18.5400     0.5661     0.1278     0.2961 1.4502e+03     1.1709      0.720      1.044    13.3984 0.0000e+00
      0.735      0.004     7.7882     73.049    126.735  97.392756    18.5400     0.5776     0.1278     0.2961 7.1180e+02     1.3522      0.721      1.045    13.4037 0.0000e+00
      0.736      0.002     7.7397     72.748    126.757  97.416788    18.3600     0.5203     0.1278     0.0846 7.4422e+02     1.4881      0.721      1.046    13.4088 0.0000e+00
      0.736      0.001     7.6967     72.472    126.769  97.433034    18.3600     0.5165     0.1278     0.0846 6.3671e+02     1.5183      0.722      1.047    13.4133 0.0000e+00
      0.736      0.001     7.6578     72.215    126.772  97.441828    18.3600     0.5432     0.1278     0.0846 1.0179e+03     1.4277      0.722      1.047    13.4171 0.0000e+00
      0.736      0.001     7.6225     71.966    126.780  97.453511    18.3600     0.5547     0.1278     0.0846 8.1216e+02     1.5183      0.722      1.047    13.4204 0.0000e+00
      0.736      0.002     7.5906     71.714    126.803  97.475192    18.4500     0.5280     0.1278     0.0846 6.1764e+02     1.5183      0.722      1.047    13.4233 0.0000e+00
      0.736      0.003     7.5614     71.456    126.836  97.504662    18.4500     0.5318     0.1278     0.0846 1.0248e+03     1.4126      0.722      1.047    13.4261 0.0000e+00
      0.737      0.004     7.5341     71.197    126.864  97.529796    18.4500     0.5280     0.1278     0.0846 8.0303e+02     1.5486      0.723      1.048    13.4286 0.0000e+00
      0.738      0.005     7.5078     70.946    126.868  97.537317    18.4500     0.5623     0.1278     0.0846 1.0559e+03     1.4579      0.724      1.050    13.4307 0.0000e+00
      0.740      0.007     7.4812     70.711    126.837  97.517240    18.4500     0.5470     0.1278     0.0846 7.8697e+02     1.6543      0.726      1.053    13.4324 0.0000e+00
      0.742      0.009     7.4540     70.497    126.774  97.472205    18.5400     0.4975     0.1278     0.1269 1.0391e+03     1.5183      0.727      1.055    13.4339 0.0000e+00
      0.744      0.011     7.4268     70.307    126.724  97.436160    18.5400     0.5509     0.1278     0.1269 7.5121e+02     1.4881      0.729      1.058    13.4355 0.0000e+00
      0.746      0.013     7.4004     70.152    126.728  97.441455    18.5400     0.5280     0.1278     0.1269 7.6272e+02     1.5183      0.732      1.062    13.4371 0.0000e+00
      0.750      0.014     7.3756     70.043    126.763  97.471518    18.5400     0.5699     0.1278     0.1269 7.1801e+02     1.4881      0.735      1.066    13.4386 0.0000e+00
      0.754      0.015     7.3531     69.972    126.790  97.496401    18.4500     0.5928     0.1278     0.1692 8.5825e+02     1.4277      0.740      1.073    13.4398 0.0000e+00
      0.759      0.016     7.3331     69.921    126.806  97.514748    18.4500     0.5852     0.1278     0.1692 7.6555e+02     1.5335      0.745      1.080    13.4409 0.0000e+00
      0.764      0.015     7.3167     69.873    126.823  97.535446    18.4500     0.5928     0.1278     0.1692 6.7725e+02     1.5032      0.749      1.087    13.4419 0.0000e+00
      0.768      0.014     7.3051     69.822    126.835  97.556023    18.4500     0.5776     0.1278     0.1692 8.6800e+02     1.2162      0.753      1.093    13.4432 0.0000e+00
      0.771      0.013     7.2976     69.781    126.830  97.565981    18.6300     0.5928     0.1278     0.2538 7.1723e+02     1.3371      0.756      1.097    13.4448 0.0000e+00
      0.774      0.011     7.2919     69.777    126.804  97.559984    18.6300     0.6005     0.1278     0.2538 1.0117e+03     1.4277      0.759      1.101    13.4471 0.0000e+00
      0.777      0.010     7.2863     69.870    126.768  97.544425    18.6300     0.5661     0.1278     0.2538 7.6555e+02     1.2464      0.761      1.104    13.4502 0.0000e+00
      0.779      0.009     7.2803     70.166    126.734  97.527145    18.6300     0.5623     0.1278     0.2538 1.5242e+03     1.5335      0.763      1.107    13.4546 0.0000e+00
      0.781      0.008     7.2751     70.848    126.706  97.511529    18.4500     0.6119     0.1278     0.0846 7.0887e+02     1.6241      0.765      1.110    13.4600 0.0000e+00
      0.782      0.008     7.2739     72.171    126.689  97.501406    18.4500     0.6233     0.1278     0.0846 9.2265e+02     1.5939      0.767      1.113    13.4657 0.0000e+00
      0.784      0.009     7.2828     74.336    126.689  97.502070    18.4500     0.5928     0.1278     0.0846 9.6280e+02     1.4730      0.769      1.116    13.4705 0.0000e+00
      0.787      0.010     7.3130     77.311    126.711  97.517693    18.4500     0.5509     0.1278     0.0846 6.2452e+02     1.8356      0.771      1.119    13.4740 0.0000e+00
      0.789      0.011     7.3838     80.793    126.748  97.544449    18.4500     0.5356     0.1278     0.0846 7.0472e+02     1.8205      0.774      1.122    13.4762 0.0000e+00
      0.792      0.011     7.5214     84.333    126.783  97.569490    18.5400     0.5318     0.1278     0.2538 8.2515e+02     1.6241      0.776      1.126    13.4773 0.0000e+00
      0.795      0.011     7.7471     87.465    126.803  97.583509    18.5400     0.5394     0.1278     0.2538 8.7216e+02     1.8054      0.779      1.131    13.4776 0.0000e+00
      0.798      0.011     8.0572     89.795    126.813  97.590245    18.5400     0.5890     0.1278     0.2538 8.2982e+02     1.5939      0.783      1.135    13.4772 0.0000e+00
      0.801      0.010     8.4202     91.066    126.821  97.595490    18.5400     0.5966     0.1278     0.2538 8.5378e+02     1.4579      0.786      1.139    13.4765 0.0000e+00
      0.803      0.009     8.7893     91.189    126.823  97.596645    18.5400     0.5814     0.0852     0.3384 8.5267e+02     1.5788      0.788      1.143    13.4758 0.0000e+00
      0.805      0.007     9.1158     90.273    126.808  97.586027    18.5400     0.6005     0.0852     0.3384 9.4395e+02     1.5486      0.790      1.145    13.4752 0.0000e+00
      0.807      0.006     9.3587     88.611    126.779  97.564799    18.5400     0.6005     0.0852     0.3384 7.4958e+02     1.5637      0.791      1.148    13.4748 0.0000e+00
      0.808      0.005     9.4912     86.555    126.754  97.547284    18.5400     0.5928     0.0852     0.3384 6.0633e+02     1.3975      0.793      1.150    13.4746 0.0000e+00
      0.809      0.004     9.5041     84.402    126.749  97.544797    18.5400     0.6081     0.1704     0.1692 6.5538e+02     1.5939      0.794      1.151    13.4745 0.0000e+00
      0.810      0.003     9.4086     82.351    126.762  97.556673    18.5400     0.5928     0.1704     0.1692 9.2005e+02     1.5486      0.794      1.152    13.4747 0.0000e+00
      0.810      0.002     9.2352     80.509    126.783  97.574092    18.5400     0.6043     0.1704     0.1692 7.4942e+02     1.5486      0.794      1.152    13.4751 0.0000e+00
      0.811      0.001     9.0209     78.907    126.795  97.585712    18.5400     0.5776     0.1704     0.1692 1.5028e+03     1.5939      0.795      1.153    13.4758 0.0000e+00
      0.811      0.001     8.7963     77.534    126.798  97.590635    18.5400     0.5966     0.1704     0.1692 9.7099e+02     1.4579      0.795      1.153    13.4764 0.0000e+00
      0.811      0.000     8.5824     76.365    126.805  97.598169    18.6300     0.5699     0.1704     0.2538 1.0119e+03     1.4579      0.795      1.154    13.4769 0.0000e+00
