Data/DataNotYetUploadedToEDI/Raw_CTD/RawDownloads/041625_ccr50_S8188001.cnv
* Sea-Bird SBE19plus  Data File:
* FileName = C:\R\Reservoirs\Data\DataNotYetUploadedToEDI\Raw_CTD\RawDownloads\041625_ccr50_S8188_0001.hex
* Software version 2.8.0.119
* Temperature SN = 8188
* Conductivity SN = 8188
* System UpLoad Time = Apr 16 2025 18:04:54
* <ApplicationData>
* <Seaterm232>
# nquan = 16
# nvalues = 2676                        
# units = specified
# name 0 = depFM: Depth [fresh water, m]
# name 1 = dz/dtM: Descent Rate [m/s]
# name 2 = sbeox0Mg/L: Oxygen, SBE 43 [mg/l]
# name 3 = sbeox0PS: Oxygen, SBE 43 [% saturation]
# name 4 = specc: Specific Conductance [uS/cm]
# name 5 = c0uS/cm: Conductivity [uS/cm]
# name 6 = wetCDOM: Fluorescence, WET Labs CDOM [mg/m^3]
# name 7 = flECO-AFL: Fluorescence, WET Labs ECO-AFL/FL [mg/m^3]
# name 8 = flECO-AFL1: Fluorescence, WET Labs ECO-AFL/FL, 2 [mg/m^3]
# name 9 = flECO-AFL2: Fluorescence, WET Labs ECO-AFL/FL, 3 [mg/m^3]
# name 10 = par/sat/log: PAR/Logarithmic, Satlantic
# name 11 = turbWETntu0: Turbidity, WET Labs ECO [NTU]
# name 12 = prdM: Pressure, Strain Gauge [db]
# name 13 = prdE: Pressure, Strain Gauge [psi]
# name 14 = tv290C: Temperature [ITS-90, deg C]
# name 15 = flag:  0.000e+00
# span 0 =     -0.489,     21.794       
# span 1 =     -0.479,      0.181       
# span 2 =     6.8731,    12.6101       
# span 3 =     65.918,    121.425       
# span 4 =   -733.768,    130.381       
# span 5 =-494.541935,  97.512951       
# span 6 =    -4.5000,    25.4700       
# span 7 =    -1.1925,    15.7946       
# span 8 =    -2.5986,     3.1950       
# span 9 =   -18.3582,     2.2842       
# span 10 = 1.1580e-01, 2.5322e+03      
# span 11 =    -2.2432,   165.6799      
# span 12 =     -0.479,     21.373      
# span 13 =     -0.695,     30.999      
# span 14 =     8.3625,    13.6454      
# span 15 = 0.0000e+00, 0.0000e+00      
# interval = seconds: 0.25
# start_time = Apr 16 2025 09:55:23 [Instrument's time stamp, header]
# bad_flag = -9.990e-29
*END*
[from data line 1266]
      3.955      0.028    10.7318    103.248    126.008  97.381951    18.4500     1.6419     0.1278     0.3807 8.4059e+01     1.1558      3.879      5.625    13.6379 0.0000e+00
      3.963      0.030    10.7270    103.274    125.996  97.373176    18.4500     1.5503     0.1278     0.3807 8.3079e+01     1.2918      3.886      5.636    13.6379 0.0000e+00
      3.971      0.032    10.7233    103.316    125.975  97.356983    18.4500     1.5770     0.1278     0.3807 8.1753e+01     1.1860      3.894      5.648    13.6379 0.0000e+00
      3.980      0.034    10.7215    103.361    125.945  97.333050    18.4500     1.5580     0.1278     0.3807 8.1470e+01     1.2313      3.903      5.660    13.6379 0.0000e+00
      3.989      0.036    10.7220    103.397    125.911  97.306986    18.4500     1.5656     0.1278     0.4230 8.2003e+01     1.2615      3.912      5.673    13.6380 0.0000e+00
      3.998      0.037    10.7248    103.420    125.900  97.297814    18.4500     1.6152     0.1278     0.4230 8.1399e+01     1.2615      3.921      5.687    13.6380 0.0000e+00
      4.008      0.037    10.7291    103.436    125.914  97.309085    18.4500     1.6152     0.1278     0.4230 8.0292e+01     1.1860      3.930      5.701    13.6380 0.0000e+00
      4.018      0.036    10.7338    103.449    125.920  97.313830    18.4500     1.6152     0.1278     0.4230 7.8175e+01     1.2918      3.940      5.715    13.6380 0.0000e+00
      4.027      0.035    10.7375    103.460    125.922  97.315313    18.4500     1.6228     0.1278     0.3384 7.8720e+01     1.2615      3.950      5.728    13.6379 0.0000e+00
      4.036      0.035    10.7399    103.467    125.930  97.321923    18.4500     1.5847     0.1278     0.3384 7.9080e+01     1.2464      3.958      5.741    13.6378 0.0000e+00
      4.044      0.035    10.7416    103.459    125.937  97.327429    18.4500     1.5580     0.1278     0.3384 7.8447e+01     1.3220      3.966      5.752    13.6377 0.0000e+00
      4.052      0.036    10.7430    103.420    125.950  97.337296    18.4500     1.5580     0.1278     0.3384 7.8328e+01     1.2766      3.974      5.764    13.6377 0.0000e+00
      4.061      0.039    10.7441    103.352    125.977  97.358152    18.4500     1.5923     0.1278     0.3807 7.8635e+01     1.2011      3.982      5.776    13.6378 0.0000e+00
      4.070      0.043    10.7448    103.260    126.010  97.383569    18.4500     1.6762     0.1278     0.3807 7.8379e+01     1.7449      3.992      5.789    13.6379 0.0000e+00
      4.081      0.047    10.7439    103.163    126.027  97.396347    18.4500     1.6953     0.1278     0.3807 7.7717e+01     1.8205      4.003      5.805    13.6379 0.0000e+00
      4.095      0.050    10.7399    103.078    126.021  97.391900    18.4500     1.6953     0.1278     0.3807 7.6444e+01     1.8809      4.016      5.824    13.6380 0.0000e+00
      4.110      0.053    10.7328    103.017    126.002  97.377037    18.4500     1.6953     0.1278     0.3807 7.3736e+01     1.7903      4.030      5.845    13.6379 0.0000e+00
      4.125      0.054    10.7233    102.990    125.985  97.363777    18.5400     1.6152     0.1278     0.4230 7.3130e+01     1.2615      4.045      5.867    13.6379 0.0000e+00
      4.139      0.053    10.7132    103.005    125.981  97.360575    18.5400     1.6304     0.1278     0.4230 7.3800e+01     1.2615      4.059      5.887    13.6378 0.0000e+00
      4.152      0.052    10.7045    103.058    125.994  97.370572    18.5400     1.6304     0.1278     0.4230 7.3608e+01     1.2011      4.072      5.906    13.6378 0.0000e+00
      4.165      0.050    10.6982    103.137    126.017  97.388442    18.5400     1.6075     0.1278     0.4230 7.2261e+01     1.2162      4.084      5.924    13.6377 0.0000e+00
      4.177      0.048    10.6954    103.221    126.010  97.382982    18.4500     1.6304     0.1278     0.3384 7.1325e+01     1.2918      4.096      5.941    13.6377 0.0000e+00
      4.189      0.047    10.6969    103.292    125.973  97.354736    18.4500     1.6228     0.1278     0.3384 7.1947e+01     1.3371      4.108      5.958    13.6377 0.0000e+00
      4.200      0.047    10.7024    103.346    125.970  97.352119    18.4500     1.6228     0.1278     0.3384 7.1916e+01     1.2011      4.119      5.974    13.6377 0.0000e+00
      4.211      0.048    10.7106    103.384    125.999  97.374434    18.4500     1.6304     0.1278     0.3384 7.1558e+01     1.3069      4.130      5.990    13.6377 0.0000e+00
      4.223      0.051    10.7193    103.407    125.995  97.371683    18.4500     1.6457     0.1278     0.4653 7.1558e+01     1.2918      4.141      6.006    13.6377 0.0000e+00
      4.236      0.054    10.7266    103.416    125.958  97.343132    18.4500     1.6304     0.1278     0.4653 7.0692e+01     1.4277      4.154      6.025    13.6378 0.0000e+00
      4.250      0.057    10.7322    103.415    125.927  97.319132    18.4500     1.6190     0.1278     0.4653 6.9459e+01     1.2313      4.168      6.045    13.6378 0.0000e+00
      4.266      0.060    10.7362    103.408    125.919  97.313265    18.4500     1.6304     0.1278     0.4653 6.8634e+01     1.3069      4.183      6.068    13.6378 0.0000e+00
      4.282      0.062    10.7385    103.400    125.938  97.327963    18.4500     1.6343     0.1278     0.4653 6.8128e+01     1.5032      4.199      6.091    13.6378 0.0000e+00
      4.298      0.063    10.7395    103.390    125.955  97.341170    18.4500     1.6381     0.1278     0.4653 6.6635e+01     1.5486      4.215      6.114    13.6378 0.0000e+00
      4.315      0.062    10.7394    103.373    125.951  97.338423    18.4500     1.6419     0.1278     0.4653 6.6130e+01     1.5032      4.232      6.138    13.6378 0.0000e+00
      4.332      0.061    10.7387    103.351    125.949  97.336973    18.4500     1.6304     0.1278     0.4653 6.5005e+01     1.4881      4.248      6.162    13.6379 0.0000e+00
      4.348      0.058    10.7378    103.325    125.967  97.350422    18.4500     1.6343     0.1278     0.4653 6.4218e+01     1.2464      4.263      6.184    13.6379 0.0000e+00
      4.362      0.055    10.7368    103.289    125.974  97.356378    18.4500     1.6304     0.1278     0.5499 6.3386e+01     1.2464      4.278      6.205    13.6379 0.0000e+00
      4.375      0.052    10.7351    103.236    125.954  97.340446    18.4500     1.6419     0.1278     0.5499 6.4107e+01     1.1860      4.291      6.223    13.6380 0.0000e+00
      4.388      0.049    10.7328    103.169    125.938  97.328349    18.4500     1.6266     0.1278     0.5499 6.3926e+01     1.2313      4.303      6.241    13.6380 0.0000e+00
      4.399      0.047    10.7301    103.098    125.941  97.330849    18.4500     1.6343     0.1278     0.5499 6.3125e+01     1.4126      4.314      6.257    13.6380 0.0000e+00
      4.411      0.046    10.7263    103.041    125.962  97.346614    18.4500     1.6419     0.1704     0.2961 6.3208e+01     1.5183      4.326      6.274    13.6380 0.0000e+00
      4.422      0.046    10.7208    103.021    125.984  97.363861    18.4500     1.6266     0.1704     0.2961 6.2416e+01     1.4730      4.337      6.290    13.6380 0.0000e+00
      4.434      0.047    10.7138    103.053    125.991  97.369208    18.4500     1.6304     0.1704     0.2961 6.1862e+01     1.3975      4.348      6.307    13.6380 0.0000e+00
      4.446      0.048    10.7064    103.136    126.003  97.378067    18.4500     1.6495     0.1704     0.2961 6.2240e+01     1.3220      4.360      6.324    13.6380 0.0000e+00
      4.458      0.050    10.7006    103.251    126.024  97.394798    18.4500     1.6343     0.0852     0.4230 6.1701e+01     1.2162      4.372      6.341    13.6380 0.0000e+00
      4.471      0.051    10.6984    103.373    126.028  97.397887    18.4500     1.6266     0.0852     0.4230 6.1141e+01     1.2918      4.384      6.359    13.6380 0.0000e+00
      4.484      0.051    10.7017    103.475    126.000  97.376168    18.4500     1.6228     0.0852     0.4230 6.0192e+01     1.1407      4.398      6.379    13.6380 0.0000e+00
      4.498      0.051    10.7104    103.536    125.963  97.347829    18.4500     1.6381     0.0852     0.4230 5.9283e+01     1.5486      4.411      6.399    13.6380 0.0000e+00
      4.512      0.051    10.7223    103.546    125.934  97.325292    18.4500     1.6304     0.0852     0.4653 5.9064e+01     1.5335      4.425      6.418    13.6380 0.0000e+00
      4.525      0.049    10.7350    103.513    125.915  97.310542    18.4500     1.6304     0.0852     0.4653 5.8783e+01     1.4428      4.438      6.437    13.6380 0.0000e+00
      4.537      0.047    10.7456    103.450    125.901  97.299646    18.4500     1.6343     0.0852     0.4653 5.8604e+01     1.4579      4.450      6.454    13.6380 0.0000e+00
      4.549      0.044    10.7519    103.378    125.880  97.283702    18.4500     1.6304     0.0852     0.4653 5.7870e+01     1.2313      4.461      6.470    13.6381 0.0000e+00
      4.560      0.042    10.7529    103.319    125.855  97.264454    18.4500     1.6304     0.0852     0.4653 5.7582e+01     1.1558      4.472      6.486    13.6381 0.0000e+00
      4.570      0.040    10.7494    103.281    125.840  97.252754    18.4500     1.6190     0.1278     0.3384 5.7707e+01     1.3220      4.482      6.500    13.6381 0.0000e+00
      4.580      0.038    10.7429    103.254    125.859  97.267461    18.4500     1.6228     0.1278     0.3384 5.7369e+01     1.2766      4.491      6.514    13.6381 0.0000e+00
      4.590      0.037    10.7355    103.224    125.907  97.304506    18.4500     1.6228     0.1278     0.3384 5.6786e+01     1.2766      4.500      6.528    13.6381 0.0000e+00
      4.599      0.035    10.7294    103.172    125.950  97.337800    18.4500     1.6877     0.1278     0.3384 5.6246e+01     1.3069      4.509      6.541    13.6381 0.0000e+00
      4.607      0.034    10.7254    103.094    125.961  97.346248    18.4500     1.6953     0.1278     0.4230 5.6528e+01     1.2766      4.518      6.553    13.6381 0.0000e+00
      4.616      0.033    10.7226    103.006    125.938  97.328107    18.4500     1.6991     0.1278     0.4230 5.6405e+01     1.3069      4.526      6.565    13.6381 0.0000e+00
      4.624      0.033    10.7194    102.936    125.899  97.298522    18.4500     1.6877     0.1278     0.4230 5.6100e+01     1.2766      4.534      6.577    13.6381 0.0000e+00
      4.632      0.034    10.7140    102.906    125.875  97.279575    18.4500     1.6381     0.1278     0.4230 5.5893e+01     1.2615      4.542      6.589    13.6381 0.0000e+00
      4.640      0.034    10.7059    102.926    125.889  97.290191    18.4500     1.6724     0.1278     0.3384 5.5759e+01     1.2162      4.550      6.601    13.6381 0.0000e+00
      4.649      0.035    10.6969    102.993    125.924  97.317216    18.4500     1.6266     0.1278     0.3384 5.5844e+01     1.2313      4.559      6.613    13.6381 0.0000e+00
      4.658      0.037    10.6896    103.091    125.943  97.331890    18.4500     1.6190     0.1278     0.3384 5.5013e+01     1.1709      4.568      6.626    13.6380 0.0000e+00
      4.668      0.039    10.6865    103.195    125.927  97.320143    18.4500     1.6343     0.1278     0.3384 5.5121e+01     1.2918      4.577      6.639    13.6380 0.0000e+00
      4.678      0.041    10.6885    103.285    125.902  97.300822    18.4500     1.6228     0.1278     0.3384 5.4989e+01     1.2615      4.587      6.653    13.6380 0.0000e+00
      4.688      0.043    10.6955    103.348    125.918  97.312734    18.4500     1.6228     0.1278     0.3807 5.4206e+01     1.2766      4.598      6.668    13.6380 0.0000e+00
      4.700      0.045    10.7057    103.378    125.963  97.347066    18.4500     1.6495     0.1278     0.3807 5.4077e+01     1.1407      4.609      6.684    13.6380 0.0000e+00
      4.711      0.046    10.7165    103.377    125.997  97.373010    18.4500     1.6381     0.1278     0.3807 5.3702e+01     1.4277      4.620      6.701    13.6380 0.0000e+00
      4.724      0.047    10.7258    103.356    126.010  97.383498    18.4500     1.6419     0.1278     0.3807 5.3145e+01     1.5486      4.632      6.719    13.6380 0.0000e+00
      4.737      0.046    10.7324    103.326    126.007  97.381326    18.5400     1.6495     0.1278     0.4230 5.1844e+01     1.4881      4.645      6.737    13.6380 0.0000e+00
      4.749      0.043    10.7355    103.297    126.003  97.377905    18.5400     1.6381     0.1278     0.4230 5.0829e+01     1.4881      4.657      6.755    13.6379 0.0000e+00
      4.761      0.040    10.7354    103.277    126.014  97.386309    18.5400     1.7105     0.1278     0.4230 5.1195e+01     1.4730      4.669      6.771    13.6379 0.0000e+00
      4.770      0.036    10.7333    103.273    126.035  97.402784    18.5400     1.6991     0.1278     0.4230 5.1373e+01     1.4126      4.678      6.784    13.6378 0.0000e+00
      4.778      0.032    10.7302    103.280    126.034  97.401751    18.5400     1.7182     0.1278     0.4230 5.0962e+01     1.5335      4.686      6.796    13.6378 0.0000e+00
      4.785      0.029    10.7271    103.288    126.012  97.384934    18.5400     1.7067     0.1278     0.4230 5.0576e+01     1.4579      4.693      6.806    13.6378 0.0000e+00
      4.791      0.026    10.7251    103.290    125.990  97.367828    18.5400     1.6266     0.1278     0.4230 5.0995e+01     1.2615      4.699      6.815    13.6378 0.0000e+00
      4.797      0.024    10.7247    103.282    125.967  97.349870    18.5400     1.5999     0.1278     0.4230 5.1262e+01     1.2162      4.705      6.823    13.6377 0.0000e+00
      4.803      0.024    10.7254    103.269    125.952  97.338259    18.4500     1.6343     0.0852     0.3807 5.0896e+01     1.2313      4.710      6.831    13.6377 0.0000e+00
      4.809      0.023    10.7262    103.258    125.952  97.337891    18.4500     1.6190     0.0852     0.3807 5.0106e+01     1.2918      4.716      6.839    13.6378 0.0000e+00
      4.815      0.023    10.7265    103.251    125.976  97.356661    18.4500     1.6571     0.0852     0.3807 5.0051e+01     1.2615      4.722      6.848    13.6378 0.0000e+00
      4.821      0.023    10.7257    103.250    126.021  97.391583    18.4500     1.6381     0.0852     0.3807 5.0149e+01     1.2615      4.728      6.856    13.6377 0.0000e+00
      4.827      0.023    10.7243    103.261    126.068  97.427989    18.4500     1.6343     0.0852     0.3807 4.9823e+01     1.2918      4.733      6.865    13.6377 0.0000e+00
      4.832      0.023    10.7232    103.282    126.109  97.459603    18.4500     1.6152     0.1278     0.3384 4.9737e+01     1.2011      4.739      6.873    13.6377 0.0000e+00
      4.838      0.022    10.7224    103.295    126.129  97.474874    18.4500     1.6877     0.1278     0.3384 4.9575e+01     1.5335      4.745      6.882    13.6377 0.0000e+00
      4.844      0.022    10.7223    103.286    126.128  97.473878    18.4500     1.6915     0.1278     0.3384 4.9435e+01     1.4277      4.750      6.890    13.6377 0.0000e+00
      4.850      0.021    10.7235    103.249    126.111  97.460344    18.4500     1.6953     0.1278     0.3384 4.8890e+01     1.5335      4.756      6.898    13.6377 0.0000e+00
      4.855      0.020    10.7256    103.187    126.067  97.426669    18.4500     1.6953     0.0852     0.3384 4.8625e+01     1.5183      4.761      6.905    13.6377 0.0000e+00
      4.859      0.019    10.7269    103.122    126.012  97.383854    18.4500     1.7067     0.0852     0.3384 4.8922e+01     1.2162      4.765      6.912    13.6376 0.0000e+00
      4.864      0.019    10.7260    103.074    125.971  97.352451    18.4500     1.6762     0.0852     0.3384 4.8975e+01     1.1860      4.770      6.918    13.6376 0.0000e+00
      4.868      0.019    10.7222    103.057    125.950  97.336076    18.4500     1.6877     0.0852     0.3384 4.8425e+01     1.1860      4.774      6.924    13.6376 0.0000e+00
