Data/DataNotYetUploadedToEDI/Raw_CTD/RawDownloads/041625_ccr90_S8188003.cnv
* Sea-Bird SBE19plus  Data File:
* FileName = C:\R\Reservoirs\Data\DataNotYetUploadedToEDI\Raw_CTD\RawDownloads\041625_ccr50_S8188_0003.hex
* Software version 2.8.0.119
* Temperature SN = 8188
* Conductivity SN = 8188
* System UpLoad Time = Apr 16 2025 18:05:41
* <ApplicationData>
* <Seaterm232>
# nquan = 16
# nvalues = 1550                        
# units = specified
# name 0 = depFM: Depth [fresh water, m]
# name 1 = dz/dtM: Descent Rate [m/s]
# name 2 = sbeox0Mg/L: Oxygen, SBE 43 [mg/l]
# name 3 = sbeox0PS: Oxygen, SBE 43 [% saturation]
# name 4 = specc: Specific Conductance [uS/cm]
# name 5 = c0uS/cm: Conductivity [uS/cm]
# name 6 = wetCDOM: Fluorescence, WET Labs CDOM [mg/m^3]
# name 7 = flECO-AFL: Fluorescence, WET Labs ECO-AFL/FL [mg/m^3]
# name 8 = flECO-AFL1: Fluorescence, WET Labs ECO-AFL/FL, 2 [mg/m^3]
# name 9 = flECO-AFL2: Fluorescence, WET Labs ECO-AFL/FL, 3 [mg/m^3]
# name 10 = par/sat/log: PAR/Logarithmic, Satlantic
# name 11 = turbWETntu0: Turbidity, WET Labs ECO [NTU]
# name 12 = prdM: Pressure, Strain Gauge [db]
# name 13 = prdE: Pressure, Strain Gauge [psi]
# name 14 = tv290C: Temperature [ITS-90, deg C]
# name 15 = flag:  0.000e+00
# span 0 =     -0.493,      5.447       
# span 1 =     -0.365,      0.186       
# span 2 =     6.4326,    13.1716       
# span 3 =     61.680,    125.809       
# span 4 =   -639.901,    126.868       
# span 5 =-486.951262,  97.640564       
# span 6 =    -4.5000,    40.5000       
# span 7 =    -2.4437,   245.1187       
# span 8 =    -2.1300,     6.0918       
# span 9 =    -4.1454,    12.3939       
# span 10 = 9.8239e+00, 2.8449e+03      
# span 11 =    -8.1951,   970.9887      
# span 12 =     -0.483,      5.342      
# span 13 =     -0.701,      7.748      
# span 14 =    12.2004,    14.0012      
# span 15 = 0.0000e+00, 0.0000e+00      
# interval = seconds: 0.25
# start_time = Apr 16 2025 10:57:29 [Instrument's time stamp, header]
# bad_flag = -9.990e-29
*END*
[from data line 814]
      1.869      0.043    10.8773    103.870    125.476  96.019398    19.2600     1.0620     0.1278     0.3384 9.7572e+01     2.0320      1.833      2.659    13.2600 0.0000e+00
      1.881      0.044    10.8775    103.842    125.517  96.048370    19.2600     1.0849     0.1278     0.3384 9.8681e+01     1.9413      1.845      2.676    13.2600 0.0000e+00
      1.894      0.044    10.8787    103.808    125.579  96.094257    19.2600     1.0773     0.1278     0.2538 9.9954e+01     1.7449      1.857      2.693    13.2598 0.0000e+00
      1.906      0.043    10.8790    103.780    125.616  96.121343    19.2600     1.0659     0.1278     0.2538 1.0087e+02     1.8054      1.869      2.711    13.2594 0.0000e+00
      1.917      0.040    10.8777    103.771    125.617  96.120867    19.2600     1.0659     0.1278     0.2538 1.0195e+02     1.7147      1.880      2.727    13.2588 0.0000e+00
      1.927      0.036    10.8750    103.779    125.615  96.118676    19.2600     1.0506     0.1278     0.2538 1.0191e+02     1.6845      1.889      2.740    13.2581 0.0000e+00
      1.935      0.032    10.8715    103.798    125.607  96.112188    19.2600     1.0582     0.1278     0.2538 1.0358e+02     1.7147      1.898      2.752    13.2575 0.0000e+00
      1.942      0.029    10.8688    103.824    125.592  96.099674    19.2600     1.0849     0.1278     0.2538 1.0437e+02     1.8054      1.905      2.763    13.2570 0.0000e+00
      1.949      0.026    10.8679    103.852    125.578  96.087785    19.2600     1.0697     0.1278     0.2538 1.0460e+02     1.7752      1.911      2.772    13.2565 0.0000e+00
      1.955      0.024    10.8688    103.875    125.566  96.077348    19.2600     1.0620     0.1278     0.2538 1.0542e+02     1.7752      1.917      2.780    13.2561 0.0000e+00
      1.960      0.022    10.8709    103.884    125.574  96.081564    19.2600     1.1002     0.1278     0.2538 1.0634e+02     1.9262      1.922      2.788    13.2558 0.0000e+00
      1.966      0.021    10.8737    103.877    125.570  96.075583    19.2600     1.0887     0.0852     0.3384 1.0639e+02     1.9866      1.928      2.796    13.2555 0.0000e+00
      1.971      0.019    10.8767    103.864    125.544  96.053812    19.2600     1.0659     0.0852     0.3384 1.0764e+02     2.0622      1.933      2.804    13.2551 0.0000e+00
      1.976      0.018    10.8793    103.852    125.545  96.052405    19.2600     1.1002     0.0852     0.3384 1.0941e+02     2.0169      1.938      2.811    13.2545 0.0000e+00
      1.980      0.017    10.8805    103.843    125.556  96.058999    19.2600     1.0659     0.0852     0.3384 1.1029e+02     2.0169      1.942      2.817    13.2537 0.0000e+00
      1.984      0.016    10.8800    103.838    125.539  96.043383    19.3500     1.0735     0.1278     0.3384 1.0977e+02     1.9413      1.945      2.822    13.2527 0.0000e+00
      1.987      0.016    10.8788    103.835    125.487  96.001394    19.3500     1.0659     0.1278     0.3384 1.1034e+02     1.9715      1.949      2.826    13.2518 0.0000e+00
      1.991      0.016    10.8777    103.831    125.438  95.959797    19.3500     1.0659     0.1278     0.3384 1.1111e+02     1.9715      1.952      2.831    13.2510 0.0000e+00
      1.995      0.017    10.8770    103.830    125.408  95.933474    19.3500     1.0582     0.1278     0.3384 1.1223e+02     1.9866      1.956      2.838    13.2502 0.0000e+00
      2.000      0.018    10.8767    103.830    125.384  95.911409    19.3500     1.0811     0.1278     0.3807 1.1427e+02     2.1075      1.962      2.845    13.2494 0.0000e+00
      2.005      0.019    10.8766    103.828    125.373  95.899707    19.3500     1.0620     0.1278     0.3807 1.1587e+02     1.9866      1.967      2.852    13.2483 0.0000e+00
      2.010      0.019    10.8765    103.816    125.386  95.907234    19.3500     1.0811     0.1278     0.3807 1.1775e+02     2.0471      1.971      2.859    13.2469 0.0000e+00
      2.015      0.019    10.8767    103.788    125.417  95.928006    19.3500     1.1498     0.1278     0.3807 1.1875e+02     1.7601      1.976      2.866    13.2454 0.0000e+00
      2.020      0.018    10.8771    103.751    125.437  95.941588    19.3500     1.1231     0.1278     0.3807 1.2157e+02     1.7903      1.981      2.873    13.2440 0.0000e+00
      2.025      0.018    10.8772    103.727    125.449  95.949602    19.2600     1.1421     0.1278     0.3384 1.2484e+02     1.7298      1.986      2.880    13.2427 0.0000e+00
      2.029      0.017    10.8763    103.733    125.479  95.972168    19.2600     1.1193     0.1278     0.3384 1.2686e+02     1.7601      1.990      2.886    13.2415 0.0000e+00
      2.034      0.016    10.8736    103.769    125.504  95.991327    19.2600     1.0887     0.1278     0.3384 1.2925e+02     1.6845      1.994      2.893    13.2406 0.0000e+00
      2.038      0.015    10.8698    103.821    125.503  95.990211    19.2600     1.0926     0.1278     0.3384 1.3149e+02     1.7147      1.998      2.898    13.2400 0.0000e+00
      2.041      0.014    10.8674    103.879    125.498  95.986503    19.2600     1.0697     0.1278     0.2961 1.3564e+02     1.7903      2.002      2.903    13.2395 0.0000e+00
      2.044      0.013    10.8681    103.945    125.506  95.993202    19.2600     1.0659     0.1278     0.2961 1.3733e+02     1.6996      2.005      2.908    13.2393 0.0000e+00
      2.047      0.012    10.8719    104.016    125.502  95.990115    19.2600     1.1193     0.1278     0.2961 1.3718e+02     2.0773      2.008      2.912    13.2391 0.0000e+00
      2.050      0.011    10.8773    104.085    125.486  95.978418    19.2600     1.1116     0.1278     0.2961 1.3904e+02     2.0169      2.011      2.916    13.2391 0.0000e+00
      2.053      0.011    10.8834    104.147    125.492  95.982963    19.3500     1.0849     0.0852     0.3384 1.4403e+02     1.9866      2.014      2.920    13.2391 0.0000e+00
      2.056      0.011    10.8903    104.193    125.487  95.978987    19.3500     1.1421     0.0852     0.3384 1.4519e+02     1.9262      2.016      2.924    13.2392 0.0000e+00
      2.058      0.011    10.8977    104.219    125.470  95.965431    19.3500     1.1154     0.0852     0.3384 1.4665e+02     2.0018      2.019      2.928    13.2393 0.0000e+00
      2.061      0.011    10.9049    104.228    125.477  95.970648    19.3500     1.1345     0.0852     0.3384 1.4922e+02     1.9413      2.021      2.931    13.2394 0.0000e+00
      2.064      0.011    10.9114    104.214    125.475  95.968058    19.3500     1.1231     0.1278     0.3384 1.5520e+02     2.0018      2.024      2.935    13.2394 0.0000e+00
      2.067      0.011    10.9162    104.173    125.437  95.938986    19.3500     1.1307     0.1278     0.3384 1.5561e+02     1.9413      2.027      2.939    13.2393 0.0000e+00
      2.070      0.012    10.9190    104.115    125.379  95.893664    19.3500     1.1498     0.1278     0.3384 1.5941e+02     1.7147      2.030      2.943    13.2392 0.0000e+00
      2.073      0.012    10.9200    104.044    125.312  95.841983    19.3500     1.1078     0.1278     0.3384 1.5944e+02     1.7449      2.032      2.948    13.2390 0.0000e+00
      2.076      0.013    10.9185    103.958    125.250  95.794138    19.3500     1.1345     0.1278     0.3384 1.6469e+02     1.7601      2.035      2.952    13.2389 0.0000e+00
      2.079      0.014    10.9143    103.864    125.137  95.707400    19.3500     1.1116     0.1278     0.3807 1.7343e+02     1.7147      2.039      2.957    13.2387 0.0000e+00
      2.082      0.015    10.9083    103.774    124.864  95.498697    19.3500     1.1002     0.1278     0.3807 1.7230e+02     1.8356      2.042      2.962    13.2385 0.0000e+00
      2.086      0.017    10.9009    103.701    124.330  95.090397    19.3500     1.1421     0.1278     0.3807 1.7965e+02     1.7601      2.046      2.967    13.2384 0.0000e+00
      2.091      0.020    10.8919    103.661    123.412  94.387607    19.3500     1.1421     0.1278     0.3807 1.8588e+02     1.7147      2.051      2.974    13.2382 0.0000e+00
      2.096      0.022    10.8821    103.664    121.900  93.230887    19.3500     1.1307     0.1278     0.2538 1.9317e+02     1.7752      2.055      2.981    13.2381 0.0000e+00
      2.102      0.025    10.8727    103.704    119.409  91.325766    19.3500     1.1269     0.1278     0.2538 1.9485e+02     1.9413      2.061      2.989    13.2380 0.0000e+00
      2.109      0.028    10.8651    103.769    115.291  88.176199    19.3500     1.1383     0.1278     0.2538 2.0369e+02     2.0169      2.068      2.999    13.2378 0.0000e+00
      2.116      0.031    10.8609    103.849    108.461  82.952293    19.3500     1.0926     0.1278     0.2538 2.0785e+02     2.0471      2.075      3.010    13.2377 0.0000e+00
      2.125      0.033    10.8613    103.929     97.083  74.251016    19.2600     1.1498     0.1278     0.3807 2.0307e+02     1.9866      2.084      3.022    13.2375 0.0000e+00
      2.134      0.034    10.8655    103.991     78.152  59.774005    19.2600     1.1498     0.1278     0.3807 2.1310e+02     2.0320      2.092      3.035    13.2373 0.0000e+00
      2.143      0.034    10.8724    104.012     46.630  35.668715    19.2600     1.1498     0.1278     0.3807 2.1679e+02     2.1377      2.101      3.047    13.2371 0.0000e+00
      2.152      0.034    10.8808    103.987     -5.962  -4.548875    19.2600     1.1231     0.1278     0.3807 2.1209e+02     2.0169      2.110      3.060    13.2369 0.0000e+00
      2.161      0.032    10.8893    103.936    -93.676 -71.623436    19.2600     1.1460     0.1278     0.3807 2.1812e+02     1.9413      2.119      3.073    13.2366 0.0000e+00
      2.169      0.030    10.8959    103.883   -239.882-183.427533    19.3500     1.2490     0.1278     0.2115 2.1628e+02     1.8054      2.127      3.085    13.2364 0.0000e+00
      2.177      0.028    10.8981    103.849   -483.554-369.763601    19.3500     1.2528     0.1278     0.2115 2.1988e+02     1.8054      2.134      3.096    13.2363 0.0000e+00
      2.183      0.025    10.8956    103.836   -635.861-486.232120    19.3500     1.2451     0.1278     0.2115 2.2170e+02     1.6845      2.141      3.105    13.2364 0.0000e+00
      2.189      0.022    10.8902    103.841   -483.620-369.810214    19.3500     1.2604     0.1278     0.2115 2.1590e+02     1.7147      2.147      3.114    13.2366 0.0000e+00
      2.194      0.019    10.8847    103.858   -239.996-183.507214    19.3500     1.2833     0.1278     0.4230 2.3500e+02     1.7903      2.152      3.121    13.2371 0.0000e+00
      2.199      0.016    10.8812    103.887    -93.796 -71.705485    19.3500     1.2719     0.1278     0.4230 2.2598e+02     1.6845      2.156      3.127    13.2377 0.0000e+00
      2.203      0.014    10.8800    103.919     -6.039  -4.595229    19.3500     1.2261     0.1278     0.4230 2.3110e+02     1.7601      2.160      3.133    13.2384 0.0000e+00
      2.206      0.012    10.8801    103.950     46.655  35.701640    19.3500     1.2337     0.1278     0.4230 2.3418e+02     1.7601      2.163      3.137    13.2391 0.0000e+00
      2.208      0.010    10.8815    103.978     78.285  59.890994    19.2600     1.2413     0.1278     0.3384 2.3230e+02     1.7147      2.165      3.141    13.2398 0.0000e+00
      2.211      0.009    10.8842    104.001     97.253  74.397351    19.2600     1.2642     0.1278     0.3384 2.3730e+02     1.7147      2.168      3.144    13.2405 0.0000e+00
      2.213      0.008    10.8873    104.014    108.608  83.081081    19.2600     1.2413     0.1278     0.3384 2.3165e+02     1.8054      2.170      3.147    13.2412 0.0000e+00
      2.214      0.007    10.8903    104.010    115.377  88.257846    19.2600     1.2375     0.1278     0.3384 2.4189e+02     1.7903      2.171      3.149    13.2419 0.0000e+00
      2.216      0.007    10.8930    103.982    119.405  91.338088    19.2600     1.2413     0.1278     0.3384 2.4442e+02     1.7147      2.173      3.152    13.2425 0.0000e+00
      2.217      0.007    10.8953    103.925    121.813  93.179168    19.2600     1.1879     0.1278     0.3384 2.4084e+02     1.8809      2.174      3.154    13.2430 0.0000e+00
      2.219      0.007    10.8966    103.848    123.250  94.278036    19.2600     1.1841     0.1278     0.3384 2.3438e+02     1.6241      2.176      3.156    13.2434 0.0000e+00
      2.221      0.007    10.8962    103.768    124.106  94.931719    19.2600     1.1879     0.1278     0.3384 2.3990e+02     1.7601      2.177      3.158    13.2435 0.0000e+00
      2.222      0.007    10.8932    103.707    124.628  95.330518    19.2600     1.1917     0.1278     0.3384 2.4565e+02     1.8054      2.179      3.161    13.2436 0.0000e+00
      2.224      0.008    10.8872    103.671    124.966  95.588770    19.2600     1.2223     0.1278     0.3807 2.3906e+02     1.8507      2.181      3.163    13.2435 0.0000e+00
      2.226      0.008    10.8791    103.667    125.195  95.763354    19.2600     1.2566     0.1278     0.3807 2.4640e+02     1.7752      2.183      3.166    13.2434 0.0000e+00
      2.228      0.009    10.8709    103.696    125.335  95.870855    19.2600     1.2642     0.1278     0.3807 2.4037e+02     1.8960      2.185      3.169    13.2432 0.0000e+00
      2.230      0.010    10.8645    103.750    125.412  95.929951    19.2600     1.2528     0.1278     0.3807 2.4357e+02     1.6845      2.187      3.172    13.2429 0.0000e+00
      2.233      0.011    10.8609    103.810    125.457  95.964392    19.2600     1.2604     0.1278     0.2961 2.4559e+02     1.7903      2.190      3.176    13.2428 0.0000e+00
      2.236      0.012    10.8604    103.865    125.464  95.969376    19.2600     1.2299     0.1278     0.2961 2.4363e+02     1.6543      2.192      3.180    13.2427 0.0000e+00
      2.239      0.013    10.8634    103.905    125.449  95.958221    19.2600     1.2451     0.1278     0.2961 2.4220e+02     1.7903      2.195      3.184    13.2426 0.0000e+00
      2.242      0.014    10.8691    103.934    125.438  95.949931    19.2600     1.2642     0.1278     0.2961 2.4898e+02     1.7903      2.198      3.188    13.2426 0.0000e+00
      2.246      0.015    10.8754    103.966    125.427  95.942294    19.2600     1.2490     0.1278     0.4653 2.4517e+02     1.7298      2.202      3.194    13.2426 0.0000e+00
      2.250      0.016    10.8811    104.006    125.438  95.951256    19.2600     1.2528     0.1278     0.4653 2.4925e+02     1.6694      2.206      3.200    13.2426 0.0000e+00
      2.254      0.016    10.8853    104.051    125.453  95.963223    19.2600     1.2528     0.1278     0.4653 2.4469e+02     1.6845      2.211      3.206    13.2427 0.0000e+00
      2.259      0.016    10.8883    104.092    125.452  95.963404    19.2600     1.2337     0.1278     0.4653 2.5401e+02     1.7147      2.215      3.212    13.2428 0.0000e+00
      2.263      0.015    10.8916    104.120    125.471  95.977822    19.3500     1.3214     0.1278     0.3807 2.4136e+02     1.7903      2.219      3.218    13.2430 0.0000e+00
      2.266      0.014    10.8957    104.129    125.505  96.004327    19.3500     1.3558     0.1278     0.3807 2.4570e+02     1.8054      2.223      3.223    13.2433 0.0000e+00
      2.270      0.014    10.9004    104.126    125.514  96.012025    19.3500     1.3062     0.1278     0.3807 2.5824e+02     1.7903      2.226      3.228    13.2435 0.0000e+00
      2.273      0.013    10.9047    104.123    125.499  96.000970    19.3500     1.3024     0.1278     0.3807 2.4768e+02     1.8205      2.229      3.233    13.2438 0.0000e+00
      2.276      0.012    10.9075    104.119    125.487  95.992190    19.3500     1.2566     0.1278     0.3807 2.5137e+02     1.7601      2.232      3.238    13.2440 0.0000e+00
      2.279      0.011    10.9083    104.116    125.480  95.987342    19.3500     1.2299     0.1278     0.2961 2.5745e+02     1.7147      2.235      3.242    13.2442 0.0000e+00
