Data/DataNotYetUploadedToEDI/Raw_CTD/RawDownloads/041625_ccr88_S8188002.cnv
* Sea-Bird SBE19plus  Data File:
* FileName = C:\R\Reservoirs\Data\DataNotYetUploadedToEDI\Raw_CTD\RawDownloads\041625_ccr50_S8188_0002.hex
* Software version 2.8.0.119
* Temperature SN = 8188
* Conductivity SN = 8188
* System UpLoad Time = Apr 16 2025 18:05:17
* <ApplicationData>
* <Seaterm232>
# nquan = 16
# nvalues = 1497                        
# units = specified
# name 0 = depFM: Depth [fresh water, m]
# name 1 = dz/dtM: Descent Rate [m/s]
# name 2 = sbeox0Mg/L: Oxygen, SBE 43 [mg/l]
# name 3 = sbeox0PS: Oxygen, SBE 43 [% saturation]
# name 4 = specc: Specific Conductance [uS/cm]
# name 5 = c0uS/cm: Conductivity [uS/cm]
# name 6 = wetCDOM: Fluorescence, WET Labs CDOM [mg/m^3]
# name 7 = flECO-AFL: Fluorescence, WET Labs ECO-AFL/FL [mg/m^3]
# name 8 = flECO-AFL1: Fluorescence, WET Labs ECO-AFL/FL, 2 [mg/m^3]
# name 9 = flECO-AFL2: Fluorescence, WET Labs ECO-AFL/FL, 3 [mg/m^3]
# name 10 = par/sat/log: PAR/Logarithmic, Satlantic
# name 11 = turbWETntu0: Turbidity, WET Labs ECO [NTU]
# name 12 = prdM: Pressure, Strain Gauge [db]
# name 13 = prdE: Pressure, Strain Gauge [psi]
# name 14 = tv290C: Temperature [ITS-90, deg C]
# name 15 = flag:  0.000e+00
# span 0 =     -0.481,     12.008       
# span 1 =     -0.451,      0.166       
# span 2 =     7.6300,    11.7204       
# span 3 =     73.213,    110.854       
# span 4 =   -645.704,    129.478       
# span 5 =-487.490170,  96.699335       
# span 6 =    -4.5000,    25.0200       
# span 7 =    -3.0693,   245.1187       
# span 8 =    -2.1300,     0.5538       
# span 9 =    -2.0304,     2.4111       
# span 10 = 4.4817e-01, 2.3493e+03      
# span 11 =    -5.1738,    69.3462      
# span 12 =     -0.472,     11.776      
# span 13 =     -0.684,     17.079      
# span 14 =     8.8295,    13.5176      
# span 15 = 0.0000e+00, 0.0000e+00      
# interval = seconds: 0.25
# start_time = Apr 16 2025 10:23:50 [Instrument's time stamp, header]
# bad_flag = -9.990e-29
*END*
[from data line 814]
      4.000      0.057     8.7485     80.589    125.622  96.568884    19.2600     2.0119     0.1704     0.4653 8.5943e+01     1.5637      3.922      5.689    13.4356 0.0000e+00
      4.015      0.056     8.6579     79.921    125.597  96.548705    19.2600     2.0005     0.1704     0.4653 8.4389e+01     1.5486      3.937      5.711    13.4348 0.0000e+00
      4.031      0.054     8.5696     79.364    125.584  96.537012    19.3500     2.0577     0.1278     0.4230 8.2038e+01     1.5486      3.952      5.733    13.4341 0.0000e+00
      4.045      0.051     8.4853     78.939    125.599  96.546672    19.3500     2.0424     0.1278     0.4230 8.1487e+01     1.5183      3.966      5.753    13.4335 0.0000e+00
      4.057      0.047     8.4070     78.644    125.614  96.554284    19.3500     2.0615     0.1278     0.4230 8.1328e+01     1.5335      3.979      5.771    13.4330 0.0000e+00
      4.068      0.044     8.3374     78.448    125.595  96.535903    19.3500     2.0577     0.1278     0.4230 8.1487e+01     1.5183      3.989      5.786    13.4326 0.0000e+00
      4.078      0.042     8.2794     78.313    125.574  96.516600    19.3500     2.0272     0.1278     0.4230 8.1558e+01     1.4881      3.999      5.800    13.4321 0.0000e+00
      4.087      0.041     8.2353     78.203    125.595  96.529190    19.4400     2.0806     0.1704     0.4653 8.1807e+01     1.4881      4.008      5.813    13.4312 0.0000e+00
      4.096      0.042     8.2048     78.082    125.641  96.561045    19.4400     2.0653     0.1704     0.4653 8.1860e+01     1.5637      4.017      5.826    13.4299 0.0000e+00
      4.107      0.044     8.1845     77.943    125.673  96.582696    19.4400     2.0539     0.1704     0.4653 8.1682e+01     1.4277      4.027      5.841    13.4283 0.0000e+00
      4.118      0.046     8.1707     77.816    125.667  96.575940    19.4400     2.0653     0.1704     0.4653 8.0397e+01     1.7147      4.038      5.857    13.4269 0.0000e+00
      4.131      0.048     8.1595     77.759    125.627  96.542971    19.3500     2.0844     0.1704     0.4653 7.8874e+01     1.6845      4.051      5.876    13.4255 0.0000e+00
      4.145      0.050     8.1471     77.844    125.582  96.506966    19.3500     2.0501     0.1704     0.4653 7.7212e+01     1.6845      4.064      5.895    13.4241 0.0000e+00
      4.158      0.050     8.1328     78.115    125.550  96.480304    19.3500     2.0539     0.1704     0.4653 7.7095e+01     1.7298      4.077      5.914    13.4229 0.0000e+00
      4.171      0.050     8.1197     78.567    125.553  96.479852    19.3500     2.1416     0.1704     0.4653 7.6844e+01     1.7147      4.090      5.933    13.4220 0.0000e+00
      4.183      0.049     8.1140     79.153    125.591  96.507486    19.5300     2.1111     0.1704     0.2961 7.6661e+01     1.8205      4.102      5.950    13.4214 0.0000e+00
      4.195      0.048     8.1229     79.803    125.622  96.528616    19.5300     2.1225     0.1704     0.2961 7.5274e+01     1.6845      4.114      5.967    13.4206 0.0000e+00
      4.207      0.047     8.1513     80.437    125.627  96.530894    19.5300     2.1073     0.1704     0.2961 7.5062e+01     1.6996      4.126      5.984    13.4197 0.0000e+00
      4.219      0.047     8.1987     80.990    125.638  96.536906    19.5300     2.0653     0.1704     0.2961 7.5307e+01     1.4730      4.137      6.000    13.4188 0.0000e+00
      4.230      0.049     8.2601     81.426    125.682  96.568237    19.6200     2.0653     0.1278     0.4230 7.5029e+01     1.5486      4.148      6.017    13.4179 0.0000e+00
      4.242      0.051     8.3280     81.739    125.731  96.603269    19.6200     2.0806     0.1278     0.4230 7.4331e+01     1.4730      4.160      6.034    13.4171 0.0000e+00
      4.255      0.054     8.3943     81.947    125.743  96.609384    19.6200     2.0729     0.1278     0.4230 7.4089e+01     1.4730      4.172      6.052    13.4163 0.0000e+00
      4.269      0.059     8.4521     82.092    125.724  96.592209    19.6200     2.1149     0.1278     0.4230 7.3592e+01     1.9715      4.186      6.072    13.4154 0.0000e+00
      4.284      0.063     8.4979     82.220    125.695  96.567146    19.6200     2.1340     0.1278     0.4230 7.2324e+01     2.0924      4.201      6.093    13.4145 0.0000e+00
      4.301      0.066     8.5307     82.366    125.659  96.537500    19.7100     2.1225     0.1278     0.4230 7.1885e+01     2.0169      4.218      6.117    13.4134 0.0000e+00
      4.319      0.068     8.5526     82.553    125.619  96.505356    19.7100     2.1149     0.1278     0.4230 7.0218e+01     2.0018      4.235      6.143    13.4122 0.0000e+00
      4.338      0.068     8.5680     82.798    125.589  96.482124    19.7100     2.2408     0.1278     0.4230 6.7966e+01     1.9866      4.254      6.170    13.4110 0.0000e+00
      4.357      0.066     8.5815     83.105    125.588  96.481589    19.7100     2.2370     0.1278     0.4230 6.6925e+01     1.8809      4.272      6.197    13.4099 0.0000e+00
      4.374      0.063     8.5970     83.453    125.618  96.503608    19.7100     2.2637     0.1278     0.4230 6.7071e+01     2.0320      4.289      6.221    13.4092 0.0000e+00
      4.389      0.060     8.6165     83.794    125.653  96.530076    19.7100     2.2370     0.1278     0.4230 6.7042e+01     1.9262      4.304      6.243    13.4088 0.0000e+00
      4.403      0.057     8.6421     84.077    125.677  96.548071    19.7100     2.2027     0.1278     0.4230 6.6418e+01     1.5032      4.318      6.263    13.4087 0.0000e+00
      4.416      0.055     8.6743     84.267    125.687  96.554399    19.7100     2.2027     0.1278     0.4230 6.6144e+01     1.5032      4.331      6.282    13.4086 0.0000e+00
      4.429      0.055     8.7106     84.347    125.684  96.550747    19.5300     2.1874     0.1278     0.3384 6.6087e+01     1.4881      4.344      6.300    13.4084 0.0000e+00
      4.443      0.057     8.7462     84.315    125.678  96.544134    19.5300     2.2027     0.1278     0.3384 6.6447e+01     1.5183      4.357      6.319    13.4082 0.0000e+00
      4.457      0.060     8.7758     84.167    125.665  96.532795    19.5300     2.1759     0.1278     0.3384 6.5643e+01     1.8205      4.371      6.339    13.4078 0.0000e+00
      4.473      0.062     8.7957     83.899    125.636  96.509711    19.5300     2.1798     0.1278     0.3384 6.4512e+01     1.7601      4.386      6.361    13.4073 0.0000e+00
      4.490      0.064     8.8043     83.522    125.605  96.484711    19.6200     2.1798     0.1278     0.5076 6.3098e+01     1.7298      4.403      6.386    13.4067 0.0000e+00
      4.508      0.065     8.8010     83.061    125.599  96.479102    19.6200     2.1874     0.1278     0.5076 6.1701e+01     1.7298      4.420      6.411    13.4061 0.0000e+00
      4.525      0.065     8.7856     82.546    125.623  96.495383    19.6200     2.2522     0.1278     0.5076 6.1127e+01     1.7147      4.437      6.436    13.4056 0.0000e+00
      4.541      0.064     8.7578     81.993    125.646  96.509923    19.6200     2.3209     0.1278     0.5076 6.1141e+01     1.7147      4.453      6.459    13.4052 0.0000e+00
      4.557      0.063     8.7185     81.414    125.659  96.514611    19.6200     2.3133     0.1278     0.5076 6.0968e+01     1.7752      4.469      6.482    13.4048 0.0000e+00
      4.573      0.063     8.6704     80.835    125.669  96.516690    19.6200     2.3209     0.1704     0.4230 5.9996e+01     1.7449      4.484      6.504    13.4043 0.0000e+00
      4.589      0.062     8.6168     80.291    125.660  96.502729    19.6200     2.2942     0.1704     0.4230 5.9451e+01     1.7147      4.500      6.526    13.4035 0.0000e+00
      4.604      0.063     8.5594     79.826    125.635  96.474998    19.6200     2.3591     0.1704     0.4230 5.8757e+01     1.9866      4.515      6.549    13.4021 0.0000e+00
      4.620      0.064     8.4993     79.479    125.631  96.464067    19.6200     2.3934     0.1704     0.4230 5.8515e+01     2.0622      4.531      6.571    13.4003 0.0000e+00
      4.636      0.064     8.4392     79.258    125.671  96.486999    19.8900     2.3629     0.1704     0.5076 5.8110e+01     1.9715      4.547      6.594    13.3979 0.0000e+00
      4.653      0.064     8.3830     79.146    125.728  96.523936    19.8900     2.3781     0.1704     0.5076 5.7195e+01     2.0773      4.563      6.618    13.3951 0.0000e+00
      4.670      0.064     8.3350     79.133    125.747  96.532775    19.8900     2.2942     0.1704     0.5076 5.5929e+01     1.9262      4.580      6.642    13.3919 0.0000e+00
      4.687      0.062     8.2994     79.207    125.727  96.511878    19.8900     2.3133     0.1704     0.5076 5.4763e+01     2.0471      4.596      6.667    13.3885 0.0000e+00
      4.703      0.060     8.2769     79.328    125.703  96.487642    20.0700     2.2789     0.1278     0.4230 5.4253e+01     1.9413      4.612      6.690    13.3854 0.0000e+00
      4.718      0.057     8.2658     79.437    125.664  96.451606    20.0700     2.2751     0.1278     0.4230 5.3948e+01     1.8809      4.627      6.711    13.3828 0.0000e+00
      4.732      0.055     8.2648     79.492    125.602  96.398156    20.0700     2.2637     0.1278     0.4230 5.3725e+01     1.9715      4.641      6.731    13.3805 0.0000e+00
      4.745      0.054     8.2729     79.481    125.559  96.358994    20.0700     2.2484     0.1278     0.4230 5.3948e+01     2.0320      4.653      6.749    13.3783 0.0000e+00
      4.757      0.054     8.2860     79.412    125.564  96.357644    20.0700     2.2599     0.1278     0.4230 5.4041e+01     1.9715      4.665      6.766    13.3760 0.0000e+00
      4.770      0.056     8.2978     79.299    125.583  96.367770    19.9800     2.2370     0.1704     0.5499 5.3971e+01     2.0471      4.678      6.784    13.3735 0.0000e+00
      4.784      0.058     8.3040     79.177    125.579  96.362101    19.9800     2.2370     0.1704     0.5499 5.3341e+01     2.4398      4.691      6.804    13.3712 0.0000e+00
      4.800      0.060     8.3032     79.124    125.557  96.343123    19.9800     2.2370     0.1704     0.5499 5.1957e+01     2.4549      4.707      6.827    13.3690 0.0000e+00
      4.816      0.062     8.2964     79.258    125.530  96.321758    19.9800     2.2561     0.1704     0.5499 5.0995e+01     2.3039      4.723      6.851    13.3667 0.0000e+00
      4.833      0.063     8.2849     79.697    125.523  96.316287    20.0700     2.2484     0.1704     0.5076 5.0554e+01     2.3492      4.740      6.875    13.3649 0.0000e+00
      4.850      0.062     8.2724     80.518    125.533  96.325249    20.0700     2.2599     0.1704     0.5076 4.9877e+01     2.0018      4.756      6.898    13.3638 0.0000e+00
      4.866      0.061     8.2670     81.723    125.559  96.347039    20.0700     2.2675     0.1704     0.5076 4.9221e+01     1.9715      4.771      6.921    13.3631 0.0000e+00
      4.881      0.059     8.2811     83.229    125.606  96.383472    20.0700     2.2408     0.1704     0.5076 4.8901e+01     1.9715      4.786      6.942    13.3626 0.0000e+00
      4.895      0.059     8.3269     84.874    125.634  96.404301    20.0700     2.2789     0.1278     0.5076 4.8965e+01     1.9111      4.800      6.963    13.3627 0.0000e+00
      4.909      0.059     8.4126     86.463    125.634  96.403093    20.0700     2.2370     0.1278     0.5076 4.8986e+01     2.0471      4.814      6.983    13.3633 0.0000e+00
      4.924      0.059     8.5384     87.813    125.642  96.407497    20.0700     2.2828     0.1278     0.5076 4.8393e+01     2.1226      4.828      7.003    13.3639 0.0000e+00
      4.939      0.060     8.6957     88.783    125.650  96.410697    20.0700     2.2294     0.1278     0.5076 4.7933e+01     1.9715      4.843      7.025    13.3641 0.0000e+00
      4.955      0.061     8.8676     89.288    125.634  96.393565    19.9800     2.2599     0.1704     0.6345 4.6954e+01     2.0320      4.859      7.048    13.3640 0.0000e+00
      4.972      0.062     9.0337     89.320    125.596  96.359523    19.9800     2.1874     0.1704     0.6345 4.6144e+01     2.3643      4.875      7.071    13.3635 0.0000e+00
      4.988      0.062     9.1750     88.947    125.543  96.311484    19.9800     2.1988     0.1704     0.6345 4.5527e+01     2.2283      4.891      7.094    13.3627 0.0000e+00
      5.003      0.061     9.2766     88.285    125.492  96.264610    19.9800     2.1569     0.1704     0.6345 4.5507e+01     2.2737      4.907      7.116    13.3614 0.0000e+00
      5.018      0.061     9.3297     87.456    125.460  96.230376    19.9800     2.1874     0.1704     0.6345 4.5389e+01     2.1377      4.921      7.137    13.3597 0.0000e+00
      5.033      0.062     9.3335     86.575    125.422  96.191661    19.9800     2.2027     0.1704     0.5922 4.5231e+01     2.2132      4.936      7.159    13.3576 0.0000e+00
      5.048      0.063     9.2950     85.772    125.398  96.164115    19.9800     2.2141     0.1704     0.5922 4.4616e+01     2.2737      4.951      7.181    13.3549 0.0000e+00
      5.065      0.065     9.2265     85.203    125.415  96.166367    19.9800     2.1874     0.1704     0.5922 4.3468e+01     2.2435      4.967      7.204    13.3516 0.0000e+00
      5.082      0.067     9.1406     85.025    125.437  96.173043    19.9800     2.1836     0.1704     0.5922 4.3610e+01     2.2435      4.984      7.229    13.3479 0.0000e+00
      5.100      0.069     9.0493     85.355    125.454  96.175932    19.9800     2.2294     0.1704     0.5076 4.3157e+01     2.1981      5.001      7.253    13.3442 0.0000e+00
      5.118      0.071     8.9662     86.231    125.474  96.179800    19.9800     2.1950     0.1704     0.5076 4.1855e+01     2.1981      5.019      7.279    13.3404 0.0000e+00
      5.136      0.072     8.9076     87.569    125.477  96.169695    19.9800     2.1836     0.1704     0.5076 4.1873e+01     2.2586      5.037      7.305    13.3362 0.0000e+00
      5.154      0.074     8.8897     89.173    125.462  96.144918    19.9800     2.1607     0.1704     0.5076 4.1719e+01     2.1528      5.055      7.331    13.3319 0.0000e+00
      5.173      0.075     8.9251     90.793    125.466  96.134827    19.9800     2.1683     0.1278     0.5499 4.1098e+01     2.2283      5.073      7.358    13.3278 0.0000e+00
      5.193      0.075     9.0176     92.213    125.484  96.136731    19.9800     2.1798     0.1278     0.5499 4.0153e+01     2.2737      5.092      7.385    13.3235 0.0000e+00
      5.213      0.073     9.1586     93.311    125.486  96.127160    19.9800     2.2027     0.1278     0.5499 3.9581e+01     2.2586      5.112      7.414    13.3185 0.0000e+00
      5.232      0.070     9.3274     94.074    125.483  96.115550    19.9800     2.1912     0.1278     0.5499 3.8404e+01     2.2435      5.131      7.442    13.3132 0.0000e+00
      5.251      0.066     9.4979     94.553    125.493  96.112791    19.9800     2.3095     0.1278     0.5499 3.8014e+01     1.9413      5.149      7.468    13.3080 0.0000e+00
      5.267      0.059     9.6475     94.791    125.504  96.112153    19.9800     2.2904     0.1704     0.4653 3.7554e+01     1.9413      5.165      7.492    13.3032 0.0000e+00
      5.282      0.052     9.7633     94.803    125.507  96.107470    19.9800     2.2255     0.1704     0.4653 3.7269e+01     2.0471      5.180      7.512    13.2990 0.0000e+00
      5.294      0.044     9.8440     94.605    125.506  96.101491    19.9800     2.2484     0.1704     0.4653 3.6875e+01     1.9715      5.192      7.530    13.2950 0.0000e+00
      5.304      0.036     9.8949     94.206    125.506  96.096617    19.9800     2.3095     0.1704     0.4653 3.6739e+01     1.9866      5.201      7.544    13.2911 0.0000e+00
      5.312      0.029     9.9205     93.592    125.519  96.101537    19.8900     2.3018     0.1704     0.4230 3.6810e+01     2.0018      5.209      7.555    13.2875 0.0000e+00
