Data/DataNotYetUploadedToEDI/Raw_CTD/RawDownloads/041621_fcr50.cnv
* Sea-Bird SBE19plus  Data File:
* FileName = C:\R\Reservoirs\Data\DataNotYetUploadedToEDI\Raw_CTD\RawDownloads\041621_fcr50_0001.hex
* Software version 2.8.0.119
* Temperature SN = 7809
* Conductivity SN = 7809
* System UpLoad Time = Apr 16 2021 14:06:11
* <ApplicationData>
* <Seaterm232>
# nquan = 16
# nvalues = 2135                        
# units = specified
# name 0 = depFM: Depth [fresh water, m]
# name 1 = dz/dtM: Descent Rate [m/s]
# name 2 = orp: Oxidation Reduction Potential [mV]
# name 3 = sbeox0Mg/L: Oxygen, SBE 43 [mg/l]
# name 4 = sbeox0PS: Oxygen, SBE 43 [% saturation]
# name 5 = par/sat/log: PAR/Logarithmic, Satlantic
# name 6 = ph: pH
# name 7 = specc: Specific Conductance [uS/cm]
# name 8 = c0uS/cm: Conductivity [uS/cm]
# name 9 = flECO-AFL: Fluorescence, WET Labs ECO-AFL/FL [mg/m^3]
# name 10 = turbWETntu0: Turbidity, WET Labs ECO [NTU]
# name 11 = tv290C: Temperature [ITS-90, deg C]
# name 12 = density00: Density [density, kg/m^3]
# name 13 = prdE: Pressure, Strain Gauge [psi]
# name 14 = prdM: Pressure, Strain Gauge [db]
# name 15 = flag:  0.000e+00
# span 0 =     -0.737,      9.594       
# span 1 =     -0.216,      0.146       
# span 2 = -1037.8878,   606.7810       
# span 3 =     1.4609,    11.6686       
# span 4 =     12.216,    105.547       
# span 5 = 1.2356e-01, 2.4737e+03       
# span 6 =     15.426,     16.545       
# span 7 =      1.415,    112.260       
# span 8 =   1.057059,  72.709766       
# span 9 =    -2.5076,   266.7848       
# span 10 =   -11.6273,   961.9261      
# span 11 =     7.2825,    15.0071      
# span 12 =   999.1147,   999.9774      
# span 13 =     -1.049,     13.647      
# span 14 =     -0.723,      9.410      
# span 15 = 0.0000e+00, 0.0000e+00      
# interval = seconds: 0.25
# start_time = Apr 15 2021 23:19:41 [Instrument's time stamp, header]
# bad_flag = -9.990e-29
*END*
[from data line 181]
     -0.031      0.001   407.4923     8.4238     80.830 2.0374e+02     15.431     31.283  24.930145     1.4940     2.9109    14.8904   999.1321     -0.044     -0.030 0.0000e+00
     -0.031      0.001   407.7801     8.3635     80.153 1.4863e+02     15.431     31.291  24.931003     1.5173     2.9214    14.8789   999.1338     -0.045     -0.031 0.0000e+00
     -0.030      0.002   408.2686     8.3087     79.517 1.2697e+02     15.431     31.273  24.910065     1.4961     2.9153    14.8667   999.1356     -0.044     -0.030 0.0000e+00
     -0.030      0.003   408.4087     8.2423     78.967 1.1527e+02     15.432     31.229  24.867259     1.4857     2.9060    14.8524   999.1377     -0.043     -0.029 0.0000e+00
     -0.029      0.004   408.2701     8.1804     78.526 1.1083e+02     15.433     31.227  24.857394     1.4965     2.9115    14.8417   999.1392     -0.042     -0.028 0.0000e+00
     -0.028      0.004   408.2276     8.1084     78.150 1.0744e+02     15.433     31.233  24.854208     1.5020     2.9473    14.8338   999.1404     -0.040     -0.027 0.0000e+00
     -0.026      0.003   408.2382     8.0454     77.719 1.0739e+02     15.434     31.211  24.828724     1.5047     2.9961    14.8236   999.1420     -0.037     -0.026 0.0000e+00
     -0.025      0.003   408.2270     7.9914     77.235 1.0712e+02     15.434     31.189  24.802959     1.5481     3.0209    14.8108   999.1439     -0.035     -0.024 0.0000e+00
     -0.025      0.003   408.4359     7.9474     76.742 1.0567e+02     15.434     31.193  24.796374     1.6175     3.0411    14.7973   999.1459     -0.035     -0.024 0.0000e+00
     -0.025      0.004   408.7853     7.9222     76.274 1.0596e+02     15.434     31.225  24.812519     1.6474     3.0345    14.7843   999.1478     -0.035     -0.024 0.0000e+00
     -0.025      0.006   408.9240     7.8759     75.870 1.0523e+02     15.435     31.230  24.807877     1.6326     2.9751    14.7718   999.1497     -0.035     -0.024 0.0000e+00
     -0.025      0.011   408.9079     7.8288     75.535 1.0568e+02     15.435     31.230  24.803663     1.6106     3.0096    14.7581   999.1517     -0.035     -0.024 0.0000e+00
     -0.023      0.015   408.8482     7.7809     75.237 1.0798e+02     15.435     31.258  24.824995     1.5911     3.1423    14.7433   999.1538     -0.035     -0.024 0.0000e+00
     -0.017      0.018   408.6325     7.7325     74.914 1.0940e+02     15.436     31.256  24.812102     1.5782     3.2063    14.7283   999.1561     -0.027     -0.019 0.0000e+00
     -0.007      0.019   408.2800     7.6965     74.601 1.0992e+02     15.437     31.243  24.774608     1.5688     3.2002    14.7104   999.1589     -0.010     -0.006 0.0000e+00
     -0.000      0.018   408.2847     7.6622     74.342 1.0956e+02     15.439     31.253  24.752178     1.5539     3.1712    14.7026   999.1600      0.001      0.002 0.0000e+00
      0.004      0.016   408.6892     7.6366     74.106 1.0791e+02     15.439     31.256  24.731131     1.5790     3.1304    14.7141   999.1584      0.006      0.005 0.0000e+00
      0.006      0.012   408.9560     7.6018     73.913 1.0656e+02     15.439     31.251  24.710376     1.6528     3.0854    14.7019   999.1601      0.009      0.007 0.0000e+00
      0.008      0.008   409.0154     7.5761     73.792 1.0645e+02     15.440     31.245  24.691478     1.6933     3.0376    14.6463   999.1683      0.012      0.008 0.0000e+00
      0.009      0.005   408.9771     7.5636     73.676 1.0514e+02     15.441     31.260  24.692893     1.6866     2.9990    14.5891   999.1767      0.013      0.009 0.0000e+00
      0.009      0.003   408.7507     7.5431     73.483 1.0311e+02     15.442     31.315  24.727477     1.6674     3.0314    14.5543   999.1817      0.013      0.009 0.0000e+00
      0.009      0.003   408.4295     7.5250     73.195 1.0182e+02     15.442     31.324  24.729076     1.6423     3.1196    14.5306   999.1852      0.014      0.010 0.0000e+00
      0.009      0.003   408.3626     7.5199     72.859 1.0041e+02     15.442     31.307  24.712218     1.6304     3.1728    14.5077   999.1884      0.013      0.009 0.0000e+00
      0.010      0.005   408.5445     7.5151     72.604 1.0002e+02     15.442     31.310  24.713912     1.6389     3.1940    14.4904   999.1909      0.013      0.009 0.0000e+00
      0.011      0.009   408.6491     7.4967     72.471 1.0190e+02     15.442     31.270  24.686133     1.6778     3.2045    14.4766   999.1930      0.017      0.011 0.0000e+00
      0.013      0.014   408.6817     7.4701     72.406 1.0383e+02     15.442     31.270  24.693474     1.7393     3.2307    14.4668   999.1945      0.019      0.013 0.0000e+00
      0.016      0.019   408.8519     7.4281     72.377 1.0369e+02     15.442     31.321  24.739255     1.7618     3.2368    14.4626   999.1951      0.019      0.013 0.0000e+00
      0.022      0.024   408.9867     7.4008     72.349 1.0272e+02     15.442     31.302  24.732276     1.7496     3.2098    14.4612   999.1953      0.032      0.021 0.0000e+00
      0.031      0.027   408.9342     7.3917     72.353 1.0159e+02     15.441     31.297  24.735955     1.7534     3.1787    14.4660   999.1946      0.045      0.030 0.0000e+00
      0.039      0.027   408.8198     7.3800     72.458 1.0178e+02     15.441     31.363  24.783740     1.7694     3.1014    14.4841   999.1920      0.054      0.037 0.0000e+00
      0.049      0.022   408.6366     7.3803     72.651 1.0244e+02     15.441     31.402  24.802655     1.7723     3.0307    14.4896   999.1913      0.072      0.050 0.0000e+00
      0.057      0.015   408.5250     7.3748     72.890 1.0144e+02     15.442     31.373  24.774364     1.7607     3.0107    14.4968   999.1903      0.084      0.059 0.0000e+00
      0.060      0.006   408.5891     7.3653     73.118 1.0190e+02     15.442     31.350  24.758782     1.7432     2.9966    14.5254   999.1861      0.087      0.060 0.0000e+00
      0.059      0.001   408.6374     7.3812     73.316 1.0300e+02     15.442     31.402  24.804536     1.7220     2.9972    14.5133   999.1879      0.085      0.059 0.0000e+00
      0.054      0.004   408.6783     7.4057     73.520 1.0250e+02     15.442     31.502  24.883607     1.7046     2.9834    14.4822   999.1924      0.078      0.054 0.0000e+00
      0.049      0.017   408.7393     7.4346     73.758 1.0533e+02     15.441     31.507  24.890312     1.6946     2.9330    14.4744   999.1935      0.068      0.047 0.0000e+00
      0.046      0.037   408.6876     7.4582     74.079 1.3115e+02     15.441     31.404  24.822173     1.6970     2.9368    14.4817   999.1924      0.062      0.042 0.0000e+00
      0.053      0.058   408.3969     7.4722     74.507 1.7292e+02     15.441     31.477  24.884279     1.8005     3.0981    14.4965   999.1903      0.065      0.045 0.0000e+00
      0.076      0.076   408.1502     7.4948     75.007 1.9937e+02     15.441     31.643  25.006993     1.9926     3.3382    14.4930   999.1911      0.097      0.067 0.0000e+00
      0.114      0.089   408.2002     7.5173     75.529 3.2578e+02     15.441     31.588  24.973961     2.0928     3.4367    14.4827   999.1927      0.166      0.115 0.0000e+00
      0.149      0.093   408.1405     7.5427     76.110 4.9993e+02     15.440     31.506  24.928886     2.1053     3.3960    14.5219   999.1871      0.223      0.154 0.0000e+00
      0.170      0.088   407.9455     7.5841     76.889 4.9742e+02     15.440     31.569  24.969423     2.2205     3.2927    14.5462   999.1837      0.241      0.165 0.0000e+00
      0.188      0.075   407.9067     7.6473     77.894 4.4783e+02     15.441     31.579  24.956673     2.4457     3.1155    14.4863   999.1926      0.266      0.183 0.0000e+00
      0.207      0.060   407.9296     7.6960     79.011 4.4864e+02     15.442     31.513  24.901551     2.5683     2.9695    14.5148   999.1885      0.301      0.207 0.0000e+00
      0.218      0.048   407.7057     7.7337     80.162 4.7148e+02     15.442     31.554  24.937193     2.5590     2.9350    14.5928   999.1771      0.313      0.216 0.0000e+00
      0.226      0.040   407.2645     7.8184     81.210 5.7141e+02     15.442     31.647  25.007071     2.5147     3.0070    14.5484   999.1837      0.318      0.219 0.0000e+00
      0.236      0.034   407.0693     7.9390     81.897 6.0804e+02     15.442     31.618  24.985336     2.4611     3.1533    14.4918   999.1919      0.337      0.232 0.0000e+00
      0.244      0.029   407.1514     8.0512     82.151 5.2029e+02     15.442     31.538  24.928099     2.4359     3.2627    14.5050   999.1900      0.352      0.242 0.0000e+00
      0.249      0.029   407.3115     8.1674     82.052 4.3167e+02     15.442     31.573  24.949280     2.4291     3.2647    14.5202   999.1879      0.354      0.244 0.0000e+00
      0.253      0.031   407.6289     8.2935     81.753 3.3821e+02     15.443     31.653  24.987732     2.3788     3.2126    14.5031   999.1904      0.357      0.245 0.0000e+00
      0.260      0.034   407.9772     8.3642     81.467 2.4143e+02     15.443     31.621  24.949003     2.2948     3.1820    14.4986   999.1910      0.368      0.254 0.0000e+00
      0.270      0.038   408.0820     8.3805     81.221 1.8153e+02     15.443     31.590  24.924968     2.2532     3.2032    14.5254   999.1871      0.386      0.267 0.0000e+00
      0.280      0.040   408.0357     8.3686     80.996 1.5248e+02     15.444     31.639  24.950833     2.2388     3.2282    14.5266   999.1870      0.396      0.273 0.0000e+00
      0.295      0.040   408.1059     8.3364     80.919 1.4475e+02     15.447     31.661  24.944601     2.2252     3.2095    14.4552   999.1975      0.415      0.286 0.0000e+00
      0.310      0.035   408.2421     8.3149     81.060 1.4113e+02     15.448     31.638  24.913005     2.2992     3.1144    14.4291   999.2013      0.446      0.308 0.0000e+00
      0.320      0.029   408.3914     8.2880     81.403 1.4202e+02     15.447     31.600  24.885922     2.4464     2.9714    14.4639   999.1964      0.460      0.317 0.0000e+00
      0.324      0.021   408.6208     8.2596     81.814 1.4531e+02     15.445     31.568  24.870843     2.5169     2.9232    14.4355   999.2005      0.461      0.318 0.0000e+00
      0.326      0.012   408.7788     8.2621     82.051 1.4854e+02     15.444     31.539  24.857552     2.5034     2.9433    14.3791   999.2086      0.463      0.319 0.0000e+00
      0.327      0.006   408.7530     8.2798     81.979 1.5907e+02     15.444     31.524  24.852080     2.4927     2.9397    14.3579   999.2116      0.464      0.320 0.0000e+00
      0.327      0.003   408.6529     8.3165     81.625 1.7614e+02     15.444     31.537  24.868119     2.5016     2.9485    14.3694   999.2099      0.465      0.321 0.0000e+00
      0.327      0.001   408.6005     8.3668     81.073 2.2662e+02     15.444     31.524  24.861206     2.5151     2.9812    14.3923   999.2067      0.465      0.321 0.0000e+00
      0.327      0.001   408.5498     8.3929     80.399 2.8465e+02     15.444     31.484  24.831928     2.5231     2.9912    14.4055   999.2048      0.465      0.321 0.0000e+00
      0.327      0.000   408.4700     8.3822     79.664 2.9878e+02     15.444     31.483  24.831237     2.5316     2.9326    14.4134   999.2036      0.466      0.321 0.0000e+00
      0.327 1.8834e-08   408.3249     8.3403     78.937 3.1705e+02     15.444     31.511  24.852852     2.5514     2.8556    14.4243   999.2021      0.465      0.321 0.0000e+00
      0.327 2.0717e-07   408.1709     8.2805     78.284 3.2667e+02     15.445     31.497  24.839572     2.5717     2.8505    14.4309   999.2012      0.465      0.321 0.0000e+00
      0.327 2.0717e-07   408.1566     8.2089     77.669 3.2430e+02     15.446     31.449  24.797524     2.5769     2.8706    14.4321   999.2009      0.465      0.321 0.0000e+00
      0.328 1.8834e-08   408.1522     8.1328     77.074 3.3728e+02     15.446     31.443  24.788421     2.5579     2.8588    14.4327   999.2008      0.466      0.321 0.0000e+00
      0.328 1.7121e-09   408.2043     8.0528     76.563 3.1563e+02     15.446     31.453  24.792930     2.5226     2.8790    14.4331   999.2008      0.466      0.321 0.0000e+00
      0.328 1.5565e-10   408.3561     7.9908     76.178 2.7098e+02     15.446     31.452  24.788615     2.5028     2.9438    14.4291   999.2013      0.466      0.321 0.0000e+00
      0.327 1.4150e-11   408.3523     7.9315     75.913 2.3069e+02     15.446     31.470  24.799663     2.5088     2.9897    14.4214   999.2024      0.465      0.321 0.0000e+00
      0.327 1.2864e-12   408.3307     7.8662     75.700 2.1468e+02     15.446     31.475  24.799663     2.5478     2.9873    14.4148   999.2034      0.465      0.321 0.0000e+00
      0.328 1.1711e-13   408.4397     7.8155     75.471 2.1243e+02     15.446     31.468  24.788606     2.6113     2.9833    14.4094   999.2042      0.466      0.321 0.0000e+00
      0.328 1.2544e-14   408.5508     7.7752     75.182 1.8922e+02     15.446     31.480  24.792807     2.6475     3.0098    14.4036   999.2050      0.466      0.322 0.0000e+00
      0.328 2.2012e-14   408.7285     7.7536     74.817 1.7238e+02     15.446     31.479  24.787031     2.6520     3.0331    14.3982   999.2058      0.466      0.322 0.0000e+00
      0.328 2.3159e-13   408.9532     7.7349     74.426 1.7556e+02     15.447     31.479  24.782191     2.6464     3.0247    14.3924   999.2066      0.466      0.321 0.0000e+00
      0.328 2.5465e-12   409.1167     7.7138     74.067 1.7319e+02     15.447     31.504  24.797706     2.6177     2.9767    14.3843   999.2078      0.466      0.322 0.0000e+00
      0.328 2.8011e-11   409.2425     7.6882     73.776 1.6454e+02     15.447     31.492  24.784340     2.5818     2.9680    14.3756   999.2090      0.466      0.322 0.0000e+00
      0.328 3.0813e-10   409.2694     7.6485     73.539 1.7559e+02     15.447     31.450  24.747431     2.5752     3.0234    14.3665   999.2103      0.466      0.322 0.0000e+00
      0.328 3.3894e-09   409.1848     7.6083     73.288 1.9576e+02     15.447     31.435  24.731980     2.5851     3.0287    14.3589   999.2114      0.467      0.322 0.0000e+00
      0.328 3.7283e-08   409.1657     7.5710     72.992 2.0348e+02     15.447     31.430  24.724365     2.5773     2.9288    14.3540   999.2121      0.467      0.322 0.0000e+00
      0.328 4.1012e-07   409.2960     7.5416     72.671 2.4151e+02     15.447     31.428  24.718789     2.5577     2.8103    14.3473   999.2131      0.466      0.322 0.0000e+00
      0.328      0.000   409.3834     7.5237     72.376 2.8831e+02     15.448     31.444  24.727976     2.5486     2.7974    14.3391   999.2142      0.467      0.322 0.0000e+00
      0.328      0.000   409.3622     7.4987     72.141 3.1968e+02     15.449     31.504  24.772007     2.5528     2.8415    14.3336   999.2150      0.467      0.322 0.0000e+00
      0.328      0.001   409.3846     7.4691     71.942 3.4776e+02     15.448     31.551  24.807198     2.5132     2.8984    14.3303   999.2155      0.466      0.322 0.0000e+00
      0.328      0.001   409.3960     7.4345     71.772 3.0391e+02     15.447     31.509  24.772915     2.4222     3.0046    14.3239   999.2165      0.466      0.322 0.0000e+00
      0.329      0.001   409.3277     7.4035     71.614 2.5467e+02     15.447     31.464  24.738039     2.3779     3.0615    14.3174   999.2173      0.467      0.322 0.0000e+00
      0.330      0.002   409.2473     7.3829     71.406 2.7690e+02     15.448     31.503  24.766060     2.3881     3.0369    14.3115   999.2182      0.469      0.323 0.0000e+00
      0.330      0.002   409.1986     7.3624     71.162 2.9892e+02     15.449     31.556  24.794599     2.4120     3.0149    14.3087   999.2186      0.469      0.323 0.0000e+00
      0.331      0.002   409.1690     7.3457     71.031 2.7607e+02     15.450     31.541  24.765962     2.4377     3.0021    14.3052   999.2191      0.470      0.324 0.0000e+00
      0.331      0.003   409.1468     7.3317     70.996 2.2859e+02     15.450     31.514  24.736922     2.4414     2.9853    14.3072   999.2188      0.470      0.324 0.0000e+00
