Data/DataNotYetUploadedToEDI/Raw_CTD/RawDownloads/041823_fcr50_S8188002.cnv
* Sea-Bird SBE19plus  Data File:
* FileName = C:\R\Reservoirs\Data\DataNotYetUploadedToEDI\Raw_CTD\RawDownloads\041823_fcr50_S8188_0002.hex
* Software version 2.8.0.119
* Temperature SN = 8188
* Conductivity SN = 8188
* System UpLoad Time = Apr 19 2023 15:04:14
* <ApplicationData>
* <Seaterm232>
# nquan = 16
# nvalues = 1408                        
# units = specified
# name 0 = depFM: Depth [fresh water, m]
# name 1 = dz/dtM: Descent Rate [m/s]
# name 2 = sbeox0Mg/L: Oxygen, SBE 43 [mg/l]
# name 3 = sbeox0PS: Oxygen, SBE 43 [% saturation]
# name 4 = specc: Specific Conductance [uS/cm]
# name 5 = c0uS/cm: Conductivity [uS/cm]
# name 6 = wetCDOM: Fluorescence, WET Labs CDOM [mg/m^3]
# name 7 = flECO-AFL: Fluorescence, WET Labs ECO-AFL/FL [mg/m^3]
# name 8 = flECO-AFL1: Fluorescence, WET Labs ECO-AFL/FL, 2 [mg/m^3]
# name 9 = flECO-AFL2: Fluorescence, WET Labs ECO-AFL/FL, 3 [mg/m^3]
# name 10 = par/sat/log: PAR/Logarithmic, Satlantic
# name 11 = turbWETntu0: Turbidity, WET Labs ECO [NTU]
# name 12 = prdM: Pressure, Strain Gauge [db]
# name 13 = prdE: Pressure, Strain Gauge [psi]
# name 14 = tv290C: Temperature [ITS-90, deg C]
# name 15 = flag:  0.000e+00
# span 0 =     -0.703,      9.603       
# span 1 =     -0.182,      0.145       
# span 2 =     3.1506,    15.7336       
# span 3 =     27.097,    135.315       
# span 4 =      0.290,    530.778       
# span 5 =   0.231809, 357.847621       
# span 6 =    -4.5000,    28.9800       
# span 7 =    -1.9771,    18.0618       
# span 8 =    -2.1300,     4.2174       
# span 9 =    -8.9676,     9.1791       
# span 10 = 1.1600e-01, 1.8974e+03      
# span 11 =   -11.2000,   966.4954      
# span 12 =     -0.690,      9.417      
# span 13 =     -1.001,     13.659      
# span 14 =     8.6828,    15.3764      
# span 15 = 0.0000e+00, 0.0000e+00      
# interval = seconds: 0.25
# start_time = Apr 18 2023 09:49:28 [Instrument's time stamp, header]
# bad_flag = -9.990e-29
*END*
[from data line 362]
      2.852      0.079    10.8913    103.677     37.069  27.501483     3.4200     7.8078     0.0000     0.6768 6.4414e+01     1.3051      2.797      4.057    12.2984 0.0000e+00
      2.873      0.080    10.9730    103.799     37.039  27.436518     3.4200     7.7658     0.0000     0.6768 6.3787e+01     1.3201      2.817      4.086    12.2496 0.0000e+00
      2.893      0.081    11.0459    103.769     37.022  27.378663     3.4200     7.7810     0.0000     0.6768 6.3497e+01     1.1398      2.837      4.115    12.1979 0.0000e+00
      2.914      0.081    11.1053    103.628     37.013  27.328327     3.4200     7.7734     0.0000     0.6768 6.2091e+01     1.0646      2.857      4.144    12.1454 0.0000e+00
      2.935      0.081    11.1492    103.453     36.997  27.278025     3.4200     7.7810     0.0426     0.7191 6.0362e+01     1.0646      2.878      4.174    12.0917 0.0000e+00
      2.955      0.081    11.1769    103.335     36.973  27.222259     3.4200     7.7696     0.0426     0.7191 5.9373e+01     1.1097      2.898      4.203    12.0339 0.0000e+00
      2.976      0.082    11.1891    103.336     36.949  27.163978     3.4200     8.2083     0.0426     0.7191 5.9283e+01     1.0796      2.918      4.232    11.9729 0.0000e+00
      2.996      0.083    11.1886    103.484     36.936  27.111394     3.4200     8.2159     0.0426     0.7191 5.8375e+01     1.1097      2.938      4.262    11.9148 0.0000e+00
      3.017      0.084    11.1831    103.786     36.927  27.062363     3.3300     8.2159     0.0000     0.6345 5.6860e+01     1.0345      2.959      4.292    11.8623 0.0000e+00
      3.039      0.085    11.1836    104.236     36.913  27.011726     3.3300     8.2236     0.0000     0.6345 5.5385e+01     1.0345      2.980      4.322    11.8107 0.0000e+00
      3.061      0.086    11.1980    104.809     36.903  26.965776     3.3300     8.4029     0.0000     0.6345 5.4454e+01     1.0796      3.002      4.354    11.7553 0.0000e+00
      3.083      0.086    11.2290    105.472     36.905  26.932057     3.3300     8.3914     0.0000     0.6345 5.3469e+01     0.9894      3.024      4.385    11.6971 0.0000e+00
      3.106      0.085    11.2767    106.192     36.916  26.909494     3.3300     8.4029     0.0426     0.6768 5.1991e+01     1.1097      3.045      4.417    11.6399 0.0000e+00
      3.128      0.083    11.3397    106.947     36.919  26.888110     3.3300     8.3876     0.0426     0.6768 5.0171e+01     1.0345      3.067      4.449    11.5853 0.0000e+00
      3.149      0.081    11.4157    107.709     36.913  26.862201     3.3300     9.0933     0.0426     0.6768 4.9156e+01     1.0947      3.088      4.479    11.5336 0.0000e+00
      3.170      0.078    11.5005    108.436     36.907  26.834758     3.3300     9.1048     0.0426     0.6768 4.9263e+01     1.0947      3.108      4.508    11.4858 0.0000e+00
      3.188      0.075    11.5898    109.080     36.903  26.804401     3.3300     9.0933     0.0426     0.6768 4.8816e+01     1.1398      3.126      4.535    11.4449 0.0000e+00
      3.207      0.073    11.6809    109.598     36.890  26.763033     3.3300     9.1086     0.0426     0.6768 4.7954e+01     1.0345      3.144      4.561    11.4121 0.0000e+00
      3.225      0.072    11.7719    109.960     36.868  26.713481     3.3300     9.7762     0.0426     0.6768 4.7158e+01     1.1398      3.162      4.587    11.3835 0.0000e+00
      3.243      0.071    11.8599    110.156     36.848  26.664305     3.3300     9.7762     0.0426     0.6768 4.6628e+01     1.0045      3.180      4.612    11.3521 0.0000e+00
      3.260      0.071    11.9407    110.193     36.828  26.614270     3.3300     9.7952     0.0426     0.6768 4.6084e+01     1.1698      3.197      4.637    11.3143 0.0000e+00
      3.278      0.071    12.0092    110.106     36.812  26.565869     3.3300     9.7876     0.0000     0.7191 4.5359e+01     0.9444      3.215      4.663    11.2714 0.0000e+00
      3.297      0.071    12.0615    109.935     36.808  26.525991     3.3300    10.1615     0.0000     0.7191 4.4249e+01     0.7490      3.233      4.689    11.2260 0.0000e+00
      3.315      0.071    12.0959    109.724     36.813  26.491919     3.3300    10.1386     0.0000     0.7191 4.3354e+01     0.8091      3.251      4.715    11.1790 0.0000e+00
      3.333      0.070    12.1136    109.512     36.822  26.458527     3.3300    10.1271     0.0000     0.7191 4.2561e+01     0.8842      3.269      4.741    11.1302 0.0000e+00
      3.351      0.069    12.1179    109.332     36.836  26.428786     3.3300    10.1729     0.0426     0.7191 4.1937e+01     0.6888      3.286      4.767    11.0804 0.0000e+00
      3.369      0.068    12.1131    109.209     36.854  26.402682     3.3300    11.3745     0.0426     0.7191 4.1268e+01     1.1247      3.304      4.792    11.0302 0.0000e+00
      3.386      0.066    12.1042    109.164     36.866  26.373253     3.3300    11.3669     0.0426     0.7191 4.0539e+01     1.0195      3.321      4.816    10.9788 0.0000e+00
      3.403      0.065    12.0958    109.214     36.868  26.336610     3.3300    11.3745     0.0426     0.7191 4.0162e+01     1.0796      3.337      4.840    10.9253 0.0000e+00
      3.419      0.064    12.0912    109.364     36.861  26.292879     3.3300    11.3364     0.0426     0.8037 3.9910e+01     1.0045      3.353      4.863    10.8709 0.0000e+00
      3.435      0.064    12.0926    109.600     36.852  26.246235     3.3300    11.9735     0.0426     0.8037 3.9350e+01     1.1097      3.369      4.886    10.8178 0.0000e+00
      3.451      0.064    12.1021    109.889     36.842  26.194136     3.3300    11.9925     0.0426     0.8037 3.8773e+01     1.1548      3.384      4.908    10.7663 0.0000e+00
      3.467      0.064    12.1221    110.170     36.831  26.134566     3.3300    11.9964     0.0426     0.8037 3.8496e+01     1.1097      3.400      4.931    10.7152 0.0000e+00
      3.483      0.065    12.1536    110.364     36.835  26.079354     3.3300    11.9735     0.0000     0.8037 3.7948e+01     1.0345      3.416      4.954    10.6628 0.0000e+00
      3.500      0.066    12.1957    110.414     36.859  26.037529     3.3300    12.8661     0.0000     0.8037 3.7334e+01     1.1698      3.432      4.978    10.6075 0.0000e+00
      3.517      0.065    12.2454    110.302     36.893  26.009813     3.3300    12.8776     0.0000     0.8037 3.6011e+01     1.1398      3.449      5.003    10.5464 0.0000e+00
      3.535      0.065    12.2967    110.047     36.916  25.984855     3.3300    12.8547     0.0000     0.8037 3.4978e+01     1.0646      3.466      5.028    10.4764 0.0000e+00
      3.552      0.064    12.3409    109.673     36.921  25.952040     3.3300    12.8432     0.0000     0.8037 3.4819e+01     1.0947      3.483      5.052    10.3979 0.0000e+00
      3.567      0.064    12.3694    109.201     36.919  25.914493     3.3300    14.1746     0.0000     0.9306 3.4796e+01     1.0345      3.498      5.074    10.3184 0.0000e+00
      3.583      0.063    12.3771    108.661     36.920  25.876058     3.3300    14.1479     0.0000     0.9306 3.4600e+01     1.1398      3.513      5.096    10.2485 0.0000e+00
      3.598      0.064    12.3646    108.087     36.927  25.842323     3.3300    14.1784     0.0000     0.9306 3.4315e+01     1.0496      3.528      5.117    10.1923 0.0000e+00
      3.614      0.065    12.3365    107.494     36.946  25.822105     3.3300    14.1517     0.0000     0.9306 3.3915e+01     1.1097      3.544      5.140    10.1436 0.0000e+00
      3.631      0.065    12.2977    106.894     36.976  25.813972     3.3300    14.8956     0.0000     0.8883 3.2749e+01     0.9894      3.561      5.165    10.0937 0.0000e+00
      3.649      0.066    12.2521    106.296     37.000  25.803877     3.3300    14.8879     0.0000     0.8883 3.1899e+01     1.0646      3.579      5.190    10.0410 0.0000e+00
      3.667      0.065    12.2021    105.712     37.014  25.785168     3.3300    14.8956     0.0000     0.8883 3.1247e+01     1.0646      3.596      5.215     9.9894 0.0000e+00
      3.683      0.064    12.1484    105.153     37.034  25.764734     3.3300    14.8918     0.0000     0.8883 3.1193e+01     1.0796      3.612      5.239     9.9434 0.0000e+00
      3.699      0.063    12.0918    104.623     37.069  25.749001     3.3300    16.3299     0.0000     0.9729 3.1132e+01     1.0646      3.628      5.262     9.9041 0.0000e+00
      3.715      0.062    12.0344    104.128     37.105  25.733772     3.3300    16.3032     0.0000     0.9729 3.0682e+01     1.0947      3.643      5.284     9.8680 0.0000e+00
      3.730      0.061    11.9791    103.673     37.135  25.714986     3.3300    16.3375     0.0000     0.9729 3.0062e+01     1.1398      3.658      5.306     9.8293 0.0000e+00
      3.745      0.061    11.9289    103.252     37.167  25.699510     3.3300    16.3299     0.0000     0.9729 2.9815e+01     1.0646      3.673      5.327     9.7829 0.0000e+00
      3.760      0.062    11.8839    102.860     37.204  25.687173     3.3300    17.4705     0.0426     1.0152 2.9756e+01     1.0195      3.688      5.349     9.7294 0.0000e+00
      3.776      0.063    11.8430    102.504     37.239  25.674685     3.3300    17.4972     0.0426     1.0152 2.9467e+01     1.1398      3.703      5.371     9.6745 0.0000e+00
      3.792      0.065    11.8060    102.214     37.275  25.666633     3.3300    17.4743     0.0426     1.0152 2.8859e+01     1.1097      3.718      5.393     9.6220 0.0000e+00
      3.809      0.067    11.7724    102.027     37.315  25.664829     3.3300    17.4667     0.0426     1.0152 2.8485e+01     1.0345      3.735      5.417     9.5709 0.0000e+00
      3.826      0.069    11.7419    101.972     37.352  25.664831     3.3300    18.0504     0.0426     1.0152 2.7988e+01     0.9594      3.752      5.442     9.5199 0.0000e+00
      3.845      0.071    11.7150    102.065     37.372  25.654761     3.3300    18.0427     0.0000     1.2267 2.7368e+01     1.0796      3.770      5.468     9.4710 0.0000e+00
      3.863      0.072    11.6942    102.312     37.372  25.631933     3.3300    18.0618     0.0000     1.2267 2.6885e+01     1.0045      3.788      5.495     9.4267 0.0000e+00
      3.882      0.073    11.6838    102.703     37.373  25.610056     3.3300    18.0542     0.0000     1.2267 2.6693e+01     1.0345      3.807      5.521     9.3876 0.0000e+00
      3.900      0.073    11.6873    103.202     37.387  25.595172     3.3300    16.1697     0.0000     1.2267 2.6433e+01     1.3051      3.825      5.547     9.3529 0.0000e+00
      3.919      0.073    11.7068    103.764     37.405  25.583312     3.3300    16.1583     0.0000     1.2690 2.5842e+01     1.2750      3.843      5.574     9.3214 0.0000e+00
      3.938      0.072    11.7437    104.340     37.428  25.575271     3.3300    16.1888     0.0000     1.2690 2.5265e+01     1.3652      3.862      5.601     9.2912 0.0000e+00
      3.956      0.072    11.7973    104.894     37.462  25.572865     3.3300    16.1697     0.0000     1.2690 2.5123e+01     1.3201      3.880      5.627     9.2603 0.0000e+00
      3.974      0.071    11.8638    105.417     37.497  25.571491     3.3300    13.8961     0.0000     1.2690 2.5014e+01     1.3652      3.897      5.653     9.2283 0.0000e+00
      3.992      0.071    11.9376    105.935     37.526  25.566823     3.3300    13.9152     0.0426     1.0998 2.4465e+01     1.3652      3.915      5.678     9.1960 0.0000e+00
      4.011      0.070    12.0132    106.493     37.551  25.561574     3.3300    13.9190     0.0426     1.0998 2.3851e+01     1.3351      3.933      5.704     9.1636 0.0000e+00
      4.028      0.069    12.0867    107.130     37.577  25.558303     3.3300    13.9419     0.0426     1.0998 2.3604e+01     1.3351      3.951      5.730     9.1301 0.0000e+00
      4.046      0.069    12.1569    107.866     37.603  25.556137     3.3300    12.0994     0.0426     1.0998 2.3609e+01     1.3351      3.968      5.755     9.0959 0.0000e+00
      4.063      0.069    12.2262    108.693     37.628  25.554498     3.3300    12.1184     0.0426     1.0575 2.3288e+01     1.3953      3.984      5.779     9.0632 0.0000e+00
      4.080      0.068    12.2994    109.600     37.651  25.552949     3.3300    12.1108     0.0426     1.0575 2.2862e+01     1.3652      4.001      5.803     9.0334 0.0000e+00
      4.097      0.068    12.3812    110.579     37.669  25.551075     3.3300    12.0803     0.0426     1.0575 2.2434e+01     1.3351      4.018      5.828     9.0059 0.0000e+00
      4.115      0.067    12.4742    111.601     37.679  25.548378     3.3300    10.6383     0.0426     1.0575 2.2090e+01     1.2901      4.036      5.853     8.9794 0.0000e+00
      4.132      0.067    12.5775    112.626     37.690  25.548095     3.3300    10.6459     0.0426     1.0575 2.1999e+01     1.3652      4.053      5.878     8.9540 0.0000e+00
      4.149      0.066    12.6894    113.625     37.707  25.554112     3.3300    10.6307     0.0000     0.8883 2.1766e+01     1.2750      4.069      5.902     8.9313 0.0000e+00
      4.166      0.064    12.8082    114.568     37.721  25.560114     3.3300    10.6459     0.0000     0.8883 2.1517e+01     1.3351      4.085      5.926     8.9133 0.0000e+00
      4.183      0.063    12.9304    115.438     37.715  25.555823     3.3300     9.9097     0.0000     0.8883 2.1073e+01     1.3953      4.102      5.949     8.9005 0.0000e+00
      4.199      0.061    13.0521    116.222     37.701  25.544055     3.3300     9.8868     0.0000     0.8883 2.0791e+01     1.2600      4.117      5.972     8.8908 0.0000e+00
      4.214      0.060    13.1703    116.891     37.691  25.533549     3.3300     9.9097     0.0426     0.7191 2.0818e+01     1.3652      4.132      5.993     8.8831 0.0000e+00
      4.229      0.058    13.2809    117.416     37.684  25.525463     3.3300     9.9288     0.0426     0.7191 2.0647e+01     1.3502      4.147      6.014     8.8790 0.0000e+00
      4.243      0.057    13.3821    117.794     37.676  25.517640     3.3300     9.9097     0.0426     0.7191 2.0282e+01     1.2299      4.161      6.035     8.8779 0.0000e+00
      4.257      0.057    13.4738    118.035     37.671  25.507994     3.3300    10.0737     0.0426     0.7191 2.0133e+01     1.3802      4.175      6.055     8.8754 0.0000e+00
      4.271      0.058    13.5530    118.152     37.673  25.497913     3.3300    10.0928     0.0426     0.8460 2.0233e+01     1.3201      4.189      6.075     8.8703 0.0000e+00
      4.285      0.058    13.6152    118.160     37.685  25.492626     3.3300    10.0775     0.0426     0.8460 2.0041e+01     1.2450      4.203      6.096     8.8661 0.0000e+00
      4.301      0.059    13.6601    118.079     37.705  25.494682     3.3300    10.0890     0.0426     0.8460 1.9572e+01     1.3201      4.218      6.117     8.8625 0.0000e+00
      4.317      0.060    13.6908    117.937     37.727  25.500669     3.3300     9.8944     0.0426     0.8460 1.9105e+01     1.2901      4.233      6.140     8.8542 0.0000e+00
      4.332      0.059    13.7094    117.774     37.742  25.504265     3.3300     9.8830     0.0426     0.8460 1.8903e+01     1.3502      4.249      6.162     8.8392 0.0000e+00
      4.348      0.059    13.7162    117.622     37.745  25.502469     3.3300     9.9059     0.0000     0.7614 1.8760e+01     1.3051      4.264      6.184     8.8217 0.0000e+00
      4.362      0.057    13.7119    117.501     37.742  25.498762     3.3300     9.9173     0.0000     0.7614 1.8561e+01     1.2450      4.278      6.205     8.8060 0.0000e+00
      4.377      0.056    13.6994    117.423     37.745  25.500074     3.3300     9.7914     0.0000     0.7614 1.8241e+01     1.3953      4.292      6.226     8.7940 0.0000e+00
      4.391      0.055    13.6832    117.384     37.755  25.506755     3.3300     9.7724     0.0000     0.7614 1.8072e+01     1.3502      4.306      6.245     8.7857 0.0000e+00
