Data/DataNotYetUploadedToEDI/Raw_CTD/RawDownloads/041823_fcr50_S8188002.cnv
* Sea-Bird SBE19plus  Data File:
* FileName = C:\R\Reservoirs\Data\DataNotYetUploadedToEDI\Raw_CTD\RawDownloads\041823_fcr50_S8188_0002.hex
* Software version 2.8.0.119
* Temperature SN = 8188
* Conductivity SN = 8188
* System UpLoad Time = Apr 19 2023 15:04:14
* <ApplicationData>
* <Seaterm232>
# nquan = 16
# nvalues = 1408                        
# units = specified
# name 0 = depFM: Depth [fresh water, m]
# name 1 = dz/dtM: Descent Rate [m/s]
# name 2 = sbeox0Mg/L: Oxygen, SBE 43 [mg/l]
# name 3 = sbeox0PS: Oxygen, SBE 43 [% saturation]
# name 4 = specc: Specific Conductance [uS/cm]
# name 5 = c0uS/cm: Conductivity [uS/cm]
# name 6 = wetCDOM: Fluorescence, WET Labs CDOM [mg/m^3]
# name 7 = flECO-AFL: Fluorescence, WET Labs ECO-AFL/FL [mg/m^3]
# name 8 = flECO-AFL1: Fluorescence, WET Labs ECO-AFL/FL, 2 [mg/m^3]
# name 9 = flECO-AFL2: Fluorescence, WET Labs ECO-AFL/FL, 3 [mg/m^3]
# name 10 = par/sat/log: PAR/Logarithmic, Satlantic
# name 11 = turbWETntu0: Turbidity, WET Labs ECO [NTU]
# name 12 = prdM: Pressure, Strain Gauge [db]
# name 13 = prdE: Pressure, Strain Gauge [psi]
# name 14 = tv290C: Temperature [ITS-90, deg C]
# name 15 = flag:  0.000e+00
# span 0 =     -0.703,      9.603       
# span 1 =     -0.182,      0.145       
# span 2 =     3.1506,    15.7336       
# span 3 =     27.097,    135.315       
# span 4 =      0.290,    530.778       
# span 5 =   0.231809, 357.847621       
# span 6 =    -4.5000,    28.9800       
# span 7 =    -1.9771,    18.0618       
# span 8 =    -2.1300,     4.2174       
# span 9 =    -8.9676,     9.1791       
# span 10 = 1.1600e-01, 1.8974e+03      
# span 11 =   -11.2000,   966.4954      
# span 12 =     -0.690,      9.417      
# span 13 =     -1.001,     13.659      
# span 14 =     8.6828,    15.3764      
# span 15 = 0.0000e+00, 0.0000e+00      
# interval = seconds: 0.25
# start_time = Apr 18 2023 09:49:28 [Instrument's time stamp, header]
# bad_flag = -9.990e-29
*END*
[from data line 1266]
     -0.063     -0.161     9.3815     92.473     37.486  29.958737     2.7900     1.7881     0.0426     0.3807 1.5362e+03     1.5005     -0.062     -0.090    14.8881 0.0000e+00
     -0.104     -0.164     9.3659     92.440     37.506  29.986879     2.7900     1.7499     0.0426     0.3807 1.2696e+03     1.6057     -0.102     -0.149    14.9036 0.0000e+00
     -0.147     -0.166     9.3529     92.433     37.513  30.005381     2.7900     1.7804     0.0426     0.3807 1.2969e+03     1.5606     -0.144     -0.209    14.9206 0.0000e+00
     -0.190     -0.166     9.3419     92.448     37.507  30.015218     2.7900     1.6126     0.0426     0.3807 1.3220e+03     1.7860     -0.186     -0.270    14.9382 0.0000e+00
     -0.234     -0.166     9.3329     92.451     37.492  30.019013     2.7900     1.6126     0.0426     0.3807 1.2183e+03     1.7860     -0.230     -0.333    14.9553 0.0000e+00
     -0.278     -0.164     9.3261     92.383     37.471  30.017780     2.7900     1.5668     0.0426     0.2961 1.3463e+03     1.8462     -0.272     -0.395    14.9721 0.0000e+00
     -0.319     -0.161     9.3219     92.191     37.445  30.011189     2.7900     1.5897     0.0426     0.2961 1.2969e+03     1.7560     -0.313     -0.454    14.9897 0.0000e+00
     -0.359     -0.157     9.3196     91.825     37.414  29.997484     2.7900     1.3303     0.0426     0.2961 1.2724e+03     2.8532     -0.352     -0.510    15.0091 0.0000e+00
     -0.398     -0.152     9.3157     91.239     37.368  29.969050     2.7900     1.3417     0.0426     0.2961 1.2843e+03     2.8983     -0.390     -0.566    15.0298 0.0000e+00
     -0.437     -0.145     9.3047     90.406     37.281  29.902467     3.1500     1.3456     0.0852     0.2961 1.2922e+03     2.7480     -0.429     -0.622    15.0504 0.0000e+00
     -0.476     -0.137     9.2815     89.348     37.105  29.758199     3.1500     1.3761     0.0852     0.2961 1.3286e+03     2.7630     -0.467     -0.677    15.0692 0.0000e+00
     -0.511     -0.128     9.2416     88.148     36.771  29.481933     3.1500     3.2682     0.0852     0.2961 1.2702e+03    33.4095     -0.501     -0.727    15.0847 0.0000e+00
     -0.542     -0.116     9.1805     86.935     36.172  28.990098     3.1500     3.2644     0.0852     0.2961 1.3012e+03    33.3193     -0.531     -0.771    15.0952 0.0000e+00
     -0.570     -0.103     9.0960     85.833     35.143  28.151537     3.9600     3.2911     0.0000    -0.0846 1.2746e+03    33.3343     -0.559     -0.811    15.0987 0.0000e+00
     -0.595     -0.089     8.9904     84.920     33.413  26.752534     3.9600     3.2339     0.0000    -0.0846 1.2688e+03    33.4245     -0.583     -0.846    15.0939 0.0000e+00
     -0.616     -0.075     8.8720     84.209     30.524  24.427940     3.9600    -0.3711     0.0000    -0.0846 1.2278e+03   182.0425     -0.604     -0.876    15.0813 0.0000e+00
     -0.632     -0.062     8.7534     83.642     25.710  20.567763     3.9600    -0.3482     0.0000    -0.0846 1.2529e+03   181.9373     -0.620     -0.900    15.0628 0.0000e+00
     -0.645     -0.050     8.6465     83.121     19.666  15.727701    16.8300    -0.3482     0.6816     4.9491 1.2448e+03   181.9523     -0.633     -0.918    15.0410 0.0000e+00
     -0.656     -0.039     8.5588     82.568     14.706  11.757538    16.8300    -0.3482     0.6816     4.9491 1.2964e+03   181.9222     -0.643     -0.933    15.0178 0.0000e+00
     -0.663     -0.031     8.4915     81.942     11.474   9.169781    16.8300    -1.4201     0.6816     4.9491 1.2710e+03    45.4787     -0.651     -0.944    14.9948 0.0000e+00
     -0.670     -0.024     8.4384     81.245      9.217   7.363356    16.8300    -1.4125     0.6816     4.9491 1.2702e+03    45.5388     -0.657     -0.952    14.9732 0.0000e+00
     -0.674     -0.019     8.3895     80.520      7.599   6.068156    16.8300    -1.4087     0.6816     4.9491 1.2567e+03    45.5087     -0.661     -0.959    14.9542 0.0000e+00
     -0.678     -0.014     8.3366     79.844      6.482   5.174126     5.0400    -1.4201    -0.0426    -8.9676 1.2972e+03    45.5087     -0.665     -0.964    14.9380 0.0000e+00
     -0.681     -0.011     8.2759     79.304      5.783   4.614899     5.0400     2.8829    -0.0426    -8.9676 1.2975e+03    19.7020     -0.667     -0.968    14.9244 0.0000e+00
     -0.683     -0.009     8.2078     78.965      5.382   4.292763     5.0400     2.8600    -0.0426    -8.9676 1.3303e+03    19.5968     -0.670     -0.971    14.9122 0.0000e+00
     -0.685     -0.007     8.1366     78.845      5.112   4.076333     5.0400     2.8715    -0.0426    -8.9676 1.2835e+03    19.7320     -0.671     -0.974    14.9005 0.0000e+00
     -0.686     -0.005     8.0704     78.910      4.913   3.915805     3.6000     2.8829     4.2174    -6.3873 1.2981e+03    19.7170     -0.673     -0.976    14.8890 0.0000e+00
     -0.687     -0.004     8.0178     79.113      4.767   3.798033     3.6000     2.0932     4.2174    -6.3873 1.2964e+03    -9.9826     -0.674     -0.977    14.8776 0.0000e+00
     -0.688     -0.003     7.9856     79.409      4.605   3.667882     3.6000     2.0704     4.2174    -6.3873 1.2840e+03    -9.8473     -0.675     -0.978    14.8660 0.0000e+00
     -0.689     -0.003     7.9757     79.755      4.427   3.524261     3.6000     2.0932     4.2174    -6.3873 1.2955e+03    -9.9224     -0.675     -0.979    14.8535 0.0000e+00
     -0.689     -0.002     7.9846     80.120      4.270   3.398082     5.5800     2.1161    -0.8946     9.1791 1.2995e+03    -9.9074     -0.676     -0.980    14.8400 0.0000e+00
     -0.690     -0.002     8.0076     80.479      4.108   3.267560     5.5800     1.9407    -0.8946     9.1791 1.2394e+03    -2.1669     -0.676     -0.981    14.8254 0.0000e+00
     -0.690     -0.001     8.0402     80.812      3.909   3.107777     5.5800     1.9368    -0.8946     9.1791 1.3408e+03    -2.0767     -0.677     -0.981    14.8102 0.0000e+00
     -0.690     -0.001     8.0780     81.113      3.673   2.919626     5.5800     1.9635    -0.8946     9.1791 8.1134e+01    -2.0917     -0.677     -0.982    14.7948 0.0000e+00
     -0.691     -0.001     8.1178     81.382      3.419   2.716211    28.9800     1.9445    -0.5112    -8.5446 7.8635e+01    -2.1368     -0.677     -0.982    14.7791 0.0000e+00
     -0.691     -0.001     8.1569     81.610      3.188   2.532268    28.9800    -1.9771    -0.5112    -8.5446 8.7260e+01   -11.0948     -0.677     -0.982    14.7633 0.0000e+00
     -0.691     -0.001     8.1935     81.795      3.013   2.391906    28.9800    -1.9695    -0.5112    -8.5446 1.0898e+02   -11.2000     -0.678     -0.983    14.7475 0.0000e+00
     -0.691     -0.001     8.2269     81.943      2.865   2.273513    28.9800    -1.9657    -0.5112    -8.5446 3.8301e+02   -11.1248     -0.678     -0.983    14.7319 0.0000e+00
     -0.692     -0.001     8.2568     82.062      2.717   2.155405    28.9800    -1.9657    -0.5112    -8.5446 4.2382e+02   -11.0647     -0.678     -0.984    14.7166 0.0000e+00
     -0.692     -0.001     8.2826     82.161      2.599   2.061450    -2.7900     0.3003     0.9798     1.2690 1.6521e+03     4.1157     -0.678     -0.984    14.7018 0.0000e+00
     -0.692     -0.001     8.3039     82.248      2.568   2.035797    -2.7900     0.3156     0.9798     1.2690 1.6323e+02     4.2059     -0.678     -0.984    14.6875 0.0000e+00
     -0.692     -0.001     8.3215     82.320      2.662   2.109175    -2.7900     0.2851     0.9798     1.2690 1.5730e+03     4.1608     -0.679     -0.984    14.6736 0.0000e+00
     -0.692     -0.001     8.3359     82.374      2.900   2.297194    -2.7900     0.2965     0.9798     1.2690 2.0018e+02     4.1157     -0.679     -0.985    14.6601 0.0000e+00
     -0.692     -0.001     8.3484     82.409      3.214   2.545199     7.9200     0.6360    -0.2556     0.5076 1.7385e+02    -1.3703     -0.679     -0.985    14.6469 0.0000e+00
     -0.693     -0.001     8.3596     82.424      3.425   2.711703     7.9200     0.6246    -0.2556     0.5076 1.7877e+03    -1.3853     -0.679     -0.985    14.6339 0.0000e+00
     -0.693     -0.001     8.3693     82.421      3.455   2.734333     7.9200     0.6017    -0.2556     0.5076 1.7948e+03    -1.3252     -0.680     -0.985    14.6211 0.0000e+00
     -0.693     -0.001     8.3770     82.404      3.410   2.698217     7.9200     0.6208    -0.2556     0.5076 1.7867e+02    -1.3402     -0.680     -0.985    14.6086 0.0000e+00
     -0.693     -0.001     8.3828     82.374      3.419   2.704456    -2.7900    -1.6376     0.0000     0.6345 1.8248e+02     3.2891     -0.680     -0.986    14.5962 0.0000e+00
     -0.694     -0.001     8.3866     82.327      3.519   2.782398    -2.7900    -1.6490     0.0000     0.6345 1.6266e+02     3.3041     -0.680     -0.986    14.5840 0.0000e+00
     -0.694     -0.001     8.3885     82.252      3.645   2.881641    -2.7900    -1.6795     0.0000     0.6345 1.4925e+02     3.1688     -0.680     -0.987    14.5717 0.0000e+00
     -0.694     -0.001     8.3890     82.136      3.697   2.921874    -2.7900    -1.6338     0.0000     0.6345 1.7769e+03     3.1688     -0.681     -0.987    14.5594 0.0000e+00
     -0.694     -0.001     8.3882     81.950      3.661   2.892074     1.4400    -0.0926     0.1278     1.0152 1.5793e+02    -0.3633     -0.681     -0.987    14.5469 0.0000e+00
     -0.695     -0.001     8.3857     81.652      3.613   2.853504     1.4400    -0.1231     0.1278     1.0152 1.3081e+02    -0.3182     -0.681     -0.988    14.5343 0.0000e+00
     -0.695     -0.001     8.3805     81.195      3.627   2.863106     1.4400    -0.1117     0.1278     1.0152 8.6105e+02    -0.4534     -0.681     -0.988    14.5216 0.0000e+00
     -0.695     -0.001     8.3709     80.564      3.692   2.913556     1.4400    -0.1193     0.1278     1.0152 6.5339e+02    -0.3482     -0.681     -0.988    14.5088 0.0000e+00
     -0.695     -0.000     8.3543     79.789      3.713   2.929324     1.4400    -0.0354     0.1278     1.0152 1.4176e+02     2.5977     -0.681     -0.988    14.4959 0.0000e+00
     -0.695     -0.000     8.3262     78.933      3.635   2.867160     0.0000    -0.0545     0.1278     0.5922 1.4346e+02     2.6127     -0.681     -0.988    14.4828 0.0000e+00
     -0.695     -0.000     8.2820     78.072      3.488   2.750033     0.0000    -0.0583     0.1278     0.5922 1.6156e+03     2.5225     -0.681     -0.988    14.4694 0.0000e+00
     -0.695 2.1320e-09     8.2201     77.280      3.314   2.611962     0.0000    -0.0506     0.1278     0.5922 1.5176e+03     2.5376     -0.681     -0.988    14.4559 0.0000e+00
     -0.695 2.7411e-09     8.1434     76.627      3.145   2.477427     0.0000    -0.2376     0.1278     0.5922 1.5245e+03     3.2440     -0.681     -0.988    14.4424 0.0000e+00
     -0.695 3.5242e-09     8.0584     76.158      2.997   2.359985     0.0000    -0.2338     0.1278     1.6920 1.5110e+03     3.1838     -0.681     -0.988    14.4289 0.0000e+00
     -0.695 4.5312e-09     7.9728     75.890      2.871   2.259954     0.0000    -0.2643     0.1278     1.6920 1.5054e+03     3.1989     -0.681     -0.988    14.4153 0.0000e+00
     -0.695 5.8258e-09     7.8944     75.802      2.755   2.168456     0.0000    -0.2452     0.1278     1.6920 1.5235e+03     3.1087     -0.681     -0.988    14.4013 0.0000e+00
     -0.694 7.4903e-09     7.8302     75.849      2.650   2.084817     0.0000    -0.1079     0.1278     1.6920 1.5288e+03     3.0035     -0.681     -0.988    14.3869 0.0000e+00
     -0.694 9.6304e-09     7.7848     75.982      2.556   2.010462    -0.3600    -0.1002    -0.0852     0.0000 1.5229e+03     2.9283     -0.681     -0.988    14.3723 0.0000e+00
     -0.694 1.2382e-08     7.7599     76.165      2.472   1.943358    -0.3600    -0.1002    -0.0852     0.0000 1.5239e+03     2.9584     -0.681     -0.988    14.3577 0.0000e+00
     -0.694 1.5920e-08     7.7534     76.373      2.399   1.885384    -0.3600    -0.1193    -0.0852     0.0000 1.5209e+03     3.0185     -0.681     -0.988    14.3431 0.0000e+00
     -0.694 2.0468e-08     7.7606     76.591      2.336   1.834920    -0.3600    -0.0506    -0.0852     0.0000 1.5235e+03     2.8832     -0.681     -0.988    14.3286 0.0000e+00
     -0.694 2.6316e-08     7.7767     76.806      2.280   1.790373    -0.3600    -0.0735    -0.0852     0.0000 1.5232e+03     2.9133     -0.681     -0.988    14.3142 0.0000e+00
     -0.694 3.3835e-08     7.7979     77.006      2.231   1.751727     0.0000    -0.0506     0.0426     0.2538 1.5252e+03     2.8081     -0.681     -0.988    14.3001 0.0000e+00
     -0.694 4.3502e-08     7.8216     77.188      2.182   1.712632     0.0000    -0.0430     0.0426     0.2538 1.5375e+03     3.0185     -0.681     -0.988    14.2861 0.0000e+00
     -0.694 5.5931e-08     7.8463     77.354      2.129   1.670570     0.0000    -0.1498     0.0426     0.2538 1.5539e+03     2.4624     -0.681     -0.988    14.2722 0.0000e+00
     -0.694 7.1912e-08     7.8707     77.502      2.084   1.634097     0.0000    -0.1155     0.0426     0.2538 1.5570e+03     2.6127     -0.681     -0.988    14.2585 0.0000e+00
     -0.694 9.2458e-08     7.8935     77.633      2.048   1.605351     0.0900    -0.1155     0.0852    -0.1269 1.5506e+03     2.5225     -0.681     -0.988    14.2449 0.0000e+00
     -0.694 1.1887e-07     7.9145     77.749      2.012   1.576667     0.0900    -0.1346     0.0852    -0.1269 1.5412e+03     2.5676     -0.681     -0.988    14.2314 0.0000e+00
     -0.694 1.5284e-07     7.9338     77.850      1.976   1.548303     0.0900    -0.1155     0.0852    -0.1269 1.5385e+03     2.5977     -0.681     -0.988    14.2180 0.0000e+00
     -0.694 1.9651e-07     7.9514     77.939      1.952   1.528515     0.0900    -0.1193     0.0852    -0.1269 1.5328e+03     2.4925     -0.681     -0.988    14.2046 0.0000e+00
     -0.694 2.5265e-07     7.9670     78.021      1.942   1.519934     0.3600    -0.1193     0.0000     0.5076 1.5439e+03     2.5376     -0.681     -0.988    14.1914 0.0000e+00
     -0.694 3.2484e-07     7.9812     78.098      1.938   1.516318     0.3600    -0.1117     0.0000     0.5076 1.7770e+02     2.5526     -0.681     -0.988    14.1784 0.0000e+00
     -0.694 4.1765e-07     7.9939     78.167      1.934   1.512748     0.3600    -0.1498     0.0000     0.5076 6.3884e+01     2.9434     -0.681     -0.988    14.1654 0.0000e+00
     -0.694 5.3698e-07     8.0053     78.230      1.929   1.508272     0.3600    -0.1231     0.0000     0.5076 2.1564e+01     2.9584     -0.681     -0.988    14.1524 0.0000e+00
     -0.694 6.9040e-07     8.0160     78.283      1.921   1.501697     0.0000    -0.1155     0.0000     0.1692 3.9365e-01     3.0636     -0.681     -0.988    14.1396 0.0000e+00
     -0.694 8.8766e-07     8.0261     78.323      1.913   1.495223     0.0000    -0.1002     0.0000     0.1692 1.1623e-01     2.9734     -0.681     -0.988    14.1268 0.0000e+00
     -0.695      0.000     8.0355     78.357      1.909   1.491079     0.0000    -0.1308     0.0000     0.1692 1.1612e-01     2.8832     -0.681     -0.988    14.1141 0.0000e+00
     -0.695      0.000     8.0442     78.391      1.900   1.484204     0.0000    -0.0354     0.0000     0.1692 1.1605e-01     2.7931     -0.681     -0.988    14.1015 0.0000e+00
     -0.694      0.000     8.0518     78.424      1.886   1.472765     0.0000    -0.0697     0.0000     0.1692 1.1630e-01     2.7179     -0.681     -0.988    14.0889 0.0000e+00
     -0.694      0.000     8.0582     78.454      1.872   1.461621     0.0000    -0.0545     0.0000    -0.1269 1.1617e-01     2.8231     -0.681     -0.988    14.0764 0.0000e+00
     -0.695      0.000     8.0638     78.487      1.863   1.453733     0.0000    -0.0430     0.0000    -0.1269 1.1612e-01     2.6879     -0.681     -0.988    14.0640 0.0000e+00
     -0.695      0.000     8.0695     78.527      1.860   1.450950     0.0000    -0.0659     0.0000    -0.1269 1.1633e-01     2.9734     -0.681     -0.988    14.0516 0.0000e+00
