Data/DataNotYetUploadedToEDI/Raw_CTD/RawDownloads/041823_fcr50_S8188002.cnv
* Sea-Bird SBE19plus  Data File:
* FileName = C:\R\Reservoirs\Data\DataNotYetUploadedToEDI\Raw_CTD\RawDownloads\041823_fcr50_S8188_0002.hex
* Software version 2.8.0.119
* Temperature SN = 8188
* Conductivity SN = 8188
* System UpLoad Time = Apr 19 2023 15:04:14
* <ApplicationData>
* <Seaterm232>
# nquan = 16
# nvalues = 1408                        
# units = specified
# name 0 = depFM: Depth [fresh water, m]
# name 1 = dz/dtM: Descent Rate [m/s]
# name 2 = sbeox0Mg/L: Oxygen, SBE 43 [mg/l]
# name 3 = sbeox0PS: Oxygen, SBE 43 [% saturation]
# name 4 = specc: Specific Conductance [uS/cm]
# name 5 = c0uS/cm: Conductivity [uS/cm]
# name 6 = wetCDOM: Fluorescence, WET Labs CDOM [mg/m^3]
# name 7 = flECO-AFL: Fluorescence, WET Labs ECO-AFL/FL [mg/m^3]
# name 8 = flECO-AFL1: Fluorescence, WET Labs ECO-AFL/FL, 2 [mg/m^3]
# name 9 = flECO-AFL2: Fluorescence, WET Labs ECO-AFL/FL, 3 [mg/m^3]
# name 10 = par/sat/log: PAR/Logarithmic, Satlantic
# name 11 = turbWETntu0: Turbidity, WET Labs ECO [NTU]
# name 12 = prdM: Pressure, Strain Gauge [db]
# name 13 = prdE: Pressure, Strain Gauge [psi]
# name 14 = tv290C: Temperature [ITS-90, deg C]
# name 15 = flag:  0.000e+00
# span 0 =     -0.703,      9.603       
# span 1 =     -0.182,      0.145       
# span 2 =     3.1506,    15.7336       
# span 3 =     27.097,    135.315       
# span 4 =      0.290,    530.778       
# span 5 =   0.231809, 357.847621       
# span 6 =    -4.5000,    28.9800       
# span 7 =    -1.9771,    18.0618       
# span 8 =    -2.1300,     4.2174       
# span 9 =    -8.9676,     9.1791       
# span 10 = 1.1600e-01, 1.8974e+03      
# span 11 =   -11.2000,   966.4954      
# span 12 =     -0.690,      9.417      
# span 13 =     -1.001,     13.659      
# span 14 =     8.6828,    15.3764      
# span 15 = 0.0000e+00, 0.0000e+00      
# interval = seconds: 0.25
# start_time = Apr 18 2023 09:49:28 [Instrument's time stamp, header]
# bad_flag = -9.990e-29
*END*
[from data line 1085]
      4.606     -0.090    13.1772    113.245     38.226  25.794190    11.6100     7.0448     0.1704     0.8460 1.5887e+01    11.9464      4.517      6.551     8.7355 0.0000e+00
      4.580     -0.092    13.1750    113.260     38.223  25.792760    11.6100     7.0448     0.1704     0.8460 1.6335e+01    11.8713      4.492      6.515     8.7355 0.0000e+00
      4.555     -0.092    13.1731    113.271     38.214  25.787644    10.2600     7.0448     0.2130     0.8883 1.6972e+01    11.9314      4.467      6.478     8.7356 0.0000e+00
      4.530     -0.090    13.1720    113.273     38.209  25.785396    10.2600     7.0372     0.2130     0.8883 1.7818e+01    11.9765      4.442      6.443     8.7361 0.0000e+00
      4.508     -0.087    13.1724    113.263     38.208  25.785417    10.2600     8.0786     0.2130     0.8883 1.7344e+01     9.7821      4.421      6.411     8.7369 0.0000e+00
      4.488     -0.085    13.1738    113.241     38.211  25.787712    10.2600     8.0900     0.2130     0.8883 1.7038e+01     9.8572      4.401      6.383     8.7380 0.0000e+00
      4.468     -0.084    13.1747    113.210     38.224  25.796853    10.2600     8.0748     0.2130     0.8883 1.7266e+01     9.7971      4.382      6.355     8.7391 0.0000e+00
      4.447     -0.085    13.1746    113.175     38.244  25.811317     9.1800     8.0633     0.1704     0.7614 1.7629e+01     9.8723      4.362      6.326     8.7401 0.0000e+00
      4.425     -0.086    13.1732    113.145     38.267  25.827045     9.1800     8.1587     0.1704     0.7614 1.8646e+01     8.3392      4.339      6.294     8.7409 0.0000e+00
      4.401     -0.087    13.1705    113.126     38.282  25.838331     9.1800     8.1663     0.1704     0.7614 1.9101e+01     8.3843      4.317      6.260     8.7415 0.0000e+00
      4.379     -0.088    13.1667    113.122     38.293  25.846206     9.1800     8.1702     0.1704     0.7614 1.9147e+01     8.3843      4.294      6.228     8.7422 0.0000e+00
      4.356     -0.088    13.1624    113.133     38.311  25.858709    12.9600     8.1549     0.1704     0.8883 1.9110e+01     8.3843      4.272      6.196     8.7429 0.0000e+00
      4.334     -0.087    13.1586    113.150     38.317  25.863336    12.9600     8.0939     0.1704     0.8883 1.9717e+01     7.4374      4.250      6.165     8.7438 0.0000e+00
      4.311     -0.085    13.1562    113.159     38.287  25.843504    12.9600     8.0481     0.1704     0.8883 2.0759e+01     7.5726      4.228      6.132     8.7447 0.0000e+00
      4.288     -0.083    13.1554    113.155     38.252  25.819662    12.9600     8.0672     0.1704     0.8883 2.1169e+01     7.3472      4.206      6.100     8.7455 0.0000e+00
      4.268     -0.082    13.1564    113.138     38.245  25.815144    10.6200     8.0672     0.1704     0.8037 2.0936e+01     7.3923      4.185      6.070     8.7462 0.0000e+00
      4.248     -0.082    13.1582    113.113     38.259  25.824788    10.6200     9.0704     0.1704     0.8037 2.1155e+01     7.4825      4.166      6.043     8.7469 0.0000e+00
      4.229     -0.083    13.1591    113.087     38.277  25.837307    10.6200     9.0590     0.1704     0.8037 2.1050e+01     7.4223      4.147      6.015     8.7474 0.0000e+00
      4.209     -0.085    13.1585    113.069     38.287  25.844162    10.6200     9.0475     0.1704     0.8037 2.1192e+01     7.3171      4.128      5.986     8.7478 0.0000e+00
      4.187     -0.089    13.1565    113.057     38.282  25.841243    10.8900     9.0590     0.1704     0.8883 2.2009e+01     7.4223      4.106      5.955     8.7480 0.0000e+00
      4.163     -0.092    13.1535    113.045     38.271  25.833710    10.8900     7.8955     0.1704     0.8883 2.2857e+01     5.5286      4.082      5.921     8.7480 0.0000e+00
      4.138     -0.095    13.1505    113.032     38.258  25.825492    10.8900     7.8993     0.1704     0.8883 2.3445e+01     5.4985      4.058      5.885     8.7481 0.0000e+00
      4.113     -0.097    13.1483    113.017     38.240  25.814399    10.8900     7.9146     0.1704     0.8883 2.3774e+01     5.6488      4.034      5.850     8.7484 0.0000e+00
      4.088     -0.099    13.1467    113.002     38.223  25.803412    10.8900     7.8955     0.1704     0.8883 2.3919e+01     5.6037      4.009      5.815     8.7488 0.0000e+00
      4.063     -0.100    13.1452    112.991     38.217  25.799497    11.6100     8.1435     0.1278     0.9306 2.4349e+01     4.0706      3.985      5.779     8.7494 0.0000e+00
      4.038     -0.102    13.1435    112.986     38.224  25.805572    11.6100     8.1358     0.1278     0.9306 2.5090e+01     4.0406      3.959      5.743     8.7500 0.0000e+00
      4.011     -0.104    13.1415    112.987     38.235  25.813358    11.6100     8.1358     0.1278     0.9306 2.6017e+01     4.2059      3.933      5.705     8.7507 0.0000e+00
      3.984     -0.107    13.1396    112.985     38.236  25.815033    11.6100     8.1663     0.1278     0.9306 2.6364e+01     4.0105      3.907      5.666     8.7514 0.0000e+00
      3.957     -0.110    13.1380    112.975     38.231  25.813023    12.4200     8.2579     0.1278     0.9306 2.6313e+01     3.5596      3.880      5.628     8.7523 0.0000e+00
      3.929     -0.112    13.1372    112.944     38.223  25.808772    12.4200     8.2464     0.1278     0.9306 2.6571e+01     3.6949      3.853      5.589     8.7533 0.0000e+00
      3.900     -0.114    13.1368    112.891     38.215  25.805106    12.4200     8.2655     0.1278     0.9306 2.8049e+01     3.6197      3.825      5.547     8.7543 0.0000e+00
      3.869     -0.115    13.1363    112.823     38.212  25.805007    12.4200     8.2655     0.1278     0.9306 2.9660e+01     3.6798      3.794      5.503     8.7555 0.0000e+00
      3.838     -0.116    13.1346    112.749     38.207  25.804488    10.8000    10.8901     0.1278     0.9729 3.0371e+01     2.1317      3.764      5.459     8.7570 0.0000e+00
      3.808     -0.115    13.1305    112.683     38.200  25.803412    10.8000    10.8596     0.1278     0.9729 3.0529e+01     2.0866      3.734      5.417     8.7588 0.0000e+00
      3.780     -0.113    13.1235    112.638     38.194  25.803471    10.8000    10.8596     0.1278     0.9729 3.0662e+01     2.0716      3.706      5.376     8.7613 0.0000e+00
      3.751     -0.109    13.1146    112.623     38.174  25.794782    10.8000    10.8596     0.1278     0.9729 3.1983e+01     2.0115      3.679      5.335     8.7642 0.0000e+00
      3.723     -0.104    13.1050    112.632     38.127  25.769091     6.3000    10.8367     0.0852     0.8883 3.3352e+01     3.4243      3.651      5.295     8.7676 0.0000e+00
      3.696     -0.099    13.0960    112.650     38.070  25.737363     6.3000    10.8290     0.0852     0.8883 3.3982e+01     3.4995      3.625      5.257     8.7719 0.0000e+00
      3.671     -0.094    13.0891    112.659     38.031  25.718853     6.3000    10.8138     0.0852     0.8883 3.4819e+01     3.4394      3.600      5.221     8.7773 0.0000e+00
      3.648     -0.088    13.0852    112.644     38.018  25.720501     6.3000    10.8329     0.0852     0.8883 3.5468e+01     3.3642      3.578      5.189     8.7841 0.0000e+00
      3.627     -0.084    13.0838    112.596     38.019  25.734830     6.3000    13.1026     0.0852     0.8883 3.4925e+01     2.4925      3.557      5.159     8.7918 0.0000e+00
      3.608     -0.082    13.0831    112.501     38.011  25.745865     5.6700    13.1141     0.0852     0.8883 3.5260e+01     2.5075      3.538      5.132     8.8006 0.0000e+00
      3.589     -0.082    13.0808    112.332     37.991  25.748630     5.6700    13.1255     0.0852     0.8883 3.5054e+01     2.4925      3.520      5.105     8.8113 0.0000e+00
      3.569     -0.082    13.0747    112.061     37.967  25.747822     5.6700    13.1026     0.0852     0.8883 3.5739e+01     2.4925      3.500      5.076     8.8251 0.0000e+00
      3.547     -0.081    13.0636    111.666     37.947  25.747187     5.6700    11.8094     0.0852     0.8883 3.7726e+01     4.5666      3.478      5.045     8.8428 0.0000e+00
      3.524     -0.080    13.0460    111.150     37.940  25.750514     6.5700    11.7904     0.0852     0.8883 3.9901e+01     4.6117      3.456      5.012     8.8638 0.0000e+00
      3.502     -0.078    13.0195    110.540     37.947  25.758691     6.5700    11.7827     0.0852     0.8883 4.0716e+01     4.5967      3.434      4.981     8.8858 0.0000e+00
      3.482     -0.074    12.9817    109.900     37.954  25.764002     6.5700    11.7980     0.0852     0.8883 4.0425e+01     4.6568      3.415      4.953     8.9061 0.0000e+00
      3.465     -0.071    12.9309    109.312     37.943  25.754003     6.5700    14.2738     0.0852     0.8883 4.0565e+01     2.5977      3.398      4.928     8.9226 0.0000e+00
      3.449     -0.069    12.8676    108.859     37.933  25.743846     6.8400    14.2699     0.1278     0.8883 4.0442e+01     2.4624      3.382      4.905     8.9337 0.0000e+00
      3.433     -0.070    12.7955    108.606     37.962  25.760516     6.8400    14.2432     0.1278     0.8883 4.0469e+01     2.4925      3.367      4.883     8.9387 0.0000e+00
      3.417     -0.076    12.7214    108.589     38.033  25.808457     6.8400    14.2776     0.1278     0.8883 4.0372e+01     2.5225      3.350      4.860     8.9386 0.0000e+00
      3.398     -0.084    12.6543    108.804     38.129  25.876699     6.8400    13.2247     0.1278     0.8883 4.0328e+01     2.8832      3.333      4.834     8.9353 0.0000e+00
      3.377     -0.094    12.6032    109.209     38.240  25.959684     6.8400    13.2438     0.1278     0.8883 4.0433e+01     2.7931      3.312      4.803     8.9307 0.0000e+00
      3.352     -0.105    12.5750    109.720     38.384  26.069644     6.3000    13.2323     0.1278     0.8883 4.1928e+01     2.7630      3.287      4.767     8.9272 0.0000e+00
      3.322     -0.114    12.5731    110.235     38.576  26.216104     6.3000    13.2476     0.1278     0.8883 4.5745e+01     2.7931      3.257      4.724     8.9268 0.0000e+00
      3.289     -0.123    12.5968    110.658     38.709  26.323300     6.3000    12.3244     0.1278     0.8883 4.8499e+01     2.3121      3.225      4.678     8.9310 0.0000e+00
      3.256     -0.130    12.6405    110.933     38.687  26.326770     6.3000    12.3397     0.1278     0.8883 4.8006e+01     2.2520      3.193      4.630     8.9410 0.0000e+00
      3.223     -0.136    12.6949    111.058     38.630  26.308608     5.5800    12.3511     0.0852     0.8883 4.8142e+01     2.2370      3.160      4.583     8.9568 0.0000e+00
      3.189     -0.141    12.7484    111.054     38.614  26.321385     5.5800    12.3282     0.0852     0.8883 4.8720e+01     2.3722      3.127      4.535     8.9769 0.0000e+00
      3.152     -0.145    12.7905    110.918     38.595  26.334854     5.5800    10.8176     0.0852     0.8883 5.1991e+01     4.2660      3.091      4.483     8.9991 0.0000e+00
      3.113     -0.149    12.8150    110.641     38.563  26.338751     5.5800    10.8023     0.0852     0.8883 5.5277e+01     4.4464      3.053      4.428     9.0228 0.0000e+00
      3.073     -0.151    12.8213    110.236     38.518  26.330156     3.4200    10.8481     0.0852     1.0152 5.6873e+01     4.3712      3.014      4.371     9.0495 0.0000e+00
      3.033     -0.151    12.8112    109.734     38.458  26.306779     3.4200    10.8329     0.0852     1.0152 5.9360e+01     4.4915      2.974      4.314     9.0809 0.0000e+00
      2.994     -0.148    12.7851    109.172     38.395  26.276243     3.4200    11.4394     0.0852     1.0152 6.2010e+01     3.8452      2.935      4.257     9.1153 0.0000e+00
      2.955     -0.143    12.7430    108.592     38.339  26.248224     3.4200    11.4356     0.0852     1.0152 6.5543e+01     3.9504      2.898      4.203     9.1486 0.0000e+00
      2.919     -0.136    12.6876    108.042     38.305  26.235045     3.5100    11.4432     0.2556     1.0575 6.7495e+01     3.9354      2.862      4.151     9.1772 0.0000e+00
      2.885     -0.129    12.6230    107.584     38.297  26.241112     3.5100    11.4280     0.2556     1.0575 6.7260e+01     3.9203      2.829      4.103     9.1996 0.0000e+00
      2.854     -0.121    12.5533    107.286     38.283  26.246266     3.5100    10.1233     0.2556     1.0575 6.9974e+01     4.4013      2.798      4.059     9.2165 0.0000e+00
      2.824     -0.113    12.4826    107.184     38.249  26.241984     3.5100    10.1538     0.2556     1.0575 7.2686e+01     4.3412      2.769      4.017     9.2299 0.0000e+00
      2.796     -0.107    12.4156    107.275     38.218  26.244942     3.5100    10.1576     0.2556     1.0575 7.4331e+01     4.4314      2.742      3.977     9.2428 0.0000e+00
      2.770     -0.103    12.3586    107.522     38.179  26.248009     3.6000    10.1309     0.1278     1.0575 7.3800e+01     4.3863      2.717      3.940     9.2579 0.0000e+00
      2.746     -0.102    12.3186    107.861     38.114  26.238147     3.6000     9.9059     0.1278     1.0575 7.3544e+01     2.5376      2.693      3.906     9.2771 0.0000e+00
      2.723     -0.103    12.2996    108.183     38.043  26.226586     3.6000     9.9173     0.1278     1.0575 7.3704e+01     2.5225      2.670      3.873     9.3018 0.0000e+00
      2.698     -0.108    12.3007    108.385     37.994  26.228060     3.6000     9.9059     0.1278     1.0575 7.4202e+01     2.5526      2.646      3.838     9.3333 0.0000e+00
      2.671     -0.115    12.3174    108.431     37.993  26.258803     3.5100     9.8982     0.0852     1.0152 7.6611e+01     2.5075      2.619      3.799     9.3727 0.0000e+00
      2.641     -0.123    12.3425    108.352     38.039  26.319093     3.5100     9.2268     0.0852     1.0152 8.0607e+01     3.2590      2.590      3.756     9.4191 0.0000e+00
      2.607     -0.131    12.3650    108.227     38.081  26.379477     3.5100     9.2383     0.0852     1.0152 8.2934e+01     3.1087      2.557      3.708     9.4680 0.0000e+00
      2.572     -0.138    12.3746    108.156     38.070  26.408544     3.5100     9.2116     0.0852     1.0152 8.5925e+01     3.1688      2.522      3.658     9.5141 0.0000e+00
      2.534     -0.142    12.3679    108.180     38.006  26.408108     3.5100     9.2459     0.1278     1.0152 9.0426e+01     3.2440      2.486      3.605     9.5549 0.0000e+00
      2.496     -0.143    12.3478    108.255     37.939  26.407749     3.5100     7.7696     0.1278     1.0152 9.5123e+01     2.7329      2.448      3.550     9.5930 0.0000e+00
      2.458     -0.142    12.3216    108.311     37.910  26.431131     3.5100     7.7658     0.1278     1.0152 9.9802e+01     2.8231      2.411      3.496     9.6337 0.0000e+00
      2.421     -0.139    12.2993    108.309     37.925  26.480530     3.5100     7.7925     0.1278     1.0152 1.0320e+02     2.7480      2.374      3.444     9.6824 0.0000e+00
      2.386     -0.134    12.2853    108.247     37.948  26.533487     3.4200     7.7620     0.1278     1.0998 1.0627e+02     2.7480      2.340      3.394     9.7399 0.0000e+00
      2.353     -0.128    12.2761    108.141     37.940  26.566509     3.4200     7.6056     0.1278     1.0998 1.0636e+02     2.2370      2.308      3.347     9.8008 0.0000e+00
      2.322     -0.121    12.2659    108.000     37.917  26.592363     3.4200     7.5941     0.1278     1.0998 1.1174e+02     2.2069      2.277      3.302     9.8582 0.0000e+00
      2.291     -0.113    12.2508    107.834     37.916  26.633782     3.4200     7.6018     0.1278     1.0998 1.1557e+02     2.3572      2.247      3.259     9.9094 0.0000e+00
      2.262     -0.106    12.2298    107.681     37.925  26.682015     3.4200     7.5789     0.1278     1.0998 1.2013e+02     2.3722      2.219      3.218     9.9580 0.0000e+00
      2.236     -0.098    12.2031    107.597     37.918  26.718252     3.4200     7.2203     0.1278     1.0152 1.2199e+02     1.7560      2.193      3.180    10.0091 0.0000e+00
      2.213     -0.091    12.1715    107.580     37.897  26.744238     3.4200     7.2088     0.1278     1.0152 1.2060e+02     1.7710      2.170      3.147    10.0639 0.0000e+00
