Data/DataNotYetUploadedToEDI/Raw_CTD/RawDownloads/041922_fcr50_0001.cnv
* Sea-Bird SBE19plus  Data File:
* FileName = C:\R\Reservoirs\Data\DataNotYetUploadedToEDI\Raw_CTD\RawDownloads\041922_fcr50_0001.hex
* Software version 2.8.0.119
* Temperature SN = 7809
* Conductivity SN = 7809
* System UpLoad Time = Apr 19 2022 09:56:58
* <ApplicationData>
* <Seaterm232>
# nquan = 15
# nvalues = 1895                        
# units = specified
# name 0 = depFM: Depth [fresh water, m]
# name 1 = dz/dtM: Descent Rate [m/s]
# name 2 = sbeox0Mg/L: Oxygen, SBE 43 [mg/l]
# name 3 = sbeox0PS: Oxygen, SBE 43 [% saturation]
# name 4 = specc: Specific Conductance [uS/cm]
# name 5 = c0uS/cm: Conductivity [uS/cm]
# name 6 = flECO-AFL: Fluorescence, WET Labs ECO-AFL/FL [mg/m^3]
# name 7 = ph: pH
# name 8 = orp: Oxidation Reduction Potential [mV]
# name 9 = par/sat/log: PAR/Logarithmic, Satlantic
# name 10 = turbWETntu0: Turbidity, WET Labs ECO [NTU]
# name 11 = prdM: Pressure, Strain Gauge [db]
# name 12 = prdE: Pressure, Strain Gauge [psi]
# name 13 = tv290C: Temperature [ITS-90, deg C]
# name 14 = flag:  0.000e+00
# span 0 =     -0.683,      9.528       
# span 1 =     -0.217,      0.119       
# span 2 =    -0.1110,    10.6889       
# span 3 =     -0.889,     99.726       
# span 4 =      1.336,    293.597       
# span 5 =   0.977581, 193.147105       
# span 6 =    -0.1338,    18.7399       
# span 7 =     -2.814,     10.102       
# span 8 = -1240.7455,  1240.2295       
# span 9 = 1.2367e-01, 4.6497e+02       
# span 10 =    -0.4116,   140.2311      
# span 11 =     -0.671,      9.344      
# span 12 =     -0.973,     13.552      
# span 13 =     7.8863,    13.9198      
# span 14 = 0.0000e+00, 0.0000e+00      
# interval = seconds: 0.25
# start_time = Apr 19 2022 06:33:30 [Instrument's time stamp, header]
# bad_flag = -9.990e-29
*END*
[from data line 386]
     -0.197      0.002     9.2111     83.238     38.960  29.600185     3.9190      6.606   317.1817 4.4692e+02     2.1409     -0.193     -0.281    12.9847 0.0000e+00
     -0.197      0.002     9.1445     81.884     38.951  29.594734     3.9654      6.618   321.8917 4.4353e+02     2.1788     -0.193     -0.281    12.9832 0.0000e+00
     -0.196      0.005     9.0634     80.720     38.872  29.536244     4.0436      6.637   326.3743 4.3638e+02     2.1426     -0.193     -0.280    12.9832 0.0000e+00
     -0.195      0.010     8.9418     79.765     38.775  29.463524     4.0740      6.664   328.0171 4.3159e+02     2.0791     -0.191     -0.278    12.9841 0.0000e+00
     -0.195      0.017     8.7618     79.174     38.706  29.412813     4.0741      6.694   328.8485 4.3417e+02     2.0941     -0.191     -0.277    12.9847 0.0000e+00
     -0.193      0.026     8.6230     78.984     38.561  29.303453     4.1282      6.724   330.3178 4.3758e+02     2.1520     -0.191     -0.277    12.9859 0.0000e+00
     -0.185      0.035     8.5031     79.228     38.449  29.218941     4.2125      6.751   330.8122 4.3498e+02     2.1298     -0.185     -0.268    12.9882 0.0000e+00
     -0.172      0.044     8.3883     79.924     38.442  29.215093     4.2444      6.774   331.7284 4.3001e+02     2.0650     -0.168     -0.244    12.9902 0.0000e+00
     -0.157      0.050     8.3291     80.854     38.412  29.193531     4.2388      6.793   333.2219 4.2801e+02     2.0518     -0.153     -0.222    12.9925 0.0000e+00
     -0.142      0.054     8.3087     81.842     38.350  29.148414     4.2781      6.807   333.0382 4.3176e+02     2.0730     -0.140     -0.203    12.9930 0.0000e+00
     -0.127      0.054     8.3265     82.963     38.302  29.113329     4.3621      6.817   332.3464 4.4201e+02     2.0823     -0.124     -0.180    12.9938 0.0000e+00
     -0.113      0.053     8.4138     84.238     38.266  29.086289     4.4049      6.821   332.5159 4.5309e+02     2.0621     -0.110     -0.159    12.9960 0.0000e+00
     -0.101      0.051     8.5211     85.417     38.250  29.075037     4.4042      6.821   332.7649 4.3445e+02     2.0678     -0.099     -0.143    12.9974 0.0000e+00
     -0.088      0.047     8.6165     86.228     38.286  29.104062     4.4039      6.819   333.2055 3.7700e+02     2.1169     -0.087     -0.125    12.9999 0.0000e+00
     -0.075      0.042     8.7313     86.591     38.305  29.120268     4.4180      6.811   333.8850 3.3063e+02     2.1429     -0.073     -0.106    13.0017 0.0000e+00
     -0.064      0.036     8.8771     86.442     38.336  29.144203     4.4504      6.800   333.8405 3.1098e+02     2.1097     -0.061     -0.089    13.0020 0.0000e+00
     -0.055      0.029     9.0165     85.864     38.498  29.266677     4.4623      6.790   332.3226 2.9989e+02     2.0567     -0.053     -0.076    13.0039 0.0000e+00
     -0.048      0.022     9.0967     85.064     38.587  29.333251     4.4531      6.784   329.5565 2.9116e+02     2.0478     -0.046     -0.066    13.0061 0.0000e+00
     -0.044      0.015     9.1421     84.113     38.481  29.251827     4.4473      6.779   327.2398 2.9056e+02     2.0713     -0.042     -0.061    13.0082 0.0000e+00
     -0.043      0.010     9.1240     83.076     38.374  29.169676     4.4338      6.777   325.7357 3.1143e+02     2.0677     -0.042     -0.061    13.0081 0.0000e+00
     -0.043      0.007     9.0489     82.050     38.451  29.227465     4.4242      6.777   324.6212 3.2413e+02     2.0387     -0.042     -0.061    13.0063 0.0000e+00
     -0.042      0.005     8.9680     81.087     38.653  29.380012     4.4221      6.775   325.7231 3.0975e+02     2.0281     -0.041     -0.059    13.0061 0.0000e+00
     -0.041      0.005     8.8640     80.183     38.719  29.429293     4.4169      6.772   329.0781 2.9357e+02     2.1098     -0.040     -0.058    13.0053 0.0000e+00
     -0.039      0.005     8.7508     79.286     38.655  29.379578     4.4194      6.769   331.2867 2.8357e+02     2.2744     -0.039     -0.056    13.0039 0.0000e+00
     -0.037      0.005     8.6413     78.355     38.616  29.349443     4.4193      6.767   330.5733 2.7259e+02     2.3447     -0.037     -0.052    13.0029 0.0000e+00
     -0.035      0.004     8.5394     77.378     38.576  29.318498     4.4150      6.766   328.1099 2.6914e+02     2.3109     -0.034     -0.050    13.0021 0.0000e+00
     -0.035      0.004     8.4476     76.377     38.499  29.258995     4.4420      6.766   325.7645 2.7289e+02     2.2414     -0.034     -0.050    13.0010 0.0000e+00
     -0.035      0.005     8.3546     75.424     38.422  29.200537     4.4969      6.766   325.7900 2.8574e+02     2.1531     -0.035     -0.050    12.9997 0.0000e+00
     -0.034      0.005     8.2574     74.560     38.399  29.182215     4.5292      6.765   328.5914 3.0164e+02     2.1316     -0.034     -0.049    12.9984 0.0000e+00
     -0.033      0.005     8.1543     73.780     38.459  29.227643     4.5328      6.763   331.5869 2.9122e+02     2.1192     -0.033     -0.047    12.9972 0.0000e+00
     -0.030      0.006     8.0454     73.112     38.562  29.306051     4.5319      6.761   333.7012 2.6713e+02     2.0712     -0.029     -0.042    12.9963 0.0000e+00
     -0.028      0.006     7.9426     72.561     38.647  29.369527     4.5607      6.760   334.5389 2.5821e+02     2.1318     -0.026     -0.038    12.9962 0.0000e+00
     -0.027      0.005     7.8543     72.051     38.638  29.361208     4.6225      6.757   332.3371 2.6410e+02     2.2705     -0.027     -0.039    12.9959 0.0000e+00
     -0.026      0.004     7.7695     71.542     38.518  29.268854     4.6547      6.753   327.9002 2.6026e+02     2.3477     -0.026     -0.038    12.9952 0.0000e+00
     -0.025      0.002     7.6982     71.101     38.434  29.203767     4.6498      6.751   324.6011 2.5734e+02     2.3482     -0.025     -0.036    12.9950 0.0000e+00
     -0.025      0.001     7.6442     70.696     38.525  29.271558     4.6386      6.750   323.4222 2.6368e+02     2.2425     -0.024     -0.035    12.9946 0.0000e+00
     -0.025      0.000     7.5945     70.223     38.684  29.391195     4.6281      6.749   323.2827 2.5646e+02     2.1281     -0.024     -0.035    12.9929 0.0000e+00
     -0.025      0.000     7.5350     69.745     38.673  29.382435     4.6313      6.749   323.6878 2.4009e+02     2.1268     -0.024     -0.035    12.9910 0.0000e+00
     -0.026     -0.001     7.4887     69.307     38.555  29.292427     4.6357      6.748   324.2764 2.3907e+02     2.1588     -0.025     -0.037    12.9887 0.0000e+00
     -0.026     -0.001     7.4578     68.878     38.588  29.317198     4.5643      6.746   325.0655 2.6051e+02     2.1390     -0.026     -0.037    12.9867 0.0000e+00
     -0.026      0.000     7.3989     68.466     38.652  29.364971     4.4336      6.744   326.3451 2.6875e+02     2.0925     -0.026     -0.038    12.9861 0.0000e+00
     -0.026      0.000     7.3477     68.071     38.567  29.299515     4.3788      6.743   328.0474 2.6165e+02     2.0744     -0.026     -0.038    12.9858 0.0000e+00
     -0.026      0.002     7.3059     67.689     38.469  29.223091     4.3935      6.740   328.6120 2.5690e+02     2.0912     -0.026     -0.037    12.9848 0.0000e+00
     -0.025      0.007     7.2573     67.334     38.525  29.265031     4.3697      6.731   326.2887 2.4233e+02     2.1250     -0.025     -0.036    12.9841 0.0000e+00
     -0.025      0.014     7.2159     67.044     38.656  29.362858     4.3075      6.716   323.3589 2.2750e+02     2.1415     -0.024     -0.036    12.9839 0.0000e+00
     -0.024      0.021     7.1740     66.875     38.616  29.328235     4.2737      6.700   322.4414 2.2645e+02     2.1203     -0.026     -0.038    12.9822 0.0000e+00
     -0.019      0.029     7.1341     66.916     38.493  29.226768     4.2697      6.688   322.5087 2.2449e+02     2.1069     -0.024     -0.034    12.9791 0.0000e+00
     -0.006      0.037     7.0955     67.329     38.569  29.277080     4.2328      6.677   322.2795 2.3020e+02     2.0819     -0.005     -0.008    12.9782 0.0000e+00
      0.008      0.044     7.0622     68.230     38.776  29.429396     4.1438      6.666   321.7358 2.4009e+02     2.0237      0.011      0.015    12.9791 0.0000e+00
      0.018      0.049     7.0434     69.537     38.771  29.420196     4.0851      6.660   321.4406 2.4424e+02     2.0174      0.017      0.024    12.9734 0.0000e+00
      0.030      0.050     7.0432     71.109     38.694  29.356019     4.0886      6.657   321.6355 2.4666e+02     2.0746      0.025      0.037    12.9596 0.0000e+00
      0.046      0.050     7.0803     72.866     38.771  29.414137     4.0862      6.654   322.1139 2.3959e+02     2.1336      0.046      0.067    12.9498 0.0000e+00
      0.061      0.050     7.1818     74.715     38.782  29.425585     4.0312      6.652   322.6640 2.4571e+02     2.1503      0.064      0.091    12.9465 0.0000e+00
      0.071      0.049     7.3283     76.518     38.706  29.367660     3.9486      6.650   323.4690 2.6482e+02     2.1061      0.067      0.098    12.9384 0.0000e+00
      0.083      0.047     7.4965     78.113     38.679  29.347699     3.9107      6.650   323.7596 2.8169e+02     2.0786      0.080      0.116    12.9260 0.0000e+00
      0.097      0.043     7.6856     79.365     38.712  29.374417     3.9144      6.651   322.8216 2.8860e+02     2.1244      0.098      0.142    12.9291 0.0000e+00
      0.108      0.043     7.8836     80.156     38.708  29.373743     3.9021      6.653   322.0231 2.9798e+02     2.1476      0.108      0.156    12.9374 0.0000e+00
      0.116      0.044     8.0822     80.412     38.662  29.339543     3.8699      6.655   322.6234 3.1210e+02     2.0857      0.114      0.165    12.9328 0.0000e+00
      0.125      0.045     8.2545     80.182     38.663  29.341263     3.8419      6.654   325.1746 2.9323e+02     2.0252      0.121      0.175    12.9329 0.0000e+00
      0.136      0.044     8.3898     79.538     38.647  29.331154     3.8370      6.654   328.6922 2.7047e+02     2.0655      0.132      0.192    12.9376 0.0000e+00
      0.151      0.043     8.4780     78.572     38.579  29.280703     3.8780      6.655   331.0830 2.7669e+02     2.1287      0.149      0.217    12.9396 0.0000e+00
      0.166      0.042     8.5004     77.442     38.608  29.301798     3.9381      6.657   331.7976 2.8211e+02     2.1062      0.165      0.238    12.9402 0.0000e+00
      0.177      0.038     8.4736     76.269     38.733  29.396042     3.9640      6.658   331.4818 2.6816e+02     2.0663      0.176      0.255    12.9412 0.0000e+00
      0.183      0.033     8.4032     75.133     38.748  29.405915     3.9675      6.658   331.0500 2.6175e+02     2.0904      0.180      0.261    12.9454 0.0000e+00
      0.189      0.028     8.2933     74.128     38.605  29.294376     4.0134      6.659   330.8794 2.7381e+02     2.1919      0.184      0.266    12.9461 0.0000e+00
      0.197      0.025     8.1697     73.325     38.550  29.251889     4.1017      6.659   330.2787 2.7461e+02     2.3383      0.194      0.281    12.9448 0.0000e+00
      0.204      0.026     8.0450     72.763     38.657  29.335951     4.1449      6.657   328.5196 2.7170e+02     2.3916      0.202      0.293    12.9455 0.0000e+00
      0.207      0.030     7.9202     72.458     38.688  29.359884     4.1363      6.652   326.6458 2.6813e+02     2.3236      0.203      0.295    12.9426 0.0000e+00
      0.210      0.036     7.8136     72.424     38.681  29.351086     4.1232      6.648   325.4327 2.6518e+02     2.2333      0.204      0.296    12.9364 0.0000e+00
      0.220      0.041     7.7277     72.720     38.690  29.356359     4.1112      6.645   324.4349 2.7273e+02     2.1547      0.214      0.311    12.9344 0.0000e+00
      0.235      0.045     7.6659     73.359     38.610  29.296839     4.0988      6.643   324.4759 2.6038e+02     2.1247      0.230      0.334    12.9420 0.0000e+00
      0.251      0.046     7.6352     74.257     38.569  29.265369     4.0821      6.643   326.4457 2.3267e+02     2.1087      0.245      0.356    12.9440 0.0000e+00
      0.266      0.045     7.6284     75.271     38.606  29.292822     4.0836      6.643   329.2366 2.2562e+02     2.0982      0.263      0.381    12.9344 0.0000e+00
      0.278      0.041     7.6592     76.221     38.633  29.311810     4.1340      6.643   331.0314 2.3689e+02     2.1347      0.273      0.396    12.9344 0.0000e+00
      0.286      0.035     7.7301     76.963     38.627  29.304771     4.1925      6.643   331.8849 2.4560e+02     2.1402      0.280      0.407    12.9368 0.0000e+00
      0.292      0.030     7.8298     77.405     38.585  29.271111     4.2083      6.645   332.2440 2.4463e+02     2.0612      0.286      0.415    12.9362 0.0000e+00
      0.297      0.025     7.9445     77.531     38.603  29.285181     4.2075      6.648   332.3617 2.3365e+02     1.9998      0.289      0.418    12.9371 0.0000e+00
      0.304      0.022     8.0500     77.375     38.683  29.348100     4.2578      6.648   332.7051 2.3138e+02     2.0465      0.299      0.434    12.9336 0.0000e+00
      0.311      0.021     8.1332     76.996     38.666  29.334546     4.3584      6.650   332.6970 2.3908e+02     2.1139      0.306      0.444    12.9296 0.0000e+00
      0.315      0.023     8.1804     76.476     38.637  29.311467     4.4177      6.652   332.1778 2.3840e+02     2.0970      0.308      0.447    12.9266 0.0000e+00
      0.318      0.029     8.1917     75.885     38.737  29.386017     4.4171      6.649   331.5038 2.3465e+02     2.0476      0.312      0.454    12.9276 0.0000e+00
      0.322      0.035     8.1732     75.312     38.776  29.411819     4.4261      6.645   330.9997 2.3089e+02     2.0626      0.315      0.457    12.9317 0.0000e+00
      0.328      0.042     8.1285     74.821     38.729  29.369866     4.4598      6.641   330.8151 2.3337e+02     2.1075      0.317      0.459    12.9318 0.0000e+00
      0.344      0.047     8.0739     74.463     38.754  29.385899     4.4834      6.638   329.3584 2.3583e+02     2.1130      0.335      0.486    12.9274 0.0000e+00
      0.365      0.051     8.0067     74.373     38.793  29.415496     4.4870      6.637   327.0667 2.2467e+02     2.0947      0.362      0.525    12.9276 0.0000e+00
      0.381      0.052     7.9443     74.667     38.788  29.410766     4.5025      6.636   326.6812 2.1319e+02     2.0569      0.374      0.544    12.9247 0.0000e+00
      0.391      0.048     7.8957     75.281     38.764  29.392093     4.5540      6.635   327.9675 2.1060e+02     2.0313      0.384      0.556    12.9112 0.0000e+00
      0.400      0.040     7.8513     76.032     38.749  29.379896     4.5939      6.634   329.2830 2.0812e+02     2.0586      0.392      0.569    12.9081 0.0000e+00
      0.410      0.031     7.8352     76.757     38.763  29.390074     4.5942      6.635   329.7664 2.0566e+02     2.0798      0.402      0.584    12.9110 0.0000e+00
      0.420      0.023     7.8693     77.310     38.760  29.388377     4.6241      6.636   329.5108 2.0777e+02     2.1163      0.415      0.602    12.9091 0.0000e+00
      0.425      0.018     7.9440     77.591     38.721  29.359381     4.6967      6.638   328.6015 2.1151e+02     2.1588      0.418      0.608    12.9080 0.0000e+00
      0.426      0.018     8.0276     77.553     38.717  29.356447     4.7489      6.641   327.5483 2.1628e+02     2.1496      0.418      0.606    12.9069 0.0000e+00
      0.426      0.023     8.1103     77.188     38.796  29.416291     4.7719      6.641   327.4443 2.2375e+02     2.1413      0.418      0.606    12.9072 0.0000e+00
      0.427      0.032     8.1726     76.554     38.840  29.449016     4.7757      6.637   327.5165 2.2989e+02     2.0930      0.418      0.606    12.9084 0.0000e+00
      0.432      0.041     8.2024     75.779     38.741  29.371776     4.7777      6.632   327.6471 2.3010e+02     2.0437      0.419      0.607    12.9086 0.0000e+00
