Data/DataNotYetUploadedToEDI/Raw_CTD/RawDownloads/041922_fcr50_0001.cnv
* Sea-Bird SBE19plus  Data File:
* FileName = C:\R\Reservoirs\Data\DataNotYetUploadedToEDI\Raw_CTD\RawDownloads\041922_fcr50_0001.hex
* Software version 2.8.0.119
* Temperature SN = 7809
* Conductivity SN = 7809
* System UpLoad Time = Apr 19 2022 09:56:58
* <ApplicationData>
* <Seaterm232>
# nquan = 15
# nvalues = 1895                        
# units = specified
# name 0 = depFM: Depth [fresh water, m]
# name 1 = dz/dtM: Descent Rate [m/s]
# name 2 = sbeox0Mg/L: Oxygen, SBE 43 [mg/l]
# name 3 = sbeox0PS: Oxygen, SBE 43 [% saturation]
# name 4 = specc: Specific Conductance [uS/cm]
# name 5 = c0uS/cm: Conductivity [uS/cm]
# name 6 = flECO-AFL: Fluorescence, WET Labs ECO-AFL/FL [mg/m^3]
# name 7 = ph: pH
# name 8 = orp: Oxidation Reduction Potential [mV]
# name 9 = par/sat/log: PAR/Logarithmic, Satlantic
# name 10 = turbWETntu0: Turbidity, WET Labs ECO [NTU]
# name 11 = prdM: Pressure, Strain Gauge [db]
# name 12 = prdE: Pressure, Strain Gauge [psi]
# name 13 = tv290C: Temperature [ITS-90, deg C]
# name 14 = flag:  0.000e+00
# span 0 =     -0.683,      9.528       
# span 1 =     -0.217,      0.119       
# span 2 =    -0.1110,    10.6889       
# span 3 =     -0.889,     99.726       
# span 4 =      1.336,    293.597       
# span 5 =   0.977581, 193.147105       
# span 6 =    -0.1338,    18.7399       
# span 7 =     -2.814,     10.102       
# span 8 = -1240.7455,  1240.2295       
# span 9 = 1.2367e-01, 4.6497e+02       
# span 10 =    -0.4116,   140.2311      
# span 11 =     -0.671,      9.344      
# span 12 =     -0.973,     13.552      
# span 13 =     7.8863,    13.9198      
# span 14 = 0.0000e+00, 0.0000e+00      
# interval = seconds: 0.25
# start_time = Apr 19 2022 06:33:30 [Instrument's time stamp, header]
# bad_flag = -9.990e-29
*END*
[from data line 193]
     -0.677 -1.279e-09     9.9128     91.976      1.455   1.073363    -0.1049     -2.771 -1240.7368 4.4419e+02    -0.0279     -0.664     -0.963    11.9918 0.0000e+00
     -0.677 -1.163e-10     9.9227     92.000      1.469   1.082788    -0.1101     -2.776 -1240.7447 4.4406e+02    -0.0741     -0.664     -0.963    11.9646 0.0000e+00
     -0.677 -1.057e-11     9.9275     92.016      1.440   1.060900    -0.1129     -2.776 -1240.7455 4.4420e+02    -0.1116     -0.664     -0.963    11.9390 0.0000e+00
     -0.677 -9.610e-13     9.9287     92.028      1.442   1.061937    -0.1057     -2.777 -1240.7455 4.4513e+02    -0.1057     -0.664     -0.963    11.9143 0.0000e+00
     -0.678 -8.735e-14     9.9368     92.037      1.488   1.095324    -0.0985     -2.778 -1240.7455 4.4636e+02    -0.0721     -0.665     -0.964    11.8882 0.0000e+00
     -0.678 -7.940e-15     9.9466     92.047      1.474   1.084758    -0.1002     -2.778 -1240.7455 4.4741e+02    -0.0465     -0.665     -0.964    11.8631 0.0000e+00
     -0.678 -7.220e-16     9.9525     92.062      1.442   1.060787    -0.1093     -2.779 -1240.7455 4.4901e+02    -0.0347     -0.664     -0.963    11.8393 0.0000e+00
     -0.678 -6.565e-17     9.9590     92.069      1.440   1.058711    -0.1093     -2.780 -1240.7455 4.5065e+02    -0.0318     -0.665     -0.964    11.8188 0.0000e+00
     -0.677 -5.965e-18     9.9628     92.057      1.442   1.059653    -0.1075     -2.780 -1240.7455 4.5152e+02    -0.0462     -0.664     -0.963    11.8060 0.0000e+00
     -0.677 -5.425e-19     9.9664     92.048      1.461   1.072182    -0.1135     -2.781 -1240.7455 4.5181e+02    -0.0720     -0.664     -0.964    11.7918 0.0000e+00
     -0.677 -4.931e-20     9.9733     92.067      1.477   1.083596    -0.1155     -2.782 -1240.7455 4.5183e+02    -0.1037     -0.665     -0.963    11.7715 0.0000e+00
     -0.677 -4.483e-21     9.9803     92.095      1.461   1.071050    -0.1061     -2.783 -1240.7455 4.5223e+02    -0.0887     -0.664     -0.962    11.7492 0.0000e+00
     -0.677 -4.075e-22     9.9831     92.112      1.429   1.047088    -0.1000     -2.783 -1240.7455 4.5268e+02    -0.0607     -0.664     -0.963    11.7253 0.0000e+00
     -0.677 -3.705e-23     9.9863     92.121      1.429   1.047088    -0.1081     -2.784 -1240.7455 4.5282e+02    -0.1082     -0.664     -0.963    11.7001 0.0000e+00
     -0.677 -3.341e-24     9.9949     92.116      1.463   1.071050    -0.1130     -2.785 -1240.7455 4.5326e+02    -0.1166     -0.664     -0.963    11.6767 0.0000e+00
     -0.677 -1.006e-26    10.0042     92.116      1.481   1.083597    -0.1090     -2.786 -1240.7455 4.5400e+02    -0.0599     -0.664     -0.963    11.6560 0.0000e+00
     -0.677 3.2297e-24    10.0091     92.133      1.466   1.072183    -0.1007     -2.786 -1240.7455 4.5450e+02    -0.0367     -0.664     -0.963    11.6361 0.0000e+00
     -0.677 3.5831e-23    10.0165     92.149      1.449   1.059645    -0.0962     -2.787 -1240.7455 4.5488e+02    -0.0415     -0.664     -0.963    11.6155 0.0000e+00
     -0.677 3.9416e-22    10.0188     92.160      1.448   1.058609    -0.0957     -2.787 -1240.7455 4.5525e+02    -0.0498     -0.664     -0.963    11.5957 0.0000e+00
     -0.677 4.3358e-21    10.0225     92.175      1.450   1.059655    -0.0867     -2.787 -1240.7455 4.5538e+02    -0.0682     -0.664     -0.963    11.5759 0.0000e+00
     -0.677 4.7694e-20    10.0306     92.197      1.467   1.072296    -0.0876     -2.787 -1240.7455 4.5557e+02    -0.0933     -0.665     -0.964    11.5563 0.0000e+00
     -0.677 5.2463e-19    10.0354     92.220      1.485   1.084842    -0.0976     -2.788 -1240.7455 4.5588e+02    -0.0801     -0.664     -0.963    11.5421 0.0000e+00
     -0.677 5.7710e-18    10.0378     92.245      1.486   1.084747    -0.1077     -2.788 -1240.7455 4.5613e+02    -0.0453     -0.665     -0.964    11.5350 0.0000e+00
     -0.677 6.3481e-17    10.0396     92.244      1.467   1.071145    -0.1185     -2.788 -1240.7455 4.5658e+02    -0.0486     -0.664     -0.963    11.5319 0.0000e+00
     -0.677 6.9829e-16    10.0449     92.213      1.434   1.046986    -0.1114     -2.788 -1240.7455 4.5700e+02    -0.0855     -0.664     -0.963    11.5256 0.0000e+00
     -0.677 7.6811e-15    10.0485     92.201      1.433   1.045854    -0.1052     -2.789 -1240.7455 4.5712e+02    -0.1155     -0.665     -0.964    11.5137 0.0000e+00
     -0.677 8.4493e-14    10.0556     92.211      1.449   1.057467    -0.1106     -2.789 -1240.7455 4.5736e+02    -0.1039     -0.664     -0.963    11.5039 0.0000e+00
     -0.677 9.2942e-13    10.0583     92.219      1.454   1.060787    -0.1101     -2.789 -1240.7455 4.5772e+02    -0.0824     -0.664     -0.963    11.4974 0.0000e+00
     -0.678 1.0224e-11    10.0523     92.225      1.489   1.085995    -0.1161     -2.790 -1240.7455 4.5781e+02    -0.0948     -0.665     -0.964    11.4904 0.0000e+00
     -0.678 1.1246e-10    10.0538     92.231      1.521   1.109032    -0.1247     -2.790 -1240.7455 4.5780e+02    -0.1164     -0.665     -0.964    11.4805 0.0000e+00
     -0.677 1.2371e-09    10.0590     92.242      1.490   1.086118    -0.1139     -2.790 -1240.7455 4.5799e+02    -0.1041     -0.664     -0.963    11.4715 0.0000e+00
     -0.677 1.3608e-08    10.0600     92.247      1.458   1.062157    -0.1019     -2.791 -1240.7455 4.5834e+02    -0.1181     -0.664     -0.963    11.4657 0.0000e+00
     -0.678 1.4968e-07    10.0630     92.236      1.473   1.072534    -0.1125     -2.791 -1240.7455 4.5882e+02    -0.1828     -0.665     -0.964    11.4595 0.0000e+00
     -0.678 2.7442e-07    10.0644     92.230      1.491   1.084988    -0.1268     -2.792 -1240.7455 4.5924e+02    -0.2024     -0.665     -0.964    11.4516 0.0000e+00
     -0.678 1.4968e-07    10.0689     92.249      1.493   1.086120    -0.1242     -2.792 -1240.7455 4.5940e+02    -0.1505     -0.665     -0.964    11.4398 0.0000e+00
     -0.678 1.3598e-08    10.0743     92.278      1.493   1.086222    -0.1144     -2.793 -1240.7455 4.5962e+02    -0.1024     -0.665     -0.964    11.4250 0.0000e+00
     -0.678 1.1378e-09    10.0749     92.303      1.494   1.086232    -0.1083     -2.793 -1240.7455 4.5986e+02    -0.0987     -0.664     -0.963    11.4089 0.0000e+00
     -0.678 1.4582e-10    10.0769     92.328      1.494   1.086233    -0.1088     -2.793 -1240.7455 4.6003e+02    -0.1057     -0.665     -0.964    11.3938 0.0000e+00
     -0.677 1.6040e-09    10.0825     92.338      1.494   1.086224    -0.1117     -2.794 -1240.7455 4.6061e+02    -0.1532     -0.664     -0.963    11.3817 0.0000e+00
     -0.677 1.7644e-08    10.0899     92.323      1.494   1.086119    -0.1104     -2.794 -1240.7455 4.6111e+02    -0.2630     -0.664     -0.962    11.3703 0.0000e+00
     -0.677 1.9408e-07    10.0935     92.303      1.493   1.084969    -0.1095     -2.794 -1240.7455 4.6092e+02    -0.3405     -0.664     -0.963    11.3583 0.0000e+00
     -0.677 2.7217e-07    10.1006     92.298      1.476   1.072319    -0.1179     -2.795 -1240.7455 4.6078e+02    -0.3040     -0.664     -0.963    11.3478 0.0000e+00
     -0.677 1.7441e-07    10.1038     92.320      1.460   1.059770    -0.1198     -2.795 -1240.7455 4.6095e+02    -0.2319     -0.664     -0.962    11.3407 0.0000e+00
     -0.677 8.7435e-08    10.1024     92.335      1.460   1.059855    -0.1076     -2.796 -1240.7455 4.6095e+02    -0.2537     -0.664     -0.963    11.3321 0.0000e+00
     -0.677 7.9485e-09    10.1036     92.335      1.480   1.073344    -0.1120     -2.796 -1240.7455 4.6087e+02    -0.3286     -0.664     -0.962    11.3191 0.0000e+00
     -0.677 7.2260e-10    10.1033     92.345      1.512   1.096260    -0.1225     -2.797 -1240.7455 4.6085e+02    -0.3523     -0.664     -0.962    11.3077 0.0000e+00
     -0.677 6.5690e-11    10.1117     92.370      1.496   1.083711    -0.1181     -2.797 -1240.7455 4.6108e+02    -0.2673     -0.664     -0.963    11.2961 0.0000e+00
     -0.677 5.9720e-12    10.1173     92.391      1.447   1.048230    -0.1176     -2.798 -1240.7455 4.6147e+02    -0.1200     -0.664     -0.963    11.2796 0.0000e+00
     -0.677 5.4290e-13    10.1194     92.394      1.446   1.047080    -0.1165     -2.798 -1240.7455 4.6167e+02    -0.0068     -0.664     -0.963    11.2620 0.0000e+00
     -0.677 4.9354e-14    10.1248     92.378      1.479   1.069805    -0.1047     -2.799 -1240.7455 4.6188e+02     0.0434     -0.664     -0.963    11.2454 0.0000e+00
     -0.677 4.4867e-15    10.1317     92.363      1.479   1.069787    -0.1002     -2.800 -1240.7455 4.6223e+02     0.0093     -0.664     -0.962    11.2301 0.0000e+00
     -0.677 4.0789e-16    10.1384     92.369      1.448   1.046862    -0.1115     -2.800 -1240.7455 4.6244e+02    -0.0096     -0.663     -0.962    11.2157 0.0000e+00
     -0.677 3.7080e-17    10.1416     92.386      1.447   1.045823    -0.1162     -2.801 -1240.7455 4.6242e+02    -0.0143     -0.664     -0.962    11.2006 0.0000e+00
     -0.677 3.3709e-18    10.1440     92.407      1.464   1.057229    -0.1074     -2.802 -1240.7455 4.6244e+02    -0.0483     -0.664     -0.963    11.1840 0.0000e+00
     -0.677 3.0645e-19    10.1439     92.428      1.465   1.058173    -0.0960     -2.802 -1240.7455 4.6267e+02    -0.0439     -0.664     -0.963    11.1660 0.0000e+00
     -0.676 2.7859e-20    10.1509     92.440      1.465   1.057230    -0.0950     -2.803 -1240.7455 4.6296e+02    -0.0641     -0.663     -0.962    11.1483 0.0000e+00
     -0.676 2.5326e-21    10.1566     92.439      1.450   1.045823    -0.1036     -2.803 -1240.7455 4.6321e+02    -0.0880     -0.663     -0.961    11.1291 0.0000e+00
     -0.676 2.3024e-22    10.1639     92.432      1.452   1.046862    -0.1003     -2.804 -1240.7455 4.6339e+02    -0.0590     -0.663     -0.962    11.1100 0.0000e+00
     -0.676 2.0931e-23    10.1701     92.436      1.484   1.069787    -0.0972     -2.804 -1240.7455 4.6327e+02    -0.0552     -0.663     -0.962    11.0947 0.0000e+00
     -0.676 1.9028e-24    10.1744     92.445      1.484   1.069797    -0.1074     -2.804 -1240.7455 4.6312e+02    -0.0768     -0.664     -0.963    11.0816 0.0000e+00
     -0.676 1.7298e-25    10.1782     92.455      1.453   1.046975    -0.1071     -2.805 -1240.7455 4.6323e+02    -0.0467     -0.663     -0.962    11.0674 0.0000e+00
     -0.676 1.5726e-26    10.1784     92.466      1.454   1.047069    -0.0936     -2.805 -1240.7454 4.6343e+02    -0.0327     -0.663     -0.962    11.0536 0.0000e+00
     -0.676 1.4296e-27    10.1835     92.471      1.488   1.070936    -0.0945     -2.806 -1240.7440 4.6375e+02    -0.0787     -0.664     -0.963    11.0426 0.0000e+00
     -0.676 1.2997e-28    10.1860     92.472      1.505   1.082332    -0.1092     -2.806 -1240.7295 4.6383e+02    -0.0898     -0.663     -0.962    11.0322 0.0000e+00
     -0.677 1.1815e-29    10.1896     92.492      1.472   1.058249    -0.1136     -2.807 -1240.5695 4.6373e+02    -0.0638     -0.664     -0.963    11.0221 0.0000e+00
     -0.677 1.0741e-30    10.1944     92.522      1.437   1.032955    -0.1140     -2.807 -1238.8091 4.6389e+02    -0.0387     -0.664     -0.963    11.0096 0.0000e+00
     -0.676 9.7645e-32    10.1993     92.530      1.433   1.029720    -0.1230     -2.807 -1219.4451 4.6445e+02    -0.0594     -0.663     -0.962    10.9924 0.0000e+00
     -0.676 8.8770e-33    10.2016     92.529      1.418   1.019144    -0.1214     -2.805 -1006.4414 4.6497e+02    -0.1086     -0.663     -0.962    10.9760 0.0000e+00
     -0.677 8.0700e-34    10.2070     92.530      1.436   1.031682    -0.1035     -2.770  -771.0171 4.6492e+02    -0.0878     -0.664     -0.963    10.9609 0.0000e+00
     -0.677 7.3360e-35    10.2172     92.521      1.469   1.054710    -0.0905     -2.392  -480.5672 4.6477e+02    -0.0463     -0.664     -0.963    10.9469 0.0000e+00
     -0.676 6.6690e-36    10.2183     92.533      1.455   1.044360    -0.0970     -0.856   305.7698 4.6459e+02    -0.0848     -0.663     -0.962    10.9371 0.0000e+00
     -0.676 6.0630e-37    10.2196     92.563      1.440   1.033154    -0.1155      1.269   898.3399 4.6036e+02    -0.1443     -0.663     -0.962    10.9270 0.0000e+00
     -0.676 5.5120e-38    10.2253     92.572      1.458   1.045823    -0.1221      1.100   869.9587 4.4001e+02    -0.1166     -0.663     -0.962    10.9151 0.0000e+00
     -0.677 5.0105e-39    10.2240     92.576      1.493   1.070927    -0.1108     -1.251   629.5916 3.9546e+02    -0.0568     -0.664     -0.963    10.9020 0.0000e+00
     -0.677 4.5567e-40    10.2284     92.594      1.511   1.083474    -0.1035     -2.333    -3.4614 3.4243e+02    -0.0699     -0.664     -0.963    10.8879 0.0000e+00
     -0.677 4.3015e-41    10.2385     92.609      1.494   1.070918    -0.1089     -1.173  -826.3578 3.0421e+02    -0.1041     -0.664     -0.963    10.8767 0.0000e+00
     -0.677 2.1409e-41    10.2397     92.622      1.459   1.045719    -0.1098      0.971 -1203.0351 2.8315e+02    -0.1295     -0.664     -0.963    10.8665 0.0000e+00
     -0.677 1.9444e-40    10.2412     92.620      1.441   1.032012    -0.1053      2.665 -1236.8903 2.7764e+02    -0.1721     -0.664     -0.963    10.8552 0.0000e+00
     -0.677 2.1351e-39    10.2484     92.613      1.441   1.031796    -0.1046      3.353 -1235.6983 2.9506e+02    -0.1411     -0.664     -0.963    10.8448 0.0000e+00
     -0.677 2.3485e-38    10.2507     92.626      1.457   1.043106    -0.1012      3.541 -1188.6229 3.1930e+02    -0.0626     -0.664     -0.963    10.8335 0.0000e+00
     -0.677 2.5834e-37    10.2572     92.629      1.456   1.042154    -0.1052      2.820  -667.7054 3.2570e+02    -0.0763     -0.664     -0.963    10.8190 0.0000e+00
     -0.677 2.8417e-36    10.2605     92.629      1.426   1.020274    -0.1204      0.507   274.0701 3.2145e+02    -0.1359     -0.664     -0.963    10.8068 0.0000e+00
     -0.677 3.1259e-35    10.2571     92.657      1.442   1.031784    -0.1185     -1.846   614.3046 3.1821e+02    -0.1339     -0.664     -0.963    10.8002 0.0000e+00
     -0.677 3.4385e-34    10.2650     92.687      1.475   1.054709    -0.0989     -2.726   118.2151 3.1844e+02    -0.0866     -0.664     -0.963    10.7927 0.0000e+00
     -0.677 3.7823e-33    10.2662     92.687      1.460   1.044246    -0.0830     -2.806  -595.0476 3.2229e+02    -0.0767     -0.664     -0.963    10.7825 0.0000e+00
     -0.677 4.1606e-32    10.2663     92.687      1.443   1.031887    -0.0854     -2.814 -1027.1786 3.1802e+02    -0.1162     -0.664     -0.963    10.7726 0.0000e+00
     -0.677 4.5766e-31    10.2731     92.706      1.443   1.031887    -0.1026     -2.814  -651.7028 3.0154e+02    -0.1199     -0.664     -0.963    10.7640 0.0000e+00
     -0.677 5.0343e-30    10.2804     92.719      1.461   1.044236    -0.1074     -2.814   289.2477 2.8372e+02    -0.0874     -0.664     -0.963    10.7593 0.0000e+00
     -0.677 5.5377e-29    10.2781     92.734      1.476   1.054594    -0.1021     -2.814   764.5705 2.7382e+02    -0.0993     -0.664     -0.963    10.7580 0.0000e+00
     -0.677 6.0915e-28    10.2766     92.729      1.443   1.030517    -0.1048     -2.807   293.5342 2.7128e+02    -0.1273     -0.664     -0.963    10.7548 0.0000e+00
     -0.677 6.7006e-27    10.2842     92.704      1.409   1.006338    -0.1065     -2.732  -616.3784 2.6304e+02    -0.0844     -0.664     -0.963    10.7501 0.0000e+00
     -0.677 7.3707e-26    10.2840     92.707      1.422   1.015461    -0.1066     -1.898  -645.7929 2.4920e+02    -0.0243     -0.664     -0.963    10.7418 0.0000e+00
     -0.677 8.1078e-25    10.2912     92.727      1.420   1.014215    -0.1137      0.046   280.1492 2.4779e+02    -0.0499     -0.664     -0.963    10.7302 0.0000e+00
     -0.677 8.9186e-24    10.2937     92.736      1.388   0.991272    -0.1182      2.322   487.2205 2.5993e+02    -0.1207     -0.664     -0.963    10.7225 0.0000e+00
     -0.677 9.8104e-23    10.2867     92.751      1.388   0.991271    -0.1103      4.667  -268.7443 2.7360e+02    -0.1624     -0.664     -0.963    10.7178 0.0000e+00
     -0.677 1.0791e-21    10.2911     92.779      1.420   1.014205    -0.1013      6.647  -628.1786 2.8145e+02    -0.1788     -0.664     -0.963    10.7113 0.0000e+00
