Data/DataNotYetUploadedToEDI/Raw_CTD/RawDownloads/041922_fcr50_0001.cnv
* Sea-Bird SBE19plus  Data File:
* FileName = C:\R\Reservoirs\Data\DataNotYetUploadedToEDI\Raw_CTD\RawDownloads\041922_fcr50_0001.hex
* Software version 2.8.0.119
* Temperature SN = 7809
* Conductivity SN = 7809
* System UpLoad Time = Apr 19 2022 09:56:58
* <ApplicationData>
* <Seaterm232>
# nquan = 15
# nvalues = 1895                        
# units = specified
# name 0 = depFM: Depth [fresh water, m]
# name 1 = dz/dtM: Descent Rate [m/s]
# name 2 = sbeox0Mg/L: Oxygen, SBE 43 [mg/l]
# name 3 = sbeox0PS: Oxygen, SBE 43 [% saturation]
# name 4 = specc: Specific Conductance [uS/cm]
# name 5 = c0uS/cm: Conductivity [uS/cm]
# name 6 = flECO-AFL: Fluorescence, WET Labs ECO-AFL/FL [mg/m^3]
# name 7 = ph: pH
# name 8 = orp: Oxidation Reduction Potential [mV]
# name 9 = par/sat/log: PAR/Logarithmic, Satlantic
# name 10 = turbWETntu0: Turbidity, WET Labs ECO [NTU]
# name 11 = prdM: Pressure, Strain Gauge [db]
# name 12 = prdE: Pressure, Strain Gauge [psi]
# name 13 = tv290C: Temperature [ITS-90, deg C]
# name 14 = flag:  0.000e+00
# span 0 =     -0.683,      9.528       
# span 1 =     -0.217,      0.119       
# span 2 =    -0.1110,    10.6889       
# span 3 =     -0.889,     99.726       
# span 4 =      1.336,    293.597       
# span 5 =   0.977581, 193.147105       
# span 6 =    -0.1338,    18.7399       
# span 7 =     -2.814,     10.102       
# span 8 = -1240.7455,  1240.2295       
# span 9 = 1.2367e-01, 4.6497e+02       
# span 10 =    -0.4116,   140.2311      
# span 11 =     -0.671,      9.344      
# span 12 =     -0.973,     13.552      
# span 13 =     7.8863,    13.9198      
# span 14 = 0.0000e+00, 0.0000e+00      
# interval = seconds: 0.25
# start_time = Apr 19 2022 06:33:30 [Instrument's time stamp, header]
# bad_flag = -9.990e-29
*END*
[from data line 1350]
      9.272     -0.164     0.1223      3.247     46.372  30.595678     3.9758      6.400   355.3390 1.2379e-01     7.4591      9.093     13.188     7.9426 0.0000e+00
      9.241     -0.160     0.1258      4.893     45.387  29.953181     4.1945      6.404   355.5431 1.2382e-01     7.0133      9.067     13.149     7.9557 0.0000e+00
      9.201     -0.155     0.1548      6.861     44.931  29.658864     4.3047      6.408   355.4010 1.2381e-01     6.7863      9.027     13.092     7.9679 0.0000e+00
      9.155     -0.154     0.2249      9.022     44.792  29.572939     4.3093      6.412   355.2551 1.2384e-01     6.7312      8.978     13.021     7.9786 0.0000e+00
      9.109     -0.156     0.3620     11.252     44.651  29.484830     4.3587      6.416   355.2422 1.2384e-01     6.6207      8.930     12.951     7.9874 0.0000e+00
      9.071     -0.159     0.5682     13.393     44.160  29.164101     4.4360      6.420   355.3310 1.2381e-01     6.4404      8.893     12.897     7.9955 0.0000e+00
      9.039     -0.160     0.8046     15.422     43.509  28.737895     4.4700      6.423   355.8977 1.2380e-01     6.2931      8.866     12.861     8.0031 0.0000e+00
      9.002     -0.160     1.0634     17.343     43.263  28.578905     4.4696      6.425   356.5879 1.2377e-01     6.2739      8.832     12.810     8.0096 0.0000e+00
      8.957     -0.161     1.3387     19.084     43.248  28.573018     4.4154      6.427   356.6216 1.2372e-01     6.3790      8.784     12.740     8.0150 0.0000e+00
      8.911     -0.162     1.5901     20.640     43.096  28.476549     4.3221      6.429   356.3909 1.2369e-01     6.5051      8.737     12.671     8.0190 0.0000e+00
      8.867     -0.162     1.8270     22.062     42.920  28.363380     4.2732      6.430   356.3804 1.2368e-01     6.5004      8.695     12.611     8.0229 0.0000e+00
      8.825     -0.157     2.0619     23.389     42.793  28.282341     4.2737      6.432   356.2359 1.2371e-01     6.4246      8.653     12.550     8.0275 0.0000e+00
      8.786     -0.149     2.2660     24.656     42.751  28.257407     4.3941      6.435   356.0208 1.2379e-01     6.1689      8.615     12.494     8.0322 0.0000e+00
      8.751     -0.141     2.4466     25.868     42.835  28.315472     4.6231      6.437   356.5320 1.2383e-01     5.6977      8.582     12.445     8.0365 0.0000e+00
      8.717     -0.135     2.6144     26.962     42.885  28.350501     4.7531      6.439   357.4267 1.2380e-01     5.4081      8.548     12.398     8.0402 0.0000e+00
      8.683     -0.132     2.7686     27.868     42.807  28.300601     4.7757      6.441   357.5456 1.2381e-01     5.3309      8.515     12.350     8.0437 0.0000e+00
      8.651     -0.132     2.9181     28.598     42.683  28.219260     4.8550      6.443   357.1955 1.2386e-01     5.2423      8.483     12.303     8.0470 0.0000e+00
      8.621     -0.135     3.0634     29.180     42.543  28.127693     5.0037      6.445   356.9802 1.2386e-01     5.1569      8.456     12.264     8.0500 0.0000e+00
      8.589     -0.139     3.1983     29.609     42.374  28.017540     5.0925      6.445   356.8348 1.2386e-01     5.1522      8.425     12.220     8.0524 0.0000e+00
      8.550     -0.142     3.3026     29.885     42.197  27.901640     5.0961      6.445   356.9009 1.2386e-01     5.1520      8.386     12.163     8.0539 0.0000e+00
      8.510     -0.144     3.3874     30.053     42.047  27.803977     5.0887      6.446   357.0907 1.2381e-01     5.0864      8.343     12.102     8.0547 0.0000e+00
      8.471     -0.144     3.4571     30.165     41.924  27.724154     5.1032      6.447   357.1504 1.2380e-01     5.0074      8.306     12.047     8.0556 0.0000e+00
      8.434     -0.141     3.5081     30.252     41.880  27.697177     5.1393      6.448   357.1931 1.2385e-01     4.9480      8.270     11.996     8.0572 0.0000e+00
      8.399     -0.135     3.5384     30.352     41.929  27.731363     5.1665      6.449   357.1764 1.2386e-01     4.9154      8.235     11.944     8.0591 0.0000e+00
      8.365     -0.127     3.5551     30.482     41.965  27.757166     5.1664      6.450   357.0347 1.2381e-01     4.8867      8.202     11.897     8.0611 0.0000e+00
      8.333     -0.119     3.5683     30.645     41.960  27.755611     5.1457      6.451   357.0285 1.2376e-01     4.8733      8.172     11.853     8.0629 0.0000e+00
      8.303     -0.113     3.5755     30.861     41.893  27.712553     5.1162      6.451   357.1013 1.2379e-01     4.8903      8.142     11.807     8.0648 0.0000e+00
      8.275     -0.108     3.5871     31.143     41.747  27.616883     5.1010      6.452   357.0545 1.2386e-01     4.8878      8.113     11.766     8.0677 0.0000e+00
      8.251     -0.108     3.6021     31.449     41.645  27.549706     5.1032      6.453   356.9787 1.2383e-01     4.8427      8.091     11.735     8.0704 0.0000e+00
      8.228     -0.111     3.6208     31.742     41.622  27.534199     5.1016      6.453   356.8737 1.2377e-01     4.7549      8.070     11.705     8.0723 0.0000e+00
      8.202     -0.116     3.6436     31.993     41.560  27.492787     5.0899      6.453   356.8164 1.2377e-01     4.6800      8.045     11.669     8.0738 0.0000e+00
      8.172     -0.121     3.6808     32.158     41.464  27.429319     5.0862      6.453   356.8888 1.2377e-01     4.6554      8.016     11.626     8.0747 0.0000e+00
      8.136     -0.126     3.7182     32.243     41.420  27.400695     5.0983      6.454   357.0608 1.2374e-01     4.6284      7.980     11.574     8.0748 0.0000e+00
      8.099     -0.127     3.7526     32.312     41.416  27.400246     5.1784      6.455   357.2618 1.2374e-01     4.6258      7.942     11.519     8.0744 0.0000e+00
      8.063     -0.125     3.7864     32.402     41.449  27.423886     5.3300      6.456   357.3404 1.2379e-01     4.6580      7.906     11.466     8.0742 0.0000e+00
      8.031     -0.120     3.8047     32.491     41.461  27.432981     5.4252      6.458   357.3229 1.2381e-01     4.6763      7.873     11.418     8.0741 0.0000e+00
      8.003     -0.116     3.8120     32.590     41.386  27.383442     5.4471      6.459   357.2215 1.2413e-01     4.6762      7.846     11.380     8.0746 0.0000e+00
      7.980     -0.116     3.8163     32.741     41.309  27.332017     5.4368      6.458   357.0612 1.2759e-01     4.5885      7.827     11.352     8.0769 0.0000e+00
      7.955     -0.119     3.8307     32.941     41.288  27.318299     5.3998      6.458   356.9335 1.3268e-01     4.4356      7.804     11.319     8.0800 0.0000e+00
      7.924     -0.124     3.8400     33.161     41.326  27.344360     5.3829      6.459   356.8810 1.3297e-01     4.3655      7.771     11.271     8.0815 0.0000e+00
      7.889     -0.126     3.8481     33.366     41.398  27.393575     5.3904      6.461   356.9429 1.3480e-01     4.3559      7.736     11.220     8.0809 0.0000e+00
      7.852     -0.123     3.8679     33.544     41.416  27.406249     5.3909      6.462   357.0797 1.4380e-01     4.3197      7.702     11.170     8.0801 0.0000e+00
      7.814     -0.116     3.8919     33.705     41.362  27.370833     5.3814      6.462   357.1584 1.4699e-01     4.3032      7.661     11.112     8.0804 0.0000e+00
      7.780     -0.107     3.9197     33.808     41.325  27.345687     5.3750      6.462   357.1204 1.4333e-01     4.3276      7.625     11.059     8.0818 0.0000e+00
      7.760     -0.098     3.9449     33.827     41.343  27.355747     5.3798      6.462   357.0509 1.4029e-01     4.3406      7.607     11.033     8.0838 0.0000e+00
      7.747     -0.090     3.9634     33.822     41.360  27.365692     5.3895      6.463   357.0062 1.4470e-01     4.3577      7.600     11.022     8.0855 0.0000e+00
      7.728     -0.083     3.9848     33.813     41.322  27.339162     5.4097      6.463   357.0105 1.6051e-01     4.3295      7.583     10.998     8.0855 0.0000e+00
      7.702     -0.080     4.0010     33.771     41.247  27.288520     5.4321      6.463   357.0163 1.7684e-01     4.2052      7.552     10.954     8.0841 0.0000e+00
      7.677     -0.082     3.9971     33.710     41.205  27.260480     5.4360      6.463   356.9901 1.8984e-01     4.1185      7.524     10.914     8.0820 0.0000e+00
      7.658     -0.086     3.9968     33.639     41.194  27.253686     5.4478      6.464   357.0371 1.8722e-01     4.1355      7.507     10.890     8.0796 0.0000e+00
      7.642     -0.086     3.9991     33.569     41.121  27.206378     5.5334      6.464   357.1546 1.7197e-01     4.1374      7.496     10.872     8.0785 0.0000e+00
      7.622     -0.083     3.9915     33.538     41.007  27.132198     5.6639      6.463   357.2934 1.7845e-01     4.1069      7.478     10.846     8.0779 0.0000e+00
      7.595     -0.082     3.9848     33.561     40.982  27.117421     5.7194      6.462   357.3388 2.0199e-01     4.1080      7.449     10.803     8.0770 0.0000e+00
      7.569     -0.083     3.9764     33.626     41.035  27.154489     5.7211      6.462   357.1873 2.1185e-01     4.1162      7.419     10.760     8.0779 0.0000e+00
      7.549     -0.084     3.9653     33.731     41.102  27.200069     5.7924      6.462   357.0093 2.0992e-01     4.1379      7.402     10.735     8.0798 0.0000e+00
      7.533     -0.083     3.9608     33.884     41.138  27.224808     5.9247      6.463   356.9946 2.1352e-01     4.1663      7.391     10.718     8.0811 0.0000e+00
      7.514     -0.080     3.9648     34.082     41.100  27.200054     5.9973      6.463   357.1808 2.2763e-01     4.1515      7.370     10.690     8.0828 0.0000e+00
      7.492     -0.077     3.9719     34.282     41.031  27.154324     6.0046      6.463   357.4538 2.4609e-01     4.1291      7.347     10.656     8.0850 0.0000e+00
      7.468     -0.076     3.9841     34.452     40.971  27.115597     5.9706      6.463   357.6278 2.5589e-01     4.1016      7.323     10.621     8.0870 0.0000e+00
      7.447     -0.076     4.0011     34.606     40.966  27.112131     5.8947      6.464   357.4786 2.5704e-01     4.0240      7.301     10.589     8.0883 0.0000e+00
      7.430     -0.078     4.0269     34.748     40.966  27.112418     5.8520      6.465   357.1122 2.6072e-01     3.9420      7.285     10.567     8.0887 0.0000e+00
      7.416     -0.083     4.0533     34.873     40.881  27.055679     5.8450      6.466   356.8968 2.7099e-01     3.8961      7.274     10.549     8.0886 0.0000e+00
      7.400     -0.088     4.0707     34.963     40.793  26.996594     5.8272      6.465   356.8532 2.9100e-01     3.8793      7.261     10.531     8.0889 0.0000e+00
      7.375     -0.096     4.0898     35.014     40.751  26.968500     5.7537      6.464   356.9297 3.1286e-01     3.9089      7.236     10.495     8.0895 0.0000e+00
      7.344     -0.104     4.1059     35.041     40.754  26.969537     5.6307      6.464   357.1336 3.3282e-01     3.9469      7.201     10.443     8.0896 0.0000e+00
      7.314     -0.108     4.1221     35.046     40.814  27.009137     5.5630      6.464   357.4255 3.4954e-01     3.9292      7.171     10.401     8.0891 0.0000e+00
      7.285     -0.105     4.1337     35.061     40.901  27.066982     5.5675      6.464   357.6198 3.5862e-01     3.8994      7.147     10.366     8.0884 0.0000e+00
      7.254     -0.095     4.1371     35.098     40.948  27.098452     5.7108      6.465   357.5036 3.6521e-01     3.8948      7.113     10.317     8.0874 0.0000e+00
      7.226     -0.085     4.1430     35.151     40.908  27.072714     5.9799      6.466   357.3121 3.6961e-01     3.9069      7.081     10.271     8.0865 0.0000e+00
      7.208     -0.075     4.1399     35.217     40.907  27.072722     6.1249      6.466   357.1962 3.7582e-01     3.9090      7.067     10.249     8.0866 0.0000e+00
      7.198     -0.066     4.1421     35.287     40.946  27.098548     6.1322      6.465   357.0493 3.8165e-01     3.8857      7.061     10.241     8.0871 0.0000e+00
      7.186     -0.060     4.1472     35.372     40.901  27.068042     6.1432      6.465   357.0847 3.8670e-01     3.8983      7.050     10.225     8.0874 0.0000e+00
      7.170     -0.059     4.1521     35.465     40.831  27.020803     6.1745      6.465   357.2797 3.9030e-01     3.9249      7.031     10.198     8.0878 0.0000e+00
      7.154     -0.061     4.1620     35.547     40.758  26.971091     6.2027      6.465   357.3427 4.0318e-01     3.9006      7.015     10.174     8.0884 0.0000e+00
      7.139     -0.064     4.1679     35.596     40.668  26.910685     6.1931      6.465   357.2441 4.2806e-01     3.8779      7.002     10.155     8.0883 0.0000e+00
      7.122     -0.065     4.1797     35.600     40.593  26.860906     6.0330      6.465   357.0341 4.4552e-01     3.8893      6.985     10.130     8.0876 0.0000e+00
      7.104     -0.065     4.1913     35.586     40.519  26.812918     5.7660      6.464   356.8683 4.6429e-01     3.9023      6.966     10.103     8.0861 0.0000e+00
      7.086     -0.066     4.2016     35.560     40.459  26.774177     5.6278      6.464   356.8744 4.8385e-01     3.8978      6.949     10.079     8.0844 0.0000e+00
      7.069     -0.068     4.2096     35.522     40.454  26.772804     5.6101      6.464   356.9358 4.9485e-01     3.8698      6.933     10.055     8.0834 0.0000e+00
      7.054     -0.070     4.2071     35.519     40.485  26.796311     5.6189      6.465   356.9220 5.0784e-01     3.8024      6.918     10.033     8.0835 0.0000e+00
      7.038     -0.071     4.2054     35.553     40.494  26.804862     5.6516      6.464   357.1375 5.2888e-01     3.7319      6.903     10.012     8.0842 0.0000e+00
      7.019     -0.073     4.2041     35.616     40.502  26.812815     5.6721      6.464   357.5630 5.4303e-01     3.7013      6.885      9.985     8.0857 0.0000e+00
      6.998     -0.075     4.1946     35.756     40.524  26.829082     5.6751      6.465   357.6780 5.4541e-01     3.6706      6.863      9.953     8.0884 0.0000e+00
      6.977     -0.075     4.1946     35.972     40.495  26.811390     5.6873      6.465   357.6670 5.5590e-01     3.6343      6.842      9.922     8.0917 0.0000e+00
      6.958     -0.074     4.2007     36.204     40.459  26.789060     5.8618      6.465   357.6890 5.7964e-01     3.6381      6.824      9.896     8.0953 0.0000e+00
      6.940     -0.073     4.2033     36.424     40.493  26.812647     6.1863      6.465   357.6003 6.0204e-01     3.6823      6.805      9.872     8.0988 0.0000e+00
      6.921     -0.071     4.2197     36.646     40.538  26.843036     6.3573      6.465   357.8847 6.1301e-01     3.6903      6.786      9.844     8.1011 0.0000e+00
      6.905     -0.070     4.2491     36.859     40.531  26.839561     6.3643      6.466   358.5459 6.2630e-01     3.6667      6.771      9.821     8.1029 0.0000e+00
      6.888     -0.069     4.2771     36.993     40.521  26.834015     6.3872      6.465   358.8841 6.4716e-01     3.7378      6.756      9.799     8.1047 0.0000e+00
      6.869     -0.066     4.3018     37.010     40.528  26.839367     6.4437      6.464   358.8763 6.5794e-01     3.8677      6.736      9.771     8.1060 0.0000e+00
      6.850     -0.065     4.3275     36.968     40.529  26.840888     6.4806      6.464   358.6244 6.6736e-01     3.9043      6.717      9.743     8.1069 0.0000e+00
      6.834     -0.066     4.3569     36.925     40.544  26.852405     6.4837      6.464   358.3335 6.8828e-01     3.8729      6.701      9.718     8.1080 0.0000e+00
      6.821     -0.069     4.3756     36.883     40.543  26.851849     6.4897      6.465   358.2840 7.0851e-01     3.8303      6.689      9.702     8.1092 0.0000e+00
      6.807     -0.074     4.3730     36.851     40.516  26.834161     6.5033      6.465   358.3703 7.1617e-01     3.7304      6.677      9.684     8.1104 0.0000e+00
      6.789     -0.079     4.3648     36.853     40.509  26.828702     6.5072      6.465   358.6883 7.2477e-01     3.6554      6.660      9.660     8.1117 0.0000e+00
