Data/DataNotYetUploadedToEDI/Raw_CTD/RawDownloads/041921_ccr50_0001.cnv
* Sea-Bird SBE19plus  Data File:
* FileName = C:\R\Reservoirs\Data\DataNotYetUploadedToEDI\Raw_CTD\RawDownloads\041921_ccr50_0001.hex
* Software version 2.8.0.119
* Temperature SN = 7809
* Conductivity SN = 7809
* System UpLoad Time = Apr 19 2021 18:56:31
* <ApplicationData>
* <Seaterm232>
# nquan = 16
# nvalues = 2476                        
# units = specified
# name 0 = depFM: Depth [fresh water, m]
# name 1 = dz/dtM: Descent Rate [m/s]
# name 2 = orp: Oxidation Reduction Potential [mV]
# name 3 = sbeox0Mg/L: Oxygen, SBE 43 [mg/l]
# name 4 = sbeox0PS: Oxygen, SBE 43 [% saturation]
# name 5 = par/sat/log: PAR/Logarithmic, Satlantic
# name 6 = ph: pH
# name 7 = specc: Specific Conductance [uS/cm]
# name 8 = c0uS/cm: Conductivity [uS/cm]
# name 9 = flECO-AFL: Fluorescence, WET Labs ECO-AFL/FL [mg/m^3]
# name 10 = turbWETntu0: Turbidity, WET Labs ECO [NTU]
# name 11 = tv290C: Temperature [ITS-90, deg C]
# name 12 = density00: Density [density, kg/m^3]
# name 13 = prdE: Pressure, Strain Gauge [psi]
# name 14 = prdM: Pressure, Strain Gauge [db]
# name 15 = flag:  0.000e+00
# span 0 =     -0.536,     21.499       
# span 1 =     -0.455,      0.319       
# span 2 =  -627.1596,   431.9462       
# span 3 =     6.9620,    10.6219       
# span 4 =     59.293,     99.122       
# span 5 = 1.2354e-01, 5.4273e+02       
# span 6 =     15.446,     15.661       
# span 7 =      2.462,    161.017       
# span 8 =   1.918043, 106.909240       
# span 9 =    -0.9814,     2.9972       
# span 10 =    -0.9919,    11.8150      
# span 11 =     8.1949,    14.8974      
# span 12 =   999.1360,   999.9994      
# span 13 =     -0.763,     30.581      
# span 14 =     -0.526,     21.085      
# span 15 = 0.0000e+00, 0.0000e+00      
# interval = seconds: 0.25
# start_time = Apr 18 2021 21:36:47 [Instrument's time stamp, header]
# bad_flag = -9.990e-29
*END*
[from data line 814]
      5.874      0.069   400.6874    10.3139     93.182 1.5729e+01     15.591     50.285  36.179599     2.2416     2.1639    11.2356   999.6302      8.354      5.760 0.0000e+00
      5.892      0.064   400.7485    10.2954     93.330 1.5593e+01     15.593     50.302  36.147760     2.2725     2.1854    11.1766   999.6364      8.381      5.778 0.0000e+00
      5.909      0.058   400.8416    10.2443     93.375 1.5460e+01     15.593     50.285  36.108637     2.2952     2.1940    11.1112   999.6432      8.405      5.795 0.0000e+00
      5.924      0.053   400.8663    10.2409     93.334 1.5340e+01     15.594     50.287  36.087303     2.3063     2.2334    11.0325   999.6514      8.427      5.810 0.0000e+00
      5.936      0.048   400.8760    10.2832     93.299 1.5275e+01     15.597     50.324  36.080170     2.3121     2.2849    10.9638   999.6585      8.446      5.823 0.0000e+00
      5.946      0.044   400.9595    10.3141     93.301 1.5223e+01     15.599     50.397  36.085819     2.3169     2.3350    10.9222   999.6627      8.459      5.832 0.0000e+00
      5.955      0.042   401.1874    10.3237     93.281 1.5128e+01     15.599     50.464  36.092099     2.3172     2.3589    10.8994   999.6650      8.468      5.838 0.0000e+00
      5.965      0.040   401.3076    10.3175     93.175 1.5014e+01     15.599     50.487  36.092589     2.3152     2.3678    10.8829   999.6667      8.481      5.848 0.0000e+00
      5.976      0.039   401.2941    10.3198     93.030 1.4904e+01     15.598     50.467  36.091724     2.3210     2.4078    10.8523   999.6697      8.501      5.861 0.0000e+00
      5.987      0.038   401.3689    10.3358     92.949 1.4820e+01     15.596     50.409  36.081656     2.3309     2.4310    10.7973   999.6753      8.517      5.872 0.0000e+00
      5.997      0.038   401.4374    10.3503     92.934 1.4771e+01     15.596     50.304  36.034356     2.3300     2.3742    10.7467   999.6803      8.531      5.882 0.0000e+00
      6.006      0.037   401.4345    10.3407     92.923 1.4724e+01     15.597     50.224  35.964078     2.3201     2.2361    10.7297   999.6821      8.543      5.890 0.0000e+00
      6.014      0.036   401.4202    10.3122     92.866 1.4655e+01     15.599     50.294  35.929983     2.3062     2.0992    10.7499   999.6801      8.553      5.897 0.0000e+00
      6.023      0.036   401.4366    10.2965     92.720 1.4560e+01     15.602     50.493  35.939329     2.3049     2.0591    10.7845   999.6767      8.565      5.906 0.0000e+00
      6.033      0.036   401.4606    10.2888     92.569 1.4464e+01     15.607     50.698  35.950019     2.3232     2.1283    10.8259   999.6727      8.582      5.917 0.0000e+00
      6.043      0.036   401.5376    10.2859     92.597 1.4401e+01     15.611     50.837  35.932160     2.3370     2.2145    10.8336   999.6719      8.597      5.927 0.0000e+00
      6.052      0.036   401.7666    10.3066     92.778 1.4345e+01     15.613     50.940  35.913654     2.3284     2.2094    10.7357   999.6816      8.609      5.935 0.0000e+00
      6.061      0.035   401.9060    10.3261     93.002 1.4269e+01     15.615     51.039  35.916554     2.3056     2.1352    10.5832   999.6965      8.621      5.944 0.0000e+00
      6.070      0.032   401.8465    10.3270     93.186 1.4196e+01     15.616     51.086  35.903697     2.2900     2.1067    10.4448   999.7097      8.634      5.952 0.0000e+00
      6.079      0.031   401.8207    10.3640     93.248 1.4136e+01     15.618     51.103  35.885067     2.2821     2.1048    10.3294   999.7206      8.648      5.962 0.0000e+00
      6.087      0.031   401.8518    10.4127     93.241 1.4102e+01     15.619     51.129  35.881649     2.2681     2.1124    10.2397   999.7289      8.659      5.970 0.0000e+00
      6.093      0.033   401.8792    10.4515     93.141 1.4074e+01     15.619     51.124  35.862358     2.2538     2.1643    10.1750   999.7348      8.666      5.974 0.0000e+00
      6.099      0.037   401.8936    10.4943     92.914 1.4009e+01     15.619     51.114  35.842177     2.2433     2.1483    10.1326   999.7387      8.673      5.980 0.0000e+00
      6.107      0.041   401.9396    10.4983     92.768 1.3915e+01     15.619     51.111  35.828016     2.2366     2.1253    10.1046   999.7412      8.685      5.988 0.0000e+00
      6.119      0.045   402.0920    10.5040     92.808 1.3800e+01     15.619     51.114  35.818037     2.2400     2.1951    10.0854   999.7430      8.702      6.000 0.0000e+00
      6.134      0.046   402.1875    10.5065     92.963 1.3667e+01     15.618     51.173  35.848432     2.2450     2.2029    10.0703   999.7444      8.724      6.015 0.0000e+00
      6.150      0.045   402.1472    10.4647     93.132 1.3561e+01     15.618     51.229  35.878211     2.2407     2.1511    10.0578   999.7456      8.749      6.032 0.0000e+00
      6.163      0.044   402.2077    10.4504     93.254 1.3508e+01     15.619     51.215  35.860780     2.2646     2.1526    10.0465   999.7467      8.769      6.046 0.0000e+00
      6.172      0.041   402.3162    10.4610     93.284 1.3463e+01     15.621     51.178  35.828055     2.3336     2.1868    10.0351   999.7477      8.779      6.054 0.0000e+00
      6.178      0.038   402.3404    10.4865     93.198 1.3396e+01     15.621     51.148  35.799820     2.3876     2.1863    10.0238   999.7487      8.786      6.059 0.0000e+00
      6.186      0.036   402.4147    10.5097     93.035 1.3318e+01     15.622     51.121  35.773222     2.4023     2.1464    10.0143   999.7497      8.799      6.066 0.0000e+00
      6.196      0.034   402.5253    10.5256     92.847 1.3239e+01     15.622     51.114  35.760297     2.4262     2.1165    10.0072   999.7503      8.812      6.075 0.0000e+00
      6.207      0.033   402.6449    10.5357     92.766 1.3164e+01     15.622     51.136  35.770462     2.4759     2.1337    10.0006   999.7509      8.829      6.087 0.0000e+00
      6.218      0.033   402.7430    10.5198     92.701 1.3106e+01     15.622     51.132  35.769194     2.5072     2.1835     9.9937   999.7516      8.846      6.099 0.0000e+00
      6.225      0.032   402.7651    10.5098     92.500 1.3065e+01     15.622     51.094  35.744961     2.5191     2.1694     9.9864   999.7522      8.856      6.106 0.0000e+00
      6.230      0.032   402.8257    10.4753     92.307 1.3006e+01     15.622     51.080  35.731314     2.5235     2.1685     9.9778   999.7530      8.861      6.110 0.0000e+00
      6.236      0.034   402.9603    10.4739     92.227 1.2929e+01     15.623     51.094  35.731106     2.5223     2.2762     9.9708   999.7537      8.868      6.114 0.0000e+00
      6.245      0.039   403.1016    10.4830     92.265 1.2873e+01     15.623     51.126  35.742427     2.5237     2.3725     9.9736   999.7535      8.882      6.123 0.0000e+00
      6.255      0.045   403.2437    10.4390     92.245 1.2814e+01     15.623     51.139  35.741264     2.5217     2.4062     9.9805   999.7528      8.895      6.133 0.0000e+00
      6.267      0.053   403.4739    10.4210     91.979 1.2702e+01     15.623     51.117  35.717034     2.5166     2.3749     9.9761   999.7533      8.909      6.143 0.0000e+00
      6.283      0.059   403.7340    10.4109     91.651 1.2577e+01     15.623     51.110  35.703294     2.5104     2.2682     9.9638   999.7545      8.936      6.161 0.0000e+00
      6.300      0.063   403.7215    10.4243     91.451 1.2474e+01     15.624     51.122  35.702046     2.5130     2.1805     9.9524   999.7556      8.962      6.180 0.0000e+00
      6.317      0.065   403.4945    10.4435     91.335 1.2357e+01     15.624     51.137  35.701933     2.5205     2.1729     9.9426   999.7565      8.982      6.194 0.0000e+00
      6.336      0.064   403.3977    10.3974     91.211 1.2214e+01     15.624     51.152  35.701923     2.5140     2.1765     9.9338   999.7573      9.013      6.214 0.0000e+00
      6.354      0.061   403.4987    10.3537     91.051 1.2085e+01     15.624     51.167  35.701915     2.4535     2.1905     9.9259   999.7581      9.041      6.234 0.0000e+00
      6.369      0.058   403.5965    10.3396     90.944 1.2001e+01     15.624     51.180  35.701822     2.3524     2.2722     9.9167   999.7590      9.058      6.246 0.0000e+00
      6.382      0.054   403.5481    10.3308     90.966 1.1938e+01     15.623     51.189  35.700783     2.3116     2.3742     9.9057   999.7600      9.077      6.259 0.0000e+00
      6.394      0.050   403.6017    10.3242     91.111 1.1878e+01     15.623     51.183  35.689351     2.3320     2.4283     9.8954   999.7610      9.095      6.271 0.0000e+00
      6.406      0.047   403.8142    10.3007     91.287 1.1821e+01     15.624     51.195  35.690504     2.3607     2.3768     9.8852   999.7619      9.112      6.282 0.0000e+00
      6.418      0.045   403.9664    10.2891     91.409 1.1749e+01     15.625     51.240  35.714724     2.3822     2.2325     9.8758   999.7628      9.129      6.294 0.0000e+00
      6.430      0.044   404.0662    10.2927     91.493 1.1664e+01     15.625     51.271  35.728341     2.3830     2.1258     9.8683   999.7635      9.146      6.306 0.0000e+00
      6.441      0.043   404.0738    10.3150     91.545 1.1587e+01     15.625     51.284  35.728223     2.3886     2.1166     9.8618   999.7641      9.162      6.317 0.0000e+00
      6.451      0.040   404.0577    10.3425     91.521 1.1529e+01     15.625     51.276  35.713285     2.4024     2.1556     9.8555   999.7647      9.175      6.326 0.0000e+00
      6.462      0.037   404.1302    10.3543     91.461 1.1467e+01     15.626     51.234  35.674639     2.3969     2.1866     9.8482   999.7654      9.190      6.336 0.0000e+00
      6.472      0.036   404.1757    10.3659     91.441 1.1392e+01     15.626     51.199  35.641694     2.3801     2.1813     9.8402   999.7662      9.207      6.347 0.0000e+00
      6.480      0.036   404.1779    10.3766     91.431 1.1334e+01     15.627     51.199  35.632245     2.3709     2.1608     9.8319   999.7669      9.219      6.356 0.0000e+00
      6.486      0.038   404.2427    10.3769     91.457 1.1289e+01     15.627     51.200  35.623845     2.3619     2.2133     9.8225   999.7677      9.225      6.360 0.0000e+00
      6.494      0.040   404.3569    10.3617     91.466 1.1236e+01     15.627     51.187  35.603577     2.3478     2.3347     9.8128   999.7686      9.235      6.367 0.0000e+00
      6.505      0.042   404.4402    10.3718     91.391 1.1156e+01     15.627     51.170  35.577550     2.3338     2.3929     9.8047   999.7693      9.250      6.378 0.0000e+00
      6.519      0.045   404.5608    10.3653     91.374 1.1046e+01     15.627     51.170  35.562977     2.3160     2.4024     9.7963   999.7701      9.272      6.393 0.0000e+00
      6.533      0.047   404.7837    10.3719     91.409 1.0955e+01     15.627     51.168  35.554276     2.2946     2.3804     9.7870   999.7710      9.294      6.407 0.0000e+00
      6.545      0.049   404.9842    10.3891     91.442 1.0892e+01     15.628     51.138  35.535805     2.2567     2.2981     9.7762   999.7719      9.310      6.418 0.0000e+00
      6.556      0.049   405.0059    10.3633     91.462 1.0828e+01     15.629     51.130  35.530019     2.2100     2.1978     9.7619   999.7732      9.325      6.429 0.0000e+00
      6.567      0.048   404.9608    10.3752     91.429 1.0752e+01     15.629     51.171  35.547778     2.1789     2.1287     9.7445   999.7747      9.341      6.440 0.0000e+00
      6.580      0.048   405.0408    10.3823     91.411 1.0661e+01     15.629     51.214  35.560148     2.1662     2.1488     9.7356   999.7755      9.357      6.452 0.0000e+00
      6.593      0.049   405.1993    10.3809     91.465 1.0570e+01     15.629     51.235  35.552640     2.1425     2.2356     9.7448   999.7748      9.379      6.466 0.0000e+00
      6.606      0.050   405.2417    10.3902     91.567 1.0489e+01     15.629     51.222  35.520436     2.0933     2.3539     9.7471   999.7746      9.396      6.478 0.0000e+00
      6.618      0.052   405.2096    10.3819     91.659 1.0415e+01     15.630     51.207  35.488037     2.0664     2.4120     9.7339   999.7758      9.412      6.490 0.0000e+00
      6.631      0.053   405.3276    10.3826     91.703 1.0337e+01     15.631     51.217  35.478185     2.0557     2.3543     9.7170   999.7773      9.431      6.503 0.0000e+00
      6.644      0.054   405.4639    10.3956     91.711 1.0254e+01     15.631     51.213  35.464755     2.0121     2.2052     9.6941   999.7793      9.449      6.516 0.0000e+00
      6.659      0.056   405.5668    10.4164     91.726 1.0179e+01     15.631     51.204  35.452563     1.9496     2.0171     9.6693   999.7814      9.471      6.530 0.0000e+00
      6.673      0.061   405.6257    10.4336     91.762 1.0108e+01     15.631     51.222  35.457682     1.9200     1.9351     9.6482   999.7833      9.493      6.545 0.0000e+00
      6.688      0.065   405.5722    10.4424     91.758 1.0028e+01     15.632     51.247  35.463191     1.9215     1.9005     9.6308   999.7847      9.511      6.558 0.0000e+00
      6.703      0.067   405.6089    10.4436     91.714 9.9223e+00     15.633     51.257  35.455697     1.8915     1.8042     9.6205   999.7857      9.530      6.570 0.0000e+00
      6.723      0.067   405.7256    10.4442     91.673 9.7968e+00     15.634     51.241  35.430521     1.8331     1.7317     9.6171   999.7861      9.559      6.590 0.0000e+00
      6.745      0.067   405.7784    10.4539     91.580 9.7058e+00     15.634     51.232  35.412600     1.8067     1.7111     9.6119   999.7866      9.598      6.617 0.0000e+00
      6.762      0.066   405.7310    10.4588     91.483 9.6499e+00     15.634     51.270  35.429388     1.7912     1.6924     9.5996   999.7878      9.622      6.634 0.0000e+00
      6.775      0.064   405.6692    10.4489     91.422 9.5808e+00     15.633     51.303  35.443116     1.7798     1.7117     9.5832   999.7892      9.635      6.642 0.0000e+00
      6.790      0.060   405.7190    10.4587     91.344 9.4987e+00     15.633     51.326  35.451651     1.8113     1.7723     9.5688   999.7904      9.656      6.657 0.0000e+00
      6.807      0.056   405.8173    10.4445     91.283 9.4231e+00     15.633     51.361  35.469114     1.8484     1.8418     9.5583   999.7913      9.683      6.676 0.0000e+00
      6.823      0.054   405.9111    10.4305     91.218 9.3606e+00     15.634     51.361  35.463879     1.8663     1.9330     9.5494   999.7922      9.705      6.692 0.0000e+00
      6.836      0.052   405.9931    10.4367     91.206 9.3133e+00     15.635     51.350  35.451813     1.8656     1.9481     9.5407   999.7930      9.723      6.703 0.0000e+00
      6.848      0.049   406.0339    10.4188     91.295 9.2668e+00     15.636     51.354  35.450135     1.8305     1.9225     9.5326   999.7937      9.739      6.715 0.0000e+00
      6.858      0.044   406.1468    10.4220     91.384 9.2120e+00     15.635     51.351  35.443585     1.7945     1.9316     9.5265   999.7943      9.755      6.726 0.0000e+00
      6.869      0.040   406.3263    10.4107     91.419 9.1555e+00     15.634     51.345  35.436076     1.7924     1.9208     9.5211   999.7947      9.771      6.738 0.0000e+00
      6.880      0.037   406.3963    10.4040     91.384 9.1139e+00     15.635     51.329  35.422802     1.8053     1.9292     9.5168   999.7951      9.788      6.749 0.0000e+00
      6.890      0.036   406.3909    10.4264     91.312 9.0851e+00     15.635     51.314  35.410007     1.8357     1.9309     9.5134   999.7955      9.801      6.758 0.0000e+00
      6.897      0.037   406.3478    10.4357     91.252 9.0605e+00     15.635     51.318  35.408279     1.8833     1.9070     9.5084   999.7959      9.810      6.764 0.0000e+00
      6.903      0.040   406.3051    10.4433     91.228 9.0430e+00     15.636     51.318  35.401895     1.9047     1.9145     9.5049   999.7962      9.817      6.768 0.0000e+00
