Data/DataNotYetUploadedToEDI/Raw_CTD/RawDownloads/041921_ccr50_0001.cnv
* Sea-Bird SBE19plus  Data File:
* FileName = C:\R\Reservoirs\Data\DataNotYetUploadedToEDI\Raw_CTD\RawDownloads\041921_ccr50_0001.hex
* Software version 2.8.0.119
* Temperature SN = 7809
* Conductivity SN = 7809
* System UpLoad Time = Apr 19 2021 18:56:31
* <ApplicationData>
* <Seaterm232>
# nquan = 16
# nvalues = 2476                        
# units = specified
# name 0 = depFM: Depth [fresh water, m]
# name 1 = dz/dtM: Descent Rate [m/s]
# name 2 = orp: Oxidation Reduction Potential [mV]
# name 3 = sbeox0Mg/L: Oxygen, SBE 43 [mg/l]
# name 4 = sbeox0PS: Oxygen, SBE 43 [% saturation]
# name 5 = par/sat/log: PAR/Logarithmic, Satlantic
# name 6 = ph: pH
# name 7 = specc: Specific Conductance [uS/cm]
# name 8 = c0uS/cm: Conductivity [uS/cm]
# name 9 = flECO-AFL: Fluorescence, WET Labs ECO-AFL/FL [mg/m^3]
# name 10 = turbWETntu0: Turbidity, WET Labs ECO [NTU]
# name 11 = tv290C: Temperature [ITS-90, deg C]
# name 12 = density00: Density [density, kg/m^3]
# name 13 = prdE: Pressure, Strain Gauge [psi]
# name 14 = prdM: Pressure, Strain Gauge [db]
# name 15 = flag:  0.000e+00
# span 0 =     -0.536,     21.499       
# span 1 =     -0.455,      0.319       
# span 2 =  -627.1596,   431.9462       
# span 3 =     6.9620,    10.6219       
# span 4 =     59.293,     99.122       
# span 5 = 1.2354e-01, 5.4273e+02       
# span 6 =     15.446,     15.661       
# span 7 =      2.462,    161.017       
# span 8 =   1.918043, 106.909240       
# span 9 =    -0.9814,     2.9972       
# span 10 =    -0.9919,    11.8150      
# span 11 =     8.1949,    14.8974      
# span 12 =   999.1360,   999.9994      
# span 13 =     -0.763,     30.581      
# span 14 =     -0.526,     21.085      
# span 15 = 0.0000e+00, 0.0000e+00      
# interval = seconds: 0.25
# start_time = Apr 18 2021 21:36:47 [Instrument's time stamp, header]
# bad_flag = -9.990e-29
*END*
[from data line 2080]
     13.587     -0.126   430.1619    10.1326     86.965 2.6909e-01     15.650     52.264  35.047086     0.1690     2.8801     8.5198   999.9016     19.334     13.331 0.0000e+00
     13.545     -0.139   430.1943    10.1537     86.955 2.9464e-01     15.651     52.297  35.071209     0.1888     2.8959     8.5217   999.9012     19.270     13.285 0.0000e+00
     13.495     -0.148   430.2803    10.1530     86.954 3.1894e-01     15.651     52.295  35.071209     0.2361     2.8346     8.5236   999.9008     19.191     13.232 0.0000e+00
     13.450     -0.151   430.4281    10.1664     86.925 3.2558e-01     15.650     52.258  35.047084     0.3027     2.7909     8.5246   999.9004     19.123     13.185 0.0000e+00
     13.414     -0.147   430.5176    10.1707     86.904 3.2087e-01     15.649     52.236  35.033352     0.3459     2.8139     8.5265   999.9002     19.078     13.154 0.0000e+00
     13.383     -0.140   430.5024    10.1598     86.855 3.2580e-01     15.649     52.233  35.032094     0.3671     2.8381     8.5290   999.9000     19.038     13.126 0.0000e+00
     13.350     -0.135   430.5030    10.1706     86.791 3.2954e-01     15.649     52.232  35.031875     0.4061     2.7753     8.5303   999.8997     18.988     13.092 0.0000e+00
     13.317     -0.134   430.5245    10.1576     86.894 3.3652e-01     15.649     52.229  35.030712     0.4648     2.6387     8.5309   999.8995     18.940     13.058 0.0000e+00
     13.284     -0.137   430.5041    10.1588     87.094 3.6142e-01     15.650     52.209  35.018030     0.4950     2.5592     8.5315   999.8993     18.895     13.027 0.0000e+00
     13.249     -0.140   430.5151    10.1598     87.194 3.8061e-01     15.650     52.189  35.005452     0.4940     2.6042     8.5321   999.8991     18.846     12.994 0.0000e+00
     13.210     -0.142   430.5710    10.1306     87.164 3.8777e-01     15.650     52.189  35.005547     0.4531     2.7354     8.5327   999.8989     18.789     12.955 0.0000e+00
     13.172     -0.145   430.5768    10.1524     87.075 3.9568e-01     15.649     52.209  35.019192     0.3632     2.8072     8.5334   999.8986     18.733     12.917 0.0000e+00
     13.136     -0.149   430.4995    10.1874     87.036 3.9456e-01     15.649     52.244  35.043516     0.3032     2.7852     8.5339   999.8984     18.684     12.882 0.0000e+00
     13.100     -0.151   430.4972    10.1966     87.116 3.9895e-01     15.649     52.246  35.045813     0.2910     2.7783     8.5347   999.8982     18.635     12.849 0.0000e+00
     13.062     -0.151   430.5485    10.1910     87.207 4.2067e-01     15.650     52.246  35.046965     0.2918     2.7923     8.5358   999.8979     18.580     12.810 0.0000e+00
     13.021     -0.151   430.5182    10.1747     87.159 4.4256e-01     15.651     52.261  35.057454     0.3315     2.7492     8.5360   999.8977     18.520     12.769 0.0000e+00
     12.980     -0.151   430.5604    10.1665     87.036 4.5809e-01     15.651     52.243  35.045717     0.3995     2.6344     8.5360   999.8976     18.461     12.728 0.0000e+00
     12.940     -0.151   430.6287    10.1783     86.944 4.6934e-01     15.650     52.223  35.031977     0.4275     2.5719     8.5371   999.8973     18.403     12.689 0.0000e+00
     12.905     -0.152   430.5694    10.2041     86.968 4.8792e-01     15.649     52.201  35.018236     0.4219     2.5764     8.5385   999.8970     18.354     12.654 0.0000e+00
     12.870     -0.153   430.5321    10.1873     87.098 5.1060e-01     15.649     52.181  35.006490     0.3788     2.5868     8.5388   999.8969     18.307     12.622 0.0000e+00
     12.832     -0.155   430.5221    10.1712     87.134 5.2847e-01     15.649     52.194  35.016873     0.2976     2.5938     8.5387   999.8967     18.254     12.586 0.0000e+00
     12.790     -0.159   430.4489    10.1573     87.025 5.5195e-01     15.649     52.190  35.016872     0.2513     2.5582     8.5387   999.8965     18.191     12.543 0.0000e+00
     12.748     -0.164   430.5074    10.1542     86.939 5.7985e-01     15.649     52.171  35.006478     0.2388     2.5343     8.5392   999.8962     18.130     12.500 0.0000e+00
     12.705     -0.167   430.7133    10.1864     86.976 6.0316e-01     15.649     52.185  35.018118     0.2509     2.5795     8.5411   999.8959     18.074     12.461 0.0000e+00
     12.661     -0.168   430.7873    10.1909     87.050 6.2683e-01     15.649     52.200  35.030703     0.2936     2.6239     8.5433   999.8955     18.010     12.417 0.0000e+00
     12.616     -0.167   430.7141    10.1672     87.070 6.4499e-01     15.649     52.198  35.031735     0.3151     2.6256     8.5454   999.8952     17.944     12.372 0.0000e+00
     12.573     -0.164   430.6882    10.1504     87.047 6.6061e-01     15.649     52.193  35.030591     0.3016     2.5998     8.5474   999.8948     17.882     12.329 0.0000e+00
     12.531     -0.159   430.7320    10.1610     86.999 6.8726e-01     15.650     52.168  35.016878     0.2928     2.5859     8.5501   999.8945     17.823     12.289 0.0000e+00
     12.491     -0.151   430.7275    10.1748     86.967 7.1504e-01     15.650     52.129  34.992849     0.3033     2.6295     8.5529   999.8941     17.766     12.249 0.0000e+00
     12.451     -0.144   430.8055    10.1725     86.987 7.4493e-01     15.650     52.129  34.993889     0.3041     2.6460     8.5547   999.8938     17.706     12.208 0.0000e+00
     12.416     -0.138   430.9873    10.1705     87.000 7.7602e-01     15.650     52.181  35.029456     0.2936     2.5793     8.5569   999.8935     17.657     12.175 0.0000e+00
     12.386     -0.135   430.9458    10.1628     87.012 7.9526e-01     15.649     52.200  35.042137     0.2913     2.5445     8.5597   999.8931     17.619     12.148 0.0000e+00
     12.356     -0.135   430.7340    10.1533     87.060 8.1227e-01     15.649     52.167  35.020308     0.2953     2.5684     8.5619   999.8928     17.575     12.118 0.0000e+00
     12.322     -0.138   430.6641    10.1623     87.073 8.3769e-01     15.649     52.166  35.019362     0.3030     2.5936     8.5629   999.8926     17.526     12.084 0.0000e+00
     12.285     -0.143   430.7035    10.1635     87.080 8.7060e-01     15.649     52.183  35.030702     0.2985     2.6086     8.5627   999.8924     17.474     12.048 0.0000e+00
     12.247     -0.150   430.6934    10.1579     87.128 9.0876e-01     15.649     52.183  35.030495     0.2885     2.6127     8.5628   999.8923     17.417     12.009 0.0000e+00
     12.208     -0.156   430.7146    10.1729     87.115 9.4888e-01     15.649     52.161  35.016858     0.2875     2.6089     8.5638   999.8920     17.364     11.972 0.0000e+00
     12.169     -0.161   430.7880    10.1724     87.113 9.8757e-01     15.649     52.122  34.992733     0.2866     2.6316     8.5637   999.8918     17.309     11.934 0.0000e+00
     12.127     -0.161   430.8054    10.1633     87.213 1.0206e+00     15.649     52.118  34.992638     0.2874     2.6812     8.5631   999.8917     17.249     11.893 0.0000e+00
     12.082     -0.157   430.8396    10.1852     87.337 1.0586e+00     15.649     52.149  35.015722     0.2877     2.6588     8.5627   999.8915     17.186     11.849 0.0000e+00
     12.037     -0.153   430.8576    10.1749     87.469 1.1036e+00     15.649     52.150  35.018010     0.3372     2.6356     8.5632   999.8912     17.119     11.803 0.0000e+00
     11.997     -0.151   430.7643    10.1652     87.532 1.1456e+00     15.648     52.153  35.020307     0.4477     2.7436     8.5655   999.8908     17.058     11.761 0.0000e+00
     11.965     -0.153   430.6576    10.1899     87.527 1.1817e+00     15.648     52.186  35.043495     0.5175     2.8671     8.5683   999.8905     17.017     11.732 0.0000e+00
     11.935     -0.157   430.5996    10.1947     87.584 1.2075e+00     15.648     52.184  35.044545     0.5221     2.9266     8.5713   999.8902     16.981     11.708 0.0000e+00
     11.898     -0.163   430.5797    10.2184     87.664 1.2436e+00     15.648     52.161  35.032999     0.4655     2.8799     8.5729   999.8899     16.929     11.672 0.0000e+00
     11.851     -0.170   430.5900    10.2287     87.709 1.3012e+00     15.648     52.152  35.030813     0.3677     2.7482     8.5721   999.8897     16.859     11.624 0.0000e+00
     11.799     -0.176   430.7238    10.2126     87.710 1.3509e+00     15.649     52.130  35.018122     0.3218     2.6730     8.5724   999.8895     16.781     11.570 0.0000e+00
     11.749     -0.179   430.9922    10.2284     87.694 1.3900e+00     15.649     52.110  35.006471     0.3213     2.6578     8.5754   999.8890     16.707     11.518 0.0000e+00
     11.704     -0.176   431.1678    10.2368     87.716 1.4375e+00     15.649     52.123  35.016862     0.3418     2.7008     8.5795   999.8885     16.647     11.477 0.0000e+00
     11.661     -0.170   431.2125    10.2412     87.751 1.4916e+00     15.649     52.120  35.016852     0.3885     2.7813     8.5833   999.8880     16.588     11.437 0.0000e+00
     11.619     -0.164   431.1892    10.2418     87.784 1.5387e+00     15.648     52.102  35.006344     0.4190     2.8411     8.5857   999.8877     16.525     11.394 0.0000e+00
     11.579     -0.160   431.0582    10.2322     87.803 1.5724e+00     15.648     52.116  35.016738     0.4341     2.8751     8.5870   999.8874     16.467     11.354 0.0000e+00
     11.540     -0.160   430.9183    10.2403     87.807 1.6108e+00     15.649     52.113  35.015603     0.4566     2.8498     8.5888   999.8871     16.414     11.317 0.0000e+00
     11.502     -0.160   430.8751    10.2425     87.863 1.6616e+00     15.649     52.077  34.992623     0.4810     2.8090     8.5907   999.8868     16.362     11.281 0.0000e+00
     11.461     -0.160   430.8805    10.2458     87.946 1.7095e+00     15.648     52.076  34.992728     0.4900     2.8280     8.5923   999.8865     16.303     11.241 0.0000e+00
     11.417     -0.164   430.8971    10.2514     87.976 1.7615e+00     15.648     52.111  35.016871     0.4903     2.8741     8.5930   999.8862     16.237     11.195 0.0000e+00
     11.376     -0.171   431.0752    10.2442     87.962 1.8198e+00     15.648     52.130  35.030706     0.4934     2.8853     8.5932   999.8860     16.177     11.154 0.0000e+00
     11.337     -0.177   431.3140    10.2527     87.917 1.8770e+00     15.648     52.131  35.033098     0.5093     2.8605     8.5945   999.8857     16.128     11.120 0.0000e+00
     11.293     -0.179   431.2886    10.2689     87.861 1.9444e+00     15.648     52.144  35.045798     0.5486     2.8494     8.5958   999.8854     16.069     11.079 0.0000e+00
     11.242     -0.176   431.1991    10.2682     87.831 2.0233e+00     15.648     52.154  35.057346     0.5677     2.8537     8.5968   999.8851     15.992     11.026 0.0000e+00
     11.187     -0.171   431.2636    10.2668     87.831 2.0973e+00     15.648     52.132  35.045809     0.5687     2.8785     8.5973   999.8848     15.908     10.968 0.0000e+00
     11.138     -0.166   431.2942    10.2619     87.905 2.1500e+00     15.648     52.112  35.033233     0.5509     2.9080     8.5980   999.8846     15.836     10.918 0.0000e+00
     11.102     -0.161   431.2252    10.2494     88.005 2.1770e+00     15.648     52.110  35.032202     0.4861     2.8680     8.6023   999.8841     15.786     10.884 0.0000e+00
     11.073     -0.161   431.1176    10.2485     88.009 2.2041e+00     15.648     52.110  35.033346     0.4344     2.8070     8.6084   999.8836     15.750     10.860 0.0000e+00
     11.041     -0.166   431.1119    10.2428     87.950 2.2568e+00     15.648     52.127  35.047067     0.4214     2.8226     8.6111   999.8832     15.709     10.831 0.0000e+00
     10.999     -0.173   431.2414    10.2515     87.900 2.3315e+00     15.648     52.159  35.071190     0.4140     2.8845     8.6110   999.8830     15.652     10.791 0.0000e+00
     10.947     -0.180   431.3077    10.2762     87.939 2.4315e+00     15.648     52.155  35.071190     0.3929     2.9025     8.6113   999.8827     15.574     10.738 0.0000e+00
     10.889     -0.183   431.3115    10.2678     88.087 2.5319e+00     15.648     52.115  35.047075     0.3674     2.8685     8.6124   999.8824     15.485     10.677 0.0000e+00
     10.836     -0.182   431.2868    10.2604     88.193 2.6071e+00     15.648     52.092  35.033449     0.3533     2.8512     8.6145   999.8820     15.407     10.624 0.0000e+00
     10.791     -0.177   431.2676    10.2511     88.217 2.6857e+00     15.648     52.092  35.033354     0.3847     2.8660     8.6171   999.8816     15.346     10.581 0.0000e+00
     10.754     -0.173   431.3370    10.2475     88.220 2.7698e+00     15.648     52.110  35.045931     0.4604     2.8758     8.6199   999.8813     15.294     10.545 0.0000e+00
     10.717     -0.171   431.3516    10.2798     88.242 2.8458e+00     15.648     52.127  35.058602     0.4958     2.8666     8.6227   999.8809     15.246     10.512 0.0000e+00
     10.677     -0.173   431.2725    10.2899     88.300 2.9353e+00     15.648     52.125  35.059651     0.4794     2.8579     8.6241   999.8806     15.191     10.474 0.0000e+00
     10.630     -0.178   431.1542    10.2886     88.354 3.0505e+00     15.648     52.119  35.058612     0.4148     2.8733     8.6242   999.8804     15.122     10.426 0.0000e+00
     10.578     -0.184   431.0398    10.2893     88.390 3.1624e+00     15.648     52.096  35.046044     0.3068     2.8809     8.6245   999.8801     15.044     10.373 0.0000e+00
     10.527     -0.191   431.0946    10.2874     88.404 3.2442e+00     15.648     52.076  35.034612     0.2415     2.8471     8.6259   999.8798     14.970     10.321 0.0000e+00
     10.481     -0.197   431.3002    10.2998     88.411 3.3226e+00     15.648     52.091  35.047303     0.2352     2.8080     8.6275   999.8794     14.906     10.277 0.0000e+00
     10.436     -0.199   431.4606    10.3027     88.416 3.4297e+00     15.648     52.121  35.072580     0.2309     2.8199     8.6305   999.8790     14.849     10.238 0.0000e+00
     10.385     -0.199   431.4846    10.3082     88.435 3.5624e+00     15.648     52.131  35.086405     0.1894     2.8187     8.6345   999.8785     14.778     10.189 0.0000e+00
     10.326     -0.196   431.5044    10.3076     88.517 3.6914e+00     15.648     52.123  35.087559     0.1332     2.7249     8.6367   999.8780     14.686     10.126 0.0000e+00
     10.269     -0.192   431.5279    10.3073     88.597 3.7956e+00     15.648     52.114  35.086538     0.1048     2.6131     8.6377   999.8777     14.599     10.065 0.0000e+00
     10.221     -0.189   431.4249    10.3095     88.588 3.8986e+00     15.648     52.092  35.074064     0.0943     2.5657     8.6417   999.8772     14.535     10.021 0.0000e+00
     10.181     -0.184   431.3778    10.3019     88.513 4.0078e+00     15.647     52.073  35.063661     0.0726     2.5295     8.6503   999.8764     14.480      9.984 0.0000e+00
     10.141     -0.181   431.4749    10.3158     88.465 4.1088e+00     15.646     52.106  35.087681     0.0423     2.4502     8.6580   999.8757     14.426      9.946 0.0000e+00
     10.097     -0.181   431.5661    10.3286     88.500 4.2064e+00     15.647     52.138  35.110661     0.0333     2.3965     8.6618   999.8752     14.364      9.903 0.0000e+00
     10.048     -0.184   431.6196    10.3259     88.565 4.3078e+00     15.647     52.103  35.087681     0.0310     2.3946     8.6638   999.8749     14.294      9.855 0.0000e+00
      9.997     -0.186   431.6923    10.3111     88.549 4.4425e+00     15.647     52.063  35.063669     0.0717     2.5308     8.6660   999.8744     14.218      9.802 0.0000e+00
      9.946     -0.186   431.7565    10.3021     88.444 4.6171e+00     15.646     52.073  35.074166     0.1818     2.7725     8.6682   999.8740     14.144      9.752 0.0000e+00
      9.899     -0.184   431.7079    10.3084     88.363 4.7851e+00     15.646     52.087  35.087691     0.2560     2.8795     8.6687   999.8738     14.079      9.708 0.0000e+00
