Data/DataNotYetUploadedToEDI/Raw_CTD/RawDownloads/041921_ccr50_0001.cnv
* Sea-Bird SBE19plus  Data File:
* FileName = C:\R\Reservoirs\Data\DataNotYetUploadedToEDI\Raw_CTD\RawDownloads\041921_ccr50_0001.hex
* Software version 2.8.0.119
* Temperature SN = 7809
* Conductivity SN = 7809
* System UpLoad Time = Apr 19 2021 18:56:31
* <ApplicationData>
* <Seaterm232>
# nquan = 16
# nvalues = 2476                        
# units = specified
# name 0 = depFM: Depth [fresh water, m]
# name 1 = dz/dtM: Descent Rate [m/s]
# name 2 = orp: Oxidation Reduction Potential [mV]
# name 3 = sbeox0Mg/L: Oxygen, SBE 43 [mg/l]
# name 4 = sbeox0PS: Oxygen, SBE 43 [% saturation]
# name 5 = par/sat/log: PAR/Logarithmic, Satlantic
# name 6 = ph: pH
# name 7 = specc: Specific Conductance [uS/cm]
# name 8 = c0uS/cm: Conductivity [uS/cm]
# name 9 = flECO-AFL: Fluorescence, WET Labs ECO-AFL/FL [mg/m^3]
# name 10 = turbWETntu0: Turbidity, WET Labs ECO [NTU]
# name 11 = tv290C: Temperature [ITS-90, deg C]
# name 12 = density00: Density [density, kg/m^3]
# name 13 = prdE: Pressure, Strain Gauge [psi]
# name 14 = prdM: Pressure, Strain Gauge [db]
# name 15 = flag:  0.000e+00
# span 0 =     -0.536,     21.499       
# span 1 =     -0.455,      0.319       
# span 2 =  -627.1596,   431.9462       
# span 3 =     6.9620,    10.6219       
# span 4 =     59.293,     99.122       
# span 5 = 1.2354e-01, 5.4273e+02       
# span 6 =     15.446,     15.661       
# span 7 =      2.462,    161.017       
# span 8 =   1.918043, 106.909240       
# span 9 =    -0.9814,     2.9972       
# span 10 =    -0.9919,    11.8150      
# span 11 =     8.1949,    14.8974      
# span 12 =   999.1360,   999.9994      
# span 13 =     -0.763,     30.581      
# span 14 =     -0.526,     21.085      
# span 15 = 0.0000e+00, 0.0000e+00      
# interval = seconds: 0.25
# start_time = Apr 18 2021 21:36:47 [Instrument's time stamp, header]
# bad_flag = -9.990e-29
*END*
[from data line 1356]
     13.802      0.070   422.2534    10.1992     87.211 1.2379e-01     15.653     51.701  34.708365     0.3103     2.3289     8.5679   999.8991     19.630     13.535 0.0000e+00
     13.820      0.069   422.2192    10.1878     87.227 1.2377e-01     15.653     51.703  34.708243     0.2857     2.3485     8.5673   999.8992     19.659     13.554 0.0000e+00
     13.837      0.068   422.1832    10.1762     87.175 1.2372e-01     15.652     51.668  34.684109     0.2543     2.3957     8.5666   999.8993     19.681     13.569 0.0000e+00
     13.852      0.067   422.2478    10.1769     87.089 1.2367e-01     15.652     51.648  34.670388     0.2456     2.4192     8.5655   999.8994     19.703     13.585 0.0000e+00
     13.868      0.067   422.3113    10.1896     87.105 1.2366e-01     15.652     51.647  34.669253     0.2467     2.3924     8.5642   999.8996     19.723     13.600 0.0000e+00
     13.885      0.068   422.2633    10.1896     87.214 1.2370e-01     15.652     51.650  34.670388     0.2306     2.3806     8.5632   999.8998     19.749     13.616 0.0000e+00
     13.903      0.070   422.1835    10.1878     87.285 1.2371e-01     15.652     51.671  34.684109     0.2034     2.4144     8.5623   999.8999     19.775     13.634 0.0000e+00
     13.921      0.071   422.2072    10.1655     87.334 1.2369e-01     15.652     51.708  34.708242     0.1849     2.4238     8.5618   999.9000     19.800     13.652 0.0000e+00
     13.941      0.070   422.2054    10.1679     87.366 1.2370e-01     15.653     51.709  34.708348     0.1777     2.3907     8.5615   999.9001     19.827     13.670 0.0000e+00
     13.961      0.066   422.2478    10.1936     87.363 1.2370e-01     15.653     51.676  34.685388     0.2216     2.3915     8.5610   999.9003     19.857     13.691 0.0000e+00
     13.978      0.061   422.3760    10.1949     87.358 1.2369e-01     15.653     51.675  34.684461     0.3150     2.5016     8.5606   999.9004     19.885     13.710 0.0000e+00
     13.993      0.055   422.3787    10.2016     87.283 1.2374e-01     15.653     51.694  34.697143     0.3730     2.6235     8.5599   999.9005     19.904     13.723 0.0000e+00
     14.006      0.050   422.4524    10.2097     87.130 1.2379e-01     15.653     51.714  34.711809     0.3887     2.6644     8.5589   999.9007     19.921     13.735 0.0000e+00
     14.016      0.046   422.5781    10.2024     87.039 1.2377e-01     15.653     51.746  34.734874     0.3712     2.6524     8.5580   999.9007     19.936     13.746 0.0000e+00
     14.025      0.045   422.5222    10.2085     87.024 1.2372e-01     15.652     51.726  34.722192     0.3229     2.5819     8.5572   999.9008     19.948     13.755 0.0000e+00
     14.035      0.047   422.5519    10.2037     87.016 1.2368e-01     15.652     51.671  34.685386     0.3006     2.5673     8.5576   999.9009     19.960     13.762 0.0000e+00
     14.045      0.051   422.6784    10.1714     86.985 1.2370e-01     15.652     51.652  34.670598     0.3111     2.6475     8.5587   999.9008     19.975     13.772 0.0000e+00
     14.060      0.054   422.6744    10.1642     86.915 1.2370e-01     15.652     51.654  34.670295     0.3165     2.6581     8.5603   999.9008     19.996     13.787 0.0000e+00
     14.076      0.056   422.6762    10.1653     86.845 1.2370e-01     15.653     51.672  34.681728     0.3187     2.6267     8.5624   999.9007     20.021     13.804 0.0000e+00
     14.093      0.056   422.7004    10.1644     86.825 1.2368e-01     15.653     51.672  34.681916     0.3372     2.6118     8.5619   999.9008     20.046     13.821 0.0000e+00
     14.109      0.055   422.7084    10.1637     86.864 1.2362e-01     15.653     51.659  34.672571     0.3592     2.5807     8.5596   999.9011     20.068     13.837 0.0000e+00
     14.122      0.055   422.7739    10.1535     86.943 1.2363e-01     15.653     51.694  34.695656     0.3749     2.5946     8.5576   999.9013     20.086     13.849 0.0000e+00
     14.133      0.055   422.8038    10.1424     86.989 1.2371e-01     15.653     51.713  34.707203     0.3936     2.6765     8.5573   999.9013     20.101     13.859 0.0000e+00
     14.144      0.060   422.8121    10.1405     86.954 1.2371e-01     15.652     51.681  34.685263     0.4139     2.7814     8.5576   999.9014     20.117     13.870 0.0000e+00
     14.158      0.066   422.8740    10.1451     86.916 1.2366e-01     15.651     51.680  34.684214     0.4293     2.8672     8.5573   999.9014     20.136     13.883 0.0000e+00
     14.175      0.071   422.9500    10.1573     86.924 1.2361e-01     15.651     51.695  34.694513     0.4460     2.8902     8.5566   999.9016     20.159     13.899 0.0000e+00
     14.197      0.074   423.0427    10.1691     86.911 1.2361e-01     15.652     51.679  34.682873     0.4543     2.8536     8.5555   999.9018     20.191     13.921 0.0000e+00
     14.222      0.074   423.0483    10.1573     86.839 1.2360e-01     15.653     51.663  34.670390     0.4438     2.8015     8.5547   999.9019     20.229     13.948 0.0000e+00
     14.244      0.071   423.0180    10.1509     86.802 1.2360e-01     15.653     51.665  34.670503     0.4432     2.8092     8.5550   999.9020     20.264     13.972 0.0000e+00
     14.261      0.065   423.0205    10.1553     86.842 1.2368e-01     15.653     51.687  34.684235     0.4465     2.8777     8.5552   999.9021     20.285     13.986 0.0000e+00
     14.273      0.060   422.9919    10.1596     86.943 1.2374e-01     15.653     51.724  34.709495     0.4171     2.9439     8.5541   999.9022     20.300     13.997 0.0000e+00
     14.286      0.056   423.0162    10.1420     86.983 1.2372e-01     15.652     51.743  34.722090     0.3739     2.9923     8.5522   999.9024     20.320     14.011 0.0000e+00
     14.298      0.058   423.0567    10.1384     86.764 1.2363e-01     15.652     51.726  34.709617     0.3533     2.9819     8.5507   999.9026     20.338     14.022 0.0000e+00
     14.309      0.065   423.1376    10.1452     86.464 1.2355e-01     15.652     51.691  34.685597     0.3590     2.9552     8.5499   999.9027     20.352     14.031 0.0000e+00
     14.324      0.073   423.2191    10.1545     86.354 1.2358e-01     15.651     51.693  34.685494     0.4048     2.9791     8.5503   999.9027     20.370     14.045 0.0000e+00
     14.345      0.080   423.1824    10.1830     86.464 1.2368e-01     15.651     51.730  34.708370     0.4775     3.0304     8.5510   999.9028     20.400     14.066 0.0000e+00
     14.371      0.083   423.2097    10.1407     86.684 1.2373e-01     15.652     51.733  34.708361     0.5134     3.0604     8.5502   999.9030     20.439     14.091 0.0000e+00
     14.398      0.082   423.2916    10.0891     86.703 1.2373e-01     15.653     51.701  34.685372     0.5139     3.0320     8.5488   999.9032     20.480     14.120 0.0000e+00
     14.423      0.077   423.2256    10.0847     86.567 1.2375e-01     15.654     51.700  34.684247     0.5120     2.9970     8.5472   999.9034     20.519     14.147 0.0000e+00
     14.442      0.069   423.1864    10.0915     86.617 1.2374e-01     15.654     51.717  34.694754     0.4819     2.9458     8.5453   999.9037     20.545     14.166 0.0000e+00
     14.454      0.061   423.3340    10.1432     86.691 1.2368e-01     15.654     51.704  34.685496     0.4165     2.8592     8.5435   999.9038     20.559     14.176 0.0000e+00
     14.464      0.056   423.4611    10.1488     86.646 1.2367e-01     15.653     51.723  34.699226     0.3695     2.8083     8.5420   999.9039     20.571     14.183 0.0000e+00
     14.475      0.055   423.4324    10.0928     86.528 1.2366e-01     15.653     51.773  34.733846     0.3635     2.8118     8.5412   999.9041     20.588     14.195 0.0000e+00
     14.489      0.056   423.4180    10.1271     86.336 1.2364e-01     15.653     51.756  34.723350     0.3815     2.8670     8.5405   999.9042     20.608     14.209 0.0000e+00
     14.505      0.058   423.5455    10.1409     86.313 1.2369e-01     15.653     51.721  34.699226     0.4147     2.8911     8.5401   999.9043     20.631     14.224 0.0000e+00
     14.523      0.060   423.5960    10.1208     86.485 1.2373e-01     15.653     51.716  34.695992     0.4410     2.8291     8.5406   999.9043     20.657     14.242 0.0000e+00
     14.539      0.062   423.5132    10.1267     86.706 1.2374e-01     15.653     51.698  34.684246     0.4423     2.8041     8.5420   999.9044     20.682     14.260 0.0000e+00
     14.554      0.065   423.4904    10.0740     86.921 1.2377e-01     15.652     51.698  34.684124     0.4299     2.8971     8.5433   999.9043     20.701     14.273 0.0000e+00
     14.568      0.070   423.5788    10.0766     86.949 1.2377e-01     15.652     51.716  34.694517     0.4341     3.0271     8.5429   999.9044     20.719     14.285 0.0000e+00
     14.584      0.075   423.7216    10.1105     86.781 1.2375e-01     15.652     51.701  34.682988     0.4456     3.0707     8.5428   999.9045     20.741     14.300 0.0000e+00
     14.605      0.079   423.8400    10.1253     86.600 1.2366e-01     15.652     51.687  34.671642     0.4360     3.0469     8.5438   999.9045     20.771     14.321 0.0000e+00
     14.629      0.080   423.8054    10.1705     86.534 1.2354e-01     15.652     51.707  34.684237     0.4316     3.0830     8.5432   999.9046     20.808     14.346 0.0000e+00
     14.654      0.079   423.6484    10.1712     86.636 1.2365e-01     15.652     51.744  34.708361     0.4403     3.1981     8.5411   999.9049     20.844     14.372 0.0000e+00
     14.676      0.076   423.6614    10.1406     86.782 1.2380e-01     15.652     51.747  34.709497     0.4459     3.2707     8.5394   999.9051     20.875     14.394 0.0000e+00
     14.693      0.072   423.7913    10.1172     86.745 1.2376e-01     15.653     51.730  34.697969     0.4514     3.2407     8.5382   999.9053     20.901     14.411 0.0000e+00
     14.706      0.070   423.8418    10.1044     86.536 1.2376e-01     15.653     51.727  34.695879     0.4497     3.1095     8.5372   999.9054     20.919     14.422 0.0000e+00
     14.720      0.070   423.8423    10.1218     86.378 1.2377e-01     15.653     51.709  34.684238     0.4447     2.9548     8.5364   999.9056     20.935     14.435 0.0000e+00
     14.737      0.072   423.7969    10.1542     86.414 1.2372e-01     15.653     51.709  34.684125     0.4387     2.9151     8.5357   999.9057     20.960     14.451 0.0000e+00
     14.757      0.074   423.7242    10.1493     86.639 1.2374e-01     15.653     51.725  34.694518     0.4347     2.9386     8.5355   999.9058     20.988     14.470 0.0000e+00
     14.779      0.075   423.6513    10.1092     86.832 1.2373e-01     15.654     51.709  34.682980     0.4341     2.9291     8.5354   999.9059     21.020     14.493 0.0000e+00
     14.803      0.072   423.6897    10.0885     86.792 1.2371e-01     15.654     51.694  34.671539     0.4312     2.9380     8.5356   999.9060     21.056     14.518 0.0000e+00
     14.823      0.067   423.8446    10.0887     86.638 1.2374e-01     15.653     51.713  34.683104     0.4374     3.0122     8.5363   999.9061     21.087     14.539 0.0000e+00
     14.838      0.061   423.9746    10.1266     86.530 1.2373e-01     15.652     51.733  34.695890     0.4518     3.0716     8.5358   999.9062     21.107     14.553 0.0000e+00
     14.850      0.054   424.0568    10.1654     86.535 1.2368e-01     15.652     51.739  34.699218     0.4528     3.0377     8.5345   999.9063     21.121     14.562 0.0000e+00
     14.861      0.049   424.0652    10.1481     86.641 1.2361e-01     15.653     51.774  34.723342     0.4222     2.9804     8.5333   999.9064     21.137     14.574 0.0000e+00
     14.873      0.046   423.9900    10.1232     86.709 1.2359e-01     15.653     51.789  34.733735     0.3861     2.9619     8.5323   999.9065     21.155     14.586 0.0000e+00
     14.884      0.044   424.0070    10.1119     86.732 1.2363e-01     15.653     51.736  34.697970     0.3784     2.9522     8.5317   999.9067     21.171     14.597 0.0000e+00
     14.895      0.041   424.1850    10.1058     86.737 1.2366e-01     15.653     51.696  34.671654     0.3771     2.9655     8.5312   999.9067     21.186     14.607 0.0000e+00
     14.906      0.038   424.3353    10.1345     86.726 1.2366e-01     15.653     51.692  34.669375     0.3510     2.9854     8.5313   999.9068     21.202     14.619 0.0000e+00
     14.917      0.034   424.3627    10.1363     86.752 1.2368e-01     15.653     51.694  34.670405     0.3105     2.9864     8.5319   999.9068     21.218     14.630 0.0000e+00
     14.926      0.030   424.3440    10.1376     86.854 1.2372e-01     15.653     51.714  34.684116     0.2890     3.0121     8.5322   999.9068     21.231     14.637 0.0000e+00
     14.932      0.027   424.3667    10.1424     87.004 1.2377e-01     15.653     51.749  34.708240     0.2902     3.0560     8.5324   999.9068     21.239     14.643 0.0000e+00
     14.937      0.025   424.3785    10.1319     86.908 1.2378e-01     15.652     51.747  34.708258     0.2963     3.0706     8.5325   999.9068     21.244     14.647 0.0000e+00
     14.942      0.023   424.3153    10.1422     86.602 1.2369e-01     15.652     51.709  34.684343     0.2967     3.0175     8.5326   999.9069     21.252     14.653 0.0000e+00
     14.947      0.023   424.2908    10.1405     86.525 1.2361e-01     15.653     51.692  34.672910     0.2948     2.9635     8.5327   999.9069     21.259     14.658 0.0000e+00
     14.953      0.023   424.4265    10.1862     86.805 1.2364e-01     15.654     51.727  34.696939     0.2928     3.0009     8.5333   999.9069     21.268     14.663 0.0000e+00
     14.961      0.023   424.5786    10.1746     87.155 1.2370e-01     15.654     51.764  34.721045     0.2909     3.0584     8.5352   999.9068     21.281     14.672 0.0000e+00
     14.967      0.023   424.5821    10.1047     87.237 1.2374e-01     15.654     51.751  34.710548     0.2914     3.0408     8.5361   999.9067     21.288     14.677 0.0000e+00
     14.972      0.023   424.5541    10.0961     87.132 1.2373e-01     15.653     51.732  34.696932     0.2889     2.9934     8.5362   999.9068     21.295     14.683 0.0000e+00
     14.976      0.024   424.5845    10.1397     87.146 1.2371e-01     15.652     51.713  34.683324     0.2899     3.0003     8.5365   999.9068     21.302     14.687 0.0000e+00
     14.981      0.027   424.6056    10.2045     87.275 1.2366e-01     15.652     51.698  34.672932     0.2938     3.0210     8.5357   999.9069     21.307     14.690 0.0000e+00
     14.987      0.032   424.6381    10.2084     87.351 1.2365e-01     15.653     51.737  34.698190     0.3168     3.0722     8.5341   999.9070     21.314     14.696 0.0000e+00
     14.997      0.039   424.7182    10.1728     87.287 1.2374e-01     15.653     51.792  34.734891     0.3586     3.1731     8.5330   999.9071     21.330     14.706 0.0000e+00
     15.008      0.047   424.7999    10.1810     87.092 1.2379e-01     15.653     51.794  34.735940     0.3701     3.2104     8.5324   999.9072     21.348     14.718 0.0000e+00
     15.020      0.056   424.8516    10.2062     86.950 1.2376e-01     15.652     51.758  34.710871     0.3691     3.2145     8.5320   999.9073     21.363     14.730 0.0000e+00
     15.034      0.063   424.8266    10.2147     86.975 1.2371e-01     15.652     51.722  34.685614     0.4327     3.2226     8.5316   999.9073     21.380     14.741 0.0000e+00
     15.053      0.066   424.7566    10.2130     87.042 1.2364e-01     15.653     51.722  34.684376     0.5287     3.2056     8.5309   999.9075     21.406     14.759 0.0000e+00
     15.075      0.066   424.7787    10.1773     87.085 1.2360e-01     15.653     51.741  34.695904     0.5669     3.1798     8.5303   999.9077     21.442     14.785 0.0000e+00
     15.095      0.063   424.8361    10.1526     87.128 1.2364e-01     15.653     51.746  34.698086     0.5611     3.1508     8.5297   999.9078     21.472     14.804 0.0000e+00
     15.112      0.056   424.8479    10.1679     87.144 1.2370e-01     15.653     51.766  34.710758     0.4875     3.1305     8.5290   999.9079     21.494     14.820 0.0000e+00
