Data/DataNotYetUploadedToEDI/Raw_CTD/RawDownloads/041921_ccr50_0001.cnv
* Sea-Bird SBE19plus  Data File:
* FileName = C:\R\Reservoirs\Data\DataNotYetUploadedToEDI\Raw_CTD\RawDownloads\041921_ccr50_0001.hex
* Software version 2.8.0.119
* Temperature SN = 7809
* Conductivity SN = 7809
* System UpLoad Time = Apr 19 2021 18:56:31
* <ApplicationData>
* <Seaterm232>
# nquan = 16
# nvalues = 2476                        
# units = specified
# name 0 = depFM: Depth [fresh water, m]
# name 1 = dz/dtM: Descent Rate [m/s]
# name 2 = orp: Oxidation Reduction Potential [mV]
# name 3 = sbeox0Mg/L: Oxygen, SBE 43 [mg/l]
# name 4 = sbeox0PS: Oxygen, SBE 43 [% saturation]
# name 5 = par/sat/log: PAR/Logarithmic, Satlantic
# name 6 = ph: pH
# name 7 = specc: Specific Conductance [uS/cm]
# name 8 = c0uS/cm: Conductivity [uS/cm]
# name 9 = flECO-AFL: Fluorescence, WET Labs ECO-AFL/FL [mg/m^3]
# name 10 = turbWETntu0: Turbidity, WET Labs ECO [NTU]
# name 11 = tv290C: Temperature [ITS-90, deg C]
# name 12 = density00: Density [density, kg/m^3]
# name 13 = prdE: Pressure, Strain Gauge [psi]
# name 14 = prdM: Pressure, Strain Gauge [db]
# name 15 = flag:  0.000e+00
# span 0 =     -0.536,     21.499       
# span 1 =     -0.455,      0.319       
# span 2 =  -627.1596,   431.9462       
# span 3 =     6.9620,    10.6219       
# span 4 =     59.293,     99.122       
# span 5 = 1.2354e-01, 5.4273e+02       
# span 6 =     15.446,     15.661       
# span 7 =      2.462,    161.017       
# span 8 =   1.918043, 106.909240       
# span 9 =    -0.9814,     2.9972       
# span 10 =    -0.9919,    11.8150      
# span 11 =     8.1949,    14.8974      
# span 12 =   999.1360,   999.9994      
# span 13 =     -0.763,     30.581      
# span 14 =     -0.526,     21.085      
# span 15 = 0.0000e+00, 0.0000e+00      
# interval = seconds: 0.25
# start_time = Apr 18 2021 21:36:47 [Instrument's time stamp, header]
# bad_flag = -9.990e-29
*END*
[from data line 543]
      2.894      0.072   379.6564     9.6457     94.146 9.9619e+01     15.492     48.350  38.040252     0.9432     1.6786    14.4322   999.2183      4.115      2.837 0.0000e+00
      2.916      0.074   379.9409     9.6555     94.073 9.8412e+01     15.494     48.420  38.061704     1.0537     1.6971    14.4197   999.2201      4.146      2.858 0.0000e+00
      2.939      0.073   380.1263     9.6429     94.018 9.7269e+01     15.495     48.492  38.090183     1.1211     1.6929    14.4027   999.2227      4.181      2.882 0.0000e+00
      2.960      0.072   380.0910     9.6361     93.920 9.6445e+01     15.495     48.571  38.130686     1.1183     1.6627    14.3737   999.2270      4.213      2.905 0.0000e+00
      2.977      0.070   380.1160     9.6271     93.779 9.5548e+01     15.496     48.642  38.170593     1.0960     1.6404    14.3345   999.2327      4.237      2.921 0.0000e+00
      2.991      0.068   380.2573     9.6295     93.625 9.4967e+01     15.497     48.687  38.191881     1.0620     1.6290    14.2977   999.2380      4.255      2.934 0.0000e+00
      3.004      0.068   380.3367     9.6341     93.534 9.4382e+01     15.498     48.715  38.197664     1.0115     1.6278    14.2687   999.2422      4.271      2.945 0.0000e+00
      3.021      0.070   380.3872     9.6266     93.574 9.3433e+01     15.499     48.711  38.177029     0.9808     1.6267    14.2475   999.2453      4.293      2.960 0.0000e+00
      3.042      0.073   380.5241     9.6154     93.707 9.2538e+01     15.500     48.680  38.132773     0.9777     1.6153    14.2326   999.2475      4.328      2.983 0.0000e+00
      3.063      0.077   380.7011     9.5995     93.858 9.1384e+01     15.500     48.678  38.106806     1.0507     1.6273    14.2192   999.2495      4.358      3.004 0.0000e+00
      3.083      0.079   380.8069     9.5885     93.956 9.0167e+01     15.500     48.727  38.116895     1.2048     1.6678    14.2028   999.2520      4.382      3.021 0.0000e+00
      3.103      0.078   380.9422     9.6007     93.974 8.9103e+01     15.501     48.776  38.127791     1.3048     1.6252    14.1841   999.2547      4.413      3.043 0.0000e+00
      3.124      0.074   381.1337     9.6204     94.019 8.7975e+01     15.502     48.781  38.111585     1.3161     1.5239    14.1648   999.2575      4.445      3.065 0.0000e+00
      3.144      0.070   381.2291     9.6435     94.217 8.7046e+01     15.502     48.713  38.047861     1.2752     1.5418    14.1411   999.2610      4.474      3.085 0.0000e+00
      3.161      0.068   381.2356     9.6633     94.511 8.6238e+01     15.502     48.646  37.991957     1.2111     1.6356    14.1088   999.2656      4.498      3.101 0.0000e+00
      3.175      0.067   381.2971     9.6667     94.695 8.5390e+01     15.502     48.670  38.006844     1.1799     1.6626    14.0766   999.2702      4.517      3.115 0.0000e+00
      3.190      0.066   381.5431     9.6688     94.688 8.4523e+01     15.503     48.726  38.037463     1.1748     1.6274    14.0567   999.2730      4.536      3.128 0.0000e+00
      3.207      0.065   381.8005     9.6926     94.575 8.3431e+01     15.504     48.771  38.044822     1.1201     1.6223    14.0466   999.2745      4.560      3.144 0.0000e+00
      3.226      0.063   381.9999     9.7354     94.471 8.2280e+01     15.505     48.802  38.032319     1.0243     1.6694    14.0454   999.2747      4.588      3.164 0.0000e+00
      3.246      0.062   382.1473     9.7565     94.467 8.1276e+01     15.505     48.822  38.013177     0.9700     1.7165    14.0472   999.2745      4.617      3.184 0.0000e+00
      3.262      0.062   382.2058     9.7527     94.566 8.0381e+01     15.507     48.850  38.003738     0.9692     1.7113    14.0350   999.2763      4.643      3.201 0.0000e+00
      3.274      0.063   382.3639     9.7450     94.698 7.9557e+01     15.508     48.862  37.981628     1.0336     1.6398    14.0033   999.2808      4.657      3.211 0.0000e+00
      3.285      0.063   382.5957     9.7378     94.800 7.8664e+01     15.509     48.846  37.936203     1.1288     1.6081    13.9613   999.2866      4.669      3.219 0.0000e+00
      3.301      0.062   382.7721     9.7463     94.860 7.7549e+01     15.510     48.839  37.898732     1.1668     1.6709    13.9255   999.2917      4.692      3.235 0.0000e+00
      3.322      0.062   382.9473     9.7657     94.891 7.6478e+01     15.510     48.885  37.909326     1.1679     1.7133    13.8954   999.2960      4.726      3.258 0.0000e+00
      3.342      0.063   383.0796     9.7892     94.908 7.5645e+01     15.510     48.940  37.937321     1.1331     1.7084    13.8637   999.3004      4.756      3.279 0.0000e+00
      3.357      0.063   383.0811     9.8072     94.952 7.4808e+01     15.510     48.930  37.919879     1.0420     1.7148    13.8288   999.3052      4.776      3.293 0.0000e+00
      3.370      0.061   383.0514     9.8198     95.027 7.4040e+01     15.510     48.905  37.888824     0.9720     1.6874    13.7932   999.3101      4.794      3.305 0.0000e+00
      3.383      0.057   383.0648     9.8301     95.088 7.3260e+01     15.510     48.910  37.879149     0.9641     1.6519    13.7656   999.3140      4.809      3.316 0.0000e+00
      3.398      0.055   383.1565     9.8309     95.120 7.2410e+01     15.510     48.915  37.866354     0.9844     1.6629    13.7537   999.3157      4.831      3.331 0.0000e+00
      3.414      0.055   383.3003     9.8373     95.182 7.1754e+01     15.511     48.937  37.861031     1.0460     1.6835    13.7490   999.3164      4.859      3.350 0.0000e+00
      3.428      0.055   383.4266     9.8497     95.316 7.1161e+01     15.513     48.988  37.878233     1.1360     1.6601    13.7351   999.3183      4.877      3.362 0.0000e+00
      3.440      0.056   383.5647     9.8615     95.489 7.0469e+01     15.514     49.008  37.883908     1.1668     1.5866    13.7196   999.3205      4.890      3.372 0.0000e+00
      3.454      0.056   383.6801     9.8637     95.621 6.9901e+01     15.513     48.974  37.866173     1.1616     1.5839    13.7057   999.3225      4.913      3.387 0.0000e+00
      3.468      0.058   383.7032     9.8735     95.695 6.9350e+01     15.513     48.939  37.854205     1.1874     1.6272    13.6825   999.3257      4.933      3.401 0.0000e+00
      3.483      0.060   383.7586     9.8957     95.766 6.8625e+01     15.512     48.944  37.866158     1.2219     1.5953    13.6511   999.3300      4.952      3.415 0.0000e+00
      3.499      0.061   383.9188     9.9199     95.812 6.7945e+01     15.512     48.968  37.883778     1.2346     1.5763    13.6391   999.3316      4.977      3.431 0.0000e+00
      3.516      0.061   384.0061     9.9326     95.807 6.7288e+01     15.512     48.972  37.876836     1.2366     1.6038    13.6549   999.3296      5.001      3.448 0.0000e+00
      3.534      0.061   384.0399     9.9294     95.762 6.6650e+01     15.513     48.957  37.845678     1.2271     1.6864    13.6738   999.3272      5.025      3.465 0.0000e+00
      3.549      0.061   384.1553     9.9389     95.702 6.6168e+01     15.514     48.972  37.824353     1.2046     1.8206    13.6842   999.3258      5.051      3.482 0.0000e+00
      3.562      0.060   384.2823     9.9446     95.662 6.5756e+01     15.515     49.003  37.809368     1.1839     1.8877    13.6815   999.3263      5.066      3.493 0.0000e+00
      3.575      0.057   384.3713     9.9448     95.628 6.5220e+01     15.517     49.031  37.791373     1.1679     1.8787    13.6722   999.3275      5.083      3.504 0.0000e+00
      3.592      0.052   384.3712     9.9446     95.591 6.4599e+01     15.519     49.084  37.797131     1.2018     1.8152    13.6543   999.3301      5.111      3.524 0.0000e+00
      3.609      0.047   384.4534     9.9431     95.651 6.4104e+01     15.519     49.139  37.815480     1.2793     1.7381    13.6173   999.3351      5.136      3.541 0.0000e+00
      3.623      0.042   384.6763     9.9499     95.864 6.3799e+01     15.519     49.160  37.822809     1.3133     1.6677    13.5745   999.3409      5.155      3.554 0.0000e+00
      3.631      0.039   384.8295     9.9575     96.104 6.3793e+01     15.520     49.156  37.822262     1.2988     1.6159    13.5342   999.3464      5.169      3.564 0.0000e+00
      3.633      0.039   385.0151     9.9574     96.279 6.3869e+01     15.520     49.129  37.808875     1.2655     1.6959    13.4945   999.3516      5.168      3.563 0.0000e+00
      3.637      0.043   385.1999     9.9635     96.389 6.3621e+01     15.519     49.091  37.787890     1.2160     1.8455    13.4688   999.3550      5.166      3.562 0.0000e+00
      3.649      0.048   385.2571     9.9966     96.384 6.3189e+01     15.519     49.050  37.758938     1.1868     1.9141    13.4621   999.3560      5.187      3.576 0.0000e+00
      3.666      0.052   385.2758    10.0242     96.272 6.2746e+01     15.519     49.008  37.712678     1.1884     1.9069    13.4667   999.3555      5.215      3.595 0.0000e+00
      3.686      0.054   385.3405    10.0370     96.172 6.2240e+01     15.520     49.001  37.672811     1.1882     1.8961    13.4758   999.3544      5.243      3.615 0.0000e+00
      3.704      0.050   385.4365    10.0508     96.183 6.1860e+01     15.521     49.031  37.657662     1.1833     1.9208    13.4855   999.3531      5.270      3.634 0.0000e+00
      3.717      0.043   385.4906    10.0491     96.296 6.1681e+01     15.521     49.061  37.656391     1.1867     1.9307    13.4929   999.3522      5.289      3.647 0.0000e+00
      3.724      0.037   385.5642    10.0330     96.437 6.1591e+01     15.521     49.072  37.657421     1.1907     1.9128    13.4826   999.3536      5.299      3.654 0.0000e+00
      3.728      0.033   385.7238    10.0276     96.507 6.1553e+01     15.521     49.083  37.670101     1.1849     1.9103    13.4409   999.3591      5.303      3.657 0.0000e+00
      3.732      0.032   385.8726    10.0418     96.482 6.1404e+01     15.521     49.078  37.682780     1.1743     1.9006    13.3900   999.3659      5.305      3.658 0.0000e+00
      3.739      0.034   385.9862    10.0605     96.431 6.1083e+01     15.521     49.058  37.683818     1.1771     1.8982    13.3669   999.3690      5.315      3.664 0.0000e+00
      3.751      0.037   386.1507    10.0814     96.434 6.0714e+01     15.521     49.054  37.682663     1.1901     1.9498    13.3652   999.3692      5.334      3.678 0.0000e+00
      3.764      0.039   386.3130    10.0899     96.501 6.0288e+01     15.521     49.048  37.668816     1.1875     1.9754    13.3636   999.3695      5.353      3.691 0.0000e+00
      3.776      0.040   386.3993    10.0783     96.555 5.9842e+01     15.521     49.032  37.643317     1.1930     1.9329    13.3856   999.3667      5.372      3.704 0.0000e+00
      3.786      0.039   386.5063    10.0644     96.584 5.9497e+01     15.522     49.029  37.628202     1.2192     1.9174    13.4143   999.3629      5.386      3.712 0.0000e+00
      3.793      0.038   386.6607    10.0627     96.593 5.9175e+01     15.522     49.021  37.612972     1.2374     1.9595    13.4088   999.3636      5.394      3.719 0.0000e+00
      3.802      0.036   386.7170    10.0800     96.582 5.8810e+01     15.522     48.999  37.586101     1.2506     1.9956    13.3968   999.3652      5.408      3.729 0.0000e+00
      3.812      0.036   386.6707    10.0865     96.614 5.8433e+01     15.523     48.988  37.557149     1.2552     2.0105    13.3849   999.3669      5.421      3.738 0.0000e+00
      3.821      0.037   386.7894    10.0919     96.640 5.8025e+01     15.524     48.980  37.516754     1.2450     2.0363    13.3667   999.3693      5.435      3.748 0.0000e+00
      3.830      0.039   387.0344    10.0986     96.594 5.7583e+01     15.525     48.987  37.478432     1.2322     2.0669    13.3615   999.3700      5.450      3.757 0.0000e+00
      3.840      0.041   387.1368    10.0902     96.499 5.7106e+01     15.526     49.030  37.474546     1.2338     2.1055    13.3552   999.3709      5.461      3.765 0.0000e+00
      3.850      0.041   387.1674    10.1030     96.345 5.6630e+01     15.526     49.049  37.469720     1.2462     2.1265    13.3346   999.3737      5.475      3.776 0.0000e+00
      3.863      0.042   387.2325    10.1185     96.186 5.6199e+01     15.526     48.997  37.420058     1.2486     2.1144    13.3001   999.3782      5.495      3.789 0.0000e+00
      3.875      0.043   387.3210    10.1199     96.094 5.5832e+01     15.526     48.966  37.381788     1.2430     2.0960    13.2469   999.3852      5.512      3.800 0.0000e+00
      3.885      0.043   387.4638    10.1244     96.072 5.5514e+01     15.527     49.002  37.387780     1.2361     2.1101    13.2041   999.3908      5.526      3.810 0.0000e+00
      3.895      0.043   387.6680    10.1074     96.064 5.5169e+01     15.529     49.002  37.365550     1.2321     2.1480    13.1901   999.3927      5.539      3.819 0.0000e+00
      3.906      0.044   387.8114    10.0878     95.978 5.4844e+01     15.531     48.941  37.303367     1.2617     2.0728    13.1855   999.3933      5.555      3.829 0.0000e+00
      3.916      0.045   387.8204    10.0830     95.839 5.4569e+01     15.531     48.915  37.270561     1.3268     1.9221    13.1718   999.3951      5.570      3.840 0.0000e+00
      3.927      0.046   387.7773    10.0859     95.737 5.4286e+01     15.531     48.959  37.286203     1.3603     1.8706    13.1457   999.3985      5.584      3.850 0.0000e+00
      3.940      0.046   387.8066    10.0995     95.737 5.4004e+01     15.532     49.005  37.302085     1.3531     1.8971    13.1198   999.4019      5.603      3.864 0.0000e+00
      3.954      0.045   387.9168    10.0895     95.867 5.3719e+01     15.532     48.987  37.272165     1.3437     1.8998    13.1060   999.4037      5.623      3.877 0.0000e+00
      3.968      0.044   388.0765    10.0731     96.056 5.3481e+01     15.532     48.962  37.241748     1.3330     1.8678    13.0963   999.4049      5.642      3.891 0.0000e+00
      3.979      0.043   388.2745    10.0658     96.226 5.3357e+01     15.532     48.985  37.251613     1.3195     1.8533    13.0768   999.4075      5.660      3.903 0.0000e+00
      3.987      0.043   388.4190    10.0671     96.388 5.3293e+01     15.532     49.004  37.264513     1.3128     1.8965    13.0537   999.4105      5.669      3.909 0.0000e+00
      3.994      0.045   388.5323    10.0895     96.533 5.3172e+01     15.531     49.009  37.270792     1.3380     1.9441    13.0377   999.4126      5.678      3.915 0.0000e+00
      4.005      0.048   388.6126    10.1159     96.611 5.2952e+01     15.531     48.998  37.264077     1.3758     1.9479    13.0268   999.4140      5.696      3.927 0.0000e+00
      4.018      0.052   388.6153    10.1333     96.604 5.2667e+01     15.532     48.978  37.246778     1.3794     1.9428    13.0185   999.4151      5.715      3.940 0.0000e+00
      4.033      0.053   388.6510    10.1503     96.494 5.2335e+01     15.532     48.999  37.252025     1.3729     1.9165    13.0170   999.4155      5.735      3.954 0.0000e+00
      4.050      0.052   388.7866    10.1694     96.348 5.1992e+01     15.533     49.043  37.264043     1.4104     1.9052    13.0214   999.4149      5.761      3.972 0.0000e+00
      4.067      0.049   388.8779    10.1743     96.271 5.1672e+01     15.534     49.078  37.265128     1.4809     1.9431    13.0242   999.4146      5.787      3.990 0.0000e+00
      4.079      0.045   388.8949    10.1776     96.286 5.1410e+01     15.534     49.107  37.265116     1.5192     1.9635    13.0236   999.4147      5.802      4.001 0.0000e+00
      4.087      0.042   388.9919    10.1648     96.390 5.1250e+01     15.534     49.128  37.263869     1.5200     1.9456    13.0147   999.4159      5.813      4.009 0.0000e+00
      4.094      0.041   389.1035    10.1482     96.536 5.1045e+01     15.535     49.128  37.250033     1.5196     1.9665    12.9897   999.4191      5.822      4.014 0.0000e+00
