Data/DataNotYetUploadedToEDI/Raw_CTD/RawDownloads/041922_fcr50_0001.cnv
* Sea-Bird SBE19plus  Data File:
* FileName = C:\R\Reservoirs\Data\DataNotYetUploadedToEDI\Raw_CTD\RawDownloads\041922_fcr50_0001.hex
* Software version 2.8.0.119
* Temperature SN = 7809
* Conductivity SN = 7809
* System UpLoad Time = Apr 19 2022 09:56:58
* <ApplicationData>
* <Seaterm232>
# nquan = 15
# nvalues = 1895                        
# units = specified
# name 0 = depFM: Depth [fresh water, m]
# name 1 = dz/dtM: Descent Rate [m/s]
# name 2 = sbeox0Mg/L: Oxygen, SBE 43 [mg/l]
# name 3 = sbeox0PS: Oxygen, SBE 43 [% saturation]
# name 4 = specc: Specific Conductance [uS/cm]
# name 5 = c0uS/cm: Conductivity [uS/cm]
# name 6 = flECO-AFL: Fluorescence, WET Labs ECO-AFL/FL [mg/m^3]
# name 7 = ph: pH
# name 8 = orp: Oxidation Reduction Potential [mV]
# name 9 = par/sat/log: PAR/Logarithmic, Satlantic
# name 10 = turbWETntu0: Turbidity, WET Labs ECO [NTU]
# name 11 = prdM: Pressure, Strain Gauge [db]
# name 12 = prdE: Pressure, Strain Gauge [psi]
# name 13 = tv290C: Temperature [ITS-90, deg C]
# name 14 = flag:  0.000e+00
# span 0 =     -0.683,      9.528       
# span 1 =     -0.217,      0.119       
# span 2 =    -0.1110,    10.6889       
# span 3 =     -0.889,     99.726       
# span 4 =      1.336,    293.597       
# span 5 =   0.977581, 193.147105       
# span 6 =    -0.1338,    18.7399       
# span 7 =     -2.814,     10.102       
# span 8 = -1240.7455,  1240.2295       
# span 9 = 1.2367e-01, 4.6497e+02       
# span 10 =    -0.4116,   140.2311      
# span 11 =     -0.671,      9.344      
# span 12 =     -0.973,     13.552      
# span 13 =     7.8863,    13.9198      
# span 14 = 0.0000e+00, 0.0000e+00      
# interval = seconds: 0.25
# start_time = Apr 19 2022 06:33:30 [Instrument's time stamp, header]
# bad_flag = -9.990e-29
*END*
[from data line 1832]
     -0.662 -1.187e-20     8.2121     76.871      3.997   2.978743     0.3538      6.596   389.9794 2.3830e+02     1.1239     -0.650     -0.942    12.3108 0.0000e+00
     -0.662 -1.306e-19     8.2174     76.901      4.111   3.063020     0.2496      6.585   381.7370 2.7120e+02     0.8008     -0.650     -0.942    12.2979 0.0000e+00
     -0.662 -1.436e-18     8.2253     76.924      4.044   3.012419     0.0638      6.577   369.6766 3.2164e+02     0.2409     -0.650     -0.943    12.2834 0.0000e+00
     -0.662 -1.580e-17     8.2317     76.939      3.857   2.873412    -0.0371      6.573   348.2659 3.3255e+02    -0.0773     -0.650     -0.942    12.2686 0.0000e+00
     -0.663 -1.738e-16     8.2353     76.954      3.641   2.711795    -0.0467      6.575   309.9109 3.1010e+02    -0.0740     -0.650     -0.943    12.2577 0.0000e+00
     -0.663 -1.912e-15     8.2408     76.961      3.461   2.577727    -0.0604      6.581   256.5398 3.0860e+02     0.2121     -0.650     -0.943    12.2501 0.0000e+00
     -0.663 -2.103e-14     8.2451     76.966      3.382   2.518583    -0.0863      6.583   212.4858 3.0962e+02     0.6821     -0.650     -0.943    12.2443 0.0000e+00
     -0.663 -2.313e-13     8.2456     76.984      3.277   2.439840    -0.1101      6.575   210.3792 3.0024e+02     0.8954     -0.650     -0.943    12.2397 0.0000e+00
     -0.663 -2.545e-12     8.2498     76.992      3.034   2.258731    -0.1153      6.559   261.0963 2.8349e+02     0.8440     -0.650     -0.943    12.2353 0.0000e+00
     -0.663 -2.799e-11     8.2512     76.989      2.738   2.038114    -0.1078      6.537   292.6022 2.5446e+02     0.8461     -0.650     -0.943    12.2310 0.0000e+00
     -0.663 -3.079e-10     8.2502     76.995      2.416   1.798208    -0.1017      6.517   269.4419 2.2845e+02     0.9900     -0.650     -0.943    12.2266 0.0000e+00
     -0.663 -3.387e-09     8.2558     77.021      2.200   1.637058    -0.1005      6.493   278.9351 2.2807e+02     1.1830     -0.651     -0.944    12.2220 0.0000e+00
     -0.663 -3.726e-08     8.2569     77.071      2.248   1.672300    -0.1100      6.449   368.0626 2.4570e+02     1.3012     -0.650     -0.943    12.2170 0.0000e+00
     -0.663 -4.098e-07     8.2567     77.149      2.310   1.717874    -0.1165      6.381   541.8337 2.5194e+02     1.3261     -0.650     -0.943    12.2116 0.0000e+00
     -0.663     -0.000     8.2578     77.214      2.261   1.681644    -0.1118      6.291   819.7509 2.4828e+02     0.9707     -0.651     -0.944    12.2062 0.0000e+00
     -0.663     -0.000     8.2625     77.184      2.341   1.740695    -0.1116      6.211  1101.9874 2.5419e+02     0.2842     -0.651     -0.944    12.1998 0.0000e+00
     -0.663     -0.001     8.2680     76.966      2.590   1.925400    -0.1142      6.211  1227.6611 2.6840e+02    -0.0401     -0.651     -0.944    12.1911 0.0000e+00
     -0.663     -0.001     8.2794     76.511      2.797   2.079033    -0.1106      6.289  1239.0766 2.7579e+02    -0.0124     -0.651     -0.944    12.1847 0.0000e+00
     -0.664     -0.001     8.2907     75.849      2.797   2.078903    -0.1086      6.356  1240.0115 2.7146e+02    -0.0642     -0.651     -0.944    12.1811 0.0000e+00
     -0.664     -0.001     8.2916     75.035      2.674   1.987139    -0.1159      6.386  1238.9644 2.6803e+02    -0.1878     -0.651     -0.944    12.1778 0.0000e+00
     -0.664     -0.001     8.2717     74.116      2.583   1.919120    -0.1230      6.400  1226.4165 2.7489e+02    -0.2428     -0.651     -0.945    12.1743 0.0000e+00
     -0.664     -0.001     8.2211     73.145      2.543   1.889552    -0.1196      6.443  1088.2962 2.8788e+02    -0.2516     -0.651     -0.945    12.1703 0.0000e+00
     -0.664      0.000     8.1491     72.200      2.619   1.946166    -0.1164      6.528   802.5084 2.9506e+02    -0.2949     -0.652     -0.945    12.1664 0.0000e+00
     -0.664 -1.863e-08     8.0602     71.351      2.908   2.160491    -0.1175      6.550   658.6301 2.9296e+02    -0.3567     -0.652     -0.945    12.1623 0.0000e+00
     -0.664 -2.049e-07     7.9616     70.645      3.220   2.391806    -0.1084      6.389   822.9584 2.8503e+02    -0.3497     -0.652     -0.946    12.1576 0.0000e+00
     -0.664 -2.049e-07     7.8537     70.079      3.232   2.400621    -0.0977      5.675   955.4615 2.6778e+02    -0.2781     -0.652     -0.945    12.1530 0.0000e+00
     -0.664 -1.863e-08     7.7513     69.633      3.053   2.267065    -0.1050      4.307   385.2302 2.5153e+02    -0.2767     -0.651     -0.944    12.1479 0.0000e+00
     -0.664 -1.693e-09     7.6584     69.285      2.922   2.169763    -0.1217      3.646  -654.4549 2.5729e+02    -0.2650     -0.651     -0.945    12.1428 0.0000e+00
     -0.664 -1.539e-10     7.5842     68.995      2.757   2.047143    -0.1165      4.374 -1170.4617 2.8611e+02    -0.1019     -0.651     -0.944    12.1376 0.0000e+00
     -0.664 -1.400e-11     7.5257     68.756      2.507   1.860688    -0.1007      5.163 -1047.5247 3.1247e+02     0.0221     -0.652     -0.945    12.1324 0.0000e+00
     -0.664 -1.272e-12     7.4778     68.564      2.274   1.687919    -0.1050      5.559  -894.9276 3.0787e+02     0.0042     -0.651     -0.944    12.1271 0.0000e+00
     -0.664 -1.157e-13     7.4451     68.401      2.247   1.667467    -0.1101      5.987 -1052.3172 2.8602e+02    -0.0788     -0.651     -0.945    12.1214 0.0000e+00
     -0.664 -1.052e-14     7.4134     68.267      2.345   1.740010    -0.1046      6.288 -1223.6157 2.7493e+02    -0.1627     -0.651     -0.944    12.1160 0.0000e+00
     -0.664 -9.560e-16     7.3893     68.159      2.264   1.678757    -0.1052      6.409 -1239.1883 2.7138e+02    -0.2245     -0.651     -0.945    12.1106 0.0000e+00
     -0.664 -8.690e-17     7.3707     68.056      2.104   1.559915    -0.1084      6.469 -1240.6040 2.6798e+02    -0.3130     -0.651     -0.945    12.1052 0.0000e+00
     -0.664 -7.900e-18     7.3537     67.959      2.031   1.505914    -0.1105      6.485 -1240.7327 2.6599e+02    -0.3111     -0.651     -0.944    12.0995 0.0000e+00
     -0.664 -7.180e-19     7.3397     67.889      1.981   1.468963    -0.1144      6.491 -1240.7444 2.6488e+02    -0.1667     -0.651     -0.944    12.0940 0.0000e+00
     -0.664 -6.530e-20     7.3310     67.864      1.928   1.429671    -0.1053      6.515 -1240.7454 2.6673e+02    -0.0708     -0.651     -0.944    12.0884 0.0000e+00
     -0.664 -5.935e-21     7.3207     67.879      1.903   1.410670    -0.0922      6.547 -1240.7455 2.7140e+02    -0.0743     -0.650     -0.943    12.0823 0.0000e+00
     -0.664 -5.395e-22     7.3097     67.907      1.928   1.429136    -0.0805      6.561 -1240.7455 2.7355e+02    -0.0718     -0.651     -0.944    12.0763 0.0000e+00
     -0.663 -4.905e-23     7.3030     67.939      1.975   1.463021    -0.0554      6.538 -1240.7455 2.7916e+02    -0.0399     -0.651     -0.945    12.0701 0.0000e+00
     -0.663 -4.459e-24     7.3010     68.024      2.030   1.503855    -0.0471      6.499 -1240.7455 2.9655e+02    -0.0306     -0.651     -0.944    12.0641 0.0000e+00
     -0.664 -4.054e-25     7.3050     68.118      2.083   1.543020    -0.0716      6.468 -1240.7455 3.1494e+02    -0.0621     -0.651     -0.944    12.0581 0.0000e+00
     -0.664 -3.686e-26     7.3108     68.118      2.102   1.556731    -0.0852      6.441 -1240.7455 3.3439e+02    -0.0785     -0.651     -0.944    12.0522 0.0000e+00
     -0.663 -3.351e-27     7.3110     68.090      2.084   1.543017    -0.0860      6.421 -1240.7455 3.6462e+02    -0.0922     -0.651     -0.944    12.0465 0.0000e+00
     -0.663 -3.046e-28     7.3212     68.107      2.031   1.503826    -0.1064      6.413 -1240.7455 3.8942e+02    -0.1261     -0.651     -0.944    12.0406 0.0000e+00
     -0.663 -2.769e-29     7.3428     68.123      1.976   1.462705    -0.1150      6.410 -1240.7455 3.9959e+02    -0.1119     -0.651     -0.944    12.0350 0.0000e+00
     -0.663 -2.517e-30     7.3362     68.119      1.926   1.425654    -0.1069      6.410 -1240.7455 4.0628e+02    -0.0571     -0.651     -0.944    12.0293 0.0000e+00
     -0.663 -2.289e-31     7.3301     68.131      1.855   1.372366    -0.1168      6.412 -1240.7455 4.1916e+02    -0.0101     -0.651     -0.944    12.0237 0.0000e+00
     -0.663 -2.080e-32     7.3380     68.165      1.790   1.324831    -0.1265      6.413 -1240.7455 4.3705e+02     0.0463     -0.651     -0.944    12.0181 0.0000e+00
     -0.664 -1.891e-33     7.3407     68.191      1.749   1.294046    -0.1245      6.418 -1240.7455 4.4982e+02     0.1118     -0.651     -0.945    12.0127 0.0000e+00
     -0.664 -1.719e-34     7.3391     68.227      1.694   1.253371    -0.1170      6.438 -1240.7455 4.5530e+02     0.1673     -0.651     -0.945    12.0071 0.0000e+00
     -0.663 -1.563e-35     7.3402     68.285      1.640   1.212852    -0.1115      6.485 -1240.7455 4.5762e+02     0.1715     -0.651     -0.944    12.0016 0.0000e+00
     -0.663 -1.421e-36     7.3485     68.335      1.600   1.183960    -0.1161      6.533 -1240.7455 4.5926e+02     0.0945     -0.651     -0.944    11.9961 0.0000e+00
     -0.663 -1.292e-37     7.3495     68.350      1.565   1.157258    -0.1145      6.552 -1240.7455 4.6083e+02     0.0554     -0.651     -0.944    11.9905 0.0000e+00
     -0.664 -1.174e-38     7.3540     68.343      1.546   1.143218    -0.1092      6.554 -1240.7455 4.6182e+02     0.1092     -0.651     -0.944    11.9849 0.0000e+00
     -0.664 -1.068e-39     7.3626     68.335      1.543   1.140810    -0.1103      6.558 -1240.7455 4.6258e+02     0.1302     -0.651     -0.944    11.9795 0.0000e+00
     -0.664 -9.785e-41     7.3708     68.334      1.526   1.128139    -0.1112      6.565 -1240.7455 4.6346e+02     0.1372     -0.651     -0.944    11.9739 0.0000e+00
     -0.664 -1.764e-41     7.3719     68.337      1.511   1.116619    -0.1112      6.570 -1240.7455 4.6353e+02     0.1604     -0.651     -0.944    11.9688 0.0000e+00
     -0.664 -9.990e-29     7.3710 -9.990e-29 -9.990e-29 -9.990e-29 -9.990e-29 -9.990e-29 -9.990e-29 4.6296e+02 -9.990e-29     -0.652     -0.945    11.9632 0.0000e+00
     -0.664 -9.990e-29     7.3715 -9.990e-29 -9.990e-29 -9.990e-29 -9.990e-29 -9.990e-29 -9.990e-29 4.6208e+02 -9.990e-29     -0.651     -0.944    11.9582 0.0000e+00
     -0.664 -9.990e-29     7.3713 -9.990e-29 -9.990e-29 -9.990e-29 -9.990e-29 -9.990e-29 -9.990e-29 4.6044e+02 -9.990e-29     -0.651     -0.944    11.9524 0.0000e+00
     -0.664 -9.990e-29     7.3745 -9.990e-29 -9.990e-29 -9.990e-29 -9.990e-29 -9.990e-29 -9.990e-29 4.5942e+02 -9.990e-29     -0.651     -0.944    11.9481 0.0000e+00
