Data/DataNotYetUploadedToEDI/Raw_CTD/RawDownloads/042026_fcr40_S7809021.cnv
* Sea-Bird SBE19plus  Data File:
* FileName = C:\R\Reservoirs\Data\DataNotYetUploadedToEDI\Raw_CTD\RawDownloads\051126_FCR_50_S7809_0021.hex
* Software version 2.8.0.119
* Temperature SN = 7809
* Conductivity SN = 7809
* System UpLoad Time = May 11 2026 15:39:54
* <ApplicationData>
* <Seaterm232>
# nquan = 15
# nvalues = 960                         
# units = specified
# name 0 = depFM: Depth [fresh water, m]
# name 1 = dz/dtM: Descent Rate [m/s]
# name 2 = sbeox0Mg/L: Oxygen, SBE 43 [mg/l]
# name 3 = sbeox0PS: Oxygen, SBE 43 [% saturation]
# name 4 = specc: Specific Conductance [uS/cm]
# name 5 = c0uS/cm: Conductivity [uS/cm]
# name 6 = flECO-AFL: Fluorescence, WET Labs ECO-AFL/FL [mg/m^3]
# name 7 = ph: pH
# name 8 = orp: Oxidation Reduction Potential [mV]
# name 9 = par/sat/log: PAR/Logarithmic, Satlantic
# name 10 = turbWETntu0: Turbidity, WET Labs ECO [NTU]
# name 11 = prdM: Pressure, Strain Gauge [db]
# name 12 = prdE: Pressure, Strain Gauge [psi]
# name 13 = tv290C: Temperature [ITS-90, deg C]
# name 14 = flag:  0.000e+00
# span 0 =     -0.585,      4.593       
# span 1 =     -0.240,      0.319       
# span 2 =     1.9913,    11.7127       
# span 3 =     17.179,    110.282       
# span 4 =      7.069,     39.885       
# span 5 =   6.008129,  31.923971       
# span 6 =    -0.0425,    18.5186       
# span 7 =      9.177,     10.684       
# span 8 =    31.1049,   153.6771       
# span 9 = 5.7225e+00, 6.6587e+02       
# span 10 =     2.3408,   323.4714      
# span 11 =     -0.576,      4.505      
# span 12 =     -0.834,      6.534      
# span 13 =     8.6262,    17.6653      
# span 14 = 0.0000e+00, 0.0000e+00      
# interval = seconds: 0.25
# start_time = Apr 20 2026 11:39:26 [Instrument's time stamp, header]
# bad_flag = -9.990e-29
*END*
[from data line 482]
      0.253     -0.185     8.7086     91.470     37.328  31.828653     3.9259     10.311   145.8570 2.3096e+02     3.6471      0.235      0.340    17.6218 0.0000e+00
      0.227     -0.125     8.7166     91.493     37.318  31.821313     3.8854     10.316   153.6771 2.4324e+02     3.7659      0.219      0.317    17.6221 0.0000e+00
      0.221     -0.061     8.7202     91.540     37.289  31.797867     3.8805     10.321   153.6498 2.4467e+02     3.7543      0.214      0.311    17.6242 0.0000e+00
      0.224     -0.011     8.7254     91.579     37.288  31.798921     3.8514     10.325   148.2807 2.3307e+02     3.6088      0.217      0.316    17.6269 0.0000e+00
      0.233      0.015     8.7240     91.594     37.328  31.834057     3.8906     10.327   143.0497 2.1822e+02     3.6128      0.227      0.328    17.6293 0.0000e+00
      0.245      0.024     8.7250     91.592     37.337  31.842072     3.9969     10.328   141.9400 2.0599e+02     3.7342      0.241      0.348    17.6311 0.0000e+00
      0.256      0.022     8.7314     91.534     37.325  31.832397     4.0550     10.327   141.7474 1.9729e+02     3.7791      0.252      0.367    17.6330 0.0000e+00
      0.262      0.015     8.7352     91.412     37.338  31.843944     4.0428     10.327   147.0017 1.9369e+02     3.7114      0.259      0.376    17.6346 0.0000e+00
      0.264      0.007     8.7352     91.346     37.352  31.854811     3.9918     10.328   146.1873 1.9483e+02     3.6672      0.260      0.377    17.6365 0.0000e+00
      0.262      0.001     8.7359     91.370     37.332  31.836915     3.9371     10.329   134.3959 1.9781e+02     3.7222      0.258      0.374    17.6382 0.0000e+00
      0.257     -0.001     8.7344     91.402     37.310  31.817884     3.9226     10.328   127.5553 1.9881e+02     3.6942      0.252      0.365    17.6383 0.0000e+00
      0.254      0.002     8.7142     91.439     37.308  31.815021     3.9248     10.328   126.5453 1.9465e+02     3.5677      0.247      0.359    17.6375 0.0000e+00
      0.254      0.007     8.7067     91.499     37.293  31.802295     3.9470     10.328   125.5392 1.8630e+02     3.5247      0.249      0.362    17.6368 0.0000e+00
      0.258      0.011     8.7159     91.569     37.278  31.790888     4.0084     10.328   125.0273 1.7457e+02     3.5845      0.252      0.366    17.6362 0.0000e+00
      0.265      0.014     8.7164     91.664     37.293  31.803980     4.0679     10.329   125.1743 1.5874e+02     3.6751      0.259      0.376    17.6355 0.0000e+00
      0.272      0.013     8.7195     91.743     37.327  31.833711     4.1083     10.329   124.7355 1.4021e+02     3.6977      0.268      0.389    17.6351 0.0000e+00
      0.277      0.006     8.7270     91.753     37.327  31.833178     4.0885     10.330   123.9371 1.2404e+02     3.6189      0.273      0.396    17.6350 0.0000e+00
      0.279     -0.007     8.7313     91.730     37.286  31.797536     4.0372     10.330   123.2651 1.1529e+02     3.6106      0.274      0.397    17.6358 0.0000e+00
      0.278     -0.029     8.7419     91.715     37.270  31.783390     4.0288     10.330   122.6324 1.1294e+02     3.7341      0.273      0.396    17.6367 0.0000e+00
      0.273     -0.060     8.7536     91.709     37.278  31.789015     4.0284     10.331   122.0521 1.1744e+02     3.8137      0.271      0.392    17.6369 0.0000e+00
      0.261     -0.100     8.7507     91.699     37.293  31.802108     3.9411     10.332   121.4971 1.2892e+02     3.7536      0.262      0.378    17.6363 0.0000e+00
      0.235     -0.144     8.7480     91.695     37.308  31.814823     3.7641     10.334   120.9987 1.4691e+02     3.6219      0.236      0.342    17.6353 0.0000e+00
      0.192     -0.181     8.7465     91.698     37.308  31.815875     3.6693     10.334   120.5862 1.7938e+02     3.5883      0.194      0.282    17.6346 0.0000e+00
      0.131     -0.200     8.7473     91.679     37.304  31.814838     3.6858     10.334   120.2950 2.2757e+02     3.6888      0.135      0.196    17.6339 0.0000e+00
      0.056     -0.195     8.7459     91.653     37.286  31.802278     3.6802     10.335   120.1450 2.6909e+02     3.7096      0.055      0.080    17.6332 0.0000e+00
     -0.018     -0.168     8.7441     91.643     37.270  31.790902     3.5270     10.336   120.0634 2.9250e+02     3.6003     -0.028     -0.040    17.6328 0.0000e+00
     -0.066     -0.126     8.7475     91.668     37.283  31.804166     3.2727     10.337   119.9108 3.1026e+02     3.5290     -0.078     -0.112    17.6346 0.0000e+00
     -0.082     -0.079     8.7424     91.736     37.319  31.835780     3.1529     10.338   119.6766 3.1874e+02     3.5645     -0.088     -0.126    17.6387 0.0000e+00
     -0.078     -0.038     8.7394     91.798     37.343  31.855965     3.1694     10.340   119.5546 3.1449e+02     3.6535     -0.078     -0.113    17.6428 0.0000e+00
     -0.067     -0.012     8.7374     91.798     37.346  31.857904     3.2470     10.341   119.4677 3.0481e+02     3.6828     -0.063     -0.093    17.6459 0.0000e+00
     -0.057     -0.004     8.7378     91.781     37.348  31.859215     3.3832     10.343   119.3141 2.9544e+02     3.6457     -0.053     -0.076    17.6485 0.0000e+00
     -0.057     -0.009     8.7462     91.846     37.363  31.871813     3.4686     10.343   119.1596 2.9528e+02     3.6155     -0.053     -0.077    17.6502 0.0000e+00
     -0.067     -0.020     8.7554     91.942     37.376  31.883348     3.4805     10.344   118.9774 3.0722e+02     3.6245     -0.065     -0.095    17.6497 0.0000e+00
     -0.080     -0.028     8.7544     91.949     37.361  31.871813     3.3690     10.345   118.8318 3.2432e+02     3.6874     -0.079     -0.115    17.6482 0.0000e+00
     -0.090     -0.030     8.7461     91.858     37.346  31.859229     3.1275     10.345   118.7761 3.3621e+02     3.6923     -0.088     -0.128    17.6470 0.0000e+00
     -0.100     -0.026     8.7557     91.749     37.344  31.858070     2.9745     10.346   118.6478 3.3837e+02     3.6156     -0.097     -0.141    17.6471 0.0000e+00
     -0.108     -0.018     8.7709     91.675     37.344  31.857795     2.9589     10.348   118.2263 3.3582e+02     3.5790     -0.107     -0.156    17.6478 0.0000e+00
     -0.111     -0.011     8.7706     91.610     37.342  31.855914     3.0464     10.348   117.5523 3.3400e+02     3.6254     -0.112     -0.162    17.6490 0.0000e+00
     -0.109     -0.005     8.7583     91.552     37.317  31.835322     3.2001     10.349   116.9517 3.3244e+02     3.6983     -0.107     -0.155    17.6497 0.0000e+00
     -0.106     -0.001     8.7452     91.547     37.274  31.799137     3.2689     10.350   116.4704 3.2991e+02     3.6751     -0.103     -0.149    17.6500 0.0000e+00
     -0.105      0.002     8.7404     91.576     37.274  31.799033     3.2459     10.350   116.0347 3.2721e+02     3.6190     -0.102     -0.148    17.6502 0.0000e+00
     -0.105      0.002     8.7354     91.595     37.314  31.834065     3.1809     10.351   115.7282 3.2524e+02     3.6678     -0.103     -0.150    17.6507 0.0000e+00
     -0.106      0.001     8.7254     91.623     37.323  31.842072     3.0976     10.353   115.4321 3.2430e+02     3.7869     -0.104     -0.150    17.6513 0.0000e+00
     -0.106      0.000     8.7267     91.673     37.312  31.832410     3.0635     10.355   115.1215 3.2448e+02     3.8294     -0.104     -0.150    17.6516 0.0000e+00
     -0.105      0.000     8.7324     91.731     37.325  31.844114     3.0516     10.356   114.8975 3.2498e+02     3.7379     -0.103     -0.150    17.6518 0.0000e+00
     -0.105      0.001     8.7314     91.765     37.339  31.856712     3.0204     10.356   114.7024 3.2481e+02     3.6375     -0.102     -0.148    17.6524 0.0000e+00
     -0.105      0.001     8.7347     91.771     37.340  31.857857     2.9854     10.356   114.3984 3.2460e+02     3.6408     -0.103     -0.149    17.6529 0.0000e+00
     -0.105     -0.001     8.7387     91.788     37.339  31.857961     2.9446     10.357   114.0608 3.2621e+02     3.6746     -0.103     -0.150    17.6533 0.0000e+00
     -0.104     -0.007     8.7467     91.837     37.339  31.857969     2.9190     10.358   113.8043 3.3136e+02     3.6707     -0.102     -0.148    17.6539 0.0000e+00
     -0.103     -0.018     8.7494     91.859     37.338  31.857955     2.9081     10.360   113.4476 3.3947e+02     3.6622     -0.099     -0.145    17.6546 0.0000e+00
     -0.104     -0.034     8.7485     91.818     37.337  31.857800     2.8631     10.360   113.0174 3.4812e+02     3.6739     -0.100     -0.146    17.6554 0.0000e+00
     -0.112     -0.053     8.7480     91.760     37.335  31.856094     2.7999     10.361   112.6469 3.5624e+02     3.7436     -0.106     -0.154    17.6558 0.0000e+00
     -0.128     -0.070     8.7554     91.667     37.313  31.837325     2.7593     10.362   112.3225 3.6393e+02     3.7533     -0.122     -0.178    17.6565 0.0000e+00
     -0.154     -0.083     8.7614     91.542     37.293  31.821179     2.7223     10.363   112.1074 3.7173e+02     3.6553     -0.148     -0.214    17.6573 0.0000e+00
     -0.186     -0.093     8.7506     91.422     37.328  31.851186     2.6188     10.363   111.8525 3.8358e+02     3.5834     -0.183     -0.263    17.6579 0.0000e+00
     -0.216     -0.106     8.7495     91.327     37.367  31.882947     2.4728     10.363   111.1336 3.9112e+02     3.6015     -0.216     -0.314    17.6582 0.0000e+00
     -0.236     -0.127     8.7398     91.286     37.373  31.888008     2.4049     10.364   109.5245 4.0207e+02     3.7025     -0.234     -0.340    17.6583 0.0000e+00
     -0.253     -0.156     8.7253     91.288     37.400  31.912388     2.3722     10.366   106.9372 4.3721e+02     3.7465     -0.244     -0.355    17.6590 0.0000e+00
     -0.282     -0.184     8.7146     91.240     37.411  31.923971     2.1200     10.368   104.7167 4.6935e+02     3.8935     -0.267     -0.388    17.6592 0.0000e+00
     -0.337     -0.201     8.7036     91.005     37.085  31.647421     1.6940     10.370   104.0139 4.8450e+02     4.3188     -0.320     -0.465    17.6580 0.0000e+00
     -0.418     -0.203     8.6997     90.453     33.477  28.568653     1.4823     10.370   103.9459 4.9396e+02     4.6190     -0.405     -0.588    17.6577 0.0000e+00
     -0.503     -0.187     8.7030     89.573     23.516  20.067247     1.4422     10.371   103.7229 4.7326e+02     4.6200     -0.505     -0.733    17.6595 0.0000e+00
     -0.562     -0.155     8.7033     88.601     12.781  10.904511     1.0587     10.373   103.5549 4.0778e+02     4.0227     -0.569     -0.825    17.6626 0.0000e+00
     -0.583     -0.110     8.6840     87.794      8.034   6.849082     0.3577     10.375   103.7212 3.3999e+02     2.9655     -0.576     -0.834    17.6648 0.0000e+00
     -0.585     -0.063     8.6363     87.299      7.219   6.145434    -0.0163     10.376   103.7546 3.1824e+02     2.4602     -0.573     -0.831    17.6653 0.0000e+00
     -0.585     -0.026     8.5400     87.183      7.069   6.008129    -0.0425     10.378   103.4420 3.4046e+02     2.3888     -0.575     -0.833    17.6643 0.0000e+00
     -0.585     -0.002     8.4396     87.378      7.458   6.329359    -0.0422     10.379   104.5884 3.8469e+02     2.3408     -0.574     -0.832    17.6586 0.0000e+00
     -0.585      0.018     8.3655     87.736      8.988   7.621697     0.1280     10.379   107.9793 4.2663e+02     3.2122     -0.574     -0.833    17.6245 0.0000e+00
     -0.585      0.049     8.3245     88.168     15.565  13.206908     0.4762     10.379   111.4015 4.5337e+02     4.9319     -0.573     -0.831    17.5621 0.0000e+00
     -0.584      0.094     8.3302     88.707     27.403  23.275308     0.6641     10.379   113.2709 4.8682e+02     5.8486     -0.575     -0.833    17.4899 0.0000e+00
     -0.571      0.147     8.3644     89.228     35.451  30.141690     0.6846     10.377   113.7187 5.2147e+02     5.7902     -0.572     -0.831    17.4230 0.0000e+00
     -0.526      0.198     8.4141     89.591     37.224  31.681178     1.0656     10.374   113.6318 5.2883e+02     5.1822     -0.529     -0.768    17.3781 0.0000e+00
     -0.449      0.241     8.4463     89.823     37.339  31.803672     1.8157     10.374   113.9414 5.0753e+02     4.2359     -0.443     -0.642    17.3820 0.0000e+00
     -0.360      0.268     8.4935     89.834     37.330  31.813095     2.2473     10.376   114.5371 4.6834e+02     3.7773     -0.350     -0.508    17.4440 0.0000e+00
     -0.276      0.272     8.5428     89.599     37.296  31.795128     2.3059     10.377   114.9830 4.3293e+02     3.7018     -0.268     -0.388    17.5079 0.0000e+00
     -0.202      0.250     8.5577     89.061     37.268  31.776760     2.4819     10.378   115.3748 4.0776e+02     3.6313     -0.194     -0.281    17.5537 0.0000e+00
     -0.138      0.211     8.5852     88.093     37.268  31.781329     2.8190     10.379   115.7470 3.7796e+02     3.6418     -0.131     -0.192    17.5881 0.0000e+00
     -0.088      0.166     8.5809     87.056     37.270  31.786939     3.0026     10.379   115.9546 3.4526e+02     3.6913     -0.080     -0.117    17.6096 0.0000e+00
     -0.055      0.121     8.5516     86.309     37.258  31.781159     3.0287     10.380   116.0783 3.3289e+02     3.7524     -0.048     -0.069    17.6233 0.0000e+00
     -0.037      0.081     8.5188     85.670     37.248  31.774880     2.9940     10.381   116.2113 3.3095e+02     3.7311     -0.036     -0.052    17.6298 0.0000e+00
     -0.025      0.048     8.4034     84.921     37.246  31.774463     2.8990     10.382   116.3581 3.0890e+02     3.6733     -0.021     -0.032    17.6348 0.0000e+00
     -0.019      0.026     8.2833     84.036     37.247  31.776126     2.8618     10.383   116.4763 2.8772e+02     3.7019     -0.015     -0.022    17.6404 0.0000e+00
     -0.020      0.013     8.2285     82.992     37.268  31.794996     2.8857     10.383   116.6080 2.9108e+02     3.7362     -0.019     -0.027    17.6456 0.0000e+00
     -0.023      0.006     8.1740     81.849     37.288  31.812297     2.9387     10.382   116.7464 2.9816e+02     3.7117     -0.023     -0.033    17.6489 0.0000e+00
     -0.025      0.000     8.0997     80.758     37.267  31.794997     3.0017     10.382   116.8584 2.9134e+02     3.6448     -0.027     -0.037    17.6516 0.0000e+00
     -0.022     -0.005     8.0176     79.732     37.244  31.776137     3.0156     10.383   116.9297 2.7931e+02     3.6450     -0.022     -0.033    17.6529 0.0000e+00
     -0.017     -0.007     7.9180     78.814     37.242  31.774578     3.0156     10.384   116.9202 2.7696e+02     3.7485     -0.013     -0.019    17.6535 0.0000e+00
     -0.018     -0.007     7.7979     78.156     37.243  31.776153     3.0356     10.384   117.0020 2.9744e+02     3.7682     -0.013     -0.020    17.6539 0.0000e+00
     -0.028     -0.006     7.6974     77.758     37.266  31.795168     3.0569     10.385   117.1450 3.1894e+02     3.6442     -0.029     -0.042    17.6543 0.0000e+00
     -0.036     -0.003     7.6006     77.560     37.289  31.814183     3.0730     10.386   117.1864 3.0983e+02     3.5480     -0.039     -0.057    17.6550 0.0000e+00
     -0.036      0.001     7.5009     77.510     37.291  31.815747     3.0810     10.386   117.2441 2.9453e+02     3.5958     -0.037     -0.054    17.6555 0.0000e+00
     -0.031      0.006     7.4430     77.514     37.289  31.814075     3.0947     10.387   117.3256 2.9128e+02     3.7094     -0.031     -0.043    17.6556 0.0000e+00
     -0.024      0.011     7.4066     77.548     37.265  31.793965     3.0978     10.388   117.3117 2.8765e+02     3.7259     -0.023     -0.033    17.6556 0.0000e+00
     -0.018      0.012     7.3878     77.678     37.230  31.762914     3.0763     10.388   117.2485 2.8817e+02     3.6240     -0.018     -0.025    17.6554 0.0000e+00
     -0.015      0.009     7.3887     77.942     37.222  31.755829     3.0594     10.387   117.2497 2.9300e+02     3.5360     -0.015     -0.021    17.6553 0.0000e+00
     -0.015      0.005     7.3894     78.301     37.241  31.771739     3.0595     10.387   117.3260 2.9399e+02     3.5841     -0.014     -0.022    17.6547 0.0000e+00
