Data/DataNotYetUploadedToEDI/Raw_CTD/RawDownloads/042026_FCR_50_S7809022.cnv
* Sea-Bird SBE19plus  Data File:
* FileName = C:\R\Reservoirs\Data\DataNotYetUploadedToEDI\Raw_CTD\RawDownloads\051126_FCR_50_S7809_0022.hex
* Software version 2.8.0.119
* Temperature SN = 7809
* Conductivity SN = 7809
* System UpLoad Time = May 11 2026 15:40:16
* <ApplicationData>
* <Seaterm232>
# nquan = 15
# nvalues = 596                         
# units = specified
# name 0 = depFM: Depth [fresh water, m]
# name 1 = dz/dtM: Descent Rate [m/s]
# name 2 = sbeox0Mg/L: Oxygen, SBE 43 [mg/l]
# name 3 = sbeox0PS: Oxygen, SBE 43 [% saturation]
# name 4 = specc: Specific Conductance [uS/cm]
# name 5 = c0uS/cm: Conductivity [uS/cm]
# name 6 = flECO-AFL: Fluorescence, WET Labs ECO-AFL/FL [mg/m^3]
# name 7 = ph: pH
# name 8 = orp: Oxidation Reduction Potential [mV]
# name 9 = par/sat/log: PAR/Logarithmic, Satlantic
# name 10 = turbWETntu0: Turbidity, WET Labs ECO [NTU]
# name 11 = prdM: Pressure, Strain Gauge [db]
# name 12 = prdE: Pressure, Strain Gauge [psi]
# name 13 = tv290C: Temperature [ITS-90, deg C]
# name 14 = flag:  0.000e+00
# span 0 =     -0.586,      5.251       
# span 1 =     -0.135,      0.373       
# span 2 =     1.3215,    12.3680       
# span 3 =     11.157,    120.691       
# span 4 =      3.050,     41.694       
# span 5 =   2.264655,  31.937916       
# span 6 =    -0.1373,    19.0932       
# span 7 =      7.664,     11.137       
# span 8 =  -136.7021,   416.9667       
# span 9 = 1.8298e+00, 6.3872e+02       
# span 10 =     1.7787,   298.1835      
# span 11 =     -0.576,      5.151      
# span 12 =     -0.835,      7.470      
# span 13 =     7.5986,    17.7446      
# span 14 = 0.0000e+00, 0.0000e+00      
# interval = seconds: 0.25
# start_time = Apr 20 2026 11:51:55 [Instrument's time stamp, header]
# bad_flag = -9.990e-29
*END*
[from data line 482]
      3.869      0.110     5.6535     33.187     38.500  26.114637     4.9090     11.058   116.4270 1.8926e+01     2.9747      3.800      5.511     9.1599 0.0000e+00
      3.896      0.107     5.0292     31.064     38.625  26.170557     4.2262     11.055   116.5252 1.8591e+01     3.0543      3.823      5.545     9.0864 0.0000e+00
      3.917      0.097     4.5153     29.511     38.709  26.210493     3.8393     11.050   116.6512 1.8580e+01     3.1274      3.839      5.568     9.0142 0.0000e+00
      3.942      0.082     4.1226     28.415     38.737  26.216951     3.8023     11.046   116.8317 1.8419e+01     3.2097      3.864      5.605     8.9582 0.0000e+00
      3.969      0.066     3.8249     27.599     38.710  26.185202     3.7204     11.041   117.0731 1.7976e+01     3.3999      3.896      5.650     8.9098 0.0000e+00
      3.987      0.052     3.5753     26.950     38.662  26.143716     3.5398     11.036   117.3333 1.7371e+01     3.6508      3.915      5.677     8.8677 0.0000e+00
      3.995      0.039     3.4052     26.395     38.689  26.159296     3.4501     11.033   117.6544 1.6950e+01     3.8185      3.919      5.683     8.8512 0.0000e+00
      3.996      0.028     3.2867     25.870     38.724  26.183315     3.4764     11.030   117.9440 1.7145e+01     3.9240      3.918      5.683     8.8398 0.0000e+00
      3.996      0.019     3.1973     25.392     38.712  26.180440     3.7164     11.026   118.0820 1.7876e+01     3.7990      3.917      5.682     8.8178 0.0000e+00
      4.001      0.017     3.1259     25.048     38.706  26.187954     4.1624     11.022   118.1181 1.8752e+01     3.3658      3.923      5.690     8.8042 0.0000e+00
      4.007      0.021     3.0644     24.833     38.726  26.210754     4.3992     11.018   118.1221 1.9467e+01     3.0249      3.930      5.701     8.8040 0.0000e+00
      4.011      0.030     3.0050     24.743     38.826  26.265864     4.4074     11.013   118.3034 1.9802e+01     2.9910      3.933      5.704     8.8034 0.0000e+00
      4.015      0.041     2.9397     24.800     39.004  26.346892     4.2277     11.009   118.7612 1.9755e+01     3.2625      3.937      5.710     8.8071 0.0000e+00
      4.025      0.051     2.9035     25.031     39.200  26.429348     3.8499     11.006   119.1826 1.9361e+01     3.5750      3.944      5.721     8.8274 0.0000e+00
      4.041      0.060     2.8754     25.416     39.373  26.501705     3.6187     11.003   119.4411 1.8692e+01     3.6270      3.961      5.744     8.8499 0.0000e+00
      4.063      0.065     2.8654     25.860     39.458  26.524057     3.5713     11.000   119.6487 1.7996e+01     3.5836      3.985      5.780     8.8387 0.0000e+00
      4.085      0.067     2.8745     26.185     39.473  26.509299     3.3426     10.996   119.8004 1.7408e+01     3.6997      4.007      5.812     8.7772 0.0000e+00
      4.105      0.067     2.9064     26.179     39.504  26.513520     2.9182     10.992   119.8993 1.6990e+01     3.9371      4.026      5.839     8.7043 0.0000e+00
      4.121      0.068     2.9602     25.754     39.517  26.511660     2.6682     10.988   119.8122 1.6795e+01     4.0290      4.043      5.863     8.6482 0.0000e+00
      4.132      0.070     3.0204     24.921     39.495  26.486794     2.6088     10.984   119.6073 1.6649e+01     4.0260      4.051      5.876     8.6044 0.0000e+00
      4.144      0.073     3.0741     23.726     39.484  26.466548     2.5824     10.979   119.5723 1.6306e+01     4.0373      4.060      5.888     8.5732 0.0000e+00
      4.164      0.076     3.0760     22.286     39.495  26.457123     2.5578     10.974   119.7334 1.5770e+01     3.9944      4.080      5.918     8.5539 0.0000e+00
      4.190      0.077     3.0263     20.779     39.488  26.436245     2.5112     10.970   120.0067 1.5221e+01     3.9524      4.108      5.959     8.5421 0.0000e+00
      4.216      0.076     2.9288     19.403     39.457  26.404370     2.4684     10.966   120.2092 1.4744e+01     3.9046      4.136      5.998     8.5322 0.0000e+00
      4.238      0.072     2.7850     18.307     39.444  26.388824     2.4396     10.962   120.2902 1.4363e+01     3.8943      4.158      6.031     8.5156 0.0000e+00
      4.254      0.068     2.6106     17.543     39.429  26.375112     2.4045     10.957   120.1245 1.4110e+01     3.9645      4.174      6.054     8.4915 0.0000e+00
      4.264      0.068     2.4272     17.073     39.421  26.365415     2.3430     10.952   119.6682 1.3909e+01     3.9681      4.181      6.064     8.4692 0.0000e+00
      4.274      0.073     2.2594     16.810     39.489  26.398426     2.2955     10.946   119.4193 1.3649e+01     3.8699      4.188      6.075     8.4567 0.0000e+00
      4.290      0.081     2.1307     16.732     39.607  26.457122     2.2790     10.940   119.5239 1.3266e+01     3.8359      4.204      6.097     8.4472 0.0000e+00
      4.314      0.090     2.0415     16.841     39.708  26.504279     2.2365     10.936   119.8149 1.2690e+01     4.1029      4.228      6.132     8.4446 0.0000e+00
      4.345      0.095     1.9932     17.047     39.765  26.524609     2.1718     10.931   120.1843 1.1975e+01     4.6048      4.262      6.181     8.4448 0.0000e+00
      4.377      0.091     1.9634     17.247     39.766  26.512646     2.1292     10.925   120.2898 1.1302e+01     4.8483      4.294      6.230     8.4260 0.0000e+00
      4.404      0.079     1.9524     17.362     39.740  26.486460     2.0960     10.920   120.1447 1.0764e+01     4.7932      4.320      6.266     8.3975 0.0000e+00
      4.425      0.061     1.9734     17.377     39.708  26.461680     2.0456     10.915   120.1513 1.0429e+01     4.7582      4.344      6.299     8.3708 0.0000e+00
      4.438      0.042     2.0012     17.287     39.709  26.466732     1.9939     10.909   120.3698 1.0238e+01     4.7665      4.357      6.318     8.3486 0.0000e+00
      4.440      0.027     2.0306     17.065     39.718  26.484122     1.9704     10.904   120.6344 1.0011e+01     4.7569      4.355      6.316     8.3317 0.0000e+00
      4.439      0.015     2.0440     16.759     39.692  26.481690     1.9528     10.899   120.8554 9.7790e+00     4.7105      4.353      6.313     8.3207 0.0000e+00
      4.439      0.009     2.0452     16.455     39.699  26.500758     1.9225     10.894   121.0631 9.5461e+00     4.7518      4.352      6.312     8.3159 0.0000e+00
      4.441      0.007     2.0379     16.195     39.717  26.524415     1.9040     10.889   121.3401 9.1458e+00     4.9144      4.354      6.314     8.3192 0.0000e+00
      4.445      0.008     2.0086     16.010     39.692  26.514049     1.8874     10.885   121.6235 8.5528e+00     4.9342      4.360      6.323     8.3369 0.0000e+00
      4.449      0.009     1.9659     15.931     39.671  26.502272     1.8626     10.881   121.8220 7.9680e+00     4.8209      4.363      6.328     8.3573 0.0000e+00
      4.451      0.012     1.9294     15.951     39.683  26.508868     1.8463     10.876   122.0199 7.5218e+00     4.7741      4.366      6.331     8.3763 0.0000e+00
      4.452      0.018     1.8966     16.045     39.723  26.530370     1.8650     10.871   122.2086 7.1913e+00     4.7445      4.367      6.333     8.3920 0.0000e+00
      4.452      0.029     1.8725     16.189     39.798  26.571980     1.9219     10.867   122.2103 6.9663e+00     4.7356      4.365      6.331     8.3989 0.0000e+00
      4.456      0.045     1.8644     16.362     39.910  26.631427     1.9431     10.863   122.1273 6.8591e+00     4.7350      4.368      6.335     8.4030 0.0000e+00
      4.467      0.065     1.8671     16.499     40.020  26.678317     1.9135     10.857   122.1508 6.9123e+00     4.6355      4.379      6.350     8.4007 0.0000e+00
      4.487      0.084     1.8809     16.554     40.097  26.694930     1.9217     10.852   122.0647 7.1068e+00     4.6935      4.397      6.377     8.3919 0.0000e+00
      4.517      0.101     1.8965     16.558     40.164  26.705407     1.9761     10.847   121.8609 7.3271e+00     4.9926      4.426      6.420     8.3854 0.0000e+00
      4.552      0.117     1.9220     16.517     40.261  26.741531     2.0043     10.841   121.8377 7.5366e+00     5.1777      4.466      6.477     8.3681 0.0000e+00
      4.583      0.129     1.9424     16.366     40.411  26.814560     1.9880     10.833   122.0422 7.7121e+00     5.1890      4.498      6.522     8.3323 0.0000e+00
      4.612      0.134     1.9486     16.068     40.570  26.890705     1.9377     10.827   122.2684 7.7451e+00     5.3002      4.520      6.554     8.2853 0.0000e+00
      4.648      0.132     1.9495     15.625     40.728  26.964489     1.8868     10.821   122.1630 7.6157e+00     5.5661      4.553      6.604     8.2395 0.0000e+00
      4.691      0.128     1.9515     15.082     40.838  27.008970     1.8804     10.816   121.8860 7.5008e+00     5.6362      4.602      6.675     8.2067 0.0000e+00
      4.729      0.128     1.9359     14.524     40.840  26.984524     1.8772     10.811   121.7585 7.5540e+00     5.4990      4.643      6.735     8.1769 0.0000e+00
      4.754      0.128     1.9019     13.968     40.880  26.986016     1.7977     10.805   121.6542 7.6254e+00     5.4442      4.662      6.762     8.1401 0.0000e+00
      4.777      0.125     1.8518     13.415     40.980  27.026982     1.6767     10.800   121.5720 7.5030e+00     5.5208      4.679      6.788     8.0990 0.0000e+00
      4.807      0.118     1.7811     12.880     41.043  27.035846     1.6302     10.794   121.6248 7.2369e+00     5.6390      4.713      6.835     8.0660 0.0000e+00
      4.845      0.108     1.7196     12.380     41.093  27.029737     1.6432     10.788   121.8620 6.9632e+00     5.6435      4.751      6.891     8.0343 0.0000e+00
      4.881      0.096     1.6532     11.938     41.117  27.016507     1.6253     10.782   122.2030 6.7461e+00     5.5413      4.789      6.946     8.0028 0.0000e+00
      4.909      0.081     1.5894     11.593     41.112  27.002698     1.5558     10.777   122.3931 6.6199e+00     5.4618      4.820      6.990     7.9789 0.0000e+00
      4.924      0.065     1.5254     11.362     41.087  26.989618     1.4688     10.772   122.4391 6.5746e+00     5.4340      4.832      7.009     7.9381 0.0000e+00
      4.929      0.051     1.4682     11.212     41.071  26.985204     1.4219     10.766   122.2426 6.5454e+00     5.4447      4.834      7.011     7.8810 0.0000e+00
      4.933      0.044     1.4158     11.157     41.108  27.012764     1.4057     10.761   121.6530 6.4850e+00     5.4202      4.835      7.014     7.8406 0.0000e+00
      4.941      0.045     1.3716     11.206     41.108  27.005720     1.3889     10.756   121.0748 6.4022e+00     5.4105      4.844      7.025     7.8339 0.0000e+00
      4.954      0.050     1.3496     11.340     41.074  26.963456     1.3944     10.751   120.7575 6.3046e+00     5.5324      4.856      7.043     7.8416 0.0000e+00
      4.969      0.057     1.3274     11.543     41.082  26.945708     1.4134     10.746   120.4837 6.1739e+00     5.6309      4.873      7.066     7.8496 0.0000e+00
      4.988      0.063     1.3215     11.787     41.066  26.917958     1.4014     10.741   120.1739 5.9903e+00     5.6110      4.892      7.095     7.8600 0.0000e+00
      5.006      0.065     1.3284     12.021     41.026  26.881607     1.3654     10.736   119.9370 5.7149e+00     5.5985      4.910      7.122     7.8531 0.0000e+00
      5.023      0.065     1.3459     12.241     41.045  26.886732     1.3362     10.731   119.6846 5.3099e+00     5.6509      4.926      7.144     7.8226 0.0000e+00
      5.039      0.063     1.3716     12.492     41.106  26.916496     1.3319     10.727   119.4450 4.8270e+00     5.6980      4.941      7.166     7.7892 0.0000e+00
      5.055      0.059     1.4050     12.755     41.137  26.924341     1.3559     10.723   119.3622 4.4149e+00     5.6551      4.958      7.191     7.7680 0.0000e+00
      5.070      0.056     1.4336     12.999     41.143  26.918151     1.3592     10.718   119.1998 4.1743e+00     5.7471      4.972      7.212     7.7590 0.0000e+00
      5.084      0.054     1.4554     13.240     41.129  26.905063     1.3386     10.713   118.8589 4.0551e+00     6.1616      4.986      7.232     7.7532 0.0000e+00
      5.097      0.053     1.4880     13.480     41.116  26.892938     1.3472     10.709   118.5956 3.9749e+00     6.5331      5.001      7.253     7.7404 0.0000e+00
      5.107      0.051     1.5229     13.730     41.137  26.898408     1.3719     10.704   118.2535 3.9083e+00     6.7212      5.009      7.264     7.7218 0.0000e+00
      5.119      0.050     1.5497     14.020     41.166  26.907753     1.4461     10.700   117.5620 3.8668e+00     7.5479      5.017      7.277     7.7076 0.0000e+00
      5.135      0.051     1.5792     14.308     41.229  26.942497     1.5872     10.695   116.9451 3.9314e+00     9.0477      5.037      7.307     7.7058 0.0000e+00
      5.148      0.053     1.6082     14.539     41.332  27.001363     1.6885     10.690   116.7316 4.1194e+00     9.9616      5.051      7.327     7.7059 0.0000e+00
      5.158      0.054     1.6350     14.725     41.422  27.048675     1.7309     10.685   116.5296 4.2769e+00    10.2287      5.055      7.332     7.6916 0.0000e+00
      5.172      0.051     1.6732     14.875     41.469  27.070555     1.8164     10.680   116.1372 4.3223e+00    10.9794      5.070      7.354     7.6776 0.0000e+00
      5.191      0.046     1.7115     14.982     41.480  27.075619     2.8132     10.675   115.7733 4.3169e+00    19.3793      5.094      7.387     7.6737 0.0000e+00
      5.206      0.041     1.7376     15.088     41.529  27.109911     4.6852     10.672   115.4846 4.2984e+00    35.0346      5.109      7.409     7.6643 0.0000e+00
      5.214      0.036     1.7592     15.175     41.617  27.168049     5.7329     10.669   115.2283 4.2594e+00    44.1585      5.114      7.417     7.6474 0.0000e+00
      5.217      0.029     1.7813     15.209     41.682  27.207730     5.8757     10.664   114.9978 4.1880e+00    50.7535      5.116      7.420     7.6337 0.0000e+00
      5.221      0.023     1.7882     15.220     41.694  27.209135     6.1377     10.660   114.7617 4.0715e+00   114.1590      5.120      7.425     7.6326 0.0000e+00
      5.228      0.018     1.8030     15.225     41.673  27.185037     6.5858     10.656   114.5252 3.9338e+00   230.2496      5.127      7.436     7.6400 0.0000e+00
      5.234      0.015     1.8170     15.217     41.663  27.170052     6.8332     10.652   114.2889 3.8432e+00   293.5548      5.134      7.447     7.6409 0.0000e+00
      5.238      0.013     1.8167     15.172     41.644  27.154795     6.7651     10.648   114.1414 3.7925e+00   298.1835      5.137      7.450     7.6371 0.0000e+00
      5.240      0.010     1.8192     15.076     41.595  27.127414     5.5377     10.643   114.1187 3.7253e+00   284.8141      5.139      7.453     7.6296 0.0000e+00
      5.241      0.006     1.8200     14.957     41.524  27.092693     3.2462     10.638   113.9284 3.5850e+00   259.2190      5.140      7.455     7.6157 0.0000e+00
      5.241      0.004     1.8213     14.856     41.435  27.052130     1.9720     10.634   113.4759 3.3205e+00   244.7744      5.140      7.455     7.6026 0.0000e+00
      5.242      0.003     1.8173     14.780     41.350  27.017538     1.8165     10.630   113.1206 2.9685e+00   238.9119      5.141      7.456     7.5986 0.0000e+00
      5.243      0.003     1.8034     14.708     41.276  26.991578     1.3919     10.625   112.9881 2.6288e+00   188.1317      5.141      7.457     7.6048 0.0000e+00
      5.244      0.002     1.7868     14.620     41.247  26.991975     0.5999     10.620   112.8201 2.4103e+00    95.0563      5.142      7.458     7.6182 0.0000e+00
      5.245      0.002     1.7734     14.522     41.278  27.022360     0.1558     10.617   112.5517 2.3460e+00    44.2181      5.143      7.460     7.6405 0.0000e+00
      5.245      0.002     1.7643     14.441     41.308  27.041848     0.1083     10.613   112.3242 2.3824e+00    39.1813      5.144      7.461     7.6669 0.0000e+00
