Data/DataNotYetUploadedToEDI/Raw_CTD/RawDownloads/042026_FCR_20_S7809019.cnv
* Sea-Bird SBE19plus  Data File:
* FileName = C:\R\Reservoirs\Data\DataNotYetUploadedToEDI\Raw_CTD\RawDownloads\051126_FCR_50_S7809_0019.hex
* Software version 2.8.0.119
* Temperature SN = 7809
* Conductivity SN = 7809
* System UpLoad Time = May 11 2026 15:39:05
* <ApplicationData>
* <Seaterm232>
# nquan = 15
# nvalues = 475                         
# units = specified
# name 0 = depFM: Depth [fresh water, m]
# name 1 = dz/dtM: Descent Rate [m/s]
# name 2 = sbeox0Mg/L: Oxygen, SBE 43 [mg/l]
# name 3 = sbeox0PS: Oxygen, SBE 43 [% saturation]
# name 4 = specc: Specific Conductance [uS/cm]
# name 5 = c0uS/cm: Conductivity [uS/cm]
# name 6 = flECO-AFL: Fluorescence, WET Labs ECO-AFL/FL [mg/m^3]
# name 7 = ph: pH
# name 8 = orp: Oxidation Reduction Potential [mV]
# name 9 = par/sat/log: PAR/Logarithmic, Satlantic
# name 10 = turbWETntu0: Turbidity, WET Labs ECO [NTU]
# name 11 = prdM: Pressure, Strain Gauge [db]
# name 12 = prdE: Pressure, Strain Gauge [psi]
# name 13 = tv290C: Temperature [ITS-90, deg C]
# name 14 = flag:  0.000e+00
# span 0 =     -0.553,      2.143       
# span 1 =     -0.119,      0.285       
# span 2 =     3.6413,    11.1201       
# span 3 =     37.923,     99.289       
# span 4 =     37.468,    204.154       
# span 5 =  31.567194, 147.780681       
# span 6 =    -0.0988,    62.9631       
# span 7 =      5.877,      9.977       
# span 8 =    -6.1960,   121.4116       
# span 9 = 2.9635e+01, 5.3827e+02       
# span 10 =     0.5293,   130.6317      
# span 11 =     -0.553,      2.102      
# span 12 =     -0.801,      3.048      
# span 13 =     9.6626,    17.4132      
# span 14 = 0.0000e+00, 0.0000e+00      
# interval = seconds: 0.25
# start_time = Apr 20 2026 11:10:42 [Instrument's time stamp, header]
# bad_flag = -9.990e-29
*END*
     -0.553      0.095    10.2940     90.818    174.570 121.031313     2.3988      5.877    26.8422 4.5708e+02     2.0007     -0.553     -0.801     9.6626 0.0000e+00
     -0.520      0.131    10.2955     90.918    174.609 121.058976     2.4404      6.864    -6.1960 4.6161e+02     1.9923     -0.512     -0.742     9.6627 0.0000e+00
     -0.476      0.165    10.3089     90.806    174.669 121.100783     2.5986      7.432    -5.3705 4.6942e+02     1.9895     -0.465     -0.675     9.6628 0.0000e+00
     -0.426      0.195    10.3033     90.724    174.745 121.154478     2.9133      7.772    -1.9796 4.8636e+02     2.0358     -0.422     -0.612     9.6630 0.0000e+00
     -0.366      0.219    10.3266     90.820    174.806 121.198429     3.0918      7.962     1.2480 5.1042e+02     2.0734     -0.361     -0.524     9.6632 0.0000e+00
     -0.303      0.240    10.3590     91.036    174.878 121.249859     3.1243      8.069     4.3140 5.3002e+02     2.1026     -0.292     -0.425     9.6633 0.0000e+00
     -0.245      0.260    10.3200     91.392    174.992 121.330273     3.2153      8.149     7.6446 5.3827e+02     2.2179     -0.240     -0.349     9.6635 0.0000e+00
     -0.185      0.277    10.3079     91.908    175.098 121.406043     3.3515      8.219    19.8362 5.2386e+02     2.3408     -0.189     -0.274     9.6637 0.0000e+00
     -0.110      0.285    10.3261     92.557    175.178 121.465052     3.4240      8.282    37.9779 4.5769e+02     2.3931     -0.112     -0.163     9.6641 0.0000e+00
     -0.025      0.282    10.3466     93.358    175.272 121.533976     3.4423      8.338    44.5057 3.4848e+02     2.4060     -0.025     -0.037     9.6645 0.0000e+00
      0.061      0.266    10.3852     94.252    175.364 121.602183     3.4387      8.389    41.0300 2.6174e+02     2.3591      0.065      0.094     9.6651 0.0000e+00
      0.138      0.236    10.4483     95.078    175.429 121.652518     3.4389      8.435    36.0485 2.2206e+02     2.2027      0.140      0.203     9.6658 0.0000e+00
      0.199      0.191    10.5182     95.796    175.484 121.696534     3.4778      8.475    31.6815 2.0457e+02     2.0176      0.201      0.293     9.6666 0.0000e+00
      0.239      0.142    10.6091     96.399    175.555 121.752050     3.5103      8.511    28.5819 1.9558e+02     1.9659      0.243      0.352     9.6677 0.0000e+00
      0.261      0.097    10.7238     96.835    175.635 121.813981     3.5147      8.544    27.5669 1.9201e+02     2.0219      0.259      0.376     9.6689 0.0000e+00
      0.271      0.062    10.8141     97.081    175.707 121.871849     3.5147      8.574    28.7871 1.9286e+02     2.0455      0.271      0.392     9.6704 0.0000e+00
      0.274      0.042    10.8958     97.178    175.796 121.941947     3.5271      8.601    30.2581 1.9401e+02     2.0460      0.267      0.389     9.6721 0.0000e+00
      0.276      0.033    10.9671     97.177    175.903 122.024314     3.5395      8.626    31.7577 1.9174e+02     2.0623      0.266      0.387     9.6738 0.0000e+00
      0.283      0.032    11.0176     97.099    176.003 122.103078     3.5479      8.651    33.1518 1.8727e+02     2.0720      0.277      0.402     9.6757 0.0000e+00
      0.294      0.033    11.0425     96.969    176.119 122.193323     3.5619      8.672    33.9508 1.8150e+02     2.1291      0.287      0.416     9.6780 0.0000e+00
      0.306      0.034    11.0501     96.819    176.240 122.287070     3.5591      8.691    34.4488 1.7520e+02     2.1723      0.299      0.434     9.6804 0.0000e+00
      0.317      0.033    11.0496     96.677    176.307 122.344445     3.5475      8.709    35.1295 1.7004e+02     2.1497      0.313      0.455     9.6827 0.0000e+00
      0.326      0.028    11.0389     96.557    176.338 122.377260     3.5468      8.725    35.9005 1.6691e+02     2.0951      0.321      0.466     9.6853 0.0000e+00
      0.331      0.021    11.0216     96.459    176.397 122.428942     3.5761      8.740    36.6292 1.6528e+02     2.0581      0.324      0.471     9.6882 0.0000e+00
      0.335      0.015    11.0032     96.382    176.517 122.523265     3.6188      8.756    37.4009 1.6504e+02     2.0789      0.329      0.478     9.6911 0.0000e+00
      0.338      0.010    10.9851     96.298    176.647 122.625584     3.6298      8.772    38.2626 1.6614e+02     2.0382      0.333      0.483     9.6941 0.0000e+00
      0.338      0.009    10.9717     96.197    176.752 122.710210     3.6255      8.787    39.2181 1.6765e+02     1.9766      0.332      0.481     9.6971 0.0000e+00
      0.338      0.010    10.9582     96.094    176.838 122.781786     3.6666      8.802    40.1775 1.6873e+02     2.0181      0.330      0.479     9.7003 0.0000e+00
      0.339      0.012    10.9512     96.004    176.924 122.853759     3.7441      8.816    41.0010 1.6843e+02     2.0613      0.331      0.480     9.7036 0.0000e+00
      0.343      0.014    10.9413     95.967    177.035 122.943187     3.7802      8.829    41.6892 1.6583e+02     2.0552      0.335      0.486     9.7068 0.0000e+00
      0.351      0.017    10.9268     95.955    177.148 123.034629     3.7694      8.842    42.4766 1.6266e+02     2.0798      0.344      0.499     9.7101 0.0000e+00
      0.358      0.019    10.9164     95.919    177.268 123.130958     3.7478      8.854    43.5512 1.6070e+02     2.1198      0.352      0.512     9.7136 0.0000e+00
      0.361      0.019    10.9003     95.885    177.372 123.215741     3.7352      8.864    44.6162 1.5914e+02     2.1631      0.354      0.514     9.7171 0.0000e+00
      0.364      0.018    10.8974     95.889    177.467 123.295019     3.7333      8.876    45.4589 1.5779e+02     2.1937      0.356      0.516     9.7205 0.0000e+00
      0.369      0.016    10.8994     95.924    177.582 123.388521     3.7342      8.890    46.3412 1.5672e+02     2.1832      0.362      0.524     9.7242 0.0000e+00
      0.375      0.015    10.8909     95.953    177.657 123.454111     3.7369      8.901    47.2813 1.5640e+02     2.1374      0.370      0.536     9.7278 0.0000e+00
      0.379      0.012    10.8852     95.957    177.724 123.514526     3.7493      8.911    47.9637 1.5710e+02     2.0507      0.373      0.539     9.7314 0.0000e+00
      0.381      0.006    10.8843     95.945    177.840 123.609172     3.7595      8.922    48.3979 1.5765e+02     1.9886      0.372      0.540     9.7352 0.0000e+00
      0.385     -0.004    10.8898     95.932    177.960 123.706295     3.7430      8.933    48.8317 1.5800e+02     1.9332      0.377      0.547     9.7389 0.0000e+00
      0.386     -0.013    10.8929     95.912    178.069 123.796663     3.6999      8.943    49.4227 1.5848e+02     1.8930      0.382      0.553     9.7428 0.0000e+00
      0.381     -0.019    10.8916     95.861    178.159 123.873344     3.6539      8.954    50.2082 1.5972e+02     1.9809      0.377      0.547     9.7465 0.0000e+00
      0.369     -0.019    10.8886     95.780    178.223 123.932441     3.6374      8.965    51.0165 1.6244e+02     2.0739      0.362      0.525     9.7504 0.0000e+00
      0.356     -0.016    10.8856     95.680    178.301 124.001385     3.6410      8.971    51.6246 1.6534e+02     2.0606      0.346      0.502     9.7545 0.0000e+00
      0.349     -0.011    10.8851     95.581    178.378 124.069657     3.6640      8.973    52.0542 1.6726e+02     2.0590      0.338      0.491     9.7584 0.0000e+00
      0.351     -0.003    10.8766     95.502    178.429 124.120640     3.7080      8.978    52.5111 1.6869e+02     2.0887      0.341      0.496     9.7624 0.0000e+00
      0.358      0.007    10.8672     95.454    178.480 124.171727     3.7323      8.987    53.1908 1.7000e+02     2.1126      0.354      0.512     9.7665 0.0000e+00
      0.363      0.015    10.8531     95.445    178.558 124.241257     3.7253      8.995    54.0782 1.7107e+02     2.1082      0.357      0.519     9.7706 0.0000e+00
      0.363      0.019    10.8403     95.478    178.654 124.324036     3.7146      9.001    54.8939 1.6986e+02     2.0361      0.354      0.515     9.7748 0.0000e+00
      0.367      0.018    10.8299     95.533    178.751 124.407855     3.7106      9.007    55.4818 1.6537e+02     1.9581      0.358      0.520     9.7792 0.0000e+00
      0.375      0.014    10.8228     95.577    178.846 124.489955     3.7105      9.014    56.0246 1.6079e+02     1.9509      0.368      0.534     9.7835 0.0000e+00
      0.383      0.009    10.8207     95.625    178.911 124.551950     3.7050      9.024    56.6383 1.5754e+02     1.9839      0.377      0.547     9.7878 0.0000e+00
      0.387      0.004    10.8228     95.671    178.933 124.583870     3.6934      9.035    57.2240 1.5559e+02     1.9807      0.383      0.554     9.7924 0.0000e+00
      0.385     -0.001    10.8323     95.688    178.961 124.620990     3.6779      9.045    57.7714 1.5572e+02     1.9452      0.380      0.550     9.7968 0.0000e+00
      0.378     -0.005    10.8324     95.672    179.024 124.682130     3.6600      9.056    58.4387 1.5799e+02     1.9660      0.371      0.538     9.8013 0.0000e+00
      0.373     -0.008    10.8379     95.630    179.097 124.749547     3.6520      9.067    59.1832 1.6122e+02     2.0274      0.364      0.528     9.8060 0.0000e+00
      0.373     -0.009    10.8439     95.590    179.142 124.798818     3.6480      9.077    59.7184 1.6397e+02     2.0718      0.365      0.529     9.8106 0.0000e+00
      0.373     -0.007    10.8439     95.581    179.164 124.831766     3.6535      9.087    60.0913 1.6699e+02     2.1275      0.368      0.534     9.8155 0.0000e+00
      0.373     -0.003    10.8411     95.594    179.225 124.893013     3.6681      9.097    60.5089 1.7014e+02     2.1546      0.367      0.532     9.8203 0.0000e+00
      0.370     -0.001    10.8337     95.586    179.303 124.965786     3.6741      9.108    60.9819 1.7184e+02     2.1600      0.363      0.526     9.8249 0.0000e+00
      0.368     -0.001    10.8267     95.572    179.341 125.010620     3.6685      9.118    61.5084 1.7210e+02     2.1585      0.359      0.522     9.8299 0.0000e+00
      0.369     -0.000    10.8235     95.593    179.374 125.052725     3.6498      9.127    62.0562 1.7149e+02     2.1030      0.361      0.524     9.8351 0.0000e+00
      0.371      0.001    10.8281     95.630    179.403 125.092492     3.6144      9.136    62.6155 1.6999e+02     2.0350      0.364      0.529     9.8402 0.0000e+00
      0.372      0.002    10.8241     95.655    179.399 125.109062     3.5820      9.145    63.1080 1.6772e+02     1.9856      0.365      0.530     9.8451 0.0000e+00
      0.373      0.002    10.8181     95.661    179.395 125.125630     3.5735      9.154    63.4508 1.6567e+02     1.9498      0.366      0.530     9.8505 0.0000e+00
      0.373      0.001    10.8215     95.661    179.424 125.165373     3.5791      9.161    63.8342 1.6474e+02     1.9431      0.366      0.530     9.8557 0.0000e+00
      0.373      0.000    10.8252     95.681    179.455 125.207215     3.5829      9.168    64.3891 1.6487e+02     1.9734      0.366      0.531     9.8611 0.0000e+00
      0.373      0.001    10.8264     95.713    179.486 125.249165     3.5774      9.176    64.9973 1.6570e+02     2.0083      0.366      0.531     9.8666 0.0000e+00
      0.372      0.003    10.8261     95.729    179.515 125.290210     3.5801      9.184    65.5088 1.6744e+02     2.0919      0.364      0.529     9.8720 0.0000e+00
      0.372      0.007    10.8226     95.757    179.530 125.321110     3.5981      9.192    65.9275 1.6982e+02     2.1991      0.363      0.527     9.8774 0.0000e+00
      0.372      0.011    10.8231     95.801    179.566 125.367860     3.6206      9.200    66.4460 1.7138e+02     2.2106      0.364      0.528     9.8830 0.0000e+00
      0.376      0.014    10.8291     95.841    179.596 125.409340     3.6529      9.205    66.9595 1.7130e+02     2.1630      0.368      0.534     9.8888 0.0000e+00
      0.383      0.014    10.8260     95.896    179.610 125.440269     3.6799      9.212    67.3184 1.6983e+02     2.1357      0.375      0.545     9.8944 0.0000e+00
      0.391      0.011    10.8272     95.949    179.646 125.486904     3.6725      9.219    67.6026 1.6741e+02     2.0853      0.385      0.559     9.9002 0.0000e+00
      0.396      0.005    10.8345     95.970    179.672 125.527083     3.6555      9.226    67.8147 1.6531e+02     1.9983      0.391      0.567     9.9061 0.0000e+00
      0.396     -0.001    10.8330     95.975    179.665 125.543695     3.6493      9.232    68.1619 1.6408e+02     1.9717      0.389      0.565     9.9118 0.0000e+00
      0.391     -0.007    10.8403     95.987    179.657 125.560320     3.6301      9.239    68.7033 1.6293e+02     1.9686      0.384      0.557     9.9177 0.0000e+00
      0.386     -0.010    10.8464     95.998    179.683 125.600644     3.6062      9.244    69.2848 1.6255e+02     1.9261      0.378      0.549     9.9237 0.0000e+00
      0.382     -0.007    10.8461     95.987    179.719 125.648865     3.5856      9.250    69.8573 1.6424e+02     1.9022      0.374      0.543     9.9298 0.0000e+00
      0.377      0.000    10.8438     95.964    179.755 125.697248     3.5731      9.257    70.2909 1.6703e+02     1.9190      0.369      0.536     9.9360 0.0000e+00
      0.375      0.008    10.8439     95.954    179.782 125.739510     3.5796      9.265    70.6562 1.6985e+02     1.9245      0.366      0.531     9.9421 0.0000e+00
      0.379      0.015    10.8455     95.971    179.803 125.777474     3.6217      9.272    71.1767 1.7211e+02     1.9684      0.370      0.538     9.9484 0.0000e+00
      0.389      0.019    10.8412     96.000    179.856 125.837619     3.6827      9.277    72.1958 1.7228e+02     2.0743      0.382      0.554     9.9546 0.0000e+00
      0.399      0.014    10.8362     96.020    179.902 125.893122     3.7097      9.283    80.1389 1.7047e+02     2.1114      0.392      0.568     9.9611 0.0000e+00
      0.407     -0.002    10.8322     96.032    179.933 125.938702     3.7159      9.290    92.5336 1.6778e+02     2.0762      0.400      0.580     9.9675 0.0000e+00
      0.411     -0.026    10.8340     96.075    179.995 126.006344     3.7075      9.297    91.7956 1.6479e+02     2.0237      0.405      0.587     9.9739 0.0000e+00
      0.407     -0.048    10.8359     96.107    180.056 126.073651     3.6996      9.302    80.9388 1.6456e+02     1.9896      0.405      0.588     9.9804 0.0000e+00
      0.387     -0.060    10.8378     96.022    180.080 126.115178     3.7200      9.306    75.2670 1.7294e+02     2.0052      0.389      0.564     9.9870 0.0000e+00
      0.350     -0.057    10.8337     95.843    180.060 126.126048     3.7212      9.308    74.4978 1.8570e+02     2.0075      0.340      0.494     9.9936 0.0000e+00
      0.315     -0.042    10.8375     95.650    180.047 126.141367     3.6983      9.309    74.5638 1.9190e+02     1.9828      0.298      0.433    10.0003 0.0000e+00
      0.302     -0.017    10.8488     95.454    180.056 126.172950     3.6929      9.308    74.8611 1.9180e+02     1.9804      0.290      0.421    10.0072 0.0000e+00
      0.311      0.014    10.8337     95.283    180.044 126.189256     3.6884      9.306    75.1664 1.8872e+02     1.9781      0.300      0.435    10.0140 0.0000e+00
      0.331      0.041    10.8067     95.189    180.039 126.211076     3.6774      9.306    75.4155 1.8304e+02     1.9551      0.324      0.469    10.0209 0.0000e+00
      0.356      0.054    10.7852     95.183    180.051 126.245600     3.6845      9.309    75.5503 1.7659e+02     1.9410      0.351      0.509    10.0276 0.0000e+00
      0.377      0.051    10.7598     95.260    180.074 126.288020     3.7325      9.315    75.5910 1.7082e+02     1.9786      0.374      0.542    10.0346 0.0000e+00
      0.392      0.039    10.7354     95.401    180.113 126.341590     3.8005      9.323    75.6502 1.6617e+02     2.0686      0.388      0.562    10.0416 0.0000e+00
      0.398      0.025    10.7238     95.572    180.135 126.383446     3.8325      9.332    75.8352 1.6332e+02     2.1076      0.393      0.570    10.0487 0.0000e+00
