Data/DataNotYetUploadedToEDI/Raw_CTD/RawDownloads/042026_FCR_20_S7809019.cnv
* Sea-Bird SBE19plus  Data File:
* FileName = C:\R\Reservoirs\Data\DataNotYetUploadedToEDI\Raw_CTD\RawDownloads\051126_FCR_50_S7809_0019.hex
* Software version 2.8.0.119
* Temperature SN = 7809
* Conductivity SN = 7809
* System UpLoad Time = May 11 2026 15:39:05
* <ApplicationData>
* <Seaterm232>
# nquan = 15
# nvalues = 475                         
# units = specified
# name 0 = depFM: Depth [fresh water, m]
# name 1 = dz/dtM: Descent Rate [m/s]
# name 2 = sbeox0Mg/L: Oxygen, SBE 43 [mg/l]
# name 3 = sbeox0PS: Oxygen, SBE 43 [% saturation]
# name 4 = specc: Specific Conductance [uS/cm]
# name 5 = c0uS/cm: Conductivity [uS/cm]
# name 6 = flECO-AFL: Fluorescence, WET Labs ECO-AFL/FL [mg/m^3]
# name 7 = ph: pH
# name 8 = orp: Oxidation Reduction Potential [mV]
# name 9 = par/sat/log: PAR/Logarithmic, Satlantic
# name 10 = turbWETntu0: Turbidity, WET Labs ECO [NTU]
# name 11 = prdM: Pressure, Strain Gauge [db]
# name 12 = prdE: Pressure, Strain Gauge [psi]
# name 13 = tv290C: Temperature [ITS-90, deg C]
# name 14 = flag:  0.000e+00
# span 0 =     -0.553,      2.143       
# span 1 =     -0.119,      0.285       
# span 2 =     3.6413,    11.1201       
# span 3 =     37.923,     99.289       
# span 4 =     37.468,    204.154       
# span 5 =  31.567194, 147.780681       
# span 6 =    -0.0988,    62.9631       
# span 7 =      5.877,      9.977       
# span 8 =    -6.1960,   121.4116       
# span 9 = 2.9635e+01, 5.3827e+02       
# span 10 =     0.5293,   130.6317      
# span 11 =     -0.553,      2.102      
# span 12 =     -0.801,      3.048      
# span 13 =     9.6626,    17.4132      
# span 14 = 0.0000e+00, 0.0000e+00      
# interval = seconds: 0.25
# start_time = Apr 20 2026 11:10:42 [Instrument's time stamp, header]
# bad_flag = -9.990e-29
*END*
[from data line 97]
      0.392      0.006    10.7284     95.873    180.122 126.428371     3.8560      9.347    76.7269 1.6382e+02     2.0644      0.383      0.556    10.0631 0.0000e+00
      0.390      0.003    10.7446     95.960    180.124 126.457477     3.8528      9.354    77.0220 1.6497e+02     2.0686      0.380      0.550    10.0705 0.0000e+00
      0.393      0.003    10.7619     96.014    180.157 126.508707     3.8477      9.359    77.2669 1.6610e+02     2.0218      0.385      0.558    10.0778 0.0000e+00
      0.398      0.003    10.7824     96.041    180.159 126.537922     3.8447      9.364    77.4506 1.6685e+02     2.0105      0.392      0.569    10.0852 0.0000e+00
      0.402      0.003    10.7945     96.053    180.143 126.555800     3.8158      9.369    77.7805 1.6817e+02     2.0338      0.396      0.574    10.0929 0.0000e+00
      0.401      0.002    10.8015     96.056    180.161 126.597430     3.7651      9.374    78.2445 1.6989e+02     1.9627      0.394      0.571    10.1006 0.0000e+00
      0.398      0.001    10.8062     96.059    180.208 126.658870     3.7392      9.379    78.6727 1.6897e+02     1.9021      0.389      0.564    10.1083 0.0000e+00
      0.396     -0.001    10.8059     96.054    180.260 126.725059     3.7437      9.384    79.0000 1.6621e+02     1.9155      0.387      0.561    10.1160 0.0000e+00
      0.398     -0.001    10.8058     96.043    180.268 126.760368     3.7701      9.390    79.1901 1.6473e+02     1.9535      0.389      0.565    10.1239 0.0000e+00
      0.400     -0.001    10.8033     96.049    180.237 126.767130     3.8088      9.395    79.3374 1.6447e+02     2.0207      0.393      0.570    10.1320 0.0000e+00
      0.401      0.000    10.8019     96.065    180.252 126.806849     3.8282      9.401    79.4896 1.6496e+02     2.0792      0.394      0.571    10.1399 0.0000e+00
      0.399      0.000    10.8001     96.062    180.282 126.858207     3.8302      9.407    79.7396 1.6600e+02     2.1477      0.391      0.567    10.1481 0.0000e+00
      0.396     -0.001    10.7944     96.043    180.267 126.878223     3.8494      9.412    80.0371 1.6726e+02     2.2000      0.388      0.562    10.1564 0.0000e+00
      0.396     -0.002    10.7938     96.046    180.285 126.921426     3.8864      9.415    80.3335 1.6885e+02     2.2000      0.388      0.563    10.1645 0.0000e+00
      0.397     -0.002    10.7954     96.077    180.350 126.998174     3.9108      9.417    80.7421 1.7074e+02     2.1474      0.389      0.565    10.1726 0.0000e+00
      0.398     -0.001    10.7931     96.105    180.367 127.041346     3.9111      9.418    81.1055 1.7263e+02     2.0421      0.390      0.566    10.1808 0.0000e+00
      0.398     -0.001    10.7861     96.101    180.351 127.061012     3.8986      9.419    81.3716 1.7450e+02     1.9511      0.391      0.566    10.1893 0.0000e+00
      0.397     -0.001    10.7841     96.063    180.374 127.108511     3.8851      9.421    81.6365 1.7607e+02     1.9019      0.389      0.564    10.1978 0.0000e+00
      0.395     -0.001    10.7873     96.028    180.416 127.169507     3.8722      9.424    81.8991 1.7690e+02     1.8914      0.388      0.562    10.2063 0.0000e+00
      0.395      0.000    10.7891     96.001    180.450 127.224901     3.8680      9.427    82.2245 1.7725e+02     1.9264      0.387      0.562    10.2149 0.0000e+00
      0.396      0.000    10.7874     95.960    180.467 127.268392     3.8843      9.432    82.4733 1.7732e+02     1.9494      0.388      0.563    10.2237 0.0000e+00
      0.397      0.001    10.7781     95.946    180.486 127.312946     3.9110      9.437    82.6699 1.7730e+02     1.9635      0.389      0.564    10.2323 0.0000e+00
      0.397      0.002    10.7713     95.972    180.537 127.381191     3.9242      9.442    82.9674 1.7758e+02     1.9953      0.390      0.565    10.2407 0.0000e+00
      0.397      0.002    10.7696     95.975    180.598 127.456180     3.9352      9.446    83.1448 1.7828e+02     2.0255      0.390      0.565    10.2495 0.0000e+00
      0.397      0.001    10.7597     95.970    180.641 127.518527     3.9525      9.451    83.2661 1.7950e+02     2.0901      0.390      0.565    10.2583 0.0000e+00
      0.398      0.001    10.7527     96.001    180.656 127.561400     3.9595      9.456    83.4871 1.8071e+02     2.1617      0.390      0.566    10.2670 0.0000e+00
      0.398      0.002    10.7613     96.068    180.654 127.592149     3.9605      9.461    83.7526 1.8153e+02     2.1742      0.391      0.566    10.2759 0.0000e+00
      0.397      0.005    10.7555     96.171    180.670 127.635385     3.9570      9.467    84.1525 1.8256e+02     2.1381      0.390      0.566    10.2847 0.0000e+00
      0.397      0.009    10.7507     96.298    180.718 127.701751     3.9490      9.472    84.6235 1.8383e+02     2.0676      0.388      0.563    10.2936 0.0000e+00
      0.399      0.011    10.7534     96.428    180.750 127.757198     3.9647      9.476    84.9730 1.8492e+02     1.9697      0.390      0.565    10.3026 0.0000e+00
      0.404      0.011    10.7574     96.564    180.758 127.795900     3.9891      9.479    85.1080 1.8531e+02     1.9114      0.396      0.574    10.3114 0.0000e+00
      0.411      0.010    10.7681     96.746    180.790 127.851029     3.9856      9.484    85.0519 1.8478e+02     1.9097      0.404      0.585    10.3204 0.0000e+00
      0.416      0.007    10.7798     96.953    180.834 127.913860     3.9810      9.489    84.9826 1.8362e+02     1.9151      0.409      0.593    10.3294 0.0000e+00
      0.416      0.003    10.7941     97.110    180.884 127.981940     3.9665      9.493    85.0452 1.8304e+02     1.9081      0.409      0.594    10.3385 0.0000e+00
      0.413     -0.001    10.8027     97.218    180.914 128.036802     3.9348      9.498    85.2064 1.8400e+02     1.9267      0.405      0.588    10.3476 0.0000e+00
      0.409     -0.003    10.8217     97.307    180.910 128.067294     3.9224      9.502    85.4684 1.8517e+02     1.9698      0.401      0.581    10.3562 0.0000e+00
      0.407     -0.003    10.8484     97.362    180.902 128.095683     3.9246      9.504    85.8047 1.8522e+02     2.0197      0.399      0.578    10.3653 0.0000e+00
      0.408     -0.002    10.8622     97.407    180.897 128.125120     3.9284      9.508    86.0889 1.8551e+02     2.0857      0.400      0.580    10.3746 0.0000e+00
      0.409      0.000    10.8693     97.503    180.911 128.168285     3.9356      9.512    86.3234 1.8705e+02     2.1188      0.401      0.582    10.3836 0.0000e+00
      0.410      0.000    10.8794     97.685    180.958 128.235163     3.9532      9.515    86.5749 1.8804e+02     2.1465      0.402      0.582    10.3928 0.0000e+00
      0.410      0.000    10.8827     98.058    180.997 128.296352     3.9657      9.518    86.8075 1.8859e+02     2.1807      0.402      0.582    10.4021 0.0000e+00
      0.410     -0.001    10.8800     98.697    181.003 128.334467     3.9796      9.521    86.9844 1.8974e+02     2.1571      0.402      0.583    10.4113 0.0000e+00
      0.410     -0.001    10.8905     99.289    181.016 128.377332     4.0128      9.524    87.1642 1.8995e+02     2.1006      0.402      0.583    10.4205 0.0000e+00
      0.409     -0.002    10.9039     99.226    181.046 128.432210     4.0334      9.527    87.3477 1.8908e+02     2.0786      0.401      0.582    10.4297 0.0000e+00
      0.407     -0.002    10.9340     98.034    181.076 128.488086     4.0213      9.528    87.4816 1.8881e+02     2.0620      0.399      0.580    10.4391 0.0000e+00
      0.407     -0.002    11.0164     95.647    181.106 128.543021     3.9825      9.531    87.5787 1.8932e+02     2.0020      0.399      0.579    10.4483 0.0000e+00
      0.407     -0.003    11.1098     92.399    181.119 128.586509     3.9395      9.535    87.7476 1.8962e+02     1.9683      0.400      0.580    10.4576 0.0000e+00
      0.407     -0.005    11.1201     88.690    181.134 128.631474     3.9170      9.538    87.8896 1.8978e+02     1.9617      0.399      0.579    10.4670 0.0000e+00
      0.406     -0.006    10.9882     84.819    181.189 128.704263     3.9093      9.539    88.0044 1.9056e+02     1.9562      0.399      0.578    10.4763 0.0000e+00
      0.404     -0.007    10.7020     81.137    181.226 128.765453     3.9055      9.539    88.3613 1.9171e+02     1.9699      0.397      0.576    10.4858 0.0000e+00
      0.401     -0.006    10.3191     78.028    181.223 128.797660     3.9205      9.541    88.6768 1.9280e+02     1.9901      0.393      0.571    10.4952 0.0000e+00
      0.397     -0.005     9.8966     75.687    181.232 128.838725     3.9414      9.543    88.8076 1.9411e+02     1.9963      0.389      0.563    10.5046 0.0000e+00
      0.395     -0.003     9.4477     74.068    181.241 128.879548     3.9412      9.545    88.9967 1.9505e+02     2.0107      0.387      0.561    10.5140 0.0000e+00
      0.396     -0.000     9.0180     73.005    181.233 128.908816     3.9432      9.548    89.1570 1.9494e+02     2.0960      0.387      0.562    10.5237 0.0000e+00
      0.398      0.003     8.6609     72.261    181.225 128.937660     3.9575      9.550    89.3695 1.9478e+02     2.1736      0.390      0.566    10.5332 0.0000e+00
      0.400      0.005     8.4032     71.643    181.226 128.973356     3.9646      9.553    89.6720 1.9531e+02     2.1977      0.392      0.568    10.5426 0.0000e+00
      0.400      0.006     8.2261     71.098    181.246 129.021727     3.9621      9.557    89.8893 1.9461e+02     2.2159      0.392      0.568    10.5522 0.0000e+00
      0.401      0.005     8.1170     70.615    181.274 129.076334     3.9529      9.559    89.9323 1.9296e+02     2.1545      0.394      0.571    10.5619 0.0000e+00
      0.404      0.003     8.0408     70.129    181.292 129.123678     3.9355      9.563    89.8475 1.9298e+02     2.0365      0.396      0.574    10.5714 0.0000e+00
      0.405      0.001     7.9713     69.621    181.277 129.147986     3.9268      9.567    89.8967 1.9343e+02     1.9503      0.398      0.577    10.5809 0.0000e+00
      0.405     -0.001     7.9068     69.109    181.272 129.179044     3.9233      9.571    90.1830 1.9328e+02     1.8980      0.398      0.578    10.5906 0.0000e+00
      0.404     -0.002     7.8569     68.582    181.314 129.244249     3.9093      9.576    90.5552 1.9426e+02     1.9515      0.396      0.574    10.6001 0.0000e+00
      0.401     -0.002     7.8013     68.061    181.341 129.298957     3.8909      9.579    90.8696 1.9599e+02     2.0159      0.393      0.569    10.6095 0.0000e+00
      0.400     -0.002     7.7402     67.551    181.336 129.330585     3.8842      9.581    91.1446 1.9712e+02     2.0271      0.391      0.567    10.6191 0.0000e+00
      0.400     -0.001     7.6852     67.048    181.343 129.371718     3.8860      9.584    91.3854 1.9857e+02     2.0535      0.392      0.568    10.6289 0.0000e+00
      0.401      0.000     7.6209     66.563    181.353 129.413849     3.8715      9.586    91.6307 1.9972e+02     2.0270      0.393      0.570    10.6384 0.0000e+00
      0.402      0.001     7.5632     66.127    181.364 129.457553     3.8671      9.588    91.9594 1.9981e+02     2.0490      0.394      0.572    10.6482 0.0000e+00
      0.402      0.001     7.5037     65.706    181.399 129.517700     3.8909      9.591    92.2623 2.0036e+02     2.1141      0.395      0.572    10.6581 0.0000e+00
      0.402      0.001     7.4476     65.259    181.419 129.567407     3.9090      9.592    92.4535 2.0059e+02     2.0965      0.394      0.571    10.6679 0.0000e+00
      0.402      0.000     7.3880     64.830    181.432 129.612364     3.9118      9.593    92.6366 2.0031e+02     2.1099      0.394      0.571    10.6776 0.0000e+00
      0.403 2.0152e-08     7.3401     64.442    181.475 129.678835     3.9073      9.595    92.8416 2.0045e+02     2.1386      0.395      0.573    10.6874 0.0000e+00
      0.403 2.2168e-07     7.2965     64.066    181.501 129.733679     3.8886      9.596    92.9526 1.9995e+02     2.0685      0.395      0.573    10.6970 0.0000e+00
      0.402 2.2173e-07     7.2394     63.679    181.496 129.765533     3.8689      9.599    93.1191 1.9939e+02     2.0134      0.394      0.572    10.7068 0.0000e+00
      0.402 2.0859e-08     7.1908     63.300    181.507 129.809024     3.8602      9.602    93.3919 1.9974e+02     2.0196      0.394      0.572    10.7168 0.0000e+00
      0.402 9.6158e-09     7.1468     62.938    181.552 129.877087     3.8243      9.603    93.6693 2.0021e+02     1.9731      0.394      0.572    10.7267 0.0000e+00
      0.402 8.5789e-08     7.1061     62.590    181.606 129.951039     3.7685      9.605    93.9783 2.0113e+02     1.9286      0.394      0.572    10.7365 0.0000e+00
      0.402 9.4186e-07     7.0590     62.286    181.627 130.001987     3.7429      9.607    94.2033 2.0220e+02     1.9253      0.394      0.572    10.7463 0.0000e+00
      0.402      0.000     7.0150     61.997    181.640 130.046902     3.7401      9.609    94.3235 2.0248e+02     1.9339      0.394      0.571    10.7561 0.0000e+00
      0.402      0.000     6.9754     61.700    181.680 130.111647     3.7261      9.612    94.5716 2.0248e+02     1.9640      0.394      0.571    10.7660 0.0000e+00
      0.402      0.001     6.9311     61.440    181.947 130.338622     3.7161      9.616    94.9666 2.0221e+02     2.0163      0.394      0.571    10.7759 0.0000e+00
      0.402      0.004     6.8983     61.204    182.917 131.070048     3.7179      9.618    95.2268 2.0235e+02     2.1221      0.394      0.572    10.7856 0.0000e+00
      0.402      0.007     6.8678     60.944    184.704 132.388946     3.7153      9.619    95.3086 2.0253e+02     2.2190      0.393      0.571    10.7955 0.0000e+00
      0.403      0.009     6.8280     60.721    186.780 133.917108     3.7263      9.622    95.3538 2.0217e+02     2.2309      0.395      0.572    10.8054 0.0000e+00
      0.407      0.009     6.7987     60.551    188.426 135.137744     3.7418      9.625    95.4292 2.0217e+02     2.1965      0.398      0.578    10.8151 0.0000e+00
      0.412      0.008     6.7769     60.402    189.296 135.798108     3.7444      9.628    95.5325 2.0172e+02     2.1455      0.404      0.586    10.8251 0.0000e+00
      0.416      0.006     6.7395     60.338    189.593 136.035265     3.7330      9.633    95.6558 2.0123e+02     2.0925      0.409      0.594    10.8353 0.0000e+00
      0.417      0.003     6.7130     60.408    189.573 136.028473     3.7043      9.637    95.8876 2.0148e+02     2.0681      0.410      0.595    10.8460 0.0000e+00
      0.416      0.001     6.6972     60.578    189.326 135.843532     3.6727      9.641    96.1843 2.0212e+02     2.0214      0.407      0.592    10.8575 0.0000e+00
      0.414     -0.001     6.6736     60.869    188.904 135.520830     3.6582      9.644    96.4037 2.0257e+02     1.9382      0.405      0.587    10.8678 0.0000e+00
      0.412     -0.001     6.6624     61.337    188.474 135.187430     3.6535      9.648    96.5618 2.0276e+02     1.9158      0.404      0.585    10.8745 0.0000e+00
      0.412     -0.001     6.6748     62.007    188.246 135.000623     3.6495      9.653    96.7198 2.0319e+02     1.9213      0.403      0.585    10.8765 0.0000e+00
      0.413      0.000     6.6916     62.960    188.242 134.983770     3.6597      9.657    96.8508 2.0214e+02     1.9024      0.404      0.587    10.8740 0.0000e+00
      0.415      0.001     6.7209     64.276    188.419 135.111175     3.6684      9.661    96.9413 2.0042e+02     1.8929      0.407      0.590    10.8683 0.0000e+00
      0.415      0.001     6.7759     65.951    188.787 135.393311     3.6712      9.664    97.0395 2.0116e+02     1.8738      0.408      0.591    10.8610 0.0000e+00
      0.414      0.000     6.8462     67.926    189.370 135.844500     3.6770      9.668    97.1774 2.0273e+02     1.8765      0.407      0.591    10.8542 0.0000e+00
