Data/DataNotYetUploadedToEDI/Raw_CTD/RawDownloads/042026_fcr30_S7809020.cnv
* Sea-Bird SBE19plus  Data File:
* FileName = C:\R\Reservoirs\Data\DataNotYetUploadedToEDI\Raw_CTD\RawDownloads\051126_FCR_50_S7809_0020.hex
* Software version 2.8.0.119
* Temperature SN = 7809
* Conductivity SN = 7809
* System UpLoad Time = May 11 2026 15:39:22
* <ApplicationData>
* <Seaterm232>
# nquan = 15
# nvalues = 459                         
# units = specified
# name 0 = depFM: Depth [fresh water, m]
# name 1 = dz/dtM: Descent Rate [m/s]
# name 2 = sbeox0Mg/L: Oxygen, SBE 43 [mg/l]
# name 3 = sbeox0PS: Oxygen, SBE 43 [% saturation]
# name 4 = specc: Specific Conductance [uS/cm]
# name 5 = c0uS/cm: Conductivity [uS/cm]
# name 6 = flECO-AFL: Fluorescence, WET Labs ECO-AFL/FL [mg/m^3]
# name 7 = ph: pH
# name 8 = orp: Oxidation Reduction Potential [mV]
# name 9 = par/sat/log: PAR/Logarithmic, Satlantic
# name 10 = turbWETntu0: Turbidity, WET Labs ECO [NTU]
# name 11 = prdM: Pressure, Strain Gauge [db]
# name 12 = prdE: Pressure, Strain Gauge [psi]
# name 13 = tv290C: Temperature [ITS-90, deg C]
# name 14 = flag:  0.000e+00
# span 0 =     -0.591,      2.579       
# span 1 =     -0.203,      0.281       
# span 2 =     5.9600,    11.5329       
# span 3 =     61.842,    112.929       
# span 4 =      2.560,     38.392       
# span 5 =   1.953506,  31.966992       
# span 6 =    -0.0898,   152.4942       
# span 7 =     -2.312,     13.401       
# span 8 =  -830.7837,  1240.2295       
# span 9 = 2.5128e+01, 6.8441e+02       
# span 10 =     1.0580,   227.7034      
# span 11 =     -0.580,      2.530      
# span 12 =     -0.841,      3.669      
# span 13 =    13.1336,    17.6679      
# span 14 = 0.0000e+00, 0.0000e+00      
# interval = seconds: 0.25
# start_time = Apr 20 2026 11:20:38 [Instrument's time stamp, header]
# bad_flag = -9.990e-29
*END*
[from data line 97]
      0.102      0.002     7.3396     76.557     36.952  31.324741     3.7388      9.680    69.1124 2.5817e+02     1.8264      0.100      0.144    17.3816 0.0000e+00
      0.106      0.004     7.3548     76.374     36.993  31.360916     3.7243      9.683    69.4483 2.5938e+02     1.7467      0.104      0.153    17.3849 0.0000e+00
      0.107      0.004     7.3640     76.201     37.015  31.382185     3.7461      9.684    69.7991 2.6615e+02     1.7970      0.106      0.155    17.3831 0.0000e+00
      0.107      0.003     7.3588     76.048     37.024  31.391595     3.7940      9.686    70.1706 2.6898e+02     1.8883      0.105      0.153    17.3802 0.0000e+00
      0.107      0.002     7.3402     75.942     37.044  31.411258     3.8127      9.689    70.5851 2.6713e+02     1.8944      0.105      0.152    17.3806 0.0000e+00
      0.108      0.000     7.3214     75.883     37.064  31.429624     3.7977      9.691    71.0239 2.6536e+02     1.8368      0.106      0.153    17.3832 0.0000e+00
      0.108      0.000     7.3045     75.837     37.054  31.423349     3.7793      9.694    71.4334 2.6284e+02     1.7714      0.106      0.154    17.3868 0.0000e+00
      0.107      0.000     7.2880     75.805     37.023  31.398826     3.7817      9.698    71.9222 2.5728e+02     1.7878      0.105      0.153    17.3903 0.0000e+00
      0.107     -0.001     7.2766     75.825     37.007  31.386866     3.7932      9.700    72.4595 2.5388e+02     1.8296      0.105      0.152    17.3932 0.0000e+00
      0.107     -0.002     7.2734     75.894     37.027  31.405616     3.8014      9.701    72.8535 2.5649e+02     1.7651      0.106      0.153    17.3959 0.0000e+00
      0.107     -0.002     7.2684     76.009     37.062  31.435230     3.8067      9.703    73.1583 2.6065e+02     1.7246      0.106      0.154    17.3983 0.0000e+00
      0.106     -0.002     7.2621     76.177     37.054  31.427737     3.8065      9.706    73.4775 2.6340e+02     1.8183      0.104      0.150    17.4004 0.0000e+00
      0.104     -0.002     7.2653     76.385     36.996  31.378454     3.8155      9.709    73.7880 2.6537e+02     1.9420      0.102      0.148    17.4029 0.0000e+00
      0.104     -0.001     7.2713     76.597     36.961  31.346854     3.8161      9.712    74.0731 2.6579e+02     1.9221      0.102      0.148    17.4053 0.0000e+00
      0.104      0.000     7.2816     76.776     36.981  31.362840     3.7972      9.714    74.4298 2.6654e+02     1.8168      0.102      0.148    17.4055 0.0000e+00
      0.105 -2.033e-08     7.2985     76.885     37.004  31.381424     3.7789      9.717    74.9170 2.6722e+02     1.7619      0.103      0.150    17.4044 0.0000e+00
      0.106 -2.236e-07     7.3197     76.873     37.004  31.381240     3.7783      9.720    75.4039 2.6363e+02     1.7705      0.104      0.150    17.4033 0.0000e+00
      0.106 -2.239e-07     7.3423     76.734     36.979  31.360624     3.7890      9.722    75.8433 2.5958e+02     1.8527      0.104      0.151    17.4017 0.0000e+00
      0.105 -2.371e-08     7.3592     76.491     36.935  31.322466     3.7841      9.724    76.1852 2.5943e+02     1.8676      0.104      0.150    17.4004 0.0000e+00
      0.104 -3.910e-08     7.3735     76.141     36.914  31.300491     3.7682      9.727    76.3542 2.5831e+02     1.7791      0.102      0.148    17.3994 0.0000e+00
      0.104 -4.099e-07     7.3719     75.682     36.903  31.285232     3.7713      9.729    76.5110 2.5535e+02     1.7739      0.102      0.148    17.3994 0.0000e+00
      0.105     -0.000     7.3566     75.133     36.885  31.264834     3.7969      9.730    76.8761 2.5799e+02     1.8727      0.102      0.148    17.4004 0.0000e+00
      0.106      0.000     7.3349     74.556     36.864  31.244163     3.8116      9.733    77.3266 2.6525e+02     1.9493      0.104      0.150    17.3995 0.0000e+00
      0.106     -0.001     7.3013     74.024     36.842  31.225603     3.7909      9.735    77.6560 2.6793e+02     1.9142      0.104      0.150    17.3938 0.0000e+00
      0.105     -0.001     7.2590     73.543     36.847  31.230735     3.7634      9.737    77.9341 2.6587e+02     1.8238      0.103      0.150    17.3847 0.0000e+00
      0.104     -0.001     7.2054     73.100     36.860  31.242786     3.7699      9.739    78.1943 2.6443e+02     1.8477      0.102      0.148    17.3765 0.0000e+00
      0.103     -0.001     7.1467     72.717     36.864  31.244438     3.7945      9.741    78.4785 2.6580e+02     1.9293      0.102      0.148    17.3726 0.0000e+00
      0.103     -0.000     7.0961     72.393     36.877  31.250704     3.7941      9.742    78.8748 2.6742e+02     1.8873      0.100      0.145    17.3731 0.0000e+00
      0.104      0.001     7.0514     72.096     36.888  31.255109     3.7736      9.745    79.2868 2.6320e+02     1.7853      0.101      0.146    17.3753 0.0000e+00
      0.105      0.002     7.0065     71.801     36.868  31.234244     3.7712      9.747    79.5881 2.5731e+02     1.7543      0.103      0.149    17.3768 0.0000e+00
      0.105      0.003     6.9703     71.488     36.818  31.188732     3.7908      9.749    79.7638 2.5865e+02     1.8200      0.103      0.149    17.3752 0.0000e+00
      0.105      0.004     6.9420     71.145     36.774  31.148883     3.8018      9.750    79.8627 2.6306e+02     1.9303      0.103      0.149    17.3688 0.0000e+00
      0.106      0.004     6.9151     70.762     36.761  31.133046     3.7793      9.753    80.0100 2.6386e+02     1.9271      0.103      0.150    17.3601 0.0000e+00
      0.108      0.003     6.8884     70.331     36.760  31.124120     3.7354      9.755    80.2542 2.6194e+02     1.8152      0.106      0.154    17.3540 0.0000e+00
      0.110      0.001     6.8590     69.856     36.748  31.104379     3.7044      9.758    80.4921 2.6167e+02     1.7732      0.108      0.157    17.3517 0.0000e+00
      0.110     -0.001     6.8270     69.374     36.736  31.084657     3.7122      9.762    80.7351 2.6527e+02     1.8289      0.109      0.158    17.3489 0.0000e+00
      0.109     -0.003     6.7911     68.924     36.734  31.075958     3.7300      9.764    81.0412 2.6895e+02     1.8734      0.107      0.156    17.3419 0.0000e+00
      0.107     -0.004     6.7522     68.517     36.724  31.062627     3.7039      9.766    81.2685 2.6828e+02     1.8335      0.105      0.153    17.3302 0.0000e+00
      0.105     -0.003     6.7067     68.155     36.712  31.050334     3.6708      9.768    81.4183 2.6432e+02     1.8246      0.103      0.149    17.3161 0.0000e+00
      0.103     -0.001     6.6603     67.836     36.717  31.054198     3.6702      9.770    81.6481 2.6242e+02     1.8684      0.100      0.145    17.3035 0.0000e+00
      0.102      0.002     6.6192     67.585     36.709  31.045903     3.6725      9.771    81.8946 2.6202e+02     1.8852      0.099      0.143    17.2932 0.0000e+00
      0.104      0.004     6.5797     67.403     36.677  31.013485     3.6648      9.773    82.1621 2.5844e+02     1.8904      0.102      0.147    17.2865 0.0000e+00
      0.108      0.005     6.5469     67.241     36.645  30.979407     3.6434      9.776    82.3878 2.5529e+02     1.8634      0.107      0.154    17.2849 0.0000e+00
      0.110      0.005     6.5140     67.078     36.621  30.951037     3.6145      9.778    82.5589 2.5776e+02     1.8661      0.109      0.157    17.2860 0.0000e+00
      0.111      0.004     6.4897     66.909     36.600  30.924187     3.6140      9.780    82.8542 2.6366e+02     1.9231      0.109      0.158    17.2841 0.0000e+00
      0.110      0.001     6.4764     66.717     36.590  30.908498     3.6215      9.782    83.2052 2.6617e+02     1.9029      0.109      0.158    17.2766 0.0000e+00
      0.109     -0.001     6.4621     66.495     36.575  30.888201     3.6132      9.783    83.5328 2.6031e+02     1.7924      0.107      0.156    17.2659 0.0000e+00
      0.109     -0.003     6.4480     66.230     36.560  30.869071     3.6054      9.785    83.7187 2.5136e+02     1.7148      0.107      0.156    17.2539 0.0000e+00
      0.109     -0.005     6.4348     65.923     36.565  30.867489     3.5939      9.787    83.8167 2.5027e+02     1.6821      0.107      0.156    17.2418 0.0000e+00
      0.108     -0.005     6.4170     65.598     36.574  30.869064     3.6074      9.790    84.0301 2.5900e+02     1.7392      0.107      0.156    17.2309 0.0000e+00
      0.106     -0.005     6.3982     65.282     36.604  30.888117     3.6267      9.792    84.2335 2.7060e+02     1.8241      0.105      0.152    17.2208 0.0000e+00
      0.103     -0.004     6.3738     65.028     36.632  30.907546     3.6104      9.794    84.4690 2.7740e+02     1.7863      0.100      0.146    17.2121 0.0000e+00
      0.101     -0.002     6.3436     64.844     36.642  30.913671     3.5943      9.796    84.8133 2.7753e+02     1.7603      0.098      0.142    17.2047 0.0000e+00
      0.100      0.000     6.3140     64.712     36.627  30.898732     3.6060      9.798    85.1272 2.7402e+02     1.8177      0.098      0.141    17.1967 0.0000e+00
      0.102      0.002     6.2810     64.629     36.577  30.853790     3.6361      9.801    85.4249 2.7123e+02     1.8989      0.100      0.145    17.1875 0.0000e+00
      0.106      0.003     6.2580     64.580     36.535  30.814324     3.6338      9.803    85.6594 2.7201e+02     1.9225      0.103      0.150    17.1806 0.0000e+00
      0.107      0.003     6.2423     64.580     36.527  30.802151     3.5951      9.804    85.8106 2.7120e+02     1.8295      0.106      0.153    17.1783 0.0000e+00
      0.107      0.002     6.2278     64.582     36.570  30.833478     3.5595      9.805    85.9630 2.6735e+02     1.7994      0.106      0.152    17.1773 0.0000e+00
      0.106      0.000     6.2230     64.477     36.625  30.875914     3.5351      9.806    86.1256 2.6470e+02     1.9003      0.104      0.151    17.1740 0.0000e+00
      0.106      0.000     6.2171     64.331     36.622  30.871187     3.5340      9.808    86.3142 2.6579e+02     1.9562      0.104      0.151    17.1673 0.0000e+00
      0.105      0.001     6.2175     64.218     36.585  30.839756     3.5289      9.811    86.5222 2.7044e+02     1.8951      0.103      0.149    17.1593 0.0000e+00
      0.105      0.002     6.2291     64.112     36.555  30.813061     3.5232      9.813    86.7472 2.7189e+02     1.7762      0.103      0.149    17.1517 0.0000e+00
      0.106      0.002     6.2127     64.008     36.545  30.802166     3.5653      9.815    86.9701 2.6821e+02     1.7484      0.103      0.150    17.1456 0.0000e+00
      0.109      0.002     6.1952     63.898     36.589  30.834888     3.6221      9.817    87.1522 2.6217e+02     1.8317      0.107      0.155    17.1427 0.0000e+00
      0.110      0.003     6.1887     63.779     36.657  30.891515     3.6435      9.819    87.3143 2.5721e+02     1.8949      0.109      0.158    17.1436 0.0000e+00
      0.109      0.006     6.1760     63.685     36.681  30.915924     3.6413      9.821    87.4681 2.5716e+02     1.8980      0.107      0.155    17.1438 0.0000e+00
      0.108      0.008     6.1684     63.644     36.629  30.876279     3.6451      9.823    87.6344 2.6107e+02     1.8705      0.104      0.151    17.1390 0.0000e+00
      0.110      0.010     6.1586     63.624     36.530  30.792779     3.6643      9.826    87.8625 2.6419e+02     1.9028      0.106      0.154    17.1316 0.0000e+00
      0.115      0.010     6.1465     63.614     36.462  30.730991     3.6901      9.829    88.0746 2.6210e+02     1.9471      0.113      0.164    17.1298 0.0000e+00
      0.121      0.008     6.1334     63.587     36.431  30.700115     3.6986      9.831    88.2203 2.5670e+02     1.8938      0.120      0.174    17.1377 0.0000e+00
      0.124      0.004     6.1321     63.509     36.402  30.673193     3.6923      9.833    88.4198 2.5366e+02     1.8046      0.123      0.178    17.1463 0.0000e+00
      0.125     -0.002     6.1291     63.390     36.384  30.659212     3.6975      9.834    88.6805 2.5466e+02     1.7570      0.124      0.179    17.1456 0.0000e+00
      0.123     -0.008     6.1297     63.211     36.384  30.657941     3.7200      9.836    88.9626 2.5864e+02     1.7623      0.122      0.177    17.1371 0.0000e+00
      0.118     -0.010     6.1321     62.980     36.389  30.657826     3.7490      9.838    89.2504 2.6307e+02     1.7663      0.117      0.170    17.1281 0.0000e+00
      0.112     -0.009     6.1209     62.733     36.396  30.657819     3.7484      9.840    89.4067 2.6526e+02     1.7372      0.109      0.157    17.1256 0.0000e+00
      0.107     -0.006     6.1126     62.492     36.401  30.657839     3.7286      9.842    89.5611 2.6933e+02     1.7522      0.103      0.149    17.1294 0.0000e+00
      0.106     -0.003     6.0938     62.287     36.407  30.658071     3.7268      9.844    89.8270 2.7359e+02     1.8107      0.102      0.148    17.1289 0.0000e+00
      0.110      0.001     6.0712     62.142     36.417  30.660621     3.7348      9.846    90.0401 2.7224e+02     1.8632      0.108      0.156    17.1206 0.0000e+00
      0.113      0.004     6.0484     62.024     36.457  30.688661     3.7585      9.848    90.2454 2.6843e+02     1.8752      0.112      0.163    17.1123 0.0000e+00
      0.114      0.005     6.0244     61.897     36.677  30.870228     3.7967      9.850    90.5028 2.6442e+02     1.8196      0.113      0.164    17.1070 0.0000e+00
      0.114      0.004     6.0043     61.842     37.142  31.270041     3.8297      9.852    90.6573 2.6297e+02     1.8399      0.112      0.163    17.1013 0.0000e+00
      0.114      0.004     5.9917     62.082     37.540  31.653180     3.8502      9.854    90.7365 2.6760e+02     1.9152      0.112      0.162    17.0937 0.0000e+00
      0.115      0.004     5.9856     63.186     37.634  31.823461     3.8199      9.854    90.9435 2.7410e+02     1.8761      0.113      0.164    17.0850 0.0000e+00
      0.116      0.005     5.9700     65.984     37.574  31.869957     3.7472      9.854    91.1806 2.7371e+02     1.7775      0.114      0.166    17.0761 0.0000e+00
      0.118      0.006     5.9600     70.629     37.523  31.898292     3.7108      9.856    91.3668 2.6468e+02     1.7133      0.115      0.167    17.0696 0.0000e+00
      0.119      0.006     5.9609     76.275     37.489  31.912397     3.7214      9.858    91.6472 2.5609e+02     1.7492      0.117      0.169    17.1261 0.0000e+00
      0.122      0.005     6.0078     81.965     37.463  31.913686     3.7588      9.859    91.9032 2.5615e+02     1.8694      0.120      0.173    17.2750 0.0000e+00
      0.125      0.003     6.2471     87.090     37.449  31.913905     3.7888      9.860    91.9668 2.6209e+02     1.8693      0.123      0.179    17.4218 0.0000e+00
      0.126      0.001     6.7216     91.233     37.444  31.915060     3.7759      9.862    91.9863 2.6753e+02     1.7478      0.124      0.180    17.5150 0.0000e+00
      0.124      0.001     7.2872     94.158     37.456  31.927653     3.7619      9.864    92.0523 2.7076e+02     1.6982      0.122      0.177    17.5683 0.0000e+00
      0.122      0.004     7.8425     95.757     37.467  31.939291     3.7681      9.866    92.1631 2.7071e+02     1.7139      0.119      0.174    17.5953 0.0000e+00
      0.121      0.010     8.3449     96.070     37.452  31.928901     3.7923      9.867    92.2937 2.6664e+02     1.8006      0.118      0.171    17.6087 0.0000e+00
      0.122      0.020     8.7462     95.485     37.448  31.928899     3.8227      9.868    92.3405 2.6146e+02     1.8923      0.118      0.171    17.6135 0.0000e+00
      0.127      0.029     9.0268     94.564     37.454  31.939279     3.8273      9.870    92.3845 2.5813e+02     1.8322      0.122      0.177    17.6171 0.0000e+00
      0.138      0.033     9.1821     93.633     37.435  31.927526     3.8393      9.871    92.5666 2.5643e+02     1.7918      0.134      0.194    17.6196 0.0000e+00
