Data/DataNotYetUploadedToEDI/Raw_CTD/RawDownloads/042026_FCR_50_S7809022.cnv
* Sea-Bird SBE19plus  Data File:
* FileName = C:\R\Reservoirs\Data\DataNotYetUploadedToEDI\Raw_CTD\RawDownloads\051126_FCR_50_S7809_0022.hex
* Software version 2.8.0.119
* Temperature SN = 7809
* Conductivity SN = 7809
* System UpLoad Time = May 11 2026 15:40:16
* <ApplicationData>
* <Seaterm232>
# nquan = 15
# nvalues = 596                         
# units = specified
# name 0 = depFM: Depth [fresh water, m]
# name 1 = dz/dtM: Descent Rate [m/s]
# name 2 = sbeox0Mg/L: Oxygen, SBE 43 [mg/l]
# name 3 = sbeox0PS: Oxygen, SBE 43 [% saturation]
# name 4 = specc: Specific Conductance [uS/cm]
# name 5 = c0uS/cm: Conductivity [uS/cm]
# name 6 = flECO-AFL: Fluorescence, WET Labs ECO-AFL/FL [mg/m^3]
# name 7 = ph: pH
# name 8 = orp: Oxidation Reduction Potential [mV]
# name 9 = par/sat/log: PAR/Logarithmic, Satlantic
# name 10 = turbWETntu0: Turbidity, WET Labs ECO [NTU]
# name 11 = prdM: Pressure, Strain Gauge [db]
# name 12 = prdE: Pressure, Strain Gauge [psi]
# name 13 = tv290C: Temperature [ITS-90, deg C]
# name 14 = flag:  0.000e+00
# span 0 =     -0.586,      5.251       
# span 1 =     -0.135,      0.373       
# span 2 =     1.3215,    12.3680       
# span 3 =     11.157,    120.691       
# span 4 =      3.050,     41.694       
# span 5 =   2.264655,  31.937916       
# span 6 =    -0.1373,    19.0932       
# span 7 =      7.664,     11.137       
# span 8 =  -136.7021,   416.9667       
# span 9 = 1.8298e+00, 6.3872e+02       
# span 10 =     1.7787,   298.1835      
# span 11 =     -0.576,      5.151      
# span 12 =     -0.835,      7.470      
# span 13 =     7.5986,    17.7446      
# span 14 = 0.0000e+00, 0.0000e+00      
# interval = seconds: 0.25
# start_time = Apr 20 2026 11:51:55 [Instrument's time stamp, header]
# bad_flag = -9.990e-29
*END*
     -0.586      0.001     9.7570     90.972      3.835   2.850348    -0.0290      8.177   342.5383 6.3872e+02     1.8581     -0.575     -0.833    12.1661 0.0000e+00
     -0.585      0.001     9.7601     91.023      3.755   2.791043    -0.0611      8.109   371.3188 5.8299e+02     1.8406     -0.574     -0.832    12.1650 0.0000e+00
     -0.585      0.001     9.7608     91.068      3.810   2.831877    -0.0786      8.093   403.5263 4.9662e+02     1.9186     -0.574     -0.832    12.1638 0.0000e+00
     -0.585      0.001     9.7624     91.080      3.903   2.900642    -0.0909      8.028   416.9667 4.2916e+02     1.8796     -0.574     -0.832    12.1629 0.0000e+00
     -0.585      0.000     9.7675     91.077      3.938   2.925649    -0.1268      7.913   345.1418 4.1285e+02     1.7787     -0.573     -0.831    12.1617 0.0000e+00
     -0.585 1.8628e-08     9.7737     91.093      3.878   2.880843    -0.1373      7.813   240.7055 4.2235e+02     1.8256     -0.574     -0.832    12.1597 0.0000e+00
     -0.585 2.0490e-07     9.7817     91.124      3.773   2.802319    -0.1016      7.731   266.2932 4.0654e+02     1.9690     -0.574     -0.832    12.1561 0.0000e+00
     -0.585 2.0490e-07     9.7822     91.138      3.684   2.736396    -0.0700      7.677   351.4905 3.6900e+02     1.9751     -0.573     -0.831    12.1516 0.0000e+00
     -0.585 1.8628e-08     9.7817     91.137      3.573   2.653901    -0.0542      7.697   300.9840 3.3736e+02     1.8996     -0.574     -0.832    12.1460 0.0000e+00
     -0.585 1.6937e-09     9.7843     91.145      3.453   2.565054    -0.0442      7.747   189.8417 3.0715e+02     1.9105     -0.574     -0.832    12.1408 0.0000e+00
     -0.585 1.5735e-10     9.7910     91.166      3.347   2.485661    -0.0410      7.763   121.7146 2.7978e+02     1.9694     -0.574     -0.833    12.1378 0.0000e+00
     -0.585 5.1503e-11     9.7924     91.190      3.219   2.390777    -0.0650      7.753    73.1736 2.6806e+02     1.9624     -0.574     -0.832    12.1356 0.0000e+00
     -0.585 4.1386e-10     9.7909     91.206      3.104   2.304670    -0.1173      7.744    33.4764 2.6985e+02     1.8606     -0.574     -0.832    12.1342 0.0000e+00
     -0.585 4.5386e-09     9.7924     91.207      3.054   2.268050    -0.1326      7.734    -4.8115 2.7372e+02     1.8310     -0.574     -0.832    12.1327 0.0000e+00
     -0.585 4.9924e-08     9.7953     91.192      3.050   2.264741    -0.1088      7.706   -29.3430 2.7629e+02     1.9116     -0.574     -0.832    12.1315 0.0000e+00
     -0.585 5.4916e-07     9.7990     91.195      3.050   2.264655    -0.0951      7.668    -9.5754 2.8527e+02     1.9474     -0.573     -0.831    12.1291 0.0000e+00
     -0.585      0.000     9.8005     91.220      3.053   2.267008    -0.0757      7.664    25.8106 3.0033e+02     1.9569     -0.574     -0.832    12.1284 0.0000e+00
     -0.585      0.000     9.8030     91.232      3.088   2.293192    -0.0405      7.700    17.6105 3.0762e+02     2.0269     -0.574     -0.832    12.1252 0.0000e+00
     -0.585      0.001     9.7980     91.223      3.643   2.707933    -0.0274      7.770   -73.2741 3.0956e+02     2.0416     -0.574     -0.832    12.1263 0.0000e+00
     -0.585      0.008     9.7995     91.222     10.279   7.661686    -0.0339      8.051  -136.7021 3.2200e+02     2.1347     -0.574     -0.831    12.1204 0.0000e+00
     -0.585      0.033     9.8034     91.231     24.844  18.712442     0.1056      8.595   -52.6327 3.5891e+02     4.6902     -0.575     -0.833    12.1262 0.0000e+00
     -0.585      0.083     9.8079     91.189     36.286  27.870837     0.3941      9.102    30.8417 4.2779e+02     9.5743     -0.573     -0.830    12.1128 0.0000e+00
     -0.582      0.152     9.8014     91.059     39.224  30.969147     0.5499      9.406    40.4084 4.9793e+02    12.2377     -0.576     -0.835    12.1303 0.0000e+00
     -0.556      0.227     9.8074     90.920     38.782  31.439859     0.5907      9.566    43.1619 5.5550e+02    12.2292     -0.569     -0.825    12.0975 0.0000e+00
     -0.480      0.297     9.7886     90.970     38.102  31.469795     1.0952      9.648    44.9475 6.1090e+02     9.6090     -0.488     -0.708    12.2034 0.0000e+00
     -0.361      0.348     9.5802     91.230     37.591  31.395239     2.0556      9.697    47.3715 6.0330e+02     4.8787     -0.355     -0.514    13.1445 0.0000e+00
     -0.232      0.373     9.2753     91.557     37.174  31.236632     2.5971      9.729    60.9400 4.7853e+02     2.4147     -0.222     -0.321    14.5451 0.0000e+00
     -0.117      0.365     9.0289     92.003     36.868  31.074778     2.6741      9.753    84.0749 3.1684e+02     2.2595     -0.106     -0.153    15.6640 0.0000e+00
     -0.026      0.325     8.8895     92.664     36.703  30.960858     2.8952      9.773    95.5617 2.2603e+02     2.1823     -0.019     -0.027    16.4106 0.0000e+00
      0.047      0.267     8.8509     93.486     36.631  30.874238     3.2898      9.789    95.7182 1.9570e+02     2.0958      0.050      0.074    16.8259 0.0000e+00
      0.104      0.208     8.8345     94.382     36.654  30.852076     3.5166      9.802    95.4327 1.7586e+02     2.1360      0.109      0.159    17.0474 0.0000e+00
      0.145      0.156     8.8494     95.203     36.732  30.883147     3.5648      9.812    95.7224 1.5683e+02     2.2250      0.146      0.211    17.1730 0.0000e+00
      0.174      0.114     8.9126     95.783     36.740  30.869266     3.6309      9.819    96.6409 1.4178e+02     2.1813      0.171      0.248    17.2025 0.0000e+00
      0.194      0.082     9.0047     96.166     36.672  30.811084     3.7254      9.826    96.6429 1.3047e+02     2.0516      0.193      0.281    17.1426 0.0000e+00
      0.206      0.058     9.1071     96.443     36.660  30.814017     3.7745      9.833    91.6171 1.2453e+02     1.9896      0.204      0.296    17.0751 0.0000e+00
      0.215      0.040     9.2067     96.592     36.740  30.904754     3.7836      9.837    80.2704 1.2498e+02     2.0459      0.209      0.303    17.0288 0.0000e+00
      0.224      0.027     9.2636     96.643     36.845  31.020120     3.7694      9.838    70.3549 1.2389e+02     2.0834      0.220      0.318    16.9955 0.0000e+00
      0.230      0.018     9.2949     96.618     36.945  31.130533     3.7107      9.839    66.4589 1.2204e+02     1.9993      0.227      0.330    16.9979 0.0000e+00
      0.232      0.013     9.3216     96.589     37.029  31.224798     3.6654      9.841    65.2574 1.2491e+02     2.0196      0.228      0.331    17.0197 0.0000e+00
      0.231      0.013     9.3290     97.184     37.052  31.271804     3.6627      9.843    64.6896 1.2912e+02     2.1232      0.227      0.329    17.0506 0.0000e+00
      0.231      0.015     9.3195     98.572     36.994  31.254858     3.7282      9.846    65.0141 1.3362e+02     2.1253      0.225      0.327    17.0938 0.0000e+00
      0.233      0.020     9.3221     99.545     36.905  31.210249     3.8494      9.851    71.8481 1.3704e+02     2.1137      0.227      0.329    17.1291 0.0000e+00
      0.240      0.024     9.2831     99.218     36.840  31.176541     3.9045      9.857    78.8319 1.3510e+02     2.0506      0.233      0.338    17.1560 0.0000e+00
      0.251      0.025     9.3025     97.738     36.811  31.164499     3.8864      9.862    73.8258 1.2852e+02     2.0113      0.245      0.356    17.1926 0.0000e+00
      0.262      0.023     9.5026     95.448     36.835  31.191540     3.8881      9.867    67.5892 1.2034e+02     2.1166      0.258      0.375    17.2405 0.0000e+00
      0.270      0.020     9.6179     92.653     36.899  31.249756     3.9341      9.870    66.7503 1.1197e+02     2.2308      0.267      0.387    17.2852 0.0000e+00
      0.272      0.015     9.5609     89.567     36.952  31.297460     3.9759      9.874    66.4358 1.0599e+02     2.1962      0.269      0.390    17.3133 0.0000e+00
      0.272      0.010     9.4095     86.377     36.978  31.324270     3.9784      9.878    66.2823 1.0594e+02     2.0402      0.266      0.386    17.3276 0.0000e+00
      0.271      0.007     9.1746     83.542     36.963  31.320178     3.9723      9.881    66.1849 1.1224e+02     2.0173      0.264      0.382    17.3367 0.0000e+00
      0.273      0.005     8.8986     81.524     36.868  31.247996     3.9683      9.884    66.2040 1.2152e+02     2.1585      0.266      0.386    17.3421 0.0000e+00
      0.276      0.005     8.6006     80.274     36.747  31.149330     3.9391      9.888    66.3419 1.2910e+02     2.2112      0.271      0.394    17.3447 0.0000e+00
      0.279      0.004     8.2774     79.532     36.667  31.078763     3.9018      9.893    66.5622 1.3312e+02     2.1086      0.274      0.398    17.3495 0.0000e+00
      0.279      0.003     7.9773     79.127     36.617  31.029131     3.8919      9.898    67.8348 1.3370e+02     2.0106      0.274      0.398    17.3611 0.0000e+00
      0.279      0.000     7.7912     78.912     36.584  30.993270     3.9279      9.904    70.1133 1.3024e+02     2.0510      0.275      0.399    17.3757 0.0000e+00
      0.278     -0.003     7.6814     78.837     36.556  30.962337     3.9878      9.909    70.8811 1.2572e+02     2.1866      0.272      0.395    17.3844 0.0000e+00
      0.276     -0.007     7.6120     78.828     36.575  30.972290     3.9996      9.913    69.9767 1.2111e+02     2.2153      0.269      0.391    17.3786 0.0000e+00
      0.276     -0.010     7.5856     78.753     36.670  31.050168     3.9541      9.915    69.2455 1.1447e+02     2.0911      0.271      0.393    17.3645 0.0000e+00
      0.274     -0.011     7.5640     78.576     36.775  31.142726     3.8119      9.919    69.0082 1.1015e+02     2.0510      0.270      0.392    17.3541 0.0000e+00
      0.269     -0.009     7.5611     78.302     36.842  31.203303     3.5954      9.924    69.0009 1.1313e+02     2.1409      0.265      0.384    17.3443 0.0000e+00
      0.263     -0.005     7.5689     77.962     36.849  31.211689     3.4839      9.929    69.1578 1.2480e+02     2.1864      0.257      0.373    17.3343 0.0000e+00
      0.259     -0.002     7.5615     77.620     36.810  31.180685     3.4631      9.934    69.9583 1.3965e+02     2.1574      0.252      0.366    17.3313 0.0000e+00
      0.261      0.002     7.5433     77.250     36.768  31.145616     3.4352      9.939    77.3885 1.5100e+02     2.0989      0.254      0.369    17.3370 0.0000e+00
      0.267      0.005     7.5161     76.797     36.724  31.104856     3.4793      9.947    88.8735 1.5469e+02     2.0931      0.262      0.380    17.3445 0.0000e+00
      0.272      0.006     7.4789     76.387     36.689  31.068471     3.6052      9.954    88.3680 1.4609e+02     2.0868      0.268      0.389    17.3467 0.0000e+00
      0.274      0.006     7.4457     76.136     36.714  31.086291     3.6845      9.958    78.8479 1.3056e+02     2.0575      0.269      0.391    17.3505 0.0000e+00
      0.272      0.005     7.4173     76.088     36.764  31.130004     3.6975      9.961    73.9166 1.1761e+02     2.0801      0.266      0.386    17.3538 0.0000e+00
      0.271      0.003     7.3653     76.278     36.788  31.152946     3.7449      9.962    73.0542 1.0863e+02     2.0867      0.263      0.382    17.3464 0.0000e+00
      0.272      0.001     7.3244     76.614     36.807  31.173384     3.8663      9.964    72.8087 1.0483e+02     2.1041      0.265      0.385    17.3343 0.0000e+00
      0.274      0.001     7.3020     76.977     36.817  31.186817     3.9591      9.966    72.7549 1.0628e+02     2.1190      0.269      0.391    17.3299 0.0000e+00
      0.275      0.001     7.2917     77.297     36.814  31.188500     3.9678      9.969    72.6628 1.1059e+02     2.0615      0.271      0.393    17.3322 0.0000e+00
      0.275      0.000     7.3157     77.538     36.816  31.193738     3.9631      9.972    72.5554 1.1569e+02     1.9898      0.270      0.392    17.3366 0.0000e+00
      0.274      0.000     7.3504     77.685     36.803  31.186714     3.9849      9.974    72.5748 1.1674e+02     2.0041      0.269      0.391    17.3437 0.0000e+00
      0.272      0.001     7.3863     77.765     36.777  31.167013     4.0157      9.975    73.3273 1.1679e+02     2.0972      0.267      0.387    17.3507 0.0000e+00
      0.271      0.002     7.4176     77.848     36.752  31.145848     4.0359      9.978    81.8254 1.1796e+02     2.0909      0.264      0.383    17.3552 0.0000e+00
      0.272      0.003     7.4402     78.023     36.727  31.121117     4.0460      9.982    90.6629 1.1587e+02     1.9622      0.266      0.385    17.3612 0.0000e+00
      0.275      0.004     7.4532     78.341     36.732  31.121735     4.0634      9.986    84.6764 1.1240e+02     1.9412      0.270      0.391    17.3672 0.0000e+00
      0.278      0.004     7.4571     78.736     36.767  31.153309     4.0713      9.987    76.5542 1.0920e+02     2.0772      0.273      0.397    17.3699 0.0000e+00
      0.279      0.003     7.4626     79.123     36.797  31.185706     4.0653      9.988    75.2274 1.0519e+02     2.2056      0.275      0.399    17.3712 0.0000e+00
      0.278      0.002     7.4760     79.459     36.801  31.196276     4.0838      9.991    74.9159 1.0230e+02     2.1947      0.273      0.396    17.3652 0.0000e+00
      0.277      0.000     7.5128     79.669     36.818  31.217678     4.1029      9.993    74.7656 1.0341e+02     2.0829      0.271      0.393    17.3564 0.0000e+00
      0.278     -0.001     7.5533     79.682     36.853  31.254170     4.1214      9.995    74.7009 1.0463e+02     2.0829      0.272      0.394    17.3593 0.0000e+00
      0.278     -0.001     7.5882     79.481     36.850  31.256893     4.1573      9.996    74.7369 1.0673e+02     2.1952      0.273      0.396    17.3709 0.0000e+00
      0.277      0.000     7.6226     79.118     36.839  31.250607     4.1707      9.998    74.7708 1.1095e+02     2.2447      0.273      0.396    17.3814 0.0000e+00
      0.277      0.000     7.6435     78.692     36.828  31.241607     4.1507      9.999    74.7666 1.1365e+02     2.1695      0.271      0.394    17.3906 0.0000e+00
      0.277     -0.001     7.6444     78.332     36.794  31.211517     4.1242     10.001    74.7713 1.1658e+02     2.0374      0.271      0.393    17.4001 0.0000e+00
      0.277     -0.001     7.6214     78.138     36.785  31.203962     4.1246     10.003    74.8274 1.1777e+02     2.0483      0.272      0.395    17.4079 0.0000e+00
      0.277     -0.001     7.5832     78.146     36.795  31.213707     4.1469     10.005    74.9294 1.1761e+02     2.1648      0.272      0.395    17.4123 0.0000e+00
      0.276      0.000     7.5374     78.344     36.780  31.202465     4.1447     10.007    75.0575 1.1584e+02     2.1478      0.270      0.392    17.4116 0.0000e+00
      0.276      0.001     7.4993     78.644     36.770  31.194910     4.1225     10.009    75.2578 1.1075e+02     2.0469      0.270      0.391    17.4089 0.0000e+00
      0.276      0.001     7.4807     78.920     36.760  31.185795     4.1119     10.011    75.5451 1.0722e+02     2.0046      0.271      0.393    17.4093 0.0000e+00
      0.277      0.002     7.4801     79.090     36.727  31.155704     4.1236     10.012    75.7774 1.0604e+02     2.0461      0.271      0.394    17.4118 0.0000e+00
      0.278      0.002     7.5025     79.102     36.719  31.148250     4.1651     10.014    75.9163 1.0534e+02     2.1389      0.273      0.396    17.4143 0.0000e+00
      0.279      0.001     7.5360     78.927     36.732  31.159100     4.1973     10.016    76.1055 1.0457e+02     2.1694      0.273      0.397    17.4154 0.0000e+00
      0.279      0.000     7.5649     78.608     36.732  31.160023     4.1886     10.017    76.3435 1.0369e+02     2.1074      0.274      0.398    17.4146 0.0000e+00
      0.278 5.7558e-08     7.5828     78.207     36.731  31.159406     4.1851     10.018    76.4717 1.0267e+02     2.1073      0.273      0.396    17.4119 0.0000e+00
      0.277 6.3314e-07     7.5869     77.762     36.724  31.151645     4.2213     10.020    76.5372 1.0236e+02     2.2026      0.272      0.394    17.4095 0.0000e+00
