Data/DataNotYetUploadedToEDI/Raw_CTD/RawDownloads/042026_fcr40_S7809021.cnv
* Sea-Bird SBE19plus  Data File:
* FileName = C:\R\Reservoirs\Data\DataNotYetUploadedToEDI\Raw_CTD\RawDownloads\051126_FCR_50_S7809_0021.hex
* Software version 2.8.0.119
* Temperature SN = 7809
* Conductivity SN = 7809
* System UpLoad Time = May 11 2026 15:39:54
* <ApplicationData>
* <Seaterm232>
# nquan = 15
# nvalues = 960                         
# units = specified
# name 0 = depFM: Depth [fresh water, m]
# name 1 = dz/dtM: Descent Rate [m/s]
# name 2 = sbeox0Mg/L: Oxygen, SBE 43 [mg/l]
# name 3 = sbeox0PS: Oxygen, SBE 43 [% saturation]
# name 4 = specc: Specific Conductance [uS/cm]
# name 5 = c0uS/cm: Conductivity [uS/cm]
# name 6 = flECO-AFL: Fluorescence, WET Labs ECO-AFL/FL [mg/m^3]
# name 7 = ph: pH
# name 8 = orp: Oxidation Reduction Potential [mV]
# name 9 = par/sat/log: PAR/Logarithmic, Satlantic
# name 10 = turbWETntu0: Turbidity, WET Labs ECO [NTU]
# name 11 = prdM: Pressure, Strain Gauge [db]
# name 12 = prdE: Pressure, Strain Gauge [psi]
# name 13 = tv290C: Temperature [ITS-90, deg C]
# name 14 = flag:  0.000e+00
# span 0 =     -0.585,      4.593       
# span 1 =     -0.240,      0.319       
# span 2 =     1.9913,    11.7127       
# span 3 =     17.179,    110.282       
# span 4 =      7.069,     39.885       
# span 5 =   6.008129,  31.923971       
# span 6 =    -0.0425,    18.5186       
# span 7 =      9.177,     10.684       
# span 8 =    31.1049,   153.6771       
# span 9 = 5.7225e+00, 6.6587e+02       
# span 10 =     2.3408,   323.4714      
# span 11 =     -0.576,      4.505      
# span 12 =     -0.834,      6.534      
# span 13 =     8.6262,    17.6653      
# span 14 = 0.0000e+00, 0.0000e+00      
# interval = seconds: 0.25
# start_time = Apr 20 2026 11:39:26 [Instrument's time stamp, header]
# bad_flag = -9.990e-29
*END*
[from data line 868]
      3.481      0.069    10.0448     89.065     37.805  26.648038     7.4626     10.638   135.4213 1.4161e+01     4.8696      3.414      4.953    10.7337 0.0000e+00
      3.501      0.069    10.0853     87.821     37.916  26.653699     7.0228     10.633   135.8081 1.3884e+01     4.9299      3.435      4.982    10.6091 0.0000e+00
      3.516      0.068    10.0905     86.030     38.015  26.660415     6.7679     10.629   136.2601 1.3651e+01     5.0232      3.448      5.001    10.4894 0.0000e+00
      3.530      0.066    10.0698     83.679     38.115  26.665758     6.7360     10.626   136.7561 1.3376e+01     5.1433      3.461      5.020    10.3559 0.0000e+00
      3.548      0.065    10.0150     80.719     38.189  26.654809     6.5781     10.622   136.9877 1.3067e+01     5.2207      3.480      5.046    10.2324 0.0000e+00
      3.566      0.065     9.9029     77.093     38.261  26.654815     6.2494     10.618   136.9952 1.2795e+01     5.2416      3.499      5.075    10.1391 0.0000e+00
      3.582      0.064     9.7156     72.902     38.336  26.665775     6.0749     10.614   137.1906 1.2521e+01     5.2935      3.512      5.094    10.0678 0.0000e+00
      3.599      0.061     9.4711     68.244     38.383  26.660442     6.0747     10.611   137.5436 1.2216e+01     5.4045      3.528      5.116     9.9791 0.0000e+00
      3.616      0.057     9.1658     63.353     38.411  26.653727     6.0217     10.607   137.9076 1.1971e+01     5.5928      3.549      5.147     9.8858 0.0000e+00
      3.631      0.056     8.7562     58.669     38.420  26.647974     5.9082     10.603   137.9786 1.1795e+01     5.7603      3.562      5.166     9.8287 0.0000e+00
      3.642      0.055     8.2905     54.394     38.439  26.654290     5.8343     10.598   137.8856 1.1648e+01     5.7561      3.572      5.181     9.7781 0.0000e+00
      3.652      0.054     7.7687     50.560     38.479  26.666668     5.8282     10.593   138.1595 1.1477e+01     5.7806      3.581      5.193     9.7201 0.0000e+00
      3.666      0.053     7.1897     47.291     38.525  26.670766     5.8249     10.588   138.5373 1.1213e+01     5.8521      3.591      5.208     9.6850 0.0000e+00
      3.684      0.054     6.6547     44.609     38.618  26.703807     5.6701     10.583   138.7540 1.0962e+01     5.8349      3.613      5.241     9.6744 0.0000e+00
      3.699      0.056     6.1735     42.476     38.725  26.749011     5.3876     10.578   138.8866 1.0807e+01     5.8109      3.629      5.264     9.6745 0.0000e+00
      3.710      0.058     5.7277     40.931     38.799  26.773334     5.2223     10.573   139.0214 1.0628e+01     5.7673      3.636      5.275     9.6574 0.0000e+00
      3.724      0.061     5.3622     39.861     38.884  26.807597     5.1950     10.568   139.2652 1.0432e+01     5.7861      3.653      5.299     9.6116 0.0000e+00
      3.739      0.066     5.0686     39.083     38.975  26.846135     5.1323     10.562   139.5122 1.0260e+01     5.8333      3.668      5.319     9.5701 0.0000e+00
      3.754      0.075     4.8199     38.528     39.029  26.858728     4.9800     10.557   139.5988 1.0012e+01     5.7237      3.680      5.336     9.5351 0.0000e+00
      3.774      0.085     4.6554     38.110     39.029  26.832984     4.8608     10.552   139.6243 9.6954e+00     5.5875      3.701      5.368     9.4984 0.0000e+00
      3.797      0.090     4.5472     37.647     39.009  26.788537     4.8231     10.547   139.7337 9.3424e+00     5.5189      3.722      5.399     9.4687 0.0000e+00
      3.825      0.090     4.4605     37.021     39.023  26.765253     4.7491     10.541   139.9757 8.9176e+00     5.4066      3.747      5.436     9.4381 0.0000e+00
      3.856      0.086     4.4037     36.263     39.025  26.741708     4.6226     10.536   140.3129 8.5411e+00     5.2549      3.785      5.488     9.4053 0.0000e+00
      3.882      0.079     4.3669     35.370     38.976  26.694097     4.5509     10.531   140.5419 8.3358e+00     5.1188      3.812      5.528     9.3774 0.0000e+00
      3.897      0.070     4.3268     34.348     38.903  26.633546     4.5239     10.526   140.5066 8.2294e+00     5.0938      3.824      5.545     9.3370 0.0000e+00
      3.907      0.058     4.2524     33.262     38.844  26.580385     4.4125     10.521   140.4881 8.0961e+00     5.1912      3.830      5.554     9.2871 0.0000e+00
      3.920      0.046     4.1718     32.112     38.831  26.558710     4.2189     10.516   140.7485 7.9276e+00     5.2030      3.843      5.574     9.2536 0.0000e+00
      3.934      0.037     4.0716     30.897     38.851  26.561730     4.1058     10.511   140.9880 7.8083e+00     5.0995      3.861      5.599     9.2399 0.0000e+00
      3.943      0.032     3.9488     29.723     38.853  26.553465     4.0850     10.506   141.0610 7.7547e+00     5.0333      3.869      5.612     9.2307 0.0000e+00
      3.948      0.028     3.8276     28.710     38.820  26.522200     4.0421     10.502   141.1146 7.7248e+00     5.0178      3.872      5.617     9.2123 0.0000e+00
      3.951      0.025     3.6987     27.914     38.804  26.500804     3.9796     10.498   141.2070 7.6947e+00     5.0143      3.874      5.619     9.1946 0.0000e+00
      3.956      0.023     3.5544     27.365     38.797  26.485028     3.9279     10.493   141.3180 7.6414e+00     4.9573      3.877      5.623     9.1816 0.0000e+00
      3.964      0.023     3.4130     27.036     38.773  26.458287     3.8906     10.488   141.4239 7.5662e+00     4.8407      3.888      5.638     9.1693 0.0000e+00
      3.972      0.025     3.2988     26.925     38.750  26.431160     3.8867     10.484   141.5400 7.4941e+00     4.7656      3.896      5.651     9.1589 0.0000e+00
      3.977      0.027     3.2029     27.030     38.740  26.410719     3.9063     10.480   141.6036 7.4424e+00     4.8346      3.901      5.657     9.1456 0.0000e+00
      3.982      0.029     3.1456     27.265     38.748  26.401390     3.9274     10.475   141.5913 7.3944e+00     5.0263      3.904      5.663     9.1300 0.0000e+00
      3.989      0.031     3.1079     27.535     38.738  26.381778     3.9264     10.471   141.6487 7.3028e+00     5.1028      3.910      5.672     9.1177 0.0000e+00
      3.999      0.034     3.0939     27.789     38.728  26.363847     3.8930     10.466   141.7813 7.2017e+00     5.0421      3.922      5.688     9.1043 0.0000e+00
      4.008      0.037     3.1133     28.016     38.756  26.374849     3.8402     10.461   141.8180 7.1122e+00     5.1457      3.931      5.701     9.0858 0.0000e+00
      4.018      0.039     3.1449     28.205     38.786  26.387949     3.7881     10.457   141.9200 6.9987e+00     5.3994      3.938      5.712     9.0663 0.0000e+00
      4.030      0.039     3.1805     28.344     38.806  26.395369     3.7619     10.452   142.1544 6.8885e+00     5.5131      3.952      5.732     9.0479 0.0000e+00
      4.041      0.040     3.2099     28.421     38.821  26.401134     3.7395     10.447   142.1572 6.8156e+00     5.4276      3.964      5.749     9.0341 0.0000e+00
      4.050      0.042     3.2377     28.419     38.816  26.394234     3.6591     10.442   141.8675 6.7651e+00     5.3566      3.971      5.760     9.0247 0.0000e+00
      4.057      0.045     3.2614     28.388     38.793  26.375358     3.5557     10.437   141.6630 6.7192e+00     5.4747      3.979      5.772     9.0147 0.0000e+00
      4.066      0.047     3.2771     28.371     38.781  26.363168     3.5216     10.432   141.7499 6.6267e+00     5.6250      3.985      5.780     9.0068 0.0000e+00
      4.081      0.049     3.2893     28.326     38.802  26.373693     3.5040     10.428   141.8851 6.4615e+00     5.6370      4.000      5.800     9.0012 0.0000e+00
      4.100      0.054     3.2868     28.258     38.809  26.375763     3.4183     10.425   141.9211 6.3364e+00     5.7902      4.024      5.836     8.9970 0.0000e+00
      4.114      0.058     3.2785     28.199     38.834  26.388192     3.2930     10.420   142.0133 6.2706e+00     6.1799      4.035      5.853     8.9941 0.0000e+00
      4.124      0.059     3.2834     28.133     38.954  26.460547     3.2205     10.414   142.1401 6.1684e+00     6.3867      4.041      5.861     8.9882 0.0000e+00
      4.139      0.057     3.2765     28.036     39.108  26.552932     3.2160     10.409   142.1633 6.0427e+00     6.3771      4.058      5.886     8.9820 0.0000e+00
      4.158      0.053     3.2662     27.913     39.220  26.617282     3.1724     10.404   142.1220 5.9414e+00     6.3707      4.078      5.915     8.9803 0.0000e+00
      4.173      0.051     3.2619     27.794     39.309  26.667780     3.0759     10.400   142.1563 5.8699e+00     6.4460      4.093      5.937     8.9768 0.0000e+00
      4.185      0.048     3.2558     27.702     39.398  26.719522     3.0310     10.396   142.2348 5.8432e+00     6.5706      4.105      5.954     8.9628 0.0000e+00
      4.195      0.044     3.2464     27.601     39.433  26.735494     3.0368     10.391   142.2962 5.8362e+00     6.5790      4.115      5.968     8.9459 0.0000e+00
      4.204      0.042     3.2312     27.429     39.438  26.734045     3.0297     10.385   142.3825 5.7961e+00     6.4790      4.123      5.981     8.9314 0.0000e+00
      4.213      0.042     3.2170     27.150     39.488  26.765411     3.0622     10.379   142.3320 5.7357e+00     6.4898      4.131      5.992     8.9179 0.0000e+00
      4.222      0.045     3.2093     26.755     39.542  26.797616     3.1634     10.373   142.2880 5.7225e+00     6.6407      4.139      6.005     8.9074 0.0000e+00
      4.233      0.048     3.2014     26.223     39.564  26.806321     3.2379     10.367   142.4531 5.9385e+00     6.7662      4.150      6.020     8.8971 0.0000e+00
      4.248      0.052     3.1835     25.543     39.576  26.807230     3.2398     10.362   142.6067 6.7582e+00     6.7767      4.165      6.041     8.8910 0.0000e+00
      4.263      0.056     3.1506     24.728     39.588  26.808593     3.2271     10.356   142.6822 8.3706e+00     6.6999      4.182      6.066     8.8886 0.0000e+00
      4.277      0.058     3.1070     23.848     39.619  26.822790     3.2506     10.350   142.5926 1.0279e+01     6.7269      4.195      6.083     8.8839 0.0000e+00
      4.292      0.057     3.0459     22.985     39.672  26.852039     3.2827     10.345   142.5558 1.1667e+01     6.8291      4.207      6.102     8.8756 0.0000e+00
      4.310      0.053     2.9682     22.171     39.669  26.845111     3.2906     10.339   142.8397 1.2203e+01     6.8429      4.227      6.131     8.8654 0.0000e+00
      4.327      0.047     2.8710     21.447     39.610  26.802444     3.2380     10.332   143.0136 1.2203e+01     6.7221      4.245      6.156     8.8574 0.0000e+00
      4.338      0.042     2.7639     20.815     39.579  26.780118     3.1365     10.327   143.0235 1.2114e+01     6.5309      4.255      6.171     8.8489 0.0000e+00
      4.344      0.039     2.6665     20.275     39.560  26.765448     3.0963     10.322   143.1311 1.2104e+01     6.5115      4.261      6.180     8.8392 0.0000e+00
      4.350      0.040     2.5681     19.859     39.543  26.751913     3.1184     10.317   143.1096 1.2070e+01     6.6240      4.266      6.186     8.8337 0.0000e+00
      4.358      0.049     2.4849     19.519     39.536  26.743312     3.1299     10.311   142.9356 1.1940e+01     6.7302      4.273      6.198     8.8305 0.0000e+00
      4.366      0.065     2.4140     19.233     39.521  26.724862     3.1180     10.305   142.8342 1.1704e+01     6.7714      4.279      6.207     8.8283 0.0000e+00
      4.379      0.083     2.3455     19.046     39.536  26.719099     3.0990     10.300   142.6580 1.1261e+01     6.7116      4.289      6.220     8.8272 0.0000e+00
      4.405      0.098     2.3030     18.933     39.590  26.737036     3.1412     10.294   142.3536 1.0643e+01     7.0665      4.315      6.258     8.8243 0.0000e+00
      4.443      0.107     2.2652     18.865     39.634  26.751453     3.6208     10.288   142.1659 9.9991e+00    11.3010      4.356      6.318     8.8221 0.0000e+00
      4.482      0.109     2.2268     18.859     39.678  26.766549     4.4614     10.283   142.1086 9.4473e+00    18.9354      4.399      6.379     8.8133 0.0000e+00
      4.513      0.101     2.2103     18.899     39.743  26.792705     4.9069     10.277   142.1774 8.9967e+00    23.1630      4.430      6.424     8.7903 0.0000e+00
      4.536      0.086     2.1998     18.928     39.803  26.813988     4.9621     10.271   142.3104 8.5700e+00    23.9877      4.450      6.454     8.7625 0.0000e+00
      4.554      0.066     2.1911     18.936     39.856  26.833585     5.1531     10.265   142.3393 8.2163e+00    27.9847      4.469      6.481     8.7453 0.0000e+00
      4.567      0.048     2.1908     18.942     39.885  26.839363     7.1583     10.260   142.4404 8.0234e+00    71.6266      4.481      6.498     8.7307 0.0000e+00
      4.575      0.033     2.2017     18.914     39.871  26.820409    10.8126     10.256   142.6727 7.9699e+00   151.7198      4.486      6.507     8.7052 0.0000e+00
      4.580      0.023     2.2064     18.831     39.830  26.794673    12.7816     10.252   142.8256 7.9674e+00   195.6875      4.491      6.514     8.6788 0.0000e+00
      4.584      0.015     2.2051     18.679     39.789  26.781892    12.8962     10.247   142.9115 7.9732e+00   202.5801      4.495      6.520     8.6607 0.0000e+00
      4.586      0.010     2.2104     18.449     39.771  26.792740    12.1988     10.242   143.0227 8.0132e+00   233.9646      4.498      6.523     8.6430 0.0000e+00
      4.587      0.006     2.2081     18.159     39.752  26.799019    10.8753     10.237   143.0526 8.0789e+00   290.7445      4.499      6.525     8.6262 0.0000e+00
      4.588      0.004     2.1984     17.838     39.731  26.794395    10.1442     10.231   142.9294 8.1416e+00   321.6108      4.499      6.526     8.6275 0.0000e+00
      4.588      0.003     2.1815     17.528     39.731  26.800264     9.9089     10.226   142.9084 8.1792e+00   323.4714      4.500      6.526     8.6499 0.0000e+00
      4.589      0.003     2.1505     17.292     39.727  26.806562     8.0881     10.223   143.0574 8.1394e+00   313.7193      4.500      6.527     8.6839 0.0000e+00
      4.590      0.003     2.1151     17.179     39.712  26.807134     4.7674     10.219   143.0964 8.0253e+00   295.3487      4.501      6.528     8.7111 0.0000e+00
      4.590      0.003     2.0756     17.181     39.701  26.807185     2.9339     10.213   143.0362 7.9518e+00   285.1997      4.502      6.529     8.7187 0.0000e+00
      4.591      0.003     2.0363     17.203     39.697  26.807189     2.7657     10.210   143.0170 8.0286e+00   284.2981      4.502      6.530     8.7224 0.0000e+00
      4.592 -9.990e-29     2.0063 -9.990e-29 -9.990e-29 -9.990e-29 -9.990e-29 -9.990e-29 -9.990e-29 8.2366e+00 -9.990e-29      4.504      6.533     8.7350 0.0000e+00
      4.593 -9.990e-29     1.9913 -9.990e-29 -9.990e-29 -9.990e-29 -9.990e-29 -9.990e-29 -9.990e-29 8.4786e+00 -9.990e-29      4.505      6.534     8.7507 0.0000e+00
      4.593 -9.990e-29     1.9968 -9.990e-29 -9.990e-29 -9.990e-29 -9.990e-29 -9.990e-29 -9.990e-29 8.6889e+00 -9.990e-29      4.504      6.533     8.7617 0.0000e+00
      4.593 -9.990e-29     2.0033 -9.990e-29 -9.990e-29 -9.990e-29 -9.990e-29 -9.990e-29 -9.990e-29 8.7811e+00 -9.990e-29      4.505      6.534     8.7648 0.0000e+00
