Data/DataNotYetUploadedToEDI/Raw_CTD/RawDownloads/042026_fcr10_S7809018.cnv
* Sea-Bird SBE19plus  Data File:
* FileName = C:\R\Reservoirs\Data\DataNotYetUploadedToEDI\Raw_CTD\RawDownloads\051126_FCR_50_S7809_0018.hex
* Software version 2.8.0.119
* Temperature SN = 7809
* Conductivity SN = 7809
* System UpLoad Time = May 11 2026 15:38:49
* <ApplicationData>
* <Seaterm232>
# nquan = 15
# nvalues = 1198                        
# units = specified
# name 0 = depFM: Depth [fresh water, m]
# name 1 = dz/dtM: Descent Rate [m/s]
# name 2 = sbeox0Mg/L: Oxygen, SBE 43 [mg/l]
# name 3 = sbeox0PS: Oxygen, SBE 43 [% saturation]
# name 4 = specc: Specific Conductance [uS/cm]
# name 5 = c0uS/cm: Conductivity [uS/cm]
# name 6 = flECO-AFL: Fluorescence, WET Labs ECO-AFL/FL [mg/m^3]
# name 7 = ph: pH
# name 8 = orp: Oxidation Reduction Potential [mV]
# name 9 = par/sat/log: PAR/Logarithmic, Satlantic
# name 10 = turbWETntu0: Turbidity, WET Labs ECO [NTU]
# name 11 = prdM: Pressure, Strain Gauge [db]
# name 12 = prdE: Pressure, Strain Gauge [psi]
# name 13 = tv290C: Temperature [ITS-90, deg C]
# name 14 = flag:  0.000e+00
# span 0 =     -0.590,      9.547       
# span 1 =     -0.102,      0.283       
# span 2 =     2.1024,    12.5786       
# span 3 =     17.800,    119.273       
# span 4 =      0.739,    167.531       
# span 5 =   0.564493, 107.991266       
# span 6 =    -0.2835,    24.5258       
# span 7 =     -2.451,     11.138       
# span 8 = -1240.7383,  1239.7601       
# span 9 = 1.2369e-01, 2.1416e+03       
# span 10 =    -0.2666,   120.3608      
# span 11 =     -0.580,      9.366      
# span 12 =     -0.840,     13.585      
# span 13 =     7.2278,    17.6673      
# span 14 = 0.0000e+00, 0.0000e+00      
# interval = seconds: 0.25
# start_time = Apr 20 2026 10:37:58 [Instrument's time stamp, header]
# bad_flag = -9.990e-29
*END*
[from data line 772]
      4.513      0.038     4.1575     34.653     38.869  25.876424     2.4088     10.730   126.2599 2.5112e+00     2.8429      4.428      6.422     8.3248 0.0000e+00
      4.520      0.034     4.1363     34.421     38.949  25.917112     2.2224     10.725   126.4857 2.5051e+00     2.8779      4.431      6.426     8.3242 0.0000e+00
      4.529      0.033     4.1116     34.132     39.072  25.983889     2.1271     10.720   126.4319 2.5001e+00     2.9759      4.441      6.441     8.3180 0.0000e+00
      4.538      0.033     4.0920     33.819     39.205  26.049591     2.1306     10.716   126.2981 2.4966e+00     3.0043      4.452      6.457     8.3033 0.0000e+00
      4.545      0.033     4.0795     33.462     39.291  26.077280     2.0819     10.711   126.4166 2.4847e+00     2.9817      4.456      6.464     8.2827 0.0000e+00
      4.554      0.034     4.0519     33.052     39.319  26.064952     1.9456     10.707   126.6596 2.4718e+00     2.9417      4.464      6.476     8.2684 0.0000e+00
      4.563      0.035     4.0170     32.649     39.304  26.027352     1.8565     10.703   126.8278 2.4596e+00     2.9644      4.475      6.491     8.2543 0.0000e+00
      4.572      0.038     3.9843     32.277     39.305  26.003160     1.8534     10.698   127.0735 2.4541e+00     3.0855      4.484      6.504     8.2243 0.0000e+00
      4.579      0.041     3.9490     31.936     39.377  26.026112     1.8247     10.693   127.2206 2.4540e+00     3.1416      4.491      6.513     8.1824 0.0000e+00
      4.589      0.044     3.8987     31.645     39.456  26.051150     1.7426     10.688   127.3156 2.4274e+00     3.0967      4.500      6.525     8.1404 0.0000e+00
      4.603      0.045     3.8547     31.396     39.498  26.052181     1.6840     10.682   127.4477 2.3907e+00     3.0552      4.514      6.547     8.1067 0.0000e+00
      4.617      0.045     3.8148     31.191     39.511  26.038556     1.6740     10.675   127.5281 2.3892e+00     3.1172      4.527      6.567     8.0780 0.0000e+00
      4.631      0.043     3.7738     31.012     39.496  26.013230     1.6805     10.668   127.6855 2.4458e+00     3.2317      4.542      6.588     8.0458 0.0000e+00
      4.642      0.040     3.7460     30.820     39.492  25.999635     1.6631     10.662   127.8879 2.6115e+00     3.2093      4.554      6.604     8.0109 0.0000e+00
      4.650      0.036     3.7174     30.566     39.509  26.001013     1.6211     10.656   128.0822 2.9211e+00     3.1203      4.560      6.613     7.9751 0.0000e+00
      4.657      0.032     3.6975     30.231     39.569  26.029880     1.6142     10.648   128.3137 3.3037e+00     3.1467      4.568      6.625     7.9450 0.0000e+00
      4.664      0.030     3.6794     29.820     39.685  26.094970     1.6297     10.641   128.7088 3.6557e+00     3.2209      4.574      6.634     7.9284 0.0000e+00
      4.670      0.029     3.6595     29.340     39.792  26.153780     1.6502     10.634   129.2452 3.9228e+00     3.2996      4.579      6.641     7.9162 0.0000e+00
      4.679      0.027     3.6327     28.856     39.832  26.170136     1.6877     10.628   129.5503 4.0698e+00     3.3815      4.588      6.655     7.9022 0.0000e+00
      4.688      0.025     3.5913     28.397     39.837  26.165867     1.6917     10.622   129.5594 4.0918e+00     3.4245      4.598      6.668     7.8899 0.0000e+00
      4.695      0.025     3.5468     27.973     39.839  26.165587     1.6814     10.617   129.6134 4.0381e+00     3.4793      4.605      6.679     7.8767 0.0000e+00
      4.699      0.028     3.4853     27.643     39.834  26.166748     1.6794     10.611   129.7725 3.9830e+00     3.4973      4.609      6.686     7.8605 0.0000e+00
      4.701      0.035     3.4281     27.436     39.847  26.179907     1.6595     10.604   129.8481 3.9382e+00     3.4371      4.610      6.686     7.8466 0.0000e+00
      4.705      0.043     3.3766     27.357     39.878  26.197853     1.6493     10.597   130.1845 3.8652e+00     3.3656      4.611      6.688     7.8367 0.0000e+00
      4.718      0.052     3.3208     27.394     39.890  26.193462     1.6556     10.590   130.8278 3.7737e+00     3.3511      4.623      6.706     7.8341 0.0000e+00
      4.738      0.058     3.2811     27.525     39.912  26.190224     1.6446     10.583   131.2595 3.6884e+00     3.4670      4.646      6.738     7.8429 0.0000e+00
      4.761      0.063     3.2550     27.725     39.990  26.222104     1.5990     10.576   131.4462 3.5909e+00     3.6049      4.670      6.773     7.8534 0.0000e+00
      4.780      0.063     3.2464     27.952     40.076  26.261798     1.5540     10.570   131.4500 3.4509e+00     3.6175      4.690      6.802     7.8502 0.0000e+00
      4.795      0.058     3.2535     28.146     40.139  26.289612     1.5499     10.565   131.3920 3.2814e+00     3.6191      4.703      6.821     7.8333 0.0000e+00
      4.806      0.049     3.2712     28.257     40.180  26.304694     1.5248     10.560   131.5192 3.1018e+00     3.6932      4.713      6.836     7.8081 0.0000e+00
      4.817      0.043     3.2999     28.315     40.220  26.317295     1.4495     10.555   131.7827 2.9151e+00     3.8300      4.723      6.851     7.7824 0.0000e+00
      4.829      0.043     3.3302     28.373     40.334  26.378531     1.3972     10.549   132.0829 2.7358e+00     3.9406      4.738      6.871     7.7615 0.0000e+00
      4.837      0.050     3.3588     28.442     40.501  26.474280     1.3748     10.541   132.3963 2.5841e+00     3.8699      4.747      6.884     7.7446 0.0000e+00
      4.842      0.061     3.3709     28.573     40.610  26.523626     1.3785     10.535   132.6461 2.4419e+00     3.8294      4.745      6.882     7.7328 0.0000e+00
      4.853      0.071     3.3748     28.813     40.668  26.531181     1.3926     10.530   132.8662 2.2637e+00     3.8940      4.752      6.893     7.7146 0.0000e+00
      4.878      0.080     3.3862     29.154     40.765  26.565603     1.3782     10.524   133.1645 2.0835e+00     3.8659      4.782      6.936     7.6962 0.0000e+00
      4.910      0.085     3.3913     29.582     40.889  26.622671     1.3627     10.518   133.2416 1.9498e+00     3.8303      4.818      6.988     7.6870 0.0000e+00
      4.939      0.085     3.4064     30.067     40.962  26.650353     1.3635     10.513   133.0246 1.8516e+00     3.8399      4.846      7.028     7.6594 0.0000e+00
      4.962      0.078     3.4404     30.557     40.979  26.646581     1.3548     10.509   133.0362 1.7953e+00     3.8795      4.868      7.060     7.6142 0.0000e+00
      4.979      0.066     3.4847     31.027     40.984  26.640472     1.3324     10.504   133.2955 1.7795e+00     3.8990      4.885      7.085     7.5790 0.0000e+00
      4.991      0.055     3.5384     31.473     40.991  26.639916     1.3176     10.500   133.5782 1.7812e+00     3.8374      4.896      7.101     7.5520 0.0000e+00
      5.000      0.048     3.6027     31.892     40.996  26.639851     1.3333     10.496   133.8733 1.7921e+00     3.8522      4.903      7.111     7.5266 0.0000e+00
      5.009      0.045     3.6636     32.285     41.002  26.639691     1.3816     10.492   134.0242 1.8115e+00     3.9406      4.911      7.122     7.5074 0.0000e+00
      5.020      0.044     3.7204     32.668     41.005  26.637976     1.4190     10.487   133.6820 1.8547e+00     3.9491      4.922      7.140     7.4972 0.0000e+00
      5.033      0.044     3.7754     33.069     40.980  26.619107     1.4105     10.482   133.0048 1.9251e+00     3.8874      4.936      7.159     7.4932 0.0000e+00
      5.045      0.044     3.8245     33.449     40.955  26.601810     1.3776     10.478   132.8923 2.0046e+00     3.8091      4.948      7.176     7.4895 0.0000e+00
      5.057      0.044     3.8736     33.762     40.983  26.619107     1.3711     10.473   133.2675 2.0909e+00     3.8217      4.959      7.193     7.4840 0.0000e+00
      5.068      0.046     3.9158     34.041     41.012  26.637982     1.3989     10.469   133.4117 2.2057e+00     3.9042      4.971      7.210     7.4789 0.0000e+00
      5.077      0.051     3.9672     34.320     41.016  26.639750     1.4061     10.464   133.6034 2.3485e+00     3.8832      4.978      7.220     7.4766 0.0000e+00
      5.087      0.057     4.0170     34.565     41.021  26.640479     1.3832     10.459   133.9506 2.4711e+00     3.8422      4.985      7.231     7.4753 0.0000e+00
      5.102      0.062     4.0511     34.750     41.037  26.646794     1.3720     10.454   133.6524 2.5486e+00     3.9551      5.002      7.255     7.4734 0.0000e+00
      5.121      0.066     4.0824     34.887     41.054  26.652676     1.3783     10.449   132.9225 2.5838e+00     4.1203      5.021      7.282     7.4741 0.0000e+00
      5.143      0.069     4.1184     34.989     41.054  26.648169     1.3933     10.444   132.6975 2.5776e+00     4.1319      5.043      7.315     7.4751 0.0000e+00
      5.165      0.069     4.1500     35.078     41.071  26.655716     1.3953     10.440   132.8240 2.5461e+00     4.0270      5.068      7.351     7.4712 0.0000e+00
      5.181      0.067     4.1705     35.172     41.112  26.680509     1.4015     10.436   133.0760 2.5104e+00     4.0137      5.082      7.372     7.4652 0.0000e+00
      5.195      0.064     4.1889     35.282     41.132  26.694234     1.4352     10.432   133.4206 2.4750e+00     4.1070      5.093      7.386     7.4582 0.0000e+00
      5.209      0.060     4.1992     35.357     41.130  26.694810     1.4456     10.427   133.7213 2.4313e+00     4.1302      5.108      7.409     7.4523 0.0000e+00
      5.225      0.058     4.2110     35.368     41.118  26.687490     1.4356     10.423   133.9583 2.3838e+00     4.0554      5.124      7.432     7.4490 0.0000e+00
      5.240      0.056     4.2205     35.390     41.089  26.669155     1.4392     10.419   133.9637 2.3383e+00     3.9883      5.139      7.454     7.4439 0.0000e+00
      5.255      0.053     4.2358     35.435     41.079  26.663380     1.4472     10.415   133.9591 2.2923e+00     3.9680      5.155      7.476     7.4461 0.0000e+00
      5.268      0.049     4.2497     35.468     41.105  26.681092     1.4575     10.411   134.2465 2.2458e+00     3.9808      5.166      7.494     7.4524 0.0000e+00
      5.280      0.044     4.2421     35.504     41.124  26.693038     1.4557     10.405   134.5992 2.2060e+00     3.9379      5.178      7.510     7.4495 0.0000e+00
      5.291      0.039     4.2465     35.575     41.104  26.680968     1.4334     10.400   134.6100 2.1770e+00     3.8599      5.190      7.528     7.4495 0.0000e+00
      5.300      0.034     4.2545     35.675     41.073  26.662007     1.3789     10.396   134.2906 2.1397e+00     3.8913      5.198      7.539     7.4535 0.0000e+00
      5.307      0.031     4.2566     35.770     41.058  26.654058     1.3051     10.391   134.0069 2.1009e+00     4.0103      5.204      7.548     7.4529 0.0000e+00
      5.314      0.031     4.2592     35.825     41.051  26.648284     1.2812     10.386   133.8475 2.0932e+00     4.1031      5.212      7.559     7.4517 0.0000e+00
      5.319      0.032     4.2682     35.822     41.067  26.655614     1.2821     10.381   133.6530 2.0963e+00     4.1253      5.216      7.565     7.4530 0.0000e+00
      5.326      0.034     4.2821     35.817     41.111  26.679263     1.2574     10.376   133.4627 2.0671e+00     4.1422      5.221      7.573     7.4550 0.0000e+00
      5.336      0.036     4.2930     35.810     41.121  26.680522     1.2404     10.372   133.4399 1.9911e+00     4.2042      5.233      7.589     7.4581 0.0000e+00
      5.349      0.037     4.3042     35.767     41.116  26.670817     1.2263     10.367   133.5497 1.8938e+00     4.1923      5.246      7.608     7.4583 0.0000e+00
      5.361      0.039     4.2979     35.706     41.152  26.688762     1.2122     10.362   133.6711 1.8130e+00     4.0667      5.259      7.627     7.4523 0.0000e+00
      5.369      0.039     4.2985     35.632     41.188  26.707223     1.2108     10.356   133.7888 1.7586e+00     3.9833      5.266      7.637     7.4459 0.0000e+00
      5.377      0.039     4.3031     35.574     41.189  26.703745     1.2103     10.350   134.0273 1.7278e+00     4.0375      5.271      7.646     7.4395 0.0000e+00
      5.386      0.039     4.2940     35.562     41.205  26.710140     1.2137     10.344   134.3177 1.7079e+00     4.1411      5.281      7.660     7.4321 0.0000e+00
      5.397      0.039     4.2897     35.563     41.227  26.721115     1.2025     10.339   134.5463 1.6865e+00     4.1433      5.292      7.676     7.4252 0.0000e+00
      5.409      0.040     4.2798     35.591     41.214  26.709585     1.1831     10.334   134.8125 1.6704e+00     4.1324      5.305      7.694     7.4193 0.0000e+00
      5.419      0.042     4.2698     35.671     41.199  26.697583     1.2032     10.328   135.0409 1.6640e+00     4.2145      5.315      7.708     7.4141 0.0000e+00
      5.429      0.044     4.2737     35.775     41.209  26.702843     1.2545     10.323   135.0712 1.6606e+00     4.2479      5.324      7.721     7.4099 0.0000e+00
      5.439      0.046     4.2725     35.894     41.222  26.709753     1.2866     10.319   135.0071 1.6518e+00     4.2287      5.334      7.736     7.4053 0.0000e+00
      5.450      0.049     4.2733     36.013     41.238  26.717703     1.2846     10.314   135.0398 1.6266e+00     4.1876      5.344      7.751     7.4010 0.0000e+00
      5.464      0.052     4.2874     36.140     41.268  26.735538     1.2712     10.308   135.1222 1.6027e+00     4.1266      5.357      7.770     7.3993 0.0000e+00
      5.479      0.054     4.2979     36.281     41.269  26.735123     1.2748     10.303   135.1430 1.5739e+00     4.1410      5.373      7.793     7.3982 0.0000e+00
      5.494      0.056     4.3147     36.395     41.237  26.712685     1.2943     10.298   135.2060 1.5033e+00     4.1557      5.388      7.813     7.3956 0.0000e+00
      5.509      0.056     4.3286     36.486     41.247  26.717931     1.2995     10.293   135.3675 1.4179e+00     4.1335      5.402      7.835     7.3930 0.0000e+00
      5.523      0.055     4.3418     36.567     41.274  26.735134     1.2785     10.287   135.4602 1.3590e+00     4.1121      5.417      7.857     7.3912 0.0000e+00
      5.536      0.052     4.3642     36.613     41.269  26.730417     1.2577     10.282   135.3803 1.3234e+00     4.1011      5.428      7.873     7.3893 0.0000e+00
      5.550      0.049     4.3760     36.627     41.261  26.724317     1.2640     10.278   135.3483 1.3136e+00     4.1380      5.442      7.893     7.3871 0.0000e+00
      5.563      0.045     4.3858     36.635     41.261  26.724797     1.2707     10.274   135.5038 1.3328e+00     4.1138      5.456      7.914     7.3856 0.0000e+00
      5.574      0.041     4.3982     36.627     41.276  26.736225     1.2567     10.269   135.6253 1.3537e+00     4.0480      5.466      7.928     7.3850 0.0000e+00
      5.583      0.037     4.4038     36.623     41.272  26.735648     1.2519     10.265   135.6990 1.3637e+00     4.0939      5.475      7.941     7.3839 0.0000e+00
      5.592      0.033     4.4025     36.645     41.241  26.717825     1.2708     10.263   135.8787 1.3518e+00     4.1905      5.484      7.954     7.3826 0.0000e+00
      5.599      0.031     4.4060     36.656     41.226  26.711002     1.2934     10.259   136.0767 1.3059e+00     4.2255      5.491      7.964     7.3833 0.0000e+00
      5.605      0.031     4.4040     36.655     41.231  26.716567     1.2763     10.254   136.2002 1.2558e+00     4.1757      5.497      7.972     7.3852 0.0000e+00
      5.613      0.032     4.3993     36.651     41.236  26.721694     1.2218     10.251   136.3392 1.2228e+00     4.1001      5.503      7.982     7.3874 0.0000e+00
      5.621      0.033     4.4070     36.643     41.215  26.709576     1.1931     10.247   136.4671 1.1793e+00     4.0972      5.512      7.995     7.3904 0.0000e+00
