Data/DataNotYetUploadedToEDI/Raw_CTD/RawDownloads/042026_fcr10_S7809018.cnv
* Sea-Bird SBE19plus  Data File:
* FileName = C:\R\Reservoirs\Data\DataNotYetUploadedToEDI\Raw_CTD\RawDownloads\051126_FCR_50_S7809_0018.hex
* Software version 2.8.0.119
* Temperature SN = 7809
* Conductivity SN = 7809
* System UpLoad Time = May 11 2026 15:38:49
* <ApplicationData>
* <Seaterm232>
# nquan = 15
# nvalues = 1198                        
# units = specified
# name 0 = depFM: Depth [fresh water, m]
# name 1 = dz/dtM: Descent Rate [m/s]
# name 2 = sbeox0Mg/L: Oxygen, SBE 43 [mg/l]
# name 3 = sbeox0PS: Oxygen, SBE 43 [% saturation]
# name 4 = specc: Specific Conductance [uS/cm]
# name 5 = c0uS/cm: Conductivity [uS/cm]
# name 6 = flECO-AFL: Fluorescence, WET Labs ECO-AFL/FL [mg/m^3]
# name 7 = ph: pH
# name 8 = orp: Oxidation Reduction Potential [mV]
# name 9 = par/sat/log: PAR/Logarithmic, Satlantic
# name 10 = turbWETntu0: Turbidity, WET Labs ECO [NTU]
# name 11 = prdM: Pressure, Strain Gauge [db]
# name 12 = prdE: Pressure, Strain Gauge [psi]
# name 13 = tv290C: Temperature [ITS-90, deg C]
# name 14 = flag:  0.000e+00
# span 0 =     -0.590,      9.547       
# span 1 =     -0.102,      0.283       
# span 2 =     2.1024,    12.5786       
# span 3 =     17.800,    119.273       
# span 4 =      0.739,    167.531       
# span 5 =   0.564493, 107.991266       
# span 6 =    -0.2835,    24.5258       
# span 7 =     -2.451,     11.138       
# span 8 = -1240.7383,  1239.7601       
# span 9 = 1.2369e-01, 2.1416e+03       
# span 10 =    -0.2666,   120.3608      
# span 11 =     -0.580,      9.366      
# span 12 =     -0.840,     13.585      
# span 13 =     7.2278,    17.6673      
# span 14 = 0.0000e+00, 0.0000e+00      
# interval = seconds: 0.25
# start_time = Apr 20 2026 10:37:58 [Instrument's time stamp, header]
# bad_flag = -9.990e-29
*END*
     -0.590 -4.313e-20     9.2865     88.746      0.828   0.632764    -0.0357     -2.451   798.6399 1.9467e+03     6.1236     -0.579     -0.840    13.1989 0.0000e+00
     -0.590 -3.921e-21     9.2934     88.786      0.797   0.608591    -0.0376     -2.451   840.1686 2.0377e+03     6.0740     -0.578     -0.838    13.1991 0.0000e+00
     -0.590 -3.565e-22     9.2977     88.807      0.795   0.607449    -0.0608     -2.451   885.0995 2.1416e+03     5.9366     -0.579     -0.839    13.1995 0.0000e+00
     -0.590 -3.241e-23     9.3016     88.847      0.810   0.618955    -0.0671     -2.451   889.0705 2.0324e+03     4.9062     -0.578     -0.839    13.1997 0.0000e+00
     -0.590 -2.946e-24     9.3106     88.891      0.813   0.621030    -0.0638     -2.451   889.3861 1.5560e+03     3.0097     -0.578     -0.838    13.1998 0.0000e+00
     -0.590 -2.678e-25     9.3148     88.910      0.828   0.632536    -0.0781     -2.451   889.0014 1.0550e+03     1.9643     -0.578     -0.839    13.2001 0.0000e+00
     -0.590 -2.435e-26     9.3136     88.940      0.827   0.631393    -0.0901     -2.451   887.3446 8.5809e+02     1.8993     -0.579     -0.840    13.2003 0.0000e+00
     -0.590 -2.213e-27     9.3191     88.974      0.795   0.607208    -0.0757     -2.451   871.7629 8.3662e+02     2.5655     -0.578     -0.839    13.2005 0.0000e+00
     -0.590 -2.012e-28     9.3268     88.982      0.777   0.593493    -0.0535     -2.451   701.5509 8.2500e+02     3.8373     -0.579     -0.839    13.2007 0.0000e+00
     -0.590 -1.829e-29     9.3246     89.006      0.775   0.592247    -0.0560     -2.451   249.1463 8.1081e+02     4.5012     -0.578     -0.839    13.2012 0.0000e+00
     -0.590 -1.663e-30     9.3281     89.038      0.775   0.592133    -0.0636     -2.451  -321.1253 8.1139e+02     4.6487     -0.579     -0.840    13.2015 0.0000e+00
     -0.589 -1.512e-31     9.3358     89.055      0.775   0.592123    -0.0541     -2.451  -735.9978 8.1612e+02     5.2790     -0.578     -0.839    13.2020 0.0000e+00
     -0.589 -1.375e-32     9.3313     89.076      0.775   0.592122    -0.0573     -2.451  -899.1465 8.1939e+02     6.2128     -0.578     -0.838    13.2020 0.0000e+00
     -0.589 -1.281e-33     9.3354     89.091      0.775   0.592122    -0.0688     -2.451  -926.7506 8.3030e+02     6.6475     -0.578     -0.838    13.2021 0.0000e+00
     -0.590 -4.546e-34     9.3413     89.105      0.775   0.592121    -0.0606     -2.451  -884.7721 8.3884e+02     6.7434     -0.578     -0.839    13.2023 0.0000e+00
     -0.590 -3.761e-33     9.3392     89.122      0.775   0.592112    -0.0491     -2.451  -587.2421 8.3934e+02     6.9274     -0.579     -0.839    13.2023 0.0000e+00
     -0.590 -4.126e-32     9.3442     89.123      0.775   0.592007    -0.0550     -2.451    50.4204 8.3762e+02     7.0961     -0.578     -0.839    13.2026 0.0000e+00
     -0.590 -4.539e-31     9.3449     89.132      0.773   0.590855    -0.0573     -2.450   639.0994 8.3304e+02     7.2116     -0.579     -0.839    13.2028 0.0000e+00
     -0.590 -4.993e-30     9.3449     89.172      0.757   0.578188    -0.0438     -2.441   813.6337 8.2256e+02     7.2991     -0.578     -0.839    13.2034 0.0000e+00
     -0.590 -5.492e-29     9.3495     89.223      0.740   0.565531    -0.0488     -2.346   305.2629 8.0805e+02     7.2668     -0.579     -0.840    13.2038 0.0000e+00
     -0.590 -6.041e-28     9.3473     89.257      0.739   0.564493    -0.0685     -1.293  -660.2887 7.9055e+02     7.0941     -0.578     -0.839    13.2040 0.0000e+00
     -0.590 -6.645e-27     9.3470     89.275      0.741   0.565644    -0.0742      1.412 -1187.9767 7.7299e+02     6.9872     -0.578     -0.839    13.2043 0.0000e+00
     -0.589 -7.310e-26     9.3526     89.309      0.759   0.579445    -0.0680      4.297 -1235.9484 7.6436e+02     7.0340     -0.578     -0.838    13.2045 0.0000e+00
     -0.589 -8.041e-25     9.3588     89.353      0.792   0.604676    -0.0512      5.600 -1240.3094 7.5689e+02     7.0447     -0.578     -0.838    13.2048 0.0000e+00
     -0.589 -8.845e-24     9.3630     89.374      0.808   0.617355    -0.0453      5.368 -1240.7055 7.3764e+02     6.5693     -0.578     -0.839    13.2053 0.0000e+00
     -0.589 -9.729e-23     9.3622     89.387      0.793   0.606056    -0.0472      4.316 -1240.7383 7.1288e+02     5.7613     -0.578     -0.838    13.2058 0.0000e+00
     -0.590 -1.070e-21     9.3657     89.412      0.778   0.594748    -0.0331      3.564 -1240.7059 6.8036e+02     5.4056     -0.579     -0.839    13.2063 0.0000e+00
     -0.590 -1.177e-20     9.3736     89.448      0.795   0.607311    -0.0405      4.324 -1240.3144 6.2494e+02     5.3091     -0.578     -0.839    13.2068 0.0000e+00
     -0.590 -1.295e-19     9.3732     89.483      0.826   0.631278    -0.1289      5.863 -1236.0041 5.4876e+02     4.3201     -0.579     -0.839    13.2074 0.0000e+00
     -0.590 -1.424e-18     9.3744     89.500      0.826   0.631165    -0.2440      6.617 -1188.5902 4.7540e+02     2.6023     -0.579     -0.840    13.2074 0.0000e+00
     -0.590 -1.567e-17     9.3775     89.508      0.793   0.605942    -0.2835      5.205  -667.0369 4.1789e+02     1.6537     -0.578     -0.839    13.2058 0.0000e+00
     -0.590 -1.724e-16     9.3817     89.528      0.759   0.579673    -0.2822      1.585   295.2166 3.8739e+02     1.5264     -0.578     -0.838    13.2030 0.0000e+00
     -0.590 -1.896e-15     9.3875     89.549      0.742   0.566910    -0.2274     -1.412   834.4046 4.1922e+02     1.6444     -0.579     -0.839    13.2006 0.0000e+00
     -0.590 -2.086e-14     9.3888     89.559      0.757   0.578313    -0.1042     -2.246   957.9820 4.9795e+02     1.9193     -0.578     -0.839    13.1989 0.0000e+00
     -0.590 -2.294e-13     9.3887     89.565      0.774   0.590867    -0.0493     -1.216   929.9335 5.3451e+02     2.0489     -0.578     -0.839    13.1982 0.0000e+00
     -0.590 -2.524e-12     9.3912     89.590      0.775   0.592008    -0.0795      1.362   702.6268 5.1226e+02     2.0164     -0.578     -0.838    13.1984 0.0000e+00
     -0.590 -2.776e-11     9.3947     89.637      0.775   0.592111    -0.1039      3.834   659.2602 5.0283e+02     1.9693     -0.578     -0.839    13.1985 0.0000e+00
     -0.590 -3.054e-10     9.3948     89.678      0.775   0.592121    -0.0855      5.280   829.5070 5.3453e+02     1.9241     -0.579     -0.839    13.1977 0.0000e+00
     -0.590 -3.359e-09     9.3951     89.705      0.775   0.592121    -0.0485      6.218   918.5355 5.8045e+02     1.8791     -0.578     -0.839    13.1967 0.0000e+00
     -0.590 -3.695e-08     9.3969     89.725      0.775   0.592112    -0.0483      6.676   908.8585 6.1802e+02     1.8019     -0.578     -0.839    13.1952 0.0000e+00
     -0.590 -4.064e-07     9.4052     89.755      0.775   0.592008    -0.0750      6.198   891.5512 6.5479e+02     1.7414     -0.578     -0.838    13.1931 0.0000e+00
     -0.590     -0.000     9.4089     89.796      0.773   0.590866    -0.0884      4.645   889.4409 7.1474e+02     1.8995     -0.578     -0.839    13.1918 0.0000e+00
     -0.590     -0.000     9.4119     89.811      0.757   0.578301    -0.1024      2.755   888.8503 8.1658e+02     2.1759     -0.579     -0.839    13.1916 0.0000e+00
     -0.590     -0.001     9.4136     89.816      0.742   0.566776    -0.1272      1.495   888.8830 9.2675e+02     2.2483     -0.579     -0.839    13.1913 0.0000e+00
     -0.590     -0.001     9.4149     89.833      0.757   0.578188    -0.1297      1.012   888.9765 9.8437e+02     2.2285     -0.578     -0.839    13.1914 0.0000e+00
     -0.590     -0.000     9.4238     89.839      0.772   0.589609    -0.1082      1.211   889.3779 9.8819e+02     2.2104     -0.579     -0.840    13.1910 0.0000e+00
     -0.590 -1.847e-08     9.4238     89.839      0.757   0.578188    -0.0914      1.831   889.4346 9.8691e+02     2.0971     -0.579     -0.840    13.1876 0.0000e+00
     -0.590 -2.032e-07     9.4235     89.856      0.742   0.566775    -0.0776      1.597   888.4572 9.8792e+02     2.0551     -0.579     -0.840    13.1825 0.0000e+00
     -0.590 -2.032e-07     9.4287     89.881      0.757   0.578300    -0.0580     -0.062   887.4561 9.5019e+02     2.1118     -0.579     -0.840    13.1795 0.0000e+00
     -0.590 -1.847e-08     9.4287     89.899      0.774   0.590855    -0.0531     -1.741   887.9122 8.6871e+02     1.9964     -0.579     -0.839    13.1789 0.0000e+00
     -0.590 -1.663e-09     9.4267     89.926      0.775   0.591894    -0.0688     -2.303   895.9515 7.6653e+02     1.7191     -0.579     -0.840    13.1795 0.0000e+00
     -0.590 2.4667e-11     9.4292     89.960      0.773   0.590855    -0.0811     -1.525   983.3679 6.7824e+02     1.5610     -0.579     -0.840    13.1812 0.0000e+00
     -0.590 1.9371e-09     9.4328     89.978      0.757   0.578302    -0.0518      0.775  1143.8308 6.3276e+02     1.5878     -0.579     -0.839    13.1828 0.0000e+00
     -0.590 2.1460e-08     9.4326     89.979      0.742   0.566795     0.2762      3.616  1231.4627 6.2412e+02     1.9060     -0.579     -0.839    13.1844 0.0000e+00
     -0.590 2.3607e-07     9.4352     89.988      0.757   0.578400     0.8392      5.632  1239.3967 6.3694e+02     2.4026     -0.579     -0.840    13.1855 0.0000e+00
     -0.590      0.000     9.4402     90.000      0.775   0.591937     1.1199      6.725  1239.7601 6.5604e+02     2.7070     -0.579     -0.840    13.1874 0.0000e+00
     -0.590      0.000     9.4416     89.997      0.790   0.603790     1.1490      7.313  1235.8562 6.7569e+02     2.8537     -0.579     -0.839    13.1880 0.0000e+00
     -0.590      0.000     9.4399     89.996      0.943   0.721718     1.1745      7.619  1192.1957 7.0202e+02     2.8791     -0.579     -0.840    13.1905 0.0000e+00
     -0.590      0.003     9.4411     90.006      2.290   1.764426     1.3954      7.617   711.8637 7.2729e+02     2.6377     -0.579     -0.840    13.1890 0.0000e+00
     -0.590      0.013     9.4437     89.999      8.329   6.496545     1.8467      7.392   247.8643 7.4672e+02     2.2922     -0.579     -0.840    13.1931 0.0000e+00
     -0.590      0.033     9.4424     89.947     21.418  16.942510     2.1277      7.374   401.6803 7.8123e+02     2.1514     -0.579     -0.838    13.1873 0.0000e+00
     -0.588      0.065     9.4404     89.872     34.438  27.601568     2.1633      7.637   357.2469 8.2893e+02     2.1299     -0.580     -0.840    13.1970 0.0000e+00
     -0.578      0.104     9.4453     89.861     39.393  31.966260     2.1697      7.890   114.5791 8.8424e+02     2.1011     -0.574     -0.832    13.1805 0.0000e+00
     -0.551      0.144     9.4130     90.152     39.470  32.365179     2.2129      8.045    91.1130 9.4899e+02     2.1801     -0.549     -0.796    13.3478 0.0000e+00
     -0.500      0.183     9.2505     90.634     39.255  32.425270     2.2690      8.150    85.7377 9.3447e+02     2.3327     -0.498     -0.721    14.0890 0.0000e+00
     -0.431      0.222     9.0651     90.815     39.205  32.566214     2.3078      8.233    81.7664 8.3180e+02     2.3748     -0.421     -0.611    14.9922 0.0000e+00
     -0.363      0.256     8.9271     90.785     39.525  32.991041     2.4149      8.304    80.2650 7.7736e+02     2.3134     -0.350     -0.509    15.6222 0.0000e+00
     -0.304      0.278     8.8717     90.964     39.847  33.374858     2.6155      8.367    79.9741 7.6746e+02     2.3075     -0.301     -0.437    16.0467 0.0000e+00
     -0.238      0.283     8.9073     91.448     39.678  33.273658     2.7353      8.428    78.9380 7.4209e+02     2.3719     -0.245     -0.356    16.3202 0.0000e+00
     -0.152      0.273     8.8713     92.087     39.263  32.909459     2.7479      8.487    77.3737 6.5610e+02     2.4436     -0.151     -0.219    16.5305 0.0000e+00
     -0.062      0.249     8.8083     92.735     38.899  32.587539     2.8103      8.539    76.6328 5.1305e+02     2.4221     -0.052     -0.075    16.7460 0.0000e+00
      0.012      0.212     8.7939     93.310     38.537  32.299611     2.9235      8.585    76.7776 4.3589e+02     2.3168      0.020      0.029    16.9150 0.0000e+00
      0.062      0.162     8.8408     93.820     38.169  32.029215     2.9926      8.630    77.5759 4.2214e+02     2.2979      0.068      0.099    16.9547 0.0000e+00
      0.090      0.105     8.9180     94.324     37.992  31.919256     3.0298      8.674    78.5411 4.0758e+02     2.3643      0.094      0.137    16.9018 0.0000e+00
      0.101      0.051     8.9898     94.736     38.036  31.985179     3.0404      8.715    79.4987 4.1160e+02     2.4024      0.104      0.151    16.8615 0.0000e+00
      0.100      0.012     9.0426     94.958     38.030  32.001619     3.0040      8.754    81.0671 4.3855e+02     2.3481      0.100      0.145    16.8914 0.0000e+00
      0.091     -0.011     9.0715     94.985     37.921  31.927744     2.9653      8.788    83.4804 4.6315e+02     2.2554      0.090      0.130    16.9547 0.0000e+00
      0.078     -0.020     9.1176     94.856     37.817  31.853246     2.9632      8.816    85.3610 4.8135e+02     2.2719      0.077      0.111    17.0090 0.0000e+00
      0.068     -0.020     9.1538     94.649     37.745  31.798701     2.9789      8.840    85.2214 4.8829e+02     2.3089      0.065      0.094    17.0447 0.0000e+00
      0.063     -0.016     9.1693     94.416     37.715  31.775770     3.0467      8.861    84.4587 4.8934e+02     2.2582      0.059      0.086    17.0702 0.0000e+00
      0.064     -0.011     9.1668     94.176     37.700  31.766302     3.1840      8.881    84.9160 5.0008e+02     2.2392      0.061      0.089    17.0969 0.0000e+00
      0.067     -0.006     9.1469     93.927     37.670  31.747661     3.2738      8.899    86.2766 5.0449e+02     2.2509      0.066      0.096    17.1135 0.0000e+00
      0.067     -0.002     9.1246     93.672     37.652  31.740714     3.3083      8.915    87.6588 4.9500e+02     2.2630      0.068      0.098    17.1196 0.0000e+00
      0.064      0.001     9.1009     93.505     37.650  31.745750     3.3934      8.930    88.5500 4.7450e+02     2.2484      0.063      0.092    17.1217 0.0000e+00
      0.060      0.003     9.0776     93.763     37.641  31.745124     3.5036      8.945    88.4487 4.5827e+02     2.1089      0.058      0.085    17.1244 0.0000e+00
      0.060      0.004     9.0521     94.741     37.615  31.733145     3.5417      8.958    87.6385 4.6127e+02     1.9758      0.058      0.084    17.1346 0.0000e+00
      0.063      0.004     9.0239     96.032     37.594  31.727800     3.5294      8.970    87.0994 4.6572e+02     1.9373      0.061      0.088    17.1476 0.0000e+00
      0.069      0.004     8.9951     96.757     37.597  31.743946     3.5463      8.983    87.3511 4.5443e+02     2.0198      0.068      0.099    17.1554 0.0000e+00
      0.074      0.003     8.9976     96.396     37.576  31.738072     3.5962      8.996    88.4448 4.3707e+02     2.2213      0.076      0.110    17.1622 0.0000e+00
      0.073      0.003     9.1061     94.943     37.542  31.720239     3.6166      9.009    89.6545 4.3704e+02     2.2894      0.073      0.105    17.1747 0.0000e+00
      0.068      0.003     9.2677     92.653     37.528  31.718658     3.6095      9.021    90.1043 4.5648e+02     2.2293      0.064      0.094    17.1933 0.0000e+00
      0.065      0.003     9.3495     89.885     37.518  31.718967     3.7015      9.034    90.0969 4.6732e+02     2.2455      0.061      0.089    17.2127 0.0000e+00
      0.067      0.006     9.3087     86.888     37.518  31.723987     3.8814      9.048    90.4255 4.5702e+02     2.3144      0.065      0.094    17.2288 0.0000e+00
      0.072      0.011     9.1585     83.924     37.506  31.715922     3.9702      9.064    91.1522 4.4802e+02     2.3459      0.072      0.104    17.2424 0.0000e+00
      0.076      0.017     8.9201     81.476     37.467  31.684893     3.9669      9.079    91.7417 4.5199e+02     2.3184      0.076      0.110    17.2566 0.0000e+00
      0.081      0.022     8.6440     79.797     37.444  31.666013     4.0333      9.092    92.2187 4.4913e+02     2.2901      0.078      0.114    17.2688 0.0000e+00
