Data/DataNotYetUploadedToEDI/Raw_CTD/RawDownloads/042026_fcr10_S7809018.cnv
* Sea-Bird SBE19plus  Data File:
* FileName = C:\R\Reservoirs\Data\DataNotYetUploadedToEDI\Raw_CTD\RawDownloads\051126_FCR_50_S7809_0018.hex
* Software version 2.8.0.119
* Temperature SN = 7809
* Conductivity SN = 7809
* System UpLoad Time = May 11 2026 15:38:49
* <ApplicationData>
* <Seaterm232>
# nquan = 15
# nvalues = 1198                        
# units = specified
# name 0 = depFM: Depth [fresh water, m]
# name 1 = dz/dtM: Descent Rate [m/s]
# name 2 = sbeox0Mg/L: Oxygen, SBE 43 [mg/l]
# name 3 = sbeox0PS: Oxygen, SBE 43 [% saturation]
# name 4 = specc: Specific Conductance [uS/cm]
# name 5 = c0uS/cm: Conductivity [uS/cm]
# name 6 = flECO-AFL: Fluorescence, WET Labs ECO-AFL/FL [mg/m^3]
# name 7 = ph: pH
# name 8 = orp: Oxidation Reduction Potential [mV]
# name 9 = par/sat/log: PAR/Logarithmic, Satlantic
# name 10 = turbWETntu0: Turbidity, WET Labs ECO [NTU]
# name 11 = prdM: Pressure, Strain Gauge [db]
# name 12 = prdE: Pressure, Strain Gauge [psi]
# name 13 = tv290C: Temperature [ITS-90, deg C]
# name 14 = flag:  0.000e+00
# span 0 =     -0.590,      9.547       
# span 1 =     -0.102,      0.283       
# span 2 =     2.1024,    12.5786       
# span 3 =     17.800,    119.273       
# span 4 =      0.739,    167.531       
# span 5 =   0.564493, 107.991266       
# span 6 =    -0.2835,    24.5258       
# span 7 =     -2.451,     11.138       
# span 8 = -1240.7383,  1239.7601       
# span 9 = 1.2369e-01, 2.1416e+03       
# span 10 =    -0.2666,   120.3608      
# span 11 =     -0.580,      9.366      
# span 12 =     -0.840,     13.585      
# span 13 =     7.2278,    17.6673      
# span 14 = 0.0000e+00, 0.0000e+00      
# interval = seconds: 0.25
# start_time = Apr 20 2026 10:37:58 [Instrument's time stamp, header]
# bad_flag = -9.990e-29
*END*
[from data line 193]
      0.129     -0.005     9.5392     96.052     37.300  31.796961     2.9674      9.758    99.5386 3.9276e+02     2.2909      0.125      0.181    17.6107 0.0000e+00
      0.131      0.000     9.4361     95.437     37.316  31.812666     2.9765      9.762    99.3885 3.7472e+02     2.3586      0.129      0.187    17.6124 0.0000e+00
      0.134      0.004     9.3308     94.941     37.296  31.797090     2.9738      9.767    99.2949 3.7372e+02     2.2438      0.132      0.191    17.6143 0.0000e+00
      0.136      0.006     9.2270     94.573     37.297  31.798947     2.9438      9.771    99.3531 3.9076e+02     2.1327      0.133      0.193    17.6166 0.0000e+00
      0.136      0.006     9.1600     94.289     37.337  31.835122     2.9044      9.775    99.5761 3.9173e+02     2.0745      0.134      0.194    17.6197 0.0000e+00
      0.136      0.004     9.1011     94.047     37.357  31.853855     2.8965      9.779    99.8407 3.7263e+02     2.1202      0.133      0.193    17.6221 0.0000e+00
      0.137      0.001     9.0517     93.869     37.333  31.835138     2.9154      9.782   100.0570 3.5656e+02     2.1388      0.134      0.195    17.6236 0.0000e+00
      0.140     -0.001     9.0186     93.756     37.289  31.799132     2.9003      9.784   100.1261 3.4706e+02     2.0948      0.137      0.200    17.6250 0.0000e+00
      0.141     -0.002     8.9939     93.688     37.288  31.799132     2.8632      9.787   100.0745 3.3821e+02     2.1685      0.140      0.204    17.6279 0.0000e+00
      0.138     -0.001     8.9672     93.654     37.331  31.835139     2.8504      9.792   100.1213 3.3186e+02     2.3129      0.137      0.199    17.6315 0.0000e+00
      0.133      0.000     8.9500     93.611     37.353  31.853856     2.8532      9.797   100.2615 3.2778e+02     2.3717      0.129      0.188    17.6339 0.0000e+00
      0.131      0.001     8.9412     93.571     37.331  31.835122     2.8555      9.801   100.3080 3.2388e+02     2.2994      0.127      0.185    17.6355 0.0000e+00
      0.134      0.003     8.9323     93.569     37.288  31.798950     2.8706      9.805   100.3390 3.2010e+02     2.1902      0.132      0.191    17.6356 0.0000e+00
      0.139      0.005     8.9337     93.578     37.286  31.797130     2.9269      9.808   100.2920 3.1936e+02     2.2122      0.136      0.198    17.6350 0.0000e+00
      0.142      0.005     8.9280     93.565     37.306  31.813117     2.9783      9.811   100.2559 3.3485e+02     2.3258      0.139      0.203    17.6349 0.0000e+00
      0.143      0.004     8.9217     93.527     37.292  31.801936     2.9929      9.814   100.5905 3.8233e+02     2.3689      0.141      0.205    17.6349 0.0000e+00
      0.143      0.003     8.9237     93.468     37.276  31.788813     3.0707      9.816   101.0676 4.0413e+02     2.3237      0.140      0.204    17.6352 0.0000e+00
      0.142      0.002     8.9259     93.412     37.266  31.781330     3.2115      9.819   101.3789 3.5285e+02     2.2564      0.139      0.202    17.6345 0.0000e+00
      0.142      0.001     8.9245     93.398     37.257  31.774896     3.2964      9.822   101.6004 3.0063e+02     2.2728      0.138      0.201    17.6332 0.0000e+00
      0.143      0.001     8.9209     93.433     37.256  31.774466     3.3396      9.824   101.7681 2.8233e+02     2.3519      0.141      0.204    17.6339 0.0000e+00
      0.144      0.001     8.9145     93.489     37.258  31.776130     3.4431      9.826   102.0297 2.7510e+02     2.3241      0.143      0.207    17.6357 0.0000e+00
      0.144      0.001     8.9067     93.534     37.281  31.795015     3.5984      9.829   102.4405 2.7337e+02     2.2100      0.142      0.206    17.6370 0.0000e+00
      0.143      0.001     8.9048     93.539     37.302  31.812486     3.6862      9.831   102.8635 2.6837e+02     2.1685      0.140      0.204    17.6385 0.0000e+00
      0.143      0.000     8.9096     93.508     37.284  31.797058     3.7139      9.833   103.2721 2.6275e+02     2.2322      0.140      0.203    17.6395 0.0000e+00
      0.144 1.9718e-10     8.9158     93.488     37.287  31.798790     3.7914      9.836   103.5955 2.6088e+02     2.3300      0.141      0.205    17.6391 0.0000e+00
      0.144 2.1690e-09     8.9210     93.493     37.328  31.833420     3.8989      9.838   103.7611 2.5888e+02     2.3266      0.143      0.207    17.6382 0.0000e+00
      0.144 2.3859e-08     8.9228     93.510     37.331  31.835136     3.9405      9.840   103.8986 2.5783e+02     2.2256      0.142      0.205    17.6377 0.0000e+00
      0.143 2.6245e-07     8.9165     93.550     37.314  31.819536     3.9368      9.843   104.2246 2.5702e+02     2.2020      0.141      0.204    17.6375 0.0000e+00
      0.143      0.000     8.9145     93.587     37.334  31.835120     3.9788      9.846   104.6924 2.5793e+02     2.2802      0.141      0.204    17.6369 0.0000e+00
      0.143      0.000     8.9170     93.603     37.333  31.833249     4.0578      9.848   105.0804 2.6453e+02     2.3514      0.140      0.203    17.6360 0.0000e+00
      0.143      0.001     8.9166     93.638     37.289  31.796910     4.0932      9.849   105.3874 2.7379e+02     2.3119      0.140      0.204    17.6347 0.0000e+00
      0.143      0.002     8.9223     93.683     37.264  31.776372     4.0736      9.850   105.6523 2.9051e+02     2.2116      0.141      0.204    17.6332 0.0000e+00
      0.144      0.002     8.9283     93.692     37.262  31.775242     4.0455      9.852   105.8729 3.1371e+02     2.1977      0.142      0.205    17.6316 0.0000e+00
      0.145      0.002     8.9263     93.663     37.271  31.783250     4.0194      9.855   105.9909 3.3578e+02     2.2805      0.142      0.206    17.6303 0.0000e+00
      0.146      0.001     8.9306     93.622     37.301  31.809761     3.9906      9.857   105.9600 3.4688e+02     2.3926      0.143      0.208    17.6306 0.0000e+00
      0.146      0.001     8.9373     93.604     37.338  31.842041     3.9644      9.859   106.0148 3.3449e+02     2.3920      0.144      0.208    17.6323 0.0000e+00
      0.146      0.000     8.9369     93.619     37.353  31.856354     3.9437      9.861   106.1374 3.2175e+02     2.2735      0.144      0.208    17.6337 0.0000e+00
      0.146 4.3182e-07     8.9338     93.637     37.353  31.855939     3.9564      9.863   106.0663 3.1527e+02     2.2584      0.143      0.207    17.6346 0.0000e+00
      0.145      0.000     8.9277     93.653     37.331  31.837029     4.0013      9.864   105.8431 2.9780e+02     2.3116      0.143      0.207    17.6355 0.0000e+00
      0.145      0.000     8.9253     93.696     37.309  31.818022     4.0291      9.864   105.5891 2.8786e+02     2.3015      0.142      0.206    17.6367 0.0000e+00
      0.145      0.001     8.9283     93.739     37.308  31.816435     4.0348      9.864   105.4044 2.9011e+02     2.2725      0.142      0.206    17.6379 0.0000e+00
      0.146      0.001     8.9304     93.740     37.309  31.817837     4.0873      9.866   105.5037 2.8615e+02     2.2691      0.142      0.206    17.6381 0.0000e+00
      0.147      0.002     8.9299     93.733     37.329  31.834980     4.1974      9.868   105.7567 2.7756e+02     2.3287      0.144      0.208    17.6371 0.0000e+00
      0.148      0.002     8.9350     93.747     37.326  31.833405     4.2599      9.869   106.1405 2.7251e+02     2.3444      0.145      0.210    17.6363 0.0000e+00
      0.148      0.002     8.9429     93.755     37.284  31.798788     4.2594      9.871   106.6165 2.7029e+02     2.2540      0.145      0.210    17.6361 0.0000e+00
      0.148      0.001     8.9399     93.750     37.282  31.797058     4.2743      9.874   106.6935 2.6905e+02     2.1918      0.145      0.210    17.6364 0.0000e+00
      0.148      0.000     8.9373     93.745     37.300  31.812487     4.3157      9.877   106.4702 2.6867e+02     2.2411      0.145      0.210    17.6371 0.0000e+00
      0.148      0.000     8.9413     93.759     37.279  31.795032     4.3521      9.879   106.2392 2.6962e+02     2.3374      0.145      0.211    17.6386 0.0000e+00
      0.148      0.001     8.9406     93.794     37.257  31.776313     4.3645      9.882   106.0510 2.7092e+02     2.3319      0.146      0.212    17.6397 0.0000e+00
      0.148      0.002     8.9408     93.825     37.257  31.776482     4.3664      9.884   106.0017 2.7046e+02     2.2430      0.145      0.210    17.6400 0.0000e+00
      0.148      0.002     8.9387     93.846     37.282  31.797072     4.3989      9.887   106.0736 2.6971e+02     2.2525      0.145      0.210    17.6400 0.0000e+00
      0.149      0.002     8.9401     93.867     37.327  31.834949     4.4334      9.889   106.0594 2.7089e+02     2.3442      0.145      0.210    17.6398 0.0000e+00
      0.150      0.002     8.9447     93.876     37.349  31.853822     4.4339      9.891   105.7446 2.7152e+02     2.3612      0.147      0.214    17.6399 0.0000e+00
      0.152      0.002     8.9479     93.839     37.326  31.834949     4.4210      9.894   105.1929 2.7142e+02     2.2873      0.150      0.218    17.6401 0.0000e+00
      0.152      0.003     8.9493     93.789     37.281  31.797072     4.4029      9.896   104.7226 2.7305e+02     2.2026      0.150      0.218    17.6398 0.0000e+00
      0.150      0.004     8.9511     93.766     37.256  31.776482     4.4067      9.898   104.5326 2.7375e+02     2.2254      0.147      0.213    17.6389 0.0000e+00
      0.150      0.004     8.9555     93.761     37.254  31.776312     4.4333      9.900   104.5309 2.7160e+02     2.3243      0.145      0.211    17.6390 0.0000e+00
      0.152      0.004     8.9488     93.756     37.274  31.795014     4.4494      9.901   104.7878 2.6954e+02     2.3729      0.149      0.217    17.6405 0.0000e+00
      0.156      0.004     8.9423     93.755     37.292  31.812301     4.4603      9.900   105.2294 2.6799e+02     2.3349      0.154      0.223    17.6412 0.0000e+00
      0.158      0.004     8.9407     93.774     37.271  31.795013     4.4740      9.898   105.4829 2.6525e+02     2.2410      0.155      0.225    17.6415 0.0000e+00
      0.158      0.003     8.9408     93.806     37.249  31.776301     4.4980      9.898   105.5286 2.6406e+02     2.2278      0.155      0.224    17.6438 0.0000e+00
      0.157      0.002     8.9397     93.820     37.249  31.776367     4.5269      9.898   105.5245 2.6682e+02     2.3116      0.154      0.223    17.6468 0.0000e+00
      0.157      0.001     8.9379     93.809     37.271  31.795813     4.5148      9.898   105.6054 2.6967e+02     2.3312      0.154      0.223    17.6489 0.0000e+00
      0.158      0.001     8.9401     93.793     37.301  31.821109     4.4671      9.898   105.9045 2.6852e+02     2.2599      0.154      0.224    17.6495 0.0000e+00
      0.159      0.001     8.9446     93.793     37.310  31.828463     4.4411      9.900   106.2156 2.6532e+02     2.2355      0.156      0.227    17.6498 0.0000e+00
      0.160      0.001     8.9463     93.813     37.301  31.821293     4.4515      9.903   106.2692 2.6519e+02     2.3095      0.158      0.229    17.6504 0.0000e+00
      0.160      0.001     8.9436     93.821     37.275  31.797862     4.4683      9.905   106.2090 2.6900e+02     2.3350      0.157      0.228    17.6506 0.0000e+00
      0.159      0.001     8.9423     93.811     37.277  31.798917     4.4610      9.907   106.1752 2.7218e+02     2.2364      0.156      0.227    17.6505 0.0000e+00
      0.159      0.001     8.9406     93.816     37.319  31.834040     4.4370      9.908   106.1190 2.7102e+02     2.1771      0.156      0.226    17.6504 0.0000e+00
      0.159      0.001     8.9453     93.834     37.329  31.841900     4.4275      9.910   106.2181 2.6692e+02     2.1991      0.155      0.225    17.6500 0.0000e+00
      0.159      0.001     8.9467     93.843     37.315  31.830506     4.4633      9.913   106.5126 2.6643e+02     2.2281      0.156      0.226    17.6490 0.0000e+00
      0.160      0.001     8.9430     93.838     37.306  31.823166     4.5213      9.915   106.5827 2.7033e+02     2.2545      0.157      0.228    17.6485 0.0000e+00
      0.162      0.000     8.9451     93.834     37.298  31.816590     4.5290      9.917   106.4630 2.7066e+02     2.2452      0.159      0.231    17.6471 0.0000e+00
      0.162      0.000     8.9472     93.830     37.295  31.814433     4.5062      9.920   106.5283 2.6750e+02     2.2184      0.160      0.232    17.6462 0.0000e+00
      0.161     -0.001     8.9488     93.815     37.275  31.797079     4.4960      9.923   106.6842 2.6819e+02     2.2031      0.158      0.230    17.6469 0.0000e+00
      0.159     -0.002     8.9468     93.815     37.275  31.797086     4.4631      9.925   106.6274 2.7224e+02     2.2317      0.155      0.226    17.6478 0.0000e+00
      0.159     -0.002     8.9462     93.832     37.295  31.814521     4.4089      9.926   106.4434 2.7448e+02     2.2911      0.155      0.225    17.6484 0.0000e+00
      0.159     -0.001     8.9475     93.841     37.299  31.817563     4.3729      9.929   106.5242 2.7348e+02     2.2717      0.157      0.227    17.6486 0.0000e+00
      0.159      0.000     8.9437     93.841     37.318  31.833878     4.3517      9.932   106.7438 2.7168e+02     2.2366      0.156      0.226    17.6484 0.0000e+00
      0.158      0.001     8.9438     93.842     37.303  31.821465     4.3615      9.934   106.8615 2.7166e+02     2.3106      0.155      0.225    17.6480 0.0000e+00
      0.158      0.001     8.9476     93.858     37.271  31.794347     4.3995      9.935   107.0010 2.7216e+02     2.3466      0.155      0.225    17.6478 0.0000e+00
      0.159      0.001     8.9476     93.889     37.306  31.823182     4.4199      9.936   106.9677 2.7317e+02     2.2613      0.156      0.226    17.6478 0.0000e+00
      0.160      0.001     8.9476     93.909     37.341  31.852922     4.4258      9.937   106.6310 2.7522e+02     2.2017      0.157      0.228    17.6479 0.0000e+00
      0.160      0.001     8.9467     93.913     37.322  31.836737     4.4375      9.940   106.4576 2.7543e+02     2.2412      0.157      0.228    17.6482 0.0000e+00
      0.160      0.000     8.9481     93.919     37.300  31.817813     4.4534      9.943   106.5927 2.7546e+02     2.3291      0.157      0.227    17.6484 0.0000e+00
      0.159 4.2814e-07     8.9524     93.912     37.296  31.814430     4.4433      9.944   106.8009 2.7994e+02     2.3078      0.156      0.227    17.6483 0.0000e+00
      0.159      0.000     8.9550     93.880     37.274  31.795831     4.4065      9.945   106.9962 2.8862e+02     2.1885      0.156      0.227    17.6477 0.0000e+00
      0.159      0.000     8.9539     93.843     37.259  31.783249     4.3578      9.947   107.0609 2.9657e+02     2.1167      0.156      0.226    17.6470 0.0000e+00
      0.159      0.001     8.9552     93.809     37.265  31.789172     4.3122      9.949   106.9814 2.9891e+02     2.1230      0.156      0.226    17.6465 0.0000e+00
      0.159      0.001     8.9563     93.805     37.283  31.804008     4.3043      9.951   106.9812 2.9962e+02     2.1621      0.156      0.226    17.6467 0.0000e+00
      0.160      0.001     8.9503     93.836     37.320  31.835755     4.2959      9.953   107.0589 3.1427e+02     2.1116      0.157      0.228    17.6478 0.0000e+00
      0.161      0.001     8.9481     93.843     37.345  31.855838     4.2277      9.955   107.0603 3.6500e+02     2.0580      0.158      0.229    17.6485 0.0000e+00
      0.161      0.001     8.9432     93.818     37.345  31.856514     4.1530      9.957   107.0844 4.2136e+02     2.1637      0.158      0.229    17.6487 0.0000e+00
      0.160      0.001     8.9414     93.809     37.330  31.843927     4.1423      9.958   107.1782 4.1062e+02     2.2970      0.157      0.227    17.6483 0.0000e+00
      0.160      0.000     8.9489     93.838     37.314  31.830520     4.1565      9.960   107.2482 3.5077e+02     2.3030      0.156      0.227    17.6474 0.0000e+00
      0.161      0.000     8.9493     93.884     37.303  31.821295     4.1495      9.964   107.2412 3.1252e+02     2.2359      0.157      0.228    17.6471 0.0000e+00
