Data/DataNotYetUploadedToEDI/Raw_CTD/RawDownloads/042026_FCR_20_S7809019.cnv
* Sea-Bird SBE19plus  Data File:
* FileName = C:\R\Reservoirs\Data\DataNotYetUploadedToEDI\Raw_CTD\RawDownloads\051126_FCR_50_S7809_0019.hex
* Software version 2.8.0.119
* Temperature SN = 7809
* Conductivity SN = 7809
* System UpLoad Time = May 11 2026 15:39:05
* <ApplicationData>
* <Seaterm232>
# nquan = 15
# nvalues = 475                         
# units = specified
# name 0 = depFM: Depth [fresh water, m]
# name 1 = dz/dtM: Descent Rate [m/s]
# name 2 = sbeox0Mg/L: Oxygen, SBE 43 [mg/l]
# name 3 = sbeox0PS: Oxygen, SBE 43 [% saturation]
# name 4 = specc: Specific Conductance [uS/cm]
# name 5 = c0uS/cm: Conductivity [uS/cm]
# name 6 = flECO-AFL: Fluorescence, WET Labs ECO-AFL/FL [mg/m^3]
# name 7 = ph: pH
# name 8 = orp: Oxidation Reduction Potential [mV]
# name 9 = par/sat/log: PAR/Logarithmic, Satlantic
# name 10 = turbWETntu0: Turbidity, WET Labs ECO [NTU]
# name 11 = prdM: Pressure, Strain Gauge [db]
# name 12 = prdE: Pressure, Strain Gauge [psi]
# name 13 = tv290C: Temperature [ITS-90, deg C]
# name 14 = flag:  0.000e+00
# span 0 =     -0.553,      2.143       
# span 1 =     -0.119,      0.285       
# span 2 =     3.6413,    11.1201       
# span 3 =     37.923,     99.289       
# span 4 =     37.468,    204.154       
# span 5 =  31.567194, 147.780681       
# span 6 =    -0.0988,    62.9631       
# span 7 =      5.877,      9.977       
# span 8 =    -6.1960,   121.4116       
# span 9 = 2.9635e+01, 5.3827e+02       
# span 10 =     0.5293,   130.6317      
# span 11 =     -0.553,      2.102      
# span 12 =     -0.801,      3.048      
# span 13 =     9.6626,    17.4132      
# span 14 = 0.0000e+00, 0.0000e+00      
# interval = seconds: 0.25
# start_time = Apr 20 2026 11:10:42 [Instrument's time stamp, header]
# bad_flag = -9.990e-29
*END*
[from data line 193]
      0.413     -0.001     7.0952     72.197    190.868 137.016117     3.7044      9.675    97.6224 2.0270e+02     2.0922      0.404      0.586    10.8496 0.0000e+00
      0.413     -0.000     7.2804     74.129    191.532 137.547181     3.7077      9.679    97.7602 2.0309e+02     2.1488      0.405      0.587    10.8545 0.0000e+00
      0.414 -1.443e-08     7.5030     75.736    192.170 138.060052     3.7208      9.683    97.8652 2.0219e+02     2.1311      0.406      0.588    10.8638 0.0000e+00
      0.414 -1.587e-07     7.7455     76.969    192.970 138.689422     3.7381      9.686    97.9452 2.0142e+02     2.1511      0.406      0.589    10.8761 0.0000e+00
      0.414 2.8477e-07     7.9845     77.799    193.998 139.480994     3.7346      9.690    98.1248 2.0128e+02     2.1866      0.407      0.590    10.8900 0.0000e+00
      0.414      0.000     8.2023     78.252    195.059 140.296644     3.7278      9.694    98.3160 2.0166e+02     2.1836      0.406      0.589    10.9043 0.0000e+00
      0.413      0.000     8.3760     78.420    195.912 140.961789     3.7403      9.698    98.3641 2.0307e+02     2.1497      0.405      0.588    10.9188 0.0000e+00
      0.413      0.001     8.5127     78.387    196.540 141.464090     3.7604      9.702    98.4484 2.0359e+02     2.0835      0.405      0.587    10.9330 0.0000e+00
      0.413      0.002     8.5999     78.221    197.172 141.968966     3.7714      9.705    98.6468 2.0322e+02     1.9979      0.405      0.588    10.9466 0.0000e+00
      0.413      0.004     8.6429     77.968    197.893 142.537541     3.7725      9.708    98.8703 2.0329e+02     1.9349      0.405      0.587    10.9600 0.0000e+00
      0.414      0.004     8.6555     77.662    198.441 142.980702     3.7576      9.710    99.0854 2.0254e+02     1.9029      0.405      0.587    10.9732 0.0000e+00
      0.416      0.003     8.6467     77.341    198.740 143.244855     3.7488      9.712    99.1832 2.0116e+02     1.9182      0.408      0.591    10.9860 0.0000e+00
      0.420      0.002     8.6241     77.036    198.937 143.435049     3.7503      9.715    99.1927 2.0054e+02     1.9489      0.412      0.598    10.9986 0.0000e+00
      0.421     -0.001     8.5927     76.753    199.040 143.558062     3.7416      9.718    99.2859 2.0046e+02     1.9318      0.414      0.600    11.0112 0.0000e+00
      0.420     -0.006     8.5550     76.476    199.097 143.647820     3.7434      9.720    99.3638 2.0004e+02     1.8831      0.412      0.598    11.0234 0.0000e+00
      0.417     -0.011     8.5153     76.174    199.178 143.754873     3.7560      9.724    99.3595 1.9958e+02     1.8721      0.409      0.593    11.0356 0.0000e+00
      0.412     -0.013     8.4801     75.873    199.307 143.895622     3.7608      9.728    99.4921 2.0063e+02     1.9012      0.404      0.586    11.0478 0.0000e+00
      0.407     -0.013     8.4463     75.675    199.577 144.137620     3.7592      9.731    99.7631 2.0328e+02     1.9274      0.399      0.580    11.0600 0.0000e+00
      0.402     -0.011     8.4158     75.581    200.030 144.511979     3.7615      9.734    99.8825 2.0712e+02     1.9840      0.393      0.571    11.0723 0.0000e+00
      0.397     -0.008     8.3803     75.455    200.696 145.041001     3.7809      9.737    99.8171 2.0983e+02     2.0733      0.388      0.562    11.0843 0.0000e+00
      0.397     -0.004     8.3379     75.267    201.611 145.749464     3.8099      9.740    99.9191 2.0944e+02     2.1191      0.388      0.563    11.0963 0.0000e+00
      0.399     -0.001     8.3130     75.158    202.592 146.506986     3.8297      9.743   100.2554 2.0819e+02     2.1277      0.393      0.569    11.1082 0.0000e+00
      0.400      0.002     8.3093     75.129    203.372 147.118592     3.8372      9.745   100.4423 2.0746e+02     2.1436      0.394      0.570    11.1199 0.0000e+00
      0.400      0.003     8.2959     74.987    203.874 147.529987     3.8600      9.748   100.4578 2.0690e+02     2.1396      0.392      0.568    11.1318 0.0000e+00
      0.401      0.002     8.2630     74.751    204.154 147.780681     3.8966      9.750   100.4431 2.0597e+02     2.1143      0.392      0.569    11.1437 0.0000e+00
      0.402      0.001     8.2452     74.536    204.010 147.725246     3.9135      9.751   100.4364 2.0427e+02     2.1116      0.394      0.572    11.1554 0.0000e+00
      0.403      0.001     8.2577     74.323    202.484 146.668381     3.9144      9.753   100.5487 2.0284e+02     2.1403      0.396      0.574    11.1673 0.0000e+00
      0.403      0.001     8.2343     74.113    196.004 142.020259     3.9065      9.756   100.6823 2.0300e+02     2.1193      0.396      0.574    11.1791 0.0000e+00
      0.402      0.000     8.1976     73.909    180.396 130.751852     3.8937      9.759   100.7604 2.0380e+02     2.0286      0.395      0.572    11.1908 0.0000e+00
      0.402     -0.001     8.1782     73.679    159.206 115.429861     3.8842      9.762   100.8049 2.0445e+02     1.9320      0.394      0.572    11.2027 0.0000e+00
      0.402     -0.001     8.1498     73.436    140.542 101.931312     3.8751      9.764   100.8762 2.0476e+02     1.8743      0.394      0.572    11.2145 0.0000e+00
      0.402      0.000     8.1243     73.225    127.053  92.178710     3.8502      9.767   101.0201 2.0513e+02     1.8776      0.394      0.571    11.2269 0.0000e+00
      0.402 -1.846e-08     8.1028     73.007    118.123  85.728317     3.8164      9.770   101.1689 2.0663e+02     1.9375      0.394      0.572    11.2386 0.0000e+00
      0.402 -2.031e-07     8.0759     72.765    113.162  82.155407     3.8163      9.772   101.2985 2.0763e+02     2.0519      0.394      0.572    11.2501 0.0000e+00
      0.402 -2.031e-07     8.0427     72.547    110.797  80.464156     3.8406      9.775   101.3823 2.0618e+02     2.1329      0.395      0.572    11.2616 0.0000e+00
      0.402 -1.846e-08     8.0218     72.377    104.393  75.836926     3.8605      9.778   101.4938 2.0374e+02     2.0974      0.395      0.572    11.2740 0.0000e+00
      0.402 -1.678e-09     7.9975     72.242     88.015  63.966478     3.8733      9.779   101.7006 2.0277e+02     1.9980      0.395      0.572    11.2851 0.0000e+00
      0.402 -1.526e-10     7.9646     72.317     69.182  50.375641     3.8632      9.779   101.9037 2.0374e+02     1.9561      0.394      0.571    11.2982 0.0000e+00
      0.402 -1.387e-11     7.9391     72.664     56.168  41.167597     3.8552      9.779   102.0561 2.0488e+02     2.0355      0.395      0.572    11.3075 0.0000e+00
      0.402 -1.261e-12     7.9177     72.190     48.316  35.869459     3.8758      9.776   102.1666 2.0525e+02     2.1383      0.394      0.572    11.3230 0.0000e+00
      0.402 -1.146e-13     7.9036     69.652     44.133  33.342975     3.8952      9.771   102.2938 2.0594e+02     2.1397      0.395      0.573    11.3291 0.0000e+00
      0.402 -1.042e-14     7.8775     64.812     42.228  32.511748     3.8902      9.766   102.4755 2.0592e+02     2.0872      0.394      0.572    11.3539 0.0000e+00
      0.402 -9.475e-16     7.9268     57.579     41.142  32.227621     3.8739      9.762   102.6424 2.0533e+02     2.0498      0.394      0.571    11.6035 0.0000e+00
      0.402 -8.610e-17     7.8617     48.983     40.529  32.192140     3.8641      9.758   102.6771 2.0546e+02     1.9948      0.394      0.572    12.1083 0.0000e+00
      0.402 -7.830e-18     7.4461     41.714     40.124  32.210145     3.8635      9.756   102.7233 2.0572e+02     1.9343      0.394      0.571    12.7711 0.0000e+00
      0.402 -7.115e-19     6.8467     37.923     39.697  32.128515     3.8835      9.754   102.9430 2.0656e+02     1.9328      0.394      0.572    13.5303 0.0000e+00
      0.402 -6.470e-20     5.9798     38.164     39.321  32.030188     3.8980      9.752   103.1830 2.0775e+02     1.9769      0.394      0.571    14.2207 0.0000e+00
      0.402 -5.880e-21     4.9062     42.148     39.050  31.973108     3.8807      9.751   103.3870 2.0858e+02     1.9899      0.395      0.572    14.7602 0.0000e+00
      0.402 -5.345e-22     4.0521     49.049     38.858  31.946083     3.8741      9.751   103.5173 2.0827e+02     2.0212      0.393      0.571    15.1695 0.0000e+00
      0.402 -4.861e-23     3.6413     57.561     38.745  31.957341     3.8845      9.751   103.5537 2.0785e+02     2.0824      0.394      0.570    15.4868 0.0000e+00
      0.402 -4.420e-24     3.6554     66.350     38.673  31.982470     3.8819      9.751   103.5687 2.0787e+02     2.0462      0.394      0.571    15.7440 0.0000e+00
      0.402 -4.084e-25     4.0572     74.195     38.604  31.996260     3.8752      9.752   103.6133 2.0678e+02     1.9598      0.394      0.571    15.9506 0.0000e+00
      0.402 -1.096e-25     4.7772     80.214     38.532  31.997289     3.8789      9.753   103.7492 2.0661e+02     1.9598      0.395      0.572    16.1133 0.0000e+00
      0.402 -8.074e-25     5.6415     84.206     38.466  31.994985     3.8938      9.755   103.9205 2.0762e+02     2.0463      0.394      0.571    16.2439 0.0000e+00
      0.402 -8.845e-24     6.5339     86.513     38.377  31.968470     3.8973      9.756   103.9639 2.0770e+02     2.0833      0.394      0.572    16.3521 0.0000e+00
      0.402 -9.729e-23     7.3234     87.605     38.280  31.930505     3.8792      9.758   103.9289 2.0853e+02     2.0309      0.394      0.571    16.4419 0.0000e+00
      0.402 -1.070e-21     7.9029     87.902     38.219  31.916640     3.8822      9.759   104.1004 2.1035e+02     2.0277      0.394      0.571    16.5212 0.0000e+00
      0.402 -1.177e-20     8.2653     87.819     38.193  31.927752     3.9086      9.761   104.4023 2.1111e+02     2.0784      0.394      0.572    16.5879 0.0000e+00
      0.402 -1.295e-19     8.4616     87.629     38.171  31.938024     3.9237      9.762   104.5682 2.1066e+02     2.0974      0.395      0.573    16.6474 0.0000e+00
      0.402 -1.424e-18     8.5461     87.412     38.108  31.913996     3.9159      9.762   104.6431 2.0989e+02     2.0526      0.394      0.572    16.7056 0.0000e+00
      0.402 -1.567e-17     8.5498     87.227     38.038  31.891017     3.8727      9.763   104.7921 2.1046e+02     1.9814      0.394      0.571    16.7533 0.0000e+00
      0.402 -1.724e-16     8.5241     87.111     38.018  31.913984     3.8340      9.764   104.9934 2.1228e+02     1.9883      0.394      0.572    16.7945 0.0000e+00
      0.402 -1.896e-15     8.4996     87.008     38.005  31.937983     3.8380      9.765   105.0984 2.1277e+02     2.0672      0.394      0.571    16.8332 0.0000e+00
      0.402 -2.086e-14     8.4700     86.905     37.960  31.927475     3.8460      9.766   105.1140 2.1216e+02     2.1500      0.394      0.571    16.8655 0.0000e+00
      0.402 -2.294e-13     8.4409     86.847     37.920  31.913848     3.8316      9.768   105.1823 2.1242e+02     2.1350      0.393      0.570    16.9110 0.0000e+00
      0.402 -2.524e-12     8.4236     86.798     37.886  31.900119     3.8137      9.770   105.3217 2.1325e+02     2.0224      0.394      0.571    16.9708 0.0000e+00
      0.402 -2.776e-11     8.4063     86.708     37.859  31.888375     3.8210      9.770   105.4240 2.1310e+02     2.0184      0.394      0.571    17.0194 0.0000e+00
      0.402 -3.054e-10     8.3855     86.554     37.860  31.898744     3.8369      9.771   105.5586 2.1214e+02     2.0865      0.394      0.571    17.0535 0.0000e+00
      0.402 -3.359e-09     8.3787     86.319     37.850  31.898628     3.8228      9.774   105.6582 2.1221e+02     2.0267      0.394      0.571    17.0797 0.0000e+00
      0.402 -3.695e-08     8.3727     86.064     37.826  31.886988     3.7753      9.775   105.6817 2.1462e+02     1.9092      0.395      0.572    17.0982 0.0000e+00
      0.402 -4.064e-07     8.3608     85.861     37.814  31.884889     3.7207      9.776   105.8431 2.1635e+02     1.8959      0.394      0.572    17.1116 0.0000e+00
      0.402     -0.000     8.3473     85.737     37.792  31.873249     3.7114      9.777   106.0601 2.1533e+02     1.9693      0.394      0.572    17.1233 0.0000e+00
      0.402     -0.000     8.3188     85.702     37.784  31.873134     3.7374      9.779   106.1550 2.1568e+02     2.0452      0.394      0.572    17.1333 0.0000e+00
      0.402     -0.001     8.2896     85.733     37.790  31.883513     3.7281      9.780   106.2157 2.1686e+02     2.0618      0.394      0.571    17.1453 0.0000e+00
      0.402     -0.001     8.2676     85.780     37.771  31.871873     3.6987      9.781   106.2780 2.1722e+02     2.0329      0.394      0.571    17.1568 0.0000e+00
      0.401     -0.000     8.2542     85.853     37.754  31.859281     3.6902      9.783   106.3062 2.1743e+02     2.0024      0.394      0.571    17.1656 0.0000e+00
      0.401 -4.200e-07     8.2486     85.958     37.751  31.858146     3.6914      9.785   106.4702 2.1898e+02     2.0005      0.393      0.570    17.1747 0.0000e+00
      0.401     -0.000     8.2546     86.049     37.749  31.858146     3.7044      9.786   106.7124 2.2291e+02     2.0449      0.393      0.570    17.1821 0.0000e+00
      0.401     -0.000     8.2562     86.075     37.747  31.859279     3.7146      9.788   106.8256 2.2539e+02     2.0271      0.394      0.571    17.1870 0.0000e+00
      0.401     -0.001     8.2616     86.010     37.757  31.871846     3.7061      9.789   106.8931 2.2500e+02     1.9900      0.394      0.571    17.1897 0.0000e+00
      0.401     -0.001     8.2755     85.949     37.765  31.883223     3.7105      9.789   107.0115 2.2583e+02     2.0410      0.394      0.571    17.1909 0.0000e+00
      0.401      0.000     8.2824     85.899     37.745  31.869971     3.7430      9.791   107.0520 2.2878e+02     2.0966      0.393      0.570    17.1928 0.0000e+00
      0.400      0.003     8.2908     85.834     37.705  31.838500     3.7750      9.794   107.0395 2.2767e+02     2.0810      0.393      0.569    17.1962 0.0000e+00
      0.400      0.008     8.2740     85.831     37.681  31.819899     3.7715      9.797   107.1187 2.2238e+02     1.9894      0.391      0.567    17.2024 0.0000e+00
      0.400      0.012     8.2690     85.913     37.698  31.835381     3.7420      9.801   107.2346 2.1690e+02     1.9456      0.391      0.567    17.2089 0.0000e+00
      0.404      0.012     8.2671     86.023     37.695  31.835381     3.7270      9.803   107.3231 2.1422e+02     1.9956      0.395      0.572    17.2139 0.0000e+00
      0.412      0.008     8.2535     86.121     37.673  31.819897     3.7322      9.804   107.2421 2.1572e+02     1.9790      0.404      0.586    17.2173 0.0000e+00
      0.421     -0.001     8.2537     86.202     37.693  31.838497     3.7460      9.807   106.9433 2.1865e+02     1.9160      0.415      0.602    17.2177 0.0000e+00
      0.423     -0.015     8.2635     86.228     37.728  31.869954     3.7607      9.807   106.8073 2.2228e+02     1.8835      0.419      0.608    17.2192 0.0000e+00
      0.416     -0.031     8.2760     86.180     37.743  31.883058     3.7598      9.804   106.9743 2.2376e+02     1.8925      0.410      0.595    17.2235 0.0000e+00
      0.403     -0.042     8.2823     86.090     37.725  31.870054     3.7267      9.801   107.1559 2.2628e+02     1.9908      0.397      0.575    17.2277 0.0000e+00
      0.385     -0.046     8.2930     86.046     37.684  31.839608     3.6692      9.797   107.2831 2.3824e+02     2.0474      0.381      0.552    17.2313 0.0000e+00
      0.363     -0.044     8.2953     86.125     37.669  31.832135     3.6304      9.792   107.2218 2.5324e+02     1.9956      0.354      0.513    17.2322 0.0000e+00
      0.348     -0.044     8.2903     86.303     37.676  31.843136     3.6319      9.787   107.0166 2.5969e+02     1.9799      0.334      0.485    17.2311 0.0000e+00
      0.345     -0.049     8.2777     86.513     37.675  31.845747     3.6459      9.785   106.9530 2.6008e+02     2.0282      0.336      0.489    17.2347 0.0000e+00
      0.348     -0.064     8.2677     86.696     37.692  31.863714     3.6419      9.785   106.9695 2.6559e+02     2.0665      0.345      0.500    17.2421 0.0000e+00
