Data/DataNotYetUploadedToEDI/Raw_CTD/RawDownloads/042026_fcr30_S7809020.cnv
* Sea-Bird SBE19plus  Data File:
* FileName = C:\R\Reservoirs\Data\DataNotYetUploadedToEDI\Raw_CTD\RawDownloads\051126_FCR_50_S7809_0020.hex
* Software version 2.8.0.119
* Temperature SN = 7809
* Conductivity SN = 7809
* System UpLoad Time = May 11 2026 15:39:22
* <ApplicationData>
* <Seaterm232>
# nquan = 15
# nvalues = 459                         
# units = specified
# name 0 = depFM: Depth [fresh water, m]
# name 1 = dz/dtM: Descent Rate [m/s]
# name 2 = sbeox0Mg/L: Oxygen, SBE 43 [mg/l]
# name 3 = sbeox0PS: Oxygen, SBE 43 [% saturation]
# name 4 = specc: Specific Conductance [uS/cm]
# name 5 = c0uS/cm: Conductivity [uS/cm]
# name 6 = flECO-AFL: Fluorescence, WET Labs ECO-AFL/FL [mg/m^3]
# name 7 = ph: pH
# name 8 = orp: Oxidation Reduction Potential [mV]
# name 9 = par/sat/log: PAR/Logarithmic, Satlantic
# name 10 = turbWETntu0: Turbidity, WET Labs ECO [NTU]
# name 11 = prdM: Pressure, Strain Gauge [db]
# name 12 = prdE: Pressure, Strain Gauge [psi]
# name 13 = tv290C: Temperature [ITS-90, deg C]
# name 14 = flag:  0.000e+00
# span 0 =     -0.591,      2.579       
# span 1 =     -0.203,      0.281       
# span 2 =     5.9600,    11.5329       
# span 3 =     61.842,    112.929       
# span 4 =      2.560,     38.392       
# span 5 =   1.953506,  31.966992       
# span 6 =    -0.0898,   152.4942       
# span 7 =     -2.312,     13.401       
# span 8 =  -830.7837,  1240.2295       
# span 9 = 2.5128e+01, 6.8441e+02       
# span 10 =     1.0580,   227.7034      
# span 11 =     -0.580,      2.530      
# span 12 =     -0.841,      3.669      
# span 13 =    13.1336,    17.6679      
# span 14 = 0.0000e+00, 0.0000e+00      
# interval = seconds: 0.25
# start_time = Apr 20 2026 11:20:38 [Instrument's time stamp, header]
# bad_flag = -9.990e-29
*END*
[from data line 193]
      0.171      0.020     9.1158     92.111     37.398  31.898804     3.8755      9.875    93.2483 2.5375e+02     1.9680      0.171      0.248    17.6263 0.0000e+00
      0.178      0.010     9.0178     91.528     37.371  31.874479     3.8534      9.879    93.4924 2.5605e+02     1.9755      0.180      0.262    17.6335 0.0000e+00
      0.173      0.001     8.9256     91.033     37.373  31.873326     3.8265      9.881    93.7093 2.5951e+02     1.8709      0.173      0.251    17.6408 0.0000e+00
      0.160     -0.004     8.8435     90.650     37.388  31.884860     3.8330      9.882    93.8053 2.6409e+02     1.7958      0.155      0.223    17.6446 0.0000e+00
      0.151     -0.006     8.7798     90.350     37.390  31.887053     3.8567      9.885    93.8789 2.6763e+02     1.8183      0.143      0.207    17.6442 0.0000e+00
      0.152     -0.004     8.7261     90.078     37.404  31.899835     3.8641      9.887    94.0825 2.6709e+02     1.8362      0.148      0.214    17.6419 0.0000e+00
      0.161      0.001     8.6766     89.821     37.419  31.912530     3.8559      9.889    94.2026 2.6536e+02     1.8410      0.159      0.230    17.6382 0.0000e+00
      0.167      0.004     8.6425     89.605     37.424  31.913685     3.8241      9.890    94.2117 2.6541e+02     1.8424      0.166      0.240    17.6355 0.0000e+00
      0.168      0.005     8.6163     89.435     37.428  31.913790     3.8043      9.891    94.3654 2.6477e+02     1.8877      0.167      0.242    17.6364 0.0000e+00
      0.164      0.005     8.5902     89.295     37.429  31.913799     3.8159      9.891    94.5983 2.5879e+02     1.9106      0.161      0.233    17.6384 0.0000e+00
      0.159      0.004     8.5642     89.198     37.426  31.913791     3.8064      9.891    94.7904 2.4666e+02     1.8453      0.153      0.222    17.6386 0.0000e+00
      0.160      0.004     8.5437     89.154     37.423  31.913686     3.7892      9.891    94.9679 2.3234e+02     1.7816      0.155      0.225    17.6348 0.0000e+00
      0.167      0.001     8.5305     89.144     37.422  31.912542     3.8078      9.891    95.1954 2.2252e+02     1.8234      0.165      0.238    17.6281 0.0000e+00
      0.174     -0.006     8.5164     89.165     37.409  31.899959     3.8398      9.892    95.4765 2.2323e+02     1.9412      0.172      0.249    17.6261 0.0000e+00
      0.174     -0.022     8.5050     89.201     37.398  31.888425     3.8597      9.894    95.6131 2.3155e+02     1.9424      0.173      0.252    17.6317 0.0000e+00
      0.169     -0.052     8.5023     89.207     37.418  31.899960     3.8494      9.897    95.6426 2.4047e+02     1.8037      0.168      0.245    17.6364 0.0000e+00
      0.158     -0.092     8.5006     89.192     37.439  31.912543     3.7986      9.900    95.6608 2.5282e+02     1.7327      0.158      0.229    17.6349 0.0000e+00
      0.137     -0.135     8.5026     89.154     37.446  31.913687     3.7273      9.902    95.7467 2.7149e+02     1.8348      0.139      0.202    17.6332 0.0000e+00
      0.099     -0.172     8.5103     89.081     37.449  31.913791     3.6865      9.906    95.8209 3.1184e+02     1.9456      0.105      0.152    17.6305 0.0000e+00
      0.040     -0.197     8.5103     89.030     37.448  31.913801     3.6881      9.910    95.7839 3.8751e+02     1.9113      0.045      0.065    17.6224 0.0000e+00
     -0.035     -0.203     8.5104     89.065     37.442  31.913811     3.5966      9.912    95.9015 4.6149e+02     1.8299     -0.036     -0.052    17.6144 0.0000e+00
     -0.105     -0.187     8.5097     89.166     37.434  31.913915     3.4135      9.913    96.2109 5.0069e+02     1.8490     -0.112     -0.162    17.6094 0.0000e+00
     -0.157     -0.151     8.5005     89.275     37.429  31.915058     3.3302      9.916    96.5125 5.1899e+02     1.9378     -0.158     -0.228    17.6042 0.0000e+00
     -0.192     -0.104     8.4927     89.400     37.439  31.927641     3.3293      9.919    96.6230 5.3404e+02     1.9805     -0.194     -0.280    17.6032 0.0000e+00
     -0.209     -0.057     8.4952     89.550     37.450  31.939175     3.2446      9.922    96.6005 5.4194e+02     1.9210     -0.218     -0.315    17.6125 0.0000e+00
     -0.203     -0.016     8.5069     89.686     37.434  31.927641     3.0895      9.926    96.6700 5.3669e+02     1.8003     -0.201     -0.292    17.6243 0.0000e+00
     -0.189      0.015     8.5143     89.771     37.418  31.915068     3.0267      9.930    96.8615 5.3180e+02     1.7843     -0.180     -0.262    17.6316 0.0000e+00
     -0.182      0.037     8.5246     89.782     37.416  31.914028     3.0502      9.932    97.1099 5.3140e+02     1.8987     -0.178     -0.258    17.6361 0.0000e+00
     -0.176      0.049     8.5407     89.741     37.417  31.915077     3.1164      9.935    97.2634 5.2852e+02     1.9198     -0.177     -0.255    17.6384 0.0000e+00
     -0.164      0.052     8.5540     89.653     37.432  31.927755     3.2279      9.937    97.2559 5.2737e+02     1.8341     -0.163     -0.236    17.6405 0.0000e+00
     -0.144      0.051     8.5638     89.519     37.448  31.940431     3.2907      9.940    97.2765 5.3008e+02     1.7855     -0.140     -0.204    17.6426 0.0000e+00
     -0.124      0.048     8.5623     89.370     37.450  31.941471     3.3191      9.944    97.4265 5.3328e+02     1.8104     -0.119     -0.173    17.6437 0.0000e+00
     -0.109      0.042     8.5585     89.249     37.448  31.940318     3.3625      9.945    97.6064 5.3280e+02     1.8618     -0.104     -0.151    17.6441 0.0000e+00
     -0.102      0.033     8.5512     89.184     37.432  31.926496     3.3749      9.946    97.7319 5.2970e+02     1.8255     -0.099     -0.144    17.6429 0.0000e+00
     -0.098      0.023     8.5367     89.160     37.403  31.901226     3.3608      9.948    97.8254 5.2781e+02     1.7815     -0.096     -0.139    17.6411 0.0000e+00
     -0.095      0.016     8.5218     89.155     37.389  31.888540     3.3577      9.951    97.9621 5.2614e+02     1.7748     -0.093     -0.134    17.6405 0.0000e+00
     -0.093      0.013     8.5081     89.160     37.404  31.899979     3.3542      9.954    98.0943 5.2519e+02     1.7433     -0.092     -0.133    17.6412 0.0000e+00
     -0.091      0.012     8.5034     89.188     37.419  31.912657     3.3020      9.956    98.2189 5.2549e+02     1.7773     -0.091     -0.131    17.6417 0.0000e+00
     -0.087      0.013     8.5019     89.261     37.423  31.914954     3.2015      9.957    98.4363 5.2537e+02     1.8439     -0.086     -0.125    17.6411 0.0000e+00
     -0.082      0.014     8.5018     89.364     37.439  31.927744     3.1288      9.959    98.6580 5.2417e+02     1.8313     -0.080     -0.116    17.6397 0.0000e+00
     -0.079      0.015     8.5023     89.440     37.456  31.940422     3.1224      9.962    98.7490 5.2334e+02     1.8307     -0.077     -0.112    17.6382 0.0000e+00
     -0.076      0.015     8.5038     89.469     37.458  31.941367     3.1908      9.964    98.7615 5.2443e+02     1.9046     -0.075     -0.109    17.6376 0.0000e+00
     -0.072      0.013     8.5109     89.471     37.456  31.939164     3.2894      9.966    98.8090 5.2418e+02     1.9386     -0.071     -0.102    17.6369 0.0000e+00
     -0.067      0.010     8.5243     89.461     37.426  31.913791     3.3326      9.967    98.9797 5.2078e+02     1.9006     -0.065     -0.094    17.6350 0.0000e+00
     -0.062      0.008     8.5326     89.449     37.396  31.888332     3.3222      9.970    99.1910 5.1824e+02     1.8543     -0.060     -0.088    17.6329 0.0000e+00
     -0.061      0.006     8.5337     89.441     37.392  31.885098     3.3379      9.972    99.2982 5.1716e+02     1.8921     -0.059     -0.086    17.6317 0.0000e+00
     -0.062      0.006     8.5345     89.440     37.379  31.874698     3.3983      9.974    99.4155 5.1595e+02     1.9471     -0.062     -0.089    17.6311 0.0000e+00
     -0.063      0.007     8.5324     89.424     37.395  31.889455     3.4358      9.976    99.5768 5.1333e+02     1.9048     -0.064     -0.092    17.6316 0.0000e+00
     -0.063      0.009     8.5318     89.392     37.449  31.936658     3.4422      9.977    99.6996 4.6982e+02     1.8587     -0.063     -0.090    17.6319 0.0000e+00
     -0.059      0.009     8.5297     89.371     37.449  31.937917     3.4583      9.978    99.7823 3.9377e+02     1.8686     -0.058     -0.084    17.6320 0.0000e+00
     -0.053      0.009     8.5311     89.354     37.409  31.904667     3.4976      9.980    99.8887 3.6485e+02     1.9216     -0.052     -0.075    17.6329 0.0000e+00
     -0.047      0.008     8.5301     89.337     37.420  31.915276     3.5183      9.981   100.0385 3.7035e+02     1.9189     -0.045     -0.066    17.6342 0.0000e+00
     -0.045      0.010     8.5239     89.335     37.448  31.939308     3.5013      9.983   100.3029 3.7950e+02     1.8355     -0.043     -0.063    17.6356 0.0000e+00
     -0.047      0.024     8.5234     89.351     37.450  31.941492     3.4993      9.983   100.7630 4.0150e+02     1.7674     -0.046     -0.066    17.6372 0.0000e+00
     -0.050      0.051     8.5214     89.390     37.449  31.941682     3.5353      9.983   101.0418 4.1501e+02     1.7789     -0.049     -0.070    17.6393 0.0000e+00
     -0.050      0.088     8.5183     89.449     37.446  31.941606     3.5708      9.984   101.0061 4.0341e+02     1.8710     -0.053     -0.078    17.6406 0.0000e+00
     -0.032      0.128     8.5186     89.502     37.441  31.940569     3.5797      9.986   100.9337 3.6596e+02     1.8564     -0.048     -0.069    17.6412 0.0000e+00
      0.018      0.165     8.5198     89.540     37.424  31.929138     3.5672      9.988   100.9407 3.1916e+02     1.7396      0.011      0.016    17.6415 0.0000e+00
      0.087      0.191     8.5227     89.557     37.423  31.930281     3.5942      9.990   101.0909 2.8304e+02     1.7569      0.092      0.134    17.6422 0.0000e+00
      0.151      0.196     8.5299     89.547     37.448  31.954388     3.6822      9.992   101.2879 2.5351e+02     1.8943      0.149      0.215    17.6453 0.0000e+00
      0.210      0.176     8.5337     89.507     37.462  31.966867     3.7397      9.994   101.4287 2.2574e+02     1.9667      0.206      0.300    17.6496 0.0000e+00
      0.261      0.139     8.5371     89.428     37.447  31.954285     3.7409      9.996   101.5032 2.0519e+02     1.8797      0.263      0.382    17.6539 0.0000e+00
      0.292      0.098     8.5382     89.333     37.418  31.929135     3.7382      9.999   101.4993 1.9103e+02     1.7307      0.294      0.425    17.6578 0.0000e+00
      0.302      0.064     8.5364     89.233     37.405  31.916544     3.7647     10.002   101.6403 1.8157e+02     1.7377      0.301      0.437    17.6605 0.0000e+00
      0.299      0.041     8.5338     89.141     37.421  31.928919     3.8037     10.004   101.9169 1.7717e+02     1.8956      0.294      0.427    17.6619 0.0000e+00
      0.295      0.027     8.5244     89.083     37.447  31.951882     3.8265     10.006   102.0909 1.7512e+02     1.9665      0.285      0.414    17.6620 0.0000e+00
      0.299      0.020     8.5152     89.056     37.433  31.940434     3.8076     10.008   102.2821 1.7220e+02     1.8766      0.289      0.418    17.6611 0.0000e+00
      0.313      0.017     8.5065     89.061     37.407  31.917375     3.7503     10.011   102.4214 1.6860e+02     1.7656      0.307      0.445    17.6591 0.0000e+00
      0.327      0.014     8.4955     89.112     37.418  31.926830     3.7249     10.012   102.3986 1.6687e+02     1.7863      0.326      0.471    17.6579 0.0000e+00
      0.331      0.010     8.4912     89.221     37.419  31.927878     3.7416     10.013   102.5229 1.6653e+02     1.8878      0.328      0.476    17.6588 0.0000e+00
      0.327      0.003     8.4884     89.362     37.422  31.930052     3.7522     10.014   102.8054 1.6611e+02     1.8994      0.319      0.464    17.6590 0.0000e+00
      0.321     -0.003     8.4879     89.469     37.450  31.953120     3.7527     10.016   102.9756 1.6468e+02     1.8240      0.314      0.455    17.6590 0.0000e+00
      0.316     -0.005     8.4930     89.520     37.450  31.953025     3.7572     10.018   103.0315 1.6148e+02     1.7618      0.309      0.448    17.6590 0.0000e+00
      0.315     -0.003     8.5027     89.523     37.422  31.928910     3.7810     10.020   103.1379 1.5708e+02     1.7958      0.307      0.446    17.6587 0.0000e+00
      0.317      0.000     8.5209     89.470     37.406  31.915296     3.8076     10.021   103.3151 1.5275e+02     1.8593      0.311      0.450    17.6582 0.0000e+00
      0.321      0.002     8.5309     89.383     37.406  31.915296     3.7953     10.022   103.5392 1.4940e+02     1.8474      0.316      0.457    17.6569 0.0000e+00
      0.322      0.004     8.5351     89.312     37.422  31.928909     3.7662     10.023   103.7827 1.4723e+02     1.8567      0.318      0.461    17.6559 0.0000e+00
      0.321      0.004     8.5366     89.255     37.450  31.953016     3.7554     10.025   103.9352 1.4580e+02     1.8692      0.314      0.455    17.6556 0.0000e+00
      0.320      0.008     8.5309     89.175     37.450  31.953016     3.7563     10.026   104.1795 1.4280e+02     1.7928      0.313      0.454    17.6560 0.0000e+00
      0.321      0.021     8.5195     89.083     37.421  31.928909     3.7858     10.026   104.5849 1.3920e+02     1.7187      0.315      0.456    17.6564 0.0000e+00
      0.323      0.044     8.5131     89.025     37.404  31.915296     3.8285     10.026   104.9644 1.3879e+02     1.6903      0.318      0.460    17.6565 0.0000e+00
      0.327      0.070     8.5104     89.031     37.402  31.915296     3.8319     10.027   105.3275 1.3989e+02     1.7228      0.317      0.461    17.6566 0.0000e+00
      0.343      0.092     8.5014     89.084     37.416  31.928909     3.8269     10.028   105.6198 1.3792e+02     1.8388      0.326      0.473    17.6569 0.0000e+00
      0.382      0.107     8.4910     89.154     37.442  31.953016     3.8259     10.029   105.8305 1.3326e+02     1.9318      0.371      0.539    17.6570 0.0000e+00
      0.430      0.113     8.4839     89.246     37.441  31.953015     3.7941     10.031   106.0681 1.2846e+02     1.8900      0.427      0.619    17.6576 0.0000e+00
      0.470      0.112     8.4849     89.344     37.412  31.928898     3.7515     10.032   106.3416 1.2476e+02     1.7783      0.465      0.674    17.6605 0.0000e+00
      0.496      0.103     8.4910     89.418     37.396  31.915181     3.7181     10.033   106.6428 1.2311e+02     1.7770      0.491      0.713    17.6637 0.0000e+00
      0.510      0.089     8.4963     89.449     37.395  31.914038     3.7149     10.034   106.9578 1.2131e+02     1.8736      0.500      0.725    17.6653 0.0000e+00
      0.522      0.074     8.5055     89.427     37.397  31.915068     3.7295     10.036   107.2244 1.1751e+02     1.8871      0.508      0.736    17.6667 0.0000e+00
      0.541      0.063     8.5165     89.392     37.412  31.927640     3.7279     10.037   107.4564 1.1349e+02     1.8039      0.529      0.767    17.6679 0.0000e+00
      0.562      0.056     8.5230     89.379     37.426  31.939174     3.7214     10.038   107.6979 1.1096e+02     1.7554      0.555      0.805    17.6677 0.0000e+00
      0.579      0.052     8.5279     89.360     37.413  31.927640     3.7419     10.039   107.9079 1.0913e+02     1.8139      0.570      0.827    17.6673 0.0000e+00
      0.590      0.048     8.5238     89.312     37.399  31.915058     3.7929     10.040   108.1022 1.0689e+02     1.9304      0.579      0.840    17.6670 0.0000e+00
      0.597      0.046     8.5183     89.268     37.399  31.913923     3.8047     10.040   108.3259 1.0503e+02     1.9342      0.585      0.850    17.6662 0.0000e+00
      0.603      0.047     8.5192     89.257     37.400  31.913914     3.7762     10.041   108.5479 1.0450e+02     1.8251      0.590      0.855    17.6652 0.0000e+00
      0.613      0.052     8.5192     89.250     37.402  31.914954     3.7822     10.043   108.7224 1.0449e+02     1.8073      0.599      0.869    17.6642 0.0000e+00
