Data/DataNotYetUploadedToEDI/Raw_CTD/RawDownloads/042026_FCR_50_S7809022.cnv
* Sea-Bird SBE19plus  Data File:
* FileName = C:\R\Reservoirs\Data\DataNotYetUploadedToEDI\Raw_CTD\RawDownloads\051126_FCR_50_S7809_0022.hex
* Software version 2.8.0.119
* Temperature SN = 7809
* Conductivity SN = 7809
* System UpLoad Time = May 11 2026 15:40:16
* <ApplicationData>
* <Seaterm232>
# nquan = 15
# nvalues = 596                         
# units = specified
# name 0 = depFM: Depth [fresh water, m]
# name 1 = dz/dtM: Descent Rate [m/s]
# name 2 = sbeox0Mg/L: Oxygen, SBE 43 [mg/l]
# name 3 = sbeox0PS: Oxygen, SBE 43 [% saturation]
# name 4 = specc: Specific Conductance [uS/cm]
# name 5 = c0uS/cm: Conductivity [uS/cm]
# name 6 = flECO-AFL: Fluorescence, WET Labs ECO-AFL/FL [mg/m^3]
# name 7 = ph: pH
# name 8 = orp: Oxidation Reduction Potential [mV]
# name 9 = par/sat/log: PAR/Logarithmic, Satlantic
# name 10 = turbWETntu0: Turbidity, WET Labs ECO [NTU]
# name 11 = prdM: Pressure, Strain Gauge [db]
# name 12 = prdE: Pressure, Strain Gauge [psi]
# name 13 = tv290C: Temperature [ITS-90, deg C]
# name 14 = flag:  0.000e+00
# span 0 =     -0.586,      5.251       
# span 1 =     -0.135,      0.373       
# span 2 =     1.3215,    12.3680       
# span 3 =     11.157,    120.691       
# span 4 =      3.050,     41.694       
# span 5 =   2.264655,  31.937916       
# span 6 =    -0.1373,    19.0932       
# span 7 =      7.664,     11.137       
# span 8 =  -136.7021,   416.9667       
# span 9 = 1.8298e+00, 6.3872e+02       
# span 10 =     1.7787,   298.1835      
# span 11 =     -0.576,      5.151      
# span 12 =     -0.835,      7.470      
# span 13 =     7.5986,    17.7446      
# span 14 = 0.0000e+00, 0.0000e+00      
# interval = seconds: 0.25
# start_time = Apr 20 2026 11:51:55 [Instrument's time stamp, header]
# bad_flag = -9.990e-29
*END*
[from data line 579]
      5.245      0.002     1.7435     14.348     41.281  27.031038     0.0493     10.605   111.9783 2.5037e+00    25.8240      5.144      7.461     7.7235 0.0000e+00
      5.246      0.002     1.7305     14.298     41.254  27.029336     0.0259     10.600   111.8136 2.5049e+00    21.1661      5.144      7.461     7.7350 0.0000e+00
      5.246      0.002     1.7188     14.273     41.205  27.016754     0.0089     10.595   111.5192 2.5186e+00    20.7077      5.144      7.461     7.7300 0.0000e+00
      5.247      0.002     1.7166     14.246     41.165  27.005778    -0.0060     10.591   111.1727 2.5595e+00    20.5885      5.146      7.463     7.7255 0.0000e+00
      5.247      0.002     1.7114     14.192     41.180  27.023484    -0.0125     10.588   110.8930 2.5627e+00    19.1450      5.146      7.464     7.7334 0.0000e+00
      5.248      0.002     1.7005     14.123     41.194  27.040571    -0.0195     10.584   110.7188 2.4917e+00    16.5075      5.146      7.464     7.7561 0.0000e+00
      5.249      0.002     1.6998     14.054     41.149  27.022109    -0.0335     10.580   110.6146 2.3663e+00    15.0709      5.148      7.466     7.7851 0.0000e+00
      5.249      0.002     1.6965     13.993     41.083  26.990552    -0.0559     10.576   110.4074 2.2240e+00    14.8916      5.148      7.466     7.8030 0.0000e+00
      5.250      0.002     1.6892     13.959     41.040  26.976155    -0.0577     10.573   110.1069 2.1173e+00    13.9986      5.148      7.467     7.8086 0.0000e+00
      5.250      0.002     1.6794     13.943     41.014  26.974896    -0.0472     10.569   109.8207 2.0595e+00    12.1984      5.149      7.467     7.8176 0.0000e+00
      5.251      0.001     1.6712     13.912     40.994  26.975348    -0.0614     10.564   109.5277 2.0131e+00    11.0926      5.149      7.468     7.8328 0.0000e+00
      5.251      0.001     1.6618     13.892     40.991  26.981626    -0.0722     10.559   109.2322 1.9658e+00    10.9101      5.149      7.468     7.8468 0.0000e+00
      5.251      0.001     1.6566     13.892     40.996  26.987391    -0.0697     10.557   109.0868 1.9206e+00    10.8809      5.149      7.468     7.8618 0.0000e+00
      5.251 -9.990e-29     1.6585 -9.990e-29 -9.990e-29 -9.990e-29 -9.990e-29 -9.990e-29 -9.990e-29 1.8901e+00 -9.990e-29      5.150      7.469     7.8847 0.0000e+00
      5.251 -9.990e-29     1.6500 -9.990e-29 -9.990e-29 -9.990e-29 -9.990e-29 -9.990e-29 -9.990e-29 1.8743e+00 -9.990e-29      5.150      7.470     7.9031 0.0000e+00
      5.251 -9.990e-29     1.6467 -9.990e-29 -9.990e-29 -9.990e-29 -9.990e-29 -9.990e-29 -9.990e-29 1.8477e+00 -9.990e-29      5.150      7.469     7.9116 0.0000e+00
      5.251 -9.990e-29     1.6502 -9.990e-29 -9.990e-29 -9.990e-29 -9.990e-29 -9.990e-29 -9.990e-29 1.8298e+00 -9.990e-29      5.151      7.470     7.9153 0.0000e+00
