Data/DataNotYetUploadedToEDI/Raw_CTD/RawDownloads/042026_fcr30_S7809020.cnv
* Sea-Bird SBE19plus  Data File:
* FileName = C:\R\Reservoirs\Data\DataNotYetUploadedToEDI\Raw_CTD\RawDownloads\051126_FCR_50_S7809_0020.hex
* Software version 2.8.0.119
* Temperature SN = 7809
* Conductivity SN = 7809
* System UpLoad Time = May 11 2026 15:39:22
* <ApplicationData>
* <Seaterm232>
# nquan = 15
# nvalues = 459                         
# units = specified
# name 0 = depFM: Depth [fresh water, m]
# name 1 = dz/dtM: Descent Rate [m/s]
# name 2 = sbeox0Mg/L: Oxygen, SBE 43 [mg/l]
# name 3 = sbeox0PS: Oxygen, SBE 43 [% saturation]
# name 4 = specc: Specific Conductance [uS/cm]
# name 5 = c0uS/cm: Conductivity [uS/cm]
# name 6 = flECO-AFL: Fluorescence, WET Labs ECO-AFL/FL [mg/m^3]
# name 7 = ph: pH
# name 8 = orp: Oxidation Reduction Potential [mV]
# name 9 = par/sat/log: PAR/Logarithmic, Satlantic
# name 10 = turbWETntu0: Turbidity, WET Labs ECO [NTU]
# name 11 = prdM: Pressure, Strain Gauge [db]
# name 12 = prdE: Pressure, Strain Gauge [psi]
# name 13 = tv290C: Temperature [ITS-90, deg C]
# name 14 = flag:  0.000e+00
# span 0 =     -0.591,      2.579       
# span 1 =     -0.203,      0.281       
# span 2 =     5.9600,    11.5329       
# span 3 =     61.842,    112.929       
# span 4 =      2.560,     38.392       
# span 5 =   1.953506,  31.966992       
# span 6 =    -0.0898,   152.4942       
# span 7 =     -2.312,     13.401       
# span 8 =  -830.7837,  1240.2295       
# span 9 = 2.5128e+01, 6.8441e+02       
# span 10 =     1.0580,   227.7034      
# span 11 =     -0.580,      2.530      
# span 12 =     -0.841,      3.669      
# span 13 =    13.1336,    17.6679      
# span 14 = 0.0000e+00, 0.0000e+00      
# interval = seconds: 0.25
# start_time = Apr 20 2026 11:20:38 [Instrument's time stamp, header]
# bad_flag = -9.990e-29
*END*
[from data line 386]
      1.957      0.054     8.3474     86.691     37.281  31.444889     7.3951     10.104   119.8304 3.9295e+01     3.0212      1.921      2.786    17.2076 0.0000e+00
      1.960      0.040     8.3501     86.579     37.273  31.406827     7.6568     10.105   119.8333 3.9274e+01     3.1996      1.922      2.788    17.1857 0.0000e+00
      1.964      0.028     8.3529     86.405     37.378  31.453766     7.6571     10.105   119.9099 3.9115e+01     3.1215      1.925      2.792    17.1803 0.0000e+00
      1.971      0.022     8.3517     86.245     37.465  31.504867     7.4408     10.105   120.0680 3.8799e+01     2.9303      1.932      2.802    17.1846 0.0000e+00
      1.980      0.020     8.3477     86.224     37.476  31.517171     7.0563     10.105   120.1962 3.8534e+01     2.8007      1.943      2.819    17.1827 0.0000e+00
      1.985      0.022     8.3466     86.394     37.414  31.475657     6.8608     10.105   120.3420 3.8420e+01     2.8523      1.948      2.825    17.1345 0.0000e+00
      1.987      0.025     8.3398     86.676     37.297  31.383563     6.8677     10.105   120.4541 3.8315e+01     2.9054      1.948      2.825    17.0562 0.0000e+00
      1.990      0.029     8.3247     86.947     37.205  31.291794     7.1726     10.105   120.5190 3.8171e+01     2.8961      1.951      2.830    17.0277 0.0000e+00
      1.997      0.034     8.3166     87.119     37.149  31.190752     7.7586     10.106   120.6966 3.7881e+01     2.9106      1.956      2.837    17.0440 0.0000e+00
      2.007      0.039     8.3347     87.174     37.085  31.049906     8.1025     10.108   120.9671 3.7396e+01     2.9785      1.966      2.853    17.0599 0.0000e+00
      2.022      0.043     8.3635     87.121     37.054  30.920878     8.1679     10.112   121.1225 3.7020e+01     3.1015      1.983      2.877    17.0758 0.0000e+00
      2.036      0.045     8.3938     87.013     37.076  30.835832     8.2079     10.115   121.1985 3.6810e+01     3.1346      1.997      2.897    17.0727 0.0000e+00
      2.047      0.044     8.4244     87.044     37.121  30.782717     8.5115     10.116   121.2835 3.6579e+01     3.0375      2.007      2.911    16.9928 0.0000e+00
      2.058      0.042     8.4511     87.410     37.146  30.722599     9.0831     10.117   121.3764 3.6337e+01     2.9520      2.018      2.927    16.8656 0.0000e+00
      2.068      0.039     8.4727     88.161     37.111  30.616327     9.4097     10.120   121.4610 3.6135e+01     2.9550      2.028      2.942    16.7211 0.0000e+00
      2.077      0.037     8.4797     89.232     37.081  30.512656     9.4969     10.122   121.5315 3.5962e+01     3.0394      2.038      2.955    16.5701 0.0000e+00
      2.085      0.034     8.4957     90.481     37.141  30.483976     9.9298     10.123   121.6271 3.5770e+01     3.0837      2.045      2.965    16.4538 0.0000e+00
      2.094      0.029     8.5496     91.738     37.256  30.523194    10.6907     10.124   121.6696 3.5530e+01     3.0471      2.053      2.977    16.3483 0.0000e+00
      2.104      0.026     8.6445     92.999     37.218  30.479297    11.1065     10.124   121.6162 3.5325e+01     3.0069      2.064      2.994    16.2467 0.0000e+00
      2.111      0.025     8.7725     94.377     36.957  30.270377    11.2105     10.124   121.5840 3.5267e+01     3.0073      2.072      3.004    16.1433 0.0000e+00
      2.113      0.028     8.9269     95.797     36.706  30.027045    11.7660     10.126   121.5384 3.5284e+01     3.0174      2.071      3.005    16.0250 0.0000e+00
      2.114      0.034     9.0685     97.032     36.579  29.820746    12.7202     10.132   121.4089 3.5162e+01     2.9591      2.070      3.003    15.9353 0.0000e+00
      2.121      0.040     9.1851     97.977     36.572  29.678876    13.2181     10.143   121.3075 3.4814e+01     2.9168      2.077      3.013    15.9281 0.0000e+00
      2.135      0.047     9.3162     98.801     36.692  29.643610    13.3087     10.155   121.3458 3.4348e+01     2.9846      2.092      3.035    15.9768 0.0000e+00
      2.153      0.052     9.4747     99.851     36.822  29.647909    13.7992     10.167   121.4417 3.3864e+01     3.0960      2.110      3.060    15.9364 0.0000e+00
      2.171      0.056     9.6359    101.475     36.841  29.603878    14.6616     10.179   121.4342 3.3452e+01     3.1700      2.131      3.091    15.7724 0.0000e+00
      2.186      0.060     9.7642    103.713     36.741  29.491750    15.1302     10.194   121.3410 3.3194e+01     3.1962      2.146      3.112    15.5690 0.0000e+00
      2.196      0.064     9.8748    106.215     36.641  29.370477    15.1284     10.208   121.2616 3.2979e+01     3.2419      2.152      3.122    15.3742 0.0000e+00
      2.206      0.066     9.9950    108.613     36.625  29.279289    14.6904     10.223   121.1632 3.2619e+01     3.3812      2.160      3.134    15.2335 0.0000e+00
      2.225      0.068    10.1702    110.648     36.670  29.213704    13.8864     10.237   120.8397 3.2063e+01     3.4801      2.179      3.159    15.1559 0.0000e+00
      2.250      0.069    10.4194    112.131     36.792  29.211673    13.4319     10.249   120.1027 3.1505e+01     3.4122      2.208      3.202    15.1348 0.0000e+00
      2.273      0.070    10.6903    112.924     36.945  29.254612    13.3728     10.259   119.2212 3.1117e+01     3.3461      2.232      3.237    15.1029 0.0000e+00
      2.289      0.070    10.9690    112.929     37.058  29.288767    13.2965     10.269   118.6129 3.0818e+01     3.3297      2.246      3.256    14.9794 0.0000e+00
      2.302      0.069    11.2192    112.225     37.155  29.307435    12.5934     10.279   118.2544 3.0563e+01     3.2827      2.259      3.276    14.8250 0.0000e+00
      2.315      0.066    11.4062    111.042     37.235  29.289967    11.3133     10.287   117.9851 3.0254e+01     3.2226      2.269      3.291    14.6865 0.0000e+00
      2.333      0.062    11.5223    109.587     37.316  29.267755    10.6034     10.293   117.5938 2.9774e+01     3.1487      2.285      3.313    14.5709 0.0000e+00
      2.355      0.054    11.5329    107.972     37.433  29.292494    10.5274     10.300   117.0500 2.9305e+01     3.1411      2.311      3.352    14.5168 0.0000e+00
      2.374      0.043    11.4661    106.189     37.532  29.335271    10.4016     10.306   116.7450 2.9014e+01     3.2321      2.331      3.381    14.4546 0.0000e+00
      2.386      0.032    11.3696    104.253     37.533  29.340913    10.1563     10.311   116.7449 2.8891e+01     3.2931      2.341      3.396    14.3293 0.0000e+00
      2.390      0.023    11.2471    102.357     37.443  29.297291    10.0098     10.314   116.7901 2.8949e+01     3.2641      2.347      3.404    14.2015 0.0000e+00
      2.385      0.018    11.1049    100.663     37.380  29.251899    10.0281     10.318   116.9476 2.9106e+01     3.1885      2.341      3.394    14.1101 0.0000e+00
      2.380      0.018    10.9381     99.198     37.398  29.236102    10.7012     10.323   117.1009 2.9111e+01     3.2325      2.329      3.378    14.0548 0.0000e+00
      2.383      0.024    10.7247     98.048     37.444  29.233119    11.9812     10.327   117.0951 2.8845e+01     3.4207      2.333      3.384    14.0678 0.0000e+00
      2.396      0.035    10.5061     97.288     37.468  29.215781    12.6707     10.330   117.1360 2.8508e+01     3.4828      2.351      3.411    14.1366 0.0000e+00
      2.410      0.048    10.3338     96.841     37.439  29.153290    12.7370     10.332   117.2506 2.8272e+01     3.4029      2.365      3.430    14.1470 0.0000e+00
      2.422      0.058    10.1924     96.596     37.373  29.048364    13.0236     10.334   117.4490 2.8026e+01     3.6155      2.372      3.442    14.0831 0.0000e+00
      2.437      0.062    10.0808     96.394     37.345  28.961954    13.5564     10.334   117.8138 2.7656e+01     4.2097      2.388      3.463    14.0277 0.0000e+00
      2.457      0.060    10.0181     96.072     37.385  28.933029    13.8595     10.335   118.2192 2.7198e+01     4.6437      2.408      3.493    13.9868 0.0000e+00
      2.477      0.056     9.9848     95.652     37.474  28.952288    13.9092     10.335   118.4789 2.6801e+01     4.7297      2.431      3.526    13.9389 0.0000e+00
      2.495      0.049     9.9801     95.183     37.589  29.004460    14.2071     10.335   118.5453 2.6599e+01     5.1462      2.449      3.552    13.8669 0.0000e+00
      2.505      0.039     9.9922     94.634     37.671  29.056355    16.1141     10.336   118.5056 2.6493e+01     5.9909      2.457      3.565    13.7685 0.0000e+00
      2.511      0.029     9.9716     94.099     37.667  29.072295    19.2298     10.336   118.4294 2.6378e+01     6.4714      2.463      3.572    13.6872 0.0000e+00
      2.514      0.022     9.9388     93.735     37.552  29.006927    20.9580     10.335   118.3119 2.6298e+01     6.5836      2.466      3.577    13.6224 0.0000e+00
      2.516      0.019     9.9077     93.550     37.417  28.900320    22.1611     10.335   118.2892 2.6264e+01     6.9717      2.467      3.579    13.5674 0.0000e+00
      2.519      0.019     9.8511     93.479     37.391  28.861624    33.7679     10.336   118.4131 2.6189e+01    11.6757      2.469      3.581    13.5432 0.0000e+00
      2.524      0.019     9.7767     93.504     37.401  28.856181    55.0914     10.337   118.5196 2.6016e+01    20.4864      2.474      3.588    13.5850 0.0000e+00
      2.533      0.020     9.7297     93.627     37.375  28.834492    66.9189     10.337   118.5446 2.5843e+01    25.4719      2.484      3.602    13.6378 0.0000e+00
      2.540      0.020     9.7170     93.860     37.396  28.853099    69.9467     10.337   118.6293 2.5752e+01    27.5829      2.493      3.615    13.6246 0.0000e+00
      2.545      0.019     9.7176     94.181     37.438  28.890871    91.6169     10.337   118.7695 2.5703e+01    45.9424      2.495      3.619    13.5849 0.0000e+00
      2.548      0.017     9.7251     94.565     37.369  28.847188   131.1579     10.337   118.7771 2.5661e+01    79.5263      2.498      3.623    13.5659 0.0000e+00
      2.551      0.015     9.7345     95.001     37.258  28.768952   152.4942     10.337   118.8066 2.5608e+01    98.1636      2.502      3.629    13.5722 0.0000e+00
      2.553      0.014     9.7605     95.456     37.258  28.769519   151.7773     10.337   118.8679 2.5538e+01   102.9135      2.504      3.632    13.5734 0.0000e+00
      2.557      0.014     9.7939     95.875     37.382  28.854049   122.2981     10.337   118.8308 2.5437e+01   135.7262      2.506      3.636    13.5775 0.0000e+00
      2.562      0.013     9.8299     96.272     37.547  28.966402    67.9131     10.338   118.8743 2.5311e+01   195.4912      2.512      3.644    13.5954 0.0000e+00
      2.566      0.012     9.8735     96.709     37.657  29.049633    38.1868     10.338   118.9635 2.5226e+01   227.7034      2.517      3.651    13.6079 0.0000e+00
      2.568      0.011     9.9231     97.204     37.695  29.099237    34.8120     10.337   119.0491 2.5179e+01   226.4433      2.519      3.653    13.6125 0.0000e+00
      2.571      0.010     9.9699     97.730     37.680  29.122176    26.8421     10.337   119.1342 2.5144e+01   179.5382      2.521      3.656    13.5952 0.0000e+00
      2.573      0.008    10.0142     98.195     37.650  29.136733    12.6534     10.336   119.1321 2.5128e+01    93.1729      2.523      3.660    13.5631 0.0000e+00
      2.575      0.007    10.0615     98.396     37.641  29.148427     5.5825     10.336   119.1106 2.5149e+01    50.0960      2.525      3.662    13.5544 0.0000e+00
      2.576 -9.990e-29    10.1062 -9.990e-29 -9.990e-29 -9.990e-29 -9.990e-29 -9.990e-29 -9.990e-29 2.5208e+01 -9.990e-29      2.526      3.664    13.5907 0.0000e+00
      2.577 -9.990e-29    10.1520 -9.990e-29 -9.990e-29 -9.990e-29 -9.990e-29 -9.990e-29 -9.990e-29 2.5262e+01 -9.990e-29      2.528      3.666    13.6377 0.0000e+00
      2.579 -9.990e-29    10.1956 -9.990e-29 -9.990e-29 -9.990e-29 -9.990e-29 -9.990e-29 -9.990e-29 2.5309e+01 -9.990e-29      2.529      3.668    13.6977 0.0000e+00
      2.579 -9.990e-29    10.2164 -9.990e-29 -9.990e-29 -9.990e-29 -9.990e-29 -9.990e-29 -9.990e-29 2.5334e+01 -9.990e-29      2.530      3.669    13.7414 0.0000e+00
