Data/DataNotYetUploadedToEDI/Raw_CTD/RawDownloads/042026_fcr40_S7809021.cnv
* Sea-Bird SBE19plus  Data File:
* FileName = C:\R\Reservoirs\Data\DataNotYetUploadedToEDI\Raw_CTD\RawDownloads\051126_FCR_50_S7809_0021.hex
* Software version 2.8.0.119
* Temperature SN = 7809
* Conductivity SN = 7809
* System UpLoad Time = May 11 2026 15:39:54
* <ApplicationData>
* <Seaterm232>
# nquan = 15
# nvalues = 960                         
# units = specified
# name 0 = depFM: Depth [fresh water, m]
# name 1 = dz/dtM: Descent Rate [m/s]
# name 2 = sbeox0Mg/L: Oxygen, SBE 43 [mg/l]
# name 3 = sbeox0PS: Oxygen, SBE 43 [% saturation]
# name 4 = specc: Specific Conductance [uS/cm]
# name 5 = c0uS/cm: Conductivity [uS/cm]
# name 6 = flECO-AFL: Fluorescence, WET Labs ECO-AFL/FL [mg/m^3]
# name 7 = ph: pH
# name 8 = orp: Oxidation Reduction Potential [mV]
# name 9 = par/sat/log: PAR/Logarithmic, Satlantic
# name 10 = turbWETntu0: Turbidity, WET Labs ECO [NTU]
# name 11 = prdM: Pressure, Strain Gauge [db]
# name 12 = prdE: Pressure, Strain Gauge [psi]
# name 13 = tv290C: Temperature [ITS-90, deg C]
# name 14 = flag:  0.000e+00
# span 0 =     -0.585,      4.593       
# span 1 =     -0.240,      0.319       
# span 2 =     1.9913,    11.7127       
# span 3 =     17.179,    110.282       
# span 4 =      7.069,     39.885       
# span 5 =   6.008129,  31.923971       
# span 6 =    -0.0425,    18.5186       
# span 7 =      9.177,     10.684       
# span 8 =    31.1049,   153.6771       
# span 9 = 5.7225e+00, 6.6587e+02       
# span 10 =     2.3408,   323.4714      
# span 11 =     -0.576,      4.505      
# span 12 =     -0.834,      6.534      
# span 13 =     8.6262,    17.6653      
# span 14 = 0.0000e+00, 0.0000e+00      
# interval = seconds: 0.25
# start_time = Apr 20 2026 11:39:26 [Instrument's time stamp, header]
# bad_flag = -9.990e-29
*END*
[from data line 386]
      0.578     -0.008     8.7062     91.456     37.329  31.821112     4.1314     10.237   116.9679 1.4677e+02     3.7206      0.564      0.818    17.6179 0.0000e+00
      0.575     -0.010     8.7124     91.546     37.324  31.816409     4.0944     10.238   117.0073 1.4645e+02     3.7266      0.560      0.813    17.6207 0.0000e+00
      0.578     -0.010     8.7153     91.613     37.320  31.814435     4.0631     10.239   117.0697 1.4687e+02     3.6209      0.568      0.824    17.6216 0.0000e+00
      0.581     -0.005     8.7164     91.650     37.299  31.797252     4.0608     10.240   117.1199 1.4839e+02     3.6375      0.574      0.833    17.6203 0.0000e+00
      0.576      0.002     8.7244     91.663     37.301  31.798963     4.0917     10.241   117.0975 1.5017e+02     3.7572      0.566      0.823    17.6178 0.0000e+00
      0.569      0.009     8.7356     91.670     37.343  31.835124     4.1118     10.242   117.0569 1.5139e+02     3.8044      0.556      0.807    17.6176 0.0000e+00
      0.567      0.014     8.7408     91.674     37.364  31.853842     4.1038     10.243   117.0598 1.5194e+02     3.7639      0.552      0.801    17.6205 0.0000e+00
      0.576      0.016     8.7440     91.624     37.339  31.834969     4.1113     10.243   117.1326 1.5189e+02     3.7118      0.561      0.814    17.6223 0.0000e+00
      0.593      0.017     8.7451     91.527     37.293  31.797246     4.1538     10.244   117.2484 1.5086e+02     3.7545      0.584      0.847    17.6211 0.0000e+00
      0.605      0.018     8.7441     91.428     37.272  31.778362     4.1756     10.246   117.3415 1.4884e+02     3.7684      0.600      0.870    17.6198 0.0000e+00
      0.605      0.019     8.7485     91.360     37.295  31.796963     4.1505     10.246   117.4844 1.4659e+02     3.6413      0.595      0.863    17.6223 0.0000e+00
      0.598      0.017     8.7416     91.352     37.336  31.831838     4.1324     10.246   117.5989 1.4396e+02     3.5496      0.583      0.846    17.6260 0.0000e+00
      0.596      0.013     8.7301     91.399     37.321  31.819395     4.1650     10.246   117.6075 1.4109e+02     3.6158      0.580      0.841    17.6275 0.0000e+00
      0.605      0.010     8.7203     91.466     37.267  31.773390     4.2031     10.247   117.6740 1.3854e+02     3.7237      0.590      0.856    17.6268 0.0000e+00
      0.619      0.007     8.7127     91.534     37.279  31.783110     4.2027     10.248   117.7159 1.3654e+02     3.6936      0.609      0.884    17.6247 0.0000e+00
      0.625      0.002     8.7121     91.601     37.314  31.810030     4.1853     10.249   117.6829 1.3618e+02     3.5940      0.618      0.897    17.6242 0.0000e+00
      0.620     -0.006     8.7181     91.655     37.283  31.781692     4.1844     10.250   117.7918 1.3736e+02     3.6118      0.609      0.883    17.6257 0.0000e+00
      0.611     -0.016     8.7253     91.702     37.256  31.757664     4.2087     10.250   117.9997 1.3886e+02     3.7037      0.597      0.867    17.6263 0.0000e+00
      0.604     -0.023     8.7309     91.736     37.274  31.773257     4.2292     10.251   118.0454 1.4070e+02     3.7829      0.592      0.858    17.6247 0.0000e+00
      0.597     -0.024     8.7399     91.732     37.281  31.779918     4.2241     10.253   118.0012 1.4303e+02     3.7843      0.586      0.850    17.6208 0.0000e+00
      0.589     -0.020     8.7442     91.706     37.275  31.774761     4.1806     10.253   118.0670 1.4542e+02     3.6516      0.578      0.837    17.6177 0.0000e+00
      0.583     -0.016     8.7493     91.687     37.274  31.774345     4.1356     10.254   118.1533 1.4732e+02     3.6139      0.572      0.828    17.6171 0.0000e+00
      0.580     -0.012     8.7540     91.676     37.274  31.774875     4.1463     10.255   118.1842 1.4827e+02     3.7381      0.569      0.825    17.6171 0.0000e+00
      0.580     -0.009     8.7530     91.672     37.281  31.781176     4.1673     10.254   118.2686 1.4887e+02     3.7870      0.568      0.824    17.6170 0.0000e+00
      0.580     -0.006     8.7482     91.648     37.286  31.787098     4.1653     10.254   118.3993 1.4967e+02     3.6924      0.569      0.825    17.6168 0.0000e+00
      0.579     -0.004     8.7479     91.569     37.280  31.783047     4.1637     10.255   118.3874 1.5034e+02     3.5849      0.569      0.825    17.6171 0.0000e+00
      0.577     -0.003     8.7458     91.497     37.294  31.795635     4.1727     10.256   118.2968 1.5112e+02     3.6153      0.565      0.820    17.6190 0.0000e+00
      0.575     -0.004     8.7453     91.487     37.312  31.812416     4.1915     10.257   118.3359 1.5202e+02     3.7179      0.562      0.816    17.6210 0.0000e+00
      0.576     -0.006     8.7469     91.511     37.292  31.795635     4.1910     10.258   118.5159 1.5178e+02     3.6981      0.564      0.817    17.6218 0.0000e+00
      0.577     -0.007     8.7346     91.544     37.277  31.783048     4.1667     10.259   118.6666 1.5028e+02     3.5807      0.568      0.823    17.6226 0.0000e+00
      0.575     -0.006     8.7251     91.575     37.282  31.787100     4.1555     10.260   118.6955 1.4830e+02     3.5281      0.566      0.822    17.6241 0.0000e+00
      0.570     -0.003     8.7264     91.580     37.275  31.781192     4.1726     10.261   118.8652 1.4624e+02     3.6086      0.558      0.809    17.6257 0.0000e+00
      0.565     -0.001     8.7290     91.560     37.267  31.775057     4.1982     10.262   119.0836 1.4422e+02     3.7006      0.551      0.798    17.6264 0.0000e+00
      0.565     -0.001     8.7319     91.535     37.268  31.776357     4.1989     10.262   119.0129 1.4274e+02     3.6500      0.553      0.801    17.6264 0.0000e+00
      0.570     -0.000     8.7364     91.505     37.292  31.796908     4.1809     10.262   118.9567 1.4272e+02     3.6455      0.559      0.811    17.6264 0.0000e+00
      0.574     -0.000     8.7369     91.476     37.335  31.833235     4.1722     10.263   119.0924 1.4401e+02     3.7148      0.565      0.820    17.6270 0.0000e+00
      0.575     -0.001     8.7330     91.464     37.338  31.834951     4.1689     10.264   119.1913 1.4598e+02     3.6678      0.565      0.821    17.6279 0.0000e+00
      0.571     -0.003     8.7317     91.476     37.318  31.817651     4.1657     10.264   119.2053 1.4788e+02     3.6237      0.560      0.812    17.6288 0.0000e+00
      0.566     -0.003     8.7279     91.491     37.315  31.814376     4.1505     10.264   119.1758 1.4911e+02     3.6251      0.554      0.803    17.6292 0.0000e+00
      0.563      0.001     8.7248     91.487     37.292  31.795359     4.1269     10.265   119.1801 1.5004e+02     3.6514      0.551      0.800    17.6281 0.0000e+00
      0.563      0.009     8.7239     91.492     37.270  31.778032     4.1291     10.267   119.2566 1.5056e+02     3.7368      0.552      0.801    17.6263 0.0000e+00
      0.565      0.017     8.7254     91.499     37.289  31.795190     4.1688     10.268   119.3263 1.5029e+02     3.8037      0.552      0.801    17.6254 0.0000e+00
      0.572      0.019     8.7293     91.489     37.309  31.812504     4.2077     10.268   119.2488 1.4908e+02     3.7769      0.558      0.809    17.6252 0.0000e+00
      0.584      0.014     8.7259     91.488     37.291  31.797062     4.2003     10.269   119.0935 1.4736e+02     3.6515      0.571      0.828    17.6260 0.0000e+00
      0.597      0.007     8.7267     91.489     37.294  31.798791     4.1711     10.270   119.0842 1.4618e+02     3.5865      0.589      0.855    17.6274 0.0000e+00
      0.600      0.001     8.7294     91.483     37.336  31.833408     4.1704     10.272   119.2213 1.4604e+02     3.6740      0.595      0.862    17.6291 0.0000e+00
      0.589     -0.003     8.7251     91.498     37.339  31.834984     4.1839     10.273   119.3744 1.4635e+02     3.7183      0.578      0.838    17.6303 0.0000e+00
      0.574     -0.006     8.7261     91.531     37.319  31.817840     4.1916     10.274   119.4736 1.4651e+02     3.6431      0.557      0.809    17.6302 0.0000e+00
      0.571     -0.005     8.7278     91.543     37.317  31.816437     4.1978     10.274   119.5599 1.4736e+02     3.5855      0.555      0.806    17.6290 0.0000e+00
      0.577      0.001     8.7248     91.525     37.318  31.818025     4.1837     10.274   119.6439 1.4961e+02     3.6021      0.566      0.822    17.6266 0.0000e+00
      0.584      0.008     8.7274     91.510     37.339  31.837042     4.1629     10.275   119.6291 1.5303e+02     3.6734      0.575      0.834    17.6252 0.0000e+00
      0.587      0.013     8.7322     91.520     37.362  31.856057     4.1458     10.277   119.5523 1.5602e+02     3.6621      0.577      0.837    17.6255 0.0000e+00
      0.589      0.013     8.7335     91.545     37.364  31.857616     4.1269     10.277   119.6619 1.5631e+02     3.5334      0.577      0.837    17.6264 0.0000e+00
      0.592      0.009     8.7303     91.585     37.362  31.855887     4.1344     10.277   119.9217 1.5381e+02     3.4492      0.580      0.841    17.6276 0.0000e+00
      0.596      0.005     8.7271     91.643     37.337  31.835155     4.1699     10.277   120.0267 1.4956e+02     3.4983      0.585      0.849    17.6283 0.0000e+00
      0.598      0.003     8.7298     91.688     37.292  31.797264     4.1981     10.278   120.0710 1.4452e+02     3.6491      0.588      0.853    17.6279 0.0000e+00
      0.596      0.002     8.7319     91.686     37.270  31.778379     4.1917     10.279   120.1992 1.4004e+02     3.7004      0.585      0.849    17.6271 0.0000e+00
      0.594      0.000     8.7349     91.662     37.292  31.797134     4.1683     10.279   120.2860 1.3694e+02     3.6070      0.582      0.844    17.6272 0.0000e+00
      0.594     -0.004     8.7416     91.633     37.335  31.833710     4.1731     10.279   120.3457 1.3493e+02     3.6130      0.582      0.844    17.6278 0.0000e+00
      0.596     -0.009     8.7484     91.584     37.342  31.839985     4.1993     10.280   120.4055 1.3399e+02     3.7376      0.585      0.849    17.6282 0.0000e+00
      0.597     -0.013     8.7457     91.544     37.308  31.809575     4.2102     10.281   120.4065 1.3484e+02     3.7820      0.587      0.851    17.6285 0.0000e+00
      0.593     -0.016     8.7424     91.553     37.278  31.783220     4.1968     10.283   120.3574 1.3693e+02     3.7064      0.583      0.846    17.6288 0.0000e+00
      0.584     -0.016     8.7422     91.606     37.269  31.775071     4.1790     10.284   120.3288 1.3958e+02     3.6426      0.574      0.832    17.6290 0.0000e+00
      0.574     -0.014     8.7350     91.664     37.269  31.774484     4.1948     10.284   120.4041 1.4267e+02     3.6939      0.563      0.815    17.6289 0.0000e+00
      0.567     -0.010     8.7303     91.688     37.271  31.776133     4.2289     10.284   120.4074 1.4547e+02     3.7803      0.554      0.804    17.6279 0.0000e+00
      0.567     -0.005     8.7314     91.674     37.293  31.795001     4.2429     10.285   120.2824 1.4754e+02     3.7998      0.555      0.804    17.6257 0.0000e+00
      0.572     -0.001     8.7385     91.637     37.312  31.812302     4.2385     10.285   120.2695 1.4860e+02     3.7242      0.561      0.814    17.6239 0.0000e+00
      0.577      0.002     8.7460     91.574     37.291  31.795001     4.2262     10.286   120.2523 1.4827e+02     3.6169      0.567      0.823    17.6235 0.0000e+00
      0.578      0.003     8.7478     91.475     37.269  31.776133     4.2349     10.286   120.1603 1.4681e+02     3.6302      0.569      0.825    17.6240 0.0000e+00
      0.576      0.003     8.7456     91.380     37.267  31.774483     4.2607     10.287   120.1031 1.4411e+02     3.7143      0.565      0.820    17.6246 0.0000e+00
      0.574      0.002     8.7417     91.333     37.267  31.775055     4.2556     10.288   120.0768 1.4011e+02     3.6778      0.562      0.815    17.6253 0.0000e+00
      0.573      0.002     8.7375     91.326     37.276  31.783048     4.2311     10.289   120.1871 1.3596e+02     3.5644      0.561      0.814    17.6261 0.0000e+00
      0.575      0.003     8.7256     91.348     37.305  31.807688     4.2228     10.290   120.4044 1.3246e+02     3.5388      0.564      0.818    17.6267 0.0000e+00
      0.579      0.004     8.7141     91.397     37.319  31.819223     4.2381     10.290   120.5525 1.3016e+02     3.6071      0.568      0.824    17.6270 0.0000e+00
      0.582      0.004     8.7111     91.475     37.291  31.795646     4.2749     10.291   120.6011 1.2965e+02     3.6388      0.571      0.828    17.6270 0.0000e+00
      0.582      0.003     8.7104     91.561     37.269  31.776371     4.3023     10.292   120.6482 1.3051e+02     3.5802      0.572      0.830    17.6270 0.0000e+00
      0.581      0.003     8.7128     91.605     37.269  31.776476     4.3106     10.292   120.7785 1.3160e+02     3.5812      0.569      0.826    17.6271 0.0000e+00
      0.580      0.004     8.7170     91.595     37.294  31.796920     4.3085     10.293   120.8856 1.3253e+02     3.6514      0.567      0.823    17.6273 0.0000e+00
      0.581      0.008     8.7246     91.580     37.336  31.833237     4.2857     10.294   120.9104 1.3363e+02     3.6435      0.569      0.825    17.6276 0.0000e+00
      0.582      0.014     8.7355     91.570     37.337  31.834952     4.2594     10.295   120.9927 1.3478e+02     3.5886      0.571      0.828    17.6274 0.0000e+00
      0.586      0.019     8.7409     91.542     37.316  31.817665     4.2485     10.296   121.1057 1.3590e+02     3.5677      0.573      0.831    17.6262 0.0000e+00
      0.591      0.021     8.7369     91.504     37.311  31.814532     4.2539     10.297   121.1589 1.3600e+02     3.6304      0.579      0.840    17.6259 0.0000e+00
      0.601      0.021     8.7347     91.479     37.290  31.797075     4.2662     10.297   121.2046 1.3448e+02     3.7651      0.589      0.854    17.6268 0.0000e+00
      0.611      0.018     8.7359     91.497     37.290  31.796905     4.2892     10.297   121.2289 1.3194e+02     3.8299      0.600      0.870    17.6278 0.0000e+00
      0.617      0.014     8.7317     91.550     37.309  31.812475     4.3247     10.296   121.2803 1.2880e+02     3.7657      0.607      0.881    17.6290 0.0000e+00
      0.617      0.010     8.7279     91.606     37.288  31.795018     4.3295     10.296   121.3961 1.2619e+02     3.6722      0.606      0.879    17.6298 0.0000e+00
      0.614      0.007     8.7234     91.659     37.266  31.776144     4.3133     10.297   121.4242 1.2416e+02     3.6550      0.602      0.872    17.6297 0.0000e+00
      0.613      0.004     8.7258     91.702     37.264  31.774584     4.3119     10.298   121.3613 1.2266e+02     3.7294      0.600      0.870    17.6296 0.0000e+00
      0.614     -0.004     8.7328     91.714     37.267  31.776159     4.2874     10.298   121.1528 1.2218e+02     3.7178      0.602      0.873    17.6295 0.0000e+00
      0.618     -0.027     8.7375     91.668     37.290  31.795189     4.2503     10.299   121.3116 1.2233e+02     3.5827      0.607      0.878    17.6293 0.0000e+00
      0.623     -0.071     8.7430     91.556     37.314  31.814362     4.2374     10.302   129.5630 1.2368e+02     3.5307      0.613      0.888    17.6292 0.0000e+00
      0.620     -0.130     8.7475     91.412     37.320  31.817665     4.2148     10.307   139.7847 1.2795e+02     3.6012      0.617      0.895    17.6293 0.0000e+00
      0.593     -0.186     8.7506     91.339     37.341  31.835128     4.1848     10.311   135.1153 1.3628e+02     3.7173      0.596      0.864    17.6287 0.0000e+00
      0.524     -0.225     8.7457     91.365     37.341  31.835194     4.1666     10.310   126.0197 1.5088e+02     3.7396      0.529      0.767    17.6278 0.0000e+00
      0.420     -0.240     8.7362     91.417     37.321  31.818465     4.1366     10.309   124.1089 1.7831e+02     3.6663      0.413      0.599    17.6261 0.0000e+00
