Data/DataNotYetUploadedToEDI/Raw_CTD/RawDownloads/042026_FCR_20_S7809019.cnv
* Sea-Bird SBE19plus  Data File:
* FileName = C:\R\Reservoirs\Data\DataNotYetUploadedToEDI\Raw_CTD\RawDownloads\051126_FCR_50_S7809_0019.hex
* Software version 2.8.0.119
* Temperature SN = 7809
* Conductivity SN = 7809
* System UpLoad Time = May 11 2026 15:39:05
* <ApplicationData>
* <Seaterm232>
# nquan = 15
# nvalues = 475                         
# units = specified
# name 0 = depFM: Depth [fresh water, m]
# name 1 = dz/dtM: Descent Rate [m/s]
# name 2 = sbeox0Mg/L: Oxygen, SBE 43 [mg/l]
# name 3 = sbeox0PS: Oxygen, SBE 43 [% saturation]
# name 4 = specc: Specific Conductance [uS/cm]
# name 5 = c0uS/cm: Conductivity [uS/cm]
# name 6 = flECO-AFL: Fluorescence, WET Labs ECO-AFL/FL [mg/m^3]
# name 7 = ph: pH
# name 8 = orp: Oxidation Reduction Potential [mV]
# name 9 = par/sat/log: PAR/Logarithmic, Satlantic
# name 10 = turbWETntu0: Turbidity, WET Labs ECO [NTU]
# name 11 = prdM: Pressure, Strain Gauge [db]
# name 12 = prdE: Pressure, Strain Gauge [psi]
# name 13 = tv290C: Temperature [ITS-90, deg C]
# name 14 = flag:  0.000e+00
# span 0 =     -0.553,      2.143       
# span 1 =     -0.119,      0.285       
# span 2 =     3.6413,    11.1201       
# span 3 =     37.923,     99.289       
# span 4 =     37.468,    204.154       
# span 5 =  31.567194, 147.780681       
# span 6 =    -0.0988,    62.9631       
# span 7 =      5.877,      9.977       
# span 8 =    -6.1960,   121.4116       
# span 9 = 2.9635e+01, 5.3827e+02       
# span 10 =     0.5293,   130.6317      
# span 11 =     -0.553,      2.102      
# span 12 =     -0.801,      3.048      
# span 13 =     9.6626,    17.4132      
# span 14 = 0.0000e+00, 0.0000e+00      
# interval = seconds: 0.25
# start_time = Apr 20 2026 11:10:42 [Instrument's time stamp, header]
# bad_flag = -9.990e-29
*END*
[from data line 290]
      0.319     -0.097     8.2950     86.868     37.679  31.859117     3.5848      9.785   106.9808 2.8833e+02     1.9343      0.321      0.466    17.2546 0.0000e+00
      0.275     -0.105     8.3164     86.818     37.677  31.858210     3.5780      9.785   106.9919 3.0963e+02     1.9290      0.275      0.398    17.2596 0.0000e+00
      0.223     -0.104     8.3348     86.648     37.677  31.859108     3.6010      9.788   106.9193 3.2541e+02     2.0375      0.211      0.306    17.2636 0.0000e+00
      0.187     -0.098     8.3447     86.402     37.687  31.869966     3.6133      9.791   106.7922 3.2681e+02     2.0841      0.172      0.249    17.2693 0.0000e+00
      0.175     -0.095     8.3503     86.150     37.676  31.862625     3.6013      9.795   106.5736 3.2321e+02     2.0142      0.170      0.246    17.2741 0.0000e+00
      0.175     -0.099     8.3467     85.964     37.639  31.833790     3.5811      9.800   106.3408 3.2072e+02     1.9445      0.174      0.252    17.2746 0.0000e+00
      0.169     -0.108     8.3284     85.929     37.640  31.838517     3.5780      9.805   106.2148 3.2669e+02     1.9933      0.173      0.251    17.2752 0.0000e+00
      0.140     -0.117     8.3012     86.073     37.656  31.856351     3.5967      9.809   106.1685 3.6684e+02     2.0916      0.152      0.221    17.2786 0.0000e+00
      0.083     -0.119     8.2751     86.325     37.653  31.859106     3.5988      9.813   106.2107 4.3398e+02     2.1085      0.084      0.121    17.2816 0.0000e+00
      0.023     -0.107     8.2530     86.599     37.662  31.871834     3.5779      9.817   106.3817 4.7175e+02     2.0265      0.011      0.015    17.2837 0.0000e+00
     -0.012     -0.080     8.2469     86.840     37.668  31.883381     3.5277      9.820   106.6008 4.8042e+02     1.9881     -0.021     -0.031    17.2887 0.0000e+00
     -0.020     -0.044     8.2634     87.000     37.647  31.871848     3.4586      9.820   106.7092 4.8692e+02     2.1227     -0.026     -0.037    17.2956 0.0000e+00
     -0.011     -0.009     8.2901     87.073     37.625  31.859275     3.4321      9.822   106.6592 4.6536e+02     2.2867     -0.014     -0.020    17.3012 0.0000e+00
      0.006      0.012     8.3158     87.056     37.619  31.858244     3.4250      9.826   107.2008 4.2099e+02     2.2973      0.006      0.010    17.3081 0.0000e+00
      0.022      0.015     8.3402     86.923     37.616  31.859388     3.4638      9.831   107.8376 3.9963e+02     2.2170      0.024      0.034    17.3172 0.0000e+00
      0.029      0.005     8.3537     86.697     37.629  31.873114     3.5678      9.835   107.3894 4.0946e+02     2.1364      0.032      0.046    17.3261 0.0000e+00
      0.024     -0.010     8.3582     86.442     37.655  31.897334     3.6343      9.838   106.8576 4.2879e+02     2.0737      0.025      0.037    17.3344 0.0000e+00
      0.012     -0.026     8.3587     86.258     37.653  31.898478     3.6513      9.839   106.6561 4.3621e+02     2.0737      0.011      0.017    17.3401 0.0000e+00
      0.001     -0.039     8.3429     86.223     37.637  31.886943     3.5657      9.841   106.4156 4.4191e+02     2.1026      0.001      0.000    17.3438 0.0000e+00
     -0.010     -0.044     8.3199     86.353     37.632  31.884750     3.3898      9.846   106.2736 4.5726e+02     2.1833     -0.008     -0.013    17.3474 0.0000e+00
     -0.022     -0.044     8.2898     86.634     37.614  31.871968     3.3055      9.851   106.2305 4.6811e+02     2.2984     -0.022     -0.031    17.3507 0.0000e+00
     -0.036     -0.039     8.2690     87.000     37.598  31.859272     3.3123      9.854   106.3235 4.7579e+02     2.3331     -0.037     -0.052    17.3540 0.0000e+00
     -0.048     -0.030     8.2655     87.388     37.596  31.858118     3.3146      9.857   106.4521 4.9031e+02     2.2952     -0.049     -0.071    17.3570 0.0000e+00
     -0.057     -0.020     8.2763     87.708     37.596  31.858013     3.3001      9.860   106.4947 4.9951e+02     2.2158     -0.058     -0.084    17.3604 0.0000e+00
     -0.061     -0.010     8.3071     87.838     37.595  31.858013     3.2859      9.864   106.4937 4.9771e+02     2.1926     -0.062     -0.090    17.3632 0.0000e+00
     -0.059     -0.001     8.3428     87.753     37.593  31.858116     3.2930      9.867   106.5270 4.9542e+02     2.2538     -0.059     -0.087    17.3642 0.0000e+00
     -0.054      0.005     8.3827     87.538     37.592  31.859260     3.3290      9.870   106.4665 4.9371e+02     2.2392     -0.052     -0.075    17.3643 0.0000e+00
     -0.049      0.010     8.4195     87.333     37.603  31.871842     3.3790      9.873   106.3649 4.9221e+02     2.1525     -0.046     -0.067    17.3645 0.0000e+00
     -0.048      0.015     8.4320     87.206     37.613  31.883377     3.4060      9.876   106.4172 4.9105e+02     2.1280     -0.046     -0.067    17.3654 0.0000e+00
     -0.049      0.022     8.4207     87.148     37.595  31.871852     3.4056      9.880   106.4961 4.8773e+02     2.1815     -0.049     -0.071    17.3677 0.0000e+00
     -0.048      0.030     8.3933     87.139     37.576  31.859373     3.3988      9.882   106.5449 4.6394e+02     2.2198     -0.050     -0.072    17.3710 0.0000e+00
     -0.039      0.040     8.3705     87.146     37.574  31.859383     3.4158      9.882   106.5772 4.2889e+02     2.1804     -0.042     -0.061    17.3748 0.0000e+00
     -0.023      0.048     8.3594     87.131     37.586  31.871975     3.4611      9.881   106.6285 4.1417e+02     2.1492     -0.023     -0.034    17.3797 0.0000e+00
     -0.004      0.054     8.3522     87.046     37.599  31.884748     3.4888      9.881   106.8212 3.9652e+02     2.1493     -0.003     -0.005    17.3849 0.0000e+00
      0.014      0.056     8.3529     86.886     37.600  31.886940     3.5009      9.881   107.1002 3.6154e+02     2.1822      0.014      0.021    17.3891 0.0000e+00
      0.029      0.056     8.3536     86.731     37.612  31.898485     3.5251      9.878   107.3343 3.3559e+02     2.2729      0.029      0.042    17.3921 0.0000e+00
      0.040      0.056     8.3537     86.656     37.610  31.897453     3.5406      9.876   107.5004 3.2616e+02     2.2902      0.039      0.056    17.3941 0.0000e+00
      0.050      0.057     8.3469     86.711     37.582  31.874465     3.5291      9.875   107.7322 3.2286e+02     2.1865      0.047      0.069    17.3966 0.0000e+00
      0.064      0.059     8.3259     86.901     37.581  31.874300     3.5285      9.873   107.8996 3.1916e+02     2.1464      0.061      0.089    17.3995 0.0000e+00
      0.080      0.061     8.3095     87.175     37.603  31.895453     3.5326      9.873   107.9759 3.1781e+02     2.2499      0.078      0.114    17.4002 0.0000e+00
      0.097      0.062     8.3004     87.455     37.577  31.876475     3.5039      9.873   108.1386 3.1307e+02     2.3441      0.094      0.137    17.4004 0.0000e+00
      0.117      0.061     8.3043     87.666     37.527  31.835151     3.4725      9.873   108.2320 3.0715e+02     2.2947      0.116      0.168    17.4014 0.0000e+00
      0.135      0.058     8.3255     87.803     37.533  31.839879     3.4520      9.873   108.2452 3.0892e+02     2.1661      0.135      0.196    17.4033 0.0000e+00
      0.148      0.055     8.3524     87.868     37.570  31.870201     3.4653      9.874   108.2973 3.0334e+02     2.1204      0.146      0.213    17.4067 0.0000e+00
      0.158      0.053     8.3832     87.827     37.589  31.884586     3.5167      9.876   108.3461 2.9706e+02     2.1174      0.156      0.225    17.4110 0.0000e+00
      0.168      0.053     8.4018     87.706     37.593  31.886925     3.5477      9.878   108.3191 2.9446e+02     2.0623      0.164      0.236    17.4132 0.0000e+00
      0.182      0.055     8.4136     87.544     37.607  31.898470     3.5490      9.880   108.3143 2.8067e+02     2.0013      0.178      0.258    17.4122 0.0000e+00
      0.198      0.058     8.4244     87.352     37.606  31.897313     3.5497      9.882   108.4603 2.6910e+02     1.9598      0.195      0.282    17.4099 0.0000e+00
      0.214      0.058     8.4180     87.147     37.579  31.872937     3.5722      9.884   108.6228 2.5925e+02     1.9697      0.209      0.304    17.4078 0.0000e+00
      0.232      0.054     8.4052     86.944     37.564  31.857484     3.6054      9.886   108.7308 2.4365e+02     2.0532      0.227      0.329    17.4066 0.0000e+00
      0.250      0.048     8.3904     86.775     37.543  31.837346     3.6091      9.887   108.9918 2.3658e+02     2.0818      0.247      0.357    17.4061 0.0000e+00
      0.262      0.045     8.3706     86.697     37.525  31.819760     3.5840      9.886   109.3687 2.3803e+02     1.9735      0.260      0.376    17.4056 0.0000e+00
      0.267      0.048     8.3516     86.751     37.546  31.835165     3.5685      9.882   109.5886 2.4038e+02     1.8705      0.264      0.382    17.4038 0.0000e+00
      0.268      0.053     8.3314     86.887     37.546  31.833293     3.5793      9.880   109.7571 2.4201e+02     1.9299      0.261      0.377    17.4001 0.0000e+00
      0.277      0.062     8.3141     87.021     37.507  31.797118     3.5985      9.880   110.1155 2.3567e+02     2.0770      0.265      0.384    17.3963 0.0000e+00
      0.300      0.072     8.3042     87.066     37.488  31.778401     3.6005      9.880   110.5669 2.2148e+02     2.0770      0.293      0.425    17.3938 0.0000e+00
      0.329      0.080     8.3123     86.975     37.513  31.797289     3.6211      9.880   110.9132 2.1005e+02     1.9987      0.325      0.472    17.3919 0.0000e+00
      0.355      0.085     8.3295     86.814     37.561  31.835181     3.6731      9.881   111.2045 2.0152e+02     2.0187      0.349      0.507    17.3887 0.0000e+00
      0.376      0.083     8.3445     86.623     37.589  31.855913     3.7043      9.881   111.5082 1.9167e+02     2.0458      0.368      0.534    17.3847 0.0000e+00
      0.397      0.076     8.3546     86.388     37.594  31.857642     3.7233      9.880   111.9178 1.8328e+02     2.0523      0.390      0.566    17.3803 0.0000e+00
      0.415      0.070     8.3408     86.171     37.593  31.856087     3.7118      9.878   112.3704 1.7782e+02     2.0295      0.409      0.595    17.3768 0.0000e+00
      0.429      0.067     8.3245     86.055     37.572  31.837109     3.6643      9.876   112.5934 1.7552e+02     2.0098      0.421      0.610    17.3735 0.0000e+00
      0.444      0.065     8.3100     86.075     37.551  31.818494     3.6488      9.876   112.7207 1.7412e+02     2.0870      0.434      0.629    17.3694 0.0000e+00
      0.459      0.064     8.2842     86.200     37.556  31.821325     3.6659      9.876   112.8772 1.7096e+02     2.1437      0.449      0.651    17.3662 0.0000e+00
      0.477      0.064     8.2609     86.357     37.541  31.807904     3.6710      9.877   112.9362 1.6801e+02     2.0795      0.468      0.679    17.3642 0.0000e+00
      0.496      0.064     8.2483     86.450     37.512  31.783093     3.6524      9.878   113.0050 1.6576e+02     1.9942      0.486      0.705    17.3630 0.0000e+00
      0.512      0.065     8.2520     86.432     37.503  31.775086     3.6408      9.880   113.1929 1.6281e+02     2.0352      0.503      0.731    17.3621 0.0000e+00
      0.527      0.068     8.2662     86.317     37.503  31.774526     3.6562      9.881   113.4012 1.5999e+02     2.1306      0.518      0.752    17.3614 0.0000e+00
      0.540      0.072     8.2857     86.155     37.506  31.776331     3.6881      9.882   113.5443 1.5637e+02     2.0888      0.527      0.765    17.3606 0.0000e+00
      0.557      0.078     8.2964     85.995     37.532  31.796906     3.7273      9.885   113.6332 1.5101e+02     1.9731      0.545      0.791    17.3599 0.0000e+00
      0.579      0.088     8.2936     85.869     37.577  31.832977     3.7556      9.887   113.7875 1.4583e+02     1.9278      0.567      0.823    17.3591 0.0000e+00
      0.603      0.103     8.2814     85.820     37.579  31.831823     3.7637      9.886   114.1193 1.4139e+02     1.9853      0.590      0.857    17.3583 0.0000e+00
      0.628      0.119     8.2634     85.851     37.524  31.782956     3.7591      9.882   114.4606 1.3694e+02     2.0533      0.616      0.894    17.3570 0.0000e+00
      0.657      0.131     8.2491     85.945     37.490  31.749627     3.7578      9.875   114.6449 1.3152e+02     2.0674      0.640      0.928    17.3554 0.0000e+00
      0.696      0.138     8.2338     86.073     37.493  31.746032     3.7737      9.869   114.7994 1.2520e+02     2.1213      0.679      0.985    17.3525 0.0000e+00
      0.742      0.139     8.2306     86.180     37.495  31.739475     3.7934      9.867   114.9517 1.1935e+02     2.1927      0.730      1.058    17.3497 0.0000e+00
      0.785      0.138     8.2350     86.259     37.497  31.733780     3.8043      9.867   115.0241 1.1466e+02     2.2477      0.773      1.121    17.3468 0.0000e+00
      0.820      0.134     8.2444     86.307     37.513  31.740595     3.8308      9.866   115.0720 1.1113e+02     2.2735      0.806      1.170    17.3408 0.0000e+00
      0.845      0.129     8.2627     86.263     37.541  31.758425     3.8639      9.862   115.1866 1.0828e+02     2.1628      0.830      1.205    17.3318 0.0000e+00
      0.870      0.121     8.2735     86.083     37.549  31.759050     3.8627      9.859   115.3773 1.0500e+02     2.0030      0.848      1.231    17.3211 0.0000e+00
      0.902      0.114     8.2824     85.808     37.541  31.748140     3.8660      9.860   115.5712 1.0109e+02     2.0146      0.880      1.276    17.3100 0.0000e+00
      0.940      0.108     8.2915     85.529     37.552  31.753388     3.8787      9.863   115.7244 9.7695e+01     2.1321      0.926      1.343    17.3012 0.0000e+00
      0.971      0.099     8.2909     85.319     37.563  31.759060     3.8666      9.865   115.8525 9.5192e+01     2.1599      0.956      1.387    17.2937 0.0000e+00
      0.993      0.083     8.2725     85.164     37.560  31.753275     3.8446      9.868   115.9153 9.3107e+01     2.0770      0.974      1.413    17.2865 0.0000e+00
      1.012      0.062     8.2443     85.015     37.555  31.746873     3.8214      9.871   115.9678 9.1210e+01     1.9508      0.994      1.441    17.2803 0.0000e+00
      1.028      0.042     8.2149     84.929     37.553  31.745095     3.8188      9.874   116.0574 8.9906e+01     1.9313      1.011      1.465    17.2751 0.0000e+00
      1.035      0.027     8.1959     84.949     37.538  31.731775     3.8388      9.877   116.0524 8.9839e+01     2.0119      1.019      1.478    17.2705 0.0000e+00
      1.034      0.018     8.1862     84.968     37.515  31.712686     3.8548      9.880   116.0790 9.0381e+01     2.0375      1.015      1.472    17.2658 0.0000e+00
      1.029      0.016     8.1690     84.939     37.506  31.704611     3.8456      9.884   116.2930 9.0378e+01     2.0013      1.006      1.459    17.2628 0.0000e+00
      1.030      0.024     8.1563     84.946     37.498  31.697577     3.8029      9.886   116.4886 8.9885e+01     1.9850      1.008      1.461    17.2620 0.0000e+00
      1.037      0.039     8.1656     84.998     37.492  31.691067     3.7711      9.887   116.5511 8.9572e+01     2.0460      1.019      1.477    17.2621 0.0000e+00
      1.045      0.056     8.1703     85.050     37.493  31.689346     3.7772      9.887   116.6191 8.8691e+01     2.0891      1.022      1.481    17.2624 0.0000e+00
      1.061      0.070     8.1600     85.082     37.483  31.676762     3.7767      9.888   116.7078 8.6248e+01     2.0274      1.033      1.499    17.2624 0.0000e+00
      1.091      0.077     8.1630     85.107     37.474  31.665787     3.7566      9.889   116.7635 8.3318e+01     1.9494      1.069      1.552    17.2615 0.0000e+00
      1.122      0.079     8.1702     85.190     37.499  31.683507     3.7587      9.891   116.8619 8.1109e+01     1.9656      1.104      1.601    17.2598 0.0000e+00
