Data/DataNotYetUploadedToEDI/Raw_CTD/RawDownloads/042125_fcr10_S7809003.cnv
* Sea-Bird SBE19plus  Data File:
* FileName = C:\R\Reservoirs\Data\DataNotYetUploadedToEDI\Raw_CTD\RawDownloads\042125_fcr50_S7809_0003.hex
* Software version 2.8.0.119
* Temperature SN = 7809
* Conductivity SN = 7809
* System UpLoad Time = Apr 22 2025 10:35:27
* <ApplicationData>
* <Seaterm232>
# nquan = 15
# nvalues = 746                         
# units = specified
# name 0 = depFM: Depth [fresh water, m]
# name 1 = dz/dtM: Descent Rate [m/s]
# name 2 = sbeox0Mg/L: Oxygen, SBE 43 [mg/l]
# name 3 = sbeox0PS: Oxygen, SBE 43 [% saturation]
# name 4 = specc: Specific Conductance [uS/cm]
# name 5 = c0uS/cm: Conductivity [uS/cm]
# name 6 = flECO-AFL: Fluorescence, WET Labs ECO-AFL/FL [mg/m^3]
# name 7 = ph: pH
# name 8 = orp: Oxidation Reduction Potential [mV]
# name 9 = par/sat/log: PAR/Logarithmic, Satlantic
# name 10 = turbWETntu0: Turbidity, WET Labs ECO [NTU]
# name 11 = prdM: Pressure, Strain Gauge [db]
# name 12 = prdE: Pressure, Strain Gauge [psi]
# name 13 = tv290C: Temperature [ITS-90, deg C]
# name 14 = flag:  0.000e+00
# span 0 =     -0.643,      0.491       
# span 1 =     -0.420,      0.325       
# span 2 =     4.9715,    10.1155       
# span 3 =     56.084,    112.526       
# span 4 =      2.224,     34.302       
# span 5 =   2.043963,  31.219930       
# span 6 =    -2.1491,    31.2908       
# span 7 =      8.073,      8.613       
# span 8 =   177.6759,   278.3113       
# span 9 = 6.6884e+01, 2.1351e+03       
# span 10 =    -2.9596,   144.4753      
# span 11 =     -0.634,      0.482      
# span 12 =     -0.919,      0.699      
# span 13 =    20.4376,    21.9859      
# span 14 = 0.0000e+00, 0.0000e+00      
# interval = seconds: 0.25
# start_time = Apr 21 2025 14:43:01 [Instrument's time stamp, header]
# bad_flag = -9.990e-29
*END*
[from data line 193]
      0.170      0.001     9.7262    103.349     32.306  29.708246     1.2965      8.293   236.9368 1.9259e+02     2.0531      0.167      0.242    20.9327 0.0000e+00
      0.171      0.000     9.5363    102.779     32.298  29.707205     1.3005      8.292   237.0338 1.9134e+02     2.1107      0.167      0.243    20.9451 0.0000e+00
      0.171 1.8473e-08     9.3945    102.365     32.282  29.694519     1.2794      8.291   237.0673 1.9026e+02     2.0549      0.167      0.243    20.9534 0.0000e+00
      0.170 2.0320e-07     9.2845    102.025     32.269  29.681720     1.2584      8.290   237.0848 1.9015e+02     1.9929      0.167      0.242    20.9623 0.0000e+00
      0.170 2.0320e-07     9.2067    101.771     32.265  29.679309     1.2706      8.289   237.2450 1.8915e+02     2.0109      0.166      0.241    20.9747 0.0000e+00
      0.170 1.8472e-08     9.1596    101.591     32.250  29.665374     1.3023      8.288   237.4560 1.8825e+02     1.9994      0.167      0.242    20.9877 0.0000e+00
      0.170 1.6793e-09     9.1252    101.443     32.224  29.640088     1.3008      8.289   237.5709 1.8866e+02     1.9227      0.167      0.242    20.9894 0.0000e+00
      0.171 1.5266e-10     9.0936    101.293     32.213  29.627297     1.2605      8.290   237.6015 1.8914e+02     1.9372      0.167      0.243    20.9846 0.0000e+00
      0.171 1.3879e-11     9.0711    101.135     32.229  29.637581     1.2233      8.291   237.7404 1.8897e+02     2.1061      0.167      0.243    20.9880 0.0000e+00
      0.170 1.2617e-12     9.0571    100.997     32.235  29.637563     1.2169      8.294   237.9599 1.8848e+02     2.2569      0.167      0.242    20.9881 0.0000e+00
      0.170 1.1470e-13     9.0451    100.901     32.226  29.627068     1.2325      8.296   238.1039 1.8879e+02     2.2228      0.167      0.242    20.9843 0.0000e+00
      0.170 1.0427e-14     9.0328    100.837     32.240  29.637551     1.2372      8.298   238.1911 1.8969e+02     2.0693      0.167      0.242    20.9836 0.0000e+00
      0.170 9.4795e-16     9.0185    100.776     32.242  29.637456     1.2329      8.300   238.2398 1.8943e+02     2.0073      0.167      0.242    20.9751 0.0000e+00
      0.170 8.6175e-17     9.0074    100.723     32.231  29.625915     1.2465      8.301   238.3486 1.8878e+02     2.0876      0.167      0.242    20.9648 0.0000e+00
      0.170 7.8340e-18     8.9993    100.712     32.231  29.624867     1.2601      8.304   238.4736 1.8877e+02     2.1181      0.167      0.242    20.9627 0.0000e+00
      0.171 7.1209e-19     8.9959    100.745     32.233  29.624772     1.2556      8.307   238.5468 1.8793e+02     2.0338      0.167      0.243    20.9594 0.0000e+00
      0.171 6.3558e-20     8.9909    100.791     32.237  29.624764     1.2511      8.309   238.6312 1.8756e+02     1.9229      0.167      0.243    20.9554 0.0000e+00
      0.170 -7.171e-21     8.9843    100.826     32.241  29.624773     1.2636      8.311   238.7196 1.8688e+02     1.9039      0.167      0.242    20.9544 0.0000e+00
      0.170 -1.431e-19     8.9840    100.856     32.243  29.624869     1.2897      8.313   238.8411 1.8647e+02     2.0097      0.166      0.241    20.9526 0.0000e+00
      0.170 -1.580e-18     8.9882    100.860     32.245  29.625928     1.3095      8.316   238.9825 1.8750e+02     2.0408      0.167      0.242    20.9503 0.0000e+00
      0.170 -1.738e-17     8.9952    100.793     32.258  29.637574     1.3027      8.319   239.0522 1.8771e+02     1.9383      0.168      0.243    20.9439 0.0000e+00
      0.170 -1.912e-16     8.9986    100.694     32.257  29.638823     1.2745      8.321   239.0817 1.8817e+02     1.8638      0.167      0.242    20.9363 0.0000e+00
      0.170 -2.103e-15     9.0014    100.633     32.257  29.641036     1.2683      8.323   239.1674 1.8881e+02     1.9250      0.167      0.242    20.9340 0.0000e+00
      0.170 -2.313e-14     9.0059    100.627     32.279  29.664329     1.2936      8.325   239.2282 1.8835e+02     2.0293      0.166      0.241    20.9337 0.0000e+00
      0.170 -2.544e-13     8.9976    100.680     32.278  29.666740     1.2900      8.328   239.2137 1.8727e+02     1.9974      0.167      0.242    20.9314 0.0000e+00
      0.170 -2.799e-12     8.9850    100.765     32.279  29.670191     1.2491      8.330   239.2503 1.8781e+02     1.9489      0.167      0.242    20.9348 0.0000e+00
      0.170 -3.079e-11     8.9793    100.835     32.317  29.706065     1.2238      8.332   239.4131 1.8887e+02     1.9903      0.166      0.241    20.9411 0.0000e+00
      0.170 -3.387e-10     8.9771    100.871     32.332  29.719908     1.2248      8.335   239.6331 1.8788e+02     2.0189      0.167      0.242    20.9443 0.0000e+00
      0.170 -3.725e-09     8.9820    100.894     32.322  29.710694     1.2289      8.337   239.7593 1.8791e+02     2.0564      0.167      0.242    20.9508 0.0000e+00
      0.170 -4.098e-08     8.9903    100.910     32.333  29.721525     1.2153      8.339   239.8208 1.8811e+02     2.1019      0.166      0.241    20.9557 0.0000e+00
      0.170 -4.508e-07     8.9977    100.924     32.332  29.724009     1.2094      8.341   239.9465 1.8656e+02     2.1587      0.167      0.242    20.9559 0.0000e+00
      0.170     -0.000     8.9988    100.923     32.344  29.740721     1.2324      8.343   240.0742 1.8600e+02     2.2652      0.167      0.242    20.9565 0.0000e+00
      0.170     -0.000     9.0016    100.900     32.400  29.796733     1.2525      8.346   240.1605 1.8615e+02     2.3313      0.168      0.243    20.9565 0.0000e+00
      0.170     -0.001     9.0027    100.900     32.430  29.830378     1.2436      8.348   240.3015 1.8712e+02     2.2743      0.167      0.242    20.9550 0.0000e+00
      0.171     -0.002     9.0028    100.917     32.423  29.830378     1.2169      8.350   240.3168 1.8796e+02     2.1570      0.167      0.243    20.9605 0.0000e+00
      0.171     -0.003     9.0036    100.939     32.449  29.860172     1.2121      8.352   240.1737 1.8623e+02     2.1425      0.168      0.243    20.9708 0.0000e+00
      0.170     -0.004     8.9958    100.979     32.527  29.936902     1.2362      8.354   240.2912 1.8521e+02     2.2014      0.167      0.243    20.9776 0.0000e+00
      0.167     -0.004     8.9960    101.022     32.582  29.996946     1.2417      8.355   240.5335 1.8552e+02     2.1860      0.164      0.238    20.9877 0.0000e+00
      0.165     -0.005     8.9961    101.064     32.590  30.015277     1.2199      8.356   240.6085 1.8569e+02     2.1261      0.162      0.234    20.9994 0.0000e+00
      0.163     -0.006     8.9950    101.084     32.596  30.031697     1.2062      8.357   240.6814 1.8638e+02     2.0929      0.160      0.232    21.0055 0.0000e+00
      0.163     -0.008     8.9998    101.049     32.628  30.068637     1.2181      8.357   240.7263 1.8562e+02     2.1255      0.160      0.232    21.0112 0.0000e+00
      0.163     -0.008     9.0001    100.978     32.635  30.081336     1.2379      8.357   240.7211 1.8475e+02     2.1792      0.161      0.233    21.0247 0.0000e+00
      0.161     -0.007     9.0007    100.932     32.605  30.058386     1.2294      8.357   240.7908 1.8528e+02     2.1615      0.159      0.230    21.0459 0.0000e+00
      0.156     -0.005     9.0020    100.967     32.588  30.044881     1.2076      8.356   240.9677 1.8573e+02     2.1849      0.152      0.221    21.0634 0.0000e+00
      0.153     -0.004     8.9954    101.049     32.588  30.044911     1.1995      8.356   241.1385 1.8605e+02     2.2572      0.148      0.215    21.0724 0.0000e+00
      0.153     -0.003     8.9862    101.090     32.603  30.058743     1.2139      8.357   241.1349 1.8635e+02     2.2845      0.150      0.217    21.0814 0.0000e+00
      0.156     -0.001     8.9776    101.103     32.632  30.085258     1.2316      8.358   241.0964 1.8691e+02     2.2753      0.153      0.222    21.0910 0.0000e+00
      0.157      0.001     8.9809    101.140     32.658  30.111784     1.2136      8.358   241.1034 1.8708e+02     2.1802      0.155      0.225    21.0940 0.0000e+00
      0.156      0.002     8.9938    101.175     32.666  30.125738     1.1967      8.359   241.1330 1.8707e+02     2.1597      0.154      0.223    21.0942 0.0000e+00
      0.155      0.002     8.9955    101.156     32.657  30.127118     1.2015      8.359   241.2831 1.8795e+02     2.2667      0.152      0.220    21.0945 0.0000e+00
      0.155      0.001     8.9937    101.107     32.652  30.128480     1.1890      8.359   241.4550 1.8773e+02     2.2432      0.151      0.219    21.0930 0.0000e+00
      0.156      0.001     8.9992    101.095     32.666  30.142216     1.1615      8.360   241.5766 1.8609e+02     2.1160      0.154      0.222    21.0920 0.0000e+00
      0.158      0.001     9.0028    101.135     32.691  30.166341     1.1436      8.361   241.6348 1.8529e+02     2.0608      0.156      0.226    21.1037 0.0000e+00
      0.159      0.001     8.9964    101.202     32.688  30.166444     1.1471      8.363   241.6426 1.8509e+02     2.0883      0.156      0.225    21.1239 0.0000e+00
      0.158      0.000     8.9871    101.267     32.659  30.143472     1.1706      8.364   241.7575 1.8522e+02     2.1407      0.155      0.224    21.1328 0.0000e+00
      0.157 5.5855e-08     8.9861    101.313     32.656  30.142330     1.1782      8.365   241.9053 1.8584e+02     2.1473      0.154      0.224    21.1326 0.0000e+00
      0.156 6.1441e-07     8.9910    101.350     32.668  30.152626     1.1557      8.366   241.9666 1.8644e+02     2.1342      0.153      0.222    21.1317 0.0000e+00
      0.156      0.000     8.9964    101.350     32.656  30.141094     1.1407      8.368   242.0683 1.8633e+02     2.2216      0.153      0.222    21.1381 0.0000e+00
      0.157      0.000     9.0021    101.277     32.645  30.129761     1.1543      8.371   242.1883 1.8599e+02     2.3843      0.154      0.223    21.1474 0.0000e+00
      0.158      0.001     9.0044    101.176     32.664  30.142467     1.1796      8.373   242.2137 1.8539e+02     2.4276      0.155      0.225    21.1469 0.0000e+00
      0.158      0.001     9.0097    101.106     32.695  30.167849     1.1803      8.373   242.2037 1.8489e+02     2.3692      0.155      0.225    21.1426 0.0000e+00
      0.158      0.001     9.0118    101.070     32.710  30.182926     1.1701      8.373   242.2389 1.8574e+02     2.3618      0.155      0.224    21.1453 0.0000e+00
      0.158      0.000     9.0030    101.067     32.722  30.197899     1.1814      8.374   242.3819 1.8513e+02     2.3726      0.154      0.224    21.1451 0.0000e+00
      0.158 3.8363e-07     8.9932    101.109     32.742  30.222021     1.1926      8.376   242.5551 1.8414e+02     2.3284      0.155      0.225    21.1336 0.0000e+00
      0.158      0.000     8.9892    101.179     32.733  30.220866     1.1896      8.377   242.6981 1.8479e+02     2.2367      0.155      0.225    21.1268 0.0000e+00
      0.158      0.000     8.9851    101.246     32.686  30.183931     1.1697      8.377   242.8208 1.8563e+02     2.1526      0.155      0.224    21.1324 0.0000e+00
      0.158      0.000     8.9823    101.305     32.655  30.156061     1.1593      8.379   242.8348 1.8632e+02     2.1659      0.155      0.225    21.1395 0.0000e+00
      0.158      0.000     8.9863    101.347     32.640  30.137618     1.1802      8.381   242.7805 1.8547e+02     2.2604      0.155      0.224    21.1446 0.0000e+00
      0.158     -0.001     8.9918    101.350     32.593  30.087790     1.1811      8.382   242.6801 1.8562e+02     2.2707      0.155      0.225    21.1570 0.0000e+00
      0.159     -0.003     8.9948    101.318     32.571  30.061045     1.1621      8.384   242.6532 1.8754e+02     2.1871      0.156      0.226    21.1714 0.0000e+00
      0.160     -0.004     9.0000    101.273     32.584  30.067964     1.1582      8.387   242.7998 1.8784e+02     2.1385      0.158      0.228    21.1715 0.0000e+00
      0.157     -0.003     9.0073    101.241     32.564  30.044575     1.1673      8.389   242.9035 1.8693e+02     2.1955      0.155      0.225    21.1612 0.0000e+00
      0.152     -0.001     9.0082    101.244     32.555  30.031974     1.1890      8.389   242.9611 1.8728e+02     2.2951      0.147      0.214    21.1527 0.0000e+00
      0.149      0.001     9.0066    101.261     32.573  30.042467     1.1880      8.390   243.0658 1.8926e+02     2.2836      0.143      0.208    21.1421 0.0000e+00
      0.153      0.002     9.0038    101.257     32.582  30.044565     1.1633      8.391   243.0517 1.8984e+02     2.2276      0.149      0.216    21.1317 0.0000e+00
      0.158      0.003     9.0000    101.254     32.600  30.057337     1.1648      8.392   242.9621 1.8930e+02     2.2666      0.156      0.226    21.1284 0.0000e+00
      0.160      0.003     9.0024    101.269     32.614  30.070022     1.1818      8.393   243.0147 1.8895e+02     2.3114      0.159      0.230    21.1220 0.0000e+00
      0.159      0.002     9.0084    101.282     32.613  30.071072     1.1929      8.395   243.1715 1.8828e+02     2.2909      0.157      0.227    21.1103 0.0000e+00
      0.157      0.000     9.0082    101.273     32.611  30.070033     1.2081      8.396   243.3099 1.8781e+02     2.2239      0.153      0.222    21.0989 0.0000e+00
      0.156     -0.001     9.0084    101.228     32.599  30.057461     1.2156      8.397   243.3969 1.8770e+02     2.1850      0.152      0.221    21.0912 0.0000e+00
      0.157     -0.001     9.0111    101.179     32.588  30.045929     1.2248      8.397   243.4492 1.8822e+02     2.2306      0.154      0.223    21.0924 0.0000e+00
      0.157      0.000     9.0106    101.160     32.600  30.057462     1.2368      8.397   243.4255 1.8792e+02     2.2281      0.154      0.224    21.0994 0.0000e+00
      0.157 -3.690e-08     9.0115    101.125     32.612  30.070042     1.2196      8.398   243.3687 1.8697e+02     2.2235      0.154      0.224    21.1002 0.0000e+00
      0.157 -4.060e-07     9.0067    101.046     32.612  30.071176     1.1998      8.398   243.3642 1.8702e+02     2.3119      0.155      0.224    21.0954 0.0000e+00
      0.157 -4.060e-07     9.0000    100.963     32.612  30.071175     1.2134      8.399   243.3722 1.8707e+02     2.4080      0.154      0.223    21.0935 0.0000e+00
      0.157 -3.690e-08     9.0019    100.928     32.612  30.070030     1.2433      8.400   243.4643 1.8788e+02     2.4978      0.154      0.223    21.0942 0.0000e+00
      0.157 -3.355e-09     8.9988    100.951     32.597  30.057335     1.2523      8.401   243.6183 1.8935e+02     2.5089      0.153      0.223    21.0978 0.0000e+00
      0.157 -3.050e-10     8.9893    101.011     32.583  30.044544     1.2559      8.402   243.6862 1.8993e+02     2.4740      0.154      0.223    21.1004 0.0000e+00
      0.157 -2.773e-11     8.9806    101.091     32.581  30.042238     1.2868      8.403   243.6823 1.8992e+02     2.5195      0.155      0.225    21.0986 0.0000e+00
      0.157 -2.542e-12     8.9771    101.160     32.569  30.029448     1.3267      8.404   243.6574 1.8906e+02     2.6155      0.154      0.224    21.0977 0.0000e+00
      0.157 -4.605e-13     8.9803    101.182     32.558  30.016764     1.3551      8.405   243.6429 1.8862e+02     2.7120      0.154      0.223    21.0993 0.0000e+00
      0.157 -2.565e-12     8.9853    101.150     32.559  30.015736     1.3386      8.407   243.6792 1.8951e+02     2.6622      0.154      0.223    21.1006 0.0000e+00
      0.157 -2.799e-11     8.9938    101.101     32.563  30.017013     1.2859      8.408   243.7518 1.9006e+02     2.4907      0.154      0.223    21.0995 0.0000e+00
      0.157 -3.079e-10     9.0019    101.080     32.582  30.032206     1.2753      8.409   243.8325 1.9018e+02     2.4498      0.154      0.223    21.0960 0.0000e+00
      0.157 -3.387e-09     9.0047    101.066     32.626  30.072562     1.3026      8.410   243.8812 1.9048e+02     2.4749      0.154      0.223    21.0929 0.0000e+00
      0.157 -3.726e-08     9.0014    101.046     32.678  30.124366     1.2986      8.412   243.8239 1.9045e+02     2.3501      0.155      0.224    21.0894 0.0000e+00
