Data/DataNotYetUploadedToEDI/Raw_CTD/RawDownloads/042125_fcr10_S7809003.cnv
* Sea-Bird SBE19plus  Data File:
* FileName = C:\R\Reservoirs\Data\DataNotYetUploadedToEDI\Raw_CTD\RawDownloads\042125_fcr50_S7809_0003.hex
* Software version 2.8.0.119
* Temperature SN = 7809
* Conductivity SN = 7809
* System UpLoad Time = Apr 22 2025 10:35:27
* <ApplicationData>
* <Seaterm232>
# nquan = 15
# nvalues = 746                         
# units = specified
# name 0 = depFM: Depth [fresh water, m]
# name 1 = dz/dtM: Descent Rate [m/s]
# name 2 = sbeox0Mg/L: Oxygen, SBE 43 [mg/l]
# name 3 = sbeox0PS: Oxygen, SBE 43 [% saturation]
# name 4 = specc: Specific Conductance [uS/cm]
# name 5 = c0uS/cm: Conductivity [uS/cm]
# name 6 = flECO-AFL: Fluorescence, WET Labs ECO-AFL/FL [mg/m^3]
# name 7 = ph: pH
# name 8 = orp: Oxidation Reduction Potential [mV]
# name 9 = par/sat/log: PAR/Logarithmic, Satlantic
# name 10 = turbWETntu0: Turbidity, WET Labs ECO [NTU]
# name 11 = prdM: Pressure, Strain Gauge [db]
# name 12 = prdE: Pressure, Strain Gauge [psi]
# name 13 = tv290C: Temperature [ITS-90, deg C]
# name 14 = flag:  0.000e+00
# span 0 =     -0.643,      0.491       
# span 1 =     -0.420,      0.325       
# span 2 =     4.9715,    10.1155       
# span 3 =     56.084,    112.526       
# span 4 =      2.224,     34.302       
# span 5 =   2.043963,  31.219930       
# span 6 =    -2.1491,    31.2908       
# span 7 =      8.073,      8.613       
# span 8 =   177.6759,   278.3113       
# span 9 = 6.6884e+01, 2.1351e+03       
# span 10 =    -2.9596,   144.4753      
# span 11 =     -0.634,      0.482      
# span 12 =     -0.919,      0.699      
# span 13 =    20.4376,    21.9859      
# span 14 = 0.0000e+00, 0.0000e+00      
# interval = seconds: 0.25
# start_time = Apr 21 2025 14:43:01 [Instrument's time stamp, header]
# bad_flag = -9.990e-29
*END*
[from data line 675]
      0.464     -0.000     9.2172    101.885     32.102  29.329070     0.9864      8.603   239.1929 4.3909e+02   118.4418      0.455      0.660    20.6888 0.0000e+00
      0.464      0.001     9.2096    101.365     32.112  29.337609     0.6334      8.604   239.0414 5.1198e+02    81.5690      0.455      0.659    20.6830 0.0000e+00
      0.464      0.003     9.1965    100.878     32.182  29.399482     0.4667      8.605   238.8383 5.9120e+02    61.4705      0.455      0.660    20.6782 0.0000e+00
      0.465      0.004     9.1802    100.553     32.303  29.506297     0.4356      8.607   238.8021 5.2735e+02    58.4257      0.456      0.661    20.6769 0.0000e+00
      0.466      0.005     9.1453    100.341     32.427  29.614221     0.2906      8.607   238.9471 4.4496e+02    44.8917      0.457      0.663    20.6769 0.0000e+00
      0.467      0.006     9.0917    100.159     32.587  29.752911     0.0612      8.607   239.0424 4.4872e+02    20.5322      0.458      0.664    20.6756 0.0000e+00
      0.470      0.006     9.0426     99.977     32.705  29.851135    -0.0485      8.608   239.0080 5.3332e+02     7.4198      0.460      0.668    20.6723 0.0000e+00
      0.472      0.004     9.0183     99.760     32.577  29.723496    -0.0200      8.609   238.9621 6.4001e+02     7.3773      0.462      0.671    20.6672 0.0000e+00
      0.473      0.000     9.0042     99.445     32.316  29.478236     0.1386      8.609   239.0031 6.0142e+02    19.3689      0.464      0.673    20.6589 0.0000e+00
      0.474     -0.006     8.9895     98.970     32.183  29.359506     0.3875      8.609   239.0744 5.1367e+02    41.5956      0.466      0.676    20.6477 0.0000e+00
      0.474     -0.012     8.9767     98.327     32.179  29.366254     0.5185      8.610   239.1350 4.7568e+02    53.8779      0.466      0.677    20.6347 0.0000e+00
      0.470     -0.019     8.9628     97.652     32.170  29.369548     0.5653      8.611   239.2197 4.5772e+02    56.0350      0.462      0.671    20.6144 0.0000e+00
      0.463     -0.028     8.9396     97.177     32.123  29.335927     0.8208      8.611   239.3251 5.0291e+02    67.4382      0.454      0.659    20.5983 0.0000e+00
      0.454     -0.038     8.8970     97.041     32.050  29.276901     1.2344      8.612   239.4621 5.3570e+02    88.1132      0.444      0.644    20.6044 0.0000e+00
      0.444     -0.047     8.8318     97.218     31.986  29.226741     1.4469      8.613   239.5863 4.8118e+02    99.2819      0.437      0.633    20.6251 0.0000e+00
      0.433     -0.053     8.7577     97.589     31.989  29.236891     1.5579      8.613   239.7082 4.5870e+02    98.7696      0.427      0.619    20.6436 0.0000e+00
      0.416     -0.053     8.7093     98.145     32.021  29.272780     2.4443      8.612   239.9888 4.7307e+02    80.5868      0.410      0.595    20.6560 0.0000e+00
      0.396     -0.047     8.6952     98.923     32.021  29.280109     4.0408      8.612   240.3973 4.7715e+02    46.9534      0.388      0.562    20.6694 0.0000e+00
      0.378     -0.038     8.7149     99.737     31.996  29.262082     4.9144      8.612   240.6899 5.3195e+02    28.5813      0.367      0.532    20.6837 0.0000e+00
      0.368     -0.031     8.7472    100.360     31.976  29.245108     4.9753      8.611   240.6024 5.8794e+02    26.8908      0.359      0.520    20.6949 0.0000e+00
      0.367     -0.033     8.7883    100.722     31.999  29.265173     4.9434      8.608   240.1992 5.3029e+02    26.3777      0.358      0.518    20.7040 0.0000e+00
      0.372     -0.044     8.8664    100.819     32.053  29.314394     4.7196      8.605   239.9446 4.5024e+02    21.8309      0.364      0.527    20.7144 0.0000e+00
      0.377     -0.062     8.9465    100.708     32.069  29.332804     4.3082      8.603   239.8462 4.6589e+02    13.4881      0.378      0.546    20.7244 0.0000e+00
      0.360     -0.088     9.0020    100.505     32.093  29.360905     4.0810      8.601   239.6980 4.8862e+02     8.9221      0.367      0.531    20.7268 0.0000e+00
      0.319     -0.118     9.0355    100.275     32.196  29.463884     4.0530      8.598   239.6155 4.8242e+02     8.4356      0.311      0.451    20.7229 0.0000e+00
      0.275     -0.141     9.0439    100.077     32.289  29.563055     3.8870      8.596   239.7098 5.6433e+02     7.3667      0.263      0.381    20.7208 0.0000e+00
      0.238     -0.146     9.0267     99.978     32.314  29.608541     3.5558      8.593   239.8059 7.6251e+02     5.3229      0.241      0.349    20.7267 0.0000e+00
      0.191     -0.133     9.0059     99.957     32.313  29.633307     3.3773      8.589   239.6590 9.3257e+02     4.1515      0.189      0.275    20.7371 0.0000e+00
      0.142     -0.108     8.9824     99.968     32.262  29.608812     3.6352      8.587   239.3961 8.7375e+02     4.2378      0.129      0.186    20.7484 0.0000e+00
      0.115     -0.089     8.9564    100.022     32.200  29.566124     6.6409      8.587   239.2081 6.1999e+02     6.0241      0.106      0.154    20.7687 0.0000e+00
      0.109     -0.094     8.9433    100.112     32.257  29.624639    12.1191      8.586   239.5376 4.7604e+02     9.1483      0.104      0.151    20.8064 0.0000e+00
      0.112     -0.134     8.9357    100.216     32.382  29.745442    15.0639      8.586   239.5938 4.8763e+02    10.7557      0.110      0.159    20.8518 0.0000e+00
      0.111     -0.207     8.9288    100.386     32.449  29.821576    14.9963      8.585   238.1668 5.2127e+02    10.6684      0.119      0.171    20.8888 0.0000e+00
      0.077     -0.294     8.9291    100.647     32.452  29.847454    11.6015      8.582   236.9968 7.5882e+02     9.1520      0.102      0.148    20.9119 0.0000e+00
     -0.022     -0.370     8.9400    100.926     32.449  29.868073     5.3625      8.578   236.8036 1.2163e+03     6.4260      0.004      0.006    20.9166 0.0000e+00
     -0.182     -0.416     8.9444    101.007     32.439  29.880617     1.9352      8.576   235.3158 1.5015e+03     4.8997     -0.177     -0.256    20.9163 0.0000e+00
     -0.351     -0.420     8.9558    100.665     31.998  29.491709     1.5148      8.575   232.9465 1.5443e+03     4.7713     -0.360     -0.523    20.9398 0.0000e+00
     -0.483     -0.378     8.9724     99.875     27.364  25.229269     0.5546      8.574   231.7311 1.5344e+03     5.4202     -0.493     -0.715    20.9833 0.0000e+00
     -0.564     -0.298     8.9977     98.737     17.427  16.070245    -1.1184      8.572   231.5475 1.4522e+03     6.6997     -0.565     -0.819    21.0206 0.0000e+00
     -0.609     -0.203     9.0107     97.559     10.824   9.980995    -2.0171      8.571   234.2532 1.2445e+03     7.3972     -0.603     -0.876    21.0518 0.0000e+00
     -0.634     -0.116     8.9718     96.902     14.067  12.967275    -2.1061      8.570   240.2695 9.9919e+02     7.3633     -0.627     -0.911    21.0829 0.0000e+00
     -0.642     -0.050     8.8977     97.065     22.089  20.357598    -2.1273      8.566   243.4605 8.5657e+02     7.1435     -0.633     -0.918    21.0999 0.0000e+00
     -0.643     -0.010     8.7879     97.555     27.940  25.743482    -2.1313      8.558   239.9673 8.9834e+02     5.8673     -0.629     -0.911    21.1029 0.0000e+00
     -0.641      0.006     8.6627     97.638     31.155  28.697708    -2.1379      8.548   234.5147 1.0882e+03     3.6161     -0.634     -0.919    21.1027 0.0000e+00
     -0.626      0.008     8.5868     97.118     32.522  29.946808    -2.1491      8.539   232.1681 1.2614e+03     2.3663     -0.623     -0.904    21.0953 0.0000e+00
     -0.605      0.003     8.6269     96.356     31.351  28.858902    -2.1338      8.534   230.1801 1.3172e+03     2.3024     -0.578     -0.837    21.0801 0.0000e+00
     -0.608     -0.002     8.7034     95.631     25.643  23.598903    -1.8207      8.532   232.6759 1.2831e+03     3.4586     -0.587     -0.851    21.0655 0.0000e+00
     -0.630     -0.000     8.7172     94.640     16.698  15.363702    -1.2339      8.533   240.6628 1.1716e+03     5.6187     -0.627     -0.909    21.0527 0.0000e+00
     -0.642      0.010     8.6590     93.059     12.308  11.324282    -0.9230      8.533   242.6884 1.0671e+03     6.7631     -0.632     -0.916    21.0358 0.0000e+00
     -0.643      0.021     8.5756     91.072     12.388  11.399100    -0.8339      8.532   241.9389 1.0826e+03     6.9796     -0.631     -0.915    21.0191 0.0000e+00
     -0.636      0.025     8.5332     89.179     10.170   9.360225     0.1689      8.527   240.9786 1.1933e+03     8.8853     -0.633     -0.917    21.0054 0.0000e+00
     -0.607      0.020     8.4599     87.675      6.932   6.380722     2.0205      8.521   236.1538 1.3079e+03    12.3835     -0.607     -0.880    20.9964 0.0000e+00
     -0.567      0.008     8.3126     86.521      5.396   4.966391     3.0100      8.518   232.8173 1.3470e+03    14.1946     -0.537     -0.778    20.9917 0.0000e+00
     -0.567     -0.007     8.1126     85.593      4.670   4.297348     3.0266      8.517   231.9547 1.2768e+03    13.9086     -0.535     -0.775    21.0010 0.0000e+00
     -0.606     -0.022     7.9307     84.838      4.202   3.866355     2.3633      8.515   232.7794 1.1231e+03     9.6077     -0.607     -0.880    21.0204 0.0000e+00
     -0.636     -0.036     7.8026     84.345      3.797   3.492930     1.1323      8.515   237.6268 9.4263e+02     1.7496     -0.631     -0.917    21.0194 0.0000e+00
     -0.643     -0.039     7.7040     84.121      3.482   3.203117     0.4439      8.513   243.9300 7.9417e+02    -2.5699     -0.629     -0.913    21.0071 0.0000e+00
     -0.643     -0.027     7.6277     84.025      3.286   3.022856     0.3580      8.505   248.6784 6.8896e+02    -2.9596     -0.630     -0.915    21.0009 0.0000e+00
     -0.643     -0.011     7.5530     83.932      3.149   2.897083     0.3346      8.490   252.6215 6.1583e+02    -1.8010     -0.629     -0.914    20.9976 0.0000e+00
     -0.643     -0.002     7.5095     83.806      2.999   2.759296     0.3199      8.469   255.3825 5.7832e+02     0.4389     -0.630     -0.915    20.9956 0.0000e+00
     -0.643 -1.141e-09     7.4966     83.672      2.852   2.623793     0.3048      8.440   255.8197 5.4101e+02     1.5432     -0.630     -0.914    20.9938 0.0000e+00
     -0.643 -1.255e-08     7.4918     83.555      2.677   2.462294     0.3103      8.412   256.1010 4.5681e+02     1.6106     -0.631     -0.915    20.9922 0.0000e+00
     -0.643 -1.381e-07     7.4851     83.438      2.462   2.263567     0.3526      8.389   258.4390 3.5786e+02     1.7663     -0.631     -0.915    20.9908 0.0000e+00
     -0.643 -1.381e-07     7.4721     83.290      2.308   2.121327     0.5501      8.369   264.3853 3.0346e+02     1.9914     -0.630     -0.914    20.9899 0.0000e+00
     -0.642 -1.256e-08     7.4599     83.128      2.256   2.072713     0.8843      8.348   273.7924 2.7413e+02     2.2138     -0.630     -0.913    20.9878 0.0000e+00
     -0.642 -1.151e-09     7.4505     82.979      2.237   2.055837     1.0725      8.331   278.3113 2.3499e+02     2.3715     -0.630     -0.913    20.9802 0.0000e+00
     -0.643 -2.075e-10     7.4448     82.909      2.224   2.043963     1.0943      8.325   277.7244 1.9924e+02     2.4297     -0.631     -0.915    20.9673 0.0000e+00
     -0.643 -9.990e-29     7.4312 -9.990e-29 -9.990e-29 -9.990e-29 -9.990e-29 -9.990e-29 -9.990e-29 1.7871e+02 -9.990e-29     -0.631     -0.915    20.9539 0.0000e+00
     -0.643 -9.990e-29     7.4183 -9.990e-29 -9.990e-29 -9.990e-29 -9.990e-29 -9.990e-29 -9.990e-29 1.6852e+02 -9.990e-29     -0.631     -0.915    20.9442 0.0000e+00
     -0.643 -9.990e-29     7.4043 -9.990e-29 -9.990e-29 -9.990e-29 -9.990e-29 -9.990e-29 -9.990e-29 1.6292e+02 -9.990e-29     -0.631     -0.915    20.9399 0.0000e+00
     -0.643 -9.990e-29     7.3927 -9.990e-29 -9.990e-29 -9.990e-29 -9.990e-29 -9.990e-29 -9.990e-29 1.6081e+02 -9.990e-29     -0.630     -0.914    20.9389 0.0000e+00
