Data/DataNotYetUploadedToEDI/Raw_CTD/RawDownloads/042125_fcr40_S7809006.cnv
* Sea-Bird SBE19plus  Data File:
* FileName = C:\R\Reservoirs\Data\DataNotYetUploadedToEDI\Raw_CTD\RawDownloads\042125_fcr50_S7809_0006.hex
* Software version 2.8.0.119
* Temperature SN = 7809
* Conductivity SN = 7809
* System UpLoad Time = Apr 22 2025 10:37:25
* <ApplicationData>
* <Seaterm232>
# nquan = 15
# nvalues = 1794                        
# units = specified
# name 0 = depFM: Depth [fresh water, m]
# name 1 = dz/dtM: Descent Rate [m/s]
# name 2 = sbeox0Mg/L: Oxygen, SBE 43 [mg/l]
# name 3 = sbeox0PS: Oxygen, SBE 43 [% saturation]
# name 4 = specc: Specific Conductance [uS/cm]
# name 5 = c0uS/cm: Conductivity [uS/cm]
# name 6 = flECO-AFL: Fluorescence, WET Labs ECO-AFL/FL [mg/m^3]
# name 7 = ph: pH
# name 8 = orp: Oxidation Reduction Potential [mV]
# name 9 = par/sat/log: PAR/Logarithmic, Satlantic
# name 10 = turbWETntu0: Turbidity, WET Labs ECO [NTU]
# name 11 = prdM: Pressure, Strain Gauge [db]
# name 12 = prdE: Pressure, Strain Gauge [psi]
# name 13 = tv290C: Temperature [ITS-90, deg C]
# name 14 = flag:  0.000e+00
# span 0 =     -0.645,      7.015       
# span 1 =     -0.433,      0.331       
# span 2 =     6.1849,    11.7886       
# span 3 =     66.794,    113.580       
# span 4 =      0.905,     35.723       
# span 5 =   0.762926,  28.406275       
# span 6 =    -0.1841,    41.2218       
# span 7 =      8.016,      9.830       
# span 8 =  -825.8338,  1240.2295       
# span 9 = 3.2146e-01, 6.1159e+02       
# span 10 =     1.3102,   193.5010      
# span 11 =     -0.633,      6.880      
# span 12 =     -0.920,      9.979      
# span 13 =     9.0300,    19.7619      
# span 14 = 0.0000e+00, 0.0000e+00      
# interval = seconds: 0.25
# start_time = Apr 21 2025 15:20:26 [Instrument's time stamp, header]
# bad_flag = -9.990e-29
*END*
[from data line 772]
      1.549      0.027    10.5455    106.982     31.434  25.843946     3.3318      9.153   248.8370 5.8945e+01     2.1017      1.520      2.205    16.1403 0.0000e+00
      1.554      0.025    10.5341    106.971     31.349  25.758587     3.3634      9.156   248.9950 5.8900e+01     1.9741      1.525      2.211    16.1285 0.0000e+00
      1.559      0.023    10.5266    106.877     31.334  25.722878     3.3718      9.158   248.9887 5.8782e+01     1.9609      1.528      2.216    16.1202 0.0000e+00
      1.564      0.023    10.5273    106.740     31.371  25.729259     3.4008      9.160   249.0191 5.8647e+01     2.0782      1.533      2.224    16.1150 0.0000e+00
      1.570      0.024    10.5359    106.586     31.369  25.708870     3.4063      9.161   249.3619 5.8489e+01     2.0937      1.541      2.234    16.1110 0.0000e+00
      1.577      0.025    10.5421    106.414     31.338  25.666590     3.3881      9.163   249.9502 5.8289e+01     2.0127      1.547      2.243    16.0858 0.0000e+00
      1.582      0.028    10.5398    106.254     31.355  25.661967     3.3801      9.166   250.3679 5.8064e+01     1.9862      1.552      2.250    16.0417 0.0000e+00
      1.588      0.030    10.5347    106.144     31.370  25.652954     3.3921      9.167   250.0252 5.7775e+01     2.0127      1.557      2.257    15.9999 0.0000e+00
      1.597      0.031    10.5271    106.072     31.358  25.621005     3.4587      9.167   249.2476 5.7422e+01     2.0249      1.564      2.270    15.9714 0.0000e+00
      1.607      0.030    10.5137    106.029     31.344  25.592736     3.5616      9.169   248.7954 5.7037e+01     1.9638      1.574      2.284    15.9494 0.0000e+00
      1.617      0.027    10.5016    106.021     31.322  25.564819     3.6125      9.172   248.6014 5.6664e+01     1.9573      1.587      2.301    15.9203 0.0000e+00
      1.625      0.025    10.5008    106.028     31.297  25.537122     3.6250      9.173   248.3652 5.6476e+01     2.0484      1.596      2.313    15.8837 0.0000e+00
      1.628      0.025    10.5023    106.035     31.281  25.511517     3.6535      9.174   248.1754 5.6414e+01     2.0748      1.597      2.316    15.8459 0.0000e+00
      1.630      0.025    10.5034    106.018     31.301  25.508898     3.6909      9.176   248.1138 5.6245e+01     2.0041      1.598      2.317    15.8167 0.0000e+00
      1.634      0.026    10.5073    105.948     31.326  25.505430     3.7115      9.178   248.1371 5.5908e+01     1.9451      1.600      2.321    15.8040 0.0000e+00
      1.643      0.027    10.5092    105.848     31.311  25.469552     3.7115      9.180   248.1131 5.5491e+01     1.9757      1.610      2.337    15.7977 0.0000e+00
      1.654      0.028    10.5148    105.770     31.318  25.455582     3.7240      9.181   247.9957 5.5151e+01     2.0327      1.623      2.356    15.7792 0.0000e+00
      1.663      0.028    10.5227    105.741     31.344  25.463340     3.7377      9.182   247.9227 5.4881e+01     1.9508      1.632      2.367    15.7457 0.0000e+00
      1.670      0.027    10.5238    105.775     31.323  25.436497     3.7183      9.182   247.9177 5.4671e+01     1.7714      1.638      2.375    15.7041 0.0000e+00
      1.675      0.025    10.5197    105.865     31.274  25.384684     3.7065      9.183   247.8497 5.4529e+01     1.7423      1.642      2.381    15.6673 0.0000e+00
      1.680      0.025    10.5186    105.943     31.251  25.344213     3.6863      9.184   247.7887 5.4340e+01     1.8371      1.647      2.388    15.6347 0.0000e+00
      1.685      0.025    10.5210    105.948     31.266  25.327646     3.6233      9.186   247.8677 5.4113e+01     1.8593      1.652      2.397    15.6103 0.0000e+00
      1.691      0.027    10.5255    105.909     31.279  25.311174     3.5695      9.188   247.9450 5.3869e+01     1.8061      1.658      2.405    15.6013 0.0000e+00
      1.699      0.030    10.5404    105.854     31.259  25.271847     3.5433      9.189   247.9495 5.3592e+01     1.7406      1.667      2.417    15.5887 0.0000e+00
      1.707      0.034    10.5603    105.757     31.237  25.232625     3.5487      9.190   247.9224 5.3280e+01     1.7492      1.674      2.428    15.5520 0.0000e+00
      1.715      0.037    10.5702    105.617     31.248  25.217426     3.5765      9.192   247.9608 5.2944e+01     1.8086      1.681      2.439    15.4981 0.0000e+00
      1.725      0.039    10.5747    105.451     31.280  25.214889     3.5798      9.194   248.1561 5.2564e+01     1.7760      1.691      2.453    15.4524 0.0000e+00
      1.737      0.039    10.5799    105.292     31.300  25.201913     3.5546      9.196   248.3042 5.2116e+01     1.6960      1.703      2.469    15.4198 0.0000e+00
      1.748      0.038    10.5761    105.208     31.313  25.187334     3.5385      9.198   248.2893 5.1709e+01     1.6950      1.715      2.488    15.3876 0.0000e+00
      1.758      0.036    10.5703    105.208     31.309  25.165417     3.5510      9.199   248.2338 5.1386e+01     1.7981      1.725      2.502    15.3494 0.0000e+00
      1.767      0.033    10.5641    105.219     31.285  25.127150     3.5721      9.199   248.2355 5.1109e+01     1.8497      1.733      2.514    15.3035 0.0000e+00
      1.775      0.031    10.5556    105.226     31.285  25.105130     3.5701      9.200   248.2234 5.0919e+01     1.7727      1.742      2.527    15.2525 0.0000e+00
      1.781      0.029    10.5558    105.272     31.295  25.089407     3.5516      9.202   248.1735 5.0793e+01     1.7552      1.746      2.534    15.2107 0.0000e+00
      1.786      0.027    10.5663    105.360     31.291  25.063851     3.5310      9.204   248.2355 5.0585e+01     1.8428      1.750      2.539    15.1860 0.0000e+00
      1.794      0.027    10.5743    105.474     31.299  25.049772     3.5037      9.206   248.2845 5.0309e+01     1.9098      1.758      2.550    15.1580 0.0000e+00
      1.803      0.028    10.5795    105.556     31.316  25.045990     3.4798      9.207   248.2489 5.0118e+01     1.8818      1.769      2.566    15.1211 0.0000e+00
      1.809      0.030    10.5948    105.588     31.301  25.018100     3.4579      9.209   248.2358 4.9955e+01     1.8119      1.775      2.574    15.0829 0.0000e+00
      1.814      0.033    10.6113    105.615     31.261  24.966215     3.4143      9.210   248.2117 4.9718e+01     1.8838      1.779      2.579    15.0440 0.0000e+00
      1.822      0.036    10.6338    105.634     31.244  24.925964     3.3685      9.211   248.2159 4.9468e+01     2.0681      1.786      2.591    15.0107 0.0000e+00
      1.832      0.038    10.6505    105.635     31.261  24.911901     3.3453      9.212   248.2868 4.9200e+01     2.1272      1.796      2.605    14.9822 0.0000e+00
      1.844      0.040    10.6537    105.629     31.305  24.922986     3.3253      9.212   248.3803 4.8862e+01     2.0523      1.807      2.621    14.9616 0.0000e+00
      1.857      0.040    10.6651    105.596     31.340  24.933124     3.3019      9.213   248.4003 4.8488e+01     1.9828      1.821      2.641    14.9340 0.0000e+00
      1.868      0.039    10.6784    105.545     31.323  24.907624     3.1959      9.214   248.3559 4.8163e+01     1.9353      1.834      2.660    14.8855 0.0000e+00
      1.877      0.037    10.6877    105.498     31.290  24.868318     3.0080      9.215   248.4463 4.7918e+01     1.8883      1.842      2.671    14.8389 0.0000e+00
      1.884      0.036    10.6984    105.427     31.278  24.838360     2.8954      9.216   248.6330 4.7683e+01     1.8235      1.848      2.680    14.7990 0.0000e+00
      1.892      0.035    10.7016    105.309     31.262  24.799045     2.8574      9.217   248.7201 4.7418e+01     1.7335      1.855      2.691    14.7697 0.0000e+00
      1.901      0.035    10.6965    105.170     31.265  24.773428     2.7989      9.217   248.8111 4.7145e+01     1.7222      1.864      2.704    14.7585 0.0000e+00
      1.911      0.035    10.6983    105.039     31.303  24.782264     2.7129      9.218   248.9593 4.6847e+01     1.7550      1.873      2.718    14.7407 0.0000e+00
      1.921      0.036    10.7005    104.948     31.315  24.779021     2.6579      9.219   249.0491 4.6557e+01     1.7546      1.885      2.734    14.7058 0.0000e+00
      1.929      0.038    10.6971    104.926     31.275  24.734206     2.6416      9.221   249.0365 4.6354e+01     1.7853      1.892      2.746    14.6597 0.0000e+00
      1.936      0.040    10.6938    104.939     31.236  24.684310     2.6404      9.222   248.9788 4.6134e+01     1.8183      1.898      2.753    14.6113 0.0000e+00
      1.946      0.040    10.6880    104.964     31.260  24.683037     2.6764      9.223   249.0400 4.5784e+01     1.8466      1.907      2.766    14.5751 0.0000e+00
      1.959      0.039    10.6796    105.019     31.321  24.718797     2.7110      9.223   249.1735 4.5406e+01     1.8205      1.921      2.787    14.5600 0.0000e+00
      1.973      0.038    10.6834    105.089     31.348  24.736163     2.7012      9.223   249.3021 4.5095e+01     1.7074      1.935      2.808    14.5451 0.0000e+00
      1.984      0.035    10.6949    105.136     31.305  24.702757     2.6908      9.224   249.3909 4.4856e+01     1.7094      1.946      2.824    14.5092 0.0000e+00
      1.991      0.031    10.7032    105.136     31.220  24.631964     2.7020      9.225   249.3873 4.4676e+01     1.8446      1.954      2.834    14.4718 0.0000e+00
      1.995      0.028    10.7156    105.067     31.168  24.577789     2.7112      9.225   249.4313 4.4496e+01     1.9075      1.956      2.837    14.4508 0.0000e+00
      2.000      0.027    10.7247    104.961     31.165  24.555037     2.7027      9.225   249.5784 4.4290e+01     1.8543      1.961      2.844    14.4487 0.0000e+00
      2.006      0.027    10.7281    104.859     31.184  24.547093     2.6813      9.226   249.7029 4.4069e+01     1.7823      1.967      2.853    14.4564 0.0000e+00
      2.014      0.028    10.7306    104.774     31.209  24.545130     2.6866      9.227   249.7318 4.3834e+01     1.7886      1.976      2.865    14.4523 0.0000e+00
      2.022      0.030    10.7280    104.709     31.219  24.531273     2.7086      9.229   249.7553 4.3604e+01     1.8280      1.983      2.878    14.4274 0.0000e+00
      2.030      0.031    10.7224    104.628     31.215  24.506361     2.6975      9.230   249.8152 4.3383e+01     1.8148      1.990      2.886    14.3930 0.0000e+00
      2.038      0.031    10.7220    104.535     31.233  24.497558     2.6774      9.230   249.8534 4.3133e+01     1.7649      1.999      2.899    14.3555 0.0000e+00
      2.047      0.031    10.7200    104.479     31.249  24.488232     2.6901      9.231   249.8739 4.2884e+01     1.7371      2.007      2.912    14.3184 0.0000e+00
      2.055      0.031    10.7237    104.453     31.236  24.456989     2.7264      9.232   249.8912 4.2699e+01     1.7866      2.016      2.923    14.2871 0.0000e+00
      2.062      0.032    10.7239    104.447     31.235  24.436846     2.7584      9.234   249.9767 4.2550e+01     1.8171      2.022      2.932    14.2531 0.0000e+00
      2.068      0.035    10.7189    104.467     31.253  24.434907     2.7601      9.235   250.1323 4.2405e+01     1.7641      2.028      2.941    14.2137 0.0000e+00
      2.077      0.037    10.7243    104.513     31.268  24.433537     2.7645      9.235   250.3098 4.2196e+01     1.7936      2.036      2.952    14.1778 0.0000e+00
      2.087      0.038    10.7288    104.585     31.266  24.420260     2.8029      9.235   250.4027 4.1882e+01     1.9012      2.046      2.967    14.1440 0.0000e+00
      2.100      0.038    10.7357    104.675     31.255  24.401192     2.8251      9.235   250.3946 4.1567e+01     1.9386      2.060      2.987    14.1125 0.0000e+00
      2.111      0.038    10.7438    104.770     31.257  24.393225     2.8163      9.235   250.4704 4.1317e+01     1.8700      2.072      3.005    14.0870 0.0000e+00
      2.120      0.037    10.7530    104.843     31.260  24.387337     2.7878      9.236   250.5443 4.1122e+01     1.7535      2.080      3.016    14.0675 0.0000e+00
      2.128      0.034    10.7654    104.874     31.275  24.393410     2.7640      9.237   250.5145 4.0956e+01     1.7265      2.087      3.026    14.0487 0.0000e+00
      2.136      0.032    10.7789    104.869     31.291  24.403220     2.7701      9.237   250.4543 4.0786e+01     1.7826      2.095      3.039    14.0304 0.0000e+00
      2.145      0.031    10.7937    104.833     31.261  24.379120     2.7610      9.237   250.5048 4.0623e+01     1.7834      2.104      3.050    14.0160 0.0000e+00
      2.152      0.031    10.8052    104.750     31.233  24.355683     2.7117      9.237   250.6943 4.0455e+01     1.7699      2.111      3.060    14.0033 0.0000e+00
      2.159      0.032    10.8100    104.637     31.261  24.373502     2.6488      9.237   250.8532 4.0233e+01     1.8241      2.117      3.070    13.9936 0.0000e+00
      2.165      0.034    10.8096    104.547     31.306  24.404321     2.6251      9.237   250.9630 3.9998e+01     1.8571      2.123      3.080    13.9901 0.0000e+00
      2.174      0.034    10.8076    104.520     31.319  24.411221     2.6486      9.238   251.0760 3.9751e+01     1.8621      2.131      3.091    13.9892 0.0000e+00
      2.185      0.035    10.7990    104.557     31.299  24.393515     2.6260      9.240   251.1861 3.9465e+01     1.8164      2.142      3.107    13.9875 0.0000e+00
      2.196      0.036    10.7859    104.635     31.283  24.380485     2.5515      9.240   251.2623 3.9221e+01     1.7481      2.155      3.124    13.9833 0.0000e+00
      2.206      0.036    10.7768    104.727     31.286  24.380496     2.5221      9.241   251.3089 3.9037e+01     1.7884      2.165      3.138    13.9736 0.0000e+00
      2.212      0.036    10.7763    104.806     31.309  24.393651     2.5208      9.241   251.3199 3.8838e+01     1.8255      2.169      3.146    13.9659 0.0000e+00
      2.220      0.035    10.7817    104.866     31.340  24.412708     2.5017      9.241   251.3087 3.8571e+01     1.7526      2.175      3.155    13.9646 0.0000e+00
      2.231      0.034    10.7898    104.926     31.352  24.420663     2.4742      9.241   251.3453 3.8327e+01     1.6927      2.188      3.173    13.9653 0.0000e+00
      2.241      0.034    10.8019    105.001     31.359  24.426418     2.4552      9.241   251.3322 3.8182e+01     1.7512      2.200      3.189    13.9625 0.0000e+00
      2.248      0.035    10.8124    105.072     31.349  24.418873     2.4632      9.241   251.2363 3.8054e+01     1.8437      2.204      3.198    13.9522 0.0000e+00
      2.256      0.036    10.8198    105.116     31.319  24.392846     2.4618      9.241   251.1332 3.7879e+01     1.8205      2.212      3.209    13.9427 0.0000e+00
      2.265      0.036    10.8258    105.151     31.291  24.365384     2.4388      9.240   251.0314 3.7663e+01     1.7101      2.220      3.220    13.9410 0.0000e+00
      2.274      0.036    10.8334    105.156     31.271  24.340491     2.4443      9.239   251.0376 3.7434e+01     1.7048      2.229      3.233    13.9437 0.0000e+00
      2.285      0.036    10.8428    105.085     31.292  24.345514     2.4693      9.239   251.1225 3.7224e+01     1.8244      2.240      3.249    13.9448 0.0000e+00
      2.295      0.035    10.8462    104.948     31.330  24.362686     2.4747      9.239   251.1111 3.7049e+01     1.8917      2.251      3.265    13.9392 0.0000e+00
      2.305      0.034    10.8525    104.760     31.339  24.357854     2.4351      9.239   251.0717 3.6898e+01     1.8361      2.261      3.279    13.9307 0.0000e+00
      2.313      0.032    10.8598    104.535     31.344  24.350496     2.3648      9.239   251.1628 3.6782e+01     1.8014      2.268      3.290    13.9186 0.0000e+00
      2.320      0.030    10.8552    104.329     31.337  24.337136     2.3400      9.239   251.2664 3.6722e+01     1.8814      2.275      3.299    13.8976 0.0000e+00
