Data/DataNotYetUploadedToEDI/Raw_CTD/RawDownloads/042125_fcr10_S7809003.cnv
* Sea-Bird SBE19plus  Data File:
* FileName = C:\R\Reservoirs\Data\DataNotYetUploadedToEDI\Raw_CTD\RawDownloads\042125_fcr50_S7809_0003.hex
* Software version 2.8.0.119
* Temperature SN = 7809
* Conductivity SN = 7809
* System UpLoad Time = Apr 22 2025 10:35:27
* <ApplicationData>
* <Seaterm232>
# nquan = 15
# nvalues = 746                         
# units = specified
# name 0 = depFM: Depth [fresh water, m]
# name 1 = dz/dtM: Descent Rate [m/s]
# name 2 = sbeox0Mg/L: Oxygen, SBE 43 [mg/l]
# name 3 = sbeox0PS: Oxygen, SBE 43 [% saturation]
# name 4 = specc: Specific Conductance [uS/cm]
# name 5 = c0uS/cm: Conductivity [uS/cm]
# name 6 = flECO-AFL: Fluorescence, WET Labs ECO-AFL/FL [mg/m^3]
# name 7 = ph: pH
# name 8 = orp: Oxidation Reduction Potential [mV]
# name 9 = par/sat/log: PAR/Logarithmic, Satlantic
# name 10 = turbWETntu0: Turbidity, WET Labs ECO [NTU]
# name 11 = prdM: Pressure, Strain Gauge [db]
# name 12 = prdE: Pressure, Strain Gauge [psi]
# name 13 = tv290C: Temperature [ITS-90, deg C]
# name 14 = flag:  0.000e+00
# span 0 =     -0.643,      0.491       
# span 1 =     -0.420,      0.325       
# span 2 =     4.9715,    10.1155       
# span 3 =     56.084,    112.526       
# span 4 =      2.224,     34.302       
# span 5 =   2.043963,  31.219930       
# span 6 =    -2.1491,    31.2908       
# span 7 =      8.073,      8.613       
# span 8 =   177.6759,   278.3113       
# span 9 = 6.6884e+01, 2.1351e+03       
# span 10 =    -2.9596,   144.4753      
# span 11 =     -0.634,      0.482      
# span 12 =     -0.919,      0.699      
# span 13 =    20.4376,    21.9859      
# span 14 = 0.0000e+00, 0.0000e+00      
# interval = seconds: 0.25
# start_time = Apr 21 2025 14:43:01 [Instrument's time stamp, header]
# bad_flag = -9.990e-29
*END*
[from data line 97]
      0.180     -0.011     6.0252     65.940     32.250  29.628681     1.3334      8.263   222.8852 1.9040e+02     1.9033      0.178      0.258    20.9269 0.0000e+00
      0.176     -0.012     5.9860     65.612     32.276  29.653920     1.3213      8.263   223.0631 1.9145e+02     1.8589      0.174      0.252    20.9291 0.0000e+00
      0.171     -0.013     5.9497     65.305     32.315  29.690501     1.3242      8.263   223.3378 1.9282e+02     1.9401      0.166      0.241    20.9299 0.0000e+00
      0.166     -0.015     5.9166     65.020     32.315  29.690399     1.3432      8.263   223.6257 1.9296e+02     2.0309      0.161      0.234    20.9296 0.0000e+00
      0.165     -0.016     5.8849     64.786     32.274  29.652685     1.3505      8.264   223.7904 1.9334e+02     1.9999      0.161      0.234    20.9319 0.0000e+00
      0.162     -0.013     5.8549     64.593     32.233  29.615088     1.3381      8.264   223.9524 1.9633e+02     1.9070      0.161      0.233    20.9345 0.0000e+00
      0.156     -0.006     5.8288     64.411     32.234  29.616398     1.3267      8.264   224.2080 1.9819e+02     1.9329      0.154      0.223    20.9357 0.0000e+00
      0.149      0.002     5.8005     64.259     32.290  29.668525     1.3210      8.264   224.4719 1.9924e+02     2.0053      0.144      0.208    20.9350 0.0000e+00
      0.148      0.009     5.7808     64.148     32.365  29.737901     1.3108      8.264   224.6489 2.0168e+02     1.9963      0.141      0.205    20.9332 0.0000e+00
      0.155      0.014     5.7658     64.099     32.381  29.757484     1.2952      8.264   224.7989 2.0243e+02     1.9955      0.149      0.217    20.9348 0.0000e+00
      0.167      0.015     5.7476     64.208     32.321  29.715022     1.2895      8.265   224.9086 2.0009e+02     2.0295      0.164      0.239    20.9350 0.0000e+00
      0.177      0.012     5.7335     64.465     32.257  29.668530     1.3173      8.266   225.0284 1.9707e+02     2.0662      0.177      0.257    20.9356 0.0000e+00
      0.181      0.006     5.7253     64.723     32.221  29.639385     1.3562      8.266   225.3019 1.9374e+02     2.0292      0.180      0.260    20.9337 0.0000e+00
      0.177      0.000     5.7146     64.943     32.197  29.616355     1.3603      8.266   225.5472 1.8985e+02     1.9235      0.174      0.252    20.9367 0.0000e+00
      0.169     -0.004     5.7207     65.182     32.230  29.643789     1.3336      8.266   225.6713 1.8876e+02     1.8813      0.165      0.240    20.9636 0.0000e+00
      0.163     -0.004     5.7495     65.432     32.311  29.717367     1.3006      8.267   225.7704 1.8960e+02     1.9292      0.159      0.229    20.9874 0.0000e+00
      0.163     -0.003     5.7725     65.717     32.338  29.744817     1.2848      8.268   225.8846 1.9012e+02     2.0244      0.158      0.229    20.9925 0.0000e+00
      0.167      0.000     5.7880     66.146     32.306  29.721959     1.2930      8.268   226.1052 1.9349e+02     2.0413      0.164      0.238    20.9884 0.0000e+00
      0.172      0.002     5.8121     66.708     32.268  29.694726     1.2918      8.268   226.3736 1.9799e+02     1.9632      0.170      0.248    20.9832 0.0000e+00
      0.173      0.002     5.8356     67.296     32.233  29.669280     1.2868      8.268   226.5491 2.0059e+02     1.9682      0.171      0.248    20.9788 0.0000e+00
      0.171      0.001     5.8536     67.861     32.227  29.668023     1.2990      8.269   226.6779 2.0175e+02     2.0674      0.167      0.242    20.9804 0.0000e+00
      0.168      0.000     5.8914     68.374     32.237  29.679535     1.3065      8.270   226.8122 2.0141e+02     2.1382      0.164      0.238    20.9965 0.0000e+00
      0.168     -0.001     5.9457     68.772     32.238  29.681612     1.3014      8.272   226.9690 1.9995e+02     2.1067      0.163      0.237    21.0097 0.0000e+00
      0.169     -0.001     5.9969     68.992     32.250  29.693135     1.2879      8.274   227.1970 1.9827e+02     1.9938      0.166      0.241    21.0192 0.0000e+00
      0.171     -0.001     6.0469     68.997     32.247  29.692001     1.2853      8.274   227.4178 1.9738e+02     1.9340      0.169      0.245    21.0268 0.0000e+00
      0.171     -0.001     6.0951     68.804     32.221  29.667897     1.3018      8.274   227.5736 1.9664e+02     1.9649      0.169      0.245    21.0283 0.0000e+00
      0.170     -0.003     6.1320     68.471     32.206  29.655421     1.2963      8.274   227.7048 1.9565e+02     1.9920      0.167      0.242    21.0301 0.0000e+00
      0.169     -0.006     6.1530     68.069     32.219  29.668011     1.2692      8.274   227.7993 1.9620e+02     1.9535      0.166      0.240    21.0320 0.0000e+00
      0.168     -0.007     6.1529     67.645     32.246  29.693268     1.2569      8.275   227.9414 1.9803e+02     1.9103      0.165      0.239    21.0331 0.0000e+00
      0.165     -0.006     6.1331     67.209     32.261  29.707088     1.2637      8.276   228.2192 1.9907e+02     1.9472      0.163      0.235    21.0339 0.0000e+00
      0.160     -0.005     6.1015     66.796     32.262  29.708240     1.2853      8.278   228.4903 2.0041e+02     1.9894      0.157      0.228    21.0345 0.0000e+00
      0.158     -0.002     6.0632     66.437     32.260  29.707200     1.2929      8.278   228.7245 2.0184e+02     1.9431      0.153      0.222    21.0349 0.0000e+00
      0.158      0.000     6.0265     66.100     32.246  29.694516     1.2901      8.278   228.8993 2.0202e+02     1.9337      0.155      0.224    21.0362 0.0000e+00
      0.161      0.001     5.9860     65.770     32.231  29.681736     1.3014      8.278   228.9692 2.0252e+02     2.0118      0.159      0.230    21.0372 0.0000e+00
      0.165      0.001     5.9467     65.450     32.228  29.679544     1.3132      8.279   229.1392 2.0273e+02     2.0683      0.162      0.236    21.0379 0.0000e+00
      0.166      0.001     5.9175     65.133     32.215  29.668012     1.3244      8.281   229.3212 2.0132e+02     2.0360      0.164      0.238    21.0391 0.0000e+00
      0.164      0.000     5.8875     64.846     32.215  29.669165     1.3116      8.282   229.4478 1.9948e+02     1.9290      0.161      0.234    21.0400 0.0000e+00
      0.160      0.000     5.8572     64.621     32.242  29.693487     1.2916      8.283   229.6371 1.9954e+02     1.9357      0.156      0.226    21.0394 0.0000e+00
      0.159      0.001     5.8303     64.462     32.257  29.708364     1.3079      8.283   229.7178 2.0074e+02     2.0488      0.155      0.225    21.0402 0.0000e+00
      0.160      0.002     5.7997     64.297     32.272  29.722184     1.3256      8.284   229.8214 2.0133e+02     2.0674      0.157      0.228    21.0426 0.0000e+00
      0.163      0.004     5.7734     64.054     32.286  29.733716     1.3136      8.284   230.0293 2.0150e+02     1.9893      0.160      0.232    21.0432 0.0000e+00
      0.165      0.004     5.7526     63.799     32.273  29.720936     1.2878      8.283   230.1662 2.0194e+02     1.8900      0.162      0.235    21.0437 0.0000e+00
      0.167      0.003     5.7402     63.564     32.243  29.694517     1.2883      8.282   230.3584 2.0310e+02     1.8920      0.164      0.238    21.0448 0.0000e+00
      0.168      0.002     5.7317     63.304     32.213  29.668021     1.3118      8.282   230.6322 2.0297e+02     2.0125      0.166      0.240    21.0443 0.0000e+00
      0.167      0.001     5.7039     63.026     32.196  29.654286     1.3049      8.282   230.8096 2.0206e+02     2.0493      0.164      0.237    21.0422 0.0000e+00
      0.165      0.001     5.6807     62.763     32.197  29.655317     1.2798      8.283   230.8683 2.0136e+02     2.0290      0.161      0.234    21.0408 0.0000e+00
      0.165      0.001     5.6633     62.531     32.224  29.680488     1.2750      8.283   230.9119 2.0099e+02     2.0409      0.161      0.234    21.0422 0.0000e+00
      0.166      0.001     5.6382     62.312     32.251  29.704905     1.2882      8.284   230.9929 2.0149e+02     2.0226      0.163      0.236    21.0453 0.0000e+00
      0.168      0.002     5.6123     62.092     32.241  29.696821     1.2984      8.284   231.1587 2.0114e+02     1.9786      0.165      0.240    21.0473 0.0000e+00
      0.169      0.002     5.5878     61.854     32.253  29.709611     1.2818      8.284   231.3685 2.0089e+02     1.9178      0.166      0.241    21.0479 0.0000e+00
      0.169      0.002     5.5686     61.605     32.277  29.732686     1.2706      8.284   231.5504 2.0149e+02     1.9364      0.165      0.240    21.0482 0.0000e+00
      0.169      0.001     5.5487     61.358     32.264  29.722099     1.2866      8.283   231.7234 2.0267e+02     2.0338      0.166      0.242    21.0485 0.0000e+00
      0.169      0.000     5.5302     61.093     32.247  29.708469     1.3008      8.282   231.8250 2.0332e+02     2.0703      0.167      0.241    21.0495 0.0000e+00
      0.169 -1.385e-10     5.5087     60.822     32.231  29.694752     1.3013      8.283   231.9190 2.0269e+02     2.0021      0.166      0.240    21.0512 0.0000e+00
      0.169 -1.524e-09     5.4845     60.570     32.217  29.683107     1.2840      8.284   232.0854 2.0220e+02     1.8930      0.165      0.240    21.0536 0.0000e+00
      0.169 -1.676e-08     5.4646     60.318     32.228  29.694536     1.2753      8.285   232.2021 2.0190e+02     1.8777      0.165      0.239    21.0560 0.0000e+00
      0.169 -1.844e-07     5.4401     60.079     32.239  29.706067     1.2953      8.285   232.2971 2.0210e+02     1.9533      0.166      0.240    21.0583 0.0000e+00
      0.169 -1.844e-07     5.4135     59.870     32.227  29.695668     1.3018      8.286   232.4608 2.0222e+02     1.9543      0.165      0.239    21.0604 0.0000e+00
      0.169 -1.646e-08     5.3933     59.664     32.225  29.695677     1.2870      8.286   232.6321 2.0153e+02     1.8549      0.166      0.240    21.0622 0.0000e+00
      0.169 1.8348e-09     5.3698     59.452     32.235  29.706171     1.2749      8.286   232.7331 2.0123e+02     1.8100      0.166      0.240    21.0640 0.0000e+00
      0.168 3.6809e-08     5.3466     59.237     32.222  29.695686     1.2718      8.286   232.8216 2.0190e+02     1.8898      0.165      0.240    21.0658 0.0000e+00
      0.168 4.0641e-07     5.3302     59.030     32.221  29.695772     1.2910      8.285   232.9277 2.0228e+02     1.9654      0.165      0.239    21.0678 0.0000e+00
      0.168      0.000     5.3112     58.844     32.232  29.707209     1.2982      8.284   233.0699 2.0182e+02     1.9390      0.165      0.240    21.0701 0.0000e+00
      0.168      0.000     5.2919     58.669     32.232  29.707114     1.2765      8.284   233.2501 2.0196e+02     1.9116      0.165      0.240    21.0724 0.0000e+00
      0.169      0.001     5.2727     58.487     32.217  29.694628     1.2778      8.284   233.3862 2.0229e+02     1.9766      0.166      0.240    21.0742 0.0000e+00
      0.169      0.001     5.2530     58.306     32.203  29.683104     1.3144      8.283   233.5972 2.0269e+02     2.0758      0.166      0.240    21.0757 0.0000e+00
      0.169      0.000     5.2371     58.143     32.215  29.694638     1.3532      8.281   233.8225 2.0293e+02     2.0867      0.166      0.240    21.0770 0.0000e+00
      0.169 1.8474e-08     5.2222     57.987     32.227  29.707219     1.3550      8.281   233.8727 2.0178e+02     2.0057      0.166      0.241    21.0784 0.0000e+00
      0.169 2.0321e-07     5.2056     57.818     32.227  29.708361     1.3283      8.282   233.9466 2.0162e+02     1.9837      0.166      0.241    21.0800 0.0000e+00
      0.169 2.0321e-07     5.1879     57.644     32.226  29.708454     1.3216      8.282   234.1996 2.0185e+02     2.0612      0.167      0.242    21.0817 0.0000e+00
      0.169 1.8474e-08     5.1741     57.468     32.226  29.708349     1.3154      8.283   234.4357 2.0205e+02     2.0542      0.166      0.241    21.0835 0.0000e+00
      0.169 1.6794e-09     5.1611     57.296     32.224  29.707093     1.2952      8.283   234.4791 2.0281e+02     1.9331      0.166      0.240    21.0852 0.0000e+00
      0.169 1.5267e-10     5.1448     57.146     32.208  29.693264     1.2850      8.284   234.4654 2.0252e+02     1.8611      0.166      0.241    21.0868 0.0000e+00
      0.169 1.3880e-11     5.1295     57.027     32.179  29.668006     1.2836      8.284   234.5280 2.0221e+02     1.9004      0.166      0.241    21.0884 0.0000e+00
      0.169 1.2637e-12     5.1136     56.907     32.164  29.655424     1.2950      8.284   234.6342 2.0226e+02     1.9984      0.167      0.242    21.0896 0.0000e+00
      0.169 1.3573e-13     5.0973     56.753     32.177  29.667992     1.2982      8.285   234.7181 2.0241e+02     2.0214      0.166      0.241    21.0910 0.0000e+00
      0.168 2.4174e-13     5.0835     56.589     32.203  29.693112     1.2806      8.286   234.7673 2.0274e+02     1.9399      0.165      0.240    21.0922 0.0000e+00
      0.168 2.5454e-12     5.0733     56.436     32.216  29.705431     1.2731      8.286   234.8847 2.0342e+02     1.8660      0.165      0.240    21.0935 0.0000e+00
      0.169 2.7989e-11     5.0657     56.294     32.198  29.690071     1.2834      8.286   235.0191 2.0316e+02     1.8803      0.166      0.240    21.0952 0.0000e+00
      0.169 3.0787e-10     5.0488     56.141     32.138  29.634266     1.2960      8.287   235.1015 2.0222e+02     1.9760      0.166      0.241    21.0965 0.0000e+00
      0.169 3.3866e-09     5.0345     56.084     32.040  29.538137     1.2924      8.288   235.1932 2.0222e+02     1.9980      0.166      0.241    21.0975 0.0000e+00
      0.169 3.7253e-08     5.0204     57.071     32.000  29.479229     1.2724      8.289   235.3536 2.0161e+02     1.9075      0.166      0.241    21.0987 0.0000e+00
      0.169 4.0978e-07     5.0077     60.974     32.050  29.492855     1.2717      8.290   235.5778 2.0076e+02     1.9065      0.165      0.240    21.0997 0.0000e+00
      0.169      0.000     4.9971     68.661     32.105  29.512549     1.2847      8.291   235.6670 2.0011e+02     1.9516      0.165      0.240    21.1011 0.0000e+00
      0.169      0.000     4.9715     78.813     32.142  29.527018     1.2877      8.292   235.6585 2.0021e+02     1.9402      0.165      0.240    21.1007 0.0000e+00
      0.169      0.001     4.9816     89.253     32.171  29.540909     1.2911      8.293   235.8184 2.0065e+02     1.9390      0.166      0.241    21.0673 0.0000e+00
      0.169      0.001     5.2936     98.332     32.192  29.553630     1.2923      8.294   235.9649 2.0072e+02     1.9719      0.166      0.240    21.0006 0.0000e+00
      0.169      0.001     6.0479    105.367     32.196  29.553957     1.3022      8.294   235.9680 2.0048e+02     2.0309      0.166      0.240    20.9502 0.0000e+00
      0.170      0.001     7.0308    110.125     32.186  29.544855     1.3103      8.293   236.0277 1.9935e+02     2.0024      0.167      0.242    20.9223 0.0000e+00
      0.171      0.000     8.0232    112.438     32.211  29.570438     1.2909      8.293   236.0847 1.9807e+02     1.9357      0.167      0.243    20.9048 0.0000e+00
      0.171 3.3589e-09     8.8484    112.526     32.248  29.609564     1.2671      8.294   236.1402 1.9672e+02     1.9417      0.167      0.243    20.8958 0.0000e+00
      0.170 3.6947e-08     9.4804    111.093     32.269  29.637347     1.2731      8.294   236.2682 1.9652e+02     1.9721      0.167      0.242    20.8910 0.0000e+00
      0.169 4.0642e-07     9.9174    109.029     32.275  29.652652     1.3045      8.295   236.4280 1.9677e+02     2.0300      0.166      0.240    20.8916 0.0000e+00
      0.169      0.000    10.1155    107.036     32.283  29.667767     1.3143      8.295   236.6095 1.9507e+02     2.0269      0.166      0.240    20.8940 0.0000e+00
      0.169      0.000    10.0987    105.425     32.304  29.693253     1.2910      8.294   236.7433 1.9344e+02     1.9347      0.166      0.241    20.9013 0.0000e+00
