Data/DataNotYetUploadedToEDI/Raw_CTD/RawDownloads/042125_fcr20_S7809004.cnv
* Sea-Bird SBE19plus  Data File:
* FileName = C:\R\Reservoirs\Data\DataNotYetUploadedToEDI\Raw_CTD\RawDownloads\042125_fcr50_S7809_0004.hex
* Software version 2.8.0.119
* Temperature SN = 7809
* Conductivity SN = 7809
* System UpLoad Time = Apr 22 2025 10:36:00
* <ApplicationData>
* <Seaterm232>
# nquan = 15
# nvalues = 1228                        
# units = specified
# name 0 = depFM: Depth [fresh water, m]
# name 1 = dz/dtM: Descent Rate [m/s]
# name 2 = sbeox0Mg/L: Oxygen, SBE 43 [mg/l]
# name 3 = sbeox0PS: Oxygen, SBE 43 [% saturation]
# name 4 = specc: Specific Conductance [uS/cm]
# name 5 = c0uS/cm: Conductivity [uS/cm]
# name 6 = flECO-AFL: Fluorescence, WET Labs ECO-AFL/FL [mg/m^3]
# name 7 = ph: pH
# name 8 = orp: Oxidation Reduction Potential [mV]
# name 9 = par/sat/log: PAR/Logarithmic, Satlantic
# name 10 = turbWETntu0: Turbidity, WET Labs ECO [NTU]
# name 11 = prdM: Pressure, Strain Gauge [db]
# name 12 = prdE: Pressure, Strain Gauge [psi]
# name 13 = tv290C: Temperature [ITS-90, deg C]
# name 14 = flag:  0.000e+00
# span 0 =     -0.648,      3.635       
# span 1 =     -0.453,      0.262       
# span 2 =     5.1203,    11.2398       
# span 3 =     54.750,    112.804       
# span 4 =      1.177,     46.098       
# span 5 =   1.081223,  33.646740       
# span 6 =    -0.2184,   102.5590       
# span 7 =      7.129,      8.889       
# span 8 =  -900.2317,  1240.2255       
# span 9 = 4.8466e+00, 1.5494e+03       
# span 10 =    -0.9704,   134.2854      
# span 11 =     -0.636,      3.567      
# span 12 =     -0.923,      5.173      
# span 13 =    11.3860,    20.9389      
# span 14 = 0.0000e+00, 0.0000e+00      
# interval = seconds: 0.25
# start_time = Apr 21 2025 15:02:42 [Instrument's time stamp, header]
# bad_flag = -9.990e-29
*END*
[from data line 193]
      0.135      0.003     9.9007    104.200     31.812  28.781675     1.4395      8.360   223.3373 5.5567e+02     1.7995      0.133      0.192    20.2327 0.0000e+00
      0.137      0.004     9.7238    103.517     31.816  28.785785     1.4585      8.362   223.4810 6.7592e+02     1.8572      0.134      0.194    20.2304 0.0000e+00
      0.138      0.004     9.5962    102.941     31.803  28.773695     1.4660      8.363   223.5631 7.7737e+02     1.8194      0.135      0.196    20.2305 0.0000e+00
      0.138      0.003     9.4996    102.476     31.790  28.762362     1.4633      8.365   223.6418 7.2737e+02     1.8551      0.135      0.196    20.2307 0.0000e+00
      0.139      0.002     9.4239    102.121     31.805  28.775613     1.4757      8.367   223.7447 6.3190e+02     2.0163      0.136      0.197    20.2313 0.0000e+00
      0.140      0.001     9.3657    101.847     31.840  28.807055     1.4910      8.367   223.7743 6.1481e+02     2.1284      0.137      0.199    20.2324 0.0000e+00
      0.140      0.001     9.3116    101.674     31.861  28.825383     1.4987      8.368   223.8277 7.4400e+02     2.0831      0.138      0.200    20.2326 0.0000e+00
      0.139      0.001     9.2697    101.598     31.841  28.806931     1.4768      8.369   223.9594 8.6879e+02     1.9135      0.137      0.198    20.2314 0.0000e+00
      0.139      0.000     9.2402    101.569     31.805  28.774234     1.4351      8.370   224.0762 7.9310e+02     1.7847      0.136      0.197    20.2316 0.0000e+00
      0.139      0.000     9.2126    101.582     31.774  28.747191     1.4181      8.371   224.2077 6.9229e+02     1.8241      0.136      0.198    20.2334 0.0000e+00
      0.140      0.000     9.1971    101.622     31.757  28.733674     1.4051      8.373   224.3445 7.2108e+02     1.8440      0.137      0.199    20.2320 0.0000e+00
      0.140     -0.001     9.1941    101.640     31.762  28.737654     1.3936      8.374   224.4397 7.3348e+02     1.7520      0.138      0.200    20.2287 0.0000e+00
      0.140     -0.001     9.1906    101.625     31.757  28.731876     1.4125      8.375   224.4988 6.3029e+02     1.6685      0.137      0.199    20.2286 0.0000e+00
      0.139     -0.002     9.1911    101.572     31.755  28.727244     1.4424      8.376   224.5429 6.3376e+02     1.6871      0.136      0.197    20.2317 0.0000e+00
      0.138     -0.002     9.1975    101.491     31.776  28.745078     1.4640      8.377   224.6286 7.0392e+02     1.8063      0.135      0.196    20.2346 0.0000e+00
      0.137     -0.001     9.1981    101.439     31.791  28.757215     1.4658      8.379   224.7602 6.8587e+02     1.8463      0.134      0.195    20.2349 0.0000e+00
      0.137      0.000     9.1975    101.427     31.781  28.747131     1.4560      8.379   224.8440 8.2616e+02     1.7941      0.133      0.193    20.2327 0.0000e+00
      0.138      0.000     9.1944    101.416     31.783  28.750013     1.4618      8.380   224.8665 9.6034e+02     1.7904      0.135      0.194    20.2286 0.0000e+00
      0.139      0.001     9.1837    101.359     31.826  28.792062     1.4694      8.381   224.8604 8.0465e+02     1.8363      0.136      0.197    20.2255 0.0000e+00
      0.139      0.001     9.1799    101.250     31.844  28.811554     1.4729      8.383   224.9430 6.5334e+02     1.8707      0.136      0.198    20.2229 0.0000e+00
      0.138      0.002     9.1802    101.140     31.823  28.795408     1.4865      8.384   225.1765 6.2476e+02     1.7964      0.136      0.197    20.2213 0.0000e+00
      0.138      0.004     9.1811    101.054     31.809  28.787138     1.5091      8.385   225.3611 5.8657e+02     1.7239      0.135      0.196    20.2239 0.0000e+00
      0.138      0.006     9.1754    100.969     31.794  28.774992     1.5298      8.385   225.5401 5.9293e+02     1.7790      0.136      0.197    20.2284 0.0000e+00
      0.140      0.007     9.1620    100.892     31.796  28.775400     1.5206      8.385   225.7916 7.9647e+02     1.7804      0.136      0.198    20.2336 0.0000e+00
      0.144      0.007     9.1500    100.853     31.818  28.792074     1.4894      8.385   225.9078 1.0272e+03     1.7059      0.140      0.203    20.2395 0.0000e+00
      0.149      0.006     9.1425    100.853     31.813  28.786308     1.4778      8.386   225.8268 9.3784e+02     1.6979      0.147      0.213    20.2458 0.0000e+00
      0.152      0.005     9.1347    100.916     31.792  28.769103     1.4972      8.387   225.8438 7.8192e+02     1.7522      0.151      0.219    20.2498 0.0000e+00
      0.151      0.003     9.1250    101.045     31.796  28.774348     1.5244      8.389   226.0269 7.6049e+02     1.8166      0.149      0.217    20.2473 0.0000e+00
      0.148      0.002     9.1252    101.156     31.808  28.786297     1.5147      8.389   226.1480 7.0543e+02     1.7931      0.145      0.210    20.2385 0.0000e+00
      0.147      0.000     9.1241    101.226     31.809  28.786712     1.4711      8.389   226.2756 6.6421e+02     1.7069      0.143      0.208    20.2349 0.0000e+00
      0.148      0.000     9.1272    101.310     31.801  28.779367     1.4467      8.390   226.3654 6.5073e+02     1.6972      0.145      0.211    20.2399 0.0000e+00
      0.150      0.000     9.1434    101.401     31.781  28.760925     1.4537      8.390   226.3731 6.2114e+02     1.7775      0.148      0.215    20.2447 0.0000e+00
      0.151      0.000     9.1539    101.476     31.775  28.754006     1.4553      8.391   226.4551 6.5591e+02     1.8590      0.149      0.217    20.2462 0.0000e+00
      0.150      0.000     9.1563    101.519     31.783  28.759144     1.4242      8.392   226.5824 8.0996e+02     1.8279      0.148      0.214    20.2453 0.0000e+00
      0.149     -0.001     9.1659    101.505     31.786  28.759616     1.3942      8.392   226.6222 8.9547e+02     1.7765      0.146      0.212    20.2438 0.0000e+00
      0.149     -0.002     9.1753    101.440     31.788  28.759711     1.4004      8.392   226.5915 8.8203e+02     1.8186      0.146      0.212    20.2430 0.0000e+00
      0.149     -0.002     9.1816    101.358     31.789  28.760288     1.4072      8.392   226.6414 8.4984e+02     1.8247      0.146      0.212    20.2418 0.0000e+00
      0.149     -0.001     9.1882    101.268     31.796  28.766588     1.3929      8.393   226.7093 7.9849e+02     1.7472      0.147      0.213    20.2387 0.0000e+00
      0.148     -0.001     9.1870    101.183     31.801  28.772458     1.3868      8.395   226.7242 8.1224e+02     1.7018      0.146      0.212    20.2350 0.0000e+00
      0.148     -0.001     9.1800    101.145     31.796  28.767836     1.3917      8.397   226.7352 7.7426e+02     1.7546      0.145      0.210    20.2325 0.0000e+00
      0.148     -0.002     9.1724    101.165     31.802  28.774131     1.4022      8.398   226.7564 7.3305e+02     1.8732      0.145      0.210    20.2313 0.0000e+00
      0.147     -0.003     9.1651    101.197     31.814  28.785143     1.3962      8.398   226.8090 7.4569e+02     1.9057      0.144      0.209    20.2311 0.0000e+00
      0.147     -0.003     9.1546    101.222     31.802  28.774130     1.3530      8.399   226.8546 7.0419e+02     1.8060      0.144      0.209    20.2323 0.0000e+00
      0.146     -0.003     9.1500    101.244     31.793  28.767825     1.3220      8.400   226.8779 6.7524e+02     1.7260      0.143      0.208    20.2338 0.0000e+00
      0.144     -0.003     9.1549    101.258     31.797  28.772343     1.3288      8.401   226.8323 6.5462e+02     1.7590      0.141      0.204    20.2343 0.0000e+00
      0.143     -0.003     9.1579    101.293     31.789  28.765329     1.3433      8.401   226.8192 6.1283e+02     1.8293      0.140      0.203    20.2340 0.0000e+00
      0.143     -0.002     9.1593    101.345     31.768  28.746450     1.3472      8.401   226.9783 6.6504e+02     1.7906      0.141      0.204    20.2341 0.0000e+00
      0.143     -0.002     9.1624    101.344     31.755  28.734360     1.3422      8.402   227.1212 7.8852e+02     1.7004      0.140      0.203    20.2359 0.0000e+00
      0.142     -0.002     9.1615    101.294     31.769  28.746006     1.3415      8.403   227.1700 7.6474e+02     1.7298      0.139      0.202    20.2384 0.0000e+00
      0.142     -0.002     9.1633    101.266     31.786  28.760401     1.3393      8.405   227.2241 6.1971e+02     1.8043      0.139      0.202    20.2387 0.0000e+00
      0.142     -0.003     9.1730    101.250     31.811  28.781560     1.3406      8.407   227.2593 5.6521e+02     1.7817      0.139      0.202    20.2384 0.0000e+00
      0.141     -0.003     9.1724    101.219     31.845  28.811543     1.3487      8.409   227.3372 5.6915e+02     1.7296      0.139      0.202    20.2388 0.0000e+00
      0.140     -0.003     9.1632    101.187     31.839  28.805787     1.3380      8.410   227.4778 5.5573e+02     1.7544      0.137      0.198    20.2380 0.0000e+00
      0.139     -0.002     9.1630    101.177     31.806  28.775389     1.3361      8.410   227.4970 7.1365e+02     1.8431      0.135      0.196    20.2357 0.0000e+00
      0.139     -0.001     9.1637    101.232     31.790  28.761145     1.3418      8.411   227.4831 9.0816e+02     1.8452      0.136      0.197    20.2333 0.0000e+00
      0.138      0.000     9.1593    101.347     31.789  28.760417     1.3240      8.411   227.6541 8.2261e+02     1.7454      0.136      0.197    20.2318 0.0000e+00
      0.138      0.001     9.1571    101.453     31.794  28.766590     1.3202      8.411   227.8434 6.3439e+02     1.6957      0.135      0.195    20.2309 0.0000e+00
      0.139      0.001     9.1537    101.532     31.799  28.772345     1.3459      8.411   227.8789 5.5321e+02     1.7222      0.135      0.196    20.2305 0.0000e+00
      0.140     -0.000     9.1579    101.575     31.791  28.766588     1.3682      8.412   227.8245 5.8800e+02     1.7931      0.138      0.199    20.2311 0.0000e+00
      0.141     -0.003     9.1730    101.572     31.781  28.760412     1.3654      8.413   227.7890 5.8925e+02     1.8014      0.140      0.202    20.2325 0.0000e+00
      0.141     -0.006     9.1810    101.525     31.780  28.761102     1.3454      8.414   227.8791 4.8575e+02     1.7200      0.139      0.202    20.2339 0.0000e+00
      0.139     -0.009     9.1885    101.422     31.794  28.774931     1.3431      8.414   227.9671 4.7050e+02     1.7308      0.136      0.197    20.2354 0.0000e+00
      0.134     -0.013     9.1927    101.305     31.820  28.800764     1.3456      8.415   227.9941 5.5292e+02     1.7956      0.131      0.190    20.2389 0.0000e+00
      0.129     -0.015     9.1899    101.225     31.840  28.819738     1.3260      8.415   228.1182 5.7028e+02     1.7856      0.126      0.183    20.2434 0.0000e+00
      0.125     -0.017     9.1879    101.160     31.831  28.814068     1.3052      8.415   228.2632 5.5374e+02     1.7481      0.122      0.177    20.2460 0.0000e+00
      0.122     -0.018     9.1758    101.100     31.807  28.795636     1.2853      8.416   228.3711 5.7011e+02     1.7175      0.120      0.174    20.2479 0.0000e+00
      0.118     -0.017     9.1621    101.077     31.797  28.787169     1.2939      8.417   228.5616 5.8361e+02     1.7562      0.116      0.169    20.2501 0.0000e+00
      0.111     -0.015     9.1562    101.104     31.782  28.775117     1.3343      8.417   228.7607 6.8525e+02     1.7723      0.109      0.158    20.2526 0.0000e+00
      0.105     -0.012     9.1508    101.152     31.782  28.776781     1.3489      8.416   228.8852 7.7686e+02     1.7078      0.102      0.147    20.2567 0.0000e+00
      0.101     -0.007     9.1422    101.185     31.813  28.807283     1.3375      8.414   229.0356 7.1771e+02     1.6931      0.098      0.142    20.2610 0.0000e+00
      0.100     -0.001     9.1392    101.175     31.834  28.826773     1.3387      8.412   229.2017 6.5134e+02     1.7310      0.097      0.140    20.2632 0.0000e+00
      0.102      0.004     9.1434    101.154     31.829  28.822151     1.3710      8.409   229.3443 5.9519e+02     1.7904      0.100      0.145    20.2641 0.0000e+00
      0.106      0.007     9.1475    101.164     31.819  28.814830     1.4038      8.404   229.4697 6.1203e+02     1.7968      0.104      0.151    20.2674 0.0000e+00
      0.110      0.007     9.1518    101.197     31.802  28.801682     1.4019      8.400   229.5136 7.3299e+02     1.7402      0.108      0.156    20.2723 0.0000e+00
      0.114      0.005     9.1489    101.225     31.786  28.790046     1.4144      8.396   229.4436 7.5012e+02     1.7555      0.112      0.162    20.2728 0.0000e+00
      0.115      0.000     9.1449    101.205     31.796  28.800991     1.4641      8.394   229.3986 6.5270e+02     1.8442      0.115      0.167    20.2717 0.0000e+00
      0.114     -0.002     9.1471    101.136     31.801  28.807167     1.4952      8.393   229.4856 6.7122e+02     1.8908      0.113      0.164    20.2737 0.0000e+00
      0.110     -0.002     9.1492    101.079     31.795  28.801296     1.4819      8.392   229.6354 7.3858e+02     1.8412      0.107      0.155    20.2778 0.0000e+00
      0.106     -0.000     9.1532    101.033     31.789  28.793433     1.4444      8.391   229.8333 6.8473e+02     1.7562      0.104      0.150    20.2823 0.0000e+00
      0.104      0.002     9.1514    100.980     31.772  28.775520     1.4081      8.389   229.9849 6.5043e+02     1.7516      0.100      0.145    20.2862 0.0000e+00
      0.107      0.004     9.1404    100.958     31.772  28.774992     1.3764      8.385   230.0056 7.3285e+02     1.8200      0.103      0.149    20.2885 0.0000e+00
      0.114      0.004     9.1363    100.978     31.784  28.787044     1.3528      8.381   229.9971 8.5443e+02     1.7968      0.113      0.163    20.2888 0.0000e+00
      0.119      0.004     9.1351    101.016     31.790  28.794387     1.3391      8.380   230.0546 8.1889e+02     1.6759      0.119      0.173    20.2834 0.0000e+00
      0.118      0.003     9.1283    101.056     31.795  28.800352     1.3606      8.379   230.1842 7.1872e+02     1.6565      0.117      0.170    20.2770 0.0000e+00
      0.113      0.002     9.1264    101.095     31.790  28.795738     1.4209      8.378   230.2737 6.8192e+02     1.7673      0.110      0.159    20.2780 0.0000e+00
      0.111      0.001     9.1288    101.143     31.797  28.802034     1.4602      8.377   230.3627 5.8406e+02     1.8196      0.107      0.155    20.2817 0.0000e+00
      0.112      0.002     9.1320    101.205     31.808  28.813046     1.4535      8.376   230.4865 5.6246e+02     1.7423      0.109      0.158    20.2840 0.0000e+00
      0.115      0.005     9.1355    101.255     31.795  28.802034     1.4315      8.376   230.4801 5.9566e+02     1.7208      0.114      0.165    20.2852 0.0000e+00
      0.118      0.008     9.1387    101.285     31.789  28.795739     1.4110      8.376   230.4571 5.3786e+02     1.7990      0.117      0.169    20.2858 0.0000e+00
      0.119      0.009     9.1421    101.314     31.797  28.800361     1.3966      8.376   230.4661 6.2382e+02     1.8680      0.116      0.168    20.2858 0.0000e+00
      0.121      0.008     9.1492    101.301     31.792  28.794491     1.4071      8.376   230.4181 8.1061e+02     1.8722      0.119      0.172    20.2869 0.0000e+00
      0.125      0.007     9.1544    101.232     31.785  28.788192     1.4132      8.376   230.4781 7.9031e+02     1.7810      0.123      0.178    20.2888 0.0000e+00
      0.127      0.006     9.1542    101.182     31.784  28.787623     1.4037      8.376   230.6752 7.2306e+02     1.7555      0.125      0.181    20.2877 0.0000e+00
      0.127      0.004     9.1607    101.168     31.785  28.787613     1.4088      8.376   230.8226 7.1622e+02     1.8371      0.124      0.180    20.2837 0.0000e+00
      0.128      0.001     9.1618    101.143     31.786  28.788076     1.4081      8.376   230.8838 6.6461e+02     1.8119      0.126      0.182    20.2805 0.0000e+00
      0.129     -0.001     9.1504    101.106     31.791  28.793214     1.3959      8.376   230.9841 6.5420e+02     1.6895      0.128      0.186    20.2807 0.0000e+00
