Data/DataNotYetUploadedToEDI/Raw_CTD/RawDownloads/042125_fcr40_S7809006.cnv
* Sea-Bird SBE19plus  Data File:
* FileName = C:\R\Reservoirs\Data\DataNotYetUploadedToEDI\Raw_CTD\RawDownloads\042125_fcr50_S7809_0006.hex
* Software version 2.8.0.119
* Temperature SN = 7809
* Conductivity SN = 7809
* System UpLoad Time = Apr 22 2025 10:37:25
* <ApplicationData>
* <Seaterm232>
# nquan = 15
# nvalues = 1794                        
# units = specified
# name 0 = depFM: Depth [fresh water, m]
# name 1 = dz/dtM: Descent Rate [m/s]
# name 2 = sbeox0Mg/L: Oxygen, SBE 43 [mg/l]
# name 3 = sbeox0PS: Oxygen, SBE 43 [% saturation]
# name 4 = specc: Specific Conductance [uS/cm]
# name 5 = c0uS/cm: Conductivity [uS/cm]
# name 6 = flECO-AFL: Fluorescence, WET Labs ECO-AFL/FL [mg/m^3]
# name 7 = ph: pH
# name 8 = orp: Oxidation Reduction Potential [mV]
# name 9 = par/sat/log: PAR/Logarithmic, Satlantic
# name 10 = turbWETntu0: Turbidity, WET Labs ECO [NTU]
# name 11 = prdM: Pressure, Strain Gauge [db]
# name 12 = prdE: Pressure, Strain Gauge [psi]
# name 13 = tv290C: Temperature [ITS-90, deg C]
# name 14 = flag:  0.000e+00
# span 0 =     -0.645,      7.015       
# span 1 =     -0.433,      0.331       
# span 2 =     6.1849,    11.7886       
# span 3 =     66.794,    113.580       
# span 4 =      0.905,     35.723       
# span 5 =   0.762926,  28.406275       
# span 6 =    -0.1841,    41.2218       
# span 7 =      8.016,      9.830       
# span 8 =  -825.8338,  1240.2295       
# span 9 = 3.2146e-01, 6.1159e+02       
# span 10 =     1.3102,   193.5010      
# span 11 =     -0.633,      6.880      
# span 12 =     -0.920,      9.979      
# span 13 =     9.0300,    19.7619      
# span 14 = 0.0000e+00, 0.0000e+00      
# interval = seconds: 0.25
# start_time = Apr 21 2025 15:20:26 [Instrument's time stamp, header]
# bad_flag = -9.990e-29
*END*
[from data line 964]
      3.236      0.035    11.4159    105.993     31.251  23.233827     6.9140      9.235   257.7824 2.0943e+01     2.1676      3.173      4.603    12.2555 0.0000e+00
      3.244      0.036    11.4051    105.937     31.250  23.219992     7.3363      9.235   257.9015 2.0820e+01     2.3176      3.181      4.615    12.2345 0.0000e+00
      3.251      0.038    11.3959    105.910     31.233  23.194630     8.1293      9.234   258.0344 2.0720e+01     2.5614      3.189      4.625    12.2140 0.0000e+00
      3.259      0.040    11.3795    105.958     31.231  23.180805     8.5708      9.234   258.1841 2.0607e+01     2.6216      3.195      4.634    12.1925 0.0000e+00
      3.270      0.042    11.3760    106.085     31.245  23.179642     8.7544      9.233   258.4215 2.0440e+01     2.4989      3.205      4.649    12.1698 0.0000e+00
      3.284      0.043    11.3779    106.246     31.257  23.180558    10.4829      9.232   258.6680 2.0236e+01     2.5812      3.221      4.671    12.1489 0.0000e+00
      3.298      0.043    11.3755    106.446     31.282  23.191878    13.6471      9.230   258.9269 2.0064e+01     2.8995      3.235      4.692    12.1293 0.0000e+00
      3.309      0.042    11.3864    106.711     31.288  23.189676    15.3761      9.230   259.2289 1.9914e+01     3.1017      3.245      4.706    12.1075 0.0000e+00
      3.319      0.039    11.4086    107.028     31.247  23.153926    15.6904      9.230   259.4801 1.9753e+01     3.0798      3.255      4.721    12.0881 0.0000e+00
      3.328      0.035    11.4278    107.358     31.237  23.140092    17.6388      9.230   259.7275 1.9633e+01     3.2152      3.263      4.734    12.0767 0.0000e+00
      3.335      0.033    11.4500    107.641     31.262  23.149231    21.2224      9.230   259.8970 1.9556e+01     3.6792      3.270      4.743    12.0669 0.0000e+00
      3.343      0.033    11.4831    107.824     31.262  23.137588    23.1977      9.230   260.0668 1.9484e+01     3.9765      3.278      4.754    12.0546 0.0000e+00
      3.351      0.033    11.5205    107.905     31.262  23.126135    23.3854      9.230   260.3178 1.9388e+01     3.9400      3.285      4.764    12.0464 0.0000e+00
      3.360      0.033    11.5599    107.923     31.286  23.137559    23.4255      9.230   260.5220 1.9257e+01     3.8185      3.294      4.777    12.0397 0.0000e+00
      3.370      0.032    11.5977    107.913     31.303  23.148880    23.8911      9.230   260.7292 1.9139e+01     3.8050      3.304      4.793    12.0240 0.0000e+00
      3.379      0.032    11.6224    107.912     31.285  23.136198    24.7865      9.230   261.0162 1.9044e+01     3.9481      3.313      4.807    12.0030 0.0000e+00
      3.386      0.032    11.6348    107.950     31.255  23.111033    25.3036      9.230   261.2391 1.8965e+01     4.0463      3.321      4.817    11.9823 0.0000e+00
      3.392      0.032    11.6388    108.020     31.247  23.098257    25.3744      9.229   261.2732 1.8891e+01     4.0361      3.326      4.824    11.9709 0.0000e+00
      3.399      0.031    11.6357    108.105     31.272  23.108540    25.5174      9.228   261.2566 1.8779e+01     4.0632      3.332      4.832    11.9722 0.0000e+00
      3.408      0.031    11.6334    108.219     31.280  23.108530    25.7927      9.228   261.2968 1.8667e+01     4.1692      3.343      4.849    11.9752 0.0000e+00
      3.418      0.032    11.6382    108.356     31.274  23.098134    25.9403      9.229   261.3292 1.8605e+01     4.1907      3.354      4.864    11.9728 0.0000e+00
      3.426      0.033    11.6516    108.452     31.302  23.109665    25.9784      9.229   261.2177 1.8557e+01     4.0837      3.359      4.873    11.9593 0.0000e+00
      3.432      0.033    11.6630    108.440     31.334  23.121120    26.3954      9.229   260.9815 1.8486e+01     4.0032      3.365      4.881    11.9435 0.0000e+00
      3.440      0.032    11.6773    108.325     31.334  23.109793    27.1613      9.229   260.7951 1.8376e+01     4.0376      3.372      4.891    11.9353 0.0000e+00
      3.450      0.032    11.6972    108.155     31.332  23.099523    27.5908      9.228   260.6849 1.8230e+01     4.1236      3.383      4.908    11.9279 0.0000e+00
      3.459      0.032    11.7148    107.910     31.375  23.123753    27.7433      9.227   260.5960 1.8093e+01     4.1536      3.393      4.922    11.9128 0.0000e+00
      3.468      0.031    11.7201    107.599     31.418  23.149110    29.1377      9.227   260.5808 1.8000e+01     4.2303      3.400      4.931    11.8892 0.0000e+00
      3.475      0.031    11.7073    107.273     31.429  23.152445    31.7238      9.227   260.5867 1.7941e+01     4.4358      3.409      4.944    11.8716 0.0000e+00
      3.482      0.031    11.6954    106.933     31.450  23.164079    33.1605      9.226   260.5814 1.7863e+01     4.5889      3.414      4.952    11.8610 0.0000e+00
      3.488      0.031    11.6727    106.585     31.453  23.162945    33.4082      9.225   260.6898 1.7751e+01     4.6462      3.419      4.959    11.8473 0.0000e+00
      3.496      0.031    11.6369    106.264     31.425  23.138735    34.5104      9.224   260.7781 1.7627e+01     4.8213      3.428      4.972    11.8365 0.0000e+00
      3.506      0.031    11.6059    105.990     31.409  23.124995    36.4904      9.223   260.7891 1.7498e+01     5.1001      3.438      4.987    11.8295 0.0000e+00
      3.515      0.031    11.5701    105.748     31.407  23.123643    37.5728      9.221   260.9079 1.7391e+01     5.2843      3.449      5.001    11.8233 0.0000e+00
      3.523      0.031    11.5322    105.532     31.405  23.122386    37.6930      9.221   261.0969 1.7299e+01     5.3754      3.455      5.011    11.8186 0.0000e+00
      3.530      0.031    11.4976    105.333     31.387  23.109798    37.7285      9.220   261.2673 1.7193e+01     5.3478      3.461      5.020    11.8128 0.0000e+00
      3.536      0.031    11.4706    105.133     31.372  23.098268    37.9011      9.218   261.5051 1.7094e+01     5.2233      3.468      5.030    11.8085 0.0000e+00
      3.544      0.032    11.4449    104.978     31.390  23.109796    38.2319      9.216   261.8212 1.6996e+01     5.2025      3.474      5.039    11.8088 0.0000e+00
      3.552      0.035    11.4193    104.906     31.410  23.122364    38.4319      9.214   262.0782 1.6864e+01     5.3019      3.483      5.052    11.8113 0.0000e+00
      3.562      0.037    11.4014    104.911     31.414  23.123394    38.5387      9.213   262.2033 1.6707e+01     5.3658      3.493      5.066    11.8122 0.0000e+00
      3.572      0.039    11.3760    105.006     31.417  23.122250    39.2574      9.214   262.3003 1.6562e+01     5.3593      3.503      5.080    11.8104 0.0000e+00
      3.583      0.039    11.3583    105.176     31.405  23.108528    40.5381      9.214   262.5628 1.6432e+01     5.4288      3.515      5.096    11.8071 0.0000e+00
      3.594      0.038    11.3532    105.390     31.379  23.084308    41.2218      9.212   263.0545 1.6307e+01     5.5920      3.526      5.114    11.8048 0.0000e+00
      3.603      0.036    11.3522    105.633     31.384  23.083051    41.0153      9.211   263.5134 1.6191e+01     5.6583      3.535      5.127    11.8020 0.0000e+00
      3.612      0.034    11.3656    105.873     31.404  23.093324    37.7580      9.209   263.7231 1.6091e+01     5.4107      3.542      5.137    11.7957 0.0000e+00
      3.620      0.034    11.3874    106.054     31.395  23.081681    31.7351      9.208   263.8695 1.6005e+01     4.9556      3.551      5.150    11.7883 0.0000e+00
      3.627      0.035    11.4128    106.167     31.385  23.069094    28.4105      9.208   264.0782 1.5918e+01     4.7668      3.557      5.159    11.7803 0.0000e+00
      3.635      0.037    11.4415    106.220     31.391  23.067951    27.7573      9.207   264.1825 1.5784e+01     4.8367      3.564      5.169    11.7727 0.0000e+00
      3.645      0.040    11.4731    106.224     31.401  23.067859    23.7366      9.206   264.1845 1.5606e+01     4.4339      3.576      5.185    11.7660 0.0000e+00
      3.656      0.042    11.4942    106.184     31.422  23.067964    16.3850      9.206   264.2739 1.5446e+01     3.5523      3.586      5.201    11.7583 0.0000e+00
      3.667      0.043    11.5084    106.048     31.455  23.069213    12.3717      9.205   264.3168 1.5285e+01     3.1603      3.595      5.215    11.7482 0.0000e+00
      3.680      0.043    11.5168    105.737     31.507  23.082937    11.8754      9.203   264.1877 1.5120e+01     3.2810      3.609      5.235    11.7411 0.0000e+00
      3.692      0.042    11.5161    105.146     31.577  23.107049    10.2263      9.202   264.0895 1.4984e+01     3.2355      3.623      5.255    11.7352 0.0000e+00
      3.702      0.040    11.5227    104.140     31.621  23.107074     7.2468      9.202   264.2477 1.4848e+01     2.9519      3.632      5.266    11.7088 0.0000e+00
      3.712      0.037    11.5216    102.630     31.634  23.083201     5.6058      9.201   264.6374 1.4710e+01     2.7218      3.640      5.280    11.6655 0.0000e+00
      3.721      0.036    11.5007    100.609     31.664  23.072008     5.4513      9.200   265.0160 1.4583e+01     2.7077      3.650      5.294    11.6295 0.0000e+00
      3.729      0.036    11.4536     98.154     31.746  23.098529     5.4196      9.198   265.2974 1.4459e+01     2.8153      3.657      5.304    11.5905 0.0000e+00
      3.737      0.038    11.3615     95.360     31.869  23.150189     4.9900      9.196   265.6312 1.4336e+01     2.8273      3.664      5.315    11.5344 0.0000e+00
      3.746      0.041    11.2118     92.275     31.986  23.189279     4.1927      9.194   266.1267 1.4177e+01     2.7166      3.672      5.326    11.4804 0.0000e+00
      3.756      0.044    11.0008     89.051     32.058  23.190648     3.7622      9.192   266.7272 1.3959e+01     2.6719      3.683      5.340    11.4305 0.0000e+00
      3.770      0.046    10.7399     85.976     32.089  23.166679     3.7217      9.192   267.3864 1.3724e+01     2.7309      3.697      5.362    11.3776 0.0000e+00
      3.784      0.047    10.4485     83.161     32.126  23.153079     3.6522      9.191   268.0739 1.3511e+01     2.8149      3.712      5.384    11.3236 0.0000e+00
      3.797      0.046    10.1245     80.591     32.174  23.152991     3.5137      9.189   268.7590 1.3315e+01     2.8686      3.723      5.400    11.2499 0.0000e+00
      3.809      0.044     9.7728     78.300     32.232  23.165573     3.4366      9.186   269.3885 1.3146e+01     2.9352      3.734      5.418    11.1624 0.0000e+00
      3.819      0.041     9.4484     76.284     32.287  23.178362     3.4445      9.183   269.9206 1.3022e+01     3.0401      3.745      5.432    11.0919 0.0000e+00
      3.828      0.038     9.1559     74.505     32.331  23.180765     3.4757      9.181   270.3749 1.2882e+01     3.0778      3.754      5.444    11.0305 0.0000e+00
      3.838      0.037     8.8793     73.020     32.390  23.194594     3.5056      9.179   270.8377 1.2678e+01     3.0498      3.764      5.459    10.9743 0.0000e+00
      3.847      0.038     8.6360     71.896     32.462  23.218714     3.5066      9.177   271.3855 1.2457e+01     3.0082      3.773      5.472    10.9327 0.0000e+00
      3.854      0.039     8.4246     71.069     32.502  23.218718     3.5043      9.174   271.9222 1.2218e+01     2.9854      3.779      5.481    10.8925 0.0000e+00
      3.864      0.040     8.2338     70.447     32.512  23.194615     3.5357      9.171   272.5092 1.1890e+01     3.0469      3.788      5.493    10.8460 0.0000e+00
      3.876      0.041     8.0720     69.984     32.537  23.180908     3.5621      9.170   273.1487 1.1508e+01     3.0694      3.802      5.514    10.8004 0.0000e+00
      3.889      0.041     7.9605     69.658     32.579  23.179768     3.5576      9.168   273.8028 1.1159e+01     2.9489      3.815      5.533    10.7617 0.0000e+00
      3.899      0.041     7.8802     69.422     32.624  23.180802     3.5561      9.165   274.4821 1.0863e+01     2.9234      3.823      5.546    10.7178 0.0000e+00
      3.909      0.040     7.8218     69.168     32.686  23.193372     3.5434      9.162   274.9950 1.0579e+01     3.0677      3.832      5.560    10.6685 0.0000e+00
      3.920      0.038     7.7802     68.865     32.742  23.204904     3.5037      9.158   275.5298 1.0267e+01     3.1562      3.843      5.575    10.6188 0.0000e+00
      3.930      0.036     7.7522     68.571     32.757  23.193377     3.4679      9.156   276.2161 9.9894e+00     3.1057      3.854      5.591    10.5720 0.0000e+00
      3.938      0.034     7.7416     68.322     32.763  23.180802     3.4513      9.153   276.9264 9.7468e+00     3.0033      3.861      5.601    10.5264 0.0000e+00
      3.946      0.034     7.7236     68.131     32.778  23.179670     3.4610      9.150   277.5784 9.4996e+00     2.9776      3.868      5.611    10.4754 0.0000e+00
      3.954      0.035     7.6931     68.000     32.793  23.179672     3.4774      9.147   278.0773 9.3013e+00     2.9986      3.878      5.624    10.4301 0.0000e+00
      3.962      0.036     7.6662     67.909     32.811  23.180818     3.4662      9.144   278.4833 9.1387e+00     2.9506      3.885      5.634    10.3959 0.0000e+00
      3.971      0.038     7.6422     67.848     32.842  23.193512     3.4424      9.141   278.9603 8.9637e+00     2.9100      3.893      5.646    10.3709 0.0000e+00
      3.982      0.040     7.6232     67.845     32.866  23.206315     3.4313      9.138   279.8006 8.7897e+00     2.9168      3.905      5.663    10.3551 0.0000e+00
      3.993      0.040     7.6126     67.928     32.870  23.208791     3.4395      9.136   280.9004 8.6410e+00     2.9643      3.916      5.680    10.3408 0.0000e+00
      4.004      0.040     7.6065     68.060     32.893  23.223451     3.4585      9.133   281.9324 8.4968e+00     3.0071      3.926      5.695    10.3206 0.0000e+00
      4.015      0.039     7.6013     68.178     32.944  23.256736     3.4534      9.129   282.7281 8.3437e+00     2.9552      3.938      5.711    10.3045 0.0000e+00
      4.025      0.037     7.5994     68.268     33.002  23.294171     3.4277      9.126   283.2938 8.1770e+00     2.9859      3.948      5.726    10.2999 0.0000e+00
      4.034      0.034     7.6105     68.339     33.010  23.295601     3.4142      9.123   283.8687 7.9990e+00     3.1737      3.956      5.738    10.3018 0.0000e+00
      4.042      0.032     7.6288     68.352     32.988  23.274029     3.4151      9.119   284.4301 7.8585e+00     3.3137      3.964      5.749    10.3009 0.0000e+00
      4.049      0.030     7.6437     68.302     33.014  23.286980     3.4131      9.115   284.9196 7.7479e+00     3.2782      3.970      5.758    10.2954 0.0000e+00
      4.055      0.030     7.6521     68.238     33.076  23.325358     3.3985      9.112   285.3991 7.6223e+00     3.1538      3.978      5.768    10.2900 0.0000e+00
      4.062      0.030     7.6648     68.153     33.129  23.357577     3.3960      9.110   285.8396 7.4894e+00     3.1420      3.984      5.778    10.2842 0.0000e+00
      4.070      0.031     7.6690     68.051     33.139  23.359464     3.4173      9.107   286.2879 7.3679e+00     3.2375      3.990      5.788    10.2744 0.0000e+00
      4.079      0.032     7.6600     67.970     33.129  23.348167     3.4148      9.104   286.8617 7.2549e+00     3.2502      4.000      5.802    10.2644 0.0000e+00
      4.088      0.032     7.6566     67.908     33.133  23.347811     3.3821      9.100   287.4437 7.1400e+00     3.1588      4.009      5.814    10.2572 0.0000e+00
      4.097      0.032     7.6490     67.873     33.145  23.355159     3.3711      9.096   287.9038 7.0280e+00     3.0885      4.018      5.827    10.2500 0.0000e+00
      4.105      0.032     7.6347     67.869     33.172  23.373597     3.4159      9.093   288.2958 6.9520e+00     3.1172      4.027      5.840    10.2428 0.0000e+00
      4.112      0.033     7.6293     67.860     33.184  23.380504     3.4900      9.089   288.5693 6.8804e+00     3.1990      4.033      5.849    10.2358 0.0000e+00
