Data/DataNotYetUploadedToEDI/Raw_CTD/RawDownloads/042125_fcr40_S7809006.cnv
* Sea-Bird SBE19plus  Data File:
* FileName = C:\R\Reservoirs\Data\DataNotYetUploadedToEDI\Raw_CTD\RawDownloads\042125_fcr50_S7809_0006.hex
* Software version 2.8.0.119
* Temperature SN = 7809
* Conductivity SN = 7809
* System UpLoad Time = Apr 22 2025 10:37:25
* <ApplicationData>
* <Seaterm232>
# nquan = 15
# nvalues = 1794                        
# units = specified
# name 0 = depFM: Depth [fresh water, m]
# name 1 = dz/dtM: Descent Rate [m/s]
# name 2 = sbeox0Mg/L: Oxygen, SBE 43 [mg/l]
# name 3 = sbeox0PS: Oxygen, SBE 43 [% saturation]
# name 4 = specc: Specific Conductance [uS/cm]
# name 5 = c0uS/cm: Conductivity [uS/cm]
# name 6 = flECO-AFL: Fluorescence, WET Labs ECO-AFL/FL [mg/m^3]
# name 7 = ph: pH
# name 8 = orp: Oxidation Reduction Potential [mV]
# name 9 = par/sat/log: PAR/Logarithmic, Satlantic
# name 10 = turbWETntu0: Turbidity, WET Labs ECO [NTU]
# name 11 = prdM: Pressure, Strain Gauge [db]
# name 12 = prdE: Pressure, Strain Gauge [psi]
# name 13 = tv290C: Temperature [ITS-90, deg C]
# name 14 = flag:  0.000e+00
# span 0 =     -0.645,      7.015       
# span 1 =     -0.433,      0.331       
# span 2 =     6.1849,    11.7886       
# span 3 =     66.794,    113.580       
# span 4 =      0.905,     35.723       
# span 5 =   0.762926,  28.406275       
# span 6 =    -0.1841,    41.2218       
# span 7 =      8.016,      9.830       
# span 8 =  -825.8338,  1240.2295       
# span 9 = 3.2146e-01, 6.1159e+02       
# span 10 =     1.3102,   193.5010      
# span 11 =     -0.633,      6.880      
# span 12 =     -0.920,      9.979      
# span 13 =     9.0300,    19.7619      
# span 14 = 0.0000e+00, 0.0000e+00      
# interval = seconds: 0.25
# start_time = Apr 21 2025 15:20:26 [Instrument's time stamp, header]
# bad_flag = -9.990e-29
*END*
[from data line 1061]
      4.128      0.033     7.6172     67.781     33.180  23.373530     3.5057      9.081   288.8558 6.7189e+00     3.1089      4.047      5.870    10.2292 0.0000e+00
      4.138      0.034     7.6198     67.735     33.162  23.359655     3.5237      9.077   289.0637 6.6885e+00     3.0738      4.058      5.885    10.2291 0.0000e+00
      4.148      0.036     7.6197     67.680     33.127  23.334324     3.5691      9.073   289.3362 6.6802e+00     3.0384      4.068      5.900    10.2274 0.0000e+00
      4.157      0.036     7.6156     67.629     33.111  23.320904     3.5801      9.070   289.5692 6.6943e+00     2.9889      4.076      5.912    10.2240 0.0000e+00
      4.165      0.036     7.6101     67.583     33.119  23.324204     3.5572      9.067   289.7298 6.7104e+00     2.9877      4.083      5.922    10.2203 0.0000e+00
      4.174      0.035     7.6073     67.531     33.103  23.310818     3.5170      9.063   290.0740 6.7072e+00     3.0579      4.094      5.937    10.2183 0.0000e+00
      4.184      0.035     7.5990     67.483     33.070  23.285878     3.4771      9.059   290.5478 6.6977e+00     3.1882      4.105      5.954    10.2172 0.0000e+00
      4.193      0.036     7.5945     67.465     33.059  23.276301     3.4741      9.056   290.8121 6.6982e+00     3.2311      4.113      5.964    10.2141 0.0000e+00
      4.201      0.036     7.5910     67.486     33.035  23.258438     3.4797      9.053   290.9462 6.7067e+00     3.1325      4.119      5.973    10.2098 0.0000e+00
      4.210      0.035     7.5850     67.518     33.036  23.260139     3.5117      9.049   291.1369 6.7076e+00     3.0894      4.128      5.987    10.2066 0.0000e+00
      4.220      0.035     7.5790     67.545     33.084  23.296866     3.5956      9.047   291.3110 6.6961e+00     3.1882      4.139      6.003    10.2049 0.0000e+00
      4.230      0.035     7.5762     67.579     33.116  23.322036     3.6527      9.045   291.4165 6.6933e+00     3.2679      4.149      6.017    10.2024 0.0000e+00
      4.237      0.036     7.5812     67.625     33.100  23.310806     3.6528      9.041   291.4660 6.6970e+00     3.2333      4.155      6.027    10.1995 0.0000e+00
      4.245      0.037     7.5855     67.692     33.073  23.287918     3.5558      9.038   291.4792 6.6885e+00     3.2137      4.162      6.036    10.2003 0.0000e+00
      4.254      0.039     7.5863     67.775     33.095  23.298940     3.4035      9.036   291.4907 6.6664e+00     3.3387      4.172      6.050    10.2054 0.0000e+00
      4.265      0.041     7.5893     67.835     33.122  23.317241     3.3511      9.034   291.4326 6.6404e+00     3.4809      4.183      6.067    10.2114 0.0000e+00
      4.277      0.042     7.5938     67.864     33.121  23.318966     3.3544      9.030   291.3789 6.6190e+00     3.4637      4.194      6.083    10.2135 0.0000e+00
      4.289      0.041     7.6016     67.888     33.114  23.319792     3.3358      9.026   291.5304 6.5878e+00     3.3703      4.206      6.100    10.2057 0.0000e+00
      4.301      0.038     7.6164     67.934     33.114  23.327239     3.3675      9.024   291.8006 6.5456e+00     3.3419      4.219      6.117    10.1947 0.0000e+00
      4.311      0.035     7.6228     68.012     33.126  23.345591     3.4626      9.021   291.9785 6.5331e+00     3.3939      4.230      6.135    10.1941 0.0000e+00
      4.318      0.033     7.6240     68.127     33.122  23.351460     3.5295      9.017   292.0468 6.5458e+00     3.4516      4.235      6.142    10.2002 0.0000e+00
      4.323      0.032     7.6238     68.276     33.092  23.334795     3.5355      9.014   292.1105 6.5393e+00     3.4246      4.238      6.147    10.2072 0.0000e+00
      4.330      0.033     7.6269     68.431     33.090  23.334343     3.5263      9.012   292.1466 6.5148e+00     3.4091      4.245      6.157    10.2193 0.0000e+00
      4.338      0.035     7.6331     68.591     33.113  23.345988     3.5430      9.010   292.0527 6.4851e+00     3.4693      4.255      6.171    10.2350 0.0000e+00
      4.348      0.037     7.6416     68.741     33.131  23.348769     3.5798      9.007   292.0082 6.4329e+00     3.4696      4.263      6.183    10.2503 0.0000e+00
      4.359      0.037     7.6613     68.861     33.174  23.367951     3.6047      9.003   292.1239 6.3603e+00     3.4469      4.274      6.198    10.2564 0.0000e+00
      4.371      0.037     7.6761     68.962     33.215  23.387667     3.5692      9.002   292.2476 6.3125e+00     3.4340      4.289      6.220    10.2583 0.0000e+00
      4.381      0.037     7.6957     69.056     33.235  23.396913     3.4842      9.000   292.3855 6.2883e+00     3.4168      4.299      6.235    10.2539 0.0000e+00
      4.387      0.037     7.7184     69.149     33.269  23.416324     3.4511      8.995   292.5870 6.2602e+00     3.4777      4.302      6.240    10.2345 0.0000e+00
      4.395      0.036     7.7326     69.228     33.310  23.432115     3.4594      8.992   292.7046 6.2269e+00     3.4871      4.309      6.249    10.2162 0.0000e+00
      4.405      0.034     7.7479     69.274     33.390  23.461006     3.3932      8.989   292.6887 6.1767e+00     3.4281      4.319      6.264    10.2012 0.0000e+00
      4.416      0.034     7.7577     69.277     33.514  23.511964     3.2842      8.986   292.7395 6.1233e+00     3.5155      4.331      6.281    10.1956 0.0000e+00
      4.426      0.033     7.7697     69.240     33.612  23.540898     3.2479      8.984   292.8884 6.0735e+00     3.6899      4.341      6.296    10.1963 0.0000e+00
      4.435      0.031     7.7822     69.195     33.690  23.557143     3.2456      8.981   293.0260 6.0289e+00     3.7607      4.349      6.308    10.1783 0.0000e+00
      4.441      0.029     7.7953     69.164     33.774  23.581517     3.1985      8.978   293.1130 6.0108e+00     3.6887      4.356      6.317    10.1349 0.0000e+00
      4.446      0.028     7.8077     69.152     33.814  23.581911     3.1269      8.976   293.1662 6.0124e+00     3.5699      4.360      6.324    10.0769 0.0000e+00
      4.452      0.027     7.8116     69.179     33.813  23.561878     3.0958      8.974   293.3252 6.0093e+00     3.5887      4.365      6.331    10.0151 0.0000e+00
      4.459      0.027     7.8174     69.298     33.869  23.592939     3.1063      8.971   293.5717 5.9785e+00     3.7112      4.372      6.341     9.9573 0.0000e+00
      4.467      0.028     7.8230     69.538     34.031  23.703801     3.0949      8.968   293.7380 5.9317e+00     3.7187      4.382      6.355     9.9066 0.0000e+00
      4.476      0.031     7.8290     69.848     34.215  23.824266     2.9914      8.966   293.8733 5.9023e+00     3.6446      4.390      6.367     9.8640 0.0000e+00
      4.483      0.034     7.8355     70.200     34.364  23.908009     2.8286      8.963   294.0894 5.8858e+00     3.6010      4.396      6.376     9.8334 0.0000e+00
      4.489      0.037     7.8476     70.571     34.471  23.955332     2.7496      8.959   294.2851 5.8543e+00     3.6025      4.402      6.385     9.8221 0.0000e+00
      4.498      0.039     7.8789     70.899     34.506  23.952516     2.7441      8.955   294.4329 5.7990e+00     3.6625      4.410      6.397     9.8277 0.0000e+00
      4.509      0.041     7.9156     71.215     34.522  23.937350     2.5706      8.951   294.5861 5.7300e+00     3.6092      4.421      6.414     9.8212 0.0000e+00
      4.523      0.043     7.9606     71.598     34.592  23.962174     2.2409      8.948   294.6747 5.6590e+00     3.4704      4.435      6.432     9.7866 0.0000e+00
      4.537      0.043     8.0175     72.067     34.678  23.998979     2.0790      8.946   294.8160 5.6087e+00     3.4870      4.450      6.454     9.7439 0.0000e+00
      4.547      0.042     8.0589     72.633     34.720  24.001848     2.0694      8.944   295.1763 5.5870e+00     3.5024      4.461      6.470     9.7053 0.0000e+00
      4.556      0.041     8.0978     73.300     34.749  23.996827     2.0083      8.941   295.5032 5.5659e+00     3.3831      4.467      6.478     9.6645 0.0000e+00
      4.565      0.040     8.1487     74.014     34.780  24.001658     1.9062      8.938   295.5855 5.5239e+00     3.3088      4.476      6.493     9.6328 0.0000e+00
      4.575      0.038     8.2068     74.706     34.780  23.996830     1.8592      8.933   295.6552 5.4693e+00     3.3557      4.487      6.508     9.6039 0.0000e+00
      4.586      0.038     8.2784     75.373     34.788  24.001863     1.8726      8.930   295.9153 5.4193e+00     3.4377      4.496      6.521     9.5624 0.0000e+00
      4.596      0.039     8.3654     76.028     34.791  23.999093     1.8518      8.927   296.2355 5.3715e+00     3.3780      4.508      6.538     9.5210 0.0000e+00
      4.606      0.040     8.4565     76.626     34.758  23.963343     1.7820      8.923   296.4287 5.3218e+00     3.1798      4.518      6.552     9.4949 0.0000e+00
      4.615      0.041     8.5351     77.112     34.768  23.950086     1.7534      8.919   296.6171 5.2852e+00     3.1246      4.525      6.564     9.4921 0.0000e+00
      4.625      0.042     8.6079     77.451     34.828  23.965611     1.7716      8.916   296.8776 5.2565e+00     3.2235      4.535      6.578     9.4992 0.0000e+00
      4.636      0.042     8.6873     77.700     34.858  23.960783     1.7699      8.913   297.0845 5.2140e+00     3.2475      4.545      6.593     9.4936 0.0000e+00
      4.648      0.042     8.7615     78.046     34.879  23.955106     1.7325      8.910   297.3971 5.1624e+00     3.1767      4.558      6.610     9.4730 0.0000e+00
      4.660      0.041     8.8257     78.729     34.907  23.960358     1.6931      8.907   297.9040 5.1394e+00     3.1531      4.570      6.628     9.4441 0.0000e+00
      4.670      0.040     8.8714     79.920     34.919  23.960849     1.6941      8.904   298.3093 5.1318e+00     3.2354      4.581      6.644     9.4038 0.0000e+00
      4.680      0.040     8.9000     81.640     34.930  23.961039     1.7197      8.901   298.5124 5.0958e+00     3.2840      4.590      6.658     9.3626 0.0000e+00
      4.688      0.040     8.9348     83.789     34.956  23.962656     1.7451      8.897   298.7240 5.0454e+00     3.2622      4.598      6.668     9.3350 0.0000e+00
      4.697      0.041     9.0099     86.236     35.014  23.980383     1.7756      8.894   298.9753 4.9881e+00     3.2790      4.605      6.680     9.3139 0.0000e+00
      4.708      0.043     9.1482     88.781     35.051  23.985102     1.7889      8.891   299.2272 4.9163e+00     3.3509      4.617      6.697     9.3044 0.0000e+00
      4.720      0.044     9.3513     91.148     35.032  23.956278     1.7899      8.887   299.4471 4.8505e+00     3.4481      4.630      6.715     9.3031 0.0000e+00
      4.733      0.044     9.6090     93.206     35.037  23.948933     1.7462      8.885   299.5693 4.8080e+00     3.3954      4.641      6.731     9.2765 0.0000e+00
      4.746      0.044     9.9046     94.956     35.064  23.959697     1.6347      8.882   299.7592 4.7780e+00     3.1921      4.654      6.751     9.2385 0.0000e+00
      4.756      0.043    10.2199     96.406     35.077  23.959584     1.5737      8.878   300.0217 4.7425e+00     3.1413      4.666      6.767     9.2114 0.0000e+00
      4.765      0.043    10.5020     97.584     35.076  23.947565     1.5908      8.874   300.2481 4.7058e+00     3.2602      4.672      6.776     9.1867 0.0000e+00
      4.775      0.043    10.7405     98.520     35.081  23.941190     1.5913      8.871   300.4312 4.6608e+00     3.4002      4.681      6.790     9.1718 0.0000e+00
      4.787      0.042    10.9448     99.240     35.096  23.945908     1.5464      8.868   300.6013 4.5941e+00     3.4673      4.695      6.809     9.1649 0.0000e+00
      4.799      0.041    11.1128     99.769     35.092  23.941193     1.5069      8.865   300.8413 4.5394e+00     3.3885      4.707      6.826     9.1523 0.0000e+00
      4.811      0.041    11.2530    100.149     35.103  23.947588     1.5051      8.861   301.0968 4.5061e+00     3.3353      4.718      6.843     9.1343 0.0000e+00
      4.821      0.040    11.3632    100.415     35.124  23.959813     1.4992      8.859   301.2808 4.4741e+00     3.3703      4.728      6.858     9.1180 0.0000e+00
      4.830      0.039    11.4486    100.560     35.132  23.962177     1.4684      8.856   301.4323 4.4469e+00     3.3677      4.736      6.869     9.1106 0.0000e+00
      4.839      0.038    11.5071    100.603     35.155  23.976164     1.4573      8.852   301.5518 4.4116e+00     3.4062      4.743      6.880     9.1107 0.0000e+00
      4.849      0.037    11.5491    100.586     35.193  24.002101     1.4731      8.848   301.6064 4.3712e+00     3.4947      4.754      6.895     9.1086 0.0000e+00
      4.859      0.035    11.5828    100.545     35.220  24.022114     1.4847      8.844   301.7480 4.3500e+00     3.5154      4.766      6.912     9.1050 0.0000e+00
      4.868      0.033    11.5993    100.491     35.223  24.027898     1.4729      8.841   302.0596 4.3416e+00     3.4511      4.775      6.926     9.1010 0.0000e+00
      4.876      0.031    11.6032    100.444     35.188  24.008619     1.4474      8.837   302.3631 4.3314e+00     3.3663      4.783      6.937     9.0976 0.0000e+00
      4.883      0.029    11.5999    100.449     35.137  23.979272     1.4422      8.833   302.5776 4.3185e+00     3.3781      4.789      6.946     9.0975 0.0000e+00
      4.888      0.029    11.5938    100.523     35.144  23.990140     1.4605      8.830   302.7604 4.3035e+00     3.4572      4.793      6.952     9.0998 0.0000e+00
      4.895      0.030    11.5868    100.638     35.170  24.013199     1.4688      8.827   302.9393 4.2834e+00     3.4350      4.800      6.962     9.1053 0.0000e+00
      4.903      0.032    11.5758    100.742     35.154  24.004428     1.4506      8.823   303.1049 4.2510e+00     3.3827      4.809      6.974     9.1121 0.0000e+00
      4.911      0.035    11.5738    100.792     35.164  24.010916     1.4323      8.820   303.1280 4.2045e+00     3.4063      4.815      6.984     9.1198 0.0000e+00
      4.920      0.038    11.5813    100.825     35.192  24.028229     1.4391      8.816   303.1331 4.1622e+00     3.4469      4.825      6.996     9.1297 0.0000e+00
      4.931      0.039    11.5937    100.858     35.191  24.023514     1.4574      8.812   303.4240 4.1222e+00     3.4635      4.836      7.013     9.1377 0.0000e+00
      4.942      0.039    11.6090    100.847     35.188  24.017322     1.4375      8.808   303.8063 4.0642e+00     3.4025      4.846      7.029     9.1408 0.0000e+00
      4.954      0.038    11.6108    100.800     35.192  24.016764     1.3902      8.805   303.9699 4.0144e+00     3.3922      4.859      7.047     9.1404 0.0000e+00
      4.964      0.036    11.6140    100.765     35.193  24.016764     1.3842      8.801   304.0258 3.9982e+00     3.5100      4.870      7.063     9.1379 0.0000e+00
      4.972      0.034    11.6241    100.792     35.193  24.017331     1.4157      8.797   304.1376 3.9840e+00     3.5278      4.875      7.070     9.1317 0.0000e+00
      4.978      0.032    11.6234    100.900     35.201  24.023620     1.4462      8.793   304.2890 3.9492e+00     3.4022      4.882      7.080     9.1239 0.0000e+00
      4.985      0.032    11.6171    101.061     35.207  24.029385     1.4613      8.790   304.4798 3.9196e+00     3.3241      4.890      7.092     9.1191 0.0000e+00
      4.992      0.033    11.6115    101.232     35.198  24.023620     1.4566      8.788   304.6376 3.8966e+00     3.3686      4.896      7.100     9.1186 0.0000e+00
      5.001      0.035    11.6123    101.374     35.190  24.017332     1.4479      8.784   304.6488 3.8619e+00     3.4630      4.904      7.113     9.1200 0.0000e+00
      5.011      0.037    11.6271    101.489     35.192  24.016774     1.4313      8.780   304.6144 3.8284e+00     3.4401      4.915      7.128     9.1213 0.0000e+00
