Data/DataNotYetUploadedToEDI/Raw_CTD/RawDownloads/042125_bvr50_S8188001.cnv
* Sea-Bird SBE19plus  Data File:
* FileName = C:\R\Reservoirs\Data\DataNotYetUploadedToEDI\Raw_CTD\RawDownloads\042125_bvr50_S8188_0001.hex
* Software version 2.8.0.119
* Temperature SN = 8188
* Conductivity SN = 8188
* System UpLoad Time = Apr 22 2025 10:13:28
* <ApplicationData>
* <Seaterm232>
# nquan = 16
# nvalues = 1864                        
# units = specified
# name 0 = depFM: Depth [fresh water, m]
# name 1 = dz/dtM: Descent Rate [m/s]
# name 2 = sbeox0Mg/L: Oxygen, SBE 43 [mg/l]
# name 3 = sbeox0PS: Oxygen, SBE 43 [% saturation]
# name 4 = specc: Specific Conductance [uS/cm]
# name 5 = c0uS/cm: Conductivity [uS/cm]
# name 6 = wetCDOM: Fluorescence, WET Labs CDOM [mg/m^3]
# name 7 = flECO-AFL: Fluorescence, WET Labs ECO-AFL/FL [mg/m^3]
# name 8 = flECO-AFL1: Fluorescence, WET Labs ECO-AFL/FL, 2 [mg/m^3]
# name 9 = flECO-AFL2: Fluorescence, WET Labs ECO-AFL/FL, 3 [mg/m^3]
# name 10 = par/sat/log: PAR/Logarithmic, Satlantic
# name 11 = turbWETntu0: Turbidity, WET Labs ECO [NTU]
# name 12 = prdM: Pressure, Strain Gauge [db]
# name 13 = prdE: Pressure, Strain Gauge [psi]
# name 14 = tv290C: Temperature [ITS-90, deg C]
# name 15 = flag:  0.000e+00
# span 0 =     -0.682,      6.679       
# span 1 =     -0.238,      0.132       
# span 2 =     1.4510,    13.4974       
# span 3 =     13.291,    139.656       
# span 4 =      0.585,     86.625       
# span 5 =   0.551668,  63.042206       
# span 6 =   -14.4000,    29.2500       
# span 7 =    -0.8224,    52.7329       
# span 8 =    -2.5986,     0.9372       
# span 9 =    -8.3331,     4.6530       
# span 10 = 1.1582e-01, 3.0307e+03      
# span 11 =    -1.1404,   422.8367      
# span 12 =     -0.669,      6.550      
# span 13 =     -0.970,      9.500      
# span 14 =    11.2834,    22.2212      
# span 15 = 0.0000e+00, 0.0000e+00      
# interval = seconds: 0.25
# start_time = Apr 21 2025 10:52:41 [Instrument's time stamp, header]
# bad_flag = -9.990e-29
*END*
[from data line 1356]
      2.133      0.060     9.6440     90.681     29.506  22.269756    21.7800     2.9008     0.1278     0.6345 3.9496e+01     3.2254      2.091      3.033    12.7386 0.0000e+00
      2.149      0.064     9.6165     90.779     29.496  22.250013    21.7800     2.9427     0.1278     0.6345 3.9496e+01     3.2707      2.108      3.057    12.7467 0.0000e+00
      2.167      0.066     9.6017     90.844     29.503  22.240683    21.7800     2.9427     0.1278     0.6345 3.9162e+01     3.2707      2.125      3.082    12.7527 0.0000e+00
      2.184      0.067     9.6007     90.798     29.531  22.247241    21.8700     2.9351     0.1278     0.4230 3.8874e+01     3.2556      2.142      3.107    12.7495 0.0000e+00
      2.201      0.068     9.6108     90.569     29.556  22.249534    21.8700     2.8359     0.1278     0.4230 3.8747e+01     3.0441      2.158      3.131    12.7353 0.0000e+00
      2.218      0.069     9.6258     90.127     29.600  22.266092    21.8700     2.8702     0.1278     0.4230 3.8714e+01     3.0139      2.175      3.155    12.7141 0.0000e+00
      2.236      0.069     9.6378     89.485     29.662  22.297348    21.8700     2.8550     0.1278     0.4230 3.8420e+01     3.0894      2.192      3.180    12.6901 0.0000e+00
      2.253      0.069     9.6385     88.664     29.697  22.309829    21.8700     2.8321     0.1278     0.4230 3.7799e+01     3.0894      2.210      3.205    12.6645 0.0000e+00
      2.271      0.069     9.6200     87.686     29.709  22.308854    21.8700     2.6452     0.1278     0.4653 3.7310e+01     3.0139      2.228      3.231    12.6371 0.0000e+00
      2.289      0.069     9.5790     86.590     29.716  22.306106    21.8700     2.6604     0.1278     0.4653 3.7027e+01     2.9686      2.245      3.257    12.6089 0.0000e+00
      2.307      0.068     9.5165     85.436     29.695  22.282935    21.8700     2.6757     0.1278     0.4653 3.6867e+01     3.0441      2.263      3.282    12.5823 0.0000e+00
      2.324      0.067     9.4340     84.303     29.657  22.247099    21.8700     2.6566     0.1278     0.4653 3.6413e+01     2.9686      2.279      3.306    12.5598 0.0000e+00
      2.341      0.065     9.3335     83.275     29.640  22.226867    21.8700     2.3438     0.1704     0.5922 3.6082e+01     3.0441      2.296      3.330    12.5426 0.0000e+00
      2.357      0.063     9.2197     82.414     29.636  22.216842    21.8700     2.3438     0.1704     0.5922 3.5762e+01     3.0139      2.312      3.353    12.5291 0.0000e+00
      2.374      0.061     9.0994     81.756     29.629  22.206389    21.8700     2.3514     0.1704     0.5922 3.5452e+01     3.0592      2.328      3.377    12.5165 0.0000e+00
      2.390      0.058     8.9814     81.324     29.632  22.204663    21.8700     2.3514     0.1704     0.5922 3.5123e+01     2.9837      2.343      3.399    12.5035 0.0000e+00
      2.404      0.056     8.8744     81.116     29.639  22.207225    21.8700     2.4277     0.1278     0.5076 3.4948e+01     3.5577      2.358      3.420    12.4910 0.0000e+00
      2.417      0.053     8.7848     81.100     29.647  22.210774    21.8700     2.4354     0.1278     0.5076 3.5046e+01     3.6030      2.371      3.439    12.4799 0.0000e+00
      2.430      0.051     8.7165     81.227     29.662  22.220239    21.8700     2.4239     0.1278     0.5076 3.5130e+01     3.4520      2.383      3.456    12.4708 0.0000e+00
      2.442      0.050     8.6718     81.443     29.666  22.222218    21.8700     2.4086     0.1278     0.5076 3.5008e+01     3.6181      2.395      3.474    12.4642 0.0000e+00
      2.455      0.048     8.6506     81.710     29.666  22.221219    21.8700     2.3514     0.0852     0.5076 3.4849e+01     3.0894      2.407      3.492    12.4594 0.0000e+00
      2.467      0.048     8.6496     82.014     29.671  22.224939    21.8700     2.3667     0.0852     0.5076 3.4278e+01     3.1196      2.419      3.509    12.4557 0.0000e+00
      2.480      0.048     8.6637     82.343     29.662  22.218444    21.8700     2.3591     0.0852     0.5076 3.4256e+01     3.0290      2.432      3.527    12.4527 0.0000e+00
      2.492      0.048     8.6872     82.666     29.659  22.215929    21.8700     2.3629     0.0852     0.5076 3.4286e+01     3.0441      2.443      3.544    12.4507 0.0000e+00
      2.503      0.050     8.7159     82.961     29.697  22.244595    21.8700     2.3056     0.0852     0.5076 3.4241e+01     3.0441      2.455      3.560    12.4497 0.0000e+00
      2.515      0.052     8.7484     83.215     29.742  22.278241    21.8700     2.2789     0.1278     0.5499 3.3952e+01     3.0441      2.466      3.577    12.4492 0.0000e+00
      2.528      0.056     8.7835     83.412     29.748  22.280050    21.8700     2.3018     0.1278     0.5499 3.3709e+01     3.0139      2.479      3.595    12.4493 0.0000e+00
      2.542      0.062     8.8178     83.536     29.729  22.260460    21.8700     2.2904     0.1278     0.5499 3.3687e+01     3.1045      2.493      3.616    12.4498 0.0000e+00
      2.558      0.068     8.8492     83.580     29.718  22.244109    21.8700     2.1073     0.1278     0.5499 3.3367e+01     2.9988      2.508      3.638    12.4501 0.0000e+00
      2.576      0.075     8.8766     83.544     29.751  22.258490    21.9600     2.0997     0.1278     0.4653 3.2856e+01     3.1649      2.526      3.664    12.4491 0.0000e+00
      2.597      0.080     8.8983     83.441     29.837  22.311418    21.9600     2.1149     0.1278     0.4653 3.2010e+01     2.9686      2.547      3.694    12.4453 0.0000e+00
      2.619      0.085     8.9133     83.281     29.921  22.363254    21.9600     2.1111     0.1278     0.4653 3.1166e+01     3.0139      2.569      3.725    12.4364 0.0000e+00
      2.643      0.087     8.9209     83.064     29.969  22.388005    21.9600     2.2332     0.1278     0.4653 3.0636e+01     3.2858      2.591      3.759    12.4222 0.0000e+00
      2.666      0.089     8.9206     82.779     30.004  22.404214    21.9600     2.2370     0.1278     0.4653 2.9984e+01     3.2103      2.614      3.792    12.4048 0.0000e+00
      2.689      0.088     8.9132     82.416     30.039  22.422178    21.9600     2.2332     0.1278     0.4653 2.9647e+01     3.1952      2.637      3.825    12.3865 0.0000e+00
      2.711      0.086     8.8999     81.974     30.063  22.432750    21.9600     2.2484     0.1278     0.4653 2.9098e+01     3.2405      2.659      3.857    12.3677 0.0000e+00
      2.733      0.084     8.8804     81.461     30.083  22.440739    21.9600     2.5422     0.1278     0.4653 2.8541e+01     2.9988      2.681      3.888    12.3494 0.0000e+00
      2.755      0.082     8.8532     80.897     30.114  22.458231    21.9600     2.5383     0.1278     0.5076 2.7963e+01     3.0290      2.702      3.918    12.3326 0.0000e+00
      2.775      0.079     8.8173     80.309     30.145  22.475954    21.9600     2.5460     0.1278     0.5076 2.7788e+01     3.0139      2.722      3.948    12.3182 0.0000e+00
      2.795      0.076     8.7723     79.734     30.151  22.476734    21.9600     2.5307     0.1278     0.5076 2.7434e+01     3.1498      2.741      3.976    12.3061 0.0000e+00
      2.814      0.072     8.7195     79.199     30.147  22.470733    21.9600     2.1073     0.1278     0.5076 2.6803e+01     3.0290      2.760      4.003    12.2955 0.0000e+00
      2.832      0.068     8.6611     78.709     30.151  22.472277    21.9600     2.1073     0.1278     0.5076 2.6525e+01     2.9686      2.778      4.029    12.2856 0.0000e+00
      2.850      0.064     8.5999     78.269     30.167  22.483771    21.8700     2.1302     0.0852     0.4230 2.5899e+01     3.0139      2.795      4.054    12.2768 0.0000e+00
      2.866      0.061     8.5396     77.889     30.181  22.494342    21.8700     2.0958     0.0852     0.4230 2.5775e+01     2.9232      2.810      4.076    12.2703 0.0000e+00
      2.880      0.059     8.4830     77.590     30.162  22.480927    21.8700     2.1683     0.0852     0.4230 2.5865e+01     3.0441      2.824      4.097    12.2662 0.0000e+00
      2.894      0.059     8.4311     77.389     30.138  22.463841    21.8700     2.1531     0.0852     0.4230 2.5747e+01     3.0139      2.838      4.116    12.2638 0.0000e+00
      2.908      0.061     8.3842     77.289     30.160  22.480335    21.8700     2.1683     0.1278     0.4653 2.5452e+01     2.9535      2.851      4.135    12.2625 0.0000e+00
      2.922      0.065     8.3436     77.282     30.200  22.508927    21.8700     2.1759     0.1278     0.4653 2.5619e+01     3.0441      2.866      4.157    12.2625 0.0000e+00
      2.939      0.069     8.3113     77.362     30.208  22.511450    21.8700     2.1302     0.1278     0.4653 2.5342e+01     3.1952      2.883      4.181    12.2640 0.0000e+00
      2.958      0.073     8.2895     77.513     30.193  22.496542    21.8700     2.1149     0.1278     0.4653 2.4765e+01     3.2405      2.902      4.208    12.2655 0.0000e+00
      2.979      0.075     8.2787     77.701     30.192  22.492081    21.9600     2.1225     0.1278     0.4230 2.3908e+01     3.3160      2.922      4.238    12.2655 0.0000e+00
      3.001      0.075     8.2784     77.877     30.219  22.508821    21.9600     2.1264     0.1278     0.4230 2.3389e+01     3.1952      2.943      4.268    12.2631 0.0000e+00
      3.021      0.074     8.2879     77.994     30.269  22.543263    21.9600     2.2866     0.1278     0.4230 2.3252e+01     3.3462      2.963      4.296    12.2581 0.0000e+00
      3.039      0.072     8.3052     78.021     30.313  22.572738    21.9600     2.2713     0.1278     0.4230 2.3192e+01     3.2858      2.980      4.322    12.2517 0.0000e+00
      3.056      0.069     8.3265     77.952     30.326  22.577233    21.9600     2.3171     0.0852     0.4230 2.3041e+01     3.3009      2.997      4.347    12.2457 0.0000e+00
      3.072      0.067     8.3463     77.789     30.325  22.569893    21.9600     2.2675     0.0852     0.4230 2.2738e+01     3.2405      3.013      4.370    12.2407 0.0000e+00
      3.089      0.066     8.3598     77.536     30.345  22.576633    21.9600     2.2179     0.0852     0.4230 2.2458e+01     3.1649      3.029      4.394    12.2359 0.0000e+00
      3.105      0.066     8.3639     77.208     30.397  22.607211    21.9600     2.2370     0.0852     0.4230 2.2322e+01     3.3160      3.046      4.417    12.2296 0.0000e+00
      3.122      0.066     8.3581     76.824     30.454  22.641911    21.9600     2.2446     0.0852     0.4230 2.2138e+01     3.3462      3.062      4.440    12.2210 0.0000e+00
      3.139      0.067     8.3427     76.389     30.473  22.648176    21.9600     2.2408     0.0852     0.5076 2.1913e+01     3.2707      3.078      4.464    12.2102 0.0000e+00
      3.156      0.067     8.3179     75.898     30.452  22.625686    21.9600     2.4773     0.0852     0.5076 2.1493e+01     3.4369      3.095      4.489    12.1976 0.0000e+00
      3.174      0.067     8.2853     75.349     30.428  22.602289    21.9600     2.5002     0.0852     0.5076 2.1261e+01     3.5124      3.112      4.514    12.1840 0.0000e+00
      3.191      0.066     8.2465     74.751     30.417  22.589662    21.9600     2.4964     0.0852     0.5076 2.0877e+01     3.5275      3.130      4.539    12.1707 0.0000e+00
      3.209      0.065     8.2021     74.120     30.415  22.584440    21.9600     2.4621     0.1278     0.3807 2.0638e+01     3.5879      3.147      4.564    12.1583 0.0000e+00
      3.225      0.064     8.1514     73.480     30.413  22.581246    21.9600     2.4010     0.1278     0.3807 2.0548e+01     3.2103      3.163      4.587    12.1471 0.0000e+00
      3.241      0.063     8.0943     72.863     30.430  22.593167    21.9600     2.4163     0.1278     0.3807 2.0348e+01     3.2858      3.178      4.609    12.1376 0.0000e+00
      3.256      0.063     8.0314     72.303     30.471  22.623379    21.9600     2.4010     0.1278     0.3807 2.0159e+01     3.2254      3.193      4.631    12.1302 0.0000e+00
      3.272      0.063     7.9645     71.833     30.505  22.648086    22.0500     2.3819     0.1278     0.4230 1.9971e+01     3.2707      3.208      4.653    12.1249 0.0000e+00
      3.288      0.064     7.8964     71.480     30.530  22.665913    22.0500     1.9700     0.1278     0.4230 1.9876e+01     3.3160      3.224      4.676    12.1215 0.0000e+00
      3.304      0.066     7.8304     71.257     30.555  22.683605    22.0500     2.0119     0.1278     0.4230 1.9640e+01     3.3009      3.240      4.699    12.1199 0.0000e+00
      3.321      0.067     7.7703     71.160     30.599  22.713843    22.0500     2.0005     0.1278     0.4230 1.9314e+01     3.2707      3.257      4.723    12.1194 0.0000e+00
      3.339      0.068     7.7198     71.166     30.651  22.750755    22.0500     1.9776     0.1704     0.3807 1.8915e+01     3.2254      3.274      4.749    12.1192 0.0000e+00
      3.357      0.069     7.6821     71.238     30.679  22.770337    22.0500     2.1721     0.1704     0.3807 1.8610e+01     3.4973      3.292      4.774    12.1182 0.0000e+00
      3.375      0.069     7.6585     71.333     30.686  22.773832    22.0500     2.1874     0.1704     0.3807 1.8405e+01     3.4822      3.309      4.800    12.1158 0.0000e+00
      3.392      0.069     7.6486     71.426     30.688  22.774115    22.0500     2.1798     0.1704     0.3807 1.8241e+01     3.5879      3.326      4.824    12.1127 0.0000e+00
      3.409      0.069     7.6498     71.514     30.716  22.793162    22.0500     2.1721     0.1704     0.3807 1.8044e+01     3.5124      3.343      4.849    12.1095 0.0000e+00
      3.426      0.071     7.6580     71.592     30.776  22.834061    22.1400     2.1531     0.1704     0.3807 1.7884e+01     3.4822      3.360      4.873    12.1069 0.0000e+00
      3.443      0.074     7.6686     71.640     30.843  22.877856    22.1400     2.1607     0.1704     0.3807 1.7664e+01     3.4671      3.377      4.898    12.1050 0.0000e+00
      3.462      0.079     7.6789     71.640     30.895  22.908351    22.1400     2.1798     0.1704     0.3807 1.7633e+01     3.4218      3.395      4.924    12.1031 0.0000e+00
      3.482      0.084     7.6889     71.568     30.942  22.933680    22.1400     2.1569     0.1704     0.3807 1.7545e+01     3.5124      3.415      4.953    12.1000 0.0000e+00
      3.505      0.089     7.6982     71.396     31.011  22.974532    22.0500     2.0653     0.1278     0.4230 1.6957e+01     3.8750      3.437      4.985    12.0945 0.0000e+00
      3.529      0.093     7.7051     71.084     31.095  23.027864    22.0500     2.0577     0.1278     0.4230 1.6456e+01     3.6937      3.461      5.020    12.0851 0.0000e+00
      3.555      0.097     7.7074     70.589     31.173  23.078034    22.0500     2.0462     0.1278     0.4230 1.6120e+01     3.7994      3.486      5.056    12.0718 0.0000e+00
      3.580      0.098     7.7024     69.882     31.225  23.110548    22.0500     2.0653     0.1278     0.4230 1.5935e+01     3.7692      3.511      5.092    12.0562 0.0000e+00
      3.606      0.099     7.6866     68.971     31.258  23.130094    22.2300     2.1302     0.1278     0.4653 1.5589e+01     3.9656      3.536      5.128    12.0403 0.0000e+00
      3.631      0.098     7.6555     67.899     31.278  23.141884    22.2300     2.1073     0.1278     0.4653 1.5337e+01     4.0411      3.561      5.164    12.0258 0.0000e+00
      3.656      0.096     7.6043     66.732     31.280  23.141098    22.2300     2.1111     0.1278     0.4653 1.4807e+01     3.9052      3.586      5.200    12.0136 0.0000e+00
      3.681      0.093     7.5298     65.551     31.275  23.135491    22.2300     2.1035     0.1278     0.4653 1.4397e+01     3.9656      3.610      5.236    12.0039 0.0000e+00
      3.705      0.090     7.4328     64.440     31.271  23.131531    22.2300     1.9280     0.1278     0.4653 1.4137e+01     4.0109      3.634      5.270    11.9964 0.0000e+00
      3.728      0.087     7.3183     63.475     31.257  23.120198    22.4100     1.9356     0.1278     0.3384 1.3918e+01     4.0109      3.656      5.302    11.9910 0.0000e+00
