Data/DataNotYetUploadedToEDI/Raw_CTD/RawDownloads/042125_fcr20_S7809004.cnv
* Sea-Bird SBE19plus  Data File:
* FileName = C:\R\Reservoirs\Data\DataNotYetUploadedToEDI\Raw_CTD\RawDownloads\042125_fcr50_S7809_0004.hex
* Software version 2.8.0.119
* Temperature SN = 7809
* Conductivity SN = 7809
* System UpLoad Time = Apr 22 2025 10:36:00
* <ApplicationData>
* <Seaterm232>
# nquan = 15
# nvalues = 1228                        
# units = specified
# name 0 = depFM: Depth [fresh water, m]
# name 1 = dz/dtM: Descent Rate [m/s]
# name 2 = sbeox0Mg/L: Oxygen, SBE 43 [mg/l]
# name 3 = sbeox0PS: Oxygen, SBE 43 [% saturation]
# name 4 = specc: Specific Conductance [uS/cm]
# name 5 = c0uS/cm: Conductivity [uS/cm]
# name 6 = flECO-AFL: Fluorescence, WET Labs ECO-AFL/FL [mg/m^3]
# name 7 = ph: pH
# name 8 = orp: Oxidation Reduction Potential [mV]
# name 9 = par/sat/log: PAR/Logarithmic, Satlantic
# name 10 = turbWETntu0: Turbidity, WET Labs ECO [NTU]
# name 11 = prdM: Pressure, Strain Gauge [db]
# name 12 = prdE: Pressure, Strain Gauge [psi]
# name 13 = tv290C: Temperature [ITS-90, deg C]
# name 14 = flag:  0.000e+00
# span 0 =     -0.648,      3.635       
# span 1 =     -0.453,      0.262       
# span 2 =     5.1203,    11.2398       
# span 3 =     54.750,    112.804       
# span 4 =      1.177,     46.098       
# span 5 =   1.081223,  33.646740       
# span 6 =    -0.2184,   102.5590       
# span 7 =      7.129,      8.889       
# span 8 =  -900.2317,  1240.2255       
# span 9 = 4.8466e+00, 1.5494e+03       
# span 10 =    -0.9704,   134.2854      
# span 11 =     -0.636,      3.567      
# span 12 =     -0.923,      5.173      
# span 13 =    11.3860,    20.9389      
# span 14 = 0.0000e+00, 0.0000e+00      
# interval = seconds: 0.25
# start_time = Apr 21 2025 15:02:42 [Instrument's time stamp, header]
# bad_flag = -9.990e-29
*END*
[from data line 579]
     -0.347      0.049     9.0761    100.586     31.835  28.853531     1.3052      8.552   243.2843 9.0845e+02     1.9352     -0.343     -0.498    20.3029 0.0000e+00
     -0.335      0.079     9.0777    100.701     31.814  28.836203     1.2962      8.555   246.6752 9.1717e+02     1.8634     -0.331     -0.482    20.3038 0.0000e+00
     -0.315      0.117     9.0782    100.767     31.792  28.817117     1.2735      8.557   253.0758 9.2248e+02     1.7869     -0.309     -0.450    20.3059 0.0000e+00
     -0.286      0.155     9.0783    100.693     31.791  28.813043     1.2880      8.559   254.7676 8.9518e+02     1.7964     -0.286     -0.415    20.3095 0.0000e+00
     -0.240      0.185     9.0872    100.543     31.767  28.786936     1.3301      8.561   249.9235 7.5282e+02     1.8069     -0.245     -0.354    20.3128 0.0000e+00
     -0.175      0.205     9.0985    100.458     31.740  28.755167     1.3505      8.561   246.0435 5.5755e+02     1.7773     -0.171     -0.248    20.3155 0.0000e+00
     -0.105      0.214     9.1094    100.427     31.741  28.746056     1.3505      8.561   245.1951 5.0198e+02     1.7459     -0.101     -0.146    20.3177 0.0000e+00
     -0.042      0.211     9.1020    100.407     31.748  28.740187     1.3971      8.561   244.9144 4.7258e+02     1.7346     -0.037     -0.055    20.3130 0.0000e+00
      0.010      0.195     9.0799    100.368     31.767  28.747614     1.4981      8.560   244.6278 3.3183e+02     1.8117      0.014      0.021    20.3048 0.0000e+00
      0.051      0.168     9.0792    100.324     31.802  28.772417     1.5387      8.560   244.3968 2.2487e+02     1.8584      0.050      0.072    20.2968 0.0000e+00
      0.091      0.138     9.0787    100.343     31.821  28.786359     1.5139      8.562   244.1008 1.9608e+02     1.7872      0.088      0.128    20.2789 0.0000e+00
      0.130      0.111     9.0827    100.434     31.822  28.789327     1.5072      8.564   243.8027 1.8367e+02     1.7706      0.134      0.195    20.2560 0.0000e+00
      0.155      0.089     9.0828    100.565     31.837  28.808302     1.5233      8.564   243.6321 1.7709e+02     1.8281      0.159      0.230    20.2403 0.0000e+00
      0.165      0.075     9.0760    100.696     31.850  28.825505     1.5170      8.565   243.5865 1.7784e+02     1.8338      0.160      0.232    20.2285 0.0000e+00
      0.174      0.067     9.0804    100.831     31.827  28.807055     1.4818      8.566   243.5948 1.8639e+02     1.7714      0.170      0.247    20.2226 0.0000e+00
      0.185      0.066     9.0875    100.966     31.793  28.775504     1.4558      8.568   243.7326 1.9257e+02     1.6884      0.181      0.263    20.2275 0.0000e+00
      0.199      0.071     9.1005    101.071     31.781  28.761155     1.4686      8.571   244.0486 1.9600e+02     1.6837      0.191      0.277    20.2395 0.0000e+00
      0.223      0.076     9.1087    101.140     31.783  28.760417     1.5118      8.574   244.4041 2.0204e+02     1.7485      0.215      0.313    20.2493 0.0000e+00
      0.252      0.078     9.1205    101.184     31.791  28.766579     1.5368      8.574   244.6756 2.0678e+02     1.7888      0.250      0.364    20.2528 0.0000e+00
      0.276      0.073     9.1351    101.223     31.796  28.772230     1.5295      8.575   244.7495 2.0790e+02     1.7959      0.273      0.396    20.2506 0.0000e+00
      0.293      0.062     9.1454    101.237     31.788  28.765319     1.5237      8.577   244.7811 2.0420e+02     1.8007      0.287      0.416    20.2420 0.0000e+00
      0.308      0.047     9.1532    101.197     31.767  28.746442     1.5496      8.579   245.0583 1.9614e+02     1.8464      0.305      0.442    20.2371 0.0000e+00
      0.318      0.037     9.1544    101.106     31.752  28.734276     1.5851      8.579   245.4338 1.9170e+02     1.8353      0.315      0.457    20.2389 0.0000e+00
      0.321      0.037     9.1599    101.002     31.765  28.745080     1.5866      8.581   245.7076 1.9102e+02     1.7358      0.316      0.457    20.2398 0.0000e+00
      0.321      0.043     9.1619    100.917     31.776  28.750213     1.5503      8.584   245.8733 1.8750e+02     1.6674      0.314      0.454    20.2404 0.0000e+00
      0.325      0.050     9.1579    100.836     31.769  28.732906     1.5129      8.586   245.9745 1.8640e+02     1.6917      0.313      0.454    20.2417 0.0000e+00
      0.342      0.055     9.1482    100.748     31.774  28.726090     1.5086      8.587   246.0707 1.9858e+02     1.7899      0.328      0.475    20.2424 0.0000e+00
      0.372      0.058     9.1366    100.690     31.789  28.731220     1.5142      8.589   246.1765 2.1243e+02     1.8310      0.368      0.533    20.2442 0.0000e+00
      0.397      0.057     9.1317    100.719     31.795  28.731485     1.5064      8.591   246.3078 2.0903e+02     1.7781      0.396      0.574    20.2384 0.0000e+00
      0.408      0.051     9.1282    100.794     31.797  28.729283     1.5225      8.593   246.4534 2.1314e+02     1.7310      0.401      0.581    20.2171 0.0000e+00
      0.413      0.042     9.1236    100.841     31.774  28.704593     1.5678      8.594   246.5604 2.3994e+02     1.7744      0.403      0.584    20.1966 0.0000e+00
      0.418      0.033     9.1163    100.898     31.758  28.686665     1.5958      8.595   246.6547 2.5279e+02     1.8929      0.409      0.594    20.1855 0.0000e+00
      0.425      0.029     9.1223    100.989     31.778  28.702800     1.5952      8.596   246.7322 2.3778e+02     1.8998      0.417      0.605    20.1770 0.0000e+00
      0.433      0.030     9.1354    101.065     31.786  28.709396     1.5774      8.596   246.8098 2.2908e+02     1.7888      0.424      0.616    20.1701 0.0000e+00
      0.440      0.032     9.1371    101.117     31.779  28.702988     1.5716      8.597   246.9918 2.2781e+02     1.7809      0.430      0.625    20.1640 0.0000e+00
      0.448      0.034     9.1418    101.163     31.763  28.688743     1.5906      8.599   247.2111 2.2196e+02     1.8382      0.437      0.635    20.1581 0.0000e+00
      0.458      0.036     9.1546    101.239     31.738  28.664016     1.5914      8.600   247.3965 2.2184e+02     1.7986      0.450      0.652    20.1552 0.0000e+00
      0.467      0.037     9.1603    101.355     31.733  28.657722     1.5817      8.602   247.5991 2.1299e+02     1.7115      0.460      0.666    20.1551 0.0000e+00
      0.477      0.037     9.1648    101.425     31.755  28.676069     1.5974      8.604   247.7681 2.0339e+02     1.6731      0.466      0.675    20.1557 0.0000e+00
      0.487      0.036     9.1680    101.409     31.777  28.695559     1.6234      8.605   247.8036 2.0304e+02     1.7108      0.478      0.693    20.1565 0.0000e+00
      0.498      0.036     9.1726    101.372     31.785  28.703098     1.6469      8.607   247.8567 1.9783e+02     1.7578      0.490      0.711    20.1547 0.0000e+00
      0.506      0.037     9.1893    101.360     31.785  28.703789     1.6493      8.607   247.9808 1.9512e+02     1.7283      0.497      0.721    20.1494 0.0000e+00
      0.512      0.038     9.1986    101.338     31.786  28.703913     1.6355      8.608   248.0991 1.9992e+02     1.7306      0.501      0.726    20.1450 0.0000e+00
      0.521      0.038     9.1926    101.261     31.788  28.704594     1.6382      8.609   248.1688 2.0367e+02     1.8187      0.510      0.738    20.1453 0.0000e+00
      0.534      0.037     9.1876    101.145     31.798  28.712028     1.6566      8.610   248.1347 2.0245e+02     1.8714      0.525      0.761    20.1481 0.0000e+00
      0.547      0.037     9.1881    101.070     31.819  28.730374     1.6830      8.611   248.2032 2.0966e+02     1.8217      0.537      0.780    20.1482 0.0000e+00
      0.557      0.036     9.1884    101.082     31.826  28.736131     1.7077      8.612   248.3944 2.2400e+02     1.7300      0.548      0.795    20.1464 0.0000e+00
      0.564      0.034     9.1817    101.142     31.807  28.718200     1.7303      8.614   248.4675 2.2295e+02     1.7192      0.555      0.804    20.1448 0.0000e+00
      0.569      0.032     9.1676    101.196     31.792  28.703851     1.7564      8.616   248.4857 2.1307e+02     1.7934      0.558      0.808    20.1431 0.0000e+00
      0.576      0.031     9.1591    101.250     31.778  28.689493     1.7577      8.616   248.6140 2.1390e+02     1.8074      0.565      0.819    20.1414 0.0000e+00
      0.585      0.032     9.1624    101.317     31.759  28.671457     1.7465      8.617   248.7283 2.2088e+02     1.7176      0.574      0.833    20.1408 0.0000e+00
      0.595      0.033     9.1706    101.387     31.766  28.676059     1.7617      8.618   248.7485 2.2602e+02     1.6642      0.584      0.847    20.1405 0.0000e+00
      0.604      0.035     9.1747    101.433     31.775  28.681701     1.7919      8.619   248.8593 2.2507e+02     1.7078      0.592      0.859    20.1389 0.0000e+00
      0.612      0.037     9.1789    101.413     31.771  28.676242     1.8203      8.621   249.1211 2.1398e+02     1.8013      0.600      0.870    20.1369 0.0000e+00
      0.622      0.039     9.1868    101.342     31.772  28.673482     1.8052      8.622   249.3329 2.0398e+02     1.8386      0.610      0.884    20.1346 0.0000e+00
      0.631      0.041     9.1934    101.264     31.752  28.648329     1.7587      8.623   249.3547 2.0315e+02     1.8169      0.618      0.897    20.1315 0.0000e+00
      0.641      0.041     9.2008    101.191     31.738  28.625824     1.7573      8.624   249.2991 2.0583e+02     1.8456      0.628      0.910    20.1285 0.0000e+00
      0.654      0.041     9.1989    101.150     31.780  28.655066     1.7806      8.625   249.3483 2.0722e+02     1.8792      0.641      0.928    20.1252 0.0000e+00
      0.668      0.040     9.1901    101.155     31.819  28.684736     1.7816      8.625   249.5202 2.0905e+02     1.8130      0.656      0.951    20.1222 0.0000e+00
      0.678      0.040     9.1863    101.196     31.804  28.667419     1.7788      8.626   249.6570 2.0984e+02     1.6938      0.667      0.967    20.1121 0.0000e+00
      0.685      0.041     9.1815    101.264     31.772  28.635960     1.7874      8.628   249.7119 2.0698e+02     1.7027      0.672      0.974    20.0916 0.0000e+00
      0.693      0.041     9.1802    101.322     31.758  28.621515     1.8022      8.629   249.7529 2.0288e+02     1.8177      0.677      0.982    20.0761 0.0000e+00
      0.703      0.042     9.1830    101.352     31.758  28.619617     1.8257      8.630   249.8084 2.1177e+02     1.8200      0.688      0.998    20.0684 0.0000e+00
      0.716      0.044     9.1869    101.378     31.754  28.612998     1.8467      8.631   249.8669 2.2538e+02     1.6970      0.701      1.018    20.0635 0.0000e+00
      0.728      0.047     9.1957    101.408     31.749  28.604915     1.8562      8.632   249.9440 2.1778e+02     1.6275      0.715      1.037    20.0608 0.0000e+00
      0.740      0.051     9.2025    101.430     31.732  28.585310     1.8655      8.633   250.0520 2.0703e+02     1.6978      0.726      1.052    20.0580 0.0000e+00
      0.753      0.053     9.2037    101.426     31.717  28.566229     1.8763      8.635   250.1405 2.0436e+02     1.7949      0.738      1.070    20.0543 0.0000e+00
      0.766      0.055     9.2078    101.410     31.725  28.564482     1.8787      8.637   250.2393 2.0393e+02     1.7776      0.751      1.089    20.0487 0.0000e+00
      0.780      0.057     9.2111    101.416     31.735  28.564167     1.8614      8.638   250.3006 2.0568e+02     1.6926      0.764      1.107    20.0436 0.0000e+00
      0.796      0.058     9.2154    101.476     31.742  28.562413     1.8500      8.640   250.2801 2.0197e+02     1.6898      0.781      1.131    20.0392 0.0000e+00
      0.813      0.056     9.2160    101.561     31.730  28.543267     1.8908      8.641   250.2492 2.0287e+02     1.8128      0.797      1.157    20.0296 0.0000e+00
      0.829      0.053     9.2160    101.605     31.715  28.522945     1.9458      8.642   250.2703 2.0691e+02     1.8811      0.813      1.180    20.0141 0.0000e+00
      0.843      0.052     9.2181    101.608     31.702  28.506972     1.9495      8.642   250.3628 2.0476e+02     1.7986      0.829      1.202    19.9994 0.0000e+00
      0.853      0.052     9.2260    101.599     31.672  28.476984     1.9271      8.642   250.4221 2.0633e+02     1.7720      0.839      1.216    19.9864 0.0000e+00
      0.860      0.056     9.2407    101.594     31.676  28.477494     1.9247      8.643   250.4708 2.0706e+02     1.8666      0.842      1.221    19.9732 0.0000e+00
      0.871      0.062     9.2455    101.601     31.718  28.513127     1.9293      8.645   250.5210 2.0816e+02     1.8837      0.851      1.234    19.9618 0.0000e+00
      0.890      0.067     9.2459    101.599     31.737  28.527258     1.9238      8.648   250.5130 2.0761e+02     1.7741      0.873      1.266    19.9543 0.0000e+00
      0.913      0.072     9.2457    101.578     31.734  28.521492     1.9166      8.650   250.5462 1.9730e+02     1.7024      0.895      1.298    19.9507 0.0000e+00
      0.936      0.074     9.2449    101.563     31.720  28.506841     1.9089      8.651   250.5783 1.9030e+02     1.7339      0.917      1.331    19.9470 0.0000e+00
      0.958      0.071     9.2477    101.576     31.688  28.476964     1.9309      8.652   250.5573 1.8730e+02     1.8142      0.943      1.367    19.9428 0.0000e+00
      0.975      0.066     9.2493    101.624     31.690  28.477375     1.9742      8.653   250.5513 1.8566e+02     1.8194      0.959      1.390    19.9384 0.0000e+00
      0.989      0.061     9.2461    101.673     31.730  28.511813     1.9834      8.653   250.5053 1.8541e+02     1.7276      0.969      1.405    19.9335 0.0000e+00
      1.002      0.057     9.2455    101.698     31.732  28.512791     1.9834      8.654   250.5171 1.8595e+02     1.7291      0.983      1.426    19.9306 0.0000e+00
      1.014      0.054     9.2457    101.726     31.707  28.489187     1.9994      8.656   250.6946 1.8503e+02     1.8372      0.995      1.444    19.9284 0.0000e+00
      1.027      0.052     9.2525    101.768     31.697  28.480133     2.0101      8.657   250.8444 1.8141e+02     1.8735      1.006      1.459    19.9264 0.0000e+00
      1.041      0.050     9.2587    101.800     31.682  28.466744     2.0048      8.659   250.8646 1.8106e+02     1.7916      1.020      1.479    19.9247 0.0000e+00
      1.057      0.050     9.2596    101.809     31.668  28.454158     1.9851      8.659   250.8527 1.7773e+02     1.7016      1.038      1.505    19.9220 0.0000e+00
      1.070      0.050     9.2620    101.824     31.668  28.454818     1.9965      8.660   250.8731 1.7520e+02     1.7073      1.052      1.526    19.9205 0.0000e+00
      1.078      0.051     9.2668    101.847     31.690  28.474727     2.0341      8.660   250.9388 1.7722e+02     1.7244      1.057      1.533    19.9203 0.0000e+00
      1.087      0.051     9.2713    101.856     31.725  28.504597     2.0492      8.661   250.9595 1.8256e+02     1.7032      1.064      1.542    19.9205 0.0000e+00
      1.102      0.052     9.2691    101.850     31.722  28.498831     2.0546      8.662   250.9517 1.8499e+02     1.7243      1.080      1.568    19.9213 0.0000e+00
      1.119      0.053     9.2709    101.806     31.692  28.468428     2.0567      8.664   251.0161 1.7702e+02     1.7749      1.098      1.592    19.9229 0.0000e+00
      1.135      0.054     9.2743    101.718     31.679  28.454133     2.0590      8.665   251.0498 1.7228e+02     1.8362      1.113      1.614    19.9233 0.0000e+00
      1.149      0.053     9.2748    101.614     31.680  28.452834     2.0487      8.667   251.1011 1.7095e+02     1.8164      1.127      1.635    19.9196 0.0000e+00
      1.161      0.050     9.2766    101.507     31.682  28.452716     2.0245      8.667   251.2062 1.7194e+02     1.7057      1.139      1.652    19.9141 0.0000e+00
