Data/DataNotYetUploadedToEDI/Raw_CTD/RawDownloads/042125_bvr50_S8188001.cnv
* Sea-Bird SBE19plus  Data File:
* FileName = C:\R\Reservoirs\Data\DataNotYetUploadedToEDI\Raw_CTD\RawDownloads\042125_bvr50_S8188_0001.hex
* Software version 2.8.0.119
* Temperature SN = 8188
* Conductivity SN = 8188
* System UpLoad Time = Apr 22 2025 10:13:28
* <ApplicationData>
* <Seaterm232>
# nquan = 16
# nvalues = 1864                        
# units = specified
# name 0 = depFM: Depth [fresh water, m]
# name 1 = dz/dtM: Descent Rate [m/s]
# name 2 = sbeox0Mg/L: Oxygen, SBE 43 [mg/l]
# name 3 = sbeox0PS: Oxygen, SBE 43 [% saturation]
# name 4 = specc: Specific Conductance [uS/cm]
# name 5 = c0uS/cm: Conductivity [uS/cm]
# name 6 = wetCDOM: Fluorescence, WET Labs CDOM [mg/m^3]
# name 7 = flECO-AFL: Fluorescence, WET Labs ECO-AFL/FL [mg/m^3]
# name 8 = flECO-AFL1: Fluorescence, WET Labs ECO-AFL/FL, 2 [mg/m^3]
# name 9 = flECO-AFL2: Fluorescence, WET Labs ECO-AFL/FL, 3 [mg/m^3]
# name 10 = par/sat/log: PAR/Logarithmic, Satlantic
# name 11 = turbWETntu0: Turbidity, WET Labs ECO [NTU]
# name 12 = prdM: Pressure, Strain Gauge [db]
# name 13 = prdE: Pressure, Strain Gauge [psi]
# name 14 = tv290C: Temperature [ITS-90, deg C]
# name 15 = flag:  0.000e+00
# span 0 =     -0.682,      6.679       
# span 1 =     -0.238,      0.132       
# span 2 =     1.4510,    13.4974       
# span 3 =     13.291,    139.656       
# span 4 =      0.585,     86.625       
# span 5 =   0.551668,  63.042206       
# span 6 =   -14.4000,    29.2500       
# span 7 =    -0.8224,    52.7329       
# span 8 =    -2.5986,     0.9372       
# span 9 =    -8.3331,     4.6530       
# span 10 = 1.1582e-01, 3.0307e+03      
# span 11 =    -1.1404,   422.8367      
# span 12 =     -0.669,      6.550      
# span 13 =     -0.970,      9.500      
# span 14 =    11.2834,    22.2212      
# span 15 = 0.0000e+00, 0.0000e+00      
# interval = seconds: 0.25
# start_time = Apr 21 2025 10:52:41 [Instrument's time stamp, header]
# bad_flag = -9.990e-29
*END*
[from data line 181]
     -0.028      0.000     6.6586     69.638     30.281  25.979380    20.6100     8.2948     0.1278     1.3113 3.8077e+02     3.5275     -0.028     -0.040    17.8742 0.0000e+00
     -0.028      0.000     6.6455     69.510     30.283  25.983213    20.6100     8.2986     0.1278     1.2267 3.9467e+02     3.5124     -0.028     -0.040    17.8796 0.0000e+00
     -0.028      0.000     6.6322     69.381     30.285  25.987636    20.6100     8.2948     0.1278     1.2267 4.9668e+02     3.4822     -0.028     -0.040    17.8846 0.0000e+00
     -0.028      0.000     6.6192     69.258     30.290  25.993827    20.6100     7.3945     0.1278     1.2267 4.2199e+02     3.4520     -0.028     -0.040    17.8891 0.0000e+00
     -0.028      0.000     6.6064     69.144     30.295  25.999455    20.6100     7.3640     0.1278     1.2267 4.5981e+02     3.6181     -0.028     -0.040    17.8932 0.0000e+00
     -0.028      0.000     6.5937     69.044     30.286  25.994075    20.6100     7.3716     0.1278     1.2267 4.1571e+02     3.5577     -0.028     -0.040    17.8970 0.0000e+00
     -0.029      0.000     6.5811     68.958     30.273  25.984216    20.6100     7.3793     0.1278     1.4382 4.5365e+02     3.5426     -0.028     -0.040    17.9004 0.0000e+00
     -0.029     -0.001     6.5689     68.876     30.270  25.983178    20.6100     6.7231     0.1278     1.4382 4.7597e+02     3.5577     -0.028     -0.041    17.9036 0.0000e+00
     -0.029     -0.001     6.5577     68.782     30.271  25.986703    20.6100     6.7079     0.1278     1.4382 5.0506e+02     3.5124     -0.028     -0.041    17.9067 0.0000e+00
     -0.029     -0.001     6.5479     68.674     30.270  25.987766    20.6100     6.6926     0.1278     1.4382 5.1047e+02     3.5426     -0.028     -0.041    17.9095 0.0000e+00
     -0.029      0.000     6.5393     68.560     30.271  25.990633    20.6100     6.7155     0.1278     1.3959 4.5861e+02     3.6030     -0.029     -0.042    17.9122 0.0000e+00
     -0.030      0.000     6.5311     68.452     30.276  25.996068    20.6100     7.0779     0.1278     1.3959 3.7056e+02     3.5124     -0.029     -0.042    17.9151 0.0000e+00
     -0.030      0.000     6.5218     68.355     30.281  26.001539    20.6100     7.0665     0.1278     1.3959 3.1662e+02     3.5124     -0.029     -0.042    17.9182 0.0000e+00
     -0.029      0.000     6.5111     68.264     30.293  26.012486    20.6100     7.0665     0.1278     1.3959 4.9485e+02     3.4671     -0.029     -0.042    17.9214 0.0000e+00
     -0.029      0.001     6.4999     68.166     30.305  26.023865    20.6100     7.0779     0.1278     1.3536 5.7402e+02     3.5426     -0.029     -0.042    17.9246 0.0000e+00
     -0.029      0.001     6.4893     68.058     30.308  26.026762    20.6100     7.3945     0.1278     1.3536 3.0780e+02     3.4822     -0.028     -0.041    17.9272 0.0000e+00
     -0.029      0.002     6.4799     67.954     30.305  26.025933    20.6100     7.3678     0.1278     1.3536 4.5583e+02     3.5426     -0.028     -0.041    17.9292 0.0000e+00
     -0.028      0.002     6.4711     67.879     30.299  26.021157    20.6100     7.3793     0.1278     1.3536 4.1014e+02     3.5124     -0.027     -0.040    17.9307 0.0000e+00
     -0.027      0.002     6.4616     67.839     30.286  26.011160    20.7000     7.3983     0.1278     1.3536 4.0712e+02     3.5728     -0.026     -0.038    17.9319 0.0000e+00
     -0.026      0.002     6.4512     67.821     30.273  26.001240    20.7000     7.8981     0.1278     1.3536 6.8212e+02     3.4671     -0.026     -0.037    17.9334 0.0000e+00
     -0.026      0.002     6.4411     67.814     30.262  25.992736    20.7000     7.8676     0.1278     1.3536 3.7347e+02     3.4822     -0.025     -0.036    17.9353 0.0000e+00
     -0.025      0.001     6.4337     67.800     30.249  25.983380    20.7000     7.8752     0.1278     1.3536 3.6752e+02     3.4822     -0.025     -0.036    17.9372 0.0000e+00
     -0.025      0.001     6.4297     67.765     30.237  25.974658    20.7000     7.8866     0.1278     1.3536 3.9863e+02     3.4671     -0.025     -0.036    17.9388 0.0000e+00
     -0.025      0.001     6.4278     67.698     30.236  25.976192    20.7000     8.1537     0.0852     1.3536 4.3949e+02     3.6030     -0.025     -0.036    17.9404 0.0000e+00
     -0.025      0.001     6.4268     67.604     30.251  25.992374    20.7000     8.1193     0.0852     1.3536 4.8484e+02     3.4973     -0.025     -0.036    17.9422 0.0000e+00
     -0.025      0.001     6.4253     67.496     30.266  26.007607    20.7000     8.1079     0.0852     1.3536 4.1815e+02     3.4218     -0.025     -0.036    17.9446 0.0000e+00
     -0.025      0.001     6.4215     67.394     30.266  26.010024    20.7000     8.1117     0.0852     1.3536 3.8761e+02     3.5577     -0.024     -0.035    17.9478 0.0000e+00
     -0.024      0.001     6.4146     67.305     30.256  26.004252    20.7000     8.1689     0.1278     1.4382 3.8728e+02     3.5426     -0.024     -0.035    17.9519 0.0000e+00
     -0.024      0.001     6.4051     67.220     30.245  25.996716    20.7000     8.1918     0.1278     1.4382 3.3641e+02     3.4067     -0.023     -0.034    17.9564 0.0000e+00
     -0.024      0.002     6.3944     67.131     30.239  25.993372    20.7000     8.1880     0.1278     1.4382 4.4613e+02     3.5728     -0.023     -0.034    17.9608 0.0000e+00
     -0.024      0.002     6.3841     67.041     30.238  25.993329    20.7000     8.1727     0.1278     1.4382 5.0287e+02     3.5124     -0.023     -0.033    17.9650 0.0000e+00
     -0.023      0.003     6.3751     66.961     30.235  25.992591    20.7000     7.9439     0.1278     1.3536 4.6756e+02     3.5577     -0.022     -0.032    17.9689 0.0000e+00
     -0.022      0.003     6.3667     66.902     30.237  25.994946    20.7000     7.9400     0.1278     1.3536 6.9877e+02     3.5426     -0.022     -0.031    17.9723 0.0000e+00
     -0.021      0.004     6.3579     66.862     30.244  26.001020    20.7000     7.9439     0.1278     1.3536 5.0232e+02     3.4822     -0.021     -0.030    17.9752 0.0000e+00
     -0.020      0.004     6.3489     66.831     30.247  26.004469    20.7000     7.9248     0.1278     1.3536 4.9679e+02     3.5124     -0.019     -0.028    17.9778 0.0000e+00
     -0.019      0.005     6.3411     66.801     30.243  26.002231    20.7000     8.3139     0.1278     1.3536 4.7971e+02     3.4671     -0.018     -0.027    17.9798 0.0000e+00
     -0.018      0.004     6.3353     66.768     30.241  26.001672    20.7000     8.2757     0.1278     1.3959 4.8812e+02     3.5275     -0.017     -0.025    17.9811 0.0000e+00
     -0.016      0.004     6.3314     66.737     30.249  26.010610    20.7000     8.2872     0.1278     1.3959 4.0916e+02     3.5124     -0.016     -0.024    17.9819 0.0000e+00
     -0.015      0.003     6.3285     66.706     30.262  26.023462    20.7000     8.3024     0.1278     1.3959 8.3271e+02     3.4822     -0.015     -0.022    17.9828 0.0000e+00
     -0.015      0.002     6.3254     66.665     30.275  26.035691    20.7000     8.6916     0.1278     1.3959 5.2157e+02     3.5879     -0.014     -0.021    17.9842 0.0000e+00
     -0.014      0.001     6.3221     66.604     30.285  26.046576    20.7000     8.6992     0.1278     1.4382 4.1354e+02     3.4822     -0.014     -0.021    17.9864 0.0000e+00
     -0.015      0.000     6.3187     66.521     30.293  26.055038    20.7000     8.7221     0.1278     1.4382 4.1652e+02     3.4671     -0.015     -0.021    17.9891 0.0000e+00
     -0.015     -0.001     6.3154     66.425     30.300  26.063332    20.7000     8.7183     0.1278     1.4382 5.0528e+02     3.4671     -0.015     -0.022    17.9919 0.0000e+00
     -0.016     -0.001     6.3113     66.330     30.304  26.069689    20.7000     7.7646     0.1278     1.4382 3.6056e+02     3.5728     -0.016     -0.023    17.9947 0.0000e+00
     -0.016     -0.001     6.3051     66.251     30.298  26.067840    20.7000     7.7455     0.0852     1.4382 3.6896e+02     3.5426     -0.016     -0.024    17.9976 0.0000e+00
     -0.017     -0.001     6.2967     66.186     30.283  26.057290    20.7000     7.7073     0.0852     1.4382 4.2836e+02     3.5728     -0.017     -0.024    18.0011 0.0000e+00
     -0.017     -0.001     6.2871     66.123     30.268  26.047175    20.7000     7.7455     0.0852     1.4382 4.2025e+02     3.4671     -0.017     -0.025    18.0052 0.0000e+00
     -0.017     -0.001     6.2775     66.056     30.260  26.042761    20.7000     7.5013     0.0852     1.4382 3.2449e+02     3.4520     -0.017     -0.025    18.0097 0.0000e+00
     -0.018      0.000     6.2695     65.979     30.257  26.042872    20.7000     7.4975     0.0852     1.4805 3.6276e+02     3.4520     -0.017     -0.025    18.0143 0.0000e+00
     -0.018      0.000     6.2628     65.892     30.259  26.047538    20.7000     7.4937     0.0852     1.4805 3.0447e+02     3.4973     -0.017     -0.025    18.0187 0.0000e+00
     -0.018      0.000     6.2563     65.797     30.263  26.054019    20.7000     7.5128     0.0852     1.4805 3.9270e+02     3.4822     -0.017     -0.025    18.0228 0.0000e+00
     -0.017      0.001     6.2494     65.698     30.262  26.056080    20.7000     7.5738     0.0852     1.4805 4.1988e+02     3.4822     -0.017     -0.025    18.0268 0.0000e+00
     -0.017      0.001     6.2416     65.606     30.256  26.054272    20.7000     7.5624     0.0852     1.4805 3.7755e+02     3.5426     -0.017     -0.025    18.0311 0.0000e+00
     -0.017      0.001     6.2327     65.532     30.251  26.052093    20.7000     7.5586     0.1278     1.3113 3.6347e+02     3.5728     -0.017     -0.024    18.0361 0.0000e+00
     -0.017      0.001     6.2230     65.482     30.244  26.048963    20.7000     7.5509     0.1278     1.3113 3.5837e+02     3.4520     -0.016     -0.024    18.0415 0.0000e+00
     -0.016      0.001     6.2130     65.455     30.241  26.048030    20.7000     7.6234     0.1278     1.3113 4.4826e+02     3.5426     -0.016     -0.023    18.0469 0.0000e+00
     -0.016      0.000     6.2037     65.429     30.245  26.053028    20.7000     7.6387     0.1278     1.3113 3.3379e+02     3.4973     -0.016     -0.023    18.0519 0.0000e+00
     -0.017      0.000     6.1960     65.387     30.248  26.057324    20.7900     7.6158     0.1278     1.4382 3.4283e+02     3.4671     -0.016     -0.023    18.0564 0.0000e+00
     -0.017     -0.001     6.1909     65.319     30.238  26.050117    20.7900     7.6463     0.1278     1.4382 3.9108e+02     3.5275     -0.016     -0.023    18.0601 0.0000e+00
     -0.017     -0.001     6.1879     65.225     30.220  26.037450    20.7900     7.9210     0.1278     1.4382 3.5051e+02     3.6332     -0.016     -0.024    18.0632 0.0000e+00
     -0.017     -0.001     6.1852     65.111     30.211  26.031875    20.7900     7.9591     0.1278     1.4382 3.1738e+02     3.4369     -0.017     -0.024    18.0659 0.0000e+00
     -0.017     -0.001     6.1808     64.992     30.209  26.031905    20.7000     7.9362     0.1278     1.3959 3.1800e+02     3.5426     -0.017     -0.025    18.0685 0.0000e+00
     -0.018     -0.001     6.1740     64.882     30.204  26.029583    20.7000     7.9553     0.1278     1.3959 4.2043e+02     3.4671     -0.018     -0.025    18.0716 0.0000e+00
     -0.018     -0.001     6.1647     64.794     30.191  26.020309    20.7000     7.7646     0.1278     1.3959 3.4522e+02     3.5426     -0.018     -0.026    18.0751 0.0000e+00
     -0.018     -0.001     6.1535     64.725     30.178  26.009574    20.7000     7.7531     0.1278     1.3959 3.3898e+02     3.4369     -0.018     -0.026    18.0789 0.0000e+00
     -0.018     -0.001     6.1417     64.667     30.175  26.006461    20.7000     7.7302     0.0852     1.3536 3.2590e+02     3.5728     -0.018     -0.027    18.0826 0.0000e+00
     -0.019     -0.001     6.1309     64.613     30.185  26.014124    20.7000     7.7569     0.0852     1.3536 3.5013e+02     3.5577     -0.019     -0.027    18.0858 0.0000e+00
     -0.019     -0.001     6.1223     64.567     30.205  26.030624    20.7000     7.5395     0.0852     1.3536 3.6284e+02     3.6786     -0.019     -0.028    18.0880 0.0000e+00
     -0.019     -0.000     6.1157     64.547     30.222  26.044431    20.7000     7.5586     0.0852     1.3536 4.2244e+02     3.7390     -0.019     -0.028    18.0890 0.0000e+00
     -0.019     -0.000     6.1103     64.566     30.223  26.043296    20.7000     7.5738     0.0852     1.3536 3.4358e+02     3.7994     -0.019     -0.028    18.0887 0.0000e+00
     -0.019     -0.001     6.1053     64.616     30.215  26.034883    20.7000     7.5395     0.1278     1.4805 3.0840e+02     3.7692     -0.019     -0.028    18.0876 0.0000e+00
     -0.019     -0.001     6.1011     64.668     30.220  26.036860    20.7000     7.9248     0.1278     1.4805 3.2683e+02     3.6030     -0.019     -0.028    18.0860 0.0000e+00
     -0.020     -0.001     6.0995     64.700     30.236  26.049754    20.7000     7.9439     0.1278     1.4805 3.1765e+02     3.4369     -0.019     -0.028    18.0838 0.0000e+00
     -0.020     -0.002     6.1017     64.707     30.250  26.061074    20.7000     7.9324     0.1278     1.4805 3.2084e+02     3.5577     -0.020     -0.029    18.0809 0.0000e+00
     -0.021     -0.003     6.1068     64.689     30.251  26.061891    20.7900     7.9286     0.1278     1.4805 3.0256e+02     3.4822     -0.020     -0.029    18.0777 0.0000e+00
     -0.021     -0.003     6.1120     64.648     30.241  26.052423    20.7900     7.8599     0.1278     1.4805 3.3575e+02     3.4520     -0.021     -0.030    18.0748 0.0000e+00
     -0.022     -0.004     6.1154     64.581     30.230  26.042093    20.7900     7.8637     0.1278     1.4805 3.8761e+02     3.5577     -0.022     -0.032    18.0727 0.0000e+00
     -0.024     -0.004     6.1162     64.483     30.224  26.036110    20.7900     7.8752     0.1278     1.4805 3.4627e+02     3.5879     -0.023     -0.034    18.0717 0.0000e+00
     -0.025     -0.004     6.1146     64.357     30.221  26.032879    20.7900     7.8905     0.1278     1.3959 3.3263e+02     3.4973     -0.024     -0.035    18.0712 0.0000e+00
     -0.026     -0.003     6.1108     64.221     30.219  26.031539    20.7900     7.7531     0.1278     1.3959 3.6856e+02     3.4520     -0.026     -0.037    18.0705 0.0000e+00
     -0.027     -0.002     6.1046     64.094     30.218  26.031731    20.7900     7.7569     0.1278     1.3959 3.7372e+02     3.5426     -0.026     -0.038    18.0692 0.0000e+00
     -0.027     -0.002     6.0955     63.979     30.219  26.033507    20.7900     7.7607     0.1278     1.3959 3.3277e+02     3.4973     -0.027     -0.039    18.0676 0.0000e+00
     -0.027     -0.001     6.0837     63.876     30.222  26.037341    20.7000     7.7493     0.0852     1.5228 3.2463e+02     3.3915     -0.027     -0.039    18.0667 0.0000e+00
     -0.027     -0.000     6.0708     63.778     30.229  26.044255    20.7000     8.0659     0.0852     1.5228 3.1580e+02     3.5275     -0.027     -0.039    18.0672 0.0000e+00
     -0.027     -0.000     6.0586     63.666     30.237  26.052110    20.7000     8.0545     0.0852     1.5228 3.2804e+02     3.5124     -0.027     -0.039    18.0686 0.0000e+00
     -0.027     -0.000     6.0475     63.538     30.244  26.059020    20.7000     8.0507     0.0852     1.5228 3.5650e+02     3.5728     -0.027     -0.039    18.0705 0.0000e+00
     -0.027     -0.000     6.0376     63.399     30.256  26.070809    20.7000     8.0583     0.0852     1.5228 3.4560e+02     3.5426     -0.027     -0.039    18.0723 0.0000e+00
     -0.028     -0.000     6.0281     63.253     30.268  26.082655    20.7900     7.6310     0.1278     1.5228 3.9889e+02     3.5426     -0.027     -0.039    18.0740 0.0000e+00
     -0.028      0.000     6.0173     63.107     30.271  26.085772    20.7900     7.6463     0.1278     1.5228 3.5860e+02     3.5426     -0.027     -0.039    18.0755 0.0000e+00
     -0.027      0.000     6.0049     62.971     30.274  26.088955    20.7900     7.6272     0.1278     1.5228 3.9820e+02     3.4973     -0.027     -0.039    18.0774 0.0000e+00
