Data/DataNotYetUploadedToEDI/Raw_CTD/RawDownloads/042125_fcr30_S7809005.cnv
* Sea-Bird SBE19plus  Data File:
* FileName = C:\R\Reservoirs\Data\DataNotYetUploadedToEDI\Raw_CTD\RawDownloads\042125_fcr50_S7809_0005.hex
* Software version 2.8.0.119
* Temperature SN = 7809
* Conductivity SN = 7809
* System UpLoad Time = Apr 22 2025 10:36:38
* <ApplicationData>
* <Seaterm232>
# nquan = 15
# nvalues = 1441                        
# units = specified
# name 0 = depFM: Depth [fresh water, m]
# name 1 = dz/dtM: Descent Rate [m/s]
# name 2 = sbeox0Mg/L: Oxygen, SBE 43 [mg/l]
# name 3 = sbeox0PS: Oxygen, SBE 43 [% saturation]
# name 4 = specc: Specific Conductance [uS/cm]
# name 5 = c0uS/cm: Conductivity [uS/cm]
# name 6 = flECO-AFL: Fluorescence, WET Labs ECO-AFL/FL [mg/m^3]
# name 7 = ph: pH
# name 8 = orp: Oxidation Reduction Potential [mV]
# name 9 = par/sat/log: PAR/Logarithmic, Satlantic
# name 10 = turbWETntu0: Turbidity, WET Labs ECO [NTU]
# name 11 = prdM: Pressure, Strain Gauge [db]
# name 12 = prdE: Pressure, Strain Gauge [psi]
# name 13 = tv290C: Temperature [ITS-90, deg C]
# name 14 = flag:  0.000e+00
# span 0 =     -0.649,      5.153       
# span 1 =     -0.431,      0.368       
# span 2 =     5.1011,    11.5880       
# span 3 =     55.530,    114.930       
# span 4 =      1.959,     35.522       
# span 5 =   1.666889,  28.638488       
# span 6 =    -0.1292,    19.9355       
# span 7 =      0.599,     11.043       
# span 8 =  -163.2486,  1089.9178       
# span 9 = 3.9433e+00, 8.1110e+02       
# span 10 =     1.2863,   446.8025      
# span 11 =     -0.637,      5.054      
# span 12 =     -0.924,      7.330      
# span 13 =     9.2268,    19.9791      
# span 14 = 0.0000e+00, 0.0000e+00      
# interval = seconds: 0.25
# start_time = Apr 21 2025 15:12:03 [Instrument's time stamp, header]
# bad_flag = -9.990e-29
*END*
[from data line 193]
      0.196      0.000    10.2112    106.236     31.831  28.570100     2.0990      8.726   218.0882 1.0949e+02     1.9154      0.192      0.279    19.8653 0.0000e+00
      0.197      0.000    10.0245    105.441     31.826  28.565998     2.1054      8.727   218.2061 1.0999e+02     1.9011      0.193      0.280    19.8671 0.0000e+00
      0.197      0.001     9.8701    104.809     31.836  28.577009     2.1053      8.728   218.2323 1.1175e+02     1.8830      0.194      0.281    19.8696 0.0000e+00
      0.196      0.001     9.7631    104.319     31.831  28.576384     2.0798      8.728   218.2329 1.1219e+02     1.8337      0.192      0.278    19.8741 0.0000e+00
      0.195      0.001     9.6778    103.920     31.808  28.558454     2.0558      8.727   218.3858 1.1071e+02     1.8852      0.190      0.276    19.8741 0.0000e+00
      0.196      0.002     9.6048    103.568     31.799  28.550495     2.0735      8.727   218.6176 1.1008e+02     1.9939      0.193      0.279    19.8722 0.0000e+00
      0.198      0.003     9.5472    103.277     31.793  28.543586     2.1101      8.727   218.7982 1.1166e+02     2.0885      0.195      0.283    19.8771 0.0000e+00
      0.199      0.004     9.5022    103.072     31.788  28.538336     2.0825      8.728   218.9351 1.1415e+02     2.0055      0.195      0.283    19.8855 0.0000e+00
      0.199      0.004     9.4684    102.940     31.800  28.550453     1.9984      8.730   219.0684 1.1515e+02     1.8095      0.195      0.282    19.8883 0.0000e+00
      0.200      0.003     9.4345    102.863     31.812  28.563242     1.9671      8.730   219.2055 1.1578e+02     1.7681      0.196      0.284    19.8881 0.0000e+00
      0.202      0.002     9.4075    102.823     31.815  28.566106     1.9956      8.730   219.3015 1.1695e+02     1.8121      0.198      0.288    19.8855 0.0000e+00
      0.202      0.002     9.3900    102.800     31.836  28.585081     2.0015      8.729   219.3694 1.1790e+02     1.7951      0.199      0.289    19.8829 0.0000e+00
      0.202      0.001     9.3781    102.806     31.856  28.602388     1.9795      8.728   219.5102 1.1772e+02     1.7673      0.198      0.288    19.8864 0.0000e+00
      0.203     -0.001     9.3706    102.829     31.837  28.585082     1.9710      8.730   219.7136 1.1668e+02     1.7832      0.199      0.288    19.8890 0.0000e+00
      0.203     -0.003     9.3686    102.812     31.817  28.566112     1.9823      8.732   219.8498 1.1815e+02     1.8513      0.199      0.288    19.8887 0.0000e+00
      0.203     -0.005     9.3657    102.776     31.815  28.563304     1.9823      8.732   219.9525 1.2208e+02     1.8738      0.199      0.289    19.8877 0.0000e+00
      0.201     -0.005     9.3654    102.773     31.803  28.551139     1.9642      8.732   220.0947 1.2331e+02     1.8501      0.197      0.287    19.8876 0.0000e+00
      0.197     -0.004     9.3720    102.784     31.799  28.545874     1.9538      8.731   220.1923 1.2296e+02     1.9068      0.192      0.279    19.8893 0.0000e+00
      0.195     -0.003     9.3685    102.776     31.821  28.563067     1.9565      8.731   220.1854 1.2481e+02     1.9785      0.190      0.275    19.8877 0.0000e+00
      0.195     -0.001     9.3629    102.755     31.831  28.568728     1.9724      8.732   220.2697 1.2414e+02     2.0332      0.191      0.277    19.8838 0.0000e+00
      0.196      0.000     9.3650    102.739     31.813  28.550897     1.9953      8.732   220.5239 1.2185e+02     1.9536      0.192      0.279    19.8822 0.0000e+00
      0.198      0.002     9.3677    102.722     31.802  28.537749     2.0093      8.733   220.6776 1.2253e+02     1.7335      0.194      0.281    19.8802 0.0000e+00
      0.199      0.002     9.3672    102.677     31.805  28.536604     2.0247      8.734   220.6661 1.2377e+02     1.6950      0.195      0.282    19.8754 0.0000e+00
      0.199      0.002     9.3652    102.621     31.810  28.537053     2.0486      8.734   220.7288 1.2297e+02     1.7951      0.195      0.282    19.8718 0.0000e+00
      0.199      0.001     9.3642    102.584     31.822  28.543177     2.0483      8.734   220.9191 1.2007e+02     1.8167      0.194      0.281    19.8687 0.0000e+00
      0.199     -0.001     9.3657    102.557     31.831  28.547213     2.0129      8.735   221.0738 1.1750e+02     1.7521      0.194      0.281    19.8639 0.0000e+00
      0.200     -0.002     9.3617    102.542     31.806  28.522420     1.9787      8.736   221.1373 1.1730e+02     1.6624      0.196      0.284    19.8579 0.0000e+00
      0.200     -0.002     9.3557    102.547     31.781  28.497112     1.9760      8.737   221.1697 1.1854e+02     1.6537      0.197      0.286    19.8506 0.0000e+00
      0.198     -0.002     9.3558    102.602     31.781  28.494916     1.9965      8.738   221.2937 1.1849e+02     1.6814      0.194      0.281    19.8429 0.0000e+00
      0.194     -0.001     9.3532    102.729     31.784  28.495864     2.0107      8.738   221.5190 1.1911e+02     1.6558      0.190      0.276    19.8370 0.0000e+00
      0.194      0.000     9.3530    102.913     31.799  28.508569     2.0141      8.738   221.6564 1.2310e+02     1.6518      0.190      0.275    19.8330 0.0000e+00
      0.196      0.001     9.3532    103.092     31.814  28.521682     2.0214      8.738   221.7506 1.2610e+02     1.7010      0.191      0.278    19.8284 0.0000e+00
      0.199      0.003     9.3576    103.191     31.821  28.527567     2.0239      8.739   221.8841 1.2525e+02     1.7729      0.195      0.282    19.8248 0.0000e+00
      0.200      0.003     9.3704    103.219     31.807  28.516287     2.0026      8.740   221.9800 1.2343e+02     1.8039      0.197      0.285    19.8228 0.0000e+00
      0.200      0.003     9.3889    103.221     31.801  28.512159     1.9722      8.740   222.1352 1.2212e+02     1.7681      0.196      0.285    19.8210 0.0000e+00
      0.200      0.004     9.4098    103.171     31.832  28.541080     1.9730      8.741   222.2973 1.2042e+02     1.7498      0.196      0.284    19.8195 0.0000e+00
      0.200      0.005     9.4180    103.100     31.840  28.548840     1.9862      8.743   222.3914 1.1961e+02     1.7183      0.196      0.284    19.8197 0.0000e+00
      0.201      0.006     9.4162    103.071     31.831  28.542550     2.0076      8.743   222.4133 1.2096e+02     1.6949      0.196      0.284    19.8222 0.0000e+00
      0.203      0.006     9.4196    103.046     31.814  28.528457     2.0561      8.743   222.4755 1.2235e+02     1.7401      0.198      0.288    19.8249 0.0000e+00
      0.206      0.005     9.4136    103.020     31.789  28.505303     2.0826      8.744   222.6269 1.2075e+02     1.7525      0.203      0.294    19.8265 0.0000e+00
      0.209      0.004     9.4015    103.027     31.802  28.516307     2.0937      8.745   222.6084 1.1992e+02     1.7767      0.206      0.299    19.8273 0.0000e+00
      0.210      0.003     9.4033    103.033     31.824  28.534642     2.0994      8.746   222.5970 1.2247e+02     1.8621      0.207      0.300    19.8294 0.0000e+00
      0.209      0.000     9.4005    103.023     31.826  28.536707     2.0689      8.746   222.7472 1.2246e+02     1.9307      0.204      0.298    19.8313 0.0000e+00
      0.207     -0.002     9.3945    103.024     31.831  28.541277     2.0328      8.747   222.8755 1.2144e+02     1.9580      0.202      0.294    19.8314 0.0000e+00
      0.206     -0.004     9.3989    103.059     31.815  28.526471     2.0208      8.748   223.0298 1.2142e+02     1.9522      0.202      0.293    19.8301 0.0000e+00
      0.206     -0.005     9.4002    103.132     31.767  28.484537     2.0152      8.748   223.2359 1.2072e+02     1.9289      0.203      0.295    19.8278 0.0000e+00
      0.205     -0.004     9.3975    103.200     31.758  28.478247     1.9982      8.748   223.3884 1.2156e+02     1.8471      0.202      0.293    19.8265 0.0000e+00
      0.203     -0.002     9.3978    103.249     31.795  28.513849     1.9739      8.748   223.4973 1.2142e+02     1.7486      0.199      0.289    19.8268 0.0000e+00
      0.200     -0.001     9.3993    103.290     31.813  28.534434     1.9624      8.748   223.6060 1.2086e+02     1.7634      0.196      0.283    19.8273 0.0000e+00
      0.200     -0.001     9.4089    103.323     31.811  28.536871     1.9929      8.747   223.6704 1.2306e+02     1.8897      0.195      0.283    19.8282 0.0000e+00
      0.203     -0.002     9.4147    103.337     31.813  28.543331     2.0428      8.746   223.6741 1.2459e+02     2.0113      0.199      0.289    19.8307 0.0000e+00
      0.204     -0.003     9.4173    103.299     31.815  28.549111     2.0576      8.746   223.7370 1.2360e+02     2.0384      0.202      0.293    19.8353 0.0000e+00
      0.204     -0.003     9.4206    103.212     31.805  28.543332     2.0386      8.746   223.9142 1.2325e+02     1.9789      0.201      0.291    19.8419 0.0000e+00
      0.200     -0.004     9.4212    103.090     31.795  28.536890     2.0297      8.746   224.0957 1.2404e+02     1.9752      0.196      0.285    19.8498 0.0000e+00
      0.196     -0.004     9.4239    102.949     31.793  28.534655     2.0421      8.746   224.1248 1.2303e+02     2.0614      0.191      0.278    19.8580 0.0000e+00
      0.195     -0.003     9.4178    102.790     31.774  28.516315     2.0383      8.745   224.0083 1.2137e+02     2.0653      0.190      0.276    19.8636 0.0000e+00
      0.196     -0.001     9.4092    102.615     31.766  28.505415     2.0172      8.746   223.9772 1.2251e+02     1.9869      0.192      0.279    19.8677 0.0000e+00
      0.198      0.002     9.3968    102.483     31.797  28.529713     2.0115      8.747   224.0927 1.2377e+02     1.9329      0.194      0.282    19.8714 0.0000e+00
      0.198      0.006     9.3831    102.443     31.830  28.556386     2.0274      8.746   224.2873 1.2354e+02     1.8919      0.194      0.282    19.8722 0.0000e+00
      0.198      0.007     9.3710    102.479     31.852  28.574209     2.0514      8.745   224.4372 1.2397e+02     1.8321      0.193      0.280    19.8696 0.0000e+00
      0.199      0.004     9.3522    102.557     31.832  28.554928     2.0514      8.745   224.4425 1.2402e+02     1.7571      0.194      0.281    19.8642 0.0000e+00
      0.203     -0.001     9.3400    102.660     31.789  28.513541     2.0274      8.745   224.4365 1.2318e+02     1.7013      0.198      0.289    19.8576 0.0000e+00
      0.207     -0.007     9.3379    102.750     31.796  28.517788     2.0281      8.744   224.4509 1.2112e+02     1.7389      0.206      0.299    19.8525 0.0000e+00
      0.207     -0.011     9.3437    102.794     31.823  28.542846     2.0522      8.744   224.5304 1.1991e+02     1.8356      0.207      0.300    19.8499 0.0000e+00
      0.198     -0.011     9.3505    102.784     31.842  28.562805     2.0605      8.744   224.7104 1.2079e+02     1.8454      0.196      0.285    19.8480 0.0000e+00
      0.184     -0.010     9.3628    102.734     31.845  28.568830     2.0527      8.744   224.8195 1.2271e+02     1.7898      0.178      0.259    19.8434 0.0000e+00
      0.178     -0.007     9.3732    102.679     31.825  28.552274     2.0492      8.743   224.9036 1.2693e+02     1.8121      0.170      0.247    19.8381 0.0000e+00
      0.183     -0.003     9.3768    102.624     31.827  28.552909     2.0603      8.743   225.0383 1.2829e+02     1.8751      0.178      0.258    19.8382 0.0000e+00
      0.192      0.002     9.3756    102.589     31.853  28.576513     2.0624      8.744   225.1579 1.2789e+02     1.8353      0.190      0.276    19.8454 0.0000e+00
      0.196      0.007     9.3658    102.585     31.857  28.583952     2.0498      8.744   225.3172 1.2975e+02     1.7404      0.195      0.282    19.8536 0.0000e+00
      0.194      0.007     9.3628    102.614     31.846  28.579433     2.0493      8.744   225.5013 1.2880e+02     1.6840      0.191      0.277    19.8544 0.0000e+00
      0.191      0.005     9.3565    102.690     31.847  28.585311     2.0730      8.745   225.5768 1.2815e+02     1.7003      0.186      0.270    19.8504 0.0000e+00
      0.192      0.001     9.3530    102.778     31.851  28.591601     2.1111      8.746   225.5420 1.2802e+02     1.8011      0.187      0.271    19.8503 0.0000e+00
      0.195     -0.002     9.3526    102.824     31.851  28.592064     2.1109      8.746   225.5112 1.2499e+02     1.8435      0.192      0.278    19.8575 0.0000e+00
      0.197     -0.004     9.3508    102.819     31.853  28.590911     2.0782      8.746   225.5491 1.2165e+02     1.8374      0.195      0.283    19.8679 0.0000e+00
      0.196     -0.005     9.3586    102.803     31.839  28.577650     2.0817      8.747   225.6551 1.2018e+02     1.8986      0.193      0.281    19.8761 0.0000e+00
      0.191     -0.006     9.3675    102.815     31.815  28.558579     2.1041      8.747   225.8470 1.2128e+02     1.9337      0.186      0.270    19.8817 0.0000e+00
      0.186     -0.009     9.3721    102.846     31.804  28.550610     2.1077      8.748   226.0624 1.2317e+02     1.9192      0.180      0.262    19.8806 0.0000e+00
      0.185     -0.010     9.3716    102.873     31.799  28.544730     2.1002      8.749   226.1942 1.2592e+02     1.8610      0.180      0.262    19.8736 0.0000e+00
      0.185     -0.010     9.3685    102.898     31.810  28.550911     2.0884      8.749   226.3222 1.2832e+02     1.8100      0.182      0.264    19.8713 0.0000e+00
      0.183     -0.008     9.3693    102.930     31.826  28.561914     2.0902      8.749   226.4917 1.2998e+02     1.8504      0.181      0.262    19.8774 0.0000e+00
      0.178     -0.005     9.3722    102.965     31.817  28.550901     2.0970      8.749   226.5228 1.3232e+02     1.8368      0.174      0.252    19.8831 0.0000e+00
      0.173     -0.003     9.3746    102.991     31.815  28.544605     2.0957      8.749   226.4407 1.3315e+02     1.7473      0.168      0.243    19.8807 0.0000e+00
      0.173     -0.001     9.3779    102.978     31.828  28.549213     2.1155      8.750   226.4452 1.3260e+02     1.7253      0.168      0.244    19.8734 0.0000e+00
      0.177      0.001     9.3826    102.920     31.828  28.543174     2.1539      8.751   226.4911 1.3195e+02     1.7754      0.173      0.251    19.8661 0.0000e+00
      0.181      0.003     9.3862    102.885     31.823  28.535013     2.1765      8.752   226.5646 1.2934e+02     1.8410      0.178      0.259    19.8626 0.0000e+00
      0.181      0.004     9.3909    102.916     31.801  28.513963     2.1646      8.752   226.7317 1.2571e+02     1.8359      0.179      0.260    19.8582 0.0000e+00
      0.179      0.003     9.3936    103.003     31.764  28.478937     2.1256      8.753   226.8769 1.2378e+02     1.8161      0.176      0.254    19.8450 0.0000e+00
      0.179      0.002     9.3869    103.096     31.782  28.492071     2.0967      8.753   227.0295 1.2329e+02     1.9087      0.174      0.252    19.8319 0.0000e+00
      0.181      0.002     9.3830    103.127     31.846  28.545907     2.1077      8.754   227.2009 1.2287e+02     2.0328      0.178      0.258    19.8277 0.0000e+00
      0.183      0.002     9.3868    103.101     31.863  28.559012     2.1325      8.754   227.2278 1.2216e+02     2.0868      0.181      0.262    19.8278 0.0000e+00
      0.183      0.001     9.3961    103.093     31.823  28.523665     2.1389      8.754   227.2690 1.2323e+02     1.9812      0.180      0.261    19.8249 0.0000e+00
      0.182      0.000     9.4094    103.133     31.794  28.499098     2.1346      8.755   227.4405 1.2483e+02     1.8152      0.179      0.259    19.8190 0.0000e+00
      0.182     -0.003     9.4131    103.178     31.810  28.515683     2.1395      8.756   227.5811 1.2578e+02     1.8213      0.178      0.259    19.8134 0.0000e+00
      0.182     -0.006     9.4073    103.211     31.828  28.533921     2.1652      8.756   227.5927 1.2767e+02     1.8493      0.179      0.260    19.8101 0.0000e+00
      0.182     -0.008     9.4054    103.262     31.820  28.529326     2.1867      8.756   227.5801 1.2872e+02     1.7443      0.179      0.260    19.8106 0.0000e+00
