Data/DataNotYetUploadedToEDI/Raw_CTD/RawDownloads/042125_bvr50_S8188001.cnv
* Sea-Bird SBE19plus  Data File:
* FileName = C:\R\Reservoirs\Data\DataNotYetUploadedToEDI\Raw_CTD\RawDownloads\042125_bvr50_S8188_0001.hex
* Software version 2.8.0.119
* Temperature SN = 8188
* Conductivity SN = 8188
* System UpLoad Time = Apr 22 2025 10:13:28
* <ApplicationData>
* <Seaterm232>
# nquan = 16
# nvalues = 1864                        
# units = specified
# name 0 = depFM: Depth [fresh water, m]
# name 1 = dz/dtM: Descent Rate [m/s]
# name 2 = sbeox0Mg/L: Oxygen, SBE 43 [mg/l]
# name 3 = sbeox0PS: Oxygen, SBE 43 [% saturation]
# name 4 = specc: Specific Conductance [uS/cm]
# name 5 = c0uS/cm: Conductivity [uS/cm]
# name 6 = wetCDOM: Fluorescence, WET Labs CDOM [mg/m^3]
# name 7 = flECO-AFL: Fluorescence, WET Labs ECO-AFL/FL [mg/m^3]
# name 8 = flECO-AFL1: Fluorescence, WET Labs ECO-AFL/FL, 2 [mg/m^3]
# name 9 = flECO-AFL2: Fluorescence, WET Labs ECO-AFL/FL, 3 [mg/m^3]
# name 10 = par/sat/log: PAR/Logarithmic, Satlantic
# name 11 = turbWETntu0: Turbidity, WET Labs ECO [NTU]
# name 12 = prdM: Pressure, Strain Gauge [db]
# name 13 = prdE: Pressure, Strain Gauge [psi]
# name 14 = tv290C: Temperature [ITS-90, deg C]
# name 15 = flag:  0.000e+00
# span 0 =     -0.682,      6.679       
# span 1 =     -0.238,      0.132       
# span 2 =     1.4510,    13.4974       
# span 3 =     13.291,    139.656       
# span 4 =      0.585,     86.625       
# span 5 =   0.551668,  63.042206       
# span 6 =   -14.4000,    29.2500       
# span 7 =    -0.8224,    52.7329       
# span 8 =    -2.5986,     0.9372       
# span 9 =    -8.3331,     4.6530       
# span 10 = 1.1582e-01, 3.0307e+03      
# span 11 =    -1.1404,   422.8367      
# span 12 =     -0.669,      6.550      
# span 13 =     -0.970,      9.500      
# span 14 =    11.2834,    22.2212      
# span 15 = 0.0000e+00, 0.0000e+00      
# interval = seconds: 0.25
# start_time = Apr 21 2025 10:52:41 [Instrument's time stamp, header]
# bad_flag = -9.990e-29
*END*
[from data line 1808]
      0.447      0.002     9.8267     94.855     29.170  22.649868    22.2300     5.2812     0.1278     0.7191 1.1013e+02     3.6937      0.439      0.636    13.7615 0.0000e+00
      0.448      0.003     9.7485     95.628     29.153  22.610750    22.2300     5.2621     0.1278     0.7191 1.0476e+02     3.7239      0.440      0.637    13.7878 0.0000e+00
      0.449      0.003     9.7232     96.422     29.158  22.576732    22.2300     5.7809     0.1278     0.7191 1.0297e+02     5.1892      0.441      0.639    13.8211 0.0000e+00
      0.450      0.002     9.7484     97.098     29.182  22.552675    22.2300     5.7885     0.1704     0.8460 9.6308e+01     5.3252      0.442      0.641    13.8368 0.0000e+00
      0.451     -0.001     9.8137     97.546     29.238  22.554062    22.2300     5.7847     0.1704     0.8460 9.8917e+01     5.1590      0.443      0.642    13.8218 0.0000e+00
      0.451     -0.004     9.9037     97.696     29.314  22.575288    22.2300     5.7580     0.1704     0.8460 9.6015e+01     5.1590      0.443      0.642    13.7769 0.0000e+00
      0.450     -0.008    10.0003     97.531     29.364  22.584185    22.2300     4.8882     0.1704     0.8460 9.7085e+01     3.7390      0.442      0.641    13.7117 0.0000e+00
      0.448     -0.013    10.0866     97.096     29.365  22.563216    22.2300     4.9226     0.1704     0.8460 9.2413e+01     3.6937      0.439      0.637    13.6385 0.0000e+00
      0.444     -0.018    10.1491     96.486     29.351  22.540634    22.2300     4.9073     0.1278     0.8460 9.4156e+01     3.7390      0.436      0.632    13.5668 0.0000e+00
      0.439     -0.025    10.1788     95.829     29.350  22.536296    22.2300     4.9264     0.1278     0.8460 9.5765e+01     3.7692      0.431      0.625    13.5033 0.0000e+00
      0.432     -0.033    10.1729     95.260     29.353  22.543073    22.2300     5.2316     0.1278     0.8460 9.7636e+01     3.5124      0.424      0.615    13.4523 0.0000e+00
      0.424     -0.042    10.1355     94.870     29.363  22.560783    22.2300     5.2278     0.1278     0.8460 1.0806e+02     3.5577      0.416      0.603    13.4162 0.0000e+00
      0.413     -0.052    10.0764     94.708     29.388  22.596140    22.1400     5.2163     0.1278     1.0152 1.0757e+02     3.5426      0.405      0.588    13.3955 0.0000e+00
      0.399     -0.063    10.0092     94.791     29.437  22.656581    22.1400     5.2087     0.1278     1.0152 1.1218e+02     3.4369      0.391      0.568    13.3893 0.0000e+00
      0.382     -0.072     9.9483     95.108     29.493  22.728363    22.1400     4.5983     0.1278     1.0152 1.1245e+02     3.9052      0.374      0.543    13.3959 0.0000e+00
      0.360     -0.080     9.9037     95.617     29.516  22.778864    22.1400     4.5792     0.1278     1.0152 1.3721e+02     3.9354      0.354      0.513    13.4135 0.0000e+00
      0.336     -0.086     9.8807     96.240     29.504  22.803637    22.0500     4.6098     0.1278     0.9729 2.0061e+02     3.9203      0.330      0.478    13.4410 0.0000e+00
      0.311     -0.087     9.8809     96.882     29.498  22.831187    22.0500     4.6059     0.1278     0.9729 2.0739e+02     3.9958      0.305      0.443    13.4790 0.0000e+00
      0.288     -0.086     9.9033     97.465     29.499  22.860901    22.0500     4.3771     0.1278     0.9729 1.9553e+02     4.1469      0.282      0.409    13.5276 0.0000e+00
      0.265     -0.081     9.9439     97.952     29.479  22.868848    22.0500     4.3771     0.1278     0.9729 2.8769e+02     4.1620      0.260      0.378    13.5837 0.0000e+00
      0.245     -0.073     9.9958     98.329     29.439  22.857149    22.1400     4.3580     0.1278     0.9306 2.2930e+02     4.1469      0.240      0.348    13.6415 0.0000e+00
      0.226     -0.065    10.0503     98.589     29.401  22.846575    22.1400     4.3771     0.1278     0.9306 2.0636e+02     4.1469      0.222      0.322    13.6962 0.0000e+00
      0.211     -0.057    10.1000     98.740     29.369  22.842269    22.1400     4.2512     0.1278     0.9306 2.3190e+02     3.9656      0.207      0.300    13.7449 0.0000e+00
      0.199     -0.051    10.1415     98.806     29.339  22.841094    22.1400     4.2588     0.1278     0.9306 2.1278e+02     3.9203      0.195      0.282    13.7856 0.0000e+00
      0.188     -0.049    10.1731     98.825     29.341  22.864636    22.1400     4.2855     0.1278     0.9306 2.2845e+02     3.9958      0.185      0.268    13.8188 0.0000e+00
      0.179     -0.051    10.1931     98.823     29.381  22.915192    21.9600     4.2550     0.1278     0.9306 3.2315e+02     3.9052      0.176      0.255    13.8499 0.0000e+00
      0.169     -0.058    10.2008     98.802     29.418  22.962446    21.9600     4.0795     0.1278     0.9306 5.6327e+02     4.6907      0.166      0.241    13.8848 0.0000e+00
      0.156     -0.069    10.1990     98.772     29.451  23.011034    21.9600     4.1024     0.1278     0.9306 7.5530e+02     4.7058      0.153      0.222    13.9235 0.0000e+00
      0.138     -0.082    10.1927     98.765     29.498  23.079887    21.9600     4.1100     0.1278     0.9306 4.6121e+02     4.6454      0.135      0.196    13.9607 0.0000e+00
      0.114     -0.095    10.1852     98.817     29.550  23.165466    21.9600     4.0871     0.1278     0.8037 4.5365e+02     4.7058      0.112      0.162    13.9930 0.0000e+00
      0.085     -0.107    10.1761     98.968     29.602  23.264712    21.9600     4.0223     0.1278     0.8037 4.8749e+02     4.4641      0.084      0.121    14.0244 0.0000e+00
      0.054     -0.117    10.1644     99.267     29.649  23.372238    21.9600     4.0147     0.1278     0.8037 4.2493e+02     4.5094      0.053      0.077    14.0630 0.0000e+00
      0.023     -0.126    10.1516     99.748     29.703  23.490838    21.9600     4.0299     0.1278     0.8037 8.9171e+02     4.5396      0.023      0.032    14.1168 0.0000e+00
     -0.010     -0.133    10.1401    100.399     29.762  23.620288    21.9600     4.0147     0.1704     0.9306 8.7083e+02     4.3886     -0.009     -0.014    14.1920 0.0000e+00
     -0.044     -0.139    10.1335    101.174     29.797  23.737371    21.9600     3.5721     0.1704     0.9306 5.4699e+02     4.8115     -0.043     -0.062    14.2913 0.0000e+00
     -0.080     -0.146    10.1377    102.023     29.784  23.823541    21.9600     3.5874     0.1704     0.9306 1.9425e+03     4.6605     -0.078     -0.113    14.4095 0.0000e+00
     -0.118     -0.153    10.1579    102.892     29.730  23.877887    21.9600     3.5874     0.1704     0.9306 1.5665e+03     4.7813     -0.115     -0.167    14.5386 0.0000e+00
     -0.158     -0.160    10.1933    103.714     29.662  23.912915    22.0500     3.5950     0.1278     1.0152 1.9161e+03     4.6605     -0.154     -0.224    14.6771 0.0000e+00
     -0.200     -0.167    10.2381    104.404     29.599  23.937970    22.0500     2.6032     0.1278     1.0152 1.8354e+03     4.8720     -0.196     -0.284    14.8285 0.0000e+00
     -0.243     -0.173    10.2877    104.854     29.545  23.955755    22.0500     2.5956     0.1278     1.0152 1.9211e+03     4.9777     -0.238     -0.345    14.9912 0.0000e+00
     -0.287     -0.179    10.3388    104.945     29.503  23.971014    22.0500     2.5841     0.1278     1.0152 1.8757e+03     4.9324     -0.281     -0.408    15.1550 0.0000e+00
     -0.332     -0.181    10.3877    104.581     29.471  23.983836    22.0500     2.5956     0.1278     1.0152 1.9366e+03     4.8720     -0.326     -0.473    15.3063 0.0000e+00
     -0.380     -0.180    10.4282    103.715     29.446  23.989677    21.9600     2.9236     0.1278     1.4382 1.9650e+03     3.7541     -0.373     -0.541    15.4349 0.0000e+00
     -0.429     -0.174    10.4501    102.349     29.428  23.986115    21.9600     2.9160     0.1278     1.4382 9.0577e+02     3.6786     -0.420     -0.610    15.5392 0.0000e+00
     -0.475     -0.163    10.4407    100.561     29.422  23.976183    21.9600     2.9046     0.1278     1.4382 8.1234e+02     3.6786     -0.465     -0.675    15.6227 0.0000e+00
     -0.515     -0.149    10.3901     98.517     29.431  23.965194    21.9600     2.9008     0.1278     1.4382 7.2807e+02     3.6484     -0.505     -0.732    15.6878 0.0000e+00
     -0.547     -0.132    10.2944     96.432     29.447  23.954200     8.1900     1.6304    -2.5986    -8.3331 1.3428e+03    14.1020     -0.537     -0.779    15.7321 0.0000e+00
     -0.574     -0.115    10.1547     94.523     29.456  23.936285     8.1900     1.6228    -2.5986    -8.3331 1.9282e+03    13.9358     -0.563     -0.816    15.7502 0.0000e+00
     -0.595     -0.100     9.9789     92.962     29.453  23.910651     8.1900     1.6152    -2.5986    -8.3331 1.7581e+03    14.0265     -0.583     -0.846    15.7409 0.0000e+00
     -0.611     -0.089     9.7822     91.840     29.449  23.886392     8.1900     1.6381    -2.5986    -8.3331 1.4811e+03    13.9358     -0.599     -0.869    15.7107 0.0000e+00
     -0.624     -0.082     9.5834     91.179     29.450  23.870972   -14.4000    -0.8224     0.6390     4.6530 1.2480e+03    15.7033     -0.612     -0.887    15.6696 0.0000e+00
     -0.633     -0.080     9.4024     90.963     29.453  23.866252   -14.4000    -0.8186     0.6390     4.6530 1.1208e+02    15.6882     -0.621     -0.901    15.6268 0.0000e+00
     -0.640 -9.990e-29     9.2550 -9.990e-29 -9.990e-29 -9.990e-29   -14.4000 -9.990e-29     0.6390     4.6530 1.1992e+02 -9.990e-29     -0.627     -0.910    15.5874 0.0000e+00
     -0.644 -9.990e-29     9.1503 -9.990e-29 -9.990e-29 -9.990e-29   -14.4000 -9.990e-29     0.6390     4.6530 1.0360e+02 -9.990e-29     -0.632     -0.916    15.5521 0.0000e+00
     -0.647 -9.990e-29     9.0900 -9.990e-29 -9.990e-29 -9.990e-29     5.1300 -9.990e-29     0.2982    -0.3807 9.5995e+01 -9.990e-29     -0.634     -0.920    15.5240 0.0000e+00
     -0.648 -9.990e-29     9.0708 -9.990e-29 -9.990e-29 -9.990e-29     5.1300 -9.990e-29     0.2982    -0.3807 9.0485e+01 -9.990e-29     -0.635     -0.921    15.5126 0.0000e+00
