Data/DataNotYetUploadedToEDI/Raw_CTD/RawDownloads/042125_fcr30_S7809005.cnv
* Sea-Bird SBE19plus  Data File:
* FileName = C:\R\Reservoirs\Data\DataNotYetUploadedToEDI\Raw_CTD\RawDownloads\042125_fcr50_S7809_0005.hex
* Software version 2.8.0.119
* Temperature SN = 7809
* Conductivity SN = 7809
* System UpLoad Time = Apr 22 2025 10:36:38
* <ApplicationData>
* <Seaterm232>
# nquan = 15
# nvalues = 1441                        
# units = specified
# name 0 = depFM: Depth [fresh water, m]
# name 1 = dz/dtM: Descent Rate [m/s]
# name 2 = sbeox0Mg/L: Oxygen, SBE 43 [mg/l]
# name 3 = sbeox0PS: Oxygen, SBE 43 [% saturation]
# name 4 = specc: Specific Conductance [uS/cm]
# name 5 = c0uS/cm: Conductivity [uS/cm]
# name 6 = flECO-AFL: Fluorescence, WET Labs ECO-AFL/FL [mg/m^3]
# name 7 = ph: pH
# name 8 = orp: Oxidation Reduction Potential [mV]
# name 9 = par/sat/log: PAR/Logarithmic, Satlantic
# name 10 = turbWETntu0: Turbidity, WET Labs ECO [NTU]
# name 11 = prdM: Pressure, Strain Gauge [db]
# name 12 = prdE: Pressure, Strain Gauge [psi]
# name 13 = tv290C: Temperature [ITS-90, deg C]
# name 14 = flag:  0.000e+00
# span 0 =     -0.649,      5.153       
# span 1 =     -0.431,      0.368       
# span 2 =     5.1011,    11.5880       
# span 3 =     55.530,    114.930       
# span 4 =      1.959,     35.522       
# span 5 =   1.666889,  28.638488       
# span 6 =    -0.1292,    19.9355       
# span 7 =      0.599,     11.043       
# span 8 =  -163.2486,  1089.9178       
# span 9 = 3.9433e+00, 8.1110e+02       
# span 10 =     1.2863,   446.8025      
# span 11 =     -0.637,      5.054      
# span 12 =     -0.924,      7.330      
# span 13 =     9.2268,    19.9791      
# span 14 = 0.0000e+00, 0.0000e+00      
# interval = seconds: 0.25
# start_time = Apr 21 2025 15:12:03 [Instrument's time stamp, header]
# bad_flag = -9.990e-29
*END*
[from data line 772]
      1.575      0.031    10.5369    105.979     31.350  25.373186     3.0176      9.014   249.5613 6.3057e+01     2.0104      1.545      2.240    15.5465 0.0000e+00
      1.584      0.033    10.5458    106.035     31.360  25.370984     3.0590      9.016   249.2757 6.2429e+01     2.0832      1.554      2.254    15.5323 0.0000e+00
      1.592      0.033    10.5626    106.070     31.389  25.382307     3.0569      9.017   248.9697 6.1841e+01     2.0322      1.560      2.263    15.5028 0.0000e+00
      1.601      0.031    10.5736    106.084     31.405  25.383244     3.0336      9.018   248.7862 6.1307e+01     1.9744      1.570      2.275    15.4773 0.0000e+00
      1.611      0.027    10.5780    106.112     31.415  25.382298     3.0021      9.020   248.6919 6.0866e+01     1.9304      1.581      2.292    15.4620 0.0000e+00
      1.618      0.023    10.5905    106.131     31.406  25.370862     2.9672      9.021   248.6037 6.0580e+01     1.8421      1.588      2.303    15.4487 0.0000e+00
      1.622      0.021    10.5980    106.105     31.408  25.371796     2.9281      9.022   248.5806 6.0515e+01     1.7264      1.593      2.309    15.4292 0.0000e+00
      1.625      0.022    10.6019    106.052     31.433  25.393589     2.9041      9.024   248.6702 6.0609e+01     1.6925      1.595      2.313    15.4058 0.0000e+00
      1.626      0.026    10.6097    106.002     31.416  25.380687     2.8851      9.026   248.5691 6.0641e+01     1.7403      1.595      2.313    15.3910 0.0000e+00
      1.630      0.031    10.6148    105.946     31.375  25.342637     2.8566      9.028   248.3040 6.0485e+01     1.8268      1.596      2.314    15.3869 0.0000e+00
      1.640      0.036    10.6111    105.887     31.351  25.314040     2.8255      9.030   248.1319 6.0120e+01     1.8496      1.605      2.328    15.3860 0.0000e+00
      1.657      0.038    10.6030    105.841     31.335  25.288580     2.8005      9.031   248.1227 5.9738e+01     1.7767      1.626      2.357    15.3889 0.0000e+00
      1.673      0.038    10.5989    105.793     31.353  25.288459     2.8202      9.032   248.2789 5.9534e+01     1.7656      1.643      2.382    15.3930 0.0000e+00
      1.683      0.035    10.5944    105.720     31.398  25.312558     2.8724      9.034   248.3855 5.9477e+01     1.8181      1.651      2.395    15.3858 0.0000e+00
      1.689      0.028    10.5912    105.643     31.422  25.326280     2.8988      9.034   248.4656 5.9520e+01     1.8300      1.657      2.404    15.3696 0.0000e+00
      1.692      0.020    10.5918    105.602     31.422  25.327529     2.8900      9.035   248.6456 5.9558e+01     1.8073      1.659      2.407    15.3490 0.0000e+00
      1.695      0.014    10.5948    105.607     31.418  25.327651     2.8659      9.037   248.8407 5.9524e+01     1.7828      1.661      2.411    15.3227 0.0000e+00
      1.698      0.010    10.5909    105.646     31.414  25.327765     2.8650      9.038   248.9317 5.9460e+01     1.8077      1.665      2.415    15.3011 0.0000e+00
      1.701      0.009    10.5835    105.734     31.408  25.328909     2.8871      9.039   248.8849 5.9428e+01     1.8345      1.668      2.420    15.2933 0.0000e+00
      1.703      0.010    10.5774    105.877     31.417  25.341487     2.8839      9.040   248.8770 5.9436e+01     1.7997      1.670      2.423    15.2987 0.0000e+00
      1.703      0.013    10.5786    106.007     31.430  25.353015     2.8686      9.041   248.9225 5.9406e+01     1.8305      1.671      2.423    15.3036 0.0000e+00
      1.704      0.018    10.5804    106.035     31.422  25.341465     2.8685      9.043   249.0052 5.9246e+01     2.0022      1.670      2.422    15.3064 0.0000e+00
      1.709      0.024    10.5852    105.934     31.417  25.328670     2.8740      9.046   249.1032 5.8925e+01     2.1336      1.674      2.430    15.3185 0.0000e+00
      1.717      0.029    10.6007    105.782     31.421  25.325126     2.8847      9.048   248.9025 5.8560e+01     2.0870      1.685      2.445    15.3292 0.0000e+00
      1.726      0.033    10.6160    105.672     31.394  25.298616     2.8735      9.049   248.5567 5.8165e+01     1.9500      1.692      2.455    15.3327 0.0000e+00
      1.737      0.035    10.6230    105.606     31.360  25.261802     2.8302      9.050   248.5367 5.7672e+01     1.8783      1.702      2.469    15.3255 0.0000e+00
      1.749      0.035    10.6132    105.540     31.380  25.260511     2.7940      9.052   248.6601 5.7227e+01     1.9036      1.718      2.491    15.3044 0.0000e+00
      1.759      0.034    10.5966    105.499     31.429  25.282983     2.7686      9.054   248.6723 5.6953e+01     1.8803      1.726      2.504    15.2923 0.0000e+00
      1.765      0.034    10.5855    105.533     31.439  25.279811     2.7477      9.055   248.5117 5.6761e+01     1.7676      1.731      2.510    15.2929 0.0000e+00
      1.771      0.033    10.5855    105.614     31.377  25.222150     2.7422      9.057   248.2676 5.6525e+01     1.7024      1.736      2.518    15.2796 0.0000e+00
      1.779      0.033    10.5849    105.693     31.310  25.156550     2.7427      9.057   248.3019 5.6163e+01     1.7406      1.743      2.527    15.2465 0.0000e+00
      1.789      0.034    10.5847    105.746     31.289  25.120812     2.7535      9.058   248.4097 5.5765e+01     1.8191      1.755      2.544    15.2134 0.0000e+00
      1.800      0.034    10.5938    105.755     31.300  25.107116     2.7644      9.060   248.3664 5.5522e+01     1.8316      1.766      2.562    15.1979 0.0000e+00
      1.809      0.034    10.6055    105.715     31.344  25.117762     2.7664      9.060   248.3814 5.5373e+01     1.7899      1.773      2.572    15.1924 0.0000e+00
      1.817      0.033    10.6181    105.646     31.375  25.122663     2.7782      9.062   248.4187 5.5247e+01     1.7594      1.781      2.584    15.1731 0.0000e+00
      1.825      0.031    10.6313    105.574     31.369  25.102937     2.7993      9.064   248.4729 5.5182e+01     1.7695      1.791      2.597    15.1419 0.0000e+00
      1.832      0.031    10.6411    105.504     31.350  25.069490     2.8214      9.064   248.6074 5.5125e+01     1.8439      1.797      2.606    15.1055 0.0000e+00
      1.839      0.031    10.6462    105.431     31.337  25.035319     2.8035      9.065   248.7531 5.5098e+01     1.8390      1.804      2.616    15.0609 0.0000e+00
      1.846      0.030    10.6455    105.354     31.334  25.006840     2.7590      9.066   248.7725 5.5078e+01     1.7781      1.811      2.626    15.0284 0.0000e+00
      1.855      0.030    10.6425    105.292     31.333  24.978784     2.7570      9.067   248.7564 5.4986e+01     1.8257      1.818      2.638    15.0119 0.0000e+00
      1.864      0.031    10.6411    105.266     31.325  24.949735     2.7627      9.068   248.8164 5.4881e+01     1.8340      1.828      2.652    14.9853 0.0000e+00
      1.872      0.032    10.6444    105.249     31.299  24.909255     2.7531      9.069   248.8950 5.4785e+01     1.7419      1.836      2.663    14.9423 0.0000e+00
      1.878      0.033    10.6455    105.206     31.278  24.869815     2.7655      9.071   249.0193 5.4610e+01     1.6679      1.841      2.671    14.8999 0.0000e+00
      1.886      0.035    10.6475    105.111     31.293  24.853340     2.7952      9.071   249.1143 5.4268e+01     1.6910      1.847      2.679    14.8551 0.0000e+00
      1.896      0.037    10.6568    104.962     31.307  24.836863     2.8210      9.072   249.1828 5.3865e+01     1.8160      1.859      2.697    14.8147 0.0000e+00
      1.906      0.038    10.6608    104.824     31.285  24.797392     2.8205      9.073   249.2458 5.3498e+01     1.8473      1.870      2.713    14.7915 0.0000e+00
      1.917      0.039    10.6658    104.754     31.260  24.756579     2.8301      9.075   249.2738 5.3035e+01     1.7623      1.879      2.725    14.7577 0.0000e+00
      1.928      0.038    10.6690    104.709     31.251  24.723869     2.8881      9.077   249.3493 5.2491e+01     1.7448      1.891      2.742    14.7043 0.0000e+00
      1.938      0.035    10.6619    104.639     31.286  24.718939     2.9389      9.078   249.4694 5.1966e+01     1.8065      1.901      2.757    14.6574 0.0000e+00
      1.947      0.031    10.6510    104.583     31.374  24.760345     2.9525      9.079   249.5223 5.1455e+01     1.8593      1.909      2.769    14.6271 0.0000e+00
      1.955      0.027    10.6537    104.609     31.416  24.780565     2.9691      9.081   249.4718 5.0997e+01     1.8360      1.918      2.781    14.5988 0.0000e+00
      1.961      0.023    10.6619    104.774     31.406  24.773150     2.9982      9.082   249.3756 5.0647e+01     1.7641      1.924      2.790    14.5575 0.0000e+00
      1.965      0.020    10.6647    105.032     31.430  24.797527     3.0217      9.082   249.3047 5.0413e+01     1.7755      1.926      2.793    14.5002 0.0000e+00
      1.968      0.018    10.6704    105.282     31.450  24.821647     3.0457      9.082   249.3029 5.0237e+01     1.8374      1.930      2.799    14.4455 0.0000e+00
      1.972      0.018    10.6735    105.497     31.427  24.811130     3.0378      9.083   249.3544 5.0077e+01     1.8295      1.933      2.804    14.4267 0.0000e+00
      1.976      0.020    10.6903    105.685     31.404  24.797214     2.9926      9.084   249.4110 4.9938e+01     1.8160      1.936      2.808    14.4356 0.0000e+00
      1.981      0.024    10.7207    105.823     31.383  24.780223     2.9657      9.084   249.3855 4.9859e+01     1.8455      1.942      2.817    14.4450 0.0000e+00
      1.987      0.029    10.7420    105.879     31.326  24.732521     2.9627      9.083   249.3050 4.9863e+01     1.8790      1.949      2.827    14.4584 0.0000e+00
      1.994      0.034    10.7600    105.851     31.246  24.664369     2.9733      9.083   249.2979 4.9818e+01     1.8457      1.954      2.835    14.4735 0.0000e+00
      2.004      0.038    10.7789    105.735     31.173  24.590359     2.9934      9.085   249.2984 4.9685e+01     1.7496      1.964      2.848    14.4787 0.0000e+00
      2.016      0.040    10.7953    105.544     31.147  24.535233     3.0218      9.087   249.2256 4.9597e+01     1.7765      1.978      2.869    14.4767 0.0000e+00
      2.028      0.040    10.8007    105.309     31.171  24.505119     3.0505      9.087   249.1922 4.9546e+01     1.8975      1.988      2.884    14.4749 0.0000e+00
      2.040      0.039    10.7991    105.028     31.205  24.479864     3.0505      9.088   249.2387 4.9478e+01     1.8803      2.000      2.901    14.4709 0.0000e+00
      2.051      0.036    10.7928    104.715     31.265  24.483477     3.0455      9.089   249.2717 4.9435e+01     1.7725      2.013      2.919    14.4489 0.0000e+00
      2.059      0.034    10.7835    104.441     31.308  24.485335     3.0655      9.091   249.3324 4.9422e+01     1.7219      2.020      2.929    14.3926 0.0000e+00
      2.064      0.034    10.7819    104.247     31.278  24.438876     3.0925      9.091   249.4564 4.9420e+01     1.7467      2.025      2.936    14.3049 0.0000e+00
      2.070      0.036    10.7736    104.126     31.210  24.365629     3.1130      9.092   249.4806 4.9360e+01     1.8328      2.028      2.943    14.2173 0.0000e+00
      2.078      0.041    10.7548    104.064     31.155  24.297256     3.1056      9.094   249.4536 4.9157e+01     1.8405      2.037      2.954    14.1438 0.0000e+00
      2.089      0.048    10.7370    104.044     31.135  24.246310     3.0790      9.095   249.4738 4.8827e+01     1.7382      2.048      2.970    14.0935 0.0000e+00
      2.103      0.054    10.7252    104.009     31.120  24.193510     3.0823      9.097   249.4668 4.8365e+01     1.7228      2.061      2.989    14.0637 0.0000e+00
      2.120      0.059    10.7205    103.937     31.135  24.166126     3.1121      9.100   249.5413 4.7756e+01     1.8250      2.079      3.016    14.0319 0.0000e+00
      2.139      0.061    10.7221    103.861     31.184  24.168825     3.0984      9.103   249.6854 4.7148e+01     1.8811      2.098      3.043    13.9978 0.0000e+00
      2.156      0.060    10.7367    103.776     31.218  24.162681     3.0254      9.104   249.8326 4.6635e+01     1.8198      2.115      3.067    13.9390 0.0000e+00
      2.171      0.056    10.7529    103.690     31.245  24.155217     2.9609      9.106   250.0305 4.6132e+01     1.7332      2.129      3.088    13.8639 0.0000e+00
      2.185      0.050    10.7562    103.646     31.255  24.141967     2.9519      9.107   250.1000 4.5637e+01     1.7567      2.143      3.108    13.8025 0.0000e+00
      2.198      0.045    10.7628    103.674     31.256  24.129276     2.9744      9.108   250.0700 4.5239e+01     1.7962      2.157      3.127    13.7489 0.0000e+00
      2.207      0.040    10.7669    103.767     31.266  24.128587     2.9740      9.109   250.1853 4.4956e+01     1.7319      2.167      3.142    13.6944 0.0000e+00
      2.214      0.036    10.7666    103.915     31.281  24.133629     2.9563      9.109   250.3748 4.4684e+01     1.6975      2.171      3.148    13.6470 0.0000e+00
      2.222      0.035    10.7690    104.100     31.278  24.126817     2.9513      9.110   250.5535 4.4335e+01     1.7215      2.177      3.157    13.6132 0.0000e+00
      2.232      0.036    10.7775    104.262     31.257  24.109625     2.9384      9.111   250.7111 4.4023e+01     1.7832      2.189      3.175    13.5923 0.0000e+00
      2.241      0.040    10.7905    104.390     31.263  24.116008     2.8920      9.111   250.7323 4.3808e+01     1.8296      2.197      3.187    13.5831 0.0000e+00
      2.249      0.044    10.8072    104.499     31.295  24.140587     2.8476      9.111   250.6381 4.3580e+01     1.7699      2.204      3.197    13.5718 0.0000e+00
      2.259      0.047    10.8339    104.569     31.318  24.153147     2.8519      9.111   250.6042 4.3291e+01     1.7439      2.214      3.212    13.5613 0.0000e+00
      2.274      0.048    10.8496    104.577     31.315  24.141033     2.8693      9.112   250.6662 4.2927e+01     1.7534      2.229      3.234    13.5619 0.0000e+00
      2.291      0.047    10.8607    104.517     31.305  24.120928     2.8414      9.112   250.6995 4.2569e+01     1.7489      2.248      3.261    13.5668 0.0000e+00
      2.305      0.044    10.8729    104.414     31.297  24.100288     2.7810      9.112   250.6630 4.2341e+01     1.7910      2.262      3.281    13.5690 0.0000e+00
      2.316      0.039    10.8827    104.295     31.290  24.081709     2.7377      9.113   250.5699 4.2246e+01     1.7848      2.272      3.295    13.5611 0.0000e+00
      2.323      0.034    10.8890    104.197     31.309  24.086514     2.7343      9.113   250.5203 4.2241e+01     1.7766      2.279      3.305    13.5437 0.0000e+00
      2.328      0.032    10.8848    104.145     31.328  24.094959     2.7402      9.113   250.5789 4.2215e+01     1.7942      2.282      3.310    13.5240 0.0000e+00
      2.334      0.032    10.8805    104.155     31.288  24.056987     2.7170      9.113   250.5898 4.2117e+01     1.7590      2.288      3.318    13.4995 0.0000e+00
      2.341      0.033    10.8713    104.220     31.243  24.007872     2.6786      9.113   250.4803 4.1970e+01     1.7945      2.295      3.329    13.4748 0.0000e+00
      2.350      0.035    10.8651    104.305     31.271  24.008418     2.6594      9.113   250.4593 4.1745e+01     1.8485      2.303      3.341    13.4588 0.0000e+00
      2.362      0.036    10.8602    104.380     31.287  24.000141     2.6584      9.114   250.5945 4.1436e+01     1.8309      2.316      3.360    13.4518 0.0000e+00
      2.374      0.036    10.8629    104.429     31.269  23.971184     2.6500      9.115   250.6515 4.1140e+01     1.8210      2.329      3.380    13.4450 0.0000e+00
      2.383      0.034    10.8777    104.474     31.289  23.975357     2.6329      9.115   250.6335 4.0919e+01     1.7627      2.338      3.390    13.4226 0.0000e+00
