Data/DataNotYetUploadedToEDI/Raw_CTD/RawDownloads/042125_fcr30_S7809005.cnv
* Sea-Bird SBE19plus  Data File:
* FileName = C:\R\Reservoirs\Data\DataNotYetUploadedToEDI\Raw_CTD\RawDownloads\042125_fcr50_S7809_0005.hex
* Software version 2.8.0.119
* Temperature SN = 7809
* Conductivity SN = 7809
* System UpLoad Time = Apr 22 2025 10:36:38
* <ApplicationData>
* <Seaterm232>
# nquan = 15
# nvalues = 1441                        
# units = specified
# name 0 = depFM: Depth [fresh water, m]
# name 1 = dz/dtM: Descent Rate [m/s]
# name 2 = sbeox0Mg/L: Oxygen, SBE 43 [mg/l]
# name 3 = sbeox0PS: Oxygen, SBE 43 [% saturation]
# name 4 = specc: Specific Conductance [uS/cm]
# name 5 = c0uS/cm: Conductivity [uS/cm]
# name 6 = flECO-AFL: Fluorescence, WET Labs ECO-AFL/FL [mg/m^3]
# name 7 = ph: pH
# name 8 = orp: Oxidation Reduction Potential [mV]
# name 9 = par/sat/log: PAR/Logarithmic, Satlantic
# name 10 = turbWETntu0: Turbidity, WET Labs ECO [NTU]
# name 11 = prdM: Pressure, Strain Gauge [db]
# name 12 = prdE: Pressure, Strain Gauge [psi]
# name 13 = tv290C: Temperature [ITS-90, deg C]
# name 14 = flag:  0.000e+00
# span 0 =     -0.649,      5.153       
# span 1 =     -0.431,      0.368       
# span 2 =     5.1011,    11.5880       
# span 3 =     55.530,    114.930       
# span 4 =      1.959,     35.522       
# span 5 =   1.666889,  28.638488       
# span 6 =    -0.1292,    19.9355       
# span 7 =      0.599,     11.043       
# span 8 =  -163.2486,  1089.9178       
# span 9 = 3.9433e+00, 8.1110e+02       
# span 10 =     1.2863,   446.8025      
# span 11 =     -0.637,      5.054      
# span 12 =     -0.924,      7.330      
# span 13 =     9.2268,    19.9791      
# span 14 = 0.0000e+00, 0.0000e+00      
# interval = seconds: 0.25
# start_time = Apr 21 2025 15:12:03 [Instrument's time stamp, header]
# bad_flag = -9.990e-29
*END*
[from data line 579]
     -0.279      0.035     9.3073    102.489     31.792  28.601782     1.4889      8.803   241.3343 7.9035e+02     1.9552     -0.274     -0.398    19.9752 0.0000e+00
     -0.272      0.048     9.3124    102.494     31.813  28.620129     1.4713      8.801   241.4786 7.8378e+02     1.8887     -0.270     -0.392    19.9766 0.0000e+00
     -0.257      0.058     9.3183    102.501     31.834  28.638372     1.4498      8.799   241.6146 7.6862e+02     1.7744     -0.256     -0.371    19.9777 0.0000e+00
     -0.234      0.062     9.3215    102.518     31.827  28.632074     1.4613      8.798   241.6030 7.4944e+02     1.7693     -0.231     -0.335    19.9791 0.0000e+00
     -0.209      0.059     9.3212    102.521     31.800  28.607402     1.5031      8.798   241.5100 7.3153e+02     1.8603     -0.203     -0.295    19.9788 0.0000e+00
     -0.189      0.049     9.3231    102.503     31.785  28.593781     1.5138      8.797   241.5225 7.1998e+02     1.8168     -0.181     -0.263    19.9761 0.0000e+00
     -0.177      0.034     9.3218    102.477     31.785  28.594244     1.4994      8.796   241.6677 7.1915e+02     1.7211     -0.170     -0.246    19.9757 0.0000e+00
     -0.174      0.020     9.3254    102.415     31.807  28.613002     1.4952      8.795   241.7171 7.2411e+02     1.7624     -0.168     -0.245    19.9765 0.0000e+00
     -0.177      0.011     9.3262    102.323     31.827  28.630290     1.5054      8.795   241.6899 7.2876e+02     1.9406     -0.173     -0.251    19.9763 0.0000e+00
     -0.183      0.010     9.3223    102.242     31.808  28.612991     1.5229      8.795   241.7685 7.3426e+02     2.0649     -0.179     -0.260    19.9763 0.0000e+00
     -0.186      0.015     9.3228    102.204     31.788  28.594125     1.5227      8.796   241.8944 7.3529e+02     2.0349     -0.186     -0.270    19.9760 0.0000e+00
     -0.181      0.021     9.3170    102.241     31.786  28.592462     1.5119      8.797   241.9214 7.2334e+02     1.9879     -0.181     -0.262    19.9752 0.0000e+00
     -0.167      0.026     9.3060    102.306     31.786  28.592878     1.5338      8.798   241.8358 7.0536e+02     1.9757     -0.163     -0.237    19.9741 0.0000e+00
     -0.152      0.027     9.2998    102.338     31.793  28.599154     1.5796      8.798   241.8919 6.9389e+02     1.9562     -0.147     -0.214    19.9724 0.0000e+00
     -0.143      0.023     9.2931    102.369     31.800  28.604919     1.5991      8.798   241.9975 6.9186e+02     1.8880     -0.138     -0.200    19.9719 0.0000e+00
     -0.140      0.015     9.2987    102.446     31.793  28.599153     1.5869      8.798   241.9086 6.9667e+02     1.7657     -0.135     -0.195    19.9731 0.0000e+00
     -0.140      0.007     9.3083    102.544     31.786  28.592873     1.5895      8.798   241.9356 7.0545e+02     1.7752     -0.136     -0.198    19.9735 0.0000e+00
     -0.141      0.002     9.3088    102.612     31.786  28.592410     1.6222      8.798   242.7538 7.1251e+02     1.9695     -0.138     -0.200    19.9730 0.0000e+00
     -0.143      0.007     9.3093    102.637     31.787  28.593565     1.6327      8.800   251.2848 7.1098e+02     2.0645     -0.140     -0.204    19.9719 0.0000e+00
     -0.145      0.020     9.3183    102.644     31.801  28.606825     1.6081      8.803   259.5599 6.9602e+02     2.0021     -0.142     -0.206    19.9712 0.0000e+00
     -0.145      0.037     9.3292    102.666     31.822  28.625884     1.5912      8.804   252.9833 6.1027e+02     1.9662     -0.145     -0.210    19.9715 0.0000e+00
     -0.136      0.051     9.3354    102.700     31.832  28.633728     1.6040      8.804   246.9661 4.9456e+02     2.0058     -0.139     -0.202    19.9720 0.0000e+00
     -0.114      0.060     9.3372    102.740     31.837  28.638237     1.6294      8.804   258.1330 4.7673e+02     2.0723     -0.115     -0.167    19.9724 0.0000e+00
     -0.083      0.066     9.3351    102.774     31.814  28.616969     1.6396      8.804   267.8898 4.7210e+02     2.0524     -0.079     -0.114    19.9729 0.0000e+00
     -0.059      0.073     9.3389    102.790     31.763  28.566862     1.6864      8.803   257.3000 4.3299e+02     2.0035     -0.051     -0.073    19.9729 0.0000e+00
     -0.049      0.079     9.3412    102.768     31.747  28.539812     1.7877      8.801   245.9870 4.3076e+02     2.0624     -0.045     -0.065    19.9722 0.0000e+00
     -0.044      0.084     9.3462    102.662     31.773  28.543594     1.8402      8.800   244.5053 4.0309e+02     2.1155     -0.048     -0.070    19.9708 0.0000e+00
     -0.026      0.086     9.3493    102.477     31.802  28.549134     1.8308      8.799   243.9447 3.1954e+02     2.0991     -0.035     -0.050    19.9715 0.0000e+00
      0.009      0.089     9.3512    102.294     31.813  28.543348     1.8149      8.799   243.6827 2.4905e+02     2.0701      0.008      0.012    19.9693 0.0000e+00
      0.045      0.089     9.3559    102.196     31.815  28.537043     1.8482      8.798   243.5748 2.1499e+02     2.0033      0.049      0.072    19.9484 0.0000e+00
      0.072      0.085     9.3523    102.193     31.815  28.536310     1.9422      8.797   243.5003 1.9508e+02     1.9395      0.071      0.104    19.9142 0.0000e+00
      0.090      0.076     9.3392    102.278     31.811  28.534489     1.9935      8.797   243.4704 1.7973e+02     1.8792      0.090      0.131    19.8785 0.0000e+00
      0.101      0.067     9.3235    102.461     31.785  28.515025     1.9865      8.796   243.3854 1.6970e+02     1.7876      0.101      0.146    19.8512 0.0000e+00
      0.110      0.065     9.3174    102.731     31.755  28.491265     1.9896      8.796   243.2479 1.6676e+02     1.7876      0.107      0.154    19.8418 0.0000e+00
      0.121      0.070     9.3174    102.984     31.770  28.500912     2.0144      8.796   243.2695 1.6971e+02     1.9485      0.116      0.169    19.8409 0.0000e+00
      0.140      0.076     9.3244    103.099     31.787  28.504807     2.0457      8.796   243.3890 1.7321e+02     2.1267      0.134      0.195    19.8437 0.0000e+00
      0.165      0.079     9.3385    103.060     31.770  28.474915     2.0597      8.796   243.3164 1.7564e+02     2.1325      0.160      0.233    19.8514 0.0000e+00
      0.195      0.077     9.3656    102.945     31.764  28.456604     2.0757      8.796   243.1657 1.7704e+02     2.0189      0.191      0.277    19.8597 0.0000e+00
      0.220      0.067     9.3955    102.864     31.794  28.473669     2.1229      8.796   243.2009 1.7785e+02     1.9815      0.220      0.319    19.8561 0.0000e+00
      0.237      0.052     9.4090    102.858     31.821  28.490958     2.1642      8.796   243.3121 1.7629e+02     2.0565      0.235      0.341    19.8337 0.0000e+00
      0.245      0.037     9.4089    102.896     31.808  28.475362     2.1757      8.796   243.3922 1.7340e+02     2.1401      0.241      0.349    19.8074 0.0000e+00
      0.247      0.023     9.3965    102.970     31.809  28.475375     2.1534      8.797   243.4808 1.7170e+02     2.1049      0.243      0.353    19.7867 0.0000e+00
      0.247      0.015     9.3912    103.100     31.824  28.491115     2.1034      8.798   243.6092 1.6983e+02     2.0403      0.242      0.351    19.7711 0.0000e+00
      0.247      0.014     9.3945    103.243     31.804  28.475385     2.0780      8.798   243.8259 1.6819e+02     2.0773      0.241      0.349    19.7616 0.0000e+00
      0.249      0.021     9.3998    103.327     31.803  28.475474     2.0876      8.798   244.1220 1.6672e+02     2.0396      0.242      0.350    19.7555 0.0000e+00
      0.254      0.032     9.4042    103.347     31.820  28.492199     2.0868      8.799   244.4357 1.6512e+02     1.8907      0.249      0.361    19.7547 0.0000e+00
      0.262      0.042     9.4172    103.320     31.811  28.487327     2.0766      8.800   244.6940 1.6453e+02     1.8488      0.255      0.371    19.7587 0.0000e+00
      0.275      0.048     9.4341    103.300     31.801  28.479990     2.0805      8.800   244.8357 1.6265e+02     1.9772      0.264      0.383    19.7628 0.0000e+00
      0.295      0.053     9.4391    103.305     31.785  28.466912     2.0927      8.800   245.0312 1.5909e+02     2.1110      0.290      0.421    19.7639 0.0000e+00
      0.315      0.059     9.4422    103.292     31.771  28.456066     2.0982      8.802   245.3368 1.5644e+02     2.0655      0.315      0.456    19.7657 0.0000e+00
      0.326      0.064     9.4349    103.247     31.790  28.475704     2.1052      8.803   245.5194 1.5354e+02     1.9400      0.321      0.465    19.7718 0.0000e+00
      0.335      0.067     9.4317    103.186     31.828  28.514069     2.1366      8.803   245.6049 1.5009e+02     1.9603      0.325      0.471    19.7756 0.0000e+00
      0.350      0.066     9.4349    103.134     31.849  28.539376     2.1696      8.803   245.7675 1.4612e+02     2.0714      0.341      0.494    19.7759 0.0000e+00
      0.374      0.063     9.4334    103.093     31.829  28.528001     2.1804      8.804   245.8510 1.4142e+02     2.0874      0.366      0.532    19.7774 0.0000e+00
      0.399      0.058     9.4281    103.043     31.797  28.503392     2.1585      8.804   245.9257 1.3692e+02     1.9487      0.393      0.571    19.7812 0.0000e+00
      0.418      0.051     9.4200    103.024     31.787  28.495545     2.1129      8.805   246.2409 1.3307e+02     1.7610      0.414      0.601    19.7885 0.0000e+00
      0.425      0.043     9.4127    103.057     31.788  28.496552     2.0951      8.806   246.5644 1.3023e+02     1.7313      0.419      0.608    19.8002 0.0000e+00
      0.426      0.035     9.4088    103.097     31.810  28.515566     2.1096      8.808   246.7385 1.2784e+02     1.8286      0.417      0.605    19.8111 0.0000e+00
      0.430      0.030     9.4009    103.129     31.832  28.535160     2.1133      8.808   246.8842 1.2589e+02     1.8446      0.419      0.609    19.8179 0.0000e+00
      0.440      0.029     9.3965    103.128     31.841  28.543180     2.0986      8.809   247.1213 1.2426e+02     1.7537      0.430      0.624    19.8194 0.0000e+00
      0.450      0.034     9.4046    103.066     31.848  28.549113     2.0905      8.809   247.3693 1.2310e+02     1.6867      0.442      0.640    19.8180 0.0000e+00
      0.458      0.041     9.4064    102.983     31.841  28.543466     2.0980      8.810   247.4730 1.2255e+02     1.7508      0.449      0.651    19.8179 0.0000e+00
      0.467      0.049     9.4104    102.922     31.836  28.538325     2.1305      8.811   247.5141 1.2155e+02     1.8799      0.457      0.662    19.8179 0.0000e+00
      0.479      0.055     9.4132    102.903     31.848  28.550384     2.1759      8.811   247.6086 1.2042e+02     1.9498      0.469      0.679    19.8169 0.0000e+00
      0.494      0.059     9.4045    102.939     31.858  28.562421     2.2139      8.813   247.6689 1.1892e+02     2.0152      0.485      0.702    19.8158 0.0000e+00
      0.513      0.060     9.3962    103.019     31.847  28.557001     2.2405      8.815   247.7270 1.1699e+02     2.0902      0.501      0.727    19.8154 0.0000e+00
      0.534      0.057     9.3900    103.106     31.830  28.548287     2.2560      8.815   247.8810 1.1568e+02     2.1043      0.525      0.761    19.8156 0.0000e+00
      0.552      0.051     9.3872    103.177     31.797  28.520505     2.2690      8.816   247.9829 1.1449e+02     2.0488      0.545      0.790    19.8172 0.0000e+00
      0.562      0.044     9.3903    103.218     31.755  28.474798     2.2642      8.817   248.0118 1.1309e+02     1.9660      0.552      0.800    19.8211 0.0000e+00
      0.569      0.038     9.3974    103.169     31.739  28.439623     2.2642      8.818   248.0584 1.1121e+02     1.9913      0.558      0.809    19.8292 0.0000e+00
      0.574      0.033     9.4045    102.983     31.740  28.412315     2.2772      8.819   248.2025 1.0956e+02     2.0474      0.563      0.815    19.8406 0.0000e+00
      0.579      0.030     9.4081    102.712     31.757  28.398295     2.2973      8.820   248.4637 1.0874e+02     1.9951      0.566      0.820    19.8497 0.0000e+00
      0.588      0.030     9.4168    102.451     31.781  28.396920     2.3490      8.821   248.6351 1.0790e+02     1.9402      0.577      0.837    19.8389 0.0000e+00
      0.599      0.030     9.4220    102.288     31.793  28.395653     2.3854      8.821   248.6396 1.0694e+02     1.9296      0.588      0.853    19.8022 0.0000e+00
      0.608      0.031     9.4109    102.273     31.786  28.382958     2.3969      8.821   248.6049 1.0623e+02     1.9691      0.597      0.866    19.7544 0.0000e+00
      0.613      0.033     9.3931    102.390     31.776  28.370272     2.4545      8.822   248.6455 1.0624e+02     2.0424      0.603      0.875    19.7021 0.0000e+00
      0.618      0.033     9.3734    102.591     31.780  28.369109     2.5327      8.824   248.8717 1.0704e+02     2.0306      0.604      0.876    19.6637 0.0000e+00
      0.625      0.032     9.3594    102.838     31.786  28.368900     2.5598      8.825   249.1034 1.0771e+02     1.9969      0.611      0.886    19.6483 0.0000e+00
      0.638      0.029     9.3600    103.122     31.794  28.367737     2.5574      8.826   249.1239 1.0805e+02     2.0112      0.626      0.909    19.6423 0.0000e+00
      0.650      0.026     9.3735    103.384     31.790  28.355042     2.5955      8.827   249.1189 1.0840e+02     1.9982      0.638      0.926    19.6358 0.0000e+00
      0.657      0.024     9.3951    103.525     31.787  28.342243     2.6714      8.827   249.1299 1.0864e+02     1.9763      0.646      0.936    19.6294 0.0000e+00
      0.659      0.023     9.4183    103.545     31.795  28.339823     2.7009      8.828   249.0848 1.0870e+02     1.9515      0.647      0.939    19.6222 0.0000e+00
      0.659      0.023     9.4481    103.515     31.787  28.325777     2.6848      8.829   249.0888 1.0850e+02     1.9710      0.645      0.936    19.6084 0.0000e+00
      0.662      0.024     9.4810    103.461     31.764  28.299255     2.6853      8.830   249.1797 1.0803e+02     2.0425      0.648      0.939    19.5926 0.0000e+00
      0.670      0.027     9.4960    103.387     31.739  28.272846     2.6908      8.832   249.3236 1.0750e+02     2.0294      0.656      0.952    19.5766 0.0000e+00
      0.681      0.031     9.4968    103.323     31.728  28.260161     2.6766      8.832   249.4518 1.0711e+02     1.9834      0.668      0.970    19.5614 0.0000e+00
      0.692      0.033     9.4965    103.296     31.744  28.272732     2.6712      8.833   249.5249 1.0700e+02     1.9986      0.681      0.988    19.5495 0.0000e+00
      0.701      0.033     9.4935    103.293     31.774  28.297988     2.7249      8.835   249.5184 1.0671e+02     2.0421      0.688      0.999    19.5401 0.0000e+00
      0.708      0.032     9.4863    103.274     31.790  28.311817     2.8182      8.835   249.5464 1.0614e+02     2.0998      0.694      1.007    19.5343 0.0000e+00
      0.716      0.032     9.4802    103.235     31.793  28.313082     2.8586      8.836   249.6908 1.0589e+02     2.0821      0.702      1.018    19.5311 0.0000e+00
      0.723      0.033     9.4784    103.206     31.794  28.313291     2.8475      8.837   249.8014 1.0600e+02     1.9987      0.709      1.029    19.5285 0.0000e+00
      0.730      0.035     9.4805    103.178     31.796  28.314341     2.8512      8.838   249.8509 1.0599e+02     1.9457      0.716      1.038    19.5267 0.0000e+00
      0.739      0.040     9.4795    103.136     31.810  28.325780     2.9531      8.839   249.8597 1.0590e+02     1.9541      0.724      1.050    19.5252 0.0000e+00
      0.750      0.044     9.4738    103.081     31.811  28.324730     3.1386      8.840   249.8221 1.0595e+02     2.0313      0.734      1.065    19.5233 0.0000e+00
      0.762      0.048     9.4729    103.046     31.787  28.301647     3.2300      8.841   249.8263 1.0581e+02     2.0592      0.747      1.083    19.5221 0.0000e+00
