Data/DataNotYetUploadedToEDI/Raw_CTD/RawDownloads/042125_fcr50_S7809001.cnv
* Sea-Bird SBE19plus  Data File:
* FileName = C:\R\Reservoirs\Data\DataNotYetUploadedToEDI\Raw_CTD\RawDownloads\042125_fcr50_S7809_0001.hex
* Software version 2.8.0.119
* Temperature SN = 7809
* Conductivity SN = 7809
* System UpLoad Time = Apr 22 2025 10:34:57
* <ApplicationData>
* <Seaterm232>
# nquan = 15
# nvalues = 1880                        
# units = specified
# name 0 = depFM: Depth [fresh water, m]
# name 1 = dz/dtM: Descent Rate [m/s]
# name 2 = sbeox0Mg/L: Oxygen, SBE 43 [mg/l]
# name 3 = sbeox0PS: Oxygen, SBE 43 [% saturation]
# name 4 = specc: Specific Conductance [uS/cm]
# name 5 = c0uS/cm: Conductivity [uS/cm]
# name 6 = flECO-AFL: Fluorescence, WET Labs ECO-AFL/FL [mg/m^3]
# name 7 = ph: pH
# name 8 = orp: Oxidation Reduction Potential [mV]
# name 9 = par/sat/log: PAR/Logarithmic, Satlantic
# name 10 = turbWETntu0: Turbidity, WET Labs ECO [NTU]
# name 11 = prdM: Pressure, Strain Gauge [db]
# name 12 = prdE: Pressure, Strain Gauge [psi]
# name 13 = tv290C: Temperature [ITS-90, deg C]
# name 14 = flag:  0.000e+00
# span 0 =     -0.617,      9.603       
# span 1 =     -0.690,      0.213       
# span 2 =    -0.2354,    12.5734       
# span 3 =     -1.219,    110.746       
# span 4 =      0.678,    177.880       
# span 5 =   0.649224, 120.913941       
# span 6 =    -1.1663,     9.9756       
# span 7 =      6.523,      8.153       
# span 8 =   221.9712,  1240.2295       
# span 9 = 1.2360e-01, 2.2561e+03       
# span 10 =    -6.1291,   205.9992      
# span 11 =     -0.606,      9.418      
# span 12 =     -0.878,     13.660      
# span 13 =     8.9772,    22.9735      
# span 14 = 0.0000e+00, 0.0000e+00      
# interval = seconds: 0.25
# start_time = Apr 21 2025 10:50:16 [Instrument's time stamp, header]
# bad_flag = -9.990e-29
*END*
[from data line 1639]
      5.160     -0.087    11.7707    101.533     35.813  24.445277     1.9379      7.619   331.8535 1.0734e+01    12.9815      5.059      7.337     9.1144 0.0000e+00
      5.135     -0.075    11.7593    101.453     35.810  24.441798     1.9271      7.618   332.0753 1.0908e+01    13.3480      5.030      7.296     9.1193 0.0000e+00
      5.121     -0.065    11.7369    101.434     35.803  24.434469     1.9612      7.617   331.8983 1.0932e+01    13.5533      5.017      7.276     9.1241 0.0000e+00
      5.118     -0.061    11.7147    101.449     35.783  24.420076     2.0257      7.618   331.6928 1.0937e+01    14.9182      5.021      7.282     9.1278 0.0000e+00
      5.113     -0.064    11.6971    101.479     35.744  24.394608     2.1160      7.618   331.3108 1.1046e+01    17.5529      5.019      7.279     9.1281 0.0000e+00
      5.098     -0.072    11.6885    101.521     35.720  24.380195     2.1793      7.618   331.1511 1.1284e+01    19.0381      5.003      7.255     9.1245 0.0000e+00
      5.073     -0.084    11.6894    101.556     35.705  24.372646     2.1908      7.619   331.8271 1.1599e+01    19.0751      4.977      7.218     9.1210 0.0000e+00
      5.043     -0.096    11.6922    101.556     35.691  24.366766     2.1066      7.619   333.1166 1.1906e+01    18.3080      4.945      7.173     9.1197 0.0000e+00
      5.014     -0.101    11.6945    101.532     35.696  24.372521     1.9440      7.619   333.6651 1.2188e+01    16.9367      4.916      7.130     9.1212 0.0000e+00
      4.986     -0.101    11.6992    101.492     35.701  24.378810     1.8630      7.620   333.4682 1.2458e+01    16.2272      4.890      7.092     9.1246 0.0000e+00
      4.961     -0.096    11.7045    101.447     35.698  24.379386     1.8768      7.620   333.4032 1.2709e+01    16.1848      4.864      7.054     9.1287 0.0000e+00
      4.936     -0.090    11.7015    101.449     35.696  24.379489     1.8946      7.620   333.3102 1.2933e+01    15.7412      4.839      7.018     9.1335 0.0000e+00
      4.916     -0.084    11.6969    101.536     35.695  24.380065     1.9036      7.620   332.9454 1.3154e+01    14.8940      4.821      6.993     9.1379 0.0000e+00
      4.897     -0.082    11.6928    101.681     35.702  24.386354     1.9104      7.621   332.9512 1.3391e+01    14.4473      4.802      6.966     9.1417 0.0000e+00
      4.877     -0.084    11.6826    101.825     35.709  24.392109     1.9269      7.621   333.7242 1.3606e+01    14.4741      4.782      6.935     9.1446 0.0000e+00
      4.859     -0.093    11.6807    101.936     35.699  24.386239     1.9366      7.621   334.2897 1.3817e+01    14.4316      4.764      6.909     9.1465 0.0000e+00
      4.839     -0.107    11.6919    102.024     35.687  24.378795     1.9443      7.621   334.3682 1.4069e+01    13.4892      4.748      6.887     9.1482 0.0000e+00
      4.814     -0.121    11.7109    102.096     35.666  24.365530     1.9867      7.621   334.4142 1.4434e+01    11.8929      4.726      6.854     9.1504 0.0000e+00
      4.778     -0.133    11.7286    102.141     35.646  24.352681     2.0335      7.621   334.2441 1.4974e+01    11.1175      4.689      6.801     9.1519 0.0000e+00
      4.735     -0.144    11.7397    102.155     35.641  24.350265     2.0521      7.622   333.8597 1.5574e+01    11.0138      4.642      6.733     9.1531 0.0000e+00
      4.691     -0.151    11.7493    102.151     35.617  24.336321     2.0288      7.623   333.6388 1.6107e+01    10.1958      4.598      6.668     9.1543 0.0000e+00
      4.652     -0.156    11.7579    102.146     35.576  24.310922     1.9594      7.623   333.7247 1.6602e+01     8.7087      4.561      6.615     9.1550 0.0000e+00
      4.616     -0.157    11.7635    102.156     35.550  24.296834     1.9037      7.623   333.9518 1.7140e+01     7.9257      4.527      6.566     9.1560 0.0000e+00
      4.578     -0.154    11.7634    102.174     35.538  24.292819     1.9051      7.623   334.1475 1.7761e+01     7.8683      4.490      6.513     9.1578 0.0000e+00
      4.538     -0.147    11.7617    102.164     35.485  24.262385     1.9091      7.623   334.2838 1.8424e+01     7.4346      4.451      6.455     9.1609 0.0000e+00
      4.496     -0.135    11.7592    102.125     35.452  24.245951     1.8775      7.625   334.3950 1.9104e+01     6.6433      4.410      6.396     9.1649 0.0000e+00
      4.453     -0.121    11.7587    102.066     35.503  24.284365     1.8641      7.626   334.5467 1.9738e+01     6.2608      4.365      6.331     9.1696 0.0000e+00
      4.419     -0.112    11.7621    101.953     35.502  24.282943     1.8806      7.625   334.5689 2.0111e+01     6.2602      4.327      6.275     9.1758 0.0000e+00
      4.402     -0.113    11.7580    101.724     35.422  24.228757     1.9017      7.622   333.8028 2.0200e+01     6.0552      4.312      6.254     9.1840 0.0000e+00
      4.394     -0.126    11.7495    101.381     35.372  24.199954     1.9200      7.621   332.5967 2.0350e+01     5.5916      4.314      6.256     9.1945 0.0000e+00
      4.378     -0.149    11.7421    101.013     35.341  24.188352     1.9191      7.620   332.2033 2.0976e+01     5.2663      4.304      6.243     9.2015 0.0000e+00
      4.335     -0.182    11.7338    100.695     35.273  24.151908     1.9243      7.619   332.4020 2.2147e+01     5.2647      4.260      6.179     9.1980 0.0000e+00
      4.270     -0.217    11.7092    100.433     35.146  24.076402     1.9658      7.618   332.7629 2.3584e+01     5.6747      4.189      6.075     9.1938 0.0000e+00
      4.200     -0.247    11.6618    100.198     35.064  24.036407     2.0137      7.618   333.2971 2.5176e+01     6.2955      4.118      5.973     9.2031 0.0000e+00
      4.129     -0.267    11.6113     99.944     35.055  24.048842     2.0448      7.618   333.5265 2.7004e+01     6.6563      4.050      5.875     9.2196 0.0000e+00
      4.056     -0.277    11.5722     99.653     34.921  23.973122     2.0589      7.617   332.7834 2.8897e+01     6.7579      3.976      5.766     9.2327 0.0000e+00
      3.985     -0.283    11.5385     99.296     34.666  23.818462     2.0513      7.617   331.2813 3.0716e+01     6.7381      3.907      5.665     9.2459 0.0000e+00
      3.918     -0.292    11.5080     98.792     34.447  23.700829     2.1273      7.618   330.4217 3.2700e+01     6.7926      3.844      5.575     9.2701 0.0000e+00
      3.848     -0.303    11.4706     98.132     34.277  23.628912     2.3042      7.620   330.3065 3.5112e+01     7.0074      3.775      5.475     9.3032 0.0000e+00
      3.770     -0.315    11.4308     97.351     34.136  23.583107     2.4255      7.620   330.4900 3.8186e+01     7.1499      3.700      5.366     9.3214 0.0000e+00
      3.685     -0.325    11.3910     96.454     33.985  23.527542     2.4780      7.621   330.9202 4.2003e+01     7.1826      3.617      5.245     9.3437 0.0000e+00
      3.593     -0.329    11.3177     95.377     33.829  23.464442     2.5563      7.621   331.1195 4.6216e+01     6.8558      3.523      5.110     9.3953 0.0000e+00
      3.503     -0.325    11.2231     93.992     33.740  23.454352     2.6652      7.623   330.7494 5.0490e+01     6.1364      3.433      4.980     9.4597 0.0000e+00
      3.417     -0.312    11.1111     92.267     33.686  23.469008     2.7287      7.625   329.9724 5.4646e+01     5.7267      3.349      4.857     9.5439 0.0000e+00
      3.337     -0.293    10.9909     90.301     33.601  23.451459     2.7504      7.627   329.4680 5.8581e+01     5.8650      3.269      4.741     9.6185 0.0000e+00
      3.266     -0.270    10.8622     88.156     33.531  23.432463     2.7277      7.629   329.3837 6.2362e+01     7.3644      3.201      4.642     9.6713 0.0000e+00
      3.202     -0.246    10.6866     85.852     33.491  23.429594     2.6365      7.631   329.2968 6.6019e+01    10.0208      3.139      4.552     9.7532 0.0000e+00
      3.144     -0.223    10.4612     83.515     33.440  23.416797     2.5635      7.632   329.2777 6.9586e+01    11.5096      3.082      4.470     9.8424 0.0000e+00
      3.091     -0.203    10.2218     81.311     33.385  23.404584     2.5520      7.632   329.4963 7.3127e+01    11.8041      3.031      4.396     9.9009 0.0000e+00
      3.041     -0.189     9.9721     79.346     33.349  23.408779     2.5403      7.632   329.4456 7.6477e+01    12.6250      2.980      4.322     9.9417 0.0000e+00
      2.997     -0.182     9.6970     77.737     33.302  23.404144     2.5051      7.632   328.9224 7.9199e+01    13.9881      2.935      4.258     9.9765 0.0000e+00
      2.960     -0.177     9.4175     76.571     33.278  23.411984     2.4765      7.632   328.5043 8.1766e+01    14.6897      2.903      4.210    10.0101 0.0000e+00
      2.920     -0.174     9.1584     75.796     33.283  23.440185     2.4601      7.633   328.3490 8.5164e+01    14.6522      2.868      4.159    10.0470 0.0000e+00
      2.871     -0.172     8.9227     75.350     33.233  23.428084     2.5324      7.635   328.1629 8.9027e+01    13.5351      2.817      4.086    10.0951 0.0000e+00
      2.820     -0.171     8.7243     75.177     33.158  23.392521     2.6759      7.638   327.9748 9.2673e+01    11.3626      2.762      4.006    10.1408 0.0000e+00
      2.775     -0.166     8.5931     75.155     33.143  23.390695     2.7379      7.640   327.8815 9.6198e+01    10.1093      2.719      3.944    10.1739 0.0000e+00
      2.734     -0.156     8.5007     75.205     33.157  23.406017     2.7330      7.642   328.3248 9.9870e+01     9.9624      2.681      3.889    10.2099 0.0000e+00
      2.695     -0.143     8.4423     75.269     33.109  23.387550     2.7331      7.643   329.1193 1.0329e+02     9.8593      2.642      3.831    10.2492 0.0000e+00
      2.660     -0.133     8.4258     75.314     33.020  23.357665     2.7813      7.645   329.1416 1.0583e+02     9.1705      2.605      3.778    10.2770 0.0000e+00
      2.630     -0.127     8.4226     75.401     32.970  23.361766     2.8660      7.646   328.5950 1.0798e+02     7.9188      2.579      3.739    10.2881 0.0000e+00
      2.605     -0.126     8.4297     75.560     32.933  23.373769     2.9004      7.648   328.1033 1.1091e+02     7.1930      2.556      3.707    10.2885 0.0000e+00
      2.576     -0.127     8.4382     75.742     32.880  23.376004     2.9058      7.651   327.2402 1.1449e+02     7.1934      2.528      3.667    10.3032 0.0000e+00
      2.542     -0.129     8.4257     75.982     32.849  23.388842     2.9148      7.652   325.9884 1.1806e+02     7.4794      2.495      3.618    10.3639 0.0000e+00
      2.504     -0.133     8.4201     76.336     32.829  23.402207     2.8932      7.652   325.2712 1.2202e+02     7.8496      2.456      3.562    10.4314 0.0000e+00
      2.467     -0.134     8.4339     76.789     32.791  23.410799     2.8603      7.654   325.9679 1.2629e+02     8.0141      2.417      3.506    10.4793 0.0000e+00
      2.432     -0.133     8.4382     77.350     32.743  23.429344     2.8746      7.657   327.1850 1.3059e+02     7.9652      2.385      3.459    10.5468 0.0000e+00
      2.400     -0.131     8.4485     78.026     32.659  23.436253     3.1913      7.659   326.9098 1.3473e+02     7.4987      2.354      3.414    10.6069 0.0000e+00
      2.368     -0.131     8.4863     78.791     32.550  23.430995     3.7675      7.659   325.7374 1.3792e+02     6.6092      2.322      3.369    10.6339 0.0000e+00
      2.338     -0.135     8.5251     79.668     32.448  23.429268     4.0658      7.659   324.8836 1.4054e+02     6.0232      2.292      3.325    10.6828 0.0000e+00
      2.306     -0.140     8.5691     80.703     32.337  23.415444     4.0841      7.661   324.1581 1.4429e+02     5.9129      2.262      3.282    10.7687 0.0000e+00
      2.270     -0.144     8.6265     81.896     32.232  23.390755     4.2060      7.663   323.9344 1.4939e+02     5.5834      2.228      3.233    10.8735 0.0000e+00
      2.228     -0.148     8.6853     83.194     32.188  23.384463     4.4414      7.664   324.5017 1.5560e+02     4.8735      2.187      3.172    10.9911 0.0000e+00
      2.184     -0.150     8.7571     84.517     32.212  23.402806     4.5744      7.665   325.3395 1.6208e+02     4.4353      2.139      3.103    11.1018 0.0000e+00
      2.144     -0.150     8.8486     85.749     32.252  23.422303     4.5816      7.667   325.6311 1.6718e+02     4.2815      2.100      3.045    11.2098 0.0000e+00
      2.111     -0.146     8.9646     86.815     32.262  23.429945     4.6539      7.670   325.3609 1.7368e+02     3.9363      2.072      3.005    11.2986 0.0000e+00
      2.076     -0.139     9.0998     87.684     32.246  23.431787     4.8242      7.673   324.9113 1.8095e+02     3.4727      2.038      2.956    11.3360 0.0000e+00
      2.036     -0.130     9.2531     88.324     32.238  23.444592     4.9177      7.677   324.3243 1.8590e+02     3.1851      1.994      2.893    11.3300 0.0000e+00
      2.001     -0.123     9.3953     88.704     32.235  23.457965     4.9112      7.679   323.8568 1.9095e+02     3.0547      1.959      2.841    11.3028 0.0000e+00
      1.972     -0.118     9.5142     88.807     32.225  23.466672     4.9031      7.679   322.9586 1.9637e+02     3.0234      1.934      2.804    11.2980 0.0000e+00
      1.947     -0.117     9.6035     88.710     32.216  23.486469     4.9036      7.679   321.2939 2.0216e+02     3.0799      1.909      2.769    11.3299 0.0000e+00
      1.922     -0.118     9.6671     88.554     32.193  23.507123     4.9002      7.680   320.5066 2.0716e+02     3.1231      1.884      2.733    11.3622 0.0000e+00
      1.896     -0.118     9.7068     88.429     32.160  23.526206     4.8872      7.682   320.9248 2.1178e+02     3.0674      1.862      2.701    11.3823 0.0000e+00
      1.864     -0.113     9.7097     88.369     32.113  23.527002     4.8705      7.685   321.1023 2.2318e+02     2.9533      1.834      2.661    11.4025 0.0000e+00
      1.822     -0.103     9.6845     88.442     32.077  23.516790     4.8649      7.690   321.0178 2.3399e+02     2.9396      1.785      2.589    11.4411 0.0000e+00
      1.785     -0.092     9.6484     88.629     32.091  23.529574     4.8610      7.695   320.9354 2.3639e+02     2.9691      1.741      2.526    11.5031 0.0000e+00
      1.767     -0.083     9.6218     88.915     32.116  23.554748     4.8490      7.700   320.1918 2.3813e+02     2.9693      1.728      2.507    11.5775 0.0000e+00
      1.762     -0.077     9.5927     89.318     32.107  23.567523     4.8199      7.705   318.9099 2.4073e+02     3.0443      1.728      2.506    11.6426 0.0000e+00
      1.758     -0.075     9.6005     89.747     32.063  23.557239     4.7005      7.709   318.1700 2.4407e+02     3.6373      1.728      2.506    11.6629 0.0000e+00
      1.741     -0.081     9.6245     90.119     32.050  23.557258     4.5287      7.713   317.9572 2.5066e+02     4.7074      1.715      2.488    11.6527 0.0000e+00
      1.710     -0.097     9.6488     90.403     32.062  23.567759     4.4566      7.717   317.4555 2.5950e+02     5.2566      1.677      2.433    11.6591 0.0000e+00
      1.678     -0.115     9.6923     90.594     32.035  23.557383     4.4442      7.719   317.0945 2.6681e+02     5.2217      1.640      2.380    11.6969 0.0000e+00
      1.650     -0.129     9.7301     90.732     32.011  23.558629     4.4453      7.722   317.2065 2.7288e+02     5.4472      1.621      2.351    11.7434 0.0000e+00
      1.616     -0.136     9.7690     90.863     32.021  23.582848     4.4874      7.727   317.0884 2.8318e+02     5.9678      1.590      2.306    11.7552 0.0000e+00
      1.576     -0.139     9.8032     90.980     32.024  23.596579     4.5128      7.732   315.3227 2.9783e+02     6.2554      1.544      2.239    11.7424 0.0000e+00
      1.536     -0.141     9.8191     91.060     32.011  23.597841     4.5110      7.735   312.2042 3.0798e+02     6.2603      1.505      2.182    11.7572 0.0000e+00
