Data/DataNotYetUploadedToEDI/Raw_CTD/RawDownloads/042125_fcr50_S7809001.cnv
* Sea-Bird SBE19plus  Data File:
* FileName = C:\R\Reservoirs\Data\DataNotYetUploadedToEDI\Raw_CTD\RawDownloads\042125_fcr50_S7809_0001.hex
* Software version 2.8.0.119
* Temperature SN = 7809
* Conductivity SN = 7809
* System UpLoad Time = Apr 22 2025 10:34:57
* <ApplicationData>
* <Seaterm232>
# nquan = 15
# nvalues = 1880                        
# units = specified
# name 0 = depFM: Depth [fresh water, m]
# name 1 = dz/dtM: Descent Rate [m/s]
# name 2 = sbeox0Mg/L: Oxygen, SBE 43 [mg/l]
# name 3 = sbeox0PS: Oxygen, SBE 43 [% saturation]
# name 4 = specc: Specific Conductance [uS/cm]
# name 5 = c0uS/cm: Conductivity [uS/cm]
# name 6 = flECO-AFL: Fluorescence, WET Labs ECO-AFL/FL [mg/m^3]
# name 7 = ph: pH
# name 8 = orp: Oxidation Reduction Potential [mV]
# name 9 = par/sat/log: PAR/Logarithmic, Satlantic
# name 10 = turbWETntu0: Turbidity, WET Labs ECO [NTU]
# name 11 = prdM: Pressure, Strain Gauge [db]
# name 12 = prdE: Pressure, Strain Gauge [psi]
# name 13 = tv290C: Temperature [ITS-90, deg C]
# name 14 = flag:  0.000e+00
# span 0 =     -0.617,      9.603       
# span 1 =     -0.690,      0.213       
# span 2 =    -0.2354,    12.5734       
# span 3 =     -1.219,    110.746       
# span 4 =      0.678,    177.880       
# span 5 =   0.649224, 120.913941       
# span 6 =    -1.1663,     9.9756       
# span 7 =      6.523,      8.153       
# span 8 =   221.9712,  1240.2295       
# span 9 = 1.2360e-01, 2.2561e+03       
# span 10 =    -6.1291,   205.9992      
# span 11 =     -0.606,      9.418      
# span 12 =     -0.878,     13.660      
# span 13 =     8.9772,    22.9735      
# span 14 = 0.0000e+00, 0.0000e+00      
# interval = seconds: 0.25
# start_time = Apr 21 2025 10:50:16 [Instrument's time stamp, header]
# bad_flag = -9.990e-29
*END*
[from data line 290]
      0.241 1.6934e-08     9.6817    102.204     31.528  27.155079     1.8404      7.680   276.7442 1.3437e+03     2.1516      0.236      0.343    18.0591 0.0000e+00
      0.242 1.8627e-07     9.6792    102.174     31.543  27.166619     1.7975      7.680   276.0331 1.4552e+03     2.0575      0.237      0.344    18.0593 0.0000e+00
      0.242 1.8627e-07     9.6772    102.180     31.534  27.155193     1.7952      7.680   276.1774 1.6165e+03     2.0152      0.237      0.344    18.0609 0.0000e+00
      0.242 1.6934e-08     9.6692    102.214     31.524  27.143766     1.8215      7.680   276.4237 1.1480e+03     2.0507      0.237      0.343    18.0629 0.0000e+00
      0.242 1.5395e-09     9.6600    102.281     31.539  27.155298     1.8236      7.681   276.9461 7.8218e+02     2.0422      0.237      0.344    18.0627 0.0000e+00
      0.241 1.3995e-10     9.6590    102.361     31.554  27.167774     1.8035      7.683   277.7608 8.9472e+02     2.0497      0.237      0.343    18.0584 0.0000e+00
      0.241 1.2733e-11     9.6612    102.450     31.556  27.167764     1.7948      7.684   277.4993 1.1243e+03     2.0725      0.236      0.343    18.0531 0.0000e+00
      0.241 1.2618e-12     9.6642    102.565     31.543  27.155174     1.8350      7.684   276.1068 1.0208e+03     2.0444      0.237      0.343    18.0489 0.0000e+00
      0.241 1.2617e-12     9.6723    102.649     31.530  27.142394     1.9066      7.684   275.3794 7.6068e+02     2.0174      0.236      0.343    18.0460 0.0000e+00
      0.241 1.2732e-11     9.6811    102.639     31.529  27.140090     1.9287      7.685   275.5013 7.1845e+02     1.9851      0.237      0.343    18.0449 0.0000e+00
      0.241 1.3995e-10     9.6867    102.571     31.515  27.127320     1.9112      7.686   276.0319 7.5141e+02     1.9961      0.237      0.343    18.0435 0.0000e+00
      0.241 1.5395e-09     9.7016    102.487     31.501  27.114834     1.9272      7.688   276.7184 6.9546e+02     2.0812      0.237      0.343    18.0411 0.0000e+00
      0.242 1.6934e-08     9.7135    102.391     31.501  27.115967     1.9647      7.688   277.0046 6.4130e+02     2.1259      0.237      0.344    18.0385 0.0000e+00
      0.242 1.8627e-07     9.7103    102.294     31.530  27.141022     1.9732      7.689   276.7391 7.4304e+02     2.0933      0.237      0.344    18.0358 0.0000e+00
      0.242 1.8627e-07     9.7025    102.208     31.555  27.164075     1.9714      7.689   276.0899 8.4611e+02     2.0280      0.237      0.344    18.0340 0.0000e+00
      0.242 1.6934e-08     9.6954    102.129     31.527  27.141011     1.9844      7.690   275.6083 7.4004e+02     2.0205      0.237      0.344    18.0341 0.0000e+00
      0.242 1.5395e-09     9.6853    102.106     31.497  27.115852     2.0054      7.691   275.6474 6.1755e+02     2.1042      0.237      0.343    18.0357 0.0000e+00
      0.242 1.3995e-10     9.6746    102.176     31.493  27.113575     2.0089      7.691   275.8748 6.5588e+02     2.1178      0.237      0.344    18.0371 0.0000e+00
      0.242 1.2723e-11     9.6684    102.301     31.492  27.113481     1.9857      7.692   275.9484 7.7470e+02     2.0483      0.237      0.344    18.0382 0.0000e+00
      0.242 1.1566e-12     9.6575    102.423     31.492  27.114710     1.9741      7.693   276.1074 8.0013e+02     2.0153      0.237      0.344    18.0392 0.0000e+00
      0.242 1.0515e-13     9.6532    102.505     31.507  27.128441     1.9939      7.693   276.4209 7.3483e+02     2.0273      0.237      0.343    18.0404 0.0000e+00
      0.242 9.5590e-15     9.6618    102.580     31.534  27.152656     2.0177      7.694   276.2967 7.8809e+02     2.0907      0.237      0.344    18.0423 0.0000e+00
      0.242 8.6900e-16     9.6750    102.679     31.536  27.153801     2.0115      7.694   275.8109 8.2663e+02     2.0978      0.237      0.343    18.0441 0.0000e+00
      0.242 7.9000e-17     9.6886    102.774     31.523  27.142290     1.9853      7.694   275.5364 6.7481e+02     2.0113      0.237      0.344    18.0454 0.0000e+00
      0.242 7.1820e-18     9.6938    102.829     31.521  27.140317     1.9924      7.695   275.4731 6.4255e+02     2.0007      0.237      0.344    18.0476 0.0000e+00
      0.242 6.5290e-19     9.6988    102.869     31.511  27.129938     2.0221      7.697   275.5626 7.1267e+02     2.0387      0.237      0.344    18.0491 0.0000e+00
      0.242 5.9347e-20     9.7098    102.915     31.528  27.143652     2.0368      7.697   276.1016 6.5724e+02     2.0257      0.236      0.343    18.0487 0.0000e+00
      0.242 5.3074e-21     9.7213    102.949     31.570  27.179285     2.0449      7.697   276.7423 6.8445e+02     2.0155      0.237      0.344    18.0481 0.0000e+00
      0.242 -4.835e-22     9.7248    102.964     31.571  27.180238     2.0288      7.697   276.5980 7.0319e+02     2.0511      0.237      0.344    18.0466 0.0000e+00
      0.242 -1.067e-20     9.7278    102.970     31.542  27.155173     2.0084      7.698   276.1632 5.7403e+02     2.1494      0.237      0.344    18.0445 0.0000e+00
      0.242 -1.179e-19     9.7342    102.968     31.513  27.129917     1.9976      7.699   276.1323 6.3757e+02     2.1793      0.237      0.343    18.0426 0.0000e+00
      0.242 -1.296e-18     9.7378    102.965     31.511  27.128565     1.9816      7.699   276.0520 8.9154e+02     2.0708      0.237      0.344    18.0413 0.0000e+00
      0.242 -1.426e-17     9.7381    102.977     31.522  27.138830     2.0142      7.700   275.7944 9.0169e+02     2.0332      0.237      0.344    18.0416 0.0000e+00
      0.242 -1.569e-16     9.7391    102.976     31.507  27.127184     2.0925      7.700   276.3727 7.6959e+02     2.0997      0.237      0.344    18.0414 0.0000e+00
      0.242 -1.726e-15     9.7392    102.944     31.492  27.114593     2.1382      7.700   277.6235 7.0858e+02     2.1236      0.237      0.343    18.0413 0.0000e+00
      0.242 -1.898e-14     9.7369    102.895     31.490  27.113434     2.1262      7.700   278.0116 6.9621e+02     2.0835      0.237      0.344    18.0416 0.0000e+00
      0.242 -2.088e-13     9.7400    102.832     31.491  27.113175     2.0889      7.701   277.7105 8.6868e+02     2.0585      0.237      0.344    18.0426 0.0000e+00
      0.242 -3.828e-13     9.7402    102.785     31.492  27.111460     2.0701      7.702   277.1661 9.8051e+02     2.0950      0.237      0.344    18.0451 0.0000e+00
      0.242 -2.088e-13     9.7352    102.766     31.472  27.092694     2.0656      7.704   276.4203 8.7195e+02     2.0811      0.237      0.344    18.0468 0.0000e+00
      0.242 -1.898e-14     9.7316    102.726     31.456  27.076540     2.0506      7.704   276.0060 7.0716e+02     1.9930      0.238      0.345    18.0470 0.0000e+00
      0.242 -1.725e-15     9.7243    102.676     31.492  27.106419     2.0381      7.705   276.7168 5.2367e+02     1.9518      0.237      0.344    18.0458 0.0000e+00
      0.242 -1.569e-16     9.7189    102.660     31.530  27.136829     2.0313      7.705   278.3029 7.5044e+02     1.9928      0.237      0.343    18.0413 0.0000e+00
      0.242 -1.426e-17     9.7224    102.646     31.523  27.127118     2.0188      7.705   279.0086 1.1923e+03     2.0783      0.237      0.344    18.0368 0.0000e+00
      0.242 -1.296e-18     9.7180    102.619     31.513  27.115848     2.0027      7.706   278.5382 1.1992e+03     2.0973      0.237      0.344    18.0347 0.0000e+00
      0.242 -1.179e-19     9.7100    102.601     31.528  27.127402     1.9870      7.707   277.7785 1.3123e+03     2.0179      0.237      0.344    18.0324 0.0000e+00
      0.242 -1.071e-20     9.7124    102.590     31.545  27.139976     1.9951      7.708   277.3940 1.6177e+03     2.0066      0.237      0.344    18.0294 0.0000e+00
      0.242 -9.740e-22     9.7125    102.589     31.547  27.141025     2.0342      7.708   277.9325 1.3663e+03     2.0971      0.237      0.344    18.0246 0.0000e+00
      0.242 -8.855e-23     9.7091    102.626     31.544  27.140080     2.0606      7.709   278.9557 7.8174e+02     2.1210      0.237      0.343    18.0192 0.0000e+00
      0.242 -8.050e-24     9.7089    102.699     31.528  27.128558     2.0481      7.710   279.4407 5.1907e+02     2.0228      0.237      0.344    18.0159 0.0000e+00
      0.242 -7.320e-25     9.7087    102.745     31.524  27.128558     2.0158      7.710   279.4945 5.4779e+02     1.9686      0.238      0.345    18.0131 0.0000e+00
      0.242 -6.655e-26     9.7071    102.726     31.534  27.140078     2.0106      7.710   279.4335 5.2709e+02     2.0456      0.238      0.345    18.0120 0.0000e+00
      0.242 -6.050e-27     9.7097    102.681     31.530  27.141006     2.0360      7.710   279.0476 4.8831e+02     2.0668      0.237      0.344    18.0143 0.0000e+00
      0.242 -5.500e-28     9.7188    102.646     31.523  27.139790     2.0476      7.711   278.6998 5.7708e+02     1.9850      0.237      0.344    18.0180 0.0000e+00
      0.242 -4.998e-29     9.7247    102.623     31.501  27.125384     2.0426      7.712   278.6702 6.2991e+02     1.9448      0.237      0.344    18.0228 0.0000e+00
      0.242 -4.544e-30     9.7187    102.612     31.459  27.093674     2.0346      7.712   278.8620 6.4441e+02     1.9908      0.238      0.345    18.0287 0.0000e+00
      0.242 -4.131e-31     9.7119    102.587     31.431  27.073507     2.0414      7.712   279.2127 7.0385e+02     2.0972      0.237      0.344    18.0353 0.0000e+00
      0.242 -3.755e-32     9.7080    102.559     31.426  27.071816     2.0671      7.713   279.4690 6.6136e+02     2.1385      0.237      0.344    18.0433 0.0000e+00
      0.242 -3.414e-33     9.7026    102.564     31.426  27.073231     2.0705      7.713   279.4647 6.2892e+02     2.0460      0.237      0.344    18.0510 0.0000e+00
      0.242 -3.104e-34     9.7027    102.613     31.447  27.090617     2.0750      7.714   279.3332 7.1911e+02     2.0030      0.237      0.344    18.0586 0.0000e+00
      0.242 -2.821e-35     9.6983    102.695     31.449  27.091760     2.1128      7.715   279.0837 8.8678e+02     2.0973      0.238      0.345    18.0655 0.0000e+00
      0.242 -2.565e-36     9.6925    102.781     31.444  27.087058     2.1361      7.716   278.6843 1.1723e+03     2.1623      0.237      0.344    18.0698 0.0000e+00
      0.242 -2.331e-37     9.6936    102.858     31.459  27.097184     2.1319      7.717   278.4626 1.4075e+03     2.1056      0.237      0.344    18.0703 0.0000e+00
      0.242 -2.120e-38     9.6976    102.930     31.450  27.087344     2.1280      7.717   278.6407 1.4021e+03     2.0260      0.238      0.345    18.0694 0.0000e+00
      0.242 -1.927e-39     9.7078    103.000     31.462  27.094932     2.1479      7.717   278.9443 1.2101e+03     2.0542      0.237      0.344    18.0691 0.0000e+00
      0.242 -1.752e-40     9.7163    103.045     31.499  27.125498     2.1811      7.717   279.2084 8.9857e+02     2.1391      0.237      0.344    18.0669 0.0000e+00
      0.242 -1.593e-41     9.7238    103.015     31.517  27.139799     2.1885      7.718   279.3385 6.3429e+02     2.0959      0.237      0.344    18.0634 0.0000e+00
      0.242 -1.448e-42     9.7314    102.911     31.518  27.140995     2.1783      7.718   278.7108 6.3322e+02     1.9757      0.237      0.344    18.0596 0.0000e+00
      0.242 -1.316e-43     9.7391    102.787     31.516  27.139960     2.1826      7.718   277.6417 7.1551e+02     1.9495      0.237      0.344    18.0553 0.0000e+00
      0.242 -1.196e-44     9.7468    102.707     31.501  27.127285     2.1987      7.719   277.3389 6.8411e+02     2.0184      0.238      0.345    18.0528 0.0000e+00
      0.242 -1.088e-45     9.7437    102.704     31.483  27.114587     2.2154      7.719   277.5447 7.0188e+02     2.0916      0.237      0.344    18.0520 0.0000e+00
      0.242 -9.890e-47     9.7320    102.754     31.478  27.113277     2.2095      7.719   277.9782 8.6965e+02     2.0823      0.237      0.344    18.0513 0.0000e+00
      0.242 -8.990e-48     9.7181    102.821     31.472  27.111456     2.1862      7.719   278.7094 1.2313e+03     2.0770      0.237      0.344    18.0514 0.0000e+00
      0.242 -8.177e-49     9.7083    102.876     31.447  27.092577     2.1919      7.720   278.9866 1.8284e+03     2.1302      0.237      0.344    18.0528 0.0000e+00
      0.242 -8.142e-50     9.7092    102.896     31.423  27.075279     2.2118      7.722   278.1461 2.2483e+03     2.1455      0.238      0.345    18.0567 0.0000e+00
      0.242 -8.502e-50     9.7136    102.881     31.439  27.092575     2.2268      7.722   276.7202 2.1734e+03     2.0909      0.237      0.344    18.0626 0.0000e+00
      0.242 -8.615e-49     9.7196    102.831     31.459  27.111445     2.2474      7.722   276.0284 1.8834e+03     2.0163      0.237      0.344    18.0678 0.0000e+00
      0.242 -9.470e-48     9.7256    102.746     31.460  27.113160     2.2704      7.723   276.0624 1.5123e+03     2.0283      0.237      0.344    18.0730 0.0000e+00
      0.242 -1.042e-46     9.7252    102.614     31.462  27.113315     2.2886      7.724   276.6159 1.1115e+03     2.0999      0.237      0.344    18.0782 0.0000e+00
      0.242 -1.146e-45     9.7237    102.438     31.466  27.113315     2.2846      7.724   277.5582 9.4622e+02     2.0974      0.237      0.343    18.0820 0.0000e+00
      0.242 -1.260e-44     9.7179    102.268     31.472  27.113161     2.2712      7.724   278.2501 1.1830e+03     2.0321      0.237      0.344    18.0853 0.0000e+00
      0.242 -1.386e-43     9.7099    102.174     31.477  27.111446     2.2678      7.724   278.0119 1.5284e+03     1.9936      0.237      0.344    18.0869 0.0000e+00
      0.242 -1.525e-42     9.6985    102.175     31.462  27.092577     2.2776      7.725   276.7429 1.5140e+03     2.0419      0.238      0.345    18.0857 0.0000e+00
      0.242 -1.678e-41     9.6806    102.257     31.447  27.075281     2.2976      7.725   275.8125 1.1567e+03     2.1375      0.237      0.344    18.0807 0.0000e+00
      0.242 -1.845e-40     9.6633    102.411     31.470  27.092577     2.3098      7.726   275.7967 7.3561e+02     2.1249      0.237      0.344    18.0722 0.0000e+00
      0.242 -2.030e-39     9.6559    102.586     31.494  27.111432     2.3170      7.727   276.1219 5.0773e+02     2.0599      0.237      0.343    18.0620 0.0000e+00
      0.242 -2.233e-38     9.6599    102.731     31.497  27.112978     2.3351      7.727   276.3025 6.1889e+02     2.1030      0.238      0.344    18.0511 0.0000e+00
      0.242 -2.456e-37     9.6675    102.795     31.497  27.111263     2.3621      7.728   276.1738 8.3873e+02     2.1676      0.237      0.344    18.0435 0.0000e+00
      0.242 -2.702e-36     9.6861    102.752     31.474  27.090700     2.3606      7.728   275.8563 8.5074e+02     2.1236      0.237      0.343    18.0396 0.0000e+00
      0.242 -2.972e-35     9.7045    102.653     31.434  27.054625     2.3166      7.728   275.4753 7.9549e+02     2.0155      0.237      0.344    18.0369 0.0000e+00
      0.242 -3.269e-34     9.7195    102.545     31.435  27.055623     2.2796      7.728   275.2670 7.5015e+02     1.9871      0.237      0.344    18.0353 0.0000e+00
      0.241 -3.596e-33     9.7289    102.448     31.489  27.102758     2.2792      7.729   275.2304 6.4021e+02     2.0534      0.237      0.343    18.0336 0.0000e+00
      0.241 -3.956e-32     9.7214    102.406     31.504  27.117148     2.2867      7.730   275.3768 7.5894e+02     2.0659      0.237      0.343    18.0313 0.0000e+00
      0.242 -4.351e-31     9.7110    102.455     31.483  27.102771     2.2793      7.730   275.7465 1.0150e+03     2.0020      0.237      0.344    18.0297 0.0000e+00
      0.242 -4.786e-30     9.7012    102.570     31.497  27.119199     2.2646      7.730   276.0869 1.1016e+03     1.9637      0.237      0.344    18.0290 0.0000e+00
      0.242 -5.265e-29     9.6900    102.711     31.498  27.125513     2.2596      7.731   276.1367 1.1026e+03     2.0122      0.237      0.344    18.0297 0.0000e+00
