Data/DataNotYetUploadedToEDI/Raw_CTD/RawDownloads/042125_fcr20_S7809004.cnv
* Sea-Bird SBE19plus  Data File:
* FileName = C:\R\Reservoirs\Data\DataNotYetUploadedToEDI\Raw_CTD\RawDownloads\042125_fcr50_S7809_0004.hex
* Software version 2.8.0.119
* Temperature SN = 7809
* Conductivity SN = 7809
* System UpLoad Time = Apr 22 2025 10:36:00
* <ApplicationData>
* <Seaterm232>
# nquan = 15
# nvalues = 1228                        
# units = specified
# name 0 = depFM: Depth [fresh water, m]
# name 1 = dz/dtM: Descent Rate [m/s]
# name 2 = sbeox0Mg/L: Oxygen, SBE 43 [mg/l]
# name 3 = sbeox0PS: Oxygen, SBE 43 [% saturation]
# name 4 = specc: Specific Conductance [uS/cm]
# name 5 = c0uS/cm: Conductivity [uS/cm]
# name 6 = flECO-AFL: Fluorescence, WET Labs ECO-AFL/FL [mg/m^3]
# name 7 = ph: pH
# name 8 = orp: Oxidation Reduction Potential [mV]
# name 9 = par/sat/log: PAR/Logarithmic, Satlantic
# name 10 = turbWETntu0: Turbidity, WET Labs ECO [NTU]
# name 11 = prdM: Pressure, Strain Gauge [db]
# name 12 = prdE: Pressure, Strain Gauge [psi]
# name 13 = tv290C: Temperature [ITS-90, deg C]
# name 14 = flag:  0.000e+00
# span 0 =     -0.648,      3.635       
# span 1 =     -0.453,      0.262       
# span 2 =     5.1203,    11.2398       
# span 3 =     54.750,    112.804       
# span 4 =      1.177,     46.098       
# span 5 =   1.081223,  33.646740       
# span 6 =    -0.2184,   102.5590       
# span 7 =      7.129,      8.889       
# span 8 =  -900.2317,  1240.2255       
# span 9 = 4.8466e+00, 1.5494e+03       
# span 10 =    -0.9704,   134.2854      
# span 11 =     -0.636,      3.567      
# span 12 =     -0.923,      5.173      
# span 13 =    11.3860,    20.9389      
# span 14 = 0.0000e+00, 0.0000e+00      
# interval = seconds: 0.25
# start_time = Apr 21 2025 15:02:42 [Instrument's time stamp, header]
# bad_flag = -9.990e-29
*END*
[from data line 772]
      2.537      0.044    10.9251    105.039     31.600  24.282712     3.7316      8.869   254.8000 6.6807e+01     2.5195      2.488      3.608    13.5245 0.0000e+00
      2.548      0.039    10.9359    105.044     31.601  24.268854     3.7979      8.870   254.7940 6.6318e+01     2.5493      2.500      3.626    13.5031 0.0000e+00
      2.557      0.034    10.9429    105.036     31.618  24.267439     3.7879      8.871   254.8589 6.5888e+01     2.4572      2.507      3.636    13.4790 0.0000e+00
      2.565      0.030    10.9532    105.023     31.634  24.265596     3.7939      8.872   254.7234 6.5135e+01     2.3622      2.515      3.648    13.4469 0.0000e+00
      2.572      0.029    10.9668    105.006     31.624  24.246547     3.9365      8.873   254.4469 6.4924e+01     2.3909      2.524      3.661    13.4154 0.0000e+00
      2.576      0.032    10.9702    105.018     31.616  24.227356     4.1885      8.873   254.3548 6.5109e+01     2.4972      2.526      3.664    13.3962 0.0000e+00
      2.581      0.038    10.9743    105.073     31.631  24.223784     4.3363      8.874   254.4701 6.4612e+01     2.5202      2.529      3.669    13.3743 0.0000e+00
      2.590      0.045    10.9806    105.146     31.627  24.203347     4.5664      8.876   254.6363 6.4018e+01     2.4972      2.538      3.682    13.3480 0.0000e+00
      2.603      0.053    10.9799    105.211     31.612  24.170476     7.0946      8.877   254.7300 6.3484e+01     2.7322      2.552      3.701    13.3331 0.0000e+00
      2.620      0.061    10.9849    105.271     31.609  24.143387    11.7333      8.878   254.6558 6.2429e+01     3.1752      2.569      3.725    13.3153 0.0000e+00
      2.639      0.066    10.9985    105.305     31.624  24.129449    14.2517      8.878   254.5135 6.1370e+01     3.3440      2.588      3.754    13.2896 0.0000e+00
      2.659      0.067    11.0140    105.295     31.651  24.128751    14.4396      8.879   254.4730 6.0407e+01     3.2705      2.608      3.783    13.2624 0.0000e+00
      2.677      0.066    11.0286    105.286     31.683  24.134927    14.1963      8.880   254.5091 5.9564e+01     3.2773      2.626      3.809    13.2277 0.0000e+00
      2.693      0.064    11.0450    105.259     31.713  24.140684    13.7412      8.881   254.5203 5.9103e+01     3.3922      2.641      3.831    13.1868 0.0000e+00
      2.708      0.061    11.0631    105.219     31.725  24.134932    13.4888      8.882   254.5224 5.8668e+01     3.4985      2.656      3.852    13.1445 0.0000e+00
      2.723      0.059    11.0636    105.268     31.730  24.128773    13.2920      8.884   254.5350 5.8157e+01     3.4690      2.671      3.874    13.1118 0.0000e+00
      2.737      0.058    11.0728    105.404     31.741  24.129616    11.3454      8.885   254.5008 5.7737e+01     3.3433      2.685      3.894    13.0848 0.0000e+00
      2.751      0.058    11.0789    105.567     31.770  24.145121     7.8049      8.885   254.5393 5.7158e+01     3.2424      2.699      3.914    13.0568 0.0000e+00
      2.766      0.057    11.0715    105.742     31.838  24.189402     5.8821      8.885   254.6558 5.6387e+01     3.1371      2.712      3.933    13.0331 0.0000e+00
      2.782      0.054    11.0834    105.902     31.891  24.221105     5.6351      8.885   254.7050 5.5633e+01     3.0266      2.727      3.955    13.0166 0.0000e+00
      2.799      0.048    11.1034    106.016     31.890  24.211358     4.9346      8.886   254.7041 5.4921e+01     2.9656      2.746      3.982    13.0059 0.0000e+00
      2.813      0.039    11.1223    106.103     31.887  24.198372     3.7298      8.887   254.6441 5.4481e+01     2.9454      2.761      4.004    12.9980 0.0000e+00
      2.822      0.030    11.1441    106.180     31.892  24.190905     3.1032      8.886   254.5822 5.4366e+01     3.0211      2.770      4.017    12.9861 0.0000e+00
      2.827      0.024    11.1680    106.239     31.895  24.184478     3.0667      8.886   254.5578 5.4505e+01     3.0607      2.775      4.023    12.9706 0.0000e+00
      2.827      0.022    11.1807    106.269     31.899  24.184064     3.0558      8.887   254.5213 5.4696e+01     2.9464      2.773      4.021    12.9583 0.0000e+00
      2.827      0.023    11.1927    106.277     31.906  24.185898     3.0891      8.887   254.4855 5.4543e+01     2.9032      2.769      4.016    12.9441 0.0000e+00
      2.832      0.026    11.2073    106.280     31.945  24.206648     3.1781      8.887   254.4680 5.4284e+01     3.0170      2.775      4.024    12.9218 0.0000e+00
      2.843      0.031    11.2181    106.284     32.012  24.244698     3.2243      8.887   254.4830 5.3964e+01     3.0930      2.787      4.042    12.9041 0.0000e+00
      2.856      0.035    11.2217    106.267     32.055  24.265454     3.2149      8.887   254.4947 5.3457e+01     3.0363      2.801      4.062    12.9038 0.0000e+00
      2.867      0.038    11.2214    106.159     32.067  24.267354     3.0973      8.888   254.5228 5.3107e+01     2.9800      2.812      4.079    12.9021 0.0000e+00
      2.875      0.039    11.2259    105.933     32.072  24.267650     2.8838      8.888   254.5638 5.2892e+01     3.0612      2.819      4.089    12.8877 0.0000e+00
      2.882      0.038    11.2315    105.627     32.077  24.269033     2.7736      8.888   254.6474 5.2684e+01     3.1985      2.825      4.098    12.8642 0.0000e+00
      2.892      0.037    11.2398    105.271     32.101  24.284077     2.7552      8.888   254.7586 5.2446e+01     3.2064      2.836      4.113    12.8420 0.0000e+00
      2.902      0.037    11.2316    104.878     32.161  24.322709     2.7114      8.888   254.8764 5.2012e+01     3.1563      2.847      4.129    12.8341 0.0000e+00
      2.912      0.037    11.2056    104.450     32.219  24.355634     2.6523      8.888   255.0390 5.1509e+01     3.1385      2.856      4.143    12.8307 0.0000e+00
      2.922      0.037    11.1737    104.001     32.247  24.365070     2.6226      8.888   255.0892 5.1113e+01     3.0934      2.866      4.157    12.8258 0.0000e+00
      2.931      0.037    11.1366    103.557     32.271  24.373374     2.6435      8.888   255.0540 5.0703e+01     3.0898      2.875      4.169    12.8226 0.0000e+00
      2.939      0.038    11.0970    103.102     32.308  24.392607     2.6882      8.889   255.0431 5.0434e+01     3.0939      2.882      4.180    12.8133 0.0000e+00
      2.949      0.039    11.0568    102.589     32.340  24.407366     2.7308      8.889   255.0442 5.0235e+01     3.1091      2.892      4.195    12.7940 0.0000e+00
      2.959      0.040    11.0119    102.005     32.376  24.424976     2.7593      8.888   255.0672 4.9822e+01     3.2064      2.902      4.209    12.7747 0.0000e+00
      2.969      0.041    10.9693    101.383     32.461  24.478690     2.7657      8.885   255.1482 4.9460e+01     3.2116      2.912      4.223    12.7607 0.0000e+00
      2.980      0.041    10.9265    100.727     32.576  24.549475     2.7502      8.883   255.3355 4.9013e+01     3.1033      2.923      4.239    12.7483 0.0000e+00
      2.992      0.038    10.8767     99.997     32.651  24.583240     2.7301      8.882   255.6120 4.8347e+01     3.0581      2.934      4.256    12.7326 0.0000e+00
      3.004      0.035    10.8163     99.202     32.666  24.569838     2.7395      8.881   255.8237 4.7855e+01     3.1095      2.947      4.274    12.7179 0.0000e+00
      3.014      0.033    10.7523     98.377     32.703  24.577652     2.7722      8.880   255.8293 4.7636e+01     3.2117      2.958      4.290    12.7050 0.0000e+00
      3.019      0.031    10.6926     97.486     32.771  24.614275     2.7750      8.877   255.7666 4.7443e+01     3.2349      2.962      4.296    12.6807 0.0000e+00
      3.023      0.028    10.6220     96.471     32.816  24.632136     2.7733      8.875   255.8397 4.7092e+01     3.1519      2.962      4.296    12.6457 0.0000e+00
      3.030      0.023    10.5457     95.318     32.890  24.666755     2.8192      8.874   255.9389 4.6743e+01     3.1303      2.971      4.309    12.6018 0.0000e+00
      3.040      0.018    10.4677     94.058     32.982  24.715740     2.8718      8.873   255.8474 4.6444e+01     3.1788      2.984      4.327    12.5683 0.0000e+00
      3.048      0.014    10.3795     92.778     33.007  24.717064     2.8927      8.872   255.7664 4.6300e+01     3.1914      2.991      4.338    12.5548 0.0000e+00
      3.050      0.011    10.2767     91.542     32.975  24.682737     2.8812      8.871   255.8189 4.6539e+01     3.1464      2.993      4.341    12.5305 0.0000e+00
      3.048      0.007    10.1614     90.345     32.978  24.681191     2.8574      8.869   255.7941 4.6979e+01     3.1115      2.990      4.336    12.4956 0.0000e+00
      3.046      0.006    10.0308     89.194     33.003  24.698356     2.8549      8.868   255.7255 4.7258e+01     3.1451      2.986      4.331    12.4635 0.0000e+00
      3.046      0.008     9.8967     88.128     33.007  24.700034     2.8755      8.867   255.6773 4.7038e+01     3.1773      2.987      4.332    12.4344 0.0000e+00
      3.049      0.011     9.7710     87.260     33.014  24.701477     2.9065      8.865   255.5558 4.6572e+01     3.1256      2.990      4.337    12.4192 0.0000e+00
      3.055      0.015     9.6420     86.668     33.043  24.715799     2.9393      8.864   255.3753 4.6274e+01     3.0324      2.995      4.344    12.4162 0.0000e+00
      3.061      0.018     9.5196     86.287     33.094  24.746356     2.9549      8.863   255.3013 4.5943e+01     3.0406      3.002      4.353    12.4162 0.0000e+00
      3.066      0.023     9.4007     86.072     33.113  24.753852     2.9624      8.861   255.3492 4.5783e+01     3.1566      3.008      4.362    12.4152 0.0000e+00
      3.070      0.028     9.3026     85.998     33.110  24.743005     2.9719      8.861   255.4377 4.5782e+01     3.2048      3.011      4.366    12.4096 0.0000e+00
      3.074      0.033     9.2498     85.984     33.135  24.742031     2.9699      8.860   255.5108 4.5451e+01     3.1456      3.012      4.369    12.3982 0.0000e+00
      3.082      0.036     9.2114     85.935     33.171  24.742048     2.9789      8.859   255.4584 4.4934e+01     3.1236      3.019      4.379    12.3833 0.0000e+00
      3.098      0.036     9.1912     85.829     33.200  24.743185     3.0064      8.859   255.4071 4.4240e+01     3.1781      3.037      4.405    12.3741 0.0000e+00
      3.114      0.037     9.1865     85.634     33.230  24.755765     3.0281      8.858   255.4068 4.3663e+01     3.2236      3.058      4.435    12.3710 0.0000e+00
      3.122      0.038     9.1976     85.282     33.250  24.767305     3.0331      8.857   255.3691 4.3595e+01     3.1963      3.065      4.445    12.3386 0.0000e+00
      3.124      0.040     9.2034     84.818     33.246  24.755880     3.0246      8.858   255.3811 4.3478e+01     3.1213      3.064      4.444    12.2837 0.0000e+00
      3.128      0.041     9.1966     84.293     33.255  24.744449     3.0339      8.858   255.4661 4.3074e+01     3.1361      3.065      4.445    12.2547 0.0000e+00
      3.138      0.045     9.1865     83.742     33.295  24.755897     3.0626      8.858   255.5357 4.2411e+01     3.2046      3.075      4.460    12.2431 0.0000e+00
      3.156      0.050     9.1422     83.252     33.325  24.767439     3.1311      8.857   255.5352 4.1473e+01     3.1637      3.096      4.490    12.2432 0.0000e+00
      3.175      0.052     9.0933     82.842     33.317  24.757156     3.2374      8.855   255.5461 4.0679e+01     3.0854      3.116      4.519    12.2365 0.0000e+00
      3.190      0.051     9.0446     82.437     33.324  24.758403     3.2988      8.854   255.6672 4.0027e+01     3.0784      3.129      4.538    12.1992 0.0000e+00
      3.202      0.046     8.9866     82.020     33.366  24.782513     3.3744      8.852   255.7948 3.9391e+01     3.1473      3.141      4.555    12.1667 0.0000e+00
      3.213      0.041     8.9353     81.633     33.393  24.794988     3.9846      8.852   255.7985 3.8962e+01     3.6451      3.152      4.571    12.1548 0.0000e+00
      3.221      0.039     8.8970     81.276     33.384  24.782401     5.0509      8.851   255.7112 3.8775e+01     4.4862      3.160      4.583    12.1523 0.0000e+00
      3.227      0.039     8.8554     80.958     33.356  24.757147     5.6215      8.849   255.6864 3.8493e+01     4.9474      3.165      4.590    12.1472 0.0000e+00
      3.235      0.040     8.8086     80.691     33.344  24.743305     5.8400      8.847   255.8433 3.7852e+01     5.0886      3.171      4.599    12.1357 0.0000e+00
      3.245      0.042     8.7720     80.458     33.352  24.741866     7.7085      8.847   256.0589 3.7160e+01     5.4081      3.182      4.614    12.1225 0.0000e+00
      3.259      0.044     8.7346     80.260     33.358  24.739751    11.1018      8.846   256.1419 3.6534e+01     5.8720      3.196      4.635    12.1122 0.0000e+00
      3.273      0.044     8.6999     80.118     33.338  24.717720    12.9516      8.844   256.1584 3.5896e+01     6.1201      3.211      4.657    12.1088 0.0000e+00
      3.285      0.043     8.6745     80.022     33.282  24.665729    13.1693      8.843   256.4314 3.5309e+01     6.1879      3.223      4.676    12.1011 0.0000e+00
      3.295      0.042     8.6522     79.945     33.238  24.618458    13.8762      8.841   256.9468 3.4805e+01     6.5544      3.232      4.688    12.0877 0.0000e+00
      3.304      0.041     8.6304     79.873     33.221  24.590070    15.1559      8.839   257.3999 3.4400e+01     7.1359      3.240      4.698    12.0789 0.0000e+00
      3.313      0.040     8.6178     79.785     33.223  24.576135    15.8413      8.838   257.6080 3.3940e+01     7.3777      3.247      4.710    12.0715 0.0000e+00
      3.323      0.040     8.6119     79.663     33.242  24.576788    15.9133      8.837   257.7429 3.3486e+01     7.4280      3.258      4.725    12.0553 0.0000e+00
      3.336      0.040     8.6084     79.519     33.286  24.597951    16.0668      8.835   258.0844 3.3096e+01     7.9841      3.272      4.744    12.0314 0.0000e+00
      3.347      0.040     8.6067     79.381     33.358  24.641747    16.3248      8.833   258.4671 3.2681e+01     8.9094      3.283      4.762    12.0065 0.0000e+00
      3.357      0.039     8.6026     79.266     33.398  24.662397    16.4527      8.831   258.8430 3.2328e+01     9.3235      3.292      4.775    11.9818 0.0000e+00
      3.366      0.036     8.5937     79.223     33.403  24.657377    16.4392      8.830   259.1875 3.1901e+01     9.2674      3.301      4.787    11.9608 0.0000e+00
      3.375      0.033     8.5780     79.225     33.395  24.644453    16.4026      8.828   259.4492 3.1440e+01     9.2568      3.310      4.801    11.9460 0.0000e+00
      3.383      0.031     8.5678     79.172     33.386  24.632961    16.1349      8.828   259.6837 3.1160e+01     9.1259      3.317      4.812    11.9333 0.0000e+00
      3.390      0.029     8.5539     79.088     33.408  24.645254    15.6244      8.826   259.9580 3.0857e+01     8.7102      3.324      4.821    11.9182 0.0000e+00
      3.397      0.027     8.5519     79.031     33.442  24.666249    15.3245      8.823   260.3563 3.0528e+01     8.3634      3.332      4.832    11.9041 0.0000e+00
      3.405      0.026     8.5632     78.987     33.485  24.696563    15.2551      8.821   260.7138 3.0297e+01     8.2809      3.339      4.843    11.8938 0.0000e+00
      3.411      0.026     8.5542     78.941     33.565  24.758112    14.9014      8.820   261.0970 3.0043e+01     8.2240      3.346      4.853    11.8878 0.0000e+00
      3.416      0.027     8.5432     78.898     33.673  24.839672    14.2693      8.819   261.5481 2.9804e+01     8.0857      3.349      4.858    11.8830 0.0000e+00
      3.422      0.028     8.5402     78.875     33.790  24.921701    13.9208      8.818   261.8657 2.9548e+01     7.9412      3.354      4.865    11.8756 0.0000e+00
