Data/DataNotYetUploadedToEDI/Raw_CTD/RawDownloads/042125_fcr50_S7809001.cnv
* Sea-Bird SBE19plus  Data File:
* FileName = C:\R\Reservoirs\Data\DataNotYetUploadedToEDI\Raw_CTD\RawDownloads\042125_fcr50_S7809_0001.hex
* Software version 2.8.0.119
* Temperature SN = 7809
* Conductivity SN = 7809
* System UpLoad Time = Apr 22 2025 10:34:57
* <ApplicationData>
* <Seaterm232>
# nquan = 15
# nvalues = 1880                        
# units = specified
# name 0 = depFM: Depth [fresh water, m]
# name 1 = dz/dtM: Descent Rate [m/s]
# name 2 = sbeox0Mg/L: Oxygen, SBE 43 [mg/l]
# name 3 = sbeox0PS: Oxygen, SBE 43 [% saturation]
# name 4 = specc: Specific Conductance [uS/cm]
# name 5 = c0uS/cm: Conductivity [uS/cm]
# name 6 = flECO-AFL: Fluorescence, WET Labs ECO-AFL/FL [mg/m^3]
# name 7 = ph: pH
# name 8 = orp: Oxidation Reduction Potential [mV]
# name 9 = par/sat/log: PAR/Logarithmic, Satlantic
# name 10 = turbWETntu0: Turbidity, WET Labs ECO [NTU]
# name 11 = prdM: Pressure, Strain Gauge [db]
# name 12 = prdE: Pressure, Strain Gauge [psi]
# name 13 = tv290C: Temperature [ITS-90, deg C]
# name 14 = flag:  0.000e+00
# span 0 =     -0.617,      9.603       
# span 1 =     -0.690,      0.213       
# span 2 =    -0.2354,    12.5734       
# span 3 =     -1.219,    110.746       
# span 4 =      0.678,    177.880       
# span 5 =   0.649224, 120.913941       
# span 6 =    -1.1663,     9.9756       
# span 7 =      6.523,      8.153       
# span 8 =   221.9712,  1240.2295       
# span 9 = 1.2360e-01, 2.2561e+03       
# span 10 =    -6.1291,   205.9992      
# span 11 =     -0.606,      9.418      
# span 12 =     -0.878,     13.660      
# span 13 =     8.9772,    22.9735      
# span 14 = 0.0000e+00, 0.0000e+00      
# interval = seconds: 0.25
# start_time = Apr 21 2025 10:50:16 [Instrument's time stamp, header]
# bad_flag = -9.990e-29
*END*
[from data line 772]
      0.247 6.3300e-41     9.7719    103.320     31.552  27.113008     2.4413      7.796   271.4861 1.1089e+03     2.0528      0.243      0.352    17.9629 0.0000e+00
      0.247 5.7545e-42     9.7903    103.195     31.578  27.135552     2.3664      7.796   271.4432 9.7980e+02     1.9961      0.243      0.352    17.9623 0.0000e+00
      0.247 5.2315e-43     9.7953    103.149     31.544  27.106307     2.3349      7.796   271.4839 9.2761e+02     2.0476      0.243      0.352    17.9620 0.0000e+00
      0.247 4.7556e-44     9.7973    103.171     31.509  27.076537     2.3359      7.796   271.4609 9.3017e+02     2.0606      0.243      0.352    17.9617 0.0000e+00
      0.247 4.2932e-45     9.7922    103.145     31.528  27.092710     2.3113      7.797   271.5106 9.2306e+02     2.0172      0.243      0.352    17.9619 0.0000e+00
      0.247 5.9257e-47     9.7709    103.067     31.550  27.111580     2.2793      7.797   271.8271 9.3659e+02     2.0012      0.242      0.351    17.9621 0.0000e+00
      0.247 -3.636e-45     9.7682    103.002     31.552  27.114429     2.2817      7.796   272.1032 9.7038e+02     2.0033      0.242      0.352    17.9615 0.0000e+00
      0.248 -4.039e-44     9.7774    102.990     31.567  27.127164     2.3070      7.796   271.9232 1.0182e+03     2.0770      0.243      0.353    17.9618 0.0000e+00
      0.248 -4.443e-43     9.7733    103.040     31.581  27.138710     2.3180      7.796   271.7170 1.0471e+03     2.1067      0.243      0.352    17.9623 0.0000e+00
      0.248 -4.887e-42     9.7627    103.090     31.567  27.127180     2.3234      7.796   271.5886 1.0492e+03     2.0210      0.243      0.352    17.9623 0.0000e+00
      0.248 -5.376e-41     9.7561    103.073     31.552  27.114600     2.3392      7.795   271.4888 1.0916e+03     1.9966      0.243      0.352    17.9629 0.0000e+00
      0.248 -5.913e-40     9.7533    103.008     31.551  27.113457     2.3598      7.795   272.0594 1.1250e+03     2.0857      0.243      0.352    17.9633 0.0000e+00
      0.248 -6.505e-39     9.7606    102.929     31.552  27.113352     2.3641      7.796   272.8948 1.0611e+03     2.1423      0.242      0.351    17.9632 0.0000e+00
      0.248 -7.155e-38     9.7696    102.850     31.553  27.113341     2.3492      7.797   272.9860 1.0059e+03     2.0996      0.243      0.352    17.9633 0.0000e+00
      0.248 -7.871e-37     9.7654    102.786     31.554  27.113326     2.3381      7.797   272.8176 9.8952e+02     2.0480      0.243      0.352    17.9634 0.0000e+00
      0.248 -8.658e-36     9.7582    102.751     31.555  27.113171     2.3464      7.798   272.8381 9.9342e+02     2.0993      0.243      0.353    17.9633 0.0000e+00
      0.248 -9.523e-35     9.7508    102.761     31.555  27.111456     2.3667      7.798   272.5447 1.0754e+03     2.1726      0.243      0.352    17.9628 0.0000e+00
      0.248 -1.048e-33     9.7430    102.810     31.535  27.092586     2.3665      7.797   272.0235 1.1131e+03     2.1151      0.243      0.353    17.9610 0.0000e+00
      0.247 -1.152e-32     9.7371    102.890     31.516  27.075289     2.3443      7.796   272.4732 1.0410e+03     2.0184      0.243      0.352    17.9589 0.0000e+00
      0.247 -1.268e-31     9.7332    102.995     31.537  27.092587     2.3304      7.796   273.7664 9.7811e+02     2.0281      0.242      0.351    17.9567 0.0000e+00
      0.247 -1.394e-30     9.7350    103.081     31.561  27.111457     2.3399      7.796   274.3232 9.7284e+02     2.0963      0.243      0.352    17.9548 0.0000e+00
      0.247 -1.534e-29     9.7408    103.139     31.564  27.113173     2.3605      7.796   274.2155 9.9413e+02     2.0908      0.243      0.352    17.9529 0.0000e+00
      0.247 -1.687e-28     9.7474    103.204     31.566  27.113328     2.3711      7.796   273.9266 9.8590e+02     2.0301      0.243      0.352    17.9510 0.0000e+00
      0.247 -1.856e-27     9.7609    103.245     31.567  27.113343     2.3848      7.796   273.3254 9.8622e+02     2.0456      0.243      0.352    17.9489 0.0000e+00
      0.248 -2.041e-26     9.7702    103.206     31.569  27.113344     2.4098      7.796   272.9690 9.7620e+02     2.1074      0.244      0.353    17.9467 0.0000e+00
      0.248 -2.246e-25     9.7729    103.136     31.569  27.113344     2.4571      7.796   273.4035 9.1112e+02     2.1284      0.243      0.353    17.9448 0.0000e+00
      0.248 -2.470e-24     9.7810    103.082     31.569  27.113344     2.5147      7.796   274.1904 9.3257e+02     2.0942      0.243      0.353    17.9424 0.0000e+00
      0.248 -2.717e-23     9.7895    103.024     31.568  27.113343     2.5243      7.797   274.6535 1.0493e+03     2.0020      0.243      0.352    17.9408 0.0000e+00
      0.248 -2.989e-22     9.7825    102.977     31.566  27.113333     2.5153      7.797   274.7011 1.0760e+03     1.9699      0.243      0.353    17.9394 0.0000e+00
      0.248 -3.288e-21     9.7731    102.952     31.564  27.113227     2.5133      7.798   274.4218 1.0573e+03     2.0139      0.243      0.352    17.9382 0.0000e+00
      0.248 -3.616e-20     9.7719    102.972     31.560  27.112059     2.4828      7.798   274.1155 1.1121e+03     1.9873      0.243      0.352    17.9379 0.0000e+00
      0.248 -3.978e-19     9.7630    103.063     31.543  27.099219     2.4468      7.797   274.0099 1.0854e+03     1.9218      0.243      0.352    17.9399 0.0000e+00
      0.248 -4.376e-18     9.7589    103.201     31.525  27.084829     2.4366      7.796   274.0051 1.0047e+03     1.9040      0.243      0.353    17.9427 0.0000e+00
      0.247 -4.814e-17     9.7552    103.333     31.501  27.064911     2.4672      7.798   274.2289 1.0048e+03     1.9771      0.243      0.352    17.9457 0.0000e+00
      0.247 -5.295e-16     9.7541    103.414     31.482  27.048662     2.5095      7.799   274.4792 1.0118e+03     2.0545      0.243      0.352    17.9493 0.0000e+00
      0.248 -5.824e-15     9.7642    103.443     31.517  27.078634     2.5142      7.798   274.5357 9.8535e+02     2.0205      0.243      0.352    17.9524 0.0000e+00
      0.248 -6.407e-14     9.7777    103.439     31.553  27.110187     2.5154      7.798   274.6551 9.4573e+02     2.0099      0.243      0.352    17.9546 0.0000e+00
      0.248 -7.048e-13     9.7930    103.420     31.557  27.113056     2.5324      7.798   274.7171 9.2546e+02     2.0633      0.243      0.352    17.9555 0.0000e+00
      0.248 -1.292e-12     9.7992    103.355     31.558  27.113317     2.5543      7.798   274.1675 9.7160e+02     2.0852      0.243      0.353    17.9558 0.0000e+00
      0.248 -7.050e-13     9.8025    103.248     31.559  27.113341     2.5720      7.798   273.5166 1.0546e+03     2.0699      0.243      0.352    17.9558 0.0000e+00
      0.248 -6.410e-14     9.7997    103.126     31.559  27.113342     2.5638      7.797   273.7299 1.0528e+03     2.0143      0.244      0.353    17.9553 0.0000e+00
      0.248 -5.825e-15     9.8008    102.970     31.560  27.113327     2.5629      7.797   274.0794 1.0110e+03     1.9941      0.243      0.352    17.9546 0.0000e+00
      0.247 -5.295e-16     9.7954    102.840     31.560  27.113170     2.5944      7.797   274.0423 1.0587e+03     2.0308      0.242      0.351    17.9533 0.0000e+00
      0.247 -4.814e-17     9.7809    102.766     31.558  27.111440     2.6201      7.797   274.2277 1.1353e+03     2.0136      0.242      0.352    17.9527 0.0000e+00
      0.247 -4.377e-18     9.7754    102.733     31.536  27.092415     2.6155      7.797   274.5998 1.1008e+03     2.0248      0.243      0.353    17.9516 0.0000e+00
      0.247 -3.979e-19     9.7551    102.777     31.514  27.073402     2.6055      7.797   274.1543 1.0249e+03     2.0980      0.243      0.352    17.9505 0.0000e+00
      0.247 -3.617e-20     9.7417    102.890     31.512  27.071830     2.6067      7.798   272.9713 1.0274e+03     2.1130      0.243      0.352    17.9507 0.0000e+00
      0.247 -3.288e-21     9.7381    103.014     31.514  27.073403     2.6054      7.798   272.4280 1.0357e+03     2.0704      0.243      0.352    17.9506 0.0000e+00
      0.247 -2.989e-22     9.7305    103.083     31.536  27.092425     2.5901      7.798   272.5756 1.0758e+03     1.9921      0.243      0.352    17.9503 0.0000e+00
      0.247 -2.718e-23     9.7366    103.087     31.558  27.111555     2.5622      7.798   273.0346 1.1441e+03     1.9865      0.243      0.352    17.9503 0.0000e+00
      0.248 -2.471e-24     9.7487    103.084     31.561  27.114428     2.5434      7.798   273.6761 1.0928e+03     2.0715      0.243      0.353    17.9503 0.0000e+00
      0.248 -2.246e-25     9.7635    103.083     31.576  27.127166     2.5459      7.799   273.3623 1.0147e+03     2.1305      0.243      0.353    17.9504 0.0000e+00
      0.247 -2.042e-26     9.7711    103.065     31.590  27.138711     2.5428      7.799   272.0806 1.0415e+03     2.1193      0.243      0.352    17.9511 0.0000e+00
      0.247 -1.856e-27     9.7667    103.037     31.577  27.127181     2.5213      7.799   271.4290 1.0769e+03     2.0384      0.242      0.351    17.9514 0.0000e+00
      0.247 -1.687e-28     9.7677    103.030     31.562  27.114600     2.5203      7.798   271.5057 1.0850e+03     2.0072      0.243      0.352    17.9508 0.0000e+00
      0.247 -1.489e-29     9.7688    103.085     31.561  27.113446     2.5389      7.797   271.8037 1.1125e+03     2.0485      0.243      0.352    17.9501 0.0000e+00
      0.248 3.5982e-30     9.7665    103.199     31.560  27.113222     2.5289      7.797   272.2786 1.1017e+03     2.0250      0.243      0.353    17.9496 0.0000e+00
      0.248 5.4793e-29     9.7630    103.313     31.557  27.111899     2.5004      7.798   272.5160 1.0584e+03     1.9625      0.244      0.353    17.9499 0.0000e+00
      0.248 6.0411e-28     9.7606    103.368     31.539  27.097447     2.4936      7.798   272.2650 1.0569e+03     1.9422      0.243      0.353    17.9500 0.0000e+00
      0.248 6.6453e-27     9.7651    103.345     31.502  27.065329     2.5216      7.798   271.6529 1.0985e+03     1.9851      0.243      0.353    17.9501 0.0000e+00
      0.248 7.3098e-26     9.7788    103.285     31.473  27.040679     2.5638      7.798   271.2237 1.1107e+03     2.0370      0.243      0.352    17.9514 0.0000e+00
      0.248 8.0408e-25     9.7911    103.258     31.488  27.053102     2.5721      7.798   271.1197 1.0456e+03     1.9900      0.243      0.353    17.9531 0.0000e+00
      0.248 8.8449e-24     9.7968    103.248     31.531  27.088688     2.5554      7.798   271.1696 9.8538e+02     1.9628      0.243      0.352    17.9542 0.0000e+00
      0.248 9.7294e-23     9.7942    103.223     31.534  27.090403     2.5531      7.798   271.3106 9.5720e+02     2.0490      0.243      0.352    17.9547 0.0000e+00
      0.248 1.0702e-21     9.7831    103.194     31.516  27.073842     2.5434      7.798   271.3620 9.9323e+02     2.1094      0.243      0.352    17.9544 0.0000e+00
      0.248 1.1773e-20     9.7835    103.201     31.523  27.078717     2.5290      7.798   271.5328 1.0696e+03     2.0784      0.243      0.352    17.9537 0.0000e+00
      0.248 1.2950e-19     9.7837    103.257     31.533  27.085915     2.5296      7.798   271.6557 1.0864e+03     2.0161      0.243      0.352    17.9529 0.0000e+00
      0.248 1.4245e-18     9.7808    103.289     31.547  27.097448     2.5422      7.798   271.4704 1.1203e+03     2.0393      0.243      0.353    17.9513 0.0000e+00
      0.248 1.5669e-17     9.7783    103.292     31.540  27.091314     2.5742      7.797   271.3581 1.1085e+03     2.1547      0.243      0.352    17.9486 0.0000e+00
      0.248 1.7236e-16     9.7756    103.305     31.520  27.075175     2.5823      7.797   271.3301 1.0253e+03     2.1469      0.243      0.353    17.9457 0.0000e+00
      0.248 1.8960e-15     9.7882    103.289     31.539  27.092577     2.5576      7.796   271.3042 1.0422e+03     2.0133      0.243      0.352    17.9435 0.0000e+00
      0.248 2.0856e-14     9.7904    103.239     31.559  27.111456     2.5246      7.796   271.7335 9.8551e+02     1.9746      0.243      0.352    17.9425 0.0000e+00
      0.248 2.2941e-13     9.7869    103.192     31.560  27.113172     2.4833      7.796   272.3048 8.6455e+02     2.0540      0.243      0.352    17.9426 0.0000e+00
      0.248 2.5236e-12     9.7921    103.116     31.561  27.113327     2.4667      7.796   272.1892 8.7321e+02     2.1191      0.243      0.353    17.9435 0.0000e+00
      0.248 2.7759e-11     9.7902    103.015     31.562  27.113342     2.4649      7.796   271.7978 9.2145e+02     2.0786      0.243      0.353    17.9461 0.0000e+00
      0.248 3.0535e-10     9.7810    102.966     31.562  27.113343     2.4701      7.797   271.6162 9.2629e+02     2.0426      0.243      0.353    17.9490 0.0000e+00
      0.248 3.3589e-09     9.7794    102.960     31.562  27.113343     2.5047      7.797   271.3702 9.3028e+02     2.0938      0.244      0.354    17.9506 0.0000e+00
      0.247 3.6947e-08     9.7736    102.959     31.561  27.113341     2.5330      7.797   271.0597 9.5454e+02     2.0823      0.243      0.352    17.9503 0.0000e+00
      0.247 4.0642e-07     9.7576    102.976     31.560  27.113326     2.5380      7.796   271.6477 9.9944e+02     2.0407      0.242      0.351    17.9486 0.0000e+00
      0.248      0.000     9.7560    103.004     31.559  27.113156     2.5325      7.796   272.9735 1.1670e+03     2.0690      0.243      0.352    17.9477 0.0000e+00
      0.248      0.000     9.7571    103.003     31.556  27.111283     2.5499      7.795   273.4956 1.2269e+03     2.1518      0.243      0.353    17.9481 0.0000e+00
      0.248      0.001     9.7552    103.006     31.532  27.090684     2.6142      7.795   273.3144 1.0562e+03     2.3247      0.243      0.352    17.9492 0.0000e+00
      0.248      0.001     9.7564    103.082     31.490  27.054360     2.6522      7.795   272.8481 8.8286e+02     2.4167      0.243      0.353    17.9508 0.0000e+00
      0.248      0.000     9.7616    103.174     31.489  27.052630     2.6350      7.795   272.1601 8.2493e+02     2.3420      0.244      0.354    17.9527 0.0000e+00
      0.248 1.8474e-08     9.7606    103.214     31.510  27.069771     2.6556      7.795   271.8777 1.0060e+03     2.3096      0.244      0.353    17.9537 0.0000e+00
      0.248 2.0321e-07     9.7549    103.195     31.514  27.071344     2.7272      7.795   272.5308 1.3178e+03     2.3665      0.243      0.353    17.9535 0.0000e+00
      0.248 2.0321e-07     9.7671    103.131     31.516  27.071641     2.7681      7.794   273.6908 1.3057e+03     2.3814      0.244      0.354    17.9527 0.0000e+00
      0.248 1.8474e-08     9.7790    103.079     31.521  27.073360     2.7672      7.794   274.2008 9.3240e+02     2.3189      0.243      0.352    17.9515 0.0000e+00
      0.249 1.6794e-09     9.7814    103.056     31.546  27.092129     2.7501      7.794   274.1376 7.4581e+02     2.2940      0.244      0.353    17.9496 0.0000e+00
      0.249 1.5267e-10     9.7818    103.035     31.567  27.108296     2.7449      7.794   273.8738 8.7984e+02     2.3539      0.244      0.354    17.9470 0.0000e+00
      0.248 1.3880e-11     9.7723    103.013     31.532  27.078562     2.7627      7.794   273.3348 1.0159e+03     2.3599      0.243      0.353    17.9438 0.0000e+00
      0.248 1.2618e-12     9.7679    103.006     31.497  27.049735     2.7728      7.794   273.1266 1.0084e+03     2.3315      0.244      0.353    17.9402 0.0000e+00
      0.248 1.1471e-13     9.7686    103.035     31.525  27.076862     2.7508      7.794   273.5068 8.3075e+02     2.3182      0.243      0.353    17.9368 0.0000e+00
      0.248 1.0428e-14     9.7660    103.079     31.537  27.089442     2.7048      7.794   273.8880 6.8270e+02     2.2674      0.244      0.353    17.9337 0.0000e+00
      0.248 9.4800e-16     9.7651    103.134     31.519  27.075004     2.6819      7.794   274.0362 6.5936e+02     2.2985      0.244      0.353    17.9320 0.0000e+00
