Data/DataNotYetUploadedToEDI/Raw_CTD/RawDownloads/042224_fcr50_S7809003.cnv
* Sea-Bird SBE19plus  Data File:
* FileName = C:\R\Reservoirs\Data\DataNotYetUploadedToEDI\Raw_CTD\RawDownloads\041524_bvr50_S7809_0003.hex
* Software version 2.8.0.119
* Temperature SN = 7809
* Conductivity SN = 7809
* System UpLoad Time = May 16 2024 15:22:49
* <ApplicationData>
* <Seaterm232>
# nquan = 15
# nvalues = 1882                        
# units = specified
# name 0 = depFM: Depth [fresh water, m]
# name 1 = dz/dtM: Descent Rate [m/s]
# name 2 = sbeox0Mg/L: Oxygen, SBE 43 [mg/l]
# name 3 = sbeox0PS: Oxygen, SBE 43 [% saturation]
# name 4 = specc: Specific Conductance [uS/cm]
# name 5 = c0uS/cm: Conductivity [uS/cm]
# name 6 = flECO-AFL: Fluorescence, WET Labs ECO-AFL/FL [mg/m^3]
# name 7 = ph: pH
# name 8 = orp: Oxidation Reduction Potential [mV]
# name 9 = par/sat/log: PAR/Logarithmic, Satlantic
# name 10 = turbWETntu0: Turbidity, WET Labs ECO [NTU]
# name 11 = prdM: Pressure, Strain Gauge [db]
# name 12 = prdE: Pressure, Strain Gauge [psi]
# name 13 = tv290C: Temperature [ITS-90, deg C]
# name 14 = flag:  0.000e+00
# span 0 =     -0.615,      9.627       
# span 1 =     -3.857,      4.297       
# span 2 =     1.4428,    10.7971       
# span 3 =     13.446,    104.112       
# span 4 =      1.171,    569.296       
# span 5 =   0.913788, 397.850772       
# span 6 =    -0.3859,    20.2958       
# span 7 =      3.292,      7.857       
# span 8 =  -209.7934,   857.1689       
# span 9 = 1.2368e-01, 1.4785e+03       
# span 10 =    -2.5597,   191.4041      
# span 11 =     -0.603,      9.442      
# span 12 =     -0.875,     13.695      
# span 13 =     9.8433,    15.7885      
# span 14 = 0.0000e+00, 0.0000e+00      
# interval = seconds: 0.25
# start_time = Apr 22 2024 13:09:53 [Instrument's time stamp, header]
# bad_flag = -9.990e-29
*END*
[from data line 675]
      0.186      0.019     9.3100     93.794     37.378  30.491001     3.7369      7.319   269.7545 1.2409e+02     5.1949      0.181      0.262    15.7836 0.0000e+00
      0.191      0.024     9.3092     93.786     37.385  30.497391     3.7139      7.321   270.1605 1.2888e+02     5.2611      0.186      0.271    15.7839 0.0000e+00
      0.198      0.028     9.3041     93.754     37.392  30.503167     3.7078      7.321   271.2061 1.4673e+02     5.2287      0.195      0.282    15.7836 0.0000e+00
      0.204      0.030     9.3000     93.709     37.385  30.497401     3.7051      7.321   271.7290 1.7533e+02     5.1447      0.198      0.288    15.7837 0.0000e+00
      0.214      0.030     9.2986     93.685     37.377  30.491110     3.6977      7.323   271.8364 2.0921e+02     5.1332      0.208      0.302    15.7840 0.0000e+00
      0.227      0.027     9.3002     93.671     37.376  30.490543     3.7018      7.324   271.8166 2.7906e+02     5.1923      0.225      0.326    15.7840 0.0000e+00
      0.236      0.022     9.2963     93.651     37.376  30.490543     3.7043      7.325   271.5756 3.9169e+02     5.2106      0.234      0.339    15.7844 0.0000e+00
      0.238      0.017     9.2892     93.639     37.377  30.491111     3.7029      7.326   271.4177 4.7594e+02     5.1828      0.234      0.339    15.7850 0.0000e+00
      0.239      0.012     9.2882     93.663     37.386  30.497401     3.7268      7.327   271.7992 5.1117e+02     5.1294      0.235      0.340    15.7852 0.0000e+00
      0.239      0.008     9.2875     93.701     37.395  30.503158     3.7767      7.327   272.6611 5.4922e+02     5.1120      0.235      0.340    15.7851 0.0000e+00
      0.239      0.007     9.2853     93.725     37.389  30.497288     3.8152      7.327   273.2349 5.8988e+02     5.1779      0.235      0.340    15.7846 0.0000e+00
      0.241      0.010     9.2820     93.748     37.379  30.489858     3.8185      7.328   273.3161 5.9790e+02     5.2080      0.236      0.342    15.7837 0.0000e+00
      0.245      0.015     9.2860     93.778     37.363  30.476756     3.8077      7.329   273.3854 5.6478e+02     5.2025      0.241      0.349    15.7823 0.0000e+00
      0.249      0.024     9.2922     93.813     37.349  30.465743     3.8099      7.327   273.6422 5.4661e+02     5.2480      0.246      0.357    15.7811 0.0000e+00
      0.253      0.033     9.2925     93.854     37.370  30.483563     3.8275      7.324   273.6680 5.6561e+02     5.2808      0.247      0.358    15.7810 0.0000e+00
      0.259      0.038     9.2953     93.911     37.391  30.501911     3.8465      7.323   273.3531 5.5334e+02     5.2577      0.250      0.361    15.7811 0.0000e+00
      0.275      0.040     9.2981     93.950     37.386  30.497288     3.8479      7.324   273.3623 4.9892e+02     5.2072      0.266      0.387    15.7805 0.0000e+00
      0.295      0.040     9.3021     93.930     37.378  30.491105     3.8439      7.327   273.8655 4.7600e+02     5.1833      0.293      0.426    15.7805 0.0000e+00
      0.308      0.039     9.3046     93.880     37.378  30.490594     3.8575      7.329   274.5338 5.2790e+02     5.2076      0.305      0.442    15.7822 0.0000e+00
      0.312      0.036     9.3112     93.831     37.379  30.491106     3.8787      7.331   274.9892 6.2189e+02     5.1931      0.306      0.444    15.7840 0.0000e+00
      0.315      0.031     9.3182     93.791     37.386  30.497287     3.8920      7.332   274.5537 6.6001e+02     5.1444      0.307      0.446    15.7845 0.0000e+00
      0.321      0.029     9.3134     93.761     37.391  30.501900     3.8604      7.333   273.7427 6.5209e+02     5.1315      0.313      0.454    15.7842 0.0000e+00
      0.330      0.029     9.3076     93.707     37.368  30.483448     3.7874      7.334   273.7869 6.6497e+02     5.1397      0.324      0.470    15.7832 0.0000e+00
      0.340      0.030     9.3036     93.647     37.344  30.464484     3.7508      7.335   274.1412 6.8456e+02     5.1750      0.334      0.485    15.7828 0.0000e+00
      0.349      0.030     9.2977     93.634     37.342  30.462906     3.7586      7.337   274.3271 6.9791e+02     5.1817      0.343      0.498    15.7831 0.0000e+00
      0.356      0.029     9.2979     93.648     37.344  30.464379     3.7483      7.337   274.8297 6.8889e+02     5.1187      0.349      0.507    15.7840 0.0000e+00
      0.362      0.029     9.2918     93.638     37.366  30.482294     3.7178      7.337   275.1419 6.9963e+02     5.0965      0.354      0.514    15.7843 0.0000e+00
      0.369      0.034     9.2816     93.603     37.374  30.489204     3.7063      7.337   274.9189 7.1962e+02     5.1533      0.362      0.524    15.7842 0.0000e+00
      0.376      0.044     9.2829     93.574     37.368  30.484495     3.7097      7.335   274.8861 6.8740e+02     5.2249      0.370      0.535    15.7845 0.0000e+00
      0.382      0.055     9.2856     93.547     37.373  30.488795     3.6588      7.333   275.0900 6.1616e+02     5.2441      0.374      0.542    15.7848 0.0000e+00
      0.393      0.064     9.2857     93.552     37.358  30.477751     3.5399      7.333   275.3189 5.4344e+02     5.1808      0.379      0.550    15.7849 0.0000e+00
      0.419      0.069     9.2787     93.634     37.357  30.477838     3.4713      7.333   275.5886 5.2045e+02     5.1763      0.407      0.590    15.7848 0.0000e+00
      0.451      0.069     9.2780     93.718     37.372  30.489843     3.4784      7.334   275.7692 5.2905e+02     5.2585      0.448      0.650    15.7851 0.0000e+00
      0.473      0.063     9.2746     93.743     37.380  30.496039     3.4763      7.335   276.1257 5.1266e+02     5.2875      0.469      0.679    15.7864 0.0000e+00
      0.484      0.052     9.2693     93.740     37.372  30.489319     3.4450      7.337   276.6297 4.9592e+02     5.2532      0.475      0.689    15.7876 0.0000e+00
      0.492      0.038     9.2837     93.736     37.352  30.472027     3.4165      7.338   276.8733 5.0614e+02     5.1854      0.483      0.701    15.7880 0.0000e+00
      0.498      0.026     9.2941     93.735     37.358  30.477265     3.4151      7.339   276.8344 4.9827e+02     5.1510      0.488      0.710    15.7885 0.0000e+00
      0.501      0.020     9.2940     93.729     37.373  30.489214     3.4278      7.341   276.6762 4.6444e+02     5.1791      0.491      0.712    15.7883 0.0000e+00
      0.504      0.018     9.2930     93.683     37.373  30.489629     3.4292      7.342   276.6809 4.4048e+02     5.2180      0.493      0.715    15.7876 0.0000e+00
      0.508      0.018     9.2931     93.591     37.364  30.482293     3.4317      7.342   277.4929 4.4774e+02     5.2102      0.498      0.722    15.7871 0.0000e+00
      0.513      0.018     9.2926     93.513     37.342  30.463953     3.4497      7.342   278.7506 4.6939e+02     5.1536      0.503      0.728    15.7869 0.0000e+00
      0.519      0.019     9.2940     93.495     37.335  30.458178     3.4714      7.342   279.3257 4.7827e+02     5.1479      0.510      0.739    15.7868 0.0000e+00
      0.525      0.026     9.2906     93.523     37.357  30.475903     3.4859      7.342   279.2838 4.8624e+02     5.2102      0.516      0.748    15.7866 0.0000e+00
      0.528      0.038     9.2779     93.588     37.372  30.487965     3.4839      7.340   279.1049 4.9174e+02     5.2235      0.518      0.751    15.7869 0.0000e+00
      0.530      0.049     9.2678     93.679     37.359  30.477141     3.4715      7.337   278.9704 4.8972e+02     5.1717      0.519      0.752    15.7868 0.0000e+00
      0.541      0.059     9.2681     93.737     37.353  30.471903     3.4620      7.337   279.2060 4.6607e+02     5.1310      0.522      0.757    15.7864 0.0000e+00
      0.567      0.065     9.2712     93.746     37.373  30.488059     3.4265      7.338   279.8020 4.2367e+02     5.1413      0.553      0.802    15.7860 0.0000e+00
      0.599      0.069     9.2765     93.740     37.366  30.482189     3.3585      7.338   280.2402 4.0938e+02     5.1932      0.594      0.862    15.7858 0.0000e+00
      0.619      0.071     9.2897     93.734     37.344  30.464359     3.3058      7.337   280.4599 4.2215e+02     5.1786      0.610      0.885    15.7859 0.0000e+00
      0.629      0.067     9.2956     93.719     37.342  30.462781     3.2810      7.337   280.6515 4.2581e+02     5.1011      0.617      0.895    15.7856 0.0000e+00
      0.639      0.060     9.2945     93.688     37.343  30.463111     3.2665      7.338   280.7500 4.0316e+02     5.1097      0.625      0.906    15.7852 0.0000e+00
      0.654      0.055     9.2936     93.652     37.349  30.468339     3.2547      7.338   280.4470 4.0201e+02     5.2142      0.640      0.927    15.7853 0.0000e+00
      0.672      0.055     9.2934     93.621     37.342  30.462563     3.2551      7.338   279.9991 4.4700e+02     5.2727      0.663      0.961    15.7852 0.0000e+00
      0.686      0.056     9.2927     93.598     37.335  30.456701     3.2549      7.338   280.1526 4.5449e+02     5.2354      0.673      0.977    15.7852 0.0000e+00
      0.698      0.057     9.2886     93.576     37.341  30.460900     3.2359      7.340   280.4957 4.3935e+02     5.2411      0.680      0.986    15.7851 0.0000e+00
      0.713      0.059     9.2851     93.563     37.328  30.449895     3.2166      7.341   280.6203 4.4248e+02     5.3081      0.700      1.016    15.7848 0.0000e+00
      0.728      0.062     9.2814     93.591     37.330  30.450510     3.2039      7.341   280.7989 4.2783e+02     5.2939      0.715      1.037    15.7847 0.0000e+00
      0.740      0.065     9.2801     93.661     37.353  30.468340     3.1997      7.342   280.5903 4.2654e+02     5.2403      0.722      1.048    15.7846 0.0000e+00
      0.758      0.066     9.2780     93.735     37.362  30.475164     3.1985      7.343   279.9048 4.2387e+02     5.2059      0.743      1.077    15.7838 0.0000e+00
      0.779      0.066     9.2746     93.767     37.356  30.469587     3.1731      7.344   279.5656 3.7209e+02     5.2535      0.767      1.111    15.7828 0.0000e+00
      0.798      0.065     9.2782     93.782     37.349  30.464345     3.1421      7.346   279.5863 3.1841e+02     5.4065      0.783      1.137    15.7818 0.0000e+00
      0.815      0.065     9.2861     93.807     37.362  30.475218     3.1320      7.346   279.8107 3.0351e+02     5.4497      0.799      1.159    15.7808 0.0000e+00
      0.830      0.064     9.2973     93.792     37.361  30.474179     3.1262      7.344   280.2137 3.0712e+02     5.3667      0.815      1.182    15.7797 0.0000e+00
      0.843      0.062     9.2982     93.732     37.333  30.451784     3.1388      7.344   280.4160 3.0151e+02     5.2912      0.828      1.200    15.7790 0.0000e+00
      0.856      0.061     9.2973     93.671     37.341  30.458169     3.1762      7.345   280.2772 2.8315e+02     5.2532      0.836      1.214    15.7791 0.0000e+00
      0.875      0.062     9.3040     93.625     37.377  30.487956     3.2037      7.346   279.8253 2.6511e+02     5.2495      0.858      1.244    15.7794 0.0000e+00
      0.893      0.062     9.3021     93.572     37.386  30.494763     3.2123      7.347   279.5126 2.5407e+02     5.2122      0.879      1.275    15.7800 0.0000e+00
      0.908      0.060     9.2936     93.521     37.364  30.477028     3.2806      7.348   279.5941 2.4378e+02     5.2113      0.889      1.291    15.7807 0.0000e+00
      0.923      0.055     9.2864     93.486     37.348  30.463830     3.4305      7.349   279.6918 2.3013e+02     5.3423      0.903      1.311    15.7809 0.0000e+00
      0.940      0.051     9.2845     93.475     37.346  30.462064     3.5265      7.351   279.7480 2.1869e+02     5.4635      0.923      1.339    15.7800 0.0000e+00
      0.953      0.048     9.2781     93.497     37.339  30.455673     3.5421      7.351   280.1019 2.1193e+02     5.5146      0.937      1.358    15.7797 0.0000e+00
      0.960      0.048     9.2722     93.536     37.332  30.449992     3.5531      7.351   280.5291 2.0747e+02     5.4489      0.940      1.364    15.7801 0.0000e+00
      0.968      0.048     9.2695     93.593     37.340  30.456807     3.5681      7.352   280.6114 2.0272e+02     5.2494      0.948      1.375    15.7799 0.0000e+00
      0.981      0.047     9.2665     93.670     37.361  30.474635     3.5813      7.353   280.4943 1.9678e+02     5.1517      0.962      1.395    15.7792 0.0000e+00
      0.997      0.046     9.2711     93.733     37.361  30.475249     3.5960      7.354   280.3185 1.9020e+02     5.1905      0.977      1.417    15.7790 0.0000e+00
      1.013      0.043     9.2741     93.764     37.348  30.464236     3.5961      7.355   280.2926 1.8200e+02     5.2055      0.994      1.443    15.7790 0.0000e+00
      1.026      0.038     9.2788     93.797     37.353  30.468340     3.5662      7.356   280.6968 1.7593e+02     5.1621      1.009      1.464    15.7794 0.0000e+00
      1.033      0.034     9.2889     93.842     37.345  30.461439     3.5346      7.357   281.2477 1.7446e+02     5.1102      1.014      1.471    15.7801 0.0000e+00
      1.036      0.032     9.2955     93.855     37.325  30.444225     3.5304      7.358   281.4465 1.7360e+02     5.1246      1.015      1.473    15.7812 0.0000e+00
      1.039      0.033     9.2967     93.826     37.334  30.450512     3.5399      7.358   281.3796 1.6941e+02     5.1992      1.017      1.475    15.7818 0.0000e+00
      1.046      0.035     9.2986     93.790     37.363  30.474013     3.5243      7.359   281.2997 1.6328e+02     5.2267      1.023      1.484    15.7809 0.0000e+00
      1.058      0.039     9.3070     93.775     37.363  30.474637     3.4835      7.361   281.2544 1.5820e+02     5.2184      1.036      1.503    15.7795 0.0000e+00
      1.073      0.044     9.3084     93.797     37.342  30.458065     3.4625      7.362   281.3482 1.5419e+02     5.2019      1.054      1.529    15.7784 0.0000e+00
      1.086      0.049     9.3039     93.832     37.349  30.463935     3.4698      7.361   281.5740 1.5056e+02     5.1630      1.068      1.549    15.7773 0.0000e+00
      1.096      0.052     9.3000     93.872     37.371  30.482190     3.4977      7.359   281.7480 1.4697e+02     5.1585      1.074      1.557    15.7770 0.0000e+00
      1.106      0.052     9.2964     93.889     37.379  30.488482     3.5244      7.357   281.8171 1.4304e+02     5.1473      1.081      1.567    15.7777 0.0000e+00
      1.122      0.051     9.3011     93.859     37.364  30.476569     3.5261      7.357   281.8070 1.3936e+02     5.1637      1.100      1.596    15.7786 0.0000e+00
      1.140      0.049     9.3037     93.798     37.350  30.465021     3.5271      7.358   281.7122 1.3647e+02     5.2544      1.121      1.625    15.7791 0.0000e+00
      1.155      0.049     9.3084     93.722     37.363  30.475719     3.5280      7.359   281.7036 1.3420e+02     5.2543      1.134      1.646    15.7794 0.0000e+00
      1.164      0.048     9.3125     93.658     37.367  30.479047     3.5284      7.360   281.7888 1.3236e+02     5.1282      1.144      1.659    15.7797 0.0000e+00
      1.171      0.047     9.3068     93.628     37.321  30.441825     3.5326      7.361   281.7956 1.3021e+02     5.0612      1.148      1.665    15.7797 0.0000e+00
      1.181      0.047     9.3021     93.625     37.277  30.406279     3.5209      7.361   281.6997 1.2811e+02     5.1269      1.156      1.677    15.7796 0.0000e+00
      1.195      0.047     9.2923     93.628     37.306  30.429874     3.5284      7.362   281.6621 1.2611e+02     5.1373      1.171      1.698    15.7798 0.0000e+00
      1.211      0.047     9.2858     93.654     37.359  30.473373     3.5642      7.362   281.7701 1.2421e+02     5.0165      1.187      1.722    15.7797 0.0000e+00
      1.227      0.045     9.2823     93.710     37.377  30.488181     3.5791      7.362   281.8873 1.2276e+02     4.9303      1.205      1.747    15.7796 0.0000e+00
      1.238      0.040     9.2839     93.749     37.370  30.482051     3.5752      7.362   282.0464 1.2147e+02     4.9148      1.216      1.763    15.7797 0.0000e+00
