Data/DataNotYetUploadedToEDI/Raw_CTD/RawDownloads/042224_fcr50_S7809003.cnv
* Sea-Bird SBE19plus  Data File:
* FileName = C:\R\Reservoirs\Data\DataNotYetUploadedToEDI\Raw_CTD\RawDownloads\041524_bvr50_S7809_0003.hex
* Software version 2.8.0.119
* Temperature SN = 7809
* Conductivity SN = 7809
* System UpLoad Time = May 16 2024 15:22:49
* <ApplicationData>
* <Seaterm232>
# nquan = 15
# nvalues = 1882                        
# units = specified
# name 0 = depFM: Depth [fresh water, m]
# name 1 = dz/dtM: Descent Rate [m/s]
# name 2 = sbeox0Mg/L: Oxygen, SBE 43 [mg/l]
# name 3 = sbeox0PS: Oxygen, SBE 43 [% saturation]
# name 4 = specc: Specific Conductance [uS/cm]
# name 5 = c0uS/cm: Conductivity [uS/cm]
# name 6 = flECO-AFL: Fluorescence, WET Labs ECO-AFL/FL [mg/m^3]
# name 7 = ph: pH
# name 8 = orp: Oxidation Reduction Potential [mV]
# name 9 = par/sat/log: PAR/Logarithmic, Satlantic
# name 10 = turbWETntu0: Turbidity, WET Labs ECO [NTU]
# name 11 = prdM: Pressure, Strain Gauge [db]
# name 12 = prdE: Pressure, Strain Gauge [psi]
# name 13 = tv290C: Temperature [ITS-90, deg C]
# name 14 = flag:  0.000e+00
# span 0 =     -0.615,      9.627       
# span 1 =     -3.857,      4.297       
# span 2 =     1.4428,    10.7971       
# span 3 =     13.446,    104.112       
# span 4 =      1.171,    569.296       
# span 5 =   0.913788, 397.850772       
# span 6 =    -0.3859,    20.2958       
# span 7 =      3.292,      7.857       
# span 8 =  -209.7934,   857.1689       
# span 9 = 1.2368e-01, 1.4785e+03       
# span 10 =    -2.5597,   191.4041      
# span 11 =     -0.603,      9.442      
# span 12 =     -0.875,     13.695      
# span 13 =     9.8433,    15.7885      
# span 14 = 0.0000e+00, 0.0000e+00      
# interval = seconds: 0.25
# start_time = Apr 22 2024 13:09:53 [Instrument's time stamp, header]
# bad_flag = -9.990e-29
*END*
[from data line 868]
      2.006      0.036     9.3405     93.213     37.310  30.098272     5.4644      7.394   283.3443 1.2560e+02     5.2020      1.966      2.851    15.2494 0.0000e+00
      2.018      0.038     9.3390     93.268     37.277  30.084544     5.6570      7.395   283.4400 1.2525e+02     5.2186      1.976      2.866    15.2463 0.0000e+00
      2.035      0.037     9.3368     93.300     37.246  30.059182     5.7445      7.395   283.2392 1.2452e+02     5.1261      1.998      2.899    15.2546 0.0000e+00
      2.050      0.032     9.3306     93.306     37.245  30.045354     5.7320      7.396   282.8955 1.2432e+02     5.0737      2.014      2.922    15.2975 0.0000e+00
      2.056      0.025     9.3308     93.265     37.267  30.044203     5.6972      7.397   282.7253 1.2432e+02     5.1322      2.017      2.925    15.3398 0.0000e+00
      2.058      0.017     9.3336     93.192     37.287  30.045245     5.6492      7.397   282.7308 1.2404e+02     5.2187      2.019      2.927    15.3546 0.0000e+00
      2.059      0.009     9.3359     93.132     37.315  30.057931     5.6171      7.399   282.7032 1.2392e+02     5.2317      2.019      2.929    15.3549 0.0000e+00
      2.059      0.004     9.3426     93.096     37.338  30.070712     5.5912      7.400   282.7360 1.2394e+02     5.1859      2.020      2.929    15.3350 0.0000e+00
      2.060      0.002     9.3439     93.054     37.341  30.072905     5.5698      7.400   283.1279 1.2366e+02     5.1438      2.020      2.930    15.3035 0.0000e+00
      2.060      0.001     9.3382     93.001     37.351  30.084449     5.5331      7.401   283.6551 1.2324e+02     5.1320      2.020      2.930    15.2834 0.0000e+00
      2.060      0.001     9.3344     92.978     37.341  30.083419     5.4720      7.402   283.6899 1.2304e+02     5.1804      2.020      2.930    15.2708 0.0000e+00
      2.060      0.002     9.3346     93.034     37.301  30.060465     5.4307      7.403   283.5494 1.2293e+02     5.2161      2.021      2.931    15.2624 0.0000e+00
      2.060      0.003     9.3302     93.118     37.293  30.060665     5.4158      7.403   283.5048 1.2263e+02     5.1874      2.021      2.931    15.2613 0.0000e+00
      2.061      0.007     9.3230     93.142     37.319  30.085837     5.4331      7.404   283.3229 1.2226e+02     5.1751      2.021      2.931    15.2675 0.0000e+00
      2.061      0.015     9.3146     93.109     37.346  30.111097     5.4732      7.404   283.5864 1.2203e+02     5.2046      2.021      2.931    15.2773 0.0000e+00
      2.063      0.026     9.3201     93.073     37.339  30.112344     5.4937      7.403   284.3681 1.2171e+02     5.2026      2.021      2.932    15.2920 0.0000e+00
      2.068      0.037     9.3318     93.092     37.311  30.100922     5.4896      7.401   284.7722 1.2116e+02     5.1507      2.028      2.942    15.3022 0.0000e+00
      2.078      0.047     9.3314     93.137     37.297  30.099873     5.4981      7.400   284.8602 1.2047e+02     5.1237      2.034      2.951    15.3057 0.0000e+00
      2.097      0.055     9.3268     93.147     37.293  30.099673     5.5471      7.399   284.7433 1.1969e+02     5.1491      2.052      2.977    15.3079 0.0000e+00
      2.120      0.060     9.3177     93.135     37.297  30.098510     5.5904      7.399   284.3910 1.1896e+02     5.1507      2.084      3.023    15.3155 0.0000e+00
      2.137      0.058     9.3170     93.135     37.292  30.085802     5.5970      7.399   284.3004 1.1852e+02     5.1092      2.098      3.042    15.3362 0.0000e+00
      2.149      0.052     9.3227     93.136     37.284  30.072886     5.6526      7.400   284.5080 1.1818e+02     5.0911      2.105      3.053    15.3517 0.0000e+00
      2.164      0.046     9.3209     93.131     37.284  30.069191     5.7796      7.401   284.9223 1.1753e+02     5.1362      2.125      3.083    15.3560 0.0000e+00
      2.174      0.044     9.3195     93.111     37.256  30.041131     5.8595      7.400   285.3521 1.1709e+02     5.2113      2.135      3.097    15.3473 0.0000e+00
      2.178      0.049     9.3240     93.069     37.205  29.987341     5.8858      7.399   285.4881 1.1715e+02     5.2137      2.134      3.096    15.3330 0.0000e+00
      2.183      0.060     9.3253     93.008     37.162  29.926269     6.0650      7.398   285.4489 1.1693e+02     5.1989      2.138      3.100    15.3252 0.0000e+00
      2.198      0.070     9.3257     92.893     37.146  29.873568     6.4029      7.398   285.3936 1.1616e+02     5.3062      2.153      3.122    15.3216 0.0000e+00
      2.221      0.077     9.3258     92.725     37.172  29.857553     6.6009      7.398   285.1634 1.1551e+02     5.4175      2.176      3.156    15.3169 0.0000e+00
      2.251      0.079     9.3223     92.586     37.203  29.859453     6.6276      7.399   284.8169 1.1503e+02     5.4508      2.206      3.199    15.3047 0.0000e+00
      2.283      0.075     9.3258     92.539     37.187  29.833078     6.6416      7.399   284.7312 1.1439e+02     5.4357      2.242      3.253    15.2691 0.0000e+00
      2.304      0.070     9.3278     92.562     37.075  29.728931     6.8368      7.399   284.9887 1.1402e+02     5.3715      2.265      3.286    15.2068 0.0000e+00
      2.313      0.068     9.3178     92.627     36.904  29.551692     7.2236      7.399   285.3489 1.1394e+02     5.3923      2.271      3.293    15.1487 0.0000e+00
      2.316      0.070     9.3063     92.673     36.828  29.402698     7.4566      7.399   285.5587 1.1369e+02     5.4821      2.271      3.292    15.1220 0.0000e+00
      2.325      0.076     9.3073     92.618     36.863  29.322834     7.5231      7.398   285.4596 1.1314e+02     5.5011      2.274      3.298    15.1064 0.0000e+00
      2.350      0.087     9.3114     92.505     36.843  29.220246     7.8783      7.397   285.1841 1.1228e+02     5.4501      2.300      3.336    15.0980 0.0000e+00
      2.384      0.098     9.3258     92.482     36.811  29.113662     8.5128      7.396   285.0667 1.1133e+02     5.3783      2.341      3.395    15.0661 0.0000e+00
      2.416      0.102     9.3632     92.561     36.922  29.112361     8.8615      7.396   285.1583 1.1061e+02     5.3857      2.371      3.439    14.9301 0.0000e+00
      2.444      0.097     9.3942     92.709     37.045  29.140979     8.9153      7.396   285.3457 1.0987e+02     5.4707      2.394      3.473    14.7462 0.0000e+00
      2.474      0.084     9.3925     93.047     37.015  29.079014     9.0218      7.398   285.4399 1.0896e+02     5.4837      2.430      3.524    14.6487 0.0000e+00
      2.495      0.070     9.4100     93.648     36.876  28.933979     9.1915      7.401   285.3508 1.0857e+02     5.4404      2.454      3.560    14.5584 0.0000e+00
      2.504      0.063     9.4551     94.400     36.761  28.782790     9.2857      7.402   285.3007 1.0859e+02     5.4244      2.456      3.564    14.4038 0.0000e+00
      2.508      0.063     9.4814     95.137     36.697  28.646377     9.3289      7.403   285.3499 1.0821e+02     5.3936      2.457      3.565    14.3083 0.0000e+00
      2.518      0.067     9.5188     95.741     36.703  28.553095     9.6384      7.404   285.3443 1.0739e+02     5.3416      2.467      3.577    14.2755 0.0000e+00
      2.535      0.072     9.5929     96.156     36.803  28.542815    10.1725      7.404   285.3190 1.0637e+02     5.3078      2.482      3.600    14.2448 0.0000e+00
      2.563      0.081     9.6961     96.491     36.851  28.521976    10.4520      7.406   285.3877 1.0502e+02     5.3260      2.509      3.639    14.1570 0.0000e+00
      2.596      0.091     9.8006     96.908     36.776  28.427922    10.5292      7.408   285.4870 1.0381e+02     5.3913      2.550      3.699    14.0325 0.0000e+00
      2.619      0.098     9.8987     97.443     36.656  28.293565    11.0810      7.409   285.6585 1.0336e+02     5.4487      2.573      3.732    13.8928 0.0000e+00
      2.633      0.103     9.9661     98.057     36.593  28.165995    12.0716      7.411   285.8270 1.0284e+02     5.4387      2.577      3.737    13.7526 0.0000e+00
      2.654      0.105    10.0064     98.679     36.648  28.090521    12.6025      7.414   285.8034 1.0148e+02     5.3731      2.596      3.765    13.6882 0.0000e+00
      2.688      0.103    10.0607     99.263     36.779  28.078567    12.6309      7.414   285.8031 9.9935e+01     5.3391      2.637      3.825    13.6448 0.0000e+00
      2.723      0.100    10.1237     99.821     36.882  28.084756    12.6313      7.416   285.9091 9.8734e+01     5.3346      2.674      3.878    13.6120 0.0000e+00
      2.753      0.096    10.2149    100.432     36.879  28.038421    12.7905      7.418   285.9669 9.7618e+01     5.3177      2.699      3.916    13.5106 0.0000e+00
      2.777      0.090    10.3248    101.043     36.854  27.962277    13.0821      7.420   286.0716 9.6777e+01     5.3060      2.729      3.957    13.3145 0.0000e+00
      2.792      0.082    10.4265    101.453     36.912  27.925163    13.2361      7.421   286.3153 9.6391e+01     5.2963      2.741      3.976    13.1464 0.0000e+00
      2.804      0.077    10.5017    101.620     36.985  27.906722    13.2626      7.422   286.5893 9.5632e+01     5.3364      2.742      3.977    13.0502 0.0000e+00
      2.824      0.074    10.5718    101.590     37.000  27.866081    13.3859      7.423   286.7175 9.4282e+01     5.4159      2.768      4.013    13.0248 0.0000e+00
      2.849      0.075    10.6682    101.364     36.977  27.814269    13.6030      7.424   286.7470 9.3207e+01     5.4031      2.797      4.058    12.9514 0.0000e+00
      2.869      0.081    10.7426    100.961     36.979  27.787641    13.7074      7.424   286.7731 9.2474e+01     5.3521      2.812      4.079    12.8140 0.0000e+00
      2.887      0.086    10.7814    100.362     37.034  27.797804    13.7070      7.425   286.7761 9.1638e+01     5.3805      2.833      4.107    12.7119 0.0000e+00
      2.904      0.085    10.7971     99.580     37.094  27.810264    13.7227      7.426   286.7827 9.0671e+01     5.4389      2.848      4.130    12.6465 0.0000e+00
      2.927      0.078    10.7802     98.748     37.131  27.811401    13.7396      7.427   286.7672 8.9267e+01     5.4777      2.863      4.152    12.6034 0.0000e+00
      2.958      0.069    10.7461     97.974     37.146  27.811517    13.7366      7.429   286.7609 8.7916e+01     5.4394      2.906      4.215    12.5752 0.0000e+00
      2.983      0.059    10.6952     97.233     37.135  27.811650    13.7198      7.430   286.7923 8.7308e+01     5.3512      2.933      4.255    12.5277 0.0000e+00
      2.991      0.047    10.6166     96.511     37.115  27.813028    13.6945      7.431   286.8031 8.7045e+01     5.3687      2.934      4.256    12.4788 0.0000e+00
      2.992      0.033    10.5302     95.860     37.118  27.828196    13.6556      7.432   286.8054 8.6762e+01     5.4453      2.935      4.255    12.4419 0.0000e+00
      2.996      0.021    10.4576     95.341     37.150  27.868204    13.6152      7.435   286.8189 8.6287e+01     5.4235      2.936      4.258    12.4177 0.0000e+00
      3.002      0.016    10.3738     95.042     37.188  27.916218    13.5897      7.438   286.7948 8.5802e+01     5.3449      2.946      4.271    12.4426 0.0000e+00
      3.007      0.021    10.2859     94.980     37.143  27.901339    13.5963      7.439   286.7727 8.5488e+01     5.2800      2.950      4.278    12.4718 0.0000e+00
      3.009      0.031    10.2153     95.070     37.019  27.815179    13.6364      7.438   286.8097 8.5153e+01     5.2201      2.951      4.279    12.4767 0.0000e+00
      3.010      0.043    10.1476     95.207     36.969  27.762447    13.6751      7.437   286.8980 8.4693e+01     5.2008      2.952      4.281    12.5047 0.0000e+00
      3.018      0.053    10.1096     95.347     37.019  27.771153    13.6820      7.437   286.9801 8.3778e+01     5.1488      2.954      4.284    12.5302 0.0000e+00
      3.040      0.065    10.1001     95.476     37.095  27.793554    13.6785      7.438   287.1139 8.2310e+01     5.0696      2.977      4.317    12.5611 0.0000e+00
      3.070      0.077    10.1095     95.520     37.112  27.779553    13.8574      7.439   287.4830 8.1079e+01     5.1319      3.017      4.375    12.5818 0.0000e+00
      3.090      0.084    10.1337     95.390     37.070  27.728680    14.2133      7.439   287.9158 8.0437e+01     5.3213      3.033      4.399    12.5482 0.0000e+00
      3.106      0.085    10.1549     95.048     37.055  27.685854    14.4110      7.439   288.0439 7.9535e+01     5.4814      3.037      4.407    12.5126 0.0000e+00
      3.131      0.084    10.1863     94.522     37.056  27.642274    14.4425      7.440   288.0859 7.8190e+01     5.4955      3.069      4.452    12.4541 0.0000e+00
      3.158      0.081    10.2044     93.904     37.043  27.582256    14.7103      7.441   288.3381 7.7311e+01     5.4238      3.104      4.501    12.4140 0.0000e+00
      3.174      0.077    10.1910     93.210     37.058  27.530964    15.2269      7.442   288.4260 7.6749e+01     5.3995      3.110      4.511    12.4125 0.0000e+00
      3.190      0.069    10.1678     92.398     37.141  27.529444    15.5116      7.443   288.2881 7.5639e+01     5.4068      3.122      4.528    12.3600 0.0000e+00
      3.214      0.059    10.1197     91.487     37.245  27.563798    15.5396      7.444   288.3907 7.4568e+01     5.4100      3.157      4.578    12.2937 0.0000e+00
      3.232      0.051    10.0661     90.528     37.273  27.565732    15.5564      7.445   288.7203 7.4311e+01     5.4043      3.175      4.605    12.2388 0.0000e+00
      3.238      0.045    10.0174     89.604     37.258  27.552810    15.5735      7.446   288.9188 7.4253e+01     5.4056      3.174      4.604    12.1452 0.0000e+00
      3.243      0.038     9.9497     88.752     37.303  27.597837    15.5889      7.448   288.9832 7.3868e+01     5.4597      3.178      4.610    12.0437 0.0000e+00
      3.252      0.033     9.8644     88.012     37.367  27.666181    15.6092      7.450   288.9830 7.3372e+01     5.4786      3.187      4.623    11.9880 0.0000e+00
      3.262      0.033     9.7597     87.469     37.350  27.681488    15.6942      7.452   288.9160 7.3012e+01     5.4287      3.201      4.641    11.9676 0.0000e+00
      3.270      0.037     9.6603     87.148     37.275  27.656089    15.8503      7.454   288.8613 7.2742e+01     5.4372      3.208      4.654    11.9667 0.0000e+00
      3.277      0.041     9.5645     87.016     37.188  27.612823    15.9488      7.456   288.8387 7.2333e+01     5.5123      3.210      4.657    11.9833 0.0000e+00
      3.287      0.045     9.4727     87.046     37.116  27.538948    15.9859      7.457   288.9007 7.1777e+01     5.5519      3.221      4.672    12.0120 0.0000e+00
      3.301      0.050     9.4049     87.183     37.120  27.460533    16.1908      7.458   289.0945 7.1243e+01     5.5056      3.238      4.697    12.0552 0.0000e+00
      3.314      0.055     9.3643     87.326     37.202  27.425731    16.5614      7.458   289.3751 7.0709e+01     5.4309      3.251      4.715    12.0936 0.0000e+00
      3.327      0.057     9.3406     87.404     37.297  27.435174    16.7800      7.459   289.6266 7.0113e+01     5.4348      3.262      4.731    12.1415 0.0000e+00
      3.343      0.057     9.3457     87.304     37.354  27.447794    16.8280      7.461   289.8120 6.9381e+01     5.4844      3.277      4.753    12.1369 0.0000e+00
      3.362      0.057     9.3979     86.863     37.388  27.451439    16.8501      7.463   289.7233 6.8612e+01     5.4494      3.298      4.784    11.9910 0.0000e+00
      3.380      0.061     9.4478     86.068     37.353  27.415793    17.0132      7.464   289.4153 6.8175e+01     5.3531      3.318      4.813    11.8325 0.0000e+00
      3.390      0.068     9.4761     85.027     37.275  27.333919    17.3440      7.463   289.4433 6.8021e+01     5.3115      3.327      4.825    11.7576 0.0000e+00
