Data/DataNotYetUploadedToEDI/Raw_CTD/RawDownloads/042224_fcr50_S7809003.cnv
* Sea-Bird SBE19plus  Data File:
* FileName = C:\R\Reservoirs\Data\DataNotYetUploadedToEDI\Raw_CTD\RawDownloads\041524_bvr50_S7809_0003.hex
* Software version 2.8.0.119
* Temperature SN = 7809
* Conductivity SN = 7809
* System UpLoad Time = May 16 2024 15:22:49
* <ApplicationData>
* <Seaterm232>
# nquan = 15
# nvalues = 1882                        
# units = specified
# name 0 = depFM: Depth [fresh water, m]
# name 1 = dz/dtM: Descent Rate [m/s]
# name 2 = sbeox0Mg/L: Oxygen, SBE 43 [mg/l]
# name 3 = sbeox0PS: Oxygen, SBE 43 [% saturation]
# name 4 = specc: Specific Conductance [uS/cm]
# name 5 = c0uS/cm: Conductivity [uS/cm]
# name 6 = flECO-AFL: Fluorescence, WET Labs ECO-AFL/FL [mg/m^3]
# name 7 = ph: pH
# name 8 = orp: Oxidation Reduction Potential [mV]
# name 9 = par/sat/log: PAR/Logarithmic, Satlantic
# name 10 = turbWETntu0: Turbidity, WET Labs ECO [NTU]
# name 11 = prdM: Pressure, Strain Gauge [db]
# name 12 = prdE: Pressure, Strain Gauge [psi]
# name 13 = tv290C: Temperature [ITS-90, deg C]
# name 14 = flag:  0.000e+00
# span 0 =     -0.615,      9.627       
# span 1 =     -3.857,      4.297       
# span 2 =     1.4428,    10.7971       
# span 3 =     13.446,    104.112       
# span 4 =      1.171,    569.296       
# span 5 =   0.913788, 397.850772       
# span 6 =    -0.3859,    20.2958       
# span 7 =      3.292,      7.857       
# span 8 =  -209.7934,   857.1689       
# span 9 = 1.2368e-01, 1.4785e+03       
# span 10 =    -2.5597,   191.4041      
# span 11 =     -0.603,      9.442      
# span 12 =     -0.875,     13.695      
# span 13 =     9.8433,    15.7885      
# span 14 = 0.0000e+00, 0.0000e+00      
# interval = seconds: 0.25
# start_time = Apr 22 2024 13:09:53 [Instrument's time stamp, header]
# bad_flag = -9.990e-29
*END*
[from data line 1157]
      5.977      0.054     8.0004     71.128     39.306  27.545372     2.7856      7.402   315.0058 5.3592e+00     7.3282      5.864      8.505    10.0455 0.0000e+00
      5.987      0.042     7.9907     71.329     39.286  27.532764     2.7178      7.402   315.4319 5.3182e+00     7.2597      5.873      8.517    10.0391 0.0000e+00
      5.993      0.036     7.9895     71.549     39.268  27.521074     2.5675      7.402   315.4124 5.2425e+00     7.0887      5.875      8.520    10.0390 0.0000e+00
      6.003      0.035     7.9997     71.762     39.280  27.530891     2.4834      7.401   314.9420 5.1370e+00     7.0024      5.886      8.537    10.0367 0.0000e+00
      6.014      0.038     8.0197     71.923     39.270  27.524614     2.4827      7.401   314.7346 5.1074e+00     7.0362      5.902      8.560    10.0373 0.0000e+00
      6.019      0.043     8.0428     72.001     39.248  27.508602     2.5511      7.401   314.7971 5.0988e+00     7.0874      5.903      8.561    10.0389 0.0000e+00
      6.026      0.048     8.0679     71.999     39.276  27.527569     2.6522      7.400   315.0100 4.9748e+00     7.0759      5.904      8.563    10.0391 0.0000e+00
      6.042      0.051     8.0938     71.953     39.327  27.563655     2.6983      7.400   315.3295 4.7908e+00     7.0669      5.926      8.594    10.0423 0.0000e+00
      6.062      0.052     8.1129     71.900     39.327  27.564370     2.7090      7.399   315.5631 4.6580e+00     7.1154      5.948      8.627    10.0436 0.0000e+00
      6.077      0.049     8.1219     71.862     39.287  27.536206     2.7149      7.399   315.6833 4.5528e+00     7.1164      5.959      8.644    10.0427 0.0000e+00
      6.092      0.043     8.1199     71.840     39.293  27.540256     2.7201      7.400   315.6646 4.4593e+00     7.0440      5.974      8.664    10.0416 0.0000e+00
      6.102      0.035     8.1133     71.822     39.306  27.549919     2.7387      7.400   315.5947 4.4219e+00     7.0259      5.988      8.684    10.0412 0.0000e+00
      6.107      0.028     8.1063     71.830     39.267  27.526184     2.7563      7.400   315.6122 4.4015e+00     7.0684      5.989      8.687    10.0439 0.0000e+00
      6.110      0.024     8.1009     71.863     39.229  27.506987     2.7747      7.400   315.7049 4.3668e+00     7.0789      5.991      8.689    10.0439 0.0000e+00
      6.113      0.023     8.1017     71.909     39.218  27.508090     2.7865      7.400   315.8549 4.3459e+00     7.0509      5.995      8.695    10.0413 0.0000e+00
      6.117      0.024     8.0964     71.959     39.252  27.539536     2.7738      7.400   316.1344 4.3220e+00     7.0369      5.997      8.698    10.0416 0.0000e+00
      6.125      0.027     8.0974     71.989     39.291  27.570081     2.7623      7.399   316.5035 4.2662e+00     7.0472      6.006      8.709    10.0457 0.0000e+00
      6.135      0.037     8.1005     71.991     39.277  27.560276     2.7643      7.397   316.7910 4.1946e+00     7.0727      6.017      8.727    10.0555 0.0000e+00
      6.144      0.051     8.1016     71.965     39.258  27.547840     2.7323      7.394   317.0287 4.1466e+00     7.1061      6.027      8.741    10.0694 0.0000e+00
      6.150      0.063     8.1084     71.935     39.257  27.546568     2.6494      7.391   317.3131 4.1114e+00     7.0752      6.031      8.747    10.0802 0.0000e+00
      6.162      0.070     8.1091     71.896     39.260  27.544894     2.5862      7.390   317.5626 3.9841e+00     7.0067      6.034      8.751    10.0842 0.0000e+00
      6.192      0.076     8.1124     71.818     39.240  27.527589     2.5755      7.389   317.6352 3.7565e+00     7.0294      6.067      8.799    10.0804 0.0000e+00
      6.228      0.082     8.1060     71.724     39.246  27.527612     2.5370      7.387   317.5897 3.6161e+00     7.1108      6.120      8.875    10.0828 0.0000e+00
      6.248      0.084     8.1023     71.655     39.284  27.545172     2.4449      7.387   317.7000 3.5976e+00     7.1368      6.133      8.894    10.0861 0.0000e+00
      6.257      0.078     8.1030     71.601     39.303  27.549618     2.3857      7.387   317.8508 3.5240e+00     7.1044      6.127      8.886    10.0754 0.0000e+00
      6.277      0.066     8.0925     71.555     39.352  27.581356     2.3711      7.386   317.7773 3.3837e+00     7.0601      6.153      8.924    10.0725 0.0000e+00
      6.302      0.054     8.0798     71.565     39.392  27.611772     2.3762      7.386   317.7584 3.3008e+00     7.0457      6.187      8.973    10.0731 0.0000e+00
      6.317      0.045     8.0753     71.624     39.367  27.600256     2.3816      7.387   317.8809 3.2718e+00     7.0329      6.198      8.989    10.0565 0.0000e+00
      6.324      0.038     8.0757     71.709     39.309  27.568971     2.3610      7.388   317.8816 3.2337e+00     7.0070      6.201      8.994    10.0404 0.0000e+00
      6.329      0.030     8.0643     71.825     39.272  27.550646     2.3430      7.388   317.7665 3.2149e+00     7.0064      6.209      9.004    10.0401 0.0000e+00
      6.331      0.025     8.0675     71.921     39.298  27.568984     2.3475      7.388   317.6935 3.2234e+00     6.9911      6.208      9.004    10.0426 0.0000e+00
      6.334      0.023     8.0747     71.960     39.348  27.600412     2.3579      7.389   317.6884 3.2030e+00     6.9935      6.209      9.005    10.0501 0.0000e+00
      6.341      0.026     8.0778     71.945     39.371  27.613503     2.3602      7.389   317.7045 3.1518e+00     7.0350      6.217      9.018    10.0658 0.0000e+00
      6.351      0.033     8.0932     71.879     39.353  27.600412     2.3580      7.388   317.8017 3.1080e+00     7.0498      6.230      9.036    10.0783 0.0000e+00
      6.359      0.043     8.1054     71.787     39.310  27.568975     2.3650      7.386   318.0032 3.0854e+00     7.0692      6.239      9.049    10.0777 0.0000e+00
      6.365      0.050     8.1104     71.701     39.290  27.550534     2.4111      7.386   318.3333 3.0389e+00     7.0983      6.238      9.049    10.0676 0.0000e+00
      6.378      0.055     8.1103     71.616     39.319  27.567714     2.4748      7.386   318.6108 2.9308e+00     7.1290      6.248      9.062    10.0650 0.0000e+00
      6.402      0.059     8.1013     71.547     39.346  27.586418     2.4935      7.386   318.6906 2.8243e+00     7.1330      6.280      9.108    10.0669 0.0000e+00
      6.423      0.062     8.0887     71.545     39.345  27.586404     2.4795      7.385   318.7818 2.7824e+00     7.0784      6.304      9.144    10.0648 0.0000e+00
      6.436      0.062     8.0823     71.606     39.318  27.567542     2.4635      7.384   318.7677 2.7324e+00     7.0830      6.308      9.150    10.0571 0.0000e+00
      6.449      0.060     8.0731     71.686     39.289  27.548647     2.4411      7.384   318.6060 2.6446e+00     7.1210      6.322      9.170    10.0525 0.0000e+00
      6.464      0.055     8.0612     71.775     39.286  27.548219     2.4176      7.384   318.6330 2.5985e+00     7.0589      6.343      9.199    10.0541 0.0000e+00
      6.475      0.052     8.0616     71.865     39.305  27.562373     2.4118      7.383   319.1800 2.5655e+00     7.0158      6.349      9.208    10.0544 0.0000e+00
      6.488      0.053     8.0717     71.940     39.348  27.592918     2.4124      7.383   320.0571 2.4947e+00     7.1466      6.359      9.223    10.0551 0.0000e+00
      6.506      0.058     8.0797     71.999     39.359  27.600413     2.4004      7.382   320.5486 2.4517e+00     7.3422      6.384      9.259    10.0566 0.0000e+00
      6.516      0.068     8.0892     72.020     39.349  27.589562     2.3833      7.381   320.4770 2.4510e+00     7.3647      6.394      9.273    10.0588 0.0000e+00
      6.524      0.079     8.1012     71.988     39.357  27.588577     2.3638      7.379   320.2240 2.3963e+00     7.2483      6.390      9.268    10.0600 0.0000e+00
      6.546      0.088     8.1081     71.935     39.367  27.588488     2.3305      7.378   320.1569 2.2809e+00     7.1995      6.416      9.306    10.0599 0.0000e+00
      6.579      0.091     8.1161     71.888     39.377  27.588480     2.2890      7.378   320.1814 2.1796e+00     7.1848      6.455      9.362    10.0614 0.0000e+00
      6.612      0.091     8.1210     71.851     39.384  27.588480     2.2703      7.377   320.5207 2.0891e+00     7.1379      6.482      9.402    10.0556 0.0000e+00
      6.642      0.089     8.1165     71.827     39.387  27.588480     2.2621      7.375   321.2478 2.0246e+00     7.0774      6.519      9.455    10.0473 0.0000e+00
      6.661      0.081     8.1110     71.832     39.391  27.588481     2.2479      7.374   321.6583 2.0086e+00     7.0336      6.539      9.484    10.0396 0.0000e+00
      6.670      0.070     8.1082     71.858     39.395  27.588481     2.2403      7.374   321.8708 1.9781e+00     7.0859      6.535      9.478    10.0259 0.0000e+00
      6.685      0.060     8.1056     71.908     39.395  27.588481     2.2288      7.374   321.9241 1.9093e+00     7.1631      6.553      9.503    10.0210 0.0000e+00
      6.707      0.056     8.1012     71.985     39.393  27.588481     2.2080      7.374   321.6141 1.8496e+00     7.1136      6.583      9.547    10.0213 0.0000e+00
      6.720      0.055     8.1037     72.055     39.392  27.588481     2.1893      7.374   321.3925 1.8330e+00     7.0342      6.593      9.562    10.0159 0.0000e+00
      6.727      0.055     8.1079     72.112     39.393  27.588482     2.2109      7.375   321.4822 1.8157e+00     7.0563      6.593      9.563    10.0116 0.0000e+00
      6.740      0.053     8.1112     72.172     39.394  27.588491     2.2777      7.375   321.7525 1.7630e+00     7.1082      6.607      9.582    10.0126 0.0000e+00
      6.758      0.052     8.1229     72.227     39.393  27.588596     2.3223      7.375   321.9066 1.7267e+00     7.1157      6.631      9.616    10.0151 0.0000e+00
      6.772      0.053     8.1304     72.300     39.392  27.589750     2.3172      7.375   321.9690 1.7113e+00     7.0776      6.643      9.634    10.0160 0.0000e+00
      6.783      0.053     8.1348     72.380     39.407  27.602435     2.2908      7.376   322.1632 1.6799e+00     7.1258      6.650      9.645    10.0149 0.0000e+00
      6.796      0.050     8.1450     72.435     39.423  27.615121     2.2700      7.376   322.2752 1.6370e+00     7.2888      6.664      9.665    10.0131 0.0000e+00
      6.811      0.045     8.1477     72.474     39.423  27.616283     2.2571      7.377   321.7745 1.6009e+00     7.3756      6.680      9.689    10.0142 0.0000e+00
      6.825      0.040     8.1559     72.490     39.422  27.616482     2.2518      7.378   320.9271 1.5762e+00     7.3203      6.696      9.711    10.0174 0.0000e+00
      6.835      0.035     8.1679     72.475     39.420  27.617530     2.2641      7.378   320.6341 1.5592e+00     7.2012      6.704      9.723    10.0204 0.0000e+00
      6.840      0.031     8.1706     72.437     39.434  27.628969     2.2890      7.378   320.7274 1.5605e+00     7.1313      6.708      9.729    10.0228 0.0000e+00
      6.845      0.030     8.1769     72.375     39.433  27.627929     2.3115      7.378   321.0226 1.5732e+00     7.1575      6.713      9.736    10.0233 0.0000e+00
      6.850      0.033     8.1784     72.307     39.400  27.604960     2.3113      7.378   321.5353 1.5638e+00     7.1764      6.717      9.742    10.0237 0.0000e+00
      6.858      0.039     8.1752     72.255     39.399  27.604950     2.2944      7.377   321.3333 1.5267e+00     7.1206      6.724      9.752    10.0269 0.0000e+00
      6.868      0.045     8.1712     72.203     39.434  27.627814     2.2910      7.377   320.4741 1.4942e+00     7.0637      6.736      9.769    10.0302 0.0000e+00
      6.880      0.049     8.1637     72.163     39.439  27.627701     2.3029      7.376   320.0951 1.4713e+00     7.0689      6.746      9.783    10.0294 0.0000e+00
      6.896      0.052     8.1540     72.163     39.407  27.603579     2.3132      7.375   320.1062 1.4285e+00     7.1150      6.759      9.804    10.0279 0.0000e+00
      6.916      0.055     8.1500     72.178     39.389  27.589854     2.3082      7.375   320.2643 1.3910e+00     7.1091      6.786      9.842    10.0302 0.0000e+00
      6.929      0.057     8.1438     72.187     39.390  27.588607     2.2924      7.375   320.7155 1.3825e+00     7.1007      6.799      9.861    10.0293 0.0000e+00
      6.936      0.059     8.1374     72.181     39.393  27.588493     2.2802      7.374   321.0017 1.3619e+00     7.2186      6.797      9.858    10.0225 0.0000e+00
      6.950      0.061     8.1411     72.169     39.395  27.588483     2.2685      7.372   321.0581 1.3199e+00     7.3388      6.814      9.883    10.0201 0.0000e+00
      6.969      0.063     8.1424     72.177     39.398  27.588482     2.2595      7.370   321.1387 1.2988e+00     7.3583      6.838      9.918    10.0215 0.0000e+00
      6.986      0.067     8.1452     72.190     39.401  27.588483     2.2129      7.369   321.1167 1.2823e+00     7.3179      6.847      9.932    10.0169 0.0000e+00
      7.006      0.076     8.1450     72.198     39.403  27.588483     2.1214      7.368   321.0496 1.2323e+00     7.2601      6.867      9.961    10.0128 0.0000e+00
      7.027      0.086     8.1412     72.222     39.405  27.588483     2.0779      7.366   321.1011 1.1937e+00     7.2742      6.897     10.003    10.0138 0.0000e+00
      7.041      0.095     8.1444     72.256     39.410  27.588484     2.0774      7.365   321.1379 1.1625e+00     7.3177      6.903     10.012    10.0100 0.0000e+00
      7.061      0.102     8.1476     72.294     39.414  27.588484     2.0649      7.365   321.1494 1.0959e+00     7.3077      6.915     10.030    10.0061 0.0000e+00
      7.096      0.106     8.1460     72.346     39.417  27.588484     2.0519      7.364   321.6712 1.0275e+00     7.2904      6.960     10.095    10.0070 0.0000e+00
      7.135      0.106     8.1503     72.394     39.418  27.588484     2.0611      7.364   322.4559 9.7500e-01     7.3130      7.001     10.154    10.0044 0.0000e+00
      7.165      0.105     8.1560     72.429     39.419  27.588485     2.0933      7.363   322.5499 9.3664e-01     7.3763      7.027     10.193     9.9996 0.0000e+00
      7.189      0.099     8.1589     72.470     39.420  27.588495     2.1252      7.363   322.2921 9.1653e-01     7.3720      7.053     10.230     9.9955 0.0000e+00
      7.207      0.088     8.1672     72.495     39.420  27.588599     2.1474      7.363   322.0921 8.9502e-01     7.2955      7.068     10.251     9.9931 0.0000e+00
      7.226      0.074     8.1738     72.500     39.422  27.589743     2.1701      7.362   321.8526 8.5892e-01     7.3053      7.082     10.271     9.9921 0.0000e+00
      7.250      0.064     8.1749     72.505     39.440  27.602323     2.1991      7.362   322.2353 8.2781e-01     7.3535      7.111     10.313     9.9917 0.0000e+00
      7.270      0.056     8.1821     72.487     39.456  27.613855     2.2243      7.363   323.1923 8.2086e-01     7.2981      7.135     10.348     9.9911 0.0000e+00
      7.280      0.050     8.1858     72.463     39.439  27.602323     2.2329      7.364   323.6149 8.2397e-01     7.2505      7.141     10.357     9.9910 0.0000e+00
      7.285      0.043     8.1829     72.459     39.421  27.589743     2.2274      7.365   323.5587 8.1744e-01     7.3235      7.141     10.357     9.9911 0.0000e+00
      7.293      0.037     8.1872     72.448     39.419  27.588600     2.2339      7.366   323.3731 7.9799e-01     7.3958      7.149     10.370     9.9910 0.0000e+00
      7.305      0.036     8.1835     72.425     39.418  27.588496     2.2532      7.366   323.0054 7.8203e-01     7.3724      7.166     10.394     9.9911 0.0000e+00
      7.315      0.038     8.1779     72.407     39.417  27.588486     2.2528      7.366   322.8986 7.8408e-01     7.2464      7.175     10.407     9.9910 0.0000e+00
      7.322      0.042     8.1814     72.392     39.415  27.588485     2.2368      7.367   323.1143 7.8125e-01     7.0673      7.176     10.409     9.9911 0.0000e+00
