Data/DataNotYetUploadedToEDI/Raw_CTD/RawDownloads/042224_fcr50_S7809003.cnv
* Sea-Bird SBE19plus  Data File:
* FileName = C:\R\Reservoirs\Data\DataNotYetUploadedToEDI\Raw_CTD\RawDownloads\041524_bvr50_S7809_0003.hex
* Software version 2.8.0.119
* Temperature SN = 7809
* Conductivity SN = 7809
* System UpLoad Time = May 16 2024 15:22:49
* <ApplicationData>
* <Seaterm232>
# nquan = 15
# nvalues = 1882                        
# units = specified
# name 0 = depFM: Depth [fresh water, m]
# name 1 = dz/dtM: Descent Rate [m/s]
# name 2 = sbeox0Mg/L: Oxygen, SBE 43 [mg/l]
# name 3 = sbeox0PS: Oxygen, SBE 43 [% saturation]
# name 4 = specc: Specific Conductance [uS/cm]
# name 5 = c0uS/cm: Conductivity [uS/cm]
# name 6 = flECO-AFL: Fluorescence, WET Labs ECO-AFL/FL [mg/m^3]
# name 7 = ph: pH
# name 8 = orp: Oxidation Reduction Potential [mV]
# name 9 = par/sat/log: PAR/Logarithmic, Satlantic
# name 10 = turbWETntu0: Turbidity, WET Labs ECO [NTU]
# name 11 = prdM: Pressure, Strain Gauge [db]
# name 12 = prdE: Pressure, Strain Gauge [psi]
# name 13 = tv290C: Temperature [ITS-90, deg C]
# name 14 = flag:  0.000e+00
# span 0 =     -0.615,      9.627       
# span 1 =     -3.857,      4.297       
# span 2 =     1.4428,    10.7971       
# span 3 =     13.446,    104.112       
# span 4 =      1.171,    569.296       
# span 5 =   0.913788, 397.850772       
# span 6 =    -0.3859,    20.2958       
# span 7 =      3.292,      7.857       
# span 8 =  -209.7934,   857.1689       
# span 9 = 1.2368e-01, 1.4785e+03       
# span 10 =    -2.5597,   191.4041      
# span 11 =     -0.603,      9.442      
# span 12 =     -0.875,     13.695      
# span 13 =     9.8433,    15.7885      
# span 14 = 0.0000e+00, 0.0000e+00      
# interval = seconds: 0.25
# start_time = Apr 22 2024 13:09:53 [Instrument's time stamp, header]
# bad_flag = -9.990e-29
*END*
     -0.615 7.2973e-20     9.7330     94.441      1.223   0.954240    -0.0825      6.160   -38.9371 1.3357e+02     1.5450     -0.603     -0.874    13.9977 0.0000e+00
     -0.615 8.0271e-19     9.7278     94.436      1.222   0.953779    -0.1055      6.155   -29.7428 1.3131e+02     1.4744     -0.603     -0.875    13.9992 0.0000e+00
     -0.614 8.8298e-18     9.7313     94.447      1.215   0.947404    -0.1095      6.138   -40.1968 1.2973e+02     1.3814     -0.602     -0.874    14.0006 0.0000e+00
     -0.614 9.7128e-17     9.7345     94.458      1.206   0.940494    -0.0894      6.113  -108.4639 1.3195e+02     1.3087     -0.602     -0.873    14.0011 0.0000e+00
     -0.614 1.0684e-15     9.7321     94.458      1.197   0.933575    -0.0624      6.104  -180.3479 1.3420e+02     1.2446     -0.602     -0.873    14.0013 0.0000e+00
     -0.614 1.1752e-14     9.7313     94.462      1.189   0.927094    -0.0659      6.111  -205.2804 1.3299e+02     1.1868     -0.602     -0.874    14.0009 0.0000e+00
     -0.614 1.2928e-13     9.7331     94.460      1.186   0.925466    -0.0899      6.117  -209.7934 1.2936e+02     1.2245     -0.602     -0.873    14.0000 0.0000e+00
     -0.614 1.4220e-12     9.7363     94.448      1.171   0.913888    -0.1105      6.128  -195.6810 1.2190e+02     1.3590     -0.603     -0.874    13.9985 0.0000e+00
     -0.614 1.5643e-11     9.7340     94.444      1.171   0.913788    -0.1323      6.141  -177.1291 1.1237e+02     1.4472     -0.602     -0.874    13.9973 0.0000e+00
     -0.614 1.7207e-10     9.7359     94.442      1.185   0.924257    -0.1459      6.151  -169.6084 1.0465e+02     1.4366     -0.602     -0.873    13.9968 0.0000e+00
     -0.614 1.8927e-09     9.7367     94.444      1.172   0.913788    -0.1500      6.156  -169.1061 1.0033e+02     1.3680     -0.602     -0.873    13.9970 0.0000e+00
     -0.614 2.0820e-08     9.7328     94.459      1.172   0.913883    -0.2062      6.153  -166.4960 1.0030e+02     0.3784     -0.603     -0.874    13.9962 0.0000e+00
     -0.614 2.2902e-07     9.7352     94.470      1.187   0.925418    -0.3187      6.147  -161.1089 1.0085e+02    -1.5456     -0.602     -0.873    13.9930 0.0000e+00
     -0.614 7.4294e-07     9.7349     94.478      1.188   0.926576    -0.3859      6.146  -166.6065 1.0214e+02    -2.5597     -0.602     -0.873    13.9902 0.0000e+00
     -0.614      0.000     9.7342     94.492      1.190   0.927881    -0.3782      6.141  -173.0835 1.0589e+02    -2.4551     -0.602     -0.873    13.9900 0.0000e+00
     -0.614      0.000     9.7375     94.489      1.206   0.941200    -0.2918      6.031  -137.0359 1.0789e+02    -1.4084     -0.602     -0.873    13.9887 0.0000e+00
     -0.614      0.001     9.7385     94.521      1.556   1.214297    -0.1657      4.933   145.0875 1.0700e+02     0.4287     -0.602     -0.873    13.9902 0.0000e+00
     -0.614      0.006     9.7374     94.580      5.415   4.229863    -0.1013      3.292   681.3031 1.0645e+02     1.4818     -0.602     -0.874    13.9890 0.0000e+00
     -0.614      0.022     9.7414     94.537     14.971  11.741822    -0.0287      3.368   857.1689 1.0873e+02     2.1008     -0.602     -0.873    13.9928 0.0000e+00
     -0.614      0.052     9.7399     94.446     26.686  21.068791     0.6536      4.826   525.1277 1.1576e+02     7.8449     -0.601     -0.871    13.9875 0.0000e+00
     -0.611      0.090     9.7357     94.421     35.538  28.256545     1.8724      5.988   273.4731 1.3187e+02    18.3288     -0.603     -0.874    13.9946 0.0000e+00
     -0.593      0.133     9.7631     94.794     38.898  31.115043     2.5222      6.656   229.8998 1.7022e+02    24.0593     -0.595     -0.863    13.9775 0.0000e+00
     -0.546      0.175     9.7344     95.553     38.898  31.277155     2.5850      7.033   215.7082 2.3876e+02    24.5606     -0.542     -0.786    14.0221 0.0000e+00
     -0.479      0.210     9.6614     96.066     38.605  31.168378     2.6146      7.247   209.8633 3.2768e+02    24.1503     -0.467     -0.678    14.3516 0.0000e+00
     -0.410      0.229     9.5590     96.322     38.453  31.132162     2.7061      7.371   209.5621 5.6903e+02    19.3034     -0.405     -0.587    14.7450 0.0000e+00
     -0.341      0.231     9.5257     96.616     38.421  31.156543     2.8503      7.442   211.2923 1.0407e+03    10.4334     -0.333     -0.482    15.0050 0.0000e+00
     -0.276      0.216     9.6158     96.925     38.850  31.526667     2.9178      7.480   212.5426 1.4370e+03     5.6149     -0.263     -0.383    15.2159 0.0000e+00
     -0.224      0.192     9.6144     97.201     39.502  32.054758     2.9398      7.495   213.3225 1.4785e+03     5.2467     -0.216     -0.314    15.3854 0.0000e+00
     -0.182      0.162     9.6025     97.427     39.400  31.959086     3.0579      7.499   214.5266 1.1170e+03     5.1959     -0.177     -0.257    15.4929 0.0000e+00
     -0.145      0.131     9.6282     97.595     38.790  31.448395     3.2392      7.499   216.1742 6.2796e+02     5.0343     -0.141     -0.205    15.5539 0.0000e+00
     -0.113      0.103     9.6518     97.774     38.431  31.145397     3.3333      7.496   217.7567 3.6729e+02     4.9320     -0.107     -0.155    15.5821 0.0000e+00
     -0.091      0.081     9.6822     98.038     38.288  31.023348     3.3390      7.490   219.6359 2.4664e+02     4.9502     -0.085     -0.123    15.5749 0.0000e+00
     -0.079      0.064     9.7093     98.286     38.169  30.924246     3.3662      7.483   221.3435 1.6438e+02     4.9808     -0.076     -0.110    15.5538 0.0000e+00
     -0.070      0.050     9.7300     98.440     38.058  30.835254     3.4207      7.477   222.3995 1.3949e+02     4.9613     -0.069     -0.100    15.5314 0.0000e+00
     -0.060      0.039     9.7427     98.502     37.971  30.772021     3.4489      7.469   223.1990 1.2424e+02     4.9188     -0.061     -0.088    15.5150 0.0000e+00
     -0.049      0.031     9.7802     98.463     37.905  30.730622     3.4571      7.460   223.7826 1.1449e+02     4.9446     -0.047     -0.068    15.5077 0.0000e+00
     -0.039      0.026     9.8075     98.362     37.869  30.715324     3.4693      7.451   223.9483 1.1267e+02     4.9993     -0.037     -0.053    15.5038 0.0000e+00
     -0.033      0.020     9.8207     98.240     37.854  30.713941     3.4883      7.443   223.7408 1.1119e+02     4.9999     -0.032     -0.046    15.5035 0.0000e+00
     -0.030      0.014     9.8273     98.096     37.846  30.713919     3.4874      7.435   223.7686 1.0909e+02     4.9528     -0.029     -0.041    15.5143 0.0000e+00
     -0.029      0.008     9.8170     97.942     37.839  30.715061     3.4579      7.427   224.1974 1.0840e+02     4.9075     -0.028     -0.040    15.5321 0.0000e+00
     -0.029      0.004     9.8003     97.779     37.844  30.727755     3.3563      7.418   224.9677 1.0987e+02     4.9641     -0.028     -0.041    15.5529 0.0000e+00
     -0.029      0.001     9.7866     97.500     37.848  30.740544     3.1828      7.409   226.2001 1.1124e+02     5.0569     -0.028     -0.040    15.5673 0.0000e+00
     -0.029     -0.001     9.7706     97.020     37.841  30.742840     3.0846      7.400   226.8806 1.1120e+02     5.0397     -0.028     -0.041    15.5720 0.0000e+00
     -0.030     -0.001     9.7517     96.402     37.847  30.755527     3.0677      7.391   226.5700 1.1159e+02     4.9606     -0.029     -0.042    15.5809 0.0000e+00
     -0.030     -0.001     9.7369     95.571     37.852  30.767079     3.0524      7.381   226.4882 1.1202e+02     4.8864     -0.029     -0.042    15.5946 0.0000e+00
     -0.030      0.000     9.7142     94.314     37.831  30.755651     3.0247      7.371   227.0964 1.1222e+02     4.8940     -0.030     -0.043    15.6075 0.0000e+00
     -0.030 -1.861e-08     9.6549     92.577     37.811  30.744222     2.9836      7.363   228.3314 1.1160e+02     4.9839     -0.030     -0.043    15.6182 0.0000e+00
     -0.030 -2.047e-07     9.5947     90.451     37.821  30.755774     2.9540      7.356   229.8053 1.1038e+02     4.9833     -0.029     -0.041    15.6288 0.0000e+00
     -0.030 -2.047e-07     9.5229     88.100     37.834  30.768460     2.9335      7.349   230.7211 1.0883e+02     4.9208     -0.030     -0.042    15.6380 0.0000e+00
     -0.029 -1.861e-08     9.3956     85.731     37.834  30.770737     2.9017      7.342   231.2303 1.0755e+02     4.9793     -0.029     -0.043    15.6449 0.0000e+00
     -0.029 -1.692e-09     9.2190     83.532     37.847  30.783308     2.8774      7.335   231.7454 1.0975e+02     5.1440     -0.029     -0.041    15.6515 0.0000e+00
     -0.029 -1.538e-10     9.0001     81.589     37.861  30.793593     2.8804      7.330   232.3899 1.1413e+02     5.2380     -0.029     -0.041    15.6562 0.0000e+00
     -0.029 -1.375e-11     8.7592     80.005     37.833  30.768220     2.8887      7.326   232.9990 1.1557e+02     5.1940     -0.029     -0.042    15.6594 0.0000e+00
     -0.029 1.2946e-12     8.5140     78.895     37.788  30.730254     2.9277      7.321   233.2596 1.1491e+02     5.1589     -0.029     -0.042    15.6621 0.0000e+00
     -0.029 2.8106e-11     8.2950     78.199     37.771  30.715155     3.0025      7.316   233.6481 1.1665e+02     5.1892     -0.029     -0.041    15.6645 0.0000e+00
     -0.029 3.1043e-10     8.0990     77.784     37.769  30.712536     3.0442      7.311   234.5132 1.1954e+02     5.2178     -0.028     -0.040    15.6639 0.0000e+00
     -0.029 3.4148e-09     7.9340     77.556     37.751  30.698581     3.0658      7.306   235.1161 1.1791e+02     5.2328     -0.029     -0.041    15.6589 0.0000e+00
     -0.029 3.7563e-08     7.8291     77.394     37.717  30.673301     3.0882      7.303   235.1717 1.1256e+02     5.1992     -0.029     -0.041    15.6565 0.0000e+00
     -0.029 4.1319e-07     7.7659     77.192     37.697  30.660613     3.0990      7.298   235.1001 1.0897e+02     5.1867     -0.028     -0.040    15.6570 0.0000e+00
     -0.029      0.000     7.7258     76.930     37.707  30.672051     3.1130      7.294   235.0247 1.0937e+02     5.2528     -0.028     -0.041    15.6547 0.0000e+00
     -0.029      0.000     7.7088     76.589     37.720  30.684728     3.1164      7.290   235.0342 1.1242e+02     5.2470     -0.029     -0.041    15.6545 0.0000e+00
     -0.029      0.001     7.6965     76.124     37.720  30.687023     3.0570      7.285   235.6457 1.1567e+02     5.1510     -0.028     -0.041    15.6591 0.0000e+00
     -0.028      0.001     7.6751     75.589     37.733  30.699804     2.9606      7.281   236.7392 1.1742e+02     5.1174     -0.028     -0.040    15.6641 0.0000e+00
     -0.028      0.002     7.6482     75.105     37.748  30.712386     2.9249      7.277   237.5011 1.1812e+02     5.1815     -0.028     -0.040    15.6679 0.0000e+00
     -0.028      0.002     7.6175     74.746     37.748  30.712291     2.9489      7.272   237.9745 1.1909e+02     5.2429     -0.027     -0.039    15.6710 0.0000e+00
     -0.027      0.002     7.5686     74.546     37.729  30.698660     2.9684      7.267   238.3332 1.1858e+02     5.2100     -0.026     -0.038    15.6739 0.0000e+00
     -0.025      0.002     7.5085     74.486     37.698  30.674449     2.9697      7.263   238.4821 1.1635e+02     5.1251     -0.025     -0.036    15.6762 0.0000e+00
     -0.025      0.002     7.4597     74.518     37.695  30.673296     2.9724      7.260   238.8287 1.1247e+02     5.1048     -0.025     -0.036    15.6767 0.0000e+00
     -0.025      0.001     7.4212     74.598     37.708  30.684716     2.9845      7.256   239.5124 1.0942e+02     5.1700     -0.025     -0.036    15.6772 0.0000e+00
     -0.025      0.000     7.4028     74.669     37.708  30.685651     3.0001      7.251   240.2090 1.1147e+02     5.2315     -0.025     -0.036    15.6787 0.0000e+00
     -0.025 2.0321e-08     7.3985     74.733     37.706  30.684601     3.0030      7.248   240.7988 1.1424e+02     5.1648     -0.025     -0.037    15.6805 0.0000e+00
     -0.025 2.2353e-07     7.4017     74.834     37.690  30.672026     2.9937      7.245   241.2233 1.1423e+02     5.0120     -0.025     -0.036    15.6822 0.0000e+00
     -0.025 2.2353e-07     7.4135     74.996     37.675  30.660484     2.9884      7.242   241.4703 1.1487e+02     4.9549     -0.025     -0.036    15.6838 0.0000e+00
     -0.025 2.0321e-08     7.4193     75.195     37.689  30.671913     2.9890      7.239   241.5481 1.1630e+02     4.9873     -0.025     -0.036    15.6847 0.0000e+00
     -0.025 1.8474e-09     7.4236     75.360     37.703  30.683341     3.0253      7.236   241.4759 1.1607e+02     5.0622     -0.024     -0.035    15.6854 0.0000e+00
     -0.025 1.6794e-10     7.4327     75.445     37.688  30.671798     3.0861      7.233   241.4575 1.1368e+02     5.1432     -0.025     -0.036    15.6860 0.0000e+00
     -0.025 1.5267e-11     7.4491     75.419     37.672  30.659215     3.1075      7.231   241.4978 1.1029e+02     5.1463     -0.024     -0.035    15.6865 0.0000e+00
     -0.025 1.3880e-12     7.4728     75.246     37.669  30.658061     3.1170      7.229   241.6185 1.1024e+02     5.1344     -0.024     -0.035    15.6868 0.0000e+00
     -0.025 1.2618e-13     7.4899     74.909     37.668  30.657853     3.1520      7.227   241.7989 1.1345e+02     5.0675     -0.024     -0.035    15.6872 0.0000e+00
     -0.025 1.1471e-14     7.4992     74.417     37.666  30.656698     3.1811      7.225   241.7855 1.1487e+02     4.9529     -0.024     -0.035    15.6883 0.0000e+00
     -0.024 1.0428e-15     7.4976     73.813     37.651  30.644105     3.1776      7.221   241.7150 1.1500e+02     4.9431     -0.024     -0.034    15.6894 0.0000e+00
     -0.024 9.4800e-17     7.4815     73.208     37.636  30.632468     3.1600      7.217   241.8920 1.1654e+02     4.9488     -0.024     -0.035    15.6902 0.0000e+00
     -0.024 8.6180e-18     7.4469     72.699     37.650  30.642858     3.2099      7.215   242.2050 1.1809e+02     4.9883     -0.024     -0.034    15.6909 0.0000e+00
     -0.024 7.8394e-19     7.3976     72.267     37.651  30.642848     3.3141      7.214   242.5748 1.1866e+02     5.1135     -0.024     -0.034    15.6916 0.0000e+00
     -0.024 7.6621e-20     7.3331     71.878     37.639  30.632354     3.3551      7.212   243.0934 1.1785e+02     5.1640     -0.024     -0.034    15.6918 0.0000e+00
     -0.024 6.5828e-20     7.2671     71.525     37.651  30.642847     3.3387      7.210   243.5715 1.1594e+02     5.1219     -0.024     -0.035    15.6914 0.0000e+00
     -0.024 6.5347e-19     7.2206     71.221     37.651  30.642847     3.3322      7.208   243.9678 1.1293e+02     5.0818     -0.024     -0.034    15.6904 0.0000e+00
     -0.024 7.1818e-18     7.1779     70.985     37.638  30.632353     3.3349      7.206   244.3566 1.0855e+02     5.1236     -0.023     -0.034    15.6891 0.0000e+00
     -0.024 7.8999e-17     7.1401     70.812     37.651  30.642837     3.3222      7.204   244.7455 1.0690e+02     5.1829     -0.023     -0.034    15.6885 0.0000e+00
     -0.024 8.6899e-16     7.1041     70.681     37.651  30.642732     3.2946      7.202   245.0559 1.0709e+02     5.1501     -0.023     -0.034    15.6889 0.0000e+00
     -0.024 9.5589e-15     7.0734     70.635     37.637  30.631084     3.2765      7.199   245.1848 1.0601e+02     5.1024     -0.024     -0.034    15.6896 0.0000e+00
     -0.024 1.0515e-13     7.0491     70.678     37.635  30.628883     3.2858      7.196   245.2716 1.0758e+02     5.0843     -0.023     -0.034    15.6900 0.0000e+00
     -0.024 1.1566e-12     7.0345     70.650     37.621  30.616111     3.3068      7.195   245.3309 1.1106e+02     5.0681     -0.023     -0.033    15.6898 0.0000e+00
     -0.024 1.2723e-11     7.0199     70.510     37.608  30.603530     3.3138      7.195   245.2991 1.1264e+02     5.0429     -0.023     -0.034    15.6896 0.0000e+00
     -0.024 1.3995e-10     7.0103     70.342     37.611  30.603634     3.3042      7.194   245.2307 1.1323e+02     5.0190     -0.023     -0.034    15.6889 0.0000e+00
     -0.023 1.5395e-09     7.0273     70.153     37.631  30.617359     3.2987      7.193   245.1931 1.1141e+02     5.0870     -0.023     -0.033    15.6876 0.0000e+00
