Data/DataNotYetUploadedToEDI/Raw_CTD/RawDownloads/042423_bvr50_S8188001.cnv
* Sea-Bird SBE19plus  Data File:
* FileName = C:\R\Reservoirs\Data\DataNotYetUploadedToEDI\Raw_CTD\RawDownloads\042423_bvr50_S8188_0001.hex
* Software version 2.8.0.119
* Temperature SN = 8188
* Conductivity SN = 8188
* System UpLoad Time = May 11 2023 10:37:57
* <ApplicationData>
* <Seaterm232>
# nquan = 16
# nvalues = 1944                        
# units = specified
# name 0 = depFM: Depth [fresh water, m]
# name 1 = dz/dtM: Descent Rate [m/s]
# name 2 = sbeox0Mg/L: Oxygen, SBE 43 [mg/l]
# name 3 = sbeox0PS: Oxygen, SBE 43 [% saturation]
# name 4 = specc: Specific Conductance [uS/cm]
# name 5 = c0uS/cm: Conductivity [uS/cm]
# name 6 = wetCDOM: Fluorescence, WET Labs CDOM [mg/m^3]
# name 7 = flECO-AFL: Fluorescence, WET Labs ECO-AFL/FL [mg/m^3]
# name 8 = flECO-AFL1: Fluorescence, WET Labs ECO-AFL/FL, 2 [mg/m^3]
# name 9 = flECO-AFL2: Fluorescence, WET Labs ECO-AFL/FL, 3 [mg/m^3]
# name 10 = par/sat/log: PAR/Logarithmic, Satlantic
# name 11 = turbWETntu0: Turbidity, WET Labs ECO [NTU]
# name 12 = prdM: Pressure, Strain Gauge [db]
# name 13 = prdE: Pressure, Strain Gauge [psi]
# name 14 = tv290C: Temperature [ITS-90, deg C]
# name 15 = flag:  0.000e+00
# span 0 =     -0.730,      9.339       
# span 1 =     -0.256,      0.140       
# span 2 =     1.1670,    11.2296       
# span 3 =      9.763,    108.217       
# span 4 =      1.490,     36.742       
# span 5 =   1.157856,  26.105177       
# span 6 =    -4.5000,     4.0500       
# span 7 =    -1.7673,   245.1885       
# span 8 =    -2.1300,     1.1076       
# span 9 =    -2.0304,    17.1315       
# span 10 = 2.1694e-01, 3.1372e+03      
# span 11 =    -4.8723,   966.3751      
# span 12 =     -0.716,      9.159      
# span 13 =     -1.039,     13.284      
# span 14 =     7.5915,    16.4327      
# span 15 = 0.0000e+00, 0.0000e+00      
# interval = seconds: 0.25
# start_time = Apr 24 2023 10:26:15 [Instrument's time stamp, header]
# bad_flag = -9.990e-29
*END*
[from data line 1537]
      7.995      0.025     3.7247     30.320     32.815  21.491979     3.6900     2.7227     0.0852     0.4653 1.0130e+00     3.4694      7.841     11.372     7.7330 0.0000e+00
      8.001      0.024     3.6943     30.167     32.824  21.500159     3.6900     2.6883     0.0852     0.4653 1.0174e+00     3.4694      7.847     11.381     7.7354 0.0000e+00
      8.007      0.024     3.6640     30.066     32.835  21.508007     3.6900     2.7074     0.0852     0.4653 1.0308e+00     3.4394      7.852     11.389     7.7384 0.0000e+00
      8.013      0.024     3.6364     30.028     32.842  21.513657     3.6900     2.8371     0.0852     0.4653 1.0080e+00     3.4694      7.858     11.397     7.7420 0.0000e+00
      8.019      0.024     3.6129     30.054     32.853  21.522574     3.6900     2.8371     0.1278     0.4653 9.9687e-01     3.3342      7.864     11.406     7.7457 0.0000e+00
      8.025      0.024     3.5945     30.121     32.873  21.537136     3.6900     2.8295     0.1278     0.4653 9.7842e-01     3.3943      7.870     11.415     7.7484 0.0000e+00
      8.031      0.025     3.5823     30.201     32.888  21.549351     3.6900     2.8181     0.1278     0.4653 1.0155e+00     3.4544      7.876     11.423     7.7501 0.0000e+00
      8.038      0.026     3.5777     30.278     32.894  21.554560     3.6900     2.8333     0.1278     0.4653 9.7269e-01     3.4694      7.882     11.432     7.7515 0.0000e+00
      8.044      0.027     3.5805     30.342     32.899  21.558110     3.7800     2.8104     0.0852     0.3807 9.9948e-01     3.4995      7.889     11.442     7.7537 0.0000e+00
      8.051      0.029     3.5883     30.386     32.910  21.564906     3.7800     2.8333     0.0852     0.3807 9.6260e-01     3.5295      7.895     11.451     7.7567 0.0000e+00
      8.058      0.031     3.5975     30.400     32.931  21.576760     3.7800     2.8448     0.0852     0.3807 9.4683e-01     3.4394      7.902     11.462     7.7599 0.0000e+00
      8.066      0.033     3.6065     30.382     32.960  21.592875     3.7800     2.8867     0.0852     0.3807 9.5572e-01     3.6197      7.910     11.473     7.7620 0.0000e+00
      8.075      0.035     3.6141     30.334     32.979  21.601714     3.7800     2.9210     0.0852     0.3807 9.0913e-01     3.6949      7.919     11.485     7.7624 0.0000e+00
      8.084      0.037     3.6194     30.255     32.978  21.597718     3.7800     2.8791     0.0852     0.4230 9.3011e-01     3.6197      7.928     11.499     7.7614 0.0000e+00
      8.094      0.039     3.6213     30.144     32.971  21.591696     3.7800     2.9020     0.0852     0.4230 9.3193e-01     3.6949      7.938     11.513     7.7591 0.0000e+00
      8.105      0.041     3.6196     30.000     32.976  21.593916     3.7800     2.9439     0.0852     0.4230 8.9853e-01     3.4093      7.948     11.527     7.7546 0.0000e+00
      8.115      0.043     3.6143     29.824     33.006  21.612889     3.7800     2.9363     0.0852     0.4230 8.9502e-01     3.5145      7.958     11.542     7.7489 0.0000e+00
      8.126      0.045     3.6053     29.621     33.065  21.649716     3.6900     2.9668     0.1278     0.4230 8.8920e-01     3.3943      7.969     11.558     7.7439 0.0000e+00
      8.137      0.047     3.5924     29.400     33.125  21.686507     3.6900     2.9478     0.1278     0.4230 8.9541e-01     3.5596      7.980     11.574     7.7411 0.0000e+00
      8.149      0.049     3.5753     29.173     33.165  21.709322     3.6900     2.5091     0.1278     0.4230 8.9366e-01     3.7400      7.992     11.591     7.7399 0.0000e+00
      8.162      0.052     3.5544     28.950     33.200  21.728204     3.6900     2.5358     0.1278     0.4230 8.8342e-01     3.6648      8.004     11.610     7.7391 0.0000e+00
      8.176      0.055     3.5304     28.725     33.235  21.748188     3.7800     2.5243     0.0852     0.5076 8.4880e-01     3.6648      8.018     11.630     7.7368 0.0000e+00
      8.191      0.057     3.5044     28.485     33.261  21.762728     3.7800     2.5396     0.0852     0.5076 8.0742e-01     3.7249      8.033     11.650     7.7325 0.0000e+00
      8.206      0.060     3.4779     28.224     33.279  21.771742     3.7800     2.5358     0.0852     0.5076 8.5509e-01     3.3943      8.047     11.672     7.7271 0.0000e+00
      8.221      0.062     3.4518     27.949     33.286  21.773675     3.7800     2.5167     0.0852     0.5076 7.8510e-01     3.4694      8.063     11.694     7.7218 0.0000e+00
      8.237      0.064     3.4253     27.677     33.288  21.773001     3.7800     2.5396     0.0852     0.4230 7.7308e-01     3.3943      8.079     11.717     7.7169 0.0000e+00
      8.254      0.065     3.3970     27.425     33.298  21.777458     3.7800     2.5625     0.0852     0.4230 7.6108e-01     3.4995      8.095     11.740     7.7126 0.0000e+00
      8.271      0.067     3.3662     27.218     33.312  21.784275     3.7800     2.6502     0.0852     0.4230 7.4683e-01     3.5295      8.111     11.764     7.7088 0.0000e+00
      8.288      0.068     3.3337     27.087     33.332  21.795270     3.7800     2.6426     0.0852     0.4230 7.1382e-01     3.7249      8.128     11.789     7.7053 0.0000e+00
      8.306      0.069     3.3015     27.057     33.362  21.813376     3.7800     2.6349     0.0852     0.4230 6.5128e-01     3.7400      8.146     11.815     7.7019 0.0000e+00
      8.324      0.069     3.2718     27.133     33.399  21.835502     3.6900     2.6502     0.0852     0.3384 6.6660e-01     3.7550      8.163     11.840     7.6987 0.0000e+00
      8.342      0.069     3.2473     27.299     33.438  21.859633     3.6900     2.4556     0.0852     0.3384 6.5796e-01     3.4394      8.181     11.865     7.6957 0.0000e+00
      8.360      0.068     3.2319     27.523     33.477  21.884286     3.6900     2.4518     0.0852     0.3384 6.3108e-01     3.4694      8.198     11.891     7.6927 0.0000e+00
      8.377      0.067     3.2285     27.764     33.521  21.912077     3.6900     2.4366     0.0852     0.3384 6.6155e-01     3.3943      8.215     11.916     7.6899 0.0000e+00
      8.394      0.067     3.2378     27.985     33.575  21.946459     3.7800     2.4442     0.0852     0.4230 6.5525e-01     3.5295      8.232     11.939     7.6874 0.0000e+00
      8.410      0.067     3.2577     28.154     33.626  21.978785     3.7800     2.5091     0.0852     0.4230 6.2807e-01     3.7099      8.248     11.963     7.6854 0.0000e+00
      8.427      0.068     3.2846     28.244     33.663  22.001844     3.7800     2.4938     0.0852     0.4230 6.2684e-01     3.6047      8.264     11.986     7.6838 0.0000e+00
      8.444      0.069     3.3135     28.239     33.693  22.019804     3.7800     2.5243     0.0852     0.4230 6.2916e-01     3.7249      8.281     12.010     7.6824 0.0000e+00
      8.462      0.071     3.3399     28.132     33.717  22.033495     3.6900     2.5243     0.0852     0.3384 6.2385e-01     3.6498      8.298     12.036     7.6810 0.0000e+00
      8.481      0.073     3.3602     27.928     33.734  22.042611     3.6900     2.3794     0.0852     0.3384 5.9061e-01     3.7400      8.317     12.062     7.6794 0.0000e+00
      8.500      0.075     3.3712     27.641     33.747  22.049582     3.6900     2.3870     0.0852     0.3384 5.8308e-01     3.6348      8.335     12.090     7.6774 0.0000e+00
      8.520      0.075     3.3708     27.287     33.760  22.056267     3.6900     2.3870     0.0852     0.3384 5.8359e-01     3.6798      8.355     12.117     7.6751 0.0000e+00
      8.539      0.075     3.3582     26.891     33.769  22.060491     3.6900     2.4137     0.0852     0.3384 5.6783e-01     3.6197      8.374     12.146     7.6726 0.0000e+00
      8.559      0.074     3.3342     26.481     33.776  22.063378     3.6900     2.4595     0.1278     0.3807 5.2819e-01     3.7550      8.394     12.174     7.6700 0.0000e+00
      8.578      0.073     3.3000     26.082     33.787  22.069659     3.6900     2.4480     0.1278     0.3807 4.9842e-01     3.6648      8.413     12.201     7.6672 0.0000e+00
      8.597      0.072     3.2580     25.719     33.806  22.081008     3.6900     2.4671     0.1278     0.3807 5.3477e-01     3.6498      8.431     12.227     7.6644 0.0000e+00
      8.614      0.071     3.2109     25.406     33.831  22.096492     3.6900     2.4862     0.1278     0.3807 5.0683e-01     3.6348      8.448     12.253     7.6619 0.0000e+00
      8.632      0.071     3.1621     25.150     33.852  22.108364     3.6900     2.1619     0.0852     0.3384 5.3038e-01     3.9053      8.465     12.277     7.6598 0.0000e+00
      8.650      0.070     3.1147     24.948     33.865  22.115833     3.6900     2.1428     0.0852     0.3384 4.7784e-01     3.9203      8.482     12.303     7.6581 0.0000e+00
      8.668      0.069     3.0714     24.790     33.887  22.128807     3.6900     2.1734     0.0852     0.3384 4.6747e-01     3.8151      8.501     12.329     7.6565 0.0000e+00
      8.687      0.068     3.0341     24.660     33.923  22.150746     3.6900     2.1352     0.0852     0.3384 4.7145e-01     3.9203      8.519     12.355     7.6548 0.0000e+00
      8.705      0.066     3.0037     24.536     33.962  22.175624     3.7800     2.1657     0.1278     0.3807 4.5396e-01     3.7249      8.536     12.381     7.6528 0.0000e+00
      8.721      0.063     2.9797     24.405     33.985  22.190282     3.7800     2.1657     0.1278     0.3807 4.6071e-01     3.7249      8.552     12.404     7.6506 0.0000e+00
      8.736      0.060     2.9610     24.266     33.980  22.186753     3.7800     2.1352     0.1278     0.3807 4.5267e-01     3.5897      8.567     12.426     7.6487 0.0000e+00
      8.751      0.058     2.9455     24.125     33.964  22.175972     3.7800     2.1619     0.1278     0.3807 4.4555e-01     3.6348      8.582     12.447     7.6471 0.0000e+00
      8.765      0.056     2.9308     23.989     33.956  22.170898     3.7800     2.2229     0.0852     0.3384 4.2716e-01     3.4995      8.595     12.467     7.6459 0.0000e+00
      8.779      0.055     2.9152     23.868     33.961  22.174138     3.7800     2.2001     0.0852     0.3384 4.2411e-01     3.4243      8.609     12.486     7.6450 0.0000e+00
      8.792      0.054     2.8987     23.771     33.974  22.182597     3.7800     2.1962     0.0852     0.3384 4.3361e-01     3.4694      8.622     12.505     7.6445 0.0000e+00
      8.806      0.053     2.8819     23.701     33.993  22.194571     3.7800     2.2077     0.0852     0.3384 4.3635e-01     3.4394      8.635     12.525     7.6444 0.0000e+00
      8.820      0.052     2.8656     23.661     34.022  22.213253     3.7800     2.2191     0.0852     0.3384 3.9109e-01     3.7099      8.649     12.545     7.6444 0.0000e+00
      8.834      0.050     2.8512     23.648     34.057  22.235708     3.7800     2.1886     0.0852     0.3384 3.6355e-01     3.7550      8.663     12.565     7.6444 0.0000e+00
      8.847      0.048     2.8396     23.660     34.083  22.252091     3.7800     2.2153     0.0852     0.3384 4.0334e-01     3.6798      8.676     12.583     7.6441 0.0000e+00
      8.858      0.045     2.8313     23.692     34.094  22.258852     3.7800     2.2191     0.0852     0.3384 4.2614e-01     3.6949      8.687     12.600     7.6437 0.0000e+00
      8.869      0.043     2.8265     23.731     34.105  22.265712     3.7800     2.1581     0.0852     0.3384 3.8468e-01     3.6949      8.697     12.615     7.6432 0.0000e+00
      8.879      0.040     2.8250     23.767     34.131  22.282417     3.7800     2.1695     0.0852     0.4230 4.0055e-01     3.6798      8.707     12.629     7.6427 0.0000e+00
      8.889      0.039     2.8264     23.803     34.168  22.305504     3.7800     2.1390     0.0852     0.4230 3.7633e-01     3.6348      8.717     12.643     7.6422 0.0000e+00
      8.899      0.037     2.8303     23.835     34.206  22.329255     3.7800     2.1352     0.0852     0.4230 3.7871e-01     3.6348      8.727     12.657     7.6419 0.0000e+00
      8.908      0.035     2.8350     23.854     34.235  22.348127     3.7800     2.0780     0.0852     0.4230 3.7267e-01     3.5446      8.736     12.670     7.6414 0.0000e+00
      8.917      0.033     2.8394     23.852     34.247  22.355277     3.7800     2.0665     0.1278     0.2961 3.7348e-01     3.6197      8.744     12.683     7.6405 0.0000e+00
      8.925      0.030     2.8438     23.821     34.248  22.356569     3.7800     2.1085     0.1278     0.2961 3.8493e-01     3.6648      8.752     12.694     7.6393 0.0000e+00
      8.933      0.028     2.8477     23.763     34.248  22.356308     3.7800     2.0932     0.1278     0.2961 3.5466e-01     3.6648      8.760     12.705     7.6380 0.0000e+00
      8.939      0.026     2.8500     23.689     34.239  22.350465     3.7800     2.1085     0.1278     0.2961 3.3722e-01     3.6197      8.766     12.714     7.6372 0.0000e+00
      8.945      0.023     2.8498     23.599     34.225  22.341440     3.6900     2.0932     0.1278     0.1692 3.3950e-01     3.6949      8.772     12.723     7.6369 0.0000e+00
      8.951      0.021     2.8461     23.496     34.209  22.330786     3.6900     2.1009     0.1278     0.1692 3.4560e-01     3.6047      8.778     12.731     7.6372 0.0000e+00
      8.956      0.019     2.8392     23.395     34.190  22.319620     3.6900     2.0780     0.1278     0.1692 3.4839e-01     3.7099      8.783     12.739     7.6374 0.0000e+00
      8.961      0.017     2.8303     23.315     34.171  22.308923     3.6900     2.0322     0.1278     0.1692 3.9126e-01     3.6197      8.787     12.745     7.6373 0.0000e+00
      8.964      0.015     2.8195     23.266     34.142  22.291883     3.6900     2.0170     0.1278     0.1692 3.8028e-01     3.5746      8.791     12.750     7.6369 0.0000e+00
      8.968      0.014     2.8072     23.247     34.100  22.267915     3.7800     2.0284     0.1278     0.2961 3.4306e-01     3.6197      8.794     12.755     7.6371 0.0000e+00
      8.971      0.013     2.7951     23.253     34.068  22.250421     3.7800     2.0437     0.1278     0.2961 3.4605e-01     3.5897      8.797     12.760     7.6383 0.0000e+00
      8.974      0.012     2.7854     23.284     34.056  22.246612     3.7800     2.1238     0.1278     0.2961 3.3693e-01     3.6949      8.800     12.764     7.6408 0.0000e+00
      8.977      0.013     2.7792     23.349     34.058  22.251513     3.7800     2.1581     0.1278     0.2961 3.4508e-01     3.6949      8.803     12.768     7.6444 0.0000e+00
      8.980      0.014     2.7767     23.449     34.065  22.258516     3.7800     2.1238     0.0852     0.2961 3.6696e-01     3.6648      8.806     12.772     7.6489 0.0000e+00
      8.983      0.015     2.7771     23.584     34.074  22.265528     3.7800     2.1581     0.0852     0.2961 3.6339e-01     3.6197      8.809     12.777     7.6541 0.0000e+00
      8.987      0.018     2.7804     23.757     34.089  22.274420     3.7800     2.1161     0.0852     0.2961 3.5266e-01     3.5596      8.813     12.783     7.6598 0.0000e+00
      8.992      0.020     2.7878     23.959     34.113  22.287563     3.7800     2.0894     0.0852     0.2961 3.4583e-01     3.7550      8.817     12.789     7.6650 0.0000e+00
      8.997      0.023     2.7995     24.177     34.150  22.308461     3.7800     2.0856     0.0852     0.2538 3.4892e-01     3.7099      8.823     12.797     7.6689 0.0000e+00
      9.003      0.027     2.8155     24.386     34.194  22.334769     3.7800     2.0894     0.0852     0.2538 3.5166e-01     3.7400      8.829     12.806     7.6702 0.0000e+00
      9.010      0.030     2.8362     24.554     34.233  22.357670     3.7800     2.2229     0.0852     0.2538 3.6292e-01     3.7099      8.836     12.816     7.6687 0.0000e+00
      9.018      0.035     2.8607     24.653     34.261  22.375352     3.7800     2.2191     0.0852     0.2538 3.4291e-01     3.7700      8.844     12.827     7.6651 0.0000e+00
      9.028      0.039     2.8870     24.665     34.294  22.396489     3.7800     2.2458     0.0852     0.4230 3.4508e-01     3.6648      8.853     12.840     7.6606 0.0000e+00
