Data/DataNotYetUploadedToEDI/Raw_CTD/RawDownloads/042423_bvr50_S8188001.cnv
* Sea-Bird SBE19plus  Data File:
* FileName = C:\R\Reservoirs\Data\DataNotYetUploadedToEDI\Raw_CTD\RawDownloads\042423_bvr50_S8188_0001.hex
* Software version 2.8.0.119
* Temperature SN = 8188
* Conductivity SN = 8188
* System UpLoad Time = May 11 2023 10:37:57
* <ApplicationData>
* <Seaterm232>
# nquan = 16
# nvalues = 1944                        
# units = specified
# name 0 = depFM: Depth [fresh water, m]
# name 1 = dz/dtM: Descent Rate [m/s]
# name 2 = sbeox0Mg/L: Oxygen, SBE 43 [mg/l]
# name 3 = sbeox0PS: Oxygen, SBE 43 [% saturation]
# name 4 = specc: Specific Conductance [uS/cm]
# name 5 = c0uS/cm: Conductivity [uS/cm]
# name 6 = wetCDOM: Fluorescence, WET Labs CDOM [mg/m^3]
# name 7 = flECO-AFL: Fluorescence, WET Labs ECO-AFL/FL [mg/m^3]
# name 8 = flECO-AFL1: Fluorescence, WET Labs ECO-AFL/FL, 2 [mg/m^3]
# name 9 = flECO-AFL2: Fluorescence, WET Labs ECO-AFL/FL, 3 [mg/m^3]
# name 10 = par/sat/log: PAR/Logarithmic, Satlantic
# name 11 = turbWETntu0: Turbidity, WET Labs ECO [NTU]
# name 12 = prdM: Pressure, Strain Gauge [db]
# name 13 = prdE: Pressure, Strain Gauge [psi]
# name 14 = tv290C: Temperature [ITS-90, deg C]
# name 15 = flag:  0.000e+00
# span 0 =     -0.730,      9.339       
# span 1 =     -0.256,      0.140       
# span 2 =     1.1670,    11.2296       
# span 3 =      9.763,    108.217       
# span 4 =      1.490,     36.742       
# span 5 =   1.157856,  26.105177       
# span 6 =    -4.5000,     4.0500       
# span 7 =    -1.7673,   245.1885       
# span 8 =    -2.1300,     1.1076       
# span 9 =    -2.0304,    17.1315       
# span 10 = 2.1694e-01, 3.1372e+03      
# span 11 =    -4.8723,   966.3751      
# span 12 =     -0.716,      9.159      
# span 13 =     -1.039,     13.284      
# span 14 =     7.5915,    16.4327      
# span 15 = 0.0000e+00, 0.0000e+00      
# interval = seconds: 0.25
# start_time = Apr 24 2023 10:26:15 [Instrument's time stamp, header]
# bad_flag = -9.990e-29
*END*
[from data line 362]
      0.208      0.017     9.1863     93.972     29.588  24.517670     2.4300     0.9374     0.0000     0.1692 1.4747e+03     1.3201      0.205      0.296    16.4285 0.0000e+00
      0.213      0.019     9.1870     93.980     29.578  24.509209     2.4300     0.9297     0.0000     0.1692 7.6223e+02     1.4103      0.209      0.302    16.4282 0.0000e+00
      0.218      0.021     9.1886     93.990     29.571  24.503352     2.4300     0.8496     0.0000     0.1692 1.0165e+03     1.3051      0.214      0.309    16.4278 0.0000e+00
      0.223      0.024     9.1901     94.003     29.570  24.502498     2.4300     0.8649     0.0426     0.2538 7.6805e+02     1.3051      0.219      0.317    16.4274 0.0000e+00
      0.230      0.026     9.1912     94.022     29.574  24.506417     2.4300     0.8420     0.0426     0.2538 9.0793e+02     1.3953      0.225      0.326    16.4271 0.0000e+00
      0.237      0.027     9.1919     94.048     29.581  24.512196     2.4300     0.8420     0.0426     0.2538 7.3315e+02     1.3953      0.232      0.336    16.4271 0.0000e+00
      0.245      0.028     9.1928     94.081     29.583  24.513459     2.4300     0.7924     0.0426     0.2538 1.2305e+03     1.3351      0.240      0.348    16.4273 0.0000e+00
      0.252      0.028     9.1941     94.114     29.579  24.510541     2.4300     0.8077     0.0426     0.2538 3.1372e+03     1.3201      0.247      0.359    16.4277 0.0000e+00
      0.260      0.028     9.1958     94.146     29.579  24.510583     2.4300     0.8000     0.0426     0.2115 9.2808e+02     1.4103      0.255      0.369    16.4278 0.0000e+00
      0.267      0.028     9.1984     94.172     29.583  24.513596     2.4300     0.7924     0.0426     0.2115 7.9453e+02     1.4554      0.261      0.379    16.4278 0.0000e+00
      0.273      0.027     9.2017     94.186     29.586  24.516425     2.4300     0.7886     0.0426     0.2115 8.7615e+02     1.4103      0.268      0.388    16.4278 0.0000e+00
      0.280      0.027     9.2050     94.186     29.590  24.519824     2.4300     0.8077     0.0426     0.2115 7.9730e+02     1.3652      0.274      0.398    16.4278 0.0000e+00
      0.287      0.027     9.2081     94.180     29.591  24.520740     2.3400     0.8039     0.0426     0.2115 7.1879e+02     1.3351      0.281      0.408    16.4279 0.0000e+00
      0.294      0.026     9.2106     94.178     29.585  24.515459     2.3400     0.7924     0.0426     0.2115 7.2349e+02     1.3051      0.288      0.418    16.4281 0.0000e+00
      0.301      0.026     9.2118     94.185     29.579  24.510490     2.3400     0.8420     0.0426     0.2115 8.4291e+02     1.4854      0.295      0.427    16.4283 0.0000e+00
      0.307      0.026     9.2118     94.197     29.582  24.512425     2.3400     0.8420     0.0426     0.2115 4.5061e+02     1.3351      0.301      0.437    16.4283 0.0000e+00
      0.314      0.025     9.2113     94.210     29.588  24.517823     2.4300     0.8458     0.0426     0.2961 3.9185e+02     1.4103      0.308      0.446    16.4283 0.0000e+00
      0.320      0.025     9.2111     94.218     29.596  24.524164     2.4300     0.8725     0.0426     0.2961 3.7813e+02     1.3502      0.314      0.455    16.4281 0.0000e+00
      0.327      0.024     9.2118     94.219     29.603  24.529180     2.4300     0.8725     0.0426     0.2961 6.4873e+02     1.3802      0.320      0.464    16.4279 0.0000e+00
      0.333      0.024     9.2130     94.205     29.604  24.530249     2.4300     0.8649     0.0426     0.2961 6.7504e+02     1.3502      0.326      0.473    16.4276 0.0000e+00
      0.338      0.023     9.2143     94.173     29.606  24.531615     2.3400     0.8420     0.0000     0.2538 8.8958e+02     1.3652      0.332      0.481    16.4274 0.0000e+00
      0.344      0.022     9.2152     94.127     29.613  24.537602     2.3400     0.8496     0.0000     0.2538 6.8912e+02     1.4404      0.338      0.489    16.4271 0.0000e+00
      0.350      0.021     9.2153     94.081     29.618  24.541888     2.3400     0.9145     0.0000     0.2538 7.1568e+02     1.3652      0.343      0.497    16.4270 0.0000e+00
      0.355      0.021     9.2140     94.041     29.613  24.537697     2.3400     0.9183     0.0000     0.2538 7.0641e+02     1.2750      0.348      0.505    16.4269 0.0000e+00
      0.360      0.020     9.2108     94.011     29.606  24.531832     2.3400     0.9183     0.0000     0.2538 1.7327e+03     1.3652      0.353      0.512    16.4269 0.0000e+00
      0.365      0.019     9.2064     93.993     29.610  24.534603     2.3400     0.9297     0.0426     0.1692 7.9643e+02     1.4253      0.358      0.519    16.4269 0.0000e+00
      0.370      0.019     9.2019     93.985     29.620  24.542792     2.3400     1.0289     0.0426     0.1692 8.1163e+02     1.4103      0.363      0.526    16.4267 0.0000e+00
      0.374      0.018     9.1980     93.984     29.625  24.546705     2.3400     1.0442     0.0426     0.1692 8.0164e+02     1.3351      0.367      0.533    16.4265 0.0000e+00
      0.379      0.017     9.1952     93.982     29.626  24.547386     2.3400     1.0366     0.0426     0.1692 8.9949e+02     1.3802      0.372      0.539    16.4261 0.0000e+00
      0.383      0.017     9.1934     93.972     29.623  24.545015     2.3400     1.0442     0.0000     0.2115 9.9513e+02     1.3953      0.376      0.545    16.4257 0.0000e+00
      0.387      0.016     9.1927     93.952     29.612  24.535002     2.3400     1.0862     0.0000     0.2115 4.7360e+02     1.3502      0.380      0.551    16.4253 0.0000e+00
      0.391      0.016     9.1927     93.923     29.597  24.522595     2.3400     1.0862     0.0000     0.2115 7.5530e+02     1.4253      0.384      0.557    16.4250 0.0000e+00
      0.395      0.015     9.1925     93.890     29.590  24.516362     2.3400     1.0900     0.0000     0.2115 5.6071e+02     1.3351      0.388      0.562    16.4247 0.0000e+00
      0.399      0.014     9.1917     93.863     29.593  24.518600     2.3400     1.0785     0.0000     0.2538 5.2589e+02     1.3953      0.391      0.568    16.4244 0.0000e+00
      0.402      0.014     9.1898     93.859     29.598  24.521986     2.3400     1.1090     0.0000     0.2538 6.8957e+02     1.2450      0.395      0.573    16.4240 0.0000e+00
      0.406      0.013     9.1871     93.885     29.595  24.519508     2.3400     1.0938     0.0000     0.2538 6.7783e+02     1.3953      0.398      0.577    16.4235 0.0000e+00
      0.409      0.013     9.1840     93.934     29.594  24.518421     2.3400     1.1205     0.0000     0.2538 2.0536e+03     1.3351      0.401      0.582    16.4228 0.0000e+00
      0.413      0.012     9.1815     94.000     29.599  24.522395     2.3400     1.0976     0.0000     0.2538 1.7076e+03     1.3502      0.405      0.587    16.4219 0.0000e+00
      0.416      0.012     9.1813     94.075     29.606  24.528531     2.4300     1.1129     0.0000     0.1269 1.1382e+03     1.4253      0.408      0.591    16.4210 0.0000e+00
      0.419      0.012     9.1839     94.143     29.613  24.534505     2.4300     1.1281     0.0000     0.1269 9.6071e+02     1.4404      0.411      0.596    16.4203 0.0000e+00
      0.422      0.011     9.1889     94.187     29.613  24.533994     2.4300     1.0785     0.0000     0.1269 6.3796e+02     1.3652      0.414      0.600    16.4199 0.0000e+00
      0.425      0.011     9.1953     94.194     29.604  24.526861     2.4300     1.0823     0.0000     0.1269 9.8716e+02     1.2600      0.416      0.604    16.4199 0.0000e+00
      0.428      0.011     9.2026     94.165     29.595  24.519122     2.4300     1.1815     0.0000     0.3384 7.2854e+02     1.4554      0.419      0.608    16.4203 0.0000e+00
      0.430      0.011     9.2091     94.114     29.592  24.516630     2.4300     1.1663     0.0000     0.3384 5.1863e+02     1.4103      0.422      0.612    16.4207 0.0000e+00
      0.433      0.012     9.2133     94.050     29.594  24.518721     2.4300     1.1777     0.0000     0.3384 4.0176e+02     1.3051      0.425      0.616    16.4210 0.0000e+00
      0.436      0.012     9.2140     93.984     29.593  24.518036     2.4300     1.1586     0.0000     0.3384 4.7992e+02     1.4854      0.428      0.620    16.4211 0.0000e+00
      0.439      0.012     9.2112     93.929     29.589  24.514390     2.4300     1.1586     0.0426     0.2115 4.5326e+02     1.4253      0.430      0.624    16.4212 0.0000e+00
      0.442      0.012     9.2062     93.896     29.584  24.510772     2.4300     1.1624     0.0426     0.2115 4.6645e+02     1.3351      0.433      0.629    16.4212 0.0000e+00
      0.445      0.012     9.1999     93.888     29.578  24.506215     2.4300     1.1777     0.0426     0.2115 6.5610e+02     1.3652      0.436      0.633    16.4213 0.0000e+00
      0.448      0.013     9.1935     93.901     29.575  24.503465     2.4300     1.1548     0.0426     0.2115 6.1256e+02     1.3802      0.440      0.638    16.4213 0.0000e+00
      0.451      0.013     9.1881     93.932     29.578  24.505746     2.4300     1.2235     0.0426     0.1269 5.5573e+02     1.3802      0.443      0.642    16.4215 0.0000e+00
      0.455      0.013     9.1848     93.971     29.582  24.509707     2.4300     1.2159     0.0426     0.1269 5.4261e+02     1.4404      0.446      0.647    16.4217 0.0000e+00
      0.458      0.013     9.1839     94.006     29.585  24.512447     2.4300     1.2311     0.0426     0.1269 1.0014e+03     1.3351      0.449      0.651    16.4221 0.0000e+00
      0.461      0.014     9.1851     94.037     29.588  24.514695     2.4300     1.2387     0.0426     0.1269 5.2979e+02     1.3502      0.453      0.656    16.4223 0.0000e+00
      0.465      0.014     9.1881     94.069     29.591  24.517052     2.4300     1.2311     0.0426     0.1269 5.3990e+02     1.3201      0.456      0.661    16.4225 0.0000e+00
      0.468      0.014     9.1919     94.102     29.594  24.520145     2.3400     1.2197     0.0000     0.1692 5.7054e+02     1.3201      0.460      0.666    16.4225 0.0000e+00
      0.472      0.015     9.1954     94.133     29.595  24.520841     2.3400     1.2235     0.0000     0.1692 8.4971e+02     1.3953      0.463      0.671    16.4225 0.0000e+00
      0.476      0.015     9.1984     94.160     29.593  24.519326     2.3400     1.2387     0.0000     0.1692 4.8961e+02     1.4404      0.467      0.677    16.4225 0.0000e+00
      0.480      0.016     9.2015     94.175     29.593  24.519154     2.3400     1.2807     0.0000     0.1692 5.9356e+02     1.2901      0.470      0.682    16.4227 0.0000e+00
      0.484      0.016     9.2047     94.175     29.594  24.520279     2.3400     1.3074     0.0000     0.1692 6.0292e+02     1.3051      0.474      0.688    16.4229 0.0000e+00
      0.488      0.017     9.2077     94.161     29.597  24.523001     2.3400     1.2998     0.0000     0.1692 1.8151e+03     1.4404      0.479      0.694    16.4232 0.0000e+00
      0.492      0.017     9.2103     94.135     29.598  24.524088     2.3400     1.2921     0.0000     0.1692 8.1836e+02     1.3502      0.483      0.700    16.4234 0.0000e+00
      0.497      0.018     9.2117     94.105     29.593  24.519869     2.3400     1.3494     0.0000     0.1692 5.7129e+02     1.3953      0.487      0.706    16.4235 0.0000e+00
      0.501      0.018     9.2117     94.084     29.585  24.513179     2.4300     1.3341     0.0426     0.2961 6.0200e+02     1.3351      0.492      0.713    16.4237 0.0000e+00
      0.506      0.019     9.2103     94.076     29.581  24.510152     2.4300     1.3532     0.0426     0.2961 5.1571e+02     1.3953      0.497      0.720    16.4239 0.0000e+00
      0.511      0.019     9.2077     94.076     29.586  24.513940     2.4300     1.3265     0.0426     0.2961 1.1347e+03     1.3652      0.502      0.727    16.4241 0.0000e+00
      0.516      0.020     9.2048     94.078     29.594  24.521594     2.4300     1.3456     0.0426     0.2961 5.9137e+02     1.2299      0.506      0.734    16.4242 0.0000e+00
      0.521      0.020     9.2027     94.072     29.600  24.527237     2.4300     1.3684     0.0426     0.2115 6.9908e+02     1.3802      0.511      0.741    16.4244 0.0000e+00
      0.526      0.020     9.2018     94.050     29.601  24.528414     2.4300     1.3570     0.0426     0.2115 9.7968e+02     1.3051      0.517      0.749    16.4247 0.0000e+00
      0.532      0.020     9.2017     94.010     29.598  24.525441     2.4300     1.3532     0.0426     0.2115 5.0036e+02     1.3953      0.522      0.757    16.4251 0.0000e+00
      0.538      0.020     9.2018     93.957     29.588  24.517523     2.4300     1.4257     0.0426     0.2115 1.2947e+03     1.4554      0.527      0.765    16.4257 0.0000e+00
      0.543      0.020     9.2010     93.905     29.575  24.506509     2.4300     1.4333     0.0426     0.2115 5.9965e+02     1.2901      0.533      0.772    16.4264 0.0000e+00
      0.548      0.019     9.1988     93.870     29.564  24.497380     2.3400     1.4028     0.0000     0.1692 8.8630e+02     1.3502      0.538      0.779    16.4271 0.0000e+00
      0.553      0.019     9.1948     93.861     29.562  24.495618     2.3400     1.4142     0.0000     0.1692 8.6630e+02     1.3953      0.542      0.786    16.4274 0.0000e+00
      0.558      0.018     9.1896     93.875     29.568  24.500754     2.3400     1.3875     0.0000     0.1692 4.7597e+02     1.3953      0.547      0.793    16.4274 0.0000e+00
      0.562      0.018     9.1845     93.906     29.575  24.506240     2.3400     1.4180     0.0000     0.1692 4.9982e+02     1.3351      0.551      0.799    16.4273 0.0000e+00
      0.567      0.018     9.1811     93.952     29.579  24.509579     2.3400     1.3875     0.0426     0.1692 6.9938e+02     1.4253      0.556      0.806    16.4272 0.0000e+00
      0.571      0.018     9.1802     94.007     29.581  24.511663     2.3400     1.3875     0.0426     0.1692 6.2792e+02     1.3351      0.560      0.812    16.4272 0.0000e+00
      0.576      0.018     9.1816     94.059     29.583  24.513046     2.3400     1.4562     0.0426     0.1692 5.0069e+02     1.3802      0.564      0.819    16.4272 0.0000e+00
      0.580      0.018     9.1846     94.098     29.585  24.514097     2.3400     1.4638     0.0426     0.1692 5.8257e+02     1.3502      0.569      0.825    16.4273 0.0000e+00
      0.585      0.019     9.1891     94.122     29.587  24.515097     2.4300     1.4638     0.0426     0.2538 7.2036e+02     1.3051      0.573      0.832    16.4274 0.0000e+00
      0.589      0.019     9.1945     94.137     29.584  24.512353     2.4300     1.4524     0.0426     0.2538 7.4925e+02     1.3201      0.578      0.839    16.4273 0.0000e+00
      0.594      0.019     9.1997     94.150     29.575  24.505135     2.4300     1.3875     0.0426     0.2538 4.6463e+02     1.3201      0.583      0.846    16.4269 0.0000e+00
      0.600      0.019     9.2037     94.171     29.568  24.499434     2.4300     1.4066     0.0426     0.2538 4.4303e+02     1.3502      0.588      0.853    16.4262 0.0000e+00
      0.605      0.019     9.2062     94.199     29.566  24.497690     2.4300     1.4219     0.0852     0.2538 4.1643e+02     1.2901      0.593      0.860    16.4255 0.0000e+00
      0.610      0.019     9.2077     94.231     29.563  24.495478     2.4300     1.4295     0.0852     0.2538 5.6868e+02     1.3953      0.598      0.867    16.4250 0.0000e+00
      0.614      0.020     9.2090     94.260     29.553  24.488249     2.4300     1.4257     0.0852     0.2538 4.1616e+02     1.3351      0.602      0.874    16.4249 0.0000e+00
      0.619      0.020     9.2110     94.284     29.545  24.481995     2.4300     1.4104     0.0852     0.2538 4.0290e+02     1.3051      0.607      0.881    16.4249 0.0000e+00
      0.624      0.020     9.2137     94.298     29.546  24.482965     2.4300     1.4180     0.0852     0.2538 4.0792e+02     1.3351      0.612      0.888    16.4252 0.0000e+00
