Data/DataNotYetUploadedToEDI/Raw_CTD/RawDownloads/042423_bvr50_S8188001.cnv
* Sea-Bird SBE19plus  Data File:
* FileName = C:\R\Reservoirs\Data\DataNotYetUploadedToEDI\Raw_CTD\RawDownloads\042423_bvr50_S8188_0001.hex
* Software version 2.8.0.119
* Temperature SN = 8188
* Conductivity SN = 8188
* System UpLoad Time = May 11 2023 10:37:57
* <ApplicationData>
* <Seaterm232>
# nquan = 16
# nvalues = 1944                        
# units = specified
# name 0 = depFM: Depth [fresh water, m]
# name 1 = dz/dtM: Descent Rate [m/s]
# name 2 = sbeox0Mg/L: Oxygen, SBE 43 [mg/l]
# name 3 = sbeox0PS: Oxygen, SBE 43 [% saturation]
# name 4 = specc: Specific Conductance [uS/cm]
# name 5 = c0uS/cm: Conductivity [uS/cm]
# name 6 = wetCDOM: Fluorescence, WET Labs CDOM [mg/m^3]
# name 7 = flECO-AFL: Fluorescence, WET Labs ECO-AFL/FL [mg/m^3]
# name 8 = flECO-AFL1: Fluorescence, WET Labs ECO-AFL/FL, 2 [mg/m^3]
# name 9 = flECO-AFL2: Fluorescence, WET Labs ECO-AFL/FL, 3 [mg/m^3]
# name 10 = par/sat/log: PAR/Logarithmic, Satlantic
# name 11 = turbWETntu0: Turbidity, WET Labs ECO [NTU]
# name 12 = prdM: Pressure, Strain Gauge [db]
# name 13 = prdE: Pressure, Strain Gauge [psi]
# name 14 = tv290C: Temperature [ITS-90, deg C]
# name 15 = flag:  0.000e+00
# span 0 =     -0.730,      9.339       
# span 1 =     -0.256,      0.140       
# span 2 =     1.1670,    11.2296       
# span 3 =      9.763,    108.217       
# span 4 =      1.490,     36.742       
# span 5 =   1.157856,  26.105177       
# span 6 =    -4.5000,     4.0500       
# span 7 =    -1.7673,   245.1885       
# span 8 =    -2.1300,     1.1076       
# span 9 =    -2.0304,    17.1315       
# span 10 = 2.1694e-01, 3.1372e+03      
# span 11 =    -4.8723,   966.3751      
# span 12 =     -0.716,      9.159      
# span 13 =     -1.039,     13.284      
# span 14 =     7.5915,    16.4327      
# span 15 = 0.0000e+00, 0.0000e+00      
# interval = seconds: 0.25
# start_time = Apr 24 2023 10:26:15 [Instrument's time stamp, header]
# bad_flag = -9.990e-29
*END*
[from data line 1808]
      4.571     -0.159     6.7279     65.848     30.484  20.731931     3.3300     7.8383     0.0426     1.2690 3.6795e+01     1.8462      4.483      6.502     8.7727 0.0000e+00
      4.530     -0.159     6.8709     68.642     30.435  20.734136     3.3300     6.7511     0.0426     1.2690 3.8254e+01     1.7860      4.442      6.443     8.8403 0.0000e+00
      4.490     -0.160     7.0690     71.494     30.385  20.745511     3.3300     6.7587     0.0852     1.3113 3.9103e+01     1.7860      4.403      6.386     8.8993 0.0000e+00
      4.450     -0.161     7.3182     74.279     30.322  20.757218     3.3300     6.7244     0.0852     1.3113 3.8874e+01     1.7259      4.364      6.330     8.9518 0.0000e+00
      4.410     -0.163     7.6073     76.903     30.256  20.772379     3.3300     6.7396     0.0852     1.3113 4.0627e+01     1.8161      4.325      6.273     9.0032 0.0000e+00
      4.368     -0.163     7.9185     79.314     30.213  20.802957     3.3300     5.4388     0.0852     1.3113 4.3007e+01     1.5907      4.284      6.213     9.0620 0.0000e+00
      4.325     -0.163     8.2325     81.499     30.188  20.845233     3.4200     5.4731     0.0852     1.0998 4.6084e+01     1.6508      4.241      6.151     9.1366 0.0000e+00
      4.281     -0.162     8.5345     83.485     30.149  20.880795     3.4200     5.4579     0.0852     1.0998 4.8404e+01     1.5305      4.198      6.090     9.2274 0.0000e+00
      4.239     -0.159     8.8152     85.345     30.076  20.893399     3.4200     5.4312     0.0852     1.0998 5.0477e+01     1.6508      4.157      6.030     9.3268 0.0000e+00
      4.199     -0.156     9.0703     87.152     29.997  20.892346     3.4200     4.4317     0.0852     1.0998 5.1844e+01     1.5907      4.118      5.973     9.4266 0.0000e+00
      4.161     -0.153     9.2988     88.913     29.948  20.895172     3.3300     4.4241     0.0426     1.1421 5.0106e+01     1.5756      4.081      5.919     9.5252 0.0000e+00
      4.124     -0.150     9.5025     90.598     29.927  20.902630     3.3300     4.4241     0.0426     1.1421 5.2903e+01     1.5756      4.045      5.866     9.6286 0.0000e+00
      4.087     -0.149     9.6905     92.162     29.923  20.912751     3.3300     4.4355     0.0426     1.1421 5.5469e+01     1.6808      4.008      5.813     9.7338 0.0000e+00
      4.048     -0.148     9.8754     93.529     29.930  20.932191     3.3300     4.6072     0.0426     1.1421 5.5856e+01     1.6057      3.970      5.758     9.8231 0.0000e+00
      4.010     -0.147    10.0610     94.619     29.945  20.970092     3.3300     4.6148     0.0426     1.1421 6.0401e+01     1.5305      3.933      5.704     9.8844 0.0000e+00
      3.972     -0.147    10.2435     95.389     29.956  21.024685     3.3300     4.6110     0.0426     1.1421 6.1314e+01     1.5606      3.896      5.650     9.9204 0.0000e+00
      3.936     -0.146    10.4155     95.877     29.941  21.080844     3.3300     4.6262     0.0426     1.1421 6.0362e+01     1.6057      3.860      5.598     9.9419 0.0000e+00
      3.899     -0.144    10.5641     96.193     29.905  21.133756     3.3300     4.7178     0.0426     1.1421 6.3718e+01     1.3351      3.824      5.546     9.9666 0.0000e+00
      3.862     -0.142    10.6759     96.451     29.884  21.199512     3.3300     4.7331     0.0426     1.1421 6.7144e+01     1.3201      3.788      5.494    10.0123 0.0000e+00
      3.825     -0.140    10.7431     96.737     29.879  21.279816     3.2400     4.7178     0.0426     1.0152 6.9792e+01     1.3351      3.751      5.441    10.0909 0.0000e+00
      3.788     -0.137    10.7698     97.136     29.852  21.350565     3.2400     4.7025     0.0426     1.0152 7.1807e+01     1.3502      3.715      5.389    10.2027 0.0000e+00
      3.754     -0.135    10.7723     97.721     29.794  21.396981     3.2400     5.1870     0.0426     1.0152 7.4687e+01     1.2600      3.682      5.340    10.3332 0.0000e+00
      3.722     -0.134    10.7672     98.503     29.732  21.427490     3.2400     5.1756     0.0426     1.0152 7.1604e+01     1.3351      3.650      5.294    10.4681 0.0000e+00
      3.690     -0.134    10.7636     99.419     29.686  21.452207     3.2400     5.2023     0.0426     0.9729 7.0877e+01     1.3351      3.619      5.249    10.6083 0.0000e+00
      3.657     -0.135    10.7700    100.368     29.662  21.477726     3.2400     5.2023     0.0426     0.9729 7.6196e+01     1.3051      3.586      5.201    10.7589 0.0000e+00
      3.621     -0.137    10.7975    101.239     29.664  21.514812     3.2400     5.1374     0.0426     0.9729 7.7380e+01     1.3652      3.551      5.151    10.9072 0.0000e+00
      3.584     -0.140    10.8521    101.948     29.682  21.569394     3.2400     5.1374     0.0426     0.9729 8.0502e+01     1.2600      3.515      5.099    11.0329 0.0000e+00
      3.547     -0.141    10.9285    102.466     29.693  21.632277     3.1500     5.1565     0.0426     1.0575 8.5199e+01     1.3802      3.479      5.046    11.1296 0.0000e+00
      3.511     -0.141    11.0146    102.807     29.686  21.690545     3.1500     5.1183     0.0426     1.0575 8.2003e+01     1.3051      3.443      4.994    11.2018 0.0000e+00
      3.475     -0.140    11.0947    103.003     29.677  21.747864     3.1500     5.4273     0.0426     1.0575 8.5589e+01     1.3652      3.408      4.943    11.2624 0.0000e+00
      3.439     -0.137    11.1547    103.087     29.687  21.819521     3.1500     5.4655     0.0426     1.0575 9.0328e+01     1.5155      3.373      4.892    11.3323 0.0000e+00
      3.403     -0.132    11.1879    103.113     29.719  21.916708     3.1500     5.4540     0.0000     0.8460 9.0544e+01     1.3953      3.338      4.841    11.4242 0.0000e+00
      3.369     -0.128    11.1980    103.153     29.735  22.015863     3.1500     5.4655     0.0000     0.8460 9.5185e+01     1.3802      3.304      4.793    11.5306 0.0000e+00
      3.337     -0.124    11.1920    103.290     29.681  22.072178     3.1500     5.6219     0.0000     0.8460 9.4504e+01     1.6658      3.273      4.747    11.6377 0.0000e+00
      3.308     -0.121    11.1734    103.551     29.594  22.090779     3.1500     5.6333     0.0000     0.8460 9.1653e+01     1.6207      3.244      4.705    11.7468 0.0000e+00
      3.280     -0.120    11.1448    103.845     29.541  22.108299     3.1500     5.6486     0.0000     0.8460 9.3159e+01     1.6057      3.216      4.665    11.8704 0.0000e+00
      3.251     -0.121    11.1116    104.066     29.517  22.129412     3.1500     5.6372     0.0426     0.9306 9.2775e+01     1.5907      3.188      4.624    12.0188 0.0000e+00
      3.221     -0.125    11.0852    104.186     29.489  22.135997     3.1500     5.1336     0.0426     0.9306 9.3159e+01     1.3953      3.158      4.581    12.1818 0.0000e+00
      3.188     -0.129    11.0778    104.185     29.459  22.129810     3.1500     5.1603     0.0426     0.9306 9.9564e+01     1.3201      3.126      4.534    12.3222 0.0000e+00
      3.153     -0.132    11.0850    104.001     29.466  22.140871     3.1500     5.1451     0.0426     0.9306 1.0237e+02     1.2600      3.092      4.485    12.4185 0.0000e+00
      3.117     -0.135    11.0921    103.608     29.511  22.184003     3.1500     5.1565     0.0852     0.8883 1.0239e+02     1.2901      3.057      4.434    12.4838 0.0000e+00
      3.082     -0.137    11.0932    103.074     29.556  22.242996     3.1500     5.3396     0.0852     0.8883 1.0560e+02     1.3802      3.023      4.384    12.5311 0.0000e+00
      3.047     -0.138    11.0862    102.547     29.572  22.297958     3.1500     5.3205     0.0852     0.8883 1.0828e+02     1.4253      2.988      4.334    12.5584 0.0000e+00
      3.013     -0.139    11.0644    102.157     29.563  22.339795     3.1500     5.3091     0.0852     0.8883 1.0820e+02     1.3652      2.954      4.285    12.5679 0.0000e+00
      2.977     -0.140    11.0191    101.933     29.547  22.371750     3.1500     5.3396     0.0426     0.9306 1.1517e+02     1.3953      2.920      4.235    12.5825 0.0000e+00
      2.942     -0.141    10.9518    101.835     29.546  22.406306     3.1500     4.9200     0.0426     0.9306 1.1940e+02     1.2901      2.885      4.184    12.6256 0.0000e+00
      2.906     -0.145    10.8784    101.819     29.575  22.460593     3.1500     4.8742     0.0426     0.9306 1.2047e+02     1.2600      2.850      4.133    12.6974 0.0000e+00
      2.869     -0.150    10.8168    101.866     29.629  22.545131     3.1500     4.8971     0.0426     0.9306 1.2813e+02     1.3652      2.814      4.081    12.7802 0.0000e+00
      2.832     -0.156    10.7750    101.979     29.689  22.652773     2.9700     4.9009     0.0000     0.9729 1.2514e+02     1.3652      2.778      4.028    12.8548 0.0000e+00
      2.793     -0.163    10.7502    102.166     29.742  22.776598     2.9700     4.0044     0.0000     0.9729 1.3330e+02     1.3502      2.739      3.972    12.9139 0.0000e+00
      2.750     -0.171    10.7352    102.426     29.797  22.919940     2.9700     3.9892     0.0000     0.9729 1.2733e+02     1.3802      2.697      3.912    12.9689 0.0000e+00
      2.704     -0.177    10.7228    102.768     29.849  23.075504     2.9700     4.0044     0.0000     0.9729 1.5817e+02     1.3351      2.652      3.847    13.0413 0.0000e+00
      2.656     -0.181    10.7096    103.202     29.869  23.219460     2.9700     3.9854     0.0000     0.9729 1.5032e+02     1.3351      2.605      3.778    13.1463 0.0000e+00
      2.608     -0.184    10.6957    103.713     29.844  23.334778     2.8800     2.9516     0.0426     0.8883 1.6634e+02     1.3051      2.557      3.709    13.2863 0.0000e+00
      2.560     -0.185    10.6827    104.214     29.799  23.428464     2.8800     2.9363     0.0426     0.8883 1.6649e+02     1.3652      2.510      3.641    13.4558 0.0000e+00
      2.514     -0.184    10.6723    104.564     29.749  23.503734     2.8800     2.9706     0.0426     0.8883 1.7242e+02     1.3802      2.465      3.575    13.6501 0.0000e+00
      2.468     -0.183    10.6664    104.639     29.701  23.562850     2.8800     2.9516     0.0426     0.8883 1.6566e+02     1.3802      2.420      3.510    13.8661 0.0000e+00
      2.421     -0.180    10.6661    104.359     29.686  23.629496     2.7900     2.3870     0.0426     0.7614 1.9827e+02     1.2600      2.374      3.444    14.0921 0.0000e+00
      2.374     -0.177    10.6671    103.697     29.703  23.713529     2.7900     2.3832     0.0426     0.7614 1.8988e+02     1.2750      2.328      3.377    14.3085 0.0000e+00
      2.328     -0.174    10.6581    102.720     29.707  23.787875     2.7900     2.3946     0.0426     0.7614 1.9116e+02     1.4404      2.283      3.311    14.5022 0.0000e+00
      2.284     -0.171    10.6285    101.548     29.671  23.826836     2.7900     2.4061     0.0426     0.7614 2.2088e+02     1.3051      2.240      3.248    14.6648 0.0000e+00
      2.242     -0.170    10.5701    100.291     29.635  23.850702     2.7000     2.0856     0.0000     0.5922 2.1053e+02     1.3953      2.199      3.189    14.7967 0.0000e+00
      2.202     -0.171    10.4767     99.015     29.641  23.891571     2.7000     2.1047     0.0000     0.5922 1.9715e+02     1.4253      2.159      3.131    14.9151 0.0000e+00
      2.160     -0.174    10.3514     97.784     29.659  23.938569     2.7000     2.0932     0.0000     0.5922 2.2495e+02     1.3051      2.118      3.072    15.0347 0.0000e+00
      2.116     -0.179    10.2082     96.689     29.660  23.974538     2.7000     2.0589     0.0000     0.5922 2.0785e+02     1.3953      2.075      3.010    15.1483 0.0000e+00
      2.069     -0.186    10.0625     95.798     29.662  24.016987     2.5200     2.1047     0.0000     0.4230 2.1760e+02     1.4253      2.029      2.943    15.2368 0.0000e+00
      2.020     -0.192     9.9212     95.129     29.669  24.071300     2.5200     2.0856     0.0000     0.4230 2.3741e+02     1.3351      1.981      2.872    15.2983 0.0000e+00
      1.969     -0.197     9.7864     94.662     29.657  24.114352     2.5200     2.1009     0.0000     0.4230 2.2900e+02     1.4103      1.931      2.800    15.3524 0.0000e+00
      1.917     -0.201     9.6643     94.350     29.622  24.133875     2.5200     2.0665     0.0000     0.4230 2.4162e+02     1.3051      1.880      2.727    15.4124 0.0000e+00
      1.865     -0.202     9.5611     94.128     29.580  24.135078     2.5200     2.0131     0.0000     0.4230 2.4136e+02     1.4404      1.829      2.653    15.4810 0.0000e+00
      1.813     -0.202     9.4776     93.935     29.551  24.134118     2.4300     1.9979     0.0426     0.4230 2.4168e+02     1.2600      1.778      2.578    15.5625 0.0000e+00
      1.761     -0.202     9.4129     93.711     29.545  24.142616     2.4300     2.0360     0.0426     0.4230 2.8495e+02     1.3051      1.727      2.504    15.6521 0.0000e+00
      1.710     -0.203     9.3656     93.419     29.552  24.158878     2.4300     2.0170     0.0426     0.4230 2.5351e+02     1.2299      1.677      2.431    15.7329 0.0000e+00
      1.659     -0.204     9.3315     93.083     29.571  24.187242     2.4300     1.9140     0.0426     0.4230 2.6477e+02     1.3051      1.627      2.360    15.7927 0.0000e+00
      1.609     -0.206     9.3046     92.771     29.601  24.231311     2.4300     1.9025     0.0426     0.2538 2.9254e+02     1.3953      1.578      2.288    15.8308 0.0000e+00
      1.556     -0.208     9.2777     92.546     29.622  24.275127     2.4300     1.9101     0.0426     0.2538 2.7852e+02     1.3351      1.526      2.213    15.8540 0.0000e+00
      1.502     -0.209     9.2453     92.441     29.626  24.306621     2.4300     1.8911     0.0426     0.2538 2.9356e+02     1.3351      1.473      2.136    15.8716 0.0000e+00
      1.446     -0.209     9.2078     92.459     29.628  24.334194     2.4300     1.9063     0.0426     0.2538 3.1573e+02     1.4253      1.418      2.057    15.8933 0.0000e+00
      1.392     -0.208     9.1704     92.570     29.634  24.361241     2.4300     1.9025     0.0000     0.4230 3.0840e+02     1.3652      1.365      1.979    15.9265 0.0000e+00
      1.339     -0.205     9.1395     92.723     29.634  24.381119     2.4300     1.8987     0.0000     0.4230 3.0079e+02     1.3502      1.313      1.904    15.9709 0.0000e+00
      1.287     -0.200     9.1201     92.864     29.630  24.393192     2.4300     1.8949     0.0000     0.4230 3.8234e+02     1.2299      1.262      1.831    16.0180 0.0000e+00
      1.236     -0.193     9.1134     92.947     29.624  24.400679     2.4300     1.7575     0.0000     0.4230 3.7600e+02     1.3201      1.213      1.758    16.0615 0.0000e+00
      1.187     -0.188     9.1169     92.952     29.617  24.403598     2.4300     1.7881     0.0852     0.2961 3.4455e+02     1.3201      1.164      1.688    16.0998 0.0000e+00
      1.140     -0.183     9.1256     92.886     29.609  24.402728     2.4300     1.7881     0.0852     0.2961 5.2807e+02     1.2901      1.118      1.621    16.1327 0.0000e+00
      1.096     -0.181     9.1343     92.772     29.605  24.401795     2.4300     1.7804     0.0852     0.2961 3.4657e+02     1.3802      1.075      1.559    16.1593 0.0000e+00
      1.053     -0.181     9.1385     92.642     29.602  24.400550     2.4300     1.7652     0.0852     0.2961 4.0668e+02     1.4253      1.033      1.498    16.1798 0.0000e+00
      1.009     -0.182     9.1362     92.529     29.596  24.396683     2.4300     1.7728     0.0852     0.2961 4.2144e+02     1.2149      0.990      1.435    16.1945 0.0000e+00
      0.962     -0.185     9.1279     92.453     29.586  24.391142     2.4300     1.7995     0.0426     0.2961 5.3967e+02     1.2901      0.943      1.368    16.2036 0.0000e+00
      0.912     -0.189     9.1159     92.423     29.578  24.388386     2.4300     1.7652     0.0426     0.2961 4.7206e+02     1.3953      0.895      1.298    16.2078 0.0000e+00
      0.862     -0.192     9.1028     92.438     29.577  24.391642     2.4300     1.6011     0.0426     0.2961 6.9514e+02     1.3652      0.845      1.226    16.2098 0.0000e+00
