Data/DataNotYetUploadedToEDI/Raw_CTD/RawDownloads/042621_fcr50_0001.cnv
* Sea-Bird SBE19plus  Data File:
* FileName = C:\R\Reservoirs\Data\DataNotYetUploadedToEDI\Raw_CTD\RawDownloads\042621_fcr50_0001.hex
* Software version 2.8.0.119
* Temperature SN = 7809
* Conductivity SN = 7809
* System UpLoad Time = Apr 26 2021 18:39:10
* <ApplicationData>
* <Seaterm232>
# nquan = 16
# nvalues = 1442                        
# units = specified
# name 0 = depFM: Depth [fresh water, m]
# name 1 = dz/dtM: Descent Rate [m/s]
# name 2 = orp: Oxidation Reduction Potential [mV]
# name 3 = sbeox0Mg/L: Oxygen, SBE 43 [mg/l]
# name 4 = sbeox0PS: Oxygen, SBE 43 [% saturation]
# name 5 = par/sat/log: PAR/Logarithmic, Satlantic
# name 6 = ph: pH
# name 7 = specc: Specific Conductance [uS/cm]
# name 8 = c0uS/cm: Conductivity [uS/cm]
# name 9 = flECO-AFL: Fluorescence, WET Labs ECO-AFL/FL [mg/m^3]
# name 10 = turbWETntu0: Turbidity, WET Labs ECO [NTU]
# name 11 = tv290C: Temperature [ITS-90, deg C]
# name 12 = density00: Density [density, kg/m^3]
# name 13 = prdE: Pressure, Strain Gauge [psi]
# name 14 = prdM: Pressure, Strain Gauge [db]
# name 15 = flag:  0.000e+00
# span 0 =     -0.623,      9.752       
# span 1 =     -0.304,      0.208       
# span 2 =   195.6915,  1240.2295       
# span 3 =     0.1323,    10.2489       
# span 4 =      1.164,     99.503       
# span 5 = 1.2351e-01, 2.3768e+03       
# span 6 =     15.186,     15.854       
# span 7 =      0.653,    316.965       
# span 8 =   0.562560, 207.310565       
# span 9 =    -2.2357,    22.0770       
# span 10 =    -9.7927,   936.2112      
# span 11 =     7.4991,    18.1024      
# span 12 =   998.5819,  1000.0326      
# span 13 =     -0.886,     13.871      
# span 14 =     -0.611,      9.564      
# span 15 = 0.0000e+00, 0.0000e+00      
# interval = seconds: 0.25
# start_time = Apr 25 2021 22:43:12 [Instrument's time stamp, header]
# bad_flag = -9.990e-29
*END*
[from data line 1266]
      5.347     -0.153   296.3029     3.2433     28.146 3.7134e+00     15.850     34.636  22.790472     6.5937     4.8233     7.8845   999.8967      7.599      5.240 0.0000e+00
      5.312     -0.156   296.6196     3.2730     28.228 3.8501e+00     15.851     34.531  22.722747     6.8827     4.7174     7.8893   999.8963      7.555      5.209 0.0000e+00
      5.279     -0.163   296.9457     3.2946     28.262 4.0131e+00     15.852     34.428  22.657897     7.0460     4.6820     7.8942   999.8958      7.513      5.180 0.0000e+00
      5.241     -0.171   297.4927     3.3161     28.282 4.2120e+00     15.852     34.299  22.577138     7.0517     4.6710     7.8971   999.8955      7.457      5.141 0.0000e+00
      5.196     -0.177   298.1567     3.3507     28.274 4.4759e+00     15.852     34.184  22.507333     6.9611     4.6183     7.8972   999.8952      7.393      5.097 0.0000e+00
      5.143     -0.180   298.7789     3.3516     28.331 4.8183e+00     15.852     34.180  22.511503     6.8094     4.5599     7.8990   999.8947      7.319      5.046 0.0000e+00
      5.086     -0.178   299.3378     3.3527     28.458 5.1623e+00     15.852     34.250  22.564141     6.7432     4.5136     7.9039   999.8942      7.232      4.986 0.0000e+00
      5.035     -0.175   299.8375     3.3623     28.626 5.4272e+00     15.852     34.259  22.573016     6.8181     4.5048     7.9101   999.8936      7.152      4.932 0.0000e+00
      4.997     -0.172   300.2607     3.3485     28.844 5.6195e+00     15.853     34.229  22.555392     7.5821     4.4884     7.9191   999.8928      7.103      4.897 0.0000e+00
      4.965     -0.169   300.6687     3.3579     29.044 5.8360e+00     15.854     34.202  22.541319     8.9701     4.4527     7.9299   999.8920      7.067      4.872 0.0000e+00
      4.929     -0.166   301.1581     3.3754     29.236 6.1559e+00     15.854     34.174  22.529703     9.7345     4.4852     7.9401   999.8913      7.019      4.839 0.0000e+00
      4.882     -0.166   301.6179     3.3895     29.540 6.5528e+00     15.853     34.180  22.541782     9.8243     4.5379     7.9441   999.8908      6.948      4.790 0.0000e+00
      4.830     -0.169   302.0109     3.4230     29.973 6.9560e+00     15.853     34.199  22.560534     9.8838     4.5061     7.9442   999.8906      6.865      4.733 0.0000e+00
      4.783     -0.173   302.4686     3.4462     30.444 7.3065e+00     15.853     34.203  22.566185    10.3685     4.4096     7.9497   999.8900      6.799      4.688 0.0000e+00
      4.743     -0.176   302.8505     3.4582     30.853 7.6328e+00     15.853     34.169  22.546696    11.2591     4.3672     7.9614   999.8891      6.747      4.652 0.0000e+00
      4.704     -0.179   303.1864     3.4945     31.201 8.0034e+00     15.853     34.112  22.515151    11.7543     4.4052     7.9747   999.8881      6.692      4.614 0.0000e+00
      4.663     -0.181   303.6905     3.5484     31.511 8.4449e+00     15.854     34.077  22.501880    11.8349     4.4571     7.9840   999.8874      6.635      4.575 0.0000e+00
      4.614     -0.181   304.3855     3.6108     31.797 8.9923e+00     15.854     34.081  22.513075    12.0336     4.4105     7.9875   999.8870      6.569      4.529 0.0000e+00
      4.559     -0.181   305.1362     3.6572     32.097 9.5956e+00     15.854     34.091  22.523684    12.3643     4.2535     7.9892   999.8866      6.484      4.471 0.0000e+00
      4.505     -0.181   305.5398     3.6953     32.370 1.0117e+01     15.854     34.057  22.503328    12.5422     4.1735     7.9978   999.8858      6.401      4.414 0.0000e+00
      4.461     -0.183   305.7381     3.7337     32.613 1.0525e+01     15.854     33.981  22.457204    12.6116     4.1981     8.0138   999.8846      6.340      4.372 0.0000e+00
      4.426     -0.186   306.1572     3.7592     32.887 1.0932e+01     15.854     33.895  22.409936    13.2984     4.2079     8.0289   999.8835      6.296      4.341 0.0000e+00
      4.388     -0.190   306.6505     3.7998     33.196 1.1493e+01     15.854     33.817  22.375754    14.5614     4.1540     8.0352   999.8830      6.249      4.309 0.0000e+00
      4.338     -0.195   307.1415     3.8329     33.544 1.2284e+01     15.854     33.762  22.361019    15.2657     4.1306     8.0350   999.8827      6.177      4.259 0.0000e+00
      4.277     -0.201   307.7917     3.8547     33.893 1.3165e+01     15.853     33.728  22.358643    15.3770     4.1997     8.0381   999.8822      6.081      4.193 0.0000e+00
      4.218     -0.206   308.4894     3.8894     34.155 1.3977e+01     15.852     33.686  22.347043    15.7250     4.2342     8.0512   999.8811      5.995      4.134 0.0000e+00
      4.165     -0.206   309.0388     3.9213     34.380 1.4755e+01     15.851     33.666  22.347613    16.3367     4.2038     8.0794   999.8791      5.923      4.085 0.0000e+00
      4.114     -0.200   309.3579     3.9590     34.677 1.5538e+01     15.851     33.677  22.365543    16.6595     4.2107     8.1154   999.8766      5.850      4.034 0.0000e+00
      4.066     -0.190   309.5954     4.0063     35.153 1.6349e+01     15.851     33.674  22.373603    16.6715     4.2491     8.1455   999.8745      5.783      3.987 0.0000e+00
      4.019     -0.178   310.1891     4.0296     35.895 1.7219e+01     15.851     33.672  22.381654    16.4908     4.1870     8.1683   999.8729      5.716      3.941 0.0000e+00
      3.970     -0.169   310.8574     4.0487     36.791 1.8043e+01     15.852     33.693  22.399484    16.1353     4.0433     8.1897   999.8712      5.644      3.892 0.0000e+00
      3.927     -0.166   311.1369     4.0808     37.692 1.8711e+01     15.853     33.692  22.398928    15.9300     3.9537     8.2050   999.8701      5.579      3.847 0.0000e+00
      3.892     -0.170   311.5039     4.1252     38.538 1.9263e+01     15.853     33.644  22.374931    15.9148     3.9276     8.2180   999.8691      5.533      3.815 0.0000e+00
      3.860     -0.177   312.1965     4.2204     39.273 1.9953e+01     15.853     33.590  22.363020    15.9329     3.9336     8.2365   999.8678      5.498      3.790 0.0000e+00
      3.819     -0.184   312.8006     4.3330     39.887 2.1059e+01     15.852     33.560  22.381779    15.8726     3.8896     8.2419   999.8673      5.442      3.751 0.0000e+00
      3.762     -0.191   313.3873     4.4391     40.412 2.2445e+01     15.849     33.537  22.411526    15.7102     3.7725     8.2339   999.8675      5.354      3.691 0.0000e+00
      3.701     -0.197   313.9559     4.5424     40.844 2.3779e+01     15.847     33.470  22.405641    15.6099     3.6846     8.2411   999.8667      5.260      3.627 0.0000e+00
      3.645     -0.203   314.1687     4.6251     41.236 2.4930e+01     15.846     33.387  22.374087    15.6043     3.6853     8.2778   999.8641      5.180      3.571 0.0000e+00
      3.598     -0.208   314.4117     4.6869     41.742 2.5946e+01     15.845     33.327  22.347119    15.5851     3.7472     8.3395   999.8599      5.116      3.527 0.0000e+00
      3.555     -0.209   314.9145     4.7415     42.457 2.7073e+01     15.844     33.283  22.333263    15.5393     3.7809     8.4152   999.8547      5.058      3.487 0.0000e+00
      3.506     -0.208   315.6021     4.7850     43.415 2.8621e+01     15.843     33.238  22.333412    15.5180     3.7836     8.4785   999.8503      4.995      3.443 0.0000e+00
      3.446     -0.204   316.5306     4.8160     44.636 3.0503e+01     15.842     33.205  22.348950    15.5279     3.7801     8.5122   999.8477      4.907      3.383 0.0000e+00
      3.381     -0.199   317.1933     4.8719     46.076 3.2237e+01     15.841     33.230  22.394327    15.4783     3.7043     8.5241   999.8464      4.803      3.312 0.0000e+00
      3.324     -0.196   317.2475     4.9529     47.541 3.3556e+01     15.840     33.270  22.438162    15.3476     3.5535     8.5384   999.8453      4.718      3.253 0.0000e+00
      3.283     -0.193   317.1857     5.0564     48.751 3.4564e+01     15.840     33.239  22.435049    15.2640     3.4333     8.5879   999.8418      4.664      3.215 0.0000e+00
      3.249     -0.189   317.4791     5.1924     49.708 3.5676e+01     15.839     33.171  22.420127    15.2304     3.4176     8.6576   999.8367      4.626      3.189 0.0000e+00
      3.209     -0.184   318.1286     5.3593     50.642 3.7411e+01     15.837     33.155  22.448022    14.9028     3.4674     8.7027   999.8333      4.575      3.154 0.0000e+00
      3.153     -0.180   319.0155     5.5479     51.652 3.9619e+01     15.836     33.200  22.518693    14.2791     3.4855     8.7176   999.8320      4.488      3.094 0.0000e+00
      3.093     -0.178   319.7705     5.6842     52.733 4.1646e+01     15.835     33.224  22.577056    13.9256     3.4648     8.7368   999.8304      4.393      3.028 0.0000e+00
      3.043     -0.178   320.1163     5.7722     53.862 4.3167e+01     15.834     33.169  22.582958    13.8703     3.4569     8.7874   999.8265      4.321      2.979 0.0000e+00
      3.006     -0.181   320.3569     5.8711     54.994 4.4333e+01     15.832     33.123  22.590102    13.6300     3.3560     8.8539   999.8216      4.271      2.945 0.0000e+00
      2.974     -0.186   320.6999     5.9796     56.056 4.5632e+01     15.829     33.083  22.600054    13.1947     3.1377     8.9095   999.8175      4.232      2.918 0.0000e+00
      2.937     -0.193   321.1665     6.0982     57.041 4.7737e+01     15.827     32.976  22.576492    12.9560     3.0142     8.9711   999.8129      4.188      2.888 0.0000e+00
      2.884     -0.199   321.8690     6.2170     58.010 5.0837e+01     15.824     32.871  22.558941    12.9192     2.9961     9.0464   999.8070      4.111      2.835 0.0000e+00
      2.815     -0.201   322.5682     6.3460     59.098 5.4272e+01     15.822     32.840  22.578153    12.8924     2.9873     9.0999   999.8026      4.003      2.761 0.0000e+00
      2.748     -0.201   322.7380     6.4601     60.343 5.7244e+01     15.822     32.875  22.618568    12.7084     3.0459     9.1445   999.7988      3.900      2.689 0.0000e+00
      2.694     -0.197   322.5447     6.5589     61.566 5.9349e+01     15.822     32.938  22.667106    12.3538     3.1549     9.2250   999.7923      3.822      2.636 0.0000e+00
      2.657     -0.192   322.7264     6.6504     62.763 6.0943e+01     15.822     32.987  22.721097    12.1523     3.2065     9.3215   999.7846      3.775      2.603 0.0000e+00
      2.626     -0.187   323.2994     6.7543     64.056 6.3063e+01     15.821     32.983  22.764033    12.1412     3.1886     9.3888   999.7792      3.744      2.581 0.0000e+00
      2.583     -0.184   323.8808     6.9138     65.474 6.6166e+01     15.818     32.955  22.805785    12.1244     3.1800     9.4077   999.7774      3.685      2.540 0.0000e+00
      2.525     -0.181   324.5081     7.0512     66.918 6.9586e+01     15.814     32.920  22.845467    12.0731     3.1708     9.3949   999.7781      3.591      2.476 0.0000e+00
      2.465     -0.180   324.8608     7.1751     68.128 7.2617e+01     15.811     32.860  22.863378    12.0368     3.1457     9.4208   999.7758      3.502      2.413 0.0000e+00
      2.414     -0.180   324.8758     7.3130     69.035 7.4946e+01     15.809     32.833  22.895563    11.9900     3.1852     9.4998   999.7692      3.426      2.362 0.0000e+00
      2.376     -0.185   325.1198     7.4536     69.733 7.6376e+01     15.807     32.886  22.980995    11.6502     3.2026     9.5965   999.7612      3.372      2.325 0.0000e+00
      2.349     -0.194   325.7465     7.6219     70.421 7.7905e+01     15.805     32.929  23.071922    11.0567     3.1151     9.6982   999.7526      3.345      2.306 0.0000e+00
      2.312     -0.206   326.5170     7.7398     71.386 8.1054e+01     15.803     32.878  23.107152    10.7367     3.0205     9.7923   999.7445      3.305      2.279 0.0000e+00
      2.252     -0.219   327.1214     7.8236     72.615 8.5371e+01     15.801     32.765  23.089935    10.6794     2.9860     9.8687   999.7376      3.213      2.215 0.0000e+00
      2.175     -0.227   327.4616     7.8896     73.875 8.9417e+01     15.799     32.655  23.054085    10.4499     3.0416     9.9268   999.7322      3.091      2.131 0.0000e+00
      2.099     -0.229   327.4481     7.9268     74.964 9.2527e+01     15.797     32.623  23.054245    10.0603     3.1092    10.0197   999.7237      2.978      2.054 0.0000e+00
      2.037     -0.223   327.3020     8.0181     75.859 9.4433e+01     15.796     32.662  23.091898     9.8501     3.0818    10.1480   999.7119      2.888      1.992 0.0000e+00
      1.991     -0.208   327.5011     8.1480     76.732 9.5386e+01     15.796     32.702  23.128834     9.8166     3.0193    10.2443   999.7030      2.828      1.949 0.0000e+00
      1.952     -0.192   328.1347     8.2863     77.727 9.6186e+01     15.796     32.760  23.183749     9.7885     3.0058    10.3080   999.6970      2.782      1.918 0.0000e+00
      1.907     -0.179   328.8537     8.4045     78.823 9.7159e+01     15.795     32.815  23.248524     9.6152     3.0222    10.3407   999.6938      2.717      1.873 0.0000e+00
      1.857     -0.173   329.3124     8.4923     79.867 9.7970e+01     15.792     32.795  23.277845     9.2952     3.0455    10.3464   999.6930      2.638      1.818 0.0000e+00
      1.810     -0.173   329.4649     8.5817     80.721 9.8367e+01     15.790     32.736  23.284644     9.1131     3.0473    10.3593   999.6916      2.571      1.772 0.0000e+00
      1.768     -0.178   329.2339     8.6906     81.358 9.8561e+01     15.789     32.741  23.330782     9.0729     3.0092    10.3743   999.6901      2.516      1.735 0.0000e+00
      1.728     -0.186   328.8429     8.8138     81.748 9.8967e+01     15.788     32.855  23.455214     8.9049     2.9964    10.4083   999.6868      2.460      1.696 0.0000e+00
      1.686     -0.196   328.7811     8.9219     81.880 9.9894e+01     15.785     32.947  23.584186     8.6075     2.9964    10.4852   999.6793      2.400      1.655 0.0000e+00
      1.639     -0.205   329.1747     8.9976     81.985 1.0166e+02     15.780     32.881  23.621823     8.4333     2.9748    10.5704   999.6711      2.338      1.612 0.0000e+00
      1.579     -0.210   329.9882     9.0568     82.389 1.0425e+02     15.776     32.718  23.593273     8.4014     2.9757    10.6283   999.6652      2.252      1.552 0.0000e+00
      1.512     -0.209   330.7878     9.0954     83.137 1.0697e+02     15.773     32.576  23.556196     8.3267     3.0416    10.6789   999.6600      2.146      1.480 0.0000e+00
      1.450     -0.205   330.9264     9.0777     83.905 1.0899e+02     15.773     32.529  23.554128     8.1973     3.1880    10.7738   999.6505      2.054      1.416 0.0000e+00
      1.401     -0.200   330.6328     9.0432     84.397 1.1024e+02     15.773     32.534  23.568302     8.1342     3.2693    10.9160   999.6362      1.988      1.371 0.0000e+00
      1.363     -0.196   330.4216     9.0518     84.641 1.1141e+02     15.773     32.483  23.537321     8.1077     3.2357    11.0669   999.6207      1.939      1.337 0.0000e+00
      1.323     -0.193   330.3513     9.1300     84.887 1.1243e+02     15.773     32.416  23.496650     7.9340     3.1937    11.1748   999.6094      1.888      1.302 0.0000e+00
      1.274     -0.193   330.4703     9.2210     85.348 1.1262e+02     15.772     32.439  23.520502     7.6359     3.1384    11.2131   999.6052      1.818      1.253 0.0000e+00
      1.216     -0.194   331.0013     9.2697     85.910 1.1168e+02     15.772     32.588  23.635457     7.4684     3.0823    11.2178   999.6045      1.729      1.192 0.0000e+00
      1.159     -0.195   331.6085     9.2853     86.325 1.0968e+02     15.772     32.716  23.744996     7.4448     3.0303    11.2258   999.6033      1.645      1.134 0.0000e+00
      1.107     -0.198   331.8745     9.2946     86.555 1.0735e+02     15.771     32.701  23.766784     7.3129     2.9901    11.2399   999.6016      1.569      1.082 0.0000e+00
