Data/DataNotYetUploadedToEDI/Raw_CTD/RawDownloads/042621_fcr50_0001.cnv
* Sea-Bird SBE19plus  Data File:
* FileName = C:\R\Reservoirs\Data\DataNotYetUploadedToEDI\Raw_CTD\RawDownloads\042621_fcr50_0001.hex
* Software version 2.8.0.119
* Temperature SN = 7809
* Conductivity SN = 7809
* System UpLoad Time = Apr 26 2021 18:39:10
* <ApplicationData>
* <Seaterm232>
# nquan = 16
# nvalues = 1442                        
# units = specified
# name 0 = depFM: Depth [fresh water, m]
# name 1 = dz/dtM: Descent Rate [m/s]
# name 2 = orp: Oxidation Reduction Potential [mV]
# name 3 = sbeox0Mg/L: Oxygen, SBE 43 [mg/l]
# name 4 = sbeox0PS: Oxygen, SBE 43 [% saturation]
# name 5 = par/sat/log: PAR/Logarithmic, Satlantic
# name 6 = ph: pH
# name 7 = specc: Specific Conductance [uS/cm]
# name 8 = c0uS/cm: Conductivity [uS/cm]
# name 9 = flECO-AFL: Fluorescence, WET Labs ECO-AFL/FL [mg/m^3]
# name 10 = turbWETntu0: Turbidity, WET Labs ECO [NTU]
# name 11 = tv290C: Temperature [ITS-90, deg C]
# name 12 = density00: Density [density, kg/m^3]
# name 13 = prdE: Pressure, Strain Gauge [psi]
# name 14 = prdM: Pressure, Strain Gauge [db]
# name 15 = flag:  0.000e+00
# span 0 =     -0.623,      9.752       
# span 1 =     -0.304,      0.208       
# span 2 =   195.6915,  1240.2295       
# span 3 =     0.1323,    10.2489       
# span 4 =      1.164,     99.503       
# span 5 = 1.2351e-01, 2.3768e+03       
# span 6 =     15.186,     15.854       
# span 7 =      0.653,    316.965       
# span 8 =   0.562560, 207.310565       
# span 9 =    -2.2357,    22.0770       
# span 10 =    -9.7927,   936.2112      
# span 11 =     7.4991,    18.1024      
# span 12 =   998.5819,  1000.0326      
# span 13 =     -0.886,     13.871      
# span 14 =     -0.611,      9.564      
# span 15 = 0.0000e+00, 0.0000e+00      
# interval = seconds: 0.25
# start_time = Apr 25 2021 22:43:12 [Instrument's time stamp, header]
# bad_flag = -9.990e-29
*END*
     -0.622 -5.396e-21  1240.2295     8.7293     92.449 1.0104e+02     15.283      0.710   0.611493    -0.9115     0.2707    18.0812   998.5860     -0.885     -0.610 0.0000e+00
     -0.622 -5.936e-20  1240.2295     8.7269     92.424 8.9625e+01     15.259      0.733   0.631896    -0.9135     0.2910    18.0814   998.5859     -0.885     -0.610 0.0000e+00
     -0.622 -6.530e-19  1240.2295     8.7314     92.376 7.4472e+01     15.297      0.804   0.693687    -0.9325     0.2774    18.0819   998.5858     -0.886     -0.611 0.0000e+00
     -0.622 -7.183e-18  1240.2295     8.7376     92.369 6.4066e+01     15.376      0.914   0.788478    -0.9316     0.2443    18.0821   998.5858     -0.884     -0.610 0.0000e+00
     -0.622 -7.901e-17  1240.2295     8.7377     92.399 6.0809e+01     15.409      1.034   0.891145    -0.9219     0.1643    18.0823   998.5858     -0.885     -0.610 0.0000e+00
     -0.622 -8.691e-16  1240.2295     8.7368     92.417 6.2015e+01     15.415      1.069   0.921457    -0.9298     0.0313    18.0828   998.5857     -0.886     -0.611 0.0000e+00
     -0.622 -9.560e-15  1240.2295     8.7272     92.411 6.2571e+01     15.479      1.046   0.901594    -0.9408    -0.0588    18.0831   998.5856     -0.884     -0.610 0.0000e+00
     -0.622 -1.052e-13  1240.2295     8.7277     92.389 6.0027e+01     15.489      1.049   0.904366    -0.9313    -0.0333    18.0836   998.5855     -0.885     -0.610 0.0000e+00
     -0.622 -1.157e-12  1240.2295     8.7334     92.378 6.0018e+01     15.434      1.108   0.954971    -0.9099     0.0315    18.0842   998.5854     -0.886     -0.611 0.0000e+00
     -0.622 -1.272e-11  1240.2295     8.7335     92.365 6.4747e+01     15.448      1.168   1.006680    -0.9021     0.0030    18.0846   998.5853     -0.885     -0.610 0.0000e+00
     -0.622 -1.400e-10  1240.2295     8.7347     92.365 6.7023e+01     15.516      1.187   1.022785    -0.9124    -0.0345    18.0850   998.5853     -0.886     -0.611 0.0000e+00
     -0.622 -1.540e-09  1240.2295     8.7288     92.398 6.6563e+01     15.567      1.187   1.023005    -0.9202     0.0592    18.0853   998.5852     -0.885     -0.610 0.0000e+00
     -0.623 -1.694e-08  1240.2295     8.7306     92.417 7.3524e+01     15.549      1.171   1.009338    -0.9205     0.1753    18.0857   998.5851     -0.886     -0.611 0.0000e+00
     -0.623 -1.863e-07  1240.2295     8.7288     92.409 8.8940e+01     15.452      1.142   0.984229    -0.9264     0.2021    18.0858   998.5851     -0.886     -0.611 0.0000e+00
     -0.623 -1.863e-07  1240.2295     8.7251     92.388 1.0179e+02     15.317      1.128   0.972816    -0.9241     0.2447    18.0860   998.5851     -0.886     -0.611 0.0000e+00
     -0.623 -1.693e-08  1240.2295     8.7337     92.380 1.0873e+02     15.215      1.158   0.998039    -0.9213     0.3122    18.0864   998.5850     -0.886     -0.611 0.0000e+00
     -0.623 -1.539e-09  1240.2295     8.7335     92.408 1.1857e+02     15.186      1.202   1.035810    -0.9306     0.2986    18.0868   998.5850     -0.885     -0.610 0.0000e+00
     -0.623 -1.400e-10  1240.2295     8.7330     92.450 1.7782e+02     15.208      1.218   1.049411    -0.9226     0.2864    18.0871   998.5849     -0.886     -0.611 0.0000e+00
     -0.623 -1.272e-11  1240.2295     8.7301     92.485 7.6144e+02     15.247      1.202   1.035787    -0.9003     0.3017    18.0874   998.5848     -0.885     -0.610 0.0000e+00
     -0.623 -1.157e-12  1240.2295     8.7272     92.481 1.8163e+03     15.288      1.157   0.997777    -0.8988     0.2426    18.0879   998.5847     -0.886     -0.611 0.0000e+00
     -0.623 -1.052e-13  1240.2295     8.7323     92.417 2.3768e+03     15.328      1.125   0.969925    -0.9142     0.0876    18.0885   998.5847     -0.886     -0.611 0.0000e+00
     -0.622 -9.560e-15  1240.2295     8.7358     92.341 2.3668e+03     15.362      1.105   0.952428    -0.9255    -0.0969    18.0888   998.5846     -0.885     -0.610 0.0000e+00
     -0.622 -8.690e-16  1240.2295     8.7404     92.315 1.8063e+03     15.385      1.059   0.912914    -0.9201    -0.2029    18.0889   998.5846     -0.885     -0.610 0.0000e+00
     -0.622 -7.900e-17  1240.2295     8.7417     92.333 7.8177e+02     15.400      1.012   0.872259    -0.9065    -0.1977    18.0893   998.5845     -0.885     -0.610 0.0000e+00
     -0.622 -7.180e-18  1240.2295     8.7332     92.354 2.2017e+02     15.408      0.976   0.840949    -0.9127    -0.1718    18.0900   998.5843     -0.885     -0.610 0.0000e+00
     -0.622 -6.498e-19  1240.2295     8.7228     92.372 1.5680e+02     15.409      0.914   0.787748    -0.9287    -0.1991    18.0909   998.5842     -0.885     -0.610 0.0000e+00
     -0.622 -2.387e-20  1240.2295     8.7207     92.383 1.3007e+02     15.409      0.854   0.735792    -0.9296    -0.2183    18.0917   998.5840     -0.885     -0.610 0.0000e+00
     -0.622 3.8490e-19  1240.2295     8.7249     92.383 1.0652e+02     15.412      0.835   0.719531    -0.9235    -0.2320    18.0924   998.5839     -0.885     -0.610 0.0000e+00
     -0.622 4.2927e-18  1240.2295     8.7261     92.374 9.2112e+01     15.415      0.833   0.717837    -0.9208    -0.2963    18.0930   998.5838     -0.884     -0.610 0.0000e+00
     -0.622 4.7225e-17  1240.2295     8.7278     92.358 8.3207e+01     15.414      0.830   0.715304    -0.9165    -0.3092    18.0936   998.5837     -0.885     -0.610 0.0000e+00
     -0.622 5.1948e-16  1240.2295     8.7293     92.366 7.7986e+01     15.418      0.799   0.688904    -0.9097    -0.2507    18.0944   998.5835     -0.884     -0.610 0.0000e+00
     -0.622 5.7143e-15  1240.2295     8.7282     92.403 7.7589e+01     15.430      0.756   0.652038    -0.9143    -0.2404    18.0950   998.5834     -0.884     -0.610 0.0000e+00
     -0.622 6.2857e-14  1240.2295     8.7286     92.421 7.8969e+01     15.437      0.753   0.649630    -0.9247    -0.2541    18.0953   998.5833     -0.885     -0.610 0.0000e+00
     -0.622 6.9143e-13  1240.2295     8.7249     92.402 8.3771e+01     15.433      0.765   0.659786    -0.9206    -0.2451    18.0957   998.5833     -0.884     -0.610 0.0000e+00
     -0.622 7.6057e-12  1240.2295     8.7247     92.389 9.5881e+01     15.428      0.752   0.648144    -0.9216    -0.2685    18.0962   998.5832     -0.885     -0.610 0.0000e+00
     -0.622 8.3663e-11  1240.2295     8.7311     92.386 1.4075e+02     15.418      0.737   0.635567    -0.9280    -0.2956    18.0965   998.5831     -0.884     -0.609 0.0000e+00
     -0.622 9.2029e-10  1240.2295     8.7339     92.385 5.3504e+02     15.400      0.736   0.634409    -0.9223    -0.2643    18.0970   998.5830     -0.884     -0.610 0.0000e+00
     -0.622 1.0123e-08  1240.2295     8.7286     92.398 1.3231e+03     15.390      0.736   0.634134    -0.9185    -0.1997    18.0973   998.5830     -0.884     -0.610 0.0000e+00
     -0.621 1.1136e-07  1240.2295     8.7281     92.418 1.5996e+03     15.395      0.734   0.632246    -0.9106    -0.1330    18.0976   998.5829     -0.884     -0.609 0.0000e+00
     -0.621      0.000  1240.2293     8.7290     92.437 1.1851e+03     15.400      0.710   0.611587    -0.9032    -0.1440    18.0978   998.5829     -0.884     -0.609 0.0000e+00
     -0.621      0.000  1240.2278     8.7268     92.441 9.1804e+02     15.403      0.667   0.574388    -0.9058    -0.2299    18.0985   998.5827     -0.884     -0.609 0.0000e+00
     -0.621      0.000  1240.2112     8.7294     92.416 9.3995e+02     15.410      0.653   0.562560    -0.7800    -0.2443    18.0983   998.5828     -0.884     -0.610 0.0000e+00
     -0.621      0.002  1240.0278     8.7309     92.386 1.1461e+03     15.424      0.766   0.658619    -0.5267    -0.2151    18.0992   998.5826     -0.884     -0.609 0.0000e+00
     -0.621      0.008  1238.0113     8.7335     92.396 1.1285e+03     15.558      1.817   1.545782    -0.3983    -0.2543    18.0987   998.5827     -0.884     -0.610 0.0000e+00
     -0.621      0.022  1215.8288     8.7340     92.433 5.6265e+02     15.787      6.513   5.460901    -0.3914    -0.2724    18.1006   998.5824     -0.884     -0.609 0.0000e+00
     -0.621      0.045   971.8216     8.7319     92.459 1.5996e+02     15.837     16.477  13.652326    -0.4439    -0.1242    18.0980   998.5829     -0.885     -0.610 0.0000e+00
     -0.616      0.075   524.6762     8.7254     92.474 1.3066e+02     15.725     26.579  21.804099    -0.5653     0.0958    18.1024   998.5819     -0.884     -0.609 0.0000e+00
     -0.597      0.109   282.8708     8.7287     92.458 1.7183e+02     15.625     31.109  25.284924    -0.6286     0.2919    18.0910   998.5844     -0.861     -0.593 0.0000e+00
     -0.560      0.143   265.0607     8.8180     92.481 4.3045e+02     15.565     31.799  25.619445    -0.5697     1.2861    17.6367   998.6679     -0.801     -0.552 0.0000e+00
     -0.510      0.173   266.6614     8.9803     92.566 7.0720e+02     15.525     31.877  25.467946     0.1269    12.0140    16.7534   998.8267     -0.730     -0.502 0.0000e+00
     -0.455      0.196   269.0130     9.1173     92.612 6.0605e+02     15.493     31.983  25.355711     1.4044    31.6386    16.0653   998.9462     -0.648     -0.447 0.0000e+00
     -0.398      0.208   271.7261     9.1978     92.636 4.0018e+02     15.482     32.153  25.340438     2.0966    42.2156    15.6208   999.0184     -0.564     -0.390 0.0000e+00
     -0.343      0.206   275.1153     9.2640     92.711 2.9552e+02     15.491     32.359  25.409960     2.1638    42.2914    15.2744   999.0725     -0.489     -0.336 0.0000e+00
     -0.288      0.189   279.1891     9.3505     92.901 1.9922e+02     15.503     32.533  25.498497     2.3037    32.4521    14.9420   999.1233     -0.411     -0.284 0.0000e+00
     -0.233      0.163   283.4693     9.4185     93.242 1.5710e+02     15.512     32.592  25.522901     2.5576    14.1630    14.6040   999.1736     -0.329     -0.228 0.0000e+00
     -0.186      0.133   287.6337     9.4666     93.661 1.5510e+02     15.517     32.592  25.514722     2.6970     4.1190    14.3714   999.2075     -0.252     -0.173 0.0000e+00
     -0.156      0.101   290.8223     9.5017     94.057 1.5583e+02     15.521     32.607  25.526455     2.7010     3.1260    14.2349   999.2271     -0.212     -0.146 0.0000e+00
     -0.145      0.070   292.9414     9.5294     94.282 1.5676e+02     15.523     32.620  25.537920     2.7209     3.0142    14.1709   999.2363     -0.205     -0.141 0.0000e+00
     -0.139      0.043   294.8427     9.5765     94.319 1.5801e+02     15.524     32.607  25.526487     2.7856     3.0079    14.1460   999.2399     -0.199     -0.136 0.0000e+00
     -0.134      0.023   296.6893     9.6222     94.386 1.5874e+02     15.526     32.600  25.515069     2.8241     2.9805    14.1361   999.2412     -0.189     -0.130 0.0000e+00
     -0.130      0.013   298.3193     9.6695     94.573 1.5788e+02     15.527     32.622  25.526708     2.8246     2.9245    14.1375   999.2410     -0.183     -0.126 0.0000e+00
     -0.129      0.008   299.3211     9.6971     94.754 1.5606e+02     15.528     32.647  25.540348     2.8200     2.8799    14.1442   999.2402     -0.183     -0.126 0.0000e+00
     -0.128      0.004   299.0791     9.6840     94.665 1.5495e+02     15.528     32.667  25.553138     2.8258     2.8875    14.1414   999.2405     -0.182     -0.126 0.0000e+00
     -0.128      0.002   298.1468     9.6944     94.187 1.5465e+02     15.528     32.672  25.554493     2.8463     2.9130    14.1299   999.2422     -0.182     -0.125 0.0000e+00
     -0.127      0.001   297.9436     9.7172     93.248 1.5460e+02     15.528     32.676  25.556733     2.8483     2.9143    14.1195   999.2436     -0.181     -0.125 0.0000e+00
     -0.127      0.001   298.6002     9.7517     91.703 1.5451e+02     15.528     32.864  25.707070     2.8310     2.9031    14.1115   999.2447     -0.181     -0.125 0.0000e+00
     -0.127      0.000   299.2897     9.7501     90.009 1.5426e+02     15.527     33.438  26.167086     2.7999     2.9153    14.1069   999.2454     -0.182     -0.125 0.0000e+00
     -0.127      0.000   299.4823     9.6911     88.792 1.5409e+02     15.527     34.392  26.932494     2.7493     2.9237    14.1035   999.2459     -0.181     -0.125 0.0000e+00
     -0.127      0.001   299.6396     9.6228     88.184 1.5402e+02     15.527     35.302  27.667095     2.7146     2.9019    14.1009   999.2462     -0.181     -0.124 0.0000e+00
     -0.128      0.005   300.6756     9.4342     87.889 1.5394e+02     15.527     35.633  27.944748     2.7048     2.8914    14.1038   999.2458     -0.182     -0.125 0.0000e+00
     -0.128      0.013   302.3718     9.2257     87.351 1.5394e+02     15.526     35.453  27.815721     2.7078     2.9339    14.1193   999.2438     -0.182     -0.125 0.0000e+00
     -0.127      0.022   303.9731     9.0994     86.560 1.5414e+02     15.525     35.205  27.629462     2.7314     3.0391    14.1487   999.2401     -0.181     -0.124 0.0000e+00
     -0.123      0.029   305.4091     9.0307     86.010 1.5491e+02     15.525     35.077  27.532299     2.7614     3.0990    14.1847   999.2354     -0.181     -0.125 0.0000e+00
     -0.110      0.033   306.6574     9.0328     85.968 1.5628e+02     15.525     35.079  27.528995     2.7744     3.0743    14.2121   999.2317     -0.162     -0.112 0.0000e+00
     -0.091      0.033   307.7081     8.9723     86.445 1.5731e+02     15.525     35.169  27.589508     2.8030     3.0148    14.2273   999.2295     -0.125     -0.086 0.0000e+00
     -0.078      0.030   308.8210     8.8581     87.225 1.5783e+02     15.526     35.235  27.629613     2.8591     2.9642    14.2400   999.2277     -0.106     -0.073 0.0000e+00
     -0.073      0.023   309.8749     8.7975     87.939 1.5812e+02     15.526     35.253  27.633292     2.8994     2.9775    14.2461   999.2267     -0.104     -0.072 0.0000e+00
     -0.073      0.014   310.6421     8.7915     88.281 1.5818e+02     15.526     35.264  27.633976     2.9184     2.9691    14.2380   999.2279     -0.104     -0.072 0.0000e+00
     -0.073      0.006   310.7840     8.8525     88.162 1.5833e+02     15.527     35.278  27.637871     2.9076     2.9316    14.2211   999.2304     -0.104     -0.072 0.0000e+00
     -0.073      0.002   310.3860     8.9520     87.707 1.5866e+02     15.527     35.340  27.680383     2.8261     2.9703    14.2024   999.2331     -0.104     -0.072 0.0000e+00
     -0.073      0.000   310.0458     9.0395     87.138 1.5890e+02     15.527     35.458  27.767375     2.7058     3.0252    14.1885   999.2350     -0.103     -0.071 0.0000e+00
     -0.073 2.5396e-08   310.2840     9.0807     86.666 1.5880e+02     15.527     35.588  27.865050     2.6450     3.0453    14.1787   999.2364     -0.103     -0.071 0.0000e+00
     -0.073 2.7936e-07   311.2015     9.0634     86.339 1.5855e+02     15.528     35.727  27.973280     2.6438     3.0081    14.1685   999.2378     -0.104     -0.072 0.0000e+00
     -0.073 2.7936e-07   312.1909     9.0116     86.049 1.5834e+02     15.529     35.917  28.124456     2.6720     2.8840    14.1580   999.2393     -0.104     -0.072 0.0000e+00
     -0.073 2.5397e-08   312.9543     8.9447     85.741 1.5824e+02     15.529     36.213  28.360786     2.7287     2.8499    14.1504   999.2404     -0.103     -0.071 0.0000e+00
     -0.073 2.3088e-09   313.6343     8.8949     85.472 1.5838e+02     15.528     36.607  28.673926     2.7667     2.9379    14.1456   999.2411     -0.103     -0.071 0.0000e+00
     -0.073 2.0989e-10   314.3907     8.8694     85.389 1.5858e+02     15.527     37.007  28.992547     2.7702     2.9534    14.1436   999.2415     -0.103     -0.071 0.0000e+00
     -0.073 1.9081e-11   315.1297     8.8398     85.664 1.5861e+02     15.526     37.306  29.231684     2.7799     2.8998    14.1470   999.2410     -0.103     -0.071 0.0000e+00
     -0.073 1.7346e-12   315.7732     8.8050     86.293 1.5866e+02     15.526     37.446  29.344996     2.8076     2.8736    14.1540   999.2402     -0.103     -0.071 0.0000e+00
     -0.073 1.5770e-13   316.4063     8.7706     87.068 1.5878e+02     15.526     37.447  29.347587     2.8282     2.9115    14.1618   999.2392     -0.103     -0.071 0.0000e+00
