Data/DataNotYetUploadedToEDI/Raw_CTD/RawDownloads/042621_fcr50_0001.cnv
* Sea-Bird SBE19plus  Data File:
* FileName = C:\R\Reservoirs\Data\DataNotYetUploadedToEDI\Raw_CTD\RawDownloads\042621_fcr50_0001.hex
* Software version 2.8.0.119
* Temperature SN = 7809
* Conductivity SN = 7809
* System UpLoad Time = Apr 26 2021 18:39:10
* <ApplicationData>
* <Seaterm232>
# nquan = 16
# nvalues = 1442                        
# units = specified
# name 0 = depFM: Depth [fresh water, m]
# name 1 = dz/dtM: Descent Rate [m/s]
# name 2 = orp: Oxidation Reduction Potential [mV]
# name 3 = sbeox0Mg/L: Oxygen, SBE 43 [mg/l]
# name 4 = sbeox0PS: Oxygen, SBE 43 [% saturation]
# name 5 = par/sat/log: PAR/Logarithmic, Satlantic
# name 6 = ph: pH
# name 7 = specc: Specific Conductance [uS/cm]
# name 8 = c0uS/cm: Conductivity [uS/cm]
# name 9 = flECO-AFL: Fluorescence, WET Labs ECO-AFL/FL [mg/m^3]
# name 10 = turbWETntu0: Turbidity, WET Labs ECO [NTU]
# name 11 = tv290C: Temperature [ITS-90, deg C]
# name 12 = density00: Density [density, kg/m^3]
# name 13 = prdE: Pressure, Strain Gauge [psi]
# name 14 = prdM: Pressure, Strain Gauge [db]
# name 15 = flag:  0.000e+00
# span 0 =     -0.623,      9.752       
# span 1 =     -0.304,      0.208       
# span 2 =   195.6915,  1240.2295       
# span 3 =     0.1323,    10.2489       
# span 4 =      1.164,     99.503       
# span 5 = 1.2351e-01, 2.3768e+03       
# span 6 =     15.186,     15.854       
# span 7 =      0.653,    316.965       
# span 8 =   0.562560, 207.310565       
# span 9 =    -2.2357,    22.0770       
# span 10 =    -9.7927,   936.2112      
# span 11 =     7.4991,    18.1024      
# span 12 =   998.5819,  1000.0326      
# span 13 =     -0.886,     13.871      
# span 14 =     -0.611,      9.564      
# span 15 = 0.0000e+00, 0.0000e+00      
# interval = seconds: 0.25
# start_time = Apr 25 2021 22:43:12 [Instrument's time stamp, header]
# bad_flag = -9.990e-29
*END*
[from data line 1176]
      9.548     -0.056   236.9466     0.1595      1.225 1.2363e-01     15.809    316.965 207.310565     3.4666     8.4851     7.6969  1000.0306     13.584      9.365 0.0000e+00
      9.548     -0.043   237.9505     0.1607      1.262 1.2371e-01     15.809    316.854 207.243246     3.4633     8.4647     7.6979  1000.0306     13.583      9.365 0.0000e+00
      9.545     -0.050   238.9653     0.1532      1.271 1.2379e-01     15.809    316.748 207.179255     3.3583     8.4548     7.6987  1000.0308     13.572      9.357 0.0000e+00
      9.542     -0.072   240.1822     0.1418      1.248 1.2374e-01     15.809    316.737 207.176866     3.1695     8.4342     7.6997  1000.0309     13.575      9.359 0.0000e+00
      9.531     -0.097   241.0491     0.1442      1.246 1.2368e-01     15.811    316.691 207.150373     3.0688     8.4553     7.7006  1000.0308     13.575      9.360 0.0000e+00
      9.492     -0.117   241.5313     0.1522      1.257 1.2373e-01     15.811    316.535 207.050938     3.0663     8.5734     7.7014  1000.0304     13.515      9.318 0.0000e+00
      9.434     -0.129   242.1411     0.1544      1.263 1.2377e-01     15.812    316.354 206.934583     3.0808     9.5539     7.7023  1000.0301     13.408      9.244 0.0000e+00
      9.389     -0.132   242.8301     0.1459      1.264 1.2376e-01     15.814    316.192 206.831513     3.1114    11.3486     7.7030  1000.0298     13.341      9.198 0.0000e+00
      9.363     -0.127   243.7525     0.1485      1.268 1.2375e-01     15.815    316.084 206.764698     3.1404    12.3853     7.7038  1000.0296     13.322      9.185 0.0000e+00
      9.338     -0.126   244.8614     0.1506      1.313 1.2372e-01     15.816    315.592 206.446730     3.1450    12.4418     7.7040  1000.0294     13.284      9.159 0.0000e+00
      9.313     -0.143   245.9988     0.1498      1.359 1.2371e-01     15.816    311.765 203.946955     3.1780    11.3105     7.7043  1000.0292     13.237      9.127 0.0000e+00
      9.295     -0.178   247.3528     0.1526      1.373 1.2364e-01     15.817    300.772 196.759529     3.2529     9.2815     7.7047  1000.0291     13.225      9.119 0.0000e+00
      9.265     -0.219   248.5841     0.1468      1.375 1.2358e-01     15.818    278.468 182.172463     3.2877     8.1994     7.7053  1000.0288     13.206      9.105 0.0000e+00
      9.195     -0.255   249.3574     0.1566      1.327 1.2361e-01     15.819    240.623 157.418001     3.2733     8.0806     7.7059  1000.0287     13.099      9.032 0.0000e+00
      9.094     -0.284   249.9064     0.1656      1.248 1.2363e-01     15.819    193.226 126.413741     3.2031     8.1883     7.7065  1000.0274     12.929      8.914 0.0000e+00
      8.995     -0.302   250.4035     0.1612      1.188 1.2367e-01     15.819    143.575  93.933816     3.0785     8.4028     7.7073  1000.0227     12.778      8.810 0.0000e+00
      8.918     -0.304   250.7220     0.1682      1.166 1.2372e-01     15.819     93.328  61.063187     3.0062     8.4776     7.7080  1000.0155     12.680      8.742 0.0000e+00
      8.852     -0.290   251.0891     0.1599      1.219 1.2365e-01     15.820     56.547  37.003596     3.0059     8.4741     7.7087   999.9998     12.596      8.685 0.0000e+00
      8.784     -0.272   251.8310     0.1458      1.261 1.2360e-01     15.820     42.543  27.848131     2.9997     8.5666     7.7096   999.9796     12.493      8.614 0.0000e+00
      8.716     -0.258   252.7228     0.1431      1.217 1.2361e-01     15.819     39.848  26.092320     2.9690     8.6690     7.7105   999.9628     12.394      8.545 0.0000e+00
      8.654     -0.248   253.6126     0.1323      1.164 1.2363e-01     15.819     39.096  25.606227     2.9486     8.6824     7.7127   999.9411     12.310      8.487 0.0000e+00
      8.591     -0.236   254.5873     0.1464      1.239 1.2371e-01     15.819     39.058  25.586331     2.9531     8.6940     7.7182   999.9252     12.221      8.426 0.0000e+00
      8.526     -0.221   255.3019     0.1570      1.591 1.2376e-01     15.819     39.070  25.598054     2.9572     8.7406     7.7279   999.9227     12.123      8.359 0.0000e+00
      8.467     -0.209   255.6269     0.1444      2.292 1.2376e-01     15.820     38.909  25.494263     2.9697     8.8339     7.7382   999.9217     12.035      8.298 0.0000e+00
      8.420     -0.201   256.0228     0.1350      3.336 1.2375e-01     15.820     38.681  25.346253     2.9997     8.9290     7.7469   999.9206     11.972      8.254 0.0000e+00
      8.381     -0.195   256.5606     0.1340      4.621 1.2370e-01     15.821     38.365  25.140453     3.0052     8.9640     7.7538   999.9202     11.922      8.220 0.0000e+00
      8.338     -0.189   257.2253     0.1752      6.012 1.2365e-01     15.823     38.105  24.972198     3.0076     8.9827     7.7578   999.9197     11.866      8.182 0.0000e+00
      8.286     -0.187   258.0372     0.2576      7.461 1.2364e-01     15.823     37.988  24.897568     3.0479     8.8457     7.7594   999.9193     11.788      8.127 0.0000e+00
      8.230     -0.187   258.7192     0.3860      8.926 1.2366e-01     15.823     37.850  24.808948     3.1013     8.5781     7.7608   999.9190     11.700      8.067 0.0000e+00
      8.179     -0.189   259.2771     0.5487     10.331 1.2367e-01     15.823     37.625  24.661810     3.1282     8.4594     7.7630   999.9184     11.629      8.018 0.0000e+00
      8.136     -0.190   259.7920     0.7128     11.653 1.2372e-01     15.824     37.397  24.513892     3.1354     8.4745     7.7662   999.9179     11.572      7.979 0.0000e+00
      8.094     -0.189   260.2990     0.8873     12.898 1.2418e-01     15.825     37.342  24.479258     3.2355     8.3834     7.7689   999.9176     11.516      7.940 0.0000e+00
      8.047     -0.188   260.9328     1.0666     14.032 1.2887e-01     15.826     37.463  24.560183     3.4225     8.1473     7.7703   999.9171     11.448      7.893 0.0000e+00
      7.995     -0.191   261.5185     1.2341     15.051 1.3434e-01     15.826     37.626  24.667826     3.5180     7.9887     7.7715   999.9168     11.371      7.840 0.0000e+00
      7.943     -0.198   261.9595     1.3895     15.959 1.3338e-01     15.826     37.678  24.702545     3.5322     7.9763     7.7732   999.9163     11.294      7.787 0.0000e+00
      7.894     -0.204   262.4799     1.5410     16.709 1.3471e-01     15.826     37.520  24.599420     3.6219     7.7914     7.7751   999.9160     11.227      7.741 0.0000e+00
      7.845     -0.206   263.2509     1.6767     17.371 1.4481e-01     15.827     37.365  24.499171     3.7823     7.3672     7.7768   999.9157     11.161      7.695 0.0000e+00
      7.791     -0.204   264.1397     1.7935     17.997 1.5585e-01     15.828     37.374  24.505240     3.8695     7.1042     7.7778   999.9155     11.084      7.643 0.0000e+00
      7.732     -0.201   264.8802     1.9102     18.497 1.7455e-01     15.829     37.339  24.482525     3.8751     7.0161     7.7783   999.9152     10.998      7.583 0.0000e+00
      7.676     -0.197   265.4942     1.9932     18.877 2.0180e-01     15.829     37.141  24.351388     3.9736     6.8161     7.7797   999.9147     10.913      7.525 0.0000e+00
      7.628     -0.194   266.0558     2.0647     19.141 2.1671e-01     15.829     36.894  24.188153     4.1831     6.5401     7.7816   999.9144     10.846      7.478 0.0000e+00
      7.586     -0.189   266.5944     2.1521     19.250 2.2833e-01     15.829     36.849  24.157893     4.3011     6.3915     7.7829   999.9142     10.791      7.440 0.0000e+00
      7.543     -0.184   267.1886     2.2062     19.282 2.5028e-01     15.830     36.973  24.239210     4.3039     6.3585     7.7833   999.9140     10.732      7.400 0.0000e+00
      7.494     -0.179   268.0777     2.2500     19.252 2.7180e-01     15.830     37.040  24.283422     4.3121     6.3464     7.7806   999.9138     10.660      7.350 0.0000e+00
      7.444     -0.178   269.1706     2.2897     19.142 2.8639e-01     15.831     36.987  24.248497     4.4384     6.3146     7.7776   999.9136     10.585      7.298 0.0000e+00
      7.398     -0.180   269.9060     2.2926     19.058 3.0284e-01     15.832     36.814  24.134046     4.6670     6.2146     7.7772   999.9134     10.520      7.253 0.0000e+00
      7.356     -0.182   270.3442     2.2971     19.037 3.2077e-01     15.832     36.673  24.041240     4.7881     6.0973     7.7781   999.9133     10.462      7.213 0.0000e+00
      7.314     -0.183   270.8557     2.2996     19.047 3.3490e-01     15.832     36.631  24.014315     4.7771     6.0639     7.7788   999.9130     10.406      7.174 0.0000e+00
      7.267     -0.184   271.4445     2.2752     19.063 3.5960e-01     15.833     36.506  23.935337     4.7336     6.1543     7.7780   999.9128     10.340      7.129 0.0000e+00
      7.216     -0.186   272.1294     2.2662     19.083 3.9881e-01     15.835     36.271  23.783974     4.6825     6.2639     7.7762   999.9126     10.264      7.077 0.0000e+00
      7.165     -0.188   272.9411     2.2661     19.139 4.4131e-01     15.835     36.052  23.642931     4.6545     6.2903     7.7754   999.9123     10.189      7.025 0.0000e+00
      7.116     -0.188   273.6873     2.2671     19.217 4.7313e-01     15.835     35.924  23.561874     4.6521     6.2665     7.7764   999.9121     10.120      6.977 0.0000e+00
      7.070     -0.187   274.3544     2.2709     19.258 4.9528e-01     15.836     35.829  23.501560     4.7120     6.1480     7.7800   999.9116     10.056      6.934 0.0000e+00
      7.025     -0.185   274.9844     2.2689     19.300 5.1856e-01     15.836     35.704  23.421064     4.8349     5.9907     7.7847   999.9110      9.992      6.890 0.0000e+00
      6.979     -0.184   275.4539     2.2767     19.466 5.4382e-01     15.837     35.689  23.413074     4.8980     5.9098     7.7885   999.9106      9.927      6.844 0.0000e+00
      6.931     -0.185   275.9869     2.2897     19.782 5.7170e-01     15.837     35.771  23.468377     4.8842     5.8560     7.7918   999.9100      9.858      6.797 0.0000e+00
      6.882     -0.188   276.6112     2.2943     20.191 6.0727e-01     15.837     35.749  23.455523     4.7916     5.9585     7.7946   999.9096      9.788      6.749 0.0000e+00
      6.835     -0.192   277.0656     2.2891     20.624 6.4421e-01     15.837     35.639  23.384506     4.6271     6.2221     7.7967   999.9092      9.720      6.702 0.0000e+00
      6.789     -0.193   277.5232     2.3098     21.033 6.7557e-01     15.838     35.617  23.370767     4.5365     6.3651     7.7993   999.9088      9.658      6.659 0.0000e+00
      6.740     -0.189   278.1857     2.3505     21.459 7.2110e-01     15.838     35.687  23.416254     4.5248     6.3485     7.8022   999.9085      9.591      6.613 0.0000e+00
      6.685     -0.183   278.8816     2.4006     21.950 7.8290e-01     15.839     35.703  23.427121     4.5336     6.2615     7.8043   999.9081      9.509      6.556 0.0000e+00
      6.631     -0.179   279.4837     2.4572     22.445 8.4037e-01     15.841     35.623  23.375314     4.7954     6.0694     7.8054   999.9077      9.426      6.499 0.0000e+00
      6.589     -0.178   280.1315     2.5013     22.830 8.8384e-01     15.841     35.502  23.297232     5.2866     5.8107     7.8064   999.9074      9.366      6.457 0.0000e+00
      6.555     -0.178   280.8631     2.5493     23.067 9.1185e-01     15.841     35.419  23.244096     5.5425     5.6405     7.8064   999.9073      9.326      6.430 0.0000e+00
      6.519     -0.178   281.4467     2.6103     23.189 9.5756e-01     15.841     35.411  23.240208     5.5435     5.5900     7.8066   999.9072      9.281      6.399 0.0000e+00
      6.470     -0.180   281.8534     2.6768     23.308 1.0412e+00     15.841     35.423  23.250232     5.5175     5.5435     7.8079   999.9068      9.207      6.348 0.0000e+00
      6.413     -0.184   282.3385     2.7225     23.508 1.1214e+00     15.842     35.403  23.238451     5.4953     5.4556     7.8088   999.9064      9.117      6.286 0.0000e+00
      6.360     -0.188   282.9239     2.7497     23.691 1.1789e+00     15.843     35.380  23.224608     5.4855     5.3858     7.8103   999.9061      9.041      6.234 0.0000e+00
      6.314     -0.188   283.5977     2.7601     23.806 1.2280e+00     15.843     35.356  23.209704     5.4846     5.3521     7.8136   999.9057      8.980      6.192 0.0000e+00
      6.272     -0.183   284.2902     2.7642     23.906 1.2834e+00     15.843     35.316  23.185091     5.5614     5.3576     7.8165   999.9053      8.922      6.151 0.0000e+00
      6.228     -0.174   284.9304     2.7991     24.007 1.3547e+00     15.843     35.306  23.180701     5.7179     5.3830     7.8184   999.9050      8.861      6.110 0.0000e+00
      6.179     -0.165   285.6604     2.8229     24.120 1.4400e+00     15.844     35.266  23.156629     5.8028     5.3848     7.8200   999.9046      8.789      6.060 0.0000e+00
      6.131     -0.160   286.2320     2.8294     24.214 1.5232e+00     15.844     35.152  23.084308     5.8060     5.3793     7.8215   999.9043      8.714      6.007 0.0000e+00
      6.093     -0.160   286.5931     2.8451     24.286 1.5757e+00     15.844     35.026  23.003893     5.7946     5.3162     7.8240   999.9040      8.660      5.971 0.0000e+00
      6.063     -0.162   287.1015     2.8526     24.418 1.6231e+00     15.845     34.932  22.945379     5.7703     5.2054     7.8270   999.9037      8.624      5.946 0.0000e+00
      6.032     -0.163   287.7323     2.8694     24.648 1.7067e+00     15.846     34.930  22.947601     5.7603     5.1734     7.8300   999.9034      8.586      5.920 0.0000e+00
      5.987     -0.166   288.3703     2.8820     24.931 1.8194e+00     15.845     34.955  22.967349     5.7592     5.1692     7.8327   999.9029      8.525      5.878 0.0000e+00
      5.932     -0.171   289.0505     2.8839     25.166 1.9297e+00     15.845     34.895  22.930469     5.8042     5.0182     7.8357   999.9025      8.433      5.816 0.0000e+00
      5.881     -0.176   289.7617     2.8982     25.321 2.0226e+00     15.845     34.818  22.882210     5.9227     4.7891     7.8404   999.9018      8.357      5.762 0.0000e+00
      5.841     -0.180   290.3440     2.9266     25.478 2.1080e+00     15.846     34.827  22.891222     6.0097     4.6993     7.8468   999.9013      8.309      5.729 0.0000e+00
      5.802     -0.182   290.7571     2.9655     25.678 2.1989e+00     15.847     34.855  22.912599     6.0259     4.7228     7.8520   999.9009      8.255      5.693 0.0000e+00
      5.758     -0.183   291.1435     2.9968     25.951 2.3154e+00     15.847     34.812  22.887003     6.0235     4.7295     7.8545   999.9005      8.190      5.647 0.0000e+00
      5.710     -0.185   291.6598     3.0068     26.279 2.4654e+00     15.847     34.731  22.835425     6.0760     4.7459     7.8571   999.9001      8.124      5.601 0.0000e+00
      5.658     -0.186   292.3533     3.0259     26.565 2.6334e+00     15.847     34.669  22.796334     6.1944     4.8521     7.8621   999.8996      8.049      5.550 0.0000e+00
      5.604     -0.185   293.0755     3.0481     26.828 2.7973e+00     15.848     34.664  22.794879     6.2809     4.9496     7.8672   999.8990      7.968      5.494 0.0000e+00
      5.554     -0.181   293.6808     3.0771     27.090 2.9483e+00     15.849     34.695  22.817825     6.3015     4.9290     7.8703   999.8986      7.895      5.444 0.0000e+00
      5.512     -0.176   294.0799     3.1275     27.324 3.0825e+00     15.850     34.695  22.820098     6.3290     4.8777     7.8728   999.8982      7.838      5.404 0.0000e+00
      5.473     -0.168   294.5445     3.1552     27.546 3.2223e+00     15.851     34.694  22.822361     6.3847     4.8784     7.8753   999.8977      7.787      5.369 0.0000e+00
      5.432     -0.159   295.2547     3.1851     27.750 3.3948e+00     15.850     34.724  22.845200     6.4121     4.9028     7.8777   999.8975      7.729      5.329 0.0000e+00
