Data/DataNotYetUploadedToEDI/Raw_CTD/RawDownloads/042621_fcr50_0001.cnv
* Sea-Bird SBE19plus  Data File:
* FileName = C:\R\Reservoirs\Data\DataNotYetUploadedToEDI\Raw_CTD\RawDownloads\042621_fcr50_0001.hex
* Software version 2.8.0.119
* Temperature SN = 7809
* Conductivity SN = 7809
* System UpLoad Time = Apr 26 2021 18:39:10
* <ApplicationData>
* <Seaterm232>
# nquan = 16
# nvalues = 1442                        
# units = specified
# name 0 = depFM: Depth [fresh water, m]
# name 1 = dz/dtM: Descent Rate [m/s]
# name 2 = orp: Oxidation Reduction Potential [mV]
# name 3 = sbeox0Mg/L: Oxygen, SBE 43 [mg/l]
# name 4 = sbeox0PS: Oxygen, SBE 43 [% saturation]
# name 5 = par/sat/log: PAR/Logarithmic, Satlantic
# name 6 = ph: pH
# name 7 = specc: Specific Conductance [uS/cm]
# name 8 = c0uS/cm: Conductivity [uS/cm]
# name 9 = flECO-AFL: Fluorescence, WET Labs ECO-AFL/FL [mg/m^3]
# name 10 = turbWETntu0: Turbidity, WET Labs ECO [NTU]
# name 11 = tv290C: Temperature [ITS-90, deg C]
# name 12 = density00: Density [density, kg/m^3]
# name 13 = prdE: Pressure, Strain Gauge [psi]
# name 14 = prdM: Pressure, Strain Gauge [db]
# name 15 = flag:  0.000e+00
# span 0 =     -0.623,      9.752       
# span 1 =     -0.304,      0.208       
# span 2 =   195.6915,  1240.2295       
# span 3 =     0.1323,    10.2489       
# span 4 =      1.164,     99.503       
# span 5 = 1.2351e-01, 2.3768e+03       
# span 6 =     15.186,     15.854       
# span 7 =      0.653,    316.965       
# span 8 =   0.562560, 207.310565       
# span 9 =    -2.2357,    22.0770       
# span 10 =    -9.7927,   936.2112      
# span 11 =     7.4991,    18.1024      
# span 12 =   998.5819,  1000.0326      
# span 13 =     -0.886,     13.871      
# span 14 =     -0.611,      9.564      
# span 15 = 0.0000e+00, 0.0000e+00      
# interval = seconds: 0.25
# start_time = Apr 25 2021 22:43:12 [Instrument's time stamp, header]
# bad_flag = -9.990e-29
*END*
[from data line 995]
      8.030      0.056   372.0682     2.8424     22.920 1.2372e-01     15.756     35.847  23.431479     5.1115     5.6829     7.6838   999.9212     11.421      7.875 0.0000e+00
      8.044      0.056   372.0318     2.8368     22.679 1.2372e-01     15.757     35.818  23.412421     5.0438     5.7192     7.6826   999.9214     11.441      7.888 0.0000e+00
      8.058      0.059   372.0962     2.8074     22.502 1.2369e-01     15.757     35.877  23.450621     4.9179     5.8015     7.6819   999.9215     11.461      7.902 0.0000e+00
      8.069      0.064   372.1579     2.7740     22.351 1.2368e-01     15.757     36.069  23.576233     4.8570     5.8881     7.6816   999.9217     11.478      7.914 0.0000e+00
      8.081      0.069   372.1761     2.7306     22.184 1.2365e-01     15.757     36.205  23.662749     4.8510     5.9082     7.6807   999.9217     11.492      7.923 0.0000e+00
      8.100      0.072   372.2300     2.7048     21.983 1.2362e-01     15.757     36.226  23.672203     4.8179     5.9068     7.6797   999.9218     11.515      7.940 0.0000e+00
      8.126      0.074   372.2934     2.6839     21.744 1.2362e-01     15.757     36.260  23.690528     4.7802     6.0083     7.6806   999.9219     11.557      7.969 0.0000e+00
      8.152      0.075   372.3403     2.6688     21.480 1.2360e-01     15.758     36.366  23.757475     4.7762     6.1398     7.6815   999.9222     11.601      7.999 0.0000e+00
      8.171      0.075   372.3663     2.6494     21.194 1.2365e-01     15.759     36.506  23.847427     4.7800     6.1923     7.6775   999.9225     11.625      8.016 0.0000e+00
      8.184      0.073   372.4367     2.6254     20.844 1.2371e-01     15.759     36.574  23.890208     4.6933     6.2658     7.6705   999.9229     11.638      8.024 0.0000e+00
      8.198      0.069   372.6749     2.5981     20.480 1.2370e-01     15.759     36.582  23.894203     4.5286     6.4104     7.6654   999.9233     11.657      8.037 0.0000e+00
      8.216      0.065   372.8367     2.5635     20.171 1.2371e-01     15.759     36.585  23.895730     4.4478     6.5322     7.6624   999.9235     11.686      8.057 0.0000e+00
      8.237      0.060   372.7590     2.5356     19.904 1.2375e-01     15.758     36.605  23.908666     4.4499     6.6062     7.6604   999.9239     11.718      8.079 0.0000e+00
      8.257      0.054   372.7676     2.4901     19.629 1.2370e-01     15.758     36.628  23.923760     4.4403     6.6182     7.6585   999.9241     11.746      8.099 0.0000e+00
      8.272      0.046   372.9415     2.4407     19.218 1.2364e-01     15.759     36.671  23.951392     4.3516     6.5745     7.6569   999.9242     11.769      8.115 0.0000e+00
      8.280      0.040   373.0544     2.4090     18.656 1.2364e-01     15.760     36.728  23.989076     4.2066     6.5250     7.6558   999.9243     11.780      8.122 0.0000e+00
      8.283      0.038   373.0996     2.3745     18.140 1.2366e-01     15.761     36.742  23.998846     4.1455     6.4995     7.6556   999.9244     11.781      8.123 0.0000e+00
      8.285      0.041   373.1446     2.3506     17.757 1.2362e-01     15.761     36.849  24.069524     4.1575     6.5410     7.6557   999.9244     11.782      8.123 0.0000e+00
      8.294      0.047   373.0817     2.3070     17.530 1.2356e-01     15.760     37.160  24.272829     4.2082     6.6491     7.6556   999.9244     11.792      8.130 0.0000e+00
      8.311      0.052   372.8564     2.2206     17.415 1.2360e-01     15.760     37.493  24.490845     4.3102     6.7762     7.6561   999.9245     11.818      8.148 0.0000e+00
      8.332      0.057   372.6567     2.1624     17.300 1.2366e-01     15.760     37.677  24.612537     4.3795     6.8422     7.6572   999.9245     11.853      8.172 0.0000e+00
      8.351      0.059   372.6456     2.1131     17.158 1.2366e-01     15.760     37.756  24.665983     4.3879     6.8289     7.6582   999.9246     11.881      8.192 0.0000e+00
      8.365      0.056   372.7217     2.0863     16.978 1.2368e-01     15.760     37.892  24.756507     4.3640     6.8559     7.6576   999.9248     11.900      8.204 0.0000e+00
      8.376      0.051   372.8029     2.0832     16.760 1.2373e-01     15.761     38.082  24.882526     4.3290     6.9629     7.6577   999.9250     11.915      8.215 0.0000e+00
      8.387      0.047   372.8536     2.0650     16.502 1.2376e-01     15.761     38.236  24.984576     4.3185     7.0578     7.6603   999.9250     11.929      8.224 0.0000e+00
      8.398      0.046   372.8185     2.0516     16.197 1.2375e-01     15.760     38.415  25.102426     4.3313     7.1103     7.6633   999.9249     11.944      8.235 0.0000e+00
      8.410      0.046   372.8078     2.0278     15.822 1.2368e-01     15.760     38.607  25.229191     4.3506     7.1178     7.6658   999.9248     11.961      8.247 0.0000e+00
      8.421      0.047   372.8966     2.0026     15.327 1.2364e-01     15.760     38.731  25.312169     4.3703     7.0803     7.6679   999.9249     11.977      8.258 0.0000e+00
      8.434      0.049   372.9462     1.9723     14.729 1.2367e-01     15.760     38.778  25.344579     4.3791     7.0680     7.6693   999.9248     11.995      8.271 0.0000e+00
      8.447      0.052   372.8914     1.9350     14.076 1.2369e-01     15.761     38.811  25.367354     4.3810     7.1069     7.6705   999.9249     12.015      8.284 0.0000e+00
      8.459      0.056   372.9228     1.8955     13.405 1.2369e-01     15.761     38.856  25.397257     4.4030     7.1389     7.6727   999.9249     12.033      8.296 0.0000e+00
      8.472      0.059   373.0673     1.8337     12.800 1.2369e-01     15.762     38.843  25.389002     4.4354     7.1106     7.6754   999.9249     12.049      8.307 0.0000e+00
      8.487      0.060   373.1757     1.7594     12.285 1.2372e-01     15.762     38.755  25.330971     4.4382     7.0401     7.6774   999.9249     12.070      8.322 0.0000e+00
      8.506      0.059   373.2011     1.6824     11.815 1.2372e-01     15.762     38.658  25.266446     4.4375     7.0419     7.6784   999.9249     12.099      8.342 0.0000e+00
      8.526      0.057   373.1161     1.5964     11.379 1.2371e-01     15.762     38.624  25.243116     4.4454     7.1324     7.6794   999.9250     12.128      8.362 0.0000e+00
      8.541      0.056   373.0084     1.5221     10.953 1.2366e-01     15.762     38.716  25.302587     4.3724     7.2758     7.6805   999.9250     12.151      8.379 0.0000e+00
      8.551      0.056   373.0172     1.4663     10.531 1.2363e-01     15.763     38.890  25.414654     4.2311     7.4365     7.6798   999.9250     12.165      8.387 0.0000e+00
      8.559      0.056   373.1362     1.4081     10.178 1.2369e-01     15.763     38.957  25.456423     4.1485     7.5299     7.6773   999.9252     12.171      8.392 0.0000e+00
      8.571      0.056   373.3290     1.3572      9.876 1.2372e-01     15.763     38.914  25.427040     4.1273     7.6156     7.6761   999.9253     12.186      8.402 0.0000e+00
      8.590      0.056   373.5419     1.3102      9.637 1.2368e-01     15.763     38.936  25.439959     4.0136     7.8897     7.6764   999.9253     12.218      8.423 0.0000e+00
      8.611      0.056   373.6444     1.2508      9.530 1.2367e-01     15.764     39.008  25.485768     3.7931     8.2688     7.6735   999.9257     12.250      8.446 0.0000e+00
      8.627      0.056   373.6230     1.2144      9.551 1.2367e-01     15.764     38.990  25.473487     3.6643     8.4564     7.6701   999.9260     12.273      8.462 0.0000e+00
      8.638      0.056   373.6269     1.1778      9.627 1.2370e-01     15.764     38.906  25.418326     3.6396     8.5108     7.6688   999.9261     12.287      8.472 0.0000e+00
      8.647      0.057   373.6914     1.1428      9.642 1.2370e-01     15.765     38.863  25.389661     3.5806     8.7543     7.6669   999.9262     12.297      8.479 0.0000e+00
      8.658      0.061   373.6293     1.1334      9.575 1.2364e-01     15.767     38.853  25.380619     3.4851     9.2034     7.6649   999.9264     12.311      8.488 0.0000e+00
      8.673      0.066   373.4773     1.1354      9.487 1.2359e-01     15.767     38.845  25.372424     3.4282     9.4430     7.6647   999.9265     12.332      8.503 0.0000e+00
      8.694      0.071   373.4892     1.1547      9.458 1.2359e-01     15.766     38.822  25.353994     3.4081     9.4549     7.6657   999.9265     12.364      8.524 0.0000e+00
      8.718      0.072   373.6003     1.1545      9.483 1.2363e-01     15.765     38.720  25.284640     3.4133     9.6557     7.6645   999.9267     12.402      8.550 0.0000e+00
      8.741      0.070   373.6161     1.1449      9.453 1.2366e-01     15.766     38.545  25.168142     3.4438     9.9825     7.6605   999.9270     12.436      8.574 0.0000e+00
      8.758      0.065   373.5950     1.1299      9.368 1.2365e-01     15.767     38.426  25.087102     3.4618    10.1099     7.6563   999.9273     12.460      8.591 0.0000e+00
      8.770      0.060   373.5167     1.1243      9.325 1.2367e-01     15.767     38.403  25.065916     3.4594    10.1319     7.6521   999.9277     12.474      8.601 0.0000e+00
      8.781      0.055   373.3579     1.1379      9.376 1.2370e-01     15.768     38.371  25.038830     3.3011    10.5574     7.6481   999.9279     12.487      8.609 0.0000e+00
      8.794      0.051   373.3096     1.1320      9.471 1.2367e-01     15.769     38.338  25.013303     2.9966    11.3750     7.6468   999.9279     12.507      8.623 0.0000e+00
      8.809      0.048   373.2771     1.1172      9.581 1.2367e-01     15.769     38.338  25.010983     2.8306    11.8120     7.6442   999.9282     12.531      8.640 0.0000e+00
      8.823      0.047   373.2233     1.1080      9.710 1.2365e-01     15.770     38.339  25.010772     2.8098    11.8241     7.6344   999.9288     12.552      8.654 0.0000e+00
      8.834      0.047   373.2605     1.1198      9.882 1.2360e-01     15.770     38.339  25.010753     2.8120    11.8654     7.6240   999.9293     12.565      8.663 0.0000e+00
      8.844      0.047   373.2965     1.1318     10.127 1.2364e-01     15.770     38.339  25.010749     2.8378    12.0015     7.6186   999.9296     12.579      8.672 0.0000e+00
      8.854      0.048   373.3148     1.1437     10.381 1.2369e-01     15.770     38.337  25.010734     2.8647    12.1997     7.6171   999.9298     12.592      8.682 0.0000e+00
      8.865      0.050   373.2239     1.1611     10.607 1.2369e-01     15.770     38.335  25.010564     2.8697    12.3048     7.6165   999.9299     12.606      8.692 0.0000e+00
      8.880      0.053   373.0579     1.1743     10.799 1.2369e-01     15.770     38.331  25.008691     2.8594    12.2768     7.6153   999.9300     12.628      8.707 0.0000e+00
      8.895      0.056   373.0286     1.2123     10.918 1.2367e-01     15.770     38.301  24.988096     2.8267    12.2039     7.6154   999.9301     12.654      8.724 0.0000e+00
      8.910      0.060   373.0416     1.2424     10.986 1.2366e-01     15.770     38.248  24.951824     2.7788    12.1105     7.6176   999.9300     12.675      8.739 0.0000e+00
      8.924      0.063   373.0428     1.2675     11.067 1.2372e-01     15.770     38.248  24.950682     2.7482    12.0405     7.6202   999.9299     12.693      8.751 0.0000e+00
      8.938      0.063   373.2150     1.2956     11.170 1.2374e-01     15.770     38.287  24.974292     2.7330    12.0096     7.6204   999.9300     12.712      8.764 0.0000e+00
      8.956      0.060   373.4885     1.3071     11.237 1.2367e-01     15.770     38.304  24.983579     2.7485    11.9436     7.6194   999.9301     12.738      8.783 0.0000e+00
      8.977      0.055   373.5973     1.3128     11.251 1.2365e-01     15.770     38.329  24.999541     2.7925    11.8598     7.6175   999.9303     12.770      8.805 0.0000e+00
      8.995      0.051   373.4982     1.3197     11.225 1.2367e-01     15.770     38.393  25.040438     2.8167    11.8547     7.6147   999.9306     12.798      8.824 0.0000e+00
      9.005      0.048   373.2362     1.3392     11.203 1.2366e-01     15.770     38.480  25.097502     2.8022    11.8820     7.6122   999.9308     12.812      8.833 0.0000e+00
      9.010      0.047   372.9249     1.3444     11.190 1.2366e-01     15.770     38.610  25.182081     2.7795    12.0183     7.6104   999.9309     12.815      8.835 0.0000e+00
      9.016      0.049   372.7451     1.3481     11.160 1.2372e-01     15.771     38.793  25.301952     2.7800    12.3011     7.6092   999.9310     12.819      8.839 0.0000e+00
      9.027      0.054   372.6977     1.3412     11.139 1.2378e-01     15.771     38.952  25.405162     2.7997    12.5203     7.6087   999.9311     12.834      8.850 0.0000e+00
      9.046      0.060   372.7827     1.3376     11.112 1.2376e-01     15.771     39.068  25.478579     2.8176    12.6088     7.6084   999.9312     12.864      8.869 0.0000e+00
      9.068      0.065   372.9117     1.3415     11.075 1.2373e-01     15.771     39.189  25.555352     2.8147    12.5816     7.6087   999.9313     12.899      8.894 0.0000e+00
      9.089      0.068   372.7946     1.3310     10.995 1.2373e-01     15.771     39.315  25.635702     2.7927    12.6376     7.6106   999.9314     12.930      8.916 0.0000e+00
      9.104      0.068   372.5712     1.3342     10.855 1.2372e-01     15.770     39.399  25.688948     2.7812    12.8732     7.6098   999.9316     12.950      8.929 0.0000e+00
      9.118      0.064   372.5340     1.3273     10.687 1.2371e-01     15.770     39.405  25.691709     2.7990    12.9923     7.6062   999.9319     12.965      8.940 0.0000e+00
      9.134      0.059   372.5170     1.3267     10.477 1.2368e-01     15.770     39.372  25.669094     2.8076    12.9800     7.6033   999.9322     12.990      8.957 0.0000e+00
      9.151      0.055   372.3652     1.3183     10.172 1.2373e-01     15.770     39.373  25.669221     2.7805    12.9648     7.6013   999.9324     13.018      8.975 0.0000e+00
      9.166      0.053   372.2478     1.2981      9.785 1.2381e-01     15.770     39.410  25.693244     2.7478    12.8766     7.5994   999.9326     13.039      8.990 0.0000e+00
      9.178      0.051   372.3017     1.2796      9.439 1.2376e-01     15.771     39.430  25.705844     2.7368    12.8069     7.5976   999.9328     13.055      9.001 0.0000e+00
      9.188      0.047   372.3287     1.2575      9.202 1.2366e-01     15.771     39.413  25.694713     2.7426    12.8087     7.5962   999.9329     13.068      9.010 0.0000e+00
      9.198      0.042   372.2300     1.2223      8.990 1.2366e-01     15.771     39.398  25.685516     2.7130    12.6579     7.5953   999.9330     13.081      9.019 0.0000e+00
      9.212      0.039   372.1414     1.1676      8.715 1.2366e-01     15.771     39.453  25.721499     2.6464    12.4255     7.5950   999.9331     13.102      9.034 0.0000e+00
      9.224      0.038   372.0311     1.1224      8.427 1.2359e-01     15.771     39.690  25.876064     2.6143    12.3674     7.5951   999.9331     13.122      9.048 0.0000e+00
      9.231      0.041   371.7566     1.0990      8.192 1.2360e-01     15.771     40.611  26.476058     2.6199    12.4014     7.5952   999.9332     13.131      9.053 0.0000e+00
      9.236      0.046   371.4906     1.0807      7.995 1.2365e-01     15.771     42.706  27.838037     2.6385    12.3912     7.5957   999.9331     13.134      9.056 0.0000e+00
      9.244      0.051   371.3957     1.0421      7.810 1.2368e-01     15.771     44.532  29.022370     2.6584    12.3466     7.5955   999.9332     13.144      9.062 0.0000e+00
      9.259      0.055   371.3828     1.0049      7.684 1.2370e-01     15.772     44.794  29.186914     2.6604    12.3427     7.5955   999.9333     13.165      9.077 0.0000e+00
      9.281      0.058   371.5928     0.9778      7.675 1.2369e-01     15.773     45.103  29.383606     2.6620    12.3785     7.5965   999.9335     13.200      9.101 0.0000e+00
