Data/DataNotYetUploadedToEDI/Raw_CTD/RawDownloads/042726_fcr50_S7809023.cnv
* Sea-Bird SBE19plus  Data File:
* FileName = C:\R\Reservoirs\Data\DataNotYetUploadedToEDI\Raw_CTD\RawDownloads\051126_FCR_50_S7809_0023.hex
* Software version 2.8.0.119
* Temperature SN = 7809
* Conductivity SN = 7809
* System UpLoad Time = May 11 2026 15:41:14
* <ApplicationData>
* <Seaterm232>
# nquan = 15
# nvalues = 2070                        
# units = specified
# name 0 = depFM: Depth [fresh water, m]
# name 1 = dz/dtM: Descent Rate [m/s]
# name 2 = sbeox0Mg/L: Oxygen, SBE 43 [mg/l]
# name 3 = sbeox0PS: Oxygen, SBE 43 [% saturation]
# name 4 = specc: Specific Conductance [uS/cm]
# name 5 = c0uS/cm: Conductivity [uS/cm]
# name 6 = flECO-AFL: Fluorescence, WET Labs ECO-AFL/FL [mg/m^3]
# name 7 = ph: pH
# name 8 = orp: Oxidation Reduction Potential [mV]
# name 9 = par/sat/log: PAR/Logarithmic, Satlantic
# name 10 = turbWETntu0: Turbidity, WET Labs ECO [NTU]
# name 11 = prdM: Pressure, Strain Gauge [db]
# name 12 = prdE: Pressure, Strain Gauge [psi]
# name 13 = tv290C: Temperature [ITS-90, deg C]
# name 14 = flag:  0.000e+00
# span 0 =     -0.588,      9.637       
# span 1 =     -0.251,      0.158       
# span 2 =     2.0549,    10.7965       
# span 3 =     17.931,    101.732       
# span 4 =      0.847,    254.958       
# span 5 =   0.731664, 166.996474       
# span 6 =    -0.6714,    14.2946       
# span 7 =     -1.348,     10.693       
# span 8 = -1240.7455,   973.1446       
# span 9 = 1.2360e-01, 1.3848e+03       
# span 10 =    -0.1751,   125.8240      
# span 11 =     -0.577,      9.451      
# span 12 =     -0.836,     13.708      
# span 13 =     7.6885,    18.2671      
# span 14 = 0.0000e+00, 0.0000e+00      
# interval = seconds: 0.25
# start_time = Apr 27 2026 12:37:56 [Instrument's time stamp, header]
# bad_flag = -9.990e-29
*END*
[from data line 1254]
      4.463      0.026     2.7455     25.118     39.527  26.629997     2.5970      9.771   160.2343 1.0930e+01     2.6416      4.377      6.347     8.7338 0.0000e+00
      4.471      0.027     2.8078     25.281     39.582  26.662982     2.5702      9.768   160.2564 1.0842e+01     2.7254      4.385      6.360     8.7197 0.0000e+00
      4.479      0.028     2.8604     25.450     39.561  26.653400     2.5084      9.764   160.2750 1.0776e+01     2.9218      4.393      6.372     8.7065 0.0000e+00
      4.486      0.027     2.9018     25.712     39.524  26.640995     2.4833      9.759   160.1153 1.0706e+01     3.0688      4.398      6.379     8.6931 0.0000e+00
      4.493      0.026     2.9292     26.137     39.503  26.639851     2.4823      9.755   159.5307 1.0624e+01     3.1015      4.405      6.390     8.6822 0.0000e+00
      4.500      0.024     2.9447     26.767     39.494  26.639578     2.4723      9.752   159.1423 1.0569e+01     3.0789      4.414      6.401     8.6752 0.0000e+00
      4.506      0.023     2.9606     27.565     39.496  26.637698     2.4532      9.749   159.3774 1.0538e+01     3.0004      4.419      6.410     8.6789 0.0000e+00
      4.511      0.023     2.9868     28.434     39.482  26.617118     2.4507      9.744   159.7063 1.0496e+01     3.0401      4.424      6.417     8.6998 0.0000e+00
      4.516      0.023     3.0320     29.266     39.451  26.581005     2.4752      9.740   160.0212 1.0445e+01     3.1487      4.428      6.423     8.7208 0.0000e+00
      4.522      0.023     3.1066     29.901     39.463  26.581587     2.4589      9.737   160.3459 1.0397e+01     3.0498      4.434      6.430     8.7284 0.0000e+00
      4.527      0.025     3.2051     30.176     39.500  26.624147     2.3865      9.735   160.0194 1.0340e+01     2.8004      4.439      6.439     8.7244 0.0000e+00
      4.533      0.027     3.3099     30.009     39.474  26.651645     2.3328      9.731   159.2567 1.0261e+01     2.6616      4.445      6.447     8.7078 0.0000e+00
      4.540      0.028     3.4164     29.406     39.411  26.660415     2.3331      9.726   158.9541 1.0186e+01     2.7045      4.452      6.457     8.6843 0.0000e+00
      4.548      0.028     3.4998     28.473     39.371  26.666811     2.3575      9.723   158.9415 1.0124e+01     2.7725      4.460      6.469     8.6650 0.0000e+00
      4.558      0.029     3.5325     27.365     39.365  26.665592     2.3609      9.720   159.1035 1.0060e+01     2.7319      4.470      6.484     8.6826 0.0000e+00
      4.565      0.029     3.5084     26.242     39.385  26.645679     2.3497      9.717   159.5366 9.9969e+00     2.7258      4.479      6.496     8.7537 0.0000e+00
      4.570      0.029     3.4257     25.258     39.433  26.616281     2.3553      9.713   159.7896 9.9330e+00     2.8357      4.481      6.499     8.8327 0.0000e+00
      4.576      0.029     3.3079     24.518     39.542  26.627201     2.3613      9.710   159.4092 9.8519e+00     2.8642      4.486      6.507     8.8761 0.0000e+00
      4.586      0.030     3.1725     24.060     39.649  26.650803     2.3477      9.708   158.6375 9.7709e+00     2.7635      4.499      6.525     8.8840 0.0000e+00
      4.595      0.031     3.0385     23.892     39.702  26.647910     2.3324      9.705   158.2877 9.7186e+00     2.7110      4.507      6.538     8.8429 0.0000e+00
      4.600      0.033     2.9266     23.958     39.762  26.655610     2.3346      9.703   158.3638 9.6623e+00     2.8105      4.510      6.541     8.7449 0.0000e+00
      4.608      0.034     2.8460     24.115     39.838  26.680438     2.3493      9.700   158.5252 9.5668e+00     2.9410      4.516      6.550     8.6575 0.0000e+00
      4.619      0.033     2.7957     24.254     39.889  26.694385     2.3270      9.697   158.7767 9.4622e+00     2.9573      4.529      6.569     8.6029 0.0000e+00
      4.630      0.032     2.7798     24.335     39.917  26.697375     2.2573      9.695   158.9949 9.3742e+00     2.9393      4.542      6.588     8.5551 0.0000e+00
      4.640      0.029     2.7993     24.344     39.963  26.716580     2.2131      9.691   159.0986 9.2983e+00     2.9627      4.550      6.600     8.5151 0.0000e+00
      4.646      0.025     2.8237     24.279     40.006  26.736300     2.2250      9.687   159.0849 9.2440e+00     3.0011      4.557      6.610     8.4822 0.0000e+00
      4.651      0.022     2.8425     24.149     40.030  26.745526     2.2268      9.684   159.0876 9.2160e+00     3.0277      4.562      6.616     8.4565 0.0000e+00
      4.654      0.020     2.8545     23.984     40.069  26.764707     2.1682      9.681   159.1309 9.1839e+00     3.0102      4.564      6.620     8.4371 0.0000e+00
      4.657      0.020     2.8561     23.809     40.103  26.777932     2.1077      9.679   159.0062 9.1227e+00     2.9947      4.567      6.624     8.4232 0.0000e+00
      4.662      0.020     2.8495     23.653     40.119  26.778568     2.1028      9.676   158.9560 9.0397e+00     3.0462      4.570      6.628     8.4123 0.0000e+00
      4.670      0.020     2.8325     23.539     40.123  26.772389     2.1007      9.671   159.5566 8.9717e+00     3.1192      4.579      6.641     8.4040 0.0000e+00
      4.677      0.021     2.8136     23.511     40.126  26.766636     2.0577      9.668   160.4185 8.9314e+00     3.0926      4.590      6.657     8.3972 0.0000e+00
      4.681      0.023     2.7924     23.674     40.148  26.772424     2.0151      9.667   160.5147 8.8842e+00     2.9980      4.591      6.659     8.3854 0.0000e+00
      4.684      0.023     2.7732     24.065     40.175  26.778935     1.9856      9.664   160.1172 8.8342e+00     3.0001      4.593      6.661     8.3710 0.0000e+00
      4.689      0.023     2.7618     24.674     40.201  26.781934     1.9674      9.661   160.0001 8.7737e+00     3.1179      4.598      6.669     8.3611 0.0000e+00
      4.696      0.024     2.7509     25.515     40.262  26.808666     1.9533      9.659   159.9589 8.6807e+00     3.1926      4.604      6.677     8.3516 0.0000e+00
      4.705      0.028     2.7699     26.570     40.342  26.848442     1.9309      9.656   159.7913 8.6074e+00     3.1516      4.616      6.693     8.3419 0.0000e+00
      4.712      0.032     2.8198     27.807     40.418  26.882306     1.9211      9.652   160.1253 8.5724e+00     3.1009      4.622      6.703     8.3283 0.0000e+00
      4.717      0.034     2.8889     29.182     40.468  26.900969     1.9180      9.650   160.8992 8.5161e+00     3.0912      4.625      6.706     8.3079 0.0000e+00
      4.726      0.035     2.9917     30.611     40.445  26.883805     1.9017      9.647   161.2335 8.4139e+00     3.2053      4.633      6.719     8.2907 0.0000e+00
      4.739      0.035     3.1176     32.023     40.400  26.865060     1.8661      9.643   161.3280 8.3110e+00     3.3881      4.648      6.741     8.2763 0.0000e+00
      4.750      0.034     3.2665     33.403     40.379  26.864607     1.8286      9.639   161.4386 8.2302e+00     3.3885      4.659      6.757     8.2534 0.0000e+00
      4.759      0.033     3.4341     34.739     40.393  26.878342     1.8231      9.636   161.2807 8.1504e+00     3.3467      4.666      6.769     8.2287 0.0000e+00
      4.766      0.030     3.6067     35.995     40.442  26.904282     1.8072      9.635   161.0529 8.0924e+00     3.3952      4.676      6.782     8.2256 0.0000e+00
      4.771      0.027     3.7706     37.152     40.485  26.924533     1.7527      9.632   161.0940 8.0591e+00     3.4273      4.680      6.788     8.2461 0.0000e+00
      4.775      0.025     3.9305     38.126     40.499  26.932920     1.7145      9.629   161.4334 7.9944e+00     3.4283      4.681      6.789     8.2693 0.0000e+00
      4.783      0.023     4.0909     38.811     40.497  26.942260     1.6948      9.626   161.8004 7.9090e+00     3.3720      4.690      6.802     8.2734 0.0000e+00
      4.791      0.023     4.2379     39.211     40.528  26.974050     1.6808      9.622   162.0044 7.8624e+00     3.4304      4.701      6.817     8.2627 0.0000e+00
      4.796      0.024     4.3799     39.382     40.568  27.000175     1.6701      9.619   162.0072 7.8377e+00     3.5873      4.704      6.822     8.2466 0.0000e+00
      4.800      0.024     4.5021     39.356     40.603  27.004442     1.6485      9.617   161.9207 7.8027e+00     3.5954      4.706      6.826     8.2421 0.0000e+00
      4.806      0.024     4.5783     39.179     40.678  27.025627     1.6274      9.615   161.7317 7.7597e+00     3.5630      4.713      6.835     8.2631 0.0000e+00
      4.813      0.024     4.6201     38.929     40.768  27.066011     1.6317      9.613   161.3574 7.6975e+00     3.6400      4.719      6.845     8.2808 0.0000e+00
      4.822      0.026     4.6393     38.671     40.861  27.112151     1.6588      9.610   161.1799 7.6364e+00     3.7402      4.730      6.860     8.2860 0.0000e+00
      4.827      0.027     4.6380     38.470     40.946  27.139516     1.6633      9.607   161.3064 7.5934e+00     3.7156      4.735      6.868     8.2599 0.0000e+00
      4.832      0.027     4.6182     38.373     41.003  27.143161     1.6369      9.604   161.5106 7.5344e+00     3.6156      4.736      6.869     8.2071 0.0000e+00
      4.841      0.026     4.5894     38.381     41.055  27.156179     1.6140      9.603   161.7562 7.4502e+00     3.6249      4.747      6.884     8.1898 0.0000e+00
      4.851      0.026     4.5563     38.494     41.094  27.170038     1.6111      9.599   161.9536 7.3831e+00     3.6914      4.760      6.904     8.1849 0.0000e+00
      4.856      0.026     4.5345     38.703     41.136  27.183869     1.6181      9.596   161.7459 7.3503e+00     3.7021      4.762      6.907     8.1415 0.0000e+00
      4.860      0.026     4.5304     38.968     41.181  27.196548     1.6073      9.594   161.1376 7.3052e+00     3.6853      4.764      6.909     8.0876 0.0000e+00
      4.867      0.023     4.5332     39.251     41.194  27.196473     1.5810      9.593   160.7933 7.2337e+00     3.6256      4.772      6.921     8.0651 0.0000e+00
      4.875      0.021     4.5472     39.554     41.169  27.182950     1.5665      9.591   160.8525 7.1770e+00     3.6630      4.782      6.936     8.0603 0.0000e+00
      4.881      0.019     4.5760     39.881     41.123  27.159895     1.5647      9.588   161.1657 7.1397e+00     3.8305      4.789      6.945     8.0415 0.0000e+00
      4.885      0.018     4.6127     40.203     41.131  27.171426     1.5427      9.586   161.6543 7.1073e+00     3.8744      4.791      6.948     8.0149 0.0000e+00
      4.887      0.016     4.6472     40.492     41.159  27.195530     1.5082      9.583   161.9427 7.0873e+00     3.8862      4.793      6.951     8.0017 0.0000e+00
      4.890      0.016     4.6811     40.754     41.154  27.197627     1.4976      9.581   161.7268 7.0661e+00     4.0077      4.796      6.956     8.0102 0.0000e+00
      4.894      0.018     4.7201     40.988     41.139  27.196786     1.4971      9.579   161.1951 7.0214e+00     4.0794      4.798      6.959     8.0220 0.0000e+00
      4.899      0.022     4.7596     41.169     41.097  27.185376     1.4945      9.577   161.0202 6.9630e+00     4.0013      4.803      6.966     8.0292 0.0000e+00
      4.905      0.027     4.7916     41.290     41.062  27.186538     1.4825      9.574   161.1613 6.9119e+00     3.8483      4.810      6.976     8.0356 0.0000e+00
      4.911      0.031     4.8221     41.369     41.065  27.210868     1.4685      9.572   161.1795 6.8594e+00     3.8357      4.816      6.985     8.0396 0.0000e+00
      4.919      0.034     4.8503     41.411     41.065  27.225868     1.4754      9.571   161.3260 6.7723e+00     3.9517      4.822      6.994     8.0497 0.0000e+00
      4.930      0.035     4.8699     41.431     41.083  27.241058     1.4747      9.568   161.8141 6.6618e+00     3.9529      4.834      7.011     8.0678 0.0000e+00
      4.942      0.035     4.8783     41.464     41.154  27.267678     1.4514      9.566   162.0909 6.5892e+00     3.8509      4.850      7.033     8.1044 0.0000e+00
      4.951      0.035     4.8843     41.529     41.250  27.294007     1.4426      9.564   161.8342 6.5507e+00     3.8105      4.857      7.044     8.1346 0.0000e+00
      4.959      0.034     4.8874     41.627     41.322  27.305659     1.4607      9.563   161.7218 6.4935e+00     3.8748      4.862      7.052     8.1481 0.0000e+00
      4.966      0.032     4.8855     41.777     41.335  27.281674     1.4870      9.562   162.0228 6.4309e+00     3.9452      4.871      7.064     8.1662 0.0000e+00
      4.973      0.028     4.8919     41.980     41.344  27.257679     1.4859      9.559   162.2038 6.3723e+00     3.9101      4.877      7.073     8.1371 0.0000e+00
      4.982      0.025     4.9080     42.222     41.391  27.269214     1.4724      9.556   162.1890 6.3012e+00     3.8950      4.885      7.084     8.0769 0.0000e+00
      4.991      0.021     4.9221     42.506     41.439  27.294271     1.4743      9.555   162.4469 6.2632e+00     3.9667      4.898      7.102     8.0382 0.0000e+00
      4.996      0.016     4.9445     42.803     41.459  27.306928     1.4758      9.554   162.8261 6.2583e+00     3.9919      4.901      7.109     7.9993 0.0000e+00
      4.998      0.012     4.9756     43.093     41.438  27.295395     1.4898      9.553   162.9029 6.2447e+00     3.9606      4.900      7.107     7.9575 0.0000e+00
      4.998      0.007     5.0053     43.368     41.411  27.281680     1.4937      9.551   162.8590 6.2522e+00     3.8951      4.902      7.110     7.9328 0.0000e+00
      4.999      0.004     5.0419     43.585     41.386  27.267956     1.4812      9.551   162.8111 6.2575e+00     3.8833      4.901      7.109     7.9291 0.0000e+00
      5.000      0.002     5.0783     43.735     41.364  27.256318     1.4878      9.549   162.7544 6.2286e+00     3.9889      4.903      7.111     7.9298 0.0000e+00
      5.000      0.002     5.1103     43.836     41.376  27.267820     1.4906      9.547   162.7760 6.2018e+00     4.0109      4.905      7.114     7.9322 0.0000e+00
      5.000      0.002     5.1465     43.870     41.389  27.280181     1.4819      9.545   163.0720 6.1824e+00     3.8755      4.904      7.112     7.9394 0.0000e+00
      5.001      0.003     5.1720     43.830     41.381  27.278924     1.4578      9.542   163.5799 6.1592e+00     3.8200      4.905      7.113     7.9408 0.0000e+00
      5.002      0.004     5.1868     43.755     41.336  27.252620     1.4242      9.540   163.8406 6.1369e+00     3.9212      4.905      7.114     7.9443 0.0000e+00
      5.002      0.006     5.2009     43.671     41.276  27.215850     1.4242      9.539   163.9001 6.1245e+00     4.0060      4.905      7.114     7.9500 0.0000e+00
      5.003      0.009     5.2040     43.558     41.272  27.214896     1.4247      9.538   163.8706 6.1069e+00     3.9574      4.905      7.115     7.9532 0.0000e+00
      5.006      0.013     5.1975     43.434     41.311  27.241087     1.3981      9.535   163.7421 6.0682e+00     3.9141      4.908      7.118     7.9601 0.0000e+00
      5.010      0.020     5.1845     43.334     41.370  27.278819     1.3766      9.533   163.8945 6.0392e+00     3.9601      4.915      7.128     7.9638 0.0000e+00
      5.014      0.026     5.1780     43.238     41.381  27.290558     1.3905      9.532   164.3364 6.0231e+00     3.9679      4.916      7.131     7.9658 0.0000e+00
      5.019      0.029     5.1629     43.130     41.304  27.256178     1.4243      9.531   164.6111 5.9619e+00     3.9734      4.918      7.133     7.9690 0.0000e+00
      5.031      0.029     5.1443     43.013     41.254  27.243701     1.4178      9.529   164.6351 5.8685e+00     3.9587      4.933      7.154     7.9696 0.0000e+00
      5.045      0.027     5.1366     42.918     41.274  27.266575     1.3876      9.526   164.6266 5.8174e+00     3.9269      4.952      7.182     7.9665 0.0000e+00
