Data/DataNotYetUploadedToEDI/Raw_CTD/RawDownloads/042726_fcr50_S7809023.cnv
* Sea-Bird SBE19plus  Data File:
* FileName = C:\R\Reservoirs\Data\DataNotYetUploadedToEDI\Raw_CTD\RawDownloads\051126_FCR_50_S7809_0023.hex
* Software version 2.8.0.119
* Temperature SN = 7809
* Conductivity SN = 7809
* System UpLoad Time = May 11 2026 15:41:14
* <ApplicationData>
* <Seaterm232>
# nquan = 15
# nvalues = 2070                        
# units = specified
# name 0 = depFM: Depth [fresh water, m]
# name 1 = dz/dtM: Descent Rate [m/s]
# name 2 = sbeox0Mg/L: Oxygen, SBE 43 [mg/l]
# name 3 = sbeox0PS: Oxygen, SBE 43 [% saturation]
# name 4 = specc: Specific Conductance [uS/cm]
# name 5 = c0uS/cm: Conductivity [uS/cm]
# name 6 = flECO-AFL: Fluorescence, WET Labs ECO-AFL/FL [mg/m^3]
# name 7 = ph: pH
# name 8 = orp: Oxidation Reduction Potential [mV]
# name 9 = par/sat/log: PAR/Logarithmic, Satlantic
# name 10 = turbWETntu0: Turbidity, WET Labs ECO [NTU]
# name 11 = prdM: Pressure, Strain Gauge [db]
# name 12 = prdE: Pressure, Strain Gauge [psi]
# name 13 = tv290C: Temperature [ITS-90, deg C]
# name 14 = flag:  0.000e+00
# span 0 =     -0.588,      9.637       
# span 1 =     -0.251,      0.158       
# span 2 =     2.0549,    10.7965       
# span 3 =     17.931,    101.732       
# span 4 =      0.847,    254.958       
# span 5 =   0.731664, 166.996474       
# span 6 =    -0.6714,    14.2946       
# span 7 =     -1.348,     10.693       
# span 8 = -1240.7455,   973.1446       
# span 9 = 1.2360e-01, 1.3848e+03       
# span 10 =    -0.1751,   125.8240      
# span 11 =     -0.577,      9.451      
# span 12 =     -0.836,     13.708      
# span 13 =     7.6885,    18.2671      
# span 14 = 0.0000e+00, 0.0000e+00      
# interval = seconds: 0.25
# start_time = Apr 27 2026 12:37:56 [Instrument's time stamp, header]
# bad_flag = -9.990e-29
*END*
[from data line 1639]
      7.182      0.020     5.6115     46.995     41.909  27.448519     1.2281      9.384    92.1805 3.5588e-01     4.1955      7.044     10.217     7.7221 0.0000e+00
      7.187      0.024     5.6114     46.968     41.876  27.435371     1.2435      9.383    92.0123 3.6940e-01     4.2128      7.046     10.219     7.7231 0.0000e+00
      7.197      0.028     5.6100     46.969     41.853  27.423838     1.2568      9.383    91.8687 3.7000e-01     4.1662      7.057     10.235     7.7262 0.0000e+00
      7.209      0.031     5.6038     47.000     41.871  27.435937     1.2807      9.383    91.8212 3.6334e-01     4.2469      7.073     10.258     7.7318 0.0000e+00
      7.218      0.031     5.6009     47.032     41.903  27.454808     1.3085      9.383    91.6965 3.5002e-01     4.4020      7.080     10.269     7.7460 0.0000e+00
      7.224      0.030     5.5931     47.061     41.920  27.461718     1.3095      9.383    91.3929 3.4168e-01     4.4710      7.085     10.275     7.7583 0.0000e+00
      7.230      0.029     5.5926     47.095     41.921  27.456057     1.2924      9.382    90.9894 3.4943e-01     4.4319      7.091     10.283     7.7607 0.0000e+00
      7.237      0.027     5.5990     47.135     41.923  27.449777     1.2681      9.381    90.6904 3.6021e-01     4.3384      7.097     10.293     7.7618 0.0000e+00
      7.245      0.026     5.6020     47.144     41.930  27.449205     1.2486      9.382    90.5303 3.4857e-01     4.3663      7.104     10.303     7.7594 0.0000e+00
      7.253      0.026     5.6071     47.120     41.931  27.449144     1.2562      9.383    90.3441 3.1616e-01     4.4962      7.113     10.317     7.7542 0.0000e+00
      7.260      0.027     5.6099     47.096     41.927  27.449034     1.2687      9.382    90.3323 3.0729e-01     4.5085      7.121     10.329     7.7468 0.0000e+00
      7.263      0.028     5.6201     47.080     41.920  27.447881     1.2671      9.381    90.6461 3.2791e-01     4.4805      7.123     10.331     7.7358 0.0000e+00
      7.268      0.030     5.6218     47.069     41.893  27.435196     1.2613      9.382    90.8683 3.3393e-01     4.4988      7.126     10.334     7.7280 0.0000e+00
      7.277      0.034     5.6162     47.050     41.869  27.422520     1.2742      9.383    90.7815 3.2331e-01     4.5243      7.136     10.349     7.7282 0.0000e+00
      7.287      0.039     5.6138     47.008     41.872  27.421477     1.3057      9.383    90.6299 3.1916e-01     4.5500      7.147     10.365     7.7321 0.0000e+00
      7.297      0.043     5.6106     46.962     41.884  27.422578     1.3097      9.383    90.4971 3.1126e-01     4.4681      7.154     10.376     7.7354 0.0000e+00
      7.309      0.044     5.6091     46.955     41.913  27.435826     1.2975      9.382    90.3806 2.9804e-01     4.3887      7.166     10.394     7.7438 0.0000e+00
      7.324      0.043     5.6070     46.970     41.947  27.454801     1.2999      9.382    90.4261 2.8638e-01     4.4437      7.184     10.420     7.7497 0.0000e+00
      7.337      0.041     5.6028     46.976     41.959  27.461720     1.3051      9.382    90.5315 2.7438e-01     4.4832      7.198     10.439     7.7444 0.0000e+00
      7.346      0.039     5.5941     46.996     41.952  27.456059     1.3191      9.382    90.5362 2.6922e-01     4.4224      7.205     10.450     7.7340 0.0000e+00
      7.352      0.037     5.5968     47.028     41.945  27.449779     1.3272      9.382    90.4837 2.7513e-01     4.3240      7.210     10.457     7.7261 0.0000e+00
      7.359      0.036     5.6016     47.055     41.948  27.449213     1.3377      9.382    90.2403 2.8484e-01     4.3529      7.216     10.465     7.7231 0.0000e+00
      7.368      0.036     5.5993     47.083     41.951  27.449213     1.3622      9.383    89.8306 2.8145e-01     4.4640      7.225     10.478     7.7227 0.0000e+00
      7.379      0.037     5.6022     47.090     41.954  27.449781     1.3316      9.383    89.4873 2.6887e-01     4.4370      7.236     10.495     7.7220 0.0000e+00
      7.390      0.038     5.6088     47.069     41.964  27.456071     1.2510      9.383    89.4450 2.5428e-01     4.3343      7.247     10.511     7.7192 0.0000e+00
      7.400      0.038     5.6100     47.065     41.973  27.461848     1.2117      9.383    89.7494 2.4116e-01     4.2811      7.258     10.527     7.7158 0.0000e+00
      7.409      0.038     5.6154     47.087     41.964  27.456196     1.2226      9.381    89.9842 2.3487e-01     4.3071      7.267     10.539     7.7138 0.0000e+00
      7.417      0.041     5.6186     47.117     41.956  27.451157     1.2327      9.381    89.9617 2.2890e-01     4.3404      7.272     10.546     7.7124 0.0000e+00
      7.426      0.046     5.6110     47.134     41.976  27.464362     1.2181      9.382    89.7344 2.2515e-01     4.2740      7.282     10.562     7.7117 0.0000e+00
      7.436      0.051     5.6120     47.141     42.013  27.488994     1.2032      9.383    89.4732 2.2142e-01     4.2895      7.293     10.578     7.7118 0.0000e+00
      7.448      0.055     5.6145     47.162     42.023  27.495270     1.2024      9.383    89.5557 2.1315e-01     4.3916      7.302     10.591     7.7123 0.0000e+00
      7.466      0.056     5.6197     47.195     41.997  27.476819     1.2171      9.382    89.8721 2.0182e-01     4.4160      7.319     10.615     7.7124 0.0000e+00
      7.488      0.055     5.6222     47.217     41.966  27.456186     1.2554      9.382    90.0296 1.9028e-01     4.4132      7.346     10.654     7.7126 0.0000e+00
      7.505      0.052     5.6199     47.221     41.936  27.436068     1.2826      9.381    89.9972 1.9148e-01     4.3579      7.365     10.681     7.7134 0.0000e+00
      7.514      0.047     5.6240     47.236     41.916  27.423856     1.2805      9.381    89.8242 2.0295e-01     4.3283      7.369     10.688     7.7129 0.0000e+00
      7.520      0.040     5.6284     47.278     41.932  27.435377     1.2875      9.381    89.5731 2.1125e-01     4.3962      7.373     10.695     7.7110 0.0000e+00
      7.530      0.034     5.6332     47.332     41.949  27.448523     1.3012      9.381    89.3702 2.0461e-01     4.4272      7.384     10.710     7.7097 0.0000e+00
      7.540      0.032     5.6307     47.378     41.959  27.455957     1.2879      9.380    89.1780 1.8434e-01     4.4299      7.395     10.726     7.7100 0.0000e+00
      7.548      0.032     5.6315     47.402     41.967  27.461838     1.2687      9.379    89.0562 1.7439e-01     4.4628      7.402     10.735     7.7110 0.0000e+00
      7.554      0.033     5.6379     47.418     41.958  27.456196     1.2766      9.379    89.1023 1.7269e-01     4.5524      7.407     10.742     7.7121 0.0000e+00
      7.561      0.033     5.6443     47.445     41.950  27.451169     1.3083      9.379    89.2186 1.7899e-01     4.6252      7.415     10.755     7.7141 0.0000e+00
      7.570      0.034     5.6510     47.463     41.970  27.464487     1.3190      9.379    89.3440 1.8596e-01     4.5233      7.424     10.767     7.7163 0.0000e+00
      7.579      0.036     5.6529     47.471     42.010  27.490368     1.2902      9.378    89.4140 1.7853e-01     4.3787      7.431     10.778     7.7169 0.0000e+00
      7.590      0.037     5.6528     47.487     42.040  27.510388     1.2678      9.378    89.1189 1.6900e-01     4.3460      7.443     10.796     7.7162 0.0000e+00
      7.600      0.035     5.6583     47.492     42.049  27.516268     1.2810      9.378    88.5286 1.6459e-01     4.4348      7.453     10.810     7.7169 0.0000e+00
      7.610      0.032     5.6607     47.477     42.021  27.498035     1.3079      9.379    88.3002 1.6756e-01     4.5986      7.463     10.823     7.7178 0.0000e+00
      7.620      0.027     5.6586     47.451     41.994  27.480214     1.3108      9.379    88.4218 1.6706e-01     4.6529      7.475     10.841     7.7172 0.0000e+00
      7.625      0.021     5.6638     47.436     42.011  27.491075     1.2910      9.379    88.4501 1.5848e-01     4.6473      7.480     10.848     7.7175 0.0000e+00
      7.628      0.015     5.6633     47.442     42.030  27.502502     1.2769      9.379    88.3839 1.5208e-01     4.6677      7.479     10.847     7.7179 0.0000e+00
      7.631      0.010     5.6621     47.467     42.015  27.491519     1.2729      9.379    88.3098 1.5456e-01     4.5581      7.484     10.854     7.7172 0.0000e+00
      7.633      0.006     5.6574     47.519     42.007  27.485132     1.2849      9.380    87.9850 1.5776e-01     4.3815      7.487     10.857     7.7171 0.0000e+00
      7.633      0.004     5.6546     47.564     42.012  27.488705     1.2972      9.380    87.4676 1.5267e-01     4.3081      7.485     10.855     7.7175 0.0000e+00
      7.634      0.003     5.6577     47.583     41.986  27.471305     1.2792      9.379    87.3031 1.5096e-01     4.3190      7.486     10.858     7.7164 0.0000e+00
      7.634      0.003     5.6578     47.603     41.975  27.465016     1.2591      9.378    87.3724 1.5940e-01     4.4110      7.487     10.859     7.7143 0.0000e+00
      7.635      0.003     5.6672     47.622     41.990  27.476094     1.2451      9.378    87.4448 1.6159e-01     4.5322      7.486     10.858     7.7131 0.0000e+00
      7.636      0.005     5.6745     47.630     41.989  27.478399     1.2186      9.378    87.5760 1.5024e-01     4.5550      7.488     10.860     7.7133 0.0000e+00
      7.636      0.007     5.6729     47.626     42.004  27.492890     1.2136      9.378    87.4966 1.4540e-01     4.5850      7.489     10.862     7.7134 0.0000e+00
      7.637      0.009     5.6770     47.602     42.048  27.524454     1.2520      9.377    86.9152 1.5351e-01     4.6213      7.489     10.861     7.7135 0.0000e+00
      7.640      0.010     5.6798     47.583     42.073  27.542906     1.2989      9.377    86.1389 1.6226e-01     4.5500      7.491     10.863     7.7147 0.0000e+00
      7.645      0.010     5.6789     47.579     42.045  27.525713     1.3069      9.377    85.7676 1.6481e-01     4.4400      7.498     10.875     7.7186 0.0000e+00
      7.649      0.010     5.6796     47.551     42.012  27.506856     1.2904      9.378    85.6948 1.6151e-01     4.3501      7.503     10.882     7.7252 0.0000e+00
      7.650      0.010     5.6741     47.493     42.006  27.505194     1.2901      9.378    85.7751 1.5649e-01     4.3855      7.502     10.881     7.7300 0.0000e+00
      7.651      0.009     5.6698     47.441     42.005  27.505609     1.2953      9.378    86.0505 1.5527e-01     4.4237      7.503     10.881     7.7307 0.0000e+00
      7.652      0.009     5.6736     47.420     42.015  27.511884     1.3034      9.377    85.7545 1.5462e-01     4.3682      7.505     10.884     7.7315 0.0000e+00
      7.655      0.009     5.6693     47.433     42.029  27.517639     1.3124      9.376    84.7771 1.4768e-01     4.3633      7.506     10.886     7.7343 0.0000e+00
      7.658      0.011     5.6596     47.459     42.026  27.511759     1.3136      9.376    84.2138 1.4271e-01     4.3985      7.510     10.892     7.7381 0.0000e+00
      7.661      0.015     5.6524     47.479     42.019  27.504213     1.3174      9.376    84.1060 1.4692e-01     4.4522      7.513     10.897     7.7404 0.0000e+00
      7.663      0.020     5.6496     47.504     41.997  27.489818     1.3085      9.377    84.0758 1.5123e-01     4.4323      7.515     10.899     7.7393 0.0000e+00
      7.667      0.025     5.6530     47.546     41.959  27.464563     1.2815      9.377    84.1936 1.4970e-01     4.3286      7.517     10.902     7.7356 0.0000e+00
      7.674      0.030     5.6581     47.600     41.944  27.452564     1.2648      9.377    84.1535 1.4704e-01     4.2916      7.524     10.912     7.7292 0.0000e+00
      7.685      0.034     5.6601     47.630     41.976  27.471590     1.2820      9.376    83.7627 1.4748e-01     4.3605      7.537     10.930     7.7251 0.0000e+00
      7.697      0.036     5.6621     47.582     42.026  27.504328     1.3150      9.376    83.2545 1.4701e-01     4.4779      7.548     10.948     7.7267 0.0000e+00
      7.707      0.037     5.6676     47.506     42.063  27.531260     1.3138      9.377    82.9132 1.4333e-01     4.4817      7.558     10.962     7.7267 0.0000e+00
      7.716      0.036     5.6746     47.490     42.079  27.543515     1.2837      9.377    82.7333 1.4048e-01     4.3718      7.568     10.976     7.7236 0.0000e+00
      7.724      0.035     5.6842     47.527     42.052  27.525660     1.2834      9.376    82.6282 1.3578e-01     4.3443      7.575     10.987     7.7202 0.0000e+00
      7.731      0.033     5.6752     47.559     42.022  27.505656     1.3099      9.376    82.5022 1.3000e-01     4.3554      7.580     10.994     7.7192 0.0000e+00
      7.740      0.031     5.6594     47.581     41.997  27.491928     1.3059      9.376    82.2431 1.2909e-01     4.3014      7.590     11.007     7.7242 0.0000e+00
      7.750      0.031     5.6584     47.616     41.982  27.486528     1.2761      9.377    81.9905 1.2869e-01     4.2704      7.601     11.025     7.7285 0.0000e+00
      7.758      0.030     5.6670     47.650     42.003  27.503803     1.2501      9.377    81.7709 1.2842e-01     4.3224      7.609     11.036     7.7263 0.0000e+00
      7.764      0.027     5.6713     47.685     42.008  27.510512     1.2408      9.377    81.4808 1.3182e-01     4.4180      7.614     11.042     7.7244 0.0000e+00
      7.770      0.024     5.6696     47.725     41.994  27.504225     1.2549      9.376    81.2353 1.3376e-01     4.4359      7.620     11.052     7.7287 0.0000e+00
      7.776      0.023     5.6764     47.730     41.970  27.491219     1.2540      9.376    81.0408 1.3402e-01     4.3336      7.628     11.063     7.7351 0.0000e+00
      7.781      0.023     5.6789     47.696     41.952  27.480112     1.2550      9.376    80.8503 1.3581e-01     4.3086      7.632     11.068     7.7387 0.0000e+00
      7.786      0.024     5.6811     47.665     41.981  27.496786     1.2836      9.376    80.8242 1.3396e-01     4.4068      7.635     11.074     7.7422 0.0000e+00
      7.792      0.025     5.6888     47.643     41.996  27.502542     1.3008      9.376    80.8972 1.2799e-01     4.4624      7.641     11.082     7.7470 0.0000e+00
      7.798      0.028     5.6893     47.609     41.978  27.486274     1.3047      9.376    80.7871 1.2773e-01     4.3994      7.648     11.091     7.7501 0.0000e+00
      7.806      0.032     5.6818     47.583     41.988  27.490373     1.2966      9.376    80.5256 1.3064e-01     4.2952      7.655     11.102     7.7506 0.0000e+00
      7.815      0.036     5.6782     47.573     41.990  27.488672     1.2942      9.376    80.1432 1.3016e-01     4.3298      7.664     11.115     7.7490 0.0000e+00
      7.824      0.038     5.6789     47.535     41.960  27.465695     1.3099      9.377    79.7781 1.2956e-01     4.4414      7.672     11.128     7.7427 0.0000e+00
      7.835      0.038     5.6741     47.477     41.968  27.466262     1.3033      9.377    79.6382 1.2732e-01     4.4491      7.684     11.144     7.7363 0.0000e+00
      7.847      0.034     5.6694     47.453     42.018  27.495531     1.2807      9.376    79.9151 1.2442e-01     4.3542      7.696     11.162     7.7344 0.0000e+00
      7.859      0.029     5.6725     47.452     42.029  27.502441     1.2694      9.376    80.4584 1.2381e-01     4.2511      7.708     11.179     7.7318 0.0000e+00
      7.867      0.023     5.6692     47.468     42.002  27.486381     1.2748      9.376    80.5294 1.2382e-01     4.2615      7.717     11.193     7.7262 0.0000e+00
      7.870      0.017     5.6571     47.518     42.005  27.491627     1.2960      9.376    80.1700 1.2433e-01     4.3426      7.718     11.195     7.7203 0.0000e+00
      7.870      0.012     5.6583     47.583     42.016  27.502449     1.3010      9.376    79.7265 1.2971e-01     4.3445      7.717     11.193     7.7162 0.0000e+00
