Data/DataNotYetUploadedToEDI/Raw_CTD/RawDownloads/042726_fcr50_S7809023.cnv
* Sea-Bird SBE19plus  Data File:
* FileName = C:\R\Reservoirs\Data\DataNotYetUploadedToEDI\Raw_CTD\RawDownloads\051126_FCR_50_S7809_0023.hex
* Software version 2.8.0.119
* Temperature SN = 7809
* Conductivity SN = 7809
* System UpLoad Time = May 11 2026 15:41:14
* <ApplicationData>
* <Seaterm232>
# nquan = 15
# nvalues = 2070                        
# units = specified
# name 0 = depFM: Depth [fresh water, m]
# name 1 = dz/dtM: Descent Rate [m/s]
# name 2 = sbeox0Mg/L: Oxygen, SBE 43 [mg/l]
# name 3 = sbeox0PS: Oxygen, SBE 43 [% saturation]
# name 4 = specc: Specific Conductance [uS/cm]
# name 5 = c0uS/cm: Conductivity [uS/cm]
# name 6 = flECO-AFL: Fluorescence, WET Labs ECO-AFL/FL [mg/m^3]
# name 7 = ph: pH
# name 8 = orp: Oxidation Reduction Potential [mV]
# name 9 = par/sat/log: PAR/Logarithmic, Satlantic
# name 10 = turbWETntu0: Turbidity, WET Labs ECO [NTU]
# name 11 = prdM: Pressure, Strain Gauge [db]
# name 12 = prdE: Pressure, Strain Gauge [psi]
# name 13 = tv290C: Temperature [ITS-90, deg C]
# name 14 = flag:  0.000e+00
# span 0 =     -0.588,      9.637       
# span 1 =     -0.251,      0.158       
# span 2 =     2.0549,    10.7965       
# span 3 =     17.931,    101.732       
# span 4 =      0.847,    254.958       
# span 5 =   0.731664, 166.996474       
# span 6 =    -0.6714,    14.2946       
# span 7 =     -1.348,     10.693       
# span 8 = -1240.7455,   973.1446       
# span 9 = 1.2360e-01, 1.3848e+03       
# span 10 =    -0.1751,   125.8240      
# span 11 =     -0.577,      9.451      
# span 12 =     -0.836,     13.708      
# span 13 =     7.6885,    18.2671      
# span 14 = 0.0000e+00, 0.0000e+00      
# interval = seconds: 0.25
# start_time = Apr 27 2026 12:37:56 [Instrument's time stamp, header]
# bad_flag = -9.990e-29
*END*
[from data line 772]
      2.164      0.011     8.9622     90.886     37.464  30.458191     3.9324     10.332   135.6830 7.7388e+01     1.8686      2.122      3.077    15.6698 0.0000e+00
      2.165      0.012     8.9828     90.974     37.464  30.436650     3.9219     10.332   135.9035 7.7098e+01     1.8062      2.122      3.078    15.6649 0.0000e+00
      2.169      0.014     8.9986     91.017     37.482  30.432996     3.9218     10.331   135.9379 7.6795e+01     1.8002      2.126      3.084    15.6715 0.0000e+00
      2.175      0.014     9.0198     91.026     37.473  30.414000     3.9313     10.330   135.7549 7.6789e+01     1.8300      2.134      3.095    15.6718 0.0000e+00
      2.180      0.014     9.0399     91.051     37.462  30.397255     3.9608     10.330   135.5836 7.7343e+01     1.7566      2.138      3.102    15.6494 0.0000e+00
      2.183      0.013     9.0530     91.134     37.497  30.420830     4.0299     10.329   135.5012 7.7639e+01     1.6989      2.141      3.106    15.6151 0.0000e+00
      2.186      0.012     9.0638     91.250     37.529  30.445298     4.0755     10.329   135.3609 7.7388e+01     1.7132      2.144      3.109    15.5896 0.0000e+00
      2.188      0.010     9.0647     91.363     37.520  30.439359     4.0961     10.329   135.3499 7.7098e+01     1.7926      2.146      3.112    15.5751 0.0000e+00
      2.191      0.009     9.0669     91.473     37.485  30.412454     4.1298     10.329   135.5409 7.6984e+01     1.9071      2.148      3.116    15.5646 0.0000e+00
      2.193      0.009     9.0778     91.574     37.440  30.373731     4.1329     10.328   135.7773 7.6704e+01     1.9026      2.151      3.119    15.5592 0.0000e+00
      2.194      0.010     9.0920     91.640     37.426  30.351767     4.1008     10.327   135.9704 7.6256e+01     1.8051      2.152      3.121    15.5581 0.0000e+00
      2.197      0.011     9.1017     91.646     37.426  30.337180     4.0908     10.327   135.7259 7.6436e+01     1.7539      2.153      3.124    15.5582 0.0000e+00
      2.200      0.012     9.1120     91.588     37.429  30.324208     4.1535     10.327   135.1436 7.6913e+01     1.7956      2.157      3.129    15.5654 0.0000e+00
      2.204      0.014     9.1231     91.519     37.444  30.321773     4.2593     10.327   134.9526 7.6940e+01     1.8999      2.162      3.135    15.5648 0.0000e+00
      2.207      0.014     9.1337     91.469     37.444  30.307722     4.2959     10.327   135.2234 7.6694e+01     1.9214      2.164      3.139    15.5468 0.0000e+00
      2.211      0.015     9.1404     91.447     37.425  30.281167     4.2715     10.327   135.6654 7.6363e+01     1.8166      2.168      3.145    15.5257 0.0000e+00
      2.216      0.015     9.1340     91.472     37.404  30.254421     4.2812     10.326   135.9945 7.6218e+01     1.7943      2.174      3.152    15.5059 0.0000e+00
      2.219      0.016     9.1315     91.547     37.399  30.238054     4.3131     10.326   135.5888 7.6295e+01     1.8906      2.177      3.157    15.4858 0.0000e+00
      2.222      0.017     9.1299     91.659     37.383  30.210137     4.3166     10.327   134.7173 7.6238e+01     1.9222      2.178      3.159    15.4665 0.0000e+00
      2.226      0.018     9.1292     91.788     37.354  30.170591     4.2972     10.327   134.4918 7.5908e+01     1.8694      2.182      3.166    15.4516 0.0000e+00
      2.232      0.019     9.1347     91.918     37.338  30.140481     4.2618     10.326   134.9260 7.5701e+01     1.8664      2.190      3.176    15.4406 0.0000e+00
      2.237      0.022     9.1448     92.021     37.311  30.099801     4.2305     10.325   135.4070 7.5825e+01     2.0229      2.194      3.182    15.4242 0.0000e+00
      2.242      0.024     9.1625     92.115     37.290  30.059303     4.2267     10.325   135.6626 7.5576e+01     2.1221      2.198      3.188    15.4019 0.0000e+00
      2.248      0.026     9.1782     92.228     37.288  30.031398     4.2165     10.324   135.8651 7.5121e+01     2.0408      2.205      3.197    15.3811 0.0000e+00
      2.255      0.026     9.1989     92.369     37.300  30.016093     4.1990     10.324   135.7047 7.5008e+01     1.9961      2.211      3.206    15.3590 0.0000e+00
      2.263      0.026     9.2118     92.514     37.307  30.001091     4.2141     10.324   135.0139 7.4813e+01     2.0603      2.219      3.219    15.3339 0.0000e+00
      2.271      0.026     9.2268     92.689     37.297  29.976850     4.2658     10.324   134.6533 7.4421e+01     2.1675      2.229      3.232    15.3039 0.0000e+00
      2.277      0.025     9.2445     92.978     37.313  29.976705     4.3082     10.324   134.7008 7.4277e+01     2.1653      2.233      3.240    15.2659 0.0000e+00
      2.282      0.024     9.2669     93.318     37.357  29.999327     4.3027     10.323   134.9859 7.4181e+01     2.0328      2.236      3.244    15.2291 0.0000e+00
      2.287      0.022     9.2895     93.629     37.369  29.996630     4.3157     10.322   135.4326 7.3817e+01     1.9328      2.242      3.251    15.2013 0.0000e+00
      2.294      0.022     9.3010     93.894     37.318  29.944084     4.3727     10.321   135.4558 7.3674e+01     1.9126      2.251      3.264    15.1821 0.0000e+00
      2.300      0.022     9.3409     94.062     37.242  29.871435     4.4018     10.321   135.0084 7.3595e+01     1.9253      2.256      3.272    15.1655 0.0000e+00
      2.305      0.023     9.3812     94.158     37.191  29.815983     4.4172     10.320   134.6691 7.3405e+01     1.8817      2.259      3.278    15.1479 0.0000e+00
      2.310      0.024     9.4136     94.244     37.169  29.781063     4.4761     10.318   134.6237 7.3265e+01     1.7949      2.265      3.285    15.1317 0.0000e+00
      2.316      0.024     9.4483     94.286     37.174  29.766358     4.5644     10.317   134.7173 7.2974e+01     1.7981      2.271      3.293    15.1163 0.0000e+00
      2.322      0.024     9.4666     94.265     37.197  29.765021     4.6199     10.317   134.9403 7.2887e+01     1.8870      2.277      3.302    15.1008 0.0000e+00
      2.330      0.024     9.4755     94.262     37.221  29.764871     4.6387     10.317   135.2552 7.2973e+01     1.9474      2.285      3.314    15.0830 0.0000e+00
      2.337      0.024     9.4916     94.319     37.245  29.764528     4.6505     10.316   135.4268 7.2757e+01     1.9473      2.291      3.324    15.0603 0.0000e+00
      2.342      0.023     9.5039     94.415     37.264  29.760849     4.6464     10.315   135.2944 7.2462e+01     1.9535      2.297      3.331    15.0337 0.0000e+00
      2.347      0.022     9.5017     94.545     37.235  29.720371     4.6472     10.314   135.2037 7.2131e+01     2.0227      2.301      3.337    15.0057 0.0000e+00
      2.353      0.020     9.5055     94.682     37.173  29.655681     4.6771     10.312   135.3613 7.1661e+01     2.1350      2.306      3.345    14.9792 0.0000e+00
      2.358      0.020     9.5190     94.793     37.143  29.612991     4.7658     10.312   135.4800 7.1498e+01     2.1503      2.314      3.355    14.9550 0.0000e+00
      2.362      0.021     9.5325     94.901     37.134  29.584766     4.8962     10.312   135.8646 7.1578e+01     2.0365      2.316      3.359    14.9279 0.0000e+00
      2.367      0.023     9.5517     95.007     37.138  29.568122     4.9636     10.311   136.5691 7.1431e+01     1.9550      2.321      3.367    14.9047 0.0000e+00
      2.373      0.024     9.5722     95.107     37.122  29.538586     4.9891     10.309   136.7714 7.0955e+01     1.9839      2.327      3.376    14.8869 0.0000e+00
      2.379      0.025     9.5855     95.242     37.071  29.481360     5.0226     10.308   136.5895 7.0435e+01     2.0446      2.332      3.383    14.8615 0.0000e+00
      2.386      0.026     9.6039     95.454     37.050  29.447062     5.1764     10.308   136.4353 7.0214e+01     2.0410      2.340      3.394    14.8314 0.0000e+00
      2.395      0.026     9.6212     95.760     37.057  29.441023     5.4840     10.308   136.2830 6.9992e+01     2.0418      2.349      3.407    14.8023 0.0000e+00
      2.402      0.025     9.6333     96.132     37.012  29.408330     5.6784     10.307   136.2966 6.9601e+01     2.1226      2.356      3.418    14.7817 0.0000e+00
      2.407      0.024     9.6503     96.544     36.946  29.368943     5.7289     10.306   136.8589 6.9303e+01     2.1983      2.361      3.425    14.7604 0.0000e+00
      2.412      0.023     9.6761     97.025     36.911  29.345402     5.8705     10.305   137.7472 6.9070e+01     2.1716      2.366      3.432    14.7328 0.0000e+00
      2.417      0.023     9.7133     97.568     36.890  29.313994     6.0918     10.304   138.0887 6.8803e+01     2.0725      2.371      3.438    14.7119 0.0000e+00
      2.423      0.023     9.7518     98.113     36.918  29.306325     6.1905     10.303   137.8905 6.8452e+01     1.9914      2.375      3.444    14.7181 0.0000e+00
      2.430      0.023     9.7848     98.632     36.966  29.316072     6.2157     10.302   137.5880 6.8168e+01     2.0104      2.382      3.455    14.7463 0.0000e+00
      2.438      0.022     9.8310     99.112     36.975  29.304947     6.3631     10.302   137.4419 6.8068e+01     2.0973      2.391      3.468    14.7598 0.0000e+00
      2.444      0.021     9.8943     99.539     36.976  29.298652     6.5905     10.302   137.8450 6.7916e+01     2.0862      2.398      3.478    14.7366 0.0000e+00
      2.448      0.019     9.9610     99.915     36.986  29.303387     6.7100     10.301   138.5897 6.7596e+01     2.0125      2.401      3.482    14.6862 0.0000e+00
      2.452      0.016    10.0232    100.207     36.974  29.298764     6.7180     10.300   138.9615 6.7246e+01     2.0256      2.404      3.487    14.6422 0.0000e+00
      2.454      0.014    10.0784    100.357     36.963  29.306186     6.8031     10.298   138.9840 6.7135e+01     2.1765      2.407      3.491    14.6197 0.0000e+00
      2.457      0.014    10.1216    100.382     36.970  29.329720     6.9730     10.297   138.9486 6.7111e+01     2.3341      2.410      3.495    14.6149 0.0000e+00
      2.461      0.015    10.1625    100.313     36.960  29.329604     7.0493     10.295   138.7051 6.6918e+01     2.3259      2.415      3.502    14.6068 0.0000e+00
      2.465      0.016    10.1960    100.193     36.937  29.304799     7.0602     10.295   138.2768 6.6889e+01     2.3165      2.418      3.507    14.6103 0.0000e+00
      2.469      0.018    10.2020    100.050     36.939  29.283517     7.2045     10.294   138.3311 6.6866e+01     2.3911      2.420      3.510    14.6393 0.0000e+00
      2.474      0.019    10.1975     99.871     36.963  29.262555     7.4545     10.294   139.0164 6.6569e+01     2.4083      2.426      3.518    14.6694 0.0000e+00
      2.479      0.020    10.1868     99.666     36.993  29.241583     7.5772     10.293   139.5071 6.6286e+01     2.3531      2.431      3.527    14.6801 0.0000e+00
      2.485      0.020    10.1738     99.469     37.013  29.220183     7.5646     10.292   139.6186 6.6038e+01     2.2703      2.437      3.534    14.6723 0.0000e+00
      2.491      0.020    10.1681     99.298     37.020  29.194064     7.5597     10.292   139.6770 6.5724e+01     2.2265      2.444      3.544    14.6441 0.0000e+00
      2.496      0.019    10.1623     99.139     37.033  29.179469     7.7019     10.292   139.6966 6.5473e+01     2.3017      2.448      3.551    14.5816 0.0000e+00
      2.501      0.018    10.1557     98.995     37.042  29.170544     7.9682     10.292   139.5968 6.5337e+01     2.4283      2.453      3.557    14.5132 0.0000e+00
      2.505      0.017    10.1443     98.903     37.026  29.149567     8.0996     10.291   139.5037 6.5250e+01     2.4252      2.457      3.564    14.4673 0.0000e+00
      2.509      0.016    10.1373     98.887     36.983  29.116111     8.0838     10.290   139.6033 6.5064e+01     2.2981      2.461      3.570    14.4254 0.0000e+00
      2.513      0.016    10.1302     98.944     36.928  29.083182     8.0776     10.290   139.7685 6.4713e+01     2.2590      2.464      3.574    14.3876 0.0000e+00
      2.517      0.015    10.1166     99.064     36.898  29.068591     8.0988     10.290   139.9515 6.4484e+01     2.3616      2.468      3.580    14.3690 0.0000e+00
      2.521      0.015    10.1102     99.245     36.901  29.066571     8.0992     10.289   140.0958 6.4372e+01     2.3777      2.472      3.586    14.3563 0.0000e+00
      2.525      0.015    10.1081     99.457     36.912  29.058746     8.0735     10.288   139.7063 6.4218e+01     2.2481      2.476      3.591    14.3546 0.0000e+00
      2.528      0.016    10.1112     99.677     36.918  29.037393     8.0793     10.288   139.1142 6.4124e+01     2.1261      2.479      3.596    14.3754 0.0000e+00
      2.532      0.017    10.1167     99.888     36.921  28.998643     8.1364     10.288   139.1314 6.4024e+01     2.0989      2.484      3.603    14.3959 0.0000e+00
      2.536      0.017    10.1406    100.079     36.949  28.970761     8.1986     10.288   139.3976 6.3956e+01     2.1242      2.487      3.608    14.3863 0.0000e+00
      2.541      0.018    10.1673    100.221     36.984  28.953930     8.2149     10.288   139.6652 6.3901e+01     2.0901      2.491      3.612    14.3626 0.0000e+00
      2.546      0.018    10.1972    100.248     36.988  28.921947     8.2424     10.288   140.1303 6.3673e+01     2.1316      2.497      3.621    14.3314 0.0000e+00
      2.551      0.019    10.2336    100.234     37.001  28.901167     8.3305     10.287   140.3749 6.3394e+01     2.3185      2.502      3.630    14.2733 0.0000e+00
      2.555      0.019    10.2673    100.207     37.028  28.892938     8.3900     10.287   139.8695 6.3195e+01     2.4374      2.505      3.635    14.1973 0.0000e+00
      2.560      0.019    10.3057    100.131     37.051  28.885844     8.3956     10.287   139.0101 6.2927e+01     2.4406      2.511      3.641    14.1334 0.0000e+00
      2.566      0.019    10.3091    100.059     37.067  28.878797     8.4729     10.288   138.6740 6.2562e+01     2.4255      2.516      3.649    14.0915 0.0000e+00
      2.571      0.020    10.3161     99.948     37.078  28.871137     8.6427     10.288   138.9889 6.2278e+01     2.4945      2.521      3.657    14.0508 0.0000e+00
      2.575      0.021    10.3291     99.751     37.079  28.856646     8.7590     10.288   139.4623 6.2060e+01     2.6252      2.525      3.663    14.0104 0.0000e+00
      2.580      0.021    10.3206     99.584     37.067  28.830423     8.7803     10.287   139.6657 6.1815e+01     2.6403      2.529      3.669    13.9763 0.0000e+00
      2.585      0.021    10.3232     99.484     37.066  28.807775     8.7755     10.286   139.5551 6.1638e+01     2.5406      2.535      3.676    13.9500 0.0000e+00
      2.591      0.021    10.3221     99.342     37.052  28.773074     8.8917     10.286   139.2432 6.1472e+01     2.4096      2.541      3.684    13.9289 0.0000e+00
      2.598      0.021    10.2969     99.187     37.027  28.727976     9.1372     10.286   139.0785 6.1202e+01     2.3545      2.549      3.697    13.9103 0.0000e+00
      2.603      0.020    10.2814     99.112     37.034  28.706467     9.2882     10.286   139.1979 6.0980e+01     2.4215      2.554      3.704    13.8891 0.0000e+00
      2.607      0.019    10.2887     99.080     37.062  28.703271     9.3112     10.286   139.3109 6.0750e+01     2.4002      2.555      3.706    13.8568 0.0000e+00
      2.611      0.019    10.2779     99.063     37.076  28.689302     9.3729     10.286   139.4123 6.0457e+01     2.2672      2.561      3.715    13.8247 0.0000e+00
      2.615      0.019    10.2621     99.057     37.077  28.664393     9.5106     10.286   139.6490 6.0277e+01     2.2491      2.566      3.721    13.7910 0.0000e+00
      2.620      0.019    10.2688     98.994     37.098  28.655797     9.6022     10.285   139.8505 6.0147e+01     2.3506      2.569      3.725    13.7528 0.0000e+00
