Data/DataNotYetUploadedToEDI/Raw_CTD/RawDownloads/042825_fcr50_S7809001.cnv
* Sea-Bird SBE19plus  Data File:
* FileName = C:\R\Reservoirs\Data\DataNotYetUploadedToEDI\Raw_CTD\RawDownloads\042825_fcr50_S7809_0001.hex
* Software version 2.8.0.119
* Temperature SN = 7809
* Conductivity SN = 7809
* System UpLoad Time = May 01 2025 12:57:12
* <ApplicationData>
* <Seaterm232>
# nquan = 15
# nvalues = 2345                        
# units = specified
# name 0 = depFM: Depth [fresh water, m]
# name 1 = dz/dtM: Descent Rate [m/s]
# name 2 = sbeox0Mg/L: Oxygen, SBE 43 [mg/l]
# name 3 = sbeox0PS: Oxygen, SBE 43 [% saturation]
# name 4 = specc: Specific Conductance [uS/cm]
# name 5 = c0uS/cm: Conductivity [uS/cm]
# name 6 = flECO-AFL: Fluorescence, WET Labs ECO-AFL/FL [mg/m^3]
# name 7 = ph: pH
# name 8 = orp: Oxidation Reduction Potential [mV]
# name 9 = par/sat/log: PAR/Logarithmic, Satlantic
# name 10 = turbWETntu0: Turbidity, WET Labs ECO [NTU]
# name 11 = prdM: Pressure, Strain Gauge [db]
# name 12 = prdE: Pressure, Strain Gauge [psi]
# name 13 = tv290C: Temperature [ITS-90, deg C]
# name 14 = flag:  0.000e+00
# span 0 =     -0.548,      9.764       
# span 1 =     -0.252,      0.170       
# span 2 =     5.3916,    12.6405       
# span 3 =     48.485,    110.156       
# span 4 =     -0.221,    268.878       
# span 5 =  -0.191314, 184.681060       
# span 6 =    -1.3308,     9.3526       
# span 7 =     -1.401,      9.175       
# span 8 = -1240.2523,  1239.8916       
# span 9 = 1.2367e-01, 2.1219e+03       
# span 10 =    -0.2583,   272.5324      
# span 11 =     -0.537,      9.577      
# span 12 =     -0.779,     13.890      
# span 13 =     9.2381,    18.2728      
# span 14 = 0.0000e+00, 0.0000e+00      
# interval = seconds: 0.25
# start_time = Apr 28 2025 10:34:28 [Instrument's time stamp, header]
# bad_flag = -9.990e-29
*END*
[from data line 193]
      0.378 -3.409e-07     8.9005     90.360     32.372  27.629503     1.7622      7.523   268.8786 9.3934e+02     5.0362      0.371      0.538    17.6662 0.0000e+00
      0.378 -3.320e-07     8.8045     89.894     32.385  27.640940     1.7763      7.527   269.8081 7.1327e+02     4.8912      0.370      0.537    17.6668 0.0000e+00
      0.378 -1.242e-07     8.7227     89.480     32.371  27.628266     1.7545      7.531   270.2395 6.3293e+02     4.8028      0.370      0.537    17.6695 0.0000e+00
      0.378 -1.129e-08     8.6581     89.130     32.343  27.603114     1.7485      7.535   270.2233 6.9024e+02     4.8553      0.370      0.537    17.6715 0.0000e+00
      0.378 -1.026e-09     8.6095     88.817     32.330  27.590534     1.7710      7.539   270.1275 8.2894e+02     4.9800      0.371      0.538    17.6715 0.0000e+00
      0.378 -9.345e-11     8.5657     88.480     32.345  27.603001     1.7762      7.544   270.0277 1.0476e+03     4.9776      0.371      0.538    17.6711 0.0000e+00
      0.378 -1.019e-11     8.5252     88.098     32.373  27.627008     1.7532      7.549   270.1352 1.2699e+03     4.8613      0.371      0.538    17.6703 0.0000e+00
      0.378 -1.960e-11     8.4929     87.700     32.372  27.627103     1.7262      7.554   270.7385 1.1579e+03     4.9060      0.371      0.538    17.6685 0.0000e+00
      0.378 -2.072e-10     8.4666     87.321     32.342  27.604143     1.7158      7.558   271.6435 9.3581e+02     5.1071      0.371      0.538    17.6666 0.0000e+00
      0.378 -2.279e-09     8.4353     87.004     32.340  27.603103     1.7270      7.561   272.1301 9.2158e+02     5.1413      0.371      0.538    17.6655 0.0000e+00
      0.378 -2.506e-08     8.3973     86.783     32.354  27.614532     1.7290      7.565   272.0625 8.7556e+02     5.0463      0.370      0.537    17.6648 0.0000e+00
      0.378 -4.595e-08     8.3586     86.672     32.355  27.615476     1.7148      7.570   271.7723 7.5944e+02     5.0174      0.371      0.538    17.6666 0.0000e+00
      0.378 -2.506e-08     8.3197     86.666     32.353  27.614521     1.7221      7.573   271.5467 7.3689e+02     5.0310      0.371      0.538    17.6716 0.0000e+00
      0.378 -2.279e-09     8.2879     86.700     32.338  27.602990     1.7426      7.576   271.5719 7.5940e+02     5.0403      0.371      0.538    17.6727 0.0000e+00
      0.378 -2.072e-10     8.2675     86.722     32.336  27.602896     1.7373      7.579   271.7323 9.5208e+02     4.9597      0.371      0.538    17.6707 0.0000e+00
      0.378 -1.884e-11     8.2551     86.739     32.346  27.613387     1.7166      7.584   271.8511 1.1916e+03     4.8410      0.370      0.537    17.6714 0.0000e+00
      0.378 -1.783e-12     8.2584     86.791     32.332  27.602998     1.7412      7.588   271.8906 1.0250e+03     4.8694      0.371      0.538    17.6730 0.0000e+00
      0.378 -9.339e-13     8.2632     86.892     32.335  27.604133     1.8189      7.591   271.9516 7.5996e+02     4.9610      0.371      0.538    17.6747 0.0000e+00
      0.378 -8.575e-12     8.2639     86.992     32.367  27.627112     1.8484      7.596   272.1578 8.0794e+02     4.9250      0.370      0.537    17.6774 0.0000e+00
      0.378 -9.417e-11     8.2638     87.059     32.375  27.627122     1.8151      7.600   272.4043 9.5059e+02     4.8095      0.370      0.537    17.6812 0.0000e+00
      0.378 -1.036e-09     8.2661     87.116     32.355  27.604250     1.7826      7.603   272.2650 9.0293e+02     4.7940      0.371      0.538    17.6842 0.0000e+00
      0.378 -1.139e-08     8.2798     87.182     32.361  27.604259     1.7715      7.606   271.9361 8.7604e+02     4.9434      0.371      0.538    17.6828 0.0000e+00
      0.378 -1.253e-07     8.2913     87.232     32.391  27.627229     1.7886      7.610   272.1267 9.4302e+02     5.1121      0.371      0.538    17.6757 0.0000e+00
      0.378 -2.297e-07     8.2984     87.199     32.394  27.628269     1.7906      7.614   272.5055 7.8591e+02     5.1258      0.371      0.538    17.6638 0.0000e+00
      0.378 -1.242e-07     8.3049     87.089     32.379  27.616830     1.7711      7.617   272.6447 6.0570e+02     5.0062      0.371      0.538    17.6524 0.0000e+00
      0.378 1.1394e-09     8.3131     86.996     32.375  27.615782     1.7770      7.621   272.7772 6.1043e+02     4.9302      0.371      0.538    17.6450 0.0000e+00
      0.378 2.1944e-08     8.3219     86.918     32.371  27.615592     1.7955      7.625   272.5590 6.6400e+02     4.9581      0.370      0.537    17.6409 0.0000e+00
      0.378 1.2440e-08     8.3201     86.788     32.366  27.614543     1.8035      7.629   271.9853 9.2960e+02     4.9685      0.371      0.538    17.6391 0.0000e+00
      0.378 1.1309e-09     8.3028     86.668     32.351  27.603106     1.7977      7.632   271.8634 1.4685e+03     4.8842      0.371      0.538    17.6408 0.0000e+00
      0.378 1.0281e-10     8.2934     86.632     32.351  27.604155     1.7844      7.634   272.0319 1.6969e+03     4.8276      0.371      0.538    17.6456 0.0000e+00
      0.378 9.3465e-12     8.2911     86.660     32.378  27.627228     1.7842      7.638   272.0433 1.3117e+03     4.8984      0.371      0.538    17.6509 0.0000e+00
      0.378 8.4965e-13     8.2731     86.729     32.378  27.628381     1.7865      7.642   272.1736 8.6383e+02     4.9209      0.370      0.537    17.6568 0.0000e+00
      0.378 7.7240e-14     8.2571     86.824     32.365  27.618098     1.7714      7.645   272.4029 7.0919e+02     4.8259      0.371      0.539    17.6597 0.0000e+00
      0.378 7.0220e-15     8.2568     86.940     32.379  27.629743     1.7505      7.649   272.1481 7.1242e+02     4.7744      0.371      0.538    17.6594 0.0000e+00
      0.378 6.3835e-16     8.2596     87.109     32.394  27.642323     1.7505      7.651   271.5012 8.7824e+02     4.8112      0.371      0.538    17.6597 0.0000e+00
      0.378 5.8035e-17     8.2655     87.262     32.395  27.643354     1.7720      7.653   271.1213 9.9396e+02     4.8947      0.371      0.538    17.6618 0.0000e+00
      0.378 5.2755e-18     8.2769     87.307     32.393  27.642210     1.7768      7.656   271.1688 8.4884e+02     4.9301      0.370      0.537    17.6632 0.0000e+00
      0.378 4.7961e-19     8.2834     87.262     32.376  27.628495     1.7586      7.659   271.5580 8.2307e+02     4.8637      0.371      0.538    17.6621 0.0000e+00
      0.378 4.3613e-20     8.3034     87.175     32.347  27.604374     1.7602      7.662   271.9560 1.1963e+03     4.8433      0.371      0.538    17.6616 0.0000e+00
      0.378 4.0952e-21     8.3235     87.045     32.347  27.604259     1.7794      7.666   272.1093 1.5424e+03     4.8881      0.371      0.538    17.6620 0.0000e+00
      0.378 1.8062e-21     8.3244     86.872     32.374  27.627113     1.7832      7.670   272.1207 1.3704e+03     4.8932      0.371      0.539    17.6628 0.0000e+00
      0.378 1.5938e-20     8.3187     86.697     32.372  27.626998     1.7562      7.674   272.0082 9.4715e+02     4.8714      0.371      0.538    17.6643 0.0000e+00
      0.378 1.7496e-19     8.3099     86.540     32.342  27.602876     1.7102      7.678   271.8662 6.6954e+02     4.8974      0.371      0.538    17.6648 0.0000e+00
      0.378 1.9245e-18     8.2993     86.428     32.325  27.589152     1.6932      7.681   271.7814 6.1900e+02     4.9683      0.371      0.538    17.6639 0.0000e+00
      0.379 2.1170e-17     8.2797     86.443     32.324  27.587915     1.7090      7.684   271.7577 7.0736e+02     4.9431      0.371      0.539    17.6637 0.0000e+00
      0.379 2.3287e-16     8.2622     86.581     32.325  27.587915     1.7090      7.687   271.9229 7.4889e+02     4.8316      0.371      0.539    17.6662 0.0000e+00
      0.379 2.5615e-15     8.2480     86.772     32.326  27.589163     1.6856      7.690   272.4029 1.2697e+03     4.7471      0.371      0.539    17.6691 0.0000e+00
      0.379 2.8177e-14     8.2309     86.971     32.340  27.602999     1.6762      7.692   272.9153 1.8436e+03     4.7754      0.372      0.539    17.6698 0.0000e+00
      0.378 3.0994e-13     8.2338     87.145     32.367  27.628358     1.6954      7.694   273.0419 1.3476e+03     4.9004      0.371      0.538    17.6695 0.0000e+00
      0.378 3.4094e-12     8.2510     87.292     32.382  27.642081     1.7084      7.697   272.9870 7.3893e+02     4.9947      0.371      0.538    17.6689 0.0000e+00
      0.379 3.7503e-11     8.2691     87.402     32.381  27.642082     1.6927      7.701   272.7673 6.1431e+02     5.0287      0.371      0.539    17.6681 0.0000e+00
      0.379 4.1253e-10     8.2904     87.466     32.366  27.628368     1.6889      7.704   272.3644 5.5374e+02     5.0717      0.372      0.539    17.6708 0.0000e+00
      0.379 4.5379e-09     8.3044     87.493     32.339  27.603114     1.7118      7.706   272.2460 5.9850e+02     5.1396      0.372      0.539    17.6763 0.0000e+00
      0.379 4.9917e-08     8.3193     87.441     32.327  27.590431     1.7193      7.709   272.7124 6.4410e+02     5.1319      0.372      0.539    17.6785 0.0000e+00
      0.379 9.1514e-08     8.3306     87.287     32.342  27.601868     1.7143      7.712   273.3564 6.1792e+02     5.0122      0.372      0.539    17.6779 0.0000e+00
      0.379 4.9916e-08     8.3349     87.115     32.358  27.614544     1.7260      7.714   273.4945 6.1374e+02     4.8540      0.372      0.539    17.6763 0.0000e+00
      0.379 4.5379e-09     8.3405     87.002     32.361  27.616840     1.7520      7.716   273.4355 6.9460e+02     4.8249      0.372      0.539    17.6734 0.0000e+00
      0.379 4.1279e-10     8.3384     86.950     32.377  27.629629     1.7798      7.719   273.5896 7.2723e+02     4.9333      0.372      0.539    17.6701 0.0000e+00
      0.379 4.0274e-11     8.3196     86.922     32.394  27.642323     1.7783      7.723   273.5515 8.0351e+02     5.0030      0.371      0.539    17.6671 0.0000e+00
      0.379 3.3888e-11     8.3002     86.917     32.397  27.643478     1.7509      7.726   273.5768 1.2963e+03     5.0192      0.372      0.539    17.6660 0.0000e+00
      0.379 3.3558e-10     8.2903     86.982     32.399  27.643593     1.7401      7.729   274.0670 1.6984e+03     5.0267      0.372      0.539    17.6656 0.0000e+00
      0.379 3.6880e-09     8.2867     87.081     32.399  27.643706     1.7561      7.733   274.3157 1.6094e+03     5.0590      0.372      0.539    17.6643 0.0000e+00
      0.379 4.0567e-08     8.2865     87.174     32.400  27.644851     1.7691      7.736   274.2616 1.5164e+03     5.0681      0.372      0.539    17.6620 0.0000e+00
      0.379 4.4624e-07     8.2809     87.227     32.415  27.657431     1.7562      7.739   274.3598 1.3166e+03     4.9997      0.371      0.538    17.6594 0.0000e+00
      0.379      0.000     8.2915     87.186     32.429  27.668963     1.7499      7.742   274.2977 1.0166e+03     5.0172      0.371      0.539    17.6573 0.0000e+00
      0.379      0.000     8.3025     87.089     32.415  27.657430     1.7763      7.745   273.8554 8.6035e+02     5.1089      0.372      0.539    17.6566 0.0000e+00
      0.379      0.001     8.3098     86.973     32.400  27.644840     1.8176      7.747   273.5726 7.7675e+02     5.0844      0.371      0.539    17.6568 0.0000e+00
      0.379      0.002     8.3211     86.860     32.400  27.643582     1.8324      7.750   273.8033 7.2778e+02     4.9602      0.372      0.539    17.6572 0.0000e+00
      0.379      0.003     8.3117     86.768     32.398  27.642220     1.8139      7.748   274.0628 7.7924e+02     4.8368      0.372      0.539    17.6577 0.0000e+00
      0.379      0.005     8.3027     86.656     32.383  27.628372     1.8103      7.741   274.1298 1.3360e+03     4.8225      0.372      0.539    17.6580 0.0000e+00
      0.380      0.006     8.2918     86.563     32.355  27.603002     1.8389      7.730   274.1827 1.7554e+03     4.9580      0.372      0.539    17.6569 0.0000e+00
      0.384      0.006     8.2776     86.549     32.340  27.589164     1.8509      7.719   274.1859 1.2754e+03     5.0745      0.377      0.546    17.6556 0.0000e+00
      0.387      0.005     8.2744     86.605     32.338  27.587906     1.8226      7.709   274.1687 9.7899e+02     5.1038      0.380      0.552    17.6560 0.0000e+00
      0.388      0.004     8.2608     86.728     32.337  27.587792     1.8048      7.702   273.9753 1.4260e+03     5.1075      0.380      0.552    17.6546 0.0000e+00
      0.388      0.003     8.2489     86.874     32.335  27.587782     1.8106      7.697   273.6539 1.6008e+03     5.0503      0.381      0.552    17.6510 0.0000e+00
      0.388      0.001     8.2507     86.979     32.333  27.587790     1.8184      7.692   273.6387 1.1380e+03     4.9592      0.380      0.552    17.6498 0.0000e+00
      0.388      0.001     8.2540     87.033     32.332  27.587893     1.8243      7.689   273.7916 8.1470e+02     4.8597      0.380      0.551    17.6504 0.0000e+00
      0.388      0.001     8.2676     87.062     32.331  27.589037     1.8144      7.689   273.9532 7.7534e+02     4.8041      0.380      0.552    17.6522 0.0000e+00
      0.388      0.002     8.2841     87.077     32.344  27.601618     1.8070      7.689   274.1294 7.3719e+02     4.8673      0.380      0.551    17.6553 0.0000e+00
      0.388      0.004     8.2938     87.094     32.357  27.613159     1.8099      7.685   273.7717 1.0836e+03     4.9405      0.380      0.552    17.6577 0.0000e+00
      0.389      0.005     8.2966     87.119     32.343  27.601732     1.7991      7.681   272.9846 1.5693e+03     4.9044      0.380      0.552    17.6592 0.0000e+00
      0.391      0.006     8.2996     87.154     32.330  27.590306     1.7767      7.676   272.6994 1.3292e+03     4.8395      0.382      0.554    17.6614 0.0000e+00
      0.394      0.006     8.2999     87.229     32.344  27.601847     1.7557      7.670   272.8186 8.5029e+02     4.8731      0.387      0.561    17.6641 0.0000e+00
      0.396      0.006     8.3003     87.339     32.357  27.614427     1.7695      7.665   273.1352 7.9854e+02     4.9354      0.389      0.565    17.6658 0.0000e+00
      0.397      0.005     8.3045     87.443     32.357  27.615570     1.8022      7.661   273.6887 8.1682e+02     4.8758      0.389      0.565    17.6657 0.0000e+00
      0.397      0.004     8.3045     87.507     32.357  27.615665     1.8014      7.658   274.0037 7.2216e+02     4.7669      0.390      0.565    17.6649 0.0000e+00
      0.398      0.002     8.3131     87.532     32.357  27.615580     1.7924      7.658   273.7607 6.2472e+02     4.7459      0.390      0.565    17.6649 0.0000e+00
      0.399      0.001     8.3245     87.528     32.356  27.614540     1.8106      7.659   273.1599 5.8719e+02     4.8271      0.391      0.567    17.6661 0.0000e+00
      0.399      0.001     8.3360     87.494     32.343  27.603090     1.8383      7.660   272.8475 5.6589e+02     4.9971      0.391      0.567    17.6680 0.0000e+00
      0.399      0.001     8.3412     87.479     32.345  27.603983     1.8359      7.662   272.9099 5.6794e+02     5.0929      0.391      0.567    17.6695 0.0000e+00
      0.399      0.000     8.3425     87.479     32.371  27.625340     1.8067      7.663   273.1397 7.4047e+02     5.0293      0.391      0.567    17.6695 0.0000e+00
      0.399 5.8752e-07     8.3442     87.409     32.351  27.607613     1.8019      7.665   273.4744 8.9315e+02     4.9455      0.391      0.567    17.6688 0.0000e+00
      0.399      0.000     8.3377     87.279     32.320  27.579918     1.8270      7.669   273.7743 7.6354e+02     4.8659      0.391      0.567    17.6683 0.0000e+00
      0.399      0.000     8.3355     87.189     32.354  27.607604     1.8443      7.672   273.6673 6.6760e+02     4.8183      0.391      0.567    17.6675 0.0000e+00
      0.399      0.001     8.3415     87.157     32.376  27.625237     1.8362      7.675   272.9557 8.0522e+02     4.8134      0.391      0.567    17.6661 0.0000e+00
      0.399      0.003     8.3348     87.154     32.352  27.602842     1.8128      7.678   272.4833 9.9948e+02     4.7732      0.391      0.567    17.6645 0.0000e+00
