Data/DataNotYetUploadedToEDI/Raw_CTD/RawDownloads/042825_fcr50_S7809001.cnv
* Sea-Bird SBE19plus  Data File:
* FileName = C:\R\Reservoirs\Data\DataNotYetUploadedToEDI\Raw_CTD\RawDownloads\042825_fcr50_S7809_0001.hex
* Software version 2.8.0.119
* Temperature SN = 7809
* Conductivity SN = 7809
* System UpLoad Time = May 01 2025 12:57:12
* <ApplicationData>
* <Seaterm232>
# nquan = 15
# nvalues = 2345                        
# units = specified
# name 0 = depFM: Depth [fresh water, m]
# name 1 = dz/dtM: Descent Rate [m/s]
# name 2 = sbeox0Mg/L: Oxygen, SBE 43 [mg/l]
# name 3 = sbeox0PS: Oxygen, SBE 43 [% saturation]
# name 4 = specc: Specific Conductance [uS/cm]
# name 5 = c0uS/cm: Conductivity [uS/cm]
# name 6 = flECO-AFL: Fluorescence, WET Labs ECO-AFL/FL [mg/m^3]
# name 7 = ph: pH
# name 8 = orp: Oxidation Reduction Potential [mV]
# name 9 = par/sat/log: PAR/Logarithmic, Satlantic
# name 10 = turbWETntu0: Turbidity, WET Labs ECO [NTU]
# name 11 = prdM: Pressure, Strain Gauge [db]
# name 12 = prdE: Pressure, Strain Gauge [psi]
# name 13 = tv290C: Temperature [ITS-90, deg C]
# name 14 = flag:  0.000e+00
# span 0 =     -0.548,      9.764       
# span 1 =     -0.252,      0.170       
# span 2 =     5.3916,    12.6405       
# span 3 =     48.485,    110.156       
# span 4 =     -0.221,    268.878       
# span 5 =  -0.191314, 184.681060       
# span 6 =    -1.3308,     9.3526       
# span 7 =     -1.401,      9.175       
# span 8 = -1240.2523,  1239.8916       
# span 9 = 1.2367e-01, 2.1219e+03       
# span 10 =    -0.2583,   272.5324      
# span 11 =     -0.537,      9.577      
# span 12 =     -0.779,     13.890      
# span 13 =     9.2381,    18.2728      
# span 14 = 0.0000e+00, 0.0000e+00      
# interval = seconds: 0.25
# start_time = Apr 28 2025 10:34:28 [Instrument's time stamp, header]
# bad_flag = -9.990e-29
*END*
[from data line 1639]
      6.569      0.061    11.8073    103.173     36.160  24.823221     2.6532      7.836   322.4119 2.0180e+00     7.0744      6.443      9.346     9.3235 0.0000e+00
      6.583      0.065    11.8119    103.204     36.145  24.811803     2.6646      7.835   322.6074 1.9886e+00     7.0407      6.455      9.362     9.3236 0.0000e+00
      6.599      0.068    11.8201    103.210     36.127  24.799225     2.6508      7.833   323.1457 1.9441e+00     6.9975      6.470      9.383     9.3237 0.0000e+00
      6.619      0.070    11.8262    103.202     36.125  24.797969     2.5943      7.831   323.6720 1.8916e+00     6.9618      6.491      9.414     9.3233 0.0000e+00
      6.640      0.071    11.8358    103.197     36.124  24.796616     2.5314      7.830   323.8949 1.8404e+00     6.9845      6.512      9.445     9.3216 0.0000e+00
      6.658      0.072    11.8381    103.192     36.104  24.782875     2.5222      7.828   323.8618 1.8101e+00     7.0323      6.530      9.471     9.3204 0.0000e+00
      6.675      0.072    11.8392    103.171     36.069  24.758660     2.5330      7.827   323.7876 1.7869e+00     7.0275      6.546      9.495     9.3206 0.0000e+00
      6.692      0.072    11.8370    103.151     36.067  24.757507     2.5456      7.826   323.8578 1.7534e+00     7.0645      6.563      9.519     9.3207 0.0000e+00
      6.710      0.073    11.8366    103.140     36.084  24.768934     2.5748      7.826   323.8503 1.7250e+00     7.2063      6.580      9.543     9.3195 0.0000e+00
      6.728      0.075    11.8385    103.130     36.087  24.769982     2.5945      7.826   323.6976 1.6990e+00     7.3070      6.598      9.569     9.3186 0.0000e+00
      6.748      0.079    11.8338    103.129     36.088  24.770172     2.6011      7.825   323.8182 1.6650e+00     7.2915      6.617      9.597     9.3192 0.0000e+00
      6.768      0.083    11.8311    103.136     36.091  24.771229     2.5794      7.823   324.1041 1.6280e+00     7.1552      6.636      9.625     9.3195 0.0000e+00
      6.790      0.087    11.8313    103.136     36.107  24.782769     2.5406      7.821   324.2288 1.5915e+00     7.0257      6.658      9.656     9.3189 0.0000e+00
      6.814      0.089    11.8295    103.133     36.106  24.782864     2.5309      7.819   324.3790 1.5472e+00     7.0233      6.682      9.691     9.3177 0.0000e+00
      6.838      0.089    11.8297    103.122     36.090  24.772382     2.5292      7.818   324.5441 1.5037e+00     7.0242      6.705      9.725     9.3162 0.0000e+00
      6.862      0.090    11.8320    103.090     36.106  24.782864     2.5286      7.817   324.3325 1.4715e+00     7.0365      6.729      9.759     9.3153 0.0000e+00
      6.884      0.091    11.8308    103.050     36.107  24.782759     2.5479      7.815   323.8852 1.4470e+00     7.1037      6.752      9.793     9.3161 0.0000e+00
      6.904      0.092    11.8303    103.016     36.091  24.771115     2.5797      7.813   323.6961 1.4192e+00     7.1531      6.771      9.820     9.3174 0.0000e+00
      6.926      0.092    11.8307    102.982     36.088  24.768914     2.6127      7.812   323.7669 1.3762e+00     7.2236      6.789      9.848     9.3178 0.0000e+00
      6.951      0.093    11.8255    102.952     36.070  24.756145     2.6147      7.812   323.9667 1.3328e+00     7.2736      6.815      9.885     9.3175 0.0000e+00
      6.979      0.095    11.8206    102.924     36.052  24.743558     2.5871      7.812   324.3043 1.3037e+00     7.2795      6.845      9.929     9.3162 0.0000e+00
      7.003      0.098    11.8182    102.890     36.053  24.743558     2.5788      7.811   324.6660 1.2771e+00     7.3280      6.869      9.963     9.3156 0.0000e+00
      7.025      0.103    11.8126    102.857     36.072  24.756145     2.5972      7.810   324.4685 1.2483e+00     7.3483      6.888      9.990     9.3156 0.0000e+00
      7.048      0.107    11.8102    102.841     36.091  24.768915     2.6107      7.808   323.8088 1.2173e+00     7.3203      6.910     10.022     9.3150 0.0000e+00
      7.075      0.109    11.8074    102.837     36.095  24.771115     2.6166      7.807   323.4863 1.1829e+00     7.2618      6.937     10.061     9.3140 0.0000e+00
      7.106      0.110    11.8041    102.830     36.112  24.782749     2.6354      7.805   323.4084 1.1396e+00     7.2224      6.968     10.106     9.3133 0.0000e+00
      7.141      0.109    11.7988    102.820     36.112  24.782749     2.6625      7.805   323.4699 1.0884e+00     7.2880      7.004     10.159     9.3128 0.0000e+00
      7.172      0.105    11.7978    102.816     36.095  24.771115     2.6701      7.804   323.7135 1.0496e+00     7.2694      7.036     10.205     9.3122 0.0000e+00
      7.197      0.100    11.7983    102.821     36.092  24.768914     2.6434      7.801   323.8580 1.0194e+00     7.1334      7.059     10.237     9.3117 0.0000e+00
      7.217      0.095    11.7976    102.839     36.074  24.756135     2.6149      7.799   324.0133 9.9385e-01     7.0791      7.077     10.265     9.3114 0.0000e+00
      7.238      0.093    11.7959    102.876     36.055  24.743444     2.6252      7.799   324.1276 9.7479e-01     7.1249      7.098     10.293     9.3109 0.0000e+00
      7.260      0.094    11.7952    102.899     36.053  24.742300     2.6512      7.798   324.0356 9.5209e-01     7.2091      7.120     10.325     9.3112 0.0000e+00
      7.284      0.099    11.7965    102.899     36.053  24.742300     2.6054      7.797   324.0204 9.3007e-01     7.1748      7.143     10.360     9.3117 0.0000e+00
      7.310      0.101    11.7961    102.891     36.054  24.743443     2.5036      7.796   324.0291 9.0133e-01     6.9839      7.167     10.396     9.3116 0.0000e+00
      7.338      0.100    11.8042    102.888     36.072  24.756125     2.4691      7.795   323.9691 8.6748e-01     6.9162      7.195     10.436     9.3112 0.0000e+00
      7.369      0.096    11.8064    102.896     36.091  24.768799     2.4959      7.794   324.0692 8.3621e-01     7.0389      7.228     10.483     9.3111 0.0000e+00
      7.397      0.091    11.8055    102.906     36.092  24.769848     2.5789      7.793   324.5510 8.1401e-01     7.1361      7.258     10.526     9.3116 0.0000e+00
      7.417      0.087    11.8040    102.911     36.090  24.768810     2.6982      7.792   325.2346 8.0861e-01     7.1346      7.276     10.553     9.3119 0.0000e+00
      7.433      0.086    11.8026    102.908     36.072  24.756240     2.7396      7.792   325.5377 7.9401e-01     7.1569      7.288     10.570     9.3121 0.0000e+00
      7.448      0.086    11.8051    102.909     36.055  24.744701     2.7470      7.791   325.6339 7.6781e-01     7.2353      7.302     10.590     9.3128 0.0000e+00
      7.469      0.088    11.8051    102.935     36.072  24.756126     2.7707      7.790   325.7100 7.5000e-01     7.2289      7.322     10.620     9.3134 0.0000e+00
      7.497      0.093    11.8069    102.970     36.089  24.767552     2.7427      7.788   325.5975 7.3254e-01     7.1473      7.351     10.662     9.3131 0.0000e+00
      7.527      0.098    11.8058    102.998     36.073  24.756013     2.6841      7.786   325.5634 7.0843e-01     7.1713      7.382     10.707     9.3128 0.0000e+00
      7.553      0.102    11.8044    103.008     36.055  24.743434     2.6694      7.785   325.9008 6.8165e-01     7.3145      7.408     10.745     9.3123 0.0000e+00
      7.576      0.104    11.8085    102.988     36.053  24.742300     2.6805      7.784   326.5790 6.5695e-01     7.3747      7.428     10.774     9.3118 0.0000e+00
      7.599      0.104    11.8143    102.985     36.053  24.742300     2.6850      7.783   326.9669 6.4290e-01     7.2839      7.450     10.805     9.3115 0.0000e+00
      7.625      0.104    11.8161    103.009     36.054  24.743434     2.6914      7.782   326.8910 6.2804e-01     7.1740      7.477     10.843     9.3113 0.0000e+00
      7.655      0.104    11.8207    102.995     36.072  24.756012     2.7077      7.782   326.8655 6.0784e-01     7.1735      7.508     10.889     9.3113 0.0000e+00
      7.685      0.103    11.8141    102.949     36.088  24.767542     2.7246      7.781   326.7446 5.9050e-01     7.2770      7.539     10.934     9.3116 0.0000e+00
      7.711      0.100    11.8119    102.876     36.071  24.756012     2.7045      7.780   326.4618 5.6792e-01     7.2984      7.563     10.969     9.3121 0.0000e+00
      7.735      0.095    11.8214    102.781     36.053  24.743433     2.6552      7.779   326.5439 5.4516e-01     7.1939      7.585     11.001     9.3126 0.0000e+00
      7.758      0.089    11.8161    102.711     36.052  24.742290     2.6281      7.779   326.9628 5.3157e-01     7.1399      7.608     11.034     9.3132 0.0000e+00
      7.782      0.083    11.8111    102.657     36.053  24.742186     2.6348      7.778   327.2251 5.2796e-01     7.1923      7.632     11.069     9.3135 0.0000e+00
      7.802      0.078    11.8043    102.584     36.053  24.742177     2.6450      7.777   327.2197 5.2698e-01     7.2459      7.653     11.099     9.3130 0.0000e+00
      7.820      0.074    11.7894    102.534     36.053  24.742185     2.6349      7.776   327.2415 5.2130e-01     7.2082      7.669     11.123     9.3124 0.0000e+00
      7.837      0.070    11.7818    102.537     36.054  24.742289     2.6289      7.776   327.4028 5.1685e-01     7.1803      7.685     11.146     9.3119 0.0000e+00
      7.854      0.067    11.7803    102.571     36.056  24.743434     2.6469      7.776   327.6208 5.1361e-01     7.2513      7.702     11.171     9.3116 0.0000e+00
      7.871      0.067    11.7674    102.619     36.074  24.756022     2.6530      7.775   327.5548 4.9860e-01     7.3145      7.720     11.196     9.3113 0.0000e+00
      7.887      0.069    11.7607    102.674     36.091  24.767657     2.6197      7.774   327.1214 4.7182e-01     7.2609      7.735     11.218     9.3111 0.0000e+00
      7.902      0.073    11.7633    102.749     36.076  24.757271     2.5773      7.773   326.9400 4.4643e-01     7.1495      7.749     11.240     9.3107 0.0000e+00
      7.919      0.077    11.7667    102.824     36.076  24.757281     2.5729      7.771   327.0823 4.2310e-01     7.1631      7.764     11.262     9.3104 0.0000e+00
      7.941      0.082    11.7743    102.885     36.091  24.767772     2.6007      7.769   327.2069 4.0975e-01     7.2551      7.786     11.292     9.3103 0.0000e+00
      7.966      0.087    11.7776    102.952     36.076  24.757282     2.6463      7.769   327.3284 4.0991e-01     7.2372      7.813     11.332     9.3105 0.0000e+00
      7.990      0.090    11.7883    103.014     36.076  24.757283     2.7087      7.769   327.4333 4.0233e-01     7.1514      7.836     11.366     9.3106 0.0000e+00
      8.012      0.091    11.7984    103.042     36.091  24.767782     2.7469      7.768   327.0982 3.9176e-01     7.1058      7.856     11.393     9.3105 0.0000e+00
      8.035      0.090    11.8025    103.034     36.076  24.757396     2.7586      7.767   326.4607 3.8754e-01     7.1298      7.879     11.427     9.3106 0.0000e+00
      8.060      0.088    11.8118    102.999     36.078  24.758541     2.7416      7.767   326.2642 3.8252e-01     7.2368      7.905     11.465     9.3105 0.0000e+00
      8.083      0.086    11.8204    102.947     36.112  24.781620     2.6829      7.767   326.3566 3.7874e-01     7.3402      7.928     11.498     9.3104 0.0000e+00
      8.104      0.083    11.8234    102.906     36.113  24.782773     2.6396      7.765   326.5454 3.6433e-01     7.3895      7.947     11.528     9.3105 0.0000e+00
      8.124      0.080    11.8216    102.895     36.098  24.772480     2.6517      7.764   326.9121 3.4552e-01     7.4571      7.966     11.555     9.3103 0.0000e+00
      8.144      0.076    11.8182    102.902     36.115  24.784009     2.7539      7.764   327.1774 3.3658e-01     7.4746      7.988     11.584     9.3100 0.0000e+00
      8.163      0.075    11.8105    102.921     36.131  24.795341     2.9104      7.763   327.1724 3.2484e-01     7.3959      8.007     11.612     9.3099 0.0000e+00
      8.180      0.075    11.8047    102.941     36.113  24.782649     2.9864      7.763   326.8509 3.1476e-01     7.3256      8.023     11.636     9.3100 0.0000e+00
      8.198      0.076    11.8048    102.967     36.076  24.757386     2.9828      7.762   326.5600 3.1931e-01     7.3423      8.039     11.660     9.3102 0.0000e+00
      8.218      0.079    11.8051    103.007     36.056  24.743558     2.9499      7.761   326.5804 3.2439e-01     7.3926      8.058     11.687     9.3105 0.0000e+00
      8.238      0.084    11.8080    103.044     36.054  24.742303     2.8972      7.760   326.7530 3.1378e-01     7.3182      8.078     11.716     9.3106 0.0000e+00
      8.259      0.089    11.8105    103.067     36.054  24.742198     2.8701      7.759   326.9263 2.9842e-01     7.1949      8.098     11.747     9.3104 0.0000e+00
      8.283      0.093    11.8120    103.081     36.054  24.742292     2.8795      7.759   327.0409 2.8097e-01     7.1654      8.121     11.779     9.3105 0.0000e+00
      8.308      0.096    11.8184    103.088     36.056  24.743435     2.9524      7.758   327.2780 2.4972e-01     7.2004      8.146     11.815     9.3104 0.0000e+00
      8.335      0.098    11.8227    103.100     36.074  24.756014     3.0689      7.757   327.6423 2.2778e-01     7.2429      8.175     11.856     9.3103 0.0000e+00
      8.362      0.101    11.8251    103.112     36.091  24.767544     3.1143      7.756   327.7458 2.2658e-01     7.2354      8.202     11.895     9.3103 0.0000e+00
      8.385      0.103    11.8270    103.095     36.075  24.756014     3.0937      7.756   327.5823 2.2222e-01     7.1776      8.223     11.927     9.3100 0.0000e+00
      8.409      0.104    11.8267    103.048     36.058  24.743436     3.0951      7.756   327.4723 2.1799e-01     7.1927      8.245     11.958     9.3100 0.0000e+00
      8.437      0.103    11.8282    103.015     36.058  24.742302     3.0807      7.756   327.4487 2.1747e-01     7.2817      8.273     11.998     9.3103 0.0000e+00
      8.468      0.102    11.8314    103.002     36.058  24.742303     3.0029      7.754   327.4694 2.1025e-01     7.2625      8.305     12.045     9.3101 0.0000e+00
      8.497      0.099    11.8304    102.962     36.059  24.743446     2.9364      7.752   327.4646 2.0127e-01     7.1659      8.335     12.088     9.3094 0.0000e+00
      8.521      0.095    11.8221    102.895     36.077  24.756128     2.9182      7.752   327.6491 1.9907e-01     7.1388      8.358     12.122     9.3081 0.0000e+00
      8.542      0.089    11.8178    102.833     36.095  24.768802     2.9162      7.751   328.1508 1.9733e-01     7.2074      8.378     12.151     9.3070 0.0000e+00
      8.562      0.081    11.8205    102.801     36.096  24.769850     2.9117      7.750   328.4550 1.9540e-01     7.2790      8.396     12.178     9.3068 0.0000e+00
      8.583      0.072    11.8152    102.811     36.094  24.768803     2.8891      7.749   328.4017 1.9973e-01     7.2534      8.416     12.207     9.3072 0.0000e+00
      8.604      0.065    11.8050    102.845     36.076  24.756139     2.8595      7.748   328.2807 1.9206e-01     7.2046      8.440     12.241     9.3080 0.0000e+00
      8.621      0.060    11.7976    102.895     36.057  24.743559     2.8372      7.748   328.2825 1.7136e-01     7.1673      8.458     12.267     9.3086 0.0000e+00
      8.631      0.059    11.7921    102.954     36.057  24.743535     2.8027      7.747   328.4237 1.5759e-01     7.0749      8.465     12.277     9.3092 0.0000e+00
      8.638      0.060    11.7953    103.002     36.076  24.755852     2.7743      7.747   328.6972 1.5622e-01     6.9763      8.469     12.282     9.3096 0.0000e+00
      8.652      0.063    11.7991    103.053     36.092  24.765657     2.7685      7.746   329.0080 1.6957e-01     6.9322      8.482     12.301     9.3097 0.0000e+00
