Data/DataNotYetUploadedToEDI/Raw_CTD/RawDownloads/042825_fcr50_S7809001.cnv
* Sea-Bird SBE19plus  Data File:
* FileName = C:\R\Reservoirs\Data\DataNotYetUploadedToEDI\Raw_CTD\RawDownloads\042825_fcr50_S7809_0001.hex
* Software version 2.8.0.119
* Temperature SN = 7809
* Conductivity SN = 7809
* System UpLoad Time = May 01 2025 12:57:12
* <ApplicationData>
* <Seaterm232>
# nquan = 15
# nvalues = 2345                        
# units = specified
# name 0 = depFM: Depth [fresh water, m]
# name 1 = dz/dtM: Descent Rate [m/s]
# name 2 = sbeox0Mg/L: Oxygen, SBE 43 [mg/l]
# name 3 = sbeox0PS: Oxygen, SBE 43 [% saturation]
# name 4 = specc: Specific Conductance [uS/cm]
# name 5 = c0uS/cm: Conductivity [uS/cm]
# name 6 = flECO-AFL: Fluorescence, WET Labs ECO-AFL/FL [mg/m^3]
# name 7 = ph: pH
# name 8 = orp: Oxidation Reduction Potential [mV]
# name 9 = par/sat/log: PAR/Logarithmic, Satlantic
# name 10 = turbWETntu0: Turbidity, WET Labs ECO [NTU]
# name 11 = prdM: Pressure, Strain Gauge [db]
# name 12 = prdE: Pressure, Strain Gauge [psi]
# name 13 = tv290C: Temperature [ITS-90, deg C]
# name 14 = flag:  0.000e+00
# span 0 =     -0.548,      9.764       
# span 1 =     -0.252,      0.170       
# span 2 =     5.3916,    12.6405       
# span 3 =     48.485,    110.156       
# span 4 =     -0.221,    268.878       
# span 5 =  -0.191314, 184.681060       
# span 6 =    -1.3308,     9.3526       
# span 7 =     -1.401,      9.175       
# span 8 = -1240.2523,  1239.8916       
# span 9 = 1.2367e-01, 2.1219e+03       
# span 10 =    -0.2583,   272.5324      
# span 11 =     -0.537,      9.577      
# span 12 =     -0.779,     13.890      
# span 13 =     9.2381,    18.2728      
# span 14 = 0.0000e+00, 0.0000e+00      
# interval = seconds: 0.25
# start_time = Apr 28 2025 10:34:28 [Instrument's time stamp, header]
# bad_flag = -9.990e-29
*END*
[from data line 1735]
      8.694      0.081    11.8135    103.173     36.005  24.705214     2.7728      7.745   329.0108 1.6107e-01     7.2449      8.527     12.367     9.3092 0.0000e+00
      8.715      0.091    11.8177    103.198     36.027  24.719651     2.7718      7.745   328.9013 1.4780e-01     7.3361      8.547     12.397     9.3081 0.0000e+00
      8.737      0.099    11.8234    103.222     36.027  24.719547     2.7539      7.745   328.7923 1.4040e-01     7.2332      8.567     12.424     9.3067 0.0000e+00
      8.762      0.106    11.8323    103.258     36.004  24.703957     2.7402      7.744   328.8958 1.3746e-01     7.1632      8.591     12.460     9.3057 0.0000e+00
      8.792      0.111    11.8404    103.276     36.029  24.721408     2.7058      7.743   329.0343 1.3882e-01     7.2067      8.621     12.503     9.3053 0.0000e+00
      8.824      0.115    11.8414    103.275     36.055  24.740290     2.6454      7.742   329.0053 1.3348e-01     7.2803      8.653     12.550     9.3051 0.0000e+00
      8.856      0.116    11.8423    103.275     36.057  24.742007     2.6019      7.742   328.9748 1.2695e-01     7.2337      8.686     12.598     9.3046 0.0000e+00
      8.887      0.114    11.8501    103.269     36.056  24.742162     2.5872      7.741   329.0955 1.2647e-01     7.1211      8.716     12.642     9.3044 0.0000e+00
      8.915      0.110    11.8512    103.248     36.056  24.742175     2.6761      7.740   329.3470 1.2701e-01     7.1486      8.744     12.682     9.3055 0.0000e+00
      8.942      0.107    11.8488    103.207     36.057  24.742162     2.8524      7.739   329.5198 1.2543e-01     7.2250      8.769     12.718     9.3069 0.0000e+00
      8.967      0.106    11.8497    103.122     36.058  24.742007     2.9378      7.738   329.4638 1.2423e-01     7.1906      8.793     12.754     9.3078 0.0000e+00
      8.992      0.107    11.8496    103.008     36.058  24.740302     2.9263      7.738   329.1869 1.2396e-01     7.1428      8.818     12.790     9.3083 0.0000e+00
      9.018      0.108    11.8460    102.895     36.033  24.721539     2.8792      7.738   328.9252 1.2384e-01     7.1930      8.843     12.825     9.3087 0.0000e+00
      9.047      0.110    11.8440    102.778     36.010  24.705387     2.8099      7.738   328.9669 1.2387e-01     7.2854      8.872     12.867     9.3081 0.0000e+00
      9.077      0.113    11.8337    102.663     36.054  24.735271     2.7710      7.737   329.1746 1.2386e-01     7.2698      8.903     12.912     9.3061 0.0000e+00
      9.106      0.114    11.8187    102.578     36.099  24.765774     2.7502      7.736   329.2853 1.2383e-01     7.1745      8.931     12.954     9.3039 0.0000e+00
      9.135      0.112    11.8084    102.559     36.087  24.757103     2.7079      7.735   329.2732 1.2379e-01     7.1928      8.957     12.991     9.3022 0.0000e+00
      9.165      0.109    11.7938    102.600     36.087  24.757269     2.6672      7.734   329.2002 1.2382e-01     7.3548      8.987     13.034     9.3011 0.0000e+00
      9.195      0.108    11.7804    102.646     36.102  24.767774     2.6585      7.733   328.8335 1.2384e-01     7.4931      9.020     13.082     9.3007 0.0000e+00
      9.221      0.111    11.7684    102.676     36.087  24.757285     2.6601      7.732   328.1941 1.2384e-01     7.5669      9.045     13.119     9.3003 0.0000e+00
      9.242      0.114    11.7662    102.718     36.088  24.757276     2.6954      7.731   327.6647 1.2388e-01     8.2474      9.062     13.143     9.3000 0.0000e+00
      9.267      0.115    11.7744    102.788     36.103  24.767665     2.8014      7.730   327.2507 1.2386e-01     9.6068      9.083     13.174     9.3001 0.0000e+00
      9.302      0.115    11.7806    102.860     36.087  24.756060     2.8935      7.729   327.0597 1.2381e-01    10.4756      9.121     13.228     9.3004 0.0000e+00
      9.340      0.113    11.7821    102.905     36.069  24.743795     2.9188      7.728   327.2487 1.2381e-01    11.1345      9.164     13.291     9.3002 0.0000e+00
      9.372      0.107    11.7858    102.894     36.073  24.746212     3.0409      7.728   327.5568 1.2382e-01    17.1637      9.194     13.334     9.2995 0.0000e+00
      9.396      0.096    11.7962    102.832     36.130  24.785286     4.6691      7.727   327.6018 1.2379e-01    83.7834      9.215     13.364     9.2989 0.0000e+00
      9.418      0.082    11.8054    102.772     36.388  24.962562     7.6989      7.725   327.4488 1.2376e-01   205.9943      9.237     13.397     9.2985 0.0000e+00
      9.437      0.070    11.8118    102.723     38.457  26.382292     9.3526      7.724   327.5137 1.2372e-01   272.2047      9.257     13.427     9.2983 0.0000e+00
      9.451      0.063    11.8121    102.665     56.898  39.033828     9.2915      7.723   327.6116 1.2367e-01   272.5324      9.269     13.443     9.2979 0.0000e+00
      9.462      0.059    11.7996    102.608    101.397  69.555182     6.9268      7.722   327.4282 1.2372e-01   210.4350      9.278     13.457     9.2981 0.0000e+00
      9.476      0.056    11.7937    102.557    147.477 101.142647     2.5930      7.722   327.1888 1.2379e-01    95.7814      9.292     13.477     9.2985 0.0000e+00
      9.491      0.055    11.7897    102.510    172.809 118.476222     0.2380      7.721   327.1258 1.2380e-01    33.2360      9.308     13.500     9.2991 0.0000e+00
      9.505      0.056    11.7805    102.389    182.868 125.331010     0.0268      7.720   327.3557 1.2381e-01    27.0580      9.322     13.521     9.3001 0.0000e+00
      9.519      0.059    11.7735    102.073    187.388 128.399050     0.0057      7.718   327.9029 1.2378e-01    20.5027      9.335     13.538     9.3001 0.0000e+00
      9.534      0.064    11.7654    101.479    190.702 130.650643    -0.0004      7.708   328.8381 1.2372e-01     9.3488      9.350     13.561     9.2929 0.0000e+00
      9.549      0.071    11.7679    100.585    193.943 132.856900    -0.0060      7.669   328.9401 1.2370e-01     3.2844      9.365     13.582     9.2776 0.0000e+00
      9.566      0.080    11.7629     99.379    196.612 134.673573    -0.0122      7.604   326.8993 1.2370e-01     2.6870      9.380     13.604     9.2644 0.0000e+00
      9.586      0.086    11.7322     97.871    198.618 136.038523    -0.0171      7.556   324.1240 1.2375e-01     2.3310      9.398     13.632     9.2570 0.0000e+00
      9.613      0.088    11.6657     96.194    199.833 136.862492    -0.0155      7.545   322.1426 1.2378e-01     1.7805      9.425     13.670     9.2525 0.0000e+00
      9.643      0.087    11.5627     94.481    199.647 136.728899    -0.0089      7.561   321.0102 1.2381e-01     1.4625      9.458     13.717     9.2492 0.0000e+00
      9.669      0.082    11.4287     92.811    198.706 136.081259    -0.0039      7.591   320.4139 1.2382e-01     1.3903      9.485     13.757     9.2463 0.0000e+00
      9.688      0.075    11.2471     91.269    198.193 135.727628    -0.0052      7.627   319.8361 1.2381e-01     1.0433      9.502     13.782     9.2439 0.0000e+00
      9.701      0.066    11.0494     89.895    198.164 135.705315    -0.0241      7.668   316.3467 1.2384e-01     0.4435      9.515     13.799     9.2418 0.0000e+00
      9.713      0.057    10.8523     88.698    198.320 135.811471    -0.0497      7.709   281.6666 1.2384e-01     0.1164      9.525     13.815     9.2403 0.0000e+00
      9.727      0.048    10.6543     87.662    198.581 135.990898    -0.0572      7.750   209.1441 1.2381e-01     0.0939      9.538     13.835     9.2396 0.0000e+00
      9.742      0.040    10.4781     86.754    198.910 136.216809    -0.0562      7.790   150.4265 1.2381e-01     0.1036      9.555     13.858     9.2390 0.0000e+00
      9.754      0.031    10.3185     85.926    199.233 136.438627    -0.0535      7.825   122.9695 1.2384e-01     0.0974      9.566     13.874     9.2383 0.0000e+00
      9.761      0.020    10.1828     85.141    199.422 136.568536    -0.0499      7.855   109.2986 1.2379e-01     0.0872      9.574     13.885     9.2381 0.0000e+00
      9.764      0.007    10.0646     84.415    199.432 136.575927    -0.0539      7.881   106.7927 1.2370e-01     0.0829      9.577     13.890     9.2384 0.0000e+00
      9.763     -0.004     9.9619     83.739    199.360 136.527996    -0.0521      7.904   111.6853 1.2369e-01     0.0794      9.575     13.888     9.2386 0.0000e+00
      9.759     -0.014     9.8702     83.085    199.315 136.499157    -0.0369      7.926   117.7763 1.2377e-01     0.0445      9.572     13.882     9.2387 0.0000e+00
      9.753     -0.022     9.7770     82.473    199.286 136.482319    -0.0196      7.948   121.0721 1.2384e-01     0.0374      9.565     13.873     9.2388 0.0000e+00
      9.745     -0.028     9.6943     81.913    199.238 136.451948    -0.0100      7.969   122.7116 1.2388e-01     0.0619      9.556     13.860     9.2390 0.0000e+00
      9.737     -0.032     9.6193     81.396    199.231 136.450783    -0.0125      7.991   125.2096 1.2390e-01     0.0336      9.549     13.849     9.2394 0.0000e+00
      9.729     -0.035     9.5416     80.941    199.344 136.532016    -0.0165      8.014   127.6143 1.2386e-01    -0.0656      9.541     13.838     9.2399 0.0000e+00
      9.719     -0.037     9.4706     80.540    199.632 136.732674    -0.0163      8.037   128.8147 1.2377e-01    -0.1474      9.531     13.824     9.2405 0.0000e+00
      9.708     -0.037     9.4082     80.176    200.150 137.091396    -0.0185      8.059   129.6571 1.2376e-01    -0.1704      9.520     13.808     9.2412 0.0000e+00
      9.698     -0.039     9.3460     79.856    200.911 137.617024    -0.0262      8.082   130.8302 1.2381e-01    -0.2070      9.510     13.793     9.2420 0.0000e+00
      9.689     -0.043     9.2944     79.562    201.908 138.305150    -0.0425      8.107   131.5559 1.2381e-01    -0.2138      9.501     13.780     9.2430 0.0000e+00
      9.681     -0.048     9.2499     79.275    203.057 139.097915    -0.0582      8.132   132.3214 1.2381e-01    -0.1853      9.494     13.769     9.2440 0.0000e+00
      9.671     -0.050     9.2058     79.021    204.173 139.868113    -0.0662      8.152   134.6652 1.2382e-01    -0.2034      9.486     13.758     9.2451 0.0000e+00
      9.656     -0.049     9.1703     78.800    205.145 140.538223    -0.0725      8.167   137.7823 1.2382e-01    -0.2275      9.473     13.739     9.2461 0.0000e+00
      9.634     -0.044     9.1383     78.567    205.834 141.013505    -0.0762      8.181   140.4128 1.2385e-01    -0.1352      9.446     13.701     9.2472 0.0000e+00
      9.616     -0.036     9.1023     78.324    206.029 141.150000    -0.0693      8.192   143.0680 1.2386e-01     0.0252      9.425     13.669     9.2487 0.0000e+00
      9.610     -0.026     9.0722     78.079    205.772 140.976718    -0.0472      8.201   146.1392 1.2385e-01     0.1061      9.422     13.664     9.2501 0.0000e+00
      9.611     -0.020     9.0508     77.854    205.462 140.768056    -0.0337      8.209   149.0674 1.2386e-01     0.1257      9.425     13.670     9.2511 0.0000e+00
      9.613     -0.022     9.0218     77.679    205.406 140.731915    -0.0315      8.216   151.0264 1.2381e-01     0.1937      9.427     13.673     9.2519 0.0000e+00
      9.613     -0.039     8.9941     77.507    205.494 140.794875    -0.0118      8.223   151.3267 1.2376e-01     0.3473      9.428     13.674     9.2526 0.0000e+00
      9.612     -0.072     8.9661     77.305    205.631 140.891493     0.0057      8.229   150.3756 1.2376e-01     0.4457      9.429     13.677     9.2535 0.0000e+00
      9.597     -0.116     8.9354     77.120    205.890 141.070960     0.0043      8.235   148.7336 1.2376e-01     0.4266      9.420     13.664     9.2542 0.0000e+00
      9.562     -0.162     8.9198     76.958    206.140 141.242676    -0.0119      8.241   146.7018 1.2373e-01     0.2529      9.382     13.608     9.2548 0.0000e+00
      9.509     -0.202     8.9027     76.773    206.237 141.309348    -0.0242      8.246   145.3393 1.2373e-01     0.0196      9.330     13.531     9.2554 0.0000e+00
      9.441     -0.224     8.8739     76.557    206.134 141.239253    -0.0110      8.251   146.1122 1.2374e-01    -0.0372      9.264     13.437     9.2562 0.0000e+00
      9.362     -0.223     8.8537     76.344    205.737 140.969219    -0.0018      8.257   149.5945 1.2374e-01    -0.0575      9.178     13.312     9.2567 0.0000e+00
      9.287     -0.198     8.8377     76.119    205.375 140.723263    -0.0041      8.263   154.1464 1.2372e-01    -0.1573      9.100     13.199     9.2567 0.0000e+00
      9.232     -0.158     8.8173     75.863    205.415 140.752930    -0.0144      8.268   158.1288 1.2376e-01    -0.2195      9.046     13.120     9.2567 0.0000e+00
      9.202     -0.112     8.7888     75.602    205.602 140.881458    -0.0433      8.273   161.4364 1.2383e-01    -0.2293      9.016     13.075     9.2567 0.0000e+00
      9.193     -0.066     8.7658     75.338    205.687 140.937859    -0.0628      8.278   164.4549 1.2382e-01    -0.2409      9.011     13.070     9.2573 0.0000e+00
      9.194     -0.031     8.7427     75.083    205.857 141.052173    -0.0580      8.282   167.3507 1.2382e-01    -0.2574      9.019     13.079     9.2580 0.0000e+00
      9.195     -0.009     8.7084     74.841    206.326 141.370655    -0.0517      8.287   170.2074 1.2389e-01    -0.2583      9.017     13.077     9.2586 0.0000e+00
      9.195      0.002     8.6815     74.589    206.943 141.790772    -0.0538      8.291   173.0114 1.2389e-01    -0.2521      9.016     13.076     9.2586 0.0000e+00
      9.198      0.006     8.6491     74.340    207.325 142.049564    -0.0585      8.295   175.5282 1.2382e-01    -0.1826      9.021     13.083     9.2581 0.0000e+00
      9.199      0.003     8.6195     74.103    207.275 142.012063    -0.0579      8.299   177.8369 1.2381e-01    -0.0657      9.021     13.084     9.2575 0.0000e+00
      9.199     -0.011     8.5945     73.848    206.852 141.720063    -0.0462      8.303   180.0184 1.2384e-01    -0.0002      9.019     13.081     9.2568 0.0000e+00
      9.202     -0.035     8.5645     73.622    206.278 141.325567    -0.0252      8.306   181.7713 1.2385e-01     0.0623      9.023     13.087     9.2561 0.0000e+00
      9.205     -0.062     8.5338     73.450    205.812 141.005527    -0.0039      8.310   182.9419 1.2386e-01     0.5538      9.033     13.101     9.2554 0.0000e+00
      9.191     -0.085     8.5115     73.283    205.491 140.784519     0.0033      8.313   183.9333 1.2390e-01     6.1468      9.027     13.092     9.2547 0.0000e+00
      9.150     -0.103     8.4785     73.127    205.269 140.630628    -0.0056      8.317   185.0685 1.2391e-01    16.4128      8.978     13.022     9.2541 0.0000e+00
      9.099     -0.116     8.4492     72.980    205.246 140.611831    -0.0109      8.321   186.4290 1.2382e-01    22.0651      8.914     12.930     9.2539 0.0000e+00
      9.062     -0.123     8.4367     72.836    205.450 140.748587    -0.0114      8.325   187.9930 1.2368e-01    23.6581      8.880     12.879     9.2536 0.0000e+00
      9.040     -0.122     8.4128     72.703    205.739 140.944715     0.0387      8.329   189.5245 1.2370e-01    36.2207      8.865     12.856     9.2534 0.0000e+00
      9.020     -0.116     8.3972     72.574    206.017 141.133528     0.1368      8.333   190.9213 1.2393e-01    59.2851      8.847     12.832     9.2530 0.0000e+00
      8.994     -0.110     8.3807     72.439    206.277 141.309376     0.1765      8.336   192.0623 1.2526e-01    71.9526      8.823     12.797     9.2522 0.0000e+00
      8.962     -0.105     8.3631     72.297    206.523 141.476302     0.2023      8.338   192.7371 1.2802e-01    73.7866      8.789     12.749     9.2513 0.0000e+00
      8.927     -0.098     8.3492     72.187    206.738 141.621002     0.3657      8.341   193.0574 1.2857e-01    81.1516      8.753     12.695     9.2510 0.0000e+00
      8.895     -0.088     8.3337     72.118    206.977 141.783234     0.6115      8.345   193.4400 1.2590e-01    94.3917      8.719     12.646     9.2507 0.0000e+00
