Data/DataNotYetUploadedToEDI/Raw_CTD/RawDownloads/042924_bvr50_S7809004.cnv
* Sea-Bird SBE19plus  Data File:
* FileName = C:\R\Reservoirs\Data\DataNotYetUploadedToEDI\Raw_CTD\RawDownloads\041524_bvr50_S7809_0004.hex
* Software version 2.8.0.119
* Temperature SN = 7809
* Conductivity SN = 7809
* System UpLoad Time = May 16 2024 15:23:33
* <ApplicationData>
* <Seaterm232>
# nquan = 15
# nvalues = 1684                        
# units = specified
# name 0 = depFM: Depth [fresh water, m]
# name 1 = dz/dtM: Descent Rate [m/s]
# name 2 = sbeox0Mg/L: Oxygen, SBE 43 [mg/l]
# name 3 = sbeox0PS: Oxygen, SBE 43 [% saturation]
# name 4 = specc: Specific Conductance [uS/cm]
# name 5 = c0uS/cm: Conductivity [uS/cm]
# name 6 = flECO-AFL: Fluorescence, WET Labs ECO-AFL/FL [mg/m^3]
# name 7 = ph: pH
# name 8 = orp: Oxidation Reduction Potential [mV]
# name 9 = par/sat/log: PAR/Logarithmic, Satlantic
# name 10 = turbWETntu0: Turbidity, WET Labs ECO [NTU]
# name 11 = prdM: Pressure, Strain Gauge [db]
# name 12 = prdE: Pressure, Strain Gauge [psi]
# name 13 = tv290C: Temperature [ITS-90, deg C]
# name 14 = flag:  0.000e+00
# span 0 =     -0.694,      9.620       
# span 1 =     -0.454,      0.204       
# span 2 =     0.1350,    10.5269       
# span 3 =      1.221,    113.242       
# span 4 =      3.892,     59.316       
# span 5 =   3.407687,  41.850106       
# span 6 =    -0.4126,    30.3107       
# span 7 =      7.224,      7.798       
# span 8 =    45.5593,   305.1558       
# span 9 = 1.2359e-01, 2.0236e+03       
# span 10 =    -7.2061,   159.1250      
# span 11 =     -0.682,      9.434      
# span 12 =     -0.989,     13.683      
# span 13 =    10.2389,    22.3410      
# span 14 = 0.0000e+00, 0.0000e+00      
# interval = seconds: 0.25
# start_time = Apr 29 2024 10:23:11 [Instrument's time stamp, header]
# bad_flag = -9.990e-29
*END*
[from data line 193]
      0.167      0.013    10.2028    104.723     29.488  26.050184     4.1635      7.371   235.5754 3.8798e+01     4.9300      0.162      0.235    19.1829 0.0000e+00
      0.176      0.013    10.0336    103.920     29.499  26.062866     4.2337      7.369   235.3759 3.9051e+01     4.8665      0.173      0.252    19.1751 0.0000e+00
      0.183      0.012     9.8871    103.253     29.472  26.039900     4.2442      7.366   235.2709 3.9236e+01     4.9093      0.182      0.264    19.1663 0.0000e+00
      0.186      0.011     9.7643    102.778     29.457  26.026178     4.2736      7.365   235.2529 3.9338e+01     5.0024      0.184      0.266    19.1629 0.0000e+00
      0.186      0.009     9.6733    102.471     29.455  26.023796     4.2985      7.365   235.2431 3.9873e+01     5.0015      0.183      0.265    19.1666 0.0000e+00
      0.184      0.008     9.6043    102.225     29.442  26.011104     4.2947      7.366   235.2383 4.0217e+01     4.9662      0.180      0.261    19.1712 0.0000e+00
      0.184      0.011     9.5354    102.024     29.432  25.999554     4.2864      7.366   235.2810 3.9814e+01     4.9866      0.180      0.262    19.1743 0.0000e+00
      0.188      0.017     9.4930    101.844     29.449  26.010981     4.2976      7.366   235.4163 3.9936e+01     4.9743      0.184      0.267    19.1730 0.0000e+00
      0.193      0.023     9.4721    101.661     29.465  26.022417     4.3220      7.365   235.6689 3.9961e+01     4.9541      0.189      0.273    19.1711 0.0000e+00
      0.201      0.027     9.4468    101.514     29.455  26.010982     4.3230      7.362   235.7540 3.8869e+01     4.9473      0.196      0.284    19.1690 0.0000e+00
      0.212      0.023     9.4310    101.412     29.444  25.999565     4.3024      7.359   235.3260 3.7665e+01     4.9609      0.208      0.302    19.1643 0.0000e+00
      0.222      0.008     9.4177    101.345     29.456  26.011209     4.2724      7.357   234.7975 3.6306e+01     5.0154      0.218      0.316    19.1582 0.0000e+00
      0.230     -0.016     9.3983    101.329     29.463  26.024931     4.2265      7.355   234.7836 3.5229e+01     5.0260      0.227      0.328    19.1522 0.0000e+00
      0.232     -0.042     9.3856    101.361     29.465  26.038651     4.2052      7.351   234.8144 3.6781e+01     4.9530      0.236      0.341    19.1494 0.0000e+00
      0.217     -0.069     9.3780    101.391     29.467  26.050275     4.1985      7.348   234.5670 4.1418e+01     4.8836      0.224      0.324    19.1463 0.0000e+00
      0.180     -0.098     9.3706    101.374     29.449  26.038650     4.1033      7.346   234.5461 4.6173e+01     4.9050      0.176      0.255    19.1443 0.0000e+00
      0.142     -0.126     9.3670    101.305     29.431  26.024938     3.9444      7.346   234.3892 4.9620e+01     4.9722      0.128      0.187    19.1555 0.0000e+00
      0.117     -0.150     9.3671    101.217     29.413  26.011328     3.8590      7.349   233.7882 5.7193e+01     4.9788      0.119      0.173    19.1827 0.0000e+00
      0.083     -0.169     9.3678    101.200     29.401  26.000941     3.8363      7.353   233.3019 7.1604e+01     4.9162      0.091      0.132    19.2037 0.0000e+00
      0.034     -0.181     9.3651    101.267     29.431  26.026186     3.8280      7.357   233.2415 9.1516e+01     4.8978      0.031      0.044    19.2058 0.0000e+00
     -0.020     -0.186     9.3587    101.337     29.473  26.062883     3.7922      7.360   233.4894 1.4892e+02     4.9613     -0.017     -0.026    19.2081 0.0000e+00
     -0.077     -0.182     9.3445    101.378     29.476  26.064131     3.7032      7.361   233.6316 5.0423e+02     5.0009     -0.073     -0.107    19.2143 0.0000e+00
     -0.136     -0.168     9.3421    101.425     29.452  26.041270     3.6342      7.362   233.4981 9.9136e+02     4.9675     -0.140     -0.202    19.2129 0.0000e+00
     -0.181     -0.147     9.3542    101.532     29.454  26.040136     3.6064      7.364   233.3380 9.3059e+02     4.8989     -0.188     -0.272    19.2109 0.0000e+00
     -0.206     -0.123     9.3600    101.652     29.468  26.050420     3.6004      7.367   233.1580 7.9289e+02     4.8894     -0.204     -0.296    19.2117 0.0000e+00
     -0.224     -0.098     9.3644    101.710     29.458  26.038765     3.5951      7.371   232.9567 1.1794e+03     4.9552     -0.216     -0.314    19.2086 0.0000e+00
     -0.247     -0.073     9.3649    101.698     29.447  26.026061     3.5673      7.372   232.9694 1.5101e+03     4.9424     -0.243     -0.353    19.2048 0.0000e+00
     -0.269     -0.049     9.3786    101.642     29.446  26.023660     3.5391      7.372   233.0537 1.5246e+03     4.8714     -0.266     -0.386    19.2012 0.0000e+00
     -0.285     -0.028     9.3947    101.580     29.431  26.009729     3.5126      7.372   232.9427 1.3200e+03     4.9168     -0.284     -0.412    19.1951 0.0000e+00
     -0.290     -0.008     9.3995    101.517     29.403  25.984457     3.4788      7.371   232.8326 8.8435e+02     5.0129     -0.289     -0.419    19.1904 0.0000e+00
     -0.283      0.011     9.3993    101.448     29.391  25.971773     3.4636      7.370   232.7551 5.8372e+02     5.0088     -0.279     -0.404    19.1872 0.0000e+00
     -0.269      0.026     9.3920    101.379     29.406  25.983198     3.4540      7.371   232.6081 8.0999e+02     4.9343     -0.264     -0.381    19.1838 0.0000e+00
     -0.257      0.035     9.3872    101.324     29.424  25.995759     3.4793      7.372   232.6029 1.2711e+03     4.9319     -0.251     -0.362    19.1833 0.0000e+00
     -0.248      0.039     9.3815    101.286     29.429  25.996807     3.5609      7.374   232.6068 1.4751e+03     5.0140     -0.243     -0.351    19.1828 0.0000e+00
     -0.241      0.040     9.3755    101.255     29.433  25.995872     3.6169      7.377   232.4832 1.4662e+03     5.0392     -0.237     -0.343    19.1792 0.0000e+00
     -0.232      0.041     9.3695    101.232     29.423  25.984446     3.6329      7.379   232.3983 1.3477e+03     4.9980     -0.228     -0.331    19.1757 0.0000e+00
     -0.221      0.044     9.3647    101.237     29.426  25.985486     3.6366      7.381   232.3558 9.7268e+02     4.9591     -0.217     -0.315    19.1713 0.0000e+00
     -0.208      0.047     9.3634    101.287     29.455  26.008443     3.6791      7.382   232.4853 5.0473e+02     4.9454     -0.204     -0.296    19.1648 0.0000e+00
     -0.195      0.051     9.3619    101.347     29.460  26.008339     3.7799      7.381   232.7589 2.8911e+02     4.9685     -0.192     -0.278    19.1565 0.0000e+00
     -0.181      0.055     9.3602    101.382     29.436  25.984220     3.8396      7.379   232.9964 2.8650e+02     4.9659     -0.178     -0.258    19.1516 0.0000e+00
     -0.167      0.057     9.3590    101.393     29.423  25.970497     3.8433      7.375   233.2067 5.6006e+02     4.9141     -0.165     -0.239    19.1507 0.0000e+00
     -0.152      0.057     9.3672    101.387     29.423  25.969250     3.8836      7.372   233.3222 9.2740e+02     4.8890     -0.150     -0.217    19.1450 0.0000e+00
     -0.136      0.058     9.3754    101.377     29.423  25.969136     3.9770      7.369   233.4471 7.7600e+02     4.9351     -0.132     -0.192    19.1374 0.0000e+00
     -0.120      0.060     9.3786    101.365     29.424  25.969116     4.0492      7.367   233.5976 3.4427e+02     4.9924     -0.117     -0.170    19.1323 0.0000e+00
     -0.107      0.061     9.3812    101.345     29.425  25.969011     4.0567      7.365   233.6793 1.4961e+02     4.9677     -0.104     -0.152    19.1289 0.0000e+00
     -0.094      0.062     9.3794    101.335     29.426  25.967868     4.0427      7.364   233.8333 1.0995e+02     4.9096     -0.095     -0.139    19.1267 0.0000e+00
     -0.076      0.064     9.3793    101.330     29.414  25.955289     4.0629      7.364   233.9964 9.0742e+01     4.9392     -0.076     -0.109    19.1257 0.0000e+00
     -0.057      0.068     9.3787    101.320     29.404  25.943759     4.1015      7.365   233.9304 8.0637e+01     5.0180     -0.052     -0.077    19.1254 0.0000e+00
     -0.042      0.072     9.3762    101.328     29.422  25.955290     4.1182      7.367   233.8096 7.1647e+01     5.0420     -0.042     -0.062    19.1230 0.0000e+00
     -0.026      0.076     9.3757    101.337     29.441  25.967870     4.1568      7.370   233.9987 6.0857e+01     5.0250     -0.029     -0.042    19.1199 0.0000e+00
     -0.005      0.079     9.3775    101.292     29.444  25.969012     4.2436      7.372   234.2380 5.0087e+01     5.0168     -0.005     -0.006    19.1173 0.0000e+00
      0.018      0.079     9.3751    101.207     29.443  25.969107     4.3096      7.373   234.2074 4.3452e+01     5.0462      0.019      0.028    19.1122 0.0000e+00
      0.041      0.075     9.3779    101.118     29.443  25.969013     4.3316      7.373   233.9725 3.9260e+01     5.0723      0.038      0.056    19.1033 0.0000e+00
      0.064      0.065     9.3843    101.044     29.443  25.967870     4.3265      7.375   233.7210 3.5889e+01     5.0255      0.064      0.093    19.0953 0.0000e+00
      0.084      0.052     9.3787    101.020     29.430  25.955291     4.3069      7.375   233.8349 3.5099e+01     4.9582      0.085      0.124    19.0925 0.0000e+00
      0.095      0.044     9.3690    101.067     29.418  25.943760     4.2942      7.374   234.1443 3.4034e+01     4.9420      0.096      0.139    19.0944 0.0000e+00
      0.097      0.041     9.3606    101.167     29.432  25.955281     4.2972      7.372   234.1923 3.3458e+01     4.9670      0.098      0.142    19.0982 0.0000e+00
      0.095      0.044     9.3518    101.269     29.445  25.967756     4.3102      7.372   234.0717 3.4491e+01     4.9866      0.090      0.131    19.0961 0.0000e+00
      0.101      0.049     9.3503    101.356     29.445  25.967756     4.3260      7.373   233.9760 3.4658e+01     4.9394      0.092      0.134    19.0905 0.0000e+00
      0.121      0.053     9.3552    101.428     29.432  25.955280     4.3553      7.376   233.9823 3.4300e+01     4.9091      0.117      0.170    19.0893 0.0000e+00
      0.147      0.056     9.3668    101.468     29.422  25.943749     4.3815      7.379   233.9757 3.4263e+01     4.9620      0.146      0.212    19.0894 0.0000e+00
      0.169      0.056     9.3770    101.489     29.437  25.955166     4.3843      7.381   233.8967 3.3699e+01     4.9979      0.170      0.246    19.0897 0.0000e+00
      0.182      0.050     9.3830    101.497     29.450  25.966486     4.3474      7.383   233.8870 3.3411e+01     4.9678      0.182      0.264    19.0914 0.0000e+00
      0.187      0.039     9.3929    101.481     29.435  25.953782     4.2779      7.385   234.1165 3.3484e+01     4.9061      0.181      0.262    19.0895 0.0000e+00
      0.192      0.032     9.3955    101.438     29.405  25.928405     4.2427      7.385   234.7792 3.2809e+01     4.8998      0.187      0.272    19.0834 0.0000e+00
      0.200      0.036     9.3989    101.400     29.387  25.913330     4.2544      7.382   235.4461 3.2509e+01     4.9607      0.197      0.286    19.0800 0.0000e+00
      0.206      0.048     9.3995    101.382     29.377  25.898342     4.3034      7.379   235.7271 3.2421e+01     4.9930      0.203      0.295    19.0801 0.0000e+00
      0.211      0.063     9.3986    101.333     29.365  25.874015     4.3765      7.379   235.9394 3.1618e+01     4.9482      0.202      0.293    19.0809 0.0000e+00
      0.227      0.075     9.3928    101.233     29.384  25.872854     4.4143      7.381   236.2065 3.0612e+01     4.8968      0.212      0.308    19.0836 0.0000e+00
      0.259      0.084     9.3860    101.083     29.414  25.884272     4.4280      7.384   236.4611 3.0217e+01     4.9183      0.254      0.369    19.0886 0.0000e+00
      0.292      0.090     9.3905    100.923     29.424  25.885218     4.4839      7.386   236.7816 3.0505e+01     4.9697      0.292      0.423    19.0812 0.0000e+00
      0.317      0.091     9.3899    100.800     29.424  25.884274     4.5484      7.386   237.0701 3.0871e+01     4.9714      0.311      0.451    19.0530 0.0000e+00
      0.336      0.086     9.3886    100.751     29.404  25.872865     4.5594      7.387   237.1092 3.1139e+01     4.9388      0.329      0.478    19.0174 0.0000e+00
      0.354      0.076     9.3777    100.806     29.397  25.874121     4.5589      7.388   237.0832 3.0888e+01     4.9518      0.347      0.504    18.9912 0.0000e+00
      0.372      0.067     9.3634    100.948     29.419  25.899469     4.5580      7.390   237.0993 3.0524e+01     4.9915      0.364      0.528    18.9783 0.0000e+00
      0.390      0.061     9.3519    101.133     29.445  25.925675     4.5400      7.394   237.0458 3.0344e+01     5.0094      0.384      0.556    18.9770 0.0000e+00
      0.406      0.058     9.3424    101.321     29.456  25.937300     4.5254      7.397   237.1244 3.0091e+01     4.9976      0.400      0.579    18.9895 0.0000e+00
      0.417      0.058     9.3464    101.467     29.425  25.913190     4.5144      7.399   237.2754 3.0087e+01     4.9516      0.408      0.593    19.0051 0.0000e+00
      0.428      0.059     9.3585    101.526     29.395  25.887843     4.5152      7.399   237.3237 2.9875e+01     4.9304      0.419      0.609    19.0160 0.0000e+00
      0.442      0.060     9.3764    101.467     29.397  25.884509     4.5683      7.400   237.5352 2.9435e+01     4.9467      0.431      0.625    19.0209 0.0000e+00
      0.458      0.060     9.3950    101.305     29.394  25.872876     4.6652      7.401   237.7682 2.9264e+01     4.9432      0.449      0.651    19.0210 0.0000e+00
      0.478      0.057     9.4087    101.101     29.403  25.874011     4.7217      7.402   237.7313 2.9087e+01     4.9227      0.468      0.680    19.0287 0.0000e+00
      0.498      0.051     9.4144    100.929     29.433  25.898224     4.7352      7.404   237.6056 2.9083e+01     4.9378      0.488      0.708    19.0344 0.0000e+00
      0.513      0.042     9.4106    100.825     29.443  25.911955     4.7870      7.406   237.5387 2.9220e+01     4.9888      0.506      0.735    19.0230 0.0000e+00
      0.520      0.033     9.3969    100.786     29.438  25.913202     4.8730      7.408   237.6106 2.9155e+01     4.9937      0.511      0.743    19.0052 0.0000e+00
      0.523      0.028     9.3776    100.795     29.434  25.913315     4.9096      7.408   237.8726 2.9163e+01     4.9282      0.512      0.743    18.9900 0.0000e+00
      0.524      0.029     9.3615    100.842     29.431  25.913315     4.9044      7.407   238.2124 2.9191e+01     4.9142      0.513      0.745    18.9878 0.0000e+00
      0.526      0.036     9.3496    100.908     29.431  25.913202     4.9024      7.406   238.4484 2.9253e+01     4.9958      0.515      0.747    18.9987 0.0000e+00
      0.534      0.046     9.3452    100.979     29.434  25.911954     4.9022      7.407   238.6617 2.9457e+01     5.0603      0.520      0.754    19.0095 0.0000e+00
      0.550      0.054     9.3443    101.029     29.424  25.898223     4.9024      7.407   238.9837 2.9507e+01     5.0451      0.536      0.777    19.0161 0.0000e+00
      0.574      0.058     9.3488    101.041     29.404  25.874011     4.8878      7.406   239.3307 2.9628e+01     4.9831      0.565      0.819    19.0213 0.0000e+00
      0.594      0.057     9.3553    101.042     29.412  25.872877     4.8753      7.404   239.5027 2.9804e+01     4.9597      0.586      0.850    19.0205 0.0000e+00
      0.608      0.050     9.3640    101.062     29.431  25.884503     4.8844      7.403   239.5145 2.9623e+01     5.0007      0.597      0.866    19.0138 0.0000e+00
      0.619      0.040     9.3714    101.107     29.436  25.887734     4.8899      7.404   239.3875 2.9409e+01     5.0011      0.608      0.882    19.0075 0.0000e+00
      0.627      0.029     9.3728    101.162     29.463  25.911937     4.8824      7.406   239.1712 2.9245e+01     4.9293      0.617      0.895    18.9935 0.0000e+00
      0.630      0.020     9.3765    101.247     29.476  25.923467     4.9111      7.408   239.1364 2.8941e+01     4.8158      0.619      0.898    18.9750 0.0000e+00
