Data/DataNotYetUploadedToEDI/Raw_CTD/RawDownloads/042924_fcr50_S7809005.cnv
* Sea-Bird SBE19plus  Data File:
* FileName = C:\R\Reservoirs\Data\DataNotYetUploadedToEDI\Raw_CTD\RawDownloads\041524_bvr50_S7809_0005.hex
* Software version 2.8.0.119
* Temperature SN = 7809
* Conductivity SN = 7809
* System UpLoad Time = May 16 2024 15:24:40
* <ApplicationData>
* <Seaterm232>
# nquan = 15
# nvalues = 2629                        
# units = specified
# name 0 = depFM: Depth [fresh water, m]
# name 1 = dz/dtM: Descent Rate [m/s]
# name 2 = sbeox0Mg/L: Oxygen, SBE 43 [mg/l]
# name 3 = sbeox0PS: Oxygen, SBE 43 [% saturation]
# name 4 = specc: Specific Conductance [uS/cm]
# name 5 = c0uS/cm: Conductivity [uS/cm]
# name 6 = flECO-AFL: Fluorescence, WET Labs ECO-AFL/FL [mg/m^3]
# name 7 = ph: pH
# name 8 = orp: Oxidation Reduction Potential [mV]
# name 9 = par/sat/log: PAR/Logarithmic, Satlantic
# name 10 = turbWETntu0: Turbidity, WET Labs ECO [NTU]
# name 11 = prdM: Pressure, Strain Gauge [db]
# name 12 = prdE: Pressure, Strain Gauge [psi]
# name 13 = tv290C: Temperature [ITS-90, deg C]
# name 14 = flag:  0.000e+00
# span 0 =     -0.637,      9.598       
# span 1 =     -0.655,      0.287       
# span 2 =     1.5204,    11.5838       
# span 3 =     16.215,    111.447       
# span 4 =      0.594,    129.311       
# span 5 =   0.622795,  91.294960       
# span 6 =    -0.7002,   227.3988       
# span 7 =      6.169,      7.800       
# span 8 = -1240.7455,   408.3705       
# span 9 = 1.2354e-01, 2.4260e+03       
# span 10 =    -9.2355,   133.6104      
# span 11 =     -0.625,      9.414      
# span 12 =     -0.906,     13.654      
# span 13 =    10.2243,    27.3989      
# span 14 = 0.0000e+00, 0.0000e+00      
# interval = seconds: 0.25
# start_time = Apr 29 2024 12:26:25 [Instrument's time stamp, header]
# bad_flag = -9.990e-29
*END*
[from data line 1832]
      6.605      0.032     7.9447     70.954     40.048  28.246813     4.0155      7.426   335.8597 2.1562e+00     7.5156      6.480      9.399    10.2656 0.0000e+00
      6.611      0.030     7.9492     70.979     40.046  28.245574     3.9960      7.426   336.2344 2.1472e+00     7.5116      6.485      9.406    10.2648 0.0000e+00
      6.613      0.027     7.9476     70.969     40.061  28.255954     3.9030      7.425   336.5935 2.1261e+00     7.5434      6.484      9.404    10.2647 0.0000e+00
      6.618      0.023     7.9531     70.945     40.047  28.245461     3.7572      7.424   336.5020 2.0884e+00     7.5920      6.489      9.412    10.2641 0.0000e+00
      6.626      0.020     7.9596     70.925     40.047  28.245565     3.6808      7.423   336.2463 2.0549e+00     7.5879      6.498      9.426    10.2636 0.0000e+00
      6.633      0.019     7.9637     70.906     40.063  28.257220     3.6617      7.422   335.9971 2.0377e+00     7.5270      6.506      9.436    10.2635 0.0000e+00
      6.638      0.018     7.9609     70.888     40.065  28.259517     3.6754      7.422   335.4675 2.0283e+00     7.5391      6.510      9.443    10.2633 0.0000e+00
      6.641      0.016     7.9577     70.869     40.084  28.273338     3.7224      7.423   334.9188 2.0248e+00     7.5978      6.512      9.446    10.2631 0.0000e+00
      6.644      0.013     7.9560     70.871     40.116  28.297468     3.7469      7.423   335.6436 2.0270e+00     7.5882      6.516      9.450    10.2629 0.0000e+00
      6.647      0.011     7.9529     70.906     40.115  28.297564     3.7465      7.422   337.0897 2.0214e+00     7.5594      6.518      9.454    10.2633 0.0000e+00
      6.650      0.010     7.9519     70.944     40.081  28.274500     3.7435      7.422   337.3476 2.0045e+00     7.5222      6.520      9.459    10.2642 0.0000e+00
      6.652      0.010     7.9481     70.949     40.078  28.272317     3.7852      7.422   336.9555 1.9836e+00     7.5139      6.523      9.462    10.2654 0.0000e+00
      6.654      0.010     7.9470     70.934     40.078  28.271165     3.8682      7.422   336.3920 1.9668e+00     7.5617      6.525      9.465    10.2672 0.0000e+00
      6.656      0.011     7.9521     70.928     40.063  28.260568     3.8980      7.423   335.6106 1.9565e+00     7.5537      6.527      9.467    10.2692 0.0000e+00
      6.659      0.013     7.9587     70.933     40.079  28.271051     3.8956      7.423   336.5418 1.9441e+00     7.4854      6.529      9.469    10.2696 0.0000e+00
      6.662      0.017     7.9580     70.948     40.080  28.271059     3.9888      7.423   338.8750 1.9287e+00     7.4199      6.534      9.475    10.2688 0.0000e+00
      6.666      0.024     7.9550     70.969     40.067  28.260662     4.1601      7.423   339.8158 1.9080e+00     7.4096      6.537      9.481    10.2680 0.0000e+00
      6.670      0.032     7.9548     70.981     40.085  28.272193     4.2516      7.424   339.4851 1.8755e+00     7.4631      6.541      9.486    10.2674 0.0000e+00
      6.678      0.036     7.9552     70.989     40.102  28.283630     4.2385      7.423   338.6630 1.8372e+00     7.4871      6.547      9.495    10.2671 0.0000e+00
      6.692      0.036     7.9574     71.017     40.086  28.272090     4.1341      7.422   337.4465 1.7998e+00     7.4942      6.559      9.514    10.2661 0.0000e+00
      6.708      0.035     7.9610     71.048     40.067  28.259518     3.9800      7.421   336.9086 1.7663e+00     7.5500      6.580      9.544    10.2644 0.0000e+00
      6.721      0.032     7.9626     71.050     40.065  28.258478     3.9151      7.421   338.1818 1.7475e+00     7.5804      6.596      9.566    10.2628 0.0000e+00
      6.724      0.028     7.9615     71.025     40.067  28.259517     3.9074      7.421   340.5371 1.7495e+00     7.5548      6.596      9.566    10.2614 0.0000e+00
      6.724      0.023     7.9662     71.010     40.085  28.272079     3.7528      7.420   341.6392 1.7605e+00     7.4446      6.592      9.561    10.2609 0.0000e+00
      6.728      0.019     7.9713     71.017     40.103  28.283506     3.4697      7.420   341.1826 1.7571e+00     7.3073      6.597      9.568    10.2621 0.0000e+00
      6.735      0.019     7.9710     71.022     40.085  28.270831     3.3226      7.420   340.1795 1.7349e+00     7.2957      6.605      9.579    10.2633 0.0000e+00
      6.742      0.021     7.9663     71.009     40.047  28.245679     3.3217      7.419   339.4915 1.7211e+00     7.3038      6.612      9.590    10.2631 0.0000e+00
      6.747      0.025     7.9635     70.989     40.027  28.233107     3.3257      7.417   339.9180 1.7165e+00     7.3033      6.617      9.597    10.2622 0.0000e+00
      6.751      0.027     7.9673     70.984     40.045  28.245679     3.3134      7.416   341.0342 1.7039e+00     7.3920      6.619      9.600    10.2612 0.0000e+00
      6.757      0.029     7.9673     70.972     40.081  28.270832     3.2983      7.416   341.6303 1.6749e+00     7.4875      6.625      9.609    10.2612 0.0000e+00
      6.766      0.034     7.9660     70.946     40.100  28.283516     3.3015      7.415   341.7054 1.6397e+00     7.5354      6.635      9.624    10.2632 0.0000e+00
      6.776      0.043     7.9608     70.928     40.085  28.272183     3.3262      7.414   341.8557 1.6225e+00     7.5277      6.645      9.637    10.2650 0.0000e+00
      6.786      0.055     7.9624     70.913     40.070  28.260651     3.4723      7.413   341.5553 1.6149e+00     7.5310      6.654      9.651    10.2657 0.0000e+00
      6.796      0.066     7.9621     70.885     40.086  28.270946     3.7368      7.413   340.6546 1.5948e+00     7.6782      6.663      9.663    10.2655 0.0000e+00
      6.813      0.073     7.9561     70.836     40.086  28.269793     3.8851      7.412   340.3433 1.5458e+00     7.8724      6.676      9.684    10.2643 0.0000e+00
      6.840      0.076     7.9565     70.786     40.054  28.246709     3.9090      7.411   340.9751 1.4743e+00     7.9324      6.706      9.727    10.2628 0.0000e+00
      6.870      0.073     7.9547     70.755     40.054  28.245555     4.0257      7.410   341.5831 1.4095e+00     7.8224      6.741      9.776    10.2614 0.0000e+00
      6.893      0.065     7.9533     70.755     40.069  28.255849     4.2307      7.410   341.7574 1.3729e+00     7.6359      6.764      9.810    10.2601 0.0000e+00
      6.907      0.052     7.9459     70.791     40.052  28.244308     4.3491      7.410   341.7050 1.3627e+00     7.5555      6.775      9.826    10.2591 0.0000e+00
      6.914      0.039     7.9404     70.833     40.036  28.232870     4.3741      7.410   341.5523 1.3618e+00     7.6024      6.781      9.835    10.2581 0.0000e+00
      6.918      0.029     7.9367     70.867     40.052  28.244411     4.3092      7.410   340.9440 1.3549e+00     7.6222      6.784      9.839    10.2570 0.0000e+00
      6.921      0.027     7.9354     70.886     40.070  28.256992     4.1636      7.410   340.1149 1.3451e+00     7.5556      6.786      9.843    10.2567 0.0000e+00
      6.925      0.031     7.9424     70.895     40.072  28.258136     4.0779      7.410   340.0452 1.3393e+00     7.4801      6.790      9.848    10.2569 0.0000e+00
      6.931      0.036     7.9466     70.887     40.073  28.258232     4.0722      7.409   340.3592 1.3158e+00     7.4946      6.795      9.854    10.2568 0.0000e+00
      6.944      0.041     7.9513     70.847     40.073  28.258146     4.0786      7.408   340.7287 1.2725e+00     7.5609      6.807      9.872    10.2571 0.0000e+00
      6.960      0.046     7.9525     70.799     40.071  28.257097     4.0711      7.408   341.3282 1.2354e+00     7.5642      6.827      9.902    10.2573 0.0000e+00
      6.974      0.051     7.9538     70.765     40.056  28.245555     4.0575      7.408   341.5852 1.2134e+00     7.5347      6.842      9.923    10.2568 0.0000e+00
      6.984      0.055     7.9549     70.735     40.056  28.245451     4.0545      7.408   340.7389 1.1989e+00     7.5110      6.848      9.933    10.2562 0.0000e+00
      6.994      0.056     7.9484     70.709     40.071  28.255831     4.1188      7.407   339.3557 1.1746e+00     7.5169      6.857      9.945    10.2558 0.0000e+00
      7.009      0.054     7.9417     70.703     40.055  28.244204     4.2439      7.407   338.9718 1.1278e+00     7.5381      6.872      9.968    10.2556 0.0000e+00
      7.028      0.050     7.9392     70.716     40.037  28.231727     4.3020      7.408   339.5386 1.0841e+00     7.4940      6.893      9.997    10.2554 0.0000e+00
      7.046      0.045     7.9363     70.730     40.036  28.231830     4.2895      7.408   340.2712 1.0666e+00     7.4622      6.912     10.025    10.2550 0.0000e+00
      7.057      0.039     7.9316     70.719     40.055  28.245450     4.2921      7.408   340.6883 1.0535e+00     7.4948      6.925     10.043    10.2546 0.0000e+00
      7.062      0.034     7.9319     70.692     40.088  28.269555     4.3171      7.408   339.9366 1.0418e+00     7.5464      6.926     10.045    10.2546 0.0000e+00
      7.065      0.031     7.9332     70.692     40.087  28.269564     4.3333      7.408   338.4100 1.0406e+00     7.5735      6.927     10.047    10.2548 0.0000e+00
      7.070      0.030     7.9368     70.710     40.053  28.245555     4.3209      7.409   337.8023 1.0370e+00     7.5503      6.934     10.056    10.2551 0.0000e+00
      7.078      0.031     7.9355     70.745     40.035  28.232975     4.2925      7.409   338.0961 1.0268e+00     7.5387      6.941     10.067    10.2562 0.0000e+00
      7.088      0.034     7.9282     70.791     40.051  28.244318     4.2313      7.409   338.6928 1.0103e+00     7.5701      6.949     10.080    10.2574 0.0000e+00
      7.101      0.039     7.9304     70.815     40.067  28.255851     4.1301      7.408   339.4242 9.9734e-01     7.5539      6.966     10.102    10.2583 0.0000e+00
      7.111      0.044     7.9320     70.843     40.053  28.245556     4.0598      7.407   339.8846 9.9359e-01     7.4794      6.976     10.117    10.2585 0.0000e+00
      7.116      0.046     7.9344     70.906     40.055  28.246710     4.0385      7.406   339.7856 9.8151e-01     7.4549      6.975     10.118    10.2584 0.0000e+00
      7.127      0.044     7.9442     70.953     40.088  28.269804     4.0052      7.406   339.2591 9.5615e-01     7.4280      6.984     10.130    10.2585 0.0000e+00
      7.146      0.039     7.9439     70.965     40.089  28.271062     3.9482      7.406   339.0254 9.3666e-01     7.3599      7.010     10.167    10.2584 0.0000e+00
      7.163      0.034     7.9443     70.973     40.074  28.261921     3.9074      7.407   339.1112 9.3230e-01     7.3148      7.030     10.197    10.2581 0.0000e+00
      7.168      0.029     7.9558     70.967     40.107  28.286138     3.8868      7.407   339.3499 9.3315e-01     7.2922      7.031     10.198    10.2579 0.0000e+00
      7.168      0.024     7.9622     70.952     40.140  28.310157     3.8990      7.406   339.7603 9.3364e-01     7.3593      7.027     10.192    10.2577 0.0000e+00
      7.171      0.019     7.9600     70.953     40.122  28.298625     3.9468      7.405   339.8578 9.2812e-01     7.5118      7.032     10.200    10.2582 0.0000e+00
      7.175      0.018     7.9626     70.958     40.086  28.273567     3.9822      7.406   339.5821 9.1318e-01     7.5998      7.037     10.207    10.2597 0.0000e+00
      7.179      0.019     7.9621     70.971     40.067  28.260891     3.9765      7.406   339.4381 8.9879e-01     7.5683      7.038     10.208    10.2607 0.0000e+00
      7.187      0.021     7.9564     70.991     40.082  28.272216     3.9528      7.405   339.5800 8.9141e-01     7.4729      7.047     10.221    10.2621 0.0000e+00
      7.195      0.023     7.9598     71.001     40.096  28.283644     3.9791      7.405   339.8345 8.8987e-01     7.4019      7.059     10.236    10.2641 0.0000e+00
      7.199      0.025     7.9583     71.010     40.078  28.272206     4.0446      7.405   340.0200 8.8942e-01     7.3936      7.061     10.241    10.2638 0.0000e+00
      7.203      0.027     7.9602     71.036     40.062  28.260777     4.0714      7.405   340.1022 8.8952e-01     7.3727      7.062     10.243    10.2635 0.0000e+00
      7.209      0.029     7.9636     71.073     40.077  28.272318     4.0606      7.405   340.1402 8.8783e-01     7.3200      7.069     10.253    10.2651 0.0000e+00
      7.219      0.031     7.9634     71.091     40.093  28.284890     4.0557      7.405   340.2215 8.8123e-01     7.3373      7.080     10.268    10.2675 0.0000e+00
      7.229      0.033     7.9636     71.087     40.094  28.285929     4.0699      7.405   340.3963 8.7258e-01     7.4449      7.090     10.283    10.2690 0.0000e+00
      7.238      0.033     7.9655     71.069     40.093  28.284880     4.0829      7.405   340.6188 8.5965e-01     7.5276      7.098     10.295    10.2688 0.0000e+00
      7.247      0.032     7.9728     71.041     40.076  28.272204     4.0718      7.404   340.9333 8.4842e-01     7.5175      7.108     10.309    10.2705 0.0000e+00
      7.255      0.031     7.9730     70.996     40.061  28.259528     4.0605      7.404   341.2728 8.4256e-01     7.5279      7.116     10.320    10.2723 0.0000e+00
      7.261      0.029     7.9727     70.936     40.061  28.258470     4.0716      7.404   341.3691 8.4121e-01     7.5852      7.121     10.327    10.2720 0.0000e+00
      7.268      0.028     7.9704     70.885     40.063  28.259404     4.0806      7.405   340.9787 8.4092e-01     7.5954      7.127     10.337    10.2718 0.0000e+00
      7.277      0.027     7.9678     70.848     40.080  28.270824     4.0786      7.405   340.5103 8.3042e-01     7.5828      7.136     10.350    10.2705 0.0000e+00
      7.284      0.026     7.9640     70.825     40.080  28.269680     4.0298      7.405   340.6102 8.1975e-01     7.5697      7.142     10.361    10.2683 0.0000e+00
      7.290      0.025     7.9552     70.817     40.046  28.245576     3.9405      7.404   341.1537 8.1414e-01     7.6082      7.149     10.369    10.2670 0.0000e+00
      7.297      0.024     7.9502     70.811     40.029  28.233101     3.9056      7.404   341.7480 8.0641e-01     7.6727      7.157     10.379    10.2660 0.0000e+00
      7.302      0.024     7.9461     70.805     40.047  28.245691     3.9073      7.404   342.0315 8.0460e-01     7.6316      7.160     10.385    10.2653 0.0000e+00
      7.307      0.025     7.9434     70.814     40.083  28.270948     3.9197      7.404   341.3110 8.0703e-01     7.5216      7.165     10.392    10.2641 0.0000e+00
      7.313      0.025     7.9435     70.837     40.103  28.284777     3.9637      7.404   339.9206 8.0135e-01     7.4355      7.171     10.401    10.2636 0.0000e+00
      7.321      0.024     7.9433     70.858     40.104  28.286034     3.9987      7.403   339.4163 7.8770e-01     7.4447      7.179     10.412    10.2634 0.0000e+00
      7.329      0.023     7.9411     70.875     40.103  28.286148     4.0180      7.403   339.7740 7.7996e-01     7.5303      7.188     10.425    10.2631 0.0000e+00
      7.335      0.022     7.9424     70.890     40.098  28.286158     4.0222      7.403   340.2874 7.8741e-01     7.5136      7.194     10.433    10.2633 0.0000e+00
      7.339      0.019     7.9462     70.911     40.088  28.286148     3.9822      7.403   340.8914 7.9655e-01     7.3458      7.197     10.439    10.2631 0.0000e+00
      7.343      0.016     7.9480     70.943     40.074  28.286043     3.9257      7.403   341.4844 7.8895e-01     7.2429      7.202     10.446    10.2637 0.0000e+00
      7.347      0.015     7.9499     70.960     40.062  28.284897     3.9061      7.403   341.1764 7.7157e-01     7.2945      7.205     10.450    10.2649 0.0000e+00
      7.349      0.015     7.9510     70.956     40.042  28.272307     3.9112      7.403   339.5772 7.6216e-01     7.3560      7.207     10.453    10.2668 0.0000e+00
