Data/DataNotYetUploadedToEDI/Raw_CTD/RawDownloads/042924_fcr50_S7809005.cnv
* Sea-Bird SBE19plus  Data File:
* FileName = C:\R\Reservoirs\Data\DataNotYetUploadedToEDI\Raw_CTD\RawDownloads\041524_bvr50_S7809_0005.hex
* Software version 2.8.0.119
* Temperature SN = 7809
* Conductivity SN = 7809
* System UpLoad Time = May 16 2024 15:24:40
* <ApplicationData>
* <Seaterm232>
# nquan = 15
# nvalues = 2629                        
# units = specified
# name 0 = depFM: Depth [fresh water, m]
# name 1 = dz/dtM: Descent Rate [m/s]
# name 2 = sbeox0Mg/L: Oxygen, SBE 43 [mg/l]
# name 3 = sbeox0PS: Oxygen, SBE 43 [% saturation]
# name 4 = specc: Specific Conductance [uS/cm]
# name 5 = c0uS/cm: Conductivity [uS/cm]
# name 6 = flECO-AFL: Fluorescence, WET Labs ECO-AFL/FL [mg/m^3]
# name 7 = ph: pH
# name 8 = orp: Oxidation Reduction Potential [mV]
# name 9 = par/sat/log: PAR/Logarithmic, Satlantic
# name 10 = turbWETntu0: Turbidity, WET Labs ECO [NTU]
# name 11 = prdM: Pressure, Strain Gauge [db]
# name 12 = prdE: Pressure, Strain Gauge [psi]
# name 13 = tv290C: Temperature [ITS-90, deg C]
# name 14 = flag:  0.000e+00
# span 0 =     -0.637,      9.598       
# span 1 =     -0.655,      0.287       
# span 2 =     1.5204,    11.5838       
# span 3 =     16.215,    111.447       
# span 4 =      0.594,    129.311       
# span 5 =   0.622795,  91.294960       
# span 6 =    -0.7002,   227.3988       
# span 7 =      6.169,      7.800       
# span 8 = -1240.7455,   408.3705       
# span 9 = 1.2354e-01, 2.4260e+03       
# span 10 =    -9.2355,   133.6104      
# span 11 =     -0.625,      9.414      
# span 12 =     -0.906,     13.654      
# span 13 =    10.2243,    27.3989      
# span 14 = 0.0000e+00, 0.0000e+00      
# interval = seconds: 0.25
# start_time = Apr 29 2024 12:26:25 [Instrument's time stamp, header]
# bad_flag = -9.990e-29
*END*
[from data line 2314]
      9.539     -0.014     4.0692     35.843    114.542  80.772583    -0.0587      7.328   329.0372 1.2367e-01    -0.2277      9.354     13.567    10.2577 0.0000e+00
      9.536     -0.018     4.0549     35.756    114.822  80.969483    -0.0526      7.327   327.9298 1.2368e-01    -0.1996      9.354     13.565    10.2573 0.0000e+00
      9.529     -0.021     4.0406     35.714    115.104  81.167751    -0.0542      7.326   328.7461 1.2371e-01    -0.1763      9.348     13.558    10.2571 0.0000e+00
      9.518     -0.022     4.0338     35.724    115.418  81.389184    -0.0696      7.326   329.0118 1.2374e-01    -0.2193      9.335     13.540    10.2568 0.0000e+00
      9.508     -0.021     4.0185     35.739    115.734  81.611768    -0.0894      7.325   328.2163 1.2376e-01    -0.3093      9.322     13.520    10.2565 0.0000e+00
      9.503     -0.020     4.0095     35.748    116.035  81.823926    -0.0930      7.324   329.1089 1.2371e-01    -0.3430      9.318     13.514    10.2562 0.0000e+00
      9.502     -0.019     4.0025     35.767    116.351  82.046479    -0.0803      7.324   331.7170 1.2366e-01    -0.3196      9.319     13.515    10.2560 0.0000e+00
      9.502     -0.019     4.0074     35.772    116.664  82.267525    -0.0607      7.324   331.7880 1.2369e-01    -0.2659      9.320     13.517    10.2559 0.0000e+00
      9.499     -0.019     4.0101     35.787    116.940  82.461444    -0.0472      7.324   331.9454 1.2370e-01    -0.2058      9.318     13.514    10.2558 0.0000e+00
      9.492     -0.019     4.0072     35.827    117.151  82.610384    -0.0498      7.324   334.6524 1.2369e-01    -0.2068      9.311     13.503    10.2558 0.0000e+00
      9.482     -0.017     4.0143     35.867    117.324  82.732769    -0.0597      7.324   334.5773 1.2371e-01    -0.2785      9.297     13.485    10.2558 0.0000e+00
      9.474     -0.012     4.0112     35.899    117.504  82.860001    -0.0755      7.324   333.6179 1.2373e-01    -0.3565      9.288     13.471    10.2558 0.0000e+00
      9.471     -0.006     4.0126     35.957    117.618  82.940341    -0.0907      7.323   335.7860 1.2373e-01    -0.3630      9.286     13.468    10.2556 0.0000e+00
      9.474      0.001     4.0187     36.033    117.618  82.940961    -0.0848      7.322   337.0452 1.2367e-01    -0.2885      9.289     13.472    10.2556 0.0000e+00
      9.479      0.007     4.0239     36.081    117.604  82.931090    -0.0623      7.321   336.2807 1.2358e-01    -0.2076      9.297     13.484    10.2558 0.0000e+00
      9.484      0.009     4.0254     36.123    117.629  82.948192    -0.0531      7.322   336.3512 1.2360e-01    -0.1715      9.302     13.492    10.2559 0.0000e+00
      9.486      0.008     4.0308     36.175    117.641  82.956939    -0.0650      7.323   337.1242 1.2368e-01    -0.1933      9.303     13.493    10.2560 0.0000e+00
      9.486      0.006     4.0451     36.205    117.664  82.973253    -0.0718      7.323   336.0754 1.2368e-01    -0.2660      9.304     13.494    10.2562 0.0000e+00
      9.486      0.004     4.0464     36.210    117.728  83.018242    -0.0693      7.322   333.8231 1.2365e-01    -0.2990      9.303     13.493    10.2561 0.0000e+00
      9.487      0.004     4.0506     36.215    117.781  83.055692    -0.0685      7.322   333.9836 1.2366e-01    -0.2505      9.304     13.494    10.2561 0.0000e+00
      9.488      0.004     4.0587     36.221    117.855  83.108046    -0.0698      7.322   333.7134 1.2368e-01    -0.1913      9.305     13.495    10.2562 0.0000e+00
      9.489      0.003     4.0626     36.226    117.993  83.206046    -0.0679      7.321   330.5564 1.2368e-01    -0.1645      9.306     13.498    10.2560 0.0000e+00
      9.491      0.003     4.0608     36.249    118.108  83.286601    -0.0542      7.321   329.7979 1.2366e-01    -0.1653      9.308     13.500    10.2560 0.0000e+00
      9.492      0.003     4.0617     36.271    118.153  83.318805    -0.0467      7.321   330.3934 1.2368e-01    -0.2008      9.309     13.501    10.2560 0.0000e+00
      9.492      0.002     4.0639     36.278    118.184  83.341020    -0.0520      7.322   328.6364 1.2373e-01    -0.2863      9.309     13.502    10.2562 0.0000e+00
      9.492      0.001     4.0612     36.306    118.216  83.364393    -0.0678      7.322   328.0853 1.2373e-01    -0.3458      9.309     13.501    10.2562 0.0000e+00
      9.492      0.000     4.0662     36.362    118.281  83.410593    -0.0873      7.322   328.9783 1.2372e-01    -0.3400      9.309     13.501    10.2564 0.0000e+00
      9.492 2.0475e-08     4.0700     36.415    118.433  83.518016    -0.0882      7.322   328.4203 1.2369e-01    -0.2843      9.309     13.502    10.2566 0.0000e+00
      9.492 2.2522e-07     4.0676     36.454    118.614  83.645610    -0.0783      7.321   327.6197 1.2367e-01    -0.1844      9.309     13.501    10.2566 0.0000e+00
      9.492 2.2522e-07     4.0704     36.482    118.754  83.744878    -0.0682      7.321   328.5901 1.2366e-01    -0.1568      9.309     13.501    10.2567 0.0000e+00
      9.492 2.0475e-08     4.0788     36.478    118.872  83.827818    -0.0581      7.321   330.1721 1.2364e-01    -0.2235      9.309     13.501    10.2569 0.0000e+00
      9.492 1.8614e-09     4.0854     36.448    118.952  83.885196    -0.0643      7.322   329.7991 1.2362e-01    -0.2740      9.309     13.501    10.2570 0.0000e+00
      9.492 1.6922e-10     4.0883     36.427    119.015  83.929807    -0.0848      7.322   330.3608 1.2364e-01    -0.2900      9.309     13.501    10.2572 0.0000e+00
      9.492 1.5383e-11     4.0935     36.397    119.095  83.985591    -0.0892      7.321   333.4356 1.2372e-01    -0.2791      9.309     13.501    10.2574 0.0000e+00
      9.492 1.3985e-12     4.0932     36.345    119.188  84.050836    -0.0755      7.321   333.8511 1.2371e-01    -0.2441      9.309     13.501    10.2574 0.0000e+00
      9.492 1.2713e-13     4.0861     36.275    119.323  84.146254    -0.0605      7.321   333.4051 1.2364e-01    -0.2091      9.309     13.501    10.2575 0.0000e+00
      9.492 1.1558e-14     4.0868     36.206    119.468  84.248824    -0.0495      7.320   335.5290 1.2364e-01    -0.1977      9.309     13.501    10.2575 0.0000e+00
      9.492 1.0507e-15     4.0828     36.151    119.592  84.336942    -0.0593      7.320   335.8696 1.2366e-01    -0.2424      9.309     13.501    10.2574 0.0000e+00
      9.492 9.5520e-17     4.0777     36.082    119.749  84.448417    -0.0792      7.321   335.0285 1.2362e-01    -0.3055      9.309     13.501    10.2575 0.0000e+00
      9.492 8.6835e-18     4.0687     35.993    119.934  84.578990    -0.0814      7.322   336.4588 1.2362e-01    -0.3461      9.308     13.501    10.2574 0.0000e+00
      9.492 7.8940e-19     4.0590     35.909    120.114  84.707185    -0.0698      7.322   337.6755 1.2370e-01    -0.3227      9.309     13.501    10.2576 0.0000e+00
      9.492 7.1765e-20     4.0558     35.831    120.320  84.853515    -0.0553      7.322   336.7476 1.2373e-01    -0.2286      9.309     13.501    10.2579 0.0000e+00
      9.492 6.5241e-21     4.0480     35.751    120.544  85.012523    -0.0560      7.322   335.6510 1.2369e-01    -0.1645      9.309     13.502    10.2581 0.0000e+00
      9.492 5.9409e-22     4.0362     35.679    120.763  85.166795    -0.0617      7.322   336.1178 1.2366e-01    -0.1622      9.309     13.501    10.2583 0.0000e+00
      9.492 6.4788e-23     4.0268     35.607    120.978  85.319447    -0.0585      7.322   335.3366 1.2368e-01    -0.2014      9.309     13.502    10.2586 0.0000e+00
      9.492 1.2450e-22     4.0196     35.536    121.175  85.458860    -0.0674      7.323   332.6579 1.2367e-01    -0.2625      9.309     13.501    10.2590 0.0000e+00
      9.492 1.3160e-21     4.0084     35.485    121.346  85.580262    -0.0852      7.323   332.5537 1.2362e-01    -0.3202      9.309     13.501    10.2593 0.0000e+00
      9.493 1.4471e-20     4.0021     35.457    121.522  85.705972    -0.0908      7.323   332.5273 1.2365e-01    -0.3524      9.309     13.502    10.2597 0.0000e+00
      9.493 1.5918e-19     3.9938     35.433    121.702  85.833847    -0.0771      7.323   329.9297 1.2368e-01    -0.3106      9.309     13.502    10.2600 0.0000e+00
      9.493 1.7510e-18     3.9842     35.406    121.821  85.917817    -0.0607      7.322   329.4540 1.2365e-01    -0.2251      9.309     13.502    10.2602 0.0000e+00
      9.493 1.9261e-17     3.9785     35.363    121.876  85.957928    -0.0587      7.321   330.0452 1.2365e-01    -0.2066      9.309     13.502    10.2605 0.0000e+00
      9.493 2.1187e-16     3.9763     35.293    121.936  86.000782    -0.0613      7.321   328.5599 1.2371e-01    -0.2914      9.309     13.502    10.2610 0.0000e+00
      9.493 2.3306e-15     3.9742     35.255    122.010  86.054305    -0.0668      7.321   327.8433 1.2376e-01    -0.3627      9.309     13.502    10.2613 0.0000e+00
      9.492 2.5637e-14     3.9704     35.271    122.068  86.096190    -0.0766      7.321   328.7799 1.2375e-01    -0.3511      9.309     13.501    10.2616 0.0000e+00
      9.492 2.8200e-13     3.9692     35.292    122.108  86.125560    -0.0796      7.322   329.0432 1.2370e-01    -0.3221      9.308     13.501    10.2620 0.0000e+00
      9.492 3.1020e-12     3.9558     35.296    122.148  86.154972    -0.0696      7.322   328.4455 1.2369e-01    -0.2515      9.309     13.501    10.2624 0.0000e+00
      9.492 3.4122e-11     3.9501     35.283    122.206  86.197372    -0.0557      7.322   329.3827 1.2367e-01    -0.1462      9.309     13.502    10.2629 0.0000e+00
      9.492 3.7535e-10     3.9566     35.293    122.288  86.256545    -0.0529      7.322   330.9097 1.2367e-01    -0.1074      9.309     13.501    10.2632 0.0000e+00
      9.492 4.1288e-09     3.9578     35.328    122.345  86.297935    -0.0604      7.323   330.1315 1.2375e-01    -0.1583      9.309     13.501    10.2638 0.0000e+00
      9.492 4.5417e-08     3.9599     35.343    122.370  86.316151    -0.0717      7.323   331.0724 1.2376e-01    -0.2493      9.309     13.502    10.2643 0.0000e+00
      9.492 4.9959e-07     3.9555     35.347    122.416  86.349573    -0.0812      7.323   333.8542 1.2373e-01    -0.3191      9.309     13.501    10.2648 0.0000e+00
      9.493      0.000     3.9550     35.351    122.463  86.383987    -0.0832      7.323   333.4805 1.2375e-01    -0.3187      9.309     13.502    10.2653 0.0000e+00
      9.493      0.000     3.9647     35.380    122.505  86.414197    -0.0796      7.323   333.6086 1.2379e-01    -0.2452      9.309     13.502    10.2657 0.0000e+00
      9.492      0.001     3.9624     35.467    122.569  86.460397    -0.0711      7.323   336.1779 1.2382e-01    -0.1814      9.309     13.501    10.2662 0.0000e+00
      9.492      0.002     3.9639     35.550    122.620  86.497299    -0.0635      7.323   336.2385 1.2378e-01    -0.1964      9.309     13.501    10.2665 0.0000e+00
      9.492      0.005     3.9643     35.595    122.683  86.542329    -0.0628      7.323   333.7392 1.2368e-01    -0.2560      9.309     13.501    10.2670 0.0000e+00
      9.493      0.010     3.9621     35.626    122.796  86.623178    -0.0633      7.323   332.3730 1.2367e-01    -0.2872      9.309     13.502    10.2673 0.0000e+00
      9.495      0.016     3.9788     35.647    122.921  86.711488    -0.0768      7.322   331.9372 1.2372e-01    -0.3008      9.311     13.506    10.2675 0.0000e+00
      9.499      0.021     3.9882     35.647    123.022  86.783124    -0.0928      7.321   330.2769 1.2372e-01    -0.3169      9.315     13.509    10.2680 0.0000e+00
      9.507      0.025     3.9910     35.597    123.120  86.853205    -0.0827      7.320   328.4741 1.2369e-01    -0.2775      9.321     13.519    10.2682 0.0000e+00
      9.517      0.026     3.9955     35.477    123.218  86.922710    -0.0623      7.320   327.8632 1.2362e-01    -0.1995      9.333     13.537    10.2683 0.0000e+00
      9.527      0.025     3.9976     35.318    123.308  86.987369    -0.0550      7.320   325.9026 1.2356e-01    -0.1597      9.344     13.552    10.2687 0.0000e+00
      9.534      0.022     3.9989     35.173    123.413  87.062477    -0.0517      7.320   322.5783 1.2354e-01    -0.1731      9.351     13.563    10.2690 0.0000e+00
      9.538      0.018     3.9950     35.052    123.509  87.131093    -0.0474      7.320   319.4175 1.2360e-01    -0.2248      9.355     13.568    10.2692 0.0000e+00
      9.538      0.014     3.9797     34.954    123.578  87.180868    -0.0617      7.319   316.3377 1.2368e-01    -0.2726      9.353     13.566    10.2697 0.0000e+00
      9.540      0.010     3.9586     34.865    123.631  87.219011    -0.0834      7.318   315.1101 1.2366e-01    -0.2727      9.354     13.567    10.2699 0.0000e+00
      9.543      0.009     3.9430     34.782    123.707  87.274212    -0.0844      7.316   314.8995 1.2362e-01    -0.2595      9.358     13.573    10.2703 0.0000e+00
      9.547      0.010     3.9289     34.734    123.798  87.339383    -0.0739      7.316   313.1889 1.2365e-01    -0.2495      9.363     13.579    10.2708 0.0000e+00
      9.550      0.012     3.9185     34.699    123.842  87.370841    -0.0653      7.315   310.0867 1.2370e-01    -0.2201      9.366     13.584    10.2710 0.0000e+00
      9.550      0.013     3.9103     34.658    123.882  87.400112    -0.0633      7.313   306.8162 1.2373e-01    -0.2115      9.365     13.583    10.2714 0.0000e+00
      9.553      0.013     3.8969     34.630    123.935  87.438846    -0.0666      7.312   304.1032 1.2372e-01    -0.2480      9.367     13.584    10.2720 0.0000e+00
      9.559      0.012     3.8941     34.594    123.960  87.457485    -0.0714      7.310   302.1502 1.2370e-01    -0.3198      9.374     13.596    10.2724 0.0000e+00
      9.565      0.010     3.8918     34.577    124.017  87.498251    -0.0794      7.305   301.6144 1.2368e-01    -0.3962      9.382     13.607    10.2726 0.0000e+00
      9.567      0.010     3.8839     34.716    124.088  87.550056    -0.0799      7.299   302.1852 1.2368e-01    -0.3867      9.384     13.610    10.2731 0.0000e+00
      9.567      0.011     3.8831     34.975    124.122  87.574942    -0.0698      7.294   301.9970 1.2370e-01    -0.2728      9.382     13.607    10.2735 0.0000e+00
      9.567      0.012     3.8803     35.094    124.168  87.608300    -0.0577      7.290   300.8866 1.2371e-01    -0.1808      9.381     13.606    10.2739 0.0000e+00
      9.568      0.014     3.8688     35.028    124.205  87.635308    -0.0498      7.286   299.3421 1.2367e-01    -0.1630      9.380     13.605    10.2745 0.0000e+00
      9.573      0.016     3.8822     34.904    124.220  87.647041    -0.0578      7.283   297.0032 1.2362e-01    -0.1939      9.386     13.613    10.2748 0.0000e+00
      9.582      0.016     3.9315     34.752    124.274  87.686546    -0.0708      7.279   294.9772 1.2364e-01    -0.2817      9.398     13.630    10.2753 0.0000e+00
      9.589      0.015     3.9438     34.580    124.336  87.731274    -0.0735      7.274   293.4308 1.2374e-01    -0.3359      9.405     13.641    10.2757 0.0000e+00
      9.593      0.013     3.9260     34.380    124.351  87.742532    -0.0735      7.266   291.1261 1.2385e-01    -0.2681      9.408     13.646    10.2762 0.0000e+00
      9.593      0.008     3.9155     34.137    124.373  87.759056    -0.0707      7.259   288.1044 1.2386e-01    -0.1787      9.408     13.645    10.2765 0.0000e+00
      9.592      0.004     3.8961     33.919    124.435  87.803831    -0.0649      7.252   284.6001 1.2379e-01    -0.1781      9.407     13.644    10.2770 0.0000e+00
      9.592      0.001     3.8771     33.779    124.483  87.838596    -0.0618      7.247   280.5907 1.2374e-01    -0.2605      9.407     13.643    10.2774 0.0000e+00
      9.593      0.001     3.8577     33.669    124.514  87.861326    -0.0669      7.245   277.1405 1.2373e-01    -0.3554      9.408     13.644    10.2777 0.0000e+00
