Data/DataNotYetUploadedToEDI/Raw_CTD/RawDownloads/042924_bvr50_S7809004.cnv
* Sea-Bird SBE19plus  Data File:
* FileName = C:\R\Reservoirs\Data\DataNotYetUploadedToEDI\Raw_CTD\RawDownloads\041524_bvr50_S7809_0004.hex
* Software version 2.8.0.119
* Temperature SN = 7809
* Conductivity SN = 7809
* System UpLoad Time = May 16 2024 15:23:33
* <ApplicationData>
* <Seaterm232>
# nquan = 15
# nvalues = 1684                        
# units = specified
# name 0 = depFM: Depth [fresh water, m]
# name 1 = dz/dtM: Descent Rate [m/s]
# name 2 = sbeox0Mg/L: Oxygen, SBE 43 [mg/l]
# name 3 = sbeox0PS: Oxygen, SBE 43 [% saturation]
# name 4 = specc: Specific Conductance [uS/cm]
# name 5 = c0uS/cm: Conductivity [uS/cm]
# name 6 = flECO-AFL: Fluorescence, WET Labs ECO-AFL/FL [mg/m^3]
# name 7 = ph: pH
# name 8 = orp: Oxidation Reduction Potential [mV]
# name 9 = par/sat/log: PAR/Logarithmic, Satlantic
# name 10 = turbWETntu0: Turbidity, WET Labs ECO [NTU]
# name 11 = prdM: Pressure, Strain Gauge [db]
# name 12 = prdE: Pressure, Strain Gauge [psi]
# name 13 = tv290C: Temperature [ITS-90, deg C]
# name 14 = flag:  0.000e+00
# span 0 =     -0.694,      9.620       
# span 1 =     -0.454,      0.204       
# span 2 =     0.1350,    10.5269       
# span 3 =      1.221,    113.242       
# span 4 =      3.892,     59.316       
# span 5 =   3.407687,  41.850106       
# span 6 =    -0.4126,    30.3107       
# span 7 =      7.224,      7.798       
# span 8 =    45.5593,   305.1558       
# span 9 = 1.2359e-01, 2.0236e+03       
# span 10 =    -7.2061,   159.1250      
# span 11 =     -0.682,      9.434      
# span 12 =     -0.989,     13.683      
# span 13 =    10.2389,    22.3410      
# span 14 = 0.0000e+00, 0.0000e+00      
# interval = seconds: 0.25
# start_time = Apr 29 2024 10:23:11 [Instrument's time stamp, header]
# bad_flag = -9.990e-29
*END*
[from data line 964]
      7.803      0.047     0.2994      2.791     32.456  23.196495     0.6672      7.412   304.2228 1.2376e-01     8.2351      7.651     11.096    10.7212 0.0000e+00
      7.818      0.050     0.2921      2.882     32.572  23.278557     0.6712      7.412   304.0833 1.2373e-01     8.2630      7.665     11.118    10.7195 0.0000e+00
      7.835      0.054     0.2935      3.003     32.623  23.309727     0.6972      7.412   304.0064 1.2375e-01     8.3253      7.682     11.143    10.7201 0.0000e+00
      7.851      0.054     0.3013      3.128     32.556  23.256295     0.7241      7.412   303.8954 1.2380e-01     8.3051      7.700     11.169    10.7279 0.0000e+00
      7.866      0.051     0.3095      3.252     32.483  23.203211     0.7293      7.411   303.8591 1.2380e-01     8.1896      7.714     11.188    10.7356 0.0000e+00
      7.880      0.048     0.3176      3.368     32.528  23.238611     0.7354      7.411   303.9125 1.2375e-01     8.1928      7.728     11.209    10.7351 0.0000e+00
      7.890      0.046     0.3336      3.415     32.704  23.367253     0.7476      7.411   303.9389 1.2370e-01     8.2752      7.739     11.225    10.7243 0.0000e+00
      7.897      0.046     0.3477      3.389     32.877  23.490358     0.7525      7.411   303.9194 1.2370e-01     8.2973      7.744     11.232    10.7111 0.0000e+00
      7.905      0.046     0.3595      3.339     32.926  23.522226     0.7525      7.411   303.9344 1.2372e-01     8.2902      7.750     11.241    10.7102 0.0000e+00
      7.919      0.045     0.3778      3.295     32.896  23.498908     0.7397      7.411   303.9483 1.2368e-01     8.2576      7.764     11.262    10.7184 0.0000e+00
      7.936      0.044     0.3823      3.254     32.844  23.462070     0.7557      7.410   303.9161 1.2368e-01     8.3128      7.784     11.290    10.7260 0.0000e+00
      7.949      0.042     0.3762      3.192     32.835  23.457302     0.8125      7.410   303.9748 1.2373e-01     8.4457      7.798     11.310    10.7238 0.0000e+00
      7.958      0.042     0.3704      3.078     32.989  23.568087     0.8355      7.410   304.0562 1.2373e-01     8.4635      7.805     11.320    10.7158 0.0000e+00
      7.965      0.043     0.3653      2.933     33.212  23.723536     0.8349      7.409   304.0395 1.2369e-01     8.4603      7.811     11.329    10.7126 0.0000e+00
      7.970      0.046     0.3619      2.805     33.353  23.814897     0.8382      7.407   304.0314 1.2366e-01     8.5431      7.815     11.336    10.7143 0.0000e+00
      7.980      0.050     0.3567      2.691     33.505  23.911739     0.8174      7.404   304.0447 1.2367e-01     8.6103      7.822     11.346    10.7178 0.0000e+00
      7.999      0.056     0.3439      2.576     33.738  24.070052     0.7912      7.403   304.0282 1.2364e-01     8.5900      7.843     11.375    10.7211 0.0000e+00
      8.020      0.061     0.3235      2.460     33.938  24.207081     0.7788      7.403   304.0027 1.2360e-01     8.5024      7.867     11.410    10.7182 0.0000e+00
      8.036      0.065     0.3109      2.335     33.984  24.236821     0.7762      7.403   303.9957 1.2362e-01     8.4394      7.881     11.431    10.6998 0.0000e+00
      8.050      0.066     0.2994      2.201     33.902  24.175969     0.7843      7.402   304.0294 1.2368e-01     8.4432      7.893     11.447    10.6787 0.0000e+00
      8.065      0.066     0.2859      2.061     33.805  24.105483     0.7858      7.402   304.0659 1.2374e-01     8.4454      7.909     11.470    10.6677 0.0000e+00
      8.082      0.064     0.2739      1.912     33.773  24.082139     0.7780      7.402   304.0930 1.2376e-01     8.4329      7.925     11.494    10.6615 0.0000e+00
      8.101      0.062     0.2598      1.760     33.777  24.083963     0.7735      7.400   304.0984 1.2375e-01     8.4276      7.944     11.522    10.6571 0.0000e+00
      8.119      0.060     0.2450      1.613     33.752  24.064119     0.7555      7.399   304.0459 1.2379e-01     8.4151      7.965     11.552    10.6536 0.0000e+00
      8.134      0.056     0.2293      1.468     33.710  24.032453     0.7270      7.399   303.9747 1.2379e-01     8.3510      7.977     11.571    10.6513 0.0000e+00
      8.145      0.052     0.2132      1.372     33.692  24.018163     0.7040      7.398   303.9247 1.2370e-01     8.2674      7.985     11.583    10.6507 0.0000e+00
      8.157      0.049     0.1944      1.337     33.693  24.018163     0.6846      7.396   303.7857 1.2365e-01     8.2916      8.000     11.603    10.6498 0.0000e+00
      8.169      0.049     0.1809      1.315     33.714  24.032451     0.7001      7.396   303.5850 1.2372e-01     8.3707      8.012     11.620    10.6468 0.0000e+00
      8.179      0.051     0.1606      1.307     33.759  24.064095     0.7587      7.397   303.4771 1.2379e-01     8.3712      8.018     11.630    10.6433 0.0000e+00
      8.191      0.053     0.1487      1.331     33.784  24.083685     0.7940      7.397   303.4276 1.2377e-01     8.2970      8.030     11.646    10.6414 0.0000e+00
      8.207      0.054     0.1498      1.371     33.773  24.079074     0.7862      7.397   303.3311 1.2373e-01     8.2596      8.048     11.673    10.6403 0.0000e+00
      8.224      0.054     0.1452      1.391     33.758  24.071755     0.7813      7.397   303.1703 1.2369e-01     8.2940      8.066     11.699    10.6392 0.0000e+00
      8.239      0.052     0.1440      1.390     33.736  24.058619     0.7929      7.396   303.1173 1.2368e-01     8.3366      8.080     11.719    10.6384 0.0000e+00
      8.253      0.047     0.1470      1.381     33.717  24.047076     0.8012      7.395   302.9483 1.2373e-01     8.3316      8.093     11.738    10.6396 0.0000e+00
      8.264      0.044     0.1539      1.382     33.732  24.059023     0.7902      7.395   302.2463 1.2373e-01     8.2666      8.106     11.756    10.6453 0.0000e+00
      8.272      0.044     0.1555      1.397     33.756  24.076235     0.7684      7.395   301.3398 1.2372e-01     8.3031      8.113     11.767    10.6514 0.0000e+00
      8.278      0.048     0.1548      1.410     33.831  24.128355     0.7539      7.395   300.5053 1.2370e-01     8.4659      8.117     11.772    10.6550 0.0000e+00
      8.288      0.054     0.1529      1.420     33.998  24.245293     0.7471      7.394   299.8152 1.2363e-01     8.5605      8.126     11.784    10.6578 0.0000e+00
      8.303      0.059     0.1525      1.442     34.149  24.348647     0.7362      7.393   299.3629 1.2363e-01     8.5591      8.141     11.807    10.6599 0.0000e+00
      8.323      0.063     0.1559      1.470     34.265  24.426761     0.7223      7.392   298.7354 1.2372e-01     8.5172      8.161     11.836    10.6598 0.0000e+00
      8.345      0.066     0.1568      1.487     34.449  24.555600     0.7290      7.392   297.8210 1.2377e-01     8.4635      8.185     11.872    10.6582 0.0000e+00
      8.364      0.067     0.1569      1.494     34.656  24.701515     0.7423      7.391   297.0834 1.2376e-01     8.3883      8.206     11.901    10.6562 0.0000e+00
      8.378      0.065     0.1599      1.506     34.792  24.795828     0.7252      7.390   296.6998 1.2373e-01     8.2571      8.217     11.917    10.6488 0.0000e+00
      8.392      0.062     0.1641      1.530     34.902  24.871517     0.7057      7.389   296.3659 1.2377e-01     8.1753      8.228     11.934    10.6393 0.0000e+00
      8.407      0.057     0.1658      1.538     35.061  24.982478     0.7308      7.389   295.9729 1.2384e-01     8.2869      8.244     11.957    10.6372 0.0000e+00
      8.424      0.053     0.1663      1.521     35.260  25.122764     0.7787      7.388   295.6473 1.2382e-01     8.4793      8.262     11.983    10.6363 0.0000e+00
      8.439      0.051     0.1662      1.500     35.420  25.235919     0.7932      7.387   295.0963 1.2374e-01     8.5206      8.276     12.004    10.6315 0.0000e+00
      8.451      0.048     0.1711      1.472     35.562  25.335928     0.7817      7.386   294.1290 1.2364e-01     8.4447      8.287     12.020    10.6271 0.0000e+00
      8.461      0.044     0.1729      1.441     35.805  25.507522     0.7982      7.386   292.9861 1.2362e-01     8.3812      8.298     12.035    10.6246 0.0000e+00
      8.471      0.043     0.1686      1.417     36.112  25.725153     0.8431      7.386   291.5165 1.2370e-01     8.3328      8.307     12.048    10.6227 0.0000e+00
      8.481      0.044     0.1675      1.396     36.414  25.937858     0.8748      7.386   289.6962 1.2374e-01     8.3041      8.315     12.062    10.6210 0.0000e+00
      8.492      0.045     0.1640      1.381     36.664  26.113270     0.8735      7.385   288.2701 1.2373e-01     8.2737      8.327     12.078    10.6195 0.0000e+00
      8.503      0.045     0.1595      1.384     36.875  26.260522     0.8279      7.385   287.1794 1.2376e-01     8.2044      8.338     12.093    10.6183 0.0000e+00
      8.516      0.045     0.1579      1.391     37.145  26.449832     0.7720      7.384   285.7154 1.2378e-01     8.1490      8.351     12.112    10.6160 0.0000e+00
      8.530      0.045     0.1554      1.397     37.398  26.626363     0.7551      7.384   284.0769 1.2378e-01     8.0826      8.367     12.135    10.6134 0.0000e+00
      8.542      0.045     0.1524      1.406     37.572  26.745957     0.7491      7.384   282.6834 1.2376e-01     7.9820      8.377     12.150    10.6102 0.0000e+00
      8.551      0.045     0.1540      1.400     37.678  26.817627     0.7666      7.383   281.6004 1.2375e-01     7.9580      8.385     12.161    10.6053 0.0000e+00
      8.560      0.045     0.1554      1.375     37.650  26.795258     0.8410      7.382   280.7912 1.2375e-01     8.0312      8.394     12.175    10.6017 0.0000e+00
      8.571      0.044     0.1547      1.338     37.469  26.665771     0.9081      7.381   280.0407 1.2375e-01     8.1155      8.406     12.191    10.5963 0.0000e+00
      8.584      0.043     0.1579      1.309     37.261  26.520470     0.9216      7.381   279.0649 1.2374e-01     8.1232      8.418     12.209    10.5895 0.0000e+00
      8.597      0.041     0.1565      1.315     37.043  26.370330     0.9038      7.381   277.4247 1.2372e-01     8.0554      8.431     12.228    10.5847 0.0000e+00
      8.609      0.038     0.1537      1.335     36.862  26.245736     0.8842      7.380   275.0077 1.2371e-01     7.9798      8.444     12.247    10.5813 0.0000e+00
      8.618      0.036     0.1491      1.339     37.176  26.472720     0.8752      7.378   272.6425 1.2375e-01     7.9261      8.453     12.261    10.5790 0.0000e+00
      8.624      0.035     0.1433      1.337     37.947  27.021816     0.8696      7.376   270.9380 1.2375e-01     7.9183      8.457     12.266    10.5833 0.0000e+00
      8.630      0.035     0.1457      1.349     38.530  27.430396     0.8591      7.376   269.6281 1.2372e-01     7.9546      8.461     12.272    10.5922 0.0000e+00
      8.638      0.035     0.1501      1.384     38.792  27.607357     0.8901      7.376   268.0763 1.2372e-01     8.3303      8.470     12.285    10.5962 0.0000e+00
      8.650      0.036     0.1489      1.434     38.937  27.702637     0.9775      7.376   265.7692 1.2374e-01     9.0791      8.483     12.303    10.6026 0.0000e+00
      8.661      0.038     0.1483      1.461     38.932  27.694428     1.0330      7.375   263.1566 1.2374e-01     9.4927      8.495     12.321    10.6065 0.0000e+00
      8.670      0.040     0.1490      1.447     38.672  27.508101     1.0293      7.375   261.0094 1.2375e-01     9.4372      8.504     12.333    10.5958 0.0000e+00
      8.679      0.040     0.1533      1.432     38.183  27.162272     0.9571      7.375   259.1668 1.2378e-01     8.8523      8.510     12.342    10.5800 0.0000e+00
      8.689      0.039     0.1606      1.443     37.768  26.874575     0.8257      7.374   257.3115 1.2378e-01     7.8176      8.520     12.358    10.5697 0.0000e+00
      8.700      0.039     0.1651      1.425     37.677  26.820261     0.7475      7.373   255.6989 1.2380e-01     7.2427      8.533     12.376    10.5649 0.0000e+00
      8.711      0.038     0.1618      1.387     37.758  26.886129     0.7365      7.371   254.5531 1.2380e-01     7.1625      8.543     12.391    10.5624 0.0000e+00
      8.721      0.035     0.1559      1.380     37.876  26.973328     0.7087      7.370   253.5238 1.2378e-01     6.9836      8.552     12.404    10.5639 0.0000e+00
      8.730      0.032     0.1639      1.378     38.162  27.176913     0.6612      7.370   251.8578 1.2375e-01     6.7195      8.562     12.418    10.5738 0.0000e+00
      8.738      0.031     0.1600      1.363     38.992  27.762040     0.6448      7.369   249.4670 1.2371e-01     6.6342      8.569     12.429    10.5913 0.0000e+00
      8.743      0.032     0.1513      1.359     40.088  28.529907     0.6513      7.368   247.3308 1.2371e-01     6.6690      8.574     12.436    10.6036 0.0000e+00
      8.748      0.034     0.1544      1.375     40.741  28.976654     0.6652      7.367   245.9051 1.2369e-01     6.5254      8.578     12.441    10.6064 0.0000e+00
      8.757      0.037     0.1541      1.386     41.211  29.294469     0.6960      7.366   244.7898 1.2364e-01     6.2304      8.585     12.452    10.6065 0.0000e+00
      8.769      0.040     0.1511      1.381     41.987  29.835300     0.7248      7.364   243.8269 1.2363e-01     6.1088      8.599     12.472    10.6017 0.0000e+00
      8.782      0.044     0.1499      1.376     43.030  30.568032     0.7386      7.364   242.9524 1.2363e-01     6.1482      8.613     12.492    10.5853 0.0000e+00
      8.793      0.046     0.1537      1.380     43.989  31.239499     0.7293      7.364   242.1319 1.2364e-01     6.1257      8.623     12.506    10.5598 0.0000e+00
      8.803      0.048     0.1557      1.390     44.344  31.483439     0.6872      7.364   241.3914 1.2369e-01     6.0420      8.632     12.520    10.5375 0.0000e+00
      8.816      0.048     0.1535      1.391     44.266  31.424054     0.6379      7.363   240.7102 1.2373e-01     5.9564      8.645     12.539    10.5250 0.0000e+00
      8.830      0.049     0.1533      1.366     44.606  31.663367     0.6241      7.360   239.9183 1.2372e-01     5.9100      8.660     12.559    10.5184 0.0000e+00
      8.842      0.050     0.1535      1.340     45.399  32.220011     0.6376      7.358   238.9579 1.2371e-01     5.9246      8.671     12.577    10.5060 0.0000e+00
      8.855      0.050     0.1549      1.339     46.085  32.698563     0.6349      7.356   238.0474 1.2369e-01     5.8603      8.684     12.594    10.4937 0.0000e+00
      8.868      0.050     0.1571      1.345     46.535  33.008605     0.6160      7.354   237.0833 1.2364e-01     5.7134      8.696     12.613    10.4917 0.0000e+00
      8.880      0.049     0.1525      1.349     46.785  33.177216     0.6085      7.352   235.9046 1.2367e-01     5.6517      8.708     12.631    10.4914 0.0000e+00
      8.893      0.047     0.1475      1.358     46.940  33.278017     0.6187      7.349   234.1200 1.2373e-01     5.6603      8.720     12.648    10.4839 0.0000e+00
      8.906      0.047     0.1494      1.353     47.125  33.402607     0.6486      7.346   231.3373 1.2375e-01     5.6124      8.734     12.667    10.4732 0.0000e+00
      8.918      0.047     0.1508      1.343     47.328  33.541611     0.6776      7.343   228.3283 1.2372e-01     5.4483      8.747     12.686    10.4649 0.0000e+00
      8.928      0.046     0.1496      1.362     47.455  33.626361     0.6870      7.340   225.6157 1.2372e-01     5.3498      8.756     12.699    10.4546 0.0000e+00
      8.938      0.043     0.1524      1.377     47.517  33.665977     0.6958      7.336   222.5443 1.2378e-01     5.4119      8.763     12.711    10.4442 0.0000e+00
      8.951      0.040     0.1525      1.355     47.575  33.703374     0.6921      7.331   218.6390 1.2381e-01     5.4483      8.778     12.732    10.4376 0.0000e+00
      8.964      0.037     0.1473      1.331     47.571  33.697848     0.6587      7.327   212.7262 1.2373e-01     5.3450      8.793     12.754    10.4328 0.0000e+00
