Data/DataNotYetUploadedToEDI/Raw_CTD/RawDownloads/042924_bvr50_S7809004.cnv
* Sea-Bird SBE19plus  Data File:
* FileName = C:\R\Reservoirs\Data\DataNotYetUploadedToEDI\Raw_CTD\RawDownloads\041524_bvr50_S7809_0004.hex
* Software version 2.8.0.119
* Temperature SN = 7809
* Conductivity SN = 7809
* System UpLoad Time = May 16 2024 15:23:33
* <ApplicationData>
* <Seaterm232>
# nquan = 15
# nvalues = 1684                        
# units = specified
# name 0 = depFM: Depth [fresh water, m]
# name 1 = dz/dtM: Descent Rate [m/s]
# name 2 = sbeox0Mg/L: Oxygen, SBE 43 [mg/l]
# name 3 = sbeox0PS: Oxygen, SBE 43 [% saturation]
# name 4 = specc: Specific Conductance [uS/cm]
# name 5 = c0uS/cm: Conductivity [uS/cm]
# name 6 = flECO-AFL: Fluorescence, WET Labs ECO-AFL/FL [mg/m^3]
# name 7 = ph: pH
# name 8 = orp: Oxidation Reduction Potential [mV]
# name 9 = par/sat/log: PAR/Logarithmic, Satlantic
# name 10 = turbWETntu0: Turbidity, WET Labs ECO [NTU]
# name 11 = prdM: Pressure, Strain Gauge [db]
# name 12 = prdE: Pressure, Strain Gauge [psi]
# name 13 = tv290C: Temperature [ITS-90, deg C]
# name 14 = flag:  0.000e+00
# span 0 =     -0.694,      9.620       
# span 1 =     -0.454,      0.204       
# span 2 =     0.1350,    10.5269       
# span 3 =      1.221,    113.242       
# span 4 =      3.892,     59.316       
# span 5 =   3.407687,  41.850106       
# span 6 =    -0.4126,    30.3107       
# span 7 =      7.224,      7.798       
# span 8 =    45.5593,   305.1558       
# span 9 = 1.2359e-01, 2.0236e+03       
# span 10 =    -7.2061,   159.1250      
# span 11 =     -0.682,      9.434      
# span 12 =     -0.989,     13.683      
# span 13 =    10.2389,    22.3410      
# span 14 = 0.0000e+00, 0.0000e+00      
# interval = seconds: 0.25
# start_time = Apr 29 2024 10:23:11 [Instrument's time stamp, header]
# bad_flag = -9.990e-29
*END*
[from data line 1254]
      7.312     -0.063     0.6158      5.247     35.335  25.228377     0.8531      7.342    79.0740 1.2367e-01     8.0636      7.178     10.410    10.6930 0.0000e+00
      7.297     -0.099     0.5850      5.342     35.559  25.389303     0.8462      7.344    79.7325 1.2369e-01     7.9720      7.165     10.392    10.6912 0.0000e+00
      7.260     -0.132     0.5750      5.444     35.676  25.472934     0.8124      7.346    80.2016 1.2369e-01     7.7638      7.125     10.335    10.6908 0.0000e+00
      7.209     -0.154     0.5731      5.542     35.683  25.478522     0.7863      7.346    80.7024 1.2372e-01     7.6980      7.070     10.255    10.6928 0.0000e+00
      7.152     -0.158     0.5811      5.608     35.650  25.456877     0.7805      7.346    81.3139 1.2377e-01     7.7910      7.012     10.171    10.6963 0.0000e+00
      7.100     -0.141     0.5935      5.640     35.660  25.464901     0.7920      7.346    82.0023 1.2376e-01     7.8637      6.959     10.094    10.6984 0.0000e+00
      7.060     -0.110     0.6037      5.647     35.640  25.448705     0.7925      7.344    82.9164 1.2370e-01     7.8254      6.919     10.035    10.6983 0.0000e+00
      7.036     -0.071     0.6174      5.618     35.560  25.387890     0.7783      7.343    84.0211 1.2369e-01     7.7377      6.894      9.999    10.6989 0.0000e+00
      7.030     -0.034     0.6240      5.561     35.530  25.363770     0.7697      7.342    84.9487 1.2372e-01     7.7255      6.890      9.991    10.7010 0.0000e+00
      7.036     -0.004     0.6264      5.484     35.420  25.283919     0.7712      7.342    85.5272 1.2369e-01     7.8148      6.900     10.007    10.7033 0.0000e+00
      7.046      0.016     0.6290      5.378     35.190  25.120014     0.7886      7.342    86.1126 1.2401e-01     7.8267      6.910     10.022    10.7013 0.0000e+00
      7.056      0.026     0.6247      5.253     35.065  25.030887     0.8137      7.342    86.9495 1.2441e-01     7.7319      6.921     10.036    10.6953 0.0000e+00
      7.064      0.030     0.6180      5.138     35.065  25.030737     0.8411      7.342    87.7305 1.2409e-01     7.7282      6.930     10.050    10.6908 0.0000e+00
      7.069      0.025     0.6106      5.033     35.010  24.991367     0.8622      7.343    88.3285 1.2369e-01     7.8157      6.931     10.053    10.6880 0.0000e+00
      7.075      0.012     0.5984      4.954     34.932  24.935374     0.8778      7.345    89.1036 1.2370e-01     7.8682      6.935     10.059    10.6885 0.0000e+00
      7.084     -0.013     0.5822      4.940     35.003  24.987911     0.8958      7.346    90.0471 1.2375e-01     7.8500      6.948     10.077    10.6904 0.0000e+00
      7.089     -0.049     0.5704      4.982     35.183  25.119246     0.8968      7.346    90.8747 1.2377e-01     7.8002      6.956     10.090    10.6905 0.0000e+00
      7.083     -0.094     0.5586      5.038     35.283  25.191554     0.8980      7.348    91.7106 1.2378e-01     7.7788      6.953     10.084    10.6889 0.0000e+00
      7.056     -0.136     0.5469      5.091     35.244  25.164580     0.8773      7.350    92.7541 1.2400e-01     7.7621      6.930     10.050    10.6878 0.0000e+00
      7.003     -0.164     0.5461      5.151     35.164  25.110208     0.8126      7.350    93.9418 1.2642e-01     7.7353      6.874      9.969    10.6920 0.0000e+00
      6.933     -0.171     0.5529      5.216     35.154  25.104904     0.7819      7.349    95.1442 1.3359e-01     7.7613      6.797      9.858    10.6967 0.0000e+00
      6.865     -0.157     0.5602      5.276     35.236  25.163865     0.7891      7.347    96.1926 1.3774e-01     7.8033      6.725      9.753    10.6971 0.0000e+00
      6.819     -0.127     0.5643      5.313     35.275  25.188921     0.8244      7.346    96.9813 1.3555e-01     7.7653      6.675      9.682    10.6976 0.0000e+00
      6.801     -0.088     0.5719      5.324     35.231  25.154191     0.8847      7.346    97.7113 1.3495e-01     7.6433      6.663      9.664    10.7015 0.0000e+00
      6.801     -0.049     0.5791      5.334     35.191  25.124446     0.9021      7.346    98.5657 1.3532e-01     7.5245      6.669      9.673    10.7063 0.0000e+00
      6.803     -0.017     0.5863      5.335     35.223  25.146376     0.9014      7.346    99.3960 1.3487e-01     7.5244      6.673      9.679    10.7079 0.0000e+00
      6.802      0.003     0.5921      5.334     35.341  25.229085     0.9177      7.345   100.1788 1.3536e-01     7.6084      6.671      9.674    10.7018 0.0000e+00
      6.800      0.015     0.5896      5.334     35.708  25.490286     0.8999      7.343   101.0613 1.3620e-01     7.6510      6.666      9.668    10.6946 0.0000e+00
      6.803      0.023     0.5937      5.309     36.368  25.958001     0.8519      7.342   101.9781 1.3366e-01     7.6638      6.669      9.673    10.6938 0.0000e+00
      6.811      0.028     0.5926      5.273     36.795  26.254491     0.8293      7.342   102.9183 1.2844e-01     7.6953      6.679      9.687    10.6939 0.0000e+00
      6.823      0.031     0.5909      5.234     36.765  26.221186     0.8339      7.342   103.9118 1.2501e-01     7.7588      6.691      9.704    10.6916 0.0000e+00
      6.837      0.030     0.5951      5.194     36.554  26.062684     0.8329      7.342   104.8699 1.2410e-01     7.8501      6.706      9.726    10.6907 0.0000e+00
      6.847      0.019     0.5889      5.143     36.363  25.923583     0.8095      7.342   105.8132 1.2675e-01     7.9116      6.716      9.742    10.6897 0.0000e+00
      6.852     -0.002     0.5862      5.035     36.109  25.744323     0.7838      7.343   106.7992 1.2930e-01     7.9552      6.719      9.745    10.6754 0.0000e+00
      6.854     -0.036     0.5821      4.865     35.731  25.480779     0.7728      7.346   107.7567 1.2763e-01     7.9680      6.723      9.751    10.6551 0.0000e+00
      6.850     -0.077     0.5768      4.681     35.430  25.273889     0.7753      7.347   108.7003 1.3231e-01     7.8952      6.722      9.751    10.6437 0.0000e+00
      6.830     -0.114     0.5751      4.511     35.237  25.145432     0.7885      7.347   109.7770 1.4414e-01     7.7925      6.704      9.724    10.6411 0.0000e+00
      6.789     -0.136     0.5626      4.363     35.121  25.069163     0.7917      7.345   110.8800 1.5149e-01     7.7176      6.665      9.667    10.6440 0.0000e+00
      6.730     -0.140     0.5412      4.279     35.086  25.049329     0.7807      7.343   111.8843 1.6115e-01     7.7416      6.603      9.578    10.6513 0.0000e+00
      6.668     -0.126     0.5189      4.304     35.058  25.032465     0.7968      7.343   112.7996 1.7380e-01     7.7748      6.529      9.470    10.6649 0.0000e+00
      6.627     -0.098     0.5012      4.445     34.999  24.992102     0.8358      7.343   113.6011 1.7599e-01     7.6743      6.486      9.406    10.6786 0.0000e+00
      6.617     -0.060     0.4818      4.668     34.926  24.941814     0.8455      7.343   114.4337 1.7465e-01     7.5516      6.486      9.405    10.6884 0.0000e+00
      6.623     -0.023     0.4704      4.929     34.909  24.931788     0.8395      7.343   115.2951 1.7895e-01     7.4862      6.496      9.421    10.6953 0.0000e+00
      6.632      0.005     0.4730      5.201     34.998  24.997705     0.8458      7.344   116.0143 1.7644e-01     7.4983      6.503      9.432    10.6997 0.0000e+00
      6.639      0.017     0.4902      5.467     35.148  25.104635     0.8551      7.346   116.6770 1.6498e-01     7.5953      6.512      9.444    10.7026 0.0000e+00
      6.645      0.014     0.5174      5.734     35.213  25.146569     0.8521      7.346   117.4568 1.6212e-01     7.6350      6.517      9.453    10.7034 0.0000e+00
      6.650      0.001     0.5465      5.985     35.100  25.060793     0.8422      7.348   118.3023 1.6457e-01     7.5677      6.522      9.459    10.7062 0.0000e+00
      6.652     -0.020     0.5781      6.190     34.865  24.891948     0.8447      7.350   119.1563 1.5909e-01     7.5337      6.525      9.464    10.7130 0.0000e+00
      6.648     -0.051     0.6062      6.340     34.668  24.753943     0.8401      7.351   120.1241 1.5949e-01     7.5652      6.522      9.460    10.7130 0.0000e+00
      6.638     -0.090     0.6370      6.411     34.619  24.723955     0.8113      7.352   121.1424 1.7024e-01     7.5731      6.514      9.447    10.7030 0.0000e+00
      6.616     -0.127     0.6668      6.392     34.606  24.719633     0.7802      7.353   122.1759 1.7558e-01     7.5616      6.495      9.419    10.6949 0.0000e+00
      6.575     -0.150     0.6894      6.345     34.575  24.701688     0.7634      7.350   123.1564 1.8771e-01     7.5625      6.456      9.363    10.6933 0.0000e+00
      6.515     -0.153     0.7067      6.332     34.564  24.697233     0.7825      7.346   123.9624 2.2248e-01     7.5150      6.394      9.274    10.6977 0.0000e+00
      6.447     -0.137     0.7163      6.344     34.518  24.665774     0.8200      7.344   124.7809 2.4995e-01     7.3630      6.315      9.158    10.7062 0.0000e+00
      6.400     -0.105     0.7110      6.379     34.479  24.638411     0.8338      7.343   125.5674 2.4609e-01     7.2271      6.260      9.079    10.7135 0.0000e+00
      6.387     -0.061     0.7010      6.449     34.542  24.683470     0.8417      7.343   126.1579 2.4019e-01     7.2045      6.258      9.075    10.7195 0.0000e+00
      6.393     -0.017     0.7027      6.547     34.482  24.639829     0.8983      7.343   126.7588 2.4244e-01     7.1924      6.269      9.092    10.7246 0.0000e+00
      6.404      0.015     0.7029      6.679     34.185  24.427826     0.9939      7.343   127.4985 2.3744e-01     7.1492      6.278      9.104    10.7265 0.0000e+00
      6.420      0.029     0.7060      6.819     33.880  24.212896     1.0322      7.344   128.1322 2.3137e-01     7.0922      6.296      9.131    10.7257 0.0000e+00
      6.436      0.029     0.7154      6.944     33.674  24.070441     1.0113      7.345   128.5695 2.2835e-01     7.0152      6.315      9.159    10.7271 0.0000e+00
      6.444      0.023     0.7242      7.074     33.709  24.100556     0.9831      7.346   129.0864 2.3146e-01     7.0727      6.323      9.171    10.7254 0.0000e+00
      6.442      0.017     0.7412      7.239     33.841  24.196534     0.9492      7.348   129.7362 2.2610e-01     7.2407      6.319      9.164    10.7234 0.0000e+00
      6.438      0.007     0.7577      7.472     33.785  24.152850     0.9179      7.348   130.4032 2.1253e-01     7.2694      6.310      9.153    10.7297 0.0000e+00
      6.439     -0.009     0.7699      7.806     33.776  24.143109     0.8955      7.349   131.1286 2.1626e-01     7.2497      6.312      9.155    10.7375 0.0000e+00
      6.445     -0.036     0.7831      8.220     33.951  24.268998     0.8862      7.351   131.7951 2.2651e-01     7.3092      6.322      9.169    10.7477 0.0000e+00
      6.448     -0.075     0.8008      8.660     34.051  24.343236     0.8805      7.352   132.3534 2.3376e-01     7.3748      6.328      9.178    10.7519 0.0000e+00
      6.437     -0.115     0.8238      9.075     33.958  24.279737     0.8605      7.352   133.1471 2.4550e-01     7.3597      6.321      9.168    10.7423 0.0000e+00
      6.401     -0.146     0.8627      9.430     33.750  24.135400     0.8360      7.349   134.1649 2.7019e-01     7.2632      6.291      9.123    10.7339 0.0000e+00
      6.335     -0.159     0.9113      9.714     33.542  23.993211     0.8344      7.345   134.9366 3.1091e-01     7.2331      6.219      9.020    10.7378 0.0000e+00
      6.256     -0.154     0.9609      9.876     33.391  23.892261     0.8487      7.344   135.5084 3.4045e-01     7.2341      6.122      8.881    10.7438 0.0000e+00
      6.201     -0.132     1.0100      9.876     33.257  23.802641     0.8595      7.344   136.1742 3.4162e-01     7.1735      6.063      8.794    10.7466 0.0000e+00
      6.184     -0.096     1.0472      9.760     33.152  23.734013     0.8562      7.344   136.8780 3.3520e-01     7.1148      6.060      8.789    10.7520 0.0000e+00
      6.186     -0.056     1.0821      9.652     33.094  23.696633     0.8418      7.345   137.5651 3.3992e-01     7.0709      6.069      8.803    10.7618 0.0000e+00
      6.187     -0.022     1.1017      9.647     33.051  23.667754     0.8691      7.346   138.1154 3.4480e-01     7.0872      6.068      8.801    10.7740 0.0000e+00
      6.184     -0.005     1.1001      9.777     33.010  23.638500     0.9371      7.347   138.6274 3.4194e-01     7.1410      6.065      8.796    10.7839 0.0000e+00
      6.183     -0.001     1.0808     10.062     32.951  23.596580     0.9642      7.347   139.1947 3.4506e-01     7.1069      6.063      8.793    10.7936 0.0000e+00
      6.183     -0.003     1.0636     10.460     32.872  23.541381     0.9467      7.347   139.7267 3.5242e-01     7.0500      6.062      8.794    10.8005 0.0000e+00
      6.184     -0.007     1.0650     10.927     32.781  23.478399     0.9093      7.347   140.4130 3.4970e-01     7.0684      6.064      8.796    10.8027 0.0000e+00
      6.184     -0.013     1.0749     11.419     32.676  23.405790     0.8619      7.349   141.1253 3.4103e-01     7.1238      6.066      8.797    10.8033 0.0000e+00
      6.183     -0.023     1.1112     11.846     32.610  23.361019     0.8556      7.351   141.7145 3.4264e-01     7.1388      6.065      8.797    10.8021 0.0000e+00
      6.177     -0.041     1.1558     12.176     32.634  23.380976     0.8670      7.353   142.4605 3.5854e-01     7.0791      6.060      8.790    10.8041 0.0000e+00
      6.167     -0.066     1.2080     12.454     32.737  23.456852     0.8583      7.354   143.4342 3.7534e-01     7.0509      6.049      8.775    10.8080 0.0000e+00
      6.151     -0.091     1.2680     12.710     32.821  23.517480     0.8579      7.356   144.4536 3.7778e-01     7.1058      6.035      8.753    10.8107 0.0000e+00
      6.126     -0.108     1.3165     12.945     32.769  23.479898     0.8544      7.356   145.4080 3.8293e-01     7.1277      6.014      8.721    10.8159 0.0000e+00
      6.088     -0.113     1.3501     13.205     32.632  23.382927     0.8408      7.356   146.3697 4.1046e-01     7.0767      5.976      8.667    10.8212 0.0000e+00
      6.039     -0.104     1.3782     13.480     32.507  23.296202     0.8437      7.355   147.3049 4.3474e-01     7.0366      5.919      8.586    10.8247 0.0000e+00
      5.998     -0.085     1.4099     13.699     32.358  23.192274     0.8808      7.354   148.1121 4.4602e-01     6.9498      5.870      8.515    10.8256 0.0000e+00
      5.982     -0.057     1.4311     13.837     32.017  22.950699     0.9398      7.354   148.9880 4.5985e-01     6.7785      5.859      8.497    10.8225 0.0000e+00
      5.984     -0.025     1.4602     13.937     31.507  22.594739     0.9651      7.356   149.9793 4.6650e-01     6.6393      5.870      8.513    10.8245 0.0000e+00
      5.990      0.004     1.4955     14.064     31.172  22.376001     0.9541      7.357   150.8922 4.5425e-01     6.5644      5.875      8.521    10.8309 0.0000e+00
      5.996      0.022     1.5198     14.261     31.078  22.335107     0.9811      7.357   151.6802 4.3265e-01     6.4884      5.879      8.526    10.8336 0.0000e+00
      6.005      0.025     1.5335     14.596     31.078  22.353963     1.0511      7.357   152.4513 4.1154e-01     6.3345      5.889      8.541    10.8354 0.0000e+00
      6.015      0.013     1.5406     15.281     31.238  22.477195     1.0925      7.359   153.4180 4.0284e-01     6.2071      5.900      8.556    10.8468 0.0000e+00
      6.025     -0.010     1.5519     16.512     31.526  22.683725     1.0909      7.363   154.5931 4.1339e-01     6.1433      5.909      8.570    10.8857 0.0000e+00
      6.030     -0.042     1.5715     18.242     31.819  22.885390     1.0823      7.365   155.7322 4.2375e-01     6.0410      5.917      8.582    10.9371 0.0000e+00
