Data/DataNotYetUploadedToEDI/Raw_CTD/RawDownloads/042924_fcr50_S7809005.cnv
* Sea-Bird SBE19plus  Data File:
* FileName = C:\R\Reservoirs\Data\DataNotYetUploadedToEDI\Raw_CTD\RawDownloads\041524_bvr50_S7809_0005.hex
* Software version 2.8.0.119
* Temperature SN = 7809
* Conductivity SN = 7809
* System UpLoad Time = May 16 2024 15:24:40
* <ApplicationData>
* <Seaterm232>
# nquan = 15
# nvalues = 2629                        
# units = specified
# name 0 = depFM: Depth [fresh water, m]
# name 1 = dz/dtM: Descent Rate [m/s]
# name 2 = sbeox0Mg/L: Oxygen, SBE 43 [mg/l]
# name 3 = sbeox0PS: Oxygen, SBE 43 [% saturation]
# name 4 = specc: Specific Conductance [uS/cm]
# name 5 = c0uS/cm: Conductivity [uS/cm]
# name 6 = flECO-AFL: Fluorescence, WET Labs ECO-AFL/FL [mg/m^3]
# name 7 = ph: pH
# name 8 = orp: Oxidation Reduction Potential [mV]
# name 9 = par/sat/log: PAR/Logarithmic, Satlantic
# name 10 = turbWETntu0: Turbidity, WET Labs ECO [NTU]
# name 11 = prdM: Pressure, Strain Gauge [db]
# name 12 = prdE: Pressure, Strain Gauge [psi]
# name 13 = tv290C: Temperature [ITS-90, deg C]
# name 14 = flag:  0.000e+00
# span 0 =     -0.637,      9.598       
# span 1 =     -0.655,      0.287       
# span 2 =     1.5204,    11.5838       
# span 3 =     16.215,    111.447       
# span 4 =      0.594,    129.311       
# span 5 =   0.622795,  91.294960       
# span 6 =    -0.7002,   227.3988       
# span 7 =      6.169,      7.800       
# span 8 = -1240.7455,   408.3705       
# span 9 = 1.2354e-01, 2.4260e+03       
# span 10 =    -9.2355,   133.6104      
# span 11 =     -0.625,      9.414      
# span 12 =     -0.906,     13.654      
# span 13 =    10.2243,    27.3989      
# span 14 = 0.0000e+00, 0.0000e+00      
# interval = seconds: 0.25
# start_time = Apr 29 2024 12:26:25 [Instrument's time stamp, header]
# bad_flag = -9.990e-29
*END*
[from data line 1639]
      5.648      0.010     7.9321     70.835     40.036  28.298940     3.9539      7.516   329.4376 8.1694e+00     7.2668      5.539      8.033    10.3480 0.0000e+00
      5.651      0.011     7.9372     70.821     40.042  28.298845     3.9537      7.516   330.2821 8.1044e+00     7.2965      5.541      8.035    10.3449 0.0000e+00
      5.656      0.011     7.9359     70.800     40.028  28.287314     3.9366      7.515   330.6880 8.0385e+00     7.3192      5.548      8.047    10.3442 0.0000e+00
      5.660      0.010     7.9311     70.800     40.024  28.286379     3.8888      7.514   330.6454 8.0277e+00     7.2676      5.553      8.054    10.3434 0.0000e+00
      5.661      0.009     7.9311     70.830     40.021  28.287531     3.8500      7.514   330.2825 8.0181e+00     7.2532      5.552      8.052    10.3408 0.0000e+00
      5.662      0.007     7.9318     70.863     40.036  28.301247     3.8334      7.514   330.0862 7.9894e+00     7.3166      5.553      8.053    10.3333 0.0000e+00
      5.664      0.005     7.9283     70.878     40.070  28.325370     3.7968      7.514   330.1643 7.9810e+00     7.3506      5.555      8.056    10.3293 0.0000e+00
      5.665      0.003     7.9267     70.878     40.071  28.325484     3.7324      7.513   330.4527 7.9715e+00     7.3232      5.556      8.058    10.3334 0.0000e+00
      5.666      0.003     7.9313     70.879     40.035  28.302627     3.6864      7.513   330.9063 7.9326e+00     7.2584      5.557      8.059    10.3391 0.0000e+00
      5.666      0.003     7.9341     70.876     40.026  28.302731     3.6744      7.512   331.2604 7.9031e+00     7.2500      5.558      8.061    10.3440 0.0000e+00
      5.666      0.002     7.9367     70.848     40.053  28.326750     3.7449      7.511   331.5505 7.9045e+00     7.3580      5.557      8.060    10.3428 0.0000e+00
      5.667      0.002     7.9358     70.805     40.068  28.339321     3.8810      7.510   331.7478 7.8994e+00     7.4716      5.558      8.060    10.3384 0.0000e+00
      5.668      0.003     7.9354     70.771     40.049  28.327873     3.9460      7.510   331.1498 7.8760e+00     7.4952      5.559      8.062    10.3437 0.0000e+00
      5.669      0.006     7.9349     70.762     40.034  28.315196     3.9495      7.510   330.1708 7.8659e+00     7.4736      5.559      8.063    10.3545 0.0000e+00
      5.670      0.009     7.9292     70.749     40.046  28.312892     3.9569      7.510   330.1493 7.8700e+00     7.4146      5.560      8.063    10.3600 0.0000e+00
      5.671      0.012     7.9241     70.729     40.051  28.300000     3.9688      7.510   330.7178 7.8568e+00     7.3294      5.561      8.065    10.3612 0.0000e+00
      5.675      0.014     7.9173     70.724     40.048  28.286163     3.9669      7.510   331.3668 7.8103e+00     7.2631      5.563      8.069    10.3647 0.0000e+00
      5.680      0.015     7.9187     70.717     40.031  28.272429     3.9513      7.509   332.0586 7.7435e+00     7.2274      5.570      8.079    10.3669 0.0000e+00
      5.686      0.015     7.9207     70.717     40.008  28.260801     3.9550      7.508   332.2852 7.6921e+00     7.2739      5.578      8.090    10.3518 0.0000e+00
      5.690      0.015     7.9199     70.737     40.018  28.272427     3.9453      7.508   331.3545 7.6706e+00     7.3466      5.581      8.094    10.3249 0.0000e+00
      5.692      0.016     7.9264     70.747     40.036  28.286151     3.8916      7.508   329.8399 7.6541e+00     7.3555      5.582      8.096    10.3058 0.0000e+00
      5.694      0.017     7.9239     70.730     40.058  28.299886     3.8470      7.508   329.5439 7.6359e+00     7.3132      5.584      8.100    10.3078 0.0000e+00
      5.697      0.017     7.9204     70.694     40.077  28.311636     3.8314      7.508   330.4437 7.5942e+00     7.2448      5.586      8.102    10.3181 0.0000e+00
      5.703      0.017     7.9245     70.662     40.058  28.301361     3.8356      7.507   331.4266 7.4888e+00     7.2464      5.591      8.110    10.3226 0.0000e+00
      5.713      0.017     7.9254     70.652     40.056  28.302506     3.8482      7.506   331.7915 7.3938e+00     7.3325      5.604      8.128    10.3244 0.0000e+00
      5.718      0.016     7.9242     70.670     40.095  28.325486     3.8503      7.506   330.8120 7.3924e+00     7.3631      5.610      8.137    10.3206 0.0000e+00
      5.719      0.014     7.9195     70.694     40.110  28.325487     3.8443      7.506   329.4775 7.4077e+00     7.3089      5.608      8.134    10.3166 0.0000e+00
      5.721      0.014     7.9144     70.704     40.092  28.302509     3.8591      7.505   329.5097 7.3667e+00     7.2582      5.610      8.137    10.3224 0.0000e+00
      5.724      0.015     7.9110     70.703     40.101  28.301366     3.9116      7.505   329.9970 7.3233e+00     7.2621      5.614      8.142    10.3298 0.0000e+00
      5.726      0.017     7.9158     70.699     40.122  28.311661     3.9558      7.505   330.1207 7.2934e+00     7.2877      5.614      8.143    10.3236 0.0000e+00
      5.730      0.021     7.9228     70.706     40.109  28.300118     3.9610      7.505   330.4884 7.2104e+00     7.2945      5.617      8.147    10.3069 0.0000e+00
      5.738      0.024     7.9256     70.700     40.094  28.288662     3.9412      7.504   331.0015 7.0869e+00     7.3788      5.626      8.160    10.2926 0.0000e+00
      5.747      0.028     7.9277     70.672     40.111  28.299995     3.9156      7.503   330.6458 7.0056e+00     7.5210      5.637      8.176    10.2840 0.0000e+00
      5.753      0.032     7.9260     70.650     40.126  28.310290     3.9099      7.503   329.5432 6.9585e+00     7.5788      5.643      8.184    10.2784 0.0000e+00
      5.759      0.035     7.9295     70.625     40.094  28.286281     3.9224      7.503   329.1994 6.8640e+00     7.6005      5.645      8.188    10.2753 0.0000e+00
      5.768      0.035     7.9302     70.579     40.064  28.263414     3.9160      7.503   329.5006 6.7195e+00     7.6130      5.655      8.202    10.2748 0.0000e+00
      5.781      0.034     7.9236     70.521     40.100  28.287527     3.9081      7.503   329.8291 6.5961e+00     7.5928      5.670      8.224    10.2749 0.0000e+00
      5.792      0.031     7.9229     70.457     40.153  28.324107     3.9356      7.502   330.2466 6.5118e+00     7.5945      5.681      8.240    10.2738 0.0000e+00
      5.800      0.028     7.9218     70.418     40.156  28.325138     3.9652      7.500   330.3321 6.4504e+00     7.5998      5.689      8.251    10.2720 0.0000e+00
      5.805      0.025     7.9153     70.419     40.120  28.299984     3.9746      7.500   330.0033 6.4113e+00     7.5890      5.694      8.259    10.2704 0.0000e+00
      5.808      0.022     7.9101     70.422     40.082  28.273689     3.9570      7.500   329.7978 6.3828e+00     7.5661      5.696      8.261    10.2688 0.0000e+00
      5.812      0.020     7.9015     70.438     40.063  28.260910     3.9195      7.499   329.8269 6.3476e+00     7.5274      5.699      8.265    10.2675 0.0000e+00
      5.818      0.018     7.8949     70.482     40.078  28.272338     3.9032      7.499   329.9254 6.2749e+00     7.5652      5.704      8.274    10.2667 0.0000e+00
      5.826      0.016     7.8998     70.499     40.095  28.285012     3.9015      7.499   330.0414 6.1866e+00     7.6128      5.714      8.287    10.2662 0.0000e+00
      5.831      0.014     7.8984     70.499     40.097  28.287299     3.9070      7.499   330.1115 6.1508e+00     7.4884      5.720      8.296    10.2672 0.0000e+00
      5.832      0.011     7.8970     70.535     40.114  28.299984     3.9288      7.498   330.2570 6.1455e+00     7.2911      5.719      8.295    10.2683 0.0000e+00
      5.833      0.009     7.9078     70.572     40.129  28.311535     3.9484      7.498   330.5954 6.1370e+00     7.2428      5.721      8.296    10.2687 0.0000e+00
      5.835      0.008     7.9079     70.579     40.110  28.300098     3.9611      7.497   330.9337 6.1420e+00     7.3148      5.723      8.300    10.2698 0.0000e+00
      5.835      0.009     7.9030     70.601     40.090  28.288557     3.9576      7.496   330.9922 6.1432e+00     7.3410      5.722      8.300    10.2710 0.0000e+00
      5.837      0.010     7.9103     70.630     40.102  28.298860     3.9397      7.495   330.7867 6.1216e+00     7.2860      5.723      8.301    10.2717 0.0000e+00
      5.840      0.012     7.9176     70.635     40.100  28.297811     3.9358      7.495   330.6853 6.0977e+00     7.2310      5.727      8.306    10.2728 0.0000e+00
      5.845      0.013     7.9124     70.624     40.070  28.275881     3.9524      7.494   330.8844 6.0773e+00     7.2563      5.731      8.313    10.2742 0.0000e+00
      5.850      0.014     7.9159     70.595     40.086  28.287412     3.9824      7.493   331.2155 6.0497e+00     7.3184      5.737      8.321    10.2790 0.0000e+00
      5.853      0.015     7.9210     70.552     40.117  28.310382     4.0068      7.493   331.5060 6.0261e+00     7.3335      5.741      8.326    10.2836 0.0000e+00
      5.855      0.015     7.9193     70.489     40.101  28.299889     4.0060      7.493   331.7295 6.0038e+00     7.3019      5.742      8.328    10.2812 0.0000e+00
      5.858      0.016     7.9203     70.424     40.083  28.287403     4.0059      7.493   331.8515 5.9752e+00     7.3124      5.744      8.332    10.2794 0.0000e+00
      5.863      0.019     7.9151     70.408     40.084  28.286278     4.0140      7.491   331.8627 5.9464e+00     7.3576      5.750      8.339    10.2811 0.0000e+00
      5.868      0.022     7.9114     70.448     40.088  28.286279     4.0214      7.491   331.8653 5.9083e+00     7.3696      5.754      8.346    10.2825 0.0000e+00
      5.874      0.024     7.9038     70.513     40.095  28.287414     4.0447      7.492   331.7106 5.8497e+00     7.3892      5.759      8.353    10.2848 0.0000e+00
      5.882      0.026     7.8927     70.571     40.115  28.299993     4.0632      7.491   331.6275 5.7907e+00     7.4249      5.768      8.366    10.2847 0.0000e+00
      5.890      0.027     7.8914     70.611     40.130  28.311517     4.0701      7.491   332.1515 5.7494e+00     7.4934      5.778      8.379    10.2816 0.0000e+00
      5.896      0.026     7.8989     70.662     40.113  28.299890     4.0617      7.491   332.7969 5.6926e+00     7.5348      5.782      8.385    10.2774 0.0000e+00
      5.903      0.024     7.9077     70.732     40.094  28.286269     4.0278      7.491   332.9784 5.6287e+00     7.4804      5.787      8.393    10.2725 0.0000e+00
      5.911      0.021     7.9162     70.767     40.077  28.273688     4.0100      7.491   332.8838 5.5947e+00     7.4855      5.798      8.409    10.2704 0.0000e+00
      5.917      0.017     7.9181     70.765     40.078  28.274632     4.0120      7.490   332.4265 5.5893e+00     7.5281      5.805      8.418    10.2725 0.0000e+00
      5.919      0.015     7.9218     70.770     40.110  28.297678     4.0025      7.490   331.8370 5.5917e+00     7.5169      5.803      8.417    10.2743 0.0000e+00
      5.921      0.015     7.9350     70.790     40.110  28.298621     3.9780      7.489   331.8656 5.5734e+00     7.5207      5.805      8.420    10.2725 0.0000e+00
      5.924      0.015     7.9387     70.820     40.089  28.286041     3.9580      7.488   332.1705 5.5496e+00     7.4717      5.810      8.426    10.2712 0.0000e+00
      5.926      0.016     7.9344     70.842     40.064  28.272430     3.9600      7.488   332.3400 5.5184e+00     7.4368      5.811      8.428    10.2725 0.0000e+00
      5.931      0.018     7.9363     70.854     40.042  28.260907     4.0105      7.488   332.7098 5.4551e+00     7.5083      5.814      8.433    10.2735 0.0000e+00
      5.938      0.018     7.9376     70.874     40.055  28.273574     4.0860      7.488   333.1151 5.3915e+00     7.5513      5.823      8.446    10.2736 0.0000e+00
      5.944      0.018     7.9422     70.887     40.086  28.298735     4.1153      7.487   332.4219 5.3568e+00     7.5126      5.831      8.458    10.2749 0.0000e+00
      5.949      0.019     7.9444     70.876     40.101  28.311410     4.1149      7.485   331.1253 5.3282e+00     7.4499      5.834      8.461    10.2809 0.0000e+00
      5.952      0.021     7.9415     70.841     40.086  28.299982     4.1150      7.485   330.9462 5.2881e+00     7.4759      5.836      8.465    10.2868 0.0000e+00
      5.955      0.021     7.9455     70.796     40.075  28.287412     4.1077      7.485   331.3742 5.2501e+00     7.5881      5.840      8.471    10.2909 0.0000e+00
      5.960      0.021     7.9462     70.759     40.082  28.286280     4.0933      7.485   331.9983 5.2030e+00     7.6115      5.845      8.476    10.2954 0.0000e+00
      5.968      0.022     7.9447     70.709     40.088  28.286280     4.0747      7.484   332.8135 5.1332e+00     7.5539      5.852      8.487    10.2990 0.0000e+00
      5.976      0.025     7.9403     70.642     40.093  28.287415     4.0659      7.484   332.1112 5.0728e+00     7.5403      5.862      8.501    10.2995 0.0000e+00
      5.981      0.029     7.9346     70.597     40.113  28.300004     4.0615      7.483   330.3039 5.0310e+00     7.5839      5.866      8.508    10.2919 0.0000e+00
      5.986      0.033     7.9344     70.568     40.130  28.311641     4.0461      7.483   329.8039 4.9795e+00     7.6371      5.869      8.513    10.2818 0.0000e+00
      5.994      0.035     7.9308     70.540     40.116  28.301253     4.0302      7.483   330.2815 4.8859e+00     7.6025      5.876      8.523    10.2768 0.0000e+00
      6.005      0.037     7.9195     70.532     40.116  28.301253     4.0187      7.483   331.0023 4.7611e+00     7.5070      5.888      8.539    10.2739 0.0000e+00
      6.018      0.037     7.9165     70.551     40.130  28.311641     4.0155      7.482   332.0658 4.6539e+00     7.4387      5.901      8.559    10.2726 0.0000e+00
      6.029      0.036     7.9144     70.596     40.113  28.300004     4.0246      7.481   332.6448 4.5829e+00     7.3575      5.914      8.578    10.2735 0.0000e+00
      6.039      0.031     7.9092     70.656     40.093  28.287414     4.0284      7.482   331.9797 4.5352e+00     7.3115      5.923      8.591    10.2728 0.0000e+00
      6.045      0.025     7.9092     70.722     40.089  28.286270     4.0203      7.482   330.6492 4.4861e+00     7.3259      5.928      8.598    10.2712 0.0000e+00
      6.050      0.019     7.9109     70.779     40.087  28.286166     4.0105      7.481   330.1522 4.4445e+00     7.3959      5.934      8.607    10.2719 0.0000e+00
      6.054      0.014     7.9164     70.814     40.083  28.286166     4.0091      7.479   330.7024 4.4311e+00     7.5422      5.938      8.612    10.2731 0.0000e+00
      6.055      0.011     7.9232     70.825     40.078  28.286270     4.0202      7.479   331.5371 4.4282e+00     7.5923      5.938      8.613    10.2740 0.0000e+00
      6.056      0.009     7.9306     70.810     40.073  28.287422     4.0274      7.479   332.0705 4.4133e+00     7.5237      5.939      8.614    10.2766 0.0000e+00
      6.059      0.009     7.9375     70.779     40.084  28.300107     3.9879      7.479   331.9040 4.3973e+00     7.4299      5.942      8.618    10.2783 0.0000e+00
      6.061      0.010     7.9410     70.757     40.099  28.312783     3.9184      7.478   331.4161 4.3889e+00     7.3458      5.944      8.621    10.2804 0.0000e+00
      6.064      0.011     7.9408     70.740     40.100  28.313842     3.8943      7.478   331.3337 4.3782e+00     7.3607      5.947      8.625    10.2864 0.0000e+00
      6.067      0.012     7.9386     70.717     40.100  28.312897     3.9126      7.478   331.5097 4.3612e+00     7.3717      5.949      8.628    10.2929 0.0000e+00
      6.070      0.012     7.9315     70.710     40.085  28.301366     3.9562      7.477   331.7375 4.3319e+00     7.3413      5.951      8.633    10.2989 0.0000e+00
