Data/DataNotYetUploadedToEDI/Raw_CTD/RawDownloads/050123_fcr50_S8188003.cnv
* Sea-Bird SBE19plus  Data File:
* FileName = C:\R\Reservoirs\Data\DataNotYetUploadedToEDI\Raw_CTD\RawDownloads\042423_bvr50_S8188_0003.hex
* Software version 2.8.0.119
* Temperature SN = 8188
* Conductivity SN = 8188
* System UpLoad Time = May 11 2023 10:38:40
* <ApplicationData>
* <Seaterm232>
# nquan = 16
# nvalues = 1551                        
# units = specified
# name 0 = depFM: Depth [fresh water, m]
# name 1 = dz/dtM: Descent Rate [m/s]
# name 2 = sbeox0Mg/L: Oxygen, SBE 43 [mg/l]
# name 3 = sbeox0PS: Oxygen, SBE 43 [% saturation]
# name 4 = specc: Specific Conductance [uS/cm]
# name 5 = c0uS/cm: Conductivity [uS/cm]
# name 6 = wetCDOM: Fluorescence, WET Labs CDOM [mg/m^3]
# name 7 = flECO-AFL: Fluorescence, WET Labs ECO-AFL/FL [mg/m^3]
# name 8 = flECO-AFL1: Fluorescence, WET Labs ECO-AFL/FL, 2 [mg/m^3]
# name 9 = flECO-AFL2: Fluorescence, WET Labs ECO-AFL/FL, 3 [mg/m^3]
# name 10 = par/sat/log: PAR/Logarithmic, Satlantic
# name 11 = turbWETntu0: Turbidity, WET Labs ECO [NTU]
# name 12 = prdM: Pressure, Strain Gauge [db]
# name 13 = prdE: Pressure, Strain Gauge [psi]
# name 14 = tv290C: Temperature [ITS-90, deg C]
# name 15 = flag:  0.000e+00
# span 0 =     -0.839,      9.326       
# span 1 =     -0.130,      0.119       
# span 2 =    -2.3776,    16.6192       
# span 3 =    -20.666,    144.585       
# span 4 =      0.403,    154.169       
# span 5 =   0.286428, 105.409076       
# span 6 =    -4.5000,    60.9300       
# span 7 =    -0.1422,    12.4732       
# span 8 =    -2.1300,     0.8946       
# span 9 =    -2.0304,     2.4534       
# span 10 = 1.1597e-01, 2.2815e+02      
# span 11 =    -0.4685,    63.9958      
# span 12 =     -0.823,      9.145      
# span 13 =     -1.194,     13.264      
# span 14 =     9.1839,    15.2210      
# span 15 = 0.0000e+00, 0.0000e+00      
# interval = seconds: 0.25
# start_time = May 01 2023 12:37:03 [Instrument's time stamp, header]
# bad_flag = -9.990e-29
*END*
[from data line 272]
      1.002      0.056     9.6754     95.447     36.226  28.888210     4.7700    10.6383     0.0852     1.3113 2.7309e+01     5.1829      0.982      1.425    14.9201 0.0000e+00
      1.015      0.056     9.6725     95.287     36.222  28.877220     4.7700    10.6536     0.0852     1.3113 2.6803e+01     5.1077      0.996      1.444    14.9077 0.0000e+00
      1.029      0.057     9.6683     95.091     36.221  28.869551     4.7700    10.6192     0.0852     1.3113 2.6681e+01     5.0626      1.009      1.464    14.8940 0.0000e+00
      1.043      0.058     9.6613     94.859     36.213  28.855236     4.7700    10.6421     0.0852     1.3113 2.6687e+01     5.1528      1.023      1.484    14.8804 0.0000e+00
      1.058      0.061     9.6511     94.599     36.193  28.830460     4.7700    10.9053     0.0852     1.1421 2.6006e+01     5.0776      1.037      1.505    14.8684 0.0000e+00
      1.074      0.063     9.6370     94.334     36.167  28.800493     4.7700    10.8901     0.0852     1.1421 2.5216e+01     5.1979      1.053      1.527    14.8582 0.0000e+00
      1.091      0.065     9.6192     94.087     36.142  28.771203     4.7700    10.9053     0.0852     1.1421 2.4449e+01     5.1077      1.069      1.551    14.8486 0.0000e+00
      1.108      0.068     9.5979     93.884     36.128  28.750619     4.7700    10.8977     0.0852     1.1421 2.3966e+01     5.0326      1.086      1.576    14.8378 0.0000e+00
      1.126      0.069     9.5743     93.751     36.131  28.743150     4.7700    12.4732     0.1278     1.1844 2.3676e+01     5.5135      1.104      1.601    14.8255 0.0000e+00
      1.144      0.070     9.5501     93.708     36.138  28.738885     4.7700    12.4465     0.1278     1.1844 2.2684e+01     5.6037      1.121      1.626    14.8125 0.0000e+00
      1.162      0.070     9.5278     93.757     36.137  28.728766     4.7700    12.4541     0.1278     1.1844 2.2210e+01     5.5286      1.139      1.652    14.7993 0.0000e+00
      1.180      0.070     9.5101     93.883     36.135  28.718014     4.7700    12.4732     0.1278     1.1844 2.1847e+01     5.5286      1.157      1.678    14.7859 0.0000e+00
      1.198      0.070     9.4994     94.052     36.139  28.711682     4.9500    11.9964     0.1278     1.0152 2.1517e+01     6.0997      1.174      1.703    14.7725 0.0000e+00
      1.215      0.070     9.4977     94.218     36.142  28.704120     4.9500    11.9887     0.1278     1.0152 2.1146e+01     6.0847      1.192      1.728    14.7594 0.0000e+00
      1.233      0.070     9.5054     94.340     36.145  28.697271     4.9500    12.0002     0.1278     1.0152 2.0638e+01     6.0997      1.209      1.754    14.7465 0.0000e+00
      1.251      0.069     9.5208     94.384     36.152  28.693269     4.9500    11.9811     0.1278     1.0152 1.9967e+01     6.0696      1.227      1.779    14.7334 0.0000e+00
      1.269      0.069     9.5407     94.326     36.156  28.687087     4.9500    11.2944     0.1278     1.0152 1.9593e+01     6.2049      1.244      1.805    14.7201 0.0000e+00
      1.287      0.068     9.5604     94.164     36.155  28.677075     5.1300    11.3135     0.1278     1.1421 1.9093e+01     6.3101      1.262      1.830    14.7066 0.0000e+00
      1.304      0.066     9.5755     93.913     36.146  28.660563     5.1300    11.3059     0.1278     1.1421 1.8589e+01     6.2350      1.279      1.855    14.6934 0.0000e+00
      1.321      0.064     9.5826     93.601     36.128  28.637108     5.1300    11.3173     0.1278     1.1421 1.8182e+01     6.3402      1.295      1.879    14.6806 0.0000e+00
      1.337      0.063     9.5793     93.258     36.103  28.608373     5.1300    10.4628     0.1278     1.1421 1.7943e+01     6.1298      1.311      1.902    14.6681 0.0000e+00
      1.353      0.061     9.5655     92.911     36.076  28.578576     5.2200    10.4514     0.1704     1.0152 1.7691e+01     5.9344      1.326      1.924    14.6553 0.0000e+00
      1.368      0.059     9.5427     92.580     36.051  28.551649     5.2200    10.4628     0.1704     1.0152 1.7348e+01     6.0245      1.341      1.946    14.6423 0.0000e+00
      1.383      0.057     9.5136     92.281     36.030  28.528331     5.2200    10.4666     0.1704     1.0152 1.6785e+01     6.1748      1.356      1.967    14.6294 0.0000e+00
      1.397      0.056     9.4813     92.026     36.011  28.506364     5.2200    11.5462     0.1704     1.0152 1.6650e+01     5.7540      1.370      1.987    14.6169 0.0000e+00
      1.411      0.056     9.4485     91.818     35.994  28.483848     5.3100    11.5310     0.1278     1.0998 1.6520e+01     5.7540      1.384      2.007    14.6054 0.0000e+00
      1.425      0.055     9.4169     91.648     35.984  28.462700     5.3100    11.5386     0.1278     1.0998 1.6303e+01     5.7991      1.397      2.027    14.5952 0.0000e+00
      1.438      0.055     9.3883     91.504     35.977  28.441239     5.3100    11.5386     0.1278     1.0998 1.6204e+01     5.8592      1.411      2.046    14.5862 0.0000e+00
      1.452      0.055     9.3644     91.372     35.966  28.417700     5.3100    11.0617     0.1278     1.0998 1.5918e+01     5.5887      1.424      2.066    14.5764 0.0000e+00
      1.467      0.055     9.3458     91.239     35.958  28.397686     5.3100    11.0656     0.1278     1.0998 1.5211e+01     5.4985      1.438      2.086    14.5633 0.0000e+00
      1.481      0.055     9.3322     91.093     35.955  28.383778     5.2200    11.0694     0.1278     1.0152 1.4939e+01     5.5286      1.453      2.107    14.5451 0.0000e+00
      1.496      0.054     9.3219     90.934     35.953  28.372266     5.2200    11.0427     0.1278     1.0152 1.4739e+01     5.5436      1.467      2.127    14.5236 0.0000e+00
      1.510      0.054     9.3127     90.770     35.955  28.364042     5.2200    11.1876     0.1278     1.0152 1.4366e+01     5.4835      1.480      2.147    14.5025 0.0000e+00
      1.523      0.053     9.3029     90.618     35.958  28.356910     5.2200    11.1991     0.1278     1.0152 1.4285e+01     5.5286      1.493      2.166    14.4841 0.0000e+00
      1.536      0.051     9.2913     90.498     35.953  28.345009     5.1300    11.2029     0.1278     0.9729 1.3984e+01     5.5286      1.506      2.185    14.4681 0.0000e+00
      1.549      0.050     9.2779     90.424     35.947  28.333085     5.1300    11.1800     0.1278     0.9729 1.3761e+01     5.4985      1.519      2.204    14.4536 0.0000e+00
      1.562      0.048     9.2639     90.405     35.945  28.325877     5.1300    10.8786     0.1278     0.9729 1.3422e+01     5.2881      1.532      2.222    14.4399 0.0000e+00
      1.574      0.047     9.2511     90.445     35.940  28.317504     5.1300    10.8939     0.1278     0.9729 1.3153e+01     5.2580      1.544      2.239    14.4271 0.0000e+00
      1.586      0.047     9.2411     90.545     35.930  28.305731     5.2200    10.9015     0.1278     0.8883 1.3102e+01     5.3181      1.555      2.256    14.4158 0.0000e+00
      1.597      0.047     9.2355     90.684     35.919  28.291380     5.2200    10.8710     0.1278     0.8883 1.3107e+01     5.3482      1.566      2.272    14.4063 0.0000e+00
      1.608      0.048     9.2351     90.832     35.901  28.270623     5.2200    10.9320     0.1278     0.8883 1.3090e+01     5.2730      1.577      2.288    14.3986 0.0000e+00
      1.620      0.049     9.2405     90.970     35.887  28.251783     5.2200    10.9664     0.1278     0.8883 1.3036e+01     5.3782      1.589      2.304    14.3923 0.0000e+00
      1.633      0.051     9.2520     91.098     35.891  28.245676     5.2200    10.8939     0.1278     1.0575 1.2463e+01     5.3332      1.601      2.322    14.3863 0.0000e+00
      1.647      0.053     9.2676     91.229     35.899  28.242752     5.2200    10.9587     0.1278     1.0575 1.2090e+01     5.2580      1.615      2.342    14.3791 0.0000e+00
      1.661      0.054     9.2846     91.375     35.902  28.236293     5.2200    10.8939     0.1278     1.0575 1.1850e+01     5.1077      1.629      2.362    14.3698 0.0000e+00
      1.675      0.055     9.3010     91.540     35.905  28.230514     5.2200    10.8596     0.1278     1.0575 1.1641e+01     5.1227      1.643      2.382    14.3586 0.0000e+00
      1.689      0.054     9.3166     91.725     35.904  28.221896     5.2200    10.8519     0.1278     1.0575 1.1505e+01     5.0626      1.656      2.402    14.3460 0.0000e+00
      1.703      0.054     9.3326     91.923     35.901  28.212098     5.1300    10.8748     0.1704     0.9729 1.1209e+01     5.1227      1.670      2.422    14.3331 0.0000e+00
      1.716      0.053     9.3501     92.112     35.904  28.206428     5.1300     9.7685     0.1704     0.9729 1.1004e+01     5.2730      1.683      2.441    14.3209 0.0000e+00
      1.730      0.052     9.3693     92.266     35.905  28.199414     5.1300     9.7762     0.1704     0.9729 1.0852e+01     5.4534      1.696      2.460    14.3094 0.0000e+00
      1.743      0.051     9.3906     92.358     35.901  28.189184     5.1300     9.7571     0.1704     0.9729 1.0737e+01     5.3181      1.709      2.479    14.2983 0.0000e+00
      1.756      0.049     9.4130     92.370     35.899  28.180931     5.1300     9.7762     0.1278     0.8883 1.0449e+01     5.3031      1.722      2.497    14.2875 0.0000e+00
      1.768      0.047     9.4347     92.301     35.897  28.172453     5.1300     8.4486     0.1278     0.8883 1.0200e+01     5.3181      1.734      2.515    14.2769 0.0000e+00
      1.780      0.045     9.4526     92.166     35.882  28.153568     5.1300     8.4639     0.1278     0.8883 9.9853e+00     5.3181      1.746      2.532    14.2663 0.0000e+00
      1.791      0.044     9.4641     91.991     35.852  28.123202     5.1300     8.4448     0.1278     0.8883 9.9118e+00     5.3031      1.757      2.548    14.2561 0.0000e+00
      1.802      0.043     9.4673     91.803     35.821  28.089095     5.3100     8.4524     0.1278     0.7614 9.9636e+00     5.4384      1.767      2.563    14.2467 0.0000e+00
      1.812      0.043     9.4620     91.619     35.798  28.057990     5.3100     8.2808     0.1278     0.7614 9.9399e+00     5.6338      1.777      2.578    14.2374 0.0000e+00
      1.823      0.044     9.4502     91.441     35.794  28.037431     5.3100     8.2617     0.1278     0.7614 9.9075e+00     5.6789      1.788      2.593    14.2277 0.0000e+00
      1.834      0.045     9.4344     91.273     35.811  28.029854     5.3100     8.2884     0.1278     0.7614 9.6609e+00     5.5286      1.799      2.609    14.2172 0.0000e+00
      1.846      0.047     9.4177     91.124     35.835  28.029277     5.4000     8.2884     0.1704     0.7191 9.3186e+00     5.5436      1.811      2.626    14.2044 0.0000e+00
      1.859      0.048     9.4026     90.997     35.857  28.027626     5.4000     8.2503     0.1704     0.7191 9.0689e+00     5.8592      1.823      2.644    14.1860 0.0000e+00
      1.871      0.049     9.3895     90.899     35.870  28.020502     5.4000     8.2541     0.1704     0.7191 9.0414e+00     5.8442      1.835      2.662    14.1612 0.0000e+00
      1.884      0.050     9.3781     90.835     35.881  28.009963     5.4000     8.2960     0.1704     0.7191 8.9690e+00     5.8742      1.847      2.679    14.1330 0.0000e+00
      1.896      0.051     9.3684     90.804     35.895  28.001119     5.4000     8.2503     0.1704     0.7191 8.8913e+00     5.7540      1.859      2.697    14.1054 0.0000e+00
      1.909      0.052     9.3606     90.796     35.924  28.003489     5.4900     8.0939     0.1704     0.7614 8.6362e+00     6.2049      1.872      2.716    14.0796 0.0000e+00
      1.923      0.054     9.3556     90.794     35.975  28.021662     5.4900     8.0900     0.1704     0.7614 8.4726e+00     6.3402      1.885      2.735    14.0548 0.0000e+00
      1.936      0.055     9.3544     90.766     36.038  28.048608     5.4900     8.1091     0.1704     0.7614 8.3501e+00     6.3251      1.899      2.754    14.0290 0.0000e+00
      1.951      0.057     9.3569     90.688     36.114  28.083590     5.4900     8.0633     0.1704     0.7614 8.2205e+00     6.1899      1.913      2.774    14.0014 0.0000e+00
      1.965      0.059     9.3620     90.547     36.212  28.131977     5.5800     8.7805     0.1704     0.6345 8.0824e+00     6.0847      1.927      2.796    13.9728 0.0000e+00
      1.981      0.061     9.3677     90.341     36.322  28.186874     5.5800     8.7996     0.1704     0.6345 7.8334e+00     6.0245      1.942      2.818    13.9435 0.0000e+00
      1.997      0.062     9.3712     90.094     36.420  28.233220     5.5800     8.7767     0.1704     0.6345 7.5772e+00     6.0245      1.958      2.840    13.9127 0.0000e+00
      2.013      0.063     9.3701     89.856     36.494  28.263574     5.5800     8.7958     0.1704     0.6345 7.4079e+00     6.0245      1.974      2.864    13.8788 0.0000e+00
      2.030      0.063     9.3634     89.694     36.545  28.280090     5.5800     9.3108     0.1278     0.5076 7.2141e+00     4.9574      1.990      2.887    13.8404 0.0000e+00
      2.046      0.062     9.3507     89.670     36.586  28.291132     5.5800     9.3108     0.1278     0.5076 6.9540e+00     4.8221      2.006      2.910    13.7987 0.0000e+00
      2.062      0.061     9.3336     89.822     36.628  28.303603     5.5800     9.2535     0.1278     0.5076 6.9148e+00     4.8221      2.021      2.932    13.7574 0.0000e+00
      2.077      0.061     9.3165     90.151     36.672  28.316870     5.5800     9.2802     0.1278     0.5076 6.8639e+00     4.8823      2.036      2.954    13.7207 0.0000e+00
      2.092      0.061     9.3061     90.630     36.716  28.330508     5.3100     9.5511     0.1278     0.5076 6.7412e+00     4.3863      2.051      2.975    13.6896 0.0000e+00
      2.107      0.061     9.3095     91.220     36.759  28.344195     5.3100     9.5511     0.1278     0.5076 6.6020e+00     4.4764      2.066      2.996    13.6615 0.0000e+00
      2.122      0.062     9.3311     91.865     36.791  28.349700     5.3100     9.5320     0.1278     0.5076 6.4826e+00     4.4915      2.081      3.018    13.6336 0.0000e+00
      2.138      0.063     9.3712     92.505     36.814  28.348491     5.3100     9.5397     0.1278     0.5076 6.3488e+00     4.3712      2.096      3.041    13.6055 0.0000e+00
      2.154      0.064     9.4268     93.083     36.843  28.352124     5.3100     9.6808     0.1278     0.5076 6.1465e+00     3.9804      2.113      3.064    13.5779 0.0000e+00
      2.171      0.065     9.4938     93.564     36.881  28.361568     4.8600     9.6465     0.1278     0.5922 5.9018e+00     3.9804      2.129      3.088    13.5512 0.0000e+00
      2.188      0.066     9.5665     93.929     36.921  28.371421     4.8600     9.6541     0.1278     0.5922 5.8367e+00     3.9654      2.145      3.112    13.5250 0.0000e+00
      2.205      0.066     9.6386     94.169     36.960  28.380349     4.8600     9.6579     0.1278     0.5922 5.6667e+00     3.9354      2.162      3.136    13.4992 0.0000e+00
      2.222      0.066     9.7044     94.287     37.001  28.390733     4.8600     9.6579     0.1278     0.5922 5.5257e+00     3.9654      2.178      3.160    13.4733 0.0000e+00
      2.238      0.065     9.7602     94.306     37.047  28.405341     4.5900     9.6312     0.0852     0.5922 5.3952e+00     3.7550      2.195      3.184    13.4468 0.0000e+00
      2.255      0.065     9.8042     94.259     37.098  28.424107     4.5900     9.6503     0.0852     0.5922 5.2964e+00     3.9654      2.211      3.208    13.4192 0.0000e+00
      2.272      0.064     9.8355     94.190     37.144  28.440157     4.5900     9.6617     0.0852     0.5922 5.0999e+00     3.8602      2.228      3.231    13.3908 0.0000e+00
      2.288      0.063     9.8540     94.134     37.180  28.449851     4.5900     9.2154     0.0852     0.5922 4.9697e+00     3.7400      2.244      3.254    13.3622 0.0000e+00
