Data/DataNotYetUploadedToEDI/Raw_CTD/RawDownloads/050123_bvr50_S8188002.cnv
* Sea-Bird SBE19plus  Data File:
* FileName = C:\R\Reservoirs\Data\DataNotYetUploadedToEDI\Raw_CTD\RawDownloads\042423_bvr50_S8188_0002.hex
* Software version 2.8.0.119
* Temperature SN = 8188
* Conductivity SN = 8188
* System UpLoad Time = May 11 2023 10:38:17
* <ApplicationData>
* <Seaterm232>
# nquan = 16
# nvalues = 1267                        
# units = specified
# name 0 = depFM: Depth [fresh water, m]
# name 1 = dz/dtM: Descent Rate [m/s]
# name 2 = sbeox0Mg/L: Oxygen, SBE 43 [mg/l]
# name 3 = sbeox0PS: Oxygen, SBE 43 [% saturation]
# name 4 = specc: Specific Conductance [uS/cm]
# name 5 = c0uS/cm: Conductivity [uS/cm]
# name 6 = wetCDOM: Fluorescence, WET Labs CDOM [mg/m^3]
# name 7 = flECO-AFL: Fluorescence, WET Labs ECO-AFL/FL [mg/m^3]
# name 8 = flECO-AFL1: Fluorescence, WET Labs ECO-AFL/FL, 2 [mg/m^3]
# name 9 = flECO-AFL2: Fluorescence, WET Labs ECO-AFL/FL, 3 [mg/m^3]
# name 10 = par/sat/log: PAR/Logarithmic, Satlantic
# name 11 = turbWETntu0: Turbidity, WET Labs ECO [NTU]
# name 12 = prdM: Pressure, Strain Gauge [db]
# name 13 = prdE: Pressure, Strain Gauge [psi]
# name 14 = tv290C: Temperature [ITS-90, deg C]
# name 15 = flag:  0.000e+00
# span 0 =     -0.894,      9.253       
# span 1 =     -0.344,      0.204       
# span 2 =     0.1398,    10.3020       
# span 3 =      1.173,    101.195       
# span 4 =      3.878,     56.855       
# span 5 =   3.143157,  37.180676       
# span 6 =    -4.5000,     5.6700       
# span 7 =    -0.1308,     8.7042       
# span 8 =    -2.1300,     0.8520       
# span 9 =    -2.0304,    11.8440       
# span 10 = 1.1595e-01, 5.2010e+02      
# span 11 =     0.2981,    28.8253      
# span 12 =     -0.876,      9.074      
# span 13 =     -1.271,     13.160      
# span 14 =     7.6953,    15.9346      
# span 15 = 0.0000e+00, 0.0000e+00      
# interval = seconds: 0.25
# start_time = May 01 2023 10:23:04 [Instrument's time stamp, header]
# bad_flag = -9.990e-29
*END*
[from data line 904]
      7.797      0.032     0.9067      7.931     33.770  22.237446     3.9600     1.4600     0.1278     0.2538 2.7756e-01     4.4915      7.647     11.090     7.9327 0.0000e+00
      7.805      0.032     0.9162      7.983     33.782  22.243326     3.9600     1.4600     0.1278     0.2538 2.4796e-01     4.6267      7.654     11.102     7.9303 0.0000e+00
      7.813      0.032     0.9255      8.034     33.801  22.253088     3.8700     1.6546     0.1278     0.2115 2.6078e-01     4.7019      7.662     11.113     7.9280 0.0000e+00
      7.821      0.032     0.9339      8.083     33.818  22.261417     3.8700     1.6431     0.1278     0.2115 2.7083e-01     4.6568      7.670     11.124     7.9256 0.0000e+00
      7.829      0.033     0.9409      8.130     33.824  22.262617     3.8700     1.6507     0.1278     0.2115 2.6203e-01     4.6568      7.678     11.136     7.9230 0.0000e+00
      7.838      0.033     0.9472      8.177     33.831  22.264925     3.8700     1.6584     0.1278     0.2115 2.5678e-01     4.6117      7.686     11.148     7.9198 0.0000e+00
      7.846      0.034     0.9533      8.225     33.847  22.272916     3.8700     1.5248     0.1278     0.2115 2.5012e-01     4.5967      7.695     11.160     7.9160 0.0000e+00
      7.855      0.035     0.9592      8.277     33.863  22.280802     3.8700     1.5287     0.1278     0.1692 2.5673e-01     4.5967      7.703     11.173     7.9119 0.0000e+00
      7.864      0.036     0.9649      8.339     33.875  22.286729     3.8700     1.5363     0.1278     0.1692 2.4474e-01     4.6267      7.712     11.185     7.9080 0.0000e+00
      7.873      0.037     0.9706      8.404     33.887  22.292276     3.8700     1.5096     0.1278     0.1692 2.4996e-01     4.6267      7.721     11.198     7.9043 0.0000e+00
      7.883      0.037     0.9764      8.463     33.894  22.294964     3.8700     1.6660     0.1278     0.1692 2.4416e-01     4.6418      7.731     11.212     7.9006 0.0000e+00
      7.893      0.038     0.9827      8.505     33.897  22.295511     3.8700     1.6355     0.1278     0.2961 2.5329e-01     4.6718      7.740     11.226     7.8969 0.0000e+00
      7.902      0.039     0.9900      8.525     33.916  22.305936     3.8700     1.6317     0.1278     0.2961 2.2722e-01     4.6117      7.750     11.240     7.8932 0.0000e+00
      7.912      0.040     0.9979      8.528     33.953  22.329022     3.8700     1.6584     0.1278     0.2961 1.8427e-01     4.7320      7.759     11.254     7.8899 0.0000e+00
      7.923      0.040     1.0049      8.518     34.000  22.359047     3.8700     1.6736     0.1278     0.2961 1.9914e-01     4.6869      7.770     11.269     7.8871 0.0000e+00
      7.933      0.040     1.0100      8.491     34.052  22.392143     3.8700     1.6431     0.1278     0.2115 1.9626e-01     4.6267      7.780     11.284     7.8847 0.0000e+00
      7.944      0.040     1.0124      8.446     34.089  22.415363     3.8700     1.6431     0.1278     0.2115 2.0458e-01     4.6568      7.790     11.299     7.8826 0.0000e+00
      7.954      0.040     1.0128      8.390     34.105  22.425002     3.8700     1.6851     0.1278     0.2115 2.4400e-01     4.7019      7.800     11.313     7.8806 0.0000e+00
      7.964      0.039     1.0117      8.335     34.116  22.431548     3.8700     1.6011     0.1278     0.2115 2.2643e-01     4.6869      7.810     11.328     7.8789 0.0000e+00
      7.974      0.039     1.0086      8.288     34.132  22.440705     3.8700     1.5859     0.1704     0.2115 2.1784e-01     4.6267      7.820     11.342     7.8773 0.0000e+00
      7.984      0.039     1.0032      8.248     34.155  22.454914     3.8700     1.5516     0.1704     0.2115 2.1661e-01     4.5366      7.830     11.356     7.8759 0.0000e+00
      7.994      0.039     0.9966      8.214     34.176  22.468069     3.8700     1.6088     0.1704     0.2115 2.1260e-01     4.6869      7.839     11.369     7.8745 0.0000e+00
      8.003      0.039     0.9901      8.185     34.180  22.469823     3.8700     1.4600     0.1704     0.2115 2.0215e-01     4.6418      7.849     11.383     7.8732 0.0000e+00
      8.013      0.039     0.9845      8.167     34.170  22.462622     3.8700     1.4714     0.1704     0.2115 1.7567e-01     4.6869      7.858     11.397     7.8719 0.0000e+00
      8.023      0.039     0.9798      8.167     34.159  22.454442     3.8700     1.4600     0.1704     0.2538 1.9613e-01     4.5967      7.868     11.411     7.8706 0.0000e+00
      8.033      0.040     0.9759      8.177     34.146  22.445081     3.8700     1.4486     0.1704     0.2538 2.3788e-01     4.7921      7.877     11.425     7.8693 0.0000e+00
      8.043      0.041     0.9724      8.187     34.133  22.436002     3.8700     1.4714     0.1704     0.2538 1.8236e-01     4.6418      7.887     11.439     7.8681 0.0000e+00
      8.053      0.041     0.9703      8.197     34.129  22.432701     3.8700     1.4447     0.1704     0.2538 1.8220e-01     4.6117      7.897     11.454     7.8670 0.0000e+00
      8.064      0.042     0.9703      8.207     34.129  22.432318     3.7800     1.4714     0.1278     0.3384 1.9359e-01     4.6869      7.908     11.470     7.8659 0.0000e+00
      8.075      0.043     0.9715      8.215     34.127  22.430793     3.7800     1.4905     0.1278     0.3384 1.9892e-01     4.6117      7.919     11.486     7.8649 0.0000e+00
      8.086      0.043     0.9728      8.210     34.123  22.427719     3.7800     1.3532     0.1278     0.3384 1.7052e-01     4.4764      7.930     11.502     7.8638 0.0000e+00
      8.097      0.043     0.9740      8.188     34.121  22.426234     3.7800     1.3494     0.1278     0.3384 1.7067e-01     4.3863      7.941     11.517     7.8628 0.0000e+00
      8.108      0.043     0.9752      8.148     34.127  22.429902     3.8700     1.3646     0.1278     0.2961 1.7594e-01     4.4314      7.952     11.533     7.8622 0.0000e+00
      8.119      0.043     0.9761      8.094     34.137  22.435743     3.8700     1.3456     0.1278     0.2961 1.7852e-01     4.3111      7.962     11.548     7.8619 0.0000e+00
      8.130      0.043     0.9755      8.030     34.153  22.445313     3.8700     1.4714     0.1278     0.2961 1.7609e-01     4.3261      7.973     11.564     7.8618 0.0000e+00
      8.141      0.044     0.9729      7.959     34.176  22.459184     3.8700     1.4676     0.1278     0.2961 1.7041e-01     4.4013      7.984     11.579     7.8614 0.0000e+00
      8.152      0.044     0.9682      7.888     34.194  22.469181     3.7800     1.4638     0.1704     0.2961 1.4412e-01     4.4314      7.995     11.595     7.8608 0.0000e+00
      8.164      0.046     0.9618      7.822     34.207  22.475990     3.7800     1.4714     0.1704     0.2961 1.4726e-01     4.3712      8.006     11.611     7.8599 0.0000e+00
      8.175      0.047     0.9541      7.759     34.224  22.485384     3.7800     1.5287     0.1704     0.2961 1.2897e-01     4.5967      8.017     11.628     7.8583 0.0000e+00
      8.187      0.049     0.9458      7.691     34.249  22.499870     3.7800     1.5325     0.1704     0.2961 1.7276e-01     4.5817      8.029     11.645     7.8560 0.0000e+00
      8.200      0.051     0.9375      7.609     34.281  22.519351     3.7800     1.5363     0.1704     0.2961 1.4646e-01     4.5817      8.041     11.663     7.8533 0.0000e+00
      8.213      0.053     0.9297      7.509     34.322  22.545063     3.8700     1.5401     0.1278     0.2115 1.8504e-01     4.5967      8.054     11.682     7.8506 0.0000e+00
      8.227      0.056     0.9223      7.389     34.377  22.579904     3.8700     1.5096     0.1278     0.2115 1.6978e-01     4.7019      8.068     11.701     7.8481 0.0000e+00
      8.242      0.059     0.9142      7.248     34.442  22.621289     3.8700     1.5439     0.1278     0.2115 1.7667e-01     4.6267      8.082     11.722     7.8458 0.0000e+00
      8.257      0.062     0.9044      7.089     34.510  22.664420     3.8700     1.5287     0.1278     0.2115 1.5467e-01     4.6568      8.097     11.744     7.8438 0.0000e+00
      8.272      0.064     0.8926      6.912     34.568  22.701004     3.8700     1.5439     0.1704     0.2538 1.7056e-01     4.6117      8.112     11.766     7.8419 0.0000e+00
      8.289      0.066     0.8784      6.721     34.607  22.724963     3.8700     1.4142     0.1704     0.2538 1.5958e-01     4.8221      8.129     11.790     7.8401 0.0000e+00
      8.307      0.067     0.8617      6.521     34.630  22.738727     3.8700     1.4257     0.1704     0.2538 1.3227e-01     4.7921      8.146     11.816     7.8381 0.0000e+00
      8.325      0.067     0.8428      6.314     34.649  22.749925     3.8700     1.3990     0.1704     0.2538 1.2449e-01     4.8823      8.165     11.842     7.8359 0.0000e+00
      8.343      0.066     0.8219      6.098     34.668  22.761542     3.8700     1.4066     0.1704     0.2115 1.3544e-01     4.8522      8.182     11.867     7.8336 0.0000e+00
      8.360      0.063     0.7992      5.869     34.673  22.764802     3.8700     1.3303     0.1704     0.2115 1.4630e-01     4.9123      8.199     11.891     7.8313 0.0000e+00
      8.376      0.059     0.7755      5.628     34.666  22.760572     3.8700     1.3494     0.1704     0.2115 1.2000e-01     4.8372      8.214     11.914     7.8292 0.0000e+00
      8.391      0.054     0.7508      5.384     34.664  22.759601     3.8700     1.3265     0.1704     0.2115 1.2783e-01     4.8973      8.229     11.935     7.8275 0.0000e+00
      8.404      0.049     0.7252      5.153     34.667  22.761631     3.8700     1.3570     0.1278     0.3384 1.1617e-01     4.8672      8.242     11.953     7.8263 0.0000e+00
      8.416      0.045     0.6980      4.938     34.670  22.763243     3.8700     1.4028     0.1278     0.3384 1.1607e-01     4.8672      8.253     11.970     7.8258 0.0000e+00
      8.426      0.042     0.6692      4.746     34.674  22.764868     3.8700     1.4066     0.1278     0.3384 1.5283e-01     4.9875      8.263     11.984     7.8262 0.0000e+00
      8.435      0.039     0.6403      4.593     34.678  22.766940     3.8700     1.4104     0.1278     0.3384 1.2653e-01     4.7921      8.272     11.998     7.8269 0.0000e+00
      8.445      0.038     0.6128      4.486     34.685  22.770009     3.8700     1.3951     0.1278     0.3384 1.5521e-01     4.8071      8.282     12.011     7.8268 0.0000e+00
      8.454      0.037     0.5872      4.418     34.693  22.774896     3.8700     1.4142     0.1278     0.3807 1.2637e-01     5.1378      8.291     12.024     7.8261 0.0000e+00
      8.463      0.036     0.5644      4.381     34.706  22.782904     3.8700     1.4219     0.1278     0.3807 1.1623e-01     5.1829      8.300     12.037     7.8252 0.0000e+00
      8.472      0.037     0.5463      4.363     34.721  22.792208     3.8700     1.3990     0.1278     0.3807 1.1612e-01     5.1528      8.309     12.050     7.8240 0.0000e+00
      8.481      0.038     0.5336      4.354     34.741  22.805290     3.8700     1.4219     0.1278     0.3807 1.1995e-01     5.0476      8.318     12.063     7.8224 0.0000e+00
      8.490      0.039     0.5255      4.349     34.773  22.825638     3.8700     1.4638     0.1704     0.3807 1.1612e-01     4.9123      8.327     12.076     7.8210 0.0000e+00
      8.500      0.042     0.5211      4.348     34.802  22.842844     3.8700     1.4867     0.1704     0.3807 1.2650e-01     4.8221      8.336     12.090     7.8202 0.0000e+00
      8.511      0.044     0.5190      4.351     34.823  22.853578     3.8700     1.4562     0.1704     0.3807 1.5612e-01     4.8823      8.346     12.105     7.8199 0.0000e+00
      8.522      0.047     0.5180      4.359     34.844  22.864662     3.8700     1.4791     0.1704     0.3807 1.2576e-01     4.9724      8.358     12.122     7.8197 0.0000e+00
      8.536      0.049     0.5173      4.373     34.864  22.875092     3.8700     1.2845     0.1278     0.2961 1.1617e-01     4.9424      8.371     12.140     7.8186 0.0000e+00
      8.549      0.050     0.5172      4.382     34.877  22.881712     3.8700     1.2998     0.1278     0.2961 1.1612e-01     4.9123      8.384     12.160     7.8161 0.0000e+00
      8.563      0.051     0.5176      4.375     34.883  22.884307     3.8700     1.2921     0.1278     0.2961 1.1628e-01     4.8823      8.397     12.179     7.8123 0.0000e+00
      8.576      0.050     0.5186      4.345     34.886  22.885550     3.8700     1.3036     0.1278     0.2961 1.1628e-01     4.8973      8.410     12.198     7.8081 0.0000e+00
      8.589      0.050     0.5203      4.283     34.890  22.887749     3.9600     1.2578     0.1278     0.3384 1.1615e-01     4.9123      8.422     12.216     7.8045 0.0000e+00
      8.601      0.049     0.5214      4.191     34.893  22.889514     3.9600     1.2235     0.1278     0.3384 1.1597e-01     4.9424      8.435     12.234     7.8017 0.0000e+00
      8.613      0.048     0.5206      4.085     34.890  22.887355     3.9600     1.2426     0.1278     0.3384 1.1612e-01     4.8522      8.447     12.251     7.7998 0.0000e+00
      8.625      0.048     0.5171      3.978     34.887  22.884656     3.9600     1.2311     0.1278     0.3384 1.1617e-01     4.9273      8.459     12.268     7.7986 0.0000e+00
      8.638      0.048     0.5097      3.878     34.891  22.886634     3.9600     1.4943     0.1278     0.3384 1.1617e-01     4.8372      8.471     12.286     7.7981 0.0000e+00
      8.650      0.048     0.4987      3.790     34.902  22.893818     3.8700     1.4562     0.1704     0.2538 1.1617e-01     4.8823      8.483     12.303     7.7977 0.0000e+00
      8.663      0.048     0.4861      3.714     34.923  22.908124     3.8700     1.4753     0.1704     0.2538 1.1607e-01     4.8973      8.495     12.321     7.7972 0.0000e+00
      8.675      0.048     0.4734      3.656     34.956  22.929406     3.8700     1.4371     0.1704     0.2538 1.1709e-01     4.8823      8.508     12.339     7.7965 0.0000e+00
      8.688      0.047     0.4615      3.623     34.997  22.955424     3.8700     2.2725     0.1704     0.2538 1.1615e-01     5.0927      8.520     12.357     7.7961 0.0000e+00
      8.700      0.046     0.4510      3.612     35.042  22.983219     3.8700     2.2611     0.1704     0.3384 1.1630e-01     5.1678      8.532     12.374     7.7959 0.0000e+00
      8.712      0.045     0.4420      3.609     35.080  23.006346     3.8700     2.2535     0.1704     0.3384 1.1605e-01     5.1979      8.543     12.391     7.7958 0.0000e+00
      8.723      0.043     0.4351      3.603     35.103  23.019096     3.8700     2.2497     0.1704     0.3384 1.1615e-01     5.1378      8.554     12.407     7.7953 0.0000e+00
      8.734      0.041     0.4312      3.589     35.120  23.028830     3.8700     2.3946     0.1704     0.3384 1.1628e-01     5.3181      8.565     12.422     7.7940 0.0000e+00
      8.744      0.040     0.4299      3.564     35.154  23.050017     3.8700     2.4061     0.1704     0.3384 1.1628e-01     5.3933      8.575     12.437     7.7917 0.0000e+00
      8.754      0.038     0.4297      3.521     35.213  23.088309     3.8700     2.3946     0.1704     0.3384 1.1628e-01     5.3632      8.585     12.452     7.7890 0.0000e+00
      8.763      0.037     0.4290      3.451     35.290  23.138081     3.8700     2.4137     0.1704     0.3384 1.1625e-01     5.3031      8.594     12.465     7.7862 0.0000e+00
      8.772      0.036     0.4273      3.349     35.365  23.184894     3.8700     2.3259     0.1704     0.3384 1.1617e-01     5.2730      8.602     12.476     7.7841 0.0000e+00
      8.780      0.035     0.4243      3.223     35.430  23.225397     3.8700     2.3259     0.1278     0.2961 1.1623e-01     5.3632      8.610     12.488     7.7830 0.0000e+00
      8.789      0.035     0.4192      3.084     35.513  23.278309     3.8700     2.3488     0.1278     0.2961 1.1607e-01     5.2881      8.619     12.501     7.7822 0.0000e+00
      8.798      0.036     0.4108      2.935     35.631  23.353779     3.8700     2.3527     0.1278     0.2961 1.1638e-01     5.3782      8.628     12.514     7.7806 0.0000e+00
