Data/DataNotYetUploadedToEDI/Raw_CTD/RawDownloads/050123_fcr50_S8188003.cnv
* Sea-Bird SBE19plus  Data File:
* FileName = C:\R\Reservoirs\Data\DataNotYetUploadedToEDI\Raw_CTD\RawDownloads\042423_bvr50_S8188_0003.hex
* Software version 2.8.0.119
* Temperature SN = 8188
* Conductivity SN = 8188
* System UpLoad Time = May 11 2023 10:38:40
* <ApplicationData>
* <Seaterm232>
# nquan = 16
# nvalues = 1551                        
# units = specified
# name 0 = depFM: Depth [fresh water, m]
# name 1 = dz/dtM: Descent Rate [m/s]
# name 2 = sbeox0Mg/L: Oxygen, SBE 43 [mg/l]
# name 3 = sbeox0PS: Oxygen, SBE 43 [% saturation]
# name 4 = specc: Specific Conductance [uS/cm]
# name 5 = c0uS/cm: Conductivity [uS/cm]
# name 6 = wetCDOM: Fluorescence, WET Labs CDOM [mg/m^3]
# name 7 = flECO-AFL: Fluorescence, WET Labs ECO-AFL/FL [mg/m^3]
# name 8 = flECO-AFL1: Fluorescence, WET Labs ECO-AFL/FL, 2 [mg/m^3]
# name 9 = flECO-AFL2: Fluorescence, WET Labs ECO-AFL/FL, 3 [mg/m^3]
# name 10 = par/sat/log: PAR/Logarithmic, Satlantic
# name 11 = turbWETntu0: Turbidity, WET Labs ECO [NTU]
# name 12 = prdM: Pressure, Strain Gauge [db]
# name 13 = prdE: Pressure, Strain Gauge [psi]
# name 14 = tv290C: Temperature [ITS-90, deg C]
# name 15 = flag:  0.000e+00
# span 0 =     -0.839,      9.326       
# span 1 =     -0.130,      0.119       
# span 2 =    -2.3776,    16.6192       
# span 3 =    -20.666,    144.585       
# span 4 =      0.403,    154.169       
# span 5 =   0.286428, 105.409076       
# span 6 =    -4.5000,    60.9300       
# span 7 =    -0.1422,    12.4732       
# span 8 =    -2.1300,     0.8946       
# span 9 =    -2.0304,     2.4534       
# span 10 = 1.1597e-01, 2.2815e+02      
# span 11 =    -0.4685,    63.9958      
# span 12 =     -0.823,      9.145      
# span 13 =     -1.194,     13.264      
# span 14 =     9.1839,    15.2210      
# span 15 = 0.0000e+00, 0.0000e+00      
# interval = seconds: 0.25
# start_time = May 01 2023 12:37:03 [Instrument's time stamp, header]
# bad_flag = -9.990e-29
*END*
[from data line 543]
      5.174      0.069    13.4248    116.909     39.061  26.729866     3.4200     4.6110     0.0852     0.4653 1.6725e-01     2.3422      5.074      7.358     9.2179 0.0000e+00
      5.191      0.068    13.4328    116.903     39.082  26.743593     3.4200     4.6491     0.0426     0.4230 1.8252e-01     2.2219      5.091      7.383     9.2165 0.0000e+00
      5.208      0.066    13.4386    116.885     39.097  26.753800     3.4200     4.7102     0.0426     0.4230 1.7283e-01     2.3572      5.107      7.407     9.2153 0.0000e+00
      5.224      0.064    13.4423    116.862     39.100  26.755291     3.4200     4.6949     0.0426     0.4230 1.9363e-01     2.3722      5.124      7.431     9.2143 0.0000e+00
      5.240      0.063    13.4438    116.850     39.096  26.752422     3.4200     4.7102     0.0426     0.4230 1.5910e-01     2.3271      5.139      7.454     9.2134 0.0000e+00
      5.256      0.062    13.4434    116.859     39.085  26.744427     3.4200     4.6987     0.0426     0.4230 1.4783e-01     2.3271      5.155      7.476     9.2127 0.0000e+00
      5.272      0.062    13.4415    116.889     39.074  26.737095     3.4200     4.6949     0.0426     0.3807 1.3517e-01     2.3271      5.170      7.498     9.2121 0.0000e+00
      5.287      0.062    13.4390    116.928     39.073  26.736389     3.4200     4.6949     0.0426     0.3807 1.6161e-01     2.3572      5.185      7.520     9.2117 0.0000e+00
      5.303      0.063    13.4376    116.966     39.076  26.738162     3.4200     4.7216     0.0426     0.3807 1.4883e-01     2.4023      5.201      7.543     9.2114 0.0000e+00
      5.319      0.063    13.4388    116.998     39.077  26.738926     3.4200     4.6911     0.0426     0.3807 1.4182e-01     2.3271      5.217      7.566     9.2112 0.0000e+00
      5.336      0.064    13.4423    117.018     39.077  26.738885     3.4200     4.5881     0.0426     0.4230 1.5622e-01     2.3121      5.233      7.589     9.2110 0.0000e+00
      5.352      0.064    13.4467    117.021     39.075  26.738028     3.4200     4.6072     0.0426     0.4230 1.4649e-01     2.2971      5.249      7.613     9.2109 0.0000e+00
      5.369      0.065    13.4512    117.001     39.072  26.736127     3.4200     4.5919     0.0426     0.4230 1.4861e-01     2.3572      5.265      7.636     9.2109 0.0000e+00
      5.385      0.066    13.4549    116.957     39.067  26.732675     3.4200     4.5957     0.0426     0.4230 1.5917e-01     2.4323      5.281      7.659     9.2110 0.0000e+00
      5.402      0.067    13.4571    116.895     39.059  26.726750     3.4200     4.5004     0.0426     0.3807 1.2015e-01     2.0115      5.297      7.683     9.2110 0.0000e+00
      5.419      0.068    13.4575    116.824     39.051  26.720734     3.4200     4.4584     0.0426     0.3807 1.3520e-01     2.0716      5.314      7.707     9.2111 0.0000e+00
      5.436      0.069    13.4552    116.751     39.052  26.720940     3.4200     4.4965     0.0426     0.3807 1.2352e-01     2.1618      5.331      7.732     9.2110 0.0000e+00
      5.454      0.070    13.4502    116.688     39.062  26.727423     3.4200     4.4927     0.0426     0.3807 1.6384e-01     2.0866      5.348      7.757     9.2109 0.0000e+00
      5.472      0.071    13.4432    116.650     39.071  26.733993     3.4200     4.5385     0.0426     0.4230 1.2338e-01     2.3271      5.366      7.783     9.2106 0.0000e+00
      5.491      0.072    13.4352    116.654     39.072  26.734484     3.4200     4.5690     0.0426     0.4230 1.3766e-01     2.3722      5.384      7.810     9.2102 0.0000e+00
      5.509      0.072    13.4269    116.705     39.064  26.729025     3.4200     4.5461     0.0426     0.4230 1.1780e-01     2.4323      5.403      7.836     9.2098 0.0000e+00
      5.528      0.072    13.4197    116.789     39.057  26.724080     3.4200     4.5156     0.0426     0.4230 1.2309e-01     2.3722      5.421      7.863     9.2096 0.0000e+00
      5.547      0.072    13.4154    116.888     39.054  26.722290     3.4200     4.7140     0.0426     0.4230 1.1605e-01     2.3121      5.439      7.889     9.2095 0.0000e+00
      5.565      0.072    13.4158    116.987     39.056  26.723178     3.4200     4.7292     0.0426     0.3807 1.1628e-01     2.2069      5.457      7.915     9.2095 0.0000e+00
      5.583      0.071    13.4216    117.076     39.056  26.723020     3.4200     4.6873     0.0426     0.3807 1.1615e-01     2.3722      5.475      7.941     9.2094 0.0000e+00
      5.601      0.071    13.4314    117.145     39.054  26.721776     3.4200     4.7025     0.0426     0.3807 1.3124e-01     2.3722      5.493      7.967     9.2093 0.0000e+00
      5.620      0.070    13.4427    117.188     39.056  26.723071     3.4200     4.6072     0.0426     0.3807 1.1623e-01     2.2370      5.511      7.993     9.2093 0.0000e+00
      5.638      0.070    13.4541    117.201     39.056  26.723294     3.4200     4.6262     0.0426     0.3807 1.2631e-01     2.2670      5.529      8.019     9.2093 0.0000e+00
      5.656      0.069    13.4643    117.191     39.049  26.718542     3.4200     4.6072     0.0426     0.3807 1.2566e-01     2.2820      5.546      8.044     9.2094 0.0000e+00
      5.673      0.069    13.4722    117.167     39.039  26.711509     3.4200     4.5881     0.0426     0.3807 1.1676e-01     2.3271      5.563      8.069     9.2095 0.0000e+00
      5.690      0.068    13.4771    117.129     39.035  26.708238     3.4200     4.6148     0.0426     0.3807 1.1625e-01     2.3722      5.580      8.094     9.2096 0.0000e+00
      5.707      0.068    13.4787    117.077     39.036  26.707856     3.4200     4.6224     0.0426     0.3807 1.1600e-01     2.3271      5.597      8.118     9.2095 0.0000e+00
      5.725      0.067    13.4776    117.015     39.034  26.706303     3.4200     4.5957     0.0426     0.3807 1.1612e-01     2.3572      5.614      8.143     9.2092 0.0000e+00
      5.742      0.067    13.4750    116.950     39.036  26.707123     3.4200     4.5881     0.0426     0.3807 1.1612e-01     2.4173      5.631      8.167     9.2087 0.0000e+00
      5.759      0.066    13.4709    116.894     39.047  26.714495     3.4200     4.5309     0.0426     0.3807 1.1633e-01     2.4925      5.648      8.191     9.2080 0.0000e+00
      5.776      0.065    13.4652    116.861     39.064  26.726425     3.4200     4.5423     0.0426     0.3807 1.1617e-01     2.2971      5.664      8.215     9.2073 0.0000e+00
      5.793      0.065    13.4581    116.858     39.076  26.734216     3.4200     4.5385     0.0426     0.3807 1.1635e-01     2.3271      5.680      8.239     9.2067 0.0000e+00
      5.809      0.064    13.4508    116.883     39.073  26.732028     3.4200     4.5347     0.0426     0.3807 1.1615e-01     2.3121      5.696      8.262     9.2063 0.0000e+00
      5.825      0.063    13.4445    116.927     39.066  26.727194     3.4200     4.6224     0.0426     0.3807 1.1617e-01     2.0716      5.712      8.285     9.2060 0.0000e+00
      5.841      0.062    13.4408    116.978     39.065  26.726346     3.4200     4.6224     0.0426     0.3807 1.1617e-01     2.0416      5.728      8.308     9.2057 0.0000e+00
      5.857      0.061    13.4405    117.024     39.063  26.725297     3.4200     4.6148     0.0426     0.5499 1.1617e-01     2.2069      5.743      8.330     9.2055 0.0000e+00
      5.872      0.061    13.4434    117.048     39.061  26.723767     3.4200     4.5995     0.0426     0.5499 1.1612e-01     2.1468      5.758      8.352     9.2054 0.0000e+00
      5.887      0.061    13.4485    117.040     39.064  26.725308     3.4200     4.6682     0.0426     0.5499 1.1602e-01     2.3572      5.773      8.373     9.2053 0.0000e+00
      5.903      0.061    13.4544    117.003     39.066  26.726373     3.4200     4.6415     0.0426     0.5499 1.1612e-01     2.4173      5.788      8.395     9.2054 0.0000e+00
      5.918      0.061    13.4597    116.943     39.068  26.727245     3.4200     4.6377     0.0852     0.5499 1.1623e-01     2.3271      5.804      8.417     9.2054 0.0000e+00
      5.934      0.062    13.4624    116.875     39.076  26.732115     3.4200     4.6491     0.0852     0.5499 1.1605e-01     2.2820      5.819      8.440     9.2054 0.0000e+00
      5.950      0.062    13.4616    116.817     39.086  26.738322     3.4200     4.6034     0.0852     0.5499 1.1612e-01     2.2820      5.835      8.462     9.2052 0.0000e+00
      5.966      0.062    13.4574    116.778     39.088  26.739604     3.4200     4.6262     0.0852     0.5499 1.1617e-01     2.2370      5.850      8.485     9.2049 0.0000e+00
      5.982      0.062    13.4507    116.760     39.084  26.736302     3.4200     4.5881     0.0426     0.3807 1.1633e-01     2.3422      5.866      8.508     9.2042 0.0000e+00
      5.998      0.062    13.4431    116.760     39.078  26.731494     3.4200     4.5919     0.0426     0.3807 1.1615e-01     2.3572      5.882      8.531     9.2034 0.0000e+00
      6.013      0.061    13.4367    116.776     39.067  26.723899     3.4200     4.6072     0.0426     0.3807 1.1623e-01     2.2670      5.897      8.553     9.2025 0.0000e+00
      6.029      0.060    13.4325    116.805     39.061  26.719409     3.4200     4.6110     0.0426     0.3807 1.1602e-01     2.4023      5.912      8.575     9.2018 0.0000e+00
      6.044      0.059    13.4306    116.846     39.069  26.724748     3.4200     4.6034     0.0000     0.3384 1.1600e-01     2.4023      5.927      8.596     9.2013 0.0000e+00
      6.059      0.058    13.4308    116.892     39.087  26.737378     3.4200     4.6262     0.0000     0.3384 1.1602e-01     2.4173      5.941      8.617     9.2008 0.0000e+00
      6.073      0.057    13.4327    116.940     39.104  26.748790     3.4200     4.5232     0.0000     0.3384 1.1612e-01     2.2971      5.956      8.638     9.2005 0.0000e+00
      6.087      0.057    13.4361    116.991     39.112  26.754108     3.4200     4.5385     0.0000     0.3384 1.1600e-01     2.3271      5.970      8.658     9.2002 0.0000e+00
      6.102      0.057    13.4409    117.053     39.112  26.754749     3.4200     4.5500     0.0000     0.3384 1.1623e-01     2.4023      5.984      8.679     9.2000 0.0000e+00
      6.116      0.058    13.4463    117.127     39.107  26.750886     3.4200     4.5423     0.0426     0.3807 1.1620e-01     2.3271      5.998      8.699     9.1999 0.0000e+00
      6.131      0.058    13.4518    117.205     39.104  26.749406     3.4200     4.5271     0.0426     0.3807 1.1602e-01     2.3873      6.012      8.720     9.1999 0.0000e+00
      6.146      0.059    13.4577    117.280     39.111  26.753875     3.4200     4.5500     0.0426     0.3807 1.1620e-01     2.3722      6.027      8.741     9.2000 0.0000e+00
      6.161      0.060    13.4647    117.352     39.116  26.757566     3.4200     4.5538     0.0426     0.3807 1.1623e-01     2.4023      6.042      8.763     9.2002 0.0000e+00
      6.176      0.061    13.4731    117.409     39.116  26.757502     3.5100     4.5271     0.0852     0.4230 1.1617e-01     2.2520      6.057      8.785     9.2004 0.0000e+00
      6.192      0.061    13.4820    117.436     39.105  26.749707     3.5100     4.5385     0.0852     0.4230 1.1600e-01     2.2670      6.072      8.807     9.2005 0.0000e+00
      6.208      0.061    13.4907    117.430     39.086  26.736063     3.5100     4.5385     0.0852     0.4230 1.1633e-01     2.4474      6.088      8.830     9.2005 0.0000e+00
      6.224      0.061    13.4990    117.393     39.075  26.728769     3.5100     4.5309     0.0852     0.4230 1.1612e-01     2.3121      6.104      8.853     9.2003 0.0000e+00
      6.240      0.061    13.5057    117.339     39.077  26.729839     3.4200     4.5652     0.0426     0.4653 1.1612e-01     2.2370      6.119      8.875     9.2001 0.0000e+00
      6.256      0.060    13.5089    117.282     39.086  26.735599     3.4200     4.5080     0.0426     0.4653 1.1620e-01     2.3271      6.135      8.897     9.1998 0.0000e+00
      6.271      0.059    13.5082    117.236     39.098  26.743625     3.4200     4.4813     0.0426     0.4653 1.1625e-01     2.3271      6.150      8.919     9.1996 0.0000e+00
      6.286      0.058    13.5041    117.208     39.105  26.748139     3.4200     4.5042     0.0426     0.4653 1.1628e-01     2.2370      6.165      8.941     9.1993 0.0000e+00
      6.301      0.058    13.4980    117.208     39.108  26.750344     3.4200     4.5080     0.0426     0.4653 1.1617e-01     2.3121      6.179      8.962     9.1989 0.0000e+00
      6.315      0.057    13.4916    117.229     39.108  26.750828     3.4200     4.4126     0.0852     0.3807 1.1625e-01     2.5075      6.193      8.982     9.1985 0.0000e+00
      6.330      0.056    13.4863    117.250     39.106  26.749722     3.4200     4.4050     0.0852     0.3807 1.1617e-01     2.2971      6.207      9.003     9.1982 0.0000e+00
      6.344      0.055    13.4832    117.262     39.107  26.750688     3.4200     4.4088     0.0852     0.3807 1.1625e-01     2.2520      6.221      9.023     9.1981 0.0000e+00
      6.358      0.055    13.4832    117.257     39.106  26.750026     3.4200     4.4164     0.0852     0.3807 1.1623e-01     2.4173      6.235      9.043     9.1983 0.0000e+00
      6.372      0.054    13.4854    117.231     39.102  26.747559     3.4200     4.4279     0.0426     0.3807 1.1612e-01     2.3572      6.248      9.063     9.1987 0.0000e+00
      6.385      0.054    13.4876    117.200     39.100  26.746588     3.4200     4.4012     0.0426     0.3807 1.1623e-01     2.2971      6.262      9.082     9.1992 0.0000e+00
      6.399      0.054    13.4889    117.166     39.095  26.742895     3.4200     4.4088     0.0426     0.3807 1.1625e-01     2.3873      6.275      9.102     9.1998 0.0000e+00
      6.412      0.053    13.4881    117.116     39.084  26.735494     3.4200     4.4012     0.0426     0.3807 1.1623e-01     2.4023      6.288      9.121     9.2003 0.0000e+00
      6.426      0.053    13.4850    117.055     39.083  26.734292     3.4200     4.4202     0.0426     0.5076 1.1623e-01     2.2520      6.301      9.140     9.2006 0.0000e+00
      6.439      0.053    13.4813    117.006     39.096  26.742927     3.4200     4.4126     0.0426     0.5076 1.1623e-01     2.2971      6.315      9.159     9.2008 0.0000e+00
      6.453      0.053    13.4774    116.978     39.115  26.755783     3.4200     4.4164     0.0426     0.5076 1.1607e-01     2.3572      6.328      9.178     9.2008 0.0000e+00
      6.467      0.054    13.4717    116.978     39.134  26.768368     3.4200     4.4202     0.0426     0.5076 1.1610e-01     2.3422      6.342      9.198     9.2006 0.0000e+00
      6.480      0.054    13.4649    117.000     39.146  26.776120     3.4200     4.4202     0.0000     0.5076 1.1620e-01     2.3572      6.355      9.217     9.2002 0.0000e+00
      6.494      0.053    13.4594    117.026     39.148  26.777147     3.4200     4.4279     0.0000     0.5076 1.1610e-01     2.2820      6.368      9.237     9.1997 0.0000e+00
      6.507      0.053    13.4564    117.046     39.146  26.775681     3.4200     4.4279     0.0000     0.5076 1.1625e-01     2.2370      6.382      9.256     9.1992 0.0000e+00
      6.521      0.053    13.4565    117.061     39.146  26.775292     3.4200     4.4202     0.0000     0.5076 1.1615e-01     2.1919      6.395      9.275     9.1987 0.0000e+00
      6.534      0.053    13.4592    117.061     39.147  26.775876     3.4200     4.3058     0.0000     0.5076 1.1615e-01     2.1017      6.408      9.294     9.1982 0.0000e+00
      6.548      0.053    13.4623    117.041     39.147  26.775609     3.4200     4.3287     0.0426     0.4653 1.1640e-01     2.1317      6.421      9.314     9.1978 0.0000e+00
      6.561      0.053    13.4647    117.007     39.143  26.772440     3.4200     4.2944     0.0426     0.4653 1.1623e-01     2.1017      6.435      9.333     9.1975 0.0000e+00
