Data/DataNotYetUploadedToEDI/Raw_CTD/RawDownloads/050123_bvr50_S8188002.cnv
* Sea-Bird SBE19plus  Data File:
* FileName = C:\R\Reservoirs\Data\DataNotYetUploadedToEDI\Raw_CTD\RawDownloads\042423_bvr50_S8188_0002.hex
* Software version 2.8.0.119
* Temperature SN = 8188
* Conductivity SN = 8188
* System UpLoad Time = May 11 2023 10:38:17
* <ApplicationData>
* <Seaterm232>
# nquan = 16
# nvalues = 1267                        
# units = specified
# name 0 = depFM: Depth [fresh water, m]
# name 1 = dz/dtM: Descent Rate [m/s]
# name 2 = sbeox0Mg/L: Oxygen, SBE 43 [mg/l]
# name 3 = sbeox0PS: Oxygen, SBE 43 [% saturation]
# name 4 = specc: Specific Conductance [uS/cm]
# name 5 = c0uS/cm: Conductivity [uS/cm]
# name 6 = wetCDOM: Fluorescence, WET Labs CDOM [mg/m^3]
# name 7 = flECO-AFL: Fluorescence, WET Labs ECO-AFL/FL [mg/m^3]
# name 8 = flECO-AFL1: Fluorescence, WET Labs ECO-AFL/FL, 2 [mg/m^3]
# name 9 = flECO-AFL2: Fluorescence, WET Labs ECO-AFL/FL, 3 [mg/m^3]
# name 10 = par/sat/log: PAR/Logarithmic, Satlantic
# name 11 = turbWETntu0: Turbidity, WET Labs ECO [NTU]
# name 12 = prdM: Pressure, Strain Gauge [db]
# name 13 = prdE: Pressure, Strain Gauge [psi]
# name 14 = tv290C: Temperature [ITS-90, deg C]
# name 15 = flag:  0.000e+00
# span 0 =     -0.894,      9.253       
# span 1 =     -0.344,      0.204       
# span 2 =     0.1398,    10.3020       
# span 3 =      1.173,    101.195       
# span 4 =      3.878,     56.855       
# span 5 =   3.143157,  37.180676       
# span 6 =    -4.5000,     5.6700       
# span 7 =    -0.1308,     8.7042       
# span 8 =    -2.1300,     0.8520       
# span 9 =    -2.0304,    11.8440       
# span 10 = 1.1595e-01, 5.2010e+02      
# span 11 =     0.2981,    28.8253      
# span 12 =     -0.876,      9.074      
# span 13 =     -1.271,     13.160      
# span 14 =     7.6953,    15.9346      
# span 15 = 0.0000e+00, 0.0000e+00      
# interval = seconds: 0.25
# start_time = May 01 2023 10:23:04 [Instrument's time stamp, header]
# bad_flag = -9.990e-29
*END*
[from data line 91]
     -0.137      0.000     6.4073     62.811     28.483  23.083735     2.6100     0.9793     0.0000     0.1269 1.5091e+02     1.9063     -0.135     -0.195    15.5500 0.0000e+00
     -0.137      0.000     6.3724     62.453     28.473  23.071155     2.6100     0.9984     0.0000     0.1269 1.3296e+02     1.8913     -0.135     -0.196    15.5412 0.0000e+00
     -0.137      0.000     6.3360     62.117     28.466  23.061681     2.6100     0.9908     0.0426     0.2115 1.3674e+02     1.8311     -0.135     -0.196    15.5330 0.0000e+00
     -0.137      0.000     6.2991     61.812     28.460  23.052787     2.6100     0.9793     0.0426     0.2115 1.5690e+02     1.8161     -0.135     -0.196    15.5251 0.0000e+00
     -0.137      0.000     6.2631     61.535     28.455  23.046061     2.6100     1.0404     0.0426     0.2115 1.2886e+02     1.8913     -0.135     -0.196    15.5174 0.0000e+00
     -0.137      0.001     6.2284     61.276     28.456  23.043666     2.6100     1.0556     0.0426     0.2115 1.5680e+02     1.8762     -0.135     -0.195    15.5103 0.0000e+00
     -0.137      0.001     6.1958     61.031     28.457  23.041006     2.6100     1.0594     0.0426     0.2115 1.3021e+02     1.8462     -0.134     -0.195    15.5038 0.0000e+00
     -0.137      0.001     6.1661     60.794     28.451  23.033413     2.6100     1.0289     0.0426     0.2115 1.2858e+02     1.8762     -0.134     -0.194    15.4977 0.0000e+00
     -0.136      0.001     6.1392     60.561     28.442  23.022819     2.6100     0.9908     0.0426     0.2115 1.5851e+02     1.8762     -0.134     -0.194    15.4918 0.0000e+00
     -0.136      0.001     6.1142     60.333     28.435  23.014318     2.6100     0.9793     0.0426     0.2115 1.1834e+02     1.8762     -0.133     -0.193    15.4861 0.0000e+00
     -0.136      0.001     6.0905     60.113     28.439  23.013559     2.6100     0.9984     0.0426     0.2115 1.5734e+02     1.9363     -0.133     -0.193    15.4805 0.0000e+00
     -0.136      0.001     6.0675     59.904     28.451  23.020340     2.6100     0.9755     0.0426     0.2115 1.2802e+02     1.7860     -0.133     -0.193    15.4752 0.0000e+00
     -0.135      0.001     6.0449     59.706     28.461  23.024594     2.6100     0.9717     0.0426     0.2115 1.4247e+02     1.7259     -0.133     -0.192    15.4699 0.0000e+00
     -0.135      0.001     6.0230     59.515     28.459  23.019537     2.6100     0.9717     0.0426     0.2115 1.3913e+02     1.8612     -0.132     -0.192    15.4642 0.0000e+00
     -0.135      0.001     6.0018     59.330     28.450  23.007779     2.6100     0.9870     0.0426     0.2115 1.3886e+02     1.8462     -0.132     -0.192    15.4581 0.0000e+00
     -0.135      0.001     5.9817     59.148     28.438  22.994102     2.6100     0.9755     0.0426     0.2115 1.4259e+02     1.8762     -0.132     -0.192    15.4518 0.0000e+00
     -0.134      0.001     5.9627     58.962     28.430  22.982777     2.6100     1.0671     0.0426     0.2115 1.4424e+02     1.8462     -0.132     -0.191    15.4454 0.0000e+00
     -0.134      0.001     5.9445     58.777     28.426  22.974740     2.6100     1.0251     0.0426     0.2115 1.3429e+02     1.8161     -0.131     -0.191    15.4390 0.0000e+00
     -0.134      0.001     5.9268     58.609     28.430  22.971808     2.6100     1.0480     0.0426     0.2115 1.3359e+02     1.8011     -0.131     -0.190    15.4323 0.0000e+00
     -0.134      0.001     5.9096     58.452     28.445  22.977157     2.6100     1.0327     0.0000     0.2115 1.4487e+02     1.7410     -0.131     -0.190    15.4249 0.0000e+00
     -0.133      0.001     5.8921     58.296     28.462  22.984295     2.6100     1.0366     0.0000     0.2115 1.3287e+02     1.9213     -0.131     -0.190    15.4166 0.0000e+00
     -0.133      0.000     5.8748     58.145     28.475  22.987210     2.6100     1.0366     0.0000     0.2115 1.4259e+02     1.9363     -0.130     -0.190    15.4072 0.0000e+00
     -0.133      0.000     5.8594     58.004     28.484  22.986679     2.6100     1.0366     0.0000     0.2115 1.4544e+02     1.7860     -0.130     -0.189    15.3967 0.0000e+00
     -0.133      0.000     5.8451     57.871     28.488  22.982558     2.6100     1.0480     0.0000     0.2961 1.3067e+02     1.9514     -0.130     -0.189    15.3853 0.0000e+00
     -0.133      0.000     5.8310     57.741     28.492  22.977708     2.6100     1.0442     0.0000     0.2961 1.5075e+02     2.1317     -0.130     -0.189    15.3730 0.0000e+00
     -0.133      0.000     5.8175     57.606     28.498  22.974794     2.6100     1.0404     0.0000     0.2961 1.3623e+02     2.1017     -0.130     -0.189    15.3602 0.0000e+00
     -0.133      0.001     5.8050     57.470     28.506  22.973038     2.6100     1.0442     0.0000     0.2961 1.4531e+02     2.0416     -0.130     -0.189    15.3470 0.0000e+00
     -0.133      0.001     5.7933     57.344     28.514  22.971971     2.6100     1.0366     0.0426     0.2115 1.4387e+02     2.0716     -0.130     -0.189    15.3334 0.0000e+00
     -0.133      0.001     5.7821     57.230     28.522  22.971309     2.6100     1.0213     0.0426     0.2115 1.3579e+02     2.0416     -0.130     -0.188    15.3195 0.0000e+00
     -0.132      0.001     5.7703     57.125     28.529  22.970876     2.6100     1.0442     0.0426     0.2115 1.3597e+02     2.1017     -0.129     -0.188    15.3056 0.0000e+00
     -0.132      0.001     5.7583     57.024     28.537  22.970555     2.6100     1.0556     0.0426     0.2115 1.2511e+02     2.1017     -0.129     -0.187    15.2918 0.0000e+00
     -0.132      0.001     5.7474     56.927     28.545  22.970261     2.6100     1.0518     0.0426     0.2115 1.4687e+02     2.1618     -0.129     -0.187    15.2787 0.0000e+00
     -0.131      0.000     5.7375     56.836     28.559  22.973874     2.6100     1.0366     0.0426     0.2115 1.2327e+02     1.8612     -0.128     -0.186    15.2664 0.0000e+00
     -0.131     -0.001     5.7284     56.753     28.580  22.982356     2.6100     1.0480     0.0426     0.2115 1.4478e+02     1.8762     -0.128     -0.186    15.2547 0.0000e+00
     -0.131     -0.002     5.7198     56.678     28.595  22.986094     2.6100     1.0251     0.0426     0.2115 1.4032e+02     1.8612     -0.129     -0.187    15.2429 0.0000e+00
     -0.132     -0.003     5.7115     56.614     28.602  22.982126     2.6100     1.0518     0.0426     0.2115 1.3778e+02     1.8161     -0.129     -0.188    15.2306 0.0000e+00
     -0.133     -0.005     5.7040     56.571     28.608  22.977309     2.5200     1.0175     0.0852     0.1269 1.4796e+02     1.8913     -0.130     -0.189    15.2174 0.0000e+00
     -0.134     -0.007     5.6974     56.561     28.624  22.978277     2.5200     1.0442     0.0852     0.1269 1.4349e+02     1.8462     -0.131     -0.191    15.2034 0.0000e+00
     -0.136     -0.010     5.6917     56.597     28.658  22.989247     2.5200     1.0327     0.0852     0.1269 1.3721e+02     1.9063     -0.133     -0.194    15.1885 0.0000e+00
     -0.138     -0.014     5.6873     56.707     28.714  23.009186     2.5200     1.0327     0.0852     0.1269 1.4154e+02     1.7560     -0.136     -0.197    15.1728 0.0000e+00
     -0.141     -0.020     5.6851     56.939     28.795  23.035492     2.6100     1.0442     0.0426     0.3807 1.4228e+02     1.7560     -0.139     -0.202    15.1558 0.0000e+00
     -0.146     -0.025     5.6866     57.350     28.890  23.063303     2.6100     1.0404     0.0426     0.3807 1.2514e+02     1.8462     -0.144     -0.208    15.1358 0.0000e+00
     -0.154     -0.030     5.6938     58.014     28.976  23.084197     2.6100     1.0442     0.0426     0.3807 1.4990e+02     1.7860     -0.151     -0.219    15.1076 0.0000e+00
     -0.164     -0.034     5.7104     59.011     29.031  23.091868     2.6100     1.0251     0.0426     0.3807 1.1640e+02     1.8762     -0.160     -0.233    15.0637 0.0000e+00
     -0.175     -0.035     5.7420     60.382     29.053  23.088359     2.6100     0.8306     0.0852     0.1692 1.7567e+02     1.8311     -0.172     -0.250    14.9976 0.0000e+00
     -0.187     -0.034     5.7941     62.091     29.060  23.080652     2.6100     0.8573     0.0852     0.1692 1.7575e+02     1.9063     -0.183     -0.266    14.9135 0.0000e+00
     -0.195     -0.032     5.8717     64.031     29.066  23.074609     2.6100     0.8535     0.0852     0.1692 1.9570e+02     1.9664     -0.191     -0.278    14.8309 0.0000e+00
     -0.202     -0.029     5.9806     66.045     29.081  23.072578     2.6100     0.8725     0.0852     0.1692 2.1417e+02     1.8161     -0.198     -0.287    14.7689 0.0000e+00
     -0.207     -0.028     6.1245     67.962     29.108  23.074018     2.6100     0.8611     0.0852     0.1692 1.8439e+02     1.8161     -0.203     -0.295    14.7314 0.0000e+00
     -0.212     -0.030     6.3010     69.624     29.149  23.079311     2.6100     0.8687     0.0426     0.1692 2.2012e+02     1.8762     -0.208     -0.302    14.7091 0.0000e+00
     -0.219     -0.035     6.5005     70.917     29.196  23.085908     2.6100     0.8649     0.0426     0.1692 1.7555e+02     1.9664     -0.214     -0.311    14.6903 0.0000e+00
     -0.227     -0.042     6.7085     71.802     29.233  23.087651     2.6100     0.8420     0.0426     0.1692 1.9371e+02     1.8762     -0.223     -0.323    14.6664 0.0000e+00
     -0.238     -0.050     6.9085     72.347     29.254  23.085003     2.6100     0.8802     0.0426     0.1692 1.6711e+02     1.8612     -0.234     -0.339    14.6312 0.0000e+00
     -0.253     -0.055     7.0846     72.699     29.268  23.085173     2.6100     0.8649     0.0426     0.1692 1.9363e+02     1.8762     -0.248     -0.360    14.5846 0.0000e+00
     -0.271     -0.058     7.2241     73.028     29.274  23.088207     2.6100     0.8496     0.0426     0.1692 1.7836e+02     1.8161     -0.265     -0.385    14.5332 0.0000e+00
     -0.290     -0.056     7.3215     73.443     29.270  23.090955     2.6100     0.8573     0.0426     0.1692 2.3230e+02     1.8462     -0.284     -0.412    14.4864 0.0000e+00
     -0.307     -0.049     7.3823     73.968     29.257  23.094150     2.6100     0.7314     0.0426     0.1692 3.0747e+02     1.8762     -0.301     -0.437    14.4524 0.0000e+00
     -0.320     -0.039     7.4209     74.571     29.237  23.098645     2.6100     0.7581     0.0426     0.2538 3.0289e+02     1.8762     -0.314     -0.455    14.4347 0.0000e+00
     -0.328     -0.026     7.4548     75.189     29.213  23.105639     2.6100     0.7314     0.0426     0.2538 2.9761e+02     1.9514     -0.322     -0.467    14.4318 0.0000e+00
     -0.332     -0.013     7.4954     75.742     29.186  23.116998     2.6100     0.7238     0.0426     0.2538 2.9632e+02     1.7860     -0.326     -0.472    14.4418 0.0000e+00
     -0.332     -0.002     7.5452     76.155     29.158  23.131793     2.6100     0.8039     0.0426     0.2538 2.8458e+02     1.8311     -0.326     -0.473    14.4641 0.0000e+00
     -0.329      0.007     7.6009     76.386     29.137  23.150015     2.6100     0.7886     0.0426     0.1692 2.1973e+02     1.9063     -0.323     -0.468    14.4986 0.0000e+00
     -0.325      0.012     7.6563     76.441     29.129  23.176522     2.6100     0.7962     0.0426     0.1692 2.0762e+02     1.8462     -0.318     -0.462    14.5440 0.0000e+00
     -0.320      0.015     7.7032     76.386     29.144  23.222344     2.6100     0.8000     0.0426     0.1692 1.8106e+02     1.7860     -0.313     -0.455    14.6000 0.0000e+00
     -0.315      0.016     7.7348     76.329     29.192  23.303657     2.6100     0.8916     0.0426     0.1692 1.8869e+02     1.8612     -0.309     -0.448    14.6624 0.0000e+00
     -0.311      0.016     7.7480     76.416     29.277  23.430271     2.6100     0.9259     0.0426     0.1692 2.2564e+02     1.9063     -0.305     -0.442    14.7230 0.0000e+00
     -0.307      0.016     7.7442     76.842     29.357  23.574589     2.6100     0.9069     0.0426     0.2538 2.1931e+02     1.9514     -0.301     -0.437    14.7789 0.0000e+00
     -0.303      0.016     7.7288     77.858     29.380  23.688007     2.6100     0.9565     0.0426     0.2538 2.0109e+02     1.9063     -0.298     -0.431    14.8369 0.0000e+00
     -0.300      0.016     7.7108     79.682     29.358  23.763169     2.6100     0.9526     0.0426     0.2538 1.9042e+02     1.9063     -0.294     -0.426    14.9092 0.0000e+00
     -0.296      0.017     7.7023     82.360     29.325  23.812205     2.6100     0.9145     0.0426     0.2538 2.0739e+02     1.8161     -0.290     -0.420    15.0096 0.0000e+00
     -0.292      0.018     7.7218     85.723     29.289  23.840276     2.6100     0.9259     0.0426     0.1269 1.8307e+02     1.8762     -0.286     -0.414    15.1467 0.0000e+00
     -0.287      0.020     7.7959     89.451     29.259  23.854870     2.6100     0.9221     0.0426     0.1269 1.9150e+02     1.8011     -0.281     -0.407    15.3091 0.0000e+00
     -0.281      0.021     7.9509     93.147     29.232  23.859880     2.6100     0.9030     0.0426     0.1269 2.0311e+02     1.8011     -0.276     -0.400    15.4671 0.0000e+00
     -0.276      0.021     8.1951     96.419     29.207  23.856641     2.6100     0.9069     0.0426     0.1269 2.2422e+02     1.7560     -0.270     -0.391    15.5976 0.0000e+00
     -0.270      0.021     8.5124     98.952     29.187  23.852209     2.6100     0.9107     0.0852     0.1269 2.0839e+02     1.9363     -0.264     -0.383    15.6945 0.0000e+00
     -0.264      0.020     8.8703    100.551     29.177  23.851339     2.6100     0.9336     0.0852     0.1269 2.4936e+02     1.8161     -0.259     -0.375    15.7622 0.0000e+00
     -0.259      0.019     9.2285    101.195     29.167  23.847862     2.6100     0.9221     0.0852     0.1269 3.3083e+02     1.8462     -0.254     -0.368    15.8077 0.0000e+00
     -0.255      0.017     9.5474    101.025     29.162  23.846788     2.6100     0.8649     0.0852     0.1269 2.9806e+02     1.7560     -0.250     -0.362    15.8376 0.0000e+00
     -0.251      0.015     9.7947    100.258     29.174  23.857729     2.6100     0.8954     0.0852     0.1692 2.9683e+02     1.8762     -0.246     -0.356    15.8569 0.0000e+00
     -0.247      0.013     9.9506     99.124     29.192  23.873705     2.6100     0.8840     0.0852     0.1692 3.4507e+02     1.9063     -0.242     -0.351    15.8695 0.0000e+00
     -0.243      0.011    10.0129     97.821     29.203  23.883140     2.6100     0.8573     0.0852     0.1692 2.8059e+02     1.8762     -0.238     -0.346    15.8775 0.0000e+00
     -0.241      0.007     9.9952     96.491     29.204  23.884591     2.6100     0.9145     0.0852     0.1692 3.1259e+02     1.9213     -0.236     -0.342    15.8825 0.0000e+00
     -0.239      0.004     9.9189     95.222     29.202  23.882406     2.6100     0.9030     0.0852     0.1692 2.9254e+02     1.9063     -0.234     -0.339    15.8854 0.0000e+00
     -0.238      0.001     9.8064     94.068     29.198  23.877980     2.6100     0.9145     0.0426     0.1692 2.8341e+02     1.8612     -0.233     -0.338    15.8870 0.0000e+00
     -0.239     -0.002     9.6774     93.052     29.200  23.878050     2.6100     0.8916     0.0426     0.1692 3.1752e+02     1.8011     -0.234     -0.339    15.8878 0.0000e+00
     -0.240     -0.002     9.5458     92.192     29.209  23.884615     2.6100     0.8649     0.0426     0.1692 2.8957e+02     1.8462     -0.236     -0.342    15.8880 0.0000e+00
     -0.242     -0.001     9.4204     91.500     29.210  23.885569     2.6100     0.8382     0.0426     0.1692 3.5112e+02     1.8011     -0.238     -0.345    15.8872 0.0000e+00
     -0.243      0.002     9.3066     90.960     29.207  23.883147     2.6100     0.8725     0.0000     0.1269 3.5643e+02     1.8762     -0.239     -0.346    15.8853 0.0000e+00
     -0.243      0.007     9.2065     90.547     29.210  23.886599     2.6100     0.8382     0.0000     0.1269 2.6168e+02     1.7860     -0.238     -0.346    15.8831 0.0000e+00
