Data/DataNotYetUploadedToEDI/Raw_CTD/RawDownloads/050123_bvr50_S8188002.cnv
* Sea-Bird SBE19plus  Data File:
* FileName = C:\R\Reservoirs\Data\DataNotYetUploadedToEDI\Raw_CTD\RawDownloads\042423_bvr50_S8188_0002.hex
* Software version 2.8.0.119
* Temperature SN = 8188
* Conductivity SN = 8188
* System UpLoad Time = May 11 2023 10:38:17
* <ApplicationData>
* <Seaterm232>
# nquan = 16
# nvalues = 1267                        
# units = specified
# name 0 = depFM: Depth [fresh water, m]
# name 1 = dz/dtM: Descent Rate [m/s]
# name 2 = sbeox0Mg/L: Oxygen, SBE 43 [mg/l]
# name 3 = sbeox0PS: Oxygen, SBE 43 [% saturation]
# name 4 = specc: Specific Conductance [uS/cm]
# name 5 = c0uS/cm: Conductivity [uS/cm]
# name 6 = wetCDOM: Fluorescence, WET Labs CDOM [mg/m^3]
# name 7 = flECO-AFL: Fluorescence, WET Labs ECO-AFL/FL [mg/m^3]
# name 8 = flECO-AFL1: Fluorescence, WET Labs ECO-AFL/FL, 2 [mg/m^3]
# name 9 = flECO-AFL2: Fluorescence, WET Labs ECO-AFL/FL, 3 [mg/m^3]
# name 10 = par/sat/log: PAR/Logarithmic, Satlantic
# name 11 = turbWETntu0: Turbidity, WET Labs ECO [NTU]
# name 12 = prdM: Pressure, Strain Gauge [db]
# name 13 = prdE: Pressure, Strain Gauge [psi]
# name 14 = tv290C: Temperature [ITS-90, deg C]
# name 15 = flag:  0.000e+00
# span 0 =     -0.894,      9.253       
# span 1 =     -0.344,      0.204       
# span 2 =     0.1398,    10.3020       
# span 3 =      1.173,    101.195       
# span 4 =      3.878,     56.855       
# span 5 =   3.143157,  37.180676       
# span 6 =    -4.5000,     5.6700       
# span 7 =    -0.1308,     8.7042       
# span 8 =    -2.1300,     0.8520       
# span 9 =    -2.0304,    11.8440       
# span 10 = 1.1595e-01, 5.2010e+02      
# span 11 =     0.2981,    28.8253      
# span 12 =     -0.876,      9.074      
# span 13 =     -1.271,     13.160      
# span 14 =     7.6953,    15.9346      
# span 15 = 0.0000e+00, 0.0000e+00      
# interval = seconds: 0.25
# start_time = May 01 2023 10:23:04 [Instrument's time stamp, header]
# bad_flag = -9.990e-29
*END*
[from data line 995]
      8.817      0.037     0.3837      2.592     35.906  23.531660     3.8700     2.6464     0.1278     0.2961 1.1620e-01     5.5887      8.647     12.541     7.7751 0.0000e+00
      8.827      0.038     0.3673      2.404     36.012  23.600351     3.8700     2.6578     0.1278     0.3384 1.1625e-01     5.6338      8.656     12.554     7.7725 0.0000e+00
      8.837      0.038     0.3495      2.212     36.059  23.631001     3.8700     2.6502     0.1278     0.3384 1.1623e-01     5.4985      8.666     12.568     7.7704 0.0000e+00
      8.847      0.038     0.3300      2.021     36.074  23.639702     3.8700     3.0164     0.1278     0.3384 1.1612e-01     5.7690      8.675     12.582     7.7687 0.0000e+00
      8.856      0.039     0.3087      1.836     36.095  23.652528     3.8700     2.9897     0.1278     0.3384 1.1615e-01     5.7239      8.685     12.596     7.7672 0.0000e+00
      8.866      0.039     0.2863      1.664     36.134  23.676857     3.9600     3.0240     0.1704     0.4230 1.1620e-01     5.8442      8.694     12.610     7.7660 0.0000e+00
      8.876      0.040     0.2635      1.512     36.178  23.703343     3.9600     3.0164     0.1704     0.4230 1.1612e-01     5.7239      8.704     12.624     7.7650 0.0000e+00
      8.886      0.041     0.2407      1.388     36.217  23.727171     3.9600     3.0279     0.1704     0.4230 1.1612e-01     5.8292      8.714     12.639     7.7641 0.0000e+00
      8.897      0.042     0.2186      1.294     36.262  23.754695     3.9600     3.0240     0.1704     0.4230 1.1617e-01     5.7991      8.725     12.654     7.7628 0.0000e+00
      8.908      0.042     0.1981      1.229     36.323  23.793255     3.8700     3.0355     0.1278     0.4653 1.1617e-01     5.9193      8.736     12.670     7.7607 0.0000e+00
      8.919      0.043     0.1801      1.192     36.410  23.849175     3.8700     3.0279     0.1278     0.4653 1.1628e-01     5.8442      8.747     12.686     7.7579 0.0000e+00
      8.930      0.043     0.1653      1.177     36.507  23.911634     3.8700     2.8943     0.1278     0.4653 1.1625e-01     5.5286      8.757     12.701     7.7550 0.0000e+00
      8.940      0.044     0.1541      1.173     36.591  23.965617     3.8700     2.8829     0.1278     0.4653 1.1620e-01     5.5736      8.768     12.716     7.7526 0.0000e+00
      8.951      0.044     0.1464      1.178     36.674  24.019579     3.8700     2.8829     0.1704     0.5922 1.1600e-01     5.5887      8.778     12.732     7.7506 0.0000e+00
      8.963      0.045     0.1420      1.194     36.768  24.079994     3.8700     2.8829     0.1704     0.5922 1.1612e-01     5.5586      8.790     12.748     7.7491 0.0000e+00
      8.975      0.045     0.1403      1.218     36.865  24.143177     3.8700     1.7995     0.1704     0.5922 1.1633e-01     6.0696      8.801     12.765     7.7478 0.0000e+00
      8.987      0.045     0.1398      1.245     36.985  24.222018     3.8700     1.7575     0.1704     0.5922 1.1597e-01     6.0847      8.813     12.782     7.7465 0.0000e+00
      8.998      0.045     0.1404      1.274     37.156  24.333583     3.8700     1.7995     0.1704     0.5922 1.1612e-01     6.0095      8.824     12.798     7.7454 0.0000e+00
      9.010      0.044     0.1423      1.309     37.404  24.495744     3.8700     1.7690     0.1278     0.5922 1.1625e-01     6.0847      8.835     12.814     7.7445 0.0000e+00
      9.021      0.043     0.1451      1.350     37.784  24.743828     3.8700     1.4867     0.1278     0.5922 1.1617e-01     5.3933      8.846     12.830     7.7439 0.0000e+00
      9.031      0.042     0.1483      1.394     38.364  25.122214     3.8700     1.4714     0.1278     0.5922 1.1623e-01     5.3031      8.857     12.845     7.7436 0.0000e+00
      9.041      0.041     0.1519      1.436     39.207  25.672422     3.8700     1.4714     0.1278     0.5922 1.1612e-01     5.3482      8.867     12.860     7.7433 0.0000e+00
      9.052      0.041     0.1560      1.476     40.329  26.404583     3.9600     1.4791     0.1278     0.4230 1.1605e-01     5.4083      8.877     12.874     7.7429 0.0000e+00
      9.062      0.041     0.1608      1.515     41.618  27.244709     3.9600     1.3379     0.1278     0.4230 1.1638e-01     5.1528      8.887     12.889     7.7422 0.0000e+00
      9.072      0.041     0.1661      1.553     42.934  28.102059     3.9600     1.3494     0.1278     0.4230 1.1630e-01     5.0626      8.897     12.904     7.7409 0.0000e+00
      9.083      0.041     0.1712      1.585     44.325  29.009262     3.9600     1.3379     0.1278     0.4230 1.1612e-01     5.0927      8.908     12.919     7.7387 0.0000e+00
      9.094      0.041     0.1759      1.611     45.910  30.043906     4.1400     1.3570     0.0852     0.3807 1.1623e-01     5.0175      8.918     12.934     7.7353 0.0000e+00
      9.105      0.041     0.1806      1.634     47.623  31.163115     4.1400     1.4447     0.0852     0.3807 1.1605e-01     5.1528      8.928     12.949     7.7310 0.0000e+00
      9.115      0.041     0.1852      1.653     49.292  32.253483     4.1400     1.4829     0.0852     0.3807 1.1605e-01     5.1077      8.939     12.964     7.7263 0.0000e+00
      9.125      0.040     0.1890      1.669     50.887  33.294885     4.1400     1.4562     0.0852     0.3807 1.1630e-01     5.2129      8.949     12.979     7.7222 0.0000e+00
      9.135      0.039     0.1921      1.684     52.542  34.374916     4.5000     1.4867     0.0852     0.3807 1.1615e-01     5.0776      8.959     12.993     7.7192 0.0000e+00
      9.145      0.038     0.1948      1.697     54.128  35.409246     4.5000     1.5401     0.0852     0.3807 1.1615e-01     4.6568      8.969     13.008     7.7171 0.0000e+00
      9.155      0.037     0.1971      1.709     55.280  36.158745     4.5000     1.5134     0.0852     0.3807 1.1612e-01     4.6568      8.978     13.021     7.7154 0.0000e+00
      9.164      0.034     0.1991      1.717     55.977  36.611359     4.5000     1.5172     0.0852     0.3807 1.1623e-01     4.6267      8.987     13.034     7.7134 0.0000e+00
      9.173      0.032     0.2008      1.721     56.415  36.895705     4.5000     1.5401     0.0852     0.3807 1.1620e-01     4.5065      8.996     13.047     7.7109 0.0000e+00
      9.181      0.029     0.2023      1.725     56.699  37.079688     4.8600     1.9826     0.1278     0.2961 1.1628e-01     5.1378      9.003     13.058     7.7075 0.0000e+00
      9.188      0.026     0.2038      1.730     56.855  37.180676     4.8600     1.9941     0.1278     0.2961 1.1612e-01     5.1077      9.010     13.068     7.7039 0.0000e+00
      9.194      0.023     0.2049      1.734     56.853  37.178060     4.8600     1.9712     0.1278     0.2961 1.1612e-01     5.1227      9.016     13.077     7.7008 0.0000e+00
      9.199      0.021     0.2053      1.734     56.695  37.075105     4.8600     1.9559     0.1278     0.2961 1.1628e-01     5.0476      9.021     13.084     7.6987 0.0000e+00
      9.204      0.018     0.2058      1.735     56.428  36.901799     5.0400     2.1924     0.1704     0.2538 1.1615e-01     5.5286      9.026     13.091     7.6972 0.0000e+00
      9.208      0.017     0.2064      1.738     56.090  36.683234     5.0400     2.2153     0.1704     0.2538 1.1625e-01     5.5436      9.030     13.097     7.6960 0.0000e+00
      9.212      0.016     0.2069      1.743     55.727  36.448277     5.0400     2.2001     0.1704     0.2538 1.1633e-01     5.5586      9.034     13.102     7.6953 0.0000e+00
      9.215      0.015     0.2070      1.746     55.359  36.209542     5.0400     2.2306     0.1704     0.2538 1.1620e-01     5.6338      9.037     13.108     7.6955 0.0000e+00
      9.219      0.015     0.2070      1.746     54.938  35.937037     5.0400     2.6311     0.1278     0.2961 1.1623e-01     5.8893      9.041     13.113     7.6967 0.0000e+00
      9.223      0.015     0.2074      1.750     54.445  35.617512     5.0400     2.6159     0.1278     0.2961 1.1628e-01     5.8442      9.044     13.118     7.6986 0.0000e+00
      9.226      0.015     0.2080      1.761     53.970  35.310347     5.0400     2.6426     0.1278     0.2961 1.1635e-01     5.8893      9.048     13.123     7.7008 0.0000e+00
      9.230      0.016     0.2083      1.776     53.497  35.004932     5.0400     2.6273     0.1278     0.2961 1.1605e-01     5.8592      9.052     13.128     7.7031 0.0000e+00
      9.234      0.016     0.2083      1.791     52.805  34.556445     5.0400     4.3058     0.1278     0.2961 1.1623e-01     9.9324      9.056     13.134     7.7055 0.0000e+00
      9.239      0.015     0.2088      1.806     51.983  34.023530     5.1300     4.3287     0.0852     0.3807 1.1628e-01     9.8572      9.060     13.140     7.7083 0.0000e+00
      9.243      0.014     0.2100      1.816     51.485  33.703737     5.1300     4.3173     0.0852     0.3807 1.1628e-01     9.7520      9.064     13.147     7.7116 0.0000e+00
      9.247      0.011     0.2117      1.821     51.544  33.747457     5.1300     4.3211     0.0852     0.3807 1.1610e-01     9.7520      9.069     13.153     7.7152 0.0000e+00
      9.251      0.006     0.2136      1.826     52.177  34.164370     5.1300     4.8399     0.0852     0.3807 1.1610e-01    10.1428      9.072     13.158     7.7193 0.0000e+00
      9.253     -0.001     0.2153      1.831     53.378  34.950792     5.6700     4.8589     0.8520    11.4210 1.1623e-01    10.1578      9.074     13.160     7.7243 0.0000e+00
      9.252     -0.010     0.2164      1.833     54.812  35.886667     5.6700     4.8399     0.8520    11.4210 1.1610e-01    10.1879      9.073     13.160     7.7301 0.0000e+00
      9.250     -0.022     0.2171      1.829     55.662  36.439200     5.6700     4.8589     0.8520    11.4210 1.1620e-01    10.0226      9.071     13.156     7.7350 0.0000e+00
      9.243     -0.035     0.2176      1.822     55.059  36.040649     5.6700     8.6813     0.8520    11.4210 1.1612e-01    20.7240      9.065     13.147     7.7377 0.0000e+00
      9.234     -0.051     0.2182      1.820     52.624  34.446066     2.4300     8.7042     0.4686    11.8440 1.1633e-01    20.7240      9.055     13.133     7.7378 0.0000e+00
      9.219     -0.069     0.2185      1.829     48.868  31.992819     2.4300     8.6851     0.4686    11.8440 1.1623e-01    20.7841      9.041     13.113     7.7356 0.0000e+00
      9.200     -0.089     0.2180      1.848     45.083  29.525914     2.4300     8.6890     0.4686    11.8440 1.1612e-01    20.7090      9.023     13.086     7.7320 0.0000e+00
      9.176     -0.107     0.2172      1.873     42.218  27.664712     2.4300     3.3292     0.4686    11.8440 1.1617e-01     8.4294      8.999     13.051     7.7293 0.0000e+00
      9.145     -0.123     0.2170      1.914     40.301  26.423701     2.9700     3.3292     0.4686     9.8136 1.1610e-01     8.3843      8.968     13.007     7.7301 0.0000e+00
      9.108     -0.133     0.2180      1.988     39.207  25.719387     2.9700     3.3369     0.4686     9.8136 1.1615e-01     8.6248      8.932     12.955     7.7366 0.0000e+00
      9.068     -0.139     0.2202      2.110     38.791  25.455011     2.9700     3.3216     0.4686     9.8136 1.1612e-01     8.4895      8.892     12.897     7.7497 0.0000e+00
      9.028     -0.141     0.2231      2.285     38.557  25.304711     2.9700     2.0742     0.4686     9.8136 1.1615e-01    26.1649      8.853     12.841     7.7678 0.0000e+00
      8.992     -0.142     0.2278      2.516     38.101  25.006695     2.9700     2.0932     0.4686     9.8136 1.1615e-01    26.2100      8.818     12.790     7.7866 0.0000e+00
      8.959     -0.143     0.2366      2.800     37.500  24.614125     4.0500     2.0894     0.2556     1.6920 1.1595e-01    26.2852      8.786     12.744     7.8016 0.0000e+00
      8.927     -0.145     0.2511      3.125     36.959  24.261844     4.0500     2.0742     0.2556     1.6920 1.1623e-01    26.2551      8.755     12.698     7.8107 0.0000e+00
      8.892     -0.146     0.2718      3.467     36.505  23.966763     4.0500     1.8071     0.2556     1.6920 1.1602e-01    28.7050      8.720     12.647     7.8145 0.0000e+00
      8.851     -0.144     0.2993      3.793     36.184  23.759064     4.0500     1.8567     0.2556     1.6920 1.1620e-01    28.8253      8.680     12.589     7.8157 0.0000e+00
      8.807     -0.136     0.3331      4.078     36.042  23.666498     4.6800     1.8529     0.4686     0.7191 1.1630e-01    28.6750      8.637     12.527     7.8174 0.0000e+00
      8.766     -0.124     0.3717      4.316     35.976  23.622812     4.6800     1.8529     0.4686     0.7191 1.2886e-01    28.5848      8.597     12.469     7.8209 0.0000e+00
      8.735     -0.109     0.4123      4.510     35.880  23.558954     4.6800     1.7080     0.4686     0.7191 1.1688e-01     7.9484      8.566     12.424     7.8255 0.0000e+00
      8.714     -0.093     0.4510      4.675     35.760  23.479669     4.6800     1.7118     0.4686     0.7191 1.2642e-01     7.9634      8.545     12.394     7.8290 0.0000e+00
      8.699     -0.077     0.4849      4.830     35.674  23.423196     4.2300     1.6965     0.2982     0.6345 1.1610e-01     8.0686      8.530     12.372     7.8301 0.0000e+00
      8.684     -0.063     0.5132      4.971     35.632  23.396249     4.2300     1.7194     0.2982     0.6345 1.1610e-01     7.9785      8.516     12.352     7.8292 0.0000e+00
      8.668     -0.050     0.5363      5.089     35.613  23.383726     4.2300     1.2006     0.2982     0.6345 1.3772e-01     7.0316      8.500     12.328     7.8278 0.0000e+00
      8.651     -0.037     0.5560      5.183     35.602  23.376348     4.2300     1.2082     0.2982     0.6345 1.3138e-01     7.0015      8.484     12.304     7.8271 0.0000e+00
      8.640     -0.024     0.5743      5.253     35.578  23.360271     4.2300     1.2120     0.3408     0.5922 1.3115e-01     6.9865      8.473     12.288     7.8274 0.0000e+00
      8.637     -0.011     0.5911      5.298     35.528  23.327250     4.2300     1.2311     0.3408     0.5922 1.2266e-01     6.9564      8.470     12.284     7.8282 0.0000e+00
      8.641      0.000     0.6052      5.317     35.468  23.288274     4.2300     1.7652     0.3408     0.5922 1.1623e-01     5.7540      8.474     12.290     7.8287 0.0000e+00
      8.647      0.008     0.6164      5.308     35.417  23.254720     4.2300     1.7919     0.3408     0.5922 1.1607e-01     5.8592      8.480     12.299     7.8284 0.0000e+00
      8.652      0.011     0.6247      5.274     35.378  23.229519     4.2300     1.7499     0.3408     0.5922 1.1605e-01     5.6789      8.485     12.306     7.8279 0.0000e+00
      8.655      0.010     0.6301      5.228     35.348  23.209910     4.3200     1.7728     0.4260     0.5922 1.1617e-01     5.8141      8.488     12.310     7.8275 0.0000e+00
      8.656      0.006     0.6323      5.181     35.325  23.194620     4.3200     1.5783     0.4260     0.5922 1.1612e-01     5.8292      8.489     12.313     7.8276 0.0000e+00
      8.657      0.002     0.6312      5.129     35.314  23.187492     4.3200     1.6011     0.4260     0.5922 1.1612e-01     5.7991      8.490     12.314     7.8279 0.0000e+00
      8.658     -0.004     0.6271      5.074     35.305  23.182665     4.3200     1.5897     0.4260     0.5922 1.2018e-01     5.9193      8.491     12.315     7.8282 0.0000e+00
      8.657     -0.010     0.6217      5.022     35.286  23.170934     4.4100     1.5821     0.3408     0.5076 1.1615e-01     5.7841      8.490     12.314     7.8284 0.0000e+00
      8.655     -0.018     0.6161      4.974     35.264  23.157089     4.4100     1.8644     0.3408     0.5076 1.1615e-01     6.1448      8.487     12.310     7.8285 0.0000e+00
      8.650     -0.027     0.6100      4.926     35.244  23.145355     4.4100     1.7995     0.3408     0.5076 1.1625e-01     6.1147      8.483     12.303     7.8289 0.0000e+00
