Data/DataNotYetUploadedToEDI/Raw_CTD/RawDownloads/050123_bvr50_S8188002.cnv
* Sea-Bird SBE19plus  Data File:
* FileName = C:\R\Reservoirs\Data\DataNotYetUploadedToEDI\Raw_CTD\RawDownloads\042423_bvr50_S8188_0002.hex
* Software version 2.8.0.119
* Temperature SN = 8188
* Conductivity SN = 8188
* System UpLoad Time = May 11 2023 10:38:17
* <ApplicationData>
* <Seaterm232>
# nquan = 16
# nvalues = 1267                        
# units = specified
# name 0 = depFM: Depth [fresh water, m]
# name 1 = dz/dtM: Descent Rate [m/s]
# name 2 = sbeox0Mg/L: Oxygen, SBE 43 [mg/l]
# name 3 = sbeox0PS: Oxygen, SBE 43 [% saturation]
# name 4 = specc: Specific Conductance [uS/cm]
# name 5 = c0uS/cm: Conductivity [uS/cm]
# name 6 = wetCDOM: Fluorescence, WET Labs CDOM [mg/m^3]
# name 7 = flECO-AFL: Fluorescence, WET Labs ECO-AFL/FL [mg/m^3]
# name 8 = flECO-AFL1: Fluorescence, WET Labs ECO-AFL/FL, 2 [mg/m^3]
# name 9 = flECO-AFL2: Fluorescence, WET Labs ECO-AFL/FL, 3 [mg/m^3]
# name 10 = par/sat/log: PAR/Logarithmic, Satlantic
# name 11 = turbWETntu0: Turbidity, WET Labs ECO [NTU]
# name 12 = prdM: Pressure, Strain Gauge [db]
# name 13 = prdE: Pressure, Strain Gauge [psi]
# name 14 = tv290C: Temperature [ITS-90, deg C]
# name 15 = flag:  0.000e+00
# span 0 =     -0.894,      9.253       
# span 1 =     -0.344,      0.204       
# span 2 =     0.1398,    10.3020       
# span 3 =      1.173,    101.195       
# span 4 =      3.878,     56.855       
# span 5 =   3.143157,  37.180676       
# span 6 =    -4.5000,     5.6700       
# span 7 =    -0.1308,     8.7042       
# span 8 =    -2.1300,     0.8520       
# span 9 =    -2.0304,    11.8440       
# span 10 = 1.1595e-01, 5.2010e+02      
# span 11 =     0.2981,    28.8253      
# span 12 =     -0.876,      9.074      
# span 13 =     -1.271,     13.160      
# span 14 =     7.6953,    15.9346      
# span 15 = 0.0000e+00, 0.0000e+00      
# interval = seconds: 0.25
# start_time = May 01 2023 10:23:04 [Instrument's time stamp, header]
# bad_flag = -9.990e-29
*END*
[from data line 272]
      0.421      0.072     8.6180     87.246     29.185  23.878399     2.6100     1.0366     0.0426     0.2538 1.2368e+02     2.1768      0.413      0.599    15.9030 0.0000e+00
      0.440      0.075     8.6158     87.347     29.187  23.881516     2.6100     1.0442     0.0426     0.2538 1.2928e+02     2.0416      0.431      0.626    15.9032 0.0000e+00
      0.460      0.077     8.6167     87.460     29.184  23.880175     2.6100     1.0175     0.0426     0.2538 1.2419e+02     2.1017      0.451      0.654    15.9037 0.0000e+00
      0.480      0.078     8.6207     87.571     29.178  23.875998     2.6100     1.0366     0.0426     0.2538 1.1909e+02     2.0716      0.470      0.682    15.9044 0.0000e+00
      0.501      0.078     8.6280     87.667     29.173  23.873809     2.6100     1.1014     0.0426     0.1692 1.1961e+02     2.0566      0.490      0.712    15.9055 0.0000e+00
      0.521      0.077     8.6377     87.750     29.173  23.875005     2.6100     1.0938     0.0426     0.1692 1.1605e+02     2.0265      0.511      0.741    15.9069 0.0000e+00
      0.542      0.074     8.6486     87.818     29.177  23.879904     2.6100     1.0938     0.0426     0.1692 1.1201e+02     1.9213      0.531      0.770    15.9087 0.0000e+00
      0.561      0.070     8.6591     87.861     29.184  23.885855     2.6100     1.0938     0.0426     0.1692 1.0858e+02     2.1017      0.550      0.797    15.9111 0.0000e+00
      0.578      0.066     8.6681     87.862     29.189  23.890484     2.6100     1.0938     0.0426     0.2538 1.1380e+02     2.1017      0.567      0.822    15.9138 0.0000e+00
      0.594      0.062     8.6758     87.807     29.192  23.893048     2.6100     1.1014     0.0426     0.2538 1.1198e+02     2.0716      0.582      0.844    15.9162 0.0000e+00
      0.608      0.058     8.6823     87.693     29.189  23.890270     2.6100     1.1090     0.0426     0.2538 1.0868e+02     1.9965      0.596      0.865    15.9180 0.0000e+00
      0.622      0.056     8.6863     87.534     29.183  23.885370     2.6100     1.0785     0.0426     0.2538 1.1274e+02     2.1317      0.610      0.885    15.9189 0.0000e+00
      0.636      0.054     8.6863     87.349     29.183  23.884958     2.6100     1.0366     0.0426     0.1692 1.1080e+02     2.1017      0.623      0.904    15.9192 0.0000e+00
      0.649      0.053     8.6809     87.158     29.186  23.886945     2.6100     1.0289     0.0426     0.1692 1.0851e+02     2.1017      0.637      0.923    15.9191 0.0000e+00
      0.663      0.052     8.6697     86.990     29.188  23.887902     2.6100     1.0327     0.0426     0.1692 1.0865e+02     2.0716      0.650      0.942    15.9189 0.0000e+00
      0.676      0.052     8.6541     86.863     29.189  23.888084     2.6100     1.0518     0.0426     0.1692 1.1106e+02     2.1317      0.663      0.961    15.9187 0.0000e+00
      0.689      0.051     8.6358     86.781     29.189  23.887539     2.6100     1.0938     0.0426     0.1692 1.0785e+02     2.0566      0.676      0.980    15.9183 0.0000e+00
      0.702      0.050     8.6171     86.738     29.187  23.886122     2.6100     1.1205     0.0426     0.2538 1.1089e+02     2.0866      0.689      0.998    15.9177 0.0000e+00
      0.715      0.049     8.6006     86.726     29.183  23.883455     2.6100     1.1052     0.0426     0.2538 1.0924e+02     2.0716      0.701      1.017    15.9168 0.0000e+00
      0.728      0.049     8.5882     86.740     29.177  23.878828     2.6100     1.1167     0.0426     0.2538 1.1138e+02     2.0115      0.714      1.035    15.9160 0.0000e+00
      0.739      0.049     8.5802     86.780     29.172  23.874965     2.6100     1.0594     0.0426     0.2538 1.0986e+02     1.9063      0.725      1.052    15.9158 0.0000e+00
      0.751      0.049     8.5759     86.834     29.172  23.874795     2.6100     1.0442     0.0426     0.2538 1.1250e+02     1.8161      0.737      1.068    15.9160 0.0000e+00
      0.763      0.051     8.5746     86.880     29.172  23.874313     2.6100     1.0747     0.0426     0.2538 1.1077e+02     1.9063      0.749      1.086    15.9164 0.0000e+00
      0.776      0.052     8.5759     86.901     29.170  23.873392     2.6100     1.0366     0.0426     0.2538 1.0776e+02     2.0115      0.761      1.104    15.9166 0.0000e+00
      0.790      0.053     8.5799     86.879     29.171  23.873764     2.6100     1.0823     0.0426     0.2538 1.0795e+02     2.0716      0.775      1.124    15.9167 0.0000e+00
      0.805      0.053     8.5853     86.799     29.170  23.873549     2.6100     1.1014     0.0426     0.1692 1.0369e+02     2.0416      0.790      1.145    15.9166 0.0000e+00
      0.820      0.051     8.5899     86.662     29.172  23.874670     2.6100     1.1090     0.0426     0.1692 1.0109e+02     2.0716      0.805      1.167    15.9166 0.0000e+00
      0.834      0.047     8.5918     86.487     29.174  23.875447     2.6100     1.0976     0.0426     0.1692 9.9240e+01     2.0416      0.818      1.186    15.9168 0.0000e+00
      0.846      0.043     8.5896     86.301     29.175  23.876085     2.6100     1.1090     0.0426     0.1692 1.0085e+02     2.0265      0.829      1.203    15.9172 0.0000e+00
      0.855      0.039     8.5817     86.132     29.182  23.880715     2.6100     1.0976     0.0426     0.1692 1.0116e+02     2.0265      0.839      1.216    15.9173 0.0000e+00
      0.863      0.034     8.5682     86.015     29.190  23.886612     2.7000     1.0785     0.0000     0.3384 1.0102e+02     2.1468      0.847      1.228    15.9168 0.0000e+00
      0.871      0.031     8.5512     85.984     29.194  23.889411     2.7000     1.1167     0.0000     0.3384 1.0026e+02     1.9965      0.854      1.239    15.9158 0.0000e+00
      0.879      0.030     8.5330     86.058     29.193  23.887879     2.7000     1.0213     0.0000     0.3384 1.0280e+02     2.0566      0.862      1.249    15.9143 0.0000e+00
      0.886      0.029     8.5165     86.226     29.188  23.883586     2.7000     1.0594     0.0000     0.3384 1.0215e+02     2.0866      0.869      1.260    15.9128 0.0000e+00
      0.893      0.029     8.5052     86.450     29.180  23.877366     2.6100     1.0518     0.0426     0.1269 1.0129e+02     2.1468      0.876      1.270    15.9116 0.0000e+00
      0.900      0.029     8.5023     86.684     29.173  23.871521     2.6100     1.0366     0.0426     0.1269 1.0175e+02     2.1317      0.883      1.280    15.9106 0.0000e+00
      0.908      0.029     8.5097     86.905     29.175  23.872409     2.6100     1.0442     0.0426     0.1269 1.0083e+02     1.7860      0.891      1.291    15.9100 0.0000e+00
      0.916      0.029     8.5264     87.099     29.184  23.880266     2.6100     1.0442     0.0426     0.1269 1.0268e+02     1.9514      0.898      1.303    15.9096 0.0000e+00
      0.924      0.029     8.5486     87.255     29.196  23.889270     2.6100     1.0404     0.0000     0.2538 1.0072e+02     1.7860      0.906      1.314    15.9095 0.0000e+00
      0.931      0.029     8.5717     87.373     29.199  23.891926     2.6100     1.0404     0.0000     0.2538 1.0098e+02     1.8913      0.913      1.324    15.9094 0.0000e+00
      0.938      0.030     8.5936     87.462     29.193  23.886963     2.6100     1.1014     0.0000     0.2538 1.0107e+02     1.8161      0.920      1.335    15.9092 0.0000e+00
      0.945      0.031     8.6129     87.526     29.189  23.882952     2.6100     1.1014     0.0000     0.2538 9.9067e+01     1.9363      0.927      1.345    15.9089 0.0000e+00
      0.952      0.034     8.6284     87.571     29.192  23.884765     2.6100     1.1205     0.0000     0.2115 9.7064e+01     1.9514      0.934      1.355    15.9086 0.0000e+00
      0.961      0.039     8.6401     87.597     29.200  23.890903     2.6100     1.1014     0.0000     0.2115 9.7466e+01     1.8161      0.942      1.367    15.9082 0.0000e+00
      0.970      0.045     8.6490     87.597     29.206  23.895087     2.6100     1.0862     0.0000     0.2115 9.5516e+01     2.0115      0.952      1.381    15.9077 0.0000e+00
      0.983      0.051     8.6555     87.559     29.202  23.892494     2.6100     1.1014     0.0000     0.2115 9.4710e+01     2.0866      0.964      1.398    15.9069 0.0000e+00
      0.997      0.054     8.6601     87.476     29.196  23.888370     2.6100     1.0785     0.0000     0.2115 9.3809e+01     2.0566      0.978      1.419    15.9058 0.0000e+00
      1.014      0.056     8.6629     87.353     29.195  23.887555     2.6100     1.0976     0.0426     0.2115 8.9023e+01     2.1317      0.994      1.443    15.9049 0.0000e+00
      1.031      0.055     8.6629     87.220     29.192  23.885872     2.6100     1.0327     0.0426     0.2115 8.8061e+01     1.8612      1.011      1.467    15.9046 0.0000e+00
      1.046      0.052     8.6590     87.115     29.191  23.884851     2.6100     1.0366     0.0426     0.2115 8.9042e+01     1.8311      1.026      1.488    15.9053 0.0000e+00
      1.058      0.048     8.6506     87.068     29.198  23.890159     2.6100     1.0366     0.0426     0.2115 8.9081e+01     1.7710      1.038      1.506    15.9064 0.0000e+00
      1.069      0.042     8.6383     87.084     29.207  23.897272     2.6100     1.0213     0.0426     0.1692 9.0466e+01     1.9063      1.048      1.521    15.9072 0.0000e+00
      1.078      0.038     8.6251     87.158     29.213  23.902150     2.6100     1.0289     0.0426     0.1692 8.7298e+01     2.1017      1.058      1.534    15.9074 0.0000e+00
      1.087      0.036     8.6148     87.278     29.218  23.906093     2.6100     1.0594     0.0426     0.1692 8.8694e+01     2.0866      1.066      1.546    15.9073 0.0000e+00
      1.094      0.036     8.6102     87.423     29.222  23.908174     2.6100     1.0213     0.0426     0.1692 8.9761e+01     2.0566      1.073      1.557    15.9070 0.0000e+00
      1.102      0.038     8.6118     87.566     29.221  23.906967     2.6100     1.0709     0.0426     0.2115 8.8080e+01     2.0566      1.081      1.568    15.9067 0.0000e+00
      1.111      0.042     8.6192     87.686     29.218  23.904130     2.6100     1.0137     0.0426     0.2115 8.8118e+01     2.0716      1.089      1.581    15.9062 0.0000e+00
      1.122      0.048     8.6312     87.764     29.216  23.902866     2.6100     1.0099     0.0426     0.2115 8.7336e+01     2.0265      1.100      1.596    15.9055 0.0000e+00
      1.135      0.055     8.6457     87.789     29.215  23.902838     2.6100     1.0556     0.0426     0.2115 8.5981e+01     2.1768      1.113      1.615    15.9046 0.0000e+00
      1.150      0.061     8.6600     87.767     29.213  23.902057     2.6100     1.0747     0.0426     0.2538 8.5571e+01     2.0416      1.128      1.636    15.9038 0.0000e+00
      1.167      0.066     8.6719     87.708     29.209  23.900318     2.6100     1.0480     0.0426     0.2538 8.3241e+01     2.1017      1.145      1.661    15.9034 0.0000e+00
      1.186      0.070     8.6796     87.635     29.203  23.897154     2.6100     1.0518     0.0426     0.2538 8.2413e+01     2.0416      1.163      1.687    15.9035 0.0000e+00
      1.205      0.073     8.6819     87.572     29.195  23.891724     2.6100     1.0480     0.0426     0.2538 8.1896e+01     2.0115      1.181      1.714    15.9045 0.0000e+00
      1.224      0.075     8.6793     87.540     29.187  23.886537     2.6100     1.0442     0.0426     0.2538 8.0642e+01     2.2219      1.200      1.742    15.9063 0.0000e+00
      1.244      0.076     8.6731     87.545     29.185  23.886149     2.6100     1.0137     0.0852     0.2538 8.0345e+01     2.0716      1.220      1.769    15.9088 0.0000e+00
      1.263      0.076     8.6653     87.586     29.186  23.888477     2.6100     1.0213     0.0852     0.2538 7.9545e+01     2.0115      1.239      1.797    15.9116 0.0000e+00
      1.283      0.076     8.6587     87.656     29.184  23.888204     2.6100     1.0747     0.0852     0.2538 7.8874e+01     2.1618      1.258      1.825    15.9141 0.0000e+00
      1.302      0.075     8.6551     87.752     29.181  23.887236     2.6100     1.0442     0.0852     0.2538 7.7582e+01     2.1317      1.277      1.853    15.9163 0.0000e+00
      1.322      0.074     8.6552     87.858     29.185  23.891253     2.6100     1.0976     0.0000     0.2115 7.6561e+01     2.1317      1.296      1.880    15.9184 0.0000e+00
      1.341      0.073     8.6589     87.946     29.192  23.897369     2.6100     1.1281     0.0000     0.2115 7.5421e+01     2.0115      1.315      1.907    15.9206 0.0000e+00
      1.360      0.071     8.6655     87.987     29.196  23.901274     2.6100     1.0976     0.0000     0.2115 7.4622e+01     2.1768      1.333      1.934    15.9228 0.0000e+00
      1.377      0.069     8.6746     87.963     29.201  23.905992     2.6100     1.1014     0.0000     0.2115 7.4009e+01     2.0416      1.351      1.959    15.9248 0.0000e+00
      1.394      0.068     8.6847     87.865     29.204  23.908820     2.6100     1.2693     0.0426     0.1692 7.3720e+01     1.8462      1.367      1.983    15.9267 0.0000e+00
      1.411      0.068     8.6931     87.701     29.196  23.902594     2.6100     1.2807     0.0426     0.1692 7.3592e+01     1.7860      1.383      2.006    15.9282 0.0000e+00
      1.427      0.068     8.6970     87.495     29.185  23.893573     2.6100     1.3036     0.0426     0.1692 7.2214e+01     1.9514      1.399      2.029    15.9293 0.0000e+00
      1.444      0.070     8.6944     87.277     29.182  23.891228     2.6100     1.2921     0.0426     0.1692 7.1901e+01     1.8612      1.416      2.054    15.9298 0.0000e+00
      1.462      0.072     8.6847     87.076     29.183  23.892953     2.6100     1.1586     0.0426     0.2538 7.1062e+01     2.0416      1.434      2.079    15.9300 0.0000e+00
      1.481      0.074     8.6685     86.923     29.186  23.895251     2.6100     1.1663     0.0426     0.2538 6.9323e+01     2.0866      1.453      2.107    15.9303 0.0000e+00
      1.501      0.075     8.6480     86.839     29.190  23.898732     2.6100     1.1663     0.0426     0.2538 6.8440e+01     2.0716      1.472      2.134    15.9308 0.0000e+00
      1.520      0.075     8.6263     86.833     29.195  23.902348     2.6100     1.1548     0.0426     0.2538 6.7348e+01     2.0716      1.491      2.163    15.9316 0.0000e+00
      1.540      0.074     8.6063     86.888     29.195  23.903102     2.6100     1.0976     0.0426     0.2538 6.6389e+01     1.9965      1.510      2.190    15.9323 0.0000e+00
      1.559      0.074     8.5911     86.979     29.192  23.901195     2.6100     1.0938     0.0426     0.1269 6.5800e+01     2.1167      1.529      2.217    15.9325 0.0000e+00
      1.577      0.072     8.5829     87.074     29.191  23.900079     2.6100     1.1090     0.0426     0.1269 6.5075e+01     2.0416      1.547      2.243    15.9324 0.0000e+00
      1.595      0.071     8.5822     87.138     29.192  23.901436     2.6100     1.1052     0.0426     0.1269 6.4793e+01     2.0265      1.565      2.269    15.9324 0.0000e+00
      1.614      0.070     8.5877     87.147     29.195  23.903646     2.6100     1.1586     0.0426     0.1269 6.3497e+01     2.0716      1.582      2.295    15.9328 0.0000e+00
      1.631      0.069     8.5966     87.100     29.197  23.905322     2.7000     1.1853     0.0426     0.2538 6.2484e+01     2.1167      1.600      2.321    15.9334 0.0000e+00
      1.649      0.068     8.6058     87.019     29.199  23.906908     2.7000     1.1701     0.0426     0.2538 6.2064e+01     2.1468      1.617      2.345    15.9340 0.0000e+00
      1.666      0.067     8.6121     86.935     29.200  23.906850     2.7000     1.1396     0.0426     0.2538 6.1862e+01     2.0716      1.634      2.369    15.9342 0.0000e+00
      1.683      0.066     8.6130     86.880     29.195  23.903151     2.7000     1.1663     0.0426     0.2538 6.1088e+01     2.1167      1.650      2.393    15.9341 0.0000e+00
