Data/DataNotYetUploadedToEDI/Raw_CTD/RawDownloads/050123_fcr50_S8188003.cnv
* Sea-Bird SBE19plus  Data File:
* FileName = C:\R\Reservoirs\Data\DataNotYetUploadedToEDI\Raw_CTD\RawDownloads\042423_bvr50_S8188_0003.hex
* Software version 2.8.0.119
* Temperature SN = 8188
* Conductivity SN = 8188
* System UpLoad Time = May 11 2023 10:38:40
* <ApplicationData>
* <Seaterm232>
# nquan = 16
# nvalues = 1551                        
# units = specified
# name 0 = depFM: Depth [fresh water, m]
# name 1 = dz/dtM: Descent Rate [m/s]
# name 2 = sbeox0Mg/L: Oxygen, SBE 43 [mg/l]
# name 3 = sbeox0PS: Oxygen, SBE 43 [% saturation]
# name 4 = specc: Specific Conductance [uS/cm]
# name 5 = c0uS/cm: Conductivity [uS/cm]
# name 6 = wetCDOM: Fluorescence, WET Labs CDOM [mg/m^3]
# name 7 = flECO-AFL: Fluorescence, WET Labs ECO-AFL/FL [mg/m^3]
# name 8 = flECO-AFL1: Fluorescence, WET Labs ECO-AFL/FL, 2 [mg/m^3]
# name 9 = flECO-AFL2: Fluorescence, WET Labs ECO-AFL/FL, 3 [mg/m^3]
# name 10 = par/sat/log: PAR/Logarithmic, Satlantic
# name 11 = turbWETntu0: Turbidity, WET Labs ECO [NTU]
# name 12 = prdM: Pressure, Strain Gauge [db]
# name 13 = prdE: Pressure, Strain Gauge [psi]
# name 14 = tv290C: Temperature [ITS-90, deg C]
# name 15 = flag:  0.000e+00
# span 0 =     -0.839,      9.326       
# span 1 =     -0.130,      0.119       
# span 2 =    -2.3776,    16.6192       
# span 3 =    -20.666,    144.585       
# span 4 =      0.403,    154.169       
# span 5 =   0.286428, 105.409076       
# span 6 =    -4.5000,    60.9300       
# span 7 =    -0.1422,    12.4732       
# span 8 =    -2.1300,     0.8946       
# span 9 =    -2.0304,     2.4534       
# span 10 = 1.1597e-01, 2.2815e+02      
# span 11 =    -0.4685,    63.9958      
# span 12 =     -0.823,      9.145      
# span 13 =     -1.194,     13.264      
# span 14 =     9.1839,    15.2210      
# span 15 = 0.0000e+00, 0.0000e+00      
# interval = seconds: 0.25
# start_time = May 01 2023 12:37:03 [Instrument's time stamp, header]
# bad_flag = -9.990e-29
*END*
[from data line 362]
      2.319      0.063     9.8632     94.104     37.259  28.472434     4.5000     9.2383     0.0852     0.6768 4.8502e+00     3.6197      2.274      3.298    13.3067 0.0000e+00
      2.335      0.063     9.8615     94.107     37.290  28.475506     4.5000     9.2230     0.0852     0.6768 4.8450e+00     3.7099      2.290      3.321    13.2810 0.0000e+00
      2.351      0.064     9.8611     94.094     37.303  28.465806     4.5000     9.8143     0.0852     0.6768 4.5958e+00     3.7851      2.306      3.344    13.2565 0.0000e+00
      2.368      0.064     9.8637     94.057     37.315  28.456586     4.5000     9.7800     0.0852     0.6345 4.5156e+00     3.6197      2.322      3.368    13.2317 0.0000e+00
      2.385      0.063     9.8692     93.991     37.326  28.449347     4.5000     9.7876     0.0852     0.6345 4.3585e+00     3.7249      2.339      3.392    13.2055 0.0000e+00
      2.401      0.063     9.8754     93.896     37.328  28.438196     4.5000     9.7609     0.0852     0.6345 4.2306e+00     3.6798      2.355      3.415    13.1783 0.0000e+00
      2.417      0.062     9.8799     93.793     37.320  28.420162     4.5000    10.2759     0.0852     0.6345 4.2022e+00     3.4694      2.370      3.438    13.1518 0.0000e+00
      2.432      0.061     9.8813     93.725     37.308  28.398352     4.5000    10.2797     0.0852     0.6345 4.1568e+00     3.4394      2.385      3.459    13.1276 0.0000e+00
      2.448      0.061     9.8789     93.729     37.304  28.382792     4.3200    10.2721     0.0852     0.6345 4.0852e+00     3.3792      2.400      3.481    13.1068 0.0000e+00
      2.463      0.061     9.8728     93.819     37.311  28.373289     4.3200    10.2606     0.0852     0.6345 3.9852e+00     3.4544      2.415      3.502    13.0891 0.0000e+00
      2.478      0.062     9.8656     93.983     37.314  28.359391     4.3200    10.2683     0.0852     0.6345 3.9602e+00     3.1989      2.430      3.524    13.0729 0.0000e+00
      2.493      0.064     9.8620     94.194     37.310  28.337391     4.3200    10.2912     0.0852     0.6345 3.8860e+00     3.1688      2.445      3.546    13.0567 0.0000e+00
      2.510      0.066     9.8663     94.421     37.309  28.315279     4.2300    10.2683     0.0852     0.7191 3.8449e+00     3.1538      2.461      3.569    13.0392 0.0000e+00
      2.527      0.068     9.8801     94.646     37.319  28.301018     4.2300    10.2721     0.0852     0.7191 3.7062e+00     3.1838      2.478      3.594    13.0198 0.0000e+00
      2.545      0.070     9.9023     94.858     37.335  28.292784     4.2300    10.3369     0.0852     0.7191 3.5294e+00     3.1838      2.495      3.619    12.9978 0.0000e+00
      2.563      0.071     9.9302     95.052     37.350  28.286401     4.2300    10.3369     0.0852     0.7191 3.4505e+00     3.1388      2.514      3.646    12.9722 0.0000e+00
      2.582      0.072     9.9605     95.235     37.363  28.280165     4.2300    10.3255     0.1278     0.7191 3.3435e+00     3.1538      2.532      3.672    12.9437 0.0000e+00
      2.600      0.072     9.9907     95.417     37.374  28.272414     4.2300    10.3179     0.1278     0.7191 3.2461e+00     3.1989      2.550      3.699    12.9146 0.0000e+00
      2.619      0.071    10.0190     95.595     37.383  28.263059     4.2300    10.4437     0.1278     0.7191 3.1605e+00     3.0185      2.568      3.725    12.8879 0.0000e+00
      2.637      0.070    10.0449     95.761     37.390  28.251586     4.2300    10.4895     0.1278     0.7191 3.1135e+00     3.0486      2.586      3.751    12.8641 0.0000e+00
      2.655      0.070    10.0692     95.909     37.397  28.238895     4.2300    10.4399     0.1278     0.7191 3.0393e+00     2.9734      2.603      3.776    12.8424 0.0000e+00
      2.672      0.069    10.0932     96.039     37.405  28.225560     4.1400    10.4437     0.0852     0.6345 3.0307e+00     2.9734      2.621      3.801    12.8211 0.0000e+00
      2.690      0.069    10.1170     96.147     37.407  28.208024     4.1400    10.5162     0.0852     0.6345 2.9444e+00     2.9885      2.638      3.826    12.7993 0.0000e+00
      2.707      0.068    10.1398     96.232     37.406  28.187551     4.1400    10.5162     0.0852     0.6345 2.8167e+00     2.9283      2.655      3.850    12.7764 0.0000e+00
      2.724      0.068    10.1610     96.303     37.401  28.164618     4.1400    10.5162     0.0852     0.6345 2.7899e+00     2.8983      2.672      3.875    12.7522 0.0000e+00
      2.742      0.068    10.1804     96.366     37.397  28.141030     4.0500    10.5467     0.0426     0.7191 2.7228e+00     2.9885      2.689      3.900    12.7270 0.0000e+00
      2.759      0.068    10.1977     96.426     37.394  28.118416     4.0500    10.7756     0.0426     0.7191 2.6602e+00     2.8832      2.706      3.924    12.7012 0.0000e+00
      2.776      0.068    10.2127     96.482     37.390  28.094704     4.0500    10.7527     0.0426     0.7191 2.6064e+00     2.7480      2.723      3.949    12.6752 0.0000e+00
      2.794      0.068    10.2263     96.529     37.387  28.071489     4.0500    10.7451     0.0426     0.7191 2.5537e+00     2.8532      2.740      3.974    12.6489 0.0000e+00
      2.812      0.068    10.2393     96.570     37.381  28.046539     4.0500    10.7680     0.0852     0.7191 2.5081e+00     2.7780      2.757      3.999    12.6219 0.0000e+00
      2.829      0.068    10.2520     96.619     37.380  28.025080     4.0500    11.1533     0.0852     0.7191 2.4187e+00     2.7931      2.774      4.024    12.5944 0.0000e+00
      2.846      0.067    10.2643     96.681     37.392  28.013267     4.0500    11.1380     0.0852     0.7191 2.3848e+00     2.7329      2.791      4.048    12.5667 0.0000e+00
      2.864      0.066    10.2757     96.764     37.405  28.003991     4.0500    11.1571     0.0852     0.7191 2.3580e+00     2.8832      2.808      4.073    12.5390 0.0000e+00
      2.881      0.065    10.2865     96.881     37.410  27.990816     3.9600    11.1113     0.0852     0.5922 2.2548e+00     2.8231      2.825      4.097    12.5113 0.0000e+00
      2.897      0.064    10.2982     97.038     37.409  27.974190     3.9600    11.4737     0.0852     0.5922 2.2548e+00     2.7780      2.841      4.121    12.4835 0.0000e+00
      2.913      0.063    10.3112     97.226     37.407  27.957596     3.9600    11.4814     0.0852     0.5922 2.1977e+00     2.7480      2.857      4.144    12.4563 0.0000e+00
      2.929      0.062    10.3260     97.422     37.404  27.940569     3.9600    11.4966     0.0852     0.5922 2.1626e+00     2.8682      2.873      4.166    12.4308 0.0000e+00
      2.945      0.060    10.3438     97.602     37.400  27.922528     3.9600    11.4928     0.0852     0.5922 2.1240e+00     2.7630      2.888      4.188    12.4078 0.0000e+00
      2.960      0.059    10.3656     97.753     37.398  27.906581     3.8700    11.4203     0.0852     0.6768 2.0874e+00     2.7329      2.903      4.210    12.3866 0.0000e+00
      2.975      0.059    10.3903     97.876     37.393  27.888475     3.8700    11.4394     0.0852     0.6768 2.0222e+00     2.7480      2.917      4.231    12.3665 0.0000e+00
      2.990      0.059    10.4160     97.977     37.381  27.863380     3.8700    11.4394     0.0852     0.6768 2.0314e+00     2.7931      2.932      4.252    12.3464 0.0000e+00
      3.004      0.059    10.4399     98.060     37.374  27.838464     3.8700    11.4318     0.0852     0.6768 1.9753e+00     2.9133      2.946      4.273    12.3264 0.0000e+00
      3.019      0.060    10.4606     98.122     37.378  27.816981     3.8700    11.2372     0.0426     0.5922 1.9710e+00     2.7630      2.961      4.294    12.3072 0.0000e+00
      3.035      0.062    10.4783     98.162     37.386  27.793200     3.8700    11.2525     0.0426     0.5922 1.9412e+00     2.8231      2.976      4.316    12.2881 0.0000e+00
      3.051      0.063    10.4941     98.183     37.391  27.762761     3.8700    11.2563     0.0426     0.5922 1.8814e+00     2.7780      2.992      4.339    12.2669 0.0000e+00
      3.067      0.064    10.5093     98.179     37.395  27.727442     3.8700    11.2563     0.0426     0.5922 1.8603e+00     2.6578      3.008      4.363    12.2407 0.0000e+00
      3.084      0.064    10.5238     98.147     37.402  27.693663     3.7800    11.3631     0.0852     0.6768 1.7851e+00     2.6127      3.025      4.387    12.2078 0.0000e+00
      3.101      0.064    10.5376     98.090     37.415  27.664293     3.7800    11.3745     0.0852     0.6768 1.7342e+00     2.5676      3.041      4.411    12.1681 0.0000e+00
      3.118      0.063    10.5508     98.027     37.428  27.635459     3.7800    11.3402     0.0852     0.6768 1.7121e+00     2.5676      3.057      4.435    12.1220 0.0000e+00
      3.134      0.063    10.5626     97.977     37.430  27.599471     3.7800    11.3402     0.0852     0.6768 1.6936e+00     2.5977      3.073      4.457    12.0714 0.0000e+00
      3.149      0.062    10.5717     97.951     37.423  27.554649     3.6900    11.7408     0.0426     0.7191 1.6357e+00     2.5676      3.088      4.479    12.0190 0.0000e+00
      3.164      0.062    10.5782     97.953     37.415  27.504878     3.6900    11.7446     0.0426     0.7191 1.6914e+00     2.5526      3.103      4.501    11.9667 0.0000e+00
      3.180      0.063    10.5837     97.985     37.412  27.456684     3.6900    11.7255     0.0426     0.7191 1.6216e+00     2.6127      3.118      4.523    11.9157 0.0000e+00
      3.196      0.063    10.5904     98.061     37.419  27.417009     3.6900    11.7446     0.0426     0.7191 1.5785e+00     2.5977      3.134      4.545    11.8653 0.0000e+00
      3.212      0.065    10.6004     98.192     37.432  27.383191     3.6900    11.6301     0.0426     0.7191 1.5513e+00     2.5225      3.150      4.569    11.8123 0.0000e+00
      3.229      0.066    10.6148     98.357     37.448  27.352151     3.6000    11.6072     0.0426     0.8037 1.5618e+00     2.5526      3.167      4.593    11.7541 0.0000e+00
      3.246      0.067    10.6332     98.517     37.471  27.327488     3.6000    11.5996     0.0426     0.8037 1.4817e+00     2.5526      3.183      4.617    11.6928 0.0000e+00
      3.263      0.067    10.6562     98.647     37.499  27.308563     3.6000    11.6187     0.0426     0.8037 1.4740e+00     2.7179      3.200      4.642    11.6324 0.0000e+00
      3.281      0.067    10.6846     98.737     37.523  27.290327     3.6000    11.5805     0.0426     0.8037 1.4521e+00     2.3722      3.217      4.666    11.5745 0.0000e+00
      3.298      0.066    10.7163     98.789     37.537  27.267918     3.6000    11.5767     0.0426     0.6768 1.3979e+00     2.2069      3.235      4.691    11.5182 0.0000e+00
      3.315      0.066    10.7475     98.801     37.541  27.239318     3.6000    11.5538     0.0426     0.6768 1.3622e+00     2.3422      3.251      4.716    11.4628 0.0000e+00
      3.332      0.065    10.7747     98.754     37.541  27.204820     3.6000    11.5653     0.0426     0.6768 1.3554e+00     2.3271      3.267      4.739    11.4097 0.0000e+00
      3.348      0.064    10.7963     98.634     37.547  27.171060     3.6000    11.6759     0.0426     0.6768 1.3581e+00     2.3271      3.283      4.762    11.3619 0.0000e+00
      3.364      0.064    10.8127     98.446     37.562  27.140912     3.5100    11.7026     0.0852     0.7191 1.2896e+00     2.3271      3.299      4.785    11.3191 0.0000e+00
      3.380      0.064    10.8244     98.205     37.572  27.106337     3.5100    11.7141     0.0852     0.7191 1.2774e+00     2.3722      3.315      4.808    11.2771 0.0000e+00
      3.397      0.065    10.8307     97.920     37.584  27.073951     3.5100    11.6874     0.0852     0.7191 1.2611e+00     2.3271      3.331      4.831    11.2309 0.0000e+00
      3.414      0.065    10.8303     97.591     37.607  27.050953     3.5100    11.7026     0.0852     0.7191 1.2521e+00     2.3271      3.347      4.855    11.1798 0.0000e+00
      3.430      0.065    10.8231     97.225     37.629  27.031210     3.6000    11.5004     0.0426     0.7614 1.2001e+00     2.2820      3.364      4.879    11.1257 0.0000e+00
      3.447      0.065    10.8103     96.845     37.644  27.009455     3.6000    11.4852     0.0426     0.7614 1.1559e+00     2.3121      3.380      4.903    11.0703 0.0000e+00
      3.464      0.064    10.7926     96.479     37.651  26.983846     3.6000    11.5042     0.0426     0.7614 1.1841e+00     2.1768      3.397      4.927    11.0153 0.0000e+00
      3.481      0.063    10.7694     96.148     37.662  26.959433     3.6000    11.4814     0.0426     0.7614 1.1429e+00     2.2971      3.413      4.950    10.9632 0.0000e+00
      3.496      0.061    10.7408     95.843     37.681  26.933663     3.6000    11.1953     0.0426     0.7614 1.1612e+00     2.2069      3.429      4.973    10.9157 0.0000e+00
      3.512      0.060    10.7095     95.542     37.701  26.903623     3.5100    11.1953     0.0000     0.6345 1.1169e+00     2.4323      3.444      4.994    10.8727 0.0000e+00
      3.526      0.059    10.6792     95.244     37.734  26.881098     3.5100    11.1991     0.0000     0.6345 1.0955e+00     2.3121      3.458      5.015    10.8321 0.0000e+00
      3.541      0.059    10.6533     94.959     37.782  26.867998     3.5100    11.1991     0.0000     0.6345 1.0888e+00     2.3121      3.472      5.036    10.7885 0.0000e+00
      3.556      0.058    10.6322     94.700     37.830  26.856869     3.5100     9.7800     0.0000     0.6345 1.0971e+00     2.2370      3.487      5.057    10.7369 0.0000e+00
      3.571      0.058    10.6133     94.472     37.878  26.848701     3.5100     9.7876     0.0852     0.8460 1.0328e+00     2.2820      3.501      5.078    10.6784 0.0000e+00
      3.586      0.058    10.5954     94.277     37.929  26.845275     3.5100     9.7609     0.0852     0.8460 1.0219e+00     2.3271      3.516      5.100    10.6167 0.0000e+00
      3.600      0.058    10.5789     94.107     37.978  26.841715     3.5100     9.7952     0.0852     0.8460 1.0190e+00     2.3572      3.530      5.121    10.5548 0.0000e+00
      3.615      0.057    10.5648     93.951     38.024  26.835092     3.5100     8.4219     0.0852     0.8460 9.6932e-01     2.4474      3.545      5.142    10.4950 0.0000e+00
      3.629      0.057    10.5532     93.797     38.076  26.829578     3.5100     8.4372     0.0426     0.7191 9.5531e-01     2.2520      3.559      5.162    10.4391 0.0000e+00
      3.644      0.057    10.5442     93.638     38.134  26.825682     3.5100     8.4486     0.0426     0.7191 9.7523e-01     2.3873      3.573      5.183    10.3873 0.0000e+00
      3.658      0.057    10.5377     93.482     38.193  26.820383     3.5100     8.4677     0.0426     0.7191 9.4951e-01     2.2820      3.588      5.204    10.3370 0.0000e+00
      3.673      0.057    10.5330     93.366     38.248  26.814246     3.5100     6.9227     0.0426     0.7191 9.5863e-01     2.2971      3.602      5.224    10.2851 0.0000e+00
      3.688      0.057    10.5295     93.352     38.295  26.807612     3.5100     6.9342     0.0426     0.5922 9.1547e-01     2.4023      3.617      5.245    10.2298 0.0000e+00
      3.703      0.058    10.5263     93.511     38.336  26.798711     3.5100     6.9151     0.0426     0.5922 9.1747e-01     2.3121      3.631      5.266    10.1710 0.0000e+00
      3.717      0.058    10.5238     93.880     38.381  26.787149     3.5100     6.8884     0.0426     0.5922 9.0068e-01     2.3722      3.646      5.287    10.1105 0.0000e+00
      3.732      0.058    10.5252     94.450     38.429  26.771822     3.5100     6.2666     0.0426     0.5922 9.1906e-01     2.2971      3.660      5.308    10.0519 0.0000e+00
      3.747      0.058    10.5368     95.194     38.480  26.756559     3.5100     6.2094     0.0426     0.5922 8.9152e-01     2.2670      3.674      5.329     9.9995 0.0000e+00
