Data/DataNotYetUploadedToEDI/Raw_CTD/RawDownloads/050222_fcr50_0003.cnv
* Sea-Bird SBE19plus  Data File:
* FileName = C:\R\Reservoirs\Data\DataNotYetUploadedToEDI\Raw_CTD\RawDownloads\050922_bvr50_0003.hex
* Software version 2.8.0.119
* Temperature SN = 7809
* Conductivity SN = 7809
* System UpLoad Time = May 09 2022 16:21:44
* <ApplicationData>
* <Seaterm232>
# nquan = 15
# nvalues = 3233                        
# units = specified
# name 0 = depFM: Depth [fresh water, m]
# name 1 = dz/dtM: Descent Rate [m/s]
# name 2 = sbeox0Mg/L: Oxygen, SBE 43 [mg/l]
# name 3 = sbeox0PS: Oxygen, SBE 43 [% saturation]
# name 4 = specc: Specific Conductance [uS/cm]
# name 5 = c0uS/cm: Conductivity [uS/cm]
# name 6 = flECO-AFL: Fluorescence, WET Labs ECO-AFL/FL [mg/m^3]
# name 7 = ph: pH
# name 8 = orp: Oxidation Reduction Potential [mV]
# name 9 = par/sat/log: PAR/Logarithmic, Satlantic
# name 10 = turbWETntu0: Turbidity, WET Labs ECO [NTU]
# name 11 = prdM: Pressure, Strain Gauge [db]
# name 12 = prdE: Pressure, Strain Gauge [psi]
# name 13 = tv290C: Temperature [ITS-90, deg C]
# name 14 = flag:  0.000e+00
# span 0 =     -0.667,      9.640       
# span 1 =     -0.225,      0.122       
# span 2 =     0.0452,    11.7530       
# span 3 =      0.394,    108.606       
# span 4 =      0.348,    446.792       
# span 5 =   0.355157, 295.604271       
# span 6 =    -2.2610,   227.3892       
# span 7 =     -2.317,      8.713       
# span 8 = -1240.7455,   720.0476       
# span 9 = 1.2358e-01, 2.6738e+03       
# span 10 =    -3.6820,   957.0400      
# span 11 =     -0.655,      9.454      
# span 12 =     -0.949,     13.711      
# span 13 =     8.0283,    25.8848      
# span 14 = 0.0000e+00, 0.0000e+00      
# interval = seconds: 0.25
# start_time = May 02 2022 10:28:23 [Instrument's time stamp, header]
# bad_flag = -9.990e-29
*END*
[from data line 772]
      1.301      0.004     9.7079     97.614     37.631  30.409375     4.0516      7.431   261.2054 1.7538e+02     1.9922      1.276      1.851    15.4014 0.0000e+00
      1.301      0.004     9.7140     97.669     37.616  30.410505     4.1026      7.433   260.8090 1.7659e+02     1.9974      1.276      1.851    15.3964 0.0000e+00
      1.302      0.007     9.7199     97.643     37.616  30.423077     4.1085      7.435   260.7874 1.7544e+02     1.9182      1.277      1.852    15.3919 0.0000e+00
      1.302      0.010     9.7419     97.656     37.628  30.434602     4.0985      7.437   261.2884 1.7389e+02     1.8892      1.277      1.852    15.3897 0.0000e+00
      1.305      0.013     9.7656     97.795     37.620  30.423067     4.1062      7.438   261.7045 1.7383e+02     1.8853      1.278      1.854    15.3946 0.0000e+00
      1.311      0.017     9.7628     98.065     37.614  30.410389     4.1105      7.438   261.6883 1.7308e+02     1.9733      1.285      1.863    15.4183 0.0000e+00
      1.317      0.020     9.7499     98.367     37.619  30.408094     4.0920      7.438   261.4369 1.7113e+02     2.1341      1.294      1.876    15.4419 0.0000e+00
      1.322      0.022     9.7489     98.616     37.610  30.395312     4.0653      7.439   261.3316 1.6937e+02     2.1551      1.296      1.880    15.4413 0.0000e+00
      1.327      0.022     9.7636     98.796     37.600  30.382624     4.0543      7.440   261.2765 1.6898e+02     2.0906      1.299      1.884    15.4310 0.0000e+00
      1.334      0.022     9.7979     98.854     37.606  30.381472     4.0254      7.440   261.0281 1.6881e+02     2.1059      1.310      1.899    15.4199 0.0000e+00
      1.341      0.021     9.8340     98.731     37.615  30.381379     3.9657      7.441   260.9094 1.6791e+02     2.1691      1.316      1.909    15.4117 0.0000e+00
      1.345      0.019     9.8582     98.476     37.623  30.381484     3.9144      7.442   261.0464 1.6690e+02     2.1716      1.318      1.912    15.4046 0.0000e+00
      1.350      0.016     9.8802     98.210     37.633  30.382730     3.8882      7.442   261.2223 1.6642e+02     2.1361      1.325      1.922    15.3993 0.0000e+00
      1.355      0.013     9.8916     98.065     37.657  30.396439     3.8906      7.443   261.3152 1.6652e+02     2.1494      1.330      1.930    15.3915 0.0000e+00
      1.357      0.011     9.8781     98.108     37.691  30.420446     3.9026      7.445   261.1372 1.6611e+02     2.1954      1.331      1.930    15.3808 0.0000e+00
      1.358      0.011     9.8511     98.329     37.693  30.419408     3.9076      7.446   260.7898 1.6524e+02     2.2490      1.332      1.932    15.3722 0.0000e+00
      1.359      0.011     9.8201     98.660     37.653  30.383887     3.9020      7.447   260.8149 1.6553e+02     2.2513      1.333      1.933    15.3619 0.0000e+00
      1.362      0.012     9.8055     99.003     37.641  30.371331     3.9341      7.448   261.0103 1.6561e+02     2.1886      1.335      1.936    15.3545 0.0000e+00
      1.366      0.014     9.8112     99.289     37.671  30.394384     4.0290      7.448   261.0016 1.6455e+02     2.1746      1.339      1.943    15.3516 0.0000e+00
      1.371      0.016     9.8356     99.434     37.688  30.409036     4.0844      7.448   261.0537 1.6406e+02     2.1839      1.343      1.949    15.3479 0.0000e+00
      1.376      0.018     9.8753     99.397     37.698  30.421704     4.0786      7.448   260.9517 1.6415e+02     2.1646      1.350      1.958    15.3430 0.0000e+00
      1.381      0.018     9.9105     99.232     37.688  30.420757     4.0674      7.448   260.5435 1.6447e+02     2.1466      1.355      1.965    15.3399 0.0000e+00
      1.384      0.017     9.9438     98.997     37.656  30.397602     4.0574      7.447   260.3339 1.6458e+02     2.1365      1.356      1.967    15.3381 0.0000e+00
      1.389      0.016     9.9615     98.769     37.659  30.395318     4.0574      7.447   260.3102 1.6363e+02     2.1458      1.361      1.974    15.3367 0.0000e+00
      1.394      0.016     9.9514     98.561     37.664  30.393137     4.0673      7.447   260.4287 1.6256e+02     2.1223      1.369      1.985    15.3439 0.0000e+00
      1.398      0.017     9.9319     98.333     37.641  30.371219     4.0689      7.448   260.6484 1.6200e+02     2.0907      1.372      1.990    15.3583 0.0000e+00
      1.400      0.017     9.9034     98.178     37.660  30.383888     4.0595      7.449   260.8163 1.6073e+02     2.1055      1.373      1.991    15.3623 0.0000e+00
      1.404      0.018     9.8803     98.154     37.706  30.419523     4.0537      7.449   260.9954 1.5909e+02     2.1654      1.377      1.995    15.3531 0.0000e+00
      1.410      0.020     9.8693     98.264     37.710  30.421704     4.0574      7.449   261.0074 1.5874e+02     2.2681      1.383      2.006    15.3426 0.0000e+00
      1.416      0.022     9.8382     98.454     37.700  30.410264     4.0711      7.450   260.8752 1.5919e+02     2.2876      1.390      2.016    15.3388 0.0000e+00
      1.421      0.022     9.8229     98.515     37.700  30.407988     4.1118      7.452   260.6870 1.5918e+02     2.1969      1.392      2.018    15.3358 0.0000e+00
      1.428      0.020     9.8223     98.351     37.683  30.394178     4.1743      7.454   260.5399 1.5828e+02     2.1615      1.400      2.030    15.3336 0.0000e+00
      1.436      0.017     9.8300     98.114     37.654  30.370068     4.2112      7.455   260.7313 1.5691e+02     2.2014      1.411      2.045    15.3340 0.0000e+00
      1.440      0.015     9.8637     97.926     37.657  30.370067     4.2172      7.455   261.4519 1.5580e+02     2.2010      1.414      2.049    15.3284 0.0000e+00
      1.442      0.013     9.8748     97.751     37.691  30.394157     4.2710      7.456   262.1977 1.5530e+02     2.1226      1.413      2.050    15.3236 0.0000e+00
      1.443      0.012     9.8495     97.598     37.713  30.407762     4.3790      7.458   262.3487 1.5513e+02     2.0388      1.415      2.052    15.3254 0.0000e+00
      1.443      0.012     9.8186     97.523     37.719  30.407772     4.4410      7.459   262.1588 1.5505e+02     2.0764      1.415      2.052    15.3259 0.0000e+00
      1.447      0.013     9.8067     97.507     37.706  30.394272     4.4638      7.461   261.9670 1.5497e+02     2.1673      1.417      2.055    15.3216 0.0000e+00
      1.454      0.015     9.7892     97.542     37.680  30.371315     4.5713      7.462   261.9228 1.5428e+02     2.1810      1.426      2.068    15.3167 0.0000e+00
      1.459      0.016     9.7703     97.675     37.696  30.383776     4.7499      7.463   262.3986 1.5402e+02     2.1398      1.432      2.077    15.3115 0.0000e+00
      1.461      0.017     9.7675     97.896     37.738  30.418146     4.8421      7.464   263.2453 1.5482e+02     2.1128      1.432      2.078    15.3040 0.0000e+00
      1.465      0.017     9.7670     98.075     37.721  30.406505     4.8536      7.465   263.6425 1.5515e+02     2.1622      1.437      2.084    15.2998 0.0000e+00
      1.469      0.017     9.7684     98.119     37.673  30.369829     4.8643      7.466   263.4159 1.5449e+02     2.1905      1.443      2.091    15.2977 0.0000e+00
      1.473      0.019     9.7808     98.069     37.655  30.355072     4.8543      7.466   262.9997 1.5364e+02     2.1479      1.444      2.094    15.2960 0.0000e+00
      1.478      0.023     9.8099     98.013     37.659  30.354865     4.8324      7.467   262.7403 1.5375e+02     2.1589      1.449      2.101    15.2971 0.0000e+00
      1.484      0.026     9.8315     98.007     37.681  30.367317     4.8339      7.467   262.6890 1.5463e+02     2.1878      1.456      2.112    15.3009 0.0000e+00
      1.491      0.027     9.8316     98.042     37.702  30.378833     4.8386      7.467   262.8101 1.5504e+02     2.1551      1.459      2.117    15.3047 0.0000e+00
      1.501      0.027     9.8235     98.084     37.693  30.367316     4.7564      7.468   263.1718 1.5445e+02     2.1395      1.470      2.132    15.3043 0.0000e+00
      1.511      0.026     9.8165     98.159     37.683  30.354847     4.5967      7.468   263.5348 1.5339e+02     2.1363      1.485      2.153    15.2995 0.0000e+00
      1.517      0.025     9.8179     98.297     37.686  30.354857     4.5062      7.469   263.5848 1.5220e+02     2.1156      1.489      2.159    15.2920 0.0000e+00
      1.520      0.022     9.8258     98.432     37.705  30.367432     4.5109      7.469   263.5186 1.5108e+02     2.1284      1.490      2.162    15.2846 0.0000e+00
      1.524      0.018     9.8299     98.492     37.724  30.380102     4.6208      7.470   263.3369 1.5042e+02     2.1546      1.493      2.165    15.2778 0.0000e+00
      1.529      0.015     9.8354     98.502     37.729  30.381254     4.8108      7.471   262.9363 1.4993e+02     2.1594      1.498      2.173    15.2722 0.0000e+00
      1.535      0.013     9.8537     98.531     37.731  30.381350     4.9105      7.472   262.8057 1.4963e+02     2.1522      1.507      2.186    15.2696 0.0000e+00
      1.538      0.013     9.8721     98.581     37.731  30.381264     4.9187      7.473   262.8760 1.4939e+02     2.1699      1.509      2.189    15.2668 0.0000e+00
      1.539      0.013     9.8765     98.586     37.731  30.380217     5.0343      7.474   262.8400 1.4904e+02     2.2024      1.509      2.189    15.2621 0.0000e+00
      1.540      0.013     9.8755     98.530     37.719  30.368682     5.2523      7.476   262.9724 1.4843e+02     2.1690      1.510      2.190    15.2585 0.0000e+00
      1.543      0.015     9.8775     98.403     37.723  30.368587     5.3565      7.476   263.2720 1.4784e+02     2.1084      1.511      2.192    15.2567 0.0000e+00
      1.548      0.018     9.8881     98.166     37.739  30.379065     5.3624      7.476   263.1072 1.4772e+02     2.0843      1.518      2.201    15.2568 0.0000e+00
      1.553      0.022     9.8877     97.889     37.729  30.368576     5.4155      7.478   262.5287 1.4751e+02     2.0827      1.524      2.210    15.2559 0.0000e+00
      1.559      0.023     9.8816     97.672     37.731  30.368557     5.5072      7.480   262.3004 1.4714e+02     2.1571      1.527      2.214    15.2522 0.0000e+00
      1.567      0.022     9.8751     97.569     37.746  30.378836     5.5477      7.481   262.3249 1.4697e+02     2.1978      1.538      2.230    15.2489 0.0000e+00
      1.576      0.019     9.8467     97.596     37.731  30.366063     5.5298      7.483   262.3947 1.4640e+02     2.1309      1.547      2.244    15.2456 0.0000e+00
      1.580      0.018     9.8159     97.708     37.701  30.340904     5.4983      7.484   262.6292 1.4529e+02     2.1344      1.549      2.247    15.2416 0.0000e+00
      1.582      0.018     9.7937     97.854     37.686  30.328224     5.4670      7.484   262.8371 1.4468e+02     2.2059      1.551      2.249    15.2394 0.0000e+00
      1.583      0.019     9.7816     97.999     37.704  30.339543     5.4511      7.484   262.8424 1.4494e+02     2.2442      1.551      2.250    15.2382 0.0000e+00
      1.586      0.022     9.7875     98.101     37.722  30.350966     5.4396      7.484   262.6937 1.4465e+02     2.2207      1.553      2.253    15.2370 0.0000e+00
      1.593      0.025     9.8007     98.117     37.712  30.339544     5.4197      7.485   262.6738 1.4344e+02     2.1622      1.560      2.264    15.2363 0.0000e+00
      1.603      0.027     9.8163     98.064     37.702  30.328226     5.3515      7.486   262.8608 1.4301e+02     2.2200      1.572      2.281    15.2351 0.0000e+00
      1.614      0.028     9.8336     98.054     37.720  30.340904     5.2391      7.487   263.0608 1.4316e+02     2.4061      1.585      2.299    15.2309 0.0000e+00
      1.621      0.028     9.8466     98.144     37.754  30.366043     5.1758      7.489   263.4577 1.4278e+02     2.5334      1.590      2.306    15.2250 0.0000e+00
      1.625      0.026     9.8505     98.295     37.772  30.378599     5.1610      7.490   263.9600 1.4192e+02     2.5298      1.592      2.309    15.2203 0.0000e+00
      1.629      0.023     9.8390     98.456     37.758  30.365920     5.2096      7.490   264.0578 1.4057e+02     2.4656      1.596      2.315    15.2165 0.0000e+00
      1.636      0.020     9.8364     98.591     37.728  30.339535     5.3391      7.490   263.7790 1.3926e+02     2.4406      1.605      2.327    15.2139 0.0000e+00
      1.643      0.018     9.8490     98.689     37.697  30.313150     5.4291      7.491   263.5154 1.3851e+02     2.4323      1.615      2.341    15.2115 0.0000e+00
      1.648      0.017     9.8654     98.728     37.682  30.300481     5.4486      7.491   263.5374 1.3785e+02     2.3991      1.617      2.345    15.2089 0.0000e+00
      1.650      0.016     9.8851     98.779     37.698  30.313149     5.5244      7.491   263.8724 1.3720e+02     2.3811      1.618      2.347    15.2071 0.0000e+00
      1.652      0.014     9.8967     98.929     37.732  30.339526     5.6713      7.492   264.3838 1.3670e+02     2.3854      1.620      2.349    15.2044 0.0000e+00
      1.655      0.014     9.9110     99.097     37.767  30.365818     5.7601      7.493   264.6439 1.3653e+02     2.4161      1.622      2.353    15.2024 0.0000e+00
      1.660      0.016     9.9119     99.179     37.783  30.377458     5.7819      7.494   264.6081 1.3687e+02     2.4448      1.628      2.362    15.2017 0.0000e+00
      1.664      0.018     9.9100     99.161     37.754  30.353481     5.8028      7.495   264.6392 1.3677e+02     2.4257      1.632      2.367    15.2010 0.0000e+00
      1.668      0.020     9.9316     99.069     37.725  30.329496     5.8377      7.495   264.5890 1.3594e+02     2.3909      1.636      2.371    15.2000 0.0000e+00
      1.674      0.021     9.9537     99.025     37.740  30.341031     5.8716      7.496   264.3459 1.3514e+02     2.3989      1.641      2.380    15.1987 0.0000e+00
      1.680      0.020     9.9600     99.137     37.773  30.366171     5.8874      7.496   264.2804 1.3493e+02     2.4203      1.647      2.389    15.1973 0.0000e+00
      1.688      0.019     9.9603     99.315     37.791  30.379871     5.8870      7.496   264.4858 1.3483e+02     2.4098      1.655      2.401    15.1958 0.0000e+00
      1.693      0.018     9.9462     99.465     37.792  30.379880     5.8752      7.496   264.7651 1.3455e+02     2.3748      1.661      2.409    15.1948 0.0000e+00
      1.695      0.017     9.9336     99.605     37.777  30.366276     5.8697      7.496   264.9898 1.3449e+02     2.3725      1.662      2.410    15.1938 0.0000e+00
      1.697      0.015     9.9531     99.741     37.749  30.342186     5.8779      7.496   265.0522 1.3421e+02     2.4160      1.663      2.411    15.1921 0.0000e+00
      1.701      0.013     9.9751     99.842     37.752  30.342178     5.8825      7.497   265.0883 1.3382e+02     2.4232      1.668      2.419    15.1907 0.0000e+00
      1.706      0.013     9.9878     99.889     37.784  30.366174     5.8934      7.499   264.9958 1.3386e+02     2.3907      1.674      2.429    15.1897 0.0000e+00
      1.710      0.014    10.0018     99.849     37.802  30.378739     5.9180      7.500   264.7942 1.3370e+02     2.3317      1.677      2.432    15.1883 0.0000e+00
      1.712      0.016    10.0184     99.743     37.790  30.367308     5.9303      7.500   264.8013 1.3329e+02     2.2902      1.678      2.433    15.1859 0.0000e+00
      1.715      0.016    10.0283     99.661     37.775  30.354751     5.9330      7.500   264.9106 1.3355e+02     2.3665      1.681      2.439    15.1827 0.0000e+00
      1.720      0.018    10.0361     99.621     37.774  30.353701     5.9597      7.500   265.0826 1.3382e+02     2.4349      1.685      2.445    15.1798 0.0000e+00
      1.725      0.021    10.0333     99.592     37.776  30.354616     6.0121      7.501   265.2470 1.3308e+02     2.3996      1.690      2.452    15.1773 0.0000e+00
