Data/DataNotYetUploadedToEDI/Raw_CTD/RawDownloads/050222_bvr50_0001.cnv
* Sea-Bird SBE19plus  Data File:
* FileName = C:\R\Reservoirs\Data\DataNotYetUploadedToEDI\Raw_CTD\RawDownloads\050222_bvr50_0001.hex
* Software version 2.8.0.119
* Temperature SN = 7809
* Conductivity SN = 7809
* System UpLoad Time = May 03 2022 18:47:36
* <ApplicationData>
* <Seaterm232>
# nquan = 15
# nvalues = 767                         
# units = specified
# name 0 = depFM: Depth [fresh water, m]
# name 1 = dz/dtM: Descent Rate [m/s]
# name 2 = sbeox0Mg/L: Oxygen, SBE 43 [mg/l]
# name 3 = sbeox0PS: Oxygen, SBE 43 [% saturation]
# name 4 = specc: Specific Conductance [uS/cm]
# name 5 = c0uS/cm: Conductivity [uS/cm]
# name 6 = flECO-AFL: Fluorescence, WET Labs ECO-AFL/FL [mg/m^3]
# name 7 = ph: pH
# name 8 = orp: Oxidation Reduction Potential [mV]
# name 9 = par/sat/log: PAR/Logarithmic, Satlantic
# name 10 = turbWETntu0: Turbidity, WET Labs ECO [NTU]
# name 11 = prdM: Pressure, Strain Gauge [db]
# name 12 = prdE: Pressure, Strain Gauge [psi]
# name 13 = tv290C: Temperature [ITS-90, deg C]
# name 14 = flag:  0.000e+00
# span 0 =     -0.150,     16.977       
# span 1 =     -0.196,      0.219       
# span 2 =     7.2323,    10.7333       
# span 3 =     69.334,    102.131       
# span 4 =     88.937,     98.744       
# span 5 =  66.280161,  71.227373       
# span 6 =    -0.0258,     5.4927       
# span 7 =      6.079,      7.389       
# span 8 =   142.9047,   289.3054       
# span 9 = 1.2364e-01, 2.2510e+02       
# span 10 =     1.7518,    28.3084      
# span 11 =     -0.167,     16.655      
# span 12 =     -0.241,     24.156      
# span 13 =     9.3250,    13.4001      
# span 14 = 0.0000e+00, 0.0000e+00      
# interval = seconds: 0.25
# start_time = Apr 20 2022 07:05:48 [Instrument's time stamp, header]
# bad_flag = -9.990e-29
*END*
[from data line 386]
      6.756      0.049    10.1870     95.962     92.305  69.904742     4.3399      7.373   254.7759 1.4038e+01     2.2615      6.627      9.612    12.8876 0.0000e+00
      6.768      0.053    10.1771     95.864     91.809  69.508259     4.3031      7.373   254.7789 1.3953e+01     2.2752      6.638      9.628    12.8781 0.0000e+00
      6.778      0.063    10.1631     95.787     90.738  68.621081     4.3127      7.373   254.8873 1.3872e+01     2.3042      6.646      9.639    12.8696 0.0000e+00
      6.788      0.077    10.1489     95.707     89.829  67.752646     4.4060      7.374   254.9675 1.3769e+01     2.4422      6.655      9.652    12.8672 0.0000e+00
      6.804      0.092    10.1399     95.567     89.775  67.455471     4.5659      7.375   255.0604 1.3574e+01     2.6801      6.667      9.671    12.8643 0.0000e+00
      6.833      0.106    10.1287     95.370     90.072  67.441231     4.6396      7.377   255.0641 1.3277e+01     2.7890      6.697      9.712    12.8599 0.0000e+00
      6.871      0.115    10.1269     95.141     90.207  67.389668     4.6307      7.378   255.0983 1.2950e+01     2.7675      6.738      9.773    12.8346 0.0000e+00
      6.910      0.118    10.1472     94.906     89.967  67.149415     4.6337      7.380   255.3016 1.2668e+01     2.7288      6.779      9.832    12.7277 0.0000e+00
      6.945      0.114    10.1691     94.746     89.314  66.632180     4.7253      7.381   255.5435 1.2455e+01     2.6959      6.813      9.881    12.5602 0.0000e+00
      6.971      0.107    10.1792     94.622     88.937  66.280161     4.8903      7.384   255.6999 1.2305e+01     2.6772      6.838      9.919    12.4162 0.0000e+00
      6.991      0.099    10.1770     94.436     89.393  66.513178     4.9885      7.385   255.7298 1.2168e+01     2.6740      6.856      9.943    12.3291 0.0000e+00
      7.010      0.094    10.1495     94.225     90.005  66.845542     5.0050      7.386   255.7333 1.1998e+01     2.6567      6.872      9.969    12.3070 0.0000e+00
      7.033      0.094    10.1327     94.008     90.335  66.932582     5.0569      7.388   255.8281 1.1818e+01     2.6055      6.896     10.002    12.3145 0.0000e+00
      7.058      0.098    10.1396     93.748     90.902  67.184330     5.1749      7.388   256.1018 1.1628e+01     2.5674      6.922     10.037    12.2665 0.0000e+00
      7.084      0.104    10.1285     93.447     91.471  67.475770     5.2499      7.389   256.4618 1.1423e+01     2.5710      6.946     10.074    12.1975 0.0000e+00
      7.113      0.109    10.1185     93.148     91.761  67.598170     5.2647      7.389   256.6537 1.1224e+01     2.6142      6.975     10.116    12.1443 0.0000e+00
      7.142      0.115    10.1205     92.887     92.355  67.902005     5.2707      7.389   256.6151 1.1032e+01     2.6457      7.005     10.159    12.0462 0.0000e+00
      7.170      0.120    10.1156     92.629     93.199  68.291124     5.2720      7.388   256.5109 1.0844e+01     2.6105      7.032     10.198    11.9426 0.0000e+00
      7.199      0.123    10.0985     92.306     93.721  68.428319     5.2729      7.387   256.5979 1.0635e+01     2.5646      7.058     10.237    11.8687 0.0000e+00
      7.233      0.125    10.0708     91.945     94.006  68.480781     5.2728      7.386   256.8063 1.0392e+01     2.5694      7.092     10.286    11.8370 0.0000e+00
      7.270      0.125    10.0554     91.616     94.319  68.607696     5.3205      7.384   256.9662 1.0157e+01     2.6679      7.130     10.342    11.7890 0.0000e+00
      7.304      0.126    10.0664     91.286     94.660  68.692413     5.4255      7.382   257.2411 9.9714e+00     2.8337      7.165     10.391    11.6386 0.0000e+00
      7.333      0.126    10.0672     90.908     94.976  68.679189     5.4927      7.380   257.6344 9.8130e+00     2.9343      7.193     10.431    11.4779 0.0000e+00
      7.361      0.125    10.0386     90.538     95.222  68.638089     5.4838      7.379   257.9354 9.6369e+00     2.9286      7.218     10.468    11.4045 0.0000e+00
      7.391      0.123    10.0102     90.219     95.371  68.639854     5.3432      7.377   258.1275 9.4302e+00     2.9011      7.247     10.511    11.3871 0.0000e+00
      7.426      0.119     9.9974     89.998     95.362  68.636889     5.1085      7.376   258.4085 9.2237e+00     2.9096      7.281     10.561    11.3028 0.0000e+00
      7.461      0.114     9.9866     89.967     95.299  68.602258     4.9926      7.376   258.7517 9.0331e+00     2.9281      7.319     10.614    11.1468 0.0000e+00
      7.492      0.108     9.9752     90.081     95.358  68.602252     4.9909      7.376   259.0081 8.8659e+00     2.9536      7.350     10.660    11.0147 0.0000e+00
      7.517      0.101     9.9545     90.210     95.493  68.636764     4.9961      7.376   259.2712 8.7272e+00     2.9454      7.373     10.693    10.9556 0.0000e+00
      7.538      0.094     9.9148     90.345     95.575  68.638370     4.9971      7.375   259.5229 8.5969e+00     2.8977      7.392     10.721    10.9873 0.0000e+00
      7.558      0.088     9.9094     90.499     95.641  68.621612     4.9867      7.373   259.6425 8.4653e+00     2.8543      7.412     10.750    11.0072 0.0000e+00
      7.579      0.084     9.9400     90.610     95.735  68.624628     4.9784      7.373   259.7706 8.3169e+00     2.7959      7.432     10.779    10.9695 0.0000e+00
      7.602      0.080     9.9604     90.675     95.772  68.611250     4.9972      7.372   259.9539 8.1647e+00     2.7730      7.454     10.811    10.9321 0.0000e+00
      7.625      0.075     9.9781     90.715     95.764  68.586847     5.0312      7.371   260.1384 8.0448e+00     2.8164      7.477     10.845    10.9087 0.0000e+00
      7.645      0.070    10.0094     90.700     95.776  68.583626     5.0476      7.371   260.3655 7.9559e+00     2.8766      7.498     10.875    10.8738 0.0000e+00
      7.660      0.066    10.0303     90.630     95.780  68.572281     5.0528      7.370   260.5494 7.8761e+00     2.8861      7.513     10.897    10.8305 0.0000e+00
      7.674      0.064    10.0391     90.532     95.745  68.513189     5.0368      7.369   260.6414 7.8049e+00     2.8290      7.526     10.916    10.8143 0.0000e+00
      7.686      0.067    10.0485     90.416     95.758  68.440754     4.9036      7.369   260.7041 7.7489e+00     2.7675      7.539     10.934    10.8072 0.0000e+00
      7.700      0.075    10.0473     90.280     95.868  68.395070     4.6910      7.369   260.7913 7.6789e+00     2.6881      7.549     10.949    10.8014 0.0000e+00
      7.718      0.088    10.0396     90.150     95.959  68.341784     4.5889      7.368   260.9205 7.5616e+00     2.6204      7.566     10.974    10.7965 0.0000e+00
      7.743      0.104    10.0303     90.040     96.025  68.304481     4.5852      7.367   261.0615 7.4086e+00     2.6325      7.592     11.011    10.7862 0.0000e+00
      7.772      0.120    10.0285     89.937     96.129  68.325043     4.5124      7.366   261.2057 7.2450e+00     2.5952      7.620     11.053    10.7454 0.0000e+00
      7.806      0.132    10.0296     89.854     96.188  68.336277     4.3587      7.365   261.3735 7.0613e+00     2.4422      7.652     11.098    10.6653 0.0000e+00
      7.845      0.137    10.0299     89.798     96.173  68.313247     4.2658      7.365   261.5425 6.8638e+00     2.3200      7.692     11.156    10.5993 0.0000e+00
      7.886      0.137    10.0292     89.763     96.162  68.300639     4.2630      7.364   261.6994 6.6867e+00     2.3132      7.735     11.219    10.5586 0.0000e+00
      7.925      0.132    10.0224     89.728     96.192  68.310862     4.2750      7.364   261.8080 6.5429e+00     2.3607      7.774     11.275    10.5312 0.0000e+00
      7.958      0.124    10.0168     89.687     96.219  68.309806     4.2782      7.363   261.9095 6.4309e+00     2.3813      7.806     11.321    10.5161 0.0000e+00
      7.985      0.113    10.0117     89.646     96.214  68.287847     4.2764      7.362   262.1510 6.3271e+00     2.3573      7.832     11.359    10.5115 0.0000e+00
      8.010      0.101    10.0086     89.597     96.237  68.299393     4.2611      7.361   262.3197 6.2136e+00     2.3446      7.856     11.394    10.5122 0.0000e+00
      8.035      0.090    10.0063     89.537     96.262  68.322383     4.1355      7.361   262.3139 6.1236e+00     2.3296      7.881     11.430    10.5078 0.0000e+00
      8.058      0.081    10.0039     89.482     96.238  68.311760     3.9141      7.360   262.4252 6.0632e+00     2.2449      7.904     11.464    10.4944 0.0000e+00
      8.077      0.075    10.0031     89.454     96.214  68.297982     3.7988      7.359   262.6336 6.0034e+00     2.1748      7.922     11.491    10.4814 0.0000e+00
      8.093      0.073     9.9981     89.455     96.198  68.282831     3.7901      7.359   262.7684 5.9443e+00     2.1646      7.936     11.511    10.4801 0.0000e+00
      8.108      0.075     9.9897     89.477     96.183  68.255605     3.7506      7.359   262.7641 5.8963e+00     2.1555      7.951     11.532    10.4852 0.0000e+00
      8.124      0.080     9.9812     89.498     96.179  68.222829     3.6716      7.359   262.7544 5.8502e+00     2.1333      7.966     11.554    10.4892 0.0000e+00
      8.142      0.088     9.9777     89.475     96.199  68.204079     3.6166      7.358   262.9094 5.7782e+00     2.1010      7.983     11.579    10.4910 0.0000e+00
      8.167      0.094     9.9784     89.401     96.251  68.219424     3.6016      7.357   263.0893 5.6857e+00     2.0724      8.006     11.613    10.4914 0.0000e+00
      8.198      0.099     9.9831     89.317     96.261  68.217785     3.5900      7.356   263.2087 5.5962e+00     2.0260      8.038     11.659    10.4827 0.0000e+00
      8.229      0.099     9.9923     89.222     96.222  68.184257     3.5755      7.356   263.3203 5.5062e+00     1.9509      8.072     11.707    10.4641 0.0000e+00
      8.256      0.095     9.9950     89.108     96.253  68.195128     3.5681      7.356   263.4925 5.4197e+00     1.9152      8.098     11.745    10.4451 0.0000e+00
      8.278      0.087     9.9863     89.027     96.307  68.222177     3.5666      7.355   263.7424 5.3479e+00     1.9019      8.119     11.777    10.4319 0.0000e+00
      8.298      0.077     9.9778     89.021     96.273  68.193709     3.5656      7.354   263.9323 5.2917e+00     1.8582      8.138     11.804    10.4308 0.0000e+00
      8.316      0.070     9.9695     89.072     96.248  68.168498     3.5312      7.353   263.9817 5.2577e+00     1.8307      8.155     11.828    10.4308 0.0000e+00
      8.331      0.065     9.9547     89.125     96.276  68.171413     3.4681      7.352   263.9950 5.2346e+00     1.8435      8.171     11.850    10.4217 0.0000e+00
      8.345      0.063     9.9458     89.141     96.295  68.165423     3.4436      7.351   264.0940 5.2011e+00     1.8756      8.183     11.868    10.4150 0.0000e+00
      8.360      0.062     9.9457     89.143     96.304  68.159560     3.4586      7.350   264.3177 5.1499e+00     1.9113      8.197     11.889    10.4149 0.0000e+00
      8.377      0.061     9.9543     89.152     96.320  68.164026     3.5163      7.350   264.5490 5.0837e+00     1.9342      8.214     11.913    10.4132 0.0000e+00
      8.395      0.063     9.9660     89.158     96.327  68.155897     3.6176      7.350   264.6541 5.0256e+00     1.9134      8.233     11.941    10.4021 0.0000e+00
      8.410      0.066     9.9678     89.136     96.327  68.124768     3.6764      7.349   264.7278 4.9899e+00     1.8990      8.249     11.964    10.3889 0.0000e+00
      8.424      0.070     9.9686     89.066     96.365  68.105198     3.6863      7.349   264.8383 4.9469e+00     1.9304      8.260     11.980    10.3844 0.0000e+00
      8.439      0.073     9.9710     88.974     96.423  68.109768     3.6958      7.349   264.9567 4.8729e+00     1.9855      8.273     11.999    10.3821 0.0000e+00
      8.460      0.075     9.9728     88.889     96.448  68.116469     3.6998      7.348   265.0407 4.7968e+00     2.0879      8.295     12.031    10.3788 0.0000e+00
      8.485      0.076     9.9762     88.789     96.454  68.122696     3.6925      7.347   265.0807 4.7338e+00     2.1426      8.322     12.070    10.3631 0.0000e+00
      8.507      0.078     9.9735     88.661     96.461  68.121542     3.6828      7.346   265.0954 4.6632e+00     2.1004      8.344     12.101    10.3320 0.0000e+00
      8.525      0.081     9.9667     88.543     96.464  68.102509     3.6657      7.345   265.1331 4.5926e+00     2.0559      8.360     12.125    10.3090 0.0000e+00
      8.542      0.086     9.9592     88.467     96.480  68.083090     3.6433      7.345   265.2781 4.5360e+00     2.0488      8.376     12.149    10.3081 0.0000e+00
      8.559      0.094     9.9482     88.412     96.515  68.077258     3.6370      7.345   265.4725 4.4803e+00     2.1170      8.393     12.173    10.3134 0.0000e+00
      8.581      0.107     9.9318     88.355     96.573  68.095475     3.6310      7.344   265.5900 4.4206e+00     2.1974      8.413     12.201    10.3105 0.0000e+00
      8.611      0.122     9.9194     88.307     96.626  68.112789     3.5296      7.344   265.6665 4.3464e+00     2.1665      8.441     12.242    10.2995 0.0000e+00
      8.648      0.137     9.9167     88.282     96.633  68.096026     3.3431      7.344   265.7950 4.2506e+00     2.0849      8.480     12.299    10.2804 0.0000e+00
      8.688      0.152     9.9163     88.256     96.651  68.083317     3.2316      7.343   266.0245 4.1531e+00     2.0647      8.520     12.357    10.2634 0.0000e+00
      8.728      0.162     9.9112     88.226     96.693  68.086122     3.2056      7.342   266.2909 4.0486e+00     2.0593      8.558     12.413    10.2530 0.0000e+00
      8.771      0.166     9.9066     88.203     96.703  68.066398     3.1363      7.341   266.4359 3.9312e+00     2.0196      8.599     12.473    10.2439 0.0000e+00
      8.817      0.162     9.9088     88.177     96.691  68.035360     3.0101      7.341   266.4869 3.8328e+00     1.9610      8.647     12.541    10.2328 0.0000e+00
      8.863      0.153     9.9084     88.132     96.705  68.028389     2.9369      7.340   266.5624 3.7552e+00     1.8974      8.694     12.610    10.2193 0.0000e+00
      8.905      0.139     9.9077     88.050     96.745  68.045607     2.9245      7.339   266.6609 3.6862e+00     1.8653      8.737     12.672    10.2046 0.0000e+00
      8.940      0.122     9.9093     87.937     96.761  68.052990     2.9105      7.339   266.7310 3.6319e+00     1.8464      8.770     12.719    10.1899 0.0000e+00
      8.966      0.103     9.9099     87.831     96.762  68.054134     2.9265      7.339   266.8942 3.5889e+00     1.8059      8.794     12.754    10.1780 0.0000e+00
      8.987      0.088     9.9073     87.756     96.770  68.059435     2.9926      7.339   267.0847 3.5542e+00     1.7844      8.815     12.784    10.1693 0.0000e+00
      9.005      0.077     9.8999     87.716     96.766  68.053566     3.0431      7.339   267.1415 3.5178e+00     1.8261      8.831     12.808    10.1638 0.0000e+00
      9.020      0.072     9.8847     87.699     96.765  68.046691     3.0468      7.338   267.2374 3.4724e+00     1.8660      8.845     12.828    10.1625 0.0000e+00
      9.036      0.074     9.8725     87.695     96.773  68.039816     3.0371      7.338   267.3834 3.4371e+00     1.8569      8.860     12.851    10.1635 0.0000e+00
      9.053      0.079     9.8635     87.707     96.793  68.033940     3.0337      7.337   267.4445 3.4139e+00     1.8524      8.878     12.877    10.1638 0.0000e+00
      9.072      0.087     9.8597     87.705     96.831  68.039139     3.0230      7.336   267.4598 3.3705e+00     1.8799      8.895     12.901    10.1619 0.0000e+00
      9.095      0.096     9.8602     87.675     96.852  68.039131     3.0076      7.335   267.5678 3.3150e+00     1.9174      8.917     12.933    10.1593 0.0000e+00
