Data/DataNotYetUploadedToEDI/Raw_CTD/RawDownloads/050222_bvr50_0002.cnv
* Sea-Bird SBE19plus  Data File:
* FileName = C:\R\Reservoirs\Data\DataNotYetUploadedToEDI\Raw_CTD\RawDownloads\050922_bvr50_0002.hex
* Software version 2.8.0.119
* Temperature SN = 7809
* Conductivity SN = 7809
* System UpLoad Time = May 09 2022 16:20:24
* <ApplicationData>
* <Seaterm232>
# nquan = 15
# nvalues = 2340                        
# units = specified
# name 0 = depFM: Depth [fresh water, m]
# name 1 = dz/dtM: Descent Rate [m/s]
# name 2 = sbeox0Mg/L: Oxygen, SBE 43 [mg/l]
# name 3 = sbeox0PS: Oxygen, SBE 43 [% saturation]
# name 4 = specc: Specific Conductance [uS/cm]
# name 5 = c0uS/cm: Conductivity [uS/cm]
# name 6 = flECO-AFL: Fluorescence, WET Labs ECO-AFL/FL [mg/m^3]
# name 7 = ph: pH
# name 8 = orp: Oxidation Reduction Potential [mV]
# name 9 = par/sat/log: PAR/Logarithmic, Satlantic
# name 10 = turbWETntu0: Turbidity, WET Labs ECO [NTU]
# name 11 = prdM: Pressure, Strain Gauge [db]
# name 12 = prdE: Pressure, Strain Gauge [psi]
# name 13 = tv290C: Temperature [ITS-90, deg C]
# name 14 = flag:  0.000e+00
# span 0 =     -0.742,      9.076       
# span 1 =     -0.253,      3.857       
# span 2 =     0.0540,     9.5874       
# span 3 =      0.480,     96.412       
# span 4 =      0.267,     88.388       
# span 5 =   0.250865,  60.722540       
# span 6 =    -1.2410,    16.3392       
# span 7 =     -2.481,      9.243       
# span 8 = -1240.7455,  1240.2295       
# span 9 = 1.2362e-01, 2.4757e+03       
# span 10 =    -4.0322,   931.5678      
# span 11 =     -0.728,      8.902      
# span 12 =     -1.056,     12.912      
# span 13 =     9.3300,    22.0829      
# span 14 = 0.0000e+00, 0.0000e+00      
# interval = seconds: 0.25
# start_time = May 02 2022 07:30:07 [Instrument's time stamp, header]
# bad_flag = -9.990e-29
*END*
[from data line 579]
      1.733      0.057     9.1847     92.422     26.833  21.706078     3.0694      6.902   261.7117 2.2225e+02     1.9158      1.700      2.465    15.4467 0.0000e+00
      1.748      0.052     9.1952     92.497     26.817  21.692944     3.1073      6.902   262.0312 2.2243e+02     1.8890      1.716      2.489    15.4459 0.0000e+00
      1.759      0.046     9.2068     92.539     26.786  21.667721     3.1571      6.902   262.3075 2.2020e+02     1.7833      1.726      2.503    15.4449 0.0000e+00
      1.767      0.039     9.2210     92.552     26.769  21.654586     3.1809      6.903   262.4713 2.2160e+02     1.6966      1.733      2.513    15.4437 0.0000e+00
      1.776      0.034     9.2316     92.558     26.777  21.660860     3.1871      6.903   262.6352 2.2769e+02     1.6607      1.741      2.525    15.4427 0.0000e+00
      1.785      0.030     9.2394     92.582     26.801  21.680219     3.2071      6.902   262.8265 2.2708e+02     1.6572      1.751      2.540    15.4423 0.0000e+00
      1.792      0.030     9.2437     92.623     26.823  21.698547     3.2474      6.900   262.9775 2.2303e+02     1.6878      1.759      2.551    15.4426 0.0000e+00
      1.797      0.032     9.2439     92.638     26.815  21.692366     3.2666      6.900   263.0837 2.2473e+02     1.6890      1.763      2.557    15.4430 0.0000e+00
      1.802      0.035     9.2436     92.562     26.785  21.668847     3.2562      6.900   263.1646 2.2683e+02     1.6720      1.767      2.562    15.4433 0.0000e+00
      1.811      0.038     9.2454     92.373     26.784  21.667649     3.2547      6.900   263.2673 2.2528e+02     1.6875      1.774      2.573    15.4433 0.0000e+00
      1.824      0.041     9.2514     92.151     26.796  21.677877     3.2576      6.900   263.3793 2.2278e+02     1.6710      1.788      2.593    15.4433 0.0000e+00
      1.839      0.042     9.2553     92.015     26.781  21.665784     3.2490      6.901   263.4002 2.1981e+02     1.6094      1.804      2.616    15.4444 0.0000e+00
      1.851      0.040     9.2496     92.055     26.759  21.648168     3.2423      6.901   263.4340 2.1860e+02     1.5912      1.817      2.635    15.4452 0.0000e+00
      1.861      0.036     9.2266     92.261     26.768  21.654986     3.2437      6.901   263.5300 2.2120e+02     1.5881      1.826      2.648    15.4450 0.0000e+00
      1.868      0.031     9.2000     92.517     26.804  21.684846     3.2653      6.903   263.5282 2.2177e+02     1.6053      1.832      2.658    15.4449 0.0000e+00
      1.875      0.027     9.1827     92.738     26.813  21.692368     3.2948      6.905   263.4984 2.2129e+02     1.6627      1.839      2.668    15.4451 0.0000e+00
      1.880      0.026     9.1861     92.926     26.799  21.682575     3.3018      6.906   263.5139 2.2049e+02     1.6669      1.843      2.675    15.4456 0.0000e+00
      1.885      0.026     9.2129     93.076     26.812  21.693171     3.3089      6.907   263.5439 2.1910e+02     1.6566      1.848      2.681    15.4457 0.0000e+00
      1.890      0.027     9.2417     93.146     26.812  21.693747     3.3218      6.907   263.6021 2.1996e+02     1.6750      1.852      2.686    15.4464 0.0000e+00
      1.898      0.030     9.2620     93.156     26.807  21.689540     3.3245      6.908   263.6156 2.1740e+02     1.6839      1.860      2.698    15.4483 0.0000e+00
      1.908      0.035     9.2800     93.148     26.827  21.705680     3.3165      6.909   263.6207 2.1523e+02     1.6619      1.872      2.716    15.4498 0.0000e+00
      1.916      0.040     9.2982     93.134     26.818  21.698785     3.3005      6.910   263.7504 2.1718e+02     1.6142      1.879      2.725    15.4508 0.0000e+00
      1.925      0.045     9.3038     93.100     26.781  21.669544     3.3134      6.912   263.8926 2.1576e+02     1.6529      1.885      2.735    15.4513 0.0000e+00
      1.938      0.047     9.3018     92.994     26.781  21.668963     3.3559      6.915   263.7921 2.1137e+02     1.7887      1.899      2.754    15.4517 0.0000e+00
      1.954      0.046     9.3022     92.843     26.808  21.691759     3.3738      6.917   263.6534 2.0821e+02     1.8563      1.916      2.778    15.4522 0.0000e+00
      1.969      0.044     9.2994     92.764     26.808  21.691703     3.3635      6.918   263.7643 2.0661e+02     1.8553      1.933      2.803    15.4521 0.0000e+00
      1.981      0.041     9.2999     92.785     26.778  21.668286     3.3641      6.920   263.9275 2.0405e+02     1.8452      1.945      2.820    15.4524 0.0000e+00
      1.989      0.036     9.2896     92.861     26.770  21.662105     3.3816      6.922   263.9927 2.0108e+02     1.7682      1.950      2.829    15.4529 0.0000e+00
      1.994      0.033     9.2658     92.944     26.792  21.680331     3.3915      6.922   264.1232 2.0165e+02     1.6754      1.955      2.836    15.4530 0.0000e+00
      2.000      0.033     9.2590     92.989     26.814  21.698548     3.3836      6.922   264.3867 2.0121e+02     1.6114      1.962      2.845    15.4540 0.0000e+00
      2.007      0.037     9.2625     92.994     26.807  21.692253     3.3696      6.923   264.5968 1.9992e+02     1.6090      1.968      2.854    15.4557 0.0000e+00
      2.017      0.042     9.2713     92.994     26.777  21.667596     3.3643      6.923   264.6848 2.0049e+02     1.6809      1.977      2.868    15.4568 0.0000e+00
      2.028      0.047     9.2815     92.976     26.761  21.653894     3.3608      6.923   264.5899 1.9845e+02     1.6944      1.988      2.883    15.4572 0.0000e+00
      2.043      0.049     9.2868     92.913     26.761  21.653318     3.3520      6.924   264.3959 1.9517e+02     1.6364      2.002      2.904    15.4571 0.0000e+00
      2.059      0.046     9.2844     92.818     26.770  21.660631     3.3493      6.927   264.4039 1.9284e+02     1.5944      2.021      2.931    15.4567 0.0000e+00
      2.074      0.040     9.2853     92.676     26.792  21.678951     3.3621      6.928   264.6015 1.8984e+02     1.6301      2.036      2.953    15.4558 0.0000e+00
      2.085      0.032     9.2865     92.506     26.799  21.684721     3.3738      6.928   264.8055 1.8700e+02     1.6928      2.047      2.967    15.4544 0.0000e+00
      2.091      0.023     9.2771     92.323     26.776  21.667029     3.3658      6.929   264.9775 1.8771e+02     1.6689      2.052      2.975    15.4530 0.0000e+00
      2.092      0.018     9.2713     92.142     26.761  21.655137     3.3483      6.930   265.0460 1.8903e+02     1.6145      2.052      2.976    15.4525 0.0000e+00
      2.092      0.017     9.2545     92.067     26.777  21.667668     3.3620      6.930   265.0316 1.8906e+02     1.6840      2.051      2.974    15.4531 0.0000e+00
      2.093      0.021     9.2363     92.169     26.807  21.691805     3.4145      6.931   265.1481 1.8902e+02     1.8605      2.053      2.977    15.4548 0.0000e+00
      2.097      0.030     9.2201     92.415     26.810  21.693510     3.4340      6.932   265.3356 1.8702e+02     1.9377      2.056      2.981    15.4567 0.0000e+00
      2.105      0.042     9.1952     92.751     26.805  21.688272     3.4065      6.934   265.4061 1.8532e+02     1.9002      2.063      2.992    15.4571 0.0000e+00
      2.118      0.053     9.1851     93.070     26.811  21.691844     3.3806      6.935   265.3979 1.8329e+02     1.8860      2.075      3.011    15.4565 0.0000e+00
      2.135      0.061     9.1983     93.224     26.790  21.673325     3.3711      6.936   265.4091 1.7988e+02     1.9015      2.091      3.034    15.4557 0.0000e+00
      2.156      0.066     9.2239     93.161     26.767  21.654462     3.3753      6.937   265.4556 1.7657e+02     1.9170      2.114      3.066    15.4544 0.0000e+00
      2.177      0.066     9.2614     92.953     26.766  21.653881     3.3731      6.939   265.5291 1.7279e+02     1.9022      2.135      3.097    15.4522 0.0000e+00
      2.196      0.061     9.3011     92.687     26.781  21.666298     3.3941      6.941   265.6100 1.7057e+02     1.8598      2.154      3.123    15.4490 0.0000e+00
      2.212      0.053     9.3189     92.433     26.796  21.677867     3.4546      6.943   265.6600 1.6925e+02     1.8142      2.171      3.147    15.4455 0.0000e+00
      2.224      0.043     9.3089     92.280     26.783  21.667020     3.4807      6.944   265.7032 1.6764e+02     1.7269      2.182      3.165    15.4449 0.0000e+00
      2.232      0.035     9.2844     92.273     26.777  21.661879     3.4686      6.945   265.7872 1.6693e+02     1.6234      2.189      3.175    15.4464 0.0000e+00
      2.237      0.029     9.2570     92.395     26.798  21.679076     3.4660      6.945   265.8156 1.6589e+02     1.5883      2.193      3.181    15.4466 0.0000e+00
      2.242      0.026     9.2269     92.596     26.804  21.684846     3.4902      6.946   265.7892 1.6446e+02     1.6782      2.199      3.189    15.4457 0.0000e+00
      2.247      0.026     9.2102     92.768     26.782  21.668278     3.5285      6.947   265.8980 1.6369e+02     1.8567      2.203      3.196    15.4452 0.0000e+00
      2.253      0.027     9.2110     92.813     26.782  21.668863     3.5382      6.947   266.0123 1.6256e+02     1.9359      2.208      3.203    15.4454 0.0000e+00
      2.260      0.029     9.2234     92.733     26.810  21.691916     3.5237      6.947   265.9673 1.6155e+02     1.8497      2.216      3.214    15.4460 0.0000e+00
      2.270      0.029     9.2485     92.546     26.811  21.693531     3.5121      6.948   265.8695 1.6116e+02     1.7717      2.226      3.228    15.4466 0.0000e+00
      2.279      0.028     9.2697     92.227     26.805  21.688387     3.4968      6.950   265.7762 1.5928e+02     1.7438      2.235      3.242    15.4482 0.0000e+00
      2.286      0.026     9.2727     91.813     26.811  21.693101     3.4807      6.952   265.7854 1.5719e+02     1.7177      2.243      3.253    15.4507 0.0000e+00
      2.292      0.023     9.2624     91.455     26.804  21.687151     3.4761      6.953   265.8945 1.5680e+02     1.6944      2.249      3.261    15.4522 0.0000e+00
      2.297      0.019     9.2462     91.280     26.795  21.679810     3.4661      6.955   265.9773 1.5615e+02     1.6669      2.253      3.268    15.4526 0.0000e+00
      2.301      0.016     9.2143     91.323     26.780  21.667717     3.4426      6.957   266.0125 1.5599e+02     1.6581      2.257      3.273    15.4523 0.0000e+00
      2.304      0.014     9.1656     91.557     26.780  21.667670     3.4329      6.957   266.0615 1.5621e+02     1.6224      2.260      3.277    15.4517 0.0000e+00
      2.308      0.013     9.1248     91.873     26.795  21.679240     3.4324      6.958   266.1405 1.5449e+02     1.5771      2.264      3.283    15.4515 0.0000e+00
      2.311      0.011     9.1074     92.162     26.797  21.680867     3.4366      6.959   266.1068 1.5384e+02     1.6572      2.266      3.286    15.4515 0.0000e+00
      2.314      0.010     9.1115     92.420     26.805  21.687351     3.4594      6.960   265.9979 1.5508e+02     1.8399      2.269      3.291    15.4515 0.0000e+00
      2.317      0.009     9.1394     92.669     26.813  21.694262     3.4748      6.961   266.0287 1.5423e+02     1.9404      2.273      3.296    15.4512 0.0000e+00
      2.319      0.009     9.1771     92.880     26.821  21.701061     3.4804      6.961   266.1349 1.5351e+02     1.9160      2.274      3.298    15.4503 0.0000e+00
      2.319      0.012     9.2041     93.029     26.827  21.706194     3.4865      6.961   266.2494 1.5376e+02     1.8194      2.275      3.299    15.4499 0.0000e+00
      2.320      0.020     9.2288     93.146     26.811  21.692955     3.4901      6.962   266.4668 1.5315e+02     1.7287      2.275      3.300    15.4500 0.0000e+00
      2.323      0.030     9.2548     93.251     26.780  21.667721     3.4896      6.962   266.6121 1.5310e+02     1.7077      2.277      3.303    15.4505 0.0000e+00
      2.330      0.040     9.2781     93.305     26.765  21.654576     3.4730      6.963   266.6300 1.5155e+02     1.7016      2.282      3.310    15.4509 0.0000e+00
      2.344      0.048     9.2904     93.298     26.775  21.660747     3.4558      6.964   266.6835 1.4928e+02     1.6551      2.294      3.328    15.4515 0.0000e+00
      2.364      0.052     9.3003     93.256     26.800  21.678963     3.4394      6.966   266.7417 1.4745e+02     1.5895      2.318      3.363    15.4520 0.0000e+00
      2.384      0.052     9.3145     93.234     26.808  21.684723     3.4170      6.966   266.8182 1.4539e+02     1.5913      2.341      3.396    15.4521 0.0000e+00
      2.398      0.049     9.3190     93.252     26.786  21.667010     3.4179      6.966   266.9195 1.4436e+02     1.6424      2.353      3.414    15.4503 0.0000e+00
      2.406      0.044     9.3197     93.260     26.770  21.654909     3.4247      6.967   266.9344 1.4352e+02     1.6614      2.359      3.423    15.4458 0.0000e+00
      2.412      0.039     9.3128     93.202     26.781  21.665146     3.4162      6.969   266.9119 1.4255e+02     1.6494      2.363      3.429    15.4414 0.0000e+00
      2.420      0.036     9.3102     93.077     26.779  21.664041     3.4237      6.970   266.9927 1.4201e+02     1.6339      2.371      3.440    15.4399 0.0000e+00
      2.430      0.035     9.3146     92.957     26.751  21.641561     3.4399      6.971   267.1364 1.4090e+02     1.6112      2.382      3.455    15.4406 0.0000e+00
      2.440      0.036     9.3169     92.889     26.759  21.646806     3.4459      6.972   267.1866 1.3970e+02     1.6141      2.394      3.472    15.4425 0.0000e+00
      2.450      0.037     9.3118     92.819     26.781  21.664097     3.4540      6.972   267.1695 1.3966e+02     1.6687      2.404      3.487    15.4448 0.0000e+00
      2.459      0.036     9.2946     92.674     26.777  21.660519     3.4630      6.972   267.1881 1.3850e+02     1.7254      2.411      3.497    15.4466 0.0000e+00
      2.468      0.033     9.2804     92.464     26.786  21.666909     3.4718      6.971   267.2399 1.3704e+02     1.7194      2.420      3.511    15.4460 0.0000e+00
      2.477      0.029     9.2768     92.259     26.800  21.677987     3.4854      6.973   267.3654 1.3685e+02     1.6300      2.429      3.523    15.4437 0.0000e+00
      2.486      0.025     9.2746     92.135     26.788  21.667723     3.4777      6.976   267.5005 1.3590e+02     1.5660      2.438      3.536    15.4422 0.0000e+00
      2.492      0.023     9.2584     92.119     26.790  21.669545     3.4454      6.977   267.5827 1.3545e+02     1.5950      2.444      3.546    15.4412 0.0000e+00
      2.495      0.021     9.2355     92.131     26.828  21.700023     3.4277      6.977   267.6710 1.3514e+02     1.6725      2.447      3.549    15.4402 0.0000e+00
      2.498      0.019     9.2118     92.112     26.852  21.719392     3.4306      6.978   267.7079 1.3423e+02     1.7179      2.449      3.552    15.4399 0.0000e+00
      2.503      0.016     9.1974     92.116     26.845  21.713632     3.4307      6.978   267.6841 1.3392e+02     1.6655      2.454      3.559    15.4395 0.0000e+00
      2.509      0.014     9.2003     92.194     26.821  21.693739     3.4198      6.978   267.7272 1.3307e+02     1.5856      2.461      3.570    15.4391 0.0000e+00
      2.515      0.012     9.2052     92.323     26.790  21.668974     3.4160      6.979   267.8002 1.3246e+02     1.6061      2.468      3.579    15.4391 0.0000e+00
      2.517      0.010     9.1993     92.467     26.789  21.667671     3.4263      6.980   267.8782 1.3281e+02     1.7076      2.469      3.581    15.4390 0.0000e+00
      2.517      0.008     9.1971     92.575     26.802  21.677983     3.4273      6.981   267.9811 1.3256e+02     1.7205      2.467      3.578    15.4387 0.0000e+00
      2.517      0.006     9.2075     92.601     26.787  21.666919     3.4288      6.981   268.0117 1.3228e+02     1.6593      2.468      3.579    15.4383 0.0000e+00
