Data/DataNotYetUploadedToEDI/Raw_CTD/RawDownloads/050222_fcr50_0003.cnv
* Sea-Bird SBE19plus  Data File:
* FileName = C:\R\Reservoirs\Data\DataNotYetUploadedToEDI\Raw_CTD\RawDownloads\050922_bvr50_0003.hex
* Software version 2.8.0.119
* Temperature SN = 7809
* Conductivity SN = 7809
* System UpLoad Time = May 09 2022 16:21:44
* <ApplicationData>
* <Seaterm232>
# nquan = 15
# nvalues = 3233                        
# units = specified
# name 0 = depFM: Depth [fresh water, m]
# name 1 = dz/dtM: Descent Rate [m/s]
# name 2 = sbeox0Mg/L: Oxygen, SBE 43 [mg/l]
# name 3 = sbeox0PS: Oxygen, SBE 43 [% saturation]
# name 4 = specc: Specific Conductance [uS/cm]
# name 5 = c0uS/cm: Conductivity [uS/cm]
# name 6 = flECO-AFL: Fluorescence, WET Labs ECO-AFL/FL [mg/m^3]
# name 7 = ph: pH
# name 8 = orp: Oxidation Reduction Potential [mV]
# name 9 = par/sat/log: PAR/Logarithmic, Satlantic
# name 10 = turbWETntu0: Turbidity, WET Labs ECO [NTU]
# name 11 = prdM: Pressure, Strain Gauge [db]
# name 12 = prdE: Pressure, Strain Gauge [psi]
# name 13 = tv290C: Temperature [ITS-90, deg C]
# name 14 = flag:  0.000e+00
# span 0 =     -0.667,      9.640       
# span 1 =     -0.225,      0.122       
# span 2 =     0.0452,    11.7530       
# span 3 =      0.394,    108.606       
# span 4 =      0.348,    446.792       
# span 5 =   0.355157, 295.604271       
# span 6 =    -2.2610,   227.3892       
# span 7 =     -2.317,      8.713       
# span 8 = -1240.7455,   720.0476       
# span 9 = 1.2358e-01, 2.6738e+03       
# span 10 =    -3.6820,   957.0400      
# span 11 =     -0.655,      9.454      
# span 12 =     -0.949,     13.711      
# span 13 =     8.0283,    25.8848      
# span 14 = 0.0000e+00, 0.0000e+00      
# interval = seconds: 0.25
# start_time = May 02 2022 10:28:23 [Instrument's time stamp, header]
# bad_flag = -9.990e-29
*END*
[from data line 1543]
      5.517      0.027     3.2058     27.703     39.346  26.625595    19.8325      6.951   321.0712 4.4817e+00     2.0186      5.408      7.844     8.8800 0.0000e+00
      5.528      0.027     3.2080     27.667     39.347  26.617425    19.7467      6.949   321.0768 4.4243e+00     2.0561      5.422      7.863     8.8781 0.0000e+00
      5.538      0.026     3.2001     27.596     39.355  26.616687    19.7594      6.946   321.1048 4.4011e+00     2.0983      5.434      7.881     8.8645 0.0000e+00
      5.543      0.023     3.2099     27.536     39.358  26.616673    19.9619      6.944   320.9794 4.4026e+00     2.0854      5.436      7.884     8.8454 0.0000e+00
      5.546      0.018     3.2202     27.498     39.362  26.617253    20.3221      6.942   320.6791 4.3924e+00     2.0372      5.438      7.887     8.8322 0.0000e+00
      5.551      0.013     3.2124     27.469     39.376  26.623695    20.5183      6.940   320.6579 4.3667e+00     2.0275      5.445      7.897     8.8200 0.0000e+00
      5.554      0.009     3.2035     27.438     39.391  26.631172    20.5614      6.937   320.9819 4.3511e+00     2.0715      5.448      7.901     8.8119 0.0000e+00
      5.555      0.009     3.1958     27.405     39.414  26.644269    20.8102      6.933   321.3259 4.3453e+00     2.0908      5.447      7.901     8.8113 0.0000e+00
      5.555      0.012     3.1927     27.392     39.434  26.655271    21.2538      6.932   321.5479 4.3434e+00     2.0550      5.448      7.902     8.8095 0.0000e+00
      5.556      0.017     3.1899     27.414     39.407  26.637427    21.4890      6.931   321.6871 4.3500e+00     2.0490      5.449      7.903     8.8049 0.0000e+00
      5.558      0.023     3.1869     27.446     39.375  26.618671    21.5070      6.930   321.8046 4.3369e+00     2.0863      5.449      7.903     8.8014 0.0000e+00
      5.565      0.027     3.1824     27.469     39.373  26.618657    21.4219      6.928   321.9355 4.2853e+00     2.1647      5.454      7.910     8.7988 0.0000e+00
      5.578      0.030     3.1793     27.468     39.401  26.637255    21.2508      6.926   321.7210 4.2207e+00     2.2792      5.470      7.933     8.7936 0.0000e+00
      5.593      0.030     3.1848     27.455     39.421  26.653384    21.1690      6.923   321.1902 4.1774e+00     2.3432      5.488      7.960     8.7940 0.0000e+00
      5.601      0.030     3.1874     27.465     39.373  26.623514    21.1654      6.921   321.1102 4.1714e+00     2.3581      5.495      7.970     8.8013 0.0000e+00
      5.603      0.025     3.1917     27.498     39.328  26.593026    21.1402      6.920   321.4425 4.1751e+00     2.3230      5.493      7.967     8.8010 0.0000e+00
      5.606      0.020     3.1915     27.532     39.338  26.601688    20.9977      6.919   321.7669 4.1576e+00     2.1916      5.495      7.970     8.7991 0.0000e+00
      5.613      0.015     3.1863     27.548     39.327  26.601480    20.7491      6.917   321.9342 4.1303e+00     2.0675      5.505      7.984     8.8035 0.0000e+00
      5.618      0.014     3.1885     27.547     39.303  26.590512    20.6061      6.914   321.9165 4.1188e+00     2.0520      5.512      7.993     8.8103 0.0000e+00
      5.620      0.015     3.1928     27.544     39.316  26.595853    20.5512      6.912   321.2947 4.1131e+00     2.1067      5.511      7.994     8.8076 0.0000e+00
      5.621      0.016     3.1983     27.536     39.336  26.602673    20.1595      6.910   320.3536 4.0867e+00     2.1483      5.512      7.993     8.8042 0.0000e+00
      5.624      0.016     3.1988     27.521     39.353  26.609581    19.4493      6.908   320.1741 4.0582e+00     2.1448      5.514      7.998     8.8205 0.0000e+00
      5.629      0.017     3.1964     27.499     39.370  26.615986    19.0552      6.907   320.3291 4.0343e+00     2.1332      5.519      8.005     8.8322 0.0000e+00
      5.637      0.018     3.1976     27.472     39.385  26.616729    19.0240      6.906   320.3337 4.0005e+00     2.1441      5.528      8.018     8.8224 0.0000e+00
      5.643      0.018     3.1974     27.443     39.403  26.618549    19.0802      6.904   320.6605 3.9826e+00     2.2426      5.535      8.028     8.8096 0.0000e+00
      5.646      0.017     3.1962     27.415     39.431  26.637984    19.1693      6.902   321.2687 3.9855e+00     2.3679      5.538      8.032     8.8072 0.0000e+00
      5.648      0.016     3.1936     27.396     39.448  26.661555    19.2100      6.900   321.1491 3.9804e+00     2.3619      5.538      8.033     8.8041 0.0000e+00
      5.651      0.015     3.1915     27.388     39.414  26.650020    19.1820      6.897   320.1608 3.9621e+00     2.3063      5.541      8.037     8.7893 0.0000e+00
      5.656      0.016     3.1895     27.377     39.371  26.625297    18.7880      6.895   319.5581 3.9424e+00     2.3787      5.547      8.045     8.7702 0.0000e+00
      5.661      0.017     3.1860     27.359     39.351  26.616167    18.0593      6.893   319.6258 3.9263e+00     2.5196      5.551      8.052     8.7674 0.0000e+00
      5.664      0.018     3.1815     27.352     39.321  26.603022    17.6624      6.893   319.8618 3.9009e+00     2.5753      5.554      8.055     8.7926 0.0000e+00
      5.669      0.017     3.1801     27.356     39.304  26.593146    17.6347      6.892   320.0879 3.8732e+00     2.5733      5.559      8.062     8.8115 0.0000e+00
      5.676      0.015     3.1796     27.368     39.365  26.623523    17.8147      6.890   320.2944 3.8562e+00     2.4962      5.567      8.075     8.8088 0.0000e+00
      5.681      0.012     3.1756     27.376     39.439  26.653374    18.1666      6.888   320.4658 3.8424e+00     2.3600      5.573      8.084     8.8136 0.0000e+00
      5.683      0.009     3.1742     27.355     39.445  26.637128    18.3597      6.886   320.5253 3.8391e+00     2.3277      5.574      8.085     8.8297 0.0000e+00
      5.683      0.006     3.1742     27.323     39.440  26.617224    18.3770      6.884   320.4978 3.8413e+00     2.3446      5.574      8.084     8.8356 0.0000e+00
      5.684      0.005     3.1762     27.295     39.435  26.602857    18.3924      6.881   320.3913 3.8405e+00     2.3241      5.574      8.084     8.8191 0.0000e+00
      5.684      0.005     3.1829     27.253     39.425  26.590182    18.6041      6.879   320.1841 3.8430e+00     2.3191      5.574      8.084     8.7888 0.0000e+00
      5.684      0.008     3.1805     27.201     39.426  26.590732    18.9977      6.878   320.0581 3.8430e+00     2.3181      5.575      8.085     8.7602 0.0000e+00
      5.685      0.012     3.1767     27.146     39.438  26.609507    19.2062      6.877   320.5882 3.8389e+00     2.3123      5.576      8.087     8.7391 0.0000e+00
      5.689      0.015     3.1773     27.084     39.435  26.627032    19.2020      6.876   321.5175 3.8310e+00     2.3173      5.578      8.090     8.7258 0.0000e+00
      5.696      0.017     3.1717     27.010     39.387  26.612504    19.0304      6.874   321.9151 3.8123e+00     2.2769      5.584      8.100     8.7181 0.0000e+00
      5.703      0.017     3.1652     26.927     39.396  26.624029    18.7301      6.873   321.9546 3.7860e+00     2.1998      5.594      8.113     8.7161 0.0000e+00
      5.708      0.016     3.1589     26.848     39.426  26.639608    18.5757      6.871   321.7365 3.7670e+00     2.1365      5.599      8.120     8.7266 0.0000e+00
      5.712      0.013     3.1489     26.785     39.403  26.610703    18.5623      6.869   321.2578 3.7599e+00     2.0585      5.602      8.124     8.7598 0.0000e+00
      5.714      0.009     3.1383     26.708     39.399  26.591461    18.5509      6.868   321.0707 3.7613e+00     2.0071      5.604      8.127     8.7897 0.0000e+00
      5.714      0.006     3.1280     26.613     39.427  26.597089    18.5292      6.867   321.6252 3.7618e+00     2.0618      5.604      8.128     8.7922 0.0000e+00
      5.714      0.005     3.1173     26.526     39.467  26.615354    18.5081      6.865   322.7133 3.7538e+00     2.1393      5.604      8.128     8.7868 0.0000e+00
      5.715      0.006     3.1147     26.446     39.484  26.622142    18.5116      6.863   323.3854 3.7445e+00     2.1248      5.605      8.129     8.7675 0.0000e+00
      5.716      0.007     3.1073     26.364     39.478  26.615765    18.6552      6.861   323.2999 3.7355e+00     2.1252      5.605      8.130     8.7417 0.0000e+00
      5.717      0.010     3.0954     26.280     39.460  26.601635    18.9302      6.860   322.8839 3.7300e+00     2.2468      5.606      8.130     8.7264 0.0000e+00
      5.720      0.012     3.0868     26.182     39.429  26.578068    19.0892      6.858   322.5712 3.7212e+00     2.3649      5.609      8.135     8.7150 0.0000e+00
      5.725      0.014     3.0784     26.062     39.442  26.584349    19.1038      6.857   322.5299 3.6933e+00     2.3918      5.614      8.142     8.7096 0.0000e+00
      5.730      0.015     3.0689     25.962     39.489  26.614198    19.0238      6.856   322.6431 3.6644e+00     2.3668      5.620      8.151     8.7073 0.0000e+00
      5.734      0.017     3.0593     25.903     39.501  26.622038    18.8709      6.855   322.8211 3.6538e+00     2.3361      5.624      8.157     8.7042 0.0000e+00
      5.738      0.018     3.0502     25.891     39.491  26.615753    18.7947      6.853   323.1333 3.6516e+00     2.3290      5.627      8.160     8.7015 0.0000e+00
      5.741      0.017     3.0326     25.914     39.464  26.601594    18.7939      6.851   323.4064 3.6402e+00     2.3488      5.629      8.165     8.6989 0.0000e+00
      5.746      0.017     3.0212     25.939     39.412  26.577609    18.7604      6.851   323.5424 3.6208e+00     2.3711      5.634      8.172     8.6952 0.0000e+00
      5.753      0.019     3.0140     25.954     39.391  26.579318    18.4321      6.850   323.5734 3.6140e+00     2.3585      5.644      8.185     8.6948 0.0000e+00
      5.758      0.022     3.0123     25.971     39.443  26.622272    17.8451      6.848   323.2646 3.6141e+00     2.3329      5.648      8.192     8.6969 0.0000e+00
      5.759      0.025     3.0177     25.977     39.503  26.653275    17.5314      6.846   322.9062 3.6022e+00     2.3357      5.647      8.190     8.6972 0.0000e+00
      5.764      0.025     3.0197     25.951     39.504  26.637226    17.4858      6.844   322.9400 3.5590e+00     2.3575      5.649      8.192     8.7100 0.0000e+00
      5.775      0.026     3.0182     25.891     39.493  26.618370    17.1526      6.841   323.1569 3.4978e+00     2.3580      5.663      8.214     8.7405 0.0000e+00
      5.788      0.026     3.0194     25.800     39.494  26.615434    16.5325      6.839   323.3775 3.4728e+00     2.3413      5.681      8.239     8.7558 0.0000e+00
      5.793      0.026     3.0241     25.725     39.477  26.601720    16.2045      6.839   323.6276 3.4779e+00     2.3607      5.683      8.242     8.7370 0.0000e+00
      5.795      0.023     3.0207     25.666     39.447  26.579325    16.2087      6.838   323.7731 3.4615e+00     2.3881      5.679      8.237     8.7085 0.0000e+00
      5.801      0.019     3.0176     25.571     39.471  26.598196    16.3835      6.837   323.2437 3.4350e+00     2.3650      5.689      8.251     8.6939 0.0000e+00
      5.808      0.019     3.0028     25.456     39.519  26.639734    16.6870      6.835   322.3027 3.4341e+00     2.3199      5.698      8.266     8.6941 0.0000e+00
      5.810      0.022     2.9935     25.374     39.507  26.637876    16.8482      6.834   321.9470 3.4319e+00     2.3212      5.699      8.266     8.6918 0.0000e+00
      5.813      0.026     2.9927     25.317     39.514  26.639124    16.8502      6.833   322.0394 3.3971e+00     2.3466      5.698      8.265     8.6840 0.0000e+00
      5.820      0.030     2.9786     25.242     39.553  26.654816    16.7457      6.831   322.3010 3.3502e+00     2.3200      5.705      8.275     8.6871 0.0000e+00
      5.830      0.032     2.9615     25.171     39.544  26.637437    16.5580      6.830   322.7006 3.3162e+00     2.2721      5.717      8.292     8.7046 0.0000e+00
      5.842      0.034     2.9508     25.132     39.531  26.619138    16.4701      6.828   322.9144 3.2884e+00     2.2801      5.729      8.310     8.7170 0.0000e+00
      5.852      0.034     2.9491     25.108     39.549  26.623709    16.4985      6.826   322.7350 3.2587e+00     2.3136      5.740      8.325     8.7102 0.0000e+00
      5.862      0.032     2.9389     25.103     39.566  26.629316    16.8016      6.825   322.3375 3.2464e+00     2.3361      5.750      8.341     8.6936 0.0000e+00
      5.868      0.028     2.9293     25.079     39.564  26.623541    17.3553      6.824   322.1520 3.2369e+00     2.3474      5.755      8.347     8.6784 0.0000e+00
      5.873      0.025     2.9291     24.999     39.560  26.617268    17.6501      6.822   322.1262 3.2069e+00     2.3135      5.758      8.351     8.6661 0.0000e+00
      5.879      0.023     2.9244     24.907     39.563  26.616853    17.6767      6.820   322.0259 3.1776e+00     2.3022      5.766      8.362     8.6560 0.0000e+00
      5.885      0.023     2.9261     24.807     39.568  26.618516    17.6526      6.818   321.9726 3.1584e+00     2.3127      5.772      8.370     8.6489 0.0000e+00
      5.890      0.023     2.9286     24.662     39.598  26.637370    17.2337      6.817   322.1696 3.1417e+00     2.2359      5.776      8.376     8.6437 0.0000e+00
      5.896      0.023     2.9134     24.499     39.624  26.654656    16.4577      6.815   322.5151 3.1235e+00     2.1251      5.782      8.385     8.6394 0.0000e+00
      5.903      0.022     2.9040     24.345     39.599  26.637369    16.0268      6.814   322.6223 3.1053e+00     2.0663      5.789      8.396     8.6366 0.0000e+00
      5.910      0.020     2.8962     24.220     39.573  26.618512    15.9358      6.814   322.6051 3.0920e+00     2.0709      5.796      8.406     8.6339 0.0000e+00
      5.915      0.018     2.8760     24.139     39.573  26.616802    15.3484      6.813   322.5659 3.0696e+00     2.1809      5.801      8.414     8.6319 0.0000e+00
      5.919      0.016     2.8568     24.103     39.574  26.616698    14.2602      6.811   322.3199 3.0356e+00     2.3032      5.804      8.418     8.6322 0.0000e+00
      5.921      0.016     2.8375     24.094     39.576  26.617255    13.6563      6.809   322.2124 3.0237e+00     2.3200      5.807      8.423     8.6324 0.0000e+00
      5.923      0.016     2.8227     24.083     39.587  26.623541    13.5904      6.807   322.7290 3.0145e+00     2.3159      5.808      8.424     8.6304 0.0000e+00
      5.927      0.017     2.8134     24.053     39.598  26.629318    13.4796      6.805   323.5750 2.9853e+00     2.3221      5.810      8.427     8.6277 0.0000e+00
      5.933      0.022     2.8096     24.024     39.592  26.623712    13.2825      6.804   323.8374 2.9728e+00     2.3271      5.819      8.440     8.6266 0.0000e+00
      5.938      0.028     2.8103     24.021     39.587  26.619141    13.1714      6.803   323.5792 2.9773e+00     2.3075      5.825      8.448     8.6261 0.0000e+00
      5.942      0.033     2.8100     24.024     39.617  26.637433    13.1684      6.800   323.6368 2.9651e+00     2.2554      5.825      8.449     8.6247 0.0000e+00
      5.951      0.034     2.8060     24.005     39.646  26.654720    13.3292      6.798   323.7598 2.9095e+00     2.2780      5.832      8.459     8.6224 0.0000e+00
      5.966      0.033     2.8000     23.973     39.623  26.638000    13.6260      6.798   323.5171 2.8432e+00     2.3423      5.852      8.487     8.6210 0.0000e+00
      5.981      0.032     2.8018     23.939     39.606  26.625428    13.7865      6.798   323.6280 2.8279e+00     2.3495      5.870      8.514     8.6196 0.0000e+00
      5.987      0.031     2.8038     23.903     39.614  26.629475    13.7878      6.797   324.2401 2.8389e+00     2.3307      5.873      8.518     8.6167 0.0000e+00
