Data/DataNotYetUploadedToEDI/Raw_CTD/RawDownloads/050222_bvr50_0001.cnv
* Sea-Bird SBE19plus  Data File:
* FileName = C:\R\Reservoirs\Data\DataNotYetUploadedToEDI\Raw_CTD\RawDownloads\050222_bvr50_0001.hex
* Software version 2.8.0.119
* Temperature SN = 7809
* Conductivity SN = 7809
* System UpLoad Time = May 03 2022 18:47:36
* <ApplicationData>
* <Seaterm232>
# nquan = 15
# nvalues = 767                         
# units = specified
# name 0 = depFM: Depth [fresh water, m]
# name 1 = dz/dtM: Descent Rate [m/s]
# name 2 = sbeox0Mg/L: Oxygen, SBE 43 [mg/l]
# name 3 = sbeox0PS: Oxygen, SBE 43 [% saturation]
# name 4 = specc: Specific Conductance [uS/cm]
# name 5 = c0uS/cm: Conductivity [uS/cm]
# name 6 = flECO-AFL: Fluorescence, WET Labs ECO-AFL/FL [mg/m^3]
# name 7 = ph: pH
# name 8 = orp: Oxidation Reduction Potential [mV]
# name 9 = par/sat/log: PAR/Logarithmic, Satlantic
# name 10 = turbWETntu0: Turbidity, WET Labs ECO [NTU]
# name 11 = prdM: Pressure, Strain Gauge [db]
# name 12 = prdE: Pressure, Strain Gauge [psi]
# name 13 = tv290C: Temperature [ITS-90, deg C]
# name 14 = flag:  0.000e+00
# span 0 =     -0.150,     16.977       
# span 1 =     -0.196,      0.219       
# span 2 =     7.2323,    10.7333       
# span 3 =     69.334,    102.131       
# span 4 =     88.937,     98.744       
# span 5 =  66.280161,  71.227373       
# span 6 =    -0.0258,     5.4927       
# span 7 =      6.079,      7.389       
# span 8 =   142.9047,   289.3054       
# span 9 = 1.2364e-01, 2.2510e+02       
# span 10 =     1.7518,    28.3084      
# span 11 =     -0.167,     16.655      
# span 12 =     -0.241,     24.156      
# span 13 =     9.3250,    13.4001      
# span 14 = 0.0000e+00, 0.0000e+00      
# interval = seconds: 0.25
# start_time = Apr 20 2022 07:05:48 [Instrument's time stamp, header]
# bad_flag = -9.990e-29
*END*
     -0.150      0.143     9.8802     94.295     92.953  71.210745    -0.0258      6.079   142.9047 2.2150e+02    27.5861     -0.167     -0.241    12.9960 0.0000e+00
     -0.091      0.176     9.8599     94.638     92.839  71.177044    -0.0059      6.302   147.8756 1.8956e+02    28.3084     -0.091     -0.133    13.0996 0.0000e+00
     -0.017      0.194     9.8447     95.062     92.770  71.151343     0.0231      6.428   152.2285 1.6183e+02    27.7916     -0.012     -0.018    13.1943 0.0000e+00
      0.050      0.194     9.8465     95.533     92.760  71.154122     0.2170      6.497   155.4409 1.5495e+02    21.2694      0.051      0.074    13.2592 0.0000e+00
      0.104      0.176     9.8613     96.028     92.748  71.147133     0.5650      6.534   157.8925 1.6089e+02     9.3985      0.109      0.158    13.3099 0.0000e+00
      0.142      0.145     9.8914     96.494     92.729  71.130362     0.7607      6.549   160.0166 1.6923e+02     2.9655      0.143      0.209    13.3350 0.0000e+00
      0.167      0.113     9.9352     96.872     92.748  71.141912     0.7852      6.555   162.1081 1.7415e+02     2.3796      0.166      0.242    13.3485 0.0000e+00
      0.185      0.084     9.9835     97.125     92.770  71.159723     0.7945      6.561   163.9944 1.7330e+02     2.3143      0.182      0.264    13.3518 0.0000e+00
      0.202      0.059    10.0370     97.205     92.758  71.155144     0.8071      6.572   165.5298 1.6010e+02     2.3470      0.198      0.287    13.3537 0.0000e+00
      0.217      0.040    10.0898     97.077     92.746  71.150079     0.8129      6.587   167.1643 1.3789e+02     2.3653      0.214      0.310    13.3504 0.0000e+00
      0.227      0.025    10.1294     96.668     92.757  71.162015     0.8059      6.603   168.9582 1.2701e+02     2.3302      0.226      0.328    13.3476 0.0000e+00
      0.230      0.014    10.1589     95.860     92.766  71.172411     0.8061      6.617   170.5277 1.2583e+02     2.3329      0.228      0.331    13.3489 0.0000e+00
      0.227      0.005    10.1667     94.579     92.731  71.148734     0.8146      6.628   172.0303 1.2349e+02     2.3982      0.222      0.323    13.3523 0.0000e+00
      0.222      0.000    10.1544     92.852     92.703  71.129843     0.8181      6.637   173.7901 1.2003e+02     2.4363      0.217      0.315    13.3544 0.0000e+00
      0.220     -0.002    10.1187     90.905     92.708  71.134572     0.8147      6.645   175.6301 1.1329e+02     2.4171      0.214      0.312    13.3559 0.0000e+00
      0.222     -0.001    10.0342     88.992     92.717  71.142395     0.8067      6.652   177.4141 1.1299e+02     2.3375      0.217      0.315    13.3576 0.0000e+00
      0.224      0.001     9.9028     87.238     92.741  71.160904     0.7954      6.658   179.3573 1.2423e+02     2.1910      0.221      0.320    13.3599 0.0000e+00
      0.225      0.001     9.7111     85.783     92.751  71.167788     0.7871      6.664   181.4866 1.2965e+02     2.0809      0.222      0.322    13.3613 0.0000e+00
      0.225      0.001     9.4942     84.716     92.745  71.162108     0.7895      6.668   183.4562 1.2322e+02     2.0649      0.222      0.321    13.3619 0.0000e+00
      0.224     -0.001     9.2960     84.028     92.739  71.155758     0.7988      6.670   184.9325 1.1996e+02     2.1004      0.220      0.319    13.3621 0.0000e+00
      0.224     -0.004     9.1032     83.624     92.739  71.154523     0.8085      6.673   185.8283 1.2141e+02     2.1342      0.220      0.319    13.3619 0.0000e+00
      0.224     -0.009     8.9493     83.330     92.733  71.147168     0.8063      6.676   186.3710 1.1958e+02     2.1319      0.220      0.319    13.3617 0.0000e+00
      0.223     -0.015     8.8384     83.019     92.715  71.130363     0.7891      6.678   186.8489 1.1543e+02     2.1066      0.219      0.318    13.3608 0.0000e+00
      0.220     -0.022     8.7687     82.669     92.730  71.141899     0.7752      6.680   187.3900 1.1302e+02     2.1020      0.218      0.316    13.3603 0.0000e+00
      0.213     -0.030     8.7358     82.358     92.751  71.159600     0.7800      6.681   188.0946 1.1427e+02     2.1098      0.211      0.307    13.3604 0.0000e+00
      0.203     -0.036     8.7092     82.151     92.741  71.153815     0.7966      6.682   188.8295 1.1534e+02     2.0990      0.199      0.290    13.3585 0.0000e+00
      0.190     -0.038     8.6791     82.035     92.716  71.135484     0.8015      6.685   189.3916 1.1303e+02     2.0737      0.186      0.270    13.3560 0.0000e+00
      0.177     -0.035     8.6376     81.937     92.705  71.128529     0.7979      6.689   190.0728 1.0820e+02     2.1115      0.174      0.252    13.3560 0.0000e+00
      0.166     -0.030     8.6022     81.806     92.709  71.133254     0.8024      6.693   190.9582 1.0392e+02     2.2480      0.162      0.235    13.3574 0.0000e+00
      0.159     -0.022     8.5813     81.629     92.700  71.129087     0.8068      6.696   191.7511 1.0235e+02     2.3576      0.155      0.224    13.3584 0.0000e+00
      0.156     -0.014     8.5719     81.379     92.713  71.141680     0.8000      6.700   192.7760 1.0124e+02     2.3440      0.153      0.222    13.3591 0.0000e+00
      0.156     -0.007     8.5648     81.108     92.730  71.158460     0.7870      6.704   193.8860 9.8922e+01     2.2876      0.152      0.221    13.3597 0.0000e+00
      0.156     -0.001     8.5490     80.946     92.701  71.141415     0.7833      6.706   194.5031 9.7684e+01     2.2916      0.153      0.222    13.3606 0.0000e+00
      0.156      0.002     8.5334     80.917     92.676  71.126164     0.7884      6.709   194.9032 9.8232e+01     2.3232      0.153      0.222    13.3618 0.0000e+00
      0.157      0.004     8.5061     80.985     92.723  71.164646     0.7910      6.711   195.4538 9.8667e+01     2.3284      0.154      0.224    13.3629 0.0000e+00
      0.159      0.005     8.4685     81.121     92.802  71.225556     0.7900      6.712   196.0845 9.8738e+01     2.3214      0.156      0.226    13.3651 0.0000e+00
      0.161      0.005     8.4520     81.282     92.803  71.227373     0.7922      6.715   196.3331 9.9238e+01     2.3067      0.157      0.229    13.3682 0.0000e+00
      0.163      0.003     8.4510     81.454     92.748  71.186613     0.8013      6.717   196.1367 1.0198e+02     2.2524      0.159      0.232    13.3713 0.0000e+00
      0.164     -0.000     8.4571     81.630     92.736  71.177408     0.8081      6.718   196.1193 1.0738e+02     2.1774      0.160      0.233    13.3722 0.0000e+00
      0.164     -0.003     8.4749     81.786     92.736  71.179601     0.8084      6.721   196.6395 1.1004e+02     2.1172      0.161      0.235    13.3716 0.0000e+00
      0.164     -0.004     8.4910     81.912     92.692  71.149601     0.7876      6.725   197.5225 1.0524e+02     2.1732      0.162      0.235    13.3729 0.0000e+00
      0.159     -0.003     8.5088     82.028     92.667  71.132313     0.7489      6.728   198.4486 9.6716e+01     2.3083      0.157      0.226    13.3731 0.0000e+00
      0.154     -0.001     8.5290     82.120     92.704  71.161143     0.7311      6.730   199.2341 9.2054e+01     2.3502      0.148      0.215    13.3726 0.0000e+00
      0.154      0.001     8.5451     82.091     92.733  71.180555     0.7388      6.731   199.9645 9.3473e+01     2.3719      0.149      0.216    13.3743 0.0000e+00
      0.158      0.004     8.5569     81.889     92.731  71.176445     0.7670      6.733   200.8261 9.7638e+01     2.3659      0.156      0.226    13.3767 0.0000e+00
      0.163      0.006     8.5677     81.591     92.728  71.174977     0.7976      6.736   201.8219 1.0084e+02     2.2440      0.161      0.233    13.3783 0.0000e+00
      0.165      0.007     8.5828     81.269     92.707  71.162812     0.8004      6.740   202.7988 1.0174e+02     2.1284      0.163      0.237    13.3784 0.0000e+00
      0.165      0.006     8.5839     80.967     92.692  71.156404     0.7932      6.742   203.5176 1.0128e+02     2.0952      0.162      0.235    13.3762 0.0000e+00
      0.165      0.004     8.5573     80.756     92.691  71.161028     0.7937      6.744   203.8885 1.0095e+02     2.1147      0.161      0.233    13.3739 0.0000e+00
      0.165      0.003     8.5235     80.623     92.677  71.155199     0.8067      6.746   204.1854 1.0126e+02     2.1593      0.161      0.234    13.3742 0.0000e+00
      0.166      0.002     8.4903     80.497     92.664  71.149462     0.8255      6.748   204.6987 1.0188e+02     2.1568      0.163      0.237    13.3768 0.0000e+00
      0.168      0.002     8.4523     80.353     92.668  71.155192     0.8292      6.751   205.1042 1.0223e+02     2.1191      0.165      0.239    13.3800 0.0000e+00
      0.169      0.001     8.4309     80.208     92.672  71.160967     0.8095      6.753   205.2156 1.0196e+02     2.1131      0.166      0.240    13.3831 0.0000e+00
      0.169      0.001     8.4210     80.113     92.661  71.155761     0.7789      6.754   205.5301 1.0179e+02     2.1177      0.166      0.241    13.3860 0.0000e+00
      0.168      0.002     8.4072     80.129     92.656  71.155761     0.7675      6.757   205.8089 1.0324e+02     2.1064      0.166      0.241    13.3880 0.0000e+00
      0.166      0.003     8.3917     80.259     92.660  71.160972     0.7877      6.760   205.6611 1.0718e+02     2.1140      0.163      0.236    13.3893 0.0000e+00
      0.165      0.006     8.3744     80.462     92.650  71.155250     0.8064      6.762   205.6356 1.1364e+02     2.1414      0.161      0.233    13.3907 0.0000e+00
      0.168      0.008     8.3608     80.688     92.644  71.150101     0.8025      6.764   205.9311 1.2121e+02     2.1642      0.164      0.238    13.3923 0.0000e+00
      0.174      0.009     8.3626     80.843     92.662  71.162236     0.7992      6.765   206.2228 1.2599e+02     2.2191      0.170      0.247    13.3945 0.0000e+00
      0.179      0.007     8.3780     80.855     92.679  71.174932     0.7993      6.766   206.4955 1.2458e+02     2.2919      0.175      0.255    13.3961 0.0000e+00
      0.182      0.004     8.3995     80.738     92.679  71.176560     0.7955      6.769   206.9906 1.1891e+02     2.3614      0.180      0.261    13.3967 0.0000e+00
      0.182      0.000     8.4275     80.562     92.681  71.181917     0.7950      6.772   207.5639 1.1446e+02     2.3421      0.179      0.260    13.3971 0.0000e+00
      0.178     -0.002     8.4474     80.360     92.671  71.176185     0.8015      6.775   207.8340 1.1387e+02     2.2298      0.174      0.253    13.3957 0.0000e+00
      0.174     -0.001     8.4483     80.153     92.665  71.170775     0.8077      6.778   208.0200 1.1501e+02     2.1644      0.169      0.246    13.3945 0.0000e+00
      0.172      0.004     8.4315     79.940     92.682  71.180035     0.8112      6.780   208.4353 1.1562e+02     2.1315      0.167      0.243    13.3959 0.0000e+00
      0.172      0.014     8.4125     79.664     92.666  71.161092     0.8110      6.783   208.8982 1.1644e+02     2.1401      0.168      0.243    13.3984 0.0000e+00
      0.175      0.025     8.3907     79.314     92.640  71.132305     0.8052      6.786   208.9703 1.1697e+02     2.2341      0.170      0.248    13.4001 0.0000e+00
      0.184      0.038     8.3671     78.910     92.671  71.149577     0.8083      6.788   208.1885 1.1546e+02     2.3457      0.179      0.259    13.3992 0.0000e+00
      0.198      0.053     8.3503     78.469     92.711  71.179354     0.8152      6.789   207.1034 1.1041e+02     2.3966      0.195      0.282    13.3971 0.0000e+00
      0.213      0.068     8.3216     78.100     92.701  71.174704     0.8127      6.790   206.6054 1.0674e+02     2.4056      0.209      0.304    13.3937 0.0000e+00
      0.229      0.076     8.2842     77.945     92.678  71.156887     0.8034      6.793   206.3830 1.0527e+02     2.4548      0.222      0.322    13.3879 0.0000e+00
      0.252      0.075     8.2444     77.982     92.681  71.154492     0.7943      6.797   206.4798 9.5868e+01     2.5138      0.242      0.351    13.3835 0.0000e+00
      0.283      0.066     8.1939     78.073     92.680  71.145747     0.7939      6.801   207.2594 8.5796e+01     2.5035      0.278      0.403    13.3842 0.0000e+00
      0.310      0.054     8.1465     78.176     92.650  71.114657     0.8162      6.804   208.0649 8.4343e+01     2.3989      0.313      0.455    13.3868 0.0000e+00
      0.320      0.040     8.1314     78.316     92.633  71.096211     0.8555      6.808   208.4750 8.3893e+01     2.2397      0.318      0.462    13.3870 0.0000e+00
      0.317      0.025     8.1448     78.462     92.658  71.113282     0.8780      6.812   208.8626 8.2186e+01     2.1501      0.309      0.447    13.3843 0.0000e+00
      0.314      0.013     8.1553     78.543     92.683  71.130482     0.8711      6.815   209.4821 8.0264e+01     2.1350      0.307      0.445    13.3787 0.0000e+00
      0.314      0.007     8.1643     78.491     92.664  71.113600     0.8551      6.818   210.2866 7.7215e+01     2.0903      0.307      0.446    13.3740 0.0000e+00
      0.316      0.008     8.1816     78.285     92.649  71.099730     0.8514      6.820   211.1910 7.6001e+01     2.0541      0.310      0.448    13.3718 0.0000e+00
      0.321      0.011     8.1992     77.952     92.638  71.089827     0.8600      6.822   211.9850 7.6686e+01     2.0738      0.315      0.457    13.3708 0.0000e+00
      0.326      0.012     8.2114     77.541     92.598  71.057394     0.8672      6.826   212.4018 7.6363e+01     2.1238      0.321      0.466    13.3699 0.0000e+00
      0.330      0.011     8.2066     77.077     92.559  71.025204     0.8633      6.828   212.4441 7.5381e+01     2.1455      0.325      0.472    13.3682 0.0000e+00
      0.333      0.009     8.1843     76.556     92.552  71.018229     0.8717      6.831   212.4962 7.4579e+01     2.0965      0.327      0.474    13.3670 0.0000e+00
      0.333      0.006     8.1471     75.990     92.578  71.036585     0.9022      6.833   213.0326 7.4261e+01     2.0437      0.327      0.474    13.3666 0.0000e+00
      0.334      0.003     8.1033     75.407     92.606  71.056566     0.9155      6.834   213.9393 7.4689e+01     2.0542      0.327      0.474    13.3660 0.0000e+00
      0.335      0.001     8.0563     74.827     92.625  71.069251     0.9078      6.837   214.5968 7.4842e+01     2.0871      0.328      0.476    13.3648 0.0000e+00
      0.336     -0.001     8.0011     74.285     92.620  71.062908     0.8840      6.841   214.7873 7.4166e+01     2.0994      0.331      0.479    13.3632 0.0000e+00
      0.335     -0.001     7.9411     73.806     92.598  71.043398     0.8437      6.844   214.7807 7.3479e+01     2.1012      0.329      0.477    13.3622 0.0000e+00
      0.333      0.000     7.8795     73.364     92.575  71.023922     0.8125      6.848   214.7752 7.4330e+01     2.0737      0.326      0.473    13.3616 0.0000e+00
      0.331      0.002     7.8183     72.910     92.570  71.017990     0.7978      6.851   214.8056 7.7220e+01     2.0410      0.325      0.471    13.3608 0.0000e+00
      0.331      0.004     7.7596     72.450     92.595  71.035203     0.8081      6.855   214.8906 8.0141e+01     2.1155      0.323      0.469    13.3594 0.0000e+00
      0.333      0.005     7.7114     72.017     92.604  71.041459     0.8447      6.858   215.0287 8.1150e+01     2.2913      0.324      0.472    13.3580 0.0000e+00
      0.337      0.006     7.6683     71.600     92.589  71.030112     0.8747      6.860   215.1847 8.0775e+01     2.3901      0.330      0.479    13.3566 0.0000e+00
      0.342      0.009     7.6206     71.196     92.584  71.025055     0.8785      6.862   215.4011 8.1495e+01     2.4220      0.337      0.488    13.3557 0.0000e+00
      0.343      0.010     7.5697     70.848     92.612  71.043847     0.8664      6.864   215.8379 8.4510e+01     2.4385      0.340      0.493    13.3549 0.0000e+00
      0.341      0.009     7.5261     70.544     92.646  71.066746     0.8526      6.867   216.1641 8.7666e+01     2.3841      0.332      0.481    13.3544 0.0000e+00
