Data/DataNotYetUploadedToEDI/Raw_CTD/RawDownloads/050222_bvr50_0002.cnv
* Sea-Bird SBE19plus  Data File:
* FileName = C:\R\Reservoirs\Data\DataNotYetUploadedToEDI\Raw_CTD\RawDownloads\050922_bvr50_0002.hex
* Software version 2.8.0.119
* Temperature SN = 7809
* Conductivity SN = 7809
* System UpLoad Time = May 09 2022 16:20:24
* <ApplicationData>
* <Seaterm232>
# nquan = 15
# nvalues = 2340                        
# units = specified
# name 0 = depFM: Depth [fresh water, m]
# name 1 = dz/dtM: Descent Rate [m/s]
# name 2 = sbeox0Mg/L: Oxygen, SBE 43 [mg/l]
# name 3 = sbeox0PS: Oxygen, SBE 43 [% saturation]
# name 4 = specc: Specific Conductance [uS/cm]
# name 5 = c0uS/cm: Conductivity [uS/cm]
# name 6 = flECO-AFL: Fluorescence, WET Labs ECO-AFL/FL [mg/m^3]
# name 7 = ph: pH
# name 8 = orp: Oxidation Reduction Potential [mV]
# name 9 = par/sat/log: PAR/Logarithmic, Satlantic
# name 10 = turbWETntu0: Turbidity, WET Labs ECO [NTU]
# name 11 = prdM: Pressure, Strain Gauge [db]
# name 12 = prdE: Pressure, Strain Gauge [psi]
# name 13 = tv290C: Temperature [ITS-90, deg C]
# name 14 = flag:  0.000e+00
# span 0 =     -0.742,      9.076       
# span 1 =     -0.253,      3.857       
# span 2 =     0.0540,     9.5874       
# span 3 =      0.480,     96.412       
# span 4 =      0.267,     88.388       
# span 5 =   0.250865,  60.722540       
# span 6 =    -1.2410,    16.3392       
# span 7 =     -2.481,      9.243       
# span 8 = -1240.7455,  1240.2295       
# span 9 = 1.2362e-01, 2.4757e+03       
# span 10 =    -4.0322,   931.5678      
# span 11 =     -0.728,      8.902      
# span 12 =     -1.056,     12.912      
# span 13 =     9.3300,    22.0829      
# span 14 = 0.0000e+00, 0.0000e+00      
# interval = seconds: 0.25
# start_time = May 02 2022 07:30:07 [Instrument's time stamp, header]
# bad_flag = -9.990e-29
*END*
     -0.740 3.7699e-20     8.2700     94.754      0.301   0.283717    -0.0488      4.663  1240.2295 2.1443e+03    -0.1999     -0.726     -1.053    22.0829 0.0000e+00
     -0.740 -5.592e-20     8.2715     94.774      0.325   0.306467    -0.0648      4.689  1240.2295 2.1461e+03    -0.2081     -0.726     -1.052    22.0822 0.0000e+00
     -0.740 -6.579e-19     8.2715     94.784      0.350   0.330402    -0.0749      4.631  1240.2295 2.1464e+03    -0.1967     -0.726     -1.053    22.0811 0.0000e+00
     -0.740 -7.240e-18     8.2714     94.779      0.340   0.319920    -0.0794      4.529  1240.2295 2.1468e+03    -0.1989     -0.726     -1.052    22.0798 0.0000e+00
     -0.740 -7.965e-17     8.2706     94.774      0.325   0.306326    -0.0936      4.534  1240.2295 2.1487e+03    -0.2348     -0.725     -1.052    22.0786 0.0000e+00
     -0.740 -8.761e-16     8.2742     94.766      0.310   0.292640    -0.0884      4.559  1240.2295 2.1499e+03    -0.2551     -0.726     -1.053    22.0777 0.0000e+00
     -0.740 -9.637e-15     8.2757     94.756      0.298   0.281032    -0.0673      4.532  1240.2295 2.1492e+03    -0.2048     -0.725     -1.052    22.0766 0.0000e+00
     -0.740 -1.060e-13     8.2742     94.752      0.310   0.292574    -0.0632      4.542  1240.2295 2.1480e+03    -0.1737     -0.725     -1.052    22.0744 0.0000e+00
     -0.740 -1.166e-12     8.2748     94.756      0.324   0.305595    -0.0806      4.501  1240.2295 2.1464e+03    -0.2199     -0.726     -1.053    22.0715 0.0000e+00
     -0.740 -1.283e-11     8.2748     94.761      0.331   0.311872    -0.0942      4.464  1240.2295 2.1455e+03    -0.2509     -0.726     -1.053    22.0688 0.0000e+00
     -0.740 -1.411e-10     8.2734     94.762      0.324   0.305165    -0.0856      4.522  1240.2295 2.1460e+03    -0.2418     -0.726     -1.053    22.0672 0.0000e+00
     -0.741 -1.552e-09     8.2733     94.754      0.305   0.287807    -0.0682      4.514  1240.2295 2.1460e+03    -0.2465     -0.727     -1.054    22.0659 0.0000e+00
     -0.741 -1.707e-08     8.2746     94.753      0.310   0.291888    -0.0668      4.458  1240.2295 2.1466e+03    -0.2735     -0.726     -1.053    22.0642 0.0000e+00
     -0.741 -1.878e-07     8.2748     94.760      0.309   0.291214    -0.0775      4.465  1240.2295 2.1472e+03    -0.2601     -0.726     -1.053    22.0615 0.0000e+00
     -0.741 -1.878e-07     8.2768     94.758      0.297   0.279653    -0.0813      4.488  1240.2295 2.1465e+03    -0.2218     -0.726     -1.053    22.0577 0.0000e+00
     -0.740 -1.707e-08     8.2751     94.745      0.296   0.278706    -0.0791      4.495  1240.2295 2.1460e+03    -0.2542     -0.726     -1.053    22.0547 0.0000e+00
     -0.740 -1.552e-09     8.2753     94.745      0.297   0.279761    -0.0838      4.487  1240.2295 2.1464e+03    -0.3103     -0.726     -1.053    22.0524 0.0000e+00
     -0.741 -1.411e-10     8.2774     94.755      0.311   0.292411    -0.0892      4.452  1240.2295 2.1469e+03    -0.2855     -0.726     -1.053    22.0503 0.0000e+00
     -0.741 -1.283e-11     8.2775     94.758      0.325   0.305061    -0.0855      4.439  1240.2295 2.1463e+03    -0.2280     -0.727     -1.054    22.0487 0.0000e+00
     -0.741 -1.166e-12     8.2755     94.749      0.326   0.306108    -0.0810      4.491  1240.2295 2.1452e+03    -0.2294     -0.726     -1.053    22.0473 0.0000e+00
     -0.741 -1.060e-13     8.2755     94.743      0.325   0.305071    -0.0752      4.498  1240.2292 2.1448e+03    -0.2341     -0.727     -1.054    22.0460 0.0000e+00
     -0.741 -9.640e-15     8.2778     94.750      0.311   0.292531    -0.0740      4.423  1240.2265 2.1455e+03    -0.2171     -0.727     -1.054    22.0447 0.0000e+00
     -0.741 -8.760e-16     8.2778     94.764      0.299   0.281084    -0.0832      4.396  1240.1968 2.1458e+03    -0.2624     -0.726     -1.053    22.0437 0.0000e+00
     -0.741 -7.932e-17     8.2774     94.773      0.312   0.293257    -0.0949      4.422  1239.8693 2.1451e+03    -0.3371     -0.727     -1.054    22.0424 0.0000e+00
     -0.741 -3.582e-18     8.2764     94.768      0.333   0.313118    -0.0996      4.467  1236.2678 2.1441e+03    -0.3350     -0.727     -1.054    22.0386 0.0000e+00
     -0.741 3.9585e-17     8.2788     94.761      0.353   0.331324    -0.0897      4.944  1196.6507 2.1450e+03    -0.2714     -0.727     -1.054    22.0319 0.0000e+00
     -0.741 4.4262e-16     8.2815     94.762      0.345   0.323484    -0.0757      6.263   760.8624 2.1467e+03    -0.2176     -0.727     -1.054    22.0239 0.0000e+00
     -0.741 4.8694e-15     8.2842     94.757      0.300   0.281633    -0.0710      7.751  -112.9478 2.1471e+03    -0.2307     -0.727     -1.054    22.0161 0.0000e+00
     -0.740 5.3564e-14     8.2843     94.747      0.286   0.268395    -0.0751      8.563  -712.0180 2.1478e+03    -0.2588     -0.726     -1.053    22.0068 0.0000e+00
     -0.740 5.8920e-13     8.2850     94.742      0.309   0.290020    -0.0751      8.813  -857.8000 2.1480e+03    -0.2162     -0.726     -1.053    21.9956 0.0000e+00
     -0.741 1.0802e-12     8.2879     94.747      0.309   0.289912    -0.0702      8.848  -881.5734 2.1474e+03    -0.1930     -0.727     -1.054    21.9850 0.0000e+00
     -0.741 5.8928e-13     8.2894     94.760      0.285   0.267083    -0.0745      8.793  -886.8346 2.1476e+03    -0.2177     -0.727     -1.054    21.9716 0.0000e+00
     -0.741 5.4434e-14     8.2906     94.776      0.285   0.267196    -0.0767      8.718  -895.6018 2.1491e+03    -0.2076     -0.726     -1.053    21.9552 0.0000e+00
     -0.741 1.4428e-14     8.2922     94.781      0.310   0.291270    -0.0723      8.643  -902.7416 2.1497e+03    -0.2075     -0.727     -1.054    21.9415 0.0000e+00
     -0.741 1.0559e-13     8.2950     94.786      0.325   0.304967    -0.0798      8.541  -901.0606 2.1490e+03    -0.2505     -0.727     -1.054    21.9296 0.0000e+00
     -0.741 1.1567e-12     8.2967     94.801      0.326   0.306202    -0.0919      8.409  -899.1097 2.1482e+03    -0.2500     -0.727     -1.054    21.9213 0.0000e+00
     -0.741 1.2723e-11     8.3005     94.806      0.326   0.306212    -0.0863      8.269  -906.2559 2.1483e+03    -0.2005     -0.726     -1.053    21.9178 0.0000e+00
     -0.741 1.3995e-10     8.2999     94.809      0.325   0.305085    -0.0697      8.128  -919.3223 2.1494e+03    -0.1986     -0.727     -1.054    21.9171 0.0000e+00
     -0.741 1.5395e-09     8.2990     94.803      0.311   0.292573    -0.0661      7.984  -930.1005 2.1495e+03    -0.2612     -0.727     -1.054    21.9182 0.0000e+00
     -0.740 1.6934e-08     8.3025     94.784      0.300   0.281531    -0.0672      7.838  -940.2095 2.1491e+03    -0.2747     -0.726     -1.052    21.9200 0.0000e+00
     -0.740 1.8627e-07     8.3007     94.777      0.318   0.298176    -0.0584      7.695  -947.5950 2.1491e+03    -0.1902     -0.726     -1.052    21.9223 0.0000e+00
     -0.740 1.8627e-07     8.3019     94.781      0.324   0.303931    -0.0514      7.561  -949.6205 2.1488e+03    -0.1280     -0.726     -1.053    21.9240 0.0000e+00
     -0.740 1.6934e-08     8.3014     94.782      0.307   0.287809    -0.0582      7.444  -959.9667 2.1496e+03    -0.1719     -0.726     -1.053    21.9251 0.0000e+00
     -0.740 1.5395e-09     8.2979     94.782      0.312   0.293153    -0.0740      7.358  -970.9920 2.1512e+03    -0.2430     -0.726     -1.053    21.9262 0.0000e+00
     -0.741 1.3995e-10     8.2976     94.791      0.325   0.305241    -0.0755      7.298  -970.1287 2.1509e+03    -0.2358     -0.726     -1.053    21.9281 0.0000e+00
     -0.741 1.2723e-11     8.2980     94.800      0.327   0.307369    -0.0680      7.235  -978.8681 2.1494e+03    -0.2220     -0.727     -1.054    21.9304 0.0000e+00
     -0.741 1.1566e-12     8.2979     94.795      0.339   0.318882    -0.0754      7.157  -993.8040 2.1498e+03    -0.2806     -0.727     -1.054    21.9324 0.0000e+00
     -0.741 1.0515e-13     8.2967     94.784      0.339   0.317845    -0.0816      7.063  -994.3834 2.1525e+03    -0.2951     -0.726     -1.053    21.9343 0.0000e+00
     -0.741 9.5590e-15     8.2978     94.774      0.314   0.294828    -0.0760      6.965  -994.9944 2.1544e+03    -0.2270     -0.726     -1.053    21.9359 0.0000e+00
     -0.741 8.6900e-16     8.2990     94.774      0.313   0.293781    -0.0741      6.879 -1008.2464 2.1543e+03    -0.2083     -0.726     -1.053    21.9374 0.0000e+00
     -0.740 7.9000e-17     8.2977     94.786      0.325   0.305184    -0.0748      6.804 -1016.9485 2.1534e+03    -0.2398     -0.726     -1.053    21.9390 0.0000e+00
     -0.740 7.1820e-18     8.2963     94.786      0.326   0.306108    -0.0679      6.732 -1015.5493 2.1526e+03    -0.2319     -0.726     -1.053    21.9406 0.0000e+00
     -0.740 6.5290e-19     8.2951     94.777      0.325   0.304957    -0.0661      6.667 -1022.9906 2.1516e+03    -0.2150     -0.726     -1.053    21.9424 0.0000e+00
     -0.741 5.9355e-20     8.2941     94.778      0.310   0.291259    -0.0786      6.611 -1033.7018 2.1511e+03    -0.2407     -0.726     -1.053    21.9441 0.0000e+00
     -0.741 5.3960e-21     8.2965     94.790      0.284   0.267091    -0.0854      6.550 -1035.9601 2.1523e+03    -0.2693     -0.726     -1.053    21.9459 0.0000e+00
     -0.741 4.9052e-22     8.2959     94.799      0.283   0.265941    -0.0736      6.472 -1045.3902 2.1543e+03    -0.2193     -0.727     -1.054    21.9473 0.0000e+00
     -0.741 4.4593e-23     8.2940     94.794      0.295   0.277345    -0.0605      6.361 -1063.9185 2.1555e+03    -0.1493     -0.727     -1.054    21.9488 0.0000e+00
     -0.741 4.0539e-24     8.2938     94.787      0.296   0.278382    -0.0690      6.218 -1065.2777 2.1556e+03    -0.1741     -0.726     -1.053    21.9502 0.0000e+00
     -0.741 3.6854e-25     8.2952     94.782      0.296   0.278477    -0.0840      6.119 -1078.6873 2.1550e+03    -0.2111     -0.727     -1.054    21.9518 0.0000e+00
     -0.741 3.3503e-26     8.2965     94.796      0.296   0.278495    -0.0838      6.115 -1138.1212 2.1542e+03    -0.1878     -0.727     -1.054    21.9536 0.0000e+00
     -0.741 3.0458e-27     8.2946     94.813      0.296   0.278600    -0.0843      6.127 -1180.4087 2.1544e+03    -0.1998     -0.726     -1.053    21.9553 0.0000e+00
     -0.741 2.7689e-28     8.2944     94.796      0.297   0.279751    -0.0896      6.090 -1180.1765 2.1544e+03    -0.2532     -0.727     -1.054    21.9571 0.0000e+00
     -0.741 2.5172e-29     8.2922     94.764      0.311   0.292410    -0.0812      6.019 -1176.6984 2.1528e+03    -0.2534     -0.726     -1.053    21.9597 0.0000e+00
     -0.741 2.2883e-30     8.2932     94.750      0.325   0.305060    -0.0662      5.928 -1176.4706 2.1533e+03    -0.2015     -0.727     -1.054    21.9638 0.0000e+00
     -0.741 2.0803e-31     8.2965     94.753      0.326   0.306097    -0.0657      5.824 -1180.9492 2.1553e+03    -0.2070     -0.727     -1.054    21.9685 0.0000e+00
     -0.741 1.8912e-32     8.2925     94.767      0.325   0.304955    -0.0747      5.724 -1202.6277 2.1559e+03    -0.2859     -0.726     -1.053    21.9735 0.0000e+00
     -0.741 1.7192e-33     8.2874     94.783      0.310   0.291249    -0.0754      5.630 -1223.5724 2.1558e+03    -0.3349     -0.727     -1.054    21.9787 0.0000e+00
     -0.740 1.5629e-34     8.2861     94.787      0.284   0.266979    -0.0746      5.535 -1229.1589 2.1552e+03    -0.3214     -0.726     -1.053    21.9841 0.0000e+00
     -0.740 1.4209e-35     8.2857     94.782      0.282   0.264701    -0.0811      5.442 -1234.8974 2.1541e+03    -0.2593     -0.726     -1.053    21.9890 0.0000e+00
     -0.741 1.2917e-36     8.2863     94.782      0.281   0.263706    -0.0792      5.356 -1240.2138 2.1531e+03    -0.1986     -0.726     -1.053    21.9928 0.0000e+00
     -0.741 1.1743e-37     8.2883     94.795      0.271   0.254946    -0.0687      5.277 -1240.6971 2.1531e+03    -0.2025     -0.727     -1.055    21.9954 0.0000e+00
     -0.740 1.0675e-38     8.2879     94.798      0.304   0.285381    -0.0631      5.200 -1240.7411 2.1536e+03    -0.2037     -0.726     -1.054    21.9972 0.0000e+00
     -0.740 9.7050e-40     8.2868     94.782      0.335   0.315208    -0.0688      5.129 -1240.7451 2.1542e+03    -0.1792     -0.726     -1.053    21.9992 0.0000e+00
     -0.741 8.8225e-41     8.2860     94.773      0.318   0.299088    -0.0798      5.063 -1240.7455 2.1542e+03    -0.2142     -0.727     -1.054    22.0010 0.0000e+00
     -0.741 8.0205e-42     8.2877     94.783      0.298   0.280369    -0.0797      4.998 -1240.7455 2.1532e+03    -0.2511     -0.727     -1.054    22.0026 0.0000e+00
     -0.741 7.2915e-43     8.2888     94.786      0.297   0.278770    -0.0750      4.936 -1240.7455 2.1526e+03    -0.2491     -0.727     -1.054    22.0044 0.0000e+00
     -0.741 6.6285e-44     8.2852     94.785      0.298   0.279756    -0.0810      4.879 -1240.7455 2.1516e+03    -0.2581     -0.727     -1.054    22.0060 0.0000e+00
     -0.741 6.0260e-45     8.2838     94.794      0.311   0.292298    -0.0862      4.828 -1240.7455 2.1508e+03    -0.2235     -0.727     -1.054    22.0074 0.0000e+00
     -0.741 5.4780e-46     8.2861     94.791      0.323   0.303815    -0.0805      4.782 -1240.7455 2.1528e+03    -0.2068     -0.727     -1.054    22.0090 0.0000e+00
     -0.741 4.9801e-47     8.2858     94.777      0.311   0.292402    -0.0780      4.738 -1240.7455 2.1554e+03    -0.2613     -0.727     -1.054    22.0105 0.0000e+00
     -0.741 4.5310e-48     8.2842     94.769      0.299   0.280904    -0.0814      4.695 -1240.7455 2.1561e+03    -0.2669     -0.727     -1.055    22.0116 0.0000e+00
     -0.741 4.5133e-49     8.2866     94.765      0.310   0.291384    -0.0800      4.654 -1240.7455 2.1542e+03    -0.2408     -0.727     -1.054    22.0130 0.0000e+00
     -0.741 4.7469e-49     8.2856     94.763      0.311   0.292527    -0.0688      4.618 -1240.7455 2.1524e+03    -0.2194     -0.726     -1.053    22.0146 0.0000e+00
     -0.741 4.8134e-48     8.2833     94.767      0.313   0.294718    -0.0629      4.585 -1240.7455 2.1538e+03    -0.2130     -0.726     -1.054    22.0157 0.0000e+00
     -0.741 5.2911e-47     8.2830     94.776      0.338   0.317881    -0.0672      4.555 -1240.7455 2.1549e+03    -0.1967     -0.726     -1.053    22.0169 0.0000e+00
     -0.741 5.8201e-46     8.2821     94.781      0.340   0.319393    -0.0617      4.530 -1240.7455 2.1542e+03    -0.1249     -0.727     -1.054    22.0182 0.0000e+00
     -0.741 6.4021e-45     8.2820     94.790      0.333   0.313003    -0.0552      4.506 -1240.7455 2.1542e+03    -0.0968     -0.727     -1.055    22.0195 0.0000e+00
     -0.741 7.0423e-44     8.2815     94.796      0.323   0.303910    -0.0714      4.486 -1240.7455 2.1552e+03    -0.1645     -0.727     -1.054    22.0210 0.0000e+00
     -0.741 7.7466e-43     8.2833     94.786      0.289   0.272751    -0.0917      4.471 -1240.7455 2.1557e+03    -0.2604     -0.726     -1.053    22.0227 0.0000e+00
     -0.741 8.5212e-42     8.2826     94.782      0.268   0.252758    -0.0832      4.455 -1240.7455 2.1556e+03    -0.2993     -0.727     -1.054    22.0243 0.0000e+00
     -0.741 9.3734e-41     8.2831     94.792      0.267   0.252073    -0.0611      4.438 -1240.7455 2.1549e+03    -0.2593     -0.726     -1.053    22.0256 0.0000e+00
     -0.741 1.0311e-39     8.2850     94.795      0.281   0.264472    -0.0567      4.425 -1240.7455 2.1534e+03    -0.2213     -0.727     -1.054    22.0270 0.0000e+00
     -0.741 1.1342e-38     8.2819     94.799      0.293   0.276070    -0.0644      4.415 -1240.7455 2.1528e+03    -0.2155     -0.726     -1.053    22.0289 0.0000e+00
     -0.741 1.2476e-37     8.2812     94.806      0.283   0.265701    -0.0705      4.405 -1240.7455 2.1537e+03    -0.1892     -0.726     -1.054    22.0309 0.0000e+00
     -0.741 1.3724e-36     8.2832     94.801      0.283   0.265711    -0.0812      4.397 -1240.7455 2.1545e+03    -0.1768     -0.726     -1.054    22.0325 0.0000e+00
     -0.741 1.5096e-35     8.2825     94.788      0.294   0.276183    -0.0849      4.389 -1240.7455 2.1545e+03    -0.2020     -0.727     -1.054    22.0336 0.0000e+00
