Data/DataNotYetUploadedToEDI/Raw_CTD/RawDownloads/050222_bvr50_0002.cnv
* Sea-Bird SBE19plus  Data File:
* FileName = C:\R\Reservoirs\Data\DataNotYetUploadedToEDI\Raw_CTD\RawDownloads\050922_bvr50_0002.hex
* Software version 2.8.0.119
* Temperature SN = 7809
* Conductivity SN = 7809
* System UpLoad Time = May 09 2022 16:20:24
* <ApplicationData>
* <Seaterm232>
# nquan = 15
# nvalues = 2340                        
# units = specified
# name 0 = depFM: Depth [fresh water, m]
# name 1 = dz/dtM: Descent Rate [m/s]
# name 2 = sbeox0Mg/L: Oxygen, SBE 43 [mg/l]
# name 3 = sbeox0PS: Oxygen, SBE 43 [% saturation]
# name 4 = specc: Specific Conductance [uS/cm]
# name 5 = c0uS/cm: Conductivity [uS/cm]
# name 6 = flECO-AFL: Fluorescence, WET Labs ECO-AFL/FL [mg/m^3]
# name 7 = ph: pH
# name 8 = orp: Oxidation Reduction Potential [mV]
# name 9 = par/sat/log: PAR/Logarithmic, Satlantic
# name 10 = turbWETntu0: Turbidity, WET Labs ECO [NTU]
# name 11 = prdM: Pressure, Strain Gauge [db]
# name 12 = prdE: Pressure, Strain Gauge [psi]
# name 13 = tv290C: Temperature [ITS-90, deg C]
# name 14 = flag:  0.000e+00
# span 0 =     -0.742,      9.076       
# span 1 =     -0.253,      3.857       
# span 2 =     0.0540,     9.5874       
# span 3 =      0.480,     96.412       
# span 4 =      0.267,     88.388       
# span 5 =   0.250865,  60.722540       
# span 6 =    -1.2410,    16.3392       
# span 7 =     -2.481,      9.243       
# span 8 = -1240.7455,  1240.2295       
# span 9 = 1.2362e-01, 2.4757e+03       
# span 10 =    -4.0322,   931.5678      
# span 11 =     -0.728,      8.902      
# span 12 =     -1.056,     12.912      
# span 13 =     9.3300,    22.0829      
# span 14 = 0.0000e+00, 0.0000e+00      
# interval = seconds: 0.25
# start_time = May 02 2022 07:30:07 [Instrument's time stamp, header]
# bad_flag = -9.990e-29
*END*
[from data line 1543]
      8.934      0.035     0.0646      0.581     41.270  28.359036     3.0360      6.218   164.5203 1.2377e-01     4.4124      8.761     12.707     9.3611 0.0000e+00
      8.944      0.040     0.0646      0.588     43.726  30.042847     3.0488      6.216   163.8896 1.2376e-01     4.4431      8.772     12.723     9.3598 0.0000e+00
      8.954      0.045     0.0695      0.593     50.096  34.412162     3.0837      6.216   163.2459 1.2376e-01     4.4199      8.778     12.733     9.3594 0.0000e+00
      8.966      0.047     0.0658      0.592     57.369  39.399892     3.1073      6.216   162.8459 1.2372e-01     4.3713      8.790     12.750     9.3582 0.0000e+00
      8.982      0.045     0.0665      0.593     60.279  41.392361     3.1096      6.216   162.4958 1.2368e-01     4.4014      8.809     12.776     9.3559 0.0000e+00
      8.998      0.041     0.0674      0.600     61.650  42.332753     3.0866      6.215   161.8514 1.2372e-01     4.4076      8.826     12.801     9.3524 0.0000e+00
      9.009      0.036     0.0685      0.603     59.709  41.001549     3.0378      6.214   161.2494 1.2379e-01     4.3097      8.837     12.817     9.3453 0.0000e+00
      9.015      0.030     0.0675      0.600     52.628  36.140643     3.0017      6.214   160.8958 1.2379e-01     4.2092      8.842     12.823     9.3359 0.0000e+00
      9.018      0.024     0.0676      0.594     48.093  33.028622     2.9920      6.215   160.5871 1.2371e-01     4.1481      8.844     12.826     9.3300 0.0000e+00
      9.022      0.019     0.0693      0.597     47.851  32.864491     2.9953      6.215   160.2701 1.2371e-01     4.1518      8.847     12.831     9.3303 0.0000e+00
      9.028      0.015     0.0692      0.595     48.898  33.585641     3.0163      6.214   159.9887 1.2376e-01     4.2541      8.853     12.841     9.3321 0.0000e+00
      9.034      0.013     0.0695      0.580     52.193  35.851154     3.0460      6.214   159.6798 1.2378e-01     4.3946      8.860     12.851     9.3339 0.0000e+00
      9.037      0.010     0.0672      0.567     55.778  38.315189     3.0556      6.214   159.2879 1.2380e-01     4.4496      8.862     12.853     9.3365 0.0000e+00
      9.038      0.008     0.0686      0.565     57.457  39.470323     3.0492      6.214   159.0362 1.2378e-01     4.4072      8.863     12.854     9.3384 0.0000e+00
      9.038      0.005     0.0693      0.570     63.841  43.856675     3.0600      6.214   158.8740 1.2373e-01     4.3940      8.864     12.856     9.3403 0.0000e+00
      9.038      0.003     0.0662      0.578     77.561  53.282298     3.0944      6.214   158.6177 1.2375e-01     4.4271      8.863     12.855     9.3421 0.0000e+00
      9.039      0.003     0.0644      0.576     88.388  60.722540     3.1155      6.214   158.3457 1.2385e-01     4.4316      8.864     12.856     9.3440 0.0000e+00
      9.040      0.003     0.0649      0.566     87.979  60.443394     3.1156      6.215   158.0798 1.2387e-01     4.3798      8.865     12.858     9.3453 0.0000e+00
      9.040      0.003     0.0647      0.567     81.699  56.129086     3.1536      6.216   157.8985 1.2382e-01     4.3821      8.865     12.858     9.3458 0.0000e+00
      9.041      0.003     0.0671      0.577     79.545  54.649109     3.2331      6.218   157.7890 1.2378e-01     4.4934      8.865     12.858     9.3461 0.0000e+00
      9.042      0.003     0.0668      0.585     79.308  54.485365     3.2791      6.218   157.6158 1.2376e-01     4.5979      8.867     12.862     9.3475 0.0000e+00
      9.044      0.004     0.0638      0.585     77.986  53.576335     3.2933      6.219   157.3523 1.2373e-01     4.6551      8.869     12.864     9.3496 0.0000e+00
      9.044      0.004     0.0646      0.581     78.055  53.622264     3.2962      6.220   157.0123 1.2374e-01     4.6043      8.869     12.864     9.3493 0.0000e+00
      9.045      0.004     0.0661      0.579     75.041  51.550751     3.2895      6.221   156.6882 1.2378e-01     4.4619      8.870     12.865     9.3483 0.0000e+00
      9.046      0.003     0.0676      0.589     67.768  46.554018     3.2951      6.221   156.4456 1.2378e-01     4.3682      8.870     12.865     9.3482 0.0000e+00
      9.047      0.003     0.0669      0.601     60.683  41.686788     3.2894      6.221   156.2300 1.2372e-01     4.3592      8.872     12.869     9.3479 0.0000e+00
      9.048      0.002     0.0668      0.591     56.607  38.886595     3.2701      6.222   155.9745 1.2368e-01     4.4557      8.873     12.870     9.3470 0.0000e+00
      9.048      0.002     0.0656      0.580     57.448  39.465446     3.2610      6.223   155.5939 1.2368e-01     4.5791      8.873     12.869     9.3460 0.0000e+00
      9.048      0.002     0.0670      0.588     61.263  42.088567     3.2628      6.223   155.1545 1.2363e-01     4.6202      8.873     12.870     9.3459 0.0000e+00
      9.048      0.003     0.0707      0.596     63.063  43.327805     3.2673      6.222   154.6202 1.2362e-01     4.6107      8.873     12.870     9.3458 0.0000e+00
      9.048      0.004     0.0676      0.586     63.553  43.666150     3.2652      6.222   153.9516 1.2373e-01     4.5676      8.874     12.870     9.3455 0.0000e+00
      9.049      0.006     0.0654      0.572     65.732  45.163910     3.2214      6.222   153.4378 1.2378e-01     4.4405      8.873     12.870     9.3463 0.0000e+00
      9.051      0.009     0.0672      0.555     65.408  44.942254     3.1200      6.221   153.0538 1.2373e-01     4.2360      8.876     12.874     9.3486 0.0000e+00
      9.054      0.011     0.0699      0.544     63.248  43.459391     3.0462      6.221   152.5782 1.2374e-01     4.1103      8.880     12.879     9.3513 0.0000e+00
      9.057      0.013     0.0666      0.555     65.760  45.187913     3.0372      6.222   151.9038 1.2374e-01     4.1160      8.880     12.880     9.3522 0.0000e+00
      9.061      0.014     0.0658      0.562     68.576  47.126403     3.0609      6.223   151.2665 1.2373e-01     4.2020      8.886     12.889     9.3524 0.0000e+00
      9.066      0.013     0.0642      0.553     65.860  45.263663     3.1004      6.222   151.0671 1.2381e-01     4.3300      8.891     12.896     9.3533 0.0000e+00
      9.070      0.010     0.0599      0.549     63.163  43.411883     3.1234      6.222   150.9552 1.2387e-01     4.3668      8.895     12.901     9.3537 0.0000e+00
      9.074      0.006     0.0646      0.562     66.270  45.546330     3.1218      6.223   150.5166 1.2383e-01     4.3729      8.899     12.908     9.3552 0.0000e+00
      9.076      0.001     0.0652      0.570     70.550  48.484095     3.0976      6.224   149.8941 1.2378e-01     4.4717      8.902     12.912     9.3584 0.0000e+00
      9.075     -0.003     0.0631      0.557     70.547  48.477821     3.0643      6.225   149.2789 1.2379e-01     4.5713      8.900     12.909     9.3615 0.0000e+00
      9.071     -0.006     0.0617      0.552     68.763  47.248341     3.0600      6.226   148.6713 1.2380e-01     4.6212      8.894     12.900     9.3634 0.0000e+00
      9.067     -0.008     0.0647      0.571     68.046  46.753524     3.0710      6.226   148.2255 1.2377e-01     4.5965      8.891     12.896     9.3628 0.0000e+00
      9.065     -0.010     0.0671      0.592     68.961  47.380583     3.0476      6.227   148.0187 1.2374e-01     4.5797      8.889     12.893     9.3594 0.0000e+00
      9.063     -0.011     0.0631      0.588     72.879  50.071368     3.0011      6.228   147.6340 1.2373e-01     4.6910      8.888     12.891     9.3559 0.0000e+00
      9.062     -0.012     0.0618      0.568     78.736  54.093772     2.9757      6.229   147.0150 1.2372e-01     4.8158      8.888     12.891     9.3537 0.0000e+00
      9.059     -0.014     0.0653      0.555     82.853  56.920774     2.9814      6.230   146.4711 1.2377e-01     4.8593      8.885     12.887     9.3519 0.0000e+00
      9.054     -0.016     0.0694      0.574     84.390  57.975589     3.0033      6.230   146.0483 1.2382e-01     4.8058      8.879     12.878     9.3510 0.0000e+00
      9.048     -0.018     0.0679      0.608     83.908  57.642584     3.0156      6.231   145.6030 1.2380e-01     4.6820      8.872     12.868     9.3502 0.0000e+00
      9.043     -0.018     0.0651      0.608     82.083  56.386069     3.0052      6.231   145.1303 1.2381e-01     4.5921      8.868     12.862     9.3487 0.0000e+00
      9.038     -0.017     0.0620      0.578     79.379  54.527093     2.9859      6.231   144.6348 1.2381e-01     4.5729      8.863     12.855     9.3481 0.0000e+00
      9.034     -0.016     0.0643      0.555     73.279  50.336407     2.9821      6.231   143.9146 1.2381e-01     4.6208      8.859     12.849     9.3478 0.0000e+00
      9.032     -0.016     0.0721      0.554     65.044  44.680062     3.0016      6.233   142.7887 1.2378e-01     4.7273      8.858     12.847     9.3464 0.0000e+00
      9.028     -0.016     0.0709      0.566     59.350  40.768572     3.0294      6.233   141.7770 1.2378e-01     4.8346      8.854     12.842     9.3447 0.0000e+00
      9.024     -0.015     0.0657      0.566     57.442  39.458325     3.0437      6.233   141.6626 1.2378e-01     4.8595      8.848     12.833     9.3437 0.0000e+00
      9.019     -0.014     0.0627      0.548     56.570  38.858850     3.0409      6.233   141.9221 1.2373e-01     4.8238      8.845     12.828     9.3436 0.0000e+00
      9.014     -0.013     0.0628      0.539     52.860  36.310049     3.0706      6.234   141.5591 1.2373e-01     4.8468      8.840     12.821     9.3438 0.0000e+00
      9.010     -0.013     0.0655      0.559     48.863  33.564694     3.1366      6.234   141.0592 1.2378e-01     4.8986      8.836     12.815     9.3439 0.0000e+00
      9.008     -0.013     0.0663      0.587     47.299  32.490369     3.1735      6.235   141.0402 1.2377e-01     4.9040      8.834     12.813     9.3440 0.0000e+00
      9.008     -0.014     0.0623      0.588     46.965  32.260658     3.1758      6.235   140.9855 1.2369e-01     4.8778      8.834     12.813     9.3436 0.0000e+00
      9.006     -0.017     0.0601      0.570     47.036  32.309010     3.1474      6.235   140.9145 1.2363e-01     4.8894      8.833     12.811     9.3432 0.0000e+00
      9.001     -0.020     0.0637      0.551     46.583  31.997145     3.0966      6.236   141.0412 1.2363e-01     4.9762      8.828     12.804     9.3433 0.0000e+00
      8.994     -0.023     0.0690      0.530     45.632  31.342977     3.0613      6.237   141.2274 1.2368e-01     5.0385      8.820     12.793     9.3436 0.0000e+00
      8.986     -0.024     0.0686      0.520     45.769  31.436951     3.0453      6.237   141.3579 1.2377e-01     5.0616      8.812     12.781     9.3436 0.0000e+00
      8.979     -0.024     0.0642      0.520     46.393  31.865098     3.0690      6.237   141.3287 1.2378e-01     5.0852      8.806     12.771     9.3430 0.0000e+00
      8.972     -0.022     0.0641      0.524     45.600  31.320597     3.1318      6.238   141.2182 1.2375e-01     5.0843      8.799     12.762     9.3419 0.0000e+00
      8.967     -0.020     0.0598      0.537     44.862  30.813270     3.1716      6.239   141.0556 1.2376e-01     5.0856      8.792     12.752     9.3408 0.0000e+00
      8.963     -0.019     0.0590      0.546     44.571  30.613142     3.1756      6.239   140.9116 1.2374e-01     5.0663      8.789     12.747     9.3404 0.0000e+00
      8.960     -0.020     0.0602      0.550     44.017  30.232215     3.1632      6.239   140.7675 1.2374e-01     5.0220      8.787     12.745     9.3404 0.0000e+00
      8.957     -0.021     0.0587      0.557     43.881  30.138114     3.1472      6.240   140.5173 1.2374e-01     5.0278      8.785     12.741     9.3402 0.0000e+00
      8.952     -0.023     0.0625      0.572     44.393  30.489715     3.1484      6.242   140.2962 1.2371e-01     5.0681      8.780     12.734     9.3400 0.0000e+00
      8.945     -0.025     0.0626      0.580     44.760  30.742979     3.1612      6.242   140.1592 1.2373e-01     5.1001      8.772     12.723     9.3395 0.0000e+00
      8.936     -0.025     0.0630      0.559     44.368  30.474227     3.1687      6.244   140.0644 1.2377e-01     5.1076      8.762     12.709     9.3388 0.0000e+00
      8.927     -0.023     0.0632      0.533     43.904  30.156532     3.2222      6.247   140.0968 1.2379e-01     5.2949      8.754     12.697     9.3385 0.0000e+00
      8.921     -0.019     0.0653      0.528     43.781  30.071610     3.3334      6.247   140.1200 1.2380e-01     5.7246      8.748     12.687     9.3383 0.0000e+00
      8.917     -0.018     0.0689      0.528     43.427  29.827821     3.3983      6.248   140.0011 1.2378e-01     6.0333      8.744     12.682     9.3389 0.0000e+00
      8.916     -0.018     0.0642      0.523     42.662  29.300906     3.4331      6.250   139.9496 1.2378e-01     6.2264      8.743     12.681     9.3409 0.0000e+00
      8.915     -0.021     0.0594      0.521     42.447  29.152591     3.7702      6.250   140.0137 1.2380e-01     7.5474      8.744     12.682     9.3420 0.0000e+00
      8.911     -0.025     0.0605      0.522     43.679  29.999749     4.3867      6.250   140.0019 1.2378e-01     9.9465      8.741     12.678     9.3416 0.0000e+00
      8.902     -0.025     0.0614      0.526     47.696  32.760586     4.7359      6.250   139.8929 1.2379e-01    11.2889      8.732     12.664     9.3401 0.0000e+00
      8.889     -0.021     0.0590      0.521     51.253  35.205361     4.7710      6.251   139.6423 1.2382e-01    11.4460      8.718     12.644     9.3385 0.0000e+00
      8.878     -0.011     0.0601      0.525     49.877  34.259337     4.6208      6.254   139.3815 1.2377e-01    11.1280      8.704     12.623     9.3379 0.0000e+00
      8.873      0.003     0.0592      0.551     47.942  32.927817     4.3264      6.256   139.3206 1.2372e-01    10.4507      8.698     12.615     9.3385 0.0000e+00
      8.877      0.018     0.0613      0.563     48.227  33.120790     4.1573      6.258   139.1646 1.2377e-01    10.0545      8.702     12.621     9.3414 0.0000e+00
      8.890      0.030     0.0598      0.548     51.068  35.070851     4.1494      6.259   138.7856 1.2382e-01    10.0614      8.716     12.641     9.3436 0.0000e+00
      8.907      0.038     0.0579      0.535     57.255  39.319978     4.1385      6.259   138.5236 1.2384e-01    10.6702      8.737     12.671     9.3421 0.0000e+00
      8.921      0.039     0.0647      0.536     59.040  40.546000     4.0754      6.259   138.4052 1.2386e-01    11.7445      8.751     12.692     9.3388 0.0000e+00
      8.930      0.034     0.0663      0.543     53.071  36.447861     4.0272      6.259   138.2157 1.2384e-01    12.2905      8.758     12.702     9.3358 0.0000e+00
      8.935      0.025     0.0623      0.553     47.529  32.642312     4.0141      6.260   138.0385 1.2380e-01    12.2510      8.764     12.711     9.3346 0.0000e+00
      8.940      0.015     0.0602      0.553     45.413  31.189214     3.9423      6.260   137.9836 1.2376e-01    11.2663      8.767     12.716     9.3347 0.0000e+00
      8.944      0.005     0.0617      0.544     44.567  30.607989     3.8164      6.259   137.9813 1.2372e-01     9.3687      8.771     12.721     9.3357 0.0000e+00
      8.946     -0.003     0.0612      0.545     45.328  31.130448     3.7494      6.258   138.0111 1.2373e-01     8.2658      8.774     12.726     9.3368 0.0000e+00
      8.945     -0.009     0.0643      0.550     46.764  32.117115     3.7389      6.258   138.0869 1.2373e-01     8.1112      8.774     12.725     9.3375 0.0000e+00
      8.939     -0.012     0.0642      0.560     46.151  31.696233     3.7400      6.258   138.5533 1.2367e-01     8.1817      8.767     12.715     9.3378 0.0000e+00
      8.930     -0.012     0.0609      0.569     44.194  30.352740     3.7619      6.258   138.3156 1.2367e-01     8.8111      8.756     12.699     9.3375 0.0000e+00
