Data/DataNotYetUploadedToEDI/Raw_CTD/RawDownloads/050222_fcr50_0003.cnv
* Sea-Bird SBE19plus  Data File:
* FileName = C:\R\Reservoirs\Data\DataNotYetUploadedToEDI\Raw_CTD\RawDownloads\050922_bvr50_0003.hex
* Software version 2.8.0.119
* Temperature SN = 7809
* Conductivity SN = 7809
* System UpLoad Time = May 09 2022 16:21:44
* <ApplicationData>
* <Seaterm232>
# nquan = 15
# nvalues = 3233                        
# units = specified
# name 0 = depFM: Depth [fresh water, m]
# name 1 = dz/dtM: Descent Rate [m/s]
# name 2 = sbeox0Mg/L: Oxygen, SBE 43 [mg/l]
# name 3 = sbeox0PS: Oxygen, SBE 43 [% saturation]
# name 4 = specc: Specific Conductance [uS/cm]
# name 5 = c0uS/cm: Conductivity [uS/cm]
# name 6 = flECO-AFL: Fluorescence, WET Labs ECO-AFL/FL [mg/m^3]
# name 7 = ph: pH
# name 8 = orp: Oxidation Reduction Potential [mV]
# name 9 = par/sat/log: PAR/Logarithmic, Satlantic
# name 10 = turbWETntu0: Turbidity, WET Labs ECO [NTU]
# name 11 = prdM: Pressure, Strain Gauge [db]
# name 12 = prdE: Pressure, Strain Gauge [psi]
# name 13 = tv290C: Temperature [ITS-90, deg C]
# name 14 = flag:  0.000e+00
# span 0 =     -0.667,      9.640       
# span 1 =     -0.225,      0.122       
# span 2 =     0.0452,    11.7530       
# span 3 =      0.394,    108.606       
# span 4 =      0.348,    446.792       
# span 5 =   0.355157, 295.604271       
# span 6 =    -2.2610,   227.3892       
# span 7 =     -2.317,      8.713       
# span 8 = -1240.7455,   720.0476       
# span 9 = 1.2358e-01, 2.6738e+03       
# span 10 =    -3.6820,   957.0400      
# span 11 =     -0.655,      9.454      
# span 12 =     -0.949,     13.711      
# span 13 =     8.0283,    25.8848      
# span 14 = 0.0000e+00, 0.0000e+00      
# interval = seconds: 0.25
# start_time = May 02 2022 10:28:23 [Instrument's time stamp, header]
# bad_flag = -9.990e-29
*END*
[from data line 2507]
      9.530     -0.048     0.0497      0.442    407.087 269.233611     3.2376      7.451   -89.8386 1.2375e-01     3.5335      9.346     13.554     8.0700 0.0000e+00
      9.519     -0.051     0.0505      0.429    398.669 263.655366     3.2578      7.452   -91.3508 1.2372e-01     6.4082      9.337     13.541     8.0696 0.0000e+00
      9.507     -0.051     0.0471      0.424    399.730 264.346145     3.3024      7.454   -92.7658 1.2375e-01    11.6199      9.323     13.522     8.0690 0.0000e+00
      9.492     -0.051     0.0512      0.434    408.812 270.339317     3.3269      7.456   -94.0404 1.2376e-01    14.4195      9.308     13.501     8.0678 0.0000e+00
      9.478     -0.050     0.0544      0.439    421.550 278.749749     3.3291      7.457   -94.7174 1.2377e-01    14.4340      9.295     13.481     8.0664 0.0000e+00
      9.464     -0.049     0.0496      0.439    416.362 275.309600     3.3122      7.458   -94.4982 1.2378e-01    11.8626      9.281     13.461     8.0650 0.0000e+00
      9.452     -0.046     0.0489      0.425    398.943 263.784774     3.2642      7.458   -93.9715 1.2378e-01     7.0704      9.269     13.444     8.0637 0.0000e+00
      9.441     -0.042     0.0526      0.400    387.232 256.034907     3.2229      7.457   -94.0275 1.2382e-01     4.4511      9.258     13.427     8.0622 0.0000e+00
      9.432     -0.040     0.0514      0.394    382.424 252.850849     3.2125      7.457   -94.9173 1.2381e-01     4.2416      9.249     13.414     8.0604 0.0000e+00
      9.423     -0.040     0.0524      0.399    394.159 260.605167     3.2395      7.459   -96.1259 1.2375e-01     4.8102      9.241     13.402     8.0593 0.0000e+00
      9.413     -0.040     0.0519      0.405    420.298 277.883730     3.2902      7.461   -96.9394 1.2375e-01     5.9629      9.231     13.388     8.0585 0.0000e+00
      9.403     -0.039     0.0452      0.417    436.657 288.696879     3.3183      7.462   -97.0956 1.2377e-01     6.6331      9.222     13.375     8.0577 0.0000e+00
      9.392     -0.038     0.0464      0.432    439.272 290.424261     3.3298      7.462   -96.9824 1.2379e-01     6.7652      9.212     13.360     8.0569 0.0000e+00
      9.379     -0.035     0.0475      0.451    439.258 290.423088     3.3627      7.463   -96.7745 1.2379e-01     7.0821      9.198     13.341     8.0563 0.0000e+00
      9.369     -0.032     0.0469      0.458    439.864 290.865917     3.3909      7.465   -96.3882 1.2375e-01     7.5945      9.186     13.324     8.0561 0.0000e+00
      9.364     -0.030     0.0499      0.454    440.572 291.412035     3.3878      7.467   -96.2695 1.2374e-01     7.8718      9.182     13.317     8.0557 0.0000e+00
      9.359     -0.029     0.0498      0.446    440.595 291.503862     3.3922      7.467   -96.8882 1.2377e-01     8.1457      9.179     13.313     8.0556 0.0000e+00
      9.354     -0.029     0.0543      0.431    438.511 290.178255     3.4433      7.467   -98.0185 1.2383e-01    11.0769      9.174     13.306     8.0551 0.0000e+00
      9.348     -0.033     0.0548      0.422    427.065 282.640176     3.5230      7.467   -98.8367 1.2385e-01    16.4287      9.168     13.297     8.0591 0.0000e+00
      9.339     -0.039     0.0530      0.421    399.870 264.669871     3.5651      7.468   -98.6942 1.2375e-01    19.3269      9.159     13.284     8.0706 0.0000e+00
      9.328     -0.044     0.0539      0.416    353.761 234.172803     3.5614      7.469   -97.8442 1.2370e-01    19.4745      9.148     13.268     8.0800 0.0000e+00
      9.314     -0.047     0.0498      0.417    285.864 189.244911     3.5284      7.471   -97.2497 1.2374e-01    18.2809      9.135     13.250     8.0853 0.0000e+00
      9.299     -0.048     0.0495      0.423    214.202 141.816839     3.4746      7.471   -97.0122 1.2373e-01    16.0659      9.120     13.228     8.0895 0.0000e+00
      9.284     -0.048     0.0503      0.419    165.535 109.610509     3.4521      7.471   -96.6937 1.2371e-01    14.8625      9.103     13.203     8.0929 0.0000e+00
      9.272     -0.047     0.0488      0.417    142.898  94.648854     3.4632      7.472   -96.9260 1.2369e-01    14.7301      9.092     13.187     8.0960 0.0000e+00
      9.263     -0.044     0.0485      0.420    134.628  89.217739     3.5012      7.473   -97.6693 1.2369e-01    14.1917      9.085     13.177     8.0992 0.0000e+00
      9.254     -0.041     0.0512      0.418    131.569  87.253614     3.5534      7.474   -98.0233 1.2374e-01    13.2033      9.076     13.163     8.1020 0.0000e+00
      9.242     -0.039     0.0490      0.421    130.018  86.287234     3.5624      7.475   -98.5402 1.2380e-01    12.6858      9.064     13.145     8.1050 0.0000e+00
      9.231     -0.036     0.0484      0.421    129.308  85.861712     3.5518      7.477   -99.5303 1.2383e-01    12.6488      9.052     13.128     8.1133 0.0000e+00
      9.222     -0.033     0.0508      0.417    129.162  85.795930     3.5915      7.477   -99.8420 1.2384e-01    12.7560      9.043     13.116     8.1305 0.0000e+00
      9.214     -0.030     0.0481      0.423    129.052  85.746187     3.6586      7.477   -99.8140 1.2383e-01    12.9911      9.036     13.104     8.1571 0.0000e+00
      9.207     -0.029     0.0503      0.443    128.780  85.578151     3.6888      7.477  -100.3098 1.2381e-01    13.1342      9.027     13.093     8.1843 0.0000e+00
      9.202     -0.029     0.0499      0.462    128.434  85.353505     3.6823      7.479  -100.5023 1.2379e-01    13.1196      9.024     13.088     8.2004 0.0000e+00
      9.198     -0.032     0.0485      0.462    128.076  85.127832     3.5886      7.480   -99.9908 1.2377e-01    12.7471      9.021     13.084     8.2105 0.0000e+00
      9.190     -0.036     0.0494      0.473    127.685  84.883797     3.4213      7.481   -99.6310 1.2377e-01    12.0800      9.014     13.073     8.2217 0.0000e+00
      9.180     -0.041     0.0513      0.490    126.905  84.373545     3.3328      7.481  -100.0250 1.2375e-01    11.7145      9.003     13.058     8.2262 0.0000e+00
      9.166     -0.045     0.0570      0.502    126.016  83.789534     3.3259      7.481  -100.2801 1.2373e-01    11.6080      8.989     13.038     8.2246 0.0000e+00
      9.152     -0.049     0.0523      0.515    125.624  83.543552     3.3296      7.482   -99.9617 1.2374e-01    10.7923      8.974     13.017     8.2305 0.0000e+00
      9.138     -0.050     0.0557      0.515    125.523  83.497075     3.3366      7.484  -100.3060 1.2379e-01     9.3332      8.962     12.998     8.2393 0.0000e+00
      9.126     -0.049     0.0585      0.511    124.990  83.164035     3.3433      7.485  -100.7430 1.2383e-01     8.5514      8.950     12.980     8.2413 0.0000e+00
      9.115     -0.044     0.0580      0.516    123.784  82.377139     3.3518      7.485  -100.2547 1.2379e-01     8.4445      8.939     12.964     8.2420 0.0000e+00
      9.102     -0.037     0.0620      0.535    123.114  81.927957     3.3483      7.485  -100.0808 1.2375e-01     8.3480      8.925     12.945     8.2485 0.0000e+00
      9.090     -0.028     0.0602      0.553    125.640  83.580565     3.3176      7.486  -100.3615 1.2375e-01     8.1706      8.912     12.926     8.2581 0.0000e+00
      9.083     -0.016     0.0602      0.572    131.955  87.737968     3.2804      7.487  -100.2926 1.2376e-01     7.9737      8.906     12.916     8.2664 0.0000e+00
      9.080     -0.003     0.0592      0.590    138.081  91.762143     3.2646      7.487  -100.4521 1.2380e-01     7.9144      8.904     12.914     8.2759 0.0000e+00
      9.081      0.011     0.0639      0.599    140.324  93.197871     3.2761      7.488  -101.0003 1.2380e-01     7.9664      8.904     12.914     8.2754 0.0000e+00
      9.088      0.023     0.0646      0.609    139.845  92.824793     3.3441      7.488  -101.1553 1.2377e-01     8.3622      8.911     12.924     8.2616 0.0000e+00
      9.098      0.030     0.0669      0.604    139.565  92.593170     3.4543      7.488  -100.7776 1.2374e-01     9.0794      8.922     12.941     8.2446 0.0000e+00
      9.109      0.031     0.0707      0.576    139.657  92.623186     3.5180      7.489  -100.6496 1.2370e-01     9.4991      8.933     12.956     8.2268 0.0000e+00
      9.121      0.028     0.0696      0.534    139.388  92.424586     3.5241      7.490  -100.8993 1.2370e-01     9.5770      8.946     12.974     8.2064 0.0000e+00
      9.131      0.023     0.0727      0.496    139.304  92.354027     3.5119      7.490  -101.2148 1.2374e-01     9.5427      8.957     12.991     8.1846 0.0000e+00
      9.133      0.019     0.0724      0.476    139.593  92.533156     3.5026      7.491  -101.7972 1.2378e-01     9.4938      8.958     12.994     8.1681 0.0000e+00
      9.132      0.018     0.0685      0.455    139.064  92.173892     3.5030      7.492  -102.2624 1.2377e-01     9.5321      8.954     12.986     8.1578 0.0000e+00
      9.132      0.018     0.0628      0.425    138.736  91.952669     3.5084      7.493  -102.5378 1.2378e-01     9.5958      8.955     12.988     8.1510 0.0000e+00
      9.136      0.014     0.0574      0.418    138.836  92.020079     3.5523      7.494  -103.3203 1.2379e-01     9.6161      8.959     12.993     8.1461 0.0000e+00
      9.146      0.004     0.0560      0.437    135.879  90.063470     3.6343      7.494  -104.3238 1.2381e-01     9.6059      8.966     13.004     8.1418 0.0000e+00
      9.158     -0.008     0.0555      0.447    131.709  87.307440     3.6842      7.494  -104.3468 1.2381e-01     9.6090      8.984     13.030     8.1382 0.0000e+00
      9.160     -0.020     0.0486      0.455    130.636  86.610086     3.6807      7.495  -103.7699 1.2374e-01     9.5862      8.992     13.042     8.1367 0.0000e+00
      9.145     -0.033     0.0472      0.460    131.061  86.909079     3.5592      7.496  -103.8013 1.2366e-01     9.0561      8.972     13.012     8.1378 0.0000e+00
      9.121     -0.046     0.0535      0.458    130.572  86.599455     3.3384      7.497  -103.6941 1.2363e-01     8.0504      8.940     12.965     8.1388 0.0000e+00
      9.104     -0.053     0.0518      0.449    130.293  86.426701     3.2245      7.498  -103.1630 1.2368e-01     7.5038      8.924     12.943     8.1409 0.0000e+00
      9.095     -0.053     0.0542      0.441    130.533  86.600495     3.2308      7.500  -103.2298 1.2373e-01     7.4681      8.921     12.938     8.1472 0.0000e+00
      9.084     -0.045     0.0545      0.452    130.421  86.539279     3.2647      7.501  -103.4691 1.2373e-01     7.3461      8.911     12.924     8.1546 0.0000e+00
      9.069     -0.038     0.0540      0.459    130.083  86.322314     3.3098      7.501  -103.3031 1.2375e-01     7.0872      8.892     12.897     8.1600 0.0000e+00
      9.057     -0.034     0.0538      0.458    129.130  85.693677     3.3276      7.501  -103.3741 1.2377e-01     6.9337      8.878     12.878     8.1640 0.0000e+00
      9.053     -0.034     0.0496      0.468    127.562  84.659884     3.3206      7.502  -103.8114 1.2377e-01     6.9248      8.877     12.876     8.1699 0.0000e+00
      9.051     -0.034     0.0543      0.479    125.867  83.548952     3.3501      7.503  -103.9435 1.2373e-01     6.9114      8.878     12.877     8.1763 0.0000e+00
      9.044     -0.034     0.0548      0.473    124.351  82.559184     3.4184      7.504  -103.5086 1.2368e-01     6.8402      8.871     12.866     8.1787 0.0000e+00
      9.032     -0.037     0.0532      0.471    123.539  82.036465     3.4560      7.504  -103.2863 1.2368e-01     6.7813      8.857     12.847     8.1786 0.0000e+00
      9.020     -0.042     0.0548      0.486    123.266  81.868821     3.4632      7.504  -103.3201 1.2371e-01     6.7453      8.846     12.829     8.1807 0.0000e+00
      9.009     -0.046     0.0578      0.493    122.960  81.676291     3.4644      7.504  -102.7991 1.2378e-01     6.7126      8.835     12.814     8.1868 0.0000e+00
      8.997     -0.047     0.0556      0.494    122.857  81.615365     3.4537      7.504  -102.4930 1.2384e-01     6.6932      8.822     12.797     8.1944 0.0000e+00
      8.984     -0.046     0.0535      0.502    122.978  81.704202     3.4497      7.505  -102.8025 1.2384e-01     6.6813      8.811     12.780     8.2009 0.0000e+00
      8.971     -0.045     0.0589      0.517    122.436  81.352130     3.4499      7.507  -102.7553 1.2383e-01     6.7398      8.798     12.760     8.2066 0.0000e+00
      8.959     -0.045     0.0577      0.537    121.296  80.599897     3.4483      7.507  -102.6105 1.2382e-01     6.8202      8.784     12.740     8.2111 0.0000e+00
      8.950     -0.046     0.0579      0.549    120.650  80.172220     3.4460      7.508  -102.9451 1.2382e-01     7.0380      8.776     12.729     8.2135 0.0000e+00
      8.941     -0.046     0.0588      0.559    120.665  80.185129     3.4306      7.509  -103.1015 1.2380e-01     7.4604      8.770     12.719     8.2166 0.0000e+00
      8.930     -0.045     0.0602      0.558    120.750  80.247546     3.4121      7.509  -102.6090 1.2375e-01     7.7257      8.759     12.704     8.2212 0.0000e+00
      8.915     -0.044     0.0646      0.571    120.613  80.164264     3.4061      7.510  -101.9798 1.2379e-01     7.7530      8.743     12.681     8.2233 0.0000e+00
      8.900     -0.042     0.0634      0.596    120.362  80.004382     3.4318      7.510  -101.8611 1.2380e-01     7.7562      8.726     12.655     8.2231 0.0000e+00
      8.888     -0.039     0.0676      0.586    120.109  79.839709     3.4823      7.511  -101.7754 1.2374e-01     7.8321      8.714     12.639     8.2238 0.0000e+00
      8.881     -0.035     0.0650      0.566    119.894  79.698494     3.5083      7.512  -101.2887 1.2373e-01     7.8846      8.709     12.632     8.2265 0.0000e+00
      8.876     -0.031     0.0649      0.558    119.887  79.695115     3.5136      7.512  -101.1392 1.2375e-01     7.8789      8.706     12.626     8.2304 0.0000e+00
      8.870     -0.030     0.0739      0.547    119.847  79.671763     3.5294      7.513  -101.0854 1.2378e-01     7.7975      8.700     12.618     8.2333 0.0000e+00
      8.862     -0.030     0.0686      0.549    119.459  79.416141     3.5583      7.513  -100.6389 1.2378e-01     7.5834      8.691     12.604     8.2347 0.0000e+00
      8.853     -0.032     0.0653      0.565    119.149  79.210017     3.5788      7.514  -100.3857 1.2375e-01     7.4085      8.682     12.592     8.2350 0.0000e+00
      8.846     -0.033     0.0669      0.573    119.349  79.340289     3.5695      7.515  -100.5193 1.2371e-01     7.3910      8.675     12.582     8.2355 0.0000e+00
      8.837     -0.033     0.0631      0.576    119.824  79.656679     3.5541      7.516  -100.7061 1.2368e-01     7.5755      8.668     12.572     8.2368 0.0000e+00
      8.827     -0.032     0.0636      0.591    120.217  79.921428     3.5598      7.516  -100.7506 1.2373e-01     7.8981      8.657     12.556     8.2384 0.0000e+00
      8.817     -0.031     0.0673      0.592    120.422  80.062813     3.5721      7.517  -100.7997 1.2373e-01     8.1142      8.645     12.538     8.2382 0.0000e+00
      8.810     -0.031     0.0683      0.582    120.176  79.904439     3.5775      7.518  -101.1282 1.2368e-01     8.2072      8.639     12.528     8.2363 0.0000e+00
      8.805     -0.031     0.0660      0.588    119.420  79.404688     3.5747      7.518  -101.6241 1.2371e-01     8.5097      8.634     12.524     8.2364 0.0000e+00
      8.799     -0.031     0.0706      0.594    118.685  78.913860     3.5639      7.518  -101.7191 1.2380e-01     9.0052      8.629     12.516     8.2383 0.0000e+00
      8.790     -0.034     0.0713      0.586    118.141  78.545552     3.5548      7.519  -102.1921 1.2382e-01     9.2452      8.621     12.503     8.2404 0.0000e+00
      8.781     -0.040     0.0662      0.577    116.855  77.684118     3.5483      7.519  -103.5563 1.2377e-01     9.2938      8.611     12.489     8.2433 0.0000e+00
