Data/DataNotYetUploadedToEDI/Raw_CTD/RawDownloads/050222_bvr50_0001.cnv
* Sea-Bird SBE19plus  Data File:
* FileName = C:\R\Reservoirs\Data\DataNotYetUploadedToEDI\Raw_CTD\RawDownloads\050222_bvr50_0001.hex
* Software version 2.8.0.119
* Temperature SN = 7809
* Conductivity SN = 7809
* System UpLoad Time = May 03 2022 18:47:36
* <ApplicationData>
* <Seaterm232>
# nquan = 15
# nvalues = 767                         
# units = specified
# name 0 = depFM: Depth [fresh water, m]
# name 1 = dz/dtM: Descent Rate [m/s]
# name 2 = sbeox0Mg/L: Oxygen, SBE 43 [mg/l]
# name 3 = sbeox0PS: Oxygen, SBE 43 [% saturation]
# name 4 = specc: Specific Conductance [uS/cm]
# name 5 = c0uS/cm: Conductivity [uS/cm]
# name 6 = flECO-AFL: Fluorescence, WET Labs ECO-AFL/FL [mg/m^3]
# name 7 = ph: pH
# name 8 = orp: Oxidation Reduction Potential [mV]
# name 9 = par/sat/log: PAR/Logarithmic, Satlantic
# name 10 = turbWETntu0: Turbidity, WET Labs ECO [NTU]
# name 11 = prdM: Pressure, Strain Gauge [db]
# name 12 = prdE: Pressure, Strain Gauge [psi]
# name 13 = tv290C: Temperature [ITS-90, deg C]
# name 14 = flag:  0.000e+00
# span 0 =     -0.150,     16.977       
# span 1 =     -0.196,      0.219       
# span 2 =     7.2323,    10.7333       
# span 3 =     69.334,    102.131       
# span 4 =     88.937,     98.744       
# span 5 =  66.280161,  71.227373       
# span 6 =    -0.0258,     5.4927       
# span 7 =      6.079,      7.389       
# span 8 =   142.9047,   289.3054       
# span 9 = 1.2364e-01, 2.2510e+02       
# span 10 =     1.7518,    28.3084      
# span 11 =     -0.167,     16.655      
# span 12 =     -0.241,     24.156      
# span 13 =     9.3250,    13.4001      
# span 14 = 0.0000e+00, 0.0000e+00      
# interval = seconds: 0.25
# start_time = Apr 20 2022 07:05:48 [Instrument's time stamp, header]
# bad_flag = -9.990e-29
*END*
[from data line 482]
      9.153      0.104     9.8660     87.606     96.864  68.038449     2.9834      7.333   267.7370 3.2368e+00     1.8926      8.977     13.020    10.1419 0.0000e+00
      9.183      0.101     9.8684     87.617     96.849  68.031573     2.9716      7.333   267.7873 3.1766e+00     1.8430      9.006     13.062    10.1284 0.0000e+00
      9.211      0.095     9.8664     87.661     96.818  68.014193     2.9536      7.333   267.9827 3.1168e+00     1.8424      9.034     13.103    10.1217 0.0000e+00
      9.235      0.090     9.8609     87.726     96.828  68.018870     2.8737      7.333   268.1207 3.0839e+00     1.8517      9.059     13.139    10.1181 0.0000e+00
      9.253      0.090     9.8568     87.780     96.850  68.024598     2.7469      7.333   268.1651 3.0737e+00     1.8522      9.075     13.162    10.1166 0.0000e+00
      9.268      0.092     9.8588     87.806     96.866  68.019924     2.6846      7.333   268.2615 3.0493e+00     1.8823      9.086     13.179    10.1198 0.0000e+00
      9.287      0.096     9.8620     87.813     96.895  68.025857     2.6785      7.332   268.4262 2.9974e+00     1.9085      9.103     13.203    10.1236 0.0000e+00
      9.317      0.101     9.8721     87.823     96.921  68.032795     2.6398      7.331   268.6074 2.9275e+00     1.8957      9.135     13.249    10.1231 0.0000e+00
      9.351      0.108     9.8797     87.857     96.954  68.040284     2.5666      7.331   268.8176 2.8650e+00     1.8651      9.174     13.305    10.1172 0.0000e+00
      9.381      0.115     9.8846     87.912     97.010  68.052876     2.5179      7.330   268.9887 2.8245e+00     1.8461      9.202     13.345    10.1074 0.0000e+00
      9.406      0.120     9.8862     87.971     97.068  68.057981     2.5086      7.328   269.0419 2.7941e+00     1.8364      9.222     13.376    10.0993 0.0000e+00
      9.433      0.122     9.8873     88.024     97.092  68.038459     2.5536      7.328   269.0300 2.7544e+00     1.8496      9.248     13.413    10.0949 0.0000e+00
      9.466      0.123     9.8927     88.063     97.095  68.007335     2.6293      7.327   269.1036 2.6909e+00     1.8696      9.281     13.461    10.0892 0.0000e+00
      9.502      0.124     9.9033     88.078     97.126  67.999203     2.6663      7.326   269.3296 2.6240e+00     1.8388      9.319     13.517    10.0744 0.0000e+00
      9.537      0.127     9.9150     88.053     97.174  68.003616     2.6765      7.326   269.6118 2.5705e+00     1.7844      9.355     13.567    10.0538 0.0000e+00
      9.567      0.130     9.9255     87.963     97.205  67.997142     2.6771      7.327   269.8478 2.5232e+00     1.7590      9.383     13.609    10.0348 0.0000e+00
      9.597      0.135     9.9349     87.821     97.225  67.984422     2.7410      7.327   269.9458 2.4812e+00     1.8046      9.410     13.649    10.0181 0.0000e+00
      9.627      0.141     9.9393     87.629     97.252  67.976822     2.8827      7.327   269.9363 2.4363e+00     1.8920      9.439     13.691    10.0038 0.0000e+00
      9.663      0.147     9.9434     87.394     97.276  67.968732     2.9676      7.326   269.9909 2.3750e+00     1.8934      9.474     13.740     9.9879 0.0000e+00
      9.705      0.155     9.9342     87.154     97.281  67.950092     2.9683      7.325   270.1759 2.3091e+00     1.8563      9.518     13.804     9.9730 0.0000e+00
      9.750      0.162     9.9213     86.927     97.300  67.941967     2.8501      7.324   270.3670 2.2541e+00     1.8525      9.564     13.871     9.9604 0.0000e+00
      9.792      0.167     9.9045     86.734     97.323  67.933991     2.6364      7.322   270.4084 2.2058e+00     1.8485      9.603     13.928     9.9459 0.0000e+00
      9.834      0.168     9.8768     86.568     97.341  67.917136     2.5234      7.322   270.4185 2.1566e+00     1.8757      9.643     13.986     9.9324 0.0000e+00
      9.877      0.163     9.8537     86.420     97.405  67.928688     2.5166      7.322   270.5747 2.1003e+00     1.9081      9.687     14.048     9.9221 0.0000e+00
      9.922      0.155     9.8277     86.307     97.474  67.946598     2.5039      7.322   270.7485 2.0436e+00     1.8984      9.731     14.113     9.9121 0.0000e+00
      9.964      0.145     9.8101     86.225     97.499  67.943108     2.4701      7.321   270.8851 2.0026e+00     1.8608      9.774     14.176     9.8999 0.0000e+00
     10.002      0.133     9.7954     86.148     97.528  67.949976     2.4408      7.320   271.1073 1.9724e+00     1.7950      9.811     14.229     9.8847 0.0000e+00
     10.033      0.120     9.7813     86.078     97.567  67.966121     2.4330      7.320   271.2849 1.9353e+00     1.7518      9.840     14.272     9.8667 0.0000e+00
     10.060      0.110     9.7727     86.038     97.560  67.947752     2.4250      7.319   271.3117 1.9128e+00     1.7831      9.866     14.309     9.8491 0.0000e+00
     10.082      0.104     9.7675     86.026     97.543  67.918403     2.4113      7.318   271.4316 1.9061e+00     1.8661      9.888     14.341     9.8387 0.0000e+00
     10.103      0.104     9.7603     86.019     97.585  67.928818     2.4080      7.318   271.6160 1.8685e+00     1.9349      9.906     14.368     9.8340 0.0000e+00
     10.127      0.107     9.7509     86.005     97.634  67.946624     2.4095      7.317   271.6485 1.8207e+00     1.8980      9.929     14.401     9.8283 0.0000e+00
     10.157      0.114     9.7493     85.990     97.650  67.943132     2.4305      7.317   271.7380 1.7884e+00     1.8296      9.961     14.447     9.8218 0.0000e+00
     10.188      0.122     9.7505     86.010     97.683  67.950094     2.4780      7.317   271.9235 1.7556e+00     1.8592      9.992     14.493     9.8133 0.0000e+00
     10.219      0.131     9.7529     86.081     97.732  67.967275     2.5102      7.317   271.9986 1.7199e+00     1.9147     10.020     14.533     9.8018 0.0000e+00
     10.254      0.140     9.7534     86.158     97.745  67.960301     2.5114      7.317   272.0432 1.6833e+00     1.9205     10.055     14.583     9.7935 0.0000e+00
     10.291      0.149     9.7512     86.237     97.724  67.929266     2.4680      7.317   272.2055 1.6572e+00     1.8942     10.093     14.639     9.7874 0.0000e+00
     10.329      0.154     9.7536     86.360     97.724  67.909589     2.3847      7.315   272.4123 1.6322e+00     1.8354     10.127     14.688     9.7787 0.0000e+00
     10.370      0.155     9.7674     86.502     97.755  67.912907     2.3370      7.314   272.5649 1.5932e+00     1.7899     10.166     14.744     9.7696 0.0000e+00
     10.416      0.150     9.7790     86.635     97.765  67.905856     2.3320      7.314   272.6743 1.5514e+00     1.7885     10.215     14.816     9.7619 0.0000e+00
     10.461      0.144     9.7848     86.790     97.752  67.887834     2.3241      7.314   272.7019 1.5180e+00     1.8189     10.262     14.884     9.7539 0.0000e+00
     10.496      0.138     9.8041     86.974     97.763  67.885534     2.3417      7.314   272.7268 1.4927e+00     1.8843     10.296     14.932     9.7432 0.0000e+00
     10.523      0.130     9.8252     87.155     97.774  67.878039     2.3863      7.314   272.8892 1.4686e+00     1.9306     10.319     14.967     9.7326 0.0000e+00
     10.550      0.122     9.8382     87.308     97.778  67.860711     2.3974      7.314   273.1157 1.4441e+00     1.8998     10.343     15.002     9.7261 0.0000e+00
     10.581      0.116     9.8572     87.430     97.812  67.866539     2.3848      7.313   273.2292 1.4203e+00     1.8542     10.375     15.047     9.7224 0.0000e+00
     10.615      0.112     9.8805     87.535     97.857  67.884973     2.3581      7.312   273.2296 1.3912e+00     1.8574     10.411     15.099     9.7184 0.0000e+00
     10.646      0.107     9.9041     87.620     97.886  67.893039     2.3082      7.310   273.2916 1.3626e+00     1.8697     10.442     15.145     9.7101 0.0000e+00
     10.672      0.099     9.9246     87.669     97.914  67.900537     2.2884      7.310   273.4627 1.3541e+00     1.8998     10.467     15.181     9.6984 0.0000e+00
     10.694      0.089     9.9394     87.723     97.940  67.912096     2.2934      7.309   273.6645 1.3567e+00     1.9485     10.487     15.211     9.6885 0.0000e+00
     10.715      0.078     9.9525     87.828     97.934  67.905765     2.2782      7.309   273.8380 1.3440e+00     1.9813     10.509     15.242     9.6831 0.0000e+00
     10.735      0.068     9.9659     87.960     97.912  67.887498     2.2624      7.309   273.9268 1.3170e+00     2.0231     10.529     15.270     9.6777 0.0000e+00
     10.751      0.061     9.9710     88.098     97.910  67.881768     2.2687      7.308   273.9634 1.2908e+00     2.0775     10.544     15.293     9.6695 0.0000e+00
     10.765      0.061     9.9742     88.262     97.942  67.899993     2.2787      7.307   274.0218 1.2678e+00     2.1260     10.558     15.313     9.6672 0.0000e+00
     10.775      0.067     9.9887     88.447     97.975  67.917317     2.2845      7.308   274.1167 1.2538e+00     2.1325     10.569     15.328     9.6676 0.0000e+00
     10.785      0.081    10.0054     88.619     97.963  67.900668     2.2888      7.308   274.2503 1.2455e+00     2.0878     10.576     15.338     9.6655 0.0000e+00
     10.801      0.100    10.0195     88.769     97.961  67.889225     2.2892      7.306   274.4331 1.2297e+00     2.0636     10.587     15.356     9.6631 0.0000e+00
     10.831      0.120    10.0393     88.933     98.002  67.905990     2.2890      7.305   274.6058 1.2108e+00     2.0790     10.617     15.399     9.6609 0.0000e+00
     10.872      0.140    10.0625     89.085     98.032  67.912807     2.3121      7.305   274.6174 1.1883e+00     2.1714     10.662     15.464     9.6590 0.0000e+00
     10.917      0.155    10.0845     89.142     98.045  67.908119     2.3682      7.304   274.4878 1.1454e+00     2.3266     10.707     15.529     9.6540 0.0000e+00
     10.961      0.162    10.0996     89.088     98.065  67.912800     2.4099      7.303   274.5017 1.0998e+00     2.3844     10.748     15.590     9.6491 0.0000e+00
     11.005      0.161    10.1194     88.879     98.063  67.905881     2.4162      7.302   274.6985 1.0760e+00     2.3569     10.794     15.655     9.6439 0.0000e+00
     11.047      0.156    10.1464     88.484     98.042  67.887973     2.3615      7.302   274.8025 1.0540e+00     2.3364     10.835     15.715     9.6356 0.0000e+00
     11.085      0.148    10.1509     87.950     98.043  67.886810     2.2559      7.302   274.8134 1.0299e+00     2.3075     10.871     15.767     9.6278 0.0000e+00
     11.121      0.140    10.1499     87.351     98.052  67.891807     2.1962      7.302   274.8303 1.0122e+00     2.2803     10.905     15.817     9.6232 0.0000e+00
     11.156      0.132    10.1289     86.799     98.044  67.884879     2.1974      7.301   274.9202 9.8974e-01     2.2810     10.942     15.870     9.6210 0.0000e+00
     11.189      0.125    10.0800     86.384     98.021  67.866559     2.2120      7.299   275.1257 9.6457e-01     2.2825     10.975     15.918     9.6193 0.0000e+00
     11.219      0.120    10.0190     86.160     98.017  67.860848     2.2150      7.299   275.2504 9.4525e-01     2.2636     11.002     15.957     9.6183 0.0000e+00
     11.248      0.117     9.9437     86.134     98.048  67.879325     2.2090      7.299   275.3100 9.2673e-01     2.2571     11.030     15.997     9.6180 0.0000e+00
     11.277      0.117     9.8790     86.243     98.078  67.899418     2.2054      7.298   275.4158 9.0734e-01     2.2727     11.060     16.041     9.6177 0.0000e+00
     11.305      0.119     9.8292     86.441     98.099  67.913248     2.1960      7.297   275.4969 8.8786e-01     2.2827     11.086     16.080     9.6164 0.0000e+00
     11.332      0.120     9.8030     86.693     98.111  67.919504     2.1956      7.297   275.6019 8.6362e-01     2.2745     11.111     16.116     9.6143 0.0000e+00
     11.364      0.118     9.8050     86.969     98.105  67.911545     2.2178      7.297   275.7398 8.4146e-01     2.2758     11.143     16.162     9.6128 0.0000e+00
     11.400      0.113     9.8184     87.280     98.062  67.880524     2.2314      7.296   275.7872 8.2320e-01     2.2987     11.181     16.217     9.6125 0.0000e+00
     11.434      0.104     9.8419     87.640     98.033  67.862000     2.2186      7.296   275.8313 8.0202e-01     2.3126     11.216     16.267     9.6127 0.0000e+00
     11.461      0.093     9.8734     88.012     98.055  67.878119     2.1796      7.296   275.9288 7.8613e-01     2.3407     11.243     16.306     9.6116 0.0000e+00
     11.480      0.080     9.9041     88.348     98.065  67.884876     2.1254      7.295   276.0191 7.7307e-01     2.3988     11.260     16.331     9.6087 0.0000e+00
     11.495      0.069     9.9382     88.611     98.055  67.880180     2.1039      7.293   276.1491 7.6356e-01     2.4352     11.273     16.350     9.6080 0.0000e+00
     11.508      0.062     9.9811     88.776     98.061  67.884860     2.1203      7.293   276.2102 7.6981e-01     2.4385     11.285     16.368     9.6103 0.0000e+00
     11.521      0.057    10.0259     88.875     98.056  67.877942     2.1486      7.293   276.2420 7.6966e-01     2.4045     11.299     16.387     9.6101 0.0000e+00
     11.536      0.054    10.0647     88.926     98.039  67.860045     2.1880      7.293   276.4479 7.5195e-01     2.3329     11.313     16.407     9.6096 0.0000e+00
     11.551      0.054    10.0970     88.905     98.046  67.859005     2.2136      7.293   276.6334 7.3457e-01     2.2898     11.328     16.430     9.6112 0.0000e+00
     11.566      0.053    10.1129     88.810     98.061  67.865366     2.2167      7.292   276.6785 7.2362e-01     2.2933     11.344     16.452     9.6121 0.0000e+00
     11.579      0.053    10.1232     88.669     98.077  67.873441     2.2345      7.291   276.7346 7.2091e-01     2.3058     11.355     16.469     9.6100 0.0000e+00
     11.590      0.054    10.1327     88.500     98.110  67.893115     2.2622      7.291   276.7956 7.1497e-01     2.3052     11.365     16.483     9.6060 0.0000e+00
     11.602      0.055    10.1303     88.306     98.142  67.912694     2.2683      7.292   276.8139 7.0129e-01     2.3201     11.378     16.502     9.6032 0.0000e+00
     11.617      0.057    10.1189     88.122     98.154  67.919622     2.2662      7.292   276.7837 6.9506e-01     2.3490     11.392     16.522     9.6013 0.0000e+00
     11.632      0.057    10.1018     87.981     98.147  67.913366     2.2708      7.291   276.7755 6.9228e-01     2.4160     11.406     16.543     9.5997 0.0000e+00
     11.649      0.054    10.0840     87.868     98.129  67.900570     2.2733      7.289   276.8866 6.8594e-01     2.5491     11.423     16.568     9.5984 0.0000e+00
     11.667      0.048    10.0601     87.771     98.112  67.891928     2.2723      7.289   277.0949 6.8112e-01     2.6265     11.442     16.595     9.5969 0.0000e+00
     11.680      0.043    10.0370     87.687     98.077  67.872401     2.2835      7.289   277.2289 6.7997e-01     2.6346     11.458     16.617     9.5960 0.0000e+00
     11.687      0.042    10.0235     87.610     98.046  67.855016     2.2924      7.288   277.3017 6.8009e-01     2.6128     11.464     16.627     9.5951 0.0000e+00
     11.689      0.045    10.0108     87.537     98.070  67.872276     2.2800      7.288   277.4590 6.7550e-01     2.5673     11.463     16.626     9.5947 0.0000e+00
     11.694      0.051     9.9992     87.474     98.103  67.890543     2.2750      7.287   277.5824 6.6166e-01     2.5625     11.465     16.627     9.5962 0.0000e+00
     11.709      0.059     9.9895     87.424     98.103  67.885337     2.2823      7.286   277.5885 6.4701e-01     2.5900     11.478     16.648     9.5993 0.0000e+00
     11.732      0.069     9.9799     87.380     98.089  67.872834     2.2766      7.286   277.6191 6.3969e-01     2.5924     11.504     16.685     9.6023 0.0000e+00
     11.758      0.079     9.9711     87.338     98.082  67.866398     2.2975      7.286   277.6939 6.2878e-01     2.5914     11.532     16.726     9.6028 0.0000e+00
