Data/DataNotYetUploadedToEDI/Raw_CTD/RawDownloads/050321_bvr50.cnv
* Sea-Bird SBE19plus  Data File:
* FileName = C:\R\Reservoirs\Data\DataNotYetUploadedToEDI\Raw_CTD\RawDownloads\050321_bvr50_0001.hex
* Software version 2.8.0.119
* Temperature SN = 7809
* Conductivity SN = 7809
* System UpLoad Time = May 03 2021 14:11:15
* <ApplicationData>
* <Seaterm232>
# nquan = 16
# nvalues = 2526                        
# units = specified
# name 0 = depFM: Depth [fresh water, m]
# name 1 = dz/dtM: Descent Rate [m/s]
# name 2 = orp: Oxidation Reduction Potential [mV]
# name 3 = sbeox0Mg/L: Oxygen, SBE 43 [mg/l]
# name 4 = sbeox0PS: Oxygen, SBE 43 [% saturation]
# name 5 = par/sat/log: PAR/Logarithmic, Satlantic
# name 6 = ph: pH
# name 7 = specc: Specific Conductance [uS/cm]
# name 8 = c0uS/cm: Conductivity [uS/cm]
# name 9 = flECO-AFL: Fluorescence, WET Labs ECO-AFL/FL [mg/m^3]
# name 10 = turbWETntu0: Turbidity, WET Labs ECO [NTU]
# name 11 = tv290C: Temperature [ITS-90, deg C]
# name 12 = density00: Density [density, kg/m^3]
# name 13 = prdE: Pressure, Strain Gauge [psi]
# name 14 = prdM: Pressure, Strain Gauge [db]
# name 15 = flag:  0.000e+00
# span 0 =     -0.798,     10.358       
# span 1 =     -0.315,      0.197       
# span 2 =  -366.2201,  1240.2295       
# span 3 =     1.4092,     9.1080       
# span 4 =     12.119,     91.776       
# span 5 = 1.2349e-01, 2.3643e+02       
# span 6 =     15.427,     15.815       
# span 7 =      1.625,     32.603       
# span 8 =   1.331171,  23.695334       
# span 9 =    -1.0235,     5.4187       
# span 10 =    -0.2465,    44.0671      
# span 11 =     8.4165,    19.8161      
# span 12 =   998.2475,   999.8858      
# span 13 =     -1.135,     14.732      
# span 14 =     -0.782,     10.158      
# span 15 = 0.0000e+00, 0.0000e+00      
# interval = seconds: 0.25
# start_time = May 02 2021 21:11:54 [Instrument's time stamp, header]
# bad_flag = -9.990e-29
*END*
[from data line 1356]
      7.822      0.034   416.4715     3.0602     26.211 1.2367e-01     15.806     28.003  18.984623     0.8077     4.2410     8.9141   999.8382     11.127      7.672 0.0000e+00
      7.827      0.036   416.4590     3.0382     26.313 1.2369e-01     15.806     28.026  18.996736     0.7927     4.2136     8.9110   999.8384     11.130      7.674 0.0000e+00
      7.834      0.037   416.3908     3.0213     26.361 1.2371e-01     15.805     28.037  19.002006     0.7832     4.3117     8.9053   999.8388     11.139      7.680 0.0000e+00
      7.846      0.039   416.3349     3.0199     26.293 1.2369e-01     15.805     28.014  18.984934     0.7687     4.4666     8.9018   999.8393     11.159      7.694 0.0000e+00
      7.860      0.042   416.3004     3.0385     26.130 1.2359e-01     15.805     28.009  18.980543     0.7510     4.5081     8.8950   999.8398     11.181      7.709 0.0000e+00
      7.871      0.045   416.3179     3.0514     26.042 1.2355e-01     15.805     28.058  19.012328     0.7310     4.4688     8.8880   999.8404     11.197      7.720 0.0000e+00
      7.881      0.047   416.3742     3.0595     26.003 1.2360e-01     15.805     28.121  19.052203     0.7090     4.4377     8.8848   999.8407     11.209      7.728 0.0000e+00
      7.891      0.048   416.3778     3.0567     25.878 1.2361e-01     15.805     28.172  19.082222     0.6943     4.3728     8.8829   999.8408     11.222      7.737 0.0000e+00
      7.903      0.050   416.3618     3.0207     25.674 1.2362e-01     15.806     28.238  19.121642     0.6781     4.3020     8.8815   999.8410     11.240      7.750 0.0000e+00
      7.918      0.050   416.4383     3.0152     25.417 1.2364e-01     15.806     28.283  19.148377     0.6562     4.2682     8.8799   999.8412     11.260      7.764 0.0000e+00
      7.933      0.050   416.5289     3.0227     25.213 1.2364e-01     15.807     28.292  19.151847     0.6481     4.2387     8.8751   999.8416     11.282      7.779 0.0000e+00
      7.948      0.046   416.5103     3.0006     25.097 1.2362e-01     15.807     28.312  19.163595     0.6759     4.2205     8.8655   999.8424     11.306      7.795 0.0000e+00
      7.960      0.040   416.4716     2.9833     24.935 1.2358e-01     15.807     28.314  19.163607     0.7249     4.2191     8.8557   999.8432     11.323      7.807 0.0000e+00
      7.969      0.033   416.4915     2.9456     24.731 1.2358e-01     15.807     28.298  19.151985     0.7445     4.1871     8.8486   999.8437     11.336      7.816 0.0000e+00
      7.976      0.027   416.4935     2.9172     24.511 1.2358e-01     15.808     28.295  19.149889     0.7317     4.1776     8.8440   999.8441     11.346      7.823 0.0000e+00
      7.981      0.023   416.4951     2.9183     24.228 1.2357e-01     15.807     28.278  19.138260     0.7047     4.2758     8.8411   999.8444     11.353      7.828 0.0000e+00
      7.984      0.023   416.5115     2.8948     23.959 1.2362e-01     15.807     28.277  19.138198     0.6552     4.3788     8.8391   999.8445     11.356      7.830 0.0000e+00
      7.987      0.025   416.5193     2.8674     23.784 1.2367e-01     15.807     28.293  19.149143     0.6102     4.3924     8.8379   999.8446     11.358      7.831 0.0000e+00
      7.993      0.029   416.5030     2.8506     23.663 1.2370e-01     15.806     28.286  19.143778     0.5899     4.4067     8.8378   999.8447     11.366      7.837 0.0000e+00
      8.002      0.035   416.4864     2.8103     23.558 1.2370e-01     15.806     28.276  19.136739     0.5909     4.5176     8.8374   999.8447     11.381      7.847 0.0000e+00
      8.013      0.041   416.5768     2.7735     23.458 1.2365e-01     15.807     28.264  19.127440     0.6036     4.6690     8.8384   999.8447     11.397      7.858 0.0000e+00
      8.023      0.047   416.6497     2.7592     23.386 1.2364e-01     15.807     28.219  19.094750     0.6011     4.7260     8.8392   999.8447     11.411      7.868 0.0000e+00
      8.036      0.050   416.5933     2.7447     23.374 1.2364e-01     15.807     28.169  19.058526     0.5882     4.6917     8.8371   999.8449     11.427      7.879 0.0000e+00
      8.051      0.051   416.5836     2.7342     23.404 1.2360e-01     15.808     28.189  19.069892     0.5725     4.6666     8.8366   999.8450     11.450      7.894 0.0000e+00
      8.066      0.050   416.6179     2.7214     23.416 1.2361e-01     15.808     28.244  19.105363     0.5446     4.6623     8.8351   999.8452     11.474      7.911 0.0000e+00
      8.080      0.049   416.6635     2.7109     23.380 1.2366e-01     15.808     28.249  19.106964     0.5180     4.6408     8.8303   999.8456     11.494      7.925 0.0000e+00
      8.092      0.046   416.7046     2.7112     23.348 1.2367e-01     15.808     28.224  19.089241     0.5076     4.6471     8.8264   999.8459     11.510      7.936 0.0000e+00
      8.102      0.044   416.6858     2.7171     23.341 1.2365e-01     15.808     28.215  19.081295     0.5334     4.7032     8.8235   999.8462     11.525      7.946 0.0000e+00
      8.111      0.042   416.6941     2.7226     23.340 1.2363e-01     15.807     28.208  19.074293     0.5815     4.7697     8.8201   999.8466     11.537      7.954 0.0000e+00
      8.120      0.041   416.7181     2.7128     23.349 1.2363e-01     15.807     28.202  19.067986     0.6040     4.7657     8.8171   999.8468     11.548      7.962 0.0000e+00
      8.132      0.041   416.7181     2.7094     23.401 1.2360e-01     15.808     28.205  19.068444     0.5951     4.6886     8.8158   999.8469     11.566      7.975 0.0000e+00
      8.144      0.041   416.6945     2.7103     23.526 1.2355e-01     15.809     28.225  19.079828     0.5890     4.6953     8.8130   999.8471     11.585      7.988 0.0000e+00
      8.155      0.041   416.6901     2.7098     23.625 1.2355e-01     15.809     28.226  19.078818     0.5961     4.8119     8.8078   999.8476     11.600      7.997 0.0000e+00
      8.165      0.042   416.7511     2.7111     23.602 1.2360e-01     15.810     28.196  19.056228     0.5957     4.8969     8.8034   999.8479     11.614      8.007 0.0000e+00
      8.174      0.043   416.9168     2.7122     23.507 1.2363e-01     15.810     28.206  19.060326     0.5929     4.8996     8.7999   999.8482     11.625      8.015 0.0000e+00
      8.183      0.046   417.1441     2.7336     23.423 1.2357e-01     15.810     28.216  19.064946     0.5917     4.8783     8.7965   999.8485     11.638      8.024 0.0000e+00
      8.195      0.051   417.2627     2.7525     23.415 1.2356e-01     15.809     28.196  19.048684     0.5907     4.8453     8.7933   999.8489     11.657      8.037 0.0000e+00
      8.209      0.055   417.2325     2.7430     23.426 1.2366e-01     15.809     28.206  19.053914     0.5907     4.7755     8.7898   999.8491     11.677      8.051 0.0000e+00
      8.224      0.057   417.1226     2.7323     23.373 1.2376e-01     15.808     28.224  19.064784     0.5821     4.6868     8.7854   999.8495     11.696      8.064 0.0000e+00
      8.242      0.056   417.0529     2.7164     23.309 1.2378e-01     15.808     28.208  19.053291     0.5812     4.6652     8.7808   999.8499     11.722      8.082 0.0000e+00
      8.260      0.053   417.0779     2.7190     23.284 1.2374e-01     15.808     28.193  19.041761     0.5710     4.7208     8.7770   999.8502     11.751      8.102 0.0000e+00
      8.273      0.049   417.0812     2.7293     23.357 1.2371e-01     15.808     28.210  19.052198     0.5348     4.7409     8.7742   999.8505     11.770      8.115 0.0000e+00
      8.282      0.044   417.0068     2.7139     23.517 1.2371e-01     15.808     28.211  19.052666     0.5155     4.7021     8.7717   999.8507     11.780      8.122 0.0000e+00
      8.291      0.039   416.9523     2.7099     23.711 1.2370e-01     15.808     28.205  19.047416     0.5180     4.6639     8.7698   999.8509     11.792      8.131 0.0000e+00
      8.300      0.034   416.9384     2.7006     23.933 1.2368e-01     15.808     28.214  19.052122     0.5177     4.6562     8.7679   999.8511     11.805      8.139 0.0000e+00
      8.309      0.030   416.8387     2.7103     24.145 1.2366e-01     15.808     28.206  19.046157     0.5220     4.6777     8.7660   999.8513     11.819      8.149 0.0000e+00
      8.318      0.027   416.6937     2.7347     24.308 1.2364e-01     15.808     28.194  19.038708     0.5316     4.6842     8.7655   999.8514     11.832      8.158 0.0000e+00
      8.325      0.025   416.7331     2.7528     24.401 1.2369e-01     15.808     28.172  19.025465     0.5281     4.6998     8.7643   999.8516     11.843      8.165 0.0000e+00
      8.330      0.023   416.7989     2.7836     24.451 1.2374e-01     15.808     28.151  19.012850     0.5185     4.7291     8.7611   999.8518     11.849      8.170 0.0000e+00
      8.333      0.021   416.7158     2.8091     24.528 1.2375e-01     15.808     28.148  19.012991     0.5296     4.6954     8.7588   999.8519     11.852      8.171 0.0000e+00
      8.337      0.019   416.6745     2.8287     24.596 1.2369e-01     15.808     28.167  19.027177     0.5574     4.6362     8.7613   999.8517     11.857      8.175 0.0000e+00
      8.344      0.017   416.6441     2.8398     24.603 1.2361e-01     15.809     28.213  19.057561     0.5686     4.6304     8.7651   999.8515     11.868      8.183 0.0000e+00
      8.350      0.016   416.6054     2.8387     24.579 1.2363e-01     15.809     28.223  19.063325     0.5697     4.6945     8.7676   999.8514     11.878      8.189 0.0000e+00
      8.354      0.015   416.6371     2.8503     24.524 1.2370e-01     15.808     28.182  19.033456     0.5228     4.8270     8.7720   999.8511     11.882      8.192 0.0000e+00
      8.356      0.014   416.5973     2.8639     24.476 1.2369e-01     15.808     28.157  19.013459     0.4021     4.9620     8.7739   999.8509     11.884      8.194 0.0000e+00
      8.359      0.013   416.4678     2.8578     24.491 1.2365e-01     15.809     28.156  19.011755     0.3226     4.9881     8.7728   999.8510     11.888      8.197 0.0000e+00
      8.362      0.013   416.4486     2.8596     24.563 1.2368e-01     15.809     28.154  19.012851     0.3246     4.9720     8.7719   999.8511     11.894      8.201 0.0000e+00
      8.365      0.014   416.5371     2.8509     24.657 1.2371e-01     15.809     28.167  19.026721     0.3489     4.9724     8.7666   999.8515     11.897      8.203 0.0000e+00
      8.368      0.016   416.5912     2.8411     24.677 1.2369e-01     15.808     28.196  19.052645     0.3684     4.9236     8.7591   999.8519     11.901      8.205 0.0000e+00
      8.371      0.017   416.5872     2.8464     24.607 1.2368e-01     15.808     28.217  19.072671     0.3708     4.8629     8.7567   999.8522     11.906      8.208 0.0000e+00
      8.376      0.020   416.4878     2.8524     24.537 1.2367e-01     15.808     28.219  19.078643     0.3681     4.8570     8.7621   999.8519     11.913      8.213 0.0000e+00
      8.383      0.024   416.3360     2.8698     24.512 1.2365e-01     15.807     28.192  19.061446     0.3928     4.8860     8.7731   999.8511     11.924      8.221 0.0000e+00
      8.389      0.026   416.3011     2.8729     24.535 1.2365e-01     15.807     28.187  19.054971     0.4308     4.8712     8.7847   999.8503     11.931      8.227 0.0000e+00
      8.394      0.026   416.3238     2.8565     24.563 1.2364e-01     15.807     28.206  19.063747     0.4468     4.8492     8.7952   999.8496     11.937      8.230 0.0000e+00
      8.403      0.025   416.3520     2.8477     24.529 1.2364e-01     15.807     28.176  19.040747     0.4524     4.8949     8.8047   999.8490     11.951      8.240 0.0000e+00
      8.412      0.024   416.4699     2.8447     24.485 1.2364e-01     15.807     28.164  19.030506     0.4606     4.9436     8.8081   999.8487     11.966      8.251 0.0000e+00
      8.419      0.022   416.5442     2.8475     24.453 1.2364e-01     15.807     28.220  19.066730     0.4596     4.9230     8.7991   999.8494     11.976      8.257 0.0000e+00
      8.423      0.019   416.4765     2.8591     24.370 1.2369e-01     15.808     28.269  19.098276     0.4499     4.8854     8.7901   999.8501     11.980      8.260 0.0000e+00
      8.426      0.016   416.4253     2.8498     24.285 1.2372e-01     15.808     28.264  19.094893     0.4481     4.8666     8.7877   999.8503     11.985      8.264 0.0000e+00
      8.429      0.015   416.4413     2.8410     24.216 1.2366e-01     15.808     28.253  19.089242     0.4579     4.8335     8.7840   999.8505     11.989      8.266 0.0000e+00
      8.432      0.015   416.4132     2.8479     24.135 1.2360e-01     15.807     28.254  19.093349     0.4634     4.8285     8.7791   999.8509     11.993      8.269 0.0000e+00
      8.436      0.016   416.4299     2.8301     24.112 1.2360e-01     15.807     28.232  19.081146     0.4568     4.8744     8.7774   999.8511     11.998      8.274 0.0000e+00
      8.439      0.018   416.4703     2.8199     24.130 1.2359e-01     15.807     28.207  19.068512     0.4546     4.9428     8.7771   999.8511     12.002      8.276 0.0000e+00
      8.444      0.020   416.3856     2.8182     24.138 1.2363e-01     15.806     28.200  19.067414     0.4655     5.0029     8.7801   999.8509     12.009      8.280 0.0000e+00
      8.451      0.021   416.3525     2.7989     24.178 1.2371e-01     15.806     28.198  19.067880     0.4641     5.0517     8.7862   999.8506     12.021      8.288 0.0000e+00
      8.458      0.022   416.4142     2.7986     24.212 1.2368e-01     15.806     28.209  19.074149     0.4471     5.0864     8.7904   999.8503     12.031      8.294 0.0000e+00
      8.463      0.023   416.3567     2.8064     24.210 1.2363e-01     15.806     28.225  19.079799     0.4413     5.0795     8.7981   999.8497     12.038      8.300 0.0000e+00
      8.468      0.024   416.2605     2.7989     24.230 1.2363e-01     15.807     28.225  19.072779     0.4508     5.1050     8.8079   999.8490     12.043      8.303 0.0000e+00
      8.473      0.024   416.1972     2.8078     24.270 1.2365e-01     15.808     28.205  19.052666     0.4485     5.1549     8.8118   999.8488     12.049      8.307 0.0000e+00
      8.480      0.025   416.1072     2.8154     24.317 1.2366e-01     15.808     28.173  19.026837     0.4130     5.1325     8.8092   999.8491     12.061      8.316 0.0000e+00
      8.488      0.025   416.1190     2.8085     24.333 1.2368e-01     15.809     28.158  19.014110     0.3838     5.1099     8.7988   999.8498     12.073      8.324 0.0000e+00
      8.495      0.024   416.2545     2.8158     24.281 1.2369e-01     15.809     28.180  19.025591     0.3912     5.1564     8.7835   999.8509     12.082      8.330 0.0000e+00
      8.501      0.023   416.3676     2.8198     24.216 1.2369e-01     15.809     28.203  19.038845     0.3974     5.1448     8.7721   999.8518     12.091      8.337 0.0000e+00
      8.506      0.020   416.3682     2.8270     24.204 1.2369e-01     15.809     28.218  19.047544     0.3920     5.0044     8.7662   999.8522     12.100      8.342 0.0000e+00
      8.510      0.018   416.3480     2.8337     24.236 1.2367e-01     15.808     28.247  19.067354     0.3927     4.9009     8.7617   999.8525     12.104      8.346 0.0000e+00
      8.514      0.016   416.4671     2.8231     24.250 1.2367e-01     15.808     28.278  19.088140     0.3857     4.9227     8.7550   999.8530     12.109      8.349 0.0000e+00
      8.518      0.016   416.6040     2.8133     24.234 1.2368e-01     15.809     28.313  19.108653     0.3839     4.9597     8.7494   999.8534     12.116      8.354 0.0000e+00
      8.522      0.017   416.6269     2.8115     24.203 1.2371e-01     15.810     28.345  19.125151     0.3996     4.9357     8.7474   999.8536     12.121      8.357 0.0000e+00
      8.525      0.020   416.5714     2.8204     24.145 1.2374e-01     15.811     28.408  19.160791     0.4040     4.9076     8.7486   999.8535     12.126      8.360 0.0000e+00
      8.530      0.024   416.4497     2.8217     24.060 1.2372e-01     15.811     28.510  19.222527     0.3985     4.9283     8.7504   999.8534     12.132      8.364 0.0000e+00
