Data/DataNotYetUploadedToEDI/Raw_CTD/RawDownloads/050321_bvr50.cnv
* Sea-Bird SBE19plus  Data File:
* FileName = C:\R\Reservoirs\Data\DataNotYetUploadedToEDI\Raw_CTD\RawDownloads\050321_bvr50_0001.hex
* Software version 2.8.0.119
* Temperature SN = 7809
* Conductivity SN = 7809
* System UpLoad Time = May 03 2021 14:11:15
* <ApplicationData>
* <Seaterm232>
# nquan = 16
# nvalues = 2526                        
# units = specified
# name 0 = depFM: Depth [fresh water, m]
# name 1 = dz/dtM: Descent Rate [m/s]
# name 2 = orp: Oxidation Reduction Potential [mV]
# name 3 = sbeox0Mg/L: Oxygen, SBE 43 [mg/l]
# name 4 = sbeox0PS: Oxygen, SBE 43 [% saturation]
# name 5 = par/sat/log: PAR/Logarithmic, Satlantic
# name 6 = ph: pH
# name 7 = specc: Specific Conductance [uS/cm]
# name 8 = c0uS/cm: Conductivity [uS/cm]
# name 9 = flECO-AFL: Fluorescence, WET Labs ECO-AFL/FL [mg/m^3]
# name 10 = turbWETntu0: Turbidity, WET Labs ECO [NTU]
# name 11 = tv290C: Temperature [ITS-90, deg C]
# name 12 = density00: Density [density, kg/m^3]
# name 13 = prdE: Pressure, Strain Gauge [psi]
# name 14 = prdM: Pressure, Strain Gauge [db]
# name 15 = flag:  0.000e+00
# span 0 =     -0.798,     10.358       
# span 1 =     -0.315,      0.197       
# span 2 =  -366.2201,  1240.2295       
# span 3 =     1.4092,     9.1080       
# span 4 =     12.119,     91.776       
# span 5 = 1.2349e-01, 2.3643e+02       
# span 6 =     15.427,     15.815       
# span 7 =      1.625,     32.603       
# span 8 =   1.331171,  23.695334       
# span 9 =    -1.0235,     5.4187       
# span 10 =    -0.2465,    44.0671      
# span 11 =     8.4165,    19.8161      
# span 12 =   998.2475,   999.8858      
# span 13 =     -1.135,     14.732      
# span 14 =     -0.782,     10.158      
# span 15 = 0.0000e+00, 0.0000e+00      
# interval = seconds: 0.25
# start_time = May 02 2021 21:11:54 [Instrument's time stamp, header]
# bad_flag = -9.990e-29
*END*
[from data line 2170]
      4.892     -0.071   403.3077     4.8885     43.388 3.5682e+00     15.771     26.540  18.341415     1.3393     3.0302     9.5346   999.7759      6.954      4.795 0.0000e+00
      4.874     -0.048   403.3404     4.8929     43.465 3.5891e+00     15.771     26.537  18.343034     1.4053     3.1096     9.5422   999.7752      6.927      4.775 0.0000e+00
      4.868     -0.024   403.3070     4.9193     43.478 3.5737e+00     15.770     26.542  18.355644     1.5339     3.2351     9.5490   999.7746      6.920      4.771 0.0000e+00
      4.872     -0.005   403.3345     4.9353     43.539 3.5506e+00     15.770     26.546  18.367086     1.5974     3.2435     9.5540   999.7742      6.928      4.777 0.0000e+00
      4.880      0.004   403.4147     4.9504     43.689 3.5281e+00     15.770     26.524  18.354571     1.5909     3.1766     9.5508   999.7745      6.942      4.786 0.0000e+00
      4.888     -0.000   403.3311     4.9644     43.836 3.5055e+00     15.769     26.481  18.331143     1.5892     3.1818     9.5533   999.7743      6.954      4.795 0.0000e+00
      4.893     -0.019   403.1840     4.9528     43.935 3.5029e+00     15.769     26.469  18.337438     1.6055     3.2369     9.5769   999.7724      6.961      4.800 0.0000e+00
      4.892     -0.047   403.1842     4.9555     44.048 3.5298e+00     15.769     26.495  18.367306     1.6157     3.2942     9.6014   999.7704      6.964      4.801 0.0000e+00
      4.879     -0.079   403.1609     4.9793     44.218 3.5932e+00     15.769     26.505  18.375261     1.6073     3.2902     9.5958   999.7709      6.949      4.791 0.0000e+00
      4.852     -0.108   403.0749     4.9993     44.443 3.7152e+00     15.769     26.505  18.370221     1.5333     3.2582     9.5988   999.7705      6.907      4.763 0.0000e+00
      4.811     -0.133   403.0908     4.9990     44.673 3.8936e+00     15.769     26.512  18.369764     1.4171     3.2838     9.6423   999.7666      6.846      4.720 0.0000e+00
      4.765     -0.151   403.0956     5.0086     44.856 4.0735e+00     15.768     26.518  18.369727     1.3661     3.2915     9.6703   999.7641      6.775      4.671 0.0000e+00
      4.721     -0.161   403.0469     5.0283     45.075 4.2105e+00     15.767     26.518  18.369775     1.3641     3.2482     9.6656   999.7643      6.712      4.628 0.0000e+00
      4.682     -0.164   403.0184     5.0559     45.307 4.3468e+00     15.767     26.511  18.370336     1.4415     3.2410     9.6513   999.7654      6.660      4.592 0.0000e+00
      4.643     -0.162   402.9219     5.0915     45.452 4.5236e+00     15.766     26.501  18.376516     1.5955     3.2735     9.6400   999.7660      6.606      4.555 0.0000e+00
      4.601     -0.153   402.9126     5.1032     45.535 4.7243e+00     15.766     26.482  18.381116     1.6716     3.2978     9.6333   999.7664      6.544      4.513 0.0000e+00
      4.557     -0.137   402.9926     5.1291     45.520 4.9163e+00     15.766     26.432  18.362565     1.6662     3.2942     9.6305   999.7664      6.483      4.469 0.0000e+00
      4.515     -0.112   402.9421     5.1662     45.420 5.0671e+00     15.766     26.385  18.342452     1.6637     3.2296     9.6387   999.7656      6.419      4.425 0.0000e+00
      4.481     -0.080   402.9047     5.1695     45.373 5.1431e+00     15.765     26.348  18.328150     1.8030     3.1006     9.6656   999.7632      6.361      4.386 0.0000e+00
      4.465     -0.044   402.9706     5.1801     45.409 5.1372e+00     15.763     26.312  18.316468     2.0634     2.9698     9.7053   999.7597      6.341      4.371 0.0000e+00
      4.465     -0.011   403.0503     5.1777     45.607 5.0927e+00     15.762     26.304  18.328022     2.1888     2.8852     9.7358   999.7572      6.348      4.377 0.0000e+00
      4.475      0.012   403.0945     5.1485     45.982 5.0227e+00     15.761     26.300  18.341062     2.1938     2.8328     9.7583   999.7553      6.361      4.386 0.0000e+00
      4.490      0.021   403.1604     5.1486     46.383 4.9301e+00     15.760     26.295  18.347340     2.2758     2.7480     9.7781   999.7537      6.385      4.403 0.0000e+00
      4.505      0.014   403.2457     5.1427     46.791 4.8600e+00     15.760     26.279  18.340527     2.4363     2.6485     9.7999   999.7518      6.413      4.422 0.0000e+00
      4.513     -0.006   403.2648     5.1559     47.211 4.8355e+00     15.761     26.250  18.322100     2.5325     2.6265     9.8368   999.7487      6.425      4.430 0.0000e+00
      4.510     -0.032   403.2196     5.2093     47.612 4.8580e+00     15.761     26.240  18.314765     2.5340     2.6194     9.8721   999.7458      6.419      4.426 0.0000e+00
      4.496     -0.061   403.1294     5.2480     47.999 4.9338e+00     15.761     26.243  18.315242     2.4352     2.6305     9.8876   999.7444      6.400      4.413 0.0000e+00
      4.473     -0.088   403.0345     5.2927     48.340 5.0387e+00     15.761     26.256  18.327866     2.2622     2.7605     9.8941   999.7437      6.365      4.388 0.0000e+00
      4.443     -0.112   402.9329     5.3446     48.671 5.1570e+00     15.760     26.250  18.340592     2.1498     2.8526     9.8988   999.7431      6.319      4.356 0.0000e+00
      4.409     -0.129   402.8470     5.3844     49.039 5.3054e+00     15.758     26.210  18.342322     2.1153     2.8174     9.8987   999.7429      6.273      4.325 0.0000e+00
      4.374     -0.138   402.7697     5.4362     49.417 5.4701e+00     15.756     26.174  18.348817     2.1033     2.7474     9.8901   999.7435      6.224      4.292 0.0000e+00
      4.335     -0.137   402.6869     5.4708     49.735 5.6379e+00     15.754     26.154  18.355752     2.0903     2.6577     9.8891   999.7434      6.167      4.252 0.0000e+00
      4.294     -0.124   402.7062     5.5003     49.882 5.8152e+00     15.754     26.160  18.362783     2.0821     2.6253     9.9210   999.7404      6.107      4.210 0.0000e+00
      4.254     -0.103   402.8311     5.5383     49.920 5.9655e+00     15.754     26.179  18.370433     2.0804     2.6646     9.9859   999.7345      6.046      4.169 0.0000e+00
      4.224     -0.077   402.9076     5.5687     50.029 6.0302e+00     15.754     26.191  18.384837     2.1268     2.7554    10.0590   999.7280      5.998      4.136 0.0000e+00
      4.212     -0.047   402.8561     5.6110     50.322 6.0187e+00     15.753     26.184  18.410135     2.2239     2.8996    10.1039   999.7240      5.985      4.127 0.0000e+00
      4.211     -0.021   402.8110     5.6210     50.788 5.9827e+00     15.750     26.135  18.422720     2.2716     2.9324    10.1030   999.7241      5.990      4.130 0.0000e+00
      4.215     -0.002   402.7918     5.6212     51.342 5.9360e+00     15.748     26.062  18.410244     2.2654     2.8426    10.0767   999.7264      5.994      4.133 0.0000e+00
      4.222      0.008   402.7100     5.6281     51.875 5.8904e+00     15.747     26.009  18.386139     2.2638     2.7752    10.0746   999.7266      6.004      4.140 0.0000e+00
      4.229      0.013   402.6834     5.6536     52.340 5.8722e+00     15.748     26.026  18.384894     2.3187     2.7696    10.1392   999.7209      6.019      4.150 0.0000e+00
      4.230      0.016   402.8137     5.6957     52.828 5.8770e+00     15.749     26.077  18.395178     2.4146     2.8096    10.2518   999.7107      6.021      4.151 0.0000e+00
      4.227      0.015   402.9945     5.7487     53.400 5.8589e+00     15.751     26.094  18.383652     2.4599     2.8116    10.3385   999.7027      6.010      4.143 0.0000e+00
      4.230      0.009   403.0622     5.8124     54.026 5.7909e+00     15.752     26.094  18.372315     2.4563     2.7606    10.3634   999.7003      6.011      4.144 0.0000e+00
      4.240     -0.005   402.9439     5.8585     54.581 5.7216e+00     15.750     26.105  18.384900     2.4470     2.7756    10.3270   999.7037      6.031      4.158 0.0000e+00
      4.250     -0.024   402.7690     5.9237     55.021 5.7171e+00     15.748     26.116  18.409012     2.4331     2.8555    10.2637   999.7097      6.053      4.173 0.0000e+00
      4.246     -0.047   402.6675     5.9914     55.377 5.7903e+00     15.748     26.096  18.410248     2.4117     2.8685    10.2161   999.7140      6.050      4.171 0.0000e+00
      4.226     -0.073   402.6633     6.0757     55.617 5.9238e+00     15.749     26.070  18.399871     2.3890     2.8310    10.1889   999.7163      6.016      4.148 0.0000e+00
      4.195     -0.099   402.7179     6.1376     55.764 6.0826e+00     15.749     26.082  18.410361     2.3684     2.8130    10.2030   999.7149      5.967      4.114 0.0000e+00
      4.161     -0.122   402.7262     6.1741     55.801 6.2411e+00     15.748     26.082  18.410267     2.3442     2.8227    10.2450   999.7109      5.916      4.079 0.0000e+00
      4.127     -0.138   402.5922     6.2181     55.738 6.4101e+00     15.748     26.057  18.398739     2.3342     2.8792    10.2761   999.7079      5.868      4.047 0.0000e+00
      4.093     -0.146   402.3881     6.2355     55.664 6.5938e+00     15.748     26.043  18.397794     2.3427     2.9127    10.2912   999.7064      5.823      4.014 0.0000e+00
      4.054     -0.150   402.4101     6.2561     55.624 6.8088e+00     15.748     26.039  18.398852     2.4575     2.8506    10.2925   999.7061      5.770      3.977 0.0000e+00
      4.011     -0.150   402.5126     6.2618     55.611 7.0557e+00     15.748     26.059  18.411535     2.6821     2.7464    10.2848   999.7066      5.704      3.933 0.0000e+00
      3.967     -0.148   402.3367     6.2461     55.627 7.2872e+00     15.748     26.080  18.424329     2.7989     2.6828    10.2979   999.7052      5.640      3.889 0.0000e+00
      3.929     -0.144   402.0905     6.2335     55.685 7.4687e+00     15.746     26.081  18.426730     2.8108     2.6312    10.3250   999.7026      5.585      3.851 0.0000e+00
      3.895     -0.140   402.0311     6.2282     55.755 7.6116e+00     15.746     26.097  18.440574     2.9122     2.5684    10.3331   999.7016      5.537      3.817 0.0000e+00
      3.864     -0.138   401.8766     6.2288     55.811 7.7674e+00     15.747     26.120  18.464905     3.0993     2.5753    10.3247   999.7022      5.496      3.790 0.0000e+00
      3.832     -0.135   401.5996     6.2292     55.869 7.9720e+00     15.745     26.078  18.467304     3.2134     2.6463    10.3163   999.7028      5.455      3.761 0.0000e+00
      3.797     -0.128   401.5212     6.2377     55.979 8.2062e+00     15.741     26.013  18.469615     3.2239     2.6716    10.3229   999.7021      5.404      3.726 0.0000e+00
      3.758     -0.113   401.4445     6.2452     56.154 8.4354e+00     15.739     25.993  18.492896     3.2162     2.6407    10.3292   999.7013      5.345      3.686 0.0000e+00
      3.719     -0.092   401.2747     6.2524     56.333 8.6129e+00     15.738     25.963  18.495209     3.3685     2.6505    10.3221   999.7019      5.285      3.644 0.0000e+00
      3.692     -0.069   401.2748     6.2466     56.512 8.6783e+00     15.736     25.944  18.497610     3.6815     2.6871    10.3874   999.6956      5.241      3.614 0.0000e+00
      3.683     -0.048   401.4454     6.2384     56.772 8.6313e+00     15.736     25.960  18.521942     3.8540     2.6711    10.5138   999.6836      5.231      3.607 0.0000e+00
      3.688     -0.034   401.5309     6.2538     57.235 8.5383e+00     15.735     25.959  18.535795     3.8620     2.5950    10.5810   999.6773      5.244      3.616 0.0000e+00
      3.694     -0.030   401.4483     6.2671     57.948 8.4902e+00     15.734     25.947  18.538310     3.9201     2.4870    10.6180   999.6738      5.258      3.626 0.0000e+00
      3.693     -0.037   401.3932     6.2799     58.787 8.5471e+00     15.735     25.959  18.552371     4.0522     2.3965    10.6502   999.6707      5.259      3.626 0.0000e+00
      3.679     -0.049   401.4667     6.2996     59.527 8.6770e+00     15.734     25.979  18.579000     4.1333     2.3582    10.6680   999.6689      5.237      3.611 0.0000e+00
      3.657     -0.059   401.7347     6.3439     60.103 8.8167e+00     15.732     25.986  18.606666     4.1282     2.3674    10.7009   999.6656      5.203      3.587 0.0000e+00
      3.631     -0.059   402.0524     6.4228     60.558 8.9453e+00     15.730     25.986  18.633284     4.0095     2.4053    10.7285   999.6628      5.163      3.560 0.0000e+00
      3.609     -0.050   402.2101     6.5302     60.943 9.0433e+00     15.728     25.965  18.647240     3.8144     2.4379    10.7259   999.6630      5.126      3.534 0.0000e+00
      3.595     -0.035   402.3511     6.6107     61.352 9.0840e+00     15.726     25.921  18.648633     3.7052     2.4185    10.7431   999.6612      5.108      3.522 0.0000e+00
      3.592     -0.020   402.4669     6.6603     61.778 9.0611e+00     15.725     25.892  18.650159     3.6904     2.3423    10.7998   999.6556      5.105      3.520 0.0000e+00
      3.597     -0.012   402.3198     6.7075     62.253 9.0191e+00     15.725     25.908  18.665708     3.7687     2.3068    10.8480   999.6509      5.114      3.526 0.0000e+00
      3.604     -0.014   402.0350     6.7302     62.775 9.0192e+00     15.725     25.966  18.709831     3.9177     2.3672    10.8985   999.6460      5.129      3.536 0.0000e+00
      3.606     -0.029   401.9491     6.7703     63.255 9.0527e+00     15.725     25.981  18.739811     3.9941     2.4200    10.9774   999.6380      5.132      3.539 0.0000e+00
      3.600     -0.052   401.9699     6.8051     63.785 9.1112e+00     15.722     25.892  18.711186     3.9967     2.3964    11.0318   999.6325      5.125      3.534 0.0000e+00
      3.585     -0.077   401.9419     6.8547     64.454 9.2587e+00     15.721     25.808  18.680805     3.9874     2.3558    11.0222   999.6334      5.108      3.522 0.0000e+00
      3.556     -0.097   401.9548     6.9285     65.224 9.4967e+00     15.720     25.806  18.689525     3.8624     2.3748    11.0079   999.6348      5.063      3.491 0.0000e+00
      3.517     -0.112   401.9533     6.9625     65.936 9.7201e+00     15.720     25.814  18.689821     3.6300     2.3864    11.0485   999.6305      4.999      3.448 0.0000e+00
      3.481     -0.121   401.9237     7.0052     66.430 9.8879e+00     15.721     25.816  18.684385     3.4948     2.3243    11.1366   999.6212      4.946      3.411 0.0000e+00
      3.451     -0.126   402.0268     7.0678     66.738 1.0042e+01     15.721     25.902  18.750598     3.4778     2.2762    11.2082   999.6136      4.907      3.384 0.0000e+00
      3.424     -0.127   402.2534     7.1558     66.953 1.0213e+01     15.719     25.995  18.856343     3.5568     2.3197    11.2198   999.6123      4.872      3.359 0.0000e+00
      3.396     -0.126   402.3413     7.2503     67.193 1.0414e+01     15.714     25.931  18.885072     3.7063     2.4033    11.1975   999.6145      4.834      3.333 0.0000e+00
      3.362     -0.122   402.3148     7.2996     67.517 1.0648e+01     15.710     25.788  18.844427     3.7884     2.3946    11.1818   999.6159      4.784      3.299 0.0000e+00
      3.323     -0.112   402.5350     7.3350     67.800 1.0890e+01     15.709     25.718  18.808830     3.8062     2.3180    11.1674   999.6172      4.726      3.258 0.0000e+00
      3.287     -0.094   402.8525     7.3432     67.938 1.1097e+01     15.709     25.768  18.835118     3.8635     2.2675    11.2249   999.6112      4.671      3.220 0.0000e+00
      3.260     -0.070   402.8852     7.3300     68.015 1.1225e+01     15.709     25.865  18.908626     3.9569     2.2300    11.4246   999.5899      4.630      3.192 0.0000e+00
      3.245     -0.045   402.6726     7.3482     68.256 1.1260e+01     15.707     25.860  18.936737     4.0014     2.1739    11.5817   999.5730      4.608      3.177 0.0000e+00
      3.245     -0.021   402.5184     7.3840     68.841 1.1220e+01     15.703     25.779  18.921421     4.0009     2.1041    11.5828   999.5729      4.612      3.180 0.0000e+00
