Data/DataNotYetUploadedToEDI/Raw_CTD/RawDownloads/050321_bvr50.cnv
* Sea-Bird SBE19plus  Data File:
* FileName = C:\R\Reservoirs\Data\DataNotYetUploadedToEDI\Raw_CTD\RawDownloads\050321_bvr50_0001.hex
* Software version 2.8.0.119
* Temperature SN = 7809
* Conductivity SN = 7809
* System UpLoad Time = May 03 2021 14:11:15
* <ApplicationData>
* <Seaterm232>
# nquan = 16
# nvalues = 2526                        
# units = specified
# name 0 = depFM: Depth [fresh water, m]
# name 1 = dz/dtM: Descent Rate [m/s]
# name 2 = orp: Oxidation Reduction Potential [mV]
# name 3 = sbeox0Mg/L: Oxygen, SBE 43 [mg/l]
# name 4 = sbeox0PS: Oxygen, SBE 43 [% saturation]
# name 5 = par/sat/log: PAR/Logarithmic, Satlantic
# name 6 = ph: pH
# name 7 = specc: Specific Conductance [uS/cm]
# name 8 = c0uS/cm: Conductivity [uS/cm]
# name 9 = flECO-AFL: Fluorescence, WET Labs ECO-AFL/FL [mg/m^3]
# name 10 = turbWETntu0: Turbidity, WET Labs ECO [NTU]
# name 11 = tv290C: Temperature [ITS-90, deg C]
# name 12 = density00: Density [density, kg/m^3]
# name 13 = prdE: Pressure, Strain Gauge [psi]
# name 14 = prdM: Pressure, Strain Gauge [db]
# name 15 = flag:  0.000e+00
# span 0 =     -0.798,     10.358       
# span 1 =     -0.315,      0.197       
# span 2 =  -366.2201,  1240.2295       
# span 3 =     1.4092,     9.1080       
# span 4 =     12.119,     91.776       
# span 5 = 1.2349e-01, 2.3643e+02       
# span 6 =     15.427,     15.815       
# span 7 =      1.625,     32.603       
# span 8 =   1.331171,  23.695334       
# span 9 =    -1.0235,     5.4187       
# span 10 =    -0.2465,    44.0671      
# span 11 =     8.4165,    19.8161      
# span 12 =   998.2475,   999.8858      
# span 13 =     -1.135,     14.732      
# span 14 =     -0.782,     10.158      
# span 15 = 0.0000e+00, 0.0000e+00      
# interval = seconds: 0.25
# start_time = May 02 2021 21:11:54 [Instrument's time stamp, header]
# bad_flag = -9.990e-29
*END*
[from data line 814]
      4.137      0.015   392.1579     8.4404     78.802 5.4565e+00     15.726     25.659  19.004204     4.5379     2.0727    12.3050   999.4951      5.885      4.058 0.0000e+00
      4.140      0.016   392.2511     8.4526     78.743 5.4494e+00     15.725     25.626  18.983453     4.7246     2.1040    12.2493   999.5017      5.889      4.061 0.0000e+00
      4.141      0.017   392.3055     8.4697     78.627 5.4448e+00     15.724     25.581  18.963749     5.0887     2.1722    12.1472   999.5137      5.889      4.061 0.0000e+00
      4.142      0.019   392.2994     8.4875     78.314 5.4360e+00     15.724     25.566  18.956203     5.2880     2.1772    12.0605   999.5236      5.890      4.061 0.0000e+00
      4.147      0.022   392.3490     8.4911     77.883 5.4124e+00     15.725     25.578  18.955632     5.3022     2.1288    12.0085   999.5296      5.897      4.066 0.0000e+00
      4.155      0.025   392.4755     8.4781     77.454 5.3837e+00     15.725     25.591  18.956829     5.2901     2.1371    12.0256   999.5276      5.910      4.075 0.0000e+00
      4.165      0.026   392.5385     8.4723     77.086 5.3527e+00     15.725     25.602  18.970662     5.2658     2.1747    12.0765   999.5219      5.925      4.085 0.0000e+00
      4.173      0.026   392.5082     8.4261     76.828 5.3154e+00     15.725     25.619  18.996073     5.2468     2.1708    12.0815   999.5213      5.937      4.093 0.0000e+00
      4.180      0.025   392.5397     8.3825     76.659 5.2875e+00     15.725     25.629  19.010467     5.2422     2.1247    12.0506   999.5249      5.946      4.100 0.0000e+00
      4.185      0.022   392.6604     8.3420     76.546 5.2650e+00     15.724     25.635  19.017887     5.2386     2.0981    12.0186   999.5286      5.954      4.105 0.0000e+00
      4.189      0.018   392.7624     8.2929     76.445 5.2422e+00     15.723     25.634  19.022383     5.2404     2.1240    12.0393   999.5263      5.960      4.109 0.0000e+00
      4.193      0.017   392.7406     8.2625     76.369 5.2372e+00     15.722     25.596  19.001430     5.2549     2.1625    12.0797   999.5217      5.964      4.112 0.0000e+00
      4.198      0.017   392.6557     8.2400     76.329 5.2328e+00     15.722     25.534  18.954781     5.2509     2.1516    12.0906   999.5204      5.971      4.117 0.0000e+00
      4.202      0.018   392.6814     8.2342     76.324 5.2063e+00     15.723     25.485  18.902196     5.2118     2.0947    12.0867   999.5208      5.976      4.120 0.0000e+00
      4.205      0.020   392.7934     8.2180     76.305 5.1804e+00     15.726     25.500  18.872864     5.0585     2.0931    12.0979   999.5196      5.980      4.123 0.0000e+00
      4.210      0.023   392.8914     8.2054     76.178 5.1634e+00     15.729     25.550  18.853703     4.8085     2.0971    12.1226   999.5168      5.987      4.128 0.0000e+00
      4.217      0.025   393.0068     8.2015     75.947 5.1409e+00     15.732     25.539  18.797266     4.6695     2.0412    12.1229   999.5168      5.996      4.134 0.0000e+00
      4.225      0.025   393.1553     8.2041     75.632 5.1121e+00     15.734     25.540  18.761091     4.6358     2.0357    12.1027   999.5191      6.010      4.143 0.0000e+00
      4.233      0.024   393.3101     8.2261     75.228 5.0831e+00     15.736     25.629  18.796716     4.5543     2.1669    12.0187   999.5288      6.022      4.152 0.0000e+00
      4.240      0.022   393.4162     8.2349     74.796 5.0542e+00     15.737     25.719  18.847527     4.4467     2.3574    11.8808   999.5444      6.031      4.158 0.0000e+00
      4.245      0.017   393.4061     8.2249     74.358 5.0387e+00     15.737     25.743  18.868181     4.4036     2.4161    11.7911   999.5545      6.040      4.163 0.0000e+00
      4.249      0.013   393.4457     8.2074     73.887 5.0435e+00     15.736     25.702  18.856233     4.3953     2.3619    11.7238   999.5620      6.043      4.166 0.0000e+00
      4.251      0.011   393.5517     8.1704     73.416 5.0458e+00     15.734     25.634  18.829901     4.3943     2.3534    11.6555   999.5696      6.045      4.168 0.0000e+00
      4.251      0.011   393.5687     8.1289     72.974 5.0390e+00     15.733     25.581  18.803451     4.4094     2.3834    11.6243   999.5730      6.046      4.169 0.0000e+00
      4.252      0.013   393.6510     8.0832     72.587 5.0204e+00     15.733     25.567  18.790070     4.4065     2.3809    11.6329   999.5720      6.047      4.169 0.0000e+00
      4.255      0.018   393.7724     8.0214     72.295 4.9924e+00     15.734     25.587  18.794910     4.3982     2.3569    11.6730   999.5676      6.050      4.172 0.0000e+00
      4.260      0.024   393.7460     7.9581     72.089 4.9723e+00     15.734     25.607  18.798560     4.4895     2.3689    11.7346   999.5609      6.057      4.177 0.0000e+00
      4.268      0.031   393.6755     7.9049     71.948 4.9367e+00     15.736     25.594  18.770779     4.6716     2.3880    11.7672   999.5573      6.071      4.185 0.0000e+00
      4.278      0.036   393.6950     7.8631     71.870 4.8848e+00     15.739     25.557  18.712617     4.7886     2.3823    11.7426   999.5601      6.084      4.195 0.0000e+00
      4.288      0.038   393.8093     7.8369     71.790 4.8432e+00     15.741     25.551  18.665948     4.8066     2.3686    11.7240   999.5622      6.097      4.204 0.0000e+00
      4.301      0.038   393.9390     7.8183     71.576 4.7862e+00     15.743     25.584  18.650304     4.7651     2.3596    11.7105   999.5637      6.118      4.218 0.0000e+00
      4.313      0.036   393.9726     7.8075     71.205 4.7196e+00     15.744     25.621  18.650226     4.6684     2.3764    11.6763   999.5676      6.138      4.231 0.0000e+00
      4.322      0.031   393.9580     7.8114     70.786 4.6807e+00     15.745     25.664  18.664984     4.5630     2.3999    11.6190   999.5738      6.149      4.240 0.0000e+00
      4.328      0.026   394.0209     7.8272     70.391 4.6603e+00     15.745     25.730  18.701916     4.5203     2.4034    11.5214   999.5844      6.155      4.243 0.0000e+00
      4.333      0.021   394.1302     7.8225     70.064 4.6422e+00     15.746     25.765  18.716312     4.5145     2.3848    11.4349   999.5937      6.162      4.249 0.0000e+00
      4.338      0.016   394.1615     7.7808     69.743 4.6234e+00     15.747     25.770  18.712225     4.4737     2.3808    11.3856   999.5991      6.171      4.254 0.0000e+00
      4.341      0.013   394.1413     7.7415     69.345 4.6096e+00     15.747     25.778  18.715893     4.4184     2.4234    11.3592   999.6019      6.174      4.257 0.0000e+00
      4.343      0.011   394.1442     7.6960     68.951 4.6019e+00     15.746     25.743  18.697257     4.3894     2.4542    11.3407   999.6039      6.177      4.259 0.0000e+00
      4.345      0.010   394.1965     7.6676     68.653 4.5953e+00     15.745     25.699  18.677126     4.3802     2.4097    11.3179   999.6063      6.181      4.261 0.0000e+00
      4.347      0.010   394.2574     7.6441     68.487 4.5907e+00     15.745     25.664  18.662718     4.3745     2.3661    11.2998   999.6082      6.183      4.263 0.0000e+00
      4.350      0.011   394.2773     7.5930     68.438 4.5864e+00     15.745     25.637  18.649878     4.3581     2.3726    11.2920   999.6091      6.187      4.266 0.0000e+00
      4.352      0.013   394.3513     7.5452     68.420 4.5724e+00     15.746     25.639  18.648702     4.3444     2.3866    11.3084   999.6073      6.190      4.268 0.0000e+00
      4.355      0.015   394.4640     7.5059     68.356 4.5426e+00     15.746     25.654  18.648482     4.3431     2.3973    11.3364   999.6043      6.193      4.271 0.0000e+00
      4.359      0.015   394.5220     7.4842     68.289 4.5113e+00     15.746     25.661  18.647216     4.3986     2.3648    11.3587   999.6021      6.199      4.274 0.0000e+00
      4.365      0.015   394.5364     7.4787     68.232 4.4946e+00     15.746     25.637  18.633381     4.5195     2.3373    11.3777   999.6001      6.208      4.280 0.0000e+00
      4.371      0.016   394.5519     7.4842     68.172 4.4871e+00     15.746     25.601  18.608019     4.5938     2.3735    11.3726   999.6005      6.218      4.287 0.0000e+00
      4.374      0.017   394.5368     7.4775     68.136 4.4756e+00     15.747     25.601  18.594195     4.6011     2.3908    11.3379   999.6043      6.222      4.290 0.0000e+00
      4.376      0.019   394.5263     7.4726     68.062 4.4559e+00     15.749     25.639  18.593025     4.6551     2.3747    11.3210   999.6061      6.224      4.291 0.0000e+00
      4.380      0.022   394.5969     7.4677     67.892 4.4287e+00     15.750     25.689  18.593849     4.7797     2.3846    11.3405   999.6040      6.228      4.294 0.0000e+00
      4.385      0.027   394.7880     7.4517     67.630 4.4069e+00     15.753     25.750  18.604122     4.8579     2.4073    11.3521   999.6029      6.236      4.300 0.0000e+00
      4.394      0.031   395.1164     7.4597     67.304 4.3821e+00     15.755     25.770  18.590386     4.8664     2.4088    11.3241   999.6058      6.248      4.308 0.0000e+00
      4.404      0.033   395.4703     7.4640     66.985 4.3344e+00     15.756     25.750  18.554546     4.8435     2.3687    11.2612   999.6125      6.263      4.318 0.0000e+00
      4.415      0.033   395.7115     7.4568     66.708 4.2901e+00     15.756     25.767  18.551196     4.6768     2.3346    11.1858   999.6204      6.280      4.330 0.0000e+00
      4.425      0.031   395.7951     7.4408     66.421 4.2739e+00     15.756     25.782  18.549854     4.3962     2.3744    11.1187   999.6274      6.294      4.341 0.0000e+00
      4.432      0.028   395.8794     7.4087     66.025 4.2683e+00     15.756     25.779  18.538309     4.2352     2.4030    11.0635   999.6331      6.304      4.347 0.0000e+00
      4.437      0.024   395.9563     7.3807     65.565 4.2595e+00     15.757     25.790  18.538404     4.1894     2.3709    11.0205   999.6375      6.312      4.352 0.0000e+00
      4.441      0.020   395.8646     7.3558     65.160 4.2467e+00     15.758     25.817  18.550998     4.1289     2.3295    10.9905   999.6406      6.317      4.356 0.0000e+00
      4.446      0.018   395.8028     7.3353     64.802 4.2285e+00     15.759     25.844  18.563766     4.0572     2.2807    10.9703   999.6426      6.324      4.360 0.0000e+00
      4.450      0.016   395.8970     7.2924     64.489 4.2150e+00     15.759     25.855  18.565956     4.0284     2.2270    10.9542   999.6442      6.330      4.365 0.0000e+00
      4.454      0.015   395.9713     7.2338     64.220 4.2080e+00     15.759     25.876  18.577475     4.0288     2.1606    10.9388   999.6458      6.335      4.368 0.0000e+00
      4.458      0.013   396.0127     7.1972     63.959 4.2059e+00     15.759     25.875  18.576227     4.0422     2.0958    10.9248   999.6472      6.341      4.372 0.0000e+00
      4.462      0.012   396.0532     7.1584     63.754 4.2104e+00     15.760     25.836  18.550876     4.0766     2.0958    10.9118   999.6486      6.346      4.375 0.0000e+00
      4.465      0.010   396.0314     7.1235     63.624 4.2140e+00     15.760     25.797  18.524571     4.0915     2.1267    10.9007   999.6497      6.351      4.379 0.0000e+00
      4.467      0.008   396.0934     7.1014     63.518 4.2125e+00     15.759     25.777  18.511803     4.0787     2.1264    10.8915   999.6506      6.354      4.381 0.0000e+00
      4.468      0.007   396.1999     7.0671     63.454 4.2053e+00     15.759     25.791  18.523312     4.0459     2.1945    10.8908   999.6506      6.355      4.381 0.0000e+00
      4.469      0.006   396.1152     7.0420     63.457 4.2006e+00     15.758     25.808  18.536917     3.9994     2.3320    10.8986   999.6499      6.357      4.383 0.0000e+00
      4.470      0.005   396.0157     7.0323     63.474 4.2031e+00     15.758     25.824  18.549493     3.9658     2.4160    10.9025   999.6495      6.358      4.384 0.0000e+00
      4.472      0.004   396.0296     7.0176     63.474 4.2010e+00     15.759     25.824  18.548558     3.9540     2.4200    10.9045   999.6492      6.361      4.386 0.0000e+00
      4.474      0.003   396.0246     7.0077     63.496 4.1953e+00     15.759     25.797  18.525605     3.9520     2.3470    10.9073   999.6490      6.363      4.387 0.0000e+00
      4.474      0.003   395.9552     7.0116     63.517 4.1975e+00     15.759     25.804  18.525599     3.9515     2.3230    10.9092   999.6489      6.363      4.387 0.0000e+00
      4.474      0.004   395.8783     7.0152     63.508 4.2050e+00     15.758     25.840  18.548475     3.9573     2.4040    10.9134   999.6484      6.363      4.387 0.0000e+00
      4.474      0.005   395.9555     7.0106     63.494 4.2109e+00     15.758     25.843  18.548571     3.9643     2.4344    10.9139   999.6484      6.362      4.387 0.0000e+00
      4.475      0.006   396.1140     7.0165     63.473 4.2064e+00     15.758     25.813  18.526751     3.9608     2.3809    10.9045   999.6494      6.363      4.387 0.0000e+00
      4.477      0.008   396.1605     7.0242     63.494 4.1904e+00     15.758     25.828  18.538279     3.9431     2.3747    10.8938   999.6504      6.367      4.390 0.0000e+00
      4.480      0.010   396.1737     7.0191     63.553 4.1753e+00     15.759     25.853  18.561145     3.9216     2.4288    10.8862   999.6512      6.373      4.394 0.0000e+00
      4.483      0.012   396.1868     7.0221     63.566 4.1648e+00     15.759     25.828  18.549606     3.9113     2.4513    10.8840   999.6514      6.376      4.396 0.0000e+00
      4.486      0.015   396.2334     7.0160     63.575 4.1596e+00     15.759     25.784  18.525577     3.9048     2.4064    10.8831   999.6515      6.380      4.399 0.0000e+00
      4.489      0.017   396.3926     7.0151     63.553 4.1610e+00     15.759     25.774  18.524240     3.8898     2.3663    10.8835   999.6514      6.384      4.401 0.0000e+00
      4.493      0.019   396.5631     7.0316     63.445 4.1451e+00     15.759     25.786  18.533454     3.8827     2.4125    10.8929   999.6506      6.389      4.405 0.0000e+00
      4.499      0.021   396.6610     7.0214     63.318 4.1123e+00     15.759     25.763  18.510171     3.8952     2.4495    10.9061   999.6494      6.399      4.412 0.0000e+00
      4.506      0.022   396.7150     7.0229     63.185 4.0838e+00     15.759     25.761  18.496338     3.8889     2.4361    10.9236   999.6475      6.409      4.419 0.0000e+00
      4.513      0.022   396.7855     7.0251     63.071 4.0592e+00     15.760     25.772  18.492994     3.7778     2.4578    10.9368   999.6462      6.419      4.424 0.0000e+00
      4.518      0.021   396.8245     7.0026     62.977 4.0500e+00     15.760     25.746  18.469730     3.6003     2.4713    10.9390   999.6461      6.426      4.430 0.0000e+00
      4.523      0.020   396.7571     6.9957     62.848 4.0486e+00     15.759     25.744  18.468664     3.5069     2.4276    10.9282   999.6471      6.432      4.434 0.0000e+00
      4.528      0.018   396.7452     6.9825     62.718 4.0408e+00     15.759     25.758  18.480104     3.4881     2.3753    10.8965   999.6503      6.439      4.439 0.0000e+00
      4.533      0.016   396.8529     6.9731     62.619 4.0358e+00     15.759     25.760  18.481257     3.4111     2.3890    10.8673   999.6533      6.449      4.446 0.0000e+00
      4.537      0.014   396.9419     6.9706     62.539 4.0307e+00     15.758     25.759  18.482600     3.2819     2.5236    10.8622   999.6538      6.454      4.450 0.0000e+00
      4.540      0.011   396.9604     6.9497     62.438 4.0241e+00     15.757     25.762  18.496337     3.2230     2.6638    10.8686   999.6532      6.457      4.451 0.0000e+00
      4.542      0.008   396.9037     6.9352     62.308 4.0236e+00     15.757     25.773  18.520555     3.2147     2.6768    10.8709   999.6529      6.461      4.456 0.0000e+00
