Data/DataNotYetUploadedToEDI/Raw_CTD/RawDownloads/050423_ccr50_S8188004.cnv
* Sea-Bird SBE19plus  Data File:
* FileName = C:\R\Reservoirs\Data\DataNotYetUploadedToEDI\Raw_CTD\RawDownloads\042423_bvr50_S8188_0004.hex
* Software version 2.8.0.119
* Temperature SN = 8188
* Conductivity SN = 8188
* System UpLoad Time = May 11 2023 10:39:06
* <ApplicationData>
* <Seaterm232>
# nquan = 16
# nvalues = 1744                        
# units = specified
# name 0 = depFM: Depth [fresh water, m]
# name 1 = dz/dtM: Descent Rate [m/s]
# name 2 = sbeox0Mg/L: Oxygen, SBE 43 [mg/l]
# name 3 = sbeox0PS: Oxygen, SBE 43 [% saturation]
# name 4 = specc: Specific Conductance [uS/cm]
# name 5 = c0uS/cm: Conductivity [uS/cm]
# name 6 = wetCDOM: Fluorescence, WET Labs CDOM [mg/m^3]
# name 7 = flECO-AFL: Fluorescence, WET Labs ECO-AFL/FL [mg/m^3]
# name 8 = flECO-AFL1: Fluorescence, WET Labs ECO-AFL/FL, 2 [mg/m^3]
# name 9 = flECO-AFL2: Fluorescence, WET Labs ECO-AFL/FL, 3 [mg/m^3]
# name 10 = par/sat/log: PAR/Logarithmic, Satlantic
# name 11 = turbWETntu0: Turbidity, WET Labs ECO [NTU]
# name 12 = prdM: Pressure, Strain Gauge [db]
# name 13 = prdE: Pressure, Strain Gauge [psi]
# name 14 = tv290C: Temperature [ITS-90, deg C]
# name 15 = flag:  0.000e+00
# span 0 =     -0.482,     21.645       
# span 1 =     -0.484,      0.158       
# span 2 =     4.7742,    10.4472       
# span 3 =     42.297,    104.764       
# span 4 =      8.943,     88.155       
# span 5 =   7.747790,  66.500312       
# span 6 =     0.0000,     9.3600       
# span 7 =    -0.1498,     4.8971       
# span 8 =    -0.2556,     6.3474       
# span 9 =    -0.4230,    13.0284       
# span 10 = 1.1585e-01, 7.5580e+02      
# span 11 =    -0.5136,    90.5089      
# span 12 =     -0.473,     21.227      
# span 13 =     -0.686,     30.787      
# span 14 =     9.9869,    20.1949      
# span 15 = 0.0000e+00, 0.0000e+00      
# interval = seconds: 0.25
# start_time = May 04 2023 14:38:08 [Instrument's time stamp, header]
# bad_flag = -9.990e-29
*END*
[from data line 543]
      7.903      0.082     8.8724     86.659     77.249  60.604865     3.0600     0.9793     0.0852     0.1692 3.2723e+00     2.5376      7.750     11.240    14.2260 0.0000e+00
      7.924      0.083     8.8769     86.659     77.234  60.592907     3.0600     0.9870     0.0426     0.1692 3.1564e+00     2.4323      7.771     11.271    14.2257 0.0000e+00
      7.946      0.084     8.8811     86.647     77.229  60.588897     3.0600     0.9641     0.0426     0.1692 3.1653e+00     2.4925      7.793     11.302    14.2252 0.0000e+00
      7.968      0.083     8.8840     86.623     77.237  60.595734     3.0600     1.0251     0.0426     0.1692 3.0812e+00     2.5225      7.814     11.334    14.2244 0.0000e+00
      7.990      0.082     8.8854     86.590     77.251  60.607308     3.0600     1.0022     0.0426     0.1692 3.0691e+00     2.5376      7.835     11.364    14.2237 0.0000e+00
      8.011      0.081     8.8854     86.557     77.264  60.618773     3.0600     1.0137     0.0852     0.2538 3.0149e+00     2.4624      7.856     11.393    14.2233 0.0000e+00
      8.031      0.080     8.8842     86.531     77.271  60.625256     3.0600     1.0137     0.0852     0.2538 3.0221e+00     2.5977      7.875     11.422    14.2233 0.0000e+00
      8.051      0.079     8.8817     86.511     77.269  60.624518     3.0600     1.0251     0.0852     0.2538 2.9720e+00     2.5225      7.895     11.451    14.2237 0.0000e+00
      8.070      0.079     8.8781     86.497     77.269  60.624296     3.0600     1.0442     0.0852     0.2538 2.9444e+00     2.4925      7.914     11.479    14.2243 0.0000e+00
      8.090      0.079     8.8747     86.494     77.277  60.630478     3.0600     1.0366     0.0852     0.2115 2.9100e+00     2.5075      7.934     11.507    14.2251 0.0000e+00
      8.110      0.079     8.8719     86.506     77.276  60.628850     3.0600     1.0671     0.0852     0.2115 2.8400e+00     2.4323      7.953     11.536    14.2258 0.0000e+00
      8.130      0.079     8.8697     86.537     77.265  60.618977     3.0600     1.0556     0.0852     0.2115 2.8437e+00     2.2670      7.973     11.564    14.2263 0.0000e+00
      8.151      0.079     8.8683     86.580     77.263  60.616073     3.0600     1.0175     0.0852     0.2115 2.7966e+00     2.2670      7.993     11.593    14.2263 0.0000e+00
      8.171      0.079     8.8680     86.623     77.264  60.615397     3.0600     1.0060     0.0852     0.2115 2.7436e+00     2.2370      8.013     11.622    14.2258 0.0000e+00
      8.192      0.079     8.8694     86.664     77.264  60.614786     3.0600     1.0251     0.0852     0.2538 2.7252e+00     2.2670      8.033     11.651    14.2252 0.0000e+00
      8.212      0.079     8.8727     86.699     77.273  60.620028     3.0600     0.9870     0.0852     0.2538 2.6741e+00     2.4925      8.053     11.680    14.2244 0.0000e+00
      8.233      0.079     8.8772     86.716     77.283  60.626569     3.0600     0.9832     0.0852     0.2538 2.6332e+00     2.4774      8.073     11.709    14.2237 0.0000e+00
      8.253      0.079     8.8818     86.711     77.284  60.624257     3.0600     0.9679     0.0852     0.2538 2.5963e+00     2.5526      8.093     11.738    14.2229 0.0000e+00
      8.272      0.079     8.8861     86.684     77.277  60.612475     3.0600     0.9565     0.0852     0.2538 2.6172e+00     2.5225      8.112     11.766    14.2222 0.0000e+00
      8.292      0.080     8.8899     86.639     77.262  60.590064     3.0600     1.0251     0.0852     0.2538 2.5895e+00     2.5225      8.131     11.793    14.2214 0.0000e+00
      8.312      0.082     8.8919     86.581     77.225  60.541134     3.0600     1.0289     0.0852     0.2538 2.5615e+00     2.5526      8.151     11.822    14.2202 0.0000e+00
      8.332      0.084     8.8918     86.507     77.160  60.456601     3.0600     1.0518     0.0852     0.2538 2.5587e+00     2.4925      8.171     11.851    14.2181 0.0000e+00
      8.354      0.087     8.8897     86.402     77.074  60.333753     3.0600     1.0137     0.0852     0.3384 2.5114e+00     2.5977      8.192     11.882    14.2141 0.0000e+00
      8.377      0.091     8.8865     86.247     76.983  60.173543     3.0600     0.9641     0.0852     0.3384 2.4590e+00     2.7931      8.215     11.914    14.2071 0.0000e+00
      8.401      0.094     8.8830     86.008     76.927  60.006612     3.0600     0.9679     0.0852     0.3384 2.3565e+00     2.7179      8.238     11.948    14.1945 0.0000e+00
      8.425      0.097     8.8796     85.643     76.944  59.877674     3.0600     0.9755     0.0852     0.3384 2.3432e+00     2.6578      8.262     11.984    14.1729 0.0000e+00
      8.451      0.098     8.8758     85.131     77.015  59.795962     3.0600     0.9526     0.0852     0.3384 2.3199e+00     2.7630      8.287     12.020    14.1365 0.0000e+00
      8.476      0.099     8.8710     84.483     77.088  59.737697     3.0600     0.8687     0.0852     0.2115 2.2469e+00     2.9133      8.312     12.056    14.0789 0.0000e+00
      8.502      0.098     8.8619     83.728     77.150  59.691302     3.0600     0.8267     0.0852     0.2115 2.2015e+00     2.9133      8.338     12.093    13.9990 0.0000e+00
      8.528      0.097     8.8420     82.913     77.203  59.654319     3.0600     0.8573     0.0852     0.2115 2.1547e+00     2.9434      8.363     12.129    13.9069 0.0000e+00
      8.552      0.096     8.8062     82.099     77.237  59.616882     3.0600     0.8649     0.0852     0.2115 2.1622e+00     2.8832      8.387     12.164    13.8184 0.0000e+00
      8.576      0.094     8.7536     81.352     77.263  59.578921     3.1500     0.8725     0.0852     0.1692 2.1355e+00     2.8832      8.410     12.198    13.7435 0.0000e+00
      8.599      0.092     8.6872     80.718     77.294  59.548159     3.1500     0.8573     0.0852     0.1692 2.1065e+00     2.9434      8.433     12.231    13.6822 0.0000e+00
      8.623      0.090     8.6121     80.216     77.336  59.532253     3.1500     0.8649     0.0852     0.1692 2.0532e+00     2.9283      8.456     12.265    13.6319 0.0000e+00
      8.646      0.088     8.5355     79.854     77.376  59.526959     3.1500     0.8191     0.0852     0.1692 2.0416e+00     2.9283      8.479     12.298    13.5902 0.0000e+00
      8.669      0.086     8.4649     79.629     77.392  59.515000     3.2400     0.8649     0.0852     0.2538 1.9895e+00     2.9734      8.502     12.330    13.5529 0.0000e+00
      8.691      0.084     8.4056     79.530     77.387  59.493189     3.2400     0.8496     0.0852     0.2538 1.9637e+00     2.9283      8.523     12.361    13.5173 0.0000e+00
      8.711      0.083     8.3592     79.535     77.376  59.467605     3.2400     0.8458     0.0852     0.2538 1.9421e+00     2.9133      8.543     12.390    13.4863 0.0000e+00
      8.732      0.082     8.3258     79.625     77.359  59.435392     3.2400     0.8420     0.0852     0.2538 1.9578e+00     2.8832      8.563     12.419    13.4631 0.0000e+00
      8.752      0.083     8.3053     79.774     77.333  59.391926     3.2400     0.8420     0.0852     0.2538 1.9412e+00     2.9434      8.582     12.447    13.4472 0.0000e+00
      8.772      0.085     8.2972     79.945     77.305  59.345442     3.2400     0.8496     0.0852     0.2538 1.9036e+00     2.8832      8.602     12.477    13.4354 0.0000e+00
      8.794      0.087     8.2998     80.108     77.295  59.315271     3.2400     0.8649     0.0852     0.2538 1.8843e+00     2.9885      8.624     12.508    13.4245 0.0000e+00
      8.817      0.088     8.3115     80.253     77.306  59.305262     3.2400     0.8306     0.0852     0.2538 1.8502e+00     2.9434      8.646     12.540    13.4119 0.0000e+00
      8.840      0.090     8.3299     80.374     77.319  59.300849     3.2400     0.8191     0.0852     0.2538 1.8156e+00     2.9133      8.669     12.574    13.3967 0.0000e+00
      8.864      0.090     8.3507     80.469     77.319  59.288958     3.2400     0.8306     0.0852     0.2538 1.7463e+00     2.9434      8.693     12.607    13.3806 0.0000e+00
      8.887      0.089     8.3705     80.545     77.311  59.274349     3.2400     0.8573     0.0852     0.2538 1.7452e+00     2.8832      8.715     12.640    13.3661 0.0000e+00
      8.910      0.087     8.3878     80.619     77.313  59.268988     3.2400     0.8496     0.0852     0.2538 1.7166e+00     2.9283      8.738     12.673    13.3541 0.0000e+00
      8.932      0.084     8.4022     80.707     77.317  59.267480     3.2400     0.8611     0.0852     0.2538 1.6797e+00     2.8231      8.759     12.704    13.3448 0.0000e+00
      8.953      0.081     8.4135     80.816     77.319  59.265458     3.2400     0.8306     0.0852     0.2538 1.6522e+00     2.8081      8.780     12.734    13.3375 0.0000e+00
      8.974      0.077     8.4225     80.941     77.324  59.266347     3.2400     0.8229     0.0852     0.2538 1.6493e+00     3.0185      8.800     12.763    13.3316 0.0000e+00
      8.993      0.074     8.4311     81.071     77.327  59.266419     3.2400     0.8496     0.0852     0.2538 1.6468e+00     2.8231      8.819     12.791    13.3272 0.0000e+00
      9.011      0.071     8.4409     81.199     77.319  59.257762     3.2400     0.8458     0.0852     0.2538 1.6124e+00     3.0035      8.837     12.817    13.3241 0.0000e+00
      9.028      0.069     8.4527     81.313     77.292  59.234100     3.2400     0.8420     0.0852     0.2115 1.6170e+00     3.0185      8.854     12.841    13.3219 0.0000e+00
      9.045      0.069     8.4661     81.391     77.254  59.201023     3.2400     0.8802     0.0852     0.2115 1.6079e+00     2.8832      8.870     12.865    13.3202 0.0000e+00
      9.061      0.069     8.4799     81.421     77.222  59.169536     3.2400     0.8420     0.0852     0.2115 1.6124e+00     2.8532      8.886     12.888    13.3188 0.0000e+00
      9.079      0.070     8.4936     81.404     77.191  59.135211     3.2400     0.8458     0.0852     0.2115 1.5662e+00     3.1989      8.903     12.913    13.3173 0.0000e+00
      9.097      0.072     8.5058     81.351     77.146  59.084928     3.2400     0.8496     0.0852     0.1692 1.5587e+00     3.1388      8.921     12.939    13.3155 0.0000e+00
      9.116      0.073     8.5145     81.271     77.092  59.019157     3.2400     0.8420     0.0852     0.1692 1.5553e+00     3.1087      8.940     12.966    13.3128 0.0000e+00
      9.135      0.074     8.5185     81.174     77.058  58.956050     3.2400     0.8573     0.0852     0.1692 1.4957e+00     3.1538      8.959     12.993    13.3085 0.0000e+00
      9.154      0.075     8.5180     81.060     77.079  58.920419     3.2400     0.7581     0.0852     0.1692 1.4837e+00     3.4845      8.977     13.021    13.3017 0.0000e+00
      9.174      0.076     8.5144     80.923     77.178  58.926554     3.2400     0.7581     0.0852     0.1692 1.4680e+00     3.3943      8.996     13.048    13.2912 0.0000e+00
      9.193      0.077     8.5090     80.745     77.354  58.968159     3.2400     0.7962     0.1278     0.2538 1.4641e+00     3.3792      9.016     13.076    13.2754 0.0000e+00
      9.213      0.078     8.5033     80.490     77.599  59.036496     3.2400     0.7924     0.1278     0.2538 1.4622e+00     3.3342      9.035     13.104    13.2519 0.0000e+00
      9.233      0.078     8.4976     80.127     77.924  59.145819     3.2400     0.8000     0.1278     0.2538 1.4212e+00     3.4093      9.055     13.133    13.2188 0.0000e+00
      9.253      0.079     8.4916     79.643     78.353  59.317344     3.2400     0.8077     0.1278     0.2538 1.3900e+00     3.4544      9.074     13.162    13.1743 0.0000e+00
      9.274      0.079     8.4840     79.031     78.889  59.555165     3.2400     0.7733     0.1278     0.2538 1.3552e+00     3.4394      9.094     13.190    13.1147 0.0000e+00
      9.294      0.078     8.4714     78.286     79.487  59.821570     3.2400     0.8000     0.1278     0.2538 1.3446e+00     3.3642      9.114     13.219    13.0392 0.0000e+00
      9.314      0.078     8.4495     77.414     80.050  60.040855     3.2400     0.7428     0.1278     0.2538 1.3590e+00     2.6879      9.133     13.247    12.9516 0.0000e+00
      9.334      0.077     8.4165     76.450     80.509  60.182257     3.2400     0.7161     0.1278     0.2538 1.3385e+00     2.6578      9.153     13.275    12.8543 0.0000e+00
      9.353      0.075     8.3715     75.462     80.847  60.265625     3.2400     0.7352     0.1278     0.2115 1.2989e+00     2.7029      9.172     13.304    12.7484 0.0000e+00
      9.373      0.073     8.3140     74.529     81.057  60.301283     3.2400     0.7390     0.1278     0.2115 1.2262e+00     2.7630      9.191     13.331    12.6322 0.0000e+00
      9.392      0.070     8.2449     73.717     81.164  60.306671     3.2400     0.6970     0.1278     0.2115 1.2682e+00     2.2971      9.210     13.358    12.5044 0.0000e+00
      9.409      0.067     8.1656     73.075     81.212  60.303052     3.2400     0.6818     0.1278     0.2115 1.2586e+00     2.1919      9.227     13.383    12.3776 0.0000e+00
      9.426      0.064     8.0796     72.641     81.211  60.285498     3.0600     0.6856     0.0852     0.1692 1.2597e+00     2.2219      9.244     13.407    12.2716 0.0000e+00
      9.442      0.061     7.9936     72.436     81.173  60.257259     3.0600     0.6703     0.0852     0.1692 1.2440e+00     2.2971      9.259     13.429    12.1963 0.0000e+00
      9.457      0.059     7.9151     72.452     81.148  60.248481     3.0600     0.6551     0.0852     0.1692 1.2442e+00     1.9063      9.274     13.451    12.1497 0.0000e+00
      9.471      0.058     7.8508     72.649     81.192  60.288553     3.0600     0.6703     0.0852     0.1692 1.1851e+00     1.9063      9.288     13.471    12.1250 0.0000e+00
      9.485      0.057     7.8062     72.958     81.334  60.376267     3.0600     0.6856     0.0852     0.1692 1.1861e+00     2.0416      9.301     13.491    12.1146 0.0000e+00
      9.499      0.058     7.7843     73.293     81.563  60.479491     2.9700     0.6627     0.0852     0.2538 1.1949e+00     1.9063      9.315     13.511    12.1143 0.0000e+00
      9.514      0.059     7.7850     73.582     81.859  60.570228     2.9700     0.6589     0.0852     0.2538 1.1655e+00     2.0265      9.330     13.532    12.1206 0.0000e+00
      9.529      0.061     7.8055     73.765     82.182  60.633007     2.9700     0.6856     0.0852     0.2538 1.1761e+00     2.0416      9.344     13.553    12.1252 0.0000e+00
      9.545      0.064     7.8406     73.797     82.459  60.654814     2.9700     0.6551     0.0852     0.2538 1.1576e+00     2.0716      9.360     13.576    12.1148 0.0000e+00
      9.562      0.066     7.8840     73.670     82.656  60.639472     2.9700     0.6742     0.0852     0.2538 1.1382e+00     1.9514      9.377     13.600    12.0744 0.0000e+00
      9.579      0.069     7.9292     73.413     82.808  60.614612     2.9700     0.6131     0.0852     0.2538 1.1411e+00     1.6808      9.394     13.624    11.9959 0.0000e+00
      9.597      0.071     7.9683     73.060     82.960  60.595417     2.9700     0.6093     0.0852     0.2538 1.1431e+00     1.7560      9.411     13.650    11.8893 0.0000e+00
      9.615      0.074     7.9918     72.647     83.118  60.572799     2.9700     0.6017     0.0852     0.2538 1.1137e+00     1.7560      9.429     13.675    11.7781 0.0000e+00
      9.634      0.077     7.9957     72.210     83.262  60.536755     2.8800     0.6017     0.0852     0.1269 1.1144e+00     1.7259      9.447     13.702    11.6808 0.0000e+00
      9.653      0.080     7.9827     71.783     83.383  60.493533     2.8800     0.6208     0.0852     0.1269 1.0580e+00     1.8462      9.467     13.730    11.5983 0.0000e+00
      9.674      0.083     7.9586     71.393     83.484  60.455396     2.8800     0.6208     0.0852     0.1269 1.0756e+00     1.7410      9.487     13.760    11.5191 0.0000e+00
