Data/DataNotYetUploadedToEDI/Raw_CTD/RawDownloads/050423_ccr50_S8188004.cnv
* Sea-Bird SBE19plus  Data File:
* FileName = C:\R\Reservoirs\Data\DataNotYetUploadedToEDI\Raw_CTD\RawDownloads\042423_bvr50_S8188_0004.hex
* Software version 2.8.0.119
* Temperature SN = 8188
* Conductivity SN = 8188
* System UpLoad Time = May 11 2023 10:39:06
* <ApplicationData>
* <Seaterm232>
# nquan = 16
# nvalues = 1744                        
# units = specified
# name 0 = depFM: Depth [fresh water, m]
# name 1 = dz/dtM: Descent Rate [m/s]
# name 2 = sbeox0Mg/L: Oxygen, SBE 43 [mg/l]
# name 3 = sbeox0PS: Oxygen, SBE 43 [% saturation]
# name 4 = specc: Specific Conductance [uS/cm]
# name 5 = c0uS/cm: Conductivity [uS/cm]
# name 6 = wetCDOM: Fluorescence, WET Labs CDOM [mg/m^3]
# name 7 = flECO-AFL: Fluorescence, WET Labs ECO-AFL/FL [mg/m^3]
# name 8 = flECO-AFL1: Fluorescence, WET Labs ECO-AFL/FL, 2 [mg/m^3]
# name 9 = flECO-AFL2: Fluorescence, WET Labs ECO-AFL/FL, 3 [mg/m^3]
# name 10 = par/sat/log: PAR/Logarithmic, Satlantic
# name 11 = turbWETntu0: Turbidity, WET Labs ECO [NTU]
# name 12 = prdM: Pressure, Strain Gauge [db]
# name 13 = prdE: Pressure, Strain Gauge [psi]
# name 14 = tv290C: Temperature [ITS-90, deg C]
# name 15 = flag:  0.000e+00
# span 0 =     -0.482,     21.645       
# span 1 =     -0.484,      0.158       
# span 2 =     4.7742,    10.4472       
# span 3 =     42.297,    104.764       
# span 4 =      8.943,     88.155       
# span 5 =   7.747790,  66.500312       
# span 6 =     0.0000,     9.3600       
# span 7 =    -0.1498,     4.8971       
# span 8 =    -0.2556,     6.3474       
# span 9 =    -0.4230,    13.0284       
# span 10 = 1.1585e-01, 7.5580e+02      
# span 11 =    -0.5136,    90.5089      
# span 12 =     -0.473,     21.227      
# span 13 =     -0.686,     30.787      
# span 14 =     9.9869,    20.1949      
# span 15 = 0.0000e+00, 0.0000e+00      
# interval = seconds: 0.25
# start_time = May 04 2023 14:38:08 [Instrument's time stamp, header]
# bad_flag = -9.990e-29
*END*
[from data line 1718]
     -0.398     -0.092     8.7054     83.300     74.527  60.394147     3.0600     0.4834     0.1278     0.1269 4.3154e+02     2.0115     -0.390     -0.566    15.5262 0.0000e+00
     -0.417     -0.073     8.5828     83.030     71.563  57.989020     3.0600    -0.1231     0.1278     0.1269 4.4700e+02     0.3582     -0.409     -0.593    15.5229 0.0000e+00
     -0.431     -0.057     8.4654     83.063     66.635  53.993235     3.0600    -0.1079     0.1278     0.1269 4.3739e+02     0.3582     -0.423     -0.614    15.5196 0.0000e+00
     -0.443     -0.044     8.3690     83.264     58.528  47.422562     3.0600    -0.1155     0.1278     0.1269 3.3575e+02     0.3582     -0.434     -0.630    15.5165 0.0000e+00
     -0.452     -0.035     8.3059     83.496     47.986  38.879094     0.0000    -0.1269     0.0426     0.0000 2.5993e+02     0.3281     -0.443     -0.642    15.5138 0.0000e+00
     -0.458     -0.027     8.2796     83.655     38.743  31.388427     0.0000    -0.1269     0.0426     0.0000 2.0192e+02    -0.5136     -0.450     -0.652    15.5113 0.0000e+00
     -0.464     -0.021     8.2833     83.683     32.054  25.968110     0.0000    -0.1155     0.0426     0.0000 1.8544e+02    -0.4084     -0.455     -0.660    15.5090 0.0000e+00
     -0.468     -0.016     8.3039     83.571     26.668  21.604010     0.0000    -0.1346     0.0426     0.0000 1.5793e+02    -0.3482     -0.459     -0.665    15.5068 0.0000e+00
     -0.471     -0.013     8.3277     83.358     23.528  19.059729     0.0000    -0.1384    -0.2556    -0.2115 1.2631e+02    -0.3783     -0.462     -0.670    15.5047 0.0000e+00
     -0.474     -0.010     8.3441     83.110     23.303  18.875894     0.0000    -0.1269    -0.2556    -0.2115 1.2727e+02    -0.3933     -0.465     -0.674    15.5027 0.0000e+00
     -0.476     -0.008     8.3473     82.897     24.753  20.049926     0.0000    -0.1422    -0.2556    -0.2115 1.4309e+02    -0.3031     -0.467     -0.676    15.5009 0.0000e+00
     -0.477     -0.006     8.3365     82.762     25.845  20.933672     0.0000    -0.1002    -0.2556    -0.2115 1.5561e+02    -0.4534     -0.468     -0.678    15.4994 0.0000e+00
     -0.478     -0.005     8.3156     82.713     24.705  20.009085     0.0000    -0.1155    -0.0426    -0.1269 1.8295e+02    -0.4534     -0.469     -0.680    15.4980 0.0000e+00
     -0.479     -0.004     8.2912     82.740     21.797  17.653241     0.0000    -0.1155    -0.0426    -0.1269 2.0480e+02    -0.4234     -0.470     -0.681    15.4966 0.0000e+00
     -0.480     -0.003     8.2701     82.823     18.913  15.316092     0.0000    -0.1231    -0.0426    -0.1269 2.1112e+02    -0.4084     -0.471     -0.682    15.4950 0.0000e+00
     -0.480     -0.003     8.2569     82.947     17.248  13.967192     0.0000    -0.1498    -0.0426    -0.1269 1.8117e+02    -0.4685     -0.471     -0.683    15.4932 0.0000e+00
     -0.481     -0.002     8.2525     83.100     16.834  13.630611     0.0000    -0.1155    -0.0426    -0.1269 2.8969e+02    -0.4084     -0.472     -0.684    15.4910 0.0000e+00
     -0.481     -0.002     8.2557     83.276     16.369  13.253144     0.0000    -0.1498     0.0000     0.1269 3.0086e+02    -0.1528     -0.472     -0.684    15.4884 0.0000e+00
     -0.482     -0.002     8.2646     83.462     14.973  12.122833     0.0000    -0.1231     0.0000     0.1269 2.3985e+02    -0.1979     -0.472     -0.685    15.4854 0.0000e+00
     -0.482     -0.001     8.2776     83.637     13.197  10.684119     0.0000    -0.1308     0.0000     0.1269 2.5556e+02    -0.2430     -0.473     -0.685    15.4824 0.0000e+00
     -0.482     -0.001     8.2933     83.772     11.848   9.591933     0.0000    -0.1002     0.0000     0.1269 2.3803e+02    -0.1979     -0.473     -0.686    15.4798 0.0000e+00
     -0.482     -0.001     8.3112     83.825     11.349   9.187964     0.0000    -0.1117    -0.0852     0.0423 2.0609e+02    -0.1228     -0.473     -0.686    15.4775 0.0000e+00
     -0.482 -9.990e-29     8.3302 -9.990e-29 -9.990e-29 -9.990e-29     0.0000 -9.990e-29    -0.0852     0.0423 1.9271e+02 -9.990e-29     -0.473     -0.686    15.4755 0.0000e+00
     -0.482 -9.990e-29     8.3480 -9.990e-29 -9.990e-29 -9.990e-29     0.0000 -9.990e-29    -0.0852     0.0423 1.7674e+02 -9.990e-29     -0.473     -0.686    15.4738 0.0000e+00
     -0.482 -9.990e-29     8.3617 -9.990e-29 -9.990e-29 -9.990e-29     0.0000 -9.990e-29    -0.0852     0.0423 1.8511e+02 -9.990e-29     -0.473     -0.686    15.4725 0.0000e+00
     -0.482 -9.990e-29     8.3671 -9.990e-29 -9.990e-29 -9.990e-29     0.0000 -9.990e-29     0.0000    -0.0846 1.7732e+02 -9.990e-29     -0.473     -0.686    15.4720 0.0000e+00
