Data/DataNotYetUploadedToEDI/Raw_CTD/RawDownloads/050423_ccr50_S8188004.cnv
* Sea-Bird SBE19plus  Data File:
* FileName = C:\R\Reservoirs\Data\DataNotYetUploadedToEDI\Raw_CTD\RawDownloads\042423_bvr50_S8188_0004.hex
* Software version 2.8.0.119
* Temperature SN = 8188
* Conductivity SN = 8188
* System UpLoad Time = May 11 2023 10:39:06
* <ApplicationData>
* <Seaterm232>
# nquan = 16
# nvalues = 1744                        
# units = specified
# name 0 = depFM: Depth [fresh water, m]
# name 1 = dz/dtM: Descent Rate [m/s]
# name 2 = sbeox0Mg/L: Oxygen, SBE 43 [mg/l]
# name 3 = sbeox0PS: Oxygen, SBE 43 [% saturation]
# name 4 = specc: Specific Conductance [uS/cm]
# name 5 = c0uS/cm: Conductivity [uS/cm]
# name 6 = wetCDOM: Fluorescence, WET Labs CDOM [mg/m^3]
# name 7 = flECO-AFL: Fluorescence, WET Labs ECO-AFL/FL [mg/m^3]
# name 8 = flECO-AFL1: Fluorescence, WET Labs ECO-AFL/FL, 2 [mg/m^3]
# name 9 = flECO-AFL2: Fluorescence, WET Labs ECO-AFL/FL, 3 [mg/m^3]
# name 10 = par/sat/log: PAR/Logarithmic, Satlantic
# name 11 = turbWETntu0: Turbidity, WET Labs ECO [NTU]
# name 12 = prdM: Pressure, Strain Gauge [db]
# name 13 = prdE: Pressure, Strain Gauge [psi]
# name 14 = tv290C: Temperature [ITS-90, deg C]
# name 15 = flag:  0.000e+00
# span 0 =     -0.482,     21.645       
# span 1 =     -0.484,      0.158       
# span 2 =     4.7742,    10.4472       
# span 3 =     42.297,    104.764       
# span 4 =      8.943,     88.155       
# span 5 =   7.747790,  66.500312       
# span 6 =     0.0000,     9.3600       
# span 7 =    -0.1498,     4.8971       
# span 8 =    -0.2556,     6.3474       
# span 9 =    -0.4230,    13.0284       
# span 10 = 1.1585e-01, 7.5580e+02      
# span 11 =    -0.5136,    90.5089      
# span 12 =     -0.473,     21.227      
# span 13 =     -0.686,     30.787      
# span 14 =     9.9869,    20.1949      
# span 15 = 0.0000e+00, 0.0000e+00      
# interval = seconds: 0.25
# start_time = May 04 2023 14:38:08 [Instrument's time stamp, header]
# bad_flag = -9.990e-29
*END*
[from data line 814]
     14.323      0.068     8.0985     72.046     84.171  59.423829     2.8800     0.2965     0.0426     0.0846 1.1605e-01     1.0045     14.046     20.372    10.2981 0.0000e+00
     14.341      0.067     8.0869     72.051     84.156  59.412551     2.8800     0.2584     0.0426     0.0846 1.1605e-01     1.0496     14.063     20.397    10.2978 0.0000e+00
     14.358      0.067     8.0797     72.076     84.150  59.407553     2.8800     0.2851     0.0426     0.0846 1.1617e-01     1.0195     14.080     20.421    10.2974 0.0000e+00
     14.375      0.067     8.0756     72.114     84.151  59.407503     2.8800     0.2851     0.0000     0.1269 1.1628e-01     1.0195     14.097     20.446    10.2971 0.0000e+00
     14.392      0.067     8.0740     72.159     84.164  59.416353     2.8800     0.2507     0.0000     0.1269 1.1625e-01     1.0195     14.114     20.470    10.2967 0.0000e+00
     14.409      0.067     8.0747     72.207     84.177  59.424566     2.8800     0.3003     0.0000     0.1269 1.1623e-01     0.9894     14.130     20.494    10.2964 0.0000e+00
     14.426      0.067     8.0775     72.257     84.180  59.426401     2.8800     0.3423     0.0000     0.1269 1.1617e-01     1.0496     14.147     20.518    10.2960 0.0000e+00
     14.442      0.067     8.0819     72.312     84.187  59.430279     2.8800     0.3156     0.0426     0.1269 1.1623e-01     1.0045     14.164     20.542    10.2956 0.0000e+00
     14.459      0.068     8.0871     72.368     84.192  59.433267     2.8800     0.3041     0.0426     0.1269 1.1600e-01     0.9744     14.180     20.566    10.2953 0.0000e+00
     14.476      0.068     8.0924     72.424     84.191  59.432196     2.8800     0.3156     0.0426     0.1269 1.1625e-01     0.9744     14.197     20.590    10.2949 0.0000e+00
     14.494      0.068     8.0982     72.481     84.190  59.430747     2.8800     0.3079     0.0426     0.1269 1.1612e-01     1.0496     14.214     20.615    10.2946 0.0000e+00
     14.512      0.068     8.1043     72.541     84.187  59.428533     2.8800     0.3079     0.0426     0.1269 1.1605e-01     1.0345     14.232     20.641    10.2943 0.0000e+00
     14.530      0.067     8.1106     72.607     84.182  59.424963     2.8800     0.3118     0.0426     0.0846 1.1612e-01     1.0345     14.249     20.667    10.2940 0.0000e+00
     14.547      0.066     8.1170     72.678     84.174  59.419086     2.8800     0.3041     0.0426     0.0846 1.1602e-01     0.9744     14.266     20.691    10.2936 0.0000e+00
     14.563      0.065     8.1235     72.753     84.166  59.413301     2.8800     0.3079     0.0426     0.0846 1.1612e-01     1.0045     14.282     20.714    10.2932 0.0000e+00
     14.579      0.065     8.1302     72.826     84.163  59.410031     2.8800     0.3270     0.0426     0.0846 1.1610e-01     1.0796     14.297     20.736    10.2930 0.0000e+00
     14.595      0.067     8.1376     72.888     84.162  59.408403     2.8800     0.3232     0.0852     0.0846 1.1605e-01     1.0496     14.312     20.758    10.2930 0.0000e+00
     14.611      0.069     8.1456     72.936     84.163  59.407983     2.8800     0.3270     0.0852     0.0846 1.1617e-01     1.3051     14.329     20.782    10.2929 0.0000e+00
     14.629      0.072     8.1540     72.975     84.166  59.408660     2.8800     0.2927     0.0852     0.0846 1.1612e-01     1.3051     14.347     20.808    10.2927 0.0000e+00
     14.649      0.075     8.1623     73.012     84.171  59.410613     2.8800     0.2889     0.0852     0.0846 1.1617e-01     1.2149     14.365     20.835    10.2922 0.0000e+00
     14.668      0.078     8.1694     73.045     84.177  59.414365     2.8800     0.3346     0.0426     0.1269 1.1617e-01     1.2450     14.385     20.863    10.2915 0.0000e+00
     14.689      0.081     8.1749     73.077     84.183  59.416948     2.8800     0.2851     0.0426     0.1269 1.1617e-01     1.0345     14.405     20.893    10.2907 0.0000e+00
     14.710      0.084     8.1795     73.108     84.182  59.415085     2.8800     0.3232     0.0426     0.1269 1.1610e-01     0.9293     14.425     20.922    10.2899 0.0000e+00
     14.731      0.086     8.1837     73.144     84.181  59.412247     2.8800     0.2851     0.0426     0.1269 1.1633e-01     1.0045     14.447     20.953    10.2892 0.0000e+00
     14.754      0.087     8.1876     73.185     84.188  59.415608     2.8800     0.3423     0.0426     0.1269 1.1610e-01     1.0195     14.469     20.985    10.2886 0.0000e+00
     14.777      0.088     8.1912     73.225     84.200  59.422097     2.8800     0.3194     0.0426     0.1269 1.1615e-01     0.9894     14.491     21.018    10.2879 0.0000e+00
     14.800      0.089     8.1950     73.256     84.201  59.421548     2.8800     0.3041     0.0426     0.1269 1.1620e-01     1.0496     14.514     21.051    10.2870 0.0000e+00
     14.823      0.090     8.1992     73.273     84.198  59.417781     2.8800     0.3423     0.0426     0.1269 1.1600e-01     1.0045     14.536     21.083    10.2860 0.0000e+00
     14.844      0.091     8.2039     73.275     84.201  59.417723     2.8800     0.3156     0.0426     0.1269 1.1633e-01     1.0045     14.557     21.114    10.2850 0.0000e+00
     14.867      0.093     8.2086     73.262     84.210  59.421357     2.8800     0.3156     0.0000     0.1269 1.1628e-01     1.3502     14.579     21.146    10.2840 0.0000e+00
     14.891      0.096     8.2123     73.232     84.220  59.425686     2.8800     0.3194     0.0000     0.1269 1.1615e-01     1.3201     14.603     21.180    10.2831 0.0000e+00
     14.917      0.098     8.2144     73.179     84.215  59.419968     2.8800     0.3232     0.0000     0.1269 1.1625e-01     1.2299     14.628     21.216    10.2820 0.0000e+00
     14.943      0.099     8.2149     73.105     84.193  59.402678     2.8800     0.3041     0.0000     0.1269 1.1623e-01     1.3201     14.654     21.254    10.2806 0.0000e+00
     14.969      0.100     8.2137     73.015     84.182  59.392999     2.8800     0.3079     0.0426     0.0846 1.1612e-01     1.0796     14.680     21.291    10.2791 0.0000e+00
     14.995      0.101     8.2106     72.917     84.195  59.400249     2.8800     0.3194     0.0426     0.0846 1.1617e-01     1.0496     14.705     21.327    10.2777 0.0000e+00
     15.020      0.101     8.2050     72.819     84.217  59.414463     2.8800     0.3156     0.0426     0.0846 1.1600e-01     1.0796     14.729     21.363    10.2763 0.0000e+00
     15.045      0.100     8.1968     72.726     84.232  59.423567     2.8800     0.3079     0.0426     0.0846 1.1623e-01     1.0345     14.754     21.398    10.2752 0.0000e+00
     15.071      0.100     8.1870     72.640     84.231  59.422059     2.8800     0.3423     0.0426     0.0846 1.1612e-01     1.0345     14.779     21.435    10.2742 0.0000e+00
     15.097      0.099     8.1762     72.565     84.226  59.417467     2.8800     0.3003     0.0426     0.0846 1.1605e-01     1.0045     14.805     21.472    10.2732 0.0000e+00
     15.123      0.098     8.1653     72.507     84.226  59.416498     2.8800     0.3232     0.0426     0.0846 1.1605e-01     0.9894     14.830     21.509    10.2723 0.0000e+00
     15.148      0.097     8.1550     72.471     84.225  59.414929     2.8800     0.2927     0.0426     0.0846 1.1612e-01     1.0796     14.855     21.545    10.2715 0.0000e+00
     15.172      0.096     8.1456     72.454     84.217  59.408375     2.8800     0.3156     0.0426     0.1692 1.1620e-01     1.1398     14.878     21.579    10.2707 0.0000e+00
     15.195      0.095     8.1372     72.447     84.204  59.399053     2.8800     0.3079     0.0426     0.1692 1.1612e-01     1.0045     14.901     21.612    10.2701 0.0000e+00
     15.218      0.096     8.1308     72.447     84.196  59.392410     2.8800     0.2889     0.0426     0.1692 1.1610e-01     1.1097     14.924     21.646    10.2696 0.0000e+00
     15.242      0.097     8.1269     72.459     84.200  59.394606     2.8800     0.3003     0.0426     0.1692 1.1605e-01     1.0796     14.948     21.680    10.2692 0.0000e+00
     15.268      0.099     8.1251     72.489     84.212  59.402261     2.8800     0.3003     0.0426     0.1692 1.1617e-01     1.4253     14.972     21.716    10.2688 0.0000e+00
     15.293      0.101     8.1243     72.540     84.212  59.401552     2.8800     0.3003     0.0426     0.0846 1.1615e-01     1.5756     14.998     21.752    10.2685 0.0000e+00
     15.319      0.103     8.1245     72.600     84.194  59.388325     2.8800     0.3079     0.0426     0.0846 1.1592e-01     1.4854     15.023     21.789    10.2681 0.0000e+00
     15.346      0.104     8.1259     72.659     84.176  59.374916     2.8800     0.3232     0.0426     0.0846 1.1605e-01     1.4253     15.049     21.827    10.2677 0.0000e+00
     15.372      0.105     8.1294     72.718     84.176  59.373611     2.8800     0.2431     0.0426     0.0846 1.1602e-01     0.9894     15.075     21.865    10.2672 0.0000e+00
     15.400      0.106     8.1351     72.783     84.186  59.380098     2.8800     0.2622     0.0000     0.2538 1.1620e-01     0.8842     15.102     21.904    10.2668 0.0000e+00
     15.427      0.107     8.1420     72.853     84.193  59.384208     2.8800     0.2393     0.0000     0.2538 1.1620e-01     0.9143     15.129     21.943    10.2662 0.0000e+00
     15.454      0.109     8.1486     72.922     84.198  59.387037     2.8800     0.2545     0.0000     0.2538 1.1625e-01     1.1247     15.156     21.981    10.2657 0.0000e+00
     15.482      0.111     8.1554     72.990     84.208  59.393306     2.8800     0.2393     0.0000     0.2538 1.1605e-01     1.3201     15.183     22.020    10.2652 0.0000e+00
     15.510      0.113     8.1628     73.056     84.219  59.400721     2.8800     0.2355     0.0426     0.0423 1.1610e-01     1.2600     15.210     22.060    10.2648 0.0000e+00
     15.539      0.115     8.1706     73.117     84.224  59.403327     2.8800     0.2507     0.0426     0.0423 1.1617e-01     1.2750     15.239     22.102    10.2644 0.0000e+00
     15.569      0.116     8.1784     73.170     84.223  59.401818     2.8800     0.2545     0.0426     0.0423 1.1605e-01     1.3051     15.268     22.145    10.2640 0.0000e+00
     15.600      0.117     8.1862     73.204     84.221  59.399758     2.8800     0.2507     0.0426     0.0423 1.1617e-01     1.2600     15.298     22.188    10.2635 0.0000e+00
     15.630      0.118     8.1937     73.218     84.217  59.396599     2.8800     0.2431     0.0426     0.1269 1.1610e-01     1.1999     15.328     22.232    10.2630 0.0000e+00
     15.660      0.119     8.2007     73.223     84.216  59.395463     2.8800     0.2431     0.0426     0.1269 1.1623e-01     1.1698     15.357     22.274    10.2626 0.0000e+00
     15.690      0.119     8.2066     73.222     84.212  59.392082     2.8800     0.2355     0.0426     0.1269 1.1597e-01     1.2299     15.387     22.317    10.2621 0.0000e+00
     15.720      0.119     8.2105     73.210     84.198  59.381587     2.8800     0.2660     0.0426     0.1269 1.1612e-01     0.9143     15.416     22.359    10.2618 0.0000e+00
     15.751      0.119     8.2122     73.189     84.186  59.373077     2.8800     0.2507     0.0426     0.1269 1.1610e-01     1.0045     15.446     22.403    10.2615 0.0000e+00
     15.782      0.117     8.2128     73.164     84.186  59.372216     2.8800     0.2431     0.0426     0.0846 1.1610e-01     1.0646     15.477     22.447    10.2612 0.0000e+00
     15.813      0.115     8.2127     73.138     84.190  59.374808     2.8800     0.2431     0.0426     0.0846 1.1612e-01     1.1097     15.507     22.491    10.2610 0.0000e+00
     15.843      0.111     8.2115     73.104     84.195  59.377578     2.8800     0.2507     0.0426     0.0846 1.1617e-01     1.0345     15.536     22.534    10.2607 0.0000e+00
     15.870      0.107     8.2091     73.062     84.201  59.381263     2.8800     0.2545     0.0426     0.0846 1.1615e-01     1.0496     15.564     22.574    10.2604 0.0000e+00
     15.896      0.103     8.2064     73.023     84.204  59.382882     2.8800     0.2431     0.0000     0.2115 1.1607e-01     1.0045     15.589     22.611    10.2601 0.0000e+00
     15.921      0.100     8.2035     73.003     84.205  59.382866     2.8800     0.2660     0.0000     0.2115 1.1617e-01     1.0345     15.613     22.646    10.2598 0.0000e+00
     15.945      0.097     8.1998     73.010     84.209  59.385176     2.8800     0.2507     0.0000     0.2115 1.1612e-01     1.2299     15.637     22.680    10.2594 0.0000e+00
     15.969      0.096     8.1951     73.041     84.217  59.390428     2.8800     0.2660     0.0000     0.2115 1.1617e-01     1.2901     15.661     22.714    10.2591 0.0000e+00
     15.994      0.096     8.1908     73.089     84.225  59.396058     2.8800     0.2431     0.0426     0.1269 1.1605e-01     1.2299     15.685     22.749    10.2588 0.0000e+00
     16.018      0.097     8.1887     73.150     84.220  59.391668     2.8800     0.2584     0.0426     0.1269 1.1628e-01     1.2299     15.709     22.784    10.2584 0.0000e+00
     16.043      0.098     8.1895     73.220     84.204  59.380054     2.8800     0.2584     0.0426     0.1269 1.1623e-01     1.2600     15.733     22.819    10.2582 0.0000e+00
     16.068      0.099     8.1930     73.287     84.203  59.377947     2.8800     0.2431     0.0426     0.1269 1.1623e-01     1.3652     15.757     22.854    10.2580 0.0000e+00
     16.093      0.101     8.1985     73.337     84.214  59.384787     2.8800     0.2469     0.0426     0.1269 1.1612e-01     1.2600     15.782     22.890    10.2578 0.0000e+00
     16.119      0.102     8.2053     73.359     84.219  59.386534     2.8800     0.2660     0.0426     0.1269 1.1610e-01     1.3201     15.807     22.926    10.2576 0.0000e+00
     16.145      0.104     8.2132     73.347     84.211  59.379687     2.8800     0.2469     0.0426     0.1269 1.1623e-01     1.2750     15.833     22.964    10.2571 0.0000e+00
     16.172      0.105     8.2209     73.298     84.206  59.374319     2.8800     0.2431     0.0426     0.1269 1.1617e-01     1.3502     15.859     23.002    10.2565 0.0000e+00
     16.200      0.107     8.2267     73.213     84.211  59.376928     2.8800     0.2584     0.0426     0.1269 1.1625e-01     1.2299     15.886     23.041    10.2556 0.0000e+00
     16.227      0.107     8.2293     73.103     84.224  59.384246     2.8800     0.2202     0.0426     0.0846 1.1615e-01     1.1698     15.913     23.080    10.2548 0.0000e+00
     16.255      0.107     8.2280     72.983     84.234  59.390291     2.8800     0.2584     0.0426     0.0846 1.1610e-01     1.0496     15.940     23.119    10.2539 0.0000e+00
     16.282      0.107     8.2227     72.871     84.239  59.392711     2.8800     0.2736     0.0426     0.0846 1.1628e-01     1.0646     15.967     23.158    10.2531 0.0000e+00
     16.309      0.108     8.2134     72.786     84.241  59.392149     2.8800     0.2431     0.0426     0.0846 1.1630e-01     1.0045     15.994     23.197    10.2522 0.0000e+00
     16.336      0.108     8.2012     72.737     84.243  59.392423     2.8800     0.2355     0.0426     0.0846 1.1612e-01     0.9744     16.020     23.235    10.2514 0.0000e+00
     16.363      0.109     8.1879     72.719     84.247  59.393604     2.8800     0.2431     0.0426     0.0846 1.1617e-01     1.2299     16.047     23.274    10.2506 0.0000e+00
     16.391      0.110     8.1755     72.722     84.248  59.392041     2.8800     0.2507     0.0426     0.0846 1.1617e-01     1.2149     16.074     23.313    10.2499 0.0000e+00
     16.419      0.111     8.1661     72.730     84.249  59.391285     2.8800     0.2622     0.0426     0.0846 1.1602e-01     1.2450     16.102     23.354    10.2491 0.0000e+00
     16.449      0.112     8.1607     72.730     84.251  59.391133     2.8800     0.2584     0.0426     0.1269 1.1625e-01     1.3351     16.130     23.395    10.2481 0.0000e+00
