Data/DataNotYetUploadedToEDI/Raw_CTD/RawDownloads/050522_bvr40_0004.cnv
* Sea-Bird SBE19plus  Data File:
* FileName = C:\R\Reservoirs\Data\DataNotYetUploadedToEDI\Raw_CTD\RawDownloads\050922_bvr50_0004.hex
* Software version 2.8.0.119
* Temperature SN = 7809
* Conductivity SN = 7809
* System UpLoad Time = May 09 2022 16:22:19
* <ApplicationData>
* <Seaterm232>
# nquan = 15
# nvalues = 1318                        
# units = specified
# name 0 = depFM: Depth [fresh water, m]
# name 1 = dz/dtM: Descent Rate [m/s]
# name 2 = sbeox0Mg/L: Oxygen, SBE 43 [mg/l]
# name 3 = sbeox0PS: Oxygen, SBE 43 [% saturation]
# name 4 = specc: Specific Conductance [uS/cm]
# name 5 = c0uS/cm: Conductivity [uS/cm]
# name 6 = flECO-AFL: Fluorescence, WET Labs ECO-AFL/FL [mg/m^3]
# name 7 = ph: pH
# name 8 = orp: Oxidation Reduction Potential [mV]
# name 9 = par/sat/log: PAR/Logarithmic, Satlantic
# name 10 = turbWETntu0: Turbidity, WET Labs ECO [NTU]
# name 11 = prdM: Pressure, Strain Gauge [db]
# name 12 = prdE: Pressure, Strain Gauge [psi]
# name 13 = tv290C: Temperature [ITS-90, deg C]
# name 14 = flag:  0.000e+00
# span 0 =     -0.730,      4.367       
# span 1 =     -4.239,      0.178       
# span 2 =     3.0831,     9.4397       
# span 3 =     29.159,     96.428       
# span 4 =      1.361,    124.566       
# span 5 =   1.285078,  94.210660       
# span 6 =    -1.0419,    13.0964       
# span 7 =     -2.423,      6.934       
# span 8 = -1240.7455,   807.4529       
# span 9 = 7.9632e-01, 2.3606e+03       
# span 10 =    -4.9600,    34.4292      
# span 11 =     -0.716,      4.284      
# span 12 =     -1.039,      6.214      
# span 13 =    12.0617,    22.2809      
# span 14 = 0.0000e+00, 0.0000e+00      
# interval = seconds: 0.25
# start_time = May 05 2022 08:26:59 [Instrument's time stamp, header]
# bad_flag = -9.990e-29
*END*
[from data line 482]
      0.850      0.034     5.4800     60.060     28.192  25.256162     1.9600      6.711   216.1162 4.2996e+02     1.8466      0.834      1.209    19.8297 0.0000e+00
      0.857      0.032     5.4768     60.086     28.180  25.239126     1.9839      6.712   215.9182 4.2952e+02     1.8325      0.840      1.219    19.8229 0.0000e+00
      0.865      0.032     5.4713     60.089     28.208  25.257552     2.0451      6.714   215.9952 4.2212e+02     1.9088      0.848      1.230    19.8153 0.0000e+00
      0.872      0.035     5.4751     60.119     28.250  25.288812     2.0761      6.715   216.2728 4.1522e+02     1.9493      0.855      1.240    19.8030 0.0000e+00
      0.878      0.042     5.4850     60.146     28.270  25.300189     2.0669      6.715   216.4348 4.0933e+02     1.9120      0.861      1.249    19.7866 0.0000e+00
      0.887      0.050     5.4886     60.111     28.240  25.268339     2.0500      6.715   216.4921 3.9493e+02     1.8680      0.868      1.259    19.7762 0.0000e+00
      0.901      0.057     5.4862     60.016     28.191  25.220606     2.0382      6.713   216.7075 3.7488e+02     1.8959      0.881      1.278    19.7663 0.0000e+00
      0.920      0.062     5.4923     59.923     28.205  25.230078     2.0247      6.709   217.0595 3.5667e+02     1.9078      0.902      1.308    19.7548 0.0000e+00
      0.941      0.064     5.4986     59.885     28.237  25.256101     2.0030      6.704   217.3934 3.4479e+02     1.8413      0.924      1.340    19.7434 0.0000e+00
      0.960      0.060     5.4963     59.875     28.199  25.218349     1.9930      6.698   217.4744 3.3949e+02     1.8081      0.941      1.366    19.7331 0.0000e+00
      0.976      0.052     5.4864     59.874     28.130  25.153885     2.0030      6.693   217.3510 3.3572e+02     1.8480      0.959      1.390    19.7266 0.0000e+00
      0.989      0.042     5.4747     59.939     28.085  25.110451     2.0165      6.690   217.3642 3.3111e+02     1.9139      0.972      1.409    19.7221 0.0000e+00
      0.997      0.032     5.4745     60.158     28.119  25.136831     2.0144      6.689   217.4623 3.2458e+02     1.9215      0.980      1.421    19.7178 0.0000e+00
      1.002      0.027     5.4756     60.521     28.215  25.219325     2.0357      6.690   217.5048 3.1724e+02     1.9063      0.984      1.427    19.7091 0.0000e+00
      1.003      0.025     5.4740     60.887     28.220  25.220583     2.0989      6.691   217.6194 3.1188e+02     1.9352      0.983      1.426    19.7038 0.0000e+00
      1.006      0.025     5.4760     61.159     28.146  25.152040     2.1297      6.693   217.9012 3.0647e+02     1.8956      0.984      1.428    19.7017 0.0000e+00
      1.013      0.027     5.4964     61.419     28.148  25.151105     2.1257      6.694   218.1593 2.9238e+02     1.8365      0.993      1.440    19.6934 0.0000e+00
      1.023      0.031     5.5371     61.783     28.220  25.209283     2.1247      6.694   218.3300 2.7438e+02     1.8692      1.005      1.458    19.6861 0.0000e+00
      1.033      0.032     5.5756     62.173     28.245  25.221678     2.0923      6.693   218.5022 2.6242e+02     1.9161      1.014      1.470    19.6810 0.0000e+00
      1.042      0.029     5.5975     62.403     28.201  25.174197     2.0423      6.691   218.5208 2.5458e+02     1.9587      1.022      1.482    19.6755 0.0000e+00
      1.051      0.023     5.6142     62.426     28.170  25.142211     2.0188      6.691   218.3836 2.4684e+02     1.9757      1.032      1.496    19.6741 0.0000e+00
      1.058      0.015     5.6528     62.373     28.185  25.151823     2.0082      6.693   218.3911 2.3924e+02     1.9164      1.039      1.507    19.6637 0.0000e+00
      1.061      0.009     5.6995     62.340     28.204  25.163655     2.0059      6.695   218.5260 2.3493e+02     1.8901      1.043      1.513    19.6402 0.0000e+00
      1.060      0.005     5.7243     62.283     28.204  25.158506     2.0159      6.698   218.5521 2.3418e+02     1.9318      1.040      1.509    19.6258 0.0000e+00
      1.057      0.005     5.7205     62.198     28.201  25.152932     2.0206      6.700   218.7069 2.3454e+02     1.9420      1.035      1.501    19.6204 0.0000e+00
      1.055      0.008     5.7113     62.162     28.210  25.159636     2.0050      6.701   219.1074 2.3508e+02     1.9109      1.033      1.499    19.6155 0.0000e+00
      1.056      0.014     5.7137     62.199     28.229  25.176190     1.9770      6.703   219.3504 2.3687e+02     1.8972      1.034      1.499    19.6079 0.0000e+00
      1.061      0.020     5.7103     62.289     28.213  25.162949     1.9560      6.705   219.3217 2.4103e+02     1.9129      1.039      1.507    19.5944 0.0000e+00
      1.071      0.025     5.6986     62.419     28.170  25.126292     1.9508      6.705   219.2762 2.4617e+02     1.9304      1.050      1.523    19.5873 0.0000e+00
      1.082      0.027     5.6954     62.607     28.152  25.113239     1.9568      6.707   219.3162 2.5142e+02     1.9378      1.062      1.540    19.5880 0.0000e+00
      1.089      0.028     5.6999     62.898     28.170  25.131885     1.9534      6.710   219.3755 2.5710e+02     1.9001      1.070      1.552    19.5882 0.0000e+00
      1.094      0.028     5.7081     63.299     28.200  25.161618     1.9430      6.711   219.3913 2.6040e+02     1.8497      1.074      1.558    19.5889 0.0000e+00
      1.099      0.028     5.7198     63.732     28.192  25.155843     1.9475      6.713   219.4207 2.6327e+02     1.8756      1.076      1.562    19.5926 0.0000e+00
      1.104      0.029     5.7340     64.156     28.156  25.125445     1.9576      6.716   219.5587 2.6661e+02     1.9061      1.081      1.568    19.5981 0.0000e+00
      1.114      0.032     5.7588     64.603     28.137  25.110965     1.9745      6.718   219.7707 2.6729e+02     1.8767      1.092      1.582    19.6041 0.0000e+00
      1.125      0.034     5.7996     65.073     28.131  25.107528     2.0091      6.719   219.9182 2.6759e+02     1.8960      1.103      1.601    19.6082 0.0000e+00
      1.135      0.035     5.8403     65.480     28.104  25.083896     2.0351      6.721   219.9651 2.7348e+02     1.9676      1.113      1.614    19.6106 0.0000e+00
      1.144      0.035     5.8766     65.788     28.098  25.078751     2.0398      6.723   219.9937 2.8050e+02     1.9911      1.122      1.627    19.6137 0.0000e+00
      1.152      0.034     5.9160     66.035     28.133  25.108692     2.0324      6.726   220.0059 2.8230e+02     1.9412      1.130      1.639    19.6182 0.0000e+00
      1.160      0.032     5.9632     66.195     28.157  25.129015     2.0038      6.727   220.1133 2.8343e+02     1.8771      1.137      1.649    19.6229 0.0000e+00
      1.168      0.032     6.0026     66.218     28.165  25.134340     1.9678      6.727   220.2591 2.8147e+02     1.8986      1.144      1.661    19.6240 0.0000e+00
      1.176      0.031     6.0264     66.098     28.140  25.109691     1.9559      6.728   220.3064 2.7589e+02     1.9625      1.153      1.672    19.6222 0.0000e+00
      1.184      0.030     6.0519     65.869     28.113  25.084506     1.9593      6.728   220.4269 2.7070e+02     1.9669      1.161      1.684    19.6209 0.0000e+00
      1.193      0.028     6.0687     65.604     28.113  25.083330     1.9846      6.729   220.5111 2.6611e+02     1.9510      1.171      1.698    19.6190 0.0000e+00
      1.199      0.025     6.0711     65.335     28.129  25.095475     2.0291      6.730   220.4643 2.6292e+02     1.9410      1.177      1.707    19.6148 0.0000e+00
      1.205      0.022     6.0602     65.042     28.144  25.104588     2.0552      6.730   220.4635 2.5943e+02     1.9149      1.181      1.713    19.6106 0.0000e+00
      1.210      0.020     6.0357     64.710     28.105  25.066758     2.0675      6.732   220.5025 2.5898e+02     1.9087      1.187      1.722    19.6080 0.0000e+00
      1.214      0.018     6.0107     64.371     28.055  25.018342     2.0692      6.734   220.5906 2.6266e+02     1.9000      1.191      1.727    19.6079 0.0000e+00
      1.218      0.017     5.9877     64.097     28.070  25.026210     2.0679      6.736   220.6683 2.6569e+02     1.8777      1.194      1.732    19.6047 0.0000e+00
      1.223      0.017     5.9626     63.892     28.087  25.035117     2.0765      6.737   220.7541 2.7183e+02     1.9124      1.199      1.739    19.5959 0.0000e+00
      1.227      0.017     5.9324     63.688     28.056  24.999272     2.0734      6.738   220.9399 2.7995e+02     1.9436      1.203      1.745    19.5882 0.0000e+00
      1.231      0.018     5.8979     63.463     28.035  24.973069     2.0721      6.738   221.0213 2.8606e+02     1.8800      1.206      1.751    19.5841 0.0000e+00
      1.236      0.019     5.8736     63.258     28.041  24.971802     2.0944      6.738   221.0508 2.9468e+02     1.7920      1.212      1.757    19.5760 0.0000e+00
      1.241      0.020     5.8603     63.110     28.066  24.983938     2.1177      6.739   221.1234 3.0392e+02     1.8022      1.216      1.763    19.5612 0.0000e+00
      1.246      0.020     5.8442     63.020     28.090  24.993042     2.1291      6.739   221.1256 3.1084e+02     1.8668      1.221      1.772    19.5467 0.0000e+00
      1.252      0.019     5.8224     62.943     28.058  24.955099     2.1321      6.739   221.1634 3.1878e+02     1.8550      1.228      1.781    19.5340 0.0000e+00
      1.257      0.017     5.8040     62.834     28.013  24.905428     2.1296      6.739   221.2360 3.2835e+02     1.8306      1.233      1.788    19.5244 0.0000e+00
      1.262      0.015     5.7918     62.748     28.018  24.899487     2.1325      6.739   221.2289 3.3361e+02     1.8806      1.238      1.796    19.5058 0.0000e+00
      1.265      0.012     5.7884     62.735     28.013  24.883250     2.1422      6.740   221.1635 3.3456e+02     1.9120      1.240      1.799    19.4795 0.0000e+00
      1.267      0.009     5.7864     62.745     27.975  24.835840     2.1384      6.741   221.2191 3.3612e+02     1.8685      1.242      1.801    19.4652 0.0000e+00
      1.268      0.007     5.7744     62.748     27.989  24.833265     2.1199      6.741   221.3861 3.3478e+02     1.8334      1.244      1.804    19.4523 0.0000e+00
      1.270      0.005     5.7659     62.785     28.026  24.852093     2.1177      6.742   221.4620 3.3533e+02     1.8629      1.245      1.806    19.4319 0.0000e+00
      1.271      0.004     5.7705     62.829     27.993  24.809955     2.1367      6.743   221.4475 3.3636e+02     1.9176      1.247      1.808    19.4108 0.0000e+00
      1.272      0.003     5.7767     62.828     27.961  24.767405     2.1509      6.744   221.3833 3.2811e+02     1.9140      1.247      1.809    19.3856 0.0000e+00
      1.272      0.002     5.7756     62.803     27.992  24.781245     2.1472      6.747   221.3742 3.1915e+02     1.8526      1.248      1.810    19.3578 0.0000e+00
      1.272      0.001     5.7841     62.743     28.010  24.787141     2.1338      6.749   221.4228 3.1196e+02     1.8247      1.248      1.810    19.3323 0.0000e+00
      1.272      0.001     5.7942     62.618     28.007  24.775305     2.1304      6.749   221.5406 3.0080e+02     1.8512      1.248      1.810    19.3108 0.0000e+00
      1.272      0.001     5.7939     62.445     28.005  24.764882     2.1388      6.749   221.7662 2.9046e+02     1.8994      1.248      1.809    19.2847 0.0000e+00
      1.273      0.001     5.7956     62.239     27.966  24.724480     2.1524      6.749   221.9137 2.8322e+02     1.8948      1.248      1.810    19.2573 0.0000e+00
      1.273      0.001     5.7945     62.018     27.908  24.667062     2.1700      6.750   221.9477 2.7301e+02     1.8300      1.249      1.811    19.2421 0.0000e+00
      1.274      0.001     5.7824     61.841     27.888  24.641022     2.1855      6.751   221.9189 2.5916e+02     1.8335      1.249      1.812    19.2276 0.0000e+00
      1.274      0.001     5.7685     61.735     27.924  24.663126     2.1978      6.751   221.8235 2.4860e+02     1.9028      1.250      1.812    19.2097 0.0000e+00
      1.274      0.001     5.7511     61.670     27.951  24.680806     2.2023      6.752   221.8265 2.4200e+02     1.9168      1.250      1.812    19.1991 0.0000e+00
      1.274      0.002     5.7282     61.630     27.937  24.664651     2.1904      6.755   222.0420 2.3499e+02     1.8657      1.250      1.813    19.1918 0.0000e+00
      1.274      0.002     5.7128     61.632     27.935  24.657925     2.1707      6.756   222.2771 2.2833e+02     1.8307      1.250      1.812    19.1763 0.0000e+00
      1.275      0.002     5.7073     61.666     27.946  24.662851     2.1722      6.756   222.4331 2.2466e+02     1.8697      1.251      1.813    19.1537 0.0000e+00
      1.276      0.002     5.7035     61.707     27.946  24.660830     2.1915      6.757   222.5513 2.2211e+02     1.9282      1.252      1.815    19.1420 0.0000e+00
      1.277      0.001     5.6983     61.732     27.915  24.633486     2.1963      6.758   222.5878 2.1846e+02     1.9224      1.253      1.817    19.1398 0.0000e+00
      1.278      0.000     5.7005     61.728     27.860  24.585739     2.1960      6.758   222.5299 2.1547e+02     1.9016      1.253      1.818    19.1304 0.0000e+00
      1.278     -0.003     5.7058     61.722     27.868  24.590540     2.1967      6.759   222.4538 2.1290e+02     1.9164      1.254      1.818    19.1200 0.0000e+00
      1.277     -0.005     5.7104     61.750     27.916  24.628159     2.1800      6.761   222.3568 2.1047e+02     1.8967      1.253      1.818    19.1159 0.0000e+00
      1.275     -0.005     5.7139     61.788     27.886  24.596941     2.1775      6.764   222.2166 2.0932e+02     1.8672      1.251      1.814    19.1164 0.0000e+00
      1.272     -0.004     5.7118     61.792     27.817  24.529961     2.2074      6.766   222.2211 2.0872e+02     1.9017      1.247      1.809    19.1207 0.0000e+00
      1.269     -0.002     5.7096     61.797     27.812  24.515439     2.2344      6.767   222.4974 2.0807e+02     1.9378      1.244      1.804    19.1164 0.0000e+00
      1.268      0.002     5.7145     61.867     27.859  24.548094     2.2455      6.768   222.8896 2.0726e+02     1.9627      1.243      1.803    19.1055 0.0000e+00
      1.270      0.005     5.7216     61.962     27.862  24.544525     2.2414      6.767   223.0061 2.0664e+02     1.9638      1.245      1.805    19.1005 0.0000e+00
      1.274      0.006     5.7215     62.002     27.787  24.472281     2.2348      6.767   222.7872 2.0618e+02     1.9166      1.249      1.811    19.0905 0.0000e+00
      1.279      0.005     5.7207     62.058     27.759  24.435106     2.2407      6.770   222.5666 2.0593e+02     1.8703      1.255      1.821    19.0668 0.0000e+00
      1.282      0.002     5.7311     62.273     27.821  24.475281     2.2465      6.772   222.5748 2.0623e+02     1.8484      1.259      1.826    19.0481 0.0000e+00
      1.281     -0.000     5.7460     62.632     27.806  24.451001     2.2465      6.773   222.7999 2.0719e+02     1.8567      1.258      1.825    19.0425 0.0000e+00
      1.277     -0.001     5.7470     62.997     27.685  24.331653     2.2395      6.774   222.9658 2.0833e+02     1.8682      1.252      1.815    19.0388 0.0000e+00
      1.272     -0.000     5.7473     63.318     27.670  24.299752     2.2372      6.774   223.0327 2.0817e+02     1.8852      1.246      1.807    19.0120 0.0000e+00
      1.272      0.003     5.7728     63.645     27.715  24.318772     2.2521      6.774   223.0926 2.0673e+02     1.9256      1.247      1.809    18.9759 0.0000e+00
      1.275      0.009     5.8142     63.967     27.655  24.244708     2.2787      6.774   223.0878 2.0484e+02     1.9465      1.251      1.814    18.9667 0.0000e+00
      1.279      0.016     5.8527     64.259     27.587  24.164737     2.3016      6.775   223.0604 2.0305e+02     1.9327      1.254      1.820    18.9433 0.0000e+00
      1.284      0.025     5.8828     64.573     27.548  24.112319     2.3041      6.776   223.1048 2.0148e+02     1.9288      1.259      1.826    18.9027 0.0000e+00
