Data/DataNotYetUploadedToEDI/Raw_CTD/RawDownloads/050525_fcr50_S7809001.cnv
* Sea-Bird SBE19plus  Data File:
* FileName = C:\R\Reservoirs\Data\DataNotYetUploadedToEDI\Raw_CTD\RawDownloads\050525_fcr50_S7809_0001.hex
* Software version 2.8.0.119
* Temperature SN = 7809
* Conductivity SN = 7809
* System UpLoad Time = May 17 2025 19:59:54
* <ApplicationData>
* <Seaterm232>
# nquan = 15
# nvalues = 2210                        
# units = specified
# name 0 = depFM: Depth [fresh water, m]
# name 1 = dz/dtM: Descent Rate [m/s]
# name 2 = sbeox0Mg/L: Oxygen, SBE 43 [mg/l]
# name 3 = sbeox0PS: Oxygen, SBE 43 [% saturation]
# name 4 = specc: Specific Conductance [uS/cm]
# name 5 = c0uS/cm: Conductivity [uS/cm]
# name 6 = flECO-AFL: Fluorescence, WET Labs ECO-AFL/FL [mg/m^3]
# name 7 = ph: pH
# name 8 = orp: Oxidation Reduction Potential [mV]
# name 9 = par/sat/log: PAR/Logarithmic, Satlantic
# name 10 = turbWETntu0: Turbidity, WET Labs ECO [NTU]
# name 11 = prdM: Pressure, Strain Gauge [db]
# name 12 = prdE: Pressure, Strain Gauge [psi]
# name 13 = tv290C: Temperature [ITS-90, deg C]
# name 14 = flag:  0.000e+00
# span 0 =     -0.667,      9.504       
# span 1 =     -0.427,      0.125       
# span 2 =     5.6059,    11.3868       
# span 3 =     60.171,    111.563       
# span 4 =      0.070,     12.916       
# span 5 =   0.063983,   9.570797       
# span 6 =    -0.1466,    11.3578       
# span 7 =     -2.239,      8.512       
# span 8 =     6.5280,  1207.8789       
# span 9 = 1.2357e-01, 9.7429e+02       
# span 10 =     0.0571,   356.0279      
# span 11 =     -0.654,      9.323      
# span 12 =     -0.949,     13.522      
# span 13 =    11.7034,    20.4482      
# span 14 = 0.0000e+00, 0.0000e+00      
# interval = seconds: 0.25
# start_time = May 05 2025 11:49:08 [Instrument's time stamp, header]
# bad_flag = -9.990e-29
*END*
[from data line 1928]
      6.585     -0.298     8.6756     78.140     10.188   7.531160     1.3081      7.725   246.1684 4.8628e-01    11.5856      6.429      9.324    11.9281 0.0000e+00
      6.518     -0.219     8.6007     77.782      9.417   6.961700     1.3060      7.725   247.0333 4.8185e-01    11.5536      6.366      9.233    11.9350 0.0000e+00
      6.515     -0.134     8.5330     77.454      8.563   6.330997     1.3045      7.725   247.7965 4.5019e-01    11.5810      6.383      9.257    11.9437 0.0000e+00
      6.535     -0.076     8.4717     77.147      7.586   5.608262     1.3561      7.726   248.5132 4.4102e-01    11.7809      6.416      9.304    11.9528 0.0000e+00
      6.545     -0.079     8.4259     76.847      5.910   4.368683     1.4061      7.727   249.1600 4.4323e-01    11.9209      6.423      9.315    11.9595 0.0000e+00
      6.542     -0.146     8.3892     76.536      4.831   3.570841     1.4257      7.727   250.0246 4.4699e-01    11.8724      6.417      9.307    11.9619 0.0000e+00
      6.522     -0.247     8.3531     76.234      4.479   3.310536     1.3769      7.727   251.3098 4.6831e-01    11.3318      6.412      9.300    11.9621 0.0000e+00
      6.457     -0.336     8.3209     75.990      4.567   3.375263     1.2653      7.728   252.1371 5.3028e-01    10.3717      6.360      9.224    11.9617 0.0000e+00
      6.325     -0.382     8.2898     75.816      4.948   3.656606     1.2171      7.729   252.1984 6.5633e-01     9.8970      6.221      9.023    11.9594 0.0000e+00
      6.149     -0.382     8.2574     75.723      5.139   3.798116     1.2262      7.730   252.3087 8.2038e-01     9.8282      6.024      8.737    11.9542 0.0000e+00
      5.993     -0.338     8.2213     75.686      4.997   3.692556     1.2265      7.730   252.7817 9.3526e-01     9.4713      5.845      8.477    11.9495 0.0000e+00
      5.911     -0.262     8.1973     75.646      5.193   3.837347     1.2542      7.731   253.2717 9.5574e-01     8.9297      5.768      8.366    11.9481 0.0000e+00
      5.897     -0.173     8.1760     75.525      5.880   4.345081     1.3023      7.732   253.6732 9.3814e-01     8.6418      5.778      8.380    11.9497 0.0000e+00
      5.908     -0.110     8.1670     75.356      6.190   4.573320     1.3086      7.733   254.2805 9.3606e-01     8.5527      5.797      8.409    11.9512 0.0000e+00
      5.913     -0.112     8.1667     75.806      5.585   4.126235     1.2891      7.733   254.7640 9.3016e-01     8.2277      5.800      8.414    11.9495 0.0000e+00
      5.910     -0.183     8.1629     77.882      4.567   3.374025     1.2986      7.733   254.7002 9.2281e-01     7.6837      5.798      8.410    11.9461 0.0000e+00
      5.886     -0.289     8.1599     81.805      3.998   2.953796     1.3079      7.735   254.6282 9.8138e-01     7.3384      5.790      8.399    11.9435 0.0000e+00
      5.806     -0.380     8.1152     86.798      4.024   2.972982     1.2841      7.736   254.9259 1.1550e+00     7.1959      5.725      8.304    11.9417 0.0000e+00
      5.651     -0.427     8.1092     91.902      4.279   3.162569     1.2695      7.736   255.4606 1.4378e+00     7.1559      5.561      8.064    11.9390 0.0000e+00
      5.454     -0.426     8.3246     96.446      4.526   3.345616     1.2811      7.737   256.6182 1.7541e+00     7.2309      5.336      7.737    11.9363 0.0000e+00
      5.290     -0.381     8.7891     99.916      4.616   3.412417     1.2994      7.737   258.2539 1.9587e+00     7.2826      5.152      7.472    11.9367 0.0000e+00
      5.209     -0.303     9.3663    101.826      4.598   3.400116     1.3077      7.738   259.2347 1.9948e+00     7.2351      5.084      7.373    11.9417 0.0000e+00
      5.190     -0.224     9.9374    102.017      4.493   3.323590     1.2907      7.739   259.6148 1.9757e+00     7.1346      5.089      7.380    11.9506 0.0000e+00
      5.188     -0.185    10.4422    101.087      4.133   3.057283     1.2765      7.740   260.0967 1.9797e+00     7.0251      5.090      7.383    11.9599 0.0000e+00
      5.183     -0.210    10.8360    100.092      3.583   2.650821     1.2766      7.741   260.6735 2.0039e+00     6.8674      5.085      7.376    11.9673 0.0000e+00
      5.158     -0.278    11.0532     99.685      3.158   2.336652     1.2674      7.743   261.1682 2.1198e+00     6.6961      5.078      7.365    11.9730 0.0000e+00
      5.078     -0.344    11.0477     99.830      3.021   2.236006     1.2735      7.743   261.5177 2.4347e+00     6.6272      5.010      7.267    11.9774 0.0000e+00
      4.931     -0.376    10.8958    100.193      3.049   2.257412     1.3174      7.743   261.4582 2.9496e+00     6.5124      4.849      7.033    11.9800 0.0000e+00
      4.756     -0.368    10.7607    100.437      3.163   2.342090     1.3494      7.744   261.1370 3.4653e+00     6.1970      4.648      6.741    11.9824 0.0000e+00
      4.623     -0.323    10.7241    100.307      3.461   2.563028     1.3357      7.744   261.1619 3.7179e+00     5.9902      4.500      6.527    11.9879 0.0000e+00
      4.568     -0.255    10.7506     99.622      3.832   2.838314     1.3263      7.745   261.5865 3.7167e+00     6.0276      4.464      6.474    11.9986 0.0000e+00
      4.559     -0.198    10.8006     98.282      3.978   2.946623     1.3193      7.745   262.3136 3.6783e+00     5.9321      4.475      6.490    12.0108 0.0000e+00
      4.557     -0.191    10.8336     96.337      3.774   2.795665     1.2762      7.746   263.7576 3.6778e+00     5.6212      4.469      6.482    12.0192 0.0000e+00
      4.547     -0.243    10.8249     94.036      3.591   2.660132     1.2457      7.747   265.6241 3.7429e+00     5.4455      4.466      6.478    12.0250 0.0000e+00
      4.508     -0.321    10.7547     91.724      4.074   3.018288     1.2664      7.748   266.6409 4.0813e+00     5.4806      4.448      6.450    12.0300 0.0000e+00
      4.401     -0.380    10.6079     89.629      5.085   3.768609     1.2935      7.747   267.0177 4.8623e+00     5.4998      4.348      6.306    12.0327 0.0000e+00
      4.225     -0.399    10.3892     87.826      5.914   4.383653     1.2992      7.746   267.5125 5.9232e+00     5.3358      4.149      6.017    12.0338 0.0000e+00
      4.043     -0.375    10.1236     86.302      7.010   5.196618     1.3093      7.748   267.8920 6.7629e+00     5.1709      3.933      5.704    12.0370 0.0000e+00
      3.931     -0.313     9.8658     85.026      9.369   6.945769     1.3327      7.749   268.1645 7.0112e+00     5.1808      3.821      5.542    12.0437 0.0000e+00
      3.898     -0.230     9.6359     83.964     10.594   7.854955     1.3577      7.749   268.5701 6.9349e+00     5.1480      3.815      5.535    12.0525 0.0000e+00
      3.897     -0.166     9.4416     83.074      8.589   6.368245     1.3872      7.749   268.7519 6.9118e+00     4.9449      3.825      5.548    12.0597 0.0000e+00
      3.897     -0.163     9.2780     82.306      6.658   4.937018     1.4315      7.751   268.5556 6.9180e+00     4.7744      3.821      5.541    12.0637 0.0000e+00
      3.891     -0.226     9.1409     81.621      6.653   4.933058     1.4690      7.752   268.4343 7.0249e+00     4.7948      3.823      5.544    12.0664 0.0000e+00
      3.857     -0.310     9.0283     81.015      7.413   5.496812     1.4740      7.753   268.4889 7.6324e+00     4.8158      3.808      5.523    12.0686 0.0000e+00
      3.753     -0.364     8.9335     80.477      8.758   6.494778     1.4499      7.753   268.7864 9.0804e+00     4.7896      3.714      5.386    12.0695 0.0000e+00
      3.575     -0.369     8.8538     79.971      9.680   7.178809     1.4105      7.753   269.3639 1.1196e+01     4.8196      3.512      5.093    12.0694 0.0000e+00
      3.391     -0.330     8.7789     79.498      9.338   6.924567     1.3888      7.754   269.9640 1.2904e+01     4.8368      3.291      4.773    12.0699 0.0000e+00
      3.286     -0.257     8.7136     79.074      8.800   6.525467     1.4042      7.755   270.3644 1.3171e+01     4.8271      3.180      4.613    12.0723 0.0000e+00
      3.281     -0.163     8.6571     78.669      8.387   6.218358     1.4546      7.758   270.4194 1.2512e+01     4.7704      3.205      4.648    12.0759 0.0000e+00
      3.318     -0.087     8.6025     78.284      7.750   5.745655     1.5330      7.762   270.3707 1.2060e+01     4.7314      3.266      4.738    12.0777 0.0000e+00
      3.339     -0.077     8.5493     77.939      7.587   5.625229     1.5941      7.764   270.7230 1.1987e+01     4.7994      3.281      4.759    12.0754 0.0000e+00
      3.340     -0.148     8.5078     77.605      7.876   5.839395     1.6027      7.766   271.3232 1.2054e+01     4.8072      3.276      4.752    12.0714 0.0000e+00
      3.322     -0.264     8.4643     77.259      7.653   5.674125     1.5787      7.769   271.6903 1.2639e+01     4.6208      3.277      4.752    12.0691 0.0000e+00
      3.252     -0.366     8.4209     76.937      7.369   5.464293     1.5625      7.773   271.9783 1.4475e+01     4.3563      3.223      4.675    12.0672 0.0000e+00
      3.099     -0.419     8.3868     76.683      7.529   5.583136     1.5649      7.775   272.3096 1.7720e+01     4.1706      3.062      4.441    12.0656 0.0000e+00
      2.897     -0.421     8.3517     76.562      7.539   5.590500     1.5663      7.777   272.5130 2.1229e+01     4.0833      2.825      4.098    12.0661 0.0000e+00
      2.730     -0.376     8.3127     76.926      7.745   5.743444     1.5705      7.782   272.5449 2.3165e+01     4.0873      2.636      3.824    12.0678 0.0000e+00
      2.652     -0.295     8.2743     78.492      8.400   6.228590     1.6403      7.787   271.9209 2.3296e+01     4.1498      2.580      3.742    12.0709 0.0000e+00
      2.637     -0.206     8.2472     81.737      9.128   6.767898     1.7610      7.792   271.0774 2.3003e+01     4.1557      2.585      3.750    12.0752 0.0000e+00
      2.637     -0.156     8.2245     86.410      9.278   6.878607     1.8140      7.798   271.2943 2.2883e+01     4.0903      2.586      3.751    12.0769 0.0000e+00
      2.636     -0.178     8.2288     91.802      8.326   6.173181     1.8071      7.804   271.9618 2.2836e+01     4.0089      2.586      3.750    12.0758 0.0000e+00
      2.624     -0.253     8.3725     97.042      7.025   5.208136     1.8692      7.810   272.0070 2.3511e+01     3.9573      2.587      3.751    12.0724 0.0000e+00
      2.569     -0.332     8.7395    101.325      6.786   5.030676     1.9995      7.815   271.6684 2.6181e+01     3.9102      2.551      3.699    12.0683 0.0000e+00
      2.436     -0.377     9.2696    104.135      7.399   5.484556     2.0588      7.819   271.5670 3.1268e+01     3.8147      2.415      3.503    12.0666 0.0000e+00
      2.250     -0.381     9.8841    105.343      7.165   5.310747     2.0625      7.824   271.6425 3.6861e+01     3.7588      2.194      3.182    12.0664 0.0000e+00
      2.092     -0.344    10.4814    105.229      6.688   4.956682     2.3102      7.829   271.4630 3.9950e+01     3.7470      2.014      2.922    12.0658 0.0000e+00
      2.017     -0.274    10.9608    104.239      6.840   5.068318     2.7733      7.835   270.9449 4.0181e+01     3.6727      1.955      2.836    12.0651 0.0000e+00
      2.003     -0.196    11.2709    102.764      6.595   4.886606     3.0098      7.842   270.3681 3.9720e+01     3.5777      1.964      2.847    12.0636 0.0000e+00
      2.005     -0.157    11.3868    101.053      5.778   4.280114     3.0208      7.848   270.4258 3.9514e+01     3.5542      1.967      2.854    12.0594 0.0000e+00
      2.005     -0.187    11.3587     99.229      4.811   3.563771     2.9313      7.855   270.5241 3.9480e+01     3.5597      1.968      2.854    12.0532 0.0000e+00
      1.990     -0.270    11.2384     97.395      4.056   3.003907     2.7519      7.861   269.8352 4.0827e+01     3.5080      1.967      2.853    12.0472 0.0000e+00
      1.929     -0.354    11.0710     95.576      4.252   3.148943     2.6504      7.866   269.1518 4.5753e+01     3.4073      1.925      2.792    12.0410 0.0000e+00
      1.786     -0.401    10.8868     93.717      5.212   3.860350     2.6276      7.870   268.8864 5.5110e+01     3.3319      1.779      2.579    12.0352 0.0000e+00
      1.588     -0.401    10.6849     91.772      6.004   4.446931     2.6173      7.873   268.8631 6.5752e+01     3.3139      1.543      2.238    12.0314 0.0000e+00
      1.422     -0.358    10.4878     89.827      6.387   4.729696     2.6847      7.878   268.8706 7.1908e+01     3.2237      1.353      1.962    12.0297 0.0000e+00
      1.347     -0.278    10.2943     88.190      6.580   4.871815     2.8180      7.884   268.5473 7.2266e+01     3.0619      1.296      1.880    12.0294 0.0000e+00
      1.339     -0.185    10.0977     87.428      6.959   5.151616     2.9058      7.889   267.9647 7.1061e+01     3.0652      1.312      1.903    12.0290 0.0000e+00
      1.346     -0.124     9.8853     88.007      6.766   5.008334     2.9384      7.895   267.5047 7.0638e+01     3.1950      1.322      1.917    12.0276 0.0000e+00
      1.347     -0.132     9.6667     89.722      5.268   3.899480     2.9374      7.902   267.3738 7.0523e+01     3.1629      1.322      1.917    12.0242 0.0000e+00
      1.340     -0.202     9.4685     91.939      4.082   3.021259     2.9105      7.909   267.6726 7.1713e+01     2.9842      1.322      1.918    12.0194 0.0000e+00
      1.304     -0.284     9.3586     94.074      4.403   3.259098     2.9055      7.913   268.1927 7.7136e+01     2.9477      1.301      1.888    12.0154 0.0000e+00
      1.204     -0.338     9.4359     95.724      5.387   3.987779     2.9350      7.915   268.2413 8.9477e+01     3.0284      1.211      1.756    12.0112 0.0000e+00
      1.042     -0.352     9.6507     96.653      6.227   4.609768     2.9839      7.916   267.4861 1.0625e+02     2.9690      1.023      1.483    12.0068 0.0000e+00
      0.880     -0.327     9.9113     96.726      6.860   5.077838     3.0219      7.918   266.3748 1.1850e+02     2.8100      0.829      1.203    12.0058 0.0000e+00
      0.788     -0.267    10.1563     95.955      7.128   5.275741     3.0286      7.921   265.7314 1.2130e+02     2.7464      0.744      1.079    12.0076 0.0000e+00
      0.766     -0.189    10.3411     94.562      7.151   5.292040     3.0398      7.926   265.2137 1.1930e+02     2.7800      0.747      1.084    12.0090 0.0000e+00
      0.770     -0.129    10.4470     92.924      6.871   5.084831     3.0235      7.931   264.3307 1.1749e+02     2.7387      0.756      1.098    12.0089 0.0000e+00
      0.774     -0.128    10.4558     91.529      5.798   4.290860     2.9489      7.936   263.6602 1.1683e+02     2.6231      0.759      1.101    12.0072 0.0000e+00
      0.772     -0.185    10.3644     90.922      4.537   3.357901     2.9110      7.942   263.3012 1.1828e+02     2.6460      0.764      1.107    12.0048 0.0000e+00
      0.745     -0.260    10.1992     91.310      3.955   2.927117     2.9325      7.947   263.2591 1.2637e+02     2.7760      0.752      1.091    12.0033 0.0000e+00
      0.656     -0.311    10.0070     92.394      4.153   3.073321     2.9420      7.952   263.3237 1.4672e+02     2.7942      0.674      0.978    12.0019 0.0000e+00
      0.500     -0.323     9.8309     93.732      4.700   3.478566     2.9510      7.956   263.3082 1.7457e+02     2.7635      0.493      0.715    12.0005 0.0000e+00
      0.343     -0.299     9.7545     94.971      5.183   3.835911     2.9997      7.960   263.4161 1.9239e+02     2.8150      0.302      0.438    11.9998 0.0000e+00
      0.258     -0.242     9.8146     95.831      6.053   4.479851     3.0402      7.965   263.4231 1.9294e+02     2.8016      0.223      0.324    12.0008 0.0000e+00
      0.245     -0.167     9.9482     96.121      7.773   5.752669     3.0330      7.970   262.8762 1.8895e+02     2.7050      0.236      0.341    12.0027 0.0000e+00
      0.256     -0.109    10.1044     95.812      8.942   6.617579     2.9701      7.974   261.7941 1.8865e+02     2.6710      0.255      0.370    12.0033 0.0000e+00
