Data/DataNotYetUploadedToEDI/Raw_CTD/RawDownloads/050525_fcr50_S7809001.cnv
* Sea-Bird SBE19plus  Data File:
* FileName = C:\R\Reservoirs\Data\DataNotYetUploadedToEDI\Raw_CTD\RawDownloads\050525_fcr50_S7809_0001.hex
* Software version 2.8.0.119
* Temperature SN = 7809
* Conductivity SN = 7809
* System UpLoad Time = May 17 2025 19:59:54
* <ApplicationData>
* <Seaterm232>
# nquan = 15
# nvalues = 2210                        
# units = specified
# name 0 = depFM: Depth [fresh water, m]
# name 1 = dz/dtM: Descent Rate [m/s]
# name 2 = sbeox0Mg/L: Oxygen, SBE 43 [mg/l]
# name 3 = sbeox0PS: Oxygen, SBE 43 [% saturation]
# name 4 = specc: Specific Conductance [uS/cm]
# name 5 = c0uS/cm: Conductivity [uS/cm]
# name 6 = flECO-AFL: Fluorescence, WET Labs ECO-AFL/FL [mg/m^3]
# name 7 = ph: pH
# name 8 = orp: Oxidation Reduction Potential [mV]
# name 9 = par/sat/log: PAR/Logarithmic, Satlantic
# name 10 = turbWETntu0: Turbidity, WET Labs ECO [NTU]
# name 11 = prdM: Pressure, Strain Gauge [db]
# name 12 = prdE: Pressure, Strain Gauge [psi]
# name 13 = tv290C: Temperature [ITS-90, deg C]
# name 14 = flag:  0.000e+00
# span 0 =     -0.667,      9.504       
# span 1 =     -0.427,      0.125       
# span 2 =     5.6059,    11.3868       
# span 3 =     60.171,    111.563       
# span 4 =      0.070,     12.916       
# span 5 =   0.063983,   9.570797       
# span 6 =    -0.1466,    11.3578       
# span 7 =     -2.239,      8.512       
# span 8 =     6.5280,  1207.8789       
# span 9 = 1.2357e-01, 9.7429e+02       
# span 10 =     0.0571,   356.0279      
# span 11 =     -0.654,      9.323      
# span 12 =     -0.949,     13.522      
# span 13 =    11.7034,    20.4482      
# span 14 = 0.0000e+00, 0.0000e+00      
# interval = seconds: 0.25
# start_time = May 05 2025 11:49:08 [Instrument's time stamp, header]
# bad_flag = -9.990e-29
*END*
[from data line 964]
      2.380      0.018     6.6200     71.613      3.781   3.406057     4.5326      8.459   275.7152 3.2201e+01     1.6013      2.335      3.387    20.0619 0.0000e+00
      2.382      0.013     6.5863     71.373      3.451   3.108870     4.5651      8.459   275.7927 3.2184e+01     1.6515      2.335      3.387    20.0576 0.0000e+00
      2.383      0.008     6.5559     71.119      3.135   2.824496     4.5787      8.459   275.8307 3.2157e+01     1.7172      2.337      3.389    20.0537 0.0000e+00
      2.383      0.005     6.5273     70.869      2.917   2.628283     4.6304      8.460   275.8305 3.2129e+01     1.8840      2.337      3.390    20.0498 0.0000e+00
      2.383      0.003     6.5034     70.637      2.787   2.510162     4.6748      8.461   275.9623 3.2088e+01     1.9265      2.337      3.390    20.0456 0.0000e+00
      2.384      0.003     6.4852     70.377      2.746   2.473177     4.6832      8.462   276.0475 3.2031e+01     1.8545      2.338      3.391    20.0416 0.0000e+00
      2.386      0.003     6.4613     70.089      2.774   2.497820     4.6732      8.462   276.0004 3.1981e+01     1.8337      2.340      3.393    20.0374 0.0000e+00
      2.386      0.003     6.4372     69.806      2.767   2.491391     4.6034      8.462   275.9947 3.1934e+01     1.8118      2.340      3.393    20.0333 0.0000e+00
      2.387      0.003     6.4203     69.523      2.731   2.458801     4.4971      8.462   276.0650 3.1875e+01     1.8287      2.341      3.395    20.0291 0.0000e+00
      2.388      0.003     6.3968     69.246      2.689   2.420487     4.4279      8.463   276.1622 3.1836e+01     1.8328      2.342      3.397    20.0249 0.0000e+00
      2.389      0.003     6.3684     68.990      2.605   2.344867     4.3833      8.463   276.1375 3.1852e+01     1.7589      2.342      3.397    20.0203 0.0000e+00
      2.389      0.003     6.3453     68.760      2.561   2.304623     4.2824      8.463   276.0243 3.1868e+01     1.7210      2.343      3.398    20.0161 0.0000e+00
      2.390      0.003     6.3192     68.545      2.642   2.377316     4.1229      8.463   275.9978 3.1838e+01     1.6820      2.343      3.399    20.0118 0.0000e+00
      2.390      0.004     6.2940     68.310      2.808   2.526998     4.0202      8.465   275.9027 3.1799e+01     1.5941      2.344      3.400    20.0073 0.0000e+00
      2.391      0.007     6.2716     68.105      2.883   2.594135     3.9978      8.467   275.6493 3.1753e+01     1.5810      2.345      3.401    20.0031 0.0000e+00
      2.393      0.012     6.2503     67.981      2.911   2.618963     4.1185      8.468   275.6009 3.1687e+01     1.6955      2.347      3.404    19.9987 0.0000e+00
      2.395      0.019     6.2346     67.878      3.424   3.080565     4.3472      8.469   275.8348 3.1626e+01     1.7824      2.349      3.407    19.9943 0.0000e+00
      2.397      0.027     6.2116     67.759      4.159   3.740956     4.4488      8.470   275.9815 3.1499e+01     1.7430      2.350      3.408    19.9898 0.0000e+00
      2.404      0.032     6.1887     67.638      4.605   4.142227     4.4740      8.470   275.9984 3.1154e+01     1.7325      2.355      3.415    19.9854 0.0000e+00
      2.418      0.035     6.1837     67.532      4.734   4.258045     4.9178      8.470   276.0394 3.0663e+01     1.8259      2.369      3.437    19.9808 0.0000e+00
      2.435      0.036     6.1749     67.457      4.167   3.747535     5.7446      8.470   276.0472 3.0301e+01     1.9154      2.389      3.467    19.9764 0.0000e+00
      2.446      0.035     6.1638     67.378      3.449   3.101032     6.1811      8.470   276.0058 3.0170e+01     1.8920      2.401      3.483    19.9722 0.0000e+00
      2.451      0.032     6.1535     67.262      3.159   2.839520     6.2009      8.471   275.8832 3.0131e+01     1.8169      2.403      3.486    19.9678 0.0000e+00
      2.453      0.030     6.1427     67.117      3.400   3.056130     6.2994      8.472   275.7697 3.0061e+01     1.8958      2.404      3.488    19.9631 0.0000e+00
      2.458      0.030     6.1382     66.934      4.250   3.819570     6.4980      8.472   275.8374 2.9861e+01     2.0254      2.410      3.494    19.9582 0.0000e+00
      2.466      0.034     6.1338     66.712      4.760   4.278354     6.5960      8.473   276.0138 2.9575e+01     2.0179      2.418      3.507    19.9536 0.0000e+00
      2.476      0.038     6.1217     66.494      4.357   3.915444     6.6026      8.474   276.2681 2.9285e+01     2.0102      2.427      3.520    19.9490 0.0000e+00
      2.488      0.039     6.1101     66.304      3.668   3.295984     6.6453      8.474   276.4170 2.8940e+01     2.1032      2.439      3.538    19.9442 0.0000e+00
      2.503      0.037     6.0953     66.175      3.335   2.996709     6.9873      8.474   276.4371 2.8606e+01     2.1859      2.456      3.562    19.9396 0.0000e+00
      2.514      0.032     6.0717     66.130      3.362   3.020885     7.5904      8.475   276.5107 2.8396e+01     2.1909      2.467      3.578    19.9355 0.0000e+00
      2.520      0.027     6.0539     66.140      3.359   3.018171     7.9282      8.475   276.5331 2.8313e+01     2.2652      2.472      3.587    19.9309 0.0000e+00
      2.523      0.021     6.0350     66.200      3.440   3.090591     7.9832      8.475   276.6220 2.8260e+01     2.4016      2.474      3.589    19.9262 0.0000e+00
      2.526      0.015     6.0225     66.320      3.774   3.389713     7.9233      8.475   276.7251 2.8156e+01     2.3713      2.475      3.592    19.9214 0.0000e+00
      2.530      0.011     6.0212     66.477      3.790   3.404106     7.7609      8.475   276.5752 2.8056e+01     2.1723      2.481      3.599    19.9164 0.0000e+00
      2.533      0.009     6.0227     66.640      3.424   3.074591     7.6510      8.475   276.4446 2.8008e+01     2.0099      2.485      3.605    19.9116 0.0000e+00
      2.535      0.008     6.0275     66.803      3.148   2.826333     7.6360      8.475   276.4363 2.7978e+01     2.0137      2.486      3.606    19.9068 0.0000e+00
      2.536      0.006     6.0402     66.958      2.989   2.682925     7.6707      8.476   276.3890 2.7946e+01     2.0478      2.487      3.608    19.9018 0.0000e+00
      2.537      0.005     6.0567     67.097      3.046   2.734265     7.7126      8.477   276.3890 2.7927e+01     2.0116      2.488      3.609    19.8968 0.0000e+00
      2.538      0.005     6.0716     67.213      3.276   2.940296     7.7348      8.478   276.4355 2.7917e+01     2.0544      2.489      3.610    19.8915 0.0000e+00
      2.538      0.006     6.0876     67.305      3.224   2.893576     7.7480      8.480   276.4360 2.7899e+01     2.1559      2.489      3.611    19.8863 0.0000e+00
      2.540      0.008     6.1027     67.394      2.982   2.676155     7.7221      8.480   276.3088 2.7838e+01     2.1452      2.490      3.613    19.8814 0.0000e+00
      2.543      0.010     6.1159     67.495      2.888   2.591943     7.6541      8.480   276.1877 2.7762e+01     2.0614      2.494      3.618    19.8764 0.0000e+00
      2.545      0.012     6.1278     67.587      3.008   2.698867     7.6254      8.480   276.2622 2.7727e+01     2.0650      2.496      3.620    19.8713 0.0000e+00
      2.548      0.014     6.1358     67.652      3.224   2.892086     7.6414      8.480   276.3493 2.7655e+01     2.0859      2.498      3.623    19.8662 0.0000e+00
      2.553      0.015     6.1433     67.716      3.375   3.027751     7.6314      8.481   276.3805 2.7556e+01     2.0069      2.504      3.631    19.8610 0.0000e+00
      2.558      0.016     6.1544     67.782      3.637   3.262299     7.5373      8.482   276.4680 2.7501e+01     1.9988      2.509      3.640    19.8560 0.0000e+00
      2.562      0.017     6.1648     67.811      4.057   3.637510     7.3938      8.482   276.3743 2.7439e+01     2.0897      2.511      3.643    19.8509 0.0000e+00
      2.566      0.017     6.1693     67.800      4.268   3.826856     7.3199      8.482   276.1074 2.7375e+01     2.1162      2.516      3.649    19.8458 0.0000e+00
      2.570      0.016     6.1753     67.775      4.355   3.904609     7.3348      8.482   275.9953 2.7322e+01     2.0796      2.520      3.655    19.8408 0.0000e+00
      2.574      0.016     6.1849     67.736      4.470   4.007449     7.5825      8.482   275.9644 2.7261e+01     2.0227      2.524      3.660    19.8355 0.0000e+00
      2.578      0.015     6.1875     67.676      4.243   3.803292     8.0590      8.483   275.9065 2.7222e+01     2.0092      2.529      3.668    19.8304 0.0000e+00
      2.582      0.014     6.1859     67.608      4.006   3.590033     8.3517      8.483   275.8109 2.7198e+01     2.0873      2.532      3.673    19.8250 0.0000e+00
      2.586      0.013     6.1845     67.553      4.210   3.772870     8.3920      8.483   275.6692 2.7167e+01     2.1471      2.536      3.679    19.8196 0.0000e+00
      2.589      0.013     6.1820     67.510      4.450   3.986804     8.4212      8.483   275.6562 2.7124e+01     2.1511      2.538      3.682    19.8143 0.0000e+00
      2.591      0.013     6.1768     67.475      4.491   4.022826     8.5054      8.483   275.8251 2.7066e+01     2.1701      2.541      3.685    19.8087 0.0000e+00
      2.594      0.013     6.1702     67.459      4.416   3.955012     8.5610      8.483   275.9908 2.6981e+01     2.1376      2.544      3.689    19.8034 0.0000e+00
      2.598      0.014     6.1660     67.461      4.597   4.117109     8.5524      8.483   276.0251 2.6873e+01     2.0310      2.548      3.695    19.7982 0.0000e+00
      2.602      0.015     6.1636     67.486      4.771   4.272219     8.5848      8.484   275.8957 2.6774e+01     2.0088      2.552      3.701    19.7928 0.0000e+00
      2.606      0.016     6.1596     67.550      4.248   3.803177     8.6859      8.486   275.7167 2.6688e+01     2.1091      2.556      3.707    19.7876 0.0000e+00
      2.610      0.019     6.1596     67.655      3.783   3.387244     8.7425      8.486   275.5814 2.6592e+01     2.1841      2.560      3.712    19.7824 0.0000e+00
      2.614      0.022     6.1601     67.781      4.108   3.677711     8.7280      8.487   275.4640 2.6482e+01     2.1298      2.564      3.718    19.7769 0.0000e+00
      2.619      0.025     6.1624     67.910      4.563   4.084380     8.7437      8.488   275.4164 2.6345e+01     2.0681      2.568      3.725    19.7713 0.0000e+00
      2.626      0.029     6.1685     68.025      4.466   3.996508     9.1822      8.489   275.4362 2.6150e+01     2.1553      2.574      3.734    19.7659 0.0000e+00
      2.635      0.031     6.1799     68.109      4.268   3.818911    10.0021      8.490   275.4454 2.5917e+01     2.2615      2.584      3.748    19.7605 0.0000e+00
      2.645      0.032     6.1927     68.179      4.430   3.964255    10.4416      8.491   275.4410 2.5663e+01     2.2587      2.593      3.761    19.7552 0.0000e+00
      2.655      0.032     6.2051     68.252      4.519   4.043423    10.4757      8.491   275.4692 2.5409e+01     2.2584      2.604      3.776    19.7497 0.0000e+00
      2.664      0.031     6.2182     68.327      4.277   3.825893    10.7067      8.491   275.4415 2.5236e+01     2.3945      2.614      3.790    19.7442 0.0000e+00
      2.670      0.028     6.2247     68.388      3.829   3.424641    11.1451      8.491   275.2784 2.5108e+01     2.5381      2.618      3.797    19.7389 0.0000e+00
      2.676      0.026     6.2317     68.417      3.417   3.056171    11.3578      8.494   275.0468 2.4936e+01     2.5252      2.623      3.804    19.7336 0.0000e+00
      2.683      0.026     6.2387     68.432      3.547   3.171616    11.2724      8.496   274.9637 2.4776e+01     2.5127      2.631      3.817    19.7283 0.0000e+00
      2.688      0.028     6.2468     68.450      3.974   3.553475    10.1785      8.496   275.1333 2.4686e+01     2.4892      2.637      3.826    19.7226 0.0000e+00
      2.693      0.031     6.2546     68.446      3.906   3.492240     8.1355      8.497   275.2908 2.4591e+01     2.3433      2.639      3.828    19.7171 0.0000e+00
      2.700      0.032     6.2565     68.404      3.570   3.191440     6.9874      8.497   275.6642 2.4363e+01     2.2515      2.644      3.836    19.7117 0.0000e+00
      2.712      0.031     6.2576     68.343      3.379   3.020598     6.8010      8.497   276.2924 2.4073e+01     2.2672      2.659      3.857    19.7059 0.0000e+00
      2.724      0.030     6.2614     68.266      3.368   3.010282     6.0403      8.497   276.5196 2.3873e+01     2.2601      2.673      3.877    19.7005 0.0000e+00
      2.733      0.026     6.2628     68.175      3.432   3.066707     4.6563      8.498   276.4313 2.3743e+01     2.1657      2.682      3.889    19.6952 0.0000e+00
      2.738      0.020     6.2577     68.091      3.294   2.942662     3.8837      8.498   276.3440 2.3668e+01     2.0486      2.686      3.895    19.6897 0.0000e+00
      2.741      0.015     6.2534     68.024      3.180   2.840743     3.7972      8.498   276.2381 2.3640e+01     2.0399      2.688      3.898    19.6840 0.0000e+00
      2.742      0.012     6.2474     67.964      3.544   3.164689     3.7114      8.499   276.1841 2.3611e+01     2.0937      2.689      3.900    19.6781 0.0000e+00
      2.743      0.012     6.2382     67.905      4.206   3.755437     3.5286      8.500   276.1207 2.3580e+01     2.0506      2.690      3.901    19.6722 0.0000e+00
      2.744      0.015     6.2316     67.856      4.512   4.028706     3.4014      8.500   275.9012 2.3525e+01     1.9621      2.690      3.901    19.6666 0.0000e+00
      2.747      0.020     6.2260     67.804      4.407   3.934810     3.3887      8.502   275.6814 2.3425e+01     1.9806      2.693      3.906    19.6610 0.0000e+00
      2.754      0.025     6.2224     67.753      4.212   3.760445     3.4082      8.504   275.6149 2.3250e+01     2.0701      2.699      3.914    19.6551 0.0000e+00
      2.763      0.030     6.2160     67.726      4.139   3.694250     3.3709      8.504   275.6131 2.3036e+01     2.0186      2.710      3.931    19.6494 0.0000e+00
      2.772      0.034     6.2136     67.707      4.151   3.704574     3.2788      8.504   275.6592 2.2877e+01     1.8714      2.718      3.944    19.6439 0.0000e+00
      2.780      0.036     6.2100     67.678      4.070   3.631858     3.2353      8.503   276.1731 2.2672e+01     1.8616      2.724      3.951    19.6382 0.0000e+00
      2.790      0.038     6.2032     67.639      4.362   3.891982     3.2355      8.503   277.0936 2.2428e+01     1.9335      2.736      3.968    19.6325 0.0000e+00
      2.800      0.039     6.2037     67.589      4.837   4.315742     3.2575      8.503   277.4977 2.2263e+01     1.9215      2.748      3.984    19.6269 0.0000e+00
      2.810      0.042     6.2028     67.537      4.773   4.257676     3.3007      8.504   277.3591 2.2072e+01     1.8180      2.754      3.994    19.6212 0.0000e+00
      2.820      0.044     6.2005     67.481      4.713   4.203501     3.3337      8.505   277.3111 2.1826e+01     1.7755      2.764      4.009    19.6156 0.0000e+00
      2.831      0.046     6.1981     67.406      5.170   4.610942     3.3562      8.505   277.6050 2.1606e+01     1.8521      2.776      4.027    19.6096 0.0000e+00
      2.844      0.046     6.1938     67.303      5.326   4.749428     3.3822      8.506   277.9874 2.1347e+01     1.8899      2.787      4.043    19.6036 0.0000e+00
      2.858      0.045     6.1897     67.176      4.816   4.294166     3.4142      8.507   277.8903 2.1065e+01     1.8570      2.802      4.065    19.5979 0.0000e+00
      2.871      0.041     6.1862     67.044      4.469   3.984445     3.4523      8.507   277.4638 2.0873e+01     1.8985      2.816      4.085    19.5922 0.0000e+00
      2.881      0.035     6.1800     66.928      4.396   3.918768     3.4933      8.506   277.3907 2.0713e+01     1.9139      2.826      4.099    19.5865 0.0000e+00
      2.889      0.029     6.1713     66.828      3.998   3.563408     3.5684      8.505   277.6077 2.0575e+01     1.8030      2.836      4.113    19.5808 0.0000e+00
