Data/DataNotYetUploadedToEDI/Raw_CTD/RawDownloads/050525_bvr50_S8188001.cnv
* Sea-Bird SBE19plus  Data File:
* FileName = C:\R\Reservoirs\Data\DataNotYetUploadedToEDI\Raw_CTD\RawDownloads\051925_bvr50_S8188_0001.hex
* Software version 2.8.0.119
* Temperature SN = 8188
* Conductivity SN = 8188
* System UpLoad Time = May 29 2025 15:47:59
* <ApplicationData>
* <Seaterm232>
# nquan = 16
# nvalues = 2146                        
# units = specified
# name 0 = depFM: Depth [fresh water, m]
# name 1 = dz/dtM: Descent Rate [m/s]
# name 2 = sbeox0Mg/L: Oxygen, SBE 43 [mg/l]
# name 3 = sbeox0PS: Oxygen, SBE 43 [% saturation]
# name 4 = specc: Specific Conductance [uS/cm]
# name 5 = c0uS/cm: Conductivity [uS/cm]
# name 6 = wetCDOM: Fluorescence, WET Labs CDOM [mg/m^3]
# name 7 = flECO-AFL: Fluorescence, WET Labs ECO-AFL/FL [mg/m^3]
# name 8 = flECO-AFL1: Fluorescence, WET Labs ECO-AFL/FL, 2 [mg/m^3]
# name 9 = flECO-AFL2: Fluorescence, WET Labs ECO-AFL/FL, 3 [mg/m^3]
# name 10 = par/sat/log: PAR/Logarithmic, Satlantic
# name 11 = turbWETntu0: Turbidity, WET Labs ECO [NTU]
# name 12 = prdM: Pressure, Strain Gauge [db]
# name 13 = prdE: Pressure, Strain Gauge [psi]
# name 14 = tv290C: Temperature [ITS-90, deg C]
# name 15 = flag:  0.000e+00
# span 0 =     -0.739,      5.776       
# span 1 =     -0.232,      0.178       
# span 2 =    -0.1012,    11.9167       
# span 3 =     -0.941,    131.624       
# span 4 =      1.414,     73.762       
# span 5 =   1.300824,  53.075471       
# span 6 =   -16.6500,    33.4800       
# span 7 =    -1.2039,    37.4891       
# span 8 =    -2.1300,    10.9482       
# span 9 =   -13.2822,     6.8949       
# span 10 = 1.1595e-01, 2.6058e+03      
# span 11 =    -1.0951,   212.6458      
# span 12 =     -0.725,      5.664      
# span 13 =     -1.051,      8.216      
# span 14 =    10.9683,    21.0385      
# span 15 = 0.0000e+00, 0.0000e+00      
# interval = seconds: 0.25
# start_time = May 05 2025 11:19:37 [Instrument's time stamp, header]
# bad_flag = -9.990e-29
*END*
[from data line 995]
      0.484      0.017    10.0708    110.810     28.924  26.015859    22.5900    12.5368     0.1704     0.8037 1.1061e+02     5.8841      0.475      0.689    19.9545 0.0000e+00
      0.489      0.018    10.0680    110.890     28.893  25.986993    22.5000    12.5521     0.1278     1.0998 1.1025e+02     5.9143      0.479      0.695    19.9563 0.0000e+00
      0.493      0.018    10.0686    110.916     28.848  25.943842    22.5000    12.5902     0.1278     1.0998 1.0967e+02     5.9143      0.484      0.702    19.9601 0.0000e+00
      0.498      0.019    10.0730    110.889     28.805  25.900784    22.5000    12.5178     0.1278     1.0998 1.1046e+02     5.8690      0.488      0.708    19.9645 0.0000e+00
      0.503      0.020    10.0806    110.799     28.786  25.876203    22.5000    13.3761     0.1278     1.0998 1.1262e+02     5.8690      0.493      0.716    19.9673 0.0000e+00
      0.509      0.020    10.0879    110.604     28.776  25.859561    22.5000    13.4104     0.1278     1.0998 1.1600e+02     5.9445      0.499      0.724    19.9668 0.0000e+00
      0.514      0.020    10.0913    110.314     28.774  25.850402    22.2300    13.4524     0.1704     1.0152 1.1824e+02     5.9143      0.504      0.731    19.9619 0.0000e+00
      0.520      0.020    10.0906    110.023     28.779  25.848276    22.2300    13.4066     0.1704     1.0152 1.2128e+02     5.9747      0.509      0.739    19.9530 0.0000e+00
      0.525      0.020    10.0848    109.844     28.785  25.846641    22.2300    14.0208     0.1704     1.0152 1.2478e+02     5.9596      0.514      0.746    19.9412 0.0000e+00
      0.530      0.020    10.0697    109.844     28.793  25.847052    22.2300    14.0513     0.1704     1.0152 1.2716e+02     5.9294      0.519      0.753    19.9280 0.0000e+00
      0.535      0.020    10.0459    110.030     28.811  25.857583    22.4100    14.0284     0.1278     1.0998 1.3030e+02     5.9747      0.524      0.760    19.9150 0.0000e+00
      0.540      0.019    10.0219    110.368     28.833  25.873077    22.4100    13.9902     0.1278     1.0998 1.3293e+02     5.8086      0.529      0.768    19.9026 0.0000e+00
      0.545      0.019    10.0080    110.797     28.840  25.877755    22.4100    15.1576     0.1278     1.0998 1.3447e+02     6.1409      0.534      0.775    19.8906 0.0000e+00
      0.550      0.018    10.0103    111.241     28.842  25.878838    22.4100    15.2033     0.1278     1.0998 1.3552e+02     6.1107      0.539      0.782    19.8791 0.0000e+00
      0.554      0.018    10.0292    111.624     28.861  25.894534    22.3200    15.1690     0.1278     1.1421 1.3760e+02     6.1107      0.544      0.789    19.8696 0.0000e+00
      0.559      0.018    10.0612    111.889     28.903  25.931021    22.3200    15.1766     0.1278     1.1421 1.3650e+02     6.1107      0.548      0.795    19.8631 0.0000e+00
      0.563      0.018    10.1011    112.018     28.951  25.972143    22.3200    15.6497     0.1278     1.1421 1.3724e+02     6.1711      0.552      0.801    19.8594 0.0000e+00
      0.568      0.018    10.1420    112.049     28.975  25.991034    22.3200    15.6687     0.1278     1.1421 1.4197e+02     6.2920      0.556      0.807    19.8574 0.0000e+00
      0.572      0.019    10.1773    112.040     28.956  25.968838    22.4100    15.6840     0.1704     1.0998 1.4409e+02     6.0352      0.561      0.814    19.8558 0.0000e+00
      0.577      0.019    10.2018    112.027     28.902  25.913574    22.4100    15.6649     0.1704     1.0998 1.4935e+02     6.0654      0.566      0.821    19.8538 0.0000e+00
      0.582      0.020    10.2141    112.034     28.851  25.858292    22.4100    16.1074     0.1704     1.0998 1.5666e+02     6.4733      0.571      0.828    19.8509 0.0000e+00
      0.587      0.021    10.2180    112.067     28.820  25.818118    22.4100    16.1112     0.1704     1.0998 1.6348e+02     6.4430      0.576      0.835    19.8460 0.0000e+00
      0.593      0.021    10.2188    112.111     28.803  25.790301    22.4100    16.0960     0.1704     1.0998 1.6809e+02     6.3977      0.581      0.843    19.8381 0.0000e+00
      0.599      0.021    10.2201    112.139     28.803  25.779371    22.4100    16.0960     0.1704     1.0152 1.6934e+02     6.4582      0.587      0.852    19.8257 0.0000e+00
      0.605      0.020    10.2243    112.140     28.821  25.786394    22.4100    16.2753     0.1704     1.0152 1.7759e+02     6.2164      0.593      0.860    19.8080 0.0000e+00
      0.610      0.018    10.2316    112.141     28.840  25.797313    22.4100    16.2448     0.1704     1.0152 1.7354e+02     6.1711      0.598      0.868    19.7869 0.0000e+00
      0.615      0.015    10.2401    112.190     28.850  25.803093    22.4100    16.2486     0.1704     1.0152 1.8628e+02     6.1711      0.603      0.875    19.7655 0.0000e+00
      0.619      0.012    10.2466    112.310     28.870  25.821204    22.5000    16.2371     0.1278     1.1421 1.7778e+02     6.1409      0.607      0.880    19.7463 0.0000e+00
      0.622      0.008    10.2498    112.486     28.905  25.854485    22.5000    14.5091     0.1278     1.1421 1.7510e+02     6.2164      0.610      0.884    19.7306 0.0000e+00
      0.623      0.005    10.2521    112.698     28.916  25.868006    22.5000    14.5167     0.1278     1.1421 1.7453e+02     6.0503      0.611      0.886    19.7198 0.0000e+00
      0.623      0.003    10.2577    112.939     28.902  25.857408    22.5000    14.5091     0.1278     1.1421 1.7817e+02     6.2164      0.611      0.887    19.7145 0.0000e+00
      0.623      0.002    10.2685    113.202     28.902  25.859688    22.8600    14.4747     0.1704     1.3113 1.7130e+02     6.0805      0.611      0.886    19.7149 0.0000e+00
      0.622      0.002    10.2838    113.456     28.924  25.879438    22.8600    15.0889     0.1704     1.3113 1.6620e+02     6.3977      0.610      0.886    19.7192 0.0000e+00
      0.623      0.004    10.3021    113.643     28.931  25.886082    22.8600    15.1042     0.1704     1.3113 1.6444e+02     6.3373      0.611      0.886    19.7246 0.0000e+00
      0.623      0.006    10.3232    113.712     28.917  25.871437    22.8600    15.1194     0.1704     1.3113 1.7275e+02     6.3826      0.612      0.887    19.7289 0.0000e+00
      0.625      0.009    10.3467    113.650     28.889  25.843544    22.8600    15.1309     0.1704     1.3113 1.8236e+02     6.3373      0.613      0.890    19.7316 0.0000e+00
      0.628      0.013    10.3695    113.486     28.865  25.816868    22.6800    17.8393     0.1278     1.0998 2.0294e+02     6.3373      0.616      0.893    19.7330 0.0000e+00
      0.632      0.016    10.3868    113.276     28.867  25.812170    22.6800    17.8737     0.1278     1.0998 1.9715e+02     6.3071      0.620      0.899    19.7327 0.0000e+00
      0.637      0.019    10.3937    113.077     28.889  25.824216    22.6800    17.8431     0.1278     1.0998 2.2845e+02     6.3524      0.625      0.906    19.7298 0.0000e+00
      0.643      0.022    10.3892    112.923     28.904  25.828342    22.6800    17.8660     0.1278     1.0998 2.0449e+02     6.3675      0.630      0.914    19.7241 0.0000e+00
      0.649      0.024    10.3759    112.826     28.898  25.811710    23.3100    19.5102     0.1704     1.2267 2.0005e+02     6.7301      0.636      0.923    19.7158 0.0000e+00
      0.655      0.026    10.3590    112.779     28.884  25.787804    23.3100    19.5331     0.1704     1.2267 1.8649e+02     6.7603      0.642      0.932    19.7049 0.0000e+00
      0.662      0.027    10.3437    112.769     28.887  25.778124    23.3100    19.4797     0.1704     1.2267 1.8612e+02     6.7452      0.649      0.942    19.6911 0.0000e+00
      0.669      0.028    10.3331    112.781     28.901  25.776107    23.3100    19.4949     0.1704     1.2267 1.9836e+02     6.5488      0.657      0.952    19.6745 0.0000e+00
      0.677      0.028    10.3280    112.803     28.914  25.771258    23.3100    20.7195     0.1278     1.3536 1.8200e+02     6.4582      0.664      0.963    19.6557 0.0000e+00
      0.684      0.027    10.3279    112.823     28.940  25.776222    23.3100    20.7195     0.1278     1.3536 2.0210e+02     6.3524      0.671      0.973    19.6356 0.0000e+00
      0.691      0.027    10.3314    112.847     28.978  25.794312    23.3100    20.6775     0.1278     1.3536 1.9857e+02     6.3222      0.678      0.983    19.6140 0.0000e+00
      0.698      0.026    10.3376    112.907     29.007  25.808450    23.3100    20.7118     0.1278     1.3536 2.1071e+02     6.2920      0.684      0.993    19.5895 0.0000e+00
      0.704      0.025    10.3454    113.041     29.016  25.808465    23.4000    20.3914     0.1278     1.4805 2.1459e+02     6.6696      0.691      1.002    19.5609 0.0000e+00
      0.711      0.024    10.3537    113.259     29.016  25.804319    23.4000    20.4028     0.1278     1.4805 2.1140e+02     6.6545      0.697      1.010    19.5301 0.0000e+00
      0.716      0.023    10.3616    113.539     29.018  25.804862    23.4000    20.3838     0.1278     1.4805 2.2525e+02     6.6243      0.702      1.019    19.5023 0.0000e+00
      0.722      0.022    10.3714    113.827     29.015  25.804264    23.4000    20.4105     0.1278     1.4805 2.1510e+02     6.5337      0.708      1.027    19.4814 0.0000e+00
      0.727      0.022    10.3865    114.067     29.001  25.794401    23.4000    24.3702     0.1278     1.4805 2.0658e+02     6.9264      0.713      1.034    19.4681 0.0000e+00
      0.733      0.023    10.4081    114.229     28.976  25.776626    23.6700    24.3359     0.1704     1.4805 2.0135e+02     6.9264      0.719      1.042    19.4610 0.0000e+00
      0.739      0.023    10.4342    114.300     28.948  25.754165    23.6700    24.2634     0.1704     1.4805 1.9162e+02     6.8509      0.724      1.051    19.4590 0.0000e+00
      0.745      0.024    10.4601    114.287     28.916  25.727002    23.6700    24.3282     0.1704     1.4805 1.9707e+02     6.8962      0.730      1.059    19.4616 0.0000e+00
      0.751      0.024    10.4810    114.213     28.891  25.703821    23.6700    33.2891     0.1704     1.4805 1.9452e+02     7.1379      0.736      1.068    19.4673 0.0000e+00
      0.757      0.024    10.4944    114.114     28.889  25.698352    24.2100    33.2738     0.1704     1.7343 1.9092e+02     7.0322      0.742      1.077    19.4738 0.0000e+00
      0.764      0.025    10.4999    114.034     28.898  25.699181    24.2100    33.2624     0.1704     1.7343 1.8471e+02     7.1228      0.749      1.086    19.4791 0.0000e+00
      0.770      0.025    10.4982    114.016     28.897  25.688609    24.2100    33.2776     0.1704     1.7343 1.7740e+02     7.1833      0.755      1.095    19.4815 0.0000e+00
      0.776      0.024    10.4917    114.065     28.900  25.681735    24.2100    32.9305     0.1704     1.7343 1.7898e+02     7.4099      0.761      1.104    19.4799 0.0000e+00
      0.782      0.024    10.4841    114.152     28.928  25.698630    24.3000    32.8733     0.1278     1.6497 1.7728e+02     7.3645      0.767      1.113    19.4729 0.0000e+00
      0.789      0.023    10.4795    114.236     28.963  25.725876    24.3000    32.9038     0.1278     1.6497 1.7686e+02     7.3645      0.774      1.122    19.4600 0.0000e+00
      0.795      0.022    10.4813    114.290     28.974  25.732909    24.3000    32.9305     0.1278     1.6497 1.8315e+02     7.4099      0.779      1.130    19.4432 0.0000e+00
      0.800      0.022    10.4893    114.316     28.966  25.723595    24.3000    31.0384     0.1278     1.6497 1.8657e+02     7.3796      0.785      1.138    19.4270 0.0000e+00
      0.805      0.021    10.5000    114.313     28.971  25.725317    24.3900    31.0155     0.1704     1.7343 1.8391e+02     7.2588      0.790      1.145    19.4145 0.0000e+00
      0.810      0.021    10.5093    114.289     28.993  25.740527    24.3900    31.0536     0.1704     1.7343 1.8403e+02     7.5156      0.795      1.153    19.4067 0.0000e+00
      0.816      0.021    10.5152    114.278     29.015  25.755359    24.3900    31.0575     0.1704     1.7343 1.7767e+02     7.3796      0.800      1.160    19.4023 0.0000e+00
      0.821      0.021    10.5182    114.316     29.037  25.771776    24.3900    25.2590     0.1704     1.7343 1.7628e+02     6.7754      0.806      1.168    19.3989 0.0000e+00
      0.827      0.021    10.5190    114.412     29.054  25.786193    24.3900    25.2285     0.1704     1.7343 1.7373e+02     6.8660      0.811      1.176    19.3939 0.0000e+00
      0.832      0.021    10.5184    114.555     29.066  25.796481    24.3900    25.2552     0.1704     1.6920 1.7115e+02     6.8509      0.816      1.184    19.3867 0.0000e+00
      0.838      0.021    10.5189    114.715     29.090  25.817329    24.3900    25.2247     0.1704     1.6920 1.7115e+02     6.8358      0.821      1.191    19.3792 0.0000e+00
      0.843      0.022    10.5235    114.842     29.114  25.836377    24.3900    29.1997     0.1704     1.6920 1.7404e+02     7.1682      0.826      1.198    19.3740 0.0000e+00
      0.848      0.022    10.5328    114.889     29.134  25.850741    24.3900    29.2493     0.1704     1.6920 1.6820e+02     7.1077      0.831      1.206    19.3718 0.0000e+00
      0.854      0.023    10.5460    114.834     29.179  25.886151    24.3900    29.2340     0.1278     1.8189 1.6534e+02     7.0926      0.837      1.215    19.3717 0.0000e+00
      0.860      0.023    10.5609    114.690     29.224  25.922185    24.3900    29.2493     0.1278     1.8189 1.6380e+02     7.1077      0.843      1.223    19.3708 0.0000e+00
      0.866      0.023    10.5735    114.497     29.233  25.926637    24.3900    34.2886     0.1278     1.8189 1.6164e+02     7.8630      0.850      1.232    19.3669 0.0000e+00
      0.872      0.022    10.5792    114.300     29.221  25.912640    24.3900    34.3076     0.1278     1.8189 1.5841e+02     7.8177      0.855      1.241    19.3603 0.0000e+00
      0.878      0.021    10.5757    114.135     29.202  25.892391    24.4800    34.2733     0.1704     1.8612 1.5827e+02     7.8933      0.861      1.249    19.3529 0.0000e+00
      0.883      0.021    10.5639    114.025     29.180  25.868456    24.4800    34.2657     0.1704     1.8612 1.5786e+02     7.7724      0.866      1.256    19.3460 0.0000e+00
      0.888      0.020    10.5474    113.988     29.163  25.848389    24.4800    32.9839     0.1704     1.8612 1.5765e+02     7.4099      0.871      1.263    19.3401 0.0000e+00
      0.893      0.019    10.5304    114.031     29.158  25.838785    24.4800    32.9801     0.1704     1.8612 1.5796e+02     7.3796      0.876      1.270    19.3346 0.0000e+00
      0.898      0.019    10.5166    114.135     29.161  25.837084    24.5700    32.9420     0.1278     2.2842 1.5639e+02     7.3343      0.880      1.277    19.3283 0.0000e+00
      0.902      0.019    10.5080    114.258     29.161  25.832875    24.5700    32.9877     0.1278     2.2842 1.5622e+02     7.3494      0.885      1.284    19.3206 0.0000e+00
      0.907      0.019    10.5065    114.357     29.164  25.831011    24.5700    33.7011     0.1278     2.2842 1.5731e+02     7.5760      0.890      1.291    19.3116 0.0000e+00
      0.912      0.019    10.5124    114.408     29.177  25.838957    24.5700    33.6515     0.1278     2.2842 1.5917e+02     7.6062      0.895      1.297    19.3027 0.0000e+00
      0.917      0.019    10.5236    114.410     29.185  25.842904    24.5700    33.6286     0.1278     2.2842 1.5889e+02     7.6516      0.899      1.304    19.2952 0.0000e+00
      0.922      0.019    10.5363    114.392     29.172  25.829966    24.7500    33.6591     0.1704     2.2419 1.5837e+02     7.6667      0.904      1.312    19.2887 0.0000e+00
      0.927      0.019    10.5469    114.392     29.145  25.806649    24.7500    37.4777     0.1704     2.2419 1.5683e+02     7.8479      0.909      1.319    19.2816 0.0000e+00
