Data/DataNotYetUploadedToEDI/Raw_CTD/RawDownloads/050525_bvr50_S8188001.cnv
* Sea-Bird SBE19plus  Data File:
* FileName = C:\R\Reservoirs\Data\DataNotYetUploadedToEDI\Raw_CTD\RawDownloads\051925_bvr50_S8188_0001.hex
* Software version 2.8.0.119
* Temperature SN = 8188
* Conductivity SN = 8188
* System UpLoad Time = May 29 2025 15:47:59
* <ApplicationData>
* <Seaterm232>
# nquan = 16
# nvalues = 2146                        
# units = specified
# name 0 = depFM: Depth [fresh water, m]
# name 1 = dz/dtM: Descent Rate [m/s]
# name 2 = sbeox0Mg/L: Oxygen, SBE 43 [mg/l]
# name 3 = sbeox0PS: Oxygen, SBE 43 [% saturation]
# name 4 = specc: Specific Conductance [uS/cm]
# name 5 = c0uS/cm: Conductivity [uS/cm]
# name 6 = wetCDOM: Fluorescence, WET Labs CDOM [mg/m^3]
# name 7 = flECO-AFL: Fluorescence, WET Labs ECO-AFL/FL [mg/m^3]
# name 8 = flECO-AFL1: Fluorescence, WET Labs ECO-AFL/FL, 2 [mg/m^3]
# name 9 = flECO-AFL2: Fluorescence, WET Labs ECO-AFL/FL, 3 [mg/m^3]
# name 10 = par/sat/log: PAR/Logarithmic, Satlantic
# name 11 = turbWETntu0: Turbidity, WET Labs ECO [NTU]
# name 12 = prdM: Pressure, Strain Gauge [db]
# name 13 = prdE: Pressure, Strain Gauge [psi]
# name 14 = tv290C: Temperature [ITS-90, deg C]
# name 15 = flag:  0.000e+00
# span 0 =     -0.739,      5.776       
# span 1 =     -0.232,      0.178       
# span 2 =    -0.1012,    11.9167       
# span 3 =     -0.941,    131.624       
# span 4 =      1.414,     73.762       
# span 5 =   1.300824,  53.075471       
# span 6 =   -16.6500,    33.4800       
# span 7 =    -1.2039,    37.4891       
# span 8 =    -2.1300,    10.9482       
# span 9 =   -13.2822,     6.8949       
# span 10 = 1.1595e-01, 2.6058e+03      
# span 11 =    -1.0951,   212.6458      
# span 12 =     -0.725,      5.664      
# span 13 =     -1.051,      8.216      
# span 14 =    10.9683,    21.0385      
# span 15 = 0.0000e+00, 0.0000e+00      
# interval = seconds: 0.25
# start_time = May 05 2025 11:19:37 [Instrument's time stamp, header]
# bad_flag = -9.990e-29
*END*
[from data line 362]
      0.136      0.004     6.5351    109.396     28.814  26.075788    21.5100     4.3771     0.1704     1.0152 6.6471e+02     5.2647      0.133      0.194    20.3815 0.0000e+00
      0.137      0.003     7.1866    118.432     28.805  26.058567    21.5100     4.3885     0.1704     1.0152 6.5311e+02     5.1288      0.134      0.195    20.3359 0.0000e+00
      0.137      0.003     8.0281    125.421     28.797  26.046152    21.5100     4.4038     0.1704     1.0152 6.7007e+02     4.9928      0.135      0.196    20.2960 0.0000e+00
      0.138      0.002     8.9696    129.855     28.797  26.043198    21.5100     4.4152     0.1704     1.0152 6.6096e+02     4.8871      0.135      0.196    20.2652 0.0000e+00
      0.139      0.002     9.9002    131.624     28.809  26.052898    21.5100     4.4038     0.1704     1.0152 7.1118e+02     4.9324      0.136      0.197    20.2434 0.0000e+00
      0.139      0.002    10.7202    131.081     28.824  26.065892    21.5100     4.3809     0.1704     1.0152 9.0813e+02     4.9475      0.136      0.198    20.2289 0.0000e+00
      0.140      0.002    11.3541    128.953     28.829  26.069718    21.5100     4.0452     0.1704     1.0152 8.1836e+02     4.9022      0.137      0.199    20.2198 0.0000e+00
      0.140      0.001    11.7563    126.034     28.833  26.073358    21.5100     4.0032     0.1704     1.0152 7.5268e+02     4.9022      0.137      0.199    20.2144 0.0000e+00
      0.140      0.001    11.9167    122.926     28.846  26.085749    21.5100     4.0299     0.1278     1.0575 7.4584e+02     4.9626      0.138      0.200    20.2116 0.0000e+00
      0.141      0.001    11.8677    119.992     28.864  26.102230    21.5100     4.0452     0.1278     1.0575 6.9212e+02     4.9173      0.138      0.200    20.2103 0.0000e+00
      0.141      0.001    11.6750    117.415     28.891  26.127196    21.5100     4.2741     0.1278     1.0575 7.1195e+02     4.8115      0.138      0.201    20.2099 0.0000e+00
      0.141      0.001    11.4106    115.265     28.925  26.159340    21.5100     4.2512     0.1278     1.0575 7.0319e+02     4.9173      0.138      0.201    20.2100 0.0000e+00
      0.141      0.001    11.1291    113.537     28.940  26.173385    21.5100     4.3008     0.1704     1.0152 6.9710e+02     5.0230      0.138      0.201    20.2105 0.0000e+00
      0.142      0.001    10.8632    112.185     28.923  26.159136    21.5100     4.2474     0.1704     1.0152 7.3140e+02     5.0079      0.139      0.202    20.2113 0.0000e+00
      0.142      0.001    10.6297    111.143     28.908  26.146645    21.5100     3.9536     0.1704     1.0152 7.6455e+02     4.7360      0.139      0.202    20.2125 0.0000e+00
      0.142      0.001    10.4347    110.358     28.920  26.158466    21.5100     3.9727     0.1704     1.0152 7.1428e+02     4.6454      0.139      0.202    20.2140 0.0000e+00
      0.142      0.000    10.2779    109.787     28.938  26.175848    21.5100     3.9498     0.2130     0.9306 7.0365e+02     4.8267      0.139      0.202    20.2157 0.0000e+00
      0.142      0.000    10.1552    109.381     28.935  26.173558    21.5100     3.9574     0.2130     0.9306 7.6389e+02     4.6907      0.139      0.202    20.2175 0.0000e+00
      0.142      0.000    10.0605    109.086     28.912  26.152978    21.5100     4.0795     0.2130     0.9306 8.0356e+02     4.9022      0.139      0.202    20.2194 0.0000e+00
      0.142      0.000     9.9890    108.857     28.882  26.126540    21.5100     4.1100     0.2130     0.9306 9.8117e+02     4.9626      0.139      0.203    20.2211 0.0000e+00
      0.142      0.000     9.9371    108.671     28.852  26.099141    21.5100     4.0719     0.2130     0.9306 8.4639e+02     4.9928      0.139      0.203    20.2225 0.0000e+00
      0.143      0.000     9.9001    108.519     28.817  26.067457    21.5100     4.1024     0.1704     1.0152 8.3579e+02     4.8418      0.140      0.203    20.2237 0.0000e+00
      0.143      0.001     9.8732    108.387     28.782  26.034985    21.5100     4.2092     0.1704     1.0152 9.4456e+02     4.6152      0.140      0.203    20.2247 0.0000e+00
      0.143      0.001     9.8524    108.254     28.758  26.012979    21.5100     4.2130     0.1704     1.0152 1.0398e+03     4.7813      0.140      0.204    20.2252 0.0000e+00
      0.143      0.001     9.8356    108.112     28.757  26.011498    21.5100     4.2130     0.1704     1.0152 9.0008e+02     4.7662      0.140      0.204    20.2252 0.0000e+00
      0.144      0.001     9.8220    107.974     28.779  26.030148    21.6000     4.2283     0.1704     0.7614 7.2807e+02     4.8115      0.141      0.205    20.2246 0.0000e+00
      0.144      0.001     9.8102    107.857     28.801  26.050009    21.6000     4.6212     0.1704     0.7614 7.7593e+02     5.0079      0.141      0.205    20.2236 0.0000e+00
      0.144      0.001     9.7984    107.770     28.804  26.052483    21.6000     4.6212     0.1704     0.7614 9.2929e+02     4.9173      0.141      0.205    20.2224 0.0000e+00
      0.144      0.001     9.7858    107.716     28.788  26.038229    21.6000     4.6365     0.1704     0.7614 7.3379e+02     4.9475      0.141      0.205    20.2212 0.0000e+00
      0.144      0.001     9.7734    107.692     28.776  26.027341    21.6000     4.6441     0.1704     1.0575 9.7310e+02     4.9626      0.141      0.205    20.2204 0.0000e+00
      0.145      0.001     9.7629    107.695     28.782  26.032844    21.6000     4.5640     0.1704     1.0575 8.7863e+02     5.0079      0.142      0.206    20.2197 0.0000e+00
      0.145      0.000     9.7552    107.718     28.799  26.048241    21.6000     4.5678     0.1704     1.0575 8.2407e+02     4.9475      0.142      0.206    20.2192 0.0000e+00
      0.145      0.000     9.7503    107.761     28.810  26.057726    21.6000     4.5525     0.1704     1.0575 8.8861e+02     5.0533      0.142      0.206    20.2189 0.0000e+00
      0.145      0.000     9.7482    107.817     28.803  26.051882    21.6000     4.5716     0.1278     1.0152 7.3634e+02     4.9173      0.142      0.206    20.2189 0.0000e+00
      0.145      0.000     9.7484    107.879     28.787  26.037115    21.6000     4.5373     0.1278     1.0152 7.9022e+02     4.9928      0.142      0.206    20.2190 0.0000e+00
      0.145      0.000     9.7505    107.932     28.783  26.033381    21.6000     4.5525     0.1278     1.0152 8.4731e+02     4.9022      0.142      0.206    20.2192 0.0000e+00
      0.145      0.000     9.7543    107.960     28.807  26.055614    21.6000     4.5564     0.1278     1.0152 8.1676e+02     4.8720      0.142      0.206    20.2195 0.0000e+00
      0.145      0.000     9.7594    107.956     28.850  26.093812    21.6000     4.5449     0.1278     1.0152 9.6699e+02     5.0230      0.142      0.206    20.2196 0.0000e+00
      0.145      0.000     9.7650    107.937     28.886  26.126304    21.6000     4.8081     0.1278     0.8460 8.1712e+02     4.9626      0.142      0.206    20.2197 0.0000e+00
      0.145      0.000     9.7698    107.924     28.903  26.141843    21.6000     4.7700     0.1278     0.8460 7.4584e+02     5.0381      0.142      0.207    20.2196 0.0000e+00
      0.145      0.000     9.7723    107.930     28.910  26.148554    21.6000     4.7814     0.1278     0.8460 7.9074e+02     4.8720      0.142      0.207    20.2196 0.0000e+00
      0.145      0.000     9.7720    107.955     28.915  26.152211    21.6000     4.8272     0.1278     0.8460 7.7728e+02     4.9475      0.142      0.207    20.2196 0.0000e+00
      0.146      0.001     9.7703    107.995     28.905  26.141840    21.6000     4.8234     0.1278     1.0998 9.2808e+02     4.9928      0.143      0.207    20.2194 0.0000e+00
      0.146      0.001     9.7692    108.041     28.885  26.122640    21.6000     5.0523     0.1278     1.0998 8.0636e+02     4.9324      0.143      0.207    20.2191 0.0000e+00
      0.146      0.000     9.7698    108.081     28.876  26.113386    21.6000     5.0408     0.1278     1.0998 7.6938e+02     4.9324      0.143      0.207    20.2186 0.0000e+00
      0.146      0.000     9.7723    108.102     28.871  26.107628    21.6000     5.0523     0.1278     1.0998 7.6821e+02     4.7964      0.143      0.208    20.2175 0.0000e+00
      0.146      0.000     9.7763    108.098     28.868  26.103829    21.6900     5.0408     0.1278     1.0998 7.7223e+02     4.9022      0.143      0.208    20.2156 0.0000e+00
      0.146      0.001     9.7808    108.076     28.879  26.112923    21.6900     4.9416     0.1278     1.0998 8.0934e+02     4.9324      0.143      0.208    20.2133 0.0000e+00
      0.146      0.001     9.7849    108.048     28.884  26.117425    21.6900     4.9226     0.1278     1.0998 6.9741e+02     4.8871      0.143      0.208    20.2110 0.0000e+00
      0.146      0.001     9.7872    108.026     28.858  26.094641    21.6900     4.9111     0.1278     1.0998 8.6970e+02     4.9022      0.143      0.208    20.2091 0.0000e+00
      0.147      0.001     9.7872    108.017     28.817  26.058407    21.6900     4.9264     0.1278     1.0998 1.2268e+03     5.0533      0.144      0.209    20.2077 0.0000e+00
      0.147      0.002     9.7853    108.020     28.800  26.042865    21.6000     5.1782     0.1704     1.1421 8.8284e+02     5.2798      0.144      0.209    20.2069 0.0000e+00
      0.148      0.002     9.7828    108.031     28.818  26.059800    21.6000     5.1820     0.1704     1.1421 7.7914e+02     5.1892      0.145      0.210    20.2070 0.0000e+00
      0.148      0.002     9.7807    108.047     28.851  26.089835    21.6000     5.1743     0.1704     1.1421 9.4991e+02     5.2043      0.145      0.211    20.2077 0.0000e+00
      0.149      0.002     9.7796    108.058     28.856  26.095182    21.6000     5.1743     0.1704     1.1421 8.8996e+02     5.1892      0.146      0.212    20.2086 0.0000e+00
      0.149      0.002     9.7797    108.050     28.826  26.067312    21.6900     5.1095     0.1704     1.0998 8.6067e+02     5.4913      0.146      0.212    20.2093 0.0000e+00
      0.150      0.001     9.7806    108.019     28.801  26.044588    21.6900     5.0866     0.1704     1.0998 9.9968e+02     5.4913      0.147      0.213    20.2098 0.0000e+00
      0.150      0.001     9.7820    107.984     28.809  26.050819    21.6900     5.1019     0.1704     1.0998 8.5676e+02     5.4158      0.147      0.213    20.2102 0.0000e+00
      0.150      0.001     9.7830    107.968     28.834  26.071737    21.6900     5.1133     0.1704     1.0998 1.3254e+03     5.5367      0.147      0.213    20.2106 0.0000e+00
      0.150      0.000     9.7822    107.993     28.845  26.081062    21.6900     4.4457     0.1704     1.0998 1.3243e+03     8.1803      0.147      0.213    20.2104 0.0000e+00
      0.150      0.000     9.7797    108.067     28.842  26.077298    21.6900     4.4572     0.1704     1.0998 1.1278e+03     8.3465      0.147      0.213    20.2092 0.0000e+00
      0.150      0.000     9.7768    108.178     28.840  26.075369    21.6900     4.4495     0.1704     1.0998 8.5750e+02     8.2105      0.147      0.214    20.2073 0.0000e+00
      0.151      0.000     9.7758    108.314     28.840  26.074763    21.6900     4.4457     0.1704     1.0998 9.3131e+02     8.3011      0.148      0.214    20.2055 0.0000e+00
      0.151      0.000     9.7783    108.454     28.837  26.071335    21.6900     4.6861     0.1704     1.0998 8.5731e+02     9.1924      0.148      0.214    20.2041 0.0000e+00
      0.151      0.000     9.7852    108.570     28.830  26.064172    21.6900     4.6746     0.1704     1.0998 8.9988e+02     9.1924      0.148      0.214    20.2029 0.0000e+00
      0.151      0.000     9.7955    108.636     28.829  26.063308    21.6900     4.6708     0.1704     1.0998 9.3071e+02     9.2982      0.148      0.214    20.2016 0.0000e+00
      0.151      0.000     9.8081    108.649     28.831  26.064533    21.6900     4.6670     0.1704     1.0998 8.8245e+02     9.2377      0.148      0.214    20.2003 0.0000e+00
      0.151      0.000     9.8210    108.624     28.822  26.056225    21.6900     5.2735     0.1704     1.0998 9.9599e+02     7.8933      0.148      0.214    20.1992 0.0000e+00
      0.151      0.000     9.8317    108.583     28.813  26.048116    21.8700     5.3079     0.1278     1.0575 1.4461e+03     7.9235      0.148      0.214    20.1984 0.0000e+00
      0.151      0.000     9.8378    108.539     28.811  26.046009    21.8700     5.3079     0.1278     1.0575 1.0252e+03     7.8630      0.148      0.214    20.1980 0.0000e+00
      0.151      0.000     9.8390    108.496     28.833  26.065270    21.8700     5.2964     0.1278     1.0575 2.1010e+03     7.8630      0.148      0.214    20.1977 0.0000e+00
      0.151      0.000     9.8368    108.462     28.875  26.103072    21.8700     5.1629     0.1278     1.0575 9.1765e+02     6.8509      0.148      0.214    20.1973 0.0000e+00
      0.151      0.000     9.8332    108.448     28.891  26.117724    21.9600     5.1858     0.1704     1.1421 1.0914e+03     6.8358      0.148      0.214    20.1966 0.0000e+00
      0.150      0.000     9.8294    108.460     28.877  26.105169    21.9600     5.1553     0.1704     1.1421 8.1357e+02     6.8358      0.147      0.214    20.1958 0.0000e+00
      0.150      0.000     9.8256    108.497     28.869  26.097900    21.9600     5.1820     0.1704     1.1421 1.1468e+03     6.8207      0.147      0.214    20.1952 0.0000e+00
      0.150      0.000     9.8225    108.555     28.879  26.105927    21.9600     5.4147     0.1704     1.1421 8.9754e+02     6.5941      0.147      0.214    20.1951 0.0000e+00
      0.150      0.000     9.8212    108.627     28.899  26.123424    21.8700     5.4070     0.1278     0.9729 9.6783e+02     6.7301      0.147      0.214    20.1955 0.0000e+00
      0.150      0.000     9.8222    108.705     28.918  26.139128    21.8700     5.4299     0.1278     0.9729 7.4958e+02     6.6696      0.147      0.214    20.1959 0.0000e+00
      0.151      0.000     9.8256    108.766     28.918  26.137315    21.8700     5.4147     0.1278     0.9729 8.7577e+02     6.6394      0.148      0.214    20.1955 0.0000e+00
      0.151      0.000     9.8310    108.797     28.902  26.121485    21.8700     5.8534     0.1278     0.9729 1.0034e+03     5.9143      0.148      0.215    20.1944 0.0000e+00
      0.151      0.001     9.8378    108.805     28.889  26.107327    21.8700     5.8419     0.1704     1.0575 8.7653e+02     5.8992      0.148      0.215    20.1928 0.0000e+00
      0.151      0.001     9.8453    108.788     28.882  26.099029    21.8700     5.8381     0.1704     1.0575 1.5641e+03     5.8690      0.148      0.215    20.1907 0.0000e+00
      0.152      0.001     9.8515    108.753     28.884  26.098363    21.8700     5.8724     0.1704     1.0575 8.5008e+02     5.9596      0.149      0.216    20.1879 0.0000e+00
      0.152      0.001     9.8550    108.730     28.885  26.097186    21.8700     5.8953     0.1704     1.0575 1.0717e+03     5.3856      0.149      0.216    20.1845 0.0000e+00
      0.152      0.001     9.8564    108.748     28.872  26.083235    21.8700     5.8839     0.1704     1.0575 9.5800e+02     5.4309      0.149      0.216    20.1808 0.0000e+00
      0.152      0.001     9.8556    108.814     28.853  26.064739    21.7800     5.9220     0.0852     1.0152 8.6913e+02     5.3856      0.149      0.217    20.1768 0.0000e+00
      0.153      0.001     9.8532    108.922     28.837  26.048712    21.7800     5.9297     0.0852     1.0152 1.0143e+03     5.4460      0.150      0.217    20.1728 0.0000e+00
      0.153      0.001     9.8519    109.056     28.823  26.034862    21.7800     6.1814     0.0852     1.0152 1.0281e+03     5.3705      0.150      0.218    20.1688 0.0000e+00
      0.153      0.001     9.8543    109.195     28.819  26.031443    21.7800     6.1509     0.0852     1.0152 9.8802e+02     5.4460      0.150      0.218    20.1653 0.0000e+00
