Data/DataNotYetUploadedToEDI/Raw_CTD/RawDownloads/050525_bvr50_S8188001.cnv
* Sea-Bird SBE19plus  Data File:
* FileName = C:\R\Reservoirs\Data\DataNotYetUploadedToEDI\Raw_CTD\RawDownloads\051925_bvr50_S8188_0001.hex
* Software version 2.8.0.119
* Temperature SN = 8188
* Conductivity SN = 8188
* System UpLoad Time = May 29 2025 15:47:59
* <ApplicationData>
* <Seaterm232>
# nquan = 16
# nvalues = 2146                        
# units = specified
# name 0 = depFM: Depth [fresh water, m]
# name 1 = dz/dtM: Descent Rate [m/s]
# name 2 = sbeox0Mg/L: Oxygen, SBE 43 [mg/l]
# name 3 = sbeox0PS: Oxygen, SBE 43 [% saturation]
# name 4 = specc: Specific Conductance [uS/cm]
# name 5 = c0uS/cm: Conductivity [uS/cm]
# name 6 = wetCDOM: Fluorescence, WET Labs CDOM [mg/m^3]
# name 7 = flECO-AFL: Fluorescence, WET Labs ECO-AFL/FL [mg/m^3]
# name 8 = flECO-AFL1: Fluorescence, WET Labs ECO-AFL/FL, 2 [mg/m^3]
# name 9 = flECO-AFL2: Fluorescence, WET Labs ECO-AFL/FL, 3 [mg/m^3]
# name 10 = par/sat/log: PAR/Logarithmic, Satlantic
# name 11 = turbWETntu0: Turbidity, WET Labs ECO [NTU]
# name 12 = prdM: Pressure, Strain Gauge [db]
# name 13 = prdE: Pressure, Strain Gauge [psi]
# name 14 = tv290C: Temperature [ITS-90, deg C]
# name 15 = flag:  0.000e+00
# span 0 =     -0.739,      5.776       
# span 1 =     -0.232,      0.178       
# span 2 =    -0.1012,    11.9167       
# span 3 =     -0.941,    131.624       
# span 4 =      1.414,     73.762       
# span 5 =   1.300824,  53.075471       
# span 6 =   -16.6500,    33.4800       
# span 7 =    -1.2039,    37.4891       
# span 8 =    -2.1300,    10.9482       
# span 9 =   -13.2822,     6.8949       
# span 10 = 1.1595e-01, 2.6058e+03      
# span 11 =    -1.0951,   212.6458      
# span 12 =     -0.725,      5.664      
# span 13 =     -1.051,      8.216      
# span 14 =    10.9683,    21.0385      
# span 15 = 0.0000e+00, 0.0000e+00      
# interval = seconds: 0.25
# start_time = May 05 2025 11:19:37 [Instrument's time stamp, header]
# bad_flag = -9.990e-29
*END*
[from data line 1176]
      1.277      0.030     9.8368    104.996     29.500  25.495979    25.9200    24.7784     0.2130     5.9643 9.8960e+01     6.3675      1.252      1.816    18.2871 0.0000e+00
      1.285      0.031     9.8358    105.108     29.508  25.481310    25.9200    24.7479     0.2130     5.9643 9.6938e+01     6.2920      1.260      1.828    18.2816 0.0000e+00
      1.294      0.031     9.8489    105.055     29.518  25.468792    25.9200    24.7402     0.2130     5.9643 9.4422e+01     6.3524      1.268      1.840    18.2671 0.0000e+00
      1.302      0.030     9.8716    104.793     29.522  25.451104    25.9200    23.2639     0.2130     5.9643 9.2092e+01     6.1711      1.276      1.852    18.2418 0.0000e+00
      1.310      0.029     9.8964    104.332     29.505  25.415564    25.8300    23.2487     0.1704     5.7105 9.0682e+01     6.1711      1.284      1.863    18.2089 0.0000e+00
      1.317      0.027     9.9144    103.719     29.481  25.374595    25.8300    23.2372     0.1704     5.7105 8.8329e+01     6.0956      1.291      1.873    18.1724 0.0000e+00
      1.324      0.025     9.9167    103.026     29.470  25.349131    25.8300    23.2448     0.1704     5.7105 8.7147e+01     6.2467      1.298      1.882    18.1358 0.0000e+00
      1.330      0.023     9.8991    102.318     29.469  25.338351    25.8300    23.7179     0.1704     5.7105 8.4978e+01     6.0654      1.304      1.891    18.1003 0.0000e+00
      1.335      0.021     9.8626    101.632     29.474  25.339382    25.8300    23.6530     0.1704     5.9220 8.4169e+01     5.8539      1.309      1.899    18.0653 0.0000e+00
      1.340      0.019     9.8115    100.993     29.470  25.338560    25.8300    23.6721     0.1704     5.9220 8.4517e+01     5.9294      1.314      1.906    18.0316 0.0000e+00
      1.345      0.017     9.7515    100.440     29.444  25.321728    25.8300    23.6721     0.1704     5.9220 8.4978e+01     5.9747      1.318      1.912    18.0039 0.0000e+00
      1.348      0.016     9.6878    100.034     29.420  25.306300    25.8300    23.6721     0.1704     5.9220 8.4756e+01     5.8690      1.322      1.917    17.9870 0.0000e+00
      1.352      0.015     9.6240     99.829     29.421  25.310067    25.6500    22.6841     0.2130     5.6259 8.5571e+01     5.9899      1.326      1.923    17.9818 0.0000e+00
      1.356      0.015     9.5626     99.850     29.449  25.332040    25.6500    22.7260     0.2130     5.6259 8.4719e+01     5.8539      1.329      1.928    17.9863 0.0000e+00
      1.359      0.014     9.5084    100.078     29.488  25.358170    25.6500    22.6917     0.2130     5.6259 8.4187e+01     5.9294      1.333      1.933    17.9959 0.0000e+00
      1.363      0.015     9.4683    100.452     29.521  25.377503    25.6500    22.7108     0.2130     5.6259 8.4023e+01     5.8690      1.336      1.938    18.0051 0.0000e+00
      1.366      0.015     9.4481    100.884     29.547  25.393203    25.6500    22.0356     0.2130     5.6259 8.3495e+01     6.0352      1.340      1.944    18.0094 0.0000e+00
      1.370      0.015     9.4507    101.283     29.561  25.403482    25.6500    22.0356     0.2130     5.3721 8.2038e+01     5.8690      1.344      1.949    18.0057 0.0000e+00
      1.374      0.015     9.4747    101.562     29.555  25.401125    25.6500    22.0050     0.2130     5.3721 8.1311e+01     5.8690      1.347      1.955    17.9938 0.0000e+00
      1.378      0.014     9.5131    101.681     29.541  25.391480    25.6500    22.0203     0.2130     5.3721 7.9511e+01     5.8992      1.351      1.960    17.9779 0.0000e+00
      1.382      0.014     9.5563    101.657     29.529  25.381928    25.6500    19.3233     0.2130     5.3721 7.8158e+01     5.6273      1.355      1.966    17.9664 0.0000e+00
      1.385      0.013     9.5945    101.535     29.531  25.381871    25.6500    19.3309     0.1704     5.4144 7.7162e+01     5.6273      1.358      1.971    17.9641 0.0000e+00
      1.388      0.011     9.6202    101.368     29.559  25.399257    25.6500    19.3271     0.1704     5.4144 7.6461e+01     5.6575      1.361      1.975    17.9679 0.0000e+00
      1.391      0.010     9.6306    101.204     29.608  25.430757    25.6500    19.3156     0.1704     5.4144 7.5487e+01     5.5518      1.364      1.979    17.9722 0.0000e+00
      1.393      0.010     9.6280    101.073     29.648  25.450923    25.6500    18.9456     0.1704     5.4144 7.5209e+01     5.3856      1.366      1.982    17.9738 0.0000e+00
      1.395      0.009     9.6171    100.987     29.644  25.433274    25.6500    18.9761     0.2130     5.4567 7.4834e+01     5.3705      1.369      1.985    17.9703 0.0000e+00
      1.398      0.008     9.6034    100.935     29.616  25.396995    25.6500    18.9418     0.2130     5.4567 7.3848e+01     5.4913      1.371      1.988    17.9597 0.0000e+00
      1.400      0.008     9.5915    100.887     29.590  25.364269    25.6500    18.9380     0.2130     5.4567 7.2860e+01     5.3554      1.373      1.991    17.9413 0.0000e+00
      1.402      0.009     9.5837    100.806     29.566  25.332343    25.6500    17.1908     0.2130     5.4567 7.2797e+01     5.4007      1.374      1.994    17.9175 0.0000e+00
      1.404      0.009     9.5804    100.665     29.551  25.304650    25.4700    17.1489     0.1704     5.2875 7.2544e+01     5.3856      1.376      1.997    17.8932 0.0000e+00
      1.406      0.010     9.5796    100.436     29.560  25.291725    25.4700    17.1756     0.1704     5.2875 7.2151e+01     5.4460      1.379      2.000    17.8724 0.0000e+00
      1.409      0.011     9.5785    100.090     29.588  25.292110    25.4700    17.1679     0.1704     5.2875 7.1371e+01     5.3705      1.381      2.004    17.8546 0.0000e+00
      1.412      0.011     9.5745     99.622     29.613  25.289978    25.4700    14.8753     0.1704     5.2875 7.0477e+01     5.1590      1.384      2.008    17.8358 0.0000e+00
      1.415      0.011     9.5660     99.052     29.633  25.284760    25.4700    14.8409     0.1704     5.2875 6.9308e+01     5.0533      1.387      2.013    17.8110 0.0000e+00
      1.418      0.011     9.5508     98.404     29.650  25.281037    25.2000    14.8600     0.1704     4.4415 6.8589e+01     5.1590      1.390      2.017    17.7772 0.0000e+00
      1.421      0.011     9.5257     97.715     29.649  25.269850    25.2000    14.8409     0.1704     4.4415 6.7642e+01     5.1288      1.393      2.021    17.7375 0.0000e+00
      1.424      0.010     9.4889     97.052     29.641  25.262152    25.2000    15.1194     0.1704     4.4415 6.7392e+01     5.2950      1.396      2.025    17.6975 0.0000e+00
      1.426      0.009     9.4419     96.491     29.628  25.259874    25.2000    15.1003     0.1704     4.4415 6.6693e+01     5.1288      1.398      2.029    17.6603 0.0000e+00
      1.428      0.008     9.3861     96.108     29.599  25.248471    24.9300    15.1080     0.1704     4.6953 6.6332e+01     5.1590      1.400      2.031    17.6293 0.0000e+00
      1.430      0.007     9.3240     95.963     29.578  25.246805    24.9300    15.0927     0.1704     4.6953 6.5987e+01     5.1137      1.402      2.034    17.6111 0.0000e+00
      1.431      0.006     9.2610     96.076     29.581  25.268370    24.9300    15.4475     0.1704     4.6953 6.5686e+01     5.1288      1.404      2.036    17.6101 0.0000e+00
      1.433      0.005     9.2048     96.429     29.580  25.289051    24.9300    15.4017     0.1704     4.6953 6.5288e+01     5.0835      1.405      2.038    17.6239 0.0000e+00
      1.434      0.005     9.1640     96.986     29.547  25.282507    25.0200    15.4437     0.2130     4.8222 6.4892e+01     5.1892      1.406      2.040    17.6465 0.0000e+00
      1.435      0.004     9.1450     97.684     29.487  25.250975    25.0200    15.4055     0.2130     4.8222 6.4498e+01     5.1288      1.407      2.041    17.6741 0.0000e+00
      1.436      0.004     9.1496     98.441     29.426  25.213924    25.0200    14.3870     0.2130     4.8222 6.4302e+01     5.1892      1.408      2.043    17.7063 0.0000e+00
      1.437      0.004     9.1763     99.172     29.387  25.191341    25.0200    14.4175     0.2130     4.8222 6.3898e+01     5.1439      1.409      2.044    17.7425 0.0000e+00
      1.438      0.004     9.2221     99.801     29.383  25.193131    25.0200    14.3603     0.1704     4.7376 6.3511e+01     5.2647      1.410      2.045    17.7800 0.0000e+00
      1.439      0.004     9.2821    100.270     29.403  25.207828    25.0200    14.3794     0.1704     4.7376 6.3235e+01     5.1590      1.411      2.047    17.8134 0.0000e+00
      1.441      0.005     9.3491    100.551     29.440  25.227403    25.0200    14.8142     0.1704     4.7376 6.2906e+01     4.9324      1.412      2.048    17.8392 0.0000e+00
      1.442      0.005     9.4151    100.643     29.496  25.257077    25.0200    14.7990     0.1704     4.7376 6.2443e+01     4.9324      1.414      2.050    17.8573 0.0000e+00
      1.443      0.006     9.4731    100.571     29.557  25.286839    25.0200    14.8409     0.1704     4.7376 6.1742e+01     4.9324      1.415      2.052    17.8664 0.0000e+00
      1.445      0.007     9.5185    100.367     29.596  25.296752    25.1100    14.8028     0.1704     4.6107 6.1728e+01     4.8720      1.417      2.054    17.8619 0.0000e+00
      1.446      0.008     9.5491    100.048     29.615  25.289457    25.1100    15.2224     0.1704     4.6107 6.1287e+01     4.9173      1.418      2.057    17.8418 0.0000e+00
      1.448      0.009     9.5640     99.626     29.623  25.274955    25.1100    15.2377     0.1704     4.6107 6.0349e+01     4.9626      1.420      2.060    17.8099 0.0000e+00
      1.451      0.010     9.5646     99.111     29.627  25.259332    25.1100    15.2453     0.1704     4.6107 5.9399e+01     4.8720      1.422      2.063    17.7721 0.0000e+00
      1.453      0.012     9.5531     98.522     29.631  25.244396    25.3800    15.2224     0.1704     4.8222 5.9231e+01     4.9324      1.425      2.066    17.7319 0.0000e+00
      1.456      0.013     9.5306     97.895     29.625  25.220190    25.3800    14.5510     0.1704     4.8222 5.8642e+01     4.9626      1.428      2.071    17.6921 0.0000e+00
      1.460      0.015     9.4974     97.262     29.615  25.186232    25.3800    14.5396     0.1704     4.8222 5.7707e+01     4.9928      1.431      2.076    17.6559 0.0000e+00
      1.464      0.017     9.4545     96.649     29.603  25.143421    25.3800    14.5892     0.1704     4.8222 5.6614e+01     4.9022      1.435      2.082    17.6239 0.0000e+00
      1.469      0.018     9.4041     96.066     29.583  25.088305    25.4700    14.5815     0.2130     5.2875 5.5457e+01     4.9324      1.440      2.089    17.5941 0.0000e+00
      1.474      0.019     9.3507     95.498     29.575  25.042022    25.4700    13.9521     0.2130     5.2875 5.4478e+01     5.4460      1.445      2.096    17.5607 0.0000e+00
      1.479      0.020     9.2985     94.908     29.602  25.028069    25.4700    13.9750     0.2130     5.2875 5.3819e+01     5.3856      1.450      2.104    17.5179 0.0000e+00
      1.484      0.020     9.2502     94.245     29.649  25.038740    25.4700    13.9635     0.2130     5.2875 5.2434e+01     5.3252      1.455      2.111    17.4635 0.0000e+00
      1.490      0.020     9.2065     93.456     29.689  25.052986    25.4700    13.9521     0.2130     5.2875 5.1833e+01     5.4460      1.461      2.119    17.3994 0.0000e+00
      1.495      0.020     9.1649     92.510     29.715  25.058679    25.3800    14.9401     0.2130     5.1606 5.1006e+01     5.4158      1.466      2.126    17.3319 0.0000e+00
      1.500      0.020     9.1200     91.420     29.730  25.053354    25.3800    14.9477     0.2130     5.1606 5.0062e+01     5.4158      1.471      2.133    17.2700 0.0000e+00
      1.505      0.020     9.0654     90.248     29.739  25.039572    25.3800    14.9325     0.2130     5.1606 4.9823e+01     5.4158      1.475      2.140    17.2217 0.0000e+00
      1.510      0.020     8.9957     89.073     29.749  25.025605    25.3800    14.9401     0.2130     5.1606 4.9103e+01     5.4611      1.480      2.147    17.1884 0.0000e+00
      1.515      0.020     8.9094     87.982     29.761  25.015691    25.2900    14.4251     0.1704     5.2452 4.8351e+01     5.3856      1.485      2.154    17.1620 0.0000e+00
      1.520      0.021     8.8100     87.041     29.769  25.003202    25.2900    14.4175     0.1704     5.2452 4.7559e+01     5.4611      1.490      2.161    17.1315 0.0000e+00
      1.525      0.022     8.7036     86.269     29.756  24.972863    25.2900    14.4251     0.1704     5.2452 4.6446e+01     5.3856      1.495      2.169    17.0952 0.0000e+00
      1.531      0.022     8.5969     85.654     29.727  24.926536    25.2900    14.4518     0.1704     5.2452 4.5874e+01     5.5820      1.501      2.177    17.0580 0.0000e+00
      1.537      0.023     8.4978     85.158     29.713  24.891690    24.8400    13.6965     0.1704     4.7799 4.4645e+01     5.2194      1.507      2.185    17.0238 0.0000e+00
      1.543      0.023     8.4126     84.714     29.732  24.884914    24.8400    13.6889     0.1704     4.7799 4.3714e+01     5.1892      1.513      2.194    16.9918 0.0000e+00
      1.549      0.023     8.3439     84.256     29.768  24.894445    24.8400    13.7385     0.1704     4.7799 4.3054e+01     5.1741      1.519      2.203    16.9584 0.0000e+00
      1.555      0.023     8.2908     83.729     29.785  24.890967    24.8400    13.7194     0.1704     4.7799 4.2459e+01     5.1892      1.524      2.211    16.9216 0.0000e+00
      1.561      0.023     8.2494     83.109     29.772  24.863596    24.6600    10.0534     0.2130     4.3146 4.1846e+01     5.2043      1.530      2.220    16.8832 0.0000e+00
      1.566      0.023     8.2129     82.408     29.748  24.830917    24.6600    10.0649     0.2130     4.3146 4.1178e+01     5.1590      1.536      2.228    16.8458 0.0000e+00
      1.572      0.023     8.1744     81.671     29.738  24.812090    24.6600    10.0725     0.2130     4.3146 4.0689e+01     5.1892      1.542      2.236    16.8111 0.0000e+00
      1.578      0.022     8.1286     80.958     29.746  24.812048    24.6600    10.0687     0.2130     4.3146 4.0145e+01     5.2647      1.548      2.244    16.7801 0.0000e+00
      1.584      0.022     8.0730     80.336     29.767  24.826799    24.6600    10.0763     0.2130     4.3146 3.9427e+01     4.8871      1.553      2.253    16.7534 0.0000e+00
      1.590      0.022     8.0086     79.866     29.787  24.842356    24.6600    10.0801     0.1278     3.7224 3.8933e+01     4.9626      1.559      2.261    16.7313 0.0000e+00
      1.595      0.022     7.9398     79.576     29.795  24.848930    24.6600    10.0839     0.1278     3.7224 3.8437e+01     4.9475      1.564      2.269    16.7144 0.0000e+00
      1.601      0.021     7.8723     79.450     29.809  24.856241    24.6600    10.0458     0.1278     3.7224 3.7586e+01     4.8871      1.570      2.277    16.7031 0.0000e+00
      1.606      0.021     7.8128     79.448     29.833  24.864245    24.6600    10.1869     0.1278     3.7224 3.7067e+01     4.9022      1.575      2.285    16.6975 0.0000e+00
      1.612      0.020     7.7673     79.511     29.862  24.871096    24.5700    10.1869     0.1704     3.8070 3.6532e+01     5.0079      1.580      2.292    16.6966 0.0000e+00
      1.617      0.019     7.7391     79.579     29.902  24.884593    24.5700    10.1717     0.1704     3.8070 3.6105e+01     4.9022      1.585      2.299    16.6961 0.0000e+00
      1.622      0.019     7.7282     79.608     29.946  24.904350    24.5700    10.2022     0.1704     3.8070 3.5638e+01     4.9173      1.590      2.306    16.6887 0.0000e+00
      1.626      0.018     7.7311     79.580     29.985  24.923689    24.5700     9.3210     0.1704     3.8070 3.5283e+01     4.6756      1.595      2.313    16.6692 0.0000e+00
