Data/DataNotYetUploadedToEDI/Raw_CTD/RawDownloads/050525_bvr50_S8188001.cnv
* Sea-Bird SBE19plus  Data File:
* FileName = C:\R\Reservoirs\Data\DataNotYetUploadedToEDI\Raw_CTD\RawDownloads\051925_bvr50_S8188_0001.hex
* Software version 2.8.0.119
* Temperature SN = 8188
* Conductivity SN = 8188
* System UpLoad Time = May 29 2025 15:47:59
* <ApplicationData>
* <Seaterm232>
# nquan = 16
# nvalues = 2146                        
# units = specified
# name 0 = depFM: Depth [fresh water, m]
# name 1 = dz/dtM: Descent Rate [m/s]
# name 2 = sbeox0Mg/L: Oxygen, SBE 43 [mg/l]
# name 3 = sbeox0PS: Oxygen, SBE 43 [% saturation]
# name 4 = specc: Specific Conductance [uS/cm]
# name 5 = c0uS/cm: Conductivity [uS/cm]
# name 6 = wetCDOM: Fluorescence, WET Labs CDOM [mg/m^3]
# name 7 = flECO-AFL: Fluorescence, WET Labs ECO-AFL/FL [mg/m^3]
# name 8 = flECO-AFL1: Fluorescence, WET Labs ECO-AFL/FL, 2 [mg/m^3]
# name 9 = flECO-AFL2: Fluorescence, WET Labs ECO-AFL/FL, 3 [mg/m^3]
# name 10 = par/sat/log: PAR/Logarithmic, Satlantic
# name 11 = turbWETntu0: Turbidity, WET Labs ECO [NTU]
# name 12 = prdM: Pressure, Strain Gauge [db]
# name 13 = prdE: Pressure, Strain Gauge [psi]
# name 14 = tv290C: Temperature [ITS-90, deg C]
# name 15 = flag:  0.000e+00
# span 0 =     -0.739,      5.776       
# span 1 =     -0.232,      0.178       
# span 2 =    -0.1012,    11.9167       
# span 3 =     -0.941,    131.624       
# span 4 =      1.414,     73.762       
# span 5 =   1.300824,  53.075471       
# span 6 =   -16.6500,    33.4800       
# span 7 =    -1.2039,    37.4891       
# span 8 =    -2.1300,    10.9482       
# span 9 =   -13.2822,     6.8949       
# span 10 = 1.1595e-01, 2.6058e+03      
# span 11 =    -1.0951,   212.6458      
# span 12 =     -0.725,      5.664      
# span 13 =     -1.051,      8.216      
# span 14 =    10.9683,    21.0385      
# span 15 = 0.0000e+00, 0.0000e+00      
# interval = seconds: 0.25
# start_time = May 05 2025 11:19:37 [Instrument's time stamp, header]
# bad_flag = -9.990e-29
*END*
[from data line 181]
      0.042      0.000     5.3973     59.567     28.953  26.472666    20.9700     5.3079     0.1278     0.8883 3.1042e+02     4.8871      0.041      0.059    20.7110 0.0000e+00
      0.042      0.000     5.3827     59.420     28.948  26.468419    20.9700     5.2926     0.1278     0.9306 2.9812e+02     5.0381      0.041      0.059    20.7111 0.0000e+00
      0.042      0.000     5.3682     59.282     28.951  26.470761    20.9700     5.3040     0.1278     0.9306 2.9793e+02     4.9928      0.041      0.059    20.7113 0.0000e+00
      0.042      0.000     5.3538     59.143     28.957  26.476334    20.9700     5.4795     0.1278     0.9306 2.8132e+02     4.9022      0.041      0.059    20.7114 0.0000e+00
      0.042      0.000     5.3398     59.004     28.964  26.482641    20.9700     5.4910     0.1278     0.9306 2.8932e+02     4.9777      0.041      0.059    20.7115 0.0000e+00
      0.042      0.000     5.3266     58.868     28.974  26.491365    20.9700     5.4719     0.1278     0.9306 2.7248e+02     4.9626      0.041      0.059    20.7115 0.0000e+00
      0.042      0.000     5.3142     58.736     28.980  26.496866    20.9700     5.4872     0.1278     0.8883 2.6552e+02     4.9324      0.041      0.059    20.7116 0.0000e+00
      0.042      0.000     5.3018     58.607     28.975  26.492647    20.9700     4.9798     0.1278     0.8883 2.7569e+02     5.0381      0.041      0.059    20.7117 0.0000e+00
      0.042      0.000     5.2893     58.482     28.967  26.485547    20.9700     4.9912     0.1278     0.8883 2.9728e+02     5.0381      0.041      0.059    20.7117 0.0000e+00
      0.042      0.000     5.2772     58.365     28.963  26.481639    20.9700     4.9951     0.1278     0.8883 2.6778e+02     4.9626      0.041      0.059    20.7117 0.0000e+00
      0.042      0.000     5.2653     58.255     28.957  26.475897    20.9700     4.9874     0.1704     0.8460 2.7840e+02     4.8720      0.041      0.059    20.7117 0.0000e+00
      0.041      0.000     5.2537     58.150     28.947  26.466791    20.9700     5.0599     0.1704     0.8460 2.7852e+02     5.0079      0.041      0.059    20.7117 0.0000e+00
      0.041      0.000     5.2425     58.044     28.939  26.459857    20.9700     5.0523     0.1704     0.8460 3.2619e+02     5.0684      0.041      0.059    20.7118 0.0000e+00
      0.042      0.000     5.2320     57.931     28.936  26.457228    20.9700     5.0485     0.1704     0.8460 3.3876e+02     4.9022      0.041      0.059    20.7118 0.0000e+00
      0.042      0.001     5.2222     57.815     28.937  26.458204    21.0600     5.0485     0.1704     0.9306 4.0028e+02     4.9626      0.041      0.060    20.7118 0.0000e+00
      0.042      0.001     5.2128     57.699     28.938  26.459061    21.0600     5.3155     0.1704     0.9306 4.1498e+02     4.9626      0.041      0.060    20.7118 0.0000e+00
      0.042      0.001     5.2032     57.585     28.935  26.456047    21.0600     5.2812     0.1704     0.9306 4.6382e+02     4.9475      0.041      0.060    20.7118 0.0000e+00
      0.042      0.000     5.1931     57.479     28.926  26.448357    21.0600     5.3002     0.1704     0.9306 5.9861e+02     4.9777      0.041      0.061    20.7118 0.0000e+00
      0.043      0.000     5.1828     57.390     28.915  26.437922    21.1500     5.2850     0.1704     0.9729 6.2915e+02     4.9022      0.042      0.061    20.7118 0.0000e+00
      0.043      0.000     5.1724     57.313     28.906  26.429926    21.1500     5.3575     0.1704     0.9729 8.9910e+02     4.7964      0.042      0.061    20.7118 0.0000e+00
      0.043      0.000     5.1621     57.239     28.902  26.426218    21.1500     5.3384     0.1704     0.9729 5.3175e+02     4.7360      0.042      0.061    20.7118 0.0000e+00
      0.042      0.000     5.1526     57.165     28.902  26.425810    21.1500     5.3727     0.1704     0.9729 4.7360e+02     4.8418      0.042      0.061    20.7118 0.0000e+00
      0.042     -0.001     5.1447     57.090     28.900  26.424609    21.1500     5.3536     0.1704     0.9729 5.7203e+02     4.7511      0.042      0.061    20.7118 0.0000e+00
      0.042     -0.001     5.1377     57.013     28.898  26.422297    21.0600     5.1095     0.1704     0.8883 6.6644e+02     4.7662      0.041      0.060    20.7118 0.0000e+00
      0.042     -0.002     5.1311     56.931     28.898  26.422240    21.0600     5.1171     0.1704     0.8883 5.5549e+02     4.7662      0.041      0.060    20.7118 0.0000e+00
      0.041     -0.002     5.1245     56.840     28.896  26.420438    21.0600     5.1171     0.1704     0.8883 4.5881e+02     4.7058      0.041      0.059    20.7118 0.0000e+00
      0.040     -0.001     5.1178     56.747     28.892  26.416412    21.0600     5.1248     0.1704     0.8883 3.8795e+02     4.6756      0.040      0.058    20.7118 0.0000e+00
      0.040      0.000     5.1109     56.660     28.893  26.417053    21.0600     5.0942     0.1278     0.8460 4.2697e+02     5.0381      0.039      0.057    20.7117 0.0000e+00
      0.039      0.002     5.1035     56.574     28.904  26.426515    21.0600     5.1286     0.1278     0.8460 4.0229e+02     4.9324      0.039      0.056    20.7115 0.0000e+00
      0.040      0.004     5.0953     56.493     28.923  26.443338    21.0600     5.1095     0.1278     0.8460 3.7169e+02     4.9324      0.039      0.057    20.7112 0.0000e+00
      0.041      0.007     5.0871     56.434     28.942  26.460060    21.0600     5.1286     0.1278     0.8460 3.9270e+02     4.8720      0.040      0.059    20.7108 0.0000e+00
      0.044      0.010     5.0793     56.420     28.953  26.469194    20.9700     4.8234     0.1704     0.7614 3.6284e+02     4.6756      0.043      0.062    20.7101 0.0000e+00
      0.047      0.013     5.0717     56.481     28.959  26.473177    20.9700     4.8158     0.1704     0.7614 3.8160e+02     4.7360      0.046      0.066    20.7091 0.0000e+00
      0.050      0.016     5.0647     56.648     28.964  26.477051    20.9700     4.7967     0.1704     0.7614 4.3559e+02     4.7058      0.049      0.071    20.7078 0.0000e+00
      0.054      0.019     5.0595     56.963     28.972  26.481851    20.9700     4.8158     0.1704     0.7614 3.2477e+02     4.6907      0.053      0.077    20.7065 0.0000e+00
      0.059      0.023     5.0584     57.509     28.982  26.488856    21.0600     4.7318     0.1278     1.0575 3.2882e+02     4.6454      0.058      0.084    20.7050 0.0000e+00
      0.065      0.028     5.0640     58.431     28.999  26.499934    21.0600     4.7624     0.1278     1.0575 3.6079e+02     4.7662      0.063      0.092    20.7033 0.0000e+00
      0.072      0.033     5.0792     59.925     29.024  26.518039    21.0600     4.7624     0.1278     1.0575 4.0115e+02     4.7360      0.071      0.102    20.7010 0.0000e+00
      0.081      0.037     5.1078     62.123     29.053  26.540034    21.0600     4.7356     0.1278     1.0575 3.2982e+02     4.6907      0.080      0.116    20.6978 0.0000e+00
      0.093      0.039     5.1572     64.981     29.081  26.559838    21.0600     5.7389     0.1278     1.0575 3.0713e+02     4.9928      0.091      0.132    20.6933 0.0000e+00
      0.105      0.039     5.2406     68.311     29.102  26.574765    21.0600     5.7160     0.1704     0.8460 3.2456e+02     5.0684      0.103      0.150    20.6869 0.0000e+00
      0.116      0.037     5.3756     71.897     29.112  26.580832    21.0600     5.7199     0.1704     0.8460 3.1259e+02     5.0381      0.114      0.166    20.6788 0.0000e+00
      0.126      0.034     5.5738     75.532     29.117  26.583638    21.0600     5.7122     0.1704     0.8460 3.4892e+02     4.9928      0.123      0.179    20.6698 0.0000e+00
      0.133      0.030     5.8312     79.003     29.127  26.591896    21.0600     5.4719     0.1704     0.8460 4.3787e+02     4.9324      0.131      0.190    20.6610 0.0000e+00
      0.140      0.026     6.1308     82.071     29.137  26.599844    21.2400     5.4681     0.1704     1.0152 3.2484e+02     4.9777      0.137      0.199    20.6538 0.0000e+00
      0.146      0.021     6.4533     84.500     29.139  26.601637    21.2400     5.4528     0.1704     1.0152 2.8439e+02     4.9324      0.143      0.208    20.6484 0.0000e+00
      0.151      0.017     6.7800     86.147     29.139  26.601735    21.2400     5.4795     0.1704     1.0152 3.1306e+02     4.8871      0.149      0.216    20.6448 0.0000e+00
      0.156      0.012     7.0919     87.020     29.142  26.604146    21.2400     5.7389     0.1704     1.0152 3.5573e+02     4.9173      0.153      0.222    20.6427 0.0000e+00
      0.158      0.007     7.3673     87.239     29.144  26.605531    21.3300     5.7275     0.1278     0.8460 3.6840e+02     4.9928      0.155      0.225    20.6418 0.0000e+00
      0.159      0.002     7.5853     86.961     29.141  26.602278    21.3300     5.7237     0.1278     0.8460 4.0801e+02     4.9022      0.156      0.226    20.6415 0.0000e+00
      0.158     -0.004     7.7332     86.349     29.141  26.601483    21.3300     5.7504     0.1278     0.8460 3.4112e+02     5.0381      0.156      0.226    20.6413 0.0000e+00
      0.157     -0.010     7.8117     85.593     29.148  26.606917    21.3300     5.6588     0.1278     0.8460 3.5534e+02     4.9475      0.154      0.224    20.6409 0.0000e+00
      0.154     -0.014     7.8314     84.934     29.155  26.612064    21.2400     5.6664     0.1278     1.0575 3.4907e+02     4.9324      0.152      0.220    20.6403 0.0000e+00
      0.149     -0.017     7.8065     84.594     29.158  26.614314    21.2400     5.7046     0.1278     1.0575 3.7698e+02     4.9928      0.147      0.213    20.6397 0.0000e+00
      0.143     -0.019     7.7518     84.661     29.159  26.614267    21.2400     5.6779     0.1278     1.0575 3.7986e+02     5.0381      0.140      0.204    20.6387 0.0000e+00
      0.136     -0.019     7.6841     85.063     29.157  26.611910    21.2400     4.7738     0.1278     1.0575 4.6970e+02     5.0079      0.134      0.194    20.6370 0.0000e+00
      0.131     -0.016     7.6253     85.641     29.152  26.606615    21.2400     4.7166     0.1278     1.0575 3.7920e+02     4.9626      0.129      0.186    20.6347 0.0000e+00
      0.127     -0.012     7.5951     86.216     29.146  26.600953    21.3300     4.7433     0.1704     0.9306 5.4497e+02     4.9928      0.125      0.181    20.6325 0.0000e+00
      0.124     -0.008     7.6013     86.621     29.142  26.597395    21.3300     4.7242     0.1704     0.9306 4.8379e+02     5.0381      0.122      0.177    20.6308 0.0000e+00
      0.123     -0.003     7.6377     86.698     29.140  26.594994    21.3300     4.7013     0.1704     0.9306 6.7343e+02     4.9626      0.121      0.175    20.6298 0.0000e+00
      0.124      0.001     7.6897     86.318     29.138  26.593108    21.3300     4.7089     0.1704     0.9306 5.7929e+02     4.9324      0.122      0.176    20.6292 0.0000e+00
      0.125      0.004     7.7413     85.436     29.138  26.591234    21.3300     4.6784     0.1278     0.9306 8.4364e+02     5.0079      0.123      0.178    20.6289 0.0000e+00
      0.127      0.006     7.7777     84.112     29.137  26.588874    21.3300     4.6708     0.1278     0.9306 4.9035e+02     4.9022      0.125      0.181    20.6287 0.0000e+00
      0.129      0.007     7.7846     82.480     29.135  26.585398    21.3300     4.7280     0.1278     0.9306 6.7490e+02     4.9626      0.127      0.183    20.6284 0.0000e+00
      0.131      0.008     7.7506     80.695     29.136  26.583860    21.3300     4.7280     0.1278     0.9306 7.4390e+02     4.9475      0.128      0.186    20.6274 0.0000e+00
      0.133      0.009     7.6717     78.897     29.142  26.587834    21.3300     4.7776     0.1278     1.0575 4.9679e+02     4.9324      0.130      0.189    20.6254 0.0000e+00
      0.135      0.011     7.5532     77.216     29.153  26.594396    21.3300     4.7356     0.1278     1.0575 5.0682e+02     5.0079      0.133      0.192    20.6226 0.0000e+00
      0.138      0.012     7.4072     75.761     29.165  26.601313    21.3300     5.5482     0.1278     1.0575 4.2799e+02     5.2043      0.135      0.196    20.6194 0.0000e+00
      0.141      0.013     7.2473     74.580     29.174  26.606449    21.3300     5.5673     0.1278     1.0575 3.4470e+02     5.2194      0.138      0.200    20.6160 0.0000e+00
      0.145      0.014     7.0864     73.653     29.174  26.603207    21.3300     5.5520     0.1278     1.0575 2.9014e+02     5.0986      0.142      0.206    20.6119 0.0000e+00
      0.149      0.014     6.9361     72.931     29.168  26.594705    21.3300     5.5444     0.1704     0.9306 2.9014e+02     5.2647      0.147      0.212    20.6064 0.0000e+00
      0.153      0.013     6.8063     72.346     29.166  26.590623    21.3300     5.6550     0.1704     0.9306 3.0132e+02     5.2194      0.151      0.218    20.6002 0.0000e+00
      0.157      0.011     6.7009     71.827     29.167  26.589872    21.3300     5.6741     0.1704     0.9306 3.1834e+02     5.1590      0.154      0.223    20.5942 0.0000e+00
      0.160      0.009     6.6184     71.310     29.167  26.588269    21.3300     5.6664     0.1704     0.9306 3.1987e+02     5.1137      0.156      0.227    20.5889 0.0000e+00
      0.162      0.007     6.5541     70.753     29.163  26.585387    21.4200     5.6550     0.1704     1.0575 2.9388e+02     5.1590      0.158      0.230    20.5841 0.0000e+00
      0.163      0.005     6.5021     70.148     29.157  26.580458    21.4200     5.7962     0.1704     1.0575 2.7473e+02     5.0381      0.160      0.231    20.5799 0.0000e+00
      0.163      0.004     6.4559     69.512     29.145  26.572167    21.4200     5.7618     0.1704     1.0575 2.7224e+02     4.9928      0.160      0.232    20.5769 0.0000e+00
      0.164      0.003     6.4097     68.867     29.132  26.562286    21.4200     5.7771     0.1704     1.0575 3.0981e+02     5.0381      0.161      0.233    20.5752 0.0000e+00
      0.165      0.003     6.3596     68.237     29.128  26.560127    21.5100     5.7885     0.1278     1.1421 3.7429e+02     4.9777      0.161      0.234    20.5755 0.0000e+00
      0.165      0.003     6.3050     67.642     29.136  26.569097    21.5100     5.4261     0.1278     1.1421 3.0388e+02     4.9324      0.162      0.235    20.5777 0.0000e+00
      0.166      0.003     6.2474     67.097     29.147  26.579642    21.5100     5.3880     0.1278     1.1421 2.9337e+02     4.9022      0.163      0.236    20.5810 0.0000e+00
      0.167      0.003     6.1889     66.613     29.154  26.586608    21.5100     5.4261     0.1278     1.1421 3.0494e+02     4.9475      0.163      0.237    20.5847 0.0000e+00
      0.168      0.004     6.1319     66.190     29.160  26.591852    21.5100     5.4185     0.1704     1.1421 3.4440e+02     4.9626      0.164      0.238    20.5877 0.0000e+00
      0.169      0.004     6.0782     65.814     29.165  26.596773    21.5100     5.5978     0.1704     1.1421 4.0642e+02     4.9324      0.165      0.240    20.5896 0.0000e+00
      0.170      0.003     6.0291     65.472     29.167  26.598702    21.5100     5.6130     0.1704     1.1421 3.1676e+02     4.9928      0.166      0.241    20.5907 0.0000e+00
      0.171      0.003     5.9856     65.151     29.162  26.594170    21.5100     5.6245     0.1704     1.1421 3.0760e+02     4.9777      0.167      0.243    20.5911 0.0000e+00
      0.172      0.003     5.9475     64.840     29.152  26.585950    21.5100     5.5978     0.1704     1.1421 3.0834e+02     4.9777      0.168      0.244    20.5915 0.0000e+00
      0.172      0.002     5.9137     64.530     29.145  26.579817    21.4200     6.0403     0.1278     0.9729 3.2861e+02     4.8720      0.169      0.245    20.5918 0.0000e+00
      0.173      0.002     5.8829     64.223     29.142  26.578116    21.4200     6.0632     0.1278     0.9729 3.3393e+02     4.9475      0.169      0.245    20.5923 0.0000e+00
      0.173      0.001     5.8541     63.917     29.144  26.580393    21.4200     6.0403     0.1278     0.9729 3.1408e+02     4.9475      0.170      0.246    20.5929 0.0000e+00
