Data/DataNotYetUploadedToEDI/Raw_CTD/RawDownloads/050525_fcr50_S7809001.cnv
* Sea-Bird SBE19plus  Data File:
* FileName = C:\R\Reservoirs\Data\DataNotYetUploadedToEDI\Raw_CTD\RawDownloads\050525_fcr50_S7809_0001.hex
* Software version 2.8.0.119
* Temperature SN = 7809
* Conductivity SN = 7809
* System UpLoad Time = May 17 2025 19:59:54
* <ApplicationData>
* <Seaterm232>
# nquan = 15
# nvalues = 2210                        
# units = specified
# name 0 = depFM: Depth [fresh water, m]
# name 1 = dz/dtM: Descent Rate [m/s]
# name 2 = sbeox0Mg/L: Oxygen, SBE 43 [mg/l]
# name 3 = sbeox0PS: Oxygen, SBE 43 [% saturation]
# name 4 = specc: Specific Conductance [uS/cm]
# name 5 = c0uS/cm: Conductivity [uS/cm]
# name 6 = flECO-AFL: Fluorescence, WET Labs ECO-AFL/FL [mg/m^3]
# name 7 = ph: pH
# name 8 = orp: Oxidation Reduction Potential [mV]
# name 9 = par/sat/log: PAR/Logarithmic, Satlantic
# name 10 = turbWETntu0: Turbidity, WET Labs ECO [NTU]
# name 11 = prdM: Pressure, Strain Gauge [db]
# name 12 = prdE: Pressure, Strain Gauge [psi]
# name 13 = tv290C: Temperature [ITS-90, deg C]
# name 14 = flag:  0.000e+00
# span 0 =     -0.667,      9.504       
# span 1 =     -0.427,      0.125       
# span 2 =     5.6059,    11.3868       
# span 3 =     60.171,    111.563       
# span 4 =      0.070,     12.916       
# span 5 =   0.063983,   9.570797       
# span 6 =    -0.1466,    11.3578       
# span 7 =     -2.239,      8.512       
# span 8 =     6.5280,  1207.8789       
# span 9 = 1.2357e-01, 9.7429e+02       
# span 10 =     0.0571,   356.0279      
# span 11 =     -0.654,      9.323      
# span 12 =     -0.949,     13.522      
# span 13 =    11.7034,    20.4482      
# span 14 = 0.0000e+00, 0.0000e+00      
# interval = seconds: 0.25
# start_time = May 05 2025 11:49:08 [Instrument's time stamp, header]
# bad_flag = -9.990e-29
*END*
[from data line 772]
      1.549      0.028     9.4455    105.153      4.476   4.068794     3.0428      8.326   274.1579 7.0137e+01     1.8240      1.523      2.209    20.4475 0.0000e+00
      1.555      0.024     9.4514    105.202      4.298   3.907186     3.0414      8.326   274.2172 6.9942e+01     1.8916      1.526      2.213    20.4478 0.0000e+00
      1.557      0.019     9.4619    105.244      3.825   3.477386     3.0525      8.327   274.2826 6.9831e+01     1.9046      1.528      2.215    20.4480 0.0000e+00
      1.559      0.014     9.4701    105.282      3.219   2.926415     3.0520      8.328   274.4326 6.9754e+01     1.8095      1.530      2.219    20.4480 0.0000e+00
      1.561      0.012     9.4771    105.314      3.103   2.820052     3.0520      8.329   274.4825 6.9764e+01     1.8000      1.531      2.220    20.4477 0.0000e+00
      1.563      0.012     9.4801    105.345      3.874   3.521639     3.0697      8.330   274.4558 6.9781e+01     1.8927      1.533      2.223    20.4480 0.0000e+00
      1.566      0.014     9.4844    105.381      4.955   4.504144     3.0655      8.330   274.6256 6.9659e+01     1.9053      1.535      2.228    20.4481 0.0000e+00
      1.570      0.016     9.4876    105.418      4.950   4.500169     3.0438      8.332   274.8145 6.9488e+01     1.8155      1.540      2.234    20.4480 0.0000e+00
      1.575      0.019     9.4905    105.449      4.309   3.917179     3.0647      8.334   274.6751 6.9252e+01     1.7976      1.544      2.239    20.4479 0.0000e+00
      1.581      0.021     9.4930    105.492      4.030   3.663649     3.1350      8.334   274.3171 6.8924e+01     1.8596      1.549      2.248    20.4480 0.0000e+00
      1.586      0.022     9.4960    105.547      3.809   3.461974     3.1940      8.334   274.2711 6.8562e+01     1.9161      1.556      2.258    20.4482 0.0000e+00
      1.591      0.022     9.5006    105.593      3.369   3.062435     3.2045      8.335   274.4633 6.8096e+01     1.9008      1.561      2.263    20.4480 0.0000e+00
      1.598      0.022     9.5019    105.640      3.106   2.823726     3.2117      8.335   274.4901 6.7623e+01     1.8797      1.567      2.273    20.4479 0.0000e+00
      1.604      0.021     9.5056    105.716      3.281   2.982936     3.2399      8.336   274.5096 6.7254e+01     1.9333      1.574      2.282    20.4480 0.0000e+00
      1.609      0.020     9.5120    105.798      3.396   3.087037     3.2457      8.336   274.6116 6.6870e+01     1.9003      1.578      2.288    20.4481 0.0000e+00
      1.614      0.018     9.5159    105.857      3.306   3.005508     3.2324      8.337   274.8640 6.6488e+01     1.7883      1.583      2.297    20.4479 0.0000e+00
      1.619      0.015     9.5178    105.904      3.729   3.390804     3.2365      8.338   275.2379 6.6182e+01     1.7752      1.587      2.303    20.4478 0.0000e+00
      1.624      0.013     9.5264    105.953      4.409   4.008050     3.2794      8.339   275.4324 6.5918e+01     1.8444      1.592      2.310    20.4479 0.0000e+00
      1.627      0.012     9.5356    105.993      4.408   4.007045     3.3261      8.341   275.4951 6.5743e+01     1.8392      1.596      2.315    20.4477 0.0000e+00
      1.628      0.010     9.5395    106.008      3.996   3.632089     3.3264      8.342   275.4803 6.5618e+01     1.7802      1.596      2.315    20.4477 0.0000e+00
      1.629      0.010     9.5433    105.987      3.812   3.465500     3.3252      8.342   275.3397 6.5380e+01     1.8149      1.597      2.317    20.4474 0.0000e+00
      1.632      0.010     9.5484    105.966      3.934   3.576554     3.3612      8.343   274.8276 6.5060e+01     1.8828      1.600      2.321    20.4470 0.0000e+00
      1.635      0.010     9.5524    105.991      4.358   3.961255     3.4047      8.343   273.8480 6.4802e+01     1.8829      1.603      2.327    20.4469 0.0000e+00
      1.638      0.011     9.5548    106.046      4.609   4.189210     3.4175      8.343   273.2179 6.4467e+01     1.8174      1.605      2.329    20.4466 0.0000e+00
      1.642      0.012     9.5518    106.108      4.179   3.798735     3.3991      8.344   273.3183 6.4058e+01     1.7731      1.610      2.334    20.4462 0.0000e+00
      1.645      0.012     9.5469    106.184      3.555   3.231074     3.3664      8.344   273.5991 6.3791e+01     1.8262      1.614      2.341    20.4460 0.0000e+00
      1.647      0.011     9.5511    106.257      3.261   2.963699     3.3209      8.345   273.6879 6.3537e+01     1.8438      1.614      2.342    20.4459 0.0000e+00
      1.649      0.010     9.5570    106.312      3.271   2.973120     3.2828      8.346   273.6172 6.3249e+01     1.7471      1.617      2.346    20.4455 0.0000e+00
      1.653      0.008     9.5614    106.341      3.331   3.028253     3.2798      8.347   273.6044 6.3031e+01     1.7501      1.622      2.352    20.4450 0.0000e+00
      1.656      0.006     9.5696    106.334      3.506   3.186879     3.3092      8.347   273.6198 6.2870e+01     1.8463      1.624      2.355    20.4445 0.0000e+00
      1.656      0.005     9.5769    106.308      3.708   3.370704     3.3307      8.348   273.5446 6.2727e+01     1.8169      1.624      2.355    20.4443 0.0000e+00
      1.657      0.005     9.5815    106.290      3.547   3.223730     3.3308      8.348   273.6411 6.2568e+01     1.8040      1.625      2.356    20.4439 0.0000e+00
      1.657      0.005     9.5854    106.277      3.502   3.183570     3.3440      8.349   273.7545 6.2396e+01     1.8963      1.625      2.357    20.4435 0.0000e+00
      1.657      0.009     9.5840    106.266      3.941   3.581972     3.3653      8.352   273.6257 6.2222e+01     1.8736      1.624      2.356    20.4430 0.0000e+00
      1.658      0.015     9.5803    106.262      4.177   3.796444     3.3466      8.354   273.3742 6.2003e+01     1.7690      1.625      2.357    20.4424 0.0000e+00
      1.661      0.022     9.5794    106.290      4.056   3.686225     3.3006      8.355   272.6927 6.1670e+01     1.7585      1.628      2.362    20.4417 0.0000e+00
      1.667      0.033     9.5784    106.368      4.845   4.403190     3.2925      8.358   272.0970 6.1063e+01     1.8150      1.633      2.368    20.4411 0.0000e+00
      1.678      0.047     9.5774    106.493      6.257   5.686385     3.3153      8.359   272.1089 6.0325e+01     1.8710      1.645      2.385    20.4407 0.0000e+00
      1.691      0.060     9.5764    106.660      6.558   5.960518     3.3105      8.359   272.0613 5.9775e+01     1.8555      1.660      2.408    20.4403 0.0000e+00
      1.704      0.068     9.5778    106.874      5.843   5.310515     3.2845      8.360   272.1239 5.8789e+01     1.7975      1.666      2.416    20.4399 0.0000e+00
      1.727      0.071     9.5859    107.110      5.068   4.606177     3.2843      8.360   272.4357 5.7045e+01     1.8191      1.688      2.448    20.4393 0.0000e+00
      1.758      0.069     9.5970    107.316      4.578   4.159846     3.2997      8.360   272.4752 5.5691e+01     1.8435      1.730      2.509    20.4387 0.0000e+00
      1.780      0.064     9.6120    107.500      4.158   3.778417     3.2952      8.359   272.4293 5.5157e+01     1.7853      1.749      2.538    20.4388 0.0000e+00
      1.790      0.055     9.6312    107.686      3.967   3.605263     3.2884      8.359   272.5693 5.4689e+01     1.7985      1.754      2.544    20.4385 0.0000e+00
      1.800      0.044     9.6563    107.849      4.156   3.776700     3.3014      8.360   272.7046 5.4278e+01     1.9004      1.767      2.561    20.4376 0.0000e+00
      1.807      0.034     9.6738    107.942      4.487   4.077487     3.3021      8.361   272.7756 5.4068e+01     1.8900      1.773      2.571    20.4371 0.0000e+00
      1.813      0.029     9.6884    107.966      4.902   4.454661     3.2552      8.362   272.9110 5.3721e+01     1.8096      1.777      2.578    20.4365 0.0000e+00
      1.820      0.027     9.7078    108.005      4.782   4.345973     3.2011      8.363   273.0507 5.3366e+01     1.8166      1.786      2.590    20.4358 0.0000e+00
      1.826      0.026     9.7228    108.073      4.087   3.713550     3.1961      8.365   273.2608 5.3120e+01     1.8717      1.791      2.598    20.4351 0.0000e+00
      1.833      0.027     9.7343    108.128      4.017   3.649863     3.2117      8.366   273.5582 5.2789e+01     1.9291      1.797      2.607    20.4343 0.0000e+00
      1.840      0.028     9.7299    108.181      4.633   4.209463     3.1978      8.367   273.6353 5.2487e+01     1.9303      1.805      2.618    20.4335 0.0000e+00
      1.846      0.029     9.7345    108.244      4.771   4.334718     3.1786      8.367   273.5905 5.2253e+01     1.8860      1.810      2.625    20.4329 0.0000e+00
      1.853      0.030     9.7437    108.311      4.429   4.024036     3.2039      8.368   273.6185 5.1876e+01     1.9069      1.815      2.633    20.4318 0.0000e+00
      1.862      0.031     9.7468    108.378      4.612   4.190704     3.2379      8.369   273.7161 5.1451e+01     1.8749      1.826      2.648    20.4309 0.0000e+00
      1.871      0.031     9.7521    108.453      5.036   4.576041     3.2309      8.370   273.9100 5.1150e+01     1.7382      1.835      2.661    20.4302 0.0000e+00
      1.879      0.031     9.7576    108.531      5.024   4.565301     3.1859      8.370   274.0706 5.0893e+01     1.6544      1.842      2.673    20.4292 0.0000e+00
      1.887      0.029     9.7649    108.594      4.818   4.377655     3.1271      8.370   274.1086 5.0565e+01     1.6471      1.850      2.684    20.4282 0.0000e+00
      1.895      0.024     9.7696    108.648      4.282   3.891020     3.0771      8.370   274.1116 5.0222e+01     1.6165      1.860      2.697    20.4273 0.0000e+00
      1.902      0.019     9.7773    108.709      3.499   3.179246     3.0397      8.370   274.1074 5.0036e+01     1.5233      1.867      2.709    20.4265 0.0000e+00
      1.906      0.015     9.7853    108.765      3.016   2.739984     3.0409      8.372   273.9718 4.9972e+01     1.5788      1.869      2.712    20.4254 0.0000e+00
      1.908      0.012     9.7911    108.789      2.899   2.634151     3.0665      8.373   273.8491 4.9939e+01     1.7752      1.870      2.712    20.4244 0.0000e+00
      1.908      0.011     9.7949    108.787      2.998   2.723141     3.0748      8.373   274.0862 4.9932e+01     1.8486      1.871      2.714    20.4233 0.0000e+00
      1.909      0.012     9.8013    108.790      3.155   2.865764     3.0668      8.373   274.6013 4.9897e+01     1.8508      1.872      2.715    20.4220 0.0000e+00
      1.912      0.013     9.8079    108.811      3.125   2.838290     3.0698      8.374   274.9158 4.9704e+01     1.8707      1.873      2.716    20.4208 0.0000e+00
      1.918      0.013     9.8104    108.851      2.911   2.644331     3.1017      8.376   274.8771 4.9404e+01     1.9181      1.880      2.726    20.4195 0.0000e+00
      1.924      0.013     9.8083    108.886      2.944   2.674380     3.1194      8.376   274.7347 4.9230e+01     1.9115      1.889      2.739    20.4184 0.0000e+00
      1.927      0.012     9.8094    108.904      3.245   2.948212     3.1089      8.377   274.6570 4.9188e+01     1.7906      1.891      2.742    20.4171 0.0000e+00
      1.929      0.009     9.8107    108.923      3.488   3.167981     3.1672      8.377   274.7120 4.9165e+01     1.7555      1.891      2.743    20.4157 0.0000e+00
      1.930      0.006     9.8156    108.933      3.638   3.304505     3.2914      8.377   274.7973 4.9146e+01     1.8281      1.892      2.744    20.4145 0.0000e+00
      1.930      0.004     9.8206    108.938      3.598   3.268621     3.3461      8.378   274.7414 4.9125e+01     1.8148      1.893      2.745    20.4131 0.0000e+00
      1.931      0.003     9.8198    108.941      3.498   3.177556     3.3363      8.380   274.7251 4.9083e+01     1.7652      1.894      2.747    20.4115 0.0000e+00
      1.932      0.004     9.8237    108.939      3.472   3.153654     3.3394      8.381   274.7725 4.9067e+01     1.8096      1.895      2.748    20.4102 0.0000e+00
      1.932      0.004     9.8243    108.939      3.281   2.979630     3.3587      8.383   274.7125 4.9097e+01     1.8389      1.895      2.748    20.4087 0.0000e+00
      1.933      0.005     9.8247    108.932      3.066   2.783791     3.3711      8.384   274.5158 4.9087e+01     1.7781      1.896      2.749    20.4070 0.0000e+00
      1.935      0.008     9.8259    108.922      3.516   3.192938     3.3801      8.386   274.2004 4.9026e+01     1.7919      1.897      2.752    20.4057 0.0000e+00
      1.937      0.013     9.8249    108.937      4.753   4.315713     3.4012      8.387   274.0828 4.8966e+01     1.9026      1.899      2.756    20.4041 0.0000e+00
      1.938      0.019     9.8262    108.984      5.529   5.019598     3.4184      8.388   274.2120 4.8914e+01     1.9558      1.901      2.757    20.4023 0.0000e+00
      1.941      0.025     9.8265    109.068      5.145   4.671669     3.4137      8.388   274.2995 4.8706e+01     1.9224      1.902      2.759    20.4007 0.0000e+00
      1.950      0.027     9.8232    109.178      4.306   3.910084     3.3938      8.388   274.2814 4.8196e+01     1.8400      1.911      2.770    20.3990 0.0000e+00
      1.963      0.027     9.8261    109.282      3.690   3.350075     3.3941      8.388   274.2512 4.7716e+01     1.8136      1.926      2.794    20.3973 0.0000e+00
      1.975      0.025     9.8302    109.383      3.479   3.158607     3.3676      8.388   274.1926 4.7541e+01     1.8421      1.940      2.814    20.3955 0.0000e+00
      1.980      0.020     9.8374    109.475      3.292   2.988730     3.2807      8.389   274.0882 4.7531e+01     1.8089      1.944      2.819    20.3939 0.0000e+00
      1.981      0.014     9.8507    109.536      2.893   2.626379     3.2266      8.390   274.1073 4.7589e+01     1.8224      1.943      2.817    20.3922 0.0000e+00
      1.981      0.008     9.8587    109.566      2.631   2.388163     3.2287      8.389   274.1660 4.7656e+01     1.9034      1.943      2.818    20.3904 0.0000e+00
      1.982      0.005     9.8688    109.573      2.632   2.388918     3.2063      8.389   274.1959 4.7678e+01     1.8663      1.943      2.819    20.3885 0.0000e+00
      1.983      0.004     9.8786    109.562      2.694   2.445480     3.1391      8.391   274.2964 4.7688e+01     1.7828      1.945      2.821    20.3867 0.0000e+00
      1.985      0.004     9.8843    109.542      3.036   2.755319     3.1067      8.391   274.3486 4.7705e+01     1.8158      1.947      2.824    20.3848 0.0000e+00
      1.987      0.003     9.8869    109.524      3.549   3.221189     3.1232      8.391   274.3110 4.7727e+01     1.8899      1.948      2.826    20.3828 0.0000e+00
      1.987      0.003     9.8876    109.512      3.526   3.200601     3.1305      8.392   274.3580 4.7745e+01     1.8926      1.948      2.826    20.3811 0.0000e+00
      1.987      0.002     9.8875    109.519      3.320   3.013221     3.1363      8.393   274.4008 4.7784e+01     1.7810      1.949      2.826    20.3790 0.0000e+00
      1.987      0.001     9.8844    109.533      3.356   3.046048     3.1523      8.394   274.3123 4.7869e+01     1.6330      1.949      2.827    20.3769 0.0000e+00
      1.988      0.001     9.8845    109.531      3.266   2.964038     3.1652      8.395   274.3202 4.7940e+01     1.6061      1.950      2.828    20.3749 0.0000e+00
      1.988      0.001     9.8821    109.520      3.135   2.845161     3.1839      8.396   274.4093 4.7937e+01     1.6267      1.949      2.827    20.3729 0.0000e+00
      1.988      0.001     9.8838    109.508      3.099   2.812306     3.1785      8.396   274.3574 4.7930e+01     1.6432      1.949      2.827    20.3706 0.0000e+00
      1.988      0.001     9.8877    109.518      2.969   2.693484     3.1583      8.396   274.2096 4.7966e+01     1.7713      1.950      2.828    20.3682 0.0000e+00
