Data/DataNotYetUploadedToEDI/Raw_CTD/RawDownloads/050522_bvr40_0004.cnv
* Sea-Bird SBE19plus  Data File:
* FileName = C:\R\Reservoirs\Data\DataNotYetUploadedToEDI\Raw_CTD\RawDownloads\050922_bvr50_0004.hex
* Software version 2.8.0.119
* Temperature SN = 7809
* Conductivity SN = 7809
* System UpLoad Time = May 09 2022 16:22:19
* <ApplicationData>
* <Seaterm232>
# nquan = 15
# nvalues = 1318                        
# units = specified
# name 0 = depFM: Depth [fresh water, m]
# name 1 = dz/dtM: Descent Rate [m/s]
# name 2 = sbeox0Mg/L: Oxygen, SBE 43 [mg/l]
# name 3 = sbeox0PS: Oxygen, SBE 43 [% saturation]
# name 4 = specc: Specific Conductance [uS/cm]
# name 5 = c0uS/cm: Conductivity [uS/cm]
# name 6 = flECO-AFL: Fluorescence, WET Labs ECO-AFL/FL [mg/m^3]
# name 7 = ph: pH
# name 8 = orp: Oxidation Reduction Potential [mV]
# name 9 = par/sat/log: PAR/Logarithmic, Satlantic
# name 10 = turbWETntu0: Turbidity, WET Labs ECO [NTU]
# name 11 = prdM: Pressure, Strain Gauge [db]
# name 12 = prdE: Pressure, Strain Gauge [psi]
# name 13 = tv290C: Temperature [ITS-90, deg C]
# name 14 = flag:  0.000e+00
# span 0 =     -0.730,      4.367       
# span 1 =     -4.239,      0.178       
# span 2 =     3.0831,     9.4397       
# span 3 =     29.159,     96.428       
# span 4 =      1.361,    124.566       
# span 5 =   1.285078,  94.210660       
# span 6 =    -1.0419,    13.0964       
# span 7 =     -2.423,      6.934       
# span 8 = -1240.7455,   807.4529       
# span 9 = 7.9632e-01, 2.3606e+03       
# span 10 =    -4.9600,    34.4292      
# span 11 =     -0.716,      4.284      
# span 12 =     -1.039,      6.214      
# span 13 =    12.0617,    22.2809      
# span 14 = 0.0000e+00, 0.0000e+00      
# interval = seconds: 0.25
# start_time = May 05 2022 08:26:59 [Instrument's time stamp, header]
# bad_flag = -9.990e-29
*END*
     -0.728     -0.000     8.0164     92.079      1.386   1.309143    -0.0880      4.368 -1240.7455 7.9632e-01     1.9184     -0.714     -1.035    22.2102 0.0000e+00
     -0.729     -0.001     8.0164     92.079      1.386   1.309028    -0.0960      4.246 -1240.7455 7.5220e+00     1.8610     -0.714     -1.036    22.2104 0.0000e+00
     -0.729     -0.001     8.0179     92.082      1.386   1.309008    -0.0896      4.283 -1240.7455 8.1504e+01     1.3672     -0.714     -1.036    22.2107 0.0000e+00
     -0.729     -0.001     8.0172     92.099      1.386   1.308904    -0.0857      4.429 -1240.7455 3.6133e+02     0.4579     -0.714     -1.035    22.2109 0.0000e+00
     -0.729     -0.000     8.0182     92.099      1.385   1.307773    -0.0986      4.515 -1240.7455 7.4244e+02    -0.0476     -0.715     -1.037    22.2111 0.0000e+00
     -0.729 -1.861e-08     8.0181     92.080      1.371   1.295332    -0.0959      4.521 -1240.7455 9.4199e+02    -0.0648     -0.715     -1.037    22.2113 0.0000e+00
     -0.729 -2.048e-07     8.0168     92.073      1.361   1.285078    -0.0782      4.471 -1240.7455 9.8716e+02    -0.0235     -0.715     -1.037    22.2116 0.0000e+00
     -0.729 -2.048e-07     8.0203     92.072      1.388   1.310398    -0.0760      4.459 -1240.7455 1.0013e+03    -0.0605     -0.715     -1.037    22.2117 0.0000e+00
     -0.729 -1.861e-08     8.0207     92.059      1.428   1.348263    -0.0855      4.579 -1240.7455 9.8982e+02    -0.1714     -0.715     -1.037    22.2120 0.0000e+00
     -0.729 -1.692e-09     8.0164     92.053      1.444   1.363102    -0.0854      4.705 -1240.7455 9.7124e+02    -0.2372     -0.715     -1.037    22.2125 0.0000e+00
     -0.729 -1.538e-10     8.0170     92.065      1.444   1.363207    -0.0748      4.707 -1240.7455 9.7336e+02    -0.2062     -0.715     -1.038    22.2128 0.0000e+00
     -0.729 -1.399e-11     8.0176     92.077      1.429   1.349529    -0.0734      4.647 -1240.7455 1.0089e+03    -0.1729     -0.715     -1.037    22.2133 0.0000e+00
     -0.729 -1.272e-12     8.0154     92.073      1.402   1.324333    -0.0861      4.585 -1240.7455 1.0611e+03    -0.2104     -0.715     -1.037    22.2139 0.0000e+00
     -0.729 -1.156e-13     8.0142     92.076      1.389   1.311769    -0.0955      4.495 -1240.7455 1.0872e+03    -0.2151     -0.714     -1.036    22.2145 0.0000e+00
     -0.729 -1.051e-14     8.0160     92.092      1.402   1.324221    -0.0862      4.373 -1240.7455 1.0544e+03    -0.1956     -0.715     -1.037    22.2149 0.0000e+00
     -0.729 -9.550e-16     8.0182     92.095      1.428   1.348285    -0.0820      4.352 -1240.7455 9.2548e+02    -0.2478     -0.715     -1.037    22.2156 0.0000e+00
     -0.729 -8.685e-17     8.0160     92.079      1.429   1.349520    -0.0953      4.501 -1240.7455 7.2344e+02    -0.2994     -0.715     -1.037    22.2162 0.0000e+00
     -0.729 -7.895e-18     8.0159     92.066      1.418   1.339151    -0.0971      4.677 -1240.7455 5.8077e+02    -0.2727     -0.715     -1.038    22.2164 0.0000e+00
     -0.729 -7.175e-19     8.0190     92.075      1.429   1.349519    -0.0861      4.727 -1240.7455 5.3196e+02    -0.2330     -0.715     -1.037    22.2167 0.0000e+00
     -0.729 -6.525e-20     8.0193     92.094      1.427   1.348274    -0.0874      4.632 -1240.7455 5.1783e+02    -0.2635     -0.715     -1.037    22.2170 0.0000e+00
     -0.729 -5.930e-21     8.0165     92.098      1.402   1.324096    -0.0880      4.491 -1240.7455 5.2072e+02    -0.2995     -0.715     -1.037    22.2174 0.0000e+00
     -0.729 -5.390e-22     8.0150     92.085      1.387   1.310388    -0.0772      4.402 -1240.7455 5.3117e+02    -0.2589     -0.714     -1.036    22.2179 0.0000e+00
     -0.729 -4.902e-23     8.0159     92.081      1.386   1.309142    -0.0821      4.383 -1240.7455 5.3937e+02    -0.2163     -0.715     -1.037    22.2182 0.0000e+00
     -0.729 -4.456e-24     8.0186     92.086      1.386   1.309028    -0.0963      4.401 -1240.7455 5.4407e+02    -0.2630     -0.715     -1.037    22.2187 0.0000e+00
     -0.729 -4.051e-25     8.0192     92.088      1.386   1.309018    -0.0991      4.389 -1240.7455 5.4731e+02    -0.3110     -0.715     -1.037    22.2193 0.0000e+00
     -0.729 -3.683e-26     8.0161     92.093      1.386   1.309018    -0.0906      4.381 -1240.7455 5.5081e+02    -0.2501     -0.715     -1.038    22.2200 0.0000e+00
     -0.729 -3.348e-27     8.0162     92.105      1.386   1.309027    -0.0854      4.429 -1240.7455 5.5392e+02    -0.1761     -0.715     -1.037    22.2202 0.0000e+00
     -0.729 -3.044e-28     8.0174     92.107      1.386   1.309131    -0.0866      4.467 -1240.7455 5.5498e+02    -0.1672     -0.715     -1.037    22.2205 0.0000e+00
     -0.729 -2.767e-29     8.0171     92.098      1.387   1.310273    -0.0800      4.492 -1240.7455 5.5497e+02    -0.1770     -0.715     -1.037    22.2208 0.0000e+00
     -0.729 -2.515e-30     8.0168     92.097      1.401   1.322828    -0.0724      4.526 -1240.7455 5.5463e+02    -0.1916     -0.715     -1.038    22.2213 0.0000e+00
     -0.729 -2.286e-31     8.0188     92.100      1.413   1.334338    -0.0774      4.548 -1240.7455 5.5408e+02    -0.2414     -0.715     -1.038    22.2215 0.0000e+00
     -0.729 -2.079e-32     8.0194     92.104      1.401   1.322829    -0.0905      4.561 -1240.7455 5.5413e+02    -0.3006     -0.715     -1.038    22.2216 0.0000e+00
     -0.729 -1.890e-33     8.0168     92.102      1.387   1.310284    -0.0891      4.571 -1240.7455 5.5410e+02    -0.2926     -0.715     -1.038    22.2221 0.0000e+00
     -0.729 -1.718e-34     8.0179     92.100      1.386   1.309257    -0.0692      4.575 -1240.7455 5.5395e+02    -0.2476     -0.715     -1.038    22.2224 0.0000e+00
     -0.729 -1.562e-35     8.0178     92.110      1.387   1.310409    -0.0666      4.578 -1240.7455 5.5393e+02    -0.2349     -0.715     -1.037    22.2226 0.0000e+00
     -0.729 -1.420e-36     8.0185     92.120      1.402   1.324211    -0.0817      4.581 -1240.7455 5.5343e+02    -0.2410     -0.715     -1.038    22.2230 0.0000e+00
     -0.729 -1.291e-37     8.0183     92.119      1.429   1.349531    -0.0853      4.581 -1240.7455 5.5276e+02    -0.2190     -0.715     -1.037    22.2235 0.0000e+00
     -0.729 -1.173e-38     8.0167     92.108      1.444   1.363342    -0.0855      4.581 -1240.7455 5.5241e+02    -0.2082     -0.715     -1.037    22.2235 0.0000e+00
     -0.729 -1.066e-39     8.0189     92.094      1.445   1.364596    -0.0846      4.584 -1240.7455 5.5238e+02    -0.2466     -0.715     -1.037    22.2237 0.0000e+00
     -0.729 -9.695e-41     8.0196     92.083      1.445   1.364701    -0.0828      4.585 -1240.7455 5.5239e+02    -0.2735     -0.715     -1.037    22.2242 0.0000e+00
     -0.729 -8.815e-42     8.0199     92.086      1.445   1.364608    -0.0807      4.580 -1240.7455 5.5204e+02    -0.2607     -0.715     -1.038    22.2244 0.0000e+00
     -0.729 -8.015e-43     8.0182     92.097      1.444   1.363466    -0.0666      4.575 -1240.7455 5.5201e+02    -0.2278     -0.715     -1.037    22.2247 0.0000e+00
     -0.729 -7.285e-44     8.0170     92.091      1.430   1.350900    -0.0619      4.574 -1240.7455 5.5221e+02    -0.2181     -0.715     -1.038    22.2250 0.0000e+00
     -0.729 -6.625e-45     8.0157     92.077      1.418   1.339278    -0.0745      4.573 -1240.7455 5.5154e+02    -0.2461     -0.715     -1.037    22.2252 0.0000e+00
     -0.729 -6.020e-46     8.0153     92.077      1.429   1.349543    -0.0777      4.573 -1240.7455 5.5036e+02    -0.2588     -0.715     -1.038    22.2255 0.0000e+00
     -0.729 -5.475e-47     8.0184     92.082      1.428   1.348416    -0.0754      4.573 -1240.7455 5.4966e+02    -0.2692     -0.716     -1.038    22.2258 0.0000e+00
     -0.729 -4.980e-48     8.0168     92.080      1.404   1.325648    -0.0798      4.573 -1240.7455 5.4930e+02    -0.3023     -0.715     -1.038    22.2262 0.0000e+00
     -0.729 -4.961e-49     8.0143     92.082      1.406   1.327463    -0.0811      4.573 -1240.7455 5.4897e+02    -0.2838     -0.715     -1.037    22.2267 0.0000e+00
     -0.729 -5.218e-49     8.0153     92.094      1.451   1.370362    -0.0745      4.575 -1240.7455 5.4863e+02    -0.2159     -0.715     -1.037    22.2270 0.0000e+00
     -0.729 -5.291e-48     8.0161     92.110      1.483   1.401221    -0.0746      4.578 -1240.7455 5.4818e+02    -0.1991     -0.715     -1.038    22.2273 0.0000e+00
     -0.729 -5.816e-47     8.0149     92.116      1.465   1.384070    -0.0823      4.580 -1240.7455 5.4731e+02    -0.2169     -0.716     -1.038    22.2276 0.0000e+00
     -0.729 -6.397e-46     8.0152     92.116      1.433   1.352898    -0.0759      4.580 -1240.7455 5.4625e+02    -0.1926     -0.715     -1.037    22.2279 0.0000e+00
     -0.729 -7.037e-45     8.0161     92.121      1.420   1.340828    -0.0645      4.579 -1240.7455 5.4527e+02    -0.2125     -0.715     -1.037    22.2282 0.0000e+00
     -0.729 -7.741e-44     8.0183     92.121      1.445   1.364740    -0.0686      4.579 -1240.7455 5.4433e+02    -0.2869     -0.715     -1.037    22.2287 0.0000e+00
     -0.729 -8.515e-43     8.0187     92.110      1.470   1.388806    -0.0837      4.580 -1240.7455 5.4402e+02    -0.3069     -0.715     -1.038    22.2291 0.0000e+00
     -0.729 -9.366e-42     8.0176     92.082      1.460   1.378591    -0.0889      4.581 -1240.7455 5.4399e+02    -0.2835     -0.715     -1.037    22.2294 0.0000e+00
     -0.729 -1.030e-40     8.0193     92.058      1.448   1.367851    -0.0815      4.582 -1240.7455 5.4366e+02    -0.2426     -0.715     -1.038    22.2297 0.0000e+00
     -0.729 -1.133e-39     8.0186     92.063      1.467   1.385553    -0.0790      4.585 -1240.7455 5.4409e+02    -0.2562     -0.715     -1.038    22.2299 0.0000e+00
     -0.729 -1.247e-38     8.0184     92.083      1.485   1.402715    -0.0836      4.608 -1240.7455 5.4518e+02    -0.3115     -0.715     -1.038    22.2304 0.0000e+00
     -0.729 -1.371e-37     8.0152     92.103      1.467   1.385442    -0.0870      4.635 -1240.7455 5.4562e+02    -0.2960     -0.715     -1.038    22.2310 0.0000e+00
     -0.729 -1.508e-36     8.0112     92.113      1.447   1.366622    -0.0857      4.624 -1240.7455 5.4562e+02    -0.2740     -0.715     -1.037    22.2314 0.0000e+00
     -0.729 -1.659e-35     8.0134     92.108      1.445   1.365065    -0.0857      4.600 -1240.7455 5.4591e+02    -0.3193     -0.715     -1.038    22.2317 0.0000e+00
     -0.729 -1.825e-34     8.0145     92.098      1.446   1.366621    -0.0861      4.590 -1240.7455 5.4622e+02    -0.3312     -0.715     -1.038    22.2324 0.0000e+00
     -0.729 -2.008e-33     8.0171     92.089      1.466   1.385431    -0.0824      4.585 -1240.7455 5.4608e+02    -0.2814     -0.715     -1.038    22.2329 0.0000e+00
     -0.729 -2.208e-32     8.0183     92.095      1.484   1.402591    -0.0829      4.582 -1240.7455 5.4563e+02    -0.2633     -0.715     -1.038    22.2332 0.0000e+00
     -0.729 -2.429e-31     8.0166     92.105      1.465   1.384195    -0.0917      4.582 -1240.7455 5.4536e+02    -0.2498     -0.715     -1.038    22.2339 0.0000e+00
     -0.729 -2.672e-30     8.0164     92.109      1.432   1.352909    -0.0893      4.582 -1240.7455 5.4550e+02    -0.2195     -0.715     -1.038    22.2347 0.0000e+00
     -0.729 -2.939e-29     8.0138     92.109      1.419   1.340829    -0.0788      4.582 -1240.7455 5.4568e+02    -0.2393     -0.715     -1.038    22.2353 0.0000e+00
     -0.729 -3.233e-28     8.0156     92.114      1.444   1.364739    -0.0808      4.582 -1240.7455 5.4563e+02    -0.2839     -0.715     -1.038    22.2361 0.0000e+00
     -0.729 -3.557e-27     8.0163     92.109      1.469   1.388792    -0.0886      4.582 -1240.7455 5.4568e+02    -0.2799     -0.715     -1.037    22.2370 0.0000e+00
     -0.729 -3.912e-26     8.0165     92.090      1.459   1.378437    -0.0901      4.581 -1240.7455 5.4601e+02    -0.2264     -0.715     -1.038    22.2377 0.0000e+00
     -0.729 -4.304e-25     8.0160     92.086      1.446   1.366156    -0.0817      4.561 -1240.7455 5.4615e+02    -0.1826     -0.715     -1.037    22.2385 0.0000e+00
     -0.729 -4.734e-24     8.0166     92.101      1.446   1.366906    -0.0794      4.311 -1240.7455 5.4609e+02    -0.2284     -0.715     -1.038    22.2391 0.0000e+00
     -0.729 -5.207e-23     8.0174     92.111      1.468   1.387505    -0.0870      3.036 -1240.7455 5.4602e+02    -0.3364     -0.716     -1.038    22.2397 0.0000e+00
     -0.729 -5.728e-22     8.0130     92.101      1.509   1.425306    -0.0904      0.535 -1240.7455 5.4589e+02    -0.3619     -0.715     -1.037    22.2402 0.0000e+00
     -0.729 -6.301e-21     8.0134     92.091      1.529   1.444138    -0.0873     -1.609 -1240.7455 5.4558e+02    -0.3313     -0.715     -1.038    22.2410 0.0000e+00
     -0.729 -6.931e-20     8.0152     92.096      1.509   1.425294    -0.0818     -2.357 -1240.7455 5.4283e+02    -0.3423     -0.716     -1.038    22.2420 0.0000e+00
     -0.729 -7.624e-19     8.0168     92.095      1.468   1.387380    -0.0827     -2.423 -1240.7455 5.2172e+02    -0.3239     -0.715     -1.038    22.2427 0.0000e+00
     -0.729 -8.387e-18     8.0149     92.088      1.444   1.365536    -0.0899     -2.404 -1240.7452 4.8584e+02    -0.2792     -0.715     -1.037    22.2435 0.0000e+00
     -0.729 -9.225e-17     8.0126     92.090      1.429   1.351089    -0.0940     -2.129 -1240.7419 4.6323e+02    -0.2802     -0.716     -1.038    22.2440 0.0000e+00
     -0.729 -1.015e-15     8.0149     92.092      1.417   1.339305    -0.0915     -1.039 -1240.7064 4.4572e+02    -0.3013     -0.715     -1.038    22.2446 0.0000e+00
     -0.729 -1.116e-14     8.0144     92.091      1.428   1.349656    -0.0837      0.901 -1240.3156 4.2465e+02    -0.2959     -0.716     -1.038    22.2451 0.0000e+00
     -0.729 -1.228e-13     8.0125     92.104      1.428   1.349645    -0.0757      2.707 -1236.0165 4.1267e+02    -0.2491     -0.715     -1.038    22.2455 0.0000e+00
     -0.729 -1.351e-12     8.0134     92.114      1.417   1.339162    -0.0696      3.651 -1188.7270 4.0382e+02    -0.1455     -0.715     -1.038    22.2458 0.0000e+00
     -0.729 -1.486e-11     8.0142     92.106      1.428   1.349521    -0.0675      3.107  -668.5416 3.9236e+02     0.0347     -0.715     -1.037    22.2460 0.0000e+00
     -0.729 -1.634e-10     8.0124     92.107      1.426   1.348286    -0.0758      0.801   286.4090 4.0520e+02     0.1870     -0.715     -1.038    22.2462 0.0000e+00
     -0.729 -1.798e-09     8.0148     92.117      1.401   1.324221    -0.0778     -1.499   805.6789 5.7505e+02     0.2271     -0.715     -1.038    22.2463 0.0000e+00
     -0.729 -1.978e-08     8.0169     92.118      1.388   1.311769    -0.0751     -2.346   807.4529 7.3513e+02     0.1100     -0.715     -1.037    22.2468 0.0000e+00
     -0.729 -2.175e-07     8.0136     92.110      1.401   1.324334    -0.0849     -2.408   289.9634 6.0562e+02    -0.1361     -0.716     -1.038    22.2474 0.0000e+00
     -0.729     -0.000     8.0143     92.105      1.428   1.349541    -0.0879     -2.250  -666.5994 4.4501e+02    -0.2549     -0.715     -1.037    22.2481 0.0000e+00
     -0.729     -0.000     8.0158     92.106      1.443   1.363333    -0.0782     -1.487 -1188.5504 4.1600e+02    -0.1985     -0.715     -1.037    22.2489 0.0000e+00
     -0.729     -0.000     8.0155     92.108      1.444   1.364483    -0.0766      0.125 -1236.0005 3.9439e+02    -0.1717     -0.715     -1.038    22.2499 0.0000e+00
     -0.729     -0.003     8.0144     92.099      1.443   1.363457    -0.0844      1.947 -1240.3142 3.7285e+02    -0.2047     -0.716     -1.038    22.2508 0.0000e+00
     -0.729     -0.035     8.0134     92.086      1.429   1.350927    -0.0813      3.207 -1240.7063 4.0112e+02    -0.2211     -0.715     -1.038    22.2520 0.0000e+00
     -0.729     -0.385     8.0136     92.085      1.417   1.339586    -0.0719      3.874 -1240.7420 5.2819e+02    -0.2339     -0.715     -1.038    22.2536 0.0000e+00
     -0.729     -4.239     8.0139     92.083      1.431   1.352938    -0.0787      4.243 -1240.7452 1.0796e+03    -0.2574     -0.715     -1.038    22.2549 0.0000e+00
