Data/DataNotYetUploadedToEDI/Raw_CTD/RawDownloads/050522_bvr40_0004.cnv
* Sea-Bird SBE19plus  Data File:
* FileName = C:\R\Reservoirs\Data\DataNotYetUploadedToEDI\Raw_CTD\RawDownloads\050922_bvr50_0004.hex
* Software version 2.8.0.119
* Temperature SN = 7809
* Conductivity SN = 7809
* System UpLoad Time = May 09 2022 16:22:19
* <ApplicationData>
* <Seaterm232>
# nquan = 15
# nvalues = 1318                        
# units = specified
# name 0 = depFM: Depth [fresh water, m]
# name 1 = dz/dtM: Descent Rate [m/s]
# name 2 = sbeox0Mg/L: Oxygen, SBE 43 [mg/l]
# name 3 = sbeox0PS: Oxygen, SBE 43 [% saturation]
# name 4 = specc: Specific Conductance [uS/cm]
# name 5 = c0uS/cm: Conductivity [uS/cm]
# name 6 = flECO-AFL: Fluorescence, WET Labs ECO-AFL/FL [mg/m^3]
# name 7 = ph: pH
# name 8 = orp: Oxidation Reduction Potential [mV]
# name 9 = par/sat/log: PAR/Logarithmic, Satlantic
# name 10 = turbWETntu0: Turbidity, WET Labs ECO [NTU]
# name 11 = prdM: Pressure, Strain Gauge [db]
# name 12 = prdE: Pressure, Strain Gauge [psi]
# name 13 = tv290C: Temperature [ITS-90, deg C]
# name 14 = flag:  0.000e+00
# span 0 =     -0.730,      4.367       
# span 1 =     -4.239,      0.178       
# span 2 =     3.0831,     9.4397       
# span 3 =     29.159,     96.428       
# span 4 =      1.361,    124.566       
# span 5 =   1.285078,  94.210660       
# span 6 =    -1.0419,    13.0964       
# span 7 =     -2.423,      6.934       
# span 8 = -1240.7455,   807.4529       
# span 9 = 7.9632e-01, 2.3606e+03       
# span 10 =    -4.9600,    34.4292      
# span 11 =     -0.716,      4.284      
# span 12 =     -1.039,      6.214      
# span 13 =    12.0617,    22.2809      
# span 14 = 0.0000e+00, 0.0000e+00      
# interval = seconds: 0.25
# start_time = May 05 2022 08:26:59 [Instrument's time stamp, header]
# bad_flag = -9.990e-29
*END*
[from data line 386]
      0.334      0.009     5.6918     61.516     28.103  25.336709     1.2930      6.671   182.8466 1.2371e+03     1.7153      0.328      0.476    20.0756 0.0000e+00
      0.334      0.008     5.6594     61.211     28.113  25.346994     1.2954      6.674   184.0634 1.2347e+03     1.8390      0.329      0.477    20.0739 0.0000e+00
      0.333      0.007     5.6346     60.892     28.126  25.359547     1.3008      6.675   185.2302 1.1627e+03     1.9074      0.327      0.474    20.0733 0.0000e+00
      0.333      0.007     5.6117     60.554     28.128  25.361728     1.3085      6.676   186.1125 1.1111e+03     1.9272      0.326      0.472    20.0741 0.0000e+00
      0.335      0.008     5.5845     60.210     28.142  25.373364     1.3223      6.676   186.9018 1.1433e+03     1.9067      0.329      0.476    20.0744 0.0000e+00
      0.339      0.009     5.5571     59.896     28.144  25.373488     1.3352      6.675   187.5462 1.1825e+03     1.8996      0.332      0.482    20.0750 0.0000e+00
      0.344      0.009     5.5278     59.627     28.133  25.363222     1.3482      6.675   187.8811 1.1645e+03     1.9438      0.338      0.490    20.0769 0.0000e+00
      0.347      0.008     5.4974     59.368     28.147  25.375984     1.3618      6.677   188.3704 1.1334e+03     1.9289      0.342      0.496    20.0784 0.0000e+00
      0.348      0.006     5.4641     59.091     28.174  25.401042     1.3585      6.680   189.5045 1.1049e+03     1.8904      0.341      0.495    20.0763 0.0000e+00
      0.347      0.004     5.4356     58.822     28.186  25.412679     1.3505      6.682   190.7524 1.0694e+03     1.8871      0.340      0.494    20.0729 0.0000e+00
      0.347      0.002     5.4128     58.604     28.161  25.389924     1.3558      6.683   191.5846 1.0782e+03     1.8898      0.340      0.494    20.0717 0.0000e+00
      0.348      0.002     5.3907     58.404     28.149  25.379439     1.3638      6.683   192.2535 1.1182e+03     1.8892      0.342      0.497    20.0723 0.0000e+00
      0.350      0.002     5.3646     58.215     28.185  25.412668     1.3653      6.682   192.9037 1.1393e+03     1.8794      0.344      0.499    20.0741 0.0000e+00
      0.351      0.001     5.3365     58.075     28.184  25.411421     1.3738      6.682   193.2510 1.1645e+03     1.9081      0.344      0.499    20.0757 0.0000e+00
      0.351      0.000     5.3198     58.000     28.131  25.364356     1.3997      6.684   193.4419 1.1570e+03     1.9627      0.343      0.498    20.0755 0.0000e+00
      0.351     -0.002     5.3021     58.002     28.113  25.350641     1.4199      6.686   193.8342 1.1281e+03     1.9927      0.344      0.499    20.0763 0.0000e+00
      0.350     -0.002     5.2818     58.048     28.137  25.372356     1.4350      6.687   194.2947 1.1476e+03     2.0327      0.345      0.500    20.0783 0.0000e+00
      0.348     -0.001     5.2703     58.058     28.141  25.373387     1.4820      6.688   194.7082 1.1913e+03     2.0364      0.341      0.495    20.0759 0.0000e+00
      0.347      0.002     5.2622     57.992     28.132  25.363110     1.5485      6.689   194.9624 1.2008e+03     1.9686      0.339      0.491    20.0752 0.0000e+00
      0.347      0.005     5.2623     57.862     28.147  25.374859     1.5895      6.690   195.3891 1.2024e+03     1.9301      0.339      0.492    20.0830 0.0000e+00
      0.349      0.009     5.2703     57.673     28.163  25.388679     1.6105      6.690   196.3401 1.2102e+03     1.9474      0.342      0.497    20.0836 0.0000e+00
      0.354      0.013     5.2734     57.437     28.180  25.403443     1.6281      6.690   197.1676 1.1646e+03     1.9382      0.347      0.503    20.0776 0.0000e+00
      0.358      0.014     5.2657     57.181     28.206  25.426612     1.6446      6.690   197.5660 1.1393e+03     1.8877      0.351      0.510    20.0750 0.0000e+00
      0.363      0.012     5.2550     56.937     28.193  25.415297     1.6522      6.690   197.8005 1.1409e+03     1.8833      0.355      0.514    20.0718 0.0000e+00
      0.368      0.009     5.2377     56.760     28.168  25.393395     1.6533      6.692   198.1110 1.0887e+03     1.9187      0.361      0.523    20.0689 0.0000e+00
      0.370      0.007     5.2151     56.708     28.193  25.415308     1.6832      6.692   198.2228 1.0790e+03     1.9053      0.364      0.529    20.0686 0.0000e+00
      0.369      0.006     5.1913     56.787     28.209  25.426738     1.7379      6.692   198.3775 1.1074e+03     1.8586      0.363      0.526    20.0688 0.0000e+00
      0.368      0.005     5.1672     56.939     28.189  25.404827     1.7741      6.691   199.2073 1.0929e+03     1.8662      0.359      0.521    20.0697 0.0000e+00
      0.368      0.002     5.1488     57.104     28.187  25.403891     1.7882      6.690   199.9096 1.0814e+03     1.9286      0.360      0.522    20.0698 0.0000e+00
      0.372      0.000     5.1432     57.261     28.193  25.415422     1.7919      6.690   200.0717 1.0753e+03     1.9643      0.365      0.529    20.0707 0.0000e+00
      0.374     -0.002     5.1542     57.407     28.189  25.417498     1.7851      6.690   200.1352 1.0551e+03     1.9558      0.368      0.534    20.0641 0.0000e+00
      0.374     -0.004     5.1710     57.531     28.198  25.429001     1.7721      6.691   200.3326 1.0174e+03     1.9292      0.368      0.533    20.0524 0.0000e+00
      0.369     -0.004     5.1861     57.612     28.197  25.427754     1.7682      6.692   200.6517 1.0120e+03     1.9159      0.363      0.527    20.0561 0.0000e+00
      0.364     -0.003     5.1989     57.670     28.170  25.402424     1.7799      6.693   200.9822 1.0692e+03     1.9319      0.356      0.517    20.0693 0.0000e+00
      0.362     -0.001     5.2111     57.749     28.142  25.376243     1.7800      6.694   201.4039 1.1046e+03     1.9171      0.353      0.513    20.0819 0.0000e+00
      0.363      0.004     5.2232     57.912     28.129  25.364719     1.7697      6.694   202.0500 1.1120e+03     1.8733      0.355      0.515    20.0867 0.0000e+00
      0.366      0.011     5.2297     58.255     28.155  25.389843     1.7720      6.690   202.8585 1.1044e+03     1.8813      0.359      0.521    20.0842 0.0000e+00
      0.370      0.017     5.2337     58.796     28.195  25.426498     1.7826      6.683   203.3487 1.0962e+03     1.9107      0.364      0.528    20.0824 0.0000e+00
      0.375      0.021     5.2398     59.408     28.196  25.427648     1.8226      6.675   203.3308 1.1197e+03     1.8873      0.367      0.532    20.0815 0.0000e+00
      0.381      0.022     5.2502     59.943     28.169  25.403752     1.8898      6.669   203.2455 1.1233e+03     1.8375      0.371      0.539    20.0815 0.0000e+00
      0.391      0.023     5.2796     60.470     28.156  25.391087     1.9373      6.666   203.5215 1.0663e+03     1.8557      0.383      0.556    20.0858 0.0000e+00
      0.399      0.024     5.3330     61.121     28.169  25.401269     1.9562      6.665   204.1722 9.9906e+02     1.9012      0.395      0.572    20.0866 0.0000e+00
      0.402      0.024     5.3970     61.800     28.168  25.400108     1.9428      6.663   204.7464 1.0163e+03     1.8755      0.395      0.573    20.0855 0.0000e+00
      0.404      0.024     5.4416     62.365     28.140  25.377041     1.9090      6.662   204.7864 1.0814e+03     1.8527      0.393      0.569    20.0880 0.0000e+00
      0.411      0.023     5.4806     62.890     28.135  25.375888     1.8886      6.662   204.5688 1.1064e+03     1.8648      0.401      0.582    20.0862 0.0000e+00
      0.421      0.023     5.5466     63.510     28.145  25.386173     1.8876      6.665   204.6968 1.1165e+03     1.8851      0.414      0.601    20.0819 0.0000e+00
      0.428      0.026     5.6160     64.145     28.135  25.374642     1.8883      6.668   205.1298 1.1181e+03     1.9276      0.422      0.611    20.0777 0.0000e+00
      0.432      0.032     5.6624     64.665     28.125  25.363214     1.8729      6.670   205.5020 1.0796e+03     1.9347      0.424      0.614    20.0849 0.0000e+00
      0.436      0.038     5.7004     65.034     28.141  25.374746     1.8517      6.669   205.8412 1.0589e+03     1.9370      0.425      0.617    20.0955 0.0000e+00
      0.443      0.046     5.7625     65.238     28.159  25.387317     1.8393      6.667   206.2192 1.0719e+03     1.9893      0.432      0.627    20.0953 0.0000e+00
      0.457      0.052     5.8266     65.299     28.164  25.388451     1.8226      6.665   206.4588 1.0461e+03     2.0213      0.446      0.647    20.0897 0.0000e+00
      0.477      0.057     5.8731     65.261     28.168  25.388461     1.7993      6.664   206.7600 1.0059e+03     1.9817      0.467      0.677    20.0834 0.0000e+00
      0.498      0.057     5.9091     65.174     28.172  25.387423     1.7827      6.664   207.1079 9.8511e+02     1.9203      0.490      0.710    20.0792 0.0000e+00
      0.516      0.055     5.9268     65.120     28.165  25.375892     1.7716      6.664   207.3093 9.7600e+02     1.9268      0.509      0.738    20.0751 0.0000e+00
      0.527      0.050     5.9312     65.142     28.172  25.375797     1.7648      6.664   207.7327 9.9193e+02     1.9580      0.518      0.750    20.0683 0.0000e+00
      0.535      0.044     5.9282     65.209     28.191  25.386264     1.7677      6.660   208.2695 1.0067e+03     1.9222      0.524      0.760    20.0619 0.0000e+00
      0.543      0.038     5.9171     65.274     28.186  25.375676     1.7726      6.651   208.4646 9.8929e+02     1.8698      0.532      0.772    20.0545 0.0000e+00
      0.552      0.033     5.9120     65.344     28.189  25.374524     1.7665      6.646   208.3705 9.6502e+02     1.8714      0.540      0.784    20.0441 0.0000e+00
      0.563      0.029     5.9169     65.484     28.189  25.372331     1.7603      6.646   208.3360 9.6062e+02     1.9073      0.553      0.803    20.0334 0.0000e+00
      0.573      0.026     5.9263     65.678     28.168  25.349162     1.7647      6.650   208.5640 9.6044e+02     1.9282      0.564      0.819    20.0189 0.0000e+00
      0.577      0.025     5.9344     65.831     28.174  25.347898     1.7687      6.655   208.9774 9.5735e+02     1.9180      0.567      0.822    20.0075 0.0000e+00
      0.577      0.026     5.9367     65.895     28.193  25.357041     1.7676      6.660   209.3760 9.5809e+02     1.8868      0.565      0.820    20.0037 0.0000e+00
      0.580      0.030     5.9510     65.875     28.173  25.332947     1.7683      6.664   209.6832 9.5749e+02     1.8587      0.568      0.824    19.9994 0.0000e+00
      0.589      0.035     5.9739     65.748     28.154  25.310081     1.7691      6.667   210.0247 9.4887e+02     1.8512      0.576      0.836    19.9920 0.0000e+00
      0.601      0.042     5.9910     65.527     28.188  25.334072     1.7685      6.671   210.3213 9.1802e+02     1.8656      0.589      0.854    19.9796 0.0000e+00
      0.615      0.048     5.9966     65.237     28.234  25.369501     1.7690      6.674   210.4310 8.7612e+02     1.8961      0.603      0.875    19.9649 0.0000e+00
      0.630      0.050     5.9984     64.862     28.228  25.358167     1.7677      6.676   210.5764 8.5121e+02     1.9117      0.617      0.895    19.9536 0.0000e+00
      0.645      0.049     5.9873     64.436     28.196  25.323786     1.7355      6.679   210.7888 8.3766e+02     1.9183      0.632      0.917    19.9451 0.0000e+00
      0.658      0.048     5.9661     64.051     28.214  25.334072     1.6627      6.682   210.9345 8.2487e+02     1.9072      0.646      0.938    19.9332 0.0000e+00
      0.668      0.047     5.9442     63.755     28.246  25.355770     1.6120      6.683   211.1331 8.1774e+02     1.8797      0.656      0.952    19.9196 0.0000e+00
      0.678      0.044     5.9089     63.489     28.226  25.332602     1.6045      6.683   211.3839 8.1614e+02     1.8939      0.664      0.964    19.9125 0.0000e+00
      0.688      0.041     5.8685     63.248     28.200  25.307459     1.6055      6.683   211.5578 8.2184e+02     1.9071      0.674      0.978    19.9028 0.0000e+00
      0.701      0.037     5.8305     63.048     28.194  25.305275     1.6075      6.684   211.6867 8.1104e+02     1.9035      0.688      0.998    19.8912 0.0000e+00
      0.713      0.034     5.8110     62.886     28.191  25.306210     1.6115      6.686   211.9958 7.7978e+02     1.9190      0.700      1.015    19.8796 0.0000e+00
      0.721      0.030     5.7868     62.797     28.201  25.318761     1.6041      6.688   212.4561 7.4279e+02     1.8885      0.707      1.025    19.8658 0.0000e+00
      0.726      0.025     5.7629     62.750     28.211  25.330282     1.6015      6.689   212.7771 6.8299e+02     1.8421      0.713      1.033    19.8640 0.0000e+00
      0.730      0.020     5.7476     62.698     28.198  25.318749     1.6711      6.689   212.9526 6.2065e+02     1.8364      0.716      1.039    19.8717 0.0000e+00
      0.735      0.016     5.7261     62.634     28.185  25.306084     1.7810      6.690   213.1155 5.7798e+02     1.8194      0.720      1.044    19.8804 0.0000e+00
      0.740      0.013     5.7214     62.550     28.184  25.303904     1.8231      6.691   213.1975 5.4084e+02     1.8076      0.725      1.052    19.8864 0.0000e+00
      0.744      0.011     5.7177     62.415     28.171  25.292381     1.8212      6.694   213.1700 5.0057e+02     1.8308      0.730      1.059    19.8900 0.0000e+00
      0.746      0.011     5.7128     62.208     28.173  25.293524     1.8333      6.697   213.2135 4.6395e+02     1.8609      0.731      1.061    19.8913 0.0000e+00
      0.746      0.012     5.7075     61.957     28.203  25.317722     1.8452      6.700   213.4651 4.3935e+02     1.8985      0.731      1.061    19.8873 0.0000e+00
      0.747      0.015     5.7008     61.701     28.220  25.331435     1.8399      6.701   213.9753 4.2592e+02     1.9093      0.733      1.063    19.8852 0.0000e+00
      0.751      0.019     5.6904     61.450     28.222  25.332568     1.8359      6.701   214.5635 4.2046e+02     1.8897      0.736      1.067    19.8874 0.0000e+00
      0.757      0.023     5.6695     61.170     28.222  25.331423     1.8638      6.700   214.8988 4.2566e+02     1.9002      0.742      1.076    19.8851 0.0000e+00
      0.764      0.026     5.6465     60.855     28.207  25.317591     1.9027      6.699   215.0175 4.3178e+02     1.9331      0.750      1.087    19.8791 0.0000e+00
      0.774      0.026     5.6222     60.569     28.180  25.292086     1.9147      6.699   214.9663 4.2742e+02     1.9462      0.759      1.101    19.8768 0.0000e+00
      0.783      0.025     5.6015     60.365     28.165  25.276555     1.9087      6.699   214.7104 4.2670e+02     1.8883      0.769      1.115    19.8757 0.0000e+00
      0.789      0.023     5.5773     60.240     28.146  25.256554     1.9049      6.702   214.5907 4.3265e+02     1.8474      0.775      1.124    19.8733 0.0000e+00
      0.793      0.023     5.5452     60.165     28.132  25.240388     1.9024      6.705   214.7227 4.3327e+02     1.8953      0.777      1.128    19.8733 0.0000e+00
      0.795      0.025     5.5171     60.104     28.172  25.271221     1.8950      6.707   214.9299 4.3040e+02     1.8873      0.779      1.130    19.8726 0.0000e+00
      0.799      0.028     5.5002     60.065     28.224  25.312457     1.8910      6.708   215.2035 4.3517e+02     1.8198      0.782      1.134    19.8674 0.0000e+00
      0.806      0.032     5.4895     60.054     28.209  25.295314     1.8950      6.710   215.5352 4.4198e+02     1.8303      0.789      1.144    19.8622 0.0000e+00
      0.818      0.036     5.4859     60.024     28.168  25.254078     1.9103      6.711   215.8437 4.3652e+02     1.8770      0.802      1.163    19.8555 0.0000e+00
      0.832      0.037     5.4804     59.989     28.178  25.257508     1.9429      6.711   216.0939 4.2725e+02     1.9061      0.817      1.185    19.8465 0.0000e+00
