Data/DataNotYetUploadedToEDI/Raw_CTD/RawDownloads/050624_bvr50_S7809006.cnv
* Sea-Bird SBE19plus  Data File:
* FileName = C:\R\Reservoirs\Data\DataNotYetUploadedToEDI\Raw_CTD\RawDownloads\041524_bvr50_S7809_0006.hex
* Software version 2.8.0.119
* Temperature SN = 7809
* Conductivity SN = 7809
* System UpLoad Time = May 16 2024 15:25:24
* <ApplicationData>
* <Seaterm232>
# nquan = 15
# nvalues = 1682                        
# units = specified
# name 0 = depFM: Depth [fresh water, m]
# name 1 = dz/dtM: Descent Rate [m/s]
# name 2 = sbeox0Mg/L: Oxygen, SBE 43 [mg/l]
# name 3 = sbeox0PS: Oxygen, SBE 43 [% saturation]
# name 4 = specc: Specific Conductance [uS/cm]
# name 5 = c0uS/cm: Conductivity [uS/cm]
# name 6 = flECO-AFL: Fluorescence, WET Labs ECO-AFL/FL [mg/m^3]
# name 7 = ph: pH
# name 8 = orp: Oxidation Reduction Potential [mV]
# name 9 = par/sat/log: PAR/Logarithmic, Satlantic
# name 10 = turbWETntu0: Turbidity, WET Labs ECO [NTU]
# name 11 = prdM: Pressure, Strain Gauge [db]
# name 12 = prdE: Pressure, Strain Gauge [psi]
# name 13 = tv290C: Temperature [ITS-90, deg C]
# name 14 = flag:  0.000e+00
# span 0 =     -0.744,      9.786       
# span 1 =     -0.306,      0.257       
# span 2 =     0.0319,     9.7911       
# span 3 =      0.450,    107.127       
# span 4 =      0.237,    177.450       
# span 5 =   0.224571, 124.313281       
# span 6 =    -0.0912,    10.7070       
# span 7 =     -2.134,      8.292       
# span 8 = -1240.7455,   273.0397       
# span 9 = 1.2357e-01, 9.6198e+02       
# span 10 =    -0.2402,    56.5657      
# span 11 =     -0.730,      9.598      
# span 12 =     -1.059,     13.920      
# span 13 =     9.9735,    23.1496      
# span 14 = 0.0000e+00, 0.0000e+00      
# interval = seconds: 0.25
# start_time = May 06 2024 10:33:17 [Instrument's time stamp, header]
# bad_flag = -9.990e-29
*END*
[from data line 772]
      1.402      0.080     6.9790     74.815     30.022  26.792913    10.3876      8.277   202.4904 7.3680e+01     7.0740      1.375      1.995    19.6644 0.0000e+00
      1.421      0.076     6.9398     74.569     30.021  26.787012     9.8181      8.276   202.4422 7.2168e+01     7.0329      1.393      2.022    19.6524 0.0000e+00
      1.439      0.072     6.9081     74.395     30.109  26.860027     9.5087      8.276   202.4221 7.0807e+01     7.0479      1.412      2.048    19.6315 0.0000e+00
      1.454      0.069     6.8791     74.273     30.103  26.851241     9.4442      8.276   202.3333 6.9401e+01     7.0848      1.427      2.068    19.6204 0.0000e+00
      1.471      0.066     6.8525     74.180     29.984  26.744199     8.7807      8.278   202.1421 6.7681e+01     7.0002      1.441      2.090    19.6187 0.0000e+00
      1.490      0.064     6.8288     74.113     29.946  26.707383     7.5372      8.279   202.0035 6.5933e+01     6.8797      1.462      2.121    19.6110 0.0000e+00
      1.509      0.063     6.8163     74.062     30.040  26.786623     6.8685      8.279   201.9481 6.4608e+01     6.8915      1.483      2.151    19.5979 0.0000e+00
      1.523      0.062     6.8071     74.033     30.075  26.814369     6.7963      8.279   201.8167 6.3546e+01     6.9374      1.494      2.166    19.5924 0.0000e+00
      1.535      0.060     6.7973     74.012     29.976  26.725746     6.5230      8.280   201.6189 6.2316e+01     6.8542      1.503      2.180    19.5941 0.0000e+00
      1.550      0.057     6.7932     73.943     29.912  26.666412     6.0188      8.281   201.4488 6.0858e+01     6.6716      1.520      2.205    19.5890 0.0000e+00
      1.568      0.054     6.7894     73.828     29.918  26.667753     5.7358      8.283   201.3093 5.9424e+01     6.6076      1.539      2.232    19.5770 0.0000e+00
      1.584      0.051     6.7870     73.691     29.935  26.678544     5.7153      8.283   201.2224 5.8184e+01     6.6615      1.555      2.254    19.5726 0.0000e+00
      1.596      0.047     6.7884     73.518     29.929  26.670040     5.6628      8.282   201.1727 5.7214e+01     6.6404      1.566      2.271    19.5754 0.0000e+00
      1.606      0.041     6.7817     73.323     29.883  26.628348     5.5413      8.282   201.1395 5.6393e+01     6.5572      1.575      2.285    19.5735 0.0000e+00
      1.615      0.036     6.7701     73.139     29.874  26.618393     5.4782      8.281   201.0786 5.5560e+01     6.5442      1.584      2.298    19.5640 0.0000e+00
      1.624      0.031     6.7612     72.967     29.872  26.613091     5.4822      8.281   201.0388 5.4842e+01     6.6188      1.593      2.310    19.5538 0.0000e+00
      1.631      0.028     6.7449     72.804     29.822  26.564241     5.4900      8.282   201.0878 5.4284e+01     6.6739      1.601      2.321    19.5499 0.0000e+00
      1.637      0.028     6.7250     72.669     29.793  26.535110     5.5231      8.283   201.1551 5.3861e+01     6.6299      1.606      2.330    19.5506 0.0000e+00
      1.642      0.032     6.7095     72.573     29.846  26.577973     5.5906      8.283   201.1643 5.3515e+01     6.5652      1.609      2.335    19.5475 0.0000e+00
      1.647      0.038     6.6946     72.499     29.919  26.638537     5.6397      8.283   201.1131 5.3013e+01     6.5749      1.614      2.340    19.5392 0.0000e+00
      1.655      0.045     6.6800     72.417     29.916  26.633166     5.6672      8.283   201.2243 5.2201e+01     6.6444      1.621      2.353    19.5332 0.0000e+00
      1.669      0.051     6.6673     72.320     29.854  26.576451     5.7072      8.283   201.5628 5.1061e+01     6.6875      1.635      2.372    19.5284 0.0000e+00
      1.688      0.055     6.6605     72.230     29.798  26.523590     5.7485      8.285   201.9362 4.9845e+01     6.6519      1.656      2.402    19.5208 0.0000e+00
      1.708      0.055     6.6560     72.155     29.778  26.501385     5.7595      8.287   202.1247 4.8824e+01     6.5901      1.677      2.432    19.5109 0.0000e+00
      1.723      0.051     6.6496     72.081     29.780  26.498237     5.7645      8.287   202.1213 4.8027e+01     6.5896      1.692      2.452    19.5072 0.0000e+00
      1.734      0.045     6.6395     72.021     29.770  26.485518     5.7597      8.288   202.1535 4.7443e+01     6.6119      1.701      2.467    19.5074 0.0000e+00
      1.742      0.040     6.6311     71.956     29.761  26.474441     5.7088      8.290   202.3420 4.6953e+01     6.5865      1.708      2.478    19.5011 0.0000e+00
      1.750      0.037     6.6274     71.868     29.786  26.491151     5.6660      8.291   202.6790 4.6431e+01     6.5559      1.717      2.490    19.4932 0.0000e+00
      1.757      0.037     6.6196     71.762     29.801  26.497280     5.6505      8.292   203.3030 4.5892e+01     6.5492      1.724      2.501    19.4864 0.0000e+00
      1.766      0.041     6.6159     71.622     29.797  26.485112     5.6454      8.292   204.1221 4.5235e+01     6.5739      1.730      2.509    19.4794 0.0000e+00
      1.776      0.046     6.6124     71.487     29.870  26.534281     5.6549      8.291   204.6672 4.4453e+01     6.5818      1.741      2.525    19.4745 0.0000e+00
      1.789      0.050     6.6033     71.422     29.945  26.584396     5.6565      8.288   205.1621 4.3689e+01     6.5411      1.755      2.545    19.4642 0.0000e+00
      1.803      0.053     6.5975     71.367     29.885  26.520231     5.6573      8.286   205.7178 4.2801e+01     6.5601      1.766      2.562    19.4536 0.0000e+00
      1.820      0.053     6.5849     71.249     29.825  26.456081     5.7148      8.286   206.0508 4.1807e+01     6.6753      1.784      2.587    19.4436 0.0000e+00
      1.837      0.053     6.5713     71.160     29.902  26.506382     5.8101      8.286   206.6082 4.1116e+01     6.7728      1.804      2.617    19.4122 0.0000e+00
      1.849      0.054     6.5737     71.190     29.985  26.557597     5.8523      8.285   207.3803 4.0719e+01     6.7479      1.815      2.633    19.3791 0.0000e+00
      1.858      0.057     6.5756     71.280     29.944  26.504506     5.8426      8.282   207.9015 4.0261e+01     6.6473      1.820      2.640    19.3633 0.0000e+00
      1.869      0.061     6.5606     71.337     29.886  26.435221     5.8505      8.280   208.3492 3.9621e+01     6.5817      1.830      2.656    19.3536 0.0000e+00
      1.886      0.066     6.5517     71.354     29.896  26.417501     6.1473      8.279   209.0938 3.8787e+01     6.6028      1.848      2.680    19.3222 0.0000e+00
      1.906      0.071     6.5650     71.356     29.928  26.417059     6.7018      8.277   210.0211 3.7861e+01     6.6638      1.869      2.710    19.2725 0.0000e+00
      1.928      0.075     6.5801     71.378     29.977  26.429833     6.9949      8.276   210.6996 3.6996e+01     6.6359      1.891      2.743    19.2515 0.0000e+00
      1.949      0.075     6.5872     71.488     30.031  26.445063     7.0363      8.275   211.1025 3.6268e+01     6.5733      1.912      2.775    19.2324 0.0000e+00
      1.969      0.070     6.5947     71.683     30.025  26.410908     7.2604      8.275   211.4504 3.5663e+01     6.5901      1.931      2.801    19.1775 0.0000e+00
      1.986      0.064     6.6018     71.923     29.972  26.333931     7.6659      8.275   211.8948 3.5109e+01     6.6338      1.948      2.825    19.1281 0.0000e+00
      2.002      0.058     6.6050     72.277     30.036  26.338768     7.8853      8.275   212.3467 3.4618e+01     6.6228      1.965      2.850    19.0851 0.0000e+00
      2.015      0.053     6.6247     72.799     30.189  26.405898     7.8908      8.276   212.7844 3.4248e+01     6.5598      1.978      2.869    19.0208 0.0000e+00
      2.025      0.051     6.6527     73.391     30.226  26.384466     7.8574      8.278   213.3154 3.3957e+01     6.5562      1.987      2.881    18.9740 0.0000e+00
      2.035      0.051     6.6750     73.926     30.208  26.333244     7.8141      8.280   214.0349 3.3552e+01     6.6467      1.994      2.893    18.9428 0.0000e+00
      2.048      0.054     6.7155     74.388     30.273  26.357321     7.7917      8.282   215.0301 3.3058e+01     6.6981      2.009      2.913    18.8591 0.0000e+00
      2.063      0.059     6.7886     74.752     30.302  26.358427     7.7529      8.282   215.9704 3.2557e+01     6.6655      2.024      2.935    18.7152 0.0000e+00
      2.078      0.064     6.8632     74.960     30.232  26.283167     7.3538      8.281   216.7134 3.1884e+01     6.6965      2.036      2.953    18.6239 0.0000e+00
      2.096      0.069     6.9159     75.012     30.243  26.271804     6.6446      8.279   217.3885 3.1083e+01     6.7999      2.054      2.979    18.5882 0.0000e+00
      2.116      0.071     6.9695     74.952     30.369  26.347856     6.2776      8.277   217.9385 3.0321e+01     6.8224      2.076      3.010    18.5204 0.0000e+00
      2.136      0.070     7.0138     74.808     30.365  26.314784     6.2201      8.276   218.3729 2.9571e+01     6.7631      2.095      3.039    18.4748 0.0000e+00
      2.155      0.066     7.0323     74.589     30.257  26.188988     5.8590      8.276   218.7699 2.8795e+01     6.6642      2.113      3.065    18.4730 0.0000e+00
      2.174      0.061     7.0403     74.369     30.362  26.222070     5.2239      8.276   219.1243 2.8131e+01     6.6168      2.133      3.094    18.4427 0.0000e+00
      2.189      0.058     7.0441     74.336     30.580  26.334185     4.8911      8.276   219.4747 2.7737e+01     6.6692      2.150      3.118    18.3680 0.0000e+00
      2.198      0.057     7.0368     74.539     30.570  26.276050     4.8725      8.276   219.7374 2.7447e+01     6.6484      2.156      3.126    18.3233 0.0000e+00
      2.207      0.060     7.0205     74.868     30.444  26.153297     4.8657      8.276   219.9777 2.6961e+01     6.5702      2.161      3.135    18.2952 0.0000e+00
      2.222      0.067     7.0033     75.279     30.491  26.181802     4.7760      8.275   220.4871 2.6295e+01     6.5767      2.178      3.159    18.1982 0.0000e+00
      2.241      0.075     7.0220     75.752     30.646  26.303595     4.6210      8.274   221.0774 2.5578e+01     6.6254      2.198      3.188    18.0293 0.0000e+00
      2.263      0.082     7.0628     76.213     30.633  26.294033     4.5397      8.273   221.6090 2.4804e+01     6.6472      2.218      3.217    17.9399 0.0000e+00
      2.288      0.084     7.0894     76.547     30.437  26.129609     4.5258      8.273   222.0100 2.4006e+01     6.6011      2.242      3.252    17.9617 0.0000e+00
      2.314      0.082     7.1341     76.693     30.407  26.091331     4.3698      8.273   222.1404 2.3269e+01     6.5452      2.269      3.291    17.9273 0.0000e+00
      2.338      0.078     7.1857     76.736     30.592  26.211736     4.0766      8.273   222.2387 2.2712e+01     6.5866      2.296      3.329    17.8977 0.0000e+00
      2.355      0.072     7.2315     76.741     30.615  26.190115     3.9275      8.273   222.5964 2.2337e+01     6.6576      2.312      3.352    17.9135 0.0000e+00
      2.368      0.067     7.2649     76.675     30.526  26.083545     3.9146      8.274   223.1109 2.1944e+01     6.6525      2.320      3.365    17.9282 0.0000e+00
      2.383      0.063     7.2743     76.585     30.606  26.128143     3.8547      8.274   223.3829 2.1509e+01     6.6267      2.337      3.389    17.9226 0.0000e+00
      2.398      0.060     7.2878     76.566     30.657  26.158542     3.7612      8.274   223.4758 2.1152e+01     6.6188      2.353      3.412    17.8343 0.0000e+00
      2.414      0.059     7.3046     76.594     30.554  26.070561     3.7239      8.274   223.6313 2.0817e+01     6.6259      2.366      3.431    17.7569 0.0000e+00
      2.431      0.059     7.3012     76.645     30.564  26.079084     3.7281      8.274   223.7147 2.0457e+01     6.6789      2.385      3.458    17.7240 0.0000e+00
      2.447      0.059     7.2937     76.761     30.626  26.134752     3.6369      8.273   223.6240 2.0175e+01     6.6783      2.403      3.485    17.6718 0.0000e+00
      2.459      0.060     7.2994     76.908     30.509  26.046017     3.4614      8.273   223.4808 1.9922e+01     6.6190      2.411      3.497    17.6480 0.0000e+00
      2.472      0.063     7.3014     76.984     30.394  25.957509     3.3794      8.274   223.6184 1.9544e+01     6.6109      2.421      3.511    17.6632 0.0000e+00
      2.488      0.068     7.3029     76.984     30.460  26.015920     3.3774      8.274   223.9973 1.9106e+01     6.6134      2.440      3.538    17.6588 0.0000e+00
      2.506      0.075     7.3159     76.948     30.509  26.054646     3.2212      8.273   224.2760 1.8727e+01     6.5812      2.459      3.566    17.6548 0.0000e+00
      2.524      0.081     7.3315     76.863     30.437  25.981803     2.9137      8.271   224.5795 1.8316e+01     6.5632      2.474      3.588    17.6843 0.0000e+00
      2.546      0.085     7.3353     76.758     30.436  25.959628     2.7398      8.271   224.9995 1.7774e+01     6.6008      2.494      3.617    17.7025 0.0000e+00
      2.573      0.085     7.3315     76.730     30.486  25.976754     2.7247      8.272   225.3964 1.7211e+01     6.6602      2.524      3.660    17.7032 0.0000e+00
      2.600      0.084     7.3318     76.831     30.466  25.935168     2.7313      8.272   225.7642 1.6761e+01     6.6670      2.552      3.701    17.6991 0.0000e+00
      2.622      0.082     7.3249     77.065     30.539  25.964143     2.6698      8.270   226.1774 1.6418e+01     6.6142      2.573      3.732    17.6836 0.0000e+00
      2.639      0.078     7.3154     77.438     30.651  26.009940     2.5392      8.268   226.5205 1.6135e+01     6.6024      2.588      3.754    17.6471 0.0000e+00
      2.654      0.074     7.3195     77.890     30.600  25.918056     2.4671      8.267   226.8148 1.5840e+01     6.6609      2.601      3.773    17.5928 0.0000e+00
      2.672      0.072     7.3343     78.355     30.594  25.867835     2.4475      8.267   227.2409 1.5459e+01     6.7069      2.619      3.799    17.5662 0.0000e+00
      2.693      0.074     7.3618     78.873     30.694  25.910023     2.3769      8.266   227.6289 1.5090e+01     6.6469      2.642      3.832    17.5223 0.0000e+00
      2.711      0.078     7.4147     79.407     30.662  25.857309     2.2629      8.264   227.9780 1.4797e+01     6.4819      2.659      3.858    17.4207 0.0000e+00
      2.728      0.083     7.4767     79.850     30.611  25.801223     2.2089      8.262   228.4506 1.4457e+01     6.3851      2.673      3.877    17.3391 0.0000e+00
      2.750      0.088     7.5247     80.249     30.712  25.866076     2.2142      8.260   228.8690 1.4056e+01     6.3992      2.696      3.910    17.2795 0.0000e+00
      2.774      0.092     7.5905     80.689     30.752  25.880376     2.1109      8.258   229.0791 1.3661e+01     6.4130      2.723      3.949    17.1867 0.0000e+00
      2.799      0.093     7.6563     81.073     30.652  25.783834     1.8843      8.257   229.2703 1.3265e+01     6.3813      2.743      3.980    17.1467 0.0000e+00
      2.825      0.092     7.6932     81.296     30.668  25.776906     1.7472      8.257   229.6323 1.2875e+01     6.3235      2.769      4.016    17.1572 0.0000e+00
      2.852      0.087     7.7348     81.456     30.800  25.860006     1.7343      8.257   230.0134 1.2537e+01     6.3287      2.799      4.059    17.1042 0.0000e+00
      2.877      0.081     7.7880     81.578     30.805  25.837265     1.7112      8.257   230.1794 1.2289e+01     6.3758      2.825      4.097    17.0656 0.0000e+00
      2.894      0.076     7.8339     81.542     30.736  25.755598     1.6508      8.257   230.0906 1.2115e+01     6.3809      2.840      4.118    17.0642 0.0000e+00
      2.908      0.070     7.8520     81.331     30.768  25.760416     1.6213      8.257   229.8866 1.1923e+01     6.3903      2.850      4.133    17.0291 0.0000e+00
