Data/DataNotYetUploadedToEDI/Raw_CTD/RawDownloads/050624_fcr50_S7809007.cnv
* Sea-Bird SBE19plus  Data File:
* FileName = C:\R\Reservoirs\Data\DataNotYetUploadedToEDI\Raw_CTD\RawDownloads\041524_bvr50_S7809_0007.hex
* Software version 2.8.0.119
* Temperature SN = 7809
* Conductivity SN = 7809
* System UpLoad Time = May 16 2024 15:26:26
* <ApplicationData>
* <Seaterm232>
# nquan = 15
# nvalues = 2448                        
# units = specified
# name 0 = depFM: Depth [fresh water, m]
# name 1 = dz/dtM: Descent Rate [m/s]
# name 2 = sbeox0Mg/L: Oxygen, SBE 43 [mg/l]
# name 3 = sbeox0PS: Oxygen, SBE 43 [% saturation]
# name 4 = specc: Specific Conductance [uS/cm]
# name 5 = c0uS/cm: Conductivity [uS/cm]
# name 6 = flECO-AFL: Fluorescence, WET Labs ECO-AFL/FL [mg/m^3]
# name 7 = ph: pH
# name 8 = orp: Oxidation Reduction Potential [mV]
# name 9 = par/sat/log: PAR/Logarithmic, Satlantic
# name 10 = turbWETntu0: Turbidity, WET Labs ECO [NTU]
# name 11 = prdM: Pressure, Strain Gauge [db]
# name 12 = prdE: Pressure, Strain Gauge [psi]
# name 13 = tv290C: Temperature [ITS-90, deg C]
# name 14 = flag:  0.000e+00
# span 0 =     -0.668,      9.495       
# span 1 =     -0.318,      3.533       
# span 2 =    -0.2206,    10.0548       
# span 3 =     -1.522,    100.987       
# span 4 =      0.403,    351.482       
# span 5 =   0.387588, 249.208062       
# span 6 =    -0.1367,    14.3830       
# span 7 =     -2.135,      7.845       
# span 8 = -1240.7455,   311.1537       
# span 9 = 1.2357e-01, 5.0502e+02       
# span 10 =     0.2838,   125.2719      
# span 11 =     -0.655,      9.314      
# span 12 =     -0.950,     13.508      
# span 13 =    10.4143,    23.1098      
# span 14 = 0.0000e+00, 0.0000e+00      
# interval = seconds: 0.25
# start_time = May 06 2024 12:28:02 [Instrument's time stamp, header]
# bad_flag = -9.990e-29
*END*
[from data line 1157]
      0.433     -0.058     5.2110     57.289     37.684  33.868694     3.8456      7.681   243.4823 2.0485e+02     6.3710      0.426      0.618    19.9210 0.0000e+00
      0.414     -0.068     5.2185     57.338     37.709  33.894599     3.8383      7.719   242.7225 2.0881e+02     6.3296      0.407      0.590    19.9179 0.0000e+00
      0.390     -0.072     5.2185     57.594     37.722  33.912744     3.8298      7.743   243.4549 2.1422e+02     6.3380      0.385      0.558    19.9199 0.0000e+00
      0.362     -0.067     5.2173     58.331     37.692  33.897756     3.8266      7.756   245.6263 2.1891e+02     6.3709      0.353      0.512    19.9263 0.0000e+00
      0.341     -0.056     5.2136     59.971     37.687  33.903723     3.8499      7.766   246.7788 2.2079e+02     6.4541      0.329      0.477    19.9355 0.0000e+00
      0.331     -0.040     5.2134     62.827     37.704  33.921459     3.8862      7.772   246.9791 2.2149e+02     6.5582      0.323      0.469    19.9377 0.0000e+00
      0.326     -0.022     5.2286     66.607     37.708  33.921875     3.8917      7.775   246.6710 2.2184e+02     6.5708      0.319      0.463    19.9405 0.0000e+00
      0.324     -0.005     5.2789     70.568     37.695  33.908753     3.8914      7.775   245.8072 2.2077e+02     6.5713      0.316      0.458    19.9642 0.0000e+00
      0.327      0.008     5.4093     74.119     37.675  33.889683     3.9243      7.777   245.7403 2.1890e+02     6.5988      0.318      0.462    19.9830 0.0000e+00
      0.332      0.015     5.6796     76.881     37.665  33.881629     3.9649      7.779   246.6373 2.1730e+02     6.5961      0.324      0.471    19.9806 0.0000e+00
      0.338      0.019     6.0566     78.561     37.656  33.874820     3.9742      7.780   247.2743 2.1571e+02     6.5721      0.332      0.482    19.9747 0.0000e+00
      0.345      0.022     6.4333     79.080     37.651  33.870810     3.9614      7.780   247.5056 2.1406e+02     6.5490      0.339      0.491    19.9719 0.0000e+00
      0.350      0.024     6.7664     78.584     37.681  33.896583     3.9518      7.779   247.7131 2.1268e+02     6.5552      0.344      0.499    19.9717 0.0000e+00
      0.354      0.026     7.0294     77.386     37.723  33.932663     3.9659      7.777   247.8046 2.1132e+02     6.5781      0.348      0.505    19.9736 0.0000e+00
      0.359      0.026     7.1834     75.838     37.718  33.926385     4.0064      7.772   246.9769 2.0982e+02     6.6208      0.351      0.510    19.9751 0.0000e+00
      0.367      0.027     7.2264     74.219     37.674  33.884115     4.0262      7.767   245.5353 2.0815e+02     6.6288      0.358      0.520    19.9745 0.0000e+00
      0.377      0.029     7.1700     72.717     37.656  33.865680     4.0136      7.764   245.0870 2.0582e+02     6.5717      0.370      0.537    19.9738 0.0000e+00
      0.386      0.031     7.0494     71.437     37.691  33.893819     4.0121      7.761   245.6859 2.0394e+02     6.5796      0.380      0.551    19.9716 0.0000e+00
      0.392      0.032     6.9004     70.427     37.706  33.907113     4.0252      7.758   246.4954 2.0329e+02     6.6554      0.384      0.557    19.9688 0.0000e+00
      0.399      0.031     6.7475     69.683     37.696  33.899529     4.0217      7.758   246.8736 2.0200e+02     6.6690      0.389      0.564    19.9659 0.0000e+00
      0.409      0.030     6.6085     69.174     37.731  33.929009     4.0036      7.757   245.8701 2.0006e+02     6.6072      0.402      0.583    19.9619 0.0000e+00
      0.418      0.029     6.4910     68.924     37.751  33.946332     3.9976      7.756   243.7413 1.9878e+02     6.5567      0.411      0.598    19.9580 0.0000e+00
      0.423      0.029     6.3992     69.069     37.718  33.918645     4.0157      7.756   242.5586 1.9757e+02     6.5715      0.414      0.601    19.9572 0.0000e+00
      0.430      0.029     6.3328     69.767     37.709  33.911470     4.0395      7.756   242.9267 1.9613e+02     6.6489      0.422      0.612    19.9608 0.0000e+00
      0.438      0.029     6.2872     71.011     37.725  33.923033     4.0353      7.754   243.7176 1.9508e+02     6.6732      0.430      0.625    19.9574 0.0000e+00
      0.444      0.029     6.2596     72.615     37.735  33.931563     3.9988      7.753   243.7757 1.9381e+02     6.5916      0.433      0.628    19.9526 0.0000e+00
      0.452      0.027     6.2653     74.379     37.757  33.951158     3.9638      7.753   243.1125 1.9194e+02     6.5501      0.442      0.641    19.9615 0.0000e+00
      0.462      0.024     6.3277     76.104     37.782  33.969623     3.9614      7.752   242.5820 1.9034e+02     6.6160      0.455      0.660    19.9627 0.0000e+00
      0.470      0.020     6.4514     77.599     37.778  33.964482     3.9789      7.750   242.2663 1.8939e+02     6.7052      0.462      0.670    19.9531 0.0000e+00
      0.473      0.015     6.6021     78.684     37.759  33.952436     3.9665      7.750   242.1348 1.8855e+02     6.6381      0.464      0.673    19.9555 0.0000e+00
      0.474      0.011     6.7684     79.199     37.751  33.950876     3.9206      7.751   242.2819 1.8769e+02     6.4540      0.465      0.675    19.9590 0.0000e+00
      0.476      0.009     6.9338     79.121     37.744  33.945628     3.8984      7.752   242.9265 1.8718e+02     6.3575      0.467      0.677    19.9480 0.0000e+00
      0.476      0.010     7.0743     78.538     37.754  33.952425     3.9147      7.752   243.6485 1.8673e+02     6.3264      0.467      0.678    19.9432 0.0000e+00
      0.477      0.013     7.1799     77.595     37.775  33.969614     3.9257      7.751   243.7841 1.8592e+02     6.3168      0.467      0.677    19.9558 0.0000e+00
      0.480      0.017     7.2239     76.459     37.770  33.963119     3.9311      7.749   243.7056 1.8472e+02     6.3772      0.469      0.680    19.9643 0.0000e+00
      0.486      0.019     7.2149     75.279     37.743  33.937336     3.9640      7.747   243.4729 1.8305e+02     6.5097      0.476      0.691    19.9638 0.0000e+00
      0.495      0.019     7.1566     74.137     37.715  33.911648     4.0065      7.746   243.0354 1.8139e+02     6.6209      0.487      0.706    19.9610 0.0000e+00
      0.502      0.019     7.0665     73.077     37.710  33.906307     4.0378      7.745   243.5784 1.8044e+02     6.6639      0.493      0.716    19.9574 0.0000e+00
      0.506      0.018     6.9580     72.175     37.744  33.936194     4.0678      7.746   245.0486 1.8008e+02     6.6542      0.496      0.720    19.9554 0.0000e+00
      0.508      0.018     6.8478     71.417     37.767  33.955795     4.0860      7.747   245.7541 1.7983e+02     6.6054      0.498      0.723    19.9533 0.0000e+00
      0.510      0.018     6.7457     70.772     37.764  33.952968     4.0748      7.747   245.6552 1.7927e+02     6.5867      0.500      0.725    19.9519 0.0000e+00
      0.514      0.018     6.6427     70.233     37.779  33.965449     4.0657      7.746   245.3157 1.7810e+02     6.6332      0.502      0.728    19.9515 0.0000e+00
      0.520      0.018     6.5638     69.762     37.796  33.979822     4.0672      7.746   244.8323 1.7660e+02     6.6543      0.509      0.739    19.9511 0.0000e+00
      0.529      0.012     6.4960     69.340     37.818  33.999852     4.0684      7.747   244.8016 1.7559e+02     6.6038      0.520      0.755    19.9501 0.0000e+00
      0.535     -0.009     6.4360     68.993     37.834  34.017300     4.0715      7.747   245.0307 1.7526e+02     6.5678      0.526      0.763    19.9489 0.0000e+00
      0.537     -0.049     6.3904     68.876     37.804  34.000455     4.0544      7.745   244.8495 1.7506e+02     6.5948      0.527      0.765    19.9478 0.0000e+00
      0.536     -0.099     6.3470     69.299     37.779  33.986526     3.9952      7.739   244.4169 1.7608e+02     6.6574      0.528      0.766    19.9479 0.0000e+00
      0.519     -0.148     6.3096     70.615     37.842  34.039238     3.9048      7.731   243.8438 1.8302e+02     6.6762      0.525      0.762    19.9456 0.0000e+00
      0.464     -0.190     6.2731     73.059     37.882  34.066792     3.8440      7.724   243.0827 1.9878e+02     6.6170      0.474      0.686    19.9465 0.0000e+00
      0.375     -0.226     6.2496     76.591     37.807  34.002437     3.8256      7.721   242.5278 2.1543e+02     6.5569      0.360      0.522    19.9638 0.0000e+00
      0.296     -0.251     6.2727     80.747     37.822  34.022464     3.7987      7.717   242.2977 2.2514e+02     6.5304      0.274      0.398    19.9845 0.0000e+00
      0.244     -0.252     6.3858     84.841     38.001  34.182066     3.7605      7.712   241.9343 2.3397e+02     6.5011      0.245      0.354    19.9743 0.0000e+00
      0.186     -0.236     6.6103     88.410     38.115  34.282612     3.7390      7.709   241.3182 2.5092e+02     6.4414      0.194      0.282    19.9512 0.0000e+00
      0.112     -0.218     6.9454     91.184     38.040  34.223027     3.7290      7.709   240.8712 2.6939e+02     6.3558      0.100      0.146    19.9610 0.0000e+00
      0.055     -0.208     7.3499     92.954     37.960  34.159544     3.7239      7.709   240.6588 2.8145e+02     6.3188      0.039      0.057    19.9799 0.0000e+00
      0.022     -0.198     7.7348     93.661     38.021  34.212951     3.7268      7.709   240.4715 2.9994e+02     6.4041      0.029      0.042    19.9708 0.0000e+00
     -0.018     -0.178     8.0684     93.428     38.118  34.297762     3.7309      7.708   240.2414 3.3111e+02     6.5671     -0.005     -0.007    19.9599 0.0000e+00
     -0.080     -0.150     8.3268     92.573     38.108  34.296755     3.7234      7.707   240.0277 3.6138e+02     6.6508     -0.082     -0.118    19.9776 0.0000e+00
     -0.135     -0.123     8.4852     91.487     38.060  34.264231     3.7114      7.707   239.9521 3.8039e+02     6.5962     -0.147     -0.212    19.9972 0.0000e+00
     -0.161     -0.096     8.5481     90.359     38.079  34.285204     3.7187      7.707   239.8433 3.8796e+02     6.5559     -0.164     -0.238    19.9893 0.0000e+00
     -0.169     -0.064     8.5181     89.140     38.090  34.296557     3.7370      7.706   239.8303 3.8751e+02     6.6084     -0.165     -0.239    19.9774 0.0000e+00
     -0.173     -0.034     8.4224     87.837     38.061  34.274614     3.7485      7.705   240.1393 3.8456e+02     6.6491     -0.171     -0.248    19.9933 0.0000e+00
     -0.174     -0.014     8.3131     86.578     38.057  34.273677     3.7501      7.705   240.3102 3.8289e+02     6.6040     -0.171     -0.249    20.0140 0.0000e+00
     -0.173     -0.006     8.2165     85.428     38.071  34.285230     3.7483      7.706   240.3479 3.7994e+02     6.5418     -0.168     -0.243    20.0147 0.0000e+00
     -0.173     -0.004     8.1061     84.397     38.074  34.287406     3.7679      7.706   240.4224 3.7611e+02     6.5793     -0.169     -0.246    20.0129 0.0000e+00
     -0.176     -0.001     7.9788     83.475     38.089  34.299989     3.7962      7.704   240.3518 3.7318e+02     6.6821     -0.174     -0.250    20.0222 0.0000e+00
     -0.178      0.002     7.8633     82.615     38.102  34.310483     3.8074      7.702   240.3538 3.7058e+02     6.7257     -0.175     -0.252    20.0264 0.0000e+00
     -0.178      0.005     7.7596     81.841     38.078  34.287395     3.8124      7.700   240.6197 3.6908e+02     6.5940     -0.174     -0.253    20.0219 0.0000e+00
     -0.176      0.009     7.6648     81.212     38.064  34.274612     3.8146      7.699   240.8991 3.6854e+02     6.3540     -0.174     -0.252    20.0213 0.0000e+00
     -0.171      0.011     7.5846     80.644     38.075  34.282820     3.8261      7.698   241.0651 3.6868e+02     6.3185     -0.168     -0.243    20.0227 0.0000e+00
     -0.166      0.013     7.5059     80.003     38.050  34.259740     3.8506      7.697   241.2502 3.6947e+02     6.4376     -0.162     -0.234    20.0203 0.0000e+00
     -0.161      0.013     7.4308     79.228     38.039  34.249330     3.8534      7.697   241.2436 3.6999e+02     6.4957     -0.158     -0.228    20.0172 0.0000e+00
     -0.158      0.013     7.3782     78.284     38.077  34.283848     3.8349      7.697   240.3828 3.6992e+02     6.5431     -0.154     -0.224    20.0179 0.0000e+00
     -0.157      0.012     7.3327     77.226     38.091  34.296422     3.8266      7.696   239.1027 3.7002e+02     6.5666     -0.154     -0.223    20.0168 0.0000e+00
     -0.155      0.011     7.2745     76.199     38.066  34.274477     3.8363      7.696   238.6717 3.7070e+02     6.5738     -0.153     -0.221    20.0142 0.0000e+00
     -0.152      0.011     7.2069     75.251     38.064  34.272283     3.8433      7.697   239.1299 3.7235e+02     6.5966     -0.149     -0.217    20.0134 0.0000e+00
     -0.148      0.012     7.1202     74.350     38.062  34.269901     3.8443      7.698   239.9094 3.7506e+02     6.6031     -0.144     -0.209    20.0133 0.0000e+00
     -0.144      0.013     7.0163     73.545     38.037  34.245668     3.8661      7.699   240.2673 3.7749e+02     6.6189     -0.141     -0.205    20.0142 0.0000e+00
     -0.142      0.013     6.9212     72.839     38.025  34.233065     3.8906      7.699   239.2416 3.7931e+02     6.6164     -0.138     -0.202    20.0152 0.0000e+00
     -0.139      0.012     6.8399     72.172     38.038  34.244400     3.8983      7.699   237.4881 3.8103e+02     6.6069     -0.136     -0.198    20.0151 0.0000e+00
     -0.134      0.011     6.7532     71.540     38.051  34.255832     3.9016      7.699   236.9624 3.8202e+02     6.6406     -0.132     -0.192    20.0130 0.0000e+00
     -0.130      0.009     6.6805     70.933     38.039  34.244399     3.8973      7.701   237.2740 3.8238e+02     6.6483     -0.126     -0.183    20.0106 0.0000e+00
     -0.128      0.008     6.6212     70.350     38.027  34.233064     3.8881      7.702   237.5552 3.8278e+02     6.6323     -0.125     -0.181    20.0092 0.0000e+00
     -0.128      0.007     6.5581     69.824     38.042  34.245667     3.8813      7.701   237.6952 3.8326e+02     6.6173     -0.126     -0.182    20.0084 0.0000e+00
     -0.127      0.005     6.5026     69.410     38.070  34.269891     3.8822      7.701   236.9882 3.8367e+02     6.6029     -0.125     -0.181    20.0078 0.0000e+00
     -0.126      0.005     6.4466     69.097     38.073  34.272170     3.8981      7.701   236.2346 3.8399e+02     6.5959     -0.124     -0.180    20.0075 0.0000e+00
     -0.125      0.005     6.3938     68.886     38.075  34.273226     3.9071      7.700   236.0686 3.8444e+02     6.5664     -0.122     -0.178    20.0068 0.0000e+00
     -0.123      0.005     6.3423     68.839     38.087  34.282660     3.8917      7.700   236.1854 3.8544e+02     6.5881     -0.120     -0.174    20.0056 0.0000e+00
     -0.121      0.004     6.3064     68.929     38.063  34.259330     3.8859      7.701   236.4429 3.8734e+02     6.6875     -0.118     -0.172    20.0044 0.0000e+00
     -0.121      0.003     6.2799     69.063     38.049  34.244926     3.9046      7.702   236.8584 3.8964e+02     6.7431     -0.118     -0.172    20.0033 0.0000e+00
     -0.120      0.003     6.2551     69.185     38.039  34.235391     3.9186      7.702   237.3371 3.9169e+02     6.6797     -0.118     -0.171    20.0031 0.0000e+00
     -0.120      0.002     6.2530     69.269     38.009  34.207487     3.9133      7.703   237.4128 3.9350e+02     6.5694     -0.117     -0.170    20.0018 0.0000e+00
     -0.119      0.002     6.2659     69.337     38.029  34.224772     3.9313      7.705   237.3438 3.9520e+02     6.5373     -0.117     -0.169    19.9982 0.0000e+00
     -0.119      0.002     6.2797     69.472     38.061  34.254048     3.9949      7.705   237.1911 3.9676e+02     6.5991     -0.117     -0.169    19.9956 0.0000e+00
     -0.118      0.002     6.2917     69.706     38.049  34.244237     4.0251      7.705   236.8568 3.9767e+02     6.6333     -0.115     -0.167    19.9941 0.0000e+00
     -0.118      0.002     6.3000     70.052     38.035  34.233033     4.0127      7.705   237.5178 3.9801e+02     6.5756     -0.115     -0.167    19.9932 0.0000e+00
