Data/DataNotYetUploadedToEDI/Raw_CTD/RawDownloads/050624_bvr50_S7809006.cnv
* Sea-Bird SBE19plus  Data File:
* FileName = C:\R\Reservoirs\Data\DataNotYetUploadedToEDI\Raw_CTD\RawDownloads\041524_bvr50_S7809_0006.hex
* Software version 2.8.0.119
* Temperature SN = 7809
* Conductivity SN = 7809
* System UpLoad Time = May 16 2024 15:25:24
* <ApplicationData>
* <Seaterm232>
# nquan = 15
# nvalues = 1682                        
# units = specified
# name 0 = depFM: Depth [fresh water, m]
# name 1 = dz/dtM: Descent Rate [m/s]
# name 2 = sbeox0Mg/L: Oxygen, SBE 43 [mg/l]
# name 3 = sbeox0PS: Oxygen, SBE 43 [% saturation]
# name 4 = specc: Specific Conductance [uS/cm]
# name 5 = c0uS/cm: Conductivity [uS/cm]
# name 6 = flECO-AFL: Fluorescence, WET Labs ECO-AFL/FL [mg/m^3]
# name 7 = ph: pH
# name 8 = orp: Oxidation Reduction Potential [mV]
# name 9 = par/sat/log: PAR/Logarithmic, Satlantic
# name 10 = turbWETntu0: Turbidity, WET Labs ECO [NTU]
# name 11 = prdM: Pressure, Strain Gauge [db]
# name 12 = prdE: Pressure, Strain Gauge [psi]
# name 13 = tv290C: Temperature [ITS-90, deg C]
# name 14 = flag:  0.000e+00
# span 0 =     -0.744,      9.786       
# span 1 =     -0.306,      0.257       
# span 2 =     0.0319,     9.7911       
# span 3 =      0.450,    107.127       
# span 4 =      0.237,    177.450       
# span 5 =   0.224571, 124.313281       
# span 6 =    -0.0912,    10.7070       
# span 7 =     -2.134,      8.292       
# span 8 = -1240.7455,   273.0397       
# span 9 = 1.2357e-01, 9.6198e+02       
# span 10 =    -0.2402,    56.5657      
# span 11 =     -0.730,      9.598      
# span 12 =     -1.059,     13.920      
# span 13 =     9.9735,    23.1496      
# span 14 = 0.0000e+00, 0.0000e+00      
# interval = seconds: 0.25
# start_time = May 06 2024 10:33:17 [Instrument's time stamp, header]
# bad_flag = -9.990e-29
*END*
[from data line 1543]
      3.262     -0.123     0.3235      2.905     34.489  24.758785     0.7350      7.773    98.2622 1.2119e+01     6.3628      3.196      4.636    10.8886 0.0000e+00
      3.240     -0.135     0.3191      2.924     34.490  24.760242     0.7636      7.775    98.8386 1.2329e+01     6.4168      3.179      4.611    10.8892 0.0000e+00
      3.212     -0.150     0.3196      2.946     34.545  24.800372     0.7809      7.775    99.3767 1.2704e+01     6.3578      3.156      4.577    10.8901 0.0000e+00
      3.167     -0.163     0.3208      2.970     34.632  24.863486     0.7685      7.773   100.0367 1.3313e+01     6.2640      3.111      4.513    10.8908 0.0000e+00
      3.111     -0.173     0.3199      3.000     34.667  24.889175     0.7559      7.773   100.7096 1.4058e+01     6.2391      3.051      4.426    10.8914 0.0000e+00
      3.055     -0.179     0.3236      3.028     34.622  24.857308     0.7861      7.772   101.2315 1.4749e+01     6.2959      2.993      4.340    10.8922 0.0000e+00
      3.009     -0.178     0.3252      3.040     34.624  24.858694     0.8424      7.771   101.7873 1.5312e+01     6.3356      2.948      4.275    10.8934 0.0000e+00
      2.971     -0.169     0.3282      3.032     34.689  24.905932     0.8540      7.770   102.5253 1.5930e+01     6.2746      2.915      4.228    10.8941 0.0000e+00
      2.932     -0.155     0.3314      3.020     34.710  24.921113     0.8350      7.770   103.2709 1.6707e+01     6.2764      2.876      4.172    10.8945 0.0000e+00
      2.890     -0.142     0.3355      3.014     34.702  24.915416     0.8287      7.770   104.0056 1.7555e+01     6.3239      2.832      4.108    10.8955 0.0000e+00
      2.852     -0.130     0.3370      3.005     34.768  24.963890     0.8369      7.769   104.7831 1.8385e+01     6.3362      2.795      4.054    10.8961 0.0000e+00
      2.821     -0.119     0.3353      2.976     34.818  24.999863     0.8500      7.769   105.5307 1.9161e+01     6.3563      2.765      4.011    10.8961 0.0000e+00
      2.794     -0.108     0.3335      2.945     34.776  24.969857     0.8463      7.768   106.4198 1.9876e+01     6.3280      2.738      3.971    10.8964 0.0000e+00
      2.769     -0.097     0.3326      2.930     34.792  24.981603     0.8419      7.765   107.6182 2.0556e+01     6.3352      2.715      3.937    10.8970 0.0000e+00
      2.747     -0.087     0.3338      2.930     34.838  25.015045     0.8635      7.763   109.0067 2.1298e+01     6.3757      2.695      3.909    10.8976 0.0000e+00
      2.727     -0.080     0.3289      2.943     34.808  24.993698     0.8912      7.760   110.3880 2.2057e+01     6.3390      2.673      3.877    10.8981 0.0000e+00
      2.707     -0.075     0.3246      2.964     34.784  24.977170     0.8934      7.756   111.5001 2.2712e+01     6.3011      2.653      3.848    10.8987 0.0000e+00
      2.689     -0.073     0.3234      2.991     34.734  24.942044     0.8904      7.752   112.6444 2.3420e+01     6.3271      2.638      3.828    10.8994 0.0000e+00
      2.671     -0.075     0.3232      3.026     34.566  24.822659     0.9632      7.748   114.1573 2.4125e+01     6.3796      2.618      3.797    10.8998 0.0000e+00
      2.655     -0.081     0.3250      3.060     34.448  24.738625     1.0908      7.746   115.5956 2.4604e+01     6.3898      2.601      3.773    10.9004 0.0000e+00
      2.640     -0.091     0.3277      3.078     34.463  24.750435     1.1432      7.745   117.0431 2.5133e+01     6.3480      2.593      3.762    10.9011 0.0000e+00
      2.618     -0.103     0.3298      3.084     34.497  24.775196     1.1304      7.744   118.7529 2.5943e+01     6.3189      2.572      3.730    10.9016 0.0000e+00
      2.585     -0.117     0.3344      3.087     34.597  24.847752     1.1199      7.742   120.3516 2.6857e+01     6.3454      2.536      3.677    10.9027 0.0000e+00
      2.550     -0.128     0.3392      3.080     34.798  24.993542     1.0994      7.740   121.6599 2.7736e+01     6.3599      2.500      3.626    10.9044 0.0000e+00
      2.515     -0.136     0.3403      3.050     35.005  25.142740     1.0814      7.737   122.8696 2.8743e+01     6.3241      2.469      3.581    10.9060 0.0000e+00
      2.477     -0.139     0.3409      3.012     35.074  25.193082     1.0939      7.735   124.0515 2.9992e+01     6.2881      2.430      3.525    10.9070 0.0000e+00
      2.437     -0.141     0.3409      2.980     35.025  25.158292     1.2761      7.733   125.0231 3.1130e+01     6.3344      2.386      3.461    10.9081 0.0000e+00
      2.404     -0.143     0.3420      2.958     35.123  25.229444     1.6119      7.733   125.9274 3.2105e+01     6.4406      2.356      3.416    10.9095 0.0000e+00
      2.374     -0.144     0.3367      2.936     35.298  25.355776     1.7828      7.735   126.9831 3.3425e+01     6.4445      2.332      3.381    10.9103 0.0000e+00
      2.337     -0.144     0.3328      2.914     35.295  25.353976     1.7773      7.736   128.0648 3.5110e+01     6.3810      2.294      3.327    10.9110 0.0000e+00
      2.295     -0.142     0.3285      2.896     35.267  25.334516     1.7705      7.736   129.0255 3.6724e+01     6.3563      2.249      3.263    10.9119 0.0000e+00
      2.255     -0.138     0.3269      2.888     35.497  25.500998     1.7920      7.735   129.6507 3.8162e+01     6.4195      2.211      3.206    10.9128 0.0000e+00
      2.217     -0.134     0.3247      2.901     35.710  25.654563     1.8373      7.734   130.0316 3.9465e+01     6.5646      2.174      3.153    10.9135 0.0000e+00
      2.183     -0.132     0.3210      2.901     35.640  25.605777     1.8604      7.734   130.5341 4.0428e+01     6.6072      2.138      3.101    10.9147 0.0000e+00
      2.157     -0.136     0.3209      2.877     35.643  25.608752     1.8632      7.734   131.3389 4.1142e+01     6.5592      2.113      3.064    10.9162 0.0000e+00
      2.134     -0.146     0.3163      2.854     35.755  25.690537     2.0038      7.734   132.5342 4.2352e+01     6.5306      2.096      3.041    10.9172 0.0000e+00
      2.100     -0.160     0.3223      2.853     35.776  25.706761     2.2705      7.734   133.8869 4.4624e+01     6.4320      2.065      2.996    10.9182 0.0000e+00
      2.053     -0.173     0.3213      2.878     35.823  25.741496     2.4082      7.734   135.1325 4.7875e+01     6.2897      2.017      2.926    10.9198 0.0000e+00
      1.997     -0.183     0.3175      2.904     35.982  25.856834     2.4292      7.734   136.3237 5.1689e+01     6.2450      1.960      2.842    10.9217 0.0000e+00
      1.939     -0.186     0.3149      2.942     36.124  25.959734     2.6238      7.733   137.5354 5.5537e+01     6.3690      1.900      2.756    10.9237 0.0000e+00
      1.887     -0.180     0.3126      2.998     36.139  25.970927     2.9884      7.731   138.5979 5.9045e+01     6.5597      1.848      2.681    10.9252 0.0000e+00
      1.844     -0.170     0.3193      3.053     36.169  25.992175     3.1921      7.729   139.2759 6.1951e+01     6.6036      1.805      2.619    10.9265 0.0000e+00
      1.809     -0.160     0.3196      3.095     36.216  26.026372     3.2131      7.728   139.7101 6.4345e+01     6.5586      1.773      2.571    10.9274 0.0000e+00
      1.775     -0.150     0.3240      3.114     36.095  25.940460     3.3093      7.728   140.3196 6.7055e+01     6.5958      1.743      2.527    10.9280 0.0000e+00
      1.739     -0.137     0.3313      3.114     36.045  25.904734     3.5057      7.728   141.3974 7.0364e+01     6.6431      1.707      2.476    10.9284 0.0000e+00
      1.699     -0.117     0.3375      3.094     36.406  26.165195     3.6072      7.725   142.8465 7.3649e+01     6.6189      1.667      2.418    10.9289 0.0000e+00
      1.659     -0.091     0.3432      3.062     36.680  26.362540     3.6132      7.720   144.3327 7.6361e+01     6.5760      1.624      2.356    10.9298 0.0000e+00
      1.630     -0.063     0.3444      3.031     36.450  26.197899     3.7534      7.717   145.6871 7.7201e+01     6.5349      1.590      2.307    10.9310 0.0000e+00
      1.622     -0.035     0.3447      3.012     36.369  26.140620     4.0287      7.716   147.0037 7.5688e+01     6.5656      1.583      2.296    10.9320 0.0000e+00
      1.631     -0.011     0.3424      3.008     36.595  26.304214     4.1865      7.713   148.2072 7.3957e+01     6.6741      1.599      2.319    10.9324 0.0000e+00
      1.643      0.004     0.3379      2.998     36.726  26.400091     4.1965      7.712   149.0528 7.3290e+01     6.6856      1.615      2.343    10.9327 0.0000e+00
      1.650     -0.001     0.3346      2.979     36.829  26.475386     4.1830      7.714   149.5704 7.3004e+01     6.6018      1.620      2.350    10.9338 0.0000e+00
      1.651     -0.032     0.3313      2.976     36.884  26.516956     4.1890      7.717   149.9910 7.2598e+01     6.5488      1.619      2.349    10.9356 0.0000e+00
      1.649     -0.085     0.3327      2.993     36.978  26.585601     4.2277      7.720   150.4390 7.2279e+01     6.5579      1.619      2.348    10.9373 0.0000e+00
      1.639     -0.150     0.3319      3.007     37.272  26.797984     4.2681      7.723   150.8580 7.4030e+01     6.5746      1.617      2.345    10.9390 0.0000e+00
      1.601     -0.213     0.3278      3.010     37.362  26.865039     4.3026      7.726   151.1854 8.0351e+01     6.5459      1.587      2.302    10.9413 0.0000e+00
      1.524     -0.267     0.3274      3.001     37.216  26.762132     4.6541      7.727   151.3858 9.0288e+01     6.5524      1.503      2.180    10.9434 0.0000e+00
      1.421     -0.301     0.3307      2.970     37.385  26.885643     5.3376      7.726   151.0436 1.0132e+02     6.6191      1.392      2.019    10.9454 0.0000e+00
      1.317     -0.306     0.3330      2.940     37.665  27.089927     5.7337      7.724   149.6296 1.1257e+02     6.7027      1.288      1.869    10.9469 0.0000e+00
      1.226     -0.280     0.3318      2.927     37.729  27.139122     5.8146      7.722   147.1941 1.2375e+02     6.7782      1.195      1.734    10.9485 0.0000e+00
      1.153     -0.229     0.3333      2.901     37.758  27.163348     6.1823      7.720   144.5692 1.3201e+02     6.8491      1.122      1.628    10.9528 0.0000e+00
      1.104     -0.168     0.3277      2.847     37.795  27.192570     6.8504      7.718   142.3273 1.3472e+02     7.0136      1.075      1.559    10.9560 0.0000e+00
      1.077     -0.109     0.3230      2.796     37.945  27.302178     7.2259      7.718   139.9630 1.3509e+02     7.1610      1.050      1.524    10.9581 0.0000e+00
      1.066     -0.062     0.3237      2.767     38.093  27.410393     7.2600      7.721   137.4920 1.3523e+02     7.1283      1.043      1.513    10.9629 0.0000e+00
      1.065     -0.030     0.3221      2.764     38.107  27.422757     7.2218      7.723   135.4237 1.3495e+02     6.9598      1.043      1.513    10.9680 0.0000e+00
      1.068     -0.018     0.3138      2.782     38.144  27.451673     7.1551      7.726   133.5393 1.3417e+02     6.7975      1.047      1.519    10.9712 0.0000e+00
      1.072     -0.025     0.3072      2.785     38.216  27.506316     7.1201      7.730   131.9155 1.3312e+02     6.8050      1.051      1.525    10.9734 0.0000e+00
      1.072     -0.048     0.3052      2.780     38.396  27.639465     7.1386      7.734   131.0203 1.3311e+02     6.8800      1.053      1.528    10.9758 0.0000e+00
      1.063     -0.081     0.3025      2.776     38.606  27.793039     7.2547      7.738   130.2004 1.3390e+02     6.8509      1.049      1.521    10.9782 0.0000e+00
      1.040     -0.115     0.3091      2.781     38.580  27.777521     7.4336      7.742   128.7996 1.3861e+02     6.7946      1.027      1.490    10.9812 0.0000e+00
      1.000     -0.142     0.3068      2.780     38.738  27.895827     7.5286      7.744   127.3335 1.4819e+02     6.8138      0.986      1.430    10.9857 0.0000e+00
      0.945     -0.159     0.3067      2.761     39.077  28.145176     7.5456      7.745   126.3258 1.5819e+02     6.8787      0.929      1.347    10.9899 0.0000e+00
      0.889     -0.166     0.3057      2.748     38.959  28.064996     7.5556      7.746   125.8223 1.6752e+02     6.8955      0.867      1.257    10.9928 0.0000e+00
      0.844     -0.166     0.3060      2.720     39.045  28.131538     7.6583      7.749   125.0310 1.7658e+02     6.8463      0.821      1.191    10.9964 0.0000e+00
      0.811     -0.161     0.3088      2.681     39.470  28.442303     7.8628      7.752   123.2113 1.8258e+02     6.7960      0.796      1.153    11.0027 0.0000e+00
      0.780     -0.159     0.3023      2.676     39.311  28.333889     7.9811      7.757   121.2002 1.8723e+02     6.8000      0.767      1.113    11.0098 0.0000e+00
      0.744     -0.159     0.3044      2.701     39.050  28.152725     8.0063      7.762   120.3318 1.9672e+02     6.8601      0.730      1.059    11.0160 0.0000e+00
      0.703     -0.159     0.3009      2.730     39.396  28.408440     8.0520      7.764   121.0583 2.1115e+02     6.8741      0.692      1.004    11.0213 0.0000e+00
      0.653     -0.155     0.2930      2.785     39.703  28.634874     8.1087      7.765   122.4988 2.2813e+02     6.7984      0.643      0.932    11.0270 0.0000e+00
      0.601     -0.144     0.2934      2.872     39.481  28.480247     8.1342      7.766   123.2936 2.4098e+02     6.7310      0.584      0.847    11.0352 0.0000e+00
      0.561     -0.126     0.2985      2.959     39.330  28.378304     8.1433      7.767   123.4408 2.4945e+02     6.7761      0.544      0.787    11.0454 0.0000e+00
      0.536     -0.102     0.2993      3.054     39.548  28.544017     8.1358      7.771   123.4176 2.5950e+02     6.8999      0.525      0.760    11.0529 0.0000e+00
      0.520     -0.074     0.3042      3.160     39.589  28.581015     8.0858      7.774   123.1857 2.6376e+02     6.9638      0.510      0.740    11.0586 0.0000e+00
      0.505     -0.049     0.3177      3.270     39.392  28.445074     8.0383      7.774   122.7881 2.6456e+02     7.0027      0.492      0.714    11.0648 0.0000e+00
      0.495     -0.031     0.3248      3.391     39.520  28.549524     8.0434      7.775   122.3096 2.6767e+02     7.0626      0.482      0.700    11.0736 0.0000e+00
      0.492     -0.025     0.3354      3.519     39.794  28.765627     8.2144      7.777   121.3584 2.6509e+02     7.1076      0.481      0.697    11.0854 0.0000e+00
      0.492     -0.035     0.3480      3.659     39.699  28.711105     8.5154      7.780   119.6328 2.5898e+02     7.1018      0.481      0.698    11.0956 0.0000e+00
      0.495     -0.062     0.3584      3.785     39.520  28.588050     8.6708      7.784   117.9648 2.5559e+02     7.0277      0.485      0.703    11.1000 0.0000e+00
      0.492     -0.101     0.3735      3.868     39.631  28.673229     8.6536      7.789   116.8499 2.5805e+02     6.9965      0.490      0.709    11.1123 0.0000e+00
      0.469     -0.141     0.3853      3.934     39.784  28.789561     8.4320      7.793   116.2193 2.7656e+02     7.0323      0.473      0.686    11.1442 0.0000e+00
      0.414     -0.170     0.4020      3.988     39.777  28.789463     8.0307      7.795   116.0183 3.0921e+02     7.0506      0.415      0.603    11.1646 0.0000e+00
      0.339     -0.181     0.4188      3.998     39.785  28.798903     7.7959      7.794   115.9689 3.4360e+02     7.0467      0.330      0.479    11.1665 0.0000e+00
      0.268     -0.170     0.4249      3.988     39.836  28.840283     7.7578      7.794   116.1393 3.6398e+02     7.0540      0.254      0.369    11.1712 0.0000e+00
      0.218     -0.138     0.4316      3.980     39.838  28.845781     7.7197      7.796   116.2709 3.7093e+02     7.0699      0.204      0.295    11.1812 0.0000e+00
      0.194     -0.093     0.4408      3.981     39.772  28.801953     7.4275      7.799   116.1836 3.7991e+02     7.1028      0.184      0.266    11.1872 0.0000e+00
