Data/DataNotYetUploadedToEDI/Raw_CTD/RawDownloads/050621_fcr50.cnv
* Sea-Bird SBE19plus  Data File:
* FileName = C:\R\Reservoirs\Data\DataNotYetUploadedToEDI\Raw_CTD\RawDownloads\050621_fcr50_0001.hex
* Software version 2.8.0.119
* Temperature SN = 7809
* Conductivity SN = 7809
* System UpLoad Time = May 06 2021 10:36:47
* <ApplicationData>
* <Seaterm232>
# nquan = 16
# nvalues = 3451                        
# units = specified
# name 0 = depFM: Depth [fresh water, m]
# name 1 = dz/dtM: Descent Rate [m/s]
# name 2 = orp: Oxidation Reduction Potential [mV]
# name 3 = sbeox0Mg/L: Oxygen, SBE 43 [mg/l]
# name 4 = sbeox0PS: Oxygen, SBE 43 [% saturation]
# name 5 = par/sat/log: PAR/Logarithmic, Satlantic
# name 6 = ph: pH
# name 7 = specc: Specific Conductance [uS/cm]
# name 8 = c0uS/cm: Conductivity [uS/cm]
# name 9 = flECO-AFL: Fluorescence, WET Labs ECO-AFL/FL [mg/m^3]
# name 10 = turbWETntu0: Turbidity, WET Labs ECO [NTU]
# name 11 = tv290C: Temperature [ITS-90, deg C]
# name 12 = density00: Density [density, kg/m^3]
# name 13 = prdE: Pressure, Strain Gauge [psi]
# name 14 = prdM: Pressure, Strain Gauge [db]
# name 15 = flag:  0.000e+00
# span 0 =     -0.649,      9.758       
# span 1 =     -0.316,      0.237       
# span 2 =  -415.0618,  1084.3284       
# span 3 =     0.2240,    10.2112       
# span 4 =      1.966,    102.468       
# span 5 = 1.2355e-01, 1.8685e+03       
# span 6 =     -2.421,     15.826       
# span 7 =      0.809,    291.845       
# span 8 =   0.649543, 193.357226       
# span 9 =    -3.2434,    16.9403       
# span 10 =    -8.7430,   936.3105      
# span 11 =     7.8609,    18.3838      
# span 12 =   998.5415,  1000.0009      
# span 13 =     -0.925,     13.879      
# span 14 =     -0.638,      9.569      
# span 15 = 0.0000e+00, 0.0000e+00      
# interval = seconds: 0.25
# start_time = May 05 2021 20:44:27 [Instrument's time stamp, header]
# bad_flag = -9.990e-29
*END*
[from data line 1266]
      4.413      0.016   352.2668     5.2088     44.865 6.4735e+00     15.803     33.282  22.805918    14.8531     3.2131     9.2371   999.7996      6.277      4.328 0.0000e+00
      4.417      0.016   352.2788     5.2048     44.732 6.4500e+00     15.803     33.292  22.806043    14.8623     3.2054     9.2467   999.7988      6.281      4.331 0.0000e+00
      4.422      0.015   352.3833     5.1884     44.667 6.4010e+00     15.803     33.299  22.806167    14.8357     3.3252     9.2570   999.7981      6.288      4.335 0.0000e+00
      4.427      0.014   352.4973     5.1687     44.642 6.3594e+00     15.804     33.300  22.807416    14.7889     3.5624     9.2642   999.7976      6.300      4.344 0.0000e+00
      4.432      0.014   352.4527     5.1546     44.602 6.3507e+00     15.804     33.316  22.821138    14.7546     3.7054     9.2644   999.7976      6.306      4.348 0.0000e+00
      4.434      0.014   352.3600     5.1352     44.516 6.3640e+00     15.804     33.351  22.845238    14.7447     3.7149     9.2468   999.7989      6.306      4.348 0.0000e+00
      4.435      0.014   352.4088     5.1315     44.356 6.3638e+00     15.804     33.363  22.845135    14.7365     3.7111     9.2381   999.7996      6.308      4.349 0.0000e+00
      4.437      0.014   352.4404     5.1322     44.161 6.3204e+00     15.804     33.346  22.819883    14.7027     3.7969     9.2426   999.7993      6.309      4.350 0.0000e+00
      4.442      0.015   352.3987     5.1251     43.953 6.2540e+00     15.804     33.316  22.793582    14.6611     3.9619     9.2458   999.7991      6.317      4.355 0.0000e+00
      4.449      0.016   352.4202     5.1202     43.768 6.2070e+00     15.804     33.301  22.780806    14.6431     3.9901     9.2532   999.7986      6.331      4.365 0.0000e+00
      4.454      0.016   352.4427     5.0969     43.655 6.1825e+00     15.804     33.326  22.792244    14.6271     3.8986     9.2396   999.7996      6.337      4.369 0.0000e+00
      4.456      0.015   352.4982     5.0800     43.534 6.1639e+00     15.805     33.351  22.805029    14.5550     3.8850     9.2067   999.8022      6.337      4.369 0.0000e+00
      4.459      0.015   352.6611     5.0562     43.334 6.1517e+00     15.806     33.364  22.808552    14.4386     3.9283     9.2035   999.8024      6.342      4.373 0.0000e+00
      4.463      0.017   352.7770     5.0280     43.082 6.1459e+00     15.807     33.421  22.834836    14.3737     3.9408     9.2059   999.8022      6.347      4.377 0.0000e+00
      4.466      0.021   352.6959     5.0235     42.782 6.1393e+00     15.808     33.498  22.869136    14.3621     3.9343     9.1915   999.8033      6.350      4.378 0.0000e+00
      4.470      0.026   352.5403     5.0150     42.524 6.1136e+00     15.808     33.484  22.842731    14.3355     3.9518     9.1872   999.8037      6.357      4.383 0.0000e+00
      4.477      0.030   352.6166     4.9868     42.404 6.0504e+00     15.808     33.392  22.769232    14.3002     3.9808     9.1844   999.8040      6.367      4.390 0.0000e+00
      4.487      0.032   352.8439     4.9631     42.299 5.9678e+00     15.808     33.357  22.741482    14.2878     3.9759     9.1643   999.8056      6.381      4.400 0.0000e+00
      4.498      0.033   352.8794     4.9303     42.117 5.9061e+00     15.808     33.384  22.760895    14.2812     3.9613     9.1320   999.8082      6.399      4.412 0.0000e+00
      4.508      0.032   352.7877     4.8908     41.856 5.8604e+00     15.808     33.364  22.750271    14.2590     3.9767     9.1042   999.8103      6.414      4.423 0.0000e+00
      4.516      0.029   352.7680     4.8938     41.579 5.8092e+00     15.808     33.348  22.739872    14.2292     3.9904     9.0881   999.8115      6.424      4.430 0.0000e+00
      4.523      0.025   352.8131     4.8823     41.355 5.7718e+00     15.808     33.379  22.761998    14.2161     3.9892     9.0826   999.8119      6.434      4.436 0.0000e+00
      4.528      0.021   352.8173     4.8617     41.169 5.7552e+00     15.808     33.378  22.764114    14.2339     3.9625     9.0869   999.8117      6.441      4.441 0.0000e+00
      4.531      0.019   352.8185     4.8293     41.054 5.7354e+00     15.809     33.376  22.765468    14.3493     3.9083     9.0934   999.8112      6.444      4.443 0.0000e+00
      4.536      0.017   352.9138     4.7895     41.076 5.7061e+00     15.808     33.391  22.778368    14.5528     3.9168     9.0925   999.8113      6.451      4.448 0.0000e+00
      4.541      0.015   352.9373     4.7713     41.284 5.6808e+00     15.807     33.411  22.793253    14.6723     3.9624     9.0918   999.8114      6.460      4.454 0.0000e+00
      4.545      0.013   352.8448     4.7432     41.608 5.6583e+00     15.806     33.449  22.818603    14.6788     3.9451     9.0981   999.8109      6.465      4.457 0.0000e+00
      4.549      0.010   352.8274     4.7290     41.870 5.6490e+00     15.806     33.474  22.831201    14.6604     3.9133     9.1032   999.8105      6.471      4.462 0.0000e+00
      4.551      0.007   352.8994     4.7265     41.960 5.6569e+00     15.807     33.464  22.818728    14.6403     3.9211     9.1068   999.8102      6.474      4.464 0.0000e+00
      4.551      0.004   352.9404     4.7530     41.925 5.6554e+00     15.807     33.437  22.794629    14.6158     3.9361     9.1098   999.8100      6.473      4.463 0.0000e+00
      4.552      0.002   352.9791     4.8002     41.836 5.6501e+00     15.807     33.441  22.793486    14.6033     3.9569     9.1087   999.8101      6.474      4.464 0.0000e+00
      4.552      0.001   353.0228     4.8364     41.680 5.6515e+00     15.807     33.461  22.804904    14.6033     3.9666     9.1031   999.8107      6.474      4.464 0.0000e+00
      4.552      0.001   353.0384     4.8451     41.515 5.6516e+00     15.808     33.465  22.805849    14.5778     3.9513     9.0927   999.8114      6.474      4.464 0.0000e+00
      4.552      0.001   353.0820     4.8352     41.393 5.6486e+00     15.808     33.463  22.804904    14.5437     3.9774     9.0824   999.8121      6.475      4.464 0.0000e+00
      4.552      0.002   353.1195     4.8326     41.319 5.6412e+00     15.808     33.440  22.793475    14.5432     4.0084     9.0773   999.8125      6.475      4.465 0.0000e+00
      4.552      0.004   353.0617     4.8082     41.296 5.6316e+00     15.808     33.431  22.794513    14.5530     3.9823     9.0746   999.8127      6.475      4.464 0.0000e+00
      4.553      0.005   352.8993     4.7880     41.286 5.6230e+00     15.808     33.454  22.817460    14.5663     3.9021     9.0698   999.8131      6.476      4.465 0.0000e+00
      4.555      0.006   352.7912     4.7758     41.243 5.6060e+00     15.807     33.442  22.817261    14.5903     3.7946     9.0692   999.8131      6.478      4.467 0.0000e+00
      4.557      0.007   352.8729     4.7628     41.175 5.5843e+00     15.806     33.397  22.792102    14.6047     3.7120     9.0787   999.8124      6.482      4.469 0.0000e+00
      4.560      0.007   353.0268     4.7638     41.185 5.5828e+00     15.806     33.358  22.766953    14.6157     3.6592     9.0907   999.8115      6.486      4.473 0.0000e+00
      4.562      0.007   353.0170     4.7606     41.315 5.5900e+00     15.806     33.362  22.766859    14.6001     3.6019     9.1000   999.8109      6.489      4.475 0.0000e+00
      4.564      0.006   352.9275     4.7587     41.484 5.5769e+00     15.806     33.398  22.790959    14.5592     3.5340     9.1124   999.8099      6.491      4.476 0.0000e+00
      4.565      0.005   352.9770     4.7395     41.544 5.5628e+00     15.805     33.413  22.804670    14.5400     3.4911     9.1249   999.8089      6.493      4.477 0.0000e+00
      4.566      0.003   353.0128     4.7404     41.491 5.5689e+00     15.805     33.405  22.805813    14.5305     3.4608     9.1253   999.8089      6.494      4.478 0.0000e+00
      4.567      0.003   352.9297     4.7598     41.544 5.5720e+00     15.804     33.395  22.804780    14.4634     3.3732     9.1169   999.8096      6.496      4.479 0.0000e+00
      4.567      0.003   352.9194     4.7856     41.695 5.5677e+00     15.804     33.373  22.792193    14.3479     3.2558     9.1142   999.8098      6.496      4.479 0.0000e+00
      4.567      0.003   352.9740     4.7999     41.818 5.5667e+00     15.805     33.356  22.780465    14.2979     3.2438     9.1223   999.8092      6.496      4.479 0.0000e+00
      4.568      0.004   352.9872     4.7688     41.846 5.5646e+00     15.806     33.370  22.789812    14.2983     3.2963     9.1337   999.8083      6.497      4.480 0.0000e+00
      4.569      0.005   352.9931     4.7819     41.765 5.5528e+00     15.806     33.351  22.778377    14.2855     3.2728     9.1420   999.8076      6.498      4.480 0.0000e+00
      4.570      0.005   353.0453     4.8055     41.735 5.5307e+00     15.806     33.335  22.769039    14.3051     3.1999     9.1476   999.8073      6.499      4.481 0.0000e+00
      4.573      0.006   353.1028     4.8182     41.840 5.5107e+00     15.806     33.389  22.803735    14.3549     3.1702     9.1459   999.8073      6.504      4.485 0.0000e+00
      4.575      0.007   353.0862     4.8297     41.980 5.5017e+00     15.806     33.419  22.817372    14.3917     3.1877     9.1423   999.8076      6.507      4.487 0.0000e+00
      4.576      0.008   353.1018     4.8061     42.067 5.5074e+00     15.806     33.418  22.807073    14.4253     3.2407     9.1470   999.8073      6.508      4.487 0.0000e+00
      4.576      0.008   353.2059     4.7984     42.110 5.5145e+00     15.807     33.428  22.806044    14.4650     3.3992     9.1517   999.8069      6.509      4.488 0.0000e+00
      4.578      0.009   353.3988     4.8183     42.091 5.4986e+00     15.807     33.423  22.804919    14.4995     3.6267     9.1478   999.8073      6.510      4.488 0.0000e+00
      4.583      0.010   353.5408     4.8402     42.034 5.4743e+00     15.806     33.398  22.793474    14.5182     3.7602     9.1382   999.8081      6.519      4.494 0.0000e+00
      4.586      0.012   353.4603     4.8486     42.029 5.4724e+00     15.805     33.402  22.794511    14.5297     3.7780     9.1220   999.8093      6.525      4.499 0.0000e+00
      4.587      0.012   353.4577     4.8580     42.045 5.4634e+00     15.807     33.446  22.817459    14.5722     3.8071     9.1027   999.8107      6.524      4.497 0.0000e+00
      4.589      0.012   353.5951     4.8565     42.025 5.4274e+00     15.808     33.452  22.817249    14.6402     3.8720     9.1093   999.8102      6.526      4.500 0.0000e+00
      4.594      0.011   353.5729     4.8376     41.977 5.4029e+00     15.807     33.417  22.791978    14.6748     3.9096     9.1293   999.8088      6.535      4.506 0.0000e+00
      4.599      0.011   353.5332     4.8435     41.914 5.3986e+00     15.806     33.382  22.765583    14.6753     3.9527     9.1222   999.8093      6.543      4.510 0.0000e+00
      4.601      0.011   353.5450     4.8506     41.863 5.3987e+00     15.807     33.367  22.751776    14.6278     3.9123     9.1037   999.8108      6.544      4.511 0.0000e+00
      4.602      0.010   353.4584     4.8454     41.790 5.3913e+00     15.807     33.369  22.751872    14.5297     3.7651     9.1013   999.8110      6.546      4.513 0.0000e+00
      4.605      0.010   353.4323     4.8430     41.721 5.3618e+00     15.807     33.389  22.766737    14.4814     3.7177     9.1027   999.8109      6.550      4.516 0.0000e+00
      4.608      0.011   353.5742     4.8302     41.697 5.3248e+00     15.806     33.443  22.804674    14.4825     3.7509     9.0952   999.8115      6.554      4.519 0.0000e+00
      4.610      0.012   353.7107     4.8312     41.687 5.3123e+00     15.805     33.482  22.830050    14.4765     3.7547     9.0891   999.8118      6.558      4.522 0.0000e+00
      4.612      0.012   353.7065     4.8210     41.725 5.3138e+00     15.805     33.470  22.819881    14.4753     3.7302     9.0888   999.8119      6.560      4.523 0.0000e+00
      4.615      0.012   353.6957     4.8063     41.783 5.2880e+00     15.805     33.454  22.808560    14.4778     3.6944     9.0917   999.8118      6.564      4.525 0.0000e+00
      4.620      0.012   353.7516     4.8125     41.820 5.2399e+00     15.805     33.466  22.820006    14.4786     3.6994     9.0939   999.8116      6.571      4.531 0.0000e+00
      4.624      0.011   353.6936     4.8028     41.880 5.2188e+00     15.806     33.476  22.831442    14.4851     3.7227     9.0924   999.8117      6.580      4.537 0.0000e+00
      4.627      0.009   353.5972     4.8119     41.985 5.2189e+00     15.806     33.450  22.819995    14.5461     3.7003     9.0865   999.8121      6.581      4.538 0.0000e+00
      4.628      0.008   353.6180     4.8232     42.161 5.2069e+00     15.806     33.422  22.808444    14.6534     3.6698     9.0844   999.8123      6.582      4.538 0.0000e+00
      4.630      0.007   353.6876     4.8197     42.353 5.1964e+00     15.805     33.425  22.818630    14.7046     3.6625     9.0907   999.8119      6.585      4.540 0.0000e+00
      4.631      0.006   353.8365     4.8294     42.456 5.1889e+00     15.804     33.416  22.816324    14.7169     3.6808     9.0990   999.8113      6.585      4.540 0.0000e+00
      4.632      0.006   353.9565     4.8355     42.444 5.1789e+00     15.804     33.366  22.780561    14.8023     3.7189     9.1071   999.8107      6.587      4.542 0.0000e+00
      4.634      0.006   353.9337     4.8579     42.399 5.1770e+00     15.805     33.349  22.766734    14.9365     3.7113     9.1193   999.8097      6.592      4.544 0.0000e+00
      4.636      0.006   353.9042     4.8847     42.438 5.1768e+00     15.807     33.363  22.775976    14.9949     3.6913     9.1342   999.8086      6.594      4.546 0.0000e+00
      4.637      0.005   353.9444     4.8959     42.563 5.1767e+00     15.807     33.347  22.765475    15.0016     3.7177     9.1408   999.8081      6.595      4.547 0.0000e+00
      4.638      0.005   354.0750     4.8928     42.693 5.1702e+00     15.806     33.348  22.766600    15.0186     3.7911     9.1361   999.8084      6.597      4.548 0.0000e+00
      4.639      0.005   354.1073     4.8792     42.748 5.1563e+00     15.805     33.382  22.789584    15.0194     3.8921     9.1302   999.8088      6.598      4.549 0.0000e+00
      4.640      0.005   353.9047     4.8865     42.716 5.1506e+00     15.805     33.381  22.789698    15.0109     3.9432     9.1305   999.8089      6.599      4.550 0.0000e+00
      4.641      0.006   353.7760     4.9033     42.645 5.1485e+00     15.805     33.347  22.767981    15.0106     3.9626     9.1331   999.8087      6.600      4.551 0.0000e+00
      4.642      0.007   353.8417     4.9229     42.582 5.1381e+00     15.804     33.365  22.780672    15.0069     3.9893     9.1332   999.8087      6.602      4.552 0.0000e+00
      4.645      0.007   353.9247     4.9303     42.562 5.1237e+00     15.804     33.420  22.816315    14.9851     3.9568     9.1320   999.8088      6.605      4.554 0.0000e+00
      4.648      0.007   354.0057     4.9220     42.548 5.1172e+00     15.804     33.427  22.818413    14.9567     3.9138     9.1322   999.8088      6.611      4.558 0.0000e+00
      4.650      0.007   354.0461     4.9142     42.555 5.1174e+00     15.803     33.411  22.806041    14.9403     3.9497     9.1367   999.8085      6.614      4.560 0.0000e+00
      4.651      0.006   354.0684     4.9009     42.585 5.1130e+00     15.803     33.395  22.793565    14.9301     3.9789     9.1398   999.8082      6.616      4.561 0.0000e+00
      4.653      0.006   354.0176     4.9053     42.551 5.1044e+00     15.803     33.392  22.794405    14.9384     3.9233     9.1337   999.8087      6.618      4.563 0.0000e+00
      4.653      0.007   353.7758     4.9030     42.510 5.1005e+00     15.803     33.407  22.816199    14.9834     3.7920     9.1285   999.8091      6.618      4.563 0.0000e+00
