Data/DataNotYetUploadedToEDI/Raw_CTD/RawDownloads/050624_fcr50_S7809007.cnv
* Sea-Bird SBE19plus  Data File:
* FileName = C:\R\Reservoirs\Data\DataNotYetUploadedToEDI\Raw_CTD\RawDownloads\041524_bvr50_S7809_0007.hex
* Software version 2.8.0.119
* Temperature SN = 7809
* Conductivity SN = 7809
* System UpLoad Time = May 16 2024 15:26:26
* <ApplicationData>
* <Seaterm232>
# nquan = 15
# nvalues = 2448                        
# units = specified
# name 0 = depFM: Depth [fresh water, m]
# name 1 = dz/dtM: Descent Rate [m/s]
# name 2 = sbeox0Mg/L: Oxygen, SBE 43 [mg/l]
# name 3 = sbeox0PS: Oxygen, SBE 43 [% saturation]
# name 4 = specc: Specific Conductance [uS/cm]
# name 5 = c0uS/cm: Conductivity [uS/cm]
# name 6 = flECO-AFL: Fluorescence, WET Labs ECO-AFL/FL [mg/m^3]
# name 7 = ph: pH
# name 8 = orp: Oxidation Reduction Potential [mV]
# name 9 = par/sat/log: PAR/Logarithmic, Satlantic
# name 10 = turbWETntu0: Turbidity, WET Labs ECO [NTU]
# name 11 = prdM: Pressure, Strain Gauge [db]
# name 12 = prdE: Pressure, Strain Gauge [psi]
# name 13 = tv290C: Temperature [ITS-90, deg C]
# name 14 = flag:  0.000e+00
# span 0 =     -0.668,      9.495       
# span 1 =     -0.318,      3.533       
# span 2 =    -0.2206,    10.0548       
# span 3 =     -1.522,    100.987       
# span 4 =      0.403,    351.482       
# span 5 =   0.387588, 249.208062       
# span 6 =    -0.1367,    14.3830       
# span 7 =     -2.135,      7.845       
# span 8 = -1240.7455,   311.1537       
# span 9 = 1.2357e-01, 5.0502e+02       
# span 10 =     0.2838,   125.2719      
# span 11 =     -0.655,      9.314      
# span 12 =     -0.950,     13.508      
# span 13 =    10.4143,    23.1098      
# span 14 = 0.0000e+00, 0.0000e+00      
# interval = seconds: 0.25
# start_time = May 06 2024 12:28:02 [Instrument's time stamp, header]
# bad_flag = -9.990e-29
*END*
     -0.668 4.3139e-20     7.8653     91.865      0.456   0.438722    -0.0628     -2.135 -1240.7455 3.7924e+02     1.0546     -0.655     -0.950    23.1065 0.0000e+00
     -0.668 3.9217e-21     7.8631     91.898      0.468   0.450228    -0.0467     -2.135 -1240.7455 3.6215e+02     1.0194     -0.655     -0.950    23.1063 0.0000e+00
     -0.668 3.5652e-22     7.8658     91.921      0.456   0.438721    -0.0517     -2.135 -1240.7455 3.5270e+02     0.9931     -0.654     -0.949    23.1062 0.0000e+00
     -0.668 3.2415e-23     7.8640     91.930      0.443   0.426261    -0.0557     -2.135 -1240.7455 3.5343e+02     0.9759     -0.655     -0.950    23.1063 0.0000e+00
     -0.668 2.9961e-24     7.8614     91.955      0.443   0.426261    -0.0709     -2.135 -1240.7455 3.5178e+02     0.9475     -0.655     -0.950    23.1064 0.0000e+00
     -0.668 8.1509e-25     7.8678     91.970      0.456   0.438720    -0.0938     -2.135 -1240.7455 3.5119e+02     0.9574     -0.655     -0.950    23.1062 0.0000e+00
     -0.668 6.0439e-24     7.8697     91.955      0.468   0.450216    -0.0912     -2.135 -1240.7455 3.5926e+02     1.0265     -0.655     -0.950    23.1063 0.0000e+00
     -0.668 6.6218e-23     7.8678     91.941      0.456   0.438595    -0.0732     -2.135 -1240.7455 3.7878e+02     1.1010     -0.655     -0.950    23.1062 0.0000e+00
     -0.668 7.2837e-22     7.8722     91.934      0.442   0.424881    -0.0672     -2.135 -1240.7455 4.0714e+02     1.1401     -0.655     -0.950    23.1056 0.0000e+00
     -0.668 8.0121e-21     7.8748     91.936      0.428   0.411072    -0.0687     -2.135 -1240.7455 4.2501e+02     1.1924     -0.655     -0.950    23.1056 0.0000e+00
     -0.668 8.8133e-20     7.8707     91.949      0.414   0.398310    -0.0577     -2.135 -1240.7455 4.2065e+02     1.2542     -0.655     -0.950    23.1058 0.0000e+00
     -0.668 9.6946e-19     7.8707     91.940      0.413   0.397254    -0.0510     -2.135 -1240.7455 4.1005e+02     1.1701     -0.655     -0.950    23.1054 0.0000e+00
     -0.668 1.0664e-17     7.8696     91.924      0.414   0.398300    -0.0706     -2.135 -1240.7455 4.1188e+02     0.9959     -0.655     -0.950    23.1055 0.0000e+00
     -0.668 1.1730e-16     7.8689     91.932      0.427   0.410957    -0.0868     -2.135 -1240.7455 4.2708e+02     0.9236     -0.655     -0.950    23.1054 0.0000e+00
     -0.668 1.2904e-15     7.8726     91.947      0.441   0.423614    -0.0803     -2.135 -1240.7455 4.4161e+02     0.9460     -0.655     -0.950    23.1050 0.0000e+00
     -0.668 1.4194e-14     7.8709     91.953      0.442   0.424662    -0.0758     -2.135 -1240.7455 4.4705e+02     0.9590     -0.655     -0.950    23.1049 0.0000e+00
     -0.668 1.5613e-13     7.8675     91.958      0.441   0.423624    -0.0903     -2.135 -1240.7455 4.4780e+02     0.9105     -0.654     -0.949    23.1048 0.0000e+00
     -0.668 1.7175e-12     7.8700     91.964      0.428   0.411071    -0.0970     -2.135 -1240.7455 4.4690e+02     0.9055     -0.655     -0.950    23.1048 0.0000e+00
     -0.668 1.8892e-11     7.8714     91.970      0.416   0.399555    -0.0825     -2.135 -1240.7455 4.4076e+02     0.9672     -0.655     -0.950    23.1045 0.0000e+00
     -0.668 2.0781e-10     7.8717     91.975      0.427   0.411061    -0.0809     -2.135 -1240.7455 4.2493e+02     1.0417     -0.655     -0.950    23.1043 0.0000e+00
     -0.668 2.2859e-09     7.8720     91.974      0.441   0.423512    -0.0942     -2.135 -1240.7455 3.9964e+02     1.1566     -0.655     -0.950    23.1043 0.0000e+00
     -0.668 2.5145e-08     7.8725     91.952      0.441   0.423422    -0.0852     -2.135 -1240.7453 3.6464e+02     1.2627     -0.655     -0.950    23.1042 0.0000e+00
     -0.668 2.7660e-07     7.8733     91.949      0.427   0.409973    -0.0635     -2.135 -1240.7431 3.1686e+02     1.2659     -0.655     -0.950    23.1044 0.0000e+00
     -0.667      0.000     7.8731     91.975      0.403   0.387588    -0.0660     -2.135 -1240.7195 2.5736e+02     1.1957     -0.654     -0.949    23.1039 0.0000e+00
     -0.667      0.000     7.8754     91.982      0.423   0.406110    -0.0739     -2.134 -1240.4593 2.0972e+02     1.1997     -0.654     -0.948    23.1045 0.0000e+00
     -0.667      0.000     7.8705     91.981      0.660   0.633922    -0.0673     -2.127 -1237.5974 2.0023e+02     1.2792     -0.654     -0.949    23.1038 0.0000e+00
     -0.667      0.004     7.8695     92.005      3.145   3.015369    -0.0606     -2.047 -1206.1159 2.2053e+02     1.3039     -0.655     -0.950    23.1051 0.0000e+00
     -0.667      0.020     7.8750     92.040     13.205  12.602449    -0.0257     -1.164  -859.8202 2.5313e+02     1.5326     -0.654     -0.949    23.1024 0.0000e+00
     -0.667      0.055     7.8754     92.079     27.876  26.421996     0.3715      1.079  -224.4670 2.9674e+02     5.0011     -0.654     -0.949    23.1061 0.0000e+00
     -0.666      0.105     7.8716     92.184     36.144  33.931628     1.1122      3.632   123.0048 3.4573e+02    11.5063     -0.653     -0.947    23.0994 0.0000e+00
     -0.654      0.156     7.8779     92.858     37.725  35.046753     1.5315      5.433   154.5372 3.8902e+02    15.0785     -0.655     -0.949    23.1098 0.0000e+00
     -0.604      0.204     7.8782     94.069     38.021  35.019198     1.5873      6.516   156.0139 4.2973e+02    15.1610     -0.616     -0.893    23.0798 0.0000e+00
     -0.511      0.246     7.9592     94.849     38.248  34.993908     1.8613      7.147   156.2606 4.6603e+02    12.9132     -0.499     -0.724    22.6345 0.0000e+00
     -0.417      0.273     8.0529     95.195     38.489  35.057886     2.3893      7.502   158.8109 4.8573e+02     8.8065     -0.393     -0.570    21.9202 0.0000e+00
     -0.350      0.278     8.1730     95.614     38.689  35.158058     2.6863      7.693   162.4996 4.9167e+02     6.5673     -0.348     -0.504    21.4083 0.0000e+00
     -0.285      0.257     8.4166     96.078     38.827  35.253253     2.7395      7.788   165.5849 4.9600e+02     6.4023     -0.288     -0.417    21.0252 0.0000e+00
     -0.211      0.221     8.5188     96.488     38.906  35.320576     2.8488      7.830   167.7213 5.0502e+02     6.3679     -0.199     -0.288    20.7020 0.0000e+00
     -0.151      0.182     8.5562     96.768     38.991  35.401013     3.0170      7.845   169.4879 4.8768e+02     6.3561     -0.138     -0.200    20.5045 0.0000e+00
     -0.114      0.144     8.6253     96.883     39.058  35.464436     3.1178      7.845   171.0274 4.2641e+02     6.3960     -0.108     -0.158    20.4081 0.0000e+00
     -0.089      0.105     8.6680     96.943     39.041  35.452941     3.1518      7.837   172.1387 3.7352e+02     6.4070     -0.086     -0.124    20.3820 0.0000e+00
     -0.069      0.069     8.7104     97.052     38.964  35.388916     3.1943      7.826   173.2025 3.5454e+02     6.3856     -0.064     -0.094    20.3858 0.0000e+00
     -0.058      0.043     8.7349     97.116     38.889  35.324812     3.2410      7.816   174.7691 3.4987e+02     6.3421     -0.053     -0.078    20.3944 0.0000e+00
     -0.056      0.026     8.7424     97.071     38.875  35.312366     3.2509      7.806   176.2824 3.5292e+02     6.3605     -0.055     -0.079    20.3943 0.0000e+00
     -0.056      0.016     8.7383     96.955     38.931  35.365321     3.2387      7.794   177.3889 3.5766e+02     6.4367     -0.056     -0.081    20.3966 0.0000e+00
     -0.054      0.009     8.7553     96.820     39.024  35.457506     3.2266      7.780   177.7369 3.5114e+02     6.4432     -0.054     -0.079    20.4109 0.0000e+00
     -0.051      0.007     8.7602     96.700     39.101  35.538688     3.1293      7.765   177.5644 3.3920e+02     6.3364     -0.049     -0.072    20.4148 0.0000e+00
     -0.048      0.007     8.7556     96.615     39.143  35.585517     2.9523      7.749   177.9705 3.3742e+02     6.2050     -0.046     -0.066    20.4112 0.0000e+00
     -0.048      0.009     8.7432     96.564     39.130  35.579585     2.8515      7.734   178.2591 3.4157e+02     6.1529     -0.047     -0.068    20.4127 0.0000e+00
     -0.048      0.015     8.7275     96.517     39.072  35.530415     2.8436      7.720   178.0431 3.4377e+02     6.1845     -0.048     -0.070    20.4227 0.0000e+00
     -0.046      0.027     8.7142     96.506     39.102  35.562052     2.8061      7.707   178.1119 3.4408e+02     6.2460     -0.046     -0.066    20.4413 0.0000e+00
     -0.042      0.043     8.7023     96.603     39.255  35.708312     2.7231      7.693   177.9728 3.3985e+02     6.2808     -0.043     -0.061    20.4538 0.0000e+00
     -0.033      0.061     8.7003     96.813     39.381  35.839513     2.6718      7.676   177.4796 3.2954e+02     6.2981     -0.036     -0.051    20.4601 0.0000e+00
     -0.014      0.077     8.6931     97.084     39.371  35.879408     2.6606      7.658   177.6545 3.1560e+02     6.3524     -0.018     -0.026    20.4650 0.0000e+00
      0.015      0.087     8.6892     97.386     39.259  35.873494     2.7037      7.643   178.6246 3.0192e+02     6.4254      0.013      0.018    20.4648 0.0000e+00
      0.048      0.091     8.6955     97.692     39.099  35.831601     2.7860      7.631   179.7451 2.9184e+02     6.4289      0.050      0.071    20.4772 0.0000e+00
      0.077      0.086     8.7157     97.972     38.944  35.753721     2.8227      7.623   180.7055 2.8460e+02     6.3598      0.078      0.114    20.4863 0.0000e+00
      0.098      0.076     8.7328     98.222     38.865  35.693342     2.8307      7.615   181.5465 2.7905e+02     6.3414      0.097      0.141    20.5298 0.0000e+00
      0.113      0.061     8.7352     98.421     38.870  35.672619     2.9162      7.606   182.3424 2.7586e+02     6.4114      0.111      0.161    20.6790 0.0000e+00
      0.124      0.046     8.7367     98.526     38.931  35.693480     3.0669      7.596   183.0151 2.7512e+02     6.4896      0.122      0.178    20.8396 0.0000e+00
      0.133      0.034     8.7465     98.546     39.026  35.755172     3.1378      7.586   183.6577 2.7662e+02     6.4669      0.132      0.192    20.9242 0.0000e+00
      0.140      0.025     8.7680     98.530     39.141  35.847451     3.1325      7.577   184.3471 2.8023e+02     6.3762      0.139      0.201    20.9316 0.0000e+00
      0.145      0.018     8.7962     98.500     39.226  35.920904     3.1861      7.568   184.2100 2.8603e+02     6.3487      0.142      0.207    20.8861 0.0000e+00
      0.148      0.013     8.8146     98.470     39.254  35.945328     3.3113      7.560   183.2904 2.9113e+02     6.3745      0.145      0.211    20.8317 0.0000e+00
      0.150      0.008     8.8193     98.432     39.260  35.952407     3.3897      7.553   183.0371 2.9202e+02     6.4150      0.147      0.213    20.7963 0.0000e+00
      0.151      0.006     8.8208     98.393     39.246  35.943052     3.3849      7.547   183.6421 2.9049e+02     6.3939      0.148      0.215    20.7848 0.0000e+00
      0.151      0.007     8.8170     98.363     39.191  35.895663     3.3532      7.539   184.4969 2.8984e+02     6.3245      0.148      0.215    20.7809 0.0000e+00
      0.151      0.011     8.8158     98.342     39.178  35.887038     3.2721      7.528   184.9400 2.9036e+02     6.3620      0.148      0.215    20.7800 0.0000e+00
      0.151      0.016     8.8119     98.354     39.248  35.965677     3.1615      7.517   184.2677 2.9076e+02     6.4366      0.148      0.215    20.7816 0.0000e+00
      0.154      0.020     8.8061     98.406     39.262  36.021647     3.1145      7.507   183.1653 2.8928e+02     6.4065      0.147      0.214    20.7860 0.0000e+00
      0.164      0.023     8.8044     98.469     39.157  35.992769     3.1044      7.499   182.8828 2.8583e+02     6.3405      0.159      0.230    20.7908 0.0000e+00
      0.177      0.024     8.7997     98.528     39.042  35.933862     3.0969      7.491   183.1749 2.8313e+02     6.3220      0.178      0.257    20.7942 0.0000e+00
      0.185      0.023     8.8003     98.583     38.973  35.880532     3.1155      7.484   183.7709 2.8264e+02     6.3525      0.184      0.267    20.7962 0.0000e+00
      0.188      0.019     8.7973     98.646     38.958  35.855573     3.1378      7.477   184.5830 2.8284e+02     6.4020      0.184      0.266    20.8508 0.0000e+00
      0.189      0.013     8.7827     98.714     39.006  35.885862     3.1422      7.471   184.9057 2.8190e+02     6.4426      0.186      0.269    20.9684 0.0000e+00
      0.192      0.008     8.7766     98.753     39.061  35.929481     3.1519      7.467   184.6620 2.8039e+02     6.4333      0.189      0.274    21.0366 0.0000e+00
      0.194      0.005     8.7809     98.736     39.070  35.938809     3.1719      7.464   184.4758 2.7974e+02     6.3581      0.191      0.277    21.0349 0.0000e+00
      0.195      0.004     8.7902     98.703     39.062  35.935197     3.1841      7.462   184.7184 2.7964e+02     6.3529      0.192      0.278    21.0139 0.0000e+00
      0.195      0.003     8.8012     98.692     39.076  35.949267     3.1997      7.459   185.1866 2.7966e+02     6.4396      0.191      0.277    20.9910 0.0000e+00
      0.195      0.001     8.8082     98.674     39.114  35.982021     3.2272      7.455   186.4370 2.7976e+02     6.4489      0.192      0.278    20.9825 0.0000e+00
      0.196      0.000     8.8036     98.651     39.151  36.013970     3.2503      7.450   188.3085 2.7967e+02     6.3626      0.192      0.278    20.9879 0.0000e+00
      0.196      0.000     8.7969     98.633     39.154  36.018313     3.2548      7.446   189.2290 2.7979e+02     6.2846      0.192      0.278    20.9952 0.0000e+00
      0.196      0.002     8.7987     98.608     39.099  35.971083     3.2562      7.443   188.9635 2.8060e+02     6.2925      0.192      0.279    20.9969 0.0000e+00
      0.196      0.007     8.7968     98.621     39.008  35.887073     3.2666      7.440   188.5392 2.8175e+02     6.3553      0.192      0.278    20.9925 0.0000e+00
      0.196      0.018     8.7946     98.674     39.030  35.890851     3.2649      7.434   188.8318 2.8311e+02     6.3607      0.192      0.278    20.9871 0.0000e+00
      0.196      0.029     8.7952     98.719     39.121  35.953283     3.2443      7.427   190.4355 2.8441e+02     6.3228      0.192      0.279    20.9891 0.0000e+00
      0.201      0.038     8.7886     98.802     39.030  35.880498     3.2329      7.421   192.7864 2.8327e+02     6.3076      0.193      0.280    20.9951 0.0000e+00
      0.218      0.043     8.7877     98.966     38.865  35.772233     3.2439      7.416   194.0264 2.7802e+02     6.2788      0.208      0.300    21.0023 0.0000e+00
      0.243      0.043     8.8005     99.151     38.854  35.786425     3.2856      7.413   193.8984 2.7287e+02     6.2482      0.243      0.352    20.9836 0.0000e+00
      0.260      0.039     8.8106     99.271     38.949  35.861782     3.3382      7.411   193.4761 2.7120e+02     6.2792      0.260      0.378    20.9254 0.0000e+00
      0.264      0.031     8.8148     99.332     39.044  35.921948     3.3547      7.410   193.5663 2.7037e+02     6.3119      0.258      0.374    20.9353 0.0000e+00
      0.265      0.020     8.8145     99.379     39.092  35.942802     3.3525      7.408   194.1295 2.6915e+02     6.3014      0.260      0.376    21.0325 0.0000e+00
      0.265      0.010     8.8290     99.406     39.088  35.923543     3.3612      7.407   194.8649 2.6798e+02     6.3236      0.260      0.377    21.0716 0.0000e+00
      0.266      0.005     8.8450     99.418     39.053  35.879420     3.3765      7.405   195.9188 2.6700e+02     6.4099      0.260      0.379    21.0344 0.0000e+00
      0.268      0.005     8.8540     99.413     39.037  35.853440     3.3803      7.403   196.8061 2.6641e+02     6.4566      0.263      0.382    20.9940 0.0000e+00
      0.270      0.004     8.8663     99.391     39.056  35.863210     3.3645      7.402   197.0750 2.6595e+02     6.4436      0.265      0.384    20.9631 0.0000e+00
      0.271      0.004     8.8698     99.368     39.070  35.870631     3.3683      7.401   196.1582 2.6542e+02     6.4579      0.266      0.385    20.9453 0.0000e+00
