Data/DataNotYetUploadedToEDI/Raw_CTD/RawDownloads/050621_fcr50.cnv
* Sea-Bird SBE19plus  Data File:
* FileName = C:\R\Reservoirs\Data\DataNotYetUploadedToEDI\Raw_CTD\RawDownloads\050621_fcr50_0001.hex
* Software version 2.8.0.119
* Temperature SN = 7809
* Conductivity SN = 7809
* System UpLoad Time = May 06 2021 10:36:47
* <ApplicationData>
* <Seaterm232>
# nquan = 16
# nvalues = 3451                        
# units = specified
# name 0 = depFM: Depth [fresh water, m]
# name 1 = dz/dtM: Descent Rate [m/s]
# name 2 = orp: Oxidation Reduction Potential [mV]
# name 3 = sbeox0Mg/L: Oxygen, SBE 43 [mg/l]
# name 4 = sbeox0PS: Oxygen, SBE 43 [% saturation]
# name 5 = par/sat/log: PAR/Logarithmic, Satlantic
# name 6 = ph: pH
# name 7 = specc: Specific Conductance [uS/cm]
# name 8 = c0uS/cm: Conductivity [uS/cm]
# name 9 = flECO-AFL: Fluorescence, WET Labs ECO-AFL/FL [mg/m^3]
# name 10 = turbWETntu0: Turbidity, WET Labs ECO [NTU]
# name 11 = tv290C: Temperature [ITS-90, deg C]
# name 12 = density00: Density [density, kg/m^3]
# name 13 = prdE: Pressure, Strain Gauge [psi]
# name 14 = prdM: Pressure, Strain Gauge [db]
# name 15 = flag:  0.000e+00
# span 0 =     -0.649,      9.758       
# span 1 =     -0.316,      0.237       
# span 2 =  -415.0618,  1084.3284       
# span 3 =     0.2240,    10.2112       
# span 4 =      1.966,    102.468       
# span 5 = 1.2355e-01, 1.8685e+03       
# span 6 =     -2.421,     15.826       
# span 7 =      0.809,    291.845       
# span 8 =   0.649543, 193.357226       
# span 9 =    -3.2434,    16.9403       
# span 10 =    -8.7430,   936.3105      
# span 11 =     7.8609,    18.3838      
# span 12 =   998.5415,  1000.0009      
# span 13 =     -0.925,     13.879      
# span 14 =     -0.638,      9.569      
# span 15 = 0.0000e+00, 0.0000e+00      
# interval = seconds: 0.25
# start_time = May 05 2021 20:44:27 [Instrument's time stamp, header]
# bad_flag = -9.990e-29
*END*
[from data line 2622]
      9.146      0.017   367.3288     0.7769      6.537 1.2365e-01     15.824     38.845  25.622197     1.8211    12.4690     7.9790   999.9104     13.009      8.969 0.0000e+00
      9.149      0.019   367.1755     0.7831      6.449 1.2365e-01     15.823     38.891  25.651603     1.8132    12.5055     7.9791   999.9104     13.011      8.971 0.0000e+00
      9.154      0.023   367.2844     0.7804      6.386 1.2362e-01     15.823     38.924  25.671888     1.8370    12.5175     7.9794   999.9105     13.017      8.975 0.0000e+00
      9.161      0.030   367.4412     0.7785      6.346 1.2366e-01     15.823     39.030  25.740598     1.8802    12.5101     7.9795   999.9105     13.029      8.983 0.0000e+00
      9.170      0.040   367.6088     0.7802      6.293 1.2372e-01     15.823     39.196  25.848082     1.9160    12.5197     7.9787   999.9107     13.043      8.993 0.0000e+00
      9.177      0.047   367.8485     0.7601      6.242 1.2372e-01     15.823     39.269  25.893174     1.9169    12.5298     7.9767   999.9108     13.053      8.999 0.0000e+00
      9.188      0.050   368.0159     0.7557      6.192 1.2368e-01     15.823     39.196  25.841801     1.8443    12.6331     7.9743   999.9110     13.063      9.006 0.0000e+00
      9.208      0.049   367.9979     0.7539      6.120 1.2365e-01     15.824     39.131  25.797801     1.7243    12.8414     7.9733   999.9112     13.094      9.028 0.0000e+00
      9.230      0.045   367.9749     0.7445      5.987 1.2367e-01     15.825     39.141  25.805169     1.6489    12.9543     7.9717   999.9115     13.135      9.057 0.0000e+00
      9.244      0.038   367.9106     0.7402      5.799 1.2372e-01     15.824     39.136  25.804037     1.6282    12.9680     7.9674   999.9119     13.155      9.070 0.0000e+00
      9.246      0.030   367.8230     0.7338      5.570 1.2376e-01     15.824     39.105  25.784111     1.5695    12.9390     7.9620   999.9121     13.151      9.067 0.0000e+00
      9.246      0.022   367.8613     0.7294      5.323 1.2380e-01     15.824     39.157  25.817952     1.4541    12.8425     7.9596   999.9122     13.148      9.065 0.0000e+00
      9.250      0.019   368.2015     0.7113      5.120 1.2380e-01     15.824     39.275  25.896068     1.3774    12.7625     7.9626   999.9121     13.156      9.071 0.0000e+00
      9.254      0.020   368.7534     0.6891      5.040 1.2378e-01     15.824     39.285  25.904030     1.3576    12.7282     7.9662   999.9119     13.162      9.075 0.0000e+00
      9.258      0.023   368.9416     0.6613      5.055 1.2373e-01     15.824     39.202  25.850785     1.3774    12.6675     7.9666   999.9119     13.166      9.077 0.0000e+00
      9.267      0.025   368.8431     0.6297      5.051 1.2367e-01     15.824     39.162  25.823149     1.4262    12.5776     7.9649   999.9120     13.178      9.086 0.0000e+00
      9.278      0.025   368.6811     0.6005      5.006 1.2365e-01     15.824     39.167  25.823608     1.4507    12.5003     7.9646   999.9122     13.198      9.100 0.0000e+00
      9.286      0.024   368.4449     0.5912      4.934 1.2364e-01     15.824     39.217  25.856333     1.4456    12.4531     7.9676   999.9120     13.209      9.108 0.0000e+00
      9.289      0.023   368.3098     0.6029      4.879 1.2370e-01     15.824     39.284  25.901681     1.4690    12.4876     7.9702   999.9118     13.210      9.108 0.0000e+00
      9.291      0.021   368.5973     0.5993      4.866 1.2381e-01     15.823     39.321  25.927899     1.5333    12.5736     7.9676   999.9121     13.214      9.110 0.0000e+00
      9.296      0.020   369.1677     0.5953      4.865 1.2381e-01     15.823     39.405  25.983046     1.5743    12.5667     7.9634   999.9123     13.221      9.116 0.0000e+00
      9.302      0.021   369.3550     0.5840      4.859 1.2374e-01     15.823     39.526  26.061030     1.5748    12.4722     7.9629   999.9123     13.231      9.122 0.0000e+00
      9.309      0.023   369.2268     0.5750      4.859 1.2374e-01     15.823     39.604  26.109635     1.5675    12.4275     7.9654   999.9123     13.241      9.129 0.0000e+00
      9.314      0.023   369.1672     0.5774      4.881 1.2374e-01     15.824     39.634  26.126717     1.6002    12.5414     7.9682   999.9121     13.247      9.134 0.0000e+00
      9.320      0.022   369.0647     0.5761      4.875 1.2369e-01     15.825     39.657  26.140698     1.6747    12.7154     7.9679   999.9122     13.255      9.139 0.0000e+00
      9.326      0.021   368.7609     0.5770      4.812 1.2369e-01     15.824     39.677  26.151824     1.7138    12.7464     7.9656   999.9124     13.266      9.147 0.0000e+00
      9.332      0.019   368.6782     0.5725      4.677 1.2375e-01     15.824     39.653  26.134383     1.7012    12.7108     7.9617   999.9127     13.273      9.152 0.0000e+00
      9.336      0.017   369.0109     0.5812      4.494 1.2383e-01     15.824     39.630  26.120107     1.6755    12.7316     7.9574   999.9130     13.279      9.156 0.0000e+00
      9.341      0.017   369.3418     0.5804      4.371 1.2379e-01     15.824     39.701  26.169501     1.6607    12.7573     7.9562   999.9131     13.286      9.161 0.0000e+00
      9.344      0.018   369.4103     0.5721      4.269 1.2369e-01     15.824     39.880  26.287591     1.6561    12.7468     7.9543   999.9132     13.292      9.164 0.0000e+00
      9.346      0.020   369.3224     0.5609      4.154 1.2367e-01     15.824     40.063  26.406181     1.6486    12.7420     7.9512   999.9134     13.293      9.165 0.0000e+00
      9.350      0.022   369.3117     0.5250      4.075 1.2366e-01     15.824     40.151  26.461613     1.6930    12.9057     7.9527   999.9133     13.296      9.167 0.0000e+00
      9.357      0.024   369.2811     0.5187      4.032 1.2367e-01     15.823     40.232  26.513803     1.7924    13.1804     7.9569   999.9131     13.308      9.176 0.0000e+00
      9.367      0.026   369.1242     0.5091      4.015 1.2372e-01     15.823     40.447  26.656618     1.8489    13.2823     7.9577   999.9132     13.324      9.187 0.0000e+00
      9.375      0.026   368.9636     0.4876      3.934 1.2373e-01     15.824     40.749  26.856309     1.8521    13.2455     7.9549   999.9135     13.337      9.196 0.0000e+00
      9.381      0.026   368.8880     0.4846      3.783 1.2366e-01     15.824     41.009  27.025303     1.8595    13.1475     7.9501   999.9138     13.343      9.200 0.0000e+00
      9.386      0.025   368.8976     0.4734      3.653 1.2363e-01     15.823     41.148  27.114095     1.8910    13.0241     7.9476   999.9140     13.348      9.204 0.0000e+00
      9.392      0.023   368.9942     0.4807      3.542 1.2369e-01     15.823     41.235  27.168696     1.9188    12.9901     7.9504   999.9139     13.357      9.210 0.0000e+00
      9.399      0.022   369.1100     0.4720      3.438 1.2373e-01     15.824     41.445  27.304871     1.9183    12.9756     7.9525   999.9139     13.368      9.217 0.0000e+00
      9.405      0.022   369.0934     0.4437      3.297 1.2375e-01     15.824     42.407  27.935947     1.9040    12.9531     7.9495   999.9143     13.378      9.224 0.0000e+00
      9.410      0.023   368.7073     0.4349      3.102 1.2377e-01     15.825     44.549  29.343444     1.8985    12.9576     7.9444   999.9146     13.385      9.228 0.0000e+00
      9.415      0.024   368.1413     0.4179      2.917 1.2379e-01     15.825     46.688  30.746917     1.9094    12.9616     7.9416   999.9148     13.391      9.233 0.0000e+00
      9.420      0.024   368.0142     0.4097      2.784 1.2381e-01     15.825     47.483  31.265365     1.9213    12.9676     7.9396   999.9150     13.398      9.238 0.0000e+00
      9.426      0.024   368.2886     0.3953      2.716 1.2374e-01     15.825     47.151  31.044017     1.9181    12.9605     7.9365   999.9154     13.405      9.243 0.0000e+00
      9.434      0.023   368.5341     0.3659      2.671 1.2369e-01     15.825     46.873  30.862213     1.9086    12.9101     7.9328   999.9166     13.418      9.251 0.0000e+00
      9.443      0.022   368.5731     0.3446      2.604 1.2371e-01     15.825     47.611  31.351223     1.9121    12.8396     7.9265   999.9180     13.432      9.261 0.0000e+00
      9.448      0.022   368.1579     0.3265      2.563 1.2372e-01     15.826     48.701  32.071184     1.9213    12.7947     7.9196   999.9186     13.439      9.266 0.0000e+00
      9.451      0.021   367.4715     0.3208      2.547 1.2374e-01     15.826     48.715  32.080449     1.9156    12.7792     7.9170   999.9184     13.442      9.268 0.0000e+00
      9.455      0.018   367.2434     0.3203      2.492 1.2375e-01     15.826     48.160  31.717066     1.8528    12.8237     7.9179   999.9182     13.446      9.270 0.0000e+00
      9.460      0.016   367.3784     0.3070      2.432 1.2367e-01     15.826     48.379  31.865131     1.7439    12.9205     7.9226   999.9183     13.454      9.276 0.0000e+00
      9.466      0.016   367.4696     0.3009      2.386 1.2362e-01     15.824     49.008  32.284509     1.6953    12.9889     7.9259   999.9189     13.466      9.285 0.0000e+00
      9.470      0.015   367.5723     0.3074      2.359 1.2366e-01     15.823     49.192  32.409794     1.7039    12.9974     7.9239   999.9189     13.471      9.288 0.0000e+00
      9.471      0.014   367.5878     0.2940      2.378 1.2363e-01     15.824     49.215  32.428224     1.7146    12.9558     7.9256   999.9182     13.470      9.287 0.0000e+00
      9.474      0.014   367.3988     0.2875      2.412 1.2358e-01     15.825     49.815  32.824597     1.7388    12.9311     7.9308   999.9182     13.475      9.291 0.0000e+00
      9.478      0.014   367.1788     0.2841      2.471 1.2364e-01     15.825     50.682  33.395232     1.7576    12.9733     7.9356   999.9183     13.482      9.297 0.0000e+00
      9.482      0.015   367.0793     0.2751      2.549 1.2371e-01     15.824     50.733  33.426710     1.7697    13.0206     7.9413   999.9180     13.486      9.299 0.0000e+00
      9.485      0.015   367.0563     0.2832      2.573 1.2373e-01     15.824     50.206  33.078307     1.8000    12.9187     7.9446   999.9177     13.489      9.301 0.0000e+00
      9.490      0.014   367.0732     0.2851      2.572 1.2375e-01     15.824     50.264  33.116766     1.8290    12.6687     7.9449   999.9179     13.497      9.306 0.0000e+00
      9.495      0.014   367.1113     0.2895      2.599 1.2378e-01     15.824     51.054  33.637923     1.8337    12.5043     7.9445   999.9185     13.508      9.313 0.0000e+00
      9.499      0.014   367.1730     0.3078      2.659 1.2377e-01     15.825     51.876  34.176422     1.8373    12.4763     7.9411   999.9187     13.513      9.317 0.0000e+00
      9.500      0.013   367.1309     0.3054      2.719 1.2375e-01     15.825     52.067  34.297565     1.8532    12.3288     7.9387   999.9185     13.512      9.316 0.0000e+00
      9.502      0.012   366.9459     0.3032      2.753 1.2371e-01     15.825     51.753  34.087375     1.8538    12.0260     7.9415   999.9183     13.514      9.318 0.0000e+00
      9.506      0.012   366.7430     0.3068      2.760 1.2368e-01     15.825     51.693  34.046330     1.8360    11.8365     7.9430   999.9186     13.521      9.323 0.0000e+00
      9.511      0.012   366.5704     0.3147      2.732 1.2365e-01     15.825     52.573  34.626206     1.8287    11.7878     7.9397   999.9192     13.529      9.328 0.0000e+00
      9.514      0.013   366.6664     0.3254      2.687 1.2368e-01     15.825     54.117  35.641280     1.8330    11.7803     7.9341   999.9196     13.533      9.331 0.0000e+00
      9.516      0.014   366.8710     0.3253      2.587 1.2379e-01     15.825     54.439  35.848849     1.8391    11.8493     7.9298   999.9196     13.535      9.332 0.0000e+00
      9.518      0.014   366.8074     0.3318      2.467 1.2382e-01     15.826     53.222  35.041721     1.8456    11.9708     7.9293   999.9196     13.536      9.333 0.0000e+00
      9.523      0.013   366.6723     0.3216      2.436 1.2372e-01     15.826     52.712  34.703174     1.8449    12.0130     7.9302   999.9197     13.543      9.338 0.0000e+00
      9.529      0.013   366.5273     0.3228      2.485 1.2362e-01     15.826     53.730  35.372731     1.8497    11.9822     7.9289   999.9208     13.555      9.346 0.0000e+00
      9.533      0.014   366.5173     0.3100      2.562 1.2362e-01     15.826     55.500  36.537586     1.8756    11.9409     7.9240   999.9214     13.562      9.351 0.0000e+00
      9.534      0.014   366.8096     0.2852      2.595 1.2373e-01     15.825     57.530  37.872015     1.9094    11.8912     7.9177   999.9208     13.561      9.349 0.0000e+00
      9.535      0.015   367.0501     0.2877      2.586 1.2382e-01     15.825     59.253  39.004612     1.9251    11.8621     7.9147   999.9208     13.560      9.350 0.0000e+00
      9.539      0.015   367.0157     0.2919      2.599 1.2374e-01     15.825     60.017  39.505604     1.9219    11.8298     7.9150   999.9213     13.567      9.354 0.0000e+00
      9.545      0.015   366.7372     0.3077      2.630 1.2360e-01     15.826     60.087  39.550038     1.9180    11.8438     7.9148   999.9220     13.576      9.360 0.0000e+00
      9.550      0.015   366.4365     0.3108      2.598 1.2359e-01     15.826     60.268  39.668807     1.9258    11.9627     7.9133   999.9229     13.584      9.366 0.0000e+00
      9.555      0.014   366.3918     0.3044      2.452 1.2364e-01     15.826     61.139  40.243432     1.9310    12.0656     7.9112   999.9237     13.592      9.371 0.0000e+00
      9.558      0.012   366.5403     0.3073      2.319 1.2366e-01     15.826     63.212  41.610237     1.9135    12.0916     7.9094   999.9241     13.596      9.374 0.0000e+00
      9.560      0.010   366.5971     0.3137      2.297 1.2371e-01     15.826     65.500  43.118248     1.8679    12.1756     7.9088   999.9240     13.597      9.375 0.0000e+00
      9.561      0.009   366.4770     0.3171      2.347 1.2378e-01     15.826     66.360  43.685766     1.8088    12.3602     7.9087   999.9240     13.598      9.376 0.0000e+00
      9.563      0.009   366.3782     0.2894      2.400 1.2379e-01     15.826     66.011  43.457016     1.7805    12.5032     7.9093   999.9241     13.600      9.377 0.0000e+00
      9.566      0.009   366.4355     0.2678      2.387 1.2374e-01     15.826     65.346  43.018797     1.7829    12.5657     7.9108   999.9249     13.606      9.381 0.0000e+00
      9.570      0.009   366.4813     0.2713      2.347 1.2374e-01     15.825     64.873  42.704190     1.7614    12.6694     7.9124   999.9262     13.611      9.385 0.0000e+00
      9.572      0.008   366.4160     0.2764      2.328 1.2379e-01     15.825     65.357  43.017718     1.7111    12.8303     7.9142   999.9261     13.614      9.387 0.0000e+00
      9.574      0.008   366.3349     0.2903      2.300 1.2378e-01     15.826     66.883  44.016292     1.6896    12.9658     7.9155   999.9258     13.617      9.389 0.0000e+00
      9.575      0.008   366.1889     0.2843      2.301 1.2374e-01     15.826     67.906  44.683702     1.7025    13.0380     7.9150   999.9256     13.618      9.389 0.0000e+00
      9.576      0.007   366.0265     0.2747      2.321 1.2375e-01     15.825     67.612  44.484780     1.7140    13.0165     7.9122   999.9255     13.619      9.390 0.0000e+00
      9.578      0.007   365.9200     0.2798      2.283 1.2374e-01     15.825     67.016  44.087180     1.6955    13.0492     7.9083   999.9258     13.622      9.392 0.0000e+00
      9.581      0.007   365.8484     0.2704      2.223 1.2370e-01     15.826     66.701  43.876080     1.6499    13.2617     7.9039   999.9269     13.627      9.395 0.0000e+00
      9.583      0.007   365.9351     0.2701      2.203 1.2373e-01     15.826     66.550  43.773486     1.6309    13.4902     7.8995   999.9278     13.631      9.398 0.0000e+00
