Data/DataNotYetUploadedToEDI/Raw_CTD/RawDownloads/050621_fcr50.cnv
* Sea-Bird SBE19plus  Data File:
* FileName = C:\R\Reservoirs\Data\DataNotYetUploadedToEDI\Raw_CTD\RawDownloads\050621_fcr50_0001.hex
* Software version 2.8.0.119
* Temperature SN = 7809
* Conductivity SN = 7809
* System UpLoad Time = May 06 2021 10:36:47
* <ApplicationData>
* <Seaterm232>
# nquan = 16
# nvalues = 3451                        
# units = specified
# name 0 = depFM: Depth [fresh water, m]
# name 1 = dz/dtM: Descent Rate [m/s]
# name 2 = orp: Oxidation Reduction Potential [mV]
# name 3 = sbeox0Mg/L: Oxygen, SBE 43 [mg/l]
# name 4 = sbeox0PS: Oxygen, SBE 43 [% saturation]
# name 5 = par/sat/log: PAR/Logarithmic, Satlantic
# name 6 = ph: pH
# name 7 = specc: Specific Conductance [uS/cm]
# name 8 = c0uS/cm: Conductivity [uS/cm]
# name 9 = flECO-AFL: Fluorescence, WET Labs ECO-AFL/FL [mg/m^3]
# name 10 = turbWETntu0: Turbidity, WET Labs ECO [NTU]
# name 11 = tv290C: Temperature [ITS-90, deg C]
# name 12 = density00: Density [density, kg/m^3]
# name 13 = prdE: Pressure, Strain Gauge [psi]
# name 14 = prdM: Pressure, Strain Gauge [db]
# name 15 = flag:  0.000e+00
# span 0 =     -0.649,      9.758       
# span 1 =     -0.316,      0.237       
# span 2 =  -415.0618,  1084.3284       
# span 3 =     0.2240,    10.2112       
# span 4 =      1.966,    102.468       
# span 5 = 1.2355e-01, 1.8685e+03       
# span 6 =     -2.421,     15.826       
# span 7 =      0.809,    291.845       
# span 8 =   0.649543, 193.357226       
# span 9 =    -3.2434,    16.9403       
# span 10 =    -8.7430,   936.3105      
# span 11 =     7.8609,    18.3838      
# span 12 =   998.5415,  1000.0009      
# span 13 =     -0.925,     13.879      
# span 14 =     -0.638,      9.569      
# span 15 = 0.0000e+00, 0.0000e+00      
# interval = seconds: 0.25
# start_time = May 05 2021 20:44:27 [Instrument's time stamp, header]
# bad_flag = -9.990e-29
*END*
[from data line 2441]
      8.416      0.020   365.9266     1.4660     12.024 1.2375e-01     15.823     37.216  24.581177     3.7027     7.0264     8.0205   999.9039     11.974      8.256 0.0000e+00
      8.422      0.017   365.9267     1.4434     12.031 1.2372e-01     15.823     37.214  24.579582     3.7027     7.0772     8.0210   999.9040     11.983      8.261 0.0000e+00
      8.423      0.012   365.8492     1.4372     12.006 1.2368e-01     15.824     37.232  24.590958     3.6404     7.0221     8.0219   999.9040     11.978      8.259 0.0000e+00
      8.424      0.007   365.8510     1.4215     11.954 1.2365e-01     15.825     37.234  24.591878     3.5131     6.8404     8.0224   999.9039     11.980      8.260 0.0000e+00
      8.424      0.004   365.9478     1.4216     11.924 1.2368e-01     15.825     37.231  24.590701     3.4413     6.7692     8.0227   999.9039     11.984      8.262 0.0000e+00
      8.424      0.002   366.0735     1.4264     11.909 1.2368e-01     15.824     37.209  24.576725     3.4393     6.8128     8.0224   999.9039     11.982      8.261 0.0000e+00
      8.425      0.002   366.1661     1.4230     11.872 1.2364e-01     15.823     37.166  24.549745     3.4130     6.8188     8.0217   999.9040     11.982      8.261 0.0000e+00
      8.426      0.003   366.2068     1.4127     11.795 1.2361e-01     15.823     37.117  24.518190     3.3522     6.8078     8.0218   999.9040     11.985      8.263 0.0000e+00
      8.426      0.006   366.2217     1.4102     11.709 1.2363e-01     15.823     37.108  24.512328     3.3143     6.7827     8.0222   999.9039     11.986      8.264 0.0000e+00
      8.426      0.009   366.1739     1.4111     11.684 1.2372e-01     15.823     37.153  24.542292     3.3168     6.7557     8.0236   999.9038     11.984      8.262 0.0000e+00
      8.428      0.012   366.1449     1.4064     11.698 1.2376e-01     15.823     37.187  24.563354     3.4103     6.8239     8.0258   999.9037     11.985      8.264 0.0000e+00
      8.432      0.014   366.0439     1.3983     11.704 1.2374e-01     15.824     37.209  24.576716     3.5688     6.9555     8.0268   999.9037     11.991      8.268 0.0000e+00
      8.438      0.016   365.8125     1.3801     11.683 1.2373e-01     15.824     37.211  24.576986     3.6408     7.0081     8.0272   999.9036     12.001      8.274 0.0000e+00
      8.444      0.018   365.7567     1.3823     11.679 1.2372e-01     15.825     37.197  24.566621     3.6418     6.9787     8.0270   999.9037     12.011      8.281 0.0000e+00
      8.448      0.018   365.8857     1.3838     11.704 1.2370e-01     15.825     37.215  24.578250     3.6659     6.9775     8.0253   999.9038     12.018      8.286 0.0000e+00
      8.452      0.016   365.9949     1.3881     11.725 1.2366e-01     15.824     37.234  24.590736     3.7041     7.0279     8.0229   999.9040     12.021      8.288 0.0000e+00
      8.456      0.013   366.1308     1.3816     11.760 1.2366e-01     15.823     37.232  24.590736     3.7220     7.0392     8.0214   999.9041     12.026      8.291 0.0000e+00
      8.461      0.011   366.2381     1.3790     11.779 1.2369e-01     15.823     37.207  24.578260     3.7195     7.0105     8.0208   999.9042     12.035      8.298 0.0000e+00
      8.464      0.008   366.0017     1.3886     11.762 1.2374e-01     15.823     37.185  24.566738     3.7032     6.9895     8.0197   999.9043     12.041      8.302 0.0000e+00
      8.464      0.006   365.5955     1.3841     11.673 1.2374e-01     15.823     37.200  24.578280     3.6775     6.9238     8.0188   999.9043     12.038      8.300 0.0000e+00
      8.464      0.005   365.4566     1.3944     11.516 1.2370e-01     15.823     37.217  24.590964     3.6561     6.8345     8.0213   999.9042     12.038      8.300 0.0000e+00
      8.464      0.005   365.4407     1.3947     11.433 1.2370e-01     15.823     37.219  24.593251     3.6447     6.8020     8.0267   999.9038     12.040      8.301 0.0000e+00
      8.465      0.006   365.4895     1.3937     11.442 1.2368e-01     15.823     37.235  24.605941     3.6451     6.8056     8.0316   999.9035     12.039      8.301 0.0000e+00
      8.467      0.008   365.6168     1.3881     11.445 1.2365e-01     15.824     37.249  24.617543     3.6513     6.8095     8.0344   999.9034     12.042      8.303 0.0000e+00
      8.472      0.010   365.6885     1.3566     11.467 1.2367e-01     15.824     37.230  24.606688     3.6528     6.8147     8.0356   999.9033     12.049      8.308 0.0000e+00
      8.475      0.011   365.6686     1.3462     11.512 1.2370e-01     15.823     37.223  24.601542     3.6538     6.7652     8.0366   999.9033     12.054      8.312 0.0000e+00
      8.477      0.011   365.6340     1.3582     11.558 1.2375e-01     15.822     37.249  24.618746     3.6535     6.6914     8.0391   999.9032     12.055      8.312 0.0000e+00
      8.479      0.010   365.6142     1.3508     11.588 1.2377e-01     15.822     37.256  24.624419     3.6490     6.7813     8.0445   999.9028     12.061      8.314 0.0000e+00
      8.483      0.009   365.5155     1.3550     11.501 1.2372e-01     15.822     37.228  24.606713     3.6471     6.9933     8.0467   999.9027     12.068      8.320 0.0000e+00
      8.485      0.007   365.4731     1.3637     11.350 1.2365e-01     15.823     37.209  24.594937     3.6405     7.0578     8.0444   999.9029     12.070      8.322 0.0000e+00
      8.485      0.007   365.5323     1.3639     11.282 1.2361e-01     15.823     37.226  24.608889     3.6361     6.9774     8.0438   999.9029     12.068      8.320 0.0000e+00
      8.487      0.007   365.6289     1.3796     11.330 1.2361e-01     15.823     37.284  24.648559     3.6604     6.9139     8.0458   999.9028     12.072      8.323 0.0000e+00
      8.489      0.010   365.7805     1.3640     11.426 1.2362e-01     15.823     37.357  24.694039     3.7057     6.8735     8.0469   999.9027     12.076      8.326 0.0000e+00
      8.489      0.015   365.9034     1.3364     11.443 1.2367e-01     15.823     37.399  24.714808     3.7350     6.8327     8.0476   999.9027     12.074      8.325 0.0000e+00
      8.492      0.019   365.9098     1.3297     11.350 1.2371e-01     15.823     37.404  24.709386     3.7293     6.7985     8.0509   999.9025     12.076      8.327 0.0000e+00
      8.498      0.021   365.8582     1.3359     11.240 1.2368e-01     15.824     37.386  24.691900     3.6842     6.8372     8.0556   999.9023     12.086      8.333 0.0000e+00
      8.508      0.021   365.8810     1.3562     11.200 1.2371e-01     15.824     37.392  24.693650     3.6281     6.9576     8.0526   999.9026     12.104      8.345 0.0000e+00
      8.517      0.021   365.9279     1.3601     11.242 1.2375e-01     15.823     37.449  24.730555     3.6048     7.0175     8.0397   999.9034     12.118      8.355 0.0000e+00
      8.521      0.019   365.9094     1.3431     11.254 1.2370e-01     15.822     37.488  24.757551     3.5931     7.0117     8.0265   999.9042     12.121      8.357 0.0000e+00
      8.524      0.016   366.1733     1.3272     11.116 1.2371e-01     15.822     37.498  24.766365     3.5628     7.0247     8.0191   999.9046     12.123      8.359 0.0000e+00
      8.527      0.012   366.6236     1.3206     10.890 1.2378e-01     15.823     37.504  24.773702     3.4577     7.1064     8.0168   999.9048     12.128      8.362 0.0000e+00
      8.530      0.010   366.7075     1.3309     10.720 1.2376e-01     15.823     37.514  24.782835     3.2861     7.2454     8.0172   999.9048     12.133      8.365 0.0000e+00
      8.532      0.010   366.6715     1.3418     10.655 1.2370e-01     15.823     37.555  24.813368     3.1943     7.2969     8.0180   999.9048     12.136      8.367 0.0000e+00
      8.535      0.009   366.7040     1.3197     10.655 1.2365e-01     15.822     37.568  24.825746     3.1780     7.2832     8.0215   999.9045     12.140      8.370 0.0000e+00
      8.538      0.008   366.4985     1.2850     10.652 1.2365e-01     15.822     37.534  24.805651     3.1071     7.3194     8.0269   999.9043     12.144      8.373 0.0000e+00
      8.540      0.008   366.2511     1.2631     10.569 1.2371e-01     15.822     37.561  24.824096     2.9951     7.3573     8.0299   999.9041     12.146      8.375 0.0000e+00
      8.541      0.008   366.4663     1.2584     10.428 1.2373e-01     15.822     37.711  24.921917     2.9401     7.3637     8.0344   999.9038     12.148      8.376 0.0000e+00
      8.543      0.010   366.9503     1.2597     10.300 1.2372e-01     15.823     37.889  25.037010     2.9293     7.3628     8.0399   999.9036     12.151      8.378 0.0000e+00
      8.544      0.013   367.1126     1.2644     10.184 1.2371e-01     15.823     37.951  25.074009     2.8545     7.4836     8.0431   999.9034     12.152      8.378 0.0000e+00
      8.546      0.015   366.9659     1.2548     10.129 1.2368e-01     15.823     37.924  25.052130     2.7220     7.7601     8.0439   999.9033     12.154      8.379 0.0000e+00
      8.551      0.017   366.8972     1.2289     10.110 1.2367e-01     15.823     37.889  25.026176     2.6620     7.9592     8.0419   999.9035     12.161      8.385 0.0000e+00
      8.559      0.017   366.9694     1.2219     10.045 1.2369e-01     15.823     37.872  25.013903     2.6637     8.0024     8.0386   999.9038     12.174      8.394 0.0000e+00
      8.566      0.016   366.9788     1.2005      9.957 1.2374e-01     15.823     37.897  25.030583     2.6378     8.0764     8.0325   999.9043     12.185      8.401 0.0000e+00
      8.569      0.016   366.8388     1.1949      9.790 1.2379e-01     15.822     38.003  25.101003     2.5965     8.2022     8.0264   999.9046     12.188      8.403 0.0000e+00
      8.570      0.017   366.7403     1.2030      9.528 1.2379e-01     15.822     38.200  25.231087     2.5754     8.2517     8.0230   999.9048     12.189      8.404 0.0000e+00
      8.572      0.019   366.8191     1.1859      9.295 1.2377e-01     15.823     38.359  25.334874     2.5831     8.2979     8.0222   999.9049     12.192      8.406 0.0000e+00
      8.575      0.022   366.9317     1.1826      9.130 1.2370e-01     15.823     38.370  25.341059     2.6421     8.3833     8.0228   999.9048     12.194      8.408 0.0000e+00
      8.582      0.023   367.0697     1.1658      8.998 1.2361e-01     15.823     38.319  25.305862     2.7343     8.4593     8.0232   999.9049     12.203      8.413 0.0000e+00
      8.593      0.023   367.2825     1.1240      8.888 1.2358e-01     15.824     38.296  25.289882     2.7824     8.4970     8.0230   999.9050     12.222      8.426 0.0000e+00
      8.603      0.021   367.3539     1.0963      8.748 1.2364e-01     15.824     38.273  25.274693     2.7858     8.4611     8.0217   999.9052     12.241      8.440 0.0000e+00
      8.608      0.017   366.9867     1.0807      8.553 1.2372e-01     15.824     38.235  25.249067     2.7748     8.4027     8.0197   999.9054     12.245      8.443 0.0000e+00
      8.609      0.012   366.4563     1.0632      8.328 1.2372e-01     15.824     38.211  25.233741     2.7069     8.3397     8.0182   999.9054     12.243      8.441 0.0000e+00
      8.610      0.007   366.3612     1.0528      8.038 1.2369e-01     15.823     38.183  25.216242     2.5846     8.2834     8.0171   999.9055     12.246      8.443 0.0000e+00
      8.611      0.003   366.6114     1.0406      7.741 1.2370e-01     15.823     38.103  25.164337     2.5162     8.2722     8.0166   999.9055     12.249      8.445 0.0000e+00
      8.611      0.001   366.8137     1.0100      7.558 1.2371e-01     15.823     38.025  25.113585     2.5191     8.2380     8.0165   999.9055     12.246      8.443 0.0000e+00
      8.611      0.001   367.0011     0.9910      7.452 1.2372e-01     15.823     38.019  25.110018     2.5528     8.0761     8.0168   999.9055     12.247      8.444 0.0000e+00
      8.611      0.001   367.1565     0.9533      7.343 1.2374e-01     15.824     38.035  25.121216     2.6180     7.8599     8.0182   999.9054     12.249      8.445 0.0000e+00
      8.611      0.002   366.8850     0.9079      7.276 1.2376e-01     15.824     38.036  25.122121     2.6687     7.7866     8.0198   999.9053     12.248      8.445 0.0000e+00
      8.611      0.003   366.3867     0.8917      7.321 1.2380e-01     15.824     38.034  25.120966     2.6803     7.8086     8.0211   999.9051     12.248      8.444 0.0000e+00
      8.612      0.007   366.2079     0.8835      7.456 1.2373e-01     15.824     38.014  25.107249     2.7198     7.7471     8.0217   999.9051     12.249      8.445 0.0000e+00
      8.614      0.012   366.1849     0.8690      7.694 1.2363e-01     15.824     37.978  25.083126     2.8034     7.6280     8.0219   999.9051     12.251      8.447 0.0000e+00
      8.615      0.016   366.1951     0.8521      7.929 1.2367e-01     15.824     37.982  25.083001     2.8512     7.6045     8.0222   999.9051     12.252      8.448 0.0000e+00
      8.620      0.019   366.5030     0.8670      8.059 1.2370e-01     15.824     38.019  25.105726     2.8589     7.6339     8.0219   999.9051     12.257      8.451 0.0000e+00
      8.628      0.019   366.8965     0.8746      8.183 1.2372e-01     15.824     38.015  25.104182     2.8584     7.7093     8.0219   999.9052     12.272      8.461 0.0000e+00
      8.638      0.021   366.9089     0.9101      8.320 1.2375e-01     15.824     37.952  25.064332     2.8454     7.8638     8.0221   999.9052     12.289      8.473 0.0000e+00
      8.643      0.024   366.6532     0.9488      8.431 1.2375e-01     15.823     37.862  25.004472     2.8345     7.9227     8.0183   999.9055     12.296      8.478 0.0000e+00
      8.643      0.025   366.4717     0.9499      8.518 1.2375e-01     15.823     37.789  24.951250     2.8414     7.9406     8.0135   999.9058     12.292      8.475 0.0000e+00
      8.646      0.023   366.3492     0.9687      8.538 1.2371e-01     15.823     37.762  24.928239     2.8246     8.0447     8.0156   999.9056     12.293      8.476 0.0000e+00
      8.656      0.021   366.2056     0.9868      8.512 1.2369e-01     15.823     37.749  24.916522     2.7558     8.1518     8.0213   999.9053     12.309      8.487 0.0000e+00
      8.668      0.021   366.1976     0.9975      8.566 1.2367e-01     15.823     37.779  24.936430     2.7057     8.2066     8.0204   999.9055     12.333      8.503 0.0000e+00
      8.674      0.020   366.3382     1.0112      8.678 1.2371e-01     15.823     37.843  24.978663     2.7045     8.2266     8.0119   999.9058     12.342      8.509 0.0000e+00
      8.675      0.016   366.4430     1.0163      8.773 1.2381e-01     15.823     37.847  24.983169     2.7129     8.2211     8.0034   999.9064     12.337      8.506 0.0000e+00
      8.676      0.011   366.6044     1.0008      8.888 1.2377e-01     15.824     37.853  24.990917     2.6351     8.1746     8.0002   999.9067     12.339      8.508 0.0000e+00
      8.679      0.008   366.7406     1.0109      9.007 1.2364e-01     15.824     37.875  25.008920     2.4790     8.0771     8.0008   999.9066     12.347      8.513 0.0000e+00
      8.682      0.008   366.6281     1.0324      9.118 1.2363e-01     15.823     37.874  25.010565     2.3998     8.0026     8.0003   999.9067     12.349      8.515 0.0000e+00
      8.682      0.009   366.4481     1.0346      9.208 1.2369e-01     15.823     37.873  25.010817     2.3933     7.9956     8.0018   999.9066     12.347      8.513 0.0000e+00
      8.682      0.010   366.2860     1.0534      9.208 1.2368e-01     15.823     37.875  25.011975     2.3993     7.9924     8.0083   999.9062     12.348      8.514 0.0000e+00
      8.686      0.010   366.2163     1.0675      9.186 1.2367e-01     15.824     37.896  25.024557     2.4150     7.9631     8.0136   999.9059     12.353      8.517 0.0000e+00
      8.691      0.009   366.2937     1.0768      9.210 1.2370e-01     15.825     37.916  25.036089     2.4303     7.9509     8.0166   999.9058     12.363      8.524 0.0000e+00
      8.695      0.008   366.6192     1.0978      9.238 1.2370e-01     15.824     37.898  25.024557     2.4515     8.0157     8.0186   999.9057     12.370      8.529 0.0000e+00
