Data/DataNotYetUploadedToEDI/Raw_CTD/RawDownloads/050624_fcr50_S7809007.cnv
* Sea-Bird SBE19plus  Data File:
* FileName = C:\R\Reservoirs\Data\DataNotYetUploadedToEDI\Raw_CTD\RawDownloads\041524_bvr50_S7809_0007.hex
* Software version 2.8.0.119
* Temperature SN = 7809
* Conductivity SN = 7809
* System UpLoad Time = May 16 2024 15:26:26
* <ApplicationData>
* <Seaterm232>
# nquan = 15
# nvalues = 2448                        
# units = specified
# name 0 = depFM: Depth [fresh water, m]
# name 1 = dz/dtM: Descent Rate [m/s]
# name 2 = sbeox0Mg/L: Oxygen, SBE 43 [mg/l]
# name 3 = sbeox0PS: Oxygen, SBE 43 [% saturation]
# name 4 = specc: Specific Conductance [uS/cm]
# name 5 = c0uS/cm: Conductivity [uS/cm]
# name 6 = flECO-AFL: Fluorescence, WET Labs ECO-AFL/FL [mg/m^3]
# name 7 = ph: pH
# name 8 = orp: Oxidation Reduction Potential [mV]
# name 9 = par/sat/log: PAR/Logarithmic, Satlantic
# name 10 = turbWETntu0: Turbidity, WET Labs ECO [NTU]
# name 11 = prdM: Pressure, Strain Gauge [db]
# name 12 = prdE: Pressure, Strain Gauge [psi]
# name 13 = tv290C: Temperature [ITS-90, deg C]
# name 14 = flag:  0.000e+00
# span 0 =     -0.668,      9.495       
# span 1 =     -0.318,      3.533       
# span 2 =    -0.2206,    10.0548       
# span 3 =     -1.522,    100.987       
# span 4 =      0.403,    351.482       
# span 5 =   0.387588, 249.208062       
# span 6 =    -0.1367,    14.3830       
# span 7 =     -2.135,      7.845       
# span 8 = -1240.7455,   311.1537       
# span 9 = 1.2357e-01, 5.0502e+02       
# span 10 =     0.2838,   125.2719      
# span 11 =     -0.655,      9.314      
# span 12 =     -0.950,     13.508      
# span 13 =    10.4143,    23.1098      
# span 14 = 0.0000e+00, 0.0000e+00      
# interval = seconds: 0.25
# start_time = May 06 2024 12:28:02 [Instrument's time stamp, header]
# bad_flag = -9.990e-29
*END*
[from data line 386]
      0.444 1.7277e-07     5.8337     63.490     38.127  34.532746     3.9500      7.457   225.7360 2.0470e+02     6.5527      0.435      0.631    20.2906 0.0000e+00
      0.444 3.1674e-07     5.8062     63.338     38.157  34.560330     3.9719      7.457   225.7230 2.0493e+02     6.5812      0.436      0.633    20.2886 0.0000e+00
      0.444 1.7277e-07     5.7754     63.241     38.133  34.541872     3.9593      7.457   225.8112 2.0513e+02     6.5552      0.436      0.632    20.2853 0.0000e+00
      0.444 1.5706e-08     5.7534     63.222     38.081  34.499913     3.9646      7.458   225.9414 2.0519e+02     6.5121      0.435      0.631    20.2829 0.0000e+00
      0.444 1.4278e-09     5.7403     63.262     38.073  34.497148     4.0017      7.457   226.0071 2.0522e+02     6.4361      0.436      0.632    20.2808 0.0000e+00
      0.444 1.2980e-10     5.7243     63.370     38.085  34.508443     4.0174      7.457   226.0033 2.0532e+02     6.3531      0.435      0.631    20.2814 0.0000e+00
      0.444 1.1800e-11     5.7132     63.520     38.090  34.509583     4.0049      7.457   225.9815 2.0544e+02     6.3290      0.435      0.631    20.2860 0.0000e+00
      0.444 1.0727e-12     5.7135     63.632     38.095  34.510923     3.9995      7.458   226.0008 2.0539e+02     6.4171      0.435      0.631    20.2942 0.0000e+00
      0.444 9.7520e-14     5.7143     63.692     38.114  34.524652     4.0110      7.459   225.9788 2.0533e+02     6.5647      0.435      0.631    20.3005 0.0000e+00
      0.444 8.8655e-15     5.7244     63.727     38.144  34.548683     4.0269      7.459   225.9742 2.0552e+02     6.6116      0.436      0.632    20.3007 0.0000e+00
      0.444 8.0595e-16     5.7433     63.741     38.146  34.547686     4.0253      7.460   226.1165 2.0564e+02     6.5400      0.436      0.632    20.2968 0.0000e+00
      0.444 7.3270e-17     5.7533     63.728     38.111  34.512595     4.0167      7.462   226.3229 2.0559e+02     6.4503      0.436      0.632    20.2917 0.0000e+00
      0.444 6.6610e-18     5.7578     63.724     38.105  34.505073     4.0229      7.462   226.4059 2.0569e+02     6.4155      0.435      0.631    20.2872 0.0000e+00
      0.444 6.0555e-19     5.7614     63.766     38.123  34.520174     4.0334      7.462   226.3452 2.0586e+02     6.4266      0.436      0.632    20.2827 0.0000e+00
      0.444 5.5050e-20     5.7645     63.864     38.107  34.504846     4.0349      7.461   226.3633 2.0591e+02     6.4139      0.436      0.632    20.2778 0.0000e+00
      0.444 5.0045e-21     5.7618     64.013     38.113  34.510079     4.0250      7.461   226.5380 2.0591e+02     6.3989      0.436      0.632    20.2739 0.0000e+00
      0.444 4.5494e-22     5.7606     64.227     38.126  34.520001     4.0143      7.462   226.6508 2.0601e+02     6.4837      0.436      0.632    20.2708 0.0000e+00
      0.444 4.1358e-23     5.7642     64.503     38.105  34.497918     4.0133      7.464   226.6087 2.0617e+02     6.6192      0.436      0.632    20.2685 0.0000e+00
      0.444 3.7590e-24     5.7740     64.864     38.108  34.496846     4.0209      7.464   226.5456 2.0627e+02     6.6712      0.436      0.633    20.2691 0.0000e+00
      0.444 3.3146e-25     5.7859     65.325     38.123  34.507036     4.0224      7.464   226.5766 2.0627e+02     6.6346      0.436      0.632    20.2698 0.0000e+00
      0.444 -8.278e-26     5.8065     65.800     38.113  34.494235     4.0066      7.464   226.7248 2.0632e+02     6.5862      0.436      0.632    20.2662 0.0000e+00
      0.444 -1.250e-24     5.8321     66.237     38.090  34.468952     4.0048      7.465   226.8745 2.0649e+02     6.5979      0.436      0.632    20.2612 0.0000e+00
      0.444 -1.378e-23     5.8613     66.618     38.080  34.455118     4.0258      7.466   226.9240 2.0664e+02     6.6399      0.436      0.632    20.2568 0.0000e+00
      0.444 -1.515e-22     5.9103     66.957     38.084  34.453861     4.0358      7.466   226.8076 2.0670e+02     6.6499      0.436      0.632    20.2517 0.0000e+00
      0.444 -1.667e-21     5.9535     67.309     38.087  34.453748     4.0264      7.466   226.6725 2.0678e+02     6.6163      0.436      0.632    20.2483 0.0000e+00
      0.444 -1.834e-20     5.9944     67.670     38.090  34.453749     4.0123      7.467   226.6670 2.0683e+02     6.5747      0.437      0.633    20.2432 0.0000e+00
      0.444 -2.017e-19     6.0309     68.035     38.090  34.453861     4.0145      7.468   226.7407 2.0687e+02     6.5920      0.436      0.632    20.2345 0.0000e+00
      0.444 -2.219e-18     6.0573     68.427     38.082  34.455098     4.0284      7.468   226.8746 2.0693e+02     6.6549      0.436      0.632    20.2297 0.0000e+00
      0.444 -2.441e-17     6.0921     68.844     38.082  34.468721     4.0389      7.468   226.9955 2.0703e+02     6.6519      0.436      0.632    20.2261 0.0000e+00
      0.444 -2.685e-16     6.1249     69.278     38.095  34.491704     4.0504      7.468   226.9972 2.0730e+02     6.5548      0.437      0.633    20.2228 0.0000e+00
      0.444 -2.953e-15     6.1570     69.704     38.073  34.479223     4.0589      7.468   226.8953 2.0755e+02     6.5053      0.436      0.632    20.2189 0.0000e+00
      0.444 -3.248e-14     6.1923     70.122     38.024  34.444711     4.0656      7.468   226.8824 2.0759e+02     6.5666      0.436      0.632    20.2267 0.0000e+00
      0.444 -3.573e-13     6.2263     70.590     38.030  34.455111     4.0656      7.468   226.9284 2.0766e+02     6.5782      0.436      0.632    20.2545 0.0000e+00
      0.444 -3.930e-12     6.2654     71.185     38.056  34.478086     4.0420      7.469   226.9353 2.0773e+02     6.4410      0.436      0.632    20.2677 0.0000e+00
      0.444 -4.324e-11     6.3036     71.920     38.039  34.468715     4.0135      7.470   227.0511 2.0777e+02     6.3080      0.436      0.633    20.2715 0.0000e+00
      0.444 -4.756e-10     6.3371     72.803     38.023  34.468703     4.0045      7.471   227.2106 2.0782e+02     6.3025      0.436      0.632    20.2915 0.0000e+00
      0.444 -5.231e-09     6.3742     73.871     38.021  34.477957     4.0243      7.471   227.2286 2.0782e+02     6.4425      0.436      0.633    20.3020 0.0000e+00
      0.444 -5.755e-08     6.4300     75.023     37.993  34.453734     4.0618      7.471   227.1827 2.0779e+02     6.6344      0.436      0.632    20.2891 0.0000e+00
      0.444 -1.055e-07     6.4967     75.994     37.971  34.429605     4.0744      7.472   227.1721 2.0784e+02     6.6755      0.436      0.632    20.2957 0.0000e+00
      0.445 -5.755e-08     6.5685     76.641     37.987  34.439997     4.0603      7.472   227.1859 2.0803e+02     6.5985      0.436      0.633    20.3260 0.0000e+00
      0.445 -5.230e-09     6.6659     77.027     38.007  34.452487     4.0500      7.472   227.2639 2.0814e+02     6.5571      0.436      0.633    20.3407 0.0000e+00
      0.445 -4.755e-10     6.7814     77.160     38.014  34.453716     4.0575      7.472   227.4274 2.0819e+02     6.5842      0.436      0.633    20.3394 0.0000e+00
      0.444 -4.252e-11     6.8768     77.012     38.024  34.454851     4.0756      7.473   227.6131 2.0839e+02     6.6531      0.436      0.632    20.3323 0.0000e+00
      0.444 3.9289e-12     6.9287     76.649     38.048  34.466198     4.0771      7.474   227.6162 2.0855e+02     6.6721      0.436      0.632    20.3250 0.0000e+00
      0.444 8.6096e-11     6.9661     76.159     38.056  34.464007     4.0682      7.474   227.5511 2.0854e+02     6.6092      0.436      0.632    20.3191 0.0000e+00
      0.444 9.5095e-10     6.9817     75.585     38.024  34.428343     4.0851      7.474   227.6004 2.0849e+02     6.5764      0.436      0.633    20.3118 0.0000e+00
      0.444 1.0461e-08     6.9658     74.950     38.015  34.415654     4.1234      7.474   227.5242 2.0851e+02     6.5834      0.436      0.632    20.3034 0.0000e+00
      0.444 1.1507e-07     6.9321     74.306     38.045  34.437477     4.1484      7.475   227.5759 2.0864e+02     6.5910      0.436      0.632    20.2883 0.0000e+00
      0.444 2.1096e-07     6.8882     73.658     38.051  34.438414     4.1449      7.477   227.8817 2.0873e+02     6.6345      0.437      0.633    20.2727 0.0000e+00
      0.444 1.1507e-07     6.8387     72.986     38.042  34.426972     4.1234      7.477   228.0373 2.0861e+02     6.6649      0.436      0.632    20.2666 0.0000e+00
      0.444 1.0461e-08     6.7774     72.313     38.044  34.426026     4.1218      7.477   227.9952 2.0850e+02     6.6852      0.436      0.632    20.2622 0.0000e+00
      0.444 9.5100e-10     6.7216     71.686     38.047  34.426971     4.1414      7.478   227.8887 2.0858e+02     6.6752      0.436      0.633    20.2542 0.0000e+00
      0.444 8.6455e-11     6.6645     71.091     38.061  34.438395     4.1442      7.478   228.0403 2.0866e+02     6.6125      0.436      0.632    20.2475 0.0000e+00
      0.444 7.8595e-12     6.6039     70.488     38.059  34.437250     4.1307      7.478   228.4514 2.0880e+02     6.5757      0.436      0.632    20.2432 0.0000e+00
      0.444 7.1450e-13     6.5407     69.891     38.032  34.413140     4.1202      7.479   228.6437 2.0910e+02     6.5718      0.436      0.632    20.2397 0.0000e+00
      0.444 6.4955e-14     6.4849     69.308     38.018  34.400660     4.1248      7.479   228.6445 2.0915e+02     6.5996      0.436      0.632    20.2369 0.0000e+00
      0.444 5.9050e-15     6.4345     68.746     38.033  34.413253     4.1367      7.479   228.6334 2.0889e+02     6.6381      0.436      0.633    20.2361 0.0000e+00
      0.444 5.3680e-16     6.3771     68.233     38.063  34.438508     4.1470      7.480   228.5090 2.0881e+02     6.6277      0.436      0.632    20.2369 0.0000e+00
      0.444 4.8800e-17     6.3239     67.789     38.079  34.452226     4.1582      7.480   228.5174 2.0900e+02     6.5763      0.436      0.633    20.2374 0.0000e+00
      0.444 4.4364e-18     6.2708     67.387     38.080  34.452225     4.1640      7.481   228.7351 2.0907e+02     6.5629      0.436      0.632    20.2376 0.0000e+00
      0.445 4.0331e-19     6.2191     67.000     38.065  34.438498     4.1756      7.481   228.9044 2.0896e+02     6.6029      0.437      0.633    20.2364 0.0000e+00
      0.445 3.6665e-20     6.1716     66.616     38.037  34.413139     4.1902      7.481   229.0153 2.0894e+02     6.6155      0.437      0.633    20.2336 0.0000e+00
      0.445 3.3331e-21     6.1333     66.240     38.022  34.399403     4.1904      7.481   229.0430 2.0920e+02     6.5794      0.436      0.633    20.2326 0.0000e+00
      0.445 3.0301e-22     6.0980     65.908     38.022  34.399299     4.1861      7.481   228.9810 2.0942e+02     6.5756      0.437      0.633    20.2320 0.0000e+00
      0.445 2.7547e-23     6.0626     65.605     38.037  34.411882     4.1797      7.482   228.8677 2.0934e+02     6.6043      0.436      0.633    20.2309 0.0000e+00
      0.444 2.5042e-24     6.0293     65.294     38.051  34.424654     4.1795      7.483   228.8778 2.0919e+02     6.6193      0.436      0.632    20.2312 0.0000e+00
      0.444 2.2766e-25     5.9919     64.977     38.053  34.426837     4.2009      7.484   229.1038 2.0912e+02     6.6203      0.436      0.632    20.2318 0.0000e+00
      0.444 2.0696e-26     5.9633     64.705     38.066  34.438279     4.2304      7.484   229.2773 2.0910e+02     6.5812      0.436      0.632    20.2304 0.0000e+00
      0.445 1.8814e-27     5.9381     64.538     38.061  34.436094     4.2531      7.485   229.3412 2.0925e+02     6.5910      0.436      0.633    20.2297 0.0000e+00
      0.445 1.7104e-28     5.9092     64.455     38.013  34.400419     4.2668      7.486   229.3592 2.0955e+02     6.6709      0.436      0.633    20.2300 0.0000e+00
      0.445 1.5549e-29     5.8796     64.428     37.990  34.387626     4.2713      7.486   229.2374 2.0970e+02     6.6933      0.436      0.632    20.2306 0.0000e+00
      0.445 1.4137e-30     5.8508     64.476     38.009  34.408312     4.2580      7.486   229.0728 2.0964e+02     6.6566      0.436      0.634    20.2299 0.0000e+00
      0.445 1.3010e-31     5.8380     64.599     37.993  34.396767     4.2314      7.486   229.0030 2.0955e+02     6.6031      0.437      0.633    20.2301 0.0000e+00
      0.445 2.9189e-32     5.8305     64.782     37.966  34.374924     4.2234      7.487   229.0826 2.0971e+02     6.5925      0.436      0.632    20.2435 0.0000e+00
      0.445 1.9363e-31     5.8245     65.033     37.991  34.398003     4.2449      7.487   229.3461 2.0996e+02     6.6313      0.437      0.633    20.2562 0.0000e+00
      0.445 2.1184e-30     5.8292     65.342     38.021  34.422019     4.2661      7.487   229.3504 2.0991e+02     6.6276      0.436      0.632    20.2580 0.0000e+00
      0.445 2.3301e-29     5.8411     65.649     38.010  34.411515     4.2639      7.488   228.9625 2.0981e+02     6.5817      0.436      0.633    20.2627 0.0000e+00
      0.445 2.5631e-28     5.8556     65.916     37.989  34.397890     4.2516      7.489   228.7859 2.0986e+02     6.5552      0.436      0.633    20.2678 0.0000e+00
      0.445 2.8194e-27     5.8786     66.173     37.967  34.384179     4.2595      7.489   228.8498 2.0985e+02     6.5807      0.436      0.633    20.2679 0.0000e+00
      0.445 3.1014e-26     5.9096     66.463     37.952  34.372644     4.2924      7.489   229.0470 2.0971e+02     6.6161      0.437      0.634    20.2615 0.0000e+00
      0.445 3.4115e-25     5.9399     66.785     37.970  34.385314     4.3082      7.490   229.3630 2.0973e+02     6.5732      0.437      0.633    20.2582 0.0000e+00
      0.445 3.7527e-24     5.9614     67.142     38.005  34.410473     4.2922      7.490   229.2299 2.0979e+02     6.5062      0.436      0.633    20.2667 0.0000e+00
      0.445 4.1279e-23     5.9806     67.508     38.025  34.423050     4.2819      7.490   228.7274 2.0973e+02     6.5236      0.436      0.633    20.2796 0.0000e+00
      0.445 4.5407e-22     6.0081     67.884     38.015  34.410485     4.2923      7.490   228.5369 2.0983e+02     6.5782      0.437      0.633    20.2842 0.0000e+00
      0.445 4.9948e-21     6.0362     68.275     37.989  34.385429     4.3092      7.490   228.7319 2.0991e+02     6.6205      0.436      0.633    20.2756 0.0000e+00
      0.445 5.4943e-20     6.0722     68.657     37.979  34.373884     4.3121      7.490   229.0206 2.0986e+02     6.6255      0.436      0.633    20.2656 0.0000e+00
      0.445 6.0437e-19     6.1059     69.021     38.011  34.397788     4.3019      7.491   229.1881 2.0986e+02     6.5699      0.437      0.633    20.2579 0.0000e+00
      0.445 6.6481e-18     6.1391     69.364     38.039  34.420650     4.2862      7.493   229.1229 2.0996e+02     6.5284      0.436      0.633    20.2531 0.0000e+00
      0.445 7.3129e-17     6.1774     69.698     38.005  34.396528     4.2634      7.493   228.9205 2.1005e+02     6.5674      0.436      0.633    20.2518 0.0000e+00
      0.445 8.0442e-16     6.2105     70.042     37.955  34.359917     4.2509      7.493   228.8916 2.0999e+02     6.6315      0.437      0.633    20.2521 0.0000e+00
      0.445 8.8486e-15     6.2463     70.439     37.949  34.358668     4.2429      7.494   229.0317 2.0989e+02     6.6205      0.437      0.633    20.2420 0.0000e+00
      0.445 9.7335e-14     6.2768     70.901     37.969  34.381435     4.2172      7.494   229.0663 2.0989e+02     6.5715      0.437      0.633    20.2312 0.0000e+00
      0.445 1.0707e-12     6.3056     71.383     37.963  34.381424     4.1976      7.494   229.0516 2.0986e+02     6.5858      0.437      0.634    20.2488 0.0000e+00
      0.445 1.1778e-11     6.3325     71.878     37.935  34.358541     4.2066      7.495   229.1982 2.0977e+02     6.6225      0.436      0.633    20.2641 0.0000e+00
      0.445 1.2955e-10     6.3670     72.376     37.936  34.358542     4.2173      7.496   229.3758 2.0982e+02     6.6398      0.437      0.633    20.2626 0.0000e+00
