Data/DataNotYetUploadedToEDI/Raw_CTD/RawDownloads/050624_bvr50_S7809006.cnv
* Sea-Bird SBE19plus  Data File:
* FileName = C:\R\Reservoirs\Data\DataNotYetUploadedToEDI\Raw_CTD\RawDownloads\041524_bvr50_S7809_0006.hex
* Software version 2.8.0.119
* Temperature SN = 7809
* Conductivity SN = 7809
* System UpLoad Time = May 16 2024 15:25:24
* <ApplicationData>
* <Seaterm232>
# nquan = 15
# nvalues = 1682                        
# units = specified
# name 0 = depFM: Depth [fresh water, m]
# name 1 = dz/dtM: Descent Rate [m/s]
# name 2 = sbeox0Mg/L: Oxygen, SBE 43 [mg/l]
# name 3 = sbeox0PS: Oxygen, SBE 43 [% saturation]
# name 4 = specc: Specific Conductance [uS/cm]
# name 5 = c0uS/cm: Conductivity [uS/cm]
# name 6 = flECO-AFL: Fluorescence, WET Labs ECO-AFL/FL [mg/m^3]
# name 7 = ph: pH
# name 8 = orp: Oxidation Reduction Potential [mV]
# name 9 = par/sat/log: PAR/Logarithmic, Satlantic
# name 10 = turbWETntu0: Turbidity, WET Labs ECO [NTU]
# name 11 = prdM: Pressure, Strain Gauge [db]
# name 12 = prdE: Pressure, Strain Gauge [psi]
# name 13 = tv290C: Temperature [ITS-90, deg C]
# name 14 = flag:  0.000e+00
# span 0 =     -0.744,      9.786       
# span 1 =     -0.306,      0.257       
# span 2 =     0.0319,     9.7911       
# span 3 =      0.450,    107.127       
# span 4 =      0.237,    177.450       
# span 5 =   0.224571, 124.313281       
# span 6 =    -0.0912,    10.7070       
# span 7 =     -2.134,      8.292       
# span 8 = -1240.7455,   273.0397       
# span 9 = 1.2357e-01, 9.6198e+02       
# span 10 =    -0.2402,    56.5657      
# span 11 =     -0.730,      9.598      
# span 12 =     -1.059,     13.920      
# span 13 =     9.9735,    23.1496      
# span 14 = 0.0000e+00, 0.0000e+00      
# interval = seconds: 0.25
# start_time = May 06 2024 10:33:17 [Instrument's time stamp, header]
# bad_flag = -9.990e-29
*END*
[from data line 1157]
      8.493      0.095     7.2516     54.758     52.992  37.596825     0.3731      7.827    58.6410 1.2378e-01     6.1258      8.331     12.084    10.5105 0.0000e+00
      8.515      0.097     6.9795     51.933     53.305  37.809854     0.3921      7.825    57.5265 1.2382e-01     6.1401      8.352     12.114    10.5007 0.0000e+00
      8.533      0.095     6.7387     48.817     53.585  38.001978     0.4099      7.823    56.4560 1.2381e-01     6.1565      8.366     12.134    10.4909 0.0000e+00
      8.557      0.087     6.4298     45.070     53.970  38.269850     0.4057      7.821    55.2488 1.2375e-01     6.1188      8.388     12.165    10.4812 0.0000e+00
      8.587      0.080     6.1058     40.685     54.495  38.637198     0.3828      7.819    53.9428 1.2375e-01     6.0593      8.422     12.216    10.4709 0.0000e+00
      8.613      0.077     5.8086     35.667     54.947  38.953224     0.3748      7.817    52.7110 1.2375e-01     6.0522      8.453     12.260    10.4622 0.0000e+00
      8.627      0.077     5.4810     30.047     55.171  39.108213     0.3917      7.814    51.5410 1.2372e-01     6.1009      8.464     12.275    10.4571 0.0000e+00
      8.634      0.081     5.0578     24.294     55.452  39.305369     0.4116      7.809    50.3785 1.2370e-01     6.1363      8.464     12.276    10.4532 0.0000e+00
      8.648      0.086     4.5621     18.683     56.261  39.877361     0.4075      7.803    49.1515 1.2373e-01     6.1043      8.476     12.292    10.4480 0.0000e+00
      8.673      0.096     4.0215     13.383     57.328  40.629619     0.3835      7.796    47.8917 1.2378e-01     6.0901      8.503     12.332    10.4428 0.0000e+00
      8.706      0.106     3.3522      8.830     58.007  41.102284     0.3795      7.791    46.6761 1.2380e-01     6.1351      8.538     12.383    10.4400 0.0000e+00
      8.741      0.114     2.7069      5.226     58.272  41.276534     0.4007      7.785    45.2944 1.2385e-01     6.1705      8.573     12.434    10.4385 0.0000e+00
      8.773      0.114     2.0837      2.616     58.388  41.340134     0.4156      7.780    43.9186 1.2387e-01     6.1424      8.605     12.480    10.4379 0.0000e+00
      8.803      0.108     1.4585      1.079     58.540  41.426964     0.4096      7.776    42.9475 1.2380e-01     6.0675      8.634     12.523    10.4354 0.0000e+00
      8.828      0.099     0.9495      0.472     58.763  41.564733     0.4038      7.773    42.1573 1.2378e-01     6.0515      8.659     12.559    10.4280 0.0000e+00
      8.851      0.088     0.5484      0.450     58.938  41.672997     0.4122      7.771    41.1613 1.2383e-01     6.1191      8.679     12.589    10.4162 0.0000e+00
      8.872      0.078     0.2473      0.722     59.020  41.720430     0.4197      7.769    39.7663 1.2384e-01     6.1683      8.701     12.620    10.3996 0.0000e+00
      8.893      0.071     0.0823      1.113     59.077  41.757405     0.4274      7.767    38.0247 1.2379e-01     6.1678      8.722     12.650    10.3801 0.0000e+00
      8.909      0.070     0.0319      1.533     59.140  41.802704     0.4384      7.766    36.2800 1.2373e-01     6.1466      8.738     12.673    10.3631 0.0000e+00
      8.921      0.074     0.0397      1.913     59.169  41.823837     0.4451      7.764    34.9326 1.2374e-01     6.1507      8.748     12.688    10.3486 0.0000e+00
      8.934      0.081     0.0773      2.169     59.346  41.949454     0.4494      7.762    33.9510 1.2376e-01     6.1844      8.759     12.705    10.3393 0.0000e+00
      8.954      0.089     0.1234      2.232     60.131  42.496400     0.4573      7.759    33.0154 1.2375e-01     6.2120      8.778     12.731    10.3380 0.0000e+00
      8.980      0.095     0.1734      2.175     61.471  43.422520     0.4491      7.757    31.9661 1.2377e-01     6.2460      8.804     12.768    10.3395 0.0000e+00
      9.014      0.098     0.2179      2.145     62.520  44.133652     0.4083      7.755    30.8144 1.2378e-01     6.2875      8.839     12.820    10.3403 0.0000e+00
      9.047      0.098     0.2527      2.199     62.979  44.429594     0.3883      7.754    29.6733 1.2373e-01     6.3377      8.877     12.874    10.3418 0.0000e+00
      9.072      0.098     0.2556      2.322     63.416  44.715490     0.4068      7.752    28.7508 1.2369e-01     6.3747      8.900     12.909    10.3398 0.0000e+00
      9.087      0.097     0.2405      2.447     64.011  45.114644     0.4075      7.750    28.0926 1.2372e-01     6.3597      8.910     12.923    10.3202 0.0000e+00
      9.103      0.097     0.2373      2.529     64.509  45.446860     0.3893      7.747    27.4798 1.2378e-01     6.3271      8.923     12.941    10.2911 0.0000e+00
      9.129      0.097     0.2426      2.595     64.777  45.621669     0.3861      7.743    26.8483 1.2377e-01     6.3219      8.949     12.980    10.2696 0.0000e+00
      9.163      0.100     0.2614      2.685     64.996  45.768141     0.4018      7.739    26.1357 1.2369e-01     6.3651      8.987     13.034    10.2534 0.0000e+00
      9.193      0.104     0.2768      2.758     65.532  46.138616     0.4124      7.736    25.2310 1.2367e-01     6.4395      9.020     13.082    10.2373 0.0000e+00
      9.217      0.104     0.2853      2.772     66.307  46.672877     0.4066      7.732    24.0826 1.2369e-01     6.4024      9.039     13.110    10.2212 0.0000e+00
      9.239      0.101     0.2886      2.767     66.916  47.085515     0.3976      7.728    22.7471 1.2369e-01     6.2229      9.058     13.138    10.2098 0.0000e+00
      9.265      0.096     0.3021      2.755     67.179  47.255083     0.3876      7.725    21.4736 1.2375e-01     6.0804      9.084     13.176    10.2053 0.0000e+00
      9.293      0.093     0.3142      2.738     67.205  47.262881     0.3932      7.722    20.2148 1.2380e-01     6.0796      9.114     13.219    10.2028 0.0000e+00
      9.318      0.093     0.3105      2.727     67.366  47.370257     0.4159      7.718    18.7983 1.2380e-01     6.2128      9.140     13.256    10.1942 0.0000e+00
      9.338      0.095     0.3120      2.737     67.972  47.791483     0.4291      7.713    17.4233 1.2383e-01     6.3583      9.158     13.283    10.1794 0.0000e+00
      9.357      0.097     0.3096      2.752     68.697  48.292538     0.4188      7.707    16.3241 1.2379e-01     6.3712      9.174     13.306    10.1668 0.0000e+00
      9.380      0.099     0.3080      2.752     69.064  48.539700     0.3911      7.702    15.4024 1.2371e-01     6.2998      9.196     13.337    10.1591 0.0000e+00
      9.409      0.100     0.3052      2.739     69.374  48.748184     0.4022      7.697    14.4531 1.2370e-01     6.3149      9.226     13.381    10.1559 0.0000e+00
      9.439      0.100     0.3074      2.687     69.975  49.162463     0.4541      7.694    13.4501 1.2375e-01     6.4171      9.257     13.427    10.1546 0.0000e+00
      9.469      0.097     0.3112      2.631     70.539  49.548599     0.4771      7.690    12.4817 1.2381e-01     6.4431      9.286     13.469    10.1478 0.0000e+00
      9.494      0.089     0.3085      2.624     70.818  49.734239     0.4639      7.689    11.4340 1.2381e-01     6.3900      9.313     13.507    10.1374 0.0000e+00
      9.515      0.076     0.3114      2.644     70.950  49.819632     0.4442      7.687    10.0753 1.2373e-01     6.3552      9.333     13.536    10.1315 0.0000e+00
      9.532      0.062     0.3029      2.658     70.775  49.692123     0.4386      7.685     8.2712 1.2365e-01     6.3302      9.349     13.558    10.1274 0.0000e+00
      9.546      0.051     0.2925      2.646     70.173  49.271939     0.4460      7.683     6.3115 1.2369e-01     6.3266      9.363     13.579    10.1192 0.0000e+00
      9.557      0.046     0.2949      2.613     69.759  48.993388     0.4595      7.682     4.6218 1.2371e-01     6.3803      9.374     13.597    10.1106 0.0000e+00
      9.562      0.050     0.2978      2.588     70.008  49.181457     0.4846      7.680     3.1564 1.2371e-01     6.3984      9.379     13.603    10.1062 0.0000e+00
      9.566      0.057     0.3005      2.560     70.745  49.704546     0.6913      7.678     1.8435 1.2373e-01     6.5111      9.378     13.601    10.1014 0.0000e+00
      9.578      0.063     0.2995      2.480     71.423  50.174900     1.0779      7.676     0.3626 1.2376e-01     6.8207      9.387     13.615    10.1017 0.0000e+00
      9.603      0.067     0.2932      2.355     71.611  50.296731     1.3052      7.674    -1.4120 1.2376e-01     7.0681      9.415     13.655    10.1137 0.0000e+00
      9.632      0.068     0.2905      2.240     71.517  50.225144     1.4256      7.673    -3.0085 1.2371e-01     7.4864      9.449     13.705    10.1259 0.0000e+00
      9.656      0.064     0.2909      2.164     71.479  50.198305     2.4001      7.672    -4.1419 1.2366e-01    11.5373      9.474     13.741    10.1305 0.0000e+00
      9.669      0.054     0.2816      2.130     71.517  50.226205     4.1736      7.671    -4.8767 1.2369e-01    18.9501      9.484     13.755    10.1243 0.0000e+00
      9.675      0.041     0.2643      2.126     71.543  50.245002     5.1413      7.670    -5.6121 1.2372e-01    23.0560      9.487     13.760    10.1136 0.0000e+00
      9.681      0.029     0.2502      2.109     71.530  50.235082     5.2867      7.670    -6.5807 1.2375e-01    24.2207      9.494     13.770    10.1102 0.0000e+00
      9.687      0.023     0.2424      2.077     71.436  50.169764     5.9729      7.669    -7.5534 1.2377e-01    32.7596      9.500     13.778    10.1114 0.0000e+00
      9.692      0.020     0.2376      2.060     71.231  50.026717     7.1951      7.668    -8.3389 1.2377e-01    48.2442      9.505     13.785    10.1131 0.0000e+00
      9.696      0.020     0.2406      2.040     70.961  49.838949     7.8381      7.668    -9.1092 1.2374e-01    56.5657      9.509     13.791    10.1132 0.0000e+00
      9.701      0.019     0.2391      2.011     70.722  49.677383     7.7385      7.667    -9.9844 1.2371e-01    56.4131      9.513     13.796    10.1122 0.0000e+00
      9.706      0.018     0.2312      1.977     70.678  49.660645     5.9156      7.666   -10.9184 1.2374e-01    46.4668      9.518     13.805    10.1121 0.0000e+00
      9.711      0.017     0.2334      1.936     71.164  50.017565     2.5517      7.666   -11.9704 1.2376e-01    28.0922      9.524     13.814    10.1136 0.0000e+00
      9.715      0.017     0.2294      1.896     72.658  51.072015     0.7166      7.666   -13.0684 1.2375e-01    18.0252      9.528     13.819    10.1141 0.0000e+00
      9.719      0.017     0.2265      1.868     74.708  52.503931     0.5399      7.665   -14.1275 1.2378e-01    16.7730      9.531     13.823    10.1168 0.0000e+00
      9.723      0.017     0.2231      1.854     76.128  53.487241     0.3735      7.665   -15.1399 1.2378e-01    13.4296      9.535     13.829    10.1286 0.0000e+00
      9.727      0.018     0.2173      1.834     76.710  53.879946     0.0946      7.666   -15.9309 1.2376e-01     7.5249      9.539     13.835    10.1430 0.0000e+00
      9.732      0.018     0.2136      1.842     77.197  54.203701    -0.0524      7.666   -16.2054 1.2378e-01     4.3394      9.544     13.842    10.1474 0.0000e+00
      9.737      0.019     0.2080      1.874     78.877  55.369403    -0.0635      7.665   -16.3934 1.2380e-01     3.9833      9.549     13.850    10.1371 0.0000e+00
      9.742      0.020     0.2108      1.863     89.980  63.147489    -0.0655      7.665   -16.9999 1.2377e-01     2.9463      9.555     13.858    10.1276 0.0000e+00
      9.747      0.020     0.2046      1.808    126.464  88.703346    -0.0676      7.664   -17.6877 1.2372e-01     1.1259      9.559     13.863    10.1188 0.0000e+00
      9.752      0.020     0.2048      1.760    169.546 118.842472    -0.0719      7.663   -18.5150 1.2372e-01     0.1457      9.563     13.870    10.1039 0.0000e+00
      9.757      0.021     0.2147      1.738    177.450 124.313281    -0.0842      7.661   -19.6033 1.2377e-01     0.0448      9.569     13.879    10.0946 0.0000e+00
      9.763      0.021     0.2112      1.708    168.220 117.797732    -0.0912      7.659   -20.6937 1.2377e-01     0.5547      9.574     13.886    10.0926 0.0000e+00
      9.769      0.020     0.2037      1.672    174.667 122.266807    -0.0247      7.658   -21.8902 1.2371e-01     6.7552      9.580     13.894    10.0810 0.0000e+00
      9.774      0.017     0.1958      1.652    173.390 121.328581     0.1046      7.656   -23.5736 1.2375e-01    18.0698      9.586     13.902    10.0478 0.0000e+00
      9.779      0.010     0.1972      1.632    151.681 106.119489     0.1738      7.653   -25.3884 1.2378e-01    24.2580      9.591     13.910    10.0184 0.0000e+00
      9.783     -0.004     0.1935      1.620    130.666  91.431523     0.1877      7.650   -26.4528 1.2375e-01    25.0425      9.594     13.915    10.0114 0.0000e+00
      9.786     -0.026     0.1869      1.621    111.458  78.018129     0.3394      7.650   -26.7209 1.2376e-01    27.1446      9.598     13.920    10.0007 0.0000e+00
      9.783     -0.057     0.1874      1.604     89.845  62.923844     0.6258      7.651   -26.6510 1.2379e-01    30.8863      9.597     13.920     9.9802 0.0000e+00
      9.769     -0.102     0.1837      1.559     75.360  52.833711     0.7716      7.654   -26.6401 1.2379e-01    32.8443      9.584     13.901     9.9735 0.0000e+00
      9.742     -0.158     0.1818      1.515     69.295  48.655150     0.7790      7.659   -26.8468 1.2380e-01    32.4414      9.557     13.862     9.9838 0.0000e+00
      9.700     -0.217     0.1838      1.485     66.570  46.820188     0.7807      7.662   -27.3436 1.2380e-01    26.1857      9.519     13.806     9.9978 0.0000e+00
      9.638     -0.267     0.1831      1.481     65.229  45.948660     0.7597      7.664   -28.1725 1.2380e-01    14.6294      9.463     13.724    10.0126 0.0000e+00
      9.550     -0.298     0.1748      1.502     64.486  45.482095     0.7237      7.666   -28.8678 1.2381e-01     8.2764      9.372     13.592    10.0486 0.0000e+00
      9.445     -0.300     0.1702      1.513     63.820  45.051526     0.6953      7.666   -29.1250 1.2378e-01     7.7151      9.259     13.428    10.1057 0.0000e+00
      9.346     -0.273     0.1663      1.523     63.165  44.615115     0.7080      7.667   -29.3040 1.2373e-01     8.6290      9.161     13.287    10.1661 0.0000e+00
      9.265     -0.223     0.1639      1.543     62.563  44.204790     0.7611      7.668   -29.5689 1.2377e-01    10.4788      9.077     13.165    10.2233 0.0000e+00
      9.213     -0.161     0.1701      1.546     62.033  43.835596     0.8046      7.669   -29.8330 1.2375e-01    11.5319      9.019     13.081    10.2678 0.0000e+00
      9.196     -0.099     0.1697      1.528     61.578  43.515566     0.8097      7.670   -30.0881 1.2368e-01    11.8327      9.011     13.070    10.2977 0.0000e+00
      9.201     -0.047     0.1690      1.510     61.209  43.255271     0.7728      7.670   -30.2442 1.2372e-01    14.1495      9.025     13.090    10.3171 0.0000e+00
      9.205     -0.012     0.1744      1.509     60.990  43.100475     0.7158      7.670   -30.4298 1.2378e-01    18.4335      9.029     13.096    10.3281 0.0000e+00
      9.205      0.006     0.1738      1.502     60.996  43.103881     0.6869      7.670   -30.6972 1.2379e-01    20.8635      9.026     13.091    10.3318 0.0000e+00
      9.208      0.011     0.1715      1.490     61.183  43.232977     0.6989      7.670   -30.8964 1.2377e-01    21.4283      9.029     13.094    10.3315 0.0000e+00
      9.212      0.010     0.1674      1.498     61.505  43.455328     0.7102      7.670   -31.1168 1.2371e-01    24.3752      9.036     13.104    10.3319 0.0000e+00
      9.215      0.010     0.1697      1.513     61.860  43.697595     0.6986      7.670   -31.4697 1.2364e-01    29.7126      9.038     13.108    10.3319 0.0000e+00
      9.217      0.009     0.1692      1.506     62.129  43.877051     0.6826      7.670   -31.8941 1.2361e-01    32.6397      9.038     13.109    10.3312 0.0000e+00
