Data/DataNotYetUploadedToEDI/Raw_CTD/RawDownloads/050624_bvr50_S7809006.cnv
* Sea-Bird SBE19plus  Data File:
* FileName = C:\R\Reservoirs\Data\DataNotYetUploadedToEDI\Raw_CTD\RawDownloads\041524_bvr50_S7809_0006.hex
* Software version 2.8.0.119
* Temperature SN = 7809
* Conductivity SN = 7809
* System UpLoad Time = May 16 2024 15:25:24
* <ApplicationData>
* <Seaterm232>
# nquan = 15
# nvalues = 1682                        
# units = specified
# name 0 = depFM: Depth [fresh water, m]
# name 1 = dz/dtM: Descent Rate [m/s]
# name 2 = sbeox0Mg/L: Oxygen, SBE 43 [mg/l]
# name 3 = sbeox0PS: Oxygen, SBE 43 [% saturation]
# name 4 = specc: Specific Conductance [uS/cm]
# name 5 = c0uS/cm: Conductivity [uS/cm]
# name 6 = flECO-AFL: Fluorescence, WET Labs ECO-AFL/FL [mg/m^3]
# name 7 = ph: pH
# name 8 = orp: Oxidation Reduction Potential [mV]
# name 9 = par/sat/log: PAR/Logarithmic, Satlantic
# name 10 = turbWETntu0: Turbidity, WET Labs ECO [NTU]
# name 11 = prdM: Pressure, Strain Gauge [db]
# name 12 = prdE: Pressure, Strain Gauge [psi]
# name 13 = tv290C: Temperature [ITS-90, deg C]
# name 14 = flag:  0.000e+00
# span 0 =     -0.744,      9.786       
# span 1 =     -0.306,      0.257       
# span 2 =     0.0319,     9.7911       
# span 3 =      0.450,    107.127       
# span 4 =      0.237,    177.450       
# span 5 =   0.224571, 124.313281       
# span 6 =    -0.0912,    10.7070       
# span 7 =     -2.134,      8.292       
# span 8 = -1240.7455,   273.0397       
# span 9 = 1.2357e-01, 9.6198e+02       
# span 10 =    -0.2402,    56.5657      
# span 11 =     -0.730,      9.598      
# span 12 =     -1.059,     13.920      
# span 13 =     9.9735,    23.1496      
# span 14 = 0.0000e+00, 0.0000e+00      
# interval = seconds: 0.25
# start_time = May 06 2024 10:33:17 [Instrument's time stamp, header]
# bad_flag = -9.990e-29
*END*
[from data line 868]
      2.941      0.061     7.9031     80.583     30.674  25.664849     1.5783      8.257   229.8821 1.1473e+01     6.4136      2.884      4.183    16.9301 0.0000e+00
      2.959      0.058     7.9031     80.188     30.672  25.646934     1.4983      8.257   230.1269 1.1293e+01     6.3651      2.902      4.209    16.8976 0.0000e+00
      2.975      0.057     7.8878     79.961     30.919  25.805694     1.4443      8.257   230.3278 1.1142e+01     6.3134      2.918      4.233    16.8510 0.0000e+00
      2.989      0.058     7.8592     79.921     30.976  25.808618     1.4403      8.256   230.4186 1.1040e+01     6.3006      2.934      4.255    16.8270 0.0000e+00
      2.998      0.062     7.8146     79.972     30.841  25.682233     1.4588      8.256   230.6219 1.0967e+01     6.3477      2.941      4.265    16.8363 0.0000e+00
      3.007      0.067     7.7689     80.128     30.920  25.736197     1.4932      8.255   230.9794 1.0838e+01     6.3703      2.945      4.272    16.8344 0.0000e+00
      3.024      0.071     7.7633     80.439     30.973  25.763470     1.5313      8.253   231.2994 1.0588e+01     6.3340      2.962      4.296    16.7280 0.0000e+00
      3.051      0.074     7.7840     80.795     30.819  25.631443     1.5451      8.253   231.5650 1.0270e+01     6.3198      2.992      4.340    16.6202 0.0000e+00
      3.079      0.079     7.7840     81.110     30.866  25.661923     1.5517      8.253   231.6961 1.0017e+01     6.3347      3.022      4.385    16.6416 0.0000e+00
      3.099      0.081     7.7968     81.452     30.992  25.751483     1.5607      8.252   231.6793 9.8885e+00     6.3436      3.041      4.413    16.6232 0.0000e+00
      3.112      0.081     7.8431     81.782     30.848  25.636157     1.5552      8.252   231.6204 9.7784e+00     6.3255      3.049      4.424    16.5664 0.0000e+00
      3.127      0.080     7.8807     82.019     30.793  25.599331     1.5508      8.253   231.6734 9.5617e+00     6.3202      3.063      4.442    16.5869 0.0000e+00
      3.151      0.080     7.9039     82.306     30.909  25.686750     1.5587      8.253   231.8026 9.3052e+00     6.3823      3.091      4.482    16.5808 0.0000e+00
      3.177      0.081     7.9513     82.908     30.839  25.615003     1.5007      8.253   231.8057 9.0942e+00     6.3927      3.117      4.521    16.5167 0.0000e+00
      3.200      0.081     7.9862     83.929     30.779  25.556268     1.3655      8.253   231.7979 8.9003e+00     6.2408      3.139      4.553    16.5415 0.0000e+00
      3.220      0.079     7.9939     85.168     30.860  25.610772     1.2801      8.254   231.9659 8.7200e+00     6.0828      3.159      4.582    16.5881 0.0000e+00
      3.237      0.077     8.0188     86.303     30.840  25.576377     1.2760      8.254   232.2024 8.5668e+00     6.0893      3.174      4.603    16.5443 0.0000e+00
      3.254      0.075     8.0745     87.095     30.877  25.584313     1.2904      8.254   232.4211 8.4261e+00     6.1480      3.190      4.626    16.5212 0.0000e+00
      3.273      0.074     8.1852     87.425     31.046  25.706698     1.2796      8.253   232.7164 8.2707e+00     6.1427      3.210      4.656    16.5190 0.0000e+00
      3.293      0.071     8.3233     87.250     30.976  25.660876     1.2536      8.252   233.1059 8.0922e+00     6.1280      3.228      4.682    16.4912 0.0000e+00
      3.313      0.066     8.4464     86.572     30.794  25.537647     1.2428      8.252   233.5168 7.9195e+00     6.1067      3.248      4.710    16.4666 0.0000e+00
      3.334      0.061     8.5348     85.576     30.887  25.612000     1.2405      8.253   233.9845 7.7910e+00     6.1241      3.272      4.745    16.4295 0.0000e+00
      3.350      0.056     8.5768     84.615     30.997  25.672017     1.2345      8.253   234.6320 7.7154e+00     6.1676      3.289      4.770    16.3729 0.0000e+00
      3.358      0.055     8.5585     83.992     30.897  25.565658     1.2203      8.252   235.2360 7.6677e+00     6.1208      3.293      4.776    16.3963 0.0000e+00
      3.364      0.056     8.4678     83.813     30.869  25.530941     1.2016      8.251   235.6089 7.5984e+00     6.0710      3.296      4.779    16.4945 0.0000e+00
      3.375      0.060     8.3587     83.976     31.006  25.632765     1.1998      8.251   235.7844 7.4689e+00     6.1112      3.308      4.798    16.4797 0.0000e+00
      3.394      0.068     8.2690     84.296     31.053  25.655248     1.2154      8.251   235.7242 7.3035e+00     6.1630      3.327      4.825    16.3910 0.0000e+00
      3.416      0.077     8.2091     84.592     30.953  25.549085     1.2236      8.251   235.6547 7.1357e+00     6.1512      3.351      4.860    16.3624 0.0000e+00
      3.439      0.084     8.1986     84.687     30.918  25.490667     1.2152      8.251   235.7196 6.9639e+00     6.1050      3.374      4.893    16.3511 0.0000e+00
      3.461      0.088     8.2246     84.440     30.984  25.519645     1.1963      8.250   235.8199 6.7874e+00     6.1166      3.393      4.922    16.3343 0.0000e+00
      3.484      0.089     8.2660     83.815     30.997  25.518922     1.1868      8.249   236.0078 6.6246e+00     6.1889      3.417      4.955    16.3094 0.0000e+00
      3.506      0.088     8.3077     82.862     30.961  25.481915     1.1759      8.248   236.1839 6.4895e+00     6.1937      3.439      4.988    16.2717 0.0000e+00
      3.529      0.085     8.3322     81.667     30.948  25.452690     1.1478      8.247   236.2289 6.3670e+00     6.1408      3.460      5.019    16.2190 0.0000e+00
      3.553      0.080     8.3183     80.367     30.950  25.419220     1.1295      8.247   236.3803 6.2522e+00     6.1642      3.485      5.053    16.1663 0.0000e+00
      3.575      0.073     8.2558     79.075     31.084  25.457703     1.0963      8.248   236.6365 6.1603e+00     6.2713      3.508      5.088    16.1546 0.0000e+00
      3.594      0.065     8.1599     77.883     31.307  25.537386     1.0294      8.249   236.8320 6.0868e+00     6.3772      3.527      5.115    16.1583 0.0000e+00
      3.608      0.058     8.0420     76.857     31.359  25.494668     0.9866      8.249   237.1085 6.0396e+00     6.3853      3.539      5.133    16.1231 0.0000e+00
      3.618      0.052     7.9179     76.018     31.372  25.448452     0.9706      8.249   237.3129 6.0082e+00     6.3013      3.548      5.145    16.0791 0.0000e+00
      3.629      0.048     7.8042     75.425     31.491  25.485876     0.9767      8.249   237.3239 5.9475e+00     6.2155      3.558      5.160    15.9830 0.0000e+00
      3.641      0.048     7.7186     75.071     31.502  25.439732     1.0104      8.250   237.4147 5.8791e+00     6.1334      3.571      5.178    15.7592 0.0000e+00
      3.653      0.053     7.6425     74.836     31.510  25.397807     1.0284      8.250   237.6357 5.8301e+00     6.0597      3.583      5.197    15.6199 0.0000e+00
      3.665      0.060     7.5617     74.613     31.676  25.486252     1.0198      8.249   237.8449 5.7775e+00     6.0418      3.594      5.213    15.5721 0.0000e+00
      3.679      0.066     7.5211     74.399     31.710  25.494362     1.0145      8.249   237.9654 5.7171e+00     6.0877      3.605      5.229    15.4564 0.0000e+00
      3.697      0.070     7.5067     74.211     31.541  25.369003     1.0314      8.249   238.1462 5.6441e+00     6.1704      3.624      5.256    15.3640 0.0000e+00
      3.720      0.070     7.4966     74.032     31.546  25.365768     1.0410      8.248   238.3966 5.5393e+00     6.1880      3.648      5.290    15.3074 0.0000e+00
      3.744      0.066     7.4895     73.948     31.706  25.455245     1.0304      8.248   238.5840 5.4416e+00     6.1298      3.672      5.327    15.2108 0.0000e+00
      3.763      0.061     7.4725     74.027     31.740  25.436123     1.0282      8.249   238.7774 5.4047e+00     6.1162      3.694      5.358    15.1621 0.0000e+00
      3.775      0.056     7.4474     74.225     31.741  25.388186     1.0140      8.250   239.0129 5.3959e+00     6.1937      3.704      5.372    15.2332 0.0000e+00
      3.783      0.051     7.4246     74.567     31.795  25.382935     0.9752      8.250   239.2809 5.3853e+00     6.3158      3.709      5.380    15.2280 0.0000e+00
      3.792      0.050     7.4265     75.072     31.822  25.372571     0.9418      8.248   239.6099 5.3823e+00     6.3963      3.718      5.392    15.1319 0.0000e+00
      3.804      0.051     7.4509     75.646     31.865  25.389673     0.9105      8.246   239.9788 5.3662e+00     6.3817      3.729      5.409    15.0710 0.0000e+00
      3.818      0.052     7.4800     76.221     31.970  25.462848     0.8877      8.246   240.2137 5.3302e+00     6.3102      3.743      5.429    14.9928 0.0000e+00
      3.835      0.053     7.5272     76.743     32.023  25.496301     0.8826      8.246   240.3856 5.2918e+00     6.2493      3.761      5.455    14.8991 0.0000e+00
      3.853      0.051     7.5922     77.121     31.925  25.413631     0.8731      8.245   240.6805 5.2689e+00     6.1922      3.780      5.483    14.8535 0.0000e+00
      3.866      0.050     7.6547     77.333     31.858  25.351148     0.8568      8.244   240.9395 5.2647e+00     6.1318      3.793      5.502    14.8351 0.0000e+00
      3.875      0.050     7.7166     77.483     31.914  25.374989     0.8607      8.243   241.1083 5.2616e+00     6.1339      3.801      5.513    14.8183 0.0000e+00
      3.883      0.052     7.7763     77.618     31.887  25.321364     0.8952      8.243   241.1724 5.2500e+00     6.2179      3.807      5.521    14.8037 0.0000e+00
      3.893      0.057     7.8180     77.724     31.892  25.273491     0.9237      8.242   241.1120 5.2172e+00     6.2256      3.815      5.533    14.7989 0.0000e+00
      3.910      0.063     7.8325     77.834     32.110  25.366866     0.9229      8.242   241.1526 5.1614e+00     6.1238      3.833      5.560    14.7973 0.0000e+00
      3.930      0.067     7.8536     77.909     32.210  25.372145     0.9187      8.242   241.3200 5.0937e+00     6.1822      3.854      5.590    14.7527 0.0000e+00
      3.951      0.067     7.8786     77.878     32.055  25.210395     0.9316      8.241   241.4143 5.0161e+00     6.3860      3.873      5.619    14.7095 0.0000e+00
      3.973      0.064     7.8952     77.776     32.057  25.186818     0.9460      8.240   241.6043 4.9388e+00     6.4696      3.897      5.652    14.6458 0.0000e+00
      3.991      0.060     7.9355     77.736     32.280  25.340719     0.9420      8.238   241.9830 4.8976e+00     6.4069      3.918      5.682    14.4939 0.0000e+00
      4.001      0.059     7.9715     77.812     32.202  25.295466     0.9166      8.238   242.3795 4.8912e+00     6.3118      3.925      5.693    14.3545 0.0000e+00
      4.008      0.061     7.9742     77.941     31.962  25.147021     0.8636      8.237   242.7842 4.8596e+00     6.3095      3.927      5.697    14.3131 0.0000e+00
      4.019      0.066     7.9603     78.205     32.105  25.258225     0.8007      8.237   243.0051 4.7797e+00     6.3792      3.938      5.712    14.2947 0.0000e+00
      4.039      0.072     7.9654     78.790     32.194  25.308247     0.7641      8.237   243.1573 4.6766e+00     6.4032      3.960      5.743    14.2194 0.0000e+00
      4.063      0.080     7.9768     79.633     31.923  25.117621     0.7451      8.236   243.4199 4.5724e+00     6.3950      3.984      5.778    14.2403 0.0000e+00
      4.089      0.088     7.9621     80.559     31.886  25.109612     0.7373      8.235   243.5130 4.4822e+00     6.3825      4.011      5.818    14.3846 0.0000e+00
      4.112      0.093     7.9805     81.552     32.032  25.211449     0.7441      8.233   243.4225 4.4263e+00     6.3885      4.035      5.852    14.3572 0.0000e+00
      4.132      0.094     8.0652     82.628     31.957  25.143966     0.7534      8.233   243.3581 4.3756e+00     6.3993      4.050      5.873    14.2461 0.0000e+00
      4.155      0.093     8.1444     83.726     31.927  25.118101     0.7501      8.233   243.3366 4.2972e+00     6.3760      4.072      5.907    14.3470 0.0000e+00
      4.183      0.090     8.2238     84.693     31.989  25.152398     0.7545      8.234   243.3347 4.2210e+00     6.3810      4.103      5.951    14.4133 0.0000e+00
      4.209      0.088     8.3406     85.291     31.960  25.114704     0.7892      8.235   243.4216 4.1490e+00     6.4249      4.130      5.990    14.3253 0.0000e+00
      4.231      0.086     8.4511     85.347     31.965  25.106250     0.8039      8.234   243.5264 4.0848e+00     6.4284      4.150      6.020    14.3345 0.0000e+00
      4.250      0.082     8.5657     84.877     31.985  25.113582     0.7904      8.233   243.5684 4.0318e+00     6.3555      4.168      6.045    14.3491 0.0000e+00
      4.268      0.079     8.6825     83.989     31.947  25.076510     0.7509      8.233   243.6710 3.9732e+00     6.2609      4.185      6.070    14.3055 0.0000e+00
      4.288      0.079     8.7561     82.816     31.910  25.038512     0.6844      8.233   243.8210 3.9261e+00     6.2073      4.206      6.100    14.2868 0.0000e+00
      4.307      0.083     8.7625     81.524     31.914  25.034654     0.6600      8.232   243.8333 3.8847e+00     6.2188      4.225      6.128    14.2665 0.0000e+00
      4.327      0.088     8.7124     80.244     31.910  25.029844     0.6638      8.230   243.8202 3.8335e+00     6.2291      4.243      6.153    14.2542 0.0000e+00
      4.350      0.092     8.6195     79.082     31.856  24.980349     0.6640      8.229   244.0927 3.7680e+00     6.1960      4.264      6.184    14.2469 0.0000e+00
      4.376      0.096     8.4947     78.139     31.854  24.943553     0.6877      8.228   244.5477 3.6820e+00     6.1944      4.290      6.222    14.2279 0.0000e+00
      4.404      0.098     8.3608     77.459     31.966  24.965414     0.7168      8.227   244.7603 3.6126e+00     6.2091      4.320      6.265    14.2164 0.0000e+00
      4.431      0.098     8.2262     77.010     32.083  24.990922     0.7247      8.225   244.7707 3.5679e+00     6.2033      4.347      6.305    14.2151 0.0000e+00
      4.456      0.094     8.1011     76.706     32.158  24.998220     0.7168      8.224   244.8453 3.5109e+00     6.1929      4.370      6.338    14.2228 0.0000e+00
      4.480      0.088     8.0112     76.442     32.291  25.053592     0.7126      8.224   244.9742 3.4449e+00     6.2538      4.393      6.371    14.1755 0.0000e+00
      4.503      0.081     7.9663     76.167     32.402  25.089605     0.7157      8.223   245.0392 3.3965e+00     6.3928      4.418      6.408    14.0421 0.0000e+00
      4.521      0.075     7.9418     75.846     32.337  24.989679     0.7204      8.223   245.0291 3.3708e+00     6.4389      4.436      6.434    13.9331 0.0000e+00
      4.537      0.069     7.9279     75.477     32.335  24.923433     0.7203      8.223   245.0238 3.3428e+00     6.3672      4.449      6.452    13.8629 0.0000e+00
      4.555      0.064     7.9130     75.158     32.531  24.986133     0.7641      8.223   245.0606 3.3076e+00     6.3120      4.467      6.479    13.7958 0.0000e+00
      4.572      0.063     7.9011     74.956     32.632  24.986682     0.8831      8.223   245.2156 3.2805e+00     6.3515      4.486      6.506    13.7073 0.0000e+00
      4.586      0.066     7.8814     74.802     32.631  24.929982     0.9698      8.222   245.4358 3.2535e+00     6.4353      4.498      6.524    13.6426 0.0000e+00
      4.599      0.073     7.8506     74.617     32.703  24.934685     0.9725      8.220   245.5726 3.2134e+00     6.4367      4.508      6.538    13.5645 0.0000e+00
      4.614      0.080     7.8444     74.392     32.727  24.916655     0.8489      8.218   245.6645 3.1504e+00     6.3682      4.522      6.559    13.3869 0.0000e+00
      4.637      0.087     7.8489     74.105     32.652  24.838780     0.6400      8.218   245.7733 3.0707e+00     6.3594      4.544      6.592    13.2641 0.0000e+00
