Data/DataNotYetUploadedToEDI/Raw_CTD/RawDownloads/050624_fcr50_S7809007.cnv
* Sea-Bird SBE19plus  Data File:
* FileName = C:\R\Reservoirs\Data\DataNotYetUploadedToEDI\Raw_CTD\RawDownloads\041524_bvr50_S7809_0007.hex
* Software version 2.8.0.119
* Temperature SN = 7809
* Conductivity SN = 7809
* System UpLoad Time = May 16 2024 15:26:26
* <ApplicationData>
* <Seaterm232>
# nquan = 15
# nvalues = 2448                        
# units = specified
# name 0 = depFM: Depth [fresh water, m]
# name 1 = dz/dtM: Descent Rate [m/s]
# name 2 = sbeox0Mg/L: Oxygen, SBE 43 [mg/l]
# name 3 = sbeox0PS: Oxygen, SBE 43 [% saturation]
# name 4 = specc: Specific Conductance [uS/cm]
# name 5 = c0uS/cm: Conductivity [uS/cm]
# name 6 = flECO-AFL: Fluorescence, WET Labs ECO-AFL/FL [mg/m^3]
# name 7 = ph: pH
# name 8 = orp: Oxidation Reduction Potential [mV]
# name 9 = par/sat/log: PAR/Logarithmic, Satlantic
# name 10 = turbWETntu0: Turbidity, WET Labs ECO [NTU]
# name 11 = prdM: Pressure, Strain Gauge [db]
# name 12 = prdE: Pressure, Strain Gauge [psi]
# name 13 = tv290C: Temperature [ITS-90, deg C]
# name 14 = flag:  0.000e+00
# span 0 =     -0.668,      9.495       
# span 1 =     -0.318,      3.533       
# span 2 =    -0.2206,    10.0548       
# span 3 =     -1.522,    100.987       
# span 4 =      0.403,    351.482       
# span 5 =   0.387588, 249.208062       
# span 6 =    -0.1367,    14.3830       
# span 7 =     -2.135,      7.845       
# span 8 = -1240.7455,   311.1537       
# span 9 = 1.2357e-01, 5.0502e+02       
# span 10 =     0.2838,   125.2719      
# span 11 =     -0.655,      9.314      
# span 12 =     -0.950,     13.508      
# span 13 =    10.4143,    23.1098      
# span 14 = 0.0000e+00, 0.0000e+00      
# interval = seconds: 0.25
# start_time = May 06 2024 12:28:02 [Instrument's time stamp, header]
# bad_flag = -9.990e-29
*END*
[from data line 1543]
      2.819      0.057     7.3883     77.486     39.039  32.256189    11.2772      7.784   260.2895 2.5564e+01     6.6587      2.761      4.004    16.8974 0.0000e+00
      2.839      0.059     7.4335     78.004     39.044  32.144747    11.6019      7.785   260.3648 2.5017e+01     6.5999      2.786      4.040    16.7704 0.0000e+00
      2.859      0.061     7.4855     78.682     39.054  32.037873    11.7749      7.786   260.8209 2.4633e+01     6.5209      2.807      4.071    16.6066 0.0000e+00
      2.873      0.061     7.5386     79.436     39.048  31.915431    11.8201      7.787   261.3299 2.4347e+01     6.5567      2.817      4.086    16.4496 0.0000e+00
      2.885      0.059     7.5895     80.142     39.046  31.806071    12.1398      7.788   261.5286 2.4016e+01     6.6580      2.828      4.103    16.3142 0.0000e+00
      2.900      0.055     7.6673     80.740     38.974  31.667052    12.7188      7.788   260.9867 2.3659e+01     6.6865      2.845      4.126    16.1576 0.0000e+00
      2.914      0.054     7.7585     81.188     38.931  31.566667    13.0287      7.789   260.1119 2.3328e+01     6.6625      2.859      4.146    16.0173 0.0000e+00
      2.928      0.055     7.8658     81.409     38.905  31.480369    13.0402      7.789   259.9866 2.3025e+01     6.6067      2.871      4.164    15.8623 0.0000e+00
      2.940      0.055     7.9630     81.370     38.713  31.257925    13.0247      7.790   260.2456 2.2750e+01     6.5241      2.883      4.182    15.7052 0.0000e+00
      2.954      0.055     8.0377     81.116     38.600  31.097317    12.9239      7.792   260.4038 2.2426e+01     6.5176      2.895      4.199    15.6187 0.0000e+00
      2.970      0.055     8.1004     80.777     38.549  30.997437    12.7292      7.792   260.6091 2.2071e+01     6.5621      2.913      4.225    15.5401 0.0000e+00
      2.986      0.054     8.1374     80.472     38.305  30.748003    12.6101      7.792   260.4042 2.1756e+01     6.5503      2.929      4.249    15.4533 0.0000e+00
      2.999      0.054     8.1479     80.282     38.147  30.555348    12.5986      7.792   259.7332 2.1460e+01     6.5116      2.941      4.266    15.3739 0.0000e+00
      3.011      0.054     8.1333     80.194     38.105  30.444185    12.6820      7.792   259.3800 2.1209e+01     6.4699      2.954      4.284    15.2698 0.0000e+00
      3.023      0.054     8.1093     80.182     38.030  30.291917    12.8278      7.792   259.4892 2.0969e+01     6.4216      2.964      4.299    15.1954 0.0000e+00
      3.036      0.055     8.0838     80.360     38.007  30.173160    12.8876      7.792   259.7631 2.0649e+01     6.3722      2.976      4.316    15.1444 0.0000e+00
      3.053      0.056     8.0813     80.766     38.016  30.086557    12.8723      7.793   260.0240 2.0312e+01     6.3161      2.995      4.343    15.0467 0.0000e+00
      3.069      0.057     8.0957     81.350     38.023  30.005894    12.8350      7.794   260.1481 2.0036e+01     6.3244      3.011      4.367    14.9514 0.0000e+00
      3.083      0.057     8.1047     82.059     37.983  29.895537    12.7774      7.796   260.1461 1.9766e+01     6.4034      3.022      4.384    14.8320 0.0000e+00
      3.097      0.057     8.1499     82.768     37.912  29.767064    12.7500      7.797   260.0854 1.9476e+01     6.4521      3.036      4.403    14.6799 0.0000e+00
      3.112      0.057     8.2155     83.388     37.861  29.657676    12.7208      7.798   260.1028 1.9235e+01     6.4346      3.052      4.427    14.5668 0.0000e+00
      3.126      0.058     8.2937     83.873     37.855  29.587766    12.5403      7.801   260.1845 1.9030e+01     6.4315      3.066      4.446    14.4499 0.0000e+00
      3.140      0.058     8.3944     84.140     37.888  29.556031    12.2568      7.802   260.3844 1.8796e+01     6.4834      3.078      4.464    14.3461 0.0000e+00
      3.155      0.057     8.4836     84.095     37.913  29.527631    12.1151      7.802   260.7131 1.8536e+01     6.4804      3.093      4.487    14.2557 0.0000e+00
      3.172      0.057     8.5685     83.897     37.926  29.498051    12.1084      7.803   261.0607 1.8302e+01     6.4295      3.113      4.515    14.1600 0.0000e+00
      3.187      0.057     8.6345     83.830     37.909  29.452065    12.2011      7.804   261.5765 1.8149e+01     6.4152      3.127      4.535    14.0734 0.0000e+00
      3.198      0.058     8.6860     83.961     37.896  29.415590    12.3785      7.804   262.1325 1.8017e+01     6.4100      3.135      4.547    13.9961 0.0000e+00
      3.211      0.059     8.6866     84.267     37.947  29.437592    12.4802      7.804   262.3618 1.7839e+01     6.4347      3.148      4.566    13.9343 0.0000e+00
      3.227      0.059     8.6578     84.667     37.991  29.464348    12.4988      7.804   262.4562 1.7637e+01     6.4407      3.165      4.590    13.8813 0.0000e+00
      3.244      0.058     8.6638     85.060     37.933  29.421932    12.5033      7.804   262.6719 1.7405e+01     6.3794      3.181      4.614    13.8399 0.0000e+00
      3.262      0.058     8.6811     85.408     37.862  29.368767    12.5593      7.803   262.5605 1.7163e+01     6.3427      3.199      4.640    13.8026 0.0000e+00
      3.277      0.056     8.7237     85.727     37.826  29.328982    12.6852      7.801   262.0552 1.6994e+01     6.3728      3.215      4.664    13.7789 0.0000e+00
      3.289      0.052     8.7686     85.797     37.766  29.258040    12.7692      7.800   262.1552 1.6874e+01     6.4353      3.226      4.679    13.7679 0.0000e+00
      3.300      0.047     8.8137     85.439     37.758  29.208725    12.7922      7.800   262.9096 1.6679e+01     6.4154      3.233      4.690    13.7768 0.0000e+00
      3.313      0.042     8.8375     84.939     37.801  29.176682    12.8967      7.801   263.4331 1.6474e+01     6.3029      3.250      4.713    13.7896 0.0000e+00
      3.326      0.039     8.8879     84.811     37.825  29.124257    13.1007      7.801   263.7526 1.6405e+01     6.3049      3.265      4.735    13.7688 0.0000e+00
      3.332      0.039     8.9142     85.220     37.847  29.082218    13.2272      7.801   264.0188 1.6372e+01     6.4398      3.267      4.738    13.7389 0.0000e+00
      3.338      0.040     8.8707     85.957     37.869  29.048910    13.2364      7.801   263.2103 1.6252e+01     6.4998      3.271      4.744    13.6920 0.0000e+00
      3.348      0.041     8.8170     87.089     37.914  29.038621    13.0875      7.801   261.8923 1.6113e+01     6.5175      3.282      4.762    13.5900 0.0000e+00
      3.359      0.044     8.8098     88.516     37.943  29.021201    12.8080      7.801   261.9348 1.5980e+01     6.5505      3.294      4.778    13.4868 0.0000e+00
      3.371      0.048     8.8952     89.813     37.912  28.965097    12.6619      7.802   262.6062 1.5786e+01     6.5584      3.305      4.794    13.4140 0.0000e+00
      3.386      0.051     8.9668     90.863     37.904  28.931106    12.6358      7.804   263.3852 1.5559e+01     6.6128      3.319      4.815    13.3494 0.0000e+00
      3.401      0.054     9.0990     91.752     37.935  28.927338    12.3093      7.806   264.3850 1.5387e+01     6.6278      3.337      4.839    13.2904 0.0000e+00
      3.413      0.058     9.2896     92.577     37.966  28.919512    11.6945      7.807   263.7673 1.5256e+01     6.5338      3.348      4.855    13.2340 0.0000e+00
      3.425      0.060     9.4303     93.438     38.006  28.899876    11.3610      7.808   262.0257 1.5079e+01     6.5010      3.356      4.867    13.1963 0.0000e+00
      3.441      0.063     9.5429     94.183     38.066  28.880151    11.3482      7.808   261.6539 1.4854e+01     6.5734      3.374      4.893    13.1623 0.0000e+00
      3.460      0.066     9.6455     94.633     38.137  28.871238    11.3818      7.807   262.1112 1.4628e+01     6.6236      3.395      4.924    13.1238 0.0000e+00
      3.477      0.068     9.7266     94.741     38.180  28.855466    11.4101      7.806   262.9089 1.4414e+01     6.6304      3.410      4.947    13.0931 0.0000e+00
      3.494      0.069     9.8419     94.358     38.179  28.816249    11.4154      7.805   264.2427 1.4184e+01     6.6206      3.424      4.967    13.0274 0.0000e+00
      3.513      0.067     9.9544     93.574     38.176  28.777608    11.4204      7.805   264.9027 1.3929e+01     6.6073      3.445      4.997    12.9304 0.0000e+00
      3.533      0.063    10.0118     92.603     38.206  28.768796    11.4457      7.805   264.0052 1.3710e+01     6.5722      3.467      5.028    12.8400 0.0000e+00
      3.549      0.060    10.0548     91.412     38.237  28.773098    11.6972      7.805   262.3394 1.3537e+01     6.4699      3.481      5.049    12.7796 0.0000e+00
      3.562      0.058    10.0162     90.040     38.245  28.766168    12.1636      7.806   261.7116 1.3377e+01     6.3614      3.493      5.067    12.7381 0.0000e+00
      3.574      0.057     9.9293     88.632     38.249  28.748425    12.4071      7.806   262.4375 1.3234e+01     6.3193      3.505      5.085    12.6857 0.0000e+00
      3.587      0.057     9.8461     87.164     38.285  28.748832    12.4193      7.805   263.6302 1.3076e+01     6.3698      3.516      5.100    12.6390 0.0000e+00
      3.601      0.061     9.7238     85.695     38.338  28.771056    12.4525      7.804   264.3447 1.2891e+01     6.4596      3.531      5.121    12.6175 0.0000e+00
      3.617      0.063     9.5648     84.246     38.347  28.763399    12.5172      7.804   264.5380 1.2721e+01     6.5176      3.548      5.146    12.6097 0.0000e+00
      3.635      0.061     9.4318     82.687     38.336  28.719674    12.5519      7.804   264.6770 1.2542e+01     6.5582      3.564      5.169    12.5839 0.0000e+00
      3.655      0.056     9.2799     81.089     38.366  28.686349    12.5396      7.805   264.8213 1.2346e+01     6.6097      3.584      5.197    12.5346 0.0000e+00
      3.674      0.049     9.1212     79.528     38.422  28.677540    12.5846      7.805   265.0780 1.2216e+01     6.6615      3.607      5.231    12.5124 0.0000e+00
      3.685      0.042     8.9841     78.078     38.467  28.676541    12.7049      7.805   265.3718 1.2177e+01     6.6385      3.618      5.247    12.5163 0.0000e+00
      3.689      0.037     8.8141     76.885     38.498  28.674226    12.7620      7.805   265.7056 1.2175e+01     6.5703      3.617      5.246    12.4676 0.0000e+00
      3.692      0.035     8.6634     75.963     38.493  28.649527    12.7759      7.806   266.1024 1.2155e+01     6.5886      3.619      5.248    12.3755 0.0000e+00
      3.698      0.038     8.5082     75.236     38.489  28.631600    12.9981      7.806   266.5561 1.2079e+01     6.6549      3.625      5.258    12.3064 0.0000e+00
      3.708      0.044     8.3501     74.660     38.524  28.647745    13.4016      7.806   267.0613 1.1938e+01     6.6884      3.635      5.272    12.2695 0.0000e+00
      3.723      0.050     8.2300     74.204     38.540  28.654436    13.6094      7.806   267.3926 1.1777e+01     6.6864      3.650      5.294    12.2373 0.0000e+00
      3.740      0.056     8.1405     73.789     38.535  28.649066    13.6122      7.805   267.6360 1.1647e+01     6.6300      3.668      5.320    12.2064 0.0000e+00
      3.757      0.059     8.0679     73.361     38.537  28.646238    13.6432      7.803   268.1971 1.1566e+01     6.6218      3.687      5.347    12.1892 0.0000e+00
      3.770      0.058     8.0066     72.826     38.526  28.620245    13.7107      7.803   268.9288 1.1485e+01     6.6906      3.697      5.362    12.1766 0.0000e+00
      3.784      0.055     7.9655     72.064     38.535  28.588488    13.7455      7.802   269.1703 1.1350e+01     6.6757      3.708      5.377    12.1710 0.0000e+00
      3.801      0.050     7.9201     71.116     38.585  28.579363    13.7475      7.802   269.1380 1.1234e+01     6.5776      3.730      5.409    12.1703 0.0000e+00
      3.815      0.045     7.8782     70.141     38.627  28.573287    13.7256      7.802   269.3991 1.1187e+01     6.5291      3.745      5.432    12.1690 0.0000e+00
      3.824      0.040     7.8307     69.230     38.665  28.578412    13.5985      7.801   269.7457 1.1142e+01     6.5340      3.749      5.438    12.1538 0.0000e+00
      3.833      0.035     7.7574     68.414     38.680  28.577872    13.3842      7.800   270.2312 1.1083e+01     6.5004      3.759      5.452    12.0956 0.0000e+00
      3.841      0.030     7.6583     67.745     38.672  28.566755    13.2487      7.799   270.8804 1.1062e+01     6.4298      3.768      5.467    12.0250 0.0000e+00
      3.845      0.028     7.5595     67.233     38.680  28.570849    13.1912      7.799   270.5408 1.1046e+01     6.3974      3.770      5.469    11.9761 0.0000e+00
      3.850      0.029     7.4661     66.823     38.664  28.563938    12.9229      7.799   269.3938 1.0985e+01     6.4511      3.774      5.474    11.9488 0.0000e+00
      3.857      0.030     7.3767     66.459     38.628  28.546629    12.4431      7.798   269.0582 1.0913e+01     6.5666      3.782      5.485    11.9357 0.0000e+00
      3.867      0.031     7.3048     66.102     38.638  28.551871    12.1843      7.798   269.2369 1.0841e+01     6.6669      3.791      5.498    11.9311 0.0000e+00
      3.877      0.031     7.2536     65.712     38.683  28.563878    12.1904      7.798   269.3172 1.0770e+01     6.6729      3.803      5.515    11.9264 0.0000e+00
      3.886      0.030     7.2108     65.302     38.721  28.564920    12.5502      7.797   269.9427 1.0721e+01     6.6393      3.813      5.530    11.9308 0.0000e+00
      3.893      0.028     7.1684     64.915     38.738  28.564440    13.2303      7.796   271.0354 1.0668e+01     6.6700      3.818      5.537    11.9534 0.0000e+00
      3.899      0.024     7.1321     64.567     38.725  28.558061    13.6134      7.796   270.9133 1.0596e+01     6.7031      3.823      5.544    11.9575 0.0000e+00
      3.904      0.021     7.0947     64.245     38.702  28.551231    13.6781      7.797   269.4991 1.0541e+01     6.6980      3.829      5.554    11.9213 0.0000e+00
      3.909      0.021     7.0565     63.990     38.684  28.545299    13.8632      7.797   268.7349 1.0507e+01     6.7101      3.834      5.561    11.8730 0.0000e+00
      3.913      0.024     7.0151     63.790     38.680  28.549771    14.1780      7.797   268.8153 1.0472e+01     6.7819      3.839      5.567    11.8566 0.0000e+00
      3.917      0.028     6.9796     63.563     38.644  28.541885    14.3545      7.797   269.5239 1.0422e+01     6.8820      3.841      5.570    11.8676 0.0000e+00
      3.922      0.033     6.9377     63.311     38.566  28.513398    14.3830      7.798   270.7642 1.0310e+01     6.8959      3.844      5.574    11.8847 0.0000e+00
      3.934      0.040     6.9077     63.082     38.551  28.522512    14.3809      7.798   271.2501 1.0155e+01     6.7791      3.857      5.595    11.8963 0.0000e+00
      3.948      0.048     6.8942     62.942     38.559  28.525247    14.3460      7.798   270.8383 1.0038e+01     6.6319      3.873      5.618    11.8936 0.0000e+00
      3.959      0.054     6.8622     62.897     38.539  28.483038    14.3102      7.795   270.6028 9.9398e+00     6.5847      3.882      5.630    11.9192 0.0000e+00
      3.973      0.057     6.8267     62.899     38.576  28.456143    14.3062      7.794   270.8132 9.8078e+00     6.6519      3.894      5.647    11.9715 0.0000e+00
      3.991      0.058     6.7937     62.966     38.679  28.453707    14.2725      7.794   271.2308 9.6445e+00     6.6937      3.914      5.677    12.0012 0.0000e+00
      4.008      0.058     6.7777     63.093     38.796  28.453495    13.6869      7.794   271.6937 9.4878e+00     6.6461      3.932      5.703    11.9977 0.0000e+00
      4.022      0.057     6.7842     63.225     38.894  28.453483    12.6107      7.793   272.1938 9.3548e+00     6.6225      3.945      5.722    11.9622 0.0000e+00
