Data/DataNotYetUploadedToEDI/Raw_CTD/RawDownloads/050823_fcr50_S8188006.cnv
* Sea-Bird SBE19plus  Data File:
* FileName = C:\R\Reservoirs\Data\DataNotYetUploadedToEDI\Raw_CTD\RawDownloads\042423_bvr50_S8188_0006.hex
* Software version 2.8.0.119
* Temperature SN = 8188
* Conductivity SN = 8188
* System UpLoad Time = May 11 2023 10:39:50
* <ApplicationData>
* <Seaterm232>
# nquan = 16
# nvalues = 915                         
# units = specified
# name 0 = depFM: Depth [fresh water, m]
# name 1 = dz/dtM: Descent Rate [m/s]
# name 2 = sbeox0Mg/L: Oxygen, SBE 43 [mg/l]
# name 3 = sbeox0PS: Oxygen, SBE 43 [% saturation]
# name 4 = specc: Specific Conductance [uS/cm]
# name 5 = c0uS/cm: Conductivity [uS/cm]
# name 6 = wetCDOM: Fluorescence, WET Labs CDOM [mg/m^3]
# name 7 = flECO-AFL: Fluorescence, WET Labs ECO-AFL/FL [mg/m^3]
# name 8 = flECO-AFL1: Fluorescence, WET Labs ECO-AFL/FL, 2 [mg/m^3]
# name 9 = flECO-AFL2: Fluorescence, WET Labs ECO-AFL/FL, 3 [mg/m^3]
# name 10 = par/sat/log: PAR/Logarithmic, Satlantic
# name 11 = turbWETntu0: Turbidity, WET Labs ECO [NTU]
# name 12 = prdM: Pressure, Strain Gauge [db]
# name 13 = prdE: Pressure, Strain Gauge [psi]
# name 14 = tv290C: Temperature [ITS-90, deg C]
# name 15 = flag:  0.000e+00
# span 0 =     -0.694,      9.423       
# span 1 =     -0.631,      0.121       
# span 2 =    -2.4376,    15.1024       
# span 3 =    -21.314,    132.156       
# span 4 =      0.481,    173.843       
# span 5 =   0.509912, 119.611857       
# span 6 =    -4.9500,    23.5800       
# span 7 =    -1.0654,     5.5036       
# span 8 =    -2.3004,     3.4932       
# span 9 =    -7.4025,     8.5869       
# span 10 = 1.8694e-01, 2.9062e+03      
# span 11 =    -1.5657,   116.1804      
# span 12 =     -0.681,      9.241      
# span 13 =     -0.988,     13.402      
# span 14 =     9.4004,    27.9773      
# span 15 = 0.0000e+00, 0.0000e+00      
# interval = seconds: 0.25
# start_time = May 08 2023 12:51:36 [Instrument's time stamp, header]
# bad_flag = -9.990e-29
*END*
[from data line 91]
     -0.172      0.015     7.6562     80.384     37.788  34.221091     3.3300     2.4900     0.0426     0.8037 2.9741e+02     2.3572     -0.168     -0.244    20.6193 0.0000e+00
     -0.169      0.012     7.5733     81.017     37.781  34.170239     3.3300     2.4976     0.0426     0.8037 2.9975e+02     2.3722     -0.165     -0.240    20.5277 0.0000e+00
     -0.166      0.009     7.4496     82.746     37.785  34.140309     3.3300     2.5052     0.0426     0.8460 3.3876e+02     2.5225     -0.163     -0.237    20.4331 0.0000e+00
     -0.164      0.008     7.3214     84.943     37.798  34.127280     3.3300     2.5091     0.0426     0.8460 5.2168e+02     2.3572     -0.161     -0.234    20.3466 0.0000e+00
     -0.163      0.006     7.2677     87.003     37.819  34.131637     3.3300     2.5243     0.0426     0.8460 8.6649e+02     2.4474     -0.160     -0.232    20.2742 0.0000e+00
     -0.161      0.005     7.3338     88.522     37.853  34.158503     3.3300     2.4938     0.0426     0.8460 1.1774e+03     2.4624     -0.158     -0.230    20.2165 0.0000e+00
     -0.160      0.004     7.4973     89.226     37.899  34.203159     3.3300     2.5052     0.0426     0.8037 1.0245e+03     2.4624     -0.157     -0.228    20.1716 0.0000e+00
     -0.159      0.004     7.7014     88.879     37.946  34.251769     3.3300     2.5129     0.0426     0.8037 5.8181e+02     2.5225     -0.156     -0.227    20.1392 0.0000e+00
     -0.159      0.003     7.8910     87.430     37.978  34.289572     3.3300     2.5281     0.0426     0.8037 5.1425e+02     2.3722     -0.156     -0.226    20.1207 0.0000e+00
     -0.158      0.003     8.0296     85.244     37.981  34.300902     3.3300     2.5091     0.0426     0.8037 5.8017e+02     2.4023     -0.155     -0.225    20.1151 0.0000e+00
     -0.157      0.002     8.0928     82.932     37.954  34.284822     3.3300     2.5091     0.0852     0.8037 3.9083e+02     2.4474     -0.154     -0.224    20.1190 0.0000e+00
     -0.157      0.002     8.0599     80.979     37.917  34.256848     3.3300     2.5014     0.0852     0.8037 3.2470e+02     2.4173     -0.154     -0.223    20.1279 0.0000e+00
     -0.156      0.002     7.9268     79.558     37.881  34.225364     3.3300     2.5167     0.0852     0.8037 4.1435e+02     2.3873     -0.153     -0.222    20.1391 0.0000e+00
     -0.156      0.002     7.7268     78.586     37.848  34.191876     3.3300     2.4938     0.0852     0.8037 3.6608e+02     2.3722     -0.153     -0.222    20.1508 0.0000e+00
     -0.155      0.002     7.5156     77.888     37.821  34.159337     3.3300     2.5167     0.0852     0.8037 5.2727e+02     2.4925     -0.152     -0.221    20.1614 0.0000e+00
     -0.155      0.001     7.3374     77.315     37.800  34.128969     3.3300     2.5014     0.0852     0.8037 4.3436e+02     2.3722     -0.152     -0.220    20.1688 0.0000e+00
     -0.154      0.001     7.2084     76.789     37.783  34.100598     3.3300     2.4442     0.0852     0.8037 9.5571e+02     2.3722     -0.151     -0.220    20.1706 0.0000e+00
     -0.154      0.001     7.1210     76.270     37.772  34.078537     3.3300     2.4518     0.0852     0.8037 6.0383e+02     2.4323     -0.151     -0.219    20.1656 0.0000e+00
     -0.154      0.001     7.0592     75.772     37.769  34.064824     3.3300     2.4137     0.0852     0.8037 6.9680e+02     2.5075     -0.151     -0.219    20.1543 0.0000e+00
     -0.154      0.001     7.0094     75.404     37.768  34.055804     3.2400     2.4480     0.0426     0.6768 5.4592e+02     2.4474     -0.151     -0.219    20.1391 0.0000e+00
     -0.153      0.001     6.9639     75.351     37.768  34.049069     3.2400     2.3908     0.0426     0.6768 3.9647e+02     2.4323     -0.150     -0.218    20.1224 0.0000e+00
     -0.153      0.000     6.9191     75.793     37.764  34.042825     3.2400     2.3603     0.0426     0.6768 3.7169e+02     2.3722     -0.150     -0.218    20.1061 0.0000e+00
     -0.153      0.000     6.8760     76.828     37.760  34.039365     3.2400     2.3794     0.0426     0.6768 3.1938e+02     2.4023     -0.150     -0.218    20.0917 0.0000e+00
     -0.153      0.000     6.8441     78.438     37.759  34.041728     3.3300     2.3794     0.0426     0.6768 3.1130e+02     2.4474     -0.150     -0.218    20.0801 0.0000e+00
     -0.153      0.000     6.8404     80.510     37.762  34.050544     3.3300     2.1924     0.0426     0.6768 3.1056e+02     2.4474     -0.150     -0.218    20.0721 0.0000e+00
     -0.153      0.000     6.8811     82.882     37.769  34.064205     3.3300     2.2229     0.0426     0.6768 3.4824e+02     2.4925     -0.150     -0.218    20.0682 0.0000e+00
     -0.153      0.000     6.9749     85.343     37.774  34.078431     3.3300     2.2001     0.0426     0.6768 4.8685e+02     2.3271     -0.150     -0.218    20.0686 0.0000e+00
     -0.153      0.000     7.1204     87.638     37.780  34.093056     3.4200     2.1848     0.0852     0.7614 5.0781e+02     2.4474     -0.150     -0.217    20.0728 0.0000e+00
     -0.153      0.000     7.3073     89.545     37.786  34.108021     3.4200     2.1886     0.0852     0.7614 9.5675e+02     2.3873     -0.150     -0.217    20.0803 0.0000e+00
     -0.153      0.000     7.5211     90.970     37.788  34.119395     3.4200     2.2039     0.0852     0.7614 6.3907e+02     2.4023     -0.150     -0.217    20.0907 0.0000e+00
     -0.152      0.000     7.7425     91.958     37.785  34.126249     3.4200     2.2001     0.0852     0.7614 1.1733e+03     2.5526     -0.149     -0.217    20.1030 0.0000e+00
     -0.152      0.001     7.9487     92.597     37.783  34.134373     3.4200     2.1886     0.0852     0.7614 5.6046e+02     2.3722     -0.149     -0.217    20.1160 0.0000e+00
     -0.152      0.001     8.1196     92.933     37.789  34.149895     3.3300     2.1428     0.0852     0.7191 2.9254e+02     2.3722     -0.149     -0.216    20.1288 0.0000e+00
     -0.152      0.001     8.2468     92.963     37.802  34.169034     3.3300     2.1238     0.0852     0.7191 2.8969e+02     2.4323     -0.149     -0.216    20.1415 0.0000e+00
     -0.152      0.001     8.3343     92.687     37.812  34.185009     3.3300     2.1390     0.0852     0.7191 2.8976e+02     2.4774     -0.149     -0.216    20.1544 0.0000e+00
     -0.151      0.001     8.3901     92.118     37.821  34.198122     3.3300     2.1390     0.0852     0.7191 2.9032e+02     2.5075     -0.148     -0.215    20.1675 0.0000e+00
     -0.151      0.001     8.4185     91.271     37.832  34.211869     3.2400     2.0742     0.0852     0.8883 2.9375e+02     2.4925     -0.148     -0.214    20.1798 0.0000e+00
     -0.150      0.001     8.4195     90.154     37.848  34.229917     3.2400     2.0742     0.0852     0.8883 3.8812e+02     2.4173     -0.147     -0.214    20.1904 0.0000e+00
     -0.150      0.001     8.3931     88.795     37.871  34.255096     3.2400     2.0780     0.0852     0.8883 6.9529e+02     2.3271     -0.147     -0.213    20.1990 0.0000e+00
     -0.150      0.001     8.3405     87.261     37.900  34.286201     3.2400     2.0551     0.0852     0.8883 1.1315e+03     2.4624     -0.147     -0.213    20.2058 0.0000e+00
     -0.149      0.001     8.2629     85.656     37.932  34.321624     3.3300     2.1123     0.0426     0.8037 7.8169e+02     2.4023     -0.146     -0.212    20.2113 0.0000e+00
     -0.149      0.001     8.1610     84.077     37.969  34.362889     3.3300     2.1314     0.0426     0.8037 4.1148e+02     2.4925     -0.146     -0.211    20.2162 0.0000e+00
     -0.149      0.001     8.0372     82.594     38.010  34.409120     3.3300     2.1543     0.0426     0.8037 3.6648e+02     2.4925     -0.146     -0.211    20.2214 0.0000e+00
     -0.148      0.001     7.8974     81.239     38.052  34.456802     3.3300     2.1276     0.0426     0.8037 4.8855e+02     2.4624     -0.145     -0.211    20.2276 0.0000e+00
     -0.148      0.001     7.7509     80.014     38.091  34.502806     3.3300     2.2191     0.0426     0.8460 7.4877e+02     2.4323     -0.145     -0.210    20.2358 0.0000e+00
     -0.147      0.001     7.6065     78.911     38.125  34.543558     3.3300     2.1924     0.0426     0.8460 8.0094e+02     2.4774     -0.144     -0.209    20.2461 0.0000e+00
     -0.147      0.002     7.4705     77.914     38.156  34.582004     3.3300     2.1848     0.0426     0.8460 6.5938e+02     2.4323     -0.144     -0.209    20.2582 0.0000e+00
     -0.146      0.002     7.3461     76.997     38.192  34.624436     3.3300     2.2001     0.0426     0.8460 4.8201e+02     2.5075     -0.144     -0.208    20.2714 0.0000e+00
     -0.146      0.002     7.2334     76.130     38.228  34.666326     3.3300     2.1505     0.0426     0.8460 4.3361e+02     2.3722     -0.143     -0.207    20.2850 0.0000e+00
     -0.146      0.001     7.1318     75.294     38.257  34.701021     3.3300     2.1238     0.0426     0.8460 4.4236e+02     2.4173     -0.143     -0.207    20.2984 0.0000e+00
     -0.145      0.001     7.0399     74.478     38.279  34.729851     3.3300     2.1390     0.0426     0.8460 4.4554e+02     2.4023     -0.142     -0.206    20.3115 0.0000e+00
     -0.145      0.001     6.9552     73.675     38.302  34.758525     3.3300     2.1428     0.0426     0.8460 4.0836e+02     2.3722     -0.142     -0.206    20.3241 0.0000e+00
     -0.145      0.002     6.8753     72.889     38.328  34.790729     3.3300     2.2001     0.0426     0.8460 3.4801e+02     2.5225     -0.142     -0.205    20.3361 0.0000e+00
     -0.144      0.002     6.7983     72.122     38.355  34.823167     3.3300     2.1695     0.0426     0.8460 3.1429e+02     2.3572     -0.142     -0.205    20.3476 0.0000e+00
     -0.144      0.002     6.7230     71.384     38.378  34.852607     3.3300     2.2039     0.0426     0.8460 3.2147e+02     2.4323     -0.141     -0.204    20.3588 0.0000e+00
     -0.143      0.002     6.6492     70.687     38.398  34.878978     3.3300     2.2077     0.0426     0.8460 3.4657e+02     2.4023     -0.141     -0.204    20.3697 0.0000e+00
     -0.143      0.002     6.5768     70.044     38.414  34.901393     3.3300     2.2229     0.0426     0.8460 3.4642e+02     2.3873     -0.140     -0.203    20.3805 0.0000e+00
     -0.142      0.003     6.5062     69.463     38.424  34.917906     3.3300     2.2268     0.0852     0.8460 3.3868e+02     2.4624     -0.139     -0.202    20.3912 0.0000e+00
     -0.141      0.004     6.4383     68.958     38.424  34.924999     3.3300     2.2573     0.0852     0.8460 4.1220e+02     2.4023     -0.139     -0.201    20.4018 0.0000e+00
     -0.140      0.005     6.3741     68.541     38.408  34.916642     3.3300     2.2497     0.0852     0.8460 5.1091e+02     2.4023     -0.138     -0.199    20.4123 0.0000e+00
     -0.139      0.006     6.3148     68.230     38.366  34.882686     3.3300     2.2229     0.0852     0.8460 6.1017e+02     2.3572     -0.137     -0.197    20.4226 0.0000e+00
     -0.137      0.008     6.2613     68.052     38.292  34.818037     3.3300     2.2344     0.0000     0.8883 6.4074e+02     2.3873     -0.135     -0.195    20.4324 0.0000e+00
     -0.135      0.010     6.2146     68.044     38.201  34.733181     3.3300     2.2497     0.0000     0.8883 5.5248e+02     2.4173     -0.133     -0.192    20.4416 0.0000e+00
     -0.133      0.012     6.1761     68.266     38.090  34.625295     3.3300     2.2611     0.0000     0.8883 4.3351e+02     2.4023     -0.131     -0.189    20.4496 0.0000e+00
     -0.130      0.014     6.1475     68.825     37.908  34.445804     3.3300     2.2420     0.0000     0.8883 3.6624e+02     2.6277     -0.127     -0.184    20.4555 0.0000e+00
     -0.125      0.016     6.1313     69.912     37.615  34.152787     3.3300     2.2649     0.0000     0.8883 4.2373e+02     2.7179     -0.123     -0.178    20.4582 0.0000e+00
     -0.121      0.018     6.1311     71.897     37.287  33.810692     3.4200     2.2458     0.0852     0.9729 4.3023e+02     2.6277     -0.118     -0.172    20.4558 0.0000e+00
     -0.116      0.019     6.1526     75.342     37.059  33.538212     3.4200     2.2382     0.0852     0.9729 3.2541e+02     2.6277     -0.114     -0.165    20.4465 0.0000e+00
     -0.111      0.021     6.2060     80.644     36.956  33.369618     3.4200     2.2229     0.0852     0.9729 3.1293e+02     2.3722     -0.109     -0.158    20.4272 0.0000e+00
     -0.106      0.022     6.3095     87.643     36.933  33.277771     3.4200     2.2573     0.0852     0.9729 3.1381e+02     2.4323     -0.104     -0.151    20.3917 0.0000e+00
     -0.100      0.024     6.4977     95.662     36.946  33.232233     3.3300     2.2802     0.0426     0.8037 2.0775e+02     2.4323     -0.098     -0.143    20.3311 0.0000e+00
     -0.094      0.026     6.8220    103.810     36.962  33.203035     3.3300     2.2420     0.0426     0.8037 3.4097e+02     2.3422     -0.092     -0.134    20.2434 0.0000e+00
     -0.087      0.029     7.3174    111.220     36.970  33.180409     3.3300     2.3069     0.0426     0.8037 2.8230e+02     2.6578     -0.086     -0.124    20.1418 0.0000e+00
     -0.080      0.032     7.9671    117.172     36.973  33.164263     3.3300     2.2954     0.0426     0.8037 2.2865e+02     2.6277     -0.079     -0.114    20.0463 0.0000e+00
     -0.072      0.036     8.7084    121.180     36.966  33.146329     3.4200     2.3145     0.0852     0.8037 2.3059e+02     2.6277     -0.070     -0.102    19.9682 0.0000e+00
     -0.062      0.041     9.4595    123.091     36.937  33.111924     3.4200     2.3107     0.0852     0.8037 2.2031e+02     2.6879     -0.061     -0.089    19.9100 0.0000e+00
     -0.052      0.047    10.1411    123.142     36.879  33.045933     3.4200     2.3946     0.0852     0.8037 2.1389e+02     2.8382     -0.050     -0.073    19.8700 0.0000e+00
     -0.039      0.053    10.6877    121.859     36.815  32.960464     3.4200     2.4022     0.0852     0.8037 2.1094e+02     2.7329     -0.038     -0.055    19.8447 0.0000e+00
     -0.024      0.059    11.0556    119.802     36.789  32.892132     3.4200     2.3603     0.0852     1.0152 2.2716e+02     2.5977     -0.024     -0.035    19.8292 0.0000e+00
     -0.008      0.064    11.2317    117.416     36.807  32.858357     3.4200     2.3717     0.0852     1.0152 2.0184e+02     2.6879     -0.008     -0.012    19.8170 0.0000e+00
      0.010      0.067    11.2397    115.024     36.839  32.846168     3.4200     2.4022     0.0852     1.0152 2.0690e+02     2.6578      0.010      0.014    19.7983 0.0000e+00
      0.028      0.069    11.1305    112.828     36.856  32.836468     3.4200     2.3641     0.0852     1.0152 1.8487e+02     2.5977      0.028      0.040    19.7602 0.0000e+00
      0.047      0.071    10.9555    110.934     36.855  32.820731     3.4200     2.3794     0.0852     1.0152 1.9021e+02     2.6428      0.046      0.066    19.6996 0.0000e+00
      0.064      0.072    10.7518    109.380     36.843  32.798721     3.4200     2.3641     0.0426     0.8460 1.9141e+02     2.7029      0.063      0.092    19.6317 0.0000e+00
      0.082      0.074    10.5445    108.163     36.835  32.776451     3.4200     2.3870     0.0426     0.8460 1.8922e+02     2.6879      0.081      0.117    19.5765 0.0000e+00
      0.100      0.076    10.3506    107.256     36.836  32.757883     3.4200     2.3641     0.0426     0.8460 1.8339e+02     2.6728      0.098      0.143    19.5421 0.0000e+00
      0.120      0.079    10.1811    106.610     36.843  32.742025     3.4200     2.3794     0.0426     0.8460 1.9532e+02     2.6879      0.117      0.170    19.5223 0.0000e+00
      0.140      0.082    10.0419    106.160     36.850  32.726628     3.4200     2.3794     0.0852     0.8883 2.0052e+02     2.7329      0.138      0.199    19.5060 0.0000e+00
      0.162      0.086     9.9343    105.837     36.855  32.711544     3.4200     2.3832     0.0852     0.8883 2.1642e+02     2.6728      0.159      0.230    19.4856 0.0000e+00
