Data/DataNotYetUploadedToEDI/Raw_CTD/RawDownloads/050823_bvr50_S8188005.cnv
* Sea-Bird SBE19plus  Data File:
* FileName = C:\R\Reservoirs\Data\DataNotYetUploadedToEDI\Raw_CTD\RawDownloads\042423_bvr50_S8188_0005.hex
* Software version 2.8.0.119
* Temperature SN = 8188
* Conductivity SN = 8188
* System UpLoad Time = May 11 2023 10:39:35
* <ApplicationData>
* <Seaterm232>
# nquan = 16
# nvalues = 1940                        
# units = specified
# name 0 = depFM: Depth [fresh water, m]
# name 1 = dz/dtM: Descent Rate [m/s]
# name 2 = sbeox0Mg/L: Oxygen, SBE 43 [mg/l]
# name 3 = sbeox0PS: Oxygen, SBE 43 [% saturation]
# name 4 = specc: Specific Conductance [uS/cm]
# name 5 = c0uS/cm: Conductivity [uS/cm]
# name 6 = wetCDOM: Fluorescence, WET Labs CDOM [mg/m^3]
# name 7 = flECO-AFL: Fluorescence, WET Labs ECO-AFL/FL [mg/m^3]
# name 8 = flECO-AFL1: Fluorescence, WET Labs ECO-AFL/FL, 2 [mg/m^3]
# name 9 = flECO-AFL2: Fluorescence, WET Labs ECO-AFL/FL, 3 [mg/m^3]
# name 10 = par/sat/log: PAR/Logarithmic, Satlantic
# name 11 = turbWETntu0: Turbidity, WET Labs ECO [NTU]
# name 12 = prdM: Pressure, Strain Gauge [db]
# name 13 = prdE: Pressure, Strain Gauge [psi]
# name 14 = tv290C: Temperature [ITS-90, deg C]
# name 15 = flag:  0.000e+00
# span 0 =     -0.733,      9.816       
# span 1 =     -0.285,      0.186       
# span 2 =    -0.1977,    10.3708       
# span 3 =     -1.693,    108.969       
# span 4 =      4.696,     94.770       
# span 5 =   4.009630,  62.471338       
# span 6 =    -4.5000,     5.4900       
# span 7 =    -0.5656,   245.2191       
# span 8 =    -4.0896,     1.2780       
# span 9 =    -3.4263,     2.7495       
# span 10 = 2.7732e-01, 2.8357e+03      
# span 11 =    -4.8873,   966.4653      
# span 12 =     -0.719,      9.627      
# span 13 =     -1.043,     13.963      
# span 14 =     7.9184,    21.7291      
# span 15 = 0.0000e+00, 0.0000e+00      
# interval = seconds: 0.25
# start_time = May 08 2023 10:29:31 [Instrument's time stamp, header]
# bad_flag = -9.990e-29
*END*
[from data line 1447]
      9.397      0.027     0.1679      1.423     49.292  32.533547     4.1400     1.0366     0.0852     0.4230 1.3223e+00     1.5456      9.215     13.365     8.0217 0.0000e+00
      9.404      0.028     0.1685      1.417     49.488  32.657513     4.1400     1.0366     0.0852     0.4230 1.3203e+00     1.5305      9.221     13.375     8.0166 0.0000e+00
      9.411      0.028     0.1689      1.408     49.665  32.768971     4.1400     1.0137     0.0852     0.4230 1.3327e+00     1.5305      9.228     13.385     8.0109 0.0000e+00
      9.418      0.029     0.1689      1.399     49.829  32.871900     4.1400     1.0251     0.0852     0.4230 1.3188e+00     1.5155      9.236     13.395     8.0050 0.0000e+00
      9.425      0.029     0.1685      1.393     50.010  32.985827     4.1400     0.9183     0.0426     0.3384 1.3012e+00     1.7860      9.243     13.406     7.9992 0.0000e+00
      9.433      0.030     0.1678      1.392     50.246  33.137171     4.1400     0.8802     0.0426     0.3384 1.2953e+00     1.7860      9.251     13.417     7.9936 0.0000e+00
      9.441      0.031     0.1668      1.395     50.525  33.316781     4.1400     0.9374     0.0426     0.3384 1.2953e+00     1.8161      9.258     13.428     7.9880 0.0000e+00
      9.448      0.032     0.1657      1.401     50.827  33.511162     4.1400     0.9069     0.0426     0.3384 1.2891e+00     1.7860      9.266     13.439     7.9826 0.0000e+00
      9.456      0.033     0.1650      1.406     51.212  33.760267     4.1400     0.9259     0.0426     0.3384 1.2705e+00     1.5305      9.273     13.450     7.9776 0.0000e+00
      9.465      0.034     0.1649      1.404     51.677  34.061209     4.2300     0.8878     0.0426     0.4230 1.2815e+00     1.5606      9.282     13.462     7.9731 0.0000e+00
      9.473      0.035     0.1653      1.396     52.100  34.333824     4.2300     0.9526     0.0426     0.4230 1.2796e+00     1.5155      9.290     13.474     7.9686 0.0000e+00
      9.482      0.036     0.1660      1.382     52.413  34.533961     4.2300     0.9069     0.0426     0.4230 1.2838e+00     1.6508      9.299     13.487     7.9641 0.0000e+00
      9.492      0.037     0.1666      1.368     52.628  34.671421     4.2300     0.9069     0.0426     0.4230 1.2705e+00     1.7560      9.308     13.501     7.9596 0.0000e+00
      9.502      0.037     0.1664      1.359     52.781  34.768993     4.2300     0.9145     0.0426     0.3384 1.2364e+00     1.8612      9.318     13.515     7.9543 0.0000e+00
      9.512      0.037     0.1655      1.359     52.923  34.860621     4.2300     0.9069     0.0426     0.3384 1.2396e+00     1.7860      9.328     13.529     7.9484 0.0000e+00
      9.521      0.036     0.1639      1.366     53.086  34.966776     4.2300     0.8954     0.0426     0.3384 1.2268e+00     1.7410      9.337     13.543     7.9428 0.0000e+00
      9.531      0.035     0.1622      1.379     53.254  35.076156     4.2300     0.8191     0.0426     0.3384 1.1749e+00     1.6658      9.346     13.556     7.9383 0.0000e+00
      9.540      0.033     0.1612      1.398     53.399  35.170396     4.3200     0.8458     0.0000     0.3384 1.1942e+00     1.8612      9.355     13.569     7.9353 0.0000e+00
      9.548      0.032     0.1612      1.412     53.507  35.240958     4.3200     0.8306     0.0000     0.3384 1.2077e+00     1.7860      9.363     13.580     7.9334 0.0000e+00
      9.556      0.030     0.1620      1.416     53.558  35.274968     4.3200     0.8306     0.0000     0.3384 1.1994e+00     1.7710      9.371     13.591     7.9321 0.0000e+00
      9.563      0.029     0.1635      1.408     53.540  35.263670     4.3200     0.9450     0.0000     0.3384 1.2148e+00     1.9664      9.378     13.602     7.9309 0.0000e+00
      9.570      0.027     0.1658      1.388     53.474  35.221877     4.3200     0.9565     0.0426     0.3384 1.1856e+00     1.9514      9.385     13.612     7.9300 0.0000e+00
      9.577      0.025     0.1675      1.365     53.405  35.178056     4.3200     0.9412     0.0426     0.3384 1.1504e+00     1.9063      9.391     13.621     7.9297 0.0000e+00
      9.583      0.023     0.1679      1.347     53.355  35.146269     4.3200     0.9641     0.0426     0.3384 1.1721e+00     2.0115      9.398     13.630     7.9299 0.0000e+00
      9.589      0.021     0.1670      1.336     53.323  35.125960     4.3200     1.0480     0.0426     0.3384 1.1761e+00     2.2370      9.403     13.638     7.9306 0.0000e+00
      9.594      0.019     0.1647      1.335     53.320  35.123599     4.3200     1.0060     0.0426     0.3384 1.1491e+00     2.1468      9.408     13.645     7.9318 0.0000e+00
      9.598      0.017     0.1619      1.346     53.343  35.138554     4.4100     1.0366     0.0426     0.3384 1.1484e+00     2.2670      9.412     13.652     7.9334 0.0000e+00
      9.602      0.016     0.1597      1.362     53.376  35.158971     4.4100     1.0327     0.0426     0.3384 1.1637e+00     2.1919      9.416     13.657     7.9347 0.0000e+00
      9.606      0.015     0.1584      1.371     53.406  35.178409     4.4100     1.2387     0.0426     0.3384 1.1426e+00     2.9734      9.420     13.663     7.9352 0.0000e+00
      9.609      0.014     0.1583      1.376     53.431  35.194129     4.4100     1.2654     0.0426     0.3384 1.1511e+00     2.9434      9.424     13.668     7.9351 0.0000e+00
      9.613      0.013     0.1597      1.383     53.451  35.206364     4.4100     1.2807     0.0852     0.3807 1.1369e+00     2.8682      9.427     13.673     7.9345 0.0000e+00
      9.616      0.013     0.1615      1.388     53.470  35.218375     4.4100     1.2769     0.0852     0.3807 1.1178e+00     2.9283      9.430     13.678     7.9336 0.0000e+00
      9.619      0.012     0.1626      1.388     53.490  35.231386     4.4100     1.4562     0.0852     0.3807 1.1330e+00     3.3943      9.433     13.682     7.9328 0.0000e+00
      9.622      0.012     0.1633      1.382     53.515  35.246884     4.4100     1.4295     0.0852     0.3807 1.1576e+00     3.3642      9.436     13.686     7.9322 0.0000e+00
      9.625      0.012     0.1640      1.370     53.560  35.274944     4.4100     1.4257     0.0852     0.2538 1.1367e+00     3.4243      9.439     13.690     7.9316 0.0000e+00
      9.628      0.012     0.1646      1.361     53.643  35.327011     4.4100     1.4371     0.0852     0.2538 1.1524e+00     3.3943      9.442     13.695     7.9311 0.0000e+00
      9.631      0.012     0.1647      1.363     53.753  35.397163     4.4100     2.2649     0.0852     0.2538 1.1469e+00     5.8592      9.445     13.699     7.9307 0.0000e+00
      9.634      0.012     0.1640      1.372     53.856  35.462514     4.4100     2.2535     0.0852     0.2538 1.1491e+00     5.6638      9.448     13.703     7.9298 0.0000e+00
      9.637      0.011     0.1625      1.382     53.922  35.504842     4.4100     2.2725     0.0426     0.2961 1.1486e+00     5.7540      9.451     13.707     7.9281 0.0000e+00
      9.640      0.011     0.1614      1.386     53.952  35.523550     4.4100     2.2649     0.0426     0.2961 1.1232e+00     5.7540      9.454     13.711     7.9258 0.0000e+00
      9.643      0.011     0.1617      1.382     53.959  35.527587     4.4100     2.2268     0.0426     0.2961 1.1330e+00     7.7230      9.456     13.715     7.9236 0.0000e+00
      9.646      0.011     0.1628      1.373     53.963  35.529915     4.4100     3.4208     0.0426     0.2961 1.1154e+00    10.4284      9.459     13.719     7.9218 0.0000e+00
      9.648      0.010     0.1639      1.363     53.983  35.543038     4.4100     3.4322     0.0426     0.2961 1.1227e+00    10.5035      9.462     13.723     7.9205 0.0000e+00
      9.651      0.010     0.1644      1.352     54.025  35.570454     4.4100     3.4704     0.0852     0.2538 1.1225e+00    10.3983      9.464     13.727     7.9197 0.0000e+00
      9.653      0.009     0.1639      1.344     54.087  35.611553     4.4100     3.4170     0.0852     0.2538 1.1149e+00    10.4284      9.467     13.730     7.9192 0.0000e+00
      9.655      0.009     0.1629      1.344     54.162  35.661450     4.4100     4.4775     0.0852     0.2538 1.1479e+00    14.0356      9.469     13.733     7.9189 0.0000e+00
      9.658      0.010     0.1617      1.352     54.219  35.699780     4.4100     4.4622     0.0852     0.2538 1.1096e+00    14.0657      9.471     13.737     7.9185 0.0000e+00
      9.660      0.010     0.1604      1.363     54.232  35.709035     4.4100     4.4508     0.0852     0.3807 1.1144e+00    14.0657      9.473     13.740     7.9184 0.0000e+00
      9.663      0.010     0.1595      1.374     54.195  35.685743     4.4100     4.4660     0.0852     0.3807 1.1069e+00    14.0957      9.476     13.744     7.9185 0.0000e+00
      9.665      0.010     0.1595      1.382     54.113  35.633594     4.4100     4.9429     0.0852     0.3807 1.1060e+00    19.7170      9.478     13.747     7.9190 0.0000e+00
      9.668      0.010     0.1604      1.383     54.008  35.566412     4.4100     4.9696     0.0852     0.3807 1.1466e+00    19.7170      9.481     13.751     7.9197 0.0000e+00
      9.670      0.010     0.1617      1.373     53.891  35.492028     4.5000     4.9543     0.1278     0.3384 1.0573e+00    19.6569      9.483     13.755     7.9206 0.0000e+00
      9.673      0.010     0.1630      1.361     53.769  35.414375     4.5000     4.9467     0.1278     0.3384 1.1084e+00    19.6418      9.486     13.758     7.9218 0.0000e+00
      9.676      0.010     0.1640      1.350     53.657  35.344434     4.5000     5.9080     0.1278     0.3384 1.0733e+00    27.2471      9.488     13.762     7.9232 0.0000e+00
      9.678      0.009     0.1640      1.343     53.564  35.287322     4.5000     5.9538     0.1278     0.3384 1.0425e+00    27.0818      9.491     13.765     7.9250 0.0000e+00
      9.680      0.009     0.1629      1.343     53.487  35.241672     4.5000     5.9004     0.1278     0.3384 1.0756e+00    27.1569      9.493     13.769     7.9274 0.0000e+00
      9.683      0.009     0.1614      1.346     53.419  35.203234     4.5900     5.9156     0.2130     0.3807 1.0243e+00    27.1419      9.495     13.772     7.9302 0.0000e+00
      9.685      0.008     0.1600      1.354     53.363  35.171660     4.5900     8.5516     0.2130     0.3807 1.0239e+00    33.3944      9.497     13.775     7.9334 0.0000e+00
      9.687      0.008     0.1593      1.364     53.330  35.154376     4.5900     8.5669     0.2130     0.3807 1.0194e+00    33.2441      9.500     13.778     7.9375 0.0000e+00
      9.689      0.008     0.1591      1.377     53.319  35.150734     4.5900     8.5554     0.2130     0.3807 1.0067e+00    33.3944      9.502     13.781     7.9425 0.0000e+00
      9.691      0.008     0.1595      1.385     53.317  35.151840     5.0400     8.5745     0.3408     0.4653 9.9904e-01    33.3644      9.504     13.784     7.9480 0.0000e+00
      9.693      0.007     0.1604      1.382     53.311  35.150068     5.0400    11.3669     0.3408     0.4653 1.0043e+00    39.5117      9.505     13.787     7.9531 0.0000e+00
      9.695      0.007     0.1617      1.374     53.288  35.137022     5.0400    11.3517     0.3408     0.4653 1.0172e+00    39.5568      9.507     13.789     7.9574 0.0000e+00
      9.696      0.007     0.1632      1.367     53.243  35.109224     5.0400    11.3593     0.3408     0.4653 1.0034e+00    39.5417      9.509     13.792     7.9608 0.0000e+00
      9.698      0.007     0.1641      1.361     53.171  35.063221     5.1300    11.3669     0.4260     0.6768 9.8803e-01    39.5718      9.511     13.794     7.9636 0.0000e+00
      9.700      0.007     0.1638      1.355     53.072  34.998630     5.1300    13.5986     0.4260     0.6768 9.8717e-01    46.1851      9.512     13.797     7.9657 0.0000e+00
      9.702      0.008     0.1628      1.350     52.960  34.925954     5.1300    13.6100     0.4260     0.6768 1.0115e+00    46.1851      9.514     13.799     7.9674 0.0000e+00
      9.704      0.008     0.1619      1.346     52.850  34.853541     5.1300    13.6138     0.4260     0.6768 1.0113e+00    46.0949      9.516     13.802     7.9689 0.0000e+00
      9.706      0.009     0.1612      1.342     52.762  34.795750     4.9500    13.5947     0.5538     0.8460 1.0095e+00    46.2753      9.518     13.805     7.9702 0.0000e+00
      9.708      0.010     0.1605      1.341     52.721  34.768857     4.9500    12.6105     0.5538     0.8460 9.5013e-01    63.4848      9.521     13.808     7.9711 0.0000e+00
      9.711      0.012     0.1599      1.337     52.731  34.775594     4.9500    12.6334     0.5538     0.8460 9.8932e-01    63.4246      9.523     13.812     7.9718 0.0000e+00
      9.714      0.013     0.1594      1.332     52.808  34.825679     4.9500    12.6372     0.5538     0.8460 9.7439e-01    63.4848      9.526     13.817     7.9722 0.0000e+00
      9.718      0.014     0.1590      1.331     52.995  34.948313     4.9500    12.6067     0.5538     0.8460 9.2628e-01    63.3795      9.530     13.822     7.9723 0.0000e+00
      9.722      0.015     0.1588      1.334     53.321  35.162333     4.9500     9.8868     0.5964     1.5651 9.1190e-01    63.6801      9.534     13.828     7.9725 0.0000e+00
      9.726      0.016     0.1584      1.336     53.736  35.435689     4.9500     9.8868     0.5964     1.5651 8.6820e-01    63.6801      9.538     13.834     7.9725 0.0000e+00
      9.730      0.015     0.1578      1.337     54.141  35.702636     4.9500     9.9059     0.5964     1.5651 7.7527e-01    63.5749      9.542     13.840     7.9721 0.0000e+00
      9.734      0.014     0.1578      1.337     54.440  35.899677     4.9500     9.8792     0.5964     1.5651 6.8614e-01    63.7403      9.546     13.846     7.9713 0.0000e+00
      9.738      0.013     0.1581      1.333     54.590  36.000131     1.4400    10.8290     0.0000     0.3384 7.0213e-01    38.2041      9.550     13.851     7.9706 0.0000e+00
      9.741      0.011     0.1583      1.326     54.677  36.060497     1.4400    10.8214     0.0000     0.3384 7.2193e-01    38.1439      9.553     13.855     7.9700 0.0000e+00
      9.743      0.009     0.1585      1.318     54.819  36.158273     1.4400    10.8100     0.0000     0.3384 7.5008e-01    38.1289      9.555     13.858     7.9698 0.0000e+00
      9.745      0.008     0.1584      1.309     55.015  36.289821     1.4400    10.8176     0.0000     0.3384 7.5581e-01    38.1139      9.557     13.861     7.9700 0.0000e+00
      9.747      0.007     0.1579      1.300     55.175  36.395150     0.0000    10.6879     0.0000     0.0423 7.9092e-01    38.5949      9.559     13.864     7.9712 0.0000e+00
      9.749      0.006     0.1570      1.295     55.259  36.448869     0.0000    10.6993     0.0000     0.0423 7.3236e-01    38.5949      9.560     13.866     7.9740 0.0000e+00
      9.750      0.005     0.1561      1.297     55.302  36.473227     0.0000    10.6879     0.0000     0.0423 7.1849e-01    38.7602      9.561     13.868     7.9774 0.0000e+00
      9.751      0.004     0.1551      1.301     55.322  36.482641     0.0000    10.6955     0.0000     0.0423 7.6489e-01    38.5798      9.563     13.869     7.9796 0.0000e+00
      9.752      0.004     0.1540      1.305     55.315  36.475659     0.0000    10.9320     0.0000     0.0846 7.0183e-01    40.8193      9.564     13.871     7.9796 0.0000e+00
      9.753      0.004     0.1535      1.310     55.277  36.450421     0.0000    10.9091     0.0000     0.0846 7.3125e-01    40.6840      9.564     13.872     7.9777 0.0000e+00
      9.754      0.004     0.1536      1.316     55.198  36.400196     0.0000    10.9397     0.0000     0.0846 7.8732e-01    40.8193      9.565     13.873     7.9745 0.0000e+00
      9.755      0.004     0.1541      1.325     55.069  36.319513     0.0000    10.9282     0.0000     0.0846 7.9437e-01    40.8043      9.566     13.875     7.9713 0.0000e+00
