Data/DataNotYetUploadedToEDI/Raw_CTD/RawDownloads/050823_bvr50_S8188005.cnv
* Sea-Bird SBE19plus  Data File:
* FileName = C:\R\Reservoirs\Data\DataNotYetUploadedToEDI\Raw_CTD\RawDownloads\042423_bvr50_S8188_0005.hex
* Software version 2.8.0.119
* Temperature SN = 8188
* Conductivity SN = 8188
* System UpLoad Time = May 11 2023 10:39:35
* <ApplicationData>
* <Seaterm232>
# nquan = 16
# nvalues = 1940                        
# units = specified
# name 0 = depFM: Depth [fresh water, m]
# name 1 = dz/dtM: Descent Rate [m/s]
# name 2 = sbeox0Mg/L: Oxygen, SBE 43 [mg/l]
# name 3 = sbeox0PS: Oxygen, SBE 43 [% saturation]
# name 4 = specc: Specific Conductance [uS/cm]
# name 5 = c0uS/cm: Conductivity [uS/cm]
# name 6 = wetCDOM: Fluorescence, WET Labs CDOM [mg/m^3]
# name 7 = flECO-AFL: Fluorescence, WET Labs ECO-AFL/FL [mg/m^3]
# name 8 = flECO-AFL1: Fluorescence, WET Labs ECO-AFL/FL, 2 [mg/m^3]
# name 9 = flECO-AFL2: Fluorescence, WET Labs ECO-AFL/FL, 3 [mg/m^3]
# name 10 = par/sat/log: PAR/Logarithmic, Satlantic
# name 11 = turbWETntu0: Turbidity, WET Labs ECO [NTU]
# name 12 = prdM: Pressure, Strain Gauge [db]
# name 13 = prdE: Pressure, Strain Gauge [psi]
# name 14 = tv290C: Temperature [ITS-90, deg C]
# name 15 = flag:  0.000e+00
# span 0 =     -0.733,      9.816       
# span 1 =     -0.285,      0.186       
# span 2 =    -0.1977,    10.3708       
# span 3 =     -1.693,    108.969       
# span 4 =      4.696,     94.770       
# span 5 =   4.009630,  62.471338       
# span 6 =    -4.5000,     5.4900       
# span 7 =    -0.5656,   245.2191       
# span 8 =    -4.0896,     1.2780       
# span 9 =    -3.4263,     2.7495       
# span 10 = 2.7732e-01, 2.8357e+03      
# span 11 =    -4.8873,   966.4653      
# span 12 =     -0.719,      9.627      
# span 13 =     -1.043,     13.963      
# span 14 =     7.9184,    21.7291      
# span 15 = 0.0000e+00, 0.0000e+00      
# interval = seconds: 0.25
# start_time = May 08 2023 10:29:31 [Instrument's time stamp, header]
# bad_flag = -9.990e-29
*END*
[from data line 995]
      5.622      0.015     6.1333     57.541     29.964  22.307307     3.3300     0.8420     0.0426     0.1692 2.8796e+01     2.0716      5.513      7.996    12.2137 0.0000e+00
      5.626      0.016     6.1325     57.711     29.991  22.318085     3.3300     0.8420     0.0426     0.1269 2.8423e+01     2.0115      5.517      8.002    12.2213 0.0000e+00
      5.630      0.018     6.1390     57.861     30.017  22.325055     3.3300     0.8420     0.0426     0.1269 2.8460e+01     2.0265      5.521      8.008    12.2269 0.0000e+00
      5.635      0.019     6.1519     57.964     30.049  22.334033     3.3300     0.8763     0.0426     0.1269 2.8386e+01     2.0416      5.526      8.015    12.2277 0.0000e+00
      5.640      0.020     6.1697     58.001     30.072  22.339495     3.3300     0.9030     0.0426     0.1269 2.8287e+01     2.0416      5.531      8.022    12.2209 0.0000e+00
      5.646      0.021     6.1900     57.959     30.070  22.331022     3.3300     0.9030     0.0426     0.2538 2.8220e+01     2.0716      5.536      8.030    12.2056 0.0000e+00
      5.651      0.022     6.2092     57.830     30.050  22.314271     3.3300     0.9145     0.0426     0.2538 2.7951e+01     1.9514      5.542      8.038    12.1842 0.0000e+00
      5.657      0.022     6.2236     57.620     30.030  22.300608     3.3300     0.7848     0.0426     0.2538 2.7818e+01     1.9514      5.548      8.046    12.1605 0.0000e+00
      5.663      0.022     6.2304     57.350     30.020  22.294309     3.3300     0.7657     0.0426     0.2538 2.7897e+01     2.0115      5.553      8.055    12.1402 0.0000e+00
      5.668      0.021     6.2275     57.059     30.023  22.297653     3.4200     0.7848     0.0426     0.2961 2.7782e+01     1.9965      5.559      8.062    12.1284 0.0000e+00
      5.674      0.021     6.2140     56.793     30.030  22.303614     3.4200     0.7733     0.0426     0.2961 2.7740e+01     2.1167      5.564      8.070    12.1255 0.0000e+00
      5.679      0.021     6.1912     56.583     30.032  22.305863     3.4200     0.7848     0.0426     0.2961 2.7806e+01     2.2971      5.569      8.077    12.1276 0.0000e+00
      5.684      0.021     6.1619     56.444     30.031  22.305002     3.4200     0.7657     0.0426     0.2961 2.7800e+01     2.2370      5.574      8.084    12.1300 0.0000e+00
      5.689      0.022     6.1305     56.386     30.033  22.304760     3.4200     0.7695     0.0426     0.1269 2.7709e+01     2.2670      5.579      8.091    12.1314 0.0000e+00
      5.695      0.023     6.1017     56.408     30.045  22.309030     3.4200     0.7848     0.0426     0.1269 2.7523e+01     2.2820      5.585      8.100    12.1326 0.0000e+00
      5.701      0.025     6.0789     56.488     30.061  22.314992     3.4200     0.7619     0.0426     0.1269 2.7327e+01     2.2370      5.591      8.108    12.1340 0.0000e+00
      5.707      0.026     6.0640     56.583     30.079  22.320277     3.4200     0.7848     0.0426     0.1269 2.7190e+01     2.2219      5.597      8.118    12.1340 0.0000e+00
      5.714      0.026     6.0582     56.652     30.099  22.326295     3.4200     0.7810     0.0426     0.1269 2.7067e+01     2.2820      5.604      8.127    12.1306 0.0000e+00
      5.721      0.027     6.0616     56.661     30.116  22.330692     3.4200     0.7619     0.0426     0.1269 2.6850e+01     2.2520      5.611      8.137    12.1233 0.0000e+00
      5.728      0.027     6.0716     56.587     30.122  22.326721     3.4200     0.8344     0.0426     0.1269 2.6675e+01     2.2370      5.617      8.147    12.1129 0.0000e+00
      5.735      0.027     6.0836     56.419     30.123  22.317283     3.4200     0.8344     0.0426     0.1269 2.6635e+01     2.2971      5.624      8.157    12.1001 0.0000e+00
      5.742      0.027     6.0929     56.163     30.130  22.311736     3.4200     0.8496     0.0426     0.1269 2.6324e+01     2.1919      5.631      8.167    12.0861 0.0000e+00
      5.749      0.026     6.0958     55.835     30.144  22.312559     3.4200     0.8267     0.0426     0.1269 2.6267e+01     2.3121      5.638      8.177    12.0719 0.0000e+00
      5.756      0.025     6.0899     55.463     30.163  22.319972     3.4200     0.7428     0.0426     0.1269 2.6210e+01     2.2670      5.644      8.186    12.0573 0.0000e+00
      5.762      0.024     6.0741     55.075     30.183  22.328033     3.4200     0.7924     0.0426     0.1269 2.6216e+01     2.2219      5.651      8.195    12.0409 0.0000e+00
      5.768      0.023     6.0489     54.698     30.190  22.327016     3.4200     0.8077     0.0426     0.1269 2.6250e+01     2.2370      5.656      8.204    12.0232 0.0000e+00
      5.773      0.022     6.0158     54.350     30.187  22.316651     3.4200     0.7695     0.0426     0.0846 2.6074e+01     2.2069      5.662      8.212    12.0075 0.0000e+00
      5.779      0.022     5.9773     54.045     30.182  22.306048     3.4200     0.7962     0.0426     0.0846 2.6023e+01     2.2670      5.667      8.219    11.9954 0.0000e+00
      5.784      0.021     5.9368     53.788     30.183  22.300298     3.4200     0.7848     0.0426     0.0846 2.5887e+01     2.2971      5.672      8.227    11.9853 0.0000e+00
      5.789      0.021     5.8976     53.576     30.188  22.297866     3.4200     0.8153     0.0426     0.0846 2.5803e+01     2.2971      5.678      8.234    11.9743 0.0000e+00
      5.795      0.021     5.8618     53.399     30.195  22.298103     3.4200     0.7886     0.0852     0.1269 2.5602e+01     2.2219      5.683      8.242    11.9618 0.0000e+00
      5.800      0.020     5.8305     53.241     30.205  22.301073     3.4200     0.7924     0.0852     0.1269 2.5574e+01     2.2670      5.688      8.249    11.9494 0.0000e+00
      5.805      0.020     5.8042     53.091     30.215  22.303609     3.4200     0.7886     0.0852     0.1269 2.5414e+01     2.2520      5.693      8.256    11.9386 0.0000e+00
      5.810      0.020     5.7827     52.941     30.214  22.298470     3.4200     0.7695     0.0852     0.1269 2.5336e+01     2.2069      5.698      8.264    11.9289 0.0000e+00
      5.815      0.020     5.7648     52.792     30.213  22.292203     3.4200     0.7733     0.0852     0.1269 2.5155e+01     2.2069      5.703      8.271    11.9200 0.0000e+00
      5.820      0.019     5.7488     52.652     30.229  22.298970     3.4200     0.7657     0.0852     0.1269 2.5238e+01     2.2971      5.708      8.278    11.9123 0.0000e+00
      5.825      0.019     5.7335     52.527     30.255  22.312658     3.4200     0.7733     0.0852     0.1269 2.5095e+01     2.2670      5.713      8.285    11.9052 0.0000e+00
      5.830      0.019     5.7183     52.414     30.272  22.321083     3.4200     0.7581     0.0852     0.1269 2.5052e+01     2.1618      5.717      8.292    11.8972 0.0000e+00
      5.834      0.018     5.7034     52.306     30.285  22.326492     3.4200     0.7657     0.0852     0.1269 2.5090e+01     2.2520      5.722      8.299    11.8882 0.0000e+00
      5.839      0.018     5.6894     52.212     30.296  22.330328     3.4200     0.8039     0.0426     0.2115 2.5101e+01     2.2069      5.726      8.305    11.8792 0.0000e+00
      5.843      0.018     5.6770     52.140     30.300  22.329654     3.4200     0.7886     0.0426     0.2115 2.4862e+01     2.2370      5.731      8.312    11.8711 0.0000e+00
      5.848      0.018     5.6657     52.086     30.303  22.328249     3.4200     0.7772     0.0426     0.2115 2.4981e+01     2.2069      5.735      8.318    11.8639 0.0000e+00
      5.853      0.019     5.6549     52.043     30.305  22.325739     3.4200     0.7733     0.0426     0.2115 2.4921e+01     2.3121      5.740      8.325    11.8571 0.0000e+00
      5.858      0.019     5.6456     52.005     30.306  22.321453     3.4200     0.7199     0.0426     0.1692 2.4760e+01     2.2520      5.745      8.332    11.8505 0.0000e+00
      5.863      0.020     5.6386     51.966     30.310  22.318209     3.4200     0.7009     0.0426     0.1692 2.4749e+01     2.2820      5.750      8.339    11.8444 0.0000e+00
      5.868      0.020     5.6335     51.922     30.317  22.315139     3.4200     0.7352     0.0426     0.1692 2.4663e+01     2.2670      5.755      8.346    11.8386 0.0000e+00
      5.873      0.020     5.6297     51.861     30.331  22.315384     3.4200     0.7352     0.0426     0.1692 2.4508e+01     2.2370      5.760      8.354    11.8324 0.0000e+00
      5.879      0.021     5.6265     51.775     30.349  22.319009     3.4200     0.7047     0.0426     0.1692 2.4338e+01     2.0866      5.765      8.362    11.8246 0.0000e+00
      5.884      0.021     5.6237     51.656     30.367  22.323022     3.4200     0.7123     0.0426     0.0846 2.4248e+01     1.9965      5.770      8.369    11.8142 0.0000e+00
      5.889      0.021     5.6207     51.509     30.380  22.324533     3.4200     0.7085     0.0426     0.0846 2.4269e+01     1.9965      5.776      8.377    11.8003 0.0000e+00
      5.895      0.022     5.6162     51.340     30.385  22.319987     3.4200     0.7428     0.0426     0.0846 2.4317e+01     2.0265      5.781      8.384    11.7839 0.0000e+00
      5.900      0.022     5.6090     51.151     30.392  22.316089     3.4200     0.7123     0.0426     0.0846 2.4117e+01     2.1919      5.786      8.392    11.7673 0.0000e+00
      5.906      0.023     5.5980     50.942     30.415  22.323675     3.5100     0.7161     0.0426     0.0846 2.4065e+01     2.2069      5.792      8.400    11.7524 0.0000e+00
      5.912      0.023     5.5838     50.718     30.446  22.336849     3.5100     0.7123     0.0426     0.0846 2.3997e+01     2.2370      5.797      8.409    11.7391 0.0000e+00
      5.918      0.024     5.5671     50.485     30.462  22.339331     3.5100     0.7314     0.0426     0.0846 2.3888e+01     2.2670      5.803      8.417    11.7259 0.0000e+00
      5.924      0.026     5.5484     50.251     30.465  22.331785     3.5100     0.7352     0.0426     0.0846 2.3955e+01     2.2820      5.809      8.426    11.7114 0.0000e+00
      5.930      0.027     5.5277     50.022     30.469  22.324073     3.5100     0.6856     0.0426     0.1269 2.3841e+01     2.2370      5.816      8.435    11.6958 0.0000e+00
      5.938      0.027     5.5053     49.801     30.481  22.322055     3.5100     0.7047     0.0426     0.1269 2.3640e+01     2.2670      5.823      8.445    11.6799 0.0000e+00
      5.945      0.027     5.4820     49.589     30.496  22.325191     3.5100     0.7161     0.0426     0.1269 2.3273e+01     2.2520      5.830      8.456    11.6645 0.0000e+00
      5.953      0.027     5.4586     49.391     30.502  22.326401     3.5100     0.7886     0.0426     0.1269 2.2971e+01     2.2370      5.837      8.467    11.6487 0.0000e+00
      5.960      0.026     5.4359     49.209     30.502  22.326007     3.5100     0.7657     0.0426     0.2538 2.3026e+01     2.2670      5.844      8.477    11.6310 0.0000e+00
      5.966      0.025     5.4141     49.041     30.503  22.327864     3.5100     0.7772     0.0426     0.2538 2.3006e+01     2.2670      5.850      8.486    11.6137 0.0000e+00
      5.972      0.024     5.3926     48.894     30.503  22.328507     3.5100     0.7505     0.0426     0.2538 2.2976e+01     2.2971      5.856      8.494    11.6014 0.0000e+00
      5.977      0.024     5.3718     48.784     30.497  22.324151     3.5100     0.6665     0.0426     0.2538 2.2961e+01     2.2370      5.862      8.502    11.5956 0.0000e+00
      5.983      0.024     5.3521     48.725     30.491  22.317591     3.5100     0.6665     0.0426     0.2538 2.2941e+01     2.2069      5.867      8.510    11.5947 0.0000e+00
      5.989      0.024     5.3336     48.713     30.495  22.314997     3.5100     0.6780     0.0426     0.1692 2.2723e+01     2.2971      5.873      8.518    11.5963 0.0000e+00
      5.995      0.025     5.3174     48.738     30.507  22.315676     3.5100     0.7047     0.0426     0.1692 2.2698e+01     2.2670      5.879      8.527    11.5982 0.0000e+00
      6.002      0.026     5.3055     48.780     30.522  22.315850     3.5100     0.6970     0.0426     0.1692 2.2551e+01     2.2820      5.886      8.537    11.5981 0.0000e+00
      6.009      0.026     5.2995     48.817     30.542  22.319523     3.5100     0.6818     0.0426     0.1692 2.2453e+01     2.2370      5.893      8.547    11.5944 0.0000e+00
      6.016      0.026     5.2992     48.831     30.562  22.323716     3.5100     0.6780     0.0426     0.0846 2.2230e+01     2.2820      5.900      8.557    11.5858 0.0000e+00
      6.023      0.026     5.3037     48.798     30.567  22.317671     3.5100     0.6665     0.0426     0.0846 2.2196e+01     2.2370      5.906      8.566    11.5716 0.0000e+00
      6.029      0.026     5.3104     48.693     30.565  22.307694     3.5100     0.7161     0.0426     0.0846 2.2196e+01     2.2820      5.913      8.576    11.5539 0.0000e+00
      6.036      0.025     5.3166     48.517     30.572  22.306957     3.5100     0.7428     0.0426     0.0846 2.2133e+01     2.3271      5.919      8.585    11.5363 0.0000e+00
      6.042      0.025     5.3201     48.299     30.584  22.311304     3.5100     0.7466     0.0852     0.0846 2.2109e+01     2.2370      5.925      8.594    11.5199 0.0000e+00
      6.048      0.024     5.3185     48.063     30.591  22.313978     3.5100     0.7390     0.0852     0.0846 2.1842e+01     2.2069      5.931      8.603    11.5041 0.0000e+00
      6.055      0.024     5.3087     47.827     30.603  22.319651     3.5100     0.7924     0.0852     0.0846 2.1856e+01     2.1468      5.938      8.612    11.4901 0.0000e+00
      6.061      0.025     5.2908     47.605     30.622  22.329836     3.5100     0.7848     0.0852     0.0846 2.1837e+01     2.2670      5.944      8.621    11.4800 0.0000e+00
      6.067      0.025     5.2677     47.412     30.637  22.335373     3.5100     0.7848     0.0426     0.1269 2.1662e+01     2.2820      5.950      8.629    11.4735 0.0000e+00
      6.073      0.026     5.2426     47.260     30.641  22.329820     3.5100     0.7733     0.0426     0.1269 2.1672e+01     2.2069      5.956      8.638    11.4687 0.0000e+00
      6.080      0.027     5.2174     47.147     30.642  22.319615     3.5100     0.8496     0.0426     0.1269 2.1709e+01     2.4023      5.962      8.647    11.4637 0.0000e+00
      6.087      0.028     5.1940     47.057     30.653  22.313910     3.5100     0.8763     0.0426     0.1269 2.1461e+01     2.2069      5.969      8.657    11.4573 0.0000e+00
      6.094      0.029     5.1740     46.976     30.676  22.315143     3.5100     0.8458     0.0426     0.1269 2.1317e+01     2.3271      5.976      8.668    11.4484 0.0000e+00
      6.102      0.030     5.1589     46.890     30.701  22.319683     3.5100     0.8420     0.0426     0.2115 2.1229e+01     2.2670      5.984      8.679    11.4354 0.0000e+00
      6.110      0.031     5.1487     46.785     30.718  22.320823     3.5100     0.8306     0.0426     0.2115 2.1238e+01     2.2370      5.991      8.690    11.4172 0.0000e+00
      6.118      0.031     5.1416     46.659     30.726  22.318867     3.5100     0.8458     0.0426     0.2115 2.1022e+01     2.2520      5.999      8.701    11.3945 0.0000e+00
      6.126      0.031     5.1356     46.506     30.731  22.317252     3.5100     0.8420     0.0426     0.2115 2.0963e+01     2.1768      6.007      8.713    11.3700 0.0000e+00
      6.134      0.031     5.1289     46.312     30.735  22.315547     3.5100     0.8382     0.0426     0.1269 2.1128e+01     2.2069      6.015      8.725    11.3473 0.0000e+00
      6.142      0.032     5.1195     46.082     30.741  22.313297     3.5100     0.9603     0.0426     0.1269 2.0881e+01     2.2520      6.023      8.736    11.3294 0.0000e+00
      6.150      0.032     5.1072     45.829     30.755  22.313860     3.5100     0.9259     0.0426     0.1269 2.0986e+01     2.1768      6.031      8.747    11.3171 0.0000e+00
