Data/DataNotYetUploadedToEDI/Raw_CTD/RawDownloads/050823_fcr50_S8188006.cnv
* Sea-Bird SBE19plus  Data File:
* FileName = C:\R\Reservoirs\Data\DataNotYetUploadedToEDI\Raw_CTD\RawDownloads\042423_bvr50_S8188_0006.hex
* Software version 2.8.0.119
* Temperature SN = 8188
* Conductivity SN = 8188
* System UpLoad Time = May 11 2023 10:39:50
* <ApplicationData>
* <Seaterm232>
# nquan = 16
# nvalues = 915                         
# units = specified
# name 0 = depFM: Depth [fresh water, m]
# name 1 = dz/dtM: Descent Rate [m/s]
# name 2 = sbeox0Mg/L: Oxygen, SBE 43 [mg/l]
# name 3 = sbeox0PS: Oxygen, SBE 43 [% saturation]
# name 4 = specc: Specific Conductance [uS/cm]
# name 5 = c0uS/cm: Conductivity [uS/cm]
# name 6 = wetCDOM: Fluorescence, WET Labs CDOM [mg/m^3]
# name 7 = flECO-AFL: Fluorescence, WET Labs ECO-AFL/FL [mg/m^3]
# name 8 = flECO-AFL1: Fluorescence, WET Labs ECO-AFL/FL, 2 [mg/m^3]
# name 9 = flECO-AFL2: Fluorescence, WET Labs ECO-AFL/FL, 3 [mg/m^3]
# name 10 = par/sat/log: PAR/Logarithmic, Satlantic
# name 11 = turbWETntu0: Turbidity, WET Labs ECO [NTU]
# name 12 = prdM: Pressure, Strain Gauge [db]
# name 13 = prdE: Pressure, Strain Gauge [psi]
# name 14 = tv290C: Temperature [ITS-90, deg C]
# name 15 = flag:  0.000e+00
# span 0 =     -0.694,      9.423       
# span 1 =     -0.631,      0.121       
# span 2 =    -2.4376,    15.1024       
# span 3 =    -21.314,    132.156       
# span 4 =      0.481,    173.843       
# span 5 =   0.509912, 119.611857       
# span 6 =    -4.9500,    23.5800       
# span 7 =    -1.0654,     5.5036       
# span 8 =    -2.3004,     3.4932       
# span 9 =    -7.4025,     8.5869       
# span 10 = 1.8694e-01, 2.9062e+03      
# span 11 =    -1.5657,   116.1804      
# span 12 =     -0.681,      9.241      
# span 13 =     -0.988,     13.402      
# span 14 =     9.4004,    27.9773      
# span 15 = 0.0000e+00, 0.0000e+00      
# interval = seconds: 0.25
# start_time = May 08 2023 12:51:36 [Instrument's time stamp, header]
# bad_flag = -9.990e-29
*END*
[from data line 633]
      6.990      0.061    13.0502    114.169     39.283  27.055710     3.3300     0.8267     0.0000     0.1269 1.8386e+00     1.8011      6.854      9.942     9.4313 0.0000e+00
      7.004      0.054    13.0470    114.216     39.292  27.061762     3.4200     0.8115     0.0426     0.2538 1.8526e+00     1.9063      6.868      9.961     9.4319 0.0000e+00
      7.016      0.047    13.0487    114.244     39.304  27.069954     3.4200     0.8496     0.0426     0.2538 1.8470e+00     1.9063      6.880      9.978     9.4327 0.0000e+00
      7.026      0.042    13.0537    114.249     39.310  27.074551     3.4200     0.7962     0.0426     0.2538 1.8571e+00     1.8462      6.890      9.993     9.4336 0.0000e+00
      7.035      0.038    13.0598    114.235     39.313  27.076779     3.4200     0.8916     0.0426     0.2538 1.8101e+00     1.7259      6.899     10.007     9.4342 0.0000e+00
      7.044      0.035    13.0650    114.211     39.313  27.077233     3.3300     0.8611     0.0426     0.1269 1.8168e+00     1.7259      6.908     10.020     9.4345 0.0000e+00
      7.053      0.033    13.0682    114.195     39.305  27.072073     3.3300     0.9069     0.0426     0.1269 1.7995e+00     1.6808      6.917     10.032     9.4346 0.0000e+00
      7.061      0.032    13.0688    114.203     39.298  27.067843     3.3300     0.8840     0.0426     0.1269 1.7948e+00     1.6508      6.925     10.044     9.4347 0.0000e+00
      7.069      0.031    13.0670    114.242     39.303  27.071333     3.3300     0.8458     0.0426     0.1269 1.8148e+00     1.6808      6.932     10.055     9.4350 0.0000e+00
      7.077      0.030    13.0642    114.303     39.308  27.075557     3.4200     0.8382     0.0426     0.1269 1.7589e+00     1.7259      6.940     10.066     9.4355 0.0000e+00
      7.084      0.030    13.0622    114.369     39.305  27.073721     3.4200     0.8267     0.0426     0.1269 1.7516e+00     1.6808      6.947     10.076     9.4361 0.0000e+00
      7.092      0.031    13.0630    114.417     39.298  27.069294     3.4200     0.8229     0.0426     0.1269 1.7616e+00     1.6959      6.955     10.087     9.4367 0.0000e+00
      7.100      0.033    13.0671    114.438     39.292  27.065055     3.4200     0.8458     0.0426     0.1269 1.7192e+00     1.6508      6.962     10.098     9.4373 0.0000e+00
      7.108      0.035    13.0740    114.432     39.286  27.059875     3.4200     0.8344     0.0426     0.1269 1.7143e+00     1.6959      6.970     10.109     9.4380 0.0000e+00
      7.117      0.039    13.0814    114.399     39.276  27.052373     3.3300     0.8267     0.0426     0.0846 1.7184e+00     1.6959      6.979     10.122     9.4384 0.0000e+00
      7.126      0.043    13.0868    114.344     39.265  27.044506     3.3300     0.8267     0.0426     0.0846 1.6888e+00     1.7259      6.988     10.136     9.4385 0.0000e+00
      7.137      0.048    13.0893    114.279     39.257  27.038136     3.3300     0.8725     0.0426     0.0846 1.6940e+00     1.6808      6.999     10.152     9.4382 0.0000e+00
      7.151      0.053    13.0888    114.210     39.255  27.035525     3.3300     0.9030     0.0426     0.0846 1.6655e+00     1.6508      7.012     10.170     9.4376 0.0000e+00
      7.166      0.056    13.0852    114.147     39.262  27.039936     3.4200     0.9107     0.0426     0.1692 1.6191e+00     1.6959      7.027     10.191     9.4368 0.0000e+00
      7.181      0.058    13.0793    114.100     39.269  27.044625     3.4200     0.9069     0.0426     0.1692 1.5573e+00     1.7560      7.043     10.214     9.4357 0.0000e+00
      7.197      0.058    13.0722    114.065     39.267  27.042925     3.4200     0.8420     0.0426     0.1692 1.5540e+00     1.7259      7.058     10.237     9.4346 0.0000e+00
      7.213      0.055    13.0646    114.037     39.260  27.038341     3.4200     0.8344     0.0426     0.1692 1.5655e+00     1.6508      7.074     10.259     9.4336 0.0000e+00
      7.228      0.051    13.0577    114.020     39.258  27.037570     3.4200     0.8420     0.0426     0.1269 1.4795e+00     1.6207      7.088     10.280     9.4328 0.0000e+00
      7.241      0.046    13.0525    114.013     39.267  27.044366     3.4200     0.8267     0.0426     0.1269 1.4782e+00     1.6808      7.101     10.298     9.4323 0.0000e+00
      7.251      0.040    13.0485    114.010     39.277  27.052621     3.4200     0.8420     0.0426     0.1269 1.4847e+00     1.6207      7.111     10.313     9.4322 0.0000e+00
      7.260      0.035    13.0452    114.008     39.274  27.052660     3.4200     0.8306     0.0426     0.1269 1.4521e+00     1.7109      7.120     10.326     9.4324 0.0000e+00
      7.267      0.030    13.0430    114.006     39.266  27.048452     3.4200     0.8344     0.0426     0.1692 1.4699e+00     1.7560      7.127     10.336     9.4332 0.0000e+00
      7.274      0.027    13.0418    114.008     39.266  27.050753     3.4200     0.8420     0.0426     0.1692 1.4843e+00     1.7109      7.133     10.346     9.4345 0.0000e+00
      7.280      0.025    13.0410    114.020     39.271  27.056218     3.4200     0.8306     0.0426     0.1692 1.4879e+00     1.6808      7.139     10.354     9.4363 0.0000e+00
      7.285      0.025    13.0401    114.049     39.267  27.054425     3.4200     0.8191     0.0426     0.1692 1.4638e+00     1.6508      7.144     10.362     9.4384 0.0000e+00
      7.291      0.025    13.0391    114.098     39.257  27.048857     3.4200     0.8420     0.0426     0.1692 1.4856e+00     1.6357      7.150     10.370     9.4406 0.0000e+00
      7.297      0.027    13.0386    114.169     39.253  27.045946     3.4200     0.8191     0.0426     0.0846 1.5025e+00     1.6207      7.156     10.379     9.4431 0.0000e+00
      7.304      0.029    13.0393    114.260     39.246  27.040958     3.4200     0.8382     0.0426     0.0846 1.4824e+00     1.6207      7.162     10.388     9.4455 0.0000e+00
      7.312      0.032    13.0419    114.353     39.235  27.032562     3.4200     0.8191     0.0426     0.0846 1.4289e+00     1.6959      7.170     10.399     9.4474 0.0000e+00
      7.320      0.036    13.0472    114.427     39.229  27.026438     3.4200     0.8573     0.0426     0.0846 1.4386e+00     1.7259      7.178     10.411     9.4485 0.0000e+00
      7.329      0.040    13.0553    114.466     39.230  27.024913     3.3300     0.8229     0.0426     0.0846 1.4692e+00     1.8161      7.187     10.424     9.4486 0.0000e+00
      7.340      0.044    13.0658    114.470     39.237  27.027580     3.3300     0.8229     0.0426     0.0846 1.4607e+00     1.6508      7.198     10.439     9.4481 0.0000e+00
      7.352      0.049    13.0769    114.445     39.239  27.027230     3.3300     0.8535     0.0426     0.0846 1.3888e+00     1.7259      7.210     10.457     9.4468 0.0000e+00
      7.365      0.054    13.0861    114.398     39.230  27.019811     3.3300     0.8420     0.0426     0.0846 1.3676e+00     1.7109      7.223     10.476     9.4444 0.0000e+00
      7.379      0.060    13.0914    114.338     39.225  27.015224     3.4200     0.7886     0.0426     0.2115 1.4025e+00     1.7259      7.237     10.496     9.4417 0.0000e+00
      7.395      0.065    13.0927    114.277     39.222  27.012244     3.4200     0.8382     0.0426     0.2115 1.3203e+00     1.6658      7.252     10.518     9.4392 0.0000e+00
      7.412      0.071    13.0904    114.231     39.214  27.006118     3.4200     0.8306     0.0426     0.2115 1.3289e+00     1.6658      7.269     10.542     9.4372 0.0000e+00
      7.431      0.076    13.0856    114.206     39.216  27.007091     3.4200     0.8153     0.0426     0.2115 1.3037e+00     1.6808      7.288     10.570     9.4356 0.0000e+00
      7.452      0.080    13.0791    114.197     39.235  27.019380     3.4200     0.8153     0.0426     0.2115 1.2696e+00     1.7109      7.308     10.599     9.4342 0.0000e+00
      7.473      0.084    13.0725    114.193     39.257  27.034386     3.4200     0.8382     0.0426     0.2115 1.2705e+00     1.6808      7.329     10.630     9.4331 0.0000e+00
      7.495      0.086    13.0675    114.183     39.271  27.044230     3.4200     0.8420     0.0426     0.2115 1.2483e+00     1.5907      7.350     10.661     9.4322 0.0000e+00
      7.518      0.086    13.0649    114.158     39.282  27.051539     3.4200     0.8306     0.0426     0.2115 1.1923e+00     1.7259      7.373     10.694     9.4315 0.0000e+00
      7.542      0.085    13.0640    114.114     39.297  27.062221     3.4200     0.8039     0.0426     0.2115 1.1220e+00     1.6658      7.396     10.727     9.4310 0.0000e+00
      7.564      0.082    13.0636    114.046     39.316  27.075163     3.4200     0.8306     0.0426     0.1269 1.1506e+00     1.7259      7.418     10.759     9.4307 0.0000e+00
      7.585      0.079    13.0626    113.954     39.332  27.085900     3.4200     0.8306     0.0426     0.1269 1.1154e+00     1.6357      7.439     10.789     9.4304 0.0000e+00
      7.605      0.074    13.0598    113.846     39.336  27.089374     3.4200     0.8267     0.0426     0.1269 1.1169e+00     1.5756      7.458     10.816     9.4303 0.0000e+00
      7.622      0.070    13.0548    113.741     39.332  27.086513     3.4200     0.8306     0.0426     0.1269 1.0950e+00     1.7410      7.475     10.842     9.4302 0.0000e+00
      7.639      0.066    13.0470    113.657     39.328  27.084472     3.4200     0.8191     0.0426     0.2115 1.0841e+00     1.7259      7.491     10.865     9.4303 0.0000e+00
      7.655      0.065    13.0364    113.610     39.324  27.082708     3.4200     0.8077     0.0426     0.2115 1.0599e+00     1.7259      7.507     10.888     9.4306 0.0000e+00
      7.670      0.065    13.0239    113.609     39.315  27.076790     3.4200     0.8153     0.0426     0.2115 1.0450e+00     1.7560      7.522     10.910     9.4309 0.0000e+00
      7.686      0.066    13.0116    113.653     39.304  27.069099     3.4200     0.8306     0.0426     0.2115 1.0860e+00     1.6508      7.537     10.931     9.4314 0.0000e+00
      7.702      0.068    13.0019    113.737     39.293  27.061545     3.4200     0.8077     0.0000     0.0846 1.0599e+00     1.7259      7.553     10.955     9.4320 0.0000e+00
      7.720      0.071    12.9963    113.847     39.286  27.056071     3.4200     0.7695     0.0000     0.0846 1.0212e+00     1.7560      7.570     10.980     9.4328 0.0000e+00
      7.739      0.074    12.9959    113.972     39.286  27.055179     3.4200     0.7657     0.0000     0.0846 9.6700e-01     1.7259      7.589     11.008     9.4335 0.0000e+00
      7.759      0.077    13.0010    114.101     39.286  27.054671     3.4200     0.7657     0.0000     0.0846 9.3803e-01     1.6508      7.609     11.036     9.4335 0.0000e+00
      7.780      0.078    13.0107    114.221     39.286  27.054411     3.4200     0.7581     0.0426     0.0846 9.2971e-01     1.6207      7.629     11.066     9.4330 0.0000e+00
      7.800      0.078    13.0236    114.323     39.291  27.058290     3.4200     0.7657     0.0426     0.0846 9.2106e-01     1.7710      7.649     11.095     9.4322 0.0000e+00
      7.821      0.076    13.0381    114.399     39.299  27.063381     3.4200     0.7810     0.0426     0.0846 9.1786e-01     1.7109      7.669     11.124     9.4315 0.0000e+00
      7.841      0.072    13.0529    114.445     39.298  27.063124     3.4200     0.7657     0.0426     0.0846 8.8766e-01     1.6808      7.689     11.152     9.4310 0.0000e+00
      7.859      0.067    13.0668    114.460     39.290  27.057451     3.4200     0.9069     0.0426     0.0846 8.2283e-01     2.0115      7.708     11.179     9.4306 0.0000e+00
      7.877      0.062    13.0785    114.452     39.283  27.052767     3.4200     0.9030     0.0426     0.1269 8.5770e-01     1.9063      7.725     11.203     9.4304 0.0000e+00
      7.892      0.056    13.0873    114.423     39.280  27.051782     3.4200     0.8992     0.0426     0.1269 7.8835e-01     1.8762      7.739     11.225     9.4304 0.0000e+00
      7.904      0.050    13.0925    114.375     39.283  27.054234     3.4200     0.8992     0.0426     0.1269 8.8901e-01     1.9814      7.752     11.243     9.4304 0.0000e+00
      7.915      0.045    13.0942    114.314     39.286  27.056819     3.4200     0.8420     0.0426     0.1269 8.6594e-01     1.6658      7.763     11.258     9.4307 0.0000e+00
      7.925      0.042    13.0932    114.241     39.284  27.056264     3.4200     0.8229     0.0000     0.0846 8.8843e-01     1.7109      7.772     11.272     9.4311 0.0000e+00
      7.935      0.041    13.0896    114.161     39.277  27.052423     3.4200     0.8191     0.0000     0.0846 8.5956e-01     1.6658      7.782     11.286     9.4318 0.0000e+00
      7.945      0.042    13.0838    114.082     39.270  27.048231     3.4200     0.8573     0.0000     0.0846 7.9350e-01     1.7410      7.791     11.300     9.4327 0.0000e+00
      7.955      0.044    13.0765    114.015     39.268  27.046530     3.4200     0.7581     0.0000     0.0846 8.5751e-01     1.7259      7.801     11.314     9.4337 0.0000e+00
      7.966      0.048    13.0679    113.972     39.269  27.046866     3.4200     0.7733     0.0426     0.1269 8.8766e-01     1.6207      7.812     11.330     9.4348 0.0000e+00
      7.978      0.051    13.0584    113.963     39.274  27.049329     3.4200     0.7619     0.0426     0.1269 8.4585e-01     1.6508      7.824     11.348     9.4358 0.0000e+00
      7.993      0.053    13.0491    113.990     39.276  27.050614     3.4200     0.7505     0.0426     0.1269 7.7594e-01     1.6508      7.838     11.368     9.4364 0.0000e+00
      8.008      0.054    13.0415    114.047     39.277  27.051067     3.4200     0.7619     0.0426     0.1269 7.3779e-01     1.6658      7.853     11.390     9.4363 0.0000e+00
      8.023      0.054    13.0368    114.126     39.277  27.050806     3.4200     0.7619     0.0426     0.1692 7.6439e-01     1.6207      7.868     11.411     9.4355 0.0000e+00
      8.037      0.053    13.0360    114.216     39.270  27.045803     3.4200     0.7657     0.0426     0.1692 7.4861e-01     1.7109      7.882     11.431     9.4346 0.0000e+00
      8.050      0.052    13.0394    114.304     39.266  27.042643     3.4200     0.7733     0.0426     0.1692 7.3189e-01     1.6808      7.894     11.449     9.4339 0.0000e+00
      8.062      0.050    13.0460    114.375     39.275  27.048402     3.4200     0.8382     0.0426     0.1692 7.2634e-01     1.7710      7.906     11.467     9.4336 0.0000e+00
      8.074      0.049    13.0551    114.419     39.288  27.056697     3.4200     0.8229     0.0426     0.1692 6.9454e-01     1.6508      7.918     11.484     9.4336 0.0000e+00
      8.087      0.049    13.0654    114.431     39.290  27.057862     3.3300     0.8382     0.0426     0.1692 6.9454e-01     1.7410      7.930     11.502     9.4333 0.0000e+00
      8.099      0.049    13.0756    114.416     39.283  27.052206     3.3300     0.8458     0.0426     0.1692 6.6761e-01     1.6808      7.943     11.520     9.4328 0.0000e+00
      8.112      0.050    13.0840    114.384     39.268  27.042182     3.3300     0.8191     0.0426     0.1692 6.6703e-01     1.6508      7.955     11.538     9.4322 0.0000e+00
      8.124      0.051    13.0892    114.339     39.250  27.029076     3.3300     0.8420     0.0426     0.1692 6.9364e-01     1.6658      7.967     11.555     9.4315 0.0000e+00
      8.136      0.053    13.0908    114.281     39.245  27.025230     3.3300     0.8229     0.0000     0.0846 6.6342e-01     1.6808      7.979     11.573     9.4309 0.0000e+00
      8.150      0.056    13.0892    114.220     39.263  27.037538     3.3300     0.8229     0.0000     0.0846 6.5113e-01     1.5456      7.992     11.591     9.4305 0.0000e+00
      8.164      0.060    13.0856    114.164     39.286  27.053445     3.3300     0.8458     0.0000     0.0846 6.6414e-01     1.7259      8.006     11.612     9.4302 0.0000e+00
      8.180      0.065    13.0805    114.121     39.303  27.065313     3.3300     0.8420     0.0000     0.0846 6.3811e-01     1.6207      8.022     11.635     9.4299 0.0000e+00
