Data/DataNotYetUploadedToEDI/Raw_CTD/RawDownloads/050823_bvr50_S8188005.cnv
* Sea-Bird SBE19plus  Data File:
* FileName = C:\R\Reservoirs\Data\DataNotYetUploadedToEDI\Raw_CTD\RawDownloads\042423_bvr50_S8188_0005.hex
* Software version 2.8.0.119
* Temperature SN = 8188
* Conductivity SN = 8188
* System UpLoad Time = May 11 2023 10:39:35
* <ApplicationData>
* <Seaterm232>
# nquan = 16
# nvalues = 1940                        
# units = specified
# name 0 = depFM: Depth [fresh water, m]
# name 1 = dz/dtM: Descent Rate [m/s]
# name 2 = sbeox0Mg/L: Oxygen, SBE 43 [mg/l]
# name 3 = sbeox0PS: Oxygen, SBE 43 [% saturation]
# name 4 = specc: Specific Conductance [uS/cm]
# name 5 = c0uS/cm: Conductivity [uS/cm]
# name 6 = wetCDOM: Fluorescence, WET Labs CDOM [mg/m^3]
# name 7 = flECO-AFL: Fluorescence, WET Labs ECO-AFL/FL [mg/m^3]
# name 8 = flECO-AFL1: Fluorescence, WET Labs ECO-AFL/FL, 2 [mg/m^3]
# name 9 = flECO-AFL2: Fluorescence, WET Labs ECO-AFL/FL, 3 [mg/m^3]
# name 10 = par/sat/log: PAR/Logarithmic, Satlantic
# name 11 = turbWETntu0: Turbidity, WET Labs ECO [NTU]
# name 12 = prdM: Pressure, Strain Gauge [db]
# name 13 = prdE: Pressure, Strain Gauge [psi]
# name 14 = tv290C: Temperature [ITS-90, deg C]
# name 15 = flag:  0.000e+00
# span 0 =     -0.733,      9.816       
# span 1 =     -0.285,      0.186       
# span 2 =    -0.1977,    10.3708       
# span 3 =     -1.693,    108.969       
# span 4 =      4.696,     94.770       
# span 5 =   4.009630,  62.471338       
# span 6 =    -4.5000,     5.4900       
# span 7 =    -0.5656,   245.2191       
# span 8 =    -4.0896,     1.2780       
# span 9 =    -3.4263,     2.7495       
# span 10 = 2.7732e-01, 2.8357e+03      
# span 11 =    -4.8873,   966.4653      
# span 12 =     -0.719,      9.627      
# span 13 =     -1.043,     13.963      
# span 14 =     7.9184,    21.7291      
# span 15 = 0.0000e+00, 0.0000e+00      
# interval = seconds: 0.25
# start_time = May 08 2023 10:29:31 [Instrument's time stamp, header]
# bad_flag = -9.990e-29
*END*
     -0.733      0.041     7.8471     89.272      6.176   5.563264    -4.5000    -0.1765    -2.1300    -2.0304 3.5985e+02     0.8842     -0.719     -1.043    21.7291 0.0000e+00
     -0.723      0.052     7.8519     89.277      9.819   8.827821    -4.5000    -0.1765    -2.1300    -2.0304 2.5307e+02     0.7189     -0.709     -1.028    21.6972 0.0000e+00
     -0.710      0.067     7.8599     89.285     15.044  13.482427    -4.5000    -0.1765    -2.1300    -2.0304 3.1170e+02     0.7640     -0.696     -1.009    21.6441 0.0000e+00
     -0.692      0.085     7.8736     89.305     20.612  18.366909     0.5400     0.6856     0.2982     0.2538 4.2465e+02    -3.3242     -0.679     -0.984    21.5556 0.0000e+00
     -0.670      0.104     7.8971     89.349     24.897  22.025589     0.5400     0.6780     0.2982     0.2538 7.4844e+02    -3.3242     -0.657     -0.952    21.4080 0.0000e+00
     -0.642      0.125     7.9363     89.433     27.435  24.098161     0.5400     0.7085     0.2982     0.2538 1.1508e+03    -3.2941     -0.629     -0.912    21.1622 0.0000e+00
     -0.606      0.145     7.9985     89.581     28.765  25.107616     0.5400     0.7009     0.2982     0.2538 1.3103e+03    -3.4745     -0.594     -0.862    20.7744 0.0000e+00
     -0.564      0.163     8.0820     89.836     29.497  25.614159     0.5400     0.5139     0.2982     0.2538 1.4089e+03     1.3201     -0.553     -0.802    20.2624 0.0000e+00
     -0.518      0.177     8.1729     90.246     29.995  25.942910     5.4900     0.5178    -0.1278    -3.4263 1.5432e+03     1.2450     -0.508     -0.736    19.7239 0.0000e+00
     -0.469      0.185     8.2590     90.831     30.425  26.240920     5.4900     0.5063    -0.1278    -3.4263 1.6951e+03     1.2600     -0.460     -0.666    19.2449 0.0000e+00
     -0.418      0.186     8.3374     91.560     30.799  26.516390     5.4900     0.5178    -0.1278    -3.4263 1.7804e+03     1.3051     -0.410     -0.594    18.8538 0.0000e+00
     -0.367      0.181     8.4118     92.357     31.068  26.723997     5.4900     0.5292    -0.1278    -3.4263 1.7349e+03     1.0796     -0.360     -0.522    18.5511 0.0000e+00
     -0.318      0.169     8.4879     93.114     31.210  26.839918     2.2500     0.4911     0.0426     0.0846 6.1362e+02     0.9594     -0.312     -0.453    18.3284 0.0000e+00
     -0.274      0.154     8.5691     93.711     31.218  26.855470     2.2500     0.4872     0.0426     0.0846 1.1566e+03     1.0947     -0.269     -0.390    18.1750 0.0000e+00
     -0.237      0.135     8.6544     94.034     31.094  26.762923     2.2500     0.4758     0.0426     0.0846 1.0988e+03     1.0796     -0.232     -0.337    18.0785 0.0000e+00
     -0.206      0.116     8.7386     93.993     30.867  26.579174     2.2500     0.5483     0.0426     0.0846 1.0473e+03     0.9594     -0.202     -0.293    18.0262 0.0000e+00
     -0.180      0.100     8.8132     93.518     30.605  26.356189     2.3400     0.5673     0.0852     0.2538 6.8867e+02     1.0646     -0.177     -0.257    18.0083 0.0000e+00
     -0.160      0.087     8.8679     92.544     30.375  26.151303     2.3400     0.5559     0.0852     0.2538 1.6145e+03     1.1097     -0.157     -0.228    18.0164 0.0000e+00
     -0.142      0.078     8.8945     91.000     30.198  25.987085     2.3400     0.5673     0.0852     0.2538 1.2361e+03     1.0496     -0.140     -0.203    18.0371 0.0000e+00
     -0.125      0.072     8.8874     88.946     30.060  25.853395     2.3400     0.5673     0.0852     0.2538 3.3112e+02     1.0796     -0.122     -0.177    18.0535 0.0000e+00
     -0.107      0.067     8.8420     86.635     29.948  25.742296     2.1600     0.5559     0.0000     0.2115 8.4750e+02     1.0345     -0.105     -0.152    18.0556 0.0000e+00
     -0.089      0.064     8.7519     84.328     29.871  25.661774     2.1600     0.5940     0.0000     0.2115 1.5740e+03     1.0796     -0.087     -0.126    18.0437 0.0000e+00
     -0.072      0.060     8.6094     82.214     29.830  25.614109     2.1600     0.5445     0.0000     0.2115 1.1038e+03     1.0045     -0.071     -0.103    18.0233 0.0000e+00
     -0.057      0.055     8.4191     80.426     29.817  25.590549     2.1600     0.6322     0.0000     0.2115 1.8921e+03     1.0796     -0.056     -0.082    17.9992 0.0000e+00
     -0.044      0.049     8.2045     79.104     29.822  25.584812     2.1600     0.6284     0.0000     0.2115 2.2489e+03     0.9744     -0.043     -0.063    17.9743 0.0000e+00
     -0.032      0.044     7.9900     78.459     29.843  25.595366     2.3400     0.6055     0.0426     0.1692 5.5888e+02     1.0496     -0.032     -0.046    17.9505 0.0000e+00
     -0.022      0.038     7.7932     78.592     29.880  25.621067     2.3400     0.6169     0.0426     0.1692 4.1562e+02     1.0195     -0.022     -0.032    17.9287 0.0000e+00
     -0.014      0.033     7.6268     79.315     29.917  25.648973     2.3400     0.5712     0.0426     0.1692 5.9952e+02     1.5305     -0.013     -0.019    17.9091 0.0000e+00
     -0.006      0.029     7.5043     80.269     29.935  25.662770     2.3400     0.5712     0.0426     0.1692 4.8442e+02     1.4854     -0.006     -0.009    17.8922 0.0000e+00
      0.001      0.025     7.4452     81.173     29.934  25.662179     2.3400     0.5750     0.0000     0.2538 4.3116e+02     1.4854      0.001      0.001    17.8786 0.0000e+00
      0.007      0.022     7.4595     81.860     29.917  25.647042     2.3400     0.5597     0.0000     0.2538 3.9210e+02     1.5606      0.006      0.009    17.8690 0.0000e+00
      0.012      0.019     7.5290     82.207     29.878  25.613323     2.3400     0.5826     0.0000     0.2538 5.1852e+02     1.2901      0.011      0.017    17.8632 0.0000e+00
      0.016      0.017     7.6200     82.131     29.831  25.571824     2.3400     0.5864     0.0000     0.2538 3.1245e+02     1.2600      0.016      0.023    17.8607 0.0000e+00
      0.020      0.014     7.7059     81.609     29.790  25.535236     2.3400     0.5521     0.0426     0.1269 2.7467e+02     1.3201      0.019      0.028    17.8600 0.0000e+00
      0.023      0.012     7.7712     80.717     29.761  25.509636     2.3400     0.5788     0.0426     0.1269 3.1904e+02     1.2299      0.022      0.033    17.8596 0.0000e+00
      0.026      0.011     7.8043     79.588     29.745  25.496118     2.3400     0.6436     0.0426     0.1269 4.5474e+02     1.4554      0.025      0.037    17.8585 0.0000e+00
      0.028      0.009     7.7974     78.354     29.734  25.487116     2.3400     0.6169     0.0426     0.1269 3.0834e+02     1.3351      0.028      0.040    17.8565 0.0000e+00
      0.030      0.008     7.7482     77.115     29.721  25.476272     2.3400     0.5979     0.0426     0.1269 3.5519e+02     1.3652      0.030      0.043    17.8546 0.0000e+00
      0.032      0.007     7.6636     75.969     29.707  25.464652     2.3400     0.6246     0.0426     0.1269 3.4290e+02     1.3652      0.032      0.046    17.8534 0.0000e+00
      0.034      0.005     7.5565     75.043     29.702  25.461036     2.3400     0.6131     0.0426     0.1269 4.7971e+02     1.0496      0.033      0.048    17.8534 0.0000e+00
      0.035      0.004     7.4392     74.453     29.710  25.468418     2.3400     0.6284     0.0426     0.1269 5.5719e+02     0.9444      0.034      0.050    17.8541 0.0000e+00
      0.036      0.003     7.3214     74.249     29.718  25.476889     2.3400     0.6131     0.0426     0.1269 4.9884e+02     1.0045      0.035      0.051    17.8551 0.0000e+00
      0.036      0.003     7.2125     74.424     29.721  25.480790     2.3400     0.6436     0.0426     0.0846 4.7350e+02     1.0045      0.036      0.052    17.8559 0.0000e+00
      0.037      0.002     7.1245     74.936     29.721  25.481162     2.3400     0.6780     0.0426     0.0846 3.3256e+02     1.0496      0.036      0.053    17.8568 0.0000e+00
      0.037      0.002     7.0683     75.701     29.717  25.478104     2.3400     0.6932     0.0426     0.0846 4.2382e+02     1.0045      0.037      0.054    17.8583 0.0000e+00
      0.038      0.002     7.0486     76.589     29.710  25.470800     2.3400     0.6970     0.0426     0.0846 3.5067e+02     1.0796      0.037      0.054    17.8604 0.0000e+00
      0.038      0.001     7.0649     77.462     29.695  25.457302     2.3400     0.6932     0.0426     0.0846 4.7103e+02     1.0345      0.038      0.055    17.8624 0.0000e+00
      0.038      0.001     7.1133     78.198     29.675  25.437970     2.3400     0.7390     0.0426     0.0846 4.0465e+02     1.2901      0.038      0.055    17.8636 0.0000e+00
      0.039      0.001     7.1860     78.713     29.655  25.419527     2.3400     0.7276     0.0426     0.0846 3.2961e+02     1.3351      0.038      0.055    17.8635 0.0000e+00
      0.039      0.001     7.2705     78.988     29.644  25.408930     2.3400     0.7352     0.0426     0.0846 3.5962e+02     1.3201      0.038      0.055    17.8621 0.0000e+00
      0.039      0.001     7.3537     79.048     29.643  25.407314     2.4300     0.7390     0.0000     0.1692 3.5650e+02     1.1999      0.039      0.056    17.8599 0.0000e+00
      0.039      0.001     7.4239     78.952     29.646  25.410289     2.4300     0.7161     0.0000     0.1692 3.2084e+02     1.0195      0.039      0.056    17.8574 0.0000e+00
      0.040      0.001     7.4732     78.785     29.652  25.414688     2.4300     0.7505     0.0000     0.1692 4.0307e+02     1.0496      0.039      0.056    17.8550 0.0000e+00
      0.040      0.001     7.4995     78.642     29.660  25.421685     2.4300     0.7428     0.0000     0.1692 4.3013e+02     1.0947      0.039      0.057    17.8531 0.0000e+00
      0.040      0.001     7.5055     78.592     29.669  25.429185     2.4300     0.7390     0.0000     0.1692 4.4914e+02     0.9744      0.040      0.058    17.8520 0.0000e+00
      0.041      0.001     7.4965     78.659     29.676  25.435231     2.4300     0.7085     0.0000     0.1692 4.4198e+02     1.2750      0.040      0.058    17.8515 0.0000e+00
      0.041      0.001     7.4806     78.808     29.688  25.445394     2.4300     0.7276     0.0000     0.1692 3.6307e+02     1.3652      0.040      0.059    17.8513 0.0000e+00
      0.041      0.001     7.4671     78.963     29.712  25.466343     2.4300     0.7352     0.0000     0.1692 6.3120e+02     1.2600      0.040      0.059    17.8510 0.0000e+00
      0.041      0.000     7.4624     79.051     29.751  25.499705     2.4300     0.7276     0.0000     0.1692 5.1526e+02     1.2600      0.041      0.059    17.8506 0.0000e+00
      0.041      0.000     7.4688     79.016     29.800  25.542499     2.3400     0.7886     0.0000     0.1692 3.7575e+02     0.9894      0.041      0.059    17.8503 0.0000e+00
      0.041      0.000     7.4830     78.813     29.845  25.582383     2.3400     0.8039     0.0000     0.1692 3.5465e+02     1.1097      0.040      0.059    17.8503 0.0000e+00
      0.041     -0.001     7.4976     78.432     29.866  25.602278     2.3400     0.7924     0.0000     0.1692 3.0309e+02     1.1247      0.040      0.059    17.8506 0.0000e+00
      0.041     -0.001     7.5059     77.903     29.869  25.607491     2.3400     0.7657     0.0000     0.1692 3.7372e+02     1.0496      0.041      0.059    17.8514 0.0000e+00
      0.041     -0.002     7.5023     77.301     29.895  25.631083     2.3400     0.7047     0.0426     0.0846 5.2669e+02     1.0345      0.040      0.059    17.8531 0.0000e+00
      0.041     -0.003     7.4826     76.718     29.958  25.687266     2.3400     0.7161     0.0426     0.0846 4.8632e+02     0.9744      0.040      0.058    17.8557 0.0000e+00
      0.039     -0.004     7.4459     76.207     30.028  25.749448     2.3400     0.7314     0.0426     0.0846 3.3942e+02     1.0345      0.039      0.056    17.8588 0.0000e+00
      0.038     -0.005     7.3952     75.757     30.067  25.786704     2.3400     0.7428     0.0426     0.0846 5.5840e+02     1.0045      0.037      0.054    17.8619 0.0000e+00
      0.037     -0.007     7.3377     75.322     30.068  25.793132     2.4300     0.6436     0.0000     0.1692 2.7882e+02     1.3652      0.036      0.052    17.8646 0.0000e+00
      0.035     -0.008     7.2819     74.856     30.044  25.778363     2.4300     0.6208     0.0000     0.1692 3.3422e+02     1.2299      0.035      0.050    17.8678 0.0000e+00
      0.033     -0.009     7.2327     74.326     30.001  25.748359     2.4300     0.6208     0.0000     0.1692 4.0351e+02     1.2600      0.033      0.047    17.8723 0.0000e+00
      0.030     -0.010     7.1891     73.727     29.950  25.710954     2.4300     0.6017     0.0000     0.1692 6.8108e+02     1.2750      0.030      0.043    17.8787 0.0000e+00
      0.027     -0.010     7.1466     73.082     29.905  25.675972     2.3400     0.7390     0.0426     0.2115 9.5862e+02     0.9594      0.027      0.039    17.8874 0.0000e+00
      0.024     -0.009     7.1007     72.446     29.863  25.642001     2.3400     0.7428     0.0426     0.2115 1.3774e+03     1.0796      0.024      0.034    17.8981 0.0000e+00
      0.022     -0.006     7.0488     71.890     29.823  25.607900     2.3400     0.7314     0.0426     0.2115 7.1677e+02     0.9894      0.021      0.030    17.9094 0.0000e+00
      0.020     -0.003     6.9906     71.495     29.803  25.588331     2.3400     0.7199     0.0426     0.2115 7.9349e+02     1.0646      0.019      0.028    17.9191 0.0000e+00
      0.019      0.001     6.9286     71.305     29.820  25.601830     2.3400     0.8000     0.0426     0.2115 7.5350e+02     1.2600      0.019      0.027    17.9257 0.0000e+00
      0.020      0.004     6.8678     71.302     29.875  25.648037     2.3400     0.7886     0.0426     0.2961 7.0948e+02     1.3502      0.019      0.028    17.9289 0.0000e+00
      0.022      0.007     6.8152     71.400     29.943  25.707601     2.3400     0.7695     0.0426     0.2961 1.3771e+03     1.3351      0.021      0.031    17.9284 0.0000e+00
      0.025      0.009     6.7781     71.485     30.003  25.760774     2.3400     0.8000     0.0426     0.2961 7.8322e+02     1.3652      0.024      0.036    17.9254 0.0000e+00
      0.029      0.010     6.7605     71.456     30.045  25.797980     2.3400     0.6093     0.0426     0.2961 9.1467e+02     1.0045      0.028      0.041    17.9222 0.0000e+00
      0.031      0.010     6.7603     71.239     30.072  25.821223     2.3400     0.6246     0.0000     0.2115 4.0203e+02     1.1097      0.030      0.045    17.9216 0.0000e+00
      0.033      0.009     6.7692     70.812     30.090  25.836701     2.3400     0.6169     0.0000     0.2115 6.7842e+02     1.1097      0.033      0.048    17.9238 0.0000e+00
      0.035      0.009     6.7770     70.194     30.102  25.848542     2.3400     0.5940     0.0000     0.2115 1.0378e+03     1.0345      0.035      0.050    17.9267 0.0000e+00
      0.037      0.008     6.7740     69.443     30.111  25.857923     2.3400     0.6780     0.0000     0.2115 1.4049e+03     1.3051      0.037      0.053    17.9281 0.0000e+00
      0.039      0.008     6.7534     68.642     30.114  25.863386     2.3400     0.6970     0.0000     0.1692 7.6339e+02     1.2600      0.039      0.056    17.9284 0.0000e+00
      0.042      0.008     6.7129     67.881     30.114  25.866390     2.3400     0.6970     0.0000     0.1692 5.6967e+02     1.2450      0.041      0.059    17.9287 0.0000e+00
      0.044      0.007     6.6542     67.231     30.115  25.871694     2.3400     0.6932     0.0000     0.1692 8.4731e+02     1.3051      0.043      0.062    17.9302 0.0000e+00
      0.046      0.006     6.5826     66.723     30.122  25.882692     2.3400     0.6703     0.0000     0.1692 9.1288e+02     1.0345      0.045      0.065    17.9332 0.0000e+00
      0.047      0.003     6.5060     66.353     30.136  25.900338     2.3400     0.6742     0.0000     0.1692 8.5360e+02     1.0045      0.046      0.067    17.9379 0.0000e+00
      0.048      0.001     6.4331     66.091     30.152  25.921419     2.3400     0.6780     0.0426     0.2538 6.8837e+02     1.0045      0.047      0.068    17.9439 0.0000e+00
