Data/DataNotYetUploadedToEDI/Raw_CTD/RawDownloads/050823_fcr50_S8188006.cnv
* Sea-Bird SBE19plus  Data File:
* FileName = C:\R\Reservoirs\Data\DataNotYetUploadedToEDI\Raw_CTD\RawDownloads\042423_bvr50_S8188_0006.hex
* Software version 2.8.0.119
* Temperature SN = 8188
* Conductivity SN = 8188
* System UpLoad Time = May 11 2023 10:39:50
* <ApplicationData>
* <Seaterm232>
# nquan = 16
# nvalues = 915                         
# units = specified
# name 0 = depFM: Depth [fresh water, m]
# name 1 = dz/dtM: Descent Rate [m/s]
# name 2 = sbeox0Mg/L: Oxygen, SBE 43 [mg/l]
# name 3 = sbeox0PS: Oxygen, SBE 43 [% saturation]
# name 4 = specc: Specific Conductance [uS/cm]
# name 5 = c0uS/cm: Conductivity [uS/cm]
# name 6 = wetCDOM: Fluorescence, WET Labs CDOM [mg/m^3]
# name 7 = flECO-AFL: Fluorescence, WET Labs ECO-AFL/FL [mg/m^3]
# name 8 = flECO-AFL1: Fluorescence, WET Labs ECO-AFL/FL, 2 [mg/m^3]
# name 9 = flECO-AFL2: Fluorescence, WET Labs ECO-AFL/FL, 3 [mg/m^3]
# name 10 = par/sat/log: PAR/Logarithmic, Satlantic
# name 11 = turbWETntu0: Turbidity, WET Labs ECO [NTU]
# name 12 = prdM: Pressure, Strain Gauge [db]
# name 13 = prdE: Pressure, Strain Gauge [psi]
# name 14 = tv290C: Temperature [ITS-90, deg C]
# name 15 = flag:  0.000e+00
# span 0 =     -0.694,      9.423       
# span 1 =     -0.631,      0.121       
# span 2 =    -2.4376,    15.1024       
# span 3 =    -21.314,    132.156       
# span 4 =      0.481,    173.843       
# span 5 =   0.509912, 119.611857       
# span 6 =    -4.9500,    23.5800       
# span 7 =    -1.0654,     5.5036       
# span 8 =    -2.3004,     3.4932       
# span 9 =    -7.4025,     8.5869       
# span 10 = 1.8694e-01, 2.9062e+03      
# span 11 =    -1.5657,   116.1804      
# span 12 =     -0.681,      9.241      
# span 13 =     -0.988,     13.402      
# span 14 =     9.4004,    27.9773      
# span 15 = 0.0000e+00, 0.0000e+00      
# interval = seconds: 0.25
# start_time = May 08 2023 12:51:36 [Instrument's time stamp, header]
# bad_flag = -9.990e-29
*END*
[from data line 181]
      0.209      0.091     9.8028    105.394     36.871  32.689131     3.4200     2.5091     0.0852     0.8883 2.6299e+02     2.6428      0.205      0.296    19.4296 0.0000e+00
      0.233      0.092     9.7671    105.249     36.866  32.667903     3.4200     2.5014     0.0426     0.9306 2.4634e+02     2.6879      0.228      0.330    19.4006 0.0000e+00
      0.257      0.091     9.7427    105.143     36.852  32.641226     3.4200     2.4938     0.0426     0.9306 3.2301e+02     2.6578      0.252      0.365    19.3736 0.0000e+00
      0.281      0.088     9.7250    105.059     36.843  32.619810     3.4200     2.6197     0.0426     0.9306 3.9304e+02     2.6879      0.276      0.400    19.3481 0.0000e+00
      0.304      0.085     9.7117    104.994     36.842  32.605863     3.4200     2.6540     0.0426     0.9306 3.6696e+02     2.6879      0.298      0.432    19.3240 0.0000e+00
      0.325      0.081     9.7026    104.944     36.837  32.587745     3.3300     2.6121     0.0000     0.9306 3.2273e+02     2.6277      0.319      0.463    19.3021 0.0000e+00
      0.345      0.076     9.6966    104.892     36.814  32.548743     3.3300     2.6006     0.0000     0.9306 3.2358e+02     2.6879      0.338      0.490    19.2824 0.0000e+00
      0.363      0.072     9.6925    104.814     36.764  32.478456     3.3300     2.7952     0.0000     0.9306 3.5751e+02     2.6578      0.356      0.516    19.2643 0.0000e+00
      0.380      0.069     9.6900    104.675     36.709  32.389825     3.3300     2.8104     0.0000     0.9306 3.2975e+02     2.6578      0.373      0.541    19.2466 0.0000e+00
      0.397      0.066     9.6891    104.441     36.681  32.312679     3.3300     2.8066     0.0000     0.9306 3.3721e+02     2.6578      0.389      0.564    19.2273 0.0000e+00
      0.414      0.064     9.6892    104.111     36.675  32.252184     3.4200     2.8104     0.0000     1.0152 3.7633e+02     2.5977      0.406      0.588    19.2024 0.0000e+00
      0.430      0.061     9.6890    103.730     36.668  32.192207     3.4200     2.8638     0.0000     1.0152 3.3133e+02     2.7029      0.422      0.612    19.1659 0.0000e+00
      0.446      0.059     9.6867    103.339     36.658  32.130612     3.4200     2.8524     0.0000     1.0152 3.0653e+02     2.7179      0.437      0.634    19.1118 0.0000e+00
      0.460      0.057     9.6787    102.953     36.660  32.080676     3.4200     2.8409     0.0000     1.0152 2.6328e+02     2.7029      0.451      0.654    19.0412 0.0000e+00
      0.474      0.055     9.6629    102.599     36.678  32.052841     3.3300     2.8905     0.0852     0.9729 2.6060e+02     2.6728      0.465      0.674    18.9654 0.0000e+00
      0.487      0.053     9.6418    102.331     36.710  32.051563     3.3300     2.8638     0.0852     0.9729 3.0329e+02     2.8983      0.478      0.693    18.8924 0.0000e+00
      0.500      0.052     9.6194    102.206     36.746  32.068579     3.3300     2.8791     0.0852     0.9729 3.3169e+02     2.9584      0.490      0.712    18.8205 0.0000e+00
      0.513      0.051     9.5971    102.258     36.758  32.076744     3.3300     2.8638     0.0852     0.9729 3.0500e+02     2.8081      0.503      0.730    18.7501 0.0000e+00
      0.526      0.052     9.5757    102.472     36.725  32.050514     3.3300     2.8486     0.0426     0.9306 2.7082e+02     2.9283      0.515      0.748    18.6908 0.0000e+00
      0.539      0.053     9.5585    102.785     36.654  31.982895     3.3300     3.0012     0.0426     0.9306 2.4688e+02     2.8532      0.528      0.766    18.6510 0.0000e+00
      0.552      0.054     9.5507    103.109     36.572  31.887540     3.3300     3.0050     0.0426     0.9306 1.8807e+02     2.8682      0.541      0.785    18.6314 0.0000e+00
      0.566      0.056     9.5562    103.370     36.520  31.796446     3.3300     2.9897     0.0426     0.9306 1.7552e+02     2.8532      0.555      0.805    18.6285 0.0000e+00
      0.581      0.058     9.5756    103.502     36.517  31.732843     3.5100     3.0164     0.0426     0.9306 1.7078e+02     2.8382      0.569      0.826    18.6318 0.0000e+00
      0.596      0.059     9.6064    103.489     36.539  31.689665     3.5100     2.9935     0.0426     0.9306 1.6136e+02     2.8832      0.584      0.847    18.6237 0.0000e+00
      0.612      0.060     9.6433    103.377     36.550  31.645494     3.5100     2.9668     0.0426     0.9306 1.5724e+02     2.8832      0.600      0.870    18.5906 0.0000e+00
      0.628      0.060     9.6799    103.227     36.538  31.586570     3.5100     3.0164     0.0426     0.9306 1.5629e+02     2.9283      0.616      0.893    18.5285 0.0000e+00
      0.643      0.059     9.7087    103.075     36.506  31.507080     3.5100     2.9935     0.0426     0.9306 1.5642e+02     2.8081      0.631      0.915    18.4451 0.0000e+00
      0.658      0.059     9.7244    102.942     36.471  31.411568     3.6000     2.9859     0.0426     1.0998 1.5762e+02     2.9133      0.645      0.936    18.3597 0.0000e+00
      0.672      0.058     9.7285    102.850     36.466  31.324064     3.6000     3.0012     0.0426     1.0998 1.5886e+02     2.7780      0.660      0.957    18.2861 0.0000e+00
      0.687      0.057     9.7274    102.824     36.492  31.256873     3.6000     2.9973     0.0426     1.0998 1.6049e+02     2.7780      0.674      0.977    18.2204 0.0000e+00
      0.701      0.057     9.7272    102.927     36.518  31.196032     3.6000     3.0012     0.0426     1.0998 1.6231e+02     2.8532      0.688      0.998    18.1494 0.0000e+00
      0.716      0.056     9.7328    103.237     36.519  31.123333     3.6900     2.9287     0.0852     1.0152 1.6530e+02     2.8081      0.702      1.018    18.0594 0.0000e+00
      0.730      0.056     9.7467    103.785     36.485  31.021367     3.6900     2.9096     0.0852     1.0152 1.6674e+02     2.8081      0.716      1.039    17.9462 0.0000e+00
      0.745      0.056     9.7691    104.535     36.425  30.888685     3.6900     2.9478     0.0852     1.0152 1.6952e+02     2.9283      0.730      1.059    17.8233 0.0000e+00
      0.759      0.056     9.8021    105.412     36.376  30.755243     3.6900     2.9249     0.0852     1.0152 1.7018e+02     2.8682      0.744      1.079    17.7094 0.0000e+00
      0.773      0.056     9.8525    106.347     36.361  30.648816     3.6900     2.9516     0.0426     1.1844 1.7328e+02     3.0185      0.758      1.099    17.6082 0.0000e+00
      0.787      0.057     9.9257    107.314     36.366  30.566759     3.6900     3.0050     0.0426     1.1844 1.7575e+02     3.1237      0.772      1.120    17.5075 0.0000e+00
      0.802      0.058    10.0210    108.305     36.364  30.491147     3.6900     2.9859     0.0426     1.1844 1.7926e+02     3.0786      0.786      1.141    17.3951 0.0000e+00
      0.817      0.059    10.1317    109.292     36.352  30.417653     3.6900     3.0088     0.0426     1.1844 1.8169e+02     3.0486      0.801      1.162    17.2695 0.0000e+00
      0.832      0.060    10.2489    110.240     36.351  30.362319     3.6900     3.1843     0.0426     1.1844 1.8967e+02     3.0486      0.816      1.183    17.1408 0.0000e+00
      0.847      0.061    10.3676    111.128     36.369  30.330186     3.8700     3.1728     0.0852     0.9729 2.0005e+02     3.1087      0.831      1.205    17.0226 0.0000e+00
      0.863      0.063    10.4854    111.951     36.389  30.308725     3.8700     3.1728     0.0852     0.9729 2.0157e+02     3.0786      0.846      1.227    16.9209 0.0000e+00
      0.879      0.064    10.5999    112.691     36.403  30.292211     3.8700     3.1881     0.0852     0.9729 2.0834e+02     3.1087      0.862      1.250    16.8340 0.0000e+00
      0.896      0.064    10.7085    113.302     36.413  30.280199     3.8700     3.2873     0.0852     0.9729 2.1236e+02     3.6498      0.878      1.274    16.7584 0.0000e+00
      0.913      0.065    10.8091    113.754     36.418  30.271466     4.1400     3.3025     0.0426     1.2267 2.0591e+02     3.6047      0.895      1.298    16.6939 0.0000e+00
      0.929      0.064    10.9009    114.049     36.424  30.265663     4.1400     3.2835     0.0426     1.2267 2.0475e+02     3.6798      0.911      1.322    16.6418 0.0000e+00
      0.946      0.064    10.9818    114.215     36.423  30.255302     4.1400     3.3140     0.0426     1.2267 2.0681e+02     3.5446      0.927      1.345    16.6023 0.0000e+00
      0.962      0.063    11.0476    114.280     36.414  30.235640     4.1400     3.4093     0.0426     1.2267 2.0333e+02     3.6047      0.943      1.368    16.5750 0.0000e+00
      0.978      0.063    11.0957    114.259     36.400  30.209353     4.1400     3.4246     0.0426     1.1844 2.0175e+02     3.5446      0.958      1.390    16.5568 0.0000e+00
      0.993      0.062    11.1277    114.156     36.383  30.175372     4.1400     3.3750     0.0426     1.1844 2.0373e+02     3.4694      0.974      1.412    16.5427 0.0000e+00
      1.009      0.063    11.1471    113.977     36.361  30.132555     4.1400     3.4170     0.0426     1.1844 1.9866e+02     3.5746      0.989      1.435    16.5286 0.0000e+00
      1.024      0.063    11.1572    113.730     36.336  30.083343     4.1400     3.5886     0.0426     1.1844 1.9418e+02     3.5295      1.005      1.457    16.5123 0.0000e+00
      1.040      0.064    11.1599    113.419     36.315  30.034411     4.1400     3.5924     0.0852     1.3113 1.9013e+02     3.5897      1.020      1.480    16.4919 0.0000e+00
      1.057      0.064    11.1560    113.066     36.309  29.996470     4.1400     3.5963     0.0852     1.3113 1.8653e+02     3.5596      1.036      1.503    16.4655 0.0000e+00
      1.074      0.064    11.1464    112.707     36.314  29.967320     4.1400     3.6001     0.0852     1.3113 1.8268e+02     3.5145      1.053      1.527    16.4319 0.0000e+00
      1.091      0.063    11.1316    112.383     36.310  29.931266     4.1400     3.6573     0.0852     1.3113 1.7693e+02     3.5295      1.069      1.551    16.3920 0.0000e+00
      1.107      0.062    11.1114    112.125     36.299  29.890573     4.1400     3.6764     0.0852     1.3113 1.7460e+02     3.5295      1.085      1.574    16.3485 0.0000e+00
      1.122      0.060    11.0874    111.953     36.295  29.858149     4.1400     3.6764     0.0426     1.3113 1.7186e+02     3.5897      1.101      1.596    16.3032 0.0000e+00
      1.137      0.058    11.0629    111.869     36.299  29.833266     4.1400     3.6459     0.0426     1.3113 1.7141e+02     3.5746      1.115      1.617    16.2571 0.0000e+00
      1.151      0.056    11.0416    111.859     36.301  29.809287     4.1400     3.7870     0.0426     1.3113 1.6725e+02     3.5897      1.129      1.638    16.2118 0.0000e+00
      1.165      0.055    11.0264    111.889     36.298  29.781797     4.1400     3.7756     0.0426     1.3113 1.6813e+02     3.5295      1.143      1.657    16.1687 0.0000e+00
      1.179      0.055    11.0190    111.912     36.291  29.751385     4.2300     3.7717     0.0426     1.3959 1.6769e+02     3.4694      1.156      1.677    16.1280 0.0000e+00
      1.192      0.056    11.0196    111.889     36.284  29.719839     4.2300     3.7717     0.0426     1.3959 1.6761e+02     3.5897      1.170      1.696    16.0899 0.0000e+00
      1.206      0.057    11.0270    111.801     36.275  29.686668     4.2300     3.7260     0.0426     1.3959 1.6642e+02     3.5596      1.183      1.716    16.0546 0.0000e+00
      1.221      0.058    11.0379    111.642     36.263  29.650943     4.2300     3.7298     0.0426     1.3959 1.6555e+02     3.5596      1.198      1.737    16.0205 0.0000e+00
      1.236      0.059    11.0481    111.424     36.251  29.615017     4.2300     3.7145     0.0426     1.3113 1.6548e+02     3.6197      1.213      1.759    15.9863 0.0000e+00
      1.252      0.060    11.0541    111.164     36.240  29.581190     4.2300     3.7069     0.0426     1.3113 1.6401e+02     3.6197      1.228      1.781    15.9512 0.0000e+00
      1.268      0.060    11.0538    110.880     36.225  29.544398     4.2300     4.0426     0.0426     1.3113 1.6157e+02     3.3642      1.243      1.804    15.9152 0.0000e+00
      1.284      0.059    11.0465    110.586     36.198  29.494831     4.2300     4.0273     0.0426     1.3113 1.6052e+02     3.3342      1.259      1.826    15.8792 0.0000e+00
      1.299      0.059    11.0332    110.281     36.167  29.435110     4.2300     4.0464     0.0426     1.3959 1.6150e+02     3.3642      1.274      1.848    15.8437 0.0000e+00
      1.313      0.058    11.0155    109.947     36.157  29.384946     4.2300     4.0083     0.0426     1.3959 1.6302e+02     3.2139      1.288      1.868    15.8095 0.0000e+00
      1.327      0.057    10.9952    109.574     36.164  29.346801     4.2300     4.2829     0.0426     1.3959 1.6263e+02     3.5295      1.302      1.888    15.7757 0.0000e+00
      1.342      0.056    10.9750    109.167     36.153  29.298620     4.2300     4.2753     0.0426     1.3959 1.5868e+02     3.6498      1.316      1.908    15.7375 0.0000e+00
      1.356      0.056    10.9560    108.747     36.116  29.229535     4.2300     4.2562     0.0426     1.3959 1.5775e+02     3.5446      1.330      1.928    15.6893 0.0000e+00
      1.370      0.057    10.9364    108.312     36.078  29.152800     4.2300     4.2944     0.0852     1.4382 1.6077e+02     3.5746      1.344      1.949    15.6311 0.0000e+00
      1.384      0.058    10.9133    107.853     36.061  29.081612     4.2300     4.3478     0.0852     1.4382 1.5976e+02     3.5295      1.357      1.969    15.5708 0.0000e+00
      1.399      0.059    10.8855    107.373     36.061  29.016782     4.2300     4.3401     0.0852     1.4382 1.5772e+02     3.5897      1.372      1.989    15.5159 0.0000e+00
      1.414      0.061    10.8559    106.884     36.073  28.960820     4.2300     4.3287     0.0852     1.4382 1.5500e+02     3.5295      1.386      2.011    15.4625 0.0000e+00
      1.429      0.063    10.8273    106.390     36.088  28.910679     4.2300     4.3516     0.0852     1.4805 1.5537e+02     3.5295      1.402      2.033    15.3988 0.0000e+00
      1.446      0.065    10.7998    105.897     36.091  28.856944     4.2300     4.2677     0.0852     1.4805 1.5147e+02     3.7851      1.418      2.056    15.3193 0.0000e+00
      1.463      0.068    10.7724    105.402     36.087  28.803105     4.2300     4.2791     0.0852     1.4805 1.4818e+02     3.6949      1.434      2.081    15.2297 0.0000e+00
      1.480      0.071    10.7444    104.894     36.087  28.754601     4.2300     4.2638     0.0852     1.4805 1.5006e+02     3.7851      1.451      2.105    15.1384 0.0000e+00
      1.498      0.074    10.7146    104.369     36.089  28.708395     4.2300     4.2905     0.0852     1.6497 1.4902e+02     3.7099      1.469      2.131    15.0523 0.0000e+00
      1.518      0.076    10.6828    103.831     36.091  28.664045     4.2300     4.2791     0.0852     1.6497 1.4418e+02     3.7099      1.488      2.158    14.9750 0.0000e+00
      1.538      0.078    10.6491    103.268     36.096  28.625560     4.2300     4.2867     0.0852     1.6497 1.3919e+02     3.6648      1.508      2.188    14.9045 0.0000e+00
      1.559      0.079    10.6132    102.672     36.102  28.590595     4.2300     4.2677     0.0852     1.6497 1.3523e+02     3.7249      1.529      2.217    14.8369 0.0000e+00
      1.580      0.079    10.5753    102.060     36.101  28.553785     4.2300     4.2867     0.0852     1.6074 1.3264e+02     3.7550      1.550      2.247    14.7708 0.0000e+00
      1.600      0.077    10.5351    101.470     36.101  28.521153     4.2300     4.2944     0.0852     1.6074 1.3027e+02     3.8752      1.569      2.276    14.7075 0.0000e+00
      1.620      0.075    10.4915    100.930     36.112  28.499833     4.2300     4.2905     0.0852     1.6074 1.2750e+02     3.8301      1.588      2.303    14.6483 0.0000e+00
      1.638      0.072    10.4433    100.464     36.131  28.488098     4.2300     4.2905     0.0852     1.6074 1.2400e+02     3.8001      1.607      2.330    14.5937 0.0000e+00
