Data/DataNotYetUploadedToEDI/Raw_CTD/RawDownloads/050922_bvr50_0006.cnv
* Sea-Bird SBE19plus  Data File:
* FileName = C:\R\Reservoirs\Data\DataNotYetUploadedToEDI\Raw_CTD\RawDownloads\050922_bvr50_0006.hex
* Software version 2.8.0.119
* Temperature SN = 7809
* Conductivity SN = 7809
* System UpLoad Time = May 09 2022 16:24:02
* <ApplicationData>
* <Seaterm232>
# nquan = 15
# nvalues = 3296                        
# units = specified
# name 0 = depFM: Depth [fresh water, m]
# name 1 = dz/dtM: Descent Rate [m/s]
# name 2 = sbeox0Mg/L: Oxygen, SBE 43 [mg/l]
# name 3 = sbeox0PS: Oxygen, SBE 43 [% saturation]
# name 4 = specc: Specific Conductance [uS/cm]
# name 5 = c0uS/cm: Conductivity [uS/cm]
# name 6 = flECO-AFL: Fluorescence, WET Labs ECO-AFL/FL [mg/m^3]
# name 7 = ph: pH
# name 8 = orp: Oxidation Reduction Potential [mV]
# name 9 = par/sat/log: PAR/Logarithmic, Satlantic
# name 10 = turbWETntu0: Turbidity, WET Labs ECO [NTU]
# name 11 = prdM: Pressure, Strain Gauge [db]
# name 12 = prdE: Pressure, Strain Gauge [psi]
# name 13 = tv290C: Temperature [ITS-90, deg C]
# name 14 = flag:  0.000e+00
# span 0 =     -0.684,      9.380       
# span 1 =     -0.316,      0.511       
# span 2 =    -0.0164,     9.1680       
# span 3 =     -0.103,     94.315       
# span 4 =      0.374,     50.478       
# span 5 =   0.309038,  34.760284       
# span 6 =    -2.0191,    12.7649       
# span 7 =     -2.259,      7.925       
# span 8 = -1240.7455,  1239.5911       
# span 9 = 1.7807e-01, 2.7225e+03       
# span 10 =    -6.2125,    16.4038      
# span 11 =     -0.671,      9.199      
# span 12 =     -0.974,     13.341      
# span 13 =     9.4187,    16.7895      
# span 14 = 0.0000e+00, 0.0000e+00      
# interval = seconds: 0.25
# start_time = May 09 2022 08:46:20 [Instrument's time stamp, header]
# bad_flag = -9.990e-29
*END*
[from data line 579]
      2.701      0.022     8.8940     90.617     26.508  21.828833     4.3818      7.244   284.1611 9.1055e+01     1.9663      2.647      3.839    16.1813 0.0000e+00
      2.706      0.023     8.8951     90.595     26.542  21.855006     4.3694      7.243   284.1907 9.0915e+01     1.9483      2.652      3.847    16.1804 0.0000e+00
      2.712      0.024     8.9016     90.569     26.580  21.885368     4.3567      7.243   284.1234 9.0803e+01     1.9118      2.659      3.857    16.1801 0.0000e+00
      2.720      0.025     8.9119     90.569     26.574  21.879098     4.3534      7.243   284.0358 9.0732e+01     1.9005      2.667      3.868    16.1754 0.0000e+00
      2.727      0.026     8.9123     90.602     26.531  21.842561     4.3633      7.243   284.0771 9.0642e+01     1.9481      2.675      3.879    16.1700 0.0000e+00
      2.733      0.026     8.9099     90.634     26.509  21.823812     4.3849      7.242   284.2786 9.0561e+01     2.0098      2.681      3.886    16.1665 0.0000e+00
      2.739      0.026     8.9070     90.644     26.532  21.842505     4.3981      7.242   284.4940 9.0417e+01     2.0309      2.686      3.895    16.1641 0.0000e+00
      2.746      0.025     8.9060     90.629     26.577  21.878470     4.3978      7.242   284.6163 9.0200e+01     1.9994      2.692      3.904    16.1623 0.0000e+00
      2.754      0.025     8.9124     90.574     26.577  21.878455     4.4066      7.242   284.6391 9.0021e+01     1.9709      2.700      3.916    16.1602 0.0000e+00
      2.760      0.025     8.9159     90.490     26.534  21.842318     4.4213      7.242   284.5973 8.9991e+01     1.9598      2.708      3.927    16.1587 0.0000e+00
      2.765      0.025     8.9169     90.418     26.509  21.821751     4.4254      7.242   284.6283 9.0019e+01     1.8990      2.712      3.933    16.1574 0.0000e+00
      2.770      0.024     8.9166     90.379     26.508  21.819882     4.4227      7.241   284.7554 8.9999e+01     1.8849      2.716      3.940    16.1566 0.0000e+00
      2.776      0.024     8.9109     90.372     26.507  21.819727     4.4213      7.241   284.8432 8.9982e+01     1.9591      2.723      3.949    16.1564 0.0000e+00
      2.783      0.025     8.9010     90.400     26.507  21.819868     4.4248      7.241   284.8297 8.9986e+01     1.9764      2.729      3.959    16.1555 0.0000e+00
      2.789      0.026     8.8933     90.463     26.509  21.821595     4.4333      7.240   284.8505 8.9951e+01     1.9238      2.736      3.968    16.1537 0.0000e+00
      2.794      0.026     8.8902     90.549     26.532  21.840604     4.4408      7.240   284.9224 8.9870e+01     1.9032      2.740      3.975    16.1533 0.0000e+00
      2.801      0.025     8.8891     90.619     26.555  21.859600     4.4485      7.240   284.9241 8.9671e+01     1.9331      2.746      3.982    16.1540 0.0000e+00
      2.810      0.023     8.8917     90.641     26.557  21.861171     4.4846      7.240   284.9573 8.9409e+01     1.9772      2.756      3.997    16.1542 0.0000e+00
      2.817      0.021     8.8980     90.629     26.555  21.859601     4.5366      7.241   285.0662 8.9350e+01     1.9922      2.765      4.011    16.1544 0.0000e+00
      2.821      0.020     8.9077     90.599     26.531  21.840608     4.5607      7.242   285.1221 8.9441e+01     1.9444      2.767      4.013    16.1553 0.0000e+00
      2.823      0.020     8.9165     90.537     26.508  21.821643     4.5759      7.242   285.1165 8.9460e+01     1.9118      2.768      4.015    16.1558 0.0000e+00
      2.827      0.021     8.9177     90.467     26.507  21.820397     4.5798      7.241   285.0844 8.9396e+01     1.9050      2.772      4.020    16.1559 0.0000e+00
      2.832      0.022     8.9147     90.417     26.515  21.825537     4.5410      7.241   285.1635 8.9199e+01     1.8622      2.777      4.027    16.1558 0.0000e+00
      2.839      0.025     8.9142     90.371     26.511  21.820429     4.4897      7.242   285.3846 8.8914e+01     1.8378      2.783      4.037    16.1566 0.0000e+00
      2.847      0.027     8.9064     90.353     26.515  21.821999     4.4586      7.241   285.5208 8.8718e+01     1.8491      2.792      4.050    16.1575 0.0000e+00
      2.855      0.029     8.8971     90.398     26.543  21.844518     4.4478      7.241   285.6059 8.8453e+01     1.8965      2.801      4.061    16.1562 0.0000e+00
      2.862      0.029     8.8958     90.469     26.537  21.839225     4.4507      7.241   285.7264 8.8103e+01     1.9327      2.807      4.071    16.1534 0.0000e+00
      2.870      0.028     8.8901     90.524     26.516  21.821373     4.4526      7.241   285.7721 8.7932e+01     1.9113      2.815      4.082    16.1503 0.0000e+00
      2.877      0.027     8.8862     90.560     26.514  21.818770     4.4540      7.240   285.8145 8.7824e+01     1.9104      2.822      4.092    16.1476 0.0000e+00
      2.884      0.026     8.8937     90.584     26.500  21.807760     4.4594      7.240   285.8947 8.7570e+01     1.9222      2.828      4.102    16.1455 0.0000e+00
      2.890      0.025     8.9030     90.610     26.508  21.814989     4.4598      7.241   286.0534 8.7236e+01     1.9172      2.834      4.111    16.1443 0.0000e+00
      2.896      0.024     8.9073     90.642     26.542  21.842805     4.4588      7.241   286.1852 8.7023e+01     1.9182      2.840      4.120    16.1432 0.0000e+00
      2.902      0.023     8.9117     90.662     26.522  21.827238     4.4544      7.240   286.1116 8.7012e+01     1.9343      2.845      4.127    16.1426 0.0000e+00
      2.908      0.023     8.9130     90.663     26.509  21.816873     4.4569      7.239   286.1101 8.6795e+01     1.9761      2.851      4.136    16.1433 0.0000e+00
      2.913      0.023     8.9147     90.650     26.543  21.844224     4.4891      7.238   286.2524 8.6454e+01     1.9455      2.857      4.144    16.1438 0.0000e+00
      2.919      0.023     8.9195     90.625     26.539  21.841093     4.5114      7.239   286.3694 8.6181e+01     1.8030      2.863      4.152    16.1443 0.0000e+00
      2.925      0.022     8.9210     90.585     26.540  21.842378     4.5014      7.240   286.4069 8.5915e+01     1.6871      2.868      4.160    16.1449 0.0000e+00
      2.931      0.022     8.9211     90.539     26.561  21.859764     4.5101      7.240   286.3621 8.5814e+01     1.6711      2.874      4.169    16.1453 0.0000e+00
      2.937      0.022     8.9194     90.489     26.563  21.861203     4.5750      7.239   286.3442 8.5685e+01     1.7127      2.880      4.177    16.1455 0.0000e+00
      2.942      0.023     8.9175     90.457     26.561  21.859773     4.6610      7.237   286.3624 8.5507e+01     1.7465      2.885      4.184    16.1455 0.0000e+00
      2.947      0.024     8.9127     90.470     26.540  21.842480     4.6929      7.237   286.4092 8.5192e+01     1.7379      2.890      4.190    16.1457 0.0000e+00
      2.953      0.025     8.9087     90.517     26.540  21.842222     4.6775      7.237   286.4798 8.4816e+01     1.6768      2.896      4.201    16.1458 0.0000e+00
      2.959      0.025     8.9028     90.559     26.558  21.856649     4.6661      7.238   286.4428 8.4573e+01     1.6230      2.903      4.210    16.1462 0.0000e+00
      2.967      0.026     8.8976     90.563     26.523  21.826811     4.6560      7.238   286.3908 8.4250e+01     1.6336      2.910      4.220    16.1468 0.0000e+00
      2.975      0.027     8.9004     90.538     26.489  21.798291     4.6378      7.237   286.5393 8.3983e+01     1.6343      2.919      4.234    16.1465 0.0000e+00
      2.981      0.027     8.9059     90.516     26.526  21.828666     4.6209      7.237   286.7760 8.3793e+01     1.5970      2.923      4.240    16.1452 0.0000e+00
      2.987      0.026     8.9127     90.507     26.585  21.877229     4.6109      7.237   286.9295 8.3407e+01     1.5933      2.927      4.246    16.1441 0.0000e+00
      2.994      0.025     8.9120     90.496     26.588  21.878514     4.5912      7.237   287.0188 8.2895e+01     1.6580      2.936      4.259    16.1432 0.0000e+00
      3.001      0.024     8.9084     90.468     26.549  21.844195     4.5491      7.236   287.0818 8.2564e+01     1.7300      2.944      4.270    16.1425 0.0000e+00
      3.008      0.024     8.9059     90.423     26.551  21.842491     4.5171      7.236   287.0885 8.2418e+01     1.7465      2.950      4.279    16.1418 0.0000e+00
      3.013      0.023     8.9060     90.388     26.573  21.857910     4.5133      7.236   287.0999 8.2146e+01     1.7554      2.954      4.286    16.1411 0.0000e+00
      3.018      0.021     8.9059     90.402     26.555  21.840510     4.5197      7.237   287.2198 8.1871e+01     1.7685      2.960      4.293    16.1400 0.0000e+00
      3.023      0.019     8.9035     90.450     26.536  21.822211     4.5188      7.237   287.3328 8.1649e+01     1.7330      2.965      4.301    16.1361 0.0000e+00
      3.028      0.019     8.8999     90.469     26.545  21.826770     4.5109      7.236   287.4353 8.1352e+01     1.6689      2.970      4.308    16.1302 0.0000e+00
      3.033      0.018     8.8952     90.452     26.555  21.832262     4.5071      7.236   287.5988 8.1097e+01     1.6424      2.974      4.315    16.1241 0.0000e+00
      3.037      0.018     8.8981     90.455     26.550  21.825241     4.5233      7.235   287.6741 8.0844e+01     1.7200      2.979      4.320    16.1187 0.0000e+00
      3.041      0.019     8.9070     90.479     26.530  21.805235     4.5571      7.234   287.6571 8.0530e+01     1.8550      2.982      4.326    16.1140 0.0000e+00
      3.046      0.022     8.9106     90.489     26.506  21.780473     4.5738      7.234   287.5655 8.0244e+01     1.9089      2.987      4.333    16.1098 0.0000e+00
      3.051      0.024     8.9054     90.489     26.512  21.779321     4.5681      7.234   287.5130 7.9917e+01     1.8939      2.991      4.339    16.1051 0.0000e+00
      3.057      0.025     8.9077     90.478     26.534  21.791296     4.5716      7.234   287.6249 7.9379e+01     1.9129      2.996      4.346    16.0991 0.0000e+00
      3.066      0.026     8.9138     90.465     26.551  21.798512     4.5993      7.234   287.7140 7.8805e+01     1.9675      3.007      4.361    16.0927 0.0000e+00
      3.074      0.027     8.9147     90.453     26.566  21.803195     4.6280      7.234   287.7290 7.8362e+01     1.9726      3.016      4.374    16.0837 0.0000e+00
      3.081      0.027     8.9183     90.421     26.558  21.784541     4.6281      7.233   287.7211 7.8049e+01     1.9406      3.021      4.381    16.0710 0.0000e+00
      3.086      0.026     8.9183     90.341     26.558  21.763062     4.6087      7.232   287.7045 7.7726e+01     1.9226      3.027      4.390    16.0590 0.0000e+00
      3.092      0.025     8.9195     90.206     26.560  21.733577     4.5924      7.232   287.7006 7.7260e+01     1.9260      3.031      4.398    16.0471 0.0000e+00
      3.100      0.025     8.9217     90.036     26.547  21.681470     4.5804      7.232   287.6736 7.6795e+01     1.9479      3.040      4.409    16.0337 0.0000e+00
      3.106      0.026     8.9224     89.816     26.562  21.639933     4.5721      7.232   287.6365 7.6445e+01     1.9140      3.047      4.419    16.0156 0.0000e+00
      3.112      0.027     8.9238     89.535     26.610  21.611499     4.5675      7.232   287.6824 7.6047e+01     1.8914      3.051      4.425    15.9767 0.0000e+00
      3.118      0.028     8.9189     89.210     26.682  21.591069     4.5912      7.232   287.7119 7.5580e+01     1.9483      3.058      4.436    15.9152 0.0000e+00
      3.125      0.028     8.9180     88.828     26.771  21.582918     4.6334      7.230   287.7352 7.5175e+01     1.9866      3.064      4.446    15.8412 0.0000e+00
      3.133      0.028     8.9167     88.401     26.841  21.576220     4.6450      7.229   287.9639 7.4605e+01     1.9789      3.071      4.456    15.7395 0.0000e+00
      3.141      0.027     8.9106     87.997     26.881  21.573367     4.6318      7.229   288.1543 7.3992e+01     1.9239      3.081      4.469    15.6113 0.0000e+00
      3.149      0.026     8.9098     87.707     26.934  21.611744     4.6241      7.229   288.1434 7.3602e+01     1.8336      3.089      4.479    15.4573 0.0000e+00
      3.156      0.024     8.9016     87.607     26.965  21.660024     4.6270      7.229   288.1759 7.3206e+01     1.7760      3.095      4.489    15.2970 0.0000e+00
      3.161      0.023     8.8804     87.697     26.896  21.650205     4.6249      7.229   288.2895 7.2812e+01     1.7397      3.102      4.498    15.1677 0.0000e+00
      3.165      0.021     8.8497     87.926     26.807  21.619815     4.6149      7.228   288.3985 7.2450e+01     1.7016      3.105      4.504    15.1035 0.0000e+00
      3.170      0.021     8.8161     88.231     26.775  21.609471     4.6061      7.228   288.4618 7.2014e+01     1.6914      3.109      4.508    15.1015 0.0000e+00
      3.176      0.020     8.8002     88.519     26.762  21.588526     4.6110      7.228   288.4533 7.1556e+01     1.6847      3.115      4.517    15.1389 0.0000e+00
      3.182      0.020     8.7912     88.719     26.761  21.556662     4.6323      7.228   288.4672 7.1200e+01     1.6884      3.122      4.527    15.2474 0.0000e+00
      3.187      0.020     8.7966     88.786     26.802  21.541004     4.6389      7.228   288.5436 7.0948e+01     1.7021      3.126      4.533    15.3446 0.0000e+00
      3.192      0.020     8.8284     88.720     26.851  21.525880     4.6485      7.227   288.6025 7.0612e+01     1.7481      3.130      4.540    15.3643 0.0000e+00
      3.196      0.020     8.8624     88.574     26.876  21.500471     4.6903      7.227   288.6635 7.0209e+01     1.8684      3.134      4.546    15.3445 0.0000e+00
      3.201      0.021     8.8955     88.389     26.894  21.487199     4.7198      7.228   288.7655 6.9829e+01     1.9266      3.139      4.552    15.2867 0.0000e+00
      3.207      0.022     8.9218     88.165     26.914  21.492112     4.7310      7.228   288.8035 6.9497e+01     1.9057      3.145      4.561    15.1861 0.0000e+00
      3.213      0.023     8.9347     87.929     26.919  21.496502     4.7419      7.228   288.6916 6.9208e+01     1.9235      3.151      4.570    15.0711 0.0000e+00
      3.218      0.024     8.9344     87.738     26.899  21.476907     4.7106      7.227   288.6174 6.8773e+01     1.9363      3.155      4.577    14.9854 0.0000e+00
      3.224      0.025     8.9269     87.616     26.879  21.445287     4.6347      7.227   288.7661 6.8239e+01     1.9242      3.161      4.585    14.9326 0.0000e+00
      3.231      0.025     8.9073     87.573     26.883  21.431011     4.5819      7.228   288.9411 6.7756e+01     1.9132      3.169      4.596    14.9146 0.0000e+00
      3.238      0.025     8.8768     87.563     26.899  21.431011     4.5638      7.228   289.0136 6.7255e+01     1.8725      3.176      4.605    14.9289 0.0000e+00
      3.246      0.024     8.8586     87.545     26.926  21.445265     4.5739      7.227   289.1253 6.6777e+01     1.8077      3.183      4.616    14.9290 0.0000e+00
      3.252      0.023     8.8516     87.556     26.959  21.476613     4.6121      7.227   289.1735 6.6404e+01     1.7790      3.190      4.627    14.8893 0.0000e+00
      3.257      0.021     8.8569     87.608     26.958  21.493210     4.6342      7.227   289.1658 6.6128e+01     1.7983      3.194      4.634    14.8528 0.0000e+00
      3.262      0.020     8.8633     87.671     26.895  21.455855     4.6252      7.227   289.2903 6.5824e+01     1.7677      3.198      4.639    14.8307 0.0000e+00
      3.266      0.019     8.8622     87.729     26.835  21.405171     4.5871      7.226   289.3888 6.5527e+01     1.7498      3.203      4.645    14.8071 0.0000e+00
      3.270      0.019     8.8615     87.759     26.830  21.387330     4.5396      7.225   289.4098 6.5289e+01     1.8555      3.206      4.650    14.8176 0.0000e+00
