Data/DataNotYetUploadedToEDI/Raw_CTD/RawDownloads/050922_fcr50_0007.cnv
* Sea-Bird SBE19plus  Data File:
* FileName = C:\R\Reservoirs\Data\DataNotYetUploadedToEDI\Raw_CTD\RawDownloads\050922_bvr50_0007.hex
* Software version 2.8.0.119
* Temperature SN = 7809
* Conductivity SN = 7809
* System UpLoad Time = May 09 2022 16:24:40
* <ApplicationData>
* <Seaterm232>
# nquan = 15
# nvalues = 1456                        
# units = specified
# name 0 = depFM: Depth [fresh water, m]
# name 1 = dz/dtM: Descent Rate [m/s]
# name 2 = sbeox0Mg/L: Oxygen, SBE 43 [mg/l]
# name 3 = sbeox0PS: Oxygen, SBE 43 [% saturation]
# name 4 = specc: Specific Conductance [uS/cm]
# name 5 = c0uS/cm: Conductivity [uS/cm]
# name 6 = flECO-AFL: Fluorescence, WET Labs ECO-AFL/FL [mg/m^3]
# name 7 = ph: pH
# name 8 = orp: Oxidation Reduction Potential [mV]
# name 9 = par/sat/log: PAR/Logarithmic, Satlantic
# name 10 = turbWETntu0: Turbidity, WET Labs ECO [NTU]
# name 11 = prdM: Pressure, Strain Gauge [db]
# name 12 = prdE: Pressure, Strain Gauge [psi]
# name 13 = tv290C: Temperature [ITS-90, deg C]
# name 14 = flag:  0.000e+00
# span 0 =     -0.614,      9.708       
# span 1 =     -0.361,      0.272       
# span 2 =     0.0425,    11.6197       
# span 3 =      0.380,    108.043       
# span 4 =      0.911,    471.403       
# span 5 =   0.796265, 312.578237       
# span 6 =    -2.1043,    56.3835       
# span 7 =      5.102,      8.153       
# span 8 = -1240.7455,   564.4564       
# span 9 = 1.2362e-01, 2.6779e+03       
# span 10 =    -3.1931,   935.6317      
# span 11 =     -0.602,      9.520      
# span 12 =     -0.873,     13.807      
# span 13 =     8.0989,    18.7443      
# span 14 = 0.0000e+00, 0.0000e+00      
# interval = seconds: 0.25
# start_time = May 09 2022 10:46:59 [Instrument's time stamp, header]
# bad_flag = -9.990e-29
*END*
     -0.614 1.0356e-13     6.7726     72.749      0.911   0.796265    -0.0295      5.577 -1240.7455 1.5974e+02    -0.3285     -0.602     -0.873    18.7443 0.0000e+00
     -0.614 1.1391e-12     6.7836     72.796      0.939   0.820465    -0.0354      5.355 -1240.7455 1.6016e+02    -0.2905     -0.601     -0.872    18.7294 0.0000e+00
     -0.614 1.2530e-11     6.7830     72.846      0.955   0.834287    -0.0341      5.208 -1240.7455 2.1447e+02    -0.1967     -0.602     -0.873    18.7143 0.0000e+00
     -0.614 1.3783e-10     6.7787     72.944      0.958   0.836778    -0.0556      5.125 -1240.7455 8.4467e+02    -0.0483     -0.602     -0.873    18.7031 0.0000e+00
     -0.614 1.5162e-09     6.7928     73.028      0.973   0.850588    -0.0949      5.102 -1240.7451 1.9391e+03     0.2407     -0.602     -0.873    18.6930 0.0000e+00
     -0.614 1.6678e-08     6.7948     73.007      1.001   0.874659    -0.1102      5.135 -1240.7416 1.9077e+03     0.4615     -0.602     -0.873    18.6889 0.0000e+00
     -0.614 1.8345e-07     6.7968     72.922      1.001   0.874616    -0.1072      5.194 -1240.7023 7.8452e+02     0.4699     -0.602     -0.873    18.6886 0.0000e+00
     -0.613      0.000     6.8090     72.912      0.973   0.850063    -0.1082      5.276 -1240.2701 2.3274e+02     0.3076     -0.601     -0.872    18.6897 0.0000e+00
     -0.613      0.000     6.8210     72.967      0.951   0.831000    -0.1063      5.387 -1235.5157 3.2272e+02     0.1049     -0.601     -0.872    18.6910 0.0000e+00
     -0.613      0.000     6.8185     72.985      1.027   0.897334    -0.0927      5.511 -1183.2176 3.1830e+02     0.0349     -0.601     -0.872    18.6924 0.0000e+00
     -0.613      0.003     6.8012     72.952      2.038   1.778704    -0.0928      5.560  -607.9384 1.7710e+02    -0.0261     -0.601     -0.872    18.6934 0.0000e+00
     -0.613      0.015     6.8020     72.934      8.685   7.562721    -0.1745      5.746   304.7382 1.4912e+02    -0.8721     -0.601     -0.872    18.6949 0.0000e+00
     -0.613      0.045     6.8127     72.952     22.292  19.342375    -0.3068      6.310   564.4564 3.6732e+02    -2.4054     -0.601     -0.872    18.6957 0.0000e+00
     -0.612      0.095     6.8139     72.971     33.485  28.916132    -0.3697      6.892   404.5410 5.3153e+02    -3.1931     -0.601     -0.872    18.6967 0.0000e+00
     -0.603      0.155     6.8076     72.978     37.121  31.887253    -0.3269      7.266   360.0975 3.5107e+02    -2.8131     -0.601     -0.873    18.6960 0.0000e+00
     -0.564      0.211     6.8047     72.958     37.496  32.067304     0.2194      7.515   344.2360 1.5199e+02     2.1895     -0.571     -0.829    18.6975 0.0000e+00
     -0.483      0.251     6.8307     72.921     37.507  31.980530     1.2250      7.670   335.2807 1.2126e+02    11.3828     -0.484     -0.701    18.5392 0.0000e+00
     -0.375      0.272     6.8790     72.940     37.501  31.915752     1.7861      7.780   330.2868 1.2209e+02    16.4186     -0.365     -0.529    18.2016 0.0000e+00
     -0.275      0.270     6.9189     73.037     37.618  31.981400     1.8684      7.870   326.3593 1.2483e+02    16.5857     -0.253     -0.368    17.9256 0.0000e+00
     -0.209      0.243     6.9460     73.173     37.749  32.076838     2.0697      7.948   321.6064 1.2683e+02    12.8566     -0.196     -0.284    17.7353 0.0000e+00
     -0.166      0.198     6.9550     73.338     37.806  32.118661     2.4224      8.009   316.5283 1.2885e+02     5.9678     -0.165     -0.239    17.6110 0.0000e+00
     -0.128      0.149     6.9671     73.529     37.793  32.106670     2.6204      8.053   311.9378 1.2985e+02     2.2618     -0.122     -0.177    17.5392 0.0000e+00
     -0.097      0.112     6.9854     73.728     37.735  32.058650     2.6485      8.088   308.6920 1.3025e+02     1.9674     -0.091     -0.133    17.4943 0.0000e+00
     -0.076      0.094     7.0002     73.914     37.719  32.045267     2.6635      8.118   306.7088 1.3094e+02     1.9309     -0.073     -0.105    17.4794 0.0000e+00
     -0.060      0.090     7.0168     74.133     37.748  32.071656     2.6925      8.140   304.7373 1.3264e+02     1.8885     -0.057     -0.082    17.4712 0.0000e+00
     -0.049      0.090     7.0365     74.664     37.807  32.124120     2.7328      8.150   302.4063 1.4290e+02     1.8642     -0.050     -0.072    17.4715 0.0000e+00
     -0.031      0.090     7.0554     75.936     37.862  32.172398     2.7598      8.153   300.2068 1.6845e+02     1.8771     -0.037     -0.054    17.4743 0.0000e+00
      0.003      0.087     7.0736     77.897     37.834  32.148188     2.7694      8.151   297.7611 1.6920e+02     1.9086      0.000      0.000    17.4746 0.0000e+00
      0.041      0.080     7.0869     79.910     37.759  32.084998     2.7489      8.146   294.6895 1.2647e+02     1.9023      0.047      0.068    17.4756 0.0000e+00
      0.066      0.070     7.1139     81.632     37.708  32.042376     2.7123      8.143   291.8909 9.7333e+01     1.8701      0.072      0.104    17.4812 0.0000e+00
      0.076      0.054     7.2339     83.367     37.673  32.013246     2.7093      8.141   289.9938 9.7867e+01     1.8607      0.075      0.109    17.4837 0.0000e+00
      0.079      0.037     7.4553     85.291     37.646  31.986393     2.7210      8.140   288.9602 1.2716e+02     1.8907      0.076      0.111    17.4800 0.0000e+00
      0.083      0.023     7.6643     86.989     37.637  31.971303     2.6537      8.138   288.3415 2.6538e+02     1.9940      0.081      0.118    17.4801 0.0000e+00
      0.087      0.018     7.8063     87.932     37.630  31.957575     2.5120      8.134   287.5035 4.2923e+02     2.1186      0.086      0.126    17.4846 0.0000e+00
      0.090      0.018     7.9624     88.081     37.625  31.947200     2.4224      8.128   286.4857 3.7369e+02     2.1682      0.087      0.127    17.4866 0.0000e+00
      0.094      0.017     8.1660     87.716     37.660  31.972653     2.4112      8.121   285.4139 1.8634e+02     2.1493      0.089      0.130    17.4816 0.0000e+00
      0.101      0.015     8.3566     87.083     37.709  32.011722     2.4181      8.115   284.4391 9.8467e+01     2.0604      0.100      0.145    17.4690 0.0000e+00
      0.108      0.013     8.4456     86.312     37.744  32.039167     2.4225      8.110   284.3359 9.0140e+01     1.9475      0.108      0.157    17.4581 0.0000e+00
      0.110      0.010     8.4477     85.435     37.761  32.050893     2.4228      8.106   285.0254 8.9543e+01     1.9115      0.108      0.158    17.4507 0.0000e+00
      0.110      0.007     8.4080     84.610     37.737  32.026698     2.4137      8.102   285.1184 8.9951e+01     1.9325      0.108      0.156    17.4445 0.0000e+00
      0.110      0.003     8.3403     84.020     37.710  32.000216     2.3956      8.098   284.3417 9.1136e+01     1.9624      0.108      0.157    17.4405 0.0000e+00
      0.110      0.001     8.2720     83.665     37.696  31.984297     2.3702      8.094   283.2918 9.2194e+01     1.9314      0.109      0.157    17.4382 0.0000e+00
      0.110      0.001     8.1802     83.431     37.673  31.961025     2.3484      8.089   282.0604 9.1953e+01     1.8654      0.108      0.156    17.4354 0.0000e+00
      0.111      0.001     8.0932     83.178     37.691  31.972430     2.3401      8.083   281.3273 8.9691e+01     1.8469      0.109      0.158    17.4303 0.0000e+00
      0.111      0.001     8.0400     82.786     37.723  31.995387     2.3364      8.077   281.1386 8.8347e+01     1.8446      0.109      0.158    17.4249 0.0000e+00
      0.111      0.000     8.0106     82.225     37.715  31.984993     2.3285      8.072   280.3811 8.8671e+01     1.8714      0.109      0.158    17.4202 0.0000e+00
      0.111 1.8630e-08     7.9939     81.543     37.705  31.973552     2.3114      8.067   279.3102 9.0796e+01     1.8976      0.109      0.158    17.4154 0.0000e+00
      0.111 2.0494e-07     7.9753     80.890     37.716  31.983849     2.2954      8.061   278.4289 9.1059e+01     1.8885      0.109      0.158    17.4101 0.0000e+00
      0.111 2.0494e-07     7.9396     80.528     37.711  31.982697     2.2931      8.055   277.3826 8.8783e+01     1.8989      0.109      0.158    17.4035 0.0000e+00
      0.111 1.8631e-08     7.8852     80.668     37.678  31.959622     2.2746      8.049   276.5546 8.8929e+01     1.9199      0.109      0.158    17.3975 0.0000e+00
      0.111 1.6937e-09     7.8161     81.313     37.670  31.958459     2.2306      8.044   276.3332 9.1111e+01     1.9380      0.109      0.158    17.3951 0.0000e+00
      0.111 1.5397e-10     7.7427     82.308     37.676  31.968644     2.1945      8.039   276.1676 9.2909e+01     1.9470      0.109      0.157    17.3960 0.0000e+00
      0.111 1.3997e-11     7.6987     83.456     37.658  31.955974     2.1715      8.033   275.7564 9.4314e+01     1.9259      0.109      0.158    17.3998 0.0000e+00
      0.111 1.2725e-12     7.7116     84.559     37.627  31.932070     2.1689      8.026   275.4057 1.0190e+02     1.9223      0.109      0.158    17.4072 0.0000e+00
      0.111 1.1568e-13     7.7789     85.492     37.627  31.933221     2.1797      8.021   275.3696 1.5035e+02     1.9034      0.109      0.157    17.4162 0.0000e+00
      0.111 1.0517e-14     7.8786     86.183     37.667  31.969899     2.1764      8.016   275.4913 2.3822e+02     1.8677      0.109      0.158    17.4223 0.0000e+00
      0.111 9.5605e-16     7.9966     86.583     37.695  31.995145     2.1709      8.011   275.5005 3.1283e+02     1.8663      0.109      0.157    17.4253 0.0000e+00
      0.111 8.6915e-17     8.1053     86.714     37.681  31.984865     2.2038      8.006   275.4815 3.3299e+02     1.8518      0.109      0.158    17.4273 0.0000e+00
      0.111 7.9010e-18     8.1960     86.639     37.666  31.972414     2.2668      8.002   275.4325 3.4138e+02     1.8642      0.109      0.158    17.4301 0.0000e+00
      0.111 7.1830e-19     8.2644     86.407     37.665  31.971394     2.2996      7.998   275.3381 4.6253e+02     1.8795      0.109      0.158    17.4336 0.0000e+00
      0.111 6.5300e-20     8.3011     86.080     37.665  31.972538     2.3015      7.995   275.2009 5.0145e+02     1.8665      0.109      0.158    17.4360 0.0000e+00
      0.111 5.9365e-21     8.3101     85.720     37.680  31.986247     2.3149      7.990   274.5485 3.4105e+02     1.8773      0.108      0.157    17.4370 0.0000e+00
      0.111 5.3965e-22     8.3024     85.347     37.710  32.010348     2.3448      7.986   273.7302 2.4058e+02     1.9074      0.109      0.158    17.4374 0.0000e+00
      0.111 4.9061e-23     8.2777     84.985     37.712  32.010339     2.3628      7.982   273.5672 2.0476e+02     1.9579      0.108      0.157    17.4384 0.0000e+00
      0.111 4.4601e-24     8.2430     84.668     37.687  31.986143     2.3584      7.978   273.5240 1.6581e+02     1.9754      0.109      0.157    17.4393 0.0000e+00
      0.111 4.0546e-25     8.2091     84.411     37.673  31.971386     2.3495      7.973   273.1218 1.4526e+02     1.9138      0.109      0.158    17.4407 0.0000e+00
      0.111 3.6860e-26     8.1722     84.204     37.660  31.958707     2.3644      7.968   272.6622 1.3003e+02     1.8614      0.109      0.158    17.4401 0.0000e+00
      0.111 3.3509e-27     8.1373     84.020     37.663  31.959642     2.4049      7.964   271.8391 1.3450e+02     1.8884      0.109      0.157    17.4357 0.0000e+00
      0.111 3.0463e-28     8.1063     83.794     37.691  31.982686     2.4317      7.961   270.7408 1.4445e+02     1.9329      0.109      0.158    17.4310 0.0000e+00
      0.111 2.7693e-29     8.0838     83.525     37.692  31.983723     2.4222      7.957   270.2233 1.5695e+02     1.9212      0.109      0.158    17.4279 0.0000e+00
      0.111 2.5176e-30     8.0637     83.275     37.677  31.972186     2.4063      7.953   270.2285 2.1108e+02     1.8839      0.109      0.158    17.4256 0.0000e+00
      0.111 2.2887e-31     8.0503     83.020     37.674  31.970002     2.4138      7.949   270.5459 2.5570e+02     1.8923      0.109      0.158    17.4233 0.0000e+00
      0.111 2.0807e-32     8.0299     82.722     37.659  31.957322     2.4291      7.946   270.9634 2.1814e+02     1.9203      0.109      0.157    17.4231 0.0000e+00
      0.111 1.8915e-33     7.9976     82.383     37.645  31.945672     2.4335      7.943   270.6305 1.6472e+02     1.9144      0.109      0.158    17.4241 0.0000e+00
      0.111 1.7196e-34     7.9778     82.048     37.658  31.955941     2.4260      7.939   269.7041 1.4992e+02     1.8896      0.110      0.159    17.4249 0.0000e+00
      0.111 1.5643e-35     7.9535     81.762     37.658  31.954685     2.4128      7.936   269.2266 1.4625e+02     1.8932      0.109      0.158    17.4261 0.0000e+00
      0.111 1.5385e-36     7.9250     81.519     37.632  31.930479     2.4160      7.933   269.2455 1.3932e+02     1.9238      0.110      0.159    17.4266 0.0000e+00
      0.111 1.4209e-36     7.8914     81.319     37.620  31.916864     2.4311      7.930   269.5018 1.5264e+02     1.9522      0.109      0.158    17.4267 0.0000e+00
      0.111 1.4220e-35     7.8559     81.164     37.624  31.916864     2.4375      7.927   269.9169 1.7751e+02     1.9299      0.109      0.158    17.4261 0.0000e+00
      0.112 1.5630e-34     7.8313     81.044     37.642  31.930469     2.4511      7.924   269.7043 1.9542e+02     1.8584      0.110      0.159    17.4241 0.0000e+00
      0.112 1.7192e-33     7.8074     80.943     37.672  31.954561     2.4701      7.920   268.9101 2.3438e+02     1.8393      0.110      0.159    17.4207 0.0000e+00
      0.112 1.8912e-32     7.7894     80.821     37.672  31.954561     2.4772      7.916   268.5742 2.4724e+02     1.8697      0.110      0.160    17.4156 0.0000e+00
      0.112 2.0803e-31     7.7757     80.652     37.643  31.930469     2.4865      7.913   268.4819 1.9557e+02     1.8843      0.109      0.159    17.4102 0.0000e+00
      0.112 2.2883e-30     7.7646     80.433     37.626  31.916864     2.5080      7.910   268.3102 1.5452e+02     1.8797      0.110      0.158    17.4078 0.0000e+00
      0.112 2.5171e-29     7.7571     80.167     37.625  31.916864     2.5289      7.907   268.3912 1.7454e+02     1.9165      0.109      0.159    17.4076 0.0000e+00
      0.112 2.7689e-28     7.7461     79.867     37.640  31.930479     2.5472      7.904   268.6017 1.9815e+02     1.9877      0.110      0.159    17.4079 0.0000e+00
      0.112 3.0457e-27     7.7296     79.525     37.667  31.954675     2.5555      7.900   268.3596 1.6788e+02     1.9887      0.110      0.160    17.4085 0.0000e+00
      0.112 3.3503e-26     7.7089     79.130     37.666  31.955818     2.5538      7.897   267.5290 1.5329e+02     1.8950      0.110      0.159    17.4092 0.0000e+00
      0.112 3.6854e-25     7.6822     78.711     37.650  31.944301     2.5675      7.894   266.9041 1.8767e+02     1.8110      0.109      0.158    17.4105 0.0000e+00
      0.112 4.0539e-24     7.6531     78.286     37.645  31.942224     2.5883      7.892   266.6546 2.0323e+02     1.8272      0.110      0.159    17.4117 0.0000e+00
      0.112 4.4593e-23     7.6224     77.843     37.628  31.930708     2.5899      7.889   266.6637 1.8194e+02     1.8857      0.110      0.159    17.4129 0.0000e+00
      0.112 4.9052e-22     7.5814     77.356     37.627  31.931871     2.5534      7.884   266.9290 1.5415e+02     1.9031      0.110      0.159    17.4151 0.0000e+00
      0.112 5.3957e-21     7.5407     76.827     37.653  31.956285     2.5044      7.881   267.0220 1.3704e+02     1.8668      0.110      0.159    17.4183 0.0000e+00
      0.112 5.9353e-20     7.4996     76.297     37.669  31.972300     2.4887      7.879   266.8425 1.3364e+02     1.8221      0.109      0.158    17.4216 0.0000e+00
      0.112 6.5288e-19     7.4577     75.766     37.697  31.998708     2.4882      7.876   266.5647 1.4965e+02     1.8417      0.110      0.159    17.4248 0.0000e+00
      0.112 7.1817e-18     7.4119     75.219     37.722  32.021990     2.4814      7.872   266.4168 2.4115e+02     1.8989      0.110      0.159    17.4280 0.0000e+00
