Data/DataNotYetUploadedToEDI/Raw_CTD/RawDownloads/050922_fcr50_0007.cnv
* Sea-Bird SBE19plus  Data File:
* FileName = C:\R\Reservoirs\Data\DataNotYetUploadedToEDI\Raw_CTD\RawDownloads\050922_bvr50_0007.hex
* Software version 2.8.0.119
* Temperature SN = 7809
* Conductivity SN = 7809
* System UpLoad Time = May 09 2022 16:24:40
* <ApplicationData>
* <Seaterm232>
# nquan = 15
# nvalues = 1456                        
# units = specified
# name 0 = depFM: Depth [fresh water, m]
# name 1 = dz/dtM: Descent Rate [m/s]
# name 2 = sbeox0Mg/L: Oxygen, SBE 43 [mg/l]
# name 3 = sbeox0PS: Oxygen, SBE 43 [% saturation]
# name 4 = specc: Specific Conductance [uS/cm]
# name 5 = c0uS/cm: Conductivity [uS/cm]
# name 6 = flECO-AFL: Fluorescence, WET Labs ECO-AFL/FL [mg/m^3]
# name 7 = ph: pH
# name 8 = orp: Oxidation Reduction Potential [mV]
# name 9 = par/sat/log: PAR/Logarithmic, Satlantic
# name 10 = turbWETntu0: Turbidity, WET Labs ECO [NTU]
# name 11 = prdM: Pressure, Strain Gauge [db]
# name 12 = prdE: Pressure, Strain Gauge [psi]
# name 13 = tv290C: Temperature [ITS-90, deg C]
# name 14 = flag:  0.000e+00
# span 0 =     -0.614,      9.708       
# span 1 =     -0.361,      0.272       
# span 2 =     0.0425,    11.6197       
# span 3 =      0.380,    108.043       
# span 4 =      0.911,    471.403       
# span 5 =   0.796265, 312.578237       
# span 6 =    -2.1043,    56.3835       
# span 7 =      5.102,      8.153       
# span 8 = -1240.7455,   564.4564       
# span 9 = 1.2362e-01, 2.6779e+03       
# span 10 =    -3.1931,   935.6317      
# span 11 =     -0.602,      9.520      
# span 12 =     -0.873,     13.807      
# span 13 =     8.0989,    18.7443      
# span 14 = 0.0000e+00, 0.0000e+00      
# interval = seconds: 0.25
# start_time = May 09 2022 10:46:59 [Instrument's time stamp, header]
# bad_flag = -9.990e-29
*END*
[from data line 772]
      7.677      0.112     1.2994     11.273     41.327  27.691995     5.5280      6.744   298.4924 2.2976e-01     2.6146      7.533     10.925     8.6381 0.0000e+00
      7.714      0.108     1.3189     10.787     41.451  27.768717     5.2340      6.743   298.1006 2.1296e-01     2.5753      7.573     10.984     8.5830 0.0000e+00
      7.736      0.095     1.3387     10.001     41.498  27.796666     5.0770      6.742   297.1573 1.9519e-01     2.5809      7.589     11.007     8.5374 0.0000e+00
      7.751      0.077     1.3470      9.036     41.471  27.776367     5.0683      6.742   296.7242 1.8378e-01     2.6144      7.599     11.022     8.5129 0.0000e+00
      7.768      0.063     1.3329      8.017     41.473  27.776829     5.0627      6.742   296.8217 1.9025e-01     2.6394      7.620     11.052     8.4990 0.0000e+00
      7.783      0.060     1.2757      7.003     41.513  27.802252     5.0265      6.742   297.1317 1.9549e-01     2.6091      7.637     11.075     8.4923 0.0000e+00
      7.791      0.067     1.1774      6.047     41.561  27.830197     4.9885      6.740   297.6328 1.9473e-01     2.5553      7.640     11.081     8.4888 0.0000e+00
      7.800      0.077     1.0585      5.228     41.619  27.861156     4.9778      6.740   297.9760 1.9852e-01     2.5703      7.646     11.088     8.4859 0.0000e+00
      7.819      0.087     0.9381      4.584     41.721  27.923003     4.8887      6.739   297.5813 1.8795e-01     2.6876      7.662     11.112     8.4851 0.0000e+00
      7.851      0.100     0.8179      4.089     41.949  28.070863     4.7014      6.738   296.5606 1.6242e-01     2.8131      7.697     11.164     8.4862 0.0000e+00
      7.887      0.117     0.7014      3.707     42.326  28.317739     4.5855      6.738   296.0458 1.5651e-01     2.8228      7.740     11.225     8.4810 0.0000e+00
      7.915      0.133     0.6042      3.414     42.705  28.562525     4.5614      6.738   296.3463 1.6356e-01     2.8051      7.764     11.261     8.4684 0.0000e+00
      7.940      0.142     0.5307      3.152     42.903  28.685094     4.5345      6.736   296.9250 1.5563e-01     2.8380      7.779     11.284     8.4600 0.0000e+00
      7.979      0.144     0.4749      2.858     42.972  28.722047     4.4853      6.734   297.2786 1.4476e-01     2.8450      7.818     11.340     8.4578 0.0000e+00
      8.029      0.147     0.4295      2.515     43.034  28.755742     4.4490      6.732   297.1799 1.3702e-01     2.8209      7.877     11.423     8.4523 0.0000e+00
      8.074      0.153     0.3990      2.134     43.071  28.775532     4.4293      6.731   296.7639 1.2928e-01     2.8208      7.924     11.492     8.4403 0.0000e+00
      8.107      0.159     0.3714      1.736     43.073  28.771151     4.3044      6.729   296.2927 1.2651e-01     3.0485      7.952     11.535     8.4283 0.0000e+00
      8.136      0.158     0.3371      1.347     43.076  28.766148     4.0797      6.726   296.0427 1.2511e-01     3.4908      7.974     11.565     8.4167 0.0000e+00
      8.176      0.150     0.2968      1.010     43.104  28.778425     3.9509      6.724   296.0638 1.2397e-01     3.7273      8.011     11.618     8.4077 0.0000e+00
      8.226      0.143     0.2506      0.740     43.133  28.792801     3.9299      6.722   296.2039 1.2387e-01     3.7216      8.070     11.704     8.4031 0.0000e+00
      8.273      0.143     0.2039      0.545     43.169  28.813183     3.9330      6.719   296.2740 1.2382e-01     3.7300      8.121     11.777     8.3968 0.0000e+00
      8.304      0.148     0.1551      0.430     43.490  29.024850     3.9804      6.718   296.0510 1.2377e-01     3.9312      8.148     11.817     8.3881 0.0000e+00
      8.325      0.156     0.1162      0.380     44.324  29.577047     4.0458      6.717   295.4867 1.2376e-01     4.2757      8.162     11.839     8.3797 0.0000e+00
      8.352      0.161     0.0839      0.384     45.119  30.101265     4.0572      6.715   294.8713 1.2380e-01     4.4445      8.183     11.868     8.3742 0.0000e+00
      8.397      0.163     0.0602      0.431     45.225  30.164749     4.0353      6.713   294.4615 1.2381e-01     4.4352      8.227     11.933     8.3707 0.0000e+00
      8.460      0.160     0.0480      0.498     45.122  30.091054     3.9968      6.711   294.1455 1.2379e-01     4.6079      8.296     12.034     8.3679 0.0000e+00
      8.521      0.151     0.0425      0.562     45.610  30.414740     3.9340      6.709   293.7173 1.2376e-01     4.9948      8.366     12.133     8.3644 0.0000e+00
      8.561      0.136     0.0429      0.621     46.449  30.971956     3.9006      6.708   293.5865 1.2370e-01     5.2185      8.405     12.190     8.3565 0.0000e+00
      8.578      0.117     0.0498      0.678     47.252  31.502899     3.8843      6.706   293.6821 1.2367e-01     5.1951      8.413     12.202     8.3463 0.0000e+00
      8.590      0.102     0.0590      0.738     48.887  32.586571     3.8190      6.705   293.2388 1.2372e-01     5.1221      8.420     12.212     8.3401 0.0000e+00
      8.609      0.097     0.0661      0.797     52.625  35.071195     3.7357      6.704   292.5279 1.2380e-01     5.1221      8.441     12.244     8.3405 0.0000e+00
      8.634      0.101     0.0735      0.837     56.015  37.321229     3.7095      6.702   291.7974 1.2385e-01     5.1596      8.467     12.280     8.3394 0.0000e+00
      8.664      0.107     0.0790      0.849     58.634  39.055344     3.7105      6.699   290.8594 1.2384e-01     5.1665      8.491     12.316     8.3333 0.0000e+00
      8.700      0.116     0.0868      0.858     67.577  45.002320     3.6973      6.694   290.2218 1.2384e-01     5.1373      8.531     12.374     8.3257 0.0000e+00
      8.735      0.130     0.0943      0.867     82.390  54.853238     3.6923      6.682   289.4228 1.2389e-01     5.0794      8.573     12.435     8.3202 0.0000e+00
      8.759      0.147     0.1004      0.863     94.630  62.974287     3.6995      6.662   286.7043 1.2387e-01     5.0813      8.593     12.463     8.3133 0.0000e+00
      8.782      0.159     0.0993      0.868    101.330  67.398001     3.6934      6.637   281.3586 1.2376e-01     5.1600      8.603     12.478     8.3005 0.0000e+00
      8.826      0.163     0.1003      0.875    101.828  67.697981     3.5679      6.611   273.4001 1.2371e-01     5.2115      8.645     12.539     8.2957 0.0000e+00
      8.890      0.157     0.1035      0.856     97.435  64.759155     3.3475      6.588   264.7307 1.2374e-01     5.1914      8.721     12.647     8.2920 0.0000e+00
      8.952      0.145     0.1004      0.847     92.666  61.587050     3.2344      6.571   258.5336 1.2378e-01     5.1225      8.787     12.744     8.2742 0.0000e+00
      8.992      0.125     0.1012      0.862     89.906  59.762090     3.2318      6.558   255.4287 1.2378e-01     5.0611      8.827     12.803     8.2542 0.0000e+00
      9.009      0.099     0.1059      0.860     91.046  60.535305     3.2329      6.548   254.0333 1.2378e-01     5.0643      8.841     12.822     8.2374 0.0000e+00
      9.014      0.074     0.1000      0.850     94.927  63.125617     3.2315      6.539   252.8479 1.2382e-01     5.0586      8.839     12.818     8.2265 0.0000e+00
      9.021      0.057     0.0970      0.860     96.488  64.159120     3.2399      6.532   251.3349 1.2383e-01     4.9572      8.844     12.825     8.2266 0.0000e+00
      9.036      0.051     0.1041      0.874     95.524  63.507212     3.2507      6.526   249.5056 1.2383e-01     4.8639      8.860     12.850     8.2328 0.0000e+00
      9.055      0.052     0.1013      0.871     96.475  64.133724     3.2546      6.520   247.5939 1.2380e-01     4.8533      8.880     12.879     8.2430 0.0000e+00
      9.072      0.056     0.0987      0.865     99.887  66.399182     3.2201      6.513   245.7728 1.2374e-01     4.8287      8.898     12.906     8.2511 0.0000e+00
      9.084      0.057     0.1009      0.866    101.882  67.718613     3.1501      6.506   243.4900 1.2372e-01     4.7703      8.909     12.922     8.2470 0.0000e+00
      9.095      0.054     0.1042      0.868    101.964  67.766538     3.1146      6.500   240.8137 1.2373e-01     4.7285      8.916     12.933     8.2374 0.0000e+00
      9.109      0.052     0.1025      0.872    102.404  68.058384     3.1158      6.494   238.7096 1.2376e-01     4.6989      8.932     12.955     8.2357 0.0000e+00
      9.125      0.053     0.1013      0.880    107.010  71.120273     3.0403      6.487   236.9781 1.2378e-01     4.6176      8.951     12.982     8.2369 0.0000e+00
      9.136      0.058     0.1023      0.886    116.580  77.468662     2.8923      6.481   234.8500 1.2379e-01     4.4634      8.960     12.994     8.2317 0.0000e+00
      9.146      0.065     0.1018      0.877    125.803  83.566963     2.8157      6.475   233.2838 1.2384e-01     4.3707      8.965     13.004     8.2273 0.0000e+00
      9.161      0.073     0.1029      0.861    133.454  88.612969     2.8137      6.468   233.2703 1.2384e-01     4.3850      8.982     13.026     8.2277 0.0000e+00
      9.183      0.079     0.1031      0.850    138.804  92.134077     2.8100      6.463   233.7406 1.2381e-01     4.2261      9.004     13.058     8.2303 0.0000e+00
      9.208      0.081     0.1054      0.844    139.694  92.696107     2.7879      6.460   233.9801 1.2378e-01     3.8163      9.028     13.094     8.2280 0.0000e+00
      9.234      0.078     0.1037      0.842    139.409  92.484034     2.7719      6.455   234.3582 1.2376e-01     3.5628      9.058     13.135     8.2123 0.0000e+00
      9.259      0.070     0.1007      0.830    140.308  93.067554     2.7744      6.451   234.9571 1.2379e-01     3.5528      9.084     13.175     8.1966 0.0000e+00
      9.276      0.059     0.1007      0.822    140.712  93.328446     2.7591      6.447   235.8866 1.2377e-01     3.5588      9.100     13.199     8.1870 0.0000e+00
      9.285      0.047     0.0984      0.836    141.127  93.603505     2.7206      6.445   236.5632 1.2372e-01     3.5329      9.106     13.208     8.1755 0.0000e+00
      9.291      0.037     0.1005      0.837    141.967  94.167105     2.7000      6.445   236.3412 1.2374e-01     3.4791      9.111     13.214     8.1665 0.0000e+00
      9.297      0.031     0.0981      0.824    142.143  94.291890     2.7020      6.445   236.0412 1.2377e-01     3.4544      9.118     13.225     8.1629 0.0000e+00
      9.305      0.034     0.0944      0.810    144.422  95.812035     2.6942      6.447   236.4633 1.2380e-01     3.4391      9.124     13.235     8.1606 0.0000e+00
      9.312      0.044     0.1005      0.800    149.318  99.062660     2.6797      6.450   236.9712 1.2385e-01     3.3631      9.133     13.246     8.1597 0.0000e+00
      9.319      0.058     0.0991      0.798    153.171 101.600061     2.6765      6.451   237.2768 1.2384e-01     3.2866      9.139     13.255     8.1637 0.0000e+00
      9.330      0.070     0.0967      0.794    154.302 102.318116     2.6720      6.453   237.8357 1.2377e-01     3.2315      9.144     13.264     8.1657 0.0000e+00
      9.353      0.075     0.0959      0.788    153.028 101.446091     2.6594      6.454   238.2222 1.2375e-01     3.2094      9.167     13.296     8.1686 0.0000e+00
      9.387      0.073     0.0931      0.788    151.285 100.281509     2.6321      6.455   237.9915 1.2376e-01     3.1214      9.207     13.354     8.1733 0.0000e+00
      9.417      0.067     0.0947      0.797    151.145 100.197768     2.5923      6.457   237.5425 1.2374e-01     2.9192      9.240     13.402     8.1657 0.0000e+00
      9.433      0.058     0.0937      0.799    152.153 100.878886     2.5771      6.460   237.3537 1.2377e-01     2.8483      9.255     13.423     8.1522 0.0000e+00
      9.437      0.048     0.0926      0.789    152.438 101.073586     2.5894      6.464   237.3432 1.2381e-01     2.8793      9.255     13.424     8.1417 0.0000e+00
      9.437      0.039     0.0924      0.776    152.265 100.961511     2.6168      6.468   237.2434 1.2374e-01     2.7815      9.252     13.419     8.1386 0.0000e+00
      9.442      0.036     0.0944      0.774    152.779 101.305125     2.6500      6.473   237.0936 1.2372e-01     2.6567      9.256     13.425     8.1440 0.0000e+00
      9.455      0.038     0.0950      0.783    154.284 102.301692     2.6585      6.478   236.7369 1.2378e-01     2.6333      9.271     13.445     8.1501 0.0000e+00
      9.470      0.043     0.0931      0.778    157.299 104.294546     2.6533      6.482   236.2864 1.2387e-01     2.6014      9.288     13.471     8.1507 0.0000e+00
      9.483      0.048     0.0915      0.762    160.944 106.693858     2.6782      6.485   236.2922 1.2388e-01     2.5447      9.301     13.490     8.1505 0.0000e+00
      9.493      0.048     0.0900      0.757    163.379 108.276490     2.7266      6.485   236.2897 1.2380e-01     2.5291      9.309     13.501     8.1529 0.0000e+00
      9.505      0.046     0.0937      0.765    164.303 108.856951     2.7478      6.485   235.4828 1.2377e-01     2.5148      9.320     13.517     8.1521 0.0000e+00
      9.518      0.042     0.0925      0.771    164.935 109.257226     2.7429      6.485   234.1073 1.2375e-01     2.5080      9.335     13.539     8.1513 0.0000e+00
      9.530      0.039     0.0888      0.765    166.825 110.506698     2.6924      6.485   232.4790 1.2374e-01     2.4820      9.348     13.558     8.1465 0.0000e+00
      9.540      0.036     0.0887      0.763    169.742 112.443649     2.5950      6.485   230.5082 1.2378e-01     2.4050      9.357     13.571     8.1344 0.0000e+00
      9.547      0.035     0.0901      0.781    180.102 119.310168     2.5465      6.483   228.1737 1.2378e-01     2.3623      9.362     13.579     8.1234 0.0000e+00
      9.553      0.035     0.0919      0.803    217.349 143.982150     2.5555      6.478   225.8489 1.2379e-01     2.3763      9.368     13.587     8.1175 0.0000e+00
      9.560      0.038     0.0904      0.799    278.590 184.531400     2.6290      6.470   224.0815 1.2382e-01     2.4026      9.375     13.597     8.1177 0.0000e+00
      9.569      0.044     0.0887      0.778    330.665 218.984135     2.7528      6.461   222.8932 1.2384e-01     2.4081      9.383     13.610     8.1205 0.0000e+00
      9.582      0.050     0.0918      0.758    358.212 237.188224     2.8123      6.453   221.7204 1.2385e-01     2.3740      9.396     13.628     8.1212 0.0000e+00
      9.597      0.052     0.0966      0.753    370.562 245.345599     2.8076      6.447   220.4833 1.2386e-01     2.3316      9.410     13.647     8.1216 0.0000e+00
      9.615      0.051     0.0950      0.763    378.051 250.296866     2.7209      6.442   219.4649 1.2387e-01     2.2714      9.428     13.674     8.1193 0.0000e+00
      9.632      0.046     0.0918      0.763    384.511 254.568825     2.5625      6.439   218.5273 1.2382e-01     2.1914      9.449     13.706     8.1111 0.0000e+00
      9.644      0.038     0.0888      0.748    390.037 258.221483     2.4746      6.437   217.5789 1.2377e-01     2.1509      9.459     13.720     8.1039 0.0000e+00
      9.649      0.029     0.0877      0.746    394.811 261.382591     2.4647      6.436   216.6873 1.2379e-01     2.1579      9.463     13.724     8.1021 0.0000e+00
      9.653      0.021     0.0906      0.770    399.235 264.322084     2.4845      6.435   215.9212 1.2384e-01     2.3446      9.467     13.732     8.1018 0.0000e+00
      9.656      0.016     0.0914      0.789    403.593 267.214465     2.5231      6.435   215.0271 1.2382e-01     2.7006      9.470     13.735     8.1010 0.0000e+00
      9.658      0.014     0.0874      0.791    407.707 269.930510     2.5403      6.435   213.9649 1.2373e-01     2.8745      9.472     13.738     8.1000 0.0000e+00
      9.661      0.014     0.0859      0.776    411.267 272.273894     2.5347      6.434   212.9730 1.2369e-01     2.8412      9.474     13.741     8.0994 0.0000e+00
