Data/DataNotYetUploadedToEDI/Raw_CTD/RawDownloads/050922_fcr50_0007.cnv
* Sea-Bird SBE19plus  Data File:
* FileName = C:\R\Reservoirs\Data\DataNotYetUploadedToEDI\Raw_CTD\RawDownloads\050922_bvr50_0007.hex
* Software version 2.8.0.119
* Temperature SN = 7809
* Conductivity SN = 7809
* System UpLoad Time = May 09 2022 16:24:40
* <ApplicationData>
* <Seaterm232>
# nquan = 15
# nvalues = 1456                        
# units = specified
# name 0 = depFM: Depth [fresh water, m]
# name 1 = dz/dtM: Descent Rate [m/s]
# name 2 = sbeox0Mg/L: Oxygen, SBE 43 [mg/l]
# name 3 = sbeox0PS: Oxygen, SBE 43 [% saturation]
# name 4 = specc: Specific Conductance [uS/cm]
# name 5 = c0uS/cm: Conductivity [uS/cm]
# name 6 = flECO-AFL: Fluorescence, WET Labs ECO-AFL/FL [mg/m^3]
# name 7 = ph: pH
# name 8 = orp: Oxidation Reduction Potential [mV]
# name 9 = par/sat/log: PAR/Logarithmic, Satlantic
# name 10 = turbWETntu0: Turbidity, WET Labs ECO [NTU]
# name 11 = prdM: Pressure, Strain Gauge [db]
# name 12 = prdE: Pressure, Strain Gauge [psi]
# name 13 = tv290C: Temperature [ITS-90, deg C]
# name 14 = flag:  0.000e+00
# span 0 =     -0.614,      9.708       
# span 1 =     -0.361,      0.272       
# span 2 =     0.0425,    11.6197       
# span 3 =      0.380,    108.043       
# span 4 =      0.911,    471.403       
# span 5 =   0.796265, 312.578237       
# span 6 =    -2.1043,    56.3835       
# span 7 =      5.102,      8.153       
# span 8 = -1240.7455,   564.4564       
# span 9 = 1.2362e-01, 2.6779e+03       
# span 10 =    -3.1931,   935.6317      
# span 11 =     -0.602,      9.520      
# span 12 =     -0.873,     13.807      
# span 13 =     8.0989,    18.7443      
# span 14 = 0.0000e+00, 0.0000e+00      
# interval = seconds: 0.25
# start_time = May 09 2022 10:46:59 [Instrument's time stamp, header]
# bad_flag = -9.990e-29
*END*
[from data line 97]
      0.112 8.6899e-16     7.3074     74.072     37.677  31.988886     2.4706      7.868   266.4790 2.3581e+02     1.9053      0.110      0.160    17.4347 0.0000e+00
      0.112 9.5589e-15     7.2559     73.484     37.702  32.011959     2.4763      7.865   266.9100 1.5963e+02     1.9476      0.110      0.159    17.4378 0.0000e+00
      0.112 1.0515e-13     7.2036     72.898     37.716  32.025584     2.4924      7.861   267.5128 2.0873e+02     1.9651      0.110      0.159    17.4408 0.0000e+00
      0.112 1.1566e-12     7.1484     72.325     37.715  32.026823     2.5155      7.859   267.3994 2.6078e+02     1.9470      0.109      0.158    17.4439 0.0000e+00
      0.112 1.2723e-11     7.0921     71.771     37.713  32.026934     2.5223      7.856   266.7438 2.1686e+02     1.8642      0.110      0.159    17.4467 0.0000e+00
      0.112 1.3995e-10     7.0354     71.253     37.711  32.026935     2.5243      7.852   266.1258 1.5685e+02     1.8527      0.110      0.159    17.4497 0.0000e+00
      0.112 1.5395e-09     6.9777     70.771     37.709  32.026831     2.5493      7.849   265.7775 1.5685e+02     1.9439      0.110      0.160    17.4524 0.0000e+00
      0.112 1.6934e-08     6.9233     70.298     37.706  32.025678     2.5826      7.846   266.1455 1.8717e+02     1.9769      0.110      0.159    17.4548 0.0000e+00
      0.112 1.8627e-07     6.8685     69.818     37.689  32.012999     2.5936      7.844   266.9617 1.9126e+02     1.9444      0.110      0.160    17.4571 0.0000e+00
      0.112 1.8627e-07     6.8189     69.348     37.672  32.000339     2.5834      7.841   267.1286 1.8979e+02     1.8920      0.111      0.161    17.4594 0.0000e+00
      0.112 1.6934e-08     6.7737     68.913     37.670  31.999404     2.5752      7.837   266.5292 2.0458e+02     1.8563      0.110      0.159    17.4613 0.0000e+00
      0.112 1.5395e-09     6.7290     68.510     37.671  32.001699     2.5944      7.834   265.9095 2.0129e+02     1.9224      0.110      0.159    17.4633 0.0000e+00
      0.112 1.3995e-10     6.6820     68.125     37.700  32.028087     2.6320      7.832   265.6579 1.9291e+02     2.0422      0.110      0.159    17.4653 0.0000e+00
      0.112 1.2723e-11     6.6349     67.737     37.741  32.064869     2.6475      7.830   265.9821 1.9763e+02     2.0752      0.110      0.159    17.4672 0.0000e+00
      0.112 1.1566e-12     6.5941     67.332     37.740  32.066023     2.6395      7.827   266.5602 2.1025e+02     2.0825      0.110      0.160    17.4692 0.0000e+00
      0.112 1.0515e-13     6.5555     66.933     37.710  32.042035     2.6195      7.823   266.6255 1.9964e+02     2.0955      0.110      0.160    17.4714 0.0000e+00
      0.112 9.5590e-15     6.5187     66.546     37.692  32.028440     2.6056      7.822   266.2549 1.9968e+02     2.0270      0.110      0.159    17.4735 0.0000e+00
      0.112 8.6900e-16     6.4831     66.155     37.690  32.028440     2.6047      7.820   265.7797 2.0633e+02     1.9387      0.110      0.159    17.4756 0.0000e+00
      0.112 7.9001e-17     6.4418     65.757     37.704  32.042046     2.5914      7.816   265.3539 1.7896e+02     1.9167      0.110      0.159    17.4778 0.0000e+00
      0.112 7.1885e-18     6.4034     65.371     37.730  32.066147     2.5367      7.813   265.4937 1.5883e+02     1.9316      0.110      0.160    17.4802 0.0000e+00
      0.112 7.2469e-19     6.3668     64.998     37.729  32.066250     2.4589      7.811   266.0935 1.6320e+02     1.9473      0.111      0.160    17.4826 0.0000e+00
      0.112 8.4900e-19     6.3294     64.633     37.699  32.043290     2.4247      7.808   266.3251 2.0958e+02     1.9354      0.110      0.159    17.4849 0.0000e+00
      0.112 8.6915e-18     6.2900     64.284     37.696  32.042147     2.4224      7.805   266.2291 2.5979e+02     1.8908      0.110      0.159    17.4872 0.0000e+00
      0.112 9.5547e-17     6.2525     63.956     37.706  32.052427     2.4317      7.803   265.9651 2.4337e+02     1.8862      0.109      0.158    17.4895 0.0000e+00
      0.112 1.0510e-15     6.2178     63.650     37.691  32.040787     2.4627      7.800   265.4562 1.9497e+02     1.9138      0.110      0.159    17.4919 0.0000e+00
      0.112 1.1561e-14     6.1812     63.351     37.674  32.028211     2.4884      7.797   265.4104 1.6427e+02     1.9169      0.110      0.160    17.4940 0.0000e+00
      0.112 1.2717e-13     6.1481     63.033     37.672  32.027181     2.5017      7.794   265.9275 1.4795e+02     1.8895      0.110      0.160    17.4962 0.0000e+00
      0.112 1.3989e-12     6.1158     62.693     37.672  32.028334     2.5147      7.791   266.2880 1.5643e+02     1.8558      0.110      0.159    17.4983 0.0000e+00
      0.112 1.5388e-11     6.0873     62.378     37.687  32.042146     2.5298      7.789   266.3278 2.1626e+02     1.8856      0.110      0.159    17.5002 0.0000e+00
      0.112 1.6927e-10     6.0590     62.132     37.715  32.067391     2.5428      7.786   266.2364 2.4314e+02     1.9426      0.110      0.160    17.5021 0.0000e+00
      0.112 1.8619e-09     6.0295     61.911     37.728  32.079966     2.5384      7.782   266.0430 1.8139e+02     1.9297      0.110      0.160    17.5040 0.0000e+00
      0.112 2.0481e-08     5.9944     61.665     37.712  32.067391     2.5188      7.779   265.7962 1.3859e+02     1.8661      0.110      0.160    17.5056 0.0000e+00
      0.112 2.2529e-07     5.9610     61.402     37.681  32.042146     2.4891      7.775   265.7478 1.4635e+02     1.8224      0.110      0.159    17.5071 0.0000e+00
      0.112 4.1304e-07     5.9406     61.154     37.662  32.028333     2.4537      7.773   265.9738 2.3116e+02     1.8455      0.110      0.159    17.5089 0.0000e+00
      0.112 2.2530e-07     5.9213     60.929     37.659  32.027180     2.4400      7.770   266.1205 3.2550e+02     1.9058      0.110      0.160    17.5105 0.0000e+00
      0.112 2.0482e-08     5.8970     60.713     37.659  32.028210     2.4317      7.768   266.1440 2.8080e+02     1.9366      0.110      0.159    17.5120 0.0000e+00
      0.112 1.8622e-09     5.8696     60.482     37.672  32.040785     2.4196      7.765   266.2584 2.1837e+02     1.9452      0.110      0.160    17.5140 0.0000e+00
      0.112 1.7231e-10     5.8460     60.242     37.684  32.052425     2.4266      7.761   265.9550 2.0431e+02     1.9416      0.110      0.160    17.5159 0.0000e+00
      0.112 4.8906e-11     5.8243     60.022     37.670  32.042155     2.4335      7.758   265.3147 1.8805e+02     1.9266      0.110      0.160    17.5176 0.0000e+00
      0.112 3.7010e-10     5.8053     59.823     37.670  32.043413     2.4279      7.755   265.2275 2.4594e+02     1.9352      0.110      0.159    17.5193 0.0000e+00
      0.112 4.0558e-09     5.7824     59.643     37.697  32.067629     2.4334      7.752   265.5899 3.0511e+02     1.9435      0.110      0.159    17.5212 0.0000e+00
      0.112 4.4613e-08     5.7575     59.477     37.712  32.081357     2.4585      7.751   265.9969 2.6875e+02     1.9236      0.110      0.160    17.5231 0.0000e+00
      0.112 4.9074e-07     5.7369     59.314     37.712  32.082594     2.4820      7.748   266.1902 2.4121e+02     1.9343      0.111      0.160    17.5250 0.0000e+00
      0.112      0.000     5.7176     59.160     37.711  32.082592     2.4928      7.745   265.5186 2.0987e+02     1.9701      0.110      0.159    17.5268 0.0000e+00
      0.112      0.000     5.7000     59.005     37.709  32.081335     2.4897      7.742   264.2435 1.5707e+02     1.9458      0.111      0.160    17.5284 0.0000e+00
      0.112      0.001     5.6851     58.814     37.691  32.067400     2.4769      7.739   263.5061 1.6637e+02     1.8800      0.110      0.159    17.5302 0.0000e+00
      0.112      0.002     5.6685     58.611     37.659  32.040896     2.4712      7.737   263.3996 1.9311e+02     1.8583      0.110      0.160    17.5317 0.0000e+00
      0.112      0.004     5.6532     58.438     37.627  32.014478     2.4712      7.734   263.5578 2.3724e+02     1.8890      0.110      0.159    17.5329 0.0000e+00
      0.113      0.004     5.6417     58.291     37.611  32.001588     2.4434      7.728   263.5266 2.9346e+02     1.9087      0.111      0.160    17.5348 0.0000e+00
      0.115     -0.002     5.6213     58.181     37.621  32.011846     2.3851      7.720   262.3337 2.9325e+02     1.8915      0.113      0.163    17.5359 0.0000e+00
      0.118     -0.020     5.5990     58.210     37.607  32.011709     2.3490      7.713   260.4920 3.0893e+02     1.8517      0.115      0.166    17.5374 0.0000e+00
      0.121     -0.051     5.5844     58.610     37.560  31.999948     2.3478      7.706   259.5858 3.0233e+02     1.8378      0.120      0.174    17.5371 0.0000e+00
      0.119     -0.089     5.5695     59.640     37.518  31.996484     2.3547      7.700   259.5498 2.4570e+02     1.8593      0.125      0.180    17.5392 0.0000e+00
      0.095     -0.127     5.5574     61.490     37.463  31.969874     2.3814      7.694   260.0573 2.0843e+02     1.8393      0.104      0.151    17.5367 0.0000e+00
      0.045     -0.157     5.5497     64.253     37.408  31.931824     2.4299      7.689   260.8179 1.5178e+02     1.8344      0.048      0.072    17.5434 0.0000e+00
     -0.020     -0.174     5.5730     67.773     37.388  31.916836     2.4586      7.684   260.5716 1.0862e+02     1.8694     -0.021     -0.030    17.5927 0.0000e+00
     -0.082     -0.170     5.6595     71.533     37.389  31.915460     2.4702      7.677   259.4030 1.1117e+02     1.8855     -0.085     -0.123    17.6456 0.0000e+00
     -0.130     -0.142     5.8281     74.884     37.400  31.915182     2.4872      7.667   258.6478 1.6594e+02     1.8934     -0.133     -0.192    17.6704 0.0000e+00
     -0.165     -0.097     6.0942     77.474     37.420  31.913458     2.4893      7.654   258.5809 3.1074e+02     1.8626     -0.166     -0.240    17.6784 0.0000e+00
     -0.186     -0.044     6.4470     79.235     37.423  31.894595     2.4700      7.643   258.6814 4.7116e+02     1.8550     -0.188     -0.273    17.6802 0.0000e+00
     -0.189      0.004     6.8341     80.392     37.427  31.877292     2.4623      7.633   258.6578 4.4489e+02     1.9026     -0.192     -0.279    17.6802 0.0000e+00
     -0.173      0.043     7.1638     81.670     37.476  31.894417     2.4882      7.624   258.3819 2.4323e+02     1.9263     -0.175     -0.253    17.6681 0.0000e+00
     -0.144      0.071     7.4165     83.946     37.530  31.911413     2.5247      7.617   257.9268 1.2168e+02     1.9025     -0.141     -0.205    17.6392 0.0000e+00
     -0.115      0.090     7.5871     87.482     37.539  31.892563     2.5372      7.611   257.5426 1.1136e+02     1.8531     -0.110     -0.160    17.6067 0.0000e+00
     -0.090      0.100     7.6739     91.761     37.523  31.856672     2.5311      7.604   257.3506 1.1179e+02     1.8421     -0.088     -0.128    17.5838 0.0000e+00
     -0.068      0.103     7.7629     96.020     37.548  31.857818     2.5180      7.598   257.3263 1.1536e+02     1.8722     -0.066     -0.096    17.5526 0.0000e+00
     -0.045      0.102     7.9772     99.723     37.618  31.906392     2.4946      7.593   257.3349 1.4075e+02     1.8751     -0.046     -0.067    17.5070 0.0000e+00
     -0.017      0.098     8.3462    102.639     37.651  31.936767     2.4734      7.588   257.5401 3.5121e+02     1.8431     -0.019     -0.028    17.4731 0.0000e+00
      0.015      0.094     8.7885    104.608     37.610  31.908092     2.4614      7.585   257.9144 6.0406e+02     1.8273      0.016      0.023    17.4457 0.0000e+00
      0.043      0.090     9.2219    105.504     37.567  31.876680     2.4575      7.582   257.9886 6.0226e+02     1.8553      0.047      0.068    17.4122 0.0000e+00
      0.061      0.085     9.5837    105.438     37.561  31.873980     2.4506      7.577   257.7486 4.8893e+02     1.9080      0.060      0.087    17.3967 0.0000e+00
      0.076      0.076     9.8658    104.723     37.562  31.875450     2.4277      7.572   257.2500 3.8953e+02     1.9179      0.071      0.104    17.4064 0.0000e+00
      0.095      0.067    10.0605    103.716     37.583  31.894445     2.4067      7.569   256.7780 3.1935e+02     1.8724      0.094      0.136    17.4173 0.0000e+00
      0.116      0.061    10.1396    102.743     37.605  31.913448     2.4045      7.568   256.9462 2.3255e+02     1.8702      0.115      0.166    17.4245 0.0000e+00
      0.132      0.057    10.1206    101.987     37.607  31.915020     2.4513      7.568   257.3917 1.4007e+02     1.9250      0.132      0.192    17.4269 0.0000e+00
      0.143      0.055    10.0406    101.427     37.604  31.913448     2.5394      7.566   257.3453 1.1234e+02     1.9201      0.140      0.203    17.4257 0.0000e+00
      0.153      0.054     9.9323    101.036     37.585  31.894444     2.5884      7.564   256.9881 1.0459e+02     1.8452      0.149      0.216    17.4280 0.0000e+00
      0.165      0.054     9.8302    100.769     37.572  31.875439     2.5936      7.561   256.6004 1.0053e+02     1.8048      0.162      0.236    17.4289 0.0000e+00
      0.178      0.058     9.7633    100.501     37.580  31.873852     2.6103      7.559   256.3566 9.9276e+01     1.8413      0.174      0.252    17.4281 0.0000e+00
      0.193      0.063     9.7090    100.244     37.590  31.875233     2.6406      7.556   256.7942 1.0047e+02     1.9118      0.188      0.273    17.4310 0.0000e+00
      0.211      0.068     9.6703    100.074     37.622  31.892136     2.6521      7.553   257.6761 1.0373e+02     1.9399      0.207      0.301    17.4301 0.0000e+00
      0.231      0.071     9.6575     99.957     37.627  31.888006     2.6493      7.550   258.0709 1.0664e+02     1.9078      0.226      0.328    17.4145 0.0000e+00
      0.251      0.071     9.6317     99.869     37.557  31.825293     2.6813      7.548   258.2123 1.0986e+02     1.8653      0.245      0.355    17.4021 0.0000e+00
      0.271      0.071     9.6024     99.835     37.493  31.767866     2.7398      7.546   258.6111 1.1381e+02     1.8696      0.268      0.388    17.3981 0.0000e+00
      0.289      0.069     9.5935     99.837     37.507  31.764252     2.7655      7.541   258.7630 1.1773e+02     1.8913      0.286      0.415    17.3811 0.0000e+00
      0.304      0.064     9.5867     99.848     37.555  31.781585     2.7760      7.538   258.8447 1.2220e+02     1.8888      0.296      0.429    17.3635 0.0000e+00
      0.320      0.059     9.5750     99.868     37.584  31.787201     2.8500      7.538   259.3402 1.2791e+02     1.8739      0.313      0.452    17.3661 0.0000e+00
      0.339      0.055     9.5728     99.883     37.575  31.768738     2.9779      7.537   259.7639 1.3157e+02     1.8814      0.336      0.486    17.3690 0.0000e+00
      0.352      0.052     9.5795     99.908     37.557  31.748537     3.0578      7.534   259.9244 1.3082e+02     1.9451      0.348      0.505    17.3442 0.0000e+00
      0.360      0.048     9.5869     99.977     37.542  31.733137     3.0746      7.531   259.9894 1.3244e+02     1.9618      0.350      0.508    17.3051 0.0000e+00
      0.371      0.043     9.5953    100.032     37.516  31.709337     3.0973      7.529   259.9475 1.3830e+02     1.8788      0.361      0.524    17.2797 0.0000e+00
      0.386      0.038     9.5996    100.027     37.522  31.714363     3.1414      7.528   260.1066 1.4562e+02     1.8294      0.380      0.552    17.2682 0.0000e+00
      0.397      0.035     9.5985     99.998     37.540  31.730509     3.1751      7.528   260.4511 1.5206e+02     1.8773      0.391      0.567    17.2622 0.0000e+00
      0.403      0.035     9.6105     99.955     37.521  31.714362     3.1880      7.528   260.5842 1.5761e+02     1.9445      0.395      0.572    17.2589 0.0000e+00
      0.408      0.035     9.6185     99.890     37.517  31.709320     3.1815      7.527   260.5977 1.6571e+02     1.9591      0.400      0.580    17.2566 0.0000e+00
