Data/DataNotYetUploadedToEDI/Raw_CTD/RawDownloads/050922_bvr50_0006.cnv
* Sea-Bird SBE19plus  Data File:
* FileName = C:\R\Reservoirs\Data\DataNotYetUploadedToEDI\Raw_CTD\RawDownloads\050922_bvr50_0006.hex
* Software version 2.8.0.119
* Temperature SN = 7809
* Conductivity SN = 7809
* System UpLoad Time = May 09 2022 16:24:02
* <ApplicationData>
* <Seaterm232>
# nquan = 15
# nvalues = 3296                        
# units = specified
# name 0 = depFM: Depth [fresh water, m]
# name 1 = dz/dtM: Descent Rate [m/s]
# name 2 = sbeox0Mg/L: Oxygen, SBE 43 [mg/l]
# name 3 = sbeox0PS: Oxygen, SBE 43 [% saturation]
# name 4 = specc: Specific Conductance [uS/cm]
# name 5 = c0uS/cm: Conductivity [uS/cm]
# name 6 = flECO-AFL: Fluorescence, WET Labs ECO-AFL/FL [mg/m^3]
# name 7 = ph: pH
# name 8 = orp: Oxidation Reduction Potential [mV]
# name 9 = par/sat/log: PAR/Logarithmic, Satlantic
# name 10 = turbWETntu0: Turbidity, WET Labs ECO [NTU]
# name 11 = prdM: Pressure, Strain Gauge [db]
# name 12 = prdE: Pressure, Strain Gauge [psi]
# name 13 = tv290C: Temperature [ITS-90, deg C]
# name 14 = flag:  0.000e+00
# span 0 =     -0.684,      9.380       
# span 1 =     -0.316,      0.511       
# span 2 =    -0.0164,     9.1680       
# span 3 =     -0.103,     94.315       
# span 4 =      0.374,     50.478       
# span 5 =   0.309038,  34.760284       
# span 6 =    -2.0191,    12.7649       
# span 7 =     -2.259,      7.925       
# span 8 = -1240.7455,  1239.5911       
# span 9 = 1.7807e-01, 2.7225e+03       
# span 10 =    -6.2125,    16.4038      
# span 11 =     -0.671,      9.199      
# span 12 =     -0.974,     13.341      
# span 13 =     9.4187,    16.7895      
# span 14 = 0.0000e+00, 0.0000e+00      
# interval = seconds: 0.25
# start_time = May 09 2022 08:46:20 [Instrument's time stamp, header]
# bad_flag = -9.990e-29
*END*
[from data line 3085]
      9.380      0.001     0.0365      0.342     46.357  32.023507     1.9575      6.406    37.9905 1.9718e-01     1.7861      9.199     13.341     9.5393 0.0000e+00
      9.380      0.000     0.0390      0.363     46.343  32.017651     1.9745      6.407    37.5498 1.8777e-01     1.8257      9.199     13.341     9.5461 0.0000e+00
      9.380     -0.001     0.0390      0.386     46.378  32.046360     1.9766      6.408    37.0896 1.8687e-01     1.8258      9.199     13.341     9.5448 0.0000e+00
      9.379     -0.002     0.0375      0.382     46.290  31.990215     1.9577      6.409    36.7290 1.8359e-01     1.8218      9.198     13.341     9.5375 0.0000e+00
      9.379     -0.006     0.0385      0.362     45.800  31.655813     1.9047      6.410    36.3725 1.7807e-01     1.7425      9.197     13.340     9.5362 0.0000e+00
      9.379     -0.014     0.0407      0.370     45.000  31.109762     1.8683      6.411    35.7910 1.9236e-01     1.6529      9.198     13.341     9.5420 0.0000e+00
      9.377     -0.029     0.0456      0.379     44.409  30.713536     1.8581      6.411    35.2041 2.1882e-01     1.6262      9.196     13.338     9.5473 0.0000e+00
      9.372     -0.055     0.0451      0.351     44.324  30.669023     1.8314      6.410    34.9553 2.2697e-01     1.6244      9.191     13.332     9.5519 0.0000e+00
      9.363     -0.090     0.0386      0.323     44.534  30.825175     1.7871      6.410    34.9335 2.2097e-01     1.6316      9.184     13.321     9.5555 0.0000e+00
      9.345     -0.125     0.0421      0.330     44.714  30.953225     1.7557      6.410    34.9407 2.1779e-01     1.6114      9.171     13.301     9.5611 0.0000e+00
      9.306     -0.155     0.0462      0.356     44.800  31.012706     1.7424      6.411    34.9557 2.2914e-01     1.5847      9.137     13.252     9.5772 0.0000e+00
      9.245     -0.174     0.0395      0.377     44.929  31.100566     1.7428      6.411    34.8568 2.4613e-01     1.6157      9.068     13.152     9.5966 0.0000e+00
      9.179     -0.175     0.0347      0.373     45.155  31.254744     1.7518      6.411    34.6062 2.5743e-01     1.6457      8.995     13.045     9.6089 0.0000e+00
      9.126     -0.158     0.0370      0.357     45.399  31.418681     1.7603      6.412    34.2477 2.7509e-01     1.6056      8.946     12.974     9.6116 0.0000e+00
      9.086     -0.125     0.0406      0.359     45.614  31.561119     1.7627      6.413    33.7930 2.9343e-01     1.5405      8.907     12.919     9.6098 0.0000e+00
      9.058     -0.086     0.0445      0.375     45.747  31.645544     1.7636      6.414    33.4105 3.0241e-01     1.5415      8.875     12.872     9.6088 0.0000e+00
      9.048     -0.052     0.0434      0.382     45.805  31.678648     1.7714      6.415    33.1494 2.9479e-01     1.6172      8.867     12.861     9.6068 0.0000e+00
      9.052     -0.028     0.0391      0.377     45.856  31.707767     1.7656      6.416    32.7874 2.8294e-01     1.6708      8.878     12.877     9.6011 0.0000e+00
      9.056     -0.011     0.0405      0.368     45.913  31.744007     1.7513      6.416    32.2173 2.9083e-01     1.6430      8.884     12.885     9.5937 0.0000e+00
      9.054      0.002     0.0430      0.357     45.997  31.799808     1.7493      6.416    31.5913 3.0152e-01     1.5895      8.882     12.881     9.5853 0.0000e+00
      9.049      0.014     0.0446      0.352     46.200  31.938643     1.7405      6.417    31.0685 2.9540e-01     1.6038      8.875     12.872     9.5763 0.0000e+00
      9.045      0.026     0.0426      0.361     46.518  32.154627     1.7196      6.419    30.6286 2.8068e-01     1.6791      8.866     12.859     9.5699 0.0000e+00
      9.050      0.041     0.0421      0.365     46.766  32.318984     1.7051      6.421    30.3168 2.7564e-01     1.6799      8.870     12.864     9.5666 0.0000e+00
      9.069      0.054     0.0408      0.365     46.900  32.404202     1.6982      6.422    30.2230 2.7361e-01     1.6138      8.892     12.897     9.5648 0.0000e+00
      9.094      0.061     0.0387      0.370     46.936  32.424156     1.6942      6.422    30.1829 2.6286e-01     1.5621      8.919     12.936     9.5642 0.0000e+00
      9.117      0.060     0.0422      0.353     46.863  32.370033     1.6988      6.422    30.1767 2.6192e-01     1.5334      8.942     12.969     9.5610 0.0000e+00
      9.136      0.047     0.0419      0.325     46.794  32.320425     1.7041      6.422    30.2334 2.7174e-01     1.5408      8.963     12.999     9.5506 0.0000e+00
      9.148      0.018     0.0404      0.318     46.719  32.268179     1.7002      6.421    30.1806 2.7204e-01     1.5487      8.974     13.017     9.5421 0.0000e+00
      9.151     -0.030     0.0438      0.314     46.501  32.118739     1.6762      6.419    30.0536 2.6507e-01     1.5262      8.975     13.017     9.5382 0.0000e+00
      9.149     -0.092     0.0414      0.320     46.283  31.971813     1.6387      6.417    29.9888 2.6065e-01     1.4741      8.976     13.018     9.5346 0.0000e+00
      9.134     -0.159     0.0346      0.345     46.243  31.949959     1.6300      6.415    29.9137 2.7013e-01     1.4321      8.969     13.008     9.5327 0.0000e+00
      9.086     -0.219     0.0373      0.355     46.281  31.981315     1.6464      6.414    29.7479 2.9724e-01     1.4278      8.926     12.946     9.5322 0.0000e+00
      9.002     -0.262     0.0356      0.357     46.261  31.970531     1.6704      6.414    29.6186 3.2774e-01     1.4897      8.834     12.813     9.5321 0.0000e+00
      8.900     -0.281     0.0342      0.372     46.222  31.946379     1.7111      6.415    29.4682 3.5845e-01     1.5999      8.724     12.654     9.5358 0.0000e+00
      8.803     -0.272     0.0412      0.379     46.215  31.942912     1.7471      6.415    29.1351 3.9359e-01     1.6666      8.626     12.511     9.5436 0.0000e+00
      8.726     -0.241     0.0410      0.364     46.193  31.928604     1.7562      6.415    28.7745 4.1819e-01     1.6472      8.548     12.398     9.5498 0.0000e+00
      8.676     -0.205     0.0393      0.364     46.153  31.900187     1.7462      6.415    28.5495 4.1348e-01     1.5706      8.499     12.328     9.5522 0.0000e+00
      8.647     -0.183     0.0427      0.372     46.085  31.852932     1.7429      6.415    28.3934 4.0824e-01     1.5263      8.476     12.293     9.5546 0.0000e+00
      8.629     -0.183     0.0455      0.373     46.009  31.801057     1.7500      6.414    28.1777 4.2645e-01     1.5553      8.464     12.277     9.5572 0.0000e+00
      8.602     -0.199     0.0396      0.377     45.975  31.780188     1.7569      6.414    28.0069 4.4572e-01     1.6135      8.447     12.251     9.5575 0.0000e+00
      8.548     -0.222     0.0412      0.381     45.985  31.790823     1.7598      6.414    27.8778 4.7592e-01     1.6152      8.396     12.176     9.5568 0.0000e+00
      8.465     -0.241     0.0436      0.390     45.999  31.802844     1.7683      6.415    27.6480 5.2088e-01     1.6099      8.303     12.042     9.5558 0.0000e+00
      8.376     -0.246     0.0415      0.400     45.993  31.798731     1.7933      6.417    27.4659 5.4844e-01     1.6860      8.206     11.901     9.5566 0.0000e+00
      8.301     -0.235     0.0437      0.392     46.002  31.804493     1.8118      6.418    27.3101 5.6851e-01     1.7848      8.135     11.799     9.5608 0.0000e+00
      8.246     -0.216     0.0428      0.352     46.009  31.809113     1.8174      6.419    27.0548 5.8996e-01     1.8478      8.081     11.721     9.5648 0.0000e+00
      8.206     -0.203     0.0444      0.320     45.984  31.791194     1.8033      6.419    26.7890 5.9893e-01     1.7990      8.042     11.664     9.5671 0.0000e+00
      8.177     -0.204     0.0462      0.335     45.965  31.778044     1.7740      6.420    26.5911 6.1240e-01     1.6721      8.019     11.631     9.5668 0.0000e+00
      8.143     -0.220     0.0468      0.360     45.962  31.776912     1.7625      6.420    26.5549 6.3809e-01     1.6115      7.995     11.597     9.5660 0.0000e+00
      8.085     -0.244     0.0400      0.358     45.961  31.777511     1.7643      6.419    26.6094 6.7603e-01     1.6134      7.940     11.516     9.5662 0.0000e+00
      8.003     -0.267     0.0330      0.348     45.971  31.785288     1.7796      6.419    26.5615 7.2280e-01     1.6263      7.851     11.385     9.5651 0.0000e+00
      7.913     -0.282     0.0379      0.338     46.002  31.807552     1.8061      6.419    26.4064 7.6687e-01     1.6309      7.756     11.250     9.5654 0.0000e+00
      7.832     -0.280     0.0433      0.331     46.073  31.856500     1.8181      6.420    26.1964 8.2266e-01     1.6349      7.676     11.133     9.5665 0.0000e+00
      7.761     -0.262     0.0404      0.330     46.095  31.869901     1.8162      6.421    25.8298 8.7689e-01     1.6752      7.610     11.037     9.5674 0.0000e+00
      7.696     -0.242     0.0397      0.332     45.875  31.715985     1.8080      6.421    25.3292 9.1030e-01     1.7425      7.545     10.943     9.5687 0.0000e+00
      7.640     -0.231     0.0383      0.330     45.585  31.517117     1.8019      6.422    25.0474 9.3756e-01     1.7992      7.484     10.854     9.5704 0.0000e+00
      7.599     -0.230     0.0375      0.325     45.545  31.494237     1.8091      6.424    24.9179 9.6948e-01     1.8146      7.451     10.808     9.5709 0.0000e+00
      7.556     -0.234     0.0375      0.335     45.642  31.566147     1.8207      6.424    24.7103 1.0245e+00     1.8260      7.423     10.765     9.5680 0.0000e+00
      7.491     -0.234     0.0378      0.350     45.726  31.625785     1.8673      6.424    24.5156 1.0980e+00     1.8686      7.351     10.663     9.5640 0.0000e+00
      7.412     -0.225     0.0386      0.379     45.753  31.644721     1.9482      6.424    24.2854 1.1628e+00     1.8859      7.263     10.535     9.5647 0.0000e+00
      7.338     -0.208     0.0352      0.414     45.698  31.604897     1.9835      6.425    23.9920 1.2136e+00     1.8641      7.194     10.434     9.5727 0.0000e+00
      7.277     -0.189     0.0387      0.409     45.584  31.524674     1.9850      6.426    23.8071 1.2535e+00     1.8791      7.129     10.340     9.5791 0.0000e+00
      7.238     -0.180     0.0394      0.382     45.363  31.372154     1.9922      6.426    23.7698 1.2700e+00     1.8958      7.084     10.275     9.5809 0.0000e+00
      7.226     -0.187     0.0413      0.357     45.135  31.218989     1.9954      6.426    23.8003 1.2653e+00     1.8623      7.086     10.278     9.5809 0.0000e+00
      7.212     -0.211     0.0509      0.339     45.090  31.194364     1.9992      6.428    23.9178 1.2953e+00     1.8487      7.090     10.282     9.5782 0.0000e+00
      7.161     -0.242     0.0471      0.343     45.185  31.264626     1.9958      6.429    24.0710 1.3936e+00     1.8335      7.039     10.209     9.5755 0.0000e+00
      7.068     -0.268     0.0426      0.338     45.152  31.244334     1.9961      6.430    24.1050 1.5262e+00     1.8151      6.935     10.057     9.5748 0.0000e+00
      6.962     -0.281     0.0420      0.327     44.907  31.075820     2.0362      6.432    23.8981 1.6497e+00     1.8660      6.821      9.892     9.5805 0.0000e+00
      6.868     -0.278     0.0359      0.345     44.704  30.938906     2.1067      6.432    23.6343 1.7605e+00     1.9699      6.728      9.758     9.5898 0.0000e+00
      6.799     -0.265     0.0406      0.353     44.580  30.856901     2.1486      6.433    23.5824 1.8519e+00     2.0474      6.657      9.654     9.5953 0.0000e+00
      6.757     -0.250     0.0396      0.341     44.465  30.781689     2.1511      6.435    23.6146 1.9039e+00     2.0507      6.619      9.601     9.5970 0.0000e+00
      6.725     -0.240     0.0339      0.350     44.473  30.790308     2.1712      6.438    23.5944 1.9779e+00     2.0437      6.605      9.580     9.5966 0.0000e+00
      6.672     -0.240     0.0407      0.357     44.533  30.834319     2.2090      6.441    23.5962 2.1250e+00     2.0665      6.557      9.511     9.6008 0.0000e+00
      6.591     -0.243     0.0422      0.344     44.491  30.806648     2.2165      6.443    23.6355 2.2951e+00     2.0870      6.462      9.373     9.6075 0.0000e+00
      6.507     -0.242     0.0362      0.350     44.350  30.709324     2.2113      6.444    23.7260 2.4521e+00     2.0866      6.375      9.245     9.6109 0.0000e+00
      6.437     -0.233     0.0402      0.357     44.111  30.545156     2.2456      6.445    23.8300 2.6037e+00     2.1976      6.311      9.152     9.6152 0.0000e+00
      6.379     -0.222     0.0429      0.345     43.723  30.279841     2.3067      6.446    23.8605 2.7359e+00     2.4730      6.250      9.064     9.6181 0.0000e+00
      6.337     -0.214     0.0368      0.345     43.455  30.100686     2.3347      6.449    23.9227 2.8142e+00     2.6153      6.206      9.002     9.6184 0.0000e+00
      6.308     -0.212     0.0398      0.348     43.522  30.154112     2.3351      6.452    23.9795 2.9008e+00     2.5513      6.192      8.979     9.6195 0.0000e+00
      6.265     -0.215     0.0429      0.347     43.623  30.228466     2.3777      6.454    23.8598 3.1261e+00     2.6217      6.159      8.933     9.6209 0.0000e+00
      6.193     -0.223     0.0373      0.347     43.362  30.048773     2.4669      6.456    23.7654 3.4745e+00     2.8852      6.075      8.812     9.6230 0.0000e+00
      6.112     -0.232     0.0395      0.335     43.026  29.819910     2.5230      6.459    23.9570 3.7909e+00     3.0397      5.983      8.677     9.6318 0.0000e+00
      6.050     -0.229     0.0403      0.323     42.998  29.806919     2.5227      6.462    24.2826 4.0354e+00     3.0208      5.927      8.596     9.6418 0.0000e+00
      6.000     -0.211     0.0384      0.318     42.748  29.638149     2.5140      6.463    24.3471 4.3710e+00     2.9643      5.890      8.543     9.6467 0.0000e+00
      5.944     -0.189     0.0410      0.320     42.253  29.300779     2.5591      6.465    24.3926 4.8126e+00     2.9372      5.831      8.456     9.6459 0.0000e+00
      5.892     -0.181     0.0376      0.346     41.933  29.087694     2.6521      6.468    24.8332 5.0925e+00     2.9319      5.766      8.362     9.6482 0.0000e+00
      5.863     -0.190     0.0365      0.376     41.740  28.963565     2.6977      6.471    25.2853 5.1862e+00     2.9341      5.744      8.331     9.6603 0.0000e+00
      5.841     -0.207     0.0365      0.374     41.695  28.941020     2.7031      6.474    25.4709 5.4649e+00     2.9640      5.741      8.327     9.6637 0.0000e+00
      5.793     -0.227     0.0348      0.367     41.688  28.941898     2.8416      6.479    25.6155 6.1094e+00     3.1569      5.696      8.261     9.6677 0.0000e+00
      5.713     -0.247     0.0387      0.379     41.640  28.910798     3.1079      6.482    25.7428 6.8862e+00     3.4903      5.602      8.125     9.6817 0.0000e+00
      5.627     -0.264     0.0451      0.381     41.596  28.881948     3.2673      6.483    25.7203 7.5555e+00     3.6480      5.511      7.993     9.6930 0.0000e+00
      5.552     -0.269     0.0431      0.376     41.452  28.783257     3.3121      6.484    25.6008 8.1985e+00     3.6628      5.445      7.896     9.7041 0.0000e+00
      5.482     -0.260     0.0393      0.363     41.191  28.605015     3.6164      6.484    25.5884 8.9129e+00     3.8056      5.375      7.796     9.7116 0.0000e+00
      5.418     -0.245     0.0449      0.341     40.943  28.438407     4.1920      6.485    26.0002 9.5234e+00     4.0433      5.307      7.698     9.7135 0.0000e+00
      5.366     -0.233     0.0431      0.348     40.719  28.290193     4.5116      6.486    26.5357 1.0034e+01     4.1796      5.260      7.629     9.7154 0.0000e+00
      5.317     -0.229     0.0423      0.363     40.589  28.207568     4.5685      6.489    27.0731 1.0688e+01     4.1894      5.219      7.569     9.7161 0.0000e+00
