Data/DataNotYetUploadedToEDI/Raw_CTD/RawDownloads/050922_bvr40_0005.cnv
* Sea-Bird SBE19plus  Data File:
* FileName = C:\R\Reservoirs\Data\DataNotYetUploadedToEDI\Raw_CTD\RawDownloads\050922_bvr50_0005.hex
* Software version 2.8.0.119
* Temperature SN = 7809
* Conductivity SN = 7809
* System UpLoad Time = May 09 2022 16:22:40
* <ApplicationData>
* <Seaterm232>
# nquan = 15
# nvalues = 739                         
# units = specified
# name 0 = depFM: Depth [fresh water, m]
# name 1 = dz/dtM: Descent Rate [m/s]
# name 2 = sbeox0Mg/L: Oxygen, SBE 43 [mg/l]
# name 3 = sbeox0PS: Oxygen, SBE 43 [% saturation]
# name 4 = specc: Specific Conductance [uS/cm]
# name 5 = c0uS/cm: Conductivity [uS/cm]
# name 6 = flECO-AFL: Fluorescence, WET Labs ECO-AFL/FL [mg/m^3]
# name 7 = ph: pH
# name 8 = orp: Oxidation Reduction Potential [mV]
# name 9 = par/sat/log: PAR/Logarithmic, Satlantic
# name 10 = turbWETntu0: Turbidity, WET Labs ECO [NTU]
# name 11 = prdM: Pressure, Strain Gauge [db]
# name 12 = prdE: Pressure, Strain Gauge [psi]
# name 13 = tv290C: Temperature [ITS-90, deg C]
# name 14 = flag:  0.000e+00
# span 0 =     -0.688,      3.968       
# span 1 =     -0.300,      0.135       
# span 2 =     4.7006,     9.0178       
# span 3 =     45.111,     92.409       
# span 4 =      2.901,     34.642       
# span 5 =   2.522092,  28.956884       
# span 6 =    -1.8915,   233.7278       
# span 7 =     -1.717,     12.826       
# span 8 = -1240.7455,  1229.2607       
# span 9 = 2.2878e+01, 2.2490e+03       
# span 10 =    -6.9395,   957.3966      
# span 11 =     -0.676,      3.892      
# span 12 =     -0.980,      5.645      
# span 13 =    13.2761,    18.5510      
# span 14 = 0.0000e+00, 0.0000e+00      
# interval = seconds: 0.25
# start_time = May 09 2022 08:06:53 [Instrument's time stamp, header]
# bad_flag = -9.990e-29
*END*
     -0.687 3.9759e-72     8.4084     89.765      3.937   3.429675    -0.0639      5.886 -1240.7455 2.1057e+03    -0.1618     -0.674     -0.978    18.5509 0.0000e+00
     -0.688 4.3735e-71     8.4078     89.755      4.006   3.489218    -0.0549      5.860 -1240.7455 1.8762e+03    -0.1729     -0.674     -0.978    18.5510 0.0000e+00
     -0.688 4.8109e-70     8.3897     89.764      4.007   3.490444    -0.0578      5.835 -1240.7455 1.7702e+03    -0.1858     -0.674     -0.978    18.5509 0.0000e+00
     -0.687 5.2919e-69     8.4026     89.793      3.955   3.444497    -0.0739      5.808 -1240.7455 1.9740e+03    -0.1816     -0.674     -0.977    18.5508 0.0000e+00
     -0.687 5.8211e-68     8.4040     89.759      3.877   3.376847    -0.0752      5.792 -1240.7455 2.1666e+03    -0.1557     -0.674     -0.977    18.5507 0.0000e+00
     -0.688 6.4032e-67     8.4012     89.730      3.794   3.305588    -0.0735      5.841 -1240.7455 2.2144e+03    -0.1802     -0.675     -0.979    18.5504 0.0000e+00
     -0.688 7.0436e-66     8.3998     89.842      3.764   3.279304    -0.0775      5.905 -1240.7455 2.2152e+03    -0.2388     -0.675     -0.979    18.5497 0.0000e+00
     -0.688 7.7479e-65     8.4094     89.948      3.802   3.312284    -0.0747      5.888 -1240.7455 2.1570e+03    -0.2838     -0.675     -0.979    18.5487 0.0000e+00
     -0.688 8.5227e-64     8.4048     89.921      3.816   3.324501    -0.0649      5.855 -1240.7455 1.6660e+03    -0.2802     -0.674     -0.978    18.5480 0.0000e+00
     -0.688 9.3750e-63     8.3898     89.861      3.788   3.300402    -0.0667      5.865 -1240.7455 9.3831e+02    -0.2284     -0.674     -0.978    18.5476 0.0000e+00
     -0.687 1.0312e-61     8.4115     89.810      3.758   3.274143    -0.0796      5.869 -1240.7454 6.3779e+02    -0.2048     -0.673     -0.977    18.5473 0.0000e+00
     -0.687 1.1344e-60     8.4288     89.755      3.742   3.260235    -0.0795      5.848 -1240.7447 7.4799e+02    -0.1998     -0.674     -0.978    18.5471 0.0000e+00
     -0.688 1.2478e-59     8.4161     89.754      3.741   3.258857    -0.0725      5.855 -1240.7364 9.0620e+02    -0.2028     -0.674     -0.978    18.5470 0.0000e+00
     -0.688 1.3726e-58     8.4122     89.804      3.739   3.257486    -0.0708      5.935 -1240.6453 1.0968e+03    -0.2401     -0.674     -0.978    18.5468 0.0000e+00
     -0.688 1.5099e-57     8.4080     89.775      3.724   3.243664    -0.0763      5.975 -1239.6430 1.6282e+03    -0.2747     -0.674     -0.978    18.5469 0.0000e+00
     -0.688 1.6608e-56     8.4010     89.769      3.695   3.218349    -0.0718      5.498 -1228.6178 1.9616e+03    -0.2452     -0.674     -0.978    18.5466 0.0000e+00
     -0.687 1.8269e-55     8.3969     89.867      3.679   3.204638    -0.0495      3.660 -1107.3410 1.9546e+03    -0.1915     -0.674     -0.978    18.5462 0.0000e+00
     -0.687 2.0096e-54     8.4135     89.861      3.679   3.204513    -0.0562      1.930  -996.1705 2.0674e+03    -0.2066     -0.674     -0.977    18.5459 0.0000e+00
     -0.687 2.2106e-53     8.4055     89.821      3.694   3.216831    -0.0870      2.609 -1107.3409 2.1549e+03    -0.2562     -0.674     -0.978    18.5457 0.0000e+00
     -0.687 2.4316e-52     8.3911     89.810      3.705   3.226961    -0.0887      4.262 -1228.6178 2.1208e+03    -0.2453     -0.674     -0.978    18.5456 0.0000e+00
     -0.687 2.6748e-51     8.4258     89.775      3.675   3.200370    -0.0679      5.165 -1239.6430 2.0733e+03    -0.2114     -0.674     -0.977    18.5456 0.0000e+00
     -0.687 2.9423e-50     8.4105     89.758      3.615   3.148563    -0.0605      5.548 -1240.6453 2.1153e+03    -0.2214     -0.674     -0.978    18.5456 0.0000e+00
     -0.687 3.2365e-49     8.4053     89.668      3.567   3.107028    -0.0578      5.692 -1240.7364 2.1944e+03    -0.1962     -0.674     -0.978    18.5452 0.0000e+00
     -0.687 3.5602e-48     8.4135     89.598      3.534   3.078032    -0.0442      5.757 -1240.7446 2.2279e+03    -0.1791     -0.674     -0.978    18.5451 0.0000e+00
     -0.687 3.9162e-47     8.3979     89.699      3.503   3.051207    -0.0537      5.805 -1240.7454 2.2308e+03    -0.2544     -0.674     -0.978    18.5451 0.0000e+00
     -0.688 4.3078e-46     8.4094     89.775      3.486   3.035916    -0.0804      5.846 -1240.7455 2.2214e+03    -0.2870     -0.674     -0.978    18.5448 0.0000e+00
     -0.688 4.7386e-45     8.3963     89.744      3.467   3.019772    -0.0766      5.865 -1240.7455 2.1354e+03    -0.2314     -0.674     -0.978    18.5445 0.0000e+00
     -0.688 5.2124e-44     8.3745     89.759      3.425   2.982632    -0.0575      5.874 -1240.7455 2.0306e+03    -0.1966     -0.675     -0.979    18.5439 0.0000e+00
     -0.688 5.7337e-43     8.4026     89.823      3.408   2.966716    -0.0575      5.890 -1240.7455 2.0799e+03    -0.2080     -0.674     -0.978    18.5423 0.0000e+00
     -0.688 6.3070e-42     8.4114     89.799      3.393   2.953940    -0.0683      5.890 -1240.7455 2.1859e+03    -0.2324     -0.675     -0.979    18.5395 0.0000e+00
     -0.688 6.9377e-41     8.3994     89.746      3.322   2.891461    -0.0718      5.871 -1240.7455 2.1733e+03    -0.2188     -0.674     -0.978    18.5367 0.0000e+00
     -0.688 7.6315e-40     8.4007     89.741      3.268   2.844361    -0.0666      5.852 -1240.7455 2.1317e+03    -0.1799     -0.674     -0.978    18.5330 0.0000e+00
     -0.688 8.3947e-39     8.4184     89.724      3.249   2.827626    -0.0635      5.836 -1240.7455 2.1664e+03    -0.2063     -0.675     -0.979    18.5280 0.0000e+00
     -0.688 9.2341e-38     8.4120     89.764      3.235   2.815734    -0.0673      5.847 -1240.7455 2.2057e+03    -0.2658     -0.674     -0.978    18.5238 0.0000e+00
     -0.688 1.0158e-36     8.3997     89.830      3.248   2.827190    -0.0713      5.877 -1240.7455 2.2186e+03    -0.2837     -0.675     -0.979    18.5210 0.0000e+00
     -0.688 1.1173e-35     8.4115     89.853      3.262   2.839526    -0.0701      5.871 -1240.7455 2.2169e+03    -0.2862     -0.675     -0.979    18.5190 0.0000e+00
     -0.688 1.2291e-34     8.3992     89.888      3.261   2.838270    -0.0689      5.848 -1240.7455 2.1737e+03    -0.3301     -0.675     -0.979    18.5178 0.0000e+00
     -0.688 1.3520e-33     8.4062     89.853      3.231   2.812006    -0.0655      5.856 -1240.7455 2.0907e+03    -0.3365     -0.674     -0.978    18.5175 0.0000e+00
     -0.688 1.4872e-32     8.4199     89.755      3.188   2.775197    -0.0541      5.876 -1240.7455 2.0111e+03    -0.2608     -0.674     -0.978    18.5179 0.0000e+00
     -0.688 1.6359e-31     8.4116     89.750      3.186   2.773063    -0.0560      5.866 -1240.7454 2.0411e+03    -0.2343     -0.675     -0.979    18.5183 0.0000e+00
     -0.688 1.7995e-30     8.4226     89.752      3.201   2.786206    -0.0714      5.765 -1240.7441 2.1437e+03    -0.2556     -0.674     -0.978    18.5186 0.0000e+00
     -0.688 1.9794e-29     8.4236     89.692      3.226   2.807496    -0.0734      5.265 -1240.7296 2.1878e+03    -0.2451     -0.674     -0.978    18.5184 0.0000e+00
     -0.688 2.1774e-28     8.3967     89.569      3.264   2.840550    -0.0641      4.541 -1240.5703 2.2126e+03    -0.2101     -0.674     -0.978    18.5179 0.0000e+00
     -0.688 2.3951e-27     8.4108     89.494      3.297   2.869319    -0.0590      3.191 -1238.8186 2.2430e+03    -0.1743     -0.674     -0.978    18.5173 0.0000e+00
     -0.688 2.6346e-26     8.4082     89.585      3.334   2.902108    -0.0617      0.491 -1219.5498 2.2345e+03    -0.1870     -0.675     -0.979    18.5155 0.0000e+00
     -0.688 2.8981e-25     8.4045     89.687      3.355   2.920465    -0.0636     -1.717 -1007.5933 2.2113e+03    -0.1935     -0.675     -0.979    18.5138 0.0000e+00
     -0.688 3.1879e-24     8.3929     89.755      3.333   2.901349    -0.0567     -1.509  -726.2139 2.2103e+03    -0.1505     -0.675     -0.979    18.5137 0.0000e+00
     -0.688 3.5067e-23     8.3692     89.785      3.287   2.860895    -0.0529      0.532  -824.5738 2.2177e+03    -0.1787     -0.674     -0.978    18.5142 0.0000e+00
     -0.688 3.8573e-22     8.3984     89.792      3.230   2.811186    -0.0596      2.848 -1103.7258 2.2017e+03    -0.2612     -0.675     -0.979    18.5146 0.0000e+00
     -0.688 4.2431e-21     8.3998     89.823      3.152   2.743475    -0.0630      4.514 -1094.2586 2.1661e+03    -0.2606     -0.675     -0.979    18.5148 0.0000e+00
     -0.688 4.6674e-20     8.4100     89.849      3.074   2.675289    -0.0603      5.586  -450.6984 2.1421e+03    -0.2046     -0.675     -0.979    18.5140 0.0000e+00
     -0.688 5.1341e-19     8.4127     89.849      3.010   2.619826    -0.0606      6.921   341.3161 2.1364e+03    -0.1998     -0.675     -0.979    18.5133 0.0000e+00
     -0.688 5.6475e-18     8.4082     89.814      2.963   2.579335    -0.0661      8.758   319.5493 2.1292e+03    -0.2025     -0.674     -0.977    18.5133 0.0000e+00
     -0.688 6.2123e-17     8.4163     89.776      2.947   2.565552    -0.0686     10.157   -71.5102 2.1236e+03    -0.1690     -0.675     -0.978    18.5135 0.0000e+00
     -0.688 6.8335e-16     8.4161     89.749      2.964   2.579800    -0.0666     10.733  -224.5435 2.1331e+03    -0.1709     -0.674     -0.979    18.5138 0.0000e+00
     -0.688 7.5168e-15     8.4194     89.740      3.016   2.624985    -0.0660     10.878  -310.8975 2.1462e+03    -0.2247     -0.675     -0.978    18.5143 0.0000e+00
     -0.688 8.2685e-14     8.4122     89.754      3.067   2.668731    -0.0700     10.958  -429.4469 2.1548e+03    -0.2734     -0.675     -0.979    18.5145 0.0000e+00
     -0.688 9.0954e-13     8.4100     89.771      3.063   2.665581    -0.0652     11.046  -559.1919 2.1626e+03    -0.2811     -0.674     -0.978    18.5140 0.0000e+00
     -0.688 1.0005e-11     8.4069     89.783      3.046   2.650199    -0.0487     11.119  -685.9253 2.1657e+03    -0.2490     -0.675     -0.979    18.5126 0.0000e+00
     -0.688 1.1005e-10     8.4060     89.802      3.071   2.672678    -0.0458     11.176  -781.8267 2.1655e+03    -0.2269     -0.675     -0.979    18.5105 0.0000e+00
     -0.688 1.2106e-09     8.4091     89.838      3.084   2.684148    -0.0554     11.212  -832.7822 2.1603e+03    -0.2530     -0.674     -0.978    18.5081 0.0000e+00
     -0.688 1.3317e-08     8.4110     89.882      3.059   2.662265    -0.0570     11.196  -872.1713 2.1483e+03    -0.2580     -0.674     -0.978    18.5059 0.0000e+00
     -0.688 1.4648e-07     8.4122     89.925      3.058   2.661325    -0.0565     11.107  -902.3039 2.1372e+03    -0.2532     -0.674     -0.978    18.5035 0.0000e+00
     -0.688 2.6855e-07     8.4136     89.956      3.072   2.672770    -0.0659     10.983  -920.4106 2.1299e+03    -0.2623     -0.675     -0.979    18.5016 0.0000e+00
     -0.688 1.4648e-07     8.4179     89.990      3.074   2.674038    -0.0620     10.834  -939.2386 2.1287e+03    -0.1975     -0.674     -0.978    18.5010 0.0000e+00
     -0.688 1.3316e-08     8.4221     90.034      3.077   2.676654    -0.0434     10.678  -958.3902 2.1288e+03    -0.1191     -0.675     -0.979    18.5003 0.0000e+00
     -0.688 1.2105e-09     8.4269     90.073      3.109   2.704396    -0.0487     10.528  -968.7927 2.1281e+03    -0.1339     -0.674     -0.978    18.4984 0.0000e+00
     -0.688 1.1005e-10     8.4303     90.111      3.169   2.756236    -0.0766     10.371  -976.9968 2.1351e+03    -0.1720     -0.674     -0.978    18.4956 0.0000e+00
     -0.688 1.0004e-11     8.4319     90.136      3.216   2.796988    -0.0809     10.238  -989.0976 2.1437e+03    -0.1695     -0.675     -0.979    18.4932 0.0000e+00
     -0.688 9.0667e-13     8.4396     90.151      3.239   2.817288    -0.0590     10.141  -998.6052 2.1492e+03    -0.1720     -0.675     -0.979    18.4918 0.0000e+00
     -0.688 5.1495e-14     8.4403     90.168      3.232   2.811762    -0.0531     10.067 -1007.0321 2.1535e+03    -0.2024     -0.675     -0.979    18.4916 0.0000e+00
     -0.688 -3.356e-13     8.4464     90.186      3.212   2.793469    -0.0681     10.025 -1012.6050 2.1532e+03    -0.2300     -0.675     -0.979    18.4919 0.0000e+00
     -0.688 -3.773e-12     8.4477     90.220      3.203   2.786031    -0.0727     10.037 -1006.1888 2.1493e+03    -0.1975     -0.674     -0.978    18.4924 0.0000e+00
     -0.688 -4.151e-11     8.4478     90.250      3.202   2.785137    -0.0590     10.128  -988.8214 2.1436e+03    -0.1520     -0.674     -0.978    18.4923 0.0000e+00
     -0.688 -4.566e-10     8.4518     90.270      3.199   2.782658    -0.0525     10.256  -972.2012 2.1379e+03    -0.1917     -0.675     -0.979    18.4912 0.0000e+00
     -0.688 -5.023e-09     8.4505     90.299      3.168   2.756064    -0.0615     10.359  -965.1816 2.1348e+03    -0.2335     -0.675     -0.979    18.4900 0.0000e+00
     -0.688 -5.525e-08     8.4568     90.339      3.123   2.716823    -0.0672     10.425  -962.0243 2.1306e+03    -0.1795     -0.675     -0.979    18.4891 0.0000e+00
     -0.688 -1.013e-07     8.4590     90.384      3.090   2.688037    -0.0638     10.463  -960.0978 2.1207e+03    -0.1189     -0.675     -0.980    18.4887 0.0000e+00
     -0.688 -5.525e-08     8.4601     90.413      3.059   2.661249    -0.0621     10.478  -960.9892 2.1123e+03    -0.1504     -0.675     -0.979    18.4882 0.0000e+00
     -0.688 -5.025e-09     8.4632     90.438      3.042   2.646163    -0.0631     10.495  -956.2820 2.1076e+03    -0.2188     -0.674     -0.978    18.4876 0.0000e+00
     -0.688 -4.567e-10     8.4666     90.472      3.026   2.632239    -0.0588     10.564  -940.2660 2.1061e+03    -0.2278     -0.674     -0.978    18.4868 0.0000e+00
     -0.688 -4.148e-11     8.4727     90.498      3.011   2.619514    -0.0596     10.649  -922.7282 2.1101e+03    -0.2250     -0.675     -0.979    18.4860 0.0000e+00
     -0.688 -3.315e-12     8.4750     90.523      3.011   2.618924    -0.0737     10.648  -926.5512 2.1152e+03    -0.2540     -0.674     -0.978    18.4853 0.0000e+00
     -0.688 4.7087e-12     8.4754     90.542      3.018   2.625106    -0.0793     10.573  -951.1274 2.1162e+03    -0.2701     -0.675     -0.979    18.4847 0.0000e+00
     -0.688 5.5539e-11     8.4818     90.559      3.025   2.630956    -0.0698     10.524  -961.0704 2.1111e+03    -0.2836     -0.675     -0.979    18.4840 0.0000e+00
     -0.688 6.1127e-10     8.4818     90.583      3.019   2.626341    -0.0580     10.521  -947.7404 2.1060e+03    -0.2801     -0.675     -0.979    18.4835 0.0000e+00
     -0.688 6.7240e-09     8.4858     90.613      3.027   2.632621    -0.0527     10.497  -941.7287 2.1047e+03    -0.2627     -0.675     -0.979    18.4836 0.0000e+00
     -0.688 7.3964e-08     8.4869     90.658      3.040   2.643571    -0.0563     10.475  -949.7293 2.1059e+03    -0.2438     -0.675     -0.979    18.4834 0.0000e+00
     -0.688 1.3560e-07     8.4879     90.676      3.026   2.632124    -0.0594     10.467  -958.5220 2.1104e+03    -0.1880     -0.674     -0.978    18.4825 0.0000e+00
     -0.688 7.3976e-08     8.4921     90.671      3.014   2.620828    -0.0657     10.414  -969.6580 2.1152e+03    -0.1689     -0.674     -0.978    18.4814 0.0000e+00
     -0.688 6.8493e-09     8.4915     90.699      3.029   2.633613    -0.0733     10.334  -983.1062 2.1157e+03    -0.2180     -0.675     -0.979    18.4807 0.0000e+00
     -0.688 1.9897e-09     8.5005     90.748      3.059   2.660087    -0.0685     10.259  -993.1826 2.1173e+03    -0.2006     -0.675     -0.979    18.4804 0.0000e+00
     -0.688 1.5218e-08     8.5012     90.729      3.091   2.687693    -0.0579     10.218  -995.3850 2.1223e+03    -0.1639     -0.675     -0.979    18.4801 0.0000e+00
     -0.688 1.6679e-07     8.4982     90.656      3.121   2.714167    -0.0619     10.217  -992.6985 2.1230e+03    -0.2176     -0.674     -0.978    18.4796 0.0000e+00
     -0.688 3.0578e-07     8.5001     90.634      3.136   2.726947    -0.0751     10.232  -989.7830 2.1206e+03    -0.2355     -0.674     -0.978    18.4790 0.0000e+00
     -0.688 1.6679e-07     8.5107     90.681      3.123   2.715603    -0.0760     10.262  -984.1388 2.1224e+03    -0.2095     -0.674     -0.978    18.4786 0.0000e+00
