Data/DataNotYetUploadedToEDI/Raw_CTD/RawDownloads/050922_bvr40_0005.cnv
* Sea-Bird SBE19plus  Data File:
* FileName = C:\R\Reservoirs\Data\DataNotYetUploadedToEDI\Raw_CTD\RawDownloads\050922_bvr50_0005.hex
* Software version 2.8.0.119
* Temperature SN = 7809
* Conductivity SN = 7809
* System UpLoad Time = May 09 2022 16:22:40
* <ApplicationData>
* <Seaterm232>
# nquan = 15
# nvalues = 739                         
# units = specified
# name 0 = depFM: Depth [fresh water, m]
# name 1 = dz/dtM: Descent Rate [m/s]
# name 2 = sbeox0Mg/L: Oxygen, SBE 43 [mg/l]
# name 3 = sbeox0PS: Oxygen, SBE 43 [% saturation]
# name 4 = specc: Specific Conductance [uS/cm]
# name 5 = c0uS/cm: Conductivity [uS/cm]
# name 6 = flECO-AFL: Fluorescence, WET Labs ECO-AFL/FL [mg/m^3]
# name 7 = ph: pH
# name 8 = orp: Oxidation Reduction Potential [mV]
# name 9 = par/sat/log: PAR/Logarithmic, Satlantic
# name 10 = turbWETntu0: Turbidity, WET Labs ECO [NTU]
# name 11 = prdM: Pressure, Strain Gauge [db]
# name 12 = prdE: Pressure, Strain Gauge [psi]
# name 13 = tv290C: Temperature [ITS-90, deg C]
# name 14 = flag:  0.000e+00
# span 0 =     -0.688,      3.968       
# span 1 =     -0.300,      0.135       
# span 2 =     4.7006,     9.0178       
# span 3 =     45.111,     92.409       
# span 4 =      2.901,     34.642       
# span 5 =   2.522092,  28.956884       
# span 6 =    -1.8915,   233.7278       
# span 7 =     -1.717,     12.826       
# span 8 = -1240.7455,  1229.2607       
# span 9 = 2.2878e+01, 2.2490e+03       
# span 10 =    -6.9395,   957.3966      
# span 11 =     -0.676,      3.892      
# span 12 =     -0.980,      5.645      
# span 13 =    13.2761,    18.5510      
# span 14 = 0.0000e+00, 0.0000e+00      
# interval = seconds: 0.25
# start_time = May 09 2022 08:06:53 [Instrument's time stamp, header]
# bad_flag = -9.990e-29
*END*
[from data line 290]
      1.183      0.028     6.3927     67.218     27.602  23.004775     1.9124      7.534   256.2233 4.1700e+02     1.9569      1.161      1.684    16.6566 0.0000e+00
      1.190      0.028     6.4320     67.425     27.615  23.017230     1.8986      7.531   256.4463 4.0938e+02     1.9294      1.167      1.693    16.6597 0.0000e+00
      1.195      0.027     6.4769     67.521     27.614  23.017116     1.9045      7.529   256.5320 4.2611e+02     1.9509      1.172      1.699    16.6628 0.0000e+00
      1.201      0.026     6.5137     67.500     27.597  23.003404     1.9175      7.527   256.7428 4.3416e+02     1.9439      1.177      1.706    16.6666 0.0000e+00
      1.208      0.026     6.5450     67.364     27.566  22.978189     1.9389      7.523   257.1018 4.3622e+02     1.9125      1.185      1.718    16.6688 0.0000e+00
      1.216      0.027     6.5646     67.148     27.550  22.965723     1.9792      7.520   257.3455 4.3570e+02     1.9472      1.194      1.731    16.6706 0.0000e+00
      1.223      0.028     6.5740     66.901     27.566  22.979425     2.0062      7.517   257.5384 4.2309e+02     1.9873      1.200      1.740    16.6722 0.0000e+00
      1.229      0.030     6.5723     66.656     27.611  23.017116     2.0235      7.512   257.7990 4.1284e+02     1.9873      1.204      1.748    16.6733 0.0000e+00
      1.235      0.031     6.5575     66.421     27.641  23.041207     2.0634      7.508   258.0010 4.0604e+02     1.9821      1.210      1.755    16.6743 0.0000e+00
      1.243      0.032     6.5341     66.170     27.613  23.017218     2.1143      7.505   258.1741 4.0648e+02     1.9583      1.218      1.766    16.6761 0.0000e+00
      1.254      0.032     6.5088     65.901     27.569  22.980559     2.1471      7.503   258.4296 4.1090e+02     1.9387      1.230      1.782    16.6784 0.0000e+00
      1.264      0.031     6.4845     65.680     27.568  22.978190     2.1604      7.501   258.6806 4.2180e+02     1.9841      1.241      1.801    16.6774 0.0000e+00
      1.272      0.028     6.4630     65.520     27.586  22.988580     2.1678      7.498   258.8000 4.2651e+02     2.0626      1.249      1.812    16.6754 0.0000e+00
      1.277      0.024     6.4407     65.353     27.581  22.979428     2.1779      7.496   258.8405 4.0176e+02     2.1029      1.253      1.817    16.6734 0.0000e+00
      1.282      0.020     6.4094     65.155     27.602  22.994273     2.1913      7.494   258.9127 4.0089e+02     2.1299      1.256      1.823    16.6746 0.0000e+00
      1.287      0.018     6.3876     64.982     27.660  23.041323     2.2051      7.491   258.9842 4.1447e+02     2.1835      1.262      1.831    16.6753 0.0000e+00
      1.290      0.017     6.3773     64.852     27.663  23.041324     2.2194      7.489   259.1028 4.0724e+02     2.1705      1.266      1.836    16.6645 0.0000e+00
      1.293      0.017     6.3642     64.701     27.609  22.994283     2.2232      7.487   259.3147 4.0317e+02     2.0763      1.267      1.839    16.6509 0.0000e+00
      1.298      0.018     6.3420     64.503     27.590  22.979532     2.2087      7.485   259.5667 4.1642e+02     2.0001      1.272      1.845    16.6478 0.0000e+00
      1.303      0.019     6.3233     64.303     27.600  22.989714     2.2024      7.482   259.8276 4.4608e+02     1.9667      1.279      1.854    16.6493 0.0000e+00
      1.308      0.022     6.3160     64.112     27.597  22.990647     2.2134      7.478   260.0594 4.5212e+02     1.9453      1.283      1.862    16.6431 0.0000e+00
      1.313      0.025     6.3030     63.896     27.593  22.990815     2.2169      7.475   260.3051 4.3332e+02     1.9126      1.288      1.867    16.6370 0.0000e+00
      1.319      0.029     6.2803     63.657     27.593  22.991748     2.2123      7.471   260.5612 4.1941e+02     1.9462      1.294      1.877    16.6385 0.0000e+00
      1.327      0.033     6.2595     63.424     27.607  23.001929     2.2078      7.468   260.7465 4.0082e+02     2.0112      1.301      1.887    16.6449 0.0000e+00
      1.336      0.034     6.2427     63.208     27.591  22.987169     2.2037      7.465   260.8249 3.8627e+02     1.9804      1.309      1.898    16.6523 0.0000e+00
      1.348      0.034     6.2203     62.991     27.536  22.940033     2.2129      7.461   260.9074 3.9865e+02     1.9149      1.321      1.916    16.6559 0.0000e+00
      1.359      0.033     6.1955     62.770     27.535  22.938984     2.2347      7.457   261.0544 4.1095e+02     1.9031      1.333      1.934    16.6589 0.0000e+00
      1.368      0.032     6.1727     62.610     27.576  22.974483     2.2513      7.454   261.2260 3.9081e+02     1.9404      1.343      1.947    16.6561 0.0000e+00
      1.372      0.032     6.1530     62.535     27.594  22.989026     2.2641      7.453   261.4335 3.7748e+02     1.9901      1.346      1.952    16.6518 0.0000e+00
      1.377      0.031     6.1336     62.484     27.593  22.988081     2.2729      7.449   261.5847 3.7710e+02     2.0262      1.348      1.955    16.6505 0.0000e+00
      1.385      0.030     6.1081     62.424     27.562  22.963054     2.2663      7.445   261.5912 3.6960e+02     2.0356      1.358      1.969    16.6507 0.0000e+00
      1.396      0.030     6.0904     62.382     27.534  22.939906     2.2506      7.443   261.5120 3.7470e+02     2.0007      1.369      1.985    16.6539 0.0000e+00
      1.406      0.031     6.0872     62.400     27.561  22.961694     2.2493      7.441   261.4882 3.7448e+02     1.9800      1.379      2.000    16.6521 0.0000e+00
      1.414      0.033     6.0840     62.512     27.578  22.972998     2.2592      7.439   261.6482 3.6823e+02     1.9897      1.389      2.014    16.6511 0.0000e+00
      1.420      0.034     6.0755     62.680     27.556  22.949828     2.2533      7.438   261.8116 3.6694e+02     1.9816      1.392      2.019    16.6543 0.0000e+00
      1.425      0.037     6.0709     62.825     27.543  22.935031     2.2452      7.436   261.8290 3.6400e+02     1.9841      1.396      2.025    16.6533 0.0000e+00
      1.434      0.041     6.0702     62.936     27.531  22.920832     2.2527      7.432   262.0297 3.6763e+02     1.9862      1.406      2.039    16.6526 0.0000e+00
      1.447      0.048     6.0829     63.028     27.519  22.904892     2.2776      7.428   262.4314 3.6336e+02     1.9731      1.419      2.059    16.6490 0.0000e+00
      1.461      0.057     6.1061     63.083     27.484  22.869030     2.3129      7.423   262.7280 3.5314e+02     1.9612      1.432      2.078    16.6370 0.0000e+00
      1.475      0.063     6.1195     63.128     27.415  22.804077     2.3217      7.418   262.9485 3.4475e+02     1.9452      1.444      2.094    16.6302 0.0000e+00
      1.493      0.065     6.1301     63.270     27.367  22.753245     2.3172      7.413   263.1194 3.3986e+02     1.9850      1.463      2.122    16.6253 0.0000e+00
      1.513      0.063     6.1422     63.555     27.317  22.698016     2.3581      7.409   263.2455 3.3545e+02     2.0668      1.485      2.154    16.6130 0.0000e+00
      1.533      0.059     6.1492     63.969     27.271  22.643265     2.4175      7.407   263.3546 3.2912e+02     2.0466      1.503      2.180    16.6022 0.0000e+00
      1.548      0.052     6.1492     64.493     27.235  22.598190     2.4358      7.405   263.4925 3.2850e+02     1.9453      1.520      2.204    16.5884 0.0000e+00
      1.559      0.044     6.1642     65.060     27.173  22.533226     2.4378      7.401   263.7080 3.1894e+02     1.9013      1.531      2.221    16.5669 0.0000e+00
      1.567      0.036     6.1979     65.676     27.138  22.491474     2.4409      7.398   263.8947 3.1056e+02     1.9241      1.537      2.229    16.5445 0.0000e+00
      1.574      0.030     6.2403     66.390     27.128  22.473580     2.4410      7.398   264.0293 3.1261e+02     1.9484      1.544      2.238    16.5086 0.0000e+00
      1.580      0.027     6.3011     67.151     27.105  22.443603     2.4392      7.397   264.1313 3.1125e+02     1.9213      1.550      2.247    16.4792 0.0000e+00
      1.586      0.025     6.3580     67.925     27.050  22.382485     2.4267      7.395   264.2676 3.1590e+02     1.9038      1.555      2.255    16.4604 0.0000e+00
      1.592      0.024     6.4178     68.745     26.974  22.304922     2.4320      7.395   264.3864 3.1801e+02     1.9761      1.561      2.264    16.4291 0.0000e+00
      1.599      0.023     6.4941     69.623     26.945  22.266216     2.5115      7.394   264.4489 3.0426e+02     2.0099      1.568      2.274    16.4178 0.0000e+00
      1.606      0.022     6.5717     70.545     26.915  22.231316     2.6384      7.393   264.5937 2.9568e+02     1.9367      1.575      2.284    16.4018 0.0000e+00
      1.611      0.021     6.6500     71.426     26.882  22.199795     2.7096      7.393   264.6740 2.9747e+02     1.8772      1.580      2.292    16.3646 0.0000e+00
      1.615      0.021     6.7339     72.150     26.887  22.201940     2.7310      7.392   264.6452 3.0250e+02     1.9044      1.585      2.299    16.3442 0.0000e+00
      1.619      0.022     6.8242     72.701     26.882  22.193874     2.7972      7.390   264.6758 3.0722e+02     1.9928      1.588      2.304    16.3114 0.0000e+00
      1.624      0.023     6.9202     73.105     26.854  22.165636     2.9031      7.390   264.7861 3.0078e+02     2.0229      1.593      2.310    16.2890 0.0000e+00
      1.630      0.026     7.0140     73.388     26.799  22.113987     2.9547      7.389   264.9461 2.9736e+02     1.9611      1.598      2.318    16.2893 0.0000e+00
      1.637      0.030     7.0843     73.588     26.764  22.076332     2.9630      7.387   265.1471 2.9755e+02     1.9296      1.604      2.327    16.2799 0.0000e+00
      1.646      0.031     7.1378     73.748     26.791  22.090558     3.0293      7.384   265.3244 2.8872e+02     1.9495      1.614      2.340    16.2807 0.0000e+00
      1.656      0.031     7.1788     73.912     26.803  22.095879     3.1483      7.381   265.3685 2.8622e+02     1.9626      1.625      2.357    16.2667 0.0000e+00
      1.665      0.030     7.2069     74.119     26.785  22.077303     3.2118      7.377   265.4228 2.8703e+02     1.9511      1.634      2.369    16.2548 0.0000e+00
      1.674      0.027     7.2272     74.382     26.769  22.056048     3.2134      7.376   265.6368 2.8457e+02     1.9128      1.642      2.381    16.2428 0.0000e+00
      1.680      0.022     7.2448     74.650     26.749  22.028987     3.2674      7.374   265.8911 2.8101e+02     1.9097      1.648      2.391    16.2165 0.0000e+00
      1.683      0.018     7.2603     74.933     26.734  22.003571     3.3744      7.371   265.9159 2.7895e+02     1.9475      1.651      2.394    16.2179 0.0000e+00
      1.686      0.017     7.2788     75.286     26.744  22.002204     3.4334      7.370   265.8508 2.8081e+02     1.9600      1.654      2.398    16.2115 0.0000e+00
      1.690      0.017     7.3126     75.680     26.764  22.012439     3.4397      7.370   265.9644 2.8805e+02     1.9575      1.657      2.404    16.1921 0.0000e+00
      1.693      0.019     7.3404     76.036     26.755  22.000584     3.4345      7.369   266.0850 2.9288e+02     1.9525      1.660      2.407    16.1764 0.0000e+00
      1.697      0.022     7.3685     76.319     26.742  21.985596     3.4366      7.367   266.2770 2.8577e+02     2.0020      1.664      2.413    16.1473 0.0000e+00
      1.704      0.025     7.4093     76.556     26.708  21.957954     3.4402      7.365   266.5642 2.8075e+02     2.1111      1.670      2.424    16.1249 0.0000e+00
      1.711      0.027     7.4515     76.745     26.661  21.919838     3.4282      7.364   266.7182 2.7505e+02     2.1456      1.678      2.434    16.1205 0.0000e+00
      1.719      0.027     7.4904     76.867     26.641  21.904955     3.4159      7.362   266.7617 2.6608e+02     2.1454      1.685      2.445    16.1108 0.0000e+00
      1.728      0.027     7.5173     76.975     26.641  21.904735     3.4080      7.360   266.8330 2.6180e+02     2.1422      1.696      2.460    16.0982 0.0000e+00
      1.735      0.025     7.5402     77.112     26.659  21.917181     3.3905      7.359   266.8922 2.6343e+02     2.0392      1.703      2.470    16.1028 0.0000e+00
      1.740      0.022     7.5616     77.300     26.679  21.928701     3.3712      7.357   266.8747 2.6590e+02     1.9249      1.707      2.475    16.1050 0.0000e+00
      1.746      0.021     7.5690     77.547     26.669  21.917281     3.3660      7.356   266.8800 2.6268e+02     1.8868      1.712      2.482    16.1057 0.0000e+00
      1.751      0.022     7.5783     77.787     26.658  21.905841     3.4110      7.356   266.9563 2.6164e+02     1.8864      1.718      2.492    16.1116 0.0000e+00
      1.754      0.025     7.5926     77.926     26.675  21.917111     3.4991      7.355   267.1089 2.6085e+02     1.9202      1.721      2.496    16.1018 0.0000e+00
      1.758      0.030     7.6112     77.930     26.693  21.926816     3.5414      7.354   267.2620 2.5583e+02     1.9546      1.721      2.496    16.0919 0.0000e+00
      1.766      0.034     7.6390     77.833     26.664  21.896433     3.5393      7.353   267.3445 2.5273e+02     1.9598      1.729      2.507    16.0883 0.0000e+00
      1.779      0.038     7.6678     77.728     26.634  21.866581     3.5734      7.352   267.4190 2.5023e+02     2.0174      1.745      2.530    16.0842 0.0000e+00
      1.792      0.042     7.6835     77.752     26.658  21.882720     3.6370      7.349   267.4736 2.4562e+02     2.1044      1.759      2.551    16.0779 0.0000e+00
      1.802      0.046     7.6836     78.004     26.683  21.901454     3.6760      7.346   267.5752 2.4282e+02     2.1231      1.767      2.563    16.0689 0.0000e+00
      1.812      0.048     7.6739     78.493     26.687  21.902987     3.6875      7.343   267.7863 2.4361e+02     2.1407      1.776      2.576    16.0564 0.0000e+00
      1.823      0.048     7.6588     79.073     26.691  21.901258     3.7001      7.339   267.8756 2.4408e+02     2.1817      1.787      2.592    16.0440 0.0000e+00
      1.837      0.047     7.6598     79.570     26.676  21.880535     3.7208      7.336   267.7084 2.3855e+02     2.2082      1.800      2.611    16.0387 0.0000e+00
      1.853      0.047     7.6827     79.960     26.642  21.842521     3.7212      7.336   267.5714 2.3504e+02     2.2227      1.819      2.637    16.0356 0.0000e+00
      1.867      0.046     7.7379     80.290     26.628  21.821836     3.7133      7.333   267.5957 2.3436e+02     2.1862      1.834      2.659    16.0341 0.0000e+00
      1.876      0.043     7.8049     80.604     26.638  21.820524     3.7255      7.330   267.6583 2.2992e+02     2.1414      1.841      2.670    16.0255 0.0000e+00
      1.884      0.039     7.8559     80.955     26.656  21.826653     3.7515      7.328   267.8116 2.2813e+02     2.0915      1.846      2.677    16.0084 0.0000e+00
      1.894      0.035     7.8947     81.353     26.672  21.832556     3.7870      7.326   267.9867 2.2694e+02     1.9930      1.856      2.691    15.9898 0.0000e+00
      1.904      0.032     7.9304     81.758     26.677  21.828523     3.7963      7.324   268.0543 2.2464e+02     1.9404      1.868      2.710    15.9711 0.0000e+00
      1.913      0.031     7.9614     82.140     26.703  21.841250     3.7816      7.323   268.1128 2.2339e+02     1.9339      1.877      2.723    15.9522 0.0000e+00
      1.919      0.031     7.9984     82.485     26.736  21.859676     3.8252      7.321   268.1779 2.2161e+02     1.9824      1.882      2.731    15.9358 0.0000e+00
      1.924      0.032     8.0425     82.789     26.748  21.861201     3.9159      7.320   268.2389 2.2430e+02     2.1177      1.887      2.737    15.9241 0.0000e+00
      1.930      0.035     8.0848     82.989     26.755  21.859678     3.9547      7.319   268.3349 2.2558e+02     2.1689      1.893      2.745    15.9097 0.0000e+00
