Data/DataNotYetUploadedToEDI/Raw_CTD/RawDownloads/050922_fcr50_0007.cnv
* Sea-Bird SBE19plus  Data File:
* FileName = C:\R\Reservoirs\Data\DataNotYetUploadedToEDI\Raw_CTD\RawDownloads\050922_bvr50_0007.hex
* Software version 2.8.0.119
* Temperature SN = 7809
* Conductivity SN = 7809
* System UpLoad Time = May 09 2022 16:24:40
* <ApplicationData>
* <Seaterm232>
# nquan = 15
# nvalues = 1456                        
# units = specified
# name 0 = depFM: Depth [fresh water, m]
# name 1 = dz/dtM: Descent Rate [m/s]
# name 2 = sbeox0Mg/L: Oxygen, SBE 43 [mg/l]
# name 3 = sbeox0PS: Oxygen, SBE 43 [% saturation]
# name 4 = specc: Specific Conductance [uS/cm]
# name 5 = c0uS/cm: Conductivity [uS/cm]
# name 6 = flECO-AFL: Fluorescence, WET Labs ECO-AFL/FL [mg/m^3]
# name 7 = ph: pH
# name 8 = orp: Oxidation Reduction Potential [mV]
# name 9 = par/sat/log: PAR/Logarithmic, Satlantic
# name 10 = turbWETntu0: Turbidity, WET Labs ECO [NTU]
# name 11 = prdM: Pressure, Strain Gauge [db]
# name 12 = prdE: Pressure, Strain Gauge [psi]
# name 13 = tv290C: Temperature [ITS-90, deg C]
# name 14 = flag:  0.000e+00
# span 0 =     -0.614,      9.708       
# span 1 =     -0.361,      0.272       
# span 2 =     0.0425,    11.6197       
# span 3 =      0.380,    108.043       
# span 4 =      0.911,    471.403       
# span 5 =   0.796265, 312.578237       
# span 6 =    -2.1043,    56.3835       
# span 7 =      5.102,      8.153       
# span 8 = -1240.7455,   564.4564       
# span 9 = 1.2362e-01, 2.6779e+03       
# span 10 =    -3.1931,   935.6317      
# span 11 =     -0.602,      9.520      
# span 12 =     -0.873,     13.807      
# span 13 =     8.0989,    18.7443      
# span 14 = 0.0000e+00, 0.0000e+00      
# interval = seconds: 0.25
# start_time = May 09 2022 10:46:59 [Instrument's time stamp, header]
# bad_flag = -9.990e-29
*END*
[from data line 1254]
      4.261      0.005     1.7499     15.219     40.192  27.153653    13.5146      7.220   217.2108 1.4814e+01     2.8495      4.179      6.062     8.7380 0.0000e+00
      4.261      0.005     1.7698     15.188     40.214  27.172345    14.4117      7.219   217.1151 1.4814e+01     2.7586      4.179      6.061     8.7425 0.0000e+00
      4.263      0.006     1.7743     15.206     40.217  27.172345    14.4075      7.217   216.7326 1.4786e+01     2.7741      4.179      6.062     8.7511 0.0000e+00
      4.266      0.006     1.7737     15.283     40.192  27.153642    13.4890      7.216   216.7148 1.4754e+01     2.9004      4.184      6.068     8.7650 0.0000e+00
      4.269      0.006     1.7694     15.419     40.165  27.136370    11.7795      7.215   217.0727 1.4754e+01     3.0220      4.187      6.073     8.7817 0.0000e+00
      4.271      0.007     1.7613     15.600     40.184  27.153678    10.8339      7.215   217.2746 1.4799e+01     3.0141      4.188      6.075     8.7845 0.0000e+00
      4.271      0.008     1.7648     15.785     40.206  27.172755    10.7198      7.213   217.5213 1.4849e+01     2.9757      4.188      6.074     8.7794 0.0000e+00
      4.271      0.008     1.7736     15.971     40.213  27.176869    10.4994      7.211   217.9907 1.4861e+01     3.0017      4.188      6.074     8.7775 0.0000e+00
      4.273      0.008     1.7890     16.141     40.254  27.203417    10.1174      7.211   218.1316 1.4811e+01     3.0552      4.189      6.076     8.7756 0.0000e+00
      4.278      0.007     1.8138     16.258     40.309  27.240195     9.9121      7.211   217.7614 1.4779e+01     3.0760      4.196      6.085     8.7854 0.0000e+00
      4.281      0.006     1.8331     16.333     40.312  27.241230     9.8906      7.210   217.5584 1.4814e+01     3.0140      4.200      6.092     8.7936 0.0000e+00
      4.282      0.005     1.8553     16.387     40.280  27.215928     9.8903      7.209   217.7433 1.4848e+01     2.9549      4.199      6.091     8.7880 0.0000e+00
      4.282      0.003     1.8786     16.417     40.244  27.187820     9.9078      7.209   218.0173 1.4893e+01     2.9764      4.200      6.090     8.7870 0.0000e+00
      4.282      0.001     1.8901     16.431     40.192  27.154920     9.9193      7.208   218.2894 1.4948e+01     3.0009      4.199      6.091     8.7879 0.0000e+00
      4.282      0.001     1.8978     16.403     40.146  27.135068     9.9130      7.206   218.4526 1.4983e+01     3.0120      4.199      6.090     8.7872 0.0000e+00
      4.282      0.002     1.9058     16.316     40.123  27.137961     9.9068      7.203   218.5278 1.5015e+01     3.0075      4.199      6.091     8.7820 0.0000e+00
      4.282      0.003     1.9078     16.236     40.076  27.126527     9.9183      7.203   218.6825 1.5014e+01     3.0492      4.199      6.090     8.7728 0.0000e+00
      4.283      0.003     1.9106     16.194     40.051  27.123620     9.9443      7.203   218.8607 1.4992e+01     3.1757      4.200      6.092     8.7754 0.0000e+00
      4.285      0.002     1.9100     16.179     40.115  27.166217     9.9560      7.201   219.0475 1.5008e+01     3.2047      4.203      6.096     8.7900 0.0000e+00
      4.287     -0.003     1.8929     16.255     40.180  27.197862    10.0098      7.199   219.3070 1.5034e+01     3.1256      4.204      6.097     8.8146 0.0000e+00
      4.287     -0.015     1.8807     16.441     40.178  27.189286    10.7856      7.197   219.5888 1.5044e+01     3.0731      4.204      6.097     8.8437 0.0000e+00
      4.286     -0.037     1.8792     16.672     40.178  27.189296    12.2282      7.196   219.8729 1.5097e+01     3.0477      4.203      6.097     8.8671 0.0000e+00
      4.283     -0.066     1.8711     16.876     40.193  27.197979    13.0193      7.196   220.1617 1.5320e+01     3.0236      4.203      6.096     8.8653 0.0000e+00
      4.269     -0.093     1.8805     16.988     40.153  27.167503    13.1351      7.194   220.4123 1.5955e+01     2.9867      4.195      6.084     8.8373 0.0000e+00
      4.235     -0.113     1.9070     16.999     40.113  27.137739    13.7037      7.192   220.4941 1.7090e+01     2.9435      4.161      6.036     8.8284 0.0000e+00
      4.185     -0.128     1.9350     16.936     40.142  27.155036    14.7510      7.192   220.5496 1.8345e+01     2.9113      4.103      5.951     8.8364 0.0000e+00
      4.137     -0.137     1.9631     16.824     40.191  27.186478    15.3266      7.191   220.7389 1.9232e+01     2.8706      4.049      5.874     8.8324 0.0000e+00
      4.105     -0.141     1.9761     16.681     40.213  27.200965    15.4364      7.190   220.8899 1.9788e+01     2.8269      4.022      5.833     8.8267 0.0000e+00
      4.082     -0.143     1.9757     16.530     40.214  27.203424    16.2111      7.188   220.8269 2.0441e+01     2.8276      4.007      5.810     8.8239 0.0000e+00
      4.054     -0.148     1.9681     16.397     40.228  27.216220    17.6523      7.188   220.6654 2.1443e+01     2.8443      3.980      5.772     8.8211 0.0000e+00
      4.016     -0.159     1.9540     16.298     40.239  27.228906    18.4544      7.188   220.7435 2.2827e+01     2.8242      3.940      5.715     8.8189 0.0000e+00
      3.972     -0.175     1.9373     16.259     40.228  27.230049    18.5444      7.188   221.0823 2.4672e+01     2.7892      3.897      5.653     8.8181 0.0000e+00
      3.921     -0.190     1.9175     16.272     40.211  27.230048    18.5977      7.187   221.4069 2.7086e+01     2.7627      3.848      5.583     8.8197 0.0000e+00
      3.865     -0.200     1.9024     16.302     40.196  27.228903    19.1659      7.185   221.6571 2.9807e+01     2.8121      3.791      5.498     8.8244 0.0000e+00
      3.808     -0.204     1.8887     16.374     40.163  27.216216    20.2378      7.185   221.9564 3.2355e+01     2.9073      3.732      5.412     8.8297 0.0000e+00
      3.757     -0.203     1.8832     16.506     40.117  27.203432    20.8376      7.185   221.7560 3.4720e+01     2.9236      3.684      5.343     8.8405 0.0000e+00
      3.708     -0.199     1.8883     16.684     40.071  27.201123    20.9999      7.184   221.2125 3.7223e+01     2.9067      3.639      5.277     8.8585 0.0000e+00
      3.657     -0.197     1.8878     16.907     40.003  27.188337    22.2169      7.182   221.3215 3.9763e+01     2.9079      3.586      5.200     8.8700 0.0000e+00
      3.607     -0.198     1.8953     17.215     39.926  27.175646    24.4405      7.182   221.6975 4.2019e+01     2.9383      3.535      5.126     8.8743 0.0000e+00
      3.562     -0.203     1.9111     17.659     39.843  27.174487    25.6706      7.182   222.0605 4.4374e+01     3.0012      3.495      5.069     8.8965 0.0000e+00
      3.513     -0.206     1.9298     18.291     39.750  27.174386    25.9707      7.182   222.6128 4.7292e+01     3.0187      3.450      5.003     8.9395 0.0000e+00
      3.457     -0.207     1.9518     19.175     39.671  27.174484    28.1358      7.181   222.5247 5.0578e+01     3.0134      3.392      4.919     8.9806 0.0000e+00
      3.396     -0.207     1.9830     20.357     39.620  27.175726    32.1061      7.179   221.7693 5.3825e+01     3.0735      3.330      4.829     9.0216 0.0000e+00
      3.339     -0.206     2.0298     21.898     39.610  27.189450    34.2746      7.177   221.5673 5.6552e+01     3.1645      3.270      4.743     9.0937 0.0000e+00
      3.289     -0.202     2.0939     23.815     39.627  27.213660    34.4788      7.175   221.6300 5.8803e+01     3.2259      3.224      4.676     9.1866 0.0000e+00
      3.243     -0.198     2.1914     25.950     39.613  27.214916    34.5415      7.173   221.2366 6.1153e+01     3.2356      3.183      4.616     9.2557 0.0000e+00
      3.196     -0.197     2.3221     28.023     39.583  27.204647    34.6168      7.173   221.5438 6.3668e+01     3.2128      3.134      4.545     9.3009 0.0000e+00
      3.148     -0.197     2.4940     29.833     39.553  27.216284    34.6482      7.172   222.7627 6.6273e+01     3.2235      3.086      4.477     9.3224 0.0000e+00
      3.098     -0.198     2.7209     31.336     39.483  27.228869    34.5298      7.171   222.8967 6.9305e+01     3.2633      3.040      4.410     9.3333 0.0000e+00
      3.043     -0.200     2.9773     32.532     39.386  27.230118    33.1277      7.170   222.0452 7.2613e+01     3.2836      2.985      4.329     9.3535 0.0000e+00
      2.987     -0.202     3.2249     33.511     39.303  27.231463    30.5461      7.168   222.1038 7.5400e+01     3.2646      2.926      4.243     9.3526 0.0000e+00
      2.937     -0.202     3.4288     34.546     39.258  27.245184    29.1341      7.166   223.0884 7.7768e+01     3.2378      2.879      4.176     9.3816 0.0000e+00
      2.890     -0.202     3.5924     35.855     39.243  27.269290    29.0063      7.164   224.2283 8.0591e+01     3.2674      2.836      4.115     9.4813 0.0000e+00
      2.839     -0.197     3.7221     37.484     39.184  27.269409    28.9671      7.163   225.0446 8.3734e+01     3.2804      2.784      4.038     9.5705 0.0000e+00
      2.786     -0.184     3.8096     39.369     39.088  27.246667    28.5768      7.159   225.2153 8.6803e+01     3.1559      2.732      3.962     9.6473 0.0000e+00
      2.733     -0.164     3.9139     41.410     39.061  27.247922    27.8497      7.155   225.0014 8.9933e+01     2.9922      2.682      3.890     9.7046 0.0000e+00
      2.683     -0.136     4.0587     43.472     39.128  27.284606    27.4422      7.152   224.7807 9.2529e+01     2.9397      2.626      3.809     9.7357 0.0000e+00
      2.645     -0.103     4.2413     45.368     39.155  27.309877    27.2788      7.148   224.2676 9.3500e+01     2.9654      2.584      3.749     9.7886 0.0000e+00
      2.630     -0.069     4.4520     46.940     39.073  27.299928    25.7991      7.144   223.7877 9.3231e+01     2.9617      2.576      3.736     9.8633 0.0000e+00
      2.628     -0.039     4.6817     48.037     38.970  27.291128    23.0763      7.141   224.0550 9.2920e+01     2.8612      2.576      3.736     9.9017 0.0000e+00
      2.629     -0.016     4.9325     48.682     38.952  27.330327    21.5828      7.141   224.4886 9.2691e+01     2.7743      2.577      3.737     9.8510 0.0000e+00
      2.630     -0.002     5.1506     49.210     38.980  27.393604    21.3828      7.141   224.9856 9.2476e+01     2.8002      2.580      3.741     9.8446 0.0000e+00
      2.631      0.003     5.3274     49.950     38.933  27.422379    20.6240      7.140   225.8486 9.2381e+01     2.8327      2.580      3.742     9.9270 0.0000e+00
      2.632      0.005     5.4412     50.995     38.828  27.424761    19.2497      7.140   226.5778 9.2306e+01     2.8254      2.581      3.743    10.0226 0.0000e+00
      2.632      0.007     5.4873     52.375     38.734  27.422486    18.4920      7.139   227.1774 9.2260e+01     2.8134      2.581      3.744    10.0885 0.0000e+00
      2.633      0.014     5.5262     54.147     38.632  27.394936    18.4458      7.136   228.1081 9.2095e+01     2.8252      2.581      3.743    10.1207 0.0000e+00
      2.636      0.028     5.5986     56.281     38.550  27.345255    18.8243      7.133   229.0543 9.1945e+01     2.8657      2.584      3.749    10.2057 0.0000e+00
      2.640      0.043     5.7003     58.611     38.589  27.328906    19.5309      7.132   229.4982 9.2070e+01     2.8590      2.590      3.756    10.3243 0.0000e+00
      2.646      0.057     5.8391     60.899     38.667  27.323991    19.9151      7.133   229.8617 9.1298e+01     2.7785      2.589      3.755    10.4021 0.0000e+00
      2.667      0.068     6.0298     62.798     38.676  27.285754    19.9988      7.136   230.0928 8.8797e+01     2.7114      2.607      3.783    10.4644 0.0000e+00
      2.701      0.074     6.2696     63.884     38.686  27.246868    20.6338      7.138   229.7977 8.6325e+01     2.7315      2.656      3.853    10.5020 0.0000e+00
      2.726      0.074     6.5529     64.041     38.742  27.234090    21.8001      7.140   229.7351 8.5062e+01     2.8169      2.678      3.885    10.4141 0.0000e+00
      2.741      0.072     6.8351     63.454     38.832  27.257973    22.4310      7.142   230.1956 8.3758e+01     2.8553      2.683      3.892    10.3112 0.0000e+00
      2.757      0.069     7.0776     62.281     38.887  27.282042    22.4942      7.146   230.8917 8.2530e+01     2.8199      2.707      3.926    10.2801 0.0000e+00
      2.767      0.069     7.2139     60.632     38.864  27.271542    22.6642      7.150   231.6996 8.2060e+01     2.8336      2.717      3.940    10.2178 0.0000e+00
      2.776      0.074     7.2313     58.678     38.835  27.257806    24.4281      7.151   232.4780 8.0796e+01     2.9871      2.715      3.938    10.1370 0.0000e+00
      2.797      0.084     7.1707     56.708     38.849  27.242741    27.6336      7.151   233.4202 7.8381e+01     3.1725      2.739      3.973    10.0826 0.0000e+00
      2.828      0.092     7.0374     55.049     38.920  27.216151    29.3610      7.151   234.4873 7.6287e+01     3.2303      2.776      4.027    10.0647 0.0000e+00
      2.856      0.096     6.8440     53.890     39.050  27.189762    29.4326      7.150   235.2280 7.4713e+01     3.2077      2.802      4.064    10.0811 0.0000e+00
      2.882      0.091     6.6069     53.063     39.201  27.177100    28.5995      7.150   235.5792 7.2781e+01     3.1724      2.825      4.096    10.1066 0.0000e+00
      2.910      0.073     6.3742     52.107     39.327  27.189692    27.0453      7.149   235.8075 7.0652e+01     3.0770      2.855      4.141    10.0888 0.0000e+00
      2.934      0.043     6.1923     50.598     39.376  27.215162    26.1803      7.147   235.8370 6.9399e+01     2.9764      2.882      4.181     9.9819 0.0000e+00
      2.947      0.003     6.0920     48.359     39.326  27.231510    26.0133      7.147   235.6780 6.9279e+01     2.9462      2.895      4.199     9.8139 0.0000e+00
      2.947     -0.046     6.0469     45.537     39.241  27.260635    25.1438      7.147   235.6061 7.0125e+01     2.9507      2.895      4.199     9.6395 0.0000e+00
      2.932     -0.097     5.9700     42.574     39.179  27.313860    23.5820      7.147   235.7428 7.2309e+01     2.9632      2.882      4.179     9.5340 0.0000e+00
      2.897     -0.140     5.8073     40.092     39.121  27.368051    22.7364      7.146   236.1258 7.6091e+01     2.9606      2.848      4.131     9.5289 0.0000e+00
      2.843     -0.170     5.5353     38.689     39.049  27.408864    22.5763      7.144   236.5373 8.1030e+01     2.9539      2.791      4.048     9.6023 0.0000e+00
      2.780     -0.185     5.1798     38.727     38.955  27.427095    21.6882      7.142   236.5024 8.6057e+01     2.9505      2.723      3.949     9.7316 0.0000e+00
      2.721     -0.186     4.8024     40.267     38.902  27.461808    20.0972      7.141   235.9614 9.0253e+01     2.9192      2.664      3.863     9.8586 0.0000e+00
      2.675     -0.179     4.4827     43.046     38.886  27.511711    19.2369      7.139   235.4178 9.3577e+01     2.8836      2.619      3.798     9.9758 0.0000e+00
      2.638     -0.169     4.2984     46.597     38.896  27.586818    19.1680      7.137   235.1776 9.6683e+01     2.8273      2.586      3.750    10.0961 0.0000e+00
      2.604     -0.161     4.2879     50.444     38.973  27.736115    19.1971      7.134   235.2939 1.0022e+02     2.7513      2.555      3.705    10.2066 0.0000e+00
      2.568     -0.159     4.4622     54.166     38.966  27.859024    19.6555      7.132   235.7056 1.0468e+02     2.7841      2.520      3.656    10.3007 0.0000e+00
      2.527     -0.161     4.7882     57.512     38.778  27.868665    20.5231      7.131   236.1112 1.1043e+02     2.9164      2.481      3.597    10.3687 0.0000e+00
      2.480     -0.165     5.1919     60.455     38.595  27.852843    20.9905      7.130   236.4124 1.1713e+02     2.9844      2.433      3.528    10.4481 0.0000e+00
