Data/DataNotYetUploadedToEDI/Raw_CTD/RawDownloads/050922_bvr40_0005.cnv
* Sea-Bird SBE19plus  Data File:
* FileName = C:\R\Reservoirs\Data\DataNotYetUploadedToEDI\Raw_CTD\RawDownloads\050922_bvr50_0005.hex
* Software version 2.8.0.119
* Temperature SN = 7809
* Conductivity SN = 7809
* System UpLoad Time = May 09 2022 16:22:40
* <ApplicationData>
* <Seaterm232>
# nquan = 15
# nvalues = 739                         
# units = specified
# name 0 = depFM: Depth [fresh water, m]
# name 1 = dz/dtM: Descent Rate [m/s]
# name 2 = sbeox0Mg/L: Oxygen, SBE 43 [mg/l]
# name 3 = sbeox0PS: Oxygen, SBE 43 [% saturation]
# name 4 = specc: Specific Conductance [uS/cm]
# name 5 = c0uS/cm: Conductivity [uS/cm]
# name 6 = flECO-AFL: Fluorescence, WET Labs ECO-AFL/FL [mg/m^3]
# name 7 = ph: pH
# name 8 = orp: Oxidation Reduction Potential [mV]
# name 9 = par/sat/log: PAR/Logarithmic, Satlantic
# name 10 = turbWETntu0: Turbidity, WET Labs ECO [NTU]
# name 11 = prdM: Pressure, Strain Gauge [db]
# name 12 = prdE: Pressure, Strain Gauge [psi]
# name 13 = tv290C: Temperature [ITS-90, deg C]
# name 14 = flag:  0.000e+00
# span 0 =     -0.688,      3.968       
# span 1 =     -0.300,      0.135       
# span 2 =     4.7006,     9.0178       
# span 3 =     45.111,     92.409       
# span 4 =      2.901,     34.642       
# span 5 =   2.522092,  28.956884       
# span 6 =    -1.8915,   233.7278       
# span 7 =     -1.717,     12.826       
# span 8 = -1240.7455,  1229.2607       
# span 9 = 2.2878e+01, 2.2490e+03       
# span 10 =    -6.9395,   957.3966      
# span 11 =     -0.676,      3.892      
# span 12 =     -0.980,      5.645      
# span 13 =    13.2761,    18.5510      
# span 14 = 0.0000e+00, 0.0000e+00      
# interval = seconds: 0.25
# start_time = May 09 2022 08:06:53 [Instrument's time stamp, header]
# bad_flag = -9.990e-29
*END*
[from data line 482]
      3.212      0.049     8.0379     78.774     27.120  21.566494     5.1683      7.093   277.3093 5.7544e+01     2.9031      3.149      4.567    14.8170 0.0000e+00
      3.222      0.049     8.0172     78.649     27.109  21.556687     5.3248      7.091   277.3458 5.6533e+01     2.9096      3.159      4.581    14.7931 0.0000e+00
      3.236      0.046     8.0026     78.564     27.114  21.562982     5.6032      7.090   277.4377 5.5562e+01     2.8923      3.174      4.603    14.7728 0.0000e+00
      3.250      0.044     7.9955     78.557     27.133  21.579235     5.7547      7.088   277.4735 5.4662e+01     2.8988      3.189      4.624    14.7604 0.0000e+00
      3.263      0.043     7.9867     78.624     27.112  21.563105     5.7666      7.087   277.6070 5.3852e+01     2.9194      3.200      4.641    14.7545 0.0000e+00
      3.274      0.042     7.9706     78.753     27.100  21.558056     5.7712      7.086   277.8475 5.3291e+01     2.9716      3.211      4.658    14.7539 0.0000e+00
      3.282      0.042     7.9598     78.925     27.116  21.581568     5.7683      7.085   277.9713 5.2791e+01     3.0173      3.218      4.667    14.7588 0.0000e+00
      3.289      0.043     7.9591     79.104     27.116  21.593926     5.7572      7.083   277.9855 5.2098e+01     3.0268      3.224      4.675    14.7644 0.0000e+00
      3.299      0.044     7.9663     79.212     27.093  21.580761     5.7694      7.082   278.0192 5.1242e+01     3.0531      3.235      4.691    14.7612 0.0000e+00
      3.312      0.046     7.9798     79.179     27.063  21.549129     5.8660      7.079   278.1207 5.0245e+01     3.0622      3.248      4.711    14.7644 0.0000e+00
      3.327      0.049     7.9937     79.033     27.061  21.528298     6.0100      7.077   278.2671 4.9284e+01     2.9998      3.262      4.731    14.7884 0.0000e+00
      3.341      0.051     8.0098     78.876     27.074  21.518970     6.0695      7.077   278.3261 4.8453e+01     2.9135      3.277      4.753    14.8187 0.0000e+00
      3.353      0.051     8.0217     78.786     27.069  21.499681     6.0619      7.077   278.3181 4.7673e+01     2.8390      3.288      4.769    14.8343 0.0000e+00
      3.364      0.052     8.0198     78.776     27.069  21.485161     6.0676      7.074   278.3415 4.6886e+01     2.8160      3.299      4.784    14.8196 0.0000e+00
      3.377      0.053     8.0083     78.824     27.071  21.470135     6.2474      7.073   278.3518 4.5993e+01     2.7721      3.311      4.802    14.7720 0.0000e+00
      3.391      0.055     7.9963     78.896     27.056  21.444716     6.5958      7.072   278.3561 4.5053e+01     2.6503      3.324      4.822    14.7317 0.0000e+00
      3.406      0.056     7.9907     78.979     27.051  21.431281     6.7919      7.071   278.3939 4.4191e+01     2.6065      3.340      4.845    14.7126 0.0000e+00
      3.421      0.057     7.9953     79.087     27.061  21.434413     6.8209      7.069   278.3789 4.3361e+01     2.6521      3.356      4.867    14.6842 0.0000e+00
      3.436      0.058     8.0078     79.221     27.050  21.419218     6.9803      7.068   278.3466 4.2625e+01     2.6900      3.371      4.889    14.6492 0.0000e+00
      3.450      0.058     8.0203     79.303     27.009  21.374276     7.2794      7.066   278.4339 4.2027e+01     2.6886      3.384      4.908    14.6227 0.0000e+00
      3.464      0.056     8.0306     79.232     26.985  21.334583     7.4324      7.064   278.5741 4.1292e+01     2.6354      3.396      4.925    14.6077 0.0000e+00
      3.481      0.052     8.0421     79.022     26.998  21.319464     7.4244      7.064   278.5789 4.0481e+01     2.6276      3.413      4.951    14.5997 0.0000e+00
      3.497      0.048     8.0599     78.808     27.023  21.318186     7.3402      7.061   278.4917 3.9901e+01     2.6969      3.431      4.975    14.5931 0.0000e+00
      3.508      0.045     8.0770     78.663     27.044  21.319101     7.1884      7.058   278.4659 3.9590e+01     2.7214      3.442      4.993    14.5738 0.0000e+00
      3.516      0.043     8.0773     78.546     27.077  21.330508     7.1036      7.057   278.5250 3.9385e+01     2.6848      3.447      5.000    14.5297 0.0000e+00
      3.523      0.042     8.0579     78.440     27.097  21.329357     7.0895      7.057   278.6904 3.8980e+01     2.7326      3.453      5.009    14.4775 0.0000e+00
      3.533      0.042     8.0398     78.368     27.095  21.305164     6.9755      7.056   278.8308 3.8365e+01     3.5041      3.464      5.025    14.4373 0.0000e+00
      3.546      0.043     8.0336     78.307     27.114  21.291437     6.7663      7.055   278.8462 3.7709e+01     4.9080      3.476      5.042    14.4102 0.0000e+00
      3.559      0.046     8.0264     78.196     27.149  21.290081     6.6493      7.053   278.8758 3.7079e+01     5.6334      3.490      5.061    14.3855 0.0000e+00
      3.571      0.048     8.0182     78.016     27.179  21.288734     6.6256      7.051   278.8448 3.6509e+01     5.5794      3.502      5.079    14.3576 0.0000e+00
      3.582      0.048     8.0191     77.785     27.189  21.275119     6.6300      7.050   278.7304 3.5961e+01     5.0413      3.513      5.095    14.3165 0.0000e+00
      3.594      0.048     8.0269     77.482     27.179  21.252183     6.6688      7.049   278.6964 3.5421e+01     4.1140      3.525      5.113    14.2570 0.0000e+00
      3.607      0.049     8.0252     77.058     27.210  21.264867     6.6955      7.048   278.6914 3.4853e+01     3.5909      3.536      5.129    14.2037 0.0000e+00
      3.620      0.051     8.0128     76.514     27.272  21.301737     6.6867      7.045   278.7567 3.4281e+01     3.5326      3.550      5.148    14.1592 0.0000e+00
      3.632      0.055     7.9973     75.877     27.311  21.317756     6.6862      7.043   278.9692 3.3760e+01     3.5115      3.563      5.167    14.1165 0.0000e+00
      3.646      0.060     7.9738     75.158     27.346  21.331800     6.8565      7.041   279.1101 3.3165e+01     3.3698      3.573      5.183    14.0909 0.0000e+00
      3.661      0.066     7.9323     74.351     27.380  21.344780     7.1651      7.038   279.0841 3.2473e+01     3.0841      3.590      5.206    14.0750 0.0000e+00
      3.678      0.071     7.8786     73.454     27.403  21.347950     7.3127      7.036   279.0849 3.1753e+01     2.8585      3.607      5.231    14.0527 0.0000e+00
      3.697      0.076     7.8177     72.504     27.455  21.370115     7.3175      7.033   279.1198 3.0905e+01     2.7936      3.624      5.255    14.0248 0.0000e+00
      3.719      0.079     7.7482     71.534     27.547  21.422659     7.4476      7.030   279.0753 3.0015e+01     2.7767      3.647      5.290    13.9980 0.0000e+00
      3.743      0.079     7.6700     70.556     27.639  21.476289     7.6955      7.027   279.0631 2.9256e+01     2.7235      3.672      5.326    13.9756 0.0000e+00
      3.764      0.076     7.5794     69.620     27.710  21.511589     7.8349      7.024   279.1441 2.8586e+01     2.6622      3.693      5.356    13.9517 0.0000e+00
      3.784      0.071     7.4852     68.772     27.770  21.532607     7.8427      7.023   279.1947 2.7988e+01     2.6172      3.712      5.383    13.9156 0.0000e+00
      3.801      0.063     7.3923     67.946     27.813  21.540283     7.7814      7.022   279.1594 2.7490e+01     2.5547      3.728      5.407    13.8793 0.0000e+00
      3.816      0.054     7.2936     67.062     27.842  21.540998     7.6769      7.021   279.1469 2.7045e+01     2.4870      3.742      5.427    13.8511 0.0000e+00
      3.830      0.047     7.1988     66.138     27.862  21.541230     7.6197      7.020   279.1292 2.6692e+01     2.4476      3.757      5.448    13.8155 0.0000e+00
      3.840      0.041     7.1220     65.119     27.876  21.543077     7.6141      7.019   278.9457 2.6485e+01     2.4196      3.767      5.463    13.7677 0.0000e+00
      3.847      0.037     7.0499     63.867     27.911  21.563312     7.6500      7.018   278.7347 2.6304e+01     2.4217      3.773      5.471    13.7170 0.0000e+00
      3.854      0.033     6.9606     62.407     27.974  21.595783     7.7300      7.017   278.6433 2.6061e+01     2.4395      3.779      5.481    13.6769 0.0000e+00
      3.863      0.032     6.8694     60.869     28.035  21.618820     7.7817      7.014   278.6145 2.5771e+01     2.4298      3.788      5.494    13.6486 0.0000e+00
      3.872      0.032     6.7764     59.357     28.112  21.651722     7.7923      7.012   278.6448 2.5486e+01     2.4063      3.797      5.506    13.6348 0.0000e+00
      3.879      0.033     6.6432     58.007     28.182  21.676721     7.8672      7.012   278.7523 2.5248e+01     2.3950      3.804      5.517    13.6332 0.0000e+00
      3.885      0.033     6.4887     56.896     28.207  21.667576     8.0472      7.011   278.7954 2.4985e+01     2.4295      3.810      5.526    13.6045 0.0000e+00
      3.894      0.033     6.3351     55.982     28.237  21.667857     8.1864      7.008   278.7351 2.4692e+01     2.4817      3.817      5.538    13.5531 0.0000e+00
      3.904      0.033     6.1770     55.188     28.274  21.680087     8.2190      7.007   278.7118 2.4434e+01     2.4793      3.828      5.554    13.5099 0.0000e+00
      3.913      0.033     6.0393     54.394     28.299  21.688698     8.2245      7.005   278.6868 2.4207e+01     2.4346      3.838      5.567    13.4548 0.0000e+00
      3.921      0.033     5.9353     53.481     28.335  21.708589     8.2363      7.002   278.6042 2.4002e+01     2.4197      3.846      5.578    13.3984 0.0000e+00
      3.929      0.031     5.8459     52.414     28.373  21.730479     8.2613      7.000   278.5733 2.3783e+01     2.4360      3.853      5.588    13.3603 0.0000e+00
      3.937      0.028     5.7710     51.176     28.423  21.763254     8.2781      6.999   278.6573 2.3556e+01     2.4270      3.861      5.601    13.3334 0.0000e+00
      3.946      0.024     5.6971     49.854     28.455  21.788016     8.2726      6.997   278.7590 2.3408e+01     2.3794      3.870      5.613    13.3158 0.0000e+00
      3.952      0.021     5.6008     48.607     28.432  21.776398     8.2278      6.995   278.7718 2.3316e+01     2.3724      3.877      5.622    13.3039 0.0000e+00
      3.956      0.017     5.4944     47.511     28.389  21.749532     8.1531      6.994   278.7262 2.3201e+01     2.4454      3.880      5.627    13.2930 0.0000e+00
      3.958      0.013     5.3626     46.590     28.336  21.716652     8.1179      6.991   278.6371 2.3055e+01     2.5107      3.882      5.630    13.2783 0.0000e+00
      3.961      0.009     5.2158     45.872     28.291  21.695704     8.1273      6.989   278.5546 2.2922e+01     2.5124      3.885      5.634    13.2761 0.0000e+00
      3.963      0.007     5.0824     45.380     28.258  21.686371     8.2909      6.987   278.5892 2.2878e+01     2.4664      3.887      5.637    13.2946 0.0000e+00
      3.965      0.005     4.9654     45.121     28.218  21.667190     8.6070      6.987   278.6253 2.2915e+01     2.4315      3.888      5.639    13.3038 0.0000e+00
      3.965      0.004     4.8680     45.111     28.184  21.653902     8.7862      6.987   278.5607 2.2950e+01     2.4323      3.889      5.640    13.3097 0.0000e+00
      3.966      0.002     4.7877     45.341     28.153  21.652471     8.8013      6.985   278.4966 2.2987e+01     2.4082      3.889      5.641    13.3396 0.0000e+00
      3.966      0.002     4.7338     45.767     28.111  21.649907     8.8317      6.982   278.5382 2.3026e+01     2.3458      3.889      5.641    13.3745 0.0000e+00
      3.966      0.001     4.7036     46.406     28.033  21.622937     8.8948      6.981   278.7197 2.3011e+01     2.2919      3.890      5.641    13.3884 0.0000e+00
      3.966      0.001     4.7006     47.280     27.942  21.579894     8.9239      6.981   278.9702 2.2996e+01     2.2693      3.890      5.641    13.4042 0.0000e+00
      3.967      0.001     4.7243     48.343     27.917  21.573084     8.9248      6.979   278.9864 2.3011e+01     2.2769      3.890      5.642    13.4461 0.0000e+00
      3.967      0.001     4.7603     49.509     27.958  21.603982     8.9306      6.979   278.8297 2.3027e+01     2.2469      3.891      5.643    13.5022 0.0000e+00
      3.967      0.001     4.8191     50.743     28.011  21.636635     8.9450      6.978   278.8818 2.3033e+01     2.1812      3.891      5.643    13.5674 0.0000e+00
      3.968      0.000     4.9051     52.030     28.042  21.651037     8.9740      6.975   278.9281 2.3020e+01     2.1653      3.891      5.643    13.6236 0.0000e+00
      3.968      0.000     5.0181     53.302     28.055  21.651369     8.9895      6.973   278.7867 2.3000e+01     2.1565      3.891      5.643    13.6452 0.0000e+00
      3.967      0.000     5.1412     54.491     28.058  21.640635     8.9657      6.972   278.7209 2.3008e+01     2.1430      3.891      5.643    13.6353 0.0000e+00
      3.967     -0.001     5.2696     55.494     28.089  21.647979     8.7857      6.972   278.8212 2.3017e+01     2.2075      3.891      5.643    13.6176 0.0000e+00
      3.967     -0.001     5.4108     56.184     28.145  21.676775     8.4705      6.970   278.9673 2.3001e+01     2.3550      3.891      5.643    13.6021 0.0000e+00
      3.967      0.000     5.5451     56.477     28.149  21.671950     8.3009      6.970   279.0241 2.3023e+01     2.4576      3.890      5.642    13.5854 0.0000e+00
      3.966      0.000     5.6763     56.370     28.123  21.652992     8.2831      6.970   278.9925 2.3068e+01     2.4238      3.890      5.641    13.5635 0.0000e+00
      3.966      0.000     5.7898     55.946     28.097  21.637669     8.3136      6.968   279.0149 2.3094e+01     2.3565      3.889      5.641    13.5307 0.0000e+00
      3.967      0.001     5.8688     55.276     28.061  21.613427     8.3950      6.967   279.0369 2.3095e+01     2.3947      3.890      5.642    13.5008 0.0000e+00
      3.967      0.001     5.9022     54.436     28.060  21.613361     8.4515      6.967   279.0003 2.3071e+01     2.4756      3.891      5.643    13.4872 0.0000e+00
      3.968      0.001     5.8851     53.562     28.092  21.636869     8.4552      6.967   279.0888 2.3058e+01     2.4813      3.891      5.643    13.4907 0.0000e+00
      3.968      0.001     5.8378     52.822     28.103  21.644182     8.4319      6.965   279.2467 2.3052e+01     2.4294      3.892      5.644    13.5033 0.0000e+00
      3.968      0.001     5.7649     52.328     28.097  21.638420     8.4026      6.963   279.2744 2.3045e+01     2.3601      3.891      5.643    13.5106 0.0000e+00
      3.968      0.000     5.6724     52.097     28.089  21.630564     8.3928      6.961   279.2509 2.3035e+01     2.3270      3.891      5.643    13.5101 0.0000e+00
      3.968 -4.043e-11     5.5743     52.091     28.069  21.612560     8.4040      6.961   279.3069 2.3027e+01     2.3370      3.891      5.644    13.5066 0.0000e+00
      3.968 -4.448e-10     5.4931     52.228     28.066  21.610837     8.4381      6.961   279.3499 2.3052e+01     2.3104      3.892      5.644    13.5041 0.0000e+00
      3.968 -4.892e-09     5.4422     52.400     28.055  21.609731     8.4894      6.961   279.3408 2.3095e+01     2.2440      3.891      5.644    13.5036 0.0000e+00
      3.968 -5.382e-08     5.4198     52.577     28.019  21.599198     8.5162      6.960   279.4548 2.3115e+01     2.2173      3.892      5.644    13.5001 0.0000e+00
      3.968 -5.920e-07     5.4219     52.762     28.004  21.610230     8.5130      6.958   279.6097 2.3107e+01     2.2272      3.892      5.644    13.4946 0.0000e+00
      3.968      0.000     5.4430     52.905     27.984  21.616415     8.5168      6.958   279.5792 2.3101e+01     2.2271      3.892      5.644    13.4918 0.0000e+00
      3.968      0.000     5.4597     52.985     27.954  21.610642     8.6461      6.958   279.4300 2.3101e+01     2.2494      3.892      5.645    13.5023 0.0000e+00
      3.968     -0.001     5.4720     53.084     27.929  21.603811     8.8940      6.957   279.3544 2.3104e+01     2.3269      3.892      5.644    13.5362 0.0000e+00
