Data/DataNotYetUploadedToEDI/Raw_CTD/RawDownloads/050922_bvr50_0006.cnv
* Sea-Bird SBE19plus  Data File:
* FileName = C:\R\Reservoirs\Data\DataNotYetUploadedToEDI\Raw_CTD\RawDownloads\050922_bvr50_0006.hex
* Software version 2.8.0.119
* Temperature SN = 7809
* Conductivity SN = 7809
* System UpLoad Time = May 09 2022 16:24:02
* <ApplicationData>
* <Seaterm232>
# nquan = 15
# nvalues = 3296                        
# units = specified
# name 0 = depFM: Depth [fresh water, m]
# name 1 = dz/dtM: Descent Rate [m/s]
# name 2 = sbeox0Mg/L: Oxygen, SBE 43 [mg/l]
# name 3 = sbeox0PS: Oxygen, SBE 43 [% saturation]
# name 4 = specc: Specific Conductance [uS/cm]
# name 5 = c0uS/cm: Conductivity [uS/cm]
# name 6 = flECO-AFL: Fluorescence, WET Labs ECO-AFL/FL [mg/m^3]
# name 7 = ph: pH
# name 8 = orp: Oxidation Reduction Potential [mV]
# name 9 = par/sat/log: PAR/Logarithmic, Satlantic
# name 10 = turbWETntu0: Turbidity, WET Labs ECO [NTU]
# name 11 = prdM: Pressure, Strain Gauge [db]
# name 12 = prdE: Pressure, Strain Gauge [psi]
# name 13 = tv290C: Temperature [ITS-90, deg C]
# name 14 = flag:  0.000e+00
# span 0 =     -0.684,      9.380       
# span 1 =     -0.316,      0.511       
# span 2 =    -0.0164,     9.1680       
# span 3 =     -0.103,     94.315       
# span 4 =      0.374,     50.478       
# span 5 =   0.309038,  34.760284       
# span 6 =    -2.0191,    12.7649       
# span 7 =     -2.259,      7.925       
# span 8 = -1240.7455,  1239.5911       
# span 9 = 1.7807e-01, 2.7225e+03       
# span 10 =    -6.2125,    16.4038      
# span 11 =     -0.671,      9.199      
# span 12 =     -0.974,     13.341      
# span 13 =     9.4187,    16.7895      
# span 14 = 0.0000e+00, 0.0000e+00      
# interval = seconds: 0.25
# start_time = May 09 2022 08:46:20 [Instrument's time stamp, header]
# bad_flag = -9.990e-29
*END*
[from data line 2699]
      6.210 3.3591e-09     0.0473      0.423     36.537  25.528066     3.2840      6.380    98.7379 2.5272e+00     3.4363      6.091      8.833     9.9306 0.0000e+00
      6.209 3.6950e-08     0.0474      0.428     36.521  25.518963     3.2845      6.380    98.6874 2.5187e+00     3.4662      6.089      8.831     9.9314 0.0000e+00
      6.209 4.0645e-07     0.0468      0.423     36.557  25.546622     3.2774      6.382    98.6873 2.5198e+00     3.4767      6.089      8.831     9.9317 0.0000e+00
      6.209      0.000     0.0482      0.421     36.644  25.608967     3.2559      6.383    98.6500 2.5161e+00     3.4601      6.089      8.832     9.9306 0.0000e+00
      6.209      0.000     0.0465      0.427     36.689  25.638953     3.2404      6.383    98.6670 2.5111e+00     3.4368      6.089      8.832     9.9317 0.0000e+00
      6.209      0.001     0.0499      0.424     36.715  25.655655     3.2406      6.383    98.8069 2.5073e+00     3.4346      6.089      8.831     9.9356 0.0000e+00
      6.209      0.001     0.0475      0.424     36.758  25.684154     3.2826      6.383    98.8792 2.5022e+00     3.5020      6.088      8.831     9.9393 0.0000e+00
      6.210      0.000     0.0462      0.420     36.826  25.729995     3.3578      6.382    98.8520 2.5013e+00     3.6028      6.090      8.834     9.9410 0.0000e+00
      6.210      0.000     0.0499      0.413     36.881  25.766245     3.3998      6.381    98.9083 2.5037e+00     3.6625      6.090      8.833     9.9389 0.0000e+00
      6.210      0.001     0.0467      0.411     36.850  25.742150     3.4085      6.383    98.9581 2.5091e+00     3.7114      6.089      8.832     9.9359 0.0000e+00
      6.210      0.001     0.0485      0.406     36.780  25.692197     3.4040      6.384    98.8520 2.5151e+00     3.7155      6.090      8.833     9.9343 0.0000e+00
      6.210      0.001     0.0476      0.395     36.746  25.669320     3.3623      6.384    98.7445 2.5184e+00     3.6777      6.089      8.832     9.9326 0.0000e+00
      6.210      0.002     0.0460      0.389     36.725  25.655690     3.3040      6.384    98.6038 2.5139e+00     3.6991      6.089      8.832     9.9295 0.0000e+00
      6.211      0.002     0.0466      0.393     36.720  25.654157     3.2815      6.385    98.3553 2.5000e+00     3.7349      6.091      8.834     9.9259 0.0000e+00
      6.213      0.001     0.0464      0.389     36.714  25.650788     3.2907      6.385    98.2356 2.4916e+00     3.7339      6.092      8.836     9.9243 0.0000e+00
      6.213      0.001     0.0445      0.376     36.663  25.614958     3.3484      6.384    98.1890 2.4965e+00     3.6873      6.093      8.838     9.9249 0.0000e+00
      6.213      0.000     0.0429      0.371     36.646  25.601225     3.4458      6.384    97.9630 2.4991e+00     3.6162      6.093      8.837     9.9268 0.0000e+00
      6.212     -0.001     0.0451      0.379     36.663  25.611510     3.5035      6.384    97.7405 2.4956e+00     3.6257      6.092      8.836     9.9292 0.0000e+00
      6.211     -0.002     0.0447      0.389     36.666  25.612549     3.5139      6.384    97.6491 2.4991e+00     3.6996      6.091      8.834     9.9313 0.0000e+00
      6.211     -0.002     0.0420      0.397     36.669  25.613787     3.4709      6.384    97.5473 2.5067e+00     3.6552      6.090      8.833     9.9305 0.0000e+00
      6.211     -0.002     0.0413      0.395     36.689  25.626481     3.3831      6.385    97.4558 2.5158e+00     3.4982      6.091      8.834     9.9278 0.0000e+00
      6.211     -0.001     0.0430      0.385     36.709  25.639262     3.3348      6.385    97.4885 2.5294e+00     3.4076      6.090      8.833     9.9260 0.0000e+00
      6.211     -0.001     0.0440      0.391     36.713  25.641558     3.3441      6.385    97.5135 2.5360e+00     3.4137      6.090      8.833     9.9247 0.0000e+00
      6.210     -0.001     0.0452      0.407     36.731  25.654235     3.3880      6.385    97.4133 2.5314e+00     3.4353      6.089      8.832     9.9231 0.0000e+00
      6.209     -0.001     0.0456      0.413     36.748  25.665777     3.4329      6.385    97.3954 2.5270e+00     3.4300      6.089      8.832     9.9209 0.0000e+00
      6.209     -0.000     0.0422      0.416     36.733  25.654348     3.4457      6.385    97.4689 2.5232e+00     3.4525      6.089      8.831     9.9198 0.0000e+00
      6.209      0.001     0.0438      0.421     36.717  25.642816     3.4513      6.386    97.5278 2.5199e+00     3.5015      6.088      8.831     9.9201 0.0000e+00
      6.210      0.002     0.0470      0.430     36.733  25.653102     3.4588      6.387    97.5923 2.5276e+00     3.6125      6.090      8.833     9.9202 0.0000e+00
      6.210      0.003     0.0467      0.435     36.733  25.651951     3.4616      6.387    97.5602 2.5354e+00     3.8043      6.090      8.833     9.9191 0.0000e+00
      6.210      0.004     0.0468      0.431     36.701  25.628894     3.4601      6.387    97.4837 2.5328e+00     3.9071      6.089      8.831     9.9180 0.0000e+00
      6.212      0.004     0.0476      0.416     36.699  25.627856     3.4487      6.387    97.4407 2.5223e+00     3.9336      6.091      8.835     9.9177 0.0000e+00
      6.214      0.004     0.0486      0.402     36.714  25.639400     3.4404      6.387    97.2994 2.5071e+00     3.9533      6.094      8.839     9.9164 0.0000e+00
      6.215      0.004     0.0498      0.406     36.716  25.641709     3.4434      6.388    97.1519 2.5038e+00     3.8385      6.095      8.841     9.9143 0.0000e+00
      6.215      0.003     0.0490      0.410     36.736  25.655779     3.4513      6.389    97.0340 2.5136e+00     3.6046      6.094      8.840     9.9133 0.0000e+00
      6.215      0.002     0.0473      0.397     36.776  25.682751     3.4527      6.389    96.8198 2.5177e+00     3.4482      6.095      8.839     9.9139 0.0000e+00
      6.216      0.001     0.0442      0.388     36.823  25.714300     3.4518      6.388    96.7133 2.5156e+00     3.4164      6.096      8.841     9.9158 0.0000e+00
      6.217      0.000     0.0458      0.392     36.832  25.720323     3.4988      6.388    96.7787 2.5254e+00     3.4586      6.097      8.843     9.9172 0.0000e+00
      6.217     -0.001     0.0477      0.391     36.792  25.692190     3.5799      6.388    96.7501 2.5418e+00     3.4809      6.097      8.843     9.9167 0.0000e+00
      6.216     -0.002     0.0444      0.385     36.789  25.691058     3.6165      6.389    96.6259 2.5476e+00     3.4129      6.096      8.841     9.9155 0.0000e+00
      6.215     -0.003     0.0427      0.383     36.811  25.706629     3.6247      6.389    96.5672 2.5538e+00     3.3871      6.095      8.840     9.9138 0.0000e+00
      6.213     -0.004     0.0450      0.384     36.786  25.690320     3.6548      6.389    96.4715 2.5600e+00     3.4762      6.093      8.838     9.9124 0.0000e+00
      6.213     -0.004     0.0447      0.397     36.776  25.684010     3.6897      6.389    96.3290 2.5640e+00     3.6026      6.093      8.837     9.9126 0.0000e+00
      6.212     -0.003     0.0428      0.409     36.790  25.693729     3.6972      6.390    96.3924 2.5690e+00     3.6507      6.092      8.836     9.9138 0.0000e+00
      6.211     -0.002     0.0437      0.395     36.772  25.681061     3.6867      6.391    96.5504 2.5709e+00     3.6146      6.091      8.834     9.9151 0.0000e+00
      6.210     -0.002     0.0428      0.377     36.738  25.657611     3.6959      6.391    96.5182 2.5795e+00     3.5761      6.090      8.833     9.9158 0.0000e+00
      6.210     -0.002     0.0442      0.390     36.747  25.663717     3.7256      6.390    96.4334 2.5885e+00     3.4922      6.089      8.832     9.9166 0.0000e+00
      6.210     -0.002     0.0482      0.415     36.787  25.691504     3.7376      6.390    96.3850 2.5857e+00     3.4198      6.090      8.833     9.9171 0.0000e+00
      6.209     -0.003     0.0451      0.420     36.765  25.676676     3.7414      6.390    96.3626 2.5808e+00     3.4527      6.090      8.833     9.9171 0.0000e+00
      6.208     -0.004     0.0403      0.400     36.762  25.674580     3.7882      6.390    96.3348 2.5903e+00     3.4799      6.088      8.830     9.9172 0.0000e+00
      6.207     -0.004     0.0437      0.395     36.840  25.729540     3.8704      6.391    96.1356 2.5990e+00     3.4759      6.086      8.827     9.9167 0.0000e+00
      6.206     -0.003     0.0478      0.409     36.900  25.770765     3.9194      6.391    95.9330 2.5990e+00     3.4726      6.087      8.828     9.9167 0.0000e+00
      6.204     -0.001     0.0494      0.415     36.931  25.792732     3.9229      6.391    95.8631 2.6121e+00     3.4061      6.084      8.824     9.9172 0.0000e+00
      6.203      0.001     0.0440      0.410     36.949  25.805000     3.9127      6.390    95.7207 2.6276e+00     3.3545      6.081      8.820     9.9182 0.0000e+00
      6.204      0.003     0.0434      0.403     36.932  25.792335     3.8787      6.390    95.5879 2.6331e+00     3.3951      6.084      8.823     9.9184 0.0000e+00
      6.207      0.004     0.0475      0.407     36.896  25.766353     3.8288      6.391    95.6349 2.6298e+00     3.4526      6.087      8.829     9.9178 0.0000e+00
      6.210      0.004     0.0472      0.412     36.866  25.744377     3.8006      6.391    95.6865 2.6158e+00     3.4691      6.090      8.833     9.9181 0.0000e+00
      6.210      0.003     0.0467      0.409     36.828  25.716771     3.7959      6.391    95.6954 2.6085e+00     3.4577      6.091      8.834     9.9177 0.0000e+00
      6.210      0.001     0.0447      0.404     36.784  25.686104     3.7715      6.392    95.6564 2.6188e+00     3.4524      6.089      8.831     9.9169 0.0000e+00
      6.211     -0.001     0.0461      0.396     36.789  25.690494     3.7217      6.392    95.5599 2.6280e+00     3.4732      6.091      8.833     9.9157 0.0000e+00
      6.211     -0.001     0.0471      0.387     36.813  25.706464     3.6935      6.392    95.5602 2.6397e+00     3.4699      6.093      8.837     9.9141 0.0000e+00
      6.208     -0.001     0.0460      0.383     36.789  25.689059     3.6802      6.392    95.6601 2.6490e+00     3.4124      6.088      8.830     9.9123 0.0000e+00
      6.206     -0.002     0.0458      0.384     36.764  25.670191     3.6688      6.393    95.7356 2.6385e+00     3.3934      6.082      8.823     9.9121 0.0000e+00
      6.209     -0.002     0.0451      0.384     36.761  25.668475     3.6812      6.393    95.6982 2.6375e+00     3.4439      6.088      8.831     9.9134 0.0000e+00
      6.211     -0.002     0.0434      0.381     36.761  25.668319     3.7046      6.393    95.5520 2.6605e+00     3.5118      6.093      8.837     9.9125 0.0000e+00
      6.209     -0.001     0.0431      0.376     36.762  25.668295     3.7099      6.393    95.4308 2.6813e+00     3.5310      6.090      8.833     9.9107 0.0000e+00
      6.205     -0.001     0.0435      0.375     36.763  25.668190     3.7213      6.393    95.4375 2.6834e+00     3.5385      6.084      8.824     9.9093 0.0000e+00
      6.203     -0.001     0.0436      0.379     36.764  25.667047     3.7676      6.393    95.5465 2.6793e+00     3.6371      6.081      8.819     9.9097 0.0000e+00
      6.205     -0.000     0.0430      0.393     36.749  25.654476     3.8032      6.393    95.7165 2.6790e+00     3.7326      6.085      8.825     9.9112 0.0000e+00
      6.207      0.001     0.0423      0.415     36.734  25.642951     3.8017      6.393    95.7716 2.6707e+00     3.7356      6.088      8.830     9.9102 0.0000e+00
      6.208      0.001     0.0425      0.434     36.752  25.654465     3.7666      6.393    95.6971 2.6583e+00     3.6402      6.089      8.831     9.9076 0.0000e+00
      6.208      0.001     0.0422      0.438     36.771  25.666922     3.7117      6.394    95.6767 2.6533e+00     3.5016      6.089      8.831     9.9049 0.0000e+00
      6.207      0.000     0.0441      0.423     36.771  25.666809     3.6871      6.394    95.6108 2.6538e+00     3.4598      6.087      8.829     9.9021 0.0000e+00
      6.206 -7.259e-09     0.0473      0.399     36.752  25.653095     3.6940      6.394    95.5026 2.6650e+00     3.4419      6.087      8.828     9.9004 0.0000e+00
      6.206 -7.985e-08     0.0497      0.387     36.715  25.627865     3.6950      6.393    95.4876 2.6788e+00     3.3881      6.086      8.826     9.8990 0.0000e+00
      6.207     -0.000     0.0504      0.381     36.695  25.615284     3.6919      6.393    95.5149 2.6820e+00     3.3902      6.087      8.829     9.8988 0.0000e+00
      6.208      0.000     0.0485      0.374     36.710  25.627750     3.6970      6.394    95.5741 2.6896e+00     3.4337      6.089      8.831     9.8996 0.0000e+00
      6.208     -0.001     0.0441      0.369     36.741  25.651835     3.6995      6.394    95.6015 2.6926e+00     3.4695      6.088      8.829     9.8976 0.0000e+00
      6.208     -0.002     0.0439      0.374     36.741  25.652968     3.6967      6.394    95.5876 2.6839e+00     3.4816      6.088      8.830     9.8972 0.0000e+00
      6.208     -0.003     0.0432      0.397     36.724  25.641453     3.7206      6.394    95.4924 2.7033e+00     3.5114      6.089      8.831     9.9009 0.0000e+00
      6.206     -0.003     0.0419      0.407     36.719  25.639367     3.7716      6.395    95.3112 2.7449e+00     3.6247      6.086      8.828     9.9042 0.0000e+00
      6.203     -0.002     0.0422      0.396     36.701  25.627740     3.8062      6.395    95.2035 2.7548e+00     3.7246      6.084      8.824     9.9062 0.0000e+00
      6.202     -0.001     0.0404      0.401     36.699  25.627636     3.8150      6.396    95.0507 2.7368e+00     3.6947      6.081      8.819     9.9083 0.0000e+00
      6.202      0.000     0.0456      0.410     36.714  25.638121     3.8027      6.396    94.9265 2.7313e+00     3.6051      6.082      8.821     9.9095 0.0000e+00
      6.204      0.000     0.0481      0.403     36.704  25.627750     3.7905      6.395    94.9065 2.7386e+00     3.5628      6.085      8.825     9.9103 0.0000e+00
      6.205     -0.002     0.0430      0.393     36.709  25.629000     3.8011      6.395    94.8083 2.7387e+00     3.6268      6.085      8.826     9.9118 0.0000e+00
      6.206     -0.007     0.0453      0.388     36.743  25.653224     3.8059      6.396    94.6856 2.7422e+00     3.7303      6.086      8.827     9.9138 0.0000e+00
      6.206     -0.011     0.0478      0.386     36.761  25.667115     3.6991      6.396    94.6281 2.7637e+00     3.6882      6.088      8.829     9.9145 0.0000e+00
      6.201     -0.013     0.0453      0.378     36.764  25.670195     3.5006      6.395    94.6286 2.7994e+00     3.5270      6.083      8.822     9.9096 0.0000e+00
      6.191     -0.013     0.0443      0.365     36.793  25.690466     3.4027      6.395    94.5200 2.8379e+00     3.4547      6.070      8.805     9.9038 0.0000e+00
      6.185     -0.012     0.0437      0.360     36.838  25.722065     3.4063      6.395    94.3472 2.8454e+00     3.4629      6.062      8.792     9.9055 0.0000e+00
      6.184     -0.009     0.0440      0.362     36.855  25.735342     3.4107      6.395    94.3457 2.8315e+00     3.4896      6.063      8.794     9.9101 0.0000e+00
      6.186     -0.005     0.0433      0.365     36.835  25.724237     3.4050      6.395    94.3302 2.8283e+00     3.5729      6.067      8.800     9.9104 0.0000e+00
      6.187     -0.002     0.0407      0.367     36.818  25.714561     3.3879      6.395    94.1592 2.8291e+00     3.6503      6.069      8.802     9.9096 0.0000e+00
      6.186     -0.000     0.0403      0.362     36.859  25.745125     3.3798      6.395    93.9990 2.8428e+00     3.6734      6.067      8.799     9.9106 0.0000e+00
      6.184      0.001     0.0415      0.363     36.904  25.776870     3.3895      6.396    93.9429 2.8647e+00     3.6824      6.065      8.796     9.9116 0.0000e+00
      6.184      0.003     0.0407      0.378     36.912  25.781476     3.3889      6.397    93.9965 2.8772e+00     3.7583      6.064      8.795     9.9142 0.0000e+00
