Data/DataNotYetUploadedToEDI/Raw_CTD/RawDownloads/051126_fcr50_S7809024.cnv
* Sea-Bird SBE19plus  Data File:
* FileName = C:\R\Reservoirs\Data\DataNotYetUploadedToEDI\Raw_CTD\RawDownloads\051126_FCR_50_S7809_0024.hex
* Software version 2.8.0.119
* Temperature SN = 7809
* Conductivity SN = 7809
* System UpLoad Time = May 11 2026 15:41:44
* <ApplicationData>
* <Seaterm232>
# nquan = 15
# nvalues = 739                         
# units = specified
# name 0 = depFM: Depth [fresh water, m]
# name 1 = dz/dtM: Descent Rate [m/s]
# name 2 = sbeox0Mg/L: Oxygen, SBE 43 [mg/l]
# name 3 = sbeox0PS: Oxygen, SBE 43 [% saturation]
# name 4 = specc: Specific Conductance [uS/cm]
# name 5 = c0uS/cm: Conductivity [uS/cm]
# name 6 = flECO-AFL: Fluorescence, WET Labs ECO-AFL/FL [mg/m^3]
# name 7 = ph: pH
# name 8 = orp: Oxidation Reduction Potential [mV]
# name 9 = par/sat/log: PAR/Logarithmic, Satlantic
# name 10 = turbWETntu0: Turbidity, WET Labs ECO [NTU]
# name 11 = prdM: Pressure, Strain Gauge [db]
# name 12 = prdE: Pressure, Strain Gauge [psi]
# name 13 = tv290C: Temperature [ITS-90, deg C]
# name 14 = flag:  0.000e+00
# span 0 =     -0.614,      9.607       
# span 1 =     -0.007,      0.193       
# span 2 =     0.6956,    11.6332       
# span 3 =      6.254,    120.985       
# span 4 =      1.339,    495.711       
# span 5 =   0.972279, 329.187278       
# span 6 =    -0.1453,    14.2277       
# span 7 =      8.151,     11.467       
# span 8 =  -192.8313,   -26.9284       
# span 9 = 1.2366e-01, 2.2625e+02       
# span 10 =    -0.1273,    57.7148      
# span 11 =     -0.602,      9.421      
# span 12 =     -0.874,     13.665      
# span 13 =     8.1942,    18.6611      
# span 14 = 0.0000e+00, 0.0000e+00      
# interval = seconds: 0.25
# start_time = May 11 2026 10:54:20 [Instrument's time stamp, header]
# bad_flag = -9.990e-29
*END*
[from data line 386]
      3.859      0.068     0.8947      6.257     41.021  28.512559     1.4959     10.924  -159.1407 1.2757e+00     2.5721      3.784      5.488     9.8528 0.0000e+00
      3.874      0.069     0.8094      6.627     41.058  28.496450     1.4186     10.920  -159.4444 1.2364e+00     2.7171      3.797      5.508     9.8273 0.0000e+00
      3.892      0.074     0.7358      7.369     41.023  28.425387     1.3992     10.914  -159.9759 1.2049e+00     2.8982      3.817      5.537     9.8104 0.0000e+00
      3.909      0.081     0.6956      8.417     41.070  28.414433     1.4035     10.907  -160.8347 1.1777e+00     2.8485      3.833      5.560     9.7882 0.0000e+00
      3.929      0.086     0.6962      9.637     41.237  28.490827     1.3785     10.898  -161.9984 1.1417e+00     2.6977      3.851      5.584     9.7595 0.0000e+00
      3.954      0.087     0.7378     10.885     41.334  28.524448     1.3297     10.890  -163.5490 1.0948e+00     2.6802      3.877      5.623     9.7033 0.0000e+00
      3.984      0.082     0.8258     12.005     41.339  28.503763     1.3133     10.884  -165.0427 1.0523e+00     2.7733      3.908      5.668     9.6393 0.0000e+00
      4.010      0.076     0.9529     12.946     41.346  28.494413     1.3382     10.879  -166.1205 1.0249e+00     2.8669      3.936      5.708     9.5889 0.0000e+00
      4.028      0.068     1.0978     13.806     41.333  28.474811     1.3394     10.874  -167.0295 1.0162e+00     2.9237      3.954      5.734     9.5420 0.0000e+00
      4.038      0.060     1.2490     14.689     41.331  28.457037     1.3029     10.871  -167.7745 1.0047e+00     2.9823      3.961      5.744     9.4992 0.0000e+00
      4.047      0.055     1.3821     15.669     41.388  28.469783     1.2880     10.869  -168.4166 9.7470e-01     3.0285      3.965      5.751     9.4686 0.0000e+00
      4.058      0.055     1.4821     16.781     41.483  28.502034     1.3180     10.867  -169.0284 9.5758e-01     3.0389      3.978      5.770     9.4542 0.0000e+00
      4.072      0.060     1.5778     17.969     41.571  28.529796     1.3244     10.865  -169.3212 9.5163e-01     3.0397      3.993      5.792     9.4453 0.0000e+00
      4.088      0.068     1.6769     19.210     41.642  28.551706     1.2565     10.862  -169.2894 9.3285e-01     3.0035      4.008      5.814     9.4295 0.0000e+00
      4.108      0.073     1.7866     20.534     41.713  28.576626     1.1884     10.858  -168.9879 9.0743e-01     2.9767      4.028      5.842     9.3951 0.0000e+00
      4.129      0.074     1.9214     21.871     41.749  28.577358     1.1834     10.854  -168.5152 8.7707e-01     3.0240      4.050      5.873     9.3503 0.0000e+00
      4.152      0.071     2.0609     23.146     41.758  28.560532     1.1958     10.851  -168.4782 8.4057e-01     3.1309      4.072      5.906     9.3087 0.0000e+00
      4.173      0.066     2.1998     24.366     41.791  28.563452     1.1808     10.849  -168.9709 8.1237e-01     3.2107      4.093      5.937     9.2784 0.0000e+00
      4.189      0.062     2.3587     25.523     41.795  28.549214     1.1522     10.846  -169.3108 8.0367e-01     3.1682      4.110      5.960     9.2524 0.0000e+00
      4.200      0.060     2.5189     26.631     41.767  28.515229     1.1408     10.843  -169.1461 8.0176e-01     3.1294      4.119      5.973     9.2215 0.0000e+00
      4.210      0.061     2.6638     27.731     41.808  28.533095     1.1424     10.839  -168.3551 7.8745e-01     3.1516      4.126      5.985     9.1933 0.0000e+00
      4.223      0.066     2.8079     28.773     41.879  28.574937     1.1214     10.836  -167.1465 7.6125e-01     3.0955      4.140      6.005     9.1697 0.0000e+00
      4.241      0.071     2.9424     29.720     41.900  28.577117     1.0866     10.831  -166.3209 7.3893e-01     2.9975      4.157      6.029     9.1508 0.0000e+00
      4.262      0.075     3.0668     30.604     41.907  28.559442     1.0709     10.826  -166.2029 7.1650e-01     2.9578      4.178      6.060     9.1325 0.0000e+00
      4.286      0.075     3.1985     31.363     41.933  28.551500     1.0739     10.821  -166.4943 6.8972e-01     3.0248      4.204      6.098     9.1183 0.0000e+00
      4.310      0.068     3.3223     31.895     41.951  28.544491     1.0898     10.816  -166.8322 6.7089e-01     3.1590      4.229      6.134     9.1179 0.0000e+00
      4.329      0.057     3.4267     32.248     41.950  28.538103     1.0965     10.811  -167.0190 6.5800e-01     3.1795      4.248      6.161     9.1057 0.0000e+00
      4.342      0.045     3.5354     32.556     41.940  28.537687     1.0804     10.807  -166.8598 6.4938e-01     3.1019      4.260      6.179     9.0732 0.0000e+00
      4.348      0.037     3.6332     32.914     41.930  28.539472     1.0776     10.804  -166.2843 6.4690e-01     3.1432      4.266      6.187     9.0402 0.0000e+00
      4.351      0.036     3.6934     33.379     41.965  28.559702     1.0877     10.801  -166.2550 6.4573e-01     3.3362      4.267      6.189     9.0123 0.0000e+00
      4.354      0.042     3.7276     33.924     42.046  28.591987     1.0778     10.796  -167.7960 6.4546e-01     3.4549      4.269      6.191     9.0051 0.0000e+00
      4.361      0.050     3.7591     34.438     42.123  28.612654     1.0492     10.790  -170.6343 6.3340e-01     3.3832      4.274      6.197     9.0190 0.0000e+00
      4.377      0.057     3.7965     34.889     42.173  28.619263     1.0163     10.782  -173.7282 6.0831e-01     3.3236      4.288      6.218     9.0362 0.0000e+00
      4.402      0.059     3.8491     35.287     42.180  28.608445     1.0051     10.775  -176.3804 5.9146e-01     3.4167      4.317      6.262     9.0357 0.0000e+00
      4.427      0.057     3.9241     35.585     42.192  28.608695     0.9974     10.768  -178.6978 5.8794e-01     3.4845      4.346      6.303     9.0028 0.0000e+00
      4.442      0.052     3.9880     35.838     42.222  28.622273     0.9643     10.762  -180.7537 5.9126e-01     3.3915      4.360      6.323     8.9586 0.0000e+00
      4.449      0.047     4.0396     36.180     42.268  28.645751     0.9382     10.757  -181.8791 5.8588e-01     3.2827      4.364      6.329     8.9225 0.0000e+00
      4.453      0.047     4.0940     36.659     42.369  28.702263     0.9311     10.752  -182.4097 5.7497e-01     3.3650      4.366      6.333     8.9068 0.0000e+00
      4.458      0.054     4.1257     37.245     42.461  28.734682     0.9282     10.747  -183.6421 5.7227e-01     3.6012      4.370      6.337     8.9025 0.0000e+00
      4.468      0.065     4.1470     37.870     42.508  28.720538     0.9199     10.742  -185.3366 5.5480e-01     3.6783      4.377      6.348     8.8926 0.0000e+00
      4.491      0.076     4.1881     38.471     42.560  28.721500     0.9055     10.736  -187.2391 5.2873e-01     3.5808      4.399      6.382     8.8827 0.0000e+00
      4.521      0.083     4.2444     39.054     42.620  28.746270     0.8959     10.728  -189.3510 5.1851e-01     3.5494      4.434      6.432     8.8779 0.0000e+00
      4.550      0.082     4.3196     39.721     42.680  28.766296     0.9039     10.718  -190.3945 5.0616e-01     3.6744      4.464      6.475     8.8460 0.0000e+00
      4.573      0.073     4.4025     40.525     42.730  28.773324     0.9272     10.709  -190.3914 4.8624e-01     3.8619      4.486      6.507     8.7723 0.0000e+00
      4.591      0.059     4.4782     41.415     42.750  28.767788     0.9287     10.702  -190.7764 4.7178e-01     3.9042      4.505      6.534     8.7283 0.0000e+00
      4.601      0.045     4.5398     42.419     42.762  28.762768     0.9047     10.697  -191.5212 4.6525e-01     3.8437      4.515      6.548     8.7282 0.0000e+00
      4.606      0.037     4.6155     43.567     42.802  28.776043     0.8871     10.692  -192.1692 4.5764e-01     3.8474      4.517      6.552     8.7022 0.0000e+00
      4.609      0.038     4.7221     44.782     42.860  28.801426     0.8811     10.689  -192.7615 4.5534e-01     3.8813      4.520      6.556     8.6607 0.0000e+00
      4.614      0.046     4.8228     45.944     42.903  28.815939     0.8744     10.686  -192.8313 4.5994e-01     3.8770      4.524      6.561     8.6435 0.0000e+00
      4.622      0.057     4.9395     46.947     42.937  28.824643     0.8558     10.683  -192.3258 4.5183e-01     3.8644      4.528      6.568     8.6292 0.0000e+00
      4.641      0.067     5.0802     47.717     42.981  28.843219     0.8478     10.679  -191.8114 4.4050e-01     3.8989      4.548      6.595     8.6119 0.0000e+00
      4.669      0.072     5.2287     48.252     43.002  28.850246     0.8690     10.674  -191.5160 4.2593e-01     3.9877      4.580      6.642     8.5983 0.0000e+00
      4.695      0.071     5.3707     48.601     43.005  28.846164     0.8798     10.668  -191.3351 4.0358e-01     3.9814      4.606      6.680     8.5800 0.0000e+00
      4.715      0.062     5.4943     48.855     43.025  28.857292     0.8610     10.663  -191.1731 3.9028e-01     3.8569      4.625      6.708     8.5628 0.0000e+00
      4.730      0.051     5.5856     49.133     43.017  28.857926     0.8581     10.659  -191.0196 3.8172e-01     3.8480      4.642      6.731     8.5500 0.0000e+00
      4.738      0.041     5.6459     49.480     43.001  28.853832     0.8783     10.656  -191.0272 3.7426e-01     3.9425      4.648      6.742     8.5432 0.0000e+00
      4.741      0.041     5.6864     49.889     43.030  28.871236     0.8892     10.653  -191.2653 3.7707e-01     3.9755      4.649      6.743     8.5350 0.0000e+00
      4.743      0.048     5.7080     50.317     43.055  28.878063     0.8807     10.649  -191.2322 3.9301e-01     3.9392      4.651      6.745     8.5286 0.0000e+00
      4.751      0.060     5.7397     50.730     43.065  28.872928     0.8508     10.645  -190.7992 3.9570e-01     3.8793      4.655      6.751     8.5397 0.0000e+00
      4.768      0.074     5.7779     51.115     43.077  28.872570     0.8274     10.642  -190.4180 3.6961e-01     3.9002      4.670      6.775     8.5523 0.0000e+00
      4.798      0.086     5.8282     51.422     43.088  28.873724     0.8313     10.638  -190.1503 3.4843e-01     3.9867      4.705      6.824     8.5506 0.0000e+00
      4.830      0.093     5.8828     51.621     43.122  28.886874     0.8228     10.631  -189.7988 3.3419e-01     3.9697      4.740      6.875     8.5360 0.0000e+00
      4.855      0.092     5.9319     51.744     43.165  28.904698     0.7912     10.622  -189.3522 3.1912e-01     3.8651      4.763      6.907     8.5169 0.0000e+00
      4.878      0.082     5.9820     51.833     43.170  28.898923     0.7899     10.613  -188.7947 3.0749e-01     3.8486      4.783      6.936     8.5092 0.0000e+00
      4.901      0.067     6.0198     51.916     43.150  28.880473     0.8331     10.606  -188.1339 2.8642e-01     3.9066      4.808      6.974     8.5062 0.0000e+00
      4.918      0.053     6.0428     52.035     43.142  28.871909     0.8723     10.601  -187.6434 2.7661e-01     3.8841      4.828      7.002     8.4937 0.0000e+00
      4.925      0.043     6.0572     52.215     43.125  28.858808     0.8719     10.599  -187.3389 2.8769e-01     3.8157      4.831      7.007     8.4791 0.0000e+00
      4.929      0.035     6.0690     52.439     43.110  28.848920     0.8456     10.597  -187.2040 3.0016e-01     3.8987      4.832      7.007     8.4681 0.0000e+00
      4.936      0.030     6.0773     52.709     43.154  28.879225     0.8208     10.594  -187.1311 2.9992e-01     4.1027      4.840      7.021     8.4619 0.0000e+00
      4.944      0.029     6.0901     53.010     43.197  28.908065     0.8134     10.590  -186.7164 2.8138e-01     4.1984      4.848      7.032     8.4584 0.0000e+00
      4.952      0.034     6.1138     53.260     43.156  28.880472     0.8224     10.588  -186.0611 2.7386e-01     4.1328      4.855      7.042     8.4564 0.0000e+00
      4.960      0.043     6.1393     53.415     43.128  28.862754     0.8128     10.587  -185.4882 2.8616e-01     3.9929      4.865      7.056     8.4582 0.0000e+00
      4.968      0.053     6.1688     53.482     43.159  28.884128     0.7977     10.586  -185.0387 2.8254e-01     3.9409      4.871      7.064     8.4593 0.0000e+00
      4.980      0.063     6.2110     53.494     43.163  28.885168     0.8144     10.584  -184.6690 2.5664e-01     4.0171      4.879      7.076     8.4580 0.0000e+00
      5.000      0.073     6.2409     53.474     43.153  28.875328     0.8151     10.583  -184.4602 2.3629e-01     4.0271      4.901      7.108     8.4587 0.0000e+00
      5.026      0.078     6.2588     53.437     43.179  28.892015     0.7809     10.581  -184.1486 2.3288e-01     3.9249      4.929      7.148     8.4598 0.0000e+00
      5.051      0.080     6.2647     53.405     43.182  28.896638     0.7588     10.579  -183.4828 2.3488e-01     3.8394      4.955      7.186     8.4616 0.0000e+00
      5.073      0.077     6.2644     53.370     43.139  28.867798     0.7724     10.577  -182.7779 2.2394e-01     3.8481      4.976      7.217     8.4600 0.0000e+00
      5.091      0.070     6.2648     53.356     43.137  28.860464     0.8045     10.572  -182.1654 2.0464e-01     3.9278      4.993      7.242     8.4526 0.0000e+00
      5.107      0.060     6.2569     53.385     43.167  28.871392     0.7976     10.569  -181.6690 1.9798e-01     3.9824      5.008      7.264     8.4521 0.0000e+00
      5.121      0.052     6.2550     53.418     43.180  28.873056     0.7561     10.567  -181.0785 1.9870e-01     4.0302      5.022      7.284     8.4590 0.0000e+00
      5.132      0.048     6.2489     53.448     43.198  28.880581     0.7343     10.565  -180.1016 1.9615e-01     4.0966      5.034      7.302     8.4604 0.0000e+00
      5.141      0.050     6.2457     53.503     43.227  28.898938     0.7341     10.563  -178.9781 1.9678e-01     4.1357      5.043      7.314     8.4515 0.0000e+00
      5.150      0.057     6.2556     53.580     43.233  28.904715     0.7285     10.560  -177.9905 2.0133e-01     4.1277      5.051      7.325     8.4386 0.0000e+00
      5.160      0.067     6.2601     53.683     43.206  28.887000     0.7170     10.554  -177.1947 2.0014e-01     4.0332      5.058      7.335     8.4299 0.0000e+00
      5.177      0.076     6.2623     53.810     43.192  28.875044     0.7275     10.549  -176.4969 1.8656e-01     3.9499      5.073      7.357     8.4246 0.0000e+00
      5.205      0.081     6.2704     53.940     43.217  28.887002     0.7479     10.544  -175.9200 1.6606e-01     3.9745      5.104      7.402     8.4228 0.0000e+00
      5.235      0.081     6.2776     54.035     43.249  28.904718     0.7548     10.540  -175.8987 1.5616e-01     4.0234      5.138      7.451     8.4278 0.0000e+00
      5.260      0.075     6.2898     54.099     43.245  28.898951     0.7608     10.536  -176.1537 1.5347e-01     4.0289      5.161      7.486     8.4296 0.0000e+00
      5.278      0.066     6.3060     54.144     43.220  28.880707     0.7711     10.533  -175.5616 1.4695e-01     4.0066      5.177      7.509     8.4243 0.0000e+00
      5.290      0.057     6.3245     54.161     43.212  28.874418     0.7965     10.529  -174.3320 1.4310e-01     4.0616      5.190      7.527     8.4186 0.0000e+00
      5.299      0.053     6.3365     54.170     43.231  28.886338     0.8348     10.527  -173.4181 1.4389e-01     4.2148      5.198      7.538     8.4140 0.0000e+00
      5.305      0.053     6.3417     54.183     43.246  28.897965     0.8346     10.523  -172.6853 1.4906e-01     4.2534      5.201      7.543     8.4109 0.0000e+00
      5.315      0.058     6.3505     54.199     43.226  28.888142     0.7949     10.518  -172.0106 1.5390e-01     4.1526      5.209      7.555     8.4091 0.0000e+00
      5.335      0.065     6.3499     54.237     43.233  28.894442     0.7699     10.513  -172.1435 1.5034e-01     4.0891      5.231      7.587     8.4079 0.0000e+00
