Data/DataNotYetUploadedToEDI/Raw_CTD/RawDownloads/051126_fcr50_S7809024.cnv
* Sea-Bird SBE19plus  Data File:
* FileName = C:\R\Reservoirs\Data\DataNotYetUploadedToEDI\Raw_CTD\RawDownloads\051126_FCR_50_S7809_0024.hex
* Software version 2.8.0.119
* Temperature SN = 7809
* Conductivity SN = 7809
* System UpLoad Time = May 11 2026 15:41:44
* <ApplicationData>
* <Seaterm232>
# nquan = 15
# nvalues = 739                         
# units = specified
# name 0 = depFM: Depth [fresh water, m]
# name 1 = dz/dtM: Descent Rate [m/s]
# name 2 = sbeox0Mg/L: Oxygen, SBE 43 [mg/l]
# name 3 = sbeox0PS: Oxygen, SBE 43 [% saturation]
# name 4 = specc: Specific Conductance [uS/cm]
# name 5 = c0uS/cm: Conductivity [uS/cm]
# name 6 = flECO-AFL: Fluorescence, WET Labs ECO-AFL/FL [mg/m^3]
# name 7 = ph: pH
# name 8 = orp: Oxidation Reduction Potential [mV]
# name 9 = par/sat/log: PAR/Logarithmic, Satlantic
# name 10 = turbWETntu0: Turbidity, WET Labs ECO [NTU]
# name 11 = prdM: Pressure, Strain Gauge [db]
# name 12 = prdE: Pressure, Strain Gauge [psi]
# name 13 = tv290C: Temperature [ITS-90, deg C]
# name 14 = flag:  0.000e+00
# span 0 =     -0.614,      9.607       
# span 1 =     -0.007,      0.193       
# span 2 =     0.6956,    11.6332       
# span 3 =      6.254,    120.985       
# span 4 =      1.339,    495.711       
# span 5 =   0.972279, 329.187278       
# span 6 =    -0.1453,    14.2277       
# span 7 =      8.151,     11.467       
# span 8 =  -192.8313,   -26.9284       
# span 9 = 1.2366e-01, 2.2625e+02       
# span 10 =    -0.1273,    57.7148      
# span 11 =     -0.602,      9.421      
# span 12 =     -0.874,     13.665      
# span 13 =     8.1942,    18.6611      
# span 14 = 0.0000e+00, 0.0000e+00      
# interval = seconds: 0.25
# start_time = May 11 2026 10:54:20 [Instrument's time stamp, header]
# bad_flag = -9.990e-29
*END*
[from data line 675]
      9.265      0.028     6.5655     55.247     43.859  29.233250     0.7683      9.731  -154.1356 1.2382e-01     7.9066      9.088     13.181     8.3198 0.0000e+00
      9.270      0.036     6.5488     55.087     45.357  30.232290     0.7987      9.728  -155.3790 1.2377e-01    10.3116      9.092     13.186     8.3197 0.0000e+00
      9.275      0.047     6.5345     54.984     51.127  34.078484     0.8284      9.725  -156.9750 1.2381e-01    11.6303      9.093     13.188     8.3206 0.0000e+00
      9.287      0.058     6.5150     54.939     60.039  40.015531     0.8280      9.722  -156.3965 1.2389e-01    11.8268      9.104     13.204     8.3225 0.0000e+00
      9.308      0.068     6.4888     54.957     64.725  43.128803     0.8689      9.718  -153.9775 1.2385e-01    12.8581      9.127     13.238     8.3248 0.0000e+00
      9.332      0.075     6.4688     55.008     64.040  42.655577     1.4973      9.716  -153.2796 1.2375e-01    23.8951      9.153     13.275     8.3261 0.0000e+00
      9.355      0.077     6.4575     54.994     65.806  43.815132     2.6748      9.714  -154.5837 1.2373e-01    44.1618      9.175     13.308     8.3255 0.0000e+00
      9.376      0.073     6.4508     54.661     75.556  50.292112     3.3284      9.710  -156.2376 1.2381e-01    55.1993      9.196     13.337     8.3253 0.0000e+00
      9.395      0.066     6.4549     53.524     88.946  59.185667     3.3492      9.707  -156.1542 1.2381e-01    56.2364      9.214     13.364     8.3182 0.0000e+00
      9.410      0.057     6.4681     51.239     95.673  63.637583     2.8435      9.705  -154.4359 1.2374e-01    56.7702      9.229     13.386     8.3007 0.0000e+00
      9.423      0.049     6.4743     47.864     91.721  60.988674     1.9166      9.703  -154.0467 1.2379e-01    57.4519      9.241     13.403     8.2879 0.0000e+00
      9.433      0.043     6.4626     43.589     83.084  55.237642     1.4226      9.700  -155.2332 1.2389e-01    57.7148      9.251     13.418     8.2816 0.0000e+00
      9.442      0.039     6.3479     38.509     91.823  61.051207     1.3641      9.697  -155.8766 1.2389e-01    56.8748      9.260     13.431     8.2718 0.0000e+00
      9.450      0.036     6.0738     32.811    152.762 101.573921     1.0261      9.694  -155.8033 1.2381e-01    46.4078      9.267     13.440     8.2550 0.0000e+00
      9.458      0.034     5.6680     26.856    272.212 180.965963     0.3992      9.693  -156.1540 1.2381e-01    27.0443      9.275     13.452     8.2409 0.0000e+00
      9.467      0.033     5.1652     21.114    397.210 263.975505     0.0437      9.691  -156.6745 1.2384e-01    16.4022      9.284     13.466     8.2383 0.0000e+00
      9.477      0.032     4.5618     16.281    470.861 312.806366    -0.0104      9.688  -157.6237 1.2379e-01    15.1916      9.294     13.480     8.2402 0.0000e+00
      9.486      0.030     3.8694     12.952    495.669 329.187278    -0.0386      9.684  -159.1985 1.2376e-01    13.1584      9.302     13.492     8.2456 0.0000e+00
      9.493      0.028     3.1562     11.301    495.711 329.153294    -0.0723      9.680  -159.6253 1.2377e-01     9.6504      9.310     13.502     8.2452 0.0000e+00
      9.499      0.026     2.4449     11.181    483.404 320.953179    -0.0850      9.678  -158.7412 1.2375e-01     7.7555      9.315     13.511     8.2299 0.0000e+00
      9.504      0.025     1.8478     12.239    470.644 312.477423    -0.0669      9.675  -158.7474 1.2369e-01     7.4978      9.320     13.517     8.2137 0.0000e+00
      9.509      0.025     1.4543     14.055    463.390 307.674464    -0.0452      9.672  -160.3879 1.2370e-01     5.7833      9.325     13.525     8.2031 0.0000e+00
      9.515      0.026     1.2645     16.205    461.080 306.164841    -0.0390      9.668  -162.1438 1.2378e-01     2.5345      9.331     13.534     8.1969 0.0000e+00
      9.522      0.026     1.2682     18.248    460.873 306.057081    -0.0411      9.666  -162.3390 1.2378e-01     0.7370      9.338     13.544     8.1943 0.0000e+00
      9.530      0.025     1.4100     19.823    460.330 305.728601    -0.0378      9.664  -161.6300 1.2377e-01     0.5475      9.345     13.554     8.1942 0.0000e+00
      9.538      0.023     1.6402     20.743    459.216 305.022314    -0.0488      9.662  -161.7445 1.2383e-01     0.4494      9.354     13.566     8.1958 0.0000e+00
      9.545      0.020     1.9122     21.008    458.126 304.332725    -0.0752      9.658  -162.6050 1.2385e-01     0.2683      9.362     13.578     8.1986 0.0000e+00
      9.550      0.017     2.1691     20.783    458.466 304.591745    -0.0825      9.655  -163.4306 1.2381e-01     0.0998      9.366     13.584     8.2021 0.0000e+00
      9.552      0.014     2.3601     20.236    460.300 305.839490    -0.0700      9.651  -163.5526 1.2376e-01     0.1202      9.367     13.586     8.2055 0.0000e+00
      9.553      0.010     2.4702     19.465    462.216 307.138711    -0.0481      9.647  -162.7034 1.2370e-01     0.2072      9.368     13.589     8.2092 0.0000e+00
      9.556      0.008     2.4911     18.595    463.792 308.212454    -0.0263      9.645  -161.6809 1.2375e-01     0.1607      9.371     13.592     8.2130 0.0000e+00
      9.559      0.008     2.4563     17.740    464.916 308.983714    -0.0231      9.642  -161.7720 1.2380e-01     0.0706      9.375     13.597     8.2168 0.0000e+00
      9.561      0.008     2.3910     16.934    465.496 309.390435    -0.0261      9.639  -162.4287 1.2377e-01     0.0397      9.377     13.600     8.2200 0.0000e+00
      9.563      0.007     2.2933     16.174    465.866 309.657515    -0.0368      9.637  -162.2225 1.2376e-01     0.0953      9.377     13.600     8.2224 0.0000e+00
      9.564      0.007     2.1855     15.501    466.192 309.897872    -0.0694      9.636  -161.5157 1.2377e-01     0.1617      9.378     13.603     8.2255 0.0000e+00
      9.566      0.007     2.0834     14.924    466.470 310.110079    -0.0876      9.634  -160.5074 1.2380e-01     0.0912      9.381     13.606     8.2283 0.0000e+00
      9.567      0.008     1.9912     14.433    466.703 310.294021    -0.0654      9.632  -159.1520 1.2389e-01     0.0625      9.382     13.608     8.2303 0.0000e+00
      9.568      0.010     1.8975     14.058    466.893 310.449848    -0.0344      9.629  -158.2055 1.2389e-01     0.1226      9.383     13.609     8.2325 0.0000e+00
      9.570      0.012     1.8184     13.808    467.043 310.579350    -0.0290      9.626  -157.8389 1.2380e-01     0.0662      9.385     13.611     8.2351 0.0000e+00
      9.574      0.014     1.7525     13.631    467.184 310.702242    -0.0337      9.622  -157.7312 1.2379e-01     0.0295      9.388     13.617     8.2381 0.0000e+00
      9.579      0.015     1.6918     13.467    467.351 310.842442    -0.0323      9.617  -158.0219 1.2379e-01     0.0888      9.393     13.624     8.2412 0.0000e+00
      9.584      0.015     1.6470     13.310    467.526 310.988275    -0.0451      9.609  -158.7724 1.2373e-01     0.1006      9.398     13.631     8.2445 0.0000e+00
      9.588      0.015     1.6197     13.121    467.671 311.114964    -0.0731      9.599  -159.5780 1.2373e-01     0.0352      9.403     13.638     8.2476 0.0000e+00
      9.592      0.014     1.6032     12.822    467.778 311.216613    -0.0871      9.587  -160.3628 1.2377e-01    -0.0533      9.407     13.643     8.2506 0.0000e+00
      9.594      0.011     1.5821     12.455    467.884 311.316944    -0.0731      9.577  -161.1197 1.2376e-01    -0.0806      9.409     13.646     8.2539 0.0000e+00
      9.596      0.009     1.5640     12.102    468.007 311.427691    -0.0445      9.567  -161.5885 1.2378e-01    -0.0225      9.412     13.649     8.2571 0.0000e+00
      9.599      0.007     1.5491     11.774    468.114 311.526638    -0.0250      9.561  -161.8154 1.2383e-01     0.0009      9.414     13.654     8.2602 0.0000e+00
      9.601      0.006     1.5097     11.477    468.201 311.612931    -0.0200      9.559  -161.9707 1.2383e-01    -0.0375      9.415     13.656     8.2635 0.0000e+00
      9.602      0.004     1.4610     11.219    468.289 311.699307    -0.0173      9.559  -162.1748 1.2379e-01    -0.0080      9.417     13.657     8.2667 0.0000e+00
      9.602      0.003     1.4216     10.984    468.398 311.799244    -0.0254      9.560  -162.3050 1.2379e-01     0.0498      9.417     13.658     8.2697 0.0000e+00
      9.603      0.002     1.3815     10.754    468.541 311.920872    -0.0513      9.562  -162.2550 1.2385e-01     0.0126      9.418     13.659     8.2727 0.0000e+00
      9.604      0.002     1.3470     10.556    468.638 312.012250    -0.0726      9.562  -162.3438 1.2386e-01    -0.0819      9.418     13.659     8.2757 0.0000e+00
      9.604      0.001     1.3157     10.396    468.683 312.068006    -0.0761      9.563  -162.6907 1.2381e-01    -0.1025      9.418     13.659     8.2787 0.0000e+00
      9.604      0.001     1.2918     10.229    468.761 312.144822    -0.0764      9.564  -163.0075 1.2379e-01    -0.1007      9.418     13.660     8.2816 0.0000e+00
      9.604      0.001     1.2607     10.041    468.859 312.233565    -0.0682      9.565  -162.9909 1.2377e-01    -0.1273      9.419     13.660     8.2844 0.0000e+00
      9.605      0.001     1.2374      9.848    468.930 312.304891    -0.0429      9.569  -163.0055 1.2374e-01    -0.0827      9.419     13.661     8.2873 0.0000e+00
      9.605      0.001     1.2220      9.673    468.985 312.364067    -0.0289      9.572  -163.8726 1.2374e-01    -0.0055      9.419     13.661     8.2901 0.0000e+00
      9.605      0.001     1.2019      9.501    469.056 312.434552    -0.0316      9.572  -165.3868 1.2379e-01     0.0199      9.419     13.661     8.2927 0.0000e+00
      9.605      0.001     1.1798      9.319    469.142 312.513965    -0.0350      9.573  -166.6021 1.2387e-01     0.0193      9.419     13.662     8.2952 0.0000e+00
      9.605      0.001     1.1546      9.227    469.184 312.552449    -0.0360      9.574  -167.0371 1.2391e-01     0.0221      9.419     13.661     8.2978 0.0000e+00
      9.606 -9.990e-29     1.1352 -9.990e-29 -9.990e-29 -9.990e-29 -9.990e-29 -9.990e-29 -9.990e-29 1.2383e-01 -9.990e-29      9.420     13.662     8.3002 0.0000e+00
      9.606 -9.990e-29     1.1175 -9.990e-29 -9.990e-29 -9.990e-29 -9.990e-29 -9.990e-29 -9.990e-29 1.2374e-01 -9.990e-29      9.420     13.663     8.3025 0.0000e+00
      9.607 -9.990e-29     1.0912 -9.990e-29 -9.990e-29 -9.990e-29 -9.990e-29 -9.990e-29 -9.990e-29 1.2378e-01 -9.990e-29      9.421     13.664     8.3053 0.0000e+00
      9.607 -9.990e-29     1.0713 -9.990e-29 -9.990e-29 -9.990e-29 -9.990e-29 -9.990e-29 -9.990e-29 1.2383e-01 -9.990e-29      9.421     13.665     8.3073 0.0000e+00
