Data/DataNotYetUploadedToEDI/Raw_CTD/RawDownloads/051126_fcr50_S7809024.cnv
* Sea-Bird SBE19plus  Data File:
* FileName = C:\R\Reservoirs\Data\DataNotYetUploadedToEDI\Raw_CTD\RawDownloads\051126_FCR_50_S7809_0024.hex
* Software version 2.8.0.119
* Temperature SN = 7809
* Conductivity SN = 7809
* System UpLoad Time = May 11 2026 15:41:44
* <ApplicationData>
* <Seaterm232>
# nquan = 15
# nvalues = 739                         
# units = specified
# name 0 = depFM: Depth [fresh water, m]
# name 1 = dz/dtM: Descent Rate [m/s]
# name 2 = sbeox0Mg/L: Oxygen, SBE 43 [mg/l]
# name 3 = sbeox0PS: Oxygen, SBE 43 [% saturation]
# name 4 = specc: Specific Conductance [uS/cm]
# name 5 = c0uS/cm: Conductivity [uS/cm]
# name 6 = flECO-AFL: Fluorescence, WET Labs ECO-AFL/FL [mg/m^3]
# name 7 = ph: pH
# name 8 = orp: Oxidation Reduction Potential [mV]
# name 9 = par/sat/log: PAR/Logarithmic, Satlantic
# name 10 = turbWETntu0: Turbidity, WET Labs ECO [NTU]
# name 11 = prdM: Pressure, Strain Gauge [db]
# name 12 = prdE: Pressure, Strain Gauge [psi]
# name 13 = tv290C: Temperature [ITS-90, deg C]
# name 14 = flag:  0.000e+00
# span 0 =     -0.614,      9.607       
# span 1 =     -0.007,      0.193       
# span 2 =     0.6956,    11.6332       
# span 3 =      6.254,    120.985       
# span 4 =      1.339,    495.711       
# span 5 =   0.972279, 329.187278       
# span 6 =    -0.1453,    14.2277       
# span 7 =      8.151,     11.467       
# span 8 =  -192.8313,   -26.9284       
# span 9 = 1.2366e-01, 2.2625e+02       
# span 10 =    -0.1273,    57.7148      
# span 11 =     -0.602,      9.421      
# span 12 =     -0.874,     13.665      
# span 13 =     8.1942,    18.6611      
# span 14 = 0.0000e+00, 0.0000e+00      
# interval = seconds: 0.25
# start_time = May 11 2026 10:54:20 [Instrument's time stamp, header]
# bad_flag = -9.990e-29
*END*
[from data line 579]
      7.332      0.076     6.5482     55.771     43.398  28.949520     0.7820     10.117  -147.8287 1.2379e-01     4.1921      7.188     10.425     8.3491 0.0000e+00
      7.352      0.073     6.5484     55.786     43.366  28.928946     0.7704     10.113  -147.5814 1.2383e-01     4.1965      7.206     10.451     8.3512 0.0000e+00
      7.377      0.072     6.5453     55.841     43.345  28.914752     0.7430     10.109  -147.5229 1.2380e-01     4.0913      7.235     10.494     8.3513 0.0000e+00
      7.399      0.073     6.5480     55.911     43.330  28.904765     0.7337     10.107  -147.3798 1.2373e-01     4.1152      7.260     10.530     8.3507 0.0000e+00
      7.414      0.075     6.5480     55.951     43.375  28.935054     0.7568     10.105  -146.9698 1.2372e-01     4.2472      7.272     10.547     8.3514 0.0000e+00
      7.426      0.077     6.5467     55.943     43.420  28.963805     0.7724     10.100  -146.5234 1.2374e-01     4.2864      7.280     10.559     8.3520 0.0000e+00
      7.442      0.078     6.5553     55.923     43.379  28.935238     0.7560     10.095  -146.2844 1.2372e-01     4.1793      7.295     10.581     8.3525 0.0000e+00
      7.465      0.078     6.5651     55.919     43.338  28.906813     0.7250     10.092  -146.1455 1.2375e-01     4.0459      7.319     10.615     8.3530 0.0000e+00
      7.493      0.078     6.5721     55.917     43.383  28.937279     0.7230     10.089  -145.9626 1.2383e-01     4.0739      7.349     10.657     8.3527 0.0000e+00
      7.518      0.078     6.5682     55.922     43.457  28.986449     0.7400     10.086  -145.7075 1.2380e-01     4.1412      7.377     10.698     8.3512 0.0000e+00
      7.536      0.078     6.5645     55.948     43.468  28.993870     0.7475     10.081  -145.4705 1.2375e-01     4.1083      7.394     10.724     8.3497 0.0000e+00
      7.547      0.078     6.5661     55.983     43.424  28.963568     0.7550     10.076  -145.2468 1.2374e-01     4.0864      7.401     10.733     8.3489 0.0000e+00
      7.560      0.078     6.5655     56.018     43.384  28.937225     0.7646     10.071  -144.8960 1.2377e-01     4.1153      7.410     10.745     8.3487 0.0000e+00
      7.582      0.080     6.5641     56.046     43.371  28.929079     0.7803     10.066  -144.5842 1.2379e-01     4.1844      7.432     10.779     8.3493 0.0000e+00
      7.611      0.086     6.5694     56.062     43.370  28.928507     0.7694     10.061  -144.2306 1.2377e-01     4.1698      7.465     10.828     8.3487 0.0000e+00
      7.637      0.096     6.5733     56.072     43.372  28.930311     0.7325     10.055  -143.8043 1.2380e-01     4.0760      7.493     10.868     8.3477 0.0000e+00
      7.656      0.105     6.5773     56.044     43.404  28.950893     0.7170     10.047  -143.9901 1.2380e-01     4.0415      7.508     10.889     8.3478 0.0000e+00
      7.676      0.110     6.5821     55.978     43.459  28.987066     0.7231     10.039  -144.5841 1.2383e-01     4.1275      7.523     10.912     8.3484 0.0000e+00
      7.706      0.112     6.5811     55.915     43.460  28.987081     0.7320     10.032  -144.6187 1.2387e-01     4.3310      7.554     10.957     8.3493 0.0000e+00
      7.744      0.112     6.5860     55.864     43.407  28.951081     0.7166     10.025  -144.3232 1.2381e-01     4.4172      7.595     11.016     8.3497 0.0000e+00
      7.779      0.110     6.5827     55.813     43.380  28.932379     0.6868     10.018  -144.0219 1.2381e-01     4.3497      7.632     11.069     8.3492 0.0000e+00
      7.809      0.105     6.5716     55.775     43.407  28.951251     0.7128     10.013  -143.4718 1.2388e-01     4.3011      7.660     11.110     8.3486 0.0000e+00
      7.832      0.097     6.5646     55.770     43.462  28.988967     0.7810     10.009  -142.9199 1.2388e-01     4.2397      7.682     11.142     8.3477 0.0000e+00
      7.851      0.090     6.5602     55.804     43.490  29.007816     0.8215     10.007  -143.2853 1.2387e-01     4.1872      7.700     11.168     8.3462 0.0000e+00
      7.869      0.085     6.5532     55.849     43.461  28.988854     0.8191     10.004  -144.2761 1.2388e-01     4.1790      7.716     11.191     8.3457 0.0000e+00
      7.889      0.082     6.5477     55.878     43.404  28.949995     0.7762     10.000  -144.4034 1.2387e-01     4.1745      7.734     11.218     8.3466 0.0000e+00
      7.914      0.084     6.5463     55.899     43.358  28.918557     0.7446      9.995  -143.8782 1.2384e-01     4.2021      7.760     11.254     8.3474 0.0000e+00
      7.939      0.094     6.5518     55.915     43.369  28.925897     0.7530      9.990  -143.1740 1.2378e-01     4.1708      7.788     11.296     8.3479 0.0000e+00
      7.958      0.107     6.5590     55.916     43.444  28.975301     0.7527      9.984  -142.3421 1.2380e-01     4.0697      7.805     11.322     8.3480 0.0000e+00
      7.975      0.117     6.5610     55.906     43.494  29.008456     0.7252      9.977  -142.6813 1.2390e-01     4.0724      7.814     11.335     8.3476 0.0000e+00
      8.006      0.122     6.5636     55.891     43.498  29.009614     0.6946      9.971  -144.0913 1.2391e-01     4.2382      7.843     11.375     8.3467 0.0000e+00
      8.052      0.120     6.5667     55.882     43.468  28.989302     0.6907      9.966  -144.8499 1.2387e-01     4.4337      7.897     11.455     8.3461 0.0000e+00
      8.098      0.113     6.5658     55.877     43.413  28.953155     0.7033      9.962  -144.9705 1.2385e-01     4.4550      7.948     11.528     8.3458 0.0000e+00
      8.129      0.100     6.5651     55.861     43.411  28.953158     0.6972      9.960  -144.8609 1.2382e-01     4.2905      7.976     11.569     8.3452 0.0000e+00
      8.146      0.080     6.5627     55.831     43.463  28.989329     0.6920      9.958  -144.4717 1.2381e-01     4.1879      7.989     11.588     8.3440 0.0000e+00
      8.156      0.060     6.5616     55.798     43.492  29.009916     0.7154      9.956  -144.3085 1.2380e-01     4.2391      7.999     11.601     8.3431 0.0000e+00
      8.165      0.048     6.5625     55.762     43.494  29.011773     0.7384      9.954  -144.6941 1.2378e-01     4.2598      8.008     11.614     8.3441 0.0000e+00
      8.173      0.046     6.5597     55.717     43.494  29.011786     0.7284      9.953  -145.3482 1.2378e-01     4.1654      8.015     11.625     8.3465 0.0000e+00
      8.182      0.053     6.5556     55.687     43.491  29.010072     0.7029      9.953  -145.8502 1.2385e-01     4.0540      8.023     11.636     8.3479 0.0000e+00
      8.194      0.065     6.5514     55.692     43.463  28.991045     0.7051      9.953  -146.2040 1.2392e-01     4.0749      8.034     11.652     8.3488 0.0000e+00
      8.211      0.078     6.5482     55.707     43.436  28.972028     0.7299      9.949  -146.2707 1.2393e-01     4.1781      8.049     11.675     8.3500 0.0000e+00
      8.234      0.087     6.5413     55.698     43.436  28.970440     0.7281      9.945  -146.1406 1.2385e-01     4.1756      8.072     11.708     8.3498 0.0000e+00
      8.264      0.091     6.5361     55.673     43.441  28.971842     0.6996      9.941  -146.0937 1.2373e-01     4.1465      8.103     11.753     8.3494 0.0000e+00
      8.295      0.089     6.5384     55.643     43.469  28.988971     0.6855      9.938  -146.1338 1.2372e-01     4.2364      8.137     11.801     8.3500 0.0000e+00
      8.322      0.083     6.5425     55.604     43.467  28.987254     0.6987      9.936  -146.3673 1.2378e-01     4.3742      8.165     11.841     8.3487 0.0000e+00
      8.340      0.075     6.5408     55.576     43.412  28.951083     0.7178      9.933  -146.6798 1.2379e-01     4.4126      8.181     11.866     8.3458 0.0000e+00
      8.352      0.067     6.5375     55.579     43.384  28.932211     0.7085      9.929  -146.8999 1.2375e-01     4.2899      8.191     11.879     8.3436 0.0000e+00
      8.363      0.062     6.5349     55.614     43.411  28.949366     0.6944      9.928  -146.9644 1.2373e-01     4.1884      8.200     11.893     8.3425 0.0000e+00
      8.377      0.063     6.5293     55.683     43.440  28.968211     0.7129      9.926  -146.7710 1.2380e-01     4.2450      8.214     11.914     8.3425 0.0000e+00
      8.394      0.070     6.5248     55.778     43.442  28.969768     0.7334      9.922  -146.1961 1.2389e-01     4.2913      8.232     11.939     8.3424 0.0000e+00
      8.411      0.078     6.5256     55.874     43.440  28.968194     0.7089      9.918  -145.6924 1.2389e-01     4.2015      8.248     11.963     8.3422 0.0000e+00
      8.431      0.082     6.5297     55.945     43.412  28.949180     0.6503      9.913  -145.7570 1.2384e-01     4.0806      8.265     11.988     8.3414 0.0000e+00
      8.457      0.080     6.5379     55.993     43.383  28.930157     0.6243      9.908  -146.1168 1.2378e-01     4.0606      8.291     12.026     8.3406 0.0000e+00
      8.486      0.073     6.5501     56.022     43.381  28.928479     0.6441      9.903  -146.5157 1.2377e-01     4.1636      8.324     12.073     8.3406 0.0000e+00
      8.510      0.064     6.5634     56.026     43.382  28.928894     0.6644      9.899  -146.7083 1.2384e-01     4.2331      8.350     12.111     8.3408 0.0000e+00
      8.521      0.058     6.5708     56.015     43.392  28.935170     0.6704      9.896  -146.2085 1.2384e-01     4.1491      8.360     12.125     8.3407 0.0000e+00
      8.525      0.055     6.5760     55.980     43.401  28.940935     0.6742      9.893  -145.3763 1.2380e-01     4.0362      8.359     12.124     8.3401 0.0000e+00
      8.530      0.058     6.5812     55.934     43.392  28.935170     0.6937      9.890  -145.1646 1.2383e-01     4.0646      8.361     12.127     8.3398 0.0000e+00
      8.542      0.066     6.5796     55.916     43.383  28.928899     0.7066      9.886  -145.4557 1.2386e-01     4.1501      8.374     12.145     8.3395 0.0000e+00
      8.563      0.076     6.5797     55.914     43.383  28.928536     0.6881      9.881  -145.9705 1.2388e-01     4.1139      8.395     12.176     8.3393 0.0000e+00
      8.591      0.081     6.5760     55.906     43.387  28.930786     0.6796      9.876  -146.5703 1.2383e-01     4.1054      8.423     12.217     8.3396 0.0000e+00
      8.622      0.080     6.5665     55.911     43.425  28.956102     0.6861      9.872  -146.5998 1.2377e-01     4.1830      8.457     12.265     8.3396 0.0000e+00
      8.647      0.071     6.5662     55.936     43.462  28.980898     0.6924      9.868  -146.2405 1.2378e-01     4.1989      8.485     12.306     8.3391 0.0000e+00
      8.661      0.061     6.5681     55.972     43.455  28.976874     0.7055      9.866  -146.1845 1.2379e-01     4.1265      8.498     12.325     8.3387 0.0000e+00
      8.668      0.053     6.5647     56.004     43.444  28.970884     0.7116      9.863  -146.2665 1.2379e-01     4.0252      8.500     12.328     8.3383 0.0000e+00
      8.674      0.050     6.5655     56.029     43.445  28.971899     0.7236      9.860  -146.3718 1.2384e-01     4.0328      8.505     12.336     8.3381 0.0000e+00
      8.682      0.055     6.5687     56.065     43.472  28.989147     0.7430      9.856  -146.5970 1.2385e-01     4.1844      8.513     12.347     8.3383 0.0000e+00
      8.696      0.067     6.5738     56.111     43.473  28.989129     0.7132      9.853  -146.7529 1.2376e-01     4.3217      8.524     12.364     8.3394 0.0000e+00
      8.717      0.084     6.5774     56.126     43.447  28.971687     0.6464      9.848  -146.7075 1.2371e-01     4.3261      8.546     12.395     8.3411 0.0000e+00
      8.742      0.101     6.5793     56.108     43.442  28.968540     0.6179      9.844  -146.5646 1.2373e-01     4.2711      8.573     12.434     8.3414 0.0000e+00
      8.769      0.114     6.5825     56.098     43.417  28.951085     0.6349      9.839  -146.6599 1.2377e-01     4.3066      8.598     12.470     8.3406 0.0000e+00
      8.800      0.121     6.5918     56.090     43.417  28.950929     0.6599      9.833  -146.9985 1.2379e-01     4.3793      8.627     12.512     8.3400 0.0000e+00
      8.839      0.121     6.5937     56.067     43.441  28.966653     0.6617      9.827  -147.3034 1.2382e-01     4.3643      8.667     12.572     8.3396 0.0000e+00
      8.877      0.115     6.5877     56.034     43.418  28.950913     0.6406      9.823  -147.5939 1.2388e-01     4.3298      8.708     12.631     8.3391 0.0000e+00
      8.907      0.104     6.5886     56.000     43.418  28.950913     0.6211      9.819  -148.1012 1.2394e-01     4.3039      8.738     12.673     8.3383 0.0000e+00
      8.931      0.088     6.5882     55.976     43.442  28.966652     0.6422      9.814  -148.7915 1.2394e-01     4.3250      8.760     12.704     8.3381 0.0000e+00
      8.950      0.070     6.5852     55.961     43.419  28.950914     0.6962      9.810  -149.4005 1.2389e-01     4.3455      8.779     12.733     8.3380 0.0000e+00
      8.965      0.052     6.5809     55.928     43.419  28.950915     0.7083      9.806  -149.8718 1.2383e-01     4.2782      8.793     12.754     8.3379 0.0000e+00
      8.975      0.038     6.5766     55.881     43.442  28.966669     0.6893      9.804  -150.2740 1.2376e-01     4.2633      8.803     12.767     8.3378 0.0000e+00
      8.982      0.029     6.5733     55.864     43.418  28.951101     0.6824      9.802  -150.5640 1.2374e-01     4.2668      8.810     12.777     8.3375 0.0000e+00
      8.985      0.027     6.5736     55.870     43.419  28.952972     0.6579      9.799  -150.7107 1.2382e-01     4.1506      8.812     12.781     8.3373 0.0000e+00
      8.986      0.033     6.5701     55.857     43.473  28.989298     0.6340      9.796  -150.7576 1.2385e-01     4.0198      8.812     12.781     8.3372 0.0000e+00
      8.989      0.046     6.5612     55.855     43.504  29.009732     0.6431      9.792  -150.9591 1.2380e-01     4.0170      8.812     12.781     8.3373 0.0000e+00
      8.999      0.060     6.5589     55.892     43.506  29.009740     0.6511      9.789  -151.4256 1.2373e-01     4.1515      8.821     12.792     8.3375 0.0000e+00
      9.020      0.074     6.5644     55.953     43.477  28.989391     0.6726      9.786  -152.0104 1.2366e-01     4.3817      8.842     12.824     8.3389 0.0000e+00
      9.050      0.086     6.5589     56.027     43.425  28.953982     0.7046      9.782  -152.6097 1.2367e-01     4.5456      8.876     12.873     8.3404 0.0000e+00
      9.079      0.096     6.5568     56.079     43.438  28.962196     0.7041      9.778  -152.9074 1.2377e-01     4.5277      8.908     12.920     8.3395 0.0000e+00
      9.101      0.103     6.5645     56.104     43.629  29.088704     0.6924      9.773  -152.4261 1.2383e-01     4.5078      8.926     12.947     8.3377 0.0000e+00
      9.121      0.106     6.5698     56.125     43.916  29.278389     0.6956      9.766  -152.0389 1.2386e-01     4.9192      8.941     12.968     8.3364 0.0000e+00
      9.148      0.103     6.5821     56.123     44.034  29.352708     0.7177      9.759  -152.6129 1.2384e-01     5.6753      8.968     13.007     8.3354 0.0000e+00
      9.181      0.095     6.5886     56.071     43.945  29.289535     0.7265      9.753  -153.2574 1.2377e-01     6.0328      9.004     13.059     8.3353 0.0000e+00
      9.214      0.085     6.5887     55.982     43.832  29.212323     0.7105      9.748  -153.9809 1.2378e-01     5.9967      9.039     13.110     8.3355 0.0000e+00
      9.240      0.072     6.5932     55.869     43.785  29.180328     0.7169      9.742  -154.8226 1.2383e-01     6.1275      9.066     13.150     8.3333 0.0000e+00
      9.252      0.055     6.5959     55.741     43.749  29.156405     0.7539      9.737  -154.3997 1.2380e-01     6.4187      9.077     13.165     8.3278 0.0000e+00
      9.255      0.039     6.5889     55.602     43.684  29.113367     0.7830      9.733  -153.2560 1.2380e-01     6.5793      9.075     13.162     8.3226 0.0000e+00
