Data/DataNotYetUploadedToEDI/Raw_CTD/RawDownloads/051225_bvr50_S7809002.cnv
* Sea-Bird SBE19plus  Data File:
* FileName = C:\R\Reservoirs\Data\DataNotYetUploadedToEDI\Raw_CTD\RawDownloads\050525_fcr50_S7809_0002.hex
* Software version 2.8.0.119
* Temperature SN = 7809
* Conductivity SN = 7809
* System UpLoad Time = May 17 2025 20:00:54
* <ApplicationData>
* <Seaterm232>
# nquan = 15
# nvalues = 2344                        
# units = specified
# name 0 = depFM: Depth [fresh water, m]
# name 1 = dz/dtM: Descent Rate [m/s]
# name 2 = sbeox0Mg/L: Oxygen, SBE 43 [mg/l]
# name 3 = sbeox0PS: Oxygen, SBE 43 [% saturation]
# name 4 = specc: Specific Conductance [uS/cm]
# name 5 = c0uS/cm: Conductivity [uS/cm]
# name 6 = flECO-AFL: Fluorescence, WET Labs ECO-AFL/FL [mg/m^3]
# name 7 = ph: pH
# name 8 = orp: Oxidation Reduction Potential [mV]
# name 9 = par/sat/log: PAR/Logarithmic, Satlantic
# name 10 = turbWETntu0: Turbidity, WET Labs ECO [NTU]
# name 11 = prdM: Pressure, Strain Gauge [db]
# name 12 = prdE: Pressure, Strain Gauge [psi]
# name 13 = tv290C: Temperature [ITS-90, deg C]
# name 14 = flag:  0.000e+00
# span 0 =     -0.673,      6.226       
# span 1 =     -0.322,      0.261       
# span 2 =    -0.0166,     9.6459       
# span 3 =     -0.121,    102.636       
# span 4 =      0.800,    377.906       
# span 5 =   0.649322, 268.302823       
# span 6 =    -0.0704,    47.1131       
# span 7 =      6.494,      8.351       
# span 8 =  -119.0581,   318.3481       
# span 9 = 1.2361e-01, 2.1788e+02       
# span 10 =    -0.1694,    97.3715      
# span 11 =     -0.661,      6.107      
# span 12 =     -0.959,      8.857      
# span 13 =    10.4939,    18.6578      
# span 14 = 0.0000e+00, 0.0000e+00      
# interval = seconds: 0.25
# start_time = May 12 2025 10:53:16 [Instrument's time stamp, header]
# bad_flag = -9.990e-29
*END*
[from data line 1350]
      2.327     -0.000     0.3544      3.009     33.892  27.379830     4.7240      7.918   296.8824 5.0013e-01    11.8813      2.282      3.311    15.3992 0.0000e+00
      2.326     -0.001     0.3389      2.938     33.895  27.390351     4.7298      7.917   296.9534 4.9781e-01    12.0254      2.281      3.309    15.3991 0.0000e+00
      2.326     -0.001     0.3227      2.897     33.883  27.380080     4.7252      7.917   296.8844 5.0750e-01    12.0084      2.281      3.308    15.3863 0.0000e+00
      2.327     -0.000     0.3126      2.872     33.893  27.382492     4.6845      7.916   296.9091 5.1134e-01    11.8818      2.282      3.310    15.3742 0.0000e+00
      2.327     -0.000     0.2984      2.878     33.943  27.419497     4.6450      7.915   296.9943 5.0963e-01    11.7242      2.283      3.311    15.3876 0.0000e+00
      2.327     -0.000     0.2929      2.913     33.979  27.446955     4.6474      7.914   297.0543 5.1052e-01    11.6738      2.282      3.310    15.4076 0.0000e+00
      2.327     -0.001     0.2895      2.956     34.003  27.460795     4.6728      7.915   297.1180 5.1059e-01    11.7510      2.282      3.310    15.4040 0.0000e+00
      2.326     -0.001     0.2856      3.006     34.012  27.459970     4.6768      7.915   297.1623 5.0246e-01    11.7695      2.281      3.308    15.3888 0.0000e+00
      2.326      0.000     0.2865      3.059     33.990  27.436980     4.6708      7.914   297.2456 4.9856e-01    11.6918      2.280      3.307    15.3860 0.0000e+00
      2.326 3.0794e-08     0.2912      3.076     33.988  27.436507     4.6917      7.913   297.3514 5.0139e-01    11.7007      2.281      3.308    15.3870 0.0000e+00
      2.326 3.3873e-07     0.2960      3.052     34.002  27.454261     4.7301      7.913   297.4093 4.9582e-01    11.8080      2.281      3.309    15.3777 0.0000e+00
      2.327      0.000     0.2994      3.017     34.000  27.461372     4.8347      7.913   297.4285 4.9025e-01    11.7938      2.282      3.309    15.3634 0.0000e+00
      2.327      0.000     0.3079      2.968     33.990  27.459066     4.9997      7.912   297.4113 4.9257e-01    11.5983      2.282      3.310    15.3540 0.0000e+00
      2.327      0.001     0.3098      2.915     34.026  27.489815     5.0773      7.911   297.2880 4.9662e-01    11.4243      2.282      3.310    15.3544 0.0000e+00
      2.327      0.003     0.3051      2.896     34.142  27.579465     5.0907      7.911   297.1418 4.9718e-01    11.4333      2.282      3.309    15.3660 0.0000e+00
      2.326      0.007     0.3023      2.915     34.254  27.655059     5.1028      7.912   297.1064 4.9325e-01    11.4676      2.281      3.308    15.3832 0.0000e+00
      2.325      0.015     0.2977      2.945     34.349  27.706114     5.0488      7.914   297.0321 4.9196e-01    11.4286      2.279      3.306    15.3919 0.0000e+00
      2.328      0.026     0.2895      2.981     34.520  27.816184     4.9620      7.914   296.9313 4.8293e-01    11.4738      2.282      3.310    15.3925 0.0000e+00
      2.336      0.038     0.2877      2.993     34.746  27.971068     4.9189      7.912   296.9200 4.5959e-01    11.5702      2.290      3.321    15.3912 0.0000e+00
      2.347      0.050     0.2922      2.918     34.968  28.119966     4.9024      7.909   296.9815 4.4057e-01    11.6377      2.300      3.336    15.3711 0.0000e+00
      2.364      0.061     0.2939      2.741     35.137  28.221083     4.6791      7.908   297.0738 4.1818e-01    11.6073      2.315      3.358    15.3274 0.0000e+00
      2.384      0.069     0.2992      2.485     35.208  28.242215     4.2336      7.907   297.0895 3.8926e-01    11.4414      2.338      3.390    15.2863 0.0000e+00
      2.404      0.074     0.3037      2.151     35.257  28.248579     3.9771      7.906   297.0846 3.7442e-01    11.3734      2.359      3.421    15.2495 0.0000e+00
      2.424      0.076     0.2971      1.755     35.352  28.297989     3.9331      7.905   297.1868 3.6585e-01    11.4003      2.378      3.449    15.2060 0.0000e+00
      2.442      0.074     0.2774      1.359     35.422  28.332172     3.7511      7.903   297.2926 3.5536e-01    11.0828      2.396      3.475    15.1573 0.0000e+00
      2.461      0.066     0.2529      0.996     35.379  28.281295     3.4250      7.901   297.3315 3.4461e-01    10.4383      2.412      3.498    15.1016 0.0000e+00
      2.482      0.054     0.2200      0.673     35.274  28.190238     3.2440      7.899   297.3987 3.1981e-01    10.0298      2.435      3.531    15.0524 0.0000e+00
      2.500      0.039     0.1760      0.408     35.179  28.119186     3.2200      7.897   297.4176 2.9513e-01    10.0034      2.456      3.562    15.0177 0.0000e+00
      2.509      0.024     0.1358      0.215     35.082  28.056484     3.2593      7.896   297.3014 2.9520e-01    10.0513      2.465      3.574    14.9870 0.0000e+00
      2.509      0.010     0.0991      0.097     34.994  28.002966     3.3445      7.895   297.1974 3.0708e-01     9.9606      2.464      3.572    14.9600 0.0000e+00
      2.503      0.000     0.0661      0.054     34.944  27.979543     3.3844      7.893   297.1926 3.2208e-01     9.8289      2.456      3.561    14.9477 0.0000e+00
      2.496     -0.006     0.0382      0.072     34.904  27.963574     3.3927      7.891   297.2431 3.3023e-01     9.7914      2.446      3.549    14.9578 0.0000e+00
      2.493     -0.007     0.0191      0.139     34.849  27.936764     3.4699      7.890   297.2931 3.2393e-01     9.9505      2.443      3.543    14.9831 0.0000e+00
      2.494     -0.004     0.0069      0.256     34.797  27.909112     3.6100      7.888   297.2802 3.1803e-01    10.2500      2.445      3.546    15.0086 0.0000e+00
      2.496      0.000     0.0033      0.406     34.750  27.882955     3.6797      7.888   297.1734 3.2033e-01    10.3379      2.448      3.551    15.0303 0.0000e+00
      2.498      0.003     0.0061      0.575     34.726  27.874218     3.6725      7.888   297.0345 3.1598e-01    10.2284      2.450      3.553    15.0539 0.0000e+00
      2.498      0.005     0.0116      0.764     34.786  27.930336     3.6643      7.887   296.9773 3.0624e-01    10.1896      2.450      3.553    15.0803 0.0000e+00
      2.498      0.009     0.0251      0.955     34.937  28.054071     3.6552      7.887   296.9978 3.0708e-01    10.2441      2.449      3.552    15.1011 0.0000e+00
      2.498      0.015     0.0404      1.119     35.087  28.165191     3.6458      7.886   297.0250 3.0227e-01    10.3067      2.449      3.552    15.1160 0.0000e+00
      2.501      0.021     0.0570      1.244     35.230  28.259041     3.6328      7.886   296.9622 2.9777e-01    10.2970      2.452      3.556    15.1309 0.0000e+00
      2.508      0.027     0.0764      1.338     35.400  28.364224     3.6066      7.886   296.8406 3.0000e-01    10.2299      2.458      3.566    15.1448 0.0000e+00
      2.518      0.032     0.0972      1.397     35.514  28.422072     3.5459      7.886   296.7581 2.8473e-01    10.1783      2.469      3.581    15.1512 0.0000e+00
      2.529      0.034     0.1142      1.411     35.580  28.451013     3.4647      7.886   296.7396 2.5235e-01    10.1170      2.481      3.598    15.1400 0.0000e+00
      2.540      0.034     0.1261      1.376     35.686  28.523843     3.4238      7.885   296.7886 2.3572e-01    10.0699      2.492      3.614    15.1082 0.0000e+00
      2.550      0.033     0.1362      1.285     35.797  28.604928     3.4007      7.883   296.7493 2.4021e-01    10.0532      2.502      3.629    15.0609 0.0000e+00
      2.556      0.032     0.1424      1.145     35.889  28.670261     3.3188      7.882   296.6942 2.4153e-01     9.9148      2.507      3.636    15.0057 0.0000e+00
      2.561      0.032     0.1441      0.985     35.996  28.742906     3.2153      7.883   296.7249 2.4177e-01     9.7290      2.510      3.641    14.9708 0.0000e+00
      2.568      0.033     0.1409      0.839     36.074  28.785540     3.1816      7.884   296.6897 2.3712e-01     9.6508      2.517      3.652    14.9602 0.0000e+00
      2.577      0.035     0.1317      0.723     36.131  28.805153     3.1784      7.883   296.6128 2.2902e-01     9.5843      2.527      3.665    14.9514 0.0000e+00
      2.588      0.038     0.1163      0.613     36.226  28.853154     3.2510      7.882   296.4845 2.1725e-01     9.6091      2.537      3.679    14.9419 0.0000e+00
      2.600      0.039     0.0991      0.498     36.346  28.921882     3.4357      7.882   296.2568 2.0306e-01     9.8473      2.550      3.699    14.9251 0.0000e+00
      2.611      0.039     0.0830      0.406     36.485  29.001807     3.5551      7.882   296.0108 2.0054e-01    10.0733      2.563      3.717    14.8986 0.0000e+00
      2.619      0.037     0.0730      0.351     36.680  29.121763     3.5628      7.882   295.8325 1.9260e-01    10.0863      2.567      3.724    14.8576 0.0000e+00
      2.628      0.036     0.0629      0.315     37.027  29.357339     3.4379      7.882   295.7362 1.7973e-01     9.8344      2.576      3.737    14.8204 0.0000e+00
      2.638      0.038     0.0494      0.290     37.437  29.630017     3.2266      7.881   295.5344 1.7542e-01     9.4866      2.589      3.755    14.7861 0.0000e+00
      2.646      0.042     0.0393      0.269     37.684  29.754524     3.1296      7.879   295.1992 1.7009e-01     9.3658      2.596      3.766    14.7427 0.0000e+00
      2.653      0.045     0.0354      0.242     37.817  29.784321     3.1226      7.879   294.8667 1.6582e-01     9.3991      2.599      3.770    14.6947 0.0000e+00
      2.666      0.045     0.0315      0.220     37.911  29.799897     3.0923      7.879   294.6118 1.6540e-01     9.3430      2.612      3.788    14.6425 0.0000e+00
      2.685      0.042     0.0291      0.207     37.896  29.752499     2.9135      7.878   294.5261 1.5684e-01     9.0281      2.635      3.820    14.5831 0.0000e+00
      2.700      0.037     0.0284      0.188     37.792  29.655214     2.6253      7.877   294.4326 1.4883e-01     8.5976      2.650      3.844    14.4789 0.0000e+00
      2.709      0.030     0.0240      0.138     37.688  29.575094     2.4868      7.876   294.1703 1.5616e-01     8.4424      2.658      3.855    14.3639 0.0000e+00
      2.714      0.020     0.0225      0.076     37.630  29.544968     2.4713      7.875   293.9358 1.6815e-01     8.4496      2.663      3.861    14.2887 0.0000e+00
      2.715      0.013     0.0209      0.049     37.600  29.544702     2.4875      7.874   293.8343 1.7793e-01     8.3775      2.663      3.862    14.2437 0.0000e+00
      2.714      0.008     0.0210      0.051     37.605  29.571901     2.5575      7.874   293.7178 1.7863e-01     8.3211      2.661      3.859    14.2219 0.0000e+00
      2.713      0.007     0.0151      0.053     37.646  29.620127     2.6194      7.874   293.5588 1.6517e-01     8.3827      2.660      3.858    14.2275 0.0000e+00
      2.715      0.008     0.0056      0.052     37.634  29.620372     2.6534      7.873   293.3757 1.5582e-01     8.4733      2.662      3.861    14.2505 0.0000e+00
      2.720      0.011     0.0038      0.062     37.570  29.574877     2.7015      7.873   293.0519 1.6109e-01     8.5294      2.667      3.868    14.2841 0.0000e+00
      2.724      0.014     0.0058      0.087     37.567  29.577507     2.7684      7.873   292.5682 1.7174e-01     8.6855      2.671      3.874    14.3202 0.0000e+00
      2.728      0.017     0.0058      0.120     37.649  29.652164     2.8041      7.873   292.0882 1.6981e-01     8.8572      2.675      3.880    14.3401 0.0000e+00
      2.731      0.019     0.0043      0.143     37.718  29.716387     2.8087      7.873   291.7221 1.6032e-01     8.8981      2.678      3.884    14.3527 0.0000e+00
      2.736      0.019     0.0063      0.159     37.719  29.719712     2.7823      7.873   291.3252 1.5663e-01     8.8719      2.682      3.890    14.3568 0.0000e+00
      2.742      0.018     0.0079      0.175     37.687  29.692375     2.7103      7.871   290.9035 1.5437e-01     8.7789      2.688      3.899    14.3588 0.0000e+00
      2.749      0.015     0.0131      0.193     37.618  29.639582     2.6708      7.871   290.5810 1.4793e-01     8.7639      2.695      3.909    14.3760 0.0000e+00
      2.755      0.010     0.0148      0.218     37.547  29.588856     2.6874      7.872   290.1789 1.3835e-01     8.8959      2.702      3.920    14.3937 0.0000e+00
      2.757      0.006     0.0159      0.230     37.539  29.586508     2.6944      7.873   289.5690 1.3776e-01     8.8723      2.705      3.924    14.3966 0.0000e+00
      2.755      0.002     0.0185      0.234     37.570  29.611202     2.6729      7.873   288.9719 1.4250e-01     8.6488      2.702      3.919    14.3883 0.0000e+00
      2.751     -0.002     0.0185      0.234     37.604  29.633696     2.6598      7.873   288.6374 1.4103e-01     8.5176      2.697      3.912    14.3881 0.0000e+00
      2.750     -0.006     0.0240      0.229     37.573  29.604753     2.6776      7.873   288.4509 1.3967e-01     8.5834      2.695      3.909    14.3990 0.0000e+00
      2.751     -0.007     0.0231      0.224     37.454  29.514977     2.6881      7.873   288.0925 1.4774e-01     8.6591      2.697      3.912    14.4068 0.0000e+00
      2.751     -0.004     0.0241      0.206     37.412  29.499696     2.6458      7.873   287.4882 1.5292e-01     8.5789      2.700      3.916    14.4079 0.0000e+00
      2.747      0.001     0.0244      0.196     37.534  29.610306     2.5820      7.872   286.9085 1.5266e-01     8.4334      2.696      3.910    14.3990 0.0000e+00
      2.742      0.008     0.0227      0.207     37.756  29.774038     2.5570      7.871   286.5900 1.5740e-01     8.3344      2.687      3.897    14.3888 0.0000e+00
      2.741      0.017     0.0243      0.218     38.044  29.956981     2.5685      7.871   286.3043 1.5150e-01     8.3382      2.684      3.892    14.3888 0.0000e+00
      2.749      0.024     0.0207      0.224     38.244  30.046090     2.5460      7.871   285.6909 1.3855e-01     8.3429      2.693      3.906    14.4218 0.0000e+00
      2.762      0.029     0.0184      0.234     38.308  30.026743     2.4608      7.872   284.8523 1.4315e-01     8.2200      2.708      3.927    14.4584 0.0000e+00
      2.776      0.032     0.0217      0.238     38.455  30.103575     2.3951      7.872   283.9943 1.4970e-01     8.1504      2.722      3.949    14.4392 0.0000e+00
      2.786      0.032     0.0226      0.244     38.770  30.340671     2.3846      7.872   283.2328 1.4355e-01     8.2188      2.735      3.967    14.3829 0.0000e+00
      2.791      0.030     0.0223      0.255     39.058  30.546405     2.3670      7.872   282.6134 1.4398e-01     8.3291      2.738      3.972    14.2832 0.0000e+00
      2.792      0.026     0.0250      0.249     39.142  30.561173     2.3233      7.872   281.9265 1.4295e-01     8.3912      2.736      3.969    14.1667 0.0000e+00
      2.797      0.021     0.0243      0.225     39.080  30.455729     2.2895      7.871   280.8641 1.3119e-01     8.3549      2.740      3.973    14.1202 0.0000e+00
      2.807      0.015     0.0243      0.207     38.971  30.349814     2.2744      7.870   278.9744 1.2469e-01     8.3339      2.753      3.993    14.1320 0.0000e+00
      2.816      0.009     0.0272      0.185     38.874  30.295485     2.2820      7.869   276.2855 1.2591e-01     8.2399      2.766      4.011    14.1220 0.0000e+00
      2.819      0.003     0.0269      0.160     38.761  30.242909     2.2904      7.868   273.5633 1.2897e-01     7.9359      2.766      4.012    14.0399 0.0000e+00
      2.814     -0.004     0.0221      0.148     38.531  30.094770     2.2760      7.869   271.3558 1.2901e-01     7.6649      2.760      4.004    13.9400 0.0000e+00
      2.807     -0.009     0.0218      0.137     38.325  29.963349     2.2657      7.869   269.7279 1.2841e-01     7.5933      2.752      3.991    13.9120 0.0000e+00
