Data/DataNotYetUploadedToEDI/Raw_CTD/RawDownloads/051222_bvr50_0009.cnv
* Sea-Bird SBE19plus  Data File:
* FileName = C:\R\Reservoirs\Data\DataNotYetUploadedToEDI\Raw_CTD\RawDownloads\051222_fcr50_0009.hex
* Software version 2.8.0.119
* Temperature SN = 7809
* Conductivity SN = 7809
* System UpLoad Time = May 13 2022 11:15:41
* <ApplicationData>
* <Seaterm232>
# nquan = 15
# nvalues = 2090                        
# units = specified
# name 0 = depFM: Depth [fresh water, m]
# name 1 = dz/dtM: Descent Rate [m/s]
# name 2 = sbeox0Mg/L: Oxygen, SBE 43 [mg/l]
# name 3 = sbeox0PS: Oxygen, SBE 43 [% saturation]
# name 4 = specc: Specific Conductance [uS/cm]
# name 5 = c0uS/cm: Conductivity [uS/cm]
# name 6 = flECO-AFL: Fluorescence, WET Labs ECO-AFL/FL [mg/m^3]
# name 7 = ph: pH
# name 8 = orp: Oxidation Reduction Potential [mV]
# name 9 = par/sat/log: PAR/Logarithmic, Satlantic
# name 10 = turbWETntu0: Turbidity, WET Labs ECO [NTU]
# name 11 = prdM: Pressure, Strain Gauge [db]
# name 12 = prdE: Pressure, Strain Gauge [psi]
# name 13 = tv290C: Temperature [ITS-90, deg C]
# name 14 = flag:  0.000e+00
# span 0 =     -0.692,      9.403       
# span 1 =     -0.297,      0.159       
# span 2 =     0.0469,     9.4536       
# span 3 =      0.430,    101.277       
# span 4 =      0.441,     57.282       
# span 5 =   0.385129,  39.417341       
# span 6 =    -0.1109,    16.4863       
# span 7 =      5.996,      8.074       
# span 8 =     0.8134,   933.8956       
# span 9 = 1.2363e-01, 2.6437e+03       
# span 10 =    -4.3382,    13.6443      
# span 11 =     -0.679,      9.221      
# span 12 =     -0.985,     13.374      
# span 13 =     9.4007,    18.8394      
# span 14 = 0.0000e+00, 0.0000e+00      
# interval = seconds: 0.25
# start_time = May 12 2022 10:48:09 [Instrument's time stamp, header]
# bad_flag = -9.990e-29
*END*
[from data line 579]
      2.456      0.043     9.1754     92.748     26.721  22.071356     5.2928      7.424   252.6172 3.9920e+01     2.0047      2.409      3.494    16.2803 0.0000e+00
      2.472      0.043     9.1649     92.661     26.733  22.078792     5.4440      7.423   252.8485 3.9406e+01     2.0917      2.424      3.514    16.2748 0.0000e+00
      2.487      0.039     9.1458     92.736     26.763  22.097123     5.5261      7.421   252.9298 3.8989e+01     2.1318      2.440      3.538    16.2719 0.0000e+00
      2.498      0.033     9.1203     92.904     26.773  22.102884     5.5289      7.421   252.9981 3.8820e+01     2.1129      2.452      3.556    16.2877 0.0000e+00
      2.503      0.026     9.0897     93.099     26.749  22.085078     5.5194      7.420   253.1576 3.8815e+01     2.1031      2.455      3.562    16.3024 0.0000e+00
      2.506      0.021     9.0820     93.278     26.731  22.071938     5.4522      7.417   253.3092 3.8826e+01     2.1491      2.457      3.564    16.2930 0.0000e+00
      2.507      0.019     9.0966     93.409     26.731  22.070748     5.3242      7.415   253.4537 3.8826e+01     2.1576      2.458      3.564    16.2767 0.0000e+00
      2.510      0.022     9.1159     93.473     26.735  22.070691     5.2443      7.415   253.6157 3.8778e+01     2.1377      2.460      3.568    16.2713 0.0000e+00
      2.515      0.029     9.1349     93.453     26.740  22.071243     5.2353      7.414   253.7183 3.8660e+01     2.1823      2.467      3.578    16.2787 0.0000e+00
      2.521      0.039     9.1526     93.341     26.755  22.077413     5.2324      7.414   253.7488 3.8423e+01     2.2186      2.472      3.584    16.2846 0.0000e+00
      2.532      0.047     9.1669     93.186     26.770  22.081918     5.2102      7.413   253.8119 3.7981e+01     2.2004      2.480      3.597    16.2794 0.0000e+00
      2.548      0.052     9.1750     93.042     26.757  22.062332     5.1913      7.412   253.8789 3.7475e+01     2.1672      2.499      3.624    16.2720 0.0000e+00
      2.567      0.054     9.1751     92.906     26.727  22.030701     5.1863      7.410   253.9568 3.7053e+01     2.1589      2.517      3.651    16.2686 0.0000e+00
      2.584      0.052     9.1634     92.733     26.714  22.016305     5.2413      7.408   254.0653 3.6720e+01     2.1678      2.534      3.677    16.2585 0.0000e+00
      2.598      0.047     9.1496     92.541     26.716  22.014996     5.3493      7.407   254.1578 3.6524e+01     2.1388      2.550      3.699    16.2400 0.0000e+00
      2.608      0.039     9.1389     92.435     26.719  22.014878     5.4013      7.406   254.3004 3.6473e+01     2.1156      2.560      3.713    16.2222 0.0000e+00
      2.614      0.032     9.1307     92.436     26.720  22.014868     5.3957      7.405   254.4136 3.6464e+01     2.1258      2.564      3.719    16.2088 0.0000e+00
      2.620      0.026     9.1159     92.490     26.720  22.014876     5.3819      7.405   254.4944 3.6383e+01     2.1254      2.569      3.726    16.2021 0.0000e+00
      2.627      0.022     9.0908     92.571     26.721  22.014980     5.3670      7.404   254.5885 3.6241e+01     2.1117      2.576      3.736    16.1971 0.0000e+00
      2.632      0.022     9.0813     92.623     26.725  22.016123     5.3490      7.404   254.6915 3.6127e+01     2.0957      2.582      3.743    16.1917 0.0000e+00
      2.636      0.022     9.0855     92.584     26.742  22.028694     5.3394      7.404   254.7933 3.6038e+01     2.1035      2.585      3.749    16.1909 0.0000e+00
      2.640      0.022     9.0897     92.479     26.758  22.040230     5.4009      7.403   254.7869 3.5920e+01     2.1370      2.589      3.755    16.1914 0.0000e+00
      2.647      0.021     9.1004     92.361     26.746  22.028865     5.5181      7.403   254.7863 3.5750e+01     2.1602      2.596      3.765    16.1899 0.0000e+00
      2.655      0.021     9.1097     92.251     26.735  22.018010     5.5829      7.403   254.8722 3.5557e+01     2.1443      2.604      3.777    16.1868 0.0000e+00
      2.661      0.022     9.1050     92.231     26.759  22.035721     5.5845      7.401   254.9648 3.5437e+01     2.1156      2.610      3.786    16.1830 0.0000e+00
      2.664      0.022     9.0915     92.320     26.780  22.052910     5.5713      7.400   255.0451 3.5402e+01     2.1209      2.613      3.790    16.1811 0.0000e+00
      2.668      0.022     9.0825     92.392     26.759  22.035732     5.5572      7.400   254.9836 3.5332e+01     2.1404      2.614      3.792    16.1778 0.0000e+00
      2.673      0.023     9.0684     92.425     26.736  22.018124     5.5457      7.399   254.9089 3.5174e+01     2.1451      2.620      3.801    16.1725 0.0000e+00
      2.681      0.026     9.0633     92.501     26.748  22.030126     5.5324      7.399   255.0882 3.5015e+01     2.1444      2.630      3.815    16.1696 0.0000e+00
      2.689      0.029     9.0819     92.628     26.773  22.054112     5.5213      7.401   255.2592 3.4921e+01     2.1663      2.636      3.825    16.1694 0.0000e+00
      2.695      0.032     9.0884     92.757     26.773  22.054669     5.4858      7.401   255.2548 3.4802e+01     2.2045      2.642      3.832    16.1702 0.0000e+00
      2.703      0.033     9.0856     92.837     26.760  22.036863     5.4121      7.401   255.2936 3.4584e+01     2.2304      2.650      3.843    16.1726 0.0000e+00
      2.713      0.032     9.0936     92.812     26.764  22.028913     5.3632      7.400   255.4705 3.4357e+01     2.2061      2.660      3.858    16.1755 0.0000e+00
      2.723      0.031     9.1064     92.633     26.769  22.021907     5.3522      7.400   255.6735 3.4145e+01     2.1497      2.671      3.874    16.1846 0.0000e+00
      2.733      0.028     9.1190     92.324     26.770  22.015511     5.3705      7.400   255.7689 3.3946e+01     2.0962      2.681      3.889    16.1912 0.0000e+00
      2.740      0.025     9.1323     91.955     26.775  22.014931     5.4176      7.399   255.7625 3.3827e+01     2.0370      2.689      3.900    16.1750 0.0000e+00
      2.744      0.021     9.1373     91.542     26.779  22.014882     5.4309      7.399   255.6825 3.3780e+01     1.9804      2.692      3.904    16.1480 0.0000e+00
      2.747      0.019     9.1228     91.095     26.782  22.014920     5.4139      7.399   255.6624 3.3716e+01     1.9236      2.693      3.907    16.1274 0.0000e+00
      2.752      0.019     9.0911     90.738     26.785  22.015387     5.4457      7.397   255.7779 3.3627e+01     1.9660      2.699      3.914    16.1142 0.0000e+00
      2.756      0.020     9.0562     90.593     26.793  22.020529     5.5078      7.396   255.8749 3.3547e+01     2.1173      2.703      3.920    16.1062 0.0000e+00
      2.761      0.022     9.0188     90.667     26.787  22.013721     5.5315      7.397   255.9736 3.3441e+01     2.2155      2.707      3.927    16.1004 0.0000e+00
      2.767      0.024     8.9691     90.895     26.767  21.996439     5.5242      7.397   256.1971 3.3285e+01     2.2318      2.714      3.936    16.0961 0.0000e+00
      2.774      0.025     8.9289     91.212     26.775  22.001677     5.5194      7.397   256.4261 3.3106e+01     2.2457      2.720      3.945    16.0929 0.0000e+00
      2.783      0.028     8.9162     91.541     26.791  22.013679     5.5402      7.397   256.5066 3.2990e+01     2.2805      2.729      3.959    16.0893 0.0000e+00
      2.789      0.032     8.9273     91.820     26.794  22.014822     5.5762      7.396   256.4813 3.2917e+01     2.2766      2.735      3.967    16.0862 0.0000e+00
      2.795      0.036     8.9512     92.018     26.797  22.015493     5.5878      7.394   256.4641 3.2762e+01     2.2330      2.739      3.972    16.0846 0.0000e+00
      2.803      0.038     8.9864     92.128     26.807  22.021786     5.5889      7.394   256.5567 3.2517e+01     2.1630      2.748      3.986    16.0823 0.0000e+00
      2.815      0.040     9.0215     92.163     26.817  22.027538     5.6981      7.394   256.6542 3.2206e+01     2.1144      2.760      4.003    16.0796 0.0000e+00
      2.830      0.040     9.0499     92.162     26.812  22.021674     5.9101      7.393   256.6110 3.1885e+01     2.1571      2.775      4.025    16.0773 0.0000e+00
      2.842      0.038     9.0712     92.157     26.805  22.014247     6.0295      7.392   256.6363 3.1674e+01     2.1668      2.788      4.045    16.0743 0.0000e+00
      2.851      0.035     9.0809     92.082     26.788  22.001107     6.0350      7.392   256.8743 3.1576e+01     2.0957      2.797      4.056    16.0714 0.0000e+00
      2.857      0.031     9.0853     91.884     26.772  21.989533     6.0341      7.392   257.1653 3.1517e+01     2.0827      2.803      4.065    16.0675 0.0000e+00
      2.863      0.029     9.0823     91.630     26.785  22.001049     6.0437      7.392   257.3162 3.1426e+01     2.1459      2.807      4.071    16.0619 0.0000e+00
      2.869      0.029     9.0864     91.385     26.799  22.013617     6.0434      7.391   257.3221 3.1284e+01     2.1773      2.813      4.081    16.0585 0.0000e+00
      2.876      0.029     9.0831     91.173     26.803  22.014750     6.0389      7.390   257.4089 3.1154e+01     2.1542      2.821      4.092    16.0611 0.0000e+00
      2.884      0.029     9.0571     90.992     26.808  22.014741     6.0052      7.388   257.5906 3.0972e+01     2.1398      2.827      4.100    16.0638 0.0000e+00
      2.894      0.029     9.0305     90.831     26.811  22.013504     5.9366      7.387   257.7125 3.0753e+01     2.1405      2.839      4.118    16.0663 0.0000e+00
      2.903      0.029     9.0046     90.704     26.799  21.999794     5.8996      7.385   257.7639 3.0643e+01     2.1615      2.849      4.132    16.0696 0.0000e+00
      2.909      0.028     8.9847     90.681     26.773  21.975703     5.8826      7.384   257.7828 3.0556e+01     2.1559      2.851      4.135    16.0661 0.0000e+00
      2.914      0.028     8.9692     90.793     26.778  21.975694     5.8231      7.383   257.9410 3.0437e+01     2.1060      2.856      4.143    16.0564 0.0000e+00
      2.920      0.028     8.9552     90.979     26.814  21.999680     5.7449      7.382   258.2139 3.0287e+01     2.1045      2.864      4.154    16.0475 0.0000e+00
      2.928      0.029     8.9405     91.194     26.838  22.012240     5.7117      7.380   258.3288 3.0073e+01     2.1388      2.871      4.164    16.0417 0.0000e+00
      2.936      0.031     8.9363     91.402     26.833  22.000814     5.7127      7.380   258.3840 2.9854e+01     2.1452      2.880      4.176    16.0366 0.0000e+00
      2.945      0.033     8.9538     91.560     26.826  21.988255     5.7157      7.380   258.5373 2.9645e+01     2.1137      2.888      4.188    16.0307 0.0000e+00
      2.953      0.034     8.9739     91.664     26.833  21.987114     5.7652      7.380   258.6337 2.9420e+01     2.0986      2.895      4.199    16.0203 0.0000e+00
      2.961      0.036     8.9991     91.682     26.840  21.987011     5.8697      7.379   258.6023 2.9195e+01     2.1335      2.904      4.212    16.0065 0.0000e+00
      2.971      0.036     9.0249     91.533     26.846  21.987002     5.9386      7.378   258.5881 2.8975e+01     2.1600      2.914      4.226    15.9925 0.0000e+00
      2.981      0.036     9.0423     91.242     26.851  21.987001     5.9491      7.377   258.6345 2.8726e+01     2.1457      2.922      4.238    15.9786 0.0000e+00
      2.991      0.036     9.0549     90.867     26.855  21.986992     6.0140      7.376   258.6468 2.8464e+01     2.1309      2.934      4.254    15.9659 0.0000e+00
      3.001      0.035     9.0648     90.430     26.859  21.986887     6.1488      7.376   258.7368 2.8281e+01     2.1518      2.945      4.270    15.9548 0.0000e+00
      3.009      0.034     9.0498     90.042     26.861  21.985726     6.2222      7.376   258.9479 2.8138e+01     2.1942      2.950      4.279    15.9460 0.0000e+00
      3.017      0.031     9.0178     89.787     26.849  21.972949     6.2348      7.376   259.0484 2.7914e+01     2.1999      2.956      4.289    15.9388 0.0000e+00
      3.027      0.027     8.9858     89.637     26.835  21.959133     6.2764      7.376   259.0054 2.7710e+01     2.1518      2.969      4.306    15.9324 0.0000e+00
      3.034      0.023     8.9365     89.596     26.820  21.945422     6.3429      7.375   259.0309 2.7595e+01     2.1253      2.976      4.316    15.9265 0.0000e+00
      3.038      0.021     8.8953     89.703     26.808  21.933900     6.3805      7.373   259.1849 2.7488e+01     2.1527      2.979      4.321    15.9210 0.0000e+00
      3.042      0.021     8.8748     89.896     26.826  21.946555     6.3817      7.373   259.3186 2.7385e+01     2.1753      2.984      4.327    15.9162 0.0000e+00
      3.044      0.022     8.8603     90.070     26.864  21.971703     6.3328      7.373   259.3567 2.7273e+01     2.1593      2.985      4.330    15.9129 0.0000e+00
      3.049      0.027     8.8532     90.142     26.889  21.984472     6.2471      7.373   259.3871 2.7112e+01     2.1303      2.988      4.334    15.9077 0.0000e+00
      3.056      0.033     8.8681     90.062     26.885  21.974198     6.2103      7.373   259.5146 2.6946e+01     2.1322      2.997      4.346    15.9049 0.0000e+00
      3.065      0.039     8.8916     89.872     26.893  21.974209     6.2131      7.372   259.6935 2.6766e+01     2.1822      3.005      4.358    15.9043 0.0000e+00
      3.076      0.043     8.9129     89.670     26.913  21.984590     6.1560      7.370   259.8286 2.6496e+01     2.2223      3.015      4.373    15.8930 0.0000e+00
      3.091      0.045     8.9267     89.456     26.905  21.972975     6.0446      7.369   259.8582 2.6181e+01     2.2072      3.032      4.397    15.8749 0.0000e+00
      3.106      0.043     8.9197     89.178     26.894  21.960500     5.9893      7.368   259.8794 2.5947e+01     2.2037      3.048      4.420    15.8609 0.0000e+00
      3.117      0.040     8.8969     88.873     26.897  21.960500     5.9950      7.367   259.9984 2.5808e+01     2.2151      3.058      4.435    15.8510 0.0000e+00
      3.126      0.035     8.8794     88.636     26.917  21.972966     5.9966      7.366   260.0920 2.5709e+01     2.1747      3.065      4.447    15.8401 0.0000e+00
      3.132      0.030     8.8652     88.517     26.939  21.984478     6.0178      7.365   260.1509 2.5609e+01     2.1248      3.072      4.456    15.8283 0.0000e+00
      3.138      0.026     8.8355     88.486     26.934  21.972957     6.0676      7.364   260.1939 2.5480e+01     2.1241      3.077      4.462    15.8227 0.0000e+00
      3.144      0.024     8.8025     88.506     26.927  21.960388     6.0993      7.362   260.1820 2.5332e+01     2.1661      3.083      4.472    15.8206 0.0000e+00
      3.151      0.023     8.7771     88.556     26.929  21.959245     6.1265      7.361   260.1792 2.5218e+01     2.1890      3.091      4.483    15.8144 0.0000e+00
      3.157      0.023     8.7703     88.646     26.929  21.959132     6.2555      7.361   260.2470 2.5146e+01     2.1614      3.096      4.492    15.8026 0.0000e+00
      3.162      0.024     8.7716     88.811     26.932  21.959019     6.4765      7.360   260.3990 2.5057e+01     2.1397      3.100      4.498    15.7859 0.0000e+00
      3.167      0.025     8.7761     88.984     26.936  21.957876     6.6016      7.360   260.5540 2.4961e+01     2.1656      3.106      4.504    15.7718 0.0000e+00
      3.172      0.025     8.7836     89.082     26.925  21.945308     6.6194      7.359   260.6585 2.4851e+01     2.2018      3.110      4.511    15.7677 0.0000e+00
      3.179      0.025     8.7869     89.122     26.915  21.933787     6.6750      7.357   260.8023 2.4660e+01     2.2014      3.116      4.519    15.7696 0.0000e+00
      3.189      0.024     8.8087     89.115     26.934  21.945308     6.7755      7.356   261.0022 2.4456e+01     2.1603      3.128      4.537    15.7653 0.0000e+00
