Data/DataNotYetUploadedToEDI/Raw_CTD/RawDownloads/051225_bvr50_S7809002.cnv
* Sea-Bird SBE19plus  Data File:
* FileName = C:\R\Reservoirs\Data\DataNotYetUploadedToEDI\Raw_CTD\RawDownloads\050525_fcr50_S7809_0002.hex
* Software version 2.8.0.119
* Temperature SN = 7809
* Conductivity SN = 7809
* System UpLoad Time = May 17 2025 20:00:54
* <ApplicationData>
* <Seaterm232>
# nquan = 15
# nvalues = 2344                        
# units = specified
# name 0 = depFM: Depth [fresh water, m]
# name 1 = dz/dtM: Descent Rate [m/s]
# name 2 = sbeox0Mg/L: Oxygen, SBE 43 [mg/l]
# name 3 = sbeox0PS: Oxygen, SBE 43 [% saturation]
# name 4 = specc: Specific Conductance [uS/cm]
# name 5 = c0uS/cm: Conductivity [uS/cm]
# name 6 = flECO-AFL: Fluorescence, WET Labs ECO-AFL/FL [mg/m^3]
# name 7 = ph: pH
# name 8 = orp: Oxidation Reduction Potential [mV]
# name 9 = par/sat/log: PAR/Logarithmic, Satlantic
# name 10 = turbWETntu0: Turbidity, WET Labs ECO [NTU]
# name 11 = prdM: Pressure, Strain Gauge [db]
# name 12 = prdE: Pressure, Strain Gauge [psi]
# name 13 = tv290C: Temperature [ITS-90, deg C]
# name 14 = flag:  0.000e+00
# span 0 =     -0.673,      6.226       
# span 1 =     -0.322,      0.261       
# span 2 =    -0.0166,     9.6459       
# span 3 =     -0.121,    102.636       
# span 4 =      0.800,    377.906       
# span 5 =   0.649322, 268.302823       
# span 6 =    -0.0704,    47.1131       
# span 7 =      6.494,      8.351       
# span 8 =  -119.0581,   318.3481       
# span 9 = 1.2361e-01, 2.1788e+02       
# span 10 =    -0.1694,    97.3715      
# span 11 =     -0.661,      6.107      
# span 12 =     -0.959,      8.857      
# span 13 =    10.4939,    18.6578      
# span 14 = 0.0000e+00, 0.0000e+00      
# interval = seconds: 0.25
# start_time = May 12 2025 10:53:16 [Instrument's time stamp, header]
# bad_flag = -9.990e-29
*END*
[from data line 386]
      0.167      0.000     8.7262     93.284     29.468  25.711006    15.6162      8.079   261.0380 7.9561e+01     6.6930      0.164      0.238    18.6115 0.0000e+00
      0.167 1.5089e-08     8.7293     93.282     29.474  25.716257    15.7166      8.079   261.0886 7.9659e+01     6.7104      0.164      0.237    18.6142 0.0000e+00
      0.167 1.6598e-07     8.7248     93.278     29.463  25.705398    15.7342      8.080   261.1305 7.9770e+01     6.8242      0.164      0.238    18.6175 0.0000e+00
      0.167 -2.063e-07     8.7191     93.283     29.466  25.706542    15.7450      8.081   261.2007 7.9879e+01     6.8396      0.164      0.238    18.6201 0.0000e+00
      0.168      0.000     8.7186     93.278     29.494  25.730084    15.8216      8.082   261.2496 8.0030e+01     6.7250      0.165      0.239    18.6211 0.0000e+00
      0.168      0.000     8.7194     93.252     29.502  25.736372    15.9706      8.082   261.2921 8.0144e+01     6.6681      0.165      0.240    18.6206 0.0000e+00
      0.168     -0.001     8.7180     93.226     29.483  25.719146    16.0557      8.082   261.3692 8.0185e+01     6.6981      0.165      0.239    18.6189 0.0000e+00
      0.168     -0.001     8.7197     93.207     29.475  25.712066    16.0610      8.083   261.4081 8.0212e+01     6.7464      0.165      0.239    18.6169 0.0000e+00
      0.167     -0.001     8.7211     93.209     29.479  25.714190    15.9018      8.084   261.3322 8.0196e+01     6.7391      0.164      0.237    18.6151 0.0000e+00
      0.166      0.000     8.7164     93.229     29.442  25.681405    15.5950      8.086   261.2253 8.0070e+01     6.6781      0.163      0.236    18.6137 0.0000e+00
      0.166      0.000     8.7154     93.262     29.387  25.632757    15.4400      8.086   261.2348 7.9951e+01     6.6927      0.163      0.237    18.6127 0.0000e+00
      0.166      0.001     8.7123     93.318     29.387  25.633332    15.4671      8.086   261.2742 7.9821e+01     6.7795      0.163      0.237    18.6122 0.0000e+00
      0.167      0.001     8.7129     93.358     29.449  25.688364    15.6731      8.086   261.1859 7.9599e+01     6.8048      0.164      0.237    18.6106 0.0000e+00
      0.168      0.001     8.7168     93.358     29.494  25.727378    16.0078      8.087   261.1139 7.9583e+01     6.7259      0.165      0.239    18.6081 0.0000e+00
      0.168      0.001     8.7171     93.324     29.490  25.724531    16.1683      8.088   261.1770 7.9833e+01     6.6444      0.166      0.240    18.6074 0.0000e+00
      0.168      0.001     8.7257     93.273     29.480  25.717363    16.1654      8.089   261.2613 8.0141e+01     6.6737      0.165      0.239    18.6085 0.0000e+00
      0.168      0.001     8.7294     93.213     29.463  25.704138    15.9814      8.090   261.2727 8.0424e+01     6.7390      0.165      0.240    18.6099 0.0000e+00
      0.168      0.001     8.7286     93.148     29.447  25.691466    15.6161      8.091   261.3150 8.0533e+01     6.7159      0.164      0.239    18.6109 0.0000e+00
      0.168      0.001     8.7253     93.103     29.446  25.690984    15.4105      8.093   261.3427 8.0433e+01     6.7028      0.164      0.238    18.6125 0.0000e+00
      0.169      0.001     8.7186     93.096     29.455  25.698313    15.4019      8.094   261.2622 8.0238e+01     6.7168      0.166      0.241    18.6144 0.0000e+00
      0.169      0.001     8.7144     93.146     29.476  25.716657    15.5209      8.094   261.2028 8.0001e+01     6.7141      0.167      0.242    18.6166 0.0000e+00
      0.169      0.002     8.7052     93.254     29.482  25.722526    15.7338      8.094   261.1413 7.9735e+01     6.7381      0.166      0.240    18.6188 0.0000e+00
      0.169      0.002     8.7013     93.373     29.462  25.705855    15.8364      8.094   261.1203 7.9495e+01     6.7344      0.166      0.241    18.6198 0.0000e+00
      0.170      0.002     8.6999     93.453     29.460  25.705344    15.8206      8.093   261.0357 7.9310e+01     6.7377      0.166      0.241    18.6196 0.0000e+00
      0.171      0.001     8.7035     93.484     29.472  25.716355    15.7761      8.091   260.8064 7.9017e+01     6.7446      0.167      0.242    18.6189 0.0000e+00
      0.173     -0.002     8.7166     93.499     29.469  25.712150    15.3899      8.091   260.6706 7.8718e+01     6.7481      0.170      0.246    18.6189 0.0000e+00
      0.174     -0.005     8.7288     93.505     29.477  25.717915    14.6644      8.092   260.5125 7.9006e+01     6.7464      0.172      0.249    18.6204 0.0000e+00
      0.171     -0.008     8.7365     93.485     29.484  25.722641    14.2447      8.093   260.1851 8.0033e+01     6.6552      0.169      0.245    18.6236 0.0000e+00
      0.166     -0.010     8.7374     93.452     29.466  25.705871    14.1862      8.095   259.8954 8.1224e+01     6.6370      0.162      0.235    18.6245 0.0000e+00
      0.162     -0.010     8.7386     93.440     29.467  25.705399    14.1232      8.095   259.7628 8.2264e+01     6.6961      0.158      0.229    18.6214 0.0000e+00
      0.158     -0.006     8.7414     93.456     29.482  25.716929    13.9980      8.095   259.7869 8.3220e+01     6.6187      0.155      0.225    18.6195 0.0000e+00
      0.156     -0.001     8.7386     93.453     29.483  25.718440    13.9129      8.095   259.9288 8.3725e+01     6.4864      0.152      0.220    18.6185 0.0000e+00
      0.156      0.004     8.7349     93.408     29.488  25.723672    13.8932      8.095   259.9297 8.3292e+01     6.4630      0.151      0.219    18.6163 0.0000e+00
      0.160      0.009     8.7332     93.347     29.478  25.716773    13.8268      8.096   259.8840 8.2114e+01     6.5745      0.156      0.226    18.6127 0.0000e+00
      0.165      0.014     8.7380     93.284     29.455  25.698449    13.7088      8.094   260.0647 8.0755e+01     6.7421      0.163      0.237    18.6096 0.0000e+00
      0.168      0.019     8.7390     93.251     29.448  25.692369    13.6398      8.091   260.2211 7.9516e+01     6.7815      0.167      0.242    18.6100 0.0000e+00
      0.171      0.021     8.7317     93.252     29.466  25.706688    13.6085      8.089   260.2263 7.8046e+01     6.7089      0.166      0.241    18.6123 0.0000e+00
      0.177      0.021     8.7269     93.249     29.511  25.744729    13.5631      8.087   260.2137 7.6160e+01     6.7185      0.172      0.249    18.6158 0.0000e+00
      0.187      0.019     8.7178     93.248     29.545  25.771806    13.5163      8.086   260.1545 7.4663e+01     6.7615      0.184      0.267    18.6200 0.0000e+00
      0.194      0.016     8.7141     93.267     29.559  25.780401    13.4833      8.085   260.0269 7.4168e+01     6.7510      0.193      0.280    18.6209 0.0000e+00
      0.198      0.011     8.7175     93.241     29.568  25.785234    13.4561      8.085   259.8756 7.4405e+01     6.7274      0.196      0.284    18.6170 0.0000e+00
      0.198      0.006     8.7176     93.123     29.548  25.766816    13.4114      8.086   259.7875 7.5109e+01     6.6812      0.196      0.284    18.6141 0.0000e+00
      0.197      0.002     8.7150     92.953     29.528  25.747959    13.3684      8.087   259.7361 7.6204e+01     6.7052      0.193      0.280    18.6115 0.0000e+00
      0.195     -0.001     8.7221     92.750     29.528  25.747496    13.3601      8.087   259.7711 7.7112e+01     6.7785      0.191      0.277    18.6036 0.0000e+00
      0.195     -0.001     8.7240     92.533     29.545  25.761218    13.3526      8.088   259.9519 7.7520e+01     6.7131      0.191      0.276    18.5971 0.0000e+00
      0.195      0.000     8.7089     92.344     29.577  25.787029    13.3366      8.089   260.0296 7.7638e+01     6.5975      0.191      0.277    18.5958 0.0000e+00
      0.196 4.4672e-08     8.6940     92.210     29.601  25.805898    13.3742      8.089   259.9364 7.7388e+01     6.6451      0.193      0.280    18.5953 0.0000e+00
      0.198 4.9140e-07     8.6745     92.126     29.595  25.799094    13.4664      8.090   259.8579 7.6818e+01     6.7763      0.195      0.282    18.5939 0.0000e+00
      0.198      0.000     8.6527     92.085     29.560  25.768179    13.5265      8.091   259.9406 7.6258e+01     6.7830      0.194      0.282    18.5921 0.0000e+00
      0.197      0.000     8.6345     92.065     29.538  25.749208    13.5268      8.092   260.0755 7.5898e+01     6.6919      0.193      0.280    18.5887 0.0000e+00
      0.195      0.001     8.6236     92.020     29.549  25.759972    13.5371      8.094   260.1982 7.5734e+01     6.6653      0.191      0.277    18.5844 0.0000e+00
      0.195      0.002     8.6162     91.971     29.562  25.771492    13.5760      8.095   260.3052 7.5621e+01     6.7348      0.190      0.275    18.5820 0.0000e+00
      0.196      0.004     8.6122     91.968     29.550  25.761662    13.5809      8.095   260.2508 7.5540e+01     6.7468      0.191      0.277    18.5817 0.0000e+00
      0.198      0.006     8.6136     91.996     29.557  25.767950    13.5711      8.096   260.1432 7.5654e+01     6.6736      0.195      0.282    18.5826 0.0000e+00
      0.202      0.006     8.6079     92.015     29.576  25.784103    13.6326      8.097   260.1231 7.5918e+01     6.6347      0.198      0.287    18.5842 0.0000e+00
      0.204      0.005     8.6001     92.045     29.556  25.766703    13.7416      8.098   260.1798 7.6187e+01     6.6524      0.200      0.290    18.5853 0.0000e+00
      0.205      0.004     8.6008     92.108     29.535  25.747825    13.8069      8.099   260.2258 7.6326e+01     6.7168      0.201      0.291    18.5857 0.0000e+00
      0.205      0.002     8.6060     92.159     29.533  25.746115    13.7983      8.100   260.2491 7.6210e+01     6.7304      0.202      0.292    18.5860 0.0000e+00
      0.205      0.001     8.6063     92.173     29.533  25.746020    13.6622      8.100   260.2899 7.5901e+01     6.6456      0.201      0.291    18.5860 0.0000e+00
      0.205      0.001     8.6072     92.188     29.533  25.746683    13.4605      8.100   260.2891 7.5550e+01     6.6137      0.200      0.291    18.5854 0.0000e+00
      0.205      0.001     8.6161     92.238     29.542  25.754124    13.3815      8.101   260.3253 7.5252e+01     6.6868      0.201      0.291    18.5845 0.0000e+00
      0.205      0.001     8.6223     92.323     29.563  25.772572    13.3979      8.103   260.3828 7.5096e+01     6.7779      0.201      0.291    18.5842 0.0000e+00
      0.206      0.001     8.6212     92.398     29.570  25.779481    13.5591      8.105   260.3825 7.5139e+01     6.7593      0.202      0.293    18.5851 0.0000e+00
      0.206      0.001     8.6213     92.422     29.564  25.774250    13.8736      8.107   260.4084 7.5407e+01     6.6664      0.202      0.293    18.5858 0.0000e+00
      0.206      0.001     8.6256     92.432     29.563  25.772738    14.0628      8.108   260.4378 7.5837e+01     6.6804      0.202      0.293    18.5860 0.0000e+00
      0.207      0.001     8.6354     92.489     29.550  25.761207    14.0991      8.109   260.3938 7.6321e+01     6.7572      0.203      0.294    18.5861 0.0000e+00
      0.207      0.000     8.6453     92.570     29.550  25.761661    14.1046      8.111   260.3922 7.6824e+01     6.7746      0.203      0.294    18.5861 0.0000e+00
      0.207 5.5571e-08     8.6451     92.611     29.569  25.778224    14.1709      8.112   260.5051 7.7238e+01     6.7198      0.203      0.294    18.5860 0.0000e+00
      0.206 6.1128e-07     8.6432     92.607     29.561  25.771209    14.3181      8.113   260.5533 7.7463e+01     6.6420      0.202      0.293    18.5857 0.0000e+00
      0.206      0.000     8.6493     92.572     29.525  25.740268    14.4116      8.114   260.5451 7.7451e+01     6.6538      0.202      0.293    18.5852 0.0000e+00
      0.206      0.000     8.6614     92.515     29.503  25.721209    14.4350      8.114   260.5773 7.7240e+01     6.7597      0.203      0.294    18.5847 0.0000e+00
      0.206      0.001     8.6637     92.466     29.513  25.731029    14.3764      8.113   260.5989 7.7011e+01     6.7268      0.202      0.293    18.5848 0.0000e+00
      0.207      0.001     8.6627     92.425     29.514  25.732163    14.2439      8.112   260.6349 7.6856e+01     6.5976      0.203      0.294    18.5853 0.0000e+00
      0.207      0.000     8.6604     92.405     29.517  25.734921    14.1893      8.112   260.6688 7.6802e+01     6.5976      0.203      0.294    18.5856 0.0000e+00
      0.208      0.000     8.6517     92.410     29.551  25.764375    14.2410      8.113   260.6641 7.6961e+01     6.6251      0.204      0.295    18.5865 0.0000e+00
      0.208     -0.001     8.6489     92.421     29.559  25.771199    14.5372      8.113   260.6646 7.7418e+01     6.5881      0.204      0.296    18.5877 0.0000e+00
      0.207     -0.001     8.6436     92.458     29.540  25.754010    15.0399      8.114   260.6736 7.8057e+01     6.4923      0.203      0.294    18.5884 0.0000e+00
      0.206      0.000     8.6408     92.514     29.532  25.746799    15.3008      8.116   260.6870 7.8708e+01     6.4227      0.202      0.293    18.5885 0.0000e+00
      0.206      0.000     8.6440     92.541     29.533  25.747433    15.2938      8.117   260.7410 7.9146e+01     6.4647      0.201      0.292    18.5884 0.0000e+00
      0.206      0.001     8.6427     92.543     29.550  25.761667    14.9392      8.118   260.8105 7.9156e+01     6.4873      0.202      0.293    18.5878 0.0000e+00
      0.207      0.002     8.6462     92.528     29.585  25.792071    14.2679      8.119   260.8383 7.8910e+01     6.4225      0.202      0.293    18.5875 0.0000e+00
      0.208      0.003     8.6552     92.483     29.592  25.797950    13.8937      8.120   260.8189 7.8668e+01     6.3636      0.204      0.295    18.5873 0.0000e+00
      0.209      0.003     8.6561     92.435     29.560  25.769333    13.8434      8.122   260.8343 7.8481e+01     6.3910      0.205      0.297    18.5868 0.0000e+00
      0.210      0.003     8.6559     92.401     29.554  25.763148    13.8015      8.125   260.9385 7.8314e+01     6.5488      0.206      0.298    18.5861 0.0000e+00
      0.210      0.003     8.6564     92.356     29.582  25.786596    13.7374      8.125   260.9607 7.8235e+01     6.6663      0.206      0.299    18.5855 0.0000e+00
      0.211      0.003     8.6502     92.280     29.598  25.799166    13.6843      8.125   260.8433 7.8377e+01     6.6494      0.206      0.299    18.5852 0.0000e+00
      0.212      0.002     8.6451     92.199     29.588  25.788288    13.6749      8.126   260.7248 7.8636e+01     6.6868      0.208      0.301    18.5840 0.0000e+00
      0.213      0.002     8.6435     92.123     29.581  25.781903    13.7069      8.127   260.7326 7.8973e+01     6.7423      0.209      0.303    18.5824 0.0000e+00
      0.213      0.001     8.6412     92.020     29.586  25.785383    13.9712      8.127   260.9374 7.9449e+01     6.7401      0.209      0.303    18.5808 0.0000e+00
      0.213      0.000     8.6325     91.894     29.565  25.766944    14.4483      8.128   261.1362 7.9900e+01     6.7276      0.209      0.303    18.5777 0.0000e+00
      0.213      0.000     8.6249     91.789     29.544  25.749220    14.6978      8.130   261.1570 8.0153e+01     6.6938      0.209      0.303    18.5745 0.0000e+00
      0.212     -0.001     8.6203     91.723     29.556  25.761335    14.7242      8.133   261.1028 8.0264e+01     6.7075      0.208      0.302    18.5736 0.0000e+00
      0.212     -0.001     8.6104     91.653     29.584  25.786588    14.7848      8.135   261.0830 8.0290e+01     6.7561      0.208      0.302    18.5725 0.0000e+00
      0.212      0.000     8.5971     91.578     29.600  25.800879    14.8557      8.135   261.0902 8.0189e+01     6.7354      0.208      0.302    18.5715 0.0000e+00
      0.212 4.7311e-07     8.5853     91.570     29.608  25.807290    14.8737      8.136   261.1041 8.0032e+01     6.6623      0.208      0.302    18.5733 0.0000e+00
