Data/DataNotYetUploadedToEDI/Raw_CTD/RawDownloads/051225_fcr50_S7809004.cnv
* Sea-Bird SBE19plus  Data File:
* FileName = C:\R\Reservoirs\Data\DataNotYetUploadedToEDI\Raw_CTD\RawDownloads\050525_fcr50_S7809_0004.hex
* Software version 2.8.0.119
* Temperature SN = 7809
* Conductivity SN = 7809
* System UpLoad Time = May 17 2025 20:01:48
* <ApplicationData>
* <Seaterm232>
# nquan = 15
# nvalues = 1774                        
# units = specified
# name 0 = depFM: Depth [fresh water, m]
# name 1 = dz/dtM: Descent Rate [m/s]
# name 2 = sbeox0Mg/L: Oxygen, SBE 43 [mg/l]
# name 3 = sbeox0PS: Oxygen, SBE 43 [% saturation]
# name 4 = specc: Specific Conductance [uS/cm]
# name 5 = c0uS/cm: Conductivity [uS/cm]
# name 6 = flECO-AFL: Fluorescence, WET Labs ECO-AFL/FL [mg/m^3]
# name 7 = ph: pH
# name 8 = orp: Oxidation Reduction Potential [mV]
# name 9 = par/sat/log: PAR/Logarithmic, Satlantic
# name 10 = turbWETntu0: Turbidity, WET Labs ECO [NTU]
# name 11 = prdM: Pressure, Strain Gauge [db]
# name 12 = prdE: Pressure, Strain Gauge [psi]
# name 13 = tv290C: Temperature [ITS-90, deg C]
# name 14 = flag:  0.000e+00
# span 0 =     -0.598,      9.527       
# span 1 =     -0.650,      0.289       
# span 2 =     2.2866,    12.5117       
# span 3 =     21.582,    109.800       
# span 4 =      0.516,    303.502       
# span 5 =   0.422150, 210.382965       
# span 6 =    -0.1438,     9.4678       
# span 7 =      6.546,      8.469       
# span 8 =   208.7761,   445.0090       
# span 9 = 1.2363e-01, 2.6812e+02       
# span 10 =     1.1358,   282.3174      
# span 11 =     -0.587,      9.345      
# span 12 =     -0.851,     13.553      
# span 13 =     9.6300,    19.2791      
# span 14 = 0.0000e+00, 0.0000e+00      
# interval = seconds: 0.25
# start_time = May 12 2025 12:21:44 [Instrument's time stamp, header]
# bad_flag = -9.990e-29
*END*
[from data line 1446]
      8.629      0.034    11.1545     98.244     37.343  25.971319     1.6341      7.686   305.4937 1.2376e-01     4.0747      8.462     12.273     9.7673 0.0000e+00
      8.634      0.030    11.1512     98.225     37.343  25.971310     1.6731      7.686   305.1553 1.2379e-01     4.1294      8.466     12.278     9.7674 0.0000e+00
      8.641      0.028    11.1478     98.192     37.362  25.983785     1.6788      7.686   304.7307 1.2391e-01     4.1823      8.474     12.290     9.7693 0.0000e+00
      8.648      0.028    11.1473     98.170     37.378  25.995317     1.6946      7.686   304.7469 1.2397e-01     4.0989      8.481     12.301     9.7715 0.0000e+00
      8.656      0.027    11.1502     98.168     37.361  25.983898     1.7135      7.686   305.0072 1.2391e-01     3.8721      8.487     12.309     9.7722 0.0000e+00
      8.666      0.025    11.1471     98.178     37.346  25.972566     1.7333      7.685   305.2109 1.2383e-01     3.7629      8.499     12.326     9.7707 0.0000e+00
      8.674      0.021    11.1421     98.180     37.366  25.985146     1.7594      7.685   305.4032 1.2375e-01     3.8709      8.510     12.342     9.7700 0.0000e+00
      8.678      0.019    11.1396     98.185     37.401  26.009152     1.7705      7.686   305.6115 1.2372e-01     3.9829      8.511     12.344     9.7714 0.0000e+00
      8.679      0.019    11.1386     98.200     37.401  26.009143     1.7683      7.686   305.4927 1.2378e-01     3.9902      8.510     12.343     9.7722 0.0000e+00
      8.680      0.020    11.1422     98.205     37.365  25.985032     1.7656      7.685   304.9986 1.2380e-01     3.9591      8.512     12.345     9.7709 0.0000e+00
      8.684      0.023    11.1422     98.221     37.344  25.971309     1.7797      7.685   304.8000 1.2375e-01     4.0172      8.514     12.348     9.7690 0.0000e+00
      8.691      0.026    11.1410     98.257     37.341  25.970062     1.8227      7.685   304.9844 1.2382e-01     4.1122      8.521     12.358     9.7674 0.0000e+00
      8.703      0.028    11.1469     98.273     37.341  25.969958     1.8521      7.685   305.1633 1.2392e-01     4.0827      8.536     12.380     9.7671 0.0000e+00
      8.714      0.028    11.1441     98.266     37.341  25.970052     1.8517      7.685   305.3278 1.2388e-01     4.0705      8.549     12.398     9.7684 0.0000e+00
      8.720      0.028    11.1441     98.252     37.342  25.971204     1.8514      7.686   305.5109 1.2383e-01     4.1690      8.551     12.402     9.7706 0.0000e+00
      8.725      0.032    11.1519     98.232     37.359  25.983887     1.7910      7.686   305.3127 1.2380e-01     4.2150      8.555     12.408     9.7720 0.0000e+00
      8.730      0.042    11.1526     98.216     37.377  25.996562     1.6536      7.686   304.7379 1.2375e-01     4.1485      8.563     12.419     9.7720 0.0000e+00
      8.735      0.056    11.1506     98.218     37.379  25.997610     1.5641      7.686   304.4121 1.2372e-01     4.0481      8.563     12.420     9.7719 0.0000e+00
      8.746      0.068    11.1500     98.232     37.378  25.996564     1.5571      7.686   304.4706 1.2368e-01     4.0601      8.569     12.429     9.7722 0.0000e+00
      8.772      0.074    11.1467     98.252     37.361  25.983899     1.5601      7.685   304.7573 1.2369e-01     4.1222      8.599     12.472     9.7731 0.0000e+00
      8.806      0.074    11.1433     98.272     37.344  25.971320     1.5179      7.684   305.1248 1.2376e-01     4.1164      8.639     12.530     9.7740 0.0000e+00
      8.834      0.068    11.1449     98.284     37.344  25.971320     1.4545      7.684   305.3869 1.2382e-01     4.1600      8.667     12.571     9.7737 0.0000e+00
      8.849      0.057    11.1463     98.262     37.362  25.983900     1.4268      7.684   305.2587 1.2386e-01     4.2401      8.681     12.591     9.7725 0.0000e+00
      8.855      0.044    11.1499     98.205     37.380  25.996575     1.4318      7.684   304.7793 1.2383e-01     4.2995      8.685     12.596     9.7714 0.0000e+00
      8.857      0.036    11.1513     98.139     37.381  25.997737     1.4315      7.684   304.4948 1.2378e-01     4.3315      8.685     12.597     9.7710 0.0000e+00
      8.860      0.035    11.1549     98.087     37.382  25.997946     1.4075      7.684   304.4856 1.2378e-01     4.2851      8.689     12.602     9.7712 0.0000e+00
      8.866      0.038    11.1525     98.045     37.386  25.999099     1.3828      7.684   304.6687 1.2382e-01     4.2516      8.692     12.607     9.7711 0.0000e+00
      8.879      0.041    11.1442     97.999     37.406  26.011680     1.3825      7.684   304.9019 1.2387e-01     4.3018      8.704     12.625     9.7711 0.0000e+00
      8.899      0.041    11.1357     97.964     37.423  26.023220     1.4289      7.684   304.9815 1.2387e-01     4.3111      8.728     12.659     9.7718 0.0000e+00
      8.916      0.040    11.1298     97.947     37.406  26.011794     1.4942      7.685   304.9439 1.2380e-01     4.1934      8.749     12.689     9.7722 0.0000e+00
      8.924      0.036    11.1275     97.919     37.389  26.000368     1.5067      7.685   304.8773 1.2379e-01     4.0746      8.755     12.698     9.7698 0.0000e+00
      8.925      0.031    11.1216     97.882     37.407  26.011899     1.4962      7.684   304.8633 1.2383e-01     4.0700      8.751     12.692     9.7668 0.0000e+00
      8.927      0.026    11.1166     97.871     37.426  26.024374     1.5582      7.683   304.7755 1.2380e-01     4.1368      8.752     12.693     9.7665 0.0000e+00
      8.937      0.023    11.1165     97.867     37.426  26.024364     1.6496      7.683   304.6760 1.2376e-01     4.1318      8.764     12.711     9.7673 0.0000e+00
      8.948      0.022    11.1143     97.857     37.408  26.011775     1.6681      7.683   304.7790 1.2377e-01     4.0428      8.778     12.732     9.7679 0.0000e+00
      8.954      0.021    11.1057     97.840     37.389  25.999006     1.6494      7.683   305.0744 1.2376e-01     3.9830      8.782     12.736     9.7667 0.0000e+00
      8.956      0.018    11.1085     97.817     37.385  25.996814     1.6154      7.682   305.3221 1.2375e-01     4.0579      8.781     12.737     9.7651 0.0000e+00
      8.960      0.017    11.1077     97.815     37.367  25.985273     1.5557      7.682   305.2795 1.2378e-01     4.2655      8.787     12.744     9.7650 0.0000e+00
      8.963      0.019    11.1056     97.827     37.368  25.986313     1.5102      7.682   305.0754 1.2379e-01     4.3758      8.791     12.750     9.7660 0.0000e+00
      8.963      0.023    11.1058     97.828     37.402  26.009384     1.4815      7.682   304.9184 1.2374e-01     4.3319      8.789     12.747     9.7664 0.0000e+00
      8.968      0.028    11.0991     97.802     37.405  26.010536     1.4675      7.682   304.8445 1.2371e-01     4.2811      8.791     12.750     9.7665 0.0000e+00
      8.979      0.034    11.1007     97.748     37.392  26.000243     1.4651      7.683   304.7840 1.2371e-01     4.2408      8.804     12.770     9.7678 0.0000e+00
      8.992      0.045    11.1019     97.677     37.411  26.011773     1.4779      7.683   304.9616 1.2373e-01     4.2208      8.822     12.795     9.7688 0.0000e+00
      9.002      0.059    11.1041     97.632     37.428  26.023106     1.4978      7.683   305.3570 1.2374e-01     4.2430      8.830     12.806     9.7683 0.0000e+00
      9.010      0.069    11.1002     97.631     37.409  26.010424     1.4893      7.683   305.4349 1.2369e-01     4.2357      8.832     12.809     9.7665 0.0000e+00
      9.030      0.077    11.0953     97.632     37.373  25.985274     1.4409      7.683   305.2152 1.2372e-01     4.3041      8.850     12.835     9.7645 0.0000e+00
      9.060      0.085    11.0856     97.669     37.355  25.972704     1.3703      7.682   305.0236 1.2382e-01     4.4895      8.886     12.888     9.7628 0.0000e+00
      9.088      0.092    11.0775     97.734     37.374  25.985274     1.3265      7.682   304.9249 1.2381e-01     4.5637      8.916     12.932     9.7620 0.0000e+00
      9.109      0.093    11.0844     97.784     37.411  26.010424     1.3281      7.681   304.7960 1.2378e-01     4.5863      8.931     12.954     9.7621 0.0000e+00
      9.131      0.088    11.0782     97.820     37.431  26.023098     1.3643      7.681   304.8417 1.2379e-01     4.8323      8.950     12.982     9.7622 0.0000e+00
      9.158      0.080    11.0838     97.839     37.416  26.011671     1.3982      7.682   305.2200 1.2378e-01     5.2153      8.983     13.029     9.7623 0.0000e+00
      9.181      0.073    11.0957     97.844     37.399  25.999101     1.3886      7.683   305.4983 1.2373e-01     5.3560      9.010     13.068     9.7614 0.0000e+00
      9.194      0.065    11.0988     97.825     37.398  25.997959     1.3648      7.683   305.5390 1.2371e-01     5.2698      9.016     13.076     9.7599 0.0000e+00
      9.205      0.055    11.1051     97.771     37.398  25.997864     1.3683      7.682   305.3672 1.2378e-01     5.3689      9.022     13.085     9.7587 0.0000e+00
      9.222      0.045    11.1063     97.683     37.398  25.997959     1.3883      7.682   304.9707 1.2389e-01     5.6660      9.046     13.120     9.7578 0.0000e+00
      9.235      0.040    11.1080     97.557     37.400  25.999102     1.3906      7.681   304.7023 1.2390e-01     5.7874      9.062     13.143     9.7570 0.0000e+00
      9.239      0.038    11.1068     97.413     37.418  26.011683     1.3801      7.680   304.8755 1.2386e-01     5.7437      9.060     13.140     9.7563 0.0000e+00
      9.242      0.033    11.0995     97.287     37.435  26.023233     1.3863      7.679   305.3435 1.2380e-01     5.8898      9.060     13.140     9.7560 0.0000e+00
      9.253      0.028    11.0915     97.202     37.419  26.011910     1.4150      7.680   305.5425 1.2376e-01     6.1874      9.073     13.160     9.7557 0.0000e+00
      9.267      0.026    11.0753     97.152     37.404  26.001617     1.4440      7.680   305.3034 1.2384e-01     6.2672      9.091     13.186     9.7556 0.0000e+00
      9.274      0.027    11.0577     97.117     37.439  26.025624     1.4457      7.680   304.9476 1.2385e-01     6.1717      9.098     13.195     9.7553 0.0000e+00
      9.274      0.027    11.0424     97.112     37.472  26.048486     1.4359      7.680   304.5100 1.2377e-01     6.1941      9.095     13.190     9.7549 0.0000e+00
      9.276      0.027    11.0327     97.139     37.438  26.024366     1.4923      7.680   303.9699 1.2376e-01     6.7769      9.093     13.190     9.7549 0.0000e+00
      9.284      0.030    11.0296     97.192     37.385  25.987676     1.6200      7.680   303.7514 1.2380e-01     7.8214      9.103     13.204     9.7548 0.0000e+00
      9.296      0.035    11.0230     97.257     37.381  25.985388     1.6973      7.680   304.0195 1.2385e-01     8.5751      9.118     13.224     9.7550 0.0000e+00
      9.306      0.041    11.0233     97.303     37.398  25.996712     1.7611      7.679   304.3724 1.2388e-01    11.0387      9.127     13.237     9.7549 0.0000e+00
      9.315      0.043    11.0264     97.320     37.399  25.997750     2.5492      7.678   304.5771 1.2385e-01    37.9847      9.134     13.248     9.7547 0.0000e+00
      9.328      0.041    11.0324     97.307     37.399  25.997939     4.0108      7.678   304.6015 1.2387e-01    87.4382      9.147     13.267     9.7546 0.0000e+00
      9.342      0.037    11.0426     97.290     37.401  25.998997     4.7924      7.678   304.4955 1.2387e-01   114.7246      9.163     13.290     9.7547 0.0000e+00
      9.353      0.033    11.0467     97.283     37.418  26.010539     4.8427      7.678   304.4144 1.2381e-01   120.9630      9.174     13.305     9.7548 0.0000e+00
      9.360      0.029    11.0502     97.278     37.418  26.010644     4.8602      7.678   304.5672 1.2381e-01   163.3106      9.180     13.314     9.7547 0.0000e+00
      9.364      0.024    11.0466     97.279     37.403  26.000260     4.9029      7.678   304.7941 1.2385e-01   240.6072      9.183     13.319     9.7550 0.0000e+00
      9.367      0.020    11.0433     97.274     37.419  26.011833     4.9269      7.678   304.8348 1.2387e-01   282.3174      9.186     13.323     9.7551 0.0000e+00
      9.372      0.018    11.0448     97.259     37.436  26.023739     4.8166      7.678   304.8878 1.2389e-01   280.2568      9.191     13.330     9.7547 0.0000e+00
      9.378      0.018    11.0421     97.223     37.426  26.017369     3.5619      7.677   305.0038 1.2387e-01   215.6246      9.197     13.339     9.7546 0.0000e+00
      9.383      0.019    11.0440     97.138     37.489  26.061664     1.2916      7.677   305.0324 1.2382e-01    96.6640      9.202     13.346     9.7547 0.0000e+00
      9.387      0.020    11.0435     97.045     38.387  26.686142     0.0726      7.677   304.8037 1.2379e-01    31.7889      9.205     13.352     9.7551 0.0000e+00
      9.391      0.022    11.0408     97.003     47.737  33.187342    -0.0324      7.677   304.3037 1.2382e-01    25.4633      9.208     13.357     9.7555 0.0000e+00
      9.397      0.026    11.0401     96.996     89.866  62.472834    -0.0525      7.677   303.9768 1.2381e-01    20.0443      9.215     13.365     9.7559 0.0000e+00
      9.403      0.031    11.0276     97.013    154.242 107.204729    -0.0629      7.676   303.7769 1.2382e-01    11.0522      9.221     13.375     9.7563 0.0000e+00
      9.409      0.034    11.0125     97.040    190.909 132.639410    -0.0665      7.676   303.5209 1.2388e-01     6.1701      9.224     13.379     9.7573 0.0000e+00
      9.420      0.036    11.0105     97.016    198.415 137.789706    -0.0792      7.677   303.2913 1.2388e-01     5.7292      9.235     13.394     9.7579 0.0000e+00
      9.435      0.037    11.0084     96.881    201.054 139.572218    -0.0920      7.677   302.8932 1.2386e-01     5.6531      9.255     13.423     9.7595 0.0000e+00
      9.447      0.037    11.0066     96.537    203.049 140.926260    -0.0881      7.676   302.4937 1.2381e-01     5.4886      9.267     13.441     9.7562 0.0000e+00
      9.453      0.035    11.0185     95.890    205.144 142.361945    -0.0811      7.676   302.1604 1.2377e-01     5.2438      9.270     13.446     9.7380 0.0000e+00
      9.458      0.032    11.0212     94.936    207.674 144.110201    -0.0835      7.676   301.9612 1.2382e-01     5.0847      9.273     13.449     9.7181 0.0000e+00
      9.467      0.030    11.0138     93.749    210.476 146.052911    -0.0919      7.676   302.0636 1.2385e-01     4.9312      9.284     13.465     9.7062 0.0000e+00
      9.477      0.028    10.9818     92.425    212.526 147.478005    -0.0900      7.676   302.2802 1.2380e-01     4.2765      9.294     13.481     9.6990 0.0000e+00
      9.483      0.028    10.9082     91.090    213.467 148.134534    -0.0698      7.677   302.5151 1.2377e-01     3.2141      9.298     13.487     9.6950 0.0000e+00
      9.490      0.028    10.7976     89.872    213.447 148.121045    -0.0468      7.677   302.7526 1.2376e-01     2.6416      9.305     13.498     9.6933 0.0000e+00
      9.497      0.027    10.6574     88.795    212.302 147.314855    -0.0461      7.676   303.0010 1.2379e-01     2.5121      9.314     13.509     9.6935 0.0000e+00
      9.503      0.025    10.5045     87.898    211.145 146.489892    -0.0521      7.675   303.1099 1.2380e-01     2.1268      9.319     13.516     9.6940 0.0000e+00
      9.509      0.022    10.3420     87.233    211.387 146.632104    -0.0445      7.675   302.8640 1.2378e-01     1.5353      9.324     13.523     9.6954 0.0000e+00
      9.517      0.019    10.2076     86.731    212.952 147.694484    -0.0454      7.675   302.4370 1.2375e-01     1.2019      9.333     13.537     9.6963 0.0000e+00
      9.523      0.016    10.0834     86.293    215.140 149.190439    -0.0462      7.676   302.0774 1.2375e-01     1.1358      9.339     13.546     9.6934 0.0000e+00
      9.526      0.011     9.9777     85.832    217.599 150.873630    -0.0461      7.676   301.9571 1.2379e-01     1.1453      9.340     13.548     9.6873 0.0000e+00
