Data/DataNotYetUploadedToEDI/Raw_CTD/RawDownloads/051222_fcr50_0010.cnv
* Sea-Bird SBE19plus  Data File:
* FileName = C:\R\Reservoirs\Data\DataNotYetUploadedToEDI\Raw_CTD\RawDownloads\051222_fcr50_0010.hex
* Software version 2.8.0.119
* Temperature SN = 7809
* Conductivity SN = 7809
* System UpLoad Time = May 13 2022 11:17:11
* <ApplicationData>
* <Seaterm232>
# nquan = 15
# nvalues = 3574                        
# units = specified
# name 0 = depFM: Depth [fresh water, m]
# name 1 = dz/dtM: Descent Rate [m/s]
# name 2 = sbeox0Mg/L: Oxygen, SBE 43 [mg/l]
# name 3 = sbeox0PS: Oxygen, SBE 43 [% saturation]
# name 4 = specc: Specific Conductance [uS/cm]
# name 5 = c0uS/cm: Conductivity [uS/cm]
# name 6 = flECO-AFL: Fluorescence, WET Labs ECO-AFL/FL [mg/m^3]
# name 7 = ph: pH
# name 8 = orp: Oxidation Reduction Potential [mV]
# name 9 = par/sat/log: PAR/Logarithmic, Satlantic
# name 10 = turbWETntu0: Turbidity, WET Labs ECO [NTU]
# name 11 = prdM: Pressure, Strain Gauge [db]
# name 12 = prdE: Pressure, Strain Gauge [psi]
# name 13 = tv290C: Temperature [ITS-90, deg C]
# name 14 = flag:  0.000e+00
# span 0 =     -0.621,      9.727       
# span 1 =     -4.504,      1.784       
# span 2 =     0.0450,    12.0797       
# span 3 =      0.388,    111.667       
# span 4 =      0.200,    302.730       
# span 5 =   0.182389, 201.022262       
# span 6 =    -0.1704,   105.9277       
# span 7 =     -2.671,     12.363       
# span 8 = -1240.7455,  1240.2023       
# span 9 = 1.2358e-01, 6.2655e+02       
# span 10 =    -0.4053,   377.1173      
# span 11 =     -0.609,      9.539      
# span 12 =     -0.883,     13.835      
# span 13 =     8.1881,    20.7837      
# span 14 = 0.0000e+00, 0.0000e+00      
# interval = seconds: 0.25
# start_time = May 12 2022 12:33:19 [Instrument's time stamp, header]
# bad_flag = -9.990e-29
*END*
[from data line 2410]
      7.434      0.008     0.0705      0.583     44.340  29.672005     5.6447      6.557   273.3921 1.2374e-01     4.6059      7.289     10.572     8.4423 0.0000e+00
      7.438      0.008     0.0678      0.602     44.318  29.660811     5.6484      6.557   272.7410 1.2375e-01     4.6001      7.293     10.578     8.4454 0.0000e+00
      7.442      0.009     0.0683      0.619     44.353  29.685970     5.6778      6.557   272.0117 1.2381e-01     4.5667      7.299     10.586     8.4455 0.0000e+00
      7.445      0.010     0.0655      0.629     44.408  29.722628     5.7493      6.557   271.2853 1.2381e-01     4.6127      7.301     10.589     8.4510 0.0000e+00
      7.446      0.010     0.0684      0.627     44.411  29.723666     5.7978      6.557   270.7549 1.2380e-01     4.6772      7.301     10.589     8.4588 0.0000e+00
      7.447      0.010     0.0706      0.623     44.376  29.698516     5.8063      6.557   270.5038 1.2380e-01     4.6633      7.303     10.592     8.4628 0.0000e+00
      7.450      0.009     0.0725      0.616     44.338  29.672131     5.7940      6.557   270.2274 1.2379e-01     4.6153      7.306     10.597     8.4642 0.0000e+00
      7.454      0.008     0.0749      0.601     44.318  29.658217     5.7236      6.556   269.7367 1.2379e-01     4.5755      7.310     10.602     8.4641 0.0000e+00
      7.456      0.007     0.0729      0.586     44.317  29.657075     5.6213      6.555   269.3882 1.2377e-01     4.5925      7.313     10.607     8.4628 0.0000e+00
      7.457      0.005     0.0735      0.569     44.321  29.658321     5.5810      6.555   269.1118 1.2370e-01     4.6497      7.314     10.608     8.4606 0.0000e+00
      7.457      0.004     0.0727      0.562     44.346  29.673284     5.5778      6.555   268.5465 1.2365e-01     4.6863      7.313     10.607     8.4590 0.0000e+00
      7.458      0.004     0.0700      0.572     44.406  29.711208     5.5657      6.556   268.2313 1.2370e-01     4.7612      7.314     10.608     8.4586 0.0000e+00
      7.458      0.005     0.0689      0.578     44.450  29.736473     5.5590      6.556   268.3120 1.2377e-01     4.8728      7.314     10.608     8.4580 0.0000e+00
      7.459      0.006     0.0665      0.576     44.440  29.725185     5.5632      6.555   268.0600 1.2375e-01     4.9427      7.314     10.609     8.4569 0.0000e+00
      7.462      0.006     0.0645      0.570     44.411  29.701512     5.5829      6.555   267.5920 1.2369e-01     4.9228      7.316     10.613     8.4550 0.0000e+00
      7.465      0.007     0.0676      0.559     44.418  29.703819     5.6981      6.555   267.1284 1.2375e-01     4.7340      7.321     10.618     8.4527 0.0000e+00
      7.467      0.008     0.0684      0.562     44.495  29.753070     5.8992      6.554   266.4991 1.2389e-01     4.5052      7.323     10.621     8.4485 0.0000e+00
      7.468      0.008     0.0670      0.570     44.554  29.789840     6.0000      6.554   266.2633 1.2390e-01     4.4114      7.323     10.622     8.4419 0.0000e+00
      7.469      0.008     0.0683      0.559     44.523  29.768035     6.0014      6.554   266.6011 1.2379e-01     4.3851      7.323     10.621     8.4366 0.0000e+00
      7.472      0.008     0.0639      0.546     44.486  29.743009     5.9492      6.553   266.7975 1.2371e-01     4.3924      7.327     10.627     8.4342 0.0000e+00
      7.476      0.007     0.0655      0.547     44.481  29.740828     5.8272      6.553   266.7446 1.2371e-01     4.3965      7.332     10.635     8.4319 0.0000e+00
      7.478      0.007     0.0684      0.553     44.481  29.741669     5.7489      6.553   266.5641 1.2374e-01     4.4005      7.334     10.637     8.4287 0.0000e+00
      7.478      0.007     0.0652      0.561     44.496  29.753174     5.7439      6.553   266.2496 1.2377e-01     4.4756      7.333     10.636     8.4265 0.0000e+00
      7.479      0.006     0.0632      0.567     44.495  29.753153     5.7659      6.553   266.1257 1.2378e-01     4.5522      7.334     10.637     8.4276 0.0000e+00
      7.480      0.005     0.0640      0.554     44.475  29.741410     5.8068      6.552   266.4426 1.2379e-01     4.5753      7.335     10.639     8.4293 0.0000e+00
      7.482      0.005     0.0651      0.539     44.462  29.737985     5.8388      6.552   266.9837 1.2378e-01     4.5848      7.337     10.642     8.4298 0.0000e+00
      7.484      0.005     0.0648      0.532     44.414  29.711742     5.8541      6.552   267.2476 1.2374e-01     4.6328      7.340     10.646     8.4316 0.0000e+00
      7.485      0.005     0.0687      0.531     44.356  29.677690     5.8579      6.552   267.1388 1.2374e-01     4.6769      7.341     10.647     8.4314 0.0000e+00
      7.485      0.005     0.0642      0.544     44.394  29.706642     5.8517      6.553   266.7007 1.2379e-01     4.6397      7.340     10.646     8.4321 0.0000e+00
      7.486      0.007     0.0627      0.548     44.544  29.808218     5.8454      6.553   265.9074 1.2379e-01     4.5937      7.341     10.647     8.4396 0.0000e+00
      7.486      0.010     0.0630      0.541     44.671  29.891525     5.8399      6.552   265.0324 1.2378e-01     4.5984      7.341     10.648     8.4481 0.0000e+00
      7.487      0.014     0.0601      0.542     44.674  29.889770     5.8437      6.551   264.3811 1.2379e-01     4.6287      7.342     10.649     8.4529 0.0000e+00
      7.492      0.016     0.0652      0.544     44.618  29.850380     5.8834      6.551   263.7981 1.2377e-01     4.6189      7.346     10.653     8.4556 0.0000e+00
      7.501      0.016     0.0649      0.547     44.628  29.859033     5.9374      6.551   262.7155 1.2373e-01     4.5138      7.357     10.670     8.4589 0.0000e+00
      7.508      0.017     0.0623      0.554     44.732  29.930997     5.9556      6.551   261.0131 1.2372e-01     4.4164      7.366     10.684     8.4573 0.0000e+00
      7.511      0.019     0.0638      0.554     44.871  30.023147     5.9535      6.550   259.2186 1.2372e-01     4.4315      7.367     10.685     8.4491 0.0000e+00
      7.511      0.020     0.0639      0.544     44.969  30.085672     5.9368      6.550   257.4516 1.2375e-01     4.5263      7.365     10.682     8.4469 0.0000e+00
      7.514      0.020     0.0633      0.538     45.019  30.116420     5.8949      6.550   255.7377 1.2378e-01     4.6063      7.367     10.684     8.4513 0.0000e+00
      7.522      0.023     0.0657      0.543     45.247  30.268123     5.8554      6.551   254.9301 1.2374e-01     4.6127      7.376     10.697     8.4545 0.0000e+00
      7.532      0.029     0.0651      0.550     45.729  30.588554     5.8249      6.551   255.0852 1.2371e-01     4.6041      7.388     10.715     8.4544 0.0000e+00
      7.539      0.034     0.0638      0.547     45.993  30.757484     5.7679      6.550   255.2041 1.2372e-01     4.5706      7.394     10.724     8.4491 0.0000e+00
      7.544      0.035     0.0621      0.541     45.865  30.662303     5.6819      6.550   254.7328 1.2369e-01     4.4462      7.394     10.725     8.4449 0.0000e+00
      7.554      0.035     0.0633      0.522     45.843  30.642277     5.6337      6.550   253.1732 1.2365e-01     4.3637      7.406     10.741     8.4458 0.0000e+00
      7.569      0.036     0.0659      0.507     46.128  30.832339     5.6177      6.550   251.1452 1.2370e-01     4.3937      7.426     10.770     8.4466 0.0000e+00
      7.579      0.038     0.0629      0.515     46.374  30.994979     5.5137      6.549   249.8299 1.2380e-01     4.4327      7.436     10.785     8.4373 0.0000e+00
      7.582      0.038     0.0647      0.523     46.328  30.960393     5.3426      6.549   248.3687 1.2381e-01     4.4595      7.433     10.781     8.4217 0.0000e+00
      7.589      0.035     0.0615      0.525     46.271  30.921341     5.2550      6.549   246.2976 1.2379e-01     4.4451      7.439     10.789     8.4158 0.0000e+00
      7.604      0.034     0.0571      0.529     46.528  31.093391     5.2369      6.549   244.9217 1.2381e-01     4.3952      7.459     10.818     8.4197 0.0000e+00
      7.616      0.036     0.0613      0.529     46.789  31.265470     5.2235      6.549   244.3807 1.2384e-01     4.4023      7.474     10.839     8.4186 0.0000e+00
      7.620      0.037     0.0616      0.529     46.738  31.226753     5.2009      6.547   243.0267 1.2378e-01     4.4628      7.472     10.837     8.4107 0.0000e+00
      7.625      0.035     0.0612      0.525     46.599  31.132459     5.1714      6.546   240.6814 1.2373e-01     4.5109      7.472     10.838     8.4106 0.0000e+00
      7.640      0.031     0.0625      0.515     46.606  31.139764     5.1674      6.546   238.9967 1.2382e-01     4.4716      7.492     10.868     8.4136 0.0000e+00
      7.653      0.030     0.0618      0.505     46.770  31.251669     5.1601      6.546   238.4027 1.2382e-01     4.3637      7.510     10.892     8.4097 0.0000e+00
      7.657      0.029     0.0621      0.499     46.910  31.344306     5.0665      6.546   238.1445 1.2370e-01     4.3336      7.509     10.891     8.4020 0.0000e+00
      7.659      0.025     0.0620      0.498     46.860  31.308838     4.9189      6.545   237.5098 1.2365e-01     4.3812      7.507     10.889     8.4000 0.0000e+00
      7.666      0.020     0.0603      0.499     46.801  31.266627     4.8482      6.545   236.0637 1.2370e-01     4.3917      7.517     10.902     8.4055 0.0000e+00
      7.674      0.017     0.0591      0.500     46.916  31.341135     4.8445      6.545   234.1682 1.2376e-01     4.3927      7.529     10.919     8.4085 0.0000e+00
      7.679      0.017     0.0584      0.515     47.078  31.448908     4.8069      6.545   232.8312 1.2375e-01     4.3942      7.532     10.924     8.4079 0.0000e+00
      7.679      0.018     0.0579      0.530     47.140  31.491900     4.7430      6.544   232.2877 1.2367e-01     4.3754      7.529     10.921     8.4057 0.0000e+00
      7.680      0.017     0.0593      0.523     47.118  31.480543     4.7216      6.545   232.0707 1.2368e-01     4.4038      7.529     10.920     8.4013 0.0000e+00
      7.686      0.017     0.0573      0.506     47.053  31.438400     4.7221      6.545   231.7563 1.2379e-01     4.4303      7.535     10.930     8.3983 0.0000e+00
      7.694      0.019     0.0598      0.495     47.037  31.426157     4.7085      6.544   231.1535 1.2384e-01     4.3889      7.546     10.945     8.3986 0.0000e+00
      7.701      0.023     0.0641      0.491     47.087  31.459306     4.6975      6.542   230.3748 1.2381e-01     4.3469      7.553     10.956     8.4001 0.0000e+00
      7.703      0.025     0.0614      0.503     47.083  31.458801     4.7065      6.542   229.5690 1.2379e-01     4.3667      7.554     10.957     8.4044 0.0000e+00
      7.707      0.025     0.0590      0.513     47.022  31.420053     4.7251      6.543   228.8103 1.2378e-01     4.4234      7.555     10.958     8.4068 0.0000e+00
      7.716      0.025     0.0580      0.510     46.950  31.371209     4.7316      6.542   228.0842 1.2379e-01     4.4179      7.565     10.973     8.4033 0.0000e+00
      7.727      0.025     0.0566      0.515     46.957  31.375429     4.7350      6.541   227.4138 1.2383e-01     4.3681      7.580     10.994     8.4028 0.0000e+00
      7.733      0.025     0.0587      0.517     47.099  31.471082     4.7411      6.541   227.2439 1.2379e-01     4.3671      7.585     11.001     8.4066 0.0000e+00
      7.736      0.025     0.0618      0.509     47.256  31.576732     4.7551      6.540   227.3208 1.2373e-01     4.4062      7.585     11.001     8.4093 0.0000e+00
      7.741      0.023     0.0585      0.509     47.350  31.638435     4.7721      6.539   226.7953 1.2373e-01     4.4321      7.591     11.009     8.4080 0.0000e+00
      7.749      0.020     0.0607      0.518     47.365  31.646518     4.7712      6.538   226.1382 1.2379e-01     4.4752      7.598     11.020     8.4052 0.0000e+00
      7.756      0.019     0.0617      0.529     47.314  31.611060     4.7697      6.538   225.4851 1.2385e-01     4.5851      7.607     11.032     8.4069 0.0000e+00
      7.761      0.018     0.0587      0.529     47.283  31.590110     4.7784      6.538   224.6631 1.2383e-01     4.6679      7.613     11.042     8.4091 0.0000e+00
      7.763      0.017     0.0597      0.526     47.368  31.646822     4.7682      6.537   224.8036 1.2376e-01     4.6908      7.613     11.042     8.4072 0.0000e+00
      7.764      0.014     0.0601      0.533     47.488  31.726153     4.6375      6.536   225.6344 1.2374e-01     4.6567      7.613     11.041     8.4041 0.0000e+00
      7.769      0.011     0.0630      0.539     47.490  31.725085     4.4059      6.535   225.5879 1.2372e-01     4.5290      7.618     11.048     8.4028 0.0000e+00
      7.775      0.009     0.0622      0.525     47.454  31.697307     4.2813      6.535   224.9307 1.2371e-01     4.4103      7.626     11.060     8.4025 0.0000e+00
      7.777      0.008     0.0607      0.509     47.474  31.707296     4.2802      6.536   224.2268 1.2374e-01     4.3832      7.627     11.063     8.4034 0.0000e+00
      7.777      0.006     0.0627      0.516     47.494  31.719051     4.2597      6.536   223.4434 1.2372e-01     4.3724      7.625     11.059     8.4040 0.0000e+00
      7.777      0.003     0.0642      0.517     47.485  31.712635     4.1990      6.536   223.5469 1.2367e-01     4.3825      7.626     11.061     8.4000 0.0000e+00
      7.777      0.001     0.0626      0.504     47.456  31.693119     4.1617      6.535   224.4460 1.2370e-01     4.4367      7.628     11.063     8.3949 0.0000e+00
      7.777      0.001     0.0569      0.508     47.427  31.673295     4.1506      6.534   224.5912 1.2376e-01     4.4121      7.627     11.061     8.3922 0.0000e+00
      7.778      0.002     0.0615      0.523     47.413  31.663146     4.1728      6.534   223.9262 1.2374e-01     4.3582      7.627     11.063     8.3908 0.0000e+00
      7.778      0.003     0.0621      0.526     47.369  31.633804     4.2384      6.534   222.8591 1.2369e-01     4.3657      7.628     11.064     8.3910 0.0000e+00
      7.779      0.003     0.0574      0.518     47.276  31.572126     4.2786      6.534   221.4101 1.2371e-01     4.3665      7.628     11.063     8.3907 0.0000e+00
      7.780      0.004     0.0593      0.528     47.241  31.551416     4.2765      6.534   220.5172 1.2373e-01     4.3344      7.630     11.065     8.3892 0.0000e+00
      7.782      0.007     0.0616      0.538     47.268  31.573592     4.2625      6.533   220.4102 1.2379e-01     4.3184      7.631     11.068     8.3886 0.0000e+00
      7.782      0.009     0.0631      0.532     47.186  31.523264     4.2417      6.532   220.1154 1.2386e-01     4.3779      7.632     11.069     8.3890 0.0000e+00
      7.783      0.009     0.0589      0.527     47.071  31.450113     4.2247      6.532   219.3617 1.2386e-01     4.4394      7.632     11.069     8.3890 0.0000e+00
      7.788      0.011     0.0618      0.518     47.066  31.449931     4.2156      6.532   218.1798 1.2383e-01     4.4126      7.636     11.077     8.3908 0.0000e+00
      7.793      0.014     0.0650      0.503     47.075  31.457671     4.2067      6.532   216.8385 1.2381e-01     4.3615      7.644     11.087     8.3961 0.0000e+00
      7.795      0.016     0.0609      0.493     47.110  31.480293     4.1499      6.531   215.8786 1.2382e-01     4.3682      7.645     11.088     8.4019 0.0000e+00
      7.796      0.016     0.0626      0.492     47.191  31.533254     4.0453      6.530   215.2641 1.2377e-01     4.4257      7.643     11.085     8.4058 0.0000e+00
      7.802      0.015     0.0609      0.506     47.181  31.527409     3.9903      6.530   214.9148 1.2372e-01     4.4417      7.650     11.094     8.4086 0.0000e+00
      7.811      0.014     0.0586      0.514     47.095  31.473025     3.9851      6.530   214.6672 1.2375e-01     4.3904      7.661     11.112     8.4110 0.0000e+00
      7.816      0.012     0.0581      0.517     47.050  31.446315     3.9571      6.530   214.2477 1.2375e-01     4.4205      7.666     11.119     8.4103 0.0000e+00
