Data/DataNotYetUploadedToEDI/Raw_CTD/RawDownloads/051222_fcr50_0010.cnv
* Sea-Bird SBE19plus  Data File:
* FileName = C:\R\Reservoirs\Data\DataNotYetUploadedToEDI\Raw_CTD\RawDownloads\051222_fcr50_0010.hex
* Software version 2.8.0.119
* Temperature SN = 7809
* Conductivity SN = 7809
* System UpLoad Time = May 13 2022 11:17:11
* <ApplicationData>
* <Seaterm232>
# nquan = 15
# nvalues = 3574                        
# units = specified
# name 0 = depFM: Depth [fresh water, m]
# name 1 = dz/dtM: Descent Rate [m/s]
# name 2 = sbeox0Mg/L: Oxygen, SBE 43 [mg/l]
# name 3 = sbeox0PS: Oxygen, SBE 43 [% saturation]
# name 4 = specc: Specific Conductance [uS/cm]
# name 5 = c0uS/cm: Conductivity [uS/cm]
# name 6 = flECO-AFL: Fluorescence, WET Labs ECO-AFL/FL [mg/m^3]
# name 7 = ph: pH
# name 8 = orp: Oxidation Reduction Potential [mV]
# name 9 = par/sat/log: PAR/Logarithmic, Satlantic
# name 10 = turbWETntu0: Turbidity, WET Labs ECO [NTU]
# name 11 = prdM: Pressure, Strain Gauge [db]
# name 12 = prdE: Pressure, Strain Gauge [psi]
# name 13 = tv290C: Temperature [ITS-90, deg C]
# name 14 = flag:  0.000e+00
# span 0 =     -0.621,      9.727       
# span 1 =     -4.504,      1.784       
# span 2 =     0.0450,    12.0797       
# span 3 =      0.388,    111.667       
# span 4 =      0.200,    302.730       
# span 5 =   0.182389, 201.022262       
# span 6 =    -0.1704,   105.9277       
# span 7 =     -2.671,     12.363       
# span 8 = -1240.7455,  1240.2023       
# span 9 = 1.2358e-01, 6.2655e+02       
# span 10 =    -0.4053,   377.1173      
# span 11 =     -0.609,      9.539      
# span 12 =     -0.883,     13.835      
# span 13 =     8.1881,    20.7837      
# span 14 = 0.0000e+00, 0.0000e+00      
# interval = seconds: 0.25
# start_time = May 12 2022 12:33:19 [Instrument's time stamp, header]
# bad_flag = -9.990e-29
*END*
[from data line 2603]
      8.308      0.063     0.0601      0.521     50.848  33.956550     3.1579      6.514   159.2259 1.2375e-01     3.9053      8.158     11.833     8.4015 0.0000e+00
      8.319      0.065     0.0615      0.518     51.500  34.393349     3.1613      6.514   160.0396 1.2379e-01     3.9136      8.164     11.840     8.3929 0.0000e+00
      8.318      0.061     0.0594      0.524     51.699  34.522489     3.1684      6.514   160.2551 1.2383e-01     3.9725      8.152     11.822     8.3819 0.0000e+00
      8.327      0.052     0.0614      0.521     51.393  34.313193     3.1527      6.514   159.6814 1.2388e-01     3.9691      8.159     11.835     8.3822 0.0000e+00
      8.351      0.047     0.0617      0.508     51.239  34.208922     3.1214      6.513   158.7810 1.2391e-01     3.9408      8.190     11.879     8.3898 0.0000e+00
      8.373      0.047     0.0593      0.505     51.812  34.593355     3.1144      6.512   157.8009 1.2387e-01     3.9716      8.216     11.917     8.3910 0.0000e+00
      8.384      0.050     0.0625      0.503     53.038  35.410349     3.1260      6.512   157.6400 1.2382e-01     4.0005      8.225     11.929     8.3869 0.0000e+00
      8.386      0.053     0.0620      0.504     54.270  36.224073     3.1369      6.512   158.2116 1.2378e-01     3.9817      8.223     11.926     8.3797 0.0000e+00
      8.391      0.057     0.0580      0.502     54.994  36.695566     3.1463      6.512   158.3451 1.2374e-01     3.9160      8.226     11.931     8.3778 0.0000e+00
      8.405      0.063     0.0599      0.487     55.258  36.862296     3.1473      6.511   157.8779 1.2374e-01     3.8894      8.239     11.950     8.3829 0.0000e+00
      8.428      0.069     0.0586      0.487     55.241  36.844812     3.1582      6.511   157.2088 1.2375e-01     3.9324      8.263     11.984     8.3830 0.0000e+00
      8.455      0.069     0.0585      0.499     55.085  36.737823     3.1773      6.510   156.7933 1.2371e-01     3.9580      8.291     12.026     8.3732 0.0000e+00
      8.481      0.063     0.0608      0.500     55.045  36.710203     3.1789      6.508   156.7258 1.2374e-01     3.9262      8.320     12.067     8.3600 0.0000e+00
      8.498      0.052     0.0557      0.495     55.125  36.764533     3.1704      6.508   156.4797 1.2387e-01     3.8890      8.339     12.094     8.3511 0.0000e+00
      8.505      0.039     0.0562      0.479     55.118  36.760555     3.1570      6.508   155.9691 1.2390e-01     3.9171      8.343     12.101     8.3462 0.0000e+00
      8.506      0.026     0.0601      0.467     54.971  36.662100     3.1671      6.508   155.4564 1.2384e-01     3.9936      8.341     12.097     8.3432 0.0000e+00
      8.508      0.017     0.0582      0.475     54.766  36.525372     3.2008      6.507   154.9261 1.2380e-01     4.0281      8.343     12.099     8.3428 0.0000e+00
      8.513      0.013     0.0592      0.473     54.730  36.502547     3.2148      6.507   154.2900 1.2379e-01     3.9935      8.349     12.109     8.3446 0.0000e+00
      8.517      0.014     0.0566      0.468     54.933  36.639799     3.2123      6.506   153.8740 1.2378e-01     3.9508      8.354     12.117     8.3451 0.0000e+00
      8.520      0.019     0.0526      0.478     55.157  36.789719     3.2030      6.506   153.6818 1.2373e-01     3.9563      8.356     12.119     8.3445 0.0000e+00
      8.521      0.024     0.0573      0.476     55.261  36.856630     3.1944      6.506   153.3425 1.2371e-01     3.9918      8.356     12.120     8.3442 0.0000e+00
      8.526      0.027     0.0562      0.468     55.201  36.814639     3.1825      6.506   152.8690 1.2371e-01     3.9692      8.360     12.125     8.3453 0.0000e+00
      8.536      0.028     0.0527      0.474     54.974  36.662510     3.1597      6.506   152.3451 1.2366e-01     3.8882      8.370     12.139     8.3483 0.0000e+00
      8.550      0.028     0.0580      0.479     54.693  36.475836     3.1513      6.505   151.7400 1.2367e-01     3.8321      8.385     12.162     8.3487 0.0000e+00
      8.560      0.027     0.0562      0.478     54.570  36.396661     3.1643      6.505   151.2316 1.2375e-01     3.8380      8.398     12.179     8.3458 0.0000e+00
      8.565      0.025     0.0533      0.478     54.669  36.466196     3.1828      6.505   151.0162 1.2379e-01     3.8908      8.401     12.184     8.3434 0.0000e+00
      8.565      0.021     0.0565      0.473     54.704  36.492174     3.1843      6.505   150.8562 1.2372e-01     3.9235      8.399     12.182     8.3424 0.0000e+00
      8.568      0.017     0.0565      0.470     54.555  36.393681     3.1662      6.505   150.5874 1.2368e-01     3.8925      8.400     12.184     8.3434 0.0000e+00
      8.575      0.015     0.0559      0.477     54.400  36.289981     3.1302      6.504   150.0034 1.2376e-01     3.8569      8.409     12.195     8.3465 0.0000e+00
      8.581      0.016     0.0565      0.479     54.344  36.253003     3.0813      6.504   149.2157 1.2382e-01     3.8688      8.418     12.210     8.3501 0.0000e+00
      8.585      0.016     0.0556      0.473     54.454  36.327076     3.0579      6.504   148.8075 1.2381e-01     3.8999      8.420     12.213     8.3526 0.0000e+00
      8.585      0.016     0.0541      0.468     54.599  36.424606     3.0474      6.504   148.6802 1.2377e-01     3.9256      8.419     12.211     8.3529 0.0000e+00
      8.588      0.015     0.0567      0.478     54.589  36.417578     3.0036      6.505   148.6236 1.2375e-01     3.8716      8.420     12.213     8.3519 0.0000e+00
      8.595      0.013     0.0564      0.491     54.517  36.368931     2.9529      6.505   148.6393 1.2375e-01     3.7606      8.428     12.224     8.3527 0.0000e+00
      8.601      0.012     0.0558      0.481     54.480  36.343746     2.9342      6.505   148.1816 1.2375e-01     3.7102      8.436     12.236     8.3541 0.0000e+00
      8.604      0.011     0.0541      0.464     54.419  36.303321     2.9274      6.505   147.2198 1.2376e-01     3.7060      8.439     12.239     8.3543 0.0000e+00
      8.605      0.008     0.0555      0.467     54.256  36.197233     2.9129      6.506   146.7318 1.2378e-01     3.6072      8.439     12.239     8.3543 0.0000e+00
      8.605      0.004     0.0593      0.489     54.068  36.075684     2.8837      6.506   146.9286 1.2378e-01     3.3694      8.438     12.239     8.3536 0.0000e+00
      8.605      0.001     0.0567      0.508     54.006  36.038573     2.8654      6.506   147.1906 1.2374e-01     3.2228      8.439     12.241     8.3529 0.0000e+00
      8.605      0.001     0.0534      0.507     54.042  36.065606     2.8743      6.506   146.7158 1.2369e-01     3.2344      8.440     12.240     8.3532 0.0000e+00
      8.606      0.001     0.0536      0.491     54.071  36.085466     2.8920      6.506   145.5749 1.2369e-01     3.3050      8.439     12.239     8.3550 0.0000e+00
      8.606      0.001     0.0579      0.479     54.075  36.088463     2.9120      6.505   144.9262 1.2372e-01     3.3938      8.439     12.240     8.3591 0.0000e+00
      8.606      0.002     0.0605      0.477     54.191  36.165250     2.9160      6.504   145.0673 1.2373e-01     3.4193      8.440     12.241     8.3640 0.0000e+00
      8.606      0.005     0.0605      0.479     54.515  36.379735     2.9160      6.505   145.4738 1.2376e-01     3.4426      8.440     12.241     8.3663 0.0000e+00
      8.607      0.009     0.0569      0.480     54.831  36.589074     2.9202      6.505   145.6256 1.2377e-01     3.4716      8.441     12.242     8.3667 0.0000e+00
      8.608      0.012     0.0556      0.481     55.140  36.793873     2.8925      6.505   145.0958 1.2379e-01     3.3931      8.440     12.242     8.3672 0.0000e+00
      8.612      0.017     0.0558      0.485     55.857  37.270510     2.8381      6.505   144.3160 1.2382e-01     3.2453      8.444     12.247     8.3666 0.0000e+00
      8.619      0.021     0.0560      0.487     56.538  37.722503     2.8045      6.506   144.1125 1.2377e-01     3.1543      8.453     12.259     8.3645 0.0000e+00
      8.626      0.023     0.0565      0.484     56.212  37.502460     2.8029      6.507   144.1836 1.2369e-01     3.1793      8.460     12.270     8.3634 0.0000e+00
      8.632      0.023     0.0559      0.478     55.396  36.956468     2.8260      6.507   144.2301 1.2364e-01     3.1725      8.463     12.274     8.3624 0.0000e+00
      8.640      0.021     0.0573      0.483     55.204  36.828647     2.8676      6.507   144.0719 1.2363e-01     3.0725      8.472     12.288     8.3609 0.0000e+00
      8.649      0.017     0.0571      0.495     55.228  36.844873     2.8895      6.507   143.3898 1.2371e-01     2.9941      8.484     12.306     8.3589 0.0000e+00
      8.651      0.013     0.0575      0.488     54.833  36.581890     2.8834      6.507   142.7804 1.2380e-01     2.9419      8.485     12.307     8.3557 0.0000e+00
      8.651      0.009     0.0556      0.475     54.711  36.502694     2.8937      6.507   142.5535 1.2381e-01     2.9194      8.481     12.301     8.3540 0.0000e+00
      8.652      0.008     0.0555      0.481     55.401  36.965399     2.9304      6.507   142.6255 1.2381e-01     2.9623      8.484     12.305     8.3547 0.0000e+00
      8.654      0.008     0.0598      0.487     56.177  37.483519     2.9447      6.508   142.7910 1.2374e-01     3.0155      8.487     12.310     8.3556 0.0000e+00
      8.654      0.011     0.0579      0.491     56.212  37.503560     2.9257      6.508   142.6614 1.2368e-01     2.9830      8.486     12.307     8.3552 0.0000e+00
      8.655      0.014     0.0536      0.508     55.679  37.144295     2.9157      6.508   142.3498 1.2370e-01     2.9440      8.485     12.307     8.3565 0.0000e+00
      8.661      0.015     0.0571      0.511     55.097  36.754543     2.9243      6.508   142.0340 1.2373e-01     2.9885      8.493     12.318     8.3605 0.0000e+00
      8.669      0.015     0.0579      0.499     54.667  36.469321     2.9381      6.508   141.7687 1.2378e-01     3.0085      8.503     12.332     8.3614 0.0000e+00
      8.674      0.017     0.0557      0.494     54.780  36.549445     2.9413      6.509   141.5509 1.2384e-01     2.9807      8.507     12.338     8.3575 0.0000e+00
      8.677      0.021     0.0609      0.487     55.488  37.025719     2.9211      6.509   141.4657 1.2384e-01     2.9604      8.509     12.341     8.3526 0.0000e+00
      8.678      0.026     0.0612      0.490     56.062  37.408206     2.8927      6.509   141.4271 1.2380e-01     2.9674      8.510     12.343     8.3509 0.0000e+00
      8.680      0.029     0.0572      0.507     56.105  37.432421     2.8815      6.509   140.9985 1.2373e-01     2.9976      8.510     12.343     8.3526 0.0000e+00
      8.689      0.030     0.0589      0.502     55.844  37.255069     2.8855      6.509   140.4129 1.2367e-01     2.9838      8.517     12.352     8.3581 0.0000e+00
      8.706      0.032     0.0570      0.481     55.710  37.166419     2.8751      6.509   140.0255 1.2371e-01     2.9372      8.539     12.384     8.3640 0.0000e+00
      8.721      0.034     0.0555      0.477     55.829  37.248421     2.8469      6.509   139.7560 1.2381e-01     2.9462      8.558     12.414     8.3625 0.0000e+00
      8.725      0.033     0.0617      0.490     56.088  37.422120     2.8277      6.508   139.9072 1.2385e-01     2.9904      8.558     12.412     8.3571 0.0000e+00
      8.725      0.029     0.0601      0.494     56.288  37.554286     2.8255      6.508   140.2192 1.2379e-01     2.9935      8.552     12.403     8.3527 0.0000e+00
      8.733      0.026     0.0551      0.489     56.133  37.451203     2.8293      6.509   139.9149 1.2372e-01     2.9830      8.562     12.417     8.3537 0.0000e+00
      8.745      0.028     0.0550      0.489     55.930  37.317299     2.8148      6.510   139.2394 1.2369e-01     2.9665      8.580     12.444     8.3589 0.0000e+00
      8.750      0.032     0.0585      0.492     55.950  37.330482     2.7843      6.511   138.6763 1.2370e-01     2.9654      8.584     12.451     8.3593 0.0000e+00
      8.752      0.033     0.0587      0.490     55.992  37.356924     2.7677      6.511   138.7857 1.2375e-01     3.0034      8.578     12.442     8.3563 0.0000e+00
      8.762      0.029     0.0568      0.479     56.033  37.383329     2.7646      6.511   139.2715 1.2377e-01     3.0159      8.589     12.457     8.3569 0.0000e+00
      8.779      0.026     0.0575      0.469     56.050  37.396077     2.7714      6.510   139.0434 1.2374e-01     2.9798      8.615     12.493     8.3594 0.0000e+00
      8.788      0.025     0.0576      0.473     56.030  37.384225     2.7828      6.509   138.5228 1.2371e-01     2.9429      8.623     12.507     8.3590 0.0000e+00
      8.787      0.024     0.0584      0.488     56.193  37.493702     2.7938      6.510   137.9669 1.2375e-01     2.9799      8.616     12.496     8.3567 0.0000e+00
      8.787      0.021     0.0561      0.498     56.605  37.768458     2.8137      6.510   137.3124 1.2379e-01     3.0510      8.615     12.493     8.3558 0.0000e+00
      8.793      0.017     0.0543      0.489     56.920  37.979222     2.8571      6.510   137.5776 1.2376e-01     3.0853      8.623     12.507     8.3572 0.0000e+00
      8.801      0.017     0.0551      0.471     56.970  38.012590     2.9102      6.510   138.4205 1.2371e-01     3.0534      8.631     12.518     8.3592 0.0000e+00
      8.807      0.018     0.0572      0.467     57.113  38.108492     2.9320      6.510   138.4696 1.2372e-01     2.9728      8.637     12.527     8.3600 0.0000e+00
      8.812      0.019     0.0596      0.470     57.705  38.504546     2.9372      6.509   137.9135 1.2382e-01     2.9638      8.644     12.537     8.3593 0.0000e+00
      8.814      0.018     0.0582      0.469     58.249  38.869056     2.9981      6.509   137.3756 1.2393e-01     3.1155      8.644     12.537     8.3589 0.0000e+00
      8.816      0.015     0.0538      0.464     58.199  38.837234     3.1098      6.509   137.3865 1.2394e-01     3.3385      8.642     12.535     8.3600 0.0000e+00
      8.821      0.014     0.0547      0.464     58.263  38.880886     3.1647      6.510   137.9581 1.2381e-01     3.4400      8.650     12.544     8.3604 0.0000e+00
      8.829      0.016     0.0556      0.483     59.227  39.523699     3.1547      6.510   138.2647 1.2370e-01     3.4204      8.661     12.561     8.3607 0.0000e+00
      8.832      0.018     0.0547      0.503     60.343  40.266851     3.1053      6.510   138.1685 1.2371e-01     3.3404      8.663     12.565     8.3628 0.0000e+00
      8.832      0.019     0.0549      0.504     60.331  40.255100     3.0246      6.511   137.9135 1.2381e-01     3.1901      8.658     12.559     8.3647 0.0000e+00
      8.835      0.018     0.0530      0.494     60.262  40.206198     2.9868      6.511   137.6766 1.2383e-01     3.0721      8.661     12.563     8.3650 0.0000e+00
      8.845      0.018     0.0565      0.488     62.986  42.022350     2.9903      6.510   137.6279 1.2379e-01     3.0064      8.675     12.582     8.3646 0.0000e+00
      8.853      0.022     0.0604      0.479     66.727  44.515374     2.9910      6.509   137.6683 1.2382e-01     2.9425      8.685     12.597     8.3634 0.0000e+00
      8.855      0.024     0.0595      0.461     66.571  44.403601     3.0037      6.509   137.4768 1.2383e-01     2.9485      8.683     12.594     8.3599 0.0000e+00
      8.857      0.023     0.0577      0.445     64.030  42.701526     3.0362      6.509   137.0329 1.2386e-01     3.0101      8.680     12.590     8.3563 0.0000e+00
      8.866      0.022     0.0573      0.441     63.860  42.586861     3.0595      6.509   136.6899 1.2387e-01     3.0391      8.693     12.608     8.3566 0.0000e+00
      8.876      0.022     0.0571      0.456     66.029  44.032337     3.0605      6.509   136.6845 1.2381e-01     3.0259      8.709     12.632     8.3566 0.0000e+00
