Data/DataNotYetUploadedToEDI/Raw_CTD/RawDownloads/051222_fcr50_0010.cnv
* Sea-Bird SBE19plus  Data File:
* FileName = C:\R\Reservoirs\Data\DataNotYetUploadedToEDI\Raw_CTD\RawDownloads\051222_fcr50_0010.hex
* Software version 2.8.0.119
* Temperature SN = 7809
* Conductivity SN = 7809
* System UpLoad Time = May 13 2022 11:17:11
* <ApplicationData>
* <Seaterm232>
# nquan = 15
# nvalues = 3574                        
# units = specified
# name 0 = depFM: Depth [fresh water, m]
# name 1 = dz/dtM: Descent Rate [m/s]
# name 2 = sbeox0Mg/L: Oxygen, SBE 43 [mg/l]
# name 3 = sbeox0PS: Oxygen, SBE 43 [% saturation]
# name 4 = specc: Specific Conductance [uS/cm]
# name 5 = c0uS/cm: Conductivity [uS/cm]
# name 6 = flECO-AFL: Fluorescence, WET Labs ECO-AFL/FL [mg/m^3]
# name 7 = ph: pH
# name 8 = orp: Oxidation Reduction Potential [mV]
# name 9 = par/sat/log: PAR/Logarithmic, Satlantic
# name 10 = turbWETntu0: Turbidity, WET Labs ECO [NTU]
# name 11 = prdM: Pressure, Strain Gauge [db]
# name 12 = prdE: Pressure, Strain Gauge [psi]
# name 13 = tv290C: Temperature [ITS-90, deg C]
# name 14 = flag:  0.000e+00
# span 0 =     -0.621,      9.727       
# span 1 =     -4.504,      1.784       
# span 2 =     0.0450,    12.0797       
# span 3 =      0.388,    111.667       
# span 4 =      0.200,    302.730       
# span 5 =   0.182389, 201.022262       
# span 6 =    -0.1704,   105.9277       
# span 7 =     -2.671,     12.363       
# span 8 = -1240.7455,  1240.2023       
# span 9 = 1.2358e-01, 6.2655e+02       
# span 10 =    -0.4053,   377.1173      
# span 11 =     -0.609,      9.539      
# span 12 =     -0.883,     13.835      
# span 13 =     8.1881,    20.7837      
# span 14 = 0.0000e+00, 0.0000e+00      
# interval = seconds: 0.25
# start_time = May 12 2022 12:33:19 [Instrument's time stamp, header]
# bad_flag = -9.990e-29
*END*
[from data line 2699]
      8.882      0.023     0.0523      0.454     66.882  44.595296     3.0864      6.508   136.9230 1.2376e-01     2.9063      8.707     12.629     8.3403 0.0000e+00
      8.887      0.020     0.0503      0.453     66.010  44.009318     3.1061      6.509   136.7536 1.2368e-01     2.9762      8.713     12.636     8.3422 0.0000e+00
      8.897      0.018     0.0537      0.464     67.465  44.973907     3.1031      6.509   136.2962 1.2367e-01     3.0119      8.727     12.657     8.3423 0.0000e+00
      8.903      0.018     0.0570      0.479     70.218  46.804871     3.0750      6.509   135.8667 1.2379e-01     2.9630      8.734     12.668     8.3384 0.0000e+00
      8.905      0.018     0.0515      0.491     70.875  47.240631     3.0401      6.510   135.9486 1.2384e-01     2.9313      8.732     12.665     8.3373 0.0000e+00
      8.906      0.016     0.0530      0.487     69.481  46.309005     3.0312      6.510   136.0825 1.2383e-01     2.9360      8.732     12.664     8.3343 0.0000e+00
      8.911      0.015     0.0545      0.467     69.892  46.580646     3.0427      6.509   136.0225 1.2380e-01     2.9861      8.738     12.673     8.3282 0.0000e+00
      8.918      0.017     0.0560      0.452     73.148  48.748178     3.0377      6.508   135.7400 1.2378e-01     3.0240      8.747     12.686     8.3263 0.0000e+00
      8.921      0.020     0.0586      0.452     75.304  50.181168     3.0038      6.507   135.2476 1.2383e-01     2.9508      8.751     12.692     8.3252 0.0000e+00
      8.922      0.021     0.0580      0.461     74.195  49.439345     2.9738      6.507   135.0598 1.2389e-01     2.8179      8.749     12.687     8.3223 0.0000e+00
      8.928      0.021     0.0547      0.461     72.553  48.345583     2.9741      6.508   135.1893 1.2386e-01     2.7503      8.751     12.692     8.3212 0.0000e+00
      8.939      0.021     0.0520      0.455     73.168  48.759521     2.9747      6.509   135.0933 1.2381e-01     2.8158      8.767     12.715     8.3206 0.0000e+00
      8.947      0.022     0.0528      0.457     74.925  49.938801     2.9561      6.509   134.6725 1.2383e-01     2.9610      8.778     12.731     8.3169 0.0000e+00
      8.948      0.022     0.0545      0.460     75.347  50.230197     2.9408      6.508   134.4038 1.2381e-01     3.0375      8.774     12.726     8.3144 0.0000e+00
      8.950      0.020     0.0551      0.465     74.613  49.744649     2.9308      6.508   134.2536 1.2376e-01     2.9887      8.773     12.725     8.3144 0.0000e+00
      8.958      0.018     0.0521      0.476     74.860  49.906255     2.9264      6.507   134.0606 1.2374e-01     2.9178      8.785     12.742     8.3165 0.0000e+00
      8.966      0.018     0.0540      0.473     76.278  50.851290     2.9382      6.507   133.8775 1.2371e-01     2.9317      8.796     12.757     8.3230 0.0000e+00
      8.968      0.019     0.0542      0.470     76.904  51.271240     2.9652      6.507   133.5886 1.2367e-01     2.9859      8.795     12.756     8.3328 0.0000e+00
      8.969      0.019     0.0534      0.475     76.291  50.859102     2.9938      6.506   133.4070 1.2368e-01     2.9919      8.792     12.752     8.3362 0.0000e+00
      8.975      0.018     0.0574      0.467     74.626  49.739301     3.0012      6.506   133.3159 1.2376e-01     2.9699      8.800     12.765     8.3294 0.0000e+00
      8.985      0.018     0.0555      0.457     73.188  48.773495     2.9878      6.506   133.0034 1.2378e-01     2.9258      8.813     12.783     8.3299 0.0000e+00
      8.989      0.020     0.0540      0.454     73.549  49.017468     2.9819      6.506   132.6409 1.2373e-01     2.8679      8.818     12.788     8.3347 0.0000e+00
      8.989      0.020     0.0573      0.448     74.474  49.643410     2.9972      6.506   132.3739 1.2371e-01     2.8505      8.815     12.783     8.3326 0.0000e+00
      8.993      0.017     0.0550      0.448     74.994  49.996185     3.0139      6.505   132.0975 1.2376e-01     2.8525      8.817     12.788     8.3233 0.0000e+00
      9.002      0.016     0.0525      0.466     75.923  50.617617     3.0258      6.504   131.8815 1.2376e-01     2.8240      8.829     12.804     8.3147 0.0000e+00
      9.009      0.017     0.0542      0.484     77.357  51.572494     3.0325      6.504   131.6542 1.2374e-01     2.7791      8.837     12.817     8.3200 0.0000e+00
      9.011      0.018     0.0523      0.490     77.754  51.831799     3.0290      6.504   131.3281 1.2373e-01     2.7886      8.836     12.816     8.3285 0.0000e+00
      9.011      0.017     0.0513      0.484     76.745  51.150909     3.0339      6.504   131.0356 1.2376e-01     2.8352      8.835     12.814     8.3318 0.0000e+00
      9.016      0.016     0.0553      0.468     75.984  50.638139     3.0490      6.504   130.7851 1.2383e-01     2.8986      8.841     12.822     8.3333 0.0000e+00
      9.023      0.016     0.0574      0.465     77.039  51.343561     3.0535      6.504   130.4506 1.2384e-01     2.9744      8.850     12.836     8.3334 0.0000e+00
      9.028      0.019     0.0578      0.474     78.300  52.191160     3.0390      6.504   130.0025 1.2379e-01     3.0001      8.855     12.843     8.3294 0.0000e+00
      9.029      0.020     0.0578      0.465     77.620  51.747435     3.0237      6.505   129.5832 1.2378e-01     2.9705      8.854     12.841     8.3217 0.0000e+00
      9.033      0.019     0.0542      0.455     76.957  51.309816     3.0100      6.505   129.2528 1.2382e-01     2.9584      8.856     12.844     8.3181 0.0000e+00
      9.042      0.019     0.0530      0.457     79.484  52.992774     2.9976      6.505   128.8466 1.2383e-01     2.9899      8.868     12.862     8.3197 0.0000e+00
      9.050      0.021     0.0581      0.454     84.056  56.037068     2.9995      6.504   128.2853 1.2383e-01     3.0096      8.878     12.878     8.3251 0.0000e+00
      9.051      0.022     0.0539      0.452     85.529  57.016403     2.9911      6.503   127.7144 1.2383e-01     2.9921      8.876     12.873     8.3333 0.0000e+00
      9.053      0.020     0.0523      0.455     83.742  55.821655     2.9713      6.503   127.2785 1.2376e-01     2.9487      8.874     12.870     8.3371 0.0000e+00
      9.062      0.020     0.0551      0.462     84.020  56.001039     2.9518      6.502   126.8014 1.2372e-01     2.9293      8.887     12.888     8.3332 0.0000e+00
      9.072      0.022     0.0523      0.463     87.381  58.232210     2.9290      6.501   126.1617 1.2377e-01     2.9622      8.901     12.909     8.3312 0.0000e+00
      9.075      0.025     0.0536      0.456     89.398  59.564351     2.9208      6.500   125.6526 1.2383e-01     3.0050      8.900     12.908     8.3302 0.0000e+00
      9.075      0.024     0.0525      0.461     88.803  59.157952     2.9272      6.498   125.2918 1.2386e-01     3.0033      8.895     12.901     8.3276 0.0000e+00
      9.084      0.023     0.0547      0.475     88.525  58.968820     2.9312      6.496   124.7244 1.2381e-01     3.0101      8.906     12.917     8.3245 0.0000e+00
      9.096      0.024     0.0552      0.485     91.610  61.023250     2.9277      6.495   123.9551 1.2371e-01     3.0869      8.925     12.945     8.3201 0.0000e+00
      9.101      0.028     0.0525      0.486     94.654  63.043893     2.9268      6.493   123.3037 1.2367e-01     3.1808      8.929     12.950     8.3111 0.0000e+00
      9.101      0.028     0.0537      0.481     92.639  61.684332     2.9365      6.491   122.9577 1.2367e-01     3.2567      8.921     12.939     8.3043 0.0000e+00
      9.107      0.025     0.0563      0.479     90.630  60.332899     2.9629      6.490   122.6104 1.2371e-01     3.2872      8.927     12.948     8.3044 0.0000e+00
      9.121      0.024     0.0572      0.484     93.904  62.515257     2.9957      6.488   121.6854 1.2374e-01     3.2427      8.947     12.976     8.3046 0.0000e+00
      9.131      0.027     0.0577      0.479     99.664  66.353932     3.0003      6.486   120.2919 1.2377e-01     3.1623      8.958     12.993     8.3032 0.0000e+00
      9.132      0.029     0.0564      0.472    101.114  67.309900     2.9853      6.485   119.0117 1.2378e-01     3.1348      8.955     12.987     8.2896 0.0000e+00
      9.133      0.027     0.0553      0.463     97.083  64.611204     2.9804      6.485   118.3386 1.2376e-01     3.1843      8.951     12.984     8.2785 0.0000e+00
      9.143      0.024     0.0582      0.456     95.813  63.763183     2.9827      6.484   118.0035 1.2373e-01     3.2471      8.965     13.003     8.2843 0.0000e+00
      9.158      0.024     0.0558      0.443    100.710  67.026969     2.9887      6.482   117.3688 1.2370e-01     3.2786      8.986     13.032     8.2906 0.0000e+00
      9.164      0.025     0.0560      0.424    105.331  70.095984     3.0022      6.482   117.1183 1.2374e-01     3.2922      8.990     13.040     8.2836 0.0000e+00
      9.163      0.024     0.0542      0.425    105.122  69.940025     3.0293      6.481   117.3829 1.2377e-01     3.3093      8.984     13.030     8.2701 0.0000e+00
      9.166      0.020     0.0536      0.446    102.506  68.190056     3.0670      6.481   116.8685 1.2373e-01     3.3488      8.985     13.032     8.2703 0.0000e+00
      9.175      0.018     0.0535      0.463    102.768  68.374016     3.0917      6.480   115.7180 1.2372e-01     3.4288      8.999     13.052     8.2784 0.0000e+00
      9.184      0.020     0.0480      0.448    106.343  70.766737     3.1027      6.479   115.4315 1.2373e-01     3.4906      9.010     13.067     8.2747 0.0000e+00
      9.187      0.022     0.0492      0.421    108.819  72.410664     3.1011      6.479   115.9847 1.2370e-01     3.4471      9.009     13.068     8.2625 0.0000e+00
      9.187      0.022     0.0525      0.430    108.302  72.052280     3.0720      6.479   115.8678 1.2367e-01     3.3133      9.007     13.065     8.2548 0.0000e+00
      9.192      0.020     0.0562      0.461    107.116  71.261515     3.0503      6.479   115.3957 1.2372e-01     3.2044      9.012     13.071     8.2628 0.0000e+00
      9.202      0.020     0.0544      0.466    107.725  71.679870     3.0470      6.478   115.3523 1.2378e-01     3.1893      9.025     13.090     8.2758 0.0000e+00
      9.210      0.024     0.0466      0.455    108.905  72.473215     3.0405      6.475   114.9979 1.2380e-01     3.2678      9.036     13.106     8.2719 0.0000e+00
      9.213      0.027     0.0494      0.459    109.195  72.658828     3.0466      6.471   113.9499 1.2382e-01     3.4021      9.035     13.104     8.2589 0.0000e+00
      9.214      0.027     0.0562      0.471    109.113  72.590013     3.0545      6.469   112.6628 1.2384e-01     3.4812      9.032     13.100     8.2577 0.0000e+00
      9.223      0.027     0.0560      0.472    108.659  72.276459     3.0522      6.466   111.9108 1.2383e-01     3.4724      9.042     13.115     8.2697 0.0000e+00
      9.237      0.028     0.0520      0.458    109.656  72.933450     3.0437      6.462   111.5692 1.2377e-01     3.4314      9.061     13.142     8.2750 0.0000e+00
      9.246      0.032     0.0537      0.433    112.295  74.687828     3.0607      6.457   110.7687 1.2374e-01     3.3283      9.071     13.156     8.2684 0.0000e+00
      9.248      0.032     0.0561      0.411    112.482  74.809570     3.1158      6.452   109.5452 1.2382e-01     3.2159      9.068     13.152     8.2616 0.0000e+00
      9.253      0.028     0.0559      0.404    110.640  73.580242     3.1520      6.447   108.7357 1.2387e-01     3.2335      9.069     13.154     8.2554 0.0000e+00
      9.266      0.026     0.0549      0.421    110.782  73.674884     3.1575      6.444   107.7787 1.2381e-01     3.3020      9.087     13.179     8.2524 0.0000e+00
      9.278      0.030     0.0505      0.446    112.865  75.064189     3.1322      6.442   106.4067 1.2372e-01     3.2933      9.104     13.204     8.2543 0.0000e+00
      9.281      0.035     0.0481      0.452    114.205  75.955659     3.0791      6.440   106.2572 1.2373e-01     3.2304      9.103     13.203     8.2522 0.0000e+00
      9.281      0.037     0.0462      0.448    114.575  76.193956     3.0403      6.437   106.3148 1.2382e-01     3.1902      9.097     13.194     8.2493 0.0000e+00
      9.291      0.035     0.0487      0.452    114.544  76.166253     3.0297      6.435   104.6088 1.2384e-01     3.1836      9.107     13.208     8.2493 0.0000e+00
      9.310      0.034     0.0540      0.454    113.626  75.557123     3.0162      6.435   102.5790 1.2379e-01     3.1511      9.132     13.244     8.2529 0.0000e+00
      9.326      0.036     0.0538      0.465    113.153  75.246475     2.9940      6.435   101.9051 1.2373e-01     3.1039      9.151     13.273     8.2545 0.0000e+00
      9.329      0.036     0.0513      0.464    113.859  75.714235     2.9859      6.434   100.8492 1.2372e-01     3.0564      9.152     13.274     8.2478 0.0000e+00
      9.329      0.031     0.0547      0.431    114.497  76.129680     2.9855      6.432    98.0714 1.2377e-01     2.9879      9.145     13.262     8.2441 0.0000e+00
      9.338      0.024     0.0519      0.411    114.527  76.139558     2.9725      6.432    96.0242 1.2379e-01     2.9244      9.154     13.276     8.2455 0.0000e+00
      9.352      0.019     0.0545      0.421    114.269  75.960708     2.9447      6.432    95.3692 1.2383e-01     2.9026      9.176     13.308     8.2491 0.0000e+00
      9.360      0.017     0.0581      0.446    114.429  76.064052     2.9245      6.432    94.5403 1.2380e-01     2.9291      9.185     13.321     8.2488 0.0000e+00
      9.358      0.013     0.0482      0.463    114.704  76.245382     2.9275      6.433    93.2291 1.2374e-01     2.9724      9.176     13.309     8.2436 0.0000e+00
      9.357      0.008     0.0476      0.466    113.846  75.675065     2.9567      6.433    91.9917 1.2378e-01     2.9817      9.174     13.305     8.2383 0.0000e+00
      9.359      0.007     0.0486      0.462    112.465  74.759733     2.9940      6.432    91.1080 1.2378e-01     2.9396      9.181     13.315     8.2349 0.0000e+00
      9.359      0.012     0.0531      0.460    112.667  74.899534     3.0123      6.432    89.4275 1.2375e-01     2.8734      9.180     13.314     8.2342 0.0000e+00
      9.359      0.018     0.0555      0.479    113.592  75.522831     3.0038      6.433    86.9879 1.2375e-01     2.8309      9.175     13.306     8.2336 0.0000e+00
      9.365      0.021     0.0542      0.479    113.447  75.433890     2.9578      6.434    85.4440 1.2374e-01     2.7666      9.181     13.316     8.2333 0.0000e+00
      9.378      0.024     0.0557      0.454    113.789  75.666879     2.8959      6.434    84.7841 1.2370e-01     2.6768      9.198     13.340     8.2339 0.0000e+00
      9.389      0.028     0.0513      0.444    116.277  77.323237     2.8723      6.435    83.5705 1.2365e-01     2.6671      9.212     13.360     8.2371 0.0000e+00
      9.393      0.030     0.0579      0.453    118.709  78.939055     2.8802      6.436    82.3000 1.2362e-01     2.6491      9.213     13.363     8.2411 0.0000e+00
      9.395      0.029     0.0588      0.458    118.515  78.808619     2.8749      6.436    81.7253 1.2361e-01     2.5622      9.210     13.359     8.2448 0.0000e+00
      9.402      0.027     0.0512      0.453    117.351  78.034328     2.8586      6.436    80.4938 1.2361e-01     2.4015      9.218     13.370     8.2475 0.0000e+00
      9.415      0.028     0.0518      0.450    117.536  78.156383     2.8577      6.437    79.3689 1.2369e-01     2.1751      9.235     13.394     8.2482 0.0000e+00
      9.425      0.031     0.0532      0.460    118.828  79.013273     2.8634      6.438    79.4812 1.2373e-01     2.0459      9.246     13.410     8.2470 0.0000e+00
      9.427      0.032     0.0547      0.468    119.565  79.498078     2.8610      6.439    78.8405 1.2371e-01     2.0685      9.243     13.407     8.2463 0.0000e+00
      9.431      0.030     0.0530      0.456    119.014  79.124918     2.8462      6.439    76.6992 1.2373e-01     2.1070      9.244     13.408     8.2464 0.0000e+00
