Data/DataNotYetUploadedToEDI/Raw_CTD/RawDownloads/051222_bvr50_0009.cnv
* Sea-Bird SBE19plus  Data File:
* FileName = C:\R\Reservoirs\Data\DataNotYetUploadedToEDI\Raw_CTD\RawDownloads\051222_fcr50_0009.hex
* Software version 2.8.0.119
* Temperature SN = 7809
* Conductivity SN = 7809
* System UpLoad Time = May 13 2022 11:15:41
* <ApplicationData>
* <Seaterm232>
# nquan = 15
# nvalues = 2090                        
# units = specified
# name 0 = depFM: Depth [fresh water, m]
# name 1 = dz/dtM: Descent Rate [m/s]
# name 2 = sbeox0Mg/L: Oxygen, SBE 43 [mg/l]
# name 3 = sbeox0PS: Oxygen, SBE 43 [% saturation]
# name 4 = specc: Specific Conductance [uS/cm]
# name 5 = c0uS/cm: Conductivity [uS/cm]
# name 6 = flECO-AFL: Fluorescence, WET Labs ECO-AFL/FL [mg/m^3]
# name 7 = ph: pH
# name 8 = orp: Oxidation Reduction Potential [mV]
# name 9 = par/sat/log: PAR/Logarithmic, Satlantic
# name 10 = turbWETntu0: Turbidity, WET Labs ECO [NTU]
# name 11 = prdM: Pressure, Strain Gauge [db]
# name 12 = prdE: Pressure, Strain Gauge [psi]
# name 13 = tv290C: Temperature [ITS-90, deg C]
# name 14 = flag:  0.000e+00
# span 0 =     -0.692,      9.403       
# span 1 =     -0.297,      0.159       
# span 2 =     0.0469,     9.4536       
# span 3 =      0.430,    101.277       
# span 4 =      0.441,     57.282       
# span 5 =   0.385129,  39.417341       
# span 6 =    -0.1109,    16.4863       
# span 7 =      5.996,      8.074       
# span 8 =     0.8134,   933.8956       
# span 9 = 1.2363e-01, 2.6437e+03       
# span 10 =    -4.3382,    13.6443      
# span 11 =     -0.679,      9.221      
# span 12 =     -0.985,     13.374      
# span 13 =     9.4007,    18.8394      
# span 14 = 0.0000e+00, 0.0000e+00      
# interval = seconds: 0.25
# start_time = May 12 2022 10:48:09 [Instrument's time stamp, header]
# bad_flag = -9.990e-29
*END*
[from data line 1446]
      8.115      0.027     0.0575      0.536     49.159  34.000026     1.3750      6.437   120.1457 2.1316e-01     1.4412      7.960     11.544     9.5839 0.0000e+00
      8.121      0.030     0.0578      0.541     49.226  34.045842     1.4383      6.438   119.6443 2.0488e-01     1.5819      7.963     11.550     9.5833 0.0000e+00
      8.129      0.032     0.0563      0.541     49.234  34.050153     1.4643      6.438   119.1332 2.0931e-01     1.6526      7.970     11.560     9.5820 0.0000e+00
      8.139      0.034     0.0577      0.547     49.238  34.052159     1.4644      6.439   118.6123 2.1685e-01     1.6812      7.981     11.576     9.5807 0.0000e+00
      8.149      0.035     0.0625      0.544     49.265  34.070097     1.4809      6.440   118.0779 2.0865e-01     1.7228      7.991     11.590     9.5796 0.0000e+00
      8.158      0.036     0.0619      0.527     49.276  34.076806     1.4973      6.440   117.3189 2.0051e-01     1.7457      8.000     11.603     9.5785 0.0000e+00
      8.168      0.036     0.0607      0.515     49.267  34.069872     1.4884      6.440   116.4042 2.0666e-01     1.7183      8.010     11.617     9.5774 0.0000e+00
      8.176      0.036     0.0629      0.507     49.239  34.049668     1.4651      6.439   115.6220 2.0453e-01     1.6648      8.019     11.629     9.5769 0.0000e+00
      8.184      0.036     0.0631      0.495     49.200  34.022748     1.4570      6.439   114.9160 1.8657e-01     1.6460      8.025     11.639     9.5761 0.0000e+00
      8.192      0.037     0.0596      0.494     49.161  33.998010     1.4825      6.439   114.2359 1.7428e-01     1.6616      8.033     11.651     9.5753 0.0000e+00
      8.202      0.039     0.0583      0.508     49.161  34.004199     1.5237      6.439   113.6797 1.7996e-01     1.6832      8.043     11.665     9.5744 0.0000e+00
      8.213      0.041     0.0589      0.526     49.195  34.034174     1.5379      6.438   113.0947 1.9935e-01     1.6678      8.055     11.682     9.5741 0.0000e+00
      8.225      0.042     0.0555      0.546     49.204  34.043404     1.5296      6.437   112.4112 2.0897e-01     1.6461      8.066     11.699     9.5730 0.0000e+00
      8.235      0.041     0.0556      0.555     49.221  34.052390     1.5155      6.436   111.6106 1.9220e-01     1.6601      8.075     11.713     9.5737 0.0000e+00
      8.247      0.039     0.0582      0.550     49.268  34.079411     1.4921      6.437   110.6420 1.7676e-01     1.6663      8.087     11.729     9.5821 0.0000e+00
      8.258      0.038     0.0593      0.543     49.328  34.116472     1.4793      6.438   109.7335 1.7671e-01     1.6532      8.100     11.748     9.5907 0.0000e+00
      8.267      0.038     0.0630      0.543     49.428  34.183452     1.4774      6.437   109.0585 1.7563e-01     1.6376      8.108     11.760     9.5937 0.0000e+00
      8.273      0.039     0.0639      0.534     49.536  34.255170     1.4771      6.437   108.4178 1.8259e-01     1.6488      8.113     11.765     9.5903 0.0000e+00
      8.281      0.041     0.0628      0.513     49.586  34.286110     1.4846      6.438   107.6658 1.9225e-01     1.6858      8.120     11.776     9.5825 0.0000e+00
      8.292      0.043     0.0611      0.507     49.616  34.303900     1.4936      6.438   106.9348 1.7834e-01     1.7096      8.131     11.793     9.5784 0.0000e+00
      8.306      0.046     0.0622      0.516     49.674  34.343458     1.4936      6.438   106.2040 1.6728e-01     1.6966      8.145     11.813     9.5773 0.0000e+00
      8.320      0.047     0.0624      0.522     49.732  34.383948     1.5013      6.437   105.5405 1.7427e-01     1.5976      8.160     11.834     9.5740 0.0000e+00
      8.333      0.046     0.0570      0.524     49.770  34.413002     1.5278      6.437   105.1073 1.6748e-01     1.4695      8.173     11.853     9.5692 0.0000e+00
      8.344      0.045     0.0570      0.529     49.807  34.441110     1.5400      6.437   104.7519 1.6189e-01     1.4119      8.183     11.869     9.5664 0.0000e+00
      8.354      0.042     0.0594      0.535     49.849  34.470166     1.5316      6.437   104.3413 1.6555e-01     1.3793      8.193     11.883     9.5661 0.0000e+00
      8.365      0.037     0.0595      0.528     49.907  34.510675     1.5015      6.438   103.8428 1.5685e-01     1.3474      8.202     11.897     9.5658 0.0000e+00
      8.375      0.033     0.0599      0.521     49.963  34.550442     1.4512      6.438   103.3700 1.4862e-01     1.3685      8.214     11.913     9.5692 0.0000e+00
      8.385      0.028     0.0595      0.534     49.993  34.570530     1.4231      6.438   103.0134 1.5012e-01     1.4294      8.224     11.927     9.5739 0.0000e+00
      8.391      0.024     0.0623      0.545     50.080  34.626739     1.4194      6.439   102.7136 1.5352e-01     1.4686      8.229     11.934     9.5720 0.0000e+00
      8.395      0.023     0.0603      0.536     50.319  34.786186     1.4142      6.440   102.3270 1.5269e-01     1.4668      8.233     11.940     9.5719 0.0000e+00
      8.397      0.025     0.0577      0.514     50.604  34.976535     1.4269      6.440   101.6946 1.4674e-01     1.4427      8.235     11.944     9.5748 0.0000e+00
      8.400      0.030     0.0612      0.508     50.777  35.089313     1.4659      6.439   101.0900 1.4100e-01     1.4495      8.236     11.946     9.5739 0.0000e+00
      8.407      0.036     0.0632      0.518     50.850  35.135193     1.4856      6.439   100.6093 1.4228e-01     1.4808      8.242     11.955     9.5698 0.0000e+00
      8.421      0.041     0.0620      0.523     50.877  35.150790     1.4824      6.439   100.0988 1.4722e-01     1.4799      8.257     11.977     9.5637 0.0000e+00
      8.437      0.045     0.0576      0.518     50.881  35.151064     1.4760      6.439    99.7358 1.4903e-01     1.5412      8.276     12.003     9.5567 0.0000e+00
      8.450      0.047     0.0567      0.511     50.865  35.138512     1.4666      6.439    99.4036 1.4957e-01     1.7093      8.288     12.021     9.5500 0.0000e+00
      8.460      0.045     0.0600      0.512     50.850  35.125842     1.4693      6.439    99.0078 1.4631e-01     1.8381      8.296     12.032     9.5451 0.0000e+00
      8.470      0.042     0.0601      0.524     50.851  35.124691     1.4830      6.439    98.5632 1.4801e-01     1.9029      8.306     12.046     9.5420 0.0000e+00
      8.482      0.038     0.0590      0.528     50.852  35.124595     1.4911      6.440    97.9858 1.5968e-01     1.9465      8.319     12.066     9.5401 0.0000e+00
      8.492      0.034     0.0585      0.527     50.852  35.124680     1.4934      6.440    97.5340 1.6320e-01     1.9209      8.328     12.081     9.5382 0.0000e+00
      8.500      0.030     0.0570      0.528     50.854  35.125721     1.4850      6.440    97.2296 1.5779e-01     1.8670      8.335     12.090     9.5360 0.0000e+00
      8.507      0.028     0.0609      0.533     50.870  35.137176     1.4726      6.440    96.8007 1.5050e-01     1.8414      8.344     12.101     9.5345 0.0000e+00
      8.512      0.028     0.0605      0.538     50.869  35.136361     1.4767      6.440    96.1339 1.4020e-01     1.7825      8.348     12.108     9.5336 0.0000e+00
      8.517      0.029     0.0596      0.523     50.839  35.115871     1.4769      6.440    95.4480 1.3658e-01     1.7005      8.352     12.113     9.5335 0.0000e+00
      8.524      0.031     0.0606      0.510     50.877  35.143081     1.4581      6.441    94.8743 1.3828e-01     1.6699      8.358     12.121     9.5338 0.0000e+00
      8.533      0.033     0.0597      0.522     50.976  35.211706     1.4491      6.441    94.1875 1.3485e-01     1.6521      8.367     12.136     9.5341 0.0000e+00
      8.544      0.036     0.0635      0.520     51.028  35.248080     1.4512      6.441    93.4247 1.3162e-01     1.5877      8.379     12.152     9.5339 0.0000e+00
      8.554      0.040     0.0597      0.501     51.145  35.329227     1.4334      6.441    92.7072 1.2906e-01     1.5062      8.389     12.167     9.5339 0.0000e+00
      8.563      0.043     0.0556      0.502     51.385  35.495313     1.4080      6.441    92.0512 1.2816e-01     1.4529      8.397     12.179     9.5352 0.0000e+00
      8.572      0.043     0.0611      0.517     51.547  35.607483     1.4023      6.441    91.5158 1.2967e-01     1.4558      8.405     12.191     9.5361 0.0000e+00
      8.585      0.042     0.0606      0.520     51.638  35.670872     1.4148      6.441    90.9657 1.2956e-01     1.5400      8.417     12.209     9.5356 0.0000e+00
      8.600      0.041     0.0555      0.517     51.758  35.754442     1.4340      6.441    90.2184 1.3296e-01     1.6510      8.435     12.233     9.5354 0.0000e+00
      8.611      0.040     0.0566      0.529     51.815  35.793547     1.4352      6.441    89.4491 1.3453e-01     1.6711      8.447     12.252     9.5360 0.0000e+00
      8.619      0.039     0.0600      0.547     51.772  35.763195     1.4203      6.441    88.8913 1.3036e-01     1.6128      8.452     12.258     9.5364 0.0000e+00
      8.626      0.036     0.0597      0.542     51.687  35.704529     1.4118      6.442    88.3781 1.2778e-01     1.5946      8.458     12.267     9.5371 0.0000e+00
      8.635      0.034     0.0578      0.534     51.615  35.654944     1.4167      6.444    87.6324 1.2621e-01     1.5880      8.469     12.282     9.5377 0.0000e+00
      8.645      0.033     0.0597      0.542     51.639  35.670971     1.4289      6.444    86.7587 1.2534e-01     1.5329      8.479     12.297     9.5378 0.0000e+00
      8.653      0.033     0.0642      0.536     51.784  35.771482     1.4262      6.443    85.9872 1.2576e-01     1.4405      8.486     12.308     9.5370 0.0000e+00
      8.661      0.032     0.0623      0.524     51.905  35.855598     1.4181      6.442    85.2742 1.2519e-01     1.3260      8.494     12.319     9.5362 0.0000e+00
      8.670      0.031     0.0588      0.519     51.917  35.863629     1.4139      6.442    84.5902 1.2477e-01     1.3085      8.503     12.331     9.5369 0.0000e+00
      8.677      0.030     0.0641      0.508     51.927  35.868585     1.3997      6.442    83.9983 1.2496e-01     1.4003      8.509     12.341     9.5368 0.0000e+00
      8.683      0.030     0.0610      0.488     52.000  35.915520     1.3882      6.443    83.3663 1.2442e-01     1.4451      8.515     12.350     9.5365 0.0000e+00
      8.691      0.030     0.0590      0.474     52.110  35.987222     1.3742      6.443    82.7135 1.2376e-01     1.4062      8.523     12.361     9.5377 0.0000e+00
      8.700      0.030     0.0599      0.491     52.187  36.037957     1.3725      6.443    82.2996 1.2370e-01     1.3740      8.532     12.375     9.5376 0.0000e+00
      8.709      0.029     0.0580      0.508     52.257  36.085057     1.4011      6.444    81.9758 1.2379e-01     1.3974      8.540     12.387     9.5356 0.0000e+00
      8.716      0.028     0.0566      0.508     52.390  36.176215     1.4202      6.444    81.5515 1.2389e-01     1.4158      8.547     12.396     9.5318 0.0000e+00
      8.723      0.025     0.0508      0.514     52.500  36.252333     1.4203      6.443    81.1268 1.2499e-01     1.3916      8.555     12.407     9.5277 0.0000e+00
      8.729      0.024     0.0569      0.527     52.580  36.307832     1.4020      6.443    80.6273 1.2624e-01     1.3774      8.561     12.417     9.5253 0.0000e+00
      8.734      0.024     0.0594      0.537     52.719  36.403337     1.3665      6.443    80.0713 1.2698e-01     1.3813      8.566     12.424     9.5242 0.0000e+00
      8.738      0.026     0.0568      0.537     52.797  36.455848     1.3488      6.443    79.5670 1.2770e-01     1.4043      8.569     12.428     9.5238 0.0000e+00
      8.743      0.029     0.0587      0.525     52.677  36.371990     1.3545      6.444    79.0895 1.2854e-01     1.4504      8.572     12.434     9.5237 0.0000e+00
      8.750      0.032     0.0602      0.509     52.452  36.213817     1.3525      6.445    78.6863 1.2902e-01     1.4612      8.579     12.443     9.5237 0.0000e+00
      8.761      0.034     0.0616      0.505     52.332  36.128765     1.3401      6.445    78.3058 1.2656e-01     1.4320      8.591     12.460     9.5236 0.0000e+00
      8.774      0.034     0.0620      0.511     52.392  36.168030     1.3380      6.445    77.8444 1.2441e-01     1.4054      8.605     12.481     9.5229 0.0000e+00
      8.784      0.033     0.0603      0.514     52.506  36.244661     1.3515      6.446    77.4091 1.2807e-01     1.4129      8.615     12.495     9.5211 0.0000e+00
      8.791      0.032     0.0573      0.520     52.671  36.357734     1.3710      6.446    77.0867 1.3171e-01     1.4203      8.621     12.504     9.5187 0.0000e+00
      8.797      0.030     0.0570      0.523     52.908  36.520540     1.3990      6.446    76.6996 1.2993e-01     1.4601      8.627     12.513     9.5162 0.0000e+00
      8.803      0.028     0.0590      0.507     53.064  36.627747     1.4487      6.446    76.2563 1.2799e-01     1.5869      8.633     12.520     9.5141 0.0000e+00
      8.809      0.028     0.0586      0.499     53.082  36.639307     1.4807      6.446    75.9430 1.2859e-01     1.6553      8.638     12.528     9.5124 0.0000e+00
      8.817      0.029     0.0586      0.508     53.023  36.596895     1.4787      6.447    75.6643 1.2909e-01     1.6723      8.646     12.540     9.5117 0.0000e+00
      8.826      0.030     0.0620      0.514     52.970  36.558855     1.4490      6.448    75.2963 1.2663e-01     1.7582      8.656     12.554     9.5113 0.0000e+00
      8.835      0.031     0.0568      0.505     52.974  36.559870     1.3960      6.448    74.8484 1.2410e-01     1.8394      8.664     12.567     9.5109 0.0000e+00
      8.842      0.031     0.0559      0.489     52.957  36.545750     1.3713      6.448    74.3788 1.2380e-01     1.8692      8.670     12.577     9.5103 0.0000e+00
      8.849      0.029     0.0583      0.475     52.914  36.514951     1.3660      6.447    74.0073 1.2371e-01     1.8784      8.677     12.586     9.5087 0.0000e+00
      8.857      0.026     0.0595      0.477     52.900  36.504569     1.3570      6.447    73.7112 1.2372e-01     1.7798      8.686     12.598     9.5069 0.0000e+00
      8.866      0.023     0.0577      0.496     52.870  36.483636     1.3543      6.447    73.2940 1.2378e-01     1.5650      8.694     12.610     9.5051 0.0000e+00
      8.872      0.021     0.0559      0.498     52.826  36.452091     1.3496      6.448    72.7494 1.2390e-01     1.4340      8.701     12.620     9.5029 0.0000e+00
      8.875      0.021     0.0536      0.486     52.812  36.440238     1.3584      6.449    72.2022 1.2535e-01     1.4260      8.705     12.625     9.5011 0.0000e+00
      8.878      0.022     0.0528      0.491     52.853  36.467163     1.3865      6.449    71.6682 1.2673e-01     1.4338      8.706     12.626     9.5007 0.0000e+00
      8.882      0.024     0.0584      0.517     52.938  36.523973     1.4142      6.449    71.1107 1.2541e-01     1.4260      8.708     12.631     9.5008 0.0000e+00
      8.887      0.026     0.0573      0.530     52.987  36.556377     1.4275      6.449    70.6244 1.2396e-01     1.4010      8.714     12.638     9.4996 0.0000e+00
      8.896      0.026     0.0550      0.528     52.967  36.541874     1.4222      6.449    70.1764 1.2396e-01     1.3697      8.723     12.652     9.4977 0.0000e+00
      8.907      0.026     0.0539      0.527     52.962  36.538863     1.4164      6.449    69.4789 1.2403e-01     1.3885      8.736     12.669     9.4960 0.0000e+00
      8.916      0.025     0.0608      0.521     53.026  36.583395     1.4244      6.449    68.7300 1.2388e-01     1.4240      8.747     12.686     9.4944 0.0000e+00
      8.921      0.024     0.0613      0.517     53.105  36.636385     1.4357      6.449    68.1766 1.2376e-01     1.4230      8.749     12.690     9.4927 0.0000e+00
      8.922      0.023     0.0596      0.517     53.162  36.672230     1.4359      6.449    67.5198 1.2377e-01     1.4454      8.748     12.687     9.4917 0.0000e+00
