Data/DataNotYetUploadedToEDI/Raw_CTD/RawDownloads/051225_bvr50_S7809002.cnv
* Sea-Bird SBE19plus  Data File:
* FileName = C:\R\Reservoirs\Data\DataNotYetUploadedToEDI\Raw_CTD\RawDownloads\050525_fcr50_S7809_0002.hex
* Software version 2.8.0.119
* Temperature SN = 7809
* Conductivity SN = 7809
* System UpLoad Time = May 17 2025 20:00:54
* <ApplicationData>
* <Seaterm232>
# nquan = 15
# nvalues = 2344                        
# units = specified
# name 0 = depFM: Depth [fresh water, m]
# name 1 = dz/dtM: Descent Rate [m/s]
# name 2 = sbeox0Mg/L: Oxygen, SBE 43 [mg/l]
# name 3 = sbeox0PS: Oxygen, SBE 43 [% saturation]
# name 4 = specc: Specific Conductance [uS/cm]
# name 5 = c0uS/cm: Conductivity [uS/cm]
# name 6 = flECO-AFL: Fluorescence, WET Labs ECO-AFL/FL [mg/m^3]
# name 7 = ph: pH
# name 8 = orp: Oxidation Reduction Potential [mV]
# name 9 = par/sat/log: PAR/Logarithmic, Satlantic
# name 10 = turbWETntu0: Turbidity, WET Labs ECO [NTU]
# name 11 = prdM: Pressure, Strain Gauge [db]
# name 12 = prdE: Pressure, Strain Gauge [psi]
# name 13 = tv290C: Temperature [ITS-90, deg C]
# name 14 = flag:  0.000e+00
# span 0 =     -0.673,      6.226       
# span 1 =     -0.322,      0.261       
# span 2 =    -0.0166,     9.6459       
# span 3 =     -0.121,    102.636       
# span 4 =      0.800,    377.906       
# span 5 =   0.649322, 268.302823       
# span 6 =    -0.0704,    47.1131       
# span 7 =      6.494,      8.351       
# span 8 =  -119.0581,   318.3481       
# span 9 = 1.2361e-01, 2.1788e+02       
# span 10 =    -0.1694,    97.3715      
# span 11 =     -0.661,      6.107      
# span 12 =     -0.959,      8.857      
# span 13 =    10.4939,    18.6578      
# span 14 = 0.0000e+00, 0.0000e+00      
# interval = seconds: 0.25
# start_time = May 12 2025 10:53:16 [Instrument's time stamp, header]
# bad_flag = -9.990e-29
*END*
[from data line 1254]
      2.322      0.005     0.7036      6.358     33.150  26.937633     5.9889      8.046   292.2977 5.9620e-01    11.7031      2.277      3.302    15.7435 0.0000e+00
      2.324      0.006     0.6796      6.172     32.974  26.788348     6.0072      8.043   292.3424 5.9204e-01    11.7434      2.279      3.306    15.7486 0.0000e+00
      2.327      0.006     0.6648      5.972     32.764  26.663517     5.8334      8.040   292.3170 5.9034e-01    11.7921      2.282      3.309    15.7327 0.0000e+00
      2.329      0.005     0.6477      5.838     32.549  26.569977     5.4934      8.037   292.2485 5.9483e-01    11.8482      2.284      3.313    15.6901 0.0000e+00
      2.330      0.003     0.6336      5.931     32.412  26.545371     5.3171      8.036   292.2029 5.9452e-01    11.9095      2.285      3.315    15.6081 0.0000e+00
      2.330      0.001     0.6161      6.479     32.337  26.556373     5.3247      8.034   292.2819 5.7142e-01    11.9873      2.285      3.314    15.5829 0.0000e+00
      2.329      0.000     0.5915      7.678     32.296  26.576251     5.3361      8.029   292.4285 5.5940e-01    12.1054      2.284      3.313    15.6698 0.0000e+00
      2.329     -0.001     0.5719      9.527     32.273  26.595507     5.3129      8.026   292.5134 5.6437e-01    12.2098      2.283      3.312    15.8102 0.0000e+00
      2.329     -0.001     0.5700     11.762     32.248  26.598980     5.2776      8.025   292.5338 5.6107e-01    12.1906      2.284      3.312    15.9550 0.0000e+00
      2.329     -0.001     0.6152     14.091     32.259  26.618267     5.2672      8.023   292.5888 5.6486e-01    12.1464      2.284      3.313    16.0711 0.0000e+00
      2.328     -0.001     0.7294     16.289     32.281  26.638457     5.2786      8.020   292.6625 5.7686e-01    12.1196      2.283      3.312    16.1477 0.0000e+00
      2.328     -0.001     0.9239     18.132     32.300  26.652831     5.3495      8.018   292.7367 5.8258e-01    12.0026      2.283      3.311    16.2076 0.0000e+00
      2.327      0.000     1.1527     19.472     32.322  26.665218     5.4916      8.016   292.7976 5.7688e-01    11.9269      2.282      3.310    16.2486 0.0000e+00
      2.327      0.000     1.3867     20.253     32.336  26.661375     5.5811      8.014   292.7962 5.6839e-01    11.9569      2.281      3.309    16.2560 0.0000e+00
      2.327      0.001     1.6123     20.474     32.376  26.669776     5.6001      8.012   292.8062 5.6352e-01    11.9893      2.282      3.309    16.2547 0.0000e+00
      2.328      0.001     1.7975     20.204     32.463  26.703337     5.5884      8.009   292.8325 5.5292e-01    11.9770      2.283      3.311    16.2588 0.0000e+00
      2.329      0.001     1.9308     19.597     32.583  26.749993     5.5301      8.007   292.8555 5.5157e-01    11.8768      2.284      3.313    16.2501 0.0000e+00
      2.329      0.001     2.0086     18.806     32.699  26.789879     5.4779      8.007   292.9128 5.6037e-01    11.8360      2.285      3.314    16.2266 0.0000e+00
      2.329      0.000     2.0304     17.903     32.768  26.804990     5.4824      8.006   293.0086 5.5722e-01    11.9289      2.284      3.313    16.1913 0.0000e+00
      2.329 1.8288e-08     1.9998     16.908     32.785  26.805796     5.5008      8.004   293.0671 5.5746e-01    11.8383      2.284      3.312    16.1325 0.0000e+00
      2.329 2.0117e-07     1.9374     15.842     32.770  26.799621     5.5011      8.002   293.0181 5.6503e-01    11.5268      2.283      3.312    16.0501 0.0000e+00
      2.329 1.6394e-07     1.8613     14.753     32.754  26.793751     5.5019      8.001   292.9322 5.6148e-01    11.3379      2.284      3.312    15.9525 0.0000e+00
      2.328 -4.319e-07     1.7750     13.752     32.753  26.798258     5.4859      8.000   292.8886 5.5257e-01    11.3652      2.283      3.311    15.8769 0.0000e+00
      2.328      0.000     1.6756     12.912     32.742  26.790706     5.3748      7.999   292.8354 5.4401e-01    11.6524      2.283      3.312    15.8678 0.0000e+00
      2.329      0.000     1.5692     12.219     32.718  26.765856     5.1736      7.996   292.7184 5.4379e-01    12.0435      2.284      3.312    15.8895 0.0000e+00
      2.329     -0.001     1.4559     11.677     32.707  26.751490     5.0419      7.994   292.6794 5.5676e-01    12.1664      2.285      3.313    15.8969 0.0000e+00
      2.329     -0.002     1.3528     11.258     32.694  26.743842     5.0066      7.993   292.7944 5.6826e-01    12.1130      2.285      3.314    15.9078 0.0000e+00
      2.328     -0.003     1.2729     10.935     32.673  26.736817     4.8466      7.991   292.9039 5.7139e-01    12.2511      2.283      3.312    15.9135 0.0000e+00
      2.326     -0.003     1.2025     10.744     32.650  26.729981     4.5471      7.989   292.8858 5.6763e-01    12.5724      2.281      3.309    15.8990 0.0000e+00
      2.325     -0.004     1.1506     10.677     32.630  26.724625     4.3656      7.987   292.8330 5.6101e-01    12.7181      2.280      3.307    15.8849 0.0000e+00
      2.325     -0.004     1.1123     10.726     32.633  26.735486     4.3250      7.986   292.9532 5.6067e-01    12.6461      2.280      3.307    15.8910 0.0000e+00
      2.324     -0.003     1.0750     10.907     32.627  26.734466     4.3222      7.985   293.2213 5.6347e-01    12.5566      2.280      3.307    15.9128 0.0000e+00
      2.323     -0.001     1.0582     11.188     32.598  26.712304     4.4235      7.984   293.4074 5.5511e-01    12.5927      2.278      3.305    15.9303 0.0000e+00
      2.322      0.001     1.0520     11.531     32.610  26.721214     4.6179      7.983   293.4829 5.4918e-01    12.7414      2.278      3.304    15.9471 0.0000e+00
      2.322      0.003     1.0535     11.879     32.684  26.778779     4.7165      7.982   293.5313 5.6318e-01    12.7493      2.277      3.302    15.9632 0.0000e+00
      2.324      0.003     1.0744     12.159     32.767  26.837507     4.7003      7.980   293.5624 5.6646e-01    12.6196      2.278      3.305    15.9677 0.0000e+00
      2.327      0.003     1.1026     12.336     32.817  26.860475     4.6467      7.979   293.6010 5.4966e-01    12.6074      2.282      3.310    15.9697 0.0000e+00
      2.330      0.003     1.1381     12.373     32.858  26.866190     4.5585      7.979   293.6533 5.4249e-01    12.7044      2.285      3.314    15.9686 0.0000e+00
      2.331      0.003     1.1766     12.197     32.946  26.906585     4.4918      7.978   293.6789 5.4320e-01    12.7329      2.286      3.316    15.9644 0.0000e+00
      2.329      0.003     1.2046     11.757     33.071  26.968305     4.4812      7.977   293.6522 5.5074e-01    12.6452      2.284      3.312    15.9551 0.0000e+00
      2.326      0.003     1.2232     11.056     33.151  26.978168     4.6547      7.977   293.5890 5.6033e-01    12.4986      2.281      3.308    15.9283 0.0000e+00
      2.327      0.003     1.2324     10.151     33.191  26.962344     5.0000      7.976   293.6889 5.5938e-01    12.4291      2.280      3.307    15.8785 0.0000e+00
      2.331      0.002     1.2172      9.139     33.221  26.967188     5.2021      7.974   294.0005 5.5298e-01    12.4879      2.286      3.315    15.8335 0.0000e+00
      2.335      0.001     1.1750      8.069     33.228  26.973287     5.2006      7.972   294.1727 5.3760e-01    12.4921      2.292      3.324    15.7842 0.0000e+00
      2.335      0.000     1.1065      7.012     33.224  26.972665     5.0238      7.970   294.1357 5.3025e-01    12.4451      2.291      3.323    15.6825 0.0000e+00
      2.332     -0.001     1.0134      6.136     33.205  26.959679     4.7450      7.970   294.0699 5.3764e-01    12.5348      2.287      3.317    15.5915 0.0000e+00
      2.329     -0.002     0.9118      5.529     33.176  26.943118     4.6264      7.969   293.9799 5.3565e-01    12.6543      2.284      3.312    15.5720 0.0000e+00
      2.328     -0.002     0.8053      5.169     33.185  26.962713     4.6381      7.967   293.8215 5.2683e-01    12.6604      2.283      3.311    15.5860 0.0000e+00
      2.328     -0.001     0.6902      5.026     33.229  27.006339     4.7034      7.966   293.7033 5.2348e-01    12.5060      2.283      3.312    15.5890 0.0000e+00
      2.329      0.000     0.6005      5.069     33.263  27.026639     4.8341      7.965   293.8414 5.2384e-01    12.2223      2.284      3.314    15.5902 0.0000e+00
      2.331      0.001     0.5424      5.264     33.267  27.017883     4.9201      7.964   294.1142 5.1705e-01    12.0991      2.286      3.316    15.5989 0.0000e+00
      2.331      0.001     0.5064      5.521     33.284  27.027306     4.9439      7.963   294.2483 5.1056e-01    12.1780      2.286      3.315    15.6219 0.0000e+00
      2.330      0.000     0.4939      5.727     33.347  27.077137     4.9392      7.962   294.3443 5.2087e-01    12.2201      2.285      3.314    15.6449 0.0000e+00
      2.330      0.000     0.4981      5.819     33.394  27.113000     4.9459      7.961   294.5007 5.3005e-01    12.1632      2.285      3.314    15.6229 0.0000e+00
      2.330      0.000     0.5217      5.834     33.437  27.143811     4.9924      7.959   294.5907 5.2938e-01    12.1061      2.285      3.314    15.5968 0.0000e+00
      2.330      0.001     0.5515      5.812     33.518  27.195971     5.0256      7.958   294.6583 5.2417e-01    12.1445      2.285      3.314    15.5973 0.0000e+00
      2.330      0.001     0.5753      5.743     33.596  27.236255     5.0320      7.957   294.7160 5.1874e-01    12.2179      2.285      3.315    15.5955 0.0000e+00
      2.331      0.000     0.5820      5.632     33.631  27.250307     4.8954      7.956   294.6864 5.1790e-01    12.2073      2.286      3.316    15.5918 0.0000e+00
      2.332     -0.001     0.5809      5.483     33.622  27.239005     4.6215      7.955   294.7303 5.1525e-01    12.1518      2.287      3.317    15.5933 0.0000e+00
      2.332     -0.002     0.5812      5.280     33.622  27.226449     4.4840      7.954   294.9024 5.0922e-01    12.1627      2.287      3.317    15.5745 0.0000e+00
      2.331     -0.003     0.5742      5.038     33.653  27.225332     4.5146      7.954   295.0461 5.1241e-01    12.2024      2.286      3.315    15.5241 0.0000e+00
      2.329     -0.003     0.5624      4.785     33.676  27.225458     4.7920      7.953   295.0917 5.2621e-01    12.2565      2.284      3.312    15.4984 0.0000e+00
      2.327     -0.003     0.5496      4.564     33.679  27.227955     5.2655      7.952   295.1957 5.3062e-01    12.3382      2.282      3.309    15.5141 0.0000e+00
      2.326     -0.002     0.5279      4.412     33.701  27.255524     5.5122      7.951   295.4425 5.3076e-01    12.3705      2.281      3.308    15.4978 0.0000e+00
      2.326      0.000     0.5034      4.289     33.754  27.305109     5.5440      7.950   295.5813 5.3134e-01    12.3744      2.281      3.308    15.4381 0.0000e+00
      2.326      0.001     0.4780      4.159     33.777  27.320091     5.4750      7.948   295.4965 5.2146e-01    12.3847      2.280      3.306    15.4061 0.0000e+00
      2.327      0.001     0.4519      4.040     33.779  27.309820     5.3113      7.947   295.3636 5.1473e-01    12.3930      2.281      3.308    15.4137 0.0000e+00
      2.328      0.001     0.4400      3.919     33.795  27.307754     5.2209      7.946   295.2643 5.1905e-01    12.3719      2.284      3.312    15.4355 0.0000e+00
      2.329      0.000     0.4296      3.745     33.799  27.295092     5.2145      7.946   295.1567 5.2386e-01    12.3009      2.285      3.314    15.4504 0.0000e+00
      2.328     -0.000     0.4145      3.540     33.801  27.283566     5.3581      7.946   295.0948 5.1908e-01    12.3195      2.284      3.313    15.4425 0.0000e+00
      2.327     -0.000     0.4029      3.327     33.825  27.295222     5.6343      7.945   295.2053 5.1424e-01    12.3924      2.282      3.309    15.4217 0.0000e+00
      2.326     -0.001     0.3951      3.097     33.844  27.309165     5.7737      7.944   295.4601 5.2326e-01    12.3624      2.280      3.307    15.3977 0.0000e+00
      2.326     -0.001     0.3756      2.881     33.861  27.325296     5.7707      7.943   295.6810 5.2864e-01    12.3658      2.281      3.308    15.3740 0.0000e+00
      2.327     -0.001     0.3533      2.694     33.905  27.363424     5.7474      7.941   295.8107 5.2584e-01    12.3997      2.282      3.310    15.3522 0.0000e+00
      2.327      0.000     0.3353      2.564     33.939  27.389623     5.6258      7.939   295.9098 5.2230e-01    12.2938      2.283      3.311    15.3392 0.0000e+00
      2.327      0.000     0.3081      2.500     33.944  27.388367     5.4238      7.937   296.0186 5.2211e-01    12.1107      2.283      3.311    15.3395 0.0000e+00
      2.326      0.001     0.2882      2.466     33.899  27.348227     5.3110      7.937   296.1793 5.2797e-01    11.9619      2.281      3.308    15.3467 0.0000e+00
      2.325      0.002     0.2673      2.438     33.810  27.284831     5.2695      7.937   296.3039 5.2657e-01    11.9299      2.279      3.306    15.3510 0.0000e+00
      2.326      0.002     0.2534      2.412     33.747  27.256105     5.1455      7.935   296.3215 5.2022e-01    12.0309      2.281      3.308    15.3492 0.0000e+00
      2.329      0.002     0.2500      2.410     33.710  27.254634     4.9443      7.933   296.3059 5.2225e-01    12.0544      2.284      3.312    15.3405 0.0000e+00
      2.331      0.001     0.2464      2.469     33.695  27.267079     4.8345      7.932   296.2878 5.1817e-01    11.9411      2.286      3.316    15.3271 0.0000e+00
      2.331      0.000     0.2448      2.629     33.691  27.279750     4.8250      7.932   296.2744 5.0869e-01    11.8910      2.286      3.316    15.3369 0.0000e+00
      2.330     -0.001     0.2399      2.884     33.686  27.281015     4.8456      7.931   296.2301 5.1500e-01    11.9274      2.285      3.315    15.3774 0.0000e+00
      2.327     -0.001     0.2396      3.212     33.694  27.282379     4.9007      7.930   296.2679 5.3145e-01    11.9707      2.283      3.310    15.4223 0.0000e+00
      2.326     -0.001     0.2416      3.564     33.720  27.296226     4.9333      7.929   296.3869 5.4071e-01    11.9711      2.280      3.307    15.4628 0.0000e+00
      2.327      0.000     0.2596      3.867     33.760  27.321586     4.9238      7.928   296.3793 5.3305e-01    11.8977      2.282      3.309    15.4901 0.0000e+00
      2.328 -1.861e-08     0.2849      4.088     33.784  27.335301     4.8690      7.926   296.3477 5.2589e-01    11.7667      2.284      3.312    15.4947 0.0000e+00
      2.329 -2.047e-07     0.3187      4.204     33.792  27.335199     4.7860      7.925   296.3488 5.3116e-01    11.6853      2.284      3.313    15.4825 0.0000e+00
      2.329 -2.046e-07     0.3589      4.210     33.779  27.320342     4.7611      7.925   296.3069 5.3169e-01    11.7341      2.284      3.313    15.4684 0.0000e+00
      2.328 -1.693e-08     0.3879      4.106     33.737  27.282519     4.7681      7.924   296.3566 5.2113e-01    11.7408      2.284      3.312    15.4606 0.0000e+00
      2.327 -1.677e-10     0.4128      3.926     33.717  27.258429     4.7466      7.923   296.5205 5.0670e-01    11.6641      2.282      3.310    15.4531 0.0000e+00
      2.327 -1.845e-09     0.4229      3.730     33.757  27.282751     4.7420      7.921   296.6540 4.9445e-01    11.6951      2.281      3.309    15.4414 0.0000e+00
      2.327 -2.030e-08     0.4251      3.551     33.812  27.322884     4.7702      7.920   296.5937 4.9102e-01    11.8085      2.282      3.309    15.4350 0.0000e+00
      2.328 -2.232e-07     0.4130      3.389     33.866  27.363130     4.7884      7.920   296.4792 4.9221e-01    11.8395      2.283      3.311    15.4322 0.0000e+00
      2.328 -5.927e-07     0.3926      3.243     33.905  27.388813     4.7781      7.919   296.5603 4.9848e-01    11.7628      2.284      3.312    15.4196 0.0000e+00
