Data/DataNotYetUploadedToEDI/Raw_CTD/RawDownloads/051222_bvr40_0008.cnv
* Sea-Bird SBE19plus  Data File:
* FileName = C:\R\Reservoirs\Data\DataNotYetUploadedToEDI\Raw_CTD\RawDownloads\051222_fcr50_0008.hex
* Software version 2.8.0.119
* Temperature SN = 7809
* Conductivity SN = 7809
* System UpLoad Time = May 13 2022 11:14:48
* <ApplicationData>
* <Seaterm232>
# nquan = 15
# nvalues = 3222                        
# units = specified
# name 0 = depFM: Depth [fresh water, m]
# name 1 = dz/dtM: Descent Rate [m/s]
# name 2 = sbeox0Mg/L: Oxygen, SBE 43 [mg/l]
# name 3 = sbeox0PS: Oxygen, SBE 43 [% saturation]
# name 4 = specc: Specific Conductance [uS/cm]
# name 5 = c0uS/cm: Conductivity [uS/cm]
# name 6 = flECO-AFL: Fluorescence, WET Labs ECO-AFL/FL [mg/m^3]
# name 7 = ph: pH
# name 8 = orp: Oxidation Reduction Potential [mV]
# name 9 = par/sat/log: PAR/Logarithmic, Satlantic
# name 10 = turbWETntu0: Turbidity, WET Labs ECO [NTU]
# name 11 = prdM: Pressure, Strain Gauge [db]
# name 12 = prdE: Pressure, Strain Gauge [psi]
# name 13 = tv290C: Temperature [ITS-90, deg C]
# name 14 = flag:  0.000e+00
# span 0 =     -0.693,      4.431       
# span 1 =     -0.202,      0.193       
# span 2 =    -0.0751,     9.5550       
# span 3 =     -0.390,    102.258       
# span 4 =      2.786,     86.341       
# span 5 =   2.622272,  65.827236       
# span 6 =    -0.8579,    10.8574       
# span 7 =     -2.722,     12.104       
# span 8 = -1240.7455,   917.9483       
# span 9 = 1.2931e+00, 1.3370e+03       
# span 10 =    -1.2972,    57.8402      
# span 11 =     -0.680,      4.346      
# span 12 =     -0.986,      6.303      
# span 13 =    12.4964,    22.0809      
# span 14 = 0.0000e+00, 0.0000e+00      
# interval = seconds: 0.25
# start_time = May 12 2022 10:10:20 [Instrument's time stamp, header]
# bad_flag = -9.990e-29
*END*
[from data line 1735]
      3.960      0.011     4.6393     44.961     28.152  21.587445     9.6951      7.129   302.9772 4.5108e+00     2.7850      3.884      5.633    13.4187 0.0000e+00
      3.962      0.011     4.6769     44.822     28.172  21.609815     9.7101      7.128   303.0080 4.4960e+00     2.8073      3.885      5.635    13.3757 0.0000e+00
      3.964      0.011     4.6996     44.605     28.193  21.623422     9.7111      7.126   303.0481 4.4765e+00     2.7973      3.888      5.638    13.3420 0.0000e+00
      3.967      0.012     4.7097     44.360     28.215  21.625217     9.7001      7.125   303.0319 4.4600e+00     2.8010      3.890      5.641    13.3248 0.0000e+00
      3.970      0.012     4.7066     44.132     28.242  21.631511     9.6930      7.124   302.9838 4.4490e+00     2.8185      3.894      5.647    13.3327 0.0000e+00
      3.974      0.012     4.6874     43.907     28.255  21.636141     9.6919      7.121   303.0685 4.4334e+00     2.8044      3.898      5.654    13.3593 0.0000e+00
      3.978      0.012     4.6636     43.656     28.234  21.617812     9.6709      7.119   303.1958 4.4154e+00     2.8014      3.902      5.658    13.3583 0.0000e+00
      3.980      0.013     4.6393     43.416     28.221  21.599997     9.6213      7.118   303.2329 4.4039e+00     2.8162      3.904      5.661    13.3160 0.0000e+00
      3.983      0.013     4.6198     43.221     28.252  21.610846     9.5913      7.117   303.2588 4.4036e+00     2.8119      3.905      5.664    13.2845 0.0000e+00
      3.986      0.013     4.5991     43.052     28.286  21.622226     9.5917      7.115   303.2506 4.3983e+00     2.8180      3.909      5.669    13.2842 0.0000e+00
      3.989      0.014     4.5696     42.895     28.286  21.610848     9.5930      7.113   303.2206 4.3811e+00     2.8217      3.912      5.674    13.2847 0.0000e+00
      3.994      0.014     4.5443     42.725     28.275  21.599993     9.5895      7.112   303.2398 4.3606e+00     2.7877      3.917      5.681    13.2710 0.0000e+00
      3.998      0.013     4.5283     42.522     28.287  21.617712     9.5831      7.110   303.3112 4.3417e+00     2.7495      3.921      5.687    13.2459 0.0000e+00
      4.002      0.012     4.5134     42.304     28.290  21.634994     9.5824      7.109   303.4808 4.3309e+00     2.7693      3.925      5.693    13.2154 0.0000e+00
      4.004      0.012     4.5005     42.102     28.250  21.618864     9.6063      7.107   303.6560 4.3259e+00     2.8222      3.928      5.697    13.1905 0.0000e+00
      4.006      0.011     4.4848     41.938     28.229  21.612806     9.6378      7.104   303.7087 4.3153e+00     2.8086      3.928      5.697    13.1855 0.0000e+00
      4.008      0.011     4.4603     41.823     28.236  21.625121     9.6474      7.101   303.6877 4.3051e+00     2.7413      3.931      5.701    13.2046 0.0000e+00
      4.011      0.012     4.4330     41.745     28.249  21.641042     9.6479      7.101   303.6597 4.3011e+00     2.7262      3.933      5.705    13.2352 0.0000e+00
      4.015      0.012     4.4083     41.651     28.292  21.678572     9.6683      7.099   303.6291 4.2914e+00     2.7962      3.937      5.711    13.2643 0.0000e+00
      4.019      0.013     4.3890     41.491     28.317  21.698691     9.7027      7.097   303.6618 4.2721e+00     2.9046      3.941      5.716    13.2802 0.0000e+00
      4.023      0.013     4.3763     41.261     28.312  21.694198     9.7147      7.095   303.7103 4.2499e+00     2.9428      3.945      5.721    13.2904 0.0000e+00
      4.025      0.012     4.3691     40.980     28.306  21.687610     9.7052      7.093   303.6993 4.2311e+00     2.8828      3.947      5.725    13.3032 0.0000e+00
      4.028      0.012     4.3612     40.683     28.306  21.682404     9.7043      7.090   303.7018 4.2229e+00     2.8967      3.950      5.729    13.3096 0.0000e+00
      4.030      0.012     4.3440     40.398     28.340  21.694613     9.7116      7.088   303.7399 4.2236e+00     2.9737      3.952      5.733    13.3103 0.0000e+00
      4.033      0.012     4.3193     40.129     28.385  21.708488     9.7105      7.087   303.7294 4.2226e+00     2.9597      3.955      5.736    13.3087 0.0000e+00
      4.037      0.013     4.2890     39.886     28.436  21.723403     9.7079      7.086   303.7481 4.2127e+00     2.9328      3.958      5.741    13.3065 0.0000e+00
      4.040      0.014     4.2560     39.661     28.503  21.748183     9.7219      7.085   303.8801 4.1939e+00     2.9563      3.962      5.746    13.3033 0.0000e+00
      4.044      0.014     4.2298     39.424     28.542  21.754594     9.8299      7.084   304.0340 4.1729e+00     2.9705      3.966      5.751    13.2792 0.0000e+00
      4.048      0.014     4.2044     39.144     28.542  21.737524    10.0145      7.083   304.1470 4.1431e+00     2.9677      3.970      5.757    13.2380 0.0000e+00
      4.053      0.013     4.1829     38.787     28.547  21.731869    10.1068      7.081   304.1279 4.1148e+00     2.9563      3.974      5.765    13.1950 0.0000e+00
      4.057      0.013     4.1658     38.343     28.580  21.749583    10.1134      7.079   304.0604 4.1185e+00     2.9697      3.979      5.770    13.1461 0.0000e+00
      4.059      0.012     4.1455     37.828     28.606  21.761587    10.1364      7.077   304.1049 4.1268e+00     3.0275      3.981      5.773    13.1001 0.0000e+00
      4.060      0.011     4.1209     37.299     28.600  21.750265    10.1680      7.075   304.1499 4.1083e+00     3.0398      3.982      5.775    13.0713 0.0000e+00
      4.063      0.011     4.0842     36.821     28.595  21.739425    10.1708      7.073   304.0887 4.0928e+00     2.9822      3.984      5.779    13.0597 0.0000e+00
      4.066      0.011     4.0383     36.412     28.625  21.757242    10.1533      7.070   304.0529 4.0949e+00     2.9457      3.988      5.784    13.0485 0.0000e+00
      4.070      0.011     3.9835     36.084     28.656  21.775573    10.0979      7.068   304.0608 4.0941e+00     2.9742      3.991      5.789    13.0334 0.0000e+00
      4.073      0.012     3.9250     35.834     28.656  21.770956    10.0013      7.068   304.0119 4.0686e+00     2.9847      3.994      5.794    13.0202 0.0000e+00
      4.075      0.012     3.8767     35.639     28.654  21.764776     9.9419      7.067   303.9783 4.0388e+00     2.9368      3.996      5.796    13.0085 0.0000e+00
      4.078      0.013     3.8332     35.493     28.663  21.764216     9.9286      7.064   303.9983 4.0335e+00     2.9068      3.999      5.800    12.9994 0.0000e+00
      4.081      0.014     3.7989     35.382     28.681  21.764181     9.9073      7.061   303.9965 4.0214e+00     2.9290      4.002      5.806    12.9928 0.0000e+00
      4.085      0.014     3.7754     35.271     28.702  21.764334     9.8678      7.059   304.0428 3.9944e+00     2.9669      4.005      5.809    12.9836 0.0000e+00
      4.089      0.014     3.7548     35.115     28.720  21.766051     9.8342      7.058   304.2138 3.9775e+00     2.9546      4.009      5.815    12.9759 0.0000e+00
      4.094      0.014     3.7407     34.893     28.754  21.784930     9.8172      7.056   304.2569 3.9649e+00     2.9175      4.015      5.824    12.9684 0.0000e+00
      4.098      0.014     3.7327     34.617     28.784  21.802483     9.8194      7.055   304.1344 3.9509e+00     2.9961      4.019      5.829    12.9413 0.0000e+00
      4.100      0.013     3.7258     34.316     28.774  21.788173     9.8447      7.054   304.1093 3.9360e+00     3.1533      4.021      5.831    12.9058 0.0000e+00
      4.103      0.013     3.7118     34.009     28.800  21.802000     9.8740      7.052   304.1251 3.9110e+00     3.2131      4.023      5.835    12.8870 0.0000e+00
      4.106      0.013     3.6883     33.706     28.861  21.842922     9.8813      7.051   304.0671 3.8856e+00     3.2075      4.027      5.840    12.8794 0.0000e+00
      4.109      0.013     3.6587     33.417     28.862  21.839362     9.8831      7.050   304.0958 3.8828e+00     3.2217      4.030      5.845    12.8695 0.0000e+00
      4.113      0.013     3.6271     33.129     28.846  21.822322     9.8873      7.048   304.2145 3.8865e+00     3.2486      4.033      5.849    12.8567 0.0000e+00
      4.116      0.013     3.5956     32.834     28.856  21.827005     9.8824      7.046   304.2980 3.8745e+00     3.2591      4.036      5.854    12.8462 0.0000e+00
      4.120      0.013     3.5630     32.539     28.866  21.832611     9.8819      7.044   304.3313 3.8635e+00     3.2464      4.040      5.860    12.8386 0.0000e+00
      4.123      0.012     3.5343     32.244     28.861  21.826733     9.8899      7.043   304.2727 3.8565e+00     3.2310      4.043      5.864    12.8296 0.0000e+00
      4.126      0.012     3.5053     31.968     28.854  21.819294     9.9469      7.042   304.1918 3.8435e+00     3.2784      4.046      5.868    12.8211 0.0000e+00
      4.128      0.011     3.4731     31.726     28.839  21.806040    10.0542      7.040   304.1272 3.8275e+00     3.4084      4.048      5.872    12.8171 0.0000e+00
      4.131      0.010     3.4430     31.539     28.823  21.793214    10.1135      7.038   304.0940 3.8172e+00     3.4710      4.051      5.876    12.8142 0.0000e+00
      4.134      0.010     3.4109     31.440     28.821  21.790957    10.1144      7.037   304.1343 3.8134e+00     3.4207      4.054      5.880    12.8099 0.0000e+00
      4.136      0.010     3.3814     31.390     28.807  21.778749    10.1152      7.035   304.1842 3.8099e+00     3.3811      4.056      5.883    12.8048 0.0000e+00
      4.138      0.010     3.3566     31.348     28.800  21.772341    10.1234      7.033   304.1813 3.8047e+00     3.4017      4.058      5.886    12.8018 0.0000e+00
      4.141      0.010     3.3329     31.363     28.808  21.776846    10.1221      7.032   304.1852 3.7939e+00     3.4308      4.060      5.889    12.8019 0.0000e+00
      4.144      0.010     3.3254     31.454     28.800  21.769837    10.1071      7.031   304.2315 3.7819e+00     3.4257      4.063      5.893    12.8009 0.0000e+00
      4.147      0.010     3.3240     31.582     28.776  21.750964    10.0586      7.029   304.2250 3.7738e+00     3.4087      4.067      5.898    12.7982 0.0000e+00
      4.150      0.010     3.3148     31.707     28.760  21.738760     9.9859      7.025   304.1069 3.7744e+00     3.4297      4.069      5.901    12.7956 0.0000e+00
      4.152      0.010     3.3162     31.808     28.773  21.749024     9.9515      7.023   304.0071 3.7767e+00     3.4406      4.071      5.906    12.7933 0.0000e+00
      4.154      0.009     3.3285     31.894     28.771  21.748333     9.9421      7.022   304.0511 3.7647e+00     3.4040      4.074      5.909    12.7908 0.0000e+00
      4.156      0.009     3.3431     31.989     28.746  21.730402     9.9226      7.021   304.1228 3.7475e+00     3.3974      4.076      5.911    12.7891 0.0000e+00
      4.159      0.008     3.3578     32.103     28.732  21.722326     9.8745      7.019   304.1858 3.7227e+00     3.5324      4.078      5.915    12.7897 0.0000e+00
      4.161      0.008     3.3676     32.216     28.717  21.714060     9.8093      7.018   304.2102 3.6970e+00     3.7713      4.080      5.918    12.7905 0.0000e+00
      4.163      0.008     3.3760     32.327     28.687  21.693826     9.7750      7.016   304.1597 3.6972e+00     3.8951      4.082      5.921    12.7913 0.0000e+00
      4.165      0.009     3.3845     32.440     28.649  21.667792     9.7600      7.015   304.1779 3.6985e+00     3.9020      4.084      5.924    12.7935 0.0000e+00
      4.167      0.009     3.3982     32.543     28.625  21.652766     9.7441      7.014   304.2575 3.6813e+00     3.9234      4.086      5.926    12.7978 0.0000e+00
      4.170      0.009     3.4094     32.636     28.600  21.638883     9.7248      7.012   304.2630 3.6704e+00     3.9481      4.089      5.931    12.8038 0.0000e+00
      4.172      0.009     3.4197     32.732     28.577  21.626676     9.7090      7.012   304.2444 3.6694e+00     3.9277      4.092      5.934    12.8095 0.0000e+00
      4.174      0.009     3.4336     32.858     28.579  21.631912     9.7034      7.011   304.3763 3.6676e+00     3.8816      4.094      5.937    12.8118 0.0000e+00
      4.176      0.008     3.4427     33.013     28.585  21.638833     9.6816      7.009   304.5674 3.6649e+00     3.9375      4.095      5.939    12.8155 0.0000e+00
      4.178      0.008     3.4524     33.184     28.590  21.646993     9.6533      7.007   304.6620 3.6615e+00     4.0906      4.097      5.942    12.8272 0.0000e+00
      4.181      0.007     3.4593     33.364     28.610  21.667208     9.6523      7.005   304.7457 3.6576e+00     4.1614      4.100      5.946    12.8389 0.0000e+00
      4.183      0.007     3.4727     33.543     28.637  21.693148     9.6614      7.003   304.8045 3.6532e+00     4.1444      4.102      5.950    12.8438 0.0000e+00
      4.184      0.007     3.4899     33.706     28.650  21.707166     9.6885      7.001   304.8565 3.6466e+00     4.1586      4.104      5.952    12.8468 0.0000e+00
      4.185      0.006     3.5072     33.833     28.651  21.709971     9.7394      6.998   305.0315 3.6423e+00     4.1970      4.105      5.953    12.8521 0.0000e+00
      4.186      0.005     3.5262     33.890     28.676  21.727054     9.7681      6.996   305.1987 3.6448e+00     4.1645      4.106      5.955    12.8619 0.0000e+00
      4.188      0.005     3.5446     33.841     28.757  21.786977     9.7697      6.995   305.3298 3.6457e+00     4.1070      4.107      5.957    12.8745 0.0000e+00
      4.189      0.005     3.5617     33.682     28.860  21.864173     9.7255      6.994   305.4973 3.6454e+00     4.1166      4.108      5.958    12.8833 0.0000e+00
      4.191      0.005     3.5762     33.412     28.908  21.900007     9.6423      6.991   305.5901 3.6468e+00     4.1786      4.110      5.960    12.8846 0.0000e+00
      4.192      0.004     3.5844     33.010     28.913  21.903389     9.6033      6.989   305.6767 3.6469e+00     4.2409      4.111      5.962    12.8806 0.0000e+00
      4.193      0.004     3.5796     32.484     28.917  21.905073     9.6036      6.988   305.7702 3.6508e+00     4.2218      4.112      5.964    12.8763 0.0000e+00
      4.194      0.003     3.5619     31.879     28.942  21.920360     9.5871      6.988   305.7739 3.6514e+00     4.1523      4.113      5.965    12.8753 0.0000e+00
      4.194      0.003     3.5353     31.238     29.003  21.961490     9.5213      6.986   305.7217 3.6415e+00     4.1858      4.113      5.966    12.8752 0.0000e+00
      4.195      0.003     3.4927     30.600     29.088  22.022148     9.4234      6.983   305.7418 3.6291e+00     4.3541      4.114      5.967    12.8755 0.0000e+00
      4.195      0.003     3.4343     30.000     29.176  22.083436     9.3778      6.981   305.9304 3.6230e+00     4.4786      4.114      5.967    12.8743 0.0000e+00
      4.196      0.004     3.3704     29.488     29.251  22.132186     9.3774      6.980   306.0231 3.6252e+00     4.4619      4.115      5.969    12.8677 0.0000e+00
      4.197      0.005     3.3011     29.090     29.311  22.167983     9.4107      6.979   305.9165 3.6268e+00     4.3567      4.116      5.970    12.8570 0.0000e+00
      4.198      0.006     3.2338     28.780     29.363  22.199397     9.4883      6.977   305.8455 3.6252e+00     4.2314      4.117      5.972    12.8505 0.0000e+00
      4.200      0.006     3.1684     28.495     29.449  22.258521     9.5342      6.976   305.8530 3.6251e+00     4.1764      4.120      5.974    12.8428 0.0000e+00
      4.202      0.007     3.1141     28.182     29.614  22.375878     9.5403      6.974   305.9222 3.6289e+00     4.1710      4.122      5.977    12.8280 0.0000e+00
      4.204      0.008     3.0741     27.823     29.848  22.541046     9.5958      6.974   305.9931 3.6285e+00     4.1660      4.123      5.979    12.8116 0.0000e+00
      4.206      0.008     3.0451     27.418     30.125  22.734632     9.6982      6.973   306.0220 3.6207e+00     4.1496      4.125      5.981    12.7964 0.0000e+00
