Data/DataNotYetUploadedToEDI/Raw_CTD/RawDownloads/051222_bvr40_0008.cnv
* Sea-Bird SBE19plus  Data File:
* FileName = C:\R\Reservoirs\Data\DataNotYetUploadedToEDI\Raw_CTD\RawDownloads\051222_fcr50_0008.hex
* Software version 2.8.0.119
* Temperature SN = 7809
* Conductivity SN = 7809
* System UpLoad Time = May 13 2022 11:14:48
* <ApplicationData>
* <Seaterm232>
# nquan = 15
# nvalues = 3222                        
# units = specified
# name 0 = depFM: Depth [fresh water, m]
# name 1 = dz/dtM: Descent Rate [m/s]
# name 2 = sbeox0Mg/L: Oxygen, SBE 43 [mg/l]
# name 3 = sbeox0PS: Oxygen, SBE 43 [% saturation]
# name 4 = specc: Specific Conductance [uS/cm]
# name 5 = c0uS/cm: Conductivity [uS/cm]
# name 6 = flECO-AFL: Fluorescence, WET Labs ECO-AFL/FL [mg/m^3]
# name 7 = ph: pH
# name 8 = orp: Oxidation Reduction Potential [mV]
# name 9 = par/sat/log: PAR/Logarithmic, Satlantic
# name 10 = turbWETntu0: Turbidity, WET Labs ECO [NTU]
# name 11 = prdM: Pressure, Strain Gauge [db]
# name 12 = prdE: Pressure, Strain Gauge [psi]
# name 13 = tv290C: Temperature [ITS-90, deg C]
# name 14 = flag:  0.000e+00
# span 0 =     -0.693,      4.431       
# span 1 =     -0.202,      0.193       
# span 2 =    -0.0751,     9.5550       
# span 3 =     -0.390,    102.258       
# span 4 =      2.786,     86.341       
# span 5 =   2.622272,  65.827236       
# span 6 =    -0.8579,    10.8574       
# span 7 =     -2.722,     12.104       
# span 8 = -1240.7455,   917.9483       
# span 9 = 1.2931e+00, 1.3370e+03       
# span 10 =    -1.2972,    57.8402      
# span 11 =     -0.680,      4.346      
# span 12 =     -0.986,      6.303      
# span 13 =    12.4964,    22.0809      
# span 14 = 0.0000e+00, 0.0000e+00      
# interval = seconds: 0.25
# start_time = May 12 2022 10:10:20 [Instrument's time stamp, header]
# bad_flag = -9.990e-29
*END*
[from data line 1157]
      2.028      0.007     9.4500     98.038     26.686  22.545949     5.1599      7.492   281.1327 2.4552e+01     2.0844      1.989      2.885    17.2367 0.0000e+00
      2.028      0.007     9.4414     98.079     26.671  22.534418     5.1792      7.492   281.2784 2.4537e+01     2.1417      1.989      2.884    17.2416 0.0000e+00
      2.029      0.008     9.4298     98.082     26.699  22.557463     5.1867      7.492   281.4374 2.4529e+01     2.1618      1.989      2.884    17.2406 0.0000e+00
      2.031      0.009     9.4232     97.998     26.717  22.571088     5.1590      7.492   281.5073 2.4464e+01     2.1236      1.992      2.889    17.2365 0.0000e+00
      2.035      0.010     9.4268     97.834     26.720  22.572421     5.1272      7.492   281.5205 2.4383e+01     2.1241      1.996      2.895    17.2367 0.0000e+00
      2.039      0.011     9.4323     97.661     26.723  22.573582     5.1187      7.493   281.5120 2.4349e+01     2.1666      2.001      2.902    17.2420 0.0000e+00
      2.042      0.011     9.4340     97.529     26.736  22.585113     5.1231      7.493   281.4895 2.4303e+01     2.1594      2.003      2.905    17.2417 0.0000e+00
      2.044      0.010     9.4281     97.477     26.736  22.585104     5.1215      7.493   281.5065 2.4238e+01     2.1059      2.004      2.907    17.2368 0.0000e+00
      2.047      0.010     9.4080     97.525     26.722  22.573479     5.1159      7.493   281.5452 2.4215e+01     2.0662      2.007      2.910    17.2339 0.0000e+00
      2.049      0.010     9.3915     97.646     26.722  22.571289     5.1213      7.493   281.5277 2.4192e+01     2.0896      2.009      2.914    17.2313 0.0000e+00
      2.051      0.010     9.3773     97.817     26.712  22.558634     5.1207      7.492   281.5528 2.4131e+01     2.1146      2.011      2.917    17.2315 0.0000e+00
      2.054      0.010     9.3701     97.996     26.705  22.547198     5.0917      7.492   281.5903 2.4086e+01     2.0616      2.015      2.921    17.2339 0.0000e+00
      2.057      0.009     9.3772     98.144     26.725  22.559758     5.0619      7.493   281.6382 2.4058e+01     1.9955      2.017      2.925    17.2340 0.0000e+00
      2.059      0.009     9.3890     98.256     26.759  22.583744     5.0596      7.492   281.7871 2.4031e+01     2.0322      2.020      2.928    17.2307 0.0000e+00
      2.061      0.010     9.4093     98.332     26.766  22.583725     5.0644      7.491   281.8419 2.4016e+01     2.1301      2.022      2.932    17.2219 0.0000e+00
      2.063      0.010     9.4302     98.349     26.746  22.559520     5.0289      7.492   281.7853 2.3998e+01     2.1203      2.023      2.934    17.2109 0.0000e+00
      2.066      0.011     9.4460     98.303     26.736  22.544553     4.9635      7.492   281.8768 2.3966e+01     2.0155      2.025      2.937    17.2028 0.0000e+00
      2.069      0.013     9.4577     98.228     26.726  22.529491     4.9386      7.492   282.0873 2.3914e+01     1.9907      2.029      2.943    17.1944 0.0000e+00
      2.072      0.014     9.4687     98.134     26.701  22.504145     4.9525      7.493   282.1794 2.3854e+01     2.0595      2.032      2.948    17.1830 0.0000e+00
      2.076      0.014     9.4741     98.026     26.691  22.491565     4.9566      7.494   282.2160 2.3783e+01     2.0965      2.036      2.953    17.1688 0.0000e+00
      2.080      0.013     9.4694     97.950     26.708  22.504124     4.9808      7.493   282.2720 2.3710e+01     2.0961      2.040      2.959    17.1554 0.0000e+00
      2.084      0.012     9.4648     97.942     26.740  22.529254     5.0534      7.492   282.2546 2.3673e+01     2.0889      2.045      2.965    17.1452 0.0000e+00
      2.087      0.010     9.4580     97.972     26.756  22.541928     5.1102      7.492   282.2634 2.3643e+01     2.0782      2.047      2.969    17.1343 0.0000e+00
      2.089      0.009     9.4470     98.008     26.742  22.530613     5.1178      7.492   282.2927 2.3613e+01     2.1035      2.049      2.973    17.1280 0.0000e+00
      2.091      0.008     9.4380     98.063     26.727  22.519197     5.0797      7.492   282.3497 2.3612e+01     2.0866      2.051      2.975    17.1257 0.0000e+00
      2.092      0.008     9.4396     98.113     26.738  22.530634     5.0157      7.492   282.4368 2.3629e+01     2.0449      2.051      2.975    17.1218 0.0000e+00
      2.094      0.008     9.4451     98.131     26.751  22.542164     4.9925      7.492   282.3991 2.3621e+01     2.0770      2.053      2.977    17.1208 0.0000e+00
      2.097      0.008     9.4460     98.125     26.739  22.531870     5.0076      7.492   282.3248 2.3582e+01     2.0985      2.056      2.983    17.1212 0.0000e+00
      2.099      0.009     9.4524     98.094     26.740  22.532907     5.0070      7.492   282.3131 2.3537e+01     2.1010      2.059      2.987    17.1237 0.0000e+00
      2.101      0.009     9.4582     98.052     26.766  22.554704     4.9940      7.493   282.3431 2.3499e+01     2.1755      2.060      2.988    17.1285 0.0000e+00
      2.103      0.010     9.4579     98.019     26.751  22.541927     4.9905      7.494   282.4290 2.3480e+01     2.2823      2.062      2.991    17.1294 0.0000e+00
      2.106      0.010     9.4589     98.004     26.709  22.505163     4.9901      7.494   282.4917 2.3463e+01     2.3323      2.065      2.995    17.1283 0.0000e+00
      2.108      0.010     9.4546     98.025     26.691  22.490411     4.9651      7.494   282.4982 2.3436e+01     2.2687      2.067      2.998    17.1288 0.0000e+00
      2.111      0.011     9.4491     98.070     26.690  22.490307     4.9126      7.494   282.5087 2.3408e+01     2.1272      2.070      3.001    17.1310 0.0000e+00
      2.114      0.011     9.4473     98.100     26.705  22.503906     4.8794      7.494   282.5320 2.3383e+01     2.0563      2.073      3.007    17.1291 0.0000e+00
      2.117      0.011     9.4445     98.097     26.733  22.528090     4.8795      7.493   282.6081 2.3342e+01     2.0946      2.076      3.011    17.1245 0.0000e+00
      2.121      0.010     9.4479     98.082     26.734  22.529242     4.9230      7.492   282.7406 2.3295e+01     2.1467      2.080      3.016    17.1249 0.0000e+00
      2.123      0.009     9.4525     98.080     26.719  22.517834     4.9974      7.493   282.7572 2.3266e+01     2.1399      2.082      3.020    17.1282 0.0000e+00
      2.126      0.008     9.4563     98.087     26.717  22.516901     5.0383      7.494   282.6377 2.3261e+01     2.0803      2.085      3.024    17.1305 0.0000e+00
      2.128      0.007     9.4545     98.110     26.720  22.517959     5.0516      7.493   282.5855 2.3258e+01     2.0407      2.087      3.026    17.1313 0.0000e+00
      2.128      0.006     9.4515     98.118     26.737  22.530625     5.0577      7.492   282.6428 2.3250e+01     2.0364      2.087      3.026    17.1317 0.0000e+00
      2.129      0.005     9.4525     98.077     26.754  22.543299     5.0623      7.492   282.7280 2.3253e+01     2.0286      2.088      3.028    17.1336 0.0000e+00
      2.130      0.005     9.4510     98.009     26.757  22.544451     5.0822      7.493   282.7553 2.3235e+01     2.0490      2.089      3.029    17.1362 0.0000e+00
      2.132      0.005     9.4552     97.937     26.757  22.544554     5.0978      7.493   282.7151 2.3217e+01     2.0790      2.091      3.033    17.1345 0.0000e+00
      2.134      0.005     9.4592     97.857     26.756  22.544554     5.1098      7.493   282.7580 2.3234e+01     2.0834      2.093      3.036    17.1296 0.0000e+00
      2.135      0.005     9.4538     97.806     26.756  22.544440     5.1775      7.492   282.9292 2.3241e+01     2.1023      2.093      3.036    17.1264 0.0000e+00
      2.136      0.005     9.4467     97.811     26.754  22.543184     5.2843      7.492   283.0640 2.3223e+01     2.1025      2.095      3.038    17.1244 0.0000e+00
      2.137      0.005     9.4412     97.847     26.737  22.529368     5.3348      7.493   283.0977 2.3214e+01     2.1196      2.096      3.039    17.1239 0.0000e+00
      2.139      0.006     9.4314     97.882     26.704  22.504123     5.3388      7.493   283.0781 2.3224e+01     2.1734      2.097      3.041    17.1253 0.0000e+00
      2.139      0.007     9.4244     97.911     26.685  22.491440     5.3164      7.493   282.9994 2.3219e+01     2.1374      2.098      3.042    17.1253 0.0000e+00
      2.140      0.007     9.4269     97.937     26.694  22.502761     5.2629      7.494   282.9206 2.3193e+01     2.0602      2.098      3.043    17.1254 0.0000e+00
      2.143      0.008     9.4313     97.972     26.704  22.514273     5.2259      7.495   282.9860 2.3167e+01     2.0595      2.101      3.047    17.1270 0.0000e+00
      2.146      0.008     9.4337     98.013     26.693  22.503894     5.2103      7.495   283.1020 2.3139e+01     2.0954      2.106      3.053    17.1308 0.0000e+00
      2.149      0.008     9.4354     98.066     26.696  22.504007     5.1566      7.495   283.1186 2.3108e+01     2.1177      2.108      3.057    17.1374 0.0000e+00
      2.151      0.007     9.4350     98.107     26.713  22.515634     5.0596      7.493   283.1008 2.3088e+01     2.0904      2.109      3.059    17.1468 0.0000e+00
      2.151      0.006     9.4380     98.111     26.719  22.517730     5.0032      7.493   283.0578 2.3081e+01     2.0384      2.110      3.060    17.1540 0.0000e+00
      2.152      0.005     9.4414     98.091     26.737  22.529356     4.9997      7.493   283.0291 2.3069e+01     2.0359      2.110      3.062    17.1509 0.0000e+00
      2.154      0.005     9.4489     98.052     26.740  22.529460     5.0333      7.493   283.0985 2.3041e+01     2.0260      2.112      3.064    17.1428 0.0000e+00
      2.155      0.005     9.4557     97.982     26.728  22.518978     5.0931      7.494   283.2082 2.2992e+01     2.0210      2.113      3.065    17.1392 0.0000e+00
      2.157      0.005     9.4552     97.892     26.739  22.529358     5.1238      7.495   283.2373 2.2956e+01     2.0431      2.115      3.067    17.1355 0.0000e+00
      2.158      0.005     9.4546     97.817     26.736  22.528225     5.1218      7.494   283.1922 2.2966e+01     2.0203      2.116      3.069    17.1275 0.0000e+00
      2.159      0.005     9.4531     97.772     26.709  22.505276     5.1103      7.494   283.1787 2.2999e+01     2.0186      2.117      3.070    17.1214 0.0000e+00
      2.160      0.006     9.4462     97.770     26.711  22.505371     5.1174      7.494   283.1605 2.3033e+01     2.0567      2.117      3.071    17.1218 0.0000e+00
      2.161      0.006     9.4342     97.825     26.741  22.529368     5.1498      7.493   283.1435 2.3025e+01     2.0722      2.119      3.073    17.1257 0.0000e+00
      2.163      0.007     9.4274     97.911     26.758  22.541938     5.1684      7.493   283.1451 2.2972e+01     2.1023      2.121      3.076    17.1274 0.0000e+00
      2.166      0.007     9.4223     97.973     26.744  22.530615     5.1603      7.494   283.0942 2.2948e+01     2.1475      2.124      3.081    17.1264 0.0000e+00
      2.168      0.007     9.4218     97.972     26.729  22.519205     5.1435      7.494   283.1301 2.2961e+01     2.1405      2.127      3.085    17.1250 0.0000e+00
      2.169      0.007     9.4284     97.902     26.740  22.530727     5.1310      7.494   283.2352 2.2973e+01     2.0869      2.127      3.085    17.1210 0.0000e+00
      2.170      0.007     9.4403     97.790     26.753  22.543183     5.1165      7.494   283.2468 2.2970e+01     2.0452      2.128      3.086    17.1167 0.0000e+00
      2.172      0.007     9.4476     97.710     26.752  22.543069     5.1030      7.494   283.2700 2.2935e+01     2.0803      2.130      3.089    17.1177 0.0000e+00
      2.175      0.007     9.4462     97.704     26.737  22.529347     5.1335      7.494   283.3430 2.2892e+01     2.1359      2.134      3.094    17.1206 0.0000e+00
      2.177      0.008     9.4395     97.754     26.710  22.504009     5.1949      7.494   283.3563 2.2860e+01     2.1025      2.136      3.098    17.1239 0.0000e+00
      2.178      0.009     9.4234     97.814     26.696  22.490184     5.2204      7.494   283.2593 2.2825e+01     2.0525      2.136      3.098    17.1278 0.0000e+00
      2.179      0.009     9.4143     97.849     26.696  22.488938     5.2166      7.495   283.2021 2.2784e+01     2.0432      2.137      3.099    17.1289 0.0000e+00
      2.182      0.009     9.4152     97.873     26.698  22.488937     5.1915      7.496   283.2661 2.2742e+01     2.0580      2.139      3.103    17.1281 0.0000e+00
      2.186      0.010     9.4220     97.916     26.702  22.490174     5.1493      7.496   283.2592 2.2705e+01     2.0951      2.144      3.109    17.1234 0.0000e+00
      2.190      0.010     9.4313     97.965     26.719  22.503886     5.1223      7.495   283.2056 2.2670e+01     2.0819      2.147      3.115    17.1182 0.0000e+00
      2.192      0.009     9.4337     97.983     26.745  22.527987     5.1063      7.494   283.2197 2.2640e+01     2.0353      2.149      3.118    17.1171 0.0000e+00
      2.193      0.009     9.4348     97.973     26.741  22.528100     5.0897      7.494   283.2573 2.2600e+01     2.0437      2.151      3.119    17.1143 0.0000e+00
      2.195      0.008     9.4408     97.955     26.711  22.505264     5.0792      7.494   283.3159 2.2551e+01     2.0467      2.153      3.122    17.1082 0.0000e+00
      2.197      0.008     9.4481     97.928     26.708  22.505368     5.0791      7.494   283.3258 2.2514e+01     2.0370      2.154      3.125    17.1062 0.0000e+00
      2.198      0.009     9.4481     97.893     26.733  22.529356     5.0811      7.494   283.2909 2.2469e+01     2.0634      2.156      3.127    17.1126 0.0000e+00
      2.201      0.010     9.4442     97.857     26.746  22.541822     5.0781      7.495   283.3243 2.2407e+01     2.0584      2.159      3.131    17.1185 0.0000e+00
      2.204      0.010     9.4428     97.815     26.730  22.529347     5.0675      7.495   283.3856 2.2344e+01     2.0459      2.161      3.135    17.1233 0.0000e+00
      2.207      0.009     9.4386     97.790     26.702  22.505265     5.0533      7.494   283.4307 2.2295e+01     2.0482      2.164      3.139    17.1294 0.0000e+00
      2.211      0.009     9.4337     97.824     26.702  22.504131     5.0481      7.494   283.4393 2.2279e+01     2.0179      2.169      3.145    17.1335 0.0000e+00
      2.212      0.008     9.4306     97.925     26.715  22.515644     5.0538      7.494   283.4031 2.2288e+01     2.0211      2.170      3.147    17.1378 0.0000e+00
      2.213      0.007     9.4251     98.045     26.716  22.517721     5.0891      7.494   283.4231 2.2279e+01     2.0868      2.170      3.148    17.1388 0.0000e+00
      2.215      0.006     9.4213     98.115     26.730  22.529242     5.1504      7.495   283.5093 2.2259e+01     2.1296      2.172      3.150    17.1361 0.0000e+00
      2.216      0.007     9.4242     98.133     26.729  22.528212     5.1708      7.496   283.4983 2.2245e+01     2.0936      2.173      3.152    17.1356 0.0000e+00
      2.218      0.008     9.4352     98.129     26.702  22.505264     5.1612      7.496   283.4619 2.2242e+01     2.0616      2.175      3.155    17.1367 0.0000e+00
      2.219      0.009     9.4507     98.124     26.702  22.505255     5.2082      7.494   283.5863 2.2245e+01     2.1186      2.176      3.156    17.1374 0.0000e+00
      2.221      0.010     9.4568     98.141     26.729  22.528109     5.2984      7.494   283.6251 2.2189e+01     2.1682      2.176      3.156    17.1376 0.0000e+00
      2.225      0.010     9.4568     98.158     26.729  22.528099     5.3448      7.493   283.5015 2.2089e+01     2.1483      2.182      3.164    17.1368 0.0000e+00
      2.229      0.010     9.4571     98.143     26.702  22.505140     5.3360      7.493   283.4683 2.2046e+01     2.1180      2.187      3.173    17.1366 0.0000e+00
      2.232      0.011     9.4540     98.084     26.702  22.503997     5.2837      7.493   283.4821 2.2049e+01     2.1094      2.189      3.175    17.1363 0.0000e+00
