Data/DataNotYetUploadedToEDI/Raw_CTD/RawDownloads/051225_fcr50_S7809004.cnv
* Sea-Bird SBE19plus  Data File:
* FileName = C:\R\Reservoirs\Data\DataNotYetUploadedToEDI\Raw_CTD\RawDownloads\050525_fcr50_S7809_0004.hex
* Software version 2.8.0.119
* Temperature SN = 7809
* Conductivity SN = 7809
* System UpLoad Time = May 17 2025 20:01:48
* <ApplicationData>
* <Seaterm232>
# nquan = 15
# nvalues = 1774                        
# units = specified
# name 0 = depFM: Depth [fresh water, m]
# name 1 = dz/dtM: Descent Rate [m/s]
# name 2 = sbeox0Mg/L: Oxygen, SBE 43 [mg/l]
# name 3 = sbeox0PS: Oxygen, SBE 43 [% saturation]
# name 4 = specc: Specific Conductance [uS/cm]
# name 5 = c0uS/cm: Conductivity [uS/cm]
# name 6 = flECO-AFL: Fluorescence, WET Labs ECO-AFL/FL [mg/m^3]
# name 7 = ph: pH
# name 8 = orp: Oxidation Reduction Potential [mV]
# name 9 = par/sat/log: PAR/Logarithmic, Satlantic
# name 10 = turbWETntu0: Turbidity, WET Labs ECO [NTU]
# name 11 = prdM: Pressure, Strain Gauge [db]
# name 12 = prdE: Pressure, Strain Gauge [psi]
# name 13 = tv290C: Temperature [ITS-90, deg C]
# name 14 = flag:  0.000e+00
# span 0 =     -0.598,      9.527       
# span 1 =     -0.650,      0.289       
# span 2 =     2.2866,    12.5117       
# span 3 =     21.582,    109.800       
# span 4 =      0.516,    303.502       
# span 5 =   0.422150, 210.382965       
# span 6 =    -0.1438,     9.4678       
# span 7 =      6.546,      8.469       
# span 8 =   208.7761,   445.0090       
# span 9 = 1.2363e-01, 2.6812e+02       
# span 10 =     1.1358,   282.3174      
# span 11 =     -0.587,      9.345      
# span 12 =     -0.851,     13.553      
# span 13 =     9.6300,    19.2791      
# span 14 = 0.0000e+00, 0.0000e+00      
# interval = seconds: 0.25
# start_time = May 12 2025 12:21:44 [Instrument's time stamp, header]
# bad_flag = -9.990e-29
*END*
[from data line 1254]
      6.911      0.036    11.1065     98.032     37.259  25.929362     1.9188      7.708   300.4803 1.2385e-01     4.1137      6.778      9.830     9.7897 0.0000e+00
      6.919      0.039    11.1128     98.049     37.260  25.929354     1.9178      7.708   300.6753 1.2397e-01     4.1194      6.785      9.841     9.7923 0.0000e+00
      6.927      0.040    11.1179     98.056     37.279  25.940998     1.9353      7.708   300.7527 1.2498e-01     4.1687      6.791      9.850     9.7930 0.0000e+00
      6.939      0.039    11.1177     98.012     37.283  25.943303     1.9473      7.708   300.5565 1.2590e-01     4.1965      6.803      9.867     9.7930 0.0000e+00
      6.954      0.036    11.1181     97.940     37.302  25.957226     1.9300      7.708   300.4531 1.2501e-01     4.1488      6.821      9.892     9.7944 0.0000e+00
      6.965      0.031    11.1203     97.887     37.337  25.982497     1.9006      7.708   300.4486 1.2401e-01     4.0700      6.831      9.908     9.7932 0.0000e+00
      6.971      0.025    11.1258     97.847     37.357  25.995182     1.8923      7.707   300.5028 1.2389e-01     3.9948      6.837      9.916     9.7897 0.0000e+00
      6.976      0.019    11.1190     97.811     37.344  25.983756     1.8878      7.706   300.6783 1.2386e-01     3.8887      6.842      9.924     9.7891 0.0000e+00
      6.977      0.014    11.1068     97.763     37.329  25.971186     1.8788      7.707   300.8498 1.2402e-01     3.8459      6.842      9.925     9.7902 0.0000e+00
      6.977      0.014    11.1030     97.726     37.330  25.970034     1.8669      7.707   300.9413 1.2576e-01     3.8874      6.841      9.923     9.7923 0.0000e+00
      6.978      0.017    11.0973     97.748     37.331  25.969817     1.8271      7.707   300.9245 1.2727e-01     3.9466      6.843      9.926     9.7922 0.0000e+00
      6.982      0.021    11.0961     97.813     37.331  25.968559     1.7811      7.707   300.9047 1.2564e-01     4.0841      6.845      9.928     9.7879 0.0000e+00
      6.989      0.026    11.0916     97.895     37.312  25.954825     1.7512      7.708   300.8738 1.2391e-01     4.1148      6.851      9.936     9.7836 0.0000e+00
      7.001      0.034    11.0828     97.960     37.278  25.930600     1.7319      7.709   300.8101 1.2381e-01     4.0107      6.867      9.960     9.7810 0.0000e+00
      7.011      0.045    11.0893     97.987     37.276  25.929343     1.7397      7.709   300.8218 1.2383e-01     4.0549      6.878      9.976     9.7803 0.0000e+00
      7.015      0.053    11.0963     97.992     37.291  25.939626     1.7618      7.708   300.9295 1.2375e-01     4.2052      6.876      9.973     9.7798 0.0000e+00
      7.026      0.056    11.1075     97.982     37.276  25.928094     1.7659      7.707   301.0810 1.2372e-01     4.2565      6.882      9.982     9.7784 0.0000e+00
      7.050      0.054    11.1174     97.957     37.261  25.916752     1.7477      7.707   301.1035 1.2380e-01     4.1630      6.912     10.025     9.7777 0.0000e+00
      7.077      0.049    11.1176     97.912     37.279  25.929331     1.7002      7.707   301.0295 1.2388e-01     4.0993      6.946     10.075     9.7785 0.0000e+00
      7.091      0.041    11.1192     97.856     37.314  25.953338     1.6489      7.706   301.0466 1.2394e-01     4.1346      6.959     10.093     9.7781 0.0000e+00
      7.092      0.029    11.1179     97.829     37.313  25.953339     1.6357      7.705   301.1378 1.2400e-01     4.1120      6.954     10.086     9.7756 0.0000e+00
      7.092      0.017    11.1162     97.847     37.278  25.929342     1.6312      7.705   301.1864 1.2393e-01     4.0653      6.954     10.086     9.7741 0.0000e+00
      7.094      0.013    11.1112     97.858     37.258  25.916877     1.6366      7.705   301.1188 1.2385e-01     4.0143      6.958     10.092     9.7742 0.0000e+00
      7.095      0.018    11.1023     97.842     37.276  25.929466     1.6759      7.706   301.0944 1.2384e-01     3.9389      6.957     10.090     9.7744 0.0000e+00
      7.095      0.028    11.0977     97.837     37.313  25.954712     1.7150      7.706   301.2356 1.2384e-01     3.9393      6.955     10.088     9.7743 0.0000e+00
      7.100      0.036    11.1030     97.845     37.333  25.968435     1.7357      7.706   301.2774 1.2384e-01     3.9167      6.959     10.092     9.7758 0.0000e+00
      7.116      0.041    11.1058     97.842     37.333  25.968547     1.7349      7.706   301.1693 1.2382e-01     3.8369      6.974     10.115     9.7777 0.0000e+00
      7.138      0.045    11.0993     97.850     37.315  25.956072     1.7304      7.705   301.1331 1.2382e-01     3.8962      7.003     10.157     9.7782 0.0000e+00
      7.154      0.052    11.1002     97.885     37.298  25.944437     1.7300      7.705   301.0975 1.2381e-01     4.0868      7.022     10.184     9.7771 0.0000e+00
      7.159      0.062    11.1034     97.932     37.315  25.954721     1.7144      7.705   301.0826 1.2385e-01     4.1952      7.021     10.184     9.7760 0.0000e+00
      7.162      0.073    11.1008     97.983     37.315  25.953568     1.6994      7.705   301.1255 1.2388e-01     4.1479      7.020     10.182     9.7768 0.0000e+00
      7.176      0.082    11.1009     98.043     37.285  25.930498     1.7070      7.705   301.1004 1.2385e-01     4.0609      7.030     10.196     9.7777 0.0000e+00
      7.206      0.087    11.1056     98.091     37.285  25.929459     1.7310      7.704   301.1227 1.2386e-01     4.0654      7.062     10.241     9.7778 0.0000e+00
      7.249      0.089    11.1122     98.113     37.302  25.940999     1.7489      7.703   301.2229 1.2387e-01     4.1689      7.111     10.314     9.7766 0.0000e+00
      7.284      0.084    11.1168     98.098     37.305  25.943191     1.7477      7.702   301.2791 1.2380e-01     4.2190      7.151     10.372     9.7739 0.0000e+00
      7.299      0.073    11.1268     98.053     37.323  25.955960     1.7427      7.701   301.2867 1.2375e-01     4.1250      7.163     10.388     9.7713 0.0000e+00
      7.303      0.055    11.1326     98.011     37.342  25.968548     1.7377      7.701   301.4009 1.2373e-01     3.9877      7.160     10.384     9.7695 0.0000e+00
      7.309      0.038    11.1355     97.963     37.342  25.968548     1.7294      7.701   301.5414 1.2378e-01     3.9252      7.165     10.393     9.7690 0.0000e+00
      7.321      0.027    11.1349     97.909     37.322  25.955959     1.7421      7.701   301.4368 1.2388e-01     3.9157      7.181     10.416     9.7696 0.0000e+00
      7.330      0.023    11.1255     97.857     37.301  25.943180     1.7829      7.701   301.3400 1.2388e-01     3.9079      7.191     10.431     9.7697 0.0000e+00
      7.334      0.021    11.1241     97.830     37.295  25.940885     1.8310      7.701   301.4041 1.2385e-01     4.0019      7.192     10.432     9.7692 0.0000e+00
      7.335      0.020    11.1172     97.837     37.274  25.928210     1.8659      7.701   301.4380 1.2386e-01     4.1637      7.192     10.431     9.7691 0.0000e+00
      7.338      0.022    11.1111     97.846     37.256  25.916774     1.8728      7.701   301.4051 1.2384e-01     4.1906      7.196     10.437     9.7702 0.0000e+00
      7.342      0.027    11.1039     97.862     37.275  25.929457     1.8969      7.700   301.3502 1.2380e-01     4.0872      7.200     10.443     9.7727 0.0000e+00
      7.348      0.031    11.0973     97.887     37.313  25.954711     1.9664      7.700   301.4626 1.2377e-01     4.0077      7.202     10.447     9.7756 0.0000e+00
      7.361      0.034    11.1022     97.916     37.335  25.968436     2.0226      7.700   301.6456 1.2374e-01     4.0489      7.216     10.466     9.7787 0.0000e+00
      7.376      0.034    11.0996     97.962     37.336  25.968560     2.0426      7.700   301.5838 1.2375e-01     4.1756      7.236     10.495     9.7811 0.0000e+00
      7.386      0.032    11.1026     98.017     37.319  25.956208     2.0344      7.701   301.4893 1.2379e-01     4.2074      7.245     10.508     9.7801 0.0000e+00
      7.391      0.028    11.1071     98.054     37.305  25.945935     1.9901      7.701   301.6221 1.2379e-01     4.1599      7.246     10.511     9.7768 0.0000e+00
      7.396      0.023    11.1091     98.094     37.341  25.971191     1.9315      7.700   301.7275 1.2378e-01     4.1481      7.253     10.521     9.7753 0.0000e+00
      7.401      0.018    11.1151     98.154     37.392  26.007891     1.9078      7.699   301.6440 1.2378e-01     4.1329      7.260     10.529     9.7748 0.0000e+00
      7.404      0.015    11.1237     98.190     37.392  26.009139     1.9199      7.699   301.5596 1.2381e-01     4.1479      7.261     10.531     9.7735 0.0000e+00
      7.407      0.014    11.1271     98.195     37.357  25.986286     1.8958      7.699   301.5679 1.2379e-01     4.0899      7.263     10.535     9.7726 0.0000e+00
      7.411      0.013    11.1282     98.210     37.352  25.985266     1.8238      7.699   301.6574 1.2370e-01     3.9438      7.268     10.542     9.7736 0.0000e+00
      7.414      0.012    11.1395     98.239     37.365  25.996797     1.7902      7.698   301.7814 1.2370e-01     3.9178      7.271     10.546     9.7754 0.0000e+00
      7.416      0.011    11.1432     98.259     37.366  25.998876     1.8134      7.698   301.8634 1.2376e-01     3.9127      7.272     10.548     9.7764 0.0000e+00
      7.421      0.010    11.1398     98.254     37.382  26.010396     1.8630      7.698   301.9607 1.2380e-01     3.8136      7.277     10.555     9.7780 0.0000e+00
      7.424      0.010    11.1413     98.214     37.379  26.009252     1.9164      7.698   302.0108 1.2383e-01     3.7441      7.281     10.560     9.7817 0.0000e+00
      7.424      0.011    11.1451     98.156     37.342  25.985038     1.9424      7.699   301.8665 1.2383e-01     3.7571      7.281     10.560     9.7856 0.0000e+00
      7.425      0.012    11.1468     98.106     37.320  25.971316     1.9605      7.699   301.7651 1.2385e-01     3.8340      7.281     10.560     9.7875 0.0000e+00
      7.428      0.013    11.1474     98.056     37.315  25.970180     1.9022      7.699   301.9031 1.2387e-01     3.9219      7.284     10.564     9.7879 0.0000e+00
      7.433      0.015    11.1413     98.009     37.315  25.971314     1.7537      7.698   302.0731 1.2385e-01     3.9992      7.289     10.572     9.7890 0.0000e+00
      7.438      0.017    11.1323     97.971     37.335  25.985027     1.6884      7.698   302.1854 1.2386e-01     4.0854      7.294     10.579     9.7910 0.0000e+00
      7.443      0.018    11.1276     97.931     37.374  26.009147     1.7114      7.698   302.3146 1.2389e-01     4.1441      7.300     10.587     9.7933 0.0000e+00
      7.448      0.017    11.1208     97.901     37.378  26.009251     1.7410      7.698   302.4301 1.2386e-01     4.1629      7.305     10.594     9.7960 0.0000e+00
      7.453      0.015    11.1138     97.898     37.344  25.986285     1.7723      7.699   302.5494 1.2381e-01     4.1415      7.310     10.601     9.7986 0.0000e+00
      7.457      0.013    11.1110     97.911     37.338  25.985142     1.7808      7.699   302.6391 1.2379e-01     4.1252      7.314     10.608     9.7981 0.0000e+00
      7.460      0.010    11.1070     97.935     37.348  25.995434     1.7864      7.699   302.5685 1.2380e-01     4.1710      7.316     10.611     9.7936 0.0000e+00
      7.461      0.007    11.1031     97.971     37.328  25.983893     1.8071      7.698   302.4700 1.2381e-01     4.2167      7.317     10.612     9.7892 0.0000e+00
      7.462      0.005    11.1047     98.020     37.307  25.972446     1.7649      7.698   302.5663 1.2383e-01     4.1655      7.318     10.613     9.7888 0.0000e+00
      7.464      0.004    11.1044     98.069     37.320  25.983881     1.6584      7.698   302.7866 1.2380e-01     4.0648      7.320     10.618     9.7938 0.0000e+00
      7.465      0.004    11.1054     98.093     37.334  25.995308     1.6013      7.698   302.8969 1.2370e-01     4.0576      7.321     10.618     9.7999 0.0000e+00
      7.465      0.007    11.1087     98.085     37.317  25.983767     1.6074      7.699   302.8671 1.2370e-01     4.1117      7.320     10.616     9.8028 0.0000e+00
      7.466      0.013    11.1134     98.050     37.300  25.971178     1.6565      7.699   302.7701 1.2375e-01     4.1051      7.321     10.619     9.8064 0.0000e+00
      7.467      0.020    11.1203     98.005     37.300  25.969940     1.7297      7.699   302.5845 1.2382e-01     4.0806      7.322     10.619     9.8104 0.0000e+00
      7.472      0.026    11.1215     97.944     37.301  25.968797     1.7769      7.698   302.5165 1.2389e-01     4.1228      7.324     10.622     9.8122 0.0000e+00
      7.482      0.031    11.1215     97.854     37.288  25.957352     1.7938      7.698   302.6358 1.2388e-01     4.1705      7.336     10.640     9.8122 0.0000e+00
      7.496      0.031    11.1158     97.758     37.293  25.958400     1.7762      7.698   302.7362 1.2384e-01     4.1114      7.351     10.662     9.8117 0.0000e+00
      7.509      0.029    11.1113     97.702     37.327  25.981472     1.7220      7.698   302.8698 1.2385e-01     3.9547      7.365     10.682     9.8108 0.0000e+00
      7.516      0.025    11.1069     97.720     37.329  25.982625     1.6719      7.698   302.9607 1.2380e-01     3.8128      7.373     10.694     9.8077 0.0000e+00
      7.518      0.021    11.0960     97.773     37.314  25.972344     1.6692      7.698   302.9747 1.2373e-01     3.7968      7.372     10.693     9.8032 0.0000e+00
      7.518      0.019    11.0848     97.803     37.332  25.983997     1.7306      7.698   303.0400 1.2378e-01     3.8291      7.373     10.693     9.8000 0.0000e+00
      7.519      0.020    11.0751     97.818     37.352  25.996681     1.8146      7.697   303.0611 1.2383e-01     3.7933      7.375     10.696     9.8002 0.0000e+00
      7.523      0.020    11.0798     97.822     37.357  25.998865     1.8531      7.696   303.0584 1.2384e-01     3.8087      7.375     10.697     9.7999 0.0000e+00
      7.533      0.021    11.0902     97.820     37.372  26.010395     1.8475      7.696   303.1789 1.2386e-01     3.8779      7.384     10.710     9.7994 0.0000e+00
      7.546      0.022    11.0906     97.834     37.366  26.009252     1.8050      7.697   303.3992 1.2386e-01     3.9472      7.403     10.738     9.8004 0.0000e+00
      7.552      0.022    11.0936     97.856     37.327  25.985048     1.7294      7.698   303.4849 1.2383e-01     4.0313      7.410     10.747     9.7982 0.0000e+00
      7.551      0.022    11.0955     97.871     37.304  25.971428     1.6739      7.698   303.4417 1.2382e-01     4.0408      7.402     10.736     9.7940 0.0000e+00
      7.552      0.021    11.0927     97.889     37.302  25.971427     1.6670      7.697   303.3936 1.2384e-01     4.0624      7.403     10.738     9.7956 0.0000e+00
      7.559      0.021    11.0940     97.934     37.320  25.985036     1.6880      7.696   303.2471 1.2391e-01     4.1550      7.413     10.750     9.8016 0.0000e+00
      7.567      0.022    11.0962     97.990     37.352  26.009136     1.7533      7.696   303.1333 1.2393e-01     4.2048      7.420     10.763     9.8053 0.0000e+00
      7.577      0.025    11.0970     98.044     37.350  26.009135     1.8567      7.696   303.2223 1.2385e-01     4.1520      7.431     10.778     9.8083 0.0000e+00
      7.584      0.028    11.0959     98.079     37.315  25.985025     1.9067      7.696   303.3762 1.2376e-01     4.0638      7.439     10.789     9.8105 0.0000e+00
      7.587      0.032    11.1031     98.067     37.297  25.971302     1.9076      7.697   303.4455 1.2375e-01     4.0938      7.440     10.791     9.8110 0.0000e+00
      7.591      0.037    11.1089     98.044     37.298  25.970055     1.8761      7.698   303.4579 1.2378e-01     4.2079      7.442     10.794     9.8136 0.0000e+00
