Data/DataNotYetUploadedToEDI/Raw_CTD/RawDownloads/051225_fcr50_S7809004.cnv
* Sea-Bird SBE19plus  Data File:
* FileName = C:\R\Reservoirs\Data\DataNotYetUploadedToEDI\Raw_CTD\RawDownloads\050525_fcr50_S7809_0004.hex
* Software version 2.8.0.119
* Temperature SN = 7809
* Conductivity SN = 7809
* System UpLoad Time = May 17 2025 20:01:48
* <ApplicationData>
* <Seaterm232>
# nquan = 15
# nvalues = 1774                        
# units = specified
# name 0 = depFM: Depth [fresh water, m]
# name 1 = dz/dtM: Descent Rate [m/s]
# name 2 = sbeox0Mg/L: Oxygen, SBE 43 [mg/l]
# name 3 = sbeox0PS: Oxygen, SBE 43 [% saturation]
# name 4 = specc: Specific Conductance [uS/cm]
# name 5 = c0uS/cm: Conductivity [uS/cm]
# name 6 = flECO-AFL: Fluorescence, WET Labs ECO-AFL/FL [mg/m^3]
# name 7 = ph: pH
# name 8 = orp: Oxidation Reduction Potential [mV]
# name 9 = par/sat/log: PAR/Logarithmic, Satlantic
# name 10 = turbWETntu0: Turbidity, WET Labs ECO [NTU]
# name 11 = prdM: Pressure, Strain Gauge [db]
# name 12 = prdE: Pressure, Strain Gauge [psi]
# name 13 = tv290C: Temperature [ITS-90, deg C]
# name 14 = flag:  0.000e+00
# span 0 =     -0.598,      9.527       
# span 1 =     -0.650,      0.289       
# span 2 =     2.2866,    12.5117       
# span 3 =     21.582,    109.800       
# span 4 =      0.516,    303.502       
# span 5 =   0.422150, 210.382965       
# span 6 =    -0.1438,     9.4678       
# span 7 =      6.546,      8.469       
# span 8 =   208.7761,   445.0090       
# span 9 = 1.2363e-01, 2.6812e+02       
# span 10 =     1.1358,   282.3174      
# span 11 =     -0.587,      9.345      
# span 12 =     -0.851,     13.553      
# span 13 =     9.6300,    19.2791      
# span 14 = 0.0000e+00, 0.0000e+00      
# interval = seconds: 0.25
# start_time = May 12 2025 12:21:44 [Instrument's time stamp, header]
# bad_flag = -9.990e-29
*END*
[from data line 675]
      3.359      0.011     9.5907     92.389     32.268  24.617635     3.6811      8.423   246.7557 2.7430e+00     1.8912      3.294      4.777    13.1998 0.0000e+00
      3.363      0.013     9.6319     92.321     32.308  24.628591     3.7127      8.422   247.0225 2.7235e+00     2.0644      3.297      4.782    13.1891 0.0000e+00
      3.367      0.016     9.6704     92.021     32.350  24.624497     3.7426      8.420   247.2623 2.7031e+00     2.2155      3.302      4.789    13.1642 0.0000e+00
      3.371      0.018     9.6936     91.487     32.406  24.631514     3.7596      8.420   247.5042 2.6927e+00     2.2491      3.304      4.792    13.1540 0.0000e+00
      3.378      0.019     9.7073     90.756     32.470  24.649975     3.7674      8.419   247.5374 2.6847e+00     2.1644      3.313      4.804    13.1502 0.0000e+00
      3.384      0.018     9.7081     89.767     32.521  24.657422     3.8040      8.417   247.5779 2.6696e+00     2.0795      3.321      4.816    13.1256 0.0000e+00
      3.387      0.017     9.6934     88.549     32.554  24.658105     3.9025      8.417   247.6494 2.6517e+00     2.1106      3.320      4.817    13.0556 0.0000e+00
      3.392      0.016     9.6446     87.261     32.559  24.658209     3.9768      8.416   247.5416 2.6364e+00     2.0958      3.326      4.823    12.9929 0.0000e+00
      3.397      0.015     9.5807     85.969     32.558  24.658673     3.9780      8.414   247.5659 2.6261e+00     2.0036      3.333      4.835    12.9627 0.0000e+00
      3.399      0.015     9.4892     84.679     32.578  24.663716     3.9082      8.412   248.0285 2.6187e+00     1.9857      3.334      4.835    12.9036 0.0000e+00
      3.401      0.016     9.3597     83.460     32.583  24.655761     3.8158      8.411   248.5745 2.6019e+00     2.0167      3.334      4.836    12.8528 0.0000e+00
      3.406      0.016     9.2230     82.417     32.545  24.625887     3.7928      8.411   248.7472 2.5767e+00     2.0702      3.340      4.844    12.8604 0.0000e+00
      3.412      0.016     9.0823     81.548     32.542  24.619590     3.8130      8.410   248.7397 2.5644e+00     2.0864      3.347      4.855    12.8784 0.0000e+00
      3.417      0.017     8.9502     80.766     32.583  24.643038     3.7939      8.409   248.5702 2.5607e+00     2.0078      3.351      4.861    12.8508 0.0000e+00
      3.421      0.018     8.8205     80.050     32.603  24.655721     3.7535      8.406   248.2472 2.5438e+00     2.0068      3.355      4.865    12.8186 0.0000e+00
      3.425      0.020     8.7073     79.430     32.599  24.646101     3.7495      8.404   248.2754 2.5294e+00     2.1092      3.361      4.874    12.8375 0.0000e+00
      3.428      0.021     8.6226     78.877     32.629  24.653555     3.7532      8.402   248.9967 2.5234e+00     2.1533      3.361      4.875    12.8299 0.0000e+00
      3.432      0.022     8.5455     78.380     32.694  24.682407     3.6656      8.402   249.9999 2.5047e+00     2.1299      3.363      4.877    12.8028 0.0000e+00
      3.442      0.023     8.4638     77.978     32.716  24.677850     3.5060      8.402   250.4245 2.4838e+00     2.1334      3.375      4.896    12.8163 0.0000e+00
      3.451      0.023     8.4030     77.620     32.722  24.661845     3.4293      8.401   250.2582 2.4773e+00     2.2299      3.387      4.913    12.8048 0.0000e+00
      3.455      0.023     8.3517     77.204     32.777  24.679110     3.4380      8.400   249.9683 2.4693e+00     2.3400      3.389      4.916    12.7763 0.0000e+00
      3.459      0.022     8.2992     76.754     32.832  24.696330     3.3946      8.399   249.8453 2.4466e+00     2.2700      3.391      4.918    12.7474 0.0000e+00
      3.465      0.022     8.2670     76.349     32.833  24.679775     3.2952      8.398   249.9756 2.4316e+00     2.1002      3.399      4.930    12.7096 0.0000e+00
      3.470      0.025     8.2396     75.934     32.840  24.669174     3.2435      8.397   250.5107 2.4273e+00     2.0286      3.405      4.938    12.6839 0.0000e+00
      3.474      0.030     8.2022     75.517     32.900  24.694968     3.2444      8.397   251.2385 2.4093e+00     2.0198      3.405      4.938    12.6446 0.0000e+00
      3.481      0.036     8.1533     75.155     32.982  24.737962     3.2477      8.396   251.6345 2.3818e+00     2.0279      3.413      4.949    12.6020 0.0000e+00
      3.491      0.040     8.1225     74.801     33.013  24.745079     3.2158      8.393   251.9433 2.3468e+00     2.0920      3.423      4.964    12.5810 0.0000e+00
      3.505      0.041     8.0807     74.433     32.994  24.717578     3.1588      8.391   252.2188 2.3048e+00     2.2490      3.435      4.982    12.5598 0.0000e+00
      3.523      0.039     8.0361     74.051     33.016  24.722519     3.1493      8.389   252.1261 2.2771e+00     2.3541      3.456      5.014    12.5282 0.0000e+00
      3.535      0.037     8.0098     73.629     33.050  24.741399     3.1753      8.388   251.8555 2.2628e+00     2.3044      3.471      5.035    12.4966 0.0000e+00
      3.540      0.037     7.9744     73.149     33.075  24.755590     3.1818      8.385   251.9579 2.2544e+00     2.1604      3.472      5.036    12.4735 0.0000e+00
      3.541      0.037     7.9396     72.667     33.108  24.767270     3.1619      8.381   252.5899 2.2537e+00     2.0134      3.473      5.036    12.4542 0.0000e+00
      3.546      0.036     7.9023     72.206     33.121  24.755766     3.1346      8.378   253.2160 2.2372e+00     2.0298      3.475      5.039    12.4338 0.0000e+00
      3.559      0.035     7.8627     71.736     33.115  24.743304     3.1351      8.376   253.5047 2.1960e+00     2.1535      3.487      5.057    12.4230 0.0000e+00
      3.579      0.034     7.8059     71.245     33.097  24.743417     3.1422      8.372   253.5853 2.1698e+00     2.1426      3.514      5.096    12.4279 0.0000e+00
      3.591      0.033     7.7559     70.700     33.096  24.757148     3.1296      8.369   253.5023 2.1699e+00     2.0352      3.526      5.115    12.4105 0.0000e+00
      3.593      0.029     7.7199     70.114     33.133  24.782505     3.1325      8.367   253.4473 2.1636e+00     2.0165      3.523      5.109    12.3584 0.0000e+00
      3.595      0.025     7.6697     69.548     33.173  24.796342     3.1522      8.365   253.4370 2.1405e+00     2.0875      3.525      5.112    12.3416 0.0000e+00
      3.600      0.024     7.6152     69.062     33.201  24.797603     3.1761      8.360   253.4645 2.1149e+00     2.1420      3.529      5.118    12.3777 0.0000e+00
      3.606      0.026     7.5497     68.654     33.229  24.797730     3.2048      8.357   253.9510 2.0932e+00     2.0950      3.535      5.127    12.4120 0.0000e+00
      3.612      0.029     7.4861     68.300     33.254  24.797848     3.2080      8.354   254.6737 2.0739e+00     1.9973      3.543      5.137    12.4036 0.0000e+00
      3.622      0.030     7.4281     67.996     33.271  24.799004     3.1989      8.351   255.1474 2.0519e+00     2.0194      3.549      5.147    12.3701 0.0000e+00
      3.634      0.030     7.3813     67.706     33.299  24.811697     3.1686      8.349   255.3759 2.0292e+00     2.1576      3.566      5.172    12.3425 0.0000e+00
      3.643      0.028     7.3456     67.400     33.327  24.824478     3.0829      8.346   255.3722 2.0201e+00     2.2331      3.576      5.187    12.3096 0.0000e+00
      3.646      0.025     7.3108     67.084     33.339  24.826689     3.0122      8.342   254.9297 2.0169e+00     2.2145      3.574      5.183    12.2778 0.0000e+00
      3.651      0.023     7.2836     66.767     33.364  24.838429     2.9963      8.339   254.3279 2.0110e+00     2.1719      3.581      5.193    12.2627 0.0000e+00
      3.657      0.022     7.2550     66.428     33.385  24.839586     2.9996      8.337   254.2050 2.0101e+00     2.1628      3.588      5.204    12.2549 0.0000e+00
      3.661      0.024     7.2240     66.085     33.415  24.840658     3.0439      8.334   254.3896 2.0018e+00     2.1378      3.590      5.206    12.2406 0.0000e+00
      3.666      0.027     7.1908     65.765     33.456  24.851361     3.1146      8.332   254.7531 1.9743e+00     2.0415      3.595      5.213    12.2293 0.0000e+00
      3.675      0.029     7.1592     65.422     33.466  24.842147     3.1393      8.330   255.3311 1.9398e+00     2.0232      3.604      5.227    12.2269 0.0000e+00
      3.685      0.032     7.1260     65.028     33.507  24.856072     3.1512      8.327   255.6133 1.9161e+00     2.1204      3.614      5.241    12.2036 0.0000e+00
      3.694      0.036     7.0921     64.558     33.584  24.892866     3.2336      8.324   255.1543 1.9065e+00     2.1919      3.622      5.254    12.1641 0.0000e+00
      3.702      0.037     7.0671     63.989     33.631  24.906496     3.3536      8.322   254.4273 1.8920e+00     2.1371      3.630      5.265    12.1347 0.0000e+00
      3.711      0.036     7.0338     63.382     33.640  24.894016     3.3943      8.319   254.2226 1.8620e+00     2.0043      3.638      5.276    12.1121 0.0000e+00
      3.723      0.034     6.9949     62.793     33.625  24.868785     3.3600      8.316   254.4860 1.8319e+00     1.9864      3.651      5.295    12.0906 0.0000e+00
      3.733      0.031     6.9533     62.224     33.618  24.855085     3.2635      8.314   254.8580 1.8115e+00     2.1256      3.664      5.313    12.0600 0.0000e+00
      3.740      0.027     6.8920     61.661     33.625  24.855192     3.0930      8.311   255.1080 1.7970e+00     2.2524      3.667      5.318    12.0245 0.0000e+00
      3.745      0.023     6.8299     61.128     33.647  24.870067     2.9715      8.308   255.2709 1.7896e+00     2.2561      3.672      5.326    11.9946 0.0000e+00
      3.751      0.021     6.7695     60.669     33.693  24.908105     2.9429      8.306   255.2787 1.7883e+00     2.2046      3.681      5.339    11.9729 0.0000e+00
      3.754      0.022     6.7115     60.302     33.726  24.934615     2.9387      8.303   255.0303 1.7893e+00     2.1756      3.682      5.340    11.9625 0.0000e+00
      3.756      0.024     6.6507     60.024     33.738  24.936923     2.9369      8.301   254.8497 1.7947e+00     2.1797      3.681      5.339    11.9548 0.0000e+00
      3.762      0.027     6.5909     59.789     33.753  24.936001     2.9304      8.298   254.9008 1.7885e+00     2.1515      3.687      5.347    11.9508 0.0000e+00
      3.773      0.031     6.5408     59.578     33.754  24.923452     2.9094      8.295   255.1318 1.7622e+00     2.0740      3.700      5.367    11.9600 0.0000e+00
      3.783      0.032     6.4977     59.426     33.761  24.912021     2.8906      8.293   255.4918 1.7310e+00     2.1303      3.713      5.385    11.9717 0.0000e+00
      3.791      0.031     6.4736     59.334     33.796  24.924602     2.8870      8.290   255.8123 1.6987e+00     2.2854      3.716      5.390    11.9569 0.0000e+00
      3.801      0.028     6.4521     59.216     33.834  24.948720     2.8904      8.286   256.0815 1.6830e+00     2.3437      3.727      5.406    11.9343 0.0000e+00
      3.809      0.023     6.4295     59.051     33.836  24.949958     2.8740      8.283   256.2515 1.6885e+00     2.3228      3.738      5.423    11.9202 0.0000e+00
      3.813      0.019     6.4158     58.888     33.827  24.939573     2.8388      8.280   256.2332 1.6895e+00     2.2721      3.739      5.422    11.8896 0.0000e+00
      3.815      0.018     6.4156     58.721     33.852  24.949981     2.8471      8.277   256.2904 1.6963e+00     2.2772      3.741      5.425    11.8657 0.0000e+00
      3.817      0.018     6.4041     58.555     33.867  24.948952     2.8991      8.275   256.2552 1.6991e+00     2.3165      3.745      5.431    11.8658 0.0000e+00
      3.820      0.019     6.3798     58.385     33.853  24.927122     2.9176      8.273   256.0658 1.6805e+00     2.2689      3.746      5.433    11.8696 0.0000e+00
      3.825      0.021     6.3671     58.205     33.880  24.939702     2.8972      8.271   256.1518 1.6628e+00     2.2483      3.749      5.438    11.8627 0.0000e+00
      3.834      0.025     6.3490     58.048     33.931  24.974198     2.9027      8.269   256.9499 1.6464e+00     2.3412      3.760      5.453    11.8490 0.0000e+00
      3.842      0.027     6.3337     57.909     33.926  24.963709     2.9503      8.266   258.1440 1.6390e+00     2.4002      3.770      5.468    11.8329 0.0000e+00
      3.848      0.027     6.3209     57.789     33.905  24.939704     2.9894      8.262   258.7165 1.6451e+00     2.3479      3.772      5.471    11.8095 0.0000e+00
      3.855      0.026     6.2984     57.709     33.906  24.937626     2.9854      8.258   258.8818 1.6385e+00     2.2549      3.779      5.481    11.7995 0.0000e+00
      3.863      0.024     6.2835     57.646     33.910  24.938581     2.9846      8.254   258.8519 1.6231e+00     2.2663      3.791      5.498    11.8025 0.0000e+00
      3.868      0.024     6.2702     57.581     33.935  24.951247     3.0211      8.251   258.4412 1.6143e+00     2.3491      3.794      5.501    11.7894 0.0000e+00
      3.872      0.025     6.2571     57.540     33.964  24.963930     3.0359      8.249   258.4762 1.6072e+00     2.3000      3.796      5.506    11.7711 0.0000e+00
      3.877      0.025     6.2506     57.516     33.982  24.965084     3.0137      8.245   259.6189 1.6006e+00     2.1852      3.803      5.516    11.7731 0.0000e+00
      3.882      0.024     6.2450     57.481     34.006  24.965181     2.9359      8.241   260.9861 1.5836e+00     2.1567      3.805      5.518    11.7719 0.0000e+00
      3.892      0.024     6.2375     57.454     34.031  24.965089     2.8100      8.238   261.4996 1.5607e+00     2.2288      3.816      5.534    11.7607 0.0000e+00
      3.903      0.022     6.2346     57.436     34.044  24.963949     2.7569      8.235   261.6120 1.5598e+00     2.3397      3.832      5.559    11.7505 0.0000e+00
      3.908      0.019     6.2373     57.402     34.031  24.951379     2.7599      8.230   261.5695 1.5685e+00     2.3356      3.833      5.560    11.7333 0.0000e+00
      3.909      0.014     6.2351     57.363     34.013  24.939943     2.7464      8.226   261.3305 1.5629e+00     2.2813      3.831      5.557    11.7051 0.0000e+00
      3.911      0.009     6.2369     57.348     34.021  24.952512     2.7522      8.222   261.3033 1.5586e+00     2.3321      3.836      5.564    11.6704 0.0000e+00
      3.914      0.005     6.2394     57.381     34.044  24.976526     2.7885      8.219   261.4137 1.5600e+00     2.3694      3.838      5.567    11.6580 0.0000e+00
      3.915      0.004     6.2341     57.457     34.041  24.976630     2.8186      8.216   261.6317 1.5598e+00     2.3564      3.839      5.568    11.6558 0.0000e+00
      3.915      0.003     6.2296     57.544     34.015  24.953778     2.8165      8.213   261.9600 1.5515e+00     2.3123      3.839      5.568    11.6549 0.0000e+00
      3.915      0.001     6.2243     57.634     34.022  24.953885     2.7715      8.209   262.2863 1.5359e+00     2.2111      3.840      5.569    11.6700 0.0000e+00
      3.915      0.000     6.2261     57.719     34.057  24.977920     2.7165      8.204   262.6522 1.5306e+00     2.1577      3.839      5.568    11.6829 0.0000e+00
      3.915 2.2176e-08     6.2364     57.791     34.070  24.990707     2.6918      8.200   262.9417 1.5293e+00     2.1114      3.838      5.567    11.6865 0.0000e+00
      3.915 2.4393e-07     6.2460     57.850     34.049  24.981661     2.6803      8.198   263.0333 1.5283e+00     2.0266      3.839      5.568    11.6788 0.0000e+00
      3.915 2.4394e-07     6.2581     57.885     34.057  24.995391     2.6698      8.196   262.6408 1.5375e+00     2.0545      3.839      5.568    11.6672 0.0000e+00
      3.915 2.2276e-08     6.2683     57.889     34.093  25.029886     2.6727      8.193   262.1546 1.5524e+00     2.2098      3.839      5.569    11.6648 0.0000e+00
      3.915 3.1241e-09     6.2749     57.895     34.068  25.018242     2.6820      8.191   262.3170 1.5632e+00     2.3335      3.839      5.568    11.6705 0.0000e+00
