Data/DataNotYetUploadedToEDI/Raw_CTD/RawDownloads/051222_bvr50_0009.cnv
* Sea-Bird SBE19plus  Data File:
* FileName = C:\R\Reservoirs\Data\DataNotYetUploadedToEDI\Raw_CTD\RawDownloads\051222_fcr50_0009.hex
* Software version 2.8.0.119
* Temperature SN = 7809
* Conductivity SN = 7809
* System UpLoad Time = May 13 2022 11:15:41
* <ApplicationData>
* <Seaterm232>
# nquan = 15
# nvalues = 2090                        
# units = specified
# name 0 = depFM: Depth [fresh water, m]
# name 1 = dz/dtM: Descent Rate [m/s]
# name 2 = sbeox0Mg/L: Oxygen, SBE 43 [mg/l]
# name 3 = sbeox0PS: Oxygen, SBE 43 [% saturation]
# name 4 = specc: Specific Conductance [uS/cm]
# name 5 = c0uS/cm: Conductivity [uS/cm]
# name 6 = flECO-AFL: Fluorescence, WET Labs ECO-AFL/FL [mg/m^3]
# name 7 = ph: pH
# name 8 = orp: Oxidation Reduction Potential [mV]
# name 9 = par/sat/log: PAR/Logarithmic, Satlantic
# name 10 = turbWETntu0: Turbidity, WET Labs ECO [NTU]
# name 11 = prdM: Pressure, Strain Gauge [db]
# name 12 = prdE: Pressure, Strain Gauge [psi]
# name 13 = tv290C: Temperature [ITS-90, deg C]
# name 14 = flag:  0.000e+00
# span 0 =     -0.692,      9.403       
# span 1 =     -0.297,      0.159       
# span 2 =     0.0469,     9.4536       
# span 3 =      0.430,    101.277       
# span 4 =      0.441,     57.282       
# span 5 =   0.385129,  39.417341       
# span 6 =    -0.1109,    16.4863       
# span 7 =      5.996,      8.074       
# span 8 =     0.8134,   933.8956       
# span 9 = 1.2363e-01, 2.6437e+03       
# span 10 =    -4.3382,    13.6443      
# span 11 =     -0.679,      9.221      
# span 12 =     -0.985,     13.374      
# span 13 =     9.4007,    18.8394      
# span 14 = 0.0000e+00, 0.0000e+00      
# interval = seconds: 0.25
# start_time = May 12 2022 10:48:09 [Instrument's time stamp, header]
# bad_flag = -9.990e-29
*END*
[from data line 1735]
      7.028     -0.099     0.0572      0.497     48.359  33.531939     1.4602      6.528     7.9851 7.9052e-01     1.4558      6.891      9.995     9.6490 0.0000e+00
      7.000     -0.094     0.0582      0.486     48.293  33.485358     1.4557      6.529     7.9495 8.1280e-01     1.4013      6.863      9.954     9.6538 0.0000e+00
      6.976     -0.088     0.0591      0.488     48.229  33.438069     1.4556      6.529     7.9319 8.2491e-01     1.3434      6.840      9.920     9.6601 0.0000e+00
      6.957     -0.081     0.0588      0.492     48.180  33.404018     1.4516      6.530     7.8582 8.3504e-01     1.3356      6.821      9.894     9.6657 0.0000e+00
      6.941     -0.075     0.0566      0.495     48.159  33.390679     1.4562      6.531     7.7472 8.5091e-01     1.3755      6.807      9.874     9.6694 0.0000e+00
      6.924     -0.070     0.0542      0.505     48.083  33.340206     1.4696      6.533     7.6222 8.6700e-01     1.4503      6.790      9.849     9.6679 0.0000e+00
      6.906     -0.066     0.0559      0.509     47.932  33.237596     1.4717      6.533     7.4646 8.7696e-01     1.5226      6.772      9.822     9.6628 0.0000e+00
      6.888     -0.063     0.0564      0.506     47.824  33.164517     1.4734      6.533     7.2187 8.9216e-01     1.5670      6.755      9.798     9.6626 0.0000e+00
      6.871     -0.059     0.0555      0.510     47.806  33.154072     1.4743      6.533     6.9721 9.1521e-01     1.6105      6.737      9.772     9.6647 0.0000e+00
      6.856     -0.054     0.0581      0.512     47.741  33.111317     1.4823      6.534     6.8059 9.3366e-01     1.6736      6.722      9.749     9.6674 0.0000e+00
      6.843     -0.050     0.0585      0.510     47.618  33.028000     1.5034      6.535     6.6715 9.3923e-01     1.6804      6.711      9.733     9.6698 0.0000e+00
      6.832     -0.050     0.0567      0.517     47.624  33.034361     1.5132      6.535     6.5522 9.3325e-01     1.6240      6.699      9.717     9.6707 0.0000e+00
      6.823     -0.056     0.0581      0.515     47.662  33.061428     1.5173      6.536     6.3099 9.1885e-01     1.6067      6.689      9.702     9.6730 0.0000e+00
      6.815     -0.068     0.0591      0.496     47.627  33.038237     1.5537      6.537     5.9794 9.1959e-01     1.6426      6.686      9.697     9.6757 0.0000e+00
      6.801     -0.083     0.0565      0.488     47.670  33.070983     1.6201      6.537     5.7394 9.4155e-01     1.6819      6.675      9.681     9.6776 0.0000e+00
      6.776     -0.098     0.0595      0.491     47.765  33.140341     1.6541      6.537     5.5587 9.5620e-01     1.6721      6.648      9.642     9.6806 0.0000e+00
      6.742     -0.110     0.0599      0.495     47.816  33.179396     1.6485      6.538     5.4290 9.7844e-01     1.6261      6.612      9.589     9.6816 0.0000e+00
      6.706     -0.116     0.0552      0.500     47.788  33.162764     1.6605      6.538     5.3761 1.0147e+00     1.6382      6.574      9.535     9.6808 0.0000e+00
      6.672     -0.113     0.0550      0.510     47.645  33.066054     1.6910      6.538     5.4348 1.0383e+00     1.6825      6.542      9.489     9.6849 0.0000e+00
      6.641     -0.103     0.0559      0.516     47.493  32.961168     1.7091      6.539     5.4508 1.0554e+00     1.6830      6.512      9.444     9.6895 0.0000e+00
      6.615     -0.091     0.0565      0.506     47.329  32.845658     1.7127      6.540     5.1389 1.0810e+00     1.6448      6.484      9.404     9.6922 0.0000e+00
      6.595     -0.080     0.0563      0.493     47.099  32.683900     1.8021      6.540     4.6756 1.1132e+00     1.6648      6.464      9.376     9.6956 0.0000e+00
      6.583     -0.071     0.0581      0.492     46.966  32.590468     2.0072      6.541     4.3227 1.1386e+00     1.8220      6.455      9.362     9.6987 0.0000e+00
      6.570     -0.064     0.0596      0.482     46.894  32.540234     2.1452      6.542     4.1421 1.1668e+00     1.9055      6.446      9.350     9.6996 0.0000e+00
      6.553     -0.063     0.0578      0.471     46.774  32.456952     2.1727      6.543     4.2126 1.2099e+00     1.8551      6.427      9.322     9.6975 0.0000e+00
      6.534     -0.065     0.0546      0.483     46.606  32.344349     2.1729      6.543     4.4867 1.2471e+00     1.8274      6.406      9.291     9.6941 0.0000e+00
      6.518     -0.068     0.0569      0.492     46.281  32.129800     2.1558      6.543     4.7891 1.2663e+00     1.8093      6.392      9.271     9.6930 0.0000e+00
      6.503     -0.068     0.0555      0.484     45.824  31.828339     2.1398      6.543     4.9440 1.2873e+00     1.8415      6.379      9.252     9.6941 0.0000e+00
      6.484     -0.064     0.0512      0.480     45.402  31.552500     2.1299      6.544     4.8964 1.3262e+00     1.8746      6.360      9.224     9.6922 0.0000e+00
      6.462     -0.060     0.0559      0.488     45.239  31.457497     2.1191      6.545     4.8158 1.3604e+00     1.8351      6.335      9.189     9.6932 0.0000e+00
      6.445     -0.060     0.0567      0.493     45.466  31.630691     2.1428      6.545     4.9160 1.3819e+00     1.8755      6.317      9.162     9.7069 0.0000e+00
      6.436     -0.062     0.0547      0.494     45.807  31.871376     2.2003      6.545     5.0753 1.4158e+00     2.0210      6.310      9.152     9.7267 0.0000e+00
      6.428     -0.067     0.0536      0.499     46.037  32.021794     2.2311      6.546     5.0214 1.4689e+00     2.1261      6.306      9.147     9.7444 0.0000e+00
      6.413     -0.073     0.0558      0.496     46.192  32.117938     2.2236      6.547     4.8664 1.5364e+00     2.1213      6.294      9.128     9.7656 0.0000e+00
      6.390     -0.081     0.0564      0.494     46.243  32.146205     2.2433      6.548     4.8362 1.6254e+00     2.0658      6.268      9.091     9.7884 0.0000e+00
      6.362     -0.087     0.0547      0.491     46.196  32.109948     2.3107      6.548     4.8287 1.7144e+00     2.0697      6.239      9.049     9.7924 0.0000e+00
      6.334     -0.090     0.0580      0.473     46.131  32.059974     2.3567      6.547     4.7755 1.7899e+00     2.1351      6.211      9.008     9.7760 0.0000e+00
      6.310     -0.088     0.0557      0.461     46.120  32.049188     2.3660      6.546     4.7082 1.8639e+00     2.1722      6.186      8.971     9.7609 0.0000e+00
      6.290     -0.083     0.0556      0.470     46.201  32.106324     2.4315      6.547     4.6172 1.9321e+00     2.2115      6.167      8.945     9.7540 0.0000e+00
      6.272     -0.076     0.0571      0.475     46.214  32.116781     2.5669      6.548     4.5365 2.0004e+00     2.3026      6.152      8.923     9.7519 0.0000e+00
      6.254     -0.071     0.0531      0.473     46.116  32.048821     2.6548      6.550     4.5069 2.0659e+00     2.3854      6.133      8.896     9.7460 0.0000e+00
      6.235     -0.068     0.0508      0.495     46.111  32.045456     2.6782      6.550     4.6028 2.1116e+00     2.4267      6.113      8.866     9.7404 0.0000e+00
      6.219     -0.067     0.0539      0.521     46.157  32.076093     2.7085      6.551     4.7496 2.1473e+00     2.3928      6.099      8.844     9.7441 0.0000e+00
      6.204     -0.065     0.0552      0.523     46.106  32.038843     2.7458      6.552     4.8200 2.1994e+00     2.3163      6.085      8.826     9.7468 0.0000e+00
      6.188     -0.061     0.0513      0.511     45.832  31.848678     2.7552      6.552     4.9367 2.2717e+00     2.2877      6.069      8.803     9.7457 0.0000e+00
      6.170     -0.054     0.0563      0.498     45.399  31.552050     2.7554      6.552     5.1277 2.3453e+00     2.3201      6.050      8.774     9.7464 0.0000e+00
      6.153     -0.046     0.0609      0.491     45.034  31.305371     2.7734      6.552     5.2369 2.4265e+00     2.3671      6.032      8.748     9.7456 0.0000e+00
      6.141     -0.042     0.0596      0.496     44.705  31.085111     2.8310      6.552     5.2250 2.5181e+00     2.4117      6.020      8.731     9.7407 0.0000e+00
      6.135     -0.042     0.0580      0.498     44.632  31.044481     2.9277      6.554     4.8970 2.5851e+00     2.4837      6.014      8.722     9.7409 0.0000e+00
      6.134     -0.045     0.0565      0.484     44.928  31.257923     2.9862      6.556     4.3693 2.6306e+00     2.5544      6.016      8.727     9.7471 0.0000e+00
      6.128     -0.053     0.0548      0.464     45.015  31.320054     2.9970      6.556     4.2648 2.7070e+00     2.6171      6.016      8.725     9.7555 0.0000e+00
      6.111     -0.065     0.0564      0.451     44.697  31.098314     3.0240      6.556     4.5805 2.8266e+00     2.6948      5.995      8.695     9.7641 0.0000e+00
      6.086     -0.079     0.0575      0.451     44.621  31.049448     3.0715      6.555     4.7442 2.9428e+00     2.7777      5.966      8.654     9.7757 0.0000e+00
      6.061     -0.089     0.0551      0.447     44.974  31.299813     3.1059      6.555     4.5236 3.0526e+00     2.8332      5.944      8.620     9.7884 0.0000e+00
      6.037     -0.094     0.0523      0.432     45.299  31.526108     3.1235      6.556     4.2357 3.1853e+00     2.8528      5.922      8.588     9.7870 0.0000e+00
      6.011     -0.093     0.0502      0.430     45.454  31.629981     3.1512      6.557     4.1030 3.3283e+00     2.8106      5.895      8.550     9.7814 0.0000e+00
      5.985     -0.089     0.0513      0.447     45.424  31.604726     3.1909      6.557     4.0380 3.4593e+00     2.6641      5.869      8.511     9.7894 0.0000e+00
      5.963     -0.085     0.0517      0.452     45.332  31.537739     3.2129      6.558     4.0521 3.5622e+00     2.5511      5.845      8.477     9.8001 0.0000e+00
      5.944     -0.080     0.0483      0.453     45.307  31.517454     3.2176      6.559     4.1015 3.6557e+00     2.5707      5.828      8.453     9.7961 0.0000e+00
      5.926     -0.076     0.0469      0.463     44.990  31.296059     3.1559      6.559     4.2054 3.7793e+00     2.6280      5.813      8.431     9.7897 0.0000e+00
      5.907     -0.075     0.0521      0.470     44.399  30.889636     3.0161      6.560     4.2757 3.9145e+00     2.6286      5.791      8.400     9.7862 0.0000e+00
      5.888     -0.076     0.0517      0.476     44.235  30.787742     2.9340      6.561     4.0906 4.0318e+00     2.5781      5.771      8.370     9.7812 0.0000e+00
      5.871     -0.078     0.0500      0.487     44.454  30.951674     2.9368      6.562     3.7750 4.1611e+00     2.5637      5.759      8.352     9.7804 0.0000e+00
      5.851     -0.079     0.0534      0.498     44.202  30.779595     3.0166      6.563     3.5571 4.3299e+00     2.5912      5.740      8.325     9.7759 0.0000e+00
      5.828     -0.079     0.0533      0.508     43.867  30.545670     3.1574      6.563     3.4350 4.5173e+00     2.6042      5.714      8.288     9.7799 0.0000e+00
      5.806     -0.077     0.0535      0.508     44.029  30.659172     3.2245      6.563     3.3304 4.6892e+00     2.5840      5.693      8.257     9.7988 0.0000e+00
      5.785     -0.075     0.0556      0.489     43.619  30.376837     3.2206      6.563     3.2394 4.8272e+00     2.5517      5.673      8.228     9.8147 0.0000e+00
      5.765     -0.074     0.0561      0.473     42.588  29.667822     3.2346      6.564     2.7649 4.9004e+00     2.5555      5.651      8.196     9.8174 0.0000e+00
      5.750     -0.075     0.0579      0.478     42.048  29.313640     3.3695      6.565     2.1534 4.9263e+00     2.6976      5.637      8.175     9.8114 0.0000e+00
      5.738     -0.078     0.0587      0.474     42.118  29.391011     3.6108      6.565     2.1258 5.0018e+00     2.9384      5.630      8.165     9.8144 0.0000e+00
      5.720     -0.083     0.0555      0.457     42.190  29.462264     3.7478      6.565     2.4308 5.1451e+00     3.0410      5.613      8.141     9.8162 0.0000e+00
      5.694     -0.088     0.0516      0.456     41.929  29.287651     3.8102      6.565     2.7453 5.3090e+00     3.0165      5.584      8.098     9.8211 0.0000e+00
      5.665     -0.092     0.0549      0.456     41.680  29.118197     4.3653      6.566     2.8304 5.4709e+00     3.1198      5.554      8.056     9.8515 0.0000e+00
      5.640     -0.093     0.0552      0.458     41.497  28.998258     5.3823      6.566     2.4273 5.6307e+00     3.3673      5.530      8.021     9.8941 0.0000e+00
      5.616     -0.093     0.0495      0.465     41.453  28.978543     5.9439      6.566     1.4849 5.7850e+00     3.5153      5.507      7.988     9.9208 0.0000e+00
      5.593     -0.092     0.0524      0.461     41.841  29.260173     6.0378      6.566     0.8134 5.9295e+00     3.5092      5.484      7.953     9.9242 0.0000e+00
      5.573     -0.090     0.0516      0.468     42.251  29.550763     6.5670      6.566     1.2782 6.1298e+00     3.4991      5.466      7.928     9.9266 0.0000e+00
      5.551     -0.087     0.0507      0.495     42.291  29.575970     7.5484      6.566     2.2866 6.4155e+00     3.5299      5.447      7.900     9.9361 0.0000e+00
      5.526     -0.082     0.0543      0.502     41.917  29.311377     8.0822      6.567     3.1114 6.6978e+00     3.5053      5.418      7.859     9.9513 0.0000e+00
      5.502     -0.077     0.0515      0.487     41.391  28.950693     8.1520      6.568     3.4208 6.9235e+00     3.4404      5.393      7.822     9.9670 0.0000e+00
      5.482     -0.071     0.0509      0.492     41.010  28.701575     8.5011      6.568     3.2743 7.0968e+00     3.4625      5.375      7.795     9.9708 0.0000e+00
      5.467     -0.064     0.0575      0.508     40.634  28.454658     9.1409      6.569     3.3197 7.2184e+00     3.5679      5.361      7.774     9.9667 0.0000e+00
      5.455     -0.056     0.0585      0.516     40.321  28.247322     9.4954      6.570     3.7981 7.3472e+00     3.6906      5.350      7.760     9.9556 0.0000e+00
      5.442     -0.050     0.0529      0.517     40.001  28.033035     9.5322      6.571     4.5842 7.5136e+00     3.7499      5.337      7.741     9.9616 0.0000e+00
      5.428     -0.048     0.0556      0.516     39.793  27.892179     9.5277      6.570     5.7685 7.6660e+00     3.7388      5.322      7.719     9.9953 0.0000e+00
      5.416     -0.048     0.0580      0.516     40.036  28.065569     9.4999      6.570     7.0190 7.7769e+00     3.7617      5.311      7.703    10.0116 0.0000e+00
      5.406     -0.052     0.0581      0.512     40.270  28.227823     9.4537      6.570     8.0021 7.8316e+00     3.7873      5.301      7.689    10.0259 0.0000e+00
      5.397     -0.058     0.0589      0.509     40.158  28.142485     9.4270      6.571     8.8796 7.8369e+00     3.7752      5.294      7.679    10.0425 0.0000e+00
      5.384     -0.067     0.0574      0.514     39.667  27.794418     9.4095      6.572     9.5404 7.8064e+00     3.7520      5.283      7.663    10.0418 0.0000e+00
      5.365     -0.077     0.0587      0.519     39.068  27.378948     9.2265      6.573     9.9699 7.7117e+00     3.6427      5.261      7.632    10.0509 0.0000e+00
      5.342     -0.087     0.0576      0.530     39.034  27.366055     8.9031      6.575    10.7168 7.6122e+00     3.5133      5.240      7.600    10.0492 0.0000e+00
      5.316     -0.092     0.0566      0.571     39.316  27.575175     8.7288      6.575    12.0308 7.6184e+00     3.5193      5.215      7.564    10.0344 0.0000e+00
      5.288     -0.093     0.0584      0.652     39.371  27.625473     8.6925      6.575    13.3821 7.7137e+00     3.5446      5.184      7.520    10.0280 0.0000e+00
      5.261     -0.091     0.0583      0.773     39.129  27.467132     8.5150      6.575    14.4943 7.7986e+00     3.4774      5.157      7.479    10.0344 0.0000e+00
      5.238     -0.089     0.0585      0.934     38.705  27.181973     8.1962      6.576    15.5828 7.8141e+00     3.4246      5.134      7.447    10.0533 0.0000e+00
      5.221     -0.087     0.0624      1.113     38.380  26.966673     8.0333      6.578    16.7347 7.8098e+00     3.4527      5.119      7.425    10.0659 0.0000e+00
