Data/DataNotYetUploadedToEDI/Raw_CTD/RawDownloads/051222_bvr40_0008.cnv
* Sea-Bird SBE19plus  Data File:
* FileName = C:\R\Reservoirs\Data\DataNotYetUploadedToEDI\Raw_CTD\RawDownloads\051222_fcr50_0008.hex
* Software version 2.8.0.119
* Temperature SN = 7809
* Conductivity SN = 7809
* System UpLoad Time = May 13 2022 11:14:48
* <ApplicationData>
* <Seaterm232>
# nquan = 15
# nvalues = 3222                        
# units = specified
# name 0 = depFM: Depth [fresh water, m]
# name 1 = dz/dtM: Descent Rate [m/s]
# name 2 = sbeox0Mg/L: Oxygen, SBE 43 [mg/l]
# name 3 = sbeox0PS: Oxygen, SBE 43 [% saturation]
# name 4 = specc: Specific Conductance [uS/cm]
# name 5 = c0uS/cm: Conductivity [uS/cm]
# name 6 = flECO-AFL: Fluorescence, WET Labs ECO-AFL/FL [mg/m^3]
# name 7 = ph: pH
# name 8 = orp: Oxidation Reduction Potential [mV]
# name 9 = par/sat/log: PAR/Logarithmic, Satlantic
# name 10 = turbWETntu0: Turbidity, WET Labs ECO [NTU]
# name 11 = prdM: Pressure, Strain Gauge [db]
# name 12 = prdE: Pressure, Strain Gauge [psi]
# name 13 = tv290C: Temperature [ITS-90, deg C]
# name 14 = flag:  0.000e+00
# span 0 =     -0.693,      4.431       
# span 1 =     -0.202,      0.193       
# span 2 =    -0.0751,     9.5550       
# span 3 =     -0.390,    102.258       
# span 4 =      2.786,     86.341       
# span 5 =   2.622272,  65.827236       
# span 6 =    -0.8579,    10.8574       
# span 7 =     -2.722,     12.104       
# span 8 = -1240.7455,   917.9483       
# span 9 = 1.2931e+00, 1.3370e+03       
# span 10 =    -1.2972,    57.8402      
# span 11 =     -0.680,      4.346      
# span 12 =     -0.986,      6.303      
# span 13 =    12.4964,    22.0809      
# span 14 = 0.0000e+00, 0.0000e+00      
# interval = seconds: 0.25
# start_time = May 12 2022 10:10:20 [Instrument's time stamp, header]
# bad_flag = -9.990e-29
*END*
[from data line 2121]
      4.367      0.001     0.6440      6.045     78.962  59.801024     9.7586      6.547   303.2385 2.4515e+00     5.5546      4.283      6.211    12.8581 0.0000e+00
      4.367      0.001     0.6420      6.033     78.964  59.804593     9.7160      6.548   303.2713 2.4394e+00     5.7356      4.283      6.212    12.8595 0.0000e+00
      4.367      0.001     0.6398      6.023     78.978  59.817521     9.6301      6.548   303.3842 2.4329e+00     5.9982      4.282      6.211    12.8610 0.0000e+00
      4.367      0.000     0.6418      5.988     78.992  59.830353     9.5857      6.549   303.4858 2.4365e+00     6.0647      4.282      6.211    12.8624 0.0000e+00
      4.368      0.000     0.6382      5.944     78.993  59.832768     9.5790      6.549   303.3803 2.4379e+00     6.0275      4.283      6.213    12.8638 0.0000e+00
      4.368      0.001     0.6369      5.923     79.009  59.846725     9.5579      6.551   303.1418 2.4414e+00     5.9583      4.283      6.212    12.8652 0.0000e+00
      4.368      0.001     0.6382      5.913     79.040  59.872131     9.5375      6.553   302.9246 2.4369e+00     5.7745      4.283      6.212    12.8665 0.0000e+00
      4.368      0.001     0.6330      5.895     79.055  59.885993     9.5412      6.553   302.8187 2.4157e+00     5.6159      4.283      6.212    12.8679 0.0000e+00
      4.368      0.001     0.6266      5.871     79.054  59.887367     9.5444      6.552   302.8085 2.4032e+00     5.5444      4.283      6.212    12.8693 0.0000e+00
      4.369      0.001     0.6253      5.827     79.054  59.888742     9.5178      6.554   302.8014 2.4082e+00     5.5240      4.284      6.214    12.8704 0.0000e+00
      4.369      0.001     0.6256      5.786     79.069  59.902614     9.4773      6.556   302.8184 2.4112e+00     5.5407      4.284      6.214    12.8717 0.0000e+00
      4.369      0.001     0.6220      5.769     79.100  59.928115     9.4627      6.556   302.8416 2.4130e+00     5.5755      4.284      6.214    12.8732 0.0000e+00
      4.369      0.000     0.6218      5.762     79.117  59.943121     9.4744      6.557   302.7380 2.4133e+00     5.6029      4.284      6.214    12.8744 0.0000e+00
      4.369      0.000     0.6155      5.757     79.132  59.957078     9.4771      6.558   302.5120 2.4018e+00     5.5992      4.285      6.215    12.8755 0.0000e+00
      4.369      0.000     0.6095      5.741     79.147  59.969891     9.4626      6.559   302.2601 2.3925e+00     5.5645      4.284      6.214    12.8769 0.0000e+00
      4.369      0.001     0.6098      5.721     79.146  59.971065     9.4575      6.559   302.0157 2.3894e+00     5.5591      4.284      6.214    12.8782 0.0000e+00
      4.369      0.001     0.6079      5.709     79.144  59.971276     9.4731      6.560   301.8793 2.3796e+00     5.6017      4.284      6.214    12.8795 0.0000e+00
      4.370      0.001     0.6092      5.693     79.143  59.972441     9.5263      6.560   301.8161 2.3709e+00     5.5669      4.285      6.215    12.8809 0.0000e+00
      4.370      0.001     0.6067      5.669     79.157  59.985161     9.6099      6.561   301.6822 2.3577e+00     5.4461      4.285      6.215    12.8820 0.0000e+00
      4.370      0.001     0.6035      5.657     79.171  59.998093     9.6510      6.563   301.6369 2.3353e+00     5.3707      4.286      6.216    12.8833 0.0000e+00
      4.370      0.001     0.6031      5.651     79.174  60.001824     9.6412      6.564   301.6987 2.3221e+00     5.3386      4.286      6.216    12.8845 0.0000e+00
      4.371      0.001     0.6022      5.635     79.209  60.030273     9.6328      6.564   301.5686 2.3163e+00     5.2973      4.286      6.217    12.8856 0.0000e+00
      4.371      0.001     0.5978      5.620     79.283  60.088109     9.6240      6.565   301.2683 2.3178e+00     5.2817      4.286      6.217    12.8871 0.0000e+00
      4.371      0.001     0.5969      5.608     79.335  60.129709     9.6006      6.566   301.0790 2.3297e+00     5.3209      4.286      6.217    12.8882 0.0000e+00
      4.371      0.000     0.5981      5.601     79.363  60.152329     9.5832      6.566   301.0875 2.3344e+00     5.3273      4.286      6.217    12.8893 0.0000e+00
      4.371 2.2015e-08     0.5940      5.590     79.385  60.171142     9.5808      6.567   301.1129 2.3276e+00     5.2901      4.287      6.218    12.8907 0.0000e+00
      4.371 2.4216e-07     0.5940      5.564     79.377  60.166703     9.5711      6.568   301.1279 2.3188e+00     5.2815      4.287      6.218    12.8918 0.0000e+00
      4.371 6.1471e-07     0.5917      5.534     79.369  60.162156     9.5410      6.568   301.0960 2.3125e+00     5.2919      4.287      6.218    12.8931 0.0000e+00
      4.371      0.000     0.5915      5.510     79.389  60.179653     9.5166      6.568   300.9000 2.3094e+00     5.3463      4.286      6.217    12.8942 0.0000e+00
      4.371      0.000     0.5914      5.497     79.397  60.187786     9.5256      6.568   300.7367 2.3037e+00     5.3931      4.287      6.218    12.8951 0.0000e+00
      4.372      0.001     0.5873      5.487     79.407  60.197002     9.6003      6.570   300.6700 2.2832e+00     5.4136      4.287      6.218    12.8964 0.0000e+00
      4.372      0.001     0.5842      5.472     79.445  60.227592     9.7043      6.571   300.6959 2.2607e+00     5.4912      4.287      6.218    12.8975 0.0000e+00
      4.372      0.001     0.5811      5.465     79.459  60.240206     9.7508      6.571   300.8776 2.2546e+00     5.5457      4.288      6.219    12.8985 0.0000e+00
      4.372      0.001     0.5804      5.472     79.434  60.222543     9.7626      6.572   301.0597 2.2550e+00     5.5269      4.288      6.219    12.8998 0.0000e+00
      4.372      0.001     0.5796      5.458     79.408  60.204501     9.8469      6.573   301.0057 2.2558e+00     5.4682      4.288      6.219    12.9009 0.0000e+00
      4.373      0.001     0.5779      5.438     79.417  60.212531    10.0040      6.574   300.8257 2.2508e+00     5.3822      4.289      6.220    12.9021 0.0000e+00
      4.373      0.001     0.5751      5.451     79.472  60.256141    10.0977      6.575   300.9485 2.2379e+00     5.3415      4.288      6.220    12.9031 0.0000e+00
      4.374      0.001     0.5792      5.456     79.510  60.287366    10.1067      6.575   301.2007 2.2259e+00     5.3523      4.289      6.221    12.9043 0.0000e+00
      4.374      0.001     0.5774      5.428     79.489  60.272615    10.0624      6.575   301.1222 2.2239e+00     5.3418      4.290      6.222    12.9054 0.0000e+00
      4.374      0.001     0.5707      5.395     79.481  60.268265     9.9865      6.577   300.9456 2.2273e+00     5.3171      4.289      6.221    12.9062 0.0000e+00
      4.375      0.001     0.5765      5.373     79.518  60.298260     9.9465      6.579   300.8719 2.2203e+00     5.3272      4.290      6.222    12.9074 0.0000e+00
      4.375      0.001     0.5776      5.349     79.542  60.317840     9.9361      6.579   300.6610 2.2124e+00     5.3607      4.291      6.223    12.9085 0.0000e+00
      4.375      0.000     0.5731      5.332     79.536  60.314520     9.9190      6.579   300.3752 2.2108e+00     5.3810      4.291      6.223    12.9095 0.0000e+00
      4.375 5.6218e-08     0.5686      5.337     79.543  60.321616     9.7982      6.580   300.1687 2.2084e+00     5.3676      4.291      6.224    12.9106 0.0000e+00
      4.375 6.1839e-07     0.5674      5.332     79.565  60.340155     9.5823      6.581   299.9711 2.2078e+00     5.3360      4.291      6.223    12.9117 0.0000e+00
      4.375      0.000     0.5652      5.317     79.574  60.348199     9.4734      6.582   299.7066 2.2078e+00     5.3400      4.290      6.222    12.9128 0.0000e+00
      4.375      0.000     0.5600      5.307     79.581  60.355381     9.4797      6.583   299.5530 2.2056e+00     5.3820      4.290      6.223    12.9137 0.0000e+00
      4.375      0.001     0.5651      5.286     79.590  60.363509     9.5670      6.583   299.7483 2.1995e+00     5.3655      4.291      6.223    12.9147 0.0000e+00
      4.376      0.001     0.5633      5.261     79.613  60.382992     9.7295      6.584   300.0886 2.1885e+00     5.3114      4.291      6.224    12.9157 0.0000e+00
      4.376      0.002     0.5602      5.241     79.634  60.400479     9.8139      6.584   300.2268 2.1752e+00     5.3084      4.291      6.224    12.9168 0.0000e+00
      4.376      0.003     0.5613      5.229     79.611  60.384470     9.8134      6.584   300.3007 2.1626e+00     5.3288      4.292      6.225    12.9178 0.0000e+00
      4.377      0.003     0.5577      5.221     79.603  60.379903     9.8733      6.584   300.5517 2.1419e+00     5.2852      4.293      6.226    12.9187 0.0000e+00
      4.378      0.003     0.5552      5.210     79.639  60.408743     9.9964      6.585   300.9381 2.1027e+00     5.1569      4.293      6.227    12.9197 0.0000e+00
      4.379      0.003     0.5526      5.199     79.646  60.415728    10.0614      6.586   301.4453 2.0678e+00     5.0758      4.295      6.230    12.9207 0.0000e+00
      4.381      0.003     0.5517      5.194     79.624  60.400864    10.0609      6.586   301.8654 2.0495e+00     5.0553      4.296      6.231    12.9217 0.0000e+00
      4.381      0.003     0.5512      5.181     79.647  60.419504    10.1059      6.587   301.9748 2.0276e+00     4.9782      4.296      6.231    12.9225 0.0000e+00
      4.382      0.003     0.5503      5.149     79.686  60.450636    10.2068      6.588   301.9070 2.0064e+00     4.8603      4.297      6.233    12.9233 0.0000e+00
      4.383      0.002     0.5478      5.114     79.696  60.459821    10.2653      6.589   301.8204 1.9983e+00     4.8253      4.298      6.233    12.9245 0.0000e+00
      4.383      0.002     0.5484      5.098     79.703  60.467066    10.2808      6.590   301.7019 1.9913e+00     4.8633      4.298      6.234    12.9255 0.0000e+00
      4.384      0.002     0.5480      5.096     79.712  60.474745    10.2938      6.590   301.5060 1.9780e+00     4.8410      4.299      6.235    12.9263 0.0000e+00
      4.384      0.002     0.5433      5.090     79.729  60.489180    10.2899      6.591   301.0874 1.9583e+00     4.7947      4.299      6.235    12.9274 0.0000e+00
      4.385      0.002     0.5385      5.069     79.761  60.514630    10.2752      6.592   300.4269 1.9385e+00     4.8158      4.300      6.236    12.9283 0.0000e+00
      4.385      0.002     0.5372      5.049     79.777  60.528487    10.2747      6.594   299.8860 1.9268e+00     4.8569      4.301      6.237    12.9291 0.0000e+00
      4.385      0.002     0.5380      5.043     79.777  60.529747    10.3003      6.595   299.6235 1.9139e+00     4.8824      4.300      6.237    12.9301 0.0000e+00
      4.386      0.002     0.5379      5.030     79.775  60.529862    10.3353      6.595   299.4040 1.8930e+00     4.9194      4.301      6.238    12.9308 0.0000e+00
      4.386      0.003     0.5351      5.010     79.774  60.529882    10.3474      6.595   299.0394 1.8616e+00     4.9278      4.301      6.238    12.9319 0.0000e+00
      4.387      0.003     0.5312      4.996     79.772  60.529987    10.3384      6.596   298.8279 1.8157e+00     4.8817      4.303      6.240    12.9328 0.0000e+00
      4.389      0.003     0.5329      4.967     79.771  60.531132    10.3429      6.596   298.8262 1.7781e+00     4.8407      4.304      6.242    12.9336 0.0000e+00
      4.389      0.003     0.5313      4.921     79.786  60.543736    10.4104      6.596   297.5563 1.7708e+00     4.8753      4.304      6.243    12.9346 0.0000e+00
      4.390      0.003     0.5273      4.892     79.800  60.555400    10.5222      6.597   292.8514 1.7743e+00     5.0275      4.305      6.244    12.9354 0.0000e+00
      4.390      0.003     0.5281      4.880     79.785  60.545172    10.5792      6.597   283.9273 1.7621e+00     5.1438      4.305      6.244    12.9363 0.0000e+00
      4.391      0.002     0.5254      4.869     79.785  60.547061    10.5915      6.597   272.7695 1.7406e+00     5.1194      4.307      6.246    12.9373 0.0000e+00
      4.392      0.002     0.5175      4.858     79.824  60.578243    10.6219      6.597   263.1704 1.7250e+00     5.1421      4.307      6.247    12.9383 0.0000e+00
      4.392      0.002     0.5155      4.845     79.857  60.604742    10.6551      6.597   256.8292 1.6967e+00     5.2479      4.307      6.247    12.9391 0.0000e+00
      4.393      0.002     0.5151      4.833     79.867  60.613491    10.6765      6.599   252.5407 1.6572e+00     5.3059      4.308      6.248    12.9400 0.0000e+00
      4.393      0.002     0.5133      4.830     79.874  60.620530    10.7057      6.601   249.5195 1.6323e+00     5.3300      4.308      6.248    12.9409 0.0000e+00
      4.394      0.001     0.5129      4.831     79.880  60.626364    10.7670      6.601   247.6609 1.6166e+00     5.3351      4.309      6.249    12.9419 0.0000e+00
      4.394      0.001     0.5108      4.820     79.870  60.620547    10.8346      6.601   246.3302 1.6092e+00     5.2995      4.309      6.250    12.9428 0.0000e+00
      4.394      0.001     0.5097      4.806     79.859  60.613689    10.8574      6.602   245.1314 1.6153e+00     5.2750      4.310      6.250    12.9437 0.0000e+00
      4.394      0.000     0.5084      4.801     79.848  60.606934    10.8510      6.603   244.1790 1.6192e+00     5.2784      4.309      6.250    12.9446 0.0000e+00
      4.394 1.8642e-08     0.5109      4.809     79.840  60.602365    10.8162      6.605   243.5049 1.6098e+00     5.3399      4.309      6.249    12.9455 0.0000e+00
      4.394 2.0506e-07     0.5080      4.819     79.864  60.621933    10.7446      6.606   243.0040 1.5951e+00     5.4722      4.310      6.250    12.9464 0.0000e+00
      4.394 2.0506e-07     0.5065      4.802     79.904  60.653053    10.7003      6.606   242.5958 1.5824e+00     5.5457      4.309      6.250    12.9473 0.0000e+00
      4.394 1.8642e-08     0.5064      4.776     79.913  60.661181    10.6964      6.606   242.0113 1.5777e+00     5.5454      4.309      6.250    12.9482 0.0000e+00
      4.394 1.6947e-09     0.5060      4.752     79.905  60.656725    10.6726      6.606   241.0131 1.5775e+00     5.6051      4.310      6.250    12.9490 0.0000e+00
      4.394 1.5406e-10     0.5108      4.728     79.911  60.662669    10.6296      6.607   240.0774 1.5653e+00     5.7559      4.310      6.251    12.9500 0.0000e+00
      4.394 1.4006e-11     0.5060      4.707     79.918  60.669559    10.6091      6.609   239.7314 1.5547e+00     5.8656      4.309      6.250    12.9507 0.0000e+00
      4.394 1.2732e-12     0.5037      4.691     79.925  60.676534    10.6005      6.610   239.6697 1.5627e+00     5.8725      4.309      6.249    12.9516 0.0000e+00
      4.394 1.1574e-13     0.5012      4.666     79.933  60.683517    10.6167      6.611   239.5888 1.5616e+00     5.8047      4.309      6.250    12.9525 0.0000e+00
      4.394 1.0443e-14     0.4985      4.638     79.940  60.690499    10.6557      6.611   239.3564 1.5384e+00     5.6602      4.309      6.249    12.9533 0.0000e+00
      4.394 8.7499e-17     0.4958      4.627     79.948  60.697464    10.6797      6.612   238.7521 1.5180e+00     5.5612      4.308      6.249    12.9542 0.0000e+00
      4.394 -9.473e-15     0.4950      4.616     79.956  60.704249    10.6912      6.613   237.7021 1.5151e+00     5.5637      4.309      6.249    12.9550 0.0000e+00
      4.394 -1.052e-13     0.4927      4.600     79.961  60.709039    10.6772      6.614   236.1259 1.5185e+00     5.5541      4.309      6.249    12.9559 0.0000e+00
      4.394 -1.157e-12     0.4875      4.580     79.936  60.691886    10.5938      6.614   234.4928 1.5154e+00     5.5135      4.309      6.249    12.9564 0.0000e+00
      4.394 -1.272e-11     0.4884      4.554     79.928  60.687326    10.4661      6.615   233.3579 1.5066e+00     5.4821      4.309      6.249    12.9574 0.0000e+00
