Data/DataNotYetUploadedToEDI/Raw_CTD/RawDownloads/051222_bvr40_0008.cnv
* Sea-Bird SBE19plus  Data File:
* FileName = C:\R\Reservoirs\Data\DataNotYetUploadedToEDI\Raw_CTD\RawDownloads\051222_fcr50_0008.hex
* Software version 2.8.0.119
* Temperature SN = 7809
* Conductivity SN = 7809
* System UpLoad Time = May 13 2022 11:14:48
* <ApplicationData>
* <Seaterm232>
# nquan = 15
# nvalues = 3222                        
# units = specified
# name 0 = depFM: Depth [fresh water, m]
# name 1 = dz/dtM: Descent Rate [m/s]
# name 2 = sbeox0Mg/L: Oxygen, SBE 43 [mg/l]
# name 3 = sbeox0PS: Oxygen, SBE 43 [% saturation]
# name 4 = specc: Specific Conductance [uS/cm]
# name 5 = c0uS/cm: Conductivity [uS/cm]
# name 6 = flECO-AFL: Fluorescence, WET Labs ECO-AFL/FL [mg/m^3]
# name 7 = ph: pH
# name 8 = orp: Oxidation Reduction Potential [mV]
# name 9 = par/sat/log: PAR/Logarithmic, Satlantic
# name 10 = turbWETntu0: Turbidity, WET Labs ECO [NTU]
# name 11 = prdM: Pressure, Strain Gauge [db]
# name 12 = prdE: Pressure, Strain Gauge [psi]
# name 13 = tv290C: Temperature [ITS-90, deg C]
# name 14 = flag:  0.000e+00
# span 0 =     -0.693,      4.431       
# span 1 =     -0.202,      0.193       
# span 2 =    -0.0751,     9.5550       
# span 3 =     -0.390,    102.258       
# span 4 =      2.786,     86.341       
# span 5 =   2.622272,  65.827236       
# span 6 =    -0.8579,    10.8574       
# span 7 =     -2.722,     12.104       
# span 8 = -1240.7455,   917.9483       
# span 9 = 1.2931e+00, 1.3370e+03       
# span 10 =    -1.2972,    57.8402      
# span 11 =     -0.680,      4.346      
# span 12 =     -0.986,      6.303      
# span 13 =    12.4964,    22.0809      
# span 14 = 0.0000e+00, 0.0000e+00      
# interval = seconds: 0.25
# start_time = May 12 2022 10:10:20 [Instrument's time stamp, header]
# bad_flag = -9.990e-29
*END*
[from data line 1832]
      4.211      0.009     2.9854     26.391     30.700  23.148260     9.7679      6.970   305.9834 3.5990e+00     4.1855      4.129      5.989    12.7789 0.0000e+00
      4.213      0.009     2.9493     25.715     30.936  23.326194     9.7692      6.968   305.9952 3.5893e+00     4.2574      4.132      5.993    12.7602 0.0000e+00
      4.216      0.008     2.9073     24.965     31.093  23.445770     9.7535      6.966   305.9850 3.5837e+00     4.3630      4.134      5.996    12.7302 0.0000e+00
      4.218      0.008     2.8636     24.189     31.187  23.516690     9.7531      6.964   305.9453 3.5642e+00     4.4385      4.136      5.999    12.7031 0.0000e+00
      4.219      0.007     2.8045     23.428     31.227  23.549942     9.7723      6.963   305.9457 3.5487e+00     4.4176      4.137      6.001    12.6945 0.0000e+00
      4.221      0.006     2.7300     22.688     31.275  23.594320     9.8118      6.962   305.9035 3.5482e+00     4.3156      4.139      6.004    12.6982 0.0000e+00
      4.223      0.006     2.6494     21.981     31.368  23.673029     9.8799      6.960   305.8647 3.5457e+00     4.1955      4.141      6.006    12.7007 0.0000e+00
      4.224      0.006     2.5644     21.369     31.455  23.741124     9.9296      6.958   305.9077 3.5384e+00     4.1608      4.142      6.007    12.6977 0.0000e+00
      4.225      0.007     2.4844     20.933     31.687  23.910645     9.9391      6.956   305.9064 3.5256e+00     4.1702      4.143      6.009    12.7008 0.0000e+00
      4.226      0.007     2.4048     20.688     32.331  24.391797     9.9281      6.955   305.8490 3.5127e+00     4.1718      4.144      6.011    12.7161 0.0000e+00
      4.229      0.007     2.3267     20.579     33.635  25.375827     9.8631      6.954   305.8169 3.5017e+00     4.2493      4.147      6.015    12.7362 0.0000e+00
      4.231      0.007     2.2572     20.584     35.450  26.745195     9.7608      6.953   305.7754 3.4901e+00     4.3552      4.150      6.019    12.7421 0.0000e+00
      4.233      0.007     2.2109     20.732     36.383  27.448186     9.7153      6.951   305.6916 3.4927e+00     4.3932      4.151      6.021    12.7261 0.0000e+00
      4.234      0.007     2.1895     21.025     35.492  26.776587     9.7207      6.949   305.6637 3.5019e+00     4.4021      4.152      6.022    12.7132 0.0000e+00
      4.236      0.006     2.1783     21.415     34.007  25.660667     9.7594      6.948   305.6964 3.4881e+00     4.3250      4.154      6.024    12.7193 0.0000e+00
      4.238      0.006     2.1765     21.811     35.872  27.075872     9.8247      6.948   305.7433 3.4661e+00     4.1783      4.156      6.027    12.7213 0.0000e+00
      4.239      0.005     2.1926     22.185     44.863  33.870706     9.8612      6.946   305.7151 3.4660e+00     4.1315      4.157      6.030    12.7154 0.0000e+00
      4.241      0.005     2.2248     22.618     52.359  39.527311     9.8763      6.944   305.5276 3.4828e+00     4.1695      4.159      6.032    12.7172 0.0000e+00
      4.241      0.005     2.2704     23.191     49.038  37.004302     9.9163      6.943   305.4546 3.4919e+00     4.1942      4.159      6.033    12.7248 0.0000e+00
      4.242      0.005     2.3141     23.830     42.472  32.034099     9.9699      6.942   305.5209 3.4815e+00     4.1911      4.160      6.034    12.7362 0.0000e+00
      4.244      0.006     2.3478     24.160     39.831  30.039418     9.9833      6.941   305.4693 3.4722e+00     4.1660      4.162      6.037    12.7498 0.0000e+00
      4.246      0.006     2.3903     23.823     43.393  32.731010     9.9793      6.940   305.4326 3.4710e+00     4.1638      4.164      6.039    12.7498 0.0000e+00
      4.247      0.006     2.4522     22.972     51.390  38.768150     9.9960      6.938   305.5067 3.4725e+00     4.2319      4.165      6.041    12.7220 0.0000e+00
      4.249      0.006     2.5373     22.040     54.375  41.015888    10.0103      6.936   305.5057 3.4771e+00     4.3415      4.167      6.044    12.7018 0.0000e+00
      4.251      0.006     2.5946     21.266     55.052  41.519949    10.0100      6.934   305.3338 3.4670e+00     4.3955      4.169      6.047    12.7030 0.0000e+00
      4.253      0.006     2.5479     20.580     57.796  43.588939    10.0011      6.933   305.1492 3.4424e+00     4.3730      4.170      6.049    12.7100 0.0000e+00
      4.254      0.006     2.4348     19.736     53.401  40.276876     9.9859      6.932   305.1663 3.4168e+00     4.3764      4.172      6.051    12.7199 0.0000e+00
      4.255      0.005     2.3289     18.669     42.992  32.427626     9.9673      6.931   305.2830 3.4076e+00     4.4023      4.173      6.052    12.7143 0.0000e+00
      4.257      0.005     2.2492     17.512     36.720  27.701448     9.9517      6.930   305.1832 3.4155e+00     4.3786      4.174      6.054    12.7020 0.0000e+00
      4.258      0.004     2.1912     16.349     35.616  26.880841     9.9387      6.929   304.9070 3.4164e+00     4.3626      4.175      6.056    12.7052 0.0000e+00
      4.259      0.004     2.1037     15.349     36.766  27.767757     9.9345      6.926   304.7827 3.4202e+00     4.3800      4.177      6.058    12.7111 0.0000e+00
      4.260      0.004     1.9808     14.920     40.276  30.437897     9.9675      6.925   304.7980 3.4243e+00     4.3845      4.178      6.059    12.7081 0.0000e+00
      4.261      0.004     1.8578     15.385     41.946  31.715297    10.0302      6.924   304.7478 3.4134e+00     4.3823      4.178      6.060    12.7119 0.0000e+00
      4.262      0.004     1.7307     16.684     39.026  29.518953    10.0594      6.923   304.6059 3.3984e+00     4.3540      4.179      6.061    12.7325 0.0000e+00
      4.263      0.005     1.6042     18.471     36.212  27.402336    10.0539      6.921   304.4597 3.3890e+00     4.3491      4.180      6.063    12.7575 0.0000e+00
      4.265      0.005     1.5414     20.255     35.884  27.170746    10.0556      6.920   304.4419 3.3862e+00     4.3920      4.182      6.066    12.7830 0.0000e+00
      4.266      0.005     1.5963     21.690     38.186  28.937045    10.0638      6.919   304.4766 3.3747e+00     4.4282      4.183      6.068    12.8037 0.0000e+00
      4.267      0.005     1.7447     22.806     39.642  30.058062    10.0689      6.917   304.4499 3.3542e+00     4.4459      4.184      6.069    12.8174 0.0000e+00
      4.269      0.004     1.9543     23.747     38.069  28.870403    10.0675      6.915   304.4633 3.3353e+00     4.4008      4.186      6.071    12.8318 0.0000e+00
      4.269      0.004     2.1595     24.525     40.042  30.362051    10.0890      6.914   304.5523 3.3268e+00     4.3613      4.186      6.072    12.8510 0.0000e+00
      4.270      0.004     2.3028     25.061     44.372  33.635845    10.1377      6.914   304.5796 3.3340e+00     4.3774      4.188      6.073    12.8865 0.0000e+00
      4.271      0.003     2.4118     25.345     42.232  31.998089    10.1572      6.913   304.5346 3.3444e+00     4.3567      4.189      6.075    12.9178 0.0000e+00
      4.272      0.003     2.5115     25.474     37.477  28.377360    10.1495      6.912   304.5243 3.3464e+00     4.3158      4.189      6.076    12.9195 0.0000e+00
      4.273      0.003     2.5985     25.409     36.190  27.390840    10.1108      6.910   304.5416 3.3446e+00     4.2932      4.190      6.078    12.9118 0.0000e+00
      4.273      0.003     2.6572     24.892     37.417  28.311669    10.0389      6.908   304.5718 3.3462e+00     4.2892      4.190      6.078    12.9034 0.0000e+00
      4.274      0.003     2.6817     23.849     40.833  30.889668    10.0052      6.907   304.5457 3.3407e+00     4.3356      4.191      6.079    12.8793 0.0000e+00
      4.275      0.003     2.6960     22.632     46.923  35.485641    10.0115      6.906   304.4841 3.3322e+00     4.3755      4.192      6.081    12.8519 0.0000e+00
      4.275      0.003     2.7055     21.710     55.937  42.285125    10.0064      6.905   304.4283 3.3318e+00     4.3619      4.193      6.081    12.8379 0.0000e+00
      4.276      0.004     2.6574     21.264     64.995  49.105056     9.9683      6.904   304.3015 3.3309e+00     4.3419      4.193      6.082    12.8302 0.0000e+00
      4.277      0.004     2.5296     21.059     70.684  53.362130     9.9169      6.902   304.1558 3.3194e+00     4.3720      4.194      6.084    12.8223 0.0000e+00
      4.278      0.004     2.3808     20.706     74.330  56.063501     9.8928      6.901   304.0433 3.3014e+00     4.4194      4.195      6.085    12.8118 0.0000e+00
      4.280      0.004     2.2755     19.940     76.665  57.773889     9.8935      6.900   303.9735 3.2890e+00     4.4022      4.197      6.087    12.7981 0.0000e+00
      4.281      0.004     2.2407     18.575     74.125  55.823524    10.0081      6.899   304.0001 3.2879e+00     4.3350      4.197      6.088    12.7784 0.0000e+00
      4.282      0.004     2.2391     16.485     70.546  53.109702    10.2389      6.897   304.0206 3.2878e+00     4.2897      4.198      6.090    12.7475 0.0000e+00
      4.283      0.003     2.2109     13.733     69.673  52.444821    10.3698      6.896   303.9631 3.2746e+00     4.3327      4.199      6.091    12.7097 0.0000e+00
      4.284      0.002     2.1376     10.534     64.670  48.673494    10.3843      6.895   303.9074 3.2659e+00     4.4107      4.200      6.093    12.6733 0.0000e+00
      4.284      0.002     2.0017      7.224     55.591  41.839697    10.3227      6.893   303.8629 3.2745e+00     4.4128      4.201      6.094    12.6455 0.0000e+00
      4.284      0.001     1.7761      4.189     48.145  36.244160    10.1897      6.892   303.8556 3.2851e+00     4.3593      4.201      6.094    12.6350 0.0000e+00
      4.284      0.001     1.4761      1.764     43.433  32.710885    10.1169      6.891   303.8191 3.2881e+00     4.3443      4.201      6.093    12.6344 0.0000e+00
      4.284      0.001     1.1244      0.209     40.233  30.317749    10.1171      6.889   303.7661 3.2930e+00     4.4011      4.201      6.094    12.6274 0.0000e+00
      4.285      0.001     0.7556     -0.390     37.778  28.484381    10.1255      6.889   303.8168 3.3006e+00     4.5001      4.202      6.094    12.6253 0.0000e+00
      4.285      0.001     0.4232     -0.025     37.253  28.103742    10.1267      6.888   303.8304 3.2990e+00     4.5847      4.202      6.094    12.6357 0.0000e+00
      4.285      0.001     0.1527      1.354     43.224  32.625152    10.1150      6.887   303.7579 3.2938e+00     4.6046      4.202      6.095    12.6531 0.0000e+00
      4.286      0.001    -0.0138      3.704     56.800  42.884783    10.1005      6.886   303.7148 3.2961e+00     4.5690      4.203      6.096    12.6747 0.0000e+00
      4.286      0.001    -0.0751      6.781     69.216  52.260248    10.0347      6.884   303.6531 3.3010e+00     4.5298      4.203      6.096    12.6972 0.0000e+00
      4.286      0.002    -0.0413     10.192     71.445  53.929402     9.9103      6.882   303.5289 3.2985e+00     4.5066      4.203      6.097    12.7180 0.0000e+00
      4.286      0.002     0.1065     13.602     65.416  49.356762     9.8364      6.880   303.5038 3.2919e+00     4.4596      4.203      6.097    12.7350 0.0000e+00
      4.287      0.002     0.3633     16.722     63.470  47.869057     9.8406      6.879   303.6074 3.2875e+00     4.4059      4.203      6.096    12.7490 0.0000e+00
      4.288      0.002     0.7077     19.177     68.211  51.428205     9.9605      6.878   303.6625 3.2793e+00     4.3690      4.205      6.098    12.7540 0.0000e+00
      4.289      0.003     1.0808     20.605     70.556  53.173780    10.1708      6.876   303.6541 3.2673e+00     4.3556      4.206      6.100    12.7406 0.0000e+00
      4.289      0.003     1.4507     20.788     65.283  49.176758    10.2860      6.874   303.5921 3.2678e+00     4.4148      4.207      6.101    12.7180 0.0000e+00
      4.289      0.002     1.7980     19.678     54.757  41.232756    10.2966      6.873   303.5144 3.2789e+00     4.4698      4.206      6.101    12.7069 0.0000e+00
      4.290      0.001     2.0728     17.377     46.267  34.839483    10.2822      6.871   303.4889 3.2868e+00     4.4400      4.207      6.102    12.6983 0.0000e+00
      4.291      0.001     2.2341     14.234     41.984  31.626369    10.2112      6.870   303.4560 3.2890e+00     4.3964      4.208      6.103    12.6795 0.0000e+00
      4.291      0.001     2.2548     10.801     40.262  30.345542    10.1052      6.868   303.4612 3.2825e+00     4.3864      4.208      6.103    12.6574 0.0000e+00
      4.291      0.001     2.1358      7.586     39.958  30.131296    10.0562      6.867   303.4661 3.2827e+00     4.3875      4.208      6.103    12.6404 0.0000e+00
      4.291      0.000     1.8798      5.049     39.497  29.796711    10.0517      6.866   303.4296 3.2917e+00     4.3418      4.208      6.103    12.6434 0.0000e+00
      4.291 1.8629e-08     1.5193      3.601     38.627  29.152864    10.0437      6.865   303.4498 3.2853e+00     4.2774      4.208      6.104    12.6620 0.0000e+00
      4.291 2.0492e-07     1.1383      3.436     37.490  28.305541    10.0419      6.863   303.4522 3.2747e+00     4.2926      4.208      6.103    12.6826 0.0000e+00
      4.291 2.0495e-07     0.7803      4.471     36.208  27.348822    10.0469      6.863   303.3717 3.2737e+00     4.3885      4.208      6.103    12.7014 0.0000e+00
      4.292 1.9001e-08     0.4925      6.376     35.017  26.459575    10.0536      6.862   303.3374 3.2775e+00     4.4802      4.209      6.104    12.7180 0.0000e+00
      4.292 5.7885e-09     0.3329      8.756     33.956  25.667031    10.0405      6.861   303.4679 3.2876e+00     4.4795      4.209      6.104    12.7337 0.0000e+00
      4.292 4.5199e-08     0.3169     11.303     33.303  25.181976    10.0043      6.860   303.5731 3.2940e+00     4.4131      4.208      6.104    12.7480 0.0000e+00
      4.292 4.9551e-07     0.4416     13.800     33.429  25.285004     9.9906      6.860   303.4910 3.2892e+00     4.3955      4.209      6.104    12.7633 0.0000e+00
      4.292      0.000     0.6590     16.129     33.813  25.581751    10.0001      6.859   303.4208 3.2908e+00     4.4376      4.209      6.105    12.7789 0.0000e+00
      4.292      0.000     0.9208     18.199     33.915  25.664303     9.9775      6.856   303.6703 3.3055e+00     4.4440      4.209      6.105    12.7925 0.0000e+00
      4.292      0.001     1.1996     19.980     34.225  25.902873     9.9174      6.854   304.0998 3.3154e+00     4.4045      4.208      6.104    12.8046 0.0000e+00
      4.292      0.002     1.4659     21.559     36.101  27.325424     9.8732      6.852   304.3110 3.3079e+00     4.3694      4.209      6.105    12.8159 0.0000e+00
      4.292      0.005     1.7155     23.018     39.714  30.059800     9.8335      6.852   304.5036 3.2945e+00     4.3613      4.209      6.105    12.8260 0.0000e+00
      4.293      0.008     1.9371     24.324     46.176  34.939089     9.4880      6.851   304.7934 3.2891e+00     4.3751      4.210      6.106    12.8333 0.0000e+00
      4.295      0.011     2.1195     25.378     55.639  42.059596     8.8498      6.850   304.8034 3.2706e+00     4.3655      4.211      6.108    12.8387 0.0000e+00
      4.299      0.013     2.2827     26.107     62.367  47.085815     8.4919      6.850   304.6257 3.2326e+00     4.3472      4.215      6.114    12.8426 0.0000e+00
      4.304      0.014     2.4382     26.458     64.258  48.454941     8.4573      6.848   304.5375 3.1923e+00     4.3592      4.221      6.122    12.8460 0.0000e+00
      4.309      0.014     2.5815     26.406     64.413  48.525301     8.4979      6.846   304.4250 3.1518e+00     4.3747      4.227      6.130    12.8432 0.0000e+00
      4.314      0.013     2.6973     25.997     64.438  48.507568     8.8999      6.844   304.2984 3.1100e+00     4.4321      4.231      6.136    12.8074 0.0000e+00
