Data/DataNotYetUploadedToEDI/Raw_CTD/RawDownloads/051324_bvr50_S7809008.cnv
* Sea-Bird SBE19plus  Data File:
* FileName = C:\R\Reservoirs\Data\DataNotYetUploadedToEDI\Raw_CTD\RawDownloads\041524_bvr50_S7809_0008.hex
* Software version 2.8.0.119
* Temperature SN = 7809
* Conductivity SN = 7809
* System UpLoad Time = May 16 2024 15:27:11
* <ApplicationData>
* <Seaterm232>
# nquan = 15
# nvalues = 1705                        
# units = specified
# name 0 = depFM: Depth [fresh water, m]
# name 1 = dz/dtM: Descent Rate [m/s]
# name 2 = sbeox0Mg/L: Oxygen, SBE 43 [mg/l]
# name 3 = sbeox0PS: Oxygen, SBE 43 [% saturation]
# name 4 = specc: Specific Conductance [uS/cm]
# name 5 = c0uS/cm: Conductivity [uS/cm]
# name 6 = flECO-AFL: Fluorescence, WET Labs ECO-AFL/FL [mg/m^3]
# name 7 = ph: pH
# name 8 = orp: Oxidation Reduction Potential [mV]
# name 9 = par/sat/log: PAR/Logarithmic, Satlantic
# name 10 = turbWETntu0: Turbidity, WET Labs ECO [NTU]
# name 11 = prdM: Pressure, Strain Gauge [db]
# name 12 = prdE: Pressure, Strain Gauge [psi]
# name 13 = tv290C: Temperature [ITS-90, deg C]
# name 14 = flag:  0.000e+00
# span 0 =     -0.728,     10.172       
# span 1 =     -0.285,      0.136       
# span 2 =     0.0997,    10.1344       
# span 3 =      0.909,    109.253       
# span 4 =      0.115,    152.850       
# span 5 =   0.102838, 108.981754       
# span 6 =    -0.1064,    10.9048       
# span 7 =     -0.663,      7.989       
# span 8 = -1240.7455,  1237.4253       
# span 9 = 1.2362e-01, 1.6991e+03       
# span 10 =    -0.3738,    74.0121      
# span 11 =     -0.714,      9.976      
# span 12 =     -1.035,     14.469      
# span 13 =    10.0325,    19.7378      
# span 14 = 0.0000e+00, 0.0000e+00      
# interval = seconds: 0.25
# start_time = May 13 2024 10:42:30 [Instrument's time stamp, header]
# bad_flag = -9.990e-29
*END*
     -0.728 6.7282e-12     8.5853     92.744      0.216   0.190398    -0.0789     -0.663 -1240.7455 5.8480e+02     1.2823     -0.714     -1.035    19.0793 0.0000e+00
     -0.727 7.4010e-11     8.5864     92.766      0.214   0.189152    -0.0657      1.671 -1240.7455 9.1180e+02     1.2422     -0.713     -1.035    19.0797 0.0000e+00
     -0.727 8.1411e-10     8.5885     92.781      0.225   0.198280    -0.0708      3.680 -1240.7455 1.0785e+03     1.2202     -0.713     -1.034    19.0795 0.0000e+00
     -0.727 8.9553e-09     8.5889     92.775      0.197   0.174089    -0.0579      4.770 -1240.7453 1.2662e+03     1.2220     -0.713     -1.035    19.0790 0.0000e+00
     -0.727 9.8508e-08     8.5878     92.762      0.170   0.149999    -0.0179      5.335 -1240.7434 1.4280e+03     1.2638     -0.713     -1.034    19.0786 0.0000e+00
     -0.727      0.000     8.5914     92.713      0.181   0.160372     0.0051      5.651 -1240.7226 1.4185e+03     1.3153     -0.713     -1.035    19.0784 0.0000e+00
     -0.727      0.000     8.5942     92.653      0.196   0.172830     0.0128      5.819 -1240.4933 1.3573e+03     1.4008     -0.713     -1.034    19.0782 0.0000e+00
     -0.727      0.000     8.5908     92.663      0.197   0.173952     0.1913      5.632 -1237.9711 1.3124e+03     2.7755     -0.713     -1.034    19.0782 0.0000e+00
     -0.727      0.001     8.5927     92.712      0.197   0.173940     0.5317      4.612 -1210.2275 1.2806e+03     5.3669     -0.713     -1.034    19.0781 0.0000e+00
     -0.727      0.006     8.5883     92.742      0.195   0.172684     0.7086      3.797  -905.0480 1.2381e+03     6.7371     -0.713     -1.034    19.0780 0.0000e+00
     -0.727      0.015     8.5760     92.768      0.180   0.158769     0.7571      4.580  -100.1677 1.2312e+03     6.8410     -0.714     -1.035    19.0776 0.0000e+00
     -0.727      0.025     8.5806     92.791      0.150   0.132365     1.2506      5.834   756.8127 1.3007e+03     6.4525     -0.713     -1.035    19.0788 0.0000e+00
     -0.722      0.035     8.5881     92.799      0.120   0.106785     2.1395      6.522  1157.5397 1.4082e+03     5.5574     -0.712     -1.033    19.0779 0.0000e+00
     -0.708      0.042     8.5887     92.785      0.115   0.102838     2.6077      6.920  1232.5210 1.5122e+03     5.0023     -0.697     -1.011    19.0791 0.0000e+00
     -0.688      0.046     8.5916     92.605      0.379   0.337995     2.6577      7.159  1237.4253 1.5894e+03     4.9335     -0.673     -0.976    19.0708 0.0000e+00
     -0.671      0.047     8.5873     92.365      3.592   3.203391     2.7451      7.266  1216.8368 1.6201e+03     4.9989     -0.656     -0.951    19.1292 0.0000e+00
     -0.661      0.049     8.5525     92.402     10.617   9.469392     2.8820      7.328   983.5877 1.6288e+03     5.1434     -0.647     -0.939    19.3020 0.0000e+00
     -0.654      0.053     8.5377     92.572     19.184  17.113216     2.9556      7.469   553.0688 1.6486e+03     5.2123     -0.641     -0.930    19.4405 0.0000e+00
     -0.647      0.061     8.5116     92.658     27.048  24.130551     2.9604      7.642   309.3023 1.6702e+03     5.1830     -0.636     -0.923    19.5115 0.0000e+00
     -0.635      0.074     8.4514     92.704     30.599  27.300381     3.0071      7.766   272.3020 1.6841e+03     5.2667     -0.628     -0.912    19.5575 0.0000e+00
     -0.613      0.089     8.4708     92.751     30.721  27.415132     3.0952      7.845   255.7543 1.6940e+03     5.4049     -0.605     -0.877    19.5811 0.0000e+00
     -0.581      0.104     8.4877     92.869     30.572  27.293873     3.1276      7.896   243.8770 1.6986e+03     5.4192     -0.570     -0.826    19.5991 0.0000e+00
     -0.548      0.117     8.4939     93.644     30.410  27.166167     3.1239      7.932   233.3183 1.6991e+03     5.4062     -0.537     -0.778    19.6025 0.0000e+00
     -0.518      0.127     8.4896     94.853     30.289  27.076104     3.1423      7.960   222.7332 1.6975e+03     5.4175     -0.509     -0.738    19.6024 0.0000e+00
     -0.487      0.132     8.5066     95.191     30.220  27.029447     3.2659      7.980   214.2366 1.6954e+03     5.4193     -0.480     -0.697    19.6116 0.0000e+00
     -0.452      0.134     8.4815     94.929     30.157  26.982596     3.4782      7.986   209.0536 1.6855e+03     5.3946     -0.445     -0.645    19.6297 0.0000e+00
     -0.414      0.135     8.5276     94.922     30.122  26.953604     3.5786      7.986   206.0111 1.6551e+03     5.3581     -0.405     -0.588    19.6605 0.0000e+00
     -0.378      0.136     8.7397     95.116     30.172  26.996015     3.5893      7.986   203.5199 1.6041e+03     5.3870     -0.370     -0.537    19.6940 0.0000e+00
     -0.343      0.136     8.7204     95.342     30.238  27.051425     3.7243      7.989   201.6479 1.5286e+03     5.4712     -0.335     -0.486    19.7201 0.0000e+00
     -0.310      0.133     8.6526     95.534     30.245  27.052755     3.9626      7.989   201.1861 1.2373e+03     5.5218     -0.304     -0.441    19.7356 0.0000e+00
     -0.277      0.128     8.6748     95.702     30.205  27.012088     4.0818      7.984   200.9483 7.1404e+02     5.4863     -0.273     -0.397    19.7378 0.0000e+00
     -0.243      0.123     8.6900     95.962     30.131  26.940251     4.0996      7.978   199.2031 3.6140e+02     5.4186     -0.237     -0.344    19.7335 0.0000e+00
     -0.212      0.117     8.7185     96.400     30.072  26.881811     4.4113      7.970   194.6254 2.5323e+02     5.4205     -0.207     -0.300    19.7272 0.0000e+00
     -0.183      0.111     8.7341     96.822     30.072  26.876292     5.0124      7.963   186.8994 1.9680e+02     5.4748     -0.179     -0.259    19.7191 0.0000e+00
     -0.155      0.107     8.7507     97.092     30.221  27.000353     5.3418      7.956   178.2328 1.6479e+02     5.4938     -0.150     -0.219    19.7090 0.0000e+00
     -0.130      0.104     8.7646     97.284     30.433  27.176778     5.4144      7.950   173.0387 1.5439e+02     5.4463     -0.126     -0.183    19.6998 0.0000e+00
     -0.107      0.099     8.8212     97.460     30.373  27.106741     6.0233      7.943   171.5049 1.5307e+02     5.3775     -0.106     -0.154    19.6913 0.0000e+00
     -0.082      0.096     8.8652     97.605     30.103  26.851165     7.1514      7.937   171.0444 1.4727e+02     5.3797     -0.084     -0.122    19.6825 0.0000e+00
     -0.053      0.098     8.8866     97.720     29.933  26.686935     7.7769      7.931   170.9990 1.3291e+02     5.4384     -0.049     -0.071    19.6706 0.0000e+00
     -0.029      0.103     8.9066     97.850     29.898  26.643152     7.8345      7.923   171.1281 1.2055e+02     5.4393     -0.024     -0.034    19.6466 0.0000e+00
     -0.012      0.108     8.9297     98.023     29.908  26.638885     7.8645      7.913   171.0562 1.1253e+02     5.4241     -0.016     -0.023    19.6148 0.0000e+00
      0.013      0.107     8.9482     98.219     29.918  26.635319     8.2563      7.904   170.6467 1.0513e+02     5.4591      0.006      0.008    19.5915 0.0000e+00
      0.050      0.098     8.9581     98.351     29.889  26.600018     8.9675      7.899   170.3922 9.9026e+01     5.4526      0.050      0.072    19.5743 0.0000e+00
      0.089      0.086     8.9747     98.353     29.819  26.529161     9.3475      7.895   170.5603 9.4727e+01     5.4148      0.092      0.133    19.5526 0.0000e+00
      0.115      0.075     8.9935     98.185     29.769  26.476214     9.3887      7.891   171.0449 9.7056e+01     5.4114      0.121      0.175    19.5290 0.0000e+00
      0.124      0.060     9.0198     97.682     29.768  26.467190     9.5074      7.886   171.0026 1.0782e+02     5.4119      0.126      0.183    19.5084 0.0000e+00
      0.123      0.043     9.0378     96.666     29.793  26.483469     9.7263      7.881   169.9633 1.1990e+02     5.4208      0.117      0.170    19.4922 0.0000e+00
      0.128      0.028     9.0383     95.152     29.797  26.482761     9.8458      7.877   168.9756 1.3378e+02     5.4162      0.123      0.178    19.4790 0.0000e+00
      0.140      0.019     9.0326     93.259     29.775  26.458628     9.8374      7.872   168.5241 1.4979e+02     5.3558      0.139      0.202    19.4645 0.0000e+00
      0.150      0.015     8.9977     91.102     29.765  26.445368     9.7577      7.867   168.2047 1.6089e+02     5.3399      0.151      0.219    19.4496 0.0000e+00
      0.152      0.010     8.9035     88.887     29.775  26.449266     9.6401      7.863   168.1248 1.6862e+02     5.4289      0.150      0.218    19.4394 0.0000e+00
      0.151      0.003     8.7603     86.955     29.772  26.442330     9.5718      7.859   168.4189 1.9187e+02     5.5096      0.147      0.214    19.4327 0.0000e+00
      0.150     -0.003     8.5853     85.672     29.756  26.424920     9.5231      7.856   168.7486 2.4837e+02     5.4966      0.147      0.213    19.4264 0.0000e+00
      0.148     -0.006     8.3824     85.232     29.762  26.429011     9.1843      7.851   169.1003 3.0860e+02     5.4418      0.146      0.213    19.4181 0.0000e+00
      0.144     -0.006     8.1680     85.526     29.762  26.428376     8.5803      7.847   169.4008 3.2447e+02     5.4281      0.141      0.205    19.4092 0.0000e+00
      0.140     -0.003     7.9784     86.231     29.749  26.417241     8.2543      7.843   169.4573 3.1590e+02     5.4326      0.137      0.198    19.4030 0.0000e+00
      0.139      0.002     7.8532     87.016     29.753  26.421219     8.2558      7.839   169.6978 3.4540e+02     5.4281      0.136      0.197    19.3978 0.0000e+00
      0.140      0.007     7.8175     87.608     29.743  26.413061     8.6148      7.833   170.2423 3.9408e+02     5.4079      0.138      0.200    19.3951 0.0000e+00
      0.144      0.012     7.8575     87.842     29.708  26.382023     9.2738      7.828   170.6212 3.9636e+02     5.3593      0.140      0.203    19.3949 0.0000e+00
      0.149      0.014     7.9323     87.626     29.686  26.363039     9.6403      7.824   170.7515 3.6270e+02     5.3869      0.145      0.210    19.3945 0.0000e+00
      0.157      0.013     8.0145     86.928     29.697  26.373784     9.6828      7.820   170.9579 3.4240e+02     5.5031      0.154      0.224    19.3952 0.0000e+00
      0.163      0.012     8.0730     85.884     29.709  26.385106     9.6719      7.817   171.3093 3.5157e+02     5.5340      0.163      0.236    19.3976 0.0000e+00
      0.164      0.009     8.0963     84.710     29.694  26.373093     9.6086      7.812   171.4725 3.7044e+02     5.4874      0.162      0.235    19.3988 0.0000e+00
      0.161      0.005     8.0801     83.544     29.673  26.355375     9.5158      7.807   171.5548 3.7548e+02     5.4524      0.157      0.229    19.3988 0.0000e+00
      0.161      0.001     8.0099     82.464     29.678  26.361140     9.4737      7.803   171.9602 3.7853e+02     5.4183      0.156      0.227    19.3995 0.0000e+00
      0.164     -0.001     7.9049     81.547     29.696  26.379380     9.4579      7.799   172.3306 3.8628e+02     5.4506      0.162      0.234    19.4011 0.0000e+00
      0.165     -0.001     7.7929     80.862     29.700  26.385660     9.0918      7.796   172.1615 3.7238e+02     5.5013      0.163      0.237    19.4026 0.0000e+00
      0.162      0.000     7.6840     80.435     29.683  26.373656     8.3937      7.795   171.7215 3.5678e+02     5.4848      0.158      0.230    19.4036 0.0000e+00
      0.160      0.001     7.5811     80.242     29.666  26.361085     8.0246      7.794   171.6574 3.7156e+02     5.4559      0.156      0.226    19.4057 0.0000e+00
      0.161      0.002     7.4937     80.204     29.661  26.360509     8.0084      7.791   171.9885 3.8651e+02     5.4253      0.158      0.229    19.4104 0.0000e+00
      0.163      0.004     7.4291     80.292     29.663  26.366694     8.0401      7.786   172.2832 3.7391e+02     5.3884      0.160      0.232    19.4163 0.0000e+00
      0.164      0.005     7.3892     80.562     29.664  26.372451     8.1000      7.782   172.5537 3.8037e+02     5.3852      0.161      0.233    19.4219 0.0000e+00
      0.167      0.004     7.3744     81.014     29.652  26.366703     8.1328      7.778   172.5921 4.0846e+02     5.4202      0.163      0.237    19.4260 0.0000e+00
      0.169      0.002     7.3725     81.583     29.641  26.360621     8.1372      7.775   172.1448 4.2397e+02     5.4703      0.166      0.242    19.4309 0.0000e+00
      0.170     -0.002     7.3749     82.235     29.641  26.362350     8.0200      7.772   171.7055 4.4230e+02     5.4783      0.168      0.243    19.4389 0.0000e+00
      0.169     -0.006     7.3987     82.955     29.667  26.387614     7.7648      7.770   171.5827 4.3715e+02     5.4153      0.166      0.241    19.4475 0.0000e+00
      0.166     -0.010     7.4428     83.691     29.693  26.412396     7.6230      7.768   171.6062 4.1527e+02     5.3914      0.163      0.236    19.4546 0.0000e+00
      0.162     -0.011     7.4946     84.358     29.687  26.408307     7.6209      7.766   171.6455 4.3150e+02     5.4280      0.159      0.231    19.4607 0.0000e+00
      0.158     -0.010     7.5539     84.883     29.678  26.401598     7.6721      7.765   171.7135 4.5913e+02     5.4487      0.155      0.224    19.4656 0.0000e+00
      0.154     -0.008     7.6211     85.221     29.669  26.394698     7.7600      7.763   171.8262 4.5842e+02     5.4364      0.150      0.218    19.4686 0.0000e+00
      0.151     -0.005     7.6915     85.334     29.660  26.388306     7.8007      7.760   172.0618 4.4749e+02     5.4166      0.148      0.215    19.4713 0.0000e+00
      0.151     -0.001     7.7551     85.201     29.658  26.387729     7.8156      7.758   172.4972 4.2615e+02     5.4481      0.148      0.214    19.4742 0.0000e+00
      0.152      0.003     7.8037     84.871     29.656  26.387728     7.8238      7.756   172.8747 4.0238e+02     5.4744      0.148      0.215    19.4762 0.0000e+00
      0.154      0.004     7.8360     84.426     29.654  26.388294     7.7244      7.754   173.0127 3.8661e+02     5.4276      0.151      0.219    19.4777 0.0000e+00
      0.157      0.004     7.8476     83.933     29.659  26.394584     7.5460      7.753   172.9614 3.7341e+02     5.3943      0.155      0.224    19.4796 0.0000e+00
      0.159      0.003     7.8330     83.475     29.663  26.400359     7.4489      7.751   172.9420 4.3644e+02     5.4143      0.156      0.227    19.4820 0.0000e+00
      0.159      0.003     7.7987     83.158     29.654  26.394696     7.4322      7.749   173.4674 5.0847e+02     5.4646      0.157      0.228    19.4849 0.0000e+00
      0.158      0.004     7.7556     83.033     29.646  26.389546     7.2599      7.747   174.3229 4.6949e+02     5.4906      0.156      0.226    19.4885 0.0000e+00
      0.157      0.005     7.7081     83.082     29.659  26.401502     6.9064      7.745   174.5967 4.2643e+02     5.4549      0.154      0.222    19.4923 0.0000e+00
      0.156      0.005     7.6601     83.243     29.672  26.412419     6.6950      7.742   174.2820 4.0614e+02     5.4429      0.152      0.220    19.4965 0.0000e+00
      0.160      0.005     7.6293     83.434     29.653  26.394697     6.6675      7.740   173.8738 3.9208e+02     5.4477      0.155      0.225    19.5008 0.0000e+00
      0.166      0.005     7.6183     83.644     29.634  26.377496     6.6996      7.738   173.5333 5.0930e+02     5.4440      0.165      0.239    19.5043 0.0000e+00
      0.170      0.005     7.6238     83.923     29.652  26.394697     6.7668      7.737   173.5200 6.3831e+02     5.4323      0.169      0.246    19.5051 0.0000e+00
      0.167      0.006     7.6434     84.253     29.671  26.412414     6.7888      7.735   173.8857 5.4889e+02     5.3753      0.165      0.239    19.5030 0.0000e+00
      0.163      0.009     7.6613     84.532     29.657  26.401450     6.7662      7.734   174.3402 4.2254e+02     5.3694      0.158      0.229    19.5015 0.0000e+00
      0.163      0.011     7.6773     84.603     29.642  26.388974     6.6852      7.732   174.5420 4.2768e+02     5.4295      0.156      0.227    19.5011 0.0000e+00
