Data/DataNotYetUploadedToEDI/Raw_CTD/RawDownloads/051324_bvr50_S7809008.cnv
* Sea-Bird SBE19plus  Data File:
* FileName = C:\R\Reservoirs\Data\DataNotYetUploadedToEDI\Raw_CTD\RawDownloads\041524_bvr50_S7809_0008.hex
* Software version 2.8.0.119
* Temperature SN = 7809
* Conductivity SN = 7809
* System UpLoad Time = May 16 2024 15:27:11
* <ApplicationData>
* <Seaterm232>
# nquan = 15
# nvalues = 1705                        
# units = specified
# name 0 = depFM: Depth [fresh water, m]
# name 1 = dz/dtM: Descent Rate [m/s]
# name 2 = sbeox0Mg/L: Oxygen, SBE 43 [mg/l]
# name 3 = sbeox0PS: Oxygen, SBE 43 [% saturation]
# name 4 = specc: Specific Conductance [uS/cm]
# name 5 = c0uS/cm: Conductivity [uS/cm]
# name 6 = flECO-AFL: Fluorescence, WET Labs ECO-AFL/FL [mg/m^3]
# name 7 = ph: pH
# name 8 = orp: Oxidation Reduction Potential [mV]
# name 9 = par/sat/log: PAR/Logarithmic, Satlantic
# name 10 = turbWETntu0: Turbidity, WET Labs ECO [NTU]
# name 11 = prdM: Pressure, Strain Gauge [db]
# name 12 = prdE: Pressure, Strain Gauge [psi]
# name 13 = tv290C: Temperature [ITS-90, deg C]
# name 14 = flag:  0.000e+00
# span 0 =     -0.728,     10.172       
# span 1 =     -0.285,      0.136       
# span 2 =     0.0997,    10.1344       
# span 3 =      0.909,    109.253       
# span 4 =      0.115,    152.850       
# span 5 =   0.102838, 108.981754       
# span 6 =    -0.1064,    10.9048       
# span 7 =     -0.663,      7.989       
# span 8 = -1240.7455,  1237.4253       
# span 9 = 1.2362e-01, 1.6991e+03       
# span 10 =    -0.3738,    74.0121      
# span 11 =     -0.714,      9.976      
# span 12 =     -1.035,     14.469      
# span 13 =    10.0325,    19.7378      
# span 14 = 0.0000e+00, 0.0000e+00      
# interval = seconds: 0.25
# start_time = May 13 2024 10:42:30 [Instrument's time stamp, header]
# bad_flag = -9.990e-29
*END*
[from data line 579]
      4.399      0.049     1.5989     14.791     31.055  22.967734     0.8741      7.620   256.7511 5.5582e+00     4.4496      4.312      6.255    12.0425 0.0000e+00
      4.412      0.048     1.5970     14.783     31.085  22.968806     0.9000      7.620   256.6960 5.5025e+00     4.4627      4.326      6.274    12.0507 0.0000e+00
      4.427      0.046     1.5947     14.793     31.108  22.957490     0.9053      7.619   256.7081 5.4401e+00     4.4288      4.342      6.297    12.0332 0.0000e+00
      4.440      0.043     1.5945     14.797     31.147  22.957700     0.8966      7.619   256.8107 5.3842e+00     4.4500      4.355      6.317    12.0036 0.0000e+00
      4.450      0.039     1.5956     14.793     31.192  22.971319     0.9117      7.619   256.8186 5.3415e+00     4.5482      4.365      6.330    11.9780 0.0000e+00
      4.459      0.033     1.5929     14.789     31.227  22.995312     0.9542      7.619   256.7169 5.3110e+00     4.5905      4.373      6.342    11.9460 0.0000e+00
      4.467      0.028     1.5992     14.794     31.211  22.994147     0.9779      7.619   256.6999 5.2925e+00     4.5176      4.381      6.354    11.8990 0.0000e+00
      4.473      0.024     1.6003     14.816     31.141  22.957249     0.9738      7.620   256.6993 5.2834e+00     4.4182      4.387      6.363    11.8450 0.0000e+00
      4.477      0.020     1.6011     14.848     31.087  22.929674     0.9715      7.620   256.6241 5.2768e+00     4.4140      4.390      6.367    11.8084 0.0000e+00
      4.481      0.019     1.6008     14.878     31.059  22.914394     0.9745      7.619   256.6501 5.2774e+00     4.4669      4.393      6.372    11.8090 0.0000e+00
      4.485      0.021     1.5990     14.896     31.043  22.899324     0.9772      7.619   256.7556 5.2835e+00     4.4773      4.399      6.380    11.8319 0.0000e+00
      4.489      0.025     1.6020     14.915     31.018  22.874283     0.9704      7.620   256.7814 5.2885e+00     4.4717      4.402      6.385    11.8591 0.0000e+00
      4.493      0.030     1.6034     14.927     30.927  22.801848     0.9840      7.620   256.6184 5.2800e+00     4.5356      4.405      6.390    11.8820 0.0000e+00
      4.501      0.034     1.6088     14.909     30.822  22.721033     1.0420      7.619   256.5048 5.2429e+00     4.6688      4.413      6.401    11.8906 0.0000e+00
      4.513      0.037     1.6089     14.899     30.749  22.658079     1.0895      7.619   256.6127 5.1965e+00     4.7493      4.426      6.420    11.8815 0.0000e+00
      4.527      0.041     1.6119     14.931     30.714  22.611360     1.0924      7.618   256.5464 5.1705e+00     4.7243      4.440      6.439    11.8671 0.0000e+00
      4.537      0.043     1.6160     14.982     30.735  22.600010     1.0675      7.618   256.3920 5.1520e+00     4.6735      4.451      6.454    11.8598 0.0000e+00
      4.547      0.042     1.6114     15.047     30.833  22.647631     0.9882      7.619   256.4670 5.1038e+00     4.6134      4.458      6.465    11.8580 0.0000e+00
      4.557      0.041     1.6083     15.164     31.073  22.806654     0.8580      7.619   256.5057 5.0323e+00     4.5099      4.468      6.481    11.8486 0.0000e+00
      4.569      0.041     1.6158     15.339     31.439  23.064281     0.7750      7.618   256.3444 4.9802e+00     4.4132      4.482      6.501    11.8116 0.0000e+00
      4.579      0.041     1.6235     15.541     31.756  23.289521     0.7586      7.617   256.0654 4.9501e+00     4.3998      4.492      6.515    11.7589 0.0000e+00
      4.589      0.041     1.6292     15.731     31.878  23.374003     0.7595      7.617   255.7996 4.9254e+00     4.5192      4.499      6.526    11.7179 0.0000e+00
      4.600      0.040     1.6433     15.855     31.816  23.324785     0.7615      7.617   255.7118 4.8787e+00     4.6960      4.510      6.541    11.6930 0.0000e+00
      4.611      0.039     1.6640     15.867     31.649  23.201728     0.7492      7.618   255.6925 4.8052e+00     4.7606      4.522      6.558    11.6770 0.0000e+00
      4.621      0.038     1.6879     15.772     31.495  23.090963     0.7277      7.619   255.6525 4.7571e+00     4.7197      4.532      6.573    11.6654 0.0000e+00
      4.630      0.038     1.7105     15.577     31.452  23.063551     0.7003      7.619   255.6575 4.7491e+00     4.7138      4.540      6.585    11.6573 0.0000e+00
      4.639      0.038     1.7277     15.291     31.532  23.123936     0.6601      7.619   255.6669 4.7454e+00     4.7234      4.548      6.597    11.6517 0.0000e+00
      4.648      0.038     1.7270     14.974     31.618  23.186955     0.6406      7.620   255.6806 4.7142e+00     4.6992      4.558      6.612    11.6490 0.0000e+00
      4.658      0.038     1.7166     14.692     31.624  23.191400     0.6482      7.620   255.7372 4.6605e+00     4.6944      4.567      6.624    11.6539 0.0000e+00
      4.668      0.038     1.6961     14.488     31.603  23.177675     0.6768      7.618   255.6627 4.6039e+00     4.6656      4.577      6.638    11.6636 0.0000e+00
      4.678      0.039     1.6613     14.387     31.563  23.147829     0.7282      7.618   255.2953 4.5527e+00     4.5898      4.589      6.655    11.6661 0.0000e+00
      4.688      0.041     1.6245     14.378     31.481  23.084179     0.7460      7.618   254.9091 4.5230e+00     4.4961      4.599      6.669    11.6630 0.0000e+00
      4.696      0.044     1.5923     14.423     31.431  23.042213     0.7254      7.618   254.6926 4.4990e+00     4.4202      4.604      6.678    11.6635 0.0000e+00
      4.706      0.047     1.5690     14.488     31.407  23.020885     0.7377      7.618   254.3983 4.4453e+00     4.4917      4.613      6.691    11.6685 0.0000e+00
      4.720      0.050     1.5581     14.538     31.318  22.953120     0.7864      7.617   254.0179 4.3862e+00     4.6776      4.630      6.715    11.6693 0.0000e+00
      4.735      0.051     1.5596     14.555     31.193  22.856978     0.8147      7.616   253.6213 4.3473e+00     4.7888      4.645      6.737    11.6608 0.0000e+00
      4.749      0.051     1.5656     14.575     31.136  22.809601     0.8052      7.616   253.1310 4.3118e+00     4.7780      4.657      6.753    11.6523 0.0000e+00
      4.764      0.048     1.5747     14.625     31.165  22.824161     0.7792      7.616   252.7352 4.2765e+00     4.7176      4.672      6.776    11.6465 0.0000e+00
      4.778      0.043     1.5813     14.680     31.202  22.842779     0.7417      7.616   252.5356 4.2530e+00     4.6730      4.687      6.799    11.6433 0.0000e+00
      4.787      0.038     1.5815     14.740     31.216  22.844471     0.6928      7.615   252.3528 4.2398e+00     4.6146      4.696      6.810    11.6375 0.0000e+00
      4.794      0.034     1.5818     14.830     31.222  22.844610     0.6546      7.614   252.0738 4.2274e+00     4.5237      4.702      6.819    11.6262 0.0000e+00
      4.801      0.030     1.5903     14.950     31.223  22.844453     0.6290      7.614   251.8292 4.2222e+00     4.4959      4.709      6.830    11.6162 0.0000e+00
      4.808      0.027     1.5968     15.068     31.220  22.842568     0.6340      7.613   251.8042 4.2175e+00     4.5522      4.714      6.837    11.6009 0.0000e+00
      4.815      0.026     1.6016     15.151     31.191  22.821832     0.6809      7.613   251.9438 4.2014e+00     4.5900      4.721      6.848    11.5861 0.0000e+00
      4.822      0.026     1.6123     15.187     31.143  22.783957     0.7137      7.613   251.9686 4.1855e+00     4.5428      4.731      6.861    11.5789 0.0000e+00
      4.827      0.026     1.6266     15.184     31.125  22.765092     0.7053      7.613   251.8456 4.1702e+00     4.4595      4.735      6.867    11.5784 0.0000e+00
      4.832      0.025     1.6412     15.149     31.159  22.783959     0.7044      7.613   251.7479 4.1562e+00     4.4371      4.738      6.870    11.5820 0.0000e+00
      4.840      0.024     1.6502     15.092     31.209  22.821834     0.7356      7.612   251.5615 4.1488e+00     4.4771      4.747      6.883    11.5825 0.0000e+00
      4.849      0.025     1.6537     15.028     31.226  22.842580     0.7503      7.612   251.1397 4.1472e+00     4.4987      4.758      6.899    11.5807 0.0000e+00
      4.854      0.028     1.6534     14.971     31.221  22.844569     0.7328      7.611   250.6059 4.1502e+00     4.4936      4.762      6.906    11.5683 0.0000e+00
      4.857      0.033     1.6505     14.932     31.228  22.845884     0.6983      7.610   250.0983 4.1432e+00     4.4837      4.761      6.906    11.5534 0.0000e+00
      4.864      0.039     1.6429     14.907     31.265  22.858489     0.6575      7.610   249.5622 4.1091e+00     4.4815      4.768      6.914    11.5543 0.0000e+00
      4.876      0.045     1.6352     14.889     31.307  22.870126     0.6480      7.609   249.1141 4.0557e+00     4.5006      4.781      6.935    11.5744 0.0000e+00
      4.891      0.052     1.6275     14.884     31.316  22.859742     0.6495      7.607   248.8102 4.0087e+00     4.4753      4.795      6.955    11.5904 0.0000e+00
      4.906      0.057     1.6238     14.866     31.330  22.859742     0.6420      7.604   248.4689 3.9651e+00     4.5173      4.810      6.976    11.5820 0.0000e+00
      4.923      0.060     1.6232     14.838     31.348  22.870114     0.6485      7.604   248.1713 3.9051e+00     4.7015      4.827      7.002    11.5573 0.0000e+00
      4.941      0.060     1.6205     14.807     31.330  22.858325     0.6544      7.603   248.0511 3.8510e+00     4.7887      4.847      7.030    11.5208 0.0000e+00
      4.955      0.059     1.6238     14.719     31.306  22.844022     0.6554      7.603   247.9617 3.8190e+00     4.7186      4.860      7.049    11.4898 0.0000e+00
      4.968      0.056     1.6225     14.580     31.276  22.824012     0.6509      7.602   247.8652 3.7867e+00     4.6389      4.870      7.063    11.4747 0.0000e+00
      4.983      0.053     1.6164     14.453     31.251  22.806615     0.6420      7.602   247.8311 3.7509e+00     4.6458      4.887      7.087    11.4724 0.0000e+00
      4.998      0.048     1.6182     14.333     31.268  22.823908     0.6474      7.601   247.6346 3.7135e+00     4.6995      4.902      7.110    11.4769 0.0000e+00
      5.011      0.043     1.6081     14.232     31.282  22.842876     0.6495      7.601   247.2961 3.6740e+00     4.7074      4.914      7.127    11.4826 0.0000e+00
      5.021      0.037     1.5872     14.178     31.277  22.845735     0.6348      7.601   247.0086 3.6503e+00     4.6723      4.925      7.144    11.4867 0.0000e+00
      5.029      0.030     1.5763     14.158     31.297  22.858479     0.6437      7.601   246.6526 3.6468e+00     4.6849      4.933      7.155    11.4851 0.0000e+00
      5.035      0.024     1.5623     14.173     31.320  22.870138     0.6823      7.601   246.2620 3.6503e+00     4.7580      4.937      7.161    11.4904 0.0000e+00
      5.040      0.020     1.5481     14.224     31.308  22.859878     0.7020      7.600   245.9850 3.6535e+00     4.7697      4.943      7.169    11.5100 0.0000e+00
      5.044      0.018     1.5437     14.280     31.308  22.861239     0.6905      7.600   245.7989 3.6567e+00     4.7240      4.947      7.175    11.5242 0.0000e+00
      5.046      0.018     1.5417     14.322     31.342  22.886603     0.6604      7.599   245.3887 3.6537e+00     4.7184      4.948      7.176    11.5178 0.0000e+00
      5.049      0.023     1.5424     14.365     31.377  22.912913     0.6370      7.599   244.2940 3.6477e+00     4.7362      4.951      7.180    11.5054 0.0000e+00
      5.055      0.030     1.5503     14.398     31.395  22.925701     0.6325      7.599   242.8876 3.6457e+00     4.6997      4.957      7.189    11.5036 0.0000e+00
      5.062      0.040     1.5575     14.394     31.394  22.914400     0.6235      7.597   241.8065 3.6325e+00     4.6536      4.962      7.196    11.5082 0.0000e+00
      5.073      0.051     1.5603     14.361     31.407  22.903082     0.6023      7.595   241.0312 3.5880e+00     4.6558      4.971      7.210    11.5075 0.0000e+00
      5.090      0.061     1.5655     14.317     31.453  22.915654     0.5845      7.592   240.3969 3.5203e+00     4.6919      4.990      7.238    11.5081 0.0000e+00
      5.109      0.068     1.5709     14.244     31.508  22.939555     0.5911      7.588   239.8155 3.4544e+00     4.7495      5.011      7.268    11.5155 0.0000e+00
      5.127      0.073     1.5703     14.114     31.525  22.938414     0.5996      7.585   239.4219 3.3861e+00     4.7714      5.026      7.290    11.5011 0.0000e+00
      5.147      0.073     1.5664     13.900     31.493  22.901844     0.5781      7.583   239.3386 3.3096e+00     4.7178      5.046      7.320    11.4577 0.0000e+00
      5.170      0.071     1.5648     13.618     31.473  22.877842     0.5484      7.583   239.4099 3.2427e+00     4.6134      5.073      7.357    11.4201 0.0000e+00
      5.187      0.069     1.5580     13.300     31.515  22.901846     0.5314      7.583   239.5093 3.1955e+00     4.5683      5.089      7.381    11.3993 0.0000e+00
      5.201      0.068     1.5465     12.954     31.573  22.938420     0.5313      7.583   239.6801 3.1570e+00     4.5824      5.100      7.396    11.3786 0.0000e+00
      5.216      0.067     1.5233     12.614     31.583  22.939575     0.5307      7.582   239.8408 3.1098e+00     4.5454      5.115      7.418    11.3559 0.0000e+00
      5.232      0.064     1.4902     12.324     31.556  22.915810     0.5233      7.582   239.9034 3.0600e+00     4.5987      5.131      7.441    11.3400 0.0000e+00
      5.250      0.061     1.4570     12.088     31.543  22.904717     0.5413      7.582   240.0067 3.0161e+00     4.8171      5.147      7.465    11.3320 0.0000e+00
      5.270      0.056     1.4178     11.907     31.583  22.932275     0.5738      7.582   240.2292 2.9655e+00     4.9308      5.170      7.498    11.3241 0.0000e+00
      5.287      0.050     1.3779     11.766     31.673  22.995364     0.5835      7.581   240.5288 2.9225e+00     4.8806      5.188      7.525    11.3126 0.0000e+00
      5.297      0.044     1.3476     11.616     31.731  23.033399     0.5830      7.581   240.7047 2.9008e+00     4.7574      5.194      7.534    11.3043 0.0000e+00
      5.303      0.036     1.3218     11.480     31.708  23.011683     0.5936      7.581   240.7206 2.8831e+00     4.6021      5.199      7.541    11.3036 0.0000e+00
      5.310      0.027     1.3007     11.370     31.676  22.986443     0.5954      7.581   240.8070 2.8654e+00     4.5396      5.206      7.551    11.3037 0.0000e+00
      5.318      0.021     1.2907     11.233     31.664  22.981861     0.5792      7.581   240.9754 2.8486e+00     4.5144      5.215      7.563    11.2999 0.0000e+00
      5.325      0.017     1.2714     11.073     31.618  22.956290     0.5645      7.582   241.2072 2.8336e+00     4.4689      5.224      7.576    11.2930 0.0000e+00
      5.327      0.016     1.2548     10.922     31.570  22.930915     0.5680      7.582   241.4582 2.8256e+00     4.5018      5.225      7.579    11.2826 0.0000e+00
      5.327      0.017     1.2488     10.807     31.555  22.928711     0.5880      7.581   241.6014 2.8276e+00     4.5694      5.223      7.576    11.2770 0.0000e+00
      5.327      0.017     1.2307     10.748     31.547  22.929653     0.5897      7.580   241.7344 2.8168e+00     4.5355      5.222      7.574    11.2845 0.0000e+00
      5.333      0.018     1.2125     10.753     31.558  22.942316     0.5879      7.579   241.9479 2.7768e+00     4.5363      5.226      7.581    11.3002 0.0000e+00
      5.344      0.020     1.1938     10.808     31.571  22.954996     0.6160      7.578   242.1178 2.7372e+00     4.6811      5.242      7.602    11.3164 0.0000e+00
      5.351      0.023     1.1805     10.907     31.568  22.956151     0.6385      7.579   242.1541 2.7117e+00     4.7831      5.251      7.616    11.3304 0.0000e+00
