Data/DataNotYetUploadedToEDI/Raw_CTD/RawDownloads/051324_fcr50_S7809009.cnv
* Sea-Bird SBE19plus  Data File:
* FileName = C:\R\Reservoirs\Data\DataNotYetUploadedToEDI\Raw_CTD\RawDownloads\041524_bvr50_S7809_0009.hex
* Software version 2.8.0.119
* Temperature SN = 7809
* Conductivity SN = 7809
* System UpLoad Time = May 16 2024 15:27:45
* <ApplicationData>
* <Seaterm232>
# nquan = 15
# nvalues = 1245                        
# units = specified
# name 0 = depFM: Depth [fresh water, m]
# name 1 = dz/dtM: Descent Rate [m/s]
# name 2 = sbeox0Mg/L: Oxygen, SBE 43 [mg/l]
# name 3 = sbeox0PS: Oxygen, SBE 43 [% saturation]
# name 4 = specc: Specific Conductance [uS/cm]
# name 5 = c0uS/cm: Conductivity [uS/cm]
# name 6 = flECO-AFL: Fluorescence, WET Labs ECO-AFL/FL [mg/m^3]
# name 7 = ph: pH
# name 8 = orp: Oxidation Reduction Potential [mV]
# name 9 = par/sat/log: PAR/Logarithmic, Satlantic
# name 10 = turbWETntu0: Turbidity, WET Labs ECO [NTU]
# name 11 = prdM: Pressure, Strain Gauge [db]
# name 12 = prdE: Pressure, Strain Gauge [psi]
# name 13 = tv290C: Temperature [ITS-90, deg C]
# name 14 = flag:  0.000e+00
# span 0 =     -0.643,      9.589       
# span 1 =     -0.380,      0.147       
# span 2 =     0.1361,    10.5634       
# span 3 =      1.549,    108.136       
# span 4 =      0.363,    602.011       
# span 5 =   0.331155, 434.080059       
# span 6 =    -0.4742,    23.3755       
# span 7 =     -2.220,      7.961       
# span 8 = -1240.7455,  1153.5603       
# span 9 = 1.2356e-01, 1.7032e+03       
# span 10 =    -3.5451,    97.3872      
# span 11 =     -0.631,      9.405      
# span 12 =     -0.915,     13.640      
# span 13 =    10.6182,    20.8409      
# span 14 = 0.0000e+00, 0.0000e+00      
# interval = seconds: 0.25
# start_time = May 13 2024 13:08:14 [Instrument's time stamp, header]
# bad_flag = -9.990e-29
*END*
[from data line 386]
      3.871      0.053     6.5664     63.334     38.726  28.944518     7.4251      7.443   205.7846 1.7580e+01     5.7836      3.797      5.507    12.4900 0.0000e+00
      3.882      0.054     6.6554     62.949     38.816  28.957916     7.2672      7.442   205.7866 1.7438e+01     5.8492      3.807      5.522    12.4521 0.0000e+00
      3.893      0.057     6.7315     62.269     38.968  28.990801     7.2271      7.440   205.8473 1.7263e+01     5.9356      3.816      5.535    12.4324 0.0000e+00
      3.906      0.061     6.7791     61.322     39.158  29.024890     7.0076      7.439   206.0887 1.7034e+01     6.0086      3.829      5.554    12.4174 0.0000e+00
      3.923      0.065     6.7802     60.103     39.347  29.052809     6.5848      7.439   206.6401 1.6771e+01     6.0489      3.845      5.577    12.3770 0.0000e+00
      3.943      0.068     6.7462     58.619     39.500  29.074510     6.3436      7.438   207.6105 1.6501e+01     6.0808      3.867      5.609    12.3100 0.0000e+00
      3.964      0.071     6.6869     56.879     39.622  29.096894     6.3046      7.436   208.4434 1.6277e+01     6.1214      3.889      5.641    12.2127 0.0000e+00
      3.982      0.072     6.6097     54.918     39.738  29.133079     6.1549      7.435   208.5364 1.6125e+01     6.3000      3.906      5.666    12.0599 0.0000e+00
      3.997      0.072     6.5002     52.778     39.876  29.194816     5.8821      7.433   208.4777 1.5961e+01     6.5334      3.919      5.685    11.9032 0.0000e+00
      4.014      0.071     6.3575     50.523     40.028  29.272441     5.7194      7.431   208.6797 1.5708e+01     6.5863      3.934      5.706    11.7893 0.0000e+00
      4.034      0.069     6.1784     48.332     40.119  29.310418     5.7029      7.429   208.6556 1.5442e+01     6.5634      3.956      5.737    11.7079 0.0000e+00
      4.055      0.067     5.9717     46.387     40.101  29.273380     5.7164      7.427   208.4442 1.5244e+01     6.5986      3.978      5.770    11.6497 0.0000e+00
      4.072      0.063     5.7455     44.730     40.037  29.205170     5.7318      7.424   209.3074 1.5098e+01     6.6353      3.995      5.795    11.6017 0.0000e+00
      4.086      0.056     5.4972     43.355     40.033  29.183415     5.7480      7.423   211.0048 1.4967e+01     6.6322      4.008      5.814    11.5605 0.0000e+00
      4.099      0.050     5.2535     42.316     40.071  29.200616     5.7537      7.423   211.8463 1.4800e+01     6.5953      4.018      5.828    11.5244 0.0000e+00
      4.113      0.048     5.0450     41.615     40.111  29.222841     5.7342      7.424   211.9106 1.4665e+01     6.5983      4.035      5.852    11.4954 0.0000e+00
      4.123      0.051     4.8700     41.188     40.186  29.261836     5.4707      7.424   211.5235 1.4663e+01     6.8058      4.047      5.870    11.4712 0.0000e+00
      4.128      0.056     4.7179     40.976     40.257  29.291502     4.9735      7.422   210.9518 1.4611e+01     7.1227      4.044      5.866    11.4409 0.0000e+00
      4.140      0.062     4.6066     40.924     40.330  29.327787     4.6907      7.421   211.3646 1.4391e+01     7.2527      4.054      5.880    11.4279 0.0000e+00
      4.161      0.068     4.5332     41.050     40.430  29.383367     4.6318      7.422   212.6435 1.4155e+01     7.2506      4.082      5.920    11.4329 0.0000e+00
      4.185      0.077     4.4898     41.392     40.483  29.392618     4.3373      7.423   213.6809 1.3968e+01     7.4387      4.105      5.954    11.4100 0.0000e+00
      4.207      0.087     4.4746     41.937     40.525  29.376179     3.8091      7.421   214.2711 1.3791e+01     7.7853      4.125      5.983    11.3725 0.0000e+00
      4.227      0.094     4.4692     42.717     40.606  29.374846     3.5224      7.417   214.3592 1.3614e+01     7.9573      4.146      6.012    11.3547 0.0000e+00
      4.248      0.096     4.4807     43.806     40.691  29.376444     3.4767      7.415   214.0573 1.3398e+01     8.0152      4.164      6.039    11.3428 0.0000e+00
      4.274      0.095     4.5253     45.260     40.786  29.395431     3.3225      7.414   214.0632 1.3076e+01     8.2451      4.188      6.073    11.3085 0.0000e+00
      4.306      0.090     4.5888     47.079     40.858  29.414058     3.0564      7.414   214.6883 1.2727e+01     8.5847      4.225      6.128    11.2472 0.0000e+00
      4.336      0.084     4.6796     49.222     40.879  29.411333     2.9142      7.414   215.5064 1.2492e+01     8.7399      4.257      6.175    11.1687 0.0000e+00
      4.356      0.079     4.8060     51.631     40.916  29.425893     2.8928      7.414   216.1254 1.2376e+01     8.7215      4.275      6.200    11.0892 0.0000e+00
      4.369      0.074     4.9725     54.129     40.993  29.463236     2.8061      7.414   216.9239 1.2321e+01     8.7721      4.285      6.214    11.0258 0.0000e+00
      4.379      0.074     5.1818     56.509     41.053  29.482231     2.6568      7.413   217.8482 1.2208e+01     8.9424      4.291      6.223    10.9848 0.0000e+00
      4.394      0.081     5.4184     58.658     41.066  29.465228     2.5611      7.409   218.4383 1.1983e+01     9.0382      4.306      6.245    10.9689 0.0000e+00
      4.417      0.093     5.6942     60.493     41.076  29.447933     2.5313      7.405   218.3793 1.1727e+01     8.9743      4.331      6.280    10.9611 0.0000e+00
      4.442      0.103     5.9833     61.998     41.127  29.463379     2.5209      7.402   218.0823 1.1451e+01     8.8867      4.354      6.315    10.9380 0.0000e+00
      4.474      0.106     6.2524     63.192     41.146  29.461667     2.5015      7.401   218.4617 1.1105e+01     8.9353      4.383      6.357    10.9048 0.0000e+00
      4.512      0.105     6.5001     64.112     41.109  29.427222     2.4721      7.401   218.9219 1.0749e+01     9.1181      4.427      6.421    10.8722 0.0000e+00
      4.546      0.099     6.7072     64.831     41.114  29.427482     2.4484      7.400   219.4308 1.0545e+01     9.2180      4.466      6.478    10.8423 0.0000e+00
      4.564      0.089     6.8771     65.416     41.171  29.464812     2.4310      7.400   220.3132 1.0475e+01     9.1872      4.478      6.494    10.8146 0.0000e+00
      4.576      0.077     7.0121     65.936     41.222  29.497982     2.4702      7.400   220.1267 1.0339e+01     9.1557      4.483      6.501    10.7948 0.0000e+00
      4.596      0.068     7.1111     66.403     41.244  29.511373     2.5646      7.400   218.9824 1.0141e+01     9.1788      4.507      6.537    10.7872 0.0000e+00
      4.616      0.066     7.1894     66.773     41.233  29.499853     2.6238      7.399   218.5234 1.0046e+01     9.2276      4.533      6.575    10.7850 0.0000e+00
      4.627      0.068     7.2515     67.041     41.220  29.485557     2.6202      7.398   218.7060 1.0006e+01     9.2334      4.537      6.580    10.7813 0.0000e+00
      4.638      0.070     7.3086     67.234     41.200  29.465378     2.6044      7.397   219.1254 9.8513e+00     9.2828      4.541      6.586    10.7765 0.0000e+00
      4.661      0.071     7.3647     67.335     41.179  29.446154     2.6242      7.397   219.7227 9.6230e+00     9.4480      4.570      6.628    10.7743 0.0000e+00
      4.686      0.073     7.4064     67.348     41.178  29.443414     2.6592      7.398   220.0774 9.4753e+00     9.5235      4.600      6.672    10.7707 0.0000e+00
      4.703      0.076     7.4340     67.301     41.163  29.432247     2.6782      7.398   219.8005 9.3862e+00     9.4789      4.612      6.689    10.7630 0.0000e+00
      4.719      0.076     7.4595     67.204     41.170  29.437999     2.6863      7.398   219.0420 9.2555e+00     9.4552      4.626      6.709    10.7559 0.0000e+00
      4.738      0.072     7.4713     67.074     41.186  29.449533     2.6996      7.398   218.6495 9.0950e+00     9.4759      4.648      6.741    10.7508 0.0000e+00
      4.758      0.069     7.4708     66.940     41.179  29.444829     2.7235      7.398   218.8407 8.9472e+00     9.5245      4.667      6.769    10.7472 0.0000e+00
      4.777      0.067     7.4667     66.826     41.175  29.444557     2.7335      7.398   219.2028 8.8085e+00     9.4957      4.685      6.795    10.7479 0.0000e+00
      4.794      0.064     7.4539     66.740     41.173  29.446247     2.7205      7.399   219.5863 8.6742e+00     9.4011      4.702      6.820    10.7503 0.0000e+00
      4.810      0.060     7.4391     66.690     41.195  29.465273     2.6915      7.399   219.9493 8.5643e+00     9.4061      4.717      6.842    10.7494 0.0000e+00
      4.824      0.056     7.4223     66.657     41.220  29.484302     2.6652      7.400   220.3228 8.4715e+00     9.5556      4.731      6.861    10.7484 0.0000e+00
      4.836      0.052     7.4104     66.613     41.221  29.486032     2.6608      7.400   220.7470 8.3627e+00     9.7056      4.742      6.878    10.7519 0.0000e+00
      4.849      0.050     7.3982     66.565     41.222  29.486189     2.6638      7.399   221.0339 8.2224e+00     9.7166      4.755      6.895    10.7569 0.0000e+00
      4.863      0.053     7.3933     66.509     41.223  29.486204     2.6339      7.399   221.1246 8.0962e+00     9.5857      4.771      6.919    10.7604 0.0000e+00
      4.873      0.058     7.3915     66.443     41.226  29.486205     2.5829      7.399   221.3276 8.0177e+00     9.4562      4.781      6.934    10.7632 0.0000e+00
      4.883      0.060     7.3843     66.378     41.231  29.486204     2.5704      7.398   221.9391 7.9047e+00     9.4821      4.783      6.939    10.7635 0.0000e+00
      4.900      0.060     7.3808     66.325     41.236  29.486190     2.5752      7.396   222.5820 7.7085e+00     9.5568      4.801      6.964    10.7624 0.0000e+00
      4.925      0.058     7.3742     66.275     41.241  29.486034     2.5580      7.396   222.9059 7.5147e+00     9.5393      4.834      7.011    10.7617 0.0000e+00
      4.945      0.054     7.3671     66.234     41.241  29.484304     2.5369      7.395   223.1018 7.4134e+00     9.4765      4.854      7.041    10.7593 0.0000e+00
      4.955      0.048     7.3595     66.224     41.216  29.465274     2.5362      7.395   223.1436 7.3530e+00     9.4462      4.858      7.046    10.7560 0.0000e+00
      4.963      0.043     7.3551     66.228     41.191  29.446244     2.5494      7.395   223.1538 7.2838e+00     9.4462      4.866      7.058    10.7509 0.0000e+00
      4.970      0.044     7.3514     66.232     41.189  29.444500     2.5635      7.395   223.2257 7.2402e+00     9.4424      4.877      7.074    10.7452 0.0000e+00
      4.975      0.052     7.3442     66.224     41.189  29.444200     2.5814      7.393   223.3240 7.1755e+00     9.4347      4.878      7.073    10.7435 0.0000e+00
      4.984      0.065     7.3454     66.204     41.190  29.442614     2.5917      7.391   223.5678 7.0359e+00     9.4555      4.884      7.083    10.7425 0.0000e+00
      5.004      0.075     7.3467     66.208     41.172  29.425315     2.5960      7.391   224.0227 6.8320e+00     9.5230      4.904      7.112    10.7400 0.0000e+00
      5.031      0.080     7.3465     66.218     41.178  29.425330     2.6004      7.391   224.6080 6.6099e+00     9.6017      4.933      7.154    10.7394 0.0000e+00
      5.062      0.082     7.3485     66.226     41.206  29.442787     2.5950      7.391   225.0523 6.4074e+00     9.6562      4.965      7.201    10.7413 0.0000e+00
      5.089      0.082     7.3407     66.236     41.212  29.446089     2.5974      7.389   225.2652 6.2597e+00     9.7027      4.995      7.244    10.7396 0.0000e+00
      5.104      0.081     7.3464     66.261     41.240  29.465262     2.6119      7.386   225.2890 6.2040e+00     9.7547      5.009      7.266    10.7323 0.0000e+00
      5.112      0.077     7.3479     66.334     41.269  29.484306     2.6048      7.384   225.3410 6.1387e+00     9.7722      5.010      7.266    10.7259 0.0000e+00
      5.127      0.074     7.3483     66.423     41.273  29.486037     2.5783      7.383   225.5489 5.9557e+00     9.7447      5.021      7.282    10.7228 0.0000e+00
      5.154      0.075     7.3519     66.518     41.275  29.486194     2.5576      7.382   225.6513 5.7427e+00     9.6946      5.055      7.331    10.7223 0.0000e+00
      5.181      0.083     7.3487     66.613     41.277  29.486209     2.5536      7.380   225.7192 5.6195e+00     9.6790      5.086      7.378    10.7219 0.0000e+00
      5.196      0.093     7.3629     66.688     41.277  29.486210     2.5641      7.379   226.0254 5.5340e+00     9.6918      5.097      7.393    10.7197 0.0000e+00
      5.211      0.096     7.3712     66.773     41.275  29.486209     2.5681      7.378   226.6009 5.3702e+00     9.6450      5.106      7.405    10.7176 0.0000e+00
      5.238      0.092     7.3820     66.838     41.271  29.486194     2.5600      7.376   227.2562 5.1088e+00     9.5228      5.133      7.444    10.7161 0.0000e+00
      5.274      0.088     7.3963     66.852     41.267  29.486038     2.5491      7.375   227.6682 4.8392e+00     9.4108      5.174      7.504    10.7148 0.0000e+00
      5.305      0.086     7.3995     66.835     41.262  29.484323     2.5454      7.376   227.7105 4.6857e+00     9.3831      5.209      7.556    10.7142 0.0000e+00
      5.321      0.081     7.4120     66.805     41.231  29.465448     2.5484      7.376   227.5100 4.6265e+00     9.3928      5.221      7.573    10.7161 0.0000e+00
      5.331      0.074     7.4206     66.780     41.204  29.448133     2.5439      7.375   227.3076 4.5403e+00     9.3918      5.224      7.576    10.7204 0.0000e+00
      5.345      0.067     7.4192     66.768     41.225  29.465263     2.5411      7.375   227.3294 4.4108e+00     9.4396      5.241      7.600    10.7229 0.0000e+00
      5.365      0.066     7.4171     66.740     41.246  29.482263     2.5394      7.376   228.0314 4.2868e+00     9.4920      5.262      7.632    10.7247 0.0000e+00
      5.384      0.071     7.4123     66.690     41.216  29.463390     2.4817      7.376   229.2561 4.1885e+00     9.5473      5.281      7.660    10.7295 0.0000e+00
      5.402      0.078     7.4075     66.659     41.164  29.427374     2.3761      7.375   229.9199 4.0971e+00     9.6302      5.298      7.685    10.7328 0.0000e+00
      5.420      0.083     7.4084     66.655     41.166  29.427388     2.3108      7.373   229.8615 3.9796e+00     9.6062      5.313      7.707    10.7342 0.0000e+00
      5.440      0.084     7.4060     66.647     41.221  29.463561     2.3083      7.372   229.7546 3.8482e+00     9.5989      5.333      7.735    10.7360 0.0000e+00
      5.466      0.083     7.3962     66.615     41.256  29.484136     2.3706      7.371   229.9191 3.7262e+00     9.6785      5.359      7.773    10.7395 0.0000e+00
      5.493      0.083     7.3922     66.577     41.261  29.485851     2.4567      7.369   230.3871 3.6102e+00     9.7147      5.389      7.816    10.7433 0.0000e+00
      5.515      0.082     7.3940     66.570     41.261  29.484306     2.4840      7.367   231.0251 3.5181e+00     9.6949      5.413      7.851    10.7409 0.0000e+00
      5.531      0.079     7.3951     66.591     41.237  29.465448     2.4844      7.367   231.5251 3.4464e+00     9.6435      5.423      7.867    10.7352 0.0000e+00
      5.546      0.077     7.3917     66.608     41.217  29.448140     2.5527      7.367   231.7854 3.3409e+00     9.7089      5.434      7.883    10.7299 0.0000e+00
      5.568      0.078     7.3854     66.606     41.245  29.465322     2.6695      7.367   231.8494 3.2309e+00     9.8707      5.461      7.920    10.7281 0.0000e+00
      5.589      0.084     7.3847     66.594     41.272  29.482894     2.7229      7.366   231.7834 3.1701e+00     9.9255      5.484      7.955    10.7281 0.0000e+00
      5.606      0.091     7.3902     66.589     41.257  29.470312     2.7146      7.366   231.5033 3.0884e+00     9.9273      5.495      7.970    10.7241 0.0000e+00
