Data/DataNotYetUploadedToEDI/Raw_CTD/RawDownloads/051324_fcr50_S7809009.cnv
* Sea-Bird SBE19plus  Data File:
* FileName = C:\R\Reservoirs\Data\DataNotYetUploadedToEDI\Raw_CTD\RawDownloads\041524_bvr50_S7809_0009.hex
* Software version 2.8.0.119
* Temperature SN = 7809
* Conductivity SN = 7809
* System UpLoad Time = May 16 2024 15:27:45
* <ApplicationData>
* <Seaterm232>
# nquan = 15
# nvalues = 1245                        
# units = specified
# name 0 = depFM: Depth [fresh water, m]
# name 1 = dz/dtM: Descent Rate [m/s]
# name 2 = sbeox0Mg/L: Oxygen, SBE 43 [mg/l]
# name 3 = sbeox0PS: Oxygen, SBE 43 [% saturation]
# name 4 = specc: Specific Conductance [uS/cm]
# name 5 = c0uS/cm: Conductivity [uS/cm]
# name 6 = flECO-AFL: Fluorescence, WET Labs ECO-AFL/FL [mg/m^3]
# name 7 = ph: pH
# name 8 = orp: Oxidation Reduction Potential [mV]
# name 9 = par/sat/log: PAR/Logarithmic, Satlantic
# name 10 = turbWETntu0: Turbidity, WET Labs ECO [NTU]
# name 11 = prdM: Pressure, Strain Gauge [db]
# name 12 = prdE: Pressure, Strain Gauge [psi]
# name 13 = tv290C: Temperature [ITS-90, deg C]
# name 14 = flag:  0.000e+00
# span 0 =     -0.643,      9.589       
# span 1 =     -0.380,      0.147       
# span 2 =     0.1361,    10.5634       
# span 3 =      1.549,    108.136       
# span 4 =      0.363,    602.011       
# span 5 =   0.331155, 434.080059       
# span 6 =    -0.4742,    23.3755       
# span 7 =     -2.220,      7.961       
# span 8 = -1240.7455,  1153.5603       
# span 9 = 1.2356e-01, 1.7032e+03       
# span 10 =    -3.5451,    97.3872      
# span 11 =     -0.631,      9.405      
# span 12 =     -0.915,     13.640      
# span 13 =    10.6182,    20.8409      
# span 14 = 0.0000e+00, 0.0000e+00      
# interval = seconds: 0.25
# start_time = May 13 2024 13:08:14 [Instrument's time stamp, header]
# bad_flag = -9.990e-29
*END*
[from data line 290]
      2.443      0.038    10.3783    107.705     37.663  31.688328     8.8351      7.378   188.8136 5.8614e+01     6.0755      2.394      3.473    16.9763 0.0000e+00
      2.449      0.036    10.3908    107.753     37.520  31.564933     8.8256      7.379   190.1064 5.8079e+01     6.0523      2.400      3.482    16.9773 0.0000e+00
      2.459      0.037    10.3923    107.848     37.344  31.377873     8.8267      7.380   190.7048 5.7605e+01     6.0523      2.412      3.499    17.0001 0.0000e+00
      2.468      0.040    10.3973    107.884     37.303  31.266221     8.8067      7.382   190.6282 5.7147e+01     6.0747      2.419      3.509    17.0408 0.0000e+00
      2.478      0.044    10.3937    107.782     37.373  31.229843     8.7594      7.382   190.4703 5.6489e+01     6.0845      2.428      3.522    17.0736 0.0000e+00
      2.492      0.045    10.3908    107.588     37.426  31.191657     8.7208      7.382   190.2581 5.5775e+01     6.1023      2.444      3.545    17.0784 0.0000e+00
      2.506      0.043    10.4189    107.377     37.482  31.185022     8.7062      7.384   190.2135 5.5211e+01     6.1195      2.459      3.567    17.0303 0.0000e+00
      2.519      0.039    10.4505    107.172     37.545  31.212987     8.7073      7.386   190.7058 5.4719e+01     6.0879      2.469      3.582    16.9130 0.0000e+00
      2.529      0.035    10.4693    107.010     37.548  31.212575     8.7262      7.388   191.3917 5.4370e+01     6.0618      2.481      3.598    16.7701 0.0000e+00
      2.536      0.031    10.4724    106.929     37.574  31.243468     8.7347      7.388   191.7101 5.4282e+01     6.0426      2.489      3.610    16.6525 0.0000e+00
      2.539      0.031    10.4688    106.930     37.662  31.332778     8.7185      7.388   191.8022 5.4144e+01     6.0604      2.489      3.609    16.5806 0.0000e+00
      2.543      0.035    10.4528    107.048     37.719  31.404326     8.6885      7.388   191.9028 5.3810e+01     6.1408      2.493      3.615    16.5538 0.0000e+00
      2.552      0.041    10.4339    107.290     37.686  31.410771     8.6548      7.389   191.6353 5.3410e+01     6.1939      2.502      3.628    16.5553 0.0000e+00
      2.564      0.049    10.4258    107.607     37.502  31.283880     8.6354      7.390   191.0634 5.2885e+01     6.1909      2.513      3.645    16.5693 0.0000e+00
      2.579      0.055    10.4173    107.893     37.280  31.075430     8.6205      7.392   190.9247 5.2142e+01     6.1729      2.529      3.668    16.5911 0.0000e+00
      2.597      0.059    10.4234    108.032     37.188  30.920347     8.5744      7.394   191.2491 5.1287e+01     6.2829      2.546      3.693    16.6195 0.0000e+00
      2.615      0.059    10.4370    107.959     37.149  30.804267     8.5021      7.396   191.8879 5.0502e+01     6.5312      2.565      3.720    16.6683 0.0000e+00
      2.631      0.058    10.4581    107.687     37.093  30.686774     8.4541      7.397   192.6256 4.9866e+01     6.6469      2.582      3.744    16.7327 0.0000e+00
      2.645      0.057    10.4952    107.253     37.069  30.578062     8.4438      7.397   192.4251 4.9396e+01     6.5884      2.595      3.763    16.7122 0.0000e+00
      2.658      0.057    10.5433    106.685     37.051  30.441242     8.4444      7.396   191.4430 4.9024e+01     6.5074      2.606      3.780    16.5641 0.0000e+00
      2.669      0.058    10.5634    106.031     37.052  30.301030     8.4444      7.395   191.0755 4.8599e+01     6.4530      2.617      3.795    16.4412 0.0000e+00
      2.682      0.059    10.5481    105.297     37.108  30.214705     8.4517      7.395   191.1649 4.7980e+01     6.4438      2.628      3.812    16.3750 0.0000e+00
      2.700      0.059    10.5330    104.539     37.170  30.158535     8.4493      7.396   191.4049 4.7220e+01     6.3954      2.647      3.839    16.2609 0.0000e+00
      2.719      0.057    10.5105    103.897     37.236  30.129216     8.4325      7.396   191.9997 4.6559e+01     6.3121      2.669      3.872    16.0879 0.0000e+00
      2.735      0.054    10.4947    103.457     37.291  30.113842     8.4401      7.395   192.5059 4.5996e+01     6.2911      2.683      3.892    15.8803 0.0000e+00
      2.749      0.052    10.4629    103.235     37.320  30.099446     8.4747      7.395   192.5346 4.5469e+01     6.2776      2.696      3.910    15.6918 0.0000e+00
      2.760      0.053    10.4099    103.211     37.336  30.081977     8.5016      7.394   192.0895 4.5167e+01     6.2171      2.709      3.928    15.5556 0.0000e+00
      2.766      0.057    10.3692    103.312     37.323  30.029461     8.5151      7.393   191.8561 4.4861e+01     6.1409      2.711      3.931    15.4444 0.0000e+00
      2.776      0.064    10.3429    103.429     37.318  29.971896     8.6463      7.391   192.1216 4.4081e+01     6.1409      2.717      3.939    15.3592 0.0000e+00
      2.797      0.072    10.3308    103.470     37.284  29.893354     8.9139      7.390   192.4593 4.2996e+01     6.2515      2.741      3.975    15.3193 0.0000e+00
      2.822      0.080    10.3364    103.329     37.202  29.777509     9.0797      7.389   192.7566 4.2056e+01     6.3515      2.771      4.018    15.2896 0.0000e+00
      2.845      0.085    10.3647    102.906     37.205  29.712950     9.1194      7.389   193.2210 4.1205e+01     6.3931      2.790      4.047    15.2351 0.0000e+00
      2.867      0.085    10.3968    102.169     37.266  29.683590     9.2608      7.391   193.6857 4.0228e+01     6.3456      2.809      4.075    15.1497 0.0000e+00
      2.891      0.080    10.4210    101.208     37.341  29.676150     9.5077      7.393   193.7297 3.9352e+01     6.2203      2.836      4.114    15.0804 0.0000e+00
      2.912      0.074    10.4217    100.188     37.485  29.749770     9.6487      7.396   193.6667 3.8705e+01     6.1760      2.858      4.144    15.0320 0.0000e+00
      2.928      0.067    10.4020     99.251     37.568  29.812485     9.6852      7.398   193.7846 3.8077e+01     6.1858      2.871      4.163    14.9355 0.0000e+00
      2.944      0.060    10.3519     98.548     37.516  29.800120     9.7992      7.400   193.8636 3.7427e+01     6.1345      2.886      4.186    14.8164 0.0000e+00
      2.960      0.055    10.2665     98.159     37.372  29.727159     9.9940      7.401   194.2780 3.6958e+01     6.0678      2.905      4.213    14.7232 0.0000e+00
      2.971      0.054    10.1750     98.049     37.148  29.564696    10.1014      7.402   195.0960 3.6686e+01     6.0615      2.915      4.228    14.6582 0.0000e+00
      2.980      0.058    10.0726     98.137     37.033  29.421608    10.1151      7.404   195.5798 3.6319e+01     6.0926      2.920      4.235    14.6585 0.0000e+00
      2.992      0.064     9.9869     98.296     37.121  29.392513    10.1020      7.406   195.8263 3.5755e+01     6.1031      2.931      4.251    14.7063 0.0000e+00
      3.009      0.069     9.9364     98.408     37.245  29.403085    10.0672      7.408   195.9247 3.5070e+01     6.0858      2.949      4.276    14.7754 0.0000e+00
      3.031      0.073     9.9137     98.406     37.326  29.422468    10.0614      7.410   195.7372 3.4278e+01     6.0887      2.972      4.310    14.8325 0.0000e+00
      3.056      0.075     9.9468     98.293     37.359  29.436526    10.0812      7.412   195.7108 3.3528e+01     6.1380      2.998      4.349    14.7494 0.0000e+00
      3.078      0.075    10.0055     98.193     37.307  29.382750    10.0818      7.413   196.2931 3.2980e+01     6.1690      3.022      4.382    14.5726 0.0000e+00
      3.096      0.074    10.0460     98.201     37.239  29.279706    10.0523      7.414   197.3579 3.2563e+01     6.0882      3.037      4.404    14.4469 0.0000e+00
      3.110      0.073    10.0605     98.288     37.250  29.205458    10.0161      7.414   198.0885 3.2128e+01     5.9124      3.049      4.422    14.3899 0.0000e+00
      3.125      0.071    10.0411     98.379     37.330  29.182660    10.0012      7.414   198.3296 3.1617e+01     5.8544      3.063      4.443    14.3925 0.0000e+00
      3.144      0.070    10.0251     98.402     37.429  29.194258     9.9973      7.415   198.3803 3.1034e+01     5.9334      3.082      4.470    14.3998 0.0000e+00
      3.166      0.071    10.0438     98.350     37.515  29.218750     9.8439      7.415   198.2717 3.0479e+01     5.9451      3.105      4.505    14.3295 0.0000e+00
      3.186      0.071    10.0844     98.243     37.562  29.225017     9.5364      7.416   198.3064 3.0101e+01     5.8934      3.127      4.536    14.1973 0.0000e+00
      3.201      0.070    10.1243     97.993     37.575  29.206566     9.3669      7.416   198.6283 2.9753e+01     5.8554      3.139      4.552    14.0729 0.0000e+00
      3.217      0.070    10.1474     97.513     37.582  29.185924     9.3602      7.416   198.9795 2.9269e+01     5.8614      3.153      4.573    13.9847 0.0000e+00
      3.237      0.070    10.1494     96.865     37.591  29.165699     9.3213      7.416   199.1972 2.8880e+01     5.8624      3.177      4.608    13.9342 0.0000e+00
      3.253      0.069    10.1504     96.119     37.611  29.152279     9.2218      7.416   199.2822 2.8573e+01     5.7655      3.190      4.627    13.9003 0.0000e+00
      3.270      0.066    10.1407     95.288     37.646  29.150496     9.1561      7.416   199.3185 2.8047e+01     5.6465      3.203      4.645    13.8587 0.0000e+00
      3.292      0.061    10.0917     94.393     37.675  29.144106     9.1433      7.417   199.2058 2.7482e+01     5.6190      3.230      4.684    13.8281 0.0000e+00
      3.312      0.053    10.0308     93.475     37.691  29.138406     9.1417      7.419   198.8656 2.7192e+01     5.7400      3.253      4.718    13.7907 0.0000e+00
      3.323      0.046     9.9626     92.564     37.704  29.144991     9.1450      7.421   198.7332 2.7086e+01     5.9141      3.261      4.729    13.7510 0.0000e+00
      3.330      0.041     9.8836     91.698     37.718  29.160297     9.1328      7.422   198.8956 2.6988e+01     5.9486      3.265      4.735    13.7158 0.0000e+00
      3.336      0.040     9.7981     90.947     37.671  29.133177     9.1112      7.423   199.1084 2.6898e+01     5.8835      3.273      4.745    13.6704 0.0000e+00
      3.341      0.043     9.7088     90.378     37.594  29.070822     9.1006      7.424   199.3276 2.6775e+01     5.8092      3.275      4.750    13.6416 0.0000e+00
      3.349      0.050     9.6124     90.004     37.612  29.040667     9.0874      7.425   199.4801 2.6455e+01     5.7000      3.280      4.758    13.6440 0.0000e+00
      3.366      0.059     9.5185     89.754     37.690  29.022242     9.0754      7.425   199.5756 2.5949e+01     5.6223      3.299      4.785    13.6478 0.0000e+00
      3.388      0.069     9.4343     89.524     37.730  28.974825     9.0734      7.426   199.6227 2.5455e+01     5.6205      3.325      4.822    13.6663 0.0000e+00
      3.408      0.076     9.3688     89.200     37.730  28.911269     9.0704      7.426   199.6193 2.5079e+01     5.6099      3.344      4.850    13.6882 0.0000e+00
      3.425      0.078     9.3484     88.675     37.778  28.888013     9.0899      7.427   199.7925 2.4706e+01     5.6992      3.358      4.870    13.6219 0.0000e+00
      3.445      0.076     9.3514     87.876     37.845  28.883859     9.1340      7.427   200.1679 2.4198e+01     5.8812      3.377      4.896    13.4945 0.0000e+00
      3.470      0.073     9.3553     86.781     37.878  28.860981     9.1544      7.428   200.4593 2.3700e+01     5.8966      3.405      4.937    13.3839 0.0000e+00
      3.491      0.070     9.3400     85.392     37.953  28.865059     9.1365      7.429   200.7344 2.3404e+01     5.8515      3.427      4.969    13.3110 0.0000e+00
      3.505      0.067     9.3053     83.802     38.036  28.869676     9.0013      7.429   201.0850 2.3195e+01     5.9508      3.437      4.984    13.2310 0.0000e+00
      3.519      0.063     9.2379     82.175     38.073  28.853308     8.7760      7.429   201.3430 2.2931e+01     6.1069      3.450      5.004    13.1488 0.0000e+00
      3.534      0.059     9.1343     80.578     38.111  28.857392     8.6688      7.429   201.4440 2.2661e+01     6.1336      3.467      5.028    13.0990 0.0000e+00
      3.549      0.057     8.9993     78.995     38.134  28.855598     8.6619      7.429   201.5323 2.2399e+01     6.0690      3.482      5.048    13.0307 0.0000e+00
      3.564      0.056     8.8406     77.396     38.135  28.831603     8.6594      7.432   201.5499 2.2141e+01     6.1458      3.496      5.070    12.9374 0.0000e+00
      3.579      0.056     8.6805     75.824     38.169  28.820954     8.6715      7.434   201.3991 2.1924e+01     6.3441      3.511      5.092    12.8767 0.0000e+00
      3.593      0.056     8.5155     74.343     38.274  28.853669     8.6830      7.434   201.3436 2.1743e+01     6.4511      3.524      5.111    12.8552 0.0000e+00
      3.605      0.057     8.3552     72.950     38.419  28.909959     8.6820      7.435   201.4801 2.1572e+01     6.4142      3.535      5.127    12.8355 0.0000e+00
      3.618      0.058     8.1897     71.628     38.518  28.930621     8.6600      7.436   201.7598 2.1363e+01     6.2742      3.547      5.144    12.8030 0.0000e+00
      3.633      0.057     8.0271     70.313     38.558  28.913140     8.6335      7.437   202.0583 2.1094e+01     6.1587      3.562      5.166    12.7573 0.0000e+00
      3.652      0.056     7.8840     68.933     38.574  28.888834     8.6266      7.439   202.3365 2.0807e+01     6.1793      3.582      5.194    12.6942 0.0000e+00
      3.669      0.056     7.7478     67.504     38.611  28.890418     8.6194      7.440   202.6281 2.0608e+01     6.1813      3.601      5.222    12.6215 0.0000e+00
      3.681      0.055     7.6219     66.033     38.700  28.932260     8.4966      7.440   202.5726 2.0531e+01     6.0473      3.612      5.239    12.5502 0.0000e+00
      3.690      0.054     7.4987     64.511     38.758  28.950705     8.2648      7.440   202.2671 2.0390e+01     5.8905      3.616      5.244    12.4836 0.0000e+00
      3.702      0.053     7.3564     63.075     38.731  28.923123     8.1473      7.441   202.2036 2.0108e+01     5.8574      3.627      5.262    12.4363 0.0000e+00
      3.718      0.053     7.2072     61.858     38.687  28.915899     8.1504      7.442   202.4080 1.9853e+01     5.9199      3.647      5.290    12.4088 0.0000e+00
      3.733      0.053     7.0594     60.868     38.646  28.926822     8.1352      7.443   202.9319 1.9631e+01     5.9294      3.662      5.311    12.3804 0.0000e+00
      3.748      0.052     6.8950     60.128     38.604  28.928378     8.0466      7.444   203.6338 1.9367e+01     5.8348      3.675      5.330    12.3386 0.0000e+00
      3.762      0.051     6.7376     59.694     38.579  28.934755     7.9202      7.444   203.7532 1.9155e+01     5.7330      3.692      5.354    12.3149 0.0000e+00
      3.772      0.051     6.6052     59.674     38.555  28.940529     7.8726      7.443   203.3435 1.9014e+01     5.7230      3.700      5.366    12.3590 0.0000e+00
      3.781      0.052     6.4852     60.101     38.532  28.934776     7.8864      7.443   203.3261 1.8832e+01     5.7485      3.706      5.376    12.4316 0.0000e+00
      3.794      0.054     6.4003     60.807     38.540  28.928644     7.8710      7.443   203.7137 1.8610e+01     5.6991      3.720      5.396    12.4703 0.0000e+00
      3.810      0.055     6.3460     61.600     38.578  28.929796     7.8362      7.443   204.2443 1.8378e+01     5.6390      3.737      5.420    12.4939 0.0000e+00
      3.827      0.056     6.3326     62.361     38.639  28.948672     7.8313      7.443   204.9243 1.8133e+01     5.6703      3.753      5.443    12.5345 0.0000e+00
      3.843      0.056     6.3860     62.993     38.688  28.966556     7.8294      7.443   205.4819 1.7918e+01     5.7028      3.770      5.468    12.5587 0.0000e+00
