Data/DataNotYetUploadedToEDI/Raw_CTD/RawDownloads/051324_fcr50_S7809009.cnv
* Sea-Bird SBE19plus  Data File:
* FileName = C:\R\Reservoirs\Data\DataNotYetUploadedToEDI\Raw_CTD\RawDownloads\041524_bvr50_S7809_0009.hex
* Software version 2.8.0.119
* Temperature SN = 7809
* Conductivity SN = 7809
* System UpLoad Time = May 16 2024 15:27:45
* <ApplicationData>
* <Seaterm232>
# nquan = 15
# nvalues = 1245                        
# units = specified
# name 0 = depFM: Depth [fresh water, m]
# name 1 = dz/dtM: Descent Rate [m/s]
# name 2 = sbeox0Mg/L: Oxygen, SBE 43 [mg/l]
# name 3 = sbeox0PS: Oxygen, SBE 43 [% saturation]
# name 4 = specc: Specific Conductance [uS/cm]
# name 5 = c0uS/cm: Conductivity [uS/cm]
# name 6 = flECO-AFL: Fluorescence, WET Labs ECO-AFL/FL [mg/m^3]
# name 7 = ph: pH
# name 8 = orp: Oxidation Reduction Potential [mV]
# name 9 = par/sat/log: PAR/Logarithmic, Satlantic
# name 10 = turbWETntu0: Turbidity, WET Labs ECO [NTU]
# name 11 = prdM: Pressure, Strain Gauge [db]
# name 12 = prdE: Pressure, Strain Gauge [psi]
# name 13 = tv290C: Temperature [ITS-90, deg C]
# name 14 = flag:  0.000e+00
# span 0 =     -0.643,      9.589       
# span 1 =     -0.380,      0.147       
# span 2 =     0.1361,    10.5634       
# span 3 =      1.549,    108.136       
# span 4 =      0.363,    602.011       
# span 5 =   0.331155, 434.080059       
# span 6 =    -0.4742,    23.3755       
# span 7 =     -2.220,      7.961       
# span 8 = -1240.7455,  1153.5603       
# span 9 = 1.2356e-01, 1.7032e+03       
# span 10 =    -3.5451,    97.3872      
# span 11 =     -0.631,      9.405      
# span 12 =     -0.915,     13.640      
# span 13 =    10.6182,    20.8409      
# span 14 = 0.0000e+00, 0.0000e+00      
# interval = seconds: 0.25
# start_time = May 13 2024 13:08:14 [Instrument's time stamp, header]
# bad_flag = -9.990e-29
*END*
[from data line 772]
      8.825     -0.105     2.1947     17.908    536.240 383.122522    -0.0773      7.886   209.5075 1.2380e-01     5.8111      8.661     12.563    10.7171 0.0000e+00
      8.784     -0.112     2.1554     17.293    536.890 383.593903    -0.0833      7.898   209.3778 1.2379e-01     9.2361      8.617     12.497    10.7178 0.0000e+00
      8.737     -0.102     2.1049     16.650    537.479 384.020378    -0.0682      7.910   209.4322 1.2375e-01    11.2259      8.565     12.422    10.7188 0.0000e+00
      8.698     -0.082     2.0494     16.033    538.194 384.535768    -0.0523      7.917   209.3899 1.2369e-01    12.2095      8.522     12.360    10.7198 0.0000e+00
      8.681     -0.057     1.9862     15.509    539.091 385.178570    -0.0161      7.923   209.1247 1.2364e-01    20.5130      8.503     12.332    10.7205 0.0000e+00
      8.686     -0.029     1.9178     15.110    540.041 385.854594     0.0446      7.930   208.6348 1.2361e-01    35.6871      8.517     12.354    10.7212 0.0000e+00
      8.696     -0.004     1.8445     14.856    540.967 386.513320     0.0909      7.935   208.0264 1.2361e-01    44.0791      8.535     12.378    10.7217 0.0000e+00
      8.696      0.007     1.7722     14.784    541.928 387.204959     0.1270      7.936   207.2753 1.2366e-01    45.9750      8.529     12.369    10.7222 0.0000e+00
      8.696      0.003     1.7137     14.900    542.869 387.891453     0.2397      7.935   206.4372 1.2373e-01    58.0979      8.523     12.362    10.7225 0.0000e+00
      8.703     -0.015     1.6690     15.136    543.678 388.487785     0.4136      7.935   205.7226 1.2383e-01    80.0818      8.535     12.381    10.7221 0.0000e+00
      8.707     -0.040     1.6392     15.415    544.358 388.992842     0.4908      7.937   204.9152 1.2388e-01    91.9987      8.543     12.392    10.7214 0.0000e+00
      8.698     -0.067     1.6299     15.713    545.012 389.479341     0.5066      7.940   203.8164 1.2383e-01    92.8737      8.533     12.378    10.7218 0.0000e+00
      8.676     -0.089     1.6461     15.975    545.686 389.980282     0.6376      7.945   202.7619 1.2378e-01    90.6612      8.513     12.348    10.7234 0.0000e+00
      8.640     -0.099     1.6770     16.158    546.249 390.401612     0.8518      7.950   202.0606 1.2382e-01    86.3578      8.477     12.296    10.7252 0.0000e+00
      8.595     -0.092     1.7059     16.273    546.641 390.700151     0.9649      7.954   202.3052 1.2383e-01    84.0538      8.428     12.224    10.7269 0.0000e+00
      8.555     -0.071     1.7424     16.283    546.958 390.942979     0.9734      7.956   203.1382 1.2382e-01    84.1873      8.381     12.156    10.7287 0.0000e+00
      8.536     -0.044     1.7744     16.164    547.309 391.207157     1.0301      7.956   203.1843 1.2378e-01    87.5282      8.360     12.124    10.7304 0.0000e+00
      8.543     -0.016     1.7906     15.958    547.709 391.505555     1.1590      7.955   202.6904 1.2368e-01    93.7054      8.374     12.144    10.7322 0.0000e+00
      8.563      0.005     1.8071     15.678    548.068 391.774739     1.2418      7.955   201.9858 1.2363e-01    97.1144      8.401     12.184    10.7340 0.0000e+00
      8.576      0.009     1.8100     15.320    548.378 392.008479     1.2658      7.955   200.8592 1.2366e-01    97.3872      8.415     12.206    10.7354 0.0000e+00
      8.577     -0.008     1.7928     14.924    548.722 392.265680     1.2905      7.956   199.9094 1.2369e-01    96.4916      8.412     12.201    10.7366 0.0000e+00
      8.575     -0.040     1.7702     14.530    549.121 392.560250     1.3078      7.958   199.3645 1.2374e-01    94.7575      8.408     12.194    10.7377 0.0000e+00
      8.569     -0.074     1.7401     14.147    549.526 392.858384     1.3087      7.960   199.0885 1.2380e-01    93.7734      8.410     12.199    10.7388 0.0000e+00
      8.547     -0.100     1.6983     13.785    549.934 393.158648     1.3095      7.960   198.9819 1.2378e-01    93.3724      8.392     12.172    10.7400 0.0000e+00
      8.503     -0.113     1.6520     13.457    550.369 393.478923     1.3001      7.960   198.9355 1.2373e-01    89.8407      8.339     12.096    10.7410 0.0000e+00
      8.454     -0.111     1.6094     13.201    550.752 393.760693     1.2706      7.961   199.0445 1.2370e-01    83.3185      8.284     12.015    10.7418 0.0000e+00
      8.416     -0.096     1.5655     13.019    551.054 393.982767     1.2528      7.961   199.1812 1.2368e-01    79.7227      8.250     11.966    10.7426 0.0000e+00
      8.391     -0.070     1.5260     12.868    551.387 394.226919     1.2593      7.960   199.2112 1.2368e-01    79.3622      8.225     11.930    10.7434 0.0000e+00
      8.381     -0.040     1.4873     12.732    551.786 394.517329     1.3163      7.959   199.1497 1.2369e-01    78.8918      8.212     11.910    10.7443 0.0000e+00
      8.387     -0.015     1.4578     12.613    552.149 394.782108     1.4086      7.958   198.8672 1.2369e-01    77.9978      8.222     11.926    10.7450 0.0000e+00
      8.398      0.000     1.4421     12.517    552.411 394.974621     1.4433      7.957   198.4633 1.2367e-01    77.4683      8.240     11.951    10.7455 0.0000e+00
      8.402      0.001     1.4239     12.418    552.671 395.166105     1.4282      7.955   198.0515 1.2363e-01    77.5450      8.242     11.953    10.7461 0.0000e+00
      8.400     -0.013     1.4101     12.303    553.015 395.418420     1.4597      7.955   197.5881 1.2363e-01    79.2322      8.236     11.944    10.7465 0.0000e+00
      8.400     -0.037     1.3949     12.181    553.400 395.700693     1.5317      7.955   197.1621 1.2366e-01    82.3258      8.238     11.949    10.7470 0.0000e+00
      8.397     -0.062     1.3865     12.036    553.804 395.996081     1.5667      7.954   196.7727 1.2371e-01    84.0357      8.241     11.952    10.7476 0.0000e+00
      8.377     -0.084     1.3764     11.874    554.190 396.277764     1.5577      7.953   196.4078 1.2376e-01    84.2276      8.222     11.925    10.7479 0.0000e+00
      8.341     -0.104     1.3616     11.714    554.525 396.523454     1.5152      7.952   196.1914 1.2373e-01    84.5436      8.180     11.863    10.7484 0.0000e+00
      8.302     -0.120     1.3505     11.554    554.864 396.771092     1.4525      7.951   196.3930 1.2368e-01    85.1573      8.137     11.801    10.7492 0.0000e+00
      8.271     -0.129     1.3335     11.396    555.194 397.011721     1.4154      7.950   196.7806 1.2372e-01    85.5326      8.109     11.763    10.7498 0.0000e+00
      8.242     -0.124     1.3144     11.277    555.414 397.172631     1.4155      7.950   196.8345 1.2382e-01    85.6994      8.084     11.727    10.7503 0.0000e+00
      8.207     -0.108     1.2966     11.202    555.493 397.231316     1.4206      7.949   196.7855 1.2386e-01    86.9691      8.049     11.673    10.7509 0.0000e+00
      8.170     -0.083     1.2805     11.160    555.363 397.140061     1.4021      7.947   196.8769 1.2384e-01    89.2710      8.010     11.617    10.7513 0.0000e+00
      8.142     -0.056     1.2592     11.150    554.587 396.585907     1.3760      7.944   196.8213 1.2383e-01    90.5080      7.979     11.573    10.7517 0.0000e+00
      8.132     -0.029     1.2468     11.157    551.897 394.664078     1.3707      7.942   196.4572 1.2384e-01    90.5163      7.968     11.557    10.7521 0.0000e+00
      8.139     -0.005     1.2397     11.176    544.896 389.659037     1.4124      7.940   196.2605 1.2381e-01    89.7133      7.979     11.574    10.7523 0.0000e+00
      8.153      0.014     1.2339     11.192    532.427 380.744557     1.4804      7.938   196.5078 1.2373e-01    88.2461      7.997     11.598    10.7523 0.0000e+00
      8.165      0.024     1.2344     11.172    515.601 368.714618     1.5025      7.937   196.8663 1.2369e-01    87.3624      8.009     11.617    10.7524 0.0000e+00
      8.171      0.025     1.2348     11.108    496.280 354.900035     1.4886      7.936   197.4976 1.2379e-01    86.7134      8.015     11.625    10.7526 0.0000e+00
      8.172      0.017     1.2373     11.034    475.635 340.138166     1.5537      7.934   198.6342 1.2387e-01    81.0144      8.012     11.621    10.7528 0.0000e+00
      8.175     -0.000     1.2406     10.975    453.306 324.169691     1.6985      7.932   199.6825 1.2385e-01    70.6866      8.015     11.626    10.7529 0.0000e+00
      8.181     -0.023     1.2396     10.917    431.093 308.280785     1.7827      7.931   199.7609 1.2383e-01    65.1045      8.025     11.640    10.7533 0.0000e+00
      8.183     -0.048     1.2302     10.853    412.023 294.637735     1.7897      7.929   199.3242 1.2381e-01    64.6587      8.031     11.648    10.7535 0.0000e+00
      8.171     -0.072     1.2210     10.814    396.338 283.415026     1.7745      7.928   199.8234 1.2382e-01    64.8175      8.020     11.633    10.7537 0.0000e+00
      8.140     -0.095     1.2154     10.809    383.407 274.161806     1.7489      7.928   200.6335 1.2381e-01    65.0777      7.985     11.583    10.7538 0.0000e+00
      8.100     -0.113     1.2105     10.816    372.601 266.429866     1.7289      7.927   200.2573 1.2374e-01    65.2085      7.941     11.518    10.7532 0.0000e+00
      8.063     -0.123     1.2007     10.831    362.745 259.379650     1.7168      7.926   199.0605 1.2374e-01    65.4765      7.905     11.465    10.7524 0.0000e+00
      8.032     -0.120     1.1960     10.831    353.757 252.952746     1.7104      7.925   198.2079 1.2376e-01    68.6940      7.877     11.425    10.7516 0.0000e+00
      8.003     -0.104     1.1979     10.800    346.994 248.119219     1.7185      7.923   198.2947 1.2375e-01    74.7003      7.850     11.386    10.7507 0.0000e+00
      7.973     -0.081     1.1973     10.778    342.709 245.057677     1.7393      7.922   199.1644 1.2376e-01    78.0115      7.819     11.341    10.7498 0.0000e+00
      7.946     -0.057     1.2003     10.775    339.817 242.992012     1.7462      7.919   200.2913 1.2377e-01    78.4644      7.787     11.294    10.7496 0.0000e+00
      7.934     -0.035     1.2028     10.748    337.784 241.541498     1.7012      7.917   200.9926 1.2374e-01    79.6970      7.773     11.275    10.7496 0.0000e+00
      7.939     -0.017     1.1958     10.707    336.457 240.595940     1.6200      7.917   201.1055 1.2371e-01    81.8135      7.785     11.292    10.7500 0.0000e+00
      7.947     -0.009     1.1922     10.659    335.288 239.763587     1.5719      7.916   200.9675 1.2372e-01    82.9792      7.796     11.308    10.7504 0.0000e+00
      7.952     -0.015     1.1965     10.592    333.734 238.655894     1.5522      7.914   200.5293 1.2378e-01    83.0650      7.798     11.310    10.7507 0.0000e+00
      7.953     -0.036     1.1910     10.529    331.872 237.328922     1.4903      7.913   199.9368 1.2384e-01    83.1579      7.801     11.314    10.7512 0.0000e+00
      7.947     -0.065     1.1860     10.474    330.221 236.151842     1.3977      7.913   199.6540 1.2382e-01    83.4190      7.799     11.313    10.7518 0.0000e+00
      7.926     -0.092     1.1827     10.395    328.959 235.253791     1.3657      7.912   199.7774 1.2377e-01    83.5921      7.781     11.285    10.7523 0.0000e+00
      7.888     -0.117     1.1733     10.308    327.872 234.480496     1.3856      7.911   200.0514 1.2377e-01    83.5779      7.737     11.221    10.7529 0.0000e+00
      7.845     -0.138     1.1651     10.237    326.807 233.722185     1.4381      7.910   200.2997 1.2378e-01    82.5969      7.689     11.152    10.7534 0.0000e+00
      7.806     -0.153     1.1627     10.161    325.800 233.005035     1.5432      7.910   200.5437 1.2375e-01    80.7498      7.655     11.102    10.7540 0.0000e+00
      7.771     -0.156     1.1521     10.090    325.141 232.536965     1.6153      7.909   200.7640 1.2369e-01    79.7248      7.624     11.057    10.7547 0.0000e+00
      7.730     -0.147     1.1402     10.031    324.974 232.419527     1.6278      7.907   201.1568 1.2375e-01    79.2905      7.582     10.997    10.7553 0.0000e+00
      7.685     -0.127     1.1355      9.967    325.059 232.482076     1.6775      7.904   201.7655 1.2445e-01    75.3274      7.535     10.929    10.7559 0.0000e+00
      7.643     -0.102     1.1251      9.900    325.294 232.652562     1.7838      7.900   202.1007 1.2500e-01    68.0501      7.491     10.864    10.7564 0.0000e+00
      7.613     -0.073     1.1169      9.847    325.788 233.007282     1.8393      7.897   202.1126 1.2436e-01    64.0954      7.457     10.815    10.7568 0.0000e+00
      7.605     -0.045     1.1119      9.800    326.390 233.439341     1.8324      7.893   202.2527 1.2384e-01    63.6869      7.451     10.807    10.7571 0.0000e+00
      7.611     -0.025     1.1047      9.752    326.770 233.711975     1.8506      7.891   202.3322 1.2389e-01    63.2809      7.465     10.827    10.7575 0.0000e+00
      7.618     -0.020     1.0954      9.706    326.809 233.740832     1.8845      7.890   201.8696 1.2382e-01    62.6364      7.473     10.838    10.7577 0.0000e+00
      7.621     -0.030     1.0912      9.654    326.694 233.660117     1.9010      7.889   201.2199 1.2378e-01    62.2494      7.475     10.842    10.7580 0.0000e+00
      7.617     -0.046     1.0860      9.596    326.654 233.633074     1.9089      7.888   200.9296 1.2421e-01    61.9822      7.476     10.841    10.7582 0.0000e+00
      7.599     -0.057     1.0797      9.501    326.703 233.670151     1.8964      7.887   200.8540 1.2678e-01    59.2695      7.458     10.818    10.7583 0.0000e+00
      7.566     -0.058     1.0763      9.361    326.955 233.852123     1.8665      7.885   201.1662 1.3528e-01    54.3182      7.419     10.761    10.7586 0.0000e+00
      7.533     -0.053     1.0689      9.211    327.574 234.295538     1.8553      7.883   202.2948 1.4738e-01    51.6822      7.379     10.702    10.7588 0.0000e+00
      7.519     -0.043     1.0648      9.071    328.461 234.930736     1.8599      7.881   203.6601 1.5298e-01    51.4117      7.366     10.683    10.7589 0.0000e+00
      7.524     -0.038     1.0555      8.946    329.536 235.701436     1.9234      7.880   204.1661 1.4773e-01    50.8079      7.378     10.702    10.7593 0.0000e+00
      7.532     -0.041     1.0365      8.828    330.742 236.565515     2.0652      7.880   203.3357 1.3640e-01    49.7794      7.391     10.719    10.7595 0.0000e+00
      7.532     -0.056     1.0205      8.695    331.773 237.304219     2.1591      7.881   202.4822 1.2813e-01    49.2589      7.390     10.718    10.7597 0.0000e+00
      7.518     -0.080     1.0043      8.549    332.341 237.712221     2.1686      7.882   202.1922 1.3413e-01    49.5357      7.380     10.704    10.7599 0.0000e+00
      7.486     -0.105     0.9902      8.388    332.526 237.845894     2.1049      7.882   201.4641 1.5064e-01    53.0581      7.348     10.656    10.7600 0.0000e+00
      7.441     -0.125     0.9791      8.193    332.593 237.895104     1.9967      7.882   201.2498 1.7070e-01    59.4988      7.295     10.582    10.7602 0.0000e+00
      7.398     -0.139     0.9638      7.975    332.808 238.050891     1.9583      7.881   202.3546 1.8967e-01    63.0183      7.251     10.517    10.7605 0.0000e+00
      7.364     -0.144     0.9470      7.744    333.538 238.575967     1.9740      7.880   203.8948 1.9333e-01    63.2633      7.221     10.473    10.7607 0.0000e+00
      7.334     -0.139     0.9315      7.497    334.918 239.565396     2.0025      7.879   204.9011 1.9298e-01    61.8467      7.195     10.435    10.7609 0.0000e+00
      7.299     -0.123     0.9083      7.258    336.620 240.785142     2.0544      7.876   205.3164 2.0919e-01    59.1781      7.161     10.386    10.7613 0.0000e+00
      7.258     -0.103     0.8833      7.028    338.825 242.364084     2.0849      7.874   205.6462 2.2969e-01    57.7445      7.118     10.325    10.7615 0.0000e+00
