Data/DataNotYetUploadedToEDI/Raw_CTD/RawDownloads/051324_bvr50_S7809008.cnv
* Sea-Bird SBE19plus  Data File:
* FileName = C:\R\Reservoirs\Data\DataNotYetUploadedToEDI\Raw_CTD\RawDownloads\041524_bvr50_S7809_0008.hex
* Software version 2.8.0.119
* Temperature SN = 7809
* Conductivity SN = 7809
* System UpLoad Time = May 16 2024 15:27:11
* <ApplicationData>
* <Seaterm232>
# nquan = 15
# nvalues = 1705                        
# units = specified
# name 0 = depFM: Depth [fresh water, m]
# name 1 = dz/dtM: Descent Rate [m/s]
# name 2 = sbeox0Mg/L: Oxygen, SBE 43 [mg/l]
# name 3 = sbeox0PS: Oxygen, SBE 43 [% saturation]
# name 4 = specc: Specific Conductance [uS/cm]
# name 5 = c0uS/cm: Conductivity [uS/cm]
# name 6 = flECO-AFL: Fluorescence, WET Labs ECO-AFL/FL [mg/m^3]
# name 7 = ph: pH
# name 8 = orp: Oxidation Reduction Potential [mV]
# name 9 = par/sat/log: PAR/Logarithmic, Satlantic
# name 10 = turbWETntu0: Turbidity, WET Labs ECO [NTU]
# name 11 = prdM: Pressure, Strain Gauge [db]
# name 12 = prdE: Pressure, Strain Gauge [psi]
# name 13 = tv290C: Temperature [ITS-90, deg C]
# name 14 = flag:  0.000e+00
# span 0 =     -0.728,     10.172       
# span 1 =     -0.285,      0.136       
# span 2 =     0.0997,    10.1344       
# span 3 =      0.909,    109.253       
# span 4 =      0.115,    152.850       
# span 5 =   0.102838, 108.981754       
# span 6 =    -0.1064,    10.9048       
# span 7 =     -0.663,      7.989       
# span 8 = -1240.7455,  1237.4253       
# span 9 = 1.2362e-01, 1.6991e+03       
# span 10 =    -0.3738,    74.0121      
# span 11 =     -0.714,      9.976      
# span 12 =     -1.035,     14.469      
# span 13 =    10.0325,    19.7378      
# span 14 = 0.0000e+00, 0.0000e+00      
# interval = seconds: 0.25
# start_time = May 13 2024 10:42:30 [Instrument's time stamp, header]
# bad_flag = -9.990e-29
*END*
[from data line 964]
      9.106      0.059     0.1232      1.110     63.428  44.820005     0.3927      7.298    -5.9788 1.4668e-01     4.4373      8.932     12.955    10.3358 0.0000e+00
      9.117      0.064     0.1250      1.116     63.700  45.004004     0.4033      7.298    -6.4288 1.3869e-01     4.4368      8.939     12.966    10.3361 0.0000e+00
      9.131      0.072     0.1240      1.128     63.983  45.194574     0.3979      7.297    -6.7927 1.3687e-01     4.3934      8.950     12.981    10.3346 0.0000e+00
      9.151      0.079     0.1247      1.127     64.392  45.473637     0.3856      7.296    -7.1951 1.3867e-01     4.3908      8.972     13.012    10.3340 0.0000e+00
      9.176      0.085     0.1241      1.116     64.745  45.711872     0.3871      7.297    -7.7668 1.3355e-01     4.4389      8.999     13.052    10.3305 0.0000e+00
      9.203      0.087     0.1241      1.104     64.961  45.853150     0.4169      7.297    -8.2854 1.3149e-01     4.4965      9.025     13.089    10.3226 0.0000e+00
      9.228      0.087     0.1275      1.089     65.148  45.975618     0.4458      7.297    -8.6466 1.3632e-01     4.5067      9.049     13.125    10.3150 0.0000e+00
      9.250      0.083     0.1269      1.074     65.263  46.049902     0.4448      7.296    -8.9502 1.3717e-01     4.4606      9.073     13.159    10.3080 0.0000e+00
      9.269      0.079     0.1245      1.072     65.453  46.179951     0.4378      7.297    -9.3759 1.3345e-01     4.4168      9.092     13.186    10.2998 0.0000e+00
      9.285      0.077     0.1242      1.081     65.868  46.468772     0.4279      7.297    -9.9219 1.2893e-01     4.4207      9.106     13.206    10.2904 0.0000e+00
      9.302      0.076     0.1221      1.091     66.184  46.685177     0.4172      7.296   -10.3898 1.2653e-01     4.4741      9.121     13.228    10.2826 0.0000e+00
      9.322      0.075     0.1195      1.094     66.125  46.637963     0.4084      7.296   -10.7305 1.2543e-01     4.4819      9.140     13.257    10.2769 0.0000e+00
      9.345      0.074     0.1200      1.084     65.889  46.469278     0.4047      7.296   -11.0298 1.2652e-01     4.4126      9.164     13.291    10.2751 0.0000e+00
      9.366      0.074     0.1209      1.083     65.823  46.423220     0.4230      7.296   -11.4278 1.2866e-01     4.3879      9.187     13.324    10.2733 0.0000e+00
      9.385      0.073     0.1228      1.095     66.148  46.652451     0.4460      7.296   -11.8429 1.2683e-01     4.4569      9.204     13.348    10.2661 0.0000e+00
      9.400      0.071     0.1236      1.096     67.303  47.463283     0.4578      7.296   -12.1771 1.2462e-01     4.5292      9.217     13.370    10.2613 0.0000e+00
      9.416      0.071     0.1213      1.091     69.942  49.306645     0.4575      7.295   -12.5429 1.2730e-01     4.5101      9.232     13.390    10.2597 0.0000e+00
      9.433      0.072     0.1203      1.100     73.168  51.543099     0.4513      7.294   -12.7374 1.3010e-01     4.4652      9.250     13.416    10.2607 0.0000e+00
      9.453      0.073     0.1239      1.111     75.096  52.851360     0.4492      7.292   -12.8087 1.2719e-01     4.4303      9.270     13.445    10.2625 0.0000e+00
      9.473      0.076     0.1233      1.116     75.544  53.122960     0.4484      7.289   -13.2324 1.2406e-01     4.3958      9.289     13.473    10.2612 0.0000e+00
      9.493      0.079     0.1213      1.117     75.295  52.921791     0.4585      7.286   -13.8175 1.2379e-01     4.4570      9.310     13.503    10.2524 0.0000e+00
      9.513      0.082     0.1236      1.110     74.912  52.641724     0.4804      7.284   -14.0330 1.2379e-01     4.5561      9.330     13.532    10.2248 0.0000e+00
      9.531      0.083     0.1251      1.096     74.757  52.530930     0.4963      7.283   -14.0310 1.2409e-01     4.5346      9.344     13.553    10.1843 0.0000e+00
      9.552      0.081     0.1257      1.100     74.858  52.598271     0.5013      7.282   -14.2228 1.2738e-01     4.4364      9.366     13.583    10.1529 0.0000e+00
      9.578      0.076     0.1256      1.114     75.188  52.820886     0.5063      7.281   -14.6313 1.3038e-01     4.4619      9.396     13.626    10.1366 0.0000e+00
      9.602      0.070     0.1260      1.103     75.641  53.126858     0.5159      7.281   -15.0985 1.2737e-01     4.5699      9.419     13.662    10.1310 0.0000e+00
      9.618      0.065     0.1219      1.094     76.013  53.376457     0.5095      7.281   -15.5690 1.2410e-01     4.5806      9.434     13.683    10.1327 0.0000e+00
      9.628      0.062     0.1224      1.104     76.455  53.679532     0.4785      7.278   -16.0187 1.2380e-01     4.5231      9.443     13.694    10.1310 0.0000e+00
      9.638      0.062     0.1283      1.102     77.183  54.187453     0.4499      7.276   -16.4060 1.2376e-01     4.4554      9.451     13.708    10.1239 0.0000e+00
      9.651      0.067     0.1235      1.080     77.817  54.627461     0.4454      7.272   -16.7244 1.2373e-01     4.4113      9.464     13.725    10.1157 0.0000e+00
      9.669      0.075     0.1216      1.068     78.174  54.871468     0.4748      7.268   -17.0284 1.2370e-01     4.4336      9.481     13.750    10.1061 0.0000e+00
      9.692      0.084     0.1254      1.083     78.607  55.168853     0.5214      7.266   -17.4149 1.2370e-01     4.4859      9.504     13.785    10.1016 0.0000e+00
      9.718      0.090     0.1250      1.090     79.627  55.873141     0.5352      7.263   -17.9554 1.2373e-01     4.4637      9.530     13.822    10.1018 0.0000e+00
      9.744      0.093     0.1215      1.095     81.308  57.035397     0.5256      7.260   -18.6595 1.2373e-01     4.4040      9.556     13.860    10.0980 0.0000e+00
      9.769      0.094     0.1176      1.108     82.592  57.915460     0.5380      7.259   -19.3039 1.2374e-01     4.4466      9.581     13.896    10.0927 0.0000e+00
      9.791      0.091     0.1236      1.111     82.924  58.129380     0.5690      7.259   -19.7240 1.2379e-01     4.5691      9.602     13.927    10.0899 0.0000e+00
      9.814      0.084     0.1230      1.107     82.897  58.097379     0.5923      7.260   -19.9529 1.2381e-01     4.6901      9.623     13.957    10.0840 0.0000e+00
      9.837      0.075     0.1219      1.100     82.820  58.036708     0.5944      7.261   -20.2641 1.2380e-01     4.7824      9.647     13.992    10.0723 0.0000e+00
      9.859      0.067     0.1267      1.097     82.725  57.967506     0.5867      7.262   -20.9054 1.2380e-01     4.8992      9.672     14.027    10.0582 0.0000e+00
      9.874      0.059     0.1244      1.087     82.715  57.959401     0.5735      7.263   -21.6842 1.2384e-01     5.0436      9.686     14.047    10.0459 0.0000e+00
      9.884      0.051     0.1259      1.072     82.775  58.002229     0.5599      7.263   -22.4540 1.2382e-01     5.1274      9.692     14.057    10.0383 0.0000e+00
      9.893      0.045     0.1229      1.074     82.827  58.040685     0.5554      7.263   -23.0712 1.2379e-01     5.1266      9.701     14.071    10.0345 0.0000e+00
      9.904      0.040     0.1242      1.083     82.830  58.043245     0.5610      7.264   -23.3830 1.2384e-01     5.1023      9.712     14.086    10.0331 0.0000e+00
      9.915      0.037     0.1234      1.090     82.815  58.033171     0.6105      7.266   -23.6425 1.2384e-01     5.2438      9.722     14.101    10.0331 0.0000e+00
      9.925      0.035     0.1190      1.079     82.834  58.045933     0.6877      7.266   -24.0578 1.2384e-01     5.5048      9.733     14.117    10.0338 0.0000e+00
      9.934      0.032     0.1219      1.054     82.870  58.070500     0.7206      7.266   -24.5323 1.2385e-01     5.6281      9.742     14.130    10.0352 0.0000e+00
      9.942      0.028     0.1212      1.041     82.880  58.076122     0.7332      7.268   -24.9917 1.2383e-01     5.6068      9.750     14.141    10.0356 0.0000e+00
      9.948      0.023     0.1242      1.049     82.754  57.986857     0.8903      7.270   -25.4824 1.2383e-01     5.1451      9.757     14.151    10.0351 0.0000e+00
      9.953      0.019     0.1225      1.054     82.509  57.816983     1.1721      7.270   -26.0765 1.2384e-01     4.2820      9.761     14.157    10.0353 0.0000e+00
      9.957      0.015     0.1184      1.042     82.296  57.673748     1.3192      7.270   -26.6689 1.2381e-01     3.8121      9.764     14.162    10.0348 0.0000e+00
      9.960      0.013     0.1157      1.022     82.163  57.588974     1.3459      7.270   -27.2247 1.2375e-01     3.8026      9.767     14.166    10.0340 0.0000e+00
      9.963      0.011     0.1190      1.027     82.101  57.554254     1.6269      7.271   -27.8057 1.2375e-01     4.4406      9.770     14.170    10.0332 0.0000e+00
      9.965      0.010     0.1196      1.056     82.022  57.508030     2.1708      7.273   -28.3598 1.2376e-01     5.6850      9.772     14.175    10.0325 0.0000e+00
      9.967      0.010     0.1178      1.059     81.872  57.411223     2.4871      7.274   -28.8484 1.2372e-01     6.3798      9.774     14.177    10.0374 0.0000e+00
      9.969      0.010     0.1146      1.050     81.760  57.336585     2.5794      7.275   -29.3254 1.2372e-01     6.6932      9.776     14.179    10.0440 0.0000e+00
      9.972      0.010     0.1129      1.053     81.715  57.304308     3.2544      7.275   -29.9116 1.2379e-01     9.8833      9.779     14.184    10.0481 0.0000e+00
      9.975      0.011     0.1223      1.058     81.680  57.275033     4.4885      7.275   -30.6015 1.2382e-01    15.7449      9.782     14.187    10.0541 0.0000e+00
      9.978      0.012     0.1190      1.069     81.721  57.300229     5.1738      7.275   -31.2992 1.2377e-01    19.0503      9.785     14.192    10.0598 0.0000e+00
      9.981      0.013     0.1173      1.089     81.805  57.354866     5.2823      7.277   -31.9810 1.2375e-01    20.6083      9.787     14.195    10.0625 0.0000e+00
      9.984      0.013     0.1192      1.107     81.733  57.300446     5.6087      7.280   -32.5639 1.2379e-01    34.4118      9.791     14.200    10.0616 0.0000e+00
      9.988      0.013     0.1185      1.106     81.522  57.150388     6.1733      7.282   -33.0123 1.2380e-01    59.6260      9.795     14.206    10.0577 0.0000e+00
      9.991      0.012     0.1200      1.096     81.216  56.937954     6.4571      7.282   -33.4454 1.2377e-01    73.2379      9.798     14.211    10.0554 0.0000e+00
      9.995      0.012     0.1226      1.091     80.779  56.637493     6.3352      7.282   -33.8434 1.2373e-01    73.3879      9.801     14.216    10.0536 0.0000e+00
      9.997      0.011     0.1259      1.082     80.394  56.375858     4.8086      7.283   -34.2101 1.2369e-01    61.8152      9.804     14.219    10.0506 0.0000e+00
     10.000      0.010     0.1251      1.062     80.206  56.251737     2.0229      7.285   -34.6101 1.2369e-01    40.4030      9.806     14.223    10.0487 0.0000e+00
     10.002      0.010     0.1231      1.049     80.146  56.216542     0.5108      7.286   -34.9798 1.2378e-01    28.7087      9.808     14.226    10.0497 0.0000e+00
     10.004      0.011     0.1229      1.051     80.118  56.204396     0.3759      7.286   -35.3246 1.2390e-01    27.5789      9.810     14.228    10.0540 0.0000e+00
     10.006      0.012     0.1229      1.057     80.055  56.168400     0.3501      7.287   -35.6812 1.2393e-01    26.9478      9.813     14.232    10.0598 0.0000e+00
     10.009      0.013     0.1193      1.068     79.760  55.971881     0.2409      7.288   -36.0225 1.2387e-01    21.3172      9.816     14.236    10.0651 0.0000e+00
     10.013      0.015     0.1169      1.078     79.493  55.797277     0.0621      7.289   -36.4393 1.2380e-01    11.0120      9.819     14.242    10.0689 0.0000e+00
     10.017      0.016     0.1191      1.078     79.987  56.153287    -0.0390      7.291   -37.0209 1.2377e-01     5.3726      9.823     14.248    10.0738 0.0000e+00
     10.022      0.016     0.1181      1.081     82.962  58.243888    -0.0579      7.292   -37.7199 1.2379e-01     4.7132      9.828     14.254    10.0786 0.0000e+00
     10.027      0.016     0.1206      1.100     99.742  70.021994    -0.0669      7.292   -38.4386 1.2382e-01     3.3466      9.833     14.261    10.0842 0.0000e+00
     10.031      0.015     0.1222      1.141    129.538  90.920392    -0.0889      7.292   -39.0857 1.2383e-01     1.0444      9.838     14.268    10.0946 0.0000e+00
     10.035      0.014     0.1208      1.159    135.961  95.391667    -0.1064      7.294   -39.6062 1.2383e-01    -0.1672      9.841     14.274    10.1013 0.0000e+00
     10.037      0.012     0.1216      1.104    113.895  79.870082    -0.0963      7.296   -40.0003 1.2382e-01    -0.2699      9.843     14.276    10.1003 0.0000e+00
     10.040      0.011     0.1220      1.034    118.231  82.885905    -0.0756      7.297   -40.4089 1.2385e-01    -0.2310      9.846     14.280    10.1015 0.0000e+00
     10.042      0.011     0.1289      1.028    147.510 103.415191    -0.0641      7.299   -40.8474 1.2381e-01    -0.1759      9.848     14.284    10.0980 0.0000e+00
     10.045      0.012     0.1352      1.050    147.676 103.539803    -0.0642      7.299   -41.2587 1.2375e-01    -0.1842      9.850     14.287    10.0769 0.0000e+00
     10.048      0.012     0.1256      1.037    125.048  87.680774    -0.0691      7.299   -41.5958 1.2378e-01    -0.2283      9.853     14.290    10.0525 0.0000e+00
     10.051      0.012     0.1119      0.989    107.123  75.117888    -0.0732      7.299   -41.7403 1.2380e-01    -0.2654      9.855     14.295    10.0446 0.0000e+00
     10.055      0.011     0.1147      0.941    103.263  72.419660    -0.0730      7.300   -41.8007 1.2377e-01    -0.2576      9.861     14.303    10.0510 0.0000e+00
     10.058      0.011     0.1206      0.925    116.384  81.632081    -0.0669      7.301   -41.8960 1.2374e-01    -0.2356      9.865     14.307    10.0551 0.0000e+00
     10.060      0.011     0.1184      0.950    125.899  88.316440    -0.0649      7.303   -42.0323 1.2375e-01    -0.2387      9.866     14.309    10.0561 0.0000e+00
     10.063      0.010     0.1111      0.980    120.703  84.681707    -0.0660      7.303   -42.3303 1.2377e-01    -0.2605      9.868     14.313    10.0593 0.0000e+00
     10.065      0.010     0.1052      0.989    117.993  82.789990    -0.0637      7.303   -42.8311 1.2377e-01    -0.2945      9.870     14.315    10.0630 0.0000e+00
     10.067      0.011     0.1014      0.985    123.928  86.954291    -0.0615      7.303   -43.3556 1.2379e-01    -0.3094      9.873     14.319    10.0672 0.0000e+00
     10.070      0.013     0.1073      0.985    130.457  91.523660    -0.0733      7.304   -43.6818 1.2374e-01    -0.3370      9.875     14.323    10.0716 0.0000e+00
     10.073      0.013     0.1119      1.010    133.758  93.823366    -0.0903      7.305   -43.8497 1.2371e-01    -0.3550      9.878     14.327    10.0764 0.0000e+00
     10.078      0.013     0.1113      1.027    134.510  94.336191    -0.0838      7.306   -44.0956 1.2374e-01    -0.2882      9.882     14.334    10.0813 0.0000e+00
     10.083      0.013     0.1120      1.006    134.639  94.415164    -0.0684      7.307   -44.5899 1.2374e-01    -0.2125      9.888     14.341    10.0822 0.0000e+00
     10.086      0.012     0.1083      0.966    134.622  94.396387    -0.0624      7.309   -45.3520 1.2374e-01    -0.1916      9.892     14.346    10.0767 0.0000e+00
     10.088      0.012     0.1147      0.939    134.580  94.363703    -0.0613      7.310   -46.0826 1.2379e-01    -0.2062      9.893     14.348    10.0694 0.0000e+00
     10.090      0.012     0.1181      0.931    134.544  94.338168    -0.0640      7.310   -46.5398 1.2382e-01    -0.2518      9.895     14.351    10.0634 0.0000e+00
     10.093      0.012     0.1137      0.938    134.549  94.342184    -0.0697      7.310   -46.8367 1.2381e-01    -0.2995      9.897     14.355    10.0593 0.0000e+00
     10.096      0.013     0.1083      0.975    134.554  94.348624    -0.0800      7.310   -47.0902 1.2380e-01    -0.3381      9.899     14.359    10.0570 0.0000e+00
