Data/DataNotYetUploadedToEDI/Raw_CTD/RawDownloads/051421_bvr50_0001.cnv
* Sea-Bird SBE19plus  Data File:
* FileName = C:\R\Reservoirs\Data\DataNotYetUploadedToEDI\Raw_CTD\RawDownloads\051421_bvr50_0001.hex
* Software version 2.8.0.119
* Temperature SN = 7809
* Conductivity SN = 7809
* System UpLoad Time = May 17 2021 13:09:23
* <ApplicationData>
* <Seaterm232>
# nquan = 16
# nvalues = 2354                        
# units = specified
# name 0 = depFM: Depth [fresh water, m]
# name 1 = dz/dtM: Descent Rate [m/s]
# name 2 = orp: Oxidation Reduction Potential [mV]
# name 3 = sbeox0Mg/L: Oxygen, SBE 43 [mg/l]
# name 4 = sbeox0PS: Oxygen, SBE 43 [% saturation]
# name 5 = par/sat/log: PAR/Logarithmic, Satlantic
# name 6 = ph: pH
# name 7 = specc: Specific Conductance [uS/cm]
# name 8 = c0uS/cm: Conductivity [uS/cm]
# name 9 = flECO-AFL: Fluorescence, WET Labs ECO-AFL/FL [mg/m^3]
# name 10 = turbWETntu0: Turbidity, WET Labs ECO [NTU]
# name 11 = tv290C: Temperature [ITS-90, deg C]
# name 12 = density00: Density [density, kg/m^3]
# name 13 = prdE: Pressure, Strain Gauge [psi]
# name 14 = prdM: Pressure, Strain Gauge [db]
# name 15 = flag:  0.000e+00
# span 0 =     -0.648,     10.546       
# span 1 =     -0.361,      0.256       
# span 2 = -1240.7455,   440.5325       
# span 3 =     0.1306,     9.4551       
# span 4 =      1.158,     97.204       
# span 5 = 2.0482e-01, 1.7995e+03       
# span 6 =     15.547,     15.856       
# span 7 =      4.611,     88.001       
# span 8 =   3.834652,  58.771331       
# span 9 =    -2.6530,     7.0318       
# span 10 =    -0.2741,   483.9461      
# span 11 =     8.3756,    18.2779      
# span 12 =   998.5574,   999.9094      
# span 13 =     -0.922,     15.001      
# span 14 =     -0.637,     10.343      
# span 15 = 0.0000e+00, 0.0000e+00      
# interval = seconds: 0.25
# start_time = May 13 2021 21:19:30 [Instrument's time stamp, header]
# bad_flag = -9.990e-29
*END*
[from data line 1266]
      7.117      0.027   411.3839     2.4646     20.917 9.2265e+00     15.831     27.406  18.843395     2.8540     3.0187     9.3764   999.7994     10.123      6.980 0.0000e+00
      7.122      0.027   411.4523     2.4569     20.768 9.1904e+00     15.831     27.418  18.844071     2.9487     3.0328     9.3809   999.7990     10.128      6.983 0.0000e+00
      7.128      0.027   411.4634     2.4298     20.725 9.1378e+00     15.832     27.429  18.845272     3.0034     3.0476     9.3868   999.7986     10.137      6.989 0.0000e+00
      7.137      0.027   411.5193     2.4160     20.732 9.0785e+00     15.834     27.454  18.857917     3.0101     3.0602     9.3887   999.7985     10.151      6.999 0.0000e+00
      7.146      0.027   411.6973     2.3978     20.757 9.0346e+00     15.834     27.476  18.870132     3.0199     3.0812     9.3781   999.7994     10.164      7.009 0.0000e+00
      7.154      0.027   411.8954     2.3709     20.768 9.0103e+00     15.834     27.472  18.866149     3.0262     3.0614     9.3607   999.8008     10.175      7.015 0.0000e+00
      7.159      0.027   411.9349     2.3761     20.677 8.9835e+00     15.833     27.485  18.873162     3.0192     3.0609     9.3479   999.8019     10.183      7.021 0.0000e+00
      7.164      0.026   411.9177     2.3768     20.543 8.9436e+00     15.832     27.515  18.891514     3.0022     3.0757     9.3406   999.8025     10.189      7.025 0.0000e+00
      7.169      0.024   412.0313     2.3769     20.413 8.8867e+00     15.833     27.527  18.897824     2.9827     3.1377     9.3367   999.8028     10.196      7.030 0.0000e+00
      7.177      0.023   412.1035     2.3905     20.284 8.8136e+00     15.834     27.512  18.886049     2.9643     3.2612     9.3343   999.8030     10.209      7.039 0.0000e+00
      7.185      0.022   412.0162     2.3706     20.172 8.7610e+00     15.834     27.499  18.875948     2.9514     3.2986     9.3313   999.8034     10.222      7.048 0.0000e+00
      7.190      0.022   411.9225     2.3550     20.040 8.7419e+00     15.834     27.539  18.902512     2.9324     3.2806     9.3269   999.8037     10.228      7.052 0.0000e+00
      7.194      0.021   411.9180     2.3431     19.926 8.7276e+00     15.834     27.615  18.953611     2.8870     3.2500     9.3231   999.8040     10.231      7.054 0.0000e+00
      7.198      0.019   411.9612     2.3229     19.836 8.6999e+00     15.834     27.665  18.986520     2.8412     3.1692     9.3208   999.8042     10.236      7.057 0.0000e+00
      7.204      0.017   412.0146     2.3174     19.682 8.6490e+00     15.834     27.662  18.983376     2.8274     3.0934     9.3192   999.8043     10.246      7.064 0.0000e+00
      7.209      0.017   412.0468     2.2979     19.486 8.5872e+00     15.834     27.657  18.979003     2.8244     3.0201     9.3176   999.8045     10.257      7.072 0.0000e+00
      7.214      0.017   412.0932     2.2816     19.271 8.5472e+00     15.834     27.686  18.997049     2.8342     3.0033     9.3153   999.8048     10.260      7.074 0.0000e+00
      7.216      0.017   412.1445     2.2823     19.037 8.5225e+00     15.835     27.709  19.011353     2.8694     3.0618     9.3129   999.8050     10.262      7.077 0.0000e+00
      7.219      0.017   412.1513     2.2582     18.822 8.4934e+00     15.835     27.732  19.025125     2.8879     3.0752     9.3109   999.8051     10.268      7.080 0.0000e+00
      7.223      0.018   412.1745     2.2363     18.626 8.4572e+00     15.835     27.752  19.036759     2.8858     3.0279     9.3090   999.8053     10.274      7.083 0.0000e+00
      7.228      0.021   412.2540     2.2132     18.426 8.4122e+00     15.835     27.737  19.025198     2.8909     3.0046     9.3063   999.8056     10.280      7.088 0.0000e+00
      7.234      0.024   412.3381     2.1824     18.230 8.3611e+00     15.835     27.719  19.012155     2.8743     3.0336     9.3027   999.8059     10.289      7.094 0.0000e+00
      7.241      0.026   412.4169     2.1596     18.034 8.2991e+00     15.834     27.711  19.005867     2.8370     3.0702     9.2992   999.8062     10.299      7.100 0.0000e+00
      7.248      0.028   412.6037     2.1377     17.752 8.2358e+00     15.834     27.722  19.012575     2.8215     3.0696     9.2960   999.8065     10.308      7.107 0.0000e+00
      7.256      0.029   412.7899     2.1164     17.468 8.1791e+00     15.834     27.749  19.029858     2.8206     3.0264     9.2939   999.8067     10.320      7.116 0.0000e+00
      7.264      0.029   412.7756     2.0884     17.312 8.1183e+00     15.834     27.742  19.024617     2.8836     3.0619     9.2934   999.8068     10.332      7.124 0.0000e+00
      7.271      0.028   412.7750     2.0777     17.211 8.0546e+00     15.834     27.725  19.012602     3.0105     3.1906     9.2924   999.8069     10.342      7.131 0.0000e+00
      7.278      0.028   412.8681     2.0393     17.135 7.9871e+00     15.835     27.727  19.011412     3.0773     3.2429     9.2894   999.8071     10.353      7.138 0.0000e+00
      7.285      0.027   412.8695     1.9942     17.062 7.9246e+00     15.836     27.730  19.010221     3.0805     3.2480     9.2861   999.8074     10.362      7.145 0.0000e+00
      7.291      0.025   412.7917     1.9892     16.950 7.8713e+00     15.835     27.717  18.998198     3.1255     3.2875     9.2863   999.8075     10.371      7.151 0.0000e+00
      7.298      0.024   412.7017     1.9733     16.810 7.8068e+00     15.834     27.712  18.992853     3.2212     3.3080     9.2868   999.8074     10.380      7.157 0.0000e+00
      7.304      0.022   412.7281     1.9665     16.662 7.7490e+00     15.834     27.737  19.009003     3.2739     3.2562     9.2824   999.8078     10.389      7.164 0.0000e+00
      7.310      0.021   412.7665     1.9628     16.585 7.7185e+00     15.834     27.728  19.003238     3.2671     3.1752     9.2755   999.8084     10.399      7.170 0.0000e+00
      7.315      0.019   412.6498     1.9458     16.573 7.6875e+00     15.834     27.703  18.986565     3.2148     3.1529     9.2699   999.8088     10.405      7.174 0.0000e+00
      7.319      0.017   412.6075     1.9336     16.531 7.6451e+00     15.835     27.720  18.997625     3.1380     3.1579     9.2662   999.8091     10.409      7.177 0.0000e+00
      7.323      0.017   412.6859     1.9093     16.462 7.6070e+00     15.835     27.739  19.010155     3.1011     3.0982     9.2644   999.8093     10.415      7.181 0.0000e+00
      7.327      0.017   412.7370     1.9000     16.418 7.5776e+00     15.834     27.741  19.011242     3.0929     3.0153     9.2644   999.8093     10.422      7.186 0.0000e+00
      7.331      0.018   412.7089     1.9080     16.452 7.5458e+00     15.834     27.741  19.010765     3.0773     3.0137     9.2652   999.8092     10.427      7.189 0.0000e+00
      7.336      0.018   412.6901     1.8987     16.526 7.4968e+00     15.835     27.733  19.004391     3.0273     3.0443     9.2650   999.8093     10.433      7.193 0.0000e+00
      7.341      0.018   412.7689     1.8906     16.551 7.4473e+00     15.835     27.724  18.997579     2.9456     3.0763     9.2641   999.8094     10.441      7.199 0.0000e+00
      7.346      0.018   412.8005     1.8818     16.541 7.4192e+00     15.836     27.717  18.991806     2.8911     3.0924     9.2634   999.8095     10.449      7.204 0.0000e+00
      7.351      0.017   412.8135     1.8859     16.533 7.3899e+00     15.836     27.726  18.997999     2.8734     3.0332     9.2625   999.8096     10.456      7.209 0.0000e+00
      7.355      0.016   412.9264     1.9041     16.566 7.3502e+00     15.835     27.741  19.009052     2.8458     3.0462     9.2612   999.8097     10.461      7.212 0.0000e+00
      7.358      0.015   413.0474     1.9005     16.595 7.3208e+00     15.835     27.724  18.998628     2.7963     3.1822     9.2596   999.8098     10.466      7.216 0.0000e+00
      7.362      0.015   413.0722     1.9015     16.553 7.2828e+00     15.835     27.724  18.998779     2.7610     3.2344     9.2579   999.8100     10.471      7.219 0.0000e+00
      7.365      0.016   413.0547     1.8966     16.504 7.2215e+00     15.835     27.744  19.010889     2.7520     3.1966     9.2574   999.8100     10.475      7.223 0.0000e+00
      7.368      0.017   413.0935     1.9009     16.453 7.1612e+00     15.835     27.756  19.018226     2.7546     3.2058     9.2596   999.8099     10.479      7.226 0.0000e+00
      7.373      0.017   413.1107     1.9141     16.404 7.1093e+00     15.834     27.766  19.024086     2.7539     3.2774     9.2623   999.8097     10.486      7.231 0.0000e+00
      7.379      0.018   413.0909     1.8974     16.391 7.0688e+00     15.834     27.758  19.018340     2.7442     3.3065     9.2628   999.8097     10.495      7.236 0.0000e+00
      7.384      0.020   413.1981     1.8977     16.396 7.0354e+00     15.834     27.748  19.012158     2.7422     3.2485     9.2600   999.8099     10.503      7.242 0.0000e+00
      7.388      0.021   413.3745     1.8905     16.402 6.9994e+00     15.835     27.750  19.012739     2.8633     3.2289     9.2561   999.8103     10.508      7.246 0.0000e+00
      7.393      0.023   413.4174     1.8813     16.408 6.9525e+00     15.835     27.771  19.025374     3.1019     3.2753     9.2553   999.8104     10.514      7.250 0.0000e+00
      7.399      0.024   413.3714     1.8839     16.441 6.8871e+00     15.835     27.793  19.038104     3.2247     3.2599     9.2563   999.8103     10.523      7.255 0.0000e+00
      7.406      0.026   413.3350     1.8817     16.450 6.8138e+00     15.834     27.799  19.039838     3.2034     3.1813     9.2570   999.8103     10.533      7.262 0.0000e+00
      7.414      0.028   413.3216     1.8871     16.418 6.7472e+00     15.834     27.810  19.046336     3.1018     3.1828     9.2565   999.8103     10.545      7.271 0.0000e+00
      7.421      0.029   413.3811     1.8807     16.378 6.6922e+00     15.835     27.822  19.053262     2.9588     3.2442     9.2522   999.8107     10.555      7.278 0.0000e+00
      7.427      0.029   413.4522     1.8915     16.310 6.6318e+00     15.836     27.832  19.060180     2.8953     3.2711     9.2466   999.8112     10.564      7.284 0.0000e+00
      7.435      0.029   413.5791     1.8936     16.238 6.5542e+00     15.836     27.842  19.066565     2.8876     3.3014     9.2431   999.8115     10.575      7.291 0.0000e+00
      7.444      0.030   413.7976     1.8843     16.143 6.4840e+00     15.836     27.842  19.067052     2.8660     3.3355     9.2415   999.8117     10.588      7.300 0.0000e+00
      7.452      0.031   413.8574     1.8865     16.023 6.4389e+00     15.836     27.841  19.066069     2.8249     3.3405     9.2399   999.8118     10.600      7.309 0.0000e+00
      7.458      0.032   413.7849     1.8722     15.945 6.3979e+00     15.835     27.826  19.054683     2.7721     3.2944     9.2386   999.8120     10.607      7.314 0.0000e+00
      7.464      0.032   413.7818     1.8679     15.908 6.3177e+00     15.835     27.831  19.056190     2.7425     3.2238     9.2391   999.8120     10.613      7.318 0.0000e+00
      7.475      0.031   413.8197     1.8577     15.812 6.2192e+00     15.836     27.876  19.084288     2.7338     3.2082     9.2401   999.8119     10.630      7.329 0.0000e+00
      7.486      0.029   413.8130     1.8384     15.636 6.1618e+00     15.836     27.869  19.077382     2.7336     3.2424     9.2401   999.8120     10.652      7.344 0.0000e+00
      7.494      0.026   413.7862     1.8297     15.463 6.1307e+00     15.835     27.810  19.036089     2.7500     3.2938     9.2377   999.8122     10.662      7.351 0.0000e+00
      7.499      0.022   413.8401     1.8315     15.328 6.1068e+00     15.835     27.798  19.028874     2.7603     3.2811     9.2327   999.8126     10.667      7.354 0.0000e+00
      7.502      0.021   413.9483     1.8242     15.285 6.0867e+00     15.835     27.833  19.053562     2.7628     3.2253     9.2277   999.8130     10.671      7.357 0.0000e+00
      7.504      0.022   413.9766     1.7938     15.270 6.0601e+00     15.835     27.875  19.080956     2.8188     3.3067     9.2241   999.8133     10.674      7.359 0.0000e+00
      7.508      0.024   413.9239     1.7791     15.171 6.0202e+00     15.836     27.919  19.106460     2.9122     3.4752     9.2221   999.8135     10.676      7.361 0.0000e+00
      7.515      0.027   413.9143     1.7566     15.077 5.9457e+00     15.836     27.929  19.108299     2.9476     3.5120     9.2240   999.8133     10.685      7.367 0.0000e+00
      7.526      0.029   414.0316     1.7534     15.027 5.8524e+00     15.836     27.928  19.103184     2.9228     3.4767     9.2288   999.8131     10.705      7.381 0.0000e+00
      7.537      0.030   414.1375     1.7651     14.959 5.7847e+00     15.836     27.939  19.108016     2.8031     3.4957     9.2274   999.8132     10.723      7.393 0.0000e+00
      7.544      0.030   414.0763     1.7410     14.847 5.7519e+00     15.836     27.935  19.103311     2.6069     3.5012     9.2167   999.8140     10.731      7.400 0.0000e+00
      7.549      0.029   413.9799     1.7316     14.683 5.7192e+00     15.836     27.948  19.109696     2.5059     3.5078     9.2047   999.8151     10.737      7.403 0.0000e+00
      7.556      0.027   414.0044     1.7308     14.523 5.6602e+00     15.836     27.968  19.121806     2.4883     3.5063     9.1972   999.8156     10.746      7.409 0.0000e+00
      7.564      0.025   414.0285     1.7220     14.435 5.5969e+00     15.836     27.972  19.122916     2.4795     3.4836     9.1932   999.8160     10.758      7.417 0.0000e+00
      7.570      0.025   413.9270     1.7114     14.365 5.5439e+00     15.836     27.974  19.123120     2.5042     3.5086     9.1900   999.8163     10.768      7.424 0.0000e+00
      7.575      0.026   413.8956     1.6903     14.237 5.4934e+00     15.837     27.979  19.124273     2.5293     3.5333     9.1865   999.8166     10.773      7.428 0.0000e+00
      7.581      0.026   413.9941     1.6659     14.052 5.4428e+00     15.838     28.000  19.136849     2.5349     3.5420     9.1833   999.8169     10.783      7.435 0.0000e+00
      7.589      0.025   414.0854     1.6608     13.871 5.3998e+00     15.838     28.019  19.148369     2.5340     3.5459     9.1806   999.8171     10.795      7.443 0.0000e+00
      7.596      0.025   414.1387     1.6569     13.762 5.3558e+00     15.838     28.004  19.136737     2.4991     3.5113     9.1773   999.8174     10.804      7.449 0.0000e+00
      7.602      0.024   414.2081     1.6411     13.699 5.2942e+00     15.837     27.984  19.123017     2.4476     3.5012     9.1738   999.8177     10.812      7.455 0.0000e+00
      7.609      0.023   414.3226     1.6186     13.634 5.2371e+00     15.837     27.961  19.109298     2.4256     3.5264     9.1704   999.8180     10.822      7.461 0.0000e+00
      7.614      0.022   414.4049     1.5913     13.506 5.1949e+00     15.838     27.939  19.097670     2.4233     3.5078     9.1673   999.8183     10.830      7.466 0.0000e+00
      7.619      0.022   414.4281     1.5838     13.310 5.1559e+00     15.838     27.950  19.109241     2.4673     3.5502     9.1642   999.8185     10.837      7.472 0.0000e+00
      7.624      0.023   414.4310     1.5765     13.143 5.1156e+00     15.837     27.962  19.122397     2.5583     3.6960     9.1639   999.8186     10.844      7.476 0.0000e+00
      7.630      0.023   414.4399     1.5721     13.013 5.0647e+00     15.836     27.966  19.129942     2.6079     3.7943     9.1692   999.8182     10.851      7.481 0.0000e+00
      7.636      0.024   414.4504     1.5604     12.889 5.0000e+00     15.836     27.971  19.137056     2.6094     3.8122     9.1749   999.8178     10.861      7.488 0.0000e+00
      7.643      0.025   414.4717     1.5276     12.793 4.9395e+00     15.836     27.981  19.145012     2.5760     3.7742     9.1821   999.8173     10.871      7.495 0.0000e+00
