Data/DataNotYetUploadedToEDI/Raw_CTD/RawDownloads/051421_fcr50.cnv
* Sea-Bird SBE19plus  Data File:
* FileName = C:\R\Reservoirs\Data\DataNotYetUploadedToEDI\Raw_CTD\RawDownloads\051421_bvr50_0002.hex
* Software version 2.8.0.119
* Temperature SN = 7809
* Conductivity SN = 7809
* System UpLoad Time = May 17 2021 13:10:24
* <ApplicationData>
* <Seaterm232>
# nquan = 16
# nvalues = 2398                        
# units = specified
# name 0 = depFM: Depth [fresh water, m]
# name 1 = dz/dtM: Descent Rate [m/s]
# name 2 = orp: Oxidation Reduction Potential [mV]
# name 3 = sbeox0Mg/L: Oxygen, SBE 43 [mg/l]
# name 4 = sbeox0PS: Oxygen, SBE 43 [% saturation]
# name 5 = par/sat/log: PAR/Logarithmic, Satlantic
# name 6 = ph: pH
# name 7 = specc: Specific Conductance [uS/cm]
# name 8 = c0uS/cm: Conductivity [uS/cm]
# name 9 = flECO-AFL: Fluorescence, WET Labs ECO-AFL/FL [mg/m^3]
# name 10 = turbWETntu0: Turbidity, WET Labs ECO [NTU]
# name 11 = tv290C: Temperature [ITS-90, deg C]
# name 12 = density00: Density [density, kg/m^3]
# name 13 = prdE: Pressure, Strain Gauge [psi]
# name 14 = prdM: Pressure, Strain Gauge [db]
# name 15 = flag:  0.000e+00
# span 0 =     -0.579,      9.792       
# span 1 =     -0.376,      0.191       
# span 2 = -1240.7455,   385.9110       
# span 3 =     0.1176,    10.0002       
# span 4 =      1.049,    103.600       
# span 5 = 1.2350e-01, 2.7260e+03       
# span 6 =     15.557,     15.940       
# span 7 =      0.427,    129.951       
# span 8 =   0.384723,  85.653849       
# span 9 =    -1.0126,    13.0639       
# span 10 =    -1.4669,   175.7497      
# span 11 =     7.9029,    20.0593      
# span 12 =   998.1982,   999.9480      
# span 13 =     -0.825,     13.927      
# span 14 =     -0.569,      9.602      
# span 15 = 0.0000e+00, 0.0000e+00      
# interval = seconds: 0.25
# start_time = May 14 2021 00:07:32 [Instrument's time stamp, header]
# bad_flag = -9.990e-29
*END*
[from data line 1718]
      8.836      0.037   316.3067     0.1277      1.246 1.2361e-01     15.898     45.624  30.147928     0.1882    10.1577     8.0459   999.9069     12.565      8.663 0.0000e+00
      8.850      0.042   315.5714     0.1213      1.150 1.2359e-01     15.898     45.612  30.138096     0.2315    10.1469     8.0419   999.9074     12.586      8.679 0.0000e+00
      8.868      0.043   314.7974     0.1306      1.098 1.2364e-01     15.898     45.389  29.989678     0.2428    10.0927     8.0397   999.9077     12.615      8.698 0.0000e+00
      8.885      0.040   314.0899     0.1536      1.131 1.2373e-01     15.897     45.215  29.876033     0.2483    10.0867     8.0388   999.9080     12.641      8.715 0.0000e+00
      8.896      0.033   313.3849     0.1544      1.206 1.2374e-01     15.897     45.158  29.842541     0.2688    10.0733     8.0377   999.9082     12.657      8.727 0.0000e+00
      8.901      0.023   312.5537     0.1307      1.242 1.2372e-01     15.897     45.145  29.838505     0.2717     9.9998     8.0354   999.9083     12.663      8.731 0.0000e+00
      8.902      0.014   311.9555     0.1273      1.227 1.2368e-01     15.896     45.122  29.827235     0.2549     9.9534     8.0336   999.9083     12.661      8.730 0.0000e+00
      8.902      0.007   311.6592     0.1299      1.182 1.2363e-01     15.896     45.128  29.833158     0.2381     9.9234     8.0352   999.9081     12.660      8.729 0.0000e+00
      8.903      0.005   311.3797     0.1466      1.133 1.2363e-01     15.897     45.246  29.910119     0.2400     9.9125     8.0402   999.9078     12.663      8.732 0.0000e+00
      8.904      0.008   310.9850     0.1489      1.130 1.2364e-01     15.898     45.575  30.123355     0.2495     9.8904     8.0457   999.9075     12.665      8.733 0.0000e+00
      8.905      0.013   310.5014     0.1455      1.145 1.2361e-01     15.897     46.068  30.444662     0.2478     9.8287     8.0506   999.9072     12.664      8.731 0.0000e+00
      8.907      0.020   309.8341     0.1424      1.174 1.2363e-01     15.897     46.439  30.686297     0.2389     9.8179     8.0532   999.9070     12.667      8.734 0.0000e+00
      8.911      0.026   309.0254     0.1285      1.195 1.2368e-01     15.898     46.558  30.760982     0.2276     9.8283     8.0519   999.9071     12.673      8.738 0.0000e+00
      8.919      0.030   308.4669     0.1356      1.189 1.2369e-01     15.898     46.489  30.713217     0.2158     9.8510     8.0467   999.9076     12.684      8.746 0.0000e+00
      8.932      0.032   308.2440     0.1338      1.200 1.2372e-01     15.898     46.343  30.616326     0.2004     9.8868     8.0412   999.9083     12.705      8.760 0.0000e+00
      8.945      0.030   308.0514     0.1385      1.209 1.2376e-01     15.898     46.224  30.541142     0.1847     9.8835     8.0369   999.9087     12.726      8.775 0.0000e+00
      8.954      0.025   307.6868     0.1454      1.204 1.2374e-01     15.898     46.158  30.502066     0.1789     9.9140     8.0329   999.9090     12.740      8.783 0.0000e+00
      8.958      0.019   307.1041     0.1366      1.193 1.2369e-01     15.897     46.188  30.524535     0.1876     9.9465     8.0295   999.9092     12.743      8.785 0.0000e+00
      8.959      0.014   306.3406     0.1439      1.193 1.2365e-01     15.897     46.240  30.559033     0.1940     9.9331     8.0286   999.9092     12.742      8.786 0.0000e+00
      8.959      0.009   305.5969     0.1435      1.231 1.2366e-01     15.897     46.209  30.538520     0.1802     9.9238     8.0337   999.9089     12.743      8.786 0.0000e+00
      8.960      0.009   304.8240     0.1421      1.223 1.2368e-01     15.897     46.194  30.530288     0.1640     9.9037     8.0406   999.9084     12.744      8.787 0.0000e+00
      8.963      0.011   303.8781     0.1428      1.163 1.2368e-01     15.897     46.277  30.586388     0.1601     9.8953     8.0428   999.9083     12.749      8.790 0.0000e+00
      8.967      0.013   302.9362     0.1354      1.144 1.2367e-01     15.897     46.364  30.645833     0.1516     9.9252     8.0415   999.9085     12.754      8.794 0.0000e+00
      8.970      0.015   302.0389     0.1502      1.184 1.2364e-01     15.897     46.414  30.678030     0.1384     9.9568     8.0417   999.9084     12.757      8.796 0.0000e+00
      8.975      0.017   300.8593     0.1484      1.244 1.2364e-01     15.898     46.581  30.785342     0.1244     9.9340     8.0437   999.9083     12.764      8.800 0.0000e+00
      8.980      0.018   299.4285     0.1338      1.268 1.2364e-01     15.899     46.801  30.928217     0.1345     9.8886     8.0447   999.9083     12.775      8.808 0.0000e+00
      8.984      0.019   298.0755     0.1328      1.213 1.2364e-01     15.898     46.924  31.009745     0.1943     9.9226     8.0479   999.9082     12.780      8.811 0.0000e+00
      8.988      0.021   296.5455     0.1387      1.126 1.2364e-01     15.898     47.211  31.200083     0.2460     9.9685     8.0487   999.9081     12.783      8.814 0.0000e+00
      8.994      0.023   294.8677     0.1486      1.089 1.2367e-01     15.898     47.594  31.453087     0.2549     9.9289     8.0422   999.9086     12.794      8.821 0.0000e+00
      9.000      0.024   293.6210     0.1545      1.100 1.2369e-01     15.898     47.616  31.467506     0.2349     9.8903     8.0390   999.9090     12.803      8.827 0.0000e+00
      9.006      0.024   292.7424     0.1459      1.150 1.2366e-01     15.898     47.379  31.310985     0.1945     9.9134     8.0409   999.9088     12.807      8.830 0.0000e+00
      9.014      0.022   291.8164     0.1286      1.200 1.2363e-01     15.898     47.224  31.210207     0.1769     9.9338     8.0412   999.9090     12.819      8.838 0.0000e+00
      9.023      0.019   290.6848     0.1283      1.223 1.2360e-01     15.897     47.209  31.200706     0.1929     9.9306     8.0414   999.9093     12.835      8.849 0.0000e+00
      9.028      0.017   289.1264     0.1276      1.252 1.2360e-01     15.896     47.298  31.259556     0.1984     9.9087     8.0409   999.9093     12.842      8.854 0.0000e+00
      9.029      0.016   287.3420     0.1358      1.240 1.2365e-01     15.897     47.533  31.414181     0.2046     9.9094     8.0407   999.9092     12.842      8.854 0.0000e+00
      9.030      0.017   286.1463     0.1454      1.154 1.2369e-01     15.898     47.834  31.610999     0.2297     9.9736     8.0426   999.9090     12.843      8.855 0.0000e+00
      9.031      0.018   285.4244     0.1419      1.081 1.2369e-01     15.898     47.932  31.672411     0.2447     9.9978     8.0440   999.9089     12.846      8.857 0.0000e+00
      9.036      0.020   284.2919     0.1496      1.083 1.2369e-01     15.898     47.807  31.585681     0.2530     9.9283     8.0444   999.9089     12.850      8.859 0.0000e+00
      9.044      0.021   282.7778     0.1526      1.170 1.2371e-01     15.898     47.703  31.514064     0.2540     9.8541     8.0433   999.9091     12.862      8.868 0.0000e+00
      9.054      0.022   281.1416     0.1341      1.278 1.2375e-01     15.898     47.788  31.567850     0.2469     9.8561     8.0410   999.9094     12.881      8.881 0.0000e+00
      9.060      0.024   279.3939     0.1248      1.267 1.2379e-01     15.899     48.129  31.791872     0.2525     9.9173     8.0375   999.9097     12.890      8.888 0.0000e+00
      9.062      0.024   277.9940     0.1247      1.157 1.2376e-01     15.899     48.447  32.002025     0.2640     9.9773     8.0328   999.9099     12.888      8.886 0.0000e+00
      9.065      0.022   276.9497     0.1347      1.077 1.2365e-01     15.899     48.466  32.015019     0.2440     9.9969     8.0287   999.9101     12.889      8.887 0.0000e+00
      9.073      0.019   275.7153     0.1597      1.085 1.2360e-01     15.899     48.557  32.075882     0.2005     9.9489     8.0262   999.9104     12.905      8.897 0.0000e+00
      9.083      0.017   274.3399     0.1554      1.170 1.2369e-01     15.898     48.885  32.293782     0.1858     9.9114     8.0257   999.9106     12.923      8.909 0.0000e+00
      9.088      0.016   273.0538     0.1335      1.258 1.2374e-01     15.897     49.088  32.428914     0.1902     9.9551     8.0254   999.9108     12.928      8.913 0.0000e+00
      9.088      0.015   271.7805     0.1240      1.278 1.2368e-01     15.897     49.203  32.504209     0.1874     9.8933     8.0265   999.9106     12.925      8.911 0.0000e+00
      9.089      0.014   270.6460     0.1238      1.231 1.2362e-01     15.897     49.786  32.886922     0.1805     9.6789     8.0276   999.9106     12.926      8.912 0.0000e+00
      9.092      0.016   269.7480     0.1388      1.176 1.2360e-01     15.897     50.818  33.566422     0.1730     9.5610     8.0276   999.9108     12.933      8.917 0.0000e+00
      9.096      0.019   268.7522     0.1522      1.135 1.2364e-01     15.898     51.181  33.803687     0.1739     9.6012     8.0302   999.9107     12.937      8.920 0.0000e+00
      9.100      0.020   267.5535     0.1551      1.116 1.2369e-01     15.899     50.584  33.407905     0.1816     9.7187     8.0297   999.9107     12.940      8.922 0.0000e+00
      9.108      0.019   266.4397     0.1452      1.155 1.2374e-01     15.899     50.395  33.286235     0.1796     9.8483     8.0265   999.9111     12.955      8.931 0.0000e+00
      9.118      0.018   265.4380     0.1382      1.217 1.2377e-01     15.899     51.248  33.855475     0.1783     9.9325     8.0247   999.9119     12.973      8.944 0.0000e+00
      9.122      0.017   264.3038     0.1350      1.237 1.2374e-01     15.898     52.818  34.896983     0.1849     9.9467     8.0213   999.9124     12.977      8.947 0.0000e+00
      9.122      0.016   263.1369     0.1279      1.211 1.2369e-01     15.897     54.549  36.043250     0.1738     9.9173     8.0181   999.9120     12.973      8.945 0.0000e+00
      9.123      0.015   262.3420     0.1355      1.162 1.2373e-01     15.897     55.310  36.546095     0.1489     9.8511     8.0223   999.9116     12.974      8.945 0.0000e+00
      9.127      0.015   261.6620     0.1466      1.112 1.2375e-01     15.897     55.774  36.851953     0.1329     9.7311     8.0299   999.9116     12.981      8.950 0.0000e+00
      9.133      0.018   260.9379     0.1487      1.117 1.2373e-01     15.897     57.651  38.091173     0.1231     9.7020     8.0343   999.9118     12.990      8.957 0.0000e+00
      9.139      0.023   260.3846     0.1434      1.186 1.2373e-01     15.897     59.839  39.534128     0.1170     9.7737     8.0363   999.9127     13.000      8.963 0.0000e+00
      9.144      0.027   259.6177     0.1390      1.249 1.2375e-01     15.897     60.674  40.081616     0.1156     9.7738     8.0358   999.9129     13.005      8.967 0.0000e+00
      9.149      0.028   258.6347     0.1285      1.272 1.2376e-01     15.896     60.571  40.013969     0.1156     9.7030     8.0342   999.9126     13.011      8.971 0.0000e+00
      9.158      0.027   257.8777     0.1280      1.247 1.2373e-01     15.896     60.136  39.731794     0.1175     9.6391     8.0345   999.9137     13.023      8.979 0.0000e+00
      9.168      0.026   257.3479     0.1419      1.182 1.2365e-01     15.896     59.531  39.335722     0.1196     9.6191     8.0328   999.9150     13.041      8.992 0.0000e+00
      9.177      0.023   256.8753     0.1493      1.146 1.2363e-01     15.896     59.172  39.096898     0.0840     9.6328     8.0271   999.9154     13.055      9.001 0.0000e+00
      9.182      0.018   256.0346     0.1520      1.142 1.2368e-01     15.896     59.327  39.192628     0.0109     9.6672     8.0266   999.9154     13.062      9.006 0.0000e+00
      9.184      0.013   254.8413     0.1511      1.143 1.2370e-01     15.896     59.575  39.350699    -0.0404     9.6916     8.0330   999.9149     13.065      9.008 0.0000e+00
      9.184      0.009   253.9758     0.1372      1.165 1.2362e-01     15.896     59.594  39.357867    -0.0586     9.6534     8.0387   999.9143     13.063      9.007 0.0000e+00
      9.185      0.009   253.5719     0.1331      1.160 1.2350e-01     15.897     60.539  39.977485    -0.0281     9.5830     8.0362   999.9142     13.065      9.008 0.0000e+00
      9.187      0.013   253.3125     0.1374      1.136 1.2357e-01     15.899     63.920  42.208726     0.0329     9.5273     8.0286   999.9148     13.068      9.010 0.0000e+00
      9.189      0.022   252.7326     0.1311      1.137 1.2371e-01     15.899     69.221  45.704708     0.0587     9.4946     8.0243   999.9153     13.068      9.010 0.0000e+00
      9.192      0.031   251.8099     0.1414      1.156 1.2367e-01     15.898     73.046  48.217940     0.0456     9.4625     8.0198   999.9154     13.071      9.013 0.0000e+00
      9.202      0.037   251.1039     0.1386      1.205 1.2363e-01     15.898     72.583  47.897291    -0.0015     9.4476     8.0144   999.9158     13.084      9.022 0.0000e+00
      9.218      0.040   250.6490     0.1314      1.268 1.2363e-01     15.899     71.480  47.161630    -0.0438     9.4867     8.0156   999.9171     13.110      9.039 0.0000e+00
      9.235      0.040   250.1822     0.1359      1.300 1.2359e-01     15.899     73.553  48.530088    -0.0366     9.4892     8.0159   999.9194     13.138      9.058 0.0000e+00
      9.246      0.037   249.5892     0.1342      1.270 1.2359e-01     15.899     75.336  49.711490    -0.0294     9.4424     8.0040   999.9224     13.157      9.071 0.0000e+00
      9.251      0.032   248.8995     0.1427      1.206 1.2369e-01     15.898     74.924  49.444707    -0.0524     9.4368     7.9905   999.9223     13.159      9.072 0.0000e+00
      9.255      0.026   248.2959     0.1505      1.154 1.2372e-01     15.897     74.606  49.241726    -0.0663     9.3870     7.9845   999.9212     13.160      9.074 0.0000e+00
      9.262      0.021   247.7972     0.1582      1.143 1.2365e-01     15.897     74.669  49.289477    -0.0439     9.2873     7.9873   999.9230     13.174      9.083 0.0000e+00
      9.268      0.018   247.3443     0.1516      1.163 1.2364e-01     15.897     74.719  49.323550    -0.0113     9.2601     7.9919   999.9236     13.183      9.090 0.0000e+00
      9.272      0.017   246.8641     0.1422      1.149 1.2372e-01     15.898     75.894  50.098217    -0.0051     9.2637     7.9935   999.9227     13.188      9.093 0.0000e+00
      9.276      0.016   246.2932     0.1352      1.124 1.2373e-01     15.898     78.084  51.543069    -0.0162     9.2971     7.9991   999.9225     13.194      9.097 0.0000e+00
      9.279      0.015   245.6898     0.1319      1.143 1.2365e-01     15.898     78.865  52.059323    -0.0226     9.3901     8.0047   999.9223     13.198      9.100 0.0000e+00
      9.281      0.013   245.1607     0.1416      1.184 1.2360e-01     15.898     78.042  51.513678    -0.0156     9.4609     8.0052   999.9219     13.199      9.101 0.0000e+00
      9.286      0.012   244.7144     0.1363      1.200 1.2363e-01     15.898     78.205  51.614338    -0.0085     9.5004     8.0026   999.9224     13.205      9.106 0.0000e+00
      9.291      0.012   244.2508     0.1301      1.186 1.2368e-01     15.899     80.445  53.085806    -0.0223     9.4560     8.0018   999.9239     13.216      9.112 0.0000e+00
      9.293      0.013   243.5995     0.1339      1.160 1.2370e-01     15.899     82.604  54.506243    -0.0490     9.3018     8.0040   999.9240     13.220      9.115 0.0000e+00
      9.293      0.013   242.8630     0.1424      1.151 1.2374e-01     15.898     82.786  54.624711    -0.0645     9.1803     8.0033   999.9233     13.217      9.113 0.0000e+00
      9.296      0.012   242.4000     0.1432      1.181 1.2373e-01     15.897     82.622  54.518388    -0.0658     9.1551     7.9977   999.9235     13.220      9.115 0.0000e+00
      9.302      0.012   242.0459     0.1412      1.218 1.2366e-01     15.898     83.828  55.316873    -0.0555     9.2028     7.9929   999.9250     13.231      9.123 0.0000e+00
