Data/DataNotYetUploadedToEDI/Raw_CTD/RawDownloads/051421_fcr50.cnv
* Sea-Bird SBE19plus  Data File:
* FileName = C:\R\Reservoirs\Data\DataNotYetUploadedToEDI\Raw_CTD\RawDownloads\051421_bvr50_0002.hex
* Software version 2.8.0.119
* Temperature SN = 7809
* Conductivity SN = 7809
* System UpLoad Time = May 17 2021 13:10:24
* <ApplicationData>
* <Seaterm232>
# nquan = 16
# nvalues = 2398                        
# units = specified
# name 0 = depFM: Depth [fresh water, m]
# name 1 = dz/dtM: Descent Rate [m/s]
# name 2 = orp: Oxidation Reduction Potential [mV]
# name 3 = sbeox0Mg/L: Oxygen, SBE 43 [mg/l]
# name 4 = sbeox0PS: Oxygen, SBE 43 [% saturation]
# name 5 = par/sat/log: PAR/Logarithmic, Satlantic
# name 6 = ph: pH
# name 7 = specc: Specific Conductance [uS/cm]
# name 8 = c0uS/cm: Conductivity [uS/cm]
# name 9 = flECO-AFL: Fluorescence, WET Labs ECO-AFL/FL [mg/m^3]
# name 10 = turbWETntu0: Turbidity, WET Labs ECO [NTU]
# name 11 = tv290C: Temperature [ITS-90, deg C]
# name 12 = density00: Density [density, kg/m^3]
# name 13 = prdE: Pressure, Strain Gauge [psi]
# name 14 = prdM: Pressure, Strain Gauge [db]
# name 15 = flag:  0.000e+00
# span 0 =     -0.579,      9.792       
# span 1 =     -0.376,      0.191       
# span 2 = -1240.7455,   385.9110       
# span 3 =     0.1176,    10.0002       
# span 4 =      1.049,    103.600       
# span 5 = 1.2350e-01, 2.7260e+03       
# span 6 =     15.557,     15.940       
# span 7 =      0.427,    129.951       
# span 8 =   0.384723,  85.653849       
# span 9 =    -1.0126,    13.0639       
# span 10 =    -1.4669,   175.7497      
# span 11 =     7.9029,    20.0593      
# span 12 =   998.1982,   999.9480      
# span 13 =     -0.825,     13.927      
# span 14 =     -0.569,      9.602      
# span 15 = 0.0000e+00, 0.0000e+00      
# interval = seconds: 0.25
# start_time = May 14 2021 00:07:32 [Instrument's time stamp, header]
# bad_flag = -9.990e-29
*END*
[from data line 995]
      5.741      0.028   382.1058     2.5632     21.817 2.6059e+00     15.890     34.120  23.022391     3.5125     2.4613     8.7253   999.8441      8.168      5.631 0.0000e+00
      5.743      0.025   381.6929     2.5521     21.752 2.5941e+00     15.890     34.145  23.040632     3.2199     2.5082     8.7151   999.8447      8.168      5.631 0.0000e+00
      5.747      0.023   381.6212     2.5493     21.681 2.5704e+00     15.890     34.146  23.034868     3.0441     2.4556     8.7146   999.8448      8.173      5.635 0.0000e+00
      5.754      0.022   381.7548     2.5472     21.589 2.5484e+00     15.889     34.128  23.016104     3.0081     2.3741     8.7252   999.8441      8.183      5.642 0.0000e+00
      5.763      0.021   381.8465     2.5377     21.523 2.5309e+00     15.889     34.115  23.004011     2.9291     2.4496     8.7399   999.8431      8.196      5.650 0.0000e+00
      5.771      0.018   382.0405     2.5289     21.493 2.5070e+00     15.890     34.132  23.015497     2.7936     2.6136     8.7426   999.8430      8.211      5.660 0.0000e+00
      5.775      0.015   382.2075     2.5258     21.469 2.4833e+00     15.890     34.150  23.028140     2.7151     2.6401     8.7283   999.8440      8.215      5.664 0.0000e+00
      5.777      0.011   382.2310     2.5099     21.434 2.4793e+00     15.890     34.149  23.030035     2.6943     2.5983     8.7157   999.8448      8.216      5.665 0.0000e+00
      5.777      0.008   382.1521     2.5031     21.336 2.4890e+00     15.890     34.156  23.038418     2.7233     2.5548     8.7122   999.8451      8.218      5.666 0.0000e+00
      5.777      0.009   382.0281     2.5025     21.200 2.4980e+00     15.890     34.194  23.066079     2.8177     2.4928     8.7130   999.8451      8.217      5.666 0.0000e+00
      5.778      0.014   382.0224     2.4973     21.143 2.4980e+00     15.890     34.265  23.110800     2.8826     2.4661     8.7135   999.8450      8.218      5.666 0.0000e+00
      5.779      0.020   382.1702     2.4982     21.178 2.4872e+00     15.890     34.312  23.135197     2.8878     2.4375     8.7168   999.8448      8.220      5.668 0.0000e+00
      5.784      0.025   382.3526     2.4861     21.211 2.4642e+00     15.890     34.281  23.107372     2.8905     2.4218     8.7241   999.8444      8.223      5.669 0.0000e+00
      5.796      0.029   382.5062     2.4612     21.201 2.4270e+00     15.890     34.263  23.091454     3.0288     2.5171     8.7292   999.8441      8.241      5.681 0.0000e+00
      5.811      0.031   382.6512     2.4547     21.175 2.3978e+00     15.890     34.324  23.132997     3.2825     2.6279     8.7247   999.8445      8.271      5.701 0.0000e+00
      5.820      0.032   382.6431     2.4667     21.173 2.3930e+00     15.890     34.371  23.165724     3.4125     2.6284     8.7101   999.8456      8.284      5.711 0.0000e+00
      5.822      0.032   382.4940     2.4712     21.134 2.3873e+00     15.890     34.373  23.170049     3.4082     2.5924     8.6981   999.8464      8.279      5.709 0.0000e+00
      5.827      0.030   382.4830     2.4706     21.006 2.3655e+00     15.890     34.389  23.185301     3.2974     2.5362     8.6932   999.8467      8.284      5.712 0.0000e+00
      5.837      0.029   382.5967     2.4623     20.840 2.3443e+00     15.891     34.442  23.223293     3.1218     2.4636     8.6957   999.8466      8.302      5.724 0.0000e+00
      5.847      0.030   382.7500     2.4667     20.660 2.3288e+00     15.891     34.491  23.248892     3.0399     2.4355     8.6968   999.8467      8.320      5.736 0.0000e+00
      5.854      0.031   382.9598     2.4668     20.503 2.3141e+00     15.892     34.496  23.241117     3.0129     2.4032     8.7007   999.8464      8.326      5.741 0.0000e+00
      5.862      0.030   383.1543     2.4443     20.355 2.3035e+00     15.892     34.521  23.256118     2.9003     2.3814     8.7086   999.8458      8.334      5.746 0.0000e+00
      5.872      0.027   383.2951     2.4272     20.135 2.2961e+00     15.892     34.598  23.303423     2.7177     2.4468     8.7176   999.8453      8.355      5.760 0.0000e+00
      5.878      0.023   383.3715     2.4038     19.890 2.2905e+00     15.892     34.624  23.305715     2.6172     2.5077     8.7055   999.8462      8.363      5.767 0.0000e+00
      5.881      0.020   383.3040     2.3851     19.672 2.2776e+00     15.892     34.609  23.283808     2.6002     2.4643     8.6746   999.8484      8.361      5.765 0.0000e+00
      5.887      0.017   383.1671     2.3777     19.482 2.2538e+00     15.892     34.623  23.292222     2.4933     2.4031     8.6833   999.8478      8.373      5.773 0.0000e+00
      5.892      0.014   383.0930     2.3447     19.312 2.2469e+00     15.892     34.598  23.280597     2.3073     2.4195     8.6877   999.8476      8.385      5.782 0.0000e+00
      5.893      0.014   383.0960     2.3166     19.107 2.2584e+00     15.892     34.574  23.270106     2.2206     2.4565     8.6493   999.8503      8.380      5.777 0.0000e+00
      5.894      0.015   383.1176     2.2941     18.869 2.2598e+00     15.891     34.602  23.292222     2.2175     2.4390     8.6287   999.8517      8.382      5.779 0.0000e+00
      5.898      0.016   383.0955     2.2691     18.684 2.2408e+00     15.891     34.602  23.294328     2.2120     2.4820     8.6320   999.8515      8.390      5.785 0.0000e+00
      5.902      0.017   383.1729     2.2542     18.564 2.2140e+00     15.891     34.602  23.295578     2.2116     2.6333     8.6435   999.8506      8.393      5.787 0.0000e+00
      5.907      0.018   383.3650     2.2291     18.409 2.2006e+00     15.891     34.620  23.307325     2.2116     2.7230     8.6518   999.8501      8.401      5.791 0.0000e+00
      5.915      0.018   383.4392     2.1971     18.263 2.1998e+00     15.891     34.626  23.309517     2.2123     2.7084     8.6539   999.8500      8.416      5.801 0.0000e+00
      5.920      0.018   383.4679     2.1705     18.169 2.1891e+00     15.891     34.642  23.322079     2.2106     2.6628     8.6596   999.8497      8.424      5.808 0.0000e+00
      5.921      0.017   383.5407     2.1698     18.124 2.1757e+00     15.892     34.652  23.332369     2.1635     2.6525     8.6610   999.8496      8.421      5.806 0.0000e+00
      5.924      0.017   383.5448     2.1437     18.155 2.1752e+00     15.892     34.616  23.307107     2.0806     2.6873     8.6608   999.8496      8.424      5.808 0.0000e+00
      5.930      0.017   383.5171     2.1243     18.147 2.1707e+00     15.892     34.569  23.270314     2.0286     2.6712     8.6557   999.8500      8.435      5.815 0.0000e+00
      5.936      0.019   383.6366     2.1198     18.063 2.1554e+00     15.891     34.569  23.268028     2.0122     2.5954     8.6558   999.8500      8.445      5.822 0.0000e+00
      5.939      0.020   383.8703     2.1027     18.028 2.1453e+00     15.890     34.580  23.279464     2.0250     2.5601     8.6687   999.8491      8.447      5.824 0.0000e+00
      5.942      0.020   383.9347     2.1197     18.066 2.1452e+00     15.889     34.577  23.281740     2.0600     2.5880     8.6675   999.8491      8.449      5.825 0.0000e+00
      5.950      0.018   383.9847     2.1208     18.094 2.1418e+00     15.890     34.593  23.295555     2.0818     2.6237     8.6513   999.8503      8.465      5.836 0.0000e+00
      5.958      0.016   384.0449     2.1011     18.102 2.1294e+00     15.891     34.625  23.319674     2.0780     2.6146     8.6492   999.8506      8.480      5.846 0.0000e+00
      5.961      0.014   383.8874     2.0967     18.108 2.1155e+00     15.891     34.628  23.319674     2.0624     2.6150     8.6575   999.8500      8.481      5.847 0.0000e+00
      5.962      0.012   383.8017     2.1069     18.103 2.1140e+00     15.891     34.610  23.295556     2.0460     2.6963     8.6661   999.8494      8.479      5.846 0.0000e+00
      5.964      0.010   383.8684     2.1095     18.115 2.1231e+00     15.891     34.614  23.281731     2.0320     2.7736     8.6676   999.8493      8.483      5.849 0.0000e+00
      5.966      0.009   383.9195     2.1069     18.122 2.1197e+00     15.892     34.629  23.279341     2.0271     2.7611     8.6739   999.8488      8.485      5.850 0.0000e+00
      5.968      0.009   383.9898     2.1121     18.104 2.1088e+00     15.892     34.629  23.266650     2.0052     2.6816     8.6788   999.8485      8.487      5.851 0.0000e+00
      5.972      0.009   384.0303     2.1076     18.135 2.1063e+00     15.893     34.630  23.255110     1.9585     2.6368     8.6523   999.8504      8.494      5.856 0.0000e+00
      5.976      0.009   384.0650     2.1124     18.190 2.1083e+00     15.893     34.660  23.266641     1.9391     2.6663     8.6252   999.8523      8.502      5.862 0.0000e+00
      5.977      0.009   384.1505     2.1186     18.209 2.1139e+00     15.893     34.684  23.279219     1.9421     2.6608     8.6117   999.8532      8.501      5.861 0.0000e+00
      5.978      0.010   384.1182     2.1082     18.206 2.1174e+00     15.893     34.687  23.280343     1.9378     2.5696     8.5916   999.8546      8.502      5.862 0.0000e+00
      5.979      0.013   383.9322     2.1162     18.160 2.1119e+00     15.893     34.687  23.280228     1.9441     2.4907     8.5723   999.8559      8.505      5.864 0.0000e+00
      5.980      0.016   383.7953     2.1294     18.092 2.1013e+00     15.893     34.680  23.277835     1.9611     2.4627     8.5601   999.8568      8.506      5.865 0.0000e+00
      5.985      0.021   383.7536     2.1256     18.053 2.0861e+00     15.892     34.635  23.251409     1.9712     2.4363     8.5548   999.8572      8.510      5.867 0.0000e+00
      5.993      0.024   383.7719     2.1304     18.050 2.0651e+00     15.892     34.577  23.214396     1.9613     2.4125     8.5552   999.8572      8.524      5.877 0.0000e+00
      6.002      0.025   383.9312     2.1232     18.085 2.0405e+00     15.892     34.565  23.210842     1.9564     2.4843     8.5530   999.8574      8.540      5.888 0.0000e+00
      6.010      0.024   384.0444     2.1106     18.128 2.0237e+00     15.893     34.546  23.208439     1.9883     2.6508     8.5572   999.8572      8.548      5.894 0.0000e+00
      6.017      0.022   384.0218     2.1086     18.130 2.0198e+00     15.893     34.496  23.185357     2.0232     2.7092     8.5671   999.8565      8.558      5.901 0.0000e+00
      6.023      0.018   384.1738     2.1052     18.094 2.0218e+00     15.893     34.481  23.185449     2.0342     2.6412     8.5650   999.8566      8.569      5.908 0.0000e+00
      6.025      0.014   384.3339     2.1124     18.099 2.0229e+00     15.892     34.511  23.209569     2.0841     2.5497     8.5681   999.8565      8.570      5.909 0.0000e+00
      6.026      0.010   384.2369     2.1178     18.189 2.0161e+00     15.891     34.546  23.223301     2.1971     2.4612     8.5893   999.8550      8.569      5.908 0.0000e+00
      6.030      0.007   384.1193     2.1188     18.317 2.0123e+00     15.892     34.568  23.224646     2.2756     2.4292     8.6033   999.8540      8.578      5.914 0.0000e+00
      6.032      0.005   384.1168     2.1084     18.423 2.0129e+00     15.894     34.587  23.225811     2.2885     2.4035     8.6209   999.8528      8.581      5.917 0.0000e+00
      6.032      0.004   384.1208     2.1052     18.456 2.0083e+00     15.894     34.620  23.237372     2.2490     2.3909     8.6349   999.8519      8.578      5.915 0.0000e+00
      6.033      0.003   384.0810     2.1217     18.444 2.0166e+00     15.894     34.635  23.237585     2.1791     2.4487     8.6111   999.8536      8.580      5.916 0.0000e+00
      6.033      0.003   384.1518     2.1382     18.458 2.0354e+00     15.894     34.631  23.228370     2.1486     2.4841     8.5860   999.8552      8.582      5.917 0.0000e+00
      6.033      0.006   384.2889     2.1559     18.485 2.0367e+00     15.894     34.667  23.252795     2.1476     2.4757     8.5762   999.8559      8.580      5.915 0.0000e+00
      6.034      0.012   384.2762     2.1584     18.487 2.0273e+00     15.893     34.696  23.279212     2.1575     2.4504     8.5583   999.8572      8.581      5.916 0.0000e+00
      6.035      0.019   384.1697     2.1532     18.487 2.0184e+00     15.893     34.709  23.294099     2.1827     2.4174     8.5422   999.8583      8.584      5.918 0.0000e+00
      6.040      0.025   384.1202     2.1565     18.481 2.0039e+00     15.894     34.729  23.305964     2.2035     2.4544     8.5328   999.8589      8.589      5.922 0.0000e+00
      6.048      0.029   384.1936     2.1636     18.421 1.9911e+00     15.894     34.719  23.295824     2.2188     2.5209     8.5298   999.8592      8.600      5.930 0.0000e+00
      6.061      0.033   384.2829     2.1596     18.325 1.9778e+00     15.894     34.722  23.298342     2.2151     2.5007     8.5447   999.8583      8.620      5.943 0.0000e+00
      6.073      0.036   384.2543     2.1585     18.234 1.9579e+00     15.894     34.784  23.336405     2.1871     2.5188     8.5621   999.8572      8.642      5.958 0.0000e+00
      6.080      0.037   384.1910     2.1635     18.190 1.9386e+00     15.894     34.860  23.375520     2.1666     2.6366     8.5535   999.8578      8.649      5.963 0.0000e+00
      6.085      0.035   384.2057     2.1533     18.141 1.9246e+00     15.895     34.901  23.390732     2.1673     2.6900     8.5418   999.8586      8.651      5.965 0.0000e+00
      6.095      0.031   384.2606     2.1421     17.989 1.9087e+00     15.895     34.917  23.393479     2.1669     2.6827     8.5512   999.8580      8.668      5.976 0.0000e+00
      6.108      0.028   384.2526     2.1272     17.759 1.8945e+00     15.895     34.945  23.408726     2.1046     2.7198     8.5492   999.8582      8.692      5.993 0.0000e+00
      6.116      0.026   384.1947     2.1251     17.516 1.8936e+00     15.895     35.007  23.448240     2.0051     2.8305     8.5261   999.8599      8.703      6.000 0.0000e+00
      6.118      0.024   384.1623     2.1294     17.254 1.8866e+00     15.895     35.073  23.490713     1.9653     2.9221     8.5051   999.8613      8.702      5.999 0.0000e+00
      6.121      0.021   384.1195     2.1073     16.901 1.8705e+00     15.896     35.151  23.541724     1.9665     2.9342     8.4939   999.8620      8.704      6.001 0.0000e+00
      6.127      0.020   384.0213     2.0782     16.472 1.8583e+00     15.896     35.269  23.621063     2.0583     2.8740     8.4907   999.8623      8.715      6.009 0.0000e+00
      6.134      0.021   384.0071     2.0489     16.097 1.8447e+00     15.895     35.370  23.688938     2.2357     2.7436     8.4894   999.8625      8.727      6.017 0.0000e+00
      6.139      0.023   384.1209     2.0238     15.844 1.8258e+00     15.895     35.431  23.728165     2.3284     2.6624     8.4857   999.8627      8.732      6.020 0.0000e+00
      6.145      0.023   384.1920     1.9836     15.681 1.8033e+00     15.896     35.509  23.778246     2.3489     2.6811     8.4830   999.8629      8.737      6.024 0.0000e+00
      6.152      0.023   384.1781     1.9232     15.489 1.7874e+00     15.896     35.619  23.850511     2.3694     2.6958     8.4863   999.8629      8.751      6.035 0.0000e+00
      6.158      0.024   384.1249     1.8787     15.215 1.7830e+00     15.896     35.701  23.904264     2.3856     2.6693     8.4876   999.8628      8.761      6.041 0.0000e+00
      6.162      0.024   384.0651     1.8488     14.951 1.7732e+00     15.896     35.727  23.920785     2.4020     2.6346     8.4829   999.8631      8.762      6.041 0.0000e+00
      6.168      0.024   384.0571     1.8370     14.713 1.7592e+00     15.896     35.732  23.923422     2.4051     2.6192     8.4789   999.8635      8.771      6.047 0.0000e+00
      6.177      0.024   384.2867     1.8200     14.455 1.7566e+00     15.896     35.750  23.936148     2.3758     2.6205     8.4777   999.8637      8.787      6.058 0.0000e+00
