Data/DataNotYetUploadedToEDI/Raw_CTD/RawDownloads/051421_bvr50_0001.cnv
* Sea-Bird SBE19plus  Data File:
* FileName = C:\R\Reservoirs\Data\DataNotYetUploadedToEDI\Raw_CTD\RawDownloads\051421_bvr50_0001.hex
* Software version 2.8.0.119
* Temperature SN = 7809
* Conductivity SN = 7809
* System UpLoad Time = May 17 2021 13:09:23
* <ApplicationData>
* <Seaterm232>
# nquan = 16
# nvalues = 2354                        
# units = specified
# name 0 = depFM: Depth [fresh water, m]
# name 1 = dz/dtM: Descent Rate [m/s]
# name 2 = orp: Oxidation Reduction Potential [mV]
# name 3 = sbeox0Mg/L: Oxygen, SBE 43 [mg/l]
# name 4 = sbeox0PS: Oxygen, SBE 43 [% saturation]
# name 5 = par/sat/log: PAR/Logarithmic, Satlantic
# name 6 = ph: pH
# name 7 = specc: Specific Conductance [uS/cm]
# name 8 = c0uS/cm: Conductivity [uS/cm]
# name 9 = flECO-AFL: Fluorescence, WET Labs ECO-AFL/FL [mg/m^3]
# name 10 = turbWETntu0: Turbidity, WET Labs ECO [NTU]
# name 11 = tv290C: Temperature [ITS-90, deg C]
# name 12 = density00: Density [density, kg/m^3]
# name 13 = prdE: Pressure, Strain Gauge [psi]
# name 14 = prdM: Pressure, Strain Gauge [db]
# name 15 = flag:  0.000e+00
# span 0 =     -0.648,     10.546       
# span 1 =     -0.361,      0.256       
# span 2 = -1240.7455,   440.5325       
# span 3 =     0.1306,     9.4551       
# span 4 =      1.158,     97.204       
# span 5 = 2.0482e-01, 1.7995e+03       
# span 6 =     15.547,     15.856       
# span 7 =      4.611,     88.001       
# span 8 =   3.834652,  58.771331       
# span 9 =    -2.6530,     7.0318       
# span 10 =    -0.2741,   483.9461      
# span 11 =     8.3756,    18.2779      
# span 12 =   998.5574,   999.9094      
# span 13 =     -0.922,     15.001      
# span 14 =     -0.637,     10.343      
# span 15 = 0.0000e+00, 0.0000e+00      
# interval = seconds: 0.25
# start_time = May 13 2021 21:19:30 [Instrument's time stamp, header]
# bad_flag = -9.990e-29
*END*
[from data line 181]
      0.359      0.072   422.7830     8.8859     92.634 1.3466e+02     15.613     25.555  21.548555     0.3914     1.0202    17.1536   998.7644      0.512      0.352 0.0000e+00
      0.375      0.062   423.9259     8.8888     92.689 2.2107e+02     15.613     25.560  21.549585     0.3891     1.0653    17.1554   998.7641      0.536      0.369 0.0000e+00
      0.389      0.055   425.2664     8.9063     92.682 3.5960e+02     15.614     25.563  21.548431     0.3951     1.0428    17.1587   998.7637      0.555      0.383 0.0000e+00
      0.401      0.051   426.7739     8.9123     92.679 4.8488e+02     15.615     25.553  21.534606     0.3583     0.9892    17.1598   998.7635      0.571      0.393 0.0000e+00
      0.412      0.048   427.5262     8.9236     92.664 5.6209e+02     15.615     25.530  21.509244     0.2880     0.9663    17.1570   998.7640      0.585      0.404 0.0000e+00
      0.423      0.046   428.3406     8.9345     92.653 4.9144e+02     15.614     25.520  21.495419     0.2515     1.0067    17.1518   998.7650      0.600      0.414 0.0000e+00
      0.434      0.046   429.5650     8.9262     92.663 3.6804e+02     15.614     25.522  21.494276     0.2598     1.0648    17.1434   998.7665      0.617      0.426 0.0000e+00
      0.447      0.046   430.6280     8.9343     92.634 3.4134e+02     15.614     25.523  21.495419     0.3032     1.0512    17.1328   998.7684      0.635      0.438 0.0000e+00
      0.459      0.045   432.4176     8.9320     92.529 3.1413e+02     15.614     25.538  21.509244     0.3658     0.9796    17.1226   998.7702      0.652      0.450 0.0000e+00
      0.471      0.042   434.2531     8.9315     92.360 2.5666e+02     15.614     25.568  21.534609     0.4064     0.9545    17.1091   998.7727      0.670      0.462 0.0000e+00
      0.482      0.039   435.1836     8.9384     92.213 2.2499e+02     15.613     25.581  21.548443     0.4318     0.9880    17.1021   998.7739      0.687      0.473 0.0000e+00
      0.491      0.035   436.0101     8.9343     92.143 2.3361e+02     15.613     25.579  21.549691     0.4823     1.0070    17.1072   998.7731      0.699      0.482 0.0000e+00
      0.499      0.032   436.8474     8.9258     92.178 2.7720e+02     15.613     25.577  21.549700     0.5584     0.9778    17.1076   998.7731      0.710      0.490 0.0000e+00
      0.506      0.030   436.9605     8.9041     92.313 4.0685e+02     15.613     25.574  21.548557     0.5993     0.9438    17.1056   998.7734      0.720      0.496 0.0000e+00
      0.512      0.029   436.3463     8.8880     92.493 5.5787e+02     15.613     25.559  21.535866     0.6038     0.9743    17.1126   998.7722      0.728      0.502 0.0000e+00
      0.518      0.029   436.3897     8.8788     92.658 6.3963e+02     15.613     25.544  21.523080     0.5850     0.9346    17.1201   998.7710      0.737      0.508 0.0000e+00
      0.526      0.028   437.9155     8.8810     92.783 7.6418e+02     15.613     25.540  21.520794     0.5341     0.7724    17.1236   998.7704      0.748      0.516 0.0000e+00
      0.535      0.027   439.8237     8.8966     92.856 7.7321e+02     15.613     25.524  21.508224     0.5129     0.7297    17.1257   998.7701      0.760      0.524 0.0000e+00
      0.543      0.025   440.5325     8.9157     92.865 5.7290e+02     15.613     25.511  21.497933     0.5377     0.7956    17.1257   998.7701      0.773      0.533 0.0000e+00
      0.549      0.024   439.2582     8.9331     92.841 4.3843e+02     15.612     25.540  21.523192     0.5572     0.8488    17.1255   998.7702      0.783      0.540 0.0000e+00
      0.553      0.024   435.2576     8.9434     92.820 3.9701e+02     15.611     25.584  21.559973     0.5492     0.9268    17.1273   998.7699      0.788      0.544 0.0000e+00
      0.557      0.025   431.2236     8.9531     92.833 3.3356e+02     15.611     25.587  21.562166     0.5359     0.9493    17.1300   998.7694      0.791      0.546 0.0000e+00
      0.561      0.028   431.4386     8.9502     92.863 2.7551e+02     15.612     25.575  21.549701     0.5393     0.9488    17.1309   998.7693      0.796      0.550 0.0000e+00
      0.569      0.032   433.8986     8.9482     92.857 2.4515e+02     15.614     25.562  21.536095     0.5424     0.9884    17.1310   998.7693      0.808      0.557 0.0000e+00
      0.580      0.035   435.4997     8.9440     92.828 2.4656e+02     15.614     25.551  21.524471     0.5364     0.9827    17.1325   998.7691      0.824      0.568 0.0000e+00
      0.592      0.036   436.6876     8.9447     92.782 3.1164e+02     15.613     25.566  21.535984     0.5328     0.9832    17.1322   998.7693      0.842      0.580 0.0000e+00
      0.603      0.036   436.0437     8.9540     92.723 4.0501e+02     15.613     25.581  21.548471     0.5369     1.0284    17.1269   998.7702      0.860      0.592 0.0000e+00
      0.612      0.033   409.6460     8.9509     92.679 4.5106e+02     15.609     25.581  21.548626     0.5479     1.0479    17.1199   998.7714      0.870      0.601 0.0000e+00
      0.619      0.031   359.8023     8.9496     92.602 4.7468e+02     15.601     25.567  21.537857     0.5520     1.0137    17.1167   998.7720      0.880      0.607 0.0000e+00
      0.626      0.031   333.9634     8.9464     92.477 4.7697e+02     15.599     25.576  21.545090     0.5476     0.9583    17.1155   998.7723      0.892      0.615 0.0000e+00
      0.632      0.033   333.3220     8.9370     92.399 4.1297e+02     15.603     25.609  21.572657     0.5422     0.9614    17.1152   998.7724      0.899      0.620 0.0000e+00
      0.639      0.036   334.3240     8.9362     92.375 3.1137e+02     15.608     25.588  21.554105     0.5532     1.0174    17.1157   998.7723      0.904      0.623 0.0000e+00
      0.649      0.039   335.2368     8.9316     92.370 2.1435e+02     15.610     25.537  21.511016     0.5671     1.0169    17.1160   998.7723      0.921      0.636 0.0000e+00
      0.661      0.041   336.0129     8.9114     92.376 1.5825e+02     15.611     25.519  21.495579     0.5481     0.9554    17.1159   998.7723      0.941      0.650 0.0000e+00
      0.673      0.041   336.7380     8.9063     92.367 1.3834e+02     15.612     25.519  21.494279     0.5232     0.9260    17.1141   998.7728      0.956      0.660 0.0000e+00
      0.685      0.040   337.2930     8.9066     92.377 1.2641e+02     15.612     25.522  21.495296     0.5238     0.9363    17.1135   998.7729      0.975      0.673 0.0000e+00
      0.695      0.037   337.7340     8.9034     92.422 1.1878e+02     15.613     25.540  21.507872     0.5747     0.9772    17.1143   998.7728      0.990      0.683 0.0000e+00
      0.704      0.034   338.1971     8.9083     92.486 1.1393e+02     15.613     25.555  21.519506     0.6417     1.0081    17.1136   998.7730      1.001      0.691 0.0000e+00
      0.711      0.032   338.6764     8.9046     92.602 1.1170e+02     15.613     25.544  21.509130     0.6582     1.0015    17.1110   998.7734      1.011      0.698 0.0000e+00
      0.717      0.032   339.2270     8.9054     92.770 1.1129e+02     15.614     25.544  21.509244     0.6595     1.0339    17.1070   998.7742      1.020      0.704 0.0000e+00
      0.725      0.033   339.7786     8.9135     92.920 1.1225e+02     15.614     25.559  21.520879     0.6668     1.0565    17.1035   998.7748      1.033      0.711 0.0000e+00
      0.733      0.034   340.2701     8.9166     92.992 1.1413e+02     15.613     25.561  21.522975     0.6612     0.9995    17.1007   998.7754      1.043      0.719 0.0000e+00
      0.742      0.036   340.7803     8.9281     92.983 1.1609e+02     15.613     25.575  21.534600     0.6492     0.9292    17.0985   998.7758      1.055      0.728 0.0000e+00
      0.752      0.037   341.2160     8.9480     92.939 1.1810e+02     15.612     25.575  21.534610     0.6443     0.9274    17.0970   998.7761      1.069      0.738 0.0000e+00
      0.762      0.037   341.4084     8.9650     92.919 1.2009e+02     15.612     25.560  21.523091     0.6505     0.9774    17.0962   998.7763      1.084      0.748 0.0000e+00
      0.772      0.035   341.4710     8.9716     92.908 1.2128e+02     15.613     25.560  21.522148     0.6578     0.9855    17.0961   998.7763      1.100      0.758 0.0000e+00
      0.782      0.032   341.5439     8.9696     92.853 1.2195e+02     15.614     25.562  21.523206     0.6651     0.9563    17.0958   998.7764      1.112      0.767 0.0000e+00
      0.791      0.028   341.6870     8.9619     92.811 1.2275e+02     15.614     25.578  21.535880     0.6723     0.9675    17.0967   998.7762      1.125      0.776 0.0000e+00
      0.797      0.023   341.9966     8.9598     92.818 1.2313e+02     15.613     25.594  21.548561     0.6774     1.0182    17.0986   998.7760      1.136      0.783 0.0000e+00
      0.802      0.018   342.2760     8.9643     92.853 1.2236e+02     15.613     25.595  21.549704     0.6793     1.0546    17.0981   998.7761      1.142      0.787 0.0000e+00
      0.806      0.014   342.3980     8.9541     92.898 1.2122e+02     15.613     25.595  21.549704     0.6758     1.0300    17.0954   998.7766      1.146      0.790 0.0000e+00
      0.808      0.012   342.6112     8.9490     92.920 1.2116e+02     15.613     25.593  21.548559     0.6639     0.9606    17.0945   998.7768      1.149      0.793 0.0000e+00
      0.808      0.012   343.0468     8.9526     92.925 1.2155e+02     15.613     25.576  21.535869     0.6604     0.9708    17.0940   998.7768      1.150      0.793 0.0000e+00
      0.809      0.013   343.4484     8.9546     92.934 1.2145e+02     15.612     25.560  21.523093     0.6522     1.0159    17.0926   998.7771      1.150      0.793 0.0000e+00
      0.812      0.015   343.6816     8.9623     92.923 1.2248e+02     15.612     25.557  21.520909     0.6213     0.9559    17.0929   998.7770      1.153      0.795 0.0000e+00
      0.817      0.017   343.9741     8.9626     92.882 1.2686e+02     15.611     25.543  21.509473     0.6115     0.9327    17.0947   998.7768      1.161      0.800 0.0000e+00
      0.825      0.017   344.3177     8.9612     92.834 1.3395e+02     15.611     25.547  21.511647     0.6288     1.0095    17.0973   998.7764      1.175      0.810 0.0000e+00
      0.832      0.015   344.3941     8.9635     92.790 1.4236e+02     15.612     25.589  21.547188     0.6584     1.0607    17.1000   998.7760      1.185      0.816 0.0000e+00
      0.835      0.012   344.3818     8.9628     92.750 1.5535e+02     15.613     25.602  21.558717     0.6835     1.0370    17.1004   998.7759      1.189      0.820 0.0000e+00
      0.836      0.011   344.5124     8.9576     92.741 1.7745e+02     15.612     25.559  21.524223     0.6745     0.9625    17.0992   998.7761      1.191      0.821 0.0000e+00
      0.836      0.014   344.5967     8.9528     92.796 2.1287e+02     15.612     25.542  21.510605     0.6650     0.9505    17.0980   998.7763      1.190      0.820 0.0000e+00
      0.836      0.021   344.7131     8.9493     92.892 2.6432e+02     15.613     25.555  21.520888     0.6639     0.9943    17.0974   998.7764      1.190      0.820 0.0000e+00
      0.838      0.029   344.9733     8.9441     92.963 3.0673e+02     15.613     25.557  21.521718     0.6420     1.0117    17.0987   998.7761      1.190      0.820 0.0000e+00
      0.847      0.036   345.2482     8.9407     93.005 2.9815e+02     15.613     25.559  21.520651     0.6104     1.0240    17.1023   998.7755      1.199      0.828 0.0000e+00
      0.864      0.042   345.3690     8.9458     93.022 2.5232e+02     15.613     25.549  21.507978     0.5963     1.0400    17.1043   998.7753      1.229      0.847 0.0000e+00
      0.881      0.044   345.4017     8.9604     93.029 2.1437e+02     15.612     25.539  21.495306     0.6048     1.0330    17.1038   998.7755      1.257      0.867 0.0000e+00
      0.894      0.044   345.6442     8.9647     93.020 1.8991e+02     15.612     25.540  21.494257     0.6183     1.0081    17.1028   998.7757      1.274      0.879 0.0000e+00
      0.903      0.041   346.0639     8.9714     92.973 1.7071e+02     15.613     25.544  21.495296     0.6249     1.0139    17.0967   998.7769      1.286      0.887 0.0000e+00
      0.909      0.037   346.4321     8.9741     92.906 1.5534e+02     15.613     25.561  21.507865     0.6090     1.0339    17.0853   998.7788      1.292      0.891 0.0000e+00
      0.916      0.033   346.7405     8.9750     92.773 1.4339e+02     15.613     25.578  21.519393     0.5972     1.0440    17.0781   998.7801      1.303      0.899 0.0000e+00
      0.925      0.030   347.0394     8.9791     92.586 1.3585e+02     15.613     25.570  21.507854     0.6062     1.0334    17.0747   998.7808      1.317      0.908 0.0000e+00
      0.935      0.028   347.2925     8.9697     92.436 1.3109e+02     15.614     25.561  21.495173     0.6040     0.9742    17.0714   998.7813      1.329      0.916 0.0000e+00
      0.945      0.028   347.4785     8.9693     92.361 1.2989e+02     15.614     25.563  21.492886     0.5892     0.9127    17.0687   998.7819      1.346      0.928 0.0000e+00
      0.951      0.029   347.6521     8.9568     92.371 1.3229e+02     15.613     25.550  21.480194     0.5804     0.9073    17.0638   998.7828      1.355      0.934 0.0000e+00
      0.953      0.031   347.8434     8.9347     92.445 1.3447e+02     15.613     25.538  21.468541     0.5930     0.9770    17.0535   998.7846      1.354      0.935 0.0000e+00
      0.958      0.032   348.0711     8.9232     92.549 1.3660e+02     15.614     25.554  21.478814     0.6077     1.0346    17.0419   998.7866      1.360      0.938 0.0000e+00
      0.968      0.032   348.3409     8.9159     92.646 1.4140e+02     15.615     25.558  21.477578     0.6055     1.0210    17.0344   998.7880      1.373      0.947 0.0000e+00
      0.982      0.031   348.6099     8.9192     92.706 1.4899e+02     15.615     25.533  21.453583     0.6140     1.0175    17.0300   998.7888      1.398      0.964 0.0000e+00
      0.995      0.028   348.8282     8.9276     92.704 1.5934e+02     15.614     25.521  21.442347     0.6440     0.9588    17.0292   998.7891      1.421      0.979 0.0000e+00
      1.001      0.023   349.0012     8.9392     92.599 1.7313e+02     15.614     25.551  21.468552     0.6634     0.8257    17.0242   998.7900      1.426      0.983 0.0000e+00
      1.002      0.018   349.1534     8.9531     92.455 1.8993e+02     15.614     25.606  21.516768     0.6576     0.7467    17.0113   998.7922      1.425      0.983 0.0000e+00
      1.003      0.013   349.2057     8.9592     92.377 2.0786e+02     15.614     25.605  21.518015     0.6499     0.6912    17.0054   998.7932      1.427      0.984 0.0000e+00
      1.005      0.011   349.2031     8.9627     92.335 2.2888e+02     15.614     25.561  21.483633     0.6656     0.7375    17.0055   998.7931      1.431      0.986 0.0000e+00
      1.007      0.012   349.2940     8.9504     92.320 2.4842e+02     15.614     25.558  21.481545     0.6855     0.8949    17.0066   998.7929      1.433      0.988 0.0000e+00
      1.010      0.014   349.4450     8.9274     92.339 2.4686e+02     15.614     25.573  21.492772     0.6809     0.9464    17.0100   998.7925      1.433      0.988 0.0000e+00
      1.016      0.016   349.5659     8.9251     92.353 2.2974e+02     15.614     25.577  21.492551     0.6770     0.9474    17.0151   998.7916      1.443      0.996 0.0000e+00
      1.022      0.018   349.7225     8.9184     92.406 2.2389e+02     15.614     25.563  21.478861     0.6855     1.0111    17.0225   998.7903      1.457      1.004 0.0000e+00
      1.026      0.021   349.9623     8.9142     92.499 2.2666e+02     15.615     25.537  21.454076     0.6698     0.9611    17.0238   998.7901      1.461      1.007 0.0000e+00
      1.028      0.026   350.2278     8.9233     92.548 2.2389e+02     15.615     25.532  21.446531     0.6301     0.7890    17.0178   998.7911      1.462      1.008 0.0000e+00
      1.033      0.031   350.5239     8.9206     92.527 2.1794e+02     15.615     25.542  21.451039     0.6053     0.7157    17.0103   998.7925      1.467      1.012 0.0000e+00
