Data/DataNotYetUploadedToEDI/Raw_CTD/RawDownloads/051421_fcr50.cnv
* Sea-Bird SBE19plus  Data File:
* FileName = C:\R\Reservoirs\Data\DataNotYetUploadedToEDI\Raw_CTD\RawDownloads\051421_bvr50_0002.hex
* Software version 2.8.0.119
* Temperature SN = 7809
* Conductivity SN = 7809
* System UpLoad Time = May 17 2021 13:10:24
* <ApplicationData>
* <Seaterm232>
# nquan = 16
# nvalues = 2398                        
# units = specified
# name 0 = depFM: Depth [fresh water, m]
# name 1 = dz/dtM: Descent Rate [m/s]
# name 2 = orp: Oxidation Reduction Potential [mV]
# name 3 = sbeox0Mg/L: Oxygen, SBE 43 [mg/l]
# name 4 = sbeox0PS: Oxygen, SBE 43 [% saturation]
# name 5 = par/sat/log: PAR/Logarithmic, Satlantic
# name 6 = ph: pH
# name 7 = specc: Specific Conductance [uS/cm]
# name 8 = c0uS/cm: Conductivity [uS/cm]
# name 9 = flECO-AFL: Fluorescence, WET Labs ECO-AFL/FL [mg/m^3]
# name 10 = turbWETntu0: Turbidity, WET Labs ECO [NTU]
# name 11 = tv290C: Temperature [ITS-90, deg C]
# name 12 = density00: Density [density, kg/m^3]
# name 13 = prdE: Pressure, Strain Gauge [psi]
# name 14 = prdM: Pressure, Strain Gauge [db]
# name 15 = flag:  0.000e+00
# span 0 =     -0.579,      9.792       
# span 1 =     -0.376,      0.191       
# span 2 = -1240.7455,   385.9110       
# span 3 =     0.1176,    10.0002       
# span 4 =      1.049,    103.600       
# span 5 = 1.2350e-01, 2.7260e+03       
# span 6 =     15.557,     15.940       
# span 7 =      0.427,    129.951       
# span 8 =   0.384723,  85.653849       
# span 9 =    -1.0126,    13.0639       
# span 10 =    -1.4669,   175.7497      
# span 11 =     7.9029,    20.0593      
# span 12 =   998.1982,   999.9480      
# span 13 =     -0.825,     13.927      
# span 14 =     -0.569,      9.602      
# span 15 = 0.0000e+00, 0.0000e+00      
# interval = seconds: 0.25
# start_time = May 14 2021 00:07:32 [Instrument's time stamp, header]
# bad_flag = -9.990e-29
*END*
[from data line 904]
      5.231      0.034   379.2643     3.1220     26.924 4.1128e+00     15.887     33.838  22.963293     5.5069     2.2579     9.0023   999.8215      7.436      5.127 0.0000e+00
      5.250      0.035   379.2293     3.1308     27.084 4.0521e+00     15.887     33.842  22.961038     5.4564     2.2524     8.9898   999.8225      7.471      5.151 0.0000e+00
      5.261      0.037   379.0785     3.1149     27.145 4.0364e+00     15.887     33.862  22.972364     5.4361     2.1905     8.9651   999.8244      7.490      5.164 0.0000e+00
      5.264      0.039   379.0762     3.0917     27.070 4.0413e+00     15.887     33.868  22.973394     5.4240     2.1624     8.9409   999.8262      7.487      5.163 0.0000e+00
      5.267      0.039   379.3735     3.1166     26.897 4.0302e+00     15.887     33.878  22.973488     5.4340     2.1529     8.9265   999.8272      7.488      5.162 0.0000e+00
      5.275      0.037   379.5762     3.1413     26.675 3.9786e+00     15.887     33.889  22.973488     5.4524     2.1783     8.9206   999.8277      7.498      5.169 0.0000e+00
      5.291      0.036   379.5482     3.1502     26.461 3.8966e+00     15.887     33.895  22.973385     5.4557     2.1953     8.9186   999.8279      7.524      5.187 0.0000e+00
      5.308      0.036   379.5510     3.1385     26.236 3.8522e+00     15.888     33.896  22.972246     5.4747     2.1870     8.9153   999.8283      7.556      5.210 0.0000e+00
      5.317      0.034   379.6102     3.1191     25.993 3.8562e+00     15.889     33.881  22.959719     5.5282     2.2147     8.9050   999.8291      7.567      5.217 0.0000e+00
      5.320      0.031   379.5758     3.0897     25.826 3.8415e+00     15.889     33.866  22.948750     5.5681     2.2562     8.8909   999.8301      7.564      5.215 0.0000e+00
      5.325      0.029   379.5653     3.0662     25.725 3.7998e+00     15.889     33.894  22.966466     5.5761     2.2760     8.8864   999.8305      7.573      5.222 0.0000e+00
      5.330      0.027   379.8271     3.0457     25.648 3.7764e+00     15.889     33.927  22.983657     5.4823     2.2482     8.8858   999.8305      7.582      5.228 0.0000e+00
      5.336      0.027   380.0744     3.0060     25.595 3.7540e+00     15.889     33.908  22.966342     5.2922     2.1608     8.8794   999.8310      7.584      5.228 0.0000e+00
      5.347      0.026   380.1461     2.9924     25.555 3.7114e+00     15.889     33.883  22.947368     5.1951     2.1121     8.8792   999.8311      7.604      5.243 0.0000e+00
      5.359      0.025   380.1773     2.9813     25.501 3.6911e+00     15.889     33.879  22.944502     5.2139     2.1398     8.8810   999.8310      7.631      5.261 0.0000e+00
      5.364      0.024   380.0218     2.9724     25.413 3.6931e+00     15.888     33.861  22.931677     5.3099     2.1519     8.8701   999.8318      7.631      5.261 0.0000e+00
      5.364      0.024   379.8139     2.9683     25.323 3.6893e+00     15.888     33.848  22.919145     5.4687     2.1561     8.8591   999.8326      7.627      5.258 0.0000e+00
      5.367      0.025   379.7286     2.9635     25.232 3.6784e+00     15.889     33.858  22.919821     5.5693     2.2242     8.8589   999.8327      7.633      5.263 0.0000e+00
      5.372      0.028   379.7647     2.9605     25.107 3.6469e+00     15.890     33.897  22.939843     5.5732     2.2892     8.8608   999.8325      7.639      5.266 0.0000e+00
      5.382      0.032   380.0792     2.9463     25.002 3.5977e+00     15.890     33.952  22.970967     5.3439     2.2556     8.8615   999.8325      7.654      5.277 0.0000e+00
      5.394      0.033   380.4332     2.9363     24.976 3.5493e+00     15.891     33.970  22.979029     4.9134     2.1947     8.8565   999.8329      7.672      5.290 0.0000e+00
      5.407      0.031   380.5167     2.9303     24.986 3.5195e+00     15.891     33.964  22.973903     4.6794     2.2054     8.8453   999.8338      7.691      5.303 0.0000e+00
      5.417      0.026   380.4872     2.9132     24.981 3.5218e+00     15.890     33.961  22.972406     4.6601     2.2475     8.8354   999.8346      7.710      5.316 0.0000e+00
      5.420      0.020   380.4203     2.8961     24.882 3.5254e+00     15.890     33.943  22.960928     4.6319     2.2237     8.8249   999.8354      7.709      5.315 0.0000e+00
      5.421      0.013   380.3105     2.8999     24.711 3.5169e+00     15.890     33.941  22.961962     4.3964     2.1582     8.8177   999.8359      7.707      5.315 0.0000e+00
      5.423      0.008   380.2776     2.8996     24.582 3.5149e+00     15.890     33.967  22.984908     3.9868     2.1067     8.8190   999.8358      7.715      5.318 0.0000e+00
      5.424      0.006   380.2808     2.9049     24.510 3.5108e+00     15.890     33.957  22.984698     3.7710     2.0818     8.8193   999.8358      7.716      5.320 0.0000e+00
      5.425      0.009   380.2631     2.8942     24.457 3.5037e+00     15.889     33.913  22.959425     3.7611     2.1328     8.8191   999.8358      7.716      5.321 0.0000e+00
      5.426      0.015   380.2363     2.8630     24.366 3.4991e+00     15.888     33.876  22.933018     3.7628     2.2423     8.8233   999.8355      7.718      5.322 0.0000e+00
      5.428      0.022   380.2138     2.8521     24.253 3.4844e+00     15.889     33.866  22.919088     3.7534     2.3406     8.8306   999.8350      7.719      5.323 0.0000e+00
      5.433      0.027   380.2489     2.8414     24.188 3.4482e+00     15.890     33.877  22.917832     3.7519     2.3953     8.8433   999.8341      7.724      5.325 0.0000e+00
      5.443      0.032   380.3173     2.8396     24.184 3.4017e+00     15.889     33.887  22.917821     3.7824     2.4233     8.8530   999.8334      7.738      5.335 0.0000e+00
      5.458      0.036   380.3522     2.8289     24.265 3.3653e+00     15.889     33.895  22.918955     4.0083     2.3696     8.8498   999.8337      7.766      5.355 0.0000e+00
      5.470      0.039   380.3277     2.8099     24.382 3.3389e+00     15.889     33.918  22.931534     4.4041     2.2265     8.8357   999.8348      7.785      5.367 0.0000e+00
      5.477      0.039   380.3648     2.8074     24.467 3.3035e+00     15.889     33.940  22.943076     4.6199     2.1690     8.8210   999.8359      7.788      5.369 0.0000e+00
      5.484      0.034   380.4566     2.8029     24.533 3.2617e+00     15.889     33.926  22.931659     4.6523     2.2247     8.8120   999.8366      7.796      5.375 0.0000e+00
      5.495      0.028   380.4052     2.8153     24.543 3.2328e+00     15.890     33.912  22.920329     4.6822     2.2481     8.8066   999.8370      7.814      5.387 0.0000e+00
      5.506      0.023   380.2602     2.8359     24.459 3.2233e+00     15.890     33.932  22.932923     4.7049     2.1770     8.8025   999.8374      7.834      5.401 0.0000e+00
      5.511      0.018   380.1657     2.8399     24.321 3.2244e+00     15.890     33.969  22.957095     4.7167     2.1535     8.7978   999.8378      7.843      5.407 0.0000e+00
      5.512      0.012   380.1229     2.8527     24.209 3.2191e+00     15.889     33.971  22.958905     4.7290     2.2385     8.7938   999.8380      7.839      5.405 0.0000e+00
      5.512      0.007   380.2584     2.8559     24.188 3.2068e+00     15.889     33.961  22.954817     4.7196     2.2781     8.7914   999.8382      7.840      5.405 0.0000e+00
      5.512      0.004   380.5144     2.8436     24.212 3.1993e+00     15.889     33.980  22.971083     4.6802     2.2204     8.7896   999.8383      7.842      5.407 0.0000e+00
      5.512      0.006   380.5505     2.8253     24.210 3.1996e+00     15.889     33.968  22.965318     4.6435     2.1249     8.7890   999.8384      7.839      5.406 0.0000e+00
      5.512      0.013   380.4368     2.8062     24.157 3.2088e+00     15.889     33.944  22.948539     4.6383     2.1183     8.7881   999.8384      7.840      5.405 0.0000e+00
      5.513      0.023   380.4293     2.8084     24.092 3.2175e+00     15.890     33.968  22.958465     4.6460     2.2092     8.7917   999.8381      7.842      5.407 0.0000e+00
      5.517      0.033   380.5468     2.8135     24.046 3.2063e+00     15.890     33.987  22.958485     4.4800     2.1945     8.8000   999.8377      7.843      5.407 0.0000e+00
      5.527      0.038   380.6520     2.8146     23.986 3.1529e+00     15.890     33.992  22.948771     4.1475     2.1125     8.8035   999.8374      7.855      5.415 0.0000e+00
      5.547      0.040   380.6699     2.8058     23.902 3.0666e+00     15.891     34.029  22.967839     3.9634     2.1103     8.8045   999.8374      7.890      5.440 0.0000e+00
      5.566      0.037   380.7628     2.7960     23.811 3.0257e+00     15.891     34.074  22.998772     3.9315     2.1328     8.7964   999.8381      7.926      5.465 0.0000e+00
      5.576      0.031   380.9144     2.7966     23.726 3.0393e+00     15.891     34.079  23.005683     3.7239     2.1447     8.7727   999.8399      7.936      5.472 0.0000e+00
      5.577      0.022   380.9542     2.7898     23.613 3.0386e+00     15.891     34.048  22.987975     3.3222     2.1168     8.7503   999.8414      7.931      5.469 0.0000e+00
      5.578      0.013   380.9004     2.7804     23.419 3.0286e+00     15.890     34.025  22.974938     3.0894     2.0708     8.7413   999.8420      7.933      5.470 0.0000e+00
      5.579      0.009   380.7805     2.7683     23.168 3.0229e+00     15.890     34.022  22.974892     3.0652     2.1031     8.7455   999.8418      7.936      5.472 0.0000e+00
      5.579      0.013   380.6233     2.7586     22.898 3.0062e+00     15.890     34.039  22.987414     3.0680     2.1294     8.7515   999.8414      7.935      5.471 0.0000e+00
      5.580      0.019   380.5478     2.7509     22.695 2.9959e+00     15.891     34.062  22.999508     3.0663     2.0801     8.7569   999.8410      7.936      5.472 0.0000e+00
      5.584      0.024   380.7278     2.7235     22.634 2.9859e+00     15.892     34.066  22.994277     3.0629     2.0907     8.7612   999.8407      7.939      5.475 0.0000e+00
      5.593      0.028   381.0791     2.6950     22.655 2.9537e+00     15.892     34.065  22.987577     3.0658     2.1550     8.7615   999.8408      7.951      5.482 0.0000e+00
      5.607      0.029   381.3541     2.6597     22.689 2.9208e+00     15.891     34.059  22.981916     3.0338     2.1708     8.7660   999.8405      7.975      5.499 0.0000e+00
      5.619      0.027   381.4715     2.6293     22.709 2.9013e+00     15.891     34.069  22.989246     2.9533     2.1442     8.7626   999.8408      7.996      5.513 0.0000e+00
      5.624      0.022   381.3800     2.6300     22.704 2.8881e+00     15.891     34.104  23.012779     2.8935     2.1079     8.7457   999.8420      8.001      5.516 0.0000e+00
      5.626      0.016   381.1945     2.6351     22.670 2.8785e+00     15.891     34.103  23.012778     2.8830     2.1099     8.7344   999.8429      8.002      5.517 0.0000e+00
      5.629      0.010   381.1208     2.6401     22.599 2.8773e+00     15.891     34.065  22.989235     2.8733     2.1335     8.7354   999.8428      8.008      5.520 0.0000e+00
      5.630      0.005   381.1769     2.6424     22.459 2.8759e+00     15.891     34.050  22.981802     2.7383     2.1528     8.7378   999.8426      8.008      5.521 0.0000e+00
      5.630      0.002   381.2712     2.6424     22.279 2.8694e+00     15.891     34.049  22.986328     2.4911     2.1723     8.7356   999.8428      8.006      5.520 0.0000e+00
      5.630      0.001   381.3997     2.6379     22.179 2.8671e+00     15.890     34.031  22.980553     2.3540     2.1631     8.7377   999.8427      8.008      5.522 0.0000e+00
      5.630      0.000   381.5266     2.6311     22.188 2.8659e+00     15.890     34.017  22.975398     2.3493     2.1783     8.7419   999.8424      8.009      5.522 0.0000e+00
      5.630      0.000   381.6014     2.6166     22.256 2.8716e+00     15.890     34.029  22.987418     2.3104     2.2530     8.7420   999.8423      8.007      5.520 0.0000e+00
      5.630      0.000   381.6161     2.5847     22.363 2.8818e+00     15.890     34.040  22.999052     2.2080     2.3117     8.7511   999.8417      8.008      5.521 0.0000e+00
      5.630      0.001   381.5326     2.5731     22.471 2.8819e+00     15.889     34.021  22.989231     2.1505     2.3385     8.7643   999.8407      8.009      5.522 0.0000e+00
      5.630      0.004   381.4508     2.5777     22.535 2.8737e+00     15.889     34.031  22.995521     2.1488     2.3707     8.7691   999.8404      8.008      5.521 0.0000e+00
      5.630      0.006   381.4876     2.5840     22.588 2.8648e+00     15.890     34.069  23.011675     2.1402     2.4263     8.7741   999.8400      8.008      5.521 0.0000e+00
      5.631      0.008   381.5472     2.5984     22.686 2.8607e+00     15.890     34.060  22.994277     2.1237     2.4622     8.7804   999.8396      8.008      5.521 0.0000e+00
      5.635      0.010   381.5700     2.6134     22.779 2.8624e+00     15.890     34.037  22.975409     2.1016     2.4271     8.7864   999.8392      8.013      5.525 0.0000e+00
      5.640      0.011   381.6768     2.6197     22.825 2.8524e+00     15.890     34.030  22.973807     2.0821     2.4135     8.7898   999.8389      8.024      5.533 0.0000e+00
      5.644      0.011   381.8067     2.6204     22.834 2.8374e+00     15.890     34.029  22.974913     2.0985     2.4346     8.7727   999.8402      8.029      5.535 0.0000e+00
      5.645      0.011   381.8498     2.6395     22.807 2.8421e+00     15.889     34.049  22.988788     2.1365     2.4080     8.7463   999.8421      8.028      5.535 0.0000e+00
      5.647      0.011   381.8537     2.6518     22.774 2.8456e+00     15.889     34.087  23.014727     2.1513     2.3668     8.7454   999.8422      8.031      5.537 0.0000e+00
      5.650      0.012   381.8530     2.6540     22.722 2.8349e+00     15.889     34.115  23.034853     2.1537     2.3478     8.7564   999.8413      8.037      5.541 0.0000e+00
      5.652      0.012   381.8425     2.6578     22.622 2.8266e+00     15.889     34.121  23.041865     2.2129     2.3852     8.7563   999.8414      8.040      5.543 0.0000e+00
      5.656      0.013   381.8985     2.6512     22.532 2.8124e+00     15.889     34.108  23.036100     2.3138     2.4410     8.7560   999.8415      8.043      5.546 0.0000e+00
      5.661      0.014   382.0136     2.6473     22.483 2.7937e+00     15.888     34.092  23.028573     2.3433     2.4381     8.7570   999.8414      8.053      5.553 0.0000e+00
      5.665      0.014   382.2014     2.6463     22.450 2.7901e+00     15.888     34.066  23.014274     2.3225     2.4192     8.7581   999.8414      8.058      5.556 0.0000e+00
      5.667      0.015   382.4486     2.6280     22.383 2.7847e+00     15.888     34.027  22.990050     2.3478     2.4191     8.7626   999.8411      8.058      5.556 0.0000e+00
      5.671      0.018   382.5071     2.6170     22.262 2.7688e+00     15.888     34.025  22.989369     2.6585     2.4025     8.7668   999.8408      8.067      5.561 0.0000e+00
      5.676      0.024   382.2207     2.6123     22.130 2.7531e+00     15.889     34.053  23.006046     3.2190     2.3898     8.7720   999.8404      8.075      5.567 0.0000e+00
      5.678      0.030   381.8248     2.6095     22.007 2.7368e+00     15.891     34.057  23.001424     3.5175     2.4023     8.7775   999.8400      8.073      5.566 0.0000e+00
      5.684      0.036   381.7641     2.6059     21.966 2.7163e+00     15.891     34.070  22.996898     3.5397     2.4166     8.7816   999.8397      8.080      5.571 0.0000e+00
      5.698      0.039   381.9176     2.5839     21.978 2.6923e+00     15.891     34.115  23.014729     3.5825     2.4601     8.7826   999.8397      8.104      5.588 0.0000e+00
      5.714      0.039   382.0462     2.5744     21.947 2.6627e+00     15.891     34.143  23.026753     3.6532     2.4469     8.7802   999.8400      8.130      5.605 0.0000e+00
      5.727      0.037   382.1997     2.5521     21.908 2.6274e+00     15.890     34.127  23.015422     3.6797     2.3599     8.7705   999.8407      8.148      5.617 0.0000e+00
