Data/DataNotYetUploadedToEDI/Raw_CTD/RawDownloads/051421_fcr50.cnv
* Sea-Bird SBE19plus  Data File:
* FileName = C:\R\Reservoirs\Data\DataNotYetUploadedToEDI\Raw_CTD\RawDownloads\051421_bvr50_0002.hex
* Software version 2.8.0.119
* Temperature SN = 7809
* Conductivity SN = 7809
* System UpLoad Time = May 17 2021 13:10:24
* <ApplicationData>
* <Seaterm232>
# nquan = 16
# nvalues = 2398                        
# units = specified
# name 0 = depFM: Depth [fresh water, m]
# name 1 = dz/dtM: Descent Rate [m/s]
# name 2 = orp: Oxidation Reduction Potential [mV]
# name 3 = sbeox0Mg/L: Oxygen, SBE 43 [mg/l]
# name 4 = sbeox0PS: Oxygen, SBE 43 [% saturation]
# name 5 = par/sat/log: PAR/Logarithmic, Satlantic
# name 6 = ph: pH
# name 7 = specc: Specific Conductance [uS/cm]
# name 8 = c0uS/cm: Conductivity [uS/cm]
# name 9 = flECO-AFL: Fluorescence, WET Labs ECO-AFL/FL [mg/m^3]
# name 10 = turbWETntu0: Turbidity, WET Labs ECO [NTU]
# name 11 = tv290C: Temperature [ITS-90, deg C]
# name 12 = density00: Density [density, kg/m^3]
# name 13 = prdE: Pressure, Strain Gauge [psi]
# name 14 = prdM: Pressure, Strain Gauge [db]
# name 15 = flag:  0.000e+00
# span 0 =     -0.579,      9.792       
# span 1 =     -0.376,      0.191       
# span 2 = -1240.7455,   385.9110       
# span 3 =     0.1176,    10.0002       
# span 4 =      1.049,    103.600       
# span 5 = 1.2350e-01, 2.7260e+03       
# span 6 =     15.557,     15.940       
# span 7 =      0.427,    129.951       
# span 8 =   0.384723,  85.653849       
# span 9 =    -1.0126,    13.0639       
# span 10 =    -1.4669,   175.7497      
# span 11 =     7.9029,    20.0593      
# span 12 =   998.1982,   999.9480      
# span 13 =     -0.825,     13.927      
# span 14 =     -0.569,      9.602      
# span 15 = 0.0000e+00, 0.0000e+00      
# interval = seconds: 0.25
# start_time = May 14 2021 00:07:32 [Instrument's time stamp, header]
# bad_flag = -9.990e-29
*END*
[from data line 362]
      1.723      0.026   337.3717     9.6601     97.266 1.0248e+02     15.692     33.452  27.266008     1.8965     2.4851    15.7854   999.0024      2.454      1.692 0.0000e+00
      1.724      0.026   337.4457     9.6554     97.352 1.0241e+02     15.693     33.462  27.270528     1.9002     2.4741    15.7623   999.0062      2.452      1.691 0.0000e+00
      1.726      0.025   337.5885     9.6506     97.487 1.0196e+02     15.694     33.477  27.273905     1.9077     2.4317    15.7504   999.0080      2.453      1.691 0.0000e+00
      1.733      0.024   337.8079     9.6517     97.544 1.0101e+02     15.695     33.451  27.243391     1.9386     2.4180    15.7490   999.0083      2.461      1.697 0.0000e+00
      1.744      0.025   338.0336     9.6465     97.571 1.0010e+02     15.695     33.430  27.218736     1.9691     2.4799    15.7523   999.0078      2.480      1.710 0.0000e+00
      1.754      0.025   338.1657     9.6546     97.601 9.9621e+01     15.695     33.452  27.229532     1.9805     2.4937    15.7475   999.0086      2.497      1.722 0.0000e+00
      1.759      0.025   338.2013     9.6849     97.625 9.9306e+01     15.695     33.481  27.247048     1.9904     2.4140    15.7292   999.0115      2.502      1.725 0.0000e+00
      1.763      0.024   338.2920     9.6844     97.725 9.8864e+01     15.695     33.478  27.240212     2.0129     2.3743    15.7161   999.0137      2.508      1.729 0.0000e+00
      1.768      0.021   338.4879     9.6885     97.856 9.8353e+01     15.694     33.443  27.210310     2.0331     2.4250    15.7066   999.0152      2.515      1.734 0.0000e+00
      1.773      0.020   338.5905     9.6991     97.918 9.7853e+01     15.694     33.433  27.202657     2.0344     2.4784    15.6953   999.0170      2.521      1.737 0.0000e+00
      1.779      0.020   338.5860     9.6932     97.872 9.7366e+01     15.695     33.444  27.211116     2.0184     2.4022    15.6862   999.0185      2.530      1.744 0.0000e+00
      1.785      0.022   338.6915     9.7104     97.678 9.7000e+01     15.696     33.422  27.185724     2.0027     2.2244    15.6769   999.0200      2.540      1.752 0.0000e+00
      1.788      0.025   338.9202     9.7285     97.356 9.6799e+01     15.697     33.395  27.149369     2.0065     2.1476    15.6761   999.0201      2.544      1.754 0.0000e+00
      1.791      0.027   339.0279     9.7326     97.005 9.6322e+01     15.697     33.418  27.152115     2.0265     2.1949    15.6797   999.0195      2.546      1.756 0.0000e+00
      1.800      0.029   338.9617     9.7314     96.717 9.5367e+01     15.696     33.433  27.155472     2.0720     2.2474    15.6799   999.0196      2.557      1.763 0.0000e+00
      1.812      0.030   338.8935     9.7130     96.582 9.4437e+01     15.696     33.402  27.126526     2.1279     2.3011    15.6721   999.0209      2.577      1.777 0.0000e+00
      1.822      0.030   338.8919     9.6816     96.642 9.3910e+01     15.697     33.397  27.119281     2.1394     2.3986    15.6452   999.0251      2.595      1.790 0.0000e+00
      1.828      0.029   338.9414     9.6508     96.825 9.3475e+01     15.697     33.413  27.131294     2.1344     2.4982    15.6142   999.0300      2.600      1.792 0.0000e+00
      1.834      0.029   338.9769     9.6205     97.034 9.3010e+01     15.697     33.429  27.144905     2.1540     2.5097    15.6055   999.0315      2.608      1.798 0.0000e+00
      1.839      0.029   338.9776     9.6046     97.227 9.2713e+01     15.697     33.446  27.156995     2.1755     2.4697    15.6042   999.0318      2.617      1.805 0.0000e+00
      1.844      0.029   339.0350     9.6159     97.352 9.2078e+01     15.698     33.442  27.150608     2.1842     2.4271    15.5948   999.0332      2.619      1.806 0.0000e+00
      1.854      0.032   339.2401     9.6393     97.427 9.1168e+01     15.698     33.424  27.131098     2.1927     2.4405    15.5961   999.0331      2.634      1.816 0.0000e+00
      1.864      0.037   339.4800     9.6578     97.507 9.0691e+01     15.698     33.414  27.111399     2.2209     2.5293    15.6002   999.0325      2.656      1.831 0.0000e+00
      1.871      0.041   339.6130     9.6823     97.534 9.0198e+01     15.699     33.424  27.102704     2.3635     2.5729    15.5939   999.0335      2.660      1.834 0.0000e+00
      1.881      0.042   339.7292     9.6957     97.453 8.9068e+01     15.700     33.428  27.089386     2.6009     2.5909    15.5895   999.0342      2.670      1.840 0.0000e+00
      1.897      0.041   339.9385     9.6972     97.252 8.7829e+01     15.701     33.427  27.077211     2.7357     2.6776    15.5862   999.0348      2.699      1.861 0.0000e+00
      1.912      0.040   340.1645     9.7152     96.959 8.7142e+01     15.701     33.445  27.082343     2.7626     2.7627    15.5686   999.0376      2.724      1.878 0.0000e+00
      1.920      0.040   340.3099     9.7252     96.717 8.6781e+01     15.702     33.464  27.087995     2.7841     2.7958    15.5377   999.0425      2.733      1.884 0.0000e+00
      1.925      0.039   340.4064     9.7225     96.646 8.6303e+01     15.703     33.472  27.082106     2.8144     2.7694    15.5120   999.0466      2.737      1.887 0.0000e+00
      1.933      0.036   340.4711     9.7068     96.714 8.5679e+01     15.703     33.481  27.074558     2.8238     2.6834    15.4969   999.0489      2.747      1.894 0.0000e+00
      1.943      0.034   340.4898     9.6724     96.801 8.4860e+01     15.703     33.481  27.060143     2.8116     2.6485    15.4858   999.0507      2.761      1.904 0.0000e+00
      1.955      0.034   340.5463     9.6458     96.801 8.3978e+01     15.704     33.462  27.034667     2.7905     2.6566    15.4712   999.0531      2.781      1.917 0.0000e+00
      1.966      0.033   340.6382     9.6453     96.750 8.3407e+01     15.705     33.453  27.020243     2.7403     2.6436    15.4522   999.0561      2.800      1.930 0.0000e+00
      1.973      0.031   340.8259     9.6611     96.756 8.3042e+01     15.705     33.451  27.012591     2.6910     2.6289    15.4291   999.0597      2.807      1.935 0.0000e+00
      1.978      0.029   341.1823     9.6801     96.823 8.2622e+01     15.705     33.448  27.005576     2.6811     2.6169    15.4053   999.0635      2.813      1.939 0.0000e+00
      1.984      0.029   341.4198     9.6821     96.909 8.2255e+01     15.704     33.446  26.998846     2.7544     2.6351    15.3904   999.0658      2.823      1.946 0.0000e+00
      1.990      0.029   341.5453     9.6709     96.946 8.1838e+01     15.704     33.448  26.994642     2.8909     2.6434    15.3810   999.0673      2.829      1.951 0.0000e+00
      1.998      0.029   341.7533     9.6767     96.873 8.1177e+01     15.705     33.484  27.018170     2.9577     2.6147    15.3724   999.0687      2.839      1.958 0.0000e+00
      2.008      0.028   341.9558     9.6845     96.720 8.0472e+01     15.705     33.503  27.029590     2.9425     2.6307    15.3659   999.0697      2.857      1.971 0.0000e+00
      2.018      0.025   342.1017     9.6977     96.569 7.9930e+01     15.706     33.476  27.005853     2.9359     2.6995    15.3581   999.0710      2.871      1.981 0.0000e+00
      2.025      0.024   342.2260     9.7070     96.467 7.9650e+01     15.706     33.451  26.984894     2.9252     2.7263    15.3487   999.0725      2.881      1.987 0.0000e+00
      2.028      0.025   342.3406     9.6995     96.423 7.9584e+01     15.705     33.427  26.966460     2.8798     2.6803    15.3403   999.0738      2.885      1.989 0.0000e+00
      2.029      0.025   342.4549     9.6819     96.408 7.9449e+01     15.705     33.435  26.973267     2.8445     2.6228    15.3340   999.0748      2.886      1.990 0.0000e+00
      2.033      0.025   342.6618     9.6655     96.378 7.8869e+01     15.705     33.473  27.003767     2.8321     2.6154    15.3307   999.0752      2.887      1.991 0.0000e+00
      2.044      0.024   342.7773     9.6561     96.422 7.7919e+01     15.705     33.490  27.018077     2.8166     2.6584    15.3317   999.0751      2.904      2.003 0.0000e+00
      2.057      0.023   342.6461     9.6494     96.587 7.7269e+01     15.705     33.491  27.019430     2.7807     2.6625    15.3343   999.0749      2.931      2.021 0.0000e+00
      2.064      0.019   342.6244     9.6554     96.737 7.7117e+01     15.704     33.491  27.020131     2.7414     2.6312    15.3320   999.0753      2.939      2.026 0.0000e+00
      2.065      0.014   342.7732     9.6454     96.803 7.7104e+01     15.704     33.495  27.026546     2.7322     2.6229    15.3311   999.0754      2.937      2.025 0.0000e+00
      2.066      0.009   342.8971     9.6448     96.817 7.7076e+01     15.704     33.495  27.033570     2.8219     2.6304    15.3345   999.0748      2.938      2.026 0.0000e+00
      2.066      0.004   343.0034     9.6716     96.799 7.7048e+01     15.704     33.491  27.041632     2.9961     2.6535    15.3337   999.0750      2.938      2.026 0.0000e+00
      2.066      0.002   343.1127     9.6880     96.764 7.7022e+01     15.703     33.501  27.060612     3.0837     2.6627    15.3340   999.0750      2.939      2.026 0.0000e+00
      2.066      0.003   343.2718     9.6907     96.738 7.6986e+01     15.703     33.508  27.072777     3.0712     2.6732    15.3384   999.0742      2.938      2.026 0.0000e+00
      2.066      0.004   343.2927     9.6904     96.703 7.6918e+01     15.703     33.491  27.061859     3.0255     2.7115    15.3488   999.0726      2.939      2.026 0.0000e+00
      2.067      0.008   343.1068     9.6837     96.629 7.6803e+01     15.702     33.481  27.055467     2.9608     2.7475    15.3688   999.0695      2.939      2.027 0.0000e+00
      2.069      0.014   343.0893     9.6750     96.555 7.6606e+01     15.702     33.484  27.058927     2.9270     2.7645    15.3870   999.0667      2.941      2.028 0.0000e+00
      2.072      0.022   343.2532     9.6708     96.473 7.6386e+01     15.703     33.465  27.040266     2.9128     2.7118    15.3964   999.0653      2.947      2.032 0.0000e+00
      2.075      0.030   343.2815     9.6701     96.330 7.6041e+01     15.704     33.454  27.020128     2.8943     2.6595    15.3991   999.0649      2.950      2.034 0.0000e+00
      2.084      0.036   343.3451     9.6591     96.174 7.5191e+01     15.703     33.454  27.005714     2.8556     2.7154    15.3992   999.0649      2.958      2.040 0.0000e+00
      2.100      0.041   343.5918     9.6496     96.038 7.4129e+01     15.703     33.453  26.992830     2.7973     2.7696    15.4045   999.0641      2.987      2.060 0.0000e+00
      2.115      0.043   343.7693     9.6485     95.963 7.3478e+01     15.705     33.465  26.991196     2.7615     2.7318    15.4026   999.0646      3.013      2.078 0.0000e+00
      2.124      0.043   343.8567     9.6321     96.009 7.2938e+01     15.706     33.471  26.985944     2.7477     2.6706    15.3807   999.0680      3.019      2.082 0.0000e+00
      2.133      0.038   343.9607     9.6231     96.104 7.2167e+01     15.706     33.489  26.992750     2.7350     2.6816    15.3551   999.0720      3.031      2.090 0.0000e+00
      2.145      0.031   343.9937     9.6118     96.175 7.1562e+01     15.706     33.514  27.010049     2.7228     2.7277    15.3401   999.0744      3.053      2.106 0.0000e+00
      2.153      0.025   343.9976     9.6013     96.225 7.1334e+01     15.705     33.507  27.004808     2.7147     2.7132    15.3259   999.0766      3.066      2.114 0.0000e+00
      2.157      0.023   344.0941     9.6158     96.221 7.1232e+01     15.705     33.487  26.992812     2.7033     2.6422    15.3057   999.0797      3.068      2.116 0.0000e+00
      2.159      0.024   344.2138     9.6310     96.112 7.1095e+01     15.705     33.482  26.991876     2.7192     2.6261    15.2944   999.0815      3.070      2.118 0.0000e+00
      2.161      0.026   344.4126     9.6367     95.930 7.0829e+01     15.705     33.488  26.993493     2.7834     2.6893    15.2908   999.0821      3.073      2.119 0.0000e+00
      2.167      0.028   344.5184     9.6426     95.775 7.0271e+01     15.706     33.533  27.012355     2.8398     2.7201    15.2933   999.0817      3.079      2.123 0.0000e+00
      2.177      0.031   344.3754     9.6446     95.728 6.9409e+01     15.707     33.582  27.029629     2.8577     2.6896    15.2983   999.0809      3.094      2.134 0.0000e+00
      2.192      0.035   344.3183     9.6302     95.832 6.8645e+01     15.709     33.577  27.012026     2.8462     2.6300    15.3078   999.0796      3.120      2.151 0.0000e+00
      2.203      0.039   344.4297     9.6067     96.031 6.8313e+01     15.709     33.559  26.989790     2.8354     2.6174    15.3111   999.0790      3.138      2.164 0.0000e+00
      2.208      0.041   344.6040     9.5958     96.177 6.8028e+01     15.710     33.519  26.951061     2.8418     2.6739    15.2752   999.0846      3.140      2.165 0.0000e+00
      2.215      0.044   344.7904     9.5982     96.256 6.7350e+01     15.710     33.420  26.860896     2.8465     2.6953    15.2338   999.0911      3.146      2.169 0.0000e+00
      2.226      0.048   344.9629     9.6114     96.268 6.6421e+01     15.710     33.351  26.787645     2.9312     2.7047    15.2171   999.0937      3.166      2.183 0.0000e+00
      2.241      0.051   345.2265     9.6445     96.152 6.5526e+01     15.711     33.353  26.763105     3.1027     2.7868    15.2091   999.0949      3.188      2.198 0.0000e+00
      2.256      0.052   345.4826     9.6575     95.892 6.4544e+01     15.712     33.374  26.754434     3.2033     2.8652    15.2004   999.0963      3.207      2.211 0.0000e+00
      2.274      0.049   345.6516     9.6665     95.524 6.3498e+01     15.713     33.385  26.746204     3.2321     2.8977    15.1886   999.0982      3.234      2.230 0.0000e+00
      2.290      0.044   345.8067     9.6793     95.204 6.2929e+01     15.714     33.373  26.727012     3.2510     2.8698    15.1637   999.1021      3.264      2.251 0.0000e+00
      2.299      0.038   345.8089     9.6737     95.030 6.2834e+01     15.714     33.363  26.712661     3.2412     2.7685    15.1176   999.1091      3.273      2.257 0.0000e+00
      2.302      0.031   345.7648     9.6605     94.925 6.2651e+01     15.714     33.355  26.699539     3.2273     2.7028    15.0727   999.1160      3.272      2.256 0.0000e+00
      2.307      0.024   345.9608     9.6186     94.826 6.2182e+01     15.715     33.357  26.695208     3.2362     2.7271    15.0488   999.1196      3.279      2.261 0.0000e+00
      2.316      0.019   346.2861     9.5839     94.804 6.1735e+01     15.715     33.396  26.723715     3.2436     2.7530    15.0386   999.1212      3.294      2.271 0.0000e+00
      2.323      0.016   346.4289     9.5737     94.957 6.1591e+01     15.714     33.400  26.727067     3.2314     2.7068    15.0295   999.1226      3.306      2.280 0.0000e+00
      2.325      0.016   346.3964     9.5687     95.250 6.1560e+01     15.714     33.329  26.672312     3.2118     2.6495    15.0182   999.1243      3.308      2.281 0.0000e+00
      2.326      0.015   346.4100     9.5573     95.555 6.1482e+01     15.714     33.280  26.632543     3.2159     2.6445    15.0092   999.1257      3.307      2.280 0.0000e+00
      2.327      0.014   346.5073     9.5499     95.775 6.1305e+01     15.714     33.277  26.626804     3.2429     2.6801    15.0047   999.1264      3.309      2.282 0.0000e+00
      2.331      0.014   346.6255     9.5682     95.942 6.1011e+01     15.714     33.251  26.602915     3.2721     2.7021    15.0051   999.1263      3.314      2.285 0.0000e+00
      2.336      0.015   346.8933     9.6008     96.158 6.0774e+01     15.715     33.247  26.597425     3.3116     2.6708    15.0115   999.1253      3.324      2.291 0.0000e+00
      2.341      0.016   347.2498     9.6368     96.398 6.0617e+01     15.715     33.286  26.623842     3.3384     2.6445    15.0128   999.1251      3.333      2.298 0.0000e+00
