Data/DataNotYetUploadedToEDI/Raw_CTD/RawDownloads/051421_bvr50_0001.cnv
* Sea-Bird SBE19plus  Data File:
* FileName = C:\R\Reservoirs\Data\DataNotYetUploadedToEDI\Raw_CTD\RawDownloads\051421_bvr50_0001.hex
* Software version 2.8.0.119
* Temperature SN = 7809
* Conductivity SN = 7809
* System UpLoad Time = May 17 2021 13:09:23
* <ApplicationData>
* <Seaterm232>
# nquan = 16
# nvalues = 2354                        
# units = specified
# name 0 = depFM: Depth [fresh water, m]
# name 1 = dz/dtM: Descent Rate [m/s]
# name 2 = orp: Oxidation Reduction Potential [mV]
# name 3 = sbeox0Mg/L: Oxygen, SBE 43 [mg/l]
# name 4 = sbeox0PS: Oxygen, SBE 43 [% saturation]
# name 5 = par/sat/log: PAR/Logarithmic, Satlantic
# name 6 = ph: pH
# name 7 = specc: Specific Conductance [uS/cm]
# name 8 = c0uS/cm: Conductivity [uS/cm]
# name 9 = flECO-AFL: Fluorescence, WET Labs ECO-AFL/FL [mg/m^3]
# name 10 = turbWETntu0: Turbidity, WET Labs ECO [NTU]
# name 11 = tv290C: Temperature [ITS-90, deg C]
# name 12 = density00: Density [density, kg/m^3]
# name 13 = prdE: Pressure, Strain Gauge [psi]
# name 14 = prdM: Pressure, Strain Gauge [db]
# name 15 = flag:  0.000e+00
# span 0 =     -0.648,     10.546       
# span 1 =     -0.361,      0.256       
# span 2 = -1240.7455,   440.5325       
# span 3 =     0.1306,     9.4551       
# span 4 =      1.158,     97.204       
# span 5 = 2.0482e-01, 1.7995e+03       
# span 6 =     15.547,     15.856       
# span 7 =      4.611,     88.001       
# span 8 =   3.834652,  58.771331       
# span 9 =    -2.6530,     7.0318       
# span 10 =    -0.2741,   483.9461      
# span 11 =     8.3756,    18.2779      
# span 12 =   998.5574,   999.9094      
# span 13 =     -0.922,     15.001      
# span 14 =     -0.637,     10.343      
# span 15 = 0.0000e+00, 0.0000e+00      
# interval = seconds: 0.25
# start_time = May 13 2021 21:19:30 [Instrument's time stamp, header]
# bad_flag = -9.990e-29
*END*
[from data line 1989]
      6.885      0.001   214.6885     0.8217      7.551 1.2247e+01     15.833     29.093  19.802218     2.3473     3.7622     8.9953   999.8284      9.792      6.751 0.0000e+00
      6.885      0.006   215.5141     0.8594      7.623 1.2208e+01     15.833     28.962  19.720161     2.4596     3.7016     8.9839   999.8293      9.793      6.752 0.0000e+00
      6.886      0.010   216.2097     0.8719      7.751 1.2139e+01     15.833     28.791  19.613511     2.5195     3.6446     8.9980   999.8282      9.794      6.753 0.0000e+00
      6.889      0.012   216.8188     0.8669      7.901 1.2063e+01     15.833     28.547  19.463865     2.5190     3.6226     9.0218   999.8262      9.798      6.756 0.0000e+00
      6.893      0.014   217.2866     0.8718      8.101 1.1986e+01     15.832     28.470  19.432628     2.4632     3.6409     9.0299   999.8256      9.802      6.758 0.0000e+00
      6.899      0.014   217.6492     0.8758      8.391 1.1876e+01     15.831     28.529  19.489478     2.3406     3.6604     9.0388   999.8249      9.811      6.764 0.0000e+00
      6.904      0.014   217.9337     0.8958      8.779 1.1776e+01     15.829     28.473  19.453770     2.2663     3.6860     9.0562   999.8237      9.822      6.772 0.0000e+00
      6.908      0.011   218.3168     0.9096      9.307 1.1712e+01     15.829     28.376  19.381336     2.2609     3.7444     9.0828   999.8215      9.827      6.776 0.0000e+00
      6.910      0.004   218.7539     0.9283      9.942 1.1659e+01     15.830     28.376  19.374573     2.1993     3.8178     9.1281   999.8180      9.827      6.776 0.0000e+00
      6.912     -0.009   219.0886     0.9647     10.605 1.1620e+01     15.830     28.564  19.498813     2.0749     3.8867     9.1682   999.8151      9.830      6.777 0.0000e+00
      6.913     -0.026   219.5242     1.0025     11.253 1.1642e+01     15.830     28.833  19.678741     2.0066     3.8905     9.1654   999.8153      9.836      6.781 0.0000e+00
      6.909     -0.048   220.0636     1.0678     11.840 1.1786e+01     15.831     28.982  19.774621     2.0031     3.8990     9.1461   999.8168      9.834      6.780 0.0000e+00
      6.895     -0.073   220.5346     1.1450     12.312 1.2046e+01     15.831     29.077  19.833761     1.9948     3.9548     9.1357   999.8175      9.813      6.766 0.0000e+00
      6.871     -0.098   220.9163     1.2224     12.653 1.2359e+01     15.832     29.160  19.886518     1.9151     3.8438     9.1277   999.8179      9.775      6.740 0.0000e+00
      6.841     -0.119   221.3230     1.2988     12.828 1.2759e+01     15.832     29.192  19.905225     1.7831     3.6214     9.1258   999.8181      9.735      6.712 0.0000e+00
      6.802     -0.134   221.8386     1.3701     12.789 1.3290e+01     15.831     29.237  19.933125     1.7149     3.5310     9.1146   999.8187      9.679      6.673 0.0000e+00
      6.759     -0.140   222.3319     1.4249     12.602 1.3834e+01     15.831     29.294  19.970204     1.7292     3.5411     9.1013   999.8196      9.611      6.627 0.0000e+00
      6.719     -0.140   222.7279     1.4641     12.347 1.4301e+01     15.832     29.301  19.973082     1.8320     3.5381     9.0971   999.8198      9.554      6.587 0.0000e+00
      6.684     -0.133   223.1844     1.4909     12.051 1.4733e+01     15.833     29.297  19.967930     1.9854     3.4944     9.0910   999.8201      9.506      6.554 0.0000e+00
      6.652     -0.120   223.7218     1.4808     11.742 1.5149e+01     15.833     29.305  19.971315     2.0582     3.4933     9.0856   999.8204      9.461      6.523 0.0000e+00
      6.621     -0.101   224.3214     1.4550     11.418 1.5517e+01     15.833     29.278  19.950603     2.0639     3.5241     9.0842   999.8204      9.415      6.492 0.0000e+00
      6.594     -0.079   225.0144     1.4273     11.088 1.5787e+01     15.832     29.218  19.907728     2.1109     3.4551     9.0812   999.8204      9.376      6.464 0.0000e+00
      6.573     -0.057   225.7333     1.3895     10.792 1.5933e+01     15.832     29.200  19.896779     2.1983     3.3113     9.0762   999.8206      9.346      6.442 0.0000e+00
      6.561     -0.037   226.5600     1.3559     10.562 1.5956e+01     15.833     29.267  19.945047     2.2527     3.2627     9.0724   999.8209      9.326      6.429 0.0000e+00
      6.561     -0.018   227.4394     1.3187     10.396 1.5877e+01     15.833     29.325  19.984051     2.2717     3.3134     9.0683   999.8213      9.328      6.432 0.0000e+00
      6.565     -0.001   228.1919     1.2776     10.234 1.5808e+01     15.833     29.341  19.987916     2.3039     3.3063     9.0639   999.8216      9.340      6.439 0.0000e+00
      6.567      0.011   228.7756     1.2432     10.056 1.5800e+01     15.834     29.362  19.991772     2.3468     3.2443     9.0651   999.8214      9.343      6.441 0.0000e+00
      6.569      0.016   229.1624     1.2145      9.907 1.5750e+01     15.835     29.339  19.967251     2.3704     3.2173     9.0754   999.8207      9.341      6.440 0.0000e+00
      6.574      0.012   229.5986     1.2002      9.822 1.5617e+01     15.835     29.219  19.881655     2.3796     3.2546     9.0761   999.8207      9.348      6.444 0.0000e+00
      6.584     -0.001   230.1786     1.1830      9.805 1.5503e+01     15.833     29.066  19.781170     2.3716     3.2834     9.0605   999.8220      9.366      6.457 0.0000e+00
      6.591     -0.022   230.5821     1.1591      9.797 1.5496e+01     15.833     28.935  19.703437     2.3412     3.2222     9.0404   999.8235      9.380      6.468 0.0000e+00
      6.589     -0.048   230.8639     1.1420      9.709 1.5627e+01     15.833     28.819  19.639310     2.3177     3.1662     9.0234   999.8248      9.378      6.466 0.0000e+00
      6.574     -0.076   231.2634     1.1317      9.565 1.5950e+01     15.833     28.796  19.639921     2.3153     3.1903     9.0153   999.8253      9.358      6.453 0.0000e+00
      6.543     -0.097   231.7983     1.1308      9.427 1.6543e+01     15.832     28.881  19.710842     2.3214     3.2380     9.0194   999.8247      9.313      6.421 0.0000e+00
      6.503     -0.106   232.3409     1.1372      9.350 1.7280e+01     15.831     28.908  19.735914     2.3063     3.2632     9.0427   999.8228      9.249      6.377 0.0000e+00
      6.463     -0.102   232.8340     1.1226      9.416 1.7861e+01     15.831     28.838  19.689434     2.2673     3.2544     9.0716   999.8204      9.186      6.334 0.0000e+00
      6.432     -0.087   233.2858     1.1015      9.662 1.8183e+01     15.831     28.794  19.656130     2.2493     3.2685     9.0999   999.8181      9.141      6.303 0.0000e+00
      6.414     -0.070   233.6740     1.0861     10.094 1.8330e+01     15.831     28.792  19.650278     2.2610     3.2968     9.1267   999.8160      9.115      6.286 0.0000e+00
      6.408     -0.057   234.1718     1.0691     10.674 1.8409e+01     15.831     28.749  19.618682     2.2651     3.2195     9.1388   999.8151      9.113      6.283 0.0000e+00
      6.407     -0.055   234.7451     1.0788     11.319 1.8520e+01     15.831     28.610  19.527736     2.2612     3.0887     9.1377   999.8151      9.116      6.285 0.0000e+00
      6.402     -0.063   235.2709     1.1044     11.884 1.8759e+01     15.830     28.461  19.438381     2.2705     3.0537     9.1310   999.8156      9.110      6.281 0.0000e+00
      6.387     -0.077   235.8836     1.1578     12.269 1.9193e+01     15.830     28.415  19.426031     2.2829     3.0715     9.1219   999.8162      9.091      6.269 0.0000e+00
      6.358     -0.093   236.6459     1.2268     12.526 1.9722e+01     15.829     28.415  19.441844     2.2967     3.0295     9.1152   999.8166      9.047      6.238 0.0000e+00
      6.323     -0.107   237.4328     1.3071     12.684 2.0142e+01     15.828     28.398  19.439374     2.3132     2.9928     9.1193   999.8160      8.990      6.198 0.0000e+00
      6.290     -0.115   238.0846     1.3807     12.802 2.0377e+01     15.827     28.423  19.459578     2.3200     3.0395     9.1419   999.8141      8.943      6.166 0.0000e+00
      6.262     -0.117   238.6761     1.4137     12.967 2.0572e+01     15.826     28.478  19.495905     2.3305     3.0792     9.1827   999.8108      8.907      6.141 0.0000e+00
      6.233     -0.113   239.2503     1.4462     13.226 2.1036e+01     15.826     28.487  19.498150     2.4115     3.0603     9.2146   999.8082      8.867      6.113 0.0000e+00
      6.203     -0.107   239.7778     1.4600     13.616 2.1905e+01     15.827     28.473  19.486726     2.5561     3.0168     9.2268   999.8072      8.822      6.082 0.0000e+00
      6.174     -0.100   240.4949     1.4682     14.136 2.2815e+01     15.828     28.466  19.484594     2.6476     2.9999     9.2319   999.8067      8.781      6.054 0.0000e+00
      6.149     -0.095   241.5543     1.4880     14.707 2.3510e+01     15.828     28.440  19.472369     2.6703     3.0269     9.2296   999.8067      8.745      6.029 0.0000e+00
      6.127     -0.091   242.8636     1.5143     15.166 2.4247e+01     15.828     28.426  19.465749     2.6401     3.0351     9.2212   999.8073      8.711      6.006 0.0000e+00
      6.107     -0.088   244.2806     1.5610     15.436 2.5156e+01     15.827     28.431  19.467949     2.5682     2.9615     9.2128   999.8079      8.685      5.987 0.0000e+00
      6.088     -0.087   245.6090     1.6203     15.523 2.6115e+01     15.827     28.383  19.435563     2.5252     2.8575     9.2195   999.8072      8.662      5.972 0.0000e+00
      6.066     -0.087   246.7939     1.6977     15.494 2.7027e+01     15.827     28.313  19.391220     2.5304     2.8428     9.2345   999.8059      8.632      5.951 0.0000e+00
      6.040     -0.089   247.9382     1.7505     15.471 2.7661e+01     15.826     28.283  19.375658     2.5459     2.8867     9.2402   999.8054      8.592      5.923 0.0000e+00
      6.015     -0.092   248.9470     1.7814     15.483 2.7868e+01     15.825     28.275  19.374228     2.5693     2.9075     9.2350   999.8056      8.553      5.898 0.0000e+00
      5.994     -0.097   249.7847     1.7912     15.489 2.8278e+01     15.826     28.270  19.373933     2.6128     2.8885     9.2314   999.8059      8.527      5.879 0.0000e+00
      5.972     -0.101   250.7538     1.7777     15.477 2.9586e+01     15.826     28.264  19.372101     2.6427     2.8630     9.2405   999.8050      8.497      5.858 0.0000e+00
      5.947     -0.104   251.9745     1.7757     15.457 3.1296e+01     15.825     28.230  19.352080     2.6542     2.8736     9.2533   999.8039      8.458      5.832 0.0000e+00
      5.918     -0.107   253.1868     1.7791     15.464 3.2603e+01     15.825     28.181  19.322085     2.6377     2.8105     9.2589   999.8033      8.419      5.805 0.0000e+00
      5.888     -0.105   254.2269     1.7805     15.574 3.3609e+01     15.825     28.184  19.326478     2.5762     2.6499     9.2626   999.8029      8.375      5.775 0.0000e+00
      5.858     -0.095   255.1715     1.7767     15.771 3.4754e+01     15.826     28.209  19.341789     2.5210     2.5785     9.2691   999.8022      8.331      5.745 0.0000e+00
      5.828     -0.080   256.1760     1.7763     15.990 3.5898e+01     15.826     28.175  19.316985     2.5144     2.5995     9.2722   999.8018      8.289      5.714 0.0000e+00
      5.805     -0.060   257.1669     1.7688     16.226 3.6456e+01     15.826     28.116  19.280213     2.5729     2.5274     9.2807   999.8009      8.249      5.687 0.0000e+00
      5.794     -0.037   257.9459     1.7836     16.460 3.6386e+01     15.826     28.101  19.277631     2.6644     2.3587     9.2878   999.8004      8.234      5.678 0.0000e+00
      5.793     -0.016   258.6250     1.8120     16.678 3.6206e+01     15.825     28.104  19.285775     2.7247     2.3107     9.2812   999.8010      8.240      5.681 0.0000e+00
      5.796      0.001   259.2694     1.8334     16.856 3.5945e+01     15.825     28.049  19.251865     2.7489     2.3932     9.2742   999.8015      8.242      5.683 0.0000e+00
      5.801      0.011   259.8872     1.8648     16.978 3.5448e+01     15.824     27.946  19.184666     2.7947     2.4287     9.2799   999.8011      8.248      5.687 0.0000e+00
      5.809      0.014   260.5878     1.8882     17.053 3.5014e+01     15.823     27.819  19.107368     2.8779     2.3977     9.2990   999.7996      8.264      5.698 0.0000e+00
      5.814      0.014   261.2868     1.9160     17.164 3.4733e+01     15.822     27.654  19.014758     2.9263     2.3609     9.3113   999.7987      8.272      5.703 0.0000e+00
      5.815      0.010   261.9718     1.9354     17.373 3.4182e+01     15.821     27.518  18.952634     2.9406     2.3958     9.3168   999.7982      8.270      5.702 0.0000e+00
      5.817     -0.000   262.6760     1.9502     17.622 3.3319e+01     15.819     27.530  18.990335     2.9462     2.4423     9.3190   999.7980      8.273      5.703 0.0000e+00
      5.820     -0.017   263.2625     1.9552     17.897 3.2591e+01     15.819     27.663  19.090193     2.9176     2.4083     9.3314   999.7970      8.278      5.707 0.0000e+00
      5.820     -0.037   263.8141     1.9584     18.179 3.2229e+01     15.819     27.765  19.145508     2.8807     2.3973     9.3702   999.7938      8.280      5.709 0.0000e+00
      5.813     -0.060   264.5275     1.9893     18.534 3.2302e+01     15.820     27.804  19.151861     2.8617     2.4122     9.4333   999.7887      8.275      5.705 0.0000e+00
      5.794     -0.084   265.3487     2.0095     19.131 3.3349e+01     15.822     27.844  19.166990     2.8511     2.4160     9.5051   999.7829      8.248      5.688 0.0000e+00
      5.762     -0.106   266.0864     2.0431     19.911 3.5565e+01     15.822     27.905  19.201608     2.7613     2.5465     9.5209   999.7815      8.197      5.652 0.0000e+00
      5.725     -0.124   266.8219     2.0790     20.683 3.7882e+01     15.822     27.991  19.253370     2.5773     2.7536     9.4772   999.7849      8.141      5.613 0.0000e+00
      5.689     -0.135   267.7021     2.1050     21.316 3.9617e+01     15.822     28.048  19.285575     2.4673     2.8608     9.4307   999.7885      8.092      5.579 0.0000e+00
      5.654     -0.140   268.3828     2.1817     21.726 4.1157e+01     15.822     28.038  19.273952     2.4616     2.9155     9.4123   999.7898      8.042      5.545 0.0000e+00
      5.618     -0.141   268.6853     2.2810     21.861 4.2687e+01     15.823     27.989  19.239642     2.5081     3.0717     9.4064   999.7901      7.990      5.509 0.0000e+00
      5.583     -0.142   269.0363     2.3740     21.684 4.4241e+01     15.824     27.908  19.187777     2.5911     3.3069     9.3889   999.7914      7.940      5.475 0.0000e+00
      5.547     -0.143   269.6154     2.4514     21.253 4.5970e+01     15.824     27.848  19.154124     2.6441     3.4239     9.3743   999.7924      7.891      5.441 0.0000e+00
      5.510     -0.143   270.1811     2.4996     20.728 4.7725e+01     15.822     27.823  19.149795     2.6627     3.4564     9.3670   999.7928      7.838      5.404 0.0000e+00
      5.472     -0.143   270.6272     2.5185     20.248 4.9361e+01     15.821     27.781  19.135452     2.6832     3.6665     9.3660   999.7927      7.784      5.367 0.0000e+00
      5.434     -0.144   271.0522     2.4957     19.872 5.0858e+01     15.820     27.723  19.107528     2.7101     4.0075     9.3716   999.7920      7.729      5.329 0.0000e+00
      5.398     -0.146   271.7065     2.4372     19.634 5.2125e+01     15.819     27.650  19.065813     2.7214     4.1796     9.3844   999.7908      7.677      5.293 0.0000e+00
      5.363     -0.147   272.5155     2.3692     19.559 5.3285e+01     15.819     27.551  19.011535     2.7339     4.2035     9.4116   999.7885      7.630      5.261 0.0000e+00
      5.328     -0.148   273.1759     2.3123     19.666 5.4622e+01     15.818     27.431  18.958522     2.8226     4.3305     9.4388   999.7861      7.581      5.227 0.0000e+00
      5.288     -0.150   273.8408     2.2658     19.950 5.6174e+01     15.816     27.342  18.932126     2.9448     4.5472     9.4620   999.7840      7.522      5.186 0.0000e+00
