Data/DataNotYetUploadedToEDI/Raw_CTD/RawDownloads/051623_fcr50_S8188001.cnv
* Sea-Bird SBE19plus  Data File:
* FileName = C:\R\Reservoirs\Data\DataNotYetUploadedToEDI\Raw_CTD\RawDownloads\051623_fcr50_S8188_0001.hex
* Software version 2.8.0.119
* Temperature SN = 8188
* Conductivity SN = 8188
* System UpLoad Time = May 31 2023 16:43:48
* <ApplicationData>
* <Seaterm232>
# nquan = 16
# nvalues = 2484                        
# units = specified
# name 0 = depFM: Depth [fresh water, m]
# name 1 = dz/dtM: Descent Rate [m/s]
# name 2 = sbeox0Mg/L: Oxygen, SBE 43 [mg/l]
# name 3 = sbeox0PS: Oxygen, SBE 43 [% saturation]
# name 4 = specc: Specific Conductance [uS/cm]
# name 5 = c0uS/cm: Conductivity [uS/cm]
# name 6 = wetCDOM: Fluorescence, WET Labs CDOM [mg/m^3]
# name 7 = flECO-AFL: Fluorescence, WET Labs ECO-AFL/FL [mg/m^3]
# name 8 = flECO-AFL1: Fluorescence, WET Labs ECO-AFL/FL, 2 [mg/m^3]
# name 9 = flECO-AFL2: Fluorescence, WET Labs ECO-AFL/FL, 3 [mg/m^3]
# name 10 = par/sat/log: PAR/Logarithmic, Satlantic
# name 11 = turbWETntu0: Turbidity, WET Labs ECO [NTU]
# name 12 = prdM: Pressure, Strain Gauge [db]
# name 13 = prdE: Pressure, Strain Gauge [psi]
# name 14 = tv290C: Temperature [ITS-90, deg C]
# name 15 = flag:  0.000e+00
# span 0 =     -0.676,      9.423       
# span 1 =     -0.195,      0.172       
# span 2 =     0.3978,    14.5589       
# span 3 =      3.493,    154.427       
# span 4 =      1.553,    284.405       
# span 5 =   1.397298, 196.869280       
# span 6 =    -4.5000,    24.6600       
# span 7 =    -0.1498,    19.4695       
# span 8 =    -2.1300,     0.9372       
# span 9 =    -2.0304,     9.0945       
# span 10 = 1.1590e-01, 4.1336e+02      
# span 11 =    -0.2130,   378.8621      
# span 12 =     -0.663,      9.241      
# span 13 =     -0.962,     13.402      
# span 14 =     9.6071,    20.7246      
# span 15 = 0.0000e+00, 0.0000e+00      
# interval = seconds: 0.25
# start_time = May 16 2023 10:05:04 [Instrument's time stamp, header]
# bad_flag = -9.990e-29
*END*
[from data line 995]
      5.548      0.021    12.5465    110.431     40.243  27.942355     3.5100     0.8420     0.0426     0.0846 1.1960e+00     2.2520      5.441      7.891     9.7164 0.0000e+00
      5.553      0.021    12.5496    110.409     40.234  27.935559     3.5100     0.8420     0.0000     0.1692 1.2297e+00     2.2069      5.446      7.898     9.7159 0.0000e+00
      5.558      0.023    12.5507    110.394     40.228  27.930308     3.5100     0.8306     0.0000     0.1692 1.2140e+00     2.3271      5.451      7.905     9.7154 0.0000e+00
      5.564      0.024    12.5503    110.393     40.227  27.929160     3.5100     0.8153     0.0000     0.1692 1.1929e+00     2.1919      5.456      7.913     9.7148 0.0000e+00
      5.570      0.026    12.5484    110.410     40.221  27.923889     3.5100     0.8954     0.0000     0.1692 1.1823e+00     2.4023      5.462      7.922     9.7143 0.0000e+00
      5.577      0.028    12.5461    110.435     40.211  27.917050     3.5100     0.8840     0.0000     0.1692 1.2096e+00     2.2670      5.469      7.933     9.7136 0.0000e+00
      5.585      0.030    12.5446    110.464     40.214  27.918699     3.5100     0.9030     0.0426     0.1692 1.1695e+00     2.2670      5.477      7.944     9.7128 0.0000e+00
      5.594      0.031    12.5448    110.490     40.229  27.929275     3.5100     0.9069     0.0426     0.1692 1.1667e+00     2.3271      5.486      7.956     9.7118 0.0000e+00
      5.602      0.031    12.5470    110.501     40.244  27.939718     3.5100     0.8420     0.0426     0.1692 1.1594e+00     2.2820      5.494      7.968     9.7109 0.0000e+00
      5.610      0.030    12.5500    110.496     40.251  27.944895     3.5100     0.8267     0.0426     0.1692 1.1132e+00     2.3722      5.502      7.980     9.7104 0.0000e+00
      5.618      0.028    12.5534    110.485     40.252  27.946185     3.5100     0.8306     0.0426     0.0846 1.1152e+00     2.3271      5.510      7.991     9.7102 0.0000e+00
      5.625      0.027    12.5563    110.479     40.247  27.943934     3.5100     0.8573     0.0426     0.0846 1.1591e+00     2.3572      5.517      8.001     9.7101 0.0000e+00
      5.632      0.025    12.5575    110.489     40.236  27.937540     3.5100     0.8458     0.0426     0.0846 1.1278e+00     2.3121      5.523      8.010     9.7102 0.0000e+00
      5.638      0.024    12.5568    110.518     40.223  27.929258     3.5100     0.8344     0.0426     0.0846 1.1094e+00     2.3572      5.529      8.019     9.7107 0.0000e+00
      5.643      0.023    12.5552    110.562     40.217  27.924800     3.5100     0.8344     0.0852     0.1692 1.1305e+00     2.3271      5.534      8.027     9.7118 0.0000e+00
      5.649      0.023    12.5540    110.612     40.217  27.922977     3.5100     0.8611     0.0852     0.1692 1.1404e+00     2.4173      5.540      8.035     9.7133 0.0000e+00
      5.655      0.023    12.5547    110.653     40.214  27.919342     3.5100     0.8649     0.0852     0.1692 1.0905e+00     2.3722      5.545      8.043     9.7149 0.0000e+00
      5.661      0.023    12.5578    110.676     40.213  27.916886     3.5100     0.8306     0.0852     0.1692 1.0905e+00     2.2069      5.551      8.051     9.7157 0.0000e+00
      5.667      0.024    12.5630    110.688     40.219  27.918914     3.5100     0.8458     0.0426     0.1692 1.1045e+00     2.2670      5.557      8.060     9.7151 0.0000e+00
      5.673      0.024    12.5694    110.689     40.225  27.922006     3.5100     0.8458     0.0426     0.1692 1.0740e+00     2.3722      5.563      8.069     9.7131 0.0000e+00
      5.679      0.024    12.5747    110.675     40.229  27.923028     3.5100     0.8458     0.0426     0.1692 1.0640e+00     2.2370      5.569      8.078     9.7107 0.0000e+00
      5.685      0.024    12.5780    110.650     40.235  27.926212     3.5100     0.8420     0.0426     0.1692 1.0860e+00     2.3121      5.575      8.086     9.7084 0.0000e+00
      5.691      0.024    12.5800    110.624     40.245  27.932407     3.5100     0.8573     0.0426     0.1692 1.0705e+00     2.2370      5.581      8.094     9.7063 0.0000e+00
      5.697      0.024    12.5806    110.607     40.250  27.935344     3.5100     0.8306     0.0426     0.1692 1.0139e+00     2.2069      5.587      8.103     9.7044 0.0000e+00
      5.703      0.024    12.5795    110.602     40.251  27.935808     3.5100     0.8420     0.0426     0.1692 1.0675e+00     2.2069      5.593      8.111     9.7029 0.0000e+00
      5.709      0.024    12.5770    110.605     40.255  27.937882     3.5100     0.8496     0.0426     0.1692 1.0509e+00     2.2670      5.599      8.120     9.7017 0.0000e+00
      5.716      0.024    12.5743    110.609     40.255  27.938159     3.5100     0.8420     0.0426     0.1692 1.0378e+00     2.2370      5.605      8.130     9.7008 0.0000e+00
      5.722      0.024    12.5726    110.616     40.248  27.932754     3.5100     0.8077     0.0426     0.1692 1.0306e+00     2.2971      5.612      8.139     9.7001 0.0000e+00
      5.729      0.024    12.5722    110.623     40.242  27.928144     3.5100     0.8535     0.0426     0.1692 1.0252e+00     2.1919      5.618      8.148     9.6995 0.0000e+00
      5.735      0.024    12.5726    110.625     40.241  27.927059     3.5100     0.8420     0.0426     0.1692 1.0082e+00     2.3572      5.624      8.157     9.6992 0.0000e+00
      5.741      0.024    12.5732    110.612     40.239  27.925251     3.5100     0.8496     0.0426     0.1692 9.9169e-01     2.2670      5.630      8.165     9.6989 0.0000e+00
      5.747      0.023    12.5740    110.587     40.241  27.926198     3.5100     0.8649     0.0426     0.1692 1.0014e+00     2.2971      5.636      8.174     9.6986 0.0000e+00
      5.753      0.022    12.5750    110.550     40.242  27.926191     3.5100     0.8611     0.0426     0.1692 1.0078e+00     2.2520      5.641      8.182     9.6982 0.0000e+00
      5.758      0.022    12.5754    110.501     40.230  27.917311     3.5100     0.8496     0.0426     0.1692 9.4951e-01     2.2971      5.647      8.190     9.6976 0.0000e+00
      5.764      0.021    12.5742    110.448     40.212  27.905108     3.5100     0.8420     0.0426     0.1692 9.7354e-01     2.2370      5.652      8.198     9.6967 0.0000e+00
      5.769      0.020    12.5715    110.406     40.208  27.902167     3.5100     0.8306     0.0426     0.1269 1.0199e+00     2.2971      5.657      8.205     9.6959 0.0000e+00
      5.773      0.019    12.5675    110.387     40.222  27.911663     3.5100     0.8840     0.0426     0.1269 9.7523e-01     2.2219      5.662      8.212     9.6953 0.0000e+00
      5.778      0.019    12.5621    110.397     40.241  27.924249     3.5100     0.8802     0.0426     0.1269 9.8975e-01     2.2370      5.667      8.218     9.6950 0.0000e+00
      5.782      0.018    12.5562    110.434     40.251  27.931402     3.5100     0.8992     0.0426     0.1269 9.6365e-01     2.3271      5.671      8.225     9.6947 0.0000e+00
      5.787      0.018    12.5515    110.491     40.251  27.931071     3.5100     0.8916     0.0426     0.1269 9.5905e-01     2.2820      5.675      8.231     9.6945 0.0000e+00
      5.791      0.018    12.5493    110.564     40.246  27.927127     3.6000     0.8191     0.0426     0.1692 9.3335e-01     2.3572      5.680      8.238     9.6943 0.0000e+00
      5.796      0.019    12.5505    110.642     40.240  27.922477     3.6000     0.8496     0.0426     0.1692 9.7460e-01     2.3121      5.684      8.244     9.6940 0.0000e+00
      5.801      0.019    12.5548    110.717     40.230  27.915882     3.6000     0.8382     0.0426     0.1692 9.5531e-01     2.2670      5.689      8.251     9.6937 0.0000e+00
      5.806      0.019    12.5614    110.783     40.221  27.909543     3.6000     0.8458     0.0426     0.1692 9.6365e-01     2.2971      5.694      8.258     9.6934 0.0000e+00
      5.811      0.019    12.5697    110.839     40.215  27.905729     3.5100     0.8725     0.0426     0.1692 9.6281e-01     2.2219      5.698      8.265     9.6932 0.0000e+00
      5.816      0.019    12.5787    110.883     40.212  27.903422     3.5100     0.8229     0.0426     0.1692 9.1448e-01     2.2219      5.703      8.272     9.6930 0.0000e+00
      5.820      0.019    12.5873    110.913     40.204  27.898049     3.5100     0.8382     0.0426     0.1692 9.3640e-01     2.1919      5.708      8.278     9.6929 0.0000e+00
      5.825      0.019    12.5948    110.920     40.193  27.890155     3.5100     0.8458     0.0426     0.1692 9.2668e-01     2.2520      5.712      8.285     9.6929 0.0000e+00
      5.830      0.019    12.6011    110.901     40.189  27.887536     3.5100     0.8954     0.0426     0.1692 9.1767e-01     2.2069      5.717      8.292     9.6929 0.0000e+00
      5.834      0.019    12.6061    110.857     40.195  27.891473     3.5100     0.8878     0.0426     0.1692 9.4951e-01     2.2971      5.721      8.298     9.6929 0.0000e+00
      5.839      0.020    12.6095    110.794     40.203  27.897075     3.5100     0.9145     0.0426     0.1692 9.2548e-01     2.3121      5.726      8.305     9.6930 0.0000e+00
      5.844      0.021    12.6104    110.716     40.210  27.901877     3.5100     0.8878     0.0426     0.1692 9.1966e-01     2.3722      5.731      8.312     9.6930 0.0000e+00
      5.849      0.022    12.6081    110.632     40.218  27.907161     3.5100     0.8992     0.0426     0.1269 9.0716e-01     2.3873      5.736      8.320     9.6930 0.0000e+00
      5.855      0.023    12.6031    110.559     40.217  27.906414     3.5100     0.9107     0.0426     0.1269 9.3640e-01     2.2670      5.742      8.328     9.6930 0.0000e+00
      5.861      0.024    12.5960    110.506     40.207  27.899439     3.5100     0.9069     0.0426     0.1269 9.3193e-01     2.3572      5.748      8.337     9.6930 0.0000e+00
      5.868      0.026    12.5871    110.483     40.202  27.896253     3.5100     0.8954     0.0426     0.1269 8.9696e-01     2.3121      5.754      8.346     9.6929 0.0000e+00
      5.875      0.027    12.5776    110.496     40.202  27.896008     3.5100     0.9565     0.0426     0.1269 9.1627e-01     2.2971      5.761      8.356     9.6928 0.0000e+00
      5.882      0.028    12.5693    110.544     40.201  27.894679     3.6000     0.9374     0.0426     0.2115 9.0992e-01     2.2670      5.768      8.366     9.6928 0.0000e+00
      5.889      0.029    12.5634    110.614     40.202  27.895870     3.6000     0.9641     0.0426     0.2115 9.0814e-01     2.2820      5.775      8.376     9.6927 0.0000e+00
      5.896      0.030    12.5607    110.690     40.208  27.899900     3.6000     0.9565     0.0426     0.2115 9.1269e-01     2.2971      5.782      8.386     9.6926 0.0000e+00
      5.904      0.031    12.5622    110.761     40.208  27.899923     3.6000     0.9717     0.0426     0.2115 9.2206e-01     2.3121      5.789      8.397     9.6925 0.0000e+00
      5.912      0.032    12.5677    110.821     40.208  27.899905     3.5100     0.9641     0.0426     0.1692 8.9249e-01     2.3422      5.797      8.408     9.6925 0.0000e+00
      5.920      0.033    12.5757    110.872     40.213  27.903802     3.5100     0.9755     0.0426     0.1692 8.9230e-01     2.2670      5.805      8.420     9.6924 0.0000e+00
      5.929      0.035    12.5844    110.903     40.220  27.908693     3.5100     0.9793     0.0426     0.1692 8.9211e-01     2.1468      5.813      8.432     9.6923 0.0000e+00
      5.938      0.037    12.5924    110.913     40.231  27.915883     3.5100     0.9717     0.0426     0.1692 8.8978e-01     2.2670      5.822      8.445     9.6923 0.0000e+00
      5.947      0.038    12.5993    110.912     40.236  27.919368     3.5100     0.9717     0.0426     0.0846 8.6556e-01     2.2219      5.832      8.459     9.6924 0.0000e+00
      5.957      0.040    12.6050    110.916     40.231  27.916119     3.5100     0.9717     0.0426     0.0846 8.7179e-01     2.3271      5.842      8.473     9.6924 0.0000e+00
      5.968      0.041    12.6086    110.925     40.226  27.913188     3.5100     0.9717     0.0426     0.0846 7.9575e-01     2.2219      5.852      8.488     9.6925 0.0000e+00
      5.979      0.042    12.6096    110.932     40.221  27.909795     3.5100     0.8992     0.0426     0.0846 8.1571e-01     2.2971      5.863      8.504     9.6926 0.0000e+00
      5.990      0.042    12.6095    110.935     40.213  27.905034     3.5100     0.8878     0.0426     0.0846 7.8835e-01     2.3722      5.873      8.519     9.6927 0.0000e+00
      6.001      0.042    12.6098    110.931     40.214  27.905556     3.5100     0.8840     0.0426     0.1269 7.8204e-01     2.2670      5.884      8.535     9.6930 0.0000e+00
      6.011      0.041    12.6107    110.922     40.217  27.907539     3.5100     0.9107     0.0426     0.1269 7.9523e-01     2.2069      5.895      8.550     9.6932 0.0000e+00
      6.021      0.040    12.6115    110.909     40.211  27.903593     3.5100     0.9297     0.0426     0.1269 7.8715e-01     2.2069      5.905      8.564     9.6935 0.0000e+00
      6.032      0.038    12.6118    110.897     40.206  27.900585     3.5100     0.8878     0.0426     0.1269 7.9419e-01     2.3271      5.915      8.579     9.6937 0.0000e+00
      6.042      0.036    12.6113    110.894     40.207  27.901672     3.5100     0.8992     0.0426     0.0846 7.6439e-01     2.4023      5.925      8.593     9.6939 0.0000e+00
      6.051      0.034    12.6102    110.897     40.203  27.899226     3.5100     0.8916     0.0426     0.0846 7.2476e-01     2.3121      5.934      8.606     9.6941 0.0000e+00
      6.059      0.031    12.6086    110.903     40.192  27.892594     3.5100     0.9107     0.0426     0.0846 7.6191e-01     2.2820      5.941      8.618     9.6943 0.0000e+00
      6.066      0.029    12.6073    110.907     40.184  27.887926     3.5100     0.8992     0.0426     0.0846 7.3491e-01     2.2670      5.949      8.628     9.6946 0.0000e+00
      6.073      0.027    12.6067    110.904     40.189  27.891897     3.5100     0.9297     0.0426     0.1692 7.8801e-01     2.2670      5.955      8.638     9.6952 0.0000e+00
      6.079      0.025    12.6068    110.893     40.202  27.901607     3.5100     0.9069     0.0426     0.1692 7.4391e-01     2.2670      5.962      8.647     9.6961 0.0000e+00
      6.086      0.024    12.6072    110.868     40.217  27.911725     3.5100     0.9145     0.0426     0.1692 7.2193e-01     2.3271      5.968      8.656     9.6971 0.0000e+00
      6.092      0.023    12.6073    110.829     40.236  27.924951     3.5100     0.8725     0.0426     0.1692 7.2162e-01     2.2219      5.974      8.664     9.6980 0.0000e+00
      6.097      0.022    12.6068    110.786     40.253  27.936890     3.5100     0.8802     0.0426     0.1269 7.2855e-01     2.2370      5.979      8.672     9.6986 0.0000e+00
      6.103      0.022    12.6055    110.753     40.256  27.938849     3.5100     0.9145     0.0426     0.1269 7.3731e-01     2.2520      5.985      8.680     9.6989 0.0000e+00
      6.108      0.021    12.6027    110.732     40.244  27.931348     3.5100     0.9069     0.0426     0.1269 7.0780e-01     2.3422      5.990      8.688     9.6989 0.0000e+00
      6.113      0.021    12.5982    110.724     40.233  27.924268     3.5100     0.9069     0.0426     0.1269 7.0427e-01     2.1768      5.995      8.695     9.6988 0.0000e+00
      6.119      0.020    12.5934    110.727     40.231  27.923639     3.5100     0.8992     0.0426     0.1269 7.1196e-01     2.2370      6.000      8.702     9.6989 0.0000e+00
      6.124      0.020    12.5894    110.739     40.238  27.929295     3.5100     0.9069     0.0000     0.1269 7.5449e-01     2.2370      6.005      8.710     9.6992 0.0000e+00
      6.129      0.021    12.5869    110.760     40.246  27.934823     3.5100     0.8992     0.0000     0.1269 6.8243e-01     2.2520      6.010      8.717     9.6997 0.0000e+00
