Data/DataNotYetUploadedToEDI/Raw_CTD/RawDownloads/051623_fcr50_S8188001.cnv
* Sea-Bird SBE19plus  Data File:
* FileName = C:\R\Reservoirs\Data\DataNotYetUploadedToEDI\Raw_CTD\RawDownloads\051623_fcr50_S8188_0001.hex
* Software version 2.8.0.119
* Temperature SN = 8188
* Conductivity SN = 8188
* System UpLoad Time = May 31 2023 16:43:48
* <ApplicationData>
* <Seaterm232>
# nquan = 16
# nvalues = 2484                        
# units = specified
# name 0 = depFM: Depth [fresh water, m]
# name 1 = dz/dtM: Descent Rate [m/s]
# name 2 = sbeox0Mg/L: Oxygen, SBE 43 [mg/l]
# name 3 = sbeox0PS: Oxygen, SBE 43 [% saturation]
# name 4 = specc: Specific Conductance [uS/cm]
# name 5 = c0uS/cm: Conductivity [uS/cm]
# name 6 = wetCDOM: Fluorescence, WET Labs CDOM [mg/m^3]
# name 7 = flECO-AFL: Fluorescence, WET Labs ECO-AFL/FL [mg/m^3]
# name 8 = flECO-AFL1: Fluorescence, WET Labs ECO-AFL/FL, 2 [mg/m^3]
# name 9 = flECO-AFL2: Fluorescence, WET Labs ECO-AFL/FL, 3 [mg/m^3]
# name 10 = par/sat/log: PAR/Logarithmic, Satlantic
# name 11 = turbWETntu0: Turbidity, WET Labs ECO [NTU]
# name 12 = prdM: Pressure, Strain Gauge [db]
# name 13 = prdE: Pressure, Strain Gauge [psi]
# name 14 = tv290C: Temperature [ITS-90, deg C]
# name 15 = flag:  0.000e+00
# span 0 =     -0.676,      9.423       
# span 1 =     -0.195,      0.172       
# span 2 =     0.3978,    14.5589       
# span 3 =      3.493,    154.427       
# span 4 =      1.553,    284.405       
# span 5 =   1.397298, 196.869280       
# span 6 =    -4.5000,    24.6600       
# span 7 =    -0.1498,    19.4695       
# span 8 =    -2.1300,     0.9372       
# span 9 =    -2.0304,     9.0945       
# span 10 = 1.1590e-01, 4.1336e+02      
# span 11 =    -0.2130,   378.8621      
# span 12 =     -0.663,      9.241      
# span 13 =     -0.962,     13.402      
# span 14 =     9.6071,    20.7246      
# span 15 = 0.0000e+00, 0.0000e+00      
# interval = seconds: 0.25
# start_time = May 16 2023 10:05:04 [Instrument's time stamp, header]
# bad_flag = -9.990e-29
*END*
[from data line 814]
      4.323      0.031    12.1914    108.537     40.131  27.896860     3.5100     0.9030     0.0852     0.2115 3.1162e+00     1.9063      4.239      6.148     9.7678 0.0000e+00
      4.331      0.030    12.2156    108.766     40.124  27.890070     3.5100     0.8992     0.0852     0.2115 3.0771e+00     2.0566      4.247      6.159     9.7640 0.0000e+00
      4.338      0.029    12.2497    108.911     40.124  27.888535     3.5100     0.9183     0.0852     0.2115 3.0492e+00     1.9514      4.254      6.170     9.7607 0.0000e+00
      4.345      0.027    12.2870    108.972     40.131  27.891844     3.5100     0.8802     0.0426     0.0846 3.0130e+00     2.0566      4.261      6.180     9.7578 0.0000e+00
      4.352      0.026    12.3212    108.970     40.141  27.896921     3.5100     0.9069     0.0426     0.0846 3.0499e+00     1.9664      4.268      6.190     9.7552 0.0000e+00
      4.359      0.025    12.3478    108.938     40.143  27.897199     3.5100     0.8916     0.0426     0.0846 3.0221e+00     2.0115      4.274      6.199     9.7529 0.0000e+00
      4.365      0.025    12.3649    108.896     40.139  27.892753     3.5100     0.9145     0.0426     0.0846 3.0208e+00     2.0716      4.280      6.208     9.7508 0.0000e+00
      4.371      0.024    12.3725    108.844     40.138  27.890316     3.5100     0.8992     0.0426     0.0846 3.0045e+00     1.9664      4.286      6.217     9.7487 0.0000e+00
      4.377      0.024    12.3728    108.784     40.144  27.893199     3.5100     0.9030     0.0426     0.1269 2.9960e+00     2.0115      4.292      6.225     9.7468 0.0000e+00
      4.383      0.024    12.3697    108.718     40.154  27.898211     3.5100     0.9145     0.0426     0.1269 2.9636e+00     1.9814      4.298      6.234     9.7450 0.0000e+00
      4.389      0.023    12.3655    108.666     40.156  27.898767     3.5100     0.9030     0.0426     0.1269 2.9623e+00     2.0716      4.304      6.242     9.7431 0.0000e+00
      4.395      0.023    12.3602    108.653     40.152  27.895017     3.5100     0.8878     0.0426     0.1269 2.9361e+00     2.0115      4.310      6.251     9.7411 0.0000e+00
      4.401      0.023    12.3540    108.684     40.151  27.893880     3.5100     0.9221     0.0426     0.1692 2.9316e+00     2.0416      4.316      6.260     9.7390 0.0000e+00
      4.407      0.023    12.3470    108.762     40.159  27.899013     3.5100     0.9107     0.0426     0.1692 2.9176e+00     2.0115      4.322      6.268     9.7372 0.0000e+00
      4.412      0.023    12.3415    108.888     40.173  27.907824     3.5100     0.9145     0.0426     0.1692 2.9151e+00     1.9514      4.327      6.276     9.7357 0.0000e+00
      4.418      0.024    12.3403    109.044     40.181  27.910785     3.5100     0.8725     0.0426     0.1692 2.9151e+00     2.0265      4.333      6.284     9.7346 0.0000e+00
      4.424      0.024    12.3441    109.204     40.182  27.908684     3.5100     0.8992     0.0426     0.1692 2.8518e+00     2.0416      4.339      6.292     9.7340 0.0000e+00
      4.430      0.025    12.3532    109.345     40.192  27.912841     3.5100     0.8954     0.0426     0.1692 2.8704e+00     2.0115      4.345      6.301     9.7333 0.0000e+00
      4.437      0.026    12.3678    109.459     40.207  27.920403     3.5100     0.9069     0.0426     0.1692 2.8413e+00     1.9814      4.351      6.311     9.7320 0.0000e+00
      4.444      0.027    12.3864    109.558     40.217  27.925469     3.5100     0.9030     0.0426     0.1692 2.7730e+00     1.9664      4.358      6.321     9.7293 0.0000e+00
      4.451      0.027    12.4056    109.665     40.225  27.929389     3.5100     0.9183     0.0426     0.1692 2.7863e+00     2.0716      4.365      6.331     9.7257 0.0000e+00
      4.458      0.027    12.4228    109.796     40.226  27.929248     3.5100     0.9145     0.0426     0.0846 2.7448e+00     2.0115      4.372      6.341     9.7220 0.0000e+00
      4.465      0.026    12.4367    109.960     40.226  27.928970     3.5100     0.8992     0.0426     0.0846 2.7436e+00     1.9965      4.379      6.351     9.7186 0.0000e+00
      4.472      0.026    12.4486    110.150     40.237  27.936398     3.5100     0.9183     0.0426     0.0846 2.7639e+00     2.0115      4.385      6.360     9.7161 0.0000e+00
      4.478      0.025    12.4612    110.345     40.240  27.937675     3.5100     0.9221     0.0426     0.0846 2.7537e+00     2.0115      4.391      6.369     9.7144 0.0000e+00
      4.484      0.025    12.4765    110.514     40.222  27.925222     3.5100     0.9107     0.0426     0.1692 2.7128e+00     1.9814      4.397      6.378     9.7135 0.0000e+00
      4.490      0.024    12.4952    110.626     40.209  27.915516     3.5100     0.9145     0.0426     0.1692 2.7210e+00     2.0115      4.403      6.386     9.7130 0.0000e+00
      4.496      0.024    12.5169    110.662     40.207  27.913889     3.5100     0.8802     0.0426     0.1692 2.6951e+00     1.9514      4.409      6.395     9.7125 0.0000e+00
      4.502      0.024    12.5393    110.621     40.206  27.911988     3.5100     0.8992     0.0426     0.1692 2.6562e+00     2.2370      4.415      6.404     9.7119 0.0000e+00
      4.509      0.024    12.5587    110.523     40.203  27.909306     3.5100     0.9221     0.0426     0.0846 2.6946e+00     2.2971      4.421      6.413     9.7112 0.0000e+00
      4.515      0.024    12.5716    110.393     40.209  27.913047     3.5100     0.9221     0.0426     0.0846 2.6753e+00     2.2820      4.427      6.421     9.7107 0.0000e+00
      4.521      0.024    12.5758    110.258     40.220  27.920248     3.5100     0.8992     0.0426     0.0846 2.6452e+00     2.2670      4.433      6.430     9.7101 0.0000e+00
      4.527      0.023    12.5714    110.138     40.221  27.920951     3.5100     0.9145     0.0426     0.0846 2.6585e+00     2.0866      4.439      6.439     9.7094 0.0000e+00
      4.533      0.023    12.5605    110.038     40.213  27.915343     3.5100     0.8992     0.0426     0.2115 2.6286e+00     1.9514      4.445      6.447     9.7086 0.0000e+00
      4.539      0.022    12.5460    109.962     40.205  27.909848     3.5100     0.8992     0.0426     0.2115 2.6389e+00     2.0416      4.451      6.455     9.7079 0.0000e+00
      4.544      0.022    12.5308    109.908     40.201  27.906960     3.5100     0.9107     0.0426     0.2115 2.6201e+00     1.9664      4.456      6.463     9.7073 0.0000e+00
      4.550      0.021    12.5172    109.872     40.200  27.905910     3.5100     0.8954     0.0426     0.2115 2.5985e+00     2.2520      4.462      6.471     9.7070 0.0000e+00
      4.555      0.020    12.5060    109.846     40.201  27.906417     3.5100     0.9183     0.0426     0.2115 2.5901e+00     2.2370      4.467      6.478     9.7068 0.0000e+00
      4.560      0.019    12.4973    109.827     40.205  27.908617     3.5100     0.8992     0.0426     0.1269 2.5934e+00     2.3271      4.471      6.485     9.7067 0.0000e+00
      4.565      0.019    12.4913    109.810     40.211  27.913096     3.5100     0.8992     0.0426     0.1269 2.5906e+00     2.2069      4.476      6.492     9.7065 0.0000e+00
      4.569      0.018    12.4872    109.792     40.217  27.917089     3.5100     0.8420     0.0426     0.1269 2.5934e+00     1.9814      4.481      6.499     9.7063 0.0000e+00
      4.574      0.018    12.4843    109.777     40.218  27.917700     3.5100     0.8306     0.0426     0.1269 2.5856e+00     2.0115      4.485      6.505     9.7060 0.0000e+00
      4.578      0.017    12.4823    109.770     40.220  27.919054     3.5100     0.8725     0.0426     0.2115 2.5716e+00     1.9965      4.489      6.512     9.7058 0.0000e+00
      4.583      0.017    12.4803    109.771     40.230  27.925470     3.5100     0.8496     0.0426     0.2115 2.5822e+00     2.0115      4.494      6.518     9.7057 0.0000e+00
      4.587      0.017    12.4782    109.776     40.238  27.930740     3.5100     0.9297     0.0426     0.2115 2.5699e+00     1.9814      4.498      6.524     9.7057 0.0000e+00
      4.591      0.017    12.4765    109.785     40.229  27.924391     3.5100     0.8992     0.0426     0.2115 2.5515e+00     1.9664      4.502      6.530     9.7058 0.0000e+00
      4.595      0.017    12.4758    109.795     40.212  27.912647     3.5100     0.8992     0.0852     0.2961 2.5571e+00     2.0115      4.506      6.536     9.7057 0.0000e+00
      4.599      0.017    12.4760    109.804     40.205  27.908217     3.5100     0.9030     0.0852     0.2961 2.5671e+00     1.9514      4.510      6.542     9.7054 0.0000e+00
      4.604      0.016    12.4767    109.808     40.207  27.909920     3.5100     0.9183     0.0852     0.2961 2.5744e+00     2.3722      4.514      6.548     9.7051 0.0000e+00
      4.608      0.016    12.4777    109.800     40.213  27.914250     3.5100     0.9030     0.0852     0.2961 2.5427e+00     2.1768      4.518      6.554     9.7049 0.0000e+00
      4.612      0.017    12.4789    109.779     40.219  27.918401     3.5100     0.9069     0.0426     0.1269 2.4767e+00     2.2971      4.523      6.560     9.7048 0.0000e+00
      4.616      0.017    12.4799    109.751     40.221  27.919520     3.5100     0.8878     0.0426     0.1269 2.5054e+00     2.2520      4.527      6.566     9.7049 0.0000e+00
      4.620      0.017    12.4803    109.723     40.224  27.921867     3.5100     0.9107     0.0426     0.1269 2.5086e+00     1.9814      4.531      6.572     9.7052 0.0000e+00
      4.625      0.017    12.4794    109.700     40.230  27.926066     3.5100     0.9336     0.0426     0.1269 2.4713e+00     2.0115      4.535      6.578     9.7054 0.0000e+00
      4.629      0.018    12.4770    109.691     40.235  27.929278     3.5100     0.9221     0.0426     0.1269 2.4858e+00     2.0115      4.540      6.584     9.7055 0.0000e+00
      4.634      0.018    12.4737    109.708     40.239  27.932359     3.5100     0.9030     0.0426     0.0846 2.4945e+00     2.0265      4.544      6.591     9.7055 0.0000e+00
      4.638      0.018    12.4705    109.754     40.238  27.932172     3.5100     0.9069     0.0426     0.0846 2.4972e+00     2.2971      4.549      6.597     9.7056 0.0000e+00
      4.643      0.019    12.4679    109.817     40.233  27.928666     3.5100     0.9221     0.0426     0.0846 2.4457e+00     2.2670      4.553      6.604     9.7058 0.0000e+00
      4.648      0.020    12.4668    109.889     40.228  27.924866     3.5100     0.9145     0.0426     0.0846 2.4520e+00     2.2670      4.558      6.611     9.7058 0.0000e+00
      4.653      0.020    12.4687    109.959     40.221  27.919760     3.5100     0.8916     0.0426     0.1692 2.4366e+00     2.2670      4.563      6.618     9.7058 0.0000e+00
      4.658      0.021    12.4739    110.005     40.215  27.915945     3.5100     0.9374     0.0426     0.1692 2.4040e+00     2.2069      4.568      6.626     9.7058 0.0000e+00
      4.664      0.022    12.4812    110.010     40.216  27.916362     3.5100     0.9221     0.0426     0.1692 2.4161e+00     2.2520      4.574      6.634     9.7058 0.0000e+00
      4.669      0.022    12.4894    109.972     40.218  27.917165     3.5100     0.9145     0.0426     0.1692 2.4213e+00     2.2670      4.579      6.642     9.7058 0.0000e+00
      4.675      0.023    12.4973    109.898     40.214  27.914607     3.5100     0.9221     0.0426     0.1692 2.4366e+00     2.3271      4.585      6.650     9.7057 0.0000e+00
      4.681      0.024    12.5025    109.806     40.205  27.908006     3.5100     0.8916     0.0426     0.1692 2.3983e+00     1.9664      4.591      6.658     9.7056 0.0000e+00
      4.687      0.025    12.5031    109.715     40.193  27.899562     3.5100     0.8954     0.0426     0.1692 2.4061e+00     1.8913      4.597      6.667     9.7055 0.0000e+00
      4.694      0.027    12.4988    109.635     40.187  27.894942     3.5100     0.8802     0.0426     0.1692 2.3677e+00     1.9514      4.604      6.677     9.7053 0.0000e+00
      4.701      0.028    12.4905    109.575     40.184  27.892915     3.5100     0.8802     0.0426     0.1269 2.3952e+00     1.9814      4.611      6.687     9.7051 0.0000e+00
      4.708      0.030    12.4802    109.540     40.184  27.892939     3.5100     0.9030     0.0426     0.1269 2.4072e+00     2.3422      4.618      6.697     9.7048 0.0000e+00
      4.716      0.032    12.4699    109.524     40.193  27.898980     3.5100     0.9145     0.0426     0.1269 2.3858e+00     2.2820      4.625      6.708     9.7045 0.0000e+00
      4.724      0.034    12.4608    109.518     40.207  27.908690     3.5100     0.8916     0.0426     0.1269 2.3770e+00     2.2670      4.633      6.720     9.7044 0.0000e+00
      4.733      0.035    12.4540    109.517     40.225  27.920698     3.5100     0.8992     0.0426     0.1269 2.3280e+00     2.2219      4.642      6.732     9.7043 0.0000e+00
      4.743      0.037    12.4502    109.517     40.245  27.934248     3.5100     0.8840     0.0426     0.2115 2.2958e+00     2.3271      4.652      6.746     9.7041 0.0000e+00
      4.753      0.039    12.4484    109.521     40.254  27.941072     3.5100     0.9107     0.0426     0.2115 2.2883e+00     2.3271      4.661      6.761     9.7038 0.0000e+00
      4.763      0.040    12.4478    109.538     40.245  27.935072     3.5100     0.9297     0.0426     0.2115 2.2863e+00     2.2520      4.671      6.775     9.7035 0.0000e+00
      4.773      0.041    12.4478    109.577     40.233  27.926526     3.5100     0.8992     0.0426     0.2115 2.2804e+00     2.2820      4.681      6.789     9.7033 0.0000e+00
      4.784      0.041    12.4478    109.648     40.230  27.925036     3.6000     0.8878     0.0000     0.0846 2.2149e+00     2.3121      4.692      6.805     9.7031 0.0000e+00
      4.795      0.041    12.4482    109.751     40.231  27.926242     3.6000     0.8954     0.0000     0.0846 2.1934e+00     2.3271      4.703      6.820     9.7032 0.0000e+00
      4.806      0.040    12.4501    109.871     40.231  27.926509     3.6000     0.9069     0.0000     0.0846 2.1702e+00     2.2069      4.713      6.836     9.7035 0.0000e+00
      4.816      0.039    12.4544    110.000     40.225  27.921946     3.6000     0.9145     0.0000     0.0846 2.1810e+00     2.2820      4.723      6.850     9.7039 0.0000e+00
      4.826      0.037    12.4624    110.123     40.209  27.911338     3.5100     0.8992     0.0426     0.1692 2.1425e+00     2.3271      4.733      6.864     9.7043 0.0000e+00
      4.835      0.036    12.4739    110.223     40.198  27.903735     3.5100     0.8802     0.0426     0.1692 2.1687e+00     2.2670      4.742      6.877     9.7047 0.0000e+00
      4.844      0.034    12.4875    110.289     40.200  27.905028     3.5100     0.9297     0.0426     0.1692 2.1244e+00     2.3422      4.750      6.890     9.7050 0.0000e+00
      4.853      0.033    12.5021    110.311     40.204  27.907643     3.5100     0.8954     0.0426     0.1692 2.1184e+00     2.2219      4.759      6.902     9.7052 0.0000e+00
      4.861      0.032    12.5161    110.286     40.199  27.904358     3.5100     0.9030     0.0426     0.0846 2.1244e+00     2.2520      4.767      6.914     9.7054 0.0000e+00
      4.869      0.030    12.5274    110.229     40.190  27.898256     3.5100     0.8992     0.0426     0.0846 2.1061e+00     2.3271      4.775      6.925     9.7054 0.0000e+00
      4.877      0.028    12.5348    110.155     40.186  27.895629     3.5100     0.8916     0.0426     0.0846 2.0626e+00     2.2820      4.783      6.936     9.7056 0.0000e+00
      4.884      0.026    12.5372    110.074     40.191  27.899738     3.5100     0.9107     0.0426     0.0846 2.0910e+00     2.2670      4.790      6.947     9.7057 0.0000e+00
      4.890      0.024    12.5345    109.995     40.201  27.907717     3.5100     0.8992     0.0426     0.0846 2.0501e+00     2.2370      4.796      6.956     9.7058 0.0000e+00
