Data/DataNotYetUploadedToEDI/Raw_CTD/RawDownloads/051623_fcr50_S8188001.cnv
* Sea-Bird SBE19plus  Data File:
* FileName = C:\R\Reservoirs\Data\DataNotYetUploadedToEDI\Raw_CTD\RawDownloads\051623_fcr50_S8188_0001.hex
* Software version 2.8.0.119
* Temperature SN = 8188
* Conductivity SN = 8188
* System UpLoad Time = May 31 2023 16:43:48
* <ApplicationData>
* <Seaterm232>
# nquan = 16
# nvalues = 2484                        
# units = specified
# name 0 = depFM: Depth [fresh water, m]
# name 1 = dz/dtM: Descent Rate [m/s]
# name 2 = sbeox0Mg/L: Oxygen, SBE 43 [mg/l]
# name 3 = sbeox0PS: Oxygen, SBE 43 [% saturation]
# name 4 = specc: Specific Conductance [uS/cm]
# name 5 = c0uS/cm: Conductivity [uS/cm]
# name 6 = wetCDOM: Fluorescence, WET Labs CDOM [mg/m^3]
# name 7 = flECO-AFL: Fluorescence, WET Labs ECO-AFL/FL [mg/m^3]
# name 8 = flECO-AFL1: Fluorescence, WET Labs ECO-AFL/FL, 2 [mg/m^3]
# name 9 = flECO-AFL2: Fluorescence, WET Labs ECO-AFL/FL, 3 [mg/m^3]
# name 10 = par/sat/log: PAR/Logarithmic, Satlantic
# name 11 = turbWETntu0: Turbidity, WET Labs ECO [NTU]
# name 12 = prdM: Pressure, Strain Gauge [db]
# name 13 = prdE: Pressure, Strain Gauge [psi]
# name 14 = tv290C: Temperature [ITS-90, deg C]
# name 15 = flag:  0.000e+00
# span 0 =     -0.676,      9.423       
# span 1 =     -0.195,      0.172       
# span 2 =     0.3978,    14.5589       
# span 3 =      3.493,    154.427       
# span 4 =      1.553,    284.405       
# span 5 =   1.397298, 196.869280       
# span 6 =    -4.5000,    24.6600       
# span 7 =    -0.1498,    19.4695       
# span 8 =    -2.1300,     0.9372       
# span 9 =    -2.0304,     9.0945       
# span 10 = 1.1590e-01, 4.1336e+02      
# span 11 =    -0.2130,   378.8621      
# span 12 =     -0.663,      9.241      
# span 13 =     -0.962,     13.402      
# span 14 =     9.6071,    20.7246      
# span 15 = 0.0000e+00, 0.0000e+00      
# interval = seconds: 0.25
# start_time = May 16 2023 10:05:04 [Instrument's time stamp, header]
# bad_flag = -9.990e-29
*END*
[from data line 2170]
     -0.013 3.7069e-10    10.4966    115.967     38.316  34.618721     3.5100     6.7663     0.0426     2.0304 2.1454e+02     2.9133     -0.012     -0.018    20.1681 0.0000e+00
     -0.013 4.7658e-10    10.4993    115.991     38.341  34.643861     3.5100     6.8426     0.0426     2.0304 2.1154e+02     2.9584     -0.012     -0.018    20.1692 0.0000e+00
     -0.013 6.1272e-10    10.5022    116.006     38.360  34.667692     3.5100     6.8731     0.0426     1.9458 2.1135e+02     2.8532     -0.012     -0.018    20.1691 0.0000e+00
     -0.013 7.8778e-10    10.5049    116.001     38.366  34.682706     3.5100     6.8388     0.0426     1.9458 2.1135e+02     2.8532     -0.012     -0.018    20.1689 0.0000e+00
     -0.013 1.0129e-09    10.5071    115.982     38.359  34.690927     3.5100     6.8541     0.0426     1.9458 2.1269e+02     2.9584     -0.012     -0.018    20.1701 0.0000e+00
     -0.012 1.3022e-09    10.5086    115.962     38.347  34.696528     3.5100     6.7320     0.0426     1.9458 2.1135e+02     3.2440     -0.012     -0.018    20.1740 0.0000e+00
     -0.012 1.6743e-09    10.5082    115.946     38.332  34.701005     3.5100     6.7320     0.0426     1.9458 2.1310e+02     3.1688     -0.012     -0.018    20.1821 0.0000e+00
     -0.012 2.1527e-09    10.5050    115.924     38.316  34.703572     3.5100     6.7244     0.0852     1.9881 2.1348e+02     3.1087     -0.012     -0.018    20.1956 0.0000e+00
     -0.012 2.7677e-09    10.4994    115.885     38.296  34.700952     3.5100     6.7205     0.0852     1.9881 2.1200e+02     3.2440     -0.012     -0.017    20.2142 0.0000e+00
     -0.012 3.5585e-09    10.4931    115.822     38.272  34.692448     3.5100     6.6824     0.0852     1.9881 2.1030e+02     2.9434     -0.012     -0.017    20.2360 0.0000e+00
     -0.012 4.5753e-09    10.4868    115.731     38.248  34.679754     3.5100     6.6862     0.0852     1.9881 2.1371e+02     2.9434     -0.012     -0.017    20.2590 0.0000e+00
     -0.012 5.8825e-09    10.4802    115.613     38.228  34.665427     3.5100     6.6710     0.0852     2.0727 2.1348e+02     2.8682     -0.012     -0.017    20.2814 0.0000e+00
     -0.012 7.5632e-09    10.4724    115.477     38.218  34.653569     3.5100     6.6595     0.0852     2.0727 2.1297e+02     2.9734     -0.012     -0.017    20.3019 0.0000e+00
     -0.013 9.7241e-09    10.4632    115.334     38.221  34.644977     3.5100     6.6023     0.0852     2.0727 2.1034e+02     2.9584     -0.012     -0.018    20.3190 0.0000e+00
     -0.013 1.2502e-08    10.4524    115.196     38.233  34.637360     3.5100     6.5870     0.0852     2.0727 2.1177e+02     2.8832     -0.012     -0.018    20.3310 0.0000e+00
     -0.013 1.6074e-08    10.4408    115.071     38.249  34.628687     3.4200     6.6175     0.0426     1.9458 2.1264e+02     2.9434     -0.012     -0.018    20.3358 0.0000e+00
     -0.013 2.0667e-08    10.4294    114.972     38.272  34.624565     3.4200     6.6252     0.0426     1.9458 2.1062e+02     3.1087     -0.012     -0.018    20.3315 0.0000e+00
     -0.013 2.6572e-08    10.4195    114.915     38.304  34.631814     3.4200     6.6862     0.0426     1.9458 2.1186e+02     2.8832     -0.012     -0.018    20.3170 0.0000e+00
     -0.013 3.4164e-08    10.4119    114.915     38.334  34.644445     3.4200     6.6519     0.0426     1.9458 2.1510e+02     2.9734     -0.012     -0.018    20.2930 0.0000e+00
     -0.012 4.3925e-08    10.4069    114.970     38.354  34.657902     3.4200     6.6748     0.0426     1.9458 2.1044e+02     2.8532     -0.012     -0.018    20.2626 0.0000e+00
     -0.012 5.6475e-08    10.4046    115.071     38.368  34.671814     3.4200     6.6824     0.0426     1.9881 2.1510e+02     2.9734     -0.012     -0.017    20.2302 0.0000e+00
     -0.012 7.2611e-08    10.4053    115.210     38.372  34.681969     3.4200     6.5794     0.0426     1.9881 2.1098e+02     2.8231     -0.012     -0.017    20.2020 0.0000e+00
     -0.012 9.3357e-08    10.4090    115.380     38.365  34.685135     3.4200     6.6290     0.0426     1.9881 2.1053e+02     2.8983     -0.012     -0.017    20.1835 0.0000e+00
     -0.012 1.2003e-07    10.4155    115.575     38.351  34.684137     3.4200     6.6175     0.0426     1.9881 2.1108e+02     3.0185     -0.012     -0.017    20.1765 0.0000e+00
     -0.012 1.5433e-07    10.4241    115.776     38.344  34.688611     3.4200     6.5947     0.0426     1.9881 2.1417e+02     3.0035     -0.012     -0.017    20.1791 0.0000e+00
     -0.012 1.9842e-07    10.4349    115.961     38.349  34.701732     3.4200     6.6023     0.0426     1.9881 2.1232e+02     2.7931     -0.012     -0.017    20.1878 0.0000e+00
     -0.012 2.5511e-07    10.4478    116.116     38.354  34.713136     3.4200     6.6137     0.0426     1.9881 2.1232e+02     2.8231     -0.012     -0.017    20.2000 0.0000e+00
     -0.012 3.2800e-07    10.4625    116.237     38.351  34.713983     3.4200     6.5908     0.0426     1.9881 2.1287e+02     2.8532     -0.012     -0.017    20.2142 0.0000e+00
     -0.012 4.2171e-07    10.4777    116.317     38.343  34.706477     3.4200     6.6023     0.0426     1.9458 2.1227e+02     2.6879     -0.012     -0.017    20.2282 0.0000e+00
     -0.012 4.2171e-07    10.4920    116.342     38.336  34.694560     3.4200     6.5374     0.0426     1.9458 2.1246e+02     2.9283     -0.012     -0.017    20.2401 0.0000e+00
     -0.012 3.2800e-07    10.5042    116.304     38.329  34.679014     3.4200     6.5451     0.0426     1.9458 2.1269e+02     2.9885     -0.012     -0.017    20.2488 0.0000e+00
     -0.012 2.5511e-07    10.5143    116.197     38.323  34.661634     3.4200     6.5298     0.0426     1.9458 2.1209e+02     2.9133     -0.012     -0.017    20.2532 0.0000e+00
     -0.012 1.9842e-07    10.5217    116.033     38.314  34.641745     3.4200     6.5374     0.0426     1.8189 2.1297e+02     2.8231     -0.012     -0.017    20.2523 0.0000e+00
     -0.012 1.5432e-07    10.5254    115.839     38.300  34.618004     3.4200     6.5947     0.0426     1.8189 2.1227e+02     2.8832     -0.012     -0.017    20.2454 0.0000e+00
     -0.012 1.2003e-07    10.5245    115.647     38.288  34.599922     3.4200     6.6099     0.0426     1.8189 2.1158e+02     2.7931     -0.012     -0.017    20.2332 0.0000e+00
     -0.012 9.3356e-08    10.5180    115.481     38.289  34.594561     3.4200     6.6214     0.0426     1.8189 2.1464e+02     2.8231     -0.012     -0.017    20.2178 0.0000e+00
     -0.012 7.2611e-08    10.5064    115.358     38.296  34.596529     3.4200     6.6099     0.0426     1.8189 2.1154e+02     2.8382     -0.012     -0.017    20.2022 0.0000e+00
     -0.012 5.6475e-08    10.4916    115.292     38.305  34.602391     3.5100     6.6824     0.0852     1.8189 2.1200e+02     2.7780     -0.012     -0.017    20.1887 0.0000e+00
     -0.012 4.3925e-08    10.4764    115.275     38.314  34.609748     3.5100     6.6519     0.0852     1.8189 2.1348e+02     2.7630     -0.012     -0.017    20.1783 0.0000e+00
     -0.012 3.4164e-08    10.4630    115.277     38.317  34.612642     3.5100     6.6671     0.0852     1.8189 2.1310e+02     2.7480     -0.012     -0.017    20.1705 0.0000e+00
     -0.012 2.6572e-08    10.4530    115.271     38.315  34.611842     3.5100     6.6824     0.0852     1.8189 2.1352e+02     2.8832     -0.012     -0.017    20.1648 0.0000e+00
     -0.012 2.0667e-08    10.4478    115.247     38.318  34.615059     3.4200     6.7472     0.0852     1.9881 2.1320e+02     2.8231     -0.012     -0.017    20.1615 0.0000e+00
     -0.012 1.6074e-08    10.4463    115.216     38.326  34.623150     3.4200     6.7091     0.0852     1.9881 2.1366e+02     2.9434     -0.012     -0.017    20.1607 0.0000e+00
     -0.012 1.2502e-08    10.4464    115.187     38.335  34.630350     3.4200     6.7434     0.0852     1.9881 2.1121e+02     2.8682     -0.012     -0.017    20.1616 0.0000e+00
     -0.012 9.7240e-09    10.4456    115.165     38.337  34.630659     3.4200     6.7320     0.0852     1.9881 2.1218e+02     2.8832     -0.012     -0.017    20.1629 0.0000e+00
     -0.012 7.5632e-09    10.4432    115.157     38.337  34.628119     3.5100     6.6748     0.0852     1.9881 2.1260e+02     2.8983     -0.012     -0.017    20.1639 0.0000e+00
     -0.012 5.8825e-09    10.4403    115.168     38.341  34.627995     3.5100     6.6595     0.0852     1.9881 2.1246e+02     2.9434     -0.012     -0.017    20.1644 0.0000e+00
     -0.012 4.5753e-09    10.4378    115.194     38.336  34.620351     3.5100     6.6786     0.0852     1.9881 2.1590e+02     2.9885     -0.012     -0.017    20.1639 0.0000e+00
     -0.012 3.5585e-09    10.4362    115.230     38.318  34.601167     3.5100     6.6824     0.0852     1.9881 2.0975e+02     2.8382     -0.012     -0.018    20.1618 0.0000e+00
     -0.012 2.7677e-09    10.4362    115.264     38.298  34.579192     3.4200     6.6671     0.0426     2.0727 2.1144e+02     2.9133     -0.012     -0.018    20.1580 0.0000e+00
     -0.012 2.1527e-09    10.4382    115.288     38.287  34.564409     3.4200     6.6519     0.0426     2.0727 2.1218e+02     2.8231     -0.012     -0.018    20.1536 0.0000e+00
     -0.012 1.6743e-09    10.4415    115.299     38.284  34.556835     3.4200     6.6710     0.0426     2.0727 2.1213e+02     3.0035     -0.012     -0.018    20.1493 0.0000e+00
     -0.012 1.3022e-09    10.4456    115.293     38.281  34.550489     3.4200     6.6557     0.0426     2.0727 2.1181e+02     2.8382     -0.012     -0.018    20.1449 0.0000e+00
     -0.012 1.0129e-09    10.4497    115.258     38.274  34.543681     3.4200     6.5870     0.0426     2.0727 2.1310e+02     2.7480     -0.012     -0.017    20.1397 0.0000e+00
     -0.012 7.8778e-10    10.4532    115.195     38.265  34.538553     3.4200     6.6328     0.0426     2.0304 2.1273e+02     2.8532     -0.012     -0.017    20.1335 0.0000e+00
     -0.012 6.1271e-10    10.4555    115.126     38.259  34.541661     3.4200     6.6328     0.0426     2.0304 2.1250e+02     2.7480     -0.012     -0.017    20.1272 0.0000e+00
     -0.012 4.7656e-10    10.4559    115.073     38.257  34.549874     3.4200     6.6099     0.0426     2.0304 2.1320e+02     2.6879     -0.012     -0.017    20.1227 0.0000e+00
     -0.012 3.7065e-10    10.4529    115.049     38.254  34.557460     3.4200     6.5794     0.0426     2.0304 2.1190e+02     2.9133     -0.012     -0.017    20.1219 0.0000e+00
     -0.012 2.8829e-10    10.4462    115.049     38.258  34.570404     3.4200     6.5947     0.0852     2.0727 2.1399e+02     3.0035     -0.012     -0.017    20.1265 0.0000e+00
     -0.012 2.2422e-10    10.4378    115.071     38.274  34.592158     3.4200     6.6061     0.0852     2.0727 2.1427e+02     2.9434     -0.012     -0.017    20.1366 0.0000e+00
     -0.012 1.7440e-10    10.4303    115.120     38.295  34.616641     3.4200     6.6099     0.0852     2.0727 2.1154e+02     2.8532     -0.012     -0.017    20.1501 0.0000e+00
     -0.012 1.3564e-10    10.4252    115.204     38.311  34.634538     3.4200     6.5527     0.0852     2.0727 2.1357e+02     2.6578     -0.012     -0.017    20.1639 0.0000e+00
     -0.012 1.0550e-10    10.4228    115.314     38.315  34.642700     3.5100     6.5451     0.0426     2.0304 2.1246e+02     2.7780     -0.012     -0.017    20.1759 0.0000e+00
     -0.012 8.2055e-11    10.4228    115.426     38.316  34.647265     3.5100     6.5451     0.0426     2.0304 2.1338e+02     2.7630     -0.012     -0.017    20.1853 0.0000e+00
     -0.012 6.3820e-11    10.4259    115.521     38.321  34.653412     3.5100     6.5260     0.0426     2.0304 2.1241e+02     2.7480     -0.012     -0.017    20.1922 0.0000e+00
     -0.012 4.9638e-11    10.4324    115.598     38.330  34.662778     3.5100     6.5336     0.0426     2.0304 2.1324e+02     2.9434     -0.012     -0.017    20.1975 0.0000e+00
     -0.012 3.8607e-11    10.4413    115.666     38.342  34.673902     3.4200     6.5489     0.0852     2.0727 2.1236e+02     3.0185     -0.012     -0.017    20.2025 0.0000e+00
     -0.012 3.0028e-11    10.4504    115.727     38.349  34.679848     3.4200     6.5374     0.0852     2.0727 2.1431e+02     2.9133     -0.012     -0.017    20.2071 0.0000e+00
     -0.012 2.3355e-11    10.4584    115.769     38.348  34.680221     3.4200     6.5413     0.0852     2.0727 2.1200e+02     2.8532     -0.012     -0.017    20.2102 0.0000e+00
     -0.012 1.8165e-11    10.4651    115.779     38.349  34.685020     3.4200     6.4802     0.0852     2.0727 2.1135e+02     2.8983     -0.012     -0.017    20.2113 0.0000e+00
     -0.012 1.4128e-11    10.4713    115.748     38.356  34.697508     3.4200     6.4726     0.0852     2.0727 2.1427e+02     2.9434     -0.012     -0.017    20.2112 0.0000e+00
     -0.012 1.0989e-11    10.4769    115.681     38.363  34.713093     3.5100     6.4955     0.0426     2.0727 2.1190e+02     2.8682     -0.012     -0.017    20.2111 0.0000e+00
     -0.012 8.5469e-12    10.4804    115.595     38.366  34.726029     3.5100     6.4726     0.0426     2.0727 2.1389e+02     3.0035     -0.012     -0.017    20.2126 0.0000e+00
     -0.012 6.6476e-12    10.4803    115.511     38.360  34.731845     3.5100     6.4459     0.0426     2.0727 2.1287e+02     2.7179     -0.012     -0.017    20.2173 0.0000e+00
     -0.012 5.1703e-12    10.4758    115.431     38.350  34.734071     3.5100     6.4993     0.0426     2.0727 2.1076e+02     2.7780     -0.012     -0.017    20.2257 0.0000e+00
     -0.012 4.0213e-12    10.4673    115.353     38.338  34.733304     3.4200     6.4878     0.0852     1.9881 2.1315e+02     2.7029     -0.012     -0.017    20.2373 0.0000e+00
     -0.012 3.1277e-12    10.4566    115.285     38.324  34.731318     3.4200     6.4917     0.0852     1.9881 2.1236e+02     2.7931     -0.012     -0.017    20.2511 0.0000e+00
     -0.012 2.4326e-12    10.4460    115.232     38.316  34.733526     3.4200     6.5451     0.0852     1.9881 2.1140e+02     2.7480     -0.012     -0.017    20.2658 0.0000e+00
     -0.012 1.8920e-12    10.4357    115.182     38.309  34.736556     3.4200     6.5298     0.0852     1.9881 2.1255e+02     2.7179     -0.012     -0.017    20.2805 0.0000e+00
     -0.012 1.4716e-12    10.4258    115.118     38.305  34.741216     3.4200     6.5413     0.0852     2.0304 2.1478e+02     2.7931     -0.012     -0.017    20.2947 0.0000e+00
     -0.012 1.1446e-12    10.4169    115.027     38.303  34.746770     3.4200     6.5298     0.0852     2.0304 2.1408e+02     2.8081     -0.012     -0.017    20.3082 0.0000e+00
     -0.012 8.9019e-13    10.4094    114.919     38.296  34.748758     3.4200     6.5756     0.0852     2.0304 2.1209e+02     2.8231     -0.012     -0.017    20.3207 0.0000e+00
     -0.012 6.9234e-13    10.4026    114.830     38.286  34.747709     3.4200     6.5908     0.0852     2.0304 2.1343e+02     2.6879     -0.012     -0.017    20.3322 0.0000e+00
     -0.012 5.3845e-13    10.3946    114.796     38.272  34.743343     3.4200     6.5947     0.0852     2.1150 2.1227e+02     2.6428     -0.012     -0.017    20.3429 0.0000e+00
     -0.012 4.1875e-13    10.3843    114.830     38.258  34.738460     3.4200     6.5870     0.0852     2.1150 2.1371e+02     2.7630     -0.012     -0.017    20.3531 0.0000e+00
     -0.012 3.2564e-13    10.3724    114.920     38.247  34.735717     3.4200     6.6137     0.0852     2.1150 2.1260e+02     2.7179     -0.012     -0.017    20.3634 0.0000e+00
     -0.012 2.5320e-13    10.3621    115.045     38.241  34.736363     3.4200     6.5947     0.0852     2.1150 2.1468e+02     2.7480     -0.012     -0.017    20.3743 0.0000e+00
     -0.012 1.9684e-13    10.3568    115.183     38.240  34.738591     3.4200     6.5947     0.0852     2.1150 2.1250e+02     2.8231     -0.012     -0.017    20.3855 0.0000e+00
     -0.012 1.5298e-13    10.3577    115.316     38.238  34.739034     3.4200     6.6023     0.0426     2.1150 2.1236e+02     2.7780     -0.012     -0.017    20.3961 0.0000e+00
