Data/DataNotYetUploadedToEDI/Raw_CTD/RawDownloads/051623_fcr50_S8188001.cnv
* Sea-Bird SBE19plus  Data File:
* FileName = C:\R\Reservoirs\Data\DataNotYetUploadedToEDI\Raw_CTD\RawDownloads\051623_fcr50_S8188_0001.hex
* Software version 2.8.0.119
* Temperature SN = 8188
* Conductivity SN = 8188
* System UpLoad Time = May 31 2023 16:43:48
* <ApplicationData>
* <Seaterm232>
# nquan = 16
# nvalues = 2484                        
# units = specified
# name 0 = depFM: Depth [fresh water, m]
# name 1 = dz/dtM: Descent Rate [m/s]
# name 2 = sbeox0Mg/L: Oxygen, SBE 43 [mg/l]
# name 3 = sbeox0PS: Oxygen, SBE 43 [% saturation]
# name 4 = specc: Specific Conductance [uS/cm]
# name 5 = c0uS/cm: Conductivity [uS/cm]
# name 6 = wetCDOM: Fluorescence, WET Labs CDOM [mg/m^3]
# name 7 = flECO-AFL: Fluorescence, WET Labs ECO-AFL/FL [mg/m^3]
# name 8 = flECO-AFL1: Fluorescence, WET Labs ECO-AFL/FL, 2 [mg/m^3]
# name 9 = flECO-AFL2: Fluorescence, WET Labs ECO-AFL/FL, 3 [mg/m^3]
# name 10 = par/sat/log: PAR/Logarithmic, Satlantic
# name 11 = turbWETntu0: Turbidity, WET Labs ECO [NTU]
# name 12 = prdM: Pressure, Strain Gauge [db]
# name 13 = prdE: Pressure, Strain Gauge [psi]
# name 14 = tv290C: Temperature [ITS-90, deg C]
# name 15 = flag:  0.000e+00
# span 0 =     -0.676,      9.423       
# span 1 =     -0.195,      0.172       
# span 2 =     0.3978,    14.5589       
# span 3 =      3.493,    154.427       
# span 4 =      1.553,    284.405       
# span 5 =   1.397298, 196.869280       
# span 6 =    -4.5000,    24.6600       
# span 7 =    -0.1498,    19.4695       
# span 8 =    -2.1300,     0.9372       
# span 9 =    -2.0304,     9.0945       
# span 10 = 1.1590e-01, 4.1336e+02      
# span 11 =    -0.2130,   378.8621      
# span 12 =     -0.663,      9.241      
# span 13 =     -0.962,     13.402      
# span 14 =     9.6071,    20.7246      
# span 15 = 0.0000e+00, 0.0000e+00      
# interval = seconds: 0.25
# start_time = May 16 2023 10:05:04 [Instrument's time stamp, header]
# bad_flag = -9.990e-29
*END*
[from data line 1989]
     -0.008     -0.008    10.2048    112.525     38.179  34.538902     3.6000     6.6748     0.0852     2.3688 2.2369e+02     2.7630     -0.008     -0.012    20.1589 0.0000e+00
     -0.010     -0.006    10.1798    112.695     38.180  34.539716     3.6000     6.9685     0.0852     2.3688 2.2064e+02     2.6879     -0.010     -0.014    20.1882 0.0000e+00
     -0.011     -0.005    10.1700    112.893     38.191  34.549080     3.6000     6.9723     0.0852     2.3688 2.1845e+02     2.6578     -0.011     -0.015    20.2098 0.0000e+00
     -0.012     -0.004    10.1727    113.137     38.203  34.561568     3.6000     6.9494     0.0852     2.3688 2.1427e+02     2.7931     -0.012     -0.017    20.2231 0.0000e+00
     -0.013     -0.003    10.1837    113.456     38.214  34.576550     3.6000     6.9571     0.0852     2.1996 2.1854e+02     2.8081     -0.012     -0.018    20.2283 0.0000e+00
     -0.013     -0.002    10.1991    113.855     38.219  34.590100     3.6000     7.1020     0.0852     2.1996 2.1712e+02     2.8231     -0.013     -0.019    20.2280 0.0000e+00
     -0.014     -0.002    10.2172    114.286     38.208  34.589987     3.6000     7.0829     0.0852     2.1996 2.2247e+02     2.8532     -0.013     -0.019    20.2270 0.0000e+00
     -0.014     -0.001    10.2387    114.679     38.175  34.568261     3.6000     7.0791     0.0852     2.1996 2.1802e+02     2.8382     -0.013     -0.020    20.2293 0.0000e+00
     -0.014     -0.001    10.2661    114.976     38.128  34.531011     3.6000     7.0868     0.0852     2.1996 2.1969e+02     2.8682     -0.014     -0.020    20.2363 0.0000e+00
     -0.014     -0.001    10.3000    115.140     38.078  34.484148     3.6900     7.0181     0.0852     2.2842 2.1651e+02     2.8231     -0.014     -0.020    20.2472 0.0000e+00
     -0.015     -0.001    10.3364    115.173     38.026  34.427059     3.6900     7.0524     0.0852     2.2842 2.1997e+02     2.9434     -0.014     -0.020    20.2599 0.0000e+00
     -0.015     -0.000    10.3696    115.116     37.981  34.368284     3.6900     7.0028     0.0852     2.2842 2.1812e+02     2.8832     -0.014     -0.020    20.2714 0.0000e+00
     -0.015     -0.000    10.3951    115.061     37.951  34.315913     3.6900     7.0372     0.0852     2.2842 2.1888e+02     2.9133     -0.014     -0.020    20.2779 0.0000e+00
     -0.015     -0.000    10.4104    115.130     37.943  34.277764     3.6900     7.0868     0.0852     2.4534 2.1878e+02     2.9434     -0.014     -0.021    20.2759 0.0000e+00
     -0.015 1.4393e-10    10.4160    115.422     37.964  34.263467     3.6900     7.1058     0.0852     2.4534 2.1783e+02     2.9734     -0.014     -0.021    20.2631 0.0000e+00
     -0.015 1.8505e-10    10.4159    115.962     38.008  34.271186     3.6900     7.0944     0.0852     2.4534 2.1731e+02     2.9434     -0.014     -0.021    20.2392 0.0000e+00
     -0.015 2.3792e-10    10.4178    116.727     38.063  34.297039     3.6900     7.1097     0.0852     2.4534 2.1831e+02     2.8983     -0.014     -0.021    20.2057 0.0000e+00
     -0.015 3.0590e-10    10.4324    117.663     38.118  34.332073     3.6900     6.5413     0.0426     2.4111 2.2098e+02     2.9734     -0.014     -0.021    20.1652 0.0000e+00
     -0.015 3.9329e-10    10.4680    118.656     38.149  34.355925     3.6900     6.5413     0.0426     2.4111 1.9524e+02     2.8231     -0.014     -0.021    20.1214 0.0000e+00
     -0.015 5.0566e-10    10.5257    119.567     38.146  34.355151     3.6900     6.5451     0.0426     2.4111 2.2267e+02     3.0035     -0.014     -0.021    20.0801 0.0000e+00
     -0.015 6.5014e-10    10.6017    120.258     38.122  34.337468     3.6900     6.5527     0.0426     2.4111 2.1385e+02     2.8532     -0.014     -0.021    20.0484 0.0000e+00
     -0.015 8.3589e-10    10.6906    120.629     38.095  34.317965     3.6900     6.4955     0.0426     2.4111 2.2330e+02     2.7480     -0.014     -0.021    20.0299 0.0000e+00
     -0.015 1.0747e-09    10.7822    120.671     38.071  34.299363     3.6000     6.5107     0.0426     2.1573 2.1273e+02     2.7931     -0.014     -0.021    20.0236 0.0000e+00
     -0.015 1.3818e-09    10.8644    120.457     38.054  34.286604     3.6000     6.4764     0.0426     2.1573 2.1731e+02     2.6879     -0.014     -0.021    20.0259 0.0000e+00
     -0.015 1.7766e-09    10.9258    120.109     38.057  34.290147     3.6000     6.4878     0.0426     2.1573 2.1506e+02     2.8231     -0.014     -0.021    20.0320 0.0000e+00
     -0.014 2.2842e-09    10.9583    119.753     38.082  34.312918     3.6000     6.5374     0.0426     2.1573 2.1557e+02     3.0035     -0.014     -0.021    20.0378 0.0000e+00
     -0.014 2.9368e-09    10.9611    119.482     38.126  34.355048     3.6900     6.5451     0.0852     2.2419 2.1812e+02     2.9133     -0.014     -0.021    20.0421 0.0000e+00
     -0.014 3.7759e-09    10.9411    119.340     38.189  34.419850     3.6900     6.5527     0.0852     2.2419 2.1394e+02     2.9434     -0.014     -0.021    20.0449 0.0000e+00
     -0.014 4.8547e-09    10.9092    119.333     38.263  34.504799     3.6900     6.5527     0.0852     2.2419 2.1269e+02     2.9885     -0.014     -0.020    20.0461 0.0000e+00
     -0.014 6.2418e-09    10.8768    119.439     38.327  34.592942     3.6900     6.4726     0.0852     2.2419 2.1506e+02     2.7931     -0.014     -0.020    20.0466 0.0000e+00
     -0.014 8.0251e-09    10.8516    119.585     38.370  34.672136     3.6000     6.4840     0.1278     2.1996 2.1793e+02     2.7179     -0.014     -0.021    20.0495 0.0000e+00
     -0.014 1.0318e-08    10.8364    119.664     38.398  34.741718     3.6000     6.4955     0.1278     2.1996 2.1679e+02     2.7931     -0.014     -0.021    20.0600 0.0000e+00
     -0.014 1.3266e-08    10.8307    119.578     38.410  34.796480     3.6000     6.4726     0.1278     2.1996 2.1750e+02     2.7329     -0.014     -0.021    20.0837 0.0000e+00
     -0.014 1.7056e-08    10.8318    119.271     38.400  34.829243     3.6000     6.2437     0.1278     2.1996 2.1436e+02     2.7780     -0.014     -0.020    20.1234 0.0000e+00
     -0.014 2.1930e-08    10.8338    118.743     38.373  34.840823     3.5100     6.2361     0.0852     2.2419 2.1422e+02     2.7480     -0.014     -0.020    20.1758 0.0000e+00
     -0.014 2.8195e-08    10.8286    118.032     38.338  34.838271     3.5100     6.2208     0.0852     2.2419 2.1348e+02     2.7931     -0.014     -0.020    20.2338 0.0000e+00
     -0.014 3.6251e-08    10.8084    117.205     38.309  34.832791     3.5100     6.2170     0.0852     2.2419 2.1112e+02     2.6578     -0.014     -0.020    20.2917 0.0000e+00
     -0.014 4.6608e-08    10.7693    116.344     38.292  34.830844     3.5100     6.1674     0.0852     2.2419 2.1468e+02     2.8983     -0.014     -0.020    20.3456 0.0000e+00
     -0.014 5.9925e-08    10.7116    115.540     38.286  34.831911     3.5100     6.1712     0.0852     2.2419 2.1553e+02     2.8832     -0.014     -0.020    20.3927 0.0000e+00
     -0.014 7.7046e-08    10.6396    114.876     38.287  34.836277     3.6000     6.1789     0.0426     2.2419 2.1399e+02     3.0035     -0.014     -0.020    20.4306 0.0000e+00
     -0.014 9.9059e-08    10.5593    114.386     38.291  34.841144     3.6000     6.1674     0.0426     2.2419 2.1380e+02     2.8532     -0.014     -0.020    20.4579 0.0000e+00
     -0.014 1.2736e-07    10.4781    114.046     38.292  34.843850     3.6000     6.1674     0.0426     2.2419 2.1200e+02     2.9133     -0.014     -0.020    20.4751 0.0000e+00
     -0.014 1.6375e-07    10.4038    113.834     38.295  34.849077     3.6000     6.1865     0.0426     2.2419 2.1315e+02     3.0185     -0.014     -0.020    20.4843 0.0000e+00
     -0.014 2.1054e-07    10.3431    113.743     38.306  34.862180     3.6900     6.1598     0.0426     2.1996 2.0998e+02     2.8832     -0.014     -0.020    20.4884 0.0000e+00
     -0.014 2.7069e-07    10.2985    113.756     38.320  34.878731     3.6900     6.1598     0.0426     2.1996 2.1562e+02     2.9434     -0.014     -0.020    20.4907 0.0000e+00
     -0.014 3.4803e-07    10.2674    113.848     38.329  34.891261     3.6900     6.0530     0.0426     2.1996 2.1149e+02     2.7179     -0.014     -0.020    20.4932 0.0000e+00
     -0.014 4.4747e-07    10.2476    114.002     38.328  34.895190     3.6900     6.0453     0.0426     2.1996 2.1310e+02     2.7480     -0.014     -0.020    20.4964 0.0000e+00
     -0.014 4.4747e-07    10.2387    114.193     38.318  34.891567     3.6900     6.0377     0.0426     2.2842 2.0948e+02     2.8081     -0.014     -0.020    20.5002 0.0000e+00
     -0.014 3.4803e-07    10.2389    114.392     38.313  34.891307     3.6900     6.0530     0.0426     2.2842 2.1459e+02     2.7630     -0.014     -0.020    20.5049 0.0000e+00
     -0.014 2.7069e-07    10.2460    114.572     38.313  34.894342     3.6900     6.2590     0.0426     2.2842 2.1007e+02     2.8231     -0.014     -0.020    20.5105 0.0000e+00
     -0.014 2.1054e-07    10.2585    114.711     38.304  34.889598     3.6900     6.2361     0.0426     2.2842 2.0816e+02     2.8682     -0.014     -0.020    20.5169 0.0000e+00
     -0.014 1.6375e-07    10.2745    114.809     38.295  34.883732     3.6000     6.2399     0.0852     2.3688 2.0789e+02     2.7931     -0.014     -0.020    20.5234 0.0000e+00
     -0.014 1.2736e-07    10.2912    114.876     38.297  34.887064     3.6000     6.2590     0.0852     2.3688 2.1241e+02     2.7931     -0.014     -0.020    20.5290 0.0000e+00
     -0.014 9.9059e-08    10.3064    114.919     38.301  34.892558     3.6000     6.0949     0.0852     2.3688 2.1131e+02     2.9885     -0.014     -0.020    20.5336 0.0000e+00
     -0.014 7.7046e-08    10.3182    114.950     38.301  34.893760     3.6000     6.0873     0.0852     2.3688 2.0866e+02     2.9734     -0.014     -0.020    20.5373 0.0000e+00
     -0.014 5.9925e-08    10.3264    114.991     38.299  34.890990     3.6000     6.1293     0.0852     2.3688 2.0902e+02     2.8382     -0.014     -0.020    20.5406 0.0000e+00
     -0.014 4.6608e-08    10.3317    115.067     38.293  34.883509     3.6900     6.0911     0.1278     2.2419 2.1539e+02     2.9434     -0.014     -0.020    20.5436 0.0000e+00
     -0.014 3.6251e-08    10.3351    115.189     38.285  34.873282     3.6900     6.0835     0.1278     2.2419 2.1149e+02     2.9283     -0.014     -0.020    20.5461 0.0000e+00
     -0.014 2.8195e-08    10.3377    115.347     38.280  34.865504     3.6900     6.0415     0.1278     2.2419 2.0703e+02     2.7780     -0.014     -0.020    20.5473 0.0000e+00
     -0.014 2.1930e-08    10.3416    115.524     38.279  34.862063     3.6900     6.0606     0.1278     2.2419 2.1177e+02     2.7780     -0.014     -0.020    20.5466 0.0000e+00
     -0.014 1.7057e-08    10.3489    115.696     38.283  34.862040     3.6900     6.0530     0.0426     2.1573 2.0952e+02     2.8532     -0.014     -0.020    20.5441 0.0000e+00
     -0.014 1.3266e-08    10.3606    115.840     38.290  34.865429     3.6900     6.0186     0.0426     2.1573 2.1250e+02     2.7179     -0.014     -0.020    20.5403 0.0000e+00
     -0.014 1.0318e-08    10.3757    115.947     38.297  34.869172     3.6900     6.0911     0.0426     2.1573 2.0685e+02     2.6879     -0.014     -0.020    20.5361 0.0000e+00
     -0.014 8.0257e-09    10.3924    116.010     38.301  34.870306     3.6900     6.0949     0.0426     2.1573 2.0957e+02     2.7029     -0.014     -0.020    20.5319 0.0000e+00
     -0.014 6.2425e-09    10.4087    116.024     38.302  34.869134     3.6900     6.1064     0.0852     2.1996 2.1098e+02     2.8231     -0.014     -0.020    20.5277 0.0000e+00
     -0.014 4.8555e-09    10.4226    116.002     38.299  34.865344     3.6900     6.1254     0.0852     2.1996 2.1278e+02     2.7480     -0.014     -0.020    20.5236 0.0000e+00
     -0.014 3.7770e-09    10.4330    115.973     38.298  34.861885     3.6900     6.1369     0.0852     2.1996 2.1021e+02     2.8231     -0.014     -0.020    20.5198 0.0000e+00
     -0.014 2.9382e-09    10.4393    115.958     38.297  34.857836     3.6900     6.1026     0.0852     2.1996 2.0789e+02     2.7480     -0.014     -0.020    20.5166 0.0000e+00
     -0.014 2.2859e-09    10.4411    115.965     38.295  34.852115     3.6900     6.0949     0.0852     2.1573 2.1292e+02     2.7630     -0.014     -0.020    20.5140 0.0000e+00
     -0.014 1.7788e-09    10.4396    115.993     38.295  34.847160     3.6900     6.1178     0.0852     2.1573 2.0708e+02     2.7329     -0.014     -0.020    20.5117 0.0000e+00
     -0.014 1.3847e-09    10.4375    116.032     38.295  34.841647     3.6900     6.0873     0.0852     2.1573 2.1348e+02     2.9885     -0.014     -0.020    20.5090 0.0000e+00
     -0.014 1.0784e-09    10.4370    116.067     38.295  34.838068     3.6900     6.0530     0.0852     2.1573 2.1186e+02     3.0035     -0.014     -0.020    20.5049 0.0000e+00
     -0.014 8.4068e-10    10.4388    116.085     38.295  34.835467     3.6900     6.0606     0.0852     2.1573 2.1030e+02     2.9133     -0.014     -0.020    20.4993 0.0000e+00
     -0.014 6.5629e-10    10.4426    116.070     38.292  34.833150     3.6000     6.0530     0.0426     2.1150 2.0980e+02     2.8832     -0.014     -0.020    20.4929 0.0000e+00
     -0.014 5.1358e-10    10.4474    116.012     38.292  34.834462     3.6000     6.1712     0.0426     2.1150 2.0957e+02     2.8983     -0.014     -0.020    20.4866 0.0000e+00
     -0.014 4.0347e-10    10.4517    115.918     38.290  34.835790     3.6000     6.1521     0.0426     2.1150 2.0920e+02     2.9434     -0.014     -0.020    20.4813 0.0000e+00
     -0.014 3.1898e-10    10.4540    115.807     38.283  34.833528     3.6000     6.1789     0.0426     2.1150 2.1135e+02     2.9133     -0.014     -0.020    20.4782 0.0000e+00
     -0.014 2.5474e-10    10.4526    115.701     38.276  34.831036     3.6000     6.1941     0.0852     2.0727 2.1334e+02     3.0185     -0.014     -0.020    20.4780 0.0000e+00
     -0.014 2.0668e-10    10.4468    115.614     38.274  34.831608     3.6000     6.2437     0.0852     2.0727 2.1144e+02     2.9133     -0.014     -0.020    20.4806 0.0000e+00
     -0.014 1.7174e-10    10.4374    115.549     38.273  34.831437     3.6000     6.2094     0.0852     2.0727 2.0984e+02     2.9885     -0.014     -0.020    20.4852 0.0000e+00
     -0.014 1.4770e-10    10.4264    115.499     38.271  34.826517     3.6000     6.2437     0.0852     2.0727 2.1131e+02     2.9434     -0.014     -0.020    20.4905 0.0000e+00
     -0.014 1.3304e-10    10.4158    115.458     38.269  34.819497     3.6000     6.2284     0.0426     2.1996 2.0971e+02     2.9584     -0.014     -0.020    20.4953 0.0000e+00
     -0.014 1.2683e-10    10.4075    115.421     38.269  34.812464     3.6000     6.1827     0.0426     2.1996 2.1399e+02     2.9283     -0.013     -0.020    20.4981 0.0000e+00
     -0.013 1.2867e-10    10.4016    115.372     38.269  34.803543     3.6000     6.1979     0.0426     2.1996 2.0880e+02     2.9734     -0.013     -0.020    20.4981 0.0000e+00
     -0.013 1.3868e-10    10.3977    115.300     38.271  34.794316     3.6000     6.1789     0.0426     2.1996 2.0934e+02     2.9885     -0.013     -0.020    20.4949 0.0000e+00
     -0.013 1.5749e-10    10.3954    115.215     38.276  34.786283     3.6000     6.1598     0.0426     2.1150 2.1140e+02     2.9584     -0.013     -0.020    20.4885 0.0000e+00
     -0.013 1.8631e-10    10.3941    115.145     38.280  34.777300     3.6000     6.1865     0.0426     2.1150 2.1232e+02     3.0786     -0.013     -0.019    20.4789 0.0000e+00
     -0.013 2.2695e-10    10.3922    115.112     38.285  34.768933     3.6000     6.1827     0.0426     2.1150 2.0857e+02     2.9584     -0.013     -0.019    20.4668 0.0000e+00
     -0.014 2.8200e-10    10.3885    115.123     38.298  34.768853     3.6000     6.1750     0.0426     2.1150 2.1338e+02     2.8382     -0.013     -0.019    20.4527 0.0000e+00
     -0.014 3.5496e-10    10.3841    115.175     38.319  34.779016     3.6000     6.1865     0.0426     2.1150 2.0916e+02     2.7931     -0.013     -0.019    20.4369 0.0000e+00
