Data/DataNotYetUploadedToEDI/Raw_CTD/RawDownloads/051722_bvr01_0002.cnv
* Sea-Bird SBE19plus  Data File:
* FileName = C:\R\Reservoirs\Data\DataNotYetUploadedToEDI\Raw_CTD\RawDownloads\051722_bvr01_0002.hex
* Software version 2.8.0.119
* Temperature SN = 7809
* Conductivity SN = 7809
* System UpLoad Time = May 24 2022 16:13:37
* <ApplicationData>
* <Seaterm232>
# nquan = 15
# nvalues = 1603                        
# units = specified
# name 0 = depFM: Depth [fresh water, m]
# name 1 = dz/dtM: Descent Rate [m/s]
# name 2 = sbeox0Mg/L: Oxygen, SBE 43 [mg/l]
# name 3 = sbeox0PS: Oxygen, SBE 43 [% saturation]
# name 4 = specc: Specific Conductance [uS/cm]
# name 5 = c0uS/cm: Conductivity [uS/cm]
# name 6 = flECO-AFL: Fluorescence, WET Labs ECO-AFL/FL [mg/m^3]
# name 7 = ph: pH
# name 8 = orp: Oxidation Reduction Potential [mV]
# name 9 = par/sat/log: PAR/Logarithmic, Satlantic
# name 10 = turbWETntu0: Turbidity, WET Labs ECO [NTU]
# name 11 = prdM: Pressure, Strain Gauge [db]
# name 12 = prdE: Pressure, Strain Gauge [psi]
# name 13 = tv290C: Temperature [ITS-90, deg C]
# name 14 = flag:  0.000e+00
# span 0 =     -0.757,      9.531       
# span 1 =     -0.620,      0.162       
# span 2 =     0.0016,     0.0331       
# span 3 =      0.026,      0.307       
# span 4 =     85.604,     87.297       
# span 5 =  64.543074,  85.483565       
# span 6 =    -1.5568,     9.2861       
# span 7 =      3.604,      8.055       
# span 8 = -1240.7455,   914.2121       
# span 9 = 2.5578e-01, 2.5910e+03       
# span 10 =    -0.7934,    12.3943      
# span 11 =     -0.742,      9.347      
# span 12 =     -1.077,     13.556      
# span 13 =    12.4132,    23.9557      
# span 14 = 0.0000e+00, 0.0000e+00      
# interval = seconds: 0.25
# start_time = May 17 2022 10:17:36 [Instrument's time stamp, header]
# bad_flag = -9.990e-29
*END*
[from data line 772]
      5.586      0.012     0.0217      0.234     86.075  78.354001     5.4910      6.963   293.1916 6.9367e+00     3.2542      5.477      7.943    20.5591 0.0000e+00
      5.586      0.014     0.0181      0.235     86.088  78.344994     5.4907      6.959   292.1463 6.9275e+00     3.2994      5.476      7.942    20.5469 0.0000e+00
      5.590      0.018     0.0192      0.231     86.102  78.335936     5.4884      6.956   291.3986 6.9044e+00     3.2429      5.481      7.949    20.5346 0.0000e+00
      5.597      0.020     0.0219      0.230     86.095  78.307994     5.4714      6.953   290.9493 6.8483e+00     3.1521      5.488      7.959    20.5222 0.0000e+00
      5.605      0.021     0.0202      0.240     86.067  78.261307     5.4681      6.949   290.4996 6.7724e+00     3.1581      5.497      7.972    20.5102 0.0000e+00
      5.614      0.019     0.0218      0.243     86.041  78.216230     5.4739      6.946   289.8327 6.7299e+00     3.2132      5.507      7.987    20.4976 0.0000e+00
      5.619      0.016     0.0208      0.238     86.054  78.207759     5.4501      6.944   289.1668 6.7290e+00     3.2034      5.513      7.995    20.4852 0.0000e+00
      5.621      0.011     0.0198      0.230     86.094  78.222403     5.4046      6.942   288.6425 6.7412e+00     3.1760      5.512      7.994    20.4730 0.0000e+00
      5.621      0.007     0.0225      0.224     86.096  78.202629     5.3814      6.939   288.1396 6.7409e+00     3.1900      5.512      7.994    20.4604 0.0000e+00
      5.622      0.004     0.0220      0.232     86.072  78.159274     5.3699      6.936   287.7331 6.7394e+00     3.2019      5.513      7.996    20.4480 0.0000e+00
      5.623      0.003     0.0216      0.244     86.078  78.142999     5.3559      6.933   287.3412 6.7363e+00     3.1831      5.514      7.997    20.4360 0.0000e+00
      5.624      0.006     0.0209      0.241     86.090  78.132899     5.3548      6.931   286.8430 6.7263e+00     3.1666      5.514      7.998    20.4237 0.0000e+00
      5.625      0.015     0.0195      0.231     86.079  78.100673     5.3650      6.929   286.1828 6.7314e+00     3.2085      5.516      8.002    20.4111 0.0000e+00
      5.625      0.027     0.0206      0.230     86.070  78.071050     5.3794      6.926   285.0373 6.7451e+00     3.2458      5.517      8.001    20.3985 0.0000e+00
      5.627      0.039     0.0230      0.235     86.047  78.028875     5.4365      6.923   283.2311 6.7027e+00     3.2762      5.514      7.997    20.3863 0.0000e+00
      5.639      0.049     0.0218      0.235     86.008  77.971975     5.5311      6.921   281.3805 6.5631e+00     3.3360      5.525      8.012    20.3735 0.0000e+00
      5.662      0.056     0.0204      0.237     86.013  77.954947     5.5827      6.919   280.1278 6.4052e+00     3.3540      5.554      8.055    20.3609 0.0000e+00
      5.686      0.056     0.0202      0.242     86.032  77.950060     5.5786      6.916   279.2703 6.3144e+00     3.3568      5.580      8.093    20.3486 0.0000e+00
      5.702      0.051     0.0220      0.239     86.015  77.912857     5.4391      6.913   278.3253 6.2514e+00     3.3697      5.593      8.112    20.3359 0.0000e+00
      5.714      0.041     0.0211      0.248     86.010  77.886359     5.1856      6.910   277.1336 6.1928e+00     3.3394      5.605      8.129    20.3233 0.0000e+00
      5.721      0.031     0.0207      0.262     86.031  77.883828     5.0522      6.907   275.9607 6.2033e+00     3.2981      5.613      8.143    20.3108 0.0000e+00
      5.722      0.024     0.0230      0.255     86.053  77.882227     5.0337      6.904   274.9853 6.2480e+00     3.2461      5.611      8.139    20.2980 0.0000e+00
      5.723      0.022     0.0206      0.251     86.060  77.866972     5.0211      6.903   274.1153 6.2273e+00     3.1886      5.608      8.135    20.2854 0.0000e+00
      5.730      0.023     0.0220      0.256     86.040  77.826431     5.0653      6.901   273.2713 6.1698e+00     3.1498      5.618      8.148    20.2730 0.0000e+00
      5.739      0.026     0.0254      0.248     86.005  77.773287     5.1602      6.897   272.4386 6.1351e+00     3.1532      5.630      8.165    20.2602 0.0000e+00
      5.746      0.028     0.0224      0.243     85.985  77.732728     5.2114      6.895   271.6181 6.1064e+00     3.2293      5.635      8.172    20.2474 0.0000e+00
      5.753      0.029     0.0218      0.250     85.991  77.717274     5.2182      6.894   270.7504 6.0673e+00     3.2843      5.640      8.179    20.2352 0.0000e+00
      5.762      0.028     0.0245      0.258     86.011  77.713484     5.2919      6.893   269.9494 6.0424e+00     3.2723      5.652      8.197    20.2224 0.0000e+00
      5.769      0.028     0.0220      0.256     86.006  77.686883     5.4374      6.891   269.4181 6.0441e+00     3.2202      5.660      8.209    20.2094 0.0000e+00
      5.774      0.028     0.0215      0.249     85.990  77.649779     5.5204      6.888   269.0581 6.0205e+00     3.1670      5.661      8.210    20.1968 0.0000e+00
      5.779      0.028     0.0227      0.253     86.010  77.646095     5.5299      6.885   268.6946 5.9512e+00     3.1408      5.664      8.216    20.1845 0.0000e+00
      5.789      0.027     0.0238      0.260     86.030  77.642317     5.6113      6.883   268.2068 5.8899e+00     3.1423      5.678      8.236    20.1717 0.0000e+00
      5.798      0.026     0.0238      0.263     86.012  77.604064     5.7801      6.881   267.6344 5.8512e+00     3.1848      5.688      8.249    20.1586 0.0000e+00
      5.804      0.024     0.0216      0.257     85.992  77.564812     5.8811      6.878   267.1949 5.8153e+00     3.2455      5.691      8.253    20.1461 0.0000e+00
      5.810      0.021     0.0232      0.244     85.999  77.548955     5.8749      6.876   266.7637 5.7896e+00     3.2618      5.698      8.265    20.1333 0.0000e+00
      5.815      0.020     0.0235      0.234     86.013  77.539391     5.7050      6.875   266.1212 5.7821e+00     3.2794      5.705      8.274    20.1204 0.0000e+00
      5.817      0.022     0.0242      0.232     86.008  77.512685     5.4092      6.874   265.5349 5.7816e+00     3.3553      5.704      8.273    20.1078 0.0000e+00
      5.820      0.027     0.0237      0.232     85.997  77.480203     5.2527      6.871   265.2671 5.7659e+00     3.4273      5.705      8.274    20.0950 0.0000e+00
      5.827      0.033     0.0219      0.234     86.004  77.464335     5.2367      6.868   265.0346 5.7143e+00     3.4668      5.713      8.286    20.0820 0.0000e+00
      5.837      0.041     0.0210      0.252     86.010  77.447886     5.1317      6.866   264.6165 5.6313e+00     3.4577      5.725      8.302    20.0694 0.0000e+00
      5.850      0.050     0.0207      0.268     85.990  77.408375     4.9326      6.864   264.1690 5.5549e+00     3.4206      5.736      8.320    20.0565 0.0000e+00
      5.864      0.056     0.0217      0.269     85.970  77.367826     4.8180      6.861   263.8403 5.4697e+00     3.3931      5.749      8.338    20.0435 0.0000e+00
      5.880      0.058     0.0199      0.265     85.962  77.338838     4.7861      6.859   263.5674 5.3494e+00     3.3984      5.765      8.362    20.0308 0.0000e+00
      5.898      0.058     0.0232      0.265     85.957  77.312029     4.6717      6.858   263.2788 5.2558e+00     3.4507      5.784      8.389    20.0178 0.0000e+00
      5.915      0.055     0.0253      0.266     85.966  77.297814     4.4758      6.856   263.0177 5.1933e+00     3.5469      5.802      8.415    20.0048 0.0000e+00
      5.929      0.050     0.0243      0.259     85.986  77.294025     4.3737      6.853   262.7335 5.1284e+00     3.6403      5.815      8.436    19.9922 0.0000e+00
      5.940      0.043     0.0241      0.248     85.980  77.266184     4.3696      6.850   262.4240 5.0636e+00     3.6914      5.824      8.447    19.9797 0.0000e+00
      5.950      0.037     0.0237      0.243     85.949  77.215333     4.3679      6.846   262.1148 5.0170e+00     3.6869      5.835      8.463    19.9666 0.0000e+00
      5.959      0.033     0.0251      0.246     85.943  77.187492     4.3443      6.843   261.8338 5.0071e+00     3.5509      5.846      8.479    19.9534 0.0000e+00
      5.963      0.031     0.0236      0.260     85.963  77.183698     4.3093      6.841   261.6079 4.9881e+00     3.3801      5.847      8.481    19.9407 0.0000e+00
      5.968      0.031     0.0225      0.271     85.972  77.169436     4.2934      6.838   261.3625 4.9297e+00     3.3292      5.849      8.484    19.9277 0.0000e+00
      5.977      0.034     0.0220      0.270     85.966  77.142106     4.2769      6.835   261.1039 4.8861e+00     3.3451      5.862      8.502    19.9147 0.0000e+00
      5.986      0.038     0.0217      0.265     85.953  77.107385     4.1109      6.832   260.8030 4.8629e+00     3.3332      5.871      8.515    19.9020 0.0000e+00
      5.994      0.041     0.0239      0.260     85.933  77.067306     3.8008      6.829   260.4782 4.7944e+00     3.2887      5.875      8.521    19.8888 0.0000e+00
      6.008      0.044     0.0255      0.256     85.925  77.038733     3.6228      6.826   260.1023 4.7079e+00     3.2508      5.890      8.542    19.8757 0.0000e+00
      6.024      0.049     0.0242      0.256     85.925  77.016043     3.5992      6.824   259.6140 4.6652e+00     3.1825      5.911      8.573    19.8629 0.0000e+00
      6.034      0.054     0.0244      0.256     85.914  76.983567     3.5403      6.821   259.0485 4.6405e+00     2.9753      5.919      8.585    19.8497 0.0000e+00
      6.042      0.056     0.0239      0.257     85.916  76.963742     3.4344      6.818   257.9966 4.5721e+00     2.7268      5.921      8.588    19.8367 0.0000e+00
      6.058      0.056     0.0229      0.261     85.945  76.966937     3.3761      6.815   256.3599 4.4638e+00     2.6376      5.939      8.612    19.8241 0.0000e+00
      6.080      0.055     0.0238      0.263     85.961  76.958621     3.3677      6.812   254.8329 4.3815e+00     2.6136      5.967      8.654    19.8109 0.0000e+00
      6.098      0.052     0.0232      0.257     85.950  76.926709     3.3666      6.807   253.6443 4.3458e+00     2.5396      5.983      8.678    19.7978 0.0000e+00
      6.108      0.048     0.0234      0.237     85.944  76.898769     3.3629      6.803   252.3993 4.3156e+00     2.4931      5.988      8.686    19.7851 0.0000e+00
      6.117      0.042     0.0239      0.227     85.942  76.874925     3.3556      6.801   251.1359 4.2857e+00     2.4962      5.999      8.702    19.7722 0.0000e+00
      6.127      0.035     0.0240      0.245     85.916  76.829008     3.3451      6.799   250.0704 4.2748e+00     2.5084      6.011      8.717    19.7590 0.0000e+00
      6.134      0.030     0.0244      0.262     85.896  76.788345     3.3117      6.796   249.0670 4.2493e+00     2.4704      6.014      8.722    19.7460 0.0000e+00
      6.142      0.027     0.0214      0.260     85.894  76.764491     3.2681      6.793   248.1238 4.2043e+00     2.3787      6.023      8.735    19.7331 0.0000e+00
      6.150      0.024     0.0190      0.251     85.882  76.731185     3.2585      6.790   247.2705 4.1806e+00     2.3553      6.035      8.753    19.7199 0.0000e+00
      6.155      0.020     0.0229      0.246     85.876  76.703318     3.2625      6.787   246.3215 4.1678e+00     2.3928      6.036      8.755    19.7067 0.0000e+00
      6.157      0.018     0.0249      0.253     85.877  76.681679     3.2000      6.786   245.1663 4.1391e+00     2.3879      6.037      8.756    19.6939 0.0000e+00
      6.162      0.018     0.0235      0.260     85.878  76.660139     3.0855      6.785   244.0579 4.1283e+00     2.3301      6.044      8.768    19.6807 0.0000e+00
      6.166      0.019     0.0232      0.250     85.873  76.633479     3.0261      6.782   243.1594 4.1366e+00     2.3093      6.048      8.773    19.6675 0.0000e+00
      6.169      0.020     0.0220      0.243     85.875  76.613464     3.0229      6.779   242.2176 4.1155e+00     2.3403      6.048      8.771    19.6545 0.0000e+00
      6.174      0.022     0.0226      0.250     85.895  76.608721     3.0299      6.776   241.1889 4.0569e+00     2.2958      6.052      8.779    19.6415 0.0000e+00
      6.183      0.025     0.0254      0.263     85.884  76.576104     3.0364      6.773   240.1007 3.9987e+00     2.1814      6.065      8.796    19.6284 0.0000e+00
      6.191      0.028     0.0224      0.275     85.865  76.536765     3.0265      6.769   238.8678 3.9763e+00     2.1185      6.074      8.808    19.6156 0.0000e+00
      6.195      0.029     0.0216      0.276     85.865  76.514280     3.0097      6.766   237.6398 3.9647e+00     2.1161      6.073      8.809    19.6029 0.0000e+00
      6.202      0.028     0.0229      0.269     85.869  76.494839     3.0002      6.764   236.5241 3.9249e+00     2.0844      6.080      8.817    19.5896 0.0000e+00
      6.213      0.025     0.0238      0.253     85.892  76.492302     3.0036      6.762   235.4444 3.8847e+00     1.9739      6.095      8.840    19.5764 0.0000e+00
      6.222      0.021     0.0260      0.247     85.907  76.483569     3.0177      6.761   234.3082 3.8705e+00     1.8732      6.106      8.856    19.5635 0.0000e+00
      6.226      0.017     0.0251      0.251     85.898  76.452765     3.0373      6.757   233.1102 3.8622e+00     1.8909      6.105      8.854    19.5501 0.0000e+00
      6.228      0.014     0.0255      0.249     85.906  76.437525     3.0490      6.753   231.9732 3.8548e+00     1.9484      6.106      8.858    19.5369 0.0000e+00
      6.230      0.012     0.0226      0.251     85.918  76.426343     3.0677      6.751   231.0572 3.8616e+00     1.9881      6.112      8.865    19.5242 0.0000e+00
      6.229      0.012     0.0220      0.249     85.893  76.381071     3.1052      6.748   230.2086 3.8639e+00     2.0294      6.108      8.858    19.5108 0.0000e+00
      6.231      0.014     0.0239      0.241     85.866  76.334896     3.1196      6.744   229.1984 3.8341e+00     2.0714      6.107      8.857    19.4975 0.0000e+00
      6.239      0.017     0.0222      0.246     85.867  76.312790     3.1167      6.742   228.1354 3.8132e+00     2.0874      6.120      8.876    19.4847 0.0000e+00
      6.246      0.019     0.0233      0.256     85.883  76.304370     3.1115      6.740   227.1636 3.8239e+00     2.0863      6.128      8.888    19.4716 0.0000e+00
      6.248      0.020     0.0236      0.261     85.899  76.296610     3.0991      6.737   226.3108 3.8172e+00     2.1256      6.124      8.883    19.4582 0.0000e+00
      6.253      0.019     0.0213      0.262     85.908  76.282470     3.0910      6.735   225.4820 3.7858e+00     2.1521      6.130      8.892    19.4452 0.0000e+00
      6.262      0.016     0.0225      0.265     85.909  76.260454     3.0803      6.734   224.5412 3.7745e+00     2.1346      6.143      8.910    19.4324 0.0000e+00
      6.267      0.012     0.0241      0.270     85.890  76.221000     3.0779      6.731   223.5405 3.7804e+00     2.0164      6.146      8.914    19.4192 0.0000e+00
      6.267      0.009     0.0239      0.269     85.877  76.186645     3.0944      6.728   222.5891 3.7719e+00     1.8494      6.145      8.912    19.4060 0.0000e+00
      6.268      0.007     0.0241      0.263     85.875  76.162730     3.1139      6.726   221.6420 3.7708e+00     1.8239      6.147      8.917    19.3931 0.0000e+00
      6.269      0.007     0.0241      0.270     85.855  76.122437     3.1304      6.725   220.6064 3.7842e+00     1.8794      6.148      8.918    19.3798 0.0000e+00
      6.268      0.010     0.0250      0.283     85.833  76.080673     3.1279      6.723   219.5328 3.7776e+00     1.9050      6.145      8.915    19.3665 0.0000e+00
      6.269      0.014     0.0255      0.283     85.812  76.038966     3.1004      6.721   218.5555 3.7481e+00     1.8944      6.144      8.912    19.3537 0.0000e+00
