Data/DataNotYetUploadedToEDI/Raw_CTD/RawDownloads/051722_bvr40_0001.cnv
* Sea-Bird SBE19plus  Data File:
* FileName = C:\R\Reservoirs\Data\DataNotYetUploadedToEDI\Raw_CTD\RawDownloads\051722_bvr01_0001.hex
* Software version 2.8.0.119
* Temperature SN = 7809
* Conductivity SN = 7809
* System UpLoad Time = May 24 2022 16:12:55
* <ApplicationData>
* <Seaterm232>
# nquan = 15
# nvalues = 3010                        
# units = specified
# name 0 = depFM: Depth [fresh water, m]
# name 1 = dz/dtM: Descent Rate [m/s]
# name 2 = sbeox0Mg/L: Oxygen, SBE 43 [mg/l]
# name 3 = sbeox0PS: Oxygen, SBE 43 [% saturation]
# name 4 = specc: Specific Conductance [uS/cm]
# name 5 = c0uS/cm: Conductivity [uS/cm]
# name 6 = flECO-AFL: Fluorescence, WET Labs ECO-AFL/FL [mg/m^3]
# name 7 = ph: pH
# name 8 = orp: Oxidation Reduction Potential [mV]
# name 9 = par/sat/log: PAR/Logarithmic, Satlantic
# name 10 = turbWETntu0: Turbidity, WET Labs ECO [NTU]
# name 11 = prdM: Pressure, Strain Gauge [db]
# name 12 = prdE: Pressure, Strain Gauge [psi]
# name 13 = tv290C: Temperature [ITS-90, deg C]
# name 14 = flag:  0.000e+00
# span 0 =     -0.751,      4.269       
# span 1 =     -0.308,      0.351       
# span 2 =     0.0058,     9.9015       
# span 3 =      0.091,    106.636       
# span 4 =      0.711,    103.517       
# span 5 =   0.714314,  78.300866       
# span 6 =    -1.5976,   227.3968       
# span 7 =     -2.701,     11.163       
# span 8 = -1240.7455,  1116.5582       
# span 9 = 4.2380e+00, 2.7718e+03       
# span 10 =    -6.8405,    32.2433      
# span 11 =     -0.738,      4.187      
# span 12 =     -1.070,      6.072      
# span 13 =    12.6315,    25.2246      
# span 14 = 0.0000e+00, 0.0000e+00      
# interval = seconds: 0.25
# start_time = May 17 2022 07:53:06 [Instrument's time stamp, header]
# bad_flag = -9.990e-29
*END*
[from data line 1350]
      3.879      0.013     3.1515     29.891     28.811  22.110751     5.6860      7.142   313.5138 3.1025e+01     2.8023      3.804      5.518    13.3965 0.0000e+00
      3.883      0.013     3.1466     29.772     28.769  22.080376     5.6653      7.140   313.4668 3.0860e+01     2.8913      3.808      5.523    13.3825 0.0000e+00
      3.888      0.013     3.1426     29.636     28.759  22.073370     5.6566      7.139   313.6073 3.0716e+01     2.8915      3.813      5.530    13.3732 0.0000e+00
      3.892      0.012     3.1354     29.495     28.781  22.089406     5.6472      7.137   313.7508 3.0671e+01     2.8731      3.818      5.538    13.3674 0.0000e+00
      3.895      0.011     3.1238     29.367     28.776  22.084158     5.6440      7.135   313.7390 3.0678e+01     2.8750      3.821      5.542    13.3675 0.0000e+00
      3.897      0.010     3.1118     29.252     28.763  22.073293     5.6507      7.134   313.7233 3.0658e+01     2.8798      3.822      5.543    13.3712 0.0000e+00
      3.898      0.009     3.0969     29.145     28.777  22.084775     5.6537      7.133   313.8190 3.0643e+01     2.8283      3.822      5.544    13.3742 0.0000e+00
      3.899      0.009     3.0812     29.070     28.790  22.096250     5.6386      7.131   313.9485 3.0602e+01     2.7655      3.823      5.545    13.3732 0.0000e+00
      3.902      0.010     3.0678     29.028     28.778  22.085290     5.6342      7.129   313.9992 3.0547e+01     2.7691      3.827      5.551    13.3695 0.0000e+00
      3.906      0.012     3.0575     28.992     28.778  22.078995     5.6504      7.127   314.0878 3.0497e+01     2.8378      3.831      5.557    13.3666 0.0000e+00
      3.910      0.013     3.0441     28.977     28.797  22.083500     5.6601      7.125   314.2453 3.0421e+01     2.8786      3.834      5.561    13.3674 0.0000e+00
      3.912      0.014     3.0355     28.967     28.798  22.076381     5.6517      7.124   314.3548 3.0347e+01     2.8191      3.836      5.564    13.3723 0.0000e+00
      3.915      0.014     3.0341     28.904     28.779  22.056282     5.5985      7.122   314.4656 3.0281e+01     2.7332      3.840      5.569    13.3733 0.0000e+00
      3.920      0.013     3.0287     28.780     28.751  22.030585     5.5165      7.120   314.5527 3.0225e+01     2.6932      3.844      5.576    13.3604 0.0000e+00
      3.924      0.013     3.0287     28.615     28.741  22.019159     5.4835      7.118   314.5476 3.0179e+01     2.6767      3.848      5.582    13.3394 0.0000e+00
      3.928      0.013     3.0331     28.401     28.780  22.044865     5.4830      7.117   314.4033 3.0125e+01     2.6368      3.853      5.588    13.3251 0.0000e+00
      3.931      0.012     3.0264     28.148     28.844  22.087906     5.4268      7.116   314.2705 3.0110e+01     2.6209      3.855      5.591    13.3175 0.0000e+00
      3.932      0.011     3.0121     27.888     28.862  22.095973     5.3369      7.115   314.4047 3.0105e+01     2.7236      3.856      5.593    13.3093 0.0000e+00
      3.935      0.011     2.9967     27.635     28.843  22.079024     5.3032      7.113   314.6491 3.0035e+01     2.8528      3.859      5.597    13.3031 0.0000e+00
      3.939      0.012     2.9743     27.375     28.839  22.073082     5.3031      7.111   314.7301 2.9992e+01     2.8854      3.864      5.604    13.2976 0.0000e+00
      3.941      0.017     2.9469     27.113     28.876  22.087492     5.2274      7.109   314.6968 3.0030e+01     2.8792      3.866      5.607    13.2854 0.0000e+00
      3.942      0.024     2.9196     26.871     28.960  22.126499     5.0952      7.107   314.6768 2.9999e+01     2.9488      3.865      5.605    13.2705 0.0000e+00
      3.946      0.030     2.8947     26.640     29.047  22.164465     5.0278      7.106   314.5735 2.9755e+01     3.0430      3.868      5.610    13.2709 0.0000e+00
      3.956      0.035     2.8670     26.360     29.082  22.166286     5.0201      7.104   314.3950 2.9329e+01     3.0619      3.877      5.624    13.2764 0.0000e+00
      3.971      0.035     2.8393     25.929     29.080  22.148492     5.0681      7.100   314.4109 2.8804e+01     3.0066      3.894      5.646    13.2499 0.0000e+00
      3.988      0.031     2.8180     25.278     29.074  22.139410     5.1674      7.098   314.5936 2.8342e+01     2.8868      3.913      5.675    13.1993 0.0000e+00
      3.999      0.024     2.7982     24.445     29.040  22.119843     5.2305      7.096   314.7114 2.8188e+01     2.8098      3.926      5.694    13.1496 0.0000e+00
      4.001      0.015     2.7768     23.556     29.001  22.102026     5.2482      7.095   314.7161 2.8304e+01     2.8606      3.926      5.694    13.1021 0.0000e+00
      3.997      0.008     2.7369     22.737     29.001  22.114112     5.2407      7.092   314.6507 2.8441e+01     2.8868      3.919      5.684    13.0694 0.0000e+00
      3.993      0.004     2.6670     22.112     29.021  22.139250     5.1637      7.088   314.6957 2.8456e+01     2.8183      3.914      5.677    13.0656 0.0000e+00
      3.992      0.004     2.5726     21.770     29.029  22.152490     5.0340      7.086   314.8306 2.8329e+01     2.8188      3.914      5.677    13.0789 0.0000e+00
      3.996      0.006     2.4736     21.688     29.017  22.147470     4.9706      7.085   314.8181 2.8163e+01     2.8920      3.918      5.682    13.1027 0.0000e+00
      4.001      0.008     2.3822     21.787     29.005  22.141927     4.9713      7.084   314.7162 2.8035e+01     2.9178      3.924      5.691    13.1251 0.0000e+00
      4.005      0.008     2.3101     21.993     29.011  22.148840     4.9512      7.082   314.8029 2.7949e+01     2.9258      3.929      5.697    13.1413 0.0000e+00
      4.007      0.007     2.2765     22.249     29.048  22.167697     4.9192      7.079   315.0925 2.7966e+01     2.9553      3.931      5.701    13.1552 0.0000e+00
      4.006      0.006     2.2702     22.496     29.088  22.179803     4.9085      7.076   315.2067 2.8062e+01     3.0011      3.930      5.700    13.1587 0.0000e+00
      4.006      0.005     2.2834     22.698     29.093  22.168443     4.9130      7.074   315.0657 2.8085e+01     3.0350      3.928      5.697    13.1639 0.0000e+00
      4.006      0.005     2.3060     22.823     29.083  22.157075     4.9075      7.072   314.9354 2.8038e+01     3.0232      3.928      5.697    13.1781 0.0000e+00
      4.009      0.006     2.3358     22.805     29.095  22.169084     4.8916      7.071   314.9228 2.8014e+01     3.0300      3.932      5.702    13.1642 0.0000e+00
      4.012      0.008     2.3663     22.634     29.115  22.186899     4.8874      7.069   314.9983 2.7965e+01     3.0487      3.934      5.706    13.1172 0.0000e+00
      4.015      0.010     2.3883     22.368     29.113  22.182377     4.9067      7.066   315.0741 2.7894e+01     3.0438      3.937      5.711    13.0866 0.0000e+00
      4.017      0.010     2.4063     22.059     29.117  22.177769     4.9915      7.063   315.0649 2.7873e+01     3.0388      3.940      5.714    13.0867 0.0000e+00
      4.019      0.009     2.4039     21.738     29.147  22.194551     5.1137      7.062   314.9736 2.7841e+01     3.0231      3.942      5.716    13.0960 0.0000e+00
      4.021      0.007     2.3823     21.428     29.152  22.195167     5.1781      7.060   315.0028 2.7751e+01     3.0243      3.943      5.719    13.1015 0.0000e+00
      4.024      0.007     2.3530     21.143     29.144  22.185216     5.1956      7.058   315.1592 2.7668e+01     3.0532      3.946      5.724    13.0983 0.0000e+00
      4.026      0.007     2.3204     20.903     29.178  22.200972     5.1912      7.056   315.2300 2.7647e+01     3.0655      3.948      5.726    13.0799 0.0000e+00
      4.026      0.007     2.2861     20.704     29.279  22.258918     5.1427      7.053   315.2564 2.7649e+01     3.0363      3.948      5.726    13.0667 0.0000e+00
      4.027      0.006     2.2537     20.519     29.387  22.315485     5.0833      7.051   315.3072 2.7614e+01     3.0074      3.949      5.727    13.0651 0.0000e+00
      4.029      0.006     2.2228     20.359     29.419  22.314546     5.0727      7.050   315.4135 2.7553e+01     3.0236      3.952      5.731    13.0605 0.0000e+00
      4.031      0.006     2.1976     20.204     29.442  22.310915     5.0882      7.048   315.5948 2.7517e+01     3.0608      3.954      5.735    13.0466 0.0000e+00
      4.033      0.006     2.1816     20.000     29.498  22.334939     5.0542      7.045   315.6925 2.7508e+01     3.0487      3.955      5.736    13.0127 0.0000e+00
      4.034      0.006     2.1620     19.727     29.542  22.351506     4.9787      7.042   315.6480 2.7488e+01     3.0138      3.956      5.738    12.9631 0.0000e+00
      4.035      0.006     2.1482     19.408     29.601  22.384461     4.9491      7.040   315.6596 2.7426e+01     3.0480      3.957      5.739    12.9191 0.0000e+00
      4.037      0.006     2.1365     19.077     29.651  22.416533     4.9622      7.039   315.7473 2.7317e+01     3.0871      3.959      5.742    12.8855 0.0000e+00
      4.039      0.006     2.1166     18.715     29.657  22.422427     4.9632      7.037   315.7610 2.7220e+01     3.0767      3.962      5.745    12.8541 0.0000e+00
      4.041      0.005     2.0892     18.336     29.697  22.455726     4.9521      7.035   315.6531 2.7162e+01     3.0928      3.963      5.747    12.8242 0.0000e+00
      4.042      0.005     2.0526     17.970     29.758  22.502300     4.9446      7.034   315.5613 2.7141e+01     3.1783      3.963      5.748    12.8022 0.0000e+00
      4.043      0.004     2.0216     17.629     29.810  22.541947     4.9560      7.032   315.5978 2.7155e+01     3.2566      3.965      5.750    12.7934 0.0000e+00
      4.043      0.004     1.9815     17.338     29.819  22.554873     4.9646      7.030   315.6647 2.7174e+01     3.1852      3.965      5.751    12.7974 0.0000e+00
      4.044      0.004     1.9389     17.092     29.767  22.531851     4.9501      7.028   315.7677 2.7149e+01     3.0329      3.966      5.753    12.8069 0.0000e+00
      4.045      0.004     1.9016     16.887     29.720  22.517092     4.9465      7.025   315.8970 2.7068e+01     2.9878      3.967      5.754    12.8061 0.0000e+00
      4.047      0.003     1.8626     16.711     29.676  22.503188     4.9543      7.023   315.9367 2.6973e+01     3.0153      3.968      5.756    12.8029 0.0000e+00
      4.048      0.003     1.8333     16.537     29.639  22.490503     4.9688      7.021   315.9040 2.6886e+01     3.0237      3.970      5.757    12.8108 0.0000e+00
      4.048      0.003     1.8056     16.371     29.626  22.490482     4.9974      7.019   316.0175 2.6837e+01     3.0212      3.970      5.758    12.8393 0.0000e+00
      4.049      0.002     1.7825     16.266     29.636  22.502945     5.0084      7.018   316.1906 2.6861e+01     3.0183      3.971      5.759    12.8825 0.0000e+00
      4.049      0.002     1.7641     16.217     29.647  22.514458     5.0112      7.017   316.1911 2.6912e+01     3.0231      3.971      5.759    12.9145 0.0000e+00
      4.050      0.002     1.7457     16.205     29.629  22.502944     5.0137      7.016   316.1955 2.6939e+01     3.0106      3.972      5.761    12.9397 0.0000e+00
      4.050      0.002     1.7229     16.268     29.613  22.490478     4.9808      7.015   316.2430 2.6926e+01     2.9698      3.972      5.761    12.9584 0.0000e+00
      4.051      0.002     1.7126     16.384     29.610  22.490478     4.9296      7.013   316.2495 2.6897e+01     2.9402      3.972      5.761    12.9633 0.0000e+00
      4.052      0.002     1.7104     16.528     29.618  22.502943     4.9016      7.011   316.2736 2.6897e+01     2.9261      3.974      5.763    12.9681 0.0000e+00
      4.052      0.002     1.7038     16.711     29.623  22.514455     4.8926      7.009   316.3622 2.6903e+01     2.9691      3.974      5.764    12.9726 0.0000e+00
      4.052      0.002     1.7136     16.908     29.599  22.502931     4.8951      7.007   316.5464 2.6895e+01     3.0852      3.974      5.763    12.9685 0.0000e+00
      4.053      0.002     1.7273     17.090     29.571  22.490361     4.8986      7.004   316.6945 2.6876e+01     3.1682      3.975      5.764    12.9709 0.0000e+00
      4.054      0.002     1.7394     17.245     29.554  22.489226     4.8938      7.002   316.6897 2.6845e+01     3.1877      3.975      5.766    12.9863 0.0000e+00
      4.054      0.002     1.7606     17.352     29.535  22.489215     4.8962      7.001   316.6612 2.6822e+01     3.2183      3.975      5.766    12.9995 0.0000e+00
      4.054      0.002     1.7819     17.415     29.519  22.490242     4.9021      7.000   316.6934 2.6830e+01     3.2301      3.976      5.766    13.0090 0.0000e+00
      4.054      0.002     1.8002     17.445     29.521  22.501667     4.9069      6.997   316.7347 2.6839e+01     3.1935      3.976      5.767    13.0218 0.0000e+00
      4.055      0.002     1.8176     17.454     29.511  22.500619     4.9039      6.995   316.7304 2.6824e+01     3.1858      3.977      5.768    13.0432 0.0000e+00
      4.056      0.003     1.8268     17.465     29.476  22.477574     4.8832      6.995   316.7282 2.6792e+01     3.2063      3.977      5.769    13.0698 0.0000e+00
      4.057      0.003     1.8319     17.477     29.472  22.476528     4.8649      6.994   316.7942 2.6731e+01     3.1676      3.978      5.769    13.0933 0.0000e+00
      4.058      0.003     1.8348     17.502     29.484  22.487965     4.8493      6.992   316.8406 2.6676e+01     3.0586      3.979      5.771    13.1110 0.0000e+00
      4.058      0.003     1.8330     17.556     29.479  22.489116     4.8354      6.991   316.9441 2.6639e+01     2.9484      3.980      5.772    13.1215 0.0000e+00
      4.059      0.003     1.8355     17.630     29.471  22.490455     4.8380      6.989   317.0999 2.6605e+01     2.9284      3.981      5.773    13.1259 0.0000e+00
      4.059      0.003     1.8357     17.737     29.477  22.504165     4.8725      6.987   317.0890 2.6587e+01     3.0558      3.981      5.773    13.1285 0.0000e+00
      4.060      0.003     1.8366     17.860     29.498  22.528153     4.9364      6.985   316.9844 2.6583e+01     3.2244      3.982      5.775    13.1314 0.0000e+00
      4.061      0.003     1.8445     17.954     29.490  22.527010     4.9689      6.983   316.9540 2.6598e+01     3.2932      3.983      5.776    13.1388 0.0000e+00
      4.062      0.003     1.8492     18.019     29.442  22.490350     4.9584      6.982   317.0646 2.6607e+01     3.2726      3.983      5.776    13.1534 0.0000e+00
      4.063      0.003     1.8603     18.044     29.413  22.465126     4.9501      6.980   317.2040 2.6611e+01     3.2491      3.984      5.778    13.1710 0.0000e+00
      4.063      0.003     1.8764     18.026     29.433  22.475515     4.9605      6.979   317.2628 2.6616e+01     3.2473      3.984      5.779    13.1856 0.0000e+00
      4.064      0.002     1.8838     17.974     29.460  22.489220     4.9761      6.978   317.3454 2.6593e+01     3.2170      3.985      5.780    13.1939 0.0000e+00
      4.065      0.002     1.8920     17.893     29.495  22.504076     4.9723      6.976   317.4288 2.6586e+01     3.1561      3.986      5.781    13.1935 0.0000e+00
      4.065      0.002     1.8952     17.815     29.545  22.528387     4.9564      6.976   317.4093 2.6600e+01     3.1259      3.986      5.782    13.1870 0.0000e+00
      4.065      0.002     1.8921     17.761     29.563  22.529654     4.9582      6.975   317.3678 2.6594e+01     3.2276      3.986      5.782    13.1788 0.0000e+00
      4.066      0.002     1.8885     17.708     29.564  22.519381     4.9694      6.973   317.3583 2.6554e+01     3.3950      3.987      5.783    13.1682 0.0000e+00
      4.066      0.002     1.8786     17.632     29.597  22.530915     4.9591      6.972   317.2940 2.6476e+01     3.4417      3.987      5.783    13.1482 0.0000e+00
