Data/DataNotYetUploadedToEDI/Raw_CTD/RawDownloads/051722_bvr01_0002.cnv
* Sea-Bird SBE19plus  Data File:
* FileName = C:\R\Reservoirs\Data\DataNotYetUploadedToEDI\Raw_CTD\RawDownloads\051722_bvr01_0002.hex
* Software version 2.8.0.119
* Temperature SN = 7809
* Conductivity SN = 7809
* System UpLoad Time = May 24 2022 16:13:37
* <ApplicationData>
* <Seaterm232>
# nquan = 15
# nvalues = 1603                        
# units = specified
# name 0 = depFM: Depth [fresh water, m]
# name 1 = dz/dtM: Descent Rate [m/s]
# name 2 = sbeox0Mg/L: Oxygen, SBE 43 [mg/l]
# name 3 = sbeox0PS: Oxygen, SBE 43 [% saturation]
# name 4 = specc: Specific Conductance [uS/cm]
# name 5 = c0uS/cm: Conductivity [uS/cm]
# name 6 = flECO-AFL: Fluorescence, WET Labs ECO-AFL/FL [mg/m^3]
# name 7 = ph: pH
# name 8 = orp: Oxidation Reduction Potential [mV]
# name 9 = par/sat/log: PAR/Logarithmic, Satlantic
# name 10 = turbWETntu0: Turbidity, WET Labs ECO [NTU]
# name 11 = prdM: Pressure, Strain Gauge [db]
# name 12 = prdE: Pressure, Strain Gauge [psi]
# name 13 = tv290C: Temperature [ITS-90, deg C]
# name 14 = flag:  0.000e+00
# span 0 =     -0.757,      9.531       
# span 1 =     -0.620,      0.162       
# span 2 =     0.0016,     0.0331       
# span 3 =      0.026,      0.307       
# span 4 =     85.604,     87.297       
# span 5 =  64.543074,  85.483565       
# span 6 =    -1.5568,     9.2861       
# span 7 =      3.604,      8.055       
# span 8 = -1240.7455,   914.2121       
# span 9 = 2.5578e-01, 2.5910e+03       
# span 10 =    -0.7934,    12.3943      
# span 11 =     -0.742,      9.347      
# span 12 =     -1.077,     13.556      
# span 13 =    12.4132,    23.9557      
# span 14 = 0.0000e+00, 0.0000e+00      
# interval = seconds: 0.25
# start_time = May 17 2022 10:17:36 [Instrument's time stamp, header]
# bad_flag = -9.990e-29
*END*
[from data line 964]
      6.869      0.012     0.0245      0.257     85.745  73.772010     2.7146      6.551   116.3665 2.3747e+00     1.6134      6.737      9.770    18.0653 0.0000e+00
      6.871      0.010     0.0232      0.255     85.739  73.744175     2.6735      6.550   115.5315 2.3660e+00     1.6063      6.738      9.772    18.0527 0.0000e+00
      6.874      0.009     0.0243      0.253     85.705  73.693227     2.5882      6.550   114.8115 2.3473e+00     1.5805      6.741      9.776    18.0395 0.0000e+00
      6.879      0.008     0.0234      0.263     85.697  73.664232     2.5402      6.551   114.1140 2.3354e+00     1.5747      6.747      9.785    18.0265 0.0000e+00
      6.881      0.007     0.0249      0.273     85.704  73.647696     2.5435      6.551   113.4641 2.3363e+00     1.6037      6.749      9.788    18.0138 0.0000e+00
      6.881      0.005     0.0241      0.277     85.698  73.620324     2.5855      6.550   112.8906 2.3434e+00     1.6924      6.747      9.785    18.0007 0.0000e+00
      6.881      0.004     0.0232      0.277     85.685  73.587372     2.6487      6.549   112.3421 2.3437e+00     1.7939      6.747      9.787    17.9878 0.0000e+00
      6.882      0.003     0.0250      0.280     85.687  73.566899     2.6748      6.549   111.7365 2.3437e+00     1.8051      6.749      9.789    17.9751 0.0000e+00
      6.882      0.003     0.0260      0.269     85.708  73.563364     2.6683      6.548   111.0748 2.3389e+00     1.7937      6.749      9.789    17.9619 0.0000e+00
      6.883      0.004     0.0267      0.259     85.711  73.544596     2.6783      6.548   110.4505 2.3236e+00     1.8275      6.750      9.790    17.9488 0.0000e+00
      6.884      0.006     0.0255      0.272     85.721  73.530550     2.7131      6.548   109.7814 2.3259e+00     1.8723      6.751      9.792    17.9362 0.0000e+00
      6.884      0.007     0.0278      0.281     85.735  73.520566     2.7306      6.549   109.0073 2.3467e+00     1.8918      6.751      9.792    17.9237 0.0000e+00
      6.886      0.009     0.0258      0.263     85.722  73.487381     2.7146      6.549   108.2316 2.3559e+00     1.8580      6.752      9.793    17.9108 0.0000e+00
      6.890      0.011     0.0227      0.251     85.701  73.446931     2.6698      6.549   107.5439 2.3458e+00     1.8053      6.757      9.800    17.8976 0.0000e+00
      6.894      0.012     0.0265      0.259     85.686  73.412647     2.6131      6.547   106.8876 2.3265e+00     1.8003      6.762      9.808    17.8850 0.0000e+00
      6.897      0.012     0.0281      0.261     85.686  73.390472     2.5870      6.545   106.3187 2.3058e+00     1.8326      6.763      9.809    17.8723 0.0000e+00
      6.899      0.012     0.0246      0.262     85.687  73.369391     2.5965      6.545   105.9993 2.2933e+00     1.8882      6.765      9.812    17.8592 0.0000e+00
      6.903      0.011     0.0222      0.272     85.688  73.348319     2.6021      6.545   105.6933 2.2901e+00     1.8917      6.770      9.820    17.8465 0.0000e+00
      6.906      0.009     0.0256      0.280     85.688  73.326258     2.5962      6.544   105.2871 2.2872e+00     1.7724      6.772      9.822    17.8337 0.0000e+00
      6.908      0.007     0.0248      0.275     85.674  73.293215     2.5925      6.543   105.0455 2.2859e+00     1.6408      6.773      9.824    17.8208 0.0000e+00
      6.911      0.005     0.0240      0.263     85.668  73.266416     2.5818      6.543   104.8368 2.2844e+00     1.5989      6.778      9.831    17.8081 0.0000e+00
      6.911      0.005     0.0263      0.252     85.682  73.256323     2.5754      6.543   104.4842 2.2814e+00     1.5737      6.779      9.832    17.7956 0.0000e+00
      6.910      0.004     0.0269      0.247     85.682  73.234689     2.5158      6.543   104.1372 2.2784e+00     1.5405      6.776      9.829    17.7827 0.0000e+00
      6.910      0.004     0.0266      0.247     85.662  73.195403     2.3929      6.543   103.8256 2.2847e+00     1.5738      6.776      9.828    17.7698 0.0000e+00
      6.912      0.005     0.0248      0.246     85.649  73.162464     2.3300      6.543   103.5556 2.2910e+00     1.6347      6.778      9.831    17.7574 0.0000e+00
      6.915      0.011     0.0240      0.241     85.665  73.154049     2.3215      6.544   103.2818 2.2776e+00     1.6275      6.782      9.837    17.7446 0.0000e+00
      6.916      0.018     0.0234      0.241     85.694  73.157169     2.3062      6.545   102.8387 2.2669e+00     1.5897      6.783      9.838    17.7316 0.0000e+00
      6.916      0.024     0.0235      0.247     85.695  73.136628     2.2946      6.544   102.1555 2.2612e+00     1.5876      6.779      9.832    17.7191 0.0000e+00
      6.923      0.029     0.0239      0.255     85.673  73.096243     2.2984      6.543   101.3879 2.2357e+00     1.6014      6.785      9.840    17.7062 0.0000e+00
      6.939      0.036     0.0227      0.263     85.644  73.050038     2.3193      6.543   100.7853 2.2077e+00     1.6537      6.806      9.872    17.6933 0.0000e+00
      6.952      0.044     0.0227      0.277     85.637  73.022634     2.3638      6.543   100.3758 2.2052e+00     1.7419      6.822      9.895    17.6809 0.0000e+00
      6.957      0.049     0.0234      0.294     85.659  73.018999     2.4117      6.543    99.8779 2.2108e+00     1.8141      6.820      9.892    17.6686 0.0000e+00
      6.967      0.048     0.0244      0.294     85.669  73.006060     2.4242      6.543    99.2393 2.1948e+00     1.8440      6.827      9.902    17.6558 0.0000e+00
      6.987      0.044     0.0250      0.287     85.679  72.993222     2.4152      6.543    98.6776 2.1625e+00     1.8299      6.854      9.941    17.6431 0.0000e+00
      7.005      0.040     0.0256      0.285     85.701  72.990802     2.3865      6.541    98.0764 2.1408e+00     1.7801      6.875      9.971    17.6307 0.0000e+00
      7.013      0.035     0.0296      0.280     85.710  72.976775     2.3519      6.540    97.3915 2.1423e+00     1.6863      6.879      9.977    17.6180 0.0000e+00
      7.017      0.028     0.0279      0.273     85.705  72.950660     2.3456      6.539    96.8492 2.1407e+00     1.5833      6.881      9.980    17.6051 0.0000e+00
      7.022      0.019     0.0269      0.269     85.704  72.929130     2.3358      6.538    96.4232 2.1372e+00     1.5603      6.888      9.990    17.5927 0.0000e+00
      7.024      0.013     0.0279      0.269     85.704  72.907018     2.2578      6.537    95.9409 2.1491e+00     1.5787      6.890      9.993    17.5801 0.0000e+00
      7.026      0.010     0.0265      0.270     85.690  72.873867     2.1354      6.536    95.4064 2.1421e+00     1.5666      6.889      9.991    17.5673 0.0000e+00
      7.030      0.009     0.0261      0.270     85.682  72.845917     2.0705      6.536    94.8641 2.1199e+00     1.5502      6.895     10.000    17.5551 0.0000e+00
      7.033      0.007     0.0252      0.266     85.681  72.823166     2.0650      6.536    94.2881 2.1153e+00     1.5513      6.899     10.006    17.5428 0.0000e+00
      7.033      0.005     0.0259      0.265     85.666  72.789356     2.0604      6.535    93.7760 2.1228e+00     1.5806      6.897     10.003    17.5302 0.0000e+00
      7.035      0.004     0.0257      0.264     85.650  72.754733     2.0141      6.535    93.3181 2.1373e+00     1.5966      6.899     10.006    17.5175 0.0000e+00
      7.036      0.002     0.0260      0.262     85.637  72.722163     1.9378      6.534    92.7961 2.1469e+00     1.5738      6.902     10.010    17.5052 0.0000e+00
      7.035      0.002     0.0252      0.269     85.652  72.713168     1.8956      6.533    92.2833 2.1421e+00     1.5434      6.899     10.006    17.4928 0.0000e+00
      7.034      0.006     0.0251      0.269     85.672  72.709472     1.8946      6.532    91.6779 2.1408e+00     1.5710      6.897     10.004    17.4801 0.0000e+00
      7.035      0.010     0.0260      0.256     85.659  72.677446     1.8926      6.532    90.9829 2.1475e+00     1.6005      6.899     10.006    17.4679 0.0000e+00
      7.037      0.012     0.0241      0.255     85.644  72.643559     1.8712      6.532    90.4180 2.1506e+00     1.5236      6.899     10.007    17.4557 0.0000e+00
      7.042      0.013     0.0260      0.250     85.638  72.617361     1.8532      6.531    89.9245 2.1415e+00     1.4278      6.903     10.012    17.4431 0.0000e+00
      7.051      0.013     0.0270      0.245     85.660  72.614773     1.8493      6.530    89.4050 2.1321e+00     1.3981      6.915     10.030    17.4305 0.0000e+00
      7.057      0.012     0.0230      0.256     85.682  72.612239     1.8491      6.530    88.8692 2.1346e+00     1.3699      6.923     10.041    17.4185 0.0000e+00
      7.057      0.011     0.0251      0.269     85.677  72.586704     1.8419      6.530    88.4364 2.1296e+00     1.3259      6.921     10.038    17.4058 0.0000e+00
      7.055      0.010     0.0244      0.267     85.671  72.560111     1.8379      6.529    88.0439 2.1216e+00     1.3440      6.918     10.033    17.3933 0.0000e+00
      7.055      0.010     0.0220      0.264     85.677  72.544801     1.8425      6.529    87.4783 2.1171e+00     1.3840      6.917     10.033    17.3812 0.0000e+00
      7.060      0.014     0.0249      0.273     85.683  72.528613     1.8390      6.529    86.9319 2.1033e+00     1.4341      6.922     10.040    17.3688 0.0000e+00
      7.065      0.022     0.0263      0.279     85.664  72.491416     1.8285      6.528    86.5148 2.0976e+00     1.5053      6.931     10.051    17.3563 0.0000e+00
      7.068      0.028     0.0260      0.279     85.671  72.476181     1.8235      6.526    86.1340 2.1023e+00     1.5274      6.930     10.052    17.3442 0.0000e+00
      7.075      0.033     0.0242      0.273     85.691  72.471447     1.8203      6.525    85.7691 2.0944e+00     1.5314      6.934     10.056    17.3322 0.0000e+00
      7.089      0.034     0.0271      0.270     85.671  72.434154     1.8235      6.525    85.2871 2.0831e+00     1.5877      6.953     10.083    17.3199 0.0000e+00
      7.102      0.032     0.0267      0.274     85.663  72.406405     1.8456      6.525    84.7792 2.0772e+00     1.6606      6.969     10.107    17.3073 0.0000e+00
      7.111      0.029     0.0270      0.267     85.668  72.390025     1.8537      6.524    84.1883 2.0660e+00     1.6615      6.973     10.114    17.2952 0.0000e+00
      7.118      0.024     0.0264      0.258     85.661  72.363138     1.8302      6.523    83.3058 2.0636e+00     1.5988      6.981     10.125    17.2830 0.0000e+00
      7.121      0.021     0.0248      0.260     85.653  72.335400     1.7777      6.522    82.4543 2.0655e+00     1.4835      6.986     10.131    17.2706 0.0000e+00
      7.121      0.021     0.0278      0.265     85.645  72.308730     1.7019      6.521    81.6360 2.0570e+00     1.3596      6.981     10.125    17.2586 0.0000e+00
      7.124      0.026     0.0252      0.260     85.653  72.294745     1.6629      6.520    80.7254 2.0541e+00     1.3311      6.984     10.130    17.2462 0.0000e+00
      7.131      0.031     0.0245      0.256     85.677  72.293348     1.6730      6.518    80.0479 2.0596e+00     1.3784      6.994     10.144    17.2338 0.0000e+00
      7.141      0.036     0.0248      0.263     85.700  72.291808     1.7074      6.518    79.3816 2.0586e+00     1.4525      7.000     10.155    17.2220 0.0000e+00
      7.153      0.040     0.0262      0.268     85.707  72.276101     1.7532      6.518    78.4332 2.0438e+00     1.5440      7.011     10.170    17.2099 0.0000e+00
      7.169      0.042     0.0251      0.273     85.677  72.230464     1.7781      6.517    77.5300 2.0228e+00     1.5968      7.033     10.200    17.1975 0.0000e+00
      7.182      0.042     0.0235      0.275     85.647  72.184677     1.7836      6.515    76.7204 2.0134e+00     1.5781      7.048     10.222    17.1852 0.0000e+00
      7.187      0.040     0.0262      0.274     85.651  72.167144     1.7869      6.513    75.7857 2.0108e+00     1.5575      7.047     10.220    17.1732 0.0000e+00
      7.194      0.037     0.0254      0.274     85.650  72.145496     1.8680      6.513    74.8326 1.9964e+00     1.5868      7.051     10.226    17.1609 0.0000e+00
      7.207      0.035     0.0267      0.275     85.637  72.113491     2.0319      6.512    73.9727 1.9824e+00     1.5904      7.070     10.253    17.1487 0.0000e+00
      7.217      0.033     0.0266      0.282     85.642  72.097783     2.1282      6.511    73.2184 1.9716e+00     1.5672      7.080     10.269    17.1367 0.0000e+00
      7.223      0.031     0.0263      0.275     85.648  72.082602     2.1339      6.511    72.5958 1.9553e+00     1.5793      7.083     10.272    17.1244 0.0000e+00
      7.231      0.027     0.0267      0.253     85.643  72.056959     2.0923      6.511    72.0363 1.9429e+00     1.6003      7.091     10.284    17.1123 0.0000e+00
      7.239      0.023     0.0255      0.245     85.649  72.041821     2.0337      6.510    71.3582 1.9389e+00     1.6162      7.101     10.298    17.1003 0.0000e+00
      7.245      0.022     0.0282      0.248     85.656  72.026598     2.0147      6.510    70.5925 1.9381e+00     1.6354      7.105     10.305    17.0885 0.0000e+00
      7.248      0.025     0.0275      0.251     85.649  71.999918     2.0208      6.510    69.9195 1.9399e+00     1.6607      7.108     10.310    17.0765 0.0000e+00
      7.249      0.026     0.0234      0.247     85.641  71.973326     2.0168      6.509    69.2430 1.9448e+00     1.6494      7.109     10.311    17.0642 0.0000e+00
      7.254      0.026     0.0233      0.235     85.649  71.959153     2.0080      6.508    68.4355 1.9395e+00     1.6014      7.111     10.313    17.0523 0.0000e+00
      7.267      0.027     0.0243      0.232     85.669  71.955575     2.0053      6.507    67.5562 1.9215e+00     1.5588      7.126     10.335    17.0401 0.0000e+00
      7.281      0.027     0.0240      0.249     85.663  71.930033     2.0176      6.506    66.7851 1.9070e+00     1.5774      7.145     10.362    17.0278 0.0000e+00
      7.287      0.026     0.0246      0.274     85.657  71.904403     2.0491      6.506    66.0807 1.9075e+00     1.5873      7.148     10.367    17.0160 0.0000e+00
      7.288      0.024     0.0224      0.286     85.676  71.899769     2.0775      6.506    65.3207 1.9008e+00     1.4739      7.145     10.364    17.0044 0.0000e+00
      7.291      0.023     0.0213      0.282     85.670  71.873970     2.0864      6.506    64.6513 1.8755e+00     1.3676      7.149     10.369    16.9922 0.0000e+00
      7.297      0.023     0.0238      0.281     85.662  71.846547     2.0824      6.506    64.0959 1.8715e+00     1.3615      7.157     10.379    16.9799 0.0000e+00
      7.302      0.025     0.0269      0.283     85.657  71.822287     2.0709      6.506    63.5097 1.8844e+00     1.4337      7.160     10.384    16.9681 0.0000e+00
      7.310      0.027     0.0286      0.270     85.621  71.771197     2.0632      6.506    62.8118 1.8696e+00     1.5242      7.167     10.395    16.9561 0.0000e+00
      7.321      0.028     0.0268      0.249     85.604  71.736999     2.0652      6.505    62.1105 1.8467e+00     1.5667      7.182     10.416    16.9439 0.0000e+00
      7.329      0.029     0.0270      0.245     85.616  71.726399     2.0699      6.503    61.5692 1.8402e+00     1.6052      7.191     10.429    16.9322 0.0000e+00
      7.333      0.030     0.0282      0.257     85.617  71.706531     2.0277      6.503    61.0849 1.8443e+00     1.5810      7.190     10.428    16.9203 0.0000e+00
      7.338      0.030     0.0269      0.271     85.618  71.687332     1.9386      6.504    60.5577 1.8436e+00     1.4445      7.194     10.434    16.9080 0.0000e+00
      7.347      0.031     0.0229      0.284     85.639  71.684813     1.8913      6.504    60.0982 1.8193e+00     1.3562      7.206     10.451    16.8965 0.0000e+00
      7.356      0.032     0.0232      0.287     85.653  71.676047     1.8882      6.504    59.6593 1.7973e+00     1.3328      7.215     10.464    16.8848 0.0000e+00
