Data/DataNotYetUploadedToEDI/Raw_CTD/RawDownloads/051722_bvr40_0001.cnv
* Sea-Bird SBE19plus  Data File:
* FileName = C:\R\Reservoirs\Data\DataNotYetUploadedToEDI\Raw_CTD\RawDownloads\051722_bvr01_0001.hex
* Software version 2.8.0.119
* Temperature SN = 7809
* Conductivity SN = 7809
* System UpLoad Time = May 24 2022 16:12:55
* <ApplicationData>
* <Seaterm232>
# nquan = 15
# nvalues = 3010                        
# units = specified
# name 0 = depFM: Depth [fresh water, m]
# name 1 = dz/dtM: Descent Rate [m/s]
# name 2 = sbeox0Mg/L: Oxygen, SBE 43 [mg/l]
# name 3 = sbeox0PS: Oxygen, SBE 43 [% saturation]
# name 4 = specc: Specific Conductance [uS/cm]
# name 5 = c0uS/cm: Conductivity [uS/cm]
# name 6 = flECO-AFL: Fluorescence, WET Labs ECO-AFL/FL [mg/m^3]
# name 7 = ph: pH
# name 8 = orp: Oxidation Reduction Potential [mV]
# name 9 = par/sat/log: PAR/Logarithmic, Satlantic
# name 10 = turbWETntu0: Turbidity, WET Labs ECO [NTU]
# name 11 = prdM: Pressure, Strain Gauge [db]
# name 12 = prdE: Pressure, Strain Gauge [psi]
# name 13 = tv290C: Temperature [ITS-90, deg C]
# name 14 = flag:  0.000e+00
# span 0 =     -0.751,      4.269       
# span 1 =     -0.308,      0.351       
# span 2 =     0.0058,     9.9015       
# span 3 =      0.091,    106.636       
# span 4 =      0.711,    103.517       
# span 5 =   0.714314,  78.300866       
# span 6 =    -1.5976,   227.3968       
# span 7 =     -2.701,     11.163       
# span 8 = -1240.7455,  1116.5582       
# span 9 = 4.2380e+00, 2.7718e+03       
# span 10 =    -6.8405,    32.2433      
# span 11 =     -0.738,      4.187      
# span 12 =     -1.070,      6.072      
# span 13 =    12.6315,    25.2246      
# span 14 = 0.0000e+00, 0.0000e+00      
# interval = seconds: 0.25
# start_time = May 17 2022 07:53:06 [Instrument's time stamp, header]
# bad_flag = -9.990e-29
*END*
[from data line 482]
      0.675      0.012     8.8964     98.659     26.764  24.454463     2.3863      8.044   244.3968 4.2428e+02     1.9540      0.662      0.960    20.6790 0.0000e+00
      0.681      0.010     8.8692     98.753     26.772  24.461272     2.3240      8.043   244.4348 4.5642e+02     1.9395      0.668      0.969    20.6725 0.0000e+00
      0.683      0.005     8.8462     98.879     26.777  24.467642     2.2947      8.043   244.5807 5.1671e+02     1.9292      0.670      0.972    20.6804 0.0000e+00
      0.682      0.000     8.8407     99.058     26.776  24.468112     2.3067      8.043   244.6988 5.2750e+02     1.9320      0.670      0.972    20.6842 0.0000e+00
      0.680     -0.004     8.8494     99.286     26.776  24.466961     2.3109      8.042   244.8305 5.2277e+02     1.9043      0.667      0.968    20.6785 0.0000e+00
      0.678     -0.005     8.8576     99.494     26.763  24.453720     2.3041      8.041   245.0542 5.2337e+02     1.9023      0.664      0.964    20.6782 0.0000e+00
      0.675     -0.002     8.8672     99.633     26.744  24.434769     2.3071      8.041   245.1664 5.6196e+02     1.9423      0.662      0.960    20.6830 0.0000e+00
      0.672      0.004     8.8820     99.723     26.738  24.427950     2.3144      8.042   245.2414 5.7914e+02     1.9440      0.659      0.955    20.6857 0.0000e+00
      0.672      0.010     8.9061     99.793     26.748  24.434646     2.3168      8.043   245.4449 5.5932e+02     1.9227      0.658      0.954    20.6842 0.0000e+00
      0.677      0.016     8.9278     99.828     26.773  24.452350     2.3104      8.044   245.5618 5.6421e+02     1.9242      0.663      0.961    20.6807 0.0000e+00
      0.684      0.020     8.9388     99.783     26.778  24.451869     2.3130      8.044   245.4500 5.2211e+02     1.9267      0.671      0.973    20.6781 0.0000e+00
      0.693      0.021     8.9462     99.663     26.755  24.428823     2.3234      8.044   245.2972 4.7050e+02     1.9188      0.679      0.986    20.6771 0.0000e+00
      0.700      0.019     8.9531     99.519     26.753  24.427198     2.3115      8.044   245.2634 5.0149e+02     1.8978      0.689      0.998    20.6720 0.0000e+00
      0.705      0.016     8.9614     99.377     26.761  24.432227     2.2771      8.045   245.2998 5.3476e+02     1.8773      0.693      1.005    20.6590 0.0000e+00
      0.707      0.013     8.9592     99.249     26.761  24.426249     2.2487      8.045   245.3076 5.0156e+02     1.8765      0.694      1.006    20.6488 0.0000e+00
      0.708      0.012     8.9452     99.152     26.761  24.418288     2.2517      8.046   245.3567 5.0628e+02     1.8885      0.694      1.006    20.6479 0.0000e+00
      0.709      0.013     8.9326     99.105     26.748  24.399337     2.2626      8.046   245.5493 5.4656e+02     1.9195      0.694      1.007    20.6487 0.0000e+00
      0.712      0.014     8.9193     99.119     26.741  24.387225     2.2229      8.046   245.8294 5.4001e+02     1.9090      0.696      1.010    20.6476 0.0000e+00
      0.717      0.014     8.9093     99.147     26.760  24.398592     2.1540      8.046   245.9908 5.1382e+02     1.8647      0.702      1.019    20.6360 0.0000e+00
      0.723      0.014     8.9037     99.124     26.775  24.410017     2.1286      8.045   246.0379 4.8544e+02     1.8965      0.709      1.029    20.6161 0.0000e+00
      0.728      0.013     8.8999     99.044     26.761  24.398598     2.1404      8.044   246.1403 4.6007e+02     1.9518      0.715      1.037    20.6063 0.0000e+00
      0.731      0.012     8.9051     98.945     26.750  24.387283     2.1554      8.044   246.1966 4.6522e+02     1.9523      0.718      1.041    20.5946 0.0000e+00
      0.732      0.010     8.9137     98.845     26.765  24.399958     2.1685      8.044   246.2886 5.1584e+02     1.9020      0.718      1.041    20.5778 0.0000e+00
      0.732      0.010     8.9118     98.750     26.792  24.425090     2.1819      8.044   246.5636 5.2173e+02     1.8556      0.717      1.040    20.5760 0.0000e+00
      0.734      0.010     8.9014     98.675     26.803  24.437655     2.1931      8.044   246.7696 4.6871e+02     1.8705      0.718      1.043    20.5829 0.0000e+00
      0.738      0.011     8.8927     98.667     26.788  24.425134     2.1873      8.044   246.8003 5.0142e+02     1.8773      0.724      1.050    20.5802 0.0000e+00
      0.742      0.013     8.8848     98.769     26.762  24.400458     2.1867      8.043   246.8488 5.5509e+02     1.8358      0.729      1.057    20.5737 0.0000e+00
      0.746      0.013     8.8756     98.950     26.760  24.392798     2.2102      8.043   246.9258 5.5439e+02     1.8126      0.732      1.062    20.5771 0.0000e+00
      0.749      0.012     8.8659     99.101     26.775  24.395893     2.2304      8.044   246.9569 5.6894e+02     1.8699      0.734      1.065    20.5828 0.0000e+00
      0.752      0.010     8.8632     99.136     26.765  24.374478     2.2389      8.044   246.9667 5.8234e+02     1.9139      0.738      1.070    20.5850 0.0000e+00
      0.755      0.010     8.8725     99.056     26.719  24.323988     2.2143      8.043   246.8720 5.8167e+02     1.8659      0.741      1.075    20.5855 0.0000e+00
      0.756      0.010     8.8949     98.932     26.691  24.292409     2.1578      8.043   246.8436 5.5597e+02     1.8367      0.742      1.076    20.5784 0.0000e+00
      0.757      0.011     8.9162     98.850     26.719  24.309528     2.1297      8.043   247.0542 5.2038e+02     1.8675      0.743      1.077    20.5520 0.0000e+00
      0.760      0.012     8.9236     98.832     26.769  24.340837     2.1324      8.042   247.1807 5.0135e+02     1.8963      0.745      1.080    20.5250 0.0000e+00
      0.763      0.013     8.9168     98.869     26.801  24.354065     2.1155      8.042   247.1691 4.8655e+02     1.8773      0.748      1.086    20.5106 0.0000e+00
      0.768      0.014     8.9029     98.942     26.800  24.342697     2.0750      8.042   247.2579 5.1129e+02     1.8437      0.753      1.093    20.5019 0.0000e+00
      0.772      0.016     8.8978     99.012     26.786  24.330127     2.0507      8.042   247.3942 5.6612e+02     1.8313      0.758      1.100    20.4918 0.0000e+00
      0.776      0.016     8.9017     99.053     26.776  24.328828     2.0545      8.043   247.5261 5.2830e+02     1.8638      0.761      1.104    20.4616 0.0000e+00
      0.779      0.015     8.9115     99.072     26.765  24.326999     2.0631      8.043   247.6482 4.4683e+02     1.8953      0.764      1.108    20.4255 0.0000e+00
      0.784      0.013     8.9238     99.074     26.737  24.308030     2.0634      8.043   247.7519 4.5215e+02     1.8709      0.769      1.115    20.4028 0.0000e+00
      0.788      0.011     8.9305     99.049     26.712  24.289600     2.0656      8.042   247.8335 4.6180e+02     1.8761      0.773      1.122    20.4073 0.0000e+00
      0.791      0.010     8.9303     99.010     26.719  24.294298     2.0729      8.041   247.8609 4.1269e+02     1.9238      0.776      1.126    20.4264 0.0000e+00
      0.792      0.010     8.9288     98.975     26.737  24.301462     2.0688      8.041   247.9113 3.8636e+02     2.0034      0.777      1.127    20.4403 0.0000e+00
      0.793      0.009     8.9279     98.919     26.758  24.312829     2.0495      8.041   248.0126 4.1009e+02     2.0876      0.778      1.128    20.4544 0.0000e+00
      0.796      0.009     8.9232     98.846     26.748  24.304972     2.0400      8.041   248.1395 4.3401e+02     2.1220      0.780      1.131    20.4643 0.0000e+00
      0.799      0.009     8.9178     98.788     26.703  24.269842     2.0534      8.041   248.1549 4.4001e+02     2.1462      0.783      1.136    20.4652 0.0000e+00
      0.802      0.009     8.9217     98.714     26.694  24.268336     2.0613      8.041   248.1121 4.2777e+02     2.1403      0.786      1.140    20.4370 0.0000e+00
      0.804      0.009     8.9208     98.592     26.707  24.286771     2.0359      8.041   248.2249 4.1810e+02     2.0511      0.789      1.144    20.4151 0.0000e+00
      0.806      0.009     8.9087     98.451     26.722  24.302613     2.0046      8.041   248.3996 4.3088e+02     1.9219      0.791      1.148    20.4293 0.0000e+00
      0.808      0.009     8.9039     98.342     26.757  24.333133     1.9987      8.040   248.4183 4.4493e+02     1.8422      0.792      1.149    20.4390 0.0000e+00
      0.809      0.009     8.8969     98.322     26.765  24.338922     2.0058      8.039   248.2780 4.3718e+02     1.8380      0.793      1.151    20.4514 0.0000e+00
      0.812      0.010     8.8813     98.399     26.733  24.309226     2.0073      8.040   248.2522 4.2356e+02     1.8370      0.796      1.155    20.4672 0.0000e+00
      0.816      0.012     8.8674     98.529     26.713  24.290956     1.9999      8.040   248.3650 4.4941e+02     1.7961      0.801      1.161    20.4688 0.0000e+00
      0.819      0.015     8.8550     98.654     26.734  24.308150     1.9996      8.039   248.4375 5.2484e+02     1.7880      0.804      1.165    20.4662 0.0000e+00
      0.822      0.017     8.8538     98.727     26.761  24.326984     2.0120      8.039   248.5261 5.4692e+02     1.8410      0.806      1.168    20.4621 0.0000e+00
      0.827      0.017     8.8631     98.751     26.771  24.328543     2.0092      8.040   248.6618 4.8545e+02     1.8907      0.810      1.175    20.4606 0.0000e+00
      0.833      0.016     8.8760     98.783     26.772  24.326983     1.9745      8.040   248.7013 4.6336e+02     1.9105      0.817      1.185    20.4628 0.0000e+00
      0.838      0.014     8.8896     98.850     26.750  24.308126     1.9417      8.039   248.6590 4.8473e+02     1.9096      0.823      1.194    20.4610 0.0000e+00
      0.842      0.011     8.8983     98.889     26.729  24.290672     1.9370      8.037   248.6671 4.7997e+02     1.9147      0.827      1.199    20.4485 0.0000e+00
      0.845      0.008     8.9014     98.887     26.745  24.306075     1.9251      8.037   248.7146 4.6478e+02     1.9377      0.828      1.201    20.4302 0.0000e+00
      0.845      0.007     8.9026     98.905     26.741  24.304241     1.8815      8.037   248.7169 4.6001e+02     1.9140      0.829      1.202    20.4257 0.0000e+00
      0.844      0.009     8.9123     98.932     26.700  24.268501     1.8423      8.037   248.6082 4.4336e+02     1.8673      0.828      1.200    20.4313 0.0000e+00
      0.844      0.012     8.9157     98.902     26.685  24.254192     1.8348      8.037   248.5187 4.3800e+02     1.8863      0.826      1.198    20.4348 0.0000e+00
      0.847      0.017     8.9109     98.789     26.694  24.257978     1.8818      8.037   248.5810 4.6600e+02     1.9725      0.829      1.203    20.4374 0.0000e+00
      0.854      0.021     8.9130     98.567     26.694  24.250906     1.9703      8.036   248.6732 4.7204e+02     2.0549      0.837      1.214    20.4388 0.0000e+00
      0.863      0.023     8.9187     98.269     26.684  24.232051     2.0221      8.035   248.6872 4.6595e+02     2.0631      0.846      1.227    20.4421 0.0000e+00
      0.871      0.023     8.9151     98.018     26.679  24.220114     2.0260      8.034   248.7502 4.6952e+02     2.0716      0.855      1.241    20.4430 0.0000e+00
      0.877      0.021     8.9076     97.881     26.695  24.233314     2.0167      8.034   248.9189 4.6470e+02     2.0895      0.861      1.248    20.4349 0.0000e+00
      0.881      0.017     8.8915     97.909     26.726  24.264890     2.0434      8.034   249.0054 4.7119e+02     2.0068      0.864      1.253    20.4198 0.0000e+00
      0.884      0.013     8.8602     98.085     26.745  24.285029     2.1244      8.034   248.9368 4.8096e+02     1.8904      0.867      1.258    20.3983 0.0000e+00
      0.887      0.011     8.8415     98.309     26.743  24.286694     2.1794      8.034   248.7777 4.8006e+02     1.8775      0.870      1.261    20.3819 0.0000e+00
      0.889      0.010     8.8256     98.515     26.738  24.285028     2.1842      8.034   248.6296 4.9187e+02     1.9195      0.872      1.264    20.3824 0.0000e+00
      0.890      0.010     8.8269     98.676     26.718  24.264889     2.1745      8.033   248.5233 5.0115e+02     1.9204      0.873      1.266    20.3901 0.0000e+00
      0.891      0.011     8.8473     98.766     26.691  24.233309     2.1535      8.033   248.4384 4.8419e+02     1.8888      0.874      1.267    20.3949 0.0000e+00
      0.895      0.012     8.8673     98.771     26.685  24.220065     2.1302      8.033   248.4643 4.7039e+02     1.8792      0.876      1.271    20.4019 0.0000e+00
      0.900      0.012     8.8849     98.731     26.701  24.231497     2.1178      8.033   248.5776 4.8581e+02     1.9067      0.883      1.280    20.4138 0.0000e+00
      0.904      0.012     8.9002     98.695     26.714  24.244780     2.1198      8.033   248.6040 4.9911e+02     1.9137      0.888      1.288    20.4102 0.0000e+00
      0.907      0.011     8.9138     98.670     26.722  24.253919     2.1288      8.032   248.5254 4.6471e+02     1.8620      0.889      1.290    20.3897 0.0000e+00
      0.909      0.010     8.9146     98.625     26.751  24.278629     2.1356      8.030   248.4878 4.7519e+02     1.7930      0.891      1.292    20.3735 0.0000e+00
      0.911      0.008     8.9103     98.563     26.767  24.290049     2.1353      8.030   248.4073 5.3270e+02     1.7972      0.893      1.295    20.3684 0.0000e+00
      0.913      0.007     8.9058     98.521     26.743  24.265235     2.1495      8.030   248.2405 5.1001e+02     1.8783      0.896      1.299    20.3729 0.0000e+00
      0.915      0.007     8.9044     98.507     26.707  24.232100     2.1832      8.029   248.1915 4.8050e+02     1.9200      0.898      1.302    20.3790 0.0000e+00
      0.917      0.007     8.9008     98.505     26.679  24.206293     2.1933      8.028   248.1594 5.2912e+02     1.8571      0.899      1.304    20.3773 0.0000e+00
      0.918      0.008     8.8944     98.510     26.682  24.206693     2.1880      8.028   248.1101 5.5323e+02     1.8355      0.900      1.306    20.3679 0.0000e+00
      0.919      0.009     8.8921     98.538     26.720  24.236943     2.1939      8.028   248.1980 5.1136e+02     1.9318      0.901      1.307    20.3616 0.0000e+00
      0.921      0.010     8.8912     98.571     26.746  24.255161     2.1980      8.027   248.2758 4.9634e+02     1.9963      0.902      1.309    20.3608 0.0000e+00
      0.925      0.011     8.8918     98.573     26.730  24.236828     2.1879      8.027   248.1898 5.3889e+02     1.9669      0.907      1.315    20.3617 0.0000e+00
      0.930      0.012     8.8912     98.551     26.697  24.205411     2.1724      8.027   248.0186 5.5309e+02     1.8844      0.912      1.323    20.3594 0.0000e+00
      0.933      0.012     8.8961     98.534     26.685  24.192170     2.1684      8.026   247.8407 5.0332e+02     1.8176      0.915      1.328    20.3484 0.0000e+00
      0.935      0.011     8.9041     98.550     26.700  24.203485     2.1729      8.026   247.6742 4.7942e+02     1.8081      0.916      1.329    20.3344 0.0000e+00
      0.937      0.010     8.9036     98.555     26.715  24.215461     2.1762      8.026   247.6404 4.8852e+02     1.8386      0.918      1.332    20.3298 0.0000e+00
      0.940      0.009     8.9015     98.482     26.711  24.210212     2.1747      8.026   247.6897 4.9297e+02     1.8787      0.922      1.338    20.3307 0.0000e+00
      0.942      0.009     8.8984     98.342     26.705  24.203402     2.1712      8.026   247.6673 4.8901e+02     1.8827      0.924      1.340    20.3262 0.0000e+00
      0.944      0.009     8.9023     98.138     26.699  24.196498     2.1602      8.026   247.6283 4.7011e+02     1.8865      0.925      1.341    20.3195 0.0000e+00
      0.947      0.008     8.9090     97.984     26.691  24.190100     2.1416      8.026   247.5619 4.6043e+02     1.9253      0.928      1.346    20.3159 0.0000e+00
      0.949      0.008     8.8979     98.000     26.688  24.189420     2.1376      8.025   247.4667 4.8571e+02     1.9078      0.931      1.351    20.3142 0.0000e+00
