Data/DataNotYetUploadedToEDI/Raw_CTD/RawDownloads/051722_bvr40_0001.cnv
* Sea-Bird SBE19plus  Data File:
* FileName = C:\R\Reservoirs\Data\DataNotYetUploadedToEDI\Raw_CTD\RawDownloads\051722_bvr01_0001.hex
* Software version 2.8.0.119
* Temperature SN = 7809
* Conductivity SN = 7809
* System UpLoad Time = May 24 2022 16:12:55
* <ApplicationData>
* <Seaterm232>
# nquan = 15
# nvalues = 3010                        
# units = specified
# name 0 = depFM: Depth [fresh water, m]
# name 1 = dz/dtM: Descent Rate [m/s]
# name 2 = sbeox0Mg/L: Oxygen, SBE 43 [mg/l]
# name 3 = sbeox0PS: Oxygen, SBE 43 [% saturation]
# name 4 = specc: Specific Conductance [uS/cm]
# name 5 = c0uS/cm: Conductivity [uS/cm]
# name 6 = flECO-AFL: Fluorescence, WET Labs ECO-AFL/FL [mg/m^3]
# name 7 = ph: pH
# name 8 = orp: Oxidation Reduction Potential [mV]
# name 9 = par/sat/log: PAR/Logarithmic, Satlantic
# name 10 = turbWETntu0: Turbidity, WET Labs ECO [NTU]
# name 11 = prdM: Pressure, Strain Gauge [db]
# name 12 = prdE: Pressure, Strain Gauge [psi]
# name 13 = tv290C: Temperature [ITS-90, deg C]
# name 14 = flag:  0.000e+00
# span 0 =     -0.751,      4.269       
# span 1 =     -0.308,      0.351       
# span 2 =     0.0058,     9.9015       
# span 3 =      0.091,    106.636       
# span 4 =      0.711,    103.517       
# span 5 =   0.714314,  78.300866       
# span 6 =    -1.5976,   227.3968       
# span 7 =     -2.701,     11.163       
# span 8 = -1240.7455,  1116.5582       
# span 9 = 4.2380e+00, 2.7718e+03       
# span 10 =    -6.8405,    32.2433      
# span 11 =     -0.738,      4.187      
# span 12 =     -1.070,      6.072      
# span 13 =    12.6315,    25.2246      
# span 14 = 0.0000e+00, 0.0000e+00      
# interval = seconds: 0.25
# start_time = May 17 2022 07:53:06 [Instrument's time stamp, header]
# bad_flag = -9.990e-29
*END*
[from data line 2699]
      1.486     -0.022     0.0366      0.308     87.925  67.432461     3.4548      7.251   256.1866 2.9837e+02     2.0925      1.458      2.115    13.3409 0.0000e+00
      1.475     -0.038     0.0361      0.294     87.916  67.426791     3.4595      7.253   255.6501 2.9395e+02     2.1468      1.443      2.093    13.3415 0.0000e+00
      1.471     -0.053     0.0338      0.300     87.939  67.445216     3.4650      7.255   255.3091 2.8908e+02     2.1776      1.441      2.090    13.3424 0.0000e+00
      1.466     -0.063     0.0338      0.320     87.963  67.464691     3.5048      7.258   255.2472 2.8695e+02     2.2936      1.445      2.095    13.3429 0.0000e+00
      1.446     -0.063     0.0328      0.320     87.970  67.471724     3.5828      7.260   255.1594 3.0217e+02     2.5238      1.425      2.066    13.3435 0.0000e+00
      1.412     -0.058     0.0297      0.290     87.962  67.466746     3.6175      7.262   255.1077 3.0544e+02     2.6044      1.380      2.002    13.3441 0.0000e+00
      1.383     -0.047     0.0303      0.263     87.962  67.468007     3.6165      7.264   254.8810 3.0648e+02     2.5506      1.349      1.956    13.3447 0.0000e+00
      1.373     -0.028     0.0347      0.276     87.986  67.486967     3.6877      7.265   254.5692 3.2143e+02     2.5570      1.342      1.946    13.3454 0.0000e+00
      1.376     -0.005     0.0352      0.314     88.009  67.505462     3.8208      7.266   254.4342 3.2483e+02     2.6135      1.347      1.954    13.3459 0.0000e+00
      1.385      0.015     0.0300      0.317     88.002  67.501096     3.8775      7.266   254.1957 3.1885e+02     2.6525      1.358      1.970    13.3466 0.0000e+00
      1.396      0.022     0.0259      0.292     87.996  67.497688     3.8567      7.267   253.6643 3.1575e+02     2.6187      1.368      1.985    13.3473 0.0000e+00
      1.410      0.011     0.0266      0.294     88.033  67.527773     3.7695      7.270   252.9989 3.1315e+02     2.5127      1.383      2.007    13.3478 0.0000e+00
      1.421     -0.011     0.0355      0.317     88.057  67.547296     3.6139      7.275   252.5174 3.1315e+02     2.4291      1.397      2.027    13.3484 0.0000e+00
      1.421     -0.034     0.0347      0.339     88.051  67.543193     3.5232      7.280   252.4035 3.1768e+02     2.4281      1.398      2.028    13.3490 0.0000e+00
      1.404     -0.051     0.0282      0.344     88.047  67.541685     3.5135      7.285   252.5683 3.4388e+02     2.4327      1.386      2.009    13.3496 0.0000e+00
      1.371     -0.058     0.0302      0.325     88.029  67.529063     3.4219      7.289   252.8748 3.7193e+02     2.3479      1.346      1.952    13.3504 0.0000e+00
      1.338     -0.055     0.0332      0.312     88.013  67.517608     3.2231      7.292   253.2706 3.6110e+02     2.1878      1.303      1.889    13.3509 0.0000e+00
      1.322     -0.043     0.0358      0.321     88.028  67.530207     3.1072      7.294   253.5677 3.4639e+02     2.0683      1.291      1.873    13.3516 0.0000e+00
      1.322     -0.028     0.0374      0.311     88.059  67.554371     3.1030      7.296   253.3690 3.4512e+02     2.0312      1.293      1.878    13.3522 0.0000e+00
      1.328     -0.021     0.0338      0.285     88.059  67.555726     3.1300      7.299   252.5894 3.4153e+02     2.1154      1.301      1.888    13.3527 0.0000e+00
      1.334     -0.029     0.0305      0.285     88.045  67.546593     3.1765      7.303   251.8855 3.1863e+02     2.2665      1.309      1.900    13.3533 0.0000e+00
      1.335     -0.049     0.0356      0.309     88.075  67.570967     3.1985      7.307   251.6546 3.0213e+02     2.3548      1.312      1.904    13.3539 0.0000e+00
      1.324     -0.070     0.0336      0.315     88.107  67.596382     3.1876      7.310   251.6915 3.1829e+02     2.3636      1.308      1.898    13.3546 0.0000e+00
      1.292     -0.084     0.0282      0.285     88.110  67.599837     3.1784      7.313   251.9008 3.3608e+02     2.3043      1.274      1.849    13.3552 0.0000e+00
      1.245     -0.088     0.0287      0.263     88.126  67.612749     3.1784      7.316   252.0346 3.5269e+02     2.2865      1.214      1.761    13.3559 0.0000e+00
      1.210     -0.079     0.0327      0.276     88.141  67.625472     3.1800      7.318   252.0189 3.7469e+02     2.3185      1.178      1.708    13.3565 0.0000e+00
      1.195     -0.059     0.0356      0.302     88.141  67.626637     3.1814      7.319   251.9685 3.8555e+02     2.3508      1.170      1.696    13.3573 0.0000e+00
      1.192     -0.034     0.0290      0.329     88.140  67.626846     3.1789      7.321   251.8551 3.8359e+02     2.3693      1.167      1.692    13.3579 0.0000e+00
      1.193     -0.011     0.0254      0.349     88.140  67.628001     3.1905      7.324   251.7661 3.8467e+02     2.2689      1.169      1.695    13.3583 0.0000e+00
      1.196      0.002     0.0290      0.358     88.155  67.640600     3.2137      7.324   251.6671 3.9276e+02     2.1275      1.174      1.701    13.3589 0.0000e+00
      1.200      0.006     0.0310      0.351     88.168  67.652150     3.2178      7.324   251.5192 3.9364e+02     2.0936      1.177      1.708    13.3596 0.0000e+00
      1.203      0.006     0.0351      0.339     88.152  67.640627     3.2149      7.326   251.4403 3.9766e+02     2.0978      1.180      1.712    13.3602 0.0000e+00
      1.204      0.003     0.0366      0.334     88.134  67.628300     3.2124      7.330   251.4018 3.9409e+02     2.1105      1.182      1.714    13.3608 0.0000e+00
      1.204     -0.006     0.0381      0.314     88.135  67.630132     3.2040      7.332   251.2255 3.8609e+02     2.1786      1.181      1.713    13.3615 0.0000e+00
      1.203     -0.021     0.0372      0.274     88.176  67.662782     3.1879      7.334   251.0298 4.0111e+02     2.2043      1.180      1.711    13.3621 0.0000e+00
      1.202     -0.037     0.0341      0.247     88.230  67.705508     3.1680      7.337   251.0148 4.0879e+02     2.1478      1.179      1.711    13.3628 0.0000e+00
      1.196     -0.050     0.0359      0.257     88.225  67.702148     3.1300      7.340   251.0436 4.1471e+02     2.1095      1.178      1.708    13.3634 0.0000e+00
      1.177     -0.056     0.0338      0.301     88.202  67.685673     3.0771      7.342   251.1199 4.3021e+02     2.1180      1.161      1.684    13.3641 0.0000e+00
      1.146     -0.053     0.0282      0.350     88.215  67.696839     3.0606      7.344   251.2493 4.4711e+02     2.1482      1.120      1.625    13.3647 0.0000e+00
      1.120     -0.043     0.0239      0.357     88.231  67.710126     3.0651      7.346   251.3168 4.6347e+02     2.2014      1.090      1.581    13.3654 0.0000e+00
      1.110     -0.031     0.0257      0.327     88.241  67.719299     3.0808      7.346   251.2481 4.4353e+02     2.2486      1.084      1.573    13.3660 0.0000e+00
      1.115     -0.024     0.0307      0.308     88.272  67.744234     3.1267      7.348   251.1061 4.0618e+02     2.2752      1.090      1.582    13.3666 0.0000e+00
      1.125     -0.029     0.0389      0.298     88.288  67.757576     3.1614      7.352   251.0629 3.8875e+02     2.3187      1.104      1.601    13.3673 0.0000e+00
      1.131     -0.045     0.0397      0.278     88.282  67.753592     3.1594      7.356   250.9849 3.8299e+02     2.3635      1.113      1.615    13.3678 0.0000e+00
      1.123     -0.061     0.0322      0.264     88.288  67.759581     3.0608      7.360   251.0232 3.8719e+02     2.3731      1.111      1.611    13.3685 0.0000e+00
      1.091     -0.071     0.0322      0.269     88.296  67.766478     2.8767      7.363   251.4392 4.1523e+02     2.3326      1.078      1.563    13.3691 0.0000e+00
      1.044     -0.070     0.0318      0.288     88.303  67.773470     2.7722      7.365   251.7989 4.4700e+02     2.2833      1.017      1.475    13.3697 0.0000e+00
      1.011     -0.060     0.0284      0.309     88.311  67.780609     2.7637      7.365   251.7593 4.4164e+02     2.2890      0.980      1.420    13.3705 0.0000e+00
      1.004     -0.041     0.0270      0.325     88.321  67.789278     2.7564      7.367   251.7346 4.2408e+02     2.3000      0.980      1.421    13.3711 0.0000e+00
      1.014     -0.019     0.0274      0.332     88.352  67.814780     2.7341      7.370   252.0159 4.1428e+02     2.2449      0.993      1.441    13.3717 0.0000e+00
      1.024      0.001     0.0301      0.329     88.377  67.834895     2.7194      7.371   252.3211 3.9932e+02     2.1697      1.008      1.461    13.3724 0.0000e+00
      1.028      0.012     0.0324      0.326     88.385  67.841948     2.7198      7.372   252.4991 3.7396e+02     2.1425      1.011      1.467    13.3731 0.0000e+00
      1.023      0.014     0.0342      0.331     88.376  67.836541     2.7054      7.373   252.6200 3.6496e+02     2.1201      1.003      1.455    13.3736 0.0000e+00
      1.021      0.012     0.0352      0.324     88.370  67.833034     2.6447      7.374   252.8365 3.8708e+02     2.1379      0.997      1.446    13.3743 0.0000e+00
      1.026      0.007     0.0343      0.297     88.407  67.863061     2.5604      7.376   252.9659 4.1262e+02     2.2554      1.005      1.458    13.3752 0.0000e+00
      1.036     -0.002     0.0335      0.283     88.431  67.882029     2.5272      7.378   252.4630 4.2715e+02     2.3452      1.019      1.479    13.3757 0.0000e+00
      1.041     -0.018     0.0346      0.284     88.416  67.871836     2.5344      7.382   251.6611 4.4925e+02     2.3698      1.024      1.485    13.3762 0.0000e+00
      1.038     -0.042     0.0359      0.293     88.408  67.866849     2.5145      7.386   251.2715 4.6969e+02     2.4499      1.019      1.479    13.3769 0.0000e+00
      1.027     -0.066     0.0295      0.319     88.430  67.885250     2.4780      7.389   251.1943 4.6101e+02     2.5623      1.011      1.467    13.3776 0.0000e+00
      1.004     -0.081     0.0288      0.329     88.453  67.903780     2.4593      7.392   251.2438 4.6658e+02     2.6022      0.993      1.439    13.3783 0.0000e+00
      0.966     -0.086     0.0304      0.316     88.447  67.900359     2.4550      7.395   251.5258 5.1660e+02     2.5905      0.948      1.374    13.3789 0.0000e+00
      0.926     -0.081     0.0285      0.317     88.454  67.907392     2.4342      7.396   251.9371 5.4481e+02     2.5235      0.899      1.304    13.3797 0.0000e+00
      0.904     -0.073     0.0347      0.318     88.476  67.925312     2.3916      7.397   252.2590 5.3242e+02     2.4414      0.881      1.278    13.3804 0.0000e+00
      0.899     -0.066     0.0361      0.312     88.476  67.926478     2.3636      7.399   252.4918 5.4255e+02     2.4177      0.881      1.277    13.3810 0.0000e+00
      0.899     -0.065     0.0310      0.320     88.468  67.921501     2.3533      7.401   252.7736 5.5735e+02     2.3732      0.884      1.282    13.3817 0.0000e+00
      0.893     -0.068     0.0333      0.320     88.476  67.928648     2.3010      7.403   253.1706 5.4542e+02     2.2450      0.881      1.279    13.3822 0.0000e+00
      0.873     -0.073     0.0344      0.307     88.502  67.949383     2.2221      7.404   253.5919 5.6504e+02     2.1314      0.862      1.251    13.3828 0.0000e+00
      0.838     -0.076     0.0305      0.297     88.542  67.981666     2.1897      7.404   253.9954 6.1888e+02     2.1274      0.824      1.195    13.3836 0.0000e+00
      0.801     -0.071     0.0343      0.283     88.566  68.001402     2.1841      7.406   254.4367 6.3299e+02     2.1619      0.778      1.129    13.3843 0.0000e+00
      0.781     -0.059     0.0344      0.273     88.560  67.997474     2.1458      7.407   254.7977 6.7784e+02     2.2074      0.758      1.099    13.3849 0.0000e+00
      0.777     -0.041     0.0313      0.286     88.559  67.997694     2.0846      7.408   255.0046 7.2358e+02     2.2675      0.761      1.104    13.3856 0.0000e+00
      0.778     -0.019     0.0313      0.311     88.565  68.004057     2.0598      7.409   255.2172 6.8797e+02     2.2735      0.765      1.109    13.3862 0.0000e+00
      0.778      0.001     0.0299      0.332     88.572  68.010892     2.0630      7.409   255.4761 6.7453e+02     2.2804      0.763      1.108    13.3869 0.0000e+00
      0.776      0.016     0.0267      0.342     88.578  68.016823     2.0981      7.408   255.7246 6.3467e+02     2.4876      0.760      1.102    13.3876 0.0000e+00
      0.777      0.029     0.0298      0.325     88.571  68.012262     2.1673      7.408   255.9858 5.5477e+02     2.8308      0.759      1.101    13.3882 0.0000e+00
      0.785      0.042     0.0328      0.309     88.578  68.019258     2.1933      7.407   256.2254 5.3434e+02     3.0135      0.768      1.112    13.3889 0.0000e+00
      0.800      0.052     0.0342      0.313     88.601  68.037896     2.1706      7.406   256.3844 5.2224e+02     3.0572      0.785      1.137    13.3895 0.0000e+00
      0.819      0.057     0.0381      0.326     88.611  68.047068     2.1511      7.405   256.4451 5.5196e+02     3.3256      0.803      1.165    13.3902 0.0000e+00
      0.841      0.052     0.0332      0.326     88.636  68.066647     2.1492      7.403   256.4427 6.0636e+02     3.8334      0.824      1.195    13.3908 0.0000e+00
      0.862      0.040     0.0313      0.302     88.657  68.084085     2.1560      7.402   256.3557 5.8344e+02     4.1419      0.850      1.231    13.3915 0.0000e+00
      0.874      0.023     0.0325      0.288     88.634  68.067361     2.1667      7.404   256.1677 5.5634e+02     4.2198      0.863      1.251    13.3924 0.0000e+00
      0.873      0.007     0.0338      0.296     88.616  68.054983     2.1706      7.406   256.0625 5.4474e+02     4.1943      0.859      1.245    13.3930 0.0000e+00
      0.864     -0.005     0.0361      0.310     88.623  68.061459     2.1358      7.407   256.1165 5.2943e+02     3.7308      0.846      1.228    13.3937 0.0000e+00
      0.854     -0.010     0.0305      0.322     88.648  68.082141     2.0796      7.408   256.2179 5.1197e+02     2.9541      0.837      1.214    13.3944 0.0000e+00
      0.849     -0.010     0.0289      0.312     88.689  68.114511     2.0562      7.410   256.2560 4.9405e+02     2.5925      0.832      1.206    13.3950 0.0000e+00
      0.848     -0.005     0.0316      0.294     88.714  68.135261     2.0622      7.410   256.1472 4.8905e+02     2.6375      0.831      1.205    13.3958 0.0000e+00
      0.851     -0.003     0.0315      0.290     88.722  68.142495     2.0678      7.410   255.9349 4.9533e+02     2.8840      0.834      1.210    13.3964 0.0000e+00
      0.856     -0.005     0.0354      0.288     88.715  68.138464     2.0576      7.412   255.7538 4.9731e+02     3.2834      0.840      1.218    13.3971 0.0000e+00
      0.858     -0.008     0.0330      0.282     88.728  68.150035     2.0476      7.414   255.7647 4.8396e+02     3.4701      0.844      1.223    13.3977 0.0000e+00
      0.856     -0.012     0.0291      0.276     88.734  68.155367     2.0543      7.414   255.9807 4.6747e+02     3.4336      0.843      1.221    13.3983 0.0000e+00
      0.846     -0.014     0.0307      0.275     88.711  68.139423     2.0720      7.412   256.2147 4.6896e+02     3.3541      0.830      1.205    13.3990 0.0000e+00
      0.836     -0.015     0.0301      0.285     88.721  68.147808     2.1041      7.411   256.2702 4.7849e+02     3.2953      0.816      1.184    13.3998 0.0000e+00
      0.832     -0.014     0.0294      0.300     88.778  68.193237     2.1343      7.412   256.2217 4.4916e+02     3.2685      0.815      1.181    13.4006 0.0000e+00
      0.833     -0.011     0.0286      0.310     88.843  68.244092     2.1454      7.413   256.3168 4.0701e+02     3.2356      0.817      1.184    13.4012 0.0000e+00
      0.833     -0.009     0.0282      0.310     88.855  68.254575     2.1471      7.414   256.4738 3.8847e+02     3.1019      0.818      1.187    13.4018 0.0000e+00
      0.833     -0.013     0.0295      0.291     88.856  68.256476     2.1551      7.414   256.3130 3.8946e+02     2.8475      0.817      1.185    13.4027 0.0000e+00
