Data/DataNotYetUploadedToEDI/Raw_CTD/RawDownloads/051722_bvr01_0002.cnv
* Sea-Bird SBE19plus  Data File:
* FileName = C:\R\Reservoirs\Data\DataNotYetUploadedToEDI\Raw_CTD\RawDownloads\051722_bvr01_0002.hex
* Software version 2.8.0.119
* Temperature SN = 7809
* Conductivity SN = 7809
* System UpLoad Time = May 24 2022 16:13:37
* <ApplicationData>
* <Seaterm232>
# nquan = 15
# nvalues = 1603                        
# units = specified
# name 0 = depFM: Depth [fresh water, m]
# name 1 = dz/dtM: Descent Rate [m/s]
# name 2 = sbeox0Mg/L: Oxygen, SBE 43 [mg/l]
# name 3 = sbeox0PS: Oxygen, SBE 43 [% saturation]
# name 4 = specc: Specific Conductance [uS/cm]
# name 5 = c0uS/cm: Conductivity [uS/cm]
# name 6 = flECO-AFL: Fluorescence, WET Labs ECO-AFL/FL [mg/m^3]
# name 7 = ph: pH
# name 8 = orp: Oxidation Reduction Potential [mV]
# name 9 = par/sat/log: PAR/Logarithmic, Satlantic
# name 10 = turbWETntu0: Turbidity, WET Labs ECO [NTU]
# name 11 = prdM: Pressure, Strain Gauge [db]
# name 12 = prdE: Pressure, Strain Gauge [psi]
# name 13 = tv290C: Temperature [ITS-90, deg C]
# name 14 = flag:  0.000e+00
# span 0 =     -0.757,      9.531       
# span 1 =     -0.620,      0.162       
# span 2 =     0.0016,     0.0331       
# span 3 =      0.026,      0.307       
# span 4 =     85.604,     87.297       
# span 5 =  64.543074,  85.483565       
# span 6 =    -1.5568,     9.2861       
# span 7 =      3.604,      8.055       
# span 8 = -1240.7455,   914.2121       
# span 9 = 2.5578e-01, 2.5910e+03       
# span 10 =    -0.7934,    12.3943      
# span 11 =     -0.742,      9.347      
# span 12 =     -1.077,     13.556      
# span 13 =    12.4132,    23.9557      
# span 14 = 0.0000e+00, 0.0000e+00      
# interval = seconds: 0.25
# start_time = May 17 2022 10:17:36 [Instrument's time stamp, header]
# bad_flag = -9.990e-29
*END*
[from data line 290]
      1.024      0.011     0.0115      0.141     86.481  83.938072     1.9311      7.932   238.3334 8.8644e+01     1.9507      1.006      1.459    23.5375 0.0000e+00
      1.027      0.010     0.0114      0.147     86.497  83.948577     1.9359      7.933   238.2759 8.7234e+01     1.9492      1.008      1.462    23.5343 0.0000e+00
      1.029      0.010     0.0090      0.148     86.492  83.938063     1.9330      7.933   238.2620 8.6284e+01     1.9028      1.008      1.462    23.5311 0.0000e+00
      1.031      0.010     0.0105      0.151     86.498  83.938063     1.9285      7.933   238.2519 8.4258e+01     1.8347      1.010      1.465    23.5277 0.0000e+00
      1.033      0.009     0.0125      0.145     86.515  83.948577     1.9410      7.933   238.2391 8.2024e+01     1.8084      1.013      1.470    23.5245 0.0000e+00
      1.035      0.009     0.0127      0.136     86.510  83.938053     1.9581      7.933   238.2801 7.9816e+01     1.8238      1.015      1.473    23.5214 0.0000e+00
      1.038      0.008     0.0122      0.129     86.515  83.937940     1.9694      7.934   238.3170 7.8310e+01     1.8505      1.017      1.475    23.5182 0.0000e+00
      1.042      0.007     0.0136      0.119     86.530  83.947195     2.0192      7.935   238.4276 7.7341e+01     1.8916      1.022      1.481    23.5149 0.0000e+00
      1.044      0.006     0.0122      0.122     86.511  83.922823     2.1017      7.935   238.5850 7.5461e+01     1.9111      1.025      1.486    23.5117 0.0000e+00
      1.044      0.006     0.0112      0.141     86.490  83.897504     2.1354      7.935   238.6715 7.3548e+01     1.8811      1.024      1.486    23.5085 0.0000e+00
      1.044      0.006     0.0117      0.151     86.494  83.895306     2.1353      7.935   238.7847 7.3136e+01     1.8374      1.023      1.484    23.5051 0.0000e+00
      1.045      0.007     0.0094      0.149     86.501  83.896244     2.1423      7.935   239.0067 7.3025e+01     1.8266      1.024      1.485    23.5020 0.0000e+00
      1.047      0.010     0.0096      0.154     86.520  83.908833     2.1450      7.935   239.2056 7.1756e+01     1.8522      1.028      1.491    23.4988 0.0000e+00
      1.048      0.014     0.0127      0.164     86.537  83.920388     2.1432      7.936   239.2963 7.0519e+01     1.8746      1.029      1.492    23.4956 0.0000e+00
      1.051      0.016     0.0133      0.164     86.531  83.908823     2.1457      7.937   239.3293 7.0092e+01     1.8919      1.028      1.491    23.4921 0.0000e+00
      1.058      0.019     0.0123      0.157     86.524  83.896110     2.1497      7.940   239.3466 7.0204e+01     1.8914      1.037      1.504    23.4889 0.0000e+00
      1.066      0.024     0.0126      0.149     86.527  83.893800     2.1499      7.941   239.4185 7.0044e+01     1.8680      1.048      1.520    23.4858 0.0000e+00
      1.071      0.029     0.0147      0.142     86.519  83.880870     2.1480      7.941   239.5102 6.9145e+01     1.8480      1.050      1.523    23.4825 0.0000e+00
      1.074      0.033     0.0141      0.146     86.511  83.866898     2.1432      7.940   239.5102 6.8743e+01     1.8209      1.049      1.522    23.4792 0.0000e+00
      1.083      0.037     0.0130      0.146     86.502  83.851978     2.1420      7.940   239.5042 6.9716e+01     1.8126      1.060      1.537    23.4759 0.0000e+00
      1.098      0.040     0.0131      0.144     86.482  83.827596     2.1502      7.940   239.5232 7.0357e+01     1.8504      1.079      1.564    23.4727 0.0000e+00
      1.111      0.042     0.0109      0.148     86.487  83.826337     2.1588      7.941   239.4817 6.9726e+01     1.8685      1.092      1.583    23.4696 0.0000e+00
      1.121      0.043     0.0131      0.144     86.503  83.836738     2.1552      7.941   239.5188 6.9264e+01     1.8264      1.099      1.593    23.4663 0.0000e+00
      1.131      0.044     0.0125      0.139     86.498  83.826223     2.1314      7.941   239.7994 6.9573e+01     1.7856      1.109      1.609    23.4630 0.0000e+00
      1.141      0.046     0.0115      0.144     86.504  83.826319     2.0954      7.940   240.1211 6.9444e+01     1.7844      1.120      1.625    23.4596 0.0000e+00
      1.150      0.047     0.0134      0.151     86.522  83.837886     2.0776      7.940   240.2253 6.8506e+01     1.8117      1.128      1.636    23.4563 0.0000e+00
      1.162      0.047     0.0122      0.147     86.529  83.838947     2.0745      7.940   240.1998 6.7929e+01     1.8771      1.136      1.649    23.4531 0.0000e+00
      1.180      0.046     0.0115      0.133     86.535  83.839138     2.0335      7.941   240.2421 6.7834e+01     1.9260      1.157      1.679    23.4500 0.0000e+00
      1.196      0.046     0.0122      0.120     86.542  83.840188     1.9644      7.941   240.3926 6.7994e+01     1.9245      1.177      1.708    23.4467 0.0000e+00
      1.205      0.046     0.0134      0.117     86.559  83.851632     1.9219      7.941   240.5574 6.8023e+01     1.8934      1.182      1.714    23.4433 0.0000e+00
      1.211      0.047     0.0128      0.116     86.564  83.850372     1.9019      7.941   240.7717 6.7880e+01     1.8234      1.186      1.721    23.4401 0.0000e+00
      1.220      0.049     0.0115      0.115     86.543  83.824947     1.8980      7.941   241.0054 6.7962e+01     1.7952      1.196      1.735    23.4368 0.0000e+00
      1.233      0.052     0.0096      0.128     86.522  83.798463     1.9245      7.941   241.0603 6.7851e+01     1.8262      1.207      1.751    23.4336 0.0000e+00
      1.250      0.055     0.0099      0.138     86.513  83.784396     1.9638      7.940   241.1770 6.7654e+01     1.8558      1.225      1.777    23.4302 0.0000e+00
      1.268      0.055     0.0106      0.134     86.517  83.781971     1.9824      7.940   241.4693 6.7619e+01     1.9141      1.244      1.804    23.4270 0.0000e+00
      1.285      0.049     0.0085      0.134     86.509  83.769144     1.9833      7.940   241.4969 6.7668e+01     1.9842      1.261      1.829    23.4238 0.0000e+00
      1.300      0.039     0.0112      0.137     86.501  83.756422     1.9820      7.940   241.3394 6.7970e+01     1.9871      1.276      1.851    23.4206 0.0000e+00
      1.309      0.026     0.0127      0.141     86.506  83.755266     1.9755      7.940   241.3714 6.8535e+01     1.9146      1.286      1.865    23.4174 0.0000e+00
      1.312      0.014     0.0109      0.143     86.512  83.755152     1.9629      7.940   241.5392 6.9379e+01     1.8595      1.289      1.869    23.4140 0.0000e+00
      1.311      0.004     0.0116      0.138     86.517  83.755039     1.9546      7.940   241.6477 7.0219e+01     1.8669      1.286      1.865    23.4108 0.0000e+00
      1.308     -0.001     0.0117      0.125     86.522  83.753892     1.9583      7.940   241.5643 7.0629e+01     1.9024      1.283      1.859    23.4078 0.0000e+00
      1.304     -0.003     0.0119      0.128     86.514  83.741275     1.9658      7.941   241.4775 7.0884e+01     1.9461      1.278      1.853    23.4046 0.0000e+00
      1.303     -0.001     0.0123      0.148     86.509  83.729606     1.9698      7.941   241.5454 7.1313e+01     1.9512      1.276      1.851    23.4012 0.0000e+00
      1.304      0.003     0.0124      0.163     86.525  83.739913     1.9733      7.940   241.6101 7.1742e+01     1.8962      1.278      1.854    23.3978 0.0000e+00
      1.306      0.006     0.0098      0.165     86.530  83.738767     1.9752      7.940   241.6584 7.2307e+01     1.8274      1.281      1.857    23.3948 0.0000e+00
      1.309      0.007     0.0100      0.163     86.511  83.715739     1.9674      7.941   241.7844 7.3438e+01     1.8028      1.283      1.861    23.3916 0.0000e+00
      1.312      0.007     0.0130      0.164     86.517  83.715728     1.9549      7.941   241.8435 7.4548e+01     1.8379      1.287      1.867    23.3883 0.0000e+00
      1.315      0.006     0.0143      0.161     86.547  83.738628     1.9574      7.941   241.6841 7.5381e+01     1.9102      1.290      1.871    23.3850 0.0000e+00
      1.317      0.006     0.0144      0.153     86.552  83.738359     1.9723      7.942   241.5783 7.6428e+01     1.9597      1.291      1.872    23.3818 0.0000e+00
      1.317      0.007     0.0134      0.143     86.531  83.712464     1.9770      7.942   241.6832 7.7213e+01     1.9235      1.292      1.874    23.3788 0.0000e+00
      1.316      0.010     0.0143      0.143     86.503  83.679785     1.9730      7.942   241.7472 7.7813e+01     1.8490      1.290      1.872    23.3755 0.0000e+00
      1.316      0.015     0.0139      0.151     86.489  83.661033     1.9732      7.942   241.8362 7.8577e+01     1.8100      1.289      1.869    23.3722 0.0000e+00
      1.320      0.023     0.0130      0.152     86.511  83.676418     1.9965      7.943   241.9845 7.9165e+01     1.8278      1.292      1.875    23.3691 0.0000e+00
      1.328      0.031     0.0120      0.140     86.515  83.675106     2.0465      7.943   241.9922 7.9256e+01     1.8935      1.301      1.888    23.3658 0.0000e+00
      1.338      0.037     0.0116      0.127     86.490  83.645163     2.0863      7.943   241.9288 7.9306e+01     1.9560      1.310      1.900    23.3624 0.0000e+00
      1.351      0.040     0.0132      0.134     86.482  83.632172     2.1031      7.943   241.8205 7.9808e+01     1.9676      1.324      1.920    23.3594 0.0000e+00
      1.366      0.040     0.0135      0.153     86.502  83.645149     2.1005      7.943   241.7151 7.9927e+01     1.9314      1.342      1.946    23.3562 0.0000e+00
      1.377      0.039     0.0121      0.162     86.538  83.674936     2.0883      7.943   241.6870 7.9889e+01     1.8596      1.352      1.961    23.3528 0.0000e+00
      1.383      0.037     0.0100      0.155     86.543  83.674504     2.0888      7.944   241.6529 8.0212e+01     1.8168      1.356      1.966    23.3499 0.0000e+00
      1.388      0.033     0.0108      0.143     86.513  83.639915     2.0903      7.945   241.6459 8.0597e+01     1.8578      1.360      1.972    23.3467 0.0000e+00
      1.398      0.031     0.0136      0.139     86.517  83.638093     2.0972      7.946   241.6890 8.1050e+01     1.9123      1.370      1.987    23.3432 0.0000e+00
      1.409      0.032     0.0145      0.146     86.538  83.652459     2.1231      7.946   241.6579 8.1434e+01     1.9288      1.385      2.007    23.3402 0.0000e+00
      1.415      0.034     0.0135      0.141     86.513  83.622921     2.1451      7.946   241.6141 8.2121e+01     1.9205      1.389      2.014    23.3370 0.0000e+00
      1.420      0.035     0.0121      0.123     86.494  83.598746     2.1553      7.947   241.6752 8.3111e+01     1.9148      1.390      2.016    23.3339 0.0000e+00
      1.430      0.037     0.0110      0.116     86.515  83.614404     2.1552      7.948   241.7946 8.4136e+01     1.8931      1.400      2.032    23.3308 0.0000e+00
      1.443      0.040     0.0131      0.117     86.528  83.621546     2.1437      7.949   241.8539 8.5050e+01     1.8290      1.417      2.056    23.3275 0.0000e+00
      1.453      0.044     0.0128      0.120     86.534  83.621527     2.1314      7.949   241.7895 8.5411e+01     1.7893      1.426      2.069    23.3244 0.0000e+00
      1.461      0.047     0.0097      0.139     86.532  83.614176     2.1323      7.949   241.7049 8.5470e+01     1.8227      1.430      2.075    23.3209 0.0000e+00
      1.476      0.048     0.0096      0.160     86.518  83.596216     2.1546      7.949   241.6906 8.5763e+01     1.8916      1.447      2.098    23.3178 0.0000e+00
      1.492      0.049     0.0105      0.162     86.523  83.595053     2.2011      7.948   241.7889 8.6099e+01     1.9387      1.465      2.124    23.3149 0.0000e+00
      1.504      0.053     0.0094      0.161     86.534  83.600101     2.2538      7.948   241.8607 8.5714e+01     1.9139      1.476      2.139    23.3117 0.0000e+00
      1.515      0.058     0.0114      0.162     86.533  83.593681     2.2748      7.948   241.7847 8.5349e+01     1.8315      1.484      2.153    23.3086 0.0000e+00
      1.527      0.060     0.0151      0.155     86.525  83.580978     2.2728      7.949   241.8163 8.5778e+01     1.7967      1.496      2.170    23.3054 0.0000e+00
      1.544      0.060     0.0133      0.138     86.524  83.573627     2.3376      7.949   241.9849 8.5464e+01     1.8349      1.512      2.192    23.3024 0.0000e+00
      1.565      0.057     0.0137      0.127     86.524  83.568352     2.4751      7.949   242.1025 8.4059e+01     1.8833      1.535      2.227    23.2991 0.0000e+00
      1.585      0.052     0.0140      0.129     86.542  83.580750     2.5541      7.948   242.2050 8.3815e+01     1.9036      1.558      2.259    23.2958 0.0000e+00
      1.599      0.044     0.0137      0.127     86.564  83.596399     2.5605      7.948   242.2782 8.4161e+01     1.9097      1.570      2.276    23.2930 0.0000e+00
      1.606      0.037     0.0116      0.123     86.539  83.566864     2.5686      7.948   242.3852 8.3219e+01     1.8879      1.576      2.286    23.2897 0.0000e+00
      1.609      0.033     0.0098      0.126     86.518  83.541450     2.5858      7.947   242.5518 8.3065e+01     1.8112      1.578      2.289    23.2866 0.0000e+00
      1.611      0.034     0.0118      0.139     86.526  83.543355     2.5939      7.947   242.6585 8.3859e+01     1.7677      1.578      2.288    23.2835 0.0000e+00
      1.618      0.039     0.0106      0.154     86.514  83.526323     2.5912      7.947   242.6428 8.3685e+01     1.8065      1.585      2.297    23.2801 0.0000e+00
      1.630      0.046     0.0104      0.155     86.519  83.526200     2.6027      7.946   242.5348 8.3490e+01     1.8699      1.599      2.319    23.2771 0.0000e+00
      1.645      0.053     0.0105      0.156     86.541  83.541856     2.6253      7.946   242.5573 8.3636e+01     1.8854      1.611      2.337    23.2740 0.0000e+00
      1.663      0.058     0.0113      0.156     86.529  83.524929     2.6309      7.946   242.7423 8.3759e+01     1.8578      1.629      2.363    23.2708 0.0000e+00
      1.682      0.062     0.0144      0.140     86.521  83.512208     2.6290      7.946   242.8780 8.4100e+01     1.8775      1.653      2.398    23.2677 0.0000e+00
      1.695      0.066     0.0129      0.131     86.530  83.515164     2.6363      7.945   242.9940 8.4202e+01     1.9188      1.663      2.412    23.2648 0.0000e+00
      1.707      0.068     0.0129      0.145     86.517  83.497092     2.6443      7.944   243.1120 8.3930e+01     1.9124      1.671      2.422    23.2617 0.0000e+00
      1.725      0.067     0.0146      0.156     86.509  83.484381     2.6505      7.943   243.1007 8.3341e+01     1.9032      1.691      2.452    23.2586 0.0000e+00
      1.746      0.064     0.0114      0.145     86.519  83.488586     2.6692      7.943   243.1148 8.2786e+01     1.9092      1.713      2.484    23.2554 0.0000e+00
      1.768      0.059     0.0100      0.130     86.520  83.484370     2.6878      7.943   243.1966 8.2633e+01     1.8836      1.734      2.517    23.2523 0.0000e+00
      1.786      0.053     0.0126      0.134     86.539  83.496959     2.6756      7.943   243.2297 8.2191e+01     1.8668      1.757      2.548    23.2492 0.0000e+00
      1.795      0.044     0.0143      0.141     86.562  83.513668     2.6462      7.943   243.3422 8.1374e+01     1.8765      1.763      2.557    23.2461 0.0000e+00
      1.800      0.034     0.0127      0.139     86.549  83.495699     2.6243      7.943   243.4390 8.0894e+01     1.8305      1.762      2.556    23.2431 0.0000e+00
      1.806      0.027     0.0100      0.143     86.528  83.470381     2.6108      7.943   243.4535 8.0886e+01     1.7884      1.771      2.569    23.2399 0.0000e+00
      1.814      0.025     0.0113      0.142     86.525  83.461781     2.6069      7.943   243.5174 8.0485e+01     1.8117      1.781      2.583    23.2369 0.0000e+00
