Data/DataNotYetUploadedToEDI/Raw_CTD/RawDownloads/051722_bvr01_0002.cnv
* Sea-Bird SBE19plus  Data File:
* FileName = C:\R\Reservoirs\Data\DataNotYetUploadedToEDI\Raw_CTD\RawDownloads\051722_bvr01_0002.hex
* Software version 2.8.0.119
* Temperature SN = 7809
* Conductivity SN = 7809
* System UpLoad Time = May 24 2022 16:13:37
* <ApplicationData>
* <Seaterm232>
# nquan = 15
# nvalues = 1603                        
# units = specified
# name 0 = depFM: Depth [fresh water, m]
# name 1 = dz/dtM: Descent Rate [m/s]
# name 2 = sbeox0Mg/L: Oxygen, SBE 43 [mg/l]
# name 3 = sbeox0PS: Oxygen, SBE 43 [% saturation]
# name 4 = specc: Specific Conductance [uS/cm]
# name 5 = c0uS/cm: Conductivity [uS/cm]
# name 6 = flECO-AFL: Fluorescence, WET Labs ECO-AFL/FL [mg/m^3]
# name 7 = ph: pH
# name 8 = orp: Oxidation Reduction Potential [mV]
# name 9 = par/sat/log: PAR/Logarithmic, Satlantic
# name 10 = turbWETntu0: Turbidity, WET Labs ECO [NTU]
# name 11 = prdM: Pressure, Strain Gauge [db]
# name 12 = prdE: Pressure, Strain Gauge [psi]
# name 13 = tv290C: Temperature [ITS-90, deg C]
# name 14 = flag:  0.000e+00
# span 0 =     -0.757,      9.531       
# span 1 =     -0.620,      0.162       
# span 2 =     0.0016,     0.0331       
# span 3 =      0.026,      0.307       
# span 4 =     85.604,     87.297       
# span 5 =  64.543074,  85.483565       
# span 6 =    -1.5568,     9.2861       
# span 7 =      3.604,      8.055       
# span 8 = -1240.7455,   914.2121       
# span 9 = 2.5578e-01, 2.5910e+03       
# span 10 =    -0.7934,    12.3943      
# span 11 =     -0.742,      9.347      
# span 12 =     -1.077,     13.556      
# span 13 =    12.4132,    23.9557      
# span 14 = 0.0000e+00, 0.0000e+00      
# interval = seconds: 0.25
# start_time = May 17 2022 10:17:36 [Instrument's time stamp, header]
# bad_flag = -9.990e-29
*END*
[from data line 675]
      4.776      0.045     0.0178      0.238     86.354  80.520658     7.8230      7.270   300.5554 1.4075e+01     2.5590      4.681      6.790    21.6578 0.0000e+00
      4.791      0.051     0.0187      0.236     86.377  80.524530     7.9998      7.268   300.8060 1.3828e+01     2.6182      4.697      6.812    21.6480 0.0000e+00
      4.811      0.054     0.0223      0.226     86.389  80.517787     8.0133      7.265   301.0086 1.3602e+01     2.6000      4.720      6.846    21.6379 0.0000e+00
      4.827      0.055     0.0211      0.217     86.392  80.502653     8.0601      7.262   301.1988 1.3490e+01     2.5450      4.736      6.870    21.6273 0.0000e+00
      4.839      0.054     0.0208      0.218     86.375  80.468624     8.1494      7.258   301.2125 1.3387e+01     2.5335      4.745      6.881    21.6173 0.0000e+00
      4.851      0.052     0.0212      0.222     86.346  80.424082     8.2033      7.255   301.0889 1.3221e+01     2.5633      4.757      6.899    21.6071 0.0000e+00
      4.862      0.050     0.0199      0.227     86.348  80.408938     8.2124      7.252   300.9946 1.3086e+01     2.6322      4.770      6.917    21.5967 0.0000e+00
      4.873      0.050     0.0184      0.229     86.372  80.412593     8.1927      7.248   300.9327 1.2950e+01     2.6836      4.777      6.929    21.5866 0.0000e+00
      4.888      0.049     0.0194      0.229     86.383  80.404693     8.1565      7.244   300.8563 1.2756e+01     2.6373      4.792      6.951    21.5761 0.0000e+00
      4.903      0.048     0.0195      0.229     86.373  80.376947     8.1405      7.242   300.8463 1.2567e+01     2.5517      4.810      6.976    21.5655 0.0000e+00
      4.916      0.047     0.0201      0.217     86.343  80.331301     8.1412      7.238   300.8968 1.2445e+01     2.5025      4.822      6.994    21.5556 0.0000e+00
      4.927      0.044     0.0206      0.202     86.326  80.297628     8.1316      7.233   300.9518 1.2382e+01     2.4859      4.833      7.009    21.5452 0.0000e+00
      4.936      0.039     0.0195      0.200     86.334  80.287540     8.0495      7.230   301.0800 1.2278e+01     2.4876      4.839      7.019    21.5343 0.0000e+00
      4.945      0.036     0.0212      0.220     86.339  80.272865     7.9140      7.228   301.1563 1.2133e+01     2.5235      4.849      7.032    21.5241 0.0000e+00
      4.955      0.035     0.0189      0.232     86.331  80.247268     7.8505      7.225   301.1006 1.2048e+01     2.5784      4.862      7.051    21.5136 0.0000e+00
      4.962      0.035     0.0177      0.222     86.334  80.232228     7.8390      7.220   301.1809 1.1988e+01     2.5694      4.868      7.060    21.5030 0.0000e+00
      4.969      0.034     0.0164      0.220     86.339  80.218093     7.7994      7.215   301.4380 1.1888e+01     2.4495      4.871      7.064    21.4928 0.0000e+00
      4.979      0.032     0.0196      0.227     86.343  80.203430     7.7473      7.211   301.7141 1.1776e+01     2.2897      4.882      7.081    21.4820 0.0000e+00
      4.989      0.030     0.0223      0.233     86.340  80.182021     7.7250      7.208   301.8523 1.1678e+01     2.2434      4.894      7.097    21.4713 0.0000e+00
      4.999      0.028     0.0183      0.231     86.326  80.149875     7.7287      7.205   301.7322 1.1617e+01     2.2991      4.903      7.111    21.4609 0.0000e+00
      5.004      0.025     0.0193      0.213     86.327  80.132483     7.7423      7.201   301.6387 1.1597e+01     2.3827      4.908      7.118    21.4503 0.0000e+00
      5.007      0.021     0.0202      0.200     86.310  80.098805     7.7640      7.198   301.7543 1.1557e+01     2.4691      4.909      7.119    21.4396 0.0000e+00
      5.012      0.018     0.0205      0.206     86.289  80.060405     7.7755      7.194   301.8394 1.1481e+01     2.4893      4.914      7.128    21.4287 0.0000e+00
      5.017      0.018     0.0216      0.211     86.297  80.049470     7.7810      7.190   301.8926 1.1435e+01     2.4904      4.922      7.138    21.4181 0.0000e+00
      5.020      0.019     0.0186      0.208     86.297  80.030120     7.8724      7.186   302.0538 1.1413e+01     2.5159      4.923      7.141    21.4073 0.0000e+00
      5.024      0.020     0.0163      0.202     86.303  80.017069     8.0402      7.183   302.2405 1.1357e+01     2.5250      4.925      7.143    21.3964 0.0000e+00
      5.030      0.021     0.0191      0.195     86.326  80.018745     8.1289      7.180   302.3431 1.1287e+01     2.5328      4.933      7.154    21.3858 0.0000e+00
      5.037      0.023     0.0185      0.190     86.312  79.986810     8.1459      7.177   302.4337 1.1237e+01     2.5755      4.940      7.166    21.3749 0.0000e+00
      5.042      0.025     0.0187      0.186     86.291  79.948661     8.1207      7.174   302.7327 1.1176e+01     2.5970      4.943      7.170    21.3639 0.0000e+00
      5.048      0.027     0.0180      0.183     86.301  79.938773     8.0486      7.171   303.1192 1.1101e+01     2.5534      4.950      7.180    21.3530 0.0000e+00
      5.056      0.029     0.0169      0.177     86.312  79.930779     8.0069      7.168   303.4067 1.1022e+01     2.4924      4.958      7.192    21.3420 0.0000e+00
      5.064      0.029     0.0173      0.190     86.316  79.915532     7.9914      7.165   303.7151 1.0932e+01     2.4744      4.965      7.201    21.3309 0.0000e+00
      5.072      0.028     0.0156      0.217     86.301  79.881493     7.8613      7.161   303.9223 1.0847e+01     2.5744      4.974      7.214    21.3200 0.0000e+00
      5.081      0.027     0.0173      0.220     86.273  79.836943     7.6240      7.157   304.0185 1.0774e+01     2.7460      4.983      7.227    21.3091 0.0000e+00
      5.088      0.024     0.0146      0.205     86.277  79.821694     7.5026      7.154   304.2764 1.0719e+01     2.8410      4.992      7.239    21.2979 0.0000e+00
      5.093      0.021     0.0157      0.202     86.301  79.824198     7.5004      7.151   304.5453 1.0680e+01     2.8683      4.994      7.244    21.2869 0.0000e+00
      5.096      0.017     0.0209      0.220     86.300  79.803636     7.4805      7.147   304.6891 1.0623e+01     2.8715      4.996      7.246    21.2758 0.0000e+00
      5.101      0.013     0.0200      0.231     86.278  79.763706     7.3370      7.144   304.8970 1.0565e+01     2.8452      5.002      7.255    21.2646 0.0000e+00
      5.105      0.011     0.0180      0.230     86.254  79.722683     7.0960      7.141   305.1660 1.0547e+01     2.8244      5.007      7.262    21.2536 0.0000e+00
      5.107      0.011     0.0166      0.230     86.239  79.688905     6.9645      7.138   305.2736 1.0537e+01     2.8248      5.008      7.263    21.2421 0.0000e+00
      5.108      0.012     0.0201      0.229     86.243  79.673022     6.9451      7.136   305.2514 1.0534e+01     2.7816      5.009      7.265    21.2308 0.0000e+00
      5.108      0.014     0.0213      0.228     86.248  79.657717     6.9199      7.133   305.3283 1.0538e+01     2.7464      5.010      7.266    21.2199 0.0000e+00
      5.110      0.017     0.0198      0.224     86.240  79.630918     6.8853      7.131   305.4293 1.0487e+01     2.8090      5.009      7.265    21.2086 0.0000e+00
      5.116      0.021     0.0208      0.222     86.231  79.603170     6.8597      7.129   305.4395 1.0391e+01     2.8207      5.017      7.275    21.1973 0.0000e+00
      5.125      0.027     0.0201      0.228     86.223  79.576387     6.8339      7.126   305.3660 1.0313e+01     2.7515      5.028      7.292    21.1861 0.0000e+00
      5.132      0.033     0.0204      0.229     86.228  79.561253     6.6989      7.124   305.3154 1.0249e+01     2.7581      5.034      7.300    21.1745 0.0000e+00
      5.139      0.038     0.0201      0.226     86.234  79.547255     6.4671      7.121   305.2578 1.0150e+01     2.8320      5.038      7.306    21.1631 0.0000e+00
      5.150      0.041     0.0189      0.228     86.241  79.534214     6.3536      7.117   305.1853 1.0021e+01     2.8587      5.050      7.324    21.1521 0.0000e+00
      5.163      0.041     0.0208      0.233     86.259  79.530634     6.3505      7.113   305.2983 9.8946e+00     2.8430      5.064      7.344    21.1409 0.0000e+00
      5.177      0.040     0.0205      0.242     86.252  79.503945     6.3048      7.111   305.5054 9.7704e+00     2.8477      5.076      7.363    21.1292 0.0000e+00
      5.188      0.037     0.0195      0.247     86.232  79.465689     6.2173      7.107   305.6247 9.6818e+00     2.8814      5.089      7.381    21.1178 0.0000e+00
      5.196      0.031     0.0206      0.241     86.236  79.449348     6.1663      7.103   305.7090 9.6269e+00     2.9081      5.096      7.390    21.1066 0.0000e+00
      5.202      0.026     0.0203      0.235     86.240  79.433442     6.1548      7.101   305.9219 9.5588e+00     2.8972      5.101      7.398    21.0949 0.0000e+00
      5.207      0.021     0.0215      0.228     86.226  79.400446     6.1768      7.099   306.1336 9.5058e+00     2.8522      5.109      7.409    21.0833 0.0000e+00
      5.212      0.021     0.0228      0.212     86.212  79.368113     6.2332      7.096   306.2038 9.4955e+00     2.8080      5.113      7.415    21.0719 0.0000e+00
      5.215      0.023     0.0210      0.199     86.226  79.360218     6.2794      7.093   306.2552 9.4945e+00     2.8068      5.115      7.418    21.0602 0.0000e+00
      5.217      0.027     0.0208      0.197     86.256  79.368508     6.3023      7.089   306.3251 9.4244e+00     2.8368      5.114      7.419    21.0487 0.0000e+00
      5.225      0.031     0.0212      0.202     86.249  79.341228     6.3110      7.085   306.3603 9.2903e+00     2.8299      5.121      7.428    21.0373 0.0000e+00
      5.237      0.035     0.0185      0.212     86.209  79.284543     6.3184      7.083   306.4229 9.1915e+00     2.7915      5.138      7.451    21.0253 0.0000e+00
      5.249      0.039     0.0174      0.223     86.198  79.255032     6.3240      7.080   306.4795 9.1243e+00     2.7829      5.149      7.468    21.0137 0.0000e+00
      5.259      0.040     0.0173      0.233     86.203  79.238582     6.3121      7.077   306.4421 9.0457e+00     2.7936      5.157      7.480    21.0023 0.0000e+00
      5.269      0.039     0.0178      0.237     86.197  79.212712     6.1588      7.074   306.4007 8.9742e+00     2.8524      5.168      7.496    20.9905 0.0000e+00
      5.279      0.035     0.0191      0.240     86.201  79.196413     5.8769      7.072   306.3231 8.9050e+00     2.9130      5.177      7.509    20.9787 0.0000e+00
      5.289      0.031     0.0197      0.247     86.194  79.168578     5.7249      7.069   306.1060 8.8252e+00     2.8782      5.187      7.523    20.9672 0.0000e+00
      5.298      0.027     0.0211      0.247     86.174  79.130326     5.7105      7.066   305.9266 8.7862e+00     2.8076      5.198      7.540    20.9553 0.0000e+00
      5.303      0.022     0.0212      0.236     86.179  79.115174     5.7026      7.064   306.0473 8.7921e+00     2.7760      5.202      7.545    20.9434 0.0000e+00
      5.306      0.018     0.0212      0.223     86.199  79.112444     5.6551      7.061   306.1894 8.7789e+00     2.7691      5.202      7.545    20.9319 0.0000e+00
      5.310      0.014     0.0222      0.217     86.205  79.097292     5.5766      7.057   306.1815 8.7568e+00     2.7930      5.208      7.553    20.9199 0.0000e+00
      5.314      0.013     0.0227      0.213     86.185  79.059030     5.5450      7.054   306.2958 8.7460e+00     2.8600      5.212      7.559    20.9081 0.0000e+00
      5.316      0.015     0.0212      0.211     86.176  79.031083     5.5559      7.051   306.4533 8.7343e+00     2.8959      5.212      7.560    20.8966 0.0000e+00
      5.318      0.018     0.0195      0.212     86.179  79.013543     5.6494      7.048   306.4504 8.7311e+00     2.8863      5.216      7.564    20.8849 0.0000e+00
      5.321      0.021     0.0196      0.211     86.159  78.974029     5.8184      7.045   306.3467 8.7170e+00     2.8806      5.218      7.567    20.8728 0.0000e+00
      5.328      0.023     0.0187      0.212     86.138  78.934571     5.9104      7.041   306.3182 8.6455e+00     2.8946      5.222      7.575    20.8609 0.0000e+00
      5.338      0.023     0.0188      0.221     86.143  78.917711     5.9294      7.038   306.3637 8.5518e+00     2.9196      5.235      7.593    20.8493 0.0000e+00
      5.347      0.022     0.0191      0.225     86.143  78.897250     5.9982      7.034   306.3811 8.5211e+00     2.9100      5.247      7.609    20.8375 0.0000e+00
      5.352      0.020     0.0188      0.219     86.144  78.877796     6.1171      7.031   306.4417 8.5246e+00     2.8801      5.249      7.613    20.8253 0.0000e+00
      5.354      0.017     0.0184      0.222     86.162  78.873102     6.1773      7.027   306.5804 8.4936e+00     2.9001      5.249      7.614    20.8135 0.0000e+00
      5.357      0.016     0.0198      0.237     86.148  78.840477     6.1766      7.025   306.5959 8.4643e+00     2.9122      5.254      7.621    20.8015 0.0000e+00
      5.360      0.018     0.0208      0.249     86.128  78.801028     6.2081      7.022   306.4565 8.4685e+00     2.8553      5.257      7.625    20.7892 0.0000e+00
      5.362      0.020     0.0191      0.256     86.125  78.777386     6.2840      7.020   306.3585 8.4405e+00     2.7931      5.256      7.624    20.7776 0.0000e+00
      5.368      0.022     0.0195      0.261     86.113  78.745224     6.3370      7.017   306.1846 8.3361e+00     2.8083      5.262      7.631    20.7656 0.0000e+00
      5.380      0.025     0.0214      0.259     86.119  78.729868     6.3408      7.014   305.6449 8.2399e+00     2.8691      5.277      7.653    20.7533 0.0000e+00
      5.389      0.030     0.0226      0.246     86.129  78.718787     6.3638      7.011   304.8230 8.2291e+00     2.9126      5.288      7.670    20.7416 0.0000e+00
      5.391      0.037     0.0227      0.235     86.104  78.674760     6.4313      7.006   304.1625 8.2321e+00     2.9596      5.287      7.668    20.7293 0.0000e+00
      5.396      0.047     0.0238      0.234     86.091  78.642338     6.4664      7.003   303.7682 8.1584e+00     2.9586      5.288      7.669    20.7171 0.0000e+00
      5.407      0.058     0.0238      0.247     86.116  78.644483     6.4554      7.000   303.3251 8.0250e+00     2.9351      5.301      7.688    20.7053 0.0000e+00
      5.425      0.071     0.0219      0.261     86.131  78.637105     6.4481      6.996   302.4191 7.8630e+00     2.9490      5.318      7.713    20.6933 0.0000e+00
      5.448      0.082     0.0210      0.260     86.131  78.616659     6.4529      6.993   301.0734 7.6608e+00     2.9555      5.341      7.746    20.6810 0.0000e+00
      5.477      0.087     0.0203      0.257     86.122  78.587874     6.4544      6.991   299.8744 7.4519e+00     2.9797      5.372      7.791    20.6690 0.0000e+00
      5.503      0.086     0.0220      0.268     86.097  78.543232     6.4505      6.988   298.9340 7.2786e+00     3.0372      5.398      7.831    20.6574 0.0000e+00
      5.526      0.079     0.0244      0.273     86.096  78.521689     6.4391      6.985   298.1345 7.1327e+00     3.0357      5.420      7.861    20.6449 0.0000e+00
      5.546      0.068     0.0234      0.254     86.115  78.517999     6.2916      6.982   297.6075 7.0171e+00     2.9957      5.440      7.892    20.6326 0.0000e+00
      5.562      0.054     0.0221      0.239     86.118  78.498593     6.0160      6.978   297.2951 6.9538e+00     3.0312      5.456      7.914    20.6207 0.0000e+00
      5.573      0.040     0.0241      0.229     86.118  78.477659     5.8614      6.975   297.0248 6.9309e+00     3.1235      5.466      7.928    20.6084 0.0000e+00
      5.581      0.027     0.0262      0.215     86.117  78.455498     5.8447      6.972   296.4908 6.9150e+00     3.1886      5.474      7.940    20.5960 0.0000e+00
      5.586      0.017     0.0223      0.218     86.102  78.421254     5.7645      6.968   295.4839 6.9088e+00     3.2042      5.479      7.946    20.5840 0.0000e+00
