Data/DataNotYetUploadedToEDI/Raw_CTD/RawDownloads/051925_bvr50_S8188002.cnv
* Sea-Bird SBE19plus  Data File:
* FileName = C:\R\Reservoirs\Data\DataNotYetUploadedToEDI\Raw_CTD\RawDownloads\051925_bvr50_S8188_0002.hex
* Software version 2.8.0.119
* Temperature SN = 8188
* Conductivity SN = 8188
* System UpLoad Time = May 29 2025 15:48:18
* <ApplicationData>
* <Seaterm232>
# nquan = 16
# nvalues = 1240                        
# units = specified
# name 0 = depFM: Depth [fresh water, m]
# name 1 = dz/dtM: Descent Rate [m/s]
# name 2 = sbeox0Mg/L: Oxygen, SBE 43 [mg/l]
# name 3 = sbeox0PS: Oxygen, SBE 43 [% saturation]
# name 4 = specc: Specific Conductance [uS/cm]
# name 5 = c0uS/cm: Conductivity [uS/cm]
# name 6 = wetCDOM: Fluorescence, WET Labs CDOM [mg/m^3]
# name 7 = flECO-AFL: Fluorescence, WET Labs ECO-AFL/FL [mg/m^3]
# name 8 = flECO-AFL1: Fluorescence, WET Labs ECO-AFL/FL, 2 [mg/m^3]
# name 9 = flECO-AFL2: Fluorescence, WET Labs ECO-AFL/FL, 3 [mg/m^3]
# name 10 = par/sat/log: PAR/Logarithmic, Satlantic
# name 11 = turbWETntu0: Turbidity, WET Labs ECO [NTU]
# name 12 = prdM: Pressure, Strain Gauge [db]
# name 13 = prdE: Pressure, Strain Gauge [psi]
# name 14 = tv290C: Temperature [ITS-90, deg C]
# name 15 = flag:  0.000e+00
# span 0 =     -0.726,      6.426       
# span 1 =     -0.253,      0.139       
# span 2 =    -1.4751,     9.4876       
# span 3 =    -15.186,    105.298       
# span 4 =   -701.745,    105.593       
# span 5 =-508.839654,  76.281601       
# span 6 =    -4.5000,    37.6200       
# span 7 =     0.5051,   245.1606       
# span 8 =    -2.1300,     3.1098       
# span 9 =    -2.0304,    12.0132       
# span 10 = 1.1585e-01, 2.2641e+03      
# span 11 =     1.8960,   971.0793      
# span 12 =     -0.711,      6.301      
# span 13 =     -1.032,      9.139      
# span 14 =    11.1182,    22.4851      
# span 15 = 0.0000e+00, 0.0000e+00      
# interval = seconds: 0.25
# start_time = May 19 2025 10:39:01 [Instrument's time stamp, header]
# bad_flag = -9.990e-29
*END*
[from data line 995]
      4.944     -0.102     0.0524      0.437     76.151  56.356951    34.6500     0.8789     0.1278     1.2267 1.2634e-01     4.9173      4.849      7.032    11.9451 0.0000e+00
      4.915     -0.106     0.0518      0.423     76.030  56.283855    34.6500     0.8675     0.1278     1.2267 1.2008e-01     4.8267      4.820      6.990    11.9582 0.0000e+00
      4.885     -0.108     0.0506      0.417     75.943  56.232982    34.6500     0.8522     0.1278     1.2267 1.4706e-01     4.9626      4.790      6.948    11.9734 0.0000e+00
      4.856     -0.108     0.0490      0.421     75.821  56.154871    34.2000     0.8789     0.1704     1.1421 1.6487e-01     4.9022      4.762      6.907    11.9882 0.0000e+00
      4.829     -0.109     0.0471      0.433     75.579  55.988809    34.2000     0.8713     0.1704     1.1421 1.3547e-01     4.8720      4.736      6.869    12.0008 0.0000e+00
      4.804     -0.111     0.0456      0.447     75.304  55.804178    34.2000     0.8942     0.1704     1.1421 1.3923e-01     4.9626      4.711      6.833    12.0112 0.0000e+00
      4.778     -0.114     0.0449      0.458     75.157  55.717257    34.2000     0.8675     0.1704     1.1421 1.3721e-01     4.8569      4.686      6.796    12.0203 0.0000e+00
      4.750     -0.118     0.0453      0.466     75.139  55.722815    34.4700     0.8789     0.1278     1.2690 1.7502e-01     4.9626      4.658      6.756    12.0283 0.0000e+00
      4.717     -0.120     0.0466      0.471     75.139  55.734597    34.4700     0.9514     0.1278     1.2690 1.6693e-01     4.9626      4.626      6.710    12.0373 0.0000e+00
      4.683     -0.120     0.0481      0.473     75.115  55.721844    34.4700     0.9285     0.1278     1.2690 1.9927e-01     4.9022      4.593      6.661    12.0498 0.0000e+00
      4.648     -0.116     0.0493      0.475     75.098  55.711067    34.4700     0.9590     0.1278     1.2690 1.7495e-01     4.8720      4.559      6.612    12.0647 0.0000e+00
      4.617     -0.108     0.0501      0.478     75.103  55.713352    34.2900     0.9514     0.1704     1.2690 2.7426e-01     4.8720      4.528      6.567    12.0772 0.0000e+00
      4.591     -0.098     0.0506      0.483     75.109  55.715349    34.2900     0.9514     0.1704     1.2690 2.3454e-01     4.9626      4.502      6.530    12.0848 0.0000e+00
      4.569     -0.088     0.0509      0.488     75.107  55.711606    34.2900     0.9400     0.1704     1.2690 2.3485e-01     5.0381      4.481      6.499    12.0884 0.0000e+00
      4.551     -0.080     0.0511      0.496     75.089  55.697139    34.2900     0.9590     0.1704     1.2690 2.1553e-01     4.9626      4.463      6.473    12.0893 0.0000e+00
      4.533     -0.077     0.0514      0.505     75.039  55.660113    34.2900     0.9590     0.1704     1.2690 2.0237e-01     4.9475      4.446      6.448    12.0885 0.0000e+00
      4.516     -0.079     0.0519      0.510     74.930  55.582677    34.6500     0.9018     0.1278     1.3113 2.2296e-01     5.3856      4.429      6.424    12.0870 0.0000e+00
      4.498     -0.084     0.0525      0.506     74.773  55.474092    34.6500     0.8866     0.1278     1.3113 2.2306e-01     5.3252      4.411      6.397    12.0855 0.0000e+00
      4.477     -0.091     0.0533      0.497     74.610  55.365228    34.6500     0.8942     0.1278     1.3113 2.2613e-01     5.2496      4.390      6.367    12.0845 0.0000e+00
      4.452     -0.097     0.0543      0.486     74.445  55.256965    34.6500     0.8789     0.1278     1.3113 2.5501e-01     5.3856      4.366      6.332    12.0847 0.0000e+00
      4.424     -0.102     0.0548      0.474     74.268  55.140375    34.5600     0.8789     0.1704     1.3959 3.1042e-01     6.3675      4.338      6.292    12.0870 0.0000e+00
      4.394     -0.103     0.0544      0.463     74.070  55.008296    34.5600     0.8713     0.1704     1.3959 3.1388e-01     6.3977      4.309      6.250    12.0922 0.0000e+00
      4.365     -0.102     0.0534      0.449     73.839  54.851430    34.5600     0.8827     0.1704     1.3959 3.6649e-01     6.4279      4.281      6.209    12.1002 0.0000e+00
      4.339     -0.099     0.0522      0.437     73.617  54.701727    34.5600     0.8942     0.1704     1.3959 3.3671e-01     6.3826      4.255      6.171    12.1099 0.0000e+00
      4.316     -0.096     0.0509      0.433     73.465  54.605007    34.4700     0.8942     0.1704     1.2267 3.4246e-01     5.1590      4.232      6.138    12.1200 0.0000e+00
      4.295     -0.096     0.0497      0.435     73.387  54.561403    34.4700     0.8751     0.1704     1.2267 3.3722e-01     5.0684      4.212      6.108    12.1299 0.0000e+00
      4.273     -0.099     0.0482      0.438     73.369  54.559287    34.4700     0.9056     0.1704     1.2267 3.3083e-01     5.1590      4.190      6.077    12.1399 0.0000e+00
      4.249     -0.106     0.0469      0.440     73.379  54.576162    34.4700     0.8942     0.1704     1.2267 3.3715e-01     5.2345      4.167      6.044    12.1505 0.0000e+00
      4.222     -0.113     0.0464      0.442     73.354  54.564683    34.6500     0.8637     0.1704     1.3959 3.5908e-01     5.0986      4.140      6.005    12.1613 0.0000e+00
      4.190     -0.119     0.0467      0.445     73.263  54.503843    34.6500     0.8713     0.1704     1.3959 3.9109e-01     5.0986      4.109      5.960    12.1710 0.0000e+00
      4.155     -0.121     0.0470      0.449     73.116  54.403342    34.6500     0.8866     0.1704     1.3959 4.6625e-01     5.1288      4.075      5.910    12.1789 0.0000e+00
      4.120     -0.119     0.0473      0.457     72.948  54.288222    34.6500     0.8827     0.1704     1.3959 5.4238e-01     5.1590      4.041      5.860    12.1851 0.0000e+00
      4.088     -0.113     0.0475      0.467     72.809  54.195580    34.6500     0.9362     0.1704     1.3959 5.4569e-01     5.3856      4.009      5.814    12.1900 0.0000e+00
      4.060     -0.104     0.0477      0.475     72.709  54.130622    34.5600     0.9514     0.1278     1.2690 5.5853e-01     5.3856      3.981      5.774    12.1947 0.0000e+00
      4.036     -0.094     0.0482      0.482     72.619  54.072039    34.5600     0.9514     0.1278     1.2690 5.1493e-01     5.3856      3.958      5.741    12.2005 0.0000e+00
      4.016     -0.087     0.0490      0.484     72.558  54.034117    34.5600     0.9629     0.1278     1.2690 5.4522e-01     5.4158      3.938      5.712    12.2075 0.0000e+00
      3.997     -0.083     0.0500      0.488     72.544  54.030672    34.5600     0.8751     0.1278     1.2690 5.3118e-01     5.1137      3.920      5.685    12.2147 0.0000e+00
      3.979     -0.083     0.0510      0.493     72.539  54.032869    35.0100     0.8827     0.1704     1.3959 5.0903e-01     5.1892      3.902      5.659    12.2211 0.0000e+00
      3.958     -0.085     0.0516      0.492     72.522  54.025345    35.0100     0.8827     0.1704     1.3959 5.2796e-01     5.2194      3.882      5.630    12.2270 0.0000e+00
      3.936     -0.086     0.0519      0.483     72.513  54.022043    35.0100     0.8713     0.1704     1.3959 5.6943e-01     5.0986      3.859      5.598    12.2325 0.0000e+00
      3.911     -0.085     0.0522      0.472     72.510  54.022084    35.0100     0.9476     0.1704     1.3959 6.6689e-01     5.2345      3.835      5.562    12.2372 0.0000e+00
      3.886     -0.083     0.0528      0.462     72.491  54.009528    34.8300     0.9705     0.1704     1.4382 7.5613e-01     5.1288      3.811      5.527    12.2411 0.0000e+00
      3.864     -0.080     0.0527      0.454     72.450  53.981024    34.8300     0.9552     0.1704     1.4382 7.2602e-01     5.1288      3.789      5.496    12.2446 0.0000e+00
      3.846     -0.076     0.0518      0.448     72.383  53.934956    34.8300     0.9590     0.1704     1.4382 6.8943e-01     5.0835      3.771      5.470    12.2472 0.0000e+00
      3.829     -0.074     0.0506      0.443     72.288  53.871001    34.8300     0.9514     0.1704     1.4382 6.8272e-01     5.5216      3.755      5.447    12.2486 0.0000e+00
      3.814     -0.076     0.0495      0.443     72.190  53.806001    35.3700     0.9514     0.1704     1.6497 6.8168e-01     5.4913      3.740      5.424    12.2496 0.0000e+00
      3.796     -0.082     0.0487      0.446     72.093  53.744558    35.3700     0.9362     0.1704     1.6497 6.4986e-01     5.3705      3.723      5.400    12.2512 0.0000e+00
      3.776     -0.091     0.0480      0.451     71.986  53.678261    35.3700     0.9362     0.1704     1.6497 6.9334e-01     5.4007      3.703      5.371    12.2541 0.0000e+00
      3.752     -0.100     0.0475      0.456     71.869  53.605385    35.3700     0.9438     0.1704     1.6497 6.8450e-01     4.9022      3.680      5.337    12.2584 0.0000e+00
      3.724     -0.108     0.0474      0.460     71.732  53.518460    35.3700     0.9705     0.1704     1.6497 8.2354e-01     4.8871      3.652      5.297    12.2642 0.0000e+00
      3.692     -0.112     0.0478      0.463     71.573  53.416238    35.1900     0.9667     0.1704     1.5228 9.2507e-01     4.8267      3.620      5.251    12.2717 0.0000e+00
      3.659     -0.112     0.0483      0.464     71.402  53.307352    35.1900     0.9476     0.1704     1.5228 1.1264e+00     4.9324      3.588      5.204    12.2808 0.0000e+00
      3.628     -0.107     0.0488      0.467     71.234  53.200649    35.1900     0.9705     0.1704     1.5228 1.1764e+00     5.4158      3.558      5.160    12.2909 0.0000e+00
      3.601     -0.101     0.0492      0.475     71.070  53.099578    35.1900     0.9400     0.1704     1.5228 1.1526e+00     5.4611      3.531      5.121    12.3016 0.0000e+00
      3.578     -0.094     0.0495      0.483     70.926  53.015070    35.3700     0.9514     0.1704     1.5228 1.1327e+00     5.3705      3.509      5.089    12.3133 0.0000e+00
      3.557     -0.089     0.0496      0.485     70.828  52.964468    35.3700     0.9514     0.1704     1.5228 1.1511e+00     5.4007      3.488      5.060    12.3261 0.0000e+00
      3.538     -0.087     0.0499      0.476     70.747  52.922317    35.3700     0.9362     0.1704     1.5228 1.1459e+00     5.6575      3.469      5.032    12.3397 0.0000e+00
      3.518     -0.089     0.0507      0.460     70.638  52.855444    35.3700     0.9705     0.1704     1.5228 1.1142e+00     5.5367      3.449      5.003    12.3545 0.0000e+00
      3.495     -0.091     0.0515      0.443     70.515  52.775924    35.3700     0.9438     0.1704     1.7343 1.1736e+00     5.7784      3.428      4.971    12.3708 0.0000e+00
      3.470     -0.093     0.0517      0.428     70.371  52.680496    35.3700     0.9438     0.1704     1.7343 1.3411e+00     5.6877      3.403      4.936    12.3869 0.0000e+00
      3.443     -0.094     0.0508      0.416     70.210  52.573621    35.3700     1.0163     0.1704     1.7343 1.5506e+00     5.8086      3.376      4.897    12.3999 0.0000e+00
      3.417     -0.093     0.0491      0.411     70.101  52.506551    35.3700     1.0163     0.1704     1.7343 1.6500e+00     5.8841      3.351      4.860    12.4098 0.0000e+00
      3.393     -0.092     0.0472      0.417     70.041  52.477352    35.3700     1.0010     0.1704     1.7343 1.5975e+00     6.0050      3.328      4.826    12.4188 0.0000e+00
      3.372     -0.091     0.0456      0.431     69.970  52.438361    35.1900     1.0315     0.1704     1.5228 1.5156e+00     5.8539      3.307      4.796    12.4279 0.0000e+00
      3.352     -0.092     0.0443      0.446     69.859  52.369215    35.1900     0.9514     0.1704     1.5228 1.5009e+00     5.5971      3.287      4.768    12.4375 0.0000e+00
      3.331     -0.097     0.0439      0.459     69.748  52.299324    35.1900     0.9362     0.1704     1.5228 1.5445e+00     5.7330      3.266      4.738    12.4481 0.0000e+00
      3.307     -0.103     0.0445      0.466     69.698  52.275845    35.1900     0.9438     0.1704     1.5228 1.5957e+00     5.6877      3.243      4.703    12.4591 0.0000e+00
      3.279     -0.109     0.0459      0.465     69.693  52.284545    35.6400     0.9438     0.1704     1.6920 1.6973e+00     5.5669      3.215      4.664    12.4694 0.0000e+00
      3.247     -0.113     0.0476      0.455     69.678  52.281885    35.6400     0.9590     0.1704     1.6920 1.9706e+00     6.3524      3.185      4.619    12.4790 0.0000e+00
      3.215     -0.113     0.0489      0.444     69.643  52.263171    35.6400     0.9705     0.1704     1.6920 2.2587e+00     6.3826      3.152      4.572    12.4887 0.0000e+00
      3.183     -0.109     0.0497      0.435     69.596  52.235373    35.6400     0.9514     0.1704     1.6920 2.5755e+00     6.2467      3.121      4.527    12.4988 0.0000e+00
      3.154     -0.103     0.0495      0.428     69.517  52.183106    35.4600     0.9476     0.1704     1.6497 2.5471e+00     6.3373      3.093      4.487    12.5075 0.0000e+00
      3.130     -0.095     0.0485      0.425     69.425  52.122336    35.4600     1.0010     0.1704     1.6497 2.4718e+00     6.2013      3.070      4.452    12.5139 0.0000e+00
      3.109     -0.089     0.0473      0.426     69.363  52.086703    35.4600     1.0277     0.1704     1.6497 2.4751e+00     6.1107      3.049      4.422    12.5192 0.0000e+00
      3.090     -0.087     0.0463      0.428     69.325  52.068700    35.4600     1.0124     0.1704     1.6497 2.4245e+00     6.0050      3.030      4.395    12.5243 0.0000e+00
      3.070     -0.089     0.0456      0.436     69.271  52.037607    35.9100     1.0201     0.1704     1.7343 2.3978e+00     6.1409      3.011      4.367    12.5295 0.0000e+00
      3.049     -0.094     0.0453      0.448     69.175  51.975164    35.9100     0.9819     0.1704     1.7343 2.3575e+00     6.6243      2.990      4.337    12.5358 0.0000e+00
      3.026     -0.101     0.0454      0.456     69.045  51.886652    35.9100     0.9285     0.1704     1.7343 2.4940e+00     6.5639      2.967      4.303    12.5432 0.0000e+00
      2.998     -0.108     0.0456      0.464     68.883  51.776379    35.9100     0.9400     0.1704     1.7343 2.8400e+00     6.5337      2.940      4.264    12.5510 0.0000e+00
      2.966     -0.112     0.0464      0.473     68.683  51.640858    35.9100     0.9857     0.1704     1.7343 3.4036e+00     6.5639      2.909      4.219    12.5582 0.0000e+00
      2.934     -0.114     0.0477      0.482     68.435  51.473858    35.7300     1.0124     0.1704     1.6497 3.8818e+00     6.8207      2.877      4.173    12.5649 0.0000e+00
      2.903     -0.114     0.0486      0.490     68.153  51.284675    35.7300     1.0163     0.1704     1.6497 4.0095e+00     6.8056      2.847      4.130    12.5719 0.0000e+00
      2.875     -0.114     0.0494      0.493     67.814  51.056755    35.7300     1.0124     0.1704     1.6497 3.8582e+00     6.8811      2.820      4.090    12.5804 0.0000e+00
      2.849     -0.114     0.0503      0.490     67.350  50.741281    35.7300     0.9934     0.1704     1.6497 3.7614e+00     6.8811      2.794      4.052    12.5914 0.0000e+00
      2.822     -0.116     0.0513      0.480     66.753  50.333873    36.3600     0.9934     0.1704     2.1150 3.8315e+00     6.5035      2.768      4.014    12.6055 0.0000e+00
      2.793     -0.118     0.0520      0.463     66.050  49.857472    36.3600     0.9323     0.1704     2.1150 4.1550e+00     6.3675      2.739      3.973    12.6230 0.0000e+00
      2.761     -0.119     0.0524      0.446     65.226  49.298673    36.3600     0.9476     0.1704     2.1150 4.8219e+00     6.3524      2.708      3.927    12.6438 0.0000e+00
      2.728     -0.117     0.0520      0.433     64.172  48.576245    36.3600     0.9705     0.1704     2.1150 5.6865e+00     6.3826      2.675      3.880    12.6695 0.0000e+00
      2.695     -0.113     0.0509      0.424     62.878  47.688913    36.2700     0.9285     0.1704     2.3265 6.4897e+00     6.3373      2.643      3.833    12.7026 0.0000e+00
