Data/DataNotYetUploadedToEDI/Raw_CTD/RawDownloads/051925_bvr50_S8188002.cnv
* Sea-Bird SBE19plus  Data File:
* FileName = C:\R\Reservoirs\Data\DataNotYetUploadedToEDI\Raw_CTD\RawDownloads\051925_bvr50_S8188_0002.hex
* Software version 2.8.0.119
* Temperature SN = 8188
* Conductivity SN = 8188
* System UpLoad Time = May 29 2025 15:48:18
* <ApplicationData>
* <Seaterm232>
# nquan = 16
# nvalues = 1240                        
# units = specified
# name 0 = depFM: Depth [fresh water, m]
# name 1 = dz/dtM: Descent Rate [m/s]
# name 2 = sbeox0Mg/L: Oxygen, SBE 43 [mg/l]
# name 3 = sbeox0PS: Oxygen, SBE 43 [% saturation]
# name 4 = specc: Specific Conductance [uS/cm]
# name 5 = c0uS/cm: Conductivity [uS/cm]
# name 6 = wetCDOM: Fluorescence, WET Labs CDOM [mg/m^3]
# name 7 = flECO-AFL: Fluorescence, WET Labs ECO-AFL/FL [mg/m^3]
# name 8 = flECO-AFL1: Fluorescence, WET Labs ECO-AFL/FL, 2 [mg/m^3]
# name 9 = flECO-AFL2: Fluorescence, WET Labs ECO-AFL/FL, 3 [mg/m^3]
# name 10 = par/sat/log: PAR/Logarithmic, Satlantic
# name 11 = turbWETntu0: Turbidity, WET Labs ECO [NTU]
# name 12 = prdM: Pressure, Strain Gauge [db]
# name 13 = prdE: Pressure, Strain Gauge [psi]
# name 14 = tv290C: Temperature [ITS-90, deg C]
# name 15 = flag:  0.000e+00
# span 0 =     -0.726,      6.426       
# span 1 =     -0.253,      0.139       
# span 2 =    -1.4751,     9.4876       
# span 3 =    -15.186,    105.298       
# span 4 =   -701.745,    105.593       
# span 5 =-508.839654,  76.281601       
# span 6 =    -4.5000,    37.6200       
# span 7 =     0.5051,   245.1606       
# span 8 =    -2.1300,     3.1098       
# span 9 =    -2.0304,    12.0132       
# span 10 = 1.1585e-01, 2.2641e+03      
# span 11 =     1.8960,   971.0793      
# span 12 =     -0.711,      6.301      
# span 13 =     -1.032,      9.139      
# span 14 =    11.1182,    22.4851      
# span 15 = 0.0000e+00, 0.0000e+00      
# interval = seconds: 0.25
# start_time = May 19 2025 10:39:01 [Instrument's time stamp, header]
# bad_flag = -9.990e-29
*END*
[from data line 633]
      4.053      0.039     0.0629      0.558     66.615  50.550324    35.5500     1.0010     0.1704     1.8612 4.1247e-01     5.8690      3.974      5.765    12.9458 0.0000e+00
      4.063      0.039     0.0613      0.560     66.794  50.673968    35.5500     1.0277     0.1704     1.8612 3.9305e-01     5.8237      3.984      5.779    12.9486 0.0000e+00
      4.073      0.039     0.0599      0.571     66.982  50.801378    35.4600     0.9934     0.1704     1.9458 4.1472e-01     5.9143      3.994      5.793    12.9486 0.0000e+00
      4.083      0.040     0.0591      0.584     67.153  50.912702    35.4600     1.0163     0.1704     1.9458 3.7568e-01     5.9294      4.004      5.807    12.9456 0.0000e+00
      4.093      0.040     0.0588      0.597     67.312  51.013700    35.4600     1.0048     0.1704     1.9458 3.9691e-01     6.3373      4.014      5.821    12.9393 0.0000e+00
      4.103      0.041     0.0591      0.607     67.466  51.109376    35.4600     1.0277     0.1704     1.9458 3.7978e-01     6.3977      4.024      5.836    12.9300 0.0000e+00
      4.113      0.041     0.0602      0.610     67.604  51.191351    36.0900     0.9934     0.1704     1.6497 3.6292e-01     6.3675      4.034      5.851    12.9183 0.0000e+00
      4.124      0.042     0.0617      0.604     67.715  51.253572    36.0900     1.0010     0.1704     1.6497 3.5900e-01     6.3977      4.044      5.866    12.9051 0.0000e+00
      4.135      0.042     0.0630      0.594     67.812  51.308643    36.0900     1.0163     0.1704     1.6497 3.6840e-01     5.9143      4.055      5.881    12.8908 0.0000e+00
      4.146      0.042     0.0641      0.586     67.911  51.371248    36.0900     1.0353     0.1704     1.6497 3.6025e-01     5.8690      4.066      5.897    12.8752 0.0000e+00
      4.156      0.043     0.0645      0.582     68.005  51.434157    36.4500     0.9934     0.1704     1.7343 3.5105e-01     5.8086      4.076      5.912    12.8585 0.0000e+00
      4.167      0.043     0.0638      0.581     68.094  51.494211    36.4500     1.0086     0.1704     1.7343 3.4291e-01     5.8388      4.087      5.927    12.8420 0.0000e+00
      4.178      0.043     0.0628      0.581     68.193  51.557455    36.4500     0.9590     0.1704     1.7343 3.3722e-01     5.6424      4.097      5.942    12.8284 0.0000e+00
      4.189      0.044     0.0620      0.583     68.303  51.624805    36.4500     0.9285     0.1704     1.7343 3.3394e-01     5.6877      4.108      5.958    12.8193 0.0000e+00
      4.200      0.044     0.0616      0.589     68.406  51.684313    36.4500     0.9094     0.1704     1.7766 3.1525e-01     5.6877      4.119      5.974    12.8136 0.0000e+00
      4.211      0.044     0.0615      0.594     68.474  51.715962    36.4500     0.9247     0.1704     1.7766 3.1307e-01     5.6273      4.130      5.990    12.8079 0.0000e+00
      4.223      0.044     0.0616      0.595     68.510  51.724203    36.4500     0.9896     0.1704     1.7766 3.3722e-01     5.8690      4.141      6.006    12.7995 0.0000e+00
      4.234      0.043     0.0618      0.593     68.545  51.735157    36.4500     0.9781     0.1704     1.7766 3.0647e-01     5.8841      4.152      6.022    12.7880 0.0000e+00
      4.245      0.042     0.0623      0.588     68.592  51.759718    36.4500     1.0010     0.1704     1.7766 3.0620e-01     5.8539      4.163      6.038    12.7745 0.0000e+00
      4.256      0.040     0.0629      0.580     68.640  51.788487    36.6300     1.0239     0.1278     1.7766 2.7828e-01     5.8086      4.173      6.053    12.7602 0.0000e+00
      4.266      0.038     0.0631      0.570     68.656  51.797235    36.6300     1.0277     0.1278     1.7766 2.9819e-01     5.4007      4.183      6.067    12.7464 0.0000e+00
      4.275      0.037     0.0629      0.558     68.634  51.780321    36.6300     0.9934     0.1278     1.7766 3.1320e-01     5.3403      4.192      6.080    12.7351 0.0000e+00
      4.284      0.035     0.0624      0.543     68.606  51.761147    36.6300     1.0010     0.1278     1.7766 3.0680e-01     5.3705      4.201      6.093    12.7270 0.0000e+00
      4.293      0.034     0.0615      0.534     68.578  51.742574    36.3600     1.0010     0.1704     1.8612 3.0402e-01     5.4913      4.210      6.106    12.7218 0.0000e+00
      4.301      0.034     0.0604      0.532     68.549  51.723636    36.3600     1.0163     0.1704     1.8612 2.6819e-01     5.3252      4.218      6.117    12.7193 0.0000e+00
      4.309      0.033     0.0591      0.534     68.553  51.727197    36.3600     1.0086     0.1704     1.8612 2.7438e-01     5.4158      4.226      6.129    12.7191 0.0000e+00
      4.318      0.033     0.0576      0.542     68.605  51.762181    36.3600     0.9819     0.1704     1.8612 2.4985e-01     5.4007      4.234      6.141    12.7203 0.0000e+00
      4.326      0.034     0.0566      0.555     68.682  51.810005    36.0900     1.0010     0.1278     1.6074 2.8016e-01     5.3403      4.243      6.154    12.7222 0.0000e+00
      4.335      0.034     0.0564      0.566     68.747  51.843548    36.0900     1.0163     0.1278     1.6074 2.6454e-01     5.4158      4.251      6.166    12.7244 0.0000e+00
      4.344      0.033     0.0566      0.571     68.772  51.843842    36.0900     0.9590     0.1278     1.6074 2.4443e-01     5.4007      4.260      6.178    12.7249 0.0000e+00
      4.352      0.033     0.0574      0.572     68.751  51.810962    36.0900     0.9438     0.1278     1.6074 2.6767e-01     5.3705      4.268      6.190    12.7217 0.0000e+00
      4.361      0.032     0.0588      0.570     68.713  51.768041    36.0900     0.9323     0.1278     1.6074 2.5987e-01     5.4158      4.276      6.202    12.7143 0.0000e+00
      4.369      0.030     0.0600      0.566     68.687  51.739518    36.4500     0.9514     0.1278     1.6920 2.4453e-01     5.4007      4.284      6.214    12.7030 0.0000e+00
      4.376      0.029     0.0606      0.563     68.666  51.721776    36.4500     0.9514     0.1278     1.6920 2.4326e-01     5.1892      4.292      6.225    12.6896 0.0000e+00
      4.384      0.027     0.0607      0.563     68.626  51.698119    36.4500     0.9629     0.1278     1.6920 2.4152e-01     5.2043      4.299      6.235    12.6769 0.0000e+00
      4.390      0.026     0.0605      0.565     68.577  51.674203    36.4500     0.9476     0.1278     1.6920 2.4437e-01     5.1439      4.305      6.244    12.6667 0.0000e+00
      4.396      0.025     0.0601      0.566     68.548  51.667575    36.2700     0.9476     0.1278     1.8612 2.4758e-01     5.1590      4.311      6.253    12.6601 0.0000e+00
      4.402      0.025     0.0597      0.566     68.549  51.676468    36.2700     0.9934     0.1278     1.8612 2.6169e-01     5.1892      4.317      6.261    12.6585 0.0000e+00
      4.408      0.025     0.0597      0.565     68.565  51.687307    36.2700     1.0163     0.1278     1.8612 2.6807e-01     5.1590      4.323      6.270    12.6632 0.0000e+00
      4.415      0.025     0.0600      0.564     68.584  51.691018    36.2700     1.0315     0.1278     1.8612 2.0462e-01     5.1892      4.329      6.279    12.6731 0.0000e+00
      4.421      0.025     0.0601      0.564     68.587  51.676628    36.1800     1.0010     0.1704     1.6497 2.1637e-01     5.1741      4.335      6.288    12.6839 0.0000e+00
      4.427      0.025     0.0600      0.566     68.588  51.658242    36.1800     1.0010     0.1704     1.6497 2.4453e-01     5.2950      4.341      6.297    12.6902 0.0000e+00
      4.434      0.026     0.0599      0.569     68.634  51.668838    36.1800     0.9743     0.1704     1.6497 2.4368e-01     5.1892      4.348      6.306    12.6890 0.0000e+00
      4.440      0.026     0.0598      0.574     68.703  51.693296    36.1800     0.9972     0.1704     1.6497 2.3829e-01     5.1741      4.354      6.315    12.6813 0.0000e+00
      4.447      0.025     0.0598      0.579     68.775  51.720195    36.3600     1.0163     0.1704     1.7766 2.4416e-01     5.0381      4.361      6.325    12.6696 0.0000e+00
      4.453      0.025     0.0601      0.581     68.870  51.768667    36.3600     0.9934     0.1704     1.7766 2.0250e-01     5.2950      4.367      6.334    12.6553 0.0000e+00
      4.460      0.025     0.0604      0.579     68.962  51.819739    36.3600     1.0010     0.1704     1.7766 2.0785e-01     5.0986      4.374      6.343    12.6378 0.0000e+00
      4.466      0.024     0.0610      0.577     69.005  51.839179    36.3600     0.9934     0.1704     1.7766 1.8992e-01     5.1590      4.380      6.352    12.6179 0.0000e+00
      4.472      0.023     0.0615      0.576     69.001  51.828185    36.3600     0.9896     0.1704     1.7766 2.3246e-01     5.1741      4.386      6.361    12.5984 0.0000e+00
      4.478      0.022     0.0618      0.575     68.990  51.815723    36.1800     0.9934     0.1704     1.8189 2.1122e-01     5.1892      4.392      6.369    12.5816 0.0000e+00
      4.484      0.022     0.0617      0.576     68.982  51.806447    36.1800     0.9857     0.1704     1.8189 2.2845e-01     5.1288      4.397      6.377    12.5684 0.0000e+00
      4.489      0.022     0.0615      0.573     68.955  51.781931    36.1800     1.0010     0.1704     1.8189 1.9030e-01     5.1892      4.402      6.384    12.5589 0.0000e+00
      4.494      0.022     0.0613      0.571     68.939  51.763551    36.1800     0.9934     0.1704     1.8189 2.1964e-01     5.1590      4.407      6.392    12.5531 0.0000e+00
      4.500      0.023     0.0612      0.572     68.958  51.770330    35.6400     0.9857     0.2130     1.8189 1.9271e-01     5.1288      4.412      6.400    12.5500 0.0000e+00
      4.505      0.024     0.0612      0.571     68.983  51.780151    35.6400     1.0086     0.2130     1.8189 2.2850e-01     5.2496      4.418      6.408    12.5477 0.0000e+00
      4.511      0.025     0.0610      0.565     69.001  51.783670    35.6400     1.0277     0.2130     1.8189 2.3767e-01     5.1590      4.424      6.416    12.5445 0.0000e+00
      4.518      0.027     0.0608      0.556     69.012  51.781826    35.6400     0.9819     0.2130     1.8189 2.0232e-01     5.1288      4.430      6.426    12.5401 0.0000e+00
      4.525      0.029     0.0609      0.545     69.026  51.782101    35.7300     1.0124     0.1704     1.7343 1.8455e-01     5.4158      4.437      6.436    12.5344 0.0000e+00
      4.533      0.031     0.0608      0.532     69.058  51.796530    35.7300     1.0201     0.1704     1.7343 1.7721e-01     5.3403      4.445      6.447    12.5280 0.0000e+00
      4.541      0.032     0.0602      0.524     69.089  51.809023    35.7300     0.9705     0.1704     1.7343 1.9021e-01     5.3554      4.453      6.459    12.5210 0.0000e+00
      4.550      0.033     0.0592      0.520     69.100  51.806961    35.7300     1.0010     0.1704     1.7343 1.9909e-01     5.3856      4.462      6.471    12.5136 0.0000e+00
      4.559      0.034     0.0580      0.519     69.107  51.801757    35.2800     0.9362     0.1704     1.8189 1.6426e-01     5.2194      4.470      6.483    12.5063 0.0000e+00
      4.567      0.035     0.0567      0.520     69.140  51.815948    35.2800     0.9590     0.1704     1.8189 1.7212e-01     5.1892      4.479      6.496    12.4989 0.0000e+00
      4.576      0.035     0.0558      0.525     69.199  51.851322    35.2800     0.9285     0.1704     1.8189 1.5824e-01     5.2496      4.488      6.509    12.4913 0.0000e+00
      4.585      0.035     0.0554      0.530     69.227  51.865477    35.2800     0.9400     0.1704     1.8189 1.6703e-01     5.1892      4.496      6.521    12.4838 0.0000e+00
      4.594      0.035     0.0553      0.535     69.219  51.854211    35.2800     0.9247     0.1704     1.8189 1.8000e-01     5.2345      4.505      6.534    12.4763 0.0000e+00
      4.603      0.035     0.0555      0.541     69.225  51.854394    35.5500     0.9590     0.1278     1.6920 1.7902e-01     5.2496      4.514      6.547    12.4688 0.0000e+00
      4.612      0.034     0.0559      0.543     69.244  51.864083    35.5500     0.9247     0.1278     1.6920 1.9154e-01     5.1590      4.523      6.560    12.4622 0.0000e+00
      4.621      0.034     0.0565      0.542     69.253  51.865924    35.5500     0.9667     0.1278     1.6920 1.4729e-01     5.1741      4.532      6.573    12.4573 0.0000e+00
      4.630      0.033     0.0571      0.538     69.252  51.860406    35.5500     0.9590     0.1278     1.6920 1.6923e-01     5.2798      4.540      6.585    12.4537 0.0000e+00
      4.638      0.032     0.0577      0.532     69.238  51.846059    35.1000     0.9171     0.1704     1.7766 1.6147e-01     5.1741      4.548      6.597    12.4504 0.0000e+00
      4.646      0.030     0.0579      0.524     69.230  51.838992    35.1000     0.9514     0.1704     1.7766 1.5263e-01     5.0986      4.556      6.608    12.4472 0.0000e+00
      4.654      0.029     0.0578      0.517     69.268  51.869222    35.1000     0.9438     0.1704     1.7766 1.6066e-01     5.1892      4.563      6.619    12.4437 0.0000e+00
      4.661      0.028     0.0573      0.514     69.322  51.914903    35.1000     0.9438     0.1704     1.7766 1.9013e-01     4.6756      4.570      6.629    12.4401 0.0000e+00
      4.668      0.026     0.0567      0.514     69.350  51.942363    35.1900     0.9094     0.1278     1.6497 1.4384e-01     4.5698      4.577      6.639    12.4375 0.0000e+00
      4.674      0.025     0.0559      0.518     69.352  51.950948    35.1900     0.9018     0.1278     1.6497 1.5197e-01     4.7058      4.583      6.648    12.4367 0.0000e+00
      4.680      0.024     0.0551      0.524     69.349  51.954911    35.1900     0.9362     0.1278     1.6497 1.7044e-01     4.7209      4.589      6.657    12.4381 0.0000e+00
      4.686      0.024     0.0547      0.531     69.364  51.971259    35.1900     0.9400     0.1278     1.6497 1.4309e-01     4.6454      4.595      6.665    12.4415 0.0000e+00
      4.692      0.024     0.0548      0.536     69.385  51.990396    35.1900     0.9590     0.1278     1.6497 1.6380e-01     4.6152      4.601      6.673    12.4461 0.0000e+00
      4.698      0.024     0.0551      0.535     69.398  51.999481    35.0100     0.9362     0.1704     1.6497 1.4873e-01     4.7360      4.607      6.682    12.4512 0.0000e+00
      4.704      0.023     0.0558      0.530     69.408  52.002931    35.0100     0.9590     0.1704     1.6497 1.3745e-01     4.7209      4.613      6.690    12.4559 0.0000e+00
      4.710      0.023     0.0566      0.524     69.413  51.999671    35.0100     0.9514     0.1704     1.6497 1.6729e-01     4.9022      4.619      6.699    12.4598 0.0000e+00
      4.716      0.023     0.0571      0.517     69.414  51.992820    35.0100     0.9209     0.1704     1.6497 1.4716e-01     4.9324      4.625      6.708    12.4618 0.0000e+00
      4.722      0.023     0.0571      0.509     69.436  52.002481    34.5600     0.9285     0.1704     1.6920 1.4011e-01     4.8418      4.631      6.716    12.4613 0.0000e+00
      4.728      0.022     0.0565      0.503     69.488  52.035218    34.5600     0.9552     0.1704     1.6920 1.5293e-01     4.9324      4.636      6.725    12.4584 0.0000e+00
      4.733      0.022     0.0559      0.504     69.558  52.079824    34.5600     0.9514     0.1704     1.6920 1.2753e-01     4.4792      4.642      6.732    12.4537 0.0000e+00
      4.738      0.023     0.0552      0.514     69.654  52.138224    34.5600     0.9476     0.1704     1.6920 1.4396e-01     4.4490      4.647      6.739    12.4484 0.0000e+00
      4.744      0.024     0.0543      0.525     69.776  52.210043    35.1000     0.9362     0.1278     1.7766 1.4406e-01     4.4490      4.652      6.747    12.4438 0.0000e+00
      4.750      0.025     0.0536      0.536     69.882  52.264585    35.1000     0.9362     0.1278     1.7766 1.4896e-01     4.4490      4.658      6.756    12.4393 0.0000e+00
      4.757      0.027     0.0538      0.548     69.922  52.270538    35.1000     0.9896     0.1278     1.7766 1.3221e-01     5.0533      4.665      6.766    12.4335 0.0000e+00
