Data/DataNotYetUploadedToEDI/Raw_CTD/RawDownloads/051925_fcr10_S7809002.cnv
* Sea-Bird SBE19plus  Data File:
* FileName = C:\R\Reservoirs\Data\DataNotYetUploadedToEDI\Raw_CTD\RawDownloads\051925_fcr50_S7809_0002.hex
* Software version 2.8.0.119
* Temperature SN = 7809
* Conductivity SN = 7809
* System UpLoad Time = May 27 2025 14:01:10
* <ApplicationData>
* <Seaterm232>
# nquan = 15
# nvalues = 687                         
# units = specified
# name 0 = depFM: Depth [fresh water, m]
# name 1 = dz/dtM: Descent Rate [m/s]
# name 2 = sbeox0Mg/L: Oxygen, SBE 43 [mg/l]
# name 3 = sbeox0PS: Oxygen, SBE 43 [% saturation]
# name 4 = specc: Specific Conductance [uS/cm]
# name 5 = c0uS/cm: Conductivity [uS/cm]
# name 6 = flECO-AFL: Fluorescence, WET Labs ECO-AFL/FL [mg/m^3]
# name 7 = ph: pH
# name 8 = orp: Oxidation Reduction Potential [mV]
# name 9 = par/sat/log: PAR/Logarithmic, Satlantic
# name 10 = turbWETntu0: Turbidity, WET Labs ECO [NTU]
# name 11 = prdM: Pressure, Strain Gauge [db]
# name 12 = prdE: Pressure, Strain Gauge [psi]
# name 13 = tv290C: Temperature [ITS-90, deg C]
# name 14 = flag:  0.000e+00
# span 0 =     -0.693,      2.396       
# span 1 =     -0.384,      0.290       
# span 2 =    -0.0225,    10.2875       
# span 3 =     -0.046,    114.312       
# span 4 =      0.917,     95.292       
# span 5 =   0.970912,  78.437904       
# span 6 =    -1.3674,    33.0874       
# span 7 =     -1.988,     12.508       
# span 8 = -1240.7455,   409.1841       
# span 9 = 1.3248e+01, 1.1334e+03       
# span 10 =    -1.4010,    66.2795      
# span 11 =     -0.679,      2.351      
# span 12 =     -0.986,      3.410      
# span 13 =    16.0660,    28.0186      
# span 14 = 0.0000e+00, 0.0000e+00      
# interval = seconds: 0.25
# start_time = May 19 2025 13:19:20 [Instrument's time stamp, header]
# bad_flag = -9.990e-29
*END*
     -0.691 -7.910e-17     6.9008     88.391      0.991   1.050684    -0.0134     -1.986 -1240.7455 3.4697e+02    -0.0091     -0.678     -0.983    28.0120 0.0000e+00
     -0.691 -8.691e-16     6.9056     88.448      0.967   1.025443    -0.0156     -1.986 -1240.7455 3.4700e+02    -0.0398     -0.678     -0.983    28.0119 0.0000e+00
     -0.691 -9.560e-15     6.9126     88.498      0.956   1.012774    -0.0216     -1.986 -1240.7455 3.4684e+02    -0.0922     -0.678     -0.983    28.0116 0.0000e+00
     -0.691 -1.052e-13     6.9141     88.518      0.966   1.024185    -0.0031     -1.986 -1240.7455 3.4606e+02    -0.0620     -0.678     -0.983    28.0115 0.0000e+00
     -0.691 -1.157e-12     6.9159     88.528      0.978   1.036739    -0.0088     -1.986 -1240.7455 3.4542e+02    -0.0504     -0.678     -0.983    28.0116 0.0000e+00
     -0.691 -1.272e-11     6.9219     88.548      0.979   1.037879    -0.0323     -1.986 -1240.7455 3.4519e+02    -0.1225     -0.678     -0.983    28.0115 0.0000e+00
     -0.692 -1.400e-10     6.9267     88.573      0.979   1.037972    -0.0203     -1.986 -1240.7455 3.4517e+02    -0.1136     -0.679     -0.985    28.0115 0.0000e+00
     -0.692 -1.540e-09     6.9273     88.589      0.979   1.037868     0.0029     -1.986 -1240.7455 3.4544e+02    -0.0801     -0.679     -0.984    28.0114 0.0000e+00
     -0.692 -1.694e-08     6.9271     88.594      0.978   1.036623    -0.0087     -1.986 -1240.7455 3.4522e+02    -0.1611     -0.678     -0.984    28.0115 0.0000e+00
     -0.692 -1.863e-07     6.9293     88.601      0.965   1.022918    -0.0368     -1.986 -1240.7455 3.4450e+02    -0.1710     -0.679     -0.984    28.0115 0.0000e+00
     -0.692 -1.863e-07     6.9316     88.627      0.942   0.998829    -0.0374     -1.986 -1240.7455 3.4403e+02     0.0735     -0.679     -0.984    28.0116 0.0000e+00
     -0.692 -1.693e-08     6.9332     88.653      0.942   0.998724    -0.0243     -1.986 -1240.7455 3.4367e+02     1.9411     -0.678     -0.984    28.0115 0.0000e+00
     -0.692 -1.539e-09     6.9330     88.663      0.963   1.021652    -0.0115     -1.986 -1240.7455 3.4314e+02     5.2960     -0.678     -0.984    28.0120 0.0000e+00
     -0.692 -1.400e-10     6.9324     88.681      0.964   1.022689     0.0006     -1.986 -1240.7455 3.4290e+02     7.1615     -0.679     -0.985    28.0122 0.0000e+00
     -0.692 -1.272e-11     6.9352     88.712      0.954   1.011267     0.0150     -1.986 -1240.7455 3.4271e+02     7.4172     -0.679     -0.984    28.0122 0.0000e+00
     -0.692 -1.157e-12     6.9387     88.727      0.953   1.010229     0.0201     -1.986 -1240.7455 3.5080e+02     7.7040     -0.679     -0.984    28.0124 0.0000e+00
     -0.692 -1.052e-13     6.9376     88.734      0.953   1.010135    -0.0126     -1.986 -1240.7455 4.7341e+02     8.1352     -0.679     -0.984    28.0127 0.0000e+00
     -0.692 -9.560e-15     6.9388     88.760      0.953   1.010126    -0.0385     -1.986 -1240.7455 6.5497e+02     8.4292     -0.678     -0.984    28.0133 0.0000e+00
     -0.692 -8.690e-16     6.9428     88.780      0.953   1.010126    -0.0270     -1.986 -1240.7455 6.1025e+02     8.5265     -0.678     -0.984    28.0137 0.0000e+00
     -0.692 -7.900e-17     6.9436     88.774      0.953   1.010135    -0.0075     -1.986 -1240.7455 4.3550e+02     8.4919     -0.679     -0.985    28.0143 0.0000e+00
     -0.692 -7.180e-18     6.9420     88.769      0.953   1.010239     0.0061     -1.986 -1240.7455 4.0701e+02     8.4548     -0.679     -0.984    28.0153 0.0000e+00
     -0.692 -6.530e-19     6.9457     88.784      0.954   1.011381     0.0216     -1.986 -1240.7455 4.6276e+02     8.4877     -0.678     -0.984    28.0159 0.0000e+00
     -0.692 -5.935e-20     6.9484     88.809      0.966   1.023944     0.0466     -1.986 -1240.7455 4.8516e+02     8.4800     -0.679     -0.985    28.0162 0.0000e+00
     -0.692 -5.395e-21     6.9462     88.824      0.976   1.035461     0.0505     -1.986 -1240.7455 4.8700e+02     8.4635     -0.679     -0.985    28.0167 0.0000e+00
     -0.692 -4.905e-22     6.9451     88.814      0.965   1.023955     0.0433     -1.986 -1240.7455 4.8755e+02     8.4935     -0.679     -0.984    28.0171 0.0000e+00
     -0.692 -4.459e-23     6.9467     88.794      0.953   1.011495     0.0595     -1.986 -1240.7455 4.8773e+02     8.5016     -0.679     -0.985    28.0175 0.0000e+00
     -0.692 -4.054e-24     6.9495     88.822      0.953   1.011495     0.0556     -1.986 -1240.7455 4.9118e+02     8.3906     -0.678     -0.984    28.0179 0.0000e+00
     -0.692 -3.686e-25     6.9504     88.871      0.965   1.023955     0.0206     -1.986 -1240.7455 4.9666e+02     8.2441     -0.679     -0.984    28.0184 0.0000e+00
     -0.692 -3.351e-26     6.9509     88.888      0.976   1.035460     0.0027     -1.986 -1240.7455 4.9233e+02     8.2341     -0.678     -0.983    28.0186 0.0000e+00
     -0.692 -3.046e-27     6.9448     88.894      0.966   1.023934     0.0132     -1.986 -1240.7455 4.8078e+02     8.3368     -0.679     -0.984    28.0185 0.0000e+00
     -0.692 -2.769e-28     6.9492     88.899      0.954   1.011267     0.0320     -1.986 -1240.7455 4.8169e+02     8.4275     -0.678     -0.984    28.0184 0.0000e+00
     -0.692 -2.517e-29     6.9560     88.912      0.952   1.008983     0.0298     -1.986 -1240.7455 4.9772e+02     8.3743     -0.679     -0.984    28.0184 0.0000e+00
     -0.692 -2.289e-30     6.9543     88.932      0.940   0.996316     0.0194     -1.986 -1240.7455 5.1756e+02     8.3080     -0.679     -0.984    28.0184 0.0000e+00
     -0.692 -2.080e-31     6.9563     88.941      0.929   0.984790     0.0315     -1.986 -1240.7455 5.3592e+02     8.3781     -0.679     -0.984    28.0180 0.0000e+00
     -0.692 -1.885e-32     6.9556     88.956      0.940   0.996305     0.0348     -1.986 -1240.7455 5.6362e+02     8.4016     -0.678     -0.984    28.0175 0.0000e+00
     -0.692 -1.019e-33     6.9569     88.988      0.952   1.008870     0.0183     -1.986 -1240.7455 6.0183e+02     8.3189     -0.679     -0.984    28.0171 0.0000e+00
     -0.692 7.5516e-33     6.9597     89.008      0.953   1.010021     0.0224     -1.986 -1240.7455 5.9871e+02     8.3009     -0.679     -0.984    28.0164 0.0000e+00
     -0.692 8.4773e-32     6.9593     89.017      0.953   1.010229     0.0432     -1.986 -1240.7455 5.4707e+02     8.3546     -0.679     -0.984    28.0158 0.0000e+00
     -0.692 9.3265e-31     6.9596     89.026      0.954   1.011380     0.0367     -1.986 -1240.7455 5.3504e+02     8.3195     -0.679     -0.984    28.0151 0.0000e+00
     -0.692 1.0259e-29     6.9644     89.029      0.966   1.023943     0.0099     -1.986 -1240.7455 6.1306e+02     8.2863     -0.679     -0.985    28.0143 0.0000e+00
     -0.692 1.1285e-28     6.9655     89.042      0.977   1.035450     0.0023     -1.986 -1240.7455 7.0824e+02     8.3286     -0.678     -0.984    28.0132 0.0000e+00
     -0.692 1.2414e-27     6.9656     89.065      0.966   1.023830     0.0036     -1.986 -1240.7455 7.5110e+02     8.2502     -0.678     -0.984    28.0117 0.0000e+00
     -0.692 1.3655e-26     6.9678     89.085      0.953   1.010125     0.0009     -1.986 -1240.7455 7.0479e+02     8.0906     -0.679     -0.985    28.0106 0.0000e+00
     -0.692 1.5020e-25     6.9665     89.103      0.940   0.996420     0.0029     -1.986 -1240.7455 6.1759e+02     8.0384     -0.679     -0.985    28.0098 0.0000e+00
     -0.692 1.6523e-24     6.9679     89.112      0.929   0.984800     0.0101     -1.986 -1240.7455 5.7919e+02     8.0289     -0.678     -0.984    28.0082 0.0000e+00
     -0.692 1.8175e-23     6.9710     89.106      0.940   0.996306     0.0140     -1.986 -1240.7455 6.7900e+02     7.3605     -0.679     -0.984    28.0060 0.0000e+00
     -0.692 1.9992e-22     6.9720     89.101      0.952   1.008860    -0.0088     -1.987 -1240.7455 8.9567e+02     6.0365     -0.679     -0.985    28.0036 0.0000e+00
     -0.692 2.1991e-21     6.9746     89.102      0.953   1.009907    -0.0405     -1.987 -1240.7455 8.4592e+02     5.3773     -0.679     -0.985    28.0005 0.0000e+00
     -0.692 2.4191e-20     6.9761     89.096      0.952   1.008973    -0.0372     -1.987 -1240.7455 5.4385e+02     5.4363     -0.679     -0.984    27.9967 0.0000e+00
     -0.692 2.6610e-19     6.9753     89.093      0.941   0.997571    -0.0262     -1.987 -1240.7455 3.6738e+02     5.2476     -0.679     -0.985    27.9928 0.0000e+00
     -0.692 2.9271e-18     6.9748     89.100      0.942   0.998722    -0.0412     -1.987 -1240.7455 3.1648e+02     4.8033     -0.679     -0.985    27.9894 0.0000e+00
     -0.692 3.2198e-17     6.9764     89.113      0.965   1.022888    -0.0436     -1.987 -1240.7455 2.9233e+02     4.6074     -0.679     -0.985    27.9867 0.0000e+00
     -0.692 3.5418e-16     6.9756     89.136      0.978   1.036404    -0.0299     -1.987 -1240.7455 2.8235e+02     4.5871     -0.679     -0.985    27.9844 0.0000e+00
     -0.692 3.8959e-15     6.9749     89.161      0.977   1.035460    -0.0342     -1.987 -1240.7455 2.7703e+02     3.7715     -0.679     -0.985    27.9824 0.0000e+00
     -0.692 4.2855e-14     6.9768     89.178      0.954   1.011484    -0.0374     -1.987 -1240.7455 2.5794e+02     2.2611     -0.679     -0.985    27.9807 0.0000e+00
     -0.692 4.7141e-13     6.9766     89.188      0.944   0.999864    -0.0182     -1.987 -1240.7455 2.1287e+02     1.4931     -0.679     -0.985    27.9794 0.0000e+00
     -0.692 5.1855e-12     6.9799     89.201      0.964   1.021641    -0.0105     -1.987 -1240.7455 1.6110e+02     1.3858     -0.679     -0.985    27.9778 0.0000e+00
     -0.692 5.7040e-11     6.9820     89.211      0.964   1.021431    -0.0356     -1.987 -1240.7455 1.3513e+02     1.2026     -0.679     -0.984    27.9755 0.0000e+00
     -0.693 6.2744e-10     6.9836     89.203      0.942   0.997325    -0.0551     -1.988 -1240.7455 1.4196e+02     1.0200     -0.679     -0.985    27.9725 0.0000e+00
     -0.693 6.9019e-09     6.9849     89.188      0.929   0.983533    -0.0384     -1.988 -1240.7455 1.7104e+02     0.9887     -0.679     -0.985    27.9686 0.0000e+00
     -0.692 7.5921e-08     6.9859     89.172      0.927   0.981348    -0.0085     -1.988 -1240.7451 2.5837e+02     1.0973     -0.678     -0.984    27.9647 0.0000e+00
     -0.692 8.3513e-07     6.9887     89.165      0.917   0.970912    -0.0095     -1.988 -1240.7415 3.8326e+02     1.1709     -0.679     -0.985    27.9601 0.0000e+00
     -0.692      0.000     6.9872     89.172      0.929   0.984025    -0.0093     -1.988 -1240.7011 4.5167e+02     1.4011     -0.679     -0.984    27.9570 0.0000e+00
     -0.692      0.000     6.9867     89.172      1.076   1.139895     0.0273     -1.987 -1240.2566 4.9719e+02     1.8652     -0.679     -0.985    27.9538 0.0000e+00
     -0.692      0.001     6.9855     89.179      2.461   2.602169     0.0339     -1.981 -1235.3680 5.8183e+02     2.0681     -0.679     -0.985    27.9529 0.0000e+00
     -0.692      0.007     6.9840     89.213      7.258   7.642019     0.0451     -1.915 -1181.5934 6.8032e+02     2.0441     -0.678     -0.984    27.9507 0.0000e+00
     -0.692      0.024     6.9863     89.269     16.360  17.091748     0.4542     -1.156  -590.0728 7.6722e+02     2.6683     -0.679     -0.985    27.9535 0.0000e+00
     -0.692      0.054     6.9854     89.337     25.384  26.285672     1.2181      0.865   278.0750 8.4455e+02     3.8767     -0.678     -0.984    27.9499 0.0000e+00
     -0.688      0.094     6.9844     89.457     29.129  29.856112     1.6406      3.285   409.1841 9.1830e+02     4.5617     -0.679     -0.986    27.9581 0.0000e+00
     -0.668      0.142     6.9900     89.667     29.457  29.825658     1.6758      5.030   189.6569 1.0035e+03     4.6998     -0.668     -0.968    27.9363 0.0000e+00
     -0.620      0.194     7.0417     89.927     29.667  29.659306     1.6858      6.050   169.2617 1.0920e+03     5.2042     -0.615     -0.893    27.5622 0.0000e+00
     -0.552      0.244     7.1323     90.310     30.046  29.683671     1.7356      6.657   173.8583 1.1334e+03     6.1861     -0.539     -0.782    26.8816 0.0000e+00
     -0.480      0.279     7.2182     90.891     30.405  29.739159     1.7872      7.047   168.8306 1.1195e+03     6.7673     -0.475     -0.689    26.2594 0.0000e+00
     -0.397      0.290     7.3237     91.587     30.742  29.822330     1.7938      7.308   162.5906 9.8836e+02     6.7658     -0.398     -0.577    25.6348 0.0000e+00
     -0.302      0.279     7.4316     92.325     31.140  29.991193     1.8401      7.486   160.4453 8.7597e+02     6.6125     -0.290     -0.420    24.9647 0.0000e+00
     -0.219      0.250     7.5416     93.044     31.488  30.131361     1.9649      7.611   158.5508 8.9248e+02     6.4856     -0.205     -0.298    24.3624 0.0000e+00
     -0.158      0.210     7.6681     93.643     31.702  30.184763     2.0455      7.702   157.6674 8.4398e+02     6.4950     -0.151     -0.218    23.8637 0.0000e+00
     -0.115      0.163     7.7820     94.070     31.744  30.129203     2.0658      7.771   157.4219 8.2888e+02     6.5210     -0.106     -0.153    23.4868 0.0000e+00
     -0.087      0.116     7.8963     94.330     31.633  29.966908     2.0681      7.824   157.3891 8.0460e+02     6.4577     -0.082     -0.119    23.1487 0.0000e+00
     -0.069      0.077     8.0130     94.430     31.506  29.808168     2.0821      7.866   157.7011 6.9734e+02     6.3791     -0.067     -0.097    22.8130 0.0000e+00
     -0.057      0.048     8.1036     94.374     31.462  29.732191     2.1263      7.904   158.6126 6.6146e+02     6.3563     -0.054     -0.079    22.5671 0.0000e+00
     -0.050      0.027     8.1612     94.181     31.517  29.745959     2.1536      7.940   160.0642 6.6575e+02     6.3876     -0.048     -0.069    22.4304 0.0000e+00
     -0.047      0.013     8.1962     93.907     31.602  29.784295     2.1536      7.974   161.7449 7.0898e+02     6.3813     -0.045     -0.065    22.3516 0.0000e+00
     -0.047      0.003     8.2131     93.638     31.612  29.751636     2.1270      8.004   163.3602 7.6894e+02     6.3492     -0.044     -0.064    22.2989 0.0000e+00
     -0.049     -0.004     8.2154     93.401     31.564  29.668171     2.0904      8.033   164.8821 7.8843e+02     6.4427     -0.048     -0.069    22.2491 0.0000e+00
     -0.053     -0.007     8.2072     93.182     31.524  29.599673     2.0851      8.060   165.9486 7.6917e+02     6.5897     -0.053     -0.076    22.1875 0.0000e+00
     -0.055     -0.008     8.1901     92.931     31.508  29.557689     2.0799      8.085   165.9316 8.1493e+02     6.5892     -0.055     -0.079    22.1169 0.0000e+00
     -0.057     -0.008     8.1773     92.196     31.519  29.541095     2.0529      8.109   165.1931 8.5408e+02     6.4713     -0.056     -0.081    22.0495 0.0000e+00
     -0.059     -0.007     8.1671     90.464     31.536  29.525851     2.0406      8.132   164.7622 7.8552e+02     6.4275     -0.058     -0.084    21.9892 0.0000e+00
     -0.060     -0.006     8.1551     88.651     31.545  29.500187     2.0571      8.153   164.8516 7.5181e+02     6.5038     -0.059     -0.085    21.9383 0.0000e+00
     -0.062     -0.003     8.1468     88.120     31.564  29.484468     2.0775      8.172   165.0695 7.3680e+02     6.5747     -0.060     -0.088    21.8995 0.0000e+00
     -0.065      0.002     8.1304     88.496     31.574  29.462611     2.0702      8.189   165.2461 7.0955e+02     6.5332     -0.065     -0.094    21.8601 0.0000e+00
     -0.066      0.006     7.9507     88.784     31.561  29.426161     2.0604      8.205   165.5246 6.9477e+02     6.4797     -0.066     -0.095    21.8098 0.0000e+00
     -0.062      0.011     7.7202     88.709     31.579  29.424291     2.0672      8.219   166.1136 6.9328e+02     6.5425     -0.060     -0.088    21.7529 0.0000e+00
     -0.057      0.016     7.7217     88.489     31.612  29.439991     2.0700      8.231   166.6022 7.0114e+02     6.6099     -0.055     -0.080    21.6973 0.0000e+00
     -0.052      0.018     7.8008     88.198     31.612  29.425680     2.0768      8.241   166.5291 6.5974e+02     6.5770     -0.050     -0.072    21.6487 0.0000e+00
