Data/DataNotYetUploadedToEDI/Raw_CTD/RawDownloads/051925_fcr10_S7809002.cnv
* Sea-Bird SBE19plus  Data File:
* FileName = C:\R\Reservoirs\Data\DataNotYetUploadedToEDI\Raw_CTD\RawDownloads\051925_fcr50_S7809_0002.hex
* Software version 2.8.0.119
* Temperature SN = 7809
* Conductivity SN = 7809
* System UpLoad Time = May 27 2025 14:01:10
* <ApplicationData>
* <Seaterm232>
# nquan = 15
# nvalues = 687                         
# units = specified
# name 0 = depFM: Depth [fresh water, m]
# name 1 = dz/dtM: Descent Rate [m/s]
# name 2 = sbeox0Mg/L: Oxygen, SBE 43 [mg/l]
# name 3 = sbeox0PS: Oxygen, SBE 43 [% saturation]
# name 4 = specc: Specific Conductance [uS/cm]
# name 5 = c0uS/cm: Conductivity [uS/cm]
# name 6 = flECO-AFL: Fluorescence, WET Labs ECO-AFL/FL [mg/m^3]
# name 7 = ph: pH
# name 8 = orp: Oxidation Reduction Potential [mV]
# name 9 = par/sat/log: PAR/Logarithmic, Satlantic
# name 10 = turbWETntu0: Turbidity, WET Labs ECO [NTU]
# name 11 = prdM: Pressure, Strain Gauge [db]
# name 12 = prdE: Pressure, Strain Gauge [psi]
# name 13 = tv290C: Temperature [ITS-90, deg C]
# name 14 = flag:  0.000e+00
# span 0 =     -0.693,      2.396       
# span 1 =     -0.384,      0.290       
# span 2 =    -0.0225,    10.2875       
# span 3 =     -0.046,    114.312       
# span 4 =      0.917,     95.292       
# span 5 =   0.970912,  78.437904       
# span 6 =    -1.3674,    33.0874       
# span 7 =     -1.988,     12.508       
# span 8 = -1240.7455,   409.1841       
# span 9 = 1.3248e+01, 1.1334e+03       
# span 10 =    -1.4010,    66.2795      
# span 11 =     -0.679,      2.351      
# span 12 =     -0.986,      3.410      
# span 13 =    16.0660,    28.0186      
# span 14 = 0.0000e+00, 0.0000e+00      
# interval = seconds: 0.25
# start_time = May 19 2025 13:19:20 [Instrument's time stamp, header]
# bad_flag = -9.990e-29
*END*
[from data line 97]
     -0.039      0.014     7.8240     86.022     31.723  29.504614     2.0991      8.257   166.5592 6.8630e+02     6.4601     -0.038     -0.055    21.5812 0.0000e+00
     -0.033      0.010     7.7946     84.886     31.787  29.554248     2.1426      8.264   166.9367 7.7089e+02     6.5443     -0.029     -0.043    21.5597 0.0000e+00
     -0.032      0.006     7.8005     84.638     31.840  29.597620     2.1592      8.271   167.2974 7.8639e+02     6.5813     -0.030     -0.044    21.5373 0.0000e+00
     -0.035      0.003     7.7402     85.259     31.897  29.648430     2.1422      8.278   167.7370 6.6203e+02     6.4975     -0.035     -0.050    21.5159 0.0000e+00
     -0.036     -0.001     7.5827     86.334     31.912  29.661141     2.1453      8.287   168.1218 5.4803e+02     6.4187     -0.037     -0.053    21.4969 0.0000e+00
     -0.035     -0.002     7.4629     87.461     31.873  29.624456     2.1715      8.297   168.3365 5.8058e+02     6.4137     -0.036     -0.052    21.4804 0.0000e+00
     -0.035     -0.001     7.4464     88.439     31.831  29.585455     2.2014      8.307   168.6123 6.3718e+02     6.4715     -0.034     -0.049    21.4709 0.0000e+00
     -0.035     -0.001     7.5168     89.138     31.814  29.570160     2.2314      8.318   169.2195 6.3175e+02     6.5372     -0.034     -0.049    21.4689 0.0000e+00
     -0.036     -0.001     7.6267     89.360     31.807  29.566388     2.2594      8.329   169.6560 6.0236e+02     6.5588     -0.036     -0.053    21.4694 0.0000e+00
     -0.037     -0.002     7.7298     88.882     31.774  29.539852     2.2733      8.340   169.5016 6.8296e+02     6.5283     -0.038     -0.055    21.4679 0.0000e+00
     -0.036     -0.002     7.8202     87.756     31.730  29.503040     2.2920      8.352   169.4172 7.8559e+02     6.4758     -0.036     -0.052    21.4662 0.0000e+00
     -0.036     -0.001     7.8866     86.407     31.722  29.501885     2.3271      8.364   169.8406 6.9162e+02     6.4698     -0.034     -0.050    21.4673 0.0000e+00
     -0.037      0.001     7.9163     85.284     31.738  29.525893     2.3404      8.374   170.5763 6.0267e+02     6.4564     -0.037     -0.052    21.4725 0.0000e+00
     -0.038      0.003     7.8731     84.645     31.742  29.539607     2.3355      8.383   171.3438 6.4975e+02     6.4844     -0.039     -0.057    21.4791 0.0000e+00
     -0.038      0.004     7.7549     84.588     31.732  29.540852     2.3512      8.391   171.8926 7.2706e+02     6.6031     -0.038     -0.055    21.4851 0.0000e+00
     -0.035      0.005     7.6194     85.093     31.723  29.540965     2.3634      8.399   172.3081 7.2516e+02     6.6625     -0.035     -0.050    21.4948 0.0000e+00
     -0.032      0.006     7.5113     86.016     31.716  29.540984     2.3329      8.407   172.6681 6.2729e+02     6.6218     -0.031     -0.045    21.5090 0.0000e+00
     -0.030      0.007     7.4495     87.116     31.711  29.541098     2.2917      8.415   172.9756 5.9212e+02     6.5209     -0.029     -0.043    21.5260 0.0000e+00
     -0.030      0.008     7.4428     88.158     31.706  29.542346     2.2892      8.423   173.4449 6.4528e+02     6.4673     -0.029     -0.043    21.5426 0.0000e+00
     -0.029      0.010     7.4893     88.937     31.714  29.556078     2.3278      8.431   174.0397 6.7692e+02     6.5201     -0.028     -0.041    21.5554 0.0000e+00
     -0.028      0.012     7.5789     89.382     31.731  29.580286     2.3579      8.439   174.5750 6.4719e+02     6.5446     -0.027     -0.039    21.5652 0.0000e+00
     -0.024      0.013     7.6803     89.607     31.724  29.581333     2.3544      8.446   175.0130 6.2250e+02     6.4898     -0.024     -0.036    21.5741 0.0000e+00
     -0.018      0.013     7.7783     89.727     31.705  29.568751     2.3434      8.454   175.4637 6.1807e+02     6.4379     -0.018     -0.026    21.5827 0.0000e+00
     -0.013      0.012     7.8498     89.801     31.688  29.555017     2.3508      8.463   175.8943 6.2451e+02     6.4639     -0.011     -0.015    21.5918 0.0000e+00
     -0.009      0.009     7.8795     89.841     31.673  29.542141     2.3769      8.471   176.0905 6.3506e+02     6.5315     -0.008     -0.012    21.6057 0.0000e+00
     -0.008      0.004     7.8946     89.800     31.668  29.539932     2.3834      8.479   176.2870 6.0271e+02     6.5035     -0.008     -0.011    21.6202 0.0000e+00
     -0.009      0.000     7.9021     89.595     31.653  29.528303     2.3639      8.486   176.7207 6.0090e+02     6.4335     -0.009     -0.012    21.6277 0.0000e+00
     -0.010     -0.002     7.9074     89.182     31.649  29.528406     2.3566      8.495   177.2052 6.4888e+02     6.4704     -0.010     -0.014    21.6300 0.0000e+00
     -0.012     -0.002     7.9125     88.558     31.658  29.541184     2.3455      8.505   177.6709 6.5738e+02     6.5731     -0.012     -0.017    21.6311 0.0000e+00
     -0.013     -0.001     7.9119     87.783     31.668  29.555947     2.3042      8.515   178.1359 6.3601e+02     6.5828     -0.014     -0.020    21.6338 0.0000e+00
     -0.013      0.000     7.8945     87.037     31.689  29.580042     2.2657      8.525   178.3529 6.1666e+02     6.4850     -0.014     -0.020    21.6387 0.0000e+00
     -0.011      0.000     7.8564     86.492     31.684  29.578802     2.2460      8.535   178.2290 6.0616e+02     6.4493     -0.011     -0.016    21.6448 0.0000e+00
     -0.010      0.001     7.8010     86.242     31.643  29.540965     2.2321      8.544   178.1013 6.1934e+02     6.4588     -0.009     -0.013    21.6520 0.0000e+00
     -0.011      0.001     7.7234     86.295     31.603  29.503137     2.2059      8.551   178.2711 6.2941e+02     6.3616     -0.010     -0.014    21.6598 0.0000e+00
     -0.012      0.001     7.6512     86.520     31.601  29.502003     2.1790      8.558   178.7338 6.1877e+02     6.2298     -0.011     -0.016    21.6684 0.0000e+00
     -0.012      0.001     7.6003     86.738     31.625  29.527263     2.1731      8.565   179.2215 6.1755e+02     6.1963     -0.013     -0.018    21.6742 0.0000e+00
     -0.011      0.001     7.5760     86.781     31.651  29.554836     2.1761      8.572   179.5215 6.3362e+02     6.2985     -0.011     -0.017    21.6747 0.0000e+00
     -0.010      0.002     7.5872     86.536     31.678  29.581674     2.1904      8.578   179.6941 6.5752e+02     6.4750     -0.009     -0.014    21.6729 0.0000e+00
     -0.010      0.004     7.6122     86.034     31.693  29.598039     2.1966      8.586   179.8455 7.1544e+02     6.5208     -0.010     -0.013    21.6729 0.0000e+00
     -0.009      0.005     7.6357     85.393     31.718  29.625843     2.1843      8.594   179.9760 7.3218e+02     6.4415     -0.010     -0.014    21.6774 0.0000e+00
     -0.008      0.004     7.6438     84.684     31.751  29.664132     2.1912      8.600   180.1527 6.3002e+02     6.4727     -0.008     -0.012    21.6837 0.0000e+00
     -0.005      0.003     7.6197     83.916     31.760  29.680412     2.2135      8.606   180.4333 5.3916e+02     6.5916     -0.004     -0.007    21.6867 0.0000e+00
     -0.004      0.003     7.5706     83.126     31.769  29.695846     2.2215      8.613   180.6157 5.2287e+02     6.6141     -0.002     -0.003    21.6882 0.0000e+00
     -0.004      0.004     7.5108     82.398     31.791  29.723882     2.2122      8.619   180.5512 5.2353e+02     6.5403     -0.003     -0.004    21.6952 0.0000e+00
     -0.005      0.007     7.4472     81.787     31.830  29.765685     2.2262      8.623   180.5998 5.2362e+02     6.5192     -0.005     -0.007    21.7087 0.0000e+00
     -0.005      0.010     7.3775     81.276     31.888  29.820713     2.2826      8.628   180.9454 5.4579e+02     6.5974     -0.005     -0.008    21.7206 0.0000e+00
     -0.002      0.012     7.3024     80.787     31.959  29.881782     2.3201      8.633   181.2883 5.7868e+02     6.5989     -0.003     -0.005    21.7314 0.0000e+00
      0.005      0.012     7.2354     80.235     32.026  29.933171     2.3220      8.638   181.4767 5.7079e+02     6.5369      0.004      0.005    21.7449 0.0000e+00
      0.012      0.011     7.1806     79.595     32.041  29.934583     2.3126      8.644   181.5885 5.8170e+02     6.5312      0.013      0.019    21.7543 0.0000e+00
      0.017      0.010     7.1381     78.907     32.010  29.898834     2.3067      8.649   181.6933 6.0426e+02     6.5301      0.018      0.026    21.7566 0.0000e+00
      0.017      0.008     7.0997     78.263     31.993  29.881517     2.3267      8.654   181.7975 5.8356e+02     6.5569      0.018      0.026    21.7498 0.0000e+00
      0.015      0.007     7.0544     77.726     32.028  29.915501     2.3368      8.659   181.9871 5.7695e+02     6.5475      0.014      0.021    21.7274 0.0000e+00
      0.014      0.008     7.0008     77.264     32.108  29.992581     2.3124      8.664   182.1799 5.6495e+02     6.4510      0.011      0.017    21.7024 0.0000e+00
      0.015      0.009     6.9377     76.803     32.171  30.052309     2.3147      8.668   182.4083 5.3602e+02     6.3468      0.013      0.019    21.6937 0.0000e+00
      0.020      0.011     6.8782     76.308     32.186  30.066787     2.3729      8.672   182.7689 5.2566e+02     6.2778      0.019      0.027    21.6954 0.0000e+00
      0.026      0.011     6.8321     75.772     32.155  30.040767     2.4264      8.676   182.9262 5.0177e+02     6.2995      0.026      0.038    21.6979 0.0000e+00
      0.031      0.010     6.7945     75.179     32.095  29.991431     2.4283      8.681   182.9340 4.5038e+02     6.3361      0.031      0.046    21.7008 0.0000e+00
      0.032      0.008     6.7544     74.566     32.073  29.977726     2.4288      8.685   183.1212 3.9442e+02     6.3447      0.033      0.048    21.7023 0.0000e+00
      0.031      0.004     6.7106     73.980     32.089  30.001946     2.4822      8.689   183.3827 3.4228e+02     6.4382      0.030      0.045    21.7003 0.0000e+00
      0.031      0.001     6.6647     73.398     32.106  30.030558     2.5414      8.694   183.6012 3.1092e+02     6.5782      0.029      0.043    21.7042 0.0000e+00
      0.031     -0.001     6.6094     72.808     32.131  30.069966     2.5628      8.699   183.6976 3.1309e+02     6.6374      0.031      0.045    21.7173 0.0000e+00
      0.031     -0.001     6.5510     72.244     32.142  30.097850     2.5822      8.705   183.6873 3.0898e+02     6.5730      0.031      0.045    21.7297 0.0000e+00
      0.031      0.000     6.5001     71.727     32.141  30.114004     2.6100      8.711   183.7346 2.8140e+02     6.5172      0.030      0.044    21.7415 0.0000e+00
      0.031 -1.839e-08     6.4477     71.252     32.151  30.138441     2.6326      8.716   183.8406 2.6440e+02     6.5776      0.030      0.043    21.7610 0.0000e+00
      0.031 -2.022e-07     6.3897     70.812     32.138  30.139603     2.6636      8.721   183.9365 2.5700e+02     6.5866      0.030      0.044    21.7880 0.0000e+00
      0.031 -1.992e-07     6.3371     70.394     32.112  30.128081     2.6684      8.727   184.0330 2.5141e+02     6.4890      0.031      0.045    21.8157 0.0000e+00
      0.031 1.8845e-08     6.2882     69.988     32.097  30.126011     2.6402      8.732   184.2325 2.4709e+02     6.4219      0.031      0.045    21.8412 0.0000e+00
      0.031 4.0813e-07     6.2448     69.614     32.073  30.114591     2.6309      8.736   184.5428 2.3767e+02     6.4589      0.030      0.044    21.8651 0.0000e+00
      0.030      0.000     6.2031     69.299     32.065  30.116878     2.6477      8.741   184.8585 2.3990e+02     6.5595      0.030      0.043    21.8872 0.0000e+00
      0.030      0.000     6.1651     69.035     32.094  30.153677     2.6687      8.746   185.1245 2.4831e+02     6.5802      0.029      0.043    21.9072 0.0000e+00
      0.030      0.001     6.1267     68.812     32.111  30.178952     2.6519      8.751   185.3497 2.4756e+02     6.5041      0.029      0.042    21.9253 0.0000e+00
      0.031      0.001     6.0901     68.627     32.091  30.168762     2.6112      8.756   185.4309 2.4746e+02     6.4932      0.030      0.043    21.9424 0.0000e+00
      0.032      0.001     6.0622     68.464     32.069  30.157332     2.6005      8.761   185.3323 2.4332e+02     6.5851      0.031      0.045    21.9578 0.0000e+00
      0.033      0.001     6.0374     68.310     32.070  30.167635     2.6064      8.766   185.2763 2.3017e+02     6.6251      0.031      0.046    21.9715 0.0000e+00
      0.033      0.001     6.0163     68.192     32.059  30.166488     2.5904      8.770   185.3553 2.2277e+02     6.5323      0.033      0.048    21.9855 0.0000e+00
      0.032      0.001     5.9987     68.099     32.025  30.143480     2.5487      8.775   185.5137 2.2922e+02     6.4202      0.032      0.047    21.9995 0.0000e+00
      0.032      0.001     5.9846     67.986     32.015  30.143185     2.5348      8.781   185.7283 2.4718e+02     6.4297      0.031      0.045    22.0133 0.0000e+00
      0.032      0.001     5.9669     67.861     32.028  30.162930     2.5549      8.786   185.9717 2.6015e+02     6.5113      0.031      0.045    22.0283 0.0000e+00
      0.032      0.001     5.9552     67.756     31.984  30.128503     2.5597      8.792   186.2196 2.5485e+02     6.5528      0.031      0.045    22.0433 0.0000e+00
      0.033      0.001     5.9489     67.717     31.687  29.853802     2.5430      8.798   186.3161 2.5248e+02     6.5215      0.033      0.046    22.0576 0.0000e+00
      0.034      0.001     5.9353     67.828     31.189  29.378768     2.5190      8.803   186.1921 2.6505e+02     6.4396      0.034      0.049    22.0710 0.0000e+00
      0.034      0.001     5.9233     68.726     30.920  29.078726     2.5198      8.809   186.1832 2.6335e+02     6.4178      0.033      0.050    22.0827 0.0000e+00
      0.034      0.000     5.9102     71.920     30.966  29.016868     2.5361      8.815   186.2938 2.5189e+02     6.4627      0.033      0.048    22.0930 0.0000e+00
      0.034      0.000     5.9059     78.186     31.107  29.011264     2.5245      8.822   186.3256 2.4870e+02     6.4697      0.033      0.048    22.1033 0.0000e+00
      0.033      0.000     5.9056     86.348     31.252  29.010773     2.5210      8.828   186.4807 2.4436e+02     6.5026      0.033      0.048    22.1165 0.0000e+00
      0.032      0.001     5.9278     94.740     31.380  29.010739     2.5347      8.835   186.7927 2.4974e+02     6.5871      0.032      0.046    22.0596 0.0000e+00
      0.032      0.002     6.1858    102.253     31.487  29.010698     2.5494      8.840   187.0005 2.5504e+02     6.6379      0.032      0.046    21.8679 0.0000e+00
      0.033      0.002     6.8288    108.119     31.571  29.010137     2.5817      8.843   187.1015 2.4790e+02     6.6044      0.032      0.047    21.6227 0.0000e+00
      0.035      0.003     7.6382    112.062     31.628  29.003861     2.5922      8.845   187.2394 2.4890e+02     6.4885      0.034      0.051    21.4003 0.0000e+00
      0.037      0.003     8.4352    114.082     31.601  28.934736     2.5928      8.846   187.2908 2.5589e+02     6.4668      0.036      0.053    21.2107 0.0000e+00
      0.037      0.002     9.1633    114.312     31.568  28.871988     2.6148      8.848   187.2065 2.5222e+02     6.5473      0.036      0.053    21.0525 0.0000e+00
      0.037      0.001     9.7110    113.262     31.669  28.942853     2.5998      8.850   187.0808 2.4214e+02     6.5729      0.036      0.052    20.9283 0.0000e+00
      0.037      0.000    10.0797    111.663     31.782  29.030397     2.5283      8.855   187.0609 2.3448e+02     6.5378      0.036      0.052    20.8385 0.0000e+00
      0.037 2.0782e-08    10.2747    110.077     31.810  29.042454     2.4658      8.858   187.2246 2.3020e+02     6.4639      0.036      0.052    20.7702 0.0000e+00
      0.037 2.2860e-07    10.2875    108.778     31.806  29.025190     2.4598      8.860   187.3388 2.3004e+02     6.4318      0.036      0.052    20.7186 0.0000e+00
