Data/DataNotYetUploadedToEDI/Raw_CTD/RawDownloads/051925_fcr20_S7809003.cnv
* Sea-Bird SBE19plus  Data File:
* FileName = C:\R\Reservoirs\Data\DataNotYetUploadedToEDI\Raw_CTD\RawDownloads\051925_fcr50_S7809_0003.hex
* Software version 2.8.0.119
* Temperature SN = 7809
* Conductivity SN = 7809
* System UpLoad Time = May 27 2025 14:01:37
* <ApplicationData>
* <Seaterm232>
# nquan = 15
# nvalues = 950                         
# units = specified
# name 0 = depFM: Depth [fresh water, m]
# name 1 = dz/dtM: Descent Rate [m/s]
# name 2 = sbeox0Mg/L: Oxygen, SBE 43 [mg/l]
# name 3 = sbeox0PS: Oxygen, SBE 43 [% saturation]
# name 4 = specc: Specific Conductance [uS/cm]
# name 5 = c0uS/cm: Conductivity [uS/cm]
# name 6 = flECO-AFL: Fluorescence, WET Labs ECO-AFL/FL [mg/m^3]
# name 7 = ph: pH
# name 8 = orp: Oxidation Reduction Potential [mV]
# name 9 = par/sat/log: PAR/Logarithmic, Satlantic
# name 10 = turbWETntu0: Turbidity, WET Labs ECO [NTU]
# name 11 = prdM: Pressure, Strain Gauge [db]
# name 12 = prdE: Pressure, Strain Gauge [psi]
# name 13 = tv290C: Temperature [ITS-90, deg C]
# name 14 = flag:  0.000e+00
# span 0 =     -0.678,      3.504       
# span 1 =     -0.490,      0.291       
# span 2 =     2.0724,    10.6462       
# span 3 =     19.299,    119.847       
# span 4 =      1.622,     40.134       
# span 5 =   1.481321,  30.684598       
# span 6 =    -1.2383,   227.6122       
# span 7 =      6.571,      9.651       
# span 8 = -1240.7455,   259.0912       
# span 9 = 5.5297e+00, 2.4267e+03       
# span 10 =    -9.7648,   221.1002      
# span 11 =     -0.666,      3.437      
# span 12 =     -0.966,      4.984      
# span 13 =    12.0349,    21.6891      
# span 14 = 0.0000e+00, 0.0000e+00      
# interval = seconds: 0.25
# start_time = May 19 2025 13:28:03 [Instrument's time stamp, header]
# bad_flag = -9.990e-29
*END*
[from data line 386]
      0.431      0.128     9.6921    106.115     31.854  28.927902     2.6261      9.601   194.9894 7.1007e+02     8.2819      0.423      0.614    20.6945 0.0000e+00
      0.461      0.109     9.6785    105.488     31.891  28.929231     2.6695      9.603   195.0253 8.2920e+02     8.2710      0.453      0.657    20.6087 0.0000e+00
      0.486      0.094     9.6545    104.914     31.941  28.949951     2.6815      9.605   195.2034 9.3865e+02     8.2650      0.480      0.696    20.5298 0.0000e+00
      0.505      0.083     9.6111    104.593     32.005  28.988108     2.7307      9.607   195.5084 8.5573e+02     8.3112      0.498      0.721    20.4608 0.0000e+00
      0.520      0.075     9.5742    104.627     32.048  29.009987     2.7651      9.608   195.7004 6.7780e+02     8.2157      0.509      0.739    20.3993 0.0000e+00
      0.536      0.069     9.5241    104.977     32.081  29.024180     2.7641      9.609   195.7180 5.8461e+02     8.0665      0.523      0.759    20.3473 0.0000e+00
      0.555      0.066     9.4702    105.537     32.107  29.032833     2.7511      9.610   195.6353 5.8083e+02     8.0441      0.546      0.792    20.3092 0.0000e+00
      0.574      0.066     9.4439    106.182     32.073  28.987734     2.7499      9.612   195.6475 6.0534e+02     8.1498      0.564      0.819    20.2812 0.0000e+00
      0.590      0.066     9.4530    106.786     32.016  28.922864     2.7494      9.613   195.6931 6.1307e+02     8.2853      0.578      0.839    20.2550 0.0000e+00
      0.605      0.066     9.4946    107.348     31.983  28.882767     2.7366      9.613   195.6696 6.1799e+02     8.3159      0.592      0.859    20.2291 0.0000e+00
      0.622      0.069     9.5509    107.884     31.926  28.820059     2.7457      9.614   195.7943 6.2003e+02     8.3150      0.610      0.884    20.2078 0.0000e+00
      0.639      0.074     9.6215    108.289     31.855  28.735506     2.9012      9.614   195.9106 5.9983e+02     8.4115      0.628      0.909    20.1850 0.0000e+00
      0.655      0.080     9.6786    108.518     31.831  28.684972     3.1765      9.615   195.7855 5.8703e+02     8.5605      0.640      0.928    20.1623 0.0000e+00
      0.675      0.085     9.7288    108.668     31.832  28.653008     3.3190      9.618   195.7444 5.9080e+02     8.5797      0.659      0.957    20.1489 0.0000e+00
      0.701      0.087     9.7870    108.879     31.742  28.539268     3.3178      9.620   195.9298 5.6692e+02     8.4718      0.687      0.996    20.1362 0.0000e+00
      0.730      0.086     9.8312    109.227     31.611  28.387973     3.3193      9.621   196.0473 5.0330e+02     8.4183      0.717      1.040    20.1051 0.0000e+00
      0.754      0.081     9.8573    109.685     31.606  28.345913     3.4540      9.622   196.1334 4.4149e+02     8.5468      0.742      1.077    20.0556 0.0000e+00
      0.773      0.074     9.8766    110.153     31.650  28.347809     3.7152      9.624   196.2825 4.1244e+02     8.7968      0.758      1.100    20.0012 0.0000e+00
      0.789      0.065     9.9030    110.503     31.613  28.283992     3.8549      9.625   196.3016 4.1406e+02     8.8787      0.774      1.122    19.9492 0.0000e+00
      0.804      0.058     9.9460    110.595     31.553  28.208528     3.8455      9.626   196.2784 4.2271e+02     8.7857      0.791      1.146    19.8994 0.0000e+00
      0.815      0.055    10.0032    110.355     31.557  28.196474     3.7761      9.628   196.3455 4.2886e+02     8.7651      0.800      1.160    19.8399 0.0000e+00
      0.825      0.055    10.0628    109.835     31.652  28.265081     3.6653      9.631   196.5104 4.3782e+02     8.8344      0.807      1.171    19.7742 0.0000e+00
      0.838      0.055    10.1105    109.134     31.829  28.403757     3.5877      9.633   196.7237 4.3100e+02     8.8384      0.821      1.190    19.7217 0.0000e+00
      0.855      0.054    10.1282    108.309     32.008  28.541211     3.5532      9.635   196.7737 4.1227e+02     8.7797      0.839      1.216    19.6919 0.0000e+00
      0.872      0.053    10.1076    107.463     32.092  28.595032     3.5974      9.636   196.7709 4.1137e+02     8.8414      0.857      1.243    19.6736 0.0000e+00
      0.887      0.048    10.0603    106.800     32.059  28.547052     3.7225      9.637   196.7760 4.1329e+02     9.0038      0.871      1.263    19.6484 0.0000e+00
      0.899      0.040    10.0027    106.505     31.986  28.468483     3.8100      9.637   196.7493 4.0289e+02     9.0688      0.882      1.279    19.6147 0.0000e+00
      0.909      0.031     9.9317    106.648     31.997  28.469595     3.8145      9.637   196.8784 3.8660e+02     9.0124      0.892      1.294    19.5796 0.0000e+00
      0.916      0.025     9.8524    107.150     32.103  28.560486     3.7689      9.638   197.0458 3.6700e+02     9.0053      0.899      1.304    19.5450 0.0000e+00
      0.918      0.025     9.7913    107.796     32.238  28.679463     3.7161      9.639   197.1386 3.6158e+02     9.0854      0.901      1.306    19.5145 0.0000e+00
      0.918      0.030     9.7658    108.353     32.336  28.766433     3.6923      9.641   197.3129 3.7477e+02     9.1278      0.899      1.304    19.4936 0.0000e+00
      0.921      0.039     9.7839    108.753     32.361  28.787474     3.6972      9.642   197.4323 3.8301e+02     9.1418      0.900      1.305    19.4809 0.0000e+00
      0.931      0.048     9.8386    109.074     32.318  28.743583     3.6757      9.642   197.3772 3.7096e+02     9.2206      0.911      1.322    19.4747 0.0000e+00
      0.950      0.055     9.9080    109.394     32.262  28.679737     3.6237      9.642   197.4210 3.4543e+02     9.3966      0.931      1.350    19.4760 0.0000e+00
      0.974      0.059     9.9604    109.704     32.248  28.649774     3.6182      9.642   197.5312 3.3138e+02     9.5623      0.955      1.385    19.4770 0.0000e+00
      0.994      0.058     9.9928    109.933     32.250  28.634996     3.6332      9.642   197.5907 3.4003e+02     9.5503      0.978      1.419    19.4763 0.0000e+00
      1.008      0.052    10.0211    110.038     32.258  28.627885     3.6139      9.643   197.7108 3.4599e+02     9.4215      0.990      1.435    19.4699 0.0000e+00
      1.017      0.042    10.0550    110.027     32.268  28.627215     3.5849      9.644   197.7796 3.3114e+02     9.3376      0.997      1.446    19.4467 0.0000e+00
      1.024      0.033    10.0939    109.938     32.203  28.563447     3.5733      9.645   197.7336 3.1214e+02     9.3221      1.004      1.457    19.4146 0.0000e+00
      1.032      0.027    10.1212    109.790     32.127  28.491134     3.5828      9.645   197.6714 3.0300e+02     9.3368      1.012      1.467    19.3887 0.0000e+00
      1.037      0.026    10.1349    109.585     32.159  28.514009     3.5741      9.645   197.6298 2.9961e+02     9.3098      1.018      1.477    19.3684 0.0000e+00
      1.040      0.029    10.1355    109.343     32.323  28.649735     3.5435      9.646   197.6598 3.0007e+02     9.3038      1.020      1.480    19.3509 0.0000e+00
      1.045      0.035    10.1284    109.067     32.652  28.927054     3.5297      9.646   197.7772 3.0307e+02     9.3664      1.023      1.483    19.3421 0.0000e+00
      1.054      0.041    10.1167    108.722     32.991  29.203049     3.5401      9.647   197.9301 3.0099e+02     9.4519      1.033      1.496    19.3375 0.0000e+00
      1.067      0.049    10.0978    108.317     33.240  29.386153     3.5773      9.648   198.1316 2.9291e+02     9.5854      1.045      1.516    19.3291 0.0000e+00
      1.083      0.056    10.0786    107.934     33.477  29.555148     3.7209      9.649   198.4080 2.8468e+02     9.6144      1.060      1.539    19.3143 0.0000e+00
      1.100      0.060    10.0583    107.659     33.640  29.660558     3.9447      9.650   198.6902 2.7772e+02     9.5294      1.080      1.567    19.2965 0.0000e+00
      1.116      0.060    10.0340    107.522     33.734  29.709143     4.0692      9.651   198.8770 2.6990e+02     9.5479      1.095      1.589    19.2619 0.0000e+00
      1.133      0.057    10.0052    107.542     33.825  29.761957     4.1033      9.651   198.9448 2.6292e+02     9.6332      1.111      1.611    19.2002 0.0000e+00
      1.149      0.052     9.9794    107.689     33.958  29.855073     4.1824      9.650   199.0801 2.6010e+02     9.7416      1.129      1.636    19.1355 0.0000e+00
      1.161      0.049     9.9659    107.877     34.232  30.073802     4.3017      9.649   199.3945 2.5893e+02     9.8336      1.140      1.654    19.0777 0.0000e+00
      1.171      0.047     9.9617    108.022     34.602  30.376730     4.3552      9.650   199.5630 2.5678e+02     9.7886      1.150      1.666    19.0262 0.0000e+00
      1.180      0.047     9.9726    108.037     34.881  30.599812     4.3542      9.650   199.4823 2.5328e+02     9.7439      1.156      1.677    18.9867 0.0000e+00
      1.190      0.047     9.9969    107.847     34.993  30.677741     4.2983      9.649   199.4521 2.4758e+02     9.7719      1.166      1.691    18.9541 0.0000e+00
      1.204      0.048    10.0224    107.357     35.021  30.684598     4.1705      9.649   199.4559 2.4266e+02     9.7514      1.181      1.713    18.9218 0.0000e+00
      1.219      0.049    10.0465    106.450     35.036  30.682695     4.0907      9.648   199.2693 2.3987e+02     9.7010      1.196      1.735    18.8894 0.0000e+00
      1.233      0.051    10.0554    105.106     35.019  30.654724     4.0737      9.648   198.9167 2.3657e+02     9.6741      1.210      1.755    18.8579 0.0000e+00
      1.245      0.051    10.0466    103.444     34.970  30.600124     4.0569      9.648   198.7202 2.3269e+02     9.6663      1.222      1.772    18.8293 0.0000e+00
      1.256      0.051    10.0118    101.688     34.902  30.529983     3.9549      9.648   198.8724 2.2948e+02     9.6749      1.231      1.786    18.8031 0.0000e+00
      1.269      0.050     9.9321    100.068     34.807  30.440975     3.7553      9.647   199.1214 2.2756e+02     9.6757      1.242      1.802    18.7812 0.0000e+00
      1.284      0.047     9.8068     98.729     34.703  30.348569     3.6327      9.646   199.2354 2.2759e+02     9.7106      1.258      1.824    18.7637 0.0000e+00
      1.299      0.043     9.6470     97.739     34.646  30.300764     3.6127      9.644   199.2193 2.2627e+02     9.7551      1.276      1.850    18.7464 0.0000e+00
      1.310      0.038     9.4781     97.184     34.647  30.307011     3.6299      9.644   199.1846 2.2146e+02     9.7008      1.287      1.867    18.7307 0.0000e+00
      1.317      0.032     9.3240     97.125     34.630  30.297236     3.6747      9.644   199.2465 2.1932e+02     9.6001      1.292      1.874    18.7206 0.0000e+00
      1.322      0.026     9.1988     97.498     34.637  30.309456     3.6883      9.643   199.3658 2.2066e+02     9.4941      1.297      1.881    18.7191 0.0000e+00
      1.327      0.024     9.1024     98.135     34.726  30.391330     3.6863      9.642   199.5082 2.1816e+02     9.4790      1.302      1.889    18.7237 0.0000e+00
      1.331      0.027     9.0456     98.846     34.736  30.399108     3.8080      9.641   199.5922 2.1308e+02     9.5878      1.305      1.893    18.7308 0.0000e+00
      1.336      0.033     9.0417     99.509     34.610  30.276625     4.0364      9.639   199.6923 2.1103e+02     9.6474      1.309      1.899    18.7399 0.0000e+00
      1.344      0.040     9.0797    100.020     34.526  30.179048     4.1511      9.639   199.9438 2.0938e+02     9.5853      1.317      1.911    18.7497 0.0000e+00
      1.357      0.046     9.1460    100.327     34.549  30.170773     4.1622      9.637   199.9664 2.0518e+02     9.4864      1.329      1.928    18.7582 0.0000e+00
      1.373      0.049     9.2142    100.463     34.576  30.176528     4.4117      9.633   199.7926 2.0051e+02     9.5107      1.345      1.951    18.7569 0.0000e+00
      1.389      0.050     9.2828    100.485     34.522  30.121753     4.8958      9.630   199.8211 1.9710e+02     9.6049      1.364      1.978    18.7431 0.0000e+00
      1.404      0.048     9.3405    100.449     34.409  30.015935     5.1552      9.628   200.0540 1.9331e+02     9.5660      1.378      1.998    18.7048 0.0000e+00
      1.414      0.043     9.3763    100.403     34.304  29.912003     5.1673      9.626   200.5431 1.8814e+02     9.4511      1.387      2.012    18.6515 0.0000e+00
      1.423      0.038     9.3931    100.395     34.216  29.816578     5.2583      9.623   201.0886 1.8378e+02     9.4457      1.395      2.024    18.6267 0.0000e+00
      1.431      0.034     9.3924    100.405     34.167  29.750186     5.4488      9.618   201.6600 1.8272e+02     9.5352      1.403      2.036    18.6234 0.0000e+00
      1.440      0.034     9.3909    100.398     34.114  29.680112     5.5633      9.614   202.2031 1.8282e+02     9.6098      1.413      2.050    18.6160 0.0000e+00
      1.446      0.037     9.3861    100.398     34.054  29.603594     5.5703      9.610   202.3207 1.8091e+02     9.5972      1.418      2.057    18.5978 0.0000e+00
      1.453      0.042     9.3924    100.387     34.064  29.586156     5.5411      9.607   202.3086 1.7730e+02     9.5192      1.424      2.065    18.5695 0.0000e+00
      1.464      0.047     9.4033    100.319     34.105  29.596096     5.5096      9.603   202.4870 1.7193e+02     9.6233      1.434      2.080    18.5328 0.0000e+00
      1.479      0.050     9.4069    100.229     34.127  29.596890     5.4895      9.600   202.7560 1.6720e+02     9.9328      1.449      2.102    18.4948 0.0000e+00
      1.495      0.051     9.4133    100.127     34.142  29.595726     5.4812      9.598   202.9796 1.6457e+02    10.1190      1.466      2.127    18.4642 0.0000e+00
      1.511      0.050     9.4240     99.958     34.143  29.582001     5.4680      9.596   203.1259 1.6197e+02    10.0989      1.483      2.151    18.4243 0.0000e+00
      1.525      0.046     9.4232     99.735     34.130  29.557795     5.4535      9.594   203.4920 1.5941e+02    10.0649      1.497      2.171    18.3786 0.0000e+00
      1.535      0.040     9.4176     99.490     34.140  29.556756     5.4729      9.591   204.0510 1.5740e+02    10.1179      1.506      2.185    18.3555 0.0000e+00
      1.542      0.035     9.4164     99.234     34.162  29.569425     5.5110      9.589   204.5507 1.5500e+02    10.1251      1.512      2.193    18.3396 0.0000e+00
      1.549      0.031     9.4021     98.994     34.185  29.584096     5.5146      9.587   205.1452 1.5209e+02    10.0838      1.520      2.204    18.3155 0.0000e+00
      1.556      0.029     9.3844     98.786     34.220  29.607277     5.3337      9.584   205.8183 1.4976e+02    10.1304      1.526      2.213    18.2957 0.0000e+00
      1.564      0.027     9.3641     98.615     34.220  29.595972     4.9970      9.581   206.3230 1.4746e+02    10.2106      1.533      2.223    18.2819 0.0000e+00
      1.572      0.027     9.3405     98.448     34.209  29.574262     4.8311      9.580   206.6009 1.4543e+02    10.2671      1.543      2.237    18.2720 0.0000e+00
      1.578      0.028     9.3182     98.205     34.251  29.598483     4.8422      9.577   206.7690 1.4443e+02    10.2671      1.548      2.246    18.2677 0.0000e+00
      1.584      0.028     9.3003     97.854     34.308  29.635096     4.7984      9.575   206.8934 1.4290e+02    10.1771      1.554      2.253    18.2589 0.0000e+00
      1.590      0.028     9.2880     97.425     34.329  29.636336     4.6928      9.573   206.9869 1.4141e+02    10.1021      1.560      2.262    18.2394 0.0000e+00
      1.598      0.027     9.2803     96.950     34.327  29.613462     4.6305      9.571   207.1241 1.4095e+02    10.1787      1.567      2.273    18.2208 0.0000e+00
      1.607      0.026     9.2614     96.452     34.350  29.612220     4.6275      9.570   207.6071 1.3983e+02    10.3177      1.576      2.285    18.2047 0.0000e+00
