Data/DataNotYetUploadedToEDI/Raw_CTD/RawDownloads/051925_fcr40_S7809005.cnv
* Sea-Bird SBE19plus  Data File:
* FileName = C:\R\Reservoirs\Data\DataNotYetUploadedToEDI\Raw_CTD\RawDownloads\051925_fcr50_S7809_0005.hex
* Software version 2.8.0.119
* Temperature SN = 7809
* Conductivity SN = 7809
* System UpLoad Time = May 27 2025 14:02:31
* <ApplicationData>
* <Seaterm232>
# nquan = 15
# nvalues = 1041                        
# units = specified
# name 0 = depFM: Depth [fresh water, m]
# name 1 = dz/dtM: Descent Rate [m/s]
# name 2 = sbeox0Mg/L: Oxygen, SBE 43 [mg/l]
# name 3 = sbeox0PS: Oxygen, SBE 43 [% saturation]
# name 4 = specc: Specific Conductance [uS/cm]
# name 5 = c0uS/cm: Conductivity [uS/cm]
# name 6 = flECO-AFL: Fluorescence, WET Labs ECO-AFL/FL [mg/m^3]
# name 7 = ph: pH
# name 8 = orp: Oxidation Reduction Potential [mV]
# name 9 = par/sat/log: PAR/Logarithmic, Satlantic
# name 10 = turbWETntu0: Turbidity, WET Labs ECO [NTU]
# name 11 = prdM: Pressure, Strain Gauge [db]
# name 12 = prdE: Pressure, Strain Gauge [psi]
# name 13 = tv290C: Temperature [ITS-90, deg C]
# name 14 = flag:  0.000e+00
# span 0 =     -0.675,      5.919       
# span 1 =     -0.403,      0.286       
# span 2 =     4.1211,    11.1073       
# span 3 =     37.682,    119.101       
# span 4 =      1.729,     39.861       
# span 5 =   1.505311,  30.003962       
# span 6 =    -2.0495,    15.1404       
# span 7 =      7.041,      9.812       
# span 8 =  -399.5000,   423.3094       
# span 9 = 6.1856e-01, 2.0260e+03       
# span 10 =    -6.1680,   124.5875      
# span 11 =     -0.663,      5.807      
# span 12 =     -0.962,      8.422      
# span 13 =     9.9218,    21.8493      
# span 14 = 0.0000e+00, 0.0000e+00      
# interval = seconds: 0.25
# start_time = May 19 2025 13:49:24 [Instrument's time stamp, header]
# bad_flag = -9.990e-29
*END*
[from data line 772]
      5.879     -0.051     8.7684     80.523     38.329  26.811562     1.4319      7.831   272.5066 6.4018e-01   102.7175      5.768      8.367     9.9553 0.0000e+00
      5.869     -0.070     8.8418     81.057     38.293  26.794599     1.3080      7.828   272.6793 6.5975e-01    79.9105      5.761      8.356     9.9591 0.0000e+00
      5.844     -0.081     8.9325     81.462     38.275  26.790960     1.2188      7.827   272.7293 6.9183e-01    67.3070      5.738      8.322     9.9616 0.0000e+00
      5.805     -0.085     9.0255     81.843     38.232  26.767580     1.2028      7.825   272.6813 7.2163e-01    65.2073      5.693      8.257     9.9635 0.0000e+00
      5.769     -0.085     9.0992     82.260     38.224  26.765615     1.1891      7.822   272.7010 7.3472e-01    54.6608      5.650      8.194     9.9713 0.0000e+00
      5.749     -0.082     9.1599     82.760     38.228  26.767205     1.1451      7.820   272.8823 7.3920e-01    35.4022      5.633      8.168     9.9840 0.0000e+00
      5.743     -0.077     9.1942     83.450     38.169  26.723378     1.1112      7.817   273.0662 7.4197e-01    24.8750      5.632      8.169     9.9969 0.0000e+00
      5.737     -0.073     9.2337     84.305     38.108  26.679663     1.0966      7.814   273.2031 7.5200e-01    23.6040      5.630      8.167    10.0065 0.0000e+00
      5.720     -0.069     9.2821     85.227     38.112  26.682616     1.0684      7.812   273.2475 7.7659e-01    20.3082      5.614      8.141    10.0106 0.0000e+00
      5.692     -0.068     9.3276     86.134     38.131  26.695658     1.0195      7.810   273.2582 8.0565e-01    14.4712      5.583      8.097    10.0091 0.0000e+00
      5.662     -0.069     9.4119     86.944     38.155  26.710505     0.9800      7.809   273.4188 8.2126e-01    11.2374      5.548      8.047    10.0032 0.0000e+00
      5.642     -0.070     9.5125     87.602     38.195  26.735287     0.9740      7.808   273.5543 8.2442e-01    10.9614      5.526      8.014    10.0015 0.0000e+00
      5.636     -0.072     9.6186     88.114     38.206  26.741595     0.9882      7.807   273.6928 8.2972e-01    11.1681      5.526      8.015    10.0034 0.0000e+00
      5.632     -0.077     9.7253     88.511     38.179  26.723353     1.0012      7.804   273.8878 8.5357e-01    11.4481      5.529      8.020    10.0035 0.0000e+00
      5.615     -0.087     9.8194     88.764     38.151  26.705007     0.9982      7.802   273.9334 8.9853e-01    11.5126      5.510      7.992    10.0002 0.0000e+00
      5.586     -0.097     9.8952     88.867     38.156  26.710044     0.9857      7.800   273.9008 9.4813e-01    11.4352      5.479      7.947     9.9945 0.0000e+00
      5.552     -0.102     9.9496     88.858     38.167  26.720828     0.9741      7.798   273.8368 1.0029e+00    11.7414      5.448      7.902     9.9928 0.0000e+00
      5.513     -0.097     9.9974     88.765     38.144  26.708558     0.9581      7.797   273.8481 1.0452e+00    12.4828      5.406      7.839     9.9951 0.0000e+00
      5.480     -0.087    10.0262     88.659     38.110  26.688538     0.9508      7.796   273.9513 1.0587e+00    12.9181      5.367      7.783     9.9967 0.0000e+00
      5.462     -0.078    10.0340     88.610     38.080  26.669039     0.9439      7.794   273.9660 1.0466e+00    12.8716      5.351      7.761     9.9978 0.0000e+00
      5.459     -0.074    10.0328     88.595     38.070  26.663064     0.9244      7.792   273.9397 1.0201e+00    12.7405      5.353      7.764    10.0020 0.0000e+00
      5.457     -0.076    10.0174     88.589     38.091  26.679723     0.9153      7.791   273.8913 1.0176e+00    12.4938      5.357      7.770    10.0089 0.0000e+00
      5.440     -0.086     9.9994     88.621     38.088  26.680193     0.9081      7.790   273.8973 1.0470e+00    12.0747      5.340      7.747    10.0133 0.0000e+00
      5.407     -0.101     9.9970     88.700     38.066  26.668754     0.8872      7.789   274.0127 1.1000e+00    11.7719      5.303      7.693    10.0137 0.0000e+00
      5.370     -0.114     9.9964     88.796     38.061  26.668272     0.8631      7.787   274.0821 1.1555e+00    11.5319      5.266      7.637    10.0153 0.0000e+00
      5.335     -0.122     9.9925     88.892     38.068  26.674362     0.8329      7.785   274.2194 1.1921e+00    10.3001      5.231      7.588    10.0180 0.0000e+00
      5.302     -0.126     9.9951     88.982     38.076  26.678967     0.8047      7.784   274.4689 1.2217e+00     8.1850      5.198      7.539    10.0214 0.0000e+00
      5.272     -0.129    10.0043     89.042     38.051  26.660523     0.8059      7.784   274.6034 1.2378e+00     7.0349      5.168      7.495    10.0276 0.0000e+00
      5.247     -0.134    10.0148     89.072     38.024  26.641638     0.8139      7.783   274.6417 1.2547e+00     6.8473      5.146      7.463    10.0333 0.0000e+00
      5.218     -0.140    10.0247     89.102     38.026  26.640901     0.8013      7.781   274.5878 1.3102e+00     6.3273      5.123      7.430    10.0337 0.0000e+00
      5.177     -0.147    10.0376     89.167     38.045  26.651608     0.7864      7.780   274.4682 1.3882e+00     5.4608      5.079      7.367    10.0299 0.0000e+00
      5.130     -0.154    10.0443     89.248     38.038  26.644239     0.7674      7.780   274.4855 1.4547e+00     4.9442      5.027      7.291    10.0300 0.0000e+00
      5.087     -0.159    10.0458     89.306     38.001  26.615228     0.7466      7.780   274.6247 1.5014e+00     4.7617      4.987      7.233    10.0314 0.0000e+00
      5.048     -0.161    10.0483     89.382     38.009  26.617955     0.7425      7.781   274.7747 1.5406e+00     4.4838      4.951      7.180    10.0280 0.0000e+00
      5.010     -0.161    10.0566     89.526     38.007  26.613780     0.7515      7.781   274.9225 1.5970e+00     4.1801      4.914      7.126    10.0238 0.0000e+00
      4.970     -0.161    10.0708     89.709     37.940  26.564749     0.7712      7.782   274.9499 1.6606e+00     4.0947      4.875      7.070    10.0215 0.0000e+00
      4.930     -0.162    10.0748     89.891     37.897  26.532509     0.7730      7.782   274.8476 1.7215e+00     4.1007      4.834      7.011    10.0172 0.0000e+00
      4.888     -0.159    10.0810     90.054     37.914  26.541074     0.7481      7.781   274.8036 1.8124e+00     4.0821      4.795      6.955    10.0122 0.0000e+00
      4.843     -0.150    10.1016     90.194     37.919  26.541466     0.7541      7.781   274.7631 1.9289e+00     4.1081      4.751      6.890    10.0087 0.0000e+00
      4.797     -0.137    10.1236     90.289     37.914  26.537250     0.8037      7.781   274.7014 2.0154e+00     4.1424      4.699      6.817    10.0064 0.0000e+00
      4.761     -0.121    10.1461     90.349     37.939  26.553520     0.8392      7.781   274.7456 2.0619e+00     4.1896      4.663      6.764    10.0042 0.0000e+00
      4.736     -0.103    10.1645     90.390     37.931  26.547910     0.8259      7.781   274.7812 2.1064e+00     4.1665      4.643      6.734     9.9988 0.0000e+00
      4.719     -0.086    10.1835     90.407     37.910  26.532849     0.8257      7.781   274.8734 2.1615e+00     4.1028      4.628      6.711     9.9944 0.0000e+00
      4.703     -0.076    10.1940     90.446     37.953  26.561680     0.8954      7.781   275.0862 2.2156e+00     4.1368      4.613      6.689     9.9939 0.0000e+00
      4.685     -0.073    10.1978     90.500     37.980  26.579391     0.9520      7.781   275.2029 2.2588e+00     4.1328      4.593      6.662     9.9931 0.0000e+00
      4.670     -0.078    10.2075     90.529     37.946  26.556724     0.9525      7.780   275.1659 2.3065e+00     4.0544      4.579      6.642     9.9921 0.0000e+00
      4.653     -0.085    10.2029     90.543     37.920  26.541312     0.9524      7.780   275.0702 2.3844e+00     3.9746      4.568      6.624     9.9921 0.0000e+00
      4.629     -0.095    10.2098     90.544     37.884  26.519898     0.9665      7.780   275.0779 2.4759e+00     3.8854      4.542      6.587     9.9900 0.0000e+00
      4.601     -0.105    10.2195     90.513     37.833  26.488075     0.9907      7.780   275.1727 2.5619e+00     3.8986      4.510      6.541     9.9882 0.0000e+00
      4.572     -0.114    10.2197     90.435     37.806  26.473664     0.9947      7.780   275.2697 2.6595e+00     3.9289      4.484      6.504     9.9900 0.0000e+00
      4.542     -0.118    10.2218     90.341     37.798  26.472508     0.9575      7.780   275.3911 2.7671e+00     3.8414      4.456      6.463     9.9937 0.0000e+00
      4.510     -0.114    10.2200     90.231     37.793  26.474103     0.9324      7.780   275.4356 2.8796e+00     3.7978      4.423      6.415     9.9990 0.0000e+00
      4.475     -0.106    10.2184     90.083     37.815  26.492953     0.9408      7.781   275.4633 2.9950e+00     3.8792      4.387      6.363    10.0045 0.0000e+00
      4.443     -0.099    10.2042     89.873     37.839  26.510154     0.9500      7.782   275.6405 3.0806e+00     3.9380      4.352      6.313    10.0094 0.0000e+00
      4.421     -0.097    10.1930     89.552     37.812  26.491818     0.9862      7.782   275.8570 3.1275e+00     3.8936      4.331      6.282    10.0159 0.0000e+00
      4.408     -0.099    10.1804     89.136     37.763  26.461513     1.0535      7.781   276.0165 3.1601e+00     3.8543      4.324      6.270    10.0239 0.0000e+00
      4.394     -0.104    10.1615     88.709     37.751  26.460860     1.1057      7.781   276.0198 3.2293e+00     3.9075      4.316      6.259    10.0293 0.0000e+00
      4.366     -0.109    10.1426     88.330     37.772  26.483931     1.1345      7.780   275.8973 3.3645e+00     3.9561      4.288      6.218    10.0281 0.0000e+00
      4.326     -0.115    10.1060     87.976     37.767  26.486786     1.1280      7.780   275.9113 3.5175e+00     3.8954      4.241      6.152    10.0261 0.0000e+00
      4.286     -0.121    10.0525     87.526     37.774  26.495381     1.1263      7.780   276.0173 3.6462e+00     3.8571      4.199      6.091    10.0322 0.0000e+00
      4.255     -0.126     9.9994     86.860     37.809  26.524438     1.1724      7.780   276.1468 3.7522e+00     3.9714      4.170      6.048    10.0448 0.0000e+00
      4.230     -0.129     9.9539     85.983     37.793  26.521005     1.2198      7.780   276.3575 3.8522e+00     4.1158      4.149      6.017    10.0568 0.0000e+00
      4.205     -0.132     9.9178     84.990     37.768  26.517297     1.2408      7.780   276.5002 3.9765e+00     4.1343      4.126      5.984    10.0648 0.0000e+00
      4.172     -0.136     9.8732     83.954     37.775  26.543049     1.2429      7.780   276.4966 4.1508e+00     4.0588      4.095      5.939    10.0689 0.0000e+00
      4.132     -0.143     9.7958     82.896     37.797  26.578701     1.2620      7.781   276.4857 4.3749e+00     4.0561      4.054      5.880    10.0730 0.0000e+00
      4.087     -0.150     9.6901     81.756     37.849  26.631274     1.2968      7.781   276.5406 4.6142e+00     4.1364      4.007      5.813    10.0809 0.0000e+00
      4.047     -0.156     9.5709     80.335     37.878  26.671335     1.3061      7.781   276.6446 4.8308e+00     4.2094      3.966      5.752    10.0999 0.0000e+00
      4.011     -0.158     9.4476     78.559     37.851  26.682558     1.2919      7.780   276.7951 5.0425e+00     4.2558      3.935      5.707    10.1309 0.0000e+00
      3.974     -0.157     9.3205     76.562     37.836  26.703579     1.2740      7.780   276.8985 5.3027e+00     4.2531      3.901      5.657    10.1615 0.0000e+00
      3.931     -0.152     9.2021     74.436     37.847  26.735266     1.2811      7.780   276.8632 5.5932e+00     4.2790      3.855      5.592    10.1771 0.0000e+00
      3.888     -0.146     9.0430     72.176     37.841  26.748593     1.3029      7.780   276.7981 5.8668e+00     4.3644      3.811      5.527    10.1965 0.0000e+00
      3.848     -0.139     8.8221     69.770     37.806  26.737884     1.2959      7.780   276.7992 6.1206e+00     4.4650      3.770      5.468    10.2448 0.0000e+00
      3.814     -0.129     8.5868     67.316     37.772  26.732645     1.2726      7.780   276.7909 6.3367e+00     4.6081      3.738      5.421    10.2919 0.0000e+00
      3.786     -0.117     8.3434     65.063     37.751  26.748691     1.2707      7.781   276.7839 6.5359e+00     4.7283      3.714      5.386    10.3191 0.0000e+00
      3.759     -0.108     8.0879     63.285     37.690  26.741665     1.2894      7.782   276.7994 6.7482e+00     4.7906      3.687      5.348    10.3439 0.0000e+00
      3.733     -0.105     7.8119     62.020     37.609  26.711147     1.3245      7.782   276.8073 6.9530e+00     4.6783      3.659      5.306    10.3579 0.0000e+00
      3.711     -0.108     7.5242     61.020     37.569  26.696844     1.3614      7.782   276.8783 7.1524e+00     4.3956      3.638      5.276    10.3755 0.0000e+00
      3.688     -0.112     7.2498     60.006     37.549  26.695595     1.3779      7.781   276.7984 7.4049e+00     4.3106      3.620      5.250    10.4223 0.0000e+00
      3.658     -0.114     7.0394     58.881     37.519  26.696055     1.3993      7.781   276.4442 7.7588e+00     4.4018      3.590      5.208    10.4784 0.0000e+00
      3.622     -0.111     6.9051     57.685     37.496  26.702436     1.4530      7.782   276.2082 8.1611e+00     4.3366      3.551      5.151    10.5187 0.0000e+00
      3.586     -0.101     6.8055     56.527     37.487  26.709341     1.5025      7.784   276.0966 8.5390e+00     4.1026      3.514      5.096    10.5263 0.0000e+00
      3.556     -0.084     6.6930     55.503     37.500  26.716144     1.5075      7.784   275.8683 8.8345e+00     3.8949      3.484      5.052    10.5395 0.0000e+00
      3.536     -0.062     6.5601     54.610     37.520  26.721257     1.5056      7.785   275.5996 9.0203e+00     3.8414      3.463      5.024    10.5734 0.0000e+00
      3.525     -0.044     6.4176     53.886     37.512  26.707729     1.5216      7.786   275.3423 9.0899e+00     3.9001      3.454      5.011    10.6094 0.0000e+00
      3.523     -0.038     6.2782     53.471     37.478  26.679417     1.5087      7.787   275.1668 9.0490e+00     3.8181      3.452      5.007    10.6340 0.0000e+00
      3.528     -0.047     6.1700     53.481     37.399  26.632623     1.4657      7.788   275.1130 9.0130e+00     3.6024      3.459      5.017    10.6214 0.0000e+00
      3.530     -0.068     6.0721     53.859     37.292  26.585925     1.4433      7.790   274.9491 9.1692e+00     3.5120      3.468      5.030    10.6032 0.0000e+00
      3.514     -0.094     5.9851     54.403     37.195  26.558785     1.4535      7.793   274.6486 9.6582e+00     3.5457      3.454      5.011    10.5970 0.0000e+00
      3.474     -0.119     5.9348     54.923     37.140  26.558225     1.4731      7.794   274.4049 1.0433e+01     3.4623      3.412      4.948    10.5852 0.0000e+00
      3.424     -0.138     5.9367     55.260     37.137  26.579184     1.4723      7.797   274.2391 1.1275e+01     3.1868      3.356      4.867    10.5902 0.0000e+00
      3.378     -0.149     5.9834     55.292     37.099  26.558536     1.4514      7.801   274.1931 1.1999e+01     3.0512      3.308      4.798    10.6388 0.0000e+00
      3.340     -0.149     6.0416     55.008     36.995  26.498855     1.4542      7.804   274.1926 1.2611e+01     3.1540      3.273      4.748    10.6992 0.0000e+00
      3.309     -0.140     6.0964     54.519     36.835  26.428398     1.5224      7.808   273.9745 1.3251e+01     3.2683      3.245      4.706    10.7612 0.0000e+00
      3.277     -0.125     6.1354     54.035     36.613  26.340920     1.6187      7.811   273.4488 1.4024e+01     3.2716      3.215      4.662    10.7939 0.0000e+00
      3.243     -0.105     6.1396     53.759     36.381  26.265735     1.6699      7.816   272.8270 1.4887e+01     3.2290      3.180      4.613    10.7885 0.0000e+00
