Data/DataNotYetUploadedToEDI/Raw_CTD/RawDownloads/051925_fcr50_S7809001.cnv
* Sea-Bird SBE19plus  Data File:
* FileName = C:\R\Reservoirs\Data\DataNotYetUploadedToEDI\Raw_CTD\RawDownloads\051925_fcr50_S7809_0001.hex
* Software version 2.8.0.119
* Temperature SN = 7809
* Conductivity SN = 7809
* System UpLoad Time = May 27 2025 14:00:50
* <ApplicationData>
* <Seaterm232>
# nquan = 15
# nvalues = 1788                        
# units = specified
# name 0 = depFM: Depth [fresh water, m]
# name 1 = dz/dtM: Descent Rate [m/s]
# name 2 = sbeox0Mg/L: Oxygen, SBE 43 [mg/l]
# name 3 = sbeox0PS: Oxygen, SBE 43 [% saturation]
# name 4 = specc: Specific Conductance [uS/cm]
# name 5 = c0uS/cm: Conductivity [uS/cm]
# name 6 = flECO-AFL: Fluorescence, WET Labs ECO-AFL/FL [mg/m^3]
# name 7 = ph: pH
# name 8 = orp: Oxidation Reduction Potential [mV]
# name 9 = par/sat/log: PAR/Logarithmic, Satlantic
# name 10 = turbWETntu0: Turbidity, WET Labs ECO [NTU]
# name 11 = prdM: Pressure, Strain Gauge [db]
# name 12 = prdE: Pressure, Strain Gauge [psi]
# name 13 = tv290C: Temperature [ITS-90, deg C]
# name 14 = flag:  0.000e+00
# span 0 =     -0.670,      9.562       
# span 1 =     -2.588,      2.593       
# span 2 =    -0.0463,    10.6496       
# span 3 =     -0.370,    108.630       
# span 4 =      0.582,    255.911       
# span 5 =   0.552849, 179.166071       
# span 6 =    -2.0139,     9.6599       
# span 7 =      6.637,     11.153       
# span 8 = -1240.7455,   441.2926       
# span 9 = 1.2358e-01, 1.8284e+03       
# span 10 =    -5.4884,   160.9270      
# span 11 =     -0.658,      9.380      
# span 12 =     -0.954,     13.604      
# span 13 =     9.8964,    22.4806      
# span 14 = 0.0000e+00, 0.0000e+00      
# interval = seconds: 0.25
# start_time = May 19 2025 10:46:48 [Instrument's time stamp, header]
# bad_flag = -9.990e-29
*END*
[from data line 1735]
     -0.597      0.017     8.4201     88.348     16.164  14.086379     2.3344      7.268   254.0211 1.5310e+02    20.6185     -0.583     -0.844    17.7619 0.0000e+00
     -0.579      0.013     8.3692     88.309     11.075   9.668969     2.2704      7.316   247.1661 1.5175e+02    23.6672     -0.539     -0.782    18.0366 0.0000e+00
     -0.599      0.007     8.2824     88.274     10.655   9.326887     2.2507      7.356   248.7301 1.4928e+02    25.3680     -0.602     -0.874    18.4668 0.0000e+00
     -0.600      0.005     8.2604     88.308     14.190  12.421011     2.2462      7.405   258.3914 1.5399e+02    25.4696     -0.609     -0.883    18.5901 0.0000e+00
     -0.576     -0.001     8.2739     88.293     10.548   9.243157     2.2249      7.458   261.8509 1.5526e+02    25.1696     -0.536     -0.777    18.5430 0.0000e+00
     -0.588     -0.008     8.2333     88.244      7.563   6.649667     2.2512      7.509   264.6602 1.5050e+02    22.5951     -0.570     -0.826    18.7576 0.0000e+00
     -0.607     -0.008     8.2013     88.271     10.390   9.142138     2.3146      7.563   277.3020 1.5170e+02    17.8776     -0.630     -0.914    18.8770 0.0000e+00
     -0.589     -0.005     8.2380     88.279     10.907   9.598462     2.3415      7.610   275.1460 1.5455e+02    15.2011     -0.562     -0.816    18.7459 0.0000e+00
     -0.589     -0.007     8.2184     88.224      7.402   6.526475     2.3438      7.646   256.6603 1.5066e+02    14.9661     -0.556     -0.807    18.8452 0.0000e+00
     -0.616     -0.006     8.1718     88.219      7.816   6.911474     2.3594      7.685   247.1233 1.4913e+02    15.2753     -0.631     -0.915    19.0378 0.0000e+00
     -0.609     -0.001     8.1919     88.299     12.677  11.210927     2.3723      7.730   245.8742 1.5359e+02    15.7632     -0.607     -0.880    18.9919 0.0000e+00
     -0.585      0.003     8.1958     88.334     12.638  11.176507     2.3573      7.769   244.0531 1.5416e+02    16.0824     -0.547     -0.794    18.9761 0.0000e+00
     -0.597      0.003     8.1557     88.286      7.842   6.939411     2.3371      7.798   242.6560 1.5041e+02    17.1874     -0.579     -0.840    19.1561 0.0000e+00
     -0.617     -0.006     8.1326     88.239      5.399   4.780821     2.3860      7.820   242.7480 1.5227e+02    29.9773     -0.635     -0.921    19.2715 0.0000e+00
     -0.597     -0.024     8.1582     88.232      5.408   4.784579     2.4901      7.846   242.0686 1.5756e+02    53.5236     -0.585     -0.849    19.2139 0.0000e+00
     -0.577     -0.036     8.1644     88.264      5.609   4.957592     2.5303      7.872   240.8078 1.5438e+02    66.3196     -0.535     -0.776    19.2025 0.0000e+00
     -0.605     -0.037     8.1405     88.314      5.917   5.225529     2.4564      7.892   241.0119 1.3988e+02    67.5604     -0.594     -0.861    19.2867 0.0000e+00
     -0.645     -0.037     8.1346     88.364      6.365   5.616741     1.9128      7.908   241.7833 1.2252e+02    68.6289     -0.649     -0.941    19.2985 0.0000e+00
     -0.659     -0.040     8.1442     88.434      6.748   5.949782     0.9506      7.921   242.2196 1.1357e+02    70.1860     -0.648     -0.940    19.2337 0.0000e+00
     -0.660     -0.034     8.1558     88.519      6.833   6.021174     0.4191      7.933   242.4154 1.1283e+02    70.8797     -0.646     -0.937    19.1853 0.0000e+00
     -0.660     -0.017     8.1676     88.569      6.711   5.909733     0.3735      7.945   242.4303 1.1297e+02    70.8327     -0.648     -0.938    19.1512 0.0000e+00
     -0.660     -0.004     8.1762     88.564      6.598   5.806118     0.3401      7.957   243.1740 1.1251e+02    69.7544     -0.646     -0.937    19.1173 0.0000e+00
     -0.660 -8.587e-10     8.1873     88.570      6.648   5.845414    -0.0840      7.969   244.3516 1.1216e+02    57.0903     -0.647     -0.939    19.0858 0.0000e+00
     -0.660 -9.445e-09     8.2035     88.629      6.906   6.068081    -0.8434      7.979   244.3648 1.1263e+02    33.8886     -0.647     -0.939    19.0542 0.0000e+00
     -0.660 -1.039e-07     8.2142     88.705      7.370   6.470955    -1.2342      7.988   243.0756 1.1452e+02    21.2349     -0.647     -0.938    19.0233 0.0000e+00
     -0.660 -1.039e-07     8.2160     88.778      7.954   6.978431    -1.0801      7.993   241.5831 1.1721e+02    20.0330     -0.648     -0.939    18.9922 0.0000e+00
     -0.660 -9.445e-09     8.2183     88.809      8.863   7.768825     0.9032      7.994   241.1189 1.2876e+02    19.1175     -0.647     -0.940    18.9617 0.0000e+00
     -0.660 -8.585e-10     8.2333     88.777      9.546   8.360728     4.5018      7.994   240.9049 1.6774e+02    17.5101     -0.647     -0.939    18.9307 0.0000e+00
     -0.660 -7.803e-11     8.2441     88.724      9.129   7.988858     6.4416      7.995   239.8558 2.1855e+02    16.6528     -0.648     -0.939    18.8983 0.0000e+00
     -0.660 -6.864e-12     8.2588     88.641      8.381   7.327883     6.5709      7.997   239.1025 2.4891e+02    16.1997     -0.647     -0.939    18.8642 0.0000e+00
     -0.660 1.8996e-12     8.2697     88.500      8.039   7.022007     5.9893      8.000   238.9383 3.4316e+02    10.5957     -0.648     -0.939    18.8289 0.0000e+00
     -0.660 2.7932e-11     8.2691     88.369      7.965   6.951660     4.8615      8.003   239.3333 4.3931e+02     0.2030     -0.647     -0.939    18.7908 0.0000e+00
     -0.660 3.0789e-10     8.2719     88.307      7.645   6.667404     4.2451      8.003   239.9205 3.6781e+02    -5.4074     -0.647     -0.939    18.7502 0.0000e+00
     -0.660 3.3868e-09     8.2742     88.282      6.949   6.056015     4.0884      8.001   240.1883 2.7239e+02    -5.4884     -0.647     -0.939    18.7099 0.0000e+00
     -0.661 3.7255e-08     8.2634     88.284      6.479   5.641725     2.6510      7.997   241.4522 2.5568e+02    -1.9718     -0.647     -0.939    18.6713 0.0000e+00
     -0.661 4.0981e-07     8.2537     88.341      6.275   5.459678    -0.0179      7.979   244.2755 2.4874e+02     4.3527     -0.649     -0.941    18.6348 0.0000e+00
     -0.660      0.000     8.2572     88.436      6.110   5.312048    -1.4889      7.942   246.8770 2.4118e+02     7.7513     -0.648     -0.939    18.5997 0.0000e+00
     -0.660      0.000     8.2606     88.539      6.044   5.250545    -1.5843      7.898   248.7303 2.3559e+02     7.9332     -0.647     -0.938    18.5657 0.0000e+00
     -0.661      0.001     8.2645     88.642      6.016   5.222871    -1.1879      7.862   249.7334 2.4184e+02     6.1759     -0.648     -0.940    18.5326 0.0000e+00
     -0.661      0.001     8.2762     88.697      5.884   5.104149    -0.4751      7.830   249.5414 3.9079e+02     2.7974     -0.648     -0.940    18.4985 0.0000e+00
     -0.660      0.001     8.2935     88.704      5.793   5.018794    -0.0813      7.798   250.5386 7.9062e+02     0.9710     -0.647     -0.939    18.4650 0.0000e+00
     -0.660      0.001     8.3060     88.702      5.796   5.014443    -0.0221      7.769   253.1865 1.1355e+03     0.8658     -0.647     -0.938    18.4326 0.0000e+00
     -0.660      0.001     8.3252     88.676      5.699   4.924829    -0.0175      7.741   255.4873 1.1727e+03     0.8416     -0.647     -0.938    18.4018 0.0000e+00
     -0.659      0.001     8.3357     88.626      5.511   4.758858    -0.0591      7.705   256.7613 1.1130e+03     0.7463     -0.646     -0.938    18.3690 0.0000e+00
     -0.659      0.001     8.3421     88.568      5.395   4.654875    -0.0923      7.661   257.6637 1.0984e+03     0.6713     -0.646     -0.938    18.3133 0.0000e+00
     -0.659      0.000     8.3565     88.497      5.355   4.617860    -0.0859      7.616   258.5684 1.0955e+03     0.6523     -0.646     -0.937    18.2459 0.0000e+00
     -0.659 2.0321e-08     8.3612     88.444      5.297   4.564715    -0.0828      7.581   258.9237 1.1027e+03     0.6179     -0.646     -0.937    18.1984 0.0000e+00
     -0.659 2.2353e-07     8.3616     88.460      5.247   4.519128    -0.0876      7.561   259.3783 1.1173e+03     0.5977     -0.646     -0.937    18.1632 0.0000e+00
     -0.659 4.0981e-07     8.3622     88.488      5.238   4.510118    -0.0860      7.553   259.8500 1.1302e+03     0.6130     -0.646     -0.937    18.1335 0.0000e+00
     -0.659 -9.990e-29     8.3598 -9.990e-29 -9.990e-29 -9.990e-29 -9.990e-29 -9.990e-29 -9.990e-29 1.1347e+03 -9.990e-29     -0.646     -0.938    18.1052 0.0000e+00
     -0.659 -9.990e-29     8.3547 -9.990e-29 -9.990e-29 -9.990e-29 -9.990e-29 -9.990e-29 -9.990e-29 1.1333e+03 -9.990e-29     -0.646     -0.937    18.0809 0.0000e+00
     -0.659 -9.990e-29     8.3641 -9.990e-29 -9.990e-29 -9.990e-29 -9.990e-29 -9.990e-29 -9.990e-29 1.1323e+03 -9.990e-29     -0.646     -0.938    18.0526 0.0000e+00
     -0.659 -9.990e-29     8.3755 -9.990e-29 -9.990e-29 -9.990e-29 -9.990e-29 -9.990e-29 -9.990e-29 1.1323e+03 -9.990e-29     -0.646     -0.937    18.0321 0.0000e+00
