Data/DataNotYetUploadedToEDI/Raw_CTD/RawDownloads/051925_fcr50_S7809001.cnv
* Sea-Bird SBE19plus  Data File:
* FileName = C:\R\Reservoirs\Data\DataNotYetUploadedToEDI\Raw_CTD\RawDownloads\051925_fcr50_S7809_0001.hex
* Software version 2.8.0.119
* Temperature SN = 7809
* Conductivity SN = 7809
* System UpLoad Time = May 27 2025 14:00:50
* <ApplicationData>
* <Seaterm232>
# nquan = 15
# nvalues = 1788                        
# units = specified
# name 0 = depFM: Depth [fresh water, m]
# name 1 = dz/dtM: Descent Rate [m/s]
# name 2 = sbeox0Mg/L: Oxygen, SBE 43 [mg/l]
# name 3 = sbeox0PS: Oxygen, SBE 43 [% saturation]
# name 4 = specc: Specific Conductance [uS/cm]
# name 5 = c0uS/cm: Conductivity [uS/cm]
# name 6 = flECO-AFL: Fluorescence, WET Labs ECO-AFL/FL [mg/m^3]
# name 7 = ph: pH
# name 8 = orp: Oxidation Reduction Potential [mV]
# name 9 = par/sat/log: PAR/Logarithmic, Satlantic
# name 10 = turbWETntu0: Turbidity, WET Labs ECO [NTU]
# name 11 = prdM: Pressure, Strain Gauge [db]
# name 12 = prdE: Pressure, Strain Gauge [psi]
# name 13 = tv290C: Temperature [ITS-90, deg C]
# name 14 = flag:  0.000e+00
# span 0 =     -0.670,      9.562       
# span 1 =     -2.588,      2.593       
# span 2 =    -0.0463,    10.6496       
# span 3 =     -0.370,    108.630       
# span 4 =      0.582,    255.911       
# span 5 =   0.552849, 179.166071       
# span 6 =    -2.0139,     9.6599       
# span 7 =      6.637,     11.153       
# span 8 = -1240.7455,   441.2926       
# span 9 = 1.2358e-01, 1.8284e+03       
# span 10 =    -5.4884,   160.9270      
# span 11 =     -0.658,      9.380      
# span 12 =     -0.954,     13.604      
# span 13 =     9.8964,    22.4806      
# span 14 = 0.0000e+00, 0.0000e+00      
# interval = seconds: 0.25
# start_time = May 19 2025 10:46:48 [Instrument's time stamp, header]
# bad_flag = -9.990e-29
*END*
[from data line 675]
      0.234      0.002     9.2066    102.133     31.866  28.893300     2.7967      8.645   224.9741 7.8187e+02     4.3127      0.230      0.333    20.3290 0.0000e+00
      0.234      0.020     9.2144    102.131     31.859  28.887019     2.7883      8.646   225.0128 7.7686e+02     4.3499      0.230      0.334    20.3292 0.0000e+00
      0.234      0.221     9.2155    102.076     31.870  28.896944     2.8054      8.647   224.8906 7.6351e+02     4.3393      0.230      0.334    20.3293 0.0000e+00
      0.234      2.429     9.2207    102.018     31.858  28.886453     2.8123      8.648   224.8729 7.4694e+02     4.2533      0.230      0.333    20.3293 0.0000e+00
      0.234      2.429     9.2262    101.979     31.858  28.887020     2.8129      8.650   224.9719 7.8529e+02     4.2665      0.230      0.333    20.3298 0.0000e+00
      0.234      0.221     9.2270    101.927     31.876  28.903801     2.8298      8.650   224.8820 8.4409e+02     4.3615      0.229      0.333    20.3304 0.0000e+00
      0.234      0.020     9.2190    101.860     31.871  28.899075     2.8421      8.651   224.7328 7.6584e+02     4.4118      0.230      0.333    20.3312 0.0000e+00
      0.234      0.002     9.2124    101.802     31.864  28.893301     2.8363      8.651   224.8026 6.5319e+02     4.3963      0.230      0.333    20.3318 0.0000e+00
      0.234      0.000     9.2115    101.770     31.868  28.897412     2.8183      8.652   224.9514 6.2777e+02     4.3449      0.230      0.334    20.3322 0.0000e+00
      0.234      0.000     9.2060    101.784     31.855  28.885361     2.8237      8.652   225.0691 6.4786e+02     4.3379      0.230      0.334    20.3329 0.0000e+00
      0.234      0.000     9.1988    101.840     31.842  28.874444     2.8684      8.653   225.1072 6.7280e+02     4.4135      0.230      0.334    20.3334 0.0000e+00
      0.234 1.2466e-07     9.1933    101.888     31.862  28.892270     2.9011      8.654   224.9825 6.6906e+02     4.4731      0.230      0.333    20.3336 0.0000e+00
      0.234 1.1333e-08     9.1898    101.899     31.882  28.910607     2.9026      8.655   224.7656 6.7441e+02     4.4438      0.230      0.333    20.3341 0.0000e+00
      0.234 1.0303e-09     9.1900    101.868     31.877  28.905881     2.8868      8.657   224.6363 7.3166e+02     4.2982      0.230      0.333    20.3341 0.0000e+00
      0.234 9.3660e-11     9.1983    101.796     31.869  28.898554     2.8761      8.657   224.7095 7.7740e+02     4.1818      0.230      0.334    20.3342 0.0000e+00
      0.234 8.5145e-12     9.2031    101.721     31.854  28.885453     2.8900      8.658   224.8768 7.5959e+02     4.1974      0.230      0.333    20.3344 0.0000e+00
      0.234 7.7405e-13     9.2037    101.674     31.841  28.874328     2.8892      8.659   224.9378 7.2815e+02     4.1457      0.230      0.333    20.3343 0.0000e+00
      0.234 7.0370e-14     9.2020    101.637     31.859  28.890898     2.8572      8.660   224.8446 6.9859e+02     4.0348      0.230      0.333    20.3345 0.0000e+00
      0.234 6.3970e-15     9.1932    101.592     31.864  28.895511     2.8361      8.661   224.6970 6.8558e+02     4.0182      0.230      0.334    20.3351 0.0000e+00
      0.234 5.8155e-16     9.1851    101.594     31.832  28.866671     2.8423      8.663   224.7016 7.1903e+02     4.0808      0.230      0.333    20.3356 0.0000e+00
      0.234 5.2870e-17     9.1814    101.686     31.825  28.859342     2.8657      8.664   224.8136 7.6283e+02     4.1773      0.230      0.334    20.3358 0.0000e+00
      0.234 4.8063e-18     9.1801    101.816     31.837  28.870325     2.8776      8.664   224.7615 7.7616e+02     4.1948      0.230      0.333    20.3361 0.0000e+00
      0.234 4.3693e-19     9.1730    101.924     31.839  28.872613     2.8611      8.666   224.6738 7.3746e+02     4.1216      0.230      0.333    20.3363 0.0000e+00
      0.234 3.9721e-20     9.1707    101.995     31.854  28.886999     2.8585      8.668   224.7851 7.1095e+02     4.1120      0.230      0.334    20.3364 0.0000e+00
      0.234 3.6110e-21     9.1822    102.030     31.888  28.917411     2.8871      8.668   224.9890 7.2258e+02     4.1805      0.230      0.334    20.3364 0.0000e+00
      0.234 3.2827e-22     9.1963    102.054     31.894  28.923187     2.9068      8.669   225.0733 7.1359e+02     4.1989      0.230      0.333    20.3367 0.0000e+00
      0.234 2.9843e-23     9.2051    102.059     31.861  28.893402     2.8963      8.670   225.0310 7.2365e+02     4.1285      0.230      0.333    20.3371 0.0000e+00
      0.234 2.7130e-24     9.2125    102.009     31.840  28.874432     2.8691      8.671   224.9940 8.4196e+02     4.0817      0.230      0.334    20.3375 0.0000e+00
      0.234 2.4664e-25     9.2139    101.927     31.851  28.884111     2.8606      8.672   224.9696 9.8498e+02     4.1117      0.229      0.333    20.3379 0.0000e+00
      0.234 2.2422e-26     9.2157    101.826     31.851  28.883574     2.8689      8.674   224.9086 9.8199e+02     4.0804      0.230      0.334    20.3380 0.0000e+00
      0.234 2.0384e-27     9.2197    101.705     31.834  28.867929     2.8866      8.676   224.9445 8.7414e+02     3.9773      0.230      0.334    20.3378 0.0000e+00
      0.234 1.8530e-28     9.2124    101.588     31.854  28.885236     2.9159      8.677   225.0589 7.7383e+02     3.9573      0.230      0.333    20.3375 0.0000e+00
      0.234 1.6846e-29     9.2053    101.514     31.874  28.902544     2.9159      8.678   225.0878 7.1135e+02     4.0439      0.230      0.334    20.3373 0.0000e+00
      0.234 1.5314e-30     9.1968    101.517     31.859  28.886905     2.9112      8.680   225.1219 7.0783e+02     4.1701      0.230      0.334    20.3367 0.0000e+00
      0.234 1.3922e-31     9.1847    101.583     31.862  28.886434     2.9258      8.681   225.1268 7.2572e+02     4.1850      0.230      0.333    20.3361 0.0000e+00
      0.234 1.2657e-32     9.1733    101.667     31.877  28.896842     2.9179      8.683   225.0606 7.2531e+02     4.0872      0.230      0.333    20.3356 0.0000e+00
      0.234 1.1506e-33     9.1651    101.739     31.868  28.885887     2.9064      8.683   225.0964 7.4010e+02     4.1155      0.229      0.333    20.3339 0.0000e+00
      0.234 1.0459e-34     9.1667    101.795     31.865  28.880835     2.9119      8.684   225.3870 7.6113e+02     4.2195      0.230      0.334    20.3305 0.0000e+00
      0.234 9.3928e-36     9.1752    101.819     31.887  28.899181     2.9097      8.685   225.6490 7.7566e+02     4.2180      0.230      0.334    20.3258 0.0000e+00
      0.234 -4.140e-37     9.1853    101.824     31.908  28.917425     2.8882      8.685   225.5974 7.9899e+02     4.1306      0.230      0.333    20.3205 0.0000e+00
      0.234 -1.398e-35     9.1915    101.834     31.900  28.911140     2.8596      8.686   225.5367 7.9128e+02     4.0517      0.230      0.333    20.3156 0.0000e+00
      0.234 -1.547e-34     9.1990    101.835     31.872  28.886610     2.8634      8.688   225.5174 7.6253e+02     4.0840      0.229      0.333    20.3118 0.0000e+00
      0.234 -1.702e-33     9.2009    101.836     31.857  28.874548     2.8929      8.690   225.4508 7.6067e+02     4.1451      0.230      0.334    20.3098 0.0000e+00
      0.234 -1.872e-32     9.1994    101.859     31.877  28.892158     2.9088      8.691   225.5048 7.7985e+02     4.1412      0.230      0.334    20.3090 0.0000e+00
      0.234 -2.059e-31     9.2023    101.906     31.897  28.909250     2.8976      8.693   225.5689 7.9081e+02     4.1062      0.230      0.334    20.3099 0.0000e+00
      0.234 -2.265e-30     9.2010    101.948     31.879  28.890911     2.8648      8.695   225.5375 7.8517e+02     4.0628      0.230      0.334    20.3123 0.0000e+00
      0.235 -2.491e-29     9.1997    101.964     31.849  28.860707     2.8448      8.697   225.5556 7.9952e+02     4.1285      0.230      0.334    20.3145 0.0000e+00
      0.235 -2.740e-28     9.2017    101.976     31.852  28.861199     2.8471      8.698   225.6160 8.2146e+02     4.2520      0.230      0.334    20.3142 0.0000e+00
      0.235 -3.014e-27     9.2076    101.997     31.894  28.896854     2.8350      8.699   225.6646 7.8307e+02     4.2571      0.230      0.333    20.3117 0.0000e+00
      0.235 -3.316e-26     9.2135    102.000     31.912  28.911241     2.7985      8.700   225.7134 7.1109e+02     4.2248      0.230      0.334    20.3080 0.0000e+00
      0.235 -3.648e-25     9.2140    101.954     31.911  28.908295     2.7805      8.702   225.6900 6.8881e+02     4.3048      0.231      0.334    20.3035 0.0000e+00
      0.235 -4.012e-24     9.2154    101.873     31.930  28.924659     2.8002      8.703   225.5531 6.9958e+02     4.4395      0.231      0.334    20.2993 0.0000e+00
      0.235 -4.413e-23     9.2191    101.802     31.924  28.918799     2.8287      8.704   225.4356 6.8795e+02     4.4531      0.230      0.334    20.2959 0.0000e+00
      0.235 -4.855e-22     9.2214    101.743     31.904  28.900878     2.8260      8.706   225.4736 6.9655e+02     4.3665      0.230      0.334    20.2928 0.0000e+00
      0.234 -5.340e-21     9.2171    101.662     31.902  28.898259     2.7998      8.706   225.5826 7.6636e+02     4.3148      0.230      0.333    20.2900 0.0000e+00
      0.234 -5.874e-20     9.2078    101.564     31.890  28.887132     2.8115      8.707   225.6348 7.8941e+02     4.3744      0.230      0.334    20.2888 0.0000e+00
      0.234 -6.462e-19     9.2014    101.521     31.896  28.893200     2.8675      8.710   225.5022 7.1127e+02     4.4722      0.230      0.334    20.2884 0.0000e+00
      0.234 -7.108e-18     9.1979    101.550     31.912  28.908201     2.9029      8.712   225.2704 6.5337e+02     4.4383      0.229      0.333    20.2879 0.0000e+00
      0.234 -7.819e-17     9.1918    101.635     31.878  28.878217     2.8906      8.714   225.2406 6.5111e+02     4.3404      0.230      0.334    20.2880 0.0000e+00
      0.234 -8.601e-16     9.1778    101.750     31.844  28.847808     2.8771      8.716   225.3140 6.7056e+02     4.3475      0.230      0.333    20.2881 0.0000e+00
      0.234 -9.461e-15     9.1746    101.837     31.854  28.857676     2.8891      8.716   225.2979 6.9176e+02     4.4221      0.230      0.333    20.2880 0.0000e+00
      0.234 -1.041e-13     9.1781    101.892     31.867  28.870673     2.8855      8.716   225.3036 6.8988e+02     4.4229      0.230      0.334    20.2887 0.0000e+00
      0.234 -1.145e-12     9.1848    101.917     31.874  28.878102     2.8678      8.717   225.2963 6.9016e+02     4.3225      0.230      0.333    20.2899 0.0000e+00
      0.235 -1.259e-11     9.1994    101.895     31.879  28.884075     2.8659      8.718   225.1242 7.0921e+02     4.2329      0.230      0.334    20.2914 0.0000e+00
      0.235 -1.385e-10     9.2054    101.833     31.873  28.879462     2.8707      8.718   224.9429 7.4923e+02     4.2619      0.230      0.334    20.2925 0.0000e+00
      0.235 -1.524e-09     9.2102    101.746     31.879  28.885754     2.8838      8.718   224.9117 7.4058e+02     4.3659      0.230      0.333    20.2932 0.0000e+00
      0.235 -1.676e-08     9.2137    101.668     31.889  28.896719     2.8922      8.719   225.0047 6.3522e+02     4.3632      0.230      0.334    20.2949 0.0000e+00
      0.235 -1.844e-07     9.2101    101.615     31.875  28.885186     2.8801      8.721   225.1217 5.4959e+02     4.2628      0.230      0.334    20.2968 0.0000e+00
      0.235 -3.380e-07     9.2046    101.581     31.860  28.873173     2.8701      8.722   225.2069 5.5741e+02     4.2793      0.230      0.334    20.2984 0.0000e+00
      0.235 -1.844e-07     9.1945    101.572     31.863  28.878328     2.8804      8.723   225.2608 6.2269e+02     4.3927      0.230      0.334    20.3002 0.0000e+00
      0.235 -1.676e-08     9.1863    101.563     31.868  28.884093     2.8957      8.725   225.1718 6.7979e+02     4.4373      0.230      0.334    20.3022 0.0000e+00
      0.235 -1.523e-09     9.1829    101.561     31.862  28.879452     2.8888      8.725   225.0765 6.7058e+02     4.3751      0.230      0.333    20.3047 0.0000e+00
      0.235 -1.385e-10     9.1767    101.595     31.868  28.885642     2.8639      8.726   225.0555 6.2964e+02     4.2209      0.230      0.334    20.3075 0.0000e+00
      0.234 -1.259e-11     9.1784    101.650     31.878  28.895511     2.8609      8.726   224.9183 6.2708e+02     4.1107      0.230      0.334    20.3103 0.0000e+00
      0.234 -1.145e-12     9.1765    101.715     31.853  28.871918     2.8854      8.726   224.8798 6.2318e+02     4.1347      0.230      0.333    20.3129 0.0000e+00
      0.234 -1.041e-13     9.1735    101.799     31.833  28.854100     2.9027      8.726   225.1067 5.7409e+02     4.1698      0.230      0.333    20.3149 0.0000e+00
      0.234 -9.460e-15     9.1785    101.884     31.850  28.870359     2.8875      8.726   225.3384 5.3027e+02     4.1255      0.230      0.334    20.3163 0.0000e+00
      0.234 -8.600e-16     9.1830    101.944     31.860  28.878214     2.8593      8.727   225.3577 5.2182e+02     4.0435      0.230      0.333    20.3167 0.0000e+00
      0.234 -7.827e-17     9.1886    101.975     31.869  28.885639     2.8616      8.728   225.2549 5.6404e+02     4.0664      0.230      0.333    20.3167 0.0000e+00
      0.234 -7.965e-18     9.1963    101.971     31.882  28.896708     2.8896      8.729   225.2141 6.5773e+02     4.1628      0.230      0.333    20.3168 0.0000e+00
      0.234 -1.011e-17     9.2062    101.935     31.870  28.885195     2.8986      8.731   225.2075 7.2055e+02     4.1499      0.230      0.333    20.3166 0.0000e+00
      0.234 -1.041e-16     9.2102    101.872     31.858  28.873286     2.8786      8.731   225.2611 7.0601e+02     4.1160      0.230      0.333    20.3161 0.0000e+00
      0.235 -1.145e-15     9.2144    101.754     31.867  28.879576     2.8650      8.731   225.4322 6.7132e+02     4.1284      0.231      0.335    20.3152 0.0000e+00
      0.235 -1.259e-14     9.2142    101.607     31.888  28.897820     2.8752      8.731   225.5553 6.4243e+02     4.1295      0.230      0.334    20.3138 0.0000e+00
      0.235 -1.385e-13     9.2100    101.520     31.896  28.903588     2.8857      8.731   225.5445 6.2498e+02     4.1292      0.230      0.333    20.3123 0.0000e+00
      0.235 -1.523e-12     9.2070    101.533     31.878  28.885884     2.8671      8.730   225.5602 6.3778e+02     4.0566      0.230      0.334    20.3103 0.0000e+00
      0.235 -1.676e-11     9.1963    101.618     31.867  28.874040     2.8494      8.730   225.5733 6.6319e+02     4.0370      0.230      0.333    20.3081 0.0000e+00
      0.235 -1.843e-10     9.1788    101.749     31.883  28.887245     2.8639      8.730   225.4444 6.7080e+02     4.1658      0.230      0.334    20.3059 0.0000e+00
      0.235 -2.028e-09     9.1701    101.883     31.918  28.918684     2.8838      8.729   225.4641 6.8458e+02     4.2817      0.231      0.334    20.3034 0.0000e+00
      0.235 -2.230e-08     9.1738    101.970     31.939  28.937020     2.8900      8.729   225.7266 6.9916e+02     4.3103      0.231      0.334    20.3013 0.0000e+00
      0.235 -2.453e-07     9.1818    101.992     31.920  28.918663     2.8808      8.728   225.8650 6.7009e+02     4.2723      0.230      0.333    20.2993 0.0000e+00
      0.235 -4.498e-07     9.1958    101.942     31.886  28.887012     2.8720      8.727   225.8465 6.4725e+02     4.3008      0.230      0.334    20.2976 0.0000e+00
      0.235 -2.454e-07     9.2100    101.832     31.869  28.871473     2.8676      8.726   225.7606 6.5060e+02     4.3479      0.231      0.335    20.2967 0.0000e+00
      0.235 -2.230e-08     9.2181    101.709     31.854  28.857635     2.8516      8.726   225.6867 6.5157e+02     4.2265      0.231      0.334    20.2953 0.0000e+00
      0.235 -2.028e-09     9.2209    101.608     31.842  28.846555     2.8449      8.726   225.6412 6.5654e+02     4.0625      0.231      0.334    20.2942 0.0000e+00
      0.235 -1.844e-10     9.2164    101.551     31.861  28.864367     2.8532      8.726   225.5548 6.5799e+02     4.0048      0.230      0.333    20.2931 0.0000e+00
