Data/DataNotYetUploadedToEDI/Raw_CTD/RawDownloads/051925_fcr10_S7809002.cnv
* Sea-Bird SBE19plus  Data File:
* FileName = C:\R\Reservoirs\Data\DataNotYetUploadedToEDI\Raw_CTD\RawDownloads\051925_fcr50_S7809_0002.hex
* Software version 2.8.0.119
* Temperature SN = 7809
* Conductivity SN = 7809
* System UpLoad Time = May 27 2025 14:01:10
* <ApplicationData>
* <Seaterm232>
# nquan = 15
# nvalues = 687                         
# units = specified
# name 0 = depFM: Depth [fresh water, m]
# name 1 = dz/dtM: Descent Rate [m/s]
# name 2 = sbeox0Mg/L: Oxygen, SBE 43 [mg/l]
# name 3 = sbeox0PS: Oxygen, SBE 43 [% saturation]
# name 4 = specc: Specific Conductance [uS/cm]
# name 5 = c0uS/cm: Conductivity [uS/cm]
# name 6 = flECO-AFL: Fluorescence, WET Labs ECO-AFL/FL [mg/m^3]
# name 7 = ph: pH
# name 8 = orp: Oxidation Reduction Potential [mV]
# name 9 = par/sat/log: PAR/Logarithmic, Satlantic
# name 10 = turbWETntu0: Turbidity, WET Labs ECO [NTU]
# name 11 = prdM: Pressure, Strain Gauge [db]
# name 12 = prdE: Pressure, Strain Gauge [psi]
# name 13 = tv290C: Temperature [ITS-90, deg C]
# name 14 = flag:  0.000e+00
# span 0 =     -0.693,      2.396       
# span 1 =     -0.384,      0.290       
# span 2 =    -0.0225,    10.2875       
# span 3 =     -0.046,    114.312       
# span 4 =      0.917,     95.292       
# span 5 =   0.970912,  78.437904       
# span 6 =    -1.3674,    33.0874       
# span 7 =     -1.988,     12.508       
# span 8 = -1240.7455,   409.1841       
# span 9 = 1.3248e+01, 1.1334e+03       
# span 10 =    -1.4010,    66.2795      
# span 11 =     -0.679,      2.351      
# span 12 =     -0.986,      3.410      
# span 13 =    16.0660,    28.0186      
# span 14 = 0.0000e+00, 0.0000e+00      
# interval = seconds: 0.25
# start_time = May 19 2025 13:19:20 [Instrument's time stamp, header]
# bad_flag = -9.990e-29
*END*
[from data line 290]
      0.089      0.002     9.4758    105.059     31.854  28.970849     2.7361      9.152   188.0839 3.8753e+02     6.5504      0.087      0.126    20.4612 0.0000e+00
      0.092      0.003     9.4762    104.996     31.874  28.989693     2.7071      9.152   188.2658 4.0725e+02     6.4588      0.092      0.132    20.4644 0.0000e+00
      0.095      0.005     9.4724    104.968     31.894  29.006833     2.6976      9.153   188.4853 4.2444e+02     6.3964      0.094      0.136    20.4675 0.0000e+00
      0.096      0.005     9.4673    104.958     31.876  28.987805     2.7132      9.156   188.7602 4.1524e+02     6.4109      0.094      0.137    20.4701 0.0000e+00
      0.096      0.004     9.4641    104.927     31.837  28.949910     2.7374      9.158   189.0079 3.8858e+02     6.4280      0.093      0.135    20.4713 0.0000e+00
      0.096      0.003     9.4545    104.894     31.817  28.929220     2.7324      9.159   189.1568 3.7390e+02     6.3650      0.093      0.135    20.4714 0.0000e+00
      0.097      0.003     9.4536    104.863     31.818  28.927920     2.7027      9.162   189.1845 3.8311e+02     6.2302      0.095      0.138    20.4695 0.0000e+00
      0.099      0.003     9.4566    104.820     31.828  28.934195     2.6863      9.163   189.1701 4.0993e+02     6.1977      0.097      0.141    20.4656 0.0000e+00
      0.100      0.003     9.4515    104.770     31.838  28.941663     2.6918      9.164   189.2411 4.4681e+02     6.3481      0.098      0.143    20.4614 0.0000e+00
      0.100      0.002     9.4503    104.721     31.854  28.954783     2.7105      9.166   189.3542 4.7326e+02     6.5120      0.099      0.143    20.4577 0.0000e+00
      0.100     -0.001     9.4486    104.671     31.868  28.965963     2.7129      9.167   189.2474 4.7208e+02     6.5400      0.098      0.143    20.4540 0.0000e+00
      0.101     -0.005     9.4451    104.646     31.851  28.949985     2.6955      9.169   188.7237 4.8048e+02     6.5152      0.099      0.143    20.4501 0.0000e+00
      0.101     -0.015     9.4409    104.660     31.853  28.951872     2.6999      9.174   188.0995 4.9514e+02     6.5537      0.099      0.144    20.4467 0.0000e+00
      0.099     -0.032     9.4374    104.699     31.892  28.988780     2.7162      9.177   188.2392 4.7422e+02     6.5272      0.098      0.143    20.4444 0.0000e+00
      0.094     -0.057     9.4323    104.765     31.918  29.015672     2.7102      9.177   194.8861 4.6307e+02     6.3997      0.094      0.137    20.4427 0.0000e+00
      0.083     -0.087     9.4288    104.826     31.919  29.023310     2.6520      9.176   207.7227 4.9222e+02     6.3111      0.085      0.123    20.4416 0.0000e+00
      0.059     -0.112     9.4324    104.869     31.902  29.017712     2.5532      9.176   209.6539 5.4756e+02     6.2749      0.067      0.096    20.4406 0.0000e+00
      0.018     -0.128     9.4341    104.950     31.881  29.011435     2.5071      9.176   198.9641 7.3381e+02     6.3038      0.021      0.031    20.4412 0.0000e+00
     -0.033     -0.130     9.4402    105.074     31.866  29.010862     2.5020      9.174   192.3886 9.5986e+02     6.3197     -0.035     -0.052    20.4475 0.0000e+00
     -0.080     -0.116     9.4466    105.206     31.853  29.010794     2.4831      9.169   191.7546 9.6710e+02     6.2956     -0.082     -0.120    20.4576 0.0000e+00
     -0.113     -0.087     9.4424    105.309     31.845  29.010632     2.4538      9.163   191.4702 8.7328e+02     6.3540     -0.118     -0.170    20.4721 0.0000e+00
     -0.130     -0.052     9.4471    105.322     31.841  29.008914     2.4300      9.158   191.2735 8.5985e+02     6.4800     -0.132     -0.192    20.4932 0.0000e+00
     -0.131     -0.021     9.4556    105.259     31.822  28.990029     2.4370      9.156   191.1835 8.7406e+02     6.5882     -0.133     -0.192    20.5166 0.0000e+00
     -0.121     -0.004     9.4631    105.169     31.806  28.972575     2.4390      9.156   190.7259 8.6676e+02     6.5694     -0.120     -0.174    20.5366 0.0000e+00
     -0.108     -0.003     9.4751    105.060     31.825  28.988159     2.4288      9.159   189.8702 8.2745e+02     6.4239     -0.103     -0.150    20.5470 0.0000e+00
     -0.100     -0.015     9.4741    104.965     31.825  28.988160     2.4548      9.163   189.0970 7.5621e+02     6.3321     -0.096     -0.139    20.5489 0.0000e+00
     -0.104     -0.031     9.4664    104.950     31.806  28.972585     2.4955      9.166   188.6907 7.5393e+02     6.3476     -0.096     -0.140    20.5466 0.0000e+00
     -0.121     -0.047     9.4603    105.023     31.822  28.990143     2.5050      9.168   188.4852 8.6636e+02     6.3724     -0.114     -0.164    20.5412 0.0000e+00
     -0.149     -0.058     9.4505    105.127     31.840  29.010172     2.4608      9.170   188.4196 9.5450e+02     6.3927     -0.150     -0.217    20.5360 0.0000e+00
     -0.173     -0.059     9.4387    105.249     31.853  29.024470     2.3857      9.171   188.5856 9.3248e+02     6.4900     -0.175     -0.253    20.5365 0.0000e+00
     -0.186     -0.050     9.4360    105.407     31.864  29.036163     2.3547      9.171   188.9439 8.1453e+02     6.6266     -0.182     -0.263    20.5411 0.0000e+00
     -0.196     -0.032     9.4452    105.561     31.849  29.024696     2.3695      9.172   189.9982 6.6568e+02     6.6091     -0.193     -0.279    20.5460 0.0000e+00
     -0.204     -0.012     9.4538    105.641     31.834  29.012689     2.3976      9.173   197.3749 6.3896e+02     6.4157     -0.203     -0.295    20.5507 0.0000e+00
     -0.205      0.007     9.4619    105.635     31.838  29.017845     2.4362      9.176   209.9054 7.5008e+02     6.2354     -0.204     -0.296    20.5548 0.0000e+00
     -0.199      0.021     9.4776    105.588     31.843  29.023611     2.4619      9.180   211.3260 8.5832e+02     6.2394     -0.197     -0.286    20.5583 0.0000e+00
     -0.187      0.031     9.4940    105.529     31.836  29.018979     2.4755      9.184   206.1203 9.1094e+02     6.3617     -0.184     -0.266    20.5606 0.0000e+00
     -0.173      0.036     9.5012    105.456     31.841  29.025267     2.4849      9.189   205.2981 9.3064e+02     6.3476     -0.169     -0.246    20.5623 0.0000e+00
     -0.160      0.040     9.4980    105.394     31.851  29.036212     2.4836      9.191   200.1802 9.3534e+02     6.2056     -0.155     -0.226    20.5649 0.0000e+00
     -0.151      0.046     9.4915    105.347     31.837  29.024457     2.4922      9.190   194.2290 9.3540e+02     6.2169     -0.146     -0.212    20.5682 0.0000e+00
     -0.146      0.056     9.4874    105.290     31.824  29.009999     2.5062      9.187   192.7955 9.3775e+02     6.3473     -0.143     -0.208    20.5713 0.0000e+00
     -0.141      0.070     9.4783    105.234     31.809  28.988253     2.5192      9.182   192.2270 8.6851e+02     6.4157     -0.143     -0.206    20.5740 0.0000e+00
     -0.124      0.089     9.4716    105.167     31.783  28.951799     2.5332      9.179   191.9149 7.2772e+02     6.4633     -0.129     -0.187    20.5771 0.0000e+00
     -0.091      0.110     9.4697    105.109     31.799  28.949790     2.5256      9.178   191.5173 7.1316e+02     6.4786     -0.088     -0.127    20.5798 0.0000e+00
     -0.055      0.131     9.4625    105.094     31.834  28.963941     2.5273      9.178   191.1191 7.6217e+02     6.4983     -0.053     -0.076    20.5768 0.0000e+00
     -0.019      0.147     9.4618    105.078     31.818  28.932582     2.5628      9.178   190.9728 6.5860e+02     6.5648     -0.023     -0.034    20.5638 0.0000e+00
      0.023      0.156     9.4591    105.012     31.787  28.887753     2.6125      9.178   190.9520 5.3060e+02     6.5993      0.024      0.035    20.5435 0.0000e+00
      0.065      0.156     9.4553    104.882     31.779  28.865896     2.6545      9.179   190.8671 5.6295e+02     6.6073      0.067      0.097    20.5170 0.0000e+00
      0.105      0.149     9.4634    104.710     31.786  28.858572     2.6706      9.181   190.8936 6.3821e+02     6.6620      0.100      0.145    20.4870 0.0000e+00
      0.149      0.137     9.4682    104.559     31.803  28.862612     2.6913      9.184   191.1006 5.8448e+02     6.7489      0.147      0.213    20.4598 0.0000e+00
      0.189      0.122     9.4668    104.454     31.800  28.851294     2.7548      9.188   191.3909 4.8896e+02     6.7696      0.193      0.278    20.4350 0.0000e+00
      0.218      0.108     9.4598    104.374     31.734  28.785146     2.8308      9.192   191.7356 4.4004e+02     6.7076      0.217      0.314    20.4113 0.0000e+00
      0.236      0.095     9.4453    104.329     31.646  28.697085     2.8775      9.196   192.0852 4.0387e+02     6.6820      0.232      0.337    20.3887 0.0000e+00
      0.251      0.086     9.4342    104.350     31.633  28.674530     2.8952      9.199   192.2625 4.0253e+02     6.7327      0.245      0.354    20.3704 0.0000e+00
      0.270      0.084     9.4287    104.433     31.679  28.702710     2.9110      9.200   192.3306 4.2833e+02     6.7742      0.263      0.380    20.3579 0.0000e+00
      0.292      0.088     9.4229    104.544     31.716  28.720650     2.9437      9.201   192.5639 4.1949e+02     6.7402      0.286      0.415    20.3496 0.0000e+00
      0.315      0.094     9.4186    104.645     31.716  28.701149     2.9493      9.202   192.9327 3.7174e+02     6.6627      0.307      0.445    20.3382 0.0000e+00
      0.341      0.100     9.4249    104.719     31.689  28.657169     2.9372      9.202   193.1765 3.2939e+02     6.6914      0.331      0.481    20.3190 0.0000e+00
      0.371      0.103     9.4372    104.797     31.752  28.696290     2.9641      9.201   193.2744 3.2189e+02     6.8483      0.366      0.531    20.3003 0.0000e+00
      0.399      0.103     9.4527    104.897     31.880  28.793564     2.9913      9.199   193.3429 3.3002e+02     6.9544      0.391      0.567    20.2751 0.0000e+00
      0.424      0.100     9.4704    105.038     31.930  28.818438     2.9828      9.196   193.2301 3.1733e+02     6.9147      0.413      0.601    20.2409 0.0000e+00
      0.450      0.095     9.4796    105.272     31.940  28.806727     2.9791      9.194   193.1149 2.9047e+02     6.8463      0.442      0.640    20.2105 0.0000e+00
      0.475      0.089     9.4922    105.639     31.999  28.842220     3.0300      9.194   193.3269 2.6454e+02     6.8797      0.466      0.676    20.1834 0.0000e+00
      0.498      0.084     9.5058    106.139     32.115  28.930410     3.1148      9.195   193.8138 2.4731e+02     6.9767      0.490      0.712    20.1575 0.0000e+00
      0.516      0.081     9.5226    106.683     32.198  28.985016     3.1475      9.197   194.3553 2.3994e+02     6.9942      0.508      0.737    20.1239 0.0000e+00
      0.531      0.081     9.5502    107.179     32.165  28.931570     3.1253      9.199   194.6263 2.2997e+02     6.9214      0.519      0.753    20.0860 0.0000e+00
      0.550      0.084     9.5867    107.632     32.110  28.855019     3.1129      9.201   194.6813 2.1583e+02     6.8816      0.538      0.781    20.0608 0.0000e+00
      0.572      0.088     9.6406    108.070     32.103  28.820550     3.1392      9.203   194.7623 2.0611e+02     6.9920      0.561      0.814    20.0398 0.0000e+00
      0.595      0.092     9.6991    108.371     32.147  28.831913     3.1851      9.207   194.9177 2.0409e+02     7.1969      0.580      0.842    20.0083 0.0000e+00
      0.624      0.097     9.7529    108.477     32.423  29.055798     3.1934      9.211   195.2686 2.0178e+02     7.2739      0.611      0.886    19.9693 0.0000e+00
      0.653      0.106     9.7959    108.445     32.871  29.434326     3.1648      9.213   195.7361 1.9472e+02     7.2069      0.644      0.936    19.9287 0.0000e+00
      0.675      0.115     9.8535    108.278     33.090  29.602872     3.1473      9.213   196.0963 1.8812e+02     7.2399      0.664      0.964    19.8830 0.0000e+00
      0.695      0.120     9.8930    108.043     33.087  29.571330     3.1475      9.213   196.3546 1.7927e+02     7.4348      0.676      0.981    19.8371 0.0000e+00
      0.730      0.124     9.9019    107.801     33.105  29.560363     3.1510      9.214   196.6213 1.6320e+02     7.5478      0.710      1.029    19.8015 0.0000e+00
      0.775      0.126     9.9120    107.678     33.171  29.597095     3.1402      9.214   196.9128 1.5036e+02     7.5128      0.765      1.109    19.7705 0.0000e+00
      0.813      0.126     9.8968    107.801     33.239  29.634837     3.1333      9.214   197.2113 1.4491e+02     7.5243      0.802      1.164    19.7279 0.0000e+00
      0.840      0.120     9.8874    108.091     33.265  29.636091     3.1663      9.215   197.4770 1.3899e+02     7.6521      0.821      1.191    19.6790 0.0000e+00
      0.869      0.108     9.8685    108.444     33.259  29.612221     3.1988      9.215   197.7170 1.3111e+02     7.6917      0.850      1.232    19.6387 0.0000e+00
      0.899      0.093     9.8544    108.829     33.263  29.599931     3.1934      9.216   198.0479 1.2297e+02     7.5933      0.885      1.284    19.6078 0.0000e+00
      0.922      0.082     9.8797    109.218     33.294  29.614332     3.1922      9.216   198.5519 1.1647e+02     7.5554      0.906      1.315    19.5750 0.0000e+00
      0.937      0.077     9.9160    109.549     33.361  29.659467     3.2176      9.214   199.1653 1.1237e+02     7.6439      0.919      1.332    19.5384 0.0000e+00
      0.951      0.076     9.9549    109.768     33.501  29.765046     3.2427      9.212   199.6996 1.0878e+02     7.7745      0.934      1.355    19.5107 0.0000e+00
      0.963      0.076     9.9941    109.821     33.722  29.939387     3.2540      9.211   200.1071 1.0554e+02     7.7690      0.943      1.368    19.4894 0.0000e+00
      0.982      0.080    10.0374    109.678     33.955  30.118164     3.2555      9.210   200.3935 1.0123e+02     7.6454      0.957      1.388    19.4700 0.0000e+00
      1.010      0.087    10.0724    109.353     34.102  30.213926     3.3261      9.208   200.6668 9.6150e+01     7.6466      0.992      1.439    19.4500 0.0000e+00
      1.037      0.094    10.1001    108.803     34.146  30.209135     3.4754      9.207   201.0030 9.3356e+01     7.7496      1.020      1.479    19.4230 0.0000e+00
      1.058      0.100    10.1137    107.923     34.176  30.187047     3.5537      9.206   201.1895 9.0830e+01     7.7978      1.035      1.502    19.3895 0.0000e+00
      1.082      0.102    10.1066    106.718     34.243  30.200531     3.5407      9.203   201.2005 8.7379e+01     7.7508      1.060      1.537    19.3495 0.0000e+00
      1.110      0.099    10.0882    105.346     34.338  30.245238     3.4932      9.201   201.2217 8.4328e+01     7.6938      1.088      1.578    19.2980 0.0000e+00
      1.139      0.094    10.0560    103.946     34.490  30.346944     3.4460      9.200   201.3603 8.1038e+01     7.7915      1.117      1.620    19.2329 0.0000e+00
      1.166      0.086     9.9908    102.645     34.670  30.478718     3.4442      9.199   201.5849 7.7809e+01     7.9410      1.146      1.662    19.1581 0.0000e+00
      1.189      0.074     9.8846    101.525     34.797  30.569812     3.4544      9.197   201.7862 7.5055e+01     7.9994      1.168      1.694    19.0869 0.0000e+00
      1.206      0.059     9.7663    100.594     34.877  30.623684     3.4440      9.195   201.9881 7.2912e+01     7.8822      1.186      1.720    19.0312 0.0000e+00
      1.216      0.046     9.6404     99.887     34.892  30.622594     3.4357      9.193   202.2186 7.1174e+01     7.5824      1.195      1.732    18.9867 0.0000e+00
      1.223      0.037     9.5228     99.385     34.827  30.556606     3.4540      9.192   202.5086 6.9525e+01     7.4151      1.199      1.738    18.9491 0.0000e+00
      1.229      0.033     9.4276     99.010     34.580  30.333294     3.4900      9.190   202.9133 6.8174e+01     7.4654      1.206      1.748    18.9191 0.0000e+00
