Data/DataNotYetUploadedToEDI/Raw_CTD/RawDownloads/051925_fcr30_S7809004.cnv
* Sea-Bird SBE19plus  Data File:
* FileName = C:\R\Reservoirs\Data\DataNotYetUploadedToEDI\Raw_CTD\RawDownloads\051925_fcr50_S7809_0004.hex
* Software version 2.8.0.119
* Temperature SN = 7809
* Conductivity SN = 7809
* System UpLoad Time = May 27 2025 14:02:03
* <ApplicationData>
* <Seaterm232>
# nquan = 15
# nvalues = 937                         
# units = specified
# name 0 = depFM: Depth [fresh water, m]
# name 1 = dz/dtM: Descent Rate [m/s]
# name 2 = sbeox0Mg/L: Oxygen, SBE 43 [mg/l]
# name 3 = sbeox0PS: Oxygen, SBE 43 [% saturation]
# name 4 = specc: Specific Conductance [uS/cm]
# name 5 = c0uS/cm: Conductivity [uS/cm]
# name 6 = flECO-AFL: Fluorescence, WET Labs ECO-AFL/FL [mg/m^3]
# name 7 = ph: pH
# name 8 = orp: Oxidation Reduction Potential [mV]
# name 9 = par/sat/log: PAR/Logarithmic, Satlantic
# name 10 = turbWETntu0: Turbidity, WET Labs ECO [NTU]
# name 11 = prdM: Pressure, Strain Gauge [db]
# name 12 = prdE: Pressure, Strain Gauge [psi]
# name 13 = tv290C: Temperature [ITS-90, deg C]
# name 14 = flag:  0.000e+00
# span 0 =     -0.682,      5.301       
# span 1 =     -0.382,      0.281       
# span 2 =     3.3274,    10.9389       
# span 3 =     30.617,    118.394       
# span 4 =      1.587,     38.459       
# span 5 =   1.491069,  30.453313       
# span 6 =    -0.1091,    13.7266       
# span 7 =      5.561,      9.757       
# span 8 = -1240.7455,  1240.2295       
# span 9 = 1.0609e+00, 2.1913e+03       
# span 10 =    -5.1236,   931.9507      
# span 11 =     -0.669,      5.199      
# span 12 =     -0.971,      7.541      
# span 13 =     9.9691,    22.3807      
# span 14 = 0.0000e+00, 0.0000e+00      
# interval = seconds: 0.25
# start_time = May 19 2025 13:42:07 [Instrument's time stamp, header]
# bad_flag = -9.990e-29
*END*
[from data line 482]
      1.472      0.079    10.7028    113.757     33.088  28.719399     5.2601      9.738   194.2284 1.9549e+02     9.7697      1.445      2.095    18.4689 0.0000e+00
      1.491      0.075    10.6976    113.601     33.168  28.768352     5.7605      9.736   194.4330 1.8963e+02     9.8482      1.462      2.120    18.4566 0.0000e+00
      1.509      0.070    10.6926    113.370     33.191  28.767864     6.0649      9.735   194.6430 1.8377e+02     9.8200      1.479      2.145    18.4406 0.0000e+00
      1.527      0.066    10.6868    113.040     33.223  28.776894     6.1609      9.734   194.7893 1.7982e+02     9.7360      1.498      2.172    18.4204 0.0000e+00
      1.544      0.063    10.6827    112.592     33.284  28.814085     6.8704      9.732   194.9970 1.7676e+02     9.7900      1.516      2.199    18.3961 0.0000e+00
      1.558      0.062    10.6760    111.992     33.330  28.836945     8.2018      9.730   195.2618 1.7377e+02     9.9599      1.529      2.217    18.3633 0.0000e+00
      1.572      0.062    10.6633    111.282     33.310  28.799563     8.9333      9.728   195.3237 1.7088e+02    10.0131      1.540      2.233    18.3294 0.0000e+00
      1.587      0.063    10.6368    110.563     33.274  28.742648     9.0147      9.724   195.3148 1.6820e+02     9.9558      1.555      2.255    18.3039 0.0000e+00
      1.604      0.064    10.6028    109.867     33.283  28.719607     9.2194      9.722   195.6705 1.6586e+02     9.9842      1.572      2.280    18.2816 0.0000e+00
      1.622      0.065    10.5499    109.162     33.307  28.711226     9.5864      9.720   196.3553 1.6235e+02    10.1861      1.590      2.307    18.2566 0.0000e+00
      1.641      0.067    10.4835    108.399     33.326  28.704706     9.7969      9.718   196.8831 1.5715e+02    10.3816      1.609      2.333    18.2278 0.0000e+00
      1.657      0.067    10.4243    107.557     33.345  28.704167     9.8175      9.716   197.2341 1.5311e+02    10.3669      1.625      2.357    18.1897 0.0000e+00
      1.672      0.065    10.3701    106.669     33.362  28.704677     9.8614      9.714   197.6739 1.4976e+02    10.2478      1.639      2.376    18.1397 0.0000e+00
      1.688      0.061    10.3156    105.761     33.387  28.710860    10.6429      9.711   198.1574 1.4556e+02    10.1369      1.655      2.400    18.0928 0.0000e+00
      1.706      0.055    10.2523    104.824     33.410  28.715471    12.1249      9.708   198.6059 1.4194e+02    10.0502      1.674      2.428    18.0584 0.0000e+00
      1.723      0.050    10.1751    103.859     33.402  28.696987    12.9576      9.706   198.8809 1.3964e+02    10.0527      1.691      2.453    18.0348 0.0000e+00
      1.734      0.046    10.0941    102.935     33.390  28.677644    13.0535      9.705   198.9867 1.3819e+02    10.0655      1.702      2.468    18.0166 0.0000e+00
      1.742      0.045    10.0135    102.163     33.393  28.671873    13.2093      9.704   199.0245 1.3682e+02    10.0689      1.707      2.477    17.9932 0.0000e+00
      1.748      0.045     9.9306    101.568     33.352  28.627196    13.5176      9.702   199.0795 1.3512e+02    10.1960      1.713      2.485    17.9680 0.0000e+00
      1.757      0.046     9.8408    101.121     33.238  28.518008    13.7097      9.701   199.3078 1.3247e+02    10.3389      1.721      2.496    17.9515 0.0000e+00
      1.771      0.047     9.7493    100.765     33.153  28.429944    13.7266      9.699   199.7199 1.2860e+02    10.3623      1.735      2.517    17.9388 0.0000e+00
      1.789      0.047     9.6792    100.426     33.199  28.450390    13.5474      9.698   200.4485 1.2529e+02    10.3069      1.756      2.546    17.9268 0.0000e+00
      1.805      0.043     9.6264    100.016     33.297  28.511485    13.2078      9.697   201.3202 1.2342e+02    10.2154      1.771      2.568    17.9143 0.0000e+00
      1.816      0.036     9.5893     99.374     33.345  28.534334    13.0330      9.694   201.8283 1.2212e+02    10.2130      1.781      2.583    17.8956 0.0000e+00
      1.823      0.026     9.5624     98.346     33.363  28.536345    13.0230      9.690   202.1175 1.2136e+02    10.3129      1.790      2.596    17.8771 0.0000e+00
      1.827      0.017     9.5375     96.965     33.377  28.535795    12.8877      9.689   202.4938 1.2096e+02    10.3975      1.793      2.600    17.8460 0.0000e+00
      1.828      0.010     9.5130     95.507     33.384  28.527660    12.6292      9.689   202.8502 1.2063e+02    10.4503      1.793      2.600    17.8049 0.0000e+00
      1.828      0.006     9.4637     94.263     33.373  28.501402    12.4937      9.688   203.0715 1.2037e+02    10.4385      1.793      2.600    17.7784 0.0000e+00
      1.828      0.006     9.3697     93.328     33.357  28.471999    12.4974      9.686   203.1901 1.1970e+02    10.4263      1.793      2.600    17.7610 0.0000e+00
      1.828      0.010     9.2296     92.671     33.389  28.489262    12.4662      9.685   203.2523 1.1888e+02    10.4728      1.792      2.598    17.7442 0.0000e+00
      1.830      0.017     9.0826     92.265     33.431  28.519836    12.3577      9.683   203.3069 1.1808e+02    10.4550      1.794      2.601    17.7246 0.0000e+00
      1.834      0.025     8.9675     92.046     33.444  28.524516    12.2758      9.681   203.5072 1.1688e+02    10.4497      1.797      2.607    17.6966 0.0000e+00
      1.842      0.032     8.8864     91.924     33.479  28.545845    12.2585      9.680   203.7804 1.1492e+02    10.5459      1.804      2.617    17.6692 0.0000e+00
      1.852      0.037     8.8252     91.761     33.539  28.587430    12.0480      9.677   203.9434 1.1228e+02    10.5586      1.815      2.633    17.6561 0.0000e+00
      1.866      0.037     8.7906     91.445     33.626  28.646743    11.6201      9.675   204.1866 1.0958e+02    10.3986      1.829      2.652    17.6519 0.0000e+00
      1.879      0.037     8.7736     91.034     33.702  28.692118    11.3720      9.674   204.5705 1.0738e+02    10.2511      1.845      2.675    17.6426 0.0000e+00
      1.889      0.038     8.7685     90.619     33.725  28.692035    11.3290      9.672   204.8860 1.0578e+02    10.2781      1.854      2.689    17.6298 0.0000e+00
      1.894      0.042     8.7628     90.229     33.758  28.709141    11.3090      9.670   205.1615 1.0438e+02    10.3501      1.858      2.694    17.6175 0.0000e+00
      1.898      0.049     8.7309     89.859     33.834  28.772070    11.0970      9.667   205.4069 1.0270e+02    10.3005      1.860      2.697    17.5960 0.0000e+00
      1.907      0.055     8.6945     89.501     33.886  28.818625    10.6706      9.663   205.6150 9.9846e+01    10.1912      1.864      2.705    17.5631 0.0000e+00
      1.927      0.058     8.6606     89.184     33.900  28.828041    10.4234      9.660   205.7849 9.6035e+01    10.1559      1.887      2.737    17.5297 0.0000e+00
      1.953      0.058     8.6262     88.900     33.904  28.822484    10.3799      9.658   205.8260 9.2900e+01    10.2155      1.917      2.781    17.5116 0.0000e+00
      1.975      0.053     8.5917     88.455     33.910  28.814853    10.2533      9.656   205.9400 9.1044e+01    10.2974      1.940      2.815    17.5144 0.0000e+00
      1.987      0.044     8.5551     87.610     33.907  28.799182    10.0162      9.653   206.2175 9.0290e+01    10.2915      1.951      2.831    17.5217 0.0000e+00
      1.991      0.035     8.5224     86.358     33.879  28.759848     9.8692      9.649   206.4277 9.0092e+01    10.2466      1.953      2.832    17.5187 0.0000e+00
      1.992      0.029     8.5064     84.894     33.854  28.719822     9.8574      9.646   206.5029 8.9801e+01    10.3006      1.953      2.832    17.5033 0.0000e+00
      1.995      0.027     8.4787     83.439     33.854  28.695780     9.8309      9.645   206.5234 8.9206e+01    10.3644      1.955      2.834    17.4843 0.0000e+00
      2.002      0.030     8.3999     82.049     33.844  28.659414     9.7574      9.642   206.5902 8.8222e+01    10.3687      1.962      2.845    17.4648 0.0000e+00
      2.014      0.036     8.2765     80.717     33.803  28.597218     9.7092      9.640   206.7086 8.7080e+01    10.3180      1.975      2.864    17.4438 0.0000e+00
      2.026      0.043     8.1305     79.522     33.731  28.514592     9.6803      9.638   206.7497 8.6028e+01    10.1959      1.988      2.882    17.4177 0.0000e+00
      2.036      0.052     7.9966     78.519     33.643  28.421503     9.5414      9.635   206.7435 8.4901e+01    10.1569      1.998      2.898    17.3804 0.0000e+00
      2.046      0.059     7.8743     77.682     33.594  28.359646     9.2954      9.631   206.8913 8.3464e+01    10.2209      2.005      2.909    17.3355 0.0000e+00
      2.060      0.065     7.7471     76.920     33.595  28.337503     9.1527      9.627   207.3323 8.1378e+01    10.2875      2.016      2.925    17.2926 0.0000e+00
      2.081      0.070     7.6367     76.179     33.553  28.280596     9.1230      9.625   208.1184 7.8599e+01    10.3129      2.039      2.957    17.2612 0.0000e+00
      2.106      0.074     7.5439     75.444     33.457  28.178976     9.1029      9.624   208.9966 7.6119e+01    10.2205      2.067      2.999    17.2368 0.0000e+00
      2.128      0.075     7.4729     74.688     33.418  28.123623     9.1764      9.622   209.5184 7.4172e+01    10.1266      2.088      3.028    17.2066 0.0000e+00
      2.146      0.075     7.4074     73.921     33.443  28.118713     9.3371      9.619   209.6956 7.2180e+01    10.0994      2.104      3.052    17.1708 0.0000e+00
      2.162      0.074     7.3389     73.158     33.478  28.119581     9.4150      9.615   209.8479 7.0197e+01    10.0280      2.120      3.075    17.1383 0.0000e+00
      2.178      0.071     7.2768     72.408     33.529  28.134090     9.4606      9.611   209.9831 6.7937e+01     9.9813      2.135      3.096    17.1088 0.0000e+00
      2.197      0.066     7.2053     71.594     33.601  28.167241    10.1462      9.609   210.1265 6.5265e+01    10.1497      2.153      3.123    17.0768 0.0000e+00
      2.218      0.061     7.1392     70.691     33.673  28.203250    11.4205      9.607   210.3767 6.2882e+01    10.4586      2.175      3.155    17.0379 0.0000e+00
      2.237      0.056     7.0685     69.819     33.755  28.252308    12.1175      9.604   210.5991 6.1268e+01    10.6076      2.196      3.185    16.9929 0.0000e+00
      2.249      0.052     7.0071     69.031     33.850  28.316382    12.1810      9.601   210.7504 6.0276e+01    10.5515      2.208      3.203    16.9500 0.0000e+00
      2.256      0.051     6.9379     68.333     33.975  28.407094    12.2717      9.599   210.9159 5.9511e+01    10.5318      2.211      3.207    16.9105 0.0000e+00
      2.262      0.053     6.8459     67.731     34.139  28.524532    12.4646      9.597   211.1370 5.8584e+01    10.6086      2.216      3.214    16.8723 0.0000e+00
      2.274      0.058     6.7672     67.172     34.258  28.594592    12.5903      9.594   211.4448 5.7277e+01    10.6253      2.227      3.231    16.8409 0.0000e+00
      2.293      0.066     6.6932     66.599     34.330  28.619873    12.6180      9.591   211.7989 5.5714e+01    10.5975      2.248      3.260    16.8211 0.0000e+00
      2.314      0.076     6.6266     65.977     34.396  28.639875    12.7836      9.588   212.0631 5.4243e+01    10.5453      2.270      3.293    16.8042 0.0000e+00
      2.335      0.083     6.5744     65.212     34.443  28.646103    13.1114      9.584   212.2303 5.3137e+01    10.4732      2.290      3.322    16.7778 0.0000e+00
      2.355      0.086     6.5288     64.204     34.463  28.631705    13.2929      9.579   212.3577 5.1704e+01    10.4762      2.307      3.344    16.7342 0.0000e+00
      2.381      0.086     6.4799     62.968     34.453  28.592612    13.2390      9.576   212.4846 4.9758e+01    10.4797      2.334      3.384    16.6779 0.0000e+00
      2.408      0.081     6.4308     61.638     34.444  28.553957    12.4765      9.573   212.7322 4.8315e+01    10.3112      2.365      3.431    16.6268 0.0000e+00
      2.429      0.072     6.3665     60.327     34.469  28.544868    11.0892      9.569   213.2009 4.7055e+01    10.0441      2.381      3.454    16.5820 0.0000e+00
      2.446      0.061     6.2744     59.116     34.502  28.546106    10.3486      9.566   213.6773 4.5802e+01     9.9827      2.400      3.480    16.5364 0.0000e+00
      2.461      0.050     6.1530     58.153     34.479  28.505462    10.2971      9.563   213.9327 4.5168e+01    10.0809      2.417      3.506    16.4907 0.0000e+00
      2.470      0.042     6.0242     57.502     34.415  28.433991    10.2590      9.559   214.1371 4.4826e+01    10.0700      2.423      3.515    16.4454 0.0000e+00
      2.473      0.039     5.9028     57.150     34.371  28.379634     9.9620      9.555   214.3414 4.4433e+01     9.9190      2.425      3.518    16.4012 0.0000e+00
      2.478      0.041     5.7789     57.060     34.291  28.292203     9.4615      9.553   214.5102 4.3770e+01     9.7928      2.429      3.522    16.3625 0.0000e+00
      2.487      0.047     5.6883     57.124     34.132  28.137971     9.2091      9.550   214.8018 4.2653e+01     9.8421      2.438      3.536    16.3315 0.0000e+00
      2.501      0.055     5.6287     57.236     33.967  27.973616     9.1834      9.546   215.1993 4.1333e+01     9.9004      2.452      3.557    16.3069 0.0000e+00
      2.519      0.063     5.5964     57.340     33.832  27.827202     9.0259      9.543   215.5317 3.9858e+01     9.6092      2.468      3.580    16.2804 0.0000e+00
      2.539      0.070     5.5971     57.372     33.724  27.699591     8.7349      9.540   215.7225 3.8322e+01     9.0546      2.490      3.612    16.2502 0.0000e+00
      2.559      0.075     5.6105     57.275     33.619  27.572295     8.5791      9.535   215.7862 3.7040e+01     8.7966      2.511      3.642    16.2188 0.0000e+00
      2.576      0.080     5.6282     57.106     33.574  27.493108     8.5072      9.531   216.0437 3.5883e+01     8.8809      2.526      3.663    16.1758 0.0000e+00
      2.594      0.082     5.6460     56.936     33.797  27.630043     7.5905      9.529   216.7708 3.4558e+01     8.9129      2.541      3.686    16.1217 0.0000e+00
      2.618      0.081     5.6610     56.782     34.184  27.895965     5.8860      9.526   217.5221 3.3132e+01     8.8409      2.566      3.722    16.0650 0.0000e+00
      2.643      0.079     5.6544     56.727     34.360  27.980990     4.9518      9.523   217.9871 3.1887e+01     8.7969      2.594      3.761    16.0057 0.0000e+00
      2.665      0.074     5.6416     56.782     34.335  27.896900     4.8350      9.521   218.3483 3.0900e+01     8.8243      2.615      3.792    15.9406 0.0000e+00
      2.684      0.067     5.6359     56.774     34.330  27.830564     4.3902      9.518   218.6207 3.0106e+01     8.7968      2.633      3.819    15.8746 0.0000e+00
      2.700      0.057     5.6227     56.459     34.375  27.813101     3.5519      9.516   218.7844 2.9528e+01     8.6344      2.648      3.841    15.8048 0.0000e+00
      2.712      0.049     5.6264     55.651     34.422  27.812547     3.0804      9.513   218.9514 2.9128e+01     8.5698      2.660      3.858    15.7175 0.0000e+00
      2.721      0.044     5.6514     54.355     34.460  27.823820     3.0346      9.508   219.0905 2.8733e+01     8.6307      2.668      3.870    15.6205 0.0000e+00
      2.729      0.042     5.6708     52.800     34.467  27.822528     3.1060      9.505   219.1762 2.8280e+01     8.5851      2.676      3.881    15.5271 0.0000e+00
      2.739      0.042     5.6575     51.297     34.452  27.796916     3.2609      9.503   219.3851 2.7860e+01     8.4626      2.686      3.895    15.4445 0.0000e+00
      2.749      0.044     5.5841     50.046     34.441  27.767844     3.3434      9.500   219.6371 2.7463e+01     8.3789      2.695      3.908    15.3832 0.0000e+00
      2.759      0.049     5.4483     49.165     34.413  27.724691     3.3293      9.497   219.8154 2.6963e+01     8.3583      2.706      3.923    15.3600 0.0000e+00
