Data/DataNotYetUploadedToEDI/Raw_CTD/RawDownloads/051925_fcr40_S7809005.cnv
* Sea-Bird SBE19plus  Data File:
* FileName = C:\R\Reservoirs\Data\DataNotYetUploadedToEDI\Raw_CTD\RawDownloads\051925_fcr50_S7809_0005.hex
* Software version 2.8.0.119
* Temperature SN = 7809
* Conductivity SN = 7809
* System UpLoad Time = May 27 2025 14:02:31
* <ApplicationData>
* <Seaterm232>
# nquan = 15
# nvalues = 1041                        
# units = specified
# name 0 = depFM: Depth [fresh water, m]
# name 1 = dz/dtM: Descent Rate [m/s]
# name 2 = sbeox0Mg/L: Oxygen, SBE 43 [mg/l]
# name 3 = sbeox0PS: Oxygen, SBE 43 [% saturation]
# name 4 = specc: Specific Conductance [uS/cm]
# name 5 = c0uS/cm: Conductivity [uS/cm]
# name 6 = flECO-AFL: Fluorescence, WET Labs ECO-AFL/FL [mg/m^3]
# name 7 = ph: pH
# name 8 = orp: Oxidation Reduction Potential [mV]
# name 9 = par/sat/log: PAR/Logarithmic, Satlantic
# name 10 = turbWETntu0: Turbidity, WET Labs ECO [NTU]
# name 11 = prdM: Pressure, Strain Gauge [db]
# name 12 = prdE: Pressure, Strain Gauge [psi]
# name 13 = tv290C: Temperature [ITS-90, deg C]
# name 14 = flag:  0.000e+00
# span 0 =     -0.675,      5.919       
# span 1 =     -0.403,      0.286       
# span 2 =     4.1211,    11.1073       
# span 3 =     37.682,    119.101       
# span 4 =      1.729,     39.861       
# span 5 =   1.505311,  30.003962       
# span 6 =    -2.0495,    15.1404       
# span 7 =      7.041,      9.812       
# span 8 =  -399.5000,   423.3094       
# span 9 = 6.1856e-01, 2.0260e+03       
# span 10 =    -6.1680,   124.5875      
# span 11 =     -0.663,      5.807      
# span 12 =     -0.962,      8.422      
# span 13 =     9.9218,    21.8493      
# span 14 = 0.0000e+00, 0.0000e+00      
# interval = seconds: 0.25
# start_time = May 19 2025 13:49:24 [Instrument's time stamp, header]
# bad_flag = -9.990e-29
*END*
     -0.672 -1.723e-16     8.4595     90.353      4.521   3.937493    -0.0248      7.817   -60.7471 1.5638e+02    -0.0691     -0.659     -0.956    18.5349 0.0000e+00
     -0.672 -1.896e-15     8.4559     90.371      3.996   3.480575    -0.0257      7.857   -55.0133 1.4988e+02    -0.1312     -0.659     -0.956    18.5337 0.0000e+00
     -0.672 -2.086e-14     8.4577     90.421      3.511   3.058038    -0.0482      7.881   -42.7791 1.3867e+02    -0.1581     -0.659     -0.955    18.5335 0.0000e+00
     -0.672 -2.294e-13     8.4606     90.481      3.165   2.756204    -0.0553      7.875   -24.5035 1.2790e+02    -0.1213     -0.659     -0.956    18.5356 0.0000e+00
     -0.672 -2.524e-12     8.4591     90.511      2.934   2.555044    -0.0359      7.851    -9.3930 1.2343e+02    -0.0612     -0.659     -0.956    18.5382 0.0000e+00
     -0.672 -2.776e-11     8.4598     90.517      2.756   2.399510    -0.0305      7.836     3.0329 1.2453e+02    -0.0804     -0.659     -0.956    18.5401 0.0000e+00
     -0.672 -3.054e-10     8.4646     90.529      2.606   2.269256    -0.0485      7.838    21.8874 1.2506e+02    -0.1486     -0.659     -0.956    18.5417 0.0000e+00
     -0.672 -3.359e-09     8.4726     90.544      2.507   2.183705    -0.0533      7.847    52.1752 1.2240e+02    -0.1337     -0.659     -0.956    18.5432 0.0000e+00
     -0.672 -3.695e-08     8.4745     90.558      2.440   2.125251    -0.0391      7.858    79.4599 1.1966e+02    -0.1056     -0.659     -0.955    18.5443 0.0000e+00
     -0.672 -4.064e-07     8.4730     90.559      2.376   2.069248    -0.0427      7.868    98.1414 1.1921e+02    -0.1501     -0.658     -0.955    18.5449 0.0000e+00
     -0.672     -0.000     8.4753     90.546      2.311   2.013332    -0.0632      7.871   115.0065 1.2156e+02    -0.1599     -0.659     -0.955    18.5452 0.0000e+00
     -0.672     -0.000     8.4763     90.538      2.246   1.955931    -0.0630      7.877   112.6730 1.2642e+02    -0.0870     -0.659     -0.956    18.5451 0.0000e+00
     -0.672     -0.001     8.4781     90.548      2.161   1.881961    -0.0492      7.858    98.8364 1.3192e+02    -0.0888     -0.659     -0.956    18.5450 0.0000e+00
     -0.672     -0.001     8.4789     90.557      2.085   1.815752    -0.0542      7.787   108.7747 1.3643e+02    -0.1826     -0.659     -0.956    18.5446 0.0000e+00
     -0.672     -0.000     8.4764     90.547      2.054   1.788833    -0.0557      7.695   131.6535 1.4017e+02    -0.1615     -0.659     -0.956    18.5440 0.0000e+00
     -0.672 -1.511e-08     8.4754     90.556      2.005   1.746513    -0.0428      7.590   -43.5482 1.4442e+02     0.0639     -0.659     -0.956    18.5433 0.0000e+00
     -0.673 -1.663e-07     8.4770     90.587      1.934   1.684123    -0.0486      7.437  -386.4437 1.4915e+02     0.3567     -0.660     -0.957    18.5427 0.0000e+00
     -0.673 2.0322e-07     8.4798     90.593      1.916   1.667908    -0.0586      7.255  -399.5000 1.5788e+02     0.5436     -0.660     -0.957    18.5420 0.0000e+00
     -0.673      0.000     8.4766     90.587      1.926   1.677138    -0.0481      7.154  -144.2805 1.7754e+02     0.6836     -0.660     -0.957    18.5414 0.0000e+00
     -0.672      0.000     8.4762     90.588      1.916   1.669039    -0.0457      7.120    26.9280 2.0039e+02     1.2304     -0.659     -0.956    18.5407 0.0000e+00
     -0.672      0.001     8.4837     90.573      1.875   1.633336    -0.0798      7.051   192.0690 2.1095e+02     2.0640     -0.659     -0.956    18.5397 0.0000e+00
     -0.672      0.001     8.4823     90.542      1.794   1.562167    -0.1185      7.041   322.9914 2.1546e+02     2.4281     -0.658     -0.955    18.5387 0.0000e+00
     -0.672      0.000     8.4803     90.503      1.729   1.505311    -0.1150      7.143   369.9870 2.1748e+02     2.4561     -0.659     -0.956    18.5385 0.0000e+00
     -0.672 1.8476e-08     8.4832     90.458      1.741   1.515973    -0.0873      7.242   404.6023 1.9856e+02     2.5052     -0.659     -0.955    18.5386 0.0000e+00
     -0.672 2.0324e-07     8.4807     90.428      1.941   1.691076    -0.0493      7.272   422.8325 1.5907e+02     1.8596     -0.658     -0.955    18.5385 0.0000e+00
     -0.672 2.0354e-07     8.4771     90.409      2.340   2.038891     0.0109      7.262   419.8778 1.2388e+02     0.5939     -0.659     -0.954    18.5404 0.0000e+00
     -0.672 2.2083e-08     8.4733     90.380      2.714   2.364175     0.0492      7.259   411.2945 1.2202e+02    -0.0225     -0.660     -0.956    18.5449 0.0000e+00
     -0.672 4.1385e-08     8.4667     90.365      2.894   2.520196     0.0395      7.254   410.8561 2.4634e+02    -0.0934     -0.659     -0.957    18.5500 0.0000e+00
     -0.672 4.3692e-07     8.4635     90.389      2.834   2.468387    -0.1228      7.234   417.8475 5.3445e+02    -0.1954     -0.659     -0.956    18.5515 0.0000e+00
     -0.672      0.000     8.4639     90.418      2.650   2.307864    -0.4063      7.206   422.5209 8.2955e+02    -0.1623     -0.659     -0.956    18.5517 0.0000e+00
     -0.672      0.000     8.4598     90.428      2.556   2.226298    -0.5413      7.165   423.3094 1.0005e+03    -0.0689     -0.659     -0.956    18.5492 0.0000e+00
     -0.672      0.001     8.4569     90.463      2.936   2.559042    -0.5484      7.140   419.4656 1.0044e+03    -0.1589     -0.659     -0.956    18.5495 0.0000e+00
     -0.672      0.006     8.4618     90.551      7.527   6.584422    -0.4511      7.254   369.8509 8.9969e+02    -0.7723     -0.660     -0.957    18.5447 0.0000e+00
     -0.672      0.025     8.4660     90.601     18.843  16.614687    -0.2224      7.531   260.5024 9.0899e+02    -1.7126     -0.659     -0.956    18.5480 0.0000e+00
     -0.672      0.059     8.4652     90.473     29.356  26.164097    -0.0714      7.817   177.9952 1.1038e+03    -2.1685     -0.658     -0.954    18.5381 0.0000e+00
     -0.669      0.101     8.4663     90.333     32.879  29.678701    -0.0069      8.007   154.4467 1.3268e+03    -2.0830     -0.660     -0.957    18.5500 0.0000e+00
     -0.649      0.149     8.4784     90.357     32.845  30.003962     0.3326      8.121   137.1891 1.5343e+03    -0.4060     -0.653     -0.947    18.5272 0.0000e+00
     -0.594      0.198     8.4644     90.427     32.495  29.970423     0.9453      8.202   124.5488 1.7686e+03     2.8395     -0.592     -0.859    18.7079 0.0000e+00
     -0.518      0.243     8.3210     90.592     32.113  29.844453     1.2999      8.272   124.0481 1.9601e+03     4.7062     -0.503     -0.729    19.4302 0.0000e+00
     -0.443      0.275     8.1695     90.924     31.848  29.749801     1.3499      8.343   124.4251 2.0260e+03     4.9137     -0.437     -0.633    20.1847 0.0000e+00
     -0.368      0.286     8.1064     91.417     31.803  29.777663     1.3496      8.414   125.7510 2.0099e+03     4.8702     -0.365     -0.528    20.7040 0.0000e+00
     -0.288      0.274     8.0329     92.028     31.880  29.864266     1.3884      8.477   133.1100 2.0231e+03     4.6923     -0.281     -0.407    21.1421 0.0000e+00
     -0.208      0.244     7.9906     92.586     31.886  29.845467     1.4937      8.530   151.1959 1.8013e+03     4.5390     -0.201     -0.292    21.5042 0.0000e+00
     -0.140      0.204     7.9833     93.021     31.836  29.740624     1.5658      8.579   169.2500 1.2866e+03     4.5538     -0.129     -0.187    21.7536 0.0000e+00
     -0.090      0.155     8.0103     93.403     31.841  29.674854     1.5778      8.623   176.0524 1.4455e+03     4.5642     -0.083     -0.120    21.8374 0.0000e+00
     -0.061      0.102     8.0724     93.731     31.906  29.684448     1.5812      8.660   175.6246 1.8754e+03     4.4598     -0.055     -0.080    21.8493 0.0000e+00
     -0.046      0.058     8.1279     93.973     31.977  29.729696     1.5903      8.690   165.7129 1.4860e+03     4.3168     -0.041     -0.060    21.8198 0.0000e+00
     -0.046      0.031     8.1774     94.070     31.961  29.714474     1.6122      8.715   147.4122 1.1687e+03     4.2695     -0.040     -0.058    21.7120 0.0000e+00
     -0.056      0.022     8.2343     93.998     31.858  29.627268     1.6466      8.739   136.9285 1.1902e+03     4.3656     -0.054     -0.079    21.5788 0.0000e+00
     -0.067      0.022     8.2776     93.925     31.781  29.563329     1.6401      8.763   135.3193 1.0422e+03     4.4543     -0.072     -0.104    21.4949 0.0000e+00
     -0.062      0.026     8.3030     93.921     31.792  29.575712     1.5907      8.785   134.8381 9.7990e+02     4.5222     -0.069     -0.101    21.4704 0.0000e+00
     -0.038      0.031     8.3172     93.889     31.877  29.650123     1.5657      8.805   134.8102 9.7848e+02     4.5715     -0.039     -0.057    21.4759 0.0000e+00
     -0.013      0.036     8.2963     93.824     31.944  29.701868     1.5718      8.821   134.6368 8.8983e+02     4.5716     -0.003     -0.005    21.4933 0.0000e+00
     -0.004      0.037     8.2852     93.769     31.952  29.693889     1.5896      8.834   134.0325 1.0276e+03     4.5237      0.000      0.001    21.5105 0.0000e+00
     -0.008      0.032     8.2918     93.787     31.956  29.680489     1.6054      8.846   133.4407 1.3510e+03     4.3687     -0.010     -0.014    21.5126 0.0000e+00
     -0.008      0.023     8.2887     94.222     31.957  29.666691     1.6132      8.857   132.9883 1.4054e+03     4.3028     -0.012     -0.017    21.5050 0.0000e+00
     -0.000      0.016     8.2818     95.266     31.955  29.653895     1.6249      8.867   132.6922 1.4086e+03     4.3761     -0.002     -0.003    21.4894 0.0000e+00
      0.011      0.013     8.2850     96.282     31.963  29.652619     1.6146      8.876   132.6999 1.7318e+03     4.3665      0.013      0.019    21.4624 0.0000e+00
      0.019      0.012     8.2788     96.577     31.972  29.651247     1.5722      8.886   132.9948 1.9661e+03     4.2547      0.021      0.032    21.4325 0.0000e+00
      0.019      0.009     8.3015     96.152     31.969  29.637296     1.5452      8.897   133.2463 1.7257e+03     4.1863      0.020      0.029    21.4085 0.0000e+00
      0.014      0.006     8.4283     95.217     31.950  29.610781     1.5538      8.907   133.3327 1.4236e+03     4.2566      0.013      0.019    21.3919 0.0000e+00
      0.012      0.004     8.5506     93.872     31.928  29.584371     1.5684      8.917   133.5224 1.3690e+03     4.3193      0.009      0.013    21.3803 0.0000e+00
      0.014      0.003     8.5685     92.212     31.918  29.571685     1.5716      8.927   133.7333 1.3705e+03     4.3298      0.012      0.017    21.3668 0.0000e+00
      0.019      0.004     8.5270     90.377     31.934  29.584246     1.5846      8.938   133.7314 1.3395e+03     4.4173      0.019      0.028    21.3481 0.0000e+00
      0.022      0.005     8.4454     88.584     31.962  29.609387     1.5998      8.949   133.6720 1.5331e+03     4.4888      0.023      0.034    21.3326 0.0000e+00
      0.023      0.004     8.3246     87.109     31.974  29.621938     1.6228      8.959   133.7037 1.7304e+03     4.5119      0.023      0.033    21.3245 0.0000e+00
      0.022      0.002     8.1743     86.076     31.957  29.609148     1.6958      8.969   133.7704 1.5759e+03     4.5594      0.021      0.031    21.3200 0.0000e+00
      0.021      0.000     8.0063     85.379     31.927  29.581603     1.7749      8.978   133.8769 1.3840e+03     4.5510      0.020      0.029    21.3150 0.0000e+00
      0.022      0.000     7.8375     84.863     31.886  29.542622     1.7889      8.987   134.1306 1.2380e+03     4.4775      0.021      0.030    21.3114 0.0000e+00
      0.022      0.001     7.7003     84.411     31.858  29.518403     1.7905      8.995   134.5148 1.1138e+03     4.4910      0.021      0.031    21.3166 0.0000e+00
      0.022      0.001     7.6149     83.965     31.881  29.542508     1.8191      9.003   134.9947 1.0832e+03     4.5435      0.021      0.031    21.3235 0.0000e+00
      0.022      0.001     7.5572     83.540     31.918  29.580345     1.8343      9.010   135.5445 1.1324e+03     4.4295      0.021      0.030    21.3222 0.0000e+00
      0.023      0.000     7.5160     83.170     31.929  29.595317     1.8250      9.018   136.0004 1.1988e+03     4.2747      0.023      0.034    21.3191 0.0000e+00
      0.024     -0.001     7.4778     82.841     31.925  29.596679     1.8070      9.026   136.2905 1.1844e+03     4.2770      0.024      0.035    21.3211 0.0000e+00
      0.023     -0.001     7.4365     82.509     31.919  29.596811     1.8401      9.035   136.4708 1.2148e+03     4.3545      0.023      0.033    21.3264 0.0000e+00
      0.022     -0.002     7.3963     82.175     31.913  29.596925     1.9089      9.044   136.6316 1.3832e+03     4.3589      0.021      0.030    21.3329 0.0000e+00
      0.020     -0.002     7.3624     81.839     31.907  29.598069     1.9238      9.051   136.8589 1.4407e+03     4.2959      0.019      0.028    21.3405 0.0000e+00
      0.020     -0.001     7.3357     81.505     31.914  29.610649     1.9117      9.058   137.1536 1.3930e+03     4.2755      0.019      0.028    21.3482 0.0000e+00
      0.020      0.000     7.3031     81.265     31.919  29.622182     1.9373      9.066   137.4418 1.4959e+03     4.3170      0.019      0.029    21.3564 0.0000e+00
      0.020      0.001     7.2729     81.273     31.901  29.610658     1.9842      9.074   137.7623 1.5251e+03     4.3878      0.020      0.030    21.3659 0.0000e+00
      0.020      0.002     7.2426     81.686     31.883  29.598180     1.9959      9.082   138.1034 1.4405e+03     4.3802      0.020      0.029    21.3764 0.0000e+00
      0.021      0.002     7.2078     82.560     31.880  29.598179     1.9709      9.090   138.3828 1.3749e+03     4.2583      0.020      0.029    21.3872 0.0000e+00
      0.022      0.002     7.1806     83.765     31.890  29.610656     1.9562      9.098   138.7310 1.2289e+03     4.1778      0.021      0.032    21.3968 0.0000e+00
      0.023      0.002     7.1747     85.123     31.900  29.622179     2.0098      9.107   139.1297 1.1924e+03     4.2277      0.023      0.034    21.4050 0.0000e+00
      0.023      0.001     7.2066     86.482     31.888  29.610646     2.1203      9.117   139.5037 1.2923e+03     4.3484      0.023      0.033    21.4120 0.0000e+00
      0.024      0.001     7.2896     87.659     31.878  29.598065     2.1762      9.127   139.8972 1.2720e+03     4.3739      0.024      0.034    21.4172 0.0000e+00
      0.024      0.001     7.4017     88.535     31.883  29.596921     2.1612      9.137   140.1882 1.1100e+03     4.2968      0.024      0.035    21.4216 0.0000e+00
      0.023      0.002     7.5236     89.081     31.892  29.596808     2.1547      9.147   140.3550 1.1306e+03     4.3385      0.023      0.033    21.4254 0.0000e+00
      0.023      0.003     7.6521     89.323     31.907  29.596686     2.1644      9.156   140.5369 1.3778e+03     4.4676      0.021      0.031    21.4244 0.0000e+00
      0.024      0.004     7.7600     89.347     31.925  29.595430     2.1708      9.165   140.8388 1.4298e+03     4.5262      0.023      0.033    21.4188 0.0000e+00
      0.026      0.004     7.8388     89.281     31.930  29.581593     2.1739      9.174   141.1665 1.3148e+03     4.5683      0.025      0.038    21.4124 0.0000e+00
      0.028      0.004     7.8887     89.230     31.922  29.556213     2.1769      9.182   141.4014 1.3474e+03     4.6358      0.027      0.041    21.3987 0.0000e+00
      0.030      0.003     7.9110     89.269     31.923  29.542261     2.1987      9.190   141.5279 1.5256e+03     4.6933      0.029      0.043    21.3766 0.0000e+00
      0.030      0.001     7.9123     89.390     31.933  29.539747     2.2214      9.199   141.6641 1.5440e+03     4.6484      0.029      0.043    21.3489 0.0000e+00
      0.029      0.000     7.9090     89.505     31.933  29.525794     2.2259      9.207   141.9300 1.4095e+03     4.5368      0.029      0.042    21.3161 0.0000e+00
      0.028      0.000     7.9063     89.552     31.921  29.500398     2.2284      9.215   142.1615 1.3456e+03     4.5398      0.027      0.040    21.2855 0.0000e+00
