Data/DataNotYetUploadedToEDI/Raw_CTD/RawDownloads/051925_fcr50_S7809001.cnv
* Sea-Bird SBE19plus  Data File:
* FileName = C:\R\Reservoirs\Data\DataNotYetUploadedToEDI\Raw_CTD\RawDownloads\051925_fcr50_S7809_0001.hex
* Software version 2.8.0.119
* Temperature SN = 7809
* Conductivity SN = 7809
* System UpLoad Time = May 27 2025 14:00:50
* <ApplicationData>
* <Seaterm232>
# nquan = 15
# nvalues = 1788                        
# units = specified
# name 0 = depFM: Depth [fresh water, m]
# name 1 = dz/dtM: Descent Rate [m/s]
# name 2 = sbeox0Mg/L: Oxygen, SBE 43 [mg/l]
# name 3 = sbeox0PS: Oxygen, SBE 43 [% saturation]
# name 4 = specc: Specific Conductance [uS/cm]
# name 5 = c0uS/cm: Conductivity [uS/cm]
# name 6 = flECO-AFL: Fluorescence, WET Labs ECO-AFL/FL [mg/m^3]
# name 7 = ph: pH
# name 8 = orp: Oxidation Reduction Potential [mV]
# name 9 = par/sat/log: PAR/Logarithmic, Satlantic
# name 10 = turbWETntu0: Turbidity, WET Labs ECO [NTU]
# name 11 = prdM: Pressure, Strain Gauge [db]
# name 12 = prdE: Pressure, Strain Gauge [psi]
# name 13 = tv290C: Temperature [ITS-90, deg C]
# name 14 = flag:  0.000e+00
# span 0 =     -0.670,      9.562       
# span 1 =     -2.588,      2.593       
# span 2 =    -0.0463,    10.6496       
# span 3 =     -0.370,    108.630       
# span 4 =      0.582,    255.911       
# span 5 =   0.552849, 179.166071       
# span 6 =    -2.0139,     9.6599       
# span 7 =      6.637,     11.153       
# span 8 = -1240.7455,   441.2926       
# span 9 = 1.2358e-01, 1.8284e+03       
# span 10 =    -5.4884,   160.9270      
# span 11 =     -0.658,      9.380      
# span 12 =     -0.954,     13.604      
# span 13 =     9.8964,    22.4806      
# span 14 = 0.0000e+00, 0.0000e+00      
# interval = seconds: 0.25
# start_time = May 19 2025 10:46:48 [Instrument's time stamp, header]
# bad_flag = -9.990e-29
*END*
[from data line 290]
      0.229 -1.250e-07     9.1807    101.638     31.904  28.985924     2.7673      8.648   218.2506 8.6744e+02     4.4231      0.224      0.325    20.4204 0.0000e+00
      0.229 -1.136e-08     9.1734    101.648     31.862  28.949754     2.7651      8.648   218.3843 8.4777e+02     4.3467      0.224      0.325    20.4182 0.0000e+00
      0.229 -1.033e-09     9.1691    101.714     31.837  28.929336     2.7446      8.650   218.4973 8.2812e+02     4.2623      0.225      0.326    20.4183 0.0000e+00
      0.229 -9.390e-11     9.1660    101.807     31.834  28.929335     2.7431      8.652   218.7573 8.2010e+02     4.2903      0.224      0.325    20.4199 0.0000e+00
      0.229 -8.535e-12     9.1623    101.871     31.854  28.949752     2.7556      8.653   219.2044 8.2596e+02     4.3442      0.225      0.326    20.4214 0.0000e+00
      0.229 -7.760e-13     9.1615    101.911     31.892  28.985907     2.7622      8.655   219.6011 8.5721e+02     4.3677      0.224      0.325    20.4242 0.0000e+00
      0.229 -7.055e-14     9.1674    101.956     31.891  28.985920     2.7575      8.655   219.9402 8.8987e+02     4.3342      0.225      0.326    20.4287 0.0000e+00
      0.229 -6.415e-15     9.1782    101.975     31.850  28.949906     2.7314      8.656   220.1215 8.9474e+02     4.3150      0.225      0.326    20.4332 0.0000e+00
      0.229 -5.830e-16     9.1828    101.938     31.828  28.931049     2.7134      8.658   220.0723 8.7507e+02     4.3750      0.225      0.326    20.4362 0.0000e+00
      0.229 -5.300e-17     9.1837    101.849     31.844  28.948205     2.7061      8.659   219.9478 8.4681e+02     4.3762      0.225      0.326    20.4381 0.0000e+00
      0.229 -4.819e-18     9.1899    101.726     31.863  28.967049     2.6844      8.660   219.8205 8.3484e+02     4.2961      0.225      0.327    20.4401 0.0000e+00
      0.229 -4.381e-19     9.1921    101.593     31.864  28.968606     2.6757      8.661   219.7373 8.5489e+02     4.1913      0.225      0.326    20.4421 0.0000e+00
      0.229 -3.983e-20     9.1877    101.468     31.863  28.967032     2.6922      8.663   219.6302 8.7514e+02     4.0995      0.225      0.326    20.4448 0.0000e+00
      0.229 -3.620e-21     9.1789    101.381     31.843  28.948018     2.7094      8.665   219.4720 8.5336e+02     4.1093      0.225      0.326    20.4484 0.0000e+00
      0.229 -3.291e-22     9.1655    101.340     31.825  28.928996     2.7013      8.667   219.2872 8.4708e+02     4.1043      0.225      0.327    20.4516 0.0000e+00
      0.229 -2.992e-23     9.1539    101.328     31.825  28.927319     2.6764      8.668   219.0303 8.7648e+02     4.1076      0.225      0.326    20.4533 0.0000e+00
      0.229 -2.720e-24     9.1411    101.374     31.826  28.927748     2.6916      8.668   218.7752 8.7420e+02     4.2855      0.225      0.326    20.4523 0.0000e+00
      0.229 -2.473e-25     9.1330    101.483     31.832  28.934181     2.7440      8.669   218.5256 8.5017e+02     4.4449      0.225      0.326    20.4488 0.0000e+00
      0.229 -2.248e-26     9.1328    101.607     31.840  28.941663     2.7765      8.671   218.3356 8.5095e+02     4.4643      0.225      0.326    20.4447 0.0000e+00
      0.229 -2.044e-27     9.1294    101.724     31.855  28.954783     2.7695      8.673   218.2849 8.7613e+02     4.4169      0.225      0.326    20.4419 0.0000e+00
      0.229 -1.858e-28     9.1330    101.816     31.868  28.965960     2.7416      8.674   218.3428 8.6397e+02     4.3501      0.225      0.326    20.4417 0.0000e+00
      0.229 -1.689e-29     9.1458    101.857     31.851  28.949952     2.7387      8.676   218.5191 8.0965e+02     4.3403      0.225      0.326    20.4432 0.0000e+00
      0.229 -1.536e-30     9.1565    101.854     31.853  28.951512     2.7601      8.677   218.6965 8.0634e+02     4.3319      0.225      0.327    20.4443 0.0000e+00
      0.229 -1.396e-31     9.1676    101.840     31.890  28.984820     2.7761      8.677   218.8528 8.6505e+02     4.3174      0.225      0.326    20.4437 0.0000e+00
      0.229 -1.269e-32     9.1774    101.823     31.876  28.972098     2.7650      8.677   219.1181 9.0158e+02     4.3357      0.225      0.326    20.4426 0.0000e+00
      0.229 -1.153e-33     9.1813    101.808     31.824  28.924552     2.7262      8.679   219.4086 8.7891e+02     4.3480      0.225      0.326    20.4414 0.0000e+00
      0.230 -1.049e-34     9.1792    101.815     31.816  28.917369     2.7060      8.682   219.6116 8.4554e+02     4.3984      0.225      0.327    20.4404 0.0000e+00
      0.230 -9.535e-36     9.1782    101.829     31.851  28.948680     2.6952      8.684   219.7662 8.3185e+02     4.3974      0.225      0.327    20.4399 0.0000e+00
      0.230 -8.665e-37     9.1771    101.800     31.891  28.985994     2.6712      8.684   219.9010 8.4984e+02     4.3021      0.226      0.327    20.4396 0.0000e+00
      0.230 -7.880e-38     9.1745    101.721     31.892  28.987956     2.6741      8.684   219.9511 8.6151e+02     4.3049      0.225      0.327    20.4397 0.0000e+00
      0.230 -7.165e-39     9.1751    101.635     31.874  28.972396     2.7054      8.686   219.8562 8.0722e+02     4.3974      0.226      0.327    20.4396 0.0000e+00
      0.230 -6.510e-40     9.1793    101.576     31.890  28.988150     2.7244      8.688   219.7000 7.9441e+02     4.4301      0.225      0.327    20.4396 0.0000e+00
      0.230 -5.920e-41     9.1767    101.568     31.889  28.988150     2.7214      8.689   219.6110 8.3254e+02     4.3921      0.226      0.327    20.4403 0.0000e+00
      0.230 -5.380e-42     9.1668    101.577     31.871  28.972401     2.7184      8.690   219.5545 8.1842e+02     4.3485      0.225      0.327    20.4416 0.0000e+00
      0.230 -4.892e-43     9.1590    101.552     31.887  28.988020     2.7388      8.692   219.4475 8.0149e+02     4.3464      0.225      0.326    20.4432 0.0000e+00
      0.230 -4.447e-44     9.1507    101.494     31.886  28.986720     2.7676      8.692   219.3493 7.9177e+02     4.3673      0.226      0.327    20.4449 0.0000e+00
      0.230 -4.043e-45     9.1521    101.437     31.852  28.956670     2.7829      8.693   219.2271 7.8111e+02     4.3617      0.226      0.327    20.4463 0.0000e+00
      0.230 -3.676e-46     9.1548    101.408     31.836  28.941833     2.7746      8.695   219.0891 8.0958e+02     4.3137      0.226      0.327    20.4478 0.0000e+00
      0.230 -3.341e-47     9.1517    101.404     31.827  28.934184     2.7424      8.696   219.1431 8.3691e+02     4.2990      0.225      0.327    20.4492 0.0000e+00
      0.230 -3.040e-48     9.1454    101.397     31.820  28.927621     2.7345      8.697   219.2776 8.4054e+02     4.3548      0.226      0.327    20.4498 0.0000e+00
      0.230 -3.028e-49     9.1387    101.370     31.819  28.925904     2.7542      8.699   219.2530 8.2835e+02     4.4077      0.226      0.328    20.4497 0.0000e+00
      0.230 -3.185e-49     9.1367    101.357     31.806  28.913428     2.7473      8.700   219.1894 8.2714e+02     4.3237      0.226      0.327    20.4496 0.0000e+00
      0.230 -3.229e-48     9.1373    101.404     31.798  28.903622     2.7428      8.701   219.1971 8.5346e+02     4.1592      0.225      0.327    20.4494 0.0000e+00
      0.230 -3.550e-47     9.1380    101.496     31.834  28.934196     2.7576      8.702   219.2600 8.7571e+02     4.1606      0.225      0.327    20.4495 0.0000e+00
      0.230 -3.905e-46     9.1338    101.576     31.871  28.965947     2.7599      8.704   219.3470 9.0875e+02     4.2385      0.226      0.327    20.4496 0.0000e+00
      0.230 -4.295e-45     9.1308    101.641     31.878  28.970379     2.7538      8.704   219.3900 9.1294e+02     4.2128      0.225      0.327    20.4477 0.0000e+00
      0.230 -4.725e-44     9.1361    101.727     31.898  28.987787     2.7420      8.705   219.3493 8.7705e+02     4.1223      0.225      0.327    20.4443 0.0000e+00
      0.230 -5.197e-43     9.1482    101.823     31.898  28.986133     2.7510      8.707   219.1986 8.5209e+02     4.1005      0.226      0.327    20.4404 0.0000e+00
      0.230 -5.717e-42     9.1563    101.898     31.859  28.950379     2.7709      8.708   219.0316 8.6752e+02     4.1885      0.226      0.328    20.4362 0.0000e+00
      0.230 -6.289e-41     9.1598    101.922     31.843  28.936070     2.7749      8.709   218.9642 8.9621e+02     4.2303      0.226      0.328    20.4333 0.0000e+00
      0.230 -6.918e-40     9.1693    101.873     31.848  28.939978     2.7655      8.710   218.9856 8.7396e+02     4.1623      0.226      0.327    20.4320 0.0000e+00
      0.230 -7.609e-39     9.1791    101.795     31.842  28.934199     2.7408      8.710   218.9464 8.4092e+02     4.0835      0.226      0.327    20.4314 0.0000e+00
      0.230 -8.370e-38     9.1863    101.755     31.837  28.929624     2.7338      8.711   218.8343 8.1517e+02     4.0973      0.225      0.327    20.4312 0.0000e+00
      0.230 -9.207e-37     9.1907    101.777     31.856  28.948092     2.7487      8.713   218.7486 8.0553e+02     4.1931      0.226      0.328    20.4304 0.0000e+00
      0.230 -1.013e-35     9.1839    101.828     31.875  28.967211     2.7541      8.714   218.6842 8.4277e+02     4.2845      0.226      0.327    20.4287 0.0000e+00
      0.230 -1.114e-34     9.1751    101.863     31.876  28.970507     2.7483      8.715   218.6586 8.6240e+02     4.3480      0.226      0.328    20.4275 0.0000e+00
      0.230 -1.226e-33     9.1703    101.868     31.895  28.987952     2.7459      8.716   218.6967 8.3837e+02     4.3475      0.225      0.327    20.4282 0.0000e+00
      0.230 -1.348e-32     9.1729    101.854     31.895  28.987848     2.7583      8.718   218.8014 8.3797e+02     4.2778      0.226      0.327    20.4312 0.0000e+00
      0.230 -1.483e-31     9.1792    101.842     31.876  28.969251     2.7738      8.719   218.8919 8.5987e+02     4.1877      0.225      0.327    20.4345 0.0000e+00
      0.230 -1.631e-30     9.1817    101.831     31.862  28.953373     2.7660      8.720   218.9304 8.7073e+02     4.0785      0.226      0.328    20.4375 0.0000e+00
      0.230 -1.794e-29     9.1816    101.793     31.833  28.922722     2.7477      8.722   218.9234 8.6812e+02     4.0501      0.226      0.328    20.4398 0.0000e+00
      0.230 -1.974e-28     9.1792    101.725     31.829  28.915785     2.7516      8.724   218.8065 9.2214e+02     4.1512      0.226      0.328    20.4397 0.0000e+00
      0.230 -2.171e-27     9.1785    101.661     31.851  28.932926     2.7546      8.725   218.7222 9.9744e+02     4.2428      0.225      0.326    20.4365 0.0000e+00
      0.230 -2.388e-26     9.1801    101.631     31.861  28.939680     2.7261      8.726   218.8505 9.4143e+02     4.2010      0.226      0.327    20.4313 0.0000e+00
      0.230 -2.627e-25     9.1779    101.621     31.855  28.934017     2.6986      8.726   218.9806 8.5634e+02     4.0899      0.226      0.328    20.4252 0.0000e+00
      0.230 -2.890e-24     9.1717    101.616     31.849  28.927896     2.6971      8.726   218.9188 8.2157e+02     4.0955      0.226      0.327    20.4186 0.0000e+00
      0.230 -3.179e-23     9.1650    101.611     31.852  28.929093     2.7245      8.728   218.7916 8.1962e+02     4.2008      0.226      0.328    20.4137 0.0000e+00
      0.230 -3.497e-22     9.1644    101.576     31.875  28.948484     2.7551      8.730   218.7332 8.7352e+02     4.2008      0.226      0.328    20.4105 0.0000e+00
      0.230 -3.846e-21     9.1643    101.525     31.902  28.972069     2.7501      8.731   218.7287 9.3767e+02     4.0957      0.226      0.327    20.4093 0.0000e+00
      0.230 -4.231e-20     9.1627    101.468     31.891  28.960536     2.7316      8.733   218.7382 9.6163e+02     4.0227      0.226      0.328    20.4090 0.0000e+00
      0.230 -4.654e-19     9.1654    101.390     31.865  28.935899     2.7222      8.734   218.7613 9.0005e+02     4.0360      0.226      0.328    20.4068 0.0000e+00
      0.230 -5.119e-18     9.1615    101.343     31.856  28.927894     2.7199      8.734   218.7492 8.0961e+02     4.1195      0.226      0.328    20.4041 0.0000e+00
      0.230 -5.631e-17     9.1559    101.356     31.855  28.927181     2.7125      8.735   218.6781 8.1070e+02     4.1110      0.226      0.328    20.4020 0.0000e+00
      0.230 -6.194e-16     9.1539    101.408     31.856  28.927271     2.6905      8.737   218.5905 8.8066e+02     4.0351      0.226      0.327    20.4007 0.0000e+00
      0.230 -6.814e-15     9.1435    101.512     31.860  28.928981     2.6871      8.739   218.5507 9.4027e+02     4.0901      0.226      0.327    20.4000 0.0000e+00
      0.230 -7.495e-14     9.1378    101.655     31.881  28.947851     2.7130      8.740   218.5411 9.7492e+02     4.1951      0.226      0.327    20.3995 0.0000e+00
      0.230 -8.245e-13     9.1420    101.785     31.900  28.965150     2.7291      8.741   218.4741 9.5098e+02     4.1772      0.226      0.327    20.3993 0.0000e+00
      0.230 -9.069e-12     9.1445    101.863     31.880  28.947853     2.7153      8.744   218.4290 8.8362e+02     4.0787      0.226      0.328    20.3976 0.0000e+00
      0.230 -9.976e-11     9.1552    101.903     31.859  28.928995     2.7040      8.745   218.4250 9.9071e+02     4.0636      0.226      0.328    20.3954 0.0000e+00
      0.230 -1.097e-09     9.1700    101.927     31.858  28.927435     2.7180      8.745   218.4263 1.1240e+03     4.1305      0.226      0.328    20.3948 0.0000e+00
      0.230 -1.207e-08     9.1836    101.922     31.860  28.928985     2.7096      8.746   218.4447 1.0296e+03     4.1362      0.226      0.328    20.3953 0.0000e+00
      0.230 -1.328e-07     9.1897    101.900     31.881  28.947740     2.6853      8.748   218.3897 9.3634e+02     4.0647      0.226      0.328    20.3963 0.0000e+00
      0.231     -0.000     9.1913    101.881     31.898  28.963908     2.6827      8.750   218.3636 8.7084e+02     4.0177      0.226      0.328    20.3968 0.0000e+00
      0.231     -0.000     9.1957    101.867     31.865  28.934186     2.6694      8.750   218.3874 8.2062e+02     4.1140      0.226      0.328    20.3957 0.0000e+00
      0.230     -0.000     9.1941    101.845     31.833  28.905512     2.6494      8.751   218.3332 7.9229e+02     4.3065      0.226      0.328    20.3947 0.0000e+00
      0.230     -0.002     9.1914    101.806     31.863  28.934360     2.6399      8.754   218.3100 7.6656e+02     4.3649      0.226      0.328    20.3952 0.0000e+00
      0.230     -0.021     9.1898    101.762     31.897  28.965851     2.6294      8.756   218.3655 8.2050e+02     4.3074      0.226      0.328    20.3956 0.0000e+00
      0.230     -0.235     9.1887    101.740     31.901  28.969125     2.6309      8.756   218.4022 8.5668e+02     4.3285      0.226      0.328    20.3964 0.0000e+00
      0.230     -2.588     9.1871    101.749     31.906  28.973946     2.6505      8.756   218.4093 9.3627e+02     4.4150      0.226      0.328    20.3978 0.0000e+00
      0.230     -2.588     9.1828    101.778     31.891  28.960707     2.6578      8.757   218.4512 1.0165e+03     4.4653      0.226      0.328    20.3987 0.0000e+00
      0.230     -0.235     9.1778    101.829     31.864  28.935915     2.6358      8.760   218.4790 8.8015e+02     4.4239      0.226      0.328    20.3994 0.0000e+00
      0.231     -0.021     9.1748    101.889     31.855  28.927901     2.6351      8.762   218.4874 7.8515e+02     4.3591      0.226      0.328    20.4002 0.0000e+00
      0.231     -0.002     9.1773    101.931     31.853  28.927238     2.6819      8.763   218.5528 8.3105e+02     4.3989      0.226      0.328    20.4007 0.0000e+00
      0.230     -0.000     9.1786    101.948     31.853  28.927899     2.7192      8.764   218.5808 7.7748e+02     4.4264      0.226      0.327    20.4007 0.0000e+00
      0.230     -0.000     9.1837    101.913     31.859  28.935899     2.7273      8.765   218.5680 7.9736e+02     4.3845      0.226      0.328    20.4004 0.0000e+00
