Data/DataNotYetUploadedToEDI/Raw_CTD/RawDownloads/051925_fcr20_S7809003.cnv
* Sea-Bird SBE19plus  Data File:
* FileName = C:\R\Reservoirs\Data\DataNotYetUploadedToEDI\Raw_CTD\RawDownloads\051925_fcr50_S7809_0003.hex
* Software version 2.8.0.119
* Temperature SN = 7809
* Conductivity SN = 7809
* System UpLoad Time = May 27 2025 14:01:37
* <ApplicationData>
* <Seaterm232>
# nquan = 15
# nvalues = 950                         
# units = specified
# name 0 = depFM: Depth [fresh water, m]
# name 1 = dz/dtM: Descent Rate [m/s]
# name 2 = sbeox0Mg/L: Oxygen, SBE 43 [mg/l]
# name 3 = sbeox0PS: Oxygen, SBE 43 [% saturation]
# name 4 = specc: Specific Conductance [uS/cm]
# name 5 = c0uS/cm: Conductivity [uS/cm]
# name 6 = flECO-AFL: Fluorescence, WET Labs ECO-AFL/FL [mg/m^3]
# name 7 = ph: pH
# name 8 = orp: Oxidation Reduction Potential [mV]
# name 9 = par/sat/log: PAR/Logarithmic, Satlantic
# name 10 = turbWETntu0: Turbidity, WET Labs ECO [NTU]
# name 11 = prdM: Pressure, Strain Gauge [db]
# name 12 = prdE: Pressure, Strain Gauge [psi]
# name 13 = tv290C: Temperature [ITS-90, deg C]
# name 14 = flag:  0.000e+00
# span 0 =     -0.678,      3.504       
# span 1 =     -0.490,      0.291       
# span 2 =     2.0724,    10.6462       
# span 3 =     19.299,    119.847       
# span 4 =      1.622,     40.134       
# span 5 =   1.481321,  30.684598       
# span 6 =    -1.2383,   227.6122       
# span 7 =      6.571,      9.651       
# span 8 = -1240.7455,   259.0912       
# span 9 = 5.5297e+00, 2.4267e+03       
# span 10 =    -9.7648,   221.1002      
# span 11 =     -0.666,      3.437      
# span 12 =     -0.966,      4.984      
# span 13 =    12.0349,    21.6891      
# span 14 = 0.0000e+00, 0.0000e+00      
# interval = seconds: 0.25
# start_time = May 19 2025 13:28:03 [Instrument's time stamp, header]
# bad_flag = -9.990e-29
*END*
[from data line 97]
      0.043      0.007     7.1811     78.701     31.684  29.367673     1.7518      9.104   177.9661 1.4315e+03     8.2875      0.041      0.059    21.3413 0.0000e+00
      0.046      0.007     7.1312     78.076     31.676  29.359817     1.7502      9.107   177.9416 1.4343e+03     8.2300      0.045      0.065    21.3408 0.0000e+00
      0.049      0.006     7.0776     77.446     31.670  29.354051     1.7663      9.109   177.9672 1.5658e+03     8.2489      0.048      0.070    21.3402 0.0000e+00
      0.052      0.005     7.0211     76.832     31.678  29.361376     1.8052      9.111   178.1047 1.5238e+03     8.2422      0.051      0.075    21.3400 0.0000e+00
      0.052      0.004     6.9708     76.249     31.704  29.384960     1.8217      9.114   178.2263 1.5061e+03     8.1831      0.052      0.074    21.3397 0.0000e+00
      0.051      0.002     6.9135     75.700     31.705  29.385490     1.8069      9.118   178.3195 1.6642e+03     8.0812      0.050      0.072    21.3392 0.0000e+00
      0.050      0.001     6.8571     75.149     31.686  29.367774     1.8094      9.120   178.4569 1.7217e+03     8.0347      0.049      0.071    21.3388 0.0000e+00
      0.051      0.001     6.8032     74.604     31.679  29.361054     1.8437      9.123   178.5970 1.6318e+03     8.1001      0.049      0.073    21.3382 0.0000e+00
      0.052      0.001     6.7496     74.105     31.687  29.367661     1.8804      9.127   178.6367 1.4626e+03     8.1885      0.051      0.075    21.3376 0.0000e+00
      0.053      0.002     6.7048     73.645     31.705  29.384227     1.8866      9.129   178.6793 1.3480e+03     8.1804      0.053      0.076    21.3369 0.0000e+00
      0.053      0.002     6.6548     73.213     31.691  29.371069     1.8695      9.133   178.7676 1.4208e+03     8.1049      0.052      0.076    21.3362 0.0000e+00
      0.053      0.002     6.6045     72.816     31.653  29.335421     1.8648      9.137   178.7586 1.5093e+03     8.1634      0.051      0.074    21.3359 0.0000e+00
      0.053      0.002     6.5612     72.443     31.652  29.333796     1.8714      9.140   178.7413 1.4262e+03     8.3075      0.051      0.075    21.3352 0.0000e+00
      0.054      0.002     6.5215     72.080     31.671  29.351419     1.8742      9.142   178.8165 1.3322e+03     8.3099      0.052      0.076    21.3344 0.0000e+00
      0.055      0.003     6.4821     71.745     31.678  29.358216     1.8824      9.146   178.8944 1.3855e+03     8.2600      0.054      0.078    21.3341 0.0000e+00
      0.056      0.003     6.4477     71.424     31.673  29.352544     1.9036      9.148   178.8228 1.4828e+03     8.2850      0.055      0.080    21.3334 0.0000e+00
      0.057      0.002     6.4161     71.082     31.666  29.346267     1.9386      9.150   178.7246 1.6522e+03     8.3390      0.056      0.081    21.3327 0.0000e+00
      0.057      0.002     6.3819     70.725     31.666  29.345748     1.9481      9.154   178.8264 1.7653e+03     8.3322      0.056      0.082    21.3326 0.0000e+00
      0.057      0.002     6.3534     70.384     31.667  29.346267     1.9276      9.157   179.0204 1.5673e+03     8.2719      0.055      0.080    21.3322 0.0000e+00
      0.057      0.002     6.3267     70.054     31.675  29.352544     1.9315      9.159   179.1771 1.2818e+03     8.2585      0.055      0.080    21.3316 0.0000e+00
      0.057      0.002     6.2959     69.704     31.681  29.358204     1.9702      9.160   179.3451 1.1322e+03     8.3065      0.056      0.081    21.3311 0.0000e+00
      0.058      0.002     6.2629     69.341     31.674  29.351284     2.0051      9.162   179.5028 1.1140e+03     8.3740      0.057      0.082    21.3305 0.0000e+00
      0.060      0.002     6.2330     68.996     31.654  29.332304     2.0118      9.165   179.6208 1.1772e+03     8.3575      0.059      0.085    21.3298 0.0000e+00
      0.060      0.002     6.2058     68.678     31.640  29.319003     2.0098      9.168   179.7393 1.2618e+03     8.2776      0.059      0.086    21.3294 0.0000e+00
      0.060      0.002     6.1739     68.348     31.638  29.317320     2.0300      9.171   179.8175 1.2916e+03     8.2968      0.059      0.086    21.3289 0.0000e+00
      0.060      0.001     6.1411     68.005     31.633  29.311959     2.0646      9.174   179.7920 1.2335e+03     8.3846      0.059      0.086    21.3283 0.0000e+00
      0.060      0.000     6.1092     67.692     31.640  29.317610     2.0790      9.177   179.6890 1.3654e+03     8.4161      0.059      0.086    21.3276 0.0000e+00
      0.060      0.000     6.0836     67.387     31.645  29.322213     2.0878      9.180   179.6908 1.5962e+03     8.3026      0.059      0.086    21.3270 0.0000e+00
      0.061      0.001     6.0551     67.075     31.626  29.304182     2.1203      9.183   179.7276 1.4554e+03     8.1395      0.060      0.087    21.3265 0.0000e+00
      0.061      0.001     6.0208     66.764     31.611  29.289890     2.1564      9.186   179.6172 1.2644e+03     8.1181      0.059      0.086    21.3259 0.0000e+00
      0.061      0.001     5.9963     66.464     31.596  29.276268     2.1753      9.189   179.4744 1.2641e+03     8.1466      0.059      0.086    21.3253 0.0000e+00
      0.061      0.001     5.9691     66.169     31.586  29.266333     2.1732      9.192   179.3779 1.2198e+03     8.1077      0.059      0.086    21.3247 0.0000e+00
      0.062      0.001     5.9413     65.877     31.620  29.296623     2.1559      9.197   179.3977 1.2778e+03     8.0921      0.061      0.089    21.3241 0.0000e+00
      0.062      0.001     5.9132     65.603     31.651  29.325358     2.1492      9.202   179.5416 1.3170e+03     8.1966      0.061      0.088    21.3235 0.0000e+00
      0.062      0.001     5.8867     65.337     31.620  29.296623     2.1596      9.206   179.7406 1.3245e+03     8.3460      0.060      0.087    21.3230 0.0000e+00
      0.062      0.001     5.8620     65.082     31.588  29.266328     2.1736      9.208   179.9109 1.5616e+03     8.3962      0.060      0.088    21.3224 0.0000e+00
      0.062      0.000     5.8336     64.842     31.599  29.276216     2.2011      9.211   179.9654 1.6816e+03     8.2910      0.061      0.088    21.3217 0.0000e+00
      0.063      0.000     5.8117     64.606     31.613  29.289318     2.2503      9.214   179.9702 1.4285e+03     8.1672      0.062      0.090    21.3212 0.0000e+00
      0.063     -0.001     5.7871     64.349     31.623  29.297880     2.2951      9.217   180.0549 1.2398e+03     8.1642      0.062      0.091    21.3206 0.0000e+00
      0.062     -0.001     5.7647     64.079     31.643  29.316320     2.3097      9.220   180.2145 1.2664e+03     8.1862      0.061      0.088    21.3203 0.0000e+00
      0.061     -0.001     5.7436     63.839     31.649  29.321982     2.3097      9.224   180.3519 1.2531e+03     8.1253      0.059      0.086    21.3198 0.0000e+00
      0.061      0.000     5.7237     63.616     31.629  29.302908     2.3126      9.227   180.4261 1.3823e+03     8.0425      0.059      0.086    21.3192 0.0000e+00
      0.061      0.001     5.7020     63.399     31.601  29.275978     2.3192      9.231   180.4230 1.6338e+03     8.0735      0.059      0.086    21.3187 0.0000e+00
      0.061      0.002     5.6738     63.197     31.573  29.250097     2.3402      9.234   180.3999 1.9175e+03     8.1581      0.059      0.086    21.3182 0.0000e+00
      0.062      0.003     5.6557     63.004     31.566  29.243687     2.3908      9.237   180.4054 2.0128e+03     8.1437      0.060      0.087    21.3176 0.0000e+00
      0.063      0.003     5.6355     62.816     31.586  29.261909     2.4409      9.241   180.4033 1.5399e+03     8.0698      0.061      0.089    21.3170 0.0000e+00
      0.065      0.002     5.6156     62.622     31.606  29.280142     2.4466      9.244   180.4606 1.1852e+03     8.0505      0.063      0.092    21.3167 0.0000e+00
      0.065      0.002     5.5986     62.420     31.599  29.273852     2.4514      9.248   180.4961 1.3988e+03     8.0806      0.064      0.093    21.3164 0.0000e+00
      0.065      0.002     5.5812     62.204     31.573  29.249285     2.4486      9.251   180.3160 1.6412e+03     8.1263      0.063      0.092    21.3162 0.0000e+00
      0.065      0.001     5.5653     61.987     31.559  29.236817     2.4047      9.255   180.1760 1.6235e+03     8.1938      0.063      0.092    21.3159 0.0000e+00
      0.065      0.001     5.5476     61.783     31.574  29.249965     2.3858      9.258   180.1798 1.6231e+03     8.2810      0.063      0.092    21.3155 0.0000e+00
      0.065      0.002     5.5306     61.576     31.609  29.281389     2.3957      9.260   180.1900 1.6117e+03     8.3618      0.064      0.093    21.3152 0.0000e+00
      0.066      0.003     5.5108     61.369     31.629  29.299611     2.3902      9.263   180.3000 1.5329e+03     8.3850      0.065      0.094    21.3150 0.0000e+00
      0.066      0.005     5.4907     61.200     31.608  29.280005     2.3778      9.267   180.4765 1.5329e+03     8.3556      0.065      0.094    21.3146 0.0000e+00
      0.066      0.006     5.4738     61.061     31.559  29.234624     2.3712      9.270   180.6033 1.4447e+03     8.3136      0.064      0.093    21.3142 0.0000e+00
      0.068      0.006     5.4560     60.916     31.516  29.194915     2.3853      9.272   180.7150 1.3942e+03     8.3216      0.067      0.096    21.3138 0.0000e+00
      0.073      0.006     5.4350     60.767     31.500  29.180451     2.4066      9.274   180.8803 1.4218e+03     8.3844      0.072      0.105    21.3136 0.0000e+00
      0.076      0.007     5.4206     60.621     31.507  29.186602     2.3712      9.277   181.0531 1.3910e+03     8.4236      0.075      0.109    21.3132 0.0000e+00
      0.076      0.007     5.4110     60.476     31.528  29.205863     2.2821      9.281   181.1694 1.3666e+03     8.3864      0.075      0.108    21.3127 0.0000e+00
      0.076      0.006     5.3966     60.340     31.547  29.223054     2.2195      9.285   181.2541 1.3967e+03     8.3109      0.073      0.107    21.3123 0.0000e+00
      0.077      0.004     5.3836     60.190     31.527  29.204172     2.2128      9.288   181.3030 1.4394e+03     8.2962      0.074      0.109    21.3121 0.0000e+00
      0.080      0.001     5.3711     60.024     31.488  29.167846     2.2432      9.290   181.2449 1.3652e+03     8.2426      0.078      0.114    21.3121 0.0000e+00
      0.081     -0.002     5.3573     59.902     31.484  29.164405     2.2712      9.291   181.2395 1.3001e+03     8.1056      0.081      0.117    21.3119 0.0000e+00
      0.081     -0.004     5.3464     59.856     31.483  29.162570     2.2679      9.294   181.3233 1.3711e+03     8.0748      0.081      0.118    21.3114 0.0000e+00
      0.078     -0.006     5.3342     59.846     31.464  29.145663     2.2612      9.298   181.3123 1.4333e+03     8.1097      0.077      0.113    21.3112 0.0000e+00
      0.073     -0.007     5.3164     59.848     31.469  29.150265     2.2985      9.301   181.3647 1.4121e+03     8.1859      0.071      0.103    21.3110 0.0000e+00
      0.070     -0.007     5.3037     59.853     31.474  29.154782     2.3611      9.303   181.5267 1.3480e+03     8.3120      0.068      0.098    21.3107 0.0000e+00
      0.069     -0.006     5.3028     59.825     31.455  29.136851     2.3860      9.305   181.6365 1.3131e+03     8.3374      0.068      0.099    21.3109 0.0000e+00
      0.069     -0.003     5.3021     59.764     31.440  29.123750     2.3827      9.306   181.7454 1.3460e+03     8.3555      0.067      0.098    21.3110 0.0000e+00
      0.069     -0.001     5.3018     59.679     31.440  29.123238     2.3875      9.307   181.8978 1.3804e+03     8.3954      0.068      0.097    21.3110 0.0000e+00
      0.069     -0.000     5.3045     59.561     31.448  29.130668     2.4027      9.310   182.1014 1.3043e+03     8.3417      0.067      0.098    21.3111 0.0000e+00
      0.069 4.2472e-07     5.3015     59.413     31.469  29.150149     2.4077      9.313   182.3140 1.1866e+03     8.2182      0.068      0.098    21.3110 0.0000e+00
      0.069      0.000     5.2951     59.250     31.489  29.168496     2.3912      9.314   182.4040 1.1815e+03     8.0973      0.068      0.099    21.3111 0.0000e+00
      0.069      0.000     5.2889     59.089     31.482  29.162209     2.3772      9.316   182.3296 1.2942e+03     8.0414      0.067      0.097    21.3111 0.0000e+00
      0.069      0.001     5.2777     58.945     31.456  29.137567     2.4132      9.316   182.2747 1.4217e+03     8.0545      0.068      0.098    21.3110 0.0000e+00
      0.069      0.002     5.2645     58.812     31.441  29.124262     2.4772      9.317   182.4282 1.4262e+03     8.0851      0.068      0.098    21.3108 0.0000e+00
      0.069      0.002     5.2493     58.669     31.446  29.128201     2.4934      9.318   182.6366 1.3902e+03     8.0697      0.067      0.098    21.3104 0.0000e+00
      0.070      0.002     5.2346     58.522     31.440  29.121758     2.4846      9.320   182.7294 1.4345e+03     8.0397      0.069      0.100    21.3100 0.0000e+00
      0.072      0.001     5.2217     58.392     31.428  29.109789     2.4876      9.322   182.7761 1.4528e+03     8.0635      0.071      0.103    21.3097 0.0000e+00
      0.073      0.001     5.2118     58.311     31.497  29.173771     2.4876      9.324   182.8571 1.4014e+03     8.1181      0.072      0.105    21.3091 0.0000e+00
      0.072      0.001     5.1982     58.408     31.659  29.324495     2.4676      9.325   182.9347 1.3584e+03     8.1191      0.071      0.104    21.3086 0.0000e+00
      0.071      0.001     5.1852     59.569     31.814  29.473308     2.4371      9.327   182.9396 1.3184e+03     8.0764      0.069      0.101    21.3084 0.0000e+00
      0.071      0.000     5.1718     63.795     31.914  29.577619     2.4097      9.329   182.8303 1.2603e+03     8.1478      0.069      0.100    21.3076 0.0000e+00
      0.072      0.000     5.1649     72.295     31.958  29.634279     2.3783      9.331   182.8174 1.2033e+03     8.3336      0.070      0.102    21.3073 0.0000e+00
      0.073      0.001     5.1578     83.528     31.960  29.650961     2.3652      9.331   183.1289 1.1539e+03     8.4103      0.072      0.104    21.3065 0.0000e+00
      0.073      0.002     5.1803     94.783     31.948  29.652477     2.3596      9.332   183.4985 1.1668e+03     8.3570      0.073      0.106    21.3106 0.0000e+00
      0.073      0.002     5.4878    104.502     31.938  29.652623     2.3356      9.334   183.5865 1.3229e+03     8.3729      0.071      0.104    21.3311 0.0000e+00
      0.073      0.001     6.3053    112.048     31.927  29.652748     2.3167      9.336   183.5040 1.4886e+03     8.4317      0.071      0.103    21.3601 0.0000e+00
      0.074     -0.001     7.4075    117.103     31.916  29.653994     2.2972      9.338   183.4475 1.4923e+03     8.3843      0.073      0.106    21.3843 0.0000e+00
      0.075     -0.001     8.4338    119.657     31.921  29.667708     2.2748      9.339   183.4195 1.5963e+03     8.3125      0.075      0.108    21.4032 0.0000e+00
      0.074     -0.001     9.3061    119.847     31.939  29.691718     2.2454      9.341   183.4240 1.7961e+03     8.2813      0.073      0.106    21.4177 0.0000e+00
      0.072      0.000     9.9846    118.245     31.932  29.690574     2.1999      9.343   183.5030 1.7244e+03     8.3147      0.070      0.102    21.4325 0.0000e+00
      0.071      0.000    10.4217    115.962     31.888  29.653888     2.1822      9.343   183.6852 1.4646e+03     8.4078      0.069      0.100    21.4520 0.0000e+00
      0.072      0.000    10.6444    113.872     31.858  29.628743     2.1821      9.344   183.8206 1.3571e+03     8.4163      0.070      0.101    21.4676 0.0000e+00
      0.073      0.001    10.6462    112.219     31.868  29.640276     2.1647      9.345   183.9348 1.4493e+03     8.3151      0.072      0.104    21.4771 0.0000e+00
