Data/DataNotYetUploadedToEDI/Raw_CTD/RawDownloads/051925_fcr30_S7809009.cnv
* Sea-Bird SBE19plus  Data File:
* FileName = C:\R\Reservoirs\Data\DataNotYetUploadedToEDI\Raw_CTD\RawDownloads\051925_fcr50_S7809_0009.hex
* Software version 2.8.0.119
* Temperature SN = 7809
* Conductivity SN = 7809
* System UpLoad Time = May 27 2025 14:06:29
* <ApplicationData>
* <Seaterm232>
# nquan = 15
# nvalues = 1726                        
# units = specified
# name 0 = depFM: Depth [fresh water, m]
# name 1 = dz/dtM: Descent Rate [m/s]
# name 2 = sbeox0Mg/L: Oxygen, SBE 43 [mg/l]
# name 3 = sbeox0PS: Oxygen, SBE 43 [% saturation]
# name 4 = specc: Specific Conductance [uS/cm]
# name 5 = c0uS/cm: Conductivity [uS/cm]
# name 6 = flECO-AFL: Fluorescence, WET Labs ECO-AFL/FL [mg/m^3]
# name 7 = ph: pH
# name 8 = orp: Oxidation Reduction Potential [mV]
# name 9 = par/sat/log: PAR/Logarithmic, Satlantic
# name 10 = turbWETntu0: Turbidity, WET Labs ECO [NTU]
# name 11 = prdM: Pressure, Strain Gauge [db]
# name 12 = prdE: Pressure, Strain Gauge [psi]
# name 13 = tv290C: Temperature [ITS-90, deg C]
# name 14 = flag:  0.000e+00
# span 0 =     -0.581,      5.389       
# span 1 =     -0.345,      0.203       
# span 2 =     1.7869,    11.8607       
# span 3 =     16.797,    128.577       
# span 4 =      2.057,     39.831       
# span 5 =   1.712650,  29.028073       
# span 6 =    -0.1027,    25.7526       
# span 7 =      7.767,     10.602       
# span 8 =    41.6623,   299.7451       
# span 9 = 1.2370e-01, 4.3202e+02       
# span 10 =     1.4704,   295.6405      
# span 11 =     -0.571,      5.286      
# span 12 =     -0.828,      7.667      
# span 13 =    10.2156,    19.5935      
# span 14 = 0.0000e+00, 0.0000e+00      
# interval = seconds: 0.25
# start_time = May 26 2025 12:50:52 [Instrument's time stamp, header]
# bad_flag = -9.990e-29
*END*
[from data line 1254]
      3.753      0.024     1.9213     18.932     36.486  27.115059     3.4493      9.101   235.2457 1.2435e+00     4.8236      3.684      5.343    12.2132 0.0000e+00
      3.757      0.020     1.9423     19.244     36.516  27.129069     3.4127      9.095   235.6154 1.2309e+00     4.7558      3.685      5.344    12.1922 0.0000e+00
      3.759      0.018     1.9664     19.499     36.553  27.154454     3.3437      9.090   236.0196 1.2310e+00     4.6418      3.686      5.346    12.1758 0.0000e+00
      3.763      0.015     1.9933     19.717     36.563  27.168293     3.3298      9.085   236.1751 1.2350e+00     4.6066      3.692      5.354    12.1674 0.0000e+00
      3.767      0.013     2.0344     19.885     36.555  27.169552     3.3619      9.080   236.2914 1.2279e+00     4.6712      3.695      5.359    12.1567 0.0000e+00
      3.770      0.011     2.0703     19.990     36.548  27.169679     3.3488      9.075   236.4794 1.2117e+00     4.6711      3.696      5.361    12.1400 0.0000e+00
      3.775      0.010     2.0950     20.037     36.545  27.169834     3.2881      9.069   236.7264 1.2009e+00     4.6406      3.702      5.370    12.1372 0.0000e+00
      3.777      0.010     2.1193     20.002     36.542  27.171436     3.2269      9.063   236.9550 1.2045e+00     4.7120      3.706      5.376    12.1501 0.0000e+00
      3.777      0.013     2.1379     19.894     36.557  27.189046     3.2167      9.057   237.0074 1.2098e+00     4.8169      3.704      5.373    12.1609 0.0000e+00
      3.776      0.019     2.1472     19.770     36.646  27.255921     3.2480      9.053   237.1013 1.2085e+00     4.9184      3.702      5.370    12.1676 0.0000e+00
      3.779      0.025     2.1541     19.658     36.791  27.345776     3.3147      9.049   237.3159 1.1975e+00     4.9826      3.703      5.371    12.1710 0.0000e+00
      3.787      0.031     2.1507     19.551     36.894  27.387503     3.4236      9.044   237.5368 1.1608e+00     4.9777      3.712      5.384    12.1716 0.0000e+00
      3.801      0.036     2.1344     19.440     36.933  27.379845     3.4995      9.039   237.8793 1.1187e+00     5.0298      3.728      5.407    12.1844 0.0000e+00
      3.815      0.037     2.1205     19.364     36.974  27.380004     3.5244      9.034   238.1888 1.0990e+00     5.1692      3.743      5.429    12.1978 0.0000e+00
      3.827      0.034     2.1093     19.348     37.020  27.389379     3.4998      9.029   238.3533 1.0849e+00     5.2274      3.754      5.444    12.1710 0.0000e+00
      3.834      0.029     2.1029     19.375     37.011  27.366321     3.4100      9.025   238.5770 1.0655e+00     5.1534      3.761      5.455    12.1121 0.0000e+00
      3.838      0.024     2.0905     19.447     37.006  27.354896     3.3296      9.020   238.7433 1.0519e+00     5.0602      3.764      5.460    12.0601 0.0000e+00
      3.842      0.020     2.0823     19.553     37.047  27.378084     3.3182      9.015   238.7287 1.0532e+00     5.0568      3.768      5.465    12.0218 0.0000e+00
      3.846      0.018     2.0850     19.667     37.082  27.392974     3.3646      9.009   238.6588 1.0569e+00     5.1123      3.772      5.470    11.9861 0.0000e+00
      3.850      0.018     2.0873     19.763     37.112  27.408061     3.4318      9.004   238.5859 1.0407e+00     5.1163      3.774      5.473    11.9604 0.0000e+00
      3.856      0.020     2.0961     19.830     37.150  27.433649     3.4651      8.999   238.5360 1.0214e+00     5.0716      3.783      5.485    11.9570 0.0000e+00
      3.861      0.023     2.1092     19.884     37.185  27.448653     3.4509      8.994   238.5719 1.0164e+00     5.0159      3.789      5.495    11.9534 0.0000e+00
      3.865      0.028     2.1232     19.919     37.234  27.462609     3.3676      8.990   238.7610 1.0133e+00     5.0569      3.789      5.495    11.9288 0.0000e+00
      3.871      0.032     2.1356     19.935     37.284  27.475521     3.2242      8.986   238.9299 1.0013e+00     5.1235      3.794      5.503    11.9175 0.0000e+00
      3.881      0.036     2.1400     19.947     37.315  27.477892     3.1314      8.981   238.9797 9.7979e-01     5.0697      3.806      5.521    11.9262 0.0000e+00
      3.893      0.038     2.1479     19.977     37.358  27.491247     3.1030      8.975   239.0183 9.5821e-01     5.0553      3.818      5.539    11.9123 0.0000e+00
      3.905      0.039     2.1536     20.047     37.411  27.510132     3.0641      8.969   239.1389 9.4345e-01     5.2577      3.829      5.554    11.8762 0.0000e+00
      3.915      0.039     2.1557     20.156     37.450  27.515928     2.9943      8.963   239.4055 9.2264e-01     5.5352      3.839      5.570    11.8406 0.0000e+00
      3.925      0.038     2.1587     20.320     37.463  27.497882     2.9251      8.958   239.6604 9.0201e-01     5.6092      3.850      5.585    11.8146 0.0000e+00
      3.933      0.036     2.1602     20.541     37.479  27.482180     2.8766      8.953   239.8975 8.9548e-01     5.5381      3.858      5.595    11.7931 0.0000e+00
      3.941      0.035     2.1714     20.824     37.557  27.516313     2.8490      8.948   240.2930 8.7605e-01     5.5301      3.863      5.602    11.7658 0.0000e+00
      3.951      0.036     2.1826     21.183     37.693  27.593433     2.7995      8.943   240.6571 8.4318e-01     5.6830      3.874      5.618    11.7372 0.0000e+00
      3.962      0.037     2.2025     21.588     37.813  27.653506     2.7029      8.938   240.8581 8.2757e-01     5.8832      3.888      5.639    11.6990 0.0000e+00
      3.969      0.037     2.2295     21.996     37.881  27.671785     2.6296      8.932   241.0890 8.2315e-01     5.9361      3.892      5.644    11.6563 0.0000e+00
      3.976      0.036     2.2590     22.403     37.936  27.687553     2.6124      8.925   241.2981 8.0934e-01     5.9462      3.895      5.649    11.6289 0.0000e+00
      3.989      0.034     2.3016     22.828     38.001  27.717271     2.6854      8.919   241.4074 7.9466e-01     6.2104      3.913      5.677    11.6051 0.0000e+00
      4.000      0.033     2.3502     23.303     38.106  27.777386     2.8222      8.913   241.5499 7.8579e-01     6.6364      3.927      5.695    11.5652 0.0000e+00
      4.006      0.034     2.3964     23.826     38.304  27.906969     2.8765      8.907   241.7313 7.7929e-01     6.7932      3.927      5.696    11.5171 0.0000e+00
      4.011      0.035     2.4423     24.330     38.556  28.078915     2.8511      8.902   241.7937 7.7698e-01     6.7397      3.933      5.705    11.4866 0.0000e+00
      4.018      0.036     2.4883     24.765     38.746  28.207258     2.8147      8.897   241.8734 7.6474e-01     6.7072      3.940      5.715    11.4670 0.0000e+00
      4.027      0.037     2.5397     25.104     38.822  28.253618     2.7771      8.891   242.0068 7.3815e-01     6.7077      3.947      5.724    11.4422 0.0000e+00
      4.040      0.038     2.6035     25.301     38.842  28.258872     2.7707      8.885   242.0295 7.1731e-01     6.7450      3.962      5.746    11.4231 0.0000e+00
      4.054      0.038     2.6600     25.333     38.869  28.270777     2.7714      8.877   242.1484 7.0594e-01     6.7487      3.979      5.770    11.4108 0.0000e+00
      4.065      0.037     2.7088     25.170     38.876  28.270698     2.7439      8.871   242.4111 6.9087e-01     6.7864      3.988      5.784    11.3974 0.0000e+00
      4.071      0.034     2.7495     24.764     38.862  28.257910     2.7202      8.866   242.7115 6.7839e-01     6.9622      3.991      5.789    11.3860 0.0000e+00
      4.077      0.029     2.7720     24.168     38.842  28.243014     2.7102      8.861   243.0274 6.7046e-01     7.0639      3.996      5.795    11.3742 0.0000e+00
      4.086      0.024     2.7762     23.508     38.806  28.217443     2.7066      8.853   243.2185 6.6589e-01     6.9904      4.008      5.812    11.3625 0.0000e+00
      4.094      0.020     2.7635     22.890     38.782  28.202441     2.7105      8.846   243.2150 6.6464e-01     6.9282      4.018      5.827    11.3558 0.0000e+00
      4.097      0.017     2.7163     22.377     38.756  28.188485     2.7488      8.839   243.1582 6.5673e-01     6.9950      4.018      5.828    11.3538 0.0000e+00
      4.098      0.014     2.6448     21.965     38.725  28.175564     2.8367      8.832   243.1342 6.5088e-01     7.1145      4.019      5.828    11.3535 0.0000e+00
      4.101      0.010     2.5696     21.674     38.703  28.173082     2.8822      8.827   243.1830 6.5251e-01     7.0755      4.023      5.834    11.3531 0.0000e+00
      4.104      0.009     2.4975     21.522     38.668  28.158486     2.8587      8.821   243.3171 6.5207e-01     6.9330      4.025      5.838    11.3562 0.0000e+00
      4.106      0.009     2.4441     21.483     38.615  28.125955     2.8268      8.815   243.4656 6.4774e-01     6.8949      4.026      5.840    11.3608 0.0000e+00
      4.107      0.010     2.3966     21.544     38.565  28.096900     2.8128      8.808   243.6018 6.4327e-01     6.9566      4.028      5.842    11.3736 0.0000e+00
      4.109      0.013     2.3615     21.658     38.590  28.124329     2.8306      8.801   243.6730 6.3908e-01     7.0304      4.029      5.844    11.3964 0.0000e+00
      4.112      0.018     2.3475     21.771     38.775  28.267321     2.8342      8.795   243.7244 6.3233e-01     7.0346      4.032      5.849    11.4100 0.0000e+00
      4.116      0.024     2.3417     21.881     39.000  28.430397     2.7572      8.789   243.7932 6.2025e-01     7.0757      4.035      5.853    11.4147 0.0000e+00
      4.121      0.029     2.3498     21.986     39.127  28.510362     2.6643      8.784   243.9022 6.1235e-01     7.2194      4.040      5.859    11.4246 0.0000e+00
      4.131      0.033     2.3655     22.068     39.282  28.599863     2.6436      8.778   244.0960 6.1033e-01     7.2698      4.051      5.874    11.4382 0.0000e+00
      4.144      0.034     2.3750     22.105     39.442  28.687954     2.6485      8.772   244.2436 6.0203e-01     7.2408      4.065      5.896    11.4506 0.0000e+00
      4.155      0.033     2.3878     22.058     39.483  28.687427     2.6064      8.767   244.3106 5.8350e-01     7.2791      4.076      5.912    11.4536 0.0000e+00
      4.162      0.029     2.4010     21.911     39.476  28.656882     2.5336      8.761   244.3893 5.5455e-01     7.3909      4.080      5.918    11.4335 0.0000e+00
      4.169      0.024     2.4120     21.702     39.469  28.635756     2.5097      8.755   244.5072 5.3917e-01     7.5000      4.089      5.930    11.4023 0.0000e+00
      4.176      0.019     2.4203     21.463     39.463  28.622262     2.5249      8.749   244.6173 5.5372e-01     7.4705      4.096      5.942    11.3668 0.0000e+00
      4.179      0.016     2.4187     21.193     39.470  28.620572     2.4931      8.742   244.6877 5.7072e-01     7.3078      4.098      5.944    11.3221 0.0000e+00
      4.180      0.015     2.4022     20.935     39.469  28.615324     2.4250      8.736   244.8426 5.7085e-01     7.1727      4.099      5.945    11.2881 0.0000e+00
      4.182      0.016     2.3778     20.741     39.484  28.622233     2.3925      8.730   245.0269 5.6698e-01     7.1687      4.101      5.949    11.2709 0.0000e+00
      4.185      0.017     2.3548     20.632     39.519  28.640676     2.3994      8.725   245.1102 5.6388e-01     7.2596      4.104      5.952    11.2607 0.0000e+00
      4.189      0.019     2.3225     20.603     39.542  28.648018     2.4082      8.720   245.1611 5.5735e-01     7.2820      4.108      5.957    11.2524 0.0000e+00
      4.196      0.020     2.2925     20.644     39.550  28.647567     2.4489      8.714   245.2119 5.4910e-01     7.1997      4.115      5.969    11.2463 0.0000e+00
      4.205      0.022     2.2704     20.733     39.533  28.635213     2.5509      8.707   245.2944 5.3859e-01     7.1866      4.124      5.982    11.2444 0.0000e+00
      4.210      0.023     2.2596     20.834     39.514  28.625505     2.6346      8.701   245.3842 5.3101e-01     7.2599      4.129      5.989    11.2369 0.0000e+00
      4.214      0.024     2.2575     20.939     39.553  28.657054     2.6527      8.696   245.5237 5.3143e-01     7.3006      4.131      5.992    11.2198 0.0000e+00
      4.219      0.025     2.2628     21.038     39.613  28.699525     2.5282      8.690   245.6900 5.2826e-01     7.2690      4.136      5.999    11.2107 0.0000e+00
      4.225      0.025     2.2753     21.113     39.619  28.695007     2.2870      8.684   245.7604 5.2214e-01     7.2197      4.144      6.010    11.2134 0.0000e+00
      4.233      0.024     2.2848     21.147     39.599  28.665847     2.1742      8.678   245.8589 5.1964e-01     7.2517      4.150      6.019    11.2178 0.0000e+00
      4.241      0.023     2.2974     21.175     39.614  28.664089     2.1964      8.672   246.0209 5.1423e-01     7.3142      4.159      6.032    11.2248 0.0000e+00
      4.249      0.023     2.3078     21.254     39.639  28.673742     2.2229      8.666   246.1699 5.0342e-01     7.2234      4.169      6.047    11.2263 0.0000e+00
      4.253      0.023     2.3190     21.371     39.626  28.655687     2.2454      8.660   246.2842 4.9370e-01     7.0075      4.173      6.053    11.2146 0.0000e+00
      4.254      0.023     2.3220     21.494     39.612  28.636062     2.2599      8.654   246.3703 4.9288e-01     6.9250      4.172      6.051    11.1916 0.0000e+00
      4.257      0.023     2.3222     21.633     39.609  28.626741     2.2732      8.648   246.5225 4.8853e-01     7.0109      4.172      6.052    11.1716 0.0000e+00
      4.266      0.026     2.3331     21.815     39.588  28.606414     2.2398      8.642   246.7471 4.7915e-01     7.0561      4.183      6.067    11.1662 0.0000e+00
      4.277      0.031     2.3481     22.056     39.562  28.580562     2.1400      8.636   246.9360 4.7110e-01     6.9929      4.197      6.087    11.1571 0.0000e+00
      4.284      0.036     2.3620     22.357     39.555  28.567876     2.0902      8.629   246.9994 4.6645e-01     6.9649      4.201      6.093    11.1397 0.0000e+00
      4.292      0.037     2.3758     22.732     39.583  28.579881     2.1119      8.622   246.9968 4.6019e-01     7.0239      4.205      6.100    11.1335 0.0000e+00
      4.304      0.035     2.3957     23.222     39.623  28.598848     2.1022      8.615   247.1627 4.3932e-01     7.0571      4.220      6.120    11.1291 0.0000e+00
      4.316      0.031     2.4229     23.855     39.645  28.606902     2.0317      8.607   247.4571 4.2339e-01     7.0250      4.235      6.143    11.1179 0.0000e+00
      4.324      0.026     2.4567     24.600     39.662  28.613822     1.9674      8.601   247.6305 4.2745e-01     6.9775      4.243      6.153    11.1087 0.0000e+00
      4.329      0.020     2.4960     25.397     39.672  28.619088     1.9657      8.594   247.7110 4.3445e-01     6.9941      4.247      6.159    11.0988 0.0000e+00
      4.332      0.014     2.5493     26.157     39.654  28.607141     1.9859      8.586   247.8283 4.3201e-01     7.0215      4.249      6.163    11.0857 0.0000e+00
      4.332      0.012     2.6212     26.762     39.635  28.596232     1.9528      8.579   247.9298 4.2677e-01     6.9669      4.250      6.164    11.0746 0.0000e+00
      4.332      0.013     2.7061     27.146     39.660  28.614049     1.8814      8.574   247.9926 4.2754e-01     6.9147      4.248      6.162    11.0687 0.0000e+00
      4.335      0.018     2.7965     27.316     39.701  28.632275     1.8394      8.567   248.1566 4.2309e-01     6.8687      4.250      6.164    11.0660 0.0000e+00
      4.340      0.023     2.8860     27.286     39.736  28.626302     1.8446      8.559   248.3646 4.0659e-01     6.8547      4.256      6.173    11.0682 0.0000e+00
      4.347      0.027     2.9557     27.100     39.767  28.605235     1.8773      8.552   248.5286 3.8833e-01     6.9160      4.261      6.181    11.0718 0.0000e+00
