Data/DataNotYetUploadedToEDI/Raw_CTD/RawDownloads/051925_fcr40_S7809005.cnv
* Sea-Bird SBE19plus  Data File:
* FileName = C:\R\Reservoirs\Data\DataNotYetUploadedToEDI\Raw_CTD\RawDownloads\051925_fcr50_S7809_0005.hex
* Software version 2.8.0.119
* Temperature SN = 7809
* Conductivity SN = 7809
* System UpLoad Time = May 27 2025 14:02:31
* <ApplicationData>
* <Seaterm232>
# nquan = 15
# nvalues = 1041                        
# units = specified
# name 0 = depFM: Depth [fresh water, m]
# name 1 = dz/dtM: Descent Rate [m/s]
# name 2 = sbeox0Mg/L: Oxygen, SBE 43 [mg/l]
# name 3 = sbeox0PS: Oxygen, SBE 43 [% saturation]
# name 4 = specc: Specific Conductance [uS/cm]
# name 5 = c0uS/cm: Conductivity [uS/cm]
# name 6 = flECO-AFL: Fluorescence, WET Labs ECO-AFL/FL [mg/m^3]
# name 7 = ph: pH
# name 8 = orp: Oxidation Reduction Potential [mV]
# name 9 = par/sat/log: PAR/Logarithmic, Satlantic
# name 10 = turbWETntu0: Turbidity, WET Labs ECO [NTU]
# name 11 = prdM: Pressure, Strain Gauge [db]
# name 12 = prdE: Pressure, Strain Gauge [psi]
# name 13 = tv290C: Temperature [ITS-90, deg C]
# name 14 = flag:  0.000e+00
# span 0 =     -0.675,      5.919       
# span 1 =     -0.403,      0.286       
# span 2 =     4.1211,    11.1073       
# span 3 =     37.682,    119.101       
# span 4 =      1.729,     39.861       
# span 5 =   1.505311,  30.003962       
# span 6 =    -2.0495,    15.1404       
# span 7 =      7.041,      9.812       
# span 8 =  -399.5000,   423.3094       
# span 9 = 6.1856e-01, 2.0260e+03       
# span 10 =    -6.1680,   124.5875      
# span 11 =     -0.663,      5.807      
# span 12 =     -0.962,      8.422      
# span 13 =     9.9218,    21.8493      
# span 14 = 0.0000e+00, 0.0000e+00      
# interval = seconds: 0.25
# start_time = May 19 2025 13:49:24 [Instrument's time stamp, header]
# bad_flag = -9.990e-29
*END*
[from data line 193]
      0.127      0.007    10.3706    110.647     32.028  29.239736     2.1507      9.610   155.1534 1.0993e+03     4.2780      0.125      0.182    20.6602 0.0000e+00
      0.129      0.007    10.2267    110.026     32.035  29.244970     2.1542      9.613   155.4487 1.1549e+03     4.2431      0.127      0.184    20.6569 0.0000e+00
      0.131      0.006    10.1047    109.583     32.010  29.222480     2.1781      9.617   156.0004 1.0952e+03     4.2829      0.129      0.186    20.6528 0.0000e+00
      0.131      0.006    10.0029    109.245     32.008  29.221535     2.1821      9.621   156.6624 1.0479e+03     4.2460      0.130      0.188    20.6464 0.0000e+00
      0.131      0.008     9.9224    108.979     32.020  29.233549     2.1686      9.625   157.1718 1.0690e+03     4.2418      0.129      0.187    20.6423 0.0000e+00
      0.132      0.012     9.8722    108.780     32.029  29.240881     2.1573      9.629   157.5138 1.1039e+03     4.3342      0.130      0.188    20.6408 0.0000e+00
      0.134      0.013     9.8338    108.646     32.039  29.246752     2.1538      9.634   157.8717 1.1473e+03     4.3736      0.131      0.190    20.6404 0.0000e+00
      0.140      0.012     9.8047    108.556     32.038  29.241110     2.1589      9.638   158.2300 1.2330e+03     4.3418      0.135      0.197    20.6419 0.0000e+00
      0.148      0.005     9.7798    108.479     32.036  29.236083     2.1525      9.641   158.4905 1.3503e+03     4.2914      0.145      0.212    20.6448 0.0000e+00
      0.154     -0.006     9.7618    108.369     32.050  29.249393     2.1508      9.646   158.7836 1.3434e+03     4.3101      0.153      0.224    20.6448 0.0000e+00
      0.154     -0.021     9.7526    108.260     32.072  29.275178     2.1639      9.650   158.8489 1.2457e+03     4.3971      0.154      0.223    20.6371 0.0000e+00
      0.146     -0.034     9.7458    108.197     32.083  29.294148     2.1534      9.653   158.6778 1.2763e+03     4.4559      0.147      0.213    20.6283 0.0000e+00
      0.130     -0.044     9.7436    108.136     32.067  29.288476     2.1153      9.654   158.8657 1.3128e+03     4.4396      0.130      0.189    20.6240 0.0000e+00
      0.109     -0.046     9.7318    108.036     32.042  29.270044     2.0772      9.656   159.3134 1.2176e+03     4.3373      0.105      0.152    20.6227 0.0000e+00
      0.091     -0.040     9.7171    107.926     32.033  29.261576     2.0754      9.658   159.6170 1.1906e+03     4.2780      0.084      0.123    20.6304 0.0000e+00
      0.081     -0.029     9.7114    107.880     32.021  29.249524     2.0931      9.659   159.7841 1.2234e+03     4.2694      0.078      0.112    20.6496 0.0000e+00
      0.079     -0.015     9.7038    107.922     32.023  29.251188     2.0662      9.662   159.9561 1.2263e+03     4.2325      0.075      0.109    20.6670 0.0000e+00
      0.080     -0.003     9.6933    108.016     32.056  29.281691     2.0252      9.664   160.0622 1.4681e+03     4.2418      0.077      0.111    20.6722 0.0000e+00
      0.084      0.006     9.6804    108.112     32.077  29.301190     2.0225      9.666   160.0342 1.6606e+03     4.2793      0.083      0.119    20.6690 0.0000e+00
      0.088      0.010     9.6756    108.167     32.072  29.296663     2.0419      9.668   160.1346 1.4139e+03     4.3105      0.086      0.125    20.6665 0.0000e+00
      0.090      0.011     9.6818    108.194     32.066  29.290382     2.0684      9.668   160.4148 1.2098e+03     4.3803      0.088      0.128    20.6676 0.0000e+00
      0.093      0.011     9.6904    108.226     32.065  29.288672     2.0840      9.669   160.6693 1.2261e+03     4.4394      0.091      0.132    20.6688 0.0000e+00
      0.095      0.010     9.7017    108.249     32.051  29.275987     2.0815      9.672   160.8890 1.2327e+03     4.4789      0.094      0.136    20.6694 0.0000e+00
      0.097      0.009     9.7056    108.233     32.039  29.263868     2.0878      9.673   161.0918 1.1583e+03     4.5507      0.096      0.139    20.6694 0.0000e+00
      0.100      0.007     9.7060    108.175     32.044  29.268995     2.1108      9.673   161.2278 1.1344e+03     4.5557      0.097      0.141    20.6683 0.0000e+00
      0.103      0.005     9.7108    108.119     32.049  29.274552     2.1263      9.673   161.4148 1.3991e+03     4.4030      0.101      0.146    20.6669 0.0000e+00
      0.104      0.004     9.7138    108.119     32.038  29.267634     2.1172      9.673   161.6324 1.6391e+03     4.2411      0.104      0.150    20.6656 0.0000e+00
      0.104      0.004     9.7130    108.184     32.013  29.248776     2.0999      9.674   161.7941 1.5030e+03     4.2374      0.103      0.148    20.6642 0.0000e+00
      0.102      0.005     9.7065    108.290     31.996  29.236838     2.1168      9.674   161.9934 1.4287e+03     4.3245      0.100      0.145    20.6637 0.0000e+00
      0.101      0.007     9.6984    108.388     32.008  29.250148     2.1463      9.674   162.1494 1.5214e+03     4.3384      0.098      0.142    20.6655 0.0000e+00
      0.104      0.007     9.6979    108.450     32.039  29.282854     2.1488      9.674   162.2177 1.3286e+03     4.2689      0.101      0.145    20.6711 0.0000e+00
      0.109      0.007     9.7027    108.518     32.065  29.315143     2.1476      9.674   162.3882 1.0675e+03     4.2346      0.107      0.154    20.6776 0.0000e+00
      0.115      0.006     9.7130    108.600     32.059  29.323422     2.1409      9.675   162.6628 1.0465e+03     4.2999      0.113      0.164    20.6832 0.0000e+00
      0.116      0.004     9.7231    108.670     32.041  29.319541     2.1264      9.675   162.8712 1.1774e+03     4.4099      0.116      0.168    20.6881 0.0000e+00
      0.114      0.002     9.7246    108.724     32.044  29.331670     2.1124      9.675   163.0150 1.4005e+03     4.4027      0.112      0.162    20.6911 0.0000e+00
      0.111      0.002     9.7288    108.736     32.050  29.343222     2.0888      9.677   163.1973 1.5293e+03     4.2811      0.108      0.157    20.7038 0.0000e+00
      0.110      0.003     9.7327    108.671     32.036  29.332363     2.0658      9.680   163.4405 1.4767e+03     4.2385      0.107      0.155    20.7292 0.0000e+00
      0.111      0.004     9.7341    108.531     32.033  29.327235     2.0167      9.682   163.6321 1.3686e+03     4.2974      0.108      0.156    20.7508 0.0000e+00
      0.115      0.005     9.7374    108.366     32.055  29.344649     1.9447      9.683   163.6206 1.2353e+03     4.3446      0.113      0.163    20.7643 0.0000e+00
      0.119      0.005     9.7381    108.216     32.067  29.352618     1.9022      9.685   163.3886 1.1418e+03     4.3306      0.118      0.172    20.7739 0.0000e+00
      0.121      0.004     9.7322    108.102     32.077  29.360162     1.8696      9.688   163.2355 1.1661e+03     4.2984      0.119      0.173    20.7778 0.0000e+00
      0.120      0.003     9.7179    108.046     32.090  29.372433     1.8502      9.691   163.4035 1.1781e+03     4.2968      0.117      0.170    20.7728 0.0000e+00
      0.118      0.001     9.7030    108.048     32.088  29.374125     1.8590      9.693   163.6134 1.1762e+03     4.2771      0.116      0.168    20.7662 0.0000e+00
      0.118      0.000     9.6904    108.085     32.089  29.380621     1.8676      9.694   163.6223 1.3362e+03     4.2315      0.116      0.168    20.7615 0.0000e+00
      0.119      0.000     9.6796    108.115     32.090  29.387549     1.8721      9.696   163.5972 1.4350e+03     4.2577      0.117      0.170    20.7583 0.0000e+00
      0.121      0.001     9.6746    108.108     32.090  29.394469     1.8796      9.698   163.7401 1.3008e+03     4.3883      0.118      0.172    20.7596 0.0000e+00
      0.121      0.002     9.6741    108.054     32.090  29.400867     1.8921      9.700   163.9731 1.1821e+03     4.5469      0.119      0.172    20.7658 0.0000e+00
      0.120      0.003     9.6773    107.980     32.083  29.401490     1.8812      9.702   164.1776 1.3548e+03     4.6040      0.118      0.171    20.7750 0.0000e+00
      0.120      0.003     9.6792    107.932     32.074  29.402010     1.8474      9.703   164.3196 1.6693e+03     4.5321      0.117      0.170    20.7849 0.0000e+00
      0.121      0.003     9.6771    107.919     32.073  29.407160     1.8334      9.704   164.3138 1.5877e+03     4.3953      0.118      0.171    20.7943 0.0000e+00
      0.123      0.003     9.6701    107.925     32.060  29.400345     1.8529      9.706   164.2793 1.2137e+03     4.3166      0.122      0.176    20.8029 0.0000e+00
      0.126      0.002     9.6585    107.950     32.037  29.383045     1.8838      9.708   164.2465 1.0505e+03     4.3653      0.124      0.180    20.8153 0.0000e+00
      0.126      0.002     9.6519    108.005     32.039  29.388287     1.8828      9.709   164.1765 1.0443e+03     4.4034      0.124      0.179    20.8297 0.0000e+00
      0.125      0.001     9.6490    108.061     32.049  29.400302     1.8654      9.711   164.2066 9.8843e+02     4.4357      0.123      0.178    20.8403 0.0000e+00
      0.123      0.001     9.6489    108.074     32.048  29.401460     1.8903      9.713   164.3523 9.6275e+02     4.5516      0.121      0.176    20.8476 0.0000e+00
      0.123      0.001     9.6482    108.044     32.048  29.402287     1.9336      9.715   164.5609 1.1217e+03     4.6092      0.120      0.175    20.8538 0.0000e+00
      0.124      0.001     9.6537    107.981     32.057  29.410302     1.9481      9.716   164.7507 1.4660e+03     4.5855      0.122      0.177    20.8595 0.0000e+00
      0.126      0.002     9.6601    107.924     32.084  29.434941     1.9407      9.718   164.9259 1.5667e+03     4.5387      0.124      0.179    20.8638 0.0000e+00
      0.126      0.002     9.6596    107.916     32.099  29.446475     1.9104      9.720   165.0450 1.3065e+03     4.4532      0.125      0.181    20.8664 0.0000e+00
      0.126      0.001     9.6573    107.951     32.074  29.422890     1.8815      9.722   165.0720 1.1687e+03     4.4050      0.124      0.180    20.8675 0.0000e+00
      0.126      0.000     9.6501    108.010     32.052  29.403498     1.8834      9.723   165.1655 1.2043e+03     4.3659      0.123      0.179    20.8682 0.0000e+00
      0.127      0.000     9.6428    108.100     32.049  29.402302     1.8827      9.724   165.2305 1.2031e+03     4.2884      0.125      0.181    20.8670 0.0000e+00
      0.127      0.000     9.6438    108.200     32.058  29.408432     1.8644      9.725   165.1693 1.2250e+03     4.2876      0.126      0.182    20.8633 0.0000e+00
      0.126      0.001     9.6487    108.273     32.068  29.414186     1.8537      9.726   165.1998 1.2551e+03     4.4241      0.124      0.180    20.8608 0.0000e+00
      0.126      0.002     9.6518    108.299     32.068  29.408434     1.8617      9.727   165.4273 1.1458e+03     4.5726      0.123      0.178    20.8635 0.0000e+00
      0.127      0.002     9.6608    108.289     32.066  29.402305     1.8607      9.727   165.7678 1.0313e+03     4.5808      0.123      0.179    20.8666 0.0000e+00
      0.128      0.003     9.6714    108.274     32.068  29.403500     1.8341      9.728   166.0482 1.0871e+03     4.4892      0.126      0.182    20.8642 0.0000e+00
      0.130      0.004     9.6799    108.273     32.087  29.422891     1.8146      9.728   166.2358 1.1934e+03     4.4895      0.128      0.185    20.8574 0.0000e+00
      0.131      0.004     9.6838    108.290     32.108  29.446475     1.8166      9.729   166.4873 1.2292e+03     4.6181      0.129      0.187    20.8473 0.0000e+00
      0.132      0.003     9.6832    108.307     32.093  29.434932     1.8236      9.731   166.6807 1.2153e+03     4.7118      0.129      0.188    20.8387 0.0000e+00
      0.132      0.002     9.6817    108.292     32.067  29.410189     1.8163      9.733   166.6805 1.2571e+03     4.6662      0.129      0.187    20.8372 0.0000e+00
      0.132      0.002     9.6799    108.242     32.061  29.401030     1.7950      9.733   166.6566 1.2905e+03     4.5794      0.130      0.188    20.8434 0.0000e+00
      0.133      0.001     9.6807    108.185     32.053  29.387612     1.7913      9.733   166.7362 1.1933e+03     4.5842      0.130      0.189    20.8519 0.0000e+00
      0.133      0.000     9.6830    108.147     32.047  29.374807     1.8047      9.733   166.8698 1.1665e+03     4.6221      0.131      0.190    20.8547 0.0000e+00
      0.133 2.3555e-08     9.6820    108.110     32.051  29.373058     1.7903      9.733   166.8958 1.1341e+03     4.5930      0.131      0.191    20.8537 0.0000e+00
      0.133 2.5910e-07     9.6773    108.076     32.048  29.366453     1.7510      9.735   166.7921 1.0180e+03     4.5403      0.130      0.188    20.8492 0.0000e+00
      0.132 6.1314e-07     9.6728    108.070     32.043  29.358381     1.7292      9.737   166.8205 9.7999e+02     4.5658      0.129      0.187    20.8375 0.0000e+00
      0.132      0.000     9.6731    108.054     32.026  29.338881     1.7350      9.737   167.0664 9.6317e+02     4.6623      0.130      0.188    20.8252 0.0000e+00
      0.133      0.000     9.6721    108.000     32.012  29.320958     1.7459      9.738   167.2702 9.8300e+02     4.6822      0.130      0.189    20.8171 0.0000e+00
      0.134      0.001     9.6671    107.960     32.029  29.331962     1.7357      9.741   167.3060 9.6043e+02     4.6015      0.132      0.191    20.8113 0.0000e+00
      0.134      0.001     9.6703    107.965     32.047  29.345062     1.7364      9.743   167.2403 9.3017e+02     4.5740      0.132      0.191    20.8068 0.0000e+00
      0.134      0.001     9.6717    108.006     32.059  29.352482     1.7547      9.745   167.1647 1.0357e+03     4.6231      0.131      0.191    20.8006 0.0000e+00
      0.133      0.001     9.6651    108.076     32.069  29.358249     1.7570      9.747   167.2527 1.1361e+03     4.6831      0.130      0.189    20.7920 0.0000e+00
      0.133      0.000     9.6625    108.143     32.064  29.351349     1.7391      9.747   167.4434 1.1049e+03     4.6510      0.131      0.190    20.7840 0.0000e+00
      0.134      0.000     9.6649    108.188     32.044  29.332484     1.7052      9.748   167.5781 1.0701e+03     4.5070      0.132      0.191    20.7777 0.0000e+00
      0.134      0.001     9.6687    108.209     32.029  29.320441     1.6881      9.750   167.7630 1.2828e+03     4.4790      0.132      0.191    20.7747 0.0000e+00
      0.134      0.002     9.6775    108.216     32.039  29.332598     1.6996      9.751   167.9573 1.7467e+03     4.5856      0.132      0.191    20.7697 0.0000e+00
      0.134      0.002     9.6857    108.215     32.056  29.352617     1.7019      9.750   168.0351 1.9231e+03     4.6354      0.131      0.190    20.7620 0.0000e+00
      0.135      0.001     9.6891    108.204     32.072  29.372210     1.6660      9.750   168.0148 1.4996e+03     4.6030      0.132      0.192    20.7617 0.0000e+00
      0.136      0.001     9.6903    108.204     32.077  29.379214     1.6235      9.750   168.0564 1.0580e+03     4.5355      0.133      0.193    20.7677 0.0000e+00
      0.137      0.001     9.6890    108.228     32.068  29.373878     1.6215      9.751   168.1943 9.8476e+02     4.5368      0.134      0.195    20.7718 0.0000e+00
      0.137      0.001     9.6891    108.271     32.062  29.371120     1.6493      9.752   168.3057 1.1771e+03     4.5838      0.135      0.196    20.7784 0.0000e+00
      0.136      0.001     9.6847    108.309     32.032  29.345871     1.6683      9.753   168.3706 1.2989e+03     4.5241      0.133      0.193    20.7873 0.0000e+00
      0.135      0.001     9.6837    108.310     32.005  29.322324     1.6691      9.755   168.3769 1.1296e+03     4.4973      0.132      0.191    20.7908 0.0000e+00
      0.136      0.001     9.6858    108.268     32.026  29.340138     1.6667      9.757   168.4679 1.0542e+03     4.5332      0.132      0.191    20.7932 0.0000e+00
      0.137      0.001     9.6890    108.198     32.063  29.370962     1.6649      9.758   168.6099 1.1659e+03     4.5141      0.135      0.196    20.7975 0.0000e+00
