Data/DataNotYetUploadedToEDI/Raw_CTD/RawDownloads/051925_fcr30_S7809009.cnv
* Sea-Bird SBE19plus  Data File:
* FileName = C:\R\Reservoirs\Data\DataNotYetUploadedToEDI\Raw_CTD\RawDownloads\051925_fcr50_S7809_0009.hex
* Software version 2.8.0.119
* Temperature SN = 7809
* Conductivity SN = 7809
* System UpLoad Time = May 27 2025 14:06:29
* <ApplicationData>
* <Seaterm232>
# nquan = 15
# nvalues = 1726                        
# units = specified
# name 0 = depFM: Depth [fresh water, m]
# name 1 = dz/dtM: Descent Rate [m/s]
# name 2 = sbeox0Mg/L: Oxygen, SBE 43 [mg/l]
# name 3 = sbeox0PS: Oxygen, SBE 43 [% saturation]
# name 4 = specc: Specific Conductance [uS/cm]
# name 5 = c0uS/cm: Conductivity [uS/cm]
# name 6 = flECO-AFL: Fluorescence, WET Labs ECO-AFL/FL [mg/m^3]
# name 7 = ph: pH
# name 8 = orp: Oxidation Reduction Potential [mV]
# name 9 = par/sat/log: PAR/Logarithmic, Satlantic
# name 10 = turbWETntu0: Turbidity, WET Labs ECO [NTU]
# name 11 = prdM: Pressure, Strain Gauge [db]
# name 12 = prdE: Pressure, Strain Gauge [psi]
# name 13 = tv290C: Temperature [ITS-90, deg C]
# name 14 = flag:  0.000e+00
# span 0 =     -0.581,      5.389       
# span 1 =     -0.345,      0.203       
# span 2 =     1.7869,    11.8607       
# span 3 =     16.797,    128.577       
# span 4 =      2.057,     39.831       
# span 5 =   1.712650,  29.028073       
# span 6 =    -0.1027,    25.7526       
# span 7 =      7.767,     10.602       
# span 8 =    41.6623,   299.7451       
# span 9 = 1.2370e-01, 4.3202e+02       
# span 10 =     1.4704,   295.6405      
# span 11 =     -0.571,      5.286      
# span 12 =     -0.828,      7.667      
# span 13 =    10.2156,    19.5935      
# span 14 = 0.0000e+00, 0.0000e+00      
# interval = seconds: 0.25
# start_time = May 26 2025 12:50:52 [Instrument's time stamp, header]
# bad_flag = -9.990e-29
*END*
[from data line 1543]
      4.071     -0.056     5.5699     50.859     39.225  27.921930     1.8255      7.771   273.7729 7.0784e-01     8.0003      3.988      5.784    10.5550 0.0000e+00
      4.059     -0.053     5.6082     50.648     39.260  27.947302     1.8473      7.770   274.0649 7.1964e-01     8.0055      3.979      5.770    10.5694 0.0000e+00
      4.054     -0.059     5.6482     50.318     39.239  27.937037     1.8790      7.768   274.3550 7.0860e-01     7.8565      3.976      5.766    10.5866 0.0000e+00
      4.050     -0.076     5.6733     49.927     39.209  27.924676     1.9349      7.767   274.3550 7.0609e-01     7.6339      3.974      5.764    10.5947 0.0000e+00
      4.040     -0.102     5.6688     49.502     39.194  27.924705     1.9821      7.767   274.2372 7.4912e-01     7.5687      3.970      5.757    10.5883 0.0000e+00
      4.012     -0.136     5.6431     49.040     39.195  27.937400     2.0087      7.767   274.2221 8.3420e-01     7.5460      3.944      5.719    10.5873 0.0000e+00
      3.963     -0.171     5.6023     48.535     39.199  27.951339     1.9987      7.767   274.1722 9.1877e-01     7.4620      3.888      5.641    10.5946 0.0000e+00
      3.907     -0.203     5.5568     48.050     39.205  27.966397     1.9349      7.767   274.0638 1.0076e+00     7.3387      3.831      5.556    10.6059 0.0000e+00
      3.849     -0.225     5.5073     47.636     39.228  27.992616     1.8706      7.767   274.0303 1.1300e+00     7.2505      3.778      5.478    10.6214 0.0000e+00
      3.786     -0.235     5.4561     47.267     39.245  28.014649     1.8624      7.767   273.9384 1.2638e+00     7.3182      3.714      5.387    10.6365 0.0000e+00
      3.721     -0.228     5.3945     46.933     39.270  28.042531     1.8851      7.768   273.7274 1.4121e+00     7.3029      3.647      5.290    10.6510 0.0000e+00
      3.657     -0.207     5.3346     46.608     39.301  28.076036     1.9374      7.769   273.4574 1.5919e+00     7.0311      3.586      5.202    10.6646 0.0000e+00
      3.596     -0.174     5.2917     46.231     39.321  28.102626     2.0370      7.770   273.1691 1.7786e+00     6.7989      3.525      5.111    10.6766 0.0000e+00
      3.546     -0.131     5.2475     45.794     39.308  28.110335     2.1073      7.770   272.9948 1.9077e+00     6.7843      3.468      5.029    10.6887 0.0000e+00
      3.520     -0.086     5.2091     45.282     39.273  28.105839     2.1204      7.770   272.7269 1.9442e+00     6.8197      3.445      4.997    10.7020 0.0000e+00
      3.513     -0.045     5.1767     44.669     39.253  28.111719     2.1297      7.771   272.2524 1.9361e+00     6.8855      3.442      4.994    10.7156 0.0000e+00
      3.517     -0.011     5.1312     43.956     39.238  28.118018     2.1448      7.772   272.0766 1.9038e+00     7.0344      3.446      4.999    10.7301 0.0000e+00
      3.527      0.010     5.0808     43.141     39.218  28.118593     2.1622      7.772   272.4089 1.8530e+00     7.1845      3.460      5.018    10.7520 0.0000e+00
      3.537      0.018     5.0233     42.244     39.201  28.118685     2.1814      7.772   272.8274 1.8057e+00     7.2665      3.470      5.032    10.7801 0.0000e+00
      3.542      0.013     4.9501     41.295     39.189  28.119145     2.1777      7.772   272.9210 1.7826e+00     7.1373      3.474      5.039    10.8071 0.0000e+00
      3.545     -0.003     4.8707     40.309     39.187  28.124159     2.1501      7.773   272.6804 1.7885e+00     6.8523      3.477      5.044    10.8283 0.0000e+00
      3.546     -0.034     4.7770     39.341     39.169  28.115893     2.1395      7.774   272.3268 1.7902e+00     6.6894      3.479      5.045    10.8469 0.0000e+00
      3.545     -0.079     4.6739     38.486     39.114  28.082639     2.1565      7.774   272.0008 1.7954e+00     6.7053      3.479      5.046    10.8632 0.0000e+00
      3.533     -0.133     4.5688     37.774     39.042  28.039233     2.0983      7.775   271.7512 1.8816e+00     6.6679      3.474      5.038    10.8739 0.0000e+00
      3.497     -0.188     4.4565     37.199     38.922  27.971645     1.9518      7.777   271.5457 2.1230e+00     6.4424      3.442      4.992    10.8831 0.0000e+00
      3.430     -0.237     4.3439     36.809     38.769  27.899735     1.8837      7.780   271.1508 2.4980e+00     6.3014      3.370      4.888    10.8887 0.0000e+00
      3.345     -0.269     4.2471     36.620     38.641  27.867511     1.8988      7.784   270.6761 2.9290e+00     6.2959      3.282      4.759    10.8950 0.0000e+00
      3.255     -0.274     4.1712     36.568     38.497  27.835796     2.0346      7.786   270.6250 3.3641e+00     6.1020      3.192      4.629    10.9036 0.0000e+00
      3.170     -0.248     4.1008     36.511     38.304  27.770070     2.3019      7.787   270.8769 3.7636e+00     5.7340      3.105      4.504    10.9194 0.0000e+00
      3.097     -0.198     4.0533     36.277     38.114  27.707166     2.4506      7.788   271.0549 4.0694e+00     5.5364      3.028      4.392    10.9678 0.0000e+00
      3.050     -0.138     4.0271     35.786     38.019  27.709575     2.4770      7.789   271.2277 4.2078e+00     5.5914      2.979      4.320    11.0525 0.0000e+00
      3.032     -0.079     4.0170     35.017     38.068  27.799269     2.5036      7.790   271.3314 4.1998e+00     5.6813      2.966      4.302    11.1519 0.0000e+00
      3.035     -0.031     4.0114     33.948     38.195  27.903741     2.5477      7.792   271.1906 4.1253e+00     5.7009      2.973      4.312    11.2455 0.0000e+00
      3.048      0.001     3.9778     32.554     38.328  27.957924     2.6183      7.793   270.9017 4.0295e+00     5.6916      2.989      4.336    11.3464 0.0000e+00
      3.060      0.016     3.9162     30.956     38.405  27.946930     2.6590      7.794   270.6774 3.9735e+00     5.6713      3.003      4.356    11.4452 0.0000e+00
      3.065      0.017     3.8248     29.460     38.405  27.897586     2.6901      7.795   270.6301 3.9730e+00     5.6943      3.007      4.362    11.5274 0.0000e+00
      3.065      0.008     3.7090     28.360     38.395  27.868677     2.8687      7.796   270.5876 3.9803e+00     5.6288      3.006      4.360    11.5593 0.0000e+00
      3.065     -0.011     3.5604     27.832     38.371  27.851077     3.1458      7.797   270.5084 3.9633e+00     5.3911      3.004      4.357    11.4808 0.0000e+00
      3.066     -0.040     3.3794     27.862     38.304  27.811639     3.2694      7.798   270.4473 3.9362e+00     5.2792      3.006      4.362    11.3682 0.0000e+00
      3.064     -0.079     3.2099     28.294     38.219  27.772394     3.2488      7.798   270.2789 3.9717e+00     5.2668      3.009      4.364    11.3037 0.0000e+00
      3.050     -0.127     3.0830     28.968     38.129  27.757164     3.0787      7.799   270.1059 4.1639e+00     5.2422      3.000      4.351    11.2798 0.0000e+00
      3.013     -0.182     3.0256     29.733     38.030  27.754409     2.7770      7.801   269.9902 4.5588e+00     5.2543      2.963      4.297    11.2852 0.0000e+00
      2.953     -0.235     3.0363     30.400     37.927  27.739169     2.5975      7.801   269.7405 5.1267e+00     5.2078      2.901      4.207    11.2983 0.0000e+00
      2.876     -0.278     3.0881     30.798     37.815  27.699819     2.5654      7.803   269.3245 5.8298e+00     5.2273      2.825      4.098    11.3142 0.0000e+00
      2.788     -0.298     3.1620     30.871     37.700  27.659228     2.6889      7.805   268.8323 6.6726e+00     5.3876      2.736      3.969    11.3835 0.0000e+00
      2.696     -0.289     3.2443     30.670     37.560  27.628983     2.9247      7.806   268.4352 7.6217e+00     5.4376      2.642      3.832    11.4972 0.0000e+00
      2.608     -0.254     3.3196     30.318     37.360  27.587916     3.0355      7.809   268.3082 8.5716e+00     5.3189      2.553      3.702    11.5761 0.0000e+00
      2.534     -0.201     3.3604     29.943     37.120  27.543351     3.0472      7.811   268.3295 9.2817e+00     5.2508      2.473      3.588    11.6244 0.0000e+00
      2.488     -0.140     3.3630     29.577     36.903  27.534286     3.1582      7.811   268.3489 9.5636e+00     5.4007      2.428      3.522    11.6633 0.0000e+00
      2.472     -0.080     3.3297     29.195     36.723  27.541918     3.3613      7.812   268.2849 9.5601e+00     5.6276      2.419      3.509    11.7571 0.0000e+00
      2.473     -0.030     3.2723     28.759     36.539  27.508936     3.4636      7.813   268.1579 9.4610e+00     5.6366      2.422      3.514    11.9125 0.0000e+00
      2.483      0.004     3.2205     28.217     36.374  27.452739     3.4551      7.814   268.1890 9.3286e+00     5.5105      2.433      3.530    12.0806 0.0000e+00
      2.495      0.020     3.1655     27.532     36.310  27.433349     3.4666      7.815   268.3170 9.2136e+00     5.4689      2.449      3.552    12.3102 0.0000e+00
      2.503      0.018     3.1106     26.700     36.361  27.464803     3.7181      7.816   268.2440 9.1343e+00     5.4757      2.456      3.563    12.5208 0.0000e+00
      2.508     -0.002     3.0581     25.785     36.454  27.515905     4.1832      7.817   268.0798 9.0715e+00     5.4562      2.460      3.568    12.6534 0.0000e+00
      2.512     -0.042     2.9941     24.888     36.502  27.543794     4.4292      7.819   268.1386 9.0276e+00     5.3698      2.464      3.574    12.7552 0.0000e+00
      2.512     -0.100     2.9208     24.109     36.497  27.548301     4.4367      7.821   268.3529 9.1041e+00     5.2505      2.468      3.579    12.7945 0.0000e+00
      2.496     -0.170     2.8306     23.542     36.505  27.570416     4.4236      7.823   268.5199 9.5524e+00     5.2088      2.461      3.569    12.7677 0.0000e+00
      2.447     -0.240     2.7327     23.238     36.528  27.620922     4.4121      7.826   268.6084 1.0589e+01     5.1735      2.414      3.502    12.7286 0.0000e+00
      2.361     -0.295     2.6343     23.218     36.543  27.715012     4.4140      7.828   268.6484 1.2177e+01     5.1308      2.322      3.368    12.7167 0.0000e+00
      2.251     -0.320     2.5471     23.509     36.473  27.820184     4.4301      7.831   268.6604 1.4129e+01     5.1369      2.211      3.206    12.7350 0.0000e+00
      2.136     -0.307     2.4836     24.125     36.280  27.877917     4.7232      7.834   268.7533 1.6167e+01     5.1453      2.092      3.035    12.7558 0.0000e+00
      2.035     -0.258     2.4503     25.087     36.041  27.905883     5.3198      7.836   268.9108 1.7724e+01     5.1641      1.982      2.874    12.7826 0.0000e+00
      1.969     -0.187     2.4418     26.507     35.770  27.904858     5.6675      7.837   269.0158 1.8366e+01     5.1247      1.914      2.777    12.8720 0.0000e+00
      1.945     -0.112     2.4582     28.422     35.494  27.865765     5.6972      7.836   269.1628 1.8286e+01     5.0444      1.898      2.753    13.1101 0.0000e+00
      1.950     -0.048     2.5069     30.681     35.317  27.813978     5.8291      7.837   269.3980 1.7901e+01     5.0816      1.909      2.768    13.4275 0.0000e+00
      1.965     -0.007     2.5854     33.137     35.297  27.786218     6.0968      7.840   269.5362 1.7560e+01     5.1992      1.927      2.797    13.7039 0.0000e+00
      1.978      0.007     2.7094     35.547     35.390  27.783808     6.2378      7.843   269.2854 1.7424e+01     5.2367      1.943      2.819    14.0128 0.0000e+00
      1.983     -0.010     2.8987     37.425     35.501  27.784754     6.2600      7.847   268.8614 1.7405e+01     5.1579      1.947      2.825    14.3060 0.0000e+00
      1.981     -0.055     3.1254     38.406     35.589  27.797550     6.2735      7.852   268.8833 1.7396e+01     5.0659      1.944      2.818    14.4282 0.0000e+00
      1.976     -0.118     3.3819     38.383     35.620  27.811607     6.4182      7.858   269.3778 1.7616e+01     5.0810      1.942      2.816    14.3891 0.0000e+00
      1.953     -0.189     3.6651     37.478     35.607  27.827854     6.7194      7.864   270.1080 1.8607e+01     5.1365      1.930      2.800    14.2568 0.0000e+00
      1.896     -0.259     3.8809     36.046     35.595  27.867172     6.8949      7.869   270.7434 2.0555e+01     5.1562      1.873      2.716    14.1087 0.0000e+00
      1.805     -0.316     3.9928     34.574     35.541  27.906496     6.9747      7.875   270.6931 2.3136e+01     5.1146      1.775      2.574    14.0251 0.0000e+00
      1.696     -0.345     3.9881     33.599     35.397  27.922851     7.6672      7.882   270.1879 2.6139e+01     5.0084      1.664      2.414    14.0172 0.0000e+00
      1.581     -0.336     3.8754     33.584     35.194  27.938221     8.9341      7.888   270.0549 2.9404e+01     5.0340      1.550      2.248    14.0668 0.0000e+00
      1.471     -0.292     3.7068     34.881     34.959  27.965694     9.6413      7.892   269.5163 3.2347e+01     5.1510      1.435      2.080    14.1263 0.0000e+00
      1.389     -0.225     3.5260     37.692     34.704  28.001570     9.7516      7.897   268.0635 3.4112e+01     5.1248      1.345      1.949    14.2290 0.0000e+00
      1.349     -0.149     3.3965     42.108     34.497  28.055153    10.2510      7.903   267.4600 3.4511e+01     5.0588      1.311      1.903    14.4173 0.0000e+00
      1.342     -0.079     3.3632     48.173     34.388  28.106419    11.1855      7.909   268.2423 3.4303e+01     5.0363      1.312      1.902    14.6698 0.0000e+00
      1.348     -0.025     3.4638     55.483     34.344  28.114189    11.7197      7.916   269.2626 3.4023e+01     5.0237      1.321      1.915    14.9792 0.0000e+00
      1.358      0.007     3.7188     62.947     34.342  28.085719    11.8074      7.921   269.9019 3.3703e+01     5.0773      1.332      1.933    15.3414 0.0000e+00
      1.368      0.019     4.1212     69.332     34.422  28.079292    11.9379      7.927   270.2072 3.3420e+01     5.1037      1.342      1.948    15.7124 0.0000e+00
      1.374      0.019     4.7106     73.730     34.539  28.099815    12.1399      7.933   270.2863 3.3177e+01     5.0695      1.349      1.956    15.9191 0.0000e+00
      1.377      0.015     5.4764     75.741     34.574  28.080057    12.2531      7.938   269.9978 3.2900e+01     5.1071      1.350      1.958    15.9578 0.0000e+00
      1.377      0.012     6.2632     75.413     34.549  28.030613    12.2912      7.942   269.4728 3.2577e+01     5.1826      1.350      1.958    15.9154 0.0000e+00
      1.377      0.011     6.9469     73.104     34.566  28.009382    12.3679      7.944   268.7569 3.2221e+01     5.1293      1.349      1.957    15.7834 0.0000e+00
      1.379      0.011     7.4167     69.513     34.639  28.013594    12.4565      7.948   267.1066 3.1786e+01     5.0086      1.352      1.960    15.6544 0.0000e+00
      1.383      0.011     7.6214     65.463     34.715  28.018049    12.4885      7.953   264.8342 3.1223e+01     4.9871      1.355      1.966    15.5941 0.0000e+00
      1.390      0.008     7.5846     61.611     34.732  27.999741    12.4885      7.956   262.1890 3.0648e+01     5.0407      1.362      1.976    15.5661 0.0000e+00
      1.396      0.002     7.3326     58.344     34.717  27.982481    12.4975      7.958   258.3539 3.0233e+01     5.0758      1.371      1.988    15.5276 0.0000e+00
      1.396     -0.008     6.9577     55.819     34.730  27.999624    12.5722      7.962   252.2779 3.0061e+01     5.0356      1.371      1.989    15.4368 0.0000e+00
      1.391     -0.028     6.5441     54.064     34.740  28.016754    12.7182      7.967   243.1864 3.0080e+01     4.9641      1.365      1.980    15.3326 0.0000e+00
      1.385     -0.058     6.1514     53.044     34.693  27.999324    12.7971      7.975   235.1572 3.0200e+01     4.9294      1.357      1.970    15.2886 0.0000e+00
      1.375     -0.101     5.8194     52.678     34.611  27.979188    12.7683      7.987   232.2895 3.0568e+01     4.9911      1.352      1.960    15.2919 0.0000e+00
