Data/DataNotYetUploadedToEDI/Raw_CTD/RawDownloads/051925_fcr20_S7809003.cnv
* Sea-Bird SBE19plus  Data File:
* FileName = C:\R\Reservoirs\Data\DataNotYetUploadedToEDI\Raw_CTD\RawDownloads\051925_fcr50_S7809_0003.hex
* Software version 2.8.0.119
* Temperature SN = 7809
* Conductivity SN = 7809
* System UpLoad Time = May 27 2025 14:01:37
* <ApplicationData>
* <Seaterm232>
# nquan = 15
# nvalues = 950                         
# units = specified
# name 0 = depFM: Depth [fresh water, m]
# name 1 = dz/dtM: Descent Rate [m/s]
# name 2 = sbeox0Mg/L: Oxygen, SBE 43 [mg/l]
# name 3 = sbeox0PS: Oxygen, SBE 43 [% saturation]
# name 4 = specc: Specific Conductance [uS/cm]
# name 5 = c0uS/cm: Conductivity [uS/cm]
# name 6 = flECO-AFL: Fluorescence, WET Labs ECO-AFL/FL [mg/m^3]
# name 7 = ph: pH
# name 8 = orp: Oxidation Reduction Potential [mV]
# name 9 = par/sat/log: PAR/Logarithmic, Satlantic
# name 10 = turbWETntu0: Turbidity, WET Labs ECO [NTU]
# name 11 = prdM: Pressure, Strain Gauge [db]
# name 12 = prdE: Pressure, Strain Gauge [psi]
# name 13 = tv290C: Temperature [ITS-90, deg C]
# name 14 = flag:  0.000e+00
# span 0 =     -0.678,      3.504       
# span 1 =     -0.490,      0.291       
# span 2 =     2.0724,    10.6462       
# span 3 =     19.299,    119.847       
# span 4 =      1.622,     40.134       
# span 5 =   1.481321,  30.684598       
# span 6 =    -1.2383,   227.6122       
# span 7 =      6.571,      9.651       
# span 8 = -1240.7455,   259.0912       
# span 9 = 5.5297e+00, 2.4267e+03       
# span 10 =    -9.7648,   221.1002      
# span 11 =     -0.666,      3.437      
# span 12 =     -0.966,      4.984      
# span 13 =    12.0349,    21.6891      
# span 14 = 0.0000e+00, 0.0000e+00      
# interval = seconds: 0.25
# start_time = May 19 2025 13:28:03 [Instrument's time stamp, header]
# bad_flag = -9.990e-29
*END*
[from data line 290]
      0.103      0.003     9.8151    109.067     32.002  29.424510     2.4548      9.473   189.8586 1.1720e+03     8.3277      0.101      0.146    21.0328 0.0000e+00
      0.105      0.002     9.7955    109.065     32.009  29.426224     2.4763      9.475   189.9170 1.1457e+03     8.4080      0.104      0.149    21.0267 0.0000e+00
      0.106      0.001     9.7666    109.207     32.048  29.462534     2.4752      9.476   189.9678 1.3066e+03     8.4067      0.105      0.152    21.0058 0.0000e+00
      0.106      0.000     9.7399    109.361     32.066  29.482954     2.4499      9.478   190.0418 1.5794e+03     8.3453      0.104      0.151    20.9828 0.0000e+00
      0.106     -0.002     9.7214    109.534     32.058  29.482825     2.4287      9.479   190.2100 1.5558e+03     8.3157      0.104      0.150    20.9635 0.0000e+00
      0.105     -0.004     9.7236    109.759     32.026  29.460987     2.4353      9.482   190.2802 1.4631e+03     8.3561      0.103      0.149    20.9583 0.0000e+00
      0.104     -0.004     9.7442    109.940     31.969  29.409219     2.4547      9.486   190.2022 1.4992e+03     8.4229      0.102      0.147    20.9611 0.0000e+00
      0.102     -0.004     9.7542    109.966     31.933  29.364344     2.4548      9.490   190.1280 1.4381e+03     8.3718      0.100      0.145    20.9659 0.0000e+00
      0.099     -0.003     9.7645    109.808     31.949  29.362396     2.4443      9.492   190.0712 1.2683e+03     8.2846      0.097      0.141    20.9758 0.0000e+00
      0.098     -0.002     9.7872    109.551     31.994  29.385645     2.4528      9.495   189.9458 1.1453e+03     8.3259      0.096      0.139    20.9925 0.0000e+00
      0.099      0.000     9.8046    109.269     32.023  29.391705     2.4743      9.498   189.8165 1.2020e+03     8.4267      0.097      0.140    20.9994 0.0000e+00
      0.100      0.001     9.8140    108.976     32.026  29.372206     2.4716      9.502   189.7115 1.3640e+03     8.4446      0.098      0.142    20.9758 0.0000e+00
      0.101      0.002     9.8016    108.737     32.014  29.340136     2.4368      9.506   189.6232 1.4271e+03     8.3712      0.099      0.144    20.9453 0.0000e+00
      0.101      0.002     9.7792    108.610     32.012  29.321068     2.3952      9.508   189.6958 1.4910e+03     8.3257      0.099      0.144    20.9209 0.0000e+00
      0.101      0.002     9.7635    108.636     32.038  29.331920     2.3846      9.511   189.8152 1.5771e+03     8.3723      0.099      0.143    20.8891 0.0000e+00
      0.101      0.003     9.7395    108.804     32.063  29.344473     2.4085      9.514   189.8617 1.5233e+03     8.3880      0.099      0.144    20.8511 0.0000e+00
      0.101      0.004     9.7244    108.991     32.073  29.345976     2.4265      9.518   189.9141 1.5048e+03     8.3105      0.099      0.144    20.8164 0.0000e+00
      0.102      0.005     9.7165    109.099     32.081  29.350071     2.4347      9.521   189.9316 1.6142e+03     8.2550      0.100      0.145    20.7894 0.0000e+00
      0.104      0.007     9.7212    109.129     32.059  29.330560     2.4419      9.524   189.9021 1.5594e+03     8.3319      0.102      0.147    20.7685 0.0000e+00
      0.107      0.007     9.7456    109.130     32.026  29.300357     2.4473      9.527   189.9019 1.3954e+03     8.4541      0.104      0.151    20.7540 0.0000e+00
      0.110      0.008     9.7676    109.127     32.031  29.302050     2.4493      9.530   189.9288 1.3096e+03     8.4012      0.108      0.157    20.7420 0.0000e+00
      0.112      0.008     9.7786    109.101     32.023  29.287586     2.4413      9.533   189.9692 1.2470e+03     8.2732      0.110      0.159    20.7354 0.0000e+00
      0.113      0.007     9.7777    109.013     31.994  29.252329     2.4428      9.534   189.9592 1.3463e+03     8.3071      0.110      0.160    20.7394 0.0000e+00
      0.114      0.006     9.7763    108.845     32.009  29.256317     2.4588      9.538   189.8937 1.4513e+03     8.3664      0.112      0.163    20.7435 0.0000e+00
      0.117      0.005     9.7784    108.642     32.038  29.272357     2.4764      9.542   189.9523 1.3270e+03     8.2724      0.114      0.166    20.7371 0.0000e+00
      0.119      0.004     9.7796    108.462     32.032  29.255967     2.4730      9.543   190.0662 1.2477e+03     8.1275      0.116      0.169    20.7239 0.0000e+00
      0.119      0.004     9.7756    108.291     32.033  29.248423     2.4420      9.544   190.1524 1.2602e+03     8.0148      0.117      0.170    20.7110 0.0000e+00
      0.119      0.003     9.7613    108.107     32.035  29.244567     2.4260      9.546   190.3057 1.2161e+03     7.9692      0.117      0.170    20.6976 0.0000e+00
      0.120      0.003     9.7433    107.941     32.000  29.209337     2.4380      9.549   190.4563 1.2868e+03     8.0205      0.117      0.170    20.6790 0.0000e+00
      0.120      0.003     9.7326    107.829     31.996  29.203024     2.4624      9.552   190.5109 1.3300e+03     8.1219      0.117      0.170    20.6603 0.0000e+00
      0.121      0.003     9.7208    107.773     32.030  29.231665     2.4711      9.554   190.4495 1.1848e+03     8.1710      0.119      0.172    20.6469 0.0000e+00
      0.123      0.003     9.7045    107.747     32.041  29.238490     2.4513      9.557   190.4022 1.0881e+03     8.1361      0.120      0.174    20.6386 0.0000e+00
      0.123      0.003     9.6889    107.734     32.026  29.222105     2.4475      9.560   190.4550 1.0235e+03     8.1436      0.121      0.175    20.6339 0.0000e+00
      0.123      0.004     9.6793    107.730     32.032  29.223842     2.4583      9.562   190.4861 1.0191e+03     8.1586      0.121      0.176    20.6308 0.0000e+00
      0.123      0.004     9.6765    107.721     32.074  29.259490     2.4489      9.563   190.4346 1.2316e+03     8.0794      0.121      0.175    20.6281 0.0000e+00
      0.125      0.004     9.6751    107.673     32.089  29.272537     2.4504      9.565   190.3482 1.3888e+03     8.0738      0.122      0.176    20.6227 0.0000e+00
      0.128      0.003     9.6755    107.602     32.066  29.254735     2.4683      9.567   190.3021 1.2825e+03     8.1931      0.126      0.182    20.6176 0.0000e+00
      0.129      0.003     9.6756    107.563     32.041  29.234540     2.4733      9.570   190.3062 1.1751e+03     8.2582      0.128      0.185    20.6125 0.0000e+00
      0.129      0.001     9.6784    107.584     32.021  29.218648     2.4694      9.573   190.1402 1.1130e+03     8.2120      0.127      0.185    20.6053 0.0000e+00
      0.128     -0.006     9.6739    107.685     32.057  29.252884     2.4550      9.575   189.6727 1.0285e+03     8.1123      0.125      0.182    20.6046 0.0000e+00
      0.128     -0.021     9.6628    107.825     32.137  29.331335     2.4240      9.577   189.3851 9.9920e+02     8.0773      0.124      0.180    20.6112 0.0000e+00
      0.128     -0.041     9.6592    107.997     32.195  29.406050     2.3865      9.579   189.5882 1.0002e+03     8.1311      0.126      0.182    20.6176 0.0000e+00
      0.125     -0.056     9.6579    108.277     32.205  29.458564     2.3671      9.576   189.8916 1.0319e+03     8.1816      0.129      0.187    20.6199 0.0000e+00
      0.105     -0.063     9.6693    108.655     32.150  29.458899     2.3478      9.571   190.1277 1.1399e+03     8.1754      0.113      0.163    20.6208 0.0000e+00
      0.067     -0.063     9.6840    109.023     32.051  29.410162     2.2446      9.569   190.3781 1.3244e+03     8.1937      0.062      0.090    20.6212 0.0000e+00
      0.034     -0.056     9.6880    109.292     31.988  29.376788     2.1011      9.568   190.5104 1.4275e+03     8.3344      0.023      0.034    20.6488 0.0000e+00
      0.023     -0.043     9.6995    109.429     31.973  29.372558     2.0533      9.567   190.4364 1.5200e+03     8.4075      0.018      0.027    20.7270 0.0000e+00
      0.026     -0.025     9.7204    109.424     31.963  29.359027     2.0578      9.567   190.3442 1.8633e+03     8.3265      0.024      0.035    20.8184 0.0000e+00
      0.031     -0.007     9.7438    109.289     31.958  29.340038     2.0472      9.568   190.4280 1.9702e+03     8.2766      0.032      0.046    20.8846 0.0000e+00
      0.034      0.003     9.7608    109.096     31.972  29.333233     2.0828      9.569   190.5035 1.6512e+03     8.3164      0.036      0.052    20.9227 0.0000e+00
      0.034      0.005     9.7705    108.931     31.998  29.340155     2.1719      9.570   190.4823 1.5320e+03     8.3634      0.034      0.049    20.9372 0.0000e+00
      0.033      0.002     9.7725    108.845     32.033  29.360278     2.2349      9.570   190.6014 1.7059e+03     8.3331      0.031      0.045    20.9279 0.0000e+00
      0.034     -0.000     9.7621    108.835     32.070  29.386236     2.2365      9.571   190.8257 1.8042e+03     8.2581      0.034      0.049    20.9010 0.0000e+00
      0.035      0.002     9.7490    108.850     32.086  29.400283     2.2412      9.571   190.9568 1.6073e+03     8.2755      0.036      0.052    20.8673 0.0000e+00
      0.033      0.010     9.7376    108.840     32.082  29.403260     2.2832      9.570   190.9826 1.4348e+03     8.3725      0.032      0.046    20.8390 0.0000e+00
      0.031      0.017     9.7337    108.816     32.095  29.422236     2.3031      9.570   190.8788 1.4663e+03     8.4408      0.029      0.042    20.8207 0.0000e+00
      0.034      0.018     9.7369    108.790     32.110  29.439441     2.2910      9.571   190.6488 1.4363e+03     8.4523      0.029      0.043    20.8076 0.0000e+00
      0.045      0.013     9.7414    108.779     32.088  29.420999     2.2612      9.572   190.4387 1.4907e+03     8.3747      0.040      0.058    20.8060 0.0000e+00
      0.063      0.003     9.7363    108.894     32.049  29.389541     2.2260      9.571   190.4889 1.8332e+03     8.3218      0.067      0.097    20.8196 0.0000e+00
      0.071     -0.007     9.7301    109.170     32.029  29.376239     2.2227      9.571   190.8259 1.9216e+03     8.3935      0.081      0.117    20.8358 0.0000e+00
      0.057     -0.015     9.7299    109.495     32.037  29.387043     2.2224      9.570   191.1582 1.5706e+03     8.4215      0.059      0.085    20.8370 0.0000e+00
      0.035     -0.020     9.7227    109.740     32.042  29.393309     2.1806      9.570   191.3226 1.3650e+03     8.3189      0.031      0.044    20.8351 0.0000e+00
      0.020     -0.024     9.7292    109.859     32.042  29.388572     2.1250      9.571   191.2643 1.4020e+03     8.2459      0.014      0.021    20.8460 0.0000e+00
      0.020     -0.022     9.7575    109.854     32.057  29.393195     2.1070      9.572   191.1421 1.4296e+03     8.3259      0.016      0.024    20.8550 0.0000e+00
      0.027     -0.014     9.7904    109.781     32.055  29.385772     2.1211      9.573   191.2224 1.3723e+03     8.4311      0.029      0.043    20.8605 0.0000e+00
      0.028     -0.005     9.8116    109.719     32.030  29.362236     2.1202      9.573   191.3746 1.3258e+03     8.3915      0.031      0.045    20.8660 0.0000e+00
      0.021      0.002     9.8239    109.647     32.028  29.362341     2.1136      9.574   191.5191 1.2767e+03     8.3247      0.020      0.030    20.8580 0.0000e+00
      0.015      0.007     9.8263    109.503     32.051  29.387048     2.1254      9.574   191.6796 1.2083e+03     8.3752      0.011      0.016    20.8381 0.0000e+00
      0.016      0.010     9.8169    109.343     32.069  29.407247     2.1293      9.574   191.5941 1.2191e+03     8.4215      0.014      0.020    20.8280 0.0000e+00
      0.024      0.005     9.8124    109.248     32.072  29.416283     2.1105      9.576   191.2604 1.2310e+03     8.3720      0.023      0.032    20.8288 0.0000e+00
      0.034     -0.012     9.8099    109.198     32.077  29.432875     2.0569      9.578   191.2581 1.2608e+03     8.2889      0.032      0.046    20.8322 0.0000e+00
      0.044     -0.042     9.7927    109.191     32.104  29.481025     1.9972      9.578   191.7386 1.2937e+03     8.3050      0.047      0.069    20.8388 0.0000e+00
      0.041     -0.081     9.7723    109.225     32.148  29.554478     1.9880      9.577   193.5426 1.2704e+03     8.3959      0.053      0.076    20.8448 0.0000e+00
      0.011     -0.123     9.7662    109.243     32.178  29.623312     1.9787      9.577   202.6593 1.7209e+03     8.3969      0.019      0.027    20.8509 0.0000e+00
     -0.042     -0.161     9.7576    109.229     32.183  29.679043     1.8426      9.580   216.6173 2.3845e+03     8.3183     -0.044     -0.062    20.8675 0.0000e+00
     -0.099     -0.186     9.7491    109.172     32.163  29.720944     1.6247      9.583   222.4075 2.4267e+03     8.2648     -0.097     -0.141    20.9037 0.0000e+00
     -0.155     -0.185     9.7459    109.026     32.124  29.749434     1.5251      9.583   218.3766 2.2477e+03     8.3307     -0.150     -0.218    20.9562 0.0000e+00
     -0.212     -0.154     9.7349    108.854     32.083  29.769884     1.5363      9.580   209.5229 2.1752e+03     8.4314     -0.210     -0.304    21.0208 0.0000e+00
     -0.264     -0.097     9.7175    108.701     31.971  29.714549     1.5355      9.576   206.3877 2.0712e+03     8.3894     -0.264     -0.384    21.0983 0.0000e+00
     -0.298     -0.027     9.6992    108.472     31.807  29.587904     1.5066      9.574   213.2497 2.0182e+03     8.3012     -0.305     -0.444    21.1957 0.0000e+00
     -0.296      0.045     9.6617    108.065     31.736  29.507269     1.4865      9.574   212.9052 2.0192e+03     8.2873     -0.304     -0.441    21.3030 0.0000e+00
     -0.259      0.113     9.6260    107.458     31.781  29.500734     1.5179      9.574   202.5665 1.7916e+03     8.3229     -0.261     -0.379    21.3935 0.0000e+00
     -0.200      0.165     9.6034    106.857     31.854  29.508819     1.6779      9.574   196.3970 1.3058e+03     8.2880     -0.196     -0.285    21.4765 0.0000e+00
     -0.137      0.192     9.5738    106.517     31.877  29.478083     1.9065      9.575   195.3541 1.1378e+03     8.1046     -0.130     -0.190    21.5321 0.0000e+00
     -0.079      0.197     9.5477    106.461     31.887  29.446187     2.0094      9.575   194.8621 1.1309e+03     8.0191     -0.079     -0.116    21.5055 0.0000e+00
     -0.024      0.187     9.5026    106.591     31.917  29.440254     2.0314      9.575   194.4917 7.3191e+02     8.1073     -0.019     -0.028    21.4108 0.0000e+00
      0.021      0.173     9.4570    106.828     31.912  29.406306     2.0807      9.575   194.3167 3.2007e+02     8.1458      0.027      0.040    21.3057 0.0000e+00
      0.052      0.163     9.4438    107.115     31.890  29.352828     2.1314      9.576   194.2949 2.6749e+02     8.0748      0.050      0.073    21.2267 0.0000e+00
      0.082      0.158     9.4536    107.456     31.875  29.301048     2.1538      9.578   194.4858 4.9817e+02     8.0011      0.077      0.112    21.1650 0.0000e+00
      0.122      0.160     9.4771    107.833     31.834  29.224192     2.1596      9.581   194.7322 1.0077e+03     8.0408      0.117      0.170    21.1133 0.0000e+00
      0.167      0.167     9.5078    108.102     31.765  29.121235     2.1683      9.585   194.8652 1.3297e+03     8.1099      0.166      0.240    21.0718 0.0000e+00
      0.211      0.173     9.5432    108.162     31.687  29.007577     2.2177      9.588   194.8894 1.1174e+03     8.0852      0.205      0.298    21.0207 0.0000e+00
      0.259      0.175     9.5827    108.020     31.652  28.928194     2.3236      9.590   194.7660 9.2599e+02     8.0500      0.251      0.366    20.9568 0.0000e+00
      0.309      0.171     9.6366    107.710     31.702  28.922505     2.3920      9.592   194.7502 9.4727e+02     8.0596      0.306      0.444    20.8949 0.0000e+00
      0.355      0.161     9.6742    107.258     31.774  28.938723     2.4120      9.595   194.8715 8.9661e+02     8.0995      0.350      0.508    20.8359 0.0000e+00
