Data/DataNotYetUploadedToEDI/Raw_CTD/RawDownloads/051925_fcr30_S7809004.cnv
* Sea-Bird SBE19plus  Data File:
* FileName = C:\R\Reservoirs\Data\DataNotYetUploadedToEDI\Raw_CTD\RawDownloads\051925_fcr50_S7809_0004.hex
* Software version 2.8.0.119
* Temperature SN = 7809
* Conductivity SN = 7809
* System UpLoad Time = May 27 2025 14:02:03
* <ApplicationData>
* <Seaterm232>
# nquan = 15
# nvalues = 937                         
# units = specified
# name 0 = depFM: Depth [fresh water, m]
# name 1 = dz/dtM: Descent Rate [m/s]
# name 2 = sbeox0Mg/L: Oxygen, SBE 43 [mg/l]
# name 3 = sbeox0PS: Oxygen, SBE 43 [% saturation]
# name 4 = specc: Specific Conductance [uS/cm]
# name 5 = c0uS/cm: Conductivity [uS/cm]
# name 6 = flECO-AFL: Fluorescence, WET Labs ECO-AFL/FL [mg/m^3]
# name 7 = ph: pH
# name 8 = orp: Oxidation Reduction Potential [mV]
# name 9 = par/sat/log: PAR/Logarithmic, Satlantic
# name 10 = turbWETntu0: Turbidity, WET Labs ECO [NTU]
# name 11 = prdM: Pressure, Strain Gauge [db]
# name 12 = prdE: Pressure, Strain Gauge [psi]
# name 13 = tv290C: Temperature [ITS-90, deg C]
# name 14 = flag:  0.000e+00
# span 0 =     -0.682,      5.301       
# span 1 =     -0.382,      0.281       
# span 2 =     3.3274,    10.9389       
# span 3 =     30.617,    118.394       
# span 4 =      1.587,     38.459       
# span 5 =   1.491069,  30.453313       
# span 6 =    -0.1091,    13.7266       
# span 7 =      5.561,      9.757       
# span 8 = -1240.7455,  1240.2295       
# span 9 = 1.0609e+00, 2.1913e+03       
# span 10 =    -5.1236,   931.9507      
# span 11 =     -0.669,      5.199      
# span 12 =     -0.971,      7.541      
# span 13 =     9.9691,    22.3807      
# span 14 = 0.0000e+00, 0.0000e+00      
# interval = seconds: 0.25
# start_time = May 19 2025 13:42:07 [Instrument's time stamp, header]
# bad_flag = -9.990e-29
*END*
     -0.678      0.001     7.5967     87.946      1.972   1.863992    -0.0479      6.502 -1239.9478 4.3510e+02     0.3597     -0.665     -0.965    22.2627 0.0000e+00
     -0.678      0.001     7.6094     88.090      1.939   1.833745    -0.0741      6.410 -1240.6730 3.4001e+02     0.2892     -0.665     -0.964    22.2637 0.0000e+00
     -0.677      0.001     7.6213     88.162      1.854   1.753180    -0.0872      6.318 -1240.7389 2.9484e+02     0.2844     -0.665     -0.964    22.2633 0.0000e+00
     -0.677      0.001     7.6339     88.182      1.813   1.713349    -0.0730      6.247 -1240.7449 3.0296e+02     0.5752     -0.663     -0.962    22.2615 0.0000e+00
     -0.677      0.000     7.6515     88.169      1.833   1.732198    -0.0604      6.212 -1240.7455 3.1959e+02     1.1072     -0.664     -0.963    22.2634 0.0000e+00
     -0.677 1.8628e-08     7.6650     88.045      1.962   1.854397    -0.0679      6.252 -1240.7455 3.3586e+02     1.4548     -0.665     -0.964    22.2674 0.0000e+00
     -0.677 2.0490e-07     7.6703     87.570      2.372   2.240710    -0.0643      6.384 -1240.7455 3.4476e+02     1.5678     -0.664     -0.963    22.2655 0.0000e+00
     -0.677 2.0490e-07     7.6720     86.514      2.890   2.729133    -0.0574      6.555 -1240.7455 3.7102e+02     1.4490     -0.665     -0.964    22.2577 0.0000e+00
     -0.677 1.8627e-08     7.6736     84.969      3.187   3.009057    -0.0689      6.662 -1240.7455 4.5402e+02     1.1452     -0.664     -0.963    22.2487 0.0000e+00
     -0.677 1.6934e-09     7.6721     83.316      3.409   3.218129    -0.0689      6.637 -1240.7455 5.5422e+02     1.0371     -0.664     -0.964    22.2401 0.0000e+00
     -0.677 1.5394e-10     7.6432     81.906      3.624   3.419950    -0.0501      6.547 -1240.7455 5.8779e+02     1.0984     -0.665     -0.963    22.2305 0.0000e+00
     -0.677 1.3995e-11     7.5496     80.962      3.627   3.422149    -0.0493      6.467 -1240.7455 5.4249e+02     1.1353     -0.664     -0.964    22.2183 0.0000e+00
     -0.677 1.2677e-12     7.4017     80.595      3.439   3.244723    -0.0592      6.430 -1240.7455 4.6904e+02     1.2439     -0.664     -0.964    22.2048 0.0000e+00
     -0.677 6.5498e-14     7.2491     80.805      3.232   3.048428    -0.0457      6.441 -1240.7455 4.3398e+02     1.3872     -0.664     -0.964    22.1928 0.0000e+00
     -0.677 -5.413e-13     7.1214     81.540      3.060   2.885810    -0.0440      6.463 -1240.7455 4.4194e+02     1.3649     -0.664     -0.963    22.1823 0.0000e+00
     -0.677 -6.069e-12     7.0361     82.660      2.901   2.735489    -0.0631      6.479 -1240.7455 4.5128e+02     1.2134     -0.664     -0.964    22.1728 0.0000e+00
     -0.677 -6.677e-11     7.0073     83.953      2.784   2.624502    -0.0767      6.504 -1240.7455 4.4379e+02     1.0922     -0.664     -0.963    22.1642 0.0000e+00
     -0.677 -7.344e-10     7.0267     85.216      2.713   2.557402    -0.0748      6.552 -1240.7455 4.2553e+02     1.0604     -0.664     -0.963    22.1561 0.0000e+00
     -0.677 -8.079e-09     7.0964     86.284      2.646   2.494288    -0.0568      6.593 -1240.7455 4.1262e+02     1.1373     -0.664     -0.963    22.1481 0.0000e+00
     -0.677 -8.887e-08     7.2028     87.086      2.580   2.431503    -0.0597      6.568 -1240.7455 4.0997e+02     1.1671     -0.664     -0.963    22.1400 0.0000e+00
     -0.677 -1.560e-07     7.3221     87.653      2.513   2.368371    -0.0674      6.527 -1240.7455 4.1222e+02     1.1472     -0.664     -0.964    22.1327 0.0000e+00
     -0.677 1.2308e-09     7.4390     88.050      2.442   2.301057    -0.0501      6.550 -1240.7455 4.1233e+02     1.2731     -0.665     -0.965    22.1265 0.0000e+00
     -0.677 1.6969e-07     7.5349     88.311      2.388   2.251067    -0.0510      6.629 -1240.7455 4.0932e+02     1.3576     -0.664     -0.963    22.1221 0.0000e+00
     -0.677 2.3818e-07     7.6041     88.472      2.342   2.207357    -0.0700      6.724 -1240.7455 4.0607e+02     1.2811     -0.664     -0.963    22.1192 0.0000e+00
     -0.677 2.8184e-07     7.6505     88.554      2.285   2.152625    -0.0629      6.800 -1240.7455 4.0441e+02     1.2694     -0.664     -0.963    22.1169 0.0000e+00
     -0.677 1.5006e-07     7.6858     88.574      2.225   2.096060    -0.0405      6.846 -1240.7455 4.0583e+02     1.3529     -0.664     -0.963    22.1146 0.0000e+00
     -0.677 1.3642e-08     7.7071     88.566      2.155   2.030184    -0.0400      6.859 -1240.7455 4.0917e+02     1.3684     -0.664     -0.964    22.1122 0.0000e+00
     -0.677 1.2401e-09     7.7211     88.557      2.112   1.989544    -0.0655      6.838 -1240.7455 4.1208e+02     1.3204     -0.664     -0.964    22.1098 0.0000e+00
     -0.677 1.1274e-10     7.7287     88.570      2.107   1.984748    -0.0745      6.775 -1240.7455 4.1288e+02     1.2849     -0.665     -0.964    22.1072 0.0000e+00
     -0.677 1.0249e-11     7.7287     88.585      2.094   1.972185    -0.0664      6.679 -1240.7455 4.1029e+02     1.1779     -0.664     -0.964    22.1044 0.0000e+00
     -0.677 9.3133e-13     7.7290     88.611      2.085   1.964340    -0.0745      6.597 -1240.7455 4.1145e+02     1.0509     -0.664     -0.963    22.1013 0.0000e+00
     -0.677 8.0101e-14     7.7262     88.653      2.074   1.953229    -0.0811      6.533 -1240.7455 4.2016e+02     1.0144     -0.664     -0.963    22.0980 0.0000e+00
     -0.677 -4.295e-14     7.7302     88.658      2.019   1.901194    -0.0711      6.428 -1240.7455 4.2345e+02     1.0439     -0.664     -0.964    22.0944 0.0000e+00
     -0.677 -5.564e-13     7.7315     88.657      1.956   1.841933    -0.0540      6.271 -1240.7455 4.1443e+02     1.0996     -0.664     -0.963    22.0907 0.0000e+00
     -0.677 -6.129e-12     7.7320     88.678      1.919   1.806790    -0.0566      6.124 -1240.7452 4.0297e+02     1.0731     -0.665     -0.964    22.0868 0.0000e+00
     -0.677 -6.741e-11     7.7416     88.692      1.904   1.792995    -0.0782      6.039 -1240.7417 3.9927e+02     1.0317     -0.664     -0.963    22.0828 0.0000e+00
     -0.677 -7.416e-10     7.7394     88.697      1.914   1.801822    -0.0733      6.058 -1240.7033 4.0265e+02     1.1449     -0.665     -0.964    22.0786 0.0000e+00
     -0.677 -8.157e-09     7.7384     88.707      1.898   1.786833    -0.0558      6.185 -1240.2812 4.0245e+02     1.2808     -0.664     -0.964    22.0743 0.0000e+00
     -0.678 -8.973e-08     7.7439     88.721      1.847   1.738453    -0.0665      6.316 -1235.6386 3.9470e+02     1.2742     -0.665     -0.964    22.0698 0.0000e+00
     -0.678 -1.645e-07     7.7448     88.738      1.832   1.723594    -0.0696      6.327 -1184.5696 3.8866e+02     1.2692     -0.665     -0.964    22.0653 0.0000e+00
     -0.677 -8.975e-08     7.7453     88.763      1.842   1.733865    -0.0432      6.202  -956.9009 3.8804e+02     1.3234     -0.664     -0.964    22.0609 0.0000e+00
     -0.677 -8.160e-09     7.7469     88.775      1.845   1.735951    -0.0470      5.974  -304.1086 3.8990e+02     1.2459     -0.664     -0.964    22.0561 0.0000e+00
     -0.677 -7.420e-10     7.7497     88.784      1.859   1.748808    -0.0910      5.694   593.7340 4.0083e+02     1.1177     -0.664     -0.964    22.0510 0.0000e+00
     -0.677 -6.768e-11     7.7505     88.808      1.874   1.762635    -0.1091      5.561  1119.9078 4.4881e+02     1.1058     -0.664     -0.964    22.0463 0.0000e+00
     -0.677 -8.675e-12     7.7554     88.832      1.889   1.776454    -0.0909      5.730  1229.2911 5.3740e+02     1.1027     -0.664     -0.963    22.0415 0.0000e+00
     -0.677 -2.855e-11     7.7564     88.850      1.903   1.789206    -0.0709      5.983  1239.2351 5.9943e+02     1.1144     -0.664     -0.963    22.0364 0.0000e+00
     -0.678 -3.079e-10     7.7566     88.861      1.904   1.790139    -0.0592      6.123  1240.1391 5.8028e+02     1.1783     -0.665     -0.964    22.0312 0.0000e+00
     -0.678 -3.387e-09     7.7611     88.880      1.901   1.787733    -0.0574      6.223  1240.2213 5.4216e+02     1.2605     -0.665     -0.965    22.0258 0.0000e+00
     -0.678 -3.726e-08     7.7633     88.913      1.872   1.760113    -0.0479      6.340  1240.2288 5.5953e+02     1.3566     -0.665     -0.964    22.0205 0.0000e+00
     -0.678 -4.098e-07     7.7665     88.935      1.819   1.709556    -0.0363      6.440  1240.2295 5.9129e+02     1.2815     -0.665     -0.964    22.0151 0.0000e+00
     -0.678     -0.000     7.7676     88.939      1.791   1.683181    -0.0513      6.476  1240.2295 5.6571e+02     1.1049     -0.665     -0.964    22.0096 0.0000e+00
     -0.678     -0.000     7.7690     88.939      1.803   1.694593    -0.0622      6.492  1240.2295 4.7834e+02     1.0999     -0.665     -0.964    22.0043 0.0000e+00
     -0.678     -0.001     7.7746     88.942      1.831   1.720851    -0.0435      6.579  1240.2293 4.5680e+02     1.1177     -0.665     -0.964    21.9988 0.0000e+00
     -0.678     -0.001     7.7775     88.954      1.859   1.747297    -0.0335      6.701  1240.2269 5.7317e+02     1.0810     -0.665     -0.965    21.9936 0.0000e+00
     -0.678     -0.001     7.7772     88.966      1.874   1.760981    -0.0408      6.763  1240.2007 6.8771e+02     1.1687     -0.665     -0.964    21.9886 0.0000e+00
     -0.678     -0.001     7.7790     88.972      1.873   1.759619    -0.0397      6.731  1239.9126 7.7104e+02     1.3241     -0.665     -0.965    21.9832 0.0000e+00
     -0.679     -0.001     7.7785     88.980      1.843   1.730833    -0.0457      6.649  1236.7434 9.1757e+02     1.3547     -0.666     -0.966    21.9779 0.0000e+00
     -0.679     -0.001     7.7818     89.004      1.774   1.666295    -0.0557      6.599  1201.8822 1.0925e+03     1.2994     -0.666     -0.966    21.9727 0.0000e+00
     -0.679     -0.001     7.7833     89.033      1.717   1.612718     0.0647      6.759   818.4092 1.1550e+03     1.8512     -0.666     -0.965    21.9675 0.0000e+00
     -0.679      0.000     7.7846     89.085      1.693   1.589773     0.3033      7.270   241.6438 1.1046e+03     3.0044     -0.666     -0.966    21.9624 0.0000e+00
     -0.679      0.004     7.7853     89.245      1.682   1.578896     0.4321      7.835   123.9286 9.6624e+02     3.6288     -0.666     -0.966    21.9572 0.0000e+00
     -0.680      0.013     7.7881     89.432      1.645   1.544539     0.4320      8.096   240.8914 9.8319e+02     3.7653     -0.667     -0.967    21.9517 0.0000e+00
     -0.680      0.024     7.7939     89.487      1.587   1.491069     0.3849      8.146   248.4874 1.3967e+03     5.4055     -0.666     -0.966    21.9471 0.0000e+00
     -0.677      0.035     7.7911     89.447      1.866   1.755843     0.3120      8.159   246.0564 1.7567e+03     8.5326     -0.668     -0.968    21.9423 0.0000e+00
     -0.664      0.045     7.8104     89.436      5.706   5.379306     0.2579      8.168   226.6409 1.8789e+03    10.1823     -0.656     -0.952    21.9384 0.0000e+00
     -0.642      0.060     7.8355     89.481     16.252  15.331831     0.2556      8.176   187.1914 1.9626e+03    10.1511     -0.628     -0.910    21.9332 0.0000e+00
     -0.624      0.088     7.8343     89.645     27.352  25.818136     0.5167      8.186   162.8783 2.0090e+03     9.5563     -0.606     -0.879    21.9574 0.0000e+00
     -0.614      0.132     7.8116     89.829     31.796  30.040244     1.0094      8.205   157.2350 2.0350e+03     8.5248     -0.604     -0.877    22.0335 0.0000e+00
     -0.598      0.180     7.8046     89.714     32.166  30.428847     1.2773      8.238   155.0960 2.0626e+03     7.9268     -0.597     -0.865    22.1010 0.0000e+00
     -0.555      0.223     7.7968     89.164     32.156  30.453313     1.2924      8.282   154.9973 2.0783e+03     7.8591     -0.560     -0.813    22.1445 0.0000e+00
     -0.472      0.258     7.8043     88.130     32.084  30.399540     1.3335      8.332   155.5253 2.0911e+03     7.8767     -0.475     -0.689    22.1810 0.0000e+00
     -0.365      0.280     7.8341     86.709     31.973  30.286168     1.4419      8.381   156.4039 2.1577e+03     7.9352     -0.348     -0.504    22.2226 0.0000e+00
     -0.275      0.281     7.8096     85.259     31.875  30.160872     1.5122      8.427   156.9312 1.7731e+03     7.9183     -0.259     -0.376    22.2990 0.0000e+00
     -0.208      0.258     7.7571     84.124     31.858  30.089753     1.5176      8.470   156.8241 8.2314e+02     7.8424     -0.204     -0.295    22.3604 0.0000e+00
     -0.151      0.218     7.6636     83.462     31.901  30.060523     1.5734      8.512   156.7440 2.6214e+02     7.8721     -0.144     -0.209    22.3807 0.0000e+00
     -0.102      0.173     7.5267     83.345     31.978  30.061078     1.7040      8.551   156.9950 2.0288e+02     8.0034     -0.096     -0.140    22.3704 0.0000e+00
     -0.064      0.133     7.3969     83.785     32.085  30.096357     1.7906      8.585   157.0186 1.7484e+02     8.1322     -0.060     -0.087    22.3178 0.0000e+00
     -0.035      0.101     7.3074     84.705     32.153  30.106402     1.8054      8.615   156.8586 1.4793e+02     8.1647     -0.030     -0.043    22.2298 0.0000e+00
     -0.017      0.074     7.2647     85.951     32.139  30.055590     1.7994      8.640   156.9531 1.3373e+02     8.0892     -0.014     -0.022    22.1101 0.0000e+00
     -0.007      0.054     7.2692     87.296     32.094  29.989393     1.8018      8.662   157.3004 1.3151e+02     8.0740     -0.006     -0.008    21.9931 0.0000e+00
      0.000      0.039     7.3259     88.536     32.062  29.940305     1.8178      8.682   157.5305 1.3496e+02     8.1856      0.001      0.002    21.8917 0.0000e+00
      0.006      0.030     7.4222     89.587     32.044  29.906070     1.8341      8.701   157.6695 1.3780e+02     8.2769      0.005      0.007    21.8024 0.0000e+00
      0.013      0.025     7.5489     90.437     32.048  29.892580     1.8322      8.717   158.0348 1.4422e+02     8.2563      0.012      0.018    21.7460 0.0000e+00
      0.021      0.023     7.6780     91.088     32.074  29.904038     1.7872      8.732   158.5919 1.5205e+02     8.1756      0.021      0.031    21.7144 0.0000e+00
      0.026      0.023     7.7935     91.578     32.096  29.917727     1.7476      8.745   159.1571 1.5235e+02     8.1891      0.027      0.039    21.6876 0.0000e+00
      0.030      0.024     7.8898     91.954     32.111  29.931219     1.7603      8.757   159.5339 1.4735e+02     8.2487      0.029      0.044    21.6586 0.0000e+00
      0.035      0.024     7.9693     92.240     32.113  29.940314     1.7659      8.769   159.6204 1.4513e+02     8.1785      0.032      0.048    21.6303 0.0000e+00
      0.040      0.024     8.0292     92.534     32.061  29.900838     1.7234      8.782   159.6873 1.4573e+02     8.0579      0.038      0.055    21.6096 0.0000e+00
      0.049      0.024     8.0707     92.827     31.990  29.834515     1.6801      8.795   159.9117 1.4813e+02     8.0203      0.048      0.069    21.5982 0.0000e+00
      0.058      0.023     8.1062     92.866     31.939  29.772723     1.6831      8.807   160.0972 1.5412e+02     8.0645      0.058      0.084    21.5966 0.0000e+00
      0.064      0.021     8.1247     92.595     31.914  29.724572     1.7102      8.819   160.1224 1.6590e+02     8.1494      0.063      0.093    21.6102 0.0000e+00
      0.068      0.018     8.1426     92.157     31.913  29.696301     1.7081      8.830   160.1307 1.8206e+02     8.1245      0.066      0.096    21.6316 0.0000e+00
      0.071      0.014     8.1840     91.514     31.925  29.684583     1.6906      8.839   160.1969 1.9718e+02     8.0018      0.068      0.099    21.6360 0.0000e+00
      0.074      0.011     8.1924     90.566     31.970  29.709723     1.6903      8.849   160.1490 2.1328e+02     7.9643      0.071      0.105    21.6108 0.0000e+00
      0.077      0.009     8.1643     89.360     32.021  29.746523     1.6885      8.859   159.9828 2.3812e+02     7.9783      0.075      0.109    21.5658 0.0000e+00
      0.079      0.007     8.1386     88.035     32.031  29.748925     1.6520      8.868   159.9081 2.7005e+02     8.0003      0.078      0.113    21.5190 0.0000e+00
