Data/DataNotYetUploadedToEDI/Raw_CTD/RawDownloads/051925_fcr30_S7809004.cnv
* Sea-Bird SBE19plus  Data File:
* FileName = C:\R\Reservoirs\Data\DataNotYetUploadedToEDI\Raw_CTD\RawDownloads\051925_fcr50_S7809_0004.hex
* Software version 2.8.0.119
* Temperature SN = 7809
* Conductivity SN = 7809
* System UpLoad Time = May 27 2025 14:02:03
* <ApplicationData>
* <Seaterm232>
# nquan = 15
# nvalues = 937                         
# units = specified
# name 0 = depFM: Depth [fresh water, m]
# name 1 = dz/dtM: Descent Rate [m/s]
# name 2 = sbeox0Mg/L: Oxygen, SBE 43 [mg/l]
# name 3 = sbeox0PS: Oxygen, SBE 43 [% saturation]
# name 4 = specc: Specific Conductance [uS/cm]
# name 5 = c0uS/cm: Conductivity [uS/cm]
# name 6 = flECO-AFL: Fluorescence, WET Labs ECO-AFL/FL [mg/m^3]
# name 7 = ph: pH
# name 8 = orp: Oxidation Reduction Potential [mV]
# name 9 = par/sat/log: PAR/Logarithmic, Satlantic
# name 10 = turbWETntu0: Turbidity, WET Labs ECO [NTU]
# name 11 = prdM: Pressure, Strain Gauge [db]
# name 12 = prdE: Pressure, Strain Gauge [psi]
# name 13 = tv290C: Temperature [ITS-90, deg C]
# name 14 = flag:  0.000e+00
# span 0 =     -0.682,      5.301       
# span 1 =     -0.382,      0.281       
# span 2 =     3.3274,    10.9389       
# span 3 =     30.617,    118.394       
# span 4 =      1.587,     38.459       
# span 5 =   1.491069,  30.453313       
# span 6 =    -0.1091,    13.7266       
# span 7 =      5.561,      9.757       
# span 8 = -1240.7455,  1240.2295       
# span 9 = 1.0609e+00, 2.1913e+03       
# span 10 =    -5.1236,   931.9507      
# span 11 =     -0.669,      5.199      
# span 12 =     -0.971,      7.541      
# span 13 =     9.9691,    22.3807      
# span 14 = 0.0000e+00, 0.0000e+00      
# interval = seconds: 0.25
# start_time = May 19 2025 13:42:07 [Instrument's time stamp, header]
# bad_flag = -9.990e-29
*END*
[from data line 290]
      0.193      0.000     9.5231    105.914     32.003  29.185056     2.3745      9.516   178.3259 1.2574e+03     8.1986      0.190      0.275    20.6030 0.0000e+00
      0.193      0.000     9.5231    105.911     32.009  29.189680     2.3764      9.518   178.5322 1.3623e+03     8.2438      0.189      0.274    20.5984 0.0000e+00
      0.192     -0.001     9.5186    105.932     31.989  29.171342     2.3718      9.518   178.5653 1.2672e+03     8.1836      0.189      0.273    20.5949 0.0000e+00
      0.192     -0.001     9.5196    105.934     31.969  29.153623     2.3600      9.519   178.5535 1.1452e+03     8.1534      0.188      0.273    20.5927 0.0000e+00
      0.192     -0.001     9.5160    105.938     31.983  29.165722     2.3833      9.521   178.6476 1.1567e+03     8.2203      0.189      0.273    20.5918 0.0000e+00
      0.192      0.000     9.5146    105.988     32.010  29.190780     2.4207      9.523   178.7570 1.1472e+03     8.2065      0.189      0.274    20.5916 0.0000e+00
      0.192 -1.861e-08     9.5205    106.075     32.023  29.202880     2.4122      9.525   178.8435 1.1530e+03     8.0895      0.188      0.273    20.5920 0.0000e+00
      0.192 -2.048e-07     9.5186    106.163     32.004  29.185161     2.3644      9.526   178.8332 1.2376e+03     8.0347      0.188      0.273    20.5915 0.0000e+00
      0.192 -2.048e-07     9.5172    106.219     31.986  29.166823     2.3338      9.527   178.8049 1.2450e+03     8.0911      0.188      0.273    20.5904 0.0000e+00
      0.192 -1.861e-08     9.5223    106.239     31.994  29.171446     2.3423      9.530   178.9316 1.1853e+03     8.1905      0.188      0.272    20.5908 0.0000e+00
      0.192 -1.692e-09     9.5312    106.244     32.003  29.177629     2.3584      9.532   179.0745 1.3114e+03     8.2116      0.188      0.273    20.5918 0.0000e+00
      0.192 -1.538e-10     9.5408    106.245     32.006  29.178139     2.3546      9.533   179.0703 1.5108e+03     8.1413      0.188      0.273    20.5912 0.0000e+00
      0.192 -1.398e-11     9.5462    106.227     32.006  29.177619     2.3454      9.533   179.0523 1.4319e+03     8.1268      0.188      0.272    20.5883 0.0000e+00
      0.192 -1.267e-12     9.5481    106.182     32.000  29.171332     2.3555      9.533   179.2010 1.3041e+03     8.2071      0.188      0.273    20.5839 0.0000e+00
      0.192 -6.843e-14     9.5482    106.109     31.993  29.165556     2.3688      9.534   179.4059 1.3786e+03     8.2578      0.189      0.273    20.5803 0.0000e+00
      0.192 5.0836e-13     9.5501    106.024     31.998  29.171209     2.3562      9.536   179.4650 1.3353e+03     8.1938      0.188      0.273    20.5780 0.0000e+00
      0.192 5.7066e-12     9.5489    105.979     32.003  29.176256     2.3275      9.537   179.4853 1.1004e+03     8.0825      0.188      0.272    20.5759 0.0000e+00
      0.192 6.2783e-11     9.5451    105.980     31.989  29.163154     2.3220      9.538   179.5649 9.7236e+02     8.1067      0.189      0.273    20.5744 0.0000e+00
      0.192 6.9061e-10     9.5385    105.989     31.964  29.139655     2.3392      9.539   179.5679 1.0272e+03     8.2134      0.188      0.272    20.5750 0.0000e+00
      0.191 7.5967e-09     9.5279    106.027     31.973  29.145846     2.3444      9.540   179.5206 1.1510e+03     8.1772      0.187      0.272    20.5778 0.0000e+00
      0.191 8.3564e-08     9.5225    106.112     32.006  29.174572     2.3428      9.541   179.5100 1.3369e+03     8.0786      0.187      0.271    20.5797 0.0000e+00
      0.191 1.5320e-07     9.5260    106.142     32.002  29.169836     2.3621      9.542   179.5264 1.4895e+03     8.0801      0.188      0.272    20.5792 0.0000e+00
      0.191 8.3565e-08     9.5260    106.082     31.983  29.152014     2.3950      9.544   179.5455 1.4029e+03     8.1271      0.187      0.272    20.5773 0.0000e+00
      0.191 7.5965e-09     9.5263    106.022     31.981  29.149369     2.4152      9.546   179.5688 1.2262e+03     8.1350      0.188      0.272    20.5743 0.0000e+00
      0.191 6.9060e-10     9.5412    105.982     31.969  29.137856     2.3983      9.547   179.6359 1.2337e+03     8.0729      0.187      0.272    20.5714 0.0000e+00
      0.192 6.2775e-11     9.5463    105.956     31.971  29.139662     2.3651      9.547   179.7548 1.3510e+03     8.0589      0.188      0.273    20.5697 0.0000e+00
      0.192 5.6023e-12     9.5344    105.959     32.006  29.171210     2.3470      9.547   179.8878 1.3451e+03     8.1367      0.189      0.273    20.5688 0.0000e+00
      0.192 -6.383e-13     9.5307    105.962     32.040  29.202147     2.3457      9.549   179.9546 1.2878e+03     8.1931      0.188      0.272    20.5679 0.0000e+00
      0.192 -1.268e-11     9.5280    105.961     32.033  29.196580     2.3495      9.551   179.9598 1.3348e+03     8.1948      0.188      0.273    20.5674 0.0000e+00
      0.192 -1.400e-10     9.5230    105.981     32.001  29.167333     2.3345      9.553   179.9508 1.2995e+03     8.1573      0.188      0.272    20.5669 0.0000e+00
      0.192 -1.540e-09     9.5264    106.021     32.000  29.165672     2.3314      9.554   180.0176 1.1602e+03     8.1499      0.188      0.272    20.5661 0.0000e+00
      0.191 -1.694e-08     9.5267    106.087     32.011  29.176487     2.3537      9.554   180.1647 1.1239e+03     8.1737      0.187      0.271    20.5663 0.0000e+00
      0.191 -1.863e-07     9.5240    106.178     32.005  29.171232     2.3620      9.554   180.1809 1.1313e+03     8.1713      0.187      0.272    20.5672 0.0000e+00
      0.191 -1.863e-07     9.5275    106.246     31.999  29.165569     2.3408      9.556   180.0414 1.0817e+03     8.1210      0.188      0.272    20.5674 0.0000e+00
      0.192 -1.693e-08     9.5302    106.281     32.005  29.171448     2.3131      9.558   179.9404 1.0345e+03     8.0436      0.188      0.272    20.5673 0.0000e+00
      0.192 -1.540e-09     9.5354    106.311     32.012  29.178887     2.3186      9.559   179.9924 1.0122e+03     8.0558      0.188      0.272    20.5675 0.0000e+00
      0.192 -1.425e-10     9.5463    106.327     32.026  29.192092     2.3494      9.560   180.1547 9.9336e+02     8.1321      0.188      0.272    20.5675 0.0000e+00
      0.192 -4.069e-11     9.5531    106.309     32.039  29.204248     2.3519      9.560   180.2667 9.7337e+02     8.1119      0.188      0.272    20.5678 0.0000e+00
      0.192 -3.088e-10     9.5534    106.258     32.032  29.199011     2.3249      9.561   180.2287 9.8884e+02     8.0502      0.188      0.273    20.5685 0.0000e+00
      0.191 -3.384e-09     9.5573    106.181     32.024  29.192197     2.3143      9.562   180.2115 1.0716e+03     8.0357      0.187      0.272    20.5690 0.0000e+00
      0.191 -3.723e-08     9.5596    106.112     32.016  29.185287     2.3151      9.563   180.3164 1.1360e+03     8.0394      0.187      0.271    20.5697 0.0000e+00
      0.192 -4.095e-07     9.5568    106.072     32.008  29.178893     2.3182      9.565   180.3782 1.2086e+03     8.0608      0.187      0.273    20.5711 0.0000e+00
      0.192     -0.000     9.5527    106.044     32.007  29.178316     2.3265      9.565   180.4423 1.3014e+03     8.0546      0.189      0.274    20.5727 0.0000e+00
      0.192     -0.000     9.5438    106.002     32.007  29.178316     2.3237      9.567   180.5755 1.3325e+03     8.0666      0.189      0.273    20.5741 0.0000e+00
      0.192     -0.001     9.5364    105.943     32.007  29.178882     2.3267      9.569   180.6122 1.3006e+03     8.1723      0.189      0.273    20.5752 0.0000e+00
      0.192     -0.001     9.5336    105.868     32.014  29.185162     2.3459      9.570   180.5426 1.1852e+03     8.2400      0.188      0.273    20.5758 0.0000e+00
      0.191     -0.001     9.5323    105.787     32.019  29.190824     2.3473      9.571   180.5071 1.0713e+03     8.2020      0.187      0.272    20.5763 0.0000e+00
      0.190     -0.000     9.5279    105.744     32.011  29.183915     2.3268      9.572   180.6135 9.8941e+02     8.1223      0.186      0.270    20.5767 0.0000e+00
      0.191      0.000     9.5226    105.749     31.990  29.165048     2.3143      9.574   180.7972 9.5921e+02     8.0962      0.186      0.270    20.5773 0.0000e+00
      0.192      0.000     9.5164    105.771     31.977  29.152996     2.3213      9.574   180.9214 1.0277e+03     8.1594      0.188      0.273    20.5779 0.0000e+00
      0.192      0.001     9.5060    105.795     31.991  29.165049     2.3278      9.574   180.9966 1.1082e+03     8.1697      0.190      0.275    20.5785 0.0000e+00
      0.192      0.002     9.5024    105.850     32.011  29.183925     2.3187      9.576   181.0179 1.1397e+03     8.0833      0.189      0.274    20.5790 0.0000e+00
      0.191      0.002     9.5039    105.930     32.019  29.190939     2.3110      9.579   181.0078 1.1126e+03     8.0369      0.187      0.271    20.5789 0.0000e+00
      0.191      0.003     9.5073    105.990     32.014  29.186420     2.3098      9.580   181.0467 1.1159e+03     8.1214      0.187      0.271    20.5787 0.0000e+00
      0.192      0.004     9.5073    106.019     32.022  29.192720     2.3035      9.580   181.0570 1.2598e+03     8.2167      0.189      0.273    20.5786 0.0000e+00
      0.195      0.005     9.5118    106.026     32.034  29.203676     2.2850      9.581   180.9602 1.3904e+03     8.1643      0.191      0.277    20.5788 0.0000e+00
      0.197      0.005     9.5222    106.023     32.022  29.192040     2.2615      9.583   180.9091 1.3146e+03     8.0698      0.193      0.280    20.5790 0.0000e+00
      0.198      0.004     9.5267    106.011     32.008  29.178883     2.2597      9.584   180.9554 1.2097e+03     8.0982      0.195      0.282    20.5788 0.0000e+00
      0.199      0.002     9.5299    105.988     31.999  29.171448     2.2802      9.585   181.0041 1.2610e+03     8.2000      0.196      0.284    20.5781 0.0000e+00
      0.199      0.000     9.5296    105.931     31.993  29.165579     2.3012      9.586   181.0671 1.2826e+03     8.2077      0.196      0.284    20.5766 0.0000e+00
      0.198     -0.001     9.5303    105.851     31.998  29.171345     2.2977      9.587   181.1150 1.1648e+03     8.1223      0.195      0.283    20.5758 0.0000e+00
      0.197     -0.001     9.5283    105.819     32.004  29.177743     2.2709      9.588   181.1540 1.0937e+03     8.0558      0.193      0.281    20.5759 0.0000e+00
      0.197      0.000     9.5276    105.855     32.005  29.179510     2.2600      9.589   181.1941 1.1127e+03     8.0875      0.192      0.279    20.5758 0.0000e+00
      0.197      0.001     9.5232    105.909     32.020  29.192714     2.2485      9.590   181.1696 1.1134e+03     8.1638      0.193      0.280    20.5765 0.0000e+00
      0.197      0.004     9.5114    105.926     32.039  29.210533     2.2321      9.592   181.2020 1.0812e+03     8.1588      0.193      0.280    20.5778 0.0000e+00
      0.198      0.009     9.5078    105.877     32.033  29.204673     2.2285      9.594   181.3277 1.0432e+03     8.1291      0.194      0.281    20.5792 0.0000e+00
      0.199      0.014     9.5133    105.773     32.013  29.185286     2.2380      9.595   181.3979 9.9243e+02     8.1457      0.195      0.283    20.5799 0.0000e+00
      0.203      0.018     9.5201    105.682     31.994  29.166410     2.2730      9.596   181.4493 9.4574e+02     8.1895      0.197      0.286    20.5797 0.0000e+00
      0.209      0.019     9.5221    105.645     31.996  29.166720     2.2858      9.597   181.5185 9.5474e+02     8.1808      0.204      0.296    20.5800 0.0000e+00
      0.218      0.019     9.5183    105.641     32.022  29.189039     2.2677      9.597   181.5472 9.8834e+02     8.1086      0.214      0.310    20.5809 0.0000e+00
      0.226      0.017     9.5055    105.671     32.015  29.182553     2.2617      9.598   181.6242 9.8750e+02     8.0678      0.223      0.324    20.5799 0.0000e+00
      0.230      0.013     9.4964    105.744     31.982  29.151730     2.2793      9.599   181.6745 1.0074e+03     8.0983      0.227      0.329    20.5764 0.0000e+00
      0.230      0.008     9.4957    105.842     31.962  29.133497     2.3057      9.601   181.4667 1.0842e+03     8.1687      0.226      0.327    20.5732 0.0000e+00
      0.230     -0.001     9.4954    105.923     31.984  29.152391     2.2977      9.601   181.1775 1.1840e+03     8.1675      0.225      0.326    20.5712 0.0000e+00
      0.231     -0.011     9.4970    105.972     32.024  29.189884     2.2501      9.603   180.8452 1.2000e+03     8.1530      0.227      0.329    20.5705 0.0000e+00
      0.231     -0.030     9.5049    105.984     32.039  29.206257     2.2205      9.606   180.2019 1.1212e+03     8.2319      0.228      0.331    20.5706 0.0000e+00
      0.226     -0.065     9.5147    105.895     32.053  29.223501     2.2314      9.608   179.5940 1.2157e+03     8.2335      0.224      0.325    20.5701 0.0000e+00
      0.215     -0.112     9.5242    105.786     32.095  29.271525     2.2323      9.609   179.3460 1.4035e+03     8.1376      0.213      0.308    20.5694 0.0000e+00
      0.194     -0.162     9.5250    105.819     32.156  29.342920     2.1314      9.610   179.1816 1.3992e+03     8.0979      0.200      0.289    20.5701 0.0000e+00
      0.146     -0.199     9.5314    105.909     32.183  29.389040     1.9608      9.613   179.0694 1.3387e+03     8.1284      0.160      0.231    20.5736 0.0000e+00
      0.065     -0.214     9.5210    106.009     32.150  29.385172     1.8841      9.615   179.1070 1.4285e+03     8.1996      0.068      0.099    20.5797 0.0000e+00
     -0.026     -0.205     9.4949    106.207     32.093  29.359621     1.8860      9.615   179.2922 1.3763e+03     8.2080     -0.035     -0.051    20.5926 0.0000e+00
     -0.096     -0.171     9.5039    106.506     32.040  29.333852     1.8748      9.615   179.6738 1.1566e+03     8.1271     -0.107     -0.155    20.6174 0.0000e+00
     -0.135     -0.116     9.5067    106.846     32.020  29.327347     1.8160      9.617   180.0217 1.2056e+03     8.1772     -0.142     -0.205    20.6525 0.0000e+00
     -0.145     -0.054     9.5011    107.151     32.036  29.344427     1.7331      9.621   180.1435 1.2730e+03     8.4386     -0.148     -0.215    20.6935 0.0000e+00
     -0.135     -0.002     9.5131    107.325     32.046  29.350079     1.7043      9.624   180.1996 1.1492e+03     8.6576     -0.135     -0.195    20.7385 0.0000e+00
     -0.116      0.030     9.5336    107.310     32.031  29.332248     1.7086      9.627   180.1840 1.0837e+03     8.6729     -0.115     -0.167    20.7767 0.0000e+00
     -0.096      0.039     9.5630    107.146     32.020  29.319108     1.7683      9.631   179.9547 1.1280e+03     8.5892     -0.093     -0.135    20.7962 0.0000e+00
     -0.080      0.030     9.5935    106.927     32.020  29.318069     1.9031      9.635   179.7503 1.2201e+03     8.5342     -0.075     -0.109    20.7977 0.0000e+00
     -0.072      0.011     9.6129    106.706     32.021  29.319686     1.9905      9.639   180.8968 1.3476e+03     8.5197     -0.068     -0.098    20.7894 0.0000e+00
     -0.072     -0.006     9.6118    106.502     32.039  29.338651     2.0004      9.642   182.3723 1.4981e+03     8.5164     -0.066     -0.095    20.7808 0.0000e+00
     -0.082     -0.016     9.5937    106.374     32.053  29.357101     1.9724      9.645   181.7598 1.7206e+03     8.4598     -0.075     -0.109    20.7767 0.0000e+00
     -0.100     -0.019     9.5727    106.331     32.041  29.352479     1.9272      9.648   180.7181 2.0580e+03     8.3817     -0.100     -0.145    20.7756 0.0000e+00
     -0.114     -0.014     9.5539    106.330     32.030  29.346204     1.9195      9.651   180.5320 2.0556e+03     8.4261     -0.119     -0.173    20.7755 0.0000e+00
     -0.114     -0.002     9.5315    106.386     32.028  29.344654     1.9465      9.653   180.4560 1.4695e+03     8.4851     -0.114     -0.166    20.7788 0.0000e+00
