Data/DataNotYetUploadedToEDI/Raw_CTD/RawDownloads/051925_fcr50_S7809001.cnv
* Sea-Bird SBE19plus  Data File:
* FileName = C:\R\Reservoirs\Data\DataNotYetUploadedToEDI\Raw_CTD\RawDownloads\051925_fcr50_S7809_0001.hex
* Software version 2.8.0.119
* Temperature SN = 7809
* Conductivity SN = 7809
* System UpLoad Time = May 27 2025 14:00:50
* <ApplicationData>
* <Seaterm232>
# nquan = 15
# nvalues = 1788                        
# units = specified
# name 0 = depFM: Depth [fresh water, m]
# name 1 = dz/dtM: Descent Rate [m/s]
# name 2 = sbeox0Mg/L: Oxygen, SBE 43 [mg/l]
# name 3 = sbeox0PS: Oxygen, SBE 43 [% saturation]
# name 4 = specc: Specific Conductance [uS/cm]
# name 5 = c0uS/cm: Conductivity [uS/cm]
# name 6 = flECO-AFL: Fluorescence, WET Labs ECO-AFL/FL [mg/m^3]
# name 7 = ph: pH
# name 8 = orp: Oxidation Reduction Potential [mV]
# name 9 = par/sat/log: PAR/Logarithmic, Satlantic
# name 10 = turbWETntu0: Turbidity, WET Labs ECO [NTU]
# name 11 = prdM: Pressure, Strain Gauge [db]
# name 12 = prdE: Pressure, Strain Gauge [psi]
# name 13 = tv290C: Temperature [ITS-90, deg C]
# name 14 = flag:  0.000e+00
# span 0 =     -0.670,      9.562       
# span 1 =     -2.588,      2.593       
# span 2 =    -0.0463,    10.6496       
# span 3 =     -0.370,    108.630       
# span 4 =      0.582,    255.911       
# span 5 =   0.552849, 179.166071       
# span 6 =    -2.0139,     9.6599       
# span 7 =      6.637,     11.153       
# span 8 = -1240.7455,   441.2926       
# span 9 = 1.2358e-01, 1.8284e+03       
# span 10 =    -5.4884,   160.9270      
# span 11 =     -0.658,      9.380      
# span 12 =     -0.954,     13.604      
# span 13 =     9.8964,    22.4806      
# span 14 = 0.0000e+00, 0.0000e+00      
# interval = seconds: 0.25
# start_time = May 19 2025 10:46:48 [Instrument's time stamp, header]
# bad_flag = -9.990e-29
*END*
[from data line 579]
      0.234 1.2618e-12     9.1983    101.815     31.878  28.892054     2.7238      8.651   224.0424 5.4834e+02     4.3113      0.229      0.333    20.3130 0.0000e+00
      0.233 1.1471e-13     9.2017    101.853     31.857  28.873301     2.7084      8.649   223.9969 5.5067e+02     4.2814      0.229      0.332    20.3126 0.0000e+00
      0.233 1.0428e-14     9.2005    101.906     31.857  28.872885     2.6999      8.647   224.0191 5.5032e+02     4.2642      0.229      0.332    20.3128 0.0000e+00
      0.234 9.4800e-16     9.1972    101.949     31.872  28.887026     2.7037      8.645   224.0528 5.6273e+02     4.3429      0.230      0.333    20.3129 0.0000e+00
      0.234 8.6180e-17     9.1980    101.964     31.906  28.917426     2.6952      8.643   223.9751 5.6860e+02     4.4131      0.230      0.333    20.3124 0.0000e+00
      0.234 7.8342e-18     9.2020    101.963     31.914  28.923305     2.6722      8.642   223.8540 5.6788e+02     4.3608      0.229      0.333    20.3123 0.0000e+00
      0.233 7.0868e-19     9.2076    101.941     31.883  28.894673     2.6512      8.639   223.8781 5.8938e+02     4.2573      0.229      0.332    20.3121 0.0000e+00
      0.233 2.5466e-20     9.2127    101.878     31.877  28.888383     2.6334      8.637   223.9226 6.7187e+02     4.2548      0.229      0.332    20.3114 0.0000e+00
      0.234 -4.262e-19     9.2129    101.791     31.902  28.910682     2.6482      8.636   223.8760 8.2061e+02     4.3308      0.230      0.333    20.3107 0.0000e+00
      0.234 -4.753e-18     9.2134    101.728     31.902  28.910579     2.6797      8.635   223.9163 8.7764e+02     4.3221      0.230      0.333    20.3096 0.0000e+00
      0.234 -5.229e-17     9.2129    101.704     31.877  28.887137     2.6817      8.632   224.0663 7.4776e+02     4.2522      0.229      0.333    20.3083 0.0000e+00
      0.234 -5.752e-16     9.2069    101.714     31.870  28.880959     2.6717      8.630   224.0552 6.5432e+02     4.2365      0.230      0.333    20.3074 0.0000e+00
      0.234 -6.327e-15     9.1966    101.758     31.890  28.899307     2.6677      8.630   223.8673 6.8837e+02     4.2351      0.229      0.333    20.3064 0.0000e+00
      0.234 -6.959e-14     9.1912    101.807     31.911  28.918695     2.6663      8.630   223.7736 7.6604e+02     4.2358      0.230      0.333    20.3053 0.0000e+00
      0.234 -1.225e-13     9.1896    101.846     31.918  28.925094     2.6550      8.630   223.7829 7.9160e+02     4.1764      0.230      0.333    20.3054 0.0000e+00
      0.234 -3.340e-15     9.1895    101.878     31.905  28.913250     2.6391      8.628   223.8939 7.4210e+02     4.0627      0.230      0.334    20.3061 0.0000e+00
      0.234 1.1611e-13     9.1951    101.858     31.893  28.902341     2.6566      8.626   224.0831 7.0668e+02     4.1254      0.230      0.333    20.3066 0.0000e+00
      0.234 6.6235e-14     9.2004    101.757     31.912  28.920056     2.7009      8.625   224.0917 6.5417e+02     4.3195      0.229      0.333    20.3067 0.0000e+00
      0.234 6.0210e-15     9.2023    101.632     31.929  28.937155     2.7172      8.625   223.9117 5.9858e+02     4.4295      0.229      0.333    20.3064 0.0000e+00
      0.234 5.4740e-16     9.2074    101.528     31.908  28.918799     2.7038      8.625   223.7133 6.2869e+02     4.4303      0.230      0.333    20.3061 0.0000e+00
      0.234 4.9762e-17     9.2084    101.484     31.873  28.888400     2.7219      8.625   223.6723 7.0917e+02     4.3970      0.230      0.333    20.3065 0.0000e+00
      0.234 4.5238e-18     9.1944    101.505     31.870  28.886746     2.7774      8.624   223.8463 7.4437e+02     4.4035      0.230      0.333    20.3075 0.0000e+00
      0.234 4.1126e-19     9.1828    101.538     31.882  28.898798     2.8095      8.623   224.0104 8.3869e+02     4.3718      0.230      0.333    20.3089 0.0000e+00
      0.234 3.7387e-20     9.1716    101.583     31.891  28.907265     2.8187      8.623   224.0212 9.4178e+02     4.3545      0.230      0.333    20.3108 0.0000e+00
      0.234 3.3988e-21     9.1656    101.655     31.911  28.925697     2.8222      8.623   223.9766 8.6647e+02     4.3652      0.230      0.333    20.3129 0.0000e+00
      0.234 3.0898e-22     9.1719    101.729     31.917  28.931376     2.8097      8.623   223.9006 7.8257e+02     4.3307      0.230      0.333    20.3148 0.0000e+00
      0.234 2.8090e-23     9.1727    101.760     31.896  28.912506     2.7929      8.623   223.7915 7.3202e+02     4.3815      0.230      0.333    20.3161 0.0000e+00
      0.234 2.5536e-24     9.1762    101.745     31.868  28.887816     2.7689      8.623   223.8619 6.5857e+02     4.3990      0.230      0.333    20.3170 0.0000e+00
      0.234 2.3214e-25     9.1832    101.703     31.867  28.886568     2.7357      8.622   224.0635 6.2854e+02     4.3034      0.229      0.333    20.3177 0.0000e+00
      0.234 2.1104e-26     9.1921    101.646     31.879  28.897421     2.6994      8.621   224.0775 6.4166e+02     4.2843      0.229      0.333    20.3180 0.0000e+00
      0.234 1.9186e-27     9.1949    101.609     31.873  28.892179     2.6707      8.621   224.0324 7.2754e+02     4.3382      0.230      0.333    20.3185 0.0000e+00
      0.234 1.7441e-28     9.1918    101.595     31.867  28.886611     2.6638      8.621   224.1201 7.8518e+02     4.3746      0.229      0.333    20.3189 0.0000e+00
      0.234 1.5856e-29     9.1891    101.599     31.875  28.893529     2.6497      8.622   224.1915 7.1011e+02     4.3495      0.230      0.333    20.3189 0.0000e+00
      0.234 1.4414e-30     9.1812    101.627     31.896  28.912396     2.6335      8.623   224.2065 6.6370e+02     4.3079      0.229      0.333    20.3187 0.0000e+00
      0.234 1.3104e-31     9.1787    101.656     31.909  28.924448     2.6592      8.623   224.2152 7.3039e+02     4.3492      0.230      0.333    20.3184 0.0000e+00
      0.234 1.1912e-32     9.1780    101.668     31.895  28.912397     2.7022      8.623   224.2115 9.5290e+02     4.4054      0.230      0.333    20.3182 0.0000e+00
      0.235 1.0830e-33     9.1771    101.672     31.874  28.893540     2.7198      8.624   224.2471 1.1289e+03     4.4403      0.230      0.334    20.3186 0.0000e+00
      0.235 9.8450e-35     9.1813    101.681     31.867  28.886726     2.7060      8.624   224.3882 9.8329e+02     4.4295      0.230      0.334    20.3185 0.0000e+00
      0.235 8.9500e-36     9.1844    101.706     31.875  28.893436     2.6852      8.623   224.5412 7.7456e+02     4.3770      0.230      0.334    20.3185 0.0000e+00
      0.235 8.1365e-37     9.1846    101.733     31.896  28.911249     2.6844      8.623   224.5479 6.8721e+02     4.3865      0.230      0.334    20.3192 0.0000e+00
      0.234 7.3970e-38     9.1852    101.752     31.899  28.911815     2.6966      8.623   224.4691 6.6076e+02     4.3744      0.230      0.333    20.3193 0.0000e+00
      0.234 6.7245e-39     9.1846    101.767     31.890  28.900283     2.7000      8.623   224.4488 6.2502e+02     4.2980      0.229      0.333    20.3195 0.0000e+00
      0.234 6.1130e-40     9.1882    101.777     31.893  28.898660     2.7165      8.624   224.4751 5.6857e+02     4.3166      0.230      0.333    20.3193 0.0000e+00
      0.234 5.5575e-41     9.1913    101.788     31.891  28.892180     2.7549      8.624   224.5286 5.7218e+02     4.4286      0.230      0.333    20.3173 0.0000e+00
      0.235 5.0520e-42     9.1929    101.805     31.889  28.885356     2.7727      8.624   224.5791 6.3794e+02     4.4570      0.230      0.334    20.3136 0.0000e+00
      0.235 4.5928e-43     9.1962    101.830     31.887  28.879580     2.7744      8.624   224.5702 8.2054e+02     4.3866      0.230      0.334    20.3079 0.0000e+00
      0.234 4.1753e-44     9.1974    101.852     31.897  28.885771     2.7674      8.624   224.5068 1.0012e+03     4.2953      0.230      0.333    20.3004 0.0000e+00
      0.234 3.7957e-45     9.2005    101.869     31.910  28.896774     2.7536      8.625   224.5010 9.1271e+02     4.2750      0.230      0.333    20.2932 0.0000e+00
      0.235 3.4506e-46     9.2019    101.865     31.898  28.885761     2.7580      8.626   224.5860 7.3963e+02     4.3459      0.230      0.334    20.2864 0.0000e+00
      0.235 3.1370e-47     9.2070    101.819     31.890  28.879465     2.7703      8.626   224.5885 7.1599e+02     4.4006      0.230      0.334    20.2799 0.0000e+00
      0.234 2.8541e-48     9.2091    101.762     31.892  28.884087     2.7608      8.626   224.6173 7.5168e+02     4.3212      0.230      0.332    20.2755 0.0000e+00
      0.234 2.8429e-49     9.2111    101.721     31.882  28.878217     2.7345      8.626   224.7616 8.0713e+02     4.1381      0.229      0.333    20.2730 0.0000e+00
      0.234 2.9901e-49     9.2134    101.670     31.871  28.871927     2.7358      8.627   224.7846 9.3098e+02     4.0994      0.230      0.334    20.2723 0.0000e+00
      0.234 3.0320e-48     9.2064    101.608     31.866  28.871462     2.7599      8.628   224.7241 1.0457e+03     4.1952      0.230      0.333    20.2747 0.0000e+00
      0.234 3.3328e-47     9.1993    101.591     31.864  28.872605     2.7594      8.628   224.8044 9.5496e+02     4.1700      0.230      0.334    20.2793 0.0000e+00
      0.234 3.6661e-46     9.1961    101.636     31.875  28.885753     2.7468      8.629   224.8944 7.7966e+02     4.1011      0.230      0.333    20.2842 0.0000e+00
      0.234 4.0327e-45     9.1915    101.677     31.892  28.903586     2.7483      8.629   224.7801 8.6360e+02     4.1141      0.230      0.333    20.2899 0.0000e+00
      0.234 4.4360e-44     9.1813    101.654     31.884  28.897933     2.7616      8.628   224.6262 9.6770e+02     4.1218      0.230      0.333    20.2960 0.0000e+00
      0.234 4.8796e-43     9.1779    101.574     31.864  28.880834     2.7987      8.628   224.5824 8.5913e+02     4.1607      0.230      0.333    20.3015 0.0000e+00
      0.234 5.3675e-42     9.1848    101.519     31.869  28.887129     2.8394      8.628   224.5945 7.8701e+02     4.2083      0.230      0.334    20.3061 0.0000e+00
      0.234 5.9043e-41     9.1891    101.525     31.893  28.910619     2.8548      8.629   224.6866 7.3957e+02     4.2529      0.230      0.334    20.3100 0.0000e+00
      0.234 6.4947e-40     9.1877    101.571     31.892  28.911129     2.8682      8.629   224.8357 6.4973e+02     4.3585      0.230      0.333    20.3126 0.0000e+00
      0.234 7.1442e-39     9.1754    101.651     31.872  28.893301     2.8929      8.629   224.7634 5.9171e+02     4.4270      0.230      0.333    20.3149 0.0000e+00
      0.234 7.8586e-38     9.1686    101.730     31.862  28.885352     2.9030      8.629   224.5001 6.3096e+02     4.3980      0.229      0.333    20.3171 0.0000e+00
      0.234 8.6444e-37     9.1715    101.775     31.854  28.878452     2.8828      8.629   224.4052 6.9850e+02     4.3494      0.230      0.333    20.3190 0.0000e+00
      0.234 9.5089e-36     9.1735    101.805     31.847  28.873301     2.8732      8.628   224.3905 6.5237e+02     4.3514      0.230      0.334    20.3213 0.0000e+00
      0.234 1.0460e-34     9.1826    101.845     31.862  28.886495     2.8863      8.628   224.4090 5.9513e+02     4.3884      0.229      0.333    20.3227 0.0000e+00
      0.234 1.1506e-33     9.1908    101.842     31.889  28.911128     2.8749      8.629   224.5418 6.3623e+02     4.3869      0.229      0.333    20.3238 0.0000e+00
      0.234 1.2656e-32     9.1941    101.772     31.895  28.917424     2.8520      8.630   224.5343 7.1357e+02     4.3329      0.230      0.334    20.3251 0.0000e+00
      0.234 1.3922e-31     9.1941    101.691     31.875  28.899191     2.8514      8.631   224.4033 7.6059e+02     4.2817      0.230      0.333    20.3260 0.0000e+00
      0.234 1.5314e-30     9.2009    101.647     31.854  28.880957     2.8677      8.632   224.3349 7.5505e+02     4.2812      0.230      0.334    20.3265 0.0000e+00
      0.234 1.6846e-29     9.2023    101.669     31.861  28.887249     2.8901      8.631   224.3091 6.8419e+02     4.3605      0.230      0.334    20.3269 0.0000e+00
      0.234 1.8530e-28     9.1919    101.714     31.888  28.911835     2.8891      8.631   224.3500 5.8366e+02     4.3865      0.229      0.333    20.3275 0.0000e+00
      0.234 2.0383e-27     9.1847    101.727     31.902  28.924520     2.8640      8.633   224.3997 5.4679e+02     4.2884      0.230      0.333    20.3279 0.0000e+00
      0.235 2.2421e-26     9.1778    101.713     31.889  28.913753     2.8618      8.635   224.3935 5.7945e+02     4.2674      0.230      0.334    20.3281 0.0000e+00
      0.235 2.4664e-25     9.1820    101.688     31.884  28.908511     2.8707      8.635   224.4468 6.2782e+02     4.3711      0.230      0.334    20.3285 0.0000e+00
      0.234 2.7130e-24     9.1893    101.680     31.902  28.924572     2.8544      8.634   224.5282 6.9982e+02     4.4150      0.230      0.333    20.3286 0.0000e+00
      0.234 2.9843e-23     9.1883    101.716     31.894  28.917662     2.8233      8.633   224.5176 7.2224e+02     4.3534      0.230      0.333    20.3289 0.0000e+00
      0.234 3.2827e-22     9.1873    101.773     31.861  28.888397     2.7941      8.633   224.4908 6.5934e+02     4.2762      0.230      0.333    20.3293 0.0000e+00
      0.234 3.6110e-21     9.1844    101.828     31.860  28.887866     2.7926      8.634   224.4619 7.3020e+02     4.3007      0.230      0.333    20.3294 0.0000e+00
      0.234 3.9721e-20     9.1815    101.917     31.886  28.911251     2.8145      8.635   224.4267 9.3265e+02     4.3766      0.230      0.333    20.3299 0.0000e+00
      0.235 4.3693e-19     9.1862    102.012     31.892  28.917424     2.8254      8.636   224.4952 9.9023e+02     4.3748      0.230      0.334    20.3305 0.0000e+00
      0.235 4.8062e-18     9.1931    102.023     31.872  28.899066     2.8168      8.637   224.6872 8.9969e+02     4.3471      0.230      0.334    20.3308 0.0000e+00
      0.234 5.2869e-17     9.1951    101.942     31.850  28.879575     2.8017      8.637   224.7699 7.9843e+02     4.3488      0.230      0.333    20.3310 0.0000e+00
      0.234 5.8156e-16     9.2034    101.827     31.842  28.872047     2.7919      8.636   224.7199 7.5270e+02     4.3958      0.230      0.334    20.3311 0.0000e+00
      0.234 6.3971e-15     9.2173    101.705     31.842  28.871470     2.7729      8.636   224.6854 8.6421e+02     4.4025      0.229      0.333    20.3313 0.0000e+00
      0.234 7.0368e-14     9.2181    101.583     31.843  28.872604     2.7475      8.636   224.6115 9.8346e+02     4.3266      0.230      0.334    20.3312 0.0000e+00
      0.234 7.7405e-13     9.2077    101.504     31.858  28.885761     2.7510      8.638   224.5147 8.6295e+02     4.2981      0.229      0.333    20.3311 0.0000e+00
      0.234 8.5145e-12     9.1967    101.509     31.878  28.903687     2.7735      8.640   224.5471 6.9632e+02     4.3664      0.230      0.333    20.3308 0.0000e+00
      0.234 9.3660e-11     9.1864    101.578     31.873  28.899065     2.7789      8.640   224.7447 6.8509e+02     4.4352      0.230      0.334    20.3303 0.0000e+00
      0.234 1.0303e-09     9.1736    101.678     31.867  28.893300     2.7656      8.641   224.8397 7.2360e+02     4.4122      0.230      0.333    20.3300 0.0000e+00
      0.235 1.1333e-08     9.1642    101.797     31.871  28.897412     2.7465      8.642   224.8347 7.3364e+02     4.3269      0.230      0.334    20.3297 0.0000e+00
      0.235 1.2466e-07     9.1667    101.915     31.858  28.885360     2.7555      8.642   224.8569 7.4187e+02     4.3264      0.230      0.334    20.3294 0.0000e+00
      0.234      0.000     9.1737    101.997     31.846  28.874434     2.7914      8.642   224.7639 7.1274e+02     4.3715      0.230      0.333    20.3293 0.0000e+00
      0.234      0.000     9.1832    102.042     31.866  28.892166     2.8143      8.643   224.6569 6.7463e+02     4.3608      0.230      0.333    20.3295 0.0000e+00
