Data/DataNotYetUploadedToEDI/Raw_CTD/RawDownloads/051925_bvr50_S8188002.cnv
* Sea-Bird SBE19plus  Data File:
* FileName = C:\R\Reservoirs\Data\DataNotYetUploadedToEDI\Raw_CTD\RawDownloads\051925_bvr50_S8188_0002.hex
* Software version 2.8.0.119
* Temperature SN = 8188
* Conductivity SN = 8188
* System UpLoad Time = May 29 2025 15:48:18
* <ApplicationData>
* <Seaterm232>
# nquan = 16
# nvalues = 1240                        
# units = specified
# name 0 = depFM: Depth [fresh water, m]
# name 1 = dz/dtM: Descent Rate [m/s]
# name 2 = sbeox0Mg/L: Oxygen, SBE 43 [mg/l]
# name 3 = sbeox0PS: Oxygen, SBE 43 [% saturation]
# name 4 = specc: Specific Conductance [uS/cm]
# name 5 = c0uS/cm: Conductivity [uS/cm]
# name 6 = wetCDOM: Fluorescence, WET Labs CDOM [mg/m^3]
# name 7 = flECO-AFL: Fluorescence, WET Labs ECO-AFL/FL [mg/m^3]
# name 8 = flECO-AFL1: Fluorescence, WET Labs ECO-AFL/FL, 2 [mg/m^3]
# name 9 = flECO-AFL2: Fluorescence, WET Labs ECO-AFL/FL, 3 [mg/m^3]
# name 10 = par/sat/log: PAR/Logarithmic, Satlantic
# name 11 = turbWETntu0: Turbidity, WET Labs ECO [NTU]
# name 12 = prdM: Pressure, Strain Gauge [db]
# name 13 = prdE: Pressure, Strain Gauge [psi]
# name 14 = tv290C: Temperature [ITS-90, deg C]
# name 15 = flag:  0.000e+00
# span 0 =     -0.726,      6.426       
# span 1 =     -0.253,      0.139       
# span 2 =    -1.4751,     9.4876       
# span 3 =    -15.186,    105.298       
# span 4 =   -701.745,    105.593       
# span 5 =-508.839654,  76.281601       
# span 6 =    -4.5000,    37.6200       
# span 7 =     0.5051,   245.1606       
# span 8 =    -2.1300,     3.1098       
# span 9 =    -2.0304,    12.0132       
# span 10 = 1.1585e-01, 2.2641e+03      
# span 11 =     1.8960,   971.0793      
# span 12 =     -0.711,      6.301      
# span 13 =     -1.032,      9.139      
# span 14 =    11.1182,    22.4851      
# span 15 = 0.0000e+00, 0.0000e+00      
# interval = seconds: 0.25
# start_time = May 19 2025 10:39:01 [Instrument's time stamp, header]
# bad_flag = -9.990e-29
*END*
[from data line 543]
      3.242      0.039     0.0700      0.681     53.893  41.885133    37.5300     1.1231     0.2556     3.2571 1.5378e+00     8.7694      3.179      4.611    13.9308 0.0000e+00
      3.253      0.040     0.0700      0.688     54.040  41.983027    37.5300     1.1231     0.2556     3.2571 1.5094e+00     8.7090      3.190      4.627    13.9133 0.0000e+00
      3.263      0.040     0.0699      0.691     54.190  42.085213    37.5300     1.0659     0.2130     3.0456 1.5048e+00     8.2558      3.200      4.641    13.8938 0.0000e+00
      3.273      0.039     0.0699      0.686     54.351  42.199011    37.5300     1.0697     0.2130     3.0456 1.4641e+00     8.2558      3.210      4.656    13.8742 0.0000e+00
      3.283      0.038     0.0704      0.679     54.478  42.289006    37.5300     1.0697     0.2130     3.0456 1.4283e+00     8.3162      3.219      4.669    13.8564 0.0000e+00
      3.292      0.036     0.0712      0.675     54.523  42.319411    37.5300     1.0849     0.2130     3.0456 1.3786e+00     8.1954      3.229      4.683    13.8412 0.0000e+00
      3.302      0.033     0.0714      0.679     54.509  42.306306    37.3500     1.0544     0.2130     2.9187 1.3301e+00     8.2407      3.238      4.696    13.8285 0.0000e+00
      3.310      0.031     0.0710      0.682     54.496  42.294024    37.3500     1.0735     0.2130     2.9187 1.3054e+00     8.2709      3.246      4.708    13.8179 0.0000e+00
      3.318      0.028     0.0703      0.678     54.514  42.305195    37.3500     1.0735     0.2130     2.9187 1.2765e+00     8.1652      3.254      4.719    13.8100 0.0000e+00
      3.324      0.026     0.0699      0.670     54.573  42.346784    37.3500     1.1078     0.2130     2.9187 1.2857e+00     8.3011      3.260      4.728    13.8053 0.0000e+00
      3.330      0.025     0.0703      0.665     54.679  42.421910    37.3500     1.1536     0.2130     2.9187 1.2947e+00     8.0594      3.266      4.737    13.8032 0.0000e+00
      3.336      0.024     0.0706      0.667     54.821  42.520716    37.5300     1.1154     0.2130     2.7072 1.2927e+00     8.0594      3.271      4.745    13.8016 0.0000e+00
      3.341      0.024     0.0702      0.668     54.976  42.625708    37.5300     1.1116     0.2130     2.7072 1.2630e+00     8.1199      3.277      4.753    13.7991 0.0000e+00
      3.348      0.025     0.0694      0.667     55.140  42.734990    37.5300     1.1231     0.2130     2.7072 1.2669e+00     8.1501      3.283      4.761    13.7953 0.0000e+00
      3.354      0.027     0.0689      0.667     55.314  42.851797    37.5300     1.0811     0.2130     2.7072 1.2526e+00     8.0896      3.289      4.770    13.7887 0.0000e+00
      3.361      0.028     0.0691      0.669     55.472  42.955464    37.2600     1.0468     0.2130     2.4534 1.2270e+00     8.0594      3.296      4.780    13.7782 0.0000e+00
      3.368      0.029     0.0693      0.667     55.573  43.015840    37.2600     1.0582     0.2130     2.4534 1.2022e+00     7.9688      3.303      4.790    13.7645 0.0000e+00
      3.376      0.031     0.0691      0.662     55.599  43.021124    37.2600     1.0620     0.2130     2.4534 1.1934e+00     8.0141      3.310      4.801    13.7488 0.0000e+00
      3.384      0.032     0.0691      0.657     55.554  42.976712    37.2600     1.0735     0.2130     2.4534 1.1506e+00     7.9839      3.319      4.813    13.7320 0.0000e+00
      3.393      0.032     0.0693      0.654     55.475  42.912609    37.5300     1.0506     0.2130     2.5803 1.1315e+00     8.0745      3.327      4.825    13.7150 0.0000e+00
      3.401      0.032     0.0692      0.652     55.436  42.883464    37.5300     1.0849     0.2130     2.5803 1.1207e+00     8.0896      3.336      4.838    13.6989 0.0000e+00
      3.410      0.032     0.0687      0.653     55.502  42.935312    37.5300     1.0926     0.2130     2.5803 1.1029e+00     8.0745      3.344      4.850    13.6855 0.0000e+00
      3.418      0.031     0.0681      0.653     55.668  43.060059    37.5300     1.1421     0.2130     2.5803 1.0523e+00     7.5609      3.352      4.861    13.6771 0.0000e+00
      3.425      0.030     0.0678      0.652     55.858  43.197306    37.6200     1.1612     0.2130     2.4111 1.0652e+00     7.6516      3.359      4.872    13.6742 0.0000e+00
      3.433      0.029     0.0677      0.650     56.036  43.319881    37.6200     1.1231     0.2130     2.4111 1.0544e+00     7.6365      3.366      4.883    13.6749 0.0000e+00
      3.440      0.028     0.0677      0.650     56.213  43.440541    37.6200     1.1154     0.2130     2.4111 1.0126e+00     7.5458      3.374      4.893    13.6758 0.0000e+00
      3.447      0.028     0.0677      0.650     56.386  43.557582    37.6200     1.0392     0.2130     2.4111 1.0308e+00     7.5307      3.381      4.903    13.6728 0.0000e+00
      3.454      0.027     0.0677      0.650     56.562  43.676306    37.6200     1.0926     0.2130     2.4111 1.0393e+00     7.5307      3.387      4.913    13.6638 0.0000e+00
      3.461      0.027     0.0675      0.651     56.747  43.798480    37.0800     1.0735     0.2130     2.4111 9.9406e-01     7.6062      3.394      4.922    13.6506 0.0000e+00
      3.467      0.026     0.0675      0.652     56.930  43.914830    37.0800     1.0849     0.2130     2.4111 9.9126e-01     7.6516      3.400      4.932    13.6363 0.0000e+00
      3.474      0.027     0.0676      0.645     57.143  44.050404    37.0800     1.1498     0.2130     2.4111 9.9363e-01     7.7724      3.407      4.941    13.6217 0.0000e+00
      3.480      0.027     0.0675      0.632     57.394  44.215445    37.0800     1.1498     0.2130     2.4111 1.0174e+00     7.7875      3.413      4.950    13.6061 0.0000e+00
      3.487      0.029     0.0677      0.619     57.646  44.382216    36.6300     1.1383     0.2130     2.4534 1.0036e+00     7.8328      3.420      4.960    13.5881 0.0000e+00
      3.494      0.030     0.0678      0.609     57.890  44.543370    36.6300     1.1193     0.2130     2.4534 9.5697e-01     7.7573      3.427      4.971    13.5664 0.0000e+00
      3.502      0.032     0.0671      0.605     58.118  44.694050    36.6300     1.1193     0.2130     2.4534 9.4993e-01     7.6818      3.435      4.982    13.5416 0.0000e+00
      3.511      0.034     0.0658      0.606     58.304  44.812652    36.6300     1.1345     0.2130     2.4534 9.5448e-01     7.5609      3.443      4.993    13.5165 0.0000e+00
      3.520      0.036     0.0645      0.613     58.448  44.900907    36.3600     1.1002     0.2130     2.3265 9.0322e-01     7.5307      3.452      5.006    13.4927 0.0000e+00
      3.529      0.038     0.0635      0.626     58.558  44.966405    36.3600     1.1116     0.2130     2.3265 8.8650e-01     7.6062      3.461      5.020    13.4701 0.0000e+00
      3.539      0.039     0.0631      0.641     58.621  45.000699    36.3600     1.1154     0.2130     2.3265 8.6707e-01     7.5458      3.471      5.034    13.4483 0.0000e+00
      3.550      0.040     0.0633      0.653     58.672  45.030873    36.3600     1.1421     0.2130     2.3265 8.7730e-01     7.7120      3.481      5.049    13.4275 0.0000e+00
      3.560      0.041     0.0640      0.665     58.778  45.106827    36.9000     1.1193     0.2130     2.4957 8.2176e-01     7.5911      3.491      5.064    13.4082 0.0000e+00
      3.571      0.042     0.0654      0.674     58.991  45.262767    36.9000     1.1383     0.2130     2.4957 7.9419e-01     7.5609      3.502      5.079    13.3917 0.0000e+00
      3.582      0.042     0.0669      0.676     59.320  45.502409    36.9000     1.0697     0.2130     2.4957 7.9471e-01     7.0624      3.512      5.094    13.3797 0.0000e+00
      3.593      0.043     0.0683      0.672     59.706  45.780038    36.9000     1.0773     0.2130     2.4957 7.9092e-01     7.0926      3.523      5.110    13.3725 0.0000e+00
      3.604      0.043     0.0695      0.661     60.032  46.008245    36.9000     1.0582     0.2130     2.4957 7.7157e-01     7.0624      3.534      5.126    13.3677 0.0000e+00
      3.615      0.042     0.0705      0.647     60.223  46.134273    36.4500     1.0811     0.1704     2.4957 6.8421e-01     7.1077      3.545      5.142    13.3614 0.0000e+00
      3.626      0.042     0.0707      0.636     60.342  46.209667    36.4500     1.0735     0.1704     2.4957 6.6761e-01     7.0473      3.556      5.157    13.3508 0.0000e+00
      3.637      0.041     0.0703      0.627     60.463  46.290410    36.4500     1.0773     0.1704     2.4957 7.0903e-01     7.0473      3.566      5.172    13.3353 0.0000e+00
      3.647      0.040     0.0692      0.616     60.603  46.388067    36.4500     1.0544     0.1704     2.4957 6.7008e-01     7.0322      3.576      5.187    13.3172 0.0000e+00
      3.656      0.039     0.0677      0.607     60.784  46.516720    36.0000     1.0659     0.2130     2.1996 7.2272e-01     7.0926      3.586      5.201    13.3002 0.0000e+00
      3.666      0.038     0.0666      0.605     60.971  46.646895    36.0000     1.0620     0.2130     2.1996 6.9138e-01     7.0473      3.595      5.214    13.2869 0.0000e+00
      3.675      0.038     0.0656      0.606     61.100  46.731582    36.0000     1.0506     0.2130     2.1996 6.8154e-01     7.0473      3.604      5.228    13.2771 0.0000e+00
      3.685      0.038     0.0645      0.607     61.164  46.767453    36.0000     1.0582     0.2130     2.1996 6.6761e-01     7.1077      3.614      5.241    13.2690 0.0000e+00
      3.695      0.038     0.0636      0.605     61.191  46.778024    35.8200     1.0659     0.1704     2.0727 6.4368e-01     7.1833      3.624      5.255    13.2607 0.0000e+00
      3.705      0.037     0.0634      0.596     61.221  46.794019    35.8200     0.9400     0.1704     2.0727 6.4592e-01     6.8509      3.633      5.269    13.2503 0.0000e+00
      3.714      0.037     0.0635      0.585     61.269  46.825685    35.8200     0.9438     0.1704     2.0727 6.3880e-01     6.7905      3.643      5.283    13.2386 0.0000e+00
      3.724      0.037     0.0636      0.576     61.324  46.863525    35.8200     0.9781     0.1704     2.0727 6.3162e-01     6.8509      3.652      5.296    13.2279 0.0000e+00
      3.733      0.037     0.0634      0.570     61.379  46.901685    35.8200     0.9514     0.1704     2.0727 6.2493e-01     6.9416      3.661      5.309    13.2195 0.0000e+00
      3.742      0.038     0.0625      0.566     61.436  46.940374    35.7300     1.0048     0.1704     2.1150 6.4312e-01     6.6092      3.670      5.322    13.2138 0.0000e+00
      3.752      0.038     0.0614      0.561     61.483  46.969977    35.7300     1.0163     0.1704     2.1150 6.0911e-01     6.6243      3.679      5.336    13.2100 0.0000e+00
      3.762      0.038     0.0604      0.559     61.501  46.978455    35.7300     1.0353     0.1704     2.1150 6.1390e-01     6.5035      3.689      5.350    13.2067 0.0000e+00
      3.772      0.038     0.0598      0.564     61.501  46.976041    35.7300     1.0048     0.1704     2.1150 5.7866e-01     6.5639      3.699      5.365    13.2033 0.0000e+00
      3.782      0.037     0.0593      0.574     61.527  46.995976    35.8200     1.0163     0.2130     2.1996 5.8346e-01     6.5337      3.709      5.379    13.1993 0.0000e+00
      3.791      0.036     0.0588      0.585     61.649  47.087429    35.8200     1.0010     0.2130     2.1996 5.4474e-01     6.6545      3.718      5.392    13.1945 0.0000e+00
      3.800      0.036     0.0587      0.594     61.893  47.266814    35.8200     0.9896     0.2130     2.1996 5.6586e-01     6.5941      3.726      5.404    13.1902 0.0000e+00
      3.808      0.036     0.0592      0.604     62.174  47.468350    35.8200     0.9972     0.2130     2.1996 5.9641e-01     6.6092      3.734      5.416    13.1883 0.0000e+00
      3.817      0.036     0.0602      0.616     62.370  47.602263    35.4600     0.9552     0.2130     2.0304 5.7716e-01     6.5639      3.743      5.428    13.1882 0.0000e+00
      3.826      0.037     0.0614      0.628     62.466  47.660409    35.4600     0.9667     0.2130     2.0304 5.9305e-01     6.6243      3.752      5.442    13.1870 0.0000e+00
      3.836      0.037     0.0623      0.637     62.538  47.704139    35.4600     0.9552     0.2130     2.0304 5.4533e-01     6.5639      3.762      5.456    13.1815 0.0000e+00
      3.846      0.038     0.0634      0.641     62.664  47.790962    35.4600     0.9438     0.2130     2.0304 5.6047e-01     6.6545      3.772      5.470    13.1710 0.0000e+00
      3.856      0.038     0.0647      0.638     62.876  47.944030    35.6400     1.0010     0.1704     2.1150 5.0948e-01     6.9113      3.781      5.484    13.1579 0.0000e+00
      3.865      0.038     0.0659      0.632     63.167  48.154328    35.6400     1.0086     0.1704     2.1150 5.3582e-01     6.8207      3.791      5.498    13.1459 0.0000e+00
      3.875      0.038     0.0669      0.623     63.545  48.426109    35.6400     1.0048     0.1704     2.1150 5.2808e-01     6.8056      3.800      5.511    13.1369 0.0000e+00
      3.884      0.038     0.0674      0.617     64.004  48.756098    35.6400     0.9934     0.1704     2.1150 5.2521e-01     6.8056      3.809      5.524    13.1299 0.0000e+00
      3.894      0.039     0.0670      0.616     64.497  49.110696    35.6400     1.0277     0.1704     2.1150 5.0496e-01     6.8509      3.819      5.539    13.1230 0.0000e+00
      3.905      0.039     0.0663      0.614     64.996  49.468841    35.8200     1.0010     0.2130     1.9881 5.1014e-01     6.7754      3.829      5.553    13.1138 0.0000e+00
      3.915      0.039     0.0655      0.607     65.506  49.832345    35.8200     0.9934     0.2130     1.9881 4.9604e-01     6.8509      3.839      5.568    13.1012 0.0000e+00
      3.925      0.039     0.0648      0.599     66.008  50.184511    35.8200     1.0086     0.2130     1.9881 4.7474e-01     6.7905      3.848      5.582    13.0859 0.0000e+00
      3.935      0.039     0.0648      0.596     66.411  50.459763    35.8200     1.0010     0.2130     1.9881 4.4778e-01     6.5941      3.858      5.596    13.0698 0.0000e+00
      3.945      0.039     0.0646      0.599     66.656  50.617865    35.5500     1.0086     0.1704     1.8612 4.6585e-01     6.5941      3.868      5.610    13.0533 0.0000e+00
      3.955      0.039     0.0639      0.600     66.764  50.679048    35.5500     1.0010     0.1704     1.8612 4.4555e-01     6.4884      3.878      5.625    13.0344 0.0000e+00
      3.965      0.038     0.0631      0.597     66.762  50.663612    35.5500     0.9972     0.1704     1.8612 4.6252e-01     6.6092      3.887      5.639    13.0119 0.0000e+00
      3.974      0.038     0.0628      0.596     66.656  50.575416    35.5500     0.9438     0.1704     1.8612 4.4905e-01     6.3222      3.897      5.652    12.9880 0.0000e+00
      3.984      0.038     0.0632      0.602     66.499  50.454735    35.5500     0.9362     0.1704     2.1150 4.1743e-01     6.3071      3.906      5.666    12.9668 0.0000e+00
      3.993      0.038     0.0633      0.608     66.373  50.363089    35.5500     0.9667     0.1704     2.1150 4.5564e-01     6.3222      3.916      5.680    12.9510 0.0000e+00
      4.003      0.038     0.0630      0.606     66.289  50.305941    35.5500     0.9590     0.1704     2.1150 4.2734e-01     6.3675      3.925      5.693    12.9406 0.0000e+00
      4.013      0.039     0.0629      0.596     66.247  50.280015    35.5500     0.9972     0.1704     2.1150 3.8855e-01     6.1711      3.935      5.707    12.9349 0.0000e+00
      4.023      0.039     0.0635      0.581     66.266  50.298333    35.5500     1.0163     0.1704     1.8612 4.2605e-01     6.0805      3.945      5.722    12.9336 0.0000e+00
      4.033      0.039     0.0642      0.567     66.339  50.353820    35.5500     1.0239     0.1704     1.8612 3.8493e-01     6.1107      3.955      5.736    12.9364 0.0000e+00
