Data/DataNotYetUploadedToEDI/Raw_CTD/RawDownloads/051925_fcr30_S7809009.cnv
* Sea-Bird SBE19plus  Data File:
* FileName = C:\R\Reservoirs\Data\DataNotYetUploadedToEDI\Raw_CTD\RawDownloads\051925_fcr50_S7809_0009.hex
* Software version 2.8.0.119
* Temperature SN = 7809
* Conductivity SN = 7809
* System UpLoad Time = May 27 2025 14:06:29
* <ApplicationData>
* <Seaterm232>
# nquan = 15
# nvalues = 1726                        
# units = specified
# name 0 = depFM: Depth [fresh water, m]
# name 1 = dz/dtM: Descent Rate [m/s]
# name 2 = sbeox0Mg/L: Oxygen, SBE 43 [mg/l]
# name 3 = sbeox0PS: Oxygen, SBE 43 [% saturation]
# name 4 = specc: Specific Conductance [uS/cm]
# name 5 = c0uS/cm: Conductivity [uS/cm]
# name 6 = flECO-AFL: Fluorescence, WET Labs ECO-AFL/FL [mg/m^3]
# name 7 = ph: pH
# name 8 = orp: Oxidation Reduction Potential [mV]
# name 9 = par/sat/log: PAR/Logarithmic, Satlantic
# name 10 = turbWETntu0: Turbidity, WET Labs ECO [NTU]
# name 11 = prdM: Pressure, Strain Gauge [db]
# name 12 = prdE: Pressure, Strain Gauge [psi]
# name 13 = tv290C: Temperature [ITS-90, deg C]
# name 14 = flag:  0.000e+00
# span 0 =     -0.581,      5.389       
# span 1 =     -0.345,      0.203       
# span 2 =     1.7869,    11.8607       
# span 3 =     16.797,    128.577       
# span 4 =      2.057,     39.831       
# span 5 =   1.712650,  29.028073       
# span 6 =    -0.1027,    25.7526       
# span 7 =      7.767,     10.602       
# span 8 =    41.6623,   299.7451       
# span 9 = 1.2370e-01, 4.3202e+02       
# span 10 =     1.4704,   295.6405      
# span 11 =     -0.571,      5.286      
# span 12 =     -0.828,      7.667      
# span 13 =    10.2156,    19.5935      
# span 14 = 0.0000e+00, 0.0000e+00      
# interval = seconds: 0.25
# start_time = May 26 2025 12:50:52 [Instrument's time stamp, header]
# bad_flag = -9.990e-29
*END*
[from data line 386]
      0.292      0.022    10.6566    116.210     32.531  29.010864     5.9448     10.543   117.6034 1.4965e+02     4.1985      0.286      0.416    19.5826 0.0000e+00
      0.298      0.023    10.6582    116.159     32.531  29.010722     5.9579     10.544   117.7170 1.4749e+02     4.2995      0.292      0.423    19.5831 0.0000e+00
      0.306      0.023    10.6584    116.143     32.530  29.009012     5.9634     10.545   117.7663 1.4500e+02     4.3735      0.301      0.436    19.5839 0.0000e+00
      0.314      0.022    10.6580    116.135     32.510  28.990179     5.9689     10.545   117.7689 1.4285e+02     4.3759      0.309      0.448    19.5848 0.0000e+00
      0.320      0.019    10.6538    116.113     32.491  28.973307     5.9500     10.545   117.8345 1.4105e+02     4.3282      0.315      0.456    19.5850 0.0000e+00
      0.324      0.017    10.6454    116.088     32.515  28.995292     5.9261     10.545   117.9574 1.3983e+02     4.3089      0.318      0.462    19.5844 0.0000e+00
      0.327      0.015    10.6472    116.063     32.522  29.002292     5.9212     10.545   118.1356 1.3955e+02     4.3482      0.320      0.466    19.5836 0.0000e+00
      0.328      0.014    10.6469    116.039     32.513  28.994511     5.9245     10.546   118.2688 1.3959e+02     4.4275      0.322      0.467    19.5823 0.0000e+00
      0.331      0.015    10.6447    116.026     32.549  29.028073     5.9164     10.546   118.3634 1.3928e+02     4.4133      0.325      0.470    19.5814 0.0000e+00
      0.335      0.017    10.6420    116.022     32.547  29.027514     5.8976     10.546   118.5042 1.3883e+02     4.3136      0.328      0.476    19.5817 0.0000e+00
      0.340      0.019    10.6398    116.023     32.501  28.987752     5.8966     10.547   118.6808 1.3797e+02     4.3142      0.333      0.483    19.5834 0.0000e+00
      0.346      0.021    10.6362    116.012     32.504  28.991320     5.9047     10.547   118.8643 1.3653e+02     4.3868      0.339      0.493    19.5848 0.0000e+00
      0.353      0.021    10.6355    115.973     32.523  29.007228     5.9205     10.547   119.0027 1.3532e+02     4.4058      0.347      0.503    19.5861 0.0000e+00
      0.359      0.020    10.6347    115.942     32.506  28.989805     5.9460     10.547   119.1501 1.3425e+02     4.3733      0.352      0.510    19.5882 0.0000e+00
      0.364      0.018    10.6338    115.918     32.489  28.970937     5.9462     10.548   119.2692 1.3291e+02     4.3016      0.357      0.518    19.5911 0.0000e+00
      0.369      0.016    10.6352    115.898     32.489  28.969381     5.9487     10.549   119.3240 1.3158e+02     4.3239      0.363      0.525    19.5935 0.0000e+00
      0.373      0.013    10.6278    115.916     32.491  28.970993     5.9845     10.549   119.3827 1.3069e+02     4.4378      0.366      0.530    19.5920 0.0000e+00
      0.375      0.011    10.6280    115.981     32.514  28.990422     6.0134     10.549   119.4624 1.3024e+02     4.4147      0.368      0.533    19.5868 0.0000e+00
      0.377      0.010    10.6268    116.060     32.541  29.014010     6.0068     10.549   119.5996 1.2993e+02     4.2845      0.369      0.535    19.5813 0.0000e+00
      0.379      0.012    10.6240    116.147     32.529  29.002477     5.9876     10.550   119.7506 1.2992e+02     4.2302      0.372      0.540    19.5785 0.0000e+00
      0.381      0.018    10.6251    116.233     32.503  28.977839     5.9809     10.551   119.9116 1.3042e+02     4.3387      0.374      0.542    19.5780 0.0000e+00
      0.382      0.025    10.6336    116.291     32.497  28.969824     5.9834     10.551   120.0832 1.3110e+02     4.5031      0.375      0.544    19.5771 0.0000e+00
      0.387      0.031    10.6409    116.321     32.502  28.968993     5.9765     10.552   120.2769 1.3103e+02     4.5436      0.376      0.546    19.5755 0.0000e+00
      0.399      0.034    10.6482    116.322     32.507  28.967785     5.9560     10.552   120.5332 1.2917e+02     4.5214      0.388      0.562    19.5747 0.0000e+00
      0.416      0.034    10.6594    116.322     32.498  28.955212     5.9516     10.552   120.7737 1.2712e+02     4.5073      0.411      0.595    19.5742 0.0000e+00
      0.430      0.029    10.6631    116.347     32.489  28.943821     5.9902     10.553   120.9476 1.2684e+02     4.4762      0.425      0.616    19.5696 0.0000e+00
      0.436      0.023    10.6703    116.403     32.504  28.956912     6.0401     10.554   121.0866 1.2726e+02     4.4186      0.429      0.623    19.5598 0.0000e+00
      0.437      0.016    10.6702    116.483     32.538  28.986635     6.0474     10.554   121.2498 1.2800e+02     4.3227      0.430      0.623    19.5503 0.0000e+00
      0.435      0.012    10.6706    116.556     32.539  28.986054     6.0198     10.554   121.3720 1.2865e+02     4.3075      0.427      0.619    19.5432 0.0000e+00
      0.433      0.013    10.6746    116.621     32.499  28.949883     5.9974     10.553   121.4451 1.2811e+02     4.4059      0.423      0.614    19.5386 0.0000e+00
      0.436      0.017    10.6786    116.671     32.479  28.929863     5.9854     10.553   121.6186 1.2666e+02     4.4191      0.426      0.618    19.5387 0.0000e+00
      0.443      0.022    10.6887    116.691     32.485  28.934280     5.9735     10.553   121.8344 1.2498e+02     4.3313      0.434      0.629    19.5388 0.0000e+00
      0.453      0.027    10.6948    116.657     32.491  28.939867     5.9708     10.553   121.9895 1.2340e+02     4.2999      0.443      0.643    19.5362 0.0000e+00
      0.463      0.031    10.7015    116.565     32.484  28.933982     6.0031     10.554   122.1167 1.2248e+02     4.3815      0.456      0.661    19.5338 0.0000e+00
      0.471      0.032    10.7075    116.471     32.476  28.926551     6.0643     10.554   122.1680 1.2215e+02     4.4984      0.463      0.672    19.5319 0.0000e+00
      0.476      0.031    10.7097    116.421     32.462  28.913449     6.0856     10.554   122.1799 1.2142e+02     4.4494      0.467      0.678    19.5308 0.0000e+00
      0.483      0.029    10.7081    116.381     32.451  28.902427     6.0696     10.554   122.2606 1.2002e+02     4.3009      0.473      0.686    19.5312 0.0000e+00
      0.493      0.026    10.6967    116.313     32.472  28.920141     6.1206     10.553   122.3701 1.1838e+02     4.2744      0.484      0.701    19.5313 0.0000e+00
      0.503      0.022    10.6856    116.243     32.493  28.937333     6.2449     10.553   122.4706 1.1696e+02     4.3343      0.495      0.718    19.5308 0.0000e+00
      0.508      0.017    10.6835    116.217     32.473  28.920015     6.3240     10.554   122.6146 1.1571e+02     4.4100      0.499      0.724    19.5304 0.0000e+00
      0.511      0.013    10.6819    116.230     32.451  28.901040     6.3190     10.555   122.7353 1.1471e+02     4.4036      0.501      0.727    19.5289 0.0000e+00
      0.511      0.009    10.6750    116.236     32.449  28.898185     6.2269     10.556   122.8115 1.1426e+02     4.2578      0.502      0.728    19.5262 0.0000e+00
      0.510      0.008    10.6668    116.213     32.438  28.885490     6.0916     10.557   122.9330 1.1401e+02     4.1498      0.500      0.724    19.5243 0.0000e+00
      0.510      0.009    10.6642    116.156     32.428  28.874401     6.0398     10.557   123.0002 1.1352e+02     4.1573      0.499      0.723    19.5250 0.0000e+00
      0.514      0.010    10.6679    116.092     32.449  28.890965     6.0503     10.557   123.0227 1.1307e+02     4.1776      0.504      0.730    19.5264 0.0000e+00
      0.519      0.013    10.6685    116.039     32.454  28.895474     6.0520     10.557   123.1185 1.1319e+02     4.2237      0.509      0.739    19.5247 0.0000e+00
      0.523      0.015    10.6686    115.963     32.421  28.865490     6.0603     10.557   123.2120 1.1341e+02     4.2709      0.512      0.743    19.5198 0.0000e+00
      0.526      0.015    10.6631    115.845     32.399  28.845575     6.0844     10.558   123.2926 1.1318e+02     4.3043      0.516      0.748    19.5149 0.0000e+00
      0.529      0.015    10.6557    115.716     32.398  28.844960     6.1015     10.561   123.4048 1.1277e+02     4.3877      0.519      0.754    19.5131 0.0000e+00
      0.534      0.014    10.6536    115.631     32.411  28.858051     6.0932     10.562   123.4506 1.1226e+02     4.3916      0.524      0.760    19.5132 0.0000e+00
      0.538      0.012    10.6470    115.590     32.430  28.877011     6.1079     10.562   123.4158 1.1167e+02     4.2832      0.528      0.766    19.5123 0.0000e+00
      0.542      0.011    10.6362    115.557     32.437  28.883918     6.1713     10.562   123.5001 1.1115e+02     4.2387      0.532      0.771    19.5104 0.0000e+00
      0.544      0.009    10.6209    115.532     32.430  28.878142     6.2273     10.562   123.7819 1.1063e+02     4.3310      0.534      0.774    19.5108 0.0000e+00
      0.545      0.007    10.6129    115.512     32.422  28.870607     6.2604     10.562   123.9839 1.1009e+02     4.4435      0.534      0.775    19.5137 0.0000e+00
      0.546      0.006    10.6110    115.488     32.407  28.856240     6.2221     10.563   123.9628 1.0958e+02     4.4368      0.536      0.777    19.5168 0.0000e+00
      0.548      0.006    10.6064    115.458     32.381  28.831283     6.1219     10.564   123.8706 1.0919e+02     4.4215      0.537      0.779    19.5190 0.0000e+00
      0.549      0.007    10.6041    115.432     32.375  28.822567     6.0725     10.564   123.9018 1.0903e+02     4.4633      0.538      0.781    19.5196 0.0000e+00
      0.551      0.009    10.6030    115.409     32.368  28.814276     6.0742     10.565   124.0819 1.0906e+02     4.4631      0.540      0.783    19.5195 0.0000e+00
      0.553      0.012    10.6009    115.370     32.348  28.794461     6.0760     10.567   124.2419 1.0915e+02     4.4198      0.542      0.786    19.5179 0.0000e+00
      0.556      0.015    10.5987    115.313     32.325  28.773274     6.0617     10.567   124.3738 1.0924e+02     4.3497      0.546      0.792    19.5139 0.0000e+00
      0.560      0.018    10.5971    115.245     32.299  28.748385     6.0597     10.567   124.4718 1.0914e+02     4.3330      0.549      0.796    19.5084 0.0000e+00
      0.565      0.019    10.5969    115.153     32.302  28.747232     6.0845     10.567   124.5670 1.0851e+02     4.3885      0.553      0.800    19.5047 0.0000e+00
      0.572      0.018    10.5938    115.030     32.319  28.759329     6.1038     10.568   124.7495 1.0736e+02     4.3720      0.561      0.814    19.5034 0.0000e+00
      0.580      0.017    10.5879    114.867     32.332  28.767790     6.1104     10.568   124.8717 1.0631e+02     4.3043      0.569      0.826    19.5016 0.0000e+00
      0.585      0.016    10.5834    114.645     32.353  28.786106     6.1137     10.568   124.8403 1.0592e+02     4.2868      0.574      0.833    19.4990 0.0000e+00
      0.586      0.014    10.5760    114.409     32.358  28.790500     6.1266     10.568   124.7993 1.0583e+02     4.3317      0.575      0.834    19.4942 0.0000e+00
      0.586      0.014    10.5659    114.237     32.320  28.757481     6.1669     10.568   124.8066 1.0545e+02     4.4711      0.574      0.832    19.4871 0.0000e+00
      0.588      0.015    10.5539    114.142     32.262  28.704017     6.1934     10.568   124.8435 1.0476e+02     4.6059      0.576      0.836    19.4825 0.0000e+00
      0.593      0.018    10.5322    114.126     32.207  28.651498     6.1716     10.568   124.9005 1.0408e+02     4.5956      0.582      0.844    19.4811 0.0000e+00
      0.598      0.020    10.5058    114.148     32.191  28.629898     6.1535     10.568   124.9791 1.0334e+02     4.5176      0.587      0.851    19.4824 0.0000e+00
      0.605      0.021    10.4909    114.103     32.201  28.633120     6.1992     10.568   125.1059 1.0232e+02     4.5499      0.592      0.860    19.4847 0.0000e+00
      0.614      0.020    10.4815    113.908     32.198  28.627020     6.2836     10.568   125.1430 1.0148e+02     4.6788      0.603      0.875    19.4834 0.0000e+00
      0.620      0.018    10.4823    113.549     32.191  28.619567     6.3168     10.569   125.1700 1.0122e+02     4.7097      0.610      0.884    19.4763 0.0000e+00
      0.623      0.015    10.4916    113.087     32.177  28.606427     6.3009     10.569   125.2605 1.0115e+02     4.6162      0.611      0.885    19.4649 0.0000e+00
      0.625      0.012    10.4918    112.602     32.165  28.594999     6.2991     10.568   125.2043 1.0094e+02     4.5728      0.613      0.888    19.4537 0.0000e+00
      0.627      0.010    10.4764    112.191     32.180  28.608251     6.3116     10.568   125.1792 1.0063e+02     4.5951      0.615      0.891    19.4490 0.0000e+00
      0.629      0.009    10.4403    111.925     32.215  28.639806     6.3187     10.567   125.3866 1.0031e+02     4.6131      0.617      0.895    19.4484 0.0000e+00
      0.631      0.009    10.3960    111.807     32.236  28.659390     6.3102     10.565   125.6466 9.9862e+01     4.6196      0.619      0.898    19.4467 0.0000e+00
      0.634      0.009    10.3487    111.805     32.231  28.654757     6.2918     10.565   125.8282 9.9345e+01     4.5707      0.622      0.902    19.4450 0.0000e+00
      0.637      0.008    10.3074    111.885     32.222  28.647214     6.3131     10.564   125.8622 9.8956e+01     4.5693      0.625      0.906    19.4452 0.0000e+00
      0.639      0.008    10.2839    112.025     32.205  28.631618     6.3513     10.563   125.8849 9.8592e+01     4.6026      0.627      0.909    19.4466 0.0000e+00
      0.641      0.009    10.2733    112.170     32.165  28.593043     6.3457     10.562   126.1031 9.8299e+01     4.5628      0.629      0.913    19.4476 0.0000e+00
      0.642      0.011    10.2749    112.271     32.136  28.561367     6.3288     10.560   126.3486 9.8134e+01     4.5325      0.630      0.914    19.4481 0.0000e+00
      0.643      0.012    10.2816    112.301     32.150  28.565762     6.3304     10.560   126.4448 9.7716e+01     4.5781      0.629      0.913    19.4489 0.0000e+00
      0.648      0.014    10.2968    112.224     32.178  28.582739     6.3559     10.560   126.4923 9.7036e+01     4.6695      0.634      0.920    19.4487 0.0000e+00
      0.653      0.015    10.3132    112.049     32.176  28.576335     6.3794     10.560   126.5782 9.6540e+01     4.6812      0.640      0.930    19.4462 0.0000e+00
      0.658      0.015    10.3237    111.812     32.151  28.551758     6.3648     10.559   126.7092 9.6219e+01     4.6167      0.646      0.936    19.4362 0.0000e+00
      0.662      0.015    10.3330    111.593     32.141  28.539292     6.3957     10.559   126.8719 9.5953e+01     4.6415      0.650      0.943    19.4202 0.0000e+00
      0.666      0.012    10.3268    111.491     32.160  28.552451     6.4952     10.559   126.9103 9.5698e+01     4.7421      0.653      0.948    19.4073 0.0000e+00
      0.669      0.009    10.3112    111.484     32.199  28.583999     6.5526     10.559   126.9162 9.5354e+01     4.7743      0.656      0.952    19.4015 0.0000e+00
      0.671      0.007    10.2883    111.504     32.222  28.603604     6.5568     10.559   127.0287 9.4997e+01     4.6886      0.658      0.956    19.3994 0.0000e+00
      0.672      0.007    10.2627    111.562     32.215  28.599210     6.5458     10.558   127.1522 9.4663e+01     4.5603      0.659      0.956    19.3936 0.0000e+00
      0.672      0.007    10.2582    111.709     32.207  28.594296     6.5524     10.556   127.3768 9.4258e+01     4.5553      0.659      0.956    19.3854 0.0000e+00
      0.673      0.008    10.2615    111.921     32.222  28.607624     6.5871     10.555   127.6792 9.3827e+01     4.6615      0.659      0.956    19.3799 0.0000e+00
      0.675      0.009    10.2628    112.111     32.257  28.633507     6.5992     10.554   127.8832 9.3393e+01     4.6839      0.662      0.958    19.3802 0.0000e+00
