Data/DataNotYetUploadedToEDI/Raw_CTD/RawDownloads/052024_fcr50_S7809002.cnv
* Sea-Bird SBE19plus  Data File:
* FileName = C:\R\Reservoirs\Data\DataNotYetUploadedToEDI\Raw_CTD\RawDownloads\052024_bvr50_S7809_0002.hex
* Software version 2.8.0.119
* Temperature SN = 7809
* Conductivity SN = 7809
* System UpLoad Time = May 23 2024 16:46:11
* <ApplicationData>
* <Seaterm232>
# nquan = 15
# nvalues = 1723                        
# units = specified
# name 0 = depFM: Depth [fresh water, m]
# name 1 = dz/dtM: Descent Rate [m/s]
# name 2 = sbeox0Mg/L: Oxygen, SBE 43 [mg/l]
# name 3 = sbeox0PS: Oxygen, SBE 43 [% saturation]
# name 4 = specc: Specific Conductance [uS/cm]
# name 5 = c0uS/cm: Conductivity [uS/cm]
# name 6 = flECO-AFL: Fluorescence, WET Labs ECO-AFL/FL [mg/m^3]
# name 7 = ph: pH
# name 8 = orp: Oxidation Reduction Potential [mV]
# name 9 = par/sat/log: PAR/Logarithmic, Satlantic
# name 10 = turbWETntu0: Turbidity, WET Labs ECO [NTU]
# name 11 = prdM: Pressure, Strain Gauge [db]
# name 12 = prdE: Pressure, Strain Gauge [psi]
# name 13 = tv290C: Temperature [ITS-90, deg C]
# name 14 = flag:  0.000e+00
# span 0 =     -0.732,      9.919       
# span 1 =     -0.397,      0.240       
# span 2 =     0.0827,     9.3401       
# span 3 =      0.759,    108.098       
# span 4 =      3.189,     87.431       
# span 5 =   2.878615,  61.652587       
# span 6 =    -0.0771,    15.1103       
# span 7 =      6.737,      8.912       
# span 8 = -1056.8050,   410.0956       
# span 9 = 1.2361e-01, 2.7162e+03       
# span 10 =    -5.6425,   115.0691      
# span 11 =     -0.718,      9.728      
# span 12 =     -1.043,     14.111      
# span 13 =    10.1465,    23.5598      
# span 14 = 0.0000e+00, 0.0000e+00      
# interval = seconds: 0.25
# start_time = May 20 2024 11:19:40 [Instrument's time stamp, header]
# bad_flag = -9.990e-29
*END*
[from data line 964]
      4.616      0.092     0.3322      3.165     31.644  23.612881     1.1845      8.602   183.0649 3.7535e+00     3.8242      4.530      6.571    12.6395 0.0000e+00
      4.642      0.089     0.3342      3.170     31.712  23.635482     1.1720      8.603   182.9908 3.7015e+00     3.7655      4.552      6.601    12.5618 0.0000e+00
      4.666      0.082     0.3300      3.176     31.713  23.619028     1.1817      8.603   182.6657 3.6630e+00     3.8129      4.576      6.637    12.4392 0.0000e+00
      4.686      0.073     0.3374      3.162     31.632  23.540745     1.2190      8.602   182.3172 3.6532e+00     3.9870      4.600      6.672    12.3590 0.0000e+00
      4.696      0.067     0.3397      3.132     31.553  23.449915     1.2305      8.602   182.1329 3.6496e+00     4.0595      4.603      6.677    12.3055 0.0000e+00
      4.706      0.063     0.3378      3.081     31.558  23.408548     1.2134      8.603   182.0723 3.6118e+00     4.0063      4.611      6.686    12.2552 0.0000e+00
      4.723      0.059     0.3428      3.023     31.634  23.420998     1.2115      8.603   182.1871 3.5660e+00     3.9250      4.633      6.718    12.2332 0.0000e+00
      4.743      0.054     0.3387      2.976     31.744  23.473578     1.2240      8.603   182.4880 3.5438e+00     3.8614      4.651      6.747    12.2196 0.0000e+00
      4.761      0.050     0.3376      2.929     31.834  23.536947     1.2316      8.602   182.6127 3.5113e+00     3.8521      4.669      6.772    12.1684 0.0000e+00
      4.775      0.050     0.3321      2.882     31.823  23.553059     1.2291      8.600   182.5770 3.4826e+00     3.8130      4.688      6.799    12.0834 0.0000e+00
      4.780      0.052     0.3242      2.838     31.773  23.541588     1.2600      8.598   182.5724 3.4825e+00     3.8333      4.692      6.804    12.0080 0.0000e+00
      4.781      0.060     0.3219      2.814     31.748  23.525105     1.3304      8.595   182.6437 3.4606e+00     3.9953      4.682      6.790    11.9570 0.0000e+00
      4.794      0.072     0.3151      2.799     31.884  23.607421     1.3559      8.593   182.8369 3.3938e+00     4.0629      4.696      6.809    11.9420 0.0000e+00
      4.819      0.085     0.3114      2.765     32.076  23.712463     1.3354      8.591   183.0155 3.3308e+00     4.0010      4.728      6.858    12.0039 0.0000e+00
      4.847      0.098     0.3041      2.754     32.152  23.717080     1.3084      8.590   183.1680 3.2673e+00     3.9646      4.751      6.890    12.0657 0.0000e+00
      4.881      0.113     0.3018      2.787     32.230  23.726607     1.2867      8.588   183.3038 3.1913e+00     3.9992      4.785      6.939    12.0538 0.0000e+00
      4.915      0.125     0.3037      2.817     32.166  23.637357     1.2892      8.585   183.3670 3.1457e+00     4.0775      4.829      7.003    12.0290 0.0000e+00
      4.938      0.132     0.2969      2.832     32.069  23.525717     1.2890      8.583   183.4155 3.1079e+00     4.0909      4.843      7.024    11.9726 0.0000e+00
      4.964      0.134     0.2945      2.827     32.106  23.518183     1.2343      8.583   183.2876 3.0255e+00     4.0587      4.855      7.043    11.8724 0.0000e+00
      5.009      0.132     0.3031      2.787     32.177  23.546214     1.1525      8.584   182.8540 2.9187e+00     4.0980      4.911      7.124    11.8018 0.0000e+00
      5.057      0.125     0.3061      2.724     32.290  23.610959     1.1159      8.586   182.3030 2.8417e+00     4.1222      4.969      7.208    11.7426 0.0000e+00
      5.091      0.116     0.3072      2.622     32.386  23.666857     1.1161      8.586   181.7005 2.7974e+00     4.0787      4.996      7.244    11.6729 0.0000e+00
      5.115      0.104     0.3103      2.473     32.465  23.714758     1.1129      8.586   180.9902 2.7608e+00     4.0493      5.015      7.274    11.6163 0.0000e+00
      5.136      0.091     0.3027      2.302     32.516  23.746223     1.0696      8.585   180.2539 2.7423e+00     4.0410      5.040      7.310    11.5810 0.0000e+00
      5.150      0.081     0.2985      2.115     32.502  23.730216     1.0076      8.584   179.5093 2.7314e+00     4.0463      5.052      7.326    11.5575 0.0000e+00
      5.164      0.076     0.2882      1.932     32.483  23.711456     0.9876      8.582   178.6983 2.6930e+00     4.0448      5.057      7.334    11.5319 0.0000e+00
      5.188      0.073     0.2692      1.776     32.487  23.709639     0.9866      8.582   177.9337 2.6452e+00     4.0230      5.086      7.377    11.5184 0.0000e+00
      5.214      0.071     0.2521      1.635     32.489  23.708236     1.0123      8.583   177.3201 2.6050e+00     4.0910      5.119      7.424    11.5140 0.0000e+00
      5.231      0.071     0.2302      1.515     32.473  23.694491     1.0738      8.583   176.8712 2.5578e+00     4.2519      5.130      7.440    11.5029 0.0000e+00
      5.245      0.069     0.2090      1.443     32.437  23.670270     1.1140      8.582   176.5503 2.5280e+00     4.3279      5.144      7.461    11.4937 0.0000e+00
      5.259      0.062     0.1934      1.402     32.425  23.669043     1.1150      8.581   176.1934 2.5195e+00     4.2933      5.159      7.482    11.4886 0.0000e+00
      5.274      0.052     0.1782      1.367     32.426  23.679659     1.0530      8.580   175.9110 2.4983e+00     4.1743      5.168      7.495    11.4831 0.0000e+00
      5.294      0.050     0.1624      1.342     32.403  23.671808     0.9637      8.577   175.8890 2.4751e+00     4.0848      5.192      7.530    11.4784 0.0000e+00
      5.310      0.061     0.1563      1.343     32.428  23.700961     0.9339      8.572   175.7556 2.4765e+00     4.0997      5.215      7.564    11.4793 0.0000e+00
      5.312      0.081     0.1532      1.371     32.613  23.841911     0.9342      8.567   175.2445 2.4984e+00     4.0468      5.212      7.559    11.4953 0.0000e+00
      5.311      0.099     0.1482      1.392     32.819  23.980920     0.9169      8.563   174.5275 2.4894e+00     3.9573      5.197      7.536    11.5119 0.0000e+00
      5.338      0.111     0.1458      1.421     32.861  23.986572     0.9000      8.561   173.6254 2.4004e+00     3.9747      5.218      7.568    11.5224 0.0000e+00
      5.397      0.118     0.1439      1.481     32.868  23.973638     0.9048      8.561   172.6831 2.2806e+00     4.0518      5.295      7.681    11.5427 0.0000e+00
      5.453      0.122     0.1509      1.545     32.932  24.014767     0.9247      8.562   171.8251 2.2160e+00     4.0693      5.361      7.777    11.5625 0.0000e+00
      5.483      0.118     0.1515      1.587     33.146  24.166782     0.9152      8.563   170.9078 2.2069e+00     3.9478      5.383      7.807    11.5423 0.0000e+00
      5.495      0.105     0.1526      1.616     33.591  24.479910     0.8823      8.562   170.0246 2.2068e+00     3.8120      5.388      7.814    11.4865 0.0000e+00
      5.509      0.088     0.1617      1.633     33.916  24.693387     0.8758      8.562   169.3197 2.1897e+00     3.8280      5.400      7.832    11.4582 0.0000e+00
      5.528      0.074     0.1698      1.619     33.813  24.591742     0.8787      8.562   168.5801 2.1432e+00     3.8681      5.420      7.860    11.4584 0.0000e+00
      5.553      0.067     0.1738      1.596     33.471  24.328975     0.8668      8.562   167.7073 2.0932e+00     3.8188      5.444      7.896    11.4563 0.0000e+00
      5.578      0.062     0.1756      1.566     33.253  24.179748     0.8743      8.562   166.9403 2.0666e+00     3.8132      5.474      7.940    11.4430 0.0000e+00
      5.595      0.059     0.1814      1.521     33.402  24.309442     0.9107      8.561   166.4474 2.0529e+00     3.9365      5.492      7.965    11.4063 0.0000e+00
      5.601      0.064     0.1763      1.474     33.740  24.565382     0.9331      8.557   166.2222 2.0534e+00     4.0802      5.494      7.969    11.3543 0.0000e+00
      5.605      0.079     0.1752      1.419     34.079  24.801097     0.9282      8.550   165.8514 2.0592e+00     4.0812      5.494      7.969    11.3255 0.0000e+00
      5.615      0.101     0.1724      1.374     34.560  25.130097     0.8687      8.543   164.8894 2.0440e+00     3.9495      5.501      7.979    11.3454 0.0000e+00
      5.640      0.120     0.1654      1.356     34.837  25.308952     0.7711      8.538   163.3671 1.9929e+00     3.8540      5.522      8.008    11.3949 0.0000e+00
      5.687      0.131     0.1622      1.363     34.609  25.124467     0.7303      8.535   161.5556 1.9114e+00     3.8482      5.570      8.078    11.4159 0.0000e+00
      5.748      0.132     0.1546      1.380     34.348  24.928876     0.7331      8.533   159.8510 1.8339e+00     3.8451      5.641      8.183    11.3881 0.0000e+00
      5.798      0.123     0.1490      1.395     34.312  24.910027     0.7219      8.531   158.5877 1.7907e+00     3.7491      5.700      8.268    11.3546 0.0000e+00
      5.819      0.107     0.1472      1.388     34.278  24.896580     0.7106      8.531   157.6390 1.7830e+00     3.6090      5.712      8.286    11.3211 0.0000e+00
      5.823      0.087     0.1490      1.348     34.263  24.893138     0.7213      8.531   156.8112 1.7848e+00     3.5520      5.705      8.274    11.2864 0.0000e+00
      5.834      0.068     0.1513      1.312     34.397  24.995251     0.7273      8.531   155.8932 1.7717e+00     3.5380      5.718      8.293    11.2770 0.0000e+00
      5.854      0.057     0.1532      1.307     34.559  25.116542     0.6994      8.530   154.6262 1.7496e+00     3.5081      5.742      8.329    11.2969 0.0000e+00
      5.875      0.054     0.1541      1.307     34.785  25.281553     0.6584      8.530   153.2797 1.7276e+00     3.4644      5.761      8.356    11.3159 0.0000e+00
      5.893      0.055     0.1473      1.310     35.221  25.595183     0.6482      8.530   152.1737 1.7095e+00     3.4877      5.782      8.385    11.3235 0.0000e+00
      5.903      0.057     0.1412      1.322     35.782  25.991324     0.6680      8.528   151.3215 1.7017e+00     3.5847      5.792      8.400    11.3319 0.0000e+00
      5.907      0.060     0.1438      1.344     36.449  26.456284     0.6724      8.526   150.5473 1.6927e+00     3.5779      5.789      8.397    11.3372 0.0000e+00
      5.917      0.062     0.1425      1.379     37.012  26.840846     0.6598      8.524   149.7820 1.6688e+00     3.5075      5.797      8.410    11.3394 0.0000e+00
      5.939      0.062     0.1428      1.403     37.037  26.835640     0.6576      8.522   148.9510 1.6311e+00     3.5204      5.823      8.445    11.3376 0.0000e+00
      5.965      0.064     0.1449      1.402     36.885  26.710432     0.6627      8.519   147.9855 1.5957e+00     3.5624      5.851      8.486    11.3205 0.0000e+00
      5.987      0.068     0.1460      1.392     37.518  27.166227     0.6549      8.515   147.1422 1.5791e+00     3.5377      5.875      8.522    11.2906 0.0000e+00
      6.000      0.070     0.1519      1.369     38.369  27.779963     0.6294      8.511   146.3266 1.5630e+00     3.5286      5.889      8.541    11.2588 0.0000e+00
      6.005      0.070     0.1556      1.336     38.138  27.598233     0.6029      8.508   145.3509 1.5310e+00     3.6580      5.886      8.537    11.2213 0.0000e+00
      6.019      0.068     0.1536      1.308     37.850  27.379178     0.5929      8.505   144.3793 1.4954e+00     3.8033      5.892      8.548    11.1933 0.0000e+00
      6.049      0.068     0.1537      1.284     38.424  27.795268     0.6001      8.501   143.4408 1.4622e+00     3.8165      5.934      8.607    11.2019 0.0000e+00
      6.075      0.069     0.1509      1.268     38.707  27.999046     0.5986      8.500   142.4357 1.4343e+00     3.7160      5.966      8.651    11.2085 0.0000e+00
      6.089      0.072     0.1457      1.257     39.073  28.257423     0.5837      8.499   141.5188 1.4018e+00     3.6462      5.968      8.656    11.1769 0.0000e+00
      6.101      0.076     0.1441      1.252     40.924  29.587142     0.5777      8.497   140.8730 1.3692e+00     3.7247      5.981      8.675    11.1547 0.0000e+00
      6.116      0.081     0.1403      1.258     43.101  31.136485     0.5770      8.493   140.3052 1.3543e+00     3.8453      5.999      8.703    11.1695 0.0000e+00
      6.131      0.088     0.1393      1.267     44.036  31.766340     0.5490      8.490   139.7299 1.3296e+00     3.8403      6.009      8.716    11.1700 0.0000e+00
      6.154      0.093     0.1378      1.271     44.072  31.747122     0.4973      8.488   139.1657 1.2889e+00     3.7323      6.028      8.742    11.1535 0.0000e+00
      6.192      0.090     0.1369      1.273     43.646  31.411582     0.4758      8.486   138.3879 1.2575e+00     3.7011      6.072      8.807    11.1551 0.0000e+00
      6.229      0.082     0.1382      1.269     42.921  30.881224     0.4890      8.483   137.2959 1.2359e+00     3.7711      6.116      8.870    11.1303 0.0000e+00
      6.251      0.073     0.1399      1.245     42.253  30.409571     0.5164      8.480   136.1143 1.2201e+00     3.8270      6.136      8.899    11.0638 0.0000e+00
      6.258      0.065     0.1403      1.236     42.483  30.593424     0.5314      8.478   135.1143 1.2124e+00     3.7957      6.139      8.904    11.0063 0.0000e+00
      6.260      0.061     0.1397      1.246     44.195  31.835338     0.5214      8.474   134.3258 1.2076e+00     3.6999      6.138      8.902    10.9733 0.0000e+00
      6.266      0.063     0.1423      1.232     45.827  32.991510     0.5203      8.468   133.2913 1.1988e+00     3.6936      6.140      8.905    10.9636 0.0000e+00
      6.284      0.068     0.1362      1.207     46.109  33.153465     0.5181      8.463   131.5541 1.1868e+00     3.7541      6.156      8.929    10.9785 0.0000e+00
      6.314      0.073     0.1343      1.194     45.905  32.968793     0.5033      8.460   129.4971 1.1768e+00     3.7818      6.191      8.979    11.0062 0.0000e+00
      6.345      0.074     0.1400      1.186     45.685  32.788810     0.4908      8.457   127.6070 1.1812e+00     3.7901      6.227      9.032    11.0280 0.0000e+00
      6.366      0.072     0.1356      1.187     45.739  32.817100     0.4749      8.453   125.7369 1.1916e+00     3.7513      6.247      9.059    11.0048 0.0000e+00
      6.377      0.068     0.1324      1.203     46.610  33.437683     0.4604      8.449   123.7486 1.1929e+00     3.7229      6.254      9.069    10.9439 0.0000e+00
      6.386      0.068     0.1320      1.214     47.599  34.138150     0.4579      8.444   121.7214 1.1933e+00     3.7203      6.261      9.083    10.9014 0.0000e+00
      6.396      0.073     0.1310      1.219     48.123  34.497795     0.4617      8.439   119.7245 1.1909e+00     3.6851      6.270      9.094    10.8790 0.0000e+00
      6.412      0.084     0.1301      1.230     49.016  35.121353     0.4555      8.431   117.9308 1.1739e+00     3.6726      6.283      9.113    10.8680 0.0000e+00
      6.440      0.094     0.1334      1.235     50.132  35.903493     0.4498      8.421   116.0383 1.1503e+00     3.7067      6.314      9.158    10.8700 0.0000e+00
      6.472      0.098     0.1351      1.217     49.886  35.705945     0.4925      8.413   113.3610 1.1422e+00     3.8238      6.349      9.208    10.8620 0.0000e+00
      6.503      0.094     0.1340      1.183     48.945  35.017068     0.5640      8.406   109.9954 1.1274e+00     3.9608      6.377      9.249    10.8404 0.0000e+00
      6.533      0.089     0.1366      1.149     49.627  35.505689     0.5909      8.400   106.5772 1.0926e+00     3.9624      6.411      9.298    10.8241 0.0000e+00
      6.554      0.084     0.1381      1.128     51.687  36.981740     0.5843      8.392   103.2642 1.0725e+00     3.9460      6.434      9.333    10.8101 0.0000e+00
      6.562      0.081     0.1355      1.143     53.065  37.952330     0.5749      8.386    99.6213 1.0612e+00     3.9337      6.434      9.333    10.7824 0.0000e+00
      6.571      0.077     0.1308      1.164     53.224  38.040033     0.5610      8.381    95.3987 1.0441e+00     3.8469      6.438      9.336    10.7605 0.0000e+00
