Data/DataNotYetUploadedToEDI/Raw_CTD/RawDownloads/052024_fcr50_S7809002.cnv
* Sea-Bird SBE19plus  Data File:
* FileName = C:\R\Reservoirs\Data\DataNotYetUploadedToEDI\Raw_CTD\RawDownloads\052024_bvr50_S7809_0002.hex
* Software version 2.8.0.119
* Temperature SN = 7809
* Conductivity SN = 7809
* System UpLoad Time = May 23 2024 16:46:11
* <ApplicationData>
* <Seaterm232>
# nquan = 15
# nvalues = 1723                        
# units = specified
# name 0 = depFM: Depth [fresh water, m]
# name 1 = dz/dtM: Descent Rate [m/s]
# name 2 = sbeox0Mg/L: Oxygen, SBE 43 [mg/l]
# name 3 = sbeox0PS: Oxygen, SBE 43 [% saturation]
# name 4 = specc: Specific Conductance [uS/cm]
# name 5 = c0uS/cm: Conductivity [uS/cm]
# name 6 = flECO-AFL: Fluorescence, WET Labs ECO-AFL/FL [mg/m^3]
# name 7 = ph: pH
# name 8 = orp: Oxidation Reduction Potential [mV]
# name 9 = par/sat/log: PAR/Logarithmic, Satlantic
# name 10 = turbWETntu0: Turbidity, WET Labs ECO [NTU]
# name 11 = prdM: Pressure, Strain Gauge [db]
# name 12 = prdE: Pressure, Strain Gauge [psi]
# name 13 = tv290C: Temperature [ITS-90, deg C]
# name 14 = flag:  0.000e+00
# span 0 =     -0.732,      9.919       
# span 1 =     -0.397,      0.240       
# span 2 =     0.0827,     9.3401       
# span 3 =      0.759,    108.098       
# span 4 =      3.189,     87.431       
# span 5 =   2.878615,  61.652587       
# span 6 =    -0.0771,    15.1103       
# span 7 =      6.737,      8.912       
# span 8 = -1056.8050,   410.0956       
# span 9 = 1.2361e-01, 2.7162e+03       
# span 10 =    -5.6425,   115.0691      
# span 11 =     -0.718,      9.728      
# span 12 =     -1.043,     14.111      
# span 13 =    10.1465,    23.5598      
# span 14 = 0.0000e+00, 0.0000e+00      
# interval = seconds: 0.25
# start_time = May 20 2024 11:19:40 [Instrument's time stamp, header]
# bad_flag = -9.990e-29
*END*
[from data line 1157]
      9.268      0.096     0.1030      0.941     71.005  50.109297     0.4633      8.040   -53.2847 1.7879e-01     3.7716      9.090     13.183    10.2811 0.0000e+00
      9.278      0.085     0.1033      0.935     71.454  50.433133     0.4831      8.038   -53.7361 1.7528e-01     3.8087      9.098     13.196    10.2655 0.0000e+00
      9.290      0.087     0.1041      0.926     71.872  50.724350     0.4962      8.036   -54.0578 1.6659e-01     3.7975      9.107     13.209    10.2645 0.0000e+00
      9.309      0.095     0.1057      0.913     72.316  51.026919     0.4892      8.036   -54.6791 1.5961e-01     3.7386      9.124     13.232    10.2734 0.0000e+00
      9.341      0.100     0.1061      0.906     72.358  51.043469     0.4726      8.035   -55.4843 1.5497e-01     3.7119      9.157     13.281    10.2849 0.0000e+00
      9.381      0.102     0.1042      0.904     72.202  50.924469     0.4626      8.034   -56.2214 1.4732e-01     3.7135      9.201     13.346    10.2912 0.0000e+00
      9.416      0.103     0.1046      0.902     72.647  51.239095     0.4671      8.031   -56.9667 1.4033e-01     3.6892      9.240     13.401    10.2872 0.0000e+00
      9.438      0.106     0.1017      0.913     73.893  52.117037     0.4776      8.027   -57.7839 1.4489e-01     3.6233      9.260     13.430    10.2799 0.0000e+00
      9.449      0.112     0.1014      0.928     75.929  53.538269     0.4812      8.022   -58.4445 1.4755e-01     3.5313      9.265     13.438    10.2677 0.0000e+00
      9.464      0.118     0.1020      0.930     77.899  54.896139     0.4777      8.017   -58.8457 1.3858e-01     3.4653      9.273     13.449    10.2596 0.0000e+00
      9.498      0.123     0.0999      0.931     78.386  55.197928     0.5104      8.012   -59.2802 1.3002e-01     3.3713      9.307     13.499    10.2638 0.0000e+00
      9.547      0.123     0.1024      0.926     77.743  54.710312     0.5930      8.007   -59.9117 1.2777e-01     3.2148      9.362     13.579    10.2669 0.0000e+00
      9.596      0.117     0.1052      0.914     77.140  54.271903     0.6612      8.007   -60.7168 1.2572e-01     3.1442      9.417     13.658    10.2576 0.0000e+00
      9.631      0.104     0.1042      0.917     77.327  54.406448     0.7524      8.007   -61.6147 1.2395e-01     3.5422      9.451     13.709    10.2368 0.0000e+00
      9.647      0.085     0.1045      0.922     78.531  55.257332     1.6615      8.006   -62.4227 1.2479e-01     8.1982      9.464     13.727    10.2053 0.0000e+00
      9.653      0.065     0.1055      0.908     79.577  55.985676     3.3470      8.005   -63.0865 1.2570e-01    16.7402      9.466     13.730    10.1775 0.0000e+00
      9.659      0.051     0.1009      0.905     79.674  56.035796     4.2855      8.004   -63.6179 1.2521e-01    21.5264      9.469     13.734    10.1715 0.0000e+00
      9.672      0.043     0.1031      0.929     79.180  55.672782     4.4112      8.004   -64.2024 1.2496e-01    23.3349      9.483     13.755    10.1768 0.0000e+00
      9.689      0.040     0.1051      0.934     78.451  55.153315     4.6673      8.004   -64.8186 1.2499e-01    38.2306      9.503     13.784    10.1829 0.0000e+00
      9.703      0.037     0.1013      0.900     77.816  54.709030     5.1095      8.005   -65.2174 1.2527e-01    65.3672      9.518     13.804    10.1781 0.0000e+00
      9.711      0.033     0.0997      0.865     77.311  54.365784     5.3394      8.005   -65.5825 1.2570e-01    80.0100      9.524     13.813    10.1618 0.0000e+00
      9.716      0.028     0.1054      0.853     76.839  54.051694     5.2739      8.005   -66.0495 1.2477e-01    80.2780      9.529     13.820    10.1515 0.0000e+00
      9.720      0.023     0.1078      0.857     76.319  53.705866     4.2264      8.004   -66.4766 1.2386e-01    68.6075      9.532     13.825    10.1465 0.0000e+00
      9.724      0.022     0.1004      0.862     75.886  53.423361     2.2786      8.002   -66.7886 1.2378e-01    46.9491      9.535     13.830    10.1479 0.0000e+00
      9.729      0.024     0.0965      0.870     75.956  53.493834     1.2158      8.000   -67.0687 1.2370e-01    35.1154      9.540     13.837    10.1566 0.0000e+00
      9.735      0.029     0.0949      0.880     76.279  53.732379     1.0895      8.000   -67.4536 1.2362e-01    33.8472      9.547     13.847    10.1695 0.0000e+00
      9.743      0.033     0.0967      0.877     76.592  53.957814     0.8684      7.999   -68.0003 1.2362e-01    32.1614      9.554     13.856    10.1829 0.0000e+00
      9.753      0.036     0.0965      0.877     77.087  54.314272     0.5154      7.998   -68.6896 1.2368e-01    29.3194      9.563     13.870    10.1968 0.0000e+00
      9.764      0.037     0.0970      0.882     77.504  54.612756     0.3330      7.997   -69.3350 1.2374e-01    27.7675      9.575     13.888    10.2154 0.0000e+00
      9.776      0.035     0.1004      0.876     77.553  54.645287     0.3280      7.996   -69.7804 1.2379e-01    27.6087      9.588     13.907    10.2203 0.0000e+00
      9.786      0.032     0.0980      0.873     77.376  54.517070     0.3711      7.994   -70.1175 1.2379e-01    27.8436      9.598     13.921    10.2189 0.0000e+00
      9.793      0.028     0.0975      0.893     77.025  54.269203     0.9371      7.994   -70.3993 1.2373e-01    31.2907      9.605     13.931    10.2280 0.0000e+00
      9.798      0.024     0.1004      0.902     76.548  53.934718     2.0119      7.994   -70.6064 1.2368e-01    37.6561      9.609     13.937    10.2324 0.0000e+00
      9.802      0.022     0.0982      0.890     76.224  53.711828     2.6206      7.994   -70.9012 1.2368e-01    41.0996      9.612     13.942    10.2282 0.0000e+00
      9.807      0.021     0.0962      0.890     76.154  53.670063     2.7454      7.993   -71.3821 1.2367e-01    41.0550      9.617     13.948    10.2250 0.0000e+00
      9.813      0.021     0.1009      0.891     76.166  53.683783     3.2795      7.990   -71.9475 1.2371e-01    37.2535      9.622     13.956    10.2256 0.0000e+00
      9.818      0.022     0.1036      0.873     76.073  53.623696     4.2094      7.986   -72.9182 1.2372e-01    30.2857      9.629     13.966    10.2255 0.0000e+00
      9.823      0.023     0.0979      0.866     75.995  53.578641     4.6916      7.975   -73.8271 1.2365e-01    26.4594      9.633     13.972    10.2298 0.0000e+00
      9.830      0.025     0.0998      0.872     76.166  53.710603     4.6657      7.935   -73.9025 1.2365e-01    25.6958      9.638     13.980    10.2372 0.0000e+00
      9.837      0.027     0.1020      0.877     76.223  53.758553     3.9708      7.865   -74.0883 1.2375e-01    20.8826      9.648     13.992    10.2385 0.0000e+00
      9.843      0.029     0.0966      0.871     76.063  53.650328     2.6896      7.798   -75.2134 1.2377e-01    12.0897      9.653     14.001    10.2407 0.0000e+00
      9.850      0.030     0.0967      0.856     76.357  53.862765     1.9929      7.756   -76.8370 1.2371e-01     7.3082      9.659     14.008    10.2484 0.0000e+00
      9.859      0.030     0.0978      0.838     76.968  54.294822     1.9063      7.736   -78.0596 1.2371e-01     6.7940      9.668     14.023    10.2577 0.0000e+00
      9.869      0.029     0.0989      0.836     77.259  54.492149     1.7257      7.728   -78.8113 1.2371e-01     6.0772      9.679     14.038    10.2626 0.0000e+00
      9.877      0.026     0.0981      0.847     77.339  54.533854     1.4156      7.728   -79.6438 1.2367e-01     4.9261      9.687     14.048    10.2639 0.0000e+00
      9.883      0.021     0.0964      0.863     77.379  54.545025     1.2443      7.730   -80.5540 1.2362e-01     4.3200      9.692     14.057    10.2686 0.0000e+00
      9.888      0.016     0.0932      0.884     77.339  54.500171     1.2275      7.732   -81.2130 1.2362e-01     4.4528      9.698     14.066    10.2712 0.0000e+00
      9.891      0.011     0.0929      0.888     77.354  54.499598     1.2465      7.735   -81.5034 1.2371e-01     6.9758      9.700     14.068    10.2649 0.0000e+00
      9.891      0.008     0.0956      0.873     77.506  54.601598     1.2909      7.739   -81.8274 1.2374e-01    11.6658      9.700     14.069    10.2542 0.0000e+00
      9.892      0.006     0.0959      0.863     77.586  54.653742     1.3233      7.744   -82.3766 1.2367e-01    14.2246      9.701     14.070    10.2426 0.0000e+00
      9.892      0.006     0.1003      0.862     77.636  54.685487     1.3465      7.748   -82.8959 1.2362e-01    14.4801      9.700     14.069    10.2306 0.0000e+00
      9.893      0.006     0.1010      0.852     77.705  54.731367     1.3559      7.752   -83.2023 1.2369e-01    14.5507      9.702     14.071    10.2234 0.0000e+00
      9.896      0.006     0.0974      0.837     77.122  54.319308     1.3787      7.754   -83.1554 1.2379e-01    15.0781      9.705     14.076    10.2217 0.0000e+00
      9.899      0.006     0.0963      0.837     75.612  53.259861     1.4472      7.757   -83.3615 1.2380e-01    16.1087      9.708     14.081    10.2189 0.0000e+00
      9.900      0.005     0.0974      0.852     73.653  51.892464     1.5017      7.761   -84.4034 1.2380e-01    16.7628      9.709     14.082    10.2163 0.0000e+00
      9.900      0.003     0.0962      0.854     71.898  50.677673     1.5296      7.764   -85.5141 1.2378e-01    17.4531      9.709     14.081    10.2154 0.0000e+00
      9.901      0.001     0.0929      0.843     71.442  50.383158     1.6346      7.766   -86.7246 1.2371e-01    23.8408      9.710     14.083    10.2130 0.0000e+00
      9.901     -0.002     0.0932      0.838     72.554  51.189018     1.8145      7.771   -88.0271 1.2368e-01    35.4805      9.711     14.085    10.2142 0.0000e+00
      9.900     -0.006     0.0966      0.846     74.020  52.229798     1.9067      7.779   -88.3560 1.2372e-01    41.9093      9.710     14.082    10.2231 0.0000e+00
      9.899     -0.007     0.0967      0.858     74.755  52.743407     1.8926      7.788   -88.6361 1.2376e-01    43.8077      9.707     14.079    10.2381 0.0000e+00
      9.898     -0.006     0.0936      0.859     75.152  53.017267     1.6432      7.791   -89.8657 1.2375e-01    58.5019      9.708     14.080    10.2603 0.0000e+00
      9.893     -0.002     0.0937      0.853     76.124  53.699288     1.1719      7.790   -91.1774 1.2374e-01    85.2606      9.705     14.074    10.2787 0.0000e+00
      9.887      0.003     0.0944      0.855     77.730  54.829426     0.9046      7.789   -92.6224 1.2379e-01    99.7744      9.691     14.056    10.2813 0.0000e+00
      9.888      0.006     0.0967      0.870     78.962  55.694275     0.8589      7.789   -94.0866 1.2380e-01   100.4916      9.692     14.058    10.2753 0.0000e+00
      9.898      0.007     0.0968      0.885     79.172  55.835895     0.8188      7.789   -94.5986 1.2380e-01    94.3421      9.708     14.081    10.2695 0.0000e+00
      9.906      0.010     0.0950      0.884     82.701  58.320247     0.7783      7.789   -94.2530 1.2377e-01    82.9458      9.718     14.094    10.2680 0.0000e+00
      9.907      0.012     0.0954      0.876     87.431  61.652587     0.7596      7.788   -93.0919 1.2368e-01    76.6902      9.719     14.096    10.2674 0.0000e+00
      9.902      0.011     0.0973      0.871     85.166  60.042339     0.7680      7.789   -91.8308 1.2371e-01    75.7178      9.709     14.081    10.2647 0.0000e+00
      9.902      0.009     0.1006      0.855     80.996  57.086821     0.8130      7.791   -91.9113 1.2379e-01    71.6334      9.707     14.078    10.2591 0.0000e+00
      9.909      0.008     0.0996      0.820     79.768  56.222317     0.8785      7.792   -92.9454 1.2376e-01    64.2999      9.720     14.098    10.2554 0.0000e+00
      9.915      0.008     0.0976      0.776     78.538  55.369903     0.9025      7.793   -93.6662 1.2375e-01    60.3554      9.725     14.104    10.2586 0.0000e+00
      9.917      0.008     0.0984      0.759     77.774  54.846743     0.9130      7.795   -93.9150 1.2380e-01    60.4578      9.724     14.104    10.2489 0.0000e+00
      9.917      0.006     0.0968      0.776     78.574  55.422679     1.0463      7.798   -93.9748 1.2378e-01    65.2645      9.726     14.107    10.2321 0.0000e+00
      9.917      0.003     0.0928      0.799     80.618  56.871287     1.2657      7.801   -94.0458 1.2373e-01    74.1330      9.727     14.106    10.2356 0.0000e+00
      9.917      0.000     0.0858      0.823     82.497  58.197395     1.3764      7.803   -94.1699 1.2377e-01    79.0091      9.726     14.107    10.2490 0.0000e+00
      9.917 3.8029e-10     0.0827      0.842     82.575  58.244497     1.3783      7.806   -94.1849 1.2383e-01    79.4385      9.726     14.106    10.2588 0.0000e+00
      9.917 4.1832e-09     0.0881      0.854     81.540  57.504408     1.3635      7.808   -94.2271 1.2386e-01    79.7681      9.726     14.106    10.2656 0.0000e+00
      9.917 4.6015e-08     0.0890      0.863     80.291  56.617566     1.3137      7.811   -94.8529 1.2382e-01    84.0190      9.726     14.106    10.2709 0.0000e+00
      9.917 4.6015e-08     0.0928      0.857     78.298  55.207496     1.2252      7.813   -96.0725 1.2372e-01    91.8603      9.725     14.105    10.2728 0.0000e+00
      9.917 4.1834e-09     0.0948      0.840     76.380  53.856826     1.1677      7.814   -96.9282 1.2371e-01    96.0775      9.726     14.106    10.2652 0.0000e+00
      9.917 3.8283e-10     0.0954      0.831     75.401  53.179699     1.1509      7.817   -97.1972 1.2378e-01    96.4435      9.726     14.106    10.2575 0.0000e+00
      9.917 6.2561e-11     0.0980      0.821     74.658  52.672734     1.1559      7.818   -97.3454 1.2381e-01    97.3441      9.726     14.107    10.2560 0.0000e+00
      9.917 3.1102e-10     0.0964      0.791     74.109  52.299587     1.1859      7.819   -97.4297 1.2386e-01    99.0416      9.726     14.106    10.2511 0.0000e+00
      9.917 3.3869e-09     0.0942      0.784     73.989  52.224332     1.2139      7.821   -97.3567 1.2386e-01    99.9911      9.725     14.105    10.2500 0.0000e+00
      9.918 3.7253e-08     0.0921      0.808     74.050  52.270863     1.2128      7.823   -97.3232 1.2378e-01   100.1483      9.726     14.106    10.2614 0.0000e+00
      9.918 4.0978e-07     0.0949      0.808     74.618  52.671686     1.1553      7.824   -97.4542 1.2372e-01   101.1121      9.726     14.106    10.2746 0.0000e+00
      9.918      0.000     0.0870      0.800     75.363  53.196732     1.0679      7.826   -97.4782 1.2372e-01   102.9333      9.726     14.106    10.2850 0.0000e+00
      9.917      0.000     0.0851      0.802     75.307  53.157623     1.0303      7.829   -97.4412 1.2372e-01   103.9967      9.725     14.105    10.2909 0.0000e+00
      9.917      0.001     0.0937      0.806     75.297  53.151514     1.0418      7.831   -97.8673 1.2371e-01   104.4046      9.726     14.106    10.2920 0.0000e+00
      9.917      0.001     0.0900      0.812     76.332  53.884991     1.0573      7.833   -98.7587 1.2371e-01   107.2496      9.725     14.105    10.2920 0.0000e+00
      9.917      0.001     0.0892      0.820     77.335  54.595461     1.0763      7.834   -99.6151 1.2366e-01   112.3666      9.725     14.105    10.2907 0.0000e+00
      9.918      0.001     0.0900      0.815     77.382  54.628670     1.0962      7.836  -100.2204 1.2364e-01   115.0691      9.727     14.107    10.2910 0.0000e+00
      9.919      0.000     0.0902      0.804     77.078  54.413621     1.0985      7.837  -100.6567 1.2367e-01   114.6806      9.728     14.111    10.2924 0.0000e+00
      9.919      0.000     0.0906      0.802     76.439  53.964199     1.1039      7.838  -100.9318 1.2368e-01   107.6009      9.727     14.109    10.2940 0.0000e+00
      9.918     -0.001     0.0925      0.807     75.434  53.259338     1.1362      7.840  -101.2233 1.2364e-01    94.5089      9.725     14.105    10.2959 0.0000e+00
      9.918     -0.002     0.0921      0.815     74.703  52.750093     1.1653      7.841  -102.0304 1.2369e-01    87.2510      9.726     14.107    10.2956 0.0000e+00
