Data/DataNotYetUploadedToEDI/Raw_CTD/RawDownloads/052024_bvr50_S7809001.cnv
* Sea-Bird SBE19plus  Data File:
* FileName = C:\R\Reservoirs\Data\DataNotYetUploadedToEDI\Raw_CTD\RawDownloads\052024_bvr50_S7809_0001.hex
* Software version 2.8.0.119
* Temperature SN = 7809
* Conductivity SN = 7809
* System UpLoad Time = May 23 2024 16:45:26
* <ApplicationData>
* <Seaterm232>
# nquan = 15
# nvalues = 1117                        
# units = specified
# name 0 = depFM: Depth [fresh water, m]
# name 1 = dz/dtM: Descent Rate [m/s]
# name 2 = sbeox0Mg/L: Oxygen, SBE 43 [mg/l]
# name 3 = sbeox0PS: Oxygen, SBE 43 [% saturation]
# name 4 = specc: Specific Conductance [uS/cm]
# name 5 = c0uS/cm: Conductivity [uS/cm]
# name 6 = flECO-AFL: Fluorescence, WET Labs ECO-AFL/FL [mg/m^3]
# name 7 = ph: pH
# name 8 = orp: Oxidation Reduction Potential [mV]
# name 9 = par/sat/log: PAR/Logarithmic, Satlantic
# name 10 = turbWETntu0: Turbidity, WET Labs ECO [NTU]
# name 11 = prdM: Pressure, Strain Gauge [db]
# name 12 = prdE: Pressure, Strain Gauge [psi]
# name 13 = tv290C: Temperature [ITS-90, deg C]
# name 14 = flag:  0.000e+00
# span 0 =     -0.638,      9.606       
# span 1 =     -4.242,      0.220       
# span 2 =    -0.2930,    10.3333       
# span 3 =     -2.040,     98.797       
# span 4 =      0.674,    247.242       
# span 5 =   0.648179, 179.424408       
# span 6 =    -0.4731,     9.7258       
# span 7 =      6.266,      8.173       
# span 8 = -1240.7455,   475.3095       
# span 9 = 1.2357e-01, 1.4732e+03       
# span 10 =    -0.3295,   134.7935      
# span 11 =     -0.626,      9.422      
# span 12 =     -0.908,     13.665      
# span 13 =    10.8573,    23.0474      
# span 14 = 0.0000e+00, 0.0000e+00      
# interval = seconds: 0.25
# start_time = May 20 2024 09:59:58 [Instrument's time stamp, header]
# bad_flag = -9.990e-29
*END*
     -0.638 1.2979e-11     7.9991     93.385      0.706   0.678129    -0.0926      6.366 -1240.7455 2.2691e+02     1.1956     -0.626     -0.908    23.0474 0.0000e+00
     -0.638 1.4277e-10     7.9969     93.385      0.716   0.688379    -0.0897      6.366 -1240.7455 2.0337e+02     1.2263     -0.626     -0.907    23.0462 0.0000e+00
     -0.638 1.5704e-09     8.0006     93.374      0.715   0.687122    -0.0821      6.366 -1240.7455 1.7942e+02     1.2680     -0.626     -0.908    23.0447 0.0000e+00
     -0.638 1.7275e-08     8.0027     93.383      0.690   0.662930    -0.0929      6.366 -1240.7455 1.6250e+02     1.2213     -0.626     -0.908    23.0429 0.0000e+00
     -0.638 1.9002e-07     8.0037     93.402      0.675   0.649232    -0.0864      6.366 -1240.7451 1.4946e+02     1.1741     -0.626     -0.907    23.0419 0.0000e+00
     -0.638      0.000     8.0051     93.401      0.674   0.648179    -0.0610      6.368 -1240.7414 1.4464e+02     1.2778     -0.625     -0.907    23.0404 0.0000e+00
     -0.638      0.000     8.0017     93.394      0.676   0.650194    -0.0527      6.371 -1240.7009 1.5013e+02     1.8263     -0.626     -0.908    23.0405 0.0000e+00
     -0.638      0.000     8.0031     93.399      0.701   0.673595     0.0135      6.373 -1240.2551 1.6708e+02     7.5327     -0.625     -0.907    23.0393 0.0000e+00
     -0.638      0.003     8.0069     93.399      0.839   0.804445     0.1738      6.354 -1235.3510 2.0337e+02    18.1121     -0.626     -0.907    23.0403 0.0000e+00
     -0.638      0.011     8.0056     93.393      2.474   2.358964     0.2872      6.266 -1181.4063 2.5066e+02    23.8814     -0.626     -0.907    23.0376 0.0000e+00
     -0.638      0.027     8.0045     93.406      9.304   8.826927     0.3447      6.285  -588.0145 2.8980e+02    23.9319     -0.625     -0.906    23.0400 0.0000e+00
     -0.637      0.053     8.0062     93.434     22.454  21.218001     0.8191      6.621   300.7155 3.2128e+02    18.9265     -0.626     -0.908    23.0306 0.0000e+00
     -0.628      0.088     8.0071     93.458     34.508  32.495526     1.7031      7.049   475.3095 3.4683e+02     9.7512     -0.621     -0.902    23.0397 0.0000e+00
     -0.605      0.127     8.0084     93.531     38.953  36.557059     2.2016      7.346   284.8822 3.6724e+02     4.7803     -0.600     -0.870    22.9969 0.0000e+00
     -0.564      0.162     8.0579     94.176     39.114  36.582440     2.2687      7.540   258.7838 3.8560e+02     4.2891     -0.560     -0.811    22.7103 0.0000e+00
     -0.507      0.187     8.1103     95.490     39.003  36.355595     2.3654      7.659   250.9578 4.0075e+02     4.1878     -0.500     -0.725    22.3516 0.0000e+00
     -0.441      0.199     8.1609     96.538     38.981  36.225293     2.5464      7.721   248.1638 4.1357e+02     4.2043     -0.432     -0.626    22.0982 0.0000e+00
     -0.378      0.195     8.1736     97.044     39.059  36.212390     2.6596      7.751   245.3072 4.1723e+02     4.2494     -0.365     -0.530    21.9145 0.0000e+00
     -0.328      0.179     8.2293     97.369     39.175  36.262929     2.6767      7.776   240.6816 4.1095e+02     4.2895     -0.318     -0.461    21.7596 0.0000e+00
     -0.289      0.157     8.4391     97.643     39.214  36.265215     2.7036      7.807   236.9763 4.0173e+02     4.3132     -0.283     -0.411    21.5939 0.0000e+00
     -0.254      0.139     8.5501     97.853     39.141  36.176527     2.7513      7.838   236.6438 3.9583e+02     4.2635     -0.246     -0.357    21.4484 0.0000e+00
     -0.225      0.130     8.5928     97.911     39.192  36.205803     2.7791      7.858   238.2096 4.0345e+02     4.2350     -0.217     -0.316    21.3392 0.0000e+00
     -0.204      0.128     8.6378     97.861     39.453  36.428800     2.7900      7.866   239.2164 4.1454e+02     4.2750     -0.202     -0.293    21.2660 0.0000e+00
     -0.178      0.127     8.6630     97.883     39.637  36.588490     2.7918      7.865   239.5250 4.1403e+02     4.2696     -0.181     -0.263    21.2303 0.0000e+00
     -0.138      0.122     8.6951     98.118     39.590  36.550295     2.8257      7.860   239.7898 3.8062e+02     4.3066     -0.138     -0.199    21.2071 0.0000e+00
     -0.093      0.113     8.6988     98.455     39.356  36.347703     2.9084      7.851   240.0090 3.1376e+02     4.4146     -0.086     -0.125    21.1853 0.0000e+00
     -0.057      0.102     8.6946     98.695     39.093  36.105989     2.9597      7.841   240.6262 2.7121e+02     4.4483     -0.050     -0.074    21.1612 0.0000e+00
     -0.036      0.087     8.6906     98.772     39.103  36.102349     2.9718      7.831   241.1439 2.6674e+02     4.4744     -0.032     -0.048    21.1384 0.0000e+00
     -0.026      0.069     8.7168     98.777     39.342  36.303668     2.9798      7.821   241.1062 2.6766e+02     4.4915     -0.023     -0.035    21.1519 0.0000e+00
     -0.018      0.052     8.7492     98.797     39.377  36.319307     2.9730      7.811   241.7192 2.5645e+02     4.3810     -0.020     -0.029    21.1813 0.0000e+00
     -0.005      0.039     8.7721     98.774     39.152  36.101063     2.9560      7.800   242.6183 2.4133e+02     4.2666     -0.007     -0.010    21.1829 0.0000e+00
      0.010      0.029     8.7792     98.662     38.923  35.885672     2.9579      7.789   243.2873 2.3699e+02     4.2701      0.014      0.020    21.1617 0.0000e+00
      0.019      0.021     8.7789     98.516     38.776  35.745442     2.9299      7.781   243.8718 2.3376e+02     4.2856      0.023      0.033    21.1327 0.0000e+00
      0.020      0.013     8.7898     98.378     38.703  35.674541     2.8415      7.773   244.1789 2.3158e+02     4.2496      0.019      0.028    21.1073 0.0000e+00
      0.018      0.004     8.7919     98.229     38.691  35.662903     2.7790      7.763   244.4197 2.3481e+02     4.2103      0.017      0.025    21.0964 0.0000e+00
      0.017     -0.002     8.7786     97.875     38.693  35.668185     2.7659      7.753   244.7175 2.3786e+02     4.1865      0.017      0.025    21.0937 0.0000e+00
      0.014     -0.005     8.7661     97.075     38.696  35.674962     2.7496      7.743   245.1982 2.3400e+02     4.2013      0.014      0.020    21.0879 0.0000e+00
      0.013     -0.006     8.7540     95.932     38.697  35.681398     2.7059      7.735   246.1021 2.2513e+02     4.2184      0.012      0.017    21.0814 0.0000e+00
      0.013     -0.005     8.7457     94.626     38.687  35.682559     2.6629      7.726   247.0436 2.2458e+02     4.1878      0.014      0.020    21.0807 0.0000e+00
      0.011     -0.005     8.7288     93.054     38.679  35.689006     2.6543      7.717   246.8587 2.3379e+02     4.1728      0.012      0.017    21.0859 0.0000e+00
      0.009     -0.004     8.6490     91.174     38.669  35.695921     2.6846      7.708   245.9313 2.4257e+02     4.2078      0.008      0.011    21.0904 0.0000e+00
      0.008     -0.003     8.5348     89.149     38.660  35.702739     2.7212      7.699   245.8976 2.4536e+02     4.2702      0.007      0.010    21.0964 0.0000e+00
      0.007     -0.002     8.4265     87.106     38.655  35.708015     2.7230      7.690   246.3650 2.4523e+02     4.2777      0.008      0.011    21.1099 0.0000e+00
      0.007     -0.001     8.2857     85.098     38.634  35.696282     2.7056      7.682   246.9365 2.4925e+02     4.1960      0.005      0.007    21.1295 0.0000e+00
      0.007      0.001     8.1058     83.187     38.618  35.687782     2.7035      7.674   247.7305 2.5317e+02     4.1697      0.007      0.009    21.1519 0.0000e+00
      0.008      0.001     7.9197     81.515     38.658  35.732157     2.7475      7.665   247.2757 2.5030e+02     4.2341      0.009      0.013    21.1727 0.0000e+00
      0.008      0.000     7.7354     80.422     38.713  35.788674     2.8207      7.658   245.5672 2.4953e+02     4.2920      0.008      0.012    21.1854 0.0000e+00
      0.009     -0.001     7.5538     80.177     38.719  35.800086     2.8481      7.652   244.5394 2.5351e+02     4.2890      0.008      0.012    21.1921 0.0000e+00
      0.009     -0.001     7.3814     80.611     38.721  35.806694     2.8372      7.645   244.7434 2.5587e+02     4.2318      0.011      0.016    21.2005 0.0000e+00
      0.008     -0.002     7.2185     81.310     38.714  35.805133     2.8306      7.638   245.5384 2.5745e+02     4.2151      0.009      0.013    21.2112 0.0000e+00
      0.005     -0.002     7.1066     81.963     38.683  35.781220     2.8181      7.631   246.5808 2.5702e+02     4.2572      0.003      0.004    21.2193 0.0000e+00
      0.005     -0.002     7.0925     82.388     38.669  35.771365     2.8025      7.625   247.1942 2.5360e+02     4.2968      0.004      0.006    21.2253 0.0000e+00
      0.005     -0.001     7.1469     82.488     38.644  35.749430     2.7838      7.618   246.8462 2.5213e+02     4.2841      0.007      0.010    21.2313 0.0000e+00
      0.005      0.001     7.2162     82.223     38.599  35.706356     2.7162      7.612   246.3312 2.5714e+02     4.2406      0.005      0.008    21.2382 0.0000e+00
      0.005      0.001     7.2784     81.595     38.590  35.694704     2.6176      7.608   245.8708 2.6649e+02     4.2498      0.005      0.007    21.2452 0.0000e+00
      0.006      0.001     7.3186     80.650     38.573  35.671995     2.5740      7.603   245.2368 2.7132e+02     4.2925      0.005      0.008    21.2492 0.0000e+00
      0.008      0.000     7.3283     79.498     38.529  35.622124     2.5717      7.596   245.6355 2.6977e+02     4.3125      0.008      0.012    21.2498 0.0000e+00
      0.009     -0.000     7.3050     78.365     38.516  35.599298     2.5732      7.590   246.5615 2.6699e+02     4.2870      0.010      0.015    21.2490 0.0000e+00
      0.007     -0.001     7.2481     77.484     38.511  35.586342     2.5840      7.583   246.5390 2.6839e+02     4.2564      0.006      0.009    21.2455 0.0000e+00
      0.005     -0.001     7.1635     76.975     38.522  35.592359     2.6016      7.577   246.3086 2.7028e+02     4.2847      0.004      0.006    21.2373 0.0000e+00
      0.005     -0.000     7.0546     76.873     38.541  35.608588     2.6205      7.571   246.0133 2.6656e+02     4.2878      0.005      0.007    21.2233 0.0000e+00
      0.005      0.001     6.9479     77.188     38.524  35.592217     2.6291      7.566   245.7224 2.6486e+02     4.2255      0.005      0.007    21.2074 0.0000e+00
      0.006      0.003     6.8682     77.905     38.514  35.584772     2.6316      7.562   246.7484 2.6656e+02     4.1798      0.005      0.008    21.1966 0.0000e+00
      0.007      0.003     6.8227     78.880     38.508  35.582020     2.6412      7.557   248.3523 2.6661e+02     4.1803      0.007      0.011    21.1913 0.0000e+00
      0.009      0.003     6.8147     79.912     38.481  35.558949     2.6629      7.552   248.5957 2.6495e+02     4.2317      0.009      0.013    21.1898 0.0000e+00
      0.009      0.003     6.8405     80.881     38.479  35.559616     2.6689      7.547   248.1421 2.6286e+02     4.2542      0.010      0.014    21.1900 0.0000e+00
      0.009      0.003     6.9097     81.682     38.509  35.590089     2.6549      7.543   247.6004 2.6201e+02     4.2135      0.009      0.013    21.1913 0.0000e+00
      0.010      0.002     7.0040     82.217     38.527  35.610149     2.6525      7.539   247.6389 2.6156e+02     4.1839      0.009      0.013    21.1948 0.0000e+00
      0.011      0.002     7.0974     82.507     38.526  35.611816     2.6568      7.534   249.1244 2.6005e+02     4.2027      0.011      0.016    21.1980 0.0000e+00
      0.012      0.001     7.1857     82.623     38.522  35.610251     2.6572      7.530   250.1596 2.5808e+02     4.2699      0.012      0.017    21.2008 0.0000e+00
      0.012      0.000     7.2617     82.585     38.500  35.591230     2.6402      7.526   250.1753 2.5647e+02     4.2795      0.012      0.017    21.2045 0.0000e+00
      0.012     -0.001     7.3068     82.422     38.480  35.572187     2.6090      7.523   249.9168 2.5469e+02     4.2164      0.013      0.018    21.2084 0.0000e+00
      0.011     -0.002     7.3278     82.163     38.482  35.570342     2.6041      7.519   249.2700 2.5328e+02     4.2241      0.012      0.017    21.2124 0.0000e+00
      0.010     -0.002     7.3394     81.831     38.487  35.568917     2.6147      7.516   249.1517 2.5243e+02     4.2704      0.010      0.014    21.2164 0.0000e+00
      0.010     -0.002     7.3334     81.464     38.478  35.554955     2.6287      7.513   250.0360 2.5064e+02     4.2644      0.009      0.013    21.2187 0.0000e+00
      0.010     -0.002     7.3187     81.132     38.455  35.528421     2.6563      7.511   250.8420 2.4797e+02     4.2192      0.010      0.014    21.2176 0.0000e+00
      0.009     -0.002     7.2955     80.896     38.430  35.501889     2.6661      7.509   251.0665 2.4613e+02     4.1678      0.009      0.013    21.2130 0.0000e+00
      0.009     -0.001     7.2665     80.796     38.418  35.487941     2.6632      7.507   251.0296 2.4557e+02     4.1902      0.009      0.013    21.2047 0.0000e+00
      0.009     -0.001     7.2326     80.879     38.419  35.486673     2.6720      7.504   250.9985 2.4616e+02     4.2505      0.009      0.013    21.1955 0.0000e+00
      0.008     -0.000     7.2014     81.104     38.420  35.486558     2.6812      7.502   250.8630 2.4569e+02     4.2818      0.008      0.011    21.1893 0.0000e+00
      0.008      0.001     7.1817     81.367     38.423  35.486548     2.6737      7.500   250.6815 2.4314e+02     4.2617      0.007      0.010    21.1844 0.0000e+00
      0.008      0.001     7.1694     81.607     38.426  35.486547     2.6568      7.498   250.9547 2.4065e+02     4.1783      0.008      0.012    21.1809 0.0000e+00
      0.009      0.001     7.1792     81.800     38.428  35.486548     2.6605      7.496   251.4997 2.3876e+02     4.1611      0.009      0.013    21.1795 0.0000e+00
      0.010      0.001     7.2037     81.897     38.429  35.486556     2.6765      7.494   251.8504 2.3817e+02     4.1907      0.010      0.014    21.1773 0.0000e+00
      0.010      0.001     7.2292     81.821     38.429  35.486651     2.6759      7.492   251.5816 2.3850e+02     4.1947      0.010      0.014    21.1743 0.0000e+00
      0.010      0.001     7.2513     81.576     38.431  35.487690     2.6606      7.490   250.9168 2.3972e+02     4.2087      0.010      0.014    21.1710 0.0000e+00
      0.010      0.002     7.2694     81.222     38.444  35.499122     2.6502      7.488   250.8672 2.4259e+02     4.2229      0.010      0.015    21.1671 0.0000e+00
      0.010      0.002     7.2832     80.787     38.443  35.497968     2.6747      7.486   251.3263 2.4384e+02     4.2641      0.009      0.013    21.1656 0.0000e+00
      0.010      0.002     7.2750     80.299     38.418  35.473742     2.7156      7.484   251.4778 2.4386e+02     4.2639      0.009      0.014    21.1665 0.0000e+00
      0.013      0.003     7.2510     79.881     38.405  35.459994     2.7197      7.482   251.4073 2.4531e+02     4.1863      0.014      0.020    21.1649 0.0000e+00
      0.014      0.003     7.2186     79.551     38.406  35.458642     2.7079      7.481   251.2491 2.4579e+02     4.1457      0.014      0.020    21.1631 0.0000e+00
      0.014      0.002     7.1814     79.168     38.406  35.457385     2.7238      7.478   250.8548 2.4405e+02     4.1831      0.012      0.018    21.1651 0.0000e+00
      0.015      0.001     7.1317     78.734     38.394  35.444790     2.7612      7.476   250.6841 2.4099e+02     4.2282      0.014      0.020    21.1645 0.0000e+00
      0.015      0.000     7.0919     78.305     38.384  35.433253     2.7861      7.475   250.9056 2.3813e+02     4.2126      0.015      0.021    21.1606 0.0000e+00
      0.015      0.000     7.0744     77.871     38.398  35.444792     2.7838      7.475   251.2098 2.3653e+02     4.1981      0.014      0.021    21.1590 0.0000e+00
      0.014      0.000     7.0359     77.386     38.411  35.457412     2.7833      7.474   251.4377 2.3523e+02     4.2248      0.014      0.019    21.1565 0.0000e+00
