Data/DataNotYetUploadedToEDI/Raw_CTD/RawDownloads/052024_fcr50_S7809002.cnv
* Sea-Bird SBE19plus  Data File:
* FileName = C:\R\Reservoirs\Data\DataNotYetUploadedToEDI\Raw_CTD\RawDownloads\052024_bvr50_S7809_0002.hex
* Software version 2.8.0.119
* Temperature SN = 7809
* Conductivity SN = 7809
* System UpLoad Time = May 23 2024 16:46:11
* <ApplicationData>
* <Seaterm232>
# nquan = 15
# nvalues = 1723                        
# units = specified
# name 0 = depFM: Depth [fresh water, m]
# name 1 = dz/dtM: Descent Rate [m/s]
# name 2 = sbeox0Mg/L: Oxygen, SBE 43 [mg/l]
# name 3 = sbeox0PS: Oxygen, SBE 43 [% saturation]
# name 4 = specc: Specific Conductance [uS/cm]
# name 5 = c0uS/cm: Conductivity [uS/cm]
# name 6 = flECO-AFL: Fluorescence, WET Labs ECO-AFL/FL [mg/m^3]
# name 7 = ph: pH
# name 8 = orp: Oxidation Reduction Potential [mV]
# name 9 = par/sat/log: PAR/Logarithmic, Satlantic
# name 10 = turbWETntu0: Turbidity, WET Labs ECO [NTU]
# name 11 = prdM: Pressure, Strain Gauge [db]
# name 12 = prdE: Pressure, Strain Gauge [psi]
# name 13 = tv290C: Temperature [ITS-90, deg C]
# name 14 = flag:  0.000e+00
# span 0 =     -0.732,      9.919       
# span 1 =     -0.397,      0.240       
# span 2 =     0.0827,     9.3401       
# span 3 =      0.759,    108.098       
# span 4 =      3.189,     87.431       
# span 5 =   2.878615,  61.652587       
# span 6 =    -0.0771,    15.1103       
# span 7 =      6.737,      8.912       
# span 8 = -1056.8050,   410.0956       
# span 9 = 1.2361e-01, 2.7162e+03       
# span 10 =    -5.6425,   115.0691      
# span 11 =     -0.718,      9.728      
# span 12 =     -1.043,     14.111      
# span 13 =    10.1465,    23.5598      
# span 14 = 0.0000e+00, 0.0000e+00      
# interval = seconds: 0.25
# start_time = May 20 2024 11:19:40 [Instrument's time stamp, header]
# bad_flag = -9.990e-29
*END*
[from data line 1543]
      4.699     -0.058     0.0960      0.871     50.867  36.340155     0.7533      8.200  -121.3838 3.7347e+00     6.0788      4.606      6.679    10.6893 0.0000e+00
      4.713     -0.015     0.0928      0.872     50.541  36.111708     0.8235      8.201  -121.4483 3.6897e+00     5.6388      4.627      6.712    10.6922 0.0000e+00
      4.718      0.003     0.0945      0.881     50.161  35.844771     0.8694      8.203  -121.3386 3.6845e+00     5.4588      4.630      6.717    10.6999 0.0000e+00
      4.714     -0.007     0.0962      0.886     49.881  35.650741     0.8673      8.206  -121.3484 3.6718e+00     5.4733      4.619      6.699    10.7110 0.0000e+00
      4.713     -0.045     0.0973      0.873     49.809  35.605824     0.8228      8.209  -121.3084 3.6250e+00     5.4044      4.619      6.700    10.7190 0.0000e+00
      4.716     -0.104     0.0960      0.854     49.995  35.745852     0.7554      8.213  -121.1123 3.5909e+00     5.3776      4.630      6.715    10.7231 0.0000e+00
      4.706     -0.171     0.0977      0.840     50.270  35.947876     0.7266      8.216  -120.8711 3.6650e+00     5.4573      4.628      6.712    10.7268 0.0000e+00
      4.660     -0.234     0.0996      0.837     50.277  35.954575     0.7416      8.217  -120.1984 3.9305e+00     5.5139      4.587      6.653    10.7329 0.0000e+00
      4.571     -0.278     0.0967      0.854     49.920  35.699948     0.7523      8.214  -118.9158 4.3596e+00     5.4805      4.494      6.517    10.7398 0.0000e+00
      4.454     -0.289     0.0945      0.872     49.153  35.153465     0.7723      8.208  -117.8390 4.8192e+00     5.6000      4.366      6.332    10.7475 0.0000e+00
      4.341     -0.261     0.0930      0.867     48.122  34.423113     0.8173      8.203  -117.7616 5.1976e+00     5.9340      4.245      6.157    10.7544 0.0000e+00
      4.260     -0.203     0.0918      0.869     47.474  33.975582     0.8482      8.201  -118.1513 5.3891e+00     6.1371      4.160      6.033    10.7546 0.0000e+00
      4.227     -0.130     0.0942      0.894     47.381  33.929966     0.8623      8.202  -118.1632 5.3566e+00     6.1771      4.130      5.990    10.7532 0.0000e+00
      4.232     -0.060     0.0988      0.911     47.366  33.935050     0.8805      8.204  -118.0775 5.2306e+00     5.9397      4.146      6.014    10.7552 0.0000e+00
      4.250     -0.006     0.0952      0.901     47.320  33.910187     0.8931      8.205  -118.0624 5.1274e+00     5.4525      4.170      6.049    10.7604 0.0000e+00
      4.264      0.025     0.0951      0.887     47.277  33.883138     0.9057      8.206  -117.8078 5.0774e+00     5.2399      4.184      6.069    10.7778 0.0000e+00
      4.269      0.036     0.0993      0.901     46.890  33.607999     0.9248      8.208  -117.5808 5.0534e+00     5.2829      4.187      6.072    10.8060 0.0000e+00
      4.272      0.035     0.1025      0.911     46.115  33.057850     0.9329      8.212  -117.5542 5.0017e+00     5.4589      4.186      6.072    10.8230 0.0000e+00
      4.280      0.028     0.1005      0.910     45.581  32.687525     0.9196      8.216  -117.7447 4.9034e+00     5.7633      4.195      6.083    10.8284 0.0000e+00
      4.293      0.016     0.0953      0.912     45.643  32.746710     0.8981      8.219  -118.1630 4.7885e+00     5.9233      4.210      6.106    10.8330 0.0000e+00
      4.304     -0.005     0.1007      0.901     45.736  32.821833     0.8976      8.222  -118.2235 4.7210e+00     5.9247      4.224      6.127    10.8342 0.0000e+00
      4.308     -0.038     0.1016      0.883     45.305  32.517314     0.8963      8.224  -117.7882 4.7190e+00     5.7456      4.227      6.131    10.8365 0.0000e+00
      4.300     -0.082     0.0996      0.880     44.900  32.236877     0.8752      8.226  -117.5457 4.7902e+00     5.3972      4.221      6.122    10.8528 0.0000e+00
      4.277     -0.126     0.1021      0.892     45.212  32.476289     0.8579      8.228  -117.5292 4.9861e+00     5.1963      4.202      6.095    10.8733 0.0000e+00
      4.232     -0.160     0.1002      0.918     45.753  32.874391     0.8452      8.231  -117.1585 5.3033e+00     5.1957      4.157      6.029    10.8817 0.0000e+00
      4.169     -0.174     0.0963      0.943     45.829  32.926604     0.8469      8.233  -116.3329 5.6493e+00     5.2535      4.090      5.932    10.8825 0.0000e+00
      4.103     -0.164     0.0973      0.960     45.383  32.600050     0.8532      8.234  -115.5487 5.9307e+00     5.2465      4.020      5.830    10.8915 0.0000e+00
      4.047     -0.135     0.0975      0.995     44.773  32.161581     0.8382      8.236  -115.3338 6.1276e+00     5.1445      3.963      5.747    10.9157 0.0000e+00
      4.012     -0.104     0.1014      1.020     44.364  31.875671     0.8235      8.239  -115.5422 6.2183e+00     5.0786      3.924      5.691    10.9294 0.0000e+00
      4.004     -0.084     0.1056      1.029     44.164  31.744206     0.8337      8.242  -115.4005 6.1541e+00     5.1678      3.916      5.679    10.9215 0.0000e+00
      4.019     -0.084     0.1039      1.044     44.190  31.777419     0.8534      8.244  -114.8251 6.0603e+00     5.3690      3.945      5.723    10.9115 0.0000e+00
      4.025     -0.099     0.1105      1.032     44.250  31.833188     0.8539      8.245  -114.3497 6.1427e+00     5.4616      3.961      5.747    10.9102 0.0000e+00
      3.997     -0.119     0.1148      1.008     43.992  31.657242     0.8396      8.245  -113.8687 6.4158e+00     5.3991      3.929      5.699    10.9204 0.0000e+00
      3.938     -0.135     0.1112      1.019     43.393  31.236056     0.8480      8.244  -113.3117 6.8262e+00     5.3650      3.866      5.607    10.9362 0.0000e+00
      3.868     -0.137     0.1177      1.029     42.854  30.864130     0.8962      8.243  -113.0349 7.2259e+00     5.3225      3.787      5.491    10.9533 0.0000e+00
      3.816     -0.119     0.1155      1.043     42.790  30.839671     0.9480      8.241  -113.0175 7.3967e+00     5.1582      3.727      5.406    10.9685 0.0000e+00
      3.794     -0.086     0.1070      1.078     42.643  30.750064     0.9661      8.241  -113.0153 7.3643e+00     4.9838      3.712      5.386    10.9777 0.0000e+00
      3.794     -0.050     0.1142      1.091     41.635  30.034454     0.9656      8.242  -113.0084 7.2775e+00     4.8888      3.718      5.393    10.9865 0.0000e+00
      3.800     -0.025     0.1136      1.097     40.222  29.038129     1.0011      8.243  -112.9341 7.2065e+00     4.9659      3.727      5.407    11.0050 0.0000e+00
      3.805     -0.020     0.1118      1.139     39.636  28.662465     1.0624      8.244  -112.7188 7.1894e+00     5.1309      3.734      5.416    11.0366 0.0000e+00
      3.804     -0.037     0.1215      1.185     39.821  28.854271     1.0906      8.244  -112.3845 7.2094e+00     5.1749      3.732      5.413    11.0571 0.0000e+00
      3.796     -0.060     0.1207      1.209     39.978  29.010409     1.0925      8.244  -111.9027 7.2564e+00     5.1565      3.724      5.401    11.0618 0.0000e+00
      3.780     -0.075     0.1176      1.219     39.797  28.901199     1.0768      8.242  -111.4537 7.4393e+00     5.0795      3.714      5.387    11.0794 0.0000e+00
      3.745     -0.076     0.1257      1.232     38.596  28.041250     1.0588      8.239  -111.2575 7.7489e+00     4.9262      3.678      5.334    11.1486 0.0000e+00
      3.702     -0.065     0.1312      1.265     36.751  26.731507     1.0494      8.237  -111.2514 7.9683e+00     4.7726      3.622      5.253    11.2377 0.0000e+00
      3.676     -0.046     0.1330      1.315     35.561  25.940645     1.0380      8.235  -111.1215 7.9784e+00     4.6564      3.593      5.213    11.2883 0.0000e+00
      3.676     -0.023     0.1333      1.371     35.190  25.772788     1.0786      8.235  -110.8055 7.8372e+00     4.6826      3.599      5.220    11.3157 0.0000e+00
      3.691     -0.003     0.1336      1.439     35.337  25.970498     1.1660      8.235  -110.5285 7.6920e+00     4.7826      3.622      5.253    11.3177 0.0000e+00
      3.705     -0.003     0.1378      1.527     35.979  26.492036     1.2125      8.234  -110.1813 7.6349e+00     4.8057      3.637      5.274    11.3375 0.0000e+00
      3.711     -0.038     0.1435      1.628     37.014  27.258634     1.2086      8.234  -109.8773 7.6047e+00     4.7580      3.638      5.276    11.4555 0.0000e+00
      3.714     -0.104     0.1486      1.735     38.077  28.009071     1.1940      8.238  -109.8639 7.6303e+00     4.6499      3.646      5.289    11.6269 0.0000e+00
      3.701     -0.183     0.1550      1.837     38.944  28.588657     1.2014      8.240  -109.7614 7.9485e+00     4.5564      3.647      5.289    11.7648 0.0000e+00
      3.646     -0.253     0.1646      1.921     39.602  29.001782     1.2237      8.239  -109.2404 8.7135e+00     4.5162      3.594      5.212    11.8359 0.0000e+00
      3.545     -0.296     0.1761      1.994     39.875  29.134856     1.2218      8.235  -108.6402 9.7832e+00     4.4710      3.484      5.053    11.8365 0.0000e+00
      3.420     -0.303     0.1876      2.067     39.837  29.055817     1.2119      8.231  -108.3561 1.0906e+01     4.4538      3.352      4.861    11.7891 0.0000e+00
      3.305     -0.273     0.2004      2.091     39.712  28.934110     1.3293      8.227  -108.3864 1.1762e+01     4.6166      3.225      4.676    11.7075 0.0000e+00
      3.230     -0.212     0.2097      2.036     39.295  28.614729     1.5673      8.225  -108.5768 1.2117e+01     4.9018      3.149      4.566    11.6120 0.0000e+00
      3.200     -0.136     0.2160      1.966     38.695  28.175360     1.7089      8.226  -108.7648 1.2115e+01     4.9979      3.130      4.539    11.5226 0.0000e+00
      3.200     -0.062     0.2275      1.911     38.261  27.871452     1.7348      8.227  -108.8525 1.1953e+01     4.9256      3.133      4.545    11.4551 0.0000e+00
      3.212     -0.006     0.2330      1.828     37.773  27.540747     1.8476      8.227  -108.9493 1.1790e+01     4.8132      3.151      4.570    11.4225 0.0000e+00
      3.223      0.023     0.2224      1.728     37.011  27.031022     2.0654      8.227  -109.1605 1.1740e+01     4.6635      3.164      4.589    11.4020 0.0000e+00
      3.228      0.021     0.2127      1.641     36.551  26.782425     2.1871      8.228  -109.1694 1.1694e+01     4.5843      3.162      4.587    11.3985 0.0000e+00
      3.238     -0.010     0.2112      1.583     36.886  27.135469     2.1956      8.230  -108.8840 1.1566e+01     4.5391      3.170      4.598    11.4149 0.0000e+00
      3.254     -0.065     0.2001      1.565     37.552  27.684596     2.0850      8.233  -108.7220 1.1476e+01     4.5266      3.195      4.634    11.4462 0.0000e+00
      3.255     -0.135     0.1874      1.563     38.129  28.094252     1.8735      8.236  -108.5870 1.1750e+01     4.6379      3.207      4.652    11.4933 0.0000e+00
      3.217     -0.204     0.1779      1.568     38.546  28.346398     1.7605      8.237  -108.1976 1.2599e+01     4.7579      3.171      4.600    11.6132 0.0000e+00
      3.136     -0.256     0.1688      1.610     38.675  28.386390     1.7344      8.235  -107.7134 1.3917e+01     4.7482      3.084      4.473    11.8101 0.0000e+00
      3.027     -0.276     0.1688      1.671     38.463  28.197162     1.6992      8.230  -107.2933 1.5508e+01     4.7254      2.972      4.310    11.9030 0.0000e+00
      2.916     -0.257     0.1696      1.733     38.057  27.897823     1.6682      8.226  -107.0758 1.6956e+01     4.8229      2.850      4.133    11.8537 0.0000e+00
      2.832     -0.206     0.1673      1.788     37.727  27.684761     1.6591      8.224  -107.1493 1.7705e+01     4.9367      2.758      4.000    11.7652 0.0000e+00
      2.794     -0.138     0.1743      1.808     37.528  27.587306     1.6730      8.223  -107.4066 1.7769e+01     5.0090      2.729      3.957    11.6846 0.0000e+00
      2.792     -0.072     0.1819      1.796     37.402  27.544097     1.6776      8.223  -107.6055 1.7514e+01     5.0132      2.732      3.963    11.6364 0.0000e+00
      2.808     -0.019     0.1878      1.787     37.264  27.479518     1.7391      8.223  -107.5753 1.7207e+01     4.9187      2.755      3.996    11.6345 0.0000e+00
      2.822      0.014     0.1961      1.795     37.004  27.313927     1.8763      8.223  -107.4722 1.7108e+01     4.8239      2.773      4.022    11.6789 0.0000e+00
      2.825      0.029     0.1974      1.808     36.714  27.127611     1.9467      8.223  -107.4770 1.7193e+01     4.7894      2.772      4.021    11.7528 0.0000e+00
      2.822      0.033     0.1938      1.818     36.494  27.002699     1.9573      8.223  -107.5475 1.7238e+01     4.7748      2.766      4.011    11.8279 0.0000e+00
      2.826      0.026     0.1923      1.842     36.352  26.945304     1.9792      8.223  -107.5507 1.7103e+01     4.6817      2.765      4.010    11.8728 0.0000e+00
      2.841      0.010     0.1935      1.883     36.365  27.004519     2.0033      8.224  -107.5154 1.6848e+01     4.5522      2.784      4.038    11.9042 0.0000e+00
      2.860     -0.020     0.1957      1.933     36.504  27.147899     2.0243      8.225  -107.5505 1.6698e+01     4.5405      2.810      4.074    11.9352 0.0000e+00
      2.867     -0.067     0.1954      2.002     36.664  27.283627     2.0257      8.227  -107.5446 1.6904e+01     4.5401      2.821      4.091    11.9876 0.0000e+00
      2.851     -0.132     0.1968      2.072     36.887  27.440549     1.9705      8.230  -107.2726 1.7651e+01     4.4451      2.807      4.071    12.0602 0.0000e+00
      2.806     -0.213     0.2033      2.134     37.109  27.586443     1.8812      8.234  -106.7576 1.8794e+01     4.3825      2.759      4.000    12.1270 0.0000e+00
      2.739     -0.294     0.2054      2.218     37.207  27.652242     1.8441      8.236  -106.1348 2.0209e+01     4.4318      2.691      3.902    12.1956 0.0000e+00
      2.652     -0.354     0.2150      2.325     37.200  27.665275     1.8711      8.235  -105.4212 2.2303e+01     4.5289      2.610      3.786    12.2190 0.0000e+00
      2.539     -0.375     0.2232      2.423     37.075  27.617199     2.0417      8.230  -104.8412 2.5373e+01     4.5994      2.498      3.624    12.1980 0.0000e+00
      2.405     -0.354     0.2277      2.481     36.840  27.514982     2.3258      8.224  -104.4562 2.8843e+01     4.6699      2.358      3.420    12.1603 0.0000e+00
      2.279     -0.296     0.2373      2.526     36.617  27.444273     2.4756      8.218  -104.2081 3.1436e+01     4.7328      2.217      3.216    12.1420 0.0000e+00
      2.195     -0.214     0.2496      2.618     36.508  27.460051     2.5135      8.213  -104.1645 3.2331e+01     4.7453      2.130      3.088    12.1726 0.0000e+00
      2.166     -0.125     0.2619      2.786     36.485  27.515586     2.6836      8.209  -103.9293 3.2021e+01     4.7188      2.112      3.065    12.2277 0.0000e+00
      2.176     -0.045     0.2662      3.048     36.396  27.481569     2.9678      8.207  -103.0844 3.1291e+01     4.6850      2.128      3.086    12.3296 0.0000e+00
      2.202      0.013     0.2671      3.442     36.137  27.302494     3.1118      8.206  -101.9507 3.0562e+01     4.7120      2.160      3.133    12.4711 0.0000e+00
      2.228      0.043     0.2750      3.959     35.939  27.189732     3.1267      8.205  -100.9757 3.0252e+01     4.8062      2.193      3.179    12.6177 0.0000e+00
      2.238      0.051     0.2927      4.564     35.957  27.259859     3.1555      8.204  -100.1583 3.0342e+01     4.8340      2.199      3.189    12.7291 0.0000e+00
      2.240      0.044     0.3169      5.186     35.983  27.325940     3.3440      8.202   -99.3808 3.0405e+01     4.7400      2.194      3.181    12.7626 0.0000e+00
      2.245      0.024     0.3602      5.742     35.901  27.291102     3.6820      8.201   -98.4590 3.0236e+01     4.6615      2.199      3.187    12.7563 0.0000e+00
