Data/DataNotYetUploadedToEDI/Raw_CTD/RawDownloads/052024_fcr50_S7809002.cnv
* Sea-Bird SBE19plus  Data File:
* FileName = C:\R\Reservoirs\Data\DataNotYetUploadedToEDI\Raw_CTD\RawDownloads\052024_bvr50_S7809_0002.hex
* Software version 2.8.0.119
* Temperature SN = 7809
* Conductivity SN = 7809
* System UpLoad Time = May 23 2024 16:46:11
* <ApplicationData>
* <Seaterm232>
# nquan = 15
# nvalues = 1723                        
# units = specified
# name 0 = depFM: Depth [fresh water, m]
# name 1 = dz/dtM: Descent Rate [m/s]
# name 2 = sbeox0Mg/L: Oxygen, SBE 43 [mg/l]
# name 3 = sbeox0PS: Oxygen, SBE 43 [% saturation]
# name 4 = specc: Specific Conductance [uS/cm]
# name 5 = c0uS/cm: Conductivity [uS/cm]
# name 6 = flECO-AFL: Fluorescence, WET Labs ECO-AFL/FL [mg/m^3]
# name 7 = ph: pH
# name 8 = orp: Oxidation Reduction Potential [mV]
# name 9 = par/sat/log: PAR/Logarithmic, Satlantic
# name 10 = turbWETntu0: Turbidity, WET Labs ECO [NTU]
# name 11 = prdM: Pressure, Strain Gauge [db]
# name 12 = prdE: Pressure, Strain Gauge [psi]
# name 13 = tv290C: Temperature [ITS-90, deg C]
# name 14 = flag:  0.000e+00
# span 0 =     -0.732,      9.919       
# span 1 =     -0.397,      0.240       
# span 2 =     0.0827,     9.3401       
# span 3 =      0.759,    108.098       
# span 4 =      3.189,     87.431       
# span 5 =   2.878615,  61.652587       
# span 6 =    -0.0771,    15.1103       
# span 7 =      6.737,      8.912       
# span 8 = -1056.8050,   410.0956       
# span 9 = 1.2361e-01, 2.7162e+03       
# span 10 =    -5.6425,   115.0691      
# span 11 =     -0.718,      9.728      
# span 12 =     -1.043,     14.111      
# span 13 =    10.1465,    23.5598      
# span 14 = 0.0000e+00, 0.0000e+00      
# interval = seconds: 0.25
# start_time = May 20 2024 11:19:40 [Instrument's time stamp, header]
# bad_flag = -9.990e-29
*END*
[from data line 290]
     -0.202      0.024     6.3562     76.527     28.815  27.238549     5.0286      8.597   117.4005 3.1630e+02     5.6329     -0.200     -0.289    22.2546 0.0000e+00
     -0.193      0.034     6.4039     77.569     28.801  27.227104     5.0324      8.596   117.6069 3.0461e+02     5.6803     -0.190     -0.275    22.2548 0.0000e+00
     -0.183      0.044     6.4713     78.309     28.812  27.238549     5.0454      8.593   117.7808 2.8746e+02     5.6823     -0.180     -0.260    22.2556 0.0000e+00
     -0.171      0.051     6.5532     78.694     28.822  27.250090     5.0865      8.589   117.6099 2.7096e+02     5.6910     -0.169     -0.245    22.2574 0.0000e+00
     -0.156      0.054     6.6595     78.793     28.809  27.239807     5.1631      8.585   117.6917 2.5754e+02     5.7850     -0.155     -0.224    22.2591 0.0000e+00
     -0.139      0.051     6.7585     78.708     28.809  27.241064     5.2060      8.581   117.5647 2.5013e+02     5.8966     -0.136     -0.197    22.2615 0.0000e+00
     -0.120      0.046     6.8228     78.553     28.833  27.265288     5.2308      8.578   117.1073 2.5008e+02     5.9816     -0.116     -0.169    22.2643 0.0000e+00
     -0.106      0.041     6.8533     78.472     28.847  27.279012     5.4125      8.578   116.7210 2.4301e+02     5.9253     -0.101     -0.146    22.2672 0.0000e+00
     -0.100      0.036     6.8582     78.624     28.848  27.280156     5.7298      8.578   116.5079 2.3588e+02     5.7278     -0.096     -0.140    22.2706 0.0000e+00
     -0.099      0.033     6.8476     79.149     28.847  27.279126     5.9047      8.580   116.3370 2.3493e+02     5.6086     -0.098     -0.142    22.2735 0.0000e+00
     -0.096      0.032     6.8291     80.067     28.833  27.266547     5.9374      8.583   116.1179 2.2576e+02     5.6461     -0.096     -0.139    22.2756 0.0000e+00
     -0.087      0.034     6.8167     81.167     28.821  27.254913     6.0255      8.585   116.0098 2.1138e+02     5.7374     -0.086     -0.127    22.2767 0.0000e+00
     -0.073      0.039     6.8261     82.267     28.833  27.265300     6.1621      8.588   116.0627 2.0210e+02     5.7559     -0.071     -0.104    22.2775 0.0000e+00
     -0.059      0.047     6.8673     83.358     28.835  27.265290     6.2248      8.588   116.1557 1.9711e+02     5.6986     -0.056     -0.081    22.2785 0.0000e+00
     -0.049      0.057     6.9579     84.327     28.827  27.254789     6.2416      8.588   116.3587 1.8968e+02     5.6943     -0.047     -0.069    22.2779 0.0000e+00
     -0.039      0.068     7.0612     84.959     28.843  27.265177     6.3409      8.587   116.7112 1.7640e+02     5.7719     -0.041     -0.059    22.2771 0.0000e+00
     -0.024      0.082     7.1525     85.255     28.849  27.264034     6.5017      8.586   117.0614 1.6162e+02     5.8512     -0.026     -0.038    22.2751 0.0000e+00
      0.001      0.097     7.2515     85.418     28.833  27.240954     6.5793      8.587   117.1514 1.5033e+02     5.8675     -0.001     -0.002    22.2724 0.0000e+00
      0.030      0.108     7.3470     85.529     28.839  27.239800     6.5715      8.592   117.0247 1.3790e+02     5.8325      0.029      0.041    22.2688 0.0000e+00
      0.063      0.111     7.4031     85.527     28.857  27.250073     6.5748      8.598   116.9065 1.2368e+02     5.8721      0.058      0.084    22.2604 0.0000e+00
      0.099      0.105     7.4199     85.432     28.854  27.238315     6.5941      8.604   116.8409 1.0955e+02     5.9366      0.098      0.142    22.2482 0.0000e+00
      0.134      0.092     7.4345     85.451     28.849  27.224469     6.5964      8.610   116.8335 9.7554e+01     5.8946      0.138      0.200    22.2333 0.0000e+00
      0.156      0.077     7.4495     85.785     28.841  27.209488     6.5779      8.616   116.8165 8.8755e+01     5.8424      0.156      0.226    22.2223 0.0000e+00
      0.167      0.063     7.4520     86.429     28.821  27.184016     6.5945      8.622   116.8077 7.9829e+01     5.8523      0.164      0.237    22.2124 0.0000e+00
      0.173      0.051     7.4374     87.184     28.815  27.170170     6.8975      8.627   116.8139 7.2674e+01     5.8435      0.170      0.247    22.1941 0.0000e+00
      0.180      0.043     7.4336     87.790     28.822  27.168912     7.4366      8.632   116.7192 6.7960e+01     5.7358      0.173      0.250    22.1768 0.0000e+00
      0.191      0.039     7.4649     88.089     28.829  27.168788     7.7190      8.637   116.6090 6.4199e+01     5.6433      0.185      0.268    22.1675 0.0000e+00
      0.206      0.037     7.5293     88.044     28.834  27.168664     7.7314      8.641   116.5996 6.1562e+01     5.6812      0.203      0.295    22.1563 0.0000e+00
      0.218      0.035     7.6075     87.669     28.836  27.167414     7.8035      8.644   116.7787 5.9355e+01     5.7499      0.215      0.313    22.1402 0.0000e+00
      0.225      0.032     7.6663     86.964     28.824  27.153665     7.9745      8.646   117.0535 5.6780e+01     5.7567      0.221      0.322    22.1266 0.0000e+00
      0.229      0.029     7.6953     86.006     28.801  27.129269     8.0768      8.648   117.0831 5.3550e+01     5.6960      0.224      0.325    22.1156 0.0000e+00
      0.234      0.028     7.6905     84.913     28.801  27.126125     8.0579      8.653   117.0499 4.9696e+01     5.6300      0.229      0.333    22.1062 0.0000e+00
      0.240      0.030     7.6606     83.748     28.795  27.115643     7.8619      8.657   117.2541 4.6481e+01     5.6423      0.234      0.342    22.1006 0.0000e+00
      0.248      0.035     7.5974     82.687     28.753  27.065949     7.5388      8.660   117.4012 4.4000e+01     5.7081      0.241      0.351    22.0971 0.0000e+00
      0.258      0.038     7.5074     81.862     28.729  27.032646     7.3634      8.664   117.3666 4.1322e+01     5.7084      0.252      0.366    22.0924 0.0000e+00
      0.269      0.038     7.4156     81.211     28.734  27.030075     7.3313      8.666   117.5238 3.8844e+01     5.6453      0.263      0.381    22.0884 0.0000e+00
      0.283      0.039     7.3067     80.794     28.745  27.034841     7.4080      8.667   118.0103 3.7290e+01     5.6288      0.278      0.403    22.0829 0.0000e+00
      0.295      0.040     7.2096     80.837     28.741  27.026850     7.6087      8.667   118.4318 3.6707e+01     5.6795      0.293      0.424    22.0622 0.0000e+00
      0.300      0.042     7.1483     81.387     28.708  26.996867     7.7443      8.667   118.5756 3.6986e+01     5.7457      0.296      0.428    22.0375 0.0000e+00
      0.305      0.042     7.0914     82.240     28.696  26.989437     7.7652      8.668   118.5446 3.7609e+01     5.7459      0.295      0.429    22.0288 0.0000e+00
      0.316      0.042     7.0438     83.114     28.704  27.000437     7.7612      8.670   118.4875 3.7740e+01     5.7159      0.308      0.446    22.0223 0.0000e+00
      0.334      0.043     7.0484     83.768     28.707  27.003034     7.8967      8.673   118.6585 3.7793e+01     5.7252      0.330      0.478    22.0101 0.0000e+00
      0.348      0.045     7.1044     84.060     28.728  27.020830     8.1801      8.676   118.9780 3.8223e+01     5.7556      0.344      0.500    22.0110 0.0000e+00
      0.356      0.044     7.1861     83.959     28.736  27.025336     8.3411      8.679   119.1674 3.8344e+01     5.7751      0.348      0.505    22.0238 0.0000e+00
      0.366      0.039     7.2698     83.541     28.706  26.994098     8.3446      8.682   119.3139 3.7966e+01     5.7229      0.357      0.517    22.0285 0.0000e+00
      0.378      0.033     7.3313     82.971     28.673  26.960239     8.2978      8.683   119.5453 3.7527e+01     5.6708      0.371      0.537    22.0268 0.0000e+00
      0.388      0.028     7.3582     82.438     28.647  26.933054     8.2412      8.685   119.7270 3.7152e+01     5.6920      0.383      0.555    22.0236 0.0000e+00
      0.394      0.025     7.3479     82.063     28.635  26.919094     8.2258      8.689   119.8767 3.6997e+01     5.6720      0.387      0.562    22.0183 0.0000e+00
      0.396      0.024     7.3068     81.901     28.638  26.918279     8.2290      8.692   120.0648 3.7132e+01     5.5990      0.389      0.565    22.0124 0.0000e+00
      0.398      0.025     7.2507     81.875     28.646  26.923195     8.2876      8.694   120.3658 3.7296e+01     5.5955      0.391      0.567    22.0070 0.0000e+00
      0.402      0.027     7.2019     81.796     28.640  26.915113     8.4275      8.695   120.7630 3.7601e+01     5.6630      0.392      0.568    22.0029 0.0000e+00
      0.410      0.031     7.1670     81.608     28.610  26.883977     8.5217      8.697   121.0824 3.8451e+01     5.6983      0.400      0.580    21.9991 0.0000e+00
      0.422      0.033     7.1556     81.411     28.591  26.863841     8.5517      8.698   121.3019 3.9672e+01     5.6817      0.415      0.602    21.9917 0.0000e+00
      0.435      0.034     7.1629     81.226     28.591  26.861902     8.7322      8.699   121.3518 4.0991e+01     5.6672      0.428      0.620    21.9858 0.0000e+00
      0.445      0.033     7.1588     80.992     28.589  26.860540     9.0729      8.700   121.4276 4.2373e+01     5.6592      0.437      0.634    21.9838 0.0000e+00
      0.452      0.031     7.1361     80.644     28.574  26.847374     9.2751      8.701   121.7023 4.3427e+01     5.6868      0.444      0.643    21.9770 0.0000e+00
      0.457      0.027     7.1205     80.115     28.553  26.829553     9.3136      8.703   122.0064 4.4298e+01     5.7626      0.449      0.650    21.9718 0.0000e+00
      0.462      0.024     7.1071     79.430     28.558  26.835327     9.4381      8.705   122.2645 4.4772e+01     5.8237      0.454      0.658    21.9708 0.0000e+00
      0.468      0.022     7.0874     78.692     28.576  26.853775     9.6655      8.707   122.5000 4.4838e+01     5.8451      0.459      0.665    21.9704 0.0000e+00
      0.475      0.022     7.0608     77.963     28.584  26.862347     9.7901      8.709   122.7032 4.5086e+01     5.8852      0.466      0.675    21.9721 0.0000e+00
      0.480      0.021     7.0130     77.268     28.598  26.875550     9.8055      8.711   122.8287 4.5463e+01     5.9660      0.471      0.684    21.9755 0.0000e+00
      0.485      0.020     6.9476     76.653     28.612  26.886570     9.8093      8.713   122.8982 4.5926e+01     5.9680      0.475      0.689    21.9798 0.0000e+00
      0.490      0.019     6.8813     76.218     28.597  26.868745     9.8278      8.714   122.9416 4.6230e+01     5.8760      0.480      0.696    21.9824 0.0000e+00
      0.495      0.017     6.8174     76.113     28.585  26.850277     9.8704      8.715   123.0091 4.6385e+01     5.8094      0.486      0.706    21.9833 0.0000e+00
      0.500      0.016     6.7551     76.354     28.597  26.853530     9.9009      8.718   123.1124 4.6580e+01     5.8464      0.491      0.712    21.9827 0.0000e+00
      0.503      0.016     6.6992     76.757     28.594  26.844641     9.9216      8.719   123.1581 4.6968e+01     5.9477      0.493      0.716    21.9817 0.0000e+00
      0.505      0.017     6.6555     77.099     28.557  26.806221     9.9795      8.720   123.3032 4.7523e+01     5.9750      0.495      0.718    21.9758 0.0000e+00
      0.509      0.019     6.6465     77.280     28.521  26.769521    10.0676      8.721   123.6618 4.7947e+01     5.9379      0.499      0.722    21.9592 0.0000e+00
      0.514      0.021     6.6778     77.316     28.536  26.781418    10.1297      8.723   123.9671 4.8253e+01     5.9427      0.504      0.731    21.9435 0.0000e+00
      0.520      0.023     6.7215     77.191     28.583  26.823225    10.1558      8.724   124.1546 4.8356e+01     5.9644      0.510      0.739    21.9354 0.0000e+00
      0.528      0.025     6.7558     76.857     28.593  26.831059    10.1500      8.725   124.3811 4.8141e+01     5.9264      0.518      0.751    21.9296 0.0000e+00
      0.536      0.025     6.7702     76.380     28.577  26.812712    10.1183      8.726   124.6397 4.7999e+01     5.8593      0.526      0.763    21.9234 0.0000e+00
      0.543      0.024     6.7735     75.896     28.558  26.791650    10.0893      8.728   124.8725 4.8057e+01     5.8706      0.533      0.772    21.9190 0.0000e+00
      0.548      0.024     6.7676     75.563     28.538  26.766662    10.0817      8.732   125.0445 4.7892e+01     5.9607      0.538      0.780    21.9181 0.0000e+00
      0.553      0.024     6.7343     75.453     28.541  26.764252    10.1346      8.734   125.1711 4.7527e+01     6.0615      0.542      0.786    21.9136 0.0000e+00
      0.558      0.025     6.6902     75.467     28.543  26.762512    10.2376      8.734   125.2842 4.7183e+01     6.1322      0.546      0.792    21.9087 0.0000e+00
      0.564      0.026     6.6424     75.522     28.528  26.745615    10.3041      8.734   125.3806 4.6678e+01     6.1325      0.553      0.803    21.9041 0.0000e+00
      0.572      0.027     6.6108     75.595     28.537  26.750209    10.3302      8.735   125.5617 4.5876e+01     6.1337      0.561      0.814    21.8908 0.0000e+00
      0.580      0.029     6.6086     75.614     28.543  26.754629    10.5122      8.737   125.7530 4.5184e+01     6.1457      0.568      0.824    21.8814 0.0000e+00
      0.587      0.029     6.6129     75.541     28.523  26.735636    10.8396      8.739   125.8003 4.4866e+01     6.0391      0.576      0.835    21.8779 0.0000e+00
      0.594      0.029     6.6174     75.432     28.497  26.710835    11.0010      8.742   125.7898 4.4535e+01     5.8698      0.583      0.845    21.8703 0.0000e+00
      0.602      0.029     6.6281     75.328     28.495  26.708442    11.0159      8.743   125.9704 4.4325e+01     5.8401      0.590      0.856    21.8645 0.0000e+00
      0.609      0.030     6.6323     75.288     28.495  26.706693    11.0367      8.744   126.3493 4.4362e+01     5.8856      0.597      0.866    21.8633 0.0000e+00
      0.615      0.031     6.6219     75.410     28.478  26.689691    11.1361      8.745   126.5853 4.4221e+01     5.9416      0.603      0.874    21.8616 0.0000e+00
      0.623      0.031     6.6125     75.678     28.482  26.693141    11.3182      8.746   126.6720 4.3886e+01     6.0729      0.610      0.884    21.8599 0.0000e+00
      0.632      0.031     6.6025     76.030     28.473  26.684983    11.4081      8.746   126.7091 4.3526e+01     6.1414      0.619      0.898    21.8600 0.0000e+00
      0.642      0.030     6.5937     76.480     28.441  26.654468    11.4148      8.747   126.6911 4.3207e+01     6.1548      0.630      0.915    21.8577 0.0000e+00
      0.650      0.027     6.6061     76.982     28.428  26.641297    11.3668      8.748   126.7128 4.3004e+01     6.1323      0.639      0.927    21.8545 0.0000e+00
      0.656      0.024     6.6339     77.397     28.441  26.652575    11.2349      8.749   126.7997 4.2785e+01     6.0064      0.644      0.934    21.8555 0.0000e+00
      0.661      0.020     6.6615     77.630     28.455  26.663988    11.1519      8.750   126.9672 4.2380e+01     5.8963      0.649      0.941    21.8558 0.0000e+00
      0.665      0.018     6.7025     77.699     28.444  26.652447    11.1538      8.751   127.1027 4.2071e+01     5.8938      0.652      0.946    21.8532 0.0000e+00
      0.669      0.017     6.7527     77.604     28.433  26.639868    11.2992      8.753   127.2333 4.1722e+01     6.0101      0.655      0.951    21.8517 0.0000e+00
      0.673      0.017     6.7926     77.330     28.433  26.638734    11.5789      8.755   127.4280 4.1217e+01     6.1410      0.659      0.957    21.8514 0.0000e+00
      0.678      0.018     6.8115     77.001     28.433  26.638734    11.7215      8.755   127.4777 4.1001e+01     6.1450      0.665      0.964    21.8491 0.0000e+00
      0.682      0.019     6.8167     76.734     28.435  26.639868    11.7259      8.756   127.5764 4.1032e+01     6.0916      0.671      0.971    21.8453 0.0000e+00
