Data/DataNotYetUploadedToEDI/Raw_CTD/RawDownloads/052024_bvr50_S7809001.cnv
* Sea-Bird SBE19plus  Data File:
* FileName = C:\R\Reservoirs\Data\DataNotYetUploadedToEDI\Raw_CTD\RawDownloads\052024_bvr50_S7809_0001.hex
* Software version 2.8.0.119
* Temperature SN = 7809
* Conductivity SN = 7809
* System UpLoad Time = May 23 2024 16:45:26
* <ApplicationData>
* <Seaterm232>
# nquan = 15
# nvalues = 1117                        
# units = specified
# name 0 = depFM: Depth [fresh water, m]
# name 1 = dz/dtM: Descent Rate [m/s]
# name 2 = sbeox0Mg/L: Oxygen, SBE 43 [mg/l]
# name 3 = sbeox0PS: Oxygen, SBE 43 [% saturation]
# name 4 = specc: Specific Conductance [uS/cm]
# name 5 = c0uS/cm: Conductivity [uS/cm]
# name 6 = flECO-AFL: Fluorescence, WET Labs ECO-AFL/FL [mg/m^3]
# name 7 = ph: pH
# name 8 = orp: Oxidation Reduction Potential [mV]
# name 9 = par/sat/log: PAR/Logarithmic, Satlantic
# name 10 = turbWETntu0: Turbidity, WET Labs ECO [NTU]
# name 11 = prdM: Pressure, Strain Gauge [db]
# name 12 = prdE: Pressure, Strain Gauge [psi]
# name 13 = tv290C: Temperature [ITS-90, deg C]
# name 14 = flag:  0.000e+00
# span 0 =     -0.638,      9.606       
# span 1 =     -4.242,      0.220       
# span 2 =    -0.2930,    10.3333       
# span 3 =     -2.040,     98.797       
# span 4 =      0.674,    247.242       
# span 5 =   0.648179, 179.424408       
# span 6 =    -0.4731,     9.7258       
# span 7 =      6.266,      8.173       
# span 8 = -1240.7455,   475.3095       
# span 9 = 1.2357e-01, 1.4732e+03       
# span 10 =    -0.3295,   134.7935      
# span 11 =     -0.626,      9.422      
# span 12 =     -0.908,     13.665      
# span 13 =    10.8573,    23.0474      
# span 14 = 0.0000e+00, 0.0000e+00      
# interval = seconds: 0.25
# start_time = May 20 2024 09:59:58 [Instrument's time stamp, header]
# bad_flag = -9.990e-29
*END*
[from data line 482]
      9.497      0.016     3.9228     13.473     77.316  55.524507    -0.0668      7.336   294.1085 1.2371e-01     0.2989      9.313     13.507    10.8846 0.0000e+00
      9.500      0.016     3.1104     13.996     74.560  53.553817    -0.0509      7.335   291.8577 1.2372e-01     0.2529      9.316     13.512    10.8906 0.0000e+00
      9.505      0.016     2.3099     17.360     68.023  48.865758    -0.0528      7.335   290.9807 1.2380e-01     0.2163      9.321     13.519    10.8959 0.0000e+00
      9.511      0.015     1.6762     22.381     60.253  43.288833    -0.0729      7.334   291.5925 1.2387e-01     0.2317      9.327     13.528    10.8998 0.0000e+00
      9.516      0.013     1.3590     27.551     56.143  40.338954    -0.0859      7.333   291.9410 1.2388e-01     0.3370      9.333     13.537    10.9043 0.0000e+00
      9.519      0.010     1.4283     31.714     55.829  40.116199    -0.0762      7.332   291.4093 1.2378e-01     0.4645      9.336     13.540    10.9108 0.0000e+00
      9.520      0.008     1.8518     34.449     56.051  40.278192    -0.0635      7.332   290.3259 1.2368e-01     0.5435      9.336     13.541    10.9172 0.0000e+00
      9.520      0.006     2.4696     35.994     57.797  41.536011    -0.0658      7.330   289.6833 1.2367e-01     0.4036      9.335     13.540    10.9207 0.0000e+00
      9.521      0.006     3.0904     36.939     61.255  44.026374    -0.0792      7.314   290.0066 1.2372e-01     0.1058      9.336     13.540    10.9229 0.0000e+00
      9.522      0.007     3.5625     37.869     63.657  45.760804    -0.0757      7.265   290.7075 1.2376e-01     0.0177      9.337     13.543    10.9252 0.0000e+00
      9.525      0.008     3.8544     39.191     63.275  45.494923    -0.0571      7.183   290.4994 1.2375e-01     0.1233      9.340     13.548    10.9271 0.0000e+00
      9.527      0.009     3.9967     41.015     62.580  45.001372    -0.0619      7.098   289.1251 1.2375e-01     0.3578      9.343     13.552    10.9292 0.0000e+00
      9.529      0.009     4.0780     43.060     76.611  55.091891    -0.0843      7.044   287.7716 1.2376e-01     3.0235      9.345     13.554    10.9335 0.0000e+00
      9.532      0.007     4.1642     44.903    110.187  79.229167    -0.0939      7.034   287.9002 1.2374e-01     8.0326      9.347     13.557    10.9400 0.0000e+00
      9.535      0.004     4.3012     46.187    144.797 104.097758    -0.0872      7.056   288.8729 1.2374e-01    10.7770      9.351     13.563    10.9478 0.0000e+00
      9.537      0.000     4.5184     46.700    169.462 121.808331    -0.0772      7.093   289.3805 1.2381e-01    10.8595      9.354     13.567    10.9542 0.0000e+00
      9.537     -0.004     4.7607     46.399    181.504 130.450625    -0.0738      7.129   289.3914 1.2384e-01     8.8586      9.353     13.566    10.9553 0.0000e+00
      9.533     -0.009     4.9781     45.147    178.086 127.991025    -0.0705      7.160   288.6604 1.2380e-01     5.1676      9.349     13.560    10.9518 0.0000e+00
      9.529     -0.013     5.1293     42.540    165.415 118.888683    -0.0623      7.187   288.8027 1.2381e-01     3.1927      9.345     13.554    10.9446 0.0000e+00
      9.526     -0.017     5.1858     38.329    148.241 106.556241    -0.0578      7.209   290.1653 1.2386e-01     2.9475      9.342     13.549    10.9365 0.0000e+00
      9.521     -0.018     5.1524     32.639    123.427  88.733107    -0.0666      7.228   290.5079 1.2387e-01     2.2710      9.338     13.543    10.9323 0.0000e+00
      9.516     -0.017     5.0381     25.858    103.360  74.322536    -0.0768      7.244   290.1060 1.2381e-01     1.1271      9.332     13.536    10.9318 0.0000e+00
      9.510     -0.015     4.7628     18.647     93.694  67.386332    -0.0730      7.259   289.8655 1.2374e-01     0.4928      9.327     13.528    10.9333 0.0000e+00
      9.505     -0.011     4.2867     11.700     87.085  62.645569    -0.0702      7.272   287.9451 1.2364e-01     0.4425      9.320     13.518    10.9375 0.0000e+00
      9.500     -0.005     3.6496      5.576     87.749  63.134849    -0.0683      7.285   282.1155 1.2358e-01     0.4509      9.315     13.512    10.9435 0.0000e+00
      9.500      0.002     2.8696      0.920     92.598  66.633525    -0.0586      7.296   274.1872 1.2369e-01     0.3898      9.316     13.511    10.9508 0.0000e+00
      9.504      0.007     2.0452     -1.647     92.940  66.887088    -0.0531      7.306   266.8536 1.2380e-01     0.2847      9.319     13.516    10.9590 0.0000e+00
      9.509      0.012     1.2606     -2.040     89.069  64.104282    -0.0600      7.313   259.2643 1.2380e-01     0.2040      9.324     13.524    10.9662 0.0000e+00
      9.514      0.015     0.5622     -0.607     84.242  60.628660    -0.0753      7.315   251.0854 1.2375e-01     0.2346      9.331     13.533    10.9717 0.0000e+00
      9.518      0.016     0.0133      2.162     81.252  58.473777    -0.0788      7.291   244.0216 1.2374e-01     0.3816      9.335     13.539    10.9774 0.0000e+00
      9.522      0.016    -0.2689      5.580     81.744  58.823563    -0.0702      7.223   239.7636 1.2381e-01     0.5461      9.337     13.543    10.9827 0.0000e+00
      9.525      0.016    -0.2930      9.019     79.983  57.552781    -0.0625      7.133   238.3191 1.2382e-01     0.9940      9.340     13.548    10.9841 0.0000e+00
      9.529      0.015    -0.1227     12.100     72.445  52.125155    -0.0438      7.059   236.8811 1.2377e-01     5.7635      9.344     13.553    10.9827 0.0000e+00
      9.534      0.014     0.2157     14.644     67.434  48.515043    -0.0189      7.019   234.5955 1.2374e-01    14.5917      9.349     13.560    10.9805 0.0000e+00
      9.538      0.012     0.6173     16.648     66.558  47.880104    -0.0114      7.006   233.9138 1.2372e-01    19.4324      9.354     13.567    10.9777 0.0000e+00
      9.542      0.009     1.0102     18.247     63.290  45.527043    -0.0124      7.006   234.8340 1.2369e-01    20.0214      9.359     13.573    10.9755 0.0000e+00
      9.543      0.007     1.3563     19.509     58.870  42.347581    -0.0057      7.011   235.7410 1.2367e-01    21.4406      9.359     13.574    10.9731 0.0000e+00
      9.543      0.005     1.6388     20.444     55.302  39.781476     0.1280      7.017   235.7597 1.2366e-01    36.0788      9.358     13.573    10.9689 0.0000e+00
      9.544      0.005     1.8506     21.170     52.272  37.602576     0.3805      7.025   231.7908 1.2369e-01    62.9011      9.359     13.574    10.9651 0.0000e+00
      9.545      0.006     2.0250     21.879     50.916  36.627773     0.5097      7.036   215.5434 1.2378e-01    77.5608      9.359     13.574    10.9636 0.0000e+00
      9.546      0.007     2.1675     22.725     50.116  36.054688     0.5250      7.050   184.1176 1.2381e-01    79.0135      9.361     13.578    10.9647 0.0000e+00
      9.549      0.009     2.2640     23.798     48.894  35.178568     0.5980      7.066   148.7460 1.2380e-01    80.2610      9.364     13.581    10.9659 0.0000e+00
      9.552      0.011     2.3367     25.203     48.177  34.664060     0.7181      7.083   121.2700 1.2380e-01    82.3273      9.368     13.586    10.9655 0.0000e+00
      9.555      0.013     2.4073     27.003     48.342  34.782933     0.7787      7.101   104.6914 1.2372e-01    83.4329      9.370     13.590    10.9654 0.0000e+00
      9.558      0.015     2.4997     29.160     48.948  35.219972     0.7823      7.119    95.0787 1.2367e-01    83.3814      9.373     13.595    10.9681 0.0000e+00
      9.561      0.016     2.6129     31.656     49.522  35.633708     0.7941      7.136    87.8988 1.2371e-01    82.5921      9.377     13.600    10.9718 0.0000e+00
      9.565      0.016     2.7632     34.479     50.087  36.041807     0.8043      7.153    81.7216 1.2370e-01    81.2346      9.379     13.604    10.9729 0.0000e+00
      9.572      0.016     2.9666     37.545     50.774  36.537485     0.7900      7.168    76.1438 1.2369e-01    80.4603      9.387     13.614    10.9726 0.0000e+00
      9.577      0.015     3.2048     40.804     51.057  36.740976     0.7706      7.183    71.3080 1.2376e-01    80.4387      9.394     13.625    10.9739 0.0000e+00
      9.580      0.013     3.4777     44.121     50.596  36.408214     0.7697      7.198    66.9597 1.2381e-01    81.0077      9.395     13.626    10.9753 0.0000e+00
      9.582      0.011     3.7959     47.194     50.036  36.004067     0.7787      7.213    62.5457 1.2378e-01    82.0100      9.396     13.628    10.9772 0.0000e+00
      9.584      0.008     4.1338     49.825     49.651  35.725146     0.7798      7.226    58.1188 1.2378e-01    82.5149      9.399     13.632    10.9786 0.0000e+00
      9.586      0.006     4.4954     51.983     49.178  35.383518     0.7749      7.239    53.8729 1.2385e-01    82.5007      9.401     13.634    10.9778 0.0000e+00
      9.588      0.005     4.8787     53.603     48.798  35.109468     0.7611      7.251    50.0122 1.2386e-01    82.5213      9.402     13.636    10.9771 0.0000e+00
      9.588      0.004     5.2258     54.604     48.667  35.013107     0.7292      7.262    46.7144 1.2377e-01    82.5935      9.403     13.638    10.9758 0.0000e+00
      9.589      0.002     5.5138     54.999     48.713  35.043271     0.6977      7.274    43.7689 1.2370e-01    82.6225      9.404     13.640    10.9740 0.0000e+00
      9.590      0.001     5.7547     54.858     48.875  35.156922     0.6881      7.284    40.8135 1.2374e-01    82.5993      9.405     13.641    10.9725 0.0000e+00
      9.590      0.001     5.9403     54.388     49.001  35.245162     0.6971      7.294    37.7400 1.2381e-01    82.5168      9.404     13.640    10.9716 0.0000e+00
      9.590      0.000     6.0461     53.828     48.882  35.158413     0.7556      7.304    34.6558 1.2382e-01    81.9331      9.404     13.640    10.9702 0.0000e+00
      9.590 1.9121e-08     6.0920     53.308     48.746  35.059784     0.8542      7.314    31.8295 1.2377e-01    80.8704      9.404     13.639    10.9669 0.0000e+00
      9.590 2.1033e-07     6.0667     52.914     48.935  35.194743     0.9076      7.323    29.2930 1.2372e-01    80.2918      9.404     13.640    10.9633 0.0000e+00
      9.590 2.4447e-07     6.0029     52.679     49.212  35.394298     0.9180      7.330    26.7011 1.2370e-01    80.2657      9.404     13.639    10.9609 0.0000e+00
      9.590 4.3191e-07     5.9401     52.583     49.631  35.695989     0.8717      7.337    23.9809 1.2371e-01    80.8281      9.405     13.640    10.9598 0.0000e+00
      9.589      0.000     5.8770     52.592     50.919  36.621665     0.7725      7.345    21.3541 1.2367e-01    82.0014      9.404     13.639    10.9591 0.0000e+00
      9.589      0.000     5.8337     52.673     53.480  38.464370     0.7175      7.352    18.9465 1.2367e-01    82.7362      9.404     13.639    10.9583 0.0000e+00
      9.590      0.001     5.8081     52.785     56.076  40.334432     0.7065      7.359    16.6389 1.2374e-01    82.7781      9.404     13.640    10.9586 0.0000e+00
      9.590      0.001     5.7996     52.904     57.199  41.145718     0.6898      7.367    14.5323 1.2371e-01    81.8595      9.405     13.640    10.9590 0.0000e+00
      9.590      0.002     5.8008     53.006     57.222  41.165514     0.6564      7.375    12.8339 1.2366e-01    80.1688      9.405     13.641    10.9583 0.0000e+00
      9.591      0.002     5.8126     53.058     56.926  40.954601     0.6350      7.381    10.9023 1.2373e-01    79.2793      9.405     13.641    10.9583 0.0000e+00
      9.592      0.000     5.8248     53.056     56.556  40.690042     0.6482      7.386     4.2559 1.2375e-01    79.4049      9.406     13.643    10.9609 0.0000e+00
      9.593     -0.003     5.8378     52.991     56.035  40.315064     0.6825      7.392   -11.0859 1.2368e-01    81.2774      9.407     13.644    10.9645 0.0000e+00
      9.593     -0.007     5.8512     52.780     55.300  39.784481     0.7174      7.399   -29.8755 1.2371e-01    84.6014      9.408     13.645    10.9673 0.0000e+00
      9.592     -0.012     5.8563     52.311     55.499  39.923190     0.7279      7.405   -46.6335 1.2378e-01    86.2207      9.408     13.644    10.9693 0.0000e+00
      9.587     -0.016     5.8552     51.547     58.205  41.865173     0.7104      7.410   -61.5018 1.2380e-01    84.8014      9.402     13.637    10.9711 0.0000e+00
      9.580     -0.018     5.8514     50.487     63.782  45.873773     0.5470      7.416   -69.8331 1.2377e-01    67.5429      9.395     13.626    10.9715 0.0000e+00
      9.573     -0.018     5.8347     49.150     70.295  50.556656     0.2505      7.423   -65.9731 1.2374e-01    35.8453      9.388     13.616    10.9692 0.0000e+00
      9.567     -0.015     5.7838     47.673     73.464  52.835731     0.0882      7.431   -61.3776 1.2376e-01    18.5134      9.382     13.607    10.9650 0.0000e+00
      9.562     -0.009     5.6990     46.233     72.696  52.285439     0.0582      7.439   -70.0229 1.2377e-01    16.6885      9.376     13.599    10.9605 0.0000e+00
      9.560     -0.001     5.5845     44.931     71.101  51.142908     0.0125      7.445   -86.0126 1.2373e-01    14.3274      9.374     13.596    10.9583 0.0000e+00
      9.562      0.008     5.4300     43.833     68.985  49.626604    -0.0399      7.450  -102.3317 1.2370e-01    10.2904      9.376     13.599    10.9573 0.0000e+00
      9.566      0.014     5.2578     42.958     66.337  47.730724    -0.0588      7.456  -118.4028 1.2371e-01     8.0829      9.381     13.605    10.9569 0.0000e+00
      9.572      0.018     5.0971     42.179     63.912  45.998057    -0.0496      7.464  -132.5968 1.2372e-01     7.8930      9.386     13.613    10.9585 0.0000e+00
      9.579      0.019     4.9501     41.304     61.970  44.612241    -0.0540      7.471  -144.8914 1.2372e-01     8.2680      9.393     13.625    10.9619 0.0000e+00
      9.585      0.018     4.8261     40.192     60.742  43.734964    -0.0545      7.478  -155.4629 1.2377e-01    13.0612      9.402     13.636    10.9657 0.0000e+00
      9.590      0.015     4.7343     38.672     59.644  42.944993    -0.0305      7.486  -164.6542 1.2380e-01    21.8839      9.405     13.641    10.9721 0.0000e+00
      9.593      0.012     4.6579     36.708     58.484  42.106487    -0.0132      7.494  -172.9948 1.2377e-01    26.6739      9.407     13.644    10.9833 0.0000e+00
      9.595      0.008     4.5618     34.514     57.693  41.530806    -0.0029      7.501  -180.3360 1.2376e-01    27.1504      9.410     13.647    10.9940 0.0000e+00
      9.596      0.005     4.4476     32.303     57.138  41.125682     0.0103      7.508  -186.4772 1.2376e-01    28.1927      9.410     13.648    10.9995 0.0000e+00
      9.596      0.003     4.2856     30.228     56.728  40.825898     0.0385      7.515  -191.4939 1.2375e-01    30.1212      9.410     13.648    11.0001 0.0000e+00
      9.596      0.002     4.0543     28.463     56.557  40.698743     0.0629      7.522  -195.6495 1.2372e-01    31.2015      9.411     13.649    10.9963 0.0000e+00
      9.596      0.001     3.8066     27.195     56.342  40.540288     0.0558      7.530  -199.2099 1.2366e-01    31.3828      9.411     13.649    10.9905 0.0000e+00
      9.597      0.001     3.5580     26.551     56.107  40.369766     0.0449      7.536  -202.5359 1.2365e-01    31.8351      9.411     13.650    10.9852 0.0000e+00
      9.597      0.000     3.3224     26.573     56.081  40.350574     0.0395      7.541  -205.5778 1.2371e-01    32.5367      9.411     13.650    10.9808 0.0000e+00
      9.597 2.2209e-08     3.1208     27.218     56.199  40.435174     0.0402      7.546  -208.1124 1.2375e-01    32.9311      9.411     13.650    10.9769 0.0000e+00
      9.597 2.4430e-07     2.9748     28.331     56.384  40.567587     0.0446      7.551  -210.2945 1.2372e-01    33.1201      9.411     13.649    10.9742 0.0000e+00
      9.597 6.1960e-07     2.9043     29.745     56.457  40.618760     0.0428      7.556  -212.1735 1.2368e-01    34.3779      9.412     13.650    10.9729 0.0000e+00
