Data/DataNotYetUploadedToEDI/Raw_CTD/RawDownloads/052024_bvr50_S7809001.cnv
* Sea-Bird SBE19plus  Data File:
* FileName = C:\R\Reservoirs\Data\DataNotYetUploadedToEDI\Raw_CTD\RawDownloads\052024_bvr50_S7809_0001.hex
* Software version 2.8.0.119
* Temperature SN = 7809
* Conductivity SN = 7809
* System UpLoad Time = May 23 2024 16:45:26
* <ApplicationData>
* <Seaterm232>
# nquan = 15
# nvalues = 1117                        
# units = specified
# name 0 = depFM: Depth [fresh water, m]
# name 1 = dz/dtM: Descent Rate [m/s]
# name 2 = sbeox0Mg/L: Oxygen, SBE 43 [mg/l]
# name 3 = sbeox0PS: Oxygen, SBE 43 [% saturation]
# name 4 = specc: Specific Conductance [uS/cm]
# name 5 = c0uS/cm: Conductivity [uS/cm]
# name 6 = flECO-AFL: Fluorescence, WET Labs ECO-AFL/FL [mg/m^3]
# name 7 = ph: pH
# name 8 = orp: Oxidation Reduction Potential [mV]
# name 9 = par/sat/log: PAR/Logarithmic, Satlantic
# name 10 = turbWETntu0: Turbidity, WET Labs ECO [NTU]
# name 11 = prdM: Pressure, Strain Gauge [db]
# name 12 = prdE: Pressure, Strain Gauge [psi]
# name 13 = tv290C: Temperature [ITS-90, deg C]
# name 14 = flag:  0.000e+00
# span 0 =     -0.638,      9.606       
# span 1 =     -4.242,      0.220       
# span 2 =    -0.2930,    10.3333       
# span 3 =     -2.040,     98.797       
# span 4 =      0.674,    247.242       
# span 5 =   0.648179, 179.424408       
# span 6 =    -0.4731,     9.7258       
# span 7 =      6.266,      8.173       
# span 8 = -1240.7455,   475.3095       
# span 9 = 1.2357e-01, 1.4732e+03       
# span 10 =    -0.3295,   134.7935      
# span 11 =     -0.626,      9.422      
# span 12 =     -0.908,     13.665      
# span 13 =    10.8573,    23.0474      
# span 14 = 0.0000e+00, 0.0000e+00      
# interval = seconds: 0.25
# start_time = May 20 2024 09:59:58 [Instrument's time stamp, header]
# bad_flag = -9.990e-29
*END*
[from data line 675]
      9.601 -2.210e-32     1.1322      9.323     89.729  64.714570    -0.0823      7.797  -271.0493 1.2371e-01     8.5187      9.415     13.656    11.0501 0.0000e+00
      9.601 -2.431e-31     1.1056      9.189     89.376  64.463922    -0.0813      7.798  -271.3593 1.2367e-01     8.5414      9.416     13.656    11.0528 0.0000e+00
      9.601 -2.674e-30     1.0755      9.078     89.162  64.313450    -0.0737      7.800  -271.6338 1.2361e-01     8.6364      9.416     13.657    11.0556 0.0000e+00
      9.601 -2.942e-29     1.0443      8.978     89.130  64.293150    -0.0662      7.801  -271.7867 1.2359e-01     8.7445      9.416     13.656    11.0570 0.0000e+00
      9.601 -3.236e-28     1.0238      8.884     89.110  64.282034    -0.0565      7.802  -271.9171 1.2366e-01     8.7553      9.416     13.657    11.0583 0.0000e+00
      9.601 -3.559e-27     1.0113      8.785     89.053  64.242581    -0.0566      7.802  -272.0916 1.2375e-01     8.6986      9.415     13.656    11.0607 0.0000e+00
      9.601 -3.915e-26     0.9992      8.687     89.342  64.451545    -0.0675      7.803  -272.1765 1.2380e-01     8.6743      9.416     13.656    11.0629 0.0000e+00
      9.601 -4.307e-25     0.9874      8.557     89.527  64.584571    -0.0799      7.805  -272.2548 1.2382e-01     8.8370      9.415     13.656    11.0646 0.0000e+00
      9.602 -4.737e-24     0.9793      8.407     88.642  63.944654    -0.0810      7.807  -272.4363 1.2380e-01     9.1286      9.416     13.657    11.0663 0.0000e+00
      9.602 -5.211e-23     0.9656      8.307     87.521  63.132013    -0.0644      7.810  -272.3932 1.2371e-01     9.2280      9.416     13.657    11.0673 0.0000e+00
      9.602 -5.732e-22     0.9579      8.251     86.931  62.701529    -0.0539      7.811  -272.2497 1.2366e-01     9.1846      9.416     13.657    11.0680 0.0000e+00
      9.601 -6.305e-21     0.9445      8.217     86.466  62.361342    -0.0707      7.812  -272.4216 1.2367e-01     9.0484      9.415     13.655    11.0678 0.0000e+00
      9.601 -6.936e-20     0.9209      8.215     86.155  62.132093    -0.0936      7.813  -272.7511 1.2368e-01     8.8110      9.416     13.656    11.0665 0.0000e+00
      9.602 -7.630e-19     0.9136      8.230     86.193  62.153429    -0.0968      7.814  -272.9645 1.2375e-01     8.7055      9.416     13.657    11.0640 0.0000e+00
      9.602 -8.393e-18     0.9078      8.264     86.230  62.174572    -0.0849      7.817  -273.0225 1.2382e-01     8.7632      9.416     13.657    11.0613 0.0000e+00
      9.602 -9.232e-17     0.9029      8.336     86.003  62.006515    -0.0746      7.818  -273.0212 1.2382e-01     9.2012      9.416     13.657    11.0584 0.0000e+00
      9.602 -1.016e-15     0.9040      8.431     85.773  61.836895    -0.0804      7.818  -273.1220 1.2382e-01     9.9357      9.416     13.657    11.0555 0.0000e+00
      9.602 -1.117e-14     0.9062      8.536     85.692  61.775590    -0.0969      7.819  -273.3800 1.2381e-01    10.3006      9.416     13.657    11.0523 0.0000e+00
      9.602 -1.229e-13     0.9079      8.664     85.602  61.710019    -0.0989      7.821  -273.7322 1.2379e-01    10.3338      9.416     13.656    11.0487 0.0000e+00
      9.602 -1.352e-12     0.9168      8.804     85.382  61.552348    -0.0801      7.823  -274.0243 1.2377e-01    10.5083      9.416     13.657    11.0459 0.0000e+00
      9.602 -1.487e-11     0.9295      8.964     85.073  61.330460    -0.0611      7.824  -274.1591 1.2377e-01    10.8385      9.417     13.658    11.0440 0.0000e+00
      9.602 -1.635e-10     0.9380      9.149     84.699  61.060236    -0.0525      7.826  -274.4154 1.2378e-01    11.0472      9.417     13.658    11.0422 0.0000e+00
      9.602 -1.799e-09     0.9548      9.335     84.287  60.762830    -0.0586      7.827  -274.7137 1.2373e-01    11.0501      9.417     13.658    11.0417 0.0000e+00
      9.602 -1.979e-08     0.9686      9.505     83.965  60.529903    -0.0763      7.827  -274.7550 1.2369e-01    10.6685      9.416     13.657    11.0429 0.0000e+00
      9.602 -2.177e-07     0.9855      9.645     83.793  60.403967    -0.0756      7.828  -274.8282 1.2373e-01    10.0192      9.416     13.657    11.0436 0.0000e+00
      9.602     -0.000     1.0084      9.794     83.590  60.256616    -0.0592      7.830  -275.0817 1.2377e-01     9.7244      9.417     13.658    11.0429 0.0000e+00
      9.602     -0.000     1.0277      9.966     83.347  60.082393    -0.0532      7.831  -275.3256 1.2381e-01     9.7005      9.416     13.657    11.0422 0.0000e+00
      9.602     -0.000     1.0498     10.114     83.335  60.076257    -0.0607      7.832  -275.4547 1.2384e-01     9.2527      9.416     13.657    11.0421 0.0000e+00
      9.602     -0.003     1.0615     10.229     83.480  60.182427    -0.0747      7.833  -275.5246 1.2379e-01     8.4437      9.416     13.657    11.0411 0.0000e+00
      9.602     -0.035     1.0766     10.329     83.362  60.095523    -0.0897      7.834  -275.6534 1.2373e-01     8.0137      9.416     13.657    11.0397 0.0000e+00
      9.602     -0.386     1.0999     10.428     82.939  59.787837    -0.0915      7.835  -275.8931 1.2372e-01     7.9822      9.416     13.657    11.0402 0.0000e+00
      9.602     -4.242     1.1151     10.528     82.646  59.575084    -0.0800      7.837  -276.1858 1.2375e-01     7.9599      9.416     13.657    11.0429 0.0000e+00
      9.602     -4.242     1.1269     10.612     82.446  59.428964    -0.0751      7.838  -276.3536 1.2379e-01     7.5395      9.416     13.657    11.0442 0.0000e+00
      9.602     -0.386     1.1378     10.675     82.081  59.164575    -0.0742      7.838  -276.4595 1.2381e-01     6.7586      9.417     13.658    11.0427 0.0000e+00
      9.602     -0.035     1.1484     10.741     81.919  59.046454    -0.0780      7.839  -276.6050 1.2377e-01     6.3072      9.416     13.657    11.0407 0.0000e+00
      9.602     -0.003     1.1601     10.797     82.234  59.271286    -0.0870      7.841  -276.7364 1.2377e-01     6.2835      9.416     13.657    11.0394 0.0000e+00
      9.602     -0.000     1.1709     10.831     82.513  59.469017    -0.0828      7.842  -276.8441 1.2377e-01     6.1648      9.417     13.658    11.0384 0.0000e+00
      9.602     -0.000     1.1747     10.882     82.251  59.277321    -0.0612      7.843  -276.8747 1.2376e-01     5.7939      9.417     13.658    11.0377 0.0000e+00
      9.602     -0.000     1.1832     10.957     81.850  58.986327    -0.0506      7.844  -276.9337 1.2380e-01     5.5219      9.417     13.658    11.0373 0.0000e+00
      9.602 -2.177e-07     1.1917     11.023     81.606  58.809290    -0.0629      7.845  -277.1278 1.2380e-01     5.4039      9.416     13.657    11.0359 0.0000e+00
      9.602 -1.979e-08     1.1914     11.102     81.403  58.661371    -0.0765      7.846  -277.2428 1.2378e-01     5.2904      9.417     13.658    11.0334 0.0000e+00
      9.602 -1.771e-09     1.1974     11.222     81.228  58.531857    -0.0825      7.847  -277.2915 1.2382e-01     5.2088      9.416     13.657    11.0313 0.0000e+00
      9.602 1.4681e-10     1.2085     11.352     80.855  58.259722    -0.0767      7.849  -277.4588 1.2386e-01     5.2025      9.417     13.658    11.0307 0.0000e+00
      9.602 3.3991e-09     1.2143     11.469     80.377  57.911912    -0.0644      7.850  -277.5451 1.2381e-01     5.2136      9.417     13.658    11.0302 0.0000e+00
      9.603 3.7553e-08     1.2202     11.572     80.165  57.756711    -0.0594      7.852  -277.6464 1.2376e-01     5.1720      9.417     13.658    11.0289 0.0000e+00
      9.603 4.1309e-07     1.2370     11.647     80.111  57.717146    -0.0657      7.852  -277.9094 1.2377e-01     5.1436      9.417     13.658    11.0273 0.0000e+00
      9.602      0.000     1.2515     11.697     79.806  57.497055    -0.0742      7.852  -278.0584 1.2377e-01     5.1783      9.416     13.657    11.0249 0.0000e+00
      9.602      0.000     1.2639     11.730     79.384  57.191766    -0.0703      7.853  -278.0704 1.2373e-01     5.2158      9.417     13.658    11.0221 0.0000e+00
      9.602      0.001     1.2766     11.735     79.223  57.074866    -0.0603      7.856  -278.1408 1.2363e-01     5.1528      9.417     13.658    11.0206 0.0000e+00
      9.602      0.001     1.2843     11.718     79.347  57.163474    -0.0525      7.857  -278.3071 1.2357e-01     4.9971      9.416     13.657    11.0205 0.0000e+00
      9.602      0.002     1.2895     11.722     79.903  57.564402    -0.0596      7.858  -278.6188 1.2363e-01     4.8702      9.417     13.658    11.0203 0.0000e+00
      9.603      0.002     1.2934     11.763     81.014  58.365308    -0.0797      7.858  -279.4994 1.2368e-01     4.7801      9.417     13.658    11.0195 0.0000e+00
      9.604      0.000     1.2952     11.835     83.440  60.113864    -0.0867      7.858  -281.8131 1.2368e-01     4.1125      9.419     13.660    11.0191 0.0000e+00
      9.606     -0.005     1.2897     11.934     88.878  64.031065    -0.0786      7.858  -283.3636 1.2371e-01     2.9122      9.420     13.662    11.0187 0.0000e+00
      9.606     -0.011     1.2903     12.046    103.371  74.468062    -0.0641      7.859  -281.9847 1.2372e-01     2.2925      9.422     13.665    11.0187 0.0000e+00
      9.604     -0.017     1.2954     12.186    137.906  99.338721    -0.0537      7.861  -281.7464 1.2369e-01     2.2220      9.420     13.664    11.0192 0.0000e+00
      9.597     -0.022     1.3026     12.353    181.920 131.037053    -0.0603      7.864  -283.8377 1.2369e-01     2.1283      9.413     13.652    11.0195 0.0000e+00
      9.587     -0.024     1.3156     12.520    209.428 150.848292    -0.0689      7.866  -285.1586 1.2375e-01     1.5005      9.401     13.635    11.0197 0.0000e+00
      9.578     -0.024     1.3259     12.655    220.727 158.986219    -0.0671      7.869  -285.6723 1.2378e-01     0.3701      9.392     13.621    11.0182 0.0000e+00
      9.571     -0.020     1.3415     12.715    228.157 164.333111    -0.0725      7.873  -285.5748 1.2373e-01    -0.2323      9.386     13.613    11.0145 0.0000e+00
      9.565     -0.015     1.3611     12.679    234.419 168.825321    -0.0759      7.875  -284.3238 1.2368e-01    -0.2835      9.379     13.603    11.0125 0.0000e+00
      9.564     -0.010     1.3801     12.541    239.012 172.110246    -0.0749      7.877  -283.1941 1.2370e-01    -0.3170      9.378     13.602    11.0112 0.0000e+00
      9.565     -0.007     1.3977     12.301    241.086 173.583645    -0.0764      7.879  -282.8432 1.2375e-01    -0.3295      9.380     13.605    11.0118 0.0000e+00
      9.565     -0.006     1.4044     11.954    241.590 173.928262    -0.0687      7.882  -282.3177 1.2380e-01    -0.2990      9.381     13.606    11.0121 0.0000e+00
      9.565     -0.007     1.4010     11.509    241.765 174.041003    -0.0652      7.885  -281.7437 1.2378e-01    -0.2894      9.381     13.606    11.0068 0.0000e+00
      9.563     -0.009     1.3854     11.007    241.879 174.116264    -0.0757      7.887  -281.4967 1.2375e-01    -0.3157      9.379     13.602    11.0016 0.0000e+00
      9.559     -0.012     1.3596     10.444    241.995 174.199373    -0.0871      7.890  -281.5684 1.2378e-01    -0.3100      9.374     13.595    10.9978 0.0000e+00
      9.555     -0.014     1.3223      9.785    242.103 174.279236    -0.0946      7.892  -280.5453 1.2378e-01    -0.2886      9.370     13.590    10.9934 0.0000e+00
      9.551     -0.014     1.2697      9.056    242.235 174.379133    -0.0925      7.895  -276.6976 1.2379e-01    -0.2958      9.366     13.585    10.9907 0.0000e+00
      9.547     -0.014     1.2148      8.319    242.410 174.512817    -0.0779      7.898  -270.1506 1.2382e-01    -0.2951      9.362     13.578    10.9894 0.0000e+00
      9.544     -0.014     1.1559      7.596    242.634 174.681752    -0.0678      7.900  -261.8719 1.2379e-01    -0.2803      9.359     13.574    10.9894 0.0000e+00
      9.541     -0.014     1.0818      6.911    242.909 174.888425    -0.0701      7.902  -251.8849 1.2375e-01    -0.2530      9.356     13.571    10.9900 0.0000e+00
      9.537     -0.014     0.9972      6.307    243.184 175.095046    -0.0811      7.903  -239.6537 1.2374e-01     0.1380      9.353     13.565    10.9911 0.0000e+00
      9.533     -0.014     0.9168      5.797    243.404 175.263342    -0.0924      7.905  -225.2339 1.2374e-01     4.4809      9.348     13.558    10.9927 0.0000e+00
      9.529     -0.014     0.8362      5.396    243.567 175.389950    -0.0907      7.906  -209.2631 1.2372e-01    12.4269      9.345     13.554    10.9944 0.0000e+00
      9.526     -0.013     0.7577      5.136    243.672 175.475846    -0.0766      7.908  -194.3672 1.2370e-01    16.7917      9.342     13.549    10.9960 0.0000e+00
      9.522     -0.012     0.6914      4.984    243.741 175.535231    -0.0639      7.909  -181.4155 1.2373e-01    17.5280      9.338     13.544    10.9979 0.0000e+00
      9.520     -0.011     0.6355      4.867    243.814 175.596857    -0.0370      7.911  -169.7645 1.2378e-01    21.6365      9.336     13.540    10.9999 0.0000e+00
      9.517     -0.011     0.5882      4.777    243.869 175.645963     0.0072      7.914  -160.5287 1.2380e-01    29.1991      9.333     13.535    11.0018 0.0000e+00
      9.515     -0.010     0.5608      4.710    243.905 175.681745     0.0300      7.916  -153.0321 1.2380e-01    33.3726      9.330     13.532    11.0038 0.0000e+00
      9.512     -0.010     0.5496      4.662    243.930 175.710053     0.0310      7.917  -145.2017 1.2376e-01    33.9064      9.329     13.530    11.0058 0.0000e+00
      9.509     -0.011     0.5344      4.638    243.948 175.732683     0.0268      7.918  -136.8346 1.2368e-01    35.3121      9.326     13.526    11.0079 0.0000e+00
      9.507     -0.015     0.5253      4.613    243.977 175.763702     0.0209      7.920  -128.5268 1.2369e-01    37.7982      9.324     13.523    11.0098 0.0000e+00
      9.504     -0.021     0.5188      4.567    243.966 175.765661     0.0264      7.922  -120.5537 1.2377e-01    39.1322      9.320     13.518    11.0118 0.0000e+00
      9.499     -0.031     0.5115      4.507    243.940 175.756378     0.0346      7.924  -113.1358 1.2382e-01    39.2463      9.316     13.512    11.0140 0.0000e+00
      9.492     -0.043     0.5118      4.449    243.958 175.779255     0.0293      7.925  -105.9479 1.2384e-01    39.4848      9.311     13.504    11.0159 0.0000e+00
      9.482     -0.056     0.5088      4.393    243.955 175.786713     0.0202      7.925   -99.7238 1.2379e-01    39.9328      9.300     13.489    11.0178 0.0000e+00
      9.465     -0.069     0.5039      4.312    243.935 175.782685     0.0163      7.926   -94.5807 1.2372e-01    40.2563      9.284     13.465    11.0200 0.0000e+00
      9.444     -0.080     0.4962      4.210    243.939 175.794452     0.0323      7.928   -89.7077 1.2367e-01    40.9361      9.262     13.434    11.0220 0.0000e+00
      9.419     -0.086     0.4890      4.110    243.935 175.801215     0.0878      7.929   -84.8576 1.2372e-01    47.6065      9.237     13.398    11.0238 0.0000e+00
      9.392     -0.088     0.4858      4.025    243.921 175.800581     0.1557      7.931   -79.7312 1.2374e-01    59.7611      9.210     13.358    11.0259 0.0000e+00
      9.367     -0.087     0.4754      3.947    243.889 175.786797     0.1957      7.933   -74.9608 1.2371e-01    66.3918      9.185     13.322    11.0280 0.0000e+00
      9.346     -0.086     0.4638      3.862    243.843 175.762350     0.2220      7.933   -70.7160 1.2371e-01    67.3161      9.164     13.292    11.0298 0.0000e+00
      9.328     -0.089     0.4515      3.762    243.828 175.760566     0.3153      7.934   -66.3503 1.2370e-01    71.3465      9.147     13.266    11.0318 0.0000e+00
      9.311     -0.094     0.4429      3.667    243.821 175.765249     0.4671      7.936   -61.6678 1.2365e-01    78.7095      9.132     13.244    11.0337 0.0000e+00
      9.290     -0.100     0.4352      3.595    243.794 175.755089     0.5504      7.938   -57.2066 1.2363e-01    82.7616      9.113     13.218    11.0357 0.0000e+00
