Data/DataNotYetUploadedToEDI/Raw_CTD/RawDownloads/052224_ccr88_S7809004.cnv
* Sea-Bird SBE19plus  Data File:
* FileName = C:\R\Reservoirs\Data\DataNotYetUploadedToEDI\Raw_CTD\RawDownloads\052024_bvr50_S7809_0004.hex
* Software version 2.8.0.119
* Temperature SN = 7809
* Conductivity SN = 7809
* System UpLoad Time = May 23 2024 16:49:15
* <ApplicationData>
* <Seaterm232>
# nquan = 15
# nvalues = 1807                        
# units = specified
# name 0 = depFM: Depth [fresh water, m]
# name 1 = dz/dtM: Descent Rate [m/s]
# name 2 = sbeox0Mg/L: Oxygen, SBE 43 [mg/l]
# name 3 = sbeox0PS: Oxygen, SBE 43 [% saturation]
# name 4 = specc: Specific Conductance [uS/cm]
# name 5 = c0uS/cm: Conductivity [uS/cm]
# name 6 = flECO-AFL: Fluorescence, WET Labs ECO-AFL/FL [mg/m^3]
# name 7 = ph: pH
# name 8 = orp: Oxidation Reduction Potential [mV]
# name 9 = par/sat/log: PAR/Logarithmic, Satlantic
# name 10 = turbWETntu0: Turbidity, WET Labs ECO [NTU]
# name 11 = prdM: Pressure, Strain Gauge [db]
# name 12 = prdE: Pressure, Strain Gauge [psi]
# name 13 = tv290C: Temperature [ITS-90, deg C]
# name 14 = flag:  0.000e+00
# span 0 =     -0.488,     12.608       
# span 1 =     -0.466,      0.270       
# span 2 =     1.0885,     9.7347       
# span 3 =     10.028,    114.880       
# span 4 =      1.743,    174.767       
# span 5 =   1.918849, 123.309784       
# span 6 =    -1.1746,     5.2035       
# span 7 =      6.512,      8.363       
# span 8 = -1240.6438,   209.3553       
# span 9 = 1.2514e+00, 2.7072e+03       
# span 10 =    -0.3987,   418.1811      
# span 11 =     -0.480,     12.365      
# span 12 =     -0.695,     17.934      
# span 13 =    10.1895,    30.0925      
# span 14 = 0.0000e+00, 0.0000e+00      
# interval = seconds: 0.25
# start_time = May 22 2024 11:43:15 [Instrument's time stamp, header]
# bad_flag = -9.990e-29
*END*
[from data line 1350]
     12.095      0.108     3.9076     34.720    125.848  88.810034     1.0710      8.260   199.8079 2.1027e+00     8.0575     11.859     17.200    10.3019 0.0000e+00
     12.125      0.102     3.9037     34.580    125.890  88.830169     1.0712      8.260   200.0338 2.0638e+00     8.0339     11.891     17.247    10.2977 0.0000e+00
     12.151      0.097     3.9033     34.409    125.885  88.818718     1.1253      8.260   200.3327 2.0457e+00     7.9770     11.919     17.287    10.2924 0.0000e+00
     12.171      0.096     3.9026     34.211    125.870  88.798808     1.2183      8.260   200.3248 2.0305e+00     7.9507     11.937     17.313    10.2868 0.0000e+00
     12.190      0.094     3.8949     33.995    125.860  88.780285     1.2547      8.259   200.0233 1.9966e+00     7.9206     11.953     17.336    10.2820 0.0000e+00
     12.212      0.089     3.8770     33.782    125.882  88.785603     1.2489      8.259   199.7857 1.9506e+00     7.8870     11.974     17.366    10.2783 0.0000e+00
     12.240      0.084     3.8590     33.563    125.910  88.799475     1.2731      8.258   199.7750 1.8976e+00     8.0902     12.003     17.409    10.2757 0.0000e+00
     12.268      0.079     3.8367     33.336    125.943  88.820775     1.3148      8.258   199.8937 1.8501e+00     8.4989     12.034     17.455    10.2722 0.0000e+00
     12.288      0.076     3.8113     33.136    125.994  88.852279     1.3365      8.257   200.0163 1.8300e+00     8.7296     12.054     17.484    10.2669 0.0000e+00
     12.301      0.075     3.7887     32.994    126.021  88.862289     1.3448      8.256   200.0524 1.8240e+00     8.7615     12.064     17.498    10.2621 0.0000e+00
     12.311      0.077     3.7653     32.919    126.063  88.878170     1.3728      8.256   199.9859 1.8124e+00     9.1575     12.070     17.505    10.2601 0.0000e+00
     12.327      0.081     3.7374     32.908    126.142  88.917042     1.4173      8.256   199.9870 1.7864e+00    10.0003     12.084     17.526    10.2603 0.0000e+00
     12.352      0.085     3.7136     32.909    126.213  88.950546     1.4338      8.255   200.1517 1.7484e+00    10.5481     12.111     17.566    10.2589 0.0000e+00
     12.382      0.086     3.6985     32.887    126.254  88.965150     1.4471      8.255   200.3428 1.7206e+00    11.0674     12.143     17.612    10.2550 0.0000e+00
     12.412      0.083     3.6892     32.835    126.269  88.966360     1.7526      8.255   200.4053 1.7063e+00    16.2446     12.174     17.656    10.2494 0.0000e+00
     12.436      0.076     3.6921     32.723    126.277  88.965168     2.3317      8.255   200.2182 1.6905e+00    25.8005     12.200     17.694    10.2424 0.0000e+00
     12.450      0.067     3.6945     32.516    126.267  88.950737     2.6552      8.255   199.9733 1.6803e+00    31.1994     12.212     17.713    10.2355 0.0000e+00
     12.456      0.060     3.6913     32.231    126.231  88.919097     2.6680      8.254   199.9399 1.6756e+00    33.4599     12.213     17.715    10.2296 0.0000e+00
     12.466      0.054     3.6878     31.912    126.208  88.900705     2.4625      8.254   199.9856 1.6520e+00    53.2343     12.222     17.727    10.2257 0.0000e+00
     12.483      0.050     3.6773     31.590    126.229  88.919213     2.0930      8.253   199.9241 1.6189e+00    89.4493     12.240     17.754    10.2237 0.0000e+00
     12.501      0.047     3.6538     31.309    126.269  88.952021     1.8949      8.252   199.8844 1.5989e+00   108.9707     12.261     17.782    10.2210 0.0000e+00
     12.516      0.043     3.6188     31.086    126.304  88.979292     1.8493      8.251   199.9358 1.5895e+00   108.2547     12.276     17.804    10.2175 0.0000e+00
     12.525      0.036     3.5836     30.931    126.323  88.994476     1.3746      8.251   199.8575 1.5904e+00    80.8262     12.284     17.817    10.2167 0.0000e+00
     12.531      0.027     3.5441     30.873    126.341  89.008371     0.4830      8.251   199.7983 1.5878e+00    30.1824     12.289     17.824    10.2188 0.0000e+00
     12.535      0.019     3.5115     30.880    126.357  89.020054    -0.0087      8.251   199.9946 1.5789e+00     2.4751     12.294     17.830    10.2210 0.0000e+00
     12.538      0.013     3.4883     30.905    126.338  89.008498    -0.0592      8.251   200.2515 1.5803e+00    -0.1021     12.296     17.833    10.2218 0.0000e+00
     12.540      0.010     3.4665     30.920    126.315  88.995890    -0.0700      8.251   200.4098 1.5786e+00    -0.3304     12.298     17.836    10.2225 0.0000e+00
     12.542      0.008     3.4631     30.916    126.307  88.994859    -0.0890      8.250   200.6174 1.5633e+00    -0.3526     12.300     17.839    10.2231 0.0000e+00
     12.544      0.007     3.4659     30.914    126.302  88.996030    -0.1050      8.249   200.7837 1.5489e+00    -0.3364     12.301     17.841    10.2231 0.0000e+00
     12.546      0.007     3.4692     30.907    126.312  89.010060    -0.0885      8.249   200.6128 1.5489e+00    -0.2714     12.303     17.844    10.2237 0.0000e+00
     12.547      0.007     3.4724     30.895    126.519  89.164487    -0.0568      8.249   200.2721 1.5488e+00    -0.2149     12.305     17.847    10.2252 0.0000e+00
     12.548      0.007     3.4685     30.882    127.294  89.718052    -0.0461      8.248   200.0201 1.5390e+00    -0.1999     12.306     17.848    10.2270 0.0000e+00
     12.550      0.007     3.4703     30.872    128.743  90.740688    -0.0585      8.247   200.3190 1.5263e+00    -0.2619     12.308     17.851    10.2290 0.0000e+00
     12.552      0.007     3.4687     30.876    130.602  92.049170    -0.0822      8.247   201.1325 1.5113e+00    -0.3490     12.309     17.853    10.2313 0.0000e+00
     12.554      0.008     3.4667     30.891    132.498  93.386016    -0.0989      8.247   201.5968 1.4993e+00    -0.3653     12.311     17.856    10.2351 0.0000e+00
     12.556      0.008     3.4657     30.895    135.782  95.705453    -0.0859      8.248   201.6307 1.4913e+00    -0.3222     12.313     17.859    10.2390 0.0000e+00
     12.558      0.009     3.4625     30.800    141.841  99.982638    -0.0677      8.248   201.5422 1.4947e+00    -0.2718     12.315     17.862    10.2390 0.0000e+00
     12.560      0.011     3.4651     30.546    148.692 104.811111    -0.0692      8.247   201.3015 1.4934e+00    -0.2345     12.318     17.866    10.2378 0.0000e+00
     12.563      0.013     3.4649     30.123    154.858 109.142377    -0.0632      8.246   201.0432 1.4708e+00    -0.2132     12.320     17.868    10.2373 0.0000e+00
     12.566      0.016     3.4710     29.513    161.371 113.700702    -0.0525      8.246   200.9146 1.4429e+00    -0.2182     12.322     17.872    10.2390 0.0000e+00
     12.570      0.018     3.4629     28.759    167.378 117.889004    -0.0483      8.245   200.8642 1.4082e+00    -0.2267     12.327     17.879    10.2432 0.0000e+00
     12.576      0.018     3.4317     27.909    171.025 120.415042    -0.0465      8.243   200.8643 1.3670e+00    -0.2479     12.333     17.886    10.2438 0.0000e+00
     12.582      0.017     3.3888     26.976    169.251 119.140351    -0.0638      8.243   200.9153 1.3188e+00    -0.3037     12.339     17.896    10.2390 0.0000e+00
     12.588      0.016     3.3168     25.982    159.233 112.093701    -0.0818      8.243   200.9658 1.2756e+00    -0.3549     12.347     17.907    10.2291 0.0000e+00
     12.592      0.013     3.2320     24.964    147.490 103.879078    -0.0808      8.243   200.9583 1.2625e+00    -0.3882     12.350     17.912    10.2138 0.0000e+00
     12.593      0.009     3.1374     23.906    142.754 100.633409    -0.0777      8.243   200.9965 1.2583e+00    -0.3987     12.350     17.911    10.1998 0.0000e+00
     12.594      0.005     3.0325     22.746    145.575 102.712089    -0.0699      8.242   201.0841 1.2514e+00    -0.3453     12.351     17.912    10.1913 0.0000e+00
     12.595      0.002     2.9192     21.527    149.932 105.838757    -0.0525      8.242   201.0709 1.2607e+00    -0.2549     12.351     17.914    10.1895 0.0000e+00
     12.596      0.002     2.8025     20.371    152.898 107.942480    -0.0422      8.241   201.0085 1.2973e+00    -0.2281     12.354     17.918    10.2084 0.0000e+00
     12.594      0.003     2.6885     19.418    157.729 111.337713    -0.0442      8.240   200.9320 1.3404e+00    -0.2608     12.352     17.913    10.2456 0.0000e+00
     12.593      0.004     2.5521     18.822    160.117 113.008060    -0.0520      8.240   200.9197 1.3444e+00    -0.2746     12.347     17.908    10.2799 0.0000e+00
     12.594      0.005     2.4094     18.641    156.378 110.368672    -0.0610      8.240   201.0323 1.3145e+00    -0.2923     12.351     17.913    10.2986 0.0000e+00
     12.598      0.005     2.2752     18.783    153.568 108.404232    -0.0705      8.239   201.0891 1.2890e+00    -0.3383     12.356     17.920    10.2992 0.0000e+00
     12.601      0.005     2.1611     19.075    154.813 109.319491    -0.0756      8.238   201.0040 1.2735e+00    -0.3530     12.358     17.924    10.2915 0.0000e+00
     12.603      0.005     2.0916     19.344    157.043 110.927223    -0.0729      8.238   200.8635 1.2688e+00    -0.3336     12.359     17.925    10.2845 0.0000e+00
     12.603      0.005     2.0760     19.413    159.524 112.686278    -0.0707      8.238   200.8528 1.2948e+00    -0.2738     12.360     17.928    10.2847 0.0000e+00
     12.601      0.004     2.0996     19.170    162.726 114.919620    -0.0665      8.238   200.9609 1.3147e+00    -0.2110     12.357     17.923    10.2905 0.0000e+00
     12.601      0.003     2.1373     18.643    163.897 115.699797    -0.0545      8.237   200.9654 1.2927e+00    -0.2235     12.355     17.920    10.3040 0.0000e+00
     12.604      0.003     2.1746     17.978    162.122 114.411947    -0.0505      8.235   200.9077 1.2745e+00    -0.2538     12.361     17.928    10.3189 0.0000e+00
     12.607      0.002     2.1873     17.288    161.372 113.871982    -0.0525      8.235   200.9526 1.2703e+00    -0.2356     12.365     17.934    10.3212 0.0000e+00
     12.608      0.001     2.1599     16.632    164.902 116.369276    -0.0529      8.235   201.4214 1.2697e+00    -0.2422     12.364     17.932    10.3115 0.0000e+00
     12.608     -0.003     2.0936     16.077    165.998 117.147741    -0.0632      8.235   202.1878 1.2762e+00    -0.3004     12.363     17.931    10.2921 0.0000e+00
     12.607     -0.008     2.0147     15.595    161.421 113.913986    -0.0775      8.235   203.1639 1.2975e+00    -0.3583     12.364     17.932    10.2801 0.0000e+00
     12.604     -0.014     1.9384     15.105    164.932 116.383890    -0.0843      8.235   204.7916 1.3471e+00    -0.3612     12.363     17.931    10.2781 0.0000e+00
     12.599     -0.020     1.8580     14.557    174.767 123.309784    -0.0871      8.235   206.1228 1.3981e+00    -0.3015     12.356     17.921    10.2824 0.0000e+00
     12.594     -0.029     1.7984     13.885    169.064 119.286160    -0.0777      8.235   206.0953 1.4410e+00    -0.2167     12.351     17.913    10.2850 0.0000e+00
     12.586     -0.043     1.7499     13.059    148.103 104.543252    -0.0632      8.235   205.4064 1.4900e+00     0.3567     12.345     17.905    10.2808 0.0000e+00
     12.576     -0.066     1.6937     12.126    132.621  93.705776    -0.0527      8.234   205.1062 1.5323e+00     6.2889     12.334     17.889    10.2822 0.0000e+00
     12.564     -0.101     1.6378     11.207    127.777  90.382141     0.1820      8.233   205.0470 1.5561e+00    71.6809     12.321     17.870    10.2759 0.0000e+00
     12.545     -0.141     1.5630     10.433    126.662  89.684151     0.6435      8.232   204.6048 1.5797e+00   191.7123     12.308     17.852    10.2690 0.0000e+00
     12.510     -0.181     1.4690     10.028    126.332  89.529303     0.8922      8.232   204.1474 1.6318e+00   257.4890     12.280     17.811    10.2878 0.0000e+00
     12.449     -0.215     1.3568     10.463    125.977  89.337051     0.9583      8.232   204.1626 1.7258e+00   266.9714     12.213     17.715    10.3268 0.0000e+00
     12.371     -0.236     1.2481     12.242    125.744  89.204702     1.6418      8.231   204.5299 1.8344e+00   306.8758     12.129     17.592    10.3669 0.0000e+00
     12.294     -0.247     1.1561     15.430    125.723  89.201542     2.9056      8.230   204.9745 1.9352e+00   379.1436     12.053     17.482    10.4012 0.0000e+00
     12.226     -0.249     1.0885     19.582    125.679  89.171621     3.5968      8.230   205.2373 2.0246e+00   418.1811     11.985     17.383    10.4343 0.0000e+00
     12.171     -0.246     1.1115     24.162    125.585  89.097407     3.6484      8.230   205.5567 2.0812e+00   416.9560     11.932     17.305    10.4596 0.0000e+00
     12.123     -0.243     1.3049     28.709    125.562  89.067665     3.4292      8.230   205.8250 2.1311e+00   364.1255     11.891     17.247    10.4709 0.0000e+00
     12.068     -0.241     1.6853     32.743    125.756  89.193716     2.9939      8.230   205.9857 2.2258e+00   266.6959     11.840     17.172    10.4739 0.0000e+00
     12.000     -0.236     2.1709     35.928    125.893  89.285454     2.7473      8.231   206.7243 2.3538e+00   213.2725     11.770     17.070    10.4746 0.0000e+00
     11.926     -0.221     2.6949     38.093    125.631  89.095300     2.7032      8.231   207.7004 2.4678e+00   205.4036     11.693     16.960    10.4721 0.0000e+00
     11.857     -0.195     3.2273     39.230    125.415  88.930411     2.4357      8.230   208.3241 2.5671e+00   171.3489     11.621     16.855    10.4641 0.0000e+00
     11.802     -0.159     3.6892     39.590    125.464  88.945908     1.9510      8.230   208.4147 2.6524e+00   109.7061     11.567     16.776    10.4592 0.0000e+00
     11.770     -0.120     4.0499     39.467    125.511  88.964565     1.6955      8.230   208.0215 2.6876e+00    76.2532     11.533     16.728    10.4582 0.0000e+00
     11.758     -0.088     4.2972     39.119    125.521  88.965114     1.6845      8.230   207.1829 2.6896e+00    73.9660     11.527     16.719    10.4578 0.0000e+00
     11.754     -0.070     4.4080     38.699    125.509  88.952546     1.7192      8.229   205.9325 2.6972e+00    81.1298     11.531     16.724    10.4535 0.0000e+00
     11.747     -0.071     4.4402     38.250    125.497  88.939836     1.7654      8.228   205.3794 2.7236e+00    94.6870     11.521     16.710    10.4432 0.0000e+00
     11.734     -0.088     4.4158     37.847    125.499  88.938680     1.7769      8.227   205.6584 2.7627e+00   102.1017     11.510     16.695    10.4369 0.0000e+00
     11.711     -0.117     4.3698     37.523    125.495  88.938575     1.7749      8.226   206.0352 2.8185e+00   103.3507     11.491     16.667    10.4356 0.0000e+00
     11.676     -0.149     4.3252     37.201    125.490  88.938564     1.8494      8.226   206.5799 2.9055e+00   109.9932     11.453     16.611    10.4345 0.0000e+00
     11.631     -0.172     4.2701     36.880    125.489  88.938563     1.9944      8.226   206.6527 3.0156e+00   122.0227     11.409     16.548    10.4324 0.0000e+00
     11.577     -0.180     4.2224     36.625    125.488  88.938563     2.0729      8.226   206.2272 3.1500e+00   128.6588     11.357     16.471    10.4307 0.0000e+00
     11.516     -0.171     4.1924     36.395    125.480  88.938562     2.0906      8.226   206.2533 3.2947e+00   130.5186     11.293     16.380    10.4321 0.0000e+00
     11.459     -0.151     4.1573     36.205    125.465  88.938559     2.2169      8.225   206.5381 3.4023e+00   144.8170     11.231     16.289    10.4348 0.0000e+00
     11.419     -0.131     4.1129     36.075    125.455  88.938544     2.4342      8.225   206.7443 3.4443e+00   170.9140     11.187     16.225    10.4347 0.0000e+00
     11.404     -0.112     4.0924     35.950    125.450  88.938385     2.5458      8.225   207.0258 3.4383e+00   185.0780     11.178     16.212    10.4334 0.0000e+00
