Data/DataNotYetUploadedToEDI/Raw_CTD/RawDownloads/052223_bvr50_S8188003.cnv
* Sea-Bird SBE19plus  Data File:
* FileName = C:\R\Reservoirs\Data\DataNotYetUploadedToEDI\Raw_CTD\RawDownloads\051623_fcr50_S8188_0003.hex
* Software version 2.8.0.119
* Temperature SN = 8188
* Conductivity SN = 8188
* System UpLoad Time = May 31 2023 16:44:21
* <ApplicationData>
* <Seaterm232>
# nquan = 16
# nvalues = 2022                        
# units = specified
# name 0 = depFM: Depth [fresh water, m]
# name 1 = dz/dtM: Descent Rate [m/s]
# name 2 = sbeox0Mg/L: Oxygen, SBE 43 [mg/l]
# name 3 = sbeox0PS: Oxygen, SBE 43 [% saturation]
# name 4 = specc: Specific Conductance [uS/cm]
# name 5 = c0uS/cm: Conductivity [uS/cm]
# name 6 = wetCDOM: Fluorescence, WET Labs CDOM [mg/m^3]
# name 7 = flECO-AFL: Fluorescence, WET Labs ECO-AFL/FL [mg/m^3]
# name 8 = flECO-AFL1: Fluorescence, WET Labs ECO-AFL/FL, 2 [mg/m^3]
# name 9 = flECO-AFL2: Fluorescence, WET Labs ECO-AFL/FL, 3 [mg/m^3]
# name 10 = par/sat/log: PAR/Logarithmic, Satlantic
# name 11 = turbWETntu0: Turbidity, WET Labs ECO [NTU]
# name 12 = prdM: Pressure, Strain Gauge [db]
# name 13 = prdE: Pressure, Strain Gauge [psi]
# name 14 = tv290C: Temperature [ITS-90, deg C]
# name 15 = flag:  0.000e+00
# span 0 =     -0.702,     10.198       
# span 1 =     -0.212,      0.102       
# span 2 =     0.0727,    10.0863       
# span 3 =      0.653,    105.961       
# span 4 =      0.087,    156.160       
# span 5 =   0.081709, 103.169914       
# span 6 =    -4.5000,     6.4800       
# span 7 =    -0.2528,   245.2496       
# span 8 =    -2.1300,     2.0022       
# span 9 =    -2.3688,     3.6378       
# span 10 = 1.1590e-01, 1.9569e+03      
# span 11 =    -0.7841,    94.8076      
# span 12 =     -0.689,     10.001      
# span 13 =     -0.999,     14.505      
# span 14 =     7.9643,    22.4304      
# span 15 = 0.0000e+00, 0.0000e+00      
# interval = seconds: 0.25
# start_time = May 22 2023 10:38:26 [Instrument's time stamp, header]
# bad_flag = -9.990e-29
*END*
[from data line 633]
      2.342      0.019     9.6682    104.043     28.614  24.820500     3.1500     0.6398     0.0426     0.2115 4.7045e+01     0.7189      2.297      3.331    18.4700 0.0000e+00
      2.347      0.020     9.7024    104.024     28.594  24.774835     3.1500     0.6360     0.0000     0.0846 4.7066e+01     0.8241      2.302      3.338    18.4514 0.0000e+00
      2.352      0.020     9.7323    103.902     28.580  24.731387     3.1500     0.5826     0.0000     0.0846 4.6760e+01     0.7490      2.307      3.345    18.4321 0.0000e+00
      2.357      0.021     9.7575    103.732     28.577  24.698363     3.1500     0.6208     0.0000     0.0846 4.6497e+01     0.8241      2.312      3.353    18.4049 0.0000e+00
      2.363      0.021     9.7752    103.560     28.582  24.674873     3.1500     0.6894     0.0000     0.0846 4.6104e+01     0.8241      2.317      3.361    18.3662 0.0000e+00
      2.368      0.021     9.7832    103.419     28.587  24.654650     3.1500     0.6475     0.0426     0.1692 4.5705e+01     0.7189      2.323      3.368    18.3173 0.0000e+00
      2.374      0.021     9.7825    103.348     28.590  24.636262     3.1500     0.6780     0.0426     0.1692 4.5527e+01     0.8091      2.328      3.376    18.2631 0.0000e+00
      2.379      0.021     9.7772    103.393     28.593  24.618762     3.1500     0.6627     0.0426     0.1692 4.5162e+01     0.7790      2.333      3.384    18.2095 0.0000e+00
      2.384      0.021     9.7707    103.570     28.594  24.601442     3.1500     0.5940     0.0426     0.1692 4.4976e+01     0.7189      2.338      3.391    18.1609 0.0000e+00
      2.390      0.021     9.7660    103.846     28.598  24.587602     3.1500     0.6360     0.0000     0.1269 4.4791e+01     0.7941      2.344      3.399    18.1182 0.0000e+00
      2.395      0.021     9.7668    104.177     28.600  24.573548     3.1500     0.5902     0.0000     0.1269 4.4413e+01     0.7941      2.349      3.407    18.0807 0.0000e+00
      2.401      0.022     9.7779    104.530     28.592  24.551575     3.1500     0.6284     0.0000     0.1269 4.4384e+01     0.7490      2.354      3.414    18.0467 0.0000e+00
      2.406      0.022     9.8011    104.876     28.571  24.519781     3.1500     0.6284     0.0000     0.1269 4.4249e+01     0.8091      2.359      3.422    18.0149 0.0000e+00
      2.412      0.022     9.8333    105.184     28.546  24.485522     3.1500     0.6208     0.0000     0.1269 4.4172e+01     0.8391      2.365      3.430    17.9848 0.0000e+00
      2.417      0.022     9.8704    105.425     28.532  24.461437     3.1500     0.6398     0.0000     0.2115 4.4163e+01     0.8542      2.370      3.438    17.9563 0.0000e+00
      2.423      0.022     9.9092    105.595     28.533  24.451000     3.1500     0.5864     0.0000     0.2115 4.4029e+01     0.7490      2.376      3.446    17.9299 0.0000e+00
      2.429      0.022     9.9469    105.716     28.540  24.445489     3.1500     0.6093     0.0000     0.2115 4.3971e+01     0.8241      2.382      3.455    17.9058 0.0000e+00
      2.435      0.022     9.9806    105.811     28.544  24.437496     3.1500     0.6398     0.0000     0.2115 4.3981e+01     0.7941      2.387      3.463    17.8838 0.0000e+00
      2.440      0.022    10.0078    105.884     28.545  24.428846     3.1500     0.6055     0.0426     0.1269 4.3895e+01     0.7941      2.393      3.471    17.8628 0.0000e+00
      2.446      0.022    10.0282    105.934     28.548  24.421193     3.1500     0.5979     0.0426     0.1269 4.3857e+01     0.8091      2.398      3.478    17.8421 0.0000e+00
      2.451      0.022    10.0438    105.961     28.553  24.414474     3.1500     0.6284     0.0426     0.1269 4.3943e+01     0.5085      2.404      3.486    17.8220 0.0000e+00
      2.457      0.023    10.0568    105.951     28.558  24.404919     3.1500     0.6284     0.0426     0.1269 4.3914e+01     0.4935      2.409      3.494    17.8031 0.0000e+00
      2.463      0.024    10.0674    105.885     28.556  24.386020     3.2400     0.6246     0.0426     0.1269 4.4009e+01     0.4935      2.415      3.502    17.7851 0.0000e+00
      2.469      0.024    10.0758    105.751     28.552  24.362634     3.2400     0.6017     0.0426     0.1269 4.4067e+01     0.4634      2.421      3.511    17.7674 0.0000e+00
      2.475      0.025    10.0824    105.545     28.552  24.342379     3.2400     0.6017     0.0426     0.1269 4.4211e+01     0.5085      2.427      3.520    17.7480 0.0000e+00
      2.481      0.025    10.0863    105.263     28.553  24.323812     3.2400     0.6093     0.0426     0.1269 4.4394e+01     0.5235      2.434      3.529    17.7247 0.0000e+00
      2.488      0.025    10.0861    104.905     28.545  24.301982     3.2400     0.6131     0.0000     0.0846 4.4345e+01     0.4634      2.440      3.539    17.6951 0.0000e+00
      2.495      0.025    10.0806    104.472     28.534  24.278983     3.2400     0.6055     0.0000     0.0846 4.4355e+01     0.4634      2.447      3.548    17.6600 0.0000e+00
      2.501      0.025    10.0686    103.951     28.532  24.260560     3.2400     0.6093     0.0000     0.0846 4.4345e+01     0.5836      2.453      3.557    17.6234 0.0000e+00
      2.507      0.025    10.0485    103.349     28.540  24.245759     3.2400     0.6246     0.0000     0.0846 4.4442e+01     0.5836      2.459      3.566    17.5903 0.0000e+00
      2.513      0.025    10.0199    102.701     28.552  24.230631     3.2400     0.5864     0.0000     0.0846 4.4384e+01     0.5235      2.465      3.575    17.5633 0.0000e+00
      2.520      0.024     9.9834    102.052     28.563  24.215099     3.1500     0.6436     0.0000     0.1692 4.4481e+01     0.5536      2.471      3.584    17.5394 0.0000e+00
      2.526      0.024     9.9394    101.449     28.570  24.198981     3.1500     0.6703     0.0000     0.1692 4.4490e+01     0.4935      2.477      3.593    17.5112 0.0000e+00
      2.532      0.024     9.8896    100.934     28.568  24.177975     3.1500     0.6551     0.0000     0.1692 4.4655e+01     0.4634      2.483      3.602    17.4734 0.0000e+00
      2.538      0.024     9.8365    100.539     28.558  24.154398     3.1500     0.6932     0.0000     0.1692 4.4703e+01     0.4634      2.489      3.610    17.4290 0.0000e+00
      2.544      0.023     9.7833    100.281     28.550  24.133839     3.1500     0.6818     0.0426     0.1692 4.5015e+01     0.4935      2.495      3.619    17.3849 0.0000e+00
      2.550      0.023     9.7335    100.155     28.550  24.118733     3.1500     0.6208     0.0426     0.1692 4.5320e+01     0.4634      2.500      3.627    17.3459 0.0000e+00
      2.556      0.023     9.6906    100.140     28.558  24.109010     3.1500     0.6246     0.0426     0.1692 4.5487e+01     0.4935      2.506      3.635    17.3135 0.0000e+00
      2.562      0.024     9.6581    100.211     28.566  24.098118     3.1500     0.6131     0.0426     0.1692 4.5695e+01     0.5235      2.512      3.643    17.2865 0.0000e+00
      2.568      0.024     9.6383    100.351     28.570  24.083152     3.1500     0.6017     0.0426     0.0846 4.5845e+01     0.5536      2.518      3.652    17.2618 0.0000e+00
      2.574      0.024     9.6315    100.547     28.578  24.071995     3.1500     0.6665     0.0426     0.0846 4.5825e+01     0.5987      2.524      3.661    17.2357 0.0000e+00
      2.580      0.024     9.6359    100.785     28.589  24.065631     3.1500     0.6780     0.0426     0.0846 4.5904e+01     0.5085      2.530      3.670    17.2068 0.0000e+00
      2.586      0.023     9.6491    101.046     28.591  24.054445     3.1500     0.6513     0.0426     0.0846 4.5874e+01     0.5235      2.536      3.679    17.1753 0.0000e+00
      2.592      0.022     9.6690    101.303     28.585  24.039411     3.1500     0.6856     0.0000     0.1692 4.5795e+01     0.6137      2.542      3.687    17.1432 0.0000e+00
      2.598      0.021     9.6941    101.525     28.585  24.032356     3.1500     0.6436     0.0000     0.1692 4.5845e+01     0.5686      2.548      3.695    17.1126 0.0000e+00
      2.603      0.020     9.7226    101.694     28.594  24.035358     3.1500     0.6017     0.0000     0.1692 4.5815e+01     0.5836      2.553      3.703    17.0851 0.0000e+00
      2.608      0.019     9.7525    101.818     28.600  24.037339     3.1500     0.6017     0.0000     0.1692 4.5775e+01     0.5536      2.558      3.710    17.0622 0.0000e+00
      2.613      0.017     9.7809    101.910     28.595  24.030910     3.1500     0.6246     0.0000     0.1692 4.5675e+01     0.5536      2.562      3.716    17.0447 0.0000e+00
      2.617      0.016     9.8048    101.975     28.587  24.022276     3.1500     0.6589     0.0000     0.0846 4.5735e+01     0.5085      2.566      3.722    17.0322 0.0000e+00
      2.620      0.016     9.8228    102.020     28.585  24.017051     3.1500     0.6894     0.0000     0.0846 4.5864e+01     0.5536      2.570      3.727    17.0238 0.0000e+00
      2.624      0.015     9.8358    102.043     28.590  24.017800     3.1500     0.6970     0.0000     0.0846 4.5884e+01     0.4784      2.573      3.732    17.0188 0.0000e+00
      2.628      0.016     9.8453    102.033     28.605  24.028682     3.1500     0.6551     0.0000     0.0846 4.5884e+01     0.4634      2.577      3.737    17.0155 0.0000e+00
      2.632      0.016     9.8525    101.980     28.619  24.040722     3.1500     0.6703     0.0000     0.1692 4.6034e+01     0.5836      2.581      3.743    17.0115 0.0000e+00
      2.636      0.017     9.8579    101.884     28.618  24.041296     3.1500     0.6856     0.0000     0.1692 4.5994e+01     0.5235      2.585      3.749    17.0059 0.0000e+00
      2.640      0.017     9.8613    101.763     28.605  24.030556     3.1500     0.6818     0.0000     0.1692 4.5954e+01     0.4634      2.589      3.755    17.0004 0.0000e+00
      2.645      0.018     9.8610    101.644     28.588  24.013557     3.1500     0.6780     0.0000     0.1692 4.5974e+01     0.5686      2.594      3.762    16.9975 0.0000e+00
      2.649      0.018     9.8557    101.561     28.569  23.993684     3.1500     0.6513     0.0426     0.1269 4.5864e+01     0.5235      2.598      3.768    16.9980 0.0000e+00
      2.654      0.019     9.8461    101.540     28.554  23.973553     3.1500     0.6742     0.0426     0.1269 4.5845e+01     0.5836      2.603      3.775    16.9998 0.0000e+00
      2.659      0.019     9.8344    101.583     28.543  23.955715     3.1500     0.7085     0.0426     0.1269 4.5845e+01     0.5235      2.607      3.782    16.9998 0.0000e+00
      2.664      0.019     9.8237    101.660     28.540  23.943330     3.1500     0.6589     0.0426     0.1269 4.5775e+01     0.4935      2.612      3.788    16.9959 0.0000e+00
      2.669      0.019     9.8173    101.719     28.545  23.937053     3.1500     0.6665     0.0426     0.2115 4.5795e+01     0.5536      2.617      3.795    16.9878 0.0000e+00
      2.674      0.019     9.8178    101.716     28.555  23.935210     3.1500     0.6856     0.0426     0.2115 4.5725e+01     0.6287      2.622      3.803    16.9755 0.0000e+00
      2.679      0.019     9.8252    101.648     28.569  23.937309     3.1500     0.6665     0.0426     0.2115 4.5656e+01     0.5987      2.627      3.810    16.9596 0.0000e+00
      2.684      0.019     9.8363    101.551     28.582  23.939950     3.1500     0.6589     0.0426     0.2115 4.5656e+01     0.4484      2.632      3.817    16.9420 0.0000e+00
      2.688      0.018     9.8456    101.465     28.589  23.939879     3.1500     0.6780     0.0426     0.2115 4.5586e+01     0.4935      2.636      3.824    16.9244 0.0000e+00
      2.693      0.018     9.8489    101.411     28.597  23.943015     3.1500     0.6589     0.0000     0.1269 4.5428e+01     0.4935      2.641      3.830    16.9070 0.0000e+00
      2.697      0.018     9.8458    101.394     28.606  23.948215     3.1500     0.6932     0.0000     0.1269 4.5379e+01     0.5836      2.645      3.836    16.8902 0.0000e+00
      2.702      0.018     9.8394    101.405     28.603  23.943009     3.1500     0.6780     0.0000     0.1269 4.5290e+01     0.5235      2.650      3.843    16.8758 0.0000e+00
      2.706      0.018     9.8333    101.435     28.590  23.929968     3.1500     0.6284     0.0000     0.1269 4.5094e+01     0.4935      2.654      3.849    16.8651 0.0000e+00
      2.711      0.019     9.8294    101.473     28.581  23.919470     3.1500     0.6322     0.0426     0.0846 4.4957e+01     0.6438      2.659      3.856    16.8584 0.0000e+00
      2.716      0.020     9.8285    101.502     28.578  23.912675     3.1500     0.6169     0.0426     0.0846 4.4888e+01     0.5686      2.663      3.863    16.8543 0.0000e+00
      2.721      0.020     9.8304    101.512     28.580  23.909749     3.1500     0.6093     0.0426     0.0846 4.4771e+01     0.4333      2.668      3.870    16.8506 0.0000e+00
      2.726      0.021     9.8343    101.506     28.584  23.909913     3.1500     0.6131     0.0426     0.0846 4.4577e+01     0.5686      2.674      3.878    16.8462 0.0000e+00
      2.732      0.021     9.8391    101.506     28.587  23.911229     3.1500     0.6055     0.0000     0.2115 4.4374e+01     0.6137      2.679      3.886    16.8407 0.0000e+00
      2.737      0.021     9.8433    101.533     28.592  23.914049     3.1500     0.6208     0.0000     0.2115 4.4326e+01     0.5385      2.685      3.894    16.8335 0.0000e+00
      2.743      0.021     9.8458    101.587     28.595  23.917145     3.1500     0.5979     0.0000     0.2115 4.4105e+01     0.4333      2.690      3.901    16.8259 0.0000e+00
      2.748      0.021     9.8464    101.650     28.597  23.919365     3.1500     0.5712     0.0000     0.2115 4.3971e+01     0.6137      2.695      3.909    16.8206 0.0000e+00
      2.753      0.020     9.8470    101.707     28.600  23.921300     3.1500     0.5368     0.0000     0.2115 4.3780e+01     0.5536      2.700      3.916    16.8174 0.0000e+00
      2.758      0.020     9.8500    101.746     28.602  23.919508     3.1500     0.5750     0.0426     0.1269 4.3610e+01     0.5686      2.705      3.923    16.8156 0.0000e+00
      2.763      0.019     9.8552    101.753     28.604  23.915490     3.1500     0.5521     0.0426     0.1269 4.3487e+01     0.5836      2.710      3.931    16.8157 0.0000e+00
      2.768      0.019     9.8611    101.719     28.614  23.920049     3.1500     0.6284     0.0426     0.1269 4.3223e+01     0.8091      2.715      3.938    16.8167 0.0000e+00
      2.773      0.018     9.8669    101.638     28.627  23.934401     3.1500     0.6436     0.0426     0.1269 4.3101e+01     0.7790      2.720      3.944    16.8158 0.0000e+00
      2.778      0.018     9.8718    101.517     28.637  23.954456     3.1500     0.5940     0.0000     0.1269 4.2765e+01     0.7490      2.724      3.951    16.8103 0.0000e+00
      2.782      0.017     9.8745    101.379     28.640  23.971706     3.1500     0.6169     0.0000     0.1269 4.2607e+01     0.7790      2.728      3.957    16.8006 0.0000e+00
      2.786      0.017     9.8725    101.265     28.626  23.970960     3.1500     0.6360     0.0000     0.1269 4.2478e+01     0.4935      2.732      3.963    16.7941 0.0000e+00
      2.790      0.017     9.8635    101.208     28.601  23.952019     3.1500     0.6284     0.0000     0.1269 4.2404e+01     0.5385      2.736      3.968    16.7999 0.0000e+00
      2.794      0.018     9.8477    101.209     28.583  23.927648     3.1500     0.6169     0.0426     0.1269 4.2184e+01     0.5385      2.740      3.974    16.8196 0.0000e+00
      2.799      0.019     9.8289    101.246     28.580  23.907181     3.1500     0.6360     0.0426     0.1269 4.2092e+01     0.5536      2.745      3.981    16.8458 0.0000e+00
      2.804      0.020     9.8138    101.289     28.589  23.891099     3.1500     0.6017     0.0426     0.1269 4.1882e+01     0.5085      2.750      3.988    16.8658 0.0000e+00
      2.809      0.021     9.8075    101.309     28.597  23.875111     3.1500     0.6208     0.0426     0.1269 4.1746e+01     0.5235      2.755      3.996    16.8691 0.0000e+00
