Data/DataNotYetUploadedToEDI/Raw_CTD/RawDownloads/052224_ccr99_S7809005.cnv
* Sea-Bird SBE19plus  Data File:
* FileName = C:\R\Reservoirs\Data\DataNotYetUploadedToEDI\Raw_CTD\RawDownloads\052024_bvr50_S7809_0005.hex
* Software version 2.8.0.119
* Temperature SN = 7809
* Conductivity SN = 7809
* System UpLoad Time = May 23 2024 16:49:44
* <ApplicationData>
* <Seaterm232>
# nquan = 15
# nvalues = 1078                        
# units = specified
# name 0 = depFM: Depth [fresh water, m]
# name 1 = dz/dtM: Descent Rate [m/s]
# name 2 = sbeox0Mg/L: Oxygen, SBE 43 [mg/l]
# name 3 = sbeox0PS: Oxygen, SBE 43 [% saturation]
# name 4 = specc: Specific Conductance [uS/cm]
# name 5 = c0uS/cm: Conductivity [uS/cm]
# name 6 = flECO-AFL: Fluorescence, WET Labs ECO-AFL/FL [mg/m^3]
# name 7 = ph: pH
# name 8 = orp: Oxidation Reduction Potential [mV]
# name 9 = par/sat/log: PAR/Logarithmic, Satlantic
# name 10 = turbWETntu0: Turbidity, WET Labs ECO [NTU]
# name 11 = prdM: Pressure, Strain Gauge [db]
# name 12 = prdE: Pressure, Strain Gauge [psi]
# name 13 = tv290C: Temperature [ITS-90, deg C]
# name 14 = flag:  0.000e+00
# span 0 =     -0.485,      5.449       
# span 1 =     -0.370,      0.409       
# span 2 =     4.7428,     9.5023       
# span 3 =     46.949,    114.894       
# span 4 =      8.483,    121.018       
# span 5 =   8.277967, 120.137253       
# span 6 =    -0.0669,   101.2212       
# span 7 =      7.374,      8.188       
# span 8 =    85.2313,   191.3273       
# span 9 = 1.1506e+01, 2.4412e+03       
# span 10 =     0.8388,   499.6070      
# span 11 =     -0.486,      5.344      
# span 12 =     -0.706,      7.751      
# span 13 =    14.7927,    31.2879      
# span 14 = 0.0000e+00, 0.0000e+00      
# interval = seconds: 0.25
# start_time = May 22 2024 13:09:49 [Instrument's time stamp, header]
# bad_flag = -9.990e-29
*END*
[from data line 290]
      0.165      0.000     8.7967    106.490    115.042 115.535634     0.5664      7.881   125.6743 4.8274e+02     4.9762      0.162      0.235    25.2197 0.0000e+00
      0.163     -0.001     8.7982    106.468    115.087 115.585957     0.5610      7.881   123.3509 4.8075e+02     4.8805      0.159      0.231    25.2141 0.0000e+00
      0.162     -0.002     8.7806    106.531    115.121 115.643599     0.5570      7.881   120.6423 4.8138e+02     4.8132      0.159      0.230    25.2124 0.0000e+00
      0.163     -0.002     8.7687    106.571    115.031 115.595629     0.5435      7.880   119.6838 4.7713e+02     4.8457      0.160      0.232    25.2109 0.0000e+00
      0.165     -0.001     8.7620    106.536    114.870 115.451913     0.5233      7.879   121.7418 4.7321e+02     4.8295      0.162      0.236    25.2075 0.0000e+00
      0.165      0.002     8.7563    106.519    114.826 115.371059     0.5203      7.878   125.3923 4.7391e+02     4.7879      0.163      0.236    25.2083 0.0000e+00
      0.162      0.003     8.7667    106.553    114.904 115.382371     0.5161      7.879   127.4268 4.7015e+02     4.7862      0.159      0.230    25.2157 0.0000e+00
      0.162      0.000     8.7680    106.566    115.037 115.461178     0.5064      7.880   127.9283 4.6256e+02     4.7750      0.157      0.228    25.2431 0.0000e+00
      0.165     -0.008     8.7571    106.558    115.204 115.623132     0.5109      7.881   128.0147 4.6337e+02     4.7543      0.161      0.233    25.2602 0.0000e+00
      0.170     -0.023     8.7581    106.571    115.329 115.811739     0.5287      7.882   128.2995 4.6409e+02     4.7748      0.167      0.242    25.2354 0.0000e+00
      0.170     -0.042     8.7712    106.579    115.356 115.958114     0.5465      7.882   128.7913 4.5176e+02     4.8530      0.171      0.248    25.2007 0.0000e+00
      0.158     -0.062     8.7768    106.632    115.318 116.055414     0.5520      7.882   128.9707 4.4740e+02     4.9141      0.160      0.233    25.1702 0.0000e+00
      0.132     -0.077     8.7733    106.775    115.250 116.096580     0.5527      7.882   128.8334 4.7130e+02     4.9321      0.131      0.191    25.1642 0.0000e+00
      0.098     -0.083     8.7730    106.880    115.157 116.073813     0.5552      7.883   127.5616 5.0562e+02     4.9348      0.097      0.140    25.1943 0.0000e+00
      0.066     -0.079     8.7635    106.969    115.082 116.035047     0.5410      7.885   125.1225 5.3039e+02     4.9128      0.062      0.091    25.2520 0.0000e+00
      0.043     -0.069     8.7497    107.051    115.049 116.010125     0.5142      7.886   123.4339 5.4649e+02     4.8698      0.036      0.052    25.3190 0.0000e+00
      0.033     -0.054     8.7656    106.991    114.951 115.899899     0.5055      7.887   122.8041 5.5765e+02     4.8256      0.030      0.044    25.3676 0.0000e+00
      0.030     -0.039     8.7655    106.901    114.748 115.657808     0.5189      7.887   122.2391 5.6332e+02     4.8224      0.031      0.046    25.3969 0.0000e+00
      0.025     -0.024     8.7647    106.813    114.568 115.376168     0.5260      7.887   121.6788 5.6353e+02     4.8645      0.025      0.037    25.4133 0.0000e+00
      0.016     -0.014     8.7867    106.660    114.485 115.106146     0.5256      7.888   121.2781 5.6645e+02     4.8912      0.016      0.022    25.4135 0.0000e+00
      0.009     -0.008     8.7697    106.520    114.556 114.940655     0.5382      7.888   121.3520 5.6875e+02     4.9067      0.007      0.011    25.4089 0.0000e+00
      0.008     -0.002     8.7639    106.365    114.716 114.903616     0.5540      7.889   122.4862 5.6570e+02     4.9150      0.005      0.009    25.4002 0.0000e+00
      0.012      0.004     8.7710    106.188    114.853 114.912805     0.5581      7.890   124.0646 5.6307e+02     4.9226      0.011      0.016    25.3619 0.0000e+00
      0.017      0.009     8.7616    106.098    114.948 114.924180     0.5551      7.890   124.4336 5.6292e+02     4.8967      0.017      0.024    25.2775 0.0000e+00
      0.021      0.012     8.7760    106.113    114.972 114.913629     0.5421      7.890   124.8823 5.6411e+02     4.8070      0.020      0.030    25.1522 0.0000e+00
      0.024      0.013     8.7788    106.147    114.952 114.912571     0.5013      7.891   127.2526 5.6518e+02     4.7599      0.024      0.034    25.0614 0.0000e+00
      0.026      0.014     8.7646    106.166    114.915 114.911426     0.4617      7.892   129.6044 5.6608e+02     4.7710      0.026      0.037    25.0176 0.0000e+00
      0.028      0.015     8.7643    106.220    114.890 114.899843     0.4542      7.893   130.5172 5.6702e+02     4.7711      0.027      0.039    24.9756 0.0000e+00
      0.032      0.015     8.7722    106.311    114.895 114.899932     0.4520      7.894   130.0294 5.6672e+02     4.7961      0.029      0.043    24.9578 0.0000e+00
      0.037      0.015     8.7741    106.411    114.905 114.912492     0.4687      7.895   128.9549 5.6612e+02     4.9009      0.035      0.051    24.9742 0.0000e+00
      0.044      0.016     8.7682    106.510    114.899 114.924308     0.5223      7.896   128.3662 5.6192e+02     4.9791      0.044      0.064    24.9981 0.0000e+00
      0.048      0.020     8.7728    106.586    114.869 114.915440     0.5589      7.897   127.5576 5.5313e+02     4.9231      0.049      0.071    25.0017 0.0000e+00
      0.049      0.026     8.7831    106.634    114.879 114.932697     0.5622      7.897   127.1791 5.4663e+02     4.8731      0.048      0.069    24.9937 0.0000e+00
      0.051      0.034     8.7904    106.670    114.950 115.005567     0.5547      7.897   127.1460 5.3083e+02     4.8871      0.047      0.069    24.9946 0.0000e+00
      0.060      0.044     8.7986    106.714    115.016 115.095832     0.5431      7.896   126.8986 5.0508e+02     4.8523      0.057      0.083    25.0042 0.0000e+00
      0.075      0.053     8.8027    106.742    115.064 115.196038     0.5377      7.896   126.9418 4.8868e+02     4.8282      0.072      0.105    25.0168 0.0000e+00
      0.094      0.059     8.8057    106.711    115.119 115.325444     0.5312      7.897   126.7220 4.8133e+02     4.8352      0.091      0.131    25.0197 0.0000e+00
      0.114      0.060     8.8092    106.717    115.091 115.386617     0.5222      7.898   126.5635 4.6625e+02     4.8341      0.113      0.163    25.0131 0.0000e+00
      0.132      0.057     8.8103    106.811    114.936 115.298818     0.5207      7.899   126.0585 4.5360e+02     4.8482      0.132      0.191    25.0232 0.0000e+00
      0.146      0.055     8.8135    106.885    114.662 115.028365     0.5299      7.899   124.5738 4.5606e+02     4.8697      0.145      0.210    25.0502 0.0000e+00
      0.156      0.056     8.8006    106.885    114.247 114.537121     0.5414      7.898   123.4111 4.5329e+02     4.9233      0.154      0.223    25.0787 0.0000e+00
      0.163      0.061     8.7896    106.752    113.972 114.072689     0.5609      7.898   123.0995 4.4247e+02     5.0178      0.160      0.231    25.1252 0.0000e+00
      0.173      0.067     8.7994    106.433    114.071 113.871393     0.5993      7.899   123.2159 4.2992e+02     5.0905      0.166      0.241    25.1653 0.0000e+00
      0.192      0.072     8.8039    106.029    114.384 113.886260     0.6228      7.901   123.8719 4.2114e+02     5.1191      0.183      0.267    25.1623 0.0000e+00
      0.222      0.072     8.8101    105.685    114.688 113.997211     0.6118      7.902   124.6634 4.1269e+02     5.1243      0.219      0.317    25.1391 0.0000e+00
      0.252      0.067     8.8154    105.467    114.823 114.066110     0.5903      7.903   124.6989 4.0398e+02     5.0505      0.253      0.365    25.0634 0.0000e+00
      0.269      0.057     8.8098    105.384    114.693 113.954881     0.5796      7.904   124.5593 4.0567e+02     4.9780      0.268      0.389    24.9037 0.0000e+00
      0.276      0.045     8.7956    105.417    114.465 113.735196     0.5817      7.906   124.8681 4.0889e+02     5.0332      0.272      0.395    24.7563 0.0000e+00
      0.279      0.033     8.7789    105.509    114.429 113.639237     0.5827      7.908   125.3351 4.0616e+02     5.1035      0.274      0.397    24.6727 0.0000e+00
      0.283      0.025     8.7652    105.624    114.506 113.622589     0.5842      7.909   125.8167 4.0394e+02     5.1107      0.276      0.401    24.6482 0.0000e+00
      0.288      0.022     8.7535    105.754    114.565 113.597456     0.5995      7.910   125.7873 4.0405e+02     5.1551      0.282      0.409    24.6759 0.0000e+00
      0.296      0.022     8.7562    105.859    114.626 113.590001     0.6184      7.912   125.4101 4.0032e+02     5.1964      0.290      0.421    24.6914 0.0000e+00
      0.303      0.024     8.7717    105.922    114.618 113.532354     0.6292      7.914   125.3006 3.9682e+02     5.1662      0.298      0.432    24.6531 0.0000e+00
      0.308      0.028     8.7878    105.962    114.537 113.409925     0.6297      7.916   125.2371 3.9638e+02     5.1307      0.303      0.440    24.6042 0.0000e+00
      0.311      0.032     8.8066    105.998    114.502 113.319833     0.6164      7.917   125.2436 3.9257e+02     5.0750      0.304      0.442    24.5715 0.0000e+00
      0.318      0.036     8.8210    106.039    114.591 113.334678     0.5931      7.919   126.1537 3.8843e+02     5.0047      0.309      0.448    24.5382 0.0000e+00
      0.330      0.038     8.8284    106.065    114.725 113.398228     0.5813      7.919   127.2939 3.8404e+02     5.0322      0.322      0.467    24.5186 0.0000e+00
      0.346      0.038     8.8336    106.074    114.818 113.451172     0.5817      7.920   127.4142 3.7775e+02     5.1001      0.340      0.493    24.5056 0.0000e+00
      0.359      0.037     8.8396    106.082    114.832 113.465221     0.5812      7.923   127.1786 3.7492e+02     5.1084      0.355      0.514    24.4818 0.0000e+00
      0.367      0.033     8.8504    106.117    114.785 113.440699     0.5841      7.925   127.4560 3.7359e+02     5.1325      0.361      0.524    24.4459 0.0000e+00
      0.372      0.028     8.8582    106.175    114.734 113.409483     0.5907      7.926   128.1008 3.7165e+02     5.1526      0.365      0.529    24.4102 0.0000e+00
      0.376      0.024     8.8616    106.203    114.653 113.342597     0.6039      7.926   129.0383 3.7088e+02     5.1464      0.369      0.535    24.3925 0.0000e+00
      0.381      0.022     8.8606    106.192    114.573 113.268937     0.6102      7.927   130.7038 3.7050e+02     5.1600      0.374      0.542    24.3950 0.0000e+00
      0.387      0.021     8.8603    106.166    114.541 113.219494     0.5997      7.929   131.5469 3.6754e+02     5.1469      0.380      0.551    24.4106 0.0000e+00
      0.394      0.021     8.8672    106.137    114.556 113.190608     0.5939      7.930   130.6284 3.6580e+02     5.0906      0.387      0.561    24.4177 0.0000e+00
      0.400      0.022     8.8686    106.111    114.589 113.174383     0.5978      7.931   130.1802 3.6691e+02     5.0594      0.393      0.569    24.4226 0.0000e+00
      0.405      0.024     8.8651    106.086    114.615 113.150624     0.5888      7.932   131.0321 3.6450e+02     5.0433      0.398      0.577    24.4300 0.0000e+00
      0.410      0.025     8.8643    106.060    114.676 113.158032     0.5685      7.935   131.8082 3.6083e+02     5.0319      0.401      0.581    24.4219 0.0000e+00
      0.415      0.027     8.8655    106.050    114.691 113.136494     0.5685      7.936   132.4234 3.5921e+02     5.0925      0.405      0.588    24.3979 0.0000e+00
      0.424      0.032     8.8667    106.074    114.581 113.017535     0.5804      7.937   133.3934 3.5926e+02     5.1608      0.415      0.602    24.3766 0.0000e+00
      0.432      0.038     8.8685    106.110    114.451 112.866160     0.5883      7.938   133.9860 3.5907e+02     5.1744      0.424      0.615    24.3573 0.0000e+00
      0.440      0.044     8.8700    106.098    114.424 112.771096     0.6058      7.938   134.4264 3.5416e+02     5.1892      0.430      0.624    24.3298 0.0000e+00
      0.451      0.047     8.8716    106.003    114.507 112.759697     0.6166      7.939   135.1910 3.4950e+02     5.2029      0.439      0.637    24.3104 0.0000e+00
      0.467      0.046     8.8733    105.873    114.616 112.791891     0.6115      7.940   135.3148 3.4674e+02     5.2031      0.457      0.663    24.3137 0.0000e+00
      0.485      0.043     8.8793    105.800    114.698 112.841782     0.5938      7.942   135.1491 3.4298e+02     5.1239      0.477      0.692    24.3119 0.0000e+00
      0.499      0.039     8.8856    105.850    114.703 112.853352     0.5690      7.944   135.3383 3.4013e+02     4.9283      0.493      0.714    24.2766 0.0000e+00
      0.506      0.037     8.8838    105.962    114.632 112.804409     0.5608      7.944   135.0218 3.3688e+02     4.7855      0.499      0.723    24.2272 0.0000e+00
      0.507      0.035     8.8764    106.052    114.567 112.759584     0.5614      7.944   134.9358 3.3535e+02     4.7975      0.497      0.721    24.1908 0.0000e+00
      0.511      0.034     8.8685    106.117    114.551 112.757236     0.5677      7.944   135.2447 3.3502e+02     4.9368      0.498      0.722    24.1781 0.0000e+00
      0.521      0.037     8.8746    106.196    114.508 112.712354     0.5873      7.945   135.2286 3.3233e+02     5.1029      0.509      0.738    24.1865 0.0000e+00
      0.536      0.042     8.8859    106.292    114.363 112.535363     0.5988      7.945   135.6873 3.2915e+02     5.1999      0.527      0.764    24.1976 0.0000e+00
      0.549      0.047     8.8911    106.333    114.253 112.336852     0.5990      7.946   135.9724 3.2744e+02     5.2222      0.539      0.781    24.2056 0.0000e+00
      0.559      0.049     8.8939    106.253    114.276 112.222740     0.5971      7.947   135.4067 3.2510e+02     5.1677      0.548      0.795    24.2142 0.0000e+00
      0.571      0.049     8.8997    106.104    114.374 112.174468     0.6096      7.949   135.4722 3.2223e+02     5.0873      0.559      0.811    24.2132 0.0000e+00
      0.585      0.047     8.9122    106.011    114.464 112.135125     0.6334      7.949   136.3348 3.2059e+02     5.0364      0.573      0.832    24.2052 0.0000e+00
      0.599      0.045     8.9252    106.011    114.497 112.065304     0.6355      7.950   136.0277 3.1799e+02     4.9963      0.589      0.854    24.1645 0.0000e+00
      0.611      0.044     8.9284    106.034    114.481 111.967016     0.6265      7.952   134.5982 3.1520e+02     4.9781      0.600      0.871    24.0950 0.0000e+00
      0.620      0.046     8.9213    106.031    114.357 111.774562     0.6323      7.953   133.8497 3.1301e+02     5.0206      0.609      0.883    24.0303 0.0000e+00
      0.629      0.053     8.9217    106.011    114.054 111.394137     0.6560      7.952   134.6352 3.1097e+02     5.1010      0.616      0.893    23.9715 0.0000e+00
      0.638      0.064     8.9328    105.987    113.798 110.997367     0.6805      7.952   135.7502 3.1088e+02     5.1637      0.624      0.906    23.9303 0.0000e+00
      0.652      0.074     8.9417    105.897    113.878 110.861904     0.6865      7.952   135.4576 3.0843e+02     5.1983      0.636      0.922    23.8947 0.0000e+00
      0.674      0.081     8.9461    105.702    114.117 110.902296     0.6952      7.953   134.5389 3.0153e+02     5.1786      0.656      0.952    23.8646 0.0000e+00
      0.707      0.085     8.9470    105.514    114.223 110.912293     0.7188      7.955   134.0208 2.9553e+02     5.1297      0.693      1.006    23.8394 0.0000e+00
      0.737      0.085     8.9578    105.436    114.189 110.855279     0.7231      7.956   134.0977 2.9241e+02     5.1202      0.728      1.056    23.7785 0.0000e+00
      0.757      0.082     8.9727    105.481    114.141 110.786079     0.7132      7.958   134.6932 2.9143e+02     5.0977      0.744      1.079    23.6666 0.0000e+00
