Data/DataNotYetUploadedToEDI/Raw_CTD/RawDownloads/052224_ccr99_S7809005.cnv
* Sea-Bird SBE19plus  Data File:
* FileName = C:\R\Reservoirs\Data\DataNotYetUploadedToEDI\Raw_CTD\RawDownloads\052024_bvr50_S7809_0005.hex
* Software version 2.8.0.119
* Temperature SN = 7809
* Conductivity SN = 7809
* System UpLoad Time = May 23 2024 16:49:44
* <ApplicationData>
* <Seaterm232>
# nquan = 15
# nvalues = 1078                        
# units = specified
# name 0 = depFM: Depth [fresh water, m]
# name 1 = dz/dtM: Descent Rate [m/s]
# name 2 = sbeox0Mg/L: Oxygen, SBE 43 [mg/l]
# name 3 = sbeox0PS: Oxygen, SBE 43 [% saturation]
# name 4 = specc: Specific Conductance [uS/cm]
# name 5 = c0uS/cm: Conductivity [uS/cm]
# name 6 = flECO-AFL: Fluorescence, WET Labs ECO-AFL/FL [mg/m^3]
# name 7 = ph: pH
# name 8 = orp: Oxidation Reduction Potential [mV]
# name 9 = par/sat/log: PAR/Logarithmic, Satlantic
# name 10 = turbWETntu0: Turbidity, WET Labs ECO [NTU]
# name 11 = prdM: Pressure, Strain Gauge [db]
# name 12 = prdE: Pressure, Strain Gauge [psi]
# name 13 = tv290C: Temperature [ITS-90, deg C]
# name 14 = flag:  0.000e+00
# span 0 =     -0.485,      5.449       
# span 1 =     -0.370,      0.409       
# span 2 =     4.7428,     9.5023       
# span 3 =     46.949,    114.894       
# span 4 =      8.483,    121.018       
# span 5 =   8.277967, 120.137253       
# span 6 =    -0.0669,   101.2212       
# span 7 =      7.374,      8.188       
# span 8 =    85.2313,   191.3273       
# span 9 = 1.1506e+01, 2.4412e+03       
# span 10 =     0.8388,   499.6070      
# span 11 =     -0.486,      5.344      
# span 12 =     -0.706,      7.751      
# span 13 =    14.7927,    31.2879      
# span 14 = 0.0000e+00, 0.0000e+00      
# interval = seconds: 0.25
# start_time = May 22 2024 13:09:49 [Instrument's time stamp, header]
# bad_flag = -9.990e-29
*END*
[from data line 482]
      1.838      0.022     9.1590    107.194    114.478 110.091833     0.8590      8.055   141.7225 1.4093e+02     5.1225      1.801      2.612    23.0602 0.0000e+00
      1.844      0.023     9.1652    107.203    114.477 110.089401     0.8596      8.057   141.0135 1.4029e+02     5.1669      1.809      2.623    23.0665 0.0000e+00
      1.851      0.024     9.1563    107.143    114.448 110.052224     0.8711      8.057   140.9722 1.3969e+02     5.2132      1.817      2.635    23.0737 0.0000e+00
      1.858      0.025     9.1628    107.178    114.442 110.024414     0.8824      8.058   141.1371 1.3924e+02     5.2038      1.822      2.643    23.0782 0.0000e+00
      1.864      0.027     9.1852    107.230    114.452 110.007841     0.8711      8.060   140.5117 1.3896e+02     5.1216      1.828      2.651    23.0789 0.0000e+00
      1.869      0.030     9.1832    107.205    114.443 109.979166     0.8597      8.060   139.7778 1.3847e+02     5.0384      1.833      2.658    23.0788 0.0000e+00
      1.876      0.033     9.1668    107.182    114.414 109.932402     0.8852      8.061   139.9213 1.3800e+02     5.0178      1.839      2.667    23.0771 0.0000e+00
      1.885      0.035     9.1796    107.198    114.393 109.888180     0.9307      8.062   140.5253 1.3736e+02     5.0095      1.848      2.680    23.0657 0.0000e+00
      1.896      0.036     9.1910    107.158    114.418 109.890223     0.9517      8.062   142.0046 1.3661e+02     4.9721      1.859      2.698    23.0504 0.0000e+00
      1.908      0.034     9.1839    106.975    114.437 109.893389     0.9564      8.063   143.0947 1.3603e+02     4.9751      1.871      2.714    23.0443 0.0000e+00
      1.918      0.031     9.1825    106.803    114.420 109.862751     0.9703      8.064   142.1763 1.3535e+02     5.0457      1.882      2.730    23.0377 0.0000e+00
      1.926      0.026     9.1889    106.768    114.415 109.838174     0.9864      8.066   141.0535 1.3470e+02     5.1424      1.891      2.743    23.0243 0.0000e+00
      1.930      0.022     9.1940    106.733    114.449 109.850937     0.9934      8.066   140.2735 1.3412e+02     5.1885      1.894      2.747    23.0144 0.0000e+00
      1.932      0.019     9.1721    106.714    114.496 109.889665     0.9967      8.066   139.4560 1.3347e+02     5.1585      1.894      2.748    23.0089 0.0000e+00
      1.935      0.019     9.1480    106.803    114.522 109.924331     0.9929      8.067   138.9992 1.3279e+02     5.0871      1.897      2.752    23.0038 0.0000e+00
      1.940      0.021     9.1604    106.881    114.539 109.951680     0.9723      8.068   138.7082 1.3211e+02     5.0428      1.902      2.758    22.9953 0.0000e+00
      1.946      0.024     9.1561    106.919    114.545 109.965630     0.9483      8.068   138.5197 1.3148e+02     5.0673      1.909      2.768    22.9828 0.0000e+00
      1.953      0.028     9.1467    107.015    114.536 109.965645     0.9442      8.068   138.3532 1.3086e+02     5.0761      1.916      2.779    22.9800 0.0000e+00
      1.961      0.032     9.1635    107.152    114.514 109.951865     0.9720      8.068   138.2437 1.3009e+02     5.0803      1.922      2.788    22.9876 0.0000e+00
      1.969      0.035     9.1691    107.257    114.484 109.926401     1.0102      8.069   138.3150 1.2939e+02     5.1528      1.931      2.800    22.9929 0.0000e+00
      1.979      0.038     9.1652    107.302    114.471 109.912492     1.0309      8.070   138.4405 1.2870e+02     5.2351      1.941      2.815    22.9959 0.0000e+00
      1.989      0.042     9.1757    107.311    114.471 109.911062     1.0475      8.071   138.4709 1.2796e+02     5.2552      1.951      2.830    22.9991 0.0000e+00
      2.000      0.045     9.1893    107.330    114.474 109.909106     1.0617      8.071   138.4254 1.2716e+02     5.1911      1.961      2.844    23.0032 0.0000e+00
      2.011      0.047     9.1985    107.340    114.461 109.888833     1.0531      8.071   138.4064 1.2631e+02     5.0747      1.972      2.861    23.0046 0.0000e+00
      2.024      0.048     9.2029    107.333    114.441 109.856983     1.0345      8.072   138.4128 1.2548e+02     4.9761      1.985      2.879    23.0034 0.0000e+00
      2.039      0.051     9.1993    107.288    114.440 109.842398     1.0282      8.073   138.4176 1.2460e+02     4.9541      1.999      2.900    23.0030 0.0000e+00
      2.052      0.055     9.2050    107.206    114.450 109.839819     1.0188      8.073   138.4646 1.2392e+02     4.9796      2.013      2.920    23.0012 0.0000e+00
      2.064      0.059     9.2050    107.147    114.445 109.825792     1.0045      8.073   138.6356 1.2328e+02     5.0464      2.023      2.935    22.9975 0.0000e+00
      2.077      0.061     9.2057    107.118    114.428 109.800148     1.0047      8.074   138.8502 1.2241e+02     5.1129      2.035      2.952    22.9922 0.0000e+00
      2.095      0.062     9.2062    107.139    114.425 109.784465     1.0209      8.075   139.3386 1.2134e+02     5.1338      2.054      2.978    22.9856 0.0000e+00
      2.115      0.060     9.1930    107.153    114.421 109.763510     1.0414      8.076   139.9807 1.2028e+02     5.1968      2.076      3.010    22.9798 0.0000e+00
      2.134      0.056     9.1936    107.119    114.411 109.737811     1.0533      8.077   140.0742 1.1940e+02     5.2261      2.095      3.038    22.9766 0.0000e+00
      2.149      0.050     9.1866    107.070    114.413 109.728439     1.0573      8.079   139.9534 1.1868e+02     5.1459      2.109      3.059    22.9730 0.0000e+00
      2.159      0.044     9.1932    106.979    114.402 109.713860     1.0562      8.080   140.1549 1.1824e+02     5.0818      2.119      3.073    22.9674 0.0000e+00
      2.166      0.039     9.1996    106.909    114.378 109.688900     1.0402      8.081   140.7048 1.1793e+02     5.0652      2.124      3.080    22.9597 0.0000e+00
      2.171      0.038     9.1908    106.901    114.378 109.681373     1.0136      8.081   141.0951 1.1752e+02     5.0480      2.128      3.086    22.9510 0.0000e+00
      2.179      0.041     9.1962    106.986    114.392 109.686522     1.0086      8.082   140.8297 1.1703e+02     5.0446      2.135      3.096    22.9457 0.0000e+00
      2.191      0.048     9.1800    107.109    114.399 109.687461     1.0293      8.084   140.5942 1.1652e+02     5.0920      2.148      3.115    22.9455 0.0000e+00
      2.204      0.056     9.1764    107.097    114.411 109.692715     1.0403      8.085   140.8281 1.1592e+02     5.1435      2.162      3.136    22.9462 0.0000e+00
      2.219      0.062     9.1739    106.949    114.412 109.686357     1.0416      8.085   141.5929 1.1513e+02     5.1544      2.174      3.154    22.9414 0.0000e+00
      2.237      0.064     9.1812    106.781    114.404 109.674259     1.0535      8.085   142.3564 1.1425e+02     5.1896      2.192      3.179    22.9368 0.0000e+00
      2.257      0.061     9.2036    106.661    114.408 109.673788     1.0595      8.086   142.7461 1.1348e+02     5.2268      2.215      3.212    22.9361 0.0000e+00
      2.277      0.056     9.1990    106.556    114.417 109.680655     1.0465      8.087   143.7229 1.1289e+02     5.1946      2.234      3.241    22.9327 0.0000e+00
      2.292      0.049     9.1847    106.454    114.429 109.693601     1.0221      8.088   144.7020 1.1232e+02     5.1082      2.249      3.262    22.9288 0.0000e+00
      2.302      0.040     9.1657    106.374    114.436 109.702961     1.0055      8.089   144.3459 1.1201e+02     5.0701      2.259      3.276    22.9272 0.0000e+00
      2.308      0.032     9.1602    106.348    114.458 109.730155     1.0034      8.089   143.0313 1.1204e+02     5.1104      2.264      3.283    22.9250 0.0000e+00
      2.312      0.027     9.1504    106.438    114.486 109.767673     1.0057      8.088   141.7993 1.1194e+02     5.1170      2.267      3.287    22.9244 0.0000e+00
      2.317      0.024     9.1406    106.598    114.476 109.774517     1.0162      8.089   141.0650 1.1164e+02     5.1156      2.271      3.294    22.9249 0.0000e+00
      2.323      0.024     9.1342    106.721    114.428 109.749241     1.0392      8.091   140.6918 1.1143e+02     5.1618      2.278      3.304    22.9262 0.0000e+00
      2.331      0.024     9.1265    106.783    114.378 109.716823     1.0588      8.092   140.4705 1.1120e+02     5.1964      2.286      3.315    22.9286 0.0000e+00
      2.338      0.025     9.1364    106.804    114.363 109.700984     1.0626      8.092   140.4545 1.1085e+02     5.2277      2.293      3.326    22.9328 0.0000e+00
      2.344      0.026     9.1535    106.791    114.365 109.685090     1.0510      8.092   140.5844 1.1064e+02     5.1983      2.300      3.335    22.9400 0.0000e+00
      2.349      0.026     9.1624    106.757    114.349 109.651981     1.0348      8.092   140.6640 1.1037e+02     5.1142      2.303      3.340    22.9499 0.0000e+00
      2.354      0.027     9.1642    106.696    114.328 109.619053     1.0254      8.093   140.8148 1.1014e+02     5.0652      2.308      3.347    22.9608 0.0000e+00
      2.361      0.027     9.1671    106.607    114.323 109.605352     1.0204      8.094   140.9456 1.0994e+02     5.0157      2.316      3.359    22.9596 0.0000e+00
      2.371      0.027     9.1669    106.547    114.341 109.613670     1.0321      8.094   141.2982 1.0967e+02     4.9929      2.325      3.373    22.9478 0.0000e+00
      2.380      0.028     9.1655    106.522    114.323 109.592250     1.0669      8.094   142.4114 1.0948e+02     5.0637      2.334      3.385    22.9390 0.0000e+00
      2.386      0.030     9.1628    106.498    114.198 109.473722     1.0924      8.095   143.5642 1.0928e+02     5.1545      2.340      3.394    22.9350 0.0000e+00
      2.391      0.033     9.1517    106.471    114.050 109.326816     1.0984      8.096   143.8800 1.0908e+02     5.1677      2.344      3.401    22.9311 0.0000e+00
      2.397      0.035     9.1480    106.440    114.024 109.280670     1.0980      8.097   143.7338 1.0878e+02     5.1216      2.350      3.409    22.9266 0.0000e+00
      2.407      0.036     9.1482    106.402    114.064 109.297830     1.1044      8.098   144.2058 1.0844e+02     5.1436      2.359      3.422    22.9244 0.0000e+00
      2.420      0.038     9.1445    106.347    114.054 109.279535     1.1263      8.100   145.1992 1.0819e+02     5.2618      2.373      3.442    22.9270 0.0000e+00
      2.432      0.040     9.1433    106.265    114.025 109.250501     1.1376      8.100   145.0754 1.0799e+02     5.2871      2.388      3.463    22.9274 0.0000e+00
      2.441      0.040     9.1419    106.155    113.976 109.201496     1.1330      8.100   144.1723 1.0794e+02     5.2453      2.395      3.473    22.9145 0.0000e+00
      2.449      0.040     9.1419    106.031    113.909 109.132776     1.1365      8.100   143.6576 1.0792e+02     5.2003      2.401      3.483    22.9022 0.0000e+00
      2.459      0.038     9.1371    105.902    113.905 109.120089     1.1478      8.101   143.3262 1.0768e+02     5.1193      2.412      3.498    22.9006 0.0000e+00
      2.470      0.035     9.1308    105.760    113.906 109.111764     1.1530      8.102   143.1772 1.0728e+02     5.1191      2.423      3.514    22.9012 0.0000e+00
      2.481      0.033     9.1204    105.617    113.895 109.095785     1.1573      8.103   143.2326 1.0685e+02     5.1646      2.435      3.530    22.9004 0.0000e+00
      2.491      0.030     9.1096    105.498    113.920 109.117923     1.1583      8.103   143.0499 1.0664e+02     5.1571      2.445      3.546    22.8989 0.0000e+00
      2.497      0.027     9.1003    105.413    113.928 109.124710     1.1571      8.103   142.6033 1.0669e+02     5.1643      2.450      3.554    22.8940 0.0000e+00
      2.500      0.025     9.0883    105.346    113.918 109.114169     1.1592      8.103   142.3923 1.0662e+02     5.1490      2.451      3.555    22.8886 0.0000e+00
      2.504      0.026     9.0757    105.321    113.922 109.117821     1.1497      8.103   142.2202 1.0637e+02     5.0401      2.454      3.560    22.8870 0.0000e+00
      2.511      0.032     9.0645    105.358    113.907 109.105190     1.1351      8.102   141.9844 1.0604e+02     4.9752      2.463      3.572    22.8867 0.0000e+00
      2.518      0.043     9.0591    105.428    113.891 109.088806     1.1318      8.101   142.0368 1.0575e+02     5.0136      2.471      3.583    22.8868 0.0000e+00
      2.526      0.056     9.0515    105.499    113.920 109.110766     1.1344      8.101   142.3375 1.0547e+02     5.0600      2.477      3.592    22.8861 0.0000e+00
      2.539      0.066     9.0487    105.553    113.932 109.115972     1.1418      8.101   142.7806 1.0461e+02     5.0924      2.485      3.605    22.8855 0.0000e+00
      2.563      0.069     9.0532    105.578    113.905 109.088062     1.1723      8.102   143.6085 1.0326e+02     5.1322      2.510      3.640    22.8875 0.0000e+00
      2.593      0.067     9.0598    105.576    113.907 109.091706     1.2194      8.102   144.5179 1.0222e+02     5.1656      2.548      3.694    22.8876 0.0000e+00
      2.617      0.060     9.0676    105.556    113.908 109.096344     1.2447      8.103   144.4836 1.0177e+02     5.1536      2.572      3.731    22.8833 0.0000e+00
      2.629      0.050     9.0727    105.525    113.891 109.080465     1.2369      8.104   143.9682 1.0163e+02     5.1248      2.581      3.743    22.8799 0.0000e+00
      2.634      0.040     9.0755    105.463    113.904 109.090760     1.2001      8.104   143.7931 1.0159e+02     5.1589      2.584      3.749    22.8789 0.0000e+00
      2.637      0.034     9.0744    105.376    113.911 109.093457     1.1493      8.105   143.6569 1.0151e+02     5.2236      2.586      3.750    22.8803 0.0000e+00
      2.641      0.036     9.0717    105.305    113.869 109.049390     1.1218      8.105   143.8703 1.0133e+02     5.2585      2.588      3.753    22.8830 0.0000e+00
      2.649      0.044     9.0703    105.286    113.826 109.003705     1.1175      8.105   144.3949 1.0095e+02     5.3075      2.597      3.766    22.8832 0.0000e+00
      2.662      0.052     9.0652    105.339    113.816 108.986826     1.1306      8.105   144.4068 1.0028e+02     5.4062      2.609      3.784    22.8815 0.0000e+00
      2.679      0.058     9.0561    105.439    113.810 108.972651     1.1730      8.106   144.4440 9.9307e+01     5.4610      2.625      3.807    22.8797 0.0000e+00
      2.701      0.060     9.0494    105.530    113.805 108.959660     1.2215      8.108   144.7595 9.8190e+01     5.4571      2.649      3.843    22.8781 0.0000e+00
      2.720      0.058     9.0472    105.591    113.809 108.957095     1.2430      8.108   144.6925 9.7386e+01     5.4617      2.671      3.874    22.8763 0.0000e+00
      2.733      0.054     9.0528    105.639    113.797 108.941631     1.2408      8.108   144.6666 9.6798e+01     5.4482      2.681      3.888    22.8729 0.0000e+00
      2.742      0.052     9.0649    105.662    113.756 108.900044     1.2293      8.109   144.9629 9.6243e+01     5.3974      2.688      3.900    22.8687 0.0000e+00
      2.752      0.051     9.0738    105.625    113.693 108.836334     1.2113      8.109   145.3497 9.5720e+01     5.3261      2.698      3.914    22.8656 0.0000e+00
      2.763      0.052     9.0785    105.536    113.670 108.808106     1.1984      8.110   145.7300 9.5013e+01     5.2690      2.707      3.927    22.8623 0.0000e+00
      2.777      0.054     9.0830    105.419    113.682 108.813456     1.1894      8.112   146.1188 9.4138e+01     5.2872      2.722      3.948    22.8605 0.0000e+00
      2.795      0.057     9.0874    105.292    113.646 108.773652     1.1779      8.112   146.3521 9.3203e+01     5.3416      2.741      3.976    22.8603 0.0000e+00
      2.811      0.058     9.0831    105.167    113.586 108.708903     1.1915      8.112   146.5717 9.2421e+01     5.3464      2.759      4.000    22.8590 0.0000e+00
      2.826      0.055     9.0753    105.042    113.553 108.667357     1.2292      8.113   146.7083 9.1706e+01     5.3440      2.771      4.019    22.8559 0.0000e+00
