Data/DataNotYetUploadedToEDI/Raw_CTD/RawDownloads/052224_ccr88_S7809004.cnv
* Sea-Bird SBE19plus  Data File:
* FileName = C:\R\Reservoirs\Data\DataNotYetUploadedToEDI\Raw_CTD\RawDownloads\052024_bvr50_S7809_0004.hex
* Software version 2.8.0.119
* Temperature SN = 7809
* Conductivity SN = 7809
* System UpLoad Time = May 23 2024 16:49:15
* <ApplicationData>
* <Seaterm232>
# nquan = 15
# nvalues = 1807                        
# units = specified
# name 0 = depFM: Depth [fresh water, m]
# name 1 = dz/dtM: Descent Rate [m/s]
# name 2 = sbeox0Mg/L: Oxygen, SBE 43 [mg/l]
# name 3 = sbeox0PS: Oxygen, SBE 43 [% saturation]
# name 4 = specc: Specific Conductance [uS/cm]
# name 5 = c0uS/cm: Conductivity [uS/cm]
# name 6 = flECO-AFL: Fluorescence, WET Labs ECO-AFL/FL [mg/m^3]
# name 7 = ph: pH
# name 8 = orp: Oxidation Reduction Potential [mV]
# name 9 = par/sat/log: PAR/Logarithmic, Satlantic
# name 10 = turbWETntu0: Turbidity, WET Labs ECO [NTU]
# name 11 = prdM: Pressure, Strain Gauge [db]
# name 12 = prdE: Pressure, Strain Gauge [psi]
# name 13 = tv290C: Temperature [ITS-90, deg C]
# name 14 = flag:  0.000e+00
# span 0 =     -0.488,     12.608       
# span 1 =     -0.466,      0.270       
# span 2 =     1.0885,     9.7347       
# span 3 =     10.028,    114.880       
# span 4 =      1.743,    174.767       
# span 5 =   1.918849, 123.309784       
# span 6 =    -1.1746,     5.2035       
# span 7 =      6.512,      8.363       
# span 8 = -1240.6438,   209.3553       
# span 9 = 1.2514e+00, 2.7072e+03       
# span 10 =    -0.3987,   418.1811      
# span 11 =     -0.480,     12.365      
# span 12 =     -0.695,     17.934      
# span 13 =    10.1895,    30.0925      
# span 14 = 0.0000e+00, 0.0000e+00      
# interval = seconds: 0.25
# start_time = May 22 2024 11:43:15 [Instrument's time stamp, header]
# bad_flag = -9.990e-29
*END*
[from data line 1735]
      0.971     -0.019     8.9873    103.403    114.596 108.599089     1.0040      8.163   179.7233 9.3838e+02    12.2900      0.953      1.382    22.3782 0.0000e+00
      0.961     -0.007     8.9775    103.521    114.622 108.651719     0.9884      8.163   179.7403 1.2896e+03    11.5706      0.942      1.367    22.3732 0.0000e+00
      0.956      0.005     8.9709    103.637    114.582 108.652144     0.9493      8.163   179.6396 1.7175e+03    10.2458      0.933      1.354    22.3705 0.0000e+00
      0.962      0.012     8.9662    103.711    114.496 108.604282     0.9299      8.164   179.4525 1.6489e+03     9.5593      0.938      1.360    22.3711 0.0000e+00
      0.977      0.015     8.9708    103.751    114.451 108.582498     0.9288      8.164   179.4575 1.4814e+03     9.5217      0.959      1.392    22.3753 0.0000e+00
      0.992      0.015     8.9815    103.739    114.437 108.579833     0.9031      8.165   179.6134 1.3870e+03     9.3812      0.979      1.420    22.3884 0.0000e+00
      0.995      0.014     8.9898    103.652    114.427 108.572060     0.8601      8.165   179.7884 1.1094e+03     9.1591      0.980      1.421    22.4074 0.0000e+00
      0.988      0.014     8.9919    103.527    114.477 108.615874     0.8411      8.166   179.9385 9.2533e+02     9.0565      0.970      1.407    22.4251 0.0000e+00
      0.981      0.017     8.9947    103.407    114.526 108.663834     0.8318      8.167   179.8800 8.8587e+02     8.9949      0.959      1.391    22.4328 0.0000e+00
      0.983      0.022     8.9952    103.306    114.491 108.642508     0.7980      8.169   179.8564 7.9329e+02     8.5845      0.958      1.390    22.4359 0.0000e+00
      0.996      0.029     8.9850    103.260    114.450 108.612762     0.7487      8.171   179.9109 8.9201e+02     7.8857      0.975      1.414    22.4380 0.0000e+00
      1.013      0.031     8.9728    103.251    114.464 108.622572     0.7272      8.174   179.8508 1.1924e+03     7.5484      0.996      1.444    22.4340 0.0000e+00
      1.027      0.026     8.9641    103.236    114.481 108.633762     0.7287      8.176   179.8175 1.1609e+03     7.5817      1.010      1.464    22.4325 0.0000e+00
      1.037      0.015     8.9510    103.225    114.466 108.620702     0.7508      8.178   179.7662 7.8622e+02     7.7760      1.019      1.478    22.4413 0.0000e+00
      1.040      0.001     8.9465    103.220    114.436 108.592022     0.8028      8.179   179.6615 5.3736e+02     8.1554      1.024      1.485    22.4481 0.0000e+00
      1.032     -0.009     8.9502    103.236    114.460 108.605377     0.8337      8.180   179.6690 4.7527e+02     8.4104      1.015      1.472    22.4426 0.0000e+00
      1.018     -0.014     8.9465    103.274    114.521 108.654816     0.8245      8.182   179.5996 4.4966e+02     8.4006      0.996      1.445    22.4391 0.0000e+00
      1.010     -0.014     8.9469    103.285    114.539 108.680341     0.8156      8.184   179.3382 4.3036e+02     8.3106      0.987      1.432    22.4412 0.0000e+00
      1.010     -0.008     8.9449    103.291    114.558 108.722969     0.7931      8.185   179.1760 4.2505e+02     8.0730      0.990      1.436    22.4432 0.0000e+00
      1.011      0.002     8.9461    103.353    114.593 108.788191     0.7445      8.186   179.1015 4.2781e+02     7.6805      0.992      1.438    22.4380 0.0000e+00
      1.013      0.012     8.9548    103.457    114.606 108.832200     0.7265      8.187   179.0391 4.2442e+02     7.4929      0.992      1.439    22.4294 0.0000e+00
      1.017      0.018     8.9532    103.543    114.617 108.873047     0.7339      8.188   179.0237 4.2178e+02     7.4774      0.996      1.445    22.4348 0.0000e+00
      1.023      0.019     8.9484    103.579    114.611 108.900035     0.7255      8.190   179.0016 4.3275e+02     7.2893      1.003      1.454    22.4464 0.0000e+00
      1.032      0.016     8.9525    103.579    114.576 108.903838     0.7171      8.190   179.0296 4.6006e+02     6.9948      1.011      1.466    22.4617 0.0000e+00
      1.040      0.013     8.9613    103.574    114.556 108.919073     0.7153      8.190   179.1042 5.0574e+02     6.8208      1.021      1.482    22.4770 0.0000e+00
      1.043      0.011     8.9678    103.549    114.563 108.956940     0.7043      8.191   179.1290 5.8747e+02     6.7565      1.027      1.489    22.4872 0.0000e+00
      1.039      0.009     8.9680    103.503    114.557 108.979646     0.6999      8.192   179.0718 7.6210e+02     6.7631      1.019      1.478    22.5029 0.0000e+00
      1.034      0.005     8.9631    103.487    114.489 108.938941     0.7126      8.193   179.0148 1.0257e+03     6.7982      1.010      1.465    22.5200 0.0000e+00
      1.037     -0.001     8.9610    103.488    114.384 108.846891     0.7157      8.193   179.0418 1.1960e+03     6.8048      1.015      1.471    22.5351 0.0000e+00
      1.046     -0.006     8.9580    103.443    114.316 108.758195     0.7211      8.192   179.0541 1.1360e+03     6.8781      1.028      1.491    22.5483 0.0000e+00
      1.050     -0.007     8.9482    103.336    114.375 108.757993     0.7614      8.190   178.9916 1.0098e+03     7.6159      1.034      1.500    22.5608 0.0000e+00
      1.042     -0.008     8.9453    103.187    114.515 108.844365     0.8033      8.189   178.4579 9.0391e+02     8.9279      1.024      1.485    22.5730 0.0000e+00
      1.029     -0.011     8.9481    103.039    114.588 108.910934     0.8113      8.188   177.1620 7.2171e+02     9.6243      1.006      1.459    22.5794 0.0000e+00
      1.024     -0.018     8.9448    102.965    114.568 108.926079     0.7993      8.188   175.8848 5.4939e+02     9.6818      1.000      1.452    22.5709 0.0000e+00
      1.027     -0.028     8.9410    103.003    114.499 108.900175     0.7590      8.189   175.1465 5.0101e+02     9.6911      1.007      1.460    22.5377 0.0000e+00
      1.029     -0.040     8.9318    103.103    114.432 108.852518     0.6980      8.191   174.6884 6.2356e+02     9.6346      1.013      1.469    22.5092 0.0000e+00
      1.023     -0.060     8.9158    103.194    114.452 108.859316     0.6695      8.192   174.3034 9.1768e+02     9.5786      1.008      1.462    22.5120 0.0000e+00
      1.003     -0.100     8.9041    103.257    114.593 108.982349     0.6814      8.194   173.9338 1.1684e+03     9.6288      0.987      1.431    22.5310 0.0000e+00
      0.974     -0.161     8.9058    103.287    114.847 109.257538     0.6999      8.196   173.4023 1.1923e+03     9.7980      0.955      1.385    22.5533 0.0000e+00
      0.942     -0.237     8.9162    103.304    115.128 109.639449     0.7018      8.198   173.2977 1.1745e+03    10.0193      0.927      1.344    22.5634 0.0000e+00
      0.893     -0.316     8.9256    103.349    115.262 109.970366     0.6968      8.201   174.9064 1.2795e+03    10.1526      0.893      1.296    22.5504 0.0000e+00
      0.800     -0.387     8.9335    103.422    115.249 110.202216     0.7049      8.204   176.7638 1.2945e+03    10.1797      0.802      1.163    22.5394 0.0000e+00
      0.664     -0.440     8.9343    103.477    115.290 110.468930     0.7666      8.205   176.4821 1.3753e+03    10.0395      0.655      0.951    22.5486 0.0000e+00
      0.514     -0.466     8.9255    103.432    115.378 110.775513     0.8608      8.204   176.2326 1.6550e+03     9.7555      0.499      0.723    22.5945 0.0000e+00
      0.371     -0.457     8.9133    103.265    115.334 110.979918     0.8944      8.203   176.5006 1.6312e+03     9.5466      0.358      0.518    22.6913 0.0000e+00
      0.246     -0.416     8.9007    103.073    115.274 111.157557     0.8732      8.204   175.7642 1.5087e+03     9.4270      0.237      0.343    22.8118 0.0000e+00
      0.144     -0.358     8.8913    102.780    115.304 111.395204     0.7294      8.207   176.9652 1.3749e+03     8.7872      0.129      0.187    22.9061 0.0000e+00
      0.071     -0.307     8.8784    102.357    115.193 111.497189     0.4714      8.208   177.2552 8.5597e+02     7.5500      0.063      0.091    22.9904 0.0000e+00
      0.017     -0.277     8.8330    102.026    114.875 111.371968     0.3332      8.206   173.3348 5.1027e+02     6.8341      0.016      0.023    23.1114 0.0000e+00
     -0.029     -0.269     8.8058    101.827    114.328 110.964124     0.2907      8.202   170.9487 9.1343e+02     6.9293     -0.030     -0.045    23.2168 0.0000e+00
     -0.079     -0.274     8.7731    101.500    113.884 110.642004    -0.0848      8.201   170.9469 1.7011e+03     8.4956     -0.067     -0.097    23.2942 0.0000e+00
     -0.152     -0.276     8.7060    100.754    113.995 110.852670    -0.7692      8.203   170.7323 2.1357e+03    11.2886     -0.136     -0.197    23.3935 0.0000e+00
     -0.252     -0.265     8.6627     99.517    113.961 110.836714    -1.1430      8.207   171.1065 1.9656e+03    12.7907     -0.246     -0.358    23.4857 0.0000e+00
     -0.352     -0.238     8.6490     98.018    112.937 109.748603    -1.1746      8.211   171.7722 1.3554e+03    12.9260     -0.357     -0.518    23.5238 0.0000e+00
     -0.422     -0.196     8.6260     96.467    110.232 106.993833    -1.0841      8.214   172.5862 7.1535e+02    12.9924     -0.432     -0.626    23.5646 0.0000e+00
     -0.452     -0.142     8.5533     94.686     89.793  87.081014     0.0168      8.217   173.8077 3.6243e+02    14.0033     -0.451     -0.653    23.6339 0.0000e+00
     -0.457     -0.086     8.4404     92.724     51.183  49.606145     2.0403      8.222   174.6675 2.3782e+02    15.9601     -0.446     -0.646    23.6453 0.0000e+00
     -0.462     -0.042     8.3065     91.151     25.768  24.954959     3.1407      8.226   174.8940 2.0946e+02    17.0436     -0.453     -0.657    23.5862 0.0000e+00
     -0.467     -0.017     8.2019     90.472     17.846  17.269984     3.1591      8.228   174.9116 1.9932e+02    16.7546     -0.460     -0.667    23.5185 0.0000e+00
     -0.469     -0.007     8.0597     90.661     17.633  17.045844     2.3293      8.229   174.7079 1.9232e+02    12.3967     -0.459     -0.666    23.4684 0.0000e+00
     -0.469     -0.003     7.8735     91.149     33.211  32.072549     0.8145      8.231   174.4106 1.8518e+02     4.4562     -0.460     -0.667    23.4349 0.0000e+00
     -0.468     -0.001     7.7295     91.509     58.070  56.046065     0.0009      8.233   174.5863 1.7888e+02     0.1675     -0.459     -0.666    23.4080 0.0000e+00
     -0.468      0.001     7.6716     91.622     68.120  65.709045    -0.0587      8.235   174.7679 1.7639e+02    -0.1747     -0.458     -0.665    23.3754 0.0000e+00
     -0.467      0.001     7.7218     91.441     58.149  56.055720    -0.0653      8.236   174.3692 1.7647e+02    -0.2281     -0.458     -0.664    23.3386 0.0000e+00
     -0.467      0.001     7.7806     91.081     40.786  39.295209    -0.0703      8.238   173.6368 1.7410e+02    -0.2724     -0.457     -0.664    23.3003 0.0000e+00
     -0.467      0.001     7.8146     90.518     25.120  24.189069    -0.0691      8.239   172.9677 1.7200e+02    -0.2666     -0.457     -0.664    23.2614 0.0000e+00
     -0.467      0.000     7.8364     89.607     15.009  14.445102    -0.0673      8.240   172.6464 1.7165e+02    -0.2601     -0.458     -0.664    23.2236 0.0000e+00
     -0.467      0.000     7.8195     89.064     11.572  11.133024    -0.0658      8.240   172.5914 1.7049e+02    -0.2624     -0.457     -0.663    23.1868 0.0000e+00
     -0.467 -9.990e-29     7.7882 -9.990e-29 -9.990e-29 -9.990e-29 -9.990e-29 -9.990e-29 -9.990e-29 1.6947e+02 -9.990e-29     -0.458     -0.664    23.1543 0.0000e+00
     -0.467 -9.990e-29     7.7664 -9.990e-29 -9.990e-29 -9.990e-29 -9.990e-29 -9.990e-29 -9.990e-29 1.6909e+02 -9.990e-29     -0.458     -0.664    23.1338 0.0000e+00
     -0.467 -9.990e-29     7.6647 -9.990e-29 -9.990e-29 -9.990e-29 -9.990e-29 -9.990e-29 -9.990e-29 1.6889e+02 -9.990e-29     -0.458     -0.664    23.1051 0.0000e+00
     -0.467 -9.990e-29     7.5716 -9.990e-29 -9.990e-29 -9.990e-29 -9.990e-29 -9.990e-29 -9.990e-29 1.6887e+02 -9.990e-29     -0.458     -0.664    23.0828 0.0000e+00
