Data/DataNotYetUploadedToEDI/Raw_CTD/RawDownloads/052223_fcr50_S8188004.cnv
* Sea-Bird SBE19plus  Data File:
* FileName = C:\R\Reservoirs\Data\DataNotYetUploadedToEDI\Raw_CTD\RawDownloads\051623_fcr50_S8188_0004.hex
* Software version 2.8.0.119
* Temperature SN = 8188
* Conductivity SN = 8188
* System UpLoad Time = May 31 2023 16:44:37
* <ApplicationData>
* <Seaterm232>
# nquan = 16
# nvalues = 910                         
# units = specified
# name 0 = depFM: Depth [fresh water, m]
# name 1 = dz/dtM: Descent Rate [m/s]
# name 2 = sbeox0Mg/L: Oxygen, SBE 43 [mg/l]
# name 3 = sbeox0PS: Oxygen, SBE 43 [% saturation]
# name 4 = specc: Specific Conductance [uS/cm]
# name 5 = c0uS/cm: Conductivity [uS/cm]
# name 6 = wetCDOM: Fluorescence, WET Labs CDOM [mg/m^3]
# name 7 = flECO-AFL: Fluorescence, WET Labs ECO-AFL/FL [mg/m^3]
# name 8 = flECO-AFL1: Fluorescence, WET Labs ECO-AFL/FL, 2 [mg/m^3]
# name 9 = flECO-AFL2: Fluorescence, WET Labs ECO-AFL/FL, 3 [mg/m^3]
# name 10 = par/sat/log: PAR/Logarithmic, Satlantic
# name 11 = turbWETntu0: Turbidity, WET Labs ECO [NTU]
# name 12 = prdM: Pressure, Strain Gauge [db]
# name 13 = prdE: Pressure, Strain Gauge [psi]
# name 14 = tv290C: Temperature [ITS-90, deg C]
# name 15 = flag:  0.000e+00
# span 0 =     -0.616,      9.661       
# span 1 =     -0.397,      0.170       
# span 2 =    -2.5147,    17.4818       
# span 3 =    -22.197,    187.171       
# span 4 =      0.114,    422.789       
# span 5 =   0.110494, 294.853572       
# span 6 =    -4.5000,    31.8600       
# span 7 =    -2.4730,   245.2267       
# span 8 =    -3.9618,     2.0448       
# span 9 =    -4.1877,     5.4567       
# span 10 = 1.1585e-01, 2.2406e+03      
# span 11 =    -6.1198,   285.9458      
# span 12 =     -0.604,      9.474      
# span 13 =     -0.875,     13.741      
# span 14 =     9.8009,    23.8704      
# span 15 = 0.0000e+00, 0.0000e+00      
# interval = seconds: 0.25
# start_time = May 22 2023 13:05:01 [Instrument's time stamp, header]
# bad_flag = -9.990e-29
*END*
[from data line 272]
      0.985      0.044    12.0472    138.237     38.719  34.790564     3.9600     7.2928     0.1278     2.7495 1.6224e+02     4.5366      0.966      1.400    20.0069 0.0000e+00
      0.996      0.045    12.2008    139.345     38.750  34.801387     3.9600     7.2813     0.1278     2.7495 1.6042e+02     4.5967      0.977      1.417    19.9892 0.0000e+00
      1.007      0.045    12.3444    140.475     38.779  34.811311     3.9600     7.2889     0.1278     2.7495 1.5813e+02     4.5366      0.988      1.433    19.9688 0.0000e+00
      1.019      0.046    12.4731    141.721     38.812  34.822981     3.9600     7.3080     0.1278     2.7495 1.5564e+02     4.4764      1.000      1.450    19.9453 0.0000e+00
      1.031      0.047    12.5873    143.140     38.854  34.839510     4.1400     7.8192     0.0426     2.8341 1.5450e+02     4.4915      1.011      1.466    19.9218 0.0000e+00
      1.043      0.048    12.6935    144.747     38.900  34.857382     4.1400     7.8268     0.0426     2.8341 1.5253e+02     4.5215      1.023      1.483    19.9006 0.0000e+00
      1.055      0.048    12.8017    146.541     38.946  34.873439     4.1400     7.8230     0.0426     2.8341 1.5065e+02     4.5366      1.035      1.501    19.8799 0.0000e+00
      1.067      0.049    12.9213    148.500     38.986  34.884042     4.1400     7.8383     0.0426     2.8341 1.4867e+02     4.7320      1.047      1.518    19.8569 0.0000e+00
      1.080      0.051    13.0578    150.553     39.021  34.888056     4.4100     8.2732     0.0852     2.9187 1.4700e+02     4.5967      1.059      1.536    19.8298 0.0000e+00
      1.093      0.052    13.2125    152.608     39.050  34.886549     4.4100     8.2617     0.0852     2.9187 1.4468e+02     4.5516      1.072      1.555    19.7994 0.0000e+00
      1.106      0.053    13.3848    154.611     39.073  34.879119     4.4100     8.2426     0.0852     2.9187 1.4315e+02     4.5516      1.085      1.574    19.7676 0.0000e+00
      1.120      0.054    13.5727    156.542     39.093  34.867745     4.4100     8.2541     0.0852     2.9187 1.4154e+02     4.5366      1.098      1.593    19.7345 0.0000e+00
      1.134      0.056    13.7699    158.396     39.121  34.861275     4.4100     8.5745     0.0852     2.9187 1.4023e+02     4.4314      1.112      1.613    19.7002 0.0000e+00
      1.148      0.057    13.9677    160.166     39.163  34.865905     4.5900     8.6050     0.1278     2.9610 1.3835e+02     4.5666      1.126      1.633    19.6651 0.0000e+00
      1.163      0.058    14.1612    161.834     39.211  34.874945     4.5900     8.6012     0.1278     2.9610 1.3614e+02     4.5366      1.141      1.654    19.6291 0.0000e+00
      1.178      0.059    14.3489    163.382     39.255  34.878923     4.5900     8.5936     0.1278     2.9610 1.3296e+02     4.4915      1.156      1.676    19.5915 0.0000e+00
      1.194      0.060    14.5304    164.821     39.301  34.878898     4.5900     9.5816     0.1278     2.9610 1.3258e+02     4.9724      1.171      1.697    19.5516 0.0000e+00
      1.209      0.061    14.7050    166.198     39.355  34.878823     4.6800     9.5892     0.0852     3.0879 1.3183e+02     5.0476      1.185      1.719    19.5100 0.0000e+00
      1.224      0.062    14.8708    167.603     39.414  34.878677     4.6800     9.5969     0.0852     3.0879 1.2917e+02     4.9574      1.200      1.741    19.4675 0.0000e+00
      1.240      0.063    15.0267    169.144     39.472  34.874457     4.6800     9.5854     0.0852     3.0879 1.2719e+02     4.9875      1.216      1.763    19.4224 0.0000e+00
      1.256      0.064    15.1750    170.920     39.512  34.853153     4.6800    10.9206     0.0852     3.0879 1.2598e+02     5.4384      1.232      1.786    19.3704 0.0000e+00
      1.273      0.065    15.3206    173.029     39.526  34.809081     4.8600    10.9435     0.1278     3.5109 1.2465e+02     5.5887      1.248      1.810    19.3096 0.0000e+00
      1.289      0.067    15.4712    175.519     39.520  34.750290     4.8600    10.9320     0.1278     3.5109 1.2274e+02     5.4985      1.264      1.834    19.2422 0.0000e+00
      1.307      0.068    15.6358    178.305     39.500  34.682886     4.8600    10.9473     0.1278     3.5109 1.2081e+02     5.4534      1.281      1.858    19.1718 0.0000e+00
      1.324      0.070    15.8229    181.147     39.471  34.612658     4.8600    11.6759     0.1278     3.5109 1.1940e+02     5.4835      1.299      1.884    19.1006 0.0000e+00
      1.342      0.071    16.0412    183.721     39.447  34.550584     5.2200    11.6759     0.0852     4.1877 1.1862e+02     5.4384      1.316      1.909    19.0295 0.0000e+00
      1.361      0.073    16.2945    185.710     39.430  34.499912     5.2200    11.6721     0.0852     4.1877 1.1765e+02     5.4534      1.334      1.935    18.9611 0.0000e+00
      1.379      0.074    16.5741    186.888     39.418  34.455051     5.2200    11.6568     0.0852     4.1877 1.1492e+02     5.5286      1.352      1.962    18.8981 0.0000e+00
      1.398      0.075    16.8575    187.171     39.414  34.415919     5.2200    12.5037     0.0852     4.1877 1.1377e+02     5.7841      1.371      1.989    18.8408 0.0000e+00
      1.418      0.076    17.1145    186.617     39.416  34.380002     5.2200    12.4961     0.0852     4.1877 1.1252e+02     5.7540      1.390      2.016    18.7893 0.0000e+00
      1.437      0.076    17.3154    185.409     39.419  34.341681     5.3100    12.5037     0.0852     4.2300 1.1008e+02     5.7239      1.409      2.044    18.7433 0.0000e+00
      1.457      0.077    17.4400    183.817     39.427  34.306579     5.3100    12.5190     0.0852     4.2300 1.0795e+02     5.7540      1.428      2.072    18.6999 0.0000e+00
      1.476      0.077    17.4818    182.132     39.443  34.277216     5.3100    14.5217     0.0852     4.2300 1.0680e+02     6.2801      1.448      2.100    18.6552 0.0000e+00
      1.496      0.078    17.4468    180.589     39.450  34.237840     5.3100    14.5141     0.0852     4.2300 1.0476e+02     6.1147      1.467      2.127    18.6071 0.0000e+00
      1.516      0.078    17.3516    179.341     39.437  34.177947     5.4000    14.5179     0.1278     4.4415 1.0322e+02     6.2350      1.486      2.155    18.5558 0.0000e+00
      1.535      0.078    17.2212    178.477     39.413  34.103350     5.4000    14.5408     0.1278     4.4415 1.0202e+02     6.2951      1.506      2.184    18.5022 0.0000e+00
      1.555      0.078    17.0824    178.022     39.384  34.017919     5.4000    16.6961     0.1278     4.4415 9.9240e+01     6.6258      1.525      2.212    18.4472 0.0000e+00
      1.576      0.077    16.9578    177.952     39.352  33.916694     5.4000    16.6999     0.1278     4.4415 9.6539e+01     6.7460      1.545      2.241    18.3894 0.0000e+00
      1.596      0.077    16.8623    178.198     39.321  33.800406     5.4900    16.7152     0.0852     5.0337 9.4875e+01     6.7310      1.565      2.270    18.3271 0.0000e+00
      1.615      0.076    16.8045    178.652     39.299  33.679626     5.4900    16.6885     0.0852     5.0337 9.4217e+01     6.7610      1.584      2.297    18.2596 0.0000e+00
      1.634      0.075    16.7884    179.176     39.284  33.561751     5.4900    18.4776     0.0852     5.0337 9.2815e+01     6.4604      1.603      2.324    18.1829 0.0000e+00
      1.653      0.073    16.8146    179.630     39.265  33.445046     5.4900    18.4700     0.0852     5.0337 9.1434e+01     6.4454      1.621      2.351    18.0888 0.0000e+00
      1.672      0.072    16.8778    179.891     39.230  33.322150     5.4900    18.4738     0.0852     5.0337 8.9878e+01     6.4003      1.639      2.377    17.9743 0.0000e+00
      1.690      0.072    16.9659    179.859     39.169  33.188012     5.5800    18.4891     0.0852     5.3298 8.8887e+01     6.3552      1.657      2.403    17.8454 0.0000e+00
      1.708      0.072    17.0625    179.459     39.078  33.036562     5.5800    19.6411     0.0852     5.3298 8.8290e+01     5.4985      1.675      2.429    17.7120 0.0000e+00
      1.726      0.072    17.1510    178.673     38.960  32.867020     5.5800    19.6335     0.0852     5.3298 8.6958e+01     5.4233      1.692      2.455    17.5831 0.0000e+00
      1.744      0.073    17.2176    177.529     38.821  32.683677     5.5800    19.6564     0.0852     5.3298 8.5608e+01     5.5586      1.710      2.481    17.4649 0.0000e+00
      1.763      0.074    17.2518    176.067     38.659  32.483186     5.4900    19.6602     0.1278     5.4567 8.3441e+01     5.4985      1.729      2.507    17.3590 0.0000e+00
      1.782      0.074    17.2473    174.304     38.475  32.267528     5.4900    20.6024     0.1278     5.4567 8.1399e+01     5.6939      1.747      2.535    17.2632 0.0000e+00
      1.801      0.075    17.2032    172.236     38.288  32.050480     5.4900    20.6063     0.1278     5.4567 7.9407e+01     5.7991      1.766      2.562    17.1739 0.0000e+00
      1.820      0.076    17.1231    169.824     38.108  31.837528     5.4900    20.5834     0.1278     5.4567 7.8311e+01     5.6939      1.785      2.589    17.0883 0.0000e+00
      1.840      0.076    17.0108    167.024     37.933  31.627327     5.4000    20.6024     0.1278     5.2875 7.7145e+01     5.8141      1.804      2.617    17.0057 0.0000e+00
      1.859      0.076    16.8682    163.811     37.778  31.431146     5.4000    18.9545     0.1278     5.2875 7.5356e+01     5.2580      1.823      2.644    16.9259 0.0000e+00
      1.879      0.076    16.6951    160.175     37.657  31.263993     5.4000    18.9812     0.1278     5.2875 7.3544e+01     5.3332      1.842      2.672    16.8470 0.0000e+00
      1.899      0.075    16.4887    156.138     37.579  31.136733     5.4000    18.9621     0.1278     5.2875 7.1015e+01     5.2580      1.862      2.701    16.7660 0.0000e+00
      1.918      0.072    16.2452    151.784     37.525  31.037210     5.3100    18.9926     0.0852     4.8222 6.8336e+01     5.1378      1.881      2.729    16.6813 0.0000e+00
      1.937      0.070    15.9616    147.256     37.447  30.927002     5.3100    16.2498     0.0852     4.8222 6.6722e+01     4.4915      1.900      2.756    16.5934 0.0000e+00
      1.955      0.066    15.6359    142.738     37.332  30.792558     5.3100    16.2384     0.0852     4.8222 6.5586e+01     4.4764      1.917      2.781    16.5053 0.0000e+00
      1.971      0.063    15.2683    138.425     37.208  30.651489     5.3100    16.2422     0.0852     4.8222 6.5886e+01     4.6267      1.933      2.803    16.4224 0.0000e+00
      1.986      0.061    14.8653    134.476     37.093  30.517656     5.3100    16.2498     0.0852     4.8222 6.5373e+01     4.5967      1.948      2.825    16.3499 0.0000e+00
      2.001      0.059    14.4405    130.946     36.992  30.396951     5.1300    10.0394     0.0852     4.0185 6.4274e+01     4.2360      1.962      2.846    16.2892 0.0000e+00
      2.016      0.058    14.0133    127.746     36.907  30.292825     5.1300    10.0241     0.0852     4.0185 6.2267e+01     4.3562      1.977      2.867    16.2358 0.0000e+00
      2.030      0.057    13.6049    124.676     36.835  30.203249     5.1300    10.0127     0.0852     4.0185 6.0942e+01     4.1909      1.991      2.888    16.1840 0.0000e+00
      2.045      0.057    13.2318    121.509     36.772  30.124137     5.1300    10.0279     0.0852     4.0185 6.0100e+01     4.2961      2.006      2.909    16.1315 0.0000e+00
      2.060      0.057    12.8986    118.083     36.716  30.048251     4.9500     6.9647     0.0852     3.7224 5.9554e+01     3.6197      2.020      2.929    16.0804 0.0000e+00
      2.074      0.056    12.5959    114.398     36.664  29.971195     4.9500     6.9723     0.0852     3.7224 5.8553e+01     3.5295      2.034      2.950    16.0342 0.0000e+00
      2.088      0.056    12.3039    110.616     36.628  29.904098     4.9500     6.9647     0.0852     3.7224 5.7732e+01     3.5596      2.048      2.970    15.9939 0.0000e+00
      2.102      0.057    12.0008    106.992     36.606  29.848867     4.9500     6.9799     0.0852     3.7224 5.6947e+01     3.5897      2.062      2.990    15.9561 0.0000e+00
      2.117      0.057    11.6724    103.798     36.583  29.796712     4.8600     4.5156     0.0852     3.2994 5.5978e+01     2.8682      2.076      3.011    15.9153 0.0000e+00
      2.131      0.058    11.3193    101.231     36.561  29.747582     4.8600     4.5232     0.0852     3.2994 5.4478e+01     2.9434      2.090      3.032    15.8682 0.0000e+00
      2.146      0.058    10.9569     99.350     36.530  29.690356     4.8600     4.5385     0.0852     3.2994 5.3423e+01     2.8983      2.105      3.053    15.8171 0.0000e+00
      2.161      0.059    10.6094     98.085     36.495  29.617695     4.8600     4.5423     0.0852     3.2994 5.2149e+01     2.9133      2.120      3.074    15.7669 0.0000e+00
      2.176      0.059    10.3031     97.268     36.480  29.545860     4.6800     3.9205     0.0852     2.5380 5.1620e+01     2.3271      2.134      3.096    15.7210 0.0000e+00
      2.191      0.059    10.0577     96.691     36.488  29.481432     4.6800     3.9396     0.0852     2.5380 5.0951e+01     2.4624      2.149      3.117    15.6788 0.0000e+00
      2.206      0.059     9.8805     96.165     36.500  29.419106     4.6800     3.9167     0.0852     2.5380 4.9942e+01     2.5526      2.164      3.138    15.6341 0.0000e+00
      2.221      0.059     9.7674     95.555     36.510  29.362058     4.6800     3.9434     0.0852     2.5380 4.8446e+01     2.5225      2.179      3.160    15.5744 0.0000e+00
      2.237      0.060     9.7033     94.789     36.518  29.310913     4.6800     4.5309     0.0852     2.5380 4.7590e+01     1.9965      2.194      3.181    15.4922 0.0000e+00
      2.252      0.060     9.6659     93.873     36.519  29.261929     4.2300     4.5500     0.0426     1.7343 4.7148e+01     1.9814      2.208      3.203    15.3951 0.0000e+00
      2.267      0.061     9.6336     92.866     36.519  29.217882     4.2300     4.5500     0.0426     1.7343 4.6245e+01     2.1167      2.223      3.225    15.2971 0.0000e+00
      2.283      0.061     9.5909     91.842     36.524  29.180884     4.2300     4.5156     0.0426     1.7343 4.5339e+01     1.9213      2.239      3.247    15.2074 0.0000e+00
      2.298      0.062     9.5301     90.857     36.526  29.141068     4.2300     4.4927     0.0426     1.7343 4.4519e+01     1.9965      2.254      3.269    15.1285 0.0000e+00
      2.314      0.064     9.4519     89.942     36.525  29.095735     4.1400     4.4889     0.0426     1.5651 4.3629e+01     1.9814      2.269      3.292    15.0603 0.0000e+00
      2.330      0.065     9.3625     89.100     36.534  29.056554     4.1400     4.4889     0.0426     1.5651 4.2644e+01     1.9965      2.286      3.315    15.0006 0.0000e+00
      2.347      0.065     9.2705     88.301     36.548  29.020995     4.1400     4.4813     0.0426     1.5651 4.1448e+01     1.9514      2.302      3.339    14.9445 0.0000e+00
      2.364      0.066     9.1825     87.490     36.552  28.979573     4.1400     4.4927     0.0426     1.5651 3.9988e+01     1.7259      2.319      3.363    14.8870 0.0000e+00
      2.381      0.066     9.1020     86.599     36.555  28.937079     3.9600     4.4737     0.0426     1.3113 3.8857e+01     1.7259      2.336      3.387    14.8260 0.0000e+00
      2.398      0.065     9.0292     85.569     36.569  28.901980     3.9600     4.4737     0.0426     1.3113 3.8705e+01     1.8161      2.352      3.411    14.7627 0.0000e+00
      2.415      0.064     8.9605     84.374     36.592  28.872835     3.9600     4.4775     0.0426     1.3113 3.7685e+01     1.8011      2.368      3.434    14.6993 0.0000e+00
      2.431      0.063     8.8900     83.025     36.617  28.845830     3.9600     4.5423     0.0426     1.3113 3.6579e+01     1.5305      2.384      3.457    14.6377 0.0000e+00
