Data/DataNotYetUploadedToEDI/Raw_CTD/RawDownloads/052224_ccr50_S7809003.cnv
* Sea-Bird SBE19plus  Data File:
* FileName = C:\R\Reservoirs\Data\DataNotYetUploadedToEDI\Raw_CTD\RawDownloads\052024_bvr50_S7809_0003.hex
* Software version 2.8.0.119
* Temperature SN = 7809
* Conductivity SN = 7809
* System UpLoad Time = May 23 2024 16:48:27
* <ApplicationData>
* <Seaterm232>
# nquan = 15
# nvalues = 5458                        
# units = specified
# name 0 = depFM: Depth [fresh water, m]
# name 1 = dz/dtM: Descent Rate [m/s]
# name 2 = sbeox0Mg/L: Oxygen, SBE 43 [mg/l]
# name 3 = sbeox0PS: Oxygen, SBE 43 [% saturation]
# name 4 = specc: Specific Conductance [uS/cm]
# name 5 = c0uS/cm: Conductivity [uS/cm]
# name 6 = flECO-AFL: Fluorescence, WET Labs ECO-AFL/FL [mg/m^3]
# name 7 = ph: pH
# name 8 = orp: Oxidation Reduction Potential [mV]
# name 9 = par/sat/log: PAR/Logarithmic, Satlantic
# name 10 = turbWETntu0: Turbidity, WET Labs ECO [NTU]
# name 11 = prdM: Pressure, Strain Gauge [db]
# name 12 = prdE: Pressure, Strain Gauge [psi]
# name 13 = tv290C: Temperature [ITS-90, deg C]
# name 14 = flag:  0.000e+00
# span 0 =     -0.481,     21.606       
# span 1 =     -0.450,      0.216       
# span 2 =     0.3929,     9.8445       
# span 3 =      3.448,    113.741       
# span 4 =      0.587,    139.157       
# span 5 =   0.644563, 114.890508       
# span 6 =    -1.9849,     9.3114       
# span 7 =     -1.927,      8.481       
# span 8 = -1240.2388,   908.9073       
# span 9 = 1.2353e-01, 2.6874e+03       
# span 10 =    -4.5082,   148.8465      
# span 11 =     -0.472,     21.190      
# span 12 =     -0.686,     30.733      
# span 13 =     9.4208,    29.9020      
# span 14 = 0.0000e+00, 0.0000e+00      
# interval = seconds: 0.25
# start_time = May 22 2024 10:27:09 [Instrument's time stamp, header]
# bad_flag = -9.990e-29
*END*
[from data line 3663]
     15.977      0.042     5.2652     46.184    125.679  87.806366     0.6923      8.191   237.0153 1.3284e-01     4.9794     15.668     22.726     9.9325 0.0000e+00
     15.983      0.041     5.2593     46.098    125.684  87.807608     0.6972      8.192   236.8793 1.3389e-01     5.1105     15.674     22.733     9.9317 0.0000e+00
     15.989      0.041     5.2513     46.029    125.723  87.831793     0.6945      8.192   236.7386 1.3425e-01     5.2084     15.680     22.741     9.9314 0.0000e+00
     15.998      0.044     5.2325     45.953    125.747  87.844313     0.6923      8.192   236.6906 1.3140e-01     5.2401     15.687     22.754     9.9312 0.0000e+00
     16.010      0.046     5.2179     45.845    125.736  87.831748     0.7047      8.192   236.7300 1.2884e-01     5.2553     15.698     22.769     9.9306 0.0000e+00
     16.027      0.044     5.2098     45.730    125.706  87.807094     0.7189      8.192   236.7842 1.2756e-01     5.2216     15.715     22.792     9.9297 0.0000e+00
     16.046      0.040     5.2024     45.647    125.699  87.800686     0.7232      8.192   236.8296 1.3116e-01     5.1400     15.738     22.825     9.9284 0.0000e+00
     16.059      0.035     5.1965     45.580    125.724  87.817878     0.7228      8.191   236.9351 1.3568e-01     5.0883     15.754     22.848     9.9265 0.0000e+00
     16.061      0.029     5.1829     45.498    125.735  87.824122     0.6898      8.190   237.0270 1.3324e-01     5.1090     15.754     22.849     9.9245 0.0000e+00
     16.059      0.021     5.1674     45.417    125.722  87.812556     0.6233      8.190   236.9945 1.2953e-01     5.1859     15.746     22.837     9.9229 0.0000e+00
     16.063      0.015     5.1593     45.360    125.712  87.805261     0.5852      8.189   236.9720 1.2923e-01     5.2310     15.751     22.844     9.9227 0.0000e+00
     16.072      0.011     5.1540     45.323    125.703  87.799540     0.5867      8.189   237.0137 1.2919e-01     5.2450     15.764     22.863     9.9228 0.0000e+00
     16.077      0.010     5.1431     45.292    125.710  87.806996     0.6078      8.190   237.1539 1.2926e-01     5.2525     15.768     22.869     9.9220 0.0000e+00
     16.077      0.010     5.1332     45.261    125.742  87.831806     0.6324      8.190   237.3766 1.3003e-01     5.1854     15.767     22.868     9.9209 0.0000e+00
     16.076      0.010     5.1271     45.238    125.758  87.845049     0.6345      8.189   237.5559 1.3049e-01     5.1165     15.766     22.865     9.9205 0.0000e+00
     16.076      0.012     5.1236     45.228    125.748  87.839886     0.6245      8.189   237.6008 1.2759e-01     5.1375     15.764     22.863     9.9209 0.0000e+00
     16.080      0.017     5.1205     45.228    125.738  87.832997     0.6283      8.190   237.4903 1.2817e-01     5.2004     15.768     22.869     9.9220 0.0000e+00
     16.086      0.022     5.1158     45.245    125.725  87.825382     0.6387      8.190   237.4233 1.3194e-01     5.2272     15.774     22.878     9.9233 0.0000e+00
     16.093      0.026     5.1132     45.290    125.700  87.811417     0.6419      8.189   237.3938 1.3461e-01     5.2232     15.781     22.889     9.9239 0.0000e+00
     16.103      0.029     5.1124     45.352    125.667  87.791391     0.6424      8.189   237.5628 1.3643e-01     5.2202     15.793     22.904     9.9245 0.0000e+00
     16.111      0.031     5.1118     45.423    125.645  87.774093     0.6364      8.189   237.8316 1.3046e-01     5.1911     15.801     22.917     9.9248 0.0000e+00
     16.117      0.031     5.1130     45.483    125.683  87.793117     0.6354      8.190   237.7192 1.2436e-01     5.1437     15.805     22.924     9.9247 0.0000e+00
     16.123      0.030     5.1189     45.508    125.749  87.830546     0.6555      8.190   237.6665 1.2383e-01     5.1258     15.811     22.931     9.9264 0.0000e+00
     16.133      0.028     5.1256     45.514    125.775  87.844936     0.6802      8.189   237.7964 1.2380e-01     5.1448     15.821     22.944     9.9290 0.0000e+00
     16.143      0.024     5.1343     45.515    125.765  87.839878     0.6918      8.189   237.6547 1.2387e-01     5.1352     15.832     22.962     9.9280 0.0000e+00
     16.150      0.021     5.1437     45.498    125.748  87.833008     0.6968      8.188   237.5882 1.2431e-01     5.1123     15.840     22.973     9.9237 0.0000e+00
     16.155      0.017     5.1455     45.476    125.733  87.825497     0.6979      8.188   237.7663 1.2481e-01     5.1414     15.843     22.978     9.9199 0.0000e+00
     16.156      0.015     5.1448     45.463    125.714  87.812675     0.6814      8.188   237.8301 1.2537e-01     5.1446     15.844     22.979     9.9182 0.0000e+00
     16.156      0.015     5.1474     45.453    125.705  87.805205     0.6715      8.189   237.6708 1.2632e-01     5.1170     15.843     22.978     9.9194 0.0000e+00
     16.158      0.020     5.1431     45.438    125.699  87.798795     0.6697      8.189   237.4750 1.3155e-01     5.1499     15.845     22.982     9.9220 0.0000e+00
     16.163      0.026     5.1400     45.410    125.705  87.798790     0.6436      8.189   237.4410 1.3620e-01     5.2001     15.850     22.989     9.9237 0.0000e+00
     16.171      0.033     5.1394     45.376    125.723  87.805138     0.6217      8.189   237.3460 1.3052e-01     5.2122     15.856     22.998     9.9233 0.0000e+00
     16.182      0.038     5.1381     45.353    125.741  87.811925     0.6299      8.189   237.1870 1.2456e-01     5.2282     15.868     23.015     9.9223 0.0000e+00
     16.196      0.043     5.1375     45.348    125.753  87.817230     0.6427      8.190   237.2400 1.2412e-01     5.2224     15.883     23.037     9.9222 0.0000e+00
     16.208      0.050     5.1339     45.337    125.739  87.805664     0.6355      8.190   237.2985 1.2390e-01     5.1764     15.895     23.054     9.9205 0.0000e+00
     16.218      0.058     5.1299     45.306    125.734  87.799308     0.6172      8.190   237.2910 1.2372e-01     5.1498     15.904     23.066     9.9173 0.0000e+00
     16.229      0.065     5.1263     45.263    125.746  87.803993     0.6129      8.189   237.3221 1.2372e-01     5.1399     15.914     23.080     9.9151 0.0000e+00
     16.245      0.067     5.1282     45.236    125.743  87.798680     0.6244      8.189   237.2444 1.2373e-01     5.1594     15.929     23.101     9.9141 0.0000e+00
     16.270      0.063     5.1271     45.246    125.747  87.798675     0.6328      8.189   237.3842 1.2370e-01     5.1805     15.954     23.139     9.9135 0.0000e+00
     16.296      0.054     5.1235     45.274    125.755  87.803936     0.6311      8.189   237.7216 1.2366e-01     5.1551     15.985     23.184     9.9126 0.0000e+00
     16.314      0.041     5.1177     45.313    125.744  87.798674     0.6288      8.188   237.7103 1.2371e-01     5.1266     16.004     23.211     9.9109 0.0000e+00
     16.320      0.026     5.1128     45.360    125.739  87.798679     0.6126      8.188   237.4196 1.2373e-01     5.1086     16.008     23.217     9.9092 0.0000e+00
     16.316      0.013     5.1166     45.418    125.743  87.803992     0.5765      8.188   237.1314 1.2367e-01     5.1087     16.001     23.207     9.9082 0.0000e+00
     16.311      0.007     5.1188     45.483    125.734  87.799304     0.5504      8.187   237.0651 1.2367e-01     5.1267     15.994     23.197     9.9081 0.0000e+00
     16.309      0.010     5.1240     45.531    125.745  87.805613     0.5471      8.187   237.0483 1.2374e-01     5.1222     15.992     23.195     9.9092 0.0000e+00
     16.310      0.020     5.1287     45.556    125.766  87.816658     0.5692      8.188   236.8422 1.2375e-01     5.1222     15.993     23.195     9.9109 0.0000e+00
     16.315      0.035     5.1348     45.564    125.757  87.805604     0.6097      8.188   236.7238 1.2366e-01     5.1612     15.998     23.204     9.9119 0.0000e+00
     16.327      0.047     5.1442     45.570    125.754  87.799192     0.6378      8.188   236.8213 1.2366e-01     5.1834     16.009     23.220     9.9126 0.0000e+00
     16.346      0.054     5.1491     45.596    125.764  87.802734     0.6431      8.187   236.9033 1.2385e-01     5.1864     16.028     23.246     9.9123 0.0000e+00
     16.367      0.056     5.1518     45.628    125.742  87.784812     0.6315      8.187   237.0266 1.2499e-01     5.1633     16.052     23.282     9.9104 0.0000e+00
     16.385      0.054     5.1534     45.676    125.728  87.773345     0.6136      8.186   237.4513 1.2600e-01     5.1087     16.071     23.310     9.9083 0.0000e+00
     16.396      0.050     5.1512     45.763    125.756  87.791320     0.6099      8.186   237.8228 1.2497e-01     5.1070     16.080     23.322     9.9066 0.0000e+00
     16.404      0.043     5.1569     45.874    125.788  87.811296     0.6207      8.186   237.7328 1.2385e-01     5.1768     16.086     23.331     9.9053 0.0000e+00
     16.413      0.036     5.1604     45.997    125.808  87.824015     0.6192      8.187   237.7397 1.2376e-01     5.2009     16.095     23.343     9.9044 0.0000e+00
     16.423      0.030     5.1625     46.103    125.799  87.817867     0.5996      8.187   238.0784 1.2373e-01     5.1603     16.106     23.360     9.9038 0.0000e+00
     16.433      0.027     5.1760     46.183    125.773  87.800579     0.5756      8.186   238.1277 1.2371e-01     5.1638     16.117     23.376     9.9031 0.0000e+00
     16.439      0.027     5.1866     46.228    125.780  87.805843     0.5539      8.186   237.9064 1.2372e-01     5.1744     16.122     23.383     9.9022 0.0000e+00
     16.440      0.028     5.2040     46.225    125.800  87.817888     0.5452      8.186   237.7256 1.2371e-01     5.1520     16.122     23.383     9.9015 0.0000e+00
     16.443      0.031     5.2148     46.160    125.805  87.818987     0.5621      8.186   237.7481 1.2373e-01     5.1316     16.124     23.385     9.9015 0.0000e+00
     16.452      0.034     5.2244     46.037    125.809  87.819130     0.5999      8.186   237.9206 1.2370e-01     5.1328     16.133     23.398     9.9021 0.0000e+00
     16.465      0.035     5.2307     45.889    125.813  87.819608     0.6358      8.186   238.0049 1.2364e-01     5.1673     16.147     23.419     9.9023 0.0000e+00
     16.480      0.032     5.2297     45.699    125.821  87.824772     0.6555      8.186   237.9928 1.2361e-01     5.2071     16.162     23.440     9.9014 0.0000e+00
     16.492      0.026     5.2247     45.429    125.810  87.817946     0.6377      8.186   237.7739 1.2359e-01     5.2036     16.175     23.459     9.9003 0.0000e+00
     16.498      0.017     5.2062     45.072    125.780  87.800691     0.5874      8.186   237.7675 1.2359e-01     5.1591     16.181     23.468     9.8993 0.0000e+00
     16.499      0.010     5.1927     44.666    125.784  87.806995     0.5543      8.186   238.0873 1.2360e-01     5.1479     16.181     23.469     9.8984 0.0000e+00
     16.495      0.007     5.1724     44.299    125.816  87.830553     0.5454      8.186   238.1994 1.2362e-01     5.1361     16.176     23.461     9.8980 0.0000e+00
     16.491      0.007     5.1420     44.032    125.817  87.831075     0.5477      8.186   238.3489 1.2369e-01     5.1194     16.171     23.454     9.8984 0.0000e+00
     16.491      0.012     5.1010     43.882    125.792  87.813303     0.5651      8.187   238.5183 1.2375e-01     5.1848     16.170     23.453     9.8998 0.0000e+00
     16.496      0.018     5.0493     43.846    125.785  87.806521     0.5811      8.187   238.4408 1.2370e-01     5.2428     16.175     23.461     9.9017 0.0000e+00
     16.505      0.025     5.0062     43.915    125.798  87.812680     0.5820      8.187   238.7019 1.2368e-01     5.2062     16.186     23.477     9.9024 0.0000e+00
     16.514      0.029     4.9747     44.057    125.818  87.824153     0.6017      8.187   239.0936 1.2371e-01     5.1522     16.196     23.490     9.9020 0.0000e+00
     16.523      0.027     4.9587     44.193    125.813  87.818005     0.6526      8.187   239.0472 1.2370e-01     5.1364     16.204     23.501     9.9016 0.0000e+00
     16.532      0.022     4.9551     44.262    125.791  87.801960     0.6815      8.185   239.0012 1.2368e-01     5.1516     16.212     23.514     9.9012 0.0000e+00
     16.539      0.015     4.9627     44.237    125.818  87.820996     0.6770      8.185   239.1398 1.2371e-01     5.1646     16.221     23.526     9.9002 0.0000e+00
     16.542      0.009     4.9842     44.126    125.870  87.857331     0.6635      8.186   239.2608 1.2374e-01     5.1578     16.224     23.532     9.8987 0.0000e+00
     16.540      0.004     5.0018     43.981    125.873  87.859583     0.6520      8.186   239.3454 1.2373e-01     5.1714     16.220     23.527     9.8976 0.0000e+00
     16.536      0.002     5.0101     43.829    125.857  87.848221     0.6461      8.186   239.6465 1.2369e-01     5.1934     16.217     23.519     9.8975 0.0000e+00
     16.535      0.002     5.0081     43.691    125.858  87.847189     0.6339      8.186   240.0619 1.2367e-01     5.1844     16.215     23.518     9.8978 0.0000e+00
     16.536      0.005     4.9916     43.619    125.862  87.847095     0.6218      8.186   240.2380 1.2365e-01     5.1643     16.216     23.520     9.8979 0.0000e+00
     16.539      0.010     4.9747     43.591    125.867  87.847086     0.6318      8.186   240.2271 1.2366e-01     5.1562     16.218     23.523     9.8977 0.0000e+00
     16.543      0.012     4.9583     43.553    125.869  87.847076     0.6635      8.186   240.2743 1.2371e-01     5.1544     16.223     23.530     9.8979 0.0000e+00
     16.548      0.011     4.9380     43.513    125.869  87.846971     0.6894      8.186   240.4652 1.2369e-01     5.1770     16.227     23.537     9.8974 0.0000e+00
     16.553      0.007     4.9314     43.470    125.864  87.845824     0.6866      8.186   240.5555 1.2368e-01     5.1902     16.233     23.544     9.8958 0.0000e+00
     16.557      0.002     4.9334     43.411    125.839  87.833205     0.6627      8.185   240.3342 1.2371e-01     5.1433     16.238     23.552     9.8941 0.0000e+00
     16.557     -0.003     4.9257     43.347    125.813  87.821637     0.6425      8.185   240.0266 1.2372e-01     5.1218     16.237     23.551     9.8936 0.0000e+00
     16.552     -0.006     4.9223     43.267    125.822  87.833193     0.6326      8.186   240.1911 1.2372e-01     5.1353     16.232     23.543     9.8937 0.0000e+00
     16.547     -0.007     4.9186     43.192    125.835  87.845707     0.6275      8.186   240.5167 1.2371e-01     5.1010     16.226     23.533     9.8944 0.0000e+00
     16.542     -0.004     4.9097     43.186    125.833  87.845708     0.6390      8.185   240.1782 1.2373e-01     5.0830     16.220     23.525     9.8964 0.0000e+00
     16.541      0.001     4.9039     43.258    125.815  87.833203     0.6703      8.185   239.5402 1.2373e-01     5.1235     16.219     23.525     9.8992 0.0000e+00
     16.543      0.008     4.8941     43.368    125.798  87.821750     0.6978      8.185   239.2547 1.2372e-01     5.1805     16.223     23.530     9.9017 0.0000e+00
     16.547      0.016     4.8816     43.505    125.813  87.834458     0.7065      8.185   239.1350 1.2370e-01     5.2264     16.226     23.533     9.9029 0.0000e+00
     16.552      0.023     4.8798     43.654    125.840  87.859633     0.6844      8.185   238.9535 1.2365e-01     5.1996     16.231     23.541     9.9034 0.0000e+00
     16.560      0.029     4.8922     43.787    125.848  87.871668     0.6380      8.185   238.8666 1.2360e-01     5.1301     16.239     23.553     9.9034 0.0000e+00
     16.568      0.032     4.9033     43.907    125.817  87.852749     0.6120      8.185   238.9455 1.2355e-01     5.1026     16.247     23.564     9.9029 0.0000e+00
     16.577      0.032     4.9191     44.030    125.772  87.821740     0.6199      8.185   239.0468 1.2356e-01     5.1069     16.256     23.577     9.9038 0.0000e+00
     16.589      0.028     4.9384     44.165    125.764  87.814810     0.6574      8.184   239.2312 1.2368e-01     5.1486     16.268     23.596     9.9067 0.0000e+00
