Data/DataNotYetUploadedToEDI/Raw_CTD/RawDownloads/052224_ccr99_S7809005.cnv
* Sea-Bird SBE19plus  Data File:
* FileName = C:\R\Reservoirs\Data\DataNotYetUploadedToEDI\Raw_CTD\RawDownloads\052024_bvr50_S7809_0005.hex
* Software version 2.8.0.119
* Temperature SN = 7809
* Conductivity SN = 7809
* System UpLoad Time = May 23 2024 16:49:44
* <ApplicationData>
* <Seaterm232>
# nquan = 15
# nvalues = 1078                        
# units = specified
# name 0 = depFM: Depth [fresh water, m]
# name 1 = dz/dtM: Descent Rate [m/s]
# name 2 = sbeox0Mg/L: Oxygen, SBE 43 [mg/l]
# name 3 = sbeox0PS: Oxygen, SBE 43 [% saturation]
# name 4 = specc: Specific Conductance [uS/cm]
# name 5 = c0uS/cm: Conductivity [uS/cm]
# name 6 = flECO-AFL: Fluorescence, WET Labs ECO-AFL/FL [mg/m^3]
# name 7 = ph: pH
# name 8 = orp: Oxidation Reduction Potential [mV]
# name 9 = par/sat/log: PAR/Logarithmic, Satlantic
# name 10 = turbWETntu0: Turbidity, WET Labs ECO [NTU]
# name 11 = prdM: Pressure, Strain Gauge [db]
# name 12 = prdE: Pressure, Strain Gauge [psi]
# name 13 = tv290C: Temperature [ITS-90, deg C]
# name 14 = flag:  0.000e+00
# span 0 =     -0.485,      5.449       
# span 1 =     -0.370,      0.409       
# span 2 =     4.7428,     9.5023       
# span 3 =     46.949,    114.894       
# span 4 =      8.483,    121.018       
# span 5 =   8.277967, 120.137253       
# span 6 =    -0.0669,   101.2212       
# span 7 =      7.374,      8.188       
# span 8 =    85.2313,   191.3273       
# span 9 = 1.1506e+01, 2.4412e+03       
# span 10 =     0.8388,   499.6070      
# span 11 =     -0.486,      5.344      
# span 12 =     -0.706,      7.751      
# span 13 =    14.7927,    31.2879      
# span 14 = 0.0000e+00, 0.0000e+00      
# interval = seconds: 0.25
# start_time = May 22 2024 13:09:49 [Instrument's time stamp, header]
# bad_flag = -9.990e-29
*END*
[from data line 675]
      3.877      0.025     7.7796     88.201    103.788  96.486849     2.4119      8.146   157.1373 5.4332e+01     7.4513      3.802      5.514    21.5011 0.0000e+00
      3.879      0.031     7.7902     88.067    103.246  95.916313     2.3970      8.147   157.2389 5.4203e+01     7.4562      3.801      5.513    21.4989 0.0000e+00
      3.886      0.038     7.8029     87.867    102.632  95.245236     2.3718      8.148   157.2665 5.3891e+01     7.4372      3.809      5.524    21.4991 0.0000e+00
      3.900      0.046     7.7968     87.584    102.285  94.800178     2.3819      8.148   157.3847 5.3510e+01     7.4602      3.824      5.546    21.4976 0.0000e+00
      3.916      0.052     7.7857     87.212    102.186  94.607720     2.4100      8.149   157.5498 5.3110e+01     7.5972      3.841      5.571    21.4840 0.0000e+00
      3.932      0.056     7.7834     86.717    102.134  94.508970     2.4373      8.150   157.6275 5.2737e+01     7.7618      3.857      5.594    21.4498 0.0000e+00
      3.947      0.056     7.7716     86.043    102.071  94.433379     2.4622      8.149   157.8076 5.2375e+01     7.8113      3.872      5.615    21.4036 0.0000e+00
      3.961      0.055     7.7581     85.227    101.755  94.139176     2.5030      8.149   158.3509 5.1989e+01     7.7514      3.885      5.636    21.3309 0.0000e+00
      3.975      0.053     7.7342     84.412    101.289  93.687995     2.5730      8.150   159.2073 5.1664e+01     7.7209      3.899      5.655    21.2748 0.0000e+00
      3.987      0.050     7.6955     83.674    101.154  93.496072     2.6171      8.152   159.7294 5.1424e+01     7.7501      3.910      5.671    21.2592 0.0000e+00
      3.999      0.045     7.6375     83.057    101.290  93.536636     2.6203      8.153   159.5873 5.1117e+01     7.7281      3.921      5.686    21.2489 0.0000e+00
      4.012      0.040     7.5560     82.583    101.498  93.669284     2.6366      8.153   159.4684 5.0736e+01     7.7622      3.935      5.707    21.2549 0.0000e+00
      4.024      0.036     7.4835     82.208    101.761  93.890823     2.6889      8.154   159.5826 5.0480e+01     7.9925      3.948      5.728    21.2560 0.0000e+00
      4.031      0.033     7.4226     81.921    101.855  93.988090     2.7366      8.154   159.8495 5.0388e+01     8.2237      3.954      5.735    21.2128 0.0000e+00
      4.034      0.030     7.3734     81.742    101.680  93.827227     2.7552      8.153   160.3729 5.0297e+01     8.2680      3.956      5.737    21.1607 0.0000e+00
      4.039      0.026     7.3387     81.651    101.498  93.600295     2.7730      8.153   161.1789 5.0081e+01     8.0843      3.959      5.743    21.1321 0.0000e+00
      4.048      0.022     7.3070     81.585    101.488  93.471319     2.7940      8.153   161.7644 4.9804e+01     7.7793      3.969      5.757    21.1208 0.0000e+00
      4.058      0.019     7.2782     81.469    101.634  93.476616     2.7929      8.154   161.6011 4.9626e+01     7.6207      3.982      5.775    21.1328 0.0000e+00
      4.063      0.017     7.2608     81.237    101.844  93.600518     2.7754      8.154   161.5280 4.9605e+01     7.6359      3.986      5.782    21.1471 0.0000e+00
      4.063      0.017     7.2598     80.889    101.931  93.696685     2.7412      8.153   161.6547 4.9620e+01     7.7230      3.986      5.781    21.1171 0.0000e+00
      4.063      0.017     7.2652     80.516    101.845  93.684910     2.6947      8.152   161.4127 4.9534e+01     7.8549      3.984      5.778    21.0482 0.0000e+00
      4.066      0.019     7.2692     80.216    101.732  93.649154     2.6804      8.153   161.2687 4.9345e+01     7.9664      3.985      5.780    20.9705 0.0000e+00
      4.072      0.023     7.2540     80.009    101.683  93.646248     2.6926      8.153   161.4626 4.9065e+01     8.0121      3.994      5.791    20.9297 0.0000e+00
      4.081      0.028     7.2178     79.914    101.669  93.649827     2.7172      8.155   161.6918 4.8744e+01     7.9626      4.003      5.805    20.9469 0.0000e+00
      4.090      0.033     7.1735     79.949    101.654  93.628813     2.7535      8.157   161.8892 4.8430e+01     7.8811      4.010      5.817    20.9893 0.0000e+00
      4.099      0.037     7.1426     80.085    101.635  93.583048     2.7735      8.158   162.2145 4.8099e+01     7.8461      4.019      5.830    21.0291 0.0000e+00
      4.108      0.040     7.1211     80.316    101.639  93.541873     2.7844      8.159   162.6137 4.7809e+01     7.8470      4.028      5.844    21.0469 0.0000e+00
      4.117      0.042     7.1087     80.570    101.680  93.512694     2.8594      8.160   162.9300 4.7529e+01     7.8915      4.037      5.855    21.0548 0.0000e+00
      4.128      0.043     7.1165     80.756    101.755  93.484683     2.9819      8.161   163.4571 4.7117e+01     7.9752      4.046      5.869    21.0532 0.0000e+00
      4.142      0.043     7.1279     80.891    101.847  93.457578     3.0419      8.161   164.0830 4.6667e+01     8.0386      4.062      5.892    21.0344 0.0000e+00
      4.156      0.042     7.1548     81.016    101.932  93.439340     3.0529      8.161   164.2175 4.6352e+01     8.0441      4.077      5.913    21.0162 0.0000e+00
      4.166      0.041     7.1865     81.148    101.958  93.391308     3.0481      8.161   164.2220 4.6139e+01     7.9731      4.086      5.927    20.9853 0.0000e+00
      4.173      0.041     7.2074     81.283    101.759  93.131251     3.0246      8.161   164.3965 4.5875e+01     8.0342      4.092      5.935    20.9349 0.0000e+00
      4.182      0.044     7.2278     81.408    101.483  92.712852     3.0107      8.162   164.3477 4.5578e+01     8.3385      4.101      5.946    20.8718 0.0000e+00
      4.192      0.051     7.2444     81.453    101.553  92.468172     3.0045      8.163   164.1490 4.5351e+01     8.5440      4.111      5.962    20.8238 0.0000e+00
      4.202      0.057     7.2620     81.350    101.878  92.399438     3.0089      8.164   164.0588 4.4971e+01     8.6057      4.118      5.973    20.7927 0.0000e+00
      4.219      0.060     7.2763     81.109    102.199  92.390313     2.9894      8.165   164.0312 4.4280e+01     8.7424      4.135      5.997    20.7688 0.0000e+00
      4.242      0.060     7.2990     80.732    102.462  92.421073     2.9184      8.163   164.1600 4.3531e+01     8.8993      4.161      6.036    20.7093 0.0000e+00
      4.263      0.058     7.3323     80.200    102.564  92.389307     2.8652      8.162   164.4108 4.2988e+01     8.9310      4.185      6.069    20.5320 0.0000e+00
      4.278      0.054     7.3504     79.537    102.572  92.324206     2.8546      8.163   164.5689 4.2717e+01     8.8872      4.199      6.089    20.3250 0.0000e+00
      4.286      0.048     7.3501     78.823    102.652  92.333761     2.8561      8.163   164.6084 4.2545e+01     8.8137      4.203      6.096    20.1814 0.0000e+00
      4.293      0.040     7.3317     78.164    102.755  92.377498     2.8503      8.164   164.5448 4.2245e+01     8.6565      4.208      6.104    20.0808 0.0000e+00
      4.304      0.033     7.2911     77.677    102.797  92.407559     2.8347      8.164   164.4886 4.1850e+01     8.5580      4.219      6.120    20.0238 0.0000e+00
      4.316      0.027     7.2307     77.413    102.817  92.442714     2.8328      8.164   164.5302 4.1563e+01     8.5791      4.233      6.140    20.0025 0.0000e+00
      4.324      0.023     7.1680     77.333    102.837  92.484439     2.8116      8.163   164.6184 4.1478e+01     8.6389      4.243      6.154    19.9689 0.0000e+00
      4.327      0.021     7.1079     77.395    102.837  92.530308     2.7446      8.162   164.6943 4.1495e+01     8.6669      4.245      6.156    19.9345 0.0000e+00
      4.327      0.020     7.0610     77.582    102.773  92.551977     2.6976      8.162   164.7595 4.1477e+01     8.6437      4.243      6.154    19.9376 0.0000e+00
      4.329      0.019     7.0381     77.865    102.695  92.555666     2.6918      8.162   164.9757 4.1298e+01     8.6653      4.244      6.155    19.9518 0.0000e+00
      4.335      0.019     7.0306     78.174    102.674  92.575009     2.7168      8.162   165.3301 4.0936e+01     8.7240      4.249      6.162    19.9578 0.0000e+00
      4.344      0.019     7.0346     78.463    102.674  92.595019     2.7587      8.162   165.6029 4.0561e+01     8.8064      4.260      6.179    19.9748 0.0000e+00
      4.353      0.019     7.0449     78.708    102.674  92.606741     2.7737      8.162   165.7791 4.0363e+01     8.8762      4.272      6.195    20.0241 0.0000e+00
      4.357      0.020     7.0677     78.877    102.658  92.589495     2.7807      8.162   165.9121 4.0346e+01     8.8839      4.275      6.200    20.0684 0.0000e+00
      4.357      0.020     7.0956     78.959    102.676  92.577375     2.7862      8.163   166.0920 4.0313e+01     8.9336      4.271      6.195    20.0792 0.0000e+00
      4.359      0.021     7.1204     78.962    102.739  92.587422     2.7657      8.163   166.3205 4.0127e+01     8.9646      4.272      6.196    20.0872 0.0000e+00
      4.365      0.025     7.1440     78.917    102.783  92.583644     2.7405      8.163   166.5235 3.9802e+01     8.8836      4.279      6.206    20.0952 0.0000e+00
      4.374      0.031     7.1582     78.847    102.821  92.595264     2.7313      8.163   166.7398 3.9417e+01     8.8422      4.289      6.221    20.0959 0.0000e+00
      4.384      0.039     7.1685     78.777    102.823  92.600635     2.7870      8.164   167.2145 3.9080e+01     9.0111      4.300      6.237    20.0822 0.0000e+00
      4.394      0.045     7.1708     78.737    102.796  92.584965     2.8975      8.165   168.2194 3.8745e+01     9.2856      4.308      6.249    20.0527 0.0000e+00
      4.404      0.048     7.1699     78.735    102.839  92.596695     2.9610      8.166   168.9085 3.8275e+01     9.3945      4.318      6.262    20.0305 0.0000e+00
      4.418      0.048     7.1646     78.737    102.949  92.615168     2.9721      8.166   168.6638 3.7704e+01     9.3705      4.332      6.282    20.0162 0.0000e+00
      4.434      0.046     7.1559     78.682    103.067  92.617324     2.9734      8.167   168.6173 3.7155e+01     9.3376      4.349      6.308    20.0229 0.0000e+00
      4.449      0.042     7.1508     78.576    103.233  92.686250     2.9850      8.169   169.0341 3.6750e+01     9.2705      4.366      6.331    20.0348 0.0000e+00
      4.459      0.039     7.1518     78.446    103.537  92.875781     3.0206      8.169   169.4003 3.6552e+01     9.2079      4.376      6.345    20.0269 0.0000e+00
      4.464      0.035     7.1624     78.246    103.913  93.063571     3.0467      8.169   169.7760 3.6412e+01     9.1620      4.378      6.350    19.9824 0.0000e+00
      4.469      0.034     7.1655     77.917    104.183  93.111349     3.0423      8.170   169.7915 3.6157e+01     9.0914      4.382      6.355    19.9173 0.0000e+00
      4.477      0.037     7.1586     77.485    104.452  93.198674     3.0085      8.171   169.5871 3.5762e+01     9.1046      4.389      6.366    19.8834 0.0000e+00
      4.487      0.042     7.1515     77.005    105.050  93.610149     2.9634      8.170   169.5416 3.5310e+01     9.2199      4.400      6.381    19.8631 0.0000e+00
      4.499      0.048     7.1477     76.488    105.862  94.141141     2.9538      8.169   169.4138 3.4842e+01     9.2903      4.412      6.399    19.7878 0.0000e+00
      4.512      0.051     7.1325     75.895    106.500  94.400749     2.9840      8.168   169.5042 3.4251e+01     9.3744      4.423      6.416    19.6680 0.0000e+00
      4.528      0.051     7.1008     75.175    106.866  94.394195     3.0459      8.168   170.2044 3.3562e+01     9.5874      4.440      6.439    19.5982 0.0000e+00
      4.545      0.049     7.0614     74.372    107.041  94.315990     3.1196      8.168   170.9109 3.2976e+01     9.7822      4.459      6.467    19.5651 0.0000e+00
      4.558      0.045     7.0258     73.580    107.138  94.282118     3.1511      8.168   171.2499 3.2561e+01     9.7831      4.472      6.486    19.4856 0.0000e+00
      4.568      0.040     6.9979     72.827    107.243  94.302683     3.1435      8.168   171.3773 3.2237e+01     9.7356      4.480      6.497    19.3220 0.0000e+00
      4.575      0.035     6.9554     72.136    107.340  94.310011     3.1282      8.168   171.3326 3.1963e+01     9.7879      4.487      6.507    19.1369 0.0000e+00
      4.582      0.030     6.8910     71.570    107.459  94.306986     3.1232      8.169   171.6563 3.1707e+01     9.8340      4.494      6.517    19.0289 0.0000e+00
      4.589      0.027     6.8238     71.204    107.676  94.393233     3.1418      8.170   172.6231 3.1429e+01     9.8499      4.500      6.527    18.9912 0.0000e+00
      4.595      0.027     6.7568     71.064    107.888  94.525429     3.1703      8.170   173.5581 3.1162e+01     9.9109      4.506      6.536    18.9634 0.0000e+00
      4.602      0.026     6.6946     71.089    107.960  94.568959     3.1926      8.171   174.0132 3.0909e+01     9.9909      4.513      6.546    18.9327 0.0000e+00
      4.608      0.025     6.6468     71.206    107.891  94.537720     3.2033      8.171   173.9100 3.0630e+01    10.0315      4.519      6.554    18.8790 0.0000e+00
      4.616      0.022     6.6194     71.362    107.716  94.465934     3.1998      8.170   173.6005 3.0342e+01     9.9921      4.527      6.565    18.8118 0.0000e+00
      4.624      0.019     6.6118     71.514    107.505  94.337464     3.1926      8.170   174.3153 3.0108e+01     9.9581      4.536      6.579    18.8023 0.0000e+00
      4.628      0.018     6.6177     71.640    107.387  94.257156     3.2158      8.171   175.0664 2.9972e+01    10.0647      4.540      6.585    18.7870 0.0000e+00
      4.629      0.020     6.6301     71.771    107.537  94.449475     3.2724      8.171   174.5087 2.9897e+01    10.2568      4.539      6.584    18.7898 0.0000e+00
      4.630      0.023     6.6373     71.931    107.919  94.817445     3.3110      8.170   173.9393 2.9744e+01    10.3680      4.539      6.584    18.8551 0.0000e+00
      4.634      0.025     6.6488     72.044    108.236  94.951838     3.3250      8.170   173.7747 2.9398e+01    10.3835      4.543      6.589    18.8831 0.0000e+00
      4.644      0.026     6.6615     72.055    108.414  94.865141     3.3491      8.169   173.6365 2.8943e+01    10.3766      4.553      6.604    18.8680 0.0000e+00
      4.657      0.026     6.6659     71.991    108.570  94.850673     3.3785      8.168   173.8175 2.8557e+01    10.3182      4.568      6.626    18.9044 0.0000e+00
      4.667      0.025     6.6760     71.814    108.691  94.903987     3.3809      8.168   173.8989 2.8352e+01    10.2242      4.580      6.642    18.9715 0.0000e+00
      4.671      0.025     6.7019     71.480    108.938  95.064247     3.3604      8.168   173.3294 2.8336e+01    10.1973      4.583      6.647    18.8816 0.0000e+00
      4.671      0.025     6.7209     71.078    109.446  95.388287     3.3478      8.168   173.4700 2.8351e+01    10.3003      4.579      6.642    18.7171 0.0000e+00
      4.673      0.026     6.7258     70.692    109.904  95.576273     3.3453      8.168   174.5669 2.8166e+01    10.5120      4.578      6.641    18.6595 0.0000e+00
      4.681      0.027     6.7127     70.284    110.099  95.491410     3.3464      8.168   174.7183 2.7762e+01    10.7082      4.588      6.654    18.6576 0.0000e+00
      4.694      0.027     6.6794     69.820    110.162  95.380081     3.3440      8.168   174.0967 2.7325e+01    10.7934      4.603      6.676    18.6376 0.0000e+00
      4.707      0.024     6.6439     69.347    110.093  95.311830     3.3249      8.167   173.7623 2.7023e+01    10.7570      4.618      6.697    18.5905 0.0000e+00
      4.715      0.018     6.6242     68.889    109.824  95.175286     3.3154      8.167   173.5999 2.6922e+01    10.5751      4.626      6.711    18.4905 0.0000e+00
      4.716      0.011     6.6088     68.499    109.558  95.065656     3.3212      8.168   173.5096 2.6978e+01    10.3366      4.627      6.711    18.3439 0.0000e+00
