Data/DataNotYetUploadedToEDI/Raw_CTD/RawDownloads/052223_bvr50_S8188003.cnv
* Sea-Bird SBE19plus  Data File:
* FileName = C:\R\Reservoirs\Data\DataNotYetUploadedToEDI\Raw_CTD\RawDownloads\051623_fcr50_S8188_0003.hex
* Software version 2.8.0.119
* Temperature SN = 8188
* Conductivity SN = 8188
* System UpLoad Time = May 31 2023 16:44:21
* <ApplicationData>
* <Seaterm232>
# nquan = 16
# nvalues = 2022                        
# units = specified
# name 0 = depFM: Depth [fresh water, m]
# name 1 = dz/dtM: Descent Rate [m/s]
# name 2 = sbeox0Mg/L: Oxygen, SBE 43 [mg/l]
# name 3 = sbeox0PS: Oxygen, SBE 43 [% saturation]
# name 4 = specc: Specific Conductance [uS/cm]
# name 5 = c0uS/cm: Conductivity [uS/cm]
# name 6 = wetCDOM: Fluorescence, WET Labs CDOM [mg/m^3]
# name 7 = flECO-AFL: Fluorescence, WET Labs ECO-AFL/FL [mg/m^3]
# name 8 = flECO-AFL1: Fluorescence, WET Labs ECO-AFL/FL, 2 [mg/m^3]
# name 9 = flECO-AFL2: Fluorescence, WET Labs ECO-AFL/FL, 3 [mg/m^3]
# name 10 = par/sat/log: PAR/Logarithmic, Satlantic
# name 11 = turbWETntu0: Turbidity, WET Labs ECO [NTU]
# name 12 = prdM: Pressure, Strain Gauge [db]
# name 13 = prdE: Pressure, Strain Gauge [psi]
# name 14 = tv290C: Temperature [ITS-90, deg C]
# name 15 = flag:  0.000e+00
# span 0 =     -0.702,     10.198       
# span 1 =     -0.212,      0.102       
# span 2 =     0.0727,    10.0863       
# span 3 =      0.653,    105.961       
# span 4 =      0.087,    156.160       
# span 5 =   0.081709, 103.169914       
# span 6 =    -4.5000,     6.4800       
# span 7 =    -0.2528,   245.2496       
# span 8 =    -2.1300,     2.0022       
# span 9 =    -2.3688,     3.6378       
# span 10 = 1.1590e-01, 1.9569e+03      
# span 11 =    -0.7841,    94.8076      
# span 12 =     -0.689,     10.001      
# span 13 =     -0.999,     14.505      
# span 14 =     7.9643,    22.4304      
# span 15 = 0.0000e+00, 0.0000e+00      
# interval = seconds: 0.25
# start_time = May 22 2023 10:38:26 [Instrument's time stamp, header]
# bad_flag = -9.990e-29
*END*
[from data line 362]
      0.829      0.032     7.2546     80.102     29.406  27.050890     2.6100     0.7962     0.0426     0.0846 4.3838e+01     0.7189      0.812      1.178    21.0069 0.0000e+00
      0.837      0.032     7.2153     80.053     29.400  27.042221     2.6100     0.7924     0.0426     0.0846 4.4000e+01     0.8692      0.821      1.190    21.0023 0.0000e+00
      0.845      0.032     7.1820     80.134     29.396  27.034715     2.6100     0.8916     0.0426     0.0846 4.3923e+01     0.6888      0.829      1.202    20.9984 0.0000e+00
      0.854      0.032     7.1567     80.346     29.395  27.030329     2.7000     0.8992     0.0426     0.1692 4.4105e+01     0.8391      0.837      1.214    20.9947 0.0000e+00
      0.862      0.032     7.1415     80.706     29.392  27.023935     2.7000     0.8916     0.0426     0.1692 4.4067e+01     0.7490      0.845      1.225    20.9903 0.0000e+00
      0.870      0.032     7.1379     81.233     29.390  27.017787     2.7000     0.9107     0.0426     0.1692 4.4019e+01     0.7189      0.853      1.237    20.9850 0.0000e+00
      0.878      0.031     7.1460     81.923     29.389  27.014204     2.7000     0.7772     0.0426     0.1692 4.3952e+01     0.4935      0.861      1.248    20.9790 0.0000e+00
      0.886      0.031     7.1657     82.737     29.391  27.012231     2.7000     0.7581     0.0426     0.1692 4.3723e+01     0.5235      0.869      1.260    20.9726 0.0000e+00
      0.894      0.031     7.1987     83.603     29.393  27.011342     2.6100     0.8077     0.0000     0.1692 4.3562e+01     0.5085      0.877      1.271    20.9663 0.0000e+00
      0.902      0.031     7.2466     84.455     29.395  27.011300     2.6100     0.7505     0.0000     0.1692 4.3657e+01     0.5235      0.884      1.283    20.9601 0.0000e+00
      0.910      0.030     7.3091     85.237     29.399  27.012094     2.6100     0.7924     0.0000     0.1692 4.3487e+01     0.8241      0.892      1.294    20.9543 0.0000e+00
      0.917      0.030     7.3824     85.905     29.399  27.009974     2.6100     0.7772     0.0000     0.1692 4.3524e+01     0.7490      0.900      1.305    20.9490 0.0000e+00
      0.925      0.029     7.4605     86.408     29.395  27.004376     2.7000     0.7505     0.0426     0.1269 4.3364e+01     0.7490      0.907      1.316    20.9441 0.0000e+00
      0.933      0.029     7.5371     86.723     29.390  26.997767     2.7000     0.7886     0.0426     0.1269 4.3534e+01     0.7941      0.915      1.326    20.9395 0.0000e+00
      0.940      0.028     7.6076     86.876     29.378  26.984425     2.7000     0.8496     0.0426     0.1269 4.3723e+01     0.7640      0.922      1.337    20.9353 0.0000e+00
      0.947      0.028     7.6678     86.934     29.359  26.964751     2.7000     0.8382     0.0426     0.1269 4.3742e+01     0.8241      0.929      1.347    20.9312 0.0000e+00
      0.954      0.028     7.7132     86.977     29.346  26.949335     2.7000     0.8573     0.0426     0.1692 4.3800e+01     0.7189      0.936      1.357    20.9277 0.0000e+00
      0.961      0.027     7.7417     87.072     29.344  26.945946     2.7000     0.8267     0.0426     0.1692 4.4134e+01     0.7941      0.943      1.367    20.9248 0.0000e+00
      0.968      0.027     7.7559     87.247     29.354  26.953679     2.7000     0.8611     0.0426     0.1692 4.4096e+01     0.5836      0.949      1.377    20.9213 0.0000e+00
      0.975      0.026     7.7618     87.510     29.365  26.962717     2.7000     0.8458     0.0426     0.1692 4.4413e+01     0.5085      0.956      1.386    20.9167 0.0000e+00
      0.982      0.025     7.7664     87.880     29.370  26.967553     2.7000     0.8420     0.0426     0.2538 4.4394e+01     0.4634      0.962      1.396    20.9117 0.0000e+00
      0.988      0.025     7.7755     88.375     29.372  26.969477     2.7000     0.8420     0.0426     0.2538 4.4500e+01     0.5686      0.968      1.405    20.9077 0.0000e+00
      0.994      0.024     7.7915     88.970     29.370  26.969000     2.7000     0.8344     0.0426     0.2538 4.4519e+01     0.8091      0.974      1.413    20.9051 0.0000e+00
      1.000      0.024     7.8151     89.602     29.366  26.965997     2.7000     0.8229     0.0426     0.2538 4.4577e+01     0.7640      0.980      1.422    20.9040 0.0000e+00
      1.006      0.023     7.8482     90.196     29.362  26.963625     2.7000     0.8420     0.0426     0.2538 4.4703e+01     0.8391      0.986      1.430    20.9041 0.0000e+00
      1.012      0.023     7.8922     90.684     29.366  26.969171     2.6100     0.8306     0.0000     0.2538 4.4742e+01     0.6888      0.992      1.439    20.9050 0.0000e+00
      1.017      0.022     7.9452     91.024     29.377  26.980155     2.6100     0.8344     0.0000     0.2538 4.4888e+01     0.8391      0.997      1.447    20.9062 0.0000e+00
      1.023      0.022     8.0014     91.220     29.379  26.983667     2.6100     0.8306     0.0000     0.2538 4.4918e+01     0.7189      1.003      1.455    20.9079 0.0000e+00
      1.028      0.023     8.0541     91.309     29.371  26.976686     2.6100     0.8344     0.0000     0.2538 4.5094e+01     0.7640      1.009      1.463    20.9102 0.0000e+00
      1.034      0.023     8.0972     91.319     29.363  26.969229     2.7000     0.8420     0.0000     0.1269 4.5123e+01     0.7490      1.014      1.471    20.9130 0.0000e+00
      1.040      0.023     8.1271     91.263     29.362  26.967224     2.7000     0.8878     0.0000     0.1269 4.5379e+01     0.7490      1.020      1.479    20.9160 0.0000e+00
      1.046      0.023     8.1442     91.158     29.367  26.970138     2.7000     0.9145     0.0000     0.1269 4.5537e+01     0.8091      1.026      1.488    20.9182 0.0000e+00
      1.052      0.023     8.1519     91.027     29.372  26.970828     2.7000     0.9259     0.0000     0.1269 4.5904e+01     0.7490      1.032      1.496    20.9193 0.0000e+00
      1.058      0.023     8.1529     90.883     29.368  26.961560     2.7000     0.9069     0.0000     0.2115 4.6034e+01     0.8241      1.038      1.505    20.9192 0.0000e+00
      1.064      0.023     8.1481     90.706     29.359  26.947782     2.7000     0.9603     0.0000     0.2115 4.6275e+01     0.7189      1.043      1.513    20.9176 0.0000e+00
      1.070      0.023     8.1393     90.430     29.354  26.937695     2.7000     0.9755     0.0000     0.2115 4.6416e+01     0.7490      1.049      1.522    20.9140 0.0000e+00
      1.076      0.022     8.1287     90.012     29.358  26.936529     2.7000     0.9565     0.0000     0.2115 4.6476e+01     0.7790      1.055      1.530    20.9075 0.0000e+00
      1.081      0.022     8.1173     89.486     29.364  26.940014     2.7000     0.9297     0.0000     0.2115 4.6628e+01     0.7490      1.060      1.538    20.8982 0.0000e+00
      1.087      0.021     8.1032     88.921     29.368  26.941160     2.7000     0.8725     0.0000     0.2538 4.6557e+01     0.7189      1.066      1.546    20.8877 0.0000e+00
      1.092      0.021     8.0800     88.376     29.372  26.944232     2.7000     0.9183     0.0000     0.2538 4.6476e+01     0.7339      1.071      1.553    20.8785 0.0000e+00
      1.097      0.020     8.0438     87.883     29.378  26.950049     2.7000     0.9145     0.0000     0.2538 4.6659e+01     0.8091      1.076      1.560    20.8715 0.0000e+00
      1.102      0.020     7.9975     87.463     29.378  26.952244     2.7000     0.9183     0.0000     0.2538 4.6770e+01     0.8091      1.081      1.567    20.8668 0.0000e+00
      1.107      0.020     7.9474     87.166     29.370  26.947443     2.7000     0.8649     0.0000     0.2115 4.6689e+01     0.7941      1.085      1.574    20.8636 0.0000e+00
      1.112      0.021     7.8989     87.061     29.364  26.942284     2.7000     0.8916     0.0000     0.2115 4.6689e+01     0.8241      1.090      1.581    20.8621 0.0000e+00
      1.117      0.021     7.8547     87.182     29.366  26.943311     2.7000     0.9145     0.0000     0.2115 4.6750e+01     0.8091      1.096      1.589    20.8634 0.0000e+00
      1.123      0.022     7.8166     87.513     29.368  26.942878     2.7000     0.8878     0.0000     0.2115 4.7097e+01     0.7189      1.101      1.597    20.8670 0.0000e+00
      1.129      0.023     7.7896     88.005     29.361  26.932951     2.7000     0.8420     0.0000     0.2115 4.7220e+01     0.8542      1.107      1.605    20.8704 0.0000e+00
      1.135      0.023     7.7800     88.588     29.352  26.918802     2.7000     0.8496     0.0000     0.2115 4.7570e+01     0.7640      1.112      1.613    20.8713 0.0000e+00
      1.141      0.024     7.7911     89.175     29.345  26.904576     2.7000     0.8115     0.0000     0.2115 4.7798e+01     0.7490      1.118      1.622    20.8696 0.0000e+00
      1.147      0.024     7.8213     89.677     29.339  26.890439     2.7000     0.8267     0.0000     0.2115 4.7954e+01     0.7339      1.125      1.631    20.8660 0.0000e+00
      1.153      0.025     7.8662     90.028     29.342  26.884497     2.7000     0.8229     0.0426     0.2115 4.7933e+01     0.8241      1.131      1.640    20.8600 0.0000e+00
      1.159      0.025     7.9198     90.197     29.355  26.889126     2.7000     0.8344     0.0426     0.2115 4.8048e+01     0.7490      1.137      1.649    20.8505 0.0000e+00
      1.166      0.026     7.9743     90.177     29.367  26.893681     2.7000     0.8306     0.0426     0.2115 4.7902e+01     0.7490      1.143      1.658    20.8372 0.0000e+00
      1.172      0.027     8.0216     90.021     29.371  26.891458     2.7000     0.8420     0.0426     0.2115 4.7798e+01     0.7790      1.150      1.667    20.8224 0.0000e+00
      1.179      0.029     8.0552     89.844     29.373  26.885825     2.7000     0.8496     0.0426     0.2115 4.7684e+01     0.7941      1.156      1.677    20.8083 0.0000e+00
      1.186      0.030     8.0722     89.776     29.375  26.879237     2.7000     0.8496     0.0426     0.1269 4.7912e+01     0.7941      1.163      1.687    20.7959 0.0000e+00
      1.194      0.032     8.0722     89.885     29.375  26.869937     2.7000     0.8496     0.0426     0.1269 4.7902e+01     0.6588      1.171      1.699    20.7848 0.0000e+00
      1.203      0.034     8.0600     90.152     29.373  26.859404     2.7000     0.8229     0.0426     0.1269 4.7933e+01     0.7941      1.180      1.711    20.7736 0.0000e+00
      1.212      0.036     8.0461     90.505     29.371  26.848790     2.7000     0.7924     0.0426     0.1269 4.8089e+01     0.7941      1.188      1.724    20.7609 0.0000e+00
      1.221      0.037     8.0423     90.865     29.367  26.835262     2.7000     0.8153     0.0426     0.1692 4.8520e+01     0.6137      1.198      1.737    20.7466 0.0000e+00
      1.231      0.037     8.0545     91.158     29.360  26.819172     2.7000     0.7772     0.0426     0.1692 4.8773e+01     0.8391      1.208      1.751    20.7318 0.0000e+00
      1.241      0.037     8.0807     91.321     29.352  26.802169     2.7000     0.8077     0.0426     0.1692 4.8699e+01     0.7790      1.217      1.765    20.7169 0.0000e+00
      1.251      0.037     8.1148     91.323     29.343  26.783676     2.7000     0.8077     0.0426     0.1692 4.8975e+01     0.7941      1.227      1.779    20.7014 0.0000e+00
      1.260      0.036     8.1497     91.203     29.331  26.764702     2.7000     0.7657     0.0000     0.2115 4.9156e+01     0.7189      1.236      1.793    20.6849 0.0000e+00
      1.270      0.035     8.1788     91.035     29.326  26.752063     2.7000     0.7772     0.0000     0.2115 4.9285e+01     0.7490      1.245      1.806    20.6679 0.0000e+00
      1.278      0.034     8.1961     90.878     29.332  26.750307     2.7000     0.7657     0.0000     0.2115 4.9317e+01     0.7640      1.253      1.818    20.6508 0.0000e+00
      1.287      0.032     8.1990     90.756     29.343  26.755008     2.7000     0.8611     0.0000     0.2115 4.9424e+01     0.8241      1.262      1.830    20.6342 0.0000e+00
      1.295      0.030     8.1906     90.671     29.356  26.763458     2.7000     0.8306     0.0000     0.2115 4.9424e+01     0.8542      1.270      1.842    20.6191 0.0000e+00
      1.303      0.028     8.1777     90.602     29.369  26.773952     2.7000     0.8420     0.0000     0.2115 4.9360e+01     0.8241      1.277      1.853    20.6058 0.0000e+00
      1.310      0.026     8.1654     90.530     29.376  26.781369     2.7000     0.8496     0.0000     0.2115 4.9253e+01     0.7490      1.284      1.863    20.5946 0.0000e+00
      1.316      0.024     8.1558     90.453     29.379  26.787687     2.7000     0.8267     0.0000     0.2115 4.8954e+01     0.7640      1.290      1.872    20.5857 0.0000e+00
      1.322      0.023     8.1491     90.375     29.385  26.798550     2.7000     0.8535     0.0000     0.2115 4.8784e+01     0.8091      1.296      1.880    20.5799 0.0000e+00
      1.327      0.022     8.1433     90.322     29.389  26.806958     2.7000     0.8573     0.0426     0.1269 4.8668e+01     0.7189      1.301      1.887    20.5776 0.0000e+00
      1.332      0.021     8.1365     90.348     29.381  26.803275     2.7000     0.8535     0.0426     0.1269 4.8975e+01     0.7790      1.307      1.895    20.5793 0.0000e+00
      1.338      0.021     8.1287     90.517     29.366  26.790478     2.7000     0.7581     0.0426     0.1269 4.9018e+01     0.7189      1.312      1.903    20.5849 0.0000e+00
      1.343      0.022     8.1204     90.856     29.353  26.777033     2.7000     0.7886     0.0426     0.1269 4.9435e+01     0.7339      1.317      1.910    20.5933 0.0000e+00
      1.349      0.022     8.1142     91.342     29.348  26.769252     2.7000     0.7924     0.0000     0.1692 4.9704e+01     0.6888      1.322      1.918    20.6021 0.0000e+00
      1.354      0.023     8.1156     91.904     29.346  26.763082     2.7000     0.7848     0.0000     0.1692 4.9986e+01     0.8993      1.328      1.926    20.6085 0.0000e+00
      1.360      0.024     8.1304     92.450     29.337  26.750937     2.7000     0.7810     0.0000     0.1692 5.0499e+01     0.6888      1.334      1.935    20.6102 0.0000e+00
      1.367      0.025     8.1614     92.898     29.327  26.735517     2.7000     0.7924     0.0000     0.1692 5.1184e+01     0.8091      1.340      1.944    20.6070 0.0000e+00
      1.374      0.026     8.2061     93.203     29.317  26.718650     2.7000     0.7848     0.0000     0.1692 5.1318e+01     0.8391      1.347      1.954    20.6011 0.0000e+00
      1.381      0.026     8.2577     93.350     29.311  26.703756     2.7000     0.7657     0.0000     0.1692 5.1754e+01     0.7790      1.354      1.964    20.5944 0.0000e+00
      1.388      0.026     8.3079     93.337     29.317  26.698740     2.7000     0.7695     0.0000     0.1692 5.1642e+01     0.7339      1.361      1.974    20.5870 0.0000e+00
      1.395      0.025     8.3497     93.181     29.326  26.698305     2.7000     0.8077     0.0000     0.1692 5.1653e+01     0.7941      1.367      1.983    20.5773 0.0000e+00
      1.401      0.024     8.3794     92.926     29.329  26.694416     2.7900     0.7733     0.0426     0.2115 5.1586e+01     0.8091      1.374      1.992    20.5637 0.0000e+00
      1.407      0.024     8.3953     92.627     29.331  26.689995     2.7900     0.8000     0.0426     0.2115 5.1318e+01     0.8091      1.379      2.001    20.5470 0.0000e+00
      1.413      0.023     8.3970     92.353     29.334  26.687821     2.7900     0.8878     0.0426     0.2115 5.1095e+01     0.7189      1.385      2.009    20.5302 0.0000e+00
      1.418      0.022     8.3854     92.151     29.338  26.687316     2.7900     0.9221     0.0426     0.2115 5.1029e+01     0.8542      1.391      2.017    20.5154 0.0000e+00
      1.424      0.021     8.3645     92.031     29.341  26.688344     2.7900     0.8802     0.0426     0.2115 5.0951e+01     0.7490      1.396      2.025    20.5027 0.0000e+00
