Data/DataNotYetUploadedToEDI/Raw_CTD/RawDownloads/052224_ccr88_S7809004.cnv
* Sea-Bird SBE19plus  Data File:
* FileName = C:\R\Reservoirs\Data\DataNotYetUploadedToEDI\Raw_CTD\RawDownloads\052024_bvr50_S7809_0004.hex
* Software version 2.8.0.119
* Temperature SN = 7809
* Conductivity SN = 7809
* System UpLoad Time = May 23 2024 16:49:15
* <ApplicationData>
* <Seaterm232>
# nquan = 15
# nvalues = 1807                        
# units = specified
# name 0 = depFM: Depth [fresh water, m]
# name 1 = dz/dtM: Descent Rate [m/s]
# name 2 = sbeox0Mg/L: Oxygen, SBE 43 [mg/l]
# name 3 = sbeox0PS: Oxygen, SBE 43 [% saturation]
# name 4 = specc: Specific Conductance [uS/cm]
# name 5 = c0uS/cm: Conductivity [uS/cm]
# name 6 = flECO-AFL: Fluorescence, WET Labs ECO-AFL/FL [mg/m^3]
# name 7 = ph: pH
# name 8 = orp: Oxidation Reduction Potential [mV]
# name 9 = par/sat/log: PAR/Logarithmic, Satlantic
# name 10 = turbWETntu0: Turbidity, WET Labs ECO [NTU]
# name 11 = prdM: Pressure, Strain Gauge [db]
# name 12 = prdE: Pressure, Strain Gauge [psi]
# name 13 = tv290C: Temperature [ITS-90, deg C]
# name 14 = flag:  0.000e+00
# span 0 =     -0.488,     12.608       
# span 1 =     -0.466,      0.270       
# span 2 =     1.0885,     9.7347       
# span 3 =     10.028,    114.880       
# span 4 =      1.743,    174.767       
# span 5 =   1.918849, 123.309784       
# span 6 =    -1.1746,     5.2035       
# span 7 =      6.512,      8.363       
# span 8 = -1240.6438,   209.3553       
# span 9 = 1.2514e+00, 2.7072e+03       
# span 10 =    -0.3987,   418.1811      
# span 11 =     -0.480,     12.365      
# span 12 =     -0.695,     17.934      
# span 13 =    10.1895,    30.0925      
# span 14 = 0.0000e+00, 0.0000e+00      
# interval = seconds: 0.25
# start_time = May 22 2024 11:43:15 [Instrument's time stamp, header]
# bad_flag = -9.990e-29
*END*
[from data line 1061]
      7.094      0.043     5.0776     47.389    121.662  90.633208     1.7696      8.355   186.3379 4.9448e+01     6.5063      6.955     10.086    12.2647 0.0000e+00
      7.096      0.056     5.0826     47.403    121.728  90.592310     1.7982      8.354   186.4527 4.9101e+01     6.5427      6.954     10.087    12.2669 0.0000e+00
      7.111      0.069     5.0758     47.406    121.825  90.575849     1.8569      8.353   186.3839 4.8250e+01     6.5843      6.968     10.106    12.2796 0.0000e+00
      7.141      0.080     5.0677     47.432    121.883  90.561320     1.8802      8.354   186.2813 4.7025e+01     6.6006      6.998     10.151    12.2764 0.0000e+00
      7.180      0.088     5.0781     47.455    121.899  90.543828     1.8719      8.354   186.3302 4.5910e+01     6.5690      7.045     10.219    12.2507 0.0000e+00
      7.208      0.093     5.0834     47.430    121.869  90.491564     1.8890      8.354   186.2864 4.5440e+01     6.5091      7.076     10.263    12.2080 0.0000e+00
      7.222      0.095     5.0868     47.397    121.873  90.438357     1.9296      8.354   186.1824 4.5261e+01     6.4911      7.082     10.272    12.1657 0.0000e+00
      7.233      0.094     5.0922     47.375    121.948  90.409436     1.9466      8.354   186.1914 4.4755e+01     6.5230      7.088     10.281    12.1430 0.0000e+00
      7.256      0.092     5.1010     47.328    122.053  90.396282     1.9533      8.354   186.0510 4.3839e+01     6.5861      7.111     10.314    12.1362 0.0000e+00
      7.288      0.090     5.0941     47.229    122.172  90.406452     1.9602      8.354   185.8606 4.2874e+01     6.7083      7.148     10.366    12.1278 0.0000e+00
      7.320      0.087     5.0928     47.042    122.242  90.405070     1.9463      8.354   185.8690 4.2125e+01     6.8392      7.180     10.414    12.1055 0.0000e+00
      7.346      0.081     5.0977     46.732    122.255  90.379508     1.9354      8.354   185.8935 4.1607e+01     6.8705      7.207     10.455    12.0668 0.0000e+00
      7.364      0.072     5.0972     46.330    122.259  90.351841     1.9286      8.354   185.8992 4.1311e+01     6.8140      7.224     10.478    12.0260 0.0000e+00
      7.374      0.063     5.0922     45.910    122.270  90.325015     1.9392      8.353   186.0251 4.1057e+01     6.7024      7.230     10.486    11.9934 0.0000e+00
      7.383      0.058     5.0765     45.510    122.305  90.309607     1.9796      8.353   186.2963 4.0711e+01     6.5802      7.239     10.499    11.9717 0.0000e+00
      7.396      0.058     5.0435     45.140    122.346  90.292738     2.0096      8.352   186.4248 4.0311e+01     6.5661      7.252     10.516    11.9603 0.0000e+00
      7.411      0.062     4.9965     44.803    122.349  90.248250     2.0271      8.352   186.3747 3.9874e+01     6.6351      7.267     10.540    11.9492 0.0000e+00
      7.430      0.064     4.9529     44.519    122.362  90.217011     2.0253      8.353   186.4644 3.9393e+01     6.6626      7.286     10.567    11.9349 0.0000e+00
      7.450      0.064     4.9103     44.278    122.429  90.233103     2.0045      8.354   186.5629 3.8911e+01     6.6251      7.306     10.597    11.9179 0.0000e+00
      7.470      0.059     4.8743     44.067    122.486  90.251918     1.9913      8.353   186.6190 3.8522e+01     6.5572      7.326     10.628    11.8978 0.0000e+00
      7.486      0.052     4.8371     43.868    122.504  90.253608     1.9828      8.352   186.7135 3.8245e+01     6.4911      7.342     10.650    11.8776 0.0000e+00
      7.496      0.045     4.8101     43.662    122.506  90.253518     2.0096      8.351   186.8440 3.8024e+01     6.4741      7.352     10.663    11.8607 0.0000e+00
      7.504      0.041     4.7859     43.479    122.506  90.250827     2.0822      8.351   187.0788 3.7840e+01     6.5227      7.359     10.673    11.8476 0.0000e+00
      7.509      0.042     4.7637     43.314    122.486  90.221075     2.1368      8.351   187.1428 3.7667e+01     6.6000      7.364     10.680    11.8370 0.0000e+00
      7.516      0.051     4.7464     43.174    122.431  90.148265     2.1538      8.351   187.0164 3.7453e+01     6.6240      7.370     10.689    11.8325 0.0000e+00
      7.527      0.064     4.7191     43.090    122.391  90.070295     2.1636      8.351   187.1849 3.7144e+01     6.5390      7.380     10.703    11.8336 0.0000e+00
      7.544      0.075     4.7017     43.059    122.432  90.041759     2.2626      8.351   187.4594 3.6650e+01     6.4948      7.395     10.725    11.8345 0.0000e+00
      7.569      0.080     4.6841     43.075    122.527  90.057662     2.4445      8.350   187.4103 3.5945e+01     6.6016      7.420     10.762    11.8293 0.0000e+00
      7.601      0.079     4.6675     43.132    122.593  90.071645     2.5310      8.348   187.3655 3.5273e+01     6.7039      7.457     10.815    11.8160 0.0000e+00
      7.629      0.074     4.6626     43.226    122.624  90.083546     2.5432      8.347   187.5198 3.4888e+01     6.7070      7.486     10.857    11.7950 0.0000e+00
      7.645      0.065     4.6616     43.375    122.612  90.074300     2.6998      8.347   187.6414 3.4713e+01     6.6735      7.500     10.878    11.7688 0.0000e+00
      7.654      0.057     4.6657     43.563    122.556  90.023469     2.9844      8.347   187.8029 3.4611e+01     6.6743      7.507     10.888    11.7442 0.0000e+00
      7.659      0.052     4.6750     43.730    122.531  89.977928     3.1378      8.347   188.0109 3.4475e+01     6.6822      7.510     10.893    11.7295 0.0000e+00
      7.668      0.051     4.6832     43.866    122.575  89.968990     3.1645      8.347   187.9182 3.4198e+01     6.6317      7.518     10.904    11.7274 0.0000e+00
      7.683      0.053     4.6996     43.984    122.645  89.978976     3.3154      8.347   187.7144 3.3807e+01     6.6104      7.533     10.926    11.7301 0.0000e+00
      7.702      0.056     4.7242     44.068    122.679  89.971371     3.5807      8.348   187.7842 3.3430e+01     6.6639      7.553     10.955    11.7277 0.0000e+00
      7.720      0.056     4.7431     44.107    122.669  89.940631     3.7172      8.348   188.0739 3.3110e+01     6.7328      7.573     10.984    11.7158 0.0000e+00
      7.735      0.054     4.7588     44.100    122.669  89.925383     3.7259      8.347   188.4649 3.2810e+01     6.7943      7.586     11.003    11.6968 0.0000e+00
      7.748      0.050     4.7748     44.051    122.669  89.914241     3.8022      8.346   189.3276 3.2577e+01     6.8949      7.598     11.021    11.6783 0.0000e+00
      7.759      0.046     4.7861     43.966    122.629  89.869522     3.9482      8.346   190.2443 3.2427e+01     7.0613      7.610     11.037    11.6651 0.0000e+00
      7.767      0.045     4.7907     43.821    122.612  89.830019     4.0188      8.346   190.0843 3.2287e+01     7.1319      7.617     11.047    11.6558 0.0000e+00
      7.776      0.046     4.7913     43.632    122.644  89.818311     4.0150      8.346   189.5444 3.2073e+01     7.0645      7.625     11.058    11.6500 0.0000e+00
      7.788      0.046     4.7845     43.484    122.646  89.791543     4.0100      8.345   189.4804 3.1787e+01     6.9301      7.637     11.076    11.6471 0.0000e+00
      7.803      0.046     4.7780     43.404    122.618  89.760828     4.0010      8.345   189.7413 3.1507e+01     6.7711      7.653     11.100    11.6419 0.0000e+00
      7.817      0.044     4.7642     43.368    122.621  89.765031     3.9972      8.345   190.0320 3.1257e+01     6.6793      7.666     11.119    11.6306 0.0000e+00
      7.829      0.040     4.7396     43.443    122.637  89.778749     4.0058      8.344   190.3279 3.1050e+01     6.6742      7.678     11.137    11.6135 0.0000e+00
      7.839      0.034     4.7242     43.698    122.675  89.799446     4.0464      8.344   190.5652 3.0917e+01     6.6757      7.688     11.151    11.6000 0.0000e+00
      7.846      0.027     4.7193     44.053    122.727  89.824406     4.1129      8.344   190.4054 3.0833e+01     6.6283      7.695     11.160    11.5972 0.0000e+00
      7.851      0.020     4.7114     44.416    122.741  89.826038     4.1448      8.344   190.2884 3.0767e+01     6.5797      7.700     11.168    11.6000 0.0000e+00
      7.855      0.014     4.7132     44.733    122.730  89.819166     4.1324      8.343   190.2694 3.0717e+01     6.5319      7.703     11.174    11.6028 0.0000e+00
      7.858      0.011     4.7481     44.953    122.695  89.804950     4.0051      8.343   190.0044 3.0707e+01     6.5293      7.708     11.178    11.5989 0.0000e+00
      7.859      0.010     4.7908     45.094    122.644  89.781405     3.7783      8.342   189.7509 3.0743e+01     6.6165      7.707     11.180    11.5911 0.0000e+00
      7.859      0.013     4.8311     45.184    122.644  89.788984     3.6539      8.341   189.6135 3.0741e+01     6.6980      7.706     11.177    11.5873 0.0000e+00
      7.860      0.018     4.8697     45.181    122.703  89.832976     3.6495      8.340   189.4620 3.0649e+01     6.7632      7.707     11.178    11.5883 0.0000e+00
      7.865      0.023     4.8911     45.075    122.746  89.867946     3.6928      8.339   189.3820 3.0509e+01     6.7897      7.711     11.184    11.5934 0.0000e+00
      7.874      0.027     4.9033     44.947    122.763  89.893697     3.7618      8.339   189.4202 3.0319e+01     6.7116      7.720     11.197    11.6012 0.0000e+00
      7.885      0.030     4.9157     44.863    122.816  89.953487     3.7925      8.339   189.4073 3.0109e+01     6.6040      7.733     11.216    11.6042 0.0000e+00
      7.895      0.032     4.9174     44.798    122.870  90.018277     3.7810      8.338   189.3991 2.9958e+01     6.5136      7.743     11.231    11.6024 0.0000e+00
      7.902      0.032     4.9006     44.720    122.851  90.040879     3.7721      8.338   189.4927 2.9878e+01     6.4385      7.749     11.239    11.6027 0.0000e+00
      7.907      0.032     4.8830     44.662    122.773  90.035941     3.7848      8.338   189.4205 2.9788e+01     6.4474      7.754     11.246    11.6085 0.0000e+00
      7.914      0.031     4.8742     44.630    122.687  90.022244     3.8102      8.337   189.2147 2.9605e+01     6.4840      7.760     11.255    11.6186 0.0000e+00
      7.923      0.029     4.8695     44.580    122.628  90.002579     3.8297      8.336   189.2413 2.9394e+01     6.5054      7.769     11.268    11.6270 0.0000e+00
      7.933      0.028     4.8560     44.509    122.617  89.989059     3.8374      8.335   189.3980 2.9257e+01     6.6040      7.780     11.285    11.6404 0.0000e+00
      7.942      0.028     4.8464     44.419    122.632  89.986010     3.7613      8.335   189.4744 2.9188e+01     6.6855      7.790     11.299    11.6651 0.0000e+00
      7.947      0.029     4.8443     44.318    122.618  89.965705     3.5998      8.335   189.5630 2.9138e+01     6.6371      7.794     11.304    11.6896 0.0000e+00
      7.951      0.033     4.8358     44.238    122.596  89.934408     3.5081      8.336   189.6946 2.9064e+01     6.5314      7.796     11.308    11.7000 0.0000e+00
      7.957      0.042     4.8297     44.179    122.538  89.862069     3.4940      8.336   189.8612 2.8926e+01     6.4990      7.801     11.315    11.6934 0.0000e+00
      7.967      0.055     4.8208     44.128    122.416  89.727235     3.4623      8.336   190.1151 2.8715e+01     6.5532      7.812     11.331    11.6848 0.0000e+00
      7.981      0.067     4.8077     44.093    122.409  89.640145     3.4319      8.336   190.2681 2.8410e+01     6.5714      7.826     11.350    11.6834 0.0000e+00
      8.001      0.076     4.7998     44.070    122.575  89.636063     3.4264      8.336   190.2494 2.7942e+01     6.5493      7.843     11.375    11.6800 0.0000e+00
      8.029      0.080     4.7966     44.060    122.699  89.614112     3.4373      8.336   190.1472 2.7368e+01     6.5596      7.873     11.417    11.6647 0.0000e+00
      8.059      0.082     4.7909     44.070    122.721  89.565479     3.4811      8.336   190.1507 2.6923e+01     6.5941      7.908     11.469    11.6503 0.0000e+00
      8.080      0.083     4.7912     44.090    122.782  89.556948     3.5319      8.336   190.3781 2.6715e+01     6.5896      7.928     11.498    11.6236 0.0000e+00
      8.092      0.081     4.7958     44.110    122.901  89.574523     3.5436      8.337   190.4876 2.6540e+01     6.5054      7.934     11.507    11.5574 0.0000e+00
      8.107      0.077     4.7993     44.126    123.018  89.587037     3.5302      8.337   190.3556 2.6198e+01     6.4302      7.945     11.524    11.5040 0.0000e+00
      8.129      0.074     4.8036     44.142    123.080  89.580929     3.5114      8.336   190.2441 2.5758e+01     6.4657      7.970     11.560    11.4888 0.0000e+00
      8.155      0.072     4.8076     44.105    123.088  89.564230     3.4996      8.335   190.4309 2.5376e+01     6.5594      7.999     11.603    11.4713 0.0000e+00
      8.176      0.068     4.8138     43.925    123.123  89.575971     3.5037      8.335   191.2369 2.5094e+01     6.6060      8.020     11.632    11.4399 0.0000e+00
      8.191      0.061     4.8183     43.617    123.182  89.595640     3.5122      8.335   192.0746 2.4876e+01     6.6198      8.033     11.651    11.4060 0.0000e+00
      8.205      0.054     4.8240     43.250    123.234  89.611158     3.5678      8.336   192.2134 2.4703e+01     6.6231      8.047     11.670    11.3830 0.0000e+00
      8.216      0.049     4.8269     42.819    123.269  89.636338     3.6684      8.336   192.0554 2.4570e+01     6.5786      8.058     11.686    11.3782 0.0000e+00
      8.224      0.049     4.8060     42.324    123.264  89.645591     3.7141      8.336   191.9704 2.4431e+01     6.5256      8.065     11.697    11.3765 0.0000e+00
      8.233      0.050     4.7680     41.792    123.281  89.659435     3.7202      8.336   192.0459 2.4250e+01     6.4942      8.073     11.709    11.3647 0.0000e+00
      8.246      0.050     4.7325     41.283    123.314  89.676479     3.8347      8.335   191.9369 2.4003e+01     6.5061      8.085     11.727    11.3512 0.0000e+00
      8.264      0.051     4.6841     40.847    123.278  89.660795     4.0661      8.332   191.5982 2.3710e+01     6.5666      8.104     11.754    11.3519 0.0000e+00
      8.281      0.052     4.6285     40.470    123.237  89.660679     4.2291      8.331   191.4791 2.3501e+01     6.6120      8.123     11.781    11.3637 0.0000e+00
      8.293      0.054     4.5676     40.117    123.226  89.675108     4.2652      8.332   191.9590 2.3381e+01     6.6443      8.134     11.797    11.3637 0.0000e+00
      8.303      0.055     4.5099     39.821    123.195  89.644419     4.2365      8.333   192.6687 2.3247e+01     6.6159      8.142     11.809    11.3548 0.0000e+00
      8.313      0.055     4.4632     39.655    123.200  89.607712     4.0405      8.333   192.6597 2.3068e+01     6.5759      8.151     11.823    11.3581 0.0000e+00
      8.328      0.055     4.4222     39.602    123.285  89.612970     3.7179      8.333   192.1948 2.2814e+01     6.6728      8.164     11.842    11.3763 0.0000e+00
      8.347      0.054     4.3820     39.592    123.386  89.644300     3.5486      8.332   191.8654 2.2528e+01     6.7965      8.186     11.872    11.3890 0.0000e+00
      8.365      0.052     4.3435     39.541    123.433  89.668374     3.5252      8.332   191.7739 2.2318e+01     6.8077      8.206     11.901    11.3856 0.0000e+00
      8.378      0.053     4.3308     39.402    123.383  89.649552     3.5182      8.332   191.7781 2.2199e+01     6.7742      8.217     11.919    11.3672 0.0000e+00
      8.386      0.059     4.3290     39.177    123.288  89.607600     3.5218      8.332   191.8296 2.2111e+01     6.7674      8.225     11.929    11.3381 0.0000e+00
      8.394      0.070     4.3349     38.885    123.273  89.606510     3.5192      8.331   191.9667 2.1976e+01     6.7602      8.231     11.936    11.3185 0.0000e+00
