Data/DataNotYetUploadedToEDI/Raw_CTD/RawDownloads/052224_ccr50_S7809003.cnv
* Sea-Bird SBE19plus  Data File:
* FileName = C:\R\Reservoirs\Data\DataNotYetUploadedToEDI\Raw_CTD\RawDownloads\052024_bvr50_S7809_0003.hex
* Software version 2.8.0.119
* Temperature SN = 7809
* Conductivity SN = 7809
* System UpLoad Time = May 23 2024 16:48:27
* <ApplicationData>
* <Seaterm232>
# nquan = 15
# nvalues = 5458                        
# units = specified
# name 0 = depFM: Depth [fresh water, m]
# name 1 = dz/dtM: Descent Rate [m/s]
# name 2 = sbeox0Mg/L: Oxygen, SBE 43 [mg/l]
# name 3 = sbeox0PS: Oxygen, SBE 43 [% saturation]
# name 4 = specc: Specific Conductance [uS/cm]
# name 5 = c0uS/cm: Conductivity [uS/cm]
# name 6 = flECO-AFL: Fluorescence, WET Labs ECO-AFL/FL [mg/m^3]
# name 7 = ph: pH
# name 8 = orp: Oxidation Reduction Potential [mV]
# name 9 = par/sat/log: PAR/Logarithmic, Satlantic
# name 10 = turbWETntu0: Turbidity, WET Labs ECO [NTU]
# name 11 = prdM: Pressure, Strain Gauge [db]
# name 12 = prdE: Pressure, Strain Gauge [psi]
# name 13 = tv290C: Temperature [ITS-90, deg C]
# name 14 = flag:  0.000e+00
# span 0 =     -0.481,     21.606       
# span 1 =     -0.450,      0.216       
# span 2 =     0.3929,     9.8445       
# span 3 =      3.448,    113.741       
# span 4 =      0.587,    139.157       
# span 5 =   0.644563, 114.890508       
# span 6 =    -1.9849,     9.3114       
# span 7 =     -1.927,      8.481       
# span 8 = -1240.2388,   908.9073       
# span 9 = 1.2353e-01, 2.6874e+03       
# span 10 =    -4.5082,   148.8465      
# span 11 =     -0.472,     21.190      
# span 12 =     -0.686,     30.733      
# span 13 =     9.4208,    29.9020      
# span 14 = 0.0000e+00, 0.0000e+00      
# interval = seconds: 0.25
# start_time = May 22 2024 10:27:09 [Instrument's time stamp, header]
# bad_flag = -9.990e-29
*END*
[from data line 4338]
     20.591      0.060     4.8231     42.348    127.623  88.534358     0.7090      8.132   244.9209 1.2364e-01     6.1232     20.195     29.290     9.6833 0.0000e+00
     20.597      0.040     4.8262     42.297    127.636  88.545810     0.7106      8.131   244.6907 1.2364e-01     6.1111     20.199     29.296     9.6810 0.0000e+00
     20.602      0.022     4.8242     42.230    127.631  88.546758     0.7256      8.131   244.3142 1.2374e-01     6.1440     20.203     29.300     9.6805 0.0000e+00
     20.608      0.009     4.8190     42.168    127.621  88.545820     0.7250      8.131   244.0684 1.2386e-01     6.1790     20.212     29.313     9.6818 0.0000e+00
     20.612      0.002     4.8148     42.125    127.594  88.534480     0.7035      8.131   243.9562 1.2386e-01     6.1255     20.217     29.322     9.6838 0.0000e+00
     20.608      0.003     4.8097     42.097    127.592  88.536890     0.6810      8.131   243.9033 1.2377e-01     5.9754     20.211     29.314     9.6846 0.0000e+00
     20.599      0.010     4.8004     42.095    127.648  88.574956     0.6696      8.131   243.7733 1.2375e-01     5.8322     20.201     29.298     9.6857 0.0000e+00
     20.594      0.021     4.7920     42.131    127.713  88.613021     0.6743      8.131   243.5892 1.2379e-01     5.7949     20.191     29.284     9.6887 0.0000e+00
     20.600      0.032     4.7877     42.178    127.731  88.615421     0.6966      8.130   243.6558 1.2378e-01     5.9677     20.196     29.293     9.6919 0.0000e+00
     20.618      0.041     4.7839     42.218    127.730  88.603970     0.7224      8.129   244.0626 1.2373e-01     6.2479     20.218     29.324     9.6938 0.0000e+00
     20.641      0.045     4.7820     42.243    127.736  88.601782     0.7364      8.129   244.3783 1.2376e-01     6.3819     20.244     29.361     9.6935 0.0000e+00
     20.660      0.043     4.7890     42.238    127.716  88.588965     0.7488      8.130   244.4617 1.2381e-01     6.4259     20.264     29.391     9.6903 0.0000e+00
     20.669      0.035     4.7956     42.202    127.690  88.576242     0.7482      8.130   244.5539 1.2379e-01     6.5071     20.272     29.403     9.6861 0.0000e+00
     20.670      0.026     4.7997     42.127    127.681  88.575191     0.7287      8.130   244.7188 1.2369e-01     6.5785     20.271     29.400     9.6816 0.0000e+00
     20.669      0.018     4.8051     42.028    127.680  88.576253     0.7050      8.130   244.9929 1.2366e-01     6.5716     20.269     29.397     9.6781 0.0000e+00
     20.672      0.013     4.8030     41.944    127.699  88.589090     0.6870      8.130   245.4591 1.2368e-01     6.5264     20.270     29.401     9.6787 0.0000e+00
     20.678      0.011     4.8000     41.890    127.717  88.603170     0.6931      8.130   245.7948 1.2370e-01     6.5436     20.277     29.410     9.6819 0.0000e+00
     20.684      0.011     4.7903     41.871    127.734  88.619259     0.7116      8.130   245.7830 1.2378e-01     6.6089     20.286     29.421     9.6846 0.0000e+00
     20.687      0.012     4.7765     41.887    127.784  88.656389     0.7199      8.130   245.4890 1.2380e-01     6.6669     20.288     29.425     9.6850 0.0000e+00
     20.687      0.013     4.7675     41.929    127.811  88.670386     0.7274      8.129   245.1641 1.2373e-01     6.6983     20.287     29.424     9.6841 0.0000e+00
     20.687      0.013     4.7603     41.965    127.810  88.661251     0.7351      8.129   245.1247 1.2371e-01     6.7846     20.286     29.422     9.6845 0.0000e+00
     20.690      0.014     4.7586     41.972    127.837  88.673168     0.7300      8.128   245.2707 1.2375e-01     6.9586     20.288     29.425     9.6869 0.0000e+00
     20.696      0.015     4.7598     41.960    127.860  88.687232     0.7156      8.128   245.4662 1.2377e-01     7.0259     20.294     29.435     9.6888 0.0000e+00
     20.703      0.016     4.7667     41.928    127.883  88.704060     0.7022      8.128   245.3385 1.2379e-01     6.9828     20.304     29.448     9.6865 0.0000e+00
     20.708      0.020     4.7726     41.854    127.948  88.749402     0.6928      8.129   244.8445 1.2380e-01     6.9845     20.310     29.456     9.6818 0.0000e+00
     20.710      0.026     4.7729     41.747    128.108  88.853741     0.7017      8.129   244.4840 1.2375e-01     7.2518     20.309     29.457     9.6792 0.0000e+00
     20.712      0.035     4.7706     41.603    128.363  89.011322     0.7266      8.128   244.4209 1.2370e-01     7.7883     20.311     29.458     9.6786 0.0000e+00
     20.718      0.046     4.7702     41.450    128.576  89.127816     0.7358      8.128   244.4258 1.2369e-01     8.0753     20.316     29.465     9.6792 0.0000e+00
     20.732      0.056     4.7589     41.314    128.702  89.180696     0.7216      8.130   244.3716 1.2373e-01     8.0567     20.327     29.482     9.6803 0.0000e+00
     20.754      0.065     4.7485     41.131    128.870  89.268929     0.7052      8.130   244.2817 1.2374e-01     8.4174     20.352     29.517     9.6787 0.0000e+00
     20.779      0.072     4.7323     40.836    129.135  89.431164     0.7033      8.129   244.5429 1.2378e-01     9.1919     20.379     29.559     9.6717 0.0000e+00
     20.799      0.075     4.7117     40.395    129.337  89.551720     0.7159      8.127   244.9492 1.2378e-01     9.6667     20.399     29.587     9.6577 0.0000e+00
     20.815      0.073     4.7047     39.814    129.406  89.581363     0.7324      8.126   244.7203 1.2369e-01     9.8197     20.411     29.604     9.6426 0.0000e+00
     20.832      0.069     4.6856     39.113    129.541  89.662319     0.7284      8.126   244.5278 1.2370e-01    10.4268     20.427     29.627     9.6322 0.0000e+00
     20.852      0.068     4.6556     38.320    129.890  89.894314     0.7003      8.125   244.7729 1.2376e-01    11.4737     20.451     29.662     9.6245 0.0000e+00
     20.869      0.071     4.6045     37.440    130.392  90.223237     0.6847      8.124   244.8446 1.2378e-01    12.0237     20.467     29.686     9.6172 0.0000e+00
     20.881      0.075     4.5396     36.490    130.777  90.458136     0.6887      8.123   244.7928 1.2378e-01    12.1237     20.475     29.697     9.6092 0.0000e+00
     20.898      0.077     4.4579     35.523    130.897  90.507599     0.6912      8.122   244.8348 1.2375e-01    13.1269     20.491     29.719     9.6045 0.0000e+00
     20.924      0.074     4.3681     34.588    130.828  90.439507     0.6973      8.122   244.9221 1.2371e-01    15.0339     20.519     29.761     9.6032 0.0000e+00
     20.950      0.069     4.2690     33.701    130.593  90.271056     0.7138      8.122   245.0740 1.2373e-01    16.1199     20.549     29.803     9.5975 0.0000e+00
     20.970      0.059     4.1577     32.742    130.283  90.061464     0.7240      8.121   245.2086 1.2377e-01    16.3166     20.567     29.829     9.5828 0.0000e+00
     20.983      0.044     4.0497     31.646    129.995  89.877669     0.7199      8.121   245.3455 1.2375e-01    16.7636     20.581     29.849     9.5672 0.0000e+00
     20.991      0.028     3.9382     30.524    129.806  89.766639     0.7143      8.122   245.5248 1.2373e-01    17.4599     20.587     29.859     9.5607 0.0000e+00
     20.993      0.014     3.8468     29.530    129.827  89.800611     0.7152      8.122   245.3977 1.2370e-01    17.8012     20.587     29.859     9.5582 0.0000e+00
     20.992      0.005     3.7414     28.802    129.957  89.906711     0.7141      8.122   245.0131 1.2368e-01    17.7812     20.587     29.858     9.5598 0.0000e+00
     20.990      0.001     3.6079     28.422    130.034  89.967912     0.7010      8.121   244.8321 1.2372e-01    17.2186     20.585     29.856     9.5674 0.0000e+00
     20.987      0.002     3.4745     28.417    130.127  90.031622     0.6810      8.119   244.6719 1.2376e-01    16.1558     20.582     29.851     9.5751 0.0000e+00
     20.986      0.006     3.3535     28.775    130.335  90.168046     0.6729      8.118   244.3672 1.2378e-01    15.5896     20.580     29.848     9.5831 0.0000e+00
     20.989      0.011     3.2677     29.430    130.607  90.344925     0.6859      8.117   244.2454 1.2378e-01    15.5993     20.582     29.851     9.5899 0.0000e+00
     20.994      0.018     3.2227     30.233    130.969  90.579659     0.7211      8.117   244.2316 1.2378e-01    15.7606     20.588     29.860     9.5929 0.0000e+00
     20.999      0.026     3.2234     30.996    131.474  90.906578     0.7580      8.117   244.1136 1.2378e-01    15.9680     20.593     29.868     9.5927 0.0000e+00
     21.005      0.032     3.2656     31.570    131.911  91.180010     0.7736      8.116   244.0232 1.2376e-01    16.0230     20.598     29.875     9.5889 0.0000e+00
     21.015      0.035     3.3471     31.847    132.191  91.340647     0.7769      8.115   243.9991 1.2373e-01    15.9820     20.607     29.889     9.5847 0.0000e+00
     21.028      0.037     3.4483     31.763    132.480  91.512630     0.7645      8.114   243.9944 1.2373e-01    16.0185     20.621     29.909     9.5791 0.0000e+00
     21.039      0.038     3.5405     31.282    132.737  91.668732     0.7490      8.114   243.9667 1.2379e-01    16.6351     20.633     29.927     9.5710 0.0000e+00
     21.048      0.038     3.6120     30.402    132.902  91.764607     0.7555      8.113   243.9219 1.2381e-01    17.8346     20.642     29.939     9.5595 0.0000e+00
     21.055      0.040     3.6466     29.185    133.224  91.971923     0.7764      8.112   244.0545 1.2376e-01    18.5671     20.648     29.947     9.5453 0.0000e+00
     21.064      0.047     3.6392     27.696    134.041  92.521007     0.7938      8.110   244.4523 1.2373e-01    18.7621     20.656     29.959     9.5351 0.0000e+00
     21.074      0.060     3.5865     26.059    135.041  93.185815     0.8157      8.107   244.9457 1.2374e-01    20.0547     20.667     29.976     9.5275 0.0000e+00
     21.086      0.074     3.4823     24.429    135.486  93.455991     0.8493      8.104   245.2872 1.2374e-01    22.4800     20.676     29.988     9.5204 0.0000e+00
     21.105      0.083     3.3423     22.831    135.506  93.433269     0.8760      8.103   245.3987 1.2371e-01    23.7984     20.691     30.010     9.5155 0.0000e+00
     21.138      0.084     3.1693     21.230    135.520  93.420122     0.8890      8.102   245.3475 1.2372e-01    23.9037     20.725     30.060     9.5110 0.0000e+00
     21.175      0.083     2.9712     19.514    135.539  93.424275     0.8897      8.101   245.2700 1.2373e-01    24.2311     20.772     30.126     9.5030 0.0000e+00
     21.199      0.081     2.7899     17.560    135.627  93.483467     0.8922      8.101   245.2356 1.2370e-01    24.9218     20.796     30.162     9.4868 0.0000e+00
     21.207      0.081     2.6079     15.460    135.838  93.626739     0.9036      8.100   245.1905 1.2369e-01    25.3878     20.796     30.163     9.4708 0.0000e+00
     21.213      0.081     2.4287     13.325    136.132  93.820249     0.9106      8.099   245.2411 1.2369e-01    25.5958     20.799     30.167     9.4632 0.0000e+00
     21.229      0.087     2.2451     11.256    136.473  94.041403     0.9604      8.099   245.6757 1.2372e-01    27.0270     20.813     30.186     9.4604 0.0000e+00
     21.258      0.097     2.0108      9.468    136.818  94.264361     1.0561      8.099   246.3144 1.2374e-01    29.6780     20.845     30.233     9.4611 0.0000e+00
     21.292      0.106     1.7672      8.055    136.965  94.352375     1.1102      8.100   246.7691 1.2367e-01    31.1409     20.881     30.285     9.4617 0.0000e+00
     21.325      0.105     1.5239      6.996    136.780  94.214649     1.1237      8.100   247.0436 1.2363e-01    31.3590     20.911     30.329     9.4578 0.0000e+00
     21.359      0.093     1.2729      6.290    136.473  93.999114     1.1772      8.099   246.8796 1.2371e-01    32.3832     20.947     30.382     9.4516 0.0000e+00
     21.386      0.072     1.0654      5.799    136.245  93.846333     1.2752      8.098   246.3350 1.2378e-01    34.2672     20.979     30.427     9.4465 0.0000e+00
     21.401      0.050     0.9099      5.338    136.114  93.767361     1.3272      8.098   245.8798 1.2381e-01    35.2822     20.992     30.446     9.4417 0.0000e+00
     21.405      0.031     0.7827      4.865    136.151  93.807891     1.3227      8.098   245.5056 1.2378e-01    35.2960     20.992     30.447     9.4370 0.0000e+00
     21.403      0.019     0.7100      4.425    136.347  93.954591     1.3036      8.098   245.1668 1.2375e-01    34.7410     20.990     30.444     9.4353 0.0000e+00
     21.399      0.015     0.6651      4.131    136.616  94.141147     1.2716      8.098   245.0521 1.2376e-01    33.7299     20.983     30.433     9.4370 0.0000e+00
     21.399      0.020     0.6098      4.058    136.926  94.345367     1.2440      8.097   245.3231 1.2374e-01    33.1822     20.983     30.433     9.4417 0.0000e+00
     21.406      0.028     0.5567      4.211    137.103  94.451063     1.2525      8.096   245.6036 1.2375e-01    33.2763     20.990     30.444     9.4486 0.0000e+00
     21.419      0.034     0.4990      4.579    137.053  94.400919     1.4914      8.096   245.4327 1.2378e-01    35.0730     21.003     30.462     9.4531 0.0000e+00
     21.434      0.037     0.4624      5.086    136.935  94.311784     1.9343      8.095   245.0638 1.2374e-01    38.4074     21.020     30.487     9.4540 0.0000e+00
     21.446      0.036     0.4555      5.570    136.868  94.264241     2.1793      8.095   244.7573 1.2374e-01    40.2526     21.033     30.506     9.4503 0.0000e+00
     21.455      0.033     0.4723      5.880    136.876  94.271537     2.2147      8.096   244.3073 1.2376e-01    40.5765     21.042     30.519     9.4423 0.0000e+00
     21.460      0.029     0.5170      5.958    136.969  94.336366     2.3708      8.096   243.8392 1.2377e-01    42.6320     21.047     30.525     9.4361 0.0000e+00
     21.464      0.028     0.5826      5.831    137.081  94.411713     4.1752      8.095   243.5719 1.2381e-01    66.0269     21.048     30.527     9.4333 0.0000e+00
     21.468      0.030     0.6454      5.588    137.186  94.482558     7.5021      8.094   243.3121 1.2380e-01   108.9896     21.052     30.533     9.4331 0.0000e+00
     21.476      0.034     0.6819      5.300    137.293  94.556576     9.3114      8.093   243.1068 1.2376e-01   132.1941     21.060     30.545     9.4350 0.0000e+00
     21.487      0.037     0.6905      5.020    137.366  94.606649     9.2799      8.093   242.9830 1.2368e-01   131.5909     21.071     30.560     9.4357 0.0000e+00
     21.500      0.038     0.6707      4.799    137.421  94.642519     6.9719      8.093   242.8475 1.2367e-01   101.5941     21.085     30.581     9.4342 0.0000e+00
     21.512      0.036     0.6406      4.669    137.653  94.799368     2.7047      8.092   242.8456 1.2379e-01    46.2641     21.098     30.601     9.4333 0.0000e+00
     21.522      0.033     0.6063      4.626    138.097  95.103058     0.3831      8.091   242.8736 1.2381e-01    16.0513     21.107     30.613     9.4336 0.0000e+00
     21.528      0.028     0.5713      4.635    138.607  95.450686     0.1754      8.090   242.7555 1.2378e-01    13.0197     21.112     30.620     9.4342 0.0000e+00
     21.533      0.024     0.5453      4.651    139.062  95.756897     0.0939      8.089   242.6230 1.2380e-01     9.6776     21.117     30.628     9.4333 0.0000e+00
     21.538      0.021     0.5297      4.633    139.157  95.814330    -0.0291      8.089   242.5616 1.2380e-01     3.9943     21.121     30.635     9.4315 0.0000e+00
     21.543      0.019     0.5275      4.579    138.906  95.635980    -0.0957      8.089   242.4436 1.2376e-01     0.9403     21.127     30.642     9.4314 0.0000e+00
     21.548      0.019     0.5292      4.516    138.632  95.446047    -0.1032      8.089   242.3147 1.2375e-01     0.6944     21.131     30.649     9.4306 0.0000e+00
