Data/DataNotYetUploadedToEDI/Raw_CTD/RawDownloads/052223_fcr50_S8188004.cnv
* Sea-Bird SBE19plus  Data File:
* FileName = C:\R\Reservoirs\Data\DataNotYetUploadedToEDI\Raw_CTD\RawDownloads\051623_fcr50_S8188_0004.hex
* Software version 2.8.0.119
* Temperature SN = 8188
* Conductivity SN = 8188
* System UpLoad Time = May 31 2023 16:44:37
* <ApplicationData>
* <Seaterm232>
# nquan = 16
# nvalues = 910                         
# units = specified
# name 0 = depFM: Depth [fresh water, m]
# name 1 = dz/dtM: Descent Rate [m/s]
# name 2 = sbeox0Mg/L: Oxygen, SBE 43 [mg/l]
# name 3 = sbeox0PS: Oxygen, SBE 43 [% saturation]
# name 4 = specc: Specific Conductance [uS/cm]
# name 5 = c0uS/cm: Conductivity [uS/cm]
# name 6 = wetCDOM: Fluorescence, WET Labs CDOM [mg/m^3]
# name 7 = flECO-AFL: Fluorescence, WET Labs ECO-AFL/FL [mg/m^3]
# name 8 = flECO-AFL1: Fluorescence, WET Labs ECO-AFL/FL, 2 [mg/m^3]
# name 9 = flECO-AFL2: Fluorescence, WET Labs ECO-AFL/FL, 3 [mg/m^3]
# name 10 = par/sat/log: PAR/Logarithmic, Satlantic
# name 11 = turbWETntu0: Turbidity, WET Labs ECO [NTU]
# name 12 = prdM: Pressure, Strain Gauge [db]
# name 13 = prdE: Pressure, Strain Gauge [psi]
# name 14 = tv290C: Temperature [ITS-90, deg C]
# name 15 = flag:  0.000e+00
# span 0 =     -0.616,      9.661       
# span 1 =     -0.397,      0.170       
# span 2 =    -2.5147,    17.4818       
# span 3 =    -22.197,    187.171       
# span 4 =      0.114,    422.789       
# span 5 =   0.110494, 294.853572       
# span 6 =    -4.5000,    31.8600       
# span 7 =    -2.4730,   245.2267       
# span 8 =    -3.9618,     2.0448       
# span 9 =    -4.1877,     5.4567       
# span 10 = 1.1585e-01, 2.2406e+03      
# span 11 =    -6.1198,   285.9458      
# span 12 =     -0.604,      9.474      
# span 13 =     -0.875,     13.741      
# span 14 =     9.8009,    23.8704      
# span 15 = 0.0000e+00, 0.0000e+00      
# interval = seconds: 0.25
# start_time = May 22 2023 13:05:01 [Instrument's time stamp, header]
# bad_flag = -9.990e-29
*END*
[from data line 452]
      4.332      0.089    11.6936    122.475     40.177  28.062413     3.5100     0.7810     0.0426     0.1269 8.0911e+00     1.6808      4.248      6.162     9.9736 0.0000e+00
      4.354      0.086    12.4089    124.268     40.194  28.064017     3.5100     0.7276     0.0426     0.1269 7.9189e+00     1.6658      4.270      6.193     9.9595 0.0000e+00
      4.375      0.083    13.0231    125.035     40.213  28.069748     3.5100     0.7428     0.0426     0.1269 7.7723e+00     1.7109      4.291      6.224     9.9468 0.0000e+00
      4.396      0.081    13.5072    125.032     40.232  28.077174     3.5100     0.7085     0.0426     0.2115 7.6185e+00     1.6808      4.312      6.254     9.9341 0.0000e+00
      4.417      0.078    13.8500    124.514     40.248  28.084315     3.5100     0.6932     0.0426     0.2115 7.5608e+00     1.7259      4.332      6.283     9.9211 0.0000e+00
      4.436      0.076    14.0564    123.690     40.259  28.089117     3.5100     0.7314     0.0426     0.2115 7.5312e+00     1.7259      4.351      6.310     9.9089 0.0000e+00
      4.455      0.073    14.1464    122.691     40.256  28.084941     3.5100     0.7390     0.0426     0.2115 7.4450e+00     1.7109      4.369      6.337     9.8989 0.0000e+00
      4.474      0.071    14.1483    121.588     40.238  28.070671     3.5100     0.7276     0.0426     0.1692 7.3247e+00     1.6808      4.387      6.363     9.8914 0.0000e+00
      4.491      0.070    14.0913    120.416     40.216  28.054384     3.5100     0.7161     0.0426     0.1692 7.2945e+00     1.7259      4.404      6.388     9.8862 0.0000e+00
      4.508      0.069    13.9992    119.199     40.207  28.047573     3.5100     0.7123     0.0426     0.1692 7.2565e+00     1.7560      4.421      6.412     9.8827 0.0000e+00
      4.525      0.069    13.8869    117.951     40.214  28.052382     3.5100     0.7276     0.0426     0.1692 7.1610e+00     1.8011      4.438      6.437     9.8803 0.0000e+00
      4.543      0.070    13.7626    116.687     40.223  28.058216     3.5100     0.7085     0.0426     0.1692 7.1129e+00     1.6808      4.455      6.461     9.8787 0.0000e+00
      4.560      0.071    13.6303    115.433     40.223  28.058709     3.5100     0.7199     0.0426     0.1269 7.0529e+00     1.6808      4.472      6.486     9.8776 0.0000e+00
      4.578      0.074    13.4927    114.224     40.222  28.057954     3.5100     0.7123     0.0426     0.1269 7.0299e+00     2.0416      4.489      6.512     9.8768 0.0000e+00
      4.597      0.077    13.3516    113.089     40.231  28.063669     3.5100     0.7276     0.0426     0.1269 7.0116e+00     2.0115      4.508      6.538     9.8764 0.0000e+00
      4.616      0.080    13.2086    112.050     40.245  28.073417     3.5100     0.7161     0.0426     0.1269 6.9313e+00     1.9965      4.527      6.566     9.8762 0.0000e+00
      4.637      0.082    13.0667    111.114     40.258  28.081879     3.5100     0.7161     0.0426     0.0846 6.7809e+00     2.0716      4.548      6.596     9.8760 0.0000e+00
      4.659      0.085    12.9298    110.270     40.272  28.091312     3.5100     0.7161     0.0426     0.0846 6.6121e+00     1.7860      4.569      6.627     9.8760 0.0000e+00
      4.682      0.087    12.8014    109.510     40.280  28.096310     3.5100     0.7390     0.0426     0.0846 6.5648e+00     1.7259      4.591      6.659     9.8759 0.0000e+00
      4.704      0.088    12.6838    108.835     40.278  28.094248     3.5100     0.7085     0.0426     0.0846 6.4447e+00     1.6207      4.613      6.691     9.8757 0.0000e+00
      4.726      0.089    12.5780    108.240     40.276  28.092494     3.5100     0.7199     0.0426     0.1269 6.3750e+00     1.7710      4.635      6.722     9.8752 0.0000e+00
      4.749      0.090    12.4827    107.719     40.274  28.090582     3.5100     0.7276     0.0426     0.1269 6.2299e+00     1.7259      4.657      6.755     9.8744 0.0000e+00
      4.772      0.091    12.3969    107.269     40.265  28.084041     3.5100     0.7085     0.0426     0.1269 6.1934e+00     1.7560      4.680      6.788     9.8736 0.0000e+00
      4.795      0.092    12.3206    106.888     40.259  28.079047     3.5100     0.7085     0.0426     0.1269 6.1332e+00     1.7860      4.702      6.820     9.8729 0.0000e+00
      4.819      0.093    12.2535    106.581     40.265  28.082187     3.5100     0.7276     0.0426     0.1269 6.0933e+00     1.7410      4.725      6.854     9.8724 0.0000e+00
      4.842      0.095    12.1946    106.350     40.273  28.086379     3.5100     0.7199     0.0426     0.1269 5.9018e+00     1.7560      4.749      6.887     9.8720 0.0000e+00
      4.867      0.096    12.1437    106.188     40.272  28.084821     3.5100     0.7161     0.0426     0.1269 5.7975e+00     1.7560      4.772      6.922     9.8715 0.0000e+00
      4.892      0.098    12.1009    106.093     40.261  28.077098     3.5100     0.7161     0.0426     0.1269 5.7449e+00     1.7560      4.797      6.957     9.8706 0.0000e+00
      4.917      0.099    12.0666    106.060     40.250  28.069070     3.5100     0.7276     0.0426     0.1269 5.6226e+00     1.7560      4.822      6.993     9.8694 0.0000e+00
      4.942      0.100    12.0407    106.070     40.252  28.070476     3.5100     0.6932     0.0426     0.1269 5.4958e+00     1.9514      4.847      7.030     9.8681 0.0000e+00
      4.968      0.100    12.0227    106.099     40.257  28.073769     3.5100     0.6932     0.0426     0.1269 5.3928e+00     2.0115      4.872      7.067     9.8671 0.0000e+00
      4.994      0.100    12.0122    106.118     40.249  28.067951     3.5100     0.7085     0.0426     0.1269 5.2666e+00     2.0265      4.898      7.104     9.8664 0.0000e+00
      5.020      0.099    12.0085    106.107     40.231  28.055429     3.5100     0.7428     0.0426     0.1269 5.1288e+00     1.9514      4.923      7.140     9.8660 0.0000e+00
      5.045      0.097    12.0097    106.066     40.216  28.044742     3.5100     0.7161     0.0426     0.1269 5.0613e+00     1.7560      4.947      7.176     9.8658 0.0000e+00
      5.070      0.095    12.0131    106.006     40.216  28.044919     3.5100     0.7085     0.0426     0.1269 4.9374e+00     1.7710      4.972      7.211     9.8656 0.0000e+00
      5.094      0.093    12.0152    105.937     40.227  28.052050     3.5100     0.7314     0.0426     0.1269 4.8408e+00     1.6808      4.995      7.245     9.8655 0.0000e+00
      5.117      0.091    12.0140    105.872     40.233  28.056155     3.5100     0.7009     0.0426     0.1269 4.8534e+00     1.7560      5.018      7.278     9.8654 0.0000e+00
      5.140      0.089    12.0094    105.826     40.236  28.058330     3.5100     0.7161     0.0426     0.1692 4.7110e+00     1.9664      5.040      7.310     9.8655 0.0000e+00
      5.162      0.088    12.0026    105.811     40.238  28.059154     3.5100     0.7199     0.0426     0.1692 4.6440e+00     1.9664      5.062      7.342     9.8655 0.0000e+00
      5.184      0.087    11.9948    105.829     40.232  28.054887     3.5100     0.7276     0.0426     0.1692 4.5600e+00     2.0716      5.084      7.374     9.8654 0.0000e+00
      5.206      0.086    11.9875    105.874     40.228  28.052312     3.5100     0.7276     0.0426     0.1692 4.5333e+00     1.9063      5.105      7.404     9.8652 0.0000e+00
      5.227      0.086    11.9824    105.933     40.232  28.054700     3.5100     0.7276     0.0426     0.1692 4.4484e+00     1.9965      5.126      7.435     9.8649 0.0000e+00
      5.249      0.085    11.9808    105.994     40.232  28.054770     3.5100     0.7161     0.0000     0.1692 4.3755e+00     1.8913      5.148      7.466     9.8645 0.0000e+00
      5.271      0.085    11.9830    106.049     40.224  28.048579     3.5100     0.7161     0.0000     0.1692 4.2880e+00     1.9814      5.169      7.497     9.8641 0.0000e+00
      5.293      0.085    11.9881    106.085     40.215  28.042398     3.5100     0.7276     0.0000     0.1692 4.1840e+00     2.0416      5.191      7.528     9.8639 0.0000e+00
      5.315      0.084    11.9948    106.088     40.215  28.042496     3.5100     0.7772     0.0000     0.1692 4.1532e+00     1.9514      5.212      7.559     9.8637 0.0000e+00
      5.336      0.084    12.0018    106.056     40.218  28.044941     3.5100     0.7962     0.0426     0.1269 4.1030e+00     1.8462      5.233      7.589     9.8637 0.0000e+00
      5.357      0.084    12.0079    106.001     40.220  28.046424     3.5100     0.7810     0.0426     0.1269 4.0542e+00     1.9514      5.253      7.619     9.8636 0.0000e+00
      5.378      0.083    12.0120    105.948     40.222  28.047342     3.5100     0.7848     0.0426     0.1269 3.9705e+00     2.0866      5.274      7.649     9.8636 0.0000e+00
      5.399      0.083    12.0124    105.917     40.223  28.047939     3.5100     0.6932     0.0426     0.1269 3.8860e+00     1.9965      5.295      7.679     9.8637 0.0000e+00
      5.421      0.083    12.0088    105.919     40.223  28.048373     3.5100     0.7505     0.0426     0.0846 3.7893e+00     1.9363      5.316      7.710     9.8637 0.0000e+00
      5.442      0.082    12.0025    105.950     40.224  28.048761     3.5100     0.7276     0.0426     0.0846 3.7321e+00     2.0115      5.337      7.740     9.8637 0.0000e+00
      5.463      0.081    11.9965    105.999     40.224  28.049207     3.5100     0.7047     0.0426     0.0846 3.6678e+00     1.9814      5.357      7.770     9.8637 0.0000e+00
      5.483      0.080    11.9930    106.052     40.225  28.049829     3.5100     0.7238     0.0426     0.0846 3.6678e+00     2.0115      5.377      7.799     9.8636 0.0000e+00
      5.503      0.080    11.9933    106.090     40.227  28.050793     3.5100     0.7199     0.0426     0.0846 3.5640e+00     1.9814      5.397      7.827     9.8635 0.0000e+00
      5.523      0.080    11.9968    106.096     40.224  28.048396     3.5100     0.7085     0.0426     0.0846 3.5110e+00     1.9213      5.416      7.855     9.8634 0.0000e+00
      5.543      0.081    12.0024    106.067     40.210  28.038040     3.5100     0.7314     0.0426     0.0846 3.4791e+00     1.9514      5.436      7.884     9.8633 0.0000e+00
      5.563      0.083    12.0084    106.011     40.198  28.028841     3.5100     0.7238     0.0426     0.0846 3.4498e+00     2.0866      5.455      7.912     9.8632 0.0000e+00
      5.584      0.086    12.0127    105.939     40.195  28.026267     3.5100     0.7047     0.0426     0.0846 3.3326e+00     1.9363      5.476      7.942     9.8630 0.0000e+00
      5.606      0.089    12.0134    105.869     40.190  28.021711     3.5100     0.7199     0.0426     0.1692 3.2539e+00     1.8762      5.498      7.974     9.8627 0.0000e+00
      5.629      0.093    12.0104    105.812     40.185  28.017918     3.5100     0.7161     0.0426     0.1692 3.2363e+00     1.8913      5.520      8.007     9.8622 0.0000e+00
      5.654      0.097    12.0042    105.771     40.191  28.021796     3.5100     0.7772     0.0426     0.1692 3.1420e+00     1.9965      5.544      8.041     9.8614 0.0000e+00
      5.679      0.100    11.9963    105.741     40.204  28.030419     3.5100     0.8077     0.0426     0.1692 3.0452e+00     2.0115      5.569      8.078     9.8605 0.0000e+00
      5.705      0.103    11.9886    105.713     40.215  28.038168     3.5100     0.7733     0.0426     0.1269 3.0123e+00     1.9664      5.595      8.115     9.8596 0.0000e+00
      5.732      0.105    11.9825    105.684     40.222  28.043149     3.5100     0.7695     0.0426     0.1269 2.9399e+00     1.9514      5.621      8.153     9.8589 0.0000e+00
      5.759      0.106    11.9780    105.665     40.227  28.046690     3.5100     0.7009     0.0426     0.1269 2.8191e+00     1.9514      5.648      8.191     9.8584 0.0000e+00
      5.786      0.107    11.9746    105.664     40.231  28.049735     3.5100     0.7314     0.0426     0.1269 2.7687e+00     2.0115      5.675      8.230     9.8581 0.0000e+00
      5.814      0.107    11.9714    105.687     40.235  28.053097     3.5100     0.7161     0.0426     0.0846 2.7122e+00     1.9664      5.702      8.270     9.8581 0.0000e+00
      5.842      0.106    11.9681    105.732     40.236  28.053712     3.5100     0.7199     0.0426     0.0846 2.6121e+00     1.9514      5.729      8.310     9.8582 0.0000e+00
      5.870      0.103    11.9659    105.796     40.233  28.051745     3.5100     0.7161     0.0426     0.0846 2.5163e+00     1.7860      5.757      8.350     9.8584 0.0000e+00
      5.897      0.100    11.9658    105.864     40.237  28.054590     3.5100     0.6970     0.0426     0.0846 2.4004e+00     1.7109      5.783      8.388     9.8587 0.0000e+00
      5.923      0.095    11.9683    105.927     40.249  28.063005     3.5100     0.7085     0.0000     0.1269 2.4356e+00     1.6959      5.808      8.424     9.8588 0.0000e+00
      5.946      0.090    11.9735    105.971     40.261  28.071317     3.5100     0.7161     0.0000     0.1269 2.3626e+00     1.8161      5.830      8.457     9.8589 0.0000e+00
      5.967      0.085    11.9806    105.989     40.269  28.077780     3.5100     0.6742     0.0000     0.1269 2.3503e+00     1.8612      5.852      8.487     9.8589 0.0000e+00
      5.988      0.081    11.9884    105.983     40.278  28.084119     3.5100     0.6589     0.0000     0.1269 2.2923e+00     1.8913      5.872      8.517     9.8589 0.0000e+00
      6.008      0.079    11.9954    105.963     40.288  28.092025     3.5100     0.6780     0.0000     0.1269 2.2602e+00     1.9514      5.891      8.545     9.8591 0.0000e+00
      6.027      0.078    12.0003    105.945     40.298  28.099645     3.4200     0.6513     0.0426     0.1692 2.2528e+00     1.9814      5.910      8.572     9.8594 0.0000e+00
      6.046      0.079    12.0022    105.939     40.299  28.101093     3.4200     0.6589     0.0426     0.1692 2.2034e+00     1.9063      5.929      8.599     9.8600 0.0000e+00
      6.065      0.081    12.0013    105.945     40.293  28.096754     3.4200     0.6665     0.0426     0.1692 2.1982e+00     1.9814      5.948      8.627     9.8607 0.0000e+00
      6.085      0.084    11.9988    105.956     40.283  28.089432     3.4200     0.6742     0.0426     0.1692 2.1533e+00     1.9514      5.968      8.655     9.8614 0.0000e+00
      6.107      0.088    11.9965    105.962     40.262  28.073214     3.5100     0.6780     0.0426     0.1692 2.1189e+00     1.9213      5.989      8.686     9.8624 0.0000e+00
      6.130      0.092    11.9956    105.955     40.234  28.051694     3.5100     0.6513     0.0426     0.1692 2.0698e+00     1.9063      6.011      8.719     9.8633 0.0000e+00
      6.154      0.096    11.9962    105.931     40.218  28.038931     3.5100     0.6589     0.0426     0.1692 1.9865e+00     1.9664      6.035      8.753     9.8635 0.0000e+00
      6.180      0.100    11.9977    105.884     40.215  28.035484     3.5100     0.6856     0.0426     0.1692 1.9995e+00     2.0265      6.060      8.789     9.8627 0.0000e+00
      6.206      0.103    11.9988    105.810     40.217  28.036471     3.4200     0.6780     0.0426     0.1692 1.9303e+00     1.9965      6.086      8.827     9.8611 0.0000e+00
      6.233      0.105    11.9986    105.713     40.221  28.038197     3.4200     0.6551     0.0426     0.1692 1.8664e+00     1.9514      6.112      8.865     9.8590 0.0000e+00
      6.260      0.106    11.9964    105.605     40.225  28.041123     3.4200     0.6818     0.0426     0.1692 1.8116e+00     1.8913      6.139      8.904     9.8569 0.0000e+00
      6.288      0.106    11.9915    105.496     40.244  28.053946     3.4200     0.6818     0.0426     0.1692 1.7831e+00     1.8762      6.166      8.944     9.8553 0.0000e+00
      6.315      0.106    11.9835    105.399     40.265  28.068209     3.5100     0.6665     0.0000     0.0846 1.7039e+00     1.9063      6.193      8.982     9.8541 0.0000e+00
      6.342      0.105    11.9728    105.326     40.264  28.067916     3.5100     0.6856     0.0000     0.0846 1.6841e+00     2.0115      6.219      9.021     9.8534 0.0000e+00
