Data/DataNotYetUploadedToEDI/Raw_CTD/RawDownloads/052224_ccr50_S7809003.cnv
* Sea-Bird SBE19plus  Data File:
* FileName = C:\R\Reservoirs\Data\DataNotYetUploadedToEDI\Raw_CTD\RawDownloads\052024_bvr50_S7809_0003.hex
* Software version 2.8.0.119
* Temperature SN = 7809
* Conductivity SN = 7809
* System UpLoad Time = May 23 2024 16:48:27
* <ApplicationData>
* <Seaterm232>
# nquan = 15
# nvalues = 5458                        
# units = specified
# name 0 = depFM: Depth [fresh water, m]
# name 1 = dz/dtM: Descent Rate [m/s]
# name 2 = sbeox0Mg/L: Oxygen, SBE 43 [mg/l]
# name 3 = sbeox0PS: Oxygen, SBE 43 [% saturation]
# name 4 = specc: Specific Conductance [uS/cm]
# name 5 = c0uS/cm: Conductivity [uS/cm]
# name 6 = flECO-AFL: Fluorescence, WET Labs ECO-AFL/FL [mg/m^3]
# name 7 = ph: pH
# name 8 = orp: Oxidation Reduction Potential [mV]
# name 9 = par/sat/log: PAR/Logarithmic, Satlantic
# name 10 = turbWETntu0: Turbidity, WET Labs ECO [NTU]
# name 11 = prdM: Pressure, Strain Gauge [db]
# name 12 = prdE: Pressure, Strain Gauge [psi]
# name 13 = tv290C: Temperature [ITS-90, deg C]
# name 14 = flag:  0.000e+00
# span 0 =     -0.481,     21.606       
# span 1 =     -0.450,      0.216       
# span 2 =     0.3929,     9.8445       
# span 3 =      3.448,    113.741       
# span 4 =      0.587,    139.157       
# span 5 =   0.644563, 114.890508       
# span 6 =    -1.9849,     9.3114       
# span 7 =     -1.927,      8.481       
# span 8 = -1240.2388,   908.9073       
# span 9 = 1.2353e-01, 2.6874e+03       
# span 10 =    -4.5082,   148.8465      
# span 11 =     -0.472,     21.190      
# span 12 =     -0.686,     30.733      
# span 13 =     9.4208,    29.9020      
# span 14 = 0.0000e+00, 0.0000e+00      
# interval = seconds: 0.25
# start_time = May 22 2024 10:27:09 [Instrument's time stamp, header]
# bad_flag = -9.990e-29
*END*
[from data line 1446]
      4.035      0.029     9.0592    101.236    113.115 103.727991     2.4261      8.409   168.0154 1.3622e+02     4.6382      3.957      5.738    20.8489 0.0000e+00
      4.041      0.026     9.0584    101.187    113.120 103.733899     2.4284      8.409   167.6274 1.3640e+02     4.6633      3.963      5.747    20.8480 0.0000e+00
      4.047      0.025     9.0550    101.116    113.122 103.735641     2.4301      8.409   167.5652 1.3660e+02     4.6553      3.968      5.755    20.8467 0.0000e+00
      4.053      0.024     9.0520    101.035    113.137 103.749053     2.4384      8.410   167.8658 1.3661e+02     4.5412      3.975      5.765    20.8457 0.0000e+00
      4.060      0.023     9.0501    100.983    113.162 103.768736     2.4534      8.410   168.1648 1.3648e+02     4.4790      3.982      5.775    20.8457 0.0000e+00
      4.067      0.021     9.0456    100.993    113.182 103.782626     2.4628      8.409   168.2552 1.3630e+02     4.5175      3.988      5.784    20.8462 0.0000e+00
      4.072      0.019     9.0392    101.062    113.196 103.789673     2.4596      8.409   168.2695 1.3617e+02     4.4953      3.994      5.793    20.8465 0.0000e+00
      4.075      0.017     9.0305    101.150    113.202 103.790267     2.4316      8.409   168.1657 1.3619e+02     4.3804      3.997      5.797    20.8461 0.0000e+00
      4.078      0.016     9.0244    101.225    113.206 103.789801     2.3909      8.410   168.1189 1.3612e+02     4.3242      4.000      5.801    20.8447 0.0000e+00
      4.083      0.015     9.0262    101.305    113.200 103.784025     2.3752      8.411   168.4785 1.3582e+02     4.3971      4.005      5.807    20.8428 0.0000e+00
      4.087      0.015     9.0343    101.416    113.198 103.784091     2.3828      8.410   168.8138 1.3547e+02     4.4760      4.008      5.813    20.8400 0.0000e+00
      4.090      0.015     9.0439    101.516    113.203 103.790604     2.4082      8.410   168.5591 1.3520e+02     4.5605      4.011      5.818    20.8375 0.0000e+00
      4.094      0.016     9.0505    101.573    113.212 103.799118     2.4497      8.410   168.3244 1.3485e+02     4.7020      4.015      5.824    20.8356 0.0000e+00
      4.098      0.018     9.0550    101.598    113.239 103.823367     2.4678      8.411   168.3846 1.3469e+02     4.7516      4.018      5.828    20.8353 0.0000e+00
      4.101      0.020     9.0676    101.603    113.248 103.829146     2.4604      8.411   168.5986 1.3505e+02     4.7163      4.021      5.831    20.8371 0.0000e+00
      4.106      0.022     9.0779    101.616    113.229 103.805318     2.4359      8.411   168.8466 1.3536e+02     4.6853      4.026      5.839    20.8381 0.0000e+00
      4.113      0.022     9.0810    101.635    113.223 103.789918     2.3966      8.411   168.7171 1.3530e+02     4.6495      4.033      5.850    20.8378 0.0000e+00
      4.121      0.021     9.0846    101.637    113.211 103.770255     2.3766      8.411   169.4412 1.3515e+02     4.6599      4.041      5.861    20.8377 0.0000e+00
      4.127      0.019     9.0829    101.611    113.201 103.758556     2.3756      8.411   170.6328 1.3481e+02     4.7089      4.048      5.871    20.8367 0.0000e+00
      4.132      0.016     9.0849    101.566    113.216 103.775790     2.3931      8.411   170.1332 1.3425e+02     4.7293      4.053      5.880    20.8344 0.0000e+00
      4.135      0.012     9.0887    101.516    113.223 103.787643     2.4308      8.410   169.1650 1.3408e+02     4.7700      4.055      5.882    20.8299 0.0000e+00
      4.135      0.010     9.0899    101.470    113.207 103.774546     2.4487      8.410   169.0781 1.3405e+02     4.8245      4.055      5.882    20.8241 0.0000e+00
      4.136      0.009     9.0877    101.435    113.176 103.744768     2.4425      8.411   169.5994 1.3398e+02     4.8074      4.056      5.882    20.8231 0.0000e+00
      4.139      0.009     9.0822    101.398    113.179 103.745915     2.4638      8.412   170.2189 1.3420e+02     4.7335      4.058      5.886    20.8259 0.0000e+00
      4.142      0.009     9.0775    101.363    113.221 103.788413     2.5152      8.413   170.8038 1.3398e+02     4.6488      4.062      5.892    20.8286 0.0000e+00
      4.146      0.009     9.0723    101.369    113.234 103.812964     2.5402      8.413   171.4228 1.3365e+02     4.6038      4.066      5.898    20.8297 0.0000e+00
      4.149      0.008     9.0705    101.429    113.187 103.788116     2.5404      8.413   171.5092 1.3387e+02     4.5991      4.069      5.903    20.8280 0.0000e+00
      4.151      0.006     9.0677    101.503    113.126 103.742657     2.5179      8.413   171.4181 1.3377e+02     4.6260      4.071      5.905    20.8269 0.0000e+00
      4.151      0.006     9.0623    101.569    113.101 103.708984     2.4601      8.412   170.9231 1.3325e+02     4.6899      4.071      5.904    20.8278 0.0000e+00
      4.151      0.006     9.0611    101.609    113.047 103.635627     2.4240      8.412   169.9125 1.3325e+02     4.7224      4.070      5.904    20.8328 0.0000e+00
      4.152      0.007     9.0671    101.627    112.923 103.492301     2.4226      8.412   169.4380 1.3336e+02     4.7467      4.071      5.905    20.8443 0.0000e+00
      4.153      0.008     9.0721    101.631    112.839 103.376574     2.4426      8.412   169.5735 1.3275e+02     4.7444      4.072      5.906    20.8518 0.0000e+00
      4.156      0.008     9.0802    101.604    112.822 103.318591     2.4830      8.412   169.9170 1.3204e+02     4.6603      4.075      5.911    20.8457 0.0000e+00
      4.161      0.008     9.0864    101.555    112.763 103.236806     2.5032      8.412   170.0628 1.3199e+02     4.6173      4.081      5.919    20.8321 0.0000e+00
      4.164      0.007     9.0879    101.460    112.685 103.151630     2.5044      8.412   169.9594 1.3200e+02     4.6344      4.084      5.924    20.8211 0.0000e+00
      4.164      0.007     9.0944    101.308    112.656 103.116323     2.5058      8.412   170.3015 1.3153e+02     4.6286      4.084      5.923    20.8038 0.0000e+00
      4.164      0.008     9.0937    101.145    112.606 103.064543     2.5196      8.412   170.7584 1.3158e+02     4.6496      4.082      5.920    20.7794 0.0000e+00
      4.164      0.008     9.0932    100.995    112.516 102.971187     2.5550      8.412   170.4931 1.3250e+02     4.7169      4.083      5.922    20.7688 0.0000e+00
      4.168      0.008     9.0867    100.844    112.507 102.942462     2.5761      8.412   170.1912 1.3283e+02     4.7592      4.087      5.928    20.7654 0.0000e+00
      4.172      0.009     9.0704    100.691    112.554 102.971840     2.5742      8.412   170.4637 1.3199e+02     4.7512      4.092      5.935    20.7603 0.0000e+00
      4.175      0.009     9.0561    100.567    112.522 102.944413     2.5738      8.412   171.2077 1.3056e+02     4.7228      4.095      5.939    20.7595 0.0000e+00
      4.177      0.008     9.0434    100.462    112.435 102.865503     2.5714      8.412   171.8726 1.2938e+02     4.6895      4.096      5.941    20.7561 0.0000e+00
      4.177      0.008     9.0336    100.359    112.365 102.781665     2.5622      8.412   171.9631 1.2913e+02     4.6560      4.096      5.941    20.7434 0.0000e+00
      4.178      0.008     9.0185    100.267    112.306 102.694640     2.5532      8.412   172.5602 1.2931e+02     4.6582      4.097      5.942    20.7339 0.0000e+00
      4.180      0.009     9.0077    100.178    112.216 102.577162     2.5385      8.412   173.2422 1.2927e+02     4.7511      4.099      5.945    20.7396 0.0000e+00
      4.183      0.010     8.9987    100.079    112.106 102.443430     2.5173      8.412   172.9825 1.2921e+02     4.8917      4.102      5.949    20.7440 0.0000e+00
      4.187      0.012     8.9898     99.972    112.039 102.350841     2.5125      8.413   172.5179 1.2862e+02     4.9573      4.106      5.955    20.7329 0.0000e+00
      4.190      0.013     8.9859     99.859    111.989 102.285197     2.5227      8.414   172.0983 1.2741e+02     4.9634      4.109      5.960    20.7154 0.0000e+00
      4.193      0.013     8.9806     99.713    111.924 102.222639     2.5161      8.414   171.8671 1.2694e+02     4.9309      4.112      5.964    20.7001 0.0000e+00
      4.196      0.013     8.9750     99.538    111.860 102.167388     2.4988      8.414   172.3032 1.2669e+02     4.8723      4.115      5.968    20.6852 0.0000e+00
      4.199      0.013     8.9665     99.352    111.822 102.126430     2.4892      8.414   172.6385 1.2574e+02     4.8343      4.119      5.973    20.6695 0.0000e+00
      4.203      0.013     8.9610     99.150    111.814 102.109359     2.4826      8.414   171.7919 1.2514e+02     4.8134      4.121      5.978    20.6586 0.0000e+00
      4.206      0.013     8.9470     98.962    111.795 102.088293     2.4773      8.414   171.0144 1.2505e+02     4.8591      4.125      5.982    20.6602 0.0000e+00
      4.210      0.013     8.9286     98.800    111.772 102.062693     2.4670      8.414   170.8958 1.2442e+02     4.9429      4.129      5.988    20.6655 0.0000e+00
      4.213      0.013     8.9150     98.675    111.789 102.054451     2.4583      8.414   170.7028 1.2325e+02     4.9724      4.132      5.993    20.6601 0.0000e+00
      4.217      0.013     8.8956     98.637    111.840 102.052274     2.4629      8.414   170.6596 1.2271e+02     4.9772      4.135      5.998    20.6537 0.0000e+00
      4.220      0.012     8.8782     98.634    111.890 102.036302     2.4817      8.413   170.8031 1.2286e+02     4.9658      4.139      6.003    20.6536 0.0000e+00
      4.223      0.012     8.8654     98.585    111.893 101.988563     2.5025      8.413   170.8889 1.2310e+02     4.9043      4.142      6.008    20.6546 0.0000e+00
      4.225      0.012     8.8506     98.532    111.843 101.920602     2.5061      8.414   171.0091 1.2314e+02     4.8481      4.144      6.010    20.6468 0.0000e+00
      4.228      0.013     8.8541     98.467    111.777 101.851145     2.5006      8.415   171.3954 1.2274e+02     4.8334      4.146      6.013    20.6206 0.0000e+00
      4.232      0.014     8.8656     98.372    111.729 101.785327     2.5105      8.415   171.8609 1.2256e+02     4.8289      4.150      6.019    20.5906 0.0000e+00
      4.236      0.015     8.8594     98.294    111.659 101.697688     2.5332      8.414   172.5064 1.2240e+02     4.8612      4.154      6.025    20.5638 0.0000e+00
      4.240      0.017     8.8586     98.225    111.521 101.555359     2.5506      8.414   173.5222 1.2185e+02     4.9162      4.158      6.031    20.5553 0.0000e+00
      4.244      0.019     8.8538     98.124    111.388 101.401212     2.5626      8.414   173.9898 1.2229e+02     4.9481      4.162      6.037    20.5606 0.0000e+00
      4.249      0.019     8.8438     98.009    111.406 101.361613     2.5546      8.415   173.7729 1.2338e+02     4.9733      4.165      6.041    20.5450 0.0000e+00
      4.255      0.018     8.8404     97.909    111.562 101.458436     2.5202      8.415   173.4808 1.2337e+02     4.9473      4.171      6.049    20.5304 0.0000e+00
      4.262      0.017     8.8367     97.805    111.677 101.553327     2.4960      8.415   172.8667 1.2349e+02     4.8733      4.179      6.063    20.5314 0.0000e+00
      4.267      0.016     8.8284     97.695    111.663 101.554072     2.4950      8.415   172.1991 1.2403e+02     4.8294      4.185      6.071    20.5178 0.0000e+00
      4.270      0.015     8.8219     97.587    111.558 101.467458     2.4915      8.416   171.8614 1.2376e+02     4.8265      4.187      6.073    20.4843 0.0000e+00
      4.270      0.015     8.8193     97.483    111.420 101.333639     2.4708      8.416   171.7087 1.2386e+02     4.8735      4.187      6.073    20.4605 0.0000e+00
      4.272      0.017     8.8095     97.391    111.305 101.209188     2.4520      8.416   171.8152 1.2422e+02     4.9532      4.189      6.076    20.4581 0.0000e+00
      4.276      0.020     8.7976     97.303    111.308 101.172158     2.4551      8.415   172.0304 1.2422e+02     4.9702      4.193      6.082    20.4693 0.0000e+00
      4.283      0.024     8.7869     97.235    111.343 101.140479     2.4668      8.415   172.0737 1.2483e+02     4.9415      4.200      6.091    20.4769 0.0000e+00
      4.291      0.028     8.7776     97.217    111.282 101.017041     2.4690      8.416   171.9952 1.2521e+02     5.0161      4.209      6.104    20.4696 0.0000e+00
      4.300      0.030     8.7716     97.235    111.199 100.889028     2.4572      8.416   172.0272 1.2480e+02     5.1219      4.217      6.116    20.4627 0.0000e+00
      4.308      0.030     8.7662     97.256    111.064 100.738405     2.4397      8.417   172.2032 1.2453e+02     5.1272      4.224      6.127    20.4476 0.0000e+00
      4.316      0.031     8.7635     97.274    110.779 100.468920     2.4335      8.418   172.3156 1.2436e+02     5.1145      4.233      6.140    20.4135 0.0000e+00
      4.323      0.033     8.7690     97.262    110.486 100.176824     2.4490      8.419   172.5263 1.2451e+02     5.1400      4.240      6.150    20.3805 0.0000e+00
      4.329      0.035     8.7763     97.176    110.429 100.071043     2.4760      8.418   172.8579 1.2484e+02     5.1616      4.245      6.157    20.3551 0.0000e+00
      4.338      0.035     8.7801     97.044    110.575 100.144646     2.4944      8.418   172.9697 1.2464e+02     5.1706      4.253      6.168    20.3422 0.0000e+00
      4.350      0.034     8.7816     96.894    110.727 100.239196     2.5054      8.418   172.9312 1.2423e+02     5.2150      4.266      6.188    20.3455 0.0000e+00
      4.361      0.033     8.7854     96.709    110.845 100.323040     2.5249      8.418   172.9083 1.2397e+02     5.2538      4.279      6.206    20.3361 0.0000e+00
      4.371      0.030     8.7809     96.516    110.925 100.394531     2.5472      8.417   172.8652 1.2401e+02     5.2298      4.288      6.219    20.3053 0.0000e+00
      4.376      0.026     8.7721     96.359    110.920 100.403414     2.5506      8.417   172.7545 1.2420e+02     5.1642      4.293      6.225    20.2754 0.0000e+00
      4.380      0.023     8.7648     96.261    110.876 100.366808     2.5490      8.418   172.6879 1.2424e+02     5.1092      4.295      6.229    20.2560 0.0000e+00
      4.384      0.022     8.7477     96.234    110.858 100.333862     2.5532      8.418   172.8346 1.2397e+02     5.1121      4.299      6.236    20.2452 0.0000e+00
      4.389      0.023     8.7285     96.249    110.876 100.323305     2.5511      8.418   172.9799 1.2383e+02     5.1302      4.303      6.242    20.2456 0.0000e+00
      4.394      0.025     8.7124     96.257    110.807 100.239123     2.5568      8.419   173.0675 1.2388e+02     5.1576      4.308      6.248    20.2570 0.0000e+00
      4.401      0.030     8.7016     96.252    110.437  99.888863     2.5727      8.420   173.2907 1.2356e+02     5.2039      4.316      6.259    20.2606 0.0000e+00
      4.410      0.035     8.7023     96.233    109.983  99.461836     2.5766      8.421   173.7003 1.2333e+02     5.2119      4.325      6.274    20.2494 0.0000e+00
      4.419      0.040     8.7088     96.194    109.874  99.340572     2.5703      8.421   173.9763 1.2328e+02     5.1859      4.333      6.285    20.2354 0.0000e+00
      4.429      0.045     8.7103     96.168    110.017  99.441062     2.5717      8.421   173.7023 1.2266e+02     5.1632      4.341      6.297    20.2258 0.0000e+00
      4.442      0.047     8.7107     96.122    110.158  99.531115     2.5689      8.420   173.4848 1.2201e+02     5.1426      4.356      6.318    20.2200 0.0000e+00
      4.457      0.047     8.7117     95.950    110.288  99.601889     2.5528      8.419   173.6701 1.2185e+02     5.1416      4.371      6.340    20.2132 0.0000e+00
      4.471      0.046     8.7073     95.659    110.409  99.660218     2.5521      8.419   173.7908 1.2119e+02     5.1507      4.385      6.361    20.2026 0.0000e+00
      4.483      0.044     8.7072     95.363    110.462  99.663442     2.5686      8.419   173.9125 1.2036e+02     5.1499      4.399      6.380    20.1904 0.0000e+00
