Data/DataNotYetUploadedToEDI/Raw_CTD/RawDownloads/052223_bvr50_S8188003.cnv
* Sea-Bird SBE19plus  Data File:
* FileName = C:\R\Reservoirs\Data\DataNotYetUploadedToEDI\Raw_CTD\RawDownloads\051623_fcr50_S8188_0003.hex
* Software version 2.8.0.119
* Temperature SN = 8188
* Conductivity SN = 8188
* System UpLoad Time = May 31 2023 16:44:21
* <ApplicationData>
* <Seaterm232>
# nquan = 16
# nvalues = 2022                        
# units = specified
# name 0 = depFM: Depth [fresh water, m]
# name 1 = dz/dtM: Descent Rate [m/s]
# name 2 = sbeox0Mg/L: Oxygen, SBE 43 [mg/l]
# name 3 = sbeox0PS: Oxygen, SBE 43 [% saturation]
# name 4 = specc: Specific Conductance [uS/cm]
# name 5 = c0uS/cm: Conductivity [uS/cm]
# name 6 = wetCDOM: Fluorescence, WET Labs CDOM [mg/m^3]
# name 7 = flECO-AFL: Fluorescence, WET Labs ECO-AFL/FL [mg/m^3]
# name 8 = flECO-AFL1: Fluorescence, WET Labs ECO-AFL/FL, 2 [mg/m^3]
# name 9 = flECO-AFL2: Fluorescence, WET Labs ECO-AFL/FL, 3 [mg/m^3]
# name 10 = par/sat/log: PAR/Logarithmic, Satlantic
# name 11 = turbWETntu0: Turbidity, WET Labs ECO [NTU]
# name 12 = prdM: Pressure, Strain Gauge [db]
# name 13 = prdE: Pressure, Strain Gauge [psi]
# name 14 = tv290C: Temperature [ITS-90, deg C]
# name 15 = flag:  0.000e+00
# span 0 =     -0.702,     10.198       
# span 1 =     -0.212,      0.102       
# span 2 =     0.0727,    10.0863       
# span 3 =      0.653,    105.961       
# span 4 =      0.087,    156.160       
# span 5 =   0.081709, 103.169914       
# span 6 =    -4.5000,     6.4800       
# span 7 =    -0.2528,   245.2496       
# span 8 =    -2.1300,     2.0022       
# span 9 =    -2.3688,     3.6378       
# span 10 = 1.1590e-01, 1.9569e+03      
# span 11 =    -0.7841,    94.8076      
# span 12 =     -0.689,     10.001      
# span 13 =     -0.999,     14.505      
# span 14 =     7.9643,    22.4304      
# span 15 = 0.0000e+00, 0.0000e+00      
# interval = seconds: 0.25
# start_time = May 22 2023 10:38:26 [Instrument's time stamp, header]
# bad_flag = -9.990e-29
*END*
[from data line 1989]
     -0.056     -0.211     8.2362     91.112     29.520  26.895072     2.7900     0.6665     0.0000     0.2115 9.2997e+01     0.7941     -0.055     -0.080    20.3342 0.0000e+00
     -0.111     -0.212     8.2254     90.922     29.320  26.745754     2.7000     0.6932     0.0000     0.2538 9.5765e+01     1.3201     -0.109     -0.158    20.3855 0.0000e+00
     -0.164     -0.211     8.2178     90.572     28.999  26.486858     2.7000     0.6665     0.0000     0.2538 1.1958e+02     1.2600     -0.161     -0.234    20.4382 0.0000e+00
     -0.218     -0.209     8.2089     90.036     28.454  26.023611     2.7000     0.6894     0.0000     0.2538 1.4361e+03     1.3051     -0.214     -0.311    20.4939 0.0000e+00
     -0.273     -0.204     8.1935     89.305     27.536  25.214664     2.7000     0.6742     0.0000     0.2538 1.5607e+03     1.3351     -0.268     -0.388    20.5517 0.0000e+00
     -0.326     -0.199     8.1670     88.413     26.015  23.846281     2.9700     0.6284     0.0426     0.1692 1.5449e+03     0.7941     -0.320     -0.464    20.6107 0.0000e+00
     -0.377     -0.190     8.1260     87.410     23.504  21.559500     2.9700     0.6208     0.0426     0.1692 1.5408e+03     0.8391     -0.370     -0.536    20.6716 0.0000e+00
     -0.424     -0.178     8.0681     86.344     19.649  18.029562     2.9700     0.6246     0.0426     0.1692 1.5482e+03     0.8692     -0.416     -0.603    20.7337 0.0000e+00
     -0.469     -0.163     7.9935     85.279     15.312  14.050533     2.9700     0.6093     0.0426     0.1692 1.4843e+03     0.7490     -0.460     -0.668    20.7919 0.0000e+00
     -0.512     -0.145     7.9063     84.298     12.255  11.240259     2.7900   245.2000     0.0852     0.1269 1.3295e+03     2.8832     -0.502     -0.728    20.8397 0.0000e+00
     -0.548     -0.126     7.8113     83.499     10.969  10.052206     2.7900   245.2458     0.0852     0.1269 1.1079e+03     2.9133     -0.537     -0.780    20.8741 0.0000e+00
     -0.577     -0.106     7.7128     82.978     11.011  10.078592     2.7900   245.2496     0.0852     0.1269 2.2588e+02     2.8532     -0.566     -0.821    20.8948 0.0000e+00
     -0.600     -0.087     7.6167     82.797     12.353  11.290857     2.7900   245.2191     0.0852     0.1269 9.8802e+02     2.8832     -0.589     -0.854    20.9008 0.0000e+00
     -0.618     -0.069     7.5306     82.935     14.946  13.642400     3.2400   245.2191    -0.2130     3.5109 9.2768e+02    -0.5887     -0.606     -0.879    20.8902 0.0000e+00
     -0.632     -0.054     7.4633     83.285     18.156  16.551706     3.2400   245.2114    -0.2130     3.5109 8.5403e+01    -0.7841     -0.620     -0.899    20.8626 0.0000e+00
     -0.643     -0.042     7.4230     83.686     20.993  19.114842     3.2400   245.2458    -0.2130     3.5109 5.8464e+01    -0.6037     -0.630     -0.914    20.8201 0.0000e+00
     -0.651     -0.033     7.4147     83.976     22.533  20.491485     3.2400   245.1809    -0.2130     3.5109 5.7971e+01    -0.7390     -0.639     -0.926    20.7657 0.0000e+00
     -0.658     -0.025     7.4365     84.028     22.295  20.249110     3.2400    -0.1231    -0.2130     3.5109 4.4898e+01    -0.3783     -0.645     -0.935    20.7020 0.0000e+00
     -0.663     -0.020     7.4784     83.763     20.028  18.168673    -0.0900    -0.1079     2.0022    -2.3688 3.9384e+01    -0.4084     -0.650     -0.942    20.6303 0.0000e+00
     -0.666     -0.016     7.5259     83.137     16.155  14.639372    -0.0900    -0.1155     2.0022    -2.3688 3.8429e+01    -0.4534     -0.653     -0.948    20.5519 0.0000e+00
     -0.669     -0.012     7.5642     82.156     12.199  11.043183    -0.0900    -0.1155     2.0022    -2.3688 5.0029e+01    -0.4534     -0.656     -0.952    20.4687 0.0000e+00
     -0.672     -0.009     7.5815     80.915      9.206   8.324413    -0.0900    -0.1269     2.0022    -2.3688 8.6487e+01    -0.4534     -0.659     -0.955    20.3828 0.0000e+00
     -0.673     -0.007     7.5702     79.598      7.141   6.450298     0.0000    -0.1422     1.8744     3.6378 9.1050e+02    -0.4534     -0.660     -0.958    20.2978 0.0000e+00
     -0.675     -0.006     7.5253     78.401      5.743   5.182104     0.0000    -0.1308     1.8744     3.6378 1.0883e+03    -0.4384     -0.662     -0.960    20.2184 0.0000e+00
     -0.676     -0.005     7.4466     77.458      4.808   4.333911     0.0000    -0.1193     1.8744     3.6378 3.7616e+02    -0.3482     -0.663     -0.962    20.1492 0.0000e+00
     -0.677     -0.004     7.3423     76.817      4.197   3.780379     0.0000     0.1096     1.8744     3.6378 3.5496e+02     3.6197     -0.664     -0.963    20.0934 0.0000e+00
     -0.677     -0.003     7.2290     76.466      3.825   3.443108     0.0000     0.1401     1.4058     2.5803 1.7444e+03     3.5897     -0.664     -0.964    20.0508 0.0000e+00
     -0.678     -0.003     7.1250     76.342      3.623   3.259840     0.0000     0.1248     1.4058     2.5803 1.9421e+03     3.5897     -0.665     -0.964    20.0186 0.0000e+00
     -0.678     -0.003     7.0429     76.326      3.557   3.199501     0.0000     0.1134     1.4058     2.5803 1.9391e+03     3.6348     -0.665     -0.965    19.9935 0.0000e+00
     -0.679 -9.990e-29     6.9875 -9.990e-29 -9.990e-29 -9.990e-29     0.0000 -9.990e-29     1.4058     2.5803 1.9569e+03 -9.990e-29     -0.666     -0.965    19.9737 0.0000e+00
     -0.679 -9.990e-29     6.9577 -9.990e-29 -9.990e-29 -9.990e-29     0.0000 -9.990e-29    -0.2130    -1.0575 1.8030e+03 -9.990e-29     -0.666     -0.965    19.9584 0.0000e+00
     -0.679 -9.990e-29     6.9479 -9.990e-29 -9.990e-29 -9.990e-29     0.0000 -9.990e-29    -0.2130    -1.0575 1.4355e+03 -9.990e-29     -0.666     -0.965    19.9481 0.0000e+00
     -0.679 -9.990e-29     6.9470 -9.990e-29 -9.990e-29 -9.990e-29     0.0000 -9.990e-29    -0.2130    -1.0575 1.1069e+03 -9.990e-29     -0.666     -0.965    19.9443 0.0000e+00
