Data/DataNotYetUploadedToEDI/Raw_CTD/RawDownloads/052223_fcr50_S8188004.cnv
* Sea-Bird SBE19plus  Data File:
* FileName = C:\R\Reservoirs\Data\DataNotYetUploadedToEDI\Raw_CTD\RawDownloads\051623_fcr50_S8188_0004.hex
* Software version 2.8.0.119
* Temperature SN = 8188
* Conductivity SN = 8188
* System UpLoad Time = May 31 2023 16:44:37
* <ApplicationData>
* <Seaterm232>
# nquan = 16
# nvalues = 910                         
# units = specified
# name 0 = depFM: Depth [fresh water, m]
# name 1 = dz/dtM: Descent Rate [m/s]
# name 2 = sbeox0Mg/L: Oxygen, SBE 43 [mg/l]
# name 3 = sbeox0PS: Oxygen, SBE 43 [% saturation]
# name 4 = specc: Specific Conductance [uS/cm]
# name 5 = c0uS/cm: Conductivity [uS/cm]
# name 6 = wetCDOM: Fluorescence, WET Labs CDOM [mg/m^3]
# name 7 = flECO-AFL: Fluorescence, WET Labs ECO-AFL/FL [mg/m^3]
# name 8 = flECO-AFL1: Fluorescence, WET Labs ECO-AFL/FL, 2 [mg/m^3]
# name 9 = flECO-AFL2: Fluorescence, WET Labs ECO-AFL/FL, 3 [mg/m^3]
# name 10 = par/sat/log: PAR/Logarithmic, Satlantic
# name 11 = turbWETntu0: Turbidity, WET Labs ECO [NTU]
# name 12 = prdM: Pressure, Strain Gauge [db]
# name 13 = prdE: Pressure, Strain Gauge [psi]
# name 14 = tv290C: Temperature [ITS-90, deg C]
# name 15 = flag:  0.000e+00
# span 0 =     -0.616,      9.661       
# span 1 =     -0.397,      0.170       
# span 2 =    -2.5147,    17.4818       
# span 3 =    -22.197,    187.171       
# span 4 =      0.114,    422.789       
# span 5 =   0.110494, 294.853572       
# span 6 =    -4.5000,    31.8600       
# span 7 =    -2.4730,   245.2267       
# span 8 =    -3.9618,     2.0448       
# span 9 =    -4.1877,     5.4567       
# span 10 = 1.1585e-01, 2.2406e+03      
# span 11 =    -6.1198,   285.9458      
# span 12 =     -0.604,      9.474      
# span 13 =     -0.875,     13.741      
# span 14 =     9.8009,    23.8704      
# span 15 = 0.0000e+00, 0.0000e+00      
# interval = seconds: 0.25
# start_time = May 22 2023 13:05:01 [Instrument's time stamp, header]
# bad_flag = -9.990e-29
*END*
[from data line 362]
      2.463      0.061     8.7181     79.971     36.681  28.810839     3.9600     4.5423     0.0000     1.0998 3.5153e+01     1.5005      2.415      3.503    14.5138 0.0000e+00
      2.478      0.060     8.6083     78.343     36.708  28.793520     3.9600     4.5309     0.0000     1.0998 3.4487e+01     1.5005      2.431      3.525    14.4494 0.0000e+00
      2.493      0.059     8.4822     76.713     36.728  28.773023     3.9600     4.2486     0.0000     1.0998 3.3761e+01     1.5305      2.445      3.546    14.3857 0.0000e+00
      2.508      0.059     8.3422     75.143     36.747  28.753781     3.9600     4.2257     0.0000     1.0998 3.3287e+01     1.5907      2.460      3.567    14.3249 0.0000e+00
      2.523      0.058     8.1911     73.705     36.767  28.736599     3.9600     4.2028     0.0426     0.6768 3.2671e+01     1.4554      2.474      3.588    14.2682 0.0000e+00
      2.538      0.058     8.0336     72.462     36.777  28.712936     3.9600     4.2524     0.0426     0.6768 3.1934e+01     1.4704      2.489      3.609    14.2159 0.0000e+00
      2.553      0.058     7.8749     71.463     36.771  28.678460     3.9600     3.9816     0.0426     0.6768 3.1044e+01     1.4704      2.503      3.631    14.1670 0.0000e+00
      2.567      0.058     7.7218     70.721     36.761  28.641797     3.9600     3.9892     0.0426     0.6768 3.0582e+01     1.5606      2.518      3.652    14.1204 0.0000e+00
      2.582      0.058     7.5815     70.219     36.760  28.612966     3.8700     3.9892     0.0426     0.5922 3.0082e+01     1.5155      2.532      3.672    14.0757 0.0000e+00
      2.597      0.058     7.4608     69.928     36.770  28.592198     3.8700     3.9854     0.0426     0.5922 2.9480e+01     1.5606      2.546      3.693    14.0332 0.0000e+00
      2.611      0.059     7.3647     69.813     36.783  28.573955     3.8700     3.9968     0.0426     0.5922 2.9009e+01     1.4854      2.560      3.714    13.9927 0.0000e+00
      2.626      0.060     7.2947     69.825     36.794  28.553370     3.8700     4.2944     0.0426     0.5922 2.8404e+01     1.5005      2.575      3.735    13.9536 0.0000e+00
      2.641      0.061     7.2491     69.908     36.807  28.532872     3.8700     4.3020     0.0426     0.5922 2.7703e+01     1.5456      2.590      3.757    13.9152 0.0000e+00
      2.657      0.062     7.2253     70.004     36.836  28.522834     3.8700     4.3020     0.0426     0.5922 2.7102e+01     1.5155      2.606      3.779    13.8768 0.0000e+00
      2.673      0.063     7.2196     70.069     36.876  28.520578     3.8700     4.3020     0.0426     0.5922 2.6519e+01     1.4554      2.621      3.802    13.8379 0.0000e+00
      2.689      0.065     7.2273     70.071     36.906  28.509661     3.8700     4.3707     0.0426     0.5922 2.5680e+01     1.4554      2.637      3.825    13.7980 0.0000e+00
      2.706      0.066     7.2426     69.972     36.921  28.487172     3.8700     4.3440     0.0426     0.5922 2.5221e+01     1.5456      2.654      3.849    13.7565 0.0000e+00
      2.723      0.067     7.2595     69.728     36.934  28.462951     3.8700     4.3745     0.0426     0.5499 2.4976e+01     1.5305      2.670      3.873    13.7129 0.0000e+00
      2.740      0.068     7.2734     69.317     36.951  28.442417     3.8700     4.3325     0.0426     0.5499 2.4391e+01     1.5155      2.687      3.897    13.6677 0.0000e+00
      2.758      0.069     7.2810     68.744     36.977  28.428012     3.8700     4.2371     0.0426     0.5499 2.3945e+01     1.1698      2.704      3.922    13.6217 0.0000e+00
      2.775      0.070     7.2780     68.028     37.012  28.419855     3.8700     4.2104     0.0426     0.5499 2.3635e+01     1.2299      2.721      3.947    13.5754 0.0000e+00
      2.793      0.071     7.2600     67.208     37.052  28.415769     3.8700     4.2371     0.0852     0.4653 2.3162e+01     1.1999      2.739      3.972    13.5291 0.0000e+00
      2.811      0.071     7.2246     66.331     37.097  28.414663     3.8700     4.2295     0.0852     0.4653 2.2624e+01     1.1698      2.757      3.998    13.4831 0.0000e+00
      2.830      0.071     7.1721     65.422     37.138  28.412281     3.8700     3.5467     0.0852     0.4653 2.2133e+01     1.1848      2.775      4.025    13.4370 0.0000e+00
      2.848      0.071     7.1046     64.502     37.171  28.404027     3.8700     3.5657     0.0852     0.4653 2.1606e+01     1.1848      2.793      4.051    13.3902 0.0000e+00
      2.866      0.071     7.0263     63.592     37.199  28.391659     3.8700     3.5734     0.0426     0.4653 2.1451e+01     1.1999      2.811      4.077    13.3426 0.0000e+00
      2.884      0.070     6.9419     62.704     37.224  28.375837     3.8700     3.5619     0.0426     0.4653 2.1294e+01     1.1999      2.828      4.102    13.2952 0.0000e+00
      2.901      0.070     6.8537     61.839     37.249  28.360260     3.8700     2.7646     0.0426     0.4653 2.1027e+01     1.2149      2.845      4.127    13.2491 0.0000e+00
      2.919      0.070     6.7641     60.997     37.278  28.348693     3.8700     2.7456     0.0426     0.4653 2.0611e+01     1.2600      2.863      4.152    13.2042 0.0000e+00
      2.937      0.069     6.6754     60.173     37.304  28.338050     3.7800     2.7608     0.0426     0.4230 2.0225e+01     1.3051      2.880      4.178    13.1588 0.0000e+00
      2.955      0.069     6.5891     59.370     37.331  28.329450     3.7800     2.7379     0.0426     0.4230 1.9928e+01     1.1698      2.898      4.203    13.1121 0.0000e+00
      2.972      0.069     6.5050     58.602     37.359  28.320601     3.7800     2.2382     0.0426     0.4230 1.9794e+01     1.1999      2.915      4.228    13.0654 0.0000e+00
      2.990      0.069     6.4228     57.889     37.386  28.311121     3.7800     2.2573     0.0426     0.4230 1.9483e+01     1.1398      2.932      4.253    13.0209 0.0000e+00
      3.007      0.069     6.3419     57.243     37.426  28.310360     3.7800     2.2420     0.0426     0.4230 1.9339e+01     1.1999      2.949      4.277    12.9796 0.0000e+00
      3.024      0.069     6.2628     56.673     37.479  28.318115     3.7800     2.2954     0.0000     0.3384 1.9184e+01     1.2299      2.966      4.302    12.9401 0.0000e+00
      3.042      0.070     6.1873     56.171     37.531  28.324573     3.7800     2.0208     0.0000     0.3384 1.8936e+01     1.2901      2.983      4.327    12.9007 0.0000e+00
      3.060      0.070     6.1175     55.716     37.583  28.329476     3.7800     2.0093     0.0000     0.3384 1.8768e+01     1.1999      3.001      4.352    12.8605 0.0000e+00
      3.078      0.071     6.0549     55.279     37.639  28.338090     3.7800     2.0284     0.0000     0.3384 1.8477e+01     1.2600      3.019      4.378    12.8192 0.0000e+00
      3.096      0.071     6.0004     54.833     37.696  28.348750     3.7800     2.0284     0.0426     0.3807 1.8245e+01     1.2901      3.037      4.404    12.7764 0.0000e+00
      3.115      0.071     5.9532     54.351     37.748  28.356379     3.7800     1.7003     0.0426     0.3807 1.8021e+01     1.3502      3.055      4.430    12.7323 0.0000e+00
      3.133      0.070     5.9109     53.809     37.794  28.359051     3.7800     1.7080     0.0426     0.3807 1.7857e+01     1.5005      3.072      4.456    12.6872 0.0000e+00
      3.151      0.070     5.8705     53.216     37.833  28.357477     3.7800     1.7194     0.0426     0.3807 1.7687e+01     1.5456      3.090      4.481    12.6426 0.0000e+00
      3.168      0.069     5.8288     52.600     37.860  28.347276     3.8700     1.7003     0.0426     0.3807 1.7523e+01     1.4253      3.107      4.506    12.5993 0.0000e+00
      3.185      0.069     5.7830     51.985     37.875  28.329687     3.8700     1.5248     0.0426     0.3807 1.7356e+01     1.4253      3.124      4.531    12.5571 0.0000e+00
      3.203      0.069     5.7307     51.403     37.890  28.315857     3.8700     1.5096     0.0426     0.3807 1.7206e+01     1.4253      3.141      4.555    12.5155 0.0000e+00
      3.220      0.070     5.6728     50.890     37.911  28.310016     3.8700     1.5477     0.0426     0.3807 1.7057e+01     1.5756      3.158      4.580    12.4743 0.0000e+00
      3.238      0.071     5.6123     50.469     37.939  28.306648     3.8700     1.5287     0.0426     0.2538 1.6927e+01     1.4103      3.175      4.605    12.4339 0.0000e+00
      3.256      0.074     5.5515     50.160     37.972  28.296935     3.8700     1.3837     0.0426     0.2538 1.6898e+01     1.2450      3.193      4.631    12.3960 0.0000e+00
      3.274      0.077     5.4934     49.969     38.014  28.280267     3.8700     1.4028     0.0426     0.2538 1.6799e+01     1.4103      3.211      4.657    12.3631 0.0000e+00
      3.294      0.081     5.4422     49.864     38.069  28.262094     3.8700     1.3684     0.0426     0.2538 1.6556e+01     1.2299      3.230      4.685    12.3345 0.0000e+00
      3.315      0.084     5.4011     49.818     38.137  28.249449     3.8700     1.3799     0.0426     0.2538 1.6342e+01     1.1698      3.251      4.715    12.3026 0.0000e+00
      3.338      0.088     5.3736     49.822     38.217  28.246875     3.7800     1.2349     0.0426     0.2115 1.5904e+01     1.2600      3.273      4.747    12.2577 0.0000e+00
      3.361      0.090     5.3608     49.871     38.295  28.245765     3.7800     1.2082     0.0426     0.2115 1.5549e+01     1.2750      3.296      4.781    12.1948 0.0000e+00
      3.385      0.092     5.3590     49.952     38.364  28.239882     3.7800     1.2082     0.0426     0.2115 1.5394e+01     1.2600      3.319      4.814    12.1176 0.0000e+00
      3.409      0.093     5.3641     50.065     38.422  28.227654     3.7800     1.2006     0.0426     0.2115 1.5218e+01     1.1398      3.343      4.848    12.0352 0.0000e+00
      3.433      0.093     5.3745     50.215     38.465  28.207798     3.6900     1.1586     0.0426     0.2538 1.4904e+01     0.8692      3.366      4.882    11.9546 0.0000e+00
      3.457      0.093     5.3892     50.405     38.505  28.188878     3.6900     1.1357     0.0426     0.2538 1.4647e+01     1.0646      3.390      4.916    11.8776 0.0000e+00
      3.481      0.092     5.4072     50.627     38.547  28.175745     3.6900     1.1548     0.0426     0.2538 1.4416e+01     1.0195      3.413      4.950    11.8032 0.0000e+00
      3.504      0.091     5.4283     50.858     38.586  28.164897     3.6900     1.1396     0.0426     0.2538 1.4152e+01     0.9594      3.436      4.984    11.7317 0.0000e+00
      3.527      0.090     5.4529     51.080     38.626  28.157398     3.6000     1.0671     0.0426     0.2115 1.4051e+01     0.9894      3.459      5.017    11.6644 0.0000e+00
      3.550      0.089     5.4813     51.294     38.670  28.155208     3.6000     1.0976     0.0426     0.2115 1.3860e+01     1.0045      3.481      5.049    11.6022 0.0000e+00
      3.572      0.089     5.5126     51.516     38.713  28.153781     3.6000     1.0862     0.0426     0.2115 1.3690e+01     1.0045      3.503      5.081    11.5454 0.0000e+00
      3.595      0.089     5.5445     51.760     38.750  28.148778     3.6000     1.1014     0.0426     0.2115 1.3592e+01     0.9594      3.525      5.113    11.4936 0.0000e+00
      3.617      0.089     5.5748     52.042     38.786  28.142821     3.6000     0.9641     0.0426     0.2538 1.3460e+01     1.3351      3.547      5.144    11.4460 0.0000e+00
      3.639      0.091     5.6038     52.365     38.825  28.138282     3.6000     0.9641     0.0426     0.2538 1.3176e+01     1.1848      3.569      5.177    11.4018 0.0000e+00
      3.662      0.093     5.6334     52.718     38.875  28.137909     3.6000     0.9832     0.0426     0.2538 1.3042e+01     1.1398      3.592      5.209    11.3598 0.0000e+00
      3.686      0.095     5.6655     53.076     38.940  28.145562     3.6000     0.9717     0.0426     0.2538 1.2890e+01     1.1698      3.615      5.243    11.3188 0.0000e+00
      3.710      0.098     5.7018     53.414     39.020  28.159319     3.6000     0.8878     0.0426     0.2538 1.2621e+01     1.2750      3.639      5.277    11.2776 0.0000e+00
      3.736      0.101     5.7429     53.712     39.104  28.170970     3.5100     0.9145     0.0000     0.2538 1.2433e+01     1.2299      3.664      5.313    11.2346 0.0000e+00
      3.762      0.104     5.7878     53.970     39.184  28.175700     3.5100     0.8954     0.0000     0.2538 1.2238e+01     1.2750      3.689      5.351    11.1881 0.0000e+00
      3.789      0.106     5.8341     54.217     39.266  28.178728     3.5100     0.8992     0.0000     0.2538 1.1972e+01     1.3953      3.716      5.389    11.1371 0.0000e+00
      3.817      0.108     5.8789     54.505     39.339  28.174920     3.5100     0.8687     0.0000     0.2538 1.1707e+01     1.2299      3.743      5.429    11.0810 0.0000e+00
      3.845      0.109     5.9201     54.906     39.390  28.157319     3.6000     0.8306     0.0426     0.2115 1.1415e+01     1.1398      3.771      5.469    11.0191 0.0000e+00
      3.874      0.109     5.9580     55.491     39.432  28.135088     3.6000     0.8496     0.0426     0.2115 1.1187e+01     1.1698      3.799      5.510    10.9515 0.0000e+00
      3.901      0.108     5.9953     56.315     39.478  28.116158     3.6000     0.8382     0.0426     0.2115 1.0985e+01     1.2901      3.826      5.549    10.8804 0.0000e+00
      3.929      0.107     6.0372     57.410     39.532  28.103397     3.6000     0.8420     0.0426     0.2115 1.0777e+01     1.5606      3.853      5.588    10.8091 0.0000e+00
      3.955      0.107     6.0916     58.802     39.593  28.093401     3.6000     0.8420     0.0000     0.1692 1.0718e+01     1.4854      3.879      5.626    10.7399 0.0000e+00
      3.982      0.108     6.1664     60.531     39.659  28.083504     3.6000     0.8496     0.0000     0.1692 1.0552e+01     1.4554      3.905      5.664    10.6731 0.0000e+00
      4.009      0.109     6.2677     62.666     39.738  28.078985     3.6000     0.8229     0.0000     0.1692 1.0370e+01     1.4854      3.932      5.702    10.6081 0.0000e+00
      4.037      0.110     6.3997     65.303     39.818  28.074675     3.6000     0.8039     0.0000     0.1692 1.0127e+01     1.4854      3.959      5.742    10.5432 0.0000e+00
      4.065      0.112     6.5656     68.578     39.885  28.065463     3.5100     0.8000     0.0000     0.0846 9.9075e+00     1.4404      3.987      5.782    10.4759 0.0000e+00
      4.094      0.112     6.7704     72.639     39.939  28.056811     3.5100     0.7848     0.0000     0.0846 9.6106e+00     1.5305      4.015      5.824    10.4042 0.0000e+00
      4.124      0.112     7.0220     77.582     39.983  28.050368     3.5100     0.8077     0.0000     0.0846 9.2661e+00     1.5305      4.044      5.866    10.3282 0.0000e+00
      4.153      0.111     7.3309     83.385     40.021  28.048376     3.5100     0.8153     0.0000     0.0846 9.0650e+00     1.6959      4.073      5.908    10.2518 0.0000e+00
      4.182      0.108     7.7112     89.872     40.055  28.050303     3.5100     0.8458     0.0000     0.0846 8.9223e+00     1.7860      4.101      5.948    10.1815 0.0000e+00
      4.209      0.105     8.1789     96.722     40.083  28.052703     3.4200     0.8573     0.0426     0.0846 8.8048e+00     1.8161      4.127      5.987    10.1226 0.0000e+00
      4.235      0.102     8.7446    103.520     40.108  28.056215     3.4200     0.8420     0.0426     0.0846 8.6099e+00     1.7710      4.153      6.024    10.0762 0.0000e+00
      4.261      0.098     9.4061    109.821     40.126  28.057815     3.4200     0.7733     0.0426     0.0846 8.3338e+00     1.6808      4.178      6.060    10.0403 0.0000e+00
      4.286      0.095    10.1438    115.227     40.141  28.057930     3.4200     0.7886     0.0426     0.0846 8.2152e+00     1.7560      4.203      6.096    10.0126 0.0000e+00
