Data/DataNotYetUploadedToEDI/Raw_CTD/RawDownloads/052322_fcr50_0007.cnv
* Sea-Bird SBE19plus  Data File:
* FileName = C:\R\Reservoirs\Data\DataNotYetUploadedToEDI\Raw_CTD\RawDownloads\051722_bvr01_0007.hex
* Software version 2.8.0.119
* Temperature SN = 7809
* Conductivity SN = 7809
* System UpLoad Time = May 24 2022 16:19:47
* <ApplicationData>
* <Seaterm232>
# nquan = 15
# nvalues = 3869                        
# units = specified
# name 0 = depFM: Depth [fresh water, m]
# name 1 = dz/dtM: Descent Rate [m/s]
# name 2 = sbeox0Mg/L: Oxygen, SBE 43 [mg/l]
# name 3 = sbeox0PS: Oxygen, SBE 43 [% saturation]
# name 4 = specc: Specific Conductance [uS/cm]
# name 5 = c0uS/cm: Conductivity [uS/cm]
# name 6 = flECO-AFL: Fluorescence, WET Labs ECO-AFL/FL [mg/m^3]
# name 7 = ph: pH
# name 8 = orp: Oxidation Reduction Potential [mV]
# name 9 = par/sat/log: PAR/Logarithmic, Satlantic
# name 10 = turbWETntu0: Turbidity, WET Labs ECO [NTU]
# name 11 = prdM: Pressure, Strain Gauge [db]
# name 12 = prdE: Pressure, Strain Gauge [psi]
# name 13 = tv290C: Temperature [ITS-90, deg C]
# name 14 = flag:  0.000e+00
# span 0 =     -0.612,      9.758       
# span 1 =     -0.594,      0.151       
# span 2 =     0.0648,    13.0499       
# span 3 =      0.571,    143.937       
# span 4 =      0.231,    469.383       
# span 5 =   0.195060, 317.377446       
# span 6 =    -0.1587,    89.6372       
# span 7 =      6.157,      9.611       
# span 8 =    65.2791,   807.7559       
# span 9 = 1.2362e-01, 6.8633e+02       
# span 10 =    -0.3596,   352.7285      
# span 11 =     -0.601,      9.570      
# span 12 =     -0.871,     13.880      
# span 13 =     8.7997,    23.5383      
# span 14 = 0.0000e+00, 0.0000e+00      
# interval = seconds: 0.25
# start_time = May 23 2022 11:07:57 [Instrument's time stamp, header]
# bad_flag = -9.990e-29
*END*
[from data line 1157]
      1.885      0.009    12.0901    129.575     39.155  34.355867     8.3209      9.602   154.0003 1.9698e+01     9.0563      1.851      2.684    18.8925 0.0000e+00
      1.888      0.007    12.0654    129.425     39.191  34.379702     8.3039      9.603   153.6600 1.9660e+01     9.1255      1.852      2.686    18.8839 0.0000e+00
      1.888      0.006    12.0601    129.182     39.183  34.363124     8.2988      9.603   153.2331 1.9643e+01     9.1446      1.851      2.685    18.8762 0.0000e+00
      1.888      0.006    12.0562    128.912     39.103  34.282226     8.2929      9.603   153.0549 1.9633e+01     9.1851      1.852      2.686    18.8770 0.0000e+00
      1.888      0.007    12.0514    128.673     39.055  34.225854     8.2741      9.603   153.1399 1.9608e+01     9.2058      1.852      2.686    18.8698 0.0000e+00
      1.889      0.007    12.0438    128.469     39.103  34.252171     8.2552      9.603   153.3997 1.9527e+01     9.1896      1.852      2.685    18.8572 0.0000e+00
      1.893      0.008    12.0192    128.325     39.155  34.283370     8.2470      9.603   153.7017 1.9388e+01     9.1596      1.856      2.692    18.8456 0.0000e+00
      1.898      0.008    11.9953    128.294     39.172  34.286027     8.2660      9.604   153.6932 1.9288e+01     9.1514      1.862      2.701    18.8333 0.0000e+00
      1.901      0.007    11.9787    128.378     39.178  34.284276     8.3101      9.605   153.4707 1.9255e+01     9.1920      1.864      2.703    18.8137 0.0000e+00
      1.901      0.007    11.9639    128.514     39.159  34.262192     8.3314      9.606   153.5056 1.9241e+01     9.2065      1.864      2.703    18.7926 0.0000e+00
      1.901      0.008    11.9528    128.667     39.112  34.209225     8.3231      9.606   153.6851 1.9232e+01     9.1555      1.864      2.703    18.7743 0.0000e+00
      1.901      0.009    11.9536    128.830     39.067  34.151099     8.3178      9.607   153.7485 1.9185e+01     9.1571      1.864      2.703    18.7542 0.0000e+00
      1.903      0.010    11.9672    129.000     39.062  34.130025     8.3341      9.608   154.0985 1.9069e+01     9.1920      1.866      2.706    18.7483 0.0000e+00
      1.908      0.011    11.9803    129.133     39.093  34.144621     8.3630      9.608   154.6478 1.8939e+01     9.1326      1.872      2.715    18.7467 0.0000e+00
      1.913      0.011    11.9991    129.156     39.095  34.137344     8.3756      9.608   154.7113 1.8823e+01     9.0199      1.877      2.722    18.7308 0.0000e+00
      1.917      0.010    12.0203    129.041     39.069  34.105439     8.3699      9.609   154.5233 1.8739e+01     8.9221      1.880      2.727    18.7039 0.0000e+00
      1.919      0.008    12.0433    128.824     39.046  34.075880     8.3271      9.609   154.3529 1.8714e+01     8.9071      1.882      2.730    18.6793 0.0000e+00
      1.919      0.007    12.0627    128.534     39.005  34.033565     8.2506      9.609   154.1130 1.8693e+01     8.9748      1.882      2.730    18.6656 0.0000e+00
      1.919      0.007    12.0682    128.161     38.933  33.974231     8.2095      9.609   154.4632 1.8651e+01     9.0233      1.882      2.730    18.6554 0.0000e+00
      1.920      0.008    12.0584    127.712     38.860  33.929143     8.2050      9.609   155.3178 1.8602e+01     9.0156      1.883      2.731    18.6444 0.0000e+00
      1.923      0.008    12.0395    127.226     38.837  33.932273     8.1960      9.609   155.6689 1.8512e+01     8.9495      1.885      2.735    18.6301 0.0000e+00
      1.926      0.008    12.0182    126.784     38.833  33.948706     8.1919      9.608   155.4393 1.8373e+01     8.9076      1.889      2.740    18.6171 0.0000e+00
      1.930      0.008    11.9808    126.427     38.804  33.937635     8.1974      9.608   155.1228 1.8265e+01     8.9529      1.894      2.746    18.6197 0.0000e+00
      1.933      0.007    11.9320    126.123     38.784  33.925241     8.1958      9.609   155.0262 1.8217e+01     8.9851      1.896      2.750    18.6492 0.0000e+00
      1.933      0.005    11.8740    125.841     38.789  33.925667     8.2059      9.609   155.2170 1.8180e+01     8.8870      1.896      2.750    18.6841 0.0000e+00
      1.933      0.005    11.8250    125.582     38.750  33.879378     8.2364      9.610   155.6235 1.8157e+01     8.7574      1.896      2.749    18.7081 0.0000e+00
      1.933      0.006    11.7899    125.391     38.636  33.745983     8.2563      9.611   155.8970 1.8157e+01     8.7501      1.896      2.750    18.7282 0.0000e+00
      1.933      0.009    11.7589    125.252     38.604  33.644263     8.2634      9.611   155.9421 1.8123e+01     8.7988      1.895      2.749    18.7376 0.0000e+00
      1.936      0.011    11.7366    125.097     38.730  33.663887     8.2638      9.611   155.9114 1.7976e+01     8.7993      1.896      2.750    18.7289 0.0000e+00
      1.942      0.012    11.7115    124.896     38.881  33.729516     8.3027      9.611   155.7834 1.7767e+01     8.7905      1.904      2.761    18.7163 0.0000e+00
      1.948      0.013    11.7004    124.643     38.935  33.740235     8.3850      9.610   155.5990 1.7650e+01     8.7949      1.911      2.773    18.6925 0.0000e+00
      1.951      0.015    11.7167    124.350     38.885  33.666634     8.4344      9.609   155.5751 1.7612e+01     8.7841      1.913      2.775    18.5841 0.0000e+00
      1.951      0.015    11.7382    124.056     38.851  33.600441     8.4500      9.608   155.8391 1.7547e+01     8.7967      1.913      2.775    18.4349 0.0000e+00
      1.954      0.014    11.7383    123.788     38.861  33.573897     8.4573      9.608   156.0377 1.7401e+01     8.8453      1.914      2.777    18.3559 0.0000e+00
      1.959      0.014    11.7217    123.534     38.845  33.535857     8.4648      9.608   156.2553 1.7196e+01     8.9272      1.921      2.786    18.3246 0.0000e+00
      1.965      0.014    11.7008    123.317     38.847  33.520908     8.4821      9.607   156.5763 1.7045e+01     9.0012      1.929      2.797    18.2919 0.0000e+00
      1.969      0.013    11.6840    123.128     38.860  33.519947     8.5081      9.605   156.3063 1.6957e+01     9.0229      1.931      2.800    18.2368 0.0000e+00
      1.972      0.012    11.6740    122.918     38.800  33.460808     8.5799      9.604   155.5709 1.6867e+01     9.0527      1.933      2.804    18.1844 0.0000e+00
      1.974      0.011    11.6536    122.721     38.708  33.376503     8.6756      9.603   155.3430 1.6804e+01     9.1232      1.936      2.809    18.1602 0.0000e+00
      1.975      0.010    11.6375    122.585     38.660  33.324866     8.7085      9.600   155.5298 1.6761e+01     9.1914      1.936      2.809    18.1394 0.0000e+00
      1.977      0.010    11.6285    122.448     38.702  33.343689     8.7115      9.597   155.7643 1.6660e+01     9.2286      1.938      2.811    18.1210 0.0000e+00
      1.981      0.010    11.6075    122.244     38.805  33.413856     8.7291      9.595   155.6823 1.6529e+01     9.1295      1.942      2.817    18.1150 0.0000e+00
      1.985      0.010    11.5863    121.945     38.816  33.412372     8.7379      9.593   155.0555 1.6429e+01     8.8808      1.947      2.823    18.1114 0.0000e+00
      1.987      0.010    11.5802    121.525     38.721  33.325737     8.7335      9.590   154.6386 1.6381e+01     8.7150      1.950      2.827    18.0995 0.0000e+00
      1.989      0.010    11.5763    121.042     38.646  33.254005     8.7262      9.587   154.5131 1.6349e+01     8.7297      1.951      2.829    18.0732 0.0000e+00
      1.990      0.009    11.5623    120.589     38.641  33.242502     8.7414      9.585   154.5702 1.6275e+01     8.8878      1.951      2.829    18.0460 0.0000e+00
      1.992      0.009    11.5406    120.199     38.652  33.250053     8.7675      9.582   154.8989 1.6175e+01     9.0903      1.953      2.832    18.0328 0.0000e+00
      1.996      0.010    11.4987    119.920     38.615  33.218493     8.7838      9.580   155.0462 1.6084e+01     9.1632      1.958      2.840    18.0306 0.0000e+00
      1.999      0.013    11.4502    119.790     38.505  33.114524     8.7884      9.579   154.9752 1.6030e+01     9.1537      1.961      2.845    18.0216 0.0000e+00
      2.000      0.015    11.4119    119.685     38.412  33.007421     8.7242      9.577   155.0731 1.5990e+01     9.2482      1.961      2.844    18.0057 0.0000e+00
      2.002      0.016    11.3733    119.419     38.373  32.937934     8.6148      9.574   155.4547 1.5855e+01     9.3846      1.962      2.845    18.0060 0.0000e+00
      2.008      0.017    11.3418    118.986     38.298  32.844953     8.5635      9.572   155.8895 1.5621e+01     9.4019      1.968      2.854    18.0106 0.0000e+00
      2.016      0.020    11.3358    118.552     38.237  32.770797     8.5536      9.569   156.2008 1.5466e+01     9.3544      1.979      2.871    18.0070 0.0000e+00
      2.021      0.021    11.3438    118.169     38.224  32.738717     8.5541      9.565   156.6375 1.5383e+01     9.3226      1.983      2.875    17.9680 0.0000e+00
      2.025      0.021    11.3334    117.715     38.213  32.710658     8.6114      9.563   157.2116 1.5235e+01     9.2564      1.984      2.877    17.9063 0.0000e+00
      2.030      0.019    11.2912    117.160     38.196  32.685130     8.6974      9.561   157.3776 1.5055e+01     9.1345      1.990      2.886    17.8735 0.0000e+00
      2.036      0.016    11.2517    116.483     38.193  32.683650     8.7275      9.559   157.0956 1.4925e+01     9.0446      1.998      2.897    17.8487 0.0000e+00
      2.041      0.016    11.2329    115.691     38.195  32.692765     8.7251      9.557   156.8122 1.4856e+01     8.9556      2.003      2.906    17.8194 0.0000e+00
      2.044      0.015    11.1926    114.868     38.174  32.668546     8.7858      9.555   156.7911 1.4812e+01     8.6731      2.005      2.908    17.7927 0.0000e+00
      2.045      0.013    11.1451    114.000     38.177  32.644424     8.9030      9.553   157.2707 1.4722e+01     8.2935      2.005      2.908    17.7749 0.0000e+00
      2.048      0.011    11.0833    113.145     38.221  32.654676     8.9688      9.551   157.9655 1.4558e+01     8.1231      2.007      2.911    17.7774 0.0000e+00
      2.053      0.011    10.9936    112.490     38.248  32.665665     8.9653      9.549   158.0506 1.4430e+01     8.0820      2.014      2.921    17.8006 0.0000e+00
      2.057      0.011    10.9211    112.076     38.232  32.650461     8.9519      9.549   157.7834 1.4390e+01     8.0695      2.018      2.927    17.7999 0.0000e+00
      2.059      0.010    10.8489    111.822     38.180  32.597651     8.9565      9.548   157.8321 1.4368e+01     8.1766      2.018      2.927    17.7475 0.0000e+00
      2.060      0.009    10.7668    111.712     38.131  32.534355     8.9713      9.546   157.8647 1.4336e+01     8.2844      2.020      2.929    17.7035 0.0000e+00
      2.062      0.007    10.7062    111.764     38.143  32.519143     8.9809      9.546   157.9195 1.4269e+01     8.3138      2.021      2.932    17.6929 0.0000e+00
      2.065      0.006    10.6709    111.925     38.188  32.540494     8.9645      9.546   158.3227 1.4194e+01     8.3614      2.025      2.937    17.6988 0.0000e+00
      2.067      0.006    10.6468    112.108     38.193  32.538885     8.9230      9.545   158.6954 1.4151e+01     8.4159      2.027      2.941    17.6956 0.0000e+00
      2.068      0.006    10.6426    112.243     38.148  32.499680     8.9043      9.544   158.8134 1.4109e+01     8.4598      2.028      2.941    17.6586 0.0000e+00
      2.069      0.006    10.6593    112.309     38.093  32.446871     8.9126      9.543   158.6308 1.4068e+01     8.5512      2.029      2.942    17.6165 0.0000e+00
      2.069      0.006    10.6827    112.338     38.067  32.407585     8.9154      9.542   158.2941 1.4034e+01     8.5645      2.029      2.942    17.5951 0.0000e+00
      2.070      0.006    10.7038    112.355     38.093  32.405065     8.9630      9.540   158.2699 1.3965e+01     8.4832      2.029      2.943    17.5901 0.0000e+00
      2.072      0.006    10.7166    112.282     38.132  32.416366     9.0631      9.538   158.5961 1.3868e+01     8.4563      2.032      2.947    17.5939 0.0000e+00
      2.075      0.006    10.7224    112.032     38.149  32.417394     9.1193      9.537   158.8821 1.3795e+01     8.4788      2.035      2.952    17.5917 0.0000e+00
      2.077      0.006    10.7278    111.646     38.154  32.417488     9.1345      9.537   159.0614 1.3751e+01     8.5164      2.037      2.955    17.5662 0.0000e+00
      2.077      0.007    10.7423    111.241     38.152  32.417497     9.1390      9.537   159.3015 1.3709e+01     8.4666      2.037      2.955    17.5267 0.0000e+00
      2.077      0.007    10.7469    110.895     38.148  32.417498     9.1328      9.536   159.4615 1.3661e+01     8.3546      2.037      2.955    17.4967 0.0000e+00
      2.079      0.007    10.7241    110.587     38.144  32.417505     9.1336      9.535   159.2752 1.3591e+01     8.2905      2.038      2.956    17.4796 0.0000e+00
      2.082      0.006    10.6833    110.311     38.142  32.417583     9.1318      9.534   158.8561 1.3496e+01     8.2377      2.042      2.961    17.4756 0.0000e+00
      2.085      0.006    10.6399    110.146     38.145  32.418440     9.1028      9.532   158.6956 1.3422e+01     8.2636      2.046      2.967    17.4814 0.0000e+00
      2.087      0.005    10.6077    110.101     38.160  32.427867     9.0492      9.532   158.7113 1.3394e+01     8.3633      2.047      2.969    17.4845 0.0000e+00
      2.087      0.005    10.5796    110.113     38.136  32.404758     9.0165      9.531   158.7028 1.3389e+01     8.4524      2.047      2.970    17.4890 0.0000e+00
      2.087      0.007    10.5464    110.238     38.052  32.329229     9.0242      9.529   158.8505 1.3383e+01     8.5209      2.047      2.969    17.4942 0.0000e+00
      2.087      0.010    10.5306    110.563     38.008  32.275461     9.0997      9.526   158.9481 1.3358e+01     8.6454      2.047      2.969    17.4916 0.0000e+00
      2.088      0.014    10.5336    111.008     38.036  32.261850     9.2142      9.522   159.0226 1.3282e+01     8.8299      2.047      2.969    17.4847 0.0000e+00
      2.093      0.017    10.5318    111.414     38.051  32.228008     9.2519      9.518   159.4070 1.3089e+01     8.9077      2.050      2.973    17.4812 0.0000e+00
      2.101      0.020    10.5377    111.731     38.043  32.183232     9.2389      9.514   159.8103 1.2856e+01     8.9378      2.061      2.989    17.4827 0.0000e+00
      2.110      0.022    10.5766    111.987     38.054  32.164216     9.2738      9.511   160.0265 1.2734e+01     8.8858      2.072      3.006    17.4667 0.0000e+00
      2.114      0.022    10.6394    112.188     38.036  32.124860     9.3320      9.508   160.3002 1.2679e+01     8.6546      2.074      3.008    17.4097 0.0000e+00
      2.117      0.020    10.6949    112.316     38.014  32.087752     9.3524      9.505   160.5387 1.2599e+01     8.4988      2.076      3.011    17.3387 0.0000e+00
      2.122      0.017    10.7337    112.337     38.029  32.095924     9.3538      9.502   160.6734 1.2480e+01     8.4717      2.081      3.019    17.2901 0.0000e+00
      2.127      0.015    10.7659    112.191     38.018  32.096863     9.3815      9.499   160.8105 1.2370e+01     8.4636      2.087      3.027    17.2571 0.0000e+00
      2.132      0.015    10.7938    111.860     37.995  32.099116     9.4217      9.495   160.8193 1.2320e+01     8.5029      2.092      3.035    17.2244 0.0000e+00
      2.135      0.014    10.8126    111.411     37.990  32.123193     9.4319      9.491   160.7803 1.2285e+01     8.5372      2.094      3.037    17.1948 0.0000e+00
      2.137      0.013    10.8200    110.940     37.973  32.134413     9.4219      9.488   160.8555 1.2214e+01     8.5028      2.094      3.038    17.1864 0.0000e+00
      2.140      0.013    10.8033    110.546     37.919  32.108002     9.4172      9.484   160.9538 1.2121e+01     8.4622      2.099      3.044    17.2038 0.0000e+00
