Data/DataNotYetUploadedToEDI/Raw_CTD/RawDownloads/052322_bvr50_0006.cnv
* Sea-Bird SBE19plus  Data File:
* FileName = C:\R\Reservoirs\Data\DataNotYetUploadedToEDI\Raw_CTD\RawDownloads\051722_bvr01_0006.hex
* Software version 2.8.0.119
* Temperature SN = 7809
* Conductivity SN = 7809
* System UpLoad Time = May 24 2022 16:18:11
* <ApplicationData>
* <Seaterm232>
# nquan = 15
# nvalues = 1160                        
# units = specified
# name 0 = depFM: Depth [fresh water, m]
# name 1 = dz/dtM: Descent Rate [m/s]
# name 2 = sbeox0Mg/L: Oxygen, SBE 43 [mg/l]
# name 3 = sbeox0PS: Oxygen, SBE 43 [% saturation]
# name 4 = specc: Specific Conductance [uS/cm]
# name 5 = c0uS/cm: Conductivity [uS/cm]
# name 6 = flECO-AFL: Fluorescence, WET Labs ECO-AFL/FL [mg/m^3]
# name 7 = ph: pH
# name 8 = orp: Oxidation Reduction Potential [mV]
# name 9 = par/sat/log: PAR/Logarithmic, Satlantic
# name 10 = turbWETntu0: Turbidity, WET Labs ECO [NTU]
# name 11 = prdM: Pressure, Strain Gauge [db]
# name 12 = prdE: Pressure, Strain Gauge [psi]
# name 13 = tv290C: Temperature [ITS-90, deg C]
# name 14 = flag:  0.000e+00
# span 0 =     -0.698,      9.225       
# span 1 =     -0.207,      0.221       
# span 2 =     0.0466,     9.2335       
# span 3 =      0.433,    105.836       
# span 4 =      1.090,     80.320       
# span 5 =   1.010975,  55.193928       
# span 6 =    -0.1588,     8.4419       
# span 7 =      6.191,      8.904       
# span 8 =   -79.6056,   397.1202       
# span 9 = 1.2363e-01, 2.1557e+02       
# span 10 =    -0.3164,    12.6928      
# span 11 =     -0.685,      9.047      
# span 12 =     -0.993,     13.122      
# span 13 =     9.3385,    24.3741      
# span 14 = 0.0000e+00, 0.0000e+00      
# interval = seconds: 0.25
# start_time = May 23 2022 09:49:23 [Instrument's time stamp, header]
# bad_flag = -9.990e-29
*END*
[from data line 868]
      7.826     -0.139     0.0596      0.478     64.413  44.662487     1.2531      6.796   -72.5915 1.2376e-01     1.6686      7.676     11.132     9.6536 0.0000e+00
      7.782     -0.145     0.0594      0.483     64.300  44.586580     1.2624      6.798   -72.8962 1.2376e-01     1.7041      7.629     11.065     9.6557 0.0000e+00
      7.743     -0.148     0.0601      0.484     64.205  44.522908     1.2579      6.800   -73.1111 1.2392e-01     1.6872      7.592     11.013     9.6591 0.0000e+00
      7.707     -0.147     0.0564      0.470     64.206  44.527051     1.2496      6.802   -73.1241 1.2551e-01     1.6013      7.559     10.964     9.6639 0.0000e+00
      7.670     -0.142     0.0521      0.457     64.176  44.509789     1.2613      6.804   -73.1400 1.2708e-01     1.5874      7.520     10.907     9.6674 0.0000e+00
      7.633     -0.140     0.0559      0.465     63.981  44.377643     1.2911      6.804   -73.2171 1.2741e-01     1.6559      7.483     10.855     9.6682 0.0000e+00
      7.600     -0.142     0.0556      0.494     63.623  44.134664     1.3110      6.806   -73.2826 1.2749e-01     1.7463      7.454     10.811     9.6698 0.0000e+00
      7.567     -0.145     0.0532      0.511     63.302  43.919244     1.3099      6.809   -73.4154 1.2574e-01     1.7592      7.423     10.766     9.6733 0.0000e+00
      7.530     -0.147     0.0514      0.511     63.120  43.803097     1.3192      6.812   -73.6187 1.2397e-01     1.6751      7.386     10.714     9.6752 0.0000e+00
      7.489     -0.148     0.0512      0.502     62.745  43.555063     1.3489      6.813   -73.6750 1.2410e-01     1.6176      7.346     10.654     9.6774 0.0000e+00
      7.447     -0.149     0.0572      0.486     62.220  43.204049     1.3691      6.814   -73.5801 1.2746e-01     1.6440      7.302     10.590     9.6817 0.0000e+00
      7.408     -0.145     0.0587      0.484     62.158  43.174968     1.3806      6.815   -73.5900 1.3191e-01     1.7209      7.262     10.533     9.6875 0.0000e+00
      7.373     -0.137     0.0576      0.486     62.183  43.203480     1.3791      6.817   -73.8806 1.3341e-01     1.7279      7.231     10.488     9.6955 0.0000e+00
      7.338     -0.125     0.0584      0.464     61.578  42.787561     1.3765      6.819   -74.2542 1.3411e-01     1.6597      7.196     10.438     9.7053 0.0000e+00
      7.306     -0.115     0.0541      0.453     60.826  42.269442     1.3905      6.821   -74.4080 1.3644e-01     1.6478      7.161     10.387     9.7158 0.0000e+00
      7.278     -0.108     0.0541      0.464     60.624  42.140637     1.4074      6.822   -74.2765 1.4387e-01     1.6873      7.135     10.348     9.7287 0.0000e+00
      7.256     -0.105     0.0578      0.464     60.756  42.245177     1.4307      6.823   -74.2130 1.5094e-01     1.7271      7.116     10.320     9.7401 0.0000e+00
      7.236     -0.105     0.0516      0.461     60.683  42.201339     1.4305      6.825   -74.4155 1.5409e-01     1.7183      7.098     10.295     9.7400 0.0000e+00
      7.210     -0.107     0.0496      0.472     60.373  41.991194     1.3960      6.827   -74.5739 1.5804e-01     1.6500      7.072     10.259     9.7398 0.0000e+00
      7.179     -0.112     0.0544      0.477     60.265  41.924513     1.3730      6.828   -74.7513 1.6226e-01     1.6185      7.041     10.213     9.7537 0.0000e+00
      7.147     -0.120     0.0531      0.479     60.585  42.156318     1.3685      6.829   -75.0114 1.7080e-01     1.6446      7.008     10.165     9.7666 0.0000e+00
      7.116     -0.129     0.0505      0.479     60.901  42.383458     1.3832      6.831   -75.2243 1.7640e-01     1.6585      6.978     10.119     9.7696 0.0000e+00
      7.086     -0.138     0.0549      0.462     60.449  42.070061     1.4096      6.833   -75.4327 1.7300e-01     1.6155      6.950     10.079     9.7729 0.0000e+00
      7.052     -0.146     0.0541      0.449     59.502  41.411805     1.4208      6.835   -75.6382 1.7862e-01     1.5692      6.917     10.034     9.7805 0.0000e+00
      7.012     -0.153     0.0537      0.458     59.110  41.148381     1.4276      6.837   -75.9025 1.8657e-01     1.5764      6.877      9.975     9.7895 0.0000e+00
      6.969     -0.159     0.0561      0.474     59.119  41.168625     1.4661      6.840   -76.2195 1.9080e-01     1.6348      6.835      9.913     9.7971 0.0000e+00
      6.924     -0.160     0.0516      0.483     58.982  41.085719     1.5289      6.840   -76.4588 2.0805e-01     1.6946      6.790      9.848     9.7966 0.0000e+00
      6.880     -0.156     0.0499      0.485     58.800  40.970576     1.5539      6.842   -76.7305 2.2250e-01     1.6840      6.745      9.784     9.7921 0.0000e+00
      6.839     -0.148     0.0516      0.488     58.618  40.854780     1.5436      6.844   -77.1818 2.2320e-01     1.6777      6.705      9.725     9.8026 0.0000e+00
      6.802     -0.138     0.0544      0.498     58.478  40.763947     1.5712      6.846   -77.5273 2.2470e-01     1.7206      6.670      9.673     9.8181 0.0000e+00
      6.770     -0.131     0.0549      0.507     58.558  40.823773     1.6379      6.847   -77.5532 2.2485e-01     1.7581      6.638      9.627     9.8257 0.0000e+00
      6.740     -0.126     0.0553      0.506     58.636  40.880406     1.6757      6.848   -77.4941 2.2203e-01     1.7566      6.609      9.584     9.8368 0.0000e+00
      6.713     -0.123     0.0544      0.494     58.358  40.687540     1.6710      6.849   -77.5876 2.2644e-01     1.6684      6.583      9.547     9.8477 0.0000e+00
      6.685     -0.120     0.0566      0.481     57.936  40.394717     1.6556      6.852   -77.8236 2.3067e-01     1.5798      6.559      9.511     9.8524 0.0000e+00
      6.651     -0.117     0.0579      0.479     57.734  40.257630     1.6471      6.854   -78.0245 2.3662e-01     1.6067      6.524      9.462     9.8561 0.0000e+00
      6.615     -0.112     0.0576      0.475     57.694  40.235178     1.6514      6.856   -78.0379 2.5014e-01     1.6867      6.485      9.405     9.8577 0.0000e+00
      6.584     -0.108     0.0566      0.478     57.527  40.123259     1.6583      6.856   -77.8992 2.5913e-01     1.6928      6.454      9.361     9.8570 0.0000e+00
      6.560     -0.103     0.0531      0.486     57.137  39.855843     1.6633      6.856   -77.7242 2.7501e-01     1.6464      6.432      9.329     9.8583 0.0000e+00
      6.541     -0.097     0.0550      0.472     56.675  39.538944     1.6708      6.858   -77.6426 2.9371e-01     1.6715      6.416      9.304     9.8618 0.0000e+00
      6.519     -0.092     0.0534      0.457     56.284  39.272674     1.6735      6.860   -77.6869 2.8837e-01     1.7233      6.396      9.276     9.8671 0.0000e+00
      6.493     -0.088     0.0531      0.477     55.860  38.983141     1.6714      6.861   -77.7429 2.8131e-01     1.7266      6.368      9.237     9.8722 0.0000e+00
      6.467     -0.087     0.0567      0.494     55.447  38.702028     1.6702      6.861   -77.8042 2.9681e-01     1.7112      6.340      9.194     9.8741 0.0000e+00
      6.444     -0.088     0.0541      0.482     55.380  38.664399     1.6671      6.862   -77.9118 3.0860e-01     1.7422      6.317      9.162     9.8791 0.0000e+00
      6.427     -0.090     0.0485      0.477     55.626  38.845301     1.6672      6.862   -78.0117 3.0470e-01     1.8626      6.303      9.142     9.8868 0.0000e+00
      6.409     -0.093     0.0544      0.483     55.728  38.923195     1.6717      6.862   -77.9796 3.0829e-01     1.9713      6.288      9.120     9.8910 0.0000e+00
      6.385     -0.098     0.0588      0.473     55.428  38.718288     1.6721      6.862   -77.7806 3.2271e-01     1.9973      6.263      9.084     9.8966 0.0000e+00
      6.357     -0.105     0.0529      0.457     55.052  38.460746     1.6726      6.862   -77.6710 3.3869e-01     1.9724      6.234      9.041     9.9058 0.0000e+00
      6.328     -0.113     0.0534      0.458     54.880  38.346184     1.6688      6.862   -77.6861 3.5826e-01     1.9086      6.205      9.000     9.9153 0.0000e+00
      6.298     -0.119     0.0556      0.463     54.694  38.221049     1.6669      6.863   -77.7063 3.6750e-01     1.8758      6.177      8.959     9.9209 0.0000e+00
      6.267     -0.124     0.0540      0.455     54.587  38.152764     1.6758      6.864   -77.8295 3.6340e-01     1.9177      6.145      8.912     9.9233 0.0000e+00
      6.235     -0.126     0.0503      0.449     54.851  38.345034     1.6594      6.865   -77.9713 3.6431e-01     1.9025      6.114      8.868     9.9278 0.0000e+00
      6.202     -0.124     0.0517      0.455     55.181  38.579700     1.6180      6.865   -78.0433 3.6744e-01     1.7942      6.084      8.824     9.9345 0.0000e+00
      6.166     -0.118     0.0536      0.469     55.187  38.580079     1.6000      6.865   -78.1843 3.6966e-01     1.7009      6.047      8.770     9.9373 0.0000e+00
      6.132     -0.108     0.0509      0.479     54.957  38.413037     1.6082      6.866   -78.3853 3.7945e-01     1.6624      6.011      8.718     9.9422 0.0000e+00
      6.103     -0.096     0.0503      0.474     54.761  38.272401     1.6170      6.867   -78.5809 3.8895e-01     1.6713      5.982      8.677     9.9540 0.0000e+00
      6.083     -0.087     0.0508      0.464     54.676  38.211514     1.6320      6.867   -78.9147 3.9968e-01     1.7396      5.962      8.647     9.9586 0.0000e+00
      6.068     -0.083     0.0531      0.462     54.726  38.247644     1.6564      6.867   -78.8930 4.1468e-01     1.8394      5.949      8.629     9.9517 0.0000e+00
      6.056     -0.085     0.0549      0.460     54.925  38.392139     1.6620      6.869   -78.2326 4.1665e-01     1.8871      5.940      8.615     9.9440 0.0000e+00
      6.040     -0.092     0.0540      0.460     54.980  38.436483     1.6578      6.870   -77.7268 4.2158e-01     1.9062      5.928      8.597     9.9418 0.0000e+00
      6.013     -0.101     0.0514      0.460     54.741  38.276429     1.6642      6.870   -77.5101 4.4000e-01     1.8662      5.902      8.560     9.9400 0.0000e+00
      5.976     -0.109     0.0526      0.448     54.579  38.169337     1.6649      6.871   -77.4190 4.5832e-01     1.7444      5.861      8.501     9.9406 0.0000e+00
      5.940     -0.116     0.0521      0.449     54.466  38.092969     1.6576      6.872   -77.8297 4.8204e-01     1.6638      5.822      8.445     9.9469 0.0000e+00
      5.911     -0.122     0.0508      0.466     54.130  37.860432     1.6597      6.874   -78.3462 4.9569e-01     1.6432      5.794      8.404     9.9530 0.0000e+00
      5.886     -0.125     0.0540      0.479     53.894  37.704307     1.6983      6.877   -78.2431 4.9247e-01     1.7340      5.773      8.371     9.9593 0.0000e+00
      5.860     -0.127     0.0492      0.491     53.908  37.727380     1.7583      6.879   -77.8738 4.9671e-01     1.8744      5.751      8.340     9.9661 0.0000e+00
      5.826     -0.129     0.0495      0.489     53.844  37.695476     1.7854      6.879   -77.6677 5.1881e-01     1.8710      5.718      8.294     9.9674 0.0000e+00
      5.786     -0.131     0.0540      0.470     53.472  37.445418     1.7842      6.880   -77.5570 5.4687e-01     1.8303      5.673      8.228     9.9664 0.0000e+00
      5.748     -0.130     0.0529      0.450     52.801  36.987031     1.8275      6.881   -77.3960 5.6697e-01     1.9281      5.635      8.172     9.9758 0.0000e+00
      5.714     -0.125     0.0567      0.435     51.944  36.402162     1.9179      6.882   -77.1837 5.8068e-01     2.1311      5.604      8.129     9.9909 0.0000e+00
      5.683     -0.114     0.0558      0.433     51.010  35.764225     1.9618      6.882   -77.1415 5.8959e-01     2.2356      5.571      8.081    10.0033 0.0000e+00
      5.655     -0.103     0.0530      0.443     50.324  35.298169     1.9498      6.883   -77.1436 6.0009e-01     2.1670      5.544      8.041    10.0110 0.0000e+00
      5.632     -0.097     0.0510      0.463     50.259  35.269459     1.9218      6.883   -76.9506 6.0810e-01     2.1215      5.522      8.010    10.0207 0.0000e+00
      5.612     -0.096     0.0479      0.484     50.717  35.607349     1.8905      6.885   -76.7876 6.1007e-01     2.1636      5.503      7.981    10.0379 0.0000e+00
      5.593     -0.100     0.0487      0.493     51.208  35.959313     1.8713      6.888   -76.8074 6.2215e-01     2.1978      5.487      7.957    10.0549 0.0000e+00
      5.571     -0.110     0.0494      0.497     51.597  36.227547     1.8572      6.888   -76.8454 6.3978e-01     2.1932      5.466      7.928    10.0679 0.0000e+00
      5.541     -0.122     0.0517      0.502     51.915  36.440785     1.8443      6.889   -77.0753 6.5949e-01     2.1423      5.436      7.885    10.0832 0.0000e+00
      5.506     -0.132     0.0556      0.503     51.660  36.254597     1.8818      6.890   -77.4358 6.8093e-01     2.1975      5.401      7.834    10.1054 0.0000e+00
      5.466     -0.137     0.0553      0.493     50.759  35.625126     1.9687      6.893   -77.5911 6.9564e-01     2.3821      5.362      7.778    10.1141 0.0000e+00
      5.425     -0.139     0.0559      0.472     49.724  34.917625     2.0210      6.895   -78.1780 7.2060e-01     2.4616      5.319      7.715    10.1038 0.0000e+00
      5.386     -0.139     0.0565      0.468     48.971  34.421946     2.0319      6.897   -79.2839 7.5020e-01     2.4409      5.279      7.656    10.0932 0.0000e+00
      5.356     -0.138     0.0568      0.470     48.425  34.070681     2.0921      6.900   -79.6056 7.6329e-01     2.4055      5.251      7.616    10.0837 0.0000e+00
      5.327     -0.135     0.0570      0.455     47.165  33.206892     2.2161      6.903   -78.9697 7.8560e-01     2.4090      5.228      7.583    10.0832 0.0000e+00
      5.293     -0.134     0.0514      0.440     45.912  32.347408     2.2991      6.903   -78.1352 8.2479e-01     2.4487      5.194      7.532    10.1041 0.0000e+00
      5.255     -0.134     0.0523      0.439     46.078  32.491986     2.3215      6.904   -77.4301 8.4988e-01     2.4416      5.151      7.472    10.1427 0.0000e+00
      5.219     -0.137     0.0544      0.449     46.309  32.672600     2.3627      6.906   -76.9840 8.7951e-01     2.4602      5.117      7.422    10.1836 0.0000e+00
      5.185     -0.138     0.0508      0.460     45.775  32.312131     2.4396      6.907   -76.6994 9.2890e-01     2.5377      5.085      7.375    10.2007 0.0000e+00
      5.151     -0.137     0.0486      0.457     45.476  32.127995     2.4938      6.907   -76.3113 9.6487e-01     2.6270      5.050      7.325    10.2199 0.0000e+00
      5.116     -0.136     0.0490      0.441     45.574  32.221578     2.5095      6.908   -75.6471 9.9668e-01     2.6859      5.018      7.280    10.2632 0.0000e+00
      5.081     -0.138     0.0501      0.435     45.763  32.365820     2.5707      6.909   -74.8637 1.0363e+00     2.6689      4.983      7.227    10.2769 0.0000e+00
      5.045     -0.141     0.0523      0.451     45.383  32.096760     2.6850      6.910   -74.3246 1.0542e+00     2.6260      4.946      7.174    10.2817 0.0000e+00
      5.011     -0.146     0.0520      0.464     44.098  31.187392     2.7505      6.911   -74.2056 1.0587e+00     2.6452      4.916      7.130    10.3254 0.0000e+00
      4.976     -0.151     0.0489      0.455     42.833  30.310117     2.8061      6.912   -74.2853 1.0858e+00     2.6971      4.882      7.081    10.3549 0.0000e+00
      4.936     -0.155     0.0471      0.446     42.053  29.794920     3.2573      6.913   -73.9978 1.1243e+00     2.6728      4.841      7.021    10.3632 0.0000e+00
      4.893     -0.157     0.0506      0.447     41.238  29.269133     4.0609      6.915   -73.3104 1.1604e+00     2.6244      4.798      6.960    10.3621 0.0000e+00
      4.850     -0.155     0.0537      0.443     40.708  28.960975     4.5079      6.917   -72.7711 1.1984e+00     2.6575      4.756      6.898    10.3489 0.0000e+00
