Data/DataNotYetUploadedToEDI/Raw_CTD/RawDownloads/052322_bvr40_0003.cnv
* Sea-Bird SBE19plus  Data File:
* FileName = C:\R\Reservoirs\Data\DataNotYetUploadedToEDI\Raw_CTD\RawDownloads\051722_bvr01_0003.hex
* Software version 2.8.0.119
* Temperature SN = 7809
* Conductivity SN = 7809
* System UpLoad Time = May 24 2022 16:14:48
* <ApplicationData>
* <Seaterm232>
# nquan = 15
# nvalues = 2781                        
# units = specified
# name 0 = depFM: Depth [fresh water, m]
# name 1 = dz/dtM: Descent Rate [m/s]
# name 2 = sbeox0Mg/L: Oxygen, SBE 43 [mg/l]
# name 3 = sbeox0PS: Oxygen, SBE 43 [% saturation]
# name 4 = specc: Specific Conductance [uS/cm]
# name 5 = c0uS/cm: Conductivity [uS/cm]
# name 6 = flECO-AFL: Fluorescence, WET Labs ECO-AFL/FL [mg/m^3]
# name 7 = ph: pH
# name 8 = orp: Oxidation Reduction Potential [mV]
# name 9 = par/sat/log: PAR/Logarithmic, Satlantic
# name 10 = turbWETntu0: Turbidity, WET Labs ECO [NTU]
# name 11 = prdM: Pressure, Strain Gauge [db]
# name 12 = prdE: Pressure, Strain Gauge [psi]
# name 13 = tv290C: Temperature [ITS-90, deg C]
# name 14 = flag:  0.000e+00
# span 0 =     -0.688,      4.040       
# span 1 =     -0.215,      0.132       
# span 2 =     0.0796,     9.2492       
# span 3 =      0.884,    104.771       
# span 4 =      0.564,    139.498       
# span 5 =   0.557452, 106.601353       
# span 6 =    -0.1451,     6.4376       
# span 7 =      7.246,      8.831       
# span 8 =    89.5730,   488.6834       
# span 9 = 2.7575e-01, 6.3701e+01       
# span 10 =    -0.3621,    34.6910      
# span 11 =     -0.675,      3.962      
# span 12 =     -0.979,      5.746      
# span 13 =    13.0542,    24.5192      
# span 14 = 0.0000e+00, 0.0000e+00      
# interval = seconds: 0.25
# start_time = May 23 2022 07:48:06 [Instrument's time stamp, header]
# bad_flag = -9.990e-29
*END*
[from data line 2314]
      1.084      0.000     8.2803     96.444     27.716  26.816201     4.2477      8.663   244.1545 7.3045e+00     3.0320      1.063      1.542    23.3577 0.0000e+00
      1.084      0.000     8.2701     96.384     27.715  26.822991     4.2629      8.662   244.1095 7.3325e+00     3.0830      1.064      1.544    23.3563 0.0000e+00
      1.083     -0.003     8.2589     96.399     27.704  26.816084     4.2924      8.661   244.3131 7.3453e+00     3.0126      1.061      1.540    23.3480 0.0000e+00
      1.081     -0.009     8.2319     96.430     27.684  26.796084     4.3547      8.660   244.3789 7.3653e+00     2.8973      1.059      1.536    23.3534 0.0000e+00
      1.080     -0.020     8.2079     96.456     27.659  26.771309     4.3998      8.658   244.0457 7.4184e+00     2.8848      1.059      1.535    23.3716 0.0000e+00
      1.079     -0.034     8.2046     96.454     27.654  26.770062     4.4143      8.657   243.8114 7.4984e+00     2.8953      1.059      1.536    23.3883 0.0000e+00
      1.073     -0.046     8.2066     96.433     27.653  26.781008     4.4125      8.657   243.9554 7.6294e+00     2.8548      1.055      1.532    23.3962 0.0000e+00
      1.058     -0.053     8.2089     96.378     27.631  26.776910     4.3865      8.656   244.2381 7.8483e+00     2.8050      1.041      1.511    23.3930 0.0000e+00
      1.032     -0.053     8.2151     96.269     27.619  26.783926     4.3498      8.655   244.3894 8.1005e+00     2.7715      1.012      1.467    23.3839 0.0000e+00
      1.006     -0.048     8.2120     96.114     27.626  26.802485     4.3349      8.654   244.4083 8.2710e+00     2.7910      0.981      1.424    23.3903 0.0000e+00
      0.992     -0.038     8.2074     95.872     27.632  26.811170     4.3556      8.653   244.3806 8.3186e+00     2.8005      0.969      1.406    23.4132 0.0000e+00
      0.991     -0.025     8.1999     95.537     27.646  26.825565     4.5255      8.652   244.3986 8.2994e+00     2.8186      0.970      1.407    23.4446 0.0000e+00
      0.995     -0.013     8.1813     95.188     27.666  26.849775     4.8243      8.652   244.5396 8.2846e+00     2.9418      0.976      1.416    23.4877 0.0000e+00
      0.997     -0.004     8.1677     94.896     27.658  26.850361     4.9893      8.652   244.6231 8.3030e+00     3.0608      0.979      1.420    23.5107 0.0000e+00
      0.995      0.000     8.1483     94.703     27.630  26.832663     5.0048      8.652   244.5482 8.3335e+00     3.0616      0.977      1.417    23.5069 0.0000e+00
      0.992      0.001     8.1159     94.628     27.618  26.825958     4.9453      8.650   244.4943 8.3470e+00     2.9513      0.972      1.410    23.5084 0.0000e+00
      0.991      0.001     8.0829     94.626     27.624  26.832674     4.8362      8.648   244.5733 8.3380e+00     2.8198      0.971      1.408    23.5167 0.0000e+00
      0.993      0.002     8.0553     94.664     27.641  26.850475     4.7843      8.647   244.7297 8.3125e+00     2.7707      0.973      1.411    23.5316 0.0000e+00
      0.996      0.003     8.0335     94.761     27.640  26.851041     4.7839      8.646   244.8367 8.2924e+00     2.8016      0.977      1.417    23.5558 0.0000e+00
      0.998      0.004     8.0280     94.890     27.625  26.839525     4.7988      8.646   244.9201 8.3027e+00     2.8520      0.981      1.422    23.5642 0.0000e+00
      0.998      0.005     8.0306     94.963     27.619  26.838004     4.8219      8.646   245.0495 8.3310e+00     2.8670      0.980      1.420    23.5596 0.0000e+00
      0.998      0.006     8.0307     94.918     27.606  26.832660     4.8304      8.646   245.1967 8.3439e+00     2.8469      0.978      1.418    23.5637 0.0000e+00
      0.998      0.006     8.0397     94.823     27.604  26.838309     4.8352      8.646   245.3242 8.3275e+00     2.8481      0.978      1.418    23.5684 0.0000e+00
      1.000      0.006     8.0527     94.806     27.609  26.842928     4.8215      8.646   245.3861 8.2842e+00     2.9155      0.981      1.422    23.5719 0.0000e+00
      1.004      0.005     8.0618     94.882     27.597  26.825123     4.7732      8.646   245.4290 8.2455e+00     2.9789      0.984      1.428    23.5761 0.0000e+00
      1.009      0.001     8.0532     94.994     27.594  26.813176     4.7334      8.646   245.3267 8.2473e+00     2.9994      0.990      1.436    23.5908 0.0000e+00
      1.010     -0.007     8.0353     95.095     27.618  26.825230     4.7153      8.645   245.0947 8.2863e+00     3.0268      0.993      1.440    23.6144 0.0000e+00
      1.007     -0.019     8.0347     95.151     27.648  26.844076     4.5797      8.644   245.0341 8.3328e+00     3.0020      0.987      1.433    23.6123 0.0000e+00
      1.001     -0.035     8.0465     95.183     27.652  26.850876     4.3255      8.643   245.0231 8.3670e+00     2.9052      0.982      1.424    23.5960 0.0000e+00
      0.993     -0.050     8.0588     95.293     27.626  26.844071     4.1886      8.641   244.9625 8.4541e+00     2.8471      0.976      1.415    23.5809 0.0000e+00
      0.979     -0.059     8.0721     95.474     27.585  26.825219     4.1727      8.639   244.9900 8.6752e+00     2.8456      0.964      1.397    23.5596 0.0000e+00
      0.957     -0.060     8.0814     95.568     27.560  26.813118     4.1752      8.638   244.9250 8.9815e+00     2.8531      0.940      1.364    23.5333 0.0000e+00
      0.930     -0.054     8.0788     95.474     27.570  26.824538     4.2105      8.637   244.8648 9.2362e+00     2.8686      0.909      1.319    23.5307 0.0000e+00
      0.909     -0.042     8.0805     95.222     27.588  26.836535     4.2584      8.635   244.9500 9.3594e+00     2.9316      0.887      1.285    23.5778 0.0000e+00
      0.902     -0.027     8.0968     94.904     27.589  26.831401     4.2792      8.633   244.9237 9.3791e+00     2.9998      0.881      1.278    23.6235 0.0000e+00
      0.905     -0.011     8.1042     94.634     27.586  26.825838     4.2882      8.632   244.8044 9.3601e+00     2.9757      0.886      1.285    23.6448 0.0000e+00
      0.911      0.004     8.0940     94.454     27.591  26.832648     4.3669      8.630   244.7121 9.3421e+00     2.9819      0.894      1.297    23.6476 0.0000e+00
      0.916      0.015     8.0728     94.274     27.603  26.850363     4.4900      8.630   244.6682 9.3421e+00     3.0407      0.899      1.304    23.6323 0.0000e+00
      0.918      0.021     8.0434     94.079     27.595  26.849891     4.5364      8.629   244.7898 9.3366e+00     3.0032      0.899      1.304    23.6190 0.0000e+00
      0.921      0.021     8.0187     93.996     27.568  26.826947     4.5277      8.629   244.8919 9.2691e+00     2.9729      0.901      1.307    23.6149 0.0000e+00
      0.929      0.020     8.0080     94.056     27.568  26.826485     4.4513      8.628   244.6978 9.1339e+00     3.0154      0.909      1.319    23.6182 0.0000e+00
      0.939      0.018     7.9931     94.192     27.588  26.844305     4.2948      8.627   244.5078 8.9832e+00     3.0386      0.921      1.336    23.6304 0.0000e+00
      0.946      0.017     7.9659     94.350     27.597  26.852248     4.1918      8.625   244.4872 8.8892e+00     3.0148      0.930      1.349    23.6480 0.0000e+00
      0.947      0.014     7.9583     94.456     27.600  26.859153     4.1636      8.624   244.4488 8.8647e+00     2.9664      0.929      1.348    23.6522 0.0000e+00
      0.946      0.009     7.9675     94.506     27.601  26.864414     4.1710      8.623   244.4734 8.8279e+00     2.9328      0.926      1.343    23.6511 0.0000e+00
      0.947      0.005     7.9788     94.497     27.589  26.852475     4.1896      8.623   244.6137 8.7662e+00     2.9160      0.928      1.345    23.6458 0.0000e+00
      0.950      0.003     7.9981     94.374     27.582  26.841575     4.1798      8.622   244.6819 8.7434e+00     2.8660      0.931      1.352    23.6405 0.0000e+00
      0.951      0.002     8.0042     94.207     27.603  26.859380     4.1608      8.621   244.6094 8.7555e+00     2.8053      0.932      1.353    23.6531 0.0000e+00
      0.952     -0.001     8.0047     94.105     27.620  26.877600     4.1519      8.618   244.5976 8.7837e+00     2.7967      0.932      1.352    23.6632 0.0000e+00
      0.952     -0.004     8.0104     94.065     27.610  26.871724     4.1559      8.616   244.6258 8.8516e+00     2.8305      0.934      1.355    23.6610 0.0000e+00
      0.950     -0.005     7.9967     94.022     27.584  26.851722     4.1754      8.616   244.6058 8.9471e+00     2.8730      0.934      1.353    23.6520 0.0000e+00
      0.946     -0.003     7.9792     93.944     27.552  26.825916     4.1797      8.616   244.6996 9.0306e+00     2.8650      0.928      1.346    23.6443 0.0000e+00
      0.941     -0.001     7.9716     93.902     27.536  26.813240     4.1655      8.614   244.8144 9.0780e+00     2.8371      0.922      1.337    23.6463 0.0000e+00
      0.940     -0.001     7.9686     93.905     27.546  26.825226     4.1955      8.613   244.7894 9.0700e+00     2.8428      0.920      1.335    23.6545 0.0000e+00
      0.945     -0.007     7.9664     93.877     27.563  26.844075     4.2670      8.613   244.5697 9.0152e+00     2.8656      0.926      1.344    23.6667 0.0000e+00
      0.952     -0.021     7.9530     93.831     27.565  26.850996     4.2984      8.613   244.3083 8.9761e+00     2.8738      0.936      1.357    23.6781 0.0000e+00
      0.952     -0.040     7.9481     93.839     27.543  26.845534     4.2830      8.615   244.2099 9.0181e+00     2.8405      0.939      1.362    23.6839 0.0000e+00
      0.942     -0.057     7.9529     93.903     27.510  26.841446     4.1817      8.616   244.1542 9.1815e+00     2.8385      0.929      1.348    23.6876 0.0000e+00
      0.917     -0.068     7.9487     93.958     27.505  26.864982     4.0057      8.616   244.1516 9.4922e+00     2.8832      0.905      1.312    23.6892 0.0000e+00
      0.882     -0.069     7.9413     93.968     27.498  26.876617     3.9116      8.615   244.2644 9.8252e+00     2.8691      0.864      1.253    23.6916 0.0000e+00
      0.852     -0.059     7.9377     93.863     27.468  26.855390     3.9002      8.613   244.3999 1.0002e+01     2.8037      0.828      1.202    23.7182 0.0000e+00
      0.837     -0.043     7.9375     93.539     27.471  26.861875     3.9674      8.611   244.4993 1.0015e+01     2.7759      0.815      1.182    23.7804 0.0000e+00
      0.838     -0.024     7.9335     93.071     27.496  26.891648     4.1252      8.610   244.5198 9.9541e+00     2.8067      0.819      1.188    23.8390 0.0000e+00
      0.845     -0.009     7.9304     92.678     27.497  26.898459     4.2271      8.609   244.4753 9.9024e+00     2.8691      0.830      1.204    23.8729 0.0000e+00
      0.852     -0.001     7.9264     92.445     27.471  26.880856     4.2337      8.609   244.3909 9.9032e+00     2.8806      0.838      1.215    23.8817 0.0000e+00
      0.852      0.000     7.8965     92.302     27.449  26.868971     4.1971      8.608   244.2736 9.9632e+00     2.8433      0.837      1.214    23.8828 0.0000e+00
      0.847     -0.002     7.8447     92.167     27.457  26.881543     4.1425      8.607   244.1765 1.0014e+01     2.8623      0.830      1.204    23.8974 0.0000e+00
      0.841     -0.003     7.8087     91.993     27.486  26.906102     4.1143      8.607   244.1632 1.0001e+01     2.9058      0.823      1.194    23.9038 0.0000e+00
      0.839     -0.002     7.7913     91.828     27.501  26.912380     4.1147      8.607   244.1985 9.9541e+00     2.8913      0.821      1.191    23.9161 0.0000e+00
      0.840      0.002     7.7771     91.753     27.487  26.894056     4.1141      8.607   244.1726 9.8818e+00     2.8233      0.823      1.194    23.9405 0.0000e+00
      0.843      0.006     7.7668     91.766     27.468  26.874685     4.1312      8.607   244.1086 9.7944e+00     2.7668      0.826      1.199    23.9529 0.0000e+00
      0.847      0.007     7.7517     91.799     27.460  26.868310     4.1889      8.607   244.0268 9.7224e+00     2.7884      0.831      1.205    23.9424 0.0000e+00
      0.850      0.006     7.7370     91.835     27.469  26.880362     4.2364      8.606   243.9581 9.6567e+00     2.8453      0.834      1.209    23.9213 0.0000e+00
      0.852      0.003     7.7320     91.873     27.475  26.893652     4.2397      8.606   244.0522 9.5826e+00     2.8397      0.835      1.211    23.9141 0.0000e+00
      0.852     -0.001     7.7366     91.893     27.472  26.902236     4.2369      8.605   244.2184 9.5096e+00     2.7890      0.836      1.212    23.9138 0.0000e+00
      0.851     -0.006     7.7396     91.952     27.476  26.920776     4.2532      8.603   244.2459 9.4696e+00     2.7794      0.834      1.211    23.9137 0.0000e+00
      0.848     -0.014     7.7395     92.062     27.468  26.927697     4.2697      8.602   244.1271 9.4649e+00     2.8258      0.832      1.207    23.9227 0.0000e+00
      0.846     -0.026     7.7449     92.118     27.454  26.922562     4.2790      8.602   243.9876 9.4673e+00     2.8717      0.829      1.202    23.9350 0.0000e+00
      0.842     -0.036     7.7397     92.052     27.452  26.922091     4.2573      8.602   243.9348 9.5218e+00     2.8225      0.828      1.201    23.9521 0.0000e+00
      0.833     -0.043     7.7386     91.887     27.452  26.921998     4.1989      8.602   243.9192 9.6809e+00     2.7087      0.821      1.191    23.9860 0.0000e+00
      0.813     -0.045     7.7489     91.716     27.452  26.921432     4.1728      8.602   243.7991 9.9020e+00     2.6578      0.799      1.159    24.0175 0.0000e+00
      0.792     -0.042     7.7527     91.583     27.446  26.915250     4.1903      8.602   243.6012 1.0060e+01     2.6508      0.772      1.120    24.0315 0.0000e+00
      0.779     -0.034     7.7476     91.467     27.438  26.910630     4.2531      8.602   243.5054 1.0091e+01     2.6575      0.760      1.102    24.0314 0.0000e+00
      0.774     -0.023     7.7294     91.336     27.449  26.928961     4.3496      8.602   243.5008 1.0055e+01     2.7055      0.759      1.100    24.0275 0.0000e+00
      0.774     -0.008     7.7144     91.195     27.457  26.946761     4.3989      8.600   243.5461 1.0004e+01     2.7861      0.759      1.101    24.0266 0.0000e+00
      0.775      0.003     7.7046     91.115     27.442  26.935708     4.4084      8.597   243.6221 9.9490e+00     2.8812      0.760      1.102    24.0252 0.0000e+00
      0.777      0.008     7.6949     91.127     27.431  26.922099     4.3812      8.597   243.6454 9.8759e+00     2.8992      0.761      1.104    24.0282 0.0000e+00
      0.782      0.008     7.6831     91.179     27.421  26.908971     4.3119      8.597   243.5704 9.7733e+00     2.8334      0.766      1.111    24.0448 0.0000e+00
      0.787      0.006     7.6630     91.209     27.417  26.903734     4.2777      8.597   243.4032 9.6807e+00     2.8023      0.774      1.122    24.0704 0.0000e+00
      0.790      0.004     7.6552     91.220     27.436  26.922163     4.2847      8.596   243.3440 9.6304e+00     2.8311      0.778      1.128    24.0764 0.0000e+00
      0.788      0.002     7.6593     91.250     27.448  26.941647     4.2798      8.595   243.3713 9.6181e+00     2.8400      0.774      1.123    24.0653 0.0000e+00
      0.784     -0.001     7.6674     91.311     27.440  26.949172     4.2019      8.593   243.3894 9.6136e+00     2.7730      0.769      1.114    24.0607 0.0000e+00
      0.783     -0.005     7.6698     91.381     27.423  26.949792     4.0665      8.591   243.4767 9.5891e+00     2.7380      0.768      1.112    24.0563 0.0000e+00
      0.784     -0.011     7.6692     91.377     27.413  26.949168     3.9988      8.590   243.4797 9.5631e+00     2.7929      0.769      1.115    24.0532 0.0000e+00
      0.785     -0.022     7.6708     91.218     27.406  26.941640     4.0076      8.590   243.2545 9.5594e+00     2.8561      0.771      1.119    24.0645 0.0000e+00
