Data/DataNotYetUploadedToEDI/Raw_CTD/RawDownloads/052322_bvr50_0006.cnv
* Sea-Bird SBE19plus  Data File:
* FileName = C:\R\Reservoirs\Data\DataNotYetUploadedToEDI\Raw_CTD\RawDownloads\051722_bvr01_0006.hex
* Software version 2.8.0.119
* Temperature SN = 7809
* Conductivity SN = 7809
* System UpLoad Time = May 24 2022 16:18:11
* <ApplicationData>
* <Seaterm232>
# nquan = 15
# nvalues = 1160                        
# units = specified
# name 0 = depFM: Depth [fresh water, m]
# name 1 = dz/dtM: Descent Rate [m/s]
# name 2 = sbeox0Mg/L: Oxygen, SBE 43 [mg/l]
# name 3 = sbeox0PS: Oxygen, SBE 43 [% saturation]
# name 4 = specc: Specific Conductance [uS/cm]
# name 5 = c0uS/cm: Conductivity [uS/cm]
# name 6 = flECO-AFL: Fluorescence, WET Labs ECO-AFL/FL [mg/m^3]
# name 7 = ph: pH
# name 8 = orp: Oxidation Reduction Potential [mV]
# name 9 = par/sat/log: PAR/Logarithmic, Satlantic
# name 10 = turbWETntu0: Turbidity, WET Labs ECO [NTU]
# name 11 = prdM: Pressure, Strain Gauge [db]
# name 12 = prdE: Pressure, Strain Gauge [psi]
# name 13 = tv290C: Temperature [ITS-90, deg C]
# name 14 = flag:  0.000e+00
# span 0 =     -0.698,      9.225       
# span 1 =     -0.207,      0.221       
# span 2 =     0.0466,     9.2335       
# span 3 =      0.433,    105.836       
# span 4 =      1.090,     80.320       
# span 5 =   1.010975,  55.193928       
# span 6 =    -0.1588,     8.4419       
# span 7 =      6.191,      8.904       
# span 8 =   -79.6056,   397.1202       
# span 9 = 1.2363e-01, 2.1557e+02       
# span 10 =    -0.3164,    12.6928      
# span 11 =     -0.685,      9.047      
# span 12 =     -0.993,     13.122      
# span 13 =     9.3385,    24.3741      
# span 14 = 0.0000e+00, 0.0000e+00      
# interval = seconds: 0.25
# start_time = May 23 2022 09:49:23 [Instrument's time stamp, header]
# bad_flag = -9.990e-29
*END*
[from data line 193]
      0.493      0.083     9.0092    104.865     27.546  26.505705     5.5194      8.762   166.5017 3.3403e+01     3.0866      0.483      0.701    23.1762 0.0000e+00
      0.511      0.068     8.9940    104.895     27.541  26.503996     5.4340      8.763   166.3181 3.2231e+01     3.0508      0.500      0.726    23.1511 0.0000e+00
      0.527      0.058     8.9813    105.005     27.528  26.504003     5.4219      8.765   166.1727 3.1129e+01     3.0112      0.519      0.753    23.1370 0.0000e+00
      0.541      0.050     8.9781    105.182     27.516  26.505804     5.4319      8.767   166.0343 3.0360e+01     3.0858      0.532      0.771    23.1152 0.0000e+00
      0.552      0.045     8.9745    105.366     27.524  26.525799     5.4624      8.770   165.7625 2.9757e+01     3.1323      0.541      0.785    23.0979 0.0000e+00
      0.561      0.042     8.9769    105.497     27.545  26.555633     5.4919      8.774   165.5542 2.9297e+01     3.0958      0.549      0.798    23.1052 0.0000e+00
      0.569      0.042     8.9810    105.578     27.539  26.549632     5.4959      8.779   165.4089 2.8912e+01     3.0536      0.557      0.809    23.1336 0.0000e+00
      0.578      0.048     8.9934    105.582     27.515  26.516614     5.4868      8.785   165.2099 2.8589e+01     3.0667      0.568      0.824    23.1610 0.0000e+00
      0.588      0.063     9.0094    105.457     27.489  26.473319     5.5893      8.789   165.1282 2.8408e+01     3.1864      0.576      0.835    23.1811 0.0000e+00
      0.599      0.084     9.0139    105.234     27.444  26.406409     5.8036      8.790   165.2805 2.8273e+01     3.2710      0.586      0.849    23.2041 0.0000e+00
      0.619      0.104     9.0222    105.038     27.409  26.341389     5.9143      8.790   165.5026 2.7866e+01     3.2347      0.602      0.874    23.2077 0.0000e+00
      0.650      0.118     9.0288    104.910     27.422  26.320936     5.9126      8.791   165.4904 2.6945e+01     3.2264      0.631      0.916    23.1826 0.0000e+00
      0.694      0.121     9.0240    104.786     27.480  26.349207     5.8829      8.794   165.3052 2.5851e+01     3.3071      0.677      0.983    23.1502 0.0000e+00
      0.742      0.114     9.0053    104.638     27.510  26.366264     5.8457      8.796   165.2418 2.4883e+01     3.3564      0.732      1.061    23.1095 0.0000e+00
      0.780      0.099     8.9969    104.500     27.479  26.337014     5.8288      8.799   165.2407 2.4348e+01     3.3102      0.774      1.121    23.0509 0.0000e+00
      0.796      0.081     9.0025    104.472     27.452  26.312456     5.8039      8.801   165.2058 2.4324e+01     3.2268      0.787      1.141    22.9823 0.0000e+00
      0.799      0.065     9.0003    104.564     27.468  26.322858     5.7529      8.803   165.2502 2.4304e+01     3.1336      0.782      1.135    22.9251 0.0000e+00
      0.802      0.055     8.9924    104.675     27.493  26.336009     5.6865      8.805   165.2615 2.3985e+01     3.0714      0.783      1.135    22.9054 0.0000e+00
      0.815      0.051     8.9727    104.760     27.513  26.344685     5.6504      8.807   165.1695 2.3424e+01     3.0894      0.795      1.154    22.9159 0.0000e+00
      0.836      0.051     8.9682    104.821     27.534  26.364369     5.6569      8.810   165.0847 2.2898e+01     3.1131      0.819      1.189    22.9246 0.0000e+00
      0.856      0.053     8.9838    104.907     27.546  26.383853     5.7236      8.813   165.0102 2.2553e+01     3.1181      0.842      1.221    22.9156 0.0000e+00
      0.871      0.053     8.9971    105.051     27.538  26.390142     5.8496      8.816   164.9581 2.2308e+01     3.1837      0.856      1.242    22.8896 0.0000e+00
      0.880      0.051     9.0099    105.224     27.512  26.377050     5.9233      8.816   164.8844 2.2203e+01     3.2570      0.865      1.254    22.8650 0.0000e+00
      0.888      0.047     9.0128    105.393     27.479  26.352330     5.9323      8.817   164.8065 2.2100e+01     3.2532      0.869      1.260    22.8640 0.0000e+00
      0.898      0.046     9.0154    105.548     27.473  26.344793     5.9834      8.819   164.7905 2.1897e+01     3.2061      0.879      1.275    22.8829 0.0000e+00
      0.912      0.046     9.0250    105.677     27.485  26.349301     6.0749      8.821   164.7778 2.1754e+01     3.1660      0.895      1.299    22.9105 0.0000e+00
      0.926      0.046     9.0363    105.742     27.488  26.343436     6.1229      8.822   164.6523 2.1619e+01     3.1780      0.909      1.318    22.9361 0.0000e+00
      0.940      0.041     9.0489    105.732     27.484  26.337255     6.1394      8.823   164.4788 2.1464e+01     3.2498      0.920      1.336    22.9483 0.0000e+00
      0.952      0.033     9.0624    105.664     27.482  26.337943     6.1500      8.824   164.3144 2.1374e+01     3.2828      0.934      1.355    22.9469 0.0000e+00
      0.962      0.023     9.0785    105.505     27.494  26.351762     6.1351      8.826   164.1271 2.1349e+01     3.2693      0.946      1.371    22.9288 0.0000e+00
      0.965      0.013     9.0886    105.257     27.518  26.377575     6.1082      8.829   164.0203 2.1404e+01     3.2911      0.947      1.376    22.9055 0.0000e+00
      0.963      0.005     9.0859    105.017     27.531  26.396534     6.0993      8.831   164.0562 2.1489e+01     3.3071      0.944      1.370    22.9044 0.0000e+00
      0.961      0.001     9.0804    104.895     27.516  26.390856     6.0951      8.833   164.1307 2.1568e+01     3.2926      0.942      1.367    22.9156 0.0000e+00
      0.958      0.003     9.0676    104.930     27.491  26.372312     5.9990      8.835   164.0609 2.1688e+01     3.2178      0.941      1.364    22.9164 0.0000e+00
      0.956      0.010     9.0412    105.015     27.479  26.362475     5.8272      8.837   163.9007 2.1810e+01     3.0860      0.936      1.358    22.9188 0.0000e+00
      0.958      0.023     9.0151    105.048     27.456  26.335301     5.7488      8.840   163.8277 2.1887e+01     3.0312      0.937      1.360    22.9345 0.0000e+00
      0.964      0.038     8.9985    105.044     27.433  26.297266     5.7590      8.844   163.8665 2.1881e+01     3.0330      0.943      1.368    22.9514 0.0000e+00
      0.975      0.050     9.0050    105.029     27.443  26.282851     5.7427      8.847   163.9400 2.1689e+01     3.0740      0.954      1.384    22.9612 0.0000e+00
      0.994      0.058     9.0158    105.005     27.470  26.287751     5.7017      8.848   163.9427 2.1331e+01     3.1850      0.973      1.411    22.9690 0.0000e+00
      1.017      0.061     9.0169    104.974     27.485  26.293096     5.6791      8.850   163.8125 2.0923e+01     3.2475      0.998      1.447    22.9619 0.0000e+00
      1.038      0.061     9.0224    104.968     27.473  26.284091     5.6774      8.853   163.6565 2.0626e+01     3.2491      1.020      1.480    22.9276 0.0000e+00
      1.052      0.058     9.0291    105.018     27.428  26.242246     5.6643      8.855   163.6916 2.0497e+01     3.2381      1.034      1.501    22.8795 0.0000e+00
      1.061      0.054     9.0353    105.078     27.362  26.167450     5.6371      8.857   163.9791 2.0385e+01     3.2172      1.041      1.510    22.8343 0.0000e+00
      1.069      0.050     9.0343    105.033     27.360  26.140281     5.6311      8.858   164.1201 2.0150e+01     3.2367      1.047      1.517    22.8173 0.0000e+00
      1.082      0.046     9.0295    104.803     27.416  26.167236     5.6417      8.860   163.9350 1.9816e+01     3.2682      1.059      1.536    22.8313 0.0000e+00
      1.098      0.045     9.0338    104.465     27.442  26.176419     5.6581      8.862   163.8054 1.9518e+01     3.2567      1.077      1.562    22.8416 0.0000e+00
      1.113      0.045     9.0453    104.162     27.465  26.187909     5.6793      8.865   163.8432 1.9364e+01     3.2337      1.094      1.586    22.8252 0.0000e+00
      1.123      0.045     9.0557    103.975     27.463  26.179374     5.6825      8.867   163.9626 1.9360e+01     3.2289      1.103      1.600    22.7695 0.0000e+00
      1.129      0.044     9.0432    103.973     27.418  26.136598     5.6800      8.868   164.0451 1.9375e+01     3.2329      1.106      1.605    22.7066 0.0000e+00
      1.137      0.042     9.0108    104.114     27.398  26.114382     5.6816      8.868   163.9806 1.9288e+01     3.2147      1.113      1.615    22.6874 0.0000e+00
      1.151      0.040     8.9882    104.258     27.395  26.100896     5.6523      8.870   163.9569 1.9151e+01     3.1455      1.127      1.635    22.6671 0.0000e+00
      1.166      0.040     8.9712    104.348     27.406  26.100287     5.6001      8.873   164.0156 1.9082e+01     3.0450      1.145      1.661    22.6474 0.0000e+00
      1.177      0.040     8.9693    104.422     27.425  26.106997     5.5755      8.874   164.0016 1.9093e+01     2.9555      1.156      1.676    22.6635 0.0000e+00
      1.184      0.039     8.9896    104.472     27.384  26.055254     5.5878      8.874   164.0464 1.9106e+01     2.9517      1.160      1.684    22.6577 0.0000e+00
      1.191      0.036     9.0078    104.446     27.327  25.981694     5.7486      8.875   164.1269 1.9043e+01     3.0329      1.167      1.692    22.6303 0.0000e+00
      1.200      0.034     9.0160    104.361     27.349  25.978124     6.0379      8.876   164.1145 1.8916e+01     3.0833      1.177      1.706    22.6123 0.0000e+00
      1.210      0.032     9.0264    104.274     27.401  26.012049     6.1813      8.877   164.1545 1.8776e+01     3.0834      1.187      1.722    22.5902 0.0000e+00
      1.219      0.032     9.0371    104.255     27.399  26.011582     6.1925      8.878   164.2670 1.8636e+01     3.0689      1.196      1.735    22.5731 0.0000e+00
      1.227      0.033     9.0382    104.359     27.353  25.972472     6.1729      8.879   164.3558 1.8507e+01     3.1119      1.204      1.746    22.5436 0.0000e+00
      1.234      0.035     9.0402    104.524     27.306  25.919462     6.1024      8.882   164.4543 1.8364e+01     3.1933      1.209      1.755    22.4797 0.0000e+00
      1.240      0.038     9.0367    104.595     27.292  25.877670     6.0469      8.886   164.5106 1.8152e+01     3.1989      1.215      1.762    22.4460 0.0000e+00
      1.249      0.042     9.0295    104.517     27.304  25.847404     6.0346      8.888   164.4351 1.7881e+01     3.2137      1.224      1.775    22.4600 0.0000e+00
      1.262      0.046     9.0372    104.400     27.304  25.806977     6.0790      8.889   164.4014 1.7570e+01     3.2697      1.237      1.794    22.4784 0.0000e+00
      1.277      0.050     9.0593    104.330     27.300  25.769098     6.1591      8.891   164.4469 1.7247e+01     3.2617      1.253      1.818    22.4733 0.0000e+00
      1.291      0.051     9.0783    104.260     27.328  25.769642     6.1960      8.892   164.4692 1.6978e+01     3.2187      1.267      1.838    22.4122 0.0000e+00
      1.304      0.050     9.0819    104.151     27.388  25.813508     6.1930      8.892   164.4991 1.6742e+01     3.1944      1.278      1.853    22.3225 0.0000e+00
      1.317      0.049     9.0803    104.021     27.430  25.855811     6.1718      8.893   164.5509 1.6519e+01     3.2066      1.292      1.874    22.2496 0.0000e+00
      1.329      0.047     9.0890    103.939     27.395  25.837463     6.1311      8.895   164.6645 1.6336e+01     3.2645      1.305      1.892    22.1864 0.0000e+00
      1.341      0.047     9.0931    104.008     27.329  25.781829     6.1005      8.896   164.7545 1.6166e+01     3.2804      1.315      1.907    22.1355 0.0000e+00
      1.352      0.046     9.0864    104.173     27.315  25.753575     6.0935      8.896   164.7785 1.5983e+01     3.2272      1.326      1.922    22.1092 0.0000e+00
      1.363      0.044     9.0739    104.267     27.341  25.749335     6.1124      8.896   164.7834 1.5766e+01     3.1672      1.336      1.937    22.1167 0.0000e+00
      1.376      0.040     9.0530    104.249     27.346  25.730525     6.3463      8.897   164.7270 1.5503e+01     3.1021      1.349      1.957    22.1555 0.0000e+00
      1.388      0.035     9.0565    104.209     27.341  25.716247     6.7735      8.898   164.6983 1.5266e+01     3.0546      1.363      1.976    22.1832 0.0000e+00
      1.398      0.031     9.0853    104.199     27.333  25.703454     6.9911      8.899   164.6958 1.5126e+01     3.0371      1.373      1.992    22.1490 0.0000e+00
      1.403      0.028     9.1070    104.210     27.273  25.639217     6.9806      8.900   164.6098 1.5049e+01     3.0269      1.377      1.997    22.0753 0.0000e+00
      1.405      0.028     9.1084    104.214     27.219  25.573345     6.8296      8.902   164.6913 1.4941e+01     3.0689      1.377      1.996    22.0314 0.0000e+00
      1.408      0.033     9.1051    104.170     27.206  25.540762     6.5637      8.903   164.9933 1.4791e+01     3.1683      1.380      2.001    22.0220 0.0000e+00
      1.416      0.042     9.1064    104.061     27.190  25.498748     6.4124      8.904   165.1625 1.4610e+01     3.2382      1.387      2.011    22.0155 0.0000e+00
      1.428      0.053     9.1091    103.905     27.185  25.445595     6.3906      8.904   165.2745 1.4325e+01     3.2314      1.398      2.027    22.0070 0.0000e+00
      1.445      0.063     9.1171    103.689     27.211  25.405050     6.4663      8.904   165.4881 1.3973e+01     3.1537      1.416      2.054    21.9745 0.0000e+00
      1.465      0.070     9.1214    103.365     27.260  25.388696     6.6280      8.904   165.6798 1.3648e+01     3.0845      1.436      2.083    21.9316 0.0000e+00
      1.486      0.072     9.1164    102.972     27.295  25.374531     6.7232      8.903   165.7857 1.3329e+01     3.0783      1.457      2.113    21.9006 0.0000e+00
      1.507      0.069     9.1180    102.623     27.315  25.360475     6.7431      8.901   165.8220 1.3030e+01     3.0447      1.478      2.145    21.8117 0.0000e+00
      1.526      0.063     9.1275    102.368     27.323  25.345457     6.8853      8.899   165.8609 1.2781e+01     2.9858      1.496      2.171    21.6697 0.0000e+00
      1.543      0.055     9.1186    102.173     27.312  25.319672     7.1527      8.898   165.9116 1.2584e+01     3.0158      1.514      2.196    21.5498 0.0000e+00
      1.555      0.049     9.0934    102.061     27.311  25.302205     7.2965      8.898   165.9194 1.2457e+01     3.0650      1.527      2.215    21.4675 0.0000e+00
      1.562      0.045     9.0708    102.091     27.289  25.261008     7.3087      8.899   165.9546 1.2366e+01     3.0348      1.531      2.221    21.4108 0.0000e+00
      1.569      0.045     9.0581    102.253     27.256  25.201806     7.3165      8.899   166.0788 1.2262e+01     2.9919      1.537      2.230    21.3709 0.0000e+00
      1.579      0.050     9.0443    102.440     27.241  25.156755     7.3325      8.899   166.1312 1.2124e+01     2.9898      1.547      2.245    21.3469 0.0000e+00
      1.592      0.058     9.0354    102.563     27.202  25.096523     7.3525      8.900   166.0714 1.1920e+01     3.0442      1.559      2.261    21.3207 0.0000e+00
      1.609      0.067     9.0455    102.646     27.165  25.043909     7.3667      8.901   166.0442 1.1660e+01     3.0685      1.577      2.287    21.2820 0.0000e+00
      1.629      0.073     9.0721    102.669     27.181  25.027595     7.3631      8.902   166.0602 1.1385e+01     3.0110      1.597      2.316    21.2336 0.0000e+00
      1.650      0.076     9.1069    102.569     27.229  25.025995     7.3421      8.902   166.1790 1.1129e+01     2.9974      1.618      2.347    21.1616 0.0000e+00
      1.672      0.076     9.1221    102.378     27.276  25.024486     7.3216      8.902   166.4484 1.0904e+01     3.0409      1.641      2.380    21.1134 0.0000e+00
      1.692      0.074     9.1318    102.183     27.297  25.009289     7.3141      8.901   166.8215 1.0703e+01     3.0582      1.660      2.408    21.1057 0.0000e+00
      1.710      0.071     9.1487    102.053     27.285  24.968959     7.3091      8.900   167.2492 1.0517e+01     3.0359      1.677      2.433    21.0487 0.0000e+00
