Data/DataNotYetUploadedToEDI/Raw_CTD/RawDownloads/052322_fcr50_0007.cnv
* Sea-Bird SBE19plus  Data File:
* FileName = C:\R\Reservoirs\Data\DataNotYetUploadedToEDI\Raw_CTD\RawDownloads\051722_bvr01_0007.hex
* Software version 2.8.0.119
* Temperature SN = 7809
* Conductivity SN = 7809
* System UpLoad Time = May 24 2022 16:19:47
* <ApplicationData>
* <Seaterm232>
# nquan = 15
# nvalues = 3869                        
# units = specified
# name 0 = depFM: Depth [fresh water, m]
# name 1 = dz/dtM: Descent Rate [m/s]
# name 2 = sbeox0Mg/L: Oxygen, SBE 43 [mg/l]
# name 3 = sbeox0PS: Oxygen, SBE 43 [% saturation]
# name 4 = specc: Specific Conductance [uS/cm]
# name 5 = c0uS/cm: Conductivity [uS/cm]
# name 6 = flECO-AFL: Fluorescence, WET Labs ECO-AFL/FL [mg/m^3]
# name 7 = ph: pH
# name 8 = orp: Oxidation Reduction Potential [mV]
# name 9 = par/sat/log: PAR/Logarithmic, Satlantic
# name 10 = turbWETntu0: Turbidity, WET Labs ECO [NTU]
# name 11 = prdM: Pressure, Strain Gauge [db]
# name 12 = prdE: Pressure, Strain Gauge [psi]
# name 13 = tv290C: Temperature [ITS-90, deg C]
# name 14 = flag:  0.000e+00
# span 0 =     -0.612,      9.758       
# span 1 =     -0.594,      0.151       
# span 2 =     0.0648,    13.0499       
# span 3 =      0.571,    143.937       
# span 4 =      0.231,    469.383       
# span 5 =   0.195060, 317.377446       
# span 6 =    -0.1587,    89.6372       
# span 7 =      6.157,      9.611       
# span 8 =    65.2791,   807.7559       
# span 9 = 1.2362e-01, 6.8633e+02       
# span 10 =    -0.3596,   352.7285      
# span 11 =     -0.601,      9.570      
# span 12 =     -0.871,     13.880      
# span 13 =     8.7997,    23.5383      
# span 14 = 0.0000e+00, 0.0000e+00      
# interval = seconds: 0.25
# start_time = May 23 2022 11:07:57 [Instrument's time stamp, header]
# bad_flag = -9.990e-29
*END*
[from data line 482]
     -0.610 -2.077e-13     8.4047     87.187      0.406   0.342251     0.0701      6.280   742.3644 1.9536e+02     7.2567     -0.599     -0.868    17.1170 0.0000e+00
     -0.610 -1.888e-14     8.4049     87.184      0.396   0.333681     0.0894      6.280   742.1797 1.8931e+02     7.3003     -0.598     -0.868    17.1160 0.0000e+00
     -0.610 -1.717e-15     8.4083     87.196      0.381   0.320449     0.0931      6.279   743.1161 1.8521e+02     7.3028     -0.598     -0.868    17.1146 0.0000e+00
     -0.610 -1.560e-16     8.4084     87.208      0.367   0.308869     0.0898      6.279   745.3398 1.8271e+02     7.5254     -0.598     -0.868    17.1131 0.0000e+00
     -0.610 -1.418e-17     8.4058     87.210      0.380   0.320269     0.0915      6.280   746.6958 1.7778e+02     8.0115     -0.598     -0.867    17.1123 0.0000e+00
     -0.610 -1.290e-18     8.4056     87.202      0.394   0.331683     0.0889      6.280   746.8640 1.6703e+02     8.2605     -0.598     -0.867    17.1117 0.0000e+00
     -0.610 -1.172e-19     8.4079     87.212      0.381   0.320267     0.0827      6.280   747.8900 1.5444e+02     8.2475     -0.598     -0.868    17.1108 0.0000e+00
     -0.610 -1.048e-20     8.4091     87.227      0.367   0.308842     0.0840      6.280   749.2929 1.4781e+02     8.1964     -0.598     -0.867    17.1098 0.0000e+00
     -0.610 9.4853e-22     8.4104     87.216      0.380   0.320152     0.0875      6.281   749.5435 1.5146e+02     8.0865     -0.598     -0.867    17.1093 0.0000e+00
     -0.610 2.1004e-20     8.4072     87.195      0.393   0.330407     0.0837      6.282   749.4574 1.6276e+02     7.9784     -0.598     -0.867    17.1088 0.0000e+00
     -0.610 2.3201e-19     8.4092     87.194      0.364   0.306234     0.0887      6.282   750.0584 1.7527e+02     7.9479     -0.598     -0.867    17.1086 0.0000e+00
     -0.610 2.5522e-18     8.4129     87.206      0.334   0.281079     0.1052      6.282   750.9591 1.8288e+02     7.9228     -0.598     -0.868    17.1084 0.0000e+00
     -0.610 2.8074e-17     8.4104     87.209      0.332   0.279462     0.1004      6.282   751.4861 1.8064e+02     7.8115     -0.598     -0.868    17.1080 0.0000e+00
     -0.610 3.0881e-16     8.4071     87.219      0.341   0.286684     0.0812      6.283   747.9976 1.7396e+02     7.7286     -0.598     -0.868    17.1077 0.0000e+00
     -0.610 3.3970e-15     8.4069     87.219      0.362   0.305089     0.0811      6.285   740.7874 1.7502e+02     7.7405     -0.598     -0.868    17.1079 0.0000e+00
     -0.610 3.7367e-14     8.4107     87.204      0.371   0.312106     0.0984      6.286   737.0979 1.8855e+02     7.8870     -0.598     -0.867    17.1081 0.0000e+00
     -0.610 4.1103e-13     8.4081     87.217      0.366   0.308225     0.1071      6.286   737.5452 2.0861e+02     8.1343     -0.598     -0.867    17.1078 0.0000e+00
     -0.610 4.5213e-12     8.4108     87.224      0.382   0.321466     0.0946      6.285   738.8822 2.2149e+02     8.2371     -0.599     -0.868    17.1075 0.0000e+00
     -0.609 4.9735e-11     8.4128     87.202      0.411   0.345602     0.0887      6.285   738.9812 2.2421e+02     8.2408     -0.598     -0.866    17.1066 0.0000e+00
     -0.609 5.4708e-10     8.4062     87.205      0.412   0.346843     0.1030      6.286   736.9347 2.2551e+02     8.2821     -0.597     -0.867    17.1062 0.0000e+00
     -0.609 6.0179e-09     8.4109     87.216      0.400   0.336477     0.1087      6.287   735.3899 2.3304e+02     8.2578     -0.598     -0.867    17.1063 0.0000e+00
     -0.609 6.6197e-08     8.4137     87.207      0.412   0.346863     0.0912      6.287   735.2743 2.4699e+02     8.1865     -0.598     -0.867    17.1074 0.0000e+00
     -0.609 7.2817e-07     8.4060     87.198      0.411   0.345826     0.0829      6.287   735.1063 2.5809e+02     8.2063     -0.598     -0.867    17.1068 0.0000e+00
     -0.609      0.000     8.4088     87.190      0.385   0.323927     0.1005      6.288   733.7037 2.5974e+02     8.2915     -0.597     -0.866    17.1086 0.0000e+00
     -0.609      0.000     8.4120     87.196      0.398   0.335297     0.1202      6.289   730.8770 2.5364e+02     8.3632     -0.598     -0.867    17.1077 0.0000e+00
     -0.610      0.001     8.4072     87.213      0.573   0.483292     0.1378      6.289   719.3412 2.4714e+02     8.4232     -0.598     -0.867    17.1125 0.0000e+00
     -0.610      0.006     8.4091     87.209      2.345   1.986732     0.1562      6.270   594.5692 2.4670e+02     8.4704     -0.598     -0.867    17.1078 0.0000e+00
     -0.609      0.017     8.4050     87.173      5.787   4.965000     0.1593      6.271   363.7518 2.5320e+02     8.4555     -0.597     -0.866    17.1177 0.0000e+00
     -0.609      0.036     8.4079     87.106     11.979  10.599899     0.1329      6.410   236.6381 2.6303e+02     8.3465     -0.598     -0.867    17.1040 0.0000e+00
     -0.605      0.059     8.4071     87.030     23.510  21.286794     0.0959      6.720   209.3695 2.7167e+02     8.2792     -0.598     -0.867    17.1311 0.0000e+00
     -0.589      0.084     8.4129     86.970     34.021  31.226229     0.0855      7.124   174.5517 2.7956e+02     8.4622     -0.586     -0.850    17.0937 0.0000e+00
     -0.558      0.109     8.3795     86.931     37.661  34.960599     0.1074      7.541   152.0723 2.8875e+02    10.1832     -0.549     -0.796    17.2656 0.0000e+00
     -0.520      0.131     8.1702     86.910     38.038  35.631638     0.2279      7.897   149.4015 2.9800e+02    28.6430     -0.507     -0.735    18.4568 0.0000e+00
     -0.483      0.146     7.9186     86.904     38.194  36.042809     0.4354      8.149   151.8960 3.0778e+02    62.4329     -0.475     -0.689    19.9550 0.0000e+00
     -0.442      0.151     7.7715     86.904     38.204  36.317949     0.5517      8.302   154.8725 3.1836e+02    80.6925     -0.435     -0.633    20.8685 0.0000e+00
     -0.397      0.147     7.6791     86.914     38.057  36.422237     0.6272      8.388   157.0835 3.2738e+02    80.6367     -0.387     -0.561    21.4598 0.0000e+00
     -0.356      0.139     7.6174     86.959     37.874  36.416324     1.3816      8.433   158.3239 3.3412e+02    61.5191     -0.346     -0.501    21.8629 0.0000e+00
     -0.323      0.131     7.5738     87.040     37.667  36.310101     2.7568      8.466   159.3733 3.3984e+02    26.1131     -0.315     -0.457    22.1600 0.0000e+00
     -0.294      0.122     7.5205     87.162     37.465  36.152628     3.5058      8.514   160.3077 3.4583e+02     6.8135     -0.287     -0.417    22.5336 0.0000e+00
     -0.268      0.113     7.4679     87.351     37.336  36.034277     3.5786      8.574   162.0502 3.5248e+02     5.1150     -0.262     -0.381    22.8936 0.0000e+00
     -0.241      0.107     7.4422     87.576     37.316  36.020552     3.6282      8.627   164.6093 3.5980e+02     4.9616     -0.238     -0.344    23.1054 0.0000e+00
     -0.213      0.102     7.4343     87.810     37.401  36.113499     3.7234      8.666   165.6107 3.6674e+02     4.9251     -0.209     -0.302    23.2186 0.0000e+00
     -0.185      0.094     7.4352     88.178     37.492  36.206939     3.7729      8.692   164.8653 3.7257e+02     4.8778     -0.181     -0.262    23.2595 0.0000e+00
     -0.159      0.084     7.4573     89.247     37.557  36.262567     3.7595      8.713   164.9763 3.7730e+02     4.8678     -0.155     -0.225    23.2479 0.0000e+00
     -0.136      0.072     7.4740     91.222     37.586  36.278788     3.7614      8.730   166.0054 3.8070e+02     4.9408     -0.131     -0.190    23.2523 0.0000e+00
     -0.119      0.058     7.4937     93.052     37.585  36.276227     3.8288      8.744   166.1234 3.8334e+02     4.9404     -0.113     -0.165    23.2769 0.0000e+00
     -0.109      0.044     7.5026     93.890     37.591  36.295010     3.9341      8.757   165.5414 3.8622e+02     4.8289     -0.106     -0.154    23.2878 0.0000e+00
     -0.102      0.032     7.5684     94.004     37.596  36.315670     3.9776      8.771   165.0779 3.8912e+02     4.7207     -0.101     -0.146    23.2764 0.0000e+00
     -0.097      0.022     7.7969     93.790     37.609  36.335808     3.9637      8.785   164.8222 3.9064e+02     4.6571     -0.094     -0.136    23.2485 0.0000e+00
     -0.092      0.016     7.9865     93.246     37.622  36.348272     3.9819      8.797   164.7719 3.9068e+02     4.6740     -0.091     -0.130    23.2438 0.0000e+00
     -0.089      0.012     8.0310     92.466     37.616  36.339552     4.0402      8.807   164.5554 3.9023e+02     4.7546     -0.086     -0.126    23.2714 0.0000e+00
     -0.087      0.008     8.0218     91.691     37.571  36.293775     4.0770      8.817   164.3561 3.8999e+02     4.7778     -0.085     -0.124    23.2970 0.0000e+00
     -0.086      0.006     8.0089     90.964     37.514  36.238662     4.0689      8.823   164.7708 3.9001e+02     4.7158     -0.085     -0.123    23.3068 0.0000e+00
     -0.085      0.004     7.9631     90.548     37.514  36.243906     4.0510      8.829   165.5262 3.8987e+02     4.7222     -0.083     -0.121    23.3029 0.0000e+00
     -0.084      0.002     7.8786     90.684     37.562  36.293771     4.0439      8.834   166.2620 3.8957e+02     4.8543     -0.083     -0.120    23.2972 0.0000e+00
     -0.084      0.002     7.8253     91.163     37.604  36.334281     4.0413      8.839   166.9565 3.8883e+02     4.9466     -0.082     -0.119    23.2936 0.0000e+00
     -0.084      0.001     7.7500     91.777     37.626  36.353237     4.0443      8.844   167.5561 3.8726e+02     4.9505     -0.082     -0.119    23.2915 0.0000e+00
     -0.084      0.000     7.6986     92.532     37.607  36.332722     4.0293      8.850   168.1776 3.8527e+02     4.8671     -0.082     -0.119    23.3012 0.0000e+00
     -0.084 2.0352e-08     7.7247     93.402     37.552  36.276468     4.0019      8.855   169.1367 3.8365e+02     4.7239     -0.082     -0.119    23.3097 0.0000e+00
     -0.084 2.2387e-07     7.7711     94.221     37.520  36.243783     3.9965      8.861   170.1186 3.8211e+02     4.6885     -0.082     -0.119    23.3070 0.0000e+00
     -0.084 2.2387e-07     7.8231     94.939     37.528  36.254594     3.9968      8.868   170.4988 3.7966e+02     4.7119     -0.083     -0.120    23.3017 0.0000e+00
     -0.084 2.0380e-08     7.8843     95.490     37.548  36.280363     3.9972      8.874   169.8615 3.7633e+02     4.6658     -0.082     -0.119    23.3006 0.0000e+00
     -0.084 2.1583e-09     7.9712     95.778     37.565  36.301718     4.0100      8.879   168.2642 3.7242e+02     4.6089     -0.082     -0.119    23.2970 0.0000e+00
     -0.083 3.5576e-09     8.0387     95.883     37.583  36.322563     4.0351      8.882   166.5870 3.6822e+02     4.6041     -0.082     -0.118    23.2913 0.0000e+00
     -0.083 3.7299e-08     8.1003     95.863     37.601  36.342158     4.0593      8.882   165.4137 3.6474e+02     4.6765     -0.082     -0.118    23.2974 0.0000e+00
     -0.083 4.1012e-07     8.1539     95.705     37.606  36.348405     4.0692      8.881   164.4026 3.6269e+02     4.7329     -0.082     -0.119    23.3084 0.0000e+00
     -0.083      0.000     8.1699     95.472     37.591  36.334695     4.0797      8.880   163.3958 3.6161e+02     4.7049     -0.082     -0.118    23.3141 0.0000e+00
     -0.083      0.000     8.1770     95.206     37.561  36.303219     4.1035      8.878   163.2223 3.6087e+02     4.6802     -0.082     -0.118    23.3184 0.0000e+00
     -0.083      0.001     8.1776     94.883     37.545  36.284882     4.1244      8.878   163.8533 3.6068e+02     4.7075     -0.082     -0.119    23.3213 0.0000e+00
     -0.083      0.001     8.1606     94.540     37.569  36.303215     4.1318      8.878   164.1409 3.6094e+02     4.7273     -0.082     -0.118    23.3227 0.0000e+00
     -0.083      0.001     8.1379     94.189     37.608  36.334637     4.1268      8.878   164.1191 3.6101e+02     4.6124     -0.082     -0.119    23.3233 0.0000e+00
     -0.082      0.002     8.1199     93.789     37.625  36.347735     4.1133      8.879   164.1057 3.6090e+02     4.4456     -0.081     -0.118    23.3199 0.0000e+00
     -0.082      0.002     8.0894     93.384     37.612  36.334750     4.1113      8.882   164.1510 3.6114e+02     4.4178     -0.080     -0.116    23.3155 0.0000e+00
     -0.081      0.002     8.0601     93.027     37.580  36.304462     4.1184      8.887   165.0105 3.6181e+02     4.4809     -0.080     -0.115    23.3107 0.0000e+00
     -0.081      0.002     8.0354     92.715     37.576  36.298595     4.1247      8.892   166.4969 3.6256e+02     4.5609     -0.079     -0.115    23.3015 0.0000e+00
     -0.081      0.002     7.9994     92.492     37.606  36.327216     4.1208      8.895   167.4104 3.6344e+02     4.6332     -0.079     -0.115    23.2943 0.0000e+00
     -0.080      0.001     7.9619     92.336     37.614  36.333455     4.1040      8.898   167.5368 3.6437e+02     4.6377     -0.079     -0.114    23.2966 0.0000e+00
     -0.079      0.001     7.9338     92.129     37.594  36.310617     4.1048      8.901   167.2512 3.6465e+02     4.6489     -0.078     -0.112    23.2989 0.0000e+00
     -0.079      0.001     7.9045     91.832     37.589  36.304732     4.1476      8.904   166.7966 3.6415e+02     4.6659     -0.078     -0.112    23.2945 0.0000e+00
     -0.079      0.000     7.8849     91.482     37.609  36.325710     4.2056      8.904   166.3425 3.6352e+02     4.6042     -0.078     -0.113    23.2945 0.0000e+00
     -0.079      0.000     7.8789     91.136     37.658  36.374023     4.2229      8.902   165.8039 3.6298e+02     4.5173     -0.078     -0.113    23.2935 0.0000e+00
     -0.079     -0.001     7.8619     90.891     37.729  36.444997     4.2159      8.897   165.1027 3.6230e+02     4.4351     -0.078     -0.113    23.2854 0.0000e+00
     -0.080     -0.002     7.8353     90.805     37.770  36.486307     4.2117      8.893   164.5760 3.6120e+02     4.4641     -0.078     -0.113    23.2855 0.0000e+00
     -0.080     -0.002     7.8039     90.927     37.776  36.493037     4.1970      8.889   164.4260 3.5980e+02     4.5959     -0.079     -0.114    23.2890 0.0000e+00
     -0.081     -0.003     7.7704     91.425     37.813  36.526366     4.1884      8.886   164.1488 3.5835e+02     4.6619     -0.078     -0.113    23.2891 0.0000e+00
     -0.082     -0.003     7.7469     92.397     37.868  36.572212     4.1823      8.885   163.7193 3.5686e+02     4.6817     -0.079     -0.116    23.2931 0.0000e+00
     -0.084     -0.002     7.7408     93.778     37.910  36.603462     4.1653      8.886   163.6208 3.5560e+02     4.6639     -0.082     -0.119    23.2960 0.0000e+00
     -0.084     -0.002     7.7431     95.551     37.966  36.650536     4.1735      8.888   163.6466 3.5477e+02     4.5829     -0.083     -0.120    23.2968 0.0000e+00
     -0.084     -0.001     7.7807     97.607     38.024  36.697478     4.2159      8.889   163.7740 3.5429e+02     4.4893     -0.082     -0.119    23.2954 0.0000e+00
     -0.084     -0.000     7.8728     99.694     38.064  36.727121     4.2365      8.890   164.1282 3.5404e+02     4.4201     -0.083     -0.120    23.2835 0.0000e+00
     -0.083      0.001     7.9892    101.620     38.095  36.755285     4.2226      8.891   164.0579 3.5384e+02     4.3948     -0.082     -0.119    23.2694 0.0000e+00
     -0.082      0.001     8.1444    103.255     38.111  36.784343     4.2143      8.894   163.6118 3.5347e+02     4.4908     -0.081     -0.117    23.2621 0.0000e+00
     -0.082      0.001     8.3324    104.442     38.124  36.824819     4.2280      8.897   163.6389 3.5311e+02     4.6923     -0.081     -0.117    23.2516 0.0000e+00
     -0.082      0.001     8.5173    105.073     38.133  36.864235     4.2469      8.901   164.1269 3.5274e+02     4.8159     -0.081     -0.118    23.2372 0.0000e+00
     -0.082      0.001     8.6863    105.213     38.127  36.880490     4.2433      8.904   164.4361 3.5194e+02     4.7558     -0.081     -0.117    23.2275 0.0000e+00
     -0.082      0.001     8.8286    105.001     38.127  36.894554     4.2255      8.905   163.9353 3.5105e+02     4.5808     -0.081     -0.117    23.2435 0.0000e+00
