Data/DataNotYetUploadedToEDI/Raw_CTD/RawDownloads/052322_bvr50_0004.cnv
* Sea-Bird SBE19plus  Data File:
* FileName = C:\R\Reservoirs\Data\DataNotYetUploadedToEDI\Raw_CTD\RawDownloads\051722_bvr01_0004.hex
* Software version 2.8.0.119
* Temperature SN = 7809
* Conductivity SN = 7809
* System UpLoad Time = May 24 2022 16:17:24
* <ApplicationData>
* <Seaterm232>
# nquan = 15
# nvalues = 6312                        
# units = specified
# name 0 = depFM: Depth [fresh water, m]
# name 1 = dz/dtM: Descent Rate [m/s]
# name 2 = sbeox0Mg/L: Oxygen, SBE 43 [mg/l]
# name 3 = sbeox0PS: Oxygen, SBE 43 [% saturation]
# name 4 = specc: Specific Conductance [uS/cm]
# name 5 = c0uS/cm: Conductivity [uS/cm]
# name 6 = flECO-AFL: Fluorescence, WET Labs ECO-AFL/FL [mg/m^3]
# name 7 = ph: pH
# name 8 = orp: Oxidation Reduction Potential [mV]
# name 9 = par/sat/log: PAR/Logarithmic, Satlantic
# name 10 = turbWETntu0: Turbidity, WET Labs ECO [NTU]
# name 11 = prdM: Pressure, Strain Gauge [db]
# name 12 = prdE: Pressure, Strain Gauge [psi]
# name 13 = tv290C: Temperature [ITS-90, deg C]
# name 14 = flag:  0.000e+00
# span 0 =     -0.691,      9.191       
# span 1 =     -4.101,      0.156       
# span 2 =     0.0273,     9.2666       
# span 3 =      0.262,    105.575       
# span 4 =      0.535,     71.444       
# span 5 =   0.518189,  49.309269       
# span 6 =    -0.1635,    11.1877       
# span 7 =      6.178,      9.056       
# span 8 =  -136.0812,   397.2122       
# span 9 = 1.2361e-01, 6.9353e+02       
# span 10 =    -0.3339,    19.5342      
# span 11 =     -0.677,      9.014      
# span 12 =     -0.983,     13.073      
# span 13 =     9.4612,    24.4762      
# span 14 = 0.0000e+00, 0.0000e+00      
# interval = seconds: 0.25
# start_time = May 23 2022 08:54:00 [Instrument's time stamp, header]
# bad_flag = -9.990e-29
*END*
[from data line 1254]
      2.957      0.014     8.3464     87.028     27.573  23.200109     8.2556      8.533   257.7531 9.5228e+00     2.1666      2.901      4.207    17.1819 0.0000e+00
      2.959      0.022     8.3504     87.195     27.507  23.092372     8.2500      8.531   257.6706 9.5208e+00     2.1799      2.900      4.206    17.1452 0.0000e+00
      2.964      0.031     8.3609     87.334     27.522  23.021628     8.2666      8.530   257.6529 9.4682e+00     2.1627      2.904      4.212    17.1166 0.0000e+00
      2.975      0.041     8.3752     87.395     27.574  22.978356     8.2896      8.529   257.7972 9.3755e+00     2.1293      2.917      4.231    17.1015 0.0000e+00
      2.990      0.049     8.3943     87.305     27.622  22.949300     8.3197      8.526   257.9528 9.2822e+00     2.1522      2.931      4.251    17.0921 0.0000e+00
      3.005      0.053     8.4272     86.982     27.652  22.923715     8.3392      8.521   258.1578 9.1970e+00     2.2000      2.946      4.273    17.0003 0.0000e+00
      3.020      0.053     8.4747     86.380     27.695  22.922440     8.3337      8.517   258.5552 9.1055e+00     2.2294      2.961      4.296    16.8167 0.0000e+00
      3.036      0.047     8.5131     85.525     27.740  22.933841     8.2617      8.513   258.9714 9.0096e+00     2.2336      2.978      4.319    16.6478 0.0000e+00
      3.051      0.038     8.5302     84.548     27.756  22.934786     8.1266      8.510   259.2324 8.9477e+00     2.1830      2.995      4.343    16.5243 0.0000e+00
      3.061      0.028     8.5152     83.614     27.758  22.933843     8.0571      8.506   259.4740 8.9478e+00     2.1640      3.005      4.358    16.4378 0.0000e+00
      3.064      0.019     8.4682     82.845     27.748  22.922435     8.0535      8.503   259.8285 8.9723e+00     2.2088      3.006      4.359    16.3738 0.0000e+00
      3.064      0.011     8.3878     82.312     27.753  22.923599     7.9501      8.500   260.0766 8.9874e+00     2.1439      3.004      4.356    16.3230 0.0000e+00
      3.064      0.005     8.2883     81.981     27.780  22.947910     7.7548      8.497   260.0646 8.9975e+00     1.9594      3.004      4.356    16.3044 0.0000e+00
      3.065      0.002     8.1941     81.809     27.787  22.962897     7.6484      8.495   260.0271 9.0010e+00     1.8576      3.006      4.359    16.3067 0.0000e+00
      3.067      0.000     8.1139     81.779     27.793  22.978074     7.6379      8.493   260.1391 8.9990e+00     1.9038      3.008      4.363    16.3033 0.0000e+00
      3.067      0.000     8.0676     81.857     27.818  23.004689     7.5779      8.490   260.3011 9.0049e+00     1.9715      3.009      4.364    16.2926 0.0000e+00
      3.066     -0.001     8.0358     81.982     27.839  23.031219     7.4464      8.488   260.4369 9.0276e+00     1.9589      3.007      4.360    16.2933 0.0000e+00
      3.064     -0.002     8.0148     82.065     27.840  23.045369     7.3639      8.487   260.5756 9.0548e+00     1.9215      3.005      4.358    16.3166 0.0000e+00
      3.063     -0.002     8.0102     82.070     27.823  23.049042     7.3628      8.485   260.6884 9.0709e+00     1.9289      3.004      4.357    16.3383 0.0000e+00
      3.063     -0.002     8.0183     82.055     27.828  23.075657     7.3743      8.483   260.8542 9.0847e+00     1.9120      3.003      4.355    16.3420 0.0000e+00
      3.063     -0.002     8.0325     82.111     27.840  23.113697     7.3869      8.481   261.1177 9.1139e+00     1.8540      3.004      4.356    16.3576 0.0000e+00
      3.063     -0.003     8.0369     82.271     27.826  23.128787     7.4074      8.478   261.2937 9.1409e+00     1.8429      3.004      4.357    16.3858 0.0000e+00
      3.062     -0.006     8.0308     82.524     27.803  23.131402     7.4133      8.476   261.3476 9.1455e+00     1.8794      3.004      4.357    16.4130 0.0000e+00
      3.061     -0.009     8.0179     82.866     27.796  23.145339     7.4163      8.474   261.5104 9.1517e+00     1.9207      3.002      4.354    16.4521 0.0000e+00
      3.059     -0.013     8.0133     83.263     27.794  23.170569     7.4118      8.472   261.7994 9.1798e+00     1.9318      3.000      4.351    16.5095 0.0000e+00
      3.055     -0.014     8.0214     83.653     27.766  23.183000     7.3752      8.471   262.0029 9.2366e+00     1.9118      2.997      4.348    16.5615 0.0000e+00
      3.049     -0.011     8.0394     83.983     27.714  23.168941     7.3565      8.469   262.1629 9.3113e+00     1.9179      2.991      4.338    16.5951 0.0000e+00
      3.042     -0.004     8.0692     84.237     27.650  23.127373     7.3938      8.468   262.2715 9.3605e+00     1.9711      2.982      4.324    16.6259 0.0000e+00
      3.039      0.007     8.1024     84.422     27.579  23.060650     7.5683      8.465   262.2840 9.3543e+00     2.0769      2.977      4.318    16.6700 0.0000e+00
      3.041      0.020     8.1297     84.567     27.538  22.995902     7.8432      8.463   262.4010 9.3101e+00     2.1716      2.981      4.323    16.7470 0.0000e+00
      3.048      0.034     8.1507     84.695     27.578  22.978198     7.9790      8.461   262.6531 9.2354e+00     2.1591      2.988      4.333    16.8133 0.0000e+00
      3.062      0.046     8.1729     84.750     27.636  22.973272     7.9950      8.459   262.9230 9.1173e+00     2.1315      3.001      4.353    16.8240 0.0000e+00
      3.081      0.054     8.1918     84.710     27.650  22.936281     8.0038      8.455   263.0833 8.9956e+00     2.1451      3.023      4.384    16.8186 0.0000e+00
      3.097      0.057     8.2106     84.611     27.672  22.911116     7.9772      8.451   263.2148 8.8913e+00     2.1194      3.038      4.406    16.7688 0.0000e+00
      3.112      0.053     8.2480     84.448     27.732  22.922432     7.9389      8.448   263.3942 8.7771e+00     2.0944      3.050      4.424    16.6533 0.0000e+00
      3.128      0.043     8.2711     84.184     27.797  22.946311     7.9156      8.445   263.5313 8.6849e+00     2.1150      3.069      4.451    16.5545 0.0000e+00
      3.142      0.032     8.2782     83.778     27.815  22.946304     7.8365      8.442   263.7548 8.6410e+00     2.0958      3.084      4.473    16.4723 0.0000e+00
      3.147      0.022     8.2851     83.259     27.779  22.922333     7.6986      8.440   264.0311 8.6278e+00     2.0330      3.089      4.480    16.3878 0.0000e+00
      3.147      0.016     8.2807     82.718     27.748  22.909979     7.6135      8.437   264.2051 8.6350e+00     1.9710      3.086      4.477    16.3210 0.0000e+00
      3.145      0.013     8.2686     82.211     27.750  22.923690     7.5903      8.435   264.3097 8.6480e+00     1.9264      3.083      4.471    16.2620 0.0000e+00
      3.145      0.014     8.2334     81.780     27.770  22.961388     7.5843      8.431   264.4360 8.6442e+00     1.9030      3.082      4.470    16.2274 0.0000e+00
      3.149      0.018     8.1739     81.485     27.766  22.985570     7.5820      8.427   264.5269 8.6059e+00     1.8600      3.087      4.477    16.2496 0.0000e+00
      3.156      0.021     8.1134     81.356     27.720  22.962629     7.5876      8.424   264.6347 8.5417e+00     1.8501      3.094      4.488    16.2857 0.0000e+00
      3.165      0.021     8.0619     81.360     27.700  22.937510     7.5940      8.421   265.0502 8.4800e+00     1.8860      3.103      4.501    16.2920 0.0000e+00
      3.175      0.016     8.0099     81.420     27.723  22.935334     7.5842      8.419   265.5074 8.4439e+00     1.9179      3.114      4.517    16.3296 0.0000e+00
      3.181      0.010     7.9686     81.490     27.742  22.936290     7.5111      8.418   265.6026 8.4425e+00     1.9631      3.123      4.530    16.3979 0.0000e+00
      3.181      0.005     7.9517     81.610     27.760  22.949060     7.3675      8.416   265.5136 8.4718e+00     1.9539      3.122      4.529    16.4314 0.0000e+00
      3.176      0.001     7.9586     81.796     27.771  22.962989     7.2709      8.413   265.4627 8.5103e+00     1.8757      3.113      4.515    16.4091 0.0000e+00
      3.171     -0.001     7.9771     82.018     27.781  22.977956     7.2598      8.410   265.5038 8.5198e+00     1.8707      3.107      4.506    16.3547 0.0000e+00
      3.171     -0.002     7.9848     82.259     27.797  23.003295     7.2823      8.407   265.5807 8.4930e+00     1.9279      3.109      4.509    16.3259 0.0000e+00
      3.175     -0.001     7.9958     82.504     27.797  23.015882     7.3106      8.405   265.7042 8.4638e+00     1.9524      3.114      4.516    16.3296 0.0000e+00
      3.178     -0.001     8.0146     82.697     27.770  23.003427     7.3185      8.402   265.8786 8.4597e+00     1.9621      3.118      4.522    16.3378 0.0000e+00
      3.178     -0.001     8.0344     82.762     27.736  22.979448     7.3033      8.400   266.0543 8.4840e+00     1.9421      3.117      4.521    16.3486 0.0000e+00
      3.174     -0.002     8.0549     82.710     27.733  22.979448     7.2924      8.398   266.2800 8.5076e+00     1.9165      3.112      4.514    16.3716 0.0000e+00
      3.171     -0.002     8.0749     82.601     27.757  23.003437     7.2873      8.397   266.4566 8.5149e+00     1.9251      3.109      4.509    16.4000 0.0000e+00
      3.170     -0.001     8.0961     82.508     27.767  23.016016     7.2658      8.395   266.5547 8.5181e+00     1.9099      3.108      4.508    16.4176 0.0000e+00
      3.171      0.000     8.0999     82.498     27.750  23.004796     7.2404      8.392   266.6914 8.5129e+00     1.9033      3.110      4.510    16.4209 0.0000e+00
      3.172      0.002     8.0918     82.565     27.735  22.994530     7.2056      8.390   266.9050 8.4932e+00     1.9471      3.111      4.512    16.4253 0.0000e+00
      3.174      0.003     8.0779     82.673     27.760  23.018632     7.1621      8.388   267.0718 8.4812e+00     1.9960      3.113      4.515    16.4342 0.0000e+00
      3.175      0.003     8.0634     82.802     27.782  23.042723     7.1463      8.386   267.1593 8.4890e+00     1.9817      3.114      4.517    16.4412 0.0000e+00
      3.175      0.002     8.0630     82.927     27.761  23.032333     7.1391      8.385   267.3620 8.5003e+00     1.8769      3.114      4.516    16.4464 0.0000e+00
      3.175      0.001     8.0706     83.018     27.736  23.019761     7.1251      8.384   267.6295 8.5005e+00     1.8223      3.113      4.515    16.4494 0.0000e+00
      3.175      0.000     8.0805     83.051     27.728  23.017474     7.1272      8.382   267.8117 8.4907e+00     1.9022      3.114      4.516    16.4558 0.0000e+00
      3.175 1.1168e-07     8.0923     83.035     27.714  23.004688     7.1312      8.381   267.9306 8.4872e+00     1.9543      3.114      4.516    16.4640 0.0000e+00
      3.175      0.000     8.1037     83.010     27.701  22.991898     7.1312      8.380   268.0348 8.4912e+00     1.9066      3.114      4.516    16.4770 0.0000e+00
      3.176      0.000     8.1098     83.002     27.705  22.989581     7.1362      8.377   268.1245 8.4968e+00     1.8715      3.114      4.517    16.4985 0.0000e+00
      3.176      0.000     8.1118     83.020     27.702  22.976661     7.1085      8.375   268.1550 8.5096e+00     1.9057      3.114      4.517    16.5064 0.0000e+00
      3.175      0.001     8.1091     83.059     27.701  22.962416     7.0550      8.375   268.2320 8.5198e+00     1.9790      3.113      4.515    16.4985 0.0000e+00
      3.175      0.005     8.1062     83.089     27.698  22.944078     7.0220      8.373   268.3672 8.5152e+00     1.9715      3.114      4.516    16.4988 0.0000e+00
      3.176      0.012     8.1065     83.073     27.643  22.881660     7.0169      8.371   268.3267 8.5007e+00     1.8835      3.114      4.516    16.4915 0.0000e+00
      3.177      0.022     8.1119     82.978     27.550  22.778040     7.1181      8.369   268.2590 8.4864e+00     1.8714      3.116      4.519    16.4678 0.0000e+00
      3.181      0.036     8.1213     82.789     27.523  22.705135     7.3132      8.368   268.4082 8.4439e+00     1.9283      3.118      4.522    16.4437 0.0000e+00
      3.189      0.051     8.1303     82.503     27.598  22.697194     7.4202      8.366   268.5825 8.3353e+00     1.9561      3.123      4.531    16.4157 0.0000e+00
      3.206      0.063     8.1350     82.134     27.666  22.681939     7.4047      8.362   268.6459 8.1828e+00     1.9340      3.141      4.556    16.3876 0.0000e+00
      3.230      0.068     8.1314     81.713     27.698  22.647335     7.1671      8.359   268.7439 8.0198e+00     1.8998      3.167      4.593    16.3539 0.0000e+00
      3.255      0.065     8.1296     81.230     27.763  22.658955     6.7535      8.356   268.9933 7.8772e+00     1.9189      3.194      4.632    16.2589 0.0000e+00
      3.277      0.055     8.1260     80.634     27.827  22.695636     6.5395      8.353   269.3390 7.7892e+00     1.9593      3.218      4.667    16.1151 0.0000e+00
      3.291      0.040     8.1103     79.922     27.843  22.710606     6.5192      8.351   269.5675 7.7620e+00     1.9438      3.231      4.687    15.9840 0.0000e+00
      3.295      0.024     8.0894     79.176     27.837  22.713213     6.4916      8.348   269.6912 7.7800e+00     1.8683      3.233      4.690    15.8641 0.0000e+00
      3.294      0.012     8.0585     78.484     27.842  22.727172     6.4393      8.345   269.8890 7.8106e+00     1.7641      3.230      4.686    15.7834 0.0000e+00
      3.291      0.004     8.0027     77.881     27.861  22.752644     6.3945      8.341   270.0658 7.8248e+00     1.7088      3.227      4.679    15.7666 0.0000e+00
      3.289      0.000     7.9267     77.388     27.861  22.767726     6.3908      8.339   270.1942 7.8164e+00     1.7121      3.224      4.676    15.7768 0.0000e+00
      3.291      0.000     7.8465     77.082     27.849  22.782796     6.4020      8.337   270.3233 7.8017e+00     1.7021      3.227      4.680    15.7916 0.0000e+00
      3.293      0.001     7.7736     77.052     27.847  22.808146     6.4304      8.334   270.4219 7.7973e+00     1.6902      3.231      4.685    15.8129 0.0000e+00
      3.294      0.002     7.7122     77.284     27.835  22.820785     6.4932      8.330   270.4390 7.8026e+00     1.7050      3.231      4.687    15.8232 0.0000e+00
      3.294      0.002     7.6569     77.678     27.805  22.808900     6.5282      8.329   270.4441 7.8150e+00     1.7095      3.231      4.686    15.8471 0.0000e+00
      3.293      0.001     7.6127     78.133     27.780  22.791197     6.5294      8.329   270.5703 7.8241e+00     1.6766      3.229      4.683    15.9007 0.0000e+00
      3.292      0.000     7.6028     78.602     27.792  22.796855     6.5655      8.328   270.7604 7.8277e+00     1.6491      3.227      4.681    15.9504 0.0000e+00
      3.293      0.000     7.6234     79.061     27.821  22.813930     6.6327      8.326   270.9364 7.8238e+00     1.6843      3.229      4.683    15.9942 0.0000e+00
      3.294      0.001     7.6613     79.436     27.818  22.807532     6.6757      8.324   271.0634 7.8123e+00     1.7258      3.231      4.686    16.0206 0.0000e+00
      3.294      0.001     7.7080     79.646     27.788  22.782869     6.6863      8.322   271.1767 7.8150e+00     1.6732      3.231      4.686    16.0220 0.0000e+00
      3.294      0.001     7.7550     79.694     27.763  22.769213     6.7103      8.321   271.2745 7.8265e+00     1.5943      3.230      4.685    16.0107 0.0000e+00
      3.294      0.000     7.8067     79.665     27.751  22.769164     6.7667      8.319   271.2992 7.8315e+00     1.6267      3.230      4.685    15.9960 0.0000e+00
      3.293 1.8469e-08     7.8482     79.633     27.757  22.782294     6.8111      8.316   271.3024 7.8361e+00     1.7238      3.230      4.684    15.9884 0.0000e+00
      3.293 2.0316e-07     7.8698     79.602     27.776  22.801243     6.8218      8.314   271.3999 7.8446e+00     1.7773      3.229      4.684    15.9854 0.0000e+00
