Data/DataNotYetUploadedToEDI/Raw_CTD/RawDownloads/052322_bvr40_0003.cnv
* Sea-Bird SBE19plus  Data File:
* FileName = C:\R\Reservoirs\Data\DataNotYetUploadedToEDI\Raw_CTD\RawDownloads\051722_bvr01_0003.hex
* Software version 2.8.0.119
* Temperature SN = 7809
* Conductivity SN = 7809
* System UpLoad Time = May 24 2022 16:14:48
* <ApplicationData>
* <Seaterm232>
# nquan = 15
# nvalues = 2781                        
# units = specified
# name 0 = depFM: Depth [fresh water, m]
# name 1 = dz/dtM: Descent Rate [m/s]
# name 2 = sbeox0Mg/L: Oxygen, SBE 43 [mg/l]
# name 3 = sbeox0PS: Oxygen, SBE 43 [% saturation]
# name 4 = specc: Specific Conductance [uS/cm]
# name 5 = c0uS/cm: Conductivity [uS/cm]
# name 6 = flECO-AFL: Fluorescence, WET Labs ECO-AFL/FL [mg/m^3]
# name 7 = ph: pH
# name 8 = orp: Oxidation Reduction Potential [mV]
# name 9 = par/sat/log: PAR/Logarithmic, Satlantic
# name 10 = turbWETntu0: Turbidity, WET Labs ECO [NTU]
# name 11 = prdM: Pressure, Strain Gauge [db]
# name 12 = prdE: Pressure, Strain Gauge [psi]
# name 13 = tv290C: Temperature [ITS-90, deg C]
# name 14 = flag:  0.000e+00
# span 0 =     -0.688,      4.040       
# span 1 =     -0.215,      0.132       
# span 2 =     0.0796,     9.2492       
# span 3 =      0.884,    104.771       
# span 4 =      0.564,    139.498       
# span 5 =   0.557452, 106.601353       
# span 6 =    -0.1451,     6.4376       
# span 7 =      7.246,      8.831       
# span 8 =    89.5730,   488.6834       
# span 9 = 2.7575e-01, 6.3701e+01       
# span 10 =    -0.3621,    34.6910      
# span 11 =     -0.675,      3.962      
# span 12 =     -0.979,      5.746      
# span 13 =    13.0542,    24.5192      
# span 14 = 0.0000e+00, 0.0000e+00      
# interval = seconds: 0.25
# start_time = May 23 2022 07:48:06 [Instrument's time stamp, header]
# bad_flag = -9.990e-29
*END*
[from data line 193]
      0.346      0.026     7.6726     92.155     26.690  26.432826     3.9161      8.372   204.6577 9.9529e+00     2.8554      0.342      0.496    24.5151 0.0000e+00
      0.344      0.014     7.6662     92.263     26.680  26.423078     3.8878      8.373   204.9223 1.0029e+01     2.8473      0.337      0.489    24.5144 0.0000e+00
      0.342      0.004     7.6684     92.353     26.698  26.441100     3.8681      8.375   205.3048 1.0067e+01     2.8296      0.333      0.483    24.5140 0.0000e+00
      0.342      0.000     7.6726     92.410     26.718  26.460586     3.8356      8.377   205.4967 1.0032e+01     2.8464      0.334      0.484    24.5140 0.0000e+00
      0.344     -0.001     7.6830     92.408     26.726  26.468539     3.7860      8.378   205.3494 9.9794e+00     2.9142      0.338      0.490    24.5138 0.0000e+00
      0.345      0.000     7.6925     92.361     26.732  26.473871     3.7520      8.379   205.2446 9.9546e+00     2.9313      0.340      0.493    24.5136 0.0000e+00
      0.345      0.001     7.7000     92.311     26.720  26.461686     3.7403      8.380   205.4342 9.9481e+00     2.8827      0.339      0.492    24.5129 0.0000e+00
      0.344      0.001     7.7066     92.292     26.707  26.447972     3.7027      8.380   205.6634 9.9201e+00     2.9075      0.336      0.488    24.5124 0.0000e+00
      0.343      0.002     7.7057     92.290     26.694  26.434814     3.6383      8.381   205.6063 9.8558e+00     2.9579      0.335      0.486    24.5123 0.0000e+00
      0.343      0.005     7.7003     92.240     26.689  26.429358     3.6031      8.382   205.5180 9.7395e+00     2.9458      0.336      0.487    24.5112 0.0000e+00
      0.345      0.012     7.6950     92.110     26.706  26.445377     3.6008      8.385   205.8009 9.6123e+00     2.8970      0.339      0.492    24.5100 0.0000e+00
      0.347      0.022     7.6939     91.982     26.699  26.438358     3.6608      8.387   206.2734 9.5129e+00     2.8468      0.341      0.494    24.5095 0.0000e+00
      0.349      0.033     7.6960     91.922     26.669  26.407873     3.7794      8.388   206.5849 9.4149e+00     2.8505      0.341      0.494    24.5088 0.0000e+00
      0.358      0.040     7.6949     91.917     26.654  26.393696     3.8527      8.388   206.5549 9.2817e+00     2.8730      0.347      0.503    24.5075 0.0000e+00
      0.375      0.043     7.6796     91.929     26.654  26.393706     3.8646      8.389   206.3413 9.1131e+00     2.8457      0.365      0.531    24.5055 0.0000e+00
      0.397      0.043     7.6670     91.943     26.669  26.407988     3.8571      8.389   206.4110 8.9971e+00     2.7942      0.391      0.568    24.5047 0.0000e+00
      0.412      0.038     7.6631     91.994     26.701  26.439614     3.8283      8.390   206.7963 8.9756e+00     2.7629      0.408      0.591    24.5051 0.0000e+00
      0.418      0.028     7.6636     92.074     26.721  26.459195     3.7824      8.390   207.1276 8.9931e+00     2.8087      0.411      0.596    24.5042 0.0000e+00
      0.419      0.018     7.6665     92.128     26.716  26.454586     3.7599      8.390   207.2333 9.0312e+00     2.9039      0.411      0.596    24.5043 0.0000e+00
      0.419      0.008     7.6643     92.128     26.710  26.447272     3.7573      8.390   207.2137 9.0795e+00     2.9234      0.411      0.596    24.5054 0.0000e+00
      0.419      0.003     7.6695     92.081     26.697  26.434145     3.7505      8.390   207.2357 9.1090e+00     2.9084      0.412      0.597    24.5055 0.0000e+00
      0.419      0.002     7.6786     92.013     26.687  26.422622     3.7527      8.390   207.4129 9.1380e+00     2.9264      0.411      0.596    24.5053 0.0000e+00
      0.420      0.002     7.6835     91.962     26.699  26.434713     3.7752      8.390   207.6350 9.1732e+00     2.9019      0.412      0.597    24.5049 0.0000e+00
      0.421      0.002     7.6838     91.953     26.718  26.453569     3.7983      8.390   207.7710 9.1733e+00     2.8855      0.413      0.598    24.5029 0.0000e+00
      0.422      0.001     7.6791     91.983     26.724  26.460464     3.7993      8.390   207.8510 9.1379e+00     2.8992      0.414      0.600    24.5001 0.0000e+00
      0.422      0.001     7.6729     92.037     26.718  26.454702     3.7949      8.391   207.8281 9.1206e+00     2.8625      0.415      0.602    24.4986 0.0000e+00
      0.422      0.001     7.6673     92.099     26.710  26.447284     3.8117      8.392   207.7528 9.1351e+00     2.8520      0.415      0.602    24.4986 0.0000e+00
      0.421      0.003     7.6670     92.146     26.697  26.434155     3.8361      8.392   207.8872 9.1652e+00     2.8746      0.413      0.599    24.4996 0.0000e+00
      0.421      0.007     7.6696     92.171     26.686  26.422725     3.8321      8.393   208.2487 9.1910e+00     2.8620      0.412      0.597    24.5012 0.0000e+00
      0.422      0.014     7.6743     92.178     26.698  26.435845     3.8130      8.395   208.7677 9.1847e+00     2.8710      0.413      0.598    24.5020 0.0000e+00
      0.425      0.023     7.6806     92.168     26.728  26.466026     3.8130      8.396   209.3449 9.1521e+00     2.9148      0.415      0.602    24.5017 0.0000e+00
      0.432      0.030     7.6845     92.126     26.732  26.470739     3.8329      8.396   209.6344 9.1001e+00     2.9138      0.421      0.610    24.5014 0.0000e+00
      0.443      0.035     7.6867     92.081     26.690  26.429453     3.9119      8.397   209.6876 9.0314e+00     2.8579      0.433      0.628    24.5009 0.0000e+00
      0.457      0.037     7.6864     92.060     26.671  26.410505     4.0354      8.399   209.8154 8.9789e+00     2.8206      0.449      0.651    24.5013 0.0000e+00
      0.469      0.036     7.6869     92.022     26.692  26.431786     4.1022      8.399   210.0610 8.9500e+00     2.8384      0.460      0.667    24.5037 0.0000e+00
      0.477      0.032     7.6820     91.953     26.693  26.433232     4.1202      8.398   210.4210 8.9605e+00     2.8681      0.467      0.678    24.5063 0.0000e+00
      0.484      0.026     7.6756     91.902     26.687  26.427989     4.1198      8.398   210.8120 9.0251e+00     2.8716      0.474      0.688    24.5071 0.0000e+00
      0.489      0.019     7.6772     91.897     26.691  26.431776     4.1146      8.398   211.0893 9.0971e+00     2.8471      0.480      0.696    24.5072 0.0000e+00
      0.493      0.013     7.6741     91.921     26.676  26.415644     4.1406      8.399   211.2778 9.1707e+00     2.8113      0.484      0.702    24.5072 0.0000e+00
      0.496      0.007     7.6664     91.956     26.684  26.423075     4.1755      8.399   211.4564 9.2697e+00     2.8143      0.487      0.706    24.5073 0.0000e+00
      0.497      0.002     7.6607     92.004     26.720  26.458241     4.1876      8.399   211.6146 9.3753e+00     2.8494      0.488      0.707    24.5076 0.0000e+00
      0.496     -0.002     7.6615     92.056     26.723  26.460545     4.1372      8.399   211.8136 9.4933e+00     2.8602      0.487      0.706    24.5077 0.0000e+00
      0.494     -0.005     7.6642     92.096     26.714  26.450931     4.0397      8.399   212.0559 9.6290e+00     2.8418      0.485      0.703    24.5072 0.0000e+00
      0.491     -0.006     7.6668     92.096     26.732  26.468758     3.9911      8.399   212.1350 9.7479e+00     2.8327      0.482      0.699    24.5057 0.0000e+00
      0.489     -0.006     7.6717     92.047     26.749  26.485949     3.9902      8.398   212.0826 9.8535e+00     2.8527      0.480      0.696    24.5034 0.0000e+00
      0.488     -0.005     7.6766     92.008     26.731  26.468644     3.9626      8.398   212.0236 9.9876e+00     2.8440      0.479      0.694    24.5012 0.0000e+00
      0.486     -0.002     7.6808     92.009     26.712  26.449674     3.9075      8.398   212.0237 1.0155e+01     2.7957      0.477      0.691    24.5008 0.0000e+00
      0.486      0.001     7.6821     92.033     26.710  26.446717     3.8735      8.398   212.1699 1.0327e+01     2.8154      0.476      0.690    24.5015 0.0000e+00
      0.487      0.003     7.6748     92.087     26.696  26.432899     3.8765      8.398   212.3285 1.0483e+01     2.8778      0.477      0.692    24.5022 0.0000e+00
      0.488      0.005     7.6699     92.158     26.673  26.409360     3.9519      8.398   212.3935 1.0598e+01     2.8673      0.478      0.694    24.5035 0.0000e+00
      0.491      0.006     7.6725     92.182     26.679  26.415635     4.0854      8.399   212.4390 1.0683e+01     2.8247      0.480      0.697    24.5033 0.0000e+00
      0.494      0.006     7.6732     92.143     26.709  26.445388     4.1585      8.399   212.5352 1.0758e+01     2.8066      0.484      0.702    24.5013 0.0000e+00
      0.496      0.005     7.6779     92.103     26.716  26.452198     4.1616      8.399   212.6962 1.0808e+01     2.8188      0.487      0.706    24.5002 0.0000e+00
      0.496      0.004     7.6869     92.107     26.697  26.434588     4.1240      8.399   212.8372 1.0852e+01     2.8697      0.487      0.706    24.5003 0.0000e+00
      0.495      0.004     7.6899     92.143     26.685  26.422610     4.0444      8.399   212.8624 1.0898e+01     2.8750      0.486      0.704    24.5004 0.0000e+00
      0.495      0.006     7.6831     92.153     26.697  26.434144     3.9894      8.399   212.7437 1.0927e+01     2.8148      0.486      0.704    24.5006 0.0000e+00
      0.496      0.010     7.6788     92.104     26.710  26.447284     3.9837      8.400   212.6059 1.0952e+01     2.7916      0.487      0.706    24.5008 0.0000e+00
      0.498      0.018     7.6791     92.059     26.717  26.454723     4.0002      8.400   212.6588 1.0979e+01     2.7990      0.488      0.708    24.5015 0.0000e+00
      0.502      0.028     7.6844     92.075     26.722  26.460693     4.0646      8.401   212.9538 1.0970e+01     2.8359      0.491      0.712    24.5022 0.0000e+00
      0.510      0.037     7.6871     92.127     26.717  26.456083     4.1634      8.401   213.3329 1.0904e+01     2.8963      0.499      0.723    24.5021 0.0000e+00
      0.521      0.042     7.6800     92.153     26.724  26.462373     4.2042      8.401   213.3705 1.0782e+01     2.9136      0.509      0.738    24.5023 0.0000e+00
      0.537      0.042     7.6738     92.137     26.735  26.473367     4.1993      8.403   213.1502 1.0605e+01     2.9432      0.525      0.762    24.5032 0.0000e+00
      0.555      0.039     7.6762     92.089     26.724  26.462248     4.1552      8.405   213.1637 1.0460e+01     2.9466      0.547      0.793    24.5043 0.0000e+00
      0.567      0.034     7.6830     91.981     26.716  26.454702     4.0616      8.405   213.4492 1.0432e+01     2.8871      0.559      0.812    24.5050 0.0000e+00
      0.570      0.027     7.6855     91.801     26.707  26.445502     4.0083      8.405   213.8485 1.0463e+01     2.8379      0.560      0.811    24.5056 0.0000e+00
      0.571      0.019     7.6827     91.623     26.677  26.414389     3.9930      8.405   214.0330 1.0461e+01     2.7964      0.559      0.811    24.5059 0.0000e+00
      0.575      0.013     7.6803     91.570     26.659  26.395419     3.9689      8.405   213.9605 1.0425e+01     2.7948      0.564      0.818    24.5059 0.0000e+00
      0.579      0.011     7.6725     91.668     26.670  26.406280     3.9493      8.405   213.9176 1.0405e+01     2.8183      0.568      0.824    24.5050 0.0000e+00
      0.582      0.010     7.6553     91.807     26.683  26.418947     3.9395      8.405   213.8588 1.0398e+01     2.8072      0.571      0.829    24.5030 0.0000e+00
      0.584      0.008     7.6361     91.892     26.686  26.421807     3.9336      8.403   213.6798 1.0371e+01     2.7973      0.573      0.831    24.5011 0.0000e+00
      0.587      0.004     7.6299     91.906     26.705  26.440872     3.9198      8.403   213.5598 1.0327e+01     2.8356      0.575      0.834    24.4995 0.0000e+00
      0.589     -0.001     7.6439     91.914     26.723  26.459320     3.8972      8.405   213.6123 1.0287e+01     2.8947      0.578      0.838    24.4986 0.0000e+00
      0.589     -0.004     7.6581     91.979     26.718  26.454720     3.8855      8.406   213.7125 1.0280e+01     2.8971      0.579      0.840    24.4983 0.0000e+00
      0.586     -0.006     7.6658     92.047     26.712  26.448634     3.8782      8.406   213.8252 1.0322e+01     2.8310      0.576      0.836    24.4992 0.0000e+00
      0.581     -0.006     7.6645     92.026     26.712  26.449115     3.8837      8.406   213.9422 1.0359e+01     2.8127      0.569      0.825    24.5006 0.0000e+00
      0.576     -0.005     7.6614     91.923     26.723  26.460536     3.9102      8.407   214.0941 1.0345e+01     2.8803      0.564      0.818    24.5011 0.0000e+00
      0.576     -0.003     7.6695     91.793     26.723  26.459952     3.9236      8.407   214.2854 1.0306e+01     2.8976      0.564      0.818    24.5012 0.0000e+00
      0.578     -0.001     7.6797     91.702     26.705  26.442056     3.9293      8.407   214.4474 1.0278e+01     2.8508      0.567      0.822    24.5010 0.0000e+00
      0.581      0.001     7.6761     91.702     26.698  26.434303     3.9459      8.408   214.5912 1.0260e+01     2.8266      0.570      0.827    24.5017 0.0000e+00
      0.582      0.001     7.6659     91.743     26.693  26.429588     4.0083      8.408   214.5609 1.0253e+01     2.8438      0.572      0.829    24.5021 0.0000e+00
      0.580      0.002     7.6537     91.763     26.711  26.448437     4.1174      8.408   214.3398 1.0256e+01     2.8877      0.569      0.825    24.5019 0.0000e+00
      0.578      0.006     7.6427     91.775     26.735  26.472061     4.1740      8.409   214.2416 1.0246e+01     2.8795      0.566      0.822    24.5015 0.0000e+00
      0.578      0.012     7.6458     91.830     26.725  26.461688     4.1773      8.410   214.2338 1.0212e+01     2.8125      0.566      0.822    24.5009 0.0000e+00
      0.580      0.018     7.6517     91.924     26.712  26.449789     4.2576      8.410   214.0728 1.0130e+01     2.8299      0.567      0.823    24.5015 0.0000e+00
      0.587      0.022     7.6523     91.997     26.717  26.454949     4.4123      8.410   213.9294 9.9762e+00     2.9524      0.572      0.831    24.5020 0.0000e+00
      0.600      0.022     7.6513     92.010     26.723  26.460703     4.4992      8.411   213.9631 9.8072e+00     3.0299      0.588      0.852    24.5019 0.0000e+00
      0.611      0.021     7.6554     91.986     26.719  26.455970     4.5007      8.412   214.0498 9.7218e+00     2.9815      0.603      0.874    24.5021 0.0000e+00
      0.615      0.021     7.6662     91.980     26.724  26.461113     4.4472      8.413   214.2028 9.7225e+00     2.8797      0.606      0.877    24.5026 0.0000e+00
      0.613      0.020     7.6734     92.024     26.723  26.459498     4.3692      8.413   214.3511 9.7215e+00     2.8582      0.601      0.871    24.5035 0.0000e+00
      0.613      0.020     7.6735     92.091     26.699  26.436440     4.3474      8.412   214.3797 9.6710e+00     2.8917      0.599      0.869    24.5035 0.0000e+00
      0.618      0.021     7.6697     92.114     26.698  26.435845     4.3502      8.412   214.3771 9.5651e+00     2.8743      0.605      0.878    24.5032 0.0000e+00
      0.628      0.021     7.6681     92.054     26.714  26.452311     4.2537      8.413   214.2340 9.4481e+00     2.8192      0.617      0.895    24.5021 0.0000e+00
      0.638      0.021     7.6725     91.935     26.707  26.445388     4.0797      8.415   214.0250 9.3592e+00     2.8064      0.627      0.909    24.5014 0.0000e+00
      0.645      0.019     7.6806     91.805     26.677  26.415511     3.9858      8.415   214.0879 9.3021e+00     2.8563      0.633      0.918    24.5028 0.0000e+00
      0.649      0.015     7.6841     91.722     26.671  26.407982     3.9841      8.414   214.3061 9.3053e+00     2.8760      0.638      0.927    24.5039 0.0000e+00
      0.649      0.011     7.6771     91.689     26.683  26.417740     3.9917      8.414   214.4262 9.3348e+00     2.8396      0.636      0.924    24.5045 0.0000e+00
