Data/DataNotYetUploadedToEDI/Raw_CTD/RawDownloads/052322_fcr50_0007.cnv
* Sea-Bird SBE19plus  Data File:
* FileName = C:\R\Reservoirs\Data\DataNotYetUploadedToEDI\Raw_CTD\RawDownloads\051722_bvr01_0007.hex
* Software version 2.8.0.119
* Temperature SN = 7809
* Conductivity SN = 7809
* System UpLoad Time = May 24 2022 16:19:47
* <ApplicationData>
* <Seaterm232>
# nquan = 15
# nvalues = 3869                        
# units = specified
# name 0 = depFM: Depth [fresh water, m]
# name 1 = dz/dtM: Descent Rate [m/s]
# name 2 = sbeox0Mg/L: Oxygen, SBE 43 [mg/l]
# name 3 = sbeox0PS: Oxygen, SBE 43 [% saturation]
# name 4 = specc: Specific Conductance [uS/cm]
# name 5 = c0uS/cm: Conductivity [uS/cm]
# name 6 = flECO-AFL: Fluorescence, WET Labs ECO-AFL/FL [mg/m^3]
# name 7 = ph: pH
# name 8 = orp: Oxidation Reduction Potential [mV]
# name 9 = par/sat/log: PAR/Logarithmic, Satlantic
# name 10 = turbWETntu0: Turbidity, WET Labs ECO [NTU]
# name 11 = prdM: Pressure, Strain Gauge [db]
# name 12 = prdE: Pressure, Strain Gauge [psi]
# name 13 = tv290C: Temperature [ITS-90, deg C]
# name 14 = flag:  0.000e+00
# span 0 =     -0.612,      9.758       
# span 1 =     -0.594,      0.151       
# span 2 =     0.0648,    13.0499       
# span 3 =      0.571,    143.937       
# span 4 =      0.231,    469.383       
# span 5 =   0.195060, 317.377446       
# span 6 =    -0.1587,    89.6372       
# span 7 =      6.157,      9.611       
# span 8 =    65.2791,   807.7559       
# span 9 = 1.2362e-01, 6.8633e+02       
# span 10 =    -0.3596,   352.7285      
# span 11 =     -0.601,      9.570      
# span 12 =     -0.871,     13.880      
# span 13 =     8.7997,    23.5383      
# span 14 = 0.0000e+00, 0.0000e+00      
# interval = seconds: 0.25
# start_time = May 23 2022 11:07:57 [Instrument's time stamp, header]
# bad_flag = -9.990e-29
*END*
[from data line 3663]
      0.181     -0.027    11.6842    128.066     38.005  34.170485     5.6757      8.335   188.5094 1.2235e+02     5.8957      0.177      0.258    19.7692 0.0000e+00
      0.181     -0.037    11.6925    127.891     38.008  34.178510     5.5850      8.343   188.6990 1.2328e+02     5.6537      0.178      0.259    19.8088 0.0000e+00
      0.177     -0.051    11.6886    127.654     38.045  34.220469     5.4007      8.348   188.8213 1.2633e+02     5.1577      0.178      0.258    19.8574 0.0000e+00
      0.161     -0.068    11.6718    127.438     38.084  34.297382     5.2866      8.353   188.6103 1.3153e+02     4.8868      0.163      0.236    19.9188 0.0000e+00
      0.133     -0.085    11.6533    127.384     38.132  34.411044     5.2785      8.358   188.2994 1.3772e+02     4.8719      0.128      0.186    19.9670 0.0000e+00
      0.104     -0.096    11.6386    127.554     38.157  34.516919     5.2699      8.362   188.0734 1.4308e+02     4.7725      0.101      0.147    19.9581 0.0000e+00
      0.077     -0.102    11.6179    127.821     38.106  34.563111     5.2168      8.365   187.5980 1.5166e+02     4.5394      0.077      0.112    19.9461 0.0000e+00
      0.048     -0.105    11.5775    128.050     38.040  34.589230     5.1690      8.367   186.9395 1.6388e+02     4.4102      0.044      0.064    20.0113 0.0000e+00
      0.023     -0.108    11.5444    128.121     38.095  34.706025     5.1493      8.371   186.8239 1.7584e+02     4.4061      0.020      0.029    20.1139 0.0000e+00
      0.000     -0.111    11.5442    127.936     38.222  34.897411     5.1373      8.377   187.0603 1.8427e+02     4.4221      0.002      0.002    20.2176 0.0000e+00
     -0.025     -0.113    11.5418    127.572     38.207  35.001117     5.0814      8.383   186.9587 1.8637e+02     4.5355     -0.022     -0.032    20.3478 0.0000e+00
     -0.058     -0.110    11.5363    127.244     38.073  35.008969     4.9894      8.388   186.2831 1.8400e+02     4.7515     -0.055     -0.079    20.4761 0.0000e+00
     -0.095     -0.103    11.5323    126.998     37.951  34.992537     4.9490      8.393   185.6034 1.8103e+02     4.8479     -0.095     -0.138    20.5466 0.0000e+00
     -0.127     -0.091    11.4979    126.638     37.833  34.929390     4.9427      8.397   185.6233 1.7893e+02     4.8461     -0.129     -0.187    20.6129 0.0000e+00
     -0.150     -0.073    11.4148    126.063     37.785  34.879614     4.9128      8.400   185.7492 1.7749e+02     4.9693     -0.150     -0.218    20.7933 0.0000e+00
     -0.165     -0.052    11.3366    125.314     37.850  34.897950     4.8624      8.402   185.7490 1.7674e+02     5.1418     -0.164     -0.237    20.9961 0.0000e+00
     -0.171     -0.032    11.3002    124.462     38.030  35.024211     4.8240      8.402   185.9652 1.7682e+02     5.1561     -0.168     -0.244    21.1166 0.0000e+00
     -0.172     -0.017    11.2552    123.660     38.363  35.328208     4.8072      8.402   185.6954 1.7711e+02     5.1076     -0.169     -0.245    21.1853 0.0000e+00
     -0.172     -0.007    11.2038    123.093     38.628  35.656712     4.8012      8.402   184.8109 1.7742e+02     5.1356     -0.168     -0.244    21.1709 0.0000e+00
     -0.172     -0.002    11.1551    122.953     38.610  35.825731     4.8178      8.402   184.3044 1.7777e+02     5.1872     -0.168     -0.244    21.0917 0.0000e+00
     -0.172     -0.000    11.0853    123.305     38.405  35.850221     4.8411      8.403   184.2181 1.7788e+02     5.1850     -0.169     -0.245    21.0304 0.0000e+00
     -0.172      0.000    11.0157    123.903     38.132  35.762886     4.8417      8.404   184.2833 1.7798e+02     5.1435     -0.168     -0.244    20.9998 0.0000e+00
     -0.172      0.000    10.9410    124.343     37.853  35.594343     4.9157      8.404   184.5753 1.7831e+02     5.2322     -0.168     -0.244    21.0844 0.0000e+00
     -0.172      0.000    10.8598    124.276     37.707  35.461190     5.0783      8.404   184.7378 1.7869e+02     5.4030     -0.168     -0.244    21.3777 0.0000e+00
     -0.172     -0.001    10.8345    123.542     37.735  35.421152     5.1679      8.403   184.5286 1.7904e+02     5.5005     -0.168     -0.244    21.6999 0.0000e+00
     -0.171     -0.008    10.8538    122.270     37.818  35.427192     5.1840      8.399   183.8521 1.7928e+02     5.5231     -0.168     -0.243    21.9188 0.0000e+00
     -0.171     -0.029    10.8753    120.805     37.901  35.470708     5.1734      8.390   182.5810 1.7941e+02     5.7789     -0.168     -0.243    22.0575 0.0000e+00
     -0.171     -0.068    10.8752    119.405     37.941  35.503389     5.1388      8.381   179.7428 1.7935e+02     6.4078     -0.167     -0.243    22.0570 0.0000e+00
     -0.176     -0.116    10.8341    118.130     37.871  35.441884     5.1241      8.378   174.9169 1.7806e+02     6.9098     -0.167     -0.243    21.9264 0.0000e+00
     -0.199     -0.161    10.7339    117.065     37.732  35.297746     5.1370      8.380   169.8330 1.7366e+02     7.7153     -0.181     -0.263    21.8091 0.0000e+00
     -0.259     -0.189    10.6015    116.279     37.632  35.155631     5.2610      8.380   165.5955 1.6580e+02    15.7027     -0.242     -0.349    21.7757 0.0000e+00
     -0.348     -0.197    10.4821    115.766     37.596  35.055111     6.6316      8.377   162.3986 1.5726e+02   103.7920     -0.343     -0.497    21.7771 0.0000e+00
     -0.432     -0.186    10.3615    115.224     37.291  34.716366     9.1666      8.373   162.9277 1.5155e+02   265.3018     -0.439     -0.636    21.7952 0.0000e+00
     -0.482     -0.162    10.2654    113.468     33.668  31.313450    10.5430      8.367   167.7777 1.4973e+02   352.7285     -0.486     -0.704    21.7920 0.0000e+00
     -0.498     -0.131    10.2148    109.112     23.116  21.485250    10.4475      8.359   171.6529 1.5004e+02   352.6832     -0.491     -0.711    21.7131 0.0000e+00
     -0.501     -0.099    10.1882    102.061     11.505  10.685955     8.0448      8.351   172.0965 1.4987e+02   265.0276     -0.490     -0.711    21.6062 0.0000e+00
     -0.510     -0.074    10.1972     93.608      6.916   6.417030     3.6319      8.343   171.3345 1.4668e+02   103.1535     -0.489     -0.710    21.5323 0.0000e+00
     -0.538     -0.062    10.1120     85.311      6.582   6.103740     1.2370      8.336   171.3022 1.3953e+02    14.8726     -0.523     -0.758    21.4899 0.0000e+00
     -0.573     -0.056     9.7339     78.004      6.350   5.884934     1.1105      8.331   172.2225 1.3251e+02     7.2088     -0.575     -0.835    21.4539 0.0000e+00
     -0.589     -0.047     9.0707     72.013      6.327   5.860916     1.9362      8.325   172.8251 1.2821e+02     9.9105     -0.582     -0.843    21.4135 0.0000e+00
     -0.590     -0.033     8.2688     67.616      6.484   6.003304     3.4637      8.317   172.8238 1.2386e+02    16.0105     -0.577     -0.837    21.3787 0.0000e+00
     -0.590     -0.017     7.5182     64.936      6.509   6.023603     4.2985      8.309   172.6368 1.1926e+02    19.3045     -0.579     -0.841    21.3567 0.0000e+00
     -0.590     -0.005     6.8696     63.813      6.260   5.789758     4.2972      8.304   172.3709 1.1598e+02    19.1654     -0.578     -0.839    21.3383 0.0000e+00
     -0.589     -0.000     6.3286     63.775      5.766   5.328673     3.3564      8.299   172.3621 1.1380e+02    14.5337     -0.579     -0.838    21.3170 0.0000e+00
     -0.589 -2.869e-08     5.9393     64.258      5.217   4.817420     1.6292      8.295   173.1325 1.1290e+02     6.0372     -0.577     -0.838    21.2937 0.0000e+00
     -0.589 -3.155e-07     5.7071     64.876      4.653   4.293502     0.7015      8.294   174.3727 1.1357e+02     1.4574     -0.578     -0.839    21.2689 0.0000e+00
     -0.590 -3.155e-07     5.6282     65.485      3.990   3.679134     0.6200      8.293   174.7950 1.1373e+02     1.0050     -0.579     -0.838    21.2394 0.0000e+00
     -0.590 -2.869e-08     5.6480     66.030      3.420   3.150422     0.5696      8.290   174.7110 1.1218e+02     0.6350     -0.579     -0.839    21.2062 0.0000e+00
     -0.590 -2.608e-09     5.7073     66.481      3.016   2.775715     0.3835      8.286   175.0780 1.0993e+02     0.1620     -0.578     -0.839    21.1700 0.0000e+00
     -0.590 -2.371e-10     5.7695     66.860      2.791   2.567185     0.1100      8.281   175.7914 1.0694e+02    -0.0354     -0.578     -0.838    21.1303 0.0000e+00
     -0.590 -2.155e-11     5.8285     67.180      2.750   2.528322    -0.0242      8.275   176.2808 1.0310e+02     0.0927     -0.578     -0.839    21.0906 0.0000e+00
     -0.590 -1.959e-12     5.8843     67.445      2.716   2.495745    -0.0412      8.268   176.0905 1.0251e+02     1.0279     -0.579     -0.839    21.0508 0.0000e+00
     -0.590 -1.781e-13     5.9262     67.665      2.779   2.553140    -0.0207      8.259   175.7279 1.0496e+02    10.9990     -0.579     -0.840    21.0155 0.0000e+00
     -0.590 -1.619e-14     5.9631     67.852      3.164   2.905732     0.0494      8.244   175.5958 1.0305e+02    29.3105     -0.578     -0.839    20.9884 0.0000e+00
     -0.590 -1.472e-15     5.9949     68.026      3.708   3.403621     0.0903      8.228   175.6983 9.8456e+01    39.1993     -0.579     -0.840    20.9645 0.0000e+00
     -0.590 -1.338e-16     6.0199     68.186      4.031   3.698338     0.0990      8.213   176.0202 9.7272e+01    39.2210     -0.579     -0.840    20.9430 0.0000e+00
     -0.590 -1.217e-17     6.0424     68.326      4.016   3.683537     0.3044      8.203   176.4771 9.9255e+01    30.2896     -0.579     -0.840    20.9244 0.0000e+00
     -0.590 -1.106e-18     6.0596     68.436      3.793   3.477892     0.7094      8.197   176.8346 1.0060e+02    13.8427     -0.578     -0.839    20.9071 0.0000e+00
     -0.590 -1.005e-19     6.0778     68.516      3.464   3.174498     0.9339      8.189   176.9013 1.0195e+02     4.8751     -0.579     -0.839    20.8898 0.0000e+00
     -0.590 -9.140e-21     6.0939     68.572      3.126   2.864113     0.9394      8.173   177.0257 1.0623e+02     4.3241     -0.579     -0.840    20.8724 0.0000e+00
     -0.590 -8.310e-22     6.1093     68.612      2.949   2.700523     0.7506      8.145   177.2202 1.1190e+02     5.9846     -0.579     -0.840    20.8552 0.0000e+00
     -0.590 -7.555e-23     6.1207     68.651      2.899   2.652619     0.3735      8.115   177.3607 1.2043e+02     8.7609     -0.579     -0.840    20.8381 0.0000e+00
     -0.591 -6.865e-24     6.1300     68.666      2.776   2.538130     0.1501      8.091   177.7780 1.3822e+02    10.1547     -0.579     -0.840    20.8201 0.0000e+00
     -0.591 -6.245e-25     6.1374     68.621      2.549   2.329146     0.1229      8.078   178.1357 1.6102e+02    10.0269     -0.580     -0.841    20.8006 0.0000e+00
     -0.591 -5.675e-26     6.1425     68.519      2.425   2.214909     0.0690      8.074   177.9852 1.7892e+02     7.3865     -0.579     -0.840    20.7777 0.0000e+00
     -0.591 -5.160e-27     6.1508     68.374      2.516   2.296396    -0.0357      8.071   176.8189 1.9412e+02     2.5174     -0.579     -0.840    20.7475 0.0000e+00
     -0.591 -4.690e-28     6.1579     68.193      2.870   2.618041    -0.1032      8.063   174.6166 2.0609e+02    -0.1342     -0.580     -0.841    20.7140 0.0000e+00
     -0.591 -4.264e-29     6.1570     67.989      3.500   3.191767    -0.1227      8.053   167.7911 2.0979e+02    -0.3517     -0.579     -0.840    20.6836 0.0000e+00
     -0.591 -3.876e-30     6.1504     67.824      3.809   3.472262    -0.1211      8.053   155.2931 2.0710e+02    -0.3514     -0.580     -0.841    20.6568 0.0000e+00
     -0.591 -3.524e-31     6.1403     67.712      3.468   3.160614    -0.1089      8.061   146.7140 1.9954e+02    -0.3358     -0.580     -0.841    20.6339 0.0000e+00
     -0.591 -3.204e-32     6.1263     67.582      2.981   2.715705    -0.1081      8.071   141.7546 1.9185e+02    -0.3341     -0.580     -0.841    20.6130 0.0000e+00
     -0.591 -2.912e-33     6.1087     67.512      2.634   2.397853    -0.1029      8.077   136.8874 1.8992e+02    -0.3301     -0.580     -0.841    20.5935 0.0000e+00
     -0.591 -2.648e-34     6.0922     67.582      2.381   2.166288    -0.0883      8.075   137.4232 1.8915e+02    -0.2878     -0.580     -0.841    20.5750 0.0000e+00
     -0.591 -2.407e-35     6.0924     67.650      2.204   2.004954    -0.1068      8.066   140.3177 1.8634e+02    -0.3016     -0.580     -0.841    20.5567 0.0000e+00
     -0.591 -2.188e-36     6.0785     67.670      2.093   1.903194    -0.1430      8.058   141.6839 1.8452e+02    -0.3596     -0.580     -0.841    20.5382 0.0000e+00
     -0.591 -1.989e-37     6.0662     67.687      2.005   1.822186    -0.1520      8.058   142.4133 1.8203e+02    -0.3407     -0.580     -0.841    20.5174 0.0000e+00
     -0.591 -1.808e-38     6.0881     67.702      1.895   1.721827    -0.1486      8.061   142.2530 1.7861e+02    -0.2781     -0.580     -0.841    20.4941 0.0000e+00
     -0.591 -1.644e-39     6.0952     67.734      1.805   1.639325    -0.1512      8.061   141.5530 1.7654e+02    -0.1495     -0.581     -0.842    20.4721 0.0000e+00
     -0.591 -1.494e-40     6.0965     67.797      1.815   1.647602    -0.1587      8.061   140.9184 1.7332e+02     0.0191     -0.580     -0.841    20.4519 0.0000e+00
     -0.591 -1.359e-41     6.1028     67.839      1.938   1.758606    -0.1562      8.062   140.9473 1.6923e+02     0.1208     -0.580     -0.842    20.4323 0.0000e+00
     -0.591 -1.235e-42     6.1039     67.802      2.031   1.841995    -0.1456      8.063   141.2148 1.6733e+02     0.1926     -0.580     -0.841    20.4131 0.0000e+00
     -0.591 -1.123e-43     6.1098     67.790      2.022   1.832897    -0.1382      8.064   141.0542 1.6730e+02     0.3741     -0.580     -0.841    20.3931 0.0000e+00
     -0.592 -1.021e-44     6.1175     67.876      2.029   1.838516    -0.1255      8.063   140.9848 1.6993e+02     0.6760     -0.580     -0.842    20.3734 0.0000e+00
     -0.592 -9.280e-46     6.1303     67.977      2.039   1.846626    -0.1087      8.060   141.0643 1.7513e+02     0.8708     -0.580     -0.842    20.3547 0.0000e+00
     -0.592 -8.435e-47     6.1222     68.078      1.993   1.804341    -0.1022      8.058   140.6388 1.8061e+02     0.8845     -0.581     -0.842    20.3361 0.0000e+00
     -0.592 -7.670e-48     6.1183     68.161      1.886   1.707082    -0.1130      8.056   140.2281 1.8580e+02     0.8417     -0.580     -0.841    20.3172 0.0000e+00
     -0.592 -6.976e-49     6.1373     68.195      1.721   1.556925    -0.1137      8.055   140.6578 1.8930e+02     0.6952     -0.580     -0.842    20.2985 0.0000e+00
     -0.592 -6.952e-50     6.1448     68.211      1.598   1.444788    -0.0951      8.052   142.1344 1.8961e+02     0.4456     -0.580     -0.842    20.2801 0.0000e+00
     -0.592 -7.311e-50     6.1581     68.243      1.579   1.427399    -0.0957      8.046   145.3489 1.8989e+02     0.2832     -0.580     -0.842    20.2613 0.0000e+00
     -0.592 -7.414e-49     6.1698     68.273      1.561   1.409979    -0.1133      8.037   148.5498 1.9226e+02     0.2344     -0.580     -0.842    20.2425 0.0000e+00
     -0.592 -8.149e-48     6.1731     68.279      1.507   1.360776    -0.1168      8.027   150.4634 1.9253e+02     0.1969     -0.581     -0.843    20.2234 0.0000e+00
     -0.592 -8.964e-47     6.1754     68.284      1.484   1.338907    -0.1125      8.018   151.3647 1.9001e+02     0.1036     -0.581     -0.842    20.2041 0.0000e+00
     -0.592 -9.861e-46     6.1816     68.285      1.480   1.335471    -0.1028      8.009   149.3809 1.9036e+02    -0.0057     -0.580     -0.842    20.1853 0.0000e+00
     -0.592 -1.085e-44     6.1887     68.258      1.462   1.319229    -0.0989      8.002   146.0944 1.9648e+02    -0.0658     -0.580     -0.842    20.1663 0.0000e+00
     -0.592 -1.193e-43     6.1888     68.202      1.407   1.269137    -0.1073      7.996   144.1516 2.0457e+02    -0.0763     -0.581     -0.842    20.1467 0.0000e+00
     -0.592 -1.312e-42     6.1931     68.142      1.372   1.236225    -0.1047      7.990   143.5280 2.1220e+02    -0.0640     -0.581     -0.842    20.1267 0.0000e+00
