Data/DataNotYetUploadedToEDI/Raw_CTD/RawDownloads/052322_bvr40_0003.cnv
* Sea-Bird SBE19plus  Data File:
* FileName = C:\R\Reservoirs\Data\DataNotYetUploadedToEDI\Raw_CTD\RawDownloads\051722_bvr01_0003.hex
* Software version 2.8.0.119
* Temperature SN = 7809
* Conductivity SN = 7809
* System UpLoad Time = May 24 2022 16:14:48
* <ApplicationData>
* <Seaterm232>
# nquan = 15
# nvalues = 2781                        
# units = specified
# name 0 = depFM: Depth [fresh water, m]
# name 1 = dz/dtM: Descent Rate [m/s]
# name 2 = sbeox0Mg/L: Oxygen, SBE 43 [mg/l]
# name 3 = sbeox0PS: Oxygen, SBE 43 [% saturation]
# name 4 = specc: Specific Conductance [uS/cm]
# name 5 = c0uS/cm: Conductivity [uS/cm]
# name 6 = flECO-AFL: Fluorescence, WET Labs ECO-AFL/FL [mg/m^3]
# name 7 = ph: pH
# name 8 = orp: Oxidation Reduction Potential [mV]
# name 9 = par/sat/log: PAR/Logarithmic, Satlantic
# name 10 = turbWETntu0: Turbidity, WET Labs ECO [NTU]
# name 11 = prdM: Pressure, Strain Gauge [db]
# name 12 = prdE: Pressure, Strain Gauge [psi]
# name 13 = tv290C: Temperature [ITS-90, deg C]
# name 14 = flag:  0.000e+00
# span 0 =     -0.688,      4.040       
# span 1 =     -0.215,      0.132       
# span 2 =     0.0796,     9.2492       
# span 3 =      0.884,    104.771       
# span 4 =      0.564,    139.498       
# span 5 =   0.557452, 106.601353       
# span 6 =    -0.1451,     6.4376       
# span 7 =      7.246,      8.831       
# span 8 =    89.5730,   488.6834       
# span 9 = 2.7575e-01, 6.3701e+01       
# span 10 =    -0.3621,    34.6910      
# span 11 =     -0.675,      3.962      
# span 12 =     -0.979,      5.746      
# span 13 =    13.0542,    24.5192      
# span 14 = 0.0000e+00, 0.0000e+00      
# interval = seconds: 0.25
# start_time = May 23 2022 07:48:06 [Instrument's time stamp, header]
# bad_flag = -9.990e-29
*END*
[from data line 290]
      0.650      0.006     7.6534     91.638     26.669  26.401579     3.9994      8.414   214.3305 9.3018e+00     2.8518      0.638      0.925    24.5038 0.0000e+00
      0.654      0.007     7.6458     91.663     26.687  26.418883     4.0032      8.415   214.3634 9.2878e+00     2.8733      0.643      0.931    24.5023 0.0000e+00
      0.657      0.008     7.6474     91.710     26.693  26.425798     4.0073      8.415   214.4749 9.2883e+00     2.8822      0.645      0.935    24.4983 0.0000e+00
      0.657      0.009     7.6440     91.725     26.688  26.421808     4.0163      8.414   214.4739 9.2843e+00     2.8568      0.644      0.934    24.4941 0.0000e+00
      0.657      0.008     7.6406     91.712     26.700  26.434020     4.0288      8.413   214.5231 9.2408e+00     2.8400      0.643      0.933    24.4924 0.0000e+00
      0.661      0.005     7.6438     91.723     26.712  26.446696     4.0415      8.413   214.5544 9.1617e+00     2.8838      0.648      0.941    24.4930 0.0000e+00
      0.666      0.002     7.6501     91.797     26.714  26.448311     4.0362      8.413   214.3359 9.1027e+00     2.8743      0.654      0.951    24.4940 0.0000e+00
      0.667     -0.002     7.6509     91.909     26.719  26.453548     3.9398      8.414   214.1181 9.0747e+00     2.8277      0.656      0.952    24.4950 0.0000e+00
      0.665     -0.004     7.6473     91.993     26.712  26.446635     3.7838      8.416   214.0725 9.0648e+00     2.8323      0.652      0.946    24.4964 0.0000e+00
      0.660     -0.002     7.6469     92.040     26.694  26.428103     3.7142      8.417   213.9566 9.0775e+00     2.8616      0.648      0.941    24.4974 0.0000e+00
      0.655      0.004     7.6535     92.074     26.687  26.419628     3.7222      8.420   213.8342 9.0848e+00     2.9092      0.641      0.930    24.4977 0.0000e+00
      0.653      0.015     7.6663     92.102     26.676  26.407538     3.7892      8.422   213.8832 9.0404e+00     2.8952      0.637      0.924    24.4978 0.0000e+00
      0.658      0.029     7.6730     92.118     26.676  26.408680     3.9088      8.423   214.0338 8.9326e+00     2.8284      0.644      0.934    24.4977 0.0000e+00
      0.669      0.042     7.6758     92.103     26.700  26.433445     3.9783      8.423   214.2788 8.7711e+00     2.8539      0.655      0.950    24.4954 0.0000e+00
      0.684      0.050     7.6796     92.073     26.720  26.453445     3.9971      8.422   214.5219 8.5730e+00     2.9300      0.669      0.970    24.4923 0.0000e+00
      0.704      0.053     7.6815     92.056     26.725  26.460350     4.0105      8.420   214.5641 8.3760e+00     2.9280      0.690      1.001    24.4910 0.0000e+00
      0.723      0.049     7.6841     92.021     26.718  26.453559     4.0074      8.420   214.5306 8.2058e+00     2.8647      0.712      1.032    24.4923 0.0000e+00
      0.736      0.042     7.6821     91.926     26.698  26.434712     3.9927      8.420   214.6336 8.0698e+00     2.8135      0.724      1.051    24.4949 0.0000e+00
      0.743      0.032     7.6771     91.810     26.686  26.422613     3.9829      8.420   214.7767 7.9887e+00     2.8214      0.731      1.060    24.4969 0.0000e+00
      0.747      0.023     7.6772     91.767     26.698  26.434043     3.9807      8.420   214.7986 7.9291e+00     2.8575      0.733      1.063    24.4984 0.0000e+00
      0.750      0.016     7.6763     91.804     26.711  26.446142     3.9572      8.420   214.7262 7.8462e+00     2.8400      0.736      1.067    24.4993 0.0000e+00
      0.753      0.012     7.6670     91.829     26.708  26.442141     3.9068      8.420   214.5887 7.7473e+00     2.8147      0.738      1.070    24.4999 0.0000e+00
      0.755      0.009     7.6532     91.812     26.715  26.449044     3.8786      8.420   214.3411 7.6518e+00     2.8257      0.741      1.074    24.5002 0.0000e+00
      0.758      0.007     7.6488     91.799     26.733  26.466227     3.8829      8.421   214.1415 7.5808e+00     2.8694      0.743      1.077    24.4999 0.0000e+00
      0.761      0.006     7.6571     91.815     26.726  26.459756     3.8761      8.421   214.1540 7.5288e+00     2.8993      0.746      1.082    24.4986 0.0000e+00
      0.762      0.006     7.6601     91.840     26.701  26.434188     3.8371      8.421   214.3199 7.4770e+00     2.8453      0.748      1.085    24.4968 0.0000e+00
      0.762      0.006     7.6562     91.830     26.678  26.410613     3.8120      8.421   214.5122 7.4203e+00     2.8317      0.747      1.083    24.4958 0.0000e+00
      0.762      0.006     7.6548     91.801     26.695  26.428227     3.8216      8.422   214.6725 7.3679e+00     2.8717      0.746      1.082    24.4958 0.0000e+00
      0.764      0.006     7.6563     91.812     26.724  26.457018     3.9705      8.422   214.7958 7.3254e+00     2.8509      0.749      1.087    24.4958 0.0000e+00
      0.768      0.005     7.6610     91.857     26.708  26.441818     4.2468      8.422   214.7984 7.2867e+00     2.8192      0.753      1.093    24.4951 0.0000e+00
      0.770      0.004     7.6596     91.874     26.701  26.434589     4.3833      8.422   214.6184 7.2422e+00     2.7952      0.756      1.096    24.4943 0.0000e+00
      0.771      0.004     7.6542     91.853     26.699  26.432992     4.3795      8.422   214.3405 7.1980e+00     2.8008      0.757      1.098    24.4941 0.0000e+00
      0.771      0.004     7.6551     91.833     26.688  26.422517     4.2506      8.423   214.1058 7.1510e+00     2.8526      0.756      1.097    24.4948 0.0000e+00
      0.770      0.006     7.6621     91.823     26.700  26.434694     3.9825      8.424   214.0176 7.0812e+00     2.8407      0.755      1.095    24.4962 0.0000e+00
      0.770      0.011     7.6636     91.800     26.720  26.453455     3.8173      8.424   214.0481 6.9986e+00     2.7935      0.754      1.093    24.4965 0.0000e+00
      0.771      0.016     7.6596     91.743     26.726  26.459218     3.7931      8.424   214.0443 6.8981e+00     2.7939      0.754      1.095    24.4957 0.0000e+00
      0.777      0.021     7.6585     91.688     26.709  26.440988     3.7728      8.423   213.9717 6.7707e+00     2.8111      0.760      1.103    24.4951 0.0000e+00
      0.787      0.024     7.6578     91.691     26.692  26.423178     3.7383      8.422   213.9448 6.6401e+00     2.8312      0.771      1.118    24.4951 0.0000e+00
      0.798      0.025     7.6576     91.723     26.704  26.434023     3.7180      8.422   214.0632 6.5424e+00     2.8313      0.784      1.137    24.4954 0.0000e+00
      0.805      0.025     7.6515     91.720     26.716  26.445348     3.7103      8.422   214.1987 6.4862e+00     2.8130      0.791      1.147    24.4947 0.0000e+00
      0.807      0.023     7.6443     91.705     26.704  26.433353     3.7115      8.422   214.2059 6.4269e+00     2.8151      0.791      1.148    24.4925 0.0000e+00
      0.810      0.019     7.6460     91.715     26.686  26.415750     3.8244      8.422   214.2367 6.3465e+00     2.8567      0.792      1.149    24.4903 0.0000e+00
      0.817      0.015     7.6526     91.744     26.693  26.422655     4.0436      8.423   214.3130 6.2717e+00     2.9056      0.801      1.161    24.4887 0.0000e+00
      0.823      0.012     7.6510     91.820     26.724  26.453456     4.1560      8.423   214.3530 6.2170e+00     2.8602      0.810      1.175    24.4872 0.0000e+00
      0.827      0.010     7.6471     91.928     26.743  26.471257     4.1515      8.423   214.3760 6.1879e+00     2.7860      0.812      1.178    24.4874 0.0000e+00
      0.827      0.008     7.6505     91.969     26.719  26.447737     4.1553      8.423   214.4199 6.1685e+00     2.8276      0.811      1.176    24.4886 0.0000e+00
      0.827      0.005     7.6502     91.900     26.694  26.422612     4.1693      8.423   214.5390 6.1309e+00     2.8851      0.810      1.175    24.4884 0.0000e+00
      0.827      0.003     7.6566     91.787     26.693  26.420989     4.1698      8.424   214.6130 6.0938e+00     2.8671      0.811      1.177    24.4873 0.0000e+00
      0.828      0.002     7.6706     91.721     26.700  26.428114     4.1533      8.426   214.5405 6.0726e+00     2.8488      0.811      1.177    24.4869 0.0000e+00
      0.829      0.003     7.6752     91.725     26.719  26.445381     4.0530      8.427   214.4355 6.0525e+00     2.8689      0.813      1.180    24.4866 0.0000e+00
      0.830      0.003     7.6672     91.763     26.714  26.439619     3.8812      8.427   214.3764 6.0209e+00     2.9047      0.815      1.181    24.4860 0.0000e+00
      0.830      0.004     7.6541     91.800     26.696  26.421829     3.7823      8.427   214.4287 5.9897e+00     2.9064      0.814      1.180    24.4849 0.0000e+00
      0.831      0.005     7.6486     91.834     26.695  26.420423     3.7651      8.428   214.6377 5.9719e+00     2.8548      0.814      1.180    24.4839 0.0000e+00
      0.832      0.007     7.6506     91.889     26.699  26.422614     3.8140      8.428   214.8374 5.9441e+00     2.8617      0.816      1.183    24.4829 0.0000e+00
      0.834      0.009     7.6552     91.960     26.726  26.448316     3.9247      8.429   214.9506 5.9036e+00     2.9564      0.818      1.186    24.4814 0.0000e+00
      0.837      0.010     7.6584     91.983     26.757  26.477658     3.9963      8.429   215.0605 5.8562e+00     3.0091      0.820      1.190    24.4800 0.0000e+00
      0.842      0.009     7.6604     91.934     26.741  26.460487     4.0053      8.429   215.1330 5.8192e+00     2.9861      0.825      1.197    24.4793 0.0000e+00
      0.846      0.008     7.6644     91.887     26.712  26.430840     3.9919      8.429   215.1386 5.8195e+00     2.8834      0.830      1.203    24.4776 0.0000e+00
      0.847      0.006     7.6738     91.879     26.719  26.436103     3.9846      8.430   215.1288 5.8399e+00     2.7919      0.832      1.207    24.4749 0.0000e+00
      0.847      0.006     7.6779     91.869     26.746  26.460737     3.9921      8.432   215.0146 5.8645e+00     2.8362      0.830      1.205    24.4731 0.0000e+00
      0.846      0.010     7.6697     91.835     26.762  26.475160     3.9911      8.432   214.8763 5.8808e+00     2.8724      0.828      1.201    24.4708 0.0000e+00
      0.846      0.017     7.6651     91.791     26.771  26.483725     3.9800      8.432   215.0055 5.8951e+00     2.8202      0.829      1.202    24.4684 0.0000e+00
      0.848      0.026     7.6673     91.771     26.790  26.500916     3.9490      8.432   215.2863 5.9185e+00     2.8194      0.830      1.204    24.4655 0.0000e+00
      0.855      0.033     7.6672     91.790     26.784  26.492861     3.8912      8.432   215.4313 5.9010e+00     2.9313      0.835      1.212    24.4610 0.0000e+00
      0.870      0.036     7.6648     91.853     26.742  26.449711     3.8644      8.432   215.3820 5.8369e+00     3.0454      0.852      1.235    24.4576 0.0000e+00
      0.889      0.035     7.6597     91.972     26.715  26.422859     3.8739      8.432   215.2921 5.7766e+00     3.0380      0.875      1.268    24.4571 0.0000e+00
      0.901      0.031     7.6574     92.087     26.714  26.421716     3.8900      8.433   215.2911 5.7426e+00     2.9778      0.888      1.288    24.4563 0.0000e+00
      0.905      0.024     7.6610     92.149     26.729  26.435891     3.9265      8.433   215.3699 5.7420e+00     2.9330      0.889      1.290    24.4507 0.0000e+00
      0.905      0.016     7.6645     92.183     26.761  26.467498     3.9573      8.433   215.5571 5.7389e+00     2.8719      0.887      1.287    24.4457 0.0000e+00
      0.905      0.010     7.6776     92.188     26.781  26.486972     3.9621      8.434   215.7471 5.7037e+00     2.8534      0.886      1.285    24.4448 0.0000e+00
      0.907      0.006     7.6898     92.172     26.776  26.481202     3.9680      8.434   215.7756 5.6657e+00     2.8460      0.889      1.289    24.4463 0.0000e+00
      0.911      0.005     7.6914     92.139     26.756  26.461108     3.9875      8.434   215.8154 5.6427e+00     2.8173      0.894      1.296    24.4481 0.0000e+00
      0.914      0.005     7.6961     92.101     26.728  26.434161     4.0059      8.435   216.0558 5.6231e+00     2.8477      0.897      1.301    24.4472 0.0000e+00
      0.914      0.004     7.6958     92.081     26.702  26.408914     4.0164      8.435   216.2733 5.6112e+00     2.8726      0.898      1.302    24.4448 0.0000e+00
      0.913      0.003     7.6949     92.037     26.702  26.409376     4.0554      8.434   216.3798 5.6017e+00     2.8444      0.895      1.298    24.4429 0.0000e+00
      0.912      0.001     7.6926     91.985     26.733  26.439748     4.1203      8.434   216.4835 5.5825e+00     2.8144      0.894      1.297    24.4426 0.0000e+00
      0.913      0.001     7.6862     91.988     26.753  26.459223     4.1522      8.434   216.5809 5.5744e+00     2.8172      0.895      1.299    24.4447 0.0000e+00
      0.914      0.001     7.6881     92.043     26.748  26.454706     4.1581      8.435   216.6966 5.5737e+00     2.8779      0.896      1.300    24.4470 0.0000e+00
      0.915      0.002     7.6832     92.095     26.740  26.448525     4.1250      8.436   216.7645 5.5769e+00     2.8996      0.898      1.302    24.4475 0.0000e+00
      0.915      0.003     7.6758     92.093     26.738  26.447864     4.0425      8.436   216.8854 5.5965e+00     2.8408      0.897      1.301    24.4452 0.0000e+00
      0.915      0.003     7.6775     92.073     26.737  26.446722     3.9932      8.436   217.2115 5.6069e+00     2.8162      0.896      1.300    24.4427 0.0000e+00
      0.916      0.002     7.6830     92.097     26.724  26.434718     3.9952      8.436   217.3519 5.6034e+00     2.8750      0.898      1.302    24.4437 0.0000e+00
      0.918      0.002     7.6901     92.136     26.719  26.429479     3.9997      8.437   217.1207 5.6039e+00     2.9363      0.900      1.305    24.4476 0.0000e+00
      0.918      0.002     7.6872     92.117     26.736  26.446765     4.0220      8.437   216.9117 5.6102e+00     2.9090      0.901      1.307    24.4512 0.0000e+00
      0.918      0.004     7.6825     92.033     26.744  26.453575     4.0815      8.437   216.9749 5.6240e+00     2.8521      0.901      1.307    24.4525 0.0000e+00
      0.917      0.007     7.6858     91.944     26.739  26.448437     4.1200      8.436   217.1972 5.6351e+00     2.8640      0.899      1.304    24.4526 0.0000e+00
      0.916      0.008     7.6923     91.914     26.739  26.448021     4.1137      8.435   217.2767 5.6285e+00     2.9154      0.897      1.301    24.4527 0.0000e+00
      0.920      0.007     7.6908     91.961     26.739  26.448541     4.0305      8.435   217.1616 5.5955e+00     2.8928      0.900      1.305    24.4528 0.0000e+00
      0.927      0.006     7.6815     92.031     26.747  26.454728     3.8885      8.436   217.0955 5.5538e+00     2.8298      0.909      1.318    24.4521 0.0000e+00
      0.933      0.004     7.6725     92.088     26.752  26.459450     3.8199      8.438   217.1663 5.5395e+00     2.8367      0.918      1.331    24.4505 0.0000e+00
      0.932      0.001     7.6683     92.123     26.736  26.442250     3.8330      8.438   217.3289 5.5619e+00     2.8737      0.916      1.329    24.4515 0.0000e+00
      0.926     -0.002     7.6757     92.100     26.732  26.436908     3.9387      8.438   217.5987 5.5948e+00     2.8676      0.907      1.315    24.4512 0.0000e+00
      0.922     -0.003     7.6825     92.022     26.753  26.458237     4.1156      8.437   217.8482 5.6023e+00     2.8310      0.901      1.307    24.4478 0.0000e+00
      0.922     -0.003     7.6868     91.939     26.740  26.446609     4.2079      8.437   218.0227 5.5896e+00     2.8413      0.904      1.311    24.4465 0.0000e+00
      0.924      0.000     7.6921     91.898     26.715  26.423080     4.2218      8.436   218.1588 5.5930e+00     2.8901      0.906      1.314    24.4447 0.0000e+00
