Data/DataNotYetUploadedToEDI/Raw_CTD/RawDownloads/052322_bvr50_0006.cnv
* Sea-Bird SBE19plus  Data File:
* FileName = C:\R\Reservoirs\Data\DataNotYetUploadedToEDI\Raw_CTD\RawDownloads\051722_bvr01_0006.hex
* Software version 2.8.0.119
* Temperature SN = 7809
* Conductivity SN = 7809
* System UpLoad Time = May 24 2022 16:18:11
* <ApplicationData>
* <Seaterm232>
# nquan = 15
# nvalues = 1160                        
# units = specified
# name 0 = depFM: Depth [fresh water, m]
# name 1 = dz/dtM: Descent Rate [m/s]
# name 2 = sbeox0Mg/L: Oxygen, SBE 43 [mg/l]
# name 3 = sbeox0PS: Oxygen, SBE 43 [% saturation]
# name 4 = specc: Specific Conductance [uS/cm]
# name 5 = c0uS/cm: Conductivity [uS/cm]
# name 6 = flECO-AFL: Fluorescence, WET Labs ECO-AFL/FL [mg/m^3]
# name 7 = ph: pH
# name 8 = orp: Oxidation Reduction Potential [mV]
# name 9 = par/sat/log: PAR/Logarithmic, Satlantic
# name 10 = turbWETntu0: Turbidity, WET Labs ECO [NTU]
# name 11 = prdM: Pressure, Strain Gauge [db]
# name 12 = prdE: Pressure, Strain Gauge [psi]
# name 13 = tv290C: Temperature [ITS-90, deg C]
# name 14 = flag:  0.000e+00
# span 0 =     -0.698,      9.225       
# span 1 =     -0.207,      0.221       
# span 2 =     0.0466,     9.2335       
# span 3 =      0.433,    105.836       
# span 4 =      1.090,     80.320       
# span 5 =   1.010975,  55.193928       
# span 6 =    -0.1588,     8.4419       
# span 7 =      6.191,      8.904       
# span 8 =   -79.6056,   397.1202       
# span 9 = 1.2363e-01, 2.1557e+02       
# span 10 =    -0.3164,    12.6928      
# span 11 =     -0.685,      9.047      
# span 12 =     -0.993,     13.122      
# span 13 =     9.3385,    24.3741      
# span 14 = 0.0000e+00, 0.0000e+00      
# interval = seconds: 0.25
# start_time = May 23 2022 09:49:23 [Instrument's time stamp, header]
# bad_flag = -9.990e-29
*END*
[from data line 482]
      4.705      0.073     0.9328      5.692     28.503  21.070349     3.1617      7.869   212.0114 9.5336e-01     1.6962      4.612      6.690    12.2419 0.0000e+00
      4.733      0.080     0.8139      5.299     28.575  21.096394     3.2520      7.864   212.1114 9.5047e-01     1.7648      4.642      6.734    12.2072 0.0000e+00
      4.760      0.083     0.7125      4.851     28.655  21.134474     3.2968      7.858   212.2085 9.4819e-01     1.7529      4.669      6.773    12.1097 0.0000e+00
      4.782      0.080     0.6497      4.330     28.703  21.150540     3.2871      7.851   212.2395 9.3265e-01     1.6889      4.692      6.805    12.0182 0.0000e+00
      4.799      0.075     0.6149      3.724     28.748  21.163891     3.2935      7.846   212.2276 9.0852e-01     1.7083      4.707      6.828    11.9515 0.0000e+00
      4.814      0.067     0.5746      3.040     28.783  21.169150     3.3406      7.840   212.3233 8.9207e-01     1.7485      4.720      6.846    11.9080 0.0000e+00
      4.829      0.059     0.5267      2.325     28.782  21.150740     3.3990      7.835   212.6216 8.8824e-01     1.7309      4.734      6.867    11.8736 0.0000e+00
      4.847      0.050     0.4720      1.687     28.771  21.131375     3.4253      7.829   213.0815 8.8016e-01     1.7003      4.753      6.894    11.8410 0.0000e+00
      4.863      0.044     0.4059      1.207     28.765  21.125103     3.4256      7.822   213.4098 8.5997e-01     1.6511      4.772      6.921    11.8063 0.0000e+00
      4.873      0.039     0.3316      0.888     28.779  21.138265     3.4940      7.816   213.4935 8.4807e-01     1.6485      4.782      6.936    11.7702 0.0000e+00
      4.877      0.039     0.2488      0.714     28.811  21.163788     3.6280      7.809   213.5774 8.5592e-01     1.7031      4.784      6.937    11.7358 0.0000e+00
      4.879      0.044     0.1757      0.658     28.836  21.180238     3.6970      7.804   213.6495 8.7797e-01     1.6962      4.782      6.935    11.7140 0.0000e+00
      4.886      0.054     0.1253      0.683     28.888  21.210418     3.7210      7.798   213.5910 8.8377e-01     1.6682      4.789      6.946    11.7152 0.0000e+00
      4.902      0.067     0.0905      0.749     28.998  21.275210     3.9934      7.791   213.5585 8.5649e-01     1.7406      4.806      6.970    11.7240 0.0000e+00
      4.926      0.080     0.0731      0.831     29.105  21.329950     4.5018      7.784   213.6865 8.2905e-01     1.8881      4.829      7.005    11.7291 0.0000e+00
      4.953      0.087     0.0684      0.920     29.191  21.365303     4.7819      7.778   213.8479 8.1952e-01     1.9483      4.856      7.045    11.7264 0.0000e+00
      4.980      0.087     0.0724      0.990     29.253  21.385790     4.8414      7.772   213.9609 8.1102e-01     1.9226      4.884      7.084    11.7121 0.0000e+00
      5.006      0.078     0.0815      1.041     29.279  21.387530     5.3468      7.766   214.1934 8.0310e-01     2.0554      4.911      7.123    11.6882 0.0000e+00
      5.028      0.065     0.0892      1.086     29.289  21.386322     6.2897      7.760   214.4215 8.0661e-01     2.3236      4.934      7.156    11.6434 0.0000e+00
      5.042      0.052     0.1015      1.102     29.271  21.371178     6.7954      7.754   214.4818 8.1124e-01     2.4328      4.948      7.176    11.5910 0.0000e+00
      5.049      0.044     0.1090      1.091     29.304  21.394523     6.8253      7.749   214.4920 8.0646e-01     2.3852      4.953      7.183    11.5467 0.0000e+00
      5.053      0.042     0.1124      1.079     29.427  21.478482     6.8341      7.743   214.4589 7.9582e-01     2.3633      4.955      7.187    11.5153 0.0000e+00
      5.057      0.048     0.1204      1.074     29.564  21.562529     6.9438      7.736   214.4264 7.8848e-01     2.4405      4.957      7.190    11.5036 0.0000e+00
      5.066      0.058     0.1214      1.066     29.715  21.650290     7.1355      7.729   214.4432 7.8252e-01     2.5671      4.965      7.200    11.5004 0.0000e+00
      5.085      0.069     0.1184      1.043     29.835  21.715779     7.2298      7.722   214.4905 7.6821e-01     2.6304      4.984      7.230    11.5044 0.0000e+00
      5.110      0.076     0.1172      1.026     29.867  21.720638     7.2344      7.715   214.4824 7.5010e-01     2.6247      5.010      7.266    11.5015 0.0000e+00
      5.137      0.075     0.1171      1.028     29.869  21.709015     7.3418      7.709   214.3444 7.3343e-01     2.6354      5.037      7.306    11.4685 0.0000e+00
      5.163      0.066     0.1177      1.035     29.868  21.701971     7.5459      7.703   214.2844 7.2213e-01     2.6918      5.066      7.348    11.4263 0.0000e+00
      5.181      0.054     0.1134      1.023     29.862  21.698826     7.6469      7.696   214.1874 7.1631e-01     2.7248      5.085      7.375    11.3897 0.0000e+00
      5.189      0.043     0.1114      0.991     29.903  21.734368     7.6217      7.689   213.8599 7.1056e-01     2.6930      5.090      7.383    11.3559 0.0000e+00
      5.191      0.038     0.1120      0.969     30.014  21.814872     7.4328      7.683   213.6798 7.1944e-01     2.6495      5.091      7.384    11.3335 0.0000e+00
      5.191      0.041     0.1144      0.974     30.164  21.911759     7.1107      7.677   213.7303 7.3724e-01     2.6431      5.088      7.380    11.3225 0.0000e+00
      5.196      0.051     0.1131      0.978     30.337  22.018632     6.9326      7.671   213.6971 7.3395e-01     2.6492      5.091      7.384    11.3253 0.0000e+00
      5.212      0.066     0.1080      0.958     30.553  22.156500     6.8939      7.665   213.4500 7.0976e-01     2.6554      5.109      7.409    11.3434 0.0000e+00
      5.237      0.081     0.1044      0.943     30.792  22.311288     6.7589      7.660   213.0655 6.9065e-01     2.6159      5.135      7.448    11.3470 0.0000e+00
      5.264      0.091     0.1065      0.950     30.987  22.432623     6.5316      7.653   212.7489 6.7412e-01     2.5128      5.162      7.487    11.3224 0.0000e+00
      5.292      0.092     0.1094      0.958     31.083  22.482851     6.4098      7.646   212.5465 6.5325e-01     2.4338      5.189      7.526    11.2877 0.0000e+00
      5.319      0.086     0.1041      0.944     31.093  22.474972     6.3844      7.640   212.4251 6.4467e-01     2.3778      5.217      7.567    11.2557 0.0000e+00
      5.343      0.074     0.1026      0.925     31.088  22.464087     6.2744      7.633   212.3141 6.3546e-01     2.3484      5.242      7.603    11.2276 0.0000e+00
      5.360      0.060     0.1038      0.912     31.109  22.477981     6.0951      7.626   211.9785 6.2488e-01     2.3864      5.258      7.627    11.1953 0.0000e+00
      5.372      0.049     0.1070      0.906     31.165  22.516216     6.0066      7.619   211.4645 6.2337e-01     2.4599      5.269      7.643    11.1602 0.0000e+00
      5.378      0.043     0.1035      0.920     31.214  22.546152     5.9948      7.613   211.0031 6.1951e-01     2.4859      5.275      7.653    11.1329 0.0000e+00
      5.382      0.043     0.1010      0.912     31.276  22.586442     5.9778      7.607   210.5297 6.1505e-01     2.4286      5.276      7.654    11.1236 0.0000e+00
      5.390      0.045     0.1013      0.876     31.334  22.623126     5.9424      7.600   209.3552 6.0765e-01     2.4160      5.283      7.663    11.1256 0.0000e+00
      5.404      0.048     0.0968      0.853     31.324  22.609459     5.8998      7.592   206.7820 5.9491e-01     2.5383      5.299      7.685    11.1232 0.0000e+00
      5.422      0.051     0.1029      0.845     31.420  22.674670     5.8868      7.585   203.3363 5.8927e-01     2.6430      5.317      7.712    11.1123 0.0000e+00
      5.441      0.054     0.1023      0.851     31.658  22.841239     5.8685      7.578   200.1308 5.9324e-01     2.6231      5.338      7.743    11.1061 0.0000e+00
      5.454      0.056     0.0945      0.875     31.858  22.975748     5.6452      7.571   197.5359 5.9275e-01     2.6042      5.350      7.760    11.1011 0.0000e+00
      5.461      0.058     0.0938      0.874     32.046  23.096923     5.2508      7.564   195.4509 5.7974e-01     2.6541      5.352      7.763    11.0845 0.0000e+00
      5.472      0.061     0.0928      0.844     32.337  23.292365     5.0372      7.557   193.8487 5.6359e-01     2.6804      5.363      7.780    11.0792 0.0000e+00
      5.490      0.064     0.0919      0.819     32.648  23.500961     5.0102      7.549   192.3602 5.5244e-01     2.6489      5.383      7.808    11.0781 0.0000e+00
      5.510      0.067     0.0980      0.799     32.796  23.591043     4.9412      7.542   190.3607 5.3970e-01     2.6145      5.402      7.835    11.0588 0.0000e+00
      5.531      0.068     0.0983      0.780     32.945  23.684411     4.8103      7.535   187.6546 5.1691e-01     2.6065      5.424      7.867    11.0338 0.0000e+00
      5.551      0.067     0.0916      0.771     33.307  23.932716     4.7342      7.528   184.8509 5.0292e-01     2.6210      5.446      7.899    11.0137 0.0000e+00
      5.566      0.066     0.0906      0.767     33.677  24.184988     4.7122      7.522   182.4446 5.0602e-01     2.6180      5.460      7.919    10.9909 0.0000e+00
      5.578      0.063     0.0882      0.762     33.895  24.326305     4.5273      7.515   180.0709 5.0589e-01     2.5700      5.469      7.933    10.9604 0.0000e+00
      5.592      0.059     0.0855      0.764     33.980  24.373810     4.1964      7.508   177.0580 5.0662e-01     2.5533      5.483      7.953    10.9403 0.0000e+00
      5.609      0.053     0.0850      0.776     33.912  24.315716     4.0249      7.500   173.2048 5.0992e-01     2.6223      5.501      7.978    10.9283 0.0000e+00
      5.627      0.047     0.0851      0.781     33.836  24.257657     4.0093      7.493   169.3599 5.0497e-01     2.6862      5.519      8.005    10.9059 0.0000e+00
      5.642      0.042     0.0843      0.778     33.903  24.305593     3.9248      7.486   166.2755 5.0412e-01     2.6768      5.536      8.028    10.8802 0.0000e+00
      5.650      0.039     0.0833      0.780     34.018  24.388283     3.7521      7.479   163.7021 5.1278e-01     2.6444      5.544      8.040    10.8598 0.0000e+00
      5.652      0.040     0.0867      0.777     34.172  24.496937     3.6524      7.473   161.3040 5.0839e-01     2.6361      5.542      8.038    10.8449 0.0000e+00
      5.656      0.045     0.0869      0.768     34.505  24.732037     3.6521      7.466   159.2201 4.9360e-01     2.6452      5.543      8.040    10.8407 0.0000e+00
      5.667      0.052     0.0854      0.760     34.908  25.012598     3.6564      7.459   157.6073 4.8864e-01     2.6522      5.556      8.058    10.8444 0.0000e+00
      5.684      0.062     0.0869      0.755     35.228  25.227258     3.6883      7.451   156.3441 4.8750e-01     2.6865      5.572      8.082    10.8447 0.0000e+00
      5.707      0.069     0.0862      0.746     35.528  25.426073     3.7622      7.444   155.1315 4.7749e-01     2.7528      5.595      8.115    10.8410 0.0000e+00
      5.730      0.070     0.0848      0.733     35.673  25.515019     3.8097      7.436   153.7007 4.6252e-01     2.8048      5.621      8.153    10.8382 0.0000e+00
      5.749      0.066     0.0841      0.718     35.635  25.478744     3.8294      7.430   152.0367 4.5635e-01     2.8703      5.639      8.179    10.8284 0.0000e+00
      5.766      0.057     0.0837      0.710     35.660  25.494507     3.8090      7.424   150.3269 4.5244e-01     2.8621      5.655      8.202    10.8039 0.0000e+00
      5.780      0.047     0.0832      0.720     35.777  25.578840     3.7375      7.418   148.6873 4.4482e-01     2.7395      5.672      8.225    10.7802 0.0000e+00
      5.789      0.042     0.0810      0.723     36.180  25.864600     3.7062      7.412   147.0109 4.3723e-01     2.6861      5.678      8.235    10.7590 0.0000e+00
      5.794      0.043     0.0798      0.704     36.961  26.414315     3.7221      7.406   145.3731 4.3514e-01     2.7296      5.681      8.239    10.7410 0.0000e+00
      5.799      0.049     0.0774      0.699     37.669  26.901209     3.7133      7.399   143.9413 4.3777e-01     2.7868      5.686      8.247    10.7429 0.0000e+00
      5.809      0.058     0.0801      0.714     38.108  27.187914     3.6747      7.391   142.6049 4.3624e-01     2.8310      5.694      8.259    10.7461 0.0000e+00
      5.827      0.068     0.0823      0.723     38.363  27.345383     3.6545      7.384   141.3461 4.2493e-01     2.8882      5.710      8.282    10.7430 0.0000e+00
      5.852      0.075     0.0766      0.717     38.482  27.410624     3.6520      7.377   140.2504 4.0228e-01     2.9657      5.738      8.323    10.7377 0.0000e+00
      5.878      0.079     0.0766      0.714     38.584  27.469624     3.5373      7.370   139.2520 3.9181e-01     2.9489      5.767      8.363    10.7091 0.0000e+00
      5.900      0.079     0.0797      0.718     38.713  27.551640     3.3163      7.363   138.2221 3.9680e-01     2.8564      5.787      8.393    10.6681 0.0000e+00
      5.918      0.072     0.0815      0.713     38.761  27.578225     3.1934      7.355   136.7462 3.9543e-01     2.8367      5.804      8.418    10.6352 0.0000e+00
      5.935      0.061     0.0793      0.700     38.622  27.474115     3.1757      7.347   134.8296 3.8747e-01     2.8814      5.820      8.442    10.6090 0.0000e+00
      5.951      0.049     0.0788      0.680     38.476  27.370429     3.1514      7.340   132.9445 3.7867e-01     2.8509      5.837      8.466    10.5916 0.0000e+00
      5.965      0.040     0.0809      0.662     38.515  27.402146     3.1070      7.333   130.9036 3.8041e-01     2.7065      5.852      8.489    10.5818 0.0000e+00
      5.973      0.035     0.0793      0.658     38.616  27.477288     3.0717      7.324   128.6511 3.9089e-01     2.6049      5.860      8.500    10.5712 0.0000e+00
      5.973      0.031     0.0786      0.662     38.672  27.518331     3.0661      7.315   126.5320 3.8803e-01     2.6138      5.856      8.495    10.5623 0.0000e+00
      5.975      0.027     0.0759      0.677     38.671  27.518076     3.0811      7.307   124.5539 3.7745e-01     2.6425      5.854      8.491    10.5636 0.0000e+00
      5.985      0.025     0.0727      0.692     38.609  27.474198     3.1615      7.301   122.5444 3.7344e-01     2.7133      5.869      8.510    10.5715 0.0000e+00
      5.999      0.025     0.0737      0.676     38.457  27.368131     3.2972      7.295   120.6481 3.7328e-01     2.8198      5.887      8.537    10.5762 0.0000e+00
      6.007      0.024     0.0729      0.651     38.284  27.249818     3.3574      7.287   119.0055 3.8652e-01     2.8383      5.893      8.547    10.5767 0.0000e+00
      6.010      0.019     0.0749      0.655     38.183  27.184652     3.3484      7.280   117.3960 3.9975e-01     2.8334      5.894      8.548    10.5774 0.0000e+00
      6.012      0.012     0.0793      0.671     38.127  27.150696     3.2709      7.273   115.8151 3.8686e-01     2.8289      5.896      8.552    10.5765 0.0000e+00
      6.014      0.006     0.0760      0.669     38.127  27.156202     3.1116      7.267   114.3453 3.7544e-01     2.7500      5.897      8.553    10.5784 0.0000e+00
      6.015      0.003     0.0705      0.662     38.167  27.187851     3.0116      7.261   112.9608 3.7638e-01     2.6990      5.899      8.556    10.5873 0.0000e+00
      6.016      0.002     0.0721      0.655     38.207  27.216422     2.9944      7.255   111.7237 3.7301e-01     2.6905      5.901      8.559    10.5956 0.0000e+00
      6.015      0.002     0.0766      0.653     38.250  27.248116     3.0034      7.248   110.4858 3.7465e-01     2.6825      5.898      8.554    10.6040 0.0000e+00
      6.014      0.002     0.0739      0.668     38.343  27.317509     3.0208      7.241   109.1790 3.8165e-01     2.6702      5.896      8.552    10.6122 0.0000e+00
      6.015      0.002     0.0739      0.673     38.484  27.421584     3.0217      7.235   107.9686 3.8474e-01     2.6098      5.898      8.554    10.6155 0.0000e+00
