Data/DataNotYetUploadedToEDI/Raw_CTD/RawDownloads/052322_bvr50_0006.cnv
* Sea-Bird SBE19plus  Data File:
* FileName = C:\R\Reservoirs\Data\DataNotYetUploadedToEDI\Raw_CTD\RawDownloads\051722_bvr01_0006.hex
* Software version 2.8.0.119
* Temperature SN = 7809
* Conductivity SN = 7809
* System UpLoad Time = May 24 2022 16:18:11
* <ApplicationData>
* <Seaterm232>
# nquan = 15
# nvalues = 1160                        
# units = specified
# name 0 = depFM: Depth [fresh water, m]
# name 1 = dz/dtM: Descent Rate [m/s]
# name 2 = sbeox0Mg/L: Oxygen, SBE 43 [mg/l]
# name 3 = sbeox0PS: Oxygen, SBE 43 [% saturation]
# name 4 = specc: Specific Conductance [uS/cm]
# name 5 = c0uS/cm: Conductivity [uS/cm]
# name 6 = flECO-AFL: Fluorescence, WET Labs ECO-AFL/FL [mg/m^3]
# name 7 = ph: pH
# name 8 = orp: Oxidation Reduction Potential [mV]
# name 9 = par/sat/log: PAR/Logarithmic, Satlantic
# name 10 = turbWETntu0: Turbidity, WET Labs ECO [NTU]
# name 11 = prdM: Pressure, Strain Gauge [db]
# name 12 = prdE: Pressure, Strain Gauge [psi]
# name 13 = tv290C: Temperature [ITS-90, deg C]
# name 14 = flag:  0.000e+00
# span 0 =     -0.698,      9.225       
# span 1 =     -0.207,      0.221       
# span 2 =     0.0466,     9.2335       
# span 3 =      0.433,    105.836       
# span 4 =      1.090,     80.320       
# span 5 =   1.010975,  55.193928       
# span 6 =    -0.1588,     8.4419       
# span 7 =      6.191,      8.904       
# span 8 =   -79.6056,   397.1202       
# span 9 = 1.2363e-01, 2.1557e+02       
# span 10 =    -0.3164,    12.6928      
# span 11 =     -0.685,      9.047      
# span 12 =     -0.993,     13.122      
# span 13 =     9.3385,    24.3741      
# span 14 = 0.0000e+00, 0.0000e+00      
# interval = seconds: 0.25
# start_time = May 23 2022 09:49:23 [Instrument's time stamp, header]
# bad_flag = -9.990e-29
*END*
[from data line 97]
      0.023     -0.010     6.3728     77.235     26.855  26.482971     4.4303      8.519   198.4134 7.9756e+01     2.8535      0.023      0.033    24.3161 0.0000e+00
      0.019     -0.052     6.4646     76.602     26.866  26.491551     4.4347      8.516   211.2115 8.3690e+01     2.8452      0.021      0.030    24.3134 0.0000e+00
      0.005     -0.091     6.5050     75.836     26.896  26.516411     4.4340      8.515   215.9121 9.1446e+01     2.9105      0.011      0.017    24.3104 0.0000e+00
     -0.027     -0.118     6.5035     75.126     26.916  26.530031     4.3880      8.513   215.6698 1.0943e+02     2.9259     -0.020     -0.028    24.3056 0.0000e+00
     -0.076     -0.133     6.4732     74.663     26.919  26.529457     4.3200      8.509   215.5086 1.3632e+02     2.9630     -0.073     -0.106    24.3014 0.0000e+00
     -0.129     -0.133     6.4163     74.692     26.899  26.509467     4.2860      8.502   215.7702 1.5232e+02     3.0177     -0.131     -0.189    24.2987 0.0000e+00
     -0.170     -0.119     6.3459     75.261     26.865  26.478467     4.2849      8.497   216.1664 1.5192e+02     3.0066     -0.174     -0.251    24.2905 0.0000e+00
     -0.197     -0.094     6.2857     76.056     26.857  26.471553     4.2983      8.493   216.3414 1.4843e+02     2.9995     -0.196     -0.283    24.2761 0.0000e+00
     -0.212     -0.063     6.2373     76.724     26.875  26.489258     4.2982      8.489   216.3368 1.4707e+02     3.0003     -0.210     -0.302    24.2684 0.0000e+00
     -0.221     -0.033     6.2353     77.084     26.887  26.502396     4.2829      8.485   216.2829 1.4751e+02     3.0162     -0.220     -0.319    24.2699 0.0000e+00
     -0.223     -0.012     6.2965     77.074     26.887  26.503641     4.2888      8.482   216.1202 1.4930e+02     3.0552     -0.222     -0.322    24.2756 0.0000e+00
     -0.219     -0.001     6.3735     76.681     26.886  26.504311     4.3108      8.481   215.8325 1.5080e+02     3.0273     -0.215     -0.311    24.2788 0.0000e+00
     -0.214      0.004     6.4344     75.903     26.893  26.510492     4.3324      8.482   215.8151 1.5172e+02     2.9518     -0.209     -0.302    24.2769 0.0000e+00
     -0.209      0.006     6.4657     74.843     26.898  26.514997     4.3419      8.482   216.1673 1.5247e+02     2.8940     -0.204     -0.295    24.2776 0.0000e+00
     -0.208      0.006     6.4640     73.738     26.879  26.495407     4.3344      8.480   216.5634 1.5313e+02     2.8755     -0.201     -0.291    24.2816 0.0000e+00
     -0.211      0.007     6.4318     72.795     26.848  26.463770     4.3343      8.480   216.7331 1.5332e+02     2.9669     -0.207     -0.300    24.2850 0.0000e+00
     -0.215      0.010     6.3647     72.065     26.835  26.449375     4.3405      8.481   216.6702 1.5292e+02     3.0765     -0.213     -0.310    24.2846 0.0000e+00
     -0.212      0.015     6.2673     71.490     26.833  26.448118     4.3345      8.482   216.6630 1.5227e+02     3.0743     -0.210     -0.304    24.2827 0.0000e+00
     -0.204      0.020     6.1677     71.028     26.833  26.448569     4.3362      8.480   216.9042 1.5221e+02     3.0760     -0.199     -0.288    24.2819 0.0000e+00
     -0.195      0.022     6.0883     70.672     26.840  26.454844     4.3357      8.477   217.2638 1.5291e+02     3.0631     -0.191     -0.279    24.2792 0.0000e+00
     -0.186      0.019     6.0304     70.390     26.846  26.460595     4.3125      8.475   217.3965 1.5350e+02     2.9521     -0.184     -0.267    24.2757 0.0000e+00
     -0.177      0.012     5.9836     70.175     26.839  26.454730     4.2884      8.474   217.3043 1.5381e+02     2.8280     -0.171     -0.248    24.2768 0.0000e+00
     -0.174      0.005     5.9434     70.086     26.831  26.447306     4.2766      8.474   217.2673 1.5410e+02     2.7580     -0.166     -0.241    24.2799 0.0000e+00
     -0.180     -0.001     5.9158     70.161     26.817  26.434214     4.2786      8.470   217.3797 1.5464e+02     2.7885     -0.176     -0.255    24.2789 0.0000e+00
     -0.187     -0.006     5.8930     70.323     26.807  26.423200     4.3130      8.468   217.4591 1.5533e+02     2.8560     -0.187     -0.271    24.2763 0.0000e+00
     -0.189     -0.008     5.8724     70.441     26.825  26.440901     4.3754      8.468   217.4528 1.5575e+02     2.8906     -0.187     -0.271    24.2772 0.0000e+00
     -0.188     -0.007     5.8624     70.486     26.841  26.458091     4.4087      8.466   217.5613 1.5590e+02     2.9000     -0.183     -0.266    24.2801 0.0000e+00
     -0.188     -0.004     5.8714     70.541     26.822  26.440900     4.3997      8.463   217.6537 1.5589e+02     2.8670     -0.184     -0.266    24.2803 0.0000e+00
     -0.191     -0.003     5.8909     70.677     26.803  26.423185     4.3665      8.460   217.6236 1.5591e+02     2.8675     -0.188     -0.272    24.2781 0.0000e+00
     -0.192     -0.003     5.9015     70.849     26.814  26.434046     4.3239      8.458   217.6266 1.5602e+02     2.9051     -0.189     -0.274    24.2781 0.0000e+00
     -0.192     -0.003     5.9014     70.949     26.825  26.445466     4.2928      8.457   217.6902 1.5602e+02     2.8776     -0.188     -0.273    24.2809 0.0000e+00
     -0.193     -0.002     5.9026     70.934     26.814  26.434500     4.2727      8.455   217.7910 1.5601e+02     2.8774     -0.189     -0.274    24.2841 0.0000e+00
     -0.194      0.000     5.9154     70.844     26.808  26.428213     4.3143      8.453   217.8123 1.5611e+02     2.9363     -0.191     -0.277    24.2859 0.0000e+00
     -0.195      0.002     5.9345     70.727     26.813  26.432832     4.4218      8.451   217.6893 1.5624e+02     2.9410     -0.192     -0.279    24.2866 0.0000e+00
     -0.194      0.004     5.9442     70.613     26.808  26.426967     4.4901      8.451   217.5952 1.5629e+02     2.9005     -0.190     -0.275    24.2871 0.0000e+00
     -0.191      0.006     5.9405     70.505     26.802  26.420673     4.4990      8.450   217.5340 1.5609e+02     2.8558     -0.187     -0.271    24.2867 0.0000e+00
     -0.189      0.009     5.9321     70.418     26.802  26.420114     4.4970      8.449   217.4656 1.5570e+02     2.8447     -0.185     -0.269    24.2857 0.0000e+00
     -0.187      0.010     5.9213     70.416     26.803  26.420218     4.4990      8.448   217.4569 1.5540e+02     2.8682     -0.184     -0.267    24.2845 0.0000e+00
     -0.185      0.010     5.9116     70.512     26.806  26.421928     4.4971      8.447   217.4288 1.5515e+02     2.8667     -0.181     -0.263    24.2832 0.0000e+00
     -0.181      0.009     5.9038     70.652     26.826  26.440786     4.4914      8.446   217.3832 1.5496e+02     2.8276     -0.177     -0.257    24.2825 0.0000e+00
     -0.177      0.006     5.8926     70.769     26.844  26.458081     4.4716      8.446   217.3357 1.5486e+02     2.8055     -0.173     -0.252    24.2814 0.0000e+00
     -0.175      0.003     5.8927     70.849     26.828  26.440899     4.4326      8.445   217.1996 1.5481e+02     2.8383     -0.170     -0.247    24.2798 0.0000e+00
     -0.175     -0.001     5.9030     70.905     26.811  26.423174     4.4104      8.444   217.0279 1.5491e+02     2.8818     -0.171     -0.248    24.2782 0.0000e+00
     -0.176     -0.005     5.9172     70.920     26.823  26.433922     4.4030      8.441   216.8954 1.5506e+02     2.8876     -0.173     -0.251    24.2764 0.0000e+00
     -0.179     -0.009     5.9281     70.884     26.834  26.444084     4.3936      8.440   216.8873 1.5518e+02     2.8736     -0.176     -0.255    24.2748 0.0000e+00
     -0.182     -0.011     5.9326     70.776     26.810  26.419281     4.3964      8.441   217.0164 1.5528e+02     2.9181     -0.178     -0.259    24.2731 0.0000e+00
     -0.186     -0.011     5.9400     70.579     26.779  26.387547     4.4030      8.441   217.0790 1.5536e+02     3.0161     -0.182     -0.264    24.2715 0.0000e+00
     -0.190     -0.010     5.9405     70.317     26.771  26.377298     4.3987      8.440   216.9561 1.5535e+02     3.0672     -0.186     -0.271    24.2697 0.0000e+00
     -0.193     -0.008     5.9385     70.003     26.755  26.358747     4.3941      8.439   216.7346 1.5535e+02     3.0592     -0.189     -0.275    24.2674 0.0000e+00
     -0.194     -0.007     5.9313     69.643     26.751  26.353377     4.4139      8.439   216.5524 1.5520e+02     3.0213     -0.190     -0.275    24.2655 0.0000e+00
     -0.194     -0.005     5.9130     69.291     26.775  26.375742     4.4631      8.441   216.4741 1.5492e+02     2.9840     -0.190     -0.275    24.2637 0.0000e+00
     -0.195     -0.003     5.8913     69.011     26.775  26.375637     4.4988      8.443   216.3899 1.5487e+02     2.9500     -0.191     -0.277    24.2598 0.0000e+00
     -0.196     -0.003     5.8661     68.804     26.751  26.352109     4.5039      8.444   216.1373 1.5504e+02     2.8839     -0.192     -0.280    24.2538 0.0000e+00
     -0.197     -0.003     5.8347     68.627     26.744  26.344792     4.4920      8.447   215.9139 1.5519e+02     2.8673     -0.194     -0.281    24.2495 0.0000e+00
     -0.198     -0.003     5.8024     68.434     26.750  26.350554     4.4796      8.452   215.9267 1.5509e+02     2.9545     -0.194     -0.281    24.2479 0.0000e+00
     -0.198     -0.002     5.7797     68.189     26.758  26.358397     4.4876      8.457   215.9482 1.5495e+02     3.0508     -0.194     -0.282    24.2478 0.0000e+00
     -0.198     -0.001     5.7637     67.904     26.777  26.376232     4.4963      8.461   215.9152 1.5506e+02     3.0398     -0.194     -0.281    24.2484 0.0000e+00
     -0.199     -0.000     5.7501     67.609     26.777  26.376057     4.4773      8.463   215.8718 1.5511e+02     2.9244     -0.195     -0.282    24.2480 0.0000e+00
     -0.200      0.001     5.7356     67.305     26.757  26.356272     4.4489      8.466   215.6818 1.5497e+02     2.8852     -0.196     -0.284    24.2471 0.0000e+00
     -0.200      0.003     5.7147     66.993     26.793  26.390544     4.4357      8.469   215.4243 1.5464e+02     2.9418     -0.196     -0.284    24.2464 0.0000e+00
     -0.199      0.005     5.6893     66.918     26.879  26.473526     4.4347      8.471   215.1676 1.5414e+02     2.9595     -0.195     -0.283    24.2458 0.0000e+00
     -0.196      0.008     5.6646     67.969     26.952  26.535642     4.4867      8.476   214.9873 1.5364e+02     2.9635     -0.192     -0.279    24.2454 0.0000e+00
     -0.194      0.011     5.6401     71.153     27.007  26.571141     4.5817      8.481   215.0508 1.5304e+02     2.9890     -0.190     -0.275    24.2454 0.0000e+00
     -0.191      0.015     5.6123     76.293     27.046  26.585816     4.6431      8.486   215.1609 1.5214e+02     3.0289     -0.187     -0.271    24.2439 0.0000e+00
     -0.187      0.019     5.5789     82.239     27.065  26.586279     4.6704      8.492   215.0288 1.5101e+02     3.0703     -0.184     -0.266    24.2435 0.0000e+00
     -0.182      0.025     5.6215     88.086     27.065  26.576714     4.6704      8.500   214.6583 1.5039e+02     3.0795     -0.179     -0.260    24.2311 0.0000e+00
     -0.176      0.035     5.9018     93.357     27.090  26.596907     4.6264      8.508   214.2939 1.5063e+02     3.0377     -0.172     -0.250    24.1889 0.0000e+00
     -0.168      0.048     6.3878     97.680     27.139  26.640281     4.5714      8.513   214.0645 1.5043e+02     2.9757     -0.166     -0.240    24.1392 0.0000e+00
     -0.158      0.062     6.9140    100.716     27.164  26.657463     4.5548      8.517   213.7780 1.4854e+02     2.9780     -0.157     -0.229    24.1049 0.0000e+00
     -0.140      0.073     7.4192    102.362     27.194  26.677883     4.5675      8.522   213.3253 1.4348e+02     3.0316     -0.140     -0.203    24.0884 0.0000e+00
     -0.114      0.081     7.8727    102.845     27.227  26.697028     4.6168      8.531   212.7206 1.3267e+02     3.0434     -0.113     -0.163    24.0831 0.0000e+00
     -0.086      0.086     8.2494    102.592     27.244  26.698769     4.7091      8.542   212.3172 1.1820e+02     3.0181     -0.083     -0.120    24.0759 0.0000e+00
     -0.061      0.088     8.5106    102.038     27.257  26.698916     4.7684      8.554   212.4916 1.0675e+02     3.0323     -0.057     -0.083    24.0634 0.0000e+00
     -0.042      0.084     8.6427    101.427     27.271  26.698776     4.7849      8.565   211.9036 1.0025e+02     3.0788     -0.041     -0.059    24.0482 0.0000e+00
     -0.024      0.078     8.6750    100.887     27.285  26.697066     4.8167      8.576   203.3144 9.4526e+01     3.1024     -0.027     -0.039    24.0233 0.0000e+00
     -0.002      0.073     8.6429    100.593     27.284  26.678210     4.8620      8.583   187.4529 8.8069e+01     3.0785     -0.002     -0.005    23.9906 0.0000e+00
      0.018      0.072     8.5942    100.640     27.287  26.660912     4.8825      8.588   177.5759 8.3794e+01     3.0285      0.021      0.031    23.9689 0.0000e+00
      0.031      0.075     8.5446    100.949     27.331  26.678036     4.8896      8.596   174.8353 8.0436e+01     3.0107      0.030      0.043    23.9498 0.0000e+00
      0.046      0.080     8.4971    101.357     27.385  26.695065     4.9819      8.607   173.1588 7.6483e+01     3.0339      0.042      0.061    23.9158 0.0000e+00
      0.066      0.085     8.4732    101.736     27.414  26.676615     5.1414      8.619   171.9327 7.3503e+01     3.0359      0.066      0.096    23.8863 0.0000e+00
      0.090      0.091     8.4868    102.119     27.429  26.645036     5.2199      8.634   171.0239 6.9850e+01     3.0006      0.086      0.124    23.8512 0.0000e+00
      0.117      0.096     8.5246    102.621     27.453  26.630090     5.2317      8.649   170.3446 6.5027e+01     2.9835      0.114      0.166    23.8060 0.0000e+00
      0.147      0.098     8.5748    103.212     27.472  26.622604     5.2837      8.663   169.9996 6.0826e+01     2.9999      0.146      0.211    23.7444 0.0000e+00
      0.173      0.098     8.6210    103.762     27.483  26.617867     5.3667      8.675   169.7776 5.7250e+01     3.0284      0.170      0.246    23.6479 0.0000e+00
      0.196      0.093     8.6610    104.195     27.513  26.636181     5.4025      8.685   169.3816 5.4569e+01     3.0203      0.194      0.282    23.5596 0.0000e+00
      0.219      0.084     8.7177    104.528     27.538  26.653871     5.4005      8.695   168.8257 5.2281e+01     3.0035      0.213      0.309    23.4874 0.0000e+00
      0.242      0.076     8.7814    104.836     27.528  26.641597     5.4088      8.705   168.0458 4.9771e+01     3.0308      0.238      0.346    23.4388 0.0000e+00
      0.262      0.073     8.8331    105.171     27.503  26.614550     5.4450      8.716   167.3503 4.7746e+01     3.0430      0.260      0.377    23.4206 0.0000e+00
      0.276      0.078     8.8733    105.513     27.478  26.580371     5.4971      8.725   167.1278 4.6173e+01     3.0135      0.270      0.392    23.3992 0.0000e+00
      0.287      0.089     8.9009    105.781     27.461  26.545237     5.5144      8.731   166.9911 4.4981e+01     2.9823      0.282      0.410    23.3848 0.0000e+00
      0.301      0.101     8.9248    105.836     27.450  26.506632     5.5119      8.737   166.7307 4.3709e+01     3.0070      0.289      0.420    23.3864 0.0000e+00
      0.330      0.111     8.9555    105.658     27.467  26.493844     5.5674      8.743   166.6458 4.1348e+01     3.0737      0.315      0.457    23.3820 0.0000e+00
      0.375      0.118     8.9882    105.404     27.515  26.517338     5.6693      8.748   166.7396 3.8562e+01     3.0708      0.370      0.537    23.3673 0.0000e+00
      0.418      0.120     9.0229    105.180     27.551  26.537130     5.7280      8.752   166.8323 3.6551e+01     3.0072      0.414      0.601    23.3338 0.0000e+00
      0.449      0.114     9.0395    105.015     27.568  26.542978     5.7358      8.756   166.8195 3.5186e+01     2.9872      0.442      0.641    23.2769 0.0000e+00
