Data/DataNotYetUploadedToEDI/Raw_CTD/RawDownloads/052322_bvr50_0004.cnv
* Sea-Bird SBE19plus  Data File:
* FileName = C:\R\Reservoirs\Data\DataNotYetUploadedToEDI\Raw_CTD\RawDownloads\051722_bvr01_0004.hex
* Software version 2.8.0.119
* Temperature SN = 7809
* Conductivity SN = 7809
* System UpLoad Time = May 24 2022 16:17:24
* <ApplicationData>
* <Seaterm232>
# nquan = 15
# nvalues = 6312                        
# units = specified
# name 0 = depFM: Depth [fresh water, m]
# name 1 = dz/dtM: Descent Rate [m/s]
# name 2 = sbeox0Mg/L: Oxygen, SBE 43 [mg/l]
# name 3 = sbeox0PS: Oxygen, SBE 43 [% saturation]
# name 4 = specc: Specific Conductance [uS/cm]
# name 5 = c0uS/cm: Conductivity [uS/cm]
# name 6 = flECO-AFL: Fluorescence, WET Labs ECO-AFL/FL [mg/m^3]
# name 7 = ph: pH
# name 8 = orp: Oxidation Reduction Potential [mV]
# name 9 = par/sat/log: PAR/Logarithmic, Satlantic
# name 10 = turbWETntu0: Turbidity, WET Labs ECO [NTU]
# name 11 = prdM: Pressure, Strain Gauge [db]
# name 12 = prdE: Pressure, Strain Gauge [psi]
# name 13 = tv290C: Temperature [ITS-90, deg C]
# name 14 = flag:  0.000e+00
# span 0 =     -0.691,      9.191       
# span 1 =     -4.101,      0.156       
# span 2 =     0.0273,     9.2666       
# span 3 =      0.262,    105.575       
# span 4 =      0.535,     71.444       
# span 5 =   0.518189,  49.309269       
# span 6 =    -0.1635,    11.1877       
# span 7 =      6.178,      9.056       
# span 8 =  -136.0812,   397.2122       
# span 9 = 1.2361e-01, 6.9353e+02       
# span 10 =    -0.3339,    19.5342      
# span 11 =     -0.677,      9.014      
# span 12 =     -0.983,     13.073      
# span 13 =     9.4612,    24.4762      
# span 14 = 0.0000e+00, 0.0000e+00      
# interval = seconds: 0.25
# start_time = May 23 2022 08:54:00 [Instrument's time stamp, header]
# bad_flag = -9.990e-29
*END*
[from data line 6169]
     -0.682 -1.488e-10     6.3281     73.454      0.833   0.795123    -0.0994      8.199   143.3736 6.8863e+02     0.1925     -0.668     -0.969    22.7034 0.0000e+00
     -0.682 -1.353e-11     6.3272     73.458      0.831   0.792822    -0.0887      8.198   143.3407 6.8990e+02     0.2447     -0.669     -0.970    22.7004 0.0000e+00
     -0.682 -1.230e-12     6.3310     73.455      0.820   0.782140    -0.0892      8.196   143.5361 6.9145e+02     0.2314     -0.669     -0.971    22.6975 0.0000e+00
     -0.682 -1.118e-13     6.3369     73.462      0.831   0.792575    -0.0964      8.194   143.5845 6.9202e+02     0.1686     -0.669     -0.970    22.6945 0.0000e+00
     -0.682 -1.016e-14     6.3374     73.477      0.831   0.792383    -0.0936      8.192   143.8398 6.9234e+02     0.1680     -0.669     -0.970    22.6914 0.0000e+00
     -0.682 -9.240e-16     6.3389     73.484      0.818   0.779819    -0.0963      8.191   144.3007 6.9295e+02     0.1907     -0.669     -0.970    22.6883 0.0000e+00
     -0.682 -8.400e-17     6.3379     73.509      0.804   0.767261    -0.0963      8.192   144.4243 6.9298e+02     0.1696     -0.669     -0.970    22.6852 0.0000e+00
     -0.682 -7.635e-18     6.3384     73.552      0.804   0.767155    -0.0937      8.193   144.5601 6.9273e+02     0.1858     -0.670     -0.971    22.6821 0.0000e+00
     -0.682 -6.940e-19     6.3424     73.575      0.816   0.778532    -0.0973      8.192   145.1686 6.9303e+02     0.2506     -0.669     -0.970    22.6790 0.0000e+00
     -0.682 -6.310e-20     6.3407     73.584      0.816   0.778227    -0.0901      8.190   145.5865 6.9353e+02     0.2697     -0.669     -0.970    22.6757 0.0000e+00
     -0.683 -5.735e-21     6.3436     73.600      0.801   0.763465    -0.0824      8.189   145.8274 6.9328e+02     0.2114     -0.669     -0.971    22.6724 0.0000e+00
     -0.683 -5.215e-22     6.3501     73.621      0.762   0.726644    -0.0866      8.187   146.4466 6.9271e+02     0.1594     -0.669     -0.971    22.6690 0.0000e+00
     -0.682 -4.742e-23     6.3517     73.646      0.748   0.712834    -0.0915      8.185   146.8784 6.9281e+02     0.1884     -0.669     -0.970    22.6658 0.0000e+00
     -0.682 -4.310e-24     6.3516     73.668      0.759   0.723088    -0.0919      8.180   146.9186 6.9307e+02     0.2207     -0.669     -0.970    22.6624 0.0000e+00
     -0.682 -3.918e-25     6.3542     73.678      0.760   0.724020    -0.0989      8.178   147.0186 6.9308e+02     0.2088     -0.669     -0.970    22.6590 0.0000e+00
     -0.682 -3.562e-26     6.3560     73.697      0.760   0.724104    -0.1019      8.179   147.2275 6.9303e+02     0.2153     -0.669     -0.970    22.6562 0.0000e+00
     -0.682 -3.238e-27     6.3587     73.725      0.760   0.724112    -0.0864      8.179   147.8100 6.9283e+02     0.2304     -0.669     -0.970    22.6528 0.0000e+00
     -0.682 -2.944e-28     6.3622     73.735      0.760   0.724112    -0.0778      8.176   148.8124 6.8927e+02     0.1868     -0.669     -0.971    22.6496 0.0000e+00
     -0.683 -2.676e-29     6.3617     73.738      0.760   0.724103    -0.0891      8.174   149.7104 6.6356e+02     0.1316     -0.670     -0.972    22.6466 0.0000e+00
     -0.683 -2.433e-30     6.3636     73.745      0.760   0.723999    -0.0986      8.174   150.4081 5.0708e+02     0.1784     -0.669     -0.971    22.6435 0.0000e+00
     -0.683 -2.212e-31     6.3684     73.755      0.759   0.722857    -0.0924      8.174   150.9669 2.2541e+02     0.2396     -0.669     -0.971    22.6404 0.0000e+00
     -0.683 -2.011e-32     6.3682     73.771      0.746   0.710302    -0.0891      8.172   151.1328 4.2550e+01     0.1896     -0.669     -0.971    22.6375 0.0000e+00
     -0.683 -1.828e-33     6.3686     73.793      0.734   0.698793    -0.0922      8.170   151.1239 3.9807e+00     0.0853     -0.669     -0.971    22.6344 0.0000e+00
     -0.683 -1.662e-34     6.3700     73.822      0.745   0.710302    -0.0882      8.168   151.5478 4.7439e-01     0.0382     -0.670     -0.971    22.6315 0.0000e+00
     -0.683 -1.511e-35     6.3707     73.840      0.759   0.722857    -0.0826      8.168   152.1276 1.5563e-01     0.0638     -0.670     -0.971    22.6285 0.0000e+00
     -0.683 -1.373e-36     6.3731     73.854      0.760   0.723988    -0.0821      8.169   152.1972 1.2665e-01     0.0532     -0.669     -0.971    22.6255 0.0000e+00
     -0.683 -1.249e-37     6.3745     73.879      0.760   0.723987    -0.0916      8.172   152.1318 1.2407e-01    -0.0216     -0.669     -0.971    22.6225 0.0000e+00
     -0.683 -1.135e-38     6.3788     73.901      0.759   0.722845    -0.0969      8.174   152.1968 1.2389e-01    -0.0547     -0.670     -0.971    22.6195 0.0000e+00
     -0.683 -1.032e-39     6.3803     73.908      0.746   0.710177    -0.0879      8.174   152.1232 1.2389e-01    -0.0407     -0.669     -0.971    22.6164 0.0000e+00
     -0.683 -9.380e-41     6.3807     73.912      0.733   0.697412    -0.0831      8.175   151.8438 1.2389e-01    -0.0560     -0.670     -0.971    22.6135 0.0000e+00
     -0.683 -8.530e-42     6.3844     73.929      0.731   0.695110    -0.0805      8.176   151.4002 1.2385e-01    -0.0351     -0.670     -0.971    22.6106 0.0000e+00
     -0.683 -7.750e-43     6.3868     73.960      0.717   0.682346    -0.0725      8.175   151.4054 1.2380e-01     0.0410     -0.669     -0.971    22.6077 0.0000e+00
     -0.683 -7.050e-44     6.3873     73.993      0.703   0.669676    -0.0783      8.174   151.2188 1.2380e-01     0.0445     -0.669     -0.971    22.6048 0.0000e+00
     -0.683 -6.405e-45     6.3873     74.009      0.702   0.668525    -0.0998      8.173   151.2950 1.2384e-01    -0.0264     -0.669     -0.971    22.6020 0.0000e+00
     -0.683 -5.825e-46     6.3894     74.022      0.702   0.668431    -0.1088      8.170   152.9286 1.2388e-01    -0.0653     -0.670     -0.972    22.5990 0.0000e+00
     -0.683 -5.295e-47     6.3925     74.041      0.702   0.668534    -0.1041      8.167   154.1071 1.2394e-01     0.0179     -0.670     -0.971    22.5961 0.0000e+00
     -0.683 -4.817e-48     6.3970     74.056      0.703   0.669778    -0.1014      8.165   154.0144 1.2397e-01     0.1595     -0.670     -0.971    22.5933 0.0000e+00
     -0.683 -4.799e-49     6.3980     74.073      0.718   0.683466    -0.0923      8.165   153.5290 1.2394e-01     0.2128     -0.670     -0.971    22.5904 0.0000e+00
     -0.683 -5.047e-49     6.3983     74.096      0.743   0.707436    -0.0858      8.165   151.2499 1.2389e-01     0.2188     -0.670     -0.971    22.5877 0.0000e+00
     -0.683 -5.118e-48     6.4020     74.121      0.742   0.706389    -0.0896      8.166   149.0002 1.2386e-01     0.1971     -0.669     -0.971    22.5846 0.0000e+00
     -0.683 -5.626e-47     6.4025     74.140      0.705   0.670806    -0.0962      8.166   149.0420 1.2381e-01     0.0866     -0.669     -0.971    22.5818 0.0000e+00
     -0.683 -6.188e-46     6.4044     74.152      0.690   0.657015    -0.1078      8.166   148.4862 1.2374e-01    -0.0239     -0.670     -0.971    22.5791 0.0000e+00
     -0.683 -6.807e-45     6.4069     74.159      0.700   0.666233    -0.1048      8.167   148.9044 1.2373e-01    -0.0459     -0.669     -0.971    22.5762 0.0000e+00
     -0.683 -7.488e-44     6.4096     74.174      0.689   0.655658    -0.0921      8.167   151.6043 1.2377e-01    -0.0432     -0.669     -0.971    22.5735 0.0000e+00
     -0.683 -8.236e-43     6.4118     74.202      0.690   0.655753    -0.0962      8.163   153.1670 1.2381e-01    -0.0937     -0.670     -0.972    22.5706 0.0000e+00
     -0.683 -9.060e-42     6.4128     74.217      0.702   0.667383    -0.0963      8.159   153.5166 1.2379e-01    -0.1096     -0.670     -0.971    22.5678 0.0000e+00
     -0.683 -9.966e-41     6.4141     74.213      0.704   0.669686    -0.0853      8.158   154.7128 1.2375e-01    -0.0302     -0.669     -0.971    22.5649 0.0000e+00
     -0.683 -1.096e-39     6.4143     74.222      0.719   0.683591    -0.0874      8.157   156.1008 1.2380e-01     0.0122     -0.670     -0.971    22.5622 0.0000e+00
     -0.683 -1.206e-38     6.4192     74.249      0.745   0.708910    -0.0969      8.155   156.1025 1.2388e-01    -0.0409     -0.670     -0.971    22.5593 0.0000e+00
     -0.683 -1.326e-37     6.4208     74.278      0.760   0.722608    -0.0915      8.153   155.9378 1.2389e-01    -0.0575     -0.670     -0.972    22.5563 0.0000e+00
     -0.683 -1.459e-36     6.4191     74.294      0.760   0.722618    -0.0805      8.151   156.0886 1.2388e-01    -0.0174     -0.670     -0.971    22.5538 0.0000e+00
     -0.683 -1.605e-35     6.4203     74.311      0.745   0.709025    -0.0886      8.147   155.6889 1.2392e-01    -0.0343     -0.670     -0.972    22.5512 0.0000e+00
     -0.683 -1.766e-34     6.4235     74.326      0.720   0.684857    -0.0985      8.144   155.1486 1.2393e-01    -0.0570     -0.670     -0.971    22.5483 0.0000e+00
     -0.683 -1.942e-33     6.4275     74.325      0.719   0.683602    -0.0916      8.144   155.2336 1.2392e-01    -0.0188     -0.670     -0.972    22.5455 0.0000e+00
     -0.683 -2.136e-32     6.4277     74.334      0.730   0.693855    -0.0892      8.144   155.5124 1.2393e-01     0.0176     -0.670     -0.972    22.5426 0.0000e+00
     -0.683 -2.350e-31     6.4299     74.366      0.718   0.682222    -0.0947      8.144   155.1643 1.2388e-01     0.0073     -0.669     -0.971    22.5396 0.0000e+00
     -0.683 -2.585e-30     6.4331     74.397      0.704   0.669553    -0.1000      8.144   154.8106 1.2382e-01    -0.0406     -0.670     -0.971    22.5368 0.0000e+00
     -0.683 -2.843e-29     6.4314     74.405      0.702   0.667279    -0.0950      8.144   155.1933 1.2381e-01    -0.0488     -0.670     -0.972    22.5340 0.0000e+00
     -0.683 -3.128e-28     6.4321     74.402      0.689   0.654724    -0.0838      8.145   157.0383 1.2381e-01     0.0099     -0.670     -0.971    22.5312 0.0000e+00
     -0.683 -3.441e-27     6.4363     74.413      0.678   0.644347    -0.0890      8.146   158.8783 1.2382e-01     0.0202     -0.670     -0.972    22.5282 0.0000e+00
     -0.683 -3.785e-26     6.4403     74.438      0.703   0.668421    -0.0914      8.146   157.5653 1.2387e-01    -0.0263     -0.670     -0.972    22.5254 0.0000e+00
     -0.683 -4.163e-25     6.4409     74.462      0.729   0.692599    -0.0798      8.146   158.2851 1.2392e-01    -0.0400     -0.670     -0.972    22.5229 0.0000e+00
     -0.683 -4.579e-24     6.4394     74.471      0.719   0.683478    -0.0818      8.142   162.7629 1.2388e-01    -0.0432     -0.670     -0.972    22.5201 0.0000e+00
     -0.683 -5.037e-23     6.4413     74.478      0.720   0.684734    -0.0984      8.138   163.0934 1.2380e-01    -0.0657     -0.670     -0.972    22.5172 0.0000e+00
     -0.683 -5.541e-22     6.4442     74.501      0.745   0.707791    -0.1058      8.135   160.4752 1.2380e-01    -0.0727     -0.670     -0.972    22.5146 0.0000e+00
     -0.683 -6.095e-21     6.4473     74.519      0.746   0.709058    -0.0967      8.133   160.0147 1.2386e-01    -0.0590     -0.670     -0.972    22.5118 0.0000e+00
     -0.683 -6.705e-20     6.4481     74.525      0.737   0.700052    -0.0882      8.130   160.7956 1.2385e-01    -0.0362     -0.670     -0.971    22.5090 0.0000e+00
     -0.684 -7.375e-19     6.4474     74.534      0.764   0.725494    -0.0857      8.124   161.0552 1.2379e-01    -0.0015     -0.670     -0.972    22.5064 0.0000e+00
     -0.684 -8.113e-18     6.4516     74.531      0.804   0.763484    -0.0835      8.117   160.9159 1.2383e-01     0.0184     -0.670     -0.972    22.5036 0.0000e+00
     -0.684 -8.924e-17     6.4537     74.511      0.821   0.779589    -0.0868      8.111   161.5211 1.2387e-01     0.0339     -0.671     -0.973    22.5008 0.0000e+00
     -0.683 -9.816e-16     6.4530     74.487      0.836   0.793616    -0.0921      8.107   162.3493 1.2381e-01     0.0485     -0.670     -0.972    22.4981 0.0000e+00
     -0.683 -1.080e-14     6.4555     74.468      0.849   0.806485    -0.0979      8.102   161.5512 1.2375e-01     0.0245     -0.670     -0.971    22.4954 0.0000e+00
     -0.683 -1.188e-13     6.4556     74.463      0.851   0.808581    -0.1067      8.097   160.3030 1.2375e-01    -0.0170     -0.670     -0.972    22.4926 0.0000e+00
     -0.684 -1.307e-12     6.4535     74.465      0.862   0.818958    -0.1070      8.091   160.3356 1.2380e-01    -0.0440     -0.671     -0.973    22.4898 0.0000e+00
     -0.684 -1.437e-11     6.4519     74.460      0.848   0.805356    -0.0935      8.087   159.8812 1.2389e-01    -0.0623     -0.671     -0.973    22.4870 0.0000e+00
     -0.684 -1.581e-10     6.4497     74.456      0.812   0.770716    -0.0846      8.085   159.1963 1.2393e-01    -0.0680     -0.670     -0.972    22.4842 0.0000e+00
     -0.684 -1.739e-09     6.4500     74.456      0.821   0.779932    -0.0827      8.084   160.3147 1.2391e-01    -0.0104     -0.671     -0.973    22.4814 0.0000e+00
     -0.684 -1.913e-08     6.4518     74.459      0.832   0.790185    -0.0796      8.080   161.6161 1.2386e-01     0.0194     -0.670     -0.972    22.4786 0.0000e+00
     -0.684 -2.104e-07     6.4506     74.481      0.809   0.768081    -0.0886      8.076   160.8208 1.2386e-01    -0.0491     -0.670     -0.972    22.4754 0.0000e+00
     -0.684     -0.000     6.4506     74.512      0.807   0.765874    -0.0986      8.073   158.7871 1.2391e-01    -0.0534     -0.670     -0.972    22.4721 0.0000e+00
     -0.684     -0.000     6.4517     74.522      0.804   0.763495    -0.0929      8.071   158.1920 1.2390e-01     0.0017     -0.671     -0.973    22.4693 0.0000e+00
     -0.684     -0.000     6.4510     74.524      0.779   0.739326    -0.0954      8.069   159.2177 1.2390e-01    -0.0323     -0.671     -0.973    22.4666 0.0000e+00
     -0.684     -0.003     6.4535     74.556      0.766   0.726855    -0.1037      8.066   159.9179 1.2387e-01    -0.0880     -0.670     -0.972    22.4635 0.0000e+00
     -0.684     -0.034     6.4586     74.587      0.779   0.739305    -0.0927      8.064   160.1196 1.2377e-01    -0.0566     -0.671     -0.973    22.4603 0.0000e+00
     -0.684     -0.373     6.4593     74.595      0.804   0.763256    -0.0801      8.064   160.7100 1.2371e-01     0.0053     -0.671     -0.973    22.4574 0.0000e+00
     -0.684     -4.101     6.4568     74.606      0.804   0.763245    -0.0836      8.064   161.4635 1.2380e-01     0.0793     -0.670     -0.972    22.4542 0.0000e+00
     -0.684     -4.101     6.4624     74.621      0.779   0.739169    -0.0933      8.063   161.7451 1.2390e-01     0.1552     -0.670     -0.972    22.4511 0.0000e+00
     -0.684     -0.373     6.4671     74.633      0.764   0.725359    -0.0897      8.061   161.7047 1.2385e-01     0.1721     -0.671     -0.973    22.4484 0.0000e+00
     -0.684     -0.034     6.4653     74.651      0.762   0.722869    -0.0724      8.060   161.4916 1.2379e-01     0.1806     -0.671     -0.973    22.4457 0.0000e+00
     -0.684     -0.003     6.4678     74.667      0.747   0.709058    -0.0682      8.060   160.2873 1.2389e-01     0.1894     -0.670     -0.972    22.4427 0.0000e+00
     -0.684     -0.000     6.4697     74.676      0.722   0.684973    -0.0804      8.060   157.0379 1.2393e-01     0.1763     -0.671     -0.973    22.4399 0.0000e+00
     -0.684     -0.000     6.4699     74.691      0.722   0.684867    -0.0865      8.059   154.5542 1.2383e-01     0.1929     -0.671     -0.973    22.4373 0.0000e+00
     -0.684     -0.000     6.4726     74.716      0.746   0.707770    -0.0840      8.057   156.1542 1.2376e-01     0.1858     -0.670     -0.972    22.4346 0.0000e+00
     -0.684 -2.104e-07     6.4747     74.740      0.747   0.708694    -0.0916      8.056   159.3486 1.2379e-01     0.1243     -0.671     -0.973    22.4318 0.0000e+00
     -0.684 -1.913e-08     6.4750     74.746      0.734   0.696033    -0.1035      8.055   161.6874 1.2386e-01     0.1323     -0.671     -0.973    22.4291 0.0000e+00
     -0.684 -1.739e-09     6.4768     74.742      0.719   0.681288    -0.0948      8.053   163.1794 1.2388e-01     0.1798     -0.671     -0.973    22.4263 0.0000e+00
