Data/DataNotYetUploadedToEDI/Raw_CTD/RawDownloads/052322_bvr40_0003.cnv
* Sea-Bird SBE19plus  Data File:
* FileName = C:\R\Reservoirs\Data\DataNotYetUploadedToEDI\Raw_CTD\RawDownloads\051722_bvr01_0003.hex
* Software version 2.8.0.119
* Temperature SN = 7809
* Conductivity SN = 7809
* System UpLoad Time = May 24 2022 16:14:48
* <ApplicationData>
* <Seaterm232>
# nquan = 15
# nvalues = 2781                        
# units = specified
# name 0 = depFM: Depth [fresh water, m]
# name 1 = dz/dtM: Descent Rate [m/s]
# name 2 = sbeox0Mg/L: Oxygen, SBE 43 [mg/l]
# name 3 = sbeox0PS: Oxygen, SBE 43 [% saturation]
# name 4 = specc: Specific Conductance [uS/cm]
# name 5 = c0uS/cm: Conductivity [uS/cm]
# name 6 = flECO-AFL: Fluorescence, WET Labs ECO-AFL/FL [mg/m^3]
# name 7 = ph: pH
# name 8 = orp: Oxidation Reduction Potential [mV]
# name 9 = par/sat/log: PAR/Logarithmic, Satlantic
# name 10 = turbWETntu0: Turbidity, WET Labs ECO [NTU]
# name 11 = prdM: Pressure, Strain Gauge [db]
# name 12 = prdE: Pressure, Strain Gauge [psi]
# name 13 = tv290C: Temperature [ITS-90, deg C]
# name 14 = flag:  0.000e+00
# span 0 =     -0.688,      4.040       
# span 1 =     -0.215,      0.132       
# span 2 =     0.0796,     9.2492       
# span 3 =      0.884,    104.771       
# span 4 =      0.564,    139.498       
# span 5 =   0.557452, 106.601353       
# span 6 =    -0.1451,     6.4376       
# span 7 =      7.246,      8.831       
# span 8 =    89.5730,   488.6834       
# span 9 = 2.7575e-01, 6.3701e+01       
# span 10 =    -0.3621,    34.6910      
# span 11 =     -0.675,      3.962      
# span 12 =     -0.979,      5.746      
# span 13 =    13.0542,    24.5192      
# span 14 = 0.0000e+00, 0.0000e+00      
# interval = seconds: 0.25
# start_time = May 23 2022 07:48:06 [Instrument's time stamp, header]
# bad_flag = -9.990e-29
*END*
[from data line 1061]
      3.272      0.026     7.7655     76.825     27.227  22.334452     5.0142      8.189   262.3904 5.6735e-01     2.0959      3.210      4.655    15.9200 0.0000e+00
      3.277      0.019     7.6982     76.751     27.227  22.333078     5.0081      8.187   262.6312 5.6530e-01     2.0752      3.215      4.663    15.9509 0.0000e+00
      3.280      0.014     7.6330     76.766     27.202  22.309431     4.9326      8.184   262.7771 5.6023e-01     2.0283      3.217      4.666    15.9908 0.0000e+00
      3.280      0.011     7.5951     76.846     27.197  22.302002     4.7924      8.182   262.8635 5.6154e-01     2.0077      3.218      4.667    16.0117 0.0000e+00
      3.281      0.009     7.5754     76.981     27.207  22.306630     4.7184      8.180   262.9876 5.6579e-01     2.0311      3.217      4.666    16.0138 0.0000e+00
      3.283      0.009     7.5701     77.095     27.206  22.302013     4.7209      8.178   263.1586 5.6013e-01     2.0717      3.219      4.669    16.0099 0.0000e+00
      3.286      0.010     7.5744     77.129     27.220  22.309546     4.7055      8.176   263.3831 5.5545e-01     2.1225      3.222      4.673    16.0048 0.0000e+00
      3.290      0.010     7.5813     77.123     27.250  22.334326     4.6498      8.173   263.5502 5.6158e-01     2.1337      3.227      4.680    15.9986 0.0000e+00
      3.294      0.010     7.5996     77.111     27.253  22.348150     4.6128      8.170   263.6311 5.6330e-01     2.1038      3.231      4.686    15.9914 0.0000e+00
      3.296      0.009     7.6165     77.120     27.226  22.349961     4.6171      8.167   263.7589 5.5378e-01     2.1031      3.232      4.688    15.9827 0.0000e+00
      3.298      0.008     7.6164     77.178     27.206  22.356251     4.6259      8.164   263.8908 5.5138e-01     2.1931      3.234      4.690    15.9756 0.0000e+00
      3.299      0.006     7.6168     77.265     27.203  22.360868     4.6190      8.163   264.0212 5.5271e-01     2.3385      3.235      4.692    15.9703 0.0000e+00
      3.300      0.005     7.6129     77.357     27.193  22.342428     4.6012      8.161   264.2176 5.4076e-01     2.3924      3.236      4.693    15.9855 0.0000e+00
      3.302      0.005     7.6017     77.430     27.196  22.323392     4.5937      8.160   264.3719 5.3658e-01     2.3315      3.238      4.696    16.0415 0.0000e+00
      3.303      0.006     7.6009     77.455     27.221  22.320791     4.6194      8.158   264.4239 5.4759e-01     2.2520      3.239      4.698    16.0974 0.0000e+00
      3.304      0.006     7.6076     77.426     27.233  22.310940     4.6621      8.155   264.5030 5.4719e-01     2.1824      3.240      4.699    16.1097 0.0000e+00
      3.305      0.005     7.6215     77.349     27.272  22.330998     4.6772      8.153   264.6399 5.4080e-01     2.1040      3.241      4.700    16.0834 0.0000e+00
      3.308      0.002     7.6381     77.243     27.322  22.373192     4.6697      8.152   264.8734 5.4375e-01     2.0909      3.244      4.705    16.0375 0.0000e+00
      3.309     -0.002     7.6470     77.133     27.309  22.377513     4.6208      8.149   265.2614 5.4403e-01     2.1602      3.247      4.710    15.9941 0.0000e+00
      3.309     -0.006     7.6507     77.024     27.293  22.383260     4.5265      8.147   265.6323 5.4160e-01     2.1900      3.246      4.709    15.9555 0.0000e+00
      3.306     -0.007     7.6471     76.939     27.273  22.379335     4.4706      8.146   265.8307 5.5115e-01     2.1445      3.243      4.705    15.9263 0.0000e+00
      3.301     -0.006     7.6351     76.911     27.214  22.330067     4.4606      8.145   265.8530 5.6000e-01     2.0877      3.238      4.697    15.9276 0.0000e+00
      3.296     -0.003     7.6185     76.928     27.187  22.294522     4.4563      8.143   265.8161 5.5545e-01     2.0846      3.232      4.687    15.9641 0.0000e+00
      3.294      0.002     7.6003     76.945     27.181  22.266403     4.4688      8.141   265.8146 5.5145e-01     2.0726      3.228      4.682    16.0072 0.0000e+00
      3.298      0.007     7.5856     76.917     27.186  22.243535     4.4952      8.138   265.9202 5.4765e-01     1.9766      3.233      4.690    16.0328 0.0000e+00
      3.305      0.011     7.5838     76.813     27.246  22.271469     4.5006      8.136   266.1474 5.4736e-01     1.8809      3.242      4.702    16.0325 0.0000e+00
      3.311      0.013     7.5919     76.656     27.271  22.287284     4.4918      8.135   266.4971 5.5360e-01     1.8716      3.247      4.710    16.0037 0.0000e+00
      3.314      0.016     7.6018     76.487     27.221  22.244635     4.5219      8.133   266.7930 5.5796e-01     1.9668      3.250      4.715    15.9610 0.0000e+00
      3.315      0.020     7.6107     76.291     27.188  22.199387     4.5818      8.132   266.7989 5.5820e-01     2.1097      3.252      4.716    15.9009 0.0000e+00
      3.315      0.025     7.6068     76.030     27.210  22.183762     4.6083      8.131   266.7400 5.4990e-01     2.1643      3.250      4.713    15.8532 0.0000e+00
      3.320      0.028     7.5887     75.720     27.247  22.182407     4.6103      8.129   266.7692 5.4202e-01     2.1146      3.252      4.717    15.8554 0.0000e+00
      3.333      0.029     7.5698     75.403     27.273  22.182967     4.6720      8.126   266.8939 5.3891e-01     2.0896      3.268      4.740    15.8711 0.0000e+00
      3.349      0.029     7.5597     75.100     27.297  22.190498     4.7879      8.124   267.1297 5.3428e-01     2.1351      3.287      4.767    15.8337 0.0000e+00
      3.359      0.026     7.5445     74.817     27.327  22.210093     4.8463      8.122   267.2967 5.3072e-01     2.1864      3.296      4.781    15.7551 0.0000e+00
      3.363      0.018     7.5221     74.566     27.349  22.229773     4.8458      8.119   267.2785 5.2932e-01     2.1975      3.298      4.784    15.6940 0.0000e+00
      3.363      0.008     7.4955     74.382     27.346  22.238343     4.8741      8.115   267.3404 5.3037e-01     2.0993      3.298      4.783    15.6579 0.0000e+00
      3.363     -0.001     7.4685     74.296     27.335  22.250347     4.9303      8.113   267.7005 5.3175e-01     1.9551      3.298      4.783    15.6386 0.0000e+00
      3.362     -0.006     7.4422     74.318     27.300  22.248200     4.9591      8.111   268.0188 5.2823e-01     1.8893      3.299      4.785    15.6291 0.0000e+00
      3.358     -0.006     7.4146     74.423     27.234  22.212425     4.9552      8.108   268.0053 5.2673e-01     1.8503      3.294      4.778    15.6308 0.0000e+00
      3.353     -0.003     7.3926     74.577     27.221  22.198029     4.8837      8.107   267.8816 5.3560e-01     1.8580      3.287      4.767    15.6507 0.0000e+00
      3.350      0.003     7.3768     74.742     27.251  22.200879     4.7598      8.106   267.9005 5.4192e-01     1.9144      3.283      4.761    15.6913 0.0000e+00
      3.352      0.013     7.3713     74.858     27.261  22.183476     4.6979      8.105   267.9752 5.3663e-01     1.9176      3.285      4.765    15.7480 0.0000e+00
      3.358      0.025     7.3760     74.889     27.279  22.177690     4.6841      8.104   268.0968 5.3071e-01     1.8628      3.293      4.776    15.7939 0.0000e+00
      3.364      0.034     7.3933     74.817     27.322  22.194270     4.6681      8.101   268.4246 5.2384e-01     1.8325      3.298      4.783    15.7858 0.0000e+00
      3.375      0.039     7.4212     74.616     27.337  22.193800     4.6378      8.097   268.8408 5.1775e-01     1.9272      3.307      4.795    15.7295 0.0000e+00
      3.393      0.037     7.4421     74.292     27.315  22.171994     4.5919      8.093   269.1715 5.1638e-01     2.0855      3.327      4.826    15.6786 0.0000e+00
      3.409      0.032     7.4503     73.849     27.322  22.184090     4.5626      8.091   269.3254 5.1490e-01     2.1410      3.347      4.855    15.6441 0.0000e+00
      3.417      0.026     7.4510     73.278     27.342  22.213321     4.5412      8.088   269.3246 5.2021e-01     2.1192      3.353      4.863    15.6098 0.0000e+00
      3.417      0.020     7.4342     72.648     27.323  22.208597     4.5089      8.086   269.3343 5.2755e-01     2.1307      3.352      4.861    15.5814 0.0000e+00
      3.415      0.014     7.4024     72.074     27.299  22.190362     4.4715      8.084   269.3569 5.1580e-01     2.1766      3.348      4.857    15.5753 0.0000e+00
      3.415      0.012     7.3584     71.633     27.303  22.182944     4.4547      8.083   269.3398 5.0449e-01     2.1957      3.347      4.855    15.5885 0.0000e+00
      3.420      0.013     7.2937     71.303     27.320  22.182273     4.4564      8.081   269.2990 5.1554e-01     2.1567      3.353      4.863    15.6173 0.0000e+00
      3.428      0.015     7.2222     71.033     27.333  22.182228     4.4500      8.079   269.2936 5.1854e-01     2.0816      3.361      4.875    15.6458 0.0000e+00
      3.434      0.016     7.1609     70.797     27.343  22.182380     4.4450      8.076   269.3610 5.0527e-01     2.0047      3.369      4.886    15.6483 0.0000e+00
      3.437      0.016     7.1228     70.576     27.357  22.184095     4.4455      8.074   269.5115 4.9859e-01     1.9443      3.371      4.890    15.6241 0.0000e+00
      3.438      0.014     7.0977     70.364     27.393  22.202960     4.4469      8.071   269.7362 5.0473e-01     1.8973      3.371      4.889    15.5875 0.0000e+00
      3.441      0.011     7.0738     70.159     27.414  22.220356     4.4700      8.067   270.0135 5.0842e-01     1.9494      3.374      4.894    15.5701 0.0000e+00
      3.446      0.008     7.0524     69.968     27.371  22.204317     4.5170      8.064   270.2834 5.0538e-01     2.0954      3.380      4.902    15.5633 0.0000e+00
      3.450      0.006     7.0332     69.812     27.327  22.199172     4.5488      8.063   270.5040 5.0720e-01     2.1596      3.385      4.910    15.5429 0.0000e+00
      3.451      0.005     7.0168     69.731     27.321  22.221547     4.5552      8.061   270.7019 5.0492e-01     2.1111      3.385      4.910    15.5156 0.0000e+00
      3.448      0.004     6.9966     69.793     27.300  22.221410     4.5537      8.058   270.9549 4.9838e-01     2.0561      3.382      4.904    15.5101 0.0000e+00
      3.447      0.006     6.9711     70.010     27.257  22.197541     4.5551      8.057   271.2404 5.0128e-01     2.0056      3.380      4.902    15.5490 0.0000e+00
      3.448      0.013     6.9444     70.278     27.244  22.186437     4.5641      8.057   271.3147 5.0538e-01     1.9456      3.381      4.904    15.6171 0.0000e+00
      3.450      0.023     6.9247     70.469     27.249  22.150518     4.5709      8.055   271.3373 5.0301e-01     1.9108      3.383      4.907    15.6744 0.0000e+00
      3.455      0.035     6.9260     70.519     27.259  22.080056     4.5616      8.053   271.5136 4.9665e-01     1.8578      3.385      4.909    15.6960 0.0000e+00
      3.465      0.044     6.9501     70.378     27.298  22.031442     4.4931      8.050   271.5536 4.8697e-01     1.8172      3.394      4.923    15.7147 0.0000e+00
      3.484      0.049     6.9773     69.919     27.346  22.006226     4.3925      8.048   271.4765 4.8249e-01     1.8647      3.415      4.954    15.7440 0.0000e+00
      3.504      0.049     7.0082     69.044     27.431  22.028567     4.3525      8.047   271.5276 4.7660e-01     1.9189      3.437      4.986    15.6762 0.0000e+00
      3.519      0.045     7.0415     67.827     27.486  22.048037     4.3504      8.047   271.6554 4.5785e-01     1.8921      3.454      5.009    15.4892 0.0000e+00
      3.529      0.039     7.0557     66.460     27.425  21.988124     4.3342      8.045   271.7308 4.4154e-01     1.8489      3.463      5.022    15.3365 0.0000e+00
      3.533      0.033     7.0328     65.121     27.382  21.937848     4.3141      8.042   271.7513 4.3964e-01     1.8742      3.465      5.027    15.2261 0.0000e+00
      3.536      0.028     6.9549     63.921     27.417  21.947087     4.3072      8.037   271.8165 4.4819e-01     1.8910      3.466      5.028    15.1298 0.0000e+00
      3.542      0.024     6.8306     62.950     27.461  21.973068     4.3097      8.034   272.0034 4.5815e-01     1.8804      3.472      5.036    15.0929 0.0000e+00
      3.552      0.022     6.6857     62.256     27.499  21.998490     4.2775      8.033   272.2042 4.5634e-01     1.8832      3.485      5.054    15.0933 0.0000e+00
      3.559      0.020     6.5527     61.809     27.509  22.000981     4.2172      8.031   272.3509 4.4680e-01     1.8912      3.492      5.065    15.0611 0.0000e+00
      3.564      0.017     6.4362     61.594     27.502  22.003190     4.1881      8.026   272.4868 4.4438e-01     1.9429      3.496      5.069    15.0078 0.0000e+00
      3.568      0.013     6.3351     61.570     27.495  22.025201     4.1757      8.022   272.5574 4.4394e-01     1.9609      3.499      5.076    15.0031 0.0000e+00
      3.569      0.009     6.2703     61.660     27.438  22.013676     4.1591      8.020   272.6028 4.4350e-01     1.9041      3.500      5.077    15.0001 0.0000e+00
      3.570      0.007     6.2268     61.817     27.394  21.990623     4.1531      8.017   272.6905 4.5259e-01     1.8719      3.501      5.076    14.9742 0.0000e+00
      3.571      0.005     6.2053     61.970     27.422  21.999954     4.1616      8.013   272.8432 4.6479e-01     1.9124      3.501      5.078    14.9833 0.0000e+00
      3.572      0.005     6.2000     62.102     27.443  21.999748     4.1796      8.010   273.0726 4.5986e-01     1.9508      3.503      5.080    15.0411 0.0000e+00
      3.574      0.006     6.1959     62.239     27.453  21.988105     4.1871      8.007   273.3127 4.3816e-01     1.8921      3.506      5.085    15.1297 0.0000e+00
      3.575      0.007     6.2131     62.357     27.492  21.985896     4.1936      8.006   273.5956 4.2539e-01     1.8175      3.507      5.086    15.1602 0.0000e+00
      3.576      0.010     6.2355     62.404     27.524  21.973002     4.2168      8.005   273.9984 4.3088e-01     1.8340      3.506      5.085    15.1050 0.0000e+00
      3.577      0.015     6.2503     62.366     27.532  21.958896     4.2339      8.002   274.3970 4.3747e-01     1.8861      3.507      5.087    15.0787 0.0000e+00
      3.581      0.024     6.2683     62.225     27.515  21.942048     4.2419      8.000   274.6292 4.2927e-01     1.9012      3.511      5.092    15.0557 0.0000e+00
      3.587      0.036     6.2920     61.896     27.478  21.896029     4.2396      7.998   274.7414 4.1729e-01     1.8797      3.517      5.100    14.9881 0.0000e+00
      3.595      0.048     6.3097     61.354     27.469  21.846049     4.2228      7.995   274.8067 4.1541e-01     1.8650      3.524      5.111    14.8973 0.0000e+00
      3.609      0.055     6.3100     60.621     27.534  21.844643     4.2302      7.992   274.9023 4.1017e-01     1.8943      3.536      5.129    14.8547 0.0000e+00
      3.630      0.056     6.2981     59.693     27.622  21.878965     4.2452      7.989   275.1229 3.9390e-01     1.9268      3.558      5.161    14.8837 0.0000e+00
      3.654      0.052     6.2674     58.543     27.620  21.880784     4.1377      7.985   275.3234 3.9339e-01     1.9168      3.585      5.200    14.8619 0.0000e+00
      3.671      0.042     6.2238     57.188     27.561  21.866632     3.9377      7.981   275.4331 4.1107e-01     1.9088      3.604      5.228    14.7672 0.0000e+00
      3.677      0.030     6.1652     55.781     27.570  21.898001     3.8420      7.979   275.5898 4.1497e-01     1.9328      3.609      5.234    14.6546 0.0000e+00
      3.677      0.017     6.0825     54.567     27.629  21.943256     3.8457      7.976   275.7557 3.9905e-01     1.9338      3.606      5.230    14.5700 0.0000e+00
      3.675      0.007     5.9664     53.764     27.675  21.970215     3.8332      7.972   275.8897 3.8355e-01     1.8533      3.604      5.228    14.5818 0.0000e+00
