Data/DataNotYetUploadedToEDI/Raw_CTD/RawDownloads/052322_bvr50_0004.cnv
* Sea-Bird SBE19plus  Data File:
* FileName = C:\R\Reservoirs\Data\DataNotYetUploadedToEDI\Raw_CTD\RawDownloads\051722_bvr01_0004.hex
* Software version 2.8.0.119
* Temperature SN = 7809
* Conductivity SN = 7809
* System UpLoad Time = May 24 2022 16:17:24
* <ApplicationData>
* <Seaterm232>
# nquan = 15
# nvalues = 6312                        
# units = specified
# name 0 = depFM: Depth [fresh water, m]
# name 1 = dz/dtM: Descent Rate [m/s]
# name 2 = sbeox0Mg/L: Oxygen, SBE 43 [mg/l]
# name 3 = sbeox0PS: Oxygen, SBE 43 [% saturation]
# name 4 = specc: Specific Conductance [uS/cm]
# name 5 = c0uS/cm: Conductivity [uS/cm]
# name 6 = flECO-AFL: Fluorescence, WET Labs ECO-AFL/FL [mg/m^3]
# name 7 = ph: pH
# name 8 = orp: Oxidation Reduction Potential [mV]
# name 9 = par/sat/log: PAR/Logarithmic, Satlantic
# name 10 = turbWETntu0: Turbidity, WET Labs ECO [NTU]
# name 11 = prdM: Pressure, Strain Gauge [db]
# name 12 = prdE: Pressure, Strain Gauge [psi]
# name 13 = tv290C: Temperature [ITS-90, deg C]
# name 14 = flag:  0.000e+00
# span 0 =     -0.691,      9.191       
# span 1 =     -4.101,      0.156       
# span 2 =     0.0273,     9.2666       
# span 3 =      0.262,    105.575       
# span 4 =      0.535,     71.444       
# span 5 =   0.518189,  49.309269       
# span 6 =    -0.1635,    11.1877       
# span 7 =      6.178,      9.056       
# span 8 =  -136.0812,   397.2122       
# span 9 = 1.2361e-01, 6.9353e+02       
# span 10 =    -0.3339,    19.5342      
# span 11 =     -0.677,      9.014      
# span 12 =     -0.983,     13.073      
# span 13 =     9.4612,    24.4762      
# span 14 = 0.0000e+00, 0.0000e+00      
# interval = seconds: 0.25
# start_time = May 23 2022 08:54:00 [Instrument's time stamp, header]
# bad_flag = -9.990e-29
*END*
[from data line 5784]
      1.366      0.010     9.1230    102.045     27.293  25.097290     6.4746      8.299   134.7438 5.4717e+01     2.9942      1.339      1.941    20.9422 0.0000e+00
      1.369      0.010     9.1100    102.139     27.323  25.140866     6.4948      8.301   134.8699 5.4399e+01     3.0198      1.342      1.946    20.9514 0.0000e+00
      1.373      0.008     9.0980    102.371     27.374  25.214825     6.5524      8.302   135.2218 5.4228e+01     2.9984      1.348      1.955    20.9508 0.0000e+00
      1.375      0.004     9.1028    102.672     27.411  25.294409     6.6709      8.303   135.2130 5.4284e+01     2.9747      1.351      1.958    20.9524 0.0000e+00
      1.375     -0.005     9.1002    102.975     27.407  25.342630     6.7461      8.307   134.8495 5.4308e+01     3.0064      1.347      1.953    20.9709 0.0000e+00
      1.375     -0.019     9.0983    103.291     27.375  25.354288     6.7454      8.315   134.4407 5.4268e+01     3.0743      1.348      1.954    20.9975 0.0000e+00
      1.375     -0.036     9.1173    103.593     27.293  25.308659     6.5211      8.328   134.0551 5.4601e+01     3.0438      1.352      1.959    21.0354 0.0000e+00
      1.367     -0.050     9.1303    103.854     27.196  25.234628     6.0990      8.342   133.8006 5.5687e+01     2.9447      1.345      1.952    21.1301 0.0000e+00
      1.347     -0.058     9.1342    104.049     27.186  25.219749     5.8783      8.354   133.7737 5.7397e+01     2.9354      1.324      1.921    21.2404 0.0000e+00
      1.319     -0.058     9.1531    104.113     27.250  25.255506     5.8752      8.364   133.9020 5.9174e+01     2.9654      1.293      1.875    21.3068 0.0000e+00
      1.293     -0.051     9.1701    104.076     27.307  25.286658     5.9447      8.372   134.0606 6.0323e+01     2.9657      1.263      1.830    21.3690 0.0000e+00
      1.280     -0.038     9.1844    104.026     27.301  25.279482     6.0695      8.378   134.1433 6.0614e+01     2.9742      1.250      1.813    21.4063 0.0000e+00
      1.280     -0.023     9.2109    104.001     27.235  25.232120     6.1354      8.383   134.1272 6.0473e+01     2.9999      1.254      1.819    21.3900 0.0000e+00
      1.285     -0.009     9.2228    103.963     27.212  25.221048     6.1422      8.386   134.1237 6.0430e+01     3.0373      1.260      1.827    21.3358 0.0000e+00
      1.287     -0.000     9.2278    103.875     27.267  25.272379     6.1522      8.387   134.1012 6.0606e+01     3.0496      1.264      1.832    21.2739 0.0000e+00
      1.287      0.001     9.2206    103.750     27.347  25.345740     6.2148      8.388   134.0273 6.0781e+01     3.0128      1.263      1.830    21.2806 0.0000e+00
      1.286     -0.004     9.2122    103.628     27.411  25.410894     6.3325      8.389   134.0050 6.0842e+01     2.9673      1.261      1.828    21.3234 0.0000e+00
      1.286     -0.010     9.2082    103.604     27.407  25.426373     6.4021      8.392   134.1755 6.0868e+01     2.9778      1.261      1.829    21.3430 0.0000e+00
      1.284     -0.015     9.1981    103.696     27.356  25.406165     6.4161      8.395   134.4535 6.1004e+01     3.0376      1.261      1.828    21.3403 0.0000e+00
      1.279     -0.023     9.1905    103.802     27.348  25.420115     6.3677      8.397   134.4419 6.1341e+01     3.0074      1.255      1.821    21.3302 0.0000e+00
      1.271     -0.036     9.1724    103.833     27.383  25.468314     6.2500      8.402   134.0354 6.1809e+01     2.8862      1.247      1.808    21.3371 0.0000e+00
      1.264     -0.056     9.1631    103.811     27.373  25.481924     6.1827      8.409   133.4962 6.2329e+01     2.8362      1.240      1.798    21.3741 0.0000e+00
      1.255     -0.076     9.1652    103.847     27.313  25.457949     6.1862      8.419   133.0844 6.3339e+01     2.8809      1.234      1.791    21.4358 0.0000e+00
      1.236     -0.090     9.1695    103.954     27.262  25.431992     6.1434      8.428   132.9286 6.5585e+01     2.9484      1.220      1.769    21.4797 0.0000e+00
      1.201     -0.093     9.1705    103.987     27.253  25.421634     6.0311      8.437   132.9027 6.8982e+01     3.0026      1.183      1.714    21.4924 0.0000e+00
      1.158     -0.086     9.1555    103.839     27.303  25.459454     5.9600      8.445   132.8568 7.1993e+01     3.0238      1.132      1.641    21.5292 0.0000e+00
      1.125     -0.071     9.1444    103.609     27.346  25.508994     5.9584      8.452   132.8902 7.3221e+01     3.0340      1.095      1.587    21.6061 0.0000e+00
      1.113     -0.050     9.1503    103.479     27.329  25.513599     5.9950      8.459   132.9627 7.3191e+01     3.0238      1.087      1.575    21.6619 0.0000e+00
      1.115     -0.028     9.1620    103.508     27.320  25.515167     6.0446      8.466   133.0451 7.2930e+01     2.9678      1.093      1.586    21.6418 0.0000e+00
      1.121     -0.009     9.1517    103.590     27.335  25.527967     6.0663      8.472   133.1981 7.2799e+01     2.9725      1.101      1.597    21.5997 0.0000e+00
      1.124      0.001     9.1191    103.658     27.348  25.541596     6.0662      8.476   133.2634 7.2901e+01     3.0127      1.104      1.602    21.6275 0.0000e+00
      1.123      0.002     9.0948    103.761     27.350  25.553206     6.0439      8.480   133.3182 7.3129e+01     3.0096      1.102      1.598    21.6866 0.0000e+00
      1.121      0.000     9.1003    103.870     27.326  25.541597     6.0050      8.483   133.4311 7.3240e+01     3.0027      1.099      1.593    21.7021 0.0000e+00
      1.120     -0.002     9.1141    103.902     27.306  25.528000     5.9787      8.483   133.5095 7.3097e+01     2.9636      1.097      1.592    21.6859 0.0000e+00
      1.120     -0.003     9.1144    103.835     27.291  25.515572     5.9677      8.483   133.6636 7.2875e+01     2.9474      1.098      1.593    21.6855 0.0000e+00
      1.121     -0.005     9.1221    103.713     27.294  25.518084     5.9721      8.481   133.8325 7.2786e+01     3.0123      1.099      1.595    21.7091 0.0000e+00
      1.121     -0.010     9.1304    103.612     27.335  25.558377     5.9898      8.476   133.8308 7.2821e+01     3.0645      1.099      1.595    21.7345 0.0000e+00
      1.120     -0.020     9.1322    103.562     27.391  25.622477     6.0064      8.475   133.5565 7.2966e+01     3.0322      1.098      1.593    21.7435 0.0000e+00
      1.116     -0.035     9.1251    103.552     27.403  25.659349     6.0151      8.480   133.1830 7.3288e+01     2.9636      1.095      1.588    21.7432 0.0000e+00
      1.109     -0.049     9.1113    103.582     27.334  25.623944     6.0116      8.487   133.0145 7.4221e+01     2.9518      1.091      1.582    21.7412 0.0000e+00
      1.094     -0.057     9.1024    103.646     27.260  25.574716     5.9556      8.497   132.9823 7.6377e+01     3.0261      1.079      1.565    21.7377 0.0000e+00
      1.068     -0.058     9.0955    103.687     27.254  25.571203     5.8537      8.507   132.9656 7.9022e+01     3.0770      1.049      1.521    21.7560 0.0000e+00
      1.040     -0.053     9.0854    103.682     27.273  25.581473     5.7957      8.515   133.0710 8.0608e+01     3.0199      1.014      1.471    21.8099 0.0000e+00
      1.024     -0.043     9.0756    103.677     27.271  25.572115     5.7960      8.522   133.1383 8.0968e+01     2.9854      0.999      1.450    21.8749 0.0000e+00
      1.021     -0.028     9.0769    103.692     27.291  25.584801     5.8070      8.527   133.0043 8.0840e+01     3.0350      1.000      1.452    21.9166 0.0000e+00
      1.024     -0.013     9.0820    103.706     27.317  25.608091     5.8122      8.531   133.0001 8.0613e+01     3.0740      1.004      1.457    21.9146 0.0000e+00
      1.026     -0.003     9.0829    103.709     27.305  25.600196     5.8086      8.536   133.0871 8.0461e+01     3.0466      1.007      1.460    21.8924 0.0000e+00
      1.027      0.002     9.0842    103.701     27.316  25.616110     5.7957      8.540   133.0246 8.0426e+01     2.9766      1.007      1.461    21.8779 0.0000e+00
      1.026      0.003     9.0893    103.706     27.371  25.673760     5.7491      8.543   132.9318 8.0309e+01     2.9797      1.006      1.460    21.8661 0.0000e+00
      1.026      0.003     9.0906    103.730     27.416  25.726832     5.6771      8.545   132.9115 8.0000e+01     3.0500      1.005      1.458    21.8634 0.0000e+00
      1.027      0.003     9.0900    103.745     27.419  25.750773     5.6414      8.546   133.0373 7.9652e+01     3.0401      1.007      1.460    21.8710 0.0000e+00
      1.028      0.002     9.0862    103.765     27.410  25.773128     5.6331      8.546   133.2487 7.9250e+01     2.9633      1.008      1.462    21.8838 0.0000e+00
      1.030     -0.003     9.0836    103.842     27.409  25.807027     5.6193      8.543   133.3168 7.8855e+01     2.9758      1.011      1.466    21.8936 0.0000e+00
      1.031     -0.013     9.0863    103.982     27.414  25.843790     5.6157      8.542   133.0857 7.8655e+01     3.0533      1.013      1.469    21.9049 0.0000e+00
      1.031     -0.029     9.0800    104.137     27.445  25.900776     5.6308      8.544   132.6922 7.8663e+01     3.0467      1.012      1.468    21.9445 0.0000e+00
      1.026     -0.045     9.0681    104.267     27.445  25.925661     5.6357      8.548   132.4305 7.9375e+01     2.9641      1.009      1.464    22.0058 0.0000e+00
      1.012     -0.057     9.0634    104.342     27.385  25.891193     5.6255      8.554   132.4170 8.1372e+01     2.9429      0.998      1.447    22.0728 0.0000e+00
      0.987     -0.062     9.0664    104.343     27.347  25.864332     5.6315      8.561   132.5283 8.4256e+01     3.0302      0.971      1.408    22.1379 0.0000e+00
      0.958     -0.059     9.0734    104.276     27.341  25.854422     5.6417      8.566   132.5723 8.6596e+01     3.0967      0.936      1.358    22.1804 0.0000e+00
      0.937     -0.049     9.0777    104.171     27.332  25.834743     5.6323      8.570   132.5187 8.7285e+01     3.0981      0.912      1.323    22.2266 0.0000e+00
      0.930     -0.034     9.0760    104.076     27.327  25.816517     5.6185      8.573   132.5681 8.6901e+01     3.0811      0.909      1.318    22.2784 0.0000e+00
      0.930     -0.018     9.0731    104.032     27.346  25.824175     5.6330      8.576   132.7401 8.6378e+01     3.0619      0.913      1.323    22.2932 0.0000e+00
      0.932     -0.005     9.0686    104.000     27.388  25.863936     5.6750      8.579   132.7916 8.5833e+01     3.0364      0.915      1.326    22.2807 0.0000e+00
      0.934      0.003     9.0621    103.903     27.430  25.916995     5.6923      8.582   132.7605 8.5229e+01     2.9783      0.916      1.328    22.2576 0.0000e+00
      0.935      0.005     9.0564    103.733     27.448  25.958681     5.6925      8.585   132.7935 8.4726e+01     2.9393      0.917      1.330    22.2287 0.0000e+00
      0.936      0.004     9.0584    103.551     27.447  25.987714     5.7103      8.589   132.8472 8.4283e+01     2.9416      0.918      1.332    22.2047 0.0000e+00
      0.937      0.003     9.0598    103.446     27.443  26.014557     5.7337      8.592   132.8936 8.3779e+01     2.9718      0.919      1.332    22.2024 0.0000e+00
      0.937      0.002     9.0466    103.478     27.430  26.029755     5.7504      8.594   133.0097 8.3230e+01     3.0313      0.919      1.333    22.2280 0.0000e+00
      0.938      0.002     9.0213    103.666     27.423  26.044754     5.7452      8.596   133.3052 8.2633e+01     3.0455      0.920      1.334    22.2781 0.0000e+00
      0.938     -0.000     8.9920    103.981     27.430  26.069170     5.7287      8.598   133.6266 8.2077e+01     3.0069      0.920      1.335    22.3361 0.0000e+00
      0.939     -0.006     8.9714    104.317     27.416  26.071475     5.7264      8.598   133.5392 8.1662e+01     3.0088      0.921      1.335    22.3925 0.0000e+00
      0.939     -0.018     8.9650    104.607     27.405  26.072647     5.7419      8.598   133.1953 8.1413e+01     3.0691      0.921      1.336    22.4465 0.0000e+00
      0.938     -0.034     8.9741    104.813     27.409  26.083364     5.7582      8.602   132.9112 8.1559e+01     3.1203      0.922      1.337    22.4837 0.0000e+00
      0.933     -0.053     9.0022    104.908     27.393  26.074301     5.7489      8.608   132.5990 8.2502e+01     3.1156      0.919      1.333    22.5121 0.0000e+00
      0.917     -0.068     9.0264    104.954     27.402  26.089836     5.6461      8.615   132.3456 8.4404e+01     3.0812      0.903      1.311    22.5460 0.0000e+00
      0.889     -0.074     9.0479    104.997     27.450  26.144442     5.4808      8.620   132.1701 8.7199e+01     3.0802      0.874      1.268    22.5669 0.0000e+00
      0.855     -0.070     9.0686    105.040     27.459  26.164136     5.4073      8.623   132.1987 8.9855e+01     3.0689      0.837      1.214    22.5727 0.0000e+00
      0.827     -0.058     9.0692    105.085     27.424  26.137821     5.4061      8.622   132.4322 9.0865e+01     3.0134      0.804      1.166    22.5887 0.0000e+00
      0.816     -0.041     9.0706    105.078     27.433  26.143182     5.4080      8.619   132.4988 9.0367e+01     3.0234      0.794      1.152    22.5991 0.0000e+00
      0.818     -0.024     9.0731    104.991     27.465  26.165574     5.4298      8.618   132.4015 8.9502e+01     3.1213      0.801      1.163    22.6110 0.0000e+00
      0.823     -0.010     9.0698    104.892     27.461  26.155029     5.4530      8.620   132.4609 8.8967e+01     3.2064      0.809      1.174    22.6424 0.0000e+00
      0.826     -0.001     9.0734    104.795     27.453  26.142434     5.4646      8.624   132.6144 8.8927e+01     3.2326      0.812      1.177    22.6598 0.0000e+00
      0.823      0.001     9.0774    104.638     27.452  26.140042     5.4783      8.628   132.5365 8.9057e+01     3.1306      0.807      1.171    22.6451 0.0000e+00
      0.819      0.000     9.0687    104.466     27.434  26.126098     5.5023      8.632   132.5511 8.8822e+01     2.9984      0.802      1.163    22.6282 0.0000e+00
      0.819     -0.001     9.0610    104.341     27.403  26.100611     5.5302      8.635   132.8766 8.8228e+01     3.0352      0.803      1.163    22.6163 0.0000e+00
      0.820     -0.003     9.0602    104.246     27.388  26.085411     5.5482      8.637   132.9450 8.7628e+01     3.0967      0.805      1.167    22.6031 0.0000e+00
      0.822     -0.008     9.0430    104.154     27.382  26.069070     5.5787      8.639   132.7755 8.7047e+01     3.0247      0.806      1.169    22.6037 0.0000e+00
      0.822     -0.016     9.0243    104.061     27.362  26.029778     5.6328      8.644   132.7202 8.6572e+01     2.9159      0.808      1.172    22.6087 0.0000e+00
      0.821     -0.026     9.0145    104.005     27.345  25.990591     5.6696      8.649   132.5351 8.6643e+01     2.9425      0.809      1.173    22.6183 0.0000e+00
      0.812     -0.033     9.0045    103.977     27.353  25.975508     5.6830      8.654   132.2584 8.7464e+01     3.0735      0.800      1.160    22.6252 0.0000e+00
      0.796     -0.036     9.0022    103.886     27.370  25.974141     5.7029      8.660   132.2143 8.8594e+01     3.0989      0.781      1.133    22.6033 0.0000e+00
      0.778     -0.033     8.9981    103.706     27.382  25.974040     5.7269      8.665   132.2596 8.9457e+01     3.0104      0.762      1.105    22.5624 0.0000e+00
      0.766     -0.025     9.0009    103.561     27.390  25.974269     5.7324      8.670   132.2894 8.9308e+01     2.9606      0.748      1.083    22.5180 0.0000e+00
      0.762     -0.015     9.0104    103.532     27.396  25.976897     5.7358      8.673   132.4026 8.8224e+01     3.0081      0.745      1.080    22.4740 0.0000e+00
      0.765     -0.005     9.0102    103.567     27.425  26.005810     5.7432      8.675   132.5964 8.7288e+01     3.0386      0.752      1.090    22.4402 0.0000e+00
