Data/DataNotYetUploadedToEDI/Raw_CTD/RawDownloads/052322_fcr50_0007.cnv
* Sea-Bird SBE19plus  Data File:
* FileName = C:\R\Reservoirs\Data\DataNotYetUploadedToEDI\Raw_CTD\RawDownloads\051722_bvr01_0007.hex
* Software version 2.8.0.119
* Temperature SN = 7809
* Conductivity SN = 7809
* System UpLoad Time = May 24 2022 16:19:47
* <ApplicationData>
* <Seaterm232>
# nquan = 15
# nvalues = 3869                        
# units = specified
# name 0 = depFM: Depth [fresh water, m]
# name 1 = dz/dtM: Descent Rate [m/s]
# name 2 = sbeox0Mg/L: Oxygen, SBE 43 [mg/l]
# name 3 = sbeox0PS: Oxygen, SBE 43 [% saturation]
# name 4 = specc: Specific Conductance [uS/cm]
# name 5 = c0uS/cm: Conductivity [uS/cm]
# name 6 = flECO-AFL: Fluorescence, WET Labs ECO-AFL/FL [mg/m^3]
# name 7 = ph: pH
# name 8 = orp: Oxidation Reduction Potential [mV]
# name 9 = par/sat/log: PAR/Logarithmic, Satlantic
# name 10 = turbWETntu0: Turbidity, WET Labs ECO [NTU]
# name 11 = prdM: Pressure, Strain Gauge [db]
# name 12 = prdE: Pressure, Strain Gauge [psi]
# name 13 = tv290C: Temperature [ITS-90, deg C]
# name 14 = flag:  0.000e+00
# span 0 =     -0.612,      9.758       
# span 1 =     -0.594,      0.151       
# span 2 =     0.0648,    13.0499       
# span 3 =      0.571,    143.937       
# span 4 =      0.231,    469.383       
# span 5 =   0.195060, 317.377446       
# span 6 =    -0.1587,    89.6372       
# span 7 =      6.157,      9.611       
# span 8 =    65.2791,   807.7559       
# span 9 = 1.2362e-01, 6.8633e+02       
# span 10 =    -0.3596,   352.7285      
# span 11 =     -0.601,      9.570      
# span 12 =     -0.871,     13.880      
# span 13 =     8.7997,    23.5383      
# span 14 = 0.0000e+00, 0.0000e+00      
# interval = seconds: 0.25
# start_time = May 23 2022 11:07:57 [Instrument's time stamp, header]
# bad_flag = -9.990e-29
*END*
[from data line 1543]
      2.927      0.011     8.8402     86.411     38.333  29.941869     7.3409      8.557   210.5334 3.2834e+00     2.3151      2.870      4.163    14.0935 0.0000e+00
      2.932      0.011     8.8591     86.396     38.343  29.945232     7.2603      8.554   210.9573 3.2717e+00     2.2991      2.877      4.173    14.0870 0.0000e+00
      2.935      0.012     8.8806     86.367     38.311  29.913063     7.2090      8.552   211.2983 3.2616e+00     2.2427      2.878      4.175    14.0699 0.0000e+00
      2.936      0.013     8.8952     86.345     38.270  29.869883     7.1961      8.550   211.4720 3.2541e+00     2.1805      2.878      4.175    14.0532 0.0000e+00
      2.937      0.015     8.8951     86.329     38.279  29.866894     7.2630      8.549   211.5945 3.2460e+00     2.2300      2.881      4.178    14.0512 0.0000e+00
      2.940      0.018     8.8944     86.303     38.296  29.876912     7.4015      8.547   211.6610 3.2158e+00     2.3620      2.882      4.180    14.0477 0.0000e+00
      2.946      0.020     8.8921     86.279     38.278  29.864207     7.4801      8.544   211.5022 3.1764e+00     2.4446      2.887      4.188    14.0379 0.0000e+00
      2.955      0.021     8.8928     86.275     38.249  29.840074     7.4899      8.540   211.3083 3.1505e+00     2.4436      2.898      4.204    14.0224 0.0000e+00
      2.963      0.021     8.8964     86.294     38.255  29.838703     7.5610      8.536   211.4679 3.1334e+00     2.3838      2.905      4.214    14.0040 0.0000e+00
      2.968      0.020     8.8921     86.288     38.277  29.847623     7.7157      8.534   211.7975 3.1184e+00     2.3706      2.911      4.222    14.0024 0.0000e+00
      2.972      0.017     8.8889     86.218     38.255  29.821123     7.8129      8.533   212.0238 3.0997e+00     2.4556      2.916      4.228    14.0091 0.0000e+00
      2.974      0.015     8.8872     86.098     38.207  29.771856     7.8209      8.532   212.2252 3.0876e+00     2.4889      2.916      4.229    14.0073 0.0000e+00
      2.976      0.015     8.8939     85.953     38.209  29.759073     7.8119      8.530   212.1682 3.0794e+00     2.4309      2.918      4.232    13.9971 0.0000e+00
      2.980      0.015     8.8980     85.822     38.272  29.793339     7.8038      8.527   211.8503 3.0596e+00     2.4044      2.922      4.238    13.9864 0.0000e+00
      2.986      0.015     8.8902     85.715     38.304  29.805780     7.7983      8.524   211.8233 3.0437e+00     2.4410      2.928      4.247    13.9747 0.0000e+00
      2.991      0.014     8.8823     85.620     38.285  29.782699     7.8033      8.523   212.0143 3.0381e+00     2.4642      2.933      4.254    13.9585 0.0000e+00
      2.995      0.014     8.8679     85.561     38.273  29.767838     7.7552      8.521   212.2664 3.0235e+00     2.3768      2.938      4.260    13.9388 0.0000e+00
      2.997      0.013     8.8587     85.550     38.261  29.752873     7.6409      8.519   212.5480 3.0004e+00     2.3067      2.940      4.264    13.9175 0.0000e+00
      2.999      0.011     8.8526     85.583     38.241  29.728537     7.5871      8.518   212.6659 2.9932e+00     2.3684      2.940      4.264    13.9011 0.0000e+00
      3.001      0.010     8.8421     85.669     38.251  29.727156     7.6036      8.515   212.4878 2.9897e+00     2.4389      2.942      4.267    13.8915 0.0000e+00
      3.004      0.010     8.8371     85.811     38.273  29.736167     7.5992      8.513   212.0289 2.9722e+00     2.4424      2.947      4.274    13.8860 0.0000e+00
      3.008      0.010     8.8377     85.970     38.248  29.710696     7.4589      8.510   211.8494 2.9606e+00     2.3757      2.950      4.279    13.8793 0.0000e+00
      3.010      0.011     8.8432     86.109     38.207  29.672755     7.2147      8.507   212.2967 2.9680e+00     2.3502      2.952      4.281    13.8669 0.0000e+00
      3.011      0.014     8.8535     86.213     38.200  29.657780     7.0942      8.505   212.8765 2.9783e+00     2.4415      2.953      4.283    13.8529 0.0000e+00
      3.013      0.016     8.8730     86.246     38.219  29.656410     7.0920      8.504   213.0956 2.9673e+00     2.4886      2.955      4.285    13.8430 0.0000e+00
      3.017      0.017     8.8921     86.189     38.245  29.656174     7.0458      8.503   212.7948 2.9321e+00     2.3741      2.957      4.288    13.8364 0.0000e+00
      3.024      0.018     8.9071     86.072     38.265  29.654909     6.9523      8.501   212.2513 2.8965e+00     2.2183      2.964      4.299    13.8301 0.0000e+00
      3.032      0.018     8.9220     85.936     38.264  29.641087     6.9021      8.498   212.2025 2.8778e+00     2.1762      2.975      4.314    13.8201 0.0000e+00
      3.036      0.017     8.9308     85.807     38.245  29.615824     6.9049      8.495   212.6353 2.8775e+00     2.2067      2.979      4.320    13.7975 0.0000e+00
      3.038      0.014     8.9297     85.715     38.240  29.603023     6.8937      8.492   213.0099 2.8846e+00     2.2453      2.979      4.321    13.7665 0.0000e+00
      3.041      0.011     8.9198     85.674     38.260  29.613082     6.8584      8.491   213.2039 2.8821e+00     2.3010      2.981      4.324    13.7432 0.0000e+00
      3.043      0.010     8.9088     85.681     38.264  29.610662     6.8366      8.491   213.1739 2.8741e+00     2.3341      2.984      4.329    13.7286 0.0000e+00
      3.045      0.011     8.8960     85.727     38.230  29.573756     6.8469      8.490   212.9919 2.8611e+00     2.3724      2.986      4.331    13.7157 0.0000e+00
      3.046      0.013     8.8888     85.794     38.216  29.547195     6.8827      8.487   212.8968 2.8410e+00     2.4559      2.986      4.331    13.7027 0.0000e+00
      3.050      0.014     8.8861     85.863     38.233  29.543067     6.9114      8.484   212.8838 2.8230e+00     2.4569      2.990      4.336    13.6955 0.0000e+00
      3.056      0.015     8.8875     85.898     38.226  29.523833     6.9104      8.484   212.9205 2.8098e+00     2.3496      2.997      4.346    13.6927 0.0000e+00
      3.061      0.016     8.8963     85.888     38.216  29.504797     6.9126      8.482   213.1683 2.7992e+00     2.3193      3.002      4.355    13.6794 0.0000e+00
      3.064      0.016     8.9074     85.812     38.230  29.503068     7.0045      8.479   213.5573 2.7992e+00     2.3647      3.006      4.360    13.6545 0.0000e+00
      3.067      0.015     8.9227     85.652     38.247  29.502911     7.1650      8.477   213.7515 2.8017e+00     2.3858      3.007      4.361    13.6300 0.0000e+00
      3.071      0.014     8.9284     85.454     38.261  29.502882     7.2456      8.474   213.6243 2.7899e+00     2.4039      3.010      4.366    13.6130 0.0000e+00
      3.076      0.012     8.9311     85.274     38.269  29.502714     7.2390      8.472   213.3957 2.7822e+00     2.4125      3.018      4.376    13.6006 0.0000e+00
      3.080      0.010     8.9285     85.140     38.267  29.500876     7.2187      8.470   213.3112 2.7854e+00     2.3867      3.022      4.383    13.5840 0.0000e+00
      3.083      0.008     8.9124     85.075     38.234  29.480653     7.1170      8.468   213.3757 2.7849e+00     2.3660      3.023      4.385    13.5649 0.0000e+00
      3.083      0.007     8.8927     85.104     38.184  29.448386     6.9246      8.465   213.5736 2.7829e+00     2.3668      3.023      4.385    13.5501 0.0000e+00
      3.083      0.007     8.8747     85.223     38.160  29.427701     6.8069      8.463   213.9833 2.7830e+00     2.3631      3.023      4.385    13.5408 0.0000e+00
      3.083      0.007     8.8614     85.393     38.166  29.420734     6.8012      8.461   214.3720 2.7815e+00     2.3887      3.023      4.384    13.5389 0.0000e+00
      3.085      0.008     8.8498     85.542     38.191  29.427533     6.9630      8.459   214.4017 2.7718e+00     2.4373      3.024      4.387    13.5496 0.0000e+00
      3.090      0.008     8.8516     85.620     38.223  29.446493     7.2566      8.456   214.2563 2.7603e+00     2.4373      3.030      4.394    13.5641 0.0000e+00
      3.094      0.008     8.8647     85.647     38.242  29.459793     7.4048      8.453   214.1623 2.7600e+00     2.3892      3.035      4.401    13.5611 0.0000e+00
      3.096      0.007     8.8903     85.638     38.244  29.461558     7.4240      8.451   214.1258 2.7550e+00     2.3687      3.036      4.403    13.5393 0.0000e+00
      3.096      0.005     8.9128     85.595     38.253  29.467830     7.5799      8.450   214.5029 2.7382e+00     2.3950      3.037      4.404    13.5198 0.0000e+00
      3.097      0.003     8.9189     85.514     38.261  29.472232     7.8669      8.449   215.1943 2.7308e+00     2.4332      3.037      4.405    13.5139 0.0000e+00
      3.097      0.003     8.9225     85.439     38.240  29.451383     8.0304      8.446   215.5160 2.7402e+00     2.4217      3.037      4.405    13.5143 0.0000e+00
      3.097      0.005     8.9200     85.426     38.191  29.405918     8.0586      8.444   215.5540 2.7543e+00     2.3924      3.038      4.406    13.5158 0.0000e+00
      3.097      0.009     8.9177     85.460     38.156  29.366268     8.1656      8.442   215.3946 2.7526e+00     2.4547      3.037      4.404    13.5145 0.0000e+00
      3.099      0.011     8.9073     85.497     38.156  29.352325     8.3680      8.440   214.9659 2.7327e+00     2.5254      3.038      4.406    13.5123 0.0000e+00
      3.104      0.013     8.8968     85.520     38.181  29.364094     8.4821      8.438   214.7586 2.7087e+00     2.4957      3.043      4.413    13.5076 0.0000e+00
      3.110      0.013     8.8995     85.555     38.196  29.381770     8.4884      8.435   215.2973 2.6878e+00     2.4376      3.050      4.424    13.4977 0.0000e+00
      3.116      0.012     8.9083     85.644     38.157  29.375878     8.4028      8.432   216.2303 2.6752e+00     2.4366      3.058      4.435    13.4790 0.0000e+00
      3.118      0.010     8.9174     85.793     38.080  29.356278     8.2468      8.430   216.5748 2.6713e+00     2.4500      3.059      4.436    13.4572 0.0000e+00
      3.118      0.009     8.9207     85.972     37.995  29.335007     8.1750      8.427   216.2800 2.6705e+00     2.4628      3.058      4.435    13.4454 0.0000e+00
      3.118      0.009     8.9217     86.154     37.920  29.308918     8.1669      8.425   215.9358 2.6662e+00     2.4550      3.058      4.435    13.4494 0.0000e+00
      3.119      0.010     8.9243     86.291     37.883  29.294453     8.1412      8.423   215.9409 2.6709e+00     2.3897      3.058      4.435    13.4812 0.0000e+00
      3.122      0.012     8.9304     86.306     37.864  29.286903     8.0727      8.420   216.5134 2.6766e+00     2.3560      3.061      4.439    13.5391 0.0000e+00
      3.127      0.015     8.9360     86.231     37.849  29.281034     7.9791      8.418   217.3510 2.6560e+00     2.3896      3.066      4.448    13.6076 0.0000e+00
      3.133      0.017     8.9461     86.148     37.852  29.286890     7.9410      8.417   217.8088 2.6372e+00     2.4545      3.075      4.461    13.6541 0.0000e+00
      3.137      0.017     8.9645     86.075     37.862  29.294323     7.9281      8.416   217.9193 2.6349e+00     2.4573      3.079      4.464    13.6636 0.0000e+00
      3.140      0.016     8.9630     86.040     37.889  29.307511     7.8820      8.415   217.9128 2.6141e+00     2.3885      3.078      4.465    13.6690 0.0000e+00
      3.144      0.015     8.9470     86.074     37.931  29.319549     7.8406      8.411   217.6437 2.5778e+00     2.4085      3.084      4.472    13.6797 0.0000e+00
      3.149      0.014     8.9402     86.180     37.962  29.313071     7.8358      8.408   217.5912 2.5582e+00     2.4948      3.090      4.481    13.6837 0.0000e+00
      3.154      0.014     8.9298     86.362     37.967  29.292536     7.8413      8.408   218.1383 2.5582e+00     2.5095      3.093      4.488    13.6852 0.0000e+00
      3.156      0.014     8.9265     86.592     37.946  29.261417     7.8482      8.407   218.5799 2.5597e+00     2.4499      3.095      4.489    13.6785 0.0000e+00
      3.157      0.014     8.9351     86.805     37.961  29.253761     7.8610      8.404   218.6289 2.5535e+00     2.4229      3.096      4.491    13.6543 0.0000e+00
      3.161      0.013     8.9560     86.946     37.990  29.263331     7.8717      8.401   218.6435 2.5441e+00     2.4912      3.099      4.495    13.6010 0.0000e+00
      3.167      0.012     8.9833     86.977     37.959  29.250327     7.8858      8.398   218.5848 2.5312e+00     2.5242      3.106      4.505    13.5616 0.0000e+00
      3.172      0.012     9.0104     86.876     37.893  29.223322     7.8897      8.397   218.5219 2.5217e+00     2.4452      3.112      4.516    13.5633 0.0000e+00
      3.174      0.012     9.0421     86.716     37.838  29.190417     7.8775      8.396   218.6569 2.5214e+00     2.3564      3.113      4.515    13.5264 0.0000e+00
      3.175      0.012     9.0636     86.582     37.858  29.169457     7.8705      8.395   218.9261 2.5146e+00     2.3383      3.113      4.516    13.4918 0.0000e+00
      3.175      0.012     9.0642     86.474     37.934  29.160025     7.8887      8.393   219.2822 2.4934e+00     2.3977      3.113      4.516    13.5226 0.0000e+00
      3.179      0.013     9.0421     86.379     37.974  29.139692     8.0317      8.392   219.6077 2.4694e+00     2.4255      3.115      4.517    13.5591 0.0000e+00
      3.186      0.015     9.0134     86.359     37.978  29.113724     8.2752      8.389   219.8500 2.4516e+00     2.3675      3.125      4.532    13.5966 0.0000e+00
      3.191      0.016     9.0106     86.447     38.000  29.099583     8.4120      8.386   220.0603 2.4414e+00     2.3447      3.131      4.542    13.5463 0.0000e+00
      3.194      0.016     9.0284     86.596     38.034  29.095458     8.4370      8.385   219.9991 2.4382e+00     2.3888      3.131      4.541    13.4118 0.0000e+00
      3.198      0.016     9.0262     86.738     38.022  29.063817     8.4440      8.384   219.7126 2.4357e+00     2.3879      3.135      4.547    13.3525 0.0000e+00
      3.202      0.015     9.0258     86.810     38.014  29.033946     8.4549      8.382   219.7797 2.4242e+00     2.3347      3.141      4.556    13.3340 0.0000e+00
      3.205      0.014     9.0486     86.781     38.069  29.051229     8.4779      8.379   220.1224 2.4042e+00     2.3264      3.143      4.558    13.2841 0.0000e+00
      3.210      0.013     9.0748     86.680     38.131  29.082576     8.4880      8.376   220.5007 2.3885e+00     2.3896      3.148      4.566    13.2385 0.0000e+00
      3.215      0.011     9.0968     86.591     38.152  29.095983     8.4949      8.375   220.9987 2.3868e+00     2.4833      3.154      4.576    13.2208 0.0000e+00
      3.217      0.010     9.1113     86.580     38.132  29.086544     8.5699      8.374   221.2392 2.3924e+00     2.5032      3.155      4.577    13.1887 0.0000e+00
      3.217      0.009     9.1168     86.671     38.131  29.095245     8.6951      8.371   220.8270 2.3891e+00     2.4254      3.155      4.576    13.1464 0.0000e+00
      3.218      0.008     9.1053     86.832     38.174  29.137805     8.7602      8.368   220.1450 2.3711e+00     2.3633      3.156      4.577    13.1264 0.0000e+00
      3.220      0.008     9.0948     86.985     38.175  29.157408     8.7829      8.365   219.9616 2.3486e+00     2.3665      3.157      4.580    13.1231 0.0000e+00
      3.225      0.008     9.0903     87.111     38.106  29.142101     8.8613      8.362   220.3309 2.3460e+00     2.3610      3.163      4.587    13.1354 0.0000e+00
      3.228      0.009     9.0968     87.234     38.046  29.142946     8.9677      8.360   220.8239 2.3617e+00     2.2634      3.166      4.592    13.1505 0.0000e+00
      3.229      0.009     9.1181     87.349     38.012  29.167682     9.0117      8.358   221.0185 2.3586e+00     2.1422      3.166      4.592    13.1574 0.0000e+00
