Data/DataNotYetUploadedToEDI/Raw_CTD/RawDownloads/052421_fcr50.cnv
* Sea-Bird SBE19plus  Data File:
* FileName = C:\R\Reservoirs\Data\DataNotYetUploadedToEDI\Raw_CTD\RawDownloads\052421_fcr50_0001.hex
* Software version 2.8.0.119
* Temperature SN = 7809
* Conductivity SN = 7809
* System UpLoad Time = May 24 2021 10:36:40
* <ApplicationData>
* <Seaterm232>
# nquan = 16
# nvalues = 2085                        
# units = specified
# name 0 = depFM: Depth [fresh water, m]
# name 1 = dz/dtM: Descent Rate [m/s]
# name 2 = orp: Oxidation Reduction Potential [mV]
# name 3 = sbeox0Mg/L: Oxygen, SBE 43 [mg/l]
# name 4 = sbeox0PS: Oxygen, SBE 43 [% saturation]
# name 5 = par/sat/log: PAR/Logarithmic, Satlantic
# name 6 = ph: pH
# name 7 = specc: Specific Conductance [uS/cm]
# name 8 = c0uS/cm: Conductivity [uS/cm]
# name 9 = flECO-AFL: Fluorescence, WET Labs ECO-AFL/FL [mg/m^3]
# name 10 = turbWETntu0: Turbidity, WET Labs ECO [NTU]
# name 11 = tv290C: Temperature [ITS-90, deg C]
# name 12 = density00: Density [density, kg/m^3]
# name 13 = prdE: Pressure, Strain Gauge [psi]
# name 14 = prdM: Pressure, Strain Gauge [db]
# name 15 = flag:  0.000e+00
# span 0 =     -0.591,      9.640       
# span 1 =     -0.317,      1.158       
# span 2 = -1240.7455,   642.1204       
# span 3 =     0.0722,    12.7438       
# span 4 =      0.703,    138.107       
# span 5 = 1.2340e-01, 1.6710e+03       
# span 6 =      7.028,     16.012       
# span 7 =      0.998,    129.119       
# span 8 =   1.025099,  85.408612       
# span 9 =    -3.4202,   259.9697       
# span 10 =    -9.9949,   937.6672      
# span 11 =     8.0565,    26.3292      
# span 12 =   996.7040,   999.9400      
# span 13 =     -0.840,     13.712      
# span 14 =     -0.579,      9.454      
# span 15 = 0.0000e+00, 0.0000e+00      
# interval = seconds: 0.25
# start_time = May 23 2021 21:16:53 [Instrument's time stamp, header]
# bad_flag = -9.990e-29
*END*
[from data line 452]
     -0.587 -1.319e-19   296.9324     8.0161     93.700 2.3790e+02     15.549      2.150   2.069334    -0.9455     0.4864    23.1188   997.5177     -0.835     -0.576 0.0000e+00
     -0.587 -1.199e-20   305.5779     8.0161     93.344 2.3578e+02     15.545      2.107   2.028152    -0.9368     0.1927    23.1181   997.5178     -0.836     -0.577 0.0000e+00
     -0.587 -1.090e-21   314.4508     8.0302     92.857 2.3870e+02     15.543      2.066   1.988693    -0.9283    -0.4109    23.1174   997.5180     -0.836     -0.576 0.0000e+00
     -0.587 -9.905e-23   321.7018     8.0313     92.414 2.4545e+02     15.543      2.049   1.972342    -0.9099    -0.7000    23.1166   997.5182     -0.836     -0.576 0.0000e+00
     -0.587 -9.005e-24   325.4511     8.0388     92.158 2.5011e+02     15.545      2.033   1.957157    -0.8949    -0.7278    23.1162   997.5183     -0.836     -0.576 0.0000e+00
     -0.587 -8.190e-25   319.4309     8.0384     92.110 2.6922e+02     15.548      2.007   1.931796    -0.9279    -0.8500    23.1160   997.5183     -0.836     -0.576 0.0000e+00
     -0.587 -7.445e-26   317.5717     8.0297     92.210 2.8574e+02     15.548      1.994   1.919096    -0.9945    -0.9419    23.1159   997.5183     -0.835     -0.576 0.0000e+00
     -0.587 -6.765e-27   326.3734     8.0387     92.365 2.6650e+02     15.545      2.005   1.930300    -1.0232    -0.9116    23.1158   997.5183     -0.836     -0.576 0.0000e+00
     -0.587 -6.150e-28   335.4248     8.0257     92.525 2.4758e+02     15.542      2.016   1.940561    -1.0278    -0.8956    23.1161   997.5183     -0.836     -0.576 0.0000e+00
     -0.587 -5.590e-29   340.4552     7.9944     92.663 2.4675e+02     15.541      1.991   1.916466    -1.0974    -0.9891    23.1160   997.5183     -0.836     -0.576 0.0000e+00
     -0.587 -5.085e-30   343.7454     7.9453     92.781 2.4778e+02     15.541      1.966   1.892370    -1.2257    -1.1153    23.1158   997.5183     -0.835     -0.576 0.0000e+00
     -0.587 -4.622e-31   352.7505     7.9026     92.885 2.5542e+02     15.541      1.976   1.902624    -1.2909    -1.1504    23.1156   997.5184     -0.835     -0.575 0.0000e+00
     -0.587 -4.201e-32   371.4700     7.8812     92.971 3.2076e+02     15.539      1.988   1.913735    -1.2857    -1.1730    23.1154   997.5184     -0.836     -0.576 0.0000e+00
     -0.587 -3.820e-33   407.8112     7.8783     93.047 3.8064e+02     15.535      1.974   1.900018    -1.2863    -1.2172    23.1154   997.5184     -0.837     -0.577 0.0000e+00
     -0.587 -3.472e-34   491.7001     7.8913     93.112 3.2370e+02     15.530      1.936   1.863483    -1.2798    -0.7577    23.1154   997.5184     -0.835     -0.576 0.0000e+00
     -0.587 -3.156e-35   595.0624     7.9048     93.168 2.5792e+02     15.527      1.924   1.852088    -1.2441     0.1937    23.1154   997.5184     -0.836     -0.576 0.0000e+00
     -0.587 -2.870e-36   642.1204     7.9201     93.223 2.4933e+02     15.530      1.963   1.888947    -1.2269     0.7080    23.1157   997.5183     -0.836     -0.577 0.0000e+00
     -0.587 -2.609e-37   636.3292     7.9312     93.274 2.5560e+02     15.536      2.004   1.929033    -1.2341     0.5849    23.1162   997.5182     -0.835     -0.576 0.0000e+00
     -0.587 -2.372e-38   594.2165     7.9407     93.315 3.3117e+02     15.543      2.033   1.956668    -1.1212    -0.8833    23.1165   997.5181     -0.835     -0.576 0.0000e+00
     -0.588 -2.156e-39   523.9882     7.9507     93.344 4.4115e+02     15.551      2.046   1.969680    -0.9018    -3.5172    23.1166   997.5181     -0.836     -0.576 0.0000e+00
     -0.588 -1.958e-40   465.4518     7.9565     93.374 5.1642e+02     15.555      2.036   1.959660    -0.7939    -4.9618    23.1165   997.5181     -0.836     -0.576 0.0000e+00
     -0.587 -1.541e-41   422.6547     7.9642     93.409 5.1445e+02     15.556      2.039   1.962209    -0.7894    -4.9936    23.1167   997.5181     -0.835     -0.576 0.0000e+00
     -0.587 2.4881e-41   335.8905     7.9692     93.469 3.7775e+02     15.559      2.079   2.000509    -0.8086    -3.7299    23.1169   997.5181     -0.835     -0.576 0.0000e+00
     -0.587 2.9136e-40   215.8702     7.9737     93.497 2.6465e+02     15.564      2.123   2.042636    -0.8542    -1.3556    23.1170   997.5181     -0.836     -0.576 0.0000e+00
     -0.587 3.2066e-39   194.7191     7.9788     93.461 2.5020e+02     15.567      2.173   2.091463    -0.8828    -0.0456    23.1171   997.5180     -0.835     -0.576 0.0000e+00
     -0.587 3.5273e-38   265.8274     7.9827     93.508 2.4655e+02     15.566      2.231   2.147408    -0.8873     0.0593    23.1173   997.5180     -0.835     -0.576 0.0000e+00
     -0.587 3.8800e-37   309.5412     7.9873     93.616 2.4591e+02     15.562      2.299   2.212264    -0.8710     0.3239    23.1177   997.5179     -0.835     -0.576 0.0000e+00
     -0.587 4.2680e-36   322.7459     7.9877     93.673 2.5352e+02     15.555      2.395   2.305469    -0.8387     0.8540    23.1178   997.5179     -0.835     -0.576 0.0000e+00
     -0.587 4.6948e-35   344.7790     7.9922     93.689 2.8210e+02     15.546      2.480   2.387421    -0.8208     1.1474    23.1181   997.5178     -0.835     -0.575 0.0000e+00
     -0.587 5.1643e-34   367.5557     7.9923     93.628 3.0230e+02     15.539      2.538   2.442927    -0.8163     1.1930    23.1183   997.5177     -0.835     -0.576 0.0000e+00
     -0.587 5.6807e-33   373.8327     7.9989     93.583 2.8149e+02     15.539      2.565   2.469776    -0.8138     1.2000    23.1186   997.5177     -0.835     -0.575 0.0000e+00
     -0.587 6.2488e-32   369.3935     8.0083     93.697 2.5777e+02     15.544      2.554   2.458632    -0.7143     1.2320    23.1187   997.5176     -0.835     -0.576 0.0000e+00
     -0.587 6.8737e-31   363.6986     7.9922     93.852 2.5222e+02     15.547      2.530   2.434897    -0.5002     1.3386    23.1189   997.5176     -0.835     -0.576 0.0000e+00
     -0.587 7.5610e-30   356.5144     7.9996     93.902 2.4967e+02     15.549      2.531   2.436197    -0.3701     1.4250    23.1192   997.5175     -0.835     -0.576 0.0000e+00
     -0.587 8.3171e-29   344.2203     8.0167     93.864 2.4674e+02     15.552      2.571   2.474366    -0.3625     1.4182    23.1196   997.5174     -0.835     -0.576 0.0000e+00
     -0.587 9.1489e-28   321.9978     8.0141     93.828 2.4549e+02     15.557      2.614   2.516280    -0.4559     0.9827    23.1201   997.5174     -0.835     -0.575 0.0000e+00
     -0.587 1.0064e-26   296.4698     8.0226     93.860 2.5029e+02     15.562      2.663   2.562867    -0.6318     0.1759    23.1206   997.5173     -0.835     -0.576 0.0000e+00
     -0.587 1.1070e-25   282.3230     8.0134     93.912 2.8468e+02     15.563      2.695   2.594174    -0.7152    -0.2351    23.1208   997.5172     -0.836     -0.576 0.0000e+00
     -0.587 1.2177e-24   281.0412     7.9999     93.902 3.1640e+02     15.560      2.678   2.578048    -0.7111    -0.2786    23.1208   997.5172     -0.835     -0.576 0.0000e+00
     -0.587 1.3395e-23   282.6068     8.0176     93.848 2.9056e+02     15.556      2.657   2.557944    -0.9350    -0.8296    23.1213   997.5171     -0.835     -0.576 0.0000e+00
     -0.588 1.4734e-22   281.7209     8.0368     93.820 2.5786e+02     15.553      2.640   2.541150    -1.3811    -1.8514    23.1218   997.5170     -0.836     -0.576 0.0000e+00
     -0.588 1.6208e-21   279.6231     8.0380     93.858 2.5156e+02     15.551      2.599   2.501708    -1.6226    -2.3672    23.1221   997.5169     -0.836     -0.576 0.0000e+00
     -0.587 1.7829e-20   278.3216     8.0329     93.928 2.5122e+02     15.549      2.557   2.461158    -1.6322    -2.3625    23.1223   997.5169     -0.835     -0.576 0.0000e+00
     -0.587 1.9611e-19   278.2028     8.0257     93.981 2.5291e+02     15.549      2.525   2.430978    -1.6217    -2.2758    23.1227   997.5168     -0.835     -0.575 0.0000e+00
     -0.587 2.1573e-18   278.1865     8.0309     93.990 2.5714e+02     15.549      2.483   2.390215    -1.6200    -2.0736    23.1233   997.5166     -0.835     -0.576 0.0000e+00
     -0.587 2.3730e-17   277.2641     8.0397     93.986 3.0621e+02     15.549      2.440   2.348403    -1.6210    -1.9089    23.1235   997.5166     -0.835     -0.576 0.0000e+00
     -0.587 2.6103e-16   276.1706     8.0367     94.004 3.7974e+02     15.549      2.395   2.305539    -1.6239    -1.8637    23.1238   997.5165     -0.835     -0.576 0.0000e+00
     -0.587 2.8713e-15   276.1494     8.0303     94.003 3.7546e+02     15.549      2.339   2.252068    -1.6171    -1.3217    23.1242   997.5164     -0.835     -0.576 0.0000e+00
     -0.587 3.1584e-14   277.3525     8.0252     93.988 3.3310e+02     15.548      2.294   2.208696    -1.4340    -0.1284    23.1243   997.5164     -0.835     -0.576 0.0000e+00
     -0.587 3.4743e-13   278.8430     8.0312     93.980 3.1665e+02     15.548      2.245   2.161240    -1.0882     0.7203    23.1247   997.5163     -0.836     -0.576 0.0000e+00
     -0.587 6.3695e-13   279.6315     8.0379     93.988 3.0177e+02     15.548      2.204   2.121733    -0.8978     0.9404    23.1249   997.5162     -0.835     -0.576 0.0000e+00
     -0.587 3.4743e-13   279.5722     8.0441     94.037 2.8730e+02     15.548      2.193   2.111127    -0.8675     1.0222    23.1250   997.5162     -0.835     -0.576 0.0000e+00
     -0.587 3.1584e-14   279.1591     8.0437     94.084 2.6913e+02     15.548      2.178   2.096352    -0.6751     1.5030    23.1253   997.5161     -0.835     -0.576 0.0000e+00
     -0.587 2.8713e-15   278.8525     8.0399     94.085 2.6154e+02     15.547      2.150   2.069793    -0.3072     2.3931    23.1256   997.5160     -0.836     -0.576 0.0000e+00
     -0.587 2.6103e-16   279.3064     8.0459     94.071 3.1644e+02     15.547      2.123   2.043408    -0.1100     2.8578    23.1261   997.5159     -0.836     -0.576 0.0000e+00
     -0.587 2.3730e-17   281.0330     8.0440     94.071 4.3760e+02     15.547      2.110   2.030738    -0.1402     2.7609    23.1265   997.5158     -0.835     -0.576 0.0000e+00
     -0.587 2.1573e-18   283.1231     8.0418     94.084 5.0060e+02     15.548      2.122   2.043310    -0.5106     1.9090    23.1267   997.5158     -0.835     -0.576 0.0000e+00
     -0.587 1.9611e-19   284.5310     8.0421     94.098 4.5057e+02     15.548      2.148   2.068705    -1.1744     0.4197    23.1269   997.5157     -0.835     -0.576 0.0000e+00
     -0.587 1.7829e-20   285.8385     8.0398     94.094 3.7775e+02     15.547      2.165   2.084388    -1.5379    -0.4133    23.1273   997.5156     -0.835     -0.576 0.0000e+00
     -0.587 1.6208e-21   287.2301     8.0465     94.087 3.1392e+02     15.547      2.188   2.106218    -1.5486    -0.4731    23.1277   997.5155     -0.835     -0.576 0.0000e+00
     -0.587 1.4734e-22   288.2785     8.0528     94.091 2.7172e+02     15.547      2.226   2.142604    -1.3906    -0.2002    23.1282   997.5154     -0.835     -0.575 0.0000e+00
     -0.587 1.3395e-23   289.9972     8.0504     94.100 2.8880e+02     15.548      2.227   2.144223    -1.1239     0.2431    23.1286   997.5153     -0.835     -0.576 0.0000e+00
     -0.588 1.2177e-24   292.6101     8.0485     94.129 4.0735e+02     15.548      2.208   2.125794    -0.9847     0.4574    23.1291   997.5152     -0.836     -0.576 0.0000e+00
     -0.588 1.1070e-25   294.5746     8.0488     94.160 4.9570e+02     15.548      2.191   2.109831    -0.9470     0.5369    23.1300   997.5150     -0.836     -0.576 0.0000e+00
     -0.587 1.0064e-26   295.1651     8.0495     94.147 3.9965e+02     15.548      2.158   2.077917    -0.6775     0.9298    23.1305   997.5148     -0.835     -0.576 0.0000e+00
     -0.587 9.1490e-28   295.1051     8.0525     94.121 2.8430e+02     15.549      2.136   2.056689    -0.1975     1.5686    23.1308   997.5148     -0.835     -0.576 0.0000e+00
     -0.587 8.3170e-29   295.2250     8.0507     94.117 2.5859e+02     15.549      2.122   2.043213     0.0605     1.9086    23.1314   997.5146     -0.835     -0.576 0.0000e+00
     -0.587 7.5610e-30   295.3232     8.0493     94.129 2.5663e+02     15.548      2.121   2.041685     0.0755     1.9170    23.1318   997.5145     -0.835     -0.576 0.0000e+00
     -0.587 6.8735e-31   294.8307     8.0508     94.174 2.5643e+02     15.548      2.117   2.038214     0.0421     1.7730    23.1323   997.5144     -0.835     -0.576 0.0000e+00
     -0.587 6.2490e-32   294.3463     8.0504     94.202 2.5472e+02     15.548      2.078   2.001239    -0.2578     0.4770    23.1328   997.5143     -0.835     -0.576 0.0000e+00
     -0.587 5.6810e-33   294.8013     8.0523     94.183 2.5337e+02     15.548      2.050   1.974728    -0.7944    -1.8738    23.1333   997.5142     -0.835     -0.576 0.0000e+00
     -0.587 5.1645e-34   295.6855     8.0589     94.153 2.5742e+02     15.549      2.047   1.971074    -1.0764    -3.0979    23.1341   997.5140     -0.835     -0.576 0.0000e+00
     -0.587 4.6949e-35   296.0035     8.0551     94.146 3.0543e+02     15.549      2.032   1.957054    -1.0734    -3.0284    23.1347   997.5139     -0.835     -0.576 0.0000e+00
     -0.587 4.2681e-36   296.5810     8.0507     94.161 3.9340e+02     15.548      2.006   1.931911    -0.9195    -2.2012    23.1353   997.5137     -0.834     -0.575 0.0000e+00
     -0.587 3.8800e-37   298.3661     8.0534     94.179 4.1010e+02     15.547      1.994   1.920476    -0.6564    -0.7183    23.1358   997.5136     -0.835     -0.576 0.0000e+00
     -0.587 3.5273e-38   300.7229     8.0501     94.203 3.4427e+02     15.547      2.020   1.945493    -0.5051     0.1729    23.1364   997.5134     -0.835     -0.576 0.0000e+00
     -0.587 3.2067e-39   302.7071     8.0581     94.222 3.2390e+02     15.546      2.057   1.980991    -0.4929     0.2995    23.1369   997.5133     -0.835     -0.576 0.0000e+00
     -0.587 2.9151e-40   303.7726     8.0611     94.230 4.1675e+02     15.546      2.045   1.969576    -0.6042     0.6751    23.1375   997.5132     -0.835     -0.576 0.0000e+00
     -0.587 2.6501e-41   304.4856     8.0574     94.216 5.3641e+02     15.547      2.008   1.934176    -0.7915     1.4529    23.1380   997.5130     -0.835     -0.576 0.0000e+00
     -0.587 2.4092e-42   305.2187     8.0540     94.187 5.0978e+02     15.547      2.007   1.933080    -0.8795     1.9105    23.1384   997.5129     -0.835     -0.576 0.0000e+00
     -0.587 2.1902e-43   305.5808     8.0527     94.175 3.5888e+02     15.548      2.032   1.956316    -0.8946     1.9510    23.1390   997.5128     -0.835     -0.575 0.0000e+00
     -0.587 1.9911e-44   305.6806     8.0563     94.185 2.6355e+02     15.548      2.037   1.961721    -1.0217     1.6325    23.1397   997.5126     -0.835     -0.576 0.0000e+00
     -0.587 1.8100e-45   306.0814     8.0555     94.216 2.4600e+02     15.547      2.075   1.998437    -1.2435     1.0468    23.1401   997.5125     -0.835     -0.575 0.0000e+00
     -0.587 1.6455e-46   306.8138     8.0595     94.228 2.4370e+02     15.547      2.493   2.400241    -1.3546     0.7749    23.1405   997.5124     -0.835     -0.576 0.0000e+00
     -0.587 1.4959e-47   307.7385     8.0604     94.203 2.4308e+02     15.547      3.463   3.335519    -1.3632     0.7487    23.1411   997.5123     -0.835     -0.576 0.0000e+00
     -0.587 1.3610e-48   309.0024     8.0615     94.201 2.4322e+02     15.547      4.147   3.993784    -1.3764     0.6957    23.1415   997.5122     -0.835     -0.576 0.0000e+00
     -0.587 1.3557e-49   310.3079     8.0608     94.214 2.4363e+02     15.548      3.981   3.833736    -1.3623     0.4768    23.1421   997.5121     -0.835     -0.575 0.0000e+00
     -0.587 1.4259e-49   311.6485     8.0556     94.218 2.4388e+02     15.548      3.691   3.554546    -1.3161     0.0588    23.1427   997.5119     -0.836     -0.576 0.0000e+00
     -0.587 1.4458e-48   313.0807     8.0558     94.223 2.4364e+02     15.547      3.668   3.532533    -1.2946    -0.2034    23.1432   997.5118     -0.836     -0.576 0.0000e+00
     -0.587 1.5893e-47   314.2888     8.0553     94.216 2.4243e+02     15.547      3.770   3.630930    -1.3030    -0.2905    23.1437   997.5117     -0.835     -0.576 0.0000e+00
