Data/DataNotYetUploadedToEDI/Raw_CTD/RawDownloads/052421_fcr50.cnv
* Sea-Bird SBE19plus  Data File:
* FileName = C:\R\Reservoirs\Data\DataNotYetUploadedToEDI\Raw_CTD\RawDownloads\052421_fcr50_0001.hex
* Software version 2.8.0.119
* Temperature SN = 7809
* Conductivity SN = 7809
* System UpLoad Time = May 24 2021 10:36:40
* <ApplicationData>
* <Seaterm232>
# nquan = 16
# nvalues = 2085                        
# units = specified
# name 0 = depFM: Depth [fresh water, m]
# name 1 = dz/dtM: Descent Rate [m/s]
# name 2 = orp: Oxidation Reduction Potential [mV]
# name 3 = sbeox0Mg/L: Oxygen, SBE 43 [mg/l]
# name 4 = sbeox0PS: Oxygen, SBE 43 [% saturation]
# name 5 = par/sat/log: PAR/Logarithmic, Satlantic
# name 6 = ph: pH
# name 7 = specc: Specific Conductance [uS/cm]
# name 8 = c0uS/cm: Conductivity [uS/cm]
# name 9 = flECO-AFL: Fluorescence, WET Labs ECO-AFL/FL [mg/m^3]
# name 10 = turbWETntu0: Turbidity, WET Labs ECO [NTU]
# name 11 = tv290C: Temperature [ITS-90, deg C]
# name 12 = density00: Density [density, kg/m^3]
# name 13 = prdE: Pressure, Strain Gauge [psi]
# name 14 = prdM: Pressure, Strain Gauge [db]
# name 15 = flag:  0.000e+00
# span 0 =     -0.591,      9.640       
# span 1 =     -0.317,      1.158       
# span 2 = -1240.7455,   642.1204       
# span 3 =     0.0722,    12.7438       
# span 4 =      0.703,    138.107       
# span 5 = 1.2340e-01, 1.6710e+03       
# span 6 =      7.028,     16.012       
# span 7 =      0.998,    129.119       
# span 8 =   1.025099,  85.408612       
# span 9 =    -3.4202,   259.9697       
# span 10 =    -9.9949,   937.6672      
# span 11 =     8.0565,    26.3292      
# span 12 =   996.7040,   999.9400      
# span 13 =     -0.840,     13.712      
# span 14 =     -0.579,      9.454      
# span 15 = 0.0000e+00, 0.0000e+00      
# interval = seconds: 0.25
# start_time = May 23 2021 21:16:53 [Instrument's time stamp, header]
# bad_flag = -9.990e-29
*END*
[from data line 814]
      2.380      0.044   239.6022    10.8442    106.097 6.8047e+01     15.775     33.700  27.173628     4.4547     3.7711    15.4629   999.0565      3.383      2.333 0.0000e+00
      2.388      0.042   239.9148    10.8371    106.016 6.7026e+01     15.776     33.686  27.138182     4.4868     3.7122    15.4437   999.0594      3.393      2.339 0.0000e+00
      2.401      0.039   240.1138    10.8253    105.941 6.5694e+01     15.777     33.675  27.103252     4.5566     3.7192    15.4195   999.0633      3.415      2.354 0.0000e+00
      2.416      0.036   240.2875    10.8052    105.830 6.4704e+01     15.778     33.664  27.068427     4.6121     3.7861    15.3921   999.0677      3.441      2.372 0.0000e+00
      2.426      0.034   240.5527    10.7612    105.622 6.4030e+01     15.780     33.649  27.034242     4.6427     3.8351    15.3639   999.0721      3.452      2.380 0.0000e+00
      2.435      0.033   240.7384    10.7024    105.291 6.3179e+01     15.781     33.639  27.007056     4.6873     3.7285    15.3408   999.0757      3.461      2.386 0.0000e+00
      2.447      0.031   240.6396    10.6635    104.885 6.2227e+01     15.781     33.645  26.993413     4.7513     3.4574    15.3394   999.0760      3.480      2.399 0.0000e+00
      2.458      0.030   240.7352    10.6311    104.424 6.1454e+01     15.782     33.670  26.996133     4.7880     3.2698    15.3453   999.0750      3.499      2.412 0.0000e+00
      2.468      0.030   241.2923    10.6201    103.981 6.0918e+01     15.783     33.670  26.976492     4.8060     3.2460    15.3184   999.0792      3.512      2.422 0.0000e+00
      2.475      0.031   241.7833    10.6275    103.604 6.0568e+01     15.783     33.655  26.946203     4.8929     3.3413    15.2775   999.0856      3.520      2.427 0.0000e+00
      2.480      0.033   242.1111    10.6275    103.219 6.0148e+01     15.784     33.674  26.947043     5.0188     3.4606    15.2380   999.0917      3.527      2.432 0.0000e+00
      2.487      0.036   242.4161    10.6286    102.810 5.9478e+01     15.784     33.661  26.923200     5.0685     3.5208    15.1982   999.0978      3.536      2.438 0.0000e+00
      2.496      0.038   242.5462    10.6180    102.388 5.8753e+01     15.784     33.587  26.848199     5.0645     3.5547    15.1670   999.1027      3.551      2.449 0.0000e+00
      2.505      0.041   242.8237    10.5852    101.981 5.8230e+01     15.785     33.552  26.801357     5.0756     3.5269    15.1380   999.1071      3.565      2.458 0.0000e+00
      2.512      0.044   243.3623    10.5537    101.658 5.7869e+01     15.787     33.576  26.800835     5.1454     3.3912    15.1121   999.1110      3.573      2.462 0.0000e+00
      2.518      0.044   243.8961    10.5086    101.360 5.7420e+01     15.788     33.572  26.778430     5.2599     3.2519    15.0868   999.1149      3.580      2.468 0.0000e+00
      2.527      0.042   244.2016    10.4663    101.016 5.6800e+01     15.788     33.523  26.720722     5.3150     3.2511    15.0560   999.1196      3.594      2.478 0.0000e+00
      2.538      0.038   244.2162    10.4430    100.666 5.6093e+01     15.788     33.484  26.673952     5.3356     3.3126    15.0266   999.1241      3.610      2.489 0.0000e+00
      2.550      0.034   244.4163    10.4063    100.305 5.5332e+01     15.789     33.479  26.656924     5.4904     3.2401    15.0077   999.1270      3.626      2.500 0.0000e+00
      2.563      0.030   244.8145    10.3681     99.924 5.4590e+01     15.789     33.470  26.641684     5.7462     3.0614    14.9909   999.1296      3.646      2.514 0.0000e+00
      2.576      0.029   245.1592    10.3332     99.570 5.3878e+01     15.789     33.450  26.616536     5.8921     3.0056    14.9653   999.1335      3.664      2.526 0.0000e+00
      2.587      0.029   245.5730    10.2906     99.296 5.3185e+01     15.790     33.456  26.606575     5.9188     3.0806    14.9376   999.1377      3.680      2.538 0.0000e+00
      2.597      0.030   245.9462    10.2696     99.091 5.2707e+01     15.791     33.453  26.584654     5.8594     3.1103    14.9074   999.1422      3.697      2.549 0.0000e+00
      2.604      0.031   246.2293    10.2516     98.958 5.2443e+01     15.792     33.424  26.541756     5.7368     3.0552    14.8769   999.1469      3.705      2.555 0.0000e+00
      2.608      0.032   246.5013    10.2160     98.899 5.2175e+01     15.792     33.434  26.531892     5.6668     2.9982    14.8509   999.1507      3.710      2.558 0.0000e+00
      2.613      0.032   246.8259    10.1899     98.858 5.1749e+01     15.793     33.449  26.528800     5.6609     3.0046    14.8248   999.1546      3.715      2.562 0.0000e+00
      2.620      0.032   247.2280    10.1575     98.856 5.1189e+01     15.794     33.434  26.504344     5.6566     3.0296    14.8036   999.1578      3.726      2.569 0.0000e+00
      2.630      0.033   247.4050    10.1195     98.878 5.0624e+01     15.795     33.430  26.489909     5.6238     3.0253    14.7952   999.1590      3.741      2.579 0.0000e+00
      2.640      0.034   247.3322    10.0815     98.849 5.0062e+01     15.795     33.429  26.481112     5.5892     2.9878    14.7877   999.1602      3.755      2.589 0.0000e+00
      2.649      0.035   247.2933    10.0616     98.751 4.9585e+01     15.795     33.410  26.461392     5.5816     2.9537    14.7634   999.1639      3.770      2.599 0.0000e+00
      2.657      0.035   247.4509    10.0480     98.572 4.9228e+01     15.795     33.387  26.441758     5.6367     2.9560    14.7304   999.1688      3.780      2.606 0.0000e+00
      2.663      0.034   247.7754    10.0378     98.328 4.8890e+01     15.795     33.373  26.434006     5.7495     2.9470    14.6995   999.1733      3.788      2.611 0.0000e+00
      2.669      0.033   248.2060    10.0451     98.050 4.8451e+01     15.795     33.361  26.431097     5.8008     2.9128    14.6736   999.1772      3.796      2.617 0.0000e+00
      2.678      0.033   248.5270    10.0402     97.768 4.7809e+01     15.794     33.322  26.406594     5.7805     2.8864    14.6517   999.1804      3.807      2.624 0.0000e+00
      2.690      0.035   248.5589    10.0453     97.547 4.7140e+01     15.794     33.221  26.328043     5.7898     2.9039    14.6326   999.1833      3.827      2.638 0.0000e+00
      2.702      0.039   248.4203    10.0567     97.382 4.6604e+01     15.795     33.128  26.242494     5.9424     2.9521    14.6153   999.1858      3.845      2.652 0.0000e+00
      2.710      0.045   248.3140    10.0546     97.212 4.6210e+01     15.796     33.109  26.196787     6.1949     2.9195    14.6020   999.1879      3.856      2.659 0.0000e+00
      2.716      0.050   248.5635    10.0482     97.046 4.5947e+01     15.797     33.111  26.155943     6.3164     2.8182    14.5962   999.1888      3.865      2.664 0.0000e+00
      2.722      0.052   249.1143    10.0292     96.915 4.5654e+01     15.799     33.133  26.129164     6.3239     2.7921    14.5930   999.1893      3.871      2.669 0.0000e+00
      2.729      0.049   249.7258    10.0018     96.804 4.5217e+01     15.802     33.180  26.126672     6.4851     2.8098    14.5977   999.1886      3.880      2.675 0.0000e+00
      2.739      0.044   250.1919     9.9717     96.675 4.4588e+01     15.803     33.219  26.125769     6.7877     2.7571    14.6100   999.1868      3.894      2.684 0.0000e+00
      2.753      0.038   250.1040     9.9358     96.502 4.3863e+01     15.803     33.237  26.118202     6.9497     2.6702    14.6207   999.1854      3.916      2.699 0.0000e+00
      2.768      0.031   249.6095     9.9121     96.288 4.3130e+01     15.804     33.230  26.098584     6.9649     2.6169    14.6288   999.1841      3.938      2.714 0.0000e+00
      2.785      0.026   249.5461     9.9024     96.114 4.2344e+01     15.804     33.220  26.078841     6.9721     2.5594    14.6169   999.1859      3.959      2.729 0.0000e+00
      2.801      0.023   249.9403     9.8947     96.033 4.1727e+01     15.805     33.224  26.069766     6.9895     2.4899    14.5636   999.1938      3.987      2.748 0.0000e+00
      2.813      0.023   250.5042     9.8915     95.988 4.1447e+01     15.805     33.219  26.052272     6.9940     2.4292    14.4929   999.2040      4.005      2.760 0.0000e+00
      2.818      0.026   251.0296     9.8928     95.934 4.1298e+01     15.805     33.164  25.994157     6.9692     2.3742    14.4269   999.2137      4.008      2.763 0.0000e+00
      2.820      0.028   251.2165     9.8979     95.878 4.1115e+01     15.806     33.113  25.937941     6.8800     2.4441    14.3629   999.2228      4.011      2.765 0.0000e+00
      2.824      0.029   251.1297     9.8952     95.870 4.0835e+01     15.807     33.142  25.943406     6.7354     2.6217    14.3137   999.2299      4.016      2.770 0.0000e+00
      2.831      0.029   250.7544     9.8859     95.882 4.0494e+01     15.809     33.153  25.933347     6.6609     2.7020    14.2840   999.2342      4.027      2.777 0.0000e+00
      2.839      0.028   250.5496     9.8632     95.799 4.0190e+01     15.810     33.107  25.879730     6.6564     2.6597    14.2650   999.2369      4.039      2.785 0.0000e+00
      2.846      0.028   250.8911     9.8451     95.591 3.9892e+01     15.811     33.109  25.865962     6.6527     2.5572    14.2489   999.2392      4.047      2.790 0.0000e+00
      2.852      0.029   251.3558     9.8463     95.337 3.9514e+01     15.811     33.161  25.893722     6.7587     2.4575    14.2300   999.2420      4.056      2.796 0.0000e+00
      2.860      0.031   251.6080     9.8460     95.096 3.9088e+01     15.811     33.179  25.898219     6.9751     2.4153    14.2087   999.2450      4.068      2.805 0.0000e+00
      2.869      0.034   251.7903     9.8472     94.867 3.8733e+01     15.810     33.131  25.856891     7.0848     2.3904    14.1865   999.2481      4.082      2.815 0.0000e+00
      2.877      0.036   252.0110     9.8418     94.637 3.8451e+01     15.809     33.095  25.838014     7.0658     2.3621    14.1639   999.2513      4.092      2.822 0.0000e+00
      2.884      0.037   252.0391     9.8470     94.400 3.8243e+01     15.809     33.090  25.860276     6.9163     2.4170    14.1377   999.2550      4.103      2.829 0.0000e+00
      2.889      0.037   251.9583     9.8622     94.200 3.8095e+01     15.808     33.062  25.872375     6.6604     2.5729    14.1085   999.2592      4.109      2.833 0.0000e+00
      2.894      0.036   252.1524     9.8601     94.014 3.7805e+01     15.807     33.009  25.857488     6.5280     2.6684    14.0803   999.2631      4.113      2.836 0.0000e+00
      2.903      0.034   252.3210     9.8395     93.778 3.7322e+01     15.806     32.939  25.807169     6.5167     2.6443    14.0576   999.2663      4.127      2.846 0.0000e+00
      2.916      0.031   252.2757     9.8146     93.566 3.6820e+01     15.806     32.929  25.771404     6.4562     2.6590    14.0376   999.2692      4.149      2.861 0.0000e+00
      2.929      0.028   252.5513     9.7952     93.411 3.6419e+01     15.809     33.030  25.805578     6.3402     2.7784    14.0217   999.2715      4.168      2.873 0.0000e+00
      2.939      0.026   253.3308     9.7721     93.304 3.6145e+01     15.811     33.121  25.839751     6.2779     2.8860    14.0129   999.2727      4.181      2.883 0.0000e+00
      2.946      0.026   253.9564     9.7499     93.246 3.5944e+01     15.812     33.109  25.803976     6.2849     2.9297    14.0196   999.2718      4.191      2.889 0.0000e+00
      2.952      0.026   254.0068     9.7112     93.167 3.5684e+01     15.813     33.079  25.753556     6.3396     2.8952    14.0672   999.2652      4.197      2.894 0.0000e+00
      2.960      0.026   254.0261     9.6776     92.963 3.5293e+01     15.815     33.098  25.737528     6.4429     2.8452    14.1278   999.2567      4.208      2.901 0.0000e+00
      2.970      0.026   254.1034     9.6570     92.643 3.4922e+01     15.816     33.134  25.737001     6.5136     2.8753    14.1740   999.2503      4.226      2.914 0.0000e+00
      2.977      0.027   254.0815     9.6198     92.344 3.4724e+01     15.817     33.179  25.747142     6.5265     2.8823    14.1921   999.2477      4.238      2.922 0.0000e+00
      2.981      0.029   254.3643     9.6102     92.140 3.4569e+01     15.817     33.193  25.733263     6.5796     2.8260    14.1397   999.2551      4.240      2.923 0.0000e+00
      2.985      0.030   255.1132     9.6142     92.004 3.4272e+01     15.818     33.180  25.696019     6.6883     2.8127    14.0512   999.2675      4.243      2.926 0.0000e+00
      2.992      0.030   255.8225     9.6122     91.802 3.3886e+01     15.819     33.193  25.677362     6.7542     2.8586    13.9970   999.2752      4.254      2.933 0.0000e+00
      3.001      0.030   256.1432     9.6163     91.466 3.3566e+01     15.820     33.175  25.634495     6.7744     2.9011    13.9678   999.2793      4.271      2.944 0.0000e+00
      3.008      0.029   256.3244     9.6210     91.104 3.3264e+01     15.821     33.113  25.558254     6.7902     2.8794    13.9270   999.2848      4.280      2.950 0.0000e+00
      3.015      0.028   256.3782     9.6135     90.770 3.2898e+01     15.823     33.091  25.516625     6.8496     2.7684    13.8748   999.2921      4.287      2.956 0.0000e+00
      3.023      0.027   256.3637     9.5788     90.470 3.2559e+01     15.825     33.112  25.511699     6.9681     2.6571    13.8308   999.2982      4.300      2.965 0.0000e+00
      3.030      0.027   256.6652     9.5556     90.229 3.2248e+01     15.826     33.120  25.498673     7.0501     2.6326    13.7968   999.3029      4.310      2.971 0.0000e+00
      3.037      0.028   257.3564     9.5404     90.004 3.1878e+01     15.826     33.126  25.485959     7.0787     2.6436    13.7627   999.3076      4.320      2.978 0.0000e+00
      3.047      0.031   258.0095     9.5418     89.735 3.1522e+01     15.826     33.149  25.484805     7.2286     2.5841    13.7205   999.3133      4.335      2.989 0.0000e+00
      3.055      0.033   258.3672     9.5370     89.399 3.1231e+01     15.827     33.176  25.484703     7.5172     2.4630    13.6750   999.3196      4.346      2.996 0.0000e+00
      3.061      0.034   258.5833     9.5005     88.961 3.0980e+01     15.828     33.202  25.484693     7.6876     2.4156    13.6311   999.3254      4.354      3.002 0.0000e+00
      3.066      0.034   258.6434     9.4732     88.436 3.0771e+01     15.829     33.222  25.484673     7.7251     2.4231    13.5872   999.3314      4.361      3.007 0.0000e+00
      3.071      0.033   258.6649     9.4465     87.907 3.0528e+01     15.829     33.235  25.484440     7.8281     2.3476    13.5498   999.3363      4.365      3.009 0.0000e+00
      3.077      0.031   258.8424     9.4193     87.445 3.0178e+01     15.829     33.238  25.481868     7.9978     2.2231    13.5174   999.3406      4.373      3.015 0.0000e+00
      3.088      0.030   259.1545     9.4021     87.101 2.9693e+01     15.830     33.205  25.453562     8.0878     2.1884    13.4911   999.3442      4.388      3.025 0.0000e+00
      3.102      0.028   259.5132     9.3875     86.831 2.9224e+01     15.830     33.142  25.395892     8.0966     2.2364    13.4662   999.3476      4.413      3.043 0.0000e+00
      3.113      0.027   259.7372     9.3640     86.553 2.8955e+01     15.830     33.112  25.355419     8.1147     2.2207    13.4369   999.3515      4.433      3.056 0.0000e+00
      3.119      0.027   259.9707     9.3383     86.218 2.8746e+01     15.830     33.121  25.344738     8.1354     2.1353    13.4065   999.3555      4.436      3.058 0.0000e+00
      3.123      0.027   260.1862     9.3000     85.811 2.8516e+01     15.831     33.115  25.330155     8.1465     2.1304    13.3726   999.3599      4.441      3.062 0.0000e+00
      3.128      0.027   260.1057     9.2439     85.439 2.8289e+01     15.832     33.091  25.305946     8.1625     2.1965    13.3497   999.3630      4.450      3.067 0.0000e+00
