Data/DataNotYetUploadedToEDI/Raw_CTD/RawDownloads/052421_fcr50.cnv
* Sea-Bird SBE19plus  Data File:
* FileName = C:\R\Reservoirs\Data\DataNotYetUploadedToEDI\Raw_CTD\RawDownloads\052421_fcr50_0001.hex
* Software version 2.8.0.119
* Temperature SN = 7809
* Conductivity SN = 7809
* System UpLoad Time = May 24 2021 10:36:40
* <ApplicationData>
* <Seaterm232>
# nquan = 16
# nvalues = 2085                        
# units = specified
# name 0 = depFM: Depth [fresh water, m]
# name 1 = dz/dtM: Descent Rate [m/s]
# name 2 = orp: Oxidation Reduction Potential [mV]
# name 3 = sbeox0Mg/L: Oxygen, SBE 43 [mg/l]
# name 4 = sbeox0PS: Oxygen, SBE 43 [% saturation]
# name 5 = par/sat/log: PAR/Logarithmic, Satlantic
# name 6 = ph: pH
# name 7 = specc: Specific Conductance [uS/cm]
# name 8 = c0uS/cm: Conductivity [uS/cm]
# name 9 = flECO-AFL: Fluorescence, WET Labs ECO-AFL/FL [mg/m^3]
# name 10 = turbWETntu0: Turbidity, WET Labs ECO [NTU]
# name 11 = tv290C: Temperature [ITS-90, deg C]
# name 12 = density00: Density [density, kg/m^3]
# name 13 = prdE: Pressure, Strain Gauge [psi]
# name 14 = prdM: Pressure, Strain Gauge [db]
# name 15 = flag:  0.000e+00
# span 0 =     -0.591,      9.640       
# span 1 =     -0.317,      1.158       
# span 2 = -1240.7455,   642.1204       
# span 3 =     0.0722,    12.7438       
# span 4 =      0.703,    138.107       
# span 5 = 1.2340e-01, 1.6710e+03       
# span 6 =      7.028,     16.012       
# span 7 =      0.998,    129.119       
# span 8 =   1.025099,  85.408612       
# span 9 =    -3.4202,   259.9697       
# span 10 =    -9.9949,   937.6672      
# span 11 =     8.0565,    26.3292      
# span 12 =   996.7040,   999.9400      
# span 13 =     -0.840,     13.712      
# span 14 =     -0.579,      9.454      
# span 15 = 0.0000e+00, 0.0000e+00      
# interval = seconds: 0.25
# start_time = May 23 2021 21:16:53 [Instrument's time stamp, header]
# bad_flag = -9.990e-29
*END*
[from data line 1085]
      4.898      0.027   290.9855     1.7921     13.861 6.2155e+00     15.936     34.593  23.741613     2.7367     2.3197     9.2879   999.7984      6.970      4.806 0.0000e+00
      4.899      0.033   290.9887     1.7688     13.580 6.2356e+00     15.936     34.594  23.744719     2.7547     2.3451     9.2798   999.7990      6.967      4.804 0.0000e+00
      4.900      0.039   291.1772     1.7397     13.439 6.2620e+00     15.936     34.659  23.782941     2.7704     2.3335     9.2988   999.7976      6.971      4.806 0.0000e+00
      4.901      0.046   291.5428     1.7066     13.473 6.2684e+00     15.936     34.719  23.823202     2.7745     2.3162     9.3180   999.7960      6.970      4.806 0.0000e+00
      4.904      0.050   291.4521     1.6745     13.531 6.2423e+00     15.936     34.757  23.850982     2.8040     2.2388     9.3168   999.7961      6.972      4.808 0.0000e+00
      4.913      0.050   291.1129     1.6634     13.523 6.1793e+00     15.937     34.797  23.865143     2.8599     2.1198     9.3106   999.7967      6.984      4.815 0.0000e+00
      4.928      0.050   291.2274     1.6553     13.419 6.0930e+00     15.937     34.827  23.867557     2.8882     2.0784     9.3048   999.7972      7.010      4.833 0.0000e+00
      4.943      0.051   291.4593     1.6248     13.228 6.0395e+00     15.936     34.861  23.880148     2.8984     2.1162     9.2999   999.7976      7.036      4.852 0.0000e+00
      4.952      0.055   291.5076     1.5919     13.037 6.0188e+00     15.936     34.898  23.890538     2.9168     2.1305     9.3143   999.7966      7.044      4.857 0.0000e+00
      4.960      0.055   291.8112     1.5512     12.859 5.9719e+00     15.937     34.894  23.866316     2.9389     2.1135     9.3287   999.7954      7.048      4.860 0.0000e+00
      4.974      0.051   292.2908     1.5307     12.625 5.8814e+00     15.939     34.882  23.840950     2.9554     2.1170     9.3019   999.7976      7.071      4.876 0.0000e+00
      4.994      0.048   292.4032     1.5485     12.284 5.8004e+00     15.940     34.891  23.837512     2.9541     2.1385     9.2978   999.7981      7.108      4.900 0.0000e+00
      5.008      0.048   291.8801     1.5542     11.809 5.7742e+00     15.940     34.878  23.824736     2.8474     2.1326     9.3255   999.7960      7.129      4.915 0.0000e+00
      5.016      0.047   291.0424     1.5558     11.275 5.7533e+00     15.940     34.866  23.813311     2.6371     2.1146     9.2914   999.7988      7.130      4.916 0.0000e+00
      5.027      0.043   290.6198     1.5474     10.788 5.6878e+00     15.940     34.892  23.826222     2.5093     2.1265     9.2523   999.8018      7.144      4.925 0.0000e+00
      5.047      0.039   290.7288     1.5180     10.412 5.6178e+00     15.940     34.937  23.853993     2.4851     2.1741     9.2547   999.8017      7.181      4.951 0.0000e+00
      5.062      0.039   291.1552     1.4965     10.182 5.5811e+00     15.940     35.002  23.895394     2.3829     2.1751     9.2333   999.8035      7.207      4.970 0.0000e+00
      5.070      0.044   291.6461     1.4830     10.017 5.5543e+00     15.940     35.089  23.946262     2.1889     2.1032     9.1927   999.8066      7.210      4.972 0.0000e+00
      5.078      0.046   291.9311     1.4565      9.877 5.5028e+00     15.941     35.131  23.961632     2.0945     2.0950     9.1668   999.8087      7.220      4.978 0.0000e+00
      5.090      0.045   292.0198     1.4223      9.752 5.4414e+00     15.941     35.134  23.954380     2.0900     2.1449     9.1543   999.8097      7.240      4.992 0.0000e+00
      5.102      0.044   291.9447     1.3624      9.648 5.4146e+00     15.941     35.176  23.985410     2.0114     2.1569     9.1513   999.8100      7.259      5.006 0.0000e+00
      5.110      0.045   291.7976     1.2951      9.624 5.4056e+00     15.941     35.221  24.019713     1.8875     2.1373     9.1504   999.8101      7.271      5.013 0.0000e+00
      5.117      0.045   291.6180     1.2403      9.642 5.3695e+00     15.941     35.276  24.052027     1.8326     2.1147     9.1390   999.8110      7.274      5.016 0.0000e+00
      5.129      0.043   291.4076     1.1897      9.626 5.2875e+00     15.941     35.391  24.122413     1.8333     2.1231     9.1359   999.8113      7.289      5.026 0.0000e+00
      5.147      0.039   291.3183     1.1731      9.507 5.1886e+00     15.942     35.471  24.173069     1.8290     2.1361     9.1367   999.8114      7.321      5.048 0.0000e+00
      5.164      0.039   291.4850     1.1531      9.277 5.1455e+00     15.943     35.549  24.220548     1.7529     2.1002     9.1236   999.8125      7.351      5.068 0.0000e+00
      5.172      0.043   292.0468     1.1372      9.009 5.1475e+00     15.943     35.702  24.315926     1.6184     2.0669     9.0991   999.8144      7.360      5.074 0.0000e+00
      5.177      0.045   292.6907     1.1273      8.782 5.1251e+00     15.942     35.807  24.374913     1.5483     2.0766     9.0787   999.8159      7.359      5.074 0.0000e+00
      5.185      0.045   292.9032     1.1059      8.625 5.0569e+00     15.942     35.812  24.362924     1.5337     2.1150     9.0901   999.8151      7.372      5.083 0.0000e+00
      5.199      0.045   292.9813     1.1090      8.478 4.9894e+00     15.943     35.825  24.361227     1.3757     2.1871     9.1056   999.8140      7.395      5.099 0.0000e+00
      5.213      0.047   293.1190     1.1129      8.327 4.9653e+00     15.945     35.916  24.417804     1.0882     2.2625     9.0896   999.8153      7.418      5.113 0.0000e+00
      5.222      0.048   293.1910     1.1152      8.203 4.9427e+00     15.945     36.011  24.476169     0.9464     2.3393     9.0741   999.8166      7.429      5.121 0.0000e+00
      5.230      0.047   293.3359     1.1034      8.029 4.8824e+00     15.944     36.048  24.496088     0.9487     2.4285     9.0742   999.8166      7.434      5.127 0.0000e+00
      5.243      0.043   293.7522     1.0708      7.764 4.8007e+00     15.944     36.103  24.531789     0.9444     2.5171     9.0655   999.8174      7.455      5.141 0.0000e+00
      5.259      0.039   294.2669     1.0392      7.462 4.7448e+00     15.944     36.191  24.590713     0.9139     2.5863     9.0549   999.8183      7.484      5.160 0.0000e+00
      5.269      0.037   294.4830     1.0088      7.168 4.7080e+00     15.943     36.264  24.637712     0.8842     2.5795     9.0365   999.8198      7.497      5.169 0.0000e+00
      5.277      0.039   294.6445     0.9977      6.927 4.6253e+00     15.943     36.206  24.592641     0.8807     2.5716     9.0081   999.8219      7.499      5.171 0.0000e+00
      5.292      0.042   294.7570     0.9818      6.757 4.5167e+00     15.944     36.068  24.489722     0.9099     2.5937     8.9942   999.8230      7.523      5.187 0.0000e+00
      5.309      0.044   294.5519     0.9584      6.615 4.4516e+00     15.945     36.059  24.471547     0.9417     2.5732     8.9917   999.8234      7.559      5.213 0.0000e+00
      5.319      0.046   294.3152     0.9520      6.467 4.4371e+00     15.945     36.115  24.499723     0.9413     2.5637     8.9829   999.8241      7.569      5.219 0.0000e+00
      5.321      0.047   294.4770     0.9335      6.326 4.4307e+00     15.945     36.232  24.576683     0.9343     2.5467     8.9706   999.8250      7.566      5.216 0.0000e+00
      5.326      0.046   294.9600     0.8988      6.183 4.4097e+00     15.944     36.512  24.767818     0.9231     2.5400     8.9715   999.8249      7.576      5.223 0.0000e+00
      5.335      0.043   295.1639     0.8628      6.008 4.3612e+00     15.944     36.813  24.971386     0.9017     2.5858     8.9738   999.8248      7.587      5.231 0.0000e+00
      5.349      0.038   295.0495     0.8272      5.782 4.2713e+00     15.944     36.967  25.071822     0.8859     2.5858     8.9686   999.8253      7.602      5.241 0.0000e+00
      5.369      0.033   294.9537     0.7972      5.593 4.1801e+00     15.944     37.005  25.094212     0.8748     2.5737     8.9611   999.8260      7.637      5.265 0.0000e+00
      5.388      0.031   294.9518     0.7811      5.508 4.1379e+00     15.944     37.029  25.115245     0.8708     2.5772     8.9499   999.8268      7.673      5.289 0.0000e+00
      5.397      0.034   295.0263     0.7673      5.458 4.1279e+00     15.944     37.134  25.199288     0.8857     2.5591     8.9304   999.8283      7.681      5.295 0.0000e+00
      5.400      0.039   295.0798     0.7477      5.368 4.1138e+00     15.943     37.344  25.349259     0.9216     2.5614     8.9112   999.8297      7.677      5.293 0.0000e+00
      5.406      0.042   295.0833     0.7335      5.185 4.0826e+00     15.943     37.529  25.469718     0.9427     2.5703     8.9107   999.8298      7.686      5.299 0.0000e+00
      5.417      0.044   295.1547     0.7161      4.950 4.0303e+00     15.943     37.609  25.514052     0.9311     2.5977     8.9165   999.8296      7.706      5.313 0.0000e+00
      5.427      0.046   295.2551     0.7003      4.737 3.9787e+00     15.943     37.694  25.568151     0.8483     2.7218     8.9171   999.8297      7.722      5.324 0.0000e+00
      5.435      0.048   295.2642     0.6681      4.546 3.9437e+00     15.944     37.760  25.616401     0.6956     2.8348     8.9100   999.8303      7.730      5.330 0.0000e+00
      5.442      0.050   295.2641     0.6407      4.360 3.9049e+00     15.945     37.725  25.590021     0.6011     2.7957     8.9000   999.8310      7.739      5.336 0.0000e+00
      5.452      0.050   295.2541     0.6387      4.115 3.8434e+00     15.944     37.800  25.629752     0.5919     2.7644     8.9062   999.8307      7.752      5.344 0.0000e+00
      5.467      0.050   295.0575     0.6319      3.777 3.7768e+00     15.944     38.136  25.843061     0.5469     2.9027     8.9314   999.8289      7.774      5.360 0.0000e+00
      5.483      0.050   294.6939     0.6271      3.390 3.7345e+00     15.944     38.507  26.075965     0.4378     3.1282     8.9470   999.8279      7.803      5.380 0.0000e+00
      5.495      0.050   294.4721     0.6028      3.005 3.7090e+00     15.945     38.665  26.162305     0.3703     3.2597     8.9347   999.8290      7.818      5.390 0.0000e+00
      5.504      0.048   294.5261     0.5705      2.716 3.6748e+00     15.946     38.728  26.189252     0.3501     3.2565     8.9132   999.8306      7.824      5.395 0.0000e+00
      5.516      0.045   294.6587     0.5494      2.549 3.6224e+00     15.946     38.682  26.148047     0.3555     3.2275     8.9076   999.8311      7.844      5.407 0.0000e+00
      5.531      0.043   294.6985     0.5246      2.469 3.5706e+00     15.947     38.259  25.854372     0.3880     3.2178     8.9231   999.8301      7.869      5.425 0.0000e+00
      5.544      0.042   294.4914     0.5077      2.458 3.5348e+00     15.947     37.737  25.492746     0.3991     3.2076     8.9203   999.8303      7.884      5.436 0.0000e+00
      5.557      0.040   293.7897     0.4825      2.423 3.4932e+00     15.946     37.414  25.264206     0.3954     3.2081     8.8981   999.8320      7.901      5.447 0.0000e+00
      5.573      0.040   292.9249     0.4380      2.334 3.4405e+00     15.946     37.124  25.057359     0.3994     3.3950     8.8843   999.8332      7.929      5.466 0.0000e+00
      5.585      0.043   292.5529     0.3951      2.211 3.4072e+00     15.947     36.989  24.957989     0.4102     3.7505     8.8587   999.8354      7.948      5.480 0.0000e+00
      5.592      0.047   292.3893     0.3437      2.066 3.3867e+00     15.948     37.083  25.014106     0.4110     3.9351     8.8265   999.8377      7.952      5.483 0.0000e+00
      5.598      0.048   291.9785     0.3088      1.956 3.3421e+00     15.949     37.127  25.038178     0.4000     3.9447     8.8060   999.8391      7.959      5.487 0.0000e+00
      5.610      0.047   291.4575     0.2954      1.901 3.2847e+00     15.949     37.163  25.058757     0.3909     3.9360     8.7949   999.8401      7.978      5.501 0.0000e+00
      5.622      0.045   290.9945     0.2803      1.952 3.2552e+00     15.948     37.282  25.136068     0.3865     3.8981     8.7879   999.8405      8.000      5.516 0.0000e+00
      5.631      0.045   290.5113     0.2893      2.090 3.2458e+00     15.948     37.397  25.211823     0.3950     3.8995     8.7757   999.8411      8.012      5.523 0.0000e+00
      5.641      0.043   289.9168     0.2842      2.220 3.2219e+00     15.948     37.590  25.340434     0.4078     3.9530     8.7600   999.8422      8.019      5.529 0.0000e+00
      5.656      0.040   289.4845     0.2711      2.314 3.1689e+00     15.948     37.997  25.612832     0.4074     3.9611     8.7462   999.8432      8.042      5.545 0.0000e+00
      5.674      0.039   289.2425     0.2610      2.385 3.1155e+00     15.949     38.433  25.904817     0.4090     3.9626     8.7341   999.8440      8.075      5.568 0.0000e+00
      5.686      0.041   288.9696     0.2360      2.487 3.0920e+00     15.949     38.601  26.016521     0.4178     3.9711     8.7245   999.8449      8.090      5.578 0.0000e+00
      5.693      0.043   288.6803     0.2282      2.565 3.0739e+00     15.948     38.597  26.012015     0.4093     3.9269     8.7175   999.8454      8.095      5.581 0.0000e+00
      5.701      0.044   288.4122     0.2152      2.553 3.0394e+00     15.946     38.550  25.977191     0.3919     3.9433     8.7122   999.8458      8.107      5.589 0.0000e+00
      5.712      0.045   288.1369     0.2219      2.502 2.9958e+00     15.946     38.460  25.912606     0.4089     4.1007     8.7083   999.8462      8.125      5.602 0.0000e+00
      5.722      0.046   287.7613     0.2466      2.440 2.9579e+00     15.947     38.395  25.865406     0.4519     4.2844     8.7062   999.8464      8.140      5.612 0.0000e+00
      5.732      0.045   287.1394     0.2580      2.379 2.9203e+00     15.948     38.380  25.850499     0.4737     4.3445     8.7039   999.8466      8.152      5.620 0.0000e+00
      5.743      0.042   286.1245     0.2731      2.285 2.8772e+00     15.948     38.398  25.859221     0.4720     4.3128     8.7009   999.8470      8.167      5.631 0.0000e+00
      5.755      0.038   284.9543     0.2735      2.143 2.8328e+00     15.948     38.376  25.844003     0.4694     4.3479     8.6989   999.8474      8.186      5.644 0.0000e+00
      5.769      0.036   284.0897     0.2899      2.013 2.7842e+00     15.948     38.297  25.793351     0.4807     4.4596     8.6978   999.8476      8.206      5.658 0.0000e+00
      5.780      0.035   283.5872     0.3058      1.923 2.7439e+00     15.947     38.228  25.754226     0.4936     4.4963     8.6955   999.8478      8.221      5.669 0.0000e+00
      5.791      0.036   283.2660     0.2961      1.923 2.7104e+00     15.946     38.205  25.751523     0.4918     4.4473     8.6905   999.8482      8.235      5.678 0.0000e+00
      5.804      0.036   282.8729     0.2933      1.975 2.6696e+00     15.945     38.199  25.760684     0.5166     4.5198     8.6856   999.8486      8.256      5.692 0.0000e+00
      5.814      0.035   282.2767     0.2829      1.995 2.6378e+00     15.945     38.152  25.738153     0.5826     4.7208     8.6823   999.8489      8.273      5.704 0.0000e+00
      5.821      0.033   281.8224     0.2778      1.965 2.6208e+00     15.945     38.132  25.732821     0.6230     4.8528     8.6750   999.8494      8.280      5.708 0.0000e+00
      5.826      0.031   281.5096     0.2710      1.859 2.5949e+00     15.944     38.245  25.823078     0.6233     4.8793     8.6690   999.8499      8.285      5.712 0.0000e+00
      5.834      0.029   281.0751     0.2463      1.779 2.5586e+00     15.944     38.491  26.004881     0.6145     4.8688     8.6690   999.8499      8.296      5.720 0.0000e+00
      5.844      0.029   280.6991     0.2354      1.802 2.5204e+00     15.944     38.710  26.154987     0.6221     4.8637     8.6731   999.8496      8.312      5.731 0.0000e+00
      5.857      0.029   280.4045     0.2185      1.886 2.4804e+00     15.944     38.772  26.179136     0.6579     4.8855     8.6790   999.8493      8.329      5.744 0.0000e+00
