Data/DataNotYetUploadedToEDI/Raw_CTD/RawDownloads/052522_fcr50_0001.cnv
* Sea-Bird SBE19plus  Data File:
* FileName = C:\R\Reservoirs\Data\DataNotYetUploadedToEDI\Raw_CTD\RawDownloads\052522_fcr50_0001.hex
* Software version 2.8.0.119
* Temperature SN = 7809
* Conductivity SN = 7809
* System UpLoad Time = May 25 2022 21:27:52
* <ApplicationData>
* <Seaterm232>
# nquan = 15
# nvalues = 1671                        
# units = specified
# name 0 = depFM: Depth [fresh water, m]
# name 1 = dz/dtM: Descent Rate [m/s]
# name 2 = sbeox0Mg/L: Oxygen, SBE 43 [mg/l]
# name 3 = sbeox0PS: Oxygen, SBE 43 [% saturation]
# name 4 = specc: Specific Conductance [uS/cm]
# name 5 = c0uS/cm: Conductivity [uS/cm]
# name 6 = flECO-AFL: Fluorescence, WET Labs ECO-AFL/FL [mg/m^3]
# name 7 = ph: pH
# name 8 = orp: Oxidation Reduction Potential [mV]
# name 9 = par/sat/log: PAR/Logarithmic, Satlantic
# name 10 = turbWETntu0: Turbidity, WET Labs ECO [NTU]
# name 11 = prdM: Pressure, Strain Gauge [db]
# name 12 = prdE: Pressure, Strain Gauge [psi]
# name 13 = tv290C: Temperature [ITS-90, deg C]
# name 14 = flag:  0.000e+00
# span 0 =     -0.568,      9.707       
# span 1 =     -0.510,      0.205       
# span 2 =     0.0598,     9.9839       
# span 3 =      0.540,    108.294       
# span 4 =      1.472,    289.720       
# span 5 =   1.225711, 198.159240       
# span 6 =    -0.2626,    60.5105       
# span 7 =     -2.372,      9.687       
# span 8 = -1240.7455,  1000.8111       
# span 9 = 1.2355e-01, 1.8209e+03       
# span 10 =    -0.3967,    82.1274      
# span 11 =     -0.557,      9.520      
# span 12 =     -0.808,     13.808      
# span 13 =     9.1277,    24.6104      
# span 14 = 0.0000e+00, 0.0000e+00      
# interval = seconds: 0.25
# start_time = May 25 2022 09:57:51 [Instrument's time stamp, header]
# bad_flag = -9.990e-29
*END*
[from data line 1543]
      0.187      0.004     9.1551     96.690     36.306  31.178642     5.4780      7.469   241.5538 2.6967e+02     7.9940      0.184      0.266    17.8438 0.0000e+00
      0.187     -0.001     9.1433     97.010     36.372  31.239967     5.4877      7.469   240.4544 2.6956e+02     8.0269      0.184      0.267    17.8832 0.0000e+00
      0.187     -0.013     9.1397     97.366     36.379  31.248051     5.4345      7.470   239.5011 2.6765e+02     7.9633      0.183      0.266    17.9142 0.0000e+00
      0.187     -0.033     9.1424     97.673     36.338  31.212989     5.3433      7.472   239.0615 2.6707e+02     7.8403      0.183      0.265    17.9286 0.0000e+00
      0.185     -0.063     9.1601     97.861     36.246  31.133025     5.3007      7.474   239.0963 2.7057e+02     7.7685      0.183      0.266    17.9345 0.0000e+00
      0.175     -0.094     9.1931     97.925     36.139  31.041977     5.2929      7.478   239.1479 2.8562e+02     7.7101      0.180      0.259    17.9416 0.0000e+00
      0.146     -0.118     9.2282     97.963     36.089  30.999693     5.2656      7.482   239.0831 3.2904e+02     7.6131      0.152      0.220    17.9453 0.0000e+00
      0.097     -0.132     9.2605     98.047     36.093  31.002162     5.2288      7.484   238.0542 3.7648e+02     7.5186      0.099      0.143    17.9434 0.0000e+00
      0.038     -0.137     9.2804     98.153     36.103  31.008428     5.2223      7.486   235.9142 3.9679e+02     7.4892      0.033      0.047    17.9413 0.0000e+00
     -0.007     -0.137     9.2806     98.228     36.112  31.012054     5.2377      7.488   234.6318 4.1054e+02     7.5312     -0.018     -0.026    17.9421 0.0000e+00
     -0.028     -0.131     9.2809     98.249     36.081  30.982605     5.2235      7.492   234.5088 4.1733e+02     7.5478     -0.032     -0.047    17.9449 0.0000e+00
     -0.040     -0.120     9.2907     98.276     35.991  30.905948     5.1840      7.497   235.1149 4.1417e+02     7.5185     -0.034     -0.049    17.9454 0.0000e+00
     -0.065     -0.108     9.3034     98.364     35.921  30.845960     5.1676      7.500   235.7660 4.0948e+02     7.6900     -0.057     -0.082    17.9406 0.0000e+00
     -0.105     -0.104     9.3135     98.432     35.899  30.827856     5.1666      7.502   234.3798 4.0249e+02     9.4500     -0.104     -0.151    17.9339 0.0000e+00
     -0.144     -0.114     9.3135     98.318     35.878  30.813852     5.0726      7.506   231.4318 3.9787e+02    28.0475     -0.151     -0.217    17.9302 0.0000e+00
     -0.166     -0.128     9.3121     97.920     35.857  30.803442     4.8879      7.513   229.2892 3.9525e+02    62.0606     -0.169     -0.243    17.9308 0.0000e+00
     -0.180     -0.131     9.3240     97.282     35.887  30.828797     4.7817      7.523   228.4357 3.9064e+02    80.5747     -0.168     -0.245    17.9312 0.0000e+00
     -0.212     -0.120     9.3374     96.544     35.957  30.866834     4.7700      7.533   228.5109 3.8099e+02    82.1274     -0.196     -0.283    17.9307 0.0000e+00
     -0.267     -0.101     9.3294     95.823     36.027  30.882934     4.6880      7.542   229.0807 3.7199e+02    80.5268     -0.262     -0.381    17.9353 0.0000e+00
     -0.318     -0.081     9.2877     95.251     36.103  30.896617     3.5329      7.551   229.9898 3.6862e+02    60.6754     -0.327     -0.475    17.9509 0.0000e+00
     -0.335     -0.058     9.2180     94.818     36.166  30.905403     1.3816      7.559   230.4688 3.6952e+02    24.2101     -0.341     -0.495    17.9608 0.0000e+00
     -0.324     -0.034     9.1519     93.993     36.155  30.862316     0.2016      7.567   228.3340 3.7175e+02     4.2787     -0.315     -0.458    17.9308 0.0000e+00
     -0.310     -0.023     9.0914     91.836     35.913  30.629197     0.0931      7.582   221.2130 3.7313e+02     2.4401     -0.299     -0.434    17.8613 0.0000e+00
     -0.305     -0.036     9.0473     87.878     33.253  28.340339     0.0443      7.601   216.2989 3.7546e+02     1.9793     -0.299     -0.433    17.7806 0.0000e+00
     -0.306     -0.071     9.0350     82.641     23.834  20.301698    -0.0462      7.617   221.0575 3.7325e+02     1.3382     -0.295     -0.427    17.7162 0.0000e+00
     -0.325     -0.111     9.0053     77.076     11.569   9.848974    -0.0942      7.626   226.1795 3.6316e+02     0.9742     -0.307     -0.446    17.6735 0.0000e+00
     -0.369     -0.138     8.8292     71.979      5.762   4.900648    -0.0870      7.626   226.8628 3.5081e+02     0.9251     -0.358     -0.519    17.6389 0.0000e+00
     -0.429     -0.147     8.4301     67.796      5.287   4.494567    -0.0839      7.622   227.5115 3.3440e+02     0.6762     -0.417     -0.606    17.6055 0.0000e+00
     -0.491     -0.138     7.9007     64.762      5.215   4.432595    -0.0897      7.619   228.5167 3.1520e+02     0.1851     -0.488     -0.708    17.5748 0.0000e+00
     -0.534     -0.114     7.3462     63.015      4.959   4.214662    -0.0910      7.615   226.9712 2.9901e+02    -0.1283     -0.539     -0.782    17.5447 0.0000e+00
     -0.549     -0.080     6.8496     62.455      4.647   3.948877    -0.0914      7.611   225.1731 2.8850e+02    -0.1400     -0.540     -0.784    17.5192 0.0000e+00
     -0.549     -0.045     6.4467     62.744      4.341   3.688176    -0.1026      7.607   226.6497 2.8581e+02    -0.1271     -0.538     -0.779    17.5049 0.0000e+00
     -0.549     -0.018     6.1491     63.491      4.083   3.468371    -0.1264      7.600   226.9290 2.8885e+02    -0.2460     -0.539     -0.782    17.4965 0.0000e+00
     -0.549     -0.004     5.9872     64.372      3.906   3.317158    -0.1459      7.591   226.0550 2.9109e+02    -0.3142     -0.539     -0.781    17.4890 0.0000e+00
     -0.549 -9.194e-10     5.9475     65.177      3.831   3.252687    -0.1471      7.586   226.4933 2.8764e+02    -0.2692     -0.540     -0.782    17.4811 0.0000e+00
     -0.549 -1.011e-08     5.9903     65.840      3.839   3.258637    -0.1500      7.586   228.1845 2.8029e+02    -0.2812     -0.539     -0.781    17.4734 0.0000e+00
     -0.549 -1.113e-07     6.0731     66.362      3.994   3.389109    -0.1643      7.586   230.7584 2.7226e+02    -0.3231     -0.539     -0.782    17.4652 0.0000e+00
     -0.549 -1.113e-07     6.1671     66.768      4.277   3.627327    -0.1612      7.586   232.3180 2.6418e+02    -0.2976     -0.539     -0.782    17.4553 0.0000e+00
     -0.549 -1.011e-08     6.2460     67.100      4.477   3.796433    -0.1457      7.586   232.6734 2.5730e+02    -0.2462     -0.539     -0.781    17.4439 0.0000e+00
     -0.549 -9.195e-10     6.3109     67.380      4.319   3.661053    -0.1441      7.586   233.5071 2.5258e+02    -0.2819     -0.539     -0.782    17.4326 0.0000e+00
     -0.549 -8.360e-11     6.3623     67.604      4.142   3.509892    -0.1408      7.586   235.1706 2.4907e+02    -0.3875     -0.539     -0.781    17.4192 0.0000e+00
     -0.549 -7.600e-12     6.4008     67.769      4.417   3.741434    -0.1224      7.589   236.3524 2.4903e+02    -0.3967     -0.539     -0.781    17.4024 0.0000e+00
     -0.549 -6.910e-13     6.4344     67.899      4.638   3.928189    -0.1048      7.591   236.8692 2.5213e+02    -0.3246     -0.539     -0.781    17.3888 0.0000e+00
     -0.549 -6.280e-14     6.4622     68.020      4.420   3.742016    -0.0945      7.594   237.1173 2.5183e+02    -0.3006     -0.539     -0.781    17.3792 0.0000e+00
     -0.549 -5.710e-15     6.4864     68.129      4.006   3.389750    -0.1069      7.599   236.6854 2.4820e+02    -0.3112     -0.538     -0.781    17.3686 0.0000e+00
     -0.549 -5.191e-16     6.5021     68.225      3.576   3.024415    -0.1378      7.604   235.0889 2.4798e+02    -0.3170     -0.538     -0.781    17.3561 0.0000e+00
     -0.549 -4.784e-17     6.5153     68.325      3.246   2.743471    -0.1517      7.608   233.5593 2.5004e+02    -0.3030     -0.538     -0.781    17.3441 0.0000e+00
     -0.550 -1.147e-17     6.5292     68.425      3.139   2.651821    -0.1585      7.610   233.2473 2.4429e+02    -0.2789     -0.539     -0.782    17.3299 0.0000e+00
     -0.550 -7.940e-17     6.5430     68.517      3.093   2.612671    -0.1612      7.611   234.5858 2.2635e+02    -0.2643     -0.539     -0.782    17.3084 0.0000e+00
     -0.550 -8.691e-16     6.5544     68.618      2.988   2.523345    -0.1440      7.611   236.9237 2.0858e+02    -0.2623     -0.539     -0.782    17.2814 0.0000e+00
     -0.550 -9.560e-15     6.5682     68.713      2.912   2.458087    -0.1338      7.611   237.6812 2.0306e+02    -0.2888     -0.538     -0.780    17.2553 0.0000e+00
     -0.550 -1.052e-13     6.5817     68.788      2.836   2.393405    -0.1450      7.611   237.3783 2.0712e+02    -0.3456     -0.539     -0.781    17.2357 0.0000e+00
     -0.550 -1.157e-12     6.5901     68.850      2.814   2.374345    -0.1377      7.610   237.5629 2.1910e+02    -0.3682     -0.539     -0.782    17.2215 0.0000e+00
     -0.550 -1.272e-11     6.6032     68.884      2.941   2.480862    -0.1046      7.609   237.4189 2.4046e+02    -0.3232     -0.539     -0.781    17.2100 0.0000e+00
     -0.550 -1.400e-10     6.6144     68.912      3.014   2.541767    -0.0860      7.607   237.0137 2.7261e+02    -0.2799     -0.539     -0.782    17.1995 0.0000e+00
     -0.550 -1.540e-09     6.6213     68.942      2.863   2.414357    -0.0872      7.605   236.7930 3.1532e+02    -0.2888     -0.539     -0.782    17.1900 0.0000e+00
     -0.550 -1.694e-08     6.6309     68.947      2.692   2.269809    -0.0949      7.605   236.9015 3.5342e+02    -0.3285     -0.540     -0.783    17.1814 0.0000e+00
     -0.550 -1.863e-07     6.6333     68.957      2.594   2.186795    -0.0788      7.605   237.7236 3.7485e+02    -0.1446     -0.539     -0.782    17.1729 0.0000e+00
     -0.550 -1.863e-07     6.6362     68.989      2.500   2.107014    -0.0334      7.604   238.3872 3.8746e+02     0.2261     -0.539     -0.782    17.1649 0.0000e+00
     -0.550 -1.693e-08     6.6434     69.015      2.451   2.064842    -0.0130      7.600   240.1066 3.9405e+02     0.3616     -0.540     -0.783    17.1569 0.0000e+00
     -0.550 -1.539e-09     6.6421     69.031      2.441   2.056734    -0.0228      7.595   246.7253 3.8903e+02     0.3321     -0.539     -0.782    17.1489 0.0000e+00
     -0.550 -1.400e-10     6.6432     69.045      2.386   2.008979    -0.0523      7.590   255.0024 3.8133e+02     0.2113     -0.539     -0.782    17.1404 0.0000e+00
     -0.550 -1.272e-11     6.6502     69.062      2.293   1.930574    -0.1113      7.587   260.3401 3.7795e+02    -0.1082     -0.539     -0.782    17.1310 0.0000e+00
     -0.550 -1.157e-12     6.6536     69.084      2.220   1.868418    -0.1540      7.587   267.8989 3.7206e+02    -0.3534     -0.540     -0.783    17.1207 0.0000e+00
     -0.550 -1.052e-13     6.6561     69.107      2.171   1.827201    -0.1522      7.588   285.9959 3.6904e+02    -0.3623     -0.539     -0.782    17.1096 0.0000e+00
     -0.550 -9.560e-15     6.6593     69.135      2.154   1.812045    -0.1725      7.592   324.1923 3.7669e+02    -0.3187     -0.540     -0.783    17.0986 0.0000e+00
     -0.550 -8.690e-16     6.6617     69.165      2.154   1.811778    -0.2340      7.599   379.1188 3.9215e+02    -0.3391     -0.540     -0.783    17.0876 0.0000e+00
     -0.550 -7.846e-17     6.6661     69.183      2.169   1.823979    -0.2626      7.605   438.3459 4.0474e+02    -0.3355     -0.540     -0.783    17.0771 0.0000e+00
     -0.550 -1.279e-18     6.6692     69.214      2.180   1.832956    -0.2604      7.613   514.5157 4.0945e+02    -0.2409     -0.539     -0.782    17.0672 0.0000e+00
     -0.550 6.4259e-17     6.6731     69.259      2.134   1.793707    -0.2244      7.628   644.8925 4.1242e+02    -0.1175     -0.540     -0.783    17.0574 0.0000e+00
     -0.551 7.1398e-16     6.6791     69.294      2.058   1.729242    -0.1436      7.665   830.6494 4.0482e+02    -0.0737     -0.540     -0.783    17.0483 0.0000e+00
     -0.551 7.8544e-15     6.6798     69.310      2.008   1.686570    -0.0987      7.743  1000.8111 3.9224e+02    -0.1207     -0.541     -0.784    17.0397 0.0000e+00
     -0.551 8.6398e-14     6.6837     69.314      1.973   1.657587    -0.0894      8.187   828.4533 4.0064e+02    -0.1395     -0.540     -0.784    17.0315 0.0000e+00
     -0.551 9.5038e-13     6.6916     69.338      1.943   1.632027    -0.0817      9.107   394.0799 4.2319e+02    -0.1293     -0.540     -0.783    17.0229 0.0000e+00
     -0.551 1.0454e-11     6.6951     69.383      1.942   1.630746    -0.0467      9.570   282.5061 4.3784e+02    -0.1687     -0.540     -0.784    17.0136 0.0000e+00
     -0.551 1.1500e-10     6.6992     69.416      1.957   1.642101     0.0346      9.406   305.4015 4.4936e+02    -0.2401     -0.540     -0.783    17.0046 0.0000e+00
     -0.551 1.2650e-09     6.6983     69.454      1.958   1.642710     0.0941      9.639    48.8421 4.7297e+02    -0.2412     -0.539     -0.782    16.9949 0.0000e+00
     -0.551 1.3915e-08     6.7019     69.493      1.953   1.638106     0.1313      9.687  -348.9140 5.0795e+02     0.1251     -0.540     -0.783    16.9843 0.0000e+00
     -0.551 1.5306e-07     6.7111     69.514      1.892   1.586426     0.4757      8.769  -605.3955 5.3709e+02     4.1886     -0.540     -0.784    16.9732 0.0000e+00
     -0.551 2.8061e-07     6.7132     69.533      1.818   1.524293     1.1290      7.924  -617.6009 5.4289e+02    11.7253     -0.540     -0.783    16.9613 0.0000e+00
     -0.551 1.5306e-07     6.7193     69.563      1.813   1.519900     1.5055      7.634  -530.4739 5.2213e+02    15.8941     -0.540     -0.783    16.9497 0.0000e+00
     -0.551 1.3914e-08     6.7259     69.586      1.830   1.533312     1.5899      7.547  -476.2698 4.8426e+02    16.2326     -0.540     -0.783    16.9386 0.0000e+00
     -0.551 1.2649e-09     6.7283     69.601      1.861   1.559843     2.0245      7.537  -453.5942 4.5379e+02    15.7164     -0.540     -0.783    16.9284 0.0000e+00
     -0.551 1.1499e-10     6.7305     69.635      2.046   1.714073     2.8147      7.523  -423.2207 4.4741e+02    14.7421     -0.540     -0.783    16.9189 0.0000e+00
     -0.551 1.0454e-11     6.7359     69.693      2.394   2.005397     3.2464      7.506  -393.3867 4.5494e+02    14.1876     -0.540     -0.783    16.9099 0.0000e+00
     -0.551 9.5040e-13     6.7400     69.745      2.667   2.233494     3.2325      7.490  -373.7920 4.6536e+02    13.8283     -0.540     -0.784    16.9012 0.0000e+00
     -0.551 8.6400e-14     6.7406     69.754      2.771   2.319581     2.5049      7.465  -353.9068 4.6777e+02    10.7393     -0.540     -0.783    16.8927 0.0000e+00
     -0.550 7.8545e-15     6.7453     69.719      2.807   2.349897     1.1485      7.443  -320.3895 4.6616e+02     5.1911     -0.539     -0.782    16.8835 0.0000e+00
     -0.550 7.1405e-16     6.7534     69.684      2.804   2.346820     0.4075      7.427  -273.8901 4.7584e+02     2.2207     -0.540     -0.783    16.8735 0.0000e+00
     -0.550 6.4910e-17     6.7613     69.667      2.727   2.282375     0.3206      7.413  -229.7986 4.8699e+02     1.9137     -0.540     -0.783    16.8653 0.0000e+00
     -0.550 5.9010e-18     6.7635     69.644      2.634   2.203760     0.2062      7.415  -198.6365 4.9288e+02     1.3758     -0.539     -0.782    16.8582 0.0000e+00
     -0.550 5.3645e-19     6.7585     69.617      2.577   2.155968     0.0321      7.433  -178.6325 5.0303e+02     0.4995     -0.540     -0.783    16.8517 0.0000e+00
     -0.550 4.8770e-20     6.7553     69.621      2.492   2.084366    -0.0622      7.455  -164.4850 5.2255e+02    -0.0048     -0.540     -0.783    16.8457 0.0000e+00
     -0.550 4.4336e-21     6.7560     69.661      2.357   1.971082    -0.0766      7.476  -158.3600 5.4371e+02    -0.1100     -0.540     -0.783    16.8398 0.0000e+00
     -0.550 4.0305e-22     6.7547     69.708      2.227   1.862452    -0.0752      7.497  -160.9314 5.5657e+02    -0.0898     -0.539     -0.782    16.8340 0.0000e+00
