Data/DataNotYetUploadedToEDI/Raw_CTD/RawDownloads/052522_fcr50_0001.cnv
* Sea-Bird SBE19plus  Data File:
* FileName = C:\R\Reservoirs\Data\DataNotYetUploadedToEDI\Raw_CTD\RawDownloads\052522_fcr50_0001.hex
* Software version 2.8.0.119
* Temperature SN = 7809
* Conductivity SN = 7809
* System UpLoad Time = May 25 2022 21:27:52
* <ApplicationData>
* <Seaterm232>
# nquan = 15
# nvalues = 1671                        
# units = specified
# name 0 = depFM: Depth [fresh water, m]
# name 1 = dz/dtM: Descent Rate [m/s]
# name 2 = sbeox0Mg/L: Oxygen, SBE 43 [mg/l]
# name 3 = sbeox0PS: Oxygen, SBE 43 [% saturation]
# name 4 = specc: Specific Conductance [uS/cm]
# name 5 = c0uS/cm: Conductivity [uS/cm]
# name 6 = flECO-AFL: Fluorescence, WET Labs ECO-AFL/FL [mg/m^3]
# name 7 = ph: pH
# name 8 = orp: Oxidation Reduction Potential [mV]
# name 9 = par/sat/log: PAR/Logarithmic, Satlantic
# name 10 = turbWETntu0: Turbidity, WET Labs ECO [NTU]
# name 11 = prdM: Pressure, Strain Gauge [db]
# name 12 = prdE: Pressure, Strain Gauge [psi]
# name 13 = tv290C: Temperature [ITS-90, deg C]
# name 14 = flag:  0.000e+00
# span 0 =     -0.568,      9.707       
# span 1 =     -0.510,      0.205       
# span 2 =     0.0598,     9.9839       
# span 3 =      0.540,    108.294       
# span 4 =      1.472,    289.720       
# span 5 =   1.225711, 198.159240       
# span 6 =    -0.2626,    60.5105       
# span 7 =     -2.372,      9.687       
# span 8 = -1240.7455,  1000.8111       
# span 9 = 1.2355e-01, 1.8209e+03       
# span 10 =    -0.3967,    82.1274      
# span 11 =     -0.557,      9.520      
# span 12 =     -0.808,     13.808      
# span 13 =     9.1277,    24.6104      
# span 14 = 0.0000e+00, 0.0000e+00      
# interval = seconds: 0.25
# start_time = May 25 2022 09:57:51 [Instrument's time stamp, header]
# bad_flag = -9.990e-29
*END*
[from data line 193]
      0.345      0.076     9.5774     99.898     35.806  31.817799     4.1192      8.825   230.8481 2.6615e+02     7.7687      0.338      0.490    19.5304 0.0000e+00
      0.358      0.078     9.4871     99.888     35.758  31.758561     4.1252      8.811   231.7037 2.6014e+02     7.5467      0.349      0.506    19.4974 0.0000e+00
      0.376      0.080     9.3447    100.138     35.663  31.670458     4.1247      8.799   232.1370 2.5235e+02     7.5422      0.367      0.532    19.4915 0.0000e+00
      0.401      0.079     9.2167    100.439     35.627  31.640127     4.1308      8.788   232.5591 2.4173e+02     7.5777      0.391      0.566    19.4637 0.0000e+00
      0.430      0.075     9.1613    100.840     35.704  31.708832     4.1157      8.777   232.7640 2.3209e+02     7.5659      0.425      0.616    19.4211 0.0000e+00
      0.454      0.066     9.1862    101.219     35.674  31.676974     4.0833      8.765   232.2906 2.2649e+02     7.5363      0.451      0.653    19.3958 0.0000e+00
      0.468      0.053     9.2160    101.302     35.572  31.571920     4.0640      8.752   232.3431 2.2234e+02     7.5274      0.459      0.667    19.3958 0.0000e+00
      0.477      0.038     9.2352    101.009     35.528  31.516393     4.0733      8.738   233.6556 2.1876e+02     7.5601      0.468      0.679    19.3987 0.0000e+00
      0.482      0.024     9.2753    100.415     35.536  31.512765     4.1628      8.726   235.3405 2.1763e+02     7.6249      0.475      0.688    19.4053 0.0000e+00
      0.485      0.013     9.3258     99.559     35.550  31.528042     4.3054      8.717   236.7979 2.1817e+02     7.6621      0.475      0.689    19.3988 0.0000e+00
      0.486      0.008     9.3386     98.473     35.519  31.510912     4.3660      8.708   237.8546 2.1841e+02     7.6346      0.476      0.691    19.3743 0.0000e+00
      0.487      0.005     9.3117     97.258     35.494  31.495871     4.3626      8.698   238.3078 2.1802e+02     7.5991      0.477      0.692    19.3469 0.0000e+00
      0.487      0.004     9.2615     96.138     35.528  31.536385     4.4476      8.689   238.4926 2.1780e+02     7.7111      0.478      0.693    19.3257 0.0000e+00
      0.487      0.005     9.1802     95.331     35.523  31.556989     4.6116      8.680   238.8849 2.1813e+02     7.9305      0.478      0.693    19.3321 0.0000e+00
      0.488      0.005     9.0730     94.841     35.422  31.491431     4.6887      8.670   239.2652 2.1759e+02     7.9969      0.477      0.692    19.3601 0.0000e+00
      0.490      0.006     8.9522     94.543     35.355  31.441141     4.6896      8.660   239.1333 2.1539e+02     7.9329      0.479      0.695    19.3641 0.0000e+00
      0.493      0.007     8.8395     94.379     35.368  31.456123     4.7053      8.651   238.9246 2.1282e+02     7.8746      0.484      0.702    19.3620 0.0000e+00
      0.495      0.008     8.7572     94.347     35.328  31.418987     4.7287      8.645   238.5480 2.1050e+02     7.8036      0.486      0.704    19.4149 0.0000e+00
      0.496      0.010     8.7102     94.379     35.224  31.309127     4.7478      8.639   237.4195 2.0798e+02     7.7578      0.486      0.705    19.4629 0.0000e+00
      0.499      0.018     8.6851     94.409     35.136  31.205547     4.7530      8.632   236.6371 2.0613e+02     7.7658      0.488      0.709    19.4568 0.0000e+00
      0.501      0.038     8.6669     94.441     35.199  31.244337     4.7575      8.618   237.2617 2.0601e+02     7.9676      0.491      0.714    19.4660 0.0000e+00
      0.503      0.066     8.6652     94.532     35.442  31.461105     4.7779      8.594   238.8631 2.0512e+02     8.3200      0.492      0.715    19.4762 0.0000e+00
      0.511      0.092     8.6774     94.889     35.576  31.607550     4.7998      8.565   240.4259 1.9806e+02     8.5079      0.493      0.717    19.4418 0.0000e+00
      0.540      0.107     8.6868     95.951     35.538  31.620288     4.8145      8.540   241.2733 1.8039e+02     8.5317      0.515      0.748    19.3966 0.0000e+00
      0.596      0.111     8.6934     97.905     35.574  31.678577     4.8059      8.520   241.5369 1.5969e+02     8.4709      0.584      0.846    19.3688 0.0000e+00
      0.651      0.105     8.6985    100.229     35.660  31.741765     4.7461      8.504   241.5484 1.4879e+02     8.2504      0.654      0.948    19.3657 0.0000e+00
      0.676      0.090     8.7068    102.215     35.698  31.750287     4.6733      8.491   241.4984 1.4639e+02     7.9495      0.671      0.974    19.4019 0.0000e+00
      0.681      0.065     8.7736    103.549     35.748  31.781574     4.6416      8.480   241.5346 1.4614e+02     7.8054      0.668      0.969    19.4964 0.0000e+00
      0.682      0.040     8.9681    104.173     35.778  31.803039     4.6376      8.470   241.9004 1.4600e+02     7.8059      0.669      0.970    19.5507 0.0000e+00
      0.686      0.026     9.2187    104.131     35.799  31.819627     4.6497      8.461   242.3938 1.4498e+02     7.8529      0.672      0.973    19.5052 0.0000e+00
      0.691      0.025     9.4158    103.514     35.838  31.855332     4.6805      8.451   242.6822 1.4361e+02     7.9635      0.679      0.984    19.4545 0.0000e+00
      0.697      0.028     9.5420    102.409     35.828  31.854350     4.7103      8.441   243.2357 1.4150e+02     8.0510      0.683      0.989    19.4447 0.0000e+00
      0.707      0.030     9.5986    100.974     35.834  31.871161     4.7178      8.431   243.9234 1.3789e+02     8.0562      0.690      1.001    19.4407 0.0000e+00
      0.720      0.028     9.5920     99.430     35.894  31.931820     4.7051      8.422   244.0286 1.3496e+02     7.8560      0.709      1.027    19.4337 0.0000e+00
      0.730      0.023     9.5334     97.915     35.922  31.953786     4.6898      8.414   243.8192 1.3402e+02     7.4748      0.719      1.042    19.4367 0.0000e+00
      0.734      0.018     9.4251     96.498     35.921  31.946536     4.6913      8.407   244.0582 1.3366e+02     7.2723      0.720      1.044    19.4465 0.0000e+00
      0.735      0.012     9.2791     95.204     35.949  31.970952     4.7056      8.402   244.4242 1.3340e+02     7.2868      0.721      1.045    19.4704 0.0000e+00
      0.735      0.006     9.1318     94.025     35.970  31.995412     4.7306      8.396   244.2863 1.3324e+02     7.3426      0.720      1.045    19.4827 0.0000e+00
      0.736      0.002     8.9929     92.972     35.955  31.988678     4.7684      8.389   244.0254 1.3310e+02     7.3998      0.721      1.047    19.4717 0.0000e+00
      0.736      0.001     8.8627     92.007     35.980  32.016343     4.7886      8.383   243.8509 1.3315e+02     7.4327      0.722      1.047    19.4606 0.0000e+00
      0.736      0.001     8.7468     91.095     36.041  32.076322     4.7913      8.378   243.5530 1.3313e+02     7.5009      0.721      1.046    19.4586 0.0000e+00
      0.736      0.001     8.6338     90.301     36.038  32.079887     4.8007      8.374   243.3490 1.3303e+02     7.5764      0.721      1.046    19.4699 0.0000e+00
      0.736      0.001     8.5370     89.645     36.008  32.059442     4.8109      8.369   242.3308 1.3307e+02     7.5590      0.722      1.047    19.4810 0.0000e+00
      0.736      0.001     8.4513     89.049     36.026  32.082742     4.8064      8.365   239.8456 1.3302e+02     7.4947      0.722      1.047    19.4860 0.0000e+00
      0.736      0.001     8.3605     88.432     36.046  32.108019     4.7967      8.361   237.7359 1.3277e+02     7.4823      0.722      1.047    19.4947 0.0000e+00
      0.737      0.001     8.2857     87.773     36.040  32.111470     4.7937      8.356   237.1283 1.3264e+02     7.5124      0.723      1.048    19.5048 0.0000e+00
      0.737      0.001     8.2278     87.132     36.042  32.124470     4.7695      8.351   237.6614 1.3269e+02     7.4826      0.723      1.048    19.5126 0.0000e+00
      0.737      0.001     8.1737     86.541     36.042  32.138425     4.7200      8.346   238.7611 1.3272e+02     7.3946      0.723      1.048    19.5227 0.0000e+00
      0.737      0.001     8.1175     85.950     36.041  32.153418     4.6873      8.341   239.6696 1.3257e+02     7.3369      0.722      1.048    19.5327 0.0000e+00
      0.737      0.001     8.0515     85.320     36.054  32.178975     4.6816      8.336   240.2147 1.3229e+02     7.3657      0.723      1.048    19.5428 0.0000e+00
      0.737      0.001     7.9889     84.663     36.060  32.193845     4.6926      8.332   240.6194 1.3204e+02     7.5037      0.723      1.048    19.5586 0.0000e+00
      0.738      0.001     7.9343     83.985     36.067  32.206430     4.7116      8.327   240.8630 1.3204e+02     7.6737      0.723      1.049    19.5776 0.0000e+00
      0.738      0.001     7.8785     83.305     36.056  32.204342     4.7116      8.323   240.8365 1.3224e+02     7.7473      0.724      1.051    19.6013 0.0000e+00
      0.738      0.002     7.8150     82.640     36.006  32.168610     4.6933      8.321   240.4710 1.3230e+02     7.7438      0.724      1.050    19.6236 0.0000e+00
      0.738      0.005     7.7538     82.007     35.979  32.154801     4.7073      8.318   239.7137 1.3217e+02     7.7689      0.724      1.050    19.6356 0.0000e+00
      0.738      0.007     7.6902     81.518     35.974  32.164196     4.7478      8.314   238.9935 1.3204e+02     7.8112      0.724      1.050    19.6430 0.0000e+00
      0.739      0.009     7.6246     81.287     35.946  32.155420     4.7588      8.313   238.9049 1.3109e+02     7.8110      0.724      1.050    19.6515 0.0000e+00
      0.744      0.012     7.5643     81.467     35.951  32.175518     4.7480      8.312   239.2435 1.2956e+02     7.8009      0.728      1.056    19.6659 0.0000e+00
      0.749      0.014     7.4974     82.242     35.989  32.217023     4.7505      8.311   239.3887 1.2895e+02     7.8254      0.736      1.067    19.6804 0.0000e+00
      0.754      0.016     7.4476     83.558     35.982  32.213461     4.7801      8.309   238.8535 1.2846e+02     7.8347      0.740      1.073    19.6968 0.0000e+00
      0.756      0.017     7.4203     85.321     35.954  32.195856     4.8147      8.307   237.5906 1.2741e+02     7.8107      0.740      1.075    19.7220 0.0000e+00
      0.760      0.017     7.4202     87.549     35.944  32.194366     4.8196      8.306   236.5946 1.2650e+02     7.8086      0.745      1.081    19.7513 0.0000e+00
      0.765      0.016     7.4954     89.997     35.942  32.195451     4.8224      8.305   236.4476 1.2523e+02     7.7754      0.749      1.086    19.7577 0.0000e+00
      0.770      0.014     7.6237     92.210     35.953  32.208989     4.8484      8.302   236.4156 1.2370e+02     7.6823      0.754      1.093    19.7508 0.0000e+00
      0.775      0.012     7.7730     93.916     35.973  32.231250     4.8676      8.298   236.1221 1.2300e+02     7.6059      0.761      1.104    19.7713 0.0000e+00
      0.778      0.012     7.9841     95.095     35.944  32.211016     4.8707      8.296   235.9101 1.2272e+02     7.5684      0.763      1.108    19.7836 0.0000e+00
      0.779      0.019     8.2283     95.873     35.809  32.091142     4.8620      8.294   235.8301 1.2258e+02     7.5705      0.764      1.107    19.7798 0.0000e+00
      0.779      0.040     8.4353     96.358     35.710  31.986467     4.8541      8.288   236.0163 1.2269e+02     7.7671      0.764      1.108    19.7884 0.0000e+00
      0.780      0.073     8.5922     96.847     35.795  32.023176     4.8583      8.278   236.4401 1.2229e+02     8.1355      0.763      1.107    19.7944 0.0000e+00
      0.787      0.105     8.6892     97.807     35.755  31.964335     4.8623      8.266   236.4800 1.1898e+02     8.3011      0.763      1.107    19.8042 0.0000e+00
      0.819      0.125     8.7602     99.509     35.545  31.782171     4.8603      8.256   236.0688 1.0818e+02     8.2324      0.787      1.141    19.8108 0.0000e+00
      0.884      0.132     8.7982    101.927     35.577  31.786037     4.8261      8.247   235.5122 9.3078e+01     8.1249      0.866      1.255    19.8008 0.0000e+00
      0.952      0.126     8.8345    104.542     35.686  31.820858     4.7741      8.242   235.0837 8.4443e+01     8.0608      0.952      1.381    19.7193 0.0000e+00
      0.985      0.108     8.9298    106.657     35.594  31.695916     4.7563      8.238   235.0183 8.3130e+01     8.0715      0.975      1.414    19.6577 0.0000e+00
      0.991      0.081     9.0654    107.929     35.590  31.670089     4.7520      8.234   235.2376 8.3132e+01     8.0842      0.971      1.408    19.7338 0.0000e+00
      0.992      0.053     9.3141    108.294     35.720  31.762153     4.7635      8.231   235.4131 8.2735e+01     8.0777      0.973      1.412    19.6998 0.0000e+00
      0.995      0.033     9.6100    107.764     35.697  31.731234     4.8120      8.229   235.5046 8.1877e+01     8.0611      0.973      1.412    19.5543 0.0000e+00
      1.003      0.026     9.8203    106.497     35.627  31.676632     4.8565      8.227   235.5697 7.9908e+01     8.0537      0.980      1.421    19.5080 0.0000e+00
      1.016      0.025     9.9393    104.833     35.692  31.735966     4.8849      8.225   235.4262 7.7780e+01     8.0908      0.998      1.447    19.4988 0.0000e+00
      1.027      0.023     9.9839    103.082     35.727  31.751261     4.9299      8.224   235.3179 7.6955e+01     8.2024      1.011      1.466    19.4468 0.0000e+00
      1.032      0.018     9.9370    101.454     35.658  31.671340     4.9850      8.222   235.4648 7.6746e+01     8.3779      1.013      1.469    19.4212 0.0000e+00
      1.033      0.012     9.7976    100.024     35.659  31.657205     5.0098      8.221   235.7400 7.6538e+01     8.5049      1.013      1.469    19.4613 0.0000e+00
      1.033      0.006     9.6354     98.691     35.731  31.707130     5.0135      8.220   236.3217 7.6484e+01     8.5428      1.013      1.468    19.4640 0.0000e+00
      1.033      0.002     9.4735     97.338     35.747  31.704383     4.9555      8.219   236.9055 7.6436e+01     8.3579      1.012      1.469    19.4312 0.0000e+00
      1.033      0.001     9.3254     95.966     35.745  31.687368     4.8245      8.218   236.8625 7.6339e+01     7.9768      1.013      1.470    19.4036 0.0000e+00
      1.033      0.002     9.2026     94.577     35.760  31.691570     4.7444      8.217   236.4908 7.6250e+01     7.7946      1.013      1.469    19.3838 0.0000e+00
      1.033      0.003     9.0886     93.153     35.766  31.691787     4.7444      8.216   235.8527 7.6220e+01     7.8293      1.013      1.470    19.3682 0.0000e+00
      1.033      0.006     8.9671     91.800     35.771  31.689983     4.7656      8.215   234.9976 7.6168e+01     7.8840      1.013      1.470    19.3388 0.0000e+00
      1.034      0.008     8.8441     90.622     35.755  31.669745     4.7843      8.214   234.9281 7.5993e+01     8.0120      1.013      1.470    19.3143 0.0000e+00
      1.036      0.010     8.7218     89.660     35.719  31.637276     4.7963      8.213   235.4419 7.5345e+01     8.1808      1.016      1.474    19.3067 0.0000e+00
      1.041      0.012     8.5850     88.988     35.689  31.614396     4.7942      8.213   235.3597 7.4475e+01     8.2516      1.021      1.481    19.3009 0.0000e+00
      1.045      0.013     8.4579     88.627     35.653  31.583302     4.7927      8.212   234.6224 7.3895e+01     8.2531      1.025      1.487    19.2907 0.0000e+00
      1.049      0.016     8.3524     88.578     35.651  31.578316     4.8111      8.210   233.4102 7.3330e+01     8.1988      1.028      1.492    19.2815 0.0000e+00
      1.053      0.019     8.2592     88.853     35.619  31.554104     4.8172      8.209   232.3186 7.2939e+01     8.0733      1.033      1.499    19.2764 0.0000e+00
      1.055      0.023     8.1957     89.407     35.516  31.480758     4.8000      8.208   232.2651 7.2587e+01     8.0000      1.033      1.500    19.2892 0.0000e+00
      1.059      0.027     8.1636     90.307     35.466  31.452293     4.7945      8.207   232.8486 7.1540e+01     7.9959      1.036      1.503    19.2910 0.0000e+00
