Data/DataNotYetUploadedToEDI/Raw_CTD/RawDownloads/052526_fcr50_S7809001.cnv
* Sea-Bird SBE19plus  Data File:
* FileName = C:\R\Reservoirs\Data\DataNotYetUploadedToEDI\Raw_CTD\RawDownloads\062926_fcr50_S7809_0001.hex
* Software version 2.8.0.119
* Temperature SN = 7809
* Conductivity SN = 7809
* System UpLoad Time = Jun 30 2026 08:58:25
* <ApplicationData>
* <Seaterm232>
# nquan = 15
# nvalues = 1780                        
# units = specified
# name 0 = depFM: Depth [fresh water, m]
# name 1 = dz/dtM: Descent Rate [m/s]
# name 2 = sbeox0Mg/L: Oxygen, SBE 43 [mg/l]
# name 3 = sbeox0PS: Oxygen, SBE 43 [% saturation]
# name 4 = specc: Specific Conductance [uS/cm]
# name 5 = c0uS/cm: Conductivity [uS/cm]
# name 6 = flECO-AFL: Fluorescence, WET Labs ECO-AFL/FL [mg/m^3]
# name 7 = ph: pH
# name 8 = orp: Oxidation Reduction Potential [mV]
# name 9 = par/sat/log: PAR/Logarithmic, Satlantic
# name 10 = turbWETntu0: Turbidity, WET Labs ECO [NTU]
# name 11 = prdM: Pressure, Strain Gauge [db]
# name 12 = prdE: Pressure, Strain Gauge [psi]
# name 13 = tv290C: Temperature [ITS-90, deg C]
# name 14 = flag:  0.000e+00
# span 0 =     -0.622,      9.542       
# span 1 =     -0.348,      0.277       
# span 2 =    -0.1346,    10.0202       
# span 3 =     -1.151,    108.123       
# span 4 =      1.024,    153.259       
# span 5 =   0.919633, 103.825994       
# span 6 =    -0.0503,    14.0703       
# span 7 =      8.934,     12.258       
# span 8 =  -197.6732,   131.4602       
# span 9 = 1.2359e-01, 2.4983e+02       
# span 10 =    -0.1209,    49.2009      
# span 11 =     -0.610,      9.358      
# span 12 =     -0.885,     13.572      
# span 13 =     8.8526,    19.9307      
# span 14 = 0.0000e+00, 0.0000e+00      
# interval = seconds: 0.25
# start_time = May 25 2026 12:15:19 [Instrument's time stamp, header]
# bad_flag = -9.990e-29
*END*
[from data line 193]
      0.799 -3.846e-18     9.7521    102.750     36.488  31.836422    14.0016     12.123    14.1625 2.9037e+01     5.9922      0.784      1.137    18.6844 0.0000e+00
      0.799 -3.496e-19     9.6907    102.545     36.453  31.797004    13.9562     12.123    14.3331 2.9019e+01     5.8872      0.784      1.137    18.6791 0.0000e+00
      0.799 -3.178e-20     9.6453    102.353     36.437  31.775145    13.9542     12.123    13.9611 2.9035e+01     5.8759      0.784      1.137    18.6600 0.0000e+00
      0.800 -2.889e-21     9.6164    102.201     36.435  31.762434    13.9112     12.123    13.6230 2.9052e+01     5.8208      0.784      1.138    18.6363 0.0000e+00
      0.800 -2.627e-22     9.6045    102.040     36.460  31.770175    13.7936     12.123    13.5145 2.9058e+01     5.6655      0.784      1.138    18.6207 0.0000e+00
      0.799 -2.388e-23     9.5871    101.837     36.515  31.805277    13.7145     12.123    14.1978 2.9063e+01     5.5696      0.784      1.137    18.6088 0.0000e+00
      0.799 -2.171e-24     9.5676    101.610     36.522  31.806210    13.6865     12.124    15.4319 2.9072e+01     5.5492      0.784      1.137    18.5997 0.0000e+00
      0.799 -1.973e-25     9.5598    101.350     36.496  31.781446    13.5218     12.126    16.0460 2.9079e+01     5.6921      0.784      1.137    18.5870 0.0000e+00
      0.799 -1.794e-26     9.5509    101.067     36.475  31.759603    13.2211     12.126    15.9449 2.9064e+01     5.8964      0.784      1.137    18.5612 0.0000e+00
      0.799 -1.631e-27     9.5335    100.804     36.451  31.732418    13.0395     12.126    15.5863 2.9048e+01     5.8684      0.784      1.137    18.5413 0.0000e+00
      0.799 -1.483e-28     9.5146    100.575     36.432  31.706502    12.9988     12.127    15.3235 2.9045e+01     5.8312      0.784      1.137    18.5375 0.0000e+00
      0.800 -1.348e-29     9.4902    100.372     36.434  31.699997    13.0447     12.127    15.6058 2.9030e+01     5.8909      0.785      1.138    18.5369 0.0000e+00
      0.800 -1.225e-30     9.4618    100.182     36.461  31.717184    13.1627     12.127    16.3329 2.9002e+01     5.8726      0.785      1.138    18.5340 0.0000e+00
      0.800 -1.114e-31     9.4392    100.024     36.475  31.723991    13.2265     12.127    16.8023 2.9002e+01     5.7808      0.785      1.138    18.5243 0.0000e+00
      0.800 -1.013e-32     9.4206     99.933     36.470  31.718857    13.2165     12.128    16.8073 2.9024e+01     5.6696      0.784      1.138    18.5103 0.0000e+00
      0.800 -9.205e-34     9.4045     99.892     36.470  31.718544    13.1921     12.128    16.7364 2.9024e+01     5.6212      0.784      1.138    18.4987 0.0000e+00
      0.800 -8.370e-35     9.3884     99.858     36.471  31.720208    13.1559     12.128    16.8055 2.8999e+01     5.6735      0.784      1.138    18.4889 0.0000e+00
      0.800 -7.610e-36     9.3721     99.830     36.494  31.738975    13.1121     12.128    16.6971 2.8980e+01     5.7892      0.784      1.138    18.4822 0.0000e+00
      0.800 -6.915e-37     9.3651     99.832     36.514  31.755141    13.0870     12.129    16.4576 2.8985e+01     5.7906      0.784      1.137    18.4802 0.0000e+00
      0.800 -6.290e-38     9.3633     99.879     36.479  31.725362    13.0681     12.129    16.6628 2.8982e+01     5.6556      0.784      1.138    18.4821 0.0000e+00
      0.800 -5.715e-39     9.3593     99.944     36.442  31.696103    13.0430     12.128    16.9416 2.8957e+01     5.6946      0.784      1.138    18.4830 0.0000e+00
      0.800 -5.195e-40     9.3566     99.995     36.462  31.718566    13.0327     12.127    17.0752 2.8938e+01     5.9202      0.785      1.138    18.4799 0.0000e+00
      0.800 -4.723e-41     9.3559    100.034     36.486  31.743212    13.0182     12.126    17.3321 2.8929e+01     5.9925      0.785      1.138    18.4782 0.0000e+00
      0.800 -4.150e-42     9.3615    100.067     36.481  31.740356    12.9923     12.126    16.8639 2.8942e+01     5.8854      0.785      1.138    18.4793 0.0000e+00
      0.800 1.2004e-42     9.3686    100.119     36.490  31.747475    12.9191     12.126    15.7159 2.8959e+01     5.8205      0.784      1.137    18.4836 0.0000e+00
      0.800 1.7464e-41     9.3710    100.205     36.513  31.765845    12.7911     12.126    15.2394 2.8954e+01     5.8565      0.784      1.138    18.4912 0.0000e+00
      0.800 1.9249e-40     9.3737    100.281     36.522  31.772153    12.7352     12.128    15.2323 2.8960e+01     5.9455      0.784      1.138    18.4967 0.0000e+00
      0.800 2.1174e-39     9.3757    100.313     36.510  31.760299    12.7346     12.128    15.4580 2.8972e+01     5.9401      0.784      1.137    18.4987 0.0000e+00
      0.800 2.3291e-38     9.3789    100.333     36.499  31.749398    12.7419     12.128    15.9897 2.8964e+01     5.7567      0.784      1.138    18.4980 0.0000e+00
      0.800 2.5621e-37     9.3904    100.367     36.518  31.767229    12.7984     12.128    15.7239 2.8945e+01     5.5732      0.784      1.137    18.4942 0.0000e+00
      0.800 2.8183e-36     9.4000    100.411     36.536  31.785579    12.8598     12.128    14.7393 2.8929e+01     5.6001      0.784      1.138    18.4915 0.0000e+00
      0.800 3.1001e-35     9.4007    100.467     36.527  31.780954    12.9019     12.128    14.3236 2.8927e+01     5.7744      0.785      1.138    18.4902 0.0000e+00
      0.800 3.4101e-34     9.4022    100.530     36.516  31.774762    12.9734     12.129    14.4835 2.8940e+01     5.8019      0.784      1.137    18.4887 0.0000e+00
      0.800 3.7511e-33     9.4059    100.586     36.513  31.774147    13.0761     12.129    14.7809 2.8952e+01     5.6594      0.784      1.137    18.4899 0.0000e+00
      0.800 4.1262e-32     9.4086    100.645     36.511  31.773524    13.1454     12.129    15.1661 2.8963e+01     5.6564      0.785      1.139    18.4938 0.0000e+00
      0.800 4.5388e-31     9.4131    100.705     36.505  31.767228    13.1780     12.129    15.4403 2.8960e+01     5.8005      0.784      1.138    18.4988 0.0000e+00
      0.800 4.9927e-30     9.4191    100.740     36.500  31.761461    13.1791     12.129    15.6010 2.8936e+01     5.7623      0.784      1.137    18.5042 0.0000e+00
      0.800 5.4920e-29     9.4225    100.716     36.511  31.767228    13.0590     12.130    15.6469 2.8929e+01     5.6051      0.785      1.138    18.5078 0.0000e+00
      0.800 6.0412e-28     9.4281    100.643     36.522  31.773515    12.8578     12.130    15.5654 2.8935e+01     5.6069      0.785      1.138    18.5084 0.0000e+00
      0.800 6.6453e-27     9.4351    100.565     36.527  31.774026    12.7683     12.130    15.3904 2.8925e+01     5.7158      0.784      1.138    18.5069 0.0000e+00
      0.800 7.3098e-26     9.4403    100.499     36.529  31.773402    12.7931     12.130    15.1646 2.8917e+01     5.8287      0.784      1.138    18.5044 0.0000e+00
      0.800 8.0408e-25     9.4389    100.426     36.521  31.765971    12.8659     12.130    15.6745 2.8944e+01     5.8453      0.784      1.137    18.5001 0.0000e+00
      0.800 8.8449e-24     9.4304    100.362     36.501  31.747621    12.9491     12.130    16.8240 2.8985e+01     5.7457      0.784      1.137    18.4943 0.0000e+00
      0.801 9.7294e-23     9.4239    100.353     36.496  31.741846    12.9666     12.131    17.2748 2.8992e+01     5.6832      0.785      1.139    18.4887 0.0000e+00
      0.801 1.0702e-21     9.4198    100.387     36.518  31.759571    12.9776     12.132    16.9098 2.8977e+01     5.7377      0.785      1.139    18.4854 0.0000e+00
      0.800 1.1773e-20     9.4128    100.408     36.533  31.771624    13.0492     12.132    16.3679 2.8971e+01     5.8243      0.784      1.138    18.4853 0.0000e+00
      0.800 1.2950e-19     9.4034    100.393     36.521  31.760705    13.1176     12.132    16.1437 2.8953e+01     5.8085      0.784      1.138    18.4850 0.0000e+00
      0.800 1.4245e-18     9.4042    100.325     36.514  31.754416    13.1296     12.132    16.6942 2.8939e+01     5.7516      0.784      1.138    18.4824 0.0000e+00
      0.800 1.5669e-17     9.4109    100.188     36.519  31.759030    13.1190     12.133    17.6893 2.8958e+01     5.7507      0.785      1.138    18.4803 0.0000e+00
      0.800 1.7236e-16     9.4126    100.003     36.512  31.753056    13.0975     12.133    18.1951 2.8978e+01     5.8322      0.784      1.138    18.4792 0.0000e+00
      0.800 1.8960e-15     9.4125     99.837     36.503  31.745616    13.0540     12.132    18.3356 2.8973e+01     5.9171      0.784      1.137    18.4780 0.0000e+00
      0.800 2.0856e-14     9.4068     99.737     36.488  31.732521    13.0090     12.132    18.5281 2.8954e+01     5.8541      0.784      1.138    18.4773 0.0000e+00
      0.800 2.2941e-13     9.3938     99.719     36.475  31.721592    12.9687     12.133    18.3716 2.8933e+01     5.8227      0.785      1.139    18.4777 0.0000e+00
      0.800 2.5236e-12     9.3729     99.794     36.495  31.740348    12.8415     12.133    18.1644 2.8939e+01     5.9469      0.784      1.138    18.4788 0.0000e+00
      0.800 2.7759e-11     9.3555     99.914     36.526  31.768993    12.6368     12.134    18.6035 2.8952e+01     6.0577      0.785      1.138    18.4794 0.0000e+00
      0.800 3.0535e-10     9.3468    100.037     36.504  31.750748    12.5488     12.135    19.1214 2.8944e+01     6.0347      0.784      1.138    18.4797 0.0000e+00
      0.800 3.3589e-09     9.3428    100.185     36.456  31.710057    12.5513     12.135    19.1774 2.8958e+01     5.8744      0.785      1.139    18.4801 0.0000e+00
      0.800 3.6947e-08     9.3525    100.340     36.468  31.721071    12.5267     12.134    19.1943 2.8980e+01     5.7591      0.785      1.138    18.4815 0.0000e+00
      0.800 4.0642e-07     9.3661    100.462     36.509  31.757043    12.5173     12.134    19.3256 2.8978e+01     5.8021      0.784      1.138    18.4835 0.0000e+00
      0.800      0.000     9.3740    100.528     36.519  31.764359    12.5460     12.134    18.9583 2.8970e+01     5.8825      0.784      1.138    18.4848 0.0000e+00
      0.800      0.000     9.3892    100.536     36.500  31.746093    12.5737     12.135    18.1947 2.8968e+01     5.8423      0.785      1.138    18.4864 0.0000e+00
      0.801      0.001     9.4053    100.506     36.481  31.726504    12.5694     12.135    18.0088 2.8983e+01     5.6920      0.785      1.139    18.4877 0.0000e+00
      0.801      0.001     9.4168    100.466     36.474  31.717823    12.6353     12.135    18.2594 2.8998e+01     5.7052      0.785      1.139    18.4871 0.0000e+00
      0.801      0.000     9.4244    100.445     36.459  31.704559    12.8045     12.135    18.6437 2.8986e+01     5.9332      0.786      1.140    18.4854 0.0000e+00
      0.801 1.8474e-08     9.4236    100.420     36.443  31.693014    12.8843     12.134    19.2137 2.8962e+01     5.9900      0.785      1.139    18.4831 0.0000e+00
      0.801 2.0321e-07     9.4218    100.340     36.453  31.705104    12.8676     12.134    19.5585 2.8957e+01     5.8450      0.785      1.139    18.4795 0.0000e+00
      0.801 2.0321e-07     9.4168    100.213     36.477  31.723863    12.9931     12.135    18.8549 2.8965e+01     5.7855      0.785      1.139    18.4740 0.0000e+00
      0.801 1.8434e-08     9.4160    100.063     36.492  31.729516    13.2699     12.136    17.3312 2.8969e+01     5.8512      0.785      1.138    18.4727 0.0000e+00
      0.801 1.2420e-09     9.4159     99.897     36.482  31.710016    13.4431     12.136    16.5374 2.8975e+01     5.9564      0.785      1.139    18.4786 0.0000e+00
      0.801 -4.660e-09     9.4057     99.727     36.459  31.678386    13.4637     12.136    16.8281 2.8974e+01     5.9643      0.785      1.139    18.4858 0.0000e+00
      0.801 -5.292e-08     9.3931     99.557     36.454  31.664246    13.4700     12.135    17.4910 2.8960e+01     5.8784      0.785      1.139    18.4832 0.0000e+00
      0.800 -1.637e-07     9.3818     99.412     36.464  31.665920    13.5189     12.135    17.9266 2.8954e+01     5.9085      0.784      1.138    18.4717 0.0000e+00
      0.800 -1.922e-07     9.3679     99.343     36.506  31.698610    13.5721     12.135    17.7081 2.8939e+01     6.0549      0.785      1.138    18.4575 0.0000e+00
      0.800 -8.410e-08     9.3554     99.351     36.554  31.742305    13.5891     12.135    16.9997 2.8897e+01     6.1118      0.785      1.139    18.4393 0.0000e+00
      0.800 -7.645e-09     9.3423     99.380     36.554  31.750178    13.5246     12.135    16.5883 2.8856e+01     5.9818      0.785      1.138    18.4258 0.0000e+00
      0.801 -6.951e-10     9.3269     99.389     36.518  31.730372    13.3916     12.133    16.6922 2.8870e+01     5.7464      0.785      1.139    18.4161 0.0000e+00
      0.801 -6.332e-11     9.3224     99.373     36.463  31.693160    13.3291     12.131    16.7921 2.8918e+01     5.6564      0.785      1.139    18.4085 0.0000e+00
      0.801 -5.815e-12     9.3256     99.372     36.442  31.680888    13.3433     12.131    16.7637 2.8928e+01     5.7475      0.785      1.139    18.4102 0.0000e+00
      0.801 -5.290e-13     9.3268     99.416     36.475  31.708881    13.3300     12.132    17.2098 2.8913e+01     5.7545      0.785      1.139    18.4226 0.0000e+00
      0.800 -4.807e-14     9.3249     99.476     36.489  31.714429    13.1684     12.132    17.8842 2.8912e+01     5.6394      0.785      1.138    18.4408 0.0000e+00
      0.800 -4.370e-15     9.3186     99.535     36.468  31.684528    12.9037     12.131    17.8631 2.8914e+01     5.5509      0.785      1.138    18.4572 0.0000e+00
      0.800 -3.973e-16     9.3145     99.580     36.460  31.664516    12.7847     12.130    17.5564 2.8907e+01     5.5736      0.785      1.139    18.4658 0.0000e+00
      0.800 -3.612e-17     9.3216     99.595     36.469  31.662759    12.7957     12.130    17.3595 2.8916e+01     5.7088      0.785      1.138    18.4647 0.0000e+00
      0.801 -3.283e-18     9.3289     99.569     36.474  31.663281    12.7537     12.130    17.2030 2.8944e+01     5.7505      0.785      1.139    18.4558 0.0000e+00
      0.801 -2.985e-19     9.3381     99.491     36.486  31.670816    12.6594     12.129    17.9015 2.8953e+01     5.6340      0.785      1.139    18.4371 0.0000e+00
      0.801 -2.714e-20     9.3473     99.377     36.511  31.690422    12.6128     12.128    19.2659 2.8945e+01     5.5639      0.785      1.139    18.4173 0.0000e+00
      0.801 -2.467e-21     9.3508     99.223     36.530  31.710020    12.6321     12.128    19.9338 2.8945e+01     5.6207      0.784      1.138    18.4034 0.0000e+00
      0.801 -2.242e-22     9.3509     99.058     36.525  31.717468    12.6506     12.128    20.0396 2.8963e+01     5.6708      0.785      1.139    18.4000 0.0000e+00
      0.801 -2.040e-23     9.3417     99.009     36.509  31.717050    12.6284     12.127    19.8570 2.8984e+01     5.6236      0.785      1.139    18.3986 0.0000e+00
      0.801 -2.011e-24     9.3331     99.092     36.484  31.704986    12.5888     12.127    19.2749 2.8990e+01     5.6644      0.785      1.139    18.3896 0.0000e+00
      0.801 -1.905e-24     9.3197     99.190     36.469  31.698490    12.5623     12.127    19.4549 2.8969e+01     5.7539      0.785      1.139    18.3944 0.0000e+00
      0.801 -1.912e-23     9.2920     99.263     36.469  31.701950    12.5501     12.127    20.5702 2.8929e+01     5.7497      0.785      1.138    18.4140 0.0000e+00
      0.801 -2.101e-22     9.2830     99.336     36.443  31.683391    12.5335     12.127    21.2309 2.8908e+01     5.7502      0.785      1.139    18.4333 0.0000e+00
      0.801 -2.312e-21     9.2960     99.438     36.416  31.664407    12.5030     12.127    21.2487 2.8925e+01     5.6912      0.785      1.139    18.4482 0.0000e+00
      0.801 -2.543e-20     9.3028     99.558     36.413  31.662743    12.4803     12.127    21.1293 2.8966e+01     5.6522      0.785      1.139    18.4553 0.0000e+00
      0.801 -2.797e-19     9.3085     99.653     36.422  31.663263    12.5255     12.127    20.9920 2.8976e+01     5.7567      0.786      1.140    18.4596 0.0000e+00
