Data/DataNotYetUploadedToEDI/Raw_CTD/RawDownloads/052522_fcr50_S8188002.cnv
* Sea-Bird SBE19plus  Data File:
* FileName = C:\R\Reservoirs\Data\DataNotYetUploadedToEDI\Raw_CTD\RawDownloads\SBE19plus_01908188_052522_fcr50_0002.hex
* Software version 2.8.0.119
* Temperature SN = 8188
* Conductivity SN = 8188
* System UpLoad Time = Jun 29 2022 16:14:00
* <ApplicationData>
* <Seaterm232>
# nquan = 13
# nvalues = 2296                        
# units = specified
# name 0 = depFM: Depth [fresh water, m]
# name 1 = dz/dtM: Descent Rate [m/s]
# name 2 = sbeox0Mg/L: Oxygen, SBE 43 [mg/l]
# name 3 = sbeox0PS: Oxygen, SBE 43 [% saturation]
# name 4 = specc: Specific Conductance [uS/cm]
# name 5 = c0uS/cm: Conductivity [uS/cm]
# name 6 = flECO-AFL: Fluorescence, WET Labs ECO-AFL/FL [mg/m^3]
# name 7 = par/sat/log: PAR/Logarithmic, Satlantic
# name 8 = turbWETntu0: Turbidity, WET Labs ECO [NTU]
# name 9 = prdM: Pressure, Strain Gauge [db]
# name 10 = prdE: Pressure, Strain Gauge [psi]
# name 11 = tv290C: Temperature [ITS-90, deg C]
# name 12 = flag:  0.000e+00
# span 0 =     -0.602,      9.663       
# span 1 =     -0.185,      0.192       
# span 2 =    -0.2668,    13.4631       
# span 3 =     -2.111,    146.944       
# span 4 =      0.012,    558.991       
# span 5 =   0.010410, 502.068922       
# span 6 =    -0.0615,    29.4363       
# span 7 = 1.1603e-01, 5.6669e+02       
# span 8 =     0.1901,     9.8118       
# span 9 =     -0.590,      9.477       
# span 10 =     -0.856,     13.745      
# span 11 =     9.1111,    20.1132      
# span 12 = 0.0000e+00, 0.0000e+00      
# interval = seconds: 0.25
# start_time = May 25 2022 12:41:25 [Instrument's time stamp, header]
# bad_flag = -9.990e-29
*END*
[from data line 667]
      4.182      0.027     4.0068     34.705     40.196  28.571725    29.4335 8.4219e-01     4.8574      4.102      5.950    10.6045 0.0000e+00
      4.187      0.027     3.9671     34.492     40.167  28.540256    29.4330 8.3490e-01     4.8637      4.105      5.954    10.5853 0.0000e+00
      4.194      0.024     3.9242     34.332     40.062  28.457670    29.4336 8.2589e-01     4.8667      4.111      5.963    10.5667 0.0000e+00
      4.202      0.020     3.8933     34.208     40.050  28.450638    29.4347 8.1606e-01     4.8935      4.121      5.977    10.5533 0.0000e+00
      4.207      0.016     3.8663     33.999     40.134  28.522724    29.4340 8.0786e-01     4.9425      4.127      5.986    10.5380 0.0000e+00
      4.210      0.012     3.8436     33.579     40.200  28.586804    29.4332 8.1863e-01     4.9692      4.129      5.988    10.5228 0.0000e+00
      4.211      0.008     3.8260     32.981     40.132  28.550472    29.4322 8.2911e-01     4.9693      4.129      5.989    10.5107 0.0000e+00
      4.212      0.008     3.8175     32.348     40.042  28.488437    29.4315 8.3003e-01     4.9382      4.130      5.991    10.5089 0.0000e+00
      4.212      0.012     3.8011     31.817     40.087  28.511720    29.4325 8.3521e-01     4.8801      4.130      5.991    10.5296 0.0000e+00
      4.212      0.019     3.7477     31.454     40.175  28.561977    29.4335 8.3977e-01     4.8491      4.130      5.990    10.5567 0.0000e+00
      4.214      0.027     3.6746     31.284     40.185  28.556102    29.4331 8.3569e-01     4.8503      4.130      5.990    10.5723 0.0000e+00
      4.224      0.034     3.5963     31.322     40.238  28.575677    29.4312 8.0907e-01     4.8888      4.141      6.006    10.5784 0.0000e+00
      4.239      0.039     3.5376     31.545     40.385  28.663629    29.4304 7.7217e-01     4.9594      4.159      6.032    10.5604 0.0000e+00
      4.253      0.039     3.4978     31.839     40.405  28.674536    29.4317 7.4643e-01     4.9981      4.170      6.049    10.5422 0.0000e+00
      4.266      0.037     3.4787     32.024     40.255  28.572558    29.4328 7.3178e-01     5.0011      4.184      6.069    10.5337 0.0000e+00
      4.275      0.033     3.4855     31.978     40.166  28.510596    29.4329 7.3111e-01     4.9915      4.195      6.085    10.5051 0.0000e+00
      4.279      0.031     3.5166     31.643     40.307  28.600333    29.4331 7.3978e-01     4.9737      4.197      6.087    10.4784 0.0000e+00
      4.281      0.030     3.5593     31.045     40.492  28.712580    29.4332 7.4170e-01     4.9642      4.197      6.087    10.4766 0.0000e+00
      4.287      0.029     3.5820     30.274     40.431  28.652780    29.4327 7.2294e-01     4.9628      4.202      6.095    10.4881 0.0000e+00
      4.300      0.028     3.5797     29.441     40.300  28.552264    29.4318 6.9315e-01     4.9582      4.216      6.115    10.4955 0.0000e+00
      4.313      0.027     3.5419     28.623     40.334  28.577196    29.4315 6.8076e-01     4.9502      4.232      6.138    10.4798 0.0000e+00
      4.321      0.023     3.4741     27.833     40.475  28.684244    29.4314 6.8357e-01     4.9463      4.240      6.150    10.4509 0.0000e+00
      4.323      0.018     3.3850     27.052     40.582  28.766610    29.4310 6.8859e-01     4.9493      4.239      6.149    10.4266 0.0000e+00
      4.324      0.013     3.2889     26.282     40.578  28.763113    29.4313 7.0175e-01     4.9832      4.240      6.148    10.4187 0.0000e+00
      4.325      0.011     3.1976     25.607     40.599  28.776967    29.4324 7.0885e-01     5.0450      4.242      6.151    10.4207 0.0000e+00
      4.327      0.013     3.1092     25.102     40.635  28.799113    29.4344 7.0817e-01     5.0787      4.242      6.153    10.4308 0.0000e+00
      4.330      0.017     3.0225     24.767     40.599  28.760889    29.4358 7.1377e-01     5.0841      4.248      6.160    10.4468 0.0000e+00
      4.334      0.020     2.9322     24.586     40.566  28.719779    29.4363 7.0992e-01     5.1116      4.249      6.163    10.4385 0.0000e+00
      4.340      0.022     2.8527     24.571     40.568  28.707019    29.4357 6.8931e-01     5.1615      4.253      6.169    10.4375 0.0000e+00
      4.349      0.024     2.7977     24.743     40.630  28.741593    29.4343 6.7151e-01     5.1893      4.265      6.187    10.4413 0.0000e+00
      4.358      0.025     2.7621     25.022     40.626  28.732811    29.4334 6.6377e-01     5.1968      4.275      6.200    10.4190 0.0000e+00
      4.363      0.025     2.7435     25.230     40.446  28.600825    29.4337 6.5947e-01     5.2529      4.279      6.207    10.3951 0.0000e+00
      4.366      0.026     2.7400     25.250     40.305  28.495710    29.4349 6.5828e-01     5.3561      4.280      6.208    10.3767 0.0000e+00
      4.372      0.027     2.7631     25.089     40.381  28.541841    29.4344 6.5572e-01     5.4128      4.287      6.217    10.3664 0.0000e+00
      4.379      0.029     2.8040     24.799     40.503  28.618596    29.4329 6.5125e-01     5.4200      4.296      6.230    10.3601 0.0000e+00
      4.388      0.031     2.8329     24.434     40.509  28.613767    29.4324 6.4579e-01     5.4434      4.302      6.239    10.3539 0.0000e+00
      4.399      0.032     2.8337     24.039     40.527  28.618446    29.4324 6.3353e-01     5.4857      4.314      6.258    10.3494 0.0000e+00
      4.408      0.030     2.8140     23.666     40.616  28.675164    29.4319 6.2585e-01     5.5088      4.325      6.273    10.3397 0.0000e+00
      4.415      0.030     2.7804     23.388     40.740  28.759545    29.4316 6.2600e-01     5.5094      4.330      6.279    10.3259 0.0000e+00
      4.422      0.035     2.7384     23.211     40.846  28.828709    29.4327 6.2196e-01     5.4904      4.337      6.291    10.3141 0.0000e+00
      4.426      0.040     2.6939     23.083     40.874  28.836430    29.4323 6.1371e-01     5.4547      4.343      6.299    10.3039 0.0000e+00
      4.431      0.043     2.6478     22.979     40.915  28.852889    29.4313 6.0108e-01     5.4346      4.341      6.297    10.2957 0.0000e+00
      4.446      0.044     2.6167     22.874     40.976  28.892701    29.4320 5.8123e-01     5.4293      4.355      6.316    10.2946 0.0000e+00
      4.471      0.043     2.6008     22.723     40.998  28.912806    29.4327 5.7019e-01     5.3876      4.390      6.366    10.2915 0.0000e+00
      4.486      0.042     2.5872     22.459     40.966  28.893483    29.4334 5.7203e-01     5.3106      4.406      6.391    10.2745 0.0000e+00
      4.490      0.038     2.5782     22.022     40.926  28.861573    29.4345 5.6989e-01     5.2688      4.402      6.384    10.2517 0.0000e+00
      4.493      0.032     2.5684     21.433     40.940  28.864461    29.4334 5.6697e-01     5.2684      4.404      6.387    10.2494 0.0000e+00
      4.499      0.026     2.5525     20.760     40.935  28.860893    29.4318 5.5793e-01     5.3084      4.412      6.398    10.2596 0.0000e+00
      4.508      0.022     2.5280     20.083     40.867  28.818442    29.4328 5.4470e-01     5.3825      4.421      6.412    10.2648 0.0000e+00
      4.518      0.022     2.4757     19.453     40.775  28.756177    29.4338 5.4195e-01     5.4229      4.432      6.428    10.2620 0.0000e+00
      4.524      0.023     2.4090     18.898     40.817  28.783046    29.4334 5.5042e-01     5.4309      4.438      6.436    10.2458 0.0000e+00
      4.525      0.027     2.3293     18.474     41.065  28.940810    29.4331 5.5757e-01     5.4864      4.437      6.435    10.2461 0.0000e+00
      4.527      0.031     2.2503     18.214     41.262  29.043702    29.4323 5.4592e-01     5.5883      4.439      6.436    10.2598 0.0000e+00
      4.532      0.033     2.1804     18.102     41.271  29.014582    29.4318 5.3175e-01     5.6438      4.441      6.442    10.2596 0.0000e+00
      4.547      0.033     2.1139     18.097     41.265  28.993683    29.4323 5.2185e-01     5.6486      4.456      6.464    10.2617 0.0000e+00
      4.566      0.033     2.0661     18.121     41.367  29.060997    29.4330 5.1474e-01     5.6438      4.483      6.501    10.2485 0.0000e+00
      4.576      0.031     2.0405     18.030     41.505  29.153477    29.4333 5.1314e-01     5.6336      4.491      6.513    10.1899 0.0000e+00
      4.577      0.028     2.0325     17.728     41.544  29.166847    29.4330 5.0116e-01     5.6282      4.487      6.508    10.1361 0.0000e+00
      4.579      0.024     2.0340     17.226     41.456  29.087643    29.4333 4.9121e-01     5.6286      4.490      6.513    10.1242 0.0000e+00
      4.583      0.022     2.0444     16.556     41.355  29.005808    29.4345 4.9402e-01     5.6326      4.492      6.515    10.1238 0.0000e+00
      4.589      0.022     2.0392     15.800     41.333  28.987366    29.4343 4.9309e-01     5.6396      4.499      6.525    10.1232 0.0000e+00
      4.598      0.022     2.0030     15.082     41.350  28.999654    29.4336 4.9415e-01     5.6436      4.510      6.541    10.1051 0.0000e+00
      4.607      0.023     1.9478     14.465     41.376  29.019380    29.4345 4.9492e-01     5.6446      4.518      6.552    10.0733 0.0000e+00
      4.613      0.024     1.8706     13.985     41.491  29.090877    29.4347 4.8204e-01     5.6506      4.525      6.563    10.0640 0.0000e+00
      4.615      0.026     1.7775     13.672     41.666  29.189116    29.4340 4.7400e-01     5.7185      4.526      6.564    10.0613 0.0000e+00
      4.616      0.030     1.6958     13.512     41.819  29.262167    29.4339 4.7591e-01     5.8430      4.525      6.563    10.0620 0.0000e+00
      4.623      0.035     1.6251     13.469     41.919  29.299087    29.4337 4.7042e-01     5.9113      4.532      6.573    10.0709 0.0000e+00
      4.636      0.043     1.5683     13.494     42.056  29.365485    29.4331 4.5689e-01     5.9215      4.546      6.594    10.0637 0.0000e+00
      4.651      0.051     1.5364     13.492     42.225  29.457445    29.4324 4.4626e-01     5.9700      4.563      6.618    10.0291 0.0000e+00
      4.663      0.054     1.5210     13.382     42.262  29.465934    29.4324 4.4112e-01     6.0585      4.572      6.633     9.9834 0.0000e+00
      4.677      0.052     1.5190     13.178     42.271  29.468110    29.4339 4.3003e-01     6.1059      4.583      6.647     9.9419 0.0000e+00
      4.697      0.047     1.5273     12.887     42.389  29.551253    29.4344 4.1105e-01     6.1014      4.608      6.683     9.9095 0.0000e+00
      4.713      0.042     1.5328     12.390     42.456  29.593697    29.4334 3.9769e-01     6.0068      4.628      6.713     9.8756 0.0000e+00
      4.718      0.036     1.5197     11.593     42.347  29.508787    29.4329 4.0140e-01     5.8328      4.627      6.711     9.8519 0.0000e+00
      4.721      0.029     1.4935     10.564     42.205  29.402112    29.4333 4.0885e-01     5.7381      4.626      6.710     9.8515 0.0000e+00
      4.728      0.023     1.4678      9.438     42.186  29.383904    29.4339 3.9826e-01     5.7330      4.637      6.726     9.8582 0.0000e+00
      4.736      0.019     1.4175      8.339     42.237  29.423630    29.4339 3.7739e-01     5.7720      4.648      6.741     9.8532 0.0000e+00
      4.740      0.020     1.3227      7.379     42.305  29.477439    29.4339 3.6606e-01     5.8453      4.648      6.742     9.8369 0.0000e+00
      4.743      0.023     1.2005      6.615     42.464  29.562009    29.4337 3.6911e-01     5.8854      4.650      6.745     9.8309 0.0000e+00
      4.747      0.026     1.0690      6.120     42.664  29.636124    29.4323 3.7422e-01     5.8917      4.656      6.753     9.8198 0.0000e+00
      4.750      0.029     0.9385      6.002     42.857  29.698476    29.4310 3.7547e-01     5.9272      4.655      6.752     9.8228 0.0000e+00
      4.760      0.032     0.8281      6.237     43.038  29.775816    29.4313 3.7081e-01     5.9923      4.665      6.765     9.8533 0.0000e+00
      4.776      0.033     0.7406      6.676     43.048  29.761169    29.4319 3.6053e-01     6.0281      4.686      6.796     9.8298 0.0000e+00
      4.788      0.032     0.6782      7.182     42.900  29.656356    29.4329 3.5209e-01     6.0312      4.698      6.814     9.7283 0.0000e+00
      4.794      0.030     0.6679      7.680     42.768  29.588547    29.4331 3.4444e-01     6.0298      4.701      6.818     9.6348 0.0000e+00
      4.798      0.026     0.7035      8.088     42.761  29.616334    29.4321 3.3614e-01     6.0273      4.704      6.823     9.5780 0.0000e+00
      4.803      0.023     0.7595      8.328     42.923  29.722362    29.4331 3.3580e-01     6.0262      4.710      6.831     9.5620 0.0000e+00
      4.807      0.022     0.8194      8.402     43.065  29.790497    29.4342 3.4022e-01     6.0260      4.715      6.838     9.5508 0.0000e+00
      4.812      0.022     0.8786      8.382     43.038  29.765095    29.4340 3.3803e-01     6.0242      4.716      6.839     9.5743 0.0000e+00
      4.819      0.021     0.9282      8.330     42.909  29.685229    29.4326 3.3677e-01     6.0209      4.725      6.852     9.6594 0.0000e+00
      4.829      0.019     0.9553      8.295     42.838  29.634875    29.4311 3.4205e-01     6.0196      4.739      6.874     9.6349 0.0000e+00
      4.833      0.019     0.9614      8.299     42.956  29.696278    29.4321 3.3329e-01     6.0239      4.741      6.876     9.5639 0.0000e+00
      4.833      0.018     0.9570      8.329     43.076  29.752618    29.4333 3.1724e-01     6.0691      4.739      6.874     9.5733 0.0000e+00
      4.836      0.017     0.9484      8.394     43.141  29.776028    29.4329 3.2585e-01     6.1514      4.742      6.876     9.5944 0.0000e+00
      4.841      0.017     0.9429      8.503     43.166  29.776800    29.4333 3.3626e-01     6.1967      4.747      6.884     9.5966 0.0000e+00
      4.846      0.020     0.9457      8.615     43.072  29.694434    29.4344 3.2591e-01     6.2055      4.755      6.896     9.5683 0.0000e+00
      4.851      0.022     0.9496      8.702     43.039  29.657651    29.4349 3.1444e-01     6.2560      4.757      6.898     9.5268 0.0000e+00
      4.857      0.024     0.9556      8.776     43.064  29.669546    29.4349 3.1191e-01     6.3478      4.760      6.904     9.5055 0.0000e+00
      4.866      0.025     0.9717      8.851     43.119  29.703254    29.4340 3.0847e-01     6.3975      4.773      6.922     9.4922 0.0000e+00
      4.872      0.025     0.9865      8.959     43.254  29.795202    29.4330 3.0457e-01     6.4011      4.779      6.932     9.4673 0.0000e+00
      4.877      0.023     0.9949      9.079     43.298  29.836259    29.4326 2.9862e-01     6.3943      4.779      6.932     9.4434 0.0000e+00
      4.885      0.020     1.0046      9.191     43.228  29.794665    29.4320 2.9267e-01     6.3810      4.791      6.949     9.4476 0.0000e+00
      4.892      0.016     1.0096      9.304     43.078  29.697313    29.4317 2.9960e-01     6.3723      4.801      6.964     9.4427 0.0000e+00
      4.893      0.014     1.0245      9.395     42.927  29.604208    29.4320 3.0346e-01     6.3618      4.797      6.958     9.4275 0.0000e+00
      4.893      0.012     1.0394      9.475     42.940  29.613975    29.4330 3.0047e-01     6.2543      4.798      6.959     9.4589 0.0000e+00
      4.896      0.010     1.0491      9.596     43.045  29.680403    29.4337 3.0149e-01     6.0563      4.802      6.965     9.4619 0.0000e+00
      4.899      0.009     1.0654      9.752     43.119  29.732358    29.4332 3.0240e-01     5.9486      4.803      6.967     9.4567 0.0000e+00
      4.902      0.010     1.0743      9.901     43.066  29.702153    29.4332 3.0106e-01     5.9434      4.808      6.973     9.4908 0.0000e+00
      4.905      0.013     1.0800     10.056     42.890  29.585204    29.4337 2.9254e-01     5.9948      4.811      6.977     9.4827 0.0000e+00
      4.906      0.015     1.0946     10.225     42.809  29.533364    29.4340 2.7876e-01     6.0916      4.811      6.978     9.4679 0.0000e+00
