Data/DataNotYetUploadedToEDI/Raw_CTD/RawDownloads/052522_fcr50_0001.cnv
* Sea-Bird SBE19plus  Data File:
* FileName = C:\R\Reservoirs\Data\DataNotYetUploadedToEDI\Raw_CTD\RawDownloads\052522_fcr50_0001.hex
* Software version 2.8.0.119
* Temperature SN = 7809
* Conductivity SN = 7809
* System UpLoad Time = May 25 2022 21:27:52
* <ApplicationData>
* <Seaterm232>
# nquan = 15
# nvalues = 1671                        
# units = specified
# name 0 = depFM: Depth [fresh water, m]
# name 1 = dz/dtM: Descent Rate [m/s]
# name 2 = sbeox0Mg/L: Oxygen, SBE 43 [mg/l]
# name 3 = sbeox0PS: Oxygen, SBE 43 [% saturation]
# name 4 = specc: Specific Conductance [uS/cm]
# name 5 = c0uS/cm: Conductivity [uS/cm]
# name 6 = flECO-AFL: Fluorescence, WET Labs ECO-AFL/FL [mg/m^3]
# name 7 = ph: pH
# name 8 = orp: Oxidation Reduction Potential [mV]
# name 9 = par/sat/log: PAR/Logarithmic, Satlantic
# name 10 = turbWETntu0: Turbidity, WET Labs ECO [NTU]
# name 11 = prdM: Pressure, Strain Gauge [db]
# name 12 = prdE: Pressure, Strain Gauge [psi]
# name 13 = tv290C: Temperature [ITS-90, deg C]
# name 14 = flag:  0.000e+00
# span 0 =     -0.568,      9.707       
# span 1 =     -0.510,      0.205       
# span 2 =     0.0598,     9.9839       
# span 3 =      0.540,    108.294       
# span 4 =      1.472,    289.720       
# span 5 =   1.225711, 198.159240       
# span 6 =    -0.2626,    60.5105       
# span 7 =     -2.372,      9.687       
# span 8 = -1240.7455,  1000.8111       
# span 9 = 1.2355e-01, 1.8209e+03       
# span 10 =    -0.3967,    82.1274      
# span 11 =     -0.557,      9.520      
# span 12 =     -0.808,     13.808      
# span 13 =     9.1277,    24.6104      
# span 14 = 0.0000e+00, 0.0000e+00      
# interval = seconds: 0.25
# start_time = May 25 2022 09:57:51 [Instrument's time stamp, header]
# bad_flag = -9.990e-29
*END*
[from data line 482]
      3.385      0.028     8.8713     89.670     37.840  31.266707     7.0682      7.910   253.8745 2.0917e+00     3.6335      3.319      4.814    16.4144 0.0000e+00
      3.387      0.045     8.8689     89.405     37.740  31.170721     7.0487      7.904   253.6642 2.0794e+00     3.9073      3.323      4.819    16.3927 0.0000e+00
      3.392      0.057     8.8519     89.240     37.705  31.087753     7.0415      7.898   252.8899 2.0470e+00     4.0726      3.321      4.816    16.3438 0.0000e+00
      3.415      0.062     8.8242     89.140     37.820  31.087651     7.0305      7.892   252.5991 1.9666e+00     4.0604      3.338      4.842    16.3181 0.0000e+00
      3.454      0.062     8.7893     89.038     37.943  31.105969     6.9499      7.888   252.8165 1.8913e+00     3.9645      3.397      4.927    16.3079 0.0000e+00
      3.479      0.059     8.7611     88.925     38.016  31.118937     6.7569      7.884   253.4536 1.8877e+00     3.8697      3.423      4.964    16.3152 0.0000e+00
      3.483      0.052     8.7572     88.827     38.046  31.117591     6.5619      7.880   254.5375 1.9002e+00     3.8026      3.413      4.950    16.2551 0.0000e+00
      3.483      0.047     8.7836     88.701     38.033  31.089664     6.4817      7.875   254.9093 1.8939e+00     3.7682      3.416      4.955    16.0782 0.0000e+00
      3.488      0.052     8.7948     88.535     37.926  30.971448     6.4608      7.868   254.5064 1.8706e+00     3.7613      3.418      4.956    15.9681 0.0000e+00
      3.497      0.067     8.7892     88.322     37.703  30.702577     6.4433      7.860   254.4843 1.8464e+00     3.7532      3.431      4.975    15.9170 0.0000e+00
      3.511      0.080     8.7905     88.008     37.680  30.501313     6.4443      7.854   254.9006 1.8117e+00     3.7723      3.436      4.984    15.8835 0.0000e+00
      3.542      0.086     8.7794     87.591     37.948  30.503039     6.4571      7.850   255.3241 1.7313e+00     3.7883      3.460      5.019    15.8733 0.0000e+00
      3.590      0.085     8.7662     87.041     38.153  30.532993     6.4649      7.846   255.5608 1.6686e+00     3.7414      3.534      5.125    15.8458 0.0000e+00
      3.619      0.077     8.7645     86.351     38.228  30.546350     6.4631      7.844   255.6117 1.6557e+00     3.6494      3.560      5.163    15.7729 0.0000e+00
      3.624      0.064     8.7812     85.630     38.307  30.601088     6.4521      7.841   255.5953 1.6445e+00     3.5632      3.549      5.146    15.4993 0.0000e+00
      3.629      0.049     8.8118     84.956     38.319  30.624256     6.4563      7.838   255.6205 1.6270e+00     3.5197      3.559      5.162    15.1277 0.0000e+00
      3.639      0.044     8.7906     84.403     38.155  30.509502     6.4809      7.835   255.7442 1.6180e+00     3.4993      3.571      5.178    14.9635 0.0000e+00
      3.644      0.054     8.7169     84.061     37.865  30.227970     6.5574      7.832   256.0587 1.6181e+00     3.5548      3.574      5.183    14.9412 0.0000e+00
      3.649      0.068     8.6464     83.914     37.725  29.946225     6.6990      7.829   256.5835 1.6031e+00     3.7132      3.574      5.183    14.9262 0.0000e+00
      3.668      0.078     8.5722     83.802     37.884  29.828707     6.7861      7.826   257.5291 1.5464e+00     3.8094      3.588      5.204    14.9479 0.0000e+00
      3.707      0.091     8.5006     83.572     38.075  29.757695     6.7870      7.823   258.7157 1.4764e+00     3.7949      3.634      5.272    15.0046 0.0000e+00
      3.743      0.105     8.4706     83.248     38.093  29.594508     6.6848      7.820   259.3162 1.4459e+00     3.7089      3.682      5.342    14.9847 0.0000e+00
      3.760      0.110     8.5086     82.847     38.110  29.440259     6.4990      7.817   259.2827 1.4382e+00     3.5890      3.686      5.348    14.7280 0.0000e+00
      3.776      0.103     8.5787     82.276     38.295  29.413927     6.4056      7.814   258.9991 1.3929e+00     3.5407      3.688      5.350    14.3424 0.0000e+00
      3.815      0.087     8.6053     81.507     38.530  29.466113     6.4042      7.810   258.8984 1.3282e+00     3.5358      3.741      5.425    14.0491 0.0000e+00
      3.854      0.071     8.6092     80.629     38.646  29.500561     6.3989      7.807   259.1840 1.3010e+00     3.4954      3.794      5.501    13.8397 0.0000e+00
      3.869      0.060     8.6143     79.819     38.674  29.513410     6.4252      7.804   260.1286 1.3040e+00     3.3931      3.798      5.508    13.6328 0.0000e+00
      3.870      0.053     8.6025     79.236     38.649  29.494665     6.4976      7.799   261.3718 1.3038e+00     3.2903      3.793      5.501    13.3834 0.0000e+00
      3.870      0.046     8.5559     78.876     38.539  29.400714     6.5496      7.795   261.8252 1.2991e+00     3.2777      3.796      5.506    13.1894 0.0000e+00
      3.872      0.044     8.4652     78.651     38.500  29.328332     6.5716      7.791   261.8250 1.2948e+00     3.3087      3.793      5.502    13.1461 0.0000e+00
      3.886      0.051     8.3700     78.527     38.562  29.316772     6.6133      7.788   261.7999 1.2667e+00     3.3225      3.802      5.516    13.1536 0.0000e+00
      3.915      0.065     8.3104     78.498     38.562  29.260869     6.6796      7.785   261.7803 1.2218e+00     3.3084      3.843      5.573    13.1522 0.0000e+00
      3.937      0.078     8.2765     78.584     38.535  29.159502     6.7244      7.780   262.6204 1.1934e+00     3.2409      3.872      5.616    13.1654 0.0000e+00
      3.946      0.082     8.2635     78.664     38.613  29.105341     6.7472      7.775   263.9554 1.1693e+00     3.1895      3.865      5.606    13.0956 0.0000e+00
      3.964      0.076     8.2732     78.539     38.759  29.113015     6.7877      7.770   264.4997 1.1265e+00     3.1650      3.876      5.622    12.9935 0.0000e+00
      4.000      0.064     8.2716     78.213     38.854  29.125384     6.8231      7.766   264.5554 1.0848e+00     3.0818      3.930      5.700    12.9563 0.0000e+00
      4.027      0.053     8.3047     77.811     38.888  29.128046     6.8344      7.763   264.3700 1.0687e+00     3.0026      3.961      5.744    12.8538 0.0000e+00
      4.032      0.040     8.3597     77.424     38.919  29.145181     6.8656      7.760   263.9793 1.0672e+00     2.9929      3.954      5.733    12.6785 0.0000e+00
      4.032      0.025     8.3695     77.034     38.985  29.205762     7.0589      7.757   264.3054 1.0743e+00     3.0330      3.953      5.734    12.5295 0.0000e+00
      4.032      0.010     8.3441     76.620     39.040  29.290011     7.3823      7.754   265.2164 1.0813e+00     3.0772      3.954      5.736    12.4584 0.0000e+00
      4.032      0.002     8.2982     76.253     39.019  29.339774     7.5466      7.753   265.7006 1.0879e+00     3.0843      3.954      5.735    12.4456 0.0000e+00
      4.032      0.001     8.2613     76.015     38.949  29.363769     7.5559      7.750   265.7719 1.0982e+00     3.0845      3.955      5.737    12.4371 0.0000e+00
      4.033      0.004     8.2217     75.907     38.878  29.390041     7.6854      7.746   265.7349 1.0908e+00     3.1135      3.954      5.735    12.4359 0.0000e+00
      4.033      0.007     8.1618     75.902     38.813  29.403951     7.9389      7.744   265.6830 1.0763e+00     3.0930      3.956      5.736    12.4991 0.0000e+00
      4.033      0.012     8.1015     76.008     38.776  29.405243     8.0749      7.742   265.8330 1.0673e+00     3.0079      3.955      5.737    12.5937 0.0000e+00
      4.036      0.018     8.0597     76.204     38.775  29.405686     8.0893      7.738   266.0865 1.0548e+00     2.9733      3.957      5.738    12.6864 0.0000e+00
      4.043      0.028     8.0300     76.476     38.727  29.345920     8.1627      7.734   266.5106 1.0488e+00     3.0156      3.966      5.750    12.8037 0.0000e+00
      4.050      0.037     8.0104     76.816     38.684  29.253119     8.3048      7.731   267.0022 1.0540e+00     3.0759      3.975      5.765    12.8941 0.0000e+00
      4.057      0.045     8.0182     77.131     38.752  29.234453     8.3845      7.729   267.1266 1.0504e+00     3.0869      3.974      5.764    12.9258 0.0000e+00
      4.073      0.055     8.0410     77.336     38.723  29.183544     8.3854      7.725   267.0687 1.0330e+00     3.0464      3.989      5.786    12.9195 0.0000e+00
      4.094      0.062     8.0696     77.434     38.617  29.081298     8.3901      7.720   267.1630 1.0159e+00     3.0294      4.023      5.835    12.9092 0.0000e+00
      4.108      0.064     8.1264     77.393     38.691  29.075848     8.4331      7.717   267.1478 9.9536e-01     3.0186      4.026      5.841    12.8206 0.0000e+00
      4.123      0.063     8.1906     77.156     38.835  29.117584     8.4898      7.715   267.0567 9.5683e-01     2.9498      4.035      5.852    12.6809 0.0000e+00
      4.148      0.061     8.2104     76.786     38.842  29.078706     8.5097      7.713   267.2662 9.2860e-01     2.8810      4.074      5.908    12.6730 0.0000e+00
      4.165      0.061     8.2198     76.371     38.782  28.986078     8.5070      7.711   267.5301 9.3094e-01     2.8697      4.091      5.934    12.6856 0.0000e+00
      4.170      0.061     8.2425     75.906     38.827  28.948449     8.5151      7.709   267.7524 9.2467e-01     2.9163      4.085      5.925    12.5702 0.0000e+00
      4.180      0.065     8.2319     75.353     38.909  28.940620     8.5248      7.705   268.0609 8.9121e-01     2.9661      4.092      5.935    12.4641 0.0000e+00
      4.202      0.073     8.1941     74.751     38.920  28.891339     8.5158      7.700   268.4207 8.6921e-01     2.9588      4.124      5.982    12.4342 0.0000e+00
      4.222      0.081     8.1590     74.119     38.980  28.859668     8.5231      7.697   268.6613 8.7065e-01     2.8964      4.146      6.013    12.3856 0.0000e+00
      4.237      0.083     8.1340     73.357     39.121  28.874565     8.8284      7.694   268.6464 8.5036e-01     2.8264      4.145      6.011    12.2720 0.0000e+00
      4.268      0.076     8.0903     72.416     39.211  28.881173     9.4026      7.690   268.6715 8.1114e-01     2.8307      4.182      6.066    12.1727 0.0000e+00
      4.304      0.063     8.0296     71.306     39.228  28.876108     9.7232      7.686   268.7927 7.9114e-01     2.8796      4.236      6.143    12.1288 0.0000e+00
      4.318      0.050     7.9886     70.061     39.233  28.876699     9.8078      7.684   268.9064 7.8835e-01     2.9050      4.239      6.148    12.0299 0.0000e+00
      4.318      0.038     7.9332     68.740     39.249  28.888325    10.4680      7.681   269.0140 7.8743e-01     2.9669      4.232      6.139    11.8807 0.0000e+00
      4.318      0.028     7.8451     67.375     39.246  28.889894    11.6963      7.678   269.1475 7.8688e-01     3.0469      4.237      6.144    11.8001 0.0000e+00
      4.319      0.028     7.7255     66.083     39.191  28.832278    12.3743      7.675   269.4882 7.9273e-01     3.0533      4.233      6.141    11.7995 0.0000e+00
      4.323      0.037     7.5849     65.014     39.193  28.762198    12.4389      7.672   269.8637 8.0051e-01     3.0434      4.238      6.147    11.8009 0.0000e+00
      4.333      0.051     7.4462     64.194     39.310  28.739794    12.4355      7.669   270.0736 7.8643e-01     3.0299      4.244      6.155    11.7925 0.0000e+00
      4.353      0.064     7.2902     63.573     39.473  28.751444    12.3920      7.665   270.2194 7.5248e-01     2.9934      4.266      6.188    11.8065 0.0000e+00
      4.376      0.070     7.1401     63.029     39.657  28.776151    12.3458      7.661   270.3364 7.3063e-01     2.9778      4.298      6.233    11.8168 0.0000e+00
      4.395      0.069     7.0425     62.316     39.789  28.784839    12.3436      7.656   270.6276 7.1139e-01     2.9783      4.306      6.245    11.7115 0.0000e+00
      4.418      0.061     6.9831     61.198     39.836  28.793013    12.3653      7.652   271.0731 6.8430e-01     2.9989      4.331      6.282    11.5376 0.0000e+00
      4.440      0.048     6.9364     59.578     39.831  28.811567    12.5827      7.649   271.3356 6.7785e-01     2.9871      4.363      6.329    11.4252 0.0000e+00
      4.447      0.034     6.9118     57.400     39.794  28.819024    12.9914      7.645   271.3924 6.7256e-01     2.9724      4.361      6.326    11.2734 0.0000e+00
      4.447      0.022     6.8688     54.735     39.750  28.819817    13.2124      7.642   271.3294 6.5558e-01     3.0259      4.359      6.323    11.1296 0.0000e+00
      4.448      0.012     6.7475     51.890     39.709  28.821184    13.2486      7.639   271.1756 6.5260e-01     3.0198      4.363      6.328    11.1172 0.0000e+00
      4.450      0.005     6.5670     49.256     39.685  28.835587    13.4045      7.636   271.0816 6.5579e-01     2.9324      4.364      6.329    11.1616 0.0000e+00
      4.450      0.003     6.3200     47.141     39.690  28.867219    13.6826      7.633   271.3978 6.6144e-01     2.8916      4.365      6.331    11.2096 0.0000e+00
      4.450      0.002     6.0074     45.700     39.685  28.886715    13.8387      7.629   272.0730 6.6741e-01     2.9026      4.364      6.330    11.2500 0.0000e+00
      4.451      0.002     5.6751     44.973     39.650  28.881168    13.8604      7.626   272.5349 6.6621e-01     2.9285      4.365      6.331    11.2863 0.0000e+00
      4.451      0.001     5.3681     44.897     39.604  28.863568    13.9289      7.623   272.6802 6.6311e-01     2.9315      4.365      6.331    11.3297 0.0000e+00
      4.451      0.001     5.1282     45.325     39.584  28.864095    14.0494      7.620   272.7975 6.5981e-01     2.8708      4.365      6.331    11.3657 0.0000e+00
      4.452      0.001     4.9653     46.074     39.601  28.887561    14.1204      7.618   272.9197 6.5616e-01     2.8438      4.366      6.333    11.3925 0.0000e+00
      4.452      0.002     4.8859     46.966     39.604  28.893737    14.1384      7.616   272.9536 6.5763e-01     2.9111      4.366      6.332    11.4199 0.0000e+00
      4.452      0.011     4.8811     47.854     39.571  28.875381    14.1742      7.613   273.1217 6.6172e-01     3.0016      4.367      6.333    11.4377 0.0000e+00
      4.453      0.031     4.9333     48.681     39.536  28.855806    14.2368      7.611   273.7473 6.5866e-01     3.0496      4.366      6.332    11.4572 0.0000e+00
      4.454      0.056     5.0192     49.464     39.554  28.847237    14.2634      7.607   274.6678 6.4919e-01     3.0484      4.368      6.335    11.4781 0.0000e+00
      4.459      0.076     5.1231     50.162     39.634  28.835145    14.2625      7.602   275.3032 6.3638e-01     3.0558      4.365      6.332    11.4732 0.0000e+00
      4.487      0.089     5.2226     50.710     39.767  28.836307    14.3264      7.596   275.4922 6.0936e-01     3.0698      4.383      6.357    11.4784 0.0000e+00
      4.541      0.094     5.3058     51.054     39.887  28.861179    15.0188      7.591   275.6635 5.7343e-01     3.0467      4.461      6.471    11.5015 0.0000e+00
      4.583      0.091     5.3957     51.097     39.934  28.882233    16.2837      7.586   275.5673 5.6300e-01     3.0159      4.512      6.545    11.4908 0.0000e+00
      4.593      0.076     5.4871     50.691     39.953  28.900685    16.9780      7.580   275.2750 5.6878e-01     3.0046      4.500      6.528    11.3922 0.0000e+00
      4.600      0.053     5.5686     49.722     39.938  28.894112    17.0792      7.574   275.6570 5.6234e-01     3.0136      4.507      6.538    11.2318 0.0000e+00
      4.611      0.030     5.6209     48.247     39.893  28.866152    17.3492      7.570   276.3144 5.5369e-01     3.0226      4.528      6.567    11.1473 0.0000e+00
      4.615      0.016     5.6307     46.493     39.906  28.879582    17.7955      7.566   276.8563 5.4902e-01     2.9763      4.526      6.564    11.1560 0.0000e+00
      4.615      0.014     5.5909     44.729     39.961  28.929721    18.0398      7.563   277.3046 5.4254e-01     2.9320      4.525      6.562    11.1678 0.0000e+00
