Data/DataNotYetUploadedToEDI/Raw_CTD/RawDownloads/052526_bvr50_S8188001.cnv
* Sea-Bird SBE19plus  Data File:
* FileName = C:\R\Reservoirs\Data\DataNotYetUploadedToEDI\Raw_CTD\RawDownloads\062526_ccr50_S8188_0001.hex
* Software version 2.8.0.119
* Temperature SN = 8188
* Conductivity SN = 8188
* System UpLoad Time = Jun 29 2026 18:06:19
* <ApplicationData>
* <Seaterm232>
# nquan = 16
# nvalues = 1540                        
# units = specified
# name 0 = depFM: Depth [fresh water, m]
# name 1 = dz/dtM: Descent Rate [m/s]
# name 2 = sbeox0Mg/L: Oxygen, SBE 43 [mg/l]
# name 3 = sbeox0PS: Oxygen, SBE 43 [% saturation]
# name 4 = specc: Specific Conductance [uS/cm]
# name 5 = c0uS/cm: Conductivity [uS/cm]
# name 6 = wetCDOM: Fluorescence, WET Labs CDOM [mg/m^3]
# name 7 = flECO-AFL: Fluorescence, WET Labs ECO-AFL/FL [mg/m^3]
# name 8 = flECO-AFL1: Fluorescence, WET Labs ECO-AFL/FL, 2 [mg/m^3]
# name 9 = flECO-AFL2: Fluorescence, WET Labs ECO-AFL/FL, 3 [mg/m^3]
# name 10 = par/sat/log: PAR/Logarithmic, Satlantic
# name 11 = turbWETntu0: Turbidity, WET Labs ECO [NTU]
# name 12 = prdM: Pressure, Strain Gauge [db]
# name 13 = prdE: Pressure, Strain Gauge [psi]
# name 14 = tv290C: Temperature [ITS-90, deg C]
# name 15 = flag:  0.000e+00
# span 0 =     -0.723,      5.319       
# span 1 =     -0.245,      0.175       
# span 2 =    -1.3006,    11.3418       
# span 3 =    -12.539,    112.879       
# span 4 =      4.005,     91.526       
# span 5 =   3.493823,  70.837217       
# span 6 =    -4.5000,    34.6500       
# span 7 =    -0.3685,    14.3908       
# span 8 =    -2.1300,     0.2982       
# span 9 =    -2.0304,     4.6953       
# span 10 = 1.1592e-01, 4.4409e+02      
# span 11 =    -1.1253,   120.2398      
# span 12 =     -0.709,      5.216      
# span 13 =     -1.028,      7.565      
# span 14 =    13.6953,    18.7423      
# span 15 = 0.0000e+00, 0.0000e+00      
# interval = seconds: 0.25
# start_time = May 25 2026 10:29:19 [Instrument's time stamp, header]
# bad_flag = -9.990e-29
*END*
[from data line 814]
      0.635      0.034     6.5612     71.221     36.228  31.594291    20.6100     2.4354     0.2130     1.2690 3.3403e+01     5.7935      0.623      0.903    18.6008 0.0000e+00
      0.643      0.032     6.5798     71.519     36.215  31.582568    20.6100     2.4506     0.2130     1.2690 3.3237e+01     5.7935      0.630      0.914    18.6003 0.0000e+00
      0.650      0.031     6.6031     71.791     36.197  31.567052    20.6100     2.4315     0.2130     1.2690 3.2999e+01     5.7179      0.638      0.925    18.5999 0.0000e+00
      0.657      0.031     6.6306     72.022     36.197  31.567507    20.6100     2.4315     0.2130     1.2690 3.2913e+01     5.7179      0.645      0.935    18.5996 0.0000e+00
      0.665      0.031     6.6596     72.189     36.211  31.580069    20.5200     2.4163     0.1704     1.1421 3.2928e+01     5.9596      0.652      0.946    18.5996 0.0000e+00
      0.673      0.032     6.6875     72.269     36.220  31.588173    20.5200     2.4430     0.1704     1.1421 3.1844e+01     5.8539      0.660      0.957    18.5997 0.0000e+00
      0.682      0.033     6.7129     72.264     36.222  31.589996    20.5200     2.4315     0.1704     1.1421 3.1071e+01     5.9596      0.668      0.969    18.6000 0.0000e+00
      0.691      0.033     6.7344     72.200     36.231  31.597974    20.5200     2.4582     0.1704     1.1421 3.0503e+01     5.9747      0.677      0.982    18.6004 0.0000e+00
      0.699      0.034     6.7499     72.107     36.256  31.620209    20.5200     2.3324     0.1704     1.1421 2.9899e+01     5.8388      0.686      0.994    18.6010 0.0000e+00
      0.708      0.035     6.7573     71.997     36.264  31.626781    20.5200     2.3285     0.1704     1.1421 3.0213e+01     5.8237      0.694      1.006    18.6017 0.0000e+00
      0.716      0.036     6.7567     71.878     36.242  31.607491    20.5200     2.2828     0.1704     1.1421 3.0305e+01     5.7330      0.702      1.018    18.6022 0.0000e+00
      0.724      0.038     6.7508     71.744     36.221  31.589063    20.5200     2.3285     0.1704     1.1421 3.0095e+01     5.6877      0.711      1.030    18.6025 0.0000e+00
      0.734      0.040     6.7420     71.586     36.211  31.580524    20.5200     2.3667     0.1704     1.0998 2.9206e+01     6.0050      0.720      1.044    18.6025 0.0000e+00
      0.745      0.042     6.7318     71.406     36.210  31.579598    20.5200     2.3705     0.1704     1.0998 2.8208e+01     5.9596      0.731      1.060    18.6023 0.0000e+00
      0.757      0.044     6.7207     71.215     36.204  31.574087    20.5200     2.3591     0.1704     1.0998 2.6955e+01     6.0050      0.742      1.077    18.6021 0.0000e+00
      0.769      0.045     6.7082     71.022     36.200  31.570488    20.5200     2.3934     0.1704     1.0998 2.6290e+01     5.9596      0.754      1.094    18.6019 0.0000e+00
      0.781      0.044     6.6934     70.831     36.215  31.583776    20.5200     2.4735     0.1704     1.0998 2.6011e+01     5.7481      0.766      1.111    18.6016 0.0000e+00
      0.792      0.043     6.6767     70.643     36.230  31.597577    20.5200     2.5078     0.1704     1.1421 2.5452e+01     5.7028      0.777      1.127    18.6013 0.0000e+00
      0.803      0.041     6.6589     70.468     36.226  31.593663    20.5200     2.5040     0.1704     1.1421 2.4583e+01     5.7028      0.788      1.142    18.6010 0.0000e+00
      0.814      0.039     6.6409     70.331     36.193  31.565015    20.5200     2.4811     0.1704     1.1421 2.4023e+01     5.5820      0.798      1.158    18.6009 0.0000e+00
      0.824      0.036     6.6230     70.257     36.147  31.525901    20.5200     2.5498     0.1704     1.1421 2.3420e+01     5.5216      0.808      1.172    18.6013 0.0000e+00
      0.833      0.032     6.6053     70.253     36.103  31.487801    20.5200     2.5383     0.1704     1.3113 2.3192e+01     5.5064      0.817      1.185    18.6018 0.0000e+00
      0.840      0.029     6.5888     70.320     36.074  31.462462    20.5200     2.5460     0.1704     1.3113 2.2986e+01     5.4158      0.824      1.195    18.6022 0.0000e+00
      0.847      0.026     6.5760     70.453     36.086  31.473004    20.5200     2.5498     0.1704     1.3113 2.2832e+01     5.4460      0.831      1.205    18.6025 0.0000e+00
      0.853      0.024     6.5691     70.642     36.108  31.492361    20.5200     2.3209     0.1704     1.3113 2.2837e+01     5.7028      0.837      1.214    18.6028 0.0000e+00
      0.859      0.022     6.5686     70.859     36.108  31.491838    20.4300     2.2942     0.1704     1.1844 2.2733e+01     5.7028      0.842      1.221    18.6032 0.0000e+00
      0.864      0.021     6.5748     71.050     36.102  31.487228    20.4300     2.3095     0.1704     1.1844 2.2546e+01     5.6726      0.847      1.229    18.6035 0.0000e+00
      0.869      0.021     6.5872     71.160     36.114  31.497218    20.4300     2.3209     0.1704     1.1844 2.2429e+01     5.6877      0.852      1.236    18.6038 0.0000e+00
      0.874      0.021     6.6049     71.144     36.141  31.520490    20.4300     2.4811     0.1704     1.1844 2.2365e+01     5.1892      0.858      1.244    18.6039 0.0000e+00
      0.880      0.021     6.6252     70.971     36.154  31.531382    20.4300     2.4659     0.1704     1.0152 2.2254e+01     5.1590      0.863      1.251    18.6039 0.0000e+00
      0.885      0.022     6.6431     70.632     36.152  31.528815    20.4300     2.5002     0.1704     1.0152 2.1980e+01     5.2194      0.868      1.259    18.6037 0.0000e+00
      0.891      0.023     6.6534     70.138     36.165  31.539988    20.4300     2.4735     0.1704     1.0152 2.1847e+01     5.2194      0.874      1.267    18.6033 0.0000e+00
      0.897      0.024     6.6520     69.514     36.191  31.561905    20.4300     2.6871     0.1704     1.0152 2.1507e+01     5.0986      0.879      1.276    18.6027 0.0000e+00
      0.903      0.025     6.6359     68.800     36.192  31.562570    20.4300     2.6909     0.1704     1.0152 2.1247e+01     5.2496      0.886      1.285    18.6021 0.0000e+00
      0.910      0.026     6.6043     68.044     36.167  31.540167    20.3400     2.6948     0.1704     1.0998 2.0899e+01     5.1892      0.892      1.294    18.6014 0.0000e+00
      0.917      0.027     6.5581     67.285     36.157  31.530548    20.3400     2.6757     0.1704     1.0998 2.0709e+01     5.2647      0.899      1.304    18.6007 0.0000e+00
      0.924      0.028     6.4999     66.558     36.177  31.547082    20.3400     2.4964     0.1704     1.0998 2.0593e+01     5.1439      0.906      1.313    18.6001 0.0000e+00
      0.931      0.030     6.4332     65.896     36.200  31.566293    20.3400     2.5002     0.1704     1.0998 2.0207e+01     5.1892      0.913      1.323    18.5995 0.0000e+00
      0.938      0.032     6.3626     65.321     36.205  31.569406    20.5200     2.4926     0.1704     1.0152 2.0011e+01     5.1741      0.920      1.334    18.5989 0.0000e+00
      0.946      0.035     6.2917     64.842     36.194  31.557249    20.5200     2.4926     0.1704     1.0152 1.9902e+01     5.1590      0.928      1.346    18.5981 0.0000e+00
      0.955      0.038     6.2238     64.458     36.189  31.550480    20.5200     2.4277     0.1704     1.0152 1.9726e+01     5.1892      0.937      1.358    18.5970 0.0000e+00
      0.965      0.041     6.1622     64.156     36.197  31.555263    20.5200     2.4201     0.1704     1.0152 1.9377e+01     5.2798      0.946      1.373    18.5955 0.0000e+00
      0.976      0.044     6.1087     63.920     36.188  31.544987    20.4300     2.4315     0.1704     1.0998 1.8903e+01     5.1288      0.957      1.389    18.5932 0.0000e+00
      0.988      0.047     6.0642     63.747     36.168  31.524880    20.4300     2.4239     0.1704     1.0998 1.8457e+01     5.2798      0.969      1.406    18.5903 0.0000e+00
      1.001      0.049     6.0287     63.640     36.163  31.517463    20.4300     2.3858     0.1704     1.0998 1.8166e+01     5.1892      0.982      1.424    18.5872 0.0000e+00
      1.015      0.050     6.0008     63.620     36.162  31.512791    20.4300     2.3667     0.1704     1.0998 1.7803e+01     5.2798      0.995      1.443    18.5840 0.0000e+00
      1.028      0.049     5.9792     63.724     36.156  31.505636    20.5200     2.3438     0.1704     1.0998 1.7439e+01     5.2194      1.008      1.462    18.5807 0.0000e+00
      1.041      0.047     5.9635     64.005     36.150  31.498071    20.5200     2.3667     0.1704     1.0998 1.6571e+01     5.2950      1.021      1.481    18.5769 0.0000e+00
      1.054      0.043     5.9540     64.533     36.144  31.492065    20.5200     2.3133     0.1704     1.0998 1.6222e+01     4.7360      1.033      1.499    18.5723 0.0000e+00
      1.064      0.039     5.9527     65.358     36.146  31.493980    20.5200     2.3018     0.1704     1.0998 1.6204e+01     4.7662      1.044      1.514    18.5676 0.0000e+00
      1.073      0.034     5.9629     66.474     36.129  31.480428    20.5200     2.2942     0.1704     1.0998 1.6200e+01     4.6907      1.053      1.527    18.5640 0.0000e+00
      1.081      0.029     5.9895     67.823     36.092  31.449786    20.5200     2.2980     0.1704     1.1844 1.5966e+01     4.8267      1.060      1.538    18.5617 0.0000e+00
      1.087      0.025     6.0390     69.317     36.089  31.447660    20.5200     2.2980     0.1704     1.1844 1.5825e+01     4.9928      1.066      1.547    18.5604 0.0000e+00
      1.093      0.021     6.1163     70.824     36.121  31.475475    20.5200     2.3018     0.1704     1.1844 1.5627e+01     5.0533      1.072      1.554    18.5607 0.0000e+00
      1.098      0.019     6.2204     72.183     36.143  31.494837    20.5200     2.2904     0.1704     1.1844 1.5593e+01     4.9626      1.077      1.561    18.5624 0.0000e+00
      1.102      0.017     6.3464     73.241     36.153  31.502945    20.4300     2.3095     0.1704     1.1421 1.5630e+01     5.0684      1.081      1.567    18.5642 0.0000e+00
      1.105      0.016     6.4861     73.881     36.179  31.525861    20.4300     2.1798     0.1704     1.1421 1.5610e+01     4.7360      1.084      1.572    18.5650 0.0000e+00
      1.109      0.015     6.6272     74.042     36.220  31.561728    20.4300     2.2103     0.1704     1.1421 1.5715e+01     4.7511      1.088      1.577    18.5650 0.0000e+00
      1.112      0.015     6.7544     73.731     36.241  31.580276    20.4300     2.1874     0.1704     1.1421 1.5766e+01     4.7511      1.091      1.582    18.5646 0.0000e+00
      1.116      0.016     6.8534     73.011     36.239  31.578486    20.4300     2.1912     0.1278     1.0998 1.5825e+01     4.7360      1.094      1.587    18.5642 0.0000e+00
      1.120      0.019     6.9133     71.985     36.236  31.575798    20.4300     2.1721     0.1278     1.0998 1.5928e+01     5.0079      1.098      1.593    18.5642 0.0000e+00
      1.124      0.022     6.9283     70.782     36.225  31.565518    20.4300     2.2027     0.1278     1.0998 1.5952e+01     4.9626      1.103      1.599    18.5645 0.0000e+00
      1.130      0.025     6.8991     69.528     36.193  31.534948    20.4300     2.1874     0.1278     1.0998 1.5935e+01     4.9626      1.108      1.607    18.5651 0.0000e+00
      1.136      0.029     6.8317     68.321     36.158  31.501827    20.3400     2.1798     0.1278     1.2267 1.5749e+01     5.0533      1.115      1.617    18.5655 0.0000e+00
      1.145      0.034     6.7357     67.234     36.138  31.479233    20.3400     2.3667     0.1278     1.2267 1.5377e+01     5.0079      1.123      1.628    18.5653 0.0000e+00
      1.154      0.038     6.6233     66.332     36.126  31.461139    20.3400     2.3743     0.1278     1.2267 1.4929e+01     4.8720      1.132      1.642    18.5639 0.0000e+00
      1.164      0.042     6.5064     65.658     36.115  31.442720    20.3400     2.3858     0.1278     1.2267 1.4800e+01     4.9777      1.142      1.656    18.5611 0.0000e+00
      1.176      0.046     6.3940     65.227     36.105  31.427031    20.3400     2.3629     0.1278     1.2267 1.4746e+01     4.9626      1.153      1.672    18.5564 0.0000e+00
      1.188      0.049     6.2932     65.049     36.103  31.421838    20.3400     2.3781     0.1704     1.1844 1.4335e+01     4.9626      1.165      1.690    18.5493 0.0000e+00
      1.201      0.052     6.2101     65.125     36.102  31.417788    20.3400     2.3514     0.1704     1.1844 1.3690e+01     4.9324      1.178      1.709    18.5388 0.0000e+00
      1.216      0.053     6.1484     65.427     36.077  31.393885    20.3400     2.3858     0.1704     1.1844 1.3462e+01     5.0079      1.192      1.730    18.5269 0.0000e+00
      1.230      0.053     6.1092     65.891     36.042  31.361681    20.3400     2.3629     0.1704     1.1844 1.2983e+01     4.9928      1.206      1.750    18.5177 0.0000e+00
      1.244      0.052     6.0933     66.426     36.035  31.354412    20.3400     2.2942     0.1704     1.0998 1.2742e+01     4.9475      1.220      1.770    18.5123 0.0000e+00
      1.258      0.051     6.1009     66.942     36.064  31.378107    20.3400     2.3362     0.1704     1.0998 1.2550e+01     4.9022      1.233      1.789    18.5082 0.0000e+00
      1.270      0.049     6.1296     67.378     36.104  31.411202    20.3400     2.3591     0.1704     1.0998 1.2479e+01     5.0381      1.246      1.807    18.5045 0.0000e+00
      1.282      0.047     6.1734     67.717     36.128  31.428661    20.3400     2.3018     0.1704     1.0998 1.2254e+01     4.9777      1.257      1.824    18.5022 0.0000e+00
      1.294      0.045     6.2237     67.971     36.150  31.441118    20.1600     2.1149     0.1704     1.0998 1.2150e+01     4.8569      1.269      1.840    18.5009 0.0000e+00
      1.305      0.044     6.2722     68.165     36.187  31.463843    20.1600     2.1378     0.1704     1.0998 1.2042e+01     4.9928      1.280      1.856    18.4995 0.0000e+00
      1.316      0.042     6.3135     68.328     36.202  31.465054    20.1600     2.1302     0.1704     1.0998 1.1904e+01     4.9626      1.290      1.872    18.4968 0.0000e+00
      1.326      0.041     6.3459     68.484     36.189  31.441089    20.1600     2.1569     0.1704     1.0998 1.1835e+01     5.0230      1.301      1.887    18.4917 0.0000e+00
      1.337      0.039     6.3708     68.645     36.197  31.437341    20.1600     2.3095     0.1704     1.0998 1.1578e+01     4.7058      1.311      1.902    18.4832 0.0000e+00
      1.347      0.037     6.3907     68.803     36.225  31.452810    20.0700     2.2980     0.1278     1.0152 1.1277e+01     4.7058      1.321      1.916    18.4702 0.0000e+00
      1.357      0.034     6.4082     68.930     36.243  31.461745    20.0700     2.3133     0.1278     1.0152 1.1238e+01     4.8720      1.331      1.930    18.4531 0.0000e+00
      1.365      0.032     6.4252     68.995     36.267  31.474496    20.0700     2.2866     0.1278     1.0152 1.1211e+01     4.7360      1.339      1.942    18.4354 0.0000e+00
      1.372      0.029     6.4423     68.976     36.300  31.494464    20.0700     2.2789     0.1278     1.0152 1.1199e+01     4.7511      1.346      1.952    18.4205 0.0000e+00
      1.379      0.028     6.4586     68.858     36.324  31.507055    20.0700     2.2446     0.1278     1.0152 1.1192e+01     4.8115      1.352      1.961    18.4089 0.0000e+00
      1.386      0.027     6.4718     68.636     36.333  31.507660    20.0700     2.2561     0.1278     1.0152 1.1131e+01     4.7662      1.359      1.970    18.3988 0.0000e+00
      1.392      0.026     6.4793     68.313     36.337  31.504407    20.0700     2.2484     0.1278     1.0152 1.1054e+01     4.8115      1.365      1.980    18.3883 0.0000e+00
      1.399      0.027     6.4789     67.911     36.346  31.504394    20.0700     2.2637     0.1278     1.0152 1.0873e+01     4.7813      1.372      1.989    18.3768 0.0000e+00
