Data/DataNotYetUploadedToEDI/Raw_CTD/RawDownloads/052526_fcr50_S7809001.cnv
* Sea-Bird SBE19plus  Data File:
* FileName = C:\R\Reservoirs\Data\DataNotYetUploadedToEDI\Raw_CTD\RawDownloads\062926_fcr50_S7809_0001.hex
* Software version 2.8.0.119
* Temperature SN = 7809
* Conductivity SN = 7809
* System UpLoad Time = Jun 30 2026 08:58:25
* <ApplicationData>
* <Seaterm232>
# nquan = 15
# nvalues = 1780                        
# units = specified
# name 0 = depFM: Depth [fresh water, m]
# name 1 = dz/dtM: Descent Rate [m/s]
# name 2 = sbeox0Mg/L: Oxygen, SBE 43 [mg/l]
# name 3 = sbeox0PS: Oxygen, SBE 43 [% saturation]
# name 4 = specc: Specific Conductance [uS/cm]
# name 5 = c0uS/cm: Conductivity [uS/cm]
# name 6 = flECO-AFL: Fluorescence, WET Labs ECO-AFL/FL [mg/m^3]
# name 7 = ph: pH
# name 8 = orp: Oxidation Reduction Potential [mV]
# name 9 = par/sat/log: PAR/Logarithmic, Satlantic
# name 10 = turbWETntu0: Turbidity, WET Labs ECO [NTU]
# name 11 = prdM: Pressure, Strain Gauge [db]
# name 12 = prdE: Pressure, Strain Gauge [psi]
# name 13 = tv290C: Temperature [ITS-90, deg C]
# name 14 = flag:  0.000e+00
# span 0 =     -0.622,      9.542       
# span 1 =     -0.348,      0.277       
# span 2 =    -0.1346,    10.0202       
# span 3 =     -1.151,    108.123       
# span 4 =      1.024,    153.259       
# span 5 =   0.919633, 103.825994       
# span 6 =    -0.0503,    14.0703       
# span 7 =      8.934,     12.258       
# span 8 =  -197.6732,   131.4602       
# span 9 = 1.2359e-01, 2.4983e+02       
# span 10 =    -0.1209,    49.2009      
# span 11 =     -0.610,      9.358      
# span 12 =     -0.885,     13.572      
# span 13 =     8.8526,    19.9307      
# span 14 = 0.0000e+00, 0.0000e+00      
# interval = seconds: 0.25
# start_time = May 25 2026 12:15:19 [Instrument's time stamp, header]
# bad_flag = -9.990e-29
*END*
[from data line 97]
      0.429      0.001     8.8032     94.530     36.641  32.404654    11.0225     11.957     2.9773 5.5844e+01     5.1037      0.420      0.610    19.1804 0.0000e+00
      0.429      0.001     8.7948     94.218     36.665  32.428885    11.0641     11.960     2.7649 5.5737e+01     5.2094      0.420      0.610    19.1917 0.0000e+00
      0.429      0.001     8.7801     93.841     36.676  32.442725    11.0579     11.963     2.5874 5.5657e+01     5.2922      0.421      0.611    19.2016 0.0000e+00
      0.429      0.001     8.7577     93.425     36.675  32.445117    11.0138     11.966     2.6381 5.5589e+01     5.3201      0.421      0.611    19.2086 0.0000e+00
      0.429      0.001     8.7301     92.983     36.686  32.457822    10.9812     11.969     3.0336 5.5571e+01     5.3416      0.422      0.612    19.2143 0.0000e+00
      0.429      0.001     8.7038     92.516     36.696  32.469460    10.9795     11.972     3.3261 5.5596e+01     5.4148      0.421      0.611    19.2191 0.0000e+00
      0.430      0.001     8.6655     92.060     36.681  32.458960    10.9850     11.974     3.1627 5.5625e+01     5.4887      0.422      0.612    19.2241 0.0000e+00
      0.430      0.000     8.6256     91.603     36.678  32.457741    11.0143     11.976     2.8642 5.5643e+01     5.4492      0.421      0.611    19.2290 0.0000e+00
      0.430      0.000     8.5858     91.107     36.674  32.454724    11.0927     11.978     2.6422 5.5596e+01     5.3813      0.422      0.613    19.2336 0.0000e+00
      0.430      0.001     8.5383     90.642     36.637  32.422494    11.1671     11.982     2.3722 5.5554e+01     5.4191      0.422      0.612    19.2373 0.0000e+00
      0.430      0.010     8.4976     90.354     36.666  32.448680    11.1976     11.984     2.6962 5.5548e+01     5.5308      0.423      0.613    19.2403 0.0000e+00
      0.430      0.033     8.4562     90.143     36.744  32.517570    11.1208     11.984     3.6345 5.5514e+01     5.5698      0.421      0.611    19.2426 0.0000e+00
      0.430      0.068     8.4107     90.047     36.724  32.494168    10.9468     11.990     3.9089 5.5476e+01     5.4812      0.424      0.615    19.2433 0.0000e+00
      0.434      0.099     8.3558     90.599     36.652  32.419479    10.8243     12.004     3.6046 5.4501e+01     5.3818      0.420      0.608    19.2447 0.0000e+00
      0.464      0.118     8.3358     91.996     36.610  32.375774    10.7968     12.017     3.3119 4.9601e+01     5.4273      0.431      0.625    19.2452 0.0000e+00
      0.532      0.123     8.3264     93.893     36.576  32.346358    10.6982     12.030     3.0361 4.2781e+01     5.4841      0.523      0.759    19.2468 0.0000e+00
      0.598      0.116     8.2835     95.820     36.539  32.317572    10.4726     12.042     3.2809 3.9812e+01     5.4536      0.608      0.882    19.2404 0.0000e+00
      0.624      0.096     8.3343     97.289     36.494  32.281489    10.3240     12.050     4.1218 3.9591e+01     5.4349      0.618      0.896    19.2180 0.0000e+00
      0.627      0.066     8.4826     98.027     36.428  32.227274    10.2913     12.056     4.7718 3.9532e+01     5.3941      0.613      0.890    19.2071 0.0000e+00
      0.627      0.031     8.6685     98.045     36.358  32.169580    10.3107     12.062     4.8587 3.9585e+01     5.5065      0.615      0.892    19.2123 0.0000e+00
      0.627      0.008     8.8657     97.418     36.338  32.154880    10.3670     12.067     4.7422 3.9615e+01     5.7007      0.615      0.892    19.2184 0.0000e+00
      0.627      0.001     9.0088     96.212     36.360  32.176411    10.3814     12.072     4.8254 3.9671e+01     5.6933      0.615      0.892    19.2248 0.0000e+00
      0.627 3.7964e-08     9.0732     94.626     36.358  32.176165    10.3678     12.076     5.0040 3.9660e+01     5.6221      0.615      0.892    19.2306 0.0000e+00
      0.627 4.1761e-07     9.0700     92.932     36.328  32.151910    10.5108     12.078     5.0100 3.9633e+01     5.6589      0.615      0.892    19.2351 0.0000e+00
      0.627      0.000     9.0129     91.327     36.309  32.136903    10.7947     12.081     5.2417 3.9641e+01     5.7979      0.615      0.892    19.2387 0.0000e+00
      0.627      0.000     8.8931     89.896     36.290  32.121596    10.9546     12.084     5.8266 3.9651e+01     5.8333      0.615      0.892    19.2420 0.0000e+00
      0.627      0.001     8.7356     88.624     36.257  32.093711    10.9619     12.086     6.2308 3.9637e+01     5.7118      0.615      0.892    19.2451 0.0000e+00
      0.627      0.001     8.5734     87.474     36.210  32.053504    10.9075     12.089     6.3433 3.9637e+01     5.6272      0.615      0.892    19.2480 0.0000e+00
      0.628      0.001     8.4208     86.388     36.167  32.016088    10.5966     12.092     5.8961 3.9670e+01     5.6297      0.616      0.893    19.2507 0.0000e+00
      0.628      0.004     8.2913     85.383     36.173  32.021947    10.0838     12.095     5.2974 3.9702e+01     5.6388      0.616      0.894    19.2530 0.0000e+00
      0.629      0.021     8.1731     84.513     36.289  32.124348     9.8338     12.093     5.6439 3.9710e+01     5.5332      0.617      0.894    19.2548 0.0000e+00
      0.629      0.068     8.0705     83.802     36.495  32.302619     9.8222     12.087     6.6443 3.9709e+01     5.3767      0.617      0.893    19.2558 0.0000e+00
      0.630      0.139     7.9699     83.592     36.619  32.401112     9.9174     12.081     7.6713 3.9570e+01     5.4893      0.618      0.895    19.2572 0.0000e+00
      0.641      0.209     7.8712     84.509     36.597  32.363610    10.1358     12.078     8.3388 3.7829e+01     5.8696      0.615      0.892    19.2574 0.0000e+00
      0.698      0.257     7.7972     86.836     36.537  32.293243    10.2662     12.078     7.4872 3.2209e+01     6.1142      0.648      0.940    19.2588 0.0000e+00
      0.827      0.277     7.7204     90.179     36.494  32.248118    10.2872     12.081     5.6338 2.4403e+01     6.0899      0.803      1.164    19.2562 0.0000e+00
      0.972      0.267     7.6760     93.702     36.434  32.198633    10.3396     12.084     5.0305 1.9513e+01     5.9181      0.988      1.432    19.2405 0.0000e+00
      1.054      0.228     7.7539     96.639     36.359  32.138999    10.4585     12.088     5.4407 1.8397e+01     5.7787      1.057      1.533    19.2113 0.0000e+00
      1.075      0.164     7.9883     98.560     36.307  32.098048    10.5590     12.092     6.0347 1.8330e+01     5.8049      1.056      1.533    19.1802 0.0000e+00
      1.077      0.091     8.3307     99.328     36.286  32.084131    10.5731     12.095     6.7922 1.8328e+01     5.7912      1.056      1.531    19.1735 0.0000e+00
      1.077      0.046     8.6806     98.952     36.296  32.097611    10.6454     12.095     7.1129 1.8334e+01     5.6470      1.056      1.531    19.1833 0.0000e+00
      1.077      0.054     8.9636     97.579     36.336  32.134164    10.8420     12.090     7.5038 1.8262e+01     5.5645      1.055      1.530    19.1922 0.0000e+00
      1.078      0.099     9.1427     95.756     36.362  32.145461    10.9778     12.081     7.9911 1.8162e+01     5.6472      1.057      1.533    19.1997 0.0000e+00
      1.084      0.146     9.2107     94.405     36.346  32.107305    10.9811     12.072     7.7559 1.7635e+01     5.7928      1.057      1.533    19.2068 0.0000e+00
      1.123      0.176     9.1743     94.223     36.306  32.053421    10.5573     12.066     7.4993 1.5531e+01     5.6862      1.070      1.552    19.2128 0.0000e+00
      1.218      0.187     9.0294     95.163     36.252  32.001433     9.7571     12.063     7.8995 1.2301e+01     5.4171      1.187      1.721    19.2186 0.0000e+00
      1.322      0.179     8.8277     96.599     36.231  31.986238     9.3295     12.061     8.4649 1.0509e+01     5.3406      1.330      1.930    19.2068 0.0000e+00
      1.370      0.149     8.6829     97.883     36.238  31.996577     9.3150     12.061     8.6574 1.0320e+01     5.4099      1.357      1.969    19.1613 0.0000e+00
      1.376      0.094     8.6753     98.634     36.235  31.999567     9.3490     12.063     8.5059 1.0300e+01     5.4350      1.346      1.952    19.1292 0.0000e+00
      1.376      0.018     8.7881     98.713     36.249  32.022404     9.5491     12.068     8.0964 1.0247e+01     5.3714      1.349      1.957    19.1303 0.0000e+00
      1.377     -0.057     8.9425     98.157     36.224  32.018949     9.9286     12.074     7.4057 1.0280e+01     5.3233      1.352      1.962    19.1374 0.0000e+00
      1.370     -0.107     9.0709     97.087     36.133  31.957814    10.1592     12.078     7.0375 1.0780e+01     5.3998      1.353      1.961    19.1438 0.0000e+00
      1.339     -0.132     9.1442     95.727     36.077  31.917643    10.2061     12.078     7.8603 1.2332e+01     5.5798      1.329      1.927    19.1484 0.0000e+00
      1.273     -0.137     9.1468     94.467     36.080  31.913879    10.2216     12.077     9.6108 1.4762e+01     5.6883      1.257      1.823    19.1610 0.0000e+00
      1.197     -0.118     9.0857     93.586     36.104  31.912304    10.2051     12.073    10.7363 1.6417e+01     5.6872      1.155      1.675    19.1904 0.0000e+00
      1.155     -0.074     8.9769     93.087     36.127  31.898562    10.1643     12.069    10.8004 1.6430e+01     5.6691      1.116      1.618    19.2224 0.0000e+00
      1.150     -0.020     8.8313     92.944     36.145  31.874561    10.1520     12.069    10.8158 1.5970e+01     5.6750      1.129      1.637    19.2400 0.0000e+00
      1.165      0.019     8.7059     93.201     36.175  31.875800    10.1561     12.069    10.7501 1.5051e+01     5.6905      1.131      1.640    19.2289 0.0000e+00
      1.205      0.021     8.6345     93.762     36.210  31.913514    10.1228     12.069    10.8662 1.3398e+01     5.7189      1.171      1.698    19.1943 0.0000e+00
      1.256     -0.027     8.5982     94.372     36.216  31.949940    10.0741     12.070    11.6187 1.2556e+01     5.7452      1.250      1.813    19.1491 0.0000e+00
      1.271     -0.112     8.5915     94.763     36.161  31.935646    10.0333     12.074    12.0182 1.3399e+01     5.6662      1.269      1.839    19.0826 0.0000e+00
      1.229     -0.207     8.6279     94.756     36.055  31.867608     9.9958     12.076    12.2544 1.5696e+01     5.5840      1.220      1.769    19.0309 0.0000e+00
      1.139     -0.282     8.6862     94.336     35.990  31.825148     9.9459     12.074    12.7543 1.9763e+01     5.5028      1.131      1.641    19.0510 0.0000e+00
      1.012     -0.312     8.7414     93.707     36.040  31.866358     9.8954     12.072    12.6412 2.5580e+01     5.3684      0.998      1.447    19.1079 0.0000e+00
      0.875     -0.289     8.7760     93.286     36.129  31.921812     9.8852     12.072    12.2642 3.1466e+01     5.3249      0.847      1.227    19.1570 0.0000e+00
      0.772     -0.226     8.7689     93.451     36.169  31.924665    10.0719     12.077    12.5839 3.4417e+01     5.4558      0.729      1.058    19.1937 0.0000e+00
      0.737     -0.144     8.7210     94.301     36.174  31.900802    10.4385     12.084    13.0654 3.3212e+01     5.6869      0.702      1.019    19.2162 0.0000e+00
      0.755     -0.064     8.6462     95.620     36.180  31.886995    10.6467     12.090    13.1811 3.0707e+01     5.7623      0.740      1.074    19.2178 0.0000e+00
      0.783     -0.004     8.5998     96.975     36.190  31.884587    10.6578     12.095    13.1231 2.9561e+01     5.6496      0.775      1.124    19.1794 0.0000e+00
      0.796      0.026     8.6221     97.956     36.185  31.871668    10.6653     12.097    13.0517 2.9411e+01     5.5540      0.785      1.138    19.1228 0.0000e+00
      0.798      0.027     8.7143     98.349     36.176  31.857657    10.9202     12.099    13.0920 2.9433e+01     5.6310      0.783      1.136    19.0841 0.0000e+00
      0.799      0.015     8.8570     98.099     36.163  31.842049    11.4009     12.103    13.0088 2.9400e+01     5.8285      0.783      1.136    19.0608 0.0000e+00
      0.799      0.005     9.0006     97.254     36.130  31.809820    11.6583     12.106    12.8199 2.9354e+01     5.8247      0.784      1.137    19.0450 0.0000e+00
      0.799      0.001     9.0992     95.942     36.105  31.785170    11.6851     12.107    12.8729 2.9338e+01     5.6531      0.783      1.136    19.0340 0.0000e+00
      0.799 4.8517e-10     9.1382     94.344     36.121  31.797751    12.0086     12.107    13.2195 2.9308e+01     5.6333      0.784      1.137    19.0260 0.0000e+00
      0.799 5.3368e-09     9.1151     92.691     36.165  31.835057    12.6400     12.109    13.6550 2.9310e+01     5.7568      0.784      1.137    19.0202 0.0000e+00
      0.799 5.8705e-08     9.0321     91.160     36.190  31.855604    12.9682     12.111    13.8365 2.9320e+01     5.7793      0.784      1.137    19.0159 0.0000e+00
      0.799 5.8705e-08     8.9068     89.820     36.191  31.855874    12.9725     12.113    13.3498 2.9295e+01     5.6657      0.784      1.137    19.0131 0.0000e+00
      0.799 5.3363e-09     8.7493     88.750     36.172  31.838316    12.9827     12.114    12.5027 2.9261e+01     5.6132      0.784      1.137    19.0107 0.0000e+00
      0.799 4.7765e-10     8.5910     88.340     36.168  31.833624    13.0168     12.114    12.1977 2.9216e+01     5.6911      0.784      1.137    19.0086 0.0000e+00
      0.799 -3.855e-11     8.4469     89.059     36.209  31.862586    13.0521     12.114    12.5871 2.9189e+01     5.8213      0.784      1.137    19.0074 0.0000e+00
      0.799 -9.052e-10     8.3244     90.774     36.250  31.871292    13.0682     12.115    13.1672 2.9201e+01     5.8214      0.784      1.137    19.0058 0.0000e+00
      0.799 -1.000e-08     8.2134     93.099     36.320  31.875419    13.1290     12.117    13.3615 2.9224e+01     5.7259      0.784      1.138    19.0053 0.0000e+00
      0.799 -1.100e-07     8.1477     95.977     36.434  31.912408    13.2630     12.119    12.9580 2.9221e+01     5.6578      0.784      1.137    19.0037 0.0000e+00
      0.799 -2.771e-07     8.2253     99.228     36.511  31.937803    13.3560     12.119    12.3320 2.9184e+01     5.6468      0.784      1.137    19.0038 0.0000e+00
      0.799 -2.677e-07     8.4103    102.255     36.526  31.928666    13.3957     12.119    12.0734 2.9146e+01     5.7647      0.783      1.136    18.9769 0.0000e+00
      0.799 -9.975e-08     8.6363    104.545     36.538  31.928781    13.3768     12.120    12.1544 2.9116e+01     5.8192      0.784      1.137    18.8798 0.0000e+00
      0.799 -9.070e-09     8.9242    105.926     36.555  31.939183    13.2948     12.121    12.5368 2.9113e+01     5.7924      0.784      1.137    18.7749 0.0000e+00
      0.799 -8.245e-10     9.2653    106.484     36.545  31.927555    13.2689     12.121    13.2556 2.9152e+01     5.9189      0.784      1.138    18.7219 0.0000e+00
      0.799 -7.495e-11     9.5696    106.467     36.530  31.915067    13.3054     12.122    13.6180 2.9163e+01     6.0858      0.784      1.137    18.6976 0.0000e+00
      0.799 -6.815e-12     9.7888    106.049     36.528  31.915065    13.3203     12.122    13.3899 2.9123e+01     6.0342      0.784      1.137    18.6853 0.0000e+00
      0.799 -6.195e-13     9.9176    105.334     36.540  31.927533    13.4658     12.122    13.0789 2.9111e+01     5.8410      0.784      1.137    18.6812 0.0000e+00
      0.799 -5.630e-14     9.9579    104.537     36.554  31.938942    13.7825     12.122    12.9552 2.9122e+01     5.7989      0.784      1.137    18.6776 0.0000e+00
      0.799 -5.120e-15     9.9515    103.856     36.546  31.926134    13.9860     12.122    12.9271 2.9097e+01     5.9699      0.784      1.138    18.6766 0.0000e+00
      0.799 -4.654e-16     9.9113    103.336     36.529  31.899540    14.0455     12.122    12.9109 2.9072e+01     6.1321      0.784      1.137    18.6820 0.0000e+00
