Data/DataNotYetUploadedToEDI/Raw_CTD/RawDownloads/052522_fcr50_S8188002.cnv
* Sea-Bird SBE19plus  Data File:
* FileName = C:\R\Reservoirs\Data\DataNotYetUploadedToEDI\Raw_CTD\RawDownloads\SBE19plus_01908188_052522_fcr50_0002.hex
* Software version 2.8.0.119
* Temperature SN = 8188
* Conductivity SN = 8188
* System UpLoad Time = Jun 29 2022 16:14:00
* <ApplicationData>
* <Seaterm232>
# nquan = 13
# nvalues = 2296                        
# units = specified
# name 0 = depFM: Depth [fresh water, m]
# name 1 = dz/dtM: Descent Rate [m/s]
# name 2 = sbeox0Mg/L: Oxygen, SBE 43 [mg/l]
# name 3 = sbeox0PS: Oxygen, SBE 43 [% saturation]
# name 4 = specc: Specific Conductance [uS/cm]
# name 5 = c0uS/cm: Conductivity [uS/cm]
# name 6 = flECO-AFL: Fluorescence, WET Labs ECO-AFL/FL [mg/m^3]
# name 7 = par/sat/log: PAR/Logarithmic, Satlantic
# name 8 = turbWETntu0: Turbidity, WET Labs ECO [NTU]
# name 9 = prdM: Pressure, Strain Gauge [db]
# name 10 = prdE: Pressure, Strain Gauge [psi]
# name 11 = tv290C: Temperature [ITS-90, deg C]
# name 12 = flag:  0.000e+00
# span 0 =     -0.602,      9.663       
# span 1 =     -0.185,      0.192       
# span 2 =    -0.2668,    13.4631       
# span 3 =     -2.111,    146.944       
# span 4 =      0.012,    558.991       
# span 5 =   0.010410, 502.068922       
# span 6 =    -0.0615,    29.4363       
# span 7 = 1.1603e-01, 5.6669e+02       
# span 8 =     0.1901,     9.8118       
# span 9 =     -0.590,      9.477       
# span 10 =     -0.856,     13.745      
# span 11 =     9.1111,    20.1132      
# span 12 = 0.0000e+00, 0.0000e+00      
# interval = seconds: 0.25
# start_time = May 25 2022 12:41:25 [Instrument's time stamp, header]
# bad_flag = -9.990e-29
*END*
[from data line 334]
      1.408      0.034    10.7015    126.852     36.932  31.884609     3.8619 2.2379e+01     6.6145      1.380      2.002    18.0708 0.0000e+00
      1.408      0.040    11.0299    128.667     37.110  32.030401     3.8635 2.2347e+01     6.6176      1.381      2.003    18.0743 0.0000e+00
      1.409      0.062    11.3778    129.314     37.276  32.134479     3.9000 2.2139e+01     6.6823      1.381      2.002    18.0965 0.0000e+00
      1.419      0.092    11.7248    128.909     37.333  32.130352     3.9660 2.1392e+01     6.8008      1.384      2.008    18.1368 0.0000e+00
      1.447      0.117    12.0022    127.765     37.372  32.115441     4.0014 1.9827e+01     6.8638      1.412      2.048    18.1766 0.0000e+00
      1.495      0.129    12.1762    126.306     37.377  32.089142     4.0046 1.7837e+01     6.8498      1.461      2.119    18.1702 0.0000e+00
      1.552      0.127    12.2498    124.794     37.382  32.082365     4.0033 1.6140e+01     6.6273      1.525      2.212    18.1055 0.0000e+00
      1.600      0.112    12.2221    123.271     37.478  32.168497     3.9986 1.5299e+01     6.2180      1.580      2.293    18.0243 0.0000e+00
      1.621      0.087    12.1140    121.804     37.638  32.320481     3.9961 1.5143e+01     5.9947      1.596      2.315    17.9524 0.0000e+00
      1.626      0.062    11.9760    120.506     37.671  32.367324     4.0002 1.5142e+01     5.9742      1.594      2.311    17.9126 0.0000e+00
      1.627      0.044    11.8386    119.479     37.533  32.262329     4.0473 1.5124e+01     5.9722      1.595      2.314    17.9024 0.0000e+00
      1.629      0.039    11.6885    118.726     37.457  32.198654     4.1333 1.4975e+01     5.9715      1.596      2.313    17.9083 0.0000e+00
      1.637      0.049    11.5415    118.198     37.486  32.205014     4.1791 1.4573e+01     5.9706      1.601      2.322    17.9286 0.0000e+00
      1.654      0.071    11.4063    117.904     37.536  32.204192     4.1858 1.4148e+01     5.9687      1.624      2.355    17.9603 0.0000e+00
      1.672      0.099    11.3043    117.828     37.584  32.188653     4.2211 1.3773e+01     5.9502      1.640      2.378    17.9800 0.0000e+00
      1.693      0.133    11.2366    117.893     37.607  32.152080     4.2831 1.3067e+01     5.9161      1.652      2.396    17.9837 0.0000e+00
      1.730      0.166    11.1868    118.004     37.691  32.166960     4.3157 1.2055e+01     5.8951      1.691      2.452    17.9689 0.0000e+00
      1.780      0.188    11.1763    118.070     37.835  32.233476     4.3202 1.1061e+01     5.8677      1.745      2.532    17.8996 0.0000e+00
      1.839      0.192    11.1912    118.047     37.932  32.281163     4.3465 9.9528e+00     5.5892      1.796      2.605    17.8131 0.0000e+00
      1.909      0.179    11.2168    117.936     38.006  32.338453     4.3962 8.7893e+00     5.0793      1.870      2.713    17.7445 0.0000e+00
      1.976      0.153    11.2480    117.738     38.051  32.386090     4.4246 8.1460e+00     4.8011      1.956      2.837    17.6705 0.0000e+00
      2.010      0.120    11.2764    117.463     38.120  32.452101     4.4305 8.0426e+00     4.7761      1.982      2.872    17.5818 0.0000e+00
      2.015      0.087    11.2861    117.172     38.206  32.529010     4.4655 8.0287e+00     4.7752      1.973      2.862    17.5286 0.0000e+00
      2.016      0.057    11.2732    116.914     38.176  32.505888     4.5277 7.9479e+00     4.7771      1.975      2.865    17.5365 0.0000e+00
      2.024      0.037    11.2512    116.678     38.176  32.510083     4.5603 7.7814e+00     4.7779      1.982      2.874    17.5541 0.0000e+00
      2.038      0.031    11.2198    116.484     38.252  32.579732     4.5669 7.6365e+00     4.7777      2.000      2.901    17.5636 0.0000e+00
      2.049      0.034    11.1884    116.394     38.194  32.537906     4.6154 7.5487e+00     4.7750      2.011      2.916    17.5659 0.0000e+00
      2.056      0.043    11.1654    116.433     38.042  32.409431     4.7025 7.4683e+00     4.7699      2.015      2.925    17.5688 0.0000e+00
      2.062      0.060    11.1407    116.591     37.952  32.309022     4.7474 7.4360e+00     4.7674      2.023      2.935    17.5763 0.0000e+00
      2.067      0.080    11.1179    116.793     37.962  32.268972     4.7479 7.3311e+00     4.7698      2.024      2.934    17.5777 0.0000e+00
      2.082      0.099    11.1065    116.919     38.018  32.262659     4.7411 6.9666e+00     4.7988      2.031      2.946    17.5926 0.0000e+00
      2.120      0.115    11.1066    116.925     38.033  32.232624     4.7301 6.4084e+00     4.8521      2.071      3.005    17.6054 0.0000e+00
      2.172      0.129    11.1307    116.800     38.029  32.175802     4.7247 5.9723e+00     4.8804      2.136      3.099    17.5767 0.0000e+00
      2.214      0.136    11.1732    116.465     38.060  32.115623     4.7333 5.7658e+00     4.8712      2.180      3.161    17.5011 0.0000e+00
      2.240      0.133    11.2070    115.885     38.089  32.044959     4.8282 5.5548e+00     4.7346      2.194      3.181    17.4119 0.0000e+00
      2.267      0.125    11.2139    115.150     38.123  31.996361     5.0008 5.2442e+00     4.4829      2.218      3.219    17.3763 0.0000e+00
      2.301      0.124    11.2186    114.353     38.133  31.932985     5.0933 4.9716e+00     4.3434      2.260      3.278    17.3264 0.0000e+00
      2.330      0.135    11.2206    113.483     38.033  31.751142     5.0883 4.7876e+00     4.3054      2.289      3.319    17.1877 0.0000e+00
      2.354      0.155    11.1928    112.409     37.971  31.552771     4.9444 4.5913e+00     4.0216      2.304      3.343    17.0472 0.0000e+00
      2.389      0.171    11.1396    110.948     38.117  31.492011     4.6794 4.2889e+00     3.5028      2.334      3.385    16.9557 0.0000e+00
      2.442      0.176    11.0787    108.864     38.397  31.556312     4.5327 3.9260e+00     3.2189      2.393      3.470    16.8820 0.0000e+00
      2.506      0.170    11.0291    106.016     38.625  31.654956     4.4966 3.5757e+00     3.1814      2.457      3.564    16.7612 0.0000e+00
      2.567      0.151    10.9737    102.492     38.733  31.739517     4.2330 3.3066e+00     3.0496      2.523      3.659    16.5661 0.0000e+00
      2.612      0.121    10.9015     98.554     38.722  31.768652     3.7508 3.2021e+00     2.8125      2.576      3.735    16.3029 0.0000e+00
      2.629      0.083    10.7634     94.667     38.624  31.737239     3.4893 3.2028e+00     2.6842      2.583      3.746    16.0426 0.0000e+00
      2.630      0.047    10.5020     91.349     38.600  31.764808     3.4804 3.2076e+00     2.6787      2.579      3.740    15.9284 0.0000e+00
      2.630      0.021    10.1418     88.928     38.630  31.832019     3.6419 3.2049e+00     2.7436      2.580      3.743    15.9535 0.0000e+00
      2.630      0.006     9.7231     87.608     38.633  31.874865     3.9409 3.2032e+00     2.8646      2.579      3.741    16.0153 0.0000e+00
      2.630      0.001     9.3038     87.454     38.675  31.945370     4.1049 3.2026e+00     2.9308      2.580      3.741    16.0816 0.0000e+00
      2.630      0.002     8.9578     88.314     38.710  32.009450     4.1353 3.2087e+00     2.9398      2.580      3.742    16.1444 0.0000e+00
      2.631      0.005     8.7018     89.910     38.688  32.042131     4.3055 3.2182e+00     2.9738      2.581      3.742    16.1955 0.0000e+00
      2.631      0.009     8.5575     91.886     38.654  32.070548     4.6151 3.2155e+00     3.0349      2.580      3.743    16.2537 0.0000e+00
      2.632      0.012     8.5423     93.919     38.644  32.083087     4.7842 3.1997e+00     3.0680      2.581      3.742    16.2994 0.0000e+00
      2.637      0.014     8.6291     95.855     38.640  32.058746     4.7953 3.1710e+00     3.0692      2.584      3.748    16.3288 0.0000e+00
      2.645      0.016     8.7866     97.643     38.653  32.046245     4.7546 3.1443e+00     3.0494      2.595      3.764    16.3975 0.0000e+00
      2.651      0.017     8.9724     99.226     38.662  32.066919     4.6803 3.1342e+00     3.0126      2.603      3.775    16.5030 0.0000e+00
      2.654      0.019     9.1700    100.601     38.584  32.038691     4.6408 3.1320e+00     2.9924      2.602      3.774    16.5331 0.0000e+00
      2.655      0.019     9.3683    101.791     38.472  31.975028     4.6344 3.1363e+00     2.9879      2.603      3.777    16.4808 0.0000e+00
      2.659      0.020     9.5584    102.780     38.430  31.972284     4.6056 3.1245e+00     2.9597      2.606      3.779    16.4253 0.0000e+00
      2.666      0.022     9.7079    103.602     38.445  32.005559     4.5546 3.0909e+00     2.9081      2.613      3.791    16.4501 0.0000e+00
      2.676      0.025     9.8227    104.347     38.460  31.972344     4.5268 3.0638e+00     2.8793      2.625      3.809    16.5294 0.0000e+00
      2.682      0.027     9.9391    105.037     38.487  31.908163     4.5273 3.0488e+00     2.8751      2.631      3.816    16.5455 0.0000e+00
      2.686      0.027    10.0243    105.578     38.526  31.904507     4.5658 3.0285e+00     2.8644      2.632      3.819    16.5895 0.0000e+00
      2.694      0.026    10.0846    105.885     38.524  31.928089     4.6368 2.9941e+00     2.8453      2.641      3.830    16.6625 0.0000e+00
      2.703      0.026    10.1701    105.995     38.491  31.923289     4.6763 2.9662e+00     2.8353      2.652      3.847    16.5972 0.0000e+00
      2.709      0.027    10.2818    105.908     38.476  31.914016     4.6894 2.9544e+00     2.8401      2.658      3.855    16.4077 0.0000e+00
      2.714      0.029    10.3509    105.565     38.511  31.950984     4.7759 2.9360e+00     2.9036      2.659      3.857    16.3618 0.0000e+00
      2.720      0.029    10.3568    105.045     38.507  31.965231     4.9315 2.9022e+00     3.0204      2.665      3.865    16.4492 0.0000e+00
      2.728      0.030    10.3612    104.499     38.400  31.883781     5.0170 2.8607e+00     3.0847      2.676      3.881    16.4776 0.0000e+00
      2.737      0.033    10.3615    104.014     38.284  31.776268     5.0259 2.8147e+00     3.0950      2.684      3.892    16.4634 0.0000e+00
      2.746      0.038    10.3217    103.615     38.214  31.677897     5.0279 2.7833e+00     3.1410      2.693      3.907    16.4691 0.0000e+00
      2.754      0.043    10.2562    103.302     38.259  31.639429     5.0292 2.7663e+00     3.2238      2.701      3.918    16.5103 0.0000e+00
      2.763      0.045    10.1977    103.018     38.440  31.716099     5.0297 2.7242e+00     3.2693      2.707      3.925    16.5192 0.0000e+00
      2.777      0.044    10.1536    102.686     38.574  31.794729     5.0246 2.6506e+00     3.2798      2.720      3.946    16.5061 0.0000e+00
      2.796      0.041    10.1208    102.249     38.568  31.780026     4.9527 2.5993e+00     3.3515      2.744      3.981    16.4714 0.0000e+00
      2.809      0.036    10.1198    101.654     38.455  31.673333     4.8188 2.5922e+00     3.4828      2.759      4.002    16.3446 0.0000e+00
      2.814      0.029    10.1222    100.908     38.364  31.584794     4.7445 2.5911e+00     3.5544      2.759      4.001    16.2201 0.0000e+00
      2.818      0.020    10.0947    100.118     38.451  31.654583     4.7371 2.5879e+00     3.5588      2.764      4.008    16.1994 0.0000e+00
      2.821      0.015    10.0533     99.400     38.511  31.707073     4.7386 2.5884e+00     3.5333      2.768      4.015    16.2062 0.0000e+00
      2.823      0.013    10.0014     98.817     38.483  31.679397     4.7426 2.5891e+00     3.4848      2.767      4.015    16.1760 0.0000e+00
      2.824      0.014     9.9279     98.432     38.548  31.724988     4.7463 2.5939e+00     3.4585      2.768      4.016    16.1541 0.0000e+00
      2.827      0.016     9.8450     98.274     38.558  31.718241     4.7577 2.5760e+00     3.4623      2.769      4.017    16.1545 0.0000e+00
      2.834      0.020     9.7712     98.288     38.462  31.597810     4.8756 2.5419e+00     3.5314      2.780      4.032    16.1687 0.0000e+00
      2.839      0.024     9.7123     98.396     38.401  31.483935     5.0922 2.5274e+00     3.6577      2.786      4.041    16.1604 0.0000e+00
      2.844      0.027     9.6765     98.468     38.398  31.421406     5.2112 2.5074e+00     3.7267      2.787      4.041    16.1412 0.0000e+00
      2.853      0.028     9.6640     98.418     38.392  31.381748     5.2236 2.4661e+00     3.7392      2.798      4.057    16.1449 0.0000e+00
      2.863      0.029     9.6785     98.283     38.337  31.341921     5.2381 2.4228e+00     3.8085      2.809      4.074    16.0851 0.0000e+00
      2.871      0.031     9.7155     98.074     38.341  31.344905     5.2623 2.3993e+00     3.9337      2.816      4.084    15.9840 0.0000e+00
      2.876      0.033     9.7439     97.769     38.485  31.417831     5.2740 2.4028e+00     4.0017      2.822      4.094    15.9063 0.0000e+00
      2.881      0.035     9.7487     97.352     38.707  31.548549     5.2727 2.3956e+00     4.0049      2.824      4.096    15.8350 0.0000e+00
      2.891      0.038     9.7283     96.885     38.817  31.642719     5.2596 2.3514e+00     3.9725      2.832      4.108    15.8745 0.0000e+00
      2.905      0.042     9.7010     96.551     38.679  31.611347     5.2305 2.3112e+00     3.9124      2.851      4.137    15.9096 0.0000e+00
      2.917      0.045     9.6915     96.484     38.519  31.574381     5.2060 2.2912e+00     3.8796      2.860      4.148    15.8125 0.0000e+00
      2.928      0.048     9.6678     96.680     38.533  31.600924     5.1973 2.2560e+00     3.8752      2.868      4.161    15.7273 0.0000e+00
      2.942      0.048     9.6164     97.056     38.699  31.662269     5.1881 2.2277e+00     3.8637      2.888      4.189    15.7040 0.0000e+00
      2.953      0.045     9.5492     97.531     38.802  31.640942     5.0890 2.2032e+00     3.7428      2.895      4.199    15.8506 0.0000e+00
      2.964      0.042     9.5059     98.028     38.642  31.410426     4.9053 2.1480e+00     3.5208      2.903      4.210    16.0306 0.0000e+00
      2.979      0.037     9.5266     98.485     38.674  31.305214     4.8045 2.1158e+00     3.3988      2.925      4.242    16.0482 0.0000e+00
      2.989      0.031     9.5913     98.789     39.027  31.448762     4.7935 2.1207e+00     3.3786      2.933      4.255    15.9201 0.0000e+00
      2.993      0.024     9.6773     98.719     39.222  31.525744     4.7698 2.1116e+00     3.2799      2.932      4.254    15.7467 0.0000e+00
      2.997      0.019     9.7450     98.205     39.188  31.493344     4.7280 2.0982e+00     3.1007      2.939      4.264    15.6661 0.0000e+00
      3.001      0.014     9.8291     97.464     38.935  31.327029     4.7052 2.0992e+00     3.0030      2.944      4.270    15.4883 0.0000e+00
      3.003      0.014     9.9235     96.720     38.634  31.067538     4.7065 2.0959e+00     2.9989      2.944      4.270    15.2430 0.0000e+00
      3.003      0.017     9.9385     95.983     38.607  30.921038     4.7555 2.0870e+00     3.0531      2.945      4.272    15.1587 0.0000e+00
      3.005      0.020     9.8792     95.151     38.687  30.838143     4.8463 2.0810e+00     3.1538      2.944      4.271    15.1431 0.0000e+00
      3.013      0.025     9.7704     94.183     38.621  30.672619     4.8950 2.0596e+00     3.2085      2.953      4.283    15.2528 0.0000e+00
      3.023      0.029     9.6923     93.171     38.579  30.539660     4.8945 2.0293e+00     3.2110      2.967      4.304    15.2833 0.0000e+00
      3.030      0.030     9.6727     92.164     38.651  30.512990     4.8355 2.0033e+00     3.1846      2.970      4.309    15.0402 0.0000e+00
      3.039      0.028     9.6376     91.058     38.694  30.485067     4.7262 1.9705e+00     3.1359      2.977      4.318    14.8216 0.0000e+00
      3.050      0.024     9.5571     89.850     38.739  30.471983     4.6659 1.9544e+00     3.1092      2.996      4.345    14.7114 0.0000e+00
