Data/DataNotYetUploadedToEDI/Raw_CTD/RawDownloads/052526_bvr50_S8188001.cnv
* Sea-Bird SBE19plus  Data File:
* FileName = C:\R\Reservoirs\Data\DataNotYetUploadedToEDI\Raw_CTD\RawDownloads\062526_ccr50_S8188_0001.hex
* Software version 2.8.0.119
* Temperature SN = 8188
* Conductivity SN = 8188
* System UpLoad Time = Jun 29 2026 18:06:19
* <ApplicationData>
* <Seaterm232>
# nquan = 16
# nvalues = 1540                        
# units = specified
# name 0 = depFM: Depth [fresh water, m]
# name 1 = dz/dtM: Descent Rate [m/s]
# name 2 = sbeox0Mg/L: Oxygen, SBE 43 [mg/l]
# name 3 = sbeox0PS: Oxygen, SBE 43 [% saturation]
# name 4 = specc: Specific Conductance [uS/cm]
# name 5 = c0uS/cm: Conductivity [uS/cm]
# name 6 = wetCDOM: Fluorescence, WET Labs CDOM [mg/m^3]
# name 7 = flECO-AFL: Fluorescence, WET Labs ECO-AFL/FL [mg/m^3]
# name 8 = flECO-AFL1: Fluorescence, WET Labs ECO-AFL/FL, 2 [mg/m^3]
# name 9 = flECO-AFL2: Fluorescence, WET Labs ECO-AFL/FL, 3 [mg/m^3]
# name 10 = par/sat/log: PAR/Logarithmic, Satlantic
# name 11 = turbWETntu0: Turbidity, WET Labs ECO [NTU]
# name 12 = prdM: Pressure, Strain Gauge [db]
# name 13 = prdE: Pressure, Strain Gauge [psi]
# name 14 = tv290C: Temperature [ITS-90, deg C]
# name 15 = flag:  0.000e+00
# span 0 =     -0.723,      5.319       
# span 1 =     -0.245,      0.175       
# span 2 =    -1.3006,    11.3418       
# span 3 =    -12.539,    112.879       
# span 4 =      4.005,     91.526       
# span 5 =   3.493823,  70.837217       
# span 6 =    -4.5000,    34.6500       
# span 7 =    -0.3685,    14.3908       
# span 8 =    -2.1300,     0.2982       
# span 9 =    -2.0304,     4.6953       
# span 10 = 1.1592e-01, 4.4409e+02      
# span 11 =    -1.1253,   120.2398      
# span 12 =     -0.709,      5.216      
# span 13 =     -1.028,      7.565      
# span 14 =    13.6953,    18.7423      
# span 15 = 0.0000e+00, 0.0000e+00      
# interval = seconds: 0.25
# start_time = May 25 2026 10:29:19 [Instrument's time stamp, header]
# bad_flag = -9.990e-29
*END*
[from data line 1266]
      4.525     -0.225     0.2776      2.651     60.791  48.294519    22.8600     0.9438     0.1704     2.1573 3.2148e-01    16.1867      4.438      6.436    14.6093 0.0000e+00
      4.467     -0.204     0.2736      2.684     60.315  47.954053    22.8600     1.0811     0.1704     2.1573 3.2204e-01    11.9116      4.381      6.354    14.6345 0.0000e+00
      4.417     -0.179     0.2701      2.738     59.808  47.589837    22.8600     1.0697     0.1704     2.1573 3.4209e-01    11.9116      4.331      6.282    14.6616 0.0000e+00
      4.374     -0.152     0.2682      2.802     59.217  47.160556    22.8600     1.0811     0.1704     2.1573 3.4276e-01    11.8360      4.290      6.222    14.6905 0.0000e+00
      4.340     -0.126     0.2689      2.863     58.641  46.745089    22.9500     1.0620     0.1704     3.5109 3.6221e-01    11.8965      4.256      6.174    14.7206 0.0000e+00
      4.314     -0.102     0.2721      2.921     58.022  46.298423    22.9500     1.0086     0.1704     3.5109 3.6680e-01    14.8573      4.230      6.136    14.7519 0.0000e+00
      4.293     -0.081     0.2774      2.981     57.314  45.781177    22.9500     0.9972     0.1704     3.5109 3.4538e-01    14.8422      4.210      6.107    14.7845 0.0000e+00
      4.277     -0.065     0.2836      3.052     56.606  45.262708    22.9500     1.0163     0.1704     3.5109 3.6040e-01    14.8120      4.194      6.084    14.8193 0.0000e+00
      4.264     -0.052     0.2895      3.139     55.877  44.724350    23.0400     1.0124     0.1704     3.9339 3.3054e-01    14.7818      4.182      6.065    14.8569 0.0000e+00
      4.253     -0.043     0.2951      3.243     55.129  44.164043    23.0400     0.9056     0.1704     3.9339 3.5527e-01    18.5735      4.171      6.050    14.8969 0.0000e+00
      4.245     -0.037     0.3009      3.359     54.456  43.657583    23.0400     0.8789     0.1704     3.9339 3.3394e-01    18.5433      4.163      6.038    14.9386 0.0000e+00
      4.237     -0.033     0.3078      3.481     53.841  43.189493    23.0400     0.9056     0.1704     3.9339 3.4553e-01    18.4678      4.155      6.027    14.9805 0.0000e+00
      4.230     -0.032     0.3163      3.594     53.310  42.782419    23.0400     0.8942     0.1704     3.9339 3.5204e-01    18.4678      4.149      6.017    15.0198 0.0000e+00
      4.223     -0.034     0.3265      3.682     52.866  42.439406    23.0400     0.8904     0.1704     2.9610 3.7592e-01    17.4707      4.142      6.007    15.0547 0.0000e+00
      4.216     -0.038     0.3380      3.737     52.382  42.059022    23.0400     0.9018     0.1704     2.9610 3.2711e-01    17.4556      4.134      5.996    15.0840 0.0000e+00
      4.207     -0.045     0.3502      3.756     51.940  41.709213    23.0400     0.8866     0.1704     2.9610 3.5986e-01    17.3499      4.125      5.983    15.1069 0.0000e+00
      4.195     -0.055     0.3614      3.740     51.671  41.495974    23.0400     0.9209     0.1704     2.9610 3.2492e-01    17.5312      4.114      5.967    15.1239 0.0000e+00
      4.181     -0.067     0.3702      3.696     51.562  41.410265    23.1300     0.8980     0.1704     3.6801 3.4681e-01    20.4316      4.100      5.947    15.1358 0.0000e+00
      4.163     -0.083     0.3757      3.634     51.561  41.409302    23.1300     0.8942     0.1704     3.6801 3.4254e-01    20.4014      4.083      5.922    15.1434 0.0000e+00
      4.142     -0.101     0.3775      3.556     51.500  41.357325    23.1300     0.9094     0.1704     3.6801 3.9151e-01    20.4920      4.061      5.891    15.1481 0.0000e+00
      4.115     -0.121     0.3758      3.468     51.330  41.216562    23.1300     0.8866     0.1704     3.6801 3.5574e-01    20.3712      4.035      5.853    15.1508 0.0000e+00
      4.083     -0.141     0.3715      3.375     51.166  41.080992    23.2200     0.8332     0.2130     4.2300 3.6033e-01    16.6097      4.004      5.807    15.1522 0.0000e+00
      4.044     -0.158     0.3652      3.283     51.061  40.994171    23.2200     0.8179     0.2130     4.2300 4.0072e-01    16.6701      3.965      5.751    15.1519 0.0000e+00
      3.997     -0.167     0.3574      3.205     51.062  40.992727    23.2200     0.8217     0.2130     4.2300 5.1684e-01    16.6701      3.919      5.684    15.1492 0.0000e+00
      3.945     -0.168     0.3486      3.145     51.107  41.024464    23.2200     0.8255     0.2130     4.2300 6.7169e-01    16.6097      3.869      5.611    15.1448 0.0000e+00
      3.895     -0.159     0.3392      3.103     51.088  41.004193    23.0400     1.0506     0.2556     3.2148 9.0009e-01    11.6850      3.820      5.540    15.1411 0.0000e+00
      3.852     -0.143     0.3301      3.077     51.061  40.978316    23.0400     1.1078     0.2556     3.2148 8.9580e-01    11.6246      3.778      5.479    15.1387 0.0000e+00
      3.819     -0.121     0.3222      3.068     51.094  41.003698    23.0400     1.0582     0.2556     3.2148 8.8785e-01    11.6850      3.745      5.431    15.1363 0.0000e+00
      3.794     -0.098     0.3162      3.078     51.147  41.047254    23.0400     1.0735     0.2556     3.2148 8.5472e-01    11.6397      3.720      5.396    15.1324 0.0000e+00
      3.775     -0.076     0.3120      3.101     51.165  41.064806    23.0400     1.0659     0.2556     3.2148 8.5677e-01    13.0294      3.701      5.369    15.1273 0.0000e+00
      3.760     -0.058     0.3094      3.128     51.160  41.063026    22.9500     1.0811     0.2130     2.8341 8.2104e-01    13.1201      3.687      5.347    15.1233 0.0000e+00
      3.748     -0.044     0.3085      3.152     51.138  41.047419    22.9500     1.1078     0.2130     2.8341 8.1500e-01    13.0748      3.676      5.331    15.1220 0.0000e+00
      3.740     -0.034     0.3096      3.174     51.094  41.013823    22.9500     1.0620     0.2130     2.8341 7.9610e-01    13.0899      3.667      5.319    15.1233 0.0000e+00
      3.733     -0.028     0.3119      3.194     51.064  40.991138    22.9500     1.1345     0.2130     2.8341 7.9575e-01    14.9329      3.661      5.310    15.1259 0.0000e+00
      3.728     -0.023     0.3145      3.214     51.068  40.995235    22.9500     1.1421     0.2130     2.7495 7.8357e-01    15.0990      3.656      5.303    15.1285 0.0000e+00
      3.724     -0.021     0.3169      3.232     51.061  40.989347    22.9500     1.1345     0.2130     2.7495 8.4898e-01    14.8724      3.652      5.296    15.1306 0.0000e+00
      3.719     -0.020     0.3191      3.241     51.035  40.967916    22.9500     1.1307     0.2130     2.7495 8.3981e-01    15.0537      3.647      5.290    15.1322 0.0000e+00
      3.714     -0.022     0.3211      3.242     51.046  40.975046    22.9500     1.1994     0.2130     2.7495 7.6923e-01    10.4462      3.643      5.283    15.1332 0.0000e+00
      3.710     -0.025     0.3231      3.236     51.078  40.998688    22.9500     1.1803     0.2130     2.6226 7.6390e-01    10.3556      3.638      5.276    15.1339 0.0000e+00
      3.704     -0.030     0.3249      3.222     51.096  41.011272    22.9500     1.2146     0.2130     2.6226 7.7577e-01    10.4916      3.632      5.268    15.1339 0.0000e+00
      3.696     -0.038     0.3259      3.201     51.139  41.044051    22.9500     1.2108     0.2130     2.6226 7.6439e-01    10.4765      3.625      5.257    15.1331 0.0000e+00
      3.687     -0.048     0.3260      3.170     51.230  41.113736    22.9500     1.1307     0.2130     2.6226 7.3988e-01     9.0867      3.615      5.244    15.1316 0.0000e+00
      3.674     -0.062     0.3253      3.133     51.328  41.189094    23.1300     1.1421     0.2130     3.0033 7.3316e-01     9.0262      3.603      5.226    15.1299 0.0000e+00
      3.658     -0.079     0.3240      3.096     51.370  41.218484    23.1300     1.1307     0.2130     3.0033 7.2871e-01     9.0867      3.588      5.204    15.1281 0.0000e+00
      3.638     -0.098     0.3218      3.065     51.355  41.201771    23.1300     1.1574     0.2130     3.0033 7.4359e-01     9.0565      3.568      5.175    15.1260 0.0000e+00
      3.612     -0.119     0.3187      3.047     51.356  41.198266    23.1300     1.0697     0.2130     3.0033 7.3125e-01     9.5248      3.542      5.138    15.1234 0.0000e+00
      3.579     -0.137     0.3150      3.045     51.433  41.258842    23.1300     1.0735     0.2130     3.0033 8.8055e-01     9.5096      3.510      5.090    15.1200 0.0000e+00
      3.537     -0.150     0.3113      3.065     51.574  41.371754    23.3100     1.0582     0.2130     3.2148 1.0427e+00     9.5701      3.469      5.032    15.1155 0.0000e+00
      3.491     -0.155     0.3083      3.110     51.655  41.435595    23.3100     1.1002     0.2130     3.2148 1.3186e+00     9.6456      3.424      4.966    15.1107 0.0000e+00
      3.444     -0.152     0.3064      3.185     51.642  41.423552    23.3100     1.0811     0.2130     3.2148 1.5761e+00     9.7060      3.378      4.899    15.1071 0.0000e+00
      3.403     -0.142     0.3063      3.293     51.636  41.416106    23.3100     1.0582     0.2130     3.2148 1.5954e+00     9.7211      3.337      4.840    15.1055 0.0000e+00
      3.368     -0.128     0.3084      3.427     51.642  41.419242    22.9500     1.0849     0.2556     2.7072 1.5519e+00     9.7060      3.303      4.791    15.1053 0.0000e+00
      3.340     -0.113     0.3128      3.573     51.631  41.409884    22.9500     1.0849     0.2556     2.7072 1.5225e+00     9.7967      3.276      4.751    15.1047 0.0000e+00
      3.317     -0.100     0.3204      3.712     51.644  41.421406    22.9500     1.0773     0.2556     2.7072 1.5452e+00    10.9145      3.252      4.717    15.1025 0.0000e+00
      3.295     -0.091     0.3313      3.822     51.707  41.472822    22.9500     1.0582     0.2556     2.7072 1.5252e+00    10.9145      3.231      4.687    15.0999 0.0000e+00
      3.275     -0.088     0.3448      3.881     51.802  41.549944    22.8600     1.0887     0.2130     2.2419 1.5482e+00    11.0052      3.212      4.658    15.0985 0.0000e+00
      3.255     -0.091     0.3595      3.884     51.922  41.647435    22.8600     1.0506     0.2130     2.2419 1.5781e+00    10.9297      3.192      4.629    15.0984 0.0000e+00
      3.233     -0.099     0.3735      3.831     52.044  41.745458    22.8600     1.0735     0.2130     2.2419 1.5536e+00    10.7031      3.171      4.599    15.0990 0.0000e+00
      3.210     -0.114     0.3845      3.732     52.106  41.794431    22.8600     1.0544     0.2130     2.2419 1.4976e+00    10.7786      3.148      4.565    15.1000 0.0000e+00
      3.182     -0.132     0.3905      3.612     52.107  41.795455    22.8600     1.0506     0.2130     2.2419 1.4724e+00    10.6728      3.120      4.526    15.1012 0.0000e+00
      3.147     -0.151     0.3908      3.495     52.141  41.824528    22.7700     1.0697     0.2130     1.9035 1.5584e+00    10.6577      3.087      4.477    15.1022 0.0000e+00
      3.105     -0.166     0.3854      3.401     52.267  41.929257    22.7700     1.0659     0.2130     1.9035 1.8290e+00    10.0082      3.045      4.416    15.1024 0.0000e+00
      3.054     -0.175     0.3755      3.348     52.416  42.051882    22.7700     1.0582     0.2130     1.9035 2.3452e+00    10.0535      2.995      4.344    15.1019 0.0000e+00
      3.000     -0.174     0.3634      3.347     52.494  42.115504    22.7700     1.0773     0.2130     1.9035 3.0360e+00     9.9024      2.942      4.267    15.1018 0.0000e+00
      2.949     -0.165     0.3516      3.400     52.522  42.137087    22.5900     1.0697     0.2130     1.6074 3.3045e+00     9.8722      2.892      4.195    15.1035 0.0000e+00
      2.907     -0.148     0.3421      3.507     52.548  42.156264    22.5900     1.1879     0.2130     1.6074 3.2370e+00    11.2016      2.850      4.134    15.1071 0.0000e+00
      2.873     -0.128     0.3368      3.662     52.557  42.162208    22.5900     1.2108     0.2130     1.6074 3.1128e+00    11.2016      2.817      4.086    15.1104 0.0000e+00
      2.846     -0.106     0.3367      3.850     52.548  42.154509    22.5900     1.2070     0.2130     1.6074 3.1087e+00    11.2016      2.791      4.048    15.1112 0.0000e+00
      2.824     -0.088     0.3420      4.044     52.541  42.149051    22.5900     1.2223     0.2130     1.7766 3.1756e+00    11.1714      2.769      4.016    15.1099 0.0000e+00
      2.806     -0.074     0.3528      4.212     52.549  42.156334    22.5900     1.1994     0.2130     1.7766 3.1523e+00    13.0899      2.751      3.991    15.1083 0.0000e+00
      2.790     -0.065     0.3683      4.332     52.584  42.186271    22.5900     1.1917     0.2130     1.7766 3.1338e+00    13.0899      2.736      3.969    15.1072 0.0000e+00
      2.777     -0.062     0.3873      4.389     52.642  42.234890    22.5900     1.1994     0.2130     1.7766 3.0973e+00    13.0899      2.723      3.949    15.1069 0.0000e+00
      2.763     -0.063     0.4068      4.374     52.739  42.315155    22.3200     1.1917     0.1704     1.4805 3.0552e+00    13.0597      2.710      3.930    15.1072 0.0000e+00
      2.749     -0.070     0.4237      4.292     52.901  42.446477    22.3200     1.1879     0.1704     1.4805 3.0294e+00    13.4222      2.696      3.910    15.1081 0.0000e+00
      2.733     -0.082     0.4357      4.158     53.060  42.574200    22.3200     1.1803     0.1704     1.4805 3.0195e+00    13.2863      2.680      3.887    15.1097 0.0000e+00
      2.713     -0.099     0.4414      3.997     53.160  42.652671    22.3200     1.1841     0.1704     1.4805 3.0090e+00    13.3467      2.660      3.858    15.1116 0.0000e+00
      2.687     -0.119     0.4399      3.837     53.258  42.728724    22.3200     1.2108     0.1704     1.4805 3.0012e+00    13.3165      2.635      3.822    15.1136 0.0000e+00
      2.655     -0.140     0.4317      3.696     53.362  42.810681    22.3200     1.1841     0.1704     1.4805 3.0892e+00    13.2863      2.604      3.777    15.1150 0.0000e+00
      2.615     -0.158     0.4182      3.579     53.473  42.898477    22.3200     1.0086     0.1704     1.4805 3.5194e+00    11.8209      2.565      3.720    15.1148 0.0000e+00
      2.568     -0.169     0.4020      3.484     53.643  43.035451    22.3200     1.0086     0.1704     1.4805 4.2031e+00    11.9267      2.518      3.653    15.1132 0.0000e+00
      2.516     -0.171     0.3859      3.410     53.802  43.162474    22.3200     1.0086     0.1704     1.4805 5.3811e+00    11.9267      2.468      3.579    15.1111 0.0000e+00
      2.466     -0.164     0.3717      3.349     53.850  43.199826    22.3200     1.0124     0.1704     1.5228 6.4000e+00    11.8511      2.418      3.507    15.1095 0.0000e+00
      2.422     -0.150     0.3599      3.296     53.839  43.189353    22.3200     1.3176     0.1704     1.5228 6.4195e+00     8.7996      2.375      3.444    15.1088 0.0000e+00
      2.386     -0.132     0.3504      3.248     53.862  43.207977    22.3200     1.3367     0.1704     1.5228 6.1612e+00     8.8601      2.340      3.394    15.1088 0.0000e+00
      2.358     -0.112     0.3430      3.205     53.927  43.260665    22.3200     1.3138     0.1704     1.5228 5.9909e+00     8.7392      2.312      3.354    15.1086 0.0000e+00
      2.335     -0.095     0.3369      3.167     53.977  43.301682    22.2300     1.2871     0.1704     1.4382 6.0775e+00     8.7392      2.289      3.321    15.1076 0.0000e+00
      2.314     -0.082     0.3315      3.139     54.000  43.322035    22.2300     1.4511     0.1704     1.4382 6.2706e+00     8.7996      2.270      3.292    15.1064 0.0000e+00
      2.296     -0.075     0.3267      3.119     54.030  43.347083    22.2300     1.4740     0.1704     1.4382 6.3075e+00     8.7845      2.252      3.266    15.1061 0.0000e+00
      2.280     -0.073     0.3224      3.099     54.102  43.405425    22.2300     1.4626     0.1704     1.4382 6.1585e+00     8.7694      2.236      3.243    15.1069 0.0000e+00
