Data/DataNotYetUploadedToEDI/Raw_CTD/RawDownloads/052526_bvr50_S8188001.cnv
* Sea-Bird SBE19plus  Data File:
* FileName = C:\R\Reservoirs\Data\DataNotYetUploadedToEDI\Raw_CTD\RawDownloads\062526_ccr50_S8188_0001.hex
* Software version 2.8.0.119
* Temperature SN = 8188
* Conductivity SN = 8188
* System UpLoad Time = Jun 29 2026 18:06:19
* <ApplicationData>
* <Seaterm232>
# nquan = 16
# nvalues = 1540                        
# units = specified
# name 0 = depFM: Depth [fresh water, m]
# name 1 = dz/dtM: Descent Rate [m/s]
# name 2 = sbeox0Mg/L: Oxygen, SBE 43 [mg/l]
# name 3 = sbeox0PS: Oxygen, SBE 43 [% saturation]
# name 4 = specc: Specific Conductance [uS/cm]
# name 5 = c0uS/cm: Conductivity [uS/cm]
# name 6 = wetCDOM: Fluorescence, WET Labs CDOM [mg/m^3]
# name 7 = flECO-AFL: Fluorescence, WET Labs ECO-AFL/FL [mg/m^3]
# name 8 = flECO-AFL1: Fluorescence, WET Labs ECO-AFL/FL, 2 [mg/m^3]
# name 9 = flECO-AFL2: Fluorescence, WET Labs ECO-AFL/FL, 3 [mg/m^3]
# name 10 = par/sat/log: PAR/Logarithmic, Satlantic
# name 11 = turbWETntu0: Turbidity, WET Labs ECO [NTU]
# name 12 = prdM: Pressure, Strain Gauge [db]
# name 13 = prdE: Pressure, Strain Gauge [psi]
# name 14 = tv290C: Temperature [ITS-90, deg C]
# name 15 = flag:  0.000e+00
# span 0 =     -0.723,      5.319       
# span 1 =     -0.245,      0.175       
# span 2 =    -1.3006,    11.3418       
# span 3 =    -12.539,    112.879       
# span 4 =      4.005,     91.526       
# span 5 =   3.493823,  70.837217       
# span 6 =    -4.5000,    34.6500       
# span 7 =    -0.3685,    14.3908       
# span 8 =    -2.1300,     0.2982       
# span 9 =    -2.0304,     4.6953       
# span 10 = 1.1592e-01, 4.4409e+02      
# span 11 =    -1.1253,   120.2398      
# span 12 =     -0.709,      5.216      
# span 13 =     -1.028,      7.565      
# span 14 =    13.6953,    18.7423      
# span 15 = 0.0000e+00, 0.0000e+00      
# interval = seconds: 0.25
# start_time = May 25 2026 10:29:19 [Instrument's time stamp, header]
# bad_flag = -9.990e-29
*END*
[from data line 91]
     -0.723 5.2792e-08     7.9886     85.432      4.191   3.656296     2.1600    -0.2769     0.0852     0.1269 2.3751e+02     4.3433     -0.709     -1.028    18.6109 0.0000e+00
     -0.723 6.7875e-08     7.9882     85.428      4.182   3.647822     2.1600    -0.2617     0.0852     0.1269 2.3772e+02     4.3584     -0.709     -1.028    18.6109 0.0000e+00
     -0.723 8.7268e-08     7.9881     85.430      4.171   3.638123     2.1600    -0.2655     0.0000     0.1692 2.3730e+02     4.2224     -0.709     -1.028    18.6110 0.0000e+00
     -0.723 1.1220e-07     7.9877     85.434      4.160   3.628590     2.1600    -0.2693     0.0000     0.1692 2.3761e+02     4.2526     -0.709     -1.028    18.6110 0.0000e+00
     -0.723 1.4426e-07     7.9871     85.441      4.149   3.618671     2.1600    -0.2579     0.0000     0.1692 2.3700e+02     4.0411     -0.709     -1.028    18.6110 0.0000e+00
     -0.723 1.8548e-07     7.9868     85.446      4.138   3.609698     2.1600    -0.2350     0.0000     0.1692 2.3730e+02     4.0562     -0.709     -1.028    18.6110 0.0000e+00
     -0.723 2.3847e-07     7.9869     85.450      4.133   3.605245     2.0700    -0.2312     0.0852     0.2115 2.3772e+02     4.1015     -0.709     -1.028    18.6110 0.0000e+00
     -0.723 3.0661e-07     7.9874     85.453      4.134   3.606114     2.0700    -0.2579     0.0852     0.2115 2.3761e+02     4.0109     -0.709     -1.028    18.6111 0.0000e+00
     -0.723 3.9421e-07     7.9879     85.452      4.132   3.604581     2.0700    -0.2655     0.0852     0.2115 2.3782e+02     4.1771     -0.709     -1.028    18.6111 0.0000e+00
     -0.723 5.1720e-07     7.9884     85.448      4.123   3.596258     2.0700    -0.2235     0.0852     0.2115 2.3803e+02     4.2828     -0.709     -1.028    18.6111 0.0000e+00
     -0.723 7.0412e-07     7.9888     85.441      4.112   3.586883     2.0700    -0.2502     0.0852     0.2538 2.3808e+02     4.2828     -0.709     -1.028    18.6111 0.0000e+00
     -0.723 9.7721e-07     7.9891     85.430      4.104   3.579922     2.0700    -0.2541     0.0852     0.2538 2.3777e+02     4.2677     -0.709     -1.028    18.6112 0.0000e+00
     -0.723      0.000     7.9890     85.421      4.097   3.573519     2.0700    -0.2350     0.0852     0.2538 2.3751e+02     3.9958     -0.709     -1.028    18.6112 0.0000e+00
     -0.723      0.000     7.9886     85.418      4.088   3.565966     2.0700    -0.2350     0.0852     0.2538 2.3710e+02     4.0562     -0.709     -1.028    18.6113 0.0000e+00
     -0.723      0.000     7.9879     85.420      4.076   3.555249     1.9800    -0.2693     0.0852     0.2961 2.3669e+02     4.0260     -0.709     -1.028    18.6113 0.0000e+00
     -0.723      0.000     7.9869     85.422      4.061   3.542489     1.9800    -0.2426     0.0852     0.2961 2.3720e+02     4.0260     -0.709     -1.028    18.6114 0.0000e+00
     -0.723      0.000     7.9861     85.422      4.045   3.528261     1.9800    -0.2464     0.0852     0.2961 2.3777e+02     3.9807     -0.709     -1.028    18.6114 0.0000e+00
     -0.723      0.000     7.9858     85.422      4.027   3.512749     1.9800    -0.2350     0.0852     0.2961 2.3772e+02     4.0864     -0.709     -1.028    18.6114 0.0000e+00
     -0.723      0.000     7.9860     85.422      4.012   3.499771     1.9800    -0.2693     0.0852     0.2961 2.3720e+02     3.9958     -0.709     -1.028    18.6114 0.0000e+00
     -0.723      0.000     7.9861     85.420      4.005   3.493823     1.9800    -0.2579     0.0852     0.1692 2.3694e+02     4.0411     -0.709     -1.028    18.6114 0.0000e+00
     -0.723      0.000     7.9861     85.413      4.009   3.497296     1.9800    -0.2426     0.0852     0.1692 2.3741e+02     4.0109     -0.709     -1.028    18.6115 0.0000e+00
     -0.723      0.000     7.9861     85.404      4.020   3.507139     1.9800    -0.2388     0.0852     0.1692 2.3756e+02     4.1015     -0.709     -1.028    18.6115 0.0000e+00
     -0.723      0.000     7.9861     85.400      4.042   3.525976     1.9800    -0.2922     0.0852     0.1692 2.3751e+02     4.0260     -0.709     -1.028    18.6116 0.0000e+00
     -0.723      0.000     7.9859     85.402      4.075   3.554853     0.9900    -0.2426     0.0852     0.1269 2.3679e+02     3.8598     -0.709     -1.028    18.6116 0.0000e+00
     -0.723      0.000     7.9853     85.408      4.106   3.581580     0.9900    -0.2426     0.0852     0.1269 2.3730e+02     3.4520     -0.709     -1.028    18.6116 0.0000e+00
     -0.723      0.000     7.9845     85.417      4.133   3.605330     0.9900    -0.2769     0.0852     0.1269 2.3849e+02     3.4067     -0.709     -1.028    18.6116 0.0000e+00
     -0.723      0.000     7.9841     85.427      4.169   3.636413     0.9900    -0.2426     0.0852     0.1269 2.3953e+02     3.2707     -0.709     -1.028    18.6116 0.0000e+00
     -0.723      0.000     7.9843     85.432      4.215   3.677151     0.0000    -0.2197     0.0852     0.2115 2.2825e+02     3.2556     -0.709     -1.028    18.6116 0.0000e+00
     -0.723      0.000     7.9848     85.434      4.272   3.726474     0.0000    -0.2312     0.0852     0.2115 2.1854e+02     1.6845     -0.709     -1.028    18.6116 0.0000e+00
     -0.723      0.000     7.9857     85.434      4.333   3.779634     0.0000    -0.2426     0.0852     0.2115 2.1492e+02     1.6543     -0.709     -1.028    18.6117 0.0000e+00
     -0.723      0.000     7.9865     85.431      4.392   3.830918     0.0000    -0.2502     0.0852     0.2115 2.1878e+02     1.6845     -0.709     -1.028    18.6117 0.0000e+00
     -0.723      0.000     7.9870     85.426      4.450   3.882066     0.0000    -0.2541     0.1278     0.1692 2.0798e+02     1.7449     -0.709     -1.028    18.6118 0.0000e+00
     -0.723      0.000     7.9872     85.419      4.511   3.934785     0.0000    -0.2541     0.1278     0.1692 2.0524e+02     0.4307     -0.709     -1.028    18.6118 0.0000e+00
     -0.723      0.000     7.9872     85.411      4.564   3.981254     0.0000    -0.2769     0.1278     0.1692 1.9651e+02     0.5213     -0.709     -1.028    18.6118 0.0000e+00
     -0.723      0.000     7.9869     85.406      4.597   4.009997     0.0000    -0.2426     0.1278     0.1692 1.8447e+02     0.5062     -0.709     -1.027    18.6118 0.0000e+00
     -0.723      0.000     7.9864     85.403      4.607   4.018732     0.0000    -0.2655     0.1278     0.1692 1.6570e+02     0.4156     -0.709     -1.027    18.6118 0.0000e+00
     -0.722      0.001     7.9857     85.402      4.597   4.009791     0.0000    -0.2579     0.0852     0.1269 1.2606e+02    -0.6872     -0.708     -1.027    18.6119 0.0000e+00
     -0.722      0.001     7.9850     85.403      4.566   3.982777     0.0000    -0.2617     0.0852     0.1269 8.6901e+01    -0.6872     -0.708     -1.027    18.6119 0.0000e+00
     -0.722      0.001     7.9845     85.407      4.520   3.942420     0.0000    -0.2426     0.0852     0.1269 7.8600e+01    -0.7778     -0.708     -1.027    18.6120 0.0000e+00
     -0.722      0.001     7.9843     85.414      4.475   3.903817     0.0000    -0.2693     0.0852     0.1269 6.8559e+01    -0.5814     -0.708     -1.026    18.6120 0.0000e+00
     -0.721      0.001     7.9842     85.425      4.453   3.884518     0.0000    -0.2617     0.0852     0.2538 5.1351e+01    -0.7325     -0.707     -1.026    18.6121 0.0000e+00
     -0.721      0.001     7.9843     85.436      4.465   3.895289     0.0000    -0.2502     0.0852     0.2538 4.9704e+01    -0.8383     -0.707     -1.026    18.6122 0.0000e+00
     -0.721      0.001     7.9846     85.445      4.515   3.939002     0.0000    -0.2579     0.0852     0.2538 5.2093e+01    -0.7023     -0.707     -1.025    18.6123 0.0000e+00
     -0.721      0.001     7.9853     85.450      4.598   4.011403     0.0000    -0.2769     0.0852     0.2538 5.1901e+01    -0.7476     -0.707     -1.025    18.6124 0.0000e+00
     -0.720      0.002     7.9863     85.449      4.709   4.107931     0.0000    -0.2617     0.0852     0.6768 5.0951e+01    -1.0044     -0.706     -1.024    18.6125 0.0000e+00
     -0.720      0.002     7.9873     85.444      4.847   4.228468     0.0000    -0.2541     0.0852     0.6768 5.7632e+01    -0.9440     -0.706     -1.023    18.6126 0.0000e+00
     -0.719      0.003     7.9881     85.438      4.995   4.357423     0.0000    -0.2655     0.0852     0.6768 6.8888e+01    -1.0044     -0.705     -1.023    18.6127 0.0000e+00
     -0.719      0.004     7.9885     85.435      5.121   4.467523     0.0000    -0.2464     0.0852     0.6768 7.2324e+01    -0.8987     -0.705     -1.022    18.6128 0.0000e+00
     -0.718      0.005     7.9885     85.434      5.223   4.556302     0.0000    -0.2502     0.0852     0.6768 7.4267e+01    -1.1253     -0.704     -1.021    18.6128 0.0000e+00
     -0.716      0.006     7.9880     85.432      5.322   4.643457     0.0000    -0.2579     0.0852     1.2690 7.2245e+01    -0.9289     -0.702     -1.019    18.6129 0.0000e+00
     -0.715      0.008     7.9874     85.431      5.447   4.752231     0.0000    -0.2541     0.0852     1.2690 7.2151e+01    -0.9893     -0.701     -1.017    18.6129 0.0000e+00
     -0.713      0.010     7.9872     85.430      5.627   4.909639     0.0000    -0.2579     0.0852     1.2690 6.7951e+01    -1.0497     -0.699     -1.014    18.6130 0.0000e+00
     -0.710      0.013     7.9871     85.431      5.909   5.155669     0.0000    -0.2579     0.0852     1.2690 6.6519e+01    -0.6570     -0.696     -1.010    18.6130 0.0000e+00
     -0.707      0.017     7.9869     85.435      6.367   5.555928     2.0700    -0.2617     0.0426     0.2538 6.9898e+01    -0.7174     -0.693     -1.005    18.6131 0.0000e+00
     -0.702      0.022     7.9867     85.438      7.099   6.195272     2.0700    -0.2350     0.0426     0.2538 7.3034e+01    -0.7476     -0.689     -0.999    18.6132 0.0000e+00
     -0.697      0.028     7.9865     85.441      8.252   7.202423     2.0700    -0.2502     0.0426     0.2538 8.0642e+01    -0.6872     -0.683     -0.991    18.6135 0.0000e+00
     -0.689      0.036     7.9865     85.446     10.106   8.822085     2.0700    -0.2388     0.0426     0.2538 1.0127e+02    -0.6872     -0.676     -0.981    18.6140 0.0000e+00
     -0.680      0.047     7.9867     85.458     13.150  11.482189     2.2500    -0.2502     0.0426     0.3384 1.1029e+02    -0.7174     -0.667     -0.967    18.6147 0.0000e+00
     -0.668      0.060     7.9869     85.475     18.074  15.784682     2.2500    -0.2541     0.0426     0.3384 1.0764e+02    -0.7476     -0.655     -0.950    18.6160 0.0000e+00
     -0.652      0.076     7.9867     85.503     24.444  21.352505     2.2500    -0.2579     0.0426     0.3384 8.3749e+01    -0.7325     -0.640     -0.928    18.6180 0.0000e+00
     -0.633      0.094     7.9867     85.548     30.127  26.324472     2.2500     1.3710     0.0426     0.3384 1.3600e+02     6.1862     -0.620     -0.900    18.6213 0.0000e+00
     -0.607      0.114     7.9868     85.620     33.751  29.499998     1.9800     1.3710     0.0852     0.3384 1.5131e+02     6.1409     -0.595     -0.864    18.6269 0.0000e+00
     -0.575      0.132     7.9868     85.739     35.694  31.208087     1.9800     1.4054     0.0852     0.3384 1.7502e+02     6.1862     -0.564     -0.818    18.6363 0.0000e+00
     -0.536      0.149     7.9870     85.931     36.679  32.077535     1.9800     1.3939     0.0852     0.3384 1.8730e+02     6.2013     -0.526     -0.763    18.6506 0.0000e+00
     -0.494      0.162     7.9881     86.220     37.173  32.515486     1.9800     2.6795     0.0852     0.3384 1.9507e+02     5.9747     -0.484     -0.702    18.6687 0.0000e+00
     -0.449      0.171     7.9918     86.626     37.429  32.744298     1.9800     2.6909     0.0852     0.3384 2.0298e+02     5.9445     -0.441     -0.639    18.6873 0.0000e+00
     -0.404      0.175     8.0001     87.156     37.530  32.834947    10.7100     2.6986     0.0852     0.8037 2.1408e+02     5.8841     -0.396     -0.574    18.7040 0.0000e+00
     -0.356      0.173     8.0158     87.790     37.507  32.815591    10.7100     2.6948     0.0852     0.8037 1.8327e+02     5.8690     -0.349     -0.507    18.7176 0.0000e+00
     -0.309      0.166     8.0411     88.482     37.437  32.754767    10.7100     2.4659     0.0852     0.8037 9.8960e+01     5.6877     -0.303     -0.440    18.7277 0.0000e+00
     -0.265      0.154     8.0778     89.174     37.429  32.747796    10.7100     2.4506     0.0852     0.8037 1.0091e+02     5.6877     -0.259     -0.376    18.7346 0.0000e+00
     -0.226      0.138     8.1266     89.816     37.550  32.852573    20.3400     2.4086     0.1704     1.5228 9.0978e+01     5.7784     -0.221     -0.321    18.7389 0.0000e+00
     -0.193      0.121     8.1853     90.362     37.747  33.023343    20.3400     2.4201     0.1704     1.5228 7.7751e+01     5.6424     -0.189     -0.274    18.7414 0.0000e+00
     -0.166      0.103     8.2497     90.773     37.900  33.156255    20.3400     2.1836     0.1704     1.5228 7.5389e+01     5.6122     -0.162     -0.236    18.7423 0.0000e+00
     -0.143      0.087     8.3143     91.034     37.969  33.215046    20.3400     2.1950     0.1704     1.5228 7.2104e+01     5.7784     -0.140     -0.204    18.7421 0.0000e+00
     -0.124      0.074     8.3743     91.154     37.997  33.237304    20.2500     2.2141     0.1704     1.3959 6.7642e+01     5.6877     -0.122     -0.177    18.7408 0.0000e+00
     -0.108      0.063     8.4255     91.162     38.023  33.258844    20.2500     2.2370     0.1704     1.3959 7.0111e+01     5.7179     -0.106     -0.154    18.7390 0.0000e+00
     -0.094      0.055     8.4642     91.101     38.043  33.275450    20.2500     2.2637     0.1704     1.3959 7.4025e+01     5.5820     -0.093     -0.135    18.7368 0.0000e+00
     -0.082      0.049     8.4890     91.007     38.038  33.269639    20.2500     2.2446     0.1704     1.3959 7.2923e+01     5.6726     -0.080     -0.117    18.7346 0.0000e+00
     -0.070      0.043     8.5005     90.896     38.016  33.249821    20.3400     2.2484     0.1704     1.3113 6.7951e+01     5.7330     -0.069     -0.100    18.7324 0.0000e+00
     -0.059      0.038     8.5015     90.780     37.999  33.234614    20.3400     2.2522     0.1704     1.3113 6.6925e+01     5.7481     -0.058     -0.085    18.7306 0.0000e+00
     -0.050      0.033     8.4961     90.671     37.998  33.233905    20.3400     2.1302     0.1704     1.3113 6.1889e+01     5.6726     -0.049     -0.072    18.7292 0.0000e+00
     -0.043      0.028     8.4875     90.573     38.012  33.245515    20.3400     2.1454     0.1704     1.3113 6.0441e+01     5.7481     -0.042     -0.061    18.7281 0.0000e+00
     -0.036      0.023     8.4773     90.484     38.021  33.252619    20.3400     2.1187     0.1704     1.3113 5.6898e+01     5.6424     -0.036     -0.052    18.7272 0.0000e+00
     -0.032      0.018     8.4666     90.392     38.006  33.239185    20.2500     2.1531     0.1704     1.3113 5.9412e+01     5.6726     -0.031     -0.045    18.7265 0.0000e+00
     -0.028      0.014     8.4565     90.294     37.970  33.207607    20.2500     2.0539     0.1704     1.3113 5.8898e+01     5.6726     -0.027     -0.040    18.7259 0.0000e+00
     -0.025      0.011     8.4475     90.194     37.931  33.173366    20.2500     2.0729     0.1704     1.3113 6.0638e+01     5.7179     -0.025     -0.036    18.7254 0.0000e+00
     -0.023      0.008     8.4392     90.102     37.899  33.145259    20.2500     2.0577     0.1704     1.3113 6.2470e+01     5.6877     -0.022     -0.033    18.7250 0.0000e+00
     -0.021      0.006     8.4307     90.022     37.870  33.119773    20.2500     2.0806     0.1704     1.3959 6.2037e+01     5.7481     -0.021     -0.030    18.7247 0.0000e+00
     -0.020      0.004     8.4216     89.952     37.845  33.098080    20.2500     2.1187     0.1704     1.3959 6.3566e+01     5.8992     -0.019     -0.028    18.7246 0.0000e+00
