Data/DataNotYetUploadedToEDI/Raw_CTD/RawDownloads/052526_bvr50_S8188001.cnv
* Sea-Bird SBE19plus  Data File:
* FileName = C:\R\Reservoirs\Data\DataNotYetUploadedToEDI\Raw_CTD\RawDownloads\062526_ccr50_S8188_0001.hex
* Software version 2.8.0.119
* Temperature SN = 8188
* Conductivity SN = 8188
* System UpLoad Time = Jun 29 2026 18:06:19
* <ApplicationData>
* <Seaterm232>
# nquan = 16
# nvalues = 1540                        
# units = specified
# name 0 = depFM: Depth [fresh water, m]
# name 1 = dz/dtM: Descent Rate [m/s]
# name 2 = sbeox0Mg/L: Oxygen, SBE 43 [mg/l]
# name 3 = sbeox0PS: Oxygen, SBE 43 [% saturation]
# name 4 = specc: Specific Conductance [uS/cm]
# name 5 = c0uS/cm: Conductivity [uS/cm]
# name 6 = wetCDOM: Fluorescence, WET Labs CDOM [mg/m^3]
# name 7 = flECO-AFL: Fluorescence, WET Labs ECO-AFL/FL [mg/m^3]
# name 8 = flECO-AFL1: Fluorescence, WET Labs ECO-AFL/FL, 2 [mg/m^3]
# name 9 = flECO-AFL2: Fluorescence, WET Labs ECO-AFL/FL, 3 [mg/m^3]
# name 10 = par/sat/log: PAR/Logarithmic, Satlantic
# name 11 = turbWETntu0: Turbidity, WET Labs ECO [NTU]
# name 12 = prdM: Pressure, Strain Gauge [db]
# name 13 = prdE: Pressure, Strain Gauge [psi]
# name 14 = tv290C: Temperature [ITS-90, deg C]
# name 15 = flag:  0.000e+00
# span 0 =     -0.723,      5.319       
# span 1 =     -0.245,      0.175       
# span 2 =    -1.3006,    11.3418       
# span 3 =    -12.539,    112.879       
# span 4 =      4.005,     91.526       
# span 5 =   3.493823,  70.837217       
# span 6 =    -4.5000,    34.6500       
# span 7 =    -0.3685,    14.3908       
# span 8 =    -2.1300,     0.2982       
# span 9 =    -2.0304,     4.6953       
# span 10 = 1.1592e-01, 4.4409e+02      
# span 11 =    -1.1253,   120.2398      
# span 12 =     -0.709,      5.216      
# span 13 =     -1.028,      7.565      
# span 14 =    13.6953,    18.7423      
# span 15 = 0.0000e+00, 0.0000e+00      
# interval = seconds: 0.25
# start_time = May 25 2026 10:29:19 [Instrument's time stamp, header]
# bad_flag = -9.990e-29
*END*
[from data line 633]
      0.109     -0.001     6.5271     73.252     36.681  32.015233    20.7900     2.1416     0.2130     1.4382 6.3043e+01     6.6243      0.107      0.155    18.6315 0.0000e+00
      0.109     -0.001     6.6517     73.386     36.678  32.012330    20.8800     2.1111     0.1704     1.3536 6.2988e+01     6.8509      0.107      0.155    18.6318 0.0000e+00
      0.109     -0.002     6.7480     73.387     36.673  32.008703    20.8800     2.1264     0.1704     1.3536 6.6375e+01     6.5639      0.107      0.155    18.6327 0.0000e+00
      0.109     -0.003     6.8112     73.302     36.662  31.999400    20.8800     2.1149     0.1704     1.3536 6.7686e+01     6.7150      0.106      0.154    18.6338 0.0000e+00
      0.108     -0.005     6.8446     73.143     36.642  31.981942    20.8800     2.0691     0.1704     1.3536 6.7421e+01     6.2013      0.106      0.154    18.6348 0.0000e+00
      0.107     -0.008     6.8570     72.910     36.625  31.967605    20.8800     2.0882     0.1704     1.3536 6.9898e+01     6.2164      0.105      0.152    18.6354 0.0000e+00
      0.104     -0.011     6.8571     72.602     36.608  31.952568    20.7900     2.0424     0.2130     1.3959 7.2718e+01     6.1711      0.103      0.149    18.6360 0.0000e+00
      0.101     -0.016     6.8490     72.221     36.576  31.924853    20.7900     2.0577     0.2130     1.3959 7.4590e+01     6.2316      0.099      0.144    18.6365 0.0000e+00
      0.097     -0.021     6.8341     71.767     36.557  31.908937    20.7900     2.1836     0.2130     1.3959 7.5553e+01     6.2769      0.095      0.138    18.6370 0.0000e+00
      0.092     -0.027     6.8123     71.255     36.570  31.920495    20.7900     2.1950     0.2130     1.3959 7.6212e+01     6.1409      0.090      0.131    18.6373 0.0000e+00
      0.085     -0.035     6.7835     70.730     36.604  31.950657    20.8800     2.1683     0.1704     1.4382 7.7751e+01     6.1409      0.083      0.121    18.6376 0.0000e+00
      0.076     -0.045     6.7478     70.244     36.646  31.987549    20.8800     2.2027     0.1704     1.4382 7.8771e+01     6.2618      0.074      0.108    18.6380 0.0000e+00
      0.064     -0.055     6.7053     69.848     36.684  32.021091    20.8800     2.1264     0.1704     1.4382 8.3133e+01     6.1711      0.063      0.091    18.6384 0.0000e+00
      0.049     -0.066     6.6575     69.602     36.715  32.048279    20.8800     2.1569     0.1704     1.4382 8.6168e+01     6.2920      0.048      0.070    18.6387 0.0000e+00
      0.030     -0.074     6.6084     69.568     36.737  32.068394    20.7000     2.1073     0.2130     1.3959 9.4710e+01     6.2164      0.029      0.043    18.6390 0.0000e+00
      0.008     -0.079     6.5629     69.791     36.737  32.068876    20.7000     2.1225     0.2130     1.3959 1.2070e+02     6.1711      0.007      0.011    18.6395 0.0000e+00
     -0.017     -0.080     6.5259     70.257     36.699  32.035910    20.7000     2.3667     0.2130     1.3959 1.3835e+02     6.4430     -0.017     -0.024    18.6401 0.0000e+00
     -0.040     -0.077     6.5027     70.894     36.651  31.994565    20.7000     2.3591     0.2130     1.3959 1.6624e+02     6.4430     -0.039     -0.057    18.6409 0.0000e+00
     -0.060     -0.070     6.4995     71.585     36.643  31.987593    20.9700     2.3667     0.2130     1.1421 1.8383e+02     6.4128     -0.059     -0.086    18.6416 0.0000e+00
     -0.077     -0.060     6.5202     72.194     36.656  31.999193    20.9700     2.3781     0.2130     1.1421 1.9720e+02     6.4884     -0.076     -0.110    18.6422 0.0000e+00
     -0.091     -0.048     6.5637     72.598     36.641  31.986648    20.9700     2.5727     0.2130     1.1421 1.9707e+02     6.5035     -0.089     -0.129    18.6428 0.0000e+00
     -0.101     -0.036     6.6231     72.716     36.627  31.974497    20.9700     2.5574     0.2130     1.1421 1.9473e+02     6.4582     -0.100     -0.144    18.6433 0.0000e+00
     -0.109     -0.025     6.6876     72.514     36.660  32.003317    20.9700     2.5689     0.2130     1.1421 1.9380e+02     6.4733     -0.107     -0.155    18.6436 0.0000e+00
     -0.113     -0.014     6.7445     72.020     36.715  32.050919    21.0600     2.5727     0.2130     1.3113 1.9308e+02     6.3977     -0.111     -0.161    18.6437 0.0000e+00
     -0.115     -0.005     6.7823     71.316     36.753  32.084185    21.0600     2.5689     0.2130     1.3113 1.9397e+02     6.2769     -0.113     -0.164    18.6438 0.0000e+00
     -0.114      0.002     6.7932     70.505     36.764  32.094063    21.0600     2.5651     0.2130     1.3113 1.9617e+02     6.2618     -0.112     -0.163    18.6439 0.0000e+00
     -0.112      0.007     6.7744     69.690     36.758  32.089159    21.0600     2.5574     0.2130     1.3113 1.8467e+02     6.1409     -0.110     -0.159    18.6440 0.0000e+00
     -0.108      0.011     6.7282     68.962     36.759  32.090077    20.8800     2.5651     0.2130     1.3959 1.5903e+02     6.2164     -0.106     -0.154    18.6440 0.0000e+00
     -0.104      0.014     6.6624     68.377     36.769  32.099053    20.8800     2.6032     0.2130     1.3959 1.5602e+02     6.0352     -0.102     -0.148    18.6441 0.0000e+00
     -0.100      0.016     6.5866     67.952     36.782  32.110513    20.8800     2.6070     0.2130     1.3959 1.5558e+02     6.0050     -0.098     -0.143    18.6443 0.0000e+00
     -0.097      0.017     6.5105     67.675     36.792  32.119547    20.8800     2.6375     0.2130     1.3959 1.5920e+02     6.0050     -0.095     -0.138    18.6445 0.0000e+00
     -0.093      0.019     6.4425     67.518     36.798  32.124579    20.8800     2.6375     0.2130     1.4382 1.5986e+02     5.9294     -0.091     -0.132    18.6447 0.0000e+00
     -0.088      0.021     6.3879     67.441     36.801  32.126952    20.8800     2.4430     0.2130     1.4382 1.5872e+02     6.2618     -0.087     -0.126    18.6449 0.0000e+00
     -0.083      0.022     6.3481     67.403     36.792  32.119332    20.8800     2.4430     0.2130     1.4382 1.5236e+02     6.1409     -0.081     -0.118    18.6450 0.0000e+00
     -0.076      0.023     6.3222     67.372     36.783  32.111637    20.8800     2.4354     0.2130     1.4382 1.3181e+02     6.2013     -0.075     -0.108    18.6451 0.0000e+00
     -0.069      0.022     6.3075     67.322     36.769  32.099823    20.9700     2.4544     0.2130     1.3113 1.2413e+02     6.2316     -0.068     -0.098    18.6451 0.0000e+00
     -0.062      0.019     6.3003     67.251     36.741  32.074764    20.9700     2.1721     0.2130     1.3113 1.2075e+02     6.4279     -0.061     -0.088    18.6452 0.0000e+00
     -0.057      0.014     6.2968     67.181     36.733  32.067621    20.9700     2.2217     0.2130     1.3113 1.1770e+02     6.4279     -0.056     -0.081    18.6453 0.0000e+00
     -0.053      0.007     6.2939     67.147     36.734  32.068524    20.9700     2.2027     0.2130     1.3113 1.1929e+02     6.5337     -0.052     -0.076    18.6453 0.0000e+00
     -0.052      0.000     6.2892     67.176     36.701  32.039868    20.9700     2.2141     0.2130     1.3113 1.2247e+02     6.2769     -0.051     -0.074    18.6454 0.0000e+00
     -0.053     -0.008     6.2825     67.307     36.659  32.003889    20.9700     2.1874     0.2130     1.3536 1.1615e+02     6.2013     -0.052     -0.075    18.6454 0.0000e+00
     -0.057     -0.014     6.2760     67.583     36.651  31.996802    20.9700     2.1798     0.2130     1.3536 1.2631e+02     6.3071     -0.055     -0.080    18.6454 0.0000e+00
     -0.063     -0.019     6.2728     68.011     36.674  32.016718    20.9700     2.1759     0.2130     1.3536 1.3965e+02     6.2769     -0.062     -0.089    18.6455 0.0000e+00
     -0.070     -0.020     6.2755     68.565     36.706  32.045048    20.9700     2.1645     0.2130     1.3536 1.5456e+02     6.2618     -0.069     -0.100    18.6457 0.0000e+00
     -0.077     -0.019     6.2877     69.213     36.734  32.069428    20.7900     2.3095     0.1704     1.3113 1.6049e+02     6.2316     -0.076     -0.110    18.6459 0.0000e+00
     -0.082     -0.017     6.3134     69.924     36.760  32.092375    20.7900     2.3056     0.1704     1.3113 1.6638e+02     6.1409     -0.081     -0.117    18.6461 0.0000e+00
     -0.086     -0.015     6.3534     70.635     36.786  32.116026    20.7900     2.3095     0.1704     1.3113 1.5738e+02     6.2618     -0.085     -0.122    18.6463 0.0000e+00
     -0.088     -0.013     6.4051     71.276     36.794  32.122787    20.7900     2.3018     0.1704     1.3113 1.3817e+02     6.1409     -0.087     -0.125    18.6465 0.0000e+00
     -0.089     -0.013     6.4657     71.789     36.784  32.114459    20.7900     2.2942     0.2130     1.2690 1.3426e+02     6.0805     -0.088     -0.127    18.6467 0.0000e+00
     -0.092     -0.014     6.5320     72.131     36.773  32.104758    20.7900     2.2828     0.2130     1.2690 1.4179e+02     6.2164     -0.091     -0.131    18.6469 0.0000e+00
     -0.096     -0.017     6.5984     72.273     36.748  32.083128    20.7900     2.3209     0.2130     1.2690 1.4262e+02     6.1560     -0.094     -0.136    18.6473 0.0000e+00
     -0.101     -0.021     6.6582     72.202     36.721  32.059736    20.7900     2.3095     0.2130     1.2690 1.3844e+02     6.1560     -0.099     -0.143    18.6477 0.0000e+00
     -0.106     -0.025     6.7061     71.936     36.722  32.060212    20.7900     2.1950     0.2130     1.2690 1.4197e+02     6.1711     -0.104     -0.151    18.6480 0.0000e+00
     -0.113     -0.028     6.7380     71.530     36.729  32.066757    20.7900     2.1950     0.2130     1.2690 1.3898e+02     6.2467     -0.111     -0.161    18.6483 0.0000e+00
     -0.121     -0.029     6.7512     71.071     36.711  32.051239    20.7900     2.1874     0.2130     1.2690 1.5868e+02     6.3071     -0.119     -0.172    18.6485 0.0000e+00
     -0.131     -0.029     6.7446     70.632     36.688  32.031432    20.7900     2.1912     0.2130     1.2690 2.0739e+02     6.2013     -0.128     -0.185    18.6486 0.0000e+00
     -0.140     -0.027     6.7198     70.242     36.684  32.027944    20.7900     2.4354     0.2130     1.2690 2.2588e+02     6.4582     -0.137     -0.198    18.6488 0.0000e+00
     -0.147     -0.023     6.6818     69.897     36.693  32.035863    20.7900     2.4544     0.2130     1.2267 2.1793e+02     6.3675     -0.144     -0.209    18.6489 0.0000e+00
     -0.152     -0.019     6.6389     69.574     36.718  32.057301    20.7900     2.4354     0.2130     1.2267 2.1689e+02     6.4884     -0.149     -0.216    18.6491 0.0000e+00
     -0.156     -0.014     6.5979     69.244     36.746  32.082039    20.7900     2.4506     0.2130     1.2267 2.1935e+02     6.4582     -0.152     -0.221    18.6493 0.0000e+00
     -0.158     -0.010     6.5615     68.882     36.763  32.096758    20.7900     2.4354     0.2130     1.2267 2.1997e+02     6.2316     -0.155     -0.224    18.6494 0.0000e+00
     -0.159     -0.007     6.5292     68.479     36.782  32.113349    20.7900     2.4163     0.2130     1.3113 2.1931e+02     6.2164     -0.156     -0.226    18.6494 0.0000e+00
     -0.160     -0.005     6.4990     68.049     36.799  32.128270    20.7900     2.4354     0.2130     1.3113 2.2310e+02     6.1409     -0.157     -0.228    18.6495 0.0000e+00
     -0.161     -0.005     6.4682     67.617     36.805  32.133549    20.7900     2.4354     0.2130     1.3113 2.2603e+02     6.2316     -0.158     -0.229    18.6495 0.0000e+00
     -0.162     -0.004     6.4343     67.212     36.811  32.138560    20.7900     2.3552     0.2130     1.3113 2.2218e+02     6.3524     -0.159     -0.230    18.6495 0.0000e+00
     -0.163     -0.005     6.3968     66.861     36.806  32.134682    20.7900     2.3896     0.1704     1.3536 2.2189e+02     6.4128     -0.160     -0.232    18.6495 0.0000e+00
     -0.164     -0.006     6.3566     66.586     36.788  32.118889    20.7900     2.3819     0.1704     1.3536 2.2910e+02     6.4582     -0.161     -0.233    18.6494 0.0000e+00
     -0.165     -0.007     6.3162     66.385     36.781  32.112861    20.7900     2.3781     0.1704     1.3536 1.8592e+02     6.4884     -0.162     -0.235    18.6494 0.0000e+00
     -0.167     -0.008     6.2784     66.233     36.790  32.120968    20.7900     2.3705     0.1704     1.3536 1.9038e+02     6.6243     -0.164     -0.238    18.6494 0.0000e+00
     -0.169     -0.010     6.2456     66.099     36.804  32.133420    20.7900     2.4048     0.1704     1.3536 1.6794e+02     6.6545     -0.166     -0.241    18.6494 0.0000e+00
     -0.172     -0.013     6.2199     65.962     36.823  32.149553    20.7900     2.3781     0.2130     1.3536 1.8463e+02     6.7452     -0.169     -0.245    18.6494 0.0000e+00
     -0.175     -0.016     6.2011     65.812     36.834  32.159729    20.7900     2.3667     0.2130     1.3536 1.7167e+02     6.5790     -0.172     -0.249    18.6495 0.0000e+00
     -0.179     -0.021     6.1869     65.641     36.831  32.156702    20.7900     2.5078     0.2130     1.3536 1.7388e+02     6.1107     -0.176     -0.255    18.6496 0.0000e+00
     -0.184     -0.026     6.1744     65.457     36.823  32.149622    20.7900     2.4926     0.2130     1.3536 1.7949e+02     6.2769     -0.181     -0.262    18.6497 0.0000e+00
     -0.191     -0.032     6.1616     65.295     36.810  32.138594    20.8800     2.4582     0.1704     1.4382 2.1510e+02     6.2316     -0.188     -0.272    18.6497 0.0000e+00
     -0.200     -0.036     6.1475     65.224     36.798  32.128645    20.8800     2.4888     0.1704     1.4382 1.9233e+02     6.1862     -0.196     -0.285    18.6498 0.0000e+00
     -0.211     -0.039     6.1316     65.328     36.787  32.119113    20.8800     2.3781     0.1704     1.4382 2.1831e+02     6.6696     -0.207     -0.300    18.6499 0.0000e+00
     -0.224     -0.040     6.1143     65.679     36.767  32.101482    20.8800     2.3629     0.1704     1.4382 2.1557e+02     6.6243     -0.219     -0.318    18.6502 0.0000e+00
     -0.236     -0.037     6.0991     66.319     36.756  32.092958    20.7900     2.3629     0.2130     1.3959 2.1840e+02     6.7150     -0.232     -0.336    18.6505 0.0000e+00
     -0.246     -0.033     6.0925     67.227     36.761  32.097244    20.7900     2.3705     0.2130     1.3959 2.1287e+02     6.6243     -0.242     -0.351    18.6508 0.0000e+00
     -0.254     -0.026     6.1021     68.299     36.759  32.095566    20.7900     2.6146     0.2130     1.3959 2.0889e+02     6.3977     -0.249     -0.362    18.6512 0.0000e+00
     -0.259     -0.019     6.1348     69.375     36.763  32.099426    20.7900     2.6261     0.2130     1.3959 2.0834e+02     6.4279     -0.254     -0.369    18.6515 0.0000e+00
     -0.262     -0.012     6.1946     70.282     36.786  32.119813    20.7900     2.6185     0.2130     1.3536 2.0993e+02     6.4279     -0.258     -0.374    18.6520 0.0000e+00
     -0.264     -0.007     6.2793     70.879     36.804  32.136270    20.7900     2.6108     0.2130     1.3536 2.1076e+02     6.4279     -0.259     -0.376    18.6525 0.0000e+00
     -0.265     -0.002     6.3794     71.084     36.808  32.139242    20.7900     2.6452     0.2130     1.3536 2.1246e+02     6.4582     -0.260     -0.377    18.6529 0.0000e+00
     -0.264      0.001     6.4799     70.868     36.799  32.131516    20.7900     2.6375     0.2130     1.3536 2.1413e+02     6.5186     -0.259     -0.376    18.6532 0.0000e+00
     -0.263      0.003     6.5646     70.274     36.789  32.122981    20.7900     2.6375     0.2130     1.3536 2.1482e+02     6.4128     -0.258     -0.374    18.6534 0.0000e+00
     -0.262      0.004     6.6204     69.399     36.780  32.115344    20.7900     2.6146     0.1704     1.3959 2.1482e+02     6.4430     -0.257     -0.373    18.6536 0.0000e+00
     -0.261      0.006     6.6395     68.359     36.766  32.102586    20.7900     2.6223     0.1704     1.3959 2.1473e+02     6.2013     -0.256     -0.371    18.6538 0.0000e+00
     -0.259      0.007     6.6193     67.268     36.760  32.097238    20.7900     2.6146     0.1704     1.3959 2.1301e+02     6.2316     -0.254     -0.369    18.6538 0.0000e+00
