Data/DataNotYetUploadedToEDI/Raw_CTD/RawDownloads/052526_fcr50_S7809001.cnv
* Sea-Bird SBE19plus  Data File:
* FileName = C:\R\Reservoirs\Data\DataNotYetUploadedToEDI\Raw_CTD\RawDownloads\062926_fcr50_S7809_0001.hex
* Software version 2.8.0.119
* Temperature SN = 7809
* Conductivity SN = 7809
* System UpLoad Time = Jun 30 2026 08:58:25
* <ApplicationData>
* <Seaterm232>
# nquan = 15
# nvalues = 1780                        
# units = specified
# name 0 = depFM: Depth [fresh water, m]
# name 1 = dz/dtM: Descent Rate [m/s]
# name 2 = sbeox0Mg/L: Oxygen, SBE 43 [mg/l]
# name 3 = sbeox0PS: Oxygen, SBE 43 [% saturation]
# name 4 = specc: Specific Conductance [uS/cm]
# name 5 = c0uS/cm: Conductivity [uS/cm]
# name 6 = flECO-AFL: Fluorescence, WET Labs ECO-AFL/FL [mg/m^3]
# name 7 = ph: pH
# name 8 = orp: Oxidation Reduction Potential [mV]
# name 9 = par/sat/log: PAR/Logarithmic, Satlantic
# name 10 = turbWETntu0: Turbidity, WET Labs ECO [NTU]
# name 11 = prdM: Pressure, Strain Gauge [db]
# name 12 = prdE: Pressure, Strain Gauge [psi]
# name 13 = tv290C: Temperature [ITS-90, deg C]
# name 14 = flag:  0.000e+00
# span 0 =     -0.622,      9.542       
# span 1 =     -0.348,      0.277       
# span 2 =    -0.1346,    10.0202       
# span 3 =     -1.151,    108.123       
# span 4 =      1.024,    153.259       
# span 5 =   0.919633, 103.825994       
# span 6 =    -0.0503,    14.0703       
# span 7 =      8.934,     12.258       
# span 8 =  -197.6732,   131.4602       
# span 9 = 1.2359e-01, 2.4983e+02       
# span 10 =    -0.1209,    49.2009      
# span 11 =     -0.610,      9.358      
# span 12 =     -0.885,     13.572      
# span 13 =     8.8526,    19.9307      
# span 14 = 0.0000e+00, 0.0000e+00      
# interval = seconds: 0.25
# start_time = May 25 2026 12:15:19 [Instrument's time stamp, header]
# bad_flag = -9.990e-29
*END*
[from data line 1350]
      5.983      0.020     7.0150     60.499     45.596  30.947215     0.4415      9.815    84.1907 1.2383e-01     4.6350      5.866      8.508     8.9350 0.0000e+00
      5.987      0.019     7.0067     60.531     45.622  30.964401     0.4435      9.813    85.1985 1.2380e-01     4.6341      5.870      8.514     8.9348 0.0000e+00
      5.994      0.018     7.0031     60.567     45.631  30.969958     0.4365      9.811    85.6332 1.2382e-01     4.6412      5.878      8.525     8.9346 0.0000e+00
      6.000      0.017     7.0035     60.570     45.603  30.950971     0.4488      9.809    85.6613 1.2385e-01     4.7208      5.885      8.535     8.9342 0.0000e+00
      6.004      0.017     7.0018     60.560     45.566  30.925143     0.4751      9.809    85.7107 1.2378e-01     4.7767      5.888      8.540     8.9339 0.0000e+00
      6.007      0.016     7.0066     60.544     45.547  30.911417     0.4721      9.807    85.7143 1.2375e-01     4.7017      5.891      8.544     8.9334 0.0000e+00
      6.010      0.016     7.0146     60.475     45.548  30.911881     0.4623      9.805    85.7051 1.2377e-01     4.7023      5.894      8.548     8.9330 0.0000e+00
      6.013      0.017     7.0123     60.364     45.576  30.930754     0.4643      9.804    86.2010 1.2379e-01     4.8185      5.896      8.551     8.9327 0.0000e+00
      6.018      0.019     7.0097     60.244     45.605  30.949303     0.4636      9.802    87.1496 1.2379e-01     4.8427      5.901      8.558     8.9321 0.0000e+00
      6.024      0.020     7.0133     60.122     45.600  30.945833     0.4624      9.800    87.6246 1.2375e-01     4.7214      5.907      8.568     8.9315 0.0000e+00
      6.030      0.020     7.0031     60.025     45.609  30.952233     0.4411      9.799    87.5565 1.2378e-01     4.5142      5.913      8.576     8.9309 0.0000e+00
      6.035      0.019     6.9882     59.988     45.625  30.963256     0.4394      9.799    87.3582 1.2387e-01     4.4549      5.920      8.586     8.9304 0.0000e+00
      6.040      0.018     6.9755     59.994     45.610  30.952234     0.4757      9.798    87.3785 1.2384e-01     4.5852      5.924      8.592     8.9302 0.0000e+00
      6.044      0.016     6.9597     60.011     45.600  30.945844     0.4962      9.795    87.8885 1.2373e-01     4.6892      5.927      8.596     8.9300 0.0000e+00
      6.047      0.014     6.9465     60.046     45.605  30.949427     0.4793      9.792    88.5339 1.2373e-01     4.6878      5.929      8.600     8.9299 0.0000e+00
      6.051      0.013     6.9429     60.094     45.580  30.932127     0.4465      9.792    88.8140 1.2383e-01     4.6366      5.933      8.606     8.9298 0.0000e+00
      6.055      0.014     6.9471     60.149     45.572  30.926975     0.4495      9.790    88.6949 1.2390e-01     4.6849      5.938      8.613     8.9296 0.0000e+00
      6.057      0.015     6.9459     60.195     45.607  30.950571     0.4815      9.788    88.5555 1.2388e-01     4.8277      5.940      8.616     8.9295 0.0000e+00
      6.059      0.015     6.9520     60.205     45.626  30.963683     0.4840      9.788    88.6772 1.2381e-01     4.8593      5.940      8.615     8.9298 0.0000e+00
      6.064      0.015     6.9571     60.210     45.618  30.958636     0.4548      9.787    88.9623 1.2376e-01     4.7258      5.945      8.623     8.9299 0.0000e+00
      6.069      0.015     6.9633     60.253     45.609  30.952982     0.4360      9.785    89.2498 1.2375e-01     4.6150      5.953      8.634     8.9298 0.0000e+00
      6.074      0.016     6.9724     60.326     45.618  30.958759     0.4483      9.784    89.4853 1.2378e-01     4.6464      5.958      8.640     8.9300 0.0000e+00
      6.076      0.016     6.9699     60.374     45.628  30.965046     0.4619      9.783    89.6598 1.2380e-01     4.6958      5.958      8.642     8.9303 0.0000e+00
      6.080      0.015     6.9689     60.383     45.629  30.965556     0.4349      9.781    89.7240 1.2379e-01     4.6655      5.961      8.646     8.9305 0.0000e+00
      6.085      0.014     6.9737     60.396     45.628  30.964923     0.3959      9.781    89.7455 1.2376e-01     4.6895      5.968      8.655     8.9304 0.0000e+00
      6.089      0.014     6.9861     60.436     45.617  30.957398     0.3810      9.780    89.8336 1.2375e-01     4.7465      5.971      8.660     8.9300 0.0000e+00
      6.092      0.013     6.9923     60.478     45.588  30.938008     0.4048      9.778    90.0154 1.2380e-01     4.6718      5.975      8.665     8.9301 0.0000e+00
      6.095      0.012     6.9900     60.494     45.563  30.920802     0.4503      9.776    90.2231 1.2385e-01     4.5386      5.978      8.671     8.9300 0.0000e+00
      6.098      0.011     6.9911     60.494     45.591  30.939671     0.4572      9.775    90.3658 1.2386e-01     4.4331      5.980      8.674     8.9299 0.0000e+00
      6.100      0.011     6.9965     60.495     45.645  30.975832     0.4547      9.774    90.4498 1.2385e-01     4.4215      5.982      8.676     8.9301 0.0000e+00
      6.103      0.011     7.0037     60.511     45.648  30.977400     0.4790      9.774    90.5503 1.2379e-01     4.5352      5.985      8.680     8.9298 0.0000e+00
      6.106      0.011     7.0046     60.544     45.621  30.958635     0.4924      9.773    90.8068 1.2376e-01     4.6457      5.988      8.684     8.9296 0.0000e+00
      6.109      0.010     7.0036     60.569     45.592  30.939255     0.4758      9.771    91.1427 1.2377e-01     4.5967      5.990      8.687     8.9293 0.0000e+00
      6.112      0.010     7.0037     60.564     45.583  30.933384     0.4445      9.770    91.2557 1.2376e-01     4.4211      5.994      8.693     8.9290 0.0000e+00
      6.115      0.011     7.0046     60.532     45.610  30.951091     0.4384      9.768    91.1410 1.2374e-01     4.4354      5.998      8.698     8.9288 0.0000e+00
      6.117      0.013     7.0105     60.488     45.628  30.963040     0.4692      9.766    91.1324 1.2375e-01     4.6671      5.998      8.700     8.9287 0.0000e+00
      6.118      0.014     7.0144     60.448     45.611  30.950977     0.4839      9.766    91.2377 1.2378e-01     4.7287      5.999      8.701     8.9285 0.0000e+00
      6.122      0.014     7.0133     60.402     45.583  30.932115     0.4580      9.766    91.5534 1.2378e-01     4.5998      6.003      8.705     8.9282 0.0000e+00
      6.127      0.015     7.0092     60.343     45.573  30.925300     0.4390      9.764    92.1109 1.2378e-01     4.5430      6.009      8.714     8.9280 0.0000e+00
      6.133      0.015     7.0026     60.290     45.583  30.932003     0.4625      9.762    92.3851 1.2378e-01     4.6230      6.017      8.726     8.9278 0.0000e+00
      6.137      0.015     6.9993     60.255     45.609  30.949725     0.5000      9.761    92.3733 1.2381e-01     4.7127      6.020      8.732     8.9278 0.0000e+00
      6.139      0.014     6.9944     60.239     45.609  30.949261     0.4932      9.760    92.3123 1.2382e-01     4.6713      6.019      8.731     8.9276 0.0000e+00
      6.142      0.012     6.9860     60.227     45.575  30.926401     0.4547      9.757    92.1647 1.2378e-01     4.6345      6.023      8.735     8.9275 0.0000e+00
      6.146      0.011     6.9801     60.216     45.576  30.927073     0.4511      9.756    92.1376 1.2375e-01     4.7803      6.028      8.743     8.9274 0.0000e+00
      6.149      0.011     6.9752     60.204     45.621  30.957386     0.4831      9.756    92.5857 1.2375e-01     5.0003      6.031      8.747     8.9273 0.0000e+00
      6.151      0.011     6.9751     60.191     45.648  30.975727     0.5005      9.755    93.2804 1.2374e-01     5.0391      6.032      8.749     8.9271 0.0000e+00
      6.152      0.011     6.9731     60.183     45.623  30.958521     0.4781      9.754    93.6545 1.2372e-01     4.8733      6.033      8.750     8.9269 0.0000e+00
      6.155      0.010     6.9720     60.199     45.595  30.939661     0.4611      9.753    93.5820 1.2376e-01     4.7034      6.036      8.755     8.9271 0.0000e+00
      6.160      0.010     6.9711     60.258     45.593  30.937998     0.4870      9.752    93.3504 1.2378e-01     4.6249      6.041      8.762     8.9271 0.0000e+00
      6.163      0.010     6.9685     60.311     45.594  30.938423     0.4918      9.751    93.3487 1.2375e-01     4.5399      6.045      8.767     8.9268 0.0000e+00
      6.165      0.010     6.9683     60.325     45.603  30.944796     0.4617      9.749    93.6477 1.2367e-01     4.3927      6.046      8.769     8.9266 0.0000e+00
      6.166      0.010     6.9667     60.332     45.613  30.951610     0.4468      9.748    94.0406 1.2364e-01     4.3483      6.047      8.770     8.9265 0.0000e+00
      6.167      0.009     6.9776     60.325     45.622  30.957376     0.4533      9.747    94.3126 1.2372e-01     4.4473      6.048      8.771     8.9264 0.0000e+00
      6.170      0.009     6.9866     60.291     45.613  30.951081     0.4739      9.747    94.5271 1.2377e-01     4.5978      6.050      8.774     8.9265 0.0000e+00
      6.174      0.010     6.9834     60.249     45.595  30.938932     0.4706      9.746    94.7412 1.2379e-01     4.6656      6.055      8.782     8.9265 0.0000e+00
      6.177      0.011     6.9865     60.203     45.592  30.937355     0.4548      9.744    94.8373 1.2385e-01     4.6858      6.059      8.788     8.9264 0.0000e+00
      6.178      0.011     6.9869     60.167     45.584  30.932012     0.4586      9.742    94.8287 1.2387e-01     4.7740      6.058      8.787     8.9263 0.0000e+00
      6.180      0.012     6.9800     60.158     45.593  30.937770     0.4663      9.740    94.9805 1.2378e-01     4.8102      6.059      8.788     8.9264 0.0000e+00
      6.184      0.012     6.9769     60.171     45.602  30.943537     0.4892      9.738    95.4688 1.2370e-01     4.8495      6.064      8.794     8.9263 0.0000e+00
      6.188      0.013     6.9704     60.196     45.594  30.938298     0.4946      9.737    96.0001 1.2372e-01     4.8399      6.069      8.802     8.9262 0.0000e+00
      6.192      0.014     6.9646     60.215     45.594  30.937864     0.4645      9.737    96.4999 1.2377e-01     4.6934      6.071      8.806     8.9262 0.0000e+00
      6.195      0.014     6.9652     60.230     45.595  30.938298     0.4586      9.736    97.0380 1.2377e-01     4.6163      6.075      8.811     8.9262 0.0000e+00
      6.199      0.014     6.9657     60.257     45.603  30.943537     0.4808      9.735    97.1717 1.2379e-01     4.6246      6.079      8.816     8.9261 0.0000e+00
      6.203      0.013     6.9707     60.277     45.594  30.937780     0.4920      9.733    97.0852 1.2382e-01     4.6235      6.082      8.822     8.9258 0.0000e+00
      6.206      0.012     6.9729     60.272     45.585  30.932126     0.4778      9.733    97.3680 1.2380e-01     4.5690      6.085      8.826     8.9256 0.0000e+00
      6.209      0.011     6.9722     60.246     45.595  30.938613     0.4673      9.732    97.8373 1.2379e-01     4.5124      6.089      8.831     8.9256 0.0000e+00
      6.212      0.010     6.9780     60.226     45.616  30.952773     0.4813      9.731    98.4582 1.2380e-01     4.5528      6.091      8.835     8.9255 0.0000e+00
      6.214      0.010     6.9802     60.221     45.651  30.976455     0.4715      9.730    99.1105 1.2377e-01     4.5453      6.094      8.838     8.9254 0.0000e+00
      6.216      0.011     6.9803     60.222     45.643  30.971208     0.4415      9.730    99.0132 1.2377e-01     4.4897      6.096      8.841     8.9253 0.0000e+00
      6.218      0.011     6.9755     60.237     45.616  30.952764     0.4341      9.728    98.4002 1.2377e-01     4.5637      6.097      8.843     8.9254 0.0000e+00
      6.220      0.010     6.9721     60.247     45.603  30.943765     0.4491      9.726    98.4097 1.2372e-01     4.7239      6.099      8.846     8.9253 0.0000e+00
      6.225      0.010     6.9737     60.240     45.577  30.925841     0.4814      9.725    98.9566 1.2371e-01     4.8559      6.105      8.855     8.9253 0.0000e+00
      6.228      0.009     6.9713     60.232     45.577  30.926352     0.4913      9.725    99.6774 1.2372e-01     4.8260      6.110      8.861     8.9253 0.0000e+00
      6.229      0.009     6.9757     60.229     45.612  30.949948     0.4607      9.724   100.4995 1.2368e-01     4.7383      6.109      8.860     8.9254 0.0000e+00
      6.230      0.009     6.9772     60.226     45.623  30.957378     0.4358      9.723   100.5512 1.2368e-01     4.7184      6.109      8.860     8.9255 0.0000e+00
      6.232      0.013     6.9747     60.221     45.617  30.952754     0.4486      9.722    99.9589 1.2372e-01     4.7214      6.112      8.863     8.9254 0.0000e+00
      6.234      0.023     6.9740     60.204     45.624  30.957481     0.4826      9.722    99.7901 1.2371e-01     4.7412      6.113      8.866     8.9253 0.0000e+00
      6.235      0.034     6.9739     60.163     45.614  30.951096     0.4886      9.721    99.9732 1.2368e-01     4.6837      6.114      8.867     8.9251 0.0000e+00
      6.243      0.041     6.9737     60.120     45.596  30.938985     0.4633      9.720   100.4523 1.2368e-01     4.6762      6.118      8.873     8.9251 0.0000e+00
      6.262      0.045     6.9731     60.093     45.595  30.937927     0.4669      9.718   101.1090 1.2372e-01     4.7859      6.138      8.903     8.9250 0.0000e+00
      6.285      0.050     6.9727     60.074     45.595  30.938293     0.4994      9.718   101.4595 1.2381e-01     4.7808      6.169      8.947     8.9249 0.0000e+00
      6.299      0.054     6.9665     60.073     45.602  30.943422     0.4981      9.717   101.4214 1.2384e-01     4.6833      6.182      8.967     8.9250 0.0000e+00
      6.303      0.056     6.9598     60.096     45.592  30.936501     0.4684      9.716   100.9923 1.2384e-01     4.6322      6.180      8.962     8.9249 0.0000e+00
      6.311      0.056     6.9585     60.125     45.565  30.918048     0.4568      9.715   100.7448 1.2378e-01     4.6746      6.185      8.969     8.9250 0.0000e+00
      6.329      0.054     6.9551     60.159     45.554  30.910617     0.4663      9.714   100.9253 1.2368e-01     4.7857      6.205      9.000     8.9256 0.0000e+00
      6.351      0.052     6.9539     60.201     45.553  30.910097     0.4499      9.712   101.1952 1.2364e-01     4.7797      6.230      9.036     8.9258 0.0000e+00
      6.369      0.048     6.9590     60.224     45.556  30.911762     0.4000      9.710   101.5129 1.2367e-01     4.6706      6.248      9.061     8.9256 0.0000e+00
      6.381      0.042     6.9616     60.224     45.584  30.930735     0.3700      9.710   101.8412 1.2372e-01     4.6280      6.260      9.079     8.9255 0.0000e+00
      6.387      0.033     6.9647     60.223     45.611  30.949190     0.3787      9.709   101.7231 1.2374e-01     4.6749      6.265      9.087     8.9251 0.0000e+00
      6.390      0.025     6.9719     60.213     45.604  30.944585     0.4227      9.708   101.0315 1.2372e-01     4.7253      6.265      9.087     8.9249 0.0000e+00
      6.394      0.020     6.9753     60.188     45.595  30.938498     0.4605      9.706   100.5338 1.2372e-01     4.6228      6.270      9.094     8.9249 0.0000e+00
      6.400      0.017     6.9725     60.181     45.596  30.939037     0.4528      9.705   100.6103 1.2377e-01     4.4259      6.277      9.103     8.9249 0.0000e+00
      6.405      0.017     6.9737     60.182     45.612  30.951102     0.4545      9.705   101.0961 1.2381e-01     4.4287      6.281      9.110     8.9251 0.0000e+00
      6.409      0.018     6.9736     60.177     45.620  30.957493     0.4892      9.704   101.8472 1.2381e-01     4.6568      6.285      9.116     8.9253 0.0000e+00
      6.413      0.020     6.9672     60.188     45.611  30.952878     0.5060      9.703   102.5505 1.2380e-01     4.8265      6.289      9.121     8.9252 0.0000e+00
