Data/DataNotYetUploadedToEDI/Raw_CTD/RawDownloads/052522_fcr50_S8188002.cnv
* Sea-Bird SBE19plus  Data File:
* FileName = C:\R\Reservoirs\Data\DataNotYetUploadedToEDI\Raw_CTD\RawDownloads\SBE19plus_01908188_052522_fcr50_0002.hex
* Software version 2.8.0.119
* Temperature SN = 8188
* Conductivity SN = 8188
* System UpLoad Time = Jun 29 2022 16:14:00
* <ApplicationData>
* <Seaterm232>
# nquan = 13
# nvalues = 2296                        
# units = specified
# name 0 = depFM: Depth [fresh water, m]
# name 1 = dz/dtM: Descent Rate [m/s]
# name 2 = sbeox0Mg/L: Oxygen, SBE 43 [mg/l]
# name 3 = sbeox0PS: Oxygen, SBE 43 [% saturation]
# name 4 = specc: Specific Conductance [uS/cm]
# name 5 = c0uS/cm: Conductivity [uS/cm]
# name 6 = flECO-AFL: Fluorescence, WET Labs ECO-AFL/FL [mg/m^3]
# name 7 = par/sat/log: PAR/Logarithmic, Satlantic
# name 8 = turbWETntu0: Turbidity, WET Labs ECO [NTU]
# name 9 = prdM: Pressure, Strain Gauge [db]
# name 10 = prdE: Pressure, Strain Gauge [psi]
# name 11 = tv290C: Temperature [ITS-90, deg C]
# name 12 = flag:  0.000e+00
# span 0 =     -0.602,      9.663       
# span 1 =     -0.185,      0.192       
# span 2 =    -0.2668,    13.4631       
# span 3 =     -2.111,    146.944       
# span 4 =      0.012,    558.991       
# span 5 =   0.010410, 502.068922       
# span 6 =    -0.0615,    29.4363       
# span 7 = 1.1603e-01, 5.6669e+02       
# span 8 =     0.1901,     9.8118       
# span 9 =     -0.590,      9.477       
# span 10 =     -0.856,     13.745      
# span 11 =     9.1111,    20.1132      
# span 12 = 0.0000e+00, 0.0000e+00      
# interval = seconds: 0.25
# start_time = May 25 2022 12:41:25 [Instrument's time stamp, header]
# bad_flag = -9.990e-29
*END*
[from data line 778]
      4.915      0.023     1.1307     10.529     43.127  29.766787    29.4332 2.7273e-01     6.1575      4.818      6.988     9.4851 0.0000e+00
      4.923      0.032     1.1474     10.658     43.288  29.879060    29.4328 2.7885e-01     6.2349      4.831      7.005     9.4874 0.0000e+00
      4.928      0.040     1.1695     10.728     43.339  29.892834    29.4330 2.6586e-01     6.3763      4.833      7.010     9.4893 0.0000e+00
      4.935      0.045     1.1862     10.748     43.245  29.798295    29.4327 2.4033e-01     6.4533      4.835      7.012     9.5017 0.0000e+00
      4.954      0.045     1.2021     10.766     43.086  29.680988    29.4322 2.2637e-01     6.4589      4.856      7.043     9.5062 0.0000e+00
      4.976      0.043     1.2197     10.776     43.081  29.689499    29.4330 2.2535e-01     6.4467      4.883      7.083     9.5242 0.0000e+00
      4.990      0.038     1.2286     10.762     43.170  29.766219    29.4345 2.3341e-01     6.4238      4.899      7.104     9.4928 0.0000e+00
      4.994      0.033     1.2280     10.762     43.197  29.798606    29.4341 2.3694e-01     6.4111      4.896      7.102     9.4348 0.0000e+00
      4.994      0.026     1.2318     10.773     43.209  29.811089    29.4327 2.3265e-01     6.4073      4.895      7.100     9.4314 0.0000e+00
      4.998      0.021     1.2342     10.772     43.188  29.782149    29.4323 2.3517e-01     6.3807      4.903      7.110     9.4582 0.0000e+00
      5.003      0.019     1.2285     10.804     43.132  29.718689    29.4322 2.3550e-01     6.3323      4.905      7.114     9.4719 0.0000e+00
      5.010      0.019     1.2278     10.869     43.168  29.718794    29.4327 2.2182e-01     6.3060      4.913      7.126     9.4917 0.0000e+00
      5.018      0.018     1.2331     10.925     43.262  29.783388    29.4336 2.0953e-01     6.3048      4.923      7.140     9.5059 0.0000e+00
      5.023      0.015     1.2282     10.997     43.263  29.824671    29.4329 2.1191e-01     6.3160      4.926      7.145     9.4764 0.0000e+00
      5.026      0.011     1.2331     11.107     43.178  29.812966    29.4319 2.2251e-01     6.3361      4.929      7.150     9.4538 0.0000e+00
      5.027      0.007     1.2460     11.218     43.084  29.776928    29.4294 2.2151e-01     6.3472      4.930      7.150     9.4094 0.0000e+00
      5.027      0.003     1.2501     11.313     42.877  29.658969    29.3951 2.0558e-01     6.3509      4.929      7.149     9.3935 0.0000e+00
      5.027      0.001     1.2545     11.401     42.646  29.534281    29.0113 1.9794e-01     6.3779      4.931      7.151     9.4672 0.0000e+00
      5.027      0.000     1.2679     11.485     42.623  29.551904    28.3077 2.0289e-01     6.4271      4.930      7.151     9.5338 0.0000e+00
      5.027      0.000     1.2804     11.571     42.754  29.669578    27.9220 2.0529e-01     6.4536      4.930      7.150     9.5565 0.0000e+00
      5.027      0.001     1.2895     11.649     42.919  29.809566    27.8683 2.0764e-01     6.4581      4.931      7.151     9.5728 0.0000e+00
      5.027      0.005     1.2990     11.707     43.022  29.894488    27.6604 2.1714e-01     6.4865      4.930      7.151     9.6296 0.0000e+00
      5.028      0.011     1.3054     11.747     43.055  29.886362    27.2844 2.1969e-01     6.5381      4.931      7.151     9.6683 0.0000e+00
      5.028      0.019     1.3162     11.790     43.122  29.846282    27.0813 2.0834e-01     6.5664      4.931      7.152     9.6939 0.0000e+00
      5.032      0.028     1.3239     11.825     43.222  29.814810    27.0824 1.9900e-01     6.5706      4.932      7.153     9.7282 0.0000e+00
      5.042      0.036     1.3299     11.808     43.282  29.775727    27.2812 1.8915e-01     6.5837      4.941      7.166     9.7591 0.0000e+00
      5.057      0.042     1.3335     11.746     43.362  29.778664    27.6454 1.7695e-01     6.6070      4.959      7.193     9.7386 0.0000e+00
      5.072      0.047     1.3424     11.684     43.507  29.850271    27.8401 1.7459e-01     6.6199      4.974      7.215     9.6065 0.0000e+00
      5.084      0.047     1.3543     11.608     43.595  29.898980    27.8214 1.7504e-01     6.6254      4.985      7.232     9.4770 0.0000e+00
      5.095      0.044     1.3548     11.490     43.591  29.895068    27.4316 1.6686e-01     6.6759      4.996      7.246     9.3843 0.0000e+00
      5.107      0.043     1.3460     11.336     43.549  29.870473    26.7152 1.5908e-01     6.7684      5.009      7.265     9.3238 0.0000e+00
      5.117      0.048     1.3411     11.138     43.445  29.804110    26.3167 1.6023e-01     6.8184      5.021      7.282     9.2971 0.0000e+00
      5.122      0.055     1.3355     10.917     43.390  29.767704    26.1818 1.6288e-01     6.8203      5.023      7.286     9.2851 0.0000e+00
      5.131      0.061     1.3194     10.708     43.487  29.835301    25.0778 1.6329e-01     6.7904      5.025      7.288     9.2862 0.0000e+00
      5.152      0.063     1.3035     10.496     43.547  29.878904    23.0593 1.5973e-01     6.7352      5.049      7.322     9.2916 0.0000e+00
      5.182      0.063     1.2797     10.278     43.461  29.822389    21.9611 1.5494e-01     6.7053      5.087      7.378     9.3017 0.0000e+00
      5.204      0.060     1.2508     10.121     43.365  29.759502    21.8972 1.5284e-01     6.7038      5.106      7.407     9.2994 0.0000e+00
      5.215      0.054     1.2292     10.072     43.311  29.726072    22.3019 1.4690e-01     6.7201      5.114      7.419     9.3019 0.0000e+00
      5.221      0.045     1.2058     10.107     43.240  29.688197    23.0614 1.3880e-01     6.7509      5.120      7.426     9.3052 0.0000e+00
      5.228      0.038     1.1764     10.199     43.248  29.706572    23.4782 1.3701e-01     6.7674      5.125      7.434     9.3060 0.0000e+00
      5.238      0.035     1.1555     10.329     43.404  29.813254    23.5469 1.3589e-01     6.7646      5.138      7.451     9.3121 0.0000e+00
      5.248      0.036     1.1525     10.484     43.549  29.898050    23.9061 1.2819e-01     6.7199      5.147      7.465     9.3108 0.0000e+00
      5.255      0.037     1.1572     10.664     43.608  29.921797    24.5609 1.2029e-01     6.6382      5.153      7.474     9.3240 0.0000e+00
      5.265      0.039     1.1669     10.844     43.597  29.897850    24.9155 1.2227e-01     6.5943      5.162      7.486     9.3504 0.0000e+00
      5.276      0.041     1.1837     10.980     43.499  29.811003    24.9083 1.3072e-01     6.5952      5.174      7.504     9.3497 0.0000e+00
      5.286      0.043     1.2010     11.080     43.435  29.749245    24.4705 1.3043e-01     6.6492      5.184      7.518     9.3229 0.0000e+00
      5.297      0.045     1.2231     11.224     43.464  29.758632    23.6632 1.2404e-01     6.7492      5.194      7.533     9.3050 0.0000e+00
      5.310      0.045     1.2470     11.425     43.512  29.789488    23.2190 1.2399e-01     6.8033      5.208      7.553     9.2891 0.0000e+00
      5.324      0.045     1.2643     11.618     43.600  29.852316    23.1302 1.2410e-01     6.8040      5.222      7.574     9.2623 0.0000e+00
      5.335      0.043     1.2702     11.765     43.685  29.910771    22.5862 1.1948e-01     6.7575      5.232      7.588     9.2406 0.0000e+00
      5.346      0.039     1.2869     11.864     43.653  29.888734    21.5945 1.1743e-01     6.6718      5.242      7.601     9.2274 0.0000e+00
      5.357      0.033     1.3144     11.934     43.503  29.788375    21.0542 1.1802e-01     6.6253      5.255      7.622     9.2268 0.0000e+00
      5.366      0.027     1.3373     12.009     43.387  29.709873    21.0139 1.1720e-01     6.6214      5.264      7.634     9.2337 0.0000e+00
      5.371      0.021     1.3545     12.074     43.446  29.749591    21.1166 1.1632e-01     6.6218      5.267      7.639     9.2328 0.0000e+00
      5.375      0.016     1.3648     12.080     43.614  29.863591    21.3160 1.1626e-01     6.6228      5.272      7.646     9.2310 0.0000e+00
      5.378      0.011     1.3712     12.055     43.724  29.940704    21.4294 1.1624e-01     6.6234      5.275      7.650     9.2353 0.0000e+00
      5.378      0.009     1.3792     12.038     43.719  29.939443    21.4688 1.1624e-01     6.6252      5.273      7.648     9.2375 0.0000e+00
      5.378      0.011     1.3919     12.026     43.679  29.915851    21.7944 1.1624e-01     6.6457      5.274      7.649     9.2342 0.0000e+00
      5.380      0.018     1.3897     12.017     43.592  29.857965    22.3916 1.1625e-01     6.6836      5.276      7.653     9.2327 0.0000e+00
      5.384      0.030     1.3839     11.976     43.485  29.779562    22.7167 1.1629e-01     6.7044      5.280      7.659     9.2360 0.0000e+00
      5.388      0.043     1.3845     11.886     43.497  29.777903    22.7452 1.1627e-01     6.7084      5.280      7.659     9.2384 0.0000e+00
      5.399      0.054     1.3807     11.810     43.597  29.837898    22.7462 1.1620e-01     6.7314      5.287      7.668     9.2429 0.0000e+00
      5.422      0.060     1.3819     11.773     43.692  29.897429    22.7450 1.1616e-01     6.7734      5.318      7.714     9.2485 0.0000e+00
      5.447      0.061     1.3801     11.748     43.684  29.890168    22.7480 1.1617e-01     6.7958      5.344      7.753     9.2413 0.0000e+00
      5.464      0.056     1.3645     11.708     43.573  29.817599    22.7845 1.1617e-01     6.7923      5.359      7.773     9.2273 0.0000e+00
      5.478      0.047     1.3560     11.678     43.483  29.762527    23.1934 1.1613e-01     6.7338      5.376      7.797     9.2174 0.0000e+00
      5.486      0.036     1.3533     11.690     43.473  29.764324    23.9447 1.1613e-01     6.6265      5.383      7.807     9.2105 0.0000e+00
      5.490      0.027     1.3522     11.723     43.568  29.839332    24.3559 1.1613e-01     6.5687      5.382      7.806     9.2073 0.0000e+00
      5.494      0.023     1.3465     11.744     43.688  29.926924    24.4159 1.1612e-01     6.5677      5.388      7.813     9.2113 0.0000e+00
      5.498      0.022     1.3394     11.743     43.718  29.945869    24.6879 1.1620e-01     6.6079      5.392      7.821     9.2212 0.0000e+00
      5.501      0.022     1.3434     11.734     43.707  29.933392    25.1824 1.1625e-01     6.6825      5.393      7.822     9.2303 0.0000e+00
      5.508      0.023     1.3475     11.730     43.678  29.911069    25.4508 1.1619e-01     6.7237      5.400      7.831     9.2423 0.0000e+00
      5.518      0.024     1.3506     11.729     43.633  29.878468    25.4595 1.1612e-01     6.7275      5.414      7.851     9.2538 0.0000e+00
      5.526      0.026     1.3493     11.714     43.637  29.876719    25.2777 1.1612e-01     6.7280      5.420      7.862     9.2483 0.0000e+00
      5.529      0.031     1.3484     11.687     43.666  29.889931    24.9378 1.1620e-01     6.7288      5.421      7.864     9.2382 0.0000e+00
      5.533      0.038     1.3476     11.675     43.694  29.903202    24.7438 1.1627e-01     6.7296      5.424      7.868     9.2383 0.0000e+00
      5.539      0.047     1.3486     11.679     43.798  29.969670    24.6226 1.1625e-01     6.7304      5.431      7.878     9.2378 0.0000e+00
      5.552      0.054     1.3478     11.688     43.877  30.018553    23.4592 1.1621e-01     6.7329      5.441      7.892     9.2329 0.0000e+00
      5.572      0.057     1.3418     11.705     43.791  29.954213    21.3286 1.1620e-01     6.7378      5.461      7.920     9.2233 0.0000e+00
      5.598      0.056     1.3421     11.734     43.666  29.866758    20.1716 1.1616e-01     6.7406      5.492      7.965     9.2155 0.0000e+00
      5.618      0.051     1.3429     11.761     43.624  29.838675    20.1226 1.1615e-01     6.7381      5.515      7.999     9.2122 0.0000e+00
      5.626      0.043     1.3441     11.796     43.688  29.884672    20.7396 1.1615e-01     6.7097      5.519      8.005     9.2044 0.0000e+00
      5.627      0.032     1.3455     11.846     43.783  29.950384    21.8897 1.1615e-01     6.6588      5.516      8.000     9.1980 0.0000e+00
      5.632      0.023     1.3505     11.891     43.793  29.958170    22.5204 1.1616e-01     6.6316      5.522      8.010     9.1962 0.0000e+00
      5.640      0.019     1.3529     11.934     43.722  29.911310    22.6037 1.1616e-01     6.6309      5.533      8.025     9.1967 0.0000e+00
      5.644      0.019     1.3548     11.977     43.641  29.856325    22.8985 1.1618e-01     6.6494      5.536      8.029     9.2008 0.0000e+00
      5.648      0.024     1.3642     11.997     43.611  29.833371    23.4293 1.1623e-01     6.6835      5.536      8.030     9.2018 0.0000e+00
      5.653      0.032     1.3673     11.997     43.624  29.836279    23.7092 1.1622e-01     6.7020      5.544      8.041     9.2014 0.0000e+00
      5.659      0.042     1.3722     12.007     43.715  29.891483    23.6306 1.1620e-01     6.7040      5.550      8.050     9.2043 0.0000e+00
      5.666      0.050     1.3789     12.033     43.924  30.028308    22.4743 1.1620e-01     6.7049      5.552      8.053     9.2057 0.0000e+00
      5.683      0.052     1.3811     12.052     44.090  30.140572    20.3504 1.1620e-01     6.7059      5.567      8.075     9.2029 0.0000e+00
      5.710      0.049     1.3797     12.073     44.029  30.101300    19.1924 1.1622e-01     6.7059      5.602      8.126     9.1961 0.0000e+00
      5.732      0.044     1.3801     12.114     43.816  29.958490    19.0874 1.1620e-01     6.7038      5.631      8.167     9.1874 0.0000e+00
      5.736      0.035     1.3860     12.156     43.626  29.831428    19.0811 1.1616e-01     6.6806      5.627      8.161     9.1773 0.0000e+00
      5.734      0.025     1.3872     12.195     43.547  29.780051    19.1129 1.1620e-01     6.6363      5.620      8.151     9.1762 0.0000e+00
      5.736      0.015     1.3874     12.235     43.589  29.809807    19.1719 1.1616e-01     6.6104      5.627      8.162     9.1819 0.0000e+00
      5.739      0.010     1.3946     12.265     43.747  29.921209    19.2072 1.1611e-01     6.6072      5.627      8.162     9.1837 0.0000e+00
      5.743      0.010     1.3990     12.286     44.020  30.114468    19.2461 1.1618e-01     6.6067      5.631      8.167     9.1887 0.0000e+00
      5.748      0.011     1.4024     12.310     44.217  30.256423    19.6480 1.1619e-01     6.6022      5.639      8.180     9.1919 0.0000e+00
      5.750      0.011     1.4085     12.335     44.161  30.220014    20.3849 1.1610e-01     6.5940      5.638      8.178     9.1902 0.0000e+00
      5.751      0.010     1.4113     12.350     43.962  30.079267    20.7868 1.1611e-01     6.5900      5.639      8.178     9.1938 0.0000e+00
      5.753      0.009     1.4131     12.365     43.807  29.972228    20.8249 1.1617e-01     6.5901      5.642      8.183     9.2026 0.0000e+00
      5.756      0.008     1.4151     12.365     43.751  29.938355    20.8481 1.1617e-01     6.5932      5.645      8.187     9.2133 0.0000e+00
      5.760      0.007     1.4195     12.331     43.746  29.939725    20.8859 1.1617e-01     6.5997      5.650      8.194     9.2176 0.0000e+00
      5.761      0.006     1.4198     12.302     43.812  29.988802    20.9067 1.1619e-01     6.6034      5.650      8.196     9.2065 0.0000e+00
      5.761      0.006     1.4224     12.282     43.909  30.059217    20.9120 1.1619e-01     6.6027      5.649      8.193     9.2026 0.0000e+00
      5.762      0.007     1.4249     12.235     43.892  30.048591    20.9575 1.1618e-01     6.5923      5.651      8.196     9.2138 0.0000e+00
      5.763      0.010     1.4167     12.169     43.824  29.995326    21.0413 1.1616e-01     6.5736      5.652      8.198     9.2188 0.0000e+00
      5.763      0.015     1.4128     12.104     43.780  29.955207    21.0910 1.1614e-01     6.5639      5.651      8.196     9.2214 0.0000e+00
      5.767      0.022     1.4145     12.068     43.715  29.901022    21.1516 1.1619e-01     6.5668      5.654      8.199     9.2283 0.0000e+00
