Data/DataNotYetUploadedToEDI/Raw_CTD/RawDownloads/052625_fcr40_S7809010.cnv
* Sea-Bird SBE19plus  Data File:
* FileName = C:\R\Reservoirs\Data\DataNotYetUploadedToEDI\Raw_CTD\RawDownloads\051925_fcr50_S7809_0010.hex
* Software version 2.8.0.119
* Temperature SN = 7809
* Conductivity SN = 7809
* System UpLoad Time = May 27 2025 14:07:24
* <ApplicationData>
* <Seaterm232>
# nquan = 15
# nvalues = 2144                        
# units = specified
# name 0 = depFM: Depth [fresh water, m]
# name 1 = dz/dtM: Descent Rate [m/s]
# name 2 = sbeox0Mg/L: Oxygen, SBE 43 [mg/l]
# name 3 = sbeox0PS: Oxygen, SBE 43 [% saturation]
# name 4 = specc: Specific Conductance [uS/cm]
# name 5 = c0uS/cm: Conductivity [uS/cm]
# name 6 = flECO-AFL: Fluorescence, WET Labs ECO-AFL/FL [mg/m^3]
# name 7 = ph: pH
# name 8 = orp: Oxidation Reduction Potential [mV]
# name 9 = par/sat/log: PAR/Logarithmic, Satlantic
# name 10 = turbWETntu0: Turbidity, WET Labs ECO [NTU]
# name 11 = prdM: Pressure, Strain Gauge [db]
# name 12 = prdE: Pressure, Strain Gauge [psi]
# name 13 = tv290C: Temperature [ITS-90, deg C]
# name 14 = flag:  0.000e+00
# span 0 =     -0.578,      5.981       
# span 1 =     -0.399,      0.146       
# span 2 =     2.0776,    11.6841       
# span 3 =     19.465,    126.793       
# span 4 =      1.115,     38.442       
# span 5 =   0.913664,  29.097722       
# span 6 =    -0.1291,    31.3819       
# span 7 =      7.698,     10.607       
# span 8 =   112.0514,   298.2183       
# span 9 = 1.2365e-01, 3.6354e+02       
# span 10 =     1.3051,   482.8385      
# span 11 =     -0.567,      5.866      
# span 12 =     -0.822,      8.508      
# span 13 =    10.1387,    19.6386      
# span 14 = 0.0000e+00, 0.0000e+00      
# interval = seconds: 0.25
# start_time = May 26 2025 13:02:13 [Instrument's time stamp, header]
# bad_flag = -9.990e-29
*END*
[from data line 97]
      0.130      0.001     8.0136     85.126     31.252  27.644984     7.2632     10.247   120.4072 1.1672e+02     4.3262      0.127      0.184    19.2482 0.0000e+00
      0.131      0.001     7.9609     84.771     31.256  27.643592     7.2521     10.251   120.4077 1.1652e+02     4.2648      0.128      0.186    19.2426 0.0000e+00
      0.131      0.001     7.9228     84.383     31.262  27.643465     7.2549     10.254   120.4553 1.1662e+02     4.2708      0.129      0.187    19.2369 0.0000e+00
      0.131      0.001     7.8915     83.965     31.269  27.643443     7.2549     10.257   120.5532 1.1675e+02     4.2616      0.128      0.186    19.2307 0.0000e+00
      0.131      0.000     7.8593     83.547     31.274  27.643317     7.2357     10.261   120.6446 1.1678e+02     4.1878      0.128      0.186    19.2246 0.0000e+00
      0.131      0.000     7.8298     83.136     31.279  27.641940     7.2053     10.264   120.7006 1.1682e+02     4.0963      0.128      0.186    19.2174 0.0000e+00
      0.131      0.001     7.7953     82.731     31.268  27.626788     7.1962     10.266   120.7136 1.1669e+02     4.0765      0.128      0.185    19.2084 0.0000e+00
      0.131      0.001     7.7559     82.326     31.228  27.586953     7.2256     10.270   120.7152 1.1646e+02     4.1880      0.128      0.186    19.1986 0.0000e+00
      0.131      0.001     7.7199     81.937     31.181  27.540841     7.2772     10.274   120.7205 1.1622e+02     4.3517      0.128      0.186    19.1893 0.0000e+00
      0.132      0.001     7.6822     81.587     31.155  27.513216     7.2887     10.277   120.6916 1.1584e+02     4.3813      0.129      0.187    19.1809 0.0000e+00
      0.133      0.001     7.6473     81.244     31.153  27.506631     7.2560     10.280   120.7106 1.1549e+02     4.3071      0.130      0.189    19.1732 0.0000e+00
      0.133      0.001     7.6101     80.874     31.178  27.524633     7.2386     10.283   120.8631 1.1550e+02     4.3080      0.130      0.189    19.1657 0.0000e+00
      0.133      0.001     7.5734     80.512     31.201  27.540606     7.2374     10.284   120.9867 1.1588e+02     4.3921      0.130      0.189    19.1582 0.0000e+00
      0.132      0.001     7.5444     80.201     31.171  27.509475     7.2248     10.288   121.0004 1.1601e+02     4.4363      0.129      0.187    19.1509 0.0000e+00
      0.132      0.001     7.5150     79.904     31.125  27.465350     7.2023     10.292   120.9432 1.1536e+02     4.3987      0.129      0.187    19.1438 0.0000e+00
      0.133      0.001     7.4812     79.598     31.113  27.451054     7.1735     10.295   120.9836 1.1465e+02     4.3470      0.130      0.189    19.1361 0.0000e+00
      0.134      0.001     7.4450     79.302     31.131  27.463467     7.1593     10.297   121.1445 1.1452e+02     4.3922      0.132      0.191    19.1282 0.0000e+00
      0.134      0.000     7.4211     79.019     31.164  27.488584     7.1806     10.300   121.1677 1.1454e+02     4.4671      0.132      0.192    19.1217 0.0000e+00
      0.134      0.000     7.3947     78.761     31.183  27.501036     7.1893     10.302   121.1786 1.1473e+02     4.4328      0.131      0.191    19.1159 0.0000e+00
      0.134      0.000     7.3653     78.529     31.171  27.487178     7.1734     10.305   121.2761 1.1500e+02     4.3875      0.131      0.190    19.1108 0.0000e+00
      0.133      0.001     7.3402     78.316     31.130  27.447867     7.1804     10.307   121.2273 1.1500e+02     4.4313      0.130      0.189    19.1054 0.0000e+00
      0.133      0.002     7.3133     78.106     31.085  27.406270     7.1903     10.309   121.1052 1.1450e+02     4.4846      0.129      0.188    19.0984 0.0000e+00
      0.134      0.003     7.2911     77.891     31.040  27.364779     7.1849     10.312   121.0908 1.1338e+02     4.4848      0.131      0.190    19.0908 0.0000e+00
      0.135      0.003     7.2704     77.669     30.999  27.326735     7.1489     10.314   121.2256 1.1223e+02     4.4685      0.133      0.193    19.0848 0.0000e+00
      0.137      0.002     7.2524     77.419     31.001  27.326818     7.0876     10.316   121.4438 1.1154e+02     4.4918      0.135      0.196    19.0806 0.0000e+00
      0.138      0.001     7.2335     77.142     31.050  27.365783     7.0679     10.318   121.4915 1.1132e+02     4.5274      0.136      0.197    19.0770 0.0000e+00
      0.138     -0.001     7.2134     76.883     31.113  27.417311     7.0600     10.321   121.3730 1.1159e+02     4.4897      0.136      0.197    19.0741 0.0000e+00
      0.137     -0.001     7.1947     76.654     31.146  27.442441     7.0259     10.323   121.3871 1.1219e+02     4.4111      0.135      0.196    19.0726 0.0000e+00
      0.136      0.000     7.1723     76.460     31.119  27.415927     7.0131     10.326   121.5763 1.1279e+02     4.3629      0.133      0.193    19.0700 0.0000e+00
      0.134      0.001     7.1445     76.346     31.047  27.350426     7.0384     10.328   121.7682 1.1279e+02     4.3850      0.131      0.190    19.0641 0.0000e+00
      0.134      0.003     7.1219     76.297     30.974  27.284707     7.0652     10.329   121.9007 1.1178e+02     4.4391      0.130      0.189    19.0557 0.0000e+00
      0.136      0.005     7.1028     76.236     30.942  27.255567     7.0544     10.330   121.9735 1.1002e+02     4.4021      0.133      0.193    19.0484 0.0000e+00
      0.139      0.006     7.0817     76.114     30.940  27.251786     7.0163     10.332   121.9605 1.0835e+02     4.2796      0.137      0.199    19.0446 0.0000e+00
      0.142      0.006     7.0726     75.953     30.928  27.238987     6.9957     10.334   121.9155 1.0740e+02     4.2220      0.139      0.202    19.0422 0.0000e+00
      0.144      0.004     7.0717     75.775     30.918  27.227663     7.0052     10.336   121.9452 1.0678e+02     4.2863      0.141      0.204    19.0395 0.0000e+00
      0.144      0.001     7.0684     75.559     30.936  27.241718     7.0146     10.339   121.9757 1.0603e+02     4.3396      0.141      0.205    19.0382 0.0000e+00
      0.144     -0.003     7.0561     75.324     30.984  27.282065     7.0086     10.342   121.9402 1.0601e+02     4.3204      0.142      0.206    19.0368 0.0000e+00
      0.144     -0.005     7.0392     75.089     31.048  27.334955     7.0084     10.345   121.8596 1.0726e+02     4.2924      0.142      0.206    19.0321 0.0000e+00
      0.141     -0.006     7.0270     74.873     31.098  27.373818     7.0280     10.346   121.7753 1.0885e+02     4.3427      0.138      0.200    19.0277 0.0000e+00
      0.137     -0.005     7.0050     74.758     31.098  27.371408     7.0464     10.349   121.8670 1.1030e+02     4.4505      0.134      0.195    19.0263 0.0000e+00
      0.134     -0.002     6.9823     74.785     31.025  27.305806     7.0148     10.352   122.0216 1.1100e+02     4.4340      0.131      0.190    19.0235 0.0000e+00
      0.133      0.002     6.9635     74.890     30.922  27.214865     6.9454     10.354   122.0102 1.1022e+02     4.3147      0.129      0.188    19.0155 0.0000e+00
      0.135      0.006     6.9395     74.980     30.857  27.159761     6.9142     10.355   122.0739 1.0834e+02     4.2721      0.131      0.191    19.0066 0.0000e+00
      0.140      0.008     6.9280     74.998     30.837  27.146950     6.9289     10.356   122.3606 1.0595e+02     4.3289      0.137      0.198    19.0034 0.0000e+00
      0.145      0.008     6.9334     74.933     30.880  27.186821     6.9489     10.358   122.5517 1.0415e+02     4.3860      0.143      0.207    19.0027 0.0000e+00
      0.147      0.008     6.9470     74.809     30.967  27.261306     6.9478     10.362   122.5776 1.0394e+02     4.3483      0.145      0.210    18.9996 0.0000e+00
      0.146      0.008     6.9572     74.681     31.000  27.286454     6.9321     10.363   122.5882 1.0446e+02     4.3510      0.144      0.209    19.0015 0.0000e+00
      0.146      0.009     6.9571     74.604     30.947  27.237182     6.9175     10.364   122.5940 1.0438e+02     4.4188      0.142      0.207    19.0132 0.0000e+00
      0.147      0.010     6.9497     74.600     30.875  27.172941     6.9048     10.366   122.6477 1.0321e+02     4.3816      0.143      0.207    19.0199 0.0000e+00
      0.150      0.011     6.9370     74.654     30.841  27.143954     6.8774     10.368   122.6351 1.0104e+02     4.3111      0.146      0.212    19.0125 0.0000e+00
      0.156      0.011     6.9242     74.706     30.836  27.140402     6.8283     10.371   122.5274 9.8304e+01     4.2850      0.152      0.221    19.0045 0.0000e+00
      0.161      0.009     6.9169     74.676     30.834  27.129994     6.8025     10.374   122.5503 9.5754e+01     4.3386      0.159      0.230    19.0020 0.0000e+00
      0.164      0.006     6.9173     74.544     30.872  27.144945     6.8148     10.376   122.6543 9.4522e+01     4.4467      0.163      0.236    18.9988 0.0000e+00
      0.164      0.001     6.9239     74.384     30.948  27.194301     6.8193     10.378   122.7513 9.4961e+01     4.3965      0.162      0.235    19.0000 0.0000e+00
      0.162     -0.002     6.9309     74.254     30.989  27.219343     6.7973     10.380   122.8630 9.6321e+01     4.2102      0.159      0.231    19.0090 0.0000e+00
      0.159     -0.003     6.9312     74.158     30.969  27.194019     6.7825     10.382   122.9729 9.7797e+01     4.1070      0.156      0.226    18.9976 0.0000e+00
      0.157     -0.003     6.9207     74.124     30.921  27.141794     6.7907     10.385   123.1332 9.8749e+01     4.1396      0.153      0.222    18.9576 0.0000e+00
      0.156     -0.002     6.9078     74.162     30.881  27.095271     6.7970     10.388   123.2523 9.8860e+01     4.2970      0.152      0.221    18.9250 0.0000e+00
      0.157     -0.001     6.8992     74.216     30.871  27.075460     6.7749     10.391   123.2949 9.8230e+01     4.4046      0.154      0.223    18.9116 0.0000e+00
      0.159      0.001     6.8899     74.237     30.900  27.092516     6.7479     10.392   123.3903 9.7128e+01     4.3809      0.155      0.225    18.9034 0.0000e+00
      0.159      0.001     6.8871     74.150     30.928  27.111208     6.7531     10.393   123.5443 9.6118e+01     4.4199      0.156      0.226    18.8869 0.0000e+00
      0.159      0.000     6.8985     73.977     30.932  27.111191     6.7633     10.394   123.6952 9.5704e+01     4.5014      0.156      0.226    18.8635 0.0000e+00
      0.158     -0.001     6.9047     73.818     30.913  27.092296     6.7473     10.396   123.7519 9.5825e+01     4.5122      0.155      0.225    18.8453 0.0000e+00
      0.158     -0.001     6.9136     73.655     30.893  27.073023     6.7169     10.398   123.7137 9.6017e+01     4.4486      0.154      0.224    18.8329 0.0000e+00
      0.157     -0.002     6.9070     73.475     30.890  27.068425     6.6873     10.400   123.7493 9.5992e+01     4.3467      0.154      0.224    18.8239 0.0000e+00
      0.156     -0.002     6.8831     73.318     30.856  27.036703     6.6647     10.401   123.9247 9.5865e+01     4.3389      0.153      0.223    18.8180 0.0000e+00
      0.156     -0.001     6.8738     73.189     30.826  27.006589     6.6434     10.402   124.1139 9.5805e+01     4.3880      0.153      0.222    18.8149 0.0000e+00
      0.156     -0.001     6.8585     73.066     30.846  27.021432     6.6286     10.404   124.2295 9.5969e+01     4.3948      0.153      0.222    18.8132 0.0000e+00
      0.156     -0.001     6.8399     72.956     30.855  27.025897     6.6103     10.404   124.2042 9.6189e+01     4.3871      0.153      0.222    18.8106 0.0000e+00
      0.156     -0.001     6.8255     72.854     30.826  26.997140     6.5811     10.405   124.1521 9.6109e+01     4.3281      0.152      0.221    18.8065 0.0000e+00
      0.156     -0.001     6.8164     72.729     30.821  26.990849     6.5921     10.408   124.2885 9.5713e+01     4.3305      0.153      0.222    18.8013 0.0000e+00
      0.156     -0.001     6.8043     72.598     30.850  27.013249     6.6422     10.410   124.4756 9.5225e+01     4.3815      0.153      0.222    18.7960 0.0000e+00
      0.156     -0.001     6.7944     72.463     30.855  27.014289     6.6551     10.411   124.5217 9.4870e+01     4.3307      0.153      0.222    18.7908 0.0000e+00
      0.155     -0.001     6.7888     72.290     30.845  27.003419     6.6233     10.412   124.4162 9.4700e+01     4.3310      0.152      0.221    18.7860 0.0000e+00
      0.154     -0.001     6.7753     72.097     30.854  27.008664     6.5743     10.413   124.3184 9.4579e+01     4.4193      0.151      0.219    18.7818 0.0000e+00
      0.154     -0.001     6.7635     71.925     30.864  27.014275     6.5199     10.414   124.3719 9.4522e+01     4.4424      0.151      0.219    18.7773 0.0000e+00
      0.154     -0.000     6.7540     71.773     30.859  27.007833     6.4893     10.417   124.4602 9.4572e+01     4.3705      0.151      0.219    18.7727 0.0000e+00
      0.154      0.001     6.7379     71.646     30.845  26.994192     6.4710     10.419   124.5264 9.4477e+01     4.3025      0.151      0.219    18.7685 0.0000e+00
      0.154      0.002     6.7170     71.536     30.899  27.039609     6.4733     10.420   124.6561 9.4214e+01     4.3707      0.150      0.218    18.7640 0.0000e+00
      0.154      0.003     6.7039     71.434     31.273  27.366690     6.5006     10.421   124.8238 9.3859e+01     4.4779      0.151      0.219    18.7597 0.0000e+00
      0.155      0.004     6.6888     71.536     32.021  28.031394     6.4927     10.423   124.9185 9.3237e+01     4.4374      0.152      0.221    18.7558 0.0000e+00
      0.157      0.004     6.6775     72.674     32.625  28.607147     6.4616     10.423   124.9405 9.2402e+01     4.3245      0.154      0.223    18.7527 0.0000e+00
      0.159      0.004     6.6699     76.334     32.745  28.810069     6.4744     10.422   124.9185 9.1497e+01     4.2745      0.156      0.227    18.7499 0.0000e+00
      0.161      0.003     6.6570     83.280     32.645  28.835926     6.5306     10.421   124.8245 9.0753e+01     4.3110      0.158      0.229    18.7476 0.0000e+00
      0.161      0.002     6.6461     92.502     32.565  28.856514     6.5836     10.421   124.8361 9.0564e+01     4.3907      0.158      0.229    18.7448 0.0000e+00
      0.161      0.002     6.6809    102.211     32.510  28.868827     6.5908     10.422   124.9727 9.0875e+01     4.4176      0.158      0.229    18.8010 0.0000e+00
      0.160      0.001     6.9572    111.071     32.455  28.858032     6.5683     10.423   125.0133 9.1240e+01     4.4307      0.156      0.227    18.9771 0.0000e+00
      0.160      0.000     7.6187    118.340     32.421  28.852897     6.5521     10.423   124.9838 9.1259e+01     4.4473      0.156      0.227    19.1814 0.0000e+00
      0.161      0.000     8.5155    123.543     32.422  28.870204     6.5445     10.424   125.0458 9.0790e+01     4.4475      0.158      0.229    19.3201 0.0000e+00
      0.162     -0.001     9.4346    126.329     32.419  28.877019     6.5516     10.425   125.2465 9.0408e+01     4.5017      0.160      0.232    19.4053 0.0000e+00
      0.161     -0.001    10.2599    126.793     32.408  28.871876     6.5470     10.426   125.4314 9.0429e+01     4.4872      0.159      0.230    19.4610 0.0000e+00
      0.160     -0.002    10.9314    125.654     32.404  28.871460     6.5217     10.427   125.4740 9.0560e+01     4.4097      0.157      0.227    19.4981 0.0000e+00
      0.159     -0.002    11.4196    123.794     32.403  28.871990     6.5211     10.428   125.5035 9.1050e+01     4.4182      0.156      0.226    19.5208 0.0000e+00
      0.158     -0.002    11.6729    121.869     32.410  28.878285     6.5467     10.428   125.6162 9.1650e+01     4.4537      0.155      0.225    19.5335 0.0000e+00
      0.157     -0.001    11.6841    120.213     32.415  28.884155     6.5652     10.429   125.7190 9.1844e+01     4.4626      0.154      0.224    19.5409 0.0000e+00
