Data/DataNotYetUploadedToEDI/Raw_CTD/RawDownloads/052625_bvr50_S8188003.cnv
* Sea-Bird SBE19plus  Data File:
* FileName = C:\R\Reservoirs\Data\DataNotYetUploadedToEDI\Raw_CTD\RawDownloads\051925_bvr50_S8188_0003.hex
* Software version 2.8.0.119
* Temperature SN = 8188
* Conductivity SN = 8188
* System UpLoad Time = May 29 2025 15:48:49
* <ApplicationData>
* <Seaterm232>
# nquan = 16
# nvalues = 2069                        
# units = specified
# name 0 = depFM: Depth [fresh water, m]
# name 1 = dz/dtM: Descent Rate [m/s]
# name 2 = sbeox0Mg/L: Oxygen, SBE 43 [mg/l]
# name 3 = sbeox0PS: Oxygen, SBE 43 [% saturation]
# name 4 = specc: Specific Conductance [uS/cm]
# name 5 = c0uS/cm: Conductivity [uS/cm]
# name 6 = wetCDOM: Fluorescence, WET Labs CDOM [mg/m^3]
# name 7 = flECO-AFL: Fluorescence, WET Labs ECO-AFL/FL [mg/m^3]
# name 8 = flECO-AFL1: Fluorescence, WET Labs ECO-AFL/FL, 2 [mg/m^3]
# name 9 = flECO-AFL2: Fluorescence, WET Labs ECO-AFL/FL, 3 [mg/m^3]
# name 10 = par/sat/log: PAR/Logarithmic, Satlantic
# name 11 = turbWETntu0: Turbidity, WET Labs ECO [NTU]
# name 12 = prdM: Pressure, Strain Gauge [db]
# name 13 = prdE: Pressure, Strain Gauge [psi]
# name 14 = tv290C: Temperature [ITS-90, deg C]
# name 15 = flag:  0.000e+00
# span 0 =     -0.691,      6.429       
# span 1 =     -0.207,      0.141       
# span 2 =    -0.5603,    13.5762       
# span 3 =     -5.627,    144.833       
# span 4 =      1.287,    124.872       
# span 5 =   0.971128,  90.383968       
# span 6 =    -4.5000,    43.6500       
# span 7 =    -0.2808,    52.5536       
# span 8 =    -2.1300,     0.8094       
# span 9 =    -2.0304,    13.8321       
# span 10 = 1.1585e-01, 1.5673e+02      
# span 11 =    -1.0649,   226.8610      
# span 12 =     -0.678,      6.305      
# span 13 =     -0.984,      9.144      
# span 14 =    11.1853,    18.7682      
# span 15 = 0.0000e+00, 0.0000e+00      
# interval = seconds: 0.25
# start_time = May 26 2025 09:43:22 [Instrument's time stamp, header]
# bad_flag = -9.990e-29
*END*
[from data line 1266]
      0.096      0.087    10.8696    115.027     27.585  23.857159    24.5700    11.6518     0.1704     2.6649 6.5047e+01     6.4279      0.094      0.137    18.2857 0.0000e+00
      0.119      0.093    10.8640    114.907     27.521  23.791955    24.5700    11.6861     0.1704     2.6649 6.1327e+01     6.3826      0.117      0.169    18.2743 0.0000e+00
      0.143      0.100    10.8551    114.760     27.470  23.734355    24.5700    12.7314     0.1704     2.6649 5.9554e+01     6.6243      0.140      0.203    18.2619 0.0000e+00
      0.169      0.106    10.8448    114.542     27.461  23.710809    24.5700    12.7733     0.1704     2.6649 5.8770e+01     6.6999      0.165      0.240    18.2504 0.0000e+00
      0.196      0.113    10.8356    114.224     27.471  23.703090    25.1100    12.7466     0.1278     2.6226 5.3481e+01     6.7150      0.192      0.279    18.2379 0.0000e+00
      0.227      0.118    10.8280    113.798     27.478  23.693211    25.1100    12.7352     0.1278     2.6226 4.5636e+01     6.6545      0.222      0.322    18.2206 0.0000e+00
      0.259      0.122    10.8195    113.269     27.471  23.674556    25.1100    16.3287     0.1278     2.6226 4.2046e+01     6.8811      0.254      0.369    18.1964 0.0000e+00
      0.292      0.124    10.8054    112.658     27.456  23.650114    25.1100    16.3363     0.1278     2.6226 3.8395e+01     6.8962      0.286      0.415    18.1673 0.0000e+00
      0.325      0.125    10.7820    112.014     27.447  23.633274    25.1100    16.3249     0.1278     2.6226 3.7237e+01     6.9718      0.318      0.462    18.1371 0.0000e+00
      0.357      0.123    10.7479    111.395     27.449  23.627510    25.2000    16.2905     0.1704     2.6226 3.5092e+01     6.9416      0.349      0.507    18.1092 0.0000e+00
      0.388      0.118    10.7032    110.865     27.460  23.631286    25.2000    16.8322     0.1704     2.6226 3.1892e+01     6.9416      0.380      0.552    18.0853 0.0000e+00
      0.419      0.112    10.6498    110.464     27.469  23.633662    25.2000    16.8093     0.1704     2.6226 2.8903e+01     6.8509      0.411      0.596    18.0655 0.0000e+00
      0.448      0.103    10.5925    110.187     27.450  23.615361    25.2000    16.7941     0.1704     2.6226 2.6647e+01     7.0171      0.439      0.638    18.0491 0.0000e+00
      0.474      0.093    10.5370    110.011     27.414  23.583450    25.2900    16.8170     0.2130     2.6649 2.4545e+01     6.9869      0.465      0.675    18.0352 0.0000e+00
      0.497      0.083    10.4893    109.916     27.392  23.565255    25.2900    17.2938     0.2130     2.6649 2.4328e+01     6.6847      0.487      0.707    18.0238 0.0000e+00
      0.516      0.073    10.4532    109.881     27.389  23.563887    25.2900    17.2595     0.2130     2.6649 2.4096e+01     6.6243      0.506      0.734    18.0153 0.0000e+00
      0.532      0.065    10.4281    109.888     27.393  23.569028    25.2900    17.2938     0.2130     2.6649 2.4018e+01     6.6999      0.521      0.756    18.0104 0.0000e+00
      0.546      0.061    10.4118    109.937     27.404  23.580058    25.2000    17.3091     0.1704     2.7918 2.4349e+01     6.6243      0.535      0.776    18.0088 0.0000e+00
      0.559      0.059    10.4026    110.039     27.423  23.595936    25.2000    16.4851     0.1704     2.7918 2.4894e+01     6.5488      0.548      0.794    18.0099 0.0000e+00
      0.572      0.061    10.3987    110.198     27.449  23.614924    25.2000    16.5004     0.1704     2.7918 2.4396e+01     6.4733      0.561      0.813    18.0126 0.0000e+00
      0.587      0.066    10.3986    110.400     27.458  23.618194    25.2000    16.5004     0.1704     2.7918 2.3779e+01     6.3826      0.576      0.835    18.0159 0.0000e+00
      0.604      0.073    10.4029    110.603     27.447  23.602635    25.2000    16.5080     0.2130     2.7918 2.2961e+01     6.4128      0.592      0.859    18.0178 0.0000e+00
      0.623      0.082    10.4128    110.750     27.430  23.582018    25.2000    17.1527     0.2130     2.7918 2.2293e+01     6.6696      0.611      0.886    18.0166 0.0000e+00
      0.645      0.092    10.4289    110.787     27.411  23.558807    25.2000    17.1603     0.2130     2.7918 2.1658e+01     6.6847      0.633      0.917    18.0115 0.0000e+00
      0.669      0.102    10.4498    110.669     27.392  23.534777    25.2000    17.1756     0.2130     2.7918 2.0295e+01     6.6847      0.657      0.952    18.0031 0.0000e+00
      0.697      0.112    10.4713    110.384     27.366  23.503520    25.2000    17.1832     0.2130     2.7918 1.8911e+01     6.7452      0.683      0.991    17.9925 0.0000e+00
      0.727      0.121    10.4878    109.940     27.327  23.460681    25.2000    16.2257     0.2130     2.8764 1.7664e+01     6.8962      0.713      1.034    17.9806 0.0000e+00
      0.760      0.129    10.4940    109.338     27.281  23.410763    25.2000    16.2028     0.2130     2.8764 1.5797e+01     6.9113      0.745      1.081    17.9678 0.0000e+00
      0.795      0.134    10.4858    108.579     27.241  23.366337    25.2000    16.1952     0.2130     2.8764 1.4618e+01     6.8811      0.779      1.130    17.9538 0.0000e+00
      0.831      0.138    10.4622    107.675     27.230  23.347410    25.2000    16.1914     0.2130     2.8764 1.3070e+01     6.9718      0.815      1.182    17.9379 0.0000e+00
      0.868      0.140    10.4238    106.643     27.237  23.344952    25.2900    20.7691     0.2130     2.7918 1.1837e+01     6.9416      0.851      1.234    17.9205 0.0000e+00
      0.904      0.141    10.3706    105.511     27.246  23.344371    25.2900    20.7614     0.2130     2.7918 1.1415e+01     6.9113      0.887      1.286    17.9022 0.0000e+00
      0.940      0.140    10.3025    104.313     27.263  23.351484    25.2900    20.7805     0.2130     2.7918 1.0670e+01     6.8811      0.922      1.337    17.8840 0.0000e+00
      0.976      0.137    10.2202    103.080     27.268  23.348280    25.2900    20.7538     0.2130     2.7918 9.9075e+00     6.9416      0.957      1.388    17.8669 0.0000e+00
      1.011      0.132    10.1256    101.831     27.252  23.327931    25.0200    38.4390     0.1704     2.8341 8.9010e+00     8.3162      0.991      1.438    17.8510 0.0000e+00
      1.046      0.127    10.0211    100.577     27.258  23.326818    25.0200    38.4733     0.1704     2.8341 8.0876e+00     8.4371      1.025      1.487    17.8364 0.0000e+00
      1.078      0.120     9.9101     99.312     27.298  23.354600    25.0200    38.4238     0.1704     2.8341 7.4321e+00     8.3616      1.057      1.533    17.8226 0.0000e+00
      1.108      0.112     9.7957     98.016     27.345  23.388821    25.0200    38.4581     0.1704     2.8341 7.2235e+00     8.3162      1.087      1.576    17.8092 0.0000e+00
      1.135      0.104     9.6796     96.687     27.381  23.414716    25.0200    52.5193     0.1704     2.8341 7.2329e+00     9.0565      1.113      1.614    17.7962 0.0000e+00
      1.159      0.096     9.5628     95.352     27.408  23.433217    24.6600    52.5422     0.2130     2.7495 6.9934e+00     9.0867      1.137      1.648    17.7841 0.0000e+00
      1.182      0.090     9.4447     94.046     27.445  23.461203    24.6600    52.5498     0.2130     2.7495 6.8549e+00     8.9658      1.159      1.681    17.7731 0.0000e+00
      1.204      0.085     9.3235     92.807     27.492  23.498174    24.6600    52.5536     0.2130     2.7495 6.5165e+00     9.1169      1.180      1.712    17.7627 0.0000e+00
      1.225      0.082     9.1989     91.684     27.519  23.518151    24.6600    49.2195     0.2130     2.7495 6.2367e+00     9.1018      1.201      1.742    17.7529 0.0000e+00
      1.246      0.078     9.0734     90.724     27.521  23.518497    24.6600    49.2157     0.2130     2.7918 6.0788e+00     9.0716      1.221      1.771    17.7444 0.0000e+00
      1.265      0.076     8.9505     89.959     27.515  23.511251    24.6600    49.2310     0.2130     2.7918 5.8304e+00     9.0565      1.240      1.799    17.7373 0.0000e+00
      1.284      0.073     8.8337     89.403     27.492  23.490499    24.6600    49.1966     0.2130     2.7918 5.7287e+00     9.1622      1.259      1.826    17.7315 0.0000e+00
      1.302      0.071     8.7277     89.043     27.467  23.468624    24.6600    44.7944     0.2130     2.7918 5.5982e+00     8.8299      1.277      1.852    17.7270 0.0000e+00
      1.320      0.070     8.6369     88.840     27.450  23.453730    24.5700    44.8173     0.2130     2.8341 5.4187e+00     8.9507      1.294      1.877    17.7235 0.0000e+00
      1.337      0.068     8.5646     88.750     27.437  23.441845    24.5700    44.8211     0.2130     2.8341 5.1815e+00     8.7694      1.312      1.902    17.7208 0.0000e+00
      1.355      0.067     8.5121     88.734     27.437  23.441745    24.5700    44.8249     0.2130     2.8341 4.9417e+00     8.8299      1.329      1.927    17.7185 0.0000e+00
      1.372      0.065     8.4781     88.765     27.446  23.449422    24.5700    42.8870     0.2130     2.8341 4.7336e+00     9.1773      1.345      1.951    17.7167 0.0000e+00
      1.388      0.064     8.4590     88.846     27.458  23.458959    24.6600    42.8489     0.2130     3.1302 4.6319e+00     9.0716      1.361      1.975    17.7154 0.0000e+00
      1.404      0.062     8.4506     89.001     27.459  23.458963    24.6600    42.8832     0.2130     3.1302 4.5412e+00     9.0716      1.377      1.997    17.7147 0.0000e+00
      1.419      0.061     8.4491     89.246     27.442  23.443463    24.6600    42.8603     0.2130     3.1302 4.4989e+00     9.0716      1.392      2.019    17.7147 0.0000e+00
      1.434      0.061     8.4520     89.568     27.434  23.434206    24.6600    43.3295     0.2130     3.1302 4.3870e+00     8.7845      1.407      2.040    17.7146 0.0000e+00
      1.450      0.061     8.4598     89.907     27.447  23.442662    24.6600    43.3257     0.2130     3.1302 4.2251e+00     8.9507      1.422      2.062    17.7139 0.0000e+00
      1.465      0.061     8.4749     90.177     27.465  23.453166    24.4800    43.3372     0.2130     3.2148 4.1190e+00     8.9054      1.437      2.084    17.7121 0.0000e+00
      1.481      0.061     8.4988     90.283     27.472  23.454582    24.4800    43.3639     0.2130     3.2148 3.9817e+00     8.8299      1.453      2.107    17.7095 0.0000e+00
      1.497      0.061     8.5300     90.126     27.490  23.465207    24.4800    45.5078     0.2130     3.2148 3.8532e+00     8.7996      1.468      2.129    17.7061 0.0000e+00
      1.513      0.061     8.5632     89.617     27.529  23.493846    24.4800    45.4963     0.2130     3.2148 3.7483e+00     8.8903      1.484      2.152    17.7007 0.0000e+00
      1.529      0.061     8.5904     88.730     27.574  23.528227    24.5700    45.4963     0.2130     3.7224 3.6416e+00     8.7996      1.499      2.174    17.6930 0.0000e+00
      1.544      0.059     8.6019     87.539     27.613  23.557608    24.5700    45.5078     0.2130     3.7224 3.5179e+00     8.8299      1.514      2.196    17.6845 0.0000e+00
      1.559      0.058     8.5884     86.184     27.628  23.567924    24.5700    44.4091     0.2130     3.7224 3.3866e+00     9.0867      1.529      2.218    17.6760 0.0000e+00
      1.574      0.057     8.5414     84.812     27.625  23.563918    24.5700    44.3824     0.2130     3.7224 3.3304e+00     9.1320      1.543      2.239    17.6675 0.0000e+00
      1.588      0.055     8.4582     83.560     27.627  23.564429    24.7500    44.3824     0.2130     4.1454 3.2426e+00     9.0867      1.557      2.259    17.6595 0.0000e+00
      1.601      0.054     8.3458     82.542     27.652  23.585522    24.7500    44.3900     0.2130     4.1454 3.2341e+00     9.1169      1.570      2.278    17.6529 0.0000e+00
      1.615      0.053     8.2173     81.832     27.689  23.616893    24.7500    45.5192     0.2130     4.1454 3.1846e+00     8.9960      1.583      2.297    17.6485 0.0000e+00
      1.628      0.053     8.0870     81.454     27.717  23.639037    24.7500    45.5306     0.2130     4.1454 3.1000e+00     9.1622      1.596      2.316    17.6458 0.0000e+00
      1.642      0.053     7.9679     81.377     27.742  23.657857    24.6600    45.5039     0.2130     4.9914 2.9726e+00     9.1169      1.610      2.335    17.6442 0.0000e+00
      1.655      0.052     7.8710     81.519     27.771  23.678372    24.6600    45.4963     0.2130     4.9914 2.9144e+00     9.0867      1.623      2.354    17.6431 0.0000e+00
      1.669      0.052     7.8036     81.763     27.796  23.694109    24.6600    41.5557     0.2130     4.9914 2.7990e+00     8.7996      1.636      2.373    17.6417 0.0000e+00
      1.682      0.052     7.7679     81.985     27.807  23.697316    24.6600    41.5633     0.2130     4.9914 2.7911e+00     8.7694      1.649      2.392    17.6392 0.0000e+00
      1.695      0.052     7.7613     82.086     27.810  23.692830    24.6600    41.5366     0.2130     4.9914 2.7430e+00     8.8148      1.662      2.411    17.6347 0.0000e+00
      1.708      0.051     7.7760     81.986     27.812  23.687420    24.7500    41.6091     0.2130     4.7376 2.6441e+00     8.7845      1.675      2.429    17.6276 0.0000e+00
      1.721      0.051     7.8009     81.628     27.812  23.679642    24.7500    43.4020     0.2130     4.7376 2.6121e+00     8.9054      1.687      2.447    17.6177 0.0000e+00
      1.734      0.051     7.8239     80.995     27.802  23.663439    24.7500    43.4363     0.2130     4.7376 2.5152e+00     8.8450      1.700      2.466    17.6061 0.0000e+00
      1.747      0.052     7.8355     80.118     27.797  23.650418    24.7500    43.3906     0.2130     4.7376 2.4708e+00     8.8903      1.713      2.484    17.5935 0.0000e+00
      1.760      0.052     7.8281     79.057     27.811  23.653034    24.7500    43.4211     0.2130     4.7376 2.4108e+00     8.8903      1.726      2.503    17.5802 0.0000e+00
      1.773      0.053     7.7961     77.872     27.830  23.660038    24.7500    47.1977     0.2130     4.7376 2.3508e+00     8.8450      1.739      2.522    17.5665 0.0000e+00
      1.787      0.053     7.7379     76.605     27.860  23.677279    24.7500    47.2168     0.2130     4.7376 2.2460e+00     8.8299      1.752      2.542    17.5522 0.0000e+00
      1.801      0.053     7.6565     75.275     27.886  23.691437    24.7500    47.1901     0.2130     4.7376 2.1267e+00     8.8903      1.766      2.562    17.5370 0.0000e+00
      1.815      0.053     7.5576     73.890     27.889  23.688368    24.8400    47.2168     0.1704     4.1031 2.0819e+00     8.7996      1.780      2.581    17.5207 0.0000e+00
      1.829      0.053     7.4468     72.473     27.898  23.693135    24.8400    43.8903     0.1704     4.1031 2.0191e+00     8.8299      1.793      2.601    17.5042 0.0000e+00
      1.842      0.052     7.3281     71.078     27.904  23.697055    24.8400    43.9017     0.1704     4.1031 1.9434e+00     8.7694      1.806      2.620    17.4887 0.0000e+00
      1.855      0.051     7.2028     69.782     27.889  23.685247    24.8400    43.9017     0.1704     4.1031 1.9132e+00     8.7996      1.819      2.638    17.4755 0.0000e+00
      1.868      0.050     7.0718     68.677     27.880  23.678451    24.8400    43.9132     0.2130     4.5261 1.8530e+00     8.7996      1.831      2.656    17.4654 0.0000e+00
      1.880      0.050     6.9371     67.839     27.896  23.690785    24.8400    42.5246     0.2130     4.5261 1.7746e+00     8.5428      1.844      2.674    17.4593 0.0000e+00
      1.893      0.050     6.8038     67.314     27.932  23.717573    24.8400    42.4941     0.2130     4.5261 1.8144e+00     8.5731      1.856      2.692    17.4577 0.0000e+00
      1.905      0.051     6.6797     67.102     27.967  23.740077    24.8400    42.5246     0.2130     4.5261 1.6782e+00     8.5579      1.868      2.710    17.4592 0.0000e+00
