Data/DataNotYetUploadedToEDI/Raw_CTD/RawDownloads/052621_fcr50.cnv
* Sea-Bird SBE19plus  Data File:
* FileName = C:\DATA\052621_fcr50_0001.hex
* Software version 2.8.0.119
* Temperature SN = 7809
* Conductivity SN = 7809
* System UpLoad Time = May 26 2021 16:39:19
* <ApplicationData>
* <Seaterm232>
# nquan = 16
# nvalues = 1540                        
# units = specified
# name 0 = depFM: Depth [fresh water, m]
# name 1 = dz/dtM: Descent Rate [m/s]
# name 2 = sbeox0ML/L: Oxygen, SBE 43 [ml/l]
# name 3 = sbeox0PS: Oxygen, SBE 43 [% saturation]
# name 4 = specc: Specific Conductance [uS/cm]
# name 5 = c0uS/cm: Conductivity [uS/cm]
# name 6 = flECO-AFL: Fluorescence, WET Labs ECO-AFL/FL [mg/m^3]
# name 7 = ph: pH
# name 8 = orp: Oxidation Reduction Potential [mV]
# name 9 = par/sat/log: PAR/Logarithmic, Satlantic
# name 10 = turbWETntu0: Turbidity, WET Labs ECO [NTU]
# name 11 = prdM: Pressure, Strain Gauge [db]
# name 12 = prdE: Pressure, Strain Gauge [psi]
# name 13 = tv290C: Temperature [ITS-90, deg C]
# name 14 = density00: Density [density, kg/m^3]
# name 15 = flag:  0.000e+00
# span 0 =     -0.611,      9.743       
# span 1 =     -0.288,      0.137       
# span 2 =     0.0908,    10.4337       
# span 3 =      1.144,    161.678       
# span 4 =      0.525,    146.289       
# span 5 =   0.553206,  96.933588       
# span 6 =    -1.0828,   259.9824       
# span 7 =     15.122,     16.026       
# span 8 = -1240.7455,   799.7223       
# span 9 = 1.2340e-01, 1.6765e+03       
# span 10 =    -0.9971,   323.2528      
# span 11 =     -0.600,      9.555      
# span 12 =     -0.870,     13.858      
# span 13 =     8.0761,    27.6704      
# span 14 =   996.3354,   999.9427      
# span 15 = 0.0000e+00, 0.0000e+00      
# interval = seconds: 0.25
# start_time = May 25 2021 22:40:31 [Instrument's time stamp, header]
# bad_flag = -9.990e-29
*END*
[from data line 1447]
      0.761     -0.089     8.8115    140.007     35.559  30.776041     3.2754     15.685   141.8219 1.9283e+02     4.6373      0.747      1.083    18.4975   998.5236 0.0000e+00
      0.734     -0.088     8.9104    141.486     35.595  30.874682     3.4030     15.682   142.2699 1.9536e+02     4.6578      0.719      1.043    18.3744   998.5468 0.0000e+00
      0.710     -0.085     9.0206    142.719     35.651  31.005931     3.4049     15.679   142.8481 1.9792e+02     4.6883      0.695      1.007    18.2411   998.5718 0.0000e+00
      0.689     -0.084     9.1302    143.640     35.861  31.284528     3.2412     15.676   143.2203 2.0102e+02     4.6633      0.676      0.980    18.2034   998.5788 0.0000e+00
      0.671     -0.085     9.2282    144.320     36.104  31.642104     2.9394     15.671   142.8979 2.0470e+02     4.5954      0.658      0.954    18.2493   998.5702 0.0000e+00
      0.654     -0.091     9.3090    144.837     36.172  31.903555     2.7793     15.662   142.2201 2.0908e+02     4.5879      0.643      0.932    18.3579   998.5497 0.0000e+00
      0.635     -0.101     9.3679    145.277     36.085  32.035062     2.7458     15.653   141.9083 2.1526e+02     4.6422      0.626      0.907    18.4880   998.5250 0.0000e+00
      0.610     -0.111     9.4066    145.748     35.957  32.090404     2.5726     15.646   141.9669 2.2439e+02     4.6336      0.601      0.872    18.5830   998.5069 0.0000e+00
      0.577     -0.119     9.4120    146.188     35.798  32.065344     2.2585     15.641   142.2406 2.3627e+02     4.5175      0.567      0.824    18.7787   998.4693 0.0000e+00
      0.538     -0.123     9.3851    146.419     35.708  32.049448     2.0761     15.638   142.5496 2.4884e+02     4.4057      0.526      0.763    19.0946   998.4075 0.0000e+00
      0.501     -0.121     9.3489    146.337     35.786  32.152073     2.0559     15.636   142.2619 2.6027e+02     4.3805      0.488      0.708    19.4094   998.3449 0.0000e+00
      0.468     -0.112     9.3376    145.812     35.894  32.291083     2.0609     15.634   141.6005 2.7063e+02     4.3852      0.457      0.663    19.6416   998.2980 0.0000e+00
      0.440     -0.101     9.3418    144.844     35.937  32.397882     2.0703     15.630   141.3508 2.7923e+02     4.3600      0.430      0.624    19.8086   998.2638 0.0000e+00
      0.419     -0.092     9.3391    143.648     36.013  32.555204     2.0647     15.628   141.2222 2.8590e+02     4.3154      0.410      0.595    19.8951   998.2460 0.0000e+00
      0.401     -0.087     9.3370    142.365     36.223  32.860973     2.0412     15.624   140.9912 2.9190e+02     4.2581      0.393      0.570    19.9067   998.2436 0.0000e+00
      0.385     -0.089     9.2951    141.126     36.455  33.239886     2.0433     15.617   140.7095 2.9801e+02     4.2848      0.378      0.548    19.9615   998.2323 0.0000e+00
      0.366     -0.094     9.2056    140.164     36.450  33.456788     2.0809     15.607   140.4825 3.0722e+02     4.4322      0.362      0.526    20.0643   998.2110 0.0000e+00
      0.341     -0.103     9.1068    139.599     36.216  33.453440     2.1335     15.599   140.1395 3.3426e+02     4.6328      0.337      0.488    20.1824   998.1865 0.0000e+00
      0.309     -0.113     8.9979    139.398     36.007  33.390069     2.1644     15.594   139.6603 3.9978e+02     4.7530      0.303      0.439    20.3325   998.1550 0.0000e+00
      0.276     -0.120     8.8738    139.296     35.950  33.388698     2.1492     15.593   139.4202 4.3913e+02     4.6842      0.270      0.391    20.5443   998.1103 0.0000e+00
      0.244     -0.123     8.7520    138.858     35.973  33.436932     2.1402     15.592   139.2155 3.9792e+02     4.6935      0.241      0.349    20.8922   998.0357 0.0000e+00
      0.211     -0.123     8.6583    137.902     35.969  33.465690     2.1416     15.590   139.0776 3.6025e+02     4.7965      0.207      0.301    21.2380   997.9604 0.0000e+00
      0.179     -0.118     8.6220    136.517     35.954  33.482658     2.1381     15.588   139.4745 3.6359e+02     4.7621      0.172      0.250    21.4018   997.9242 0.0000e+00
      0.149     -0.110     8.6242    134.891     35.967  33.515227     2.1070     15.587   140.0560 3.7649e+02     4.6557      0.145      0.211    21.4410   997.9154 0.0000e+00
      0.119     -0.104     8.5956    133.242     35.972  33.542256     1.9937     15.586   139.9990 3.9268e+02     4.6430      0.117      0.170    21.4613   997.9108 0.0000e+00
      0.093     -0.104     8.5243    131.717     35.954  33.555701     1.8371     15.584   139.7321 4.0578e+02     4.7113      0.087      0.126    21.5170   997.8983 0.0000e+00
      0.073     -0.110     8.4271    130.414     35.982  33.614376     1.7101     15.584   139.5828 4.1717e+02     4.5549      0.070      0.102    21.5683   997.8869 0.0000e+00
      0.055     -0.121     8.3180    129.433     36.079  33.744138     1.6407     15.583   139.3986 4.2355e+02     4.2967      0.058      0.084    21.5828   997.8836 0.0000e+00
      0.027     -0.136     8.2099    128.819     36.130  33.855677     1.5707     15.582   139.9131 4.2715e+02     4.1992      0.033      0.047    21.6105   997.8772 0.0000e+00
     -0.014     -0.159     8.1059    128.552     36.075  33.884407     1.4827     15.579   141.0716 4.3903e+02     4.2688     -0.011     -0.016    21.6611   997.8657 0.0000e+00
     -0.063     -0.195     8.0167    128.564     36.014  33.901263     1.4462     15.575   141.6190 4.4275e+02     5.0344     -0.063     -0.091    21.7033   997.8561 0.0000e+00
     -0.111     -0.239     7.9486    128.614     35.979  33.932689     1.4243     15.572   142.8324 4.3250e+02    12.3922     -0.111     -0.161    21.7438   997.8468 0.0000e+00
     -0.161     -0.273     7.8983    128.396     35.859  33.883761     1.2369     15.569   143.3528 4.1517e+02    92.9221     -0.152     -0.219    21.8362   997.8260 0.0000e+00
     -0.233     -0.288     7.8619    127.802     35.684  33.753930     0.9264     15.566   139.9098 3.8412e+02   240.6626     -0.209     -0.304    21.9658   997.7963 0.0000e+00
     -0.340     -0.280     7.8525    126.818     35.528  33.568546     0.7875     15.567   132.4351 3.4739e+02   320.8879     -0.330     -0.479    22.0684   997.7725 0.0000e+00
     -0.451     -0.254     7.8542    125.513     35.418  33.355407     0.9117     15.573   121.1200 3.1946e+02   323.2528     -0.461     -0.668    22.1431   997.7549 0.0000e+00
     -0.523     -0.213     7.8248    124.150     35.411  33.207127     2.2861     15.582   115.5530 3.0572e+02   268.8790     -0.527     -0.764    22.2481   997.7305 0.0000e+00
     -0.555     -0.160     7.7761    123.065     35.459  33.107950     4.7976     15.591   126.0408 3.0122e+02   167.9796     -0.551     -0.798    22.3379   997.7098 0.0000e+00
     -0.566     -0.102     7.7253    122.443     35.461  32.980905     6.2138     15.596   145.1098 2.9750e+02   112.9121     -0.557     -0.806    22.2740   997.7244 0.0000e+00
     -0.572     -0.056     7.6659    122.330     35.403  32.812929     6.8874     15.601   159.8401 2.9169e+02   107.8574     -0.559     -0.811    22.0950   997.7652 0.0000e+00
     -0.582     -0.030     7.6046    122.650     35.079  32.409233    12.7801     15.605   167.9438 2.7377e+02   106.0406     -0.571     -0.829    21.8837   997.8131 0.0000e+00
     -0.590     -0.018     7.5656    122.884     31.322  28.861084    77.4049     15.609   172.1940 2.4561e+02    90.3952     -0.581     -0.844    21.6706   997.8609 0.0000e+00
     -0.592     -0.012     7.5546    121.999     20.963  19.279424   195.8669     15.611   173.5436 2.3494e+02    61.7553     -0.581     -0.843    21.4890   997.9014 0.0000e+00
     -0.591     -0.007     7.5681    118.943      9.883   9.075489   259.9824     15.612   173.2487 2.6258e+02    46.0598     -0.579     -0.841    21.3340   997.9354 0.0000e+00
     -0.591     -0.003     7.6211    113.395      5.126   4.701167   259.8921     15.613   172.4151 3.0803e+02    43.7894     -0.580     -0.842    21.1856   997.9681 0.0000e+00
     -0.591     -0.000     7.6825    105.964      4.544   4.165027   194.6607     15.613   170.3476 3.5260e+02    33.9950     -0.580     -0.841    21.0365   998.0004 0.0000e+00
     -0.592     -0.000     7.6725     97.687      4.629   4.240406    74.1399     15.613   171.1371 4.3615e+02    16.2838     -0.580     -0.842    20.9239   998.0206 0.0000e+00
     -0.592     -0.001     7.4981     89.560      4.746   4.345402     8.3875     15.614   176.1097 7.0592e+02     6.6998     -0.581     -0.842    20.8707   998.0278 0.0000e+00
     -0.592     -0.001     7.1377     82.425      4.622   4.230710     2.3858     15.615   176.4384 1.1197e+03     5.8695     -0.581     -0.842    20.8413   998.0337 0.0000e+00
     -0.592     -0.000     6.6512     76.974      4.366   3.994121     1.4882     15.615   171.5844 1.3560e+03     6.1422     -0.581     -0.842    20.8151   998.0394 0.0000e+00
     -0.592 -1.848e-08     6.1141     73.621      4.188   3.829063     0.7965     15.615   168.9576 1.3853e+03     6.9069     -0.581     -0.843    20.7931   998.0441 0.0000e+00
     -0.592 -2.032e-07     5.5892     72.278      4.179   3.818932     0.4595     15.616   171.0925 1.3655e+03     7.3909     -0.581     -0.842    20.7738   998.0483 0.0000e+00
     -0.593 -2.032e-07     5.1286     72.502      4.239   3.871623     0.4075     15.617   175.3711 1.1573e+03     7.2907     -0.581     -0.843    20.7571   998.0518 0.0000e+00
     -0.593 -1.847e-08     4.7773     73.782      4.199   3.832570     0.0730     15.618   179.3906 7.7505e+02     5.7982     -0.581     -0.843    20.7378   998.0559 0.0000e+00
     -0.593 -1.680e-09     4.5723     75.598      4.085   3.726883    -0.5135     15.620   183.2110 5.5803e+02     3.2155     -0.581     -0.843    20.7132   998.0611 0.0000e+00
     -0.593 -1.527e-10     4.5032     77.549      3.957   3.607474    -0.8189     15.621   193.6004 5.1508e+02     1.8824     -0.581     -0.843    20.6860   998.0669 0.0000e+00
     -0.593 -1.388e-11     4.5287     79.413      3.804   3.465864    -0.8259     15.621   199.0935 5.1958e+02     1.7640     -0.581     -0.842    20.6599   998.0725 0.0000e+00
     -0.593 -1.262e-12     4.6248     81.099      3.744   3.408509    -0.8261     15.622   177.5262 6.8808e+02     1.6819     -0.581     -0.843    20.6360   998.0776 0.0000e+00
     -0.593 -1.147e-13     4.7498     82.584      3.831   3.484199    -0.9074     15.623   145.2642 1.0200e+03     1.4734     -0.581     -0.843    20.6095   998.0832 0.0000e+00
     -0.593 -1.043e-14     4.8800     83.825      3.847   3.494035    -1.0273     15.625   134.4164 1.1231e+03     1.1649     -0.581     -0.843    20.5794   998.0896 0.0000e+00
     -0.593 -9.480e-16     5.0022     84.826      3.749   3.400728    -1.0828     15.628   149.9582 8.8302e+02     1.0422     -0.581     -0.842    20.5490   998.0960 0.0000e+00
     -0.593 -8.620e-17     5.1103     85.625      3.719   3.369711    -1.0257     15.631   169.3596 7.1134e+02     1.5691     -0.582     -0.843    20.5187   998.1024 0.0000e+00
     -0.593 -7.835e-18     5.2107     86.250      3.724   3.372424    -0.1469     15.632   180.4856 6.9181e+02     7.6381     -0.582     -0.843    20.4752   998.1117 0.0000e+00
     -0.592 -7.125e-19     5.2951     86.737      3.654   3.306822     1.4753     15.632   188.1176 6.7908e+02    18.7346     -0.581     -0.842    20.4093   998.1256 0.0000e+00
     -0.592 -6.475e-20     5.3636     87.116      3.550   3.210075     2.3465     15.633   193.5799 7.0149e+02    24.7031     -0.581     -0.842    20.3479   998.1384 0.0000e+00
     -0.592 -5.885e-21     5.4184     87.399      3.419   3.089627     2.3476     15.633   197.2299 9.5094e+02    24.6641     -0.581     -0.843    20.3059   998.1471 0.0000e+00
     -0.593 -5.350e-22     5.4606     87.604      3.242   2.927525     1.5452     15.633   199.4676 1.3914e+03    18.6070     -0.581     -0.843    20.2724   998.1542 0.0000e+00
     -0.593 -4.865e-23     5.4939     87.767      3.071   2.770613     0.0745     15.635   200.4166 1.6428e+03     7.4642     -0.581     -0.843    20.2416   998.1606 0.0000e+00
     -0.593 -4.423e-24     5.5214     87.912      2.939   2.649546    -0.7381     15.637   196.4016 1.6765e+03     1.3470     -0.581     -0.843    20.2098   998.1672 0.0000e+00
     -0.593 -4.021e-25     5.5428     88.054      2.821   2.540723    -0.8415     15.635   175.4434 1.6715e+03     0.6764     -0.582     -0.844    20.1751   998.1744 0.0000e+00
     -0.592 -3.655e-26     5.5586     88.170      2.884   2.595185    -0.8710     15.631   146.7089 1.6464e+03     0.2141     -0.581     -0.843    20.1390   998.1819 0.0000e+00
     -0.592 -3.323e-27     5.5727     88.252      3.044   2.737850    -0.8744     15.636   146.4138 1.6006e+03    -0.5347     -0.581     -0.842    20.1033   998.1892 0.0000e+00
     -0.592 -3.021e-28     5.5850     88.327      2.912   2.618475    -0.8830     15.643   162.6683 1.5413e+03    -0.9955     -0.581     -0.843    20.0676   998.1966 0.0000e+00
     -0.592 -2.747e-29     5.5988     88.405      2.692   2.418914    -0.8994     15.640   147.3300 1.4764e+03    -0.9971     -0.581     -0.842    20.0336   998.2036 0.0000e+00
     -0.592 -2.497e-30     5.6101     88.483      2.619   2.352280    -0.8152     15.632   106.8821 1.4149e+03    -0.7952     -0.581     -0.843    20.0025   998.2101 0.0000e+00
     -0.592 -2.270e-31     5.6174     88.559      2.584   2.319621    -0.6561     15.631    79.6347 1.3479e+03    -0.5791     -0.581     -0.843    19.9732   998.2162 0.0000e+00
     -0.592 -2.064e-32     5.6252     88.609      2.539   2.277443    -0.5874     15.636    73.5934 1.0800e+03    -0.5128     -0.581     -0.843    19.9454   998.2218 0.0000e+00
     -0.592 -1.876e-33     5.6336     88.635      2.479   2.222417    -0.5756     15.642    78.2338 6.1345e+02    -0.4747     -0.581     -0.843    19.9185   998.2273 0.0000e+00
     -0.592 -1.706e-34     5.6408     88.669      2.412   2.161126    -0.5616     15.649   101.5829 3.2700e+02    -0.3592     -0.581     -0.843    19.8926   998.2326 0.0000e+00
     -0.592 -1.550e-35     5.6497     88.720      2.352   2.106539    -0.6367     15.656   141.9264 2.6075e+02     0.3007     -0.581     -0.842    19.8675   998.2377 0.0000e+00
     -0.593 -1.409e-36     5.6558     88.766      2.312   2.069222    -0.8068     15.658   169.1244 2.3376e+02     1.4615     -0.581     -0.843    19.8428   998.2428 0.0000e+00
     -0.593 -1.281e-37     5.6586     88.791      2.266   2.026678    -0.9210     15.656   178.1639 2.1652e+02     2.1058     -0.581     -0.843    19.8187   998.2476 0.0000e+00
     -0.593 -1.165e-38     5.6639     88.810      2.206   1.972253    -0.9297     15.654   182.3058 2.0132e+02     2.1851     -0.581     -0.842    19.7952   998.2525 0.0000e+00
     -0.593 -1.059e-39     5.6697     88.810      2.146   1.917973    -0.9310     15.654   184.2716 1.8887e+02     1.7683     -0.581     -0.843    19.7717   998.2573 0.0000e+00
     -0.592 -9.625e-41     5.6769     88.806      2.102   1.877201    -0.9659     15.654   184.9818 1.8310e+02     0.9115     -0.581     -0.842    19.7487   998.2618 0.0000e+00
     -0.592 -8.750e-42     5.6791     88.843      2.083   1.859383    -0.9796     15.653   185.0425 1.8310e+02     0.4779     -0.581     -0.842    19.7252   998.2666 0.0000e+00
     -0.593 -7.955e-43     5.6841     88.887      2.050   1.829235    -0.9631     15.653   184.8333 1.8474e+02     0.5076     -0.581     -0.843    19.7037   998.2710 0.0000e+00
     -0.593 -7.290e-44     5.6869     88.919      1.980   1.766093    -0.9671     15.654   184.6040 1.8571e+02     0.3781     -0.581     -0.843    19.6810   998.2757 0.0000e+00
     -0.592 -1.315e-44     5.6858     88.934      1.939   1.729433    -0.9792     15.654   184.5068 1.8616e+02     0.2169     -0.580     -0.842    19.6609   998.2797 0.0000e+00
