Data/DataNotYetUploadedToEDI/Raw_CTD/RawDownloads/052625_fcr20_S7809008.cnv
* Sea-Bird SBE19plus  Data File:
* FileName = C:\R\Reservoirs\Data\DataNotYetUploadedToEDI\Raw_CTD\RawDownloads\051925_fcr50_S7809_0008.hex
* Software version 2.8.0.119
* Temperature SN = 7809
* Conductivity SN = 7809
* System UpLoad Time = May 27 2025 14:05:44
* <ApplicationData>
* <Seaterm232>
# nquan = 15
# nvalues = 2532                        
# units = specified
# name 0 = depFM: Depth [fresh water, m]
# name 1 = dz/dtM: Descent Rate [m/s]
# name 2 = sbeox0Mg/L: Oxygen, SBE 43 [mg/l]
# name 3 = sbeox0PS: Oxygen, SBE 43 [% saturation]
# name 4 = specc: Specific Conductance [uS/cm]
# name 5 = c0uS/cm: Conductivity [uS/cm]
# name 6 = flECO-AFL: Fluorescence, WET Labs ECO-AFL/FL [mg/m^3]
# name 7 = ph: pH
# name 8 = orp: Oxidation Reduction Potential [mV]
# name 9 = par/sat/log: PAR/Logarithmic, Satlantic
# name 10 = turbWETntu0: Turbidity, WET Labs ECO [NTU]
# name 11 = prdM: Pressure, Strain Gauge [db]
# name 12 = prdE: Pressure, Strain Gauge [psi]
# name 13 = tv290C: Temperature [ITS-90, deg C]
# name 14 = flag:  0.000e+00
# span 0 =     -0.587,      3.541       
# span 1 =     -0.252,      0.107       
# span 2 =     0.0297,     9.9212       
# span 3 =      0.305,    104.719       
# span 4 =      1.331,     98.731       
# span 5 =   1.124299,  75.298734       
# span 6 =    -0.0843,    37.2655       
# span 7 =      7.833,     10.664       
# span 8 =  -108.0840,   233.4957       
# span 9 = 4.7534e-01, 3.5075e+02       
# span 10 =    -0.1919,   268.2193      
# span 11 =     -0.576,      3.473      
# span 12 =     -0.835,      5.037      
# span 13 =    13.1296,    19.3483      
# span 14 = 0.0000e+00, 0.0000e+00      
# interval = seconds: 0.25
# start_time = May 26 2025 12:33:03 [Instrument's time stamp, header]
# bad_flag = -9.990e-29
*END*
[from data line 868]
      0.029      0.053     6.6787     75.322     29.729  26.299407     5.7776     10.494   145.0656 2.2509e+02     5.2837      0.034      0.050    19.2249 0.0000e+00
      0.033      0.048     6.7753     75.711     29.805  26.367976     5.8111     10.492   144.6695 2.2884e+02     5.3755      0.035      0.051    19.2252 0.0000e+00
      0.033      0.043     6.8537     76.183     29.679  26.257349     5.8424     10.490   144.3636 2.2304e+02     5.4176      0.027      0.040    19.2259 0.0000e+00
      0.043      0.038     6.9179     76.823     29.647  26.230237     5.8390     10.488   144.0347 2.0993e+02     5.3495      0.038      0.055    19.2264 0.0000e+00
      0.061      0.033     6.9581     77.674     29.717  26.293850     5.8458     10.487   143.8758 1.9951e+02     5.3372      0.061      0.089    19.2274 0.0000e+00
      0.075      0.030     6.9859     78.799     29.682  26.265438     5.8998     10.487   144.4212 1.9387e+02     5.4393      0.076      0.110    19.2293 0.0000e+00
      0.083      0.026     7.0280     80.235     29.611  26.203812     5.9587     10.487   145.0369 1.9061e+02     5.4911      0.085      0.122    19.2306 0.0000e+00
      0.085      0.020     7.0858     81.900     29.656  26.246363     5.9677     10.486   144.5225 1.8785e+02     5.4170      0.086      0.124    19.2323 0.0000e+00
      0.083      0.014     7.1614     83.563     29.755  26.335978     5.9414     10.486   143.7953 1.8448e+02     5.3285      0.080      0.116    19.2361 0.0000e+00
      0.083      0.009     7.2627     84.953     29.754  26.336049     5.8982     10.486   143.6431 1.8107e+02     5.3435      0.079      0.115    19.2397 0.0000e+00
      0.088      0.008     7.3965     85.838     29.652  26.247227     5.8453     10.486   144.7466 1.7963e+02     5.3598      0.086      0.125    19.2427 0.0000e+00
      0.094      0.010     7.5595     86.154     29.542  26.149916     5.8095     10.487   149.0508 1.8090e+02     5.2868      0.094      0.136    19.2465 0.0000e+00
      0.097      0.013     7.7198     85.945     29.497  26.110775     5.7894     10.488   163.0756 1.8373e+02     5.2115      0.096      0.140    19.2501 0.0000e+00
      0.097      0.017     7.8579     85.267     29.546  26.154487     5.7769     10.492   183.1960 1.8624e+02     5.2009      0.094      0.136    19.2524 0.0000e+00
      0.098      0.019     7.9405     84.342     29.563  26.171083     5.7841     10.497   192.1971 1.8709e+02     5.2956      0.094      0.136    19.2536 0.0000e+00
      0.103      0.021     7.9654     83.518     29.506  26.121177     5.7930     10.499   181.9967 1.8297e+02     5.3654      0.098      0.143    19.2547 0.0000e+00
      0.113      0.023     7.9480     83.005     29.507  26.121851     5.7764     10.499   162.1645 1.7414e+02     5.2941      0.109      0.159    19.2558 0.0000e+00
      0.124      0.024     7.8771     82.793     29.573  26.179227     5.7664     10.497   150.8137 1.6709e+02     5.2877      0.124      0.180    19.2565 0.0000e+00
      0.130      0.021     7.7774     82.757     29.575  26.180707     5.7976     10.495   148.8628 1.6350e+02     5.3907      0.129      0.185    19.2586 0.0000e+00
      0.134      0.015     7.6940     82.743     29.528  26.139747     5.8456     10.493   148.0408 1.6207e+02     5.4456      0.131      0.190    19.2597 0.0000e+00
      0.137      0.006     7.6486     82.623     29.586  26.191342     5.8554     10.492   147.5001 1.6211e+02     5.4056      0.136      0.197    19.2587 0.0000e+00
      0.137     -0.004     7.6337     82.331     29.706  26.297182     5.8332     10.492   147.1436 1.6184e+02     5.3159      0.136      0.198    19.2575 0.0000e+00
      0.135     -0.016     7.6358     81.891     29.685  26.277886     5.8099     10.491   146.9991 1.6106e+02     5.2496      0.133      0.193    19.2565 0.0000e+00
      0.132     -0.030     7.6386     81.360     29.611  26.211721     5.7737     10.490   146.7859 1.6218e+02     5.2188      0.130      0.187    19.2569 0.0000e+00
      0.127     -0.043     7.6304     80.820     29.735  26.321643     5.7366     10.491   146.5448 1.7018e+02     5.1829      0.128      0.185    19.2577 0.0000e+00
      0.113     -0.054     7.6016     80.499     29.897  26.465381     5.7108     10.492   146.4069 1.8516e+02     5.0885      0.115      0.168    19.2580 0.0000e+00
      0.090     -0.062     7.5587     80.708     29.854  26.427560     5.6608     10.492   146.2377 1.9901e+02     5.0001      0.086      0.125    19.2581 0.0000e+00
      0.068     -0.066     7.5094     81.572     29.791  26.371715     5.5993     10.493   147.2513 2.0978e+02     5.0365      0.064      0.092    19.2558 0.0000e+00
      0.052     -0.066     7.4520     82.892     29.851  26.424374     5.5828     10.495   157.1139 2.2289e+02     5.1525      0.052      0.075    19.2546 0.0000e+00
      0.036     -0.061     7.4096     84.365     29.929  26.493468     5.5781     10.499   166.0235 2.3763e+02     5.1720      0.035      0.050    19.2568 0.0000e+00
      0.020     -0.053     7.4222     85.723     29.946  26.509501     5.5671     10.501   157.9244 2.5026e+02     5.1363      0.019      0.027    19.2567 0.0000e+00
      0.007     -0.045     7.5130     86.783     29.926  26.491385     5.6160     10.500   149.5301 2.6055e+02     5.1656      0.007      0.009    19.2553 0.0000e+00
     -0.004     -0.040     7.6440     87.418     29.968  26.528110     5.7035     10.500   159.2578 2.6578e+02     5.1842     -0.006     -0.009    19.2551 0.0000e+00
     -0.012     -0.035     7.7894     87.537     30.019  26.573016     5.7512     10.503   169.6267 2.6958e+02     5.1902     -0.013     -0.018    19.2558 0.0000e+00
     -0.018     -0.030     7.9205     87.200     29.968  26.526977     5.7513     10.506   160.3820 2.8832e+02     5.1700     -0.017     -0.025    19.2569 0.0000e+00
     -0.024     -0.026     8.0202     86.555     29.914  26.478824     5.7710     10.506   149.3514 3.1935e+02     5.1109     -0.024     -0.035    19.2567 0.0000e+00
     -0.032     -0.021     8.0857     85.731     29.936  26.498167     5.8482     10.503   147.6771 3.4044e+02     5.1592     -0.032     -0.046    19.2558 0.0000e+00
     -0.039     -0.017     8.0922     84.836     29.946  26.507160     5.9112     10.502   147.1076 3.4728e+02     5.2069     -0.039     -0.057    19.2552 0.0000e+00
     -0.044     -0.012     8.0562     83.940     29.894  26.460719     5.9171     10.502   147.6280 3.4899e+02     5.1072     -0.044     -0.065    19.2540 0.0000e+00
     -0.046     -0.007     7.9926     83.055     29.875  26.444019     5.9109     10.503   158.3560 3.4945e+02     5.0468     -0.046     -0.067    19.2534 0.0000e+00
     -0.045     -0.003     7.9138     82.215     29.934  26.495499     5.9279     10.507   169.9583 3.4937e+02     5.0917     -0.045     -0.065    19.2533 0.0000e+00
     -0.044     -0.000     7.8276     81.461     29.953  26.512378     5.9556     10.510   172.7040 3.4942e+02     5.1373     -0.043     -0.063    19.2529 0.0000e+00
     -0.042      0.002     7.7461     80.741     29.892  26.457840     5.9708     10.512   182.5209 3.4962e+02     5.1194     -0.041     -0.060    19.2523 0.0000e+00
     -0.042      0.002     7.6642     80.048     29.835  26.406867     5.9788     10.515   181.7929 3.4988e+02     5.0813     -0.041     -0.059    19.2518 0.0000e+00
     -0.043      0.002     7.5817     79.423     29.831  26.403434     6.0023     10.515   162.2669 3.5029e+02     5.1541     -0.042     -0.061    19.2516 0.0000e+00
     -0.043      0.002     7.5181     78.830     29.845  26.416334     6.0300     10.514   150.8629 3.5052e+02     5.3172     -0.043     -0.062    19.2511 0.0000e+00
     -0.042      0.002     7.4508     78.228     29.867  26.436003     6.0391     10.512   150.1661 3.5057e+02     5.4481     -0.042     -0.060    19.2510 0.0000e+00
     -0.040      0.003     7.3834     77.620     29.884  26.450981     6.0127     10.512   159.1764 3.5067e+02     5.4036     -0.040     -0.057    19.2511 0.0000e+00
     -0.040      0.004     7.3289     77.024     29.835  26.407171     5.9692     10.513   178.0686 3.5072e+02     5.2227     -0.039     -0.056    19.2510 0.0000e+00
     -0.040      0.007     7.2756     76.457     29.771  26.350251     5.9625     10.516   190.5078 3.5075e+02     5.1752     -0.039     -0.057    19.2510 0.0000e+00
     -0.040      0.011     7.2193     75.941     29.752  26.333550     5.9810     10.517   185.3375 3.5025e+02     5.2392     -0.040     -0.058    19.2511 0.0000e+00
     -0.037      0.015     7.1627     75.472     29.750  26.332073     5.9773     10.517   168.4693 3.4618e+02     5.2101     -0.037     -0.054    19.2512 0.0000e+00
     -0.032      0.018     7.1075     75.021     29.750  26.332392     5.9340     10.516   155.1065 3.2623e+02     5.1987     -0.032     -0.046    19.2510 0.0000e+00
     -0.025      0.019     7.0539     74.575     29.756  26.337411     5.8909     10.513   150.6763 2.9348e+02     5.2728     -0.025     -0.036    19.2509 0.0000e+00
     -0.017      0.018     7.0065     74.152     29.746  26.329338     5.8886     10.511   149.4921 2.7523e+02     5.3200     -0.017     -0.025    19.2511 0.0000e+00
     -0.011      0.015     6.9642     73.747     29.711  26.298203     5.9058     10.510   149.1345 2.7178e+02     5.3937     -0.010     -0.015    19.2514 0.0000e+00
     -0.007      0.013     6.9237     73.349     29.688  26.278061     5.8829     10.511   149.1919 2.6633e+02     5.3780     -0.005     -0.008    19.2515 0.0000e+00
     -0.007      0.012     6.8809     72.991     29.686  26.276065     5.8195     10.511   148.8960 2.6270e+02     5.2333     -0.007     -0.010    19.2514 0.0000e+00
     -0.009      0.013     6.8419     72.666     29.683  26.274069     5.7962     10.509   148.4822 2.6470e+02     5.1817     -0.010     -0.014    19.2514 0.0000e+00
     -0.008      0.015     6.8068     72.359     29.660  26.253927     5.8099     10.507   149.0921 2.6545e+02     5.1980     -0.010     -0.014    19.2517 0.0000e+00
     -0.002      0.019     6.7663     72.093     29.625  26.222792     5.7858     10.505   161.4325 2.6149e+02     5.2256     -0.004     -0.005    19.2520 0.0000e+00
      0.006      0.024     6.7345     71.861     29.615  26.214712     5.7206     10.505   184.2033 2.5494e+02     5.2756      0.007      0.010    19.2524 0.0000e+00
      0.014      0.029     6.7061     71.610     29.620  26.219649     5.6715     10.507   195.2902 2.4848e+02     5.3243      0.015      0.022    19.2529 0.0000e+00
      0.021      0.033     6.6754     71.334     29.620  26.219061     5.6660     10.512   193.8710 2.4188e+02     5.3704      0.020      0.029    19.2531 0.0000e+00
      0.028      0.036     6.6512     71.112     29.606  26.207604     5.6545     10.516   182.4443 2.3291e+02     5.3554      0.027      0.039    19.2533 0.0000e+00
      0.038      0.038     6.6319     70.963     29.606  26.207969     5.6151     10.516   162.0988 2.2448e+02     5.2786      0.037      0.054    19.2540 0.0000e+00
      0.049      0.040     6.6105     70.882     29.623  26.223483     5.5970     10.512   150.4977 2.1896e+02     5.2275      0.048      0.069    19.2545 0.0000e+00
      0.060      0.041     6.5796     71.007     29.601  26.204915     5.6025     10.508   148.6932 2.1306e+02     5.2502      0.059      0.085    19.2548 0.0000e+00
      0.073      0.040     6.5586     71.612     29.566  26.173720     5.6319     10.505   148.0245 2.0541e+02     5.3138      0.070      0.102    19.2552 0.0000e+00
      0.084      0.038     6.5482     72.953     29.553  26.163417     5.6696     10.504   147.9186 1.9875e+02     5.3136      0.084      0.121    19.2558 0.0000e+00
      0.093      0.036     6.5346     75.070     29.530  26.143763     5.6671     10.503   147.9296 1.9379e+02     5.2820      0.092      0.134    19.2569 0.0000e+00
      0.100      0.034     6.5372     77.715     29.509  26.126344     5.6596     10.503   147.4687 1.8767e+02     5.3412      0.098      0.142    19.2580 0.0000e+00
      0.108      0.033     6.5821     80.525     29.526  26.143062     5.6626     10.503   147.1641 1.8192e+02     5.3810      0.106      0.153    19.2591 0.0000e+00
      0.115      0.031     6.7032     83.106     29.536  26.155648     5.6868     10.503   147.2579 1.7788e+02     5.3530      0.111      0.163    19.2605 0.0000e+00
      0.122      0.029     6.9093     85.147     29.528  26.151686     5.7438     10.503   147.0540 1.7267e+02     5.3440      0.118      0.172    19.2620 0.0000e+00
      0.132      0.026     7.1642     86.479     29.533  26.158579     5.7695     10.502   146.5918 1.6734e+02     5.3069      0.131      0.190    19.2637 0.0000e+00
      0.141      0.022     7.4365     87.014     29.550  26.175575     5.7813     10.502   146.2295 1.6469e+02     5.3141      0.141      0.204    19.2676 0.0000e+00
      0.145      0.018     7.6853     86.807     29.539  26.166925     5.8108     10.501   146.0290 1.6335e+02     5.3283      0.142      0.206    19.2730 0.0000e+00
      0.147      0.015     7.8754     86.048     29.482  26.117409     5.8108     10.500   145.8026 1.6160e+02     5.2403      0.144      0.209    19.2780 0.0000e+00
      0.149      0.014     8.0028     84.957     29.443  26.084234     5.7807     10.500   145.5575 1.5953e+02     5.2063      0.147      0.213    19.2829 0.0000e+00
      0.151      0.014     8.0491     83.722     29.441  26.082918     5.7631     10.500   145.3878 1.5746e+02     5.2247      0.148      0.215    19.2864 0.0000e+00
      0.154      0.017     8.0223     82.466     29.461  26.101502     5.7981     10.499   145.2143 1.5511e+02     5.2582      0.150      0.219    19.2884 0.0000e+00
      0.159      0.019     7.9453     81.271     29.480  26.118669     5.8801     10.498   145.0076 1.5180e+02     5.3367      0.155      0.225    19.2901 0.0000e+00
      0.165      0.020     7.8374     80.188     29.459  26.100228     5.9207     10.498   144.7819 1.4813e+02     5.3542      0.162      0.234    19.2915 0.0000e+00
      0.173      0.020     7.7206     79.234     29.423  26.068789     5.8982     10.498   144.6356 1.4509e+02     5.3676      0.170      0.246    19.2926 0.0000e+00
      0.179      0.019     7.6012     78.387     29.408  26.055647     5.8828     10.498   144.5295 1.4291e+02     5.4296      0.176      0.256    19.2935 0.0000e+00
      0.183      0.017     7.4901     77.627     29.422  26.068165     5.8765     10.498   144.4452 1.4156e+02     5.3870      0.180      0.262    19.2940 0.0000e+00
      0.186      0.015     7.3888     76.943     29.450  26.093309     5.8627     10.497   144.3912 1.4087e+02     5.2630      0.182      0.264    19.2942 0.0000e+00
      0.188      0.014     7.3025     76.306     29.464  26.105982     5.8488     10.497   144.3071 1.4064e+02     5.2284      0.183      0.266    19.2943 0.0000e+00
      0.191      0.014     7.2251     75.729     29.450  26.094555     5.8342     10.496   144.2031 1.4061e+02     5.2759      0.187      0.272    19.2949 0.0000e+00
      0.195      0.014     7.1540     75.228     29.435  26.081976     5.8443     10.496   144.0799 1.4059e+02     5.3590      0.190      0.276    19.2957 0.0000e+00
      0.200      0.015     7.0940     74.795     29.433  26.080729     5.8623     10.497   144.0215 1.4046e+02     5.3790      0.195      0.283    19.2958 0.0000e+00
      0.205      0.015     7.0330     74.401     29.431  26.079482     5.8613     10.497   144.0133 1.4004e+02     5.3126      0.202      0.293    19.2965 0.0000e+00
      0.209      0.014     6.9796     74.027     29.416  26.066893     5.8558     10.497   143.8948 1.3936e+02     5.3084      0.205      0.297    19.2985 0.0000e+00
      0.212      0.013     6.9332     73.677     29.402  26.055360     5.8967     10.498   143.7073 1.3833e+02     5.2935      0.207      0.300    19.2996 0.0000e+00
