Data/DataNotYetUploadedToEDI/Raw_CTD/RawDownloads/052625_fcr50_S7809007.cnv
* Sea-Bird SBE19plus  Data File:
* FileName = C:\R\Reservoirs\Data\DataNotYetUploadedToEDI\Raw_CTD\RawDownloads\051925_fcr50_S7809_0007.hex
* Software version 2.8.0.119
* Temperature SN = 7809
* Conductivity SN = 7809
* System UpLoad Time = May 27 2025 14:04:39
* <ApplicationData>
* <Seaterm232>
# nquan = 15
# nvalues = 1293                        
# units = specified
# name 0 = depFM: Depth [fresh water, m]
# name 1 = dz/dtM: Descent Rate [m/s]
# name 2 = sbeox0Mg/L: Oxygen, SBE 43 [mg/l]
# name 3 = sbeox0PS: Oxygen, SBE 43 [% saturation]
# name 4 = specc: Specific Conductance [uS/cm]
# name 5 = c0uS/cm: Conductivity [uS/cm]
# name 6 = flECO-AFL: Fluorescence, WET Labs ECO-AFL/FL [mg/m^3]
# name 7 = ph: pH
# name 8 = orp: Oxidation Reduction Potential [mV]
# name 9 = par/sat/log: PAR/Logarithmic, Satlantic
# name 10 = turbWETntu0: Turbidity, WET Labs ECO [NTU]
# name 11 = prdM: Pressure, Strain Gauge [db]
# name 12 = prdE: Pressure, Strain Gauge [psi]
# name 13 = tv290C: Temperature [ITS-90, deg C]
# name 14 = flag:  0.000e+00
# span 0 =     -0.588,      2.195       
# span 1 =     -0.246,      0.206       
# span 2 =     3.7030,    11.1558       
# span 3 =     38.351,    120.523       
# span 4 =      1.526,     56.363       
# span 5 =   1.194094,  47.038920       
# span 6 =    -0.1290,    69.9347       
# span 7 =      6.537,     10.272       
# span 8 =  -339.0726,   188.6755       
# span 9 = 4.3713e-01, 4.4261e+02       
# span 10 =     1.2135,   142.4354      
# span 11 =     -0.577,      2.153      
# span 12 =     -0.837,      3.123      
# span 13 =    14.1205,    19.4204      
# span 14 = 0.0000e+00, 0.0000e+00      
# interval = seconds: 0.25
# start_time = May 26 2025 12:22:31 [Instrument's time stamp, header]
# bad_flag = -9.990e-29
*END*
[from data line 675]
      0.091      0.010    10.1972    110.940     31.958  28.367633     5.6615     10.173   130.1913 2.3549e+02     8.6093      0.089      0.129    19.3503 0.0000e+00
      0.094      0.009    10.2058    110.968     31.918  28.329700     5.7165     10.173   130.0645 2.3559e+02     8.6343      0.093      0.134    19.3670 0.0000e+00
      0.096      0.007    10.2106    111.043     31.904  28.314825     5.7577     10.173   129.8424 2.3633e+02     8.7215      0.094      0.136    19.3768 0.0000e+00
      0.098      0.005    10.2118    111.186     31.907  28.314616     5.7683     10.175   129.5707 2.3713e+02     8.7414      0.096      0.138    19.3800 0.0000e+00
      0.098      0.004    10.2104    111.375     31.924  28.327179     5.7458     10.177   129.4467 2.3821e+02     8.7043      0.096      0.139    19.3794 0.0000e+00
      0.098      0.005    10.2140    111.548     31.939  28.339863     5.6937     10.178   129.3744 2.3922e+02     8.5801      0.096      0.139    19.3755 0.0000e+00
      0.097      0.010    10.2203    111.656     31.941  28.341119     5.6619     10.178   129.2138 2.3783e+02     8.4692      0.095      0.138    19.3697 0.0000e+00
      0.097      0.015    10.2352    111.686     31.942  28.342368     5.6774     10.178   129.1398 2.3280e+02     8.4905      0.094      0.136    19.3652 0.0000e+00
      0.101      0.020    10.2561    111.666     31.955  28.354968     5.6902     10.179   129.1675 2.2654e+02     8.4960      0.097      0.141    19.3623 0.0000e+00
      0.111      0.022    10.2735    111.614     31.967  28.366603     5.6834     10.181   129.0328 2.2181e+02     8.5013      0.106      0.156    19.3602 0.0000e+00
      0.121      0.026    10.2847    111.554     31.954  28.356204     5.6952     10.181   128.6293 2.1905e+02     8.5889      0.120      0.174    19.3600 0.0000e+00
      0.129      0.031    10.2852    111.564     31.953  28.356089     5.7162     10.176   128.1604 2.1745e+02     8.6337      0.130      0.188    19.3614 0.0000e+00
      0.132      0.033    10.2825    111.661     31.965  28.365212     5.7296     10.166   127.7510 2.1555e+02     8.6670      0.132      0.191    19.3631 0.0000e+00
      0.135      0.026    10.2783    111.752     31.939  28.339642     5.7154     10.159   127.5516 2.0949e+02     8.6844      0.128      0.185    19.3636 0.0000e+00
      0.148      0.007    10.2687    111.828     31.899  28.300635     5.6776     10.156   127.8146 1.9919e+02     8.6726      0.140      0.203    19.3650 0.0000e+00
      0.166     -0.019    10.2665    111.949     31.871  28.274132     5.6721     10.155   128.2630 1.9523e+02     8.6958      0.169      0.246    19.3678 0.0000e+00
      0.171     -0.048    10.2829    112.117     31.872  28.272902     5.6907     10.155   128.4997 2.0617e+02     8.6916      0.180      0.260    19.3659 0.0000e+00
      0.149     -0.076    10.2918    112.273     31.889  28.285769     5.6942     10.155   128.6978 2.2906e+02     8.5872      0.154      0.223    19.3588 0.0000e+00
      0.108     -0.096    10.2959    112.321     31.910  28.302848     5.6812     10.154   128.9372 2.5611e+02     8.3904      0.105      0.153    19.3542 0.0000e+00
      0.064     -0.104    10.3085    112.198     31.966  28.352539     5.6586     10.153   129.0709 2.8416e+02     8.2932      0.061      0.088    19.3536 0.0000e+00
      0.028     -0.094    10.3255    111.963     31.992  28.379176     5.6620     10.153   129.1955 3.0797e+02     8.3684      0.024      0.034    19.3510 0.0000e+00
      0.004     -0.070    10.3450    111.734     31.978  28.371208     5.6890     10.152   129.3255 3.2042e+02     8.4800     -0.003     -0.004    19.3460 0.0000e+00
     -0.005     -0.043    10.3530    111.565     31.985  28.383063     5.6937     10.149   129.4388 3.2222e+02     8.5487     -0.009     -0.013    19.3416 0.0000e+00
     -0.005     -0.019    10.3398    111.490     31.994  28.395672     5.6858     10.147   129.6190 3.1701e+02     8.5844     -0.006     -0.009    19.3413 0.0000e+00
     -0.000     -0.002    10.3107    111.540     31.993  28.396807     5.6942     10.145   129.7840 3.1191e+02     8.6388     -0.000     -0.001    19.3481 0.0000e+00
      0.004      0.006    10.2875    111.636     31.993  28.396798     5.7114     10.143   129.8846 3.0881e+02     8.6598      0.005      0.007    19.3567 0.0000e+00
      0.007      0.005    10.2698    111.695     31.991  28.395560     5.7264     10.143   129.8890 3.0553e+02     8.5998      0.007      0.010    19.3652 0.0000e+00
      0.008     -0.002    10.2579    111.727     31.976  28.381836     5.7426     10.143   129.7506 3.0497e+02     8.5616      0.009      0.012    19.3725 0.0000e+00
      0.008     -0.012    10.2661    111.758     31.950  28.357713     5.7660     10.142   129.7604 3.0626e+02     8.6077      0.008      0.011    19.3756 0.0000e+00
      0.007     -0.025    10.2791    111.797     31.951  28.357599     5.7848     10.142   130.0079 3.0987e+02     8.7129      0.007      0.010    19.3761 0.0000e+00
      0.001     -0.036    10.2825    111.861     31.978  28.380455     5.8118     10.143   130.1614 3.2935e+02     8.7410      0.005      0.008    19.3759 0.0000e+00
     -0.013     -0.046    10.2845    111.918     31.979  28.380351     5.8673     10.144   130.1537 3.6318e+02     8.5715     -0.011     -0.016    19.3749 0.0000e+00
     -0.032     -0.051    10.2887    111.941     31.950  28.356342     5.8986     10.144   130.0870 3.8475e+02     8.3713     -0.034     -0.049    19.3734 0.0000e+00
     -0.049     -0.050    10.2904    111.977     31.933  28.343874     5.9158     10.144   130.0426 3.8839e+02     8.3355     -0.048     -0.070    19.3717 0.0000e+00
     -0.064     -0.041    10.2985    112.050     31.944  28.356464     6.0922     10.144   130.1337 3.9026e+02     8.4125     -0.063     -0.091    19.3698 0.0000e+00
     -0.077     -0.027    10.3063    112.107     31.969  28.381721     6.3824     10.143   130.2421 3.9106e+02     8.4146     -0.079     -0.113    19.3686 0.0000e+00
     -0.082     -0.012    10.3044    112.044     31.980  28.395549     6.5122     10.142   130.2350 3.8730e+02     8.3267     -0.083     -0.122    19.3705 0.0000e+00
     -0.080      0.002    10.3064    111.865     31.977  28.396804     6.5046     10.142   130.3050 3.8787e+02     8.3059     -0.080     -0.115    19.3755 0.0000e+00
     -0.074      0.013    10.3129    111.683     31.973  28.396909     6.4316     10.142   130.4864 3.8962e+02     8.4026     -0.073     -0.105    19.3806 0.0000e+00
     -0.066      0.020    10.3229    111.514     31.970  28.396815     6.2957     10.142   130.4499 3.8617e+02     8.4702     -0.064     -0.093    19.3853 0.0000e+00
     -0.059      0.025    10.3162    111.299     31.968  28.395672     6.2099     10.142   130.2934 3.8322e+02     8.4067     -0.057     -0.082    19.3909 0.0000e+00
     -0.053      0.026    10.2910    111.030     31.953  28.383092     6.1680     10.145   130.3151 3.8112e+02     8.3515     -0.051     -0.074    19.3979 0.0000e+00
     -0.048      0.027    10.2739    110.743     31.939  28.371559     6.0639     10.146   130.2812 3.7682e+02     8.4517     -0.047     -0.068    19.4042 0.0000e+00
     -0.041      0.030    10.2609    110.505     31.951  28.383081     5.9251     10.146   130.0557 3.6154e+02     8.6622     -0.041     -0.060    19.4073 0.0000e+00
     -0.033      0.040    10.2406    110.368     31.965  28.395557     5.8719     10.146   129.9127 3.3843e+02     8.7791     -0.033     -0.047    19.4085 0.0000e+00
     -0.026      0.053    10.2145    110.285     31.967  28.395548     5.8619     10.142   129.9287 3.2661e+02     8.7032     -0.026     -0.037    19.4094 0.0000e+00
     -0.017      0.062    10.1860    110.206     31.957  28.382968     5.8372     10.138   129.9909 3.1689e+02     8.5643     -0.020     -0.029    19.4101 0.0000e+00
      0.002      0.061    10.1603    110.147     31.949  28.370302     5.8812     10.136   130.0627 2.9064e+02     8.5693     -0.004     -0.006    19.4110 0.0000e+00
      0.034      0.052    10.1507    110.177     31.953  28.369254     5.9689     10.136   130.1078 2.5767e+02     8.6605      0.033      0.049    19.4130 0.0000e+00
      0.064      0.041    10.1453    110.384     31.956  28.370294     5.9985     10.136   130.1068 2.3470e+02     8.6089      0.074      0.107    19.4126 0.0000e+00
      0.070      0.030    10.1381    110.733     31.971  28.382866     5.9979     10.136   130.1367 2.2896e+02     8.5255      0.078      0.113    19.4045 0.0000e+00
      0.055      0.018    10.1340    111.095     31.986  28.394407     6.0032     10.137   130.2965 2.3825e+02     8.6085      0.050      0.072    19.3929 0.0000e+00
      0.045      0.007    10.1325    111.386     31.977  28.382980     6.0136     10.138   130.4898 2.4375e+02     8.7240      0.038      0.055    19.3860 0.0000e+00
      0.050      0.002    10.1539    111.595     31.968  28.371553     6.0147     10.138   130.4953 2.3669e+02     8.6920      0.049      0.070    19.3849 0.0000e+00
      0.060      0.002    10.1916    111.755     31.983  28.383095     5.9998     10.138   130.3636 2.3073e+02     8.5978      0.060      0.087    19.3857 0.0000e+00
      0.066      0.003    10.2279    111.924     31.997  28.395675     6.0333     10.140   130.3596 2.3063e+02     8.5075      0.068      0.099    19.3829 0.0000e+00
      0.066     -0.001    10.2565    112.126     31.996  28.396809     6.1201     10.142   130.4479 2.3242e+02     8.4540      0.067      0.097    19.3751 0.0000e+00
      0.061     -0.009    10.2759    112.294     31.993  28.396808     6.1753     10.144   130.4849 2.3643e+02     8.4980      0.060      0.087    19.3687 0.0000e+00
      0.056     -0.016    10.2891    112.383     31.989  28.395664     6.1760     10.147   130.5483 2.3955e+02     8.4929      0.055      0.080    19.3663 0.0000e+00
      0.050     -0.020    10.3024    112.423     31.973  28.382979     6.1125     10.150   130.6124 2.4142e+02     8.4602      0.050      0.072    19.3669 0.0000e+00
      0.044     -0.022    10.3239    112.390     31.958  28.370294     6.0147     10.154   130.6578 2.4704e+02     8.5812      0.042      0.061    19.3709 0.0000e+00
      0.038     -0.027    10.3409    112.225     31.955  28.369141     5.9759     10.155   130.7531 2.5448e+02     8.7262      0.037      0.053    19.3758 0.0000e+00
      0.034     -0.037    10.3449    111.977     31.950  28.369045     5.9763     10.156   130.7317 2.6322e+02     8.7433      0.035      0.050    19.3792 0.0000e+00
      0.029     -0.051    10.3493    111.706     31.947  28.369140     5.9780     10.159   130.6575 2.7587e+02     8.6174      0.031      0.045    19.3812 0.0000e+00
      0.019     -0.063    10.3509    111.406     31.948  28.370292     5.9881     10.160   130.8015 2.9290e+02     8.4002      0.020      0.030    19.3817 0.0000e+00
     -0.001     -0.072    10.3313    111.109     31.964  28.382968     6.0066     10.161   131.0100 3.1401e+02     8.3377      0.004      0.005    19.3842 0.0000e+00
     -0.031     -0.075    10.3042    110.866     31.981  28.395548     6.0353     10.161   131.1137 3.3702e+02     8.4419     -0.028     -0.042    19.3915 0.0000e+00
     -0.062     -0.072    10.2804    110.702     31.981  28.395548     6.0354     10.161   131.2808 3.5907e+02     8.4306     -0.066     -0.096    19.3972 0.0000e+00
     -0.082     -0.061    10.2509    110.650     31.965  28.382968     5.9912     10.162   131.4828 3.7210e+02     8.3377     -0.085     -0.124    19.3968 0.0000e+00
     -0.091     -0.044    10.2220    110.695     31.949  28.370301     5.9510     10.163   131.5763 3.7859e+02     8.3440     -0.089     -0.130    19.3931 0.0000e+00
     -0.097     -0.024    10.2008    110.752     31.947  28.369242     5.9485     10.164   131.6377 3.8681e+02     8.4383     -0.095     -0.138    19.3894 0.0000e+00
     -0.102     -0.005    10.1837    110.777     31.947  28.370177     5.9689     10.163   131.6228 3.8918e+02     8.5213     -0.103     -0.148    19.3888 0.0000e+00
     -0.102      0.010    10.1784    110.805     31.960  28.381606     5.9564     10.161   131.5677 3.8511e+02     8.5280     -0.102     -0.148    19.3918 0.0000e+00
     -0.095      0.020    10.1859    110.871     31.958  28.380566     5.9146     10.161   131.6603 3.7931e+02     8.5871     -0.095     -0.137    19.3948 0.0000e+00
     -0.085      0.025    10.1927    110.944     31.932  28.357607     5.9129     10.162   131.7960 3.7135e+02     8.7231     -0.083     -0.122    19.3962 0.0000e+00
     -0.074      0.026    10.1929    110.978     31.932  28.357712     5.9356     10.163   131.7464 3.6603e+02     8.7724     -0.072     -0.104    19.3971 0.0000e+00
     -0.065      0.023    10.1931    110.986     31.959  28.381833     5.9307     10.165   131.6626 3.6371e+02     8.6706     -0.063     -0.091    19.3977 0.0000e+00
     -0.059      0.017    10.2012    111.005     31.975  28.395557     5.9038     10.166   131.7282 3.6314e+02     8.4825     -0.056     -0.083    19.3980 0.0000e+00
     -0.057      0.012    10.2102    111.047     31.978  28.396796     5.8851     10.167   131.8512 3.6538e+02     8.3773     -0.055     -0.080    19.3979 0.0000e+00
     -0.058      0.008    10.2122    111.081     31.978  28.396805     5.8954     10.169   131.9456 3.6641e+02     8.4243     -0.057     -0.082    19.3979 0.0000e+00
     -0.058      0.005    10.2115    111.067     31.978  28.395662     5.9369     10.169   132.0094 3.6764e+02     8.4689     -0.057     -0.083    19.3983 0.0000e+00
     -0.057      0.005    10.2128    111.033     31.964  28.382968     5.9790     10.169   132.1065 3.7050e+02     8.4045     -0.056     -0.082    19.3973 0.0000e+00
     -0.056      0.006    10.2179    111.016     31.950  28.370188     5.9878     10.170   132.0871 3.7075e+02     8.3288     -0.055     -0.080    19.3955 0.0000e+00
     -0.054      0.008    10.2241    111.017     31.948  28.367986     5.9938     10.172   131.9463 3.7004e+02     8.3386     -0.053     -0.076    19.3943 0.0000e+00
     -0.051      0.008    10.2209    111.045     31.934  28.356350     6.0355     10.174   131.9530 3.6964e+02     8.4553     -0.050     -0.071    19.3937 0.0000e+00
     -0.048      0.007    10.2159    111.084     31.934  28.356349     6.0753     10.174   132.0825 3.6784e+02     8.5781     -0.047     -0.068    19.3936 0.0000e+00
     -0.045      0.006    10.2159    111.112     31.947  28.367975     6.0668     10.175   132.2212 3.6676e+02     8.5931     -0.044     -0.063    19.3930 0.0000e+00
     -0.043      0.004    10.2143    111.121     31.949  28.370063     6.0580     10.177   132.3396 3.6693e+02     8.6034     -0.042     -0.060    19.3927 0.0000e+00
     -0.043      0.002    10.2183    111.081     31.962  28.381595     6.0771     10.178   132.3955 3.6678e+02     8.6343     -0.042     -0.061    19.3931 0.0000e+00
     -0.044      0.000    10.2228    111.012     31.961  28.380555     6.0983     10.179   132.3813 3.6743e+02     8.5918     -0.043     -0.062    19.3934 0.0000e+00
     -0.045     -0.001    10.2242    110.972     31.935  28.357493     6.1231     10.179   132.3391 3.6853e+02     8.4992     -0.044     -0.064    19.3932 0.0000e+00
     -0.046     -0.001    10.2279    110.964     31.934  28.356453     6.1275     10.179   132.4011 3.6889e+02     8.4023     -0.045     -0.065    19.3930 0.0000e+00
     -0.046      0.000    10.2234    110.969     31.946  28.367985     6.1255     10.180   132.5287 3.6891e+02     8.4107     -0.045     -0.066    19.3929 0.0000e+00
     -0.046 4.3246e-07    10.2134    110.984     31.947  28.370073     6.1582     10.181   132.5912 3.6818e+02     8.4637     -0.045     -0.065    19.3934 0.0000e+00
     -0.045      0.000    10.2104    111.000     31.960  28.381698     6.1982     10.182   132.6408 3.6746e+02     8.4623     -0.044     -0.063    19.3941 0.0000e+00
     -0.045      0.000    10.2106    111.018     31.960  28.381698     6.2008     10.183   132.6992 3.6781e+02     8.4628     -0.043     -0.063    19.3949 0.0000e+00
