Data/DataNotYetUploadedToEDI/Raw_CTD/RawDownloads/052625_fcr20_S7809008.cnv
* Sea-Bird SBE19plus  Data File:
* FileName = C:\R\Reservoirs\Data\DataNotYetUploadedToEDI\Raw_CTD\RawDownloads\051925_fcr50_S7809_0008.hex
* Software version 2.8.0.119
* Temperature SN = 7809
* Conductivity SN = 7809
* System UpLoad Time = May 27 2025 14:05:44
* <ApplicationData>
* <Seaterm232>
# nquan = 15
# nvalues = 2532                        
# units = specified
# name 0 = depFM: Depth [fresh water, m]
# name 1 = dz/dtM: Descent Rate [m/s]
# name 2 = sbeox0Mg/L: Oxygen, SBE 43 [mg/l]
# name 3 = sbeox0PS: Oxygen, SBE 43 [% saturation]
# name 4 = specc: Specific Conductance [uS/cm]
# name 5 = c0uS/cm: Conductivity [uS/cm]
# name 6 = flECO-AFL: Fluorescence, WET Labs ECO-AFL/FL [mg/m^3]
# name 7 = ph: pH
# name 8 = orp: Oxidation Reduction Potential [mV]
# name 9 = par/sat/log: PAR/Logarithmic, Satlantic
# name 10 = turbWETntu0: Turbidity, WET Labs ECO [NTU]
# name 11 = prdM: Pressure, Strain Gauge [db]
# name 12 = prdE: Pressure, Strain Gauge [psi]
# name 13 = tv290C: Temperature [ITS-90, deg C]
# name 14 = flag:  0.000e+00
# span 0 =     -0.587,      3.541       
# span 1 =     -0.252,      0.107       
# span 2 =     0.0297,     9.9212       
# span 3 =      0.305,    104.719       
# span 4 =      1.331,     98.731       
# span 5 =   1.124299,  75.298734       
# span 6 =    -0.0843,    37.2655       
# span 7 =      7.833,     10.664       
# span 8 =  -108.0840,   233.4957       
# span 9 = 4.7534e-01, 3.5075e+02       
# span 10 =    -0.1919,   268.2193      
# span 11 =     -0.576,      3.473      
# span 12 =     -0.835,      5.037      
# span 13 =    13.1296,    19.3483      
# span 14 = 0.0000e+00, 0.0000e+00      
# interval = seconds: 0.25
# start_time = May 26 2025 12:33:03 [Instrument's time stamp, header]
# bad_flag = -9.990e-29
*END*
[from data line 1928]
      2.606      0.004     9.6229     95.452     35.843  29.584842    12.9994      9.635   216.4035 5.9434e+00     7.8989      2.556      3.708    16.3336 0.0000e+00
      2.605      0.002     9.5980     94.605     35.833  29.573309    13.3744      9.632   216.5727 5.9511e+00     7.9923      2.555      3.706    16.3077 0.0000e+00
      2.604      0.003     9.5416     93.880     35.864  29.597309    14.0878      9.628   216.6866 5.9622e+00     8.0167      2.554      3.704    16.2833 0.0000e+00
      2.604      0.006     9.4545     93.280     35.891  29.621299    14.4681      9.626   216.8341 5.9543e+00     7.9199      2.553      3.703    16.2717 0.0000e+00
      2.606      0.008     9.3667     92.768     35.873  29.609651    14.4600      9.623   217.0655 5.9030e+00     7.8471      2.555      3.706    16.2668 0.0000e+00
      2.611      0.010     9.2798     92.378     35.840  29.583335    13.9979      9.620   217.2465 5.8365e+00     7.8193      2.561      3.714    16.2613 0.0000e+00
      2.616      0.011     9.2100     92.138     35.810  29.556838    13.1592      9.616   217.3023 5.7967e+00     7.8235      2.566      3.722    16.2580 0.0000e+00
      2.619      0.012     9.1541     92.058     35.799  29.543001    12.6923      9.614   217.3955 5.7935e+00     7.7951      2.568      3.725    16.2598 0.0000e+00
      2.621      0.015     9.0994     92.131     35.804  29.542887    12.5812      9.612   217.5134 5.8035e+00     7.6810      2.570      3.729    16.2675 0.0000e+00
      2.621      0.019     9.0591     92.219     35.821  29.555458    12.0907      9.608   217.6091 5.7937e+00     7.6392      2.571      3.728    16.2712 0.0000e+00
      2.624      0.024     9.0382     92.144     35.837  29.568136    11.2474      9.605   217.9507 5.7347e+00     7.7682      2.572      3.729    16.2650 0.0000e+00
      2.632      0.029     9.0286     91.859     35.839  29.569308    10.8080      9.603   218.3740 5.6313e+00     7.9426      2.580      3.742    16.2577 0.0000e+00
      2.643      0.033     9.0433     91.362     35.844  29.569623    10.6487      9.600   218.6835 5.5052e+00     7.9713      2.591      3.758    16.2501 0.0000e+00
      2.656      0.036     9.0616     90.678     35.861  29.571940     9.2714      9.596   219.0258 5.3980e+00     7.9446      2.605      3.779    16.2506 0.0000e+00
      2.666      0.036     9.0515     89.806     35.912  29.597315     6.8058      9.594   219.3292 5.3277e+00     8.0631      2.616      3.794    16.2523 0.0000e+00
      2.675      0.034     9.0273     88.761     35.965  29.622682     5.4898      9.591   219.6840 5.2534e+00     8.2088      2.622      3.803    16.2470 0.0000e+00
      2.682      0.031     8.9742     87.579     35.991  29.624906     5.3792      9.586   220.0470 5.2096e+00     8.2726      2.631      3.815    16.2507 0.0000e+00
      2.688      0.029     8.9124     86.326     36.010  29.624174     5.3271      9.581   220.1897 5.1457e+00     8.2541      2.634      3.820    16.2303 0.0000e+00
      2.696      0.029     8.8325     85.216     36.017  29.613819     5.0512      9.577   220.3775 5.0339e+00     8.2924      2.644      3.835    16.2018 0.0000e+00
      2.704      0.030     8.7286     84.220     36.054  29.626543     4.5984      9.574   220.7684 4.9682e+00     8.5301      2.654      3.849    16.1832 0.0000e+00
      2.709      0.030     8.6239     83.057     36.102  29.651142     4.3719      9.571   220.9586 4.8827e+00     8.7367      2.654      3.850    16.1483 0.0000e+00
      2.717      0.028     8.4872     81.543     36.124  29.657492     4.3510      9.567   220.9570 4.7385e+00     8.7414      2.662      3.861    16.1293 0.0000e+00
      2.728      0.026     8.3834     79.670     36.192  29.703314     4.3635      9.562   221.0929 4.6324e+00     8.6202      2.677      3.883    16.1089 0.0000e+00
      2.736      0.025     8.3071     77.679     36.277  29.761130     4.4142      9.557   221.3972 4.6082e+00     8.5016      2.685      3.894    16.0799 0.0000e+00
      2.739      0.025     8.1977     75.775     36.329  29.785640     4.4644      9.552   221.7109 4.6219e+00     8.5371      2.687      3.897    16.0602 0.0000e+00
      2.742      0.025     8.0566     73.901     36.382  29.809349     4.5046      9.547   221.8744 4.6024e+00     8.6736      2.688      3.898    16.0455 0.0000e+00
      2.747      0.025     7.8610     71.998     36.458  29.857478     4.5591      9.543   221.9975 4.5184e+00     8.7519      2.691      3.903    16.0314 0.0000e+00
      2.757      0.028     7.6562     70.104     36.556  29.923514     4.6495      9.539   222.2527 4.4277e+00     8.8345      2.705      3.923    16.0199 0.0000e+00
      2.765      0.031     7.4792     68.229     36.641  29.973451     4.7062      9.534   222.5507 4.3814e+00     8.9208      2.714      3.936    15.9935 0.0000e+00
      2.770      0.032     7.3034     66.604     36.720  30.017206     4.6958      9.531   222.6757 4.2974e+00     8.9412      2.715      3.937    15.9579 0.0000e+00
      2.780      0.030     7.1112     65.593     36.813  30.071931     4.5737      9.527   222.7314 4.1688e+00     9.0476      2.724      3.951    15.9444 0.0000e+00
      2.792      0.025     6.9311     65.185     36.909  30.127646     4.3454      9.522   222.7939 4.0920e+00     9.2166      2.741      3.976    15.9288 0.0000e+00
      2.800      0.021     6.7441     65.160     37.007  30.183357     4.2149      9.518   222.8298 4.0664e+00     9.3106      2.749      3.987    15.8978 0.0000e+00
      2.803      0.017     6.5638     65.336     37.101  30.238032     4.1954      9.514   222.9069 4.0482e+00     9.3985      2.748      3.986    15.8674 0.0000e+00
      2.804      0.012     6.4737     65.496     37.177  30.281227     4.0094      9.509   222.9514 4.0276e+00     9.6299      2.750      3.989    15.8431 0.0000e+00
      2.805      0.009     6.4478     65.504     37.252  30.325002     3.6461      9.504   223.0235 4.0140e+00     9.9561      2.751      3.990    15.8102 0.0000e+00
      2.806      0.009     6.4531     65.379     37.349  30.386686     3.4488      9.500   223.2625 3.9915e+00    10.1325      2.751      3.990    15.7747 0.0000e+00
      2.809      0.009     6.4846     65.090     37.457  30.456118     3.4386      9.497   223.5180 3.9489e+00    10.2248      2.755      3.996    15.7465 0.0000e+00
      2.813      0.009     6.5102     64.556     37.569  30.530138     3.4315      9.493   223.6177 3.9145e+00    10.2858      2.760      4.001    15.7218 0.0000e+00
      2.816      0.008     6.5090     63.721     37.656  30.583868     3.3121      9.488   223.6073 3.8954e+00    10.2218      2.762      4.005    15.6996 0.0000e+00
      2.819      0.005     6.5025     62.544     37.695  30.598256     3.0856      9.484   223.6517 3.8812e+00    10.1681      2.764      4.009    15.6760 0.0000e+00
      2.820      0.002     6.4810     61.055     37.684  30.577217     2.9648      9.480   223.8100 3.8867e+00    10.1835      2.767      4.013    15.6500 0.0000e+00
      2.820      0.000     6.4315     59.324     37.619  30.519779     2.9844      9.476   223.9718 3.9152e+00    10.2370      2.765      4.012    15.6286 0.0000e+00
      2.817      0.000     6.3547     57.356     37.563  30.474682     3.1224      9.471   224.1456 3.9486e+00    10.2688      2.762      4.006    15.6067 0.0000e+00
      2.815      0.001     6.2389     55.092     37.560  30.475988     3.3351      9.466   224.3626 3.9551e+00    10.1575      2.760      4.003    15.5811 0.0000e+00
      2.815      0.003     6.0900     52.557     37.550  30.472145     3.4343      9.463   224.5303 3.9157e+00     9.9843      2.759      4.002    15.5638 0.0000e+00
      2.818      0.006     5.9167     49.860     37.488  30.428215     3.4553      9.461   224.5396 3.8643e+00     9.9507      2.764      4.008    15.5583 0.0000e+00
      2.822      0.008     5.7255     47.115     37.430  30.388878     3.5564      9.458   224.4750 3.8388e+00     9.9907      2.768      4.014    15.5611 0.0000e+00
      2.825      0.008     5.4980     44.508     37.407  30.377144     3.7078      9.453   224.5225 3.8309e+00     9.9562      2.770      4.019    15.5655 0.0000e+00
      2.827      0.006     5.2393     42.245     37.369  30.349780     3.7703      9.448   224.5987 3.8202e+00     9.8743      2.772      4.021    15.5709 0.0000e+00
      2.828      0.003     4.9679     40.387     37.322  30.311756     3.7552      9.443   224.7072 3.8062e+00     9.7868      2.772      4.020    15.5799 0.0000e+00
      2.829      0.001     4.6866     38.882     37.308  30.298004     3.8242      9.439   224.9747 3.8073e+00     9.7863      2.774      4.022    15.5914 0.0000e+00
      2.829      0.000     4.4158     37.618     37.328  30.310365     3.9730      9.435   225.2514 3.8278e+00     9.8337      2.775      4.024    15.6013 0.0000e+00
      2.827      0.002     4.1898     36.425     37.358  30.334346     4.0551      9.431   225.4719 3.8444e+00     9.8473      2.773      4.022    15.6064 0.0000e+00
      2.824      0.006     4.0070     35.157     37.356  30.334230     4.0516      9.429   225.7479 3.8538e+00     9.8828      2.770      4.018    15.6070 0.0000e+00
      2.823      0.011     3.8606     33.754     37.323  30.308951     3.9640      9.427   225.9208 3.8334e+00    10.0242      2.768      4.014    15.6028 0.0000e+00
      2.828      0.015     3.7428     32.249     37.287  30.282437     3.8366      9.423   225.9272 3.7519e+00    10.2588      2.771      4.019    15.5949 0.0000e+00
      2.837      0.017     3.6296     30.758     37.265  30.267389     3.7850      9.419   225.9980 3.6614e+00    10.3287      2.783      4.037    15.5947 0.0000e+00
      2.845      0.017     3.5049     29.451     37.249  30.253880     3.7644      9.415   226.1735 3.6191e+00    10.2540      2.792      4.050    15.5986 0.0000e+00
      2.850      0.016     3.3642     28.480     37.245  30.245973     3.7206      9.412   226.3292 3.5995e+00    10.2096      2.795      4.055    15.5988 0.0000e+00
      2.853      0.016     3.2098     27.884     37.317  30.298640     3.5969      9.409   226.4182 3.5924e+00    10.1678      2.799      4.060    15.6026 0.0000e+00
      2.853      0.018     3.0548     27.641     37.429  30.383190     3.3998      9.405   226.5609 3.6020e+00    10.1583      2.798      4.058    15.6085 0.0000e+00
      2.853      0.023     2.9181     27.713     37.514  30.443622     3.3016      9.401   226.7639 3.5703e+00    10.1287      2.795      4.054    15.6091 0.0000e+00
      2.858      0.027     2.8211     27.925     37.624  30.521834     3.2836      9.397   226.8937 3.4598e+00    10.0494      2.799      4.060    15.6024 0.0000e+00
      2.871      0.031     2.7646     28.041     37.943  30.757930     3.2158      9.394   227.0123 3.3059e+00    10.0535      2.813      4.080    15.5918 0.0000e+00
      2.886      0.032     2.7393     27.969     38.551  31.204852     3.1227      9.390   227.1653 3.1906e+00    10.1442      2.832      4.108    15.5858 0.0000e+00
      2.896      0.032     2.7542     27.732     39.211  31.675272     3.0816      9.386   227.2812 3.1469e+00    10.1889      2.843      4.123    15.5742 0.0000e+00
      2.901      0.028     2.7872     27.342     39.703  32.005068     3.0848      9.382   227.3809 3.1128e+00    10.1494      2.845      4.127    15.5600 0.0000e+00
      2.906      0.023     2.8024     26.844     40.038  32.210708     3.0876      9.379   227.5105 3.0704e+00    10.0767      2.850      4.133    15.5420 0.0000e+00
      2.910      0.020     2.7957     26.333     40.324  32.385277     3.0991      9.376   227.7300 3.0511e+00    10.0278      2.854      4.140    15.4790 0.0000e+00
      2.913      0.020     2.7789     25.888     40.643  32.593142     3.1235      9.372   228.0553 3.0266e+00    10.0368      2.856      4.142    15.3875 0.0000e+00
      2.918      0.020     2.7435     25.523     40.980  32.820707     3.1164      9.368   228.2594 2.9739e+00    10.0144      2.860      4.147    15.3002 0.0000e+00
      2.925      0.020     2.6940     25.214     41.225  32.979689     3.0210      9.364   228.2194 2.9092e+00     9.7219      2.869      4.161    15.2186 0.0000e+00
      2.933      0.019     2.6437     24.943     41.357  33.056178     2.8865      9.359   228.1734 2.8475e+00     9.2673      2.875      4.171    15.1495 0.0000e+00
      2.938      0.016     2.6017     24.688     41.456  33.111070     2.8295      9.354   228.3055 2.8123e+00     9.0951      2.882      4.179    15.0918 0.0000e+00
      2.941      0.013     2.5698     24.431     41.513  33.135812     2.8398      9.350   228.5266 2.8063e+00     9.1767      2.886      4.185    15.0398 0.0000e+00
      2.942      0.011     2.5409     24.142     41.493  33.101535     2.8692      9.346   228.6970 2.8071e+00     9.1956      2.885      4.184    14.9920 0.0000e+00
      2.943      0.009     2.5171     23.752     41.320  32.950388     2.9020      9.341   228.8163 2.7979e+00     9.1529      2.886      4.185    14.9579 0.0000e+00
      2.944      0.008     2.4928     23.190     40.947  32.640570     2.9121      9.336   228.8503 2.7743e+00     9.1385      2.887      4.187    14.9314 0.0000e+00
      2.947      0.008     2.4690     22.422     40.509  32.273845     2.9250      9.330   228.8493 2.7477e+00     9.1250      2.890      4.191    14.9061 0.0000e+00
      2.951      0.009     2.4436     21.405     40.281  32.068997     2.9490      9.325   228.9769 2.7370e+00     9.1251      2.894      4.197    14.8825 0.0000e+00
      2.954      0.012     2.4088     20.130     40.306  32.066932     3.0364      9.321   229.1025 2.7366e+00     9.1745      2.897      4.203    14.8661 0.0000e+00
      2.954      0.018     2.3520     18.656     40.316  32.058541     3.2079      9.316   229.2490 2.7222e+00     9.2776      2.898      4.202    14.8583 0.0000e+00
      2.955      0.024     2.2777     17.064     40.217  31.967531     3.3239      9.310   229.5436 2.6842e+00     9.3807      2.896      4.200    14.8355 0.0000e+00
      2.961      0.031     2.1779     15.444     40.088  31.854669     3.3737      9.304   229.8254 2.6149e+00     9.4656      2.900      4.208    14.8011 0.0000e+00
      2.974      0.037     2.0461     13.918     39.919  31.708946     3.4775      9.298   229.9899 2.5206e+00     9.5866      2.915      4.228    14.7729 0.0000e+00
      2.988      0.040     1.8955     12.619     39.721  31.537787     3.6140      9.291   230.0692 2.4336e+00     9.7166      2.931      4.252    14.7541 0.0000e+00
      3.001      0.040     1.7314     11.628     39.607  31.434567     3.6755      9.286   230.1818 2.3640e+00     9.7731      2.943      4.268    14.7386 0.0000e+00
      3.012      0.035     1.5636     10.948     39.594  31.412480     3.6877      9.280   230.3190 2.3128e+00     9.8255      2.955      4.286    14.7281 0.0000e+00
      3.021      0.026     1.4033     10.558     39.594  31.397598     3.6703      9.274   230.4384 2.2875e+00     9.9748      2.965      4.301    14.7167 0.0000e+00
      3.025      0.018     1.2691     10.363     39.589  31.381480     3.6146      9.269   230.5927 2.2780e+00    10.1095      2.967      4.303    14.6925 0.0000e+00
      3.027      0.012     1.1701     10.210     39.548  31.344465     3.5804      9.264   230.7209 2.2755e+00    10.1561      2.969      4.306    14.6788 0.0000e+00
      3.028      0.010     1.1006     10.025     39.456  31.267232     3.5651      9.257   230.7841 2.2743e+00    10.1963      2.971      4.308    14.6677 0.0000e+00
      3.028      0.011     1.0649      9.825     39.396  31.208894     3.5789      9.250   230.9266 2.2585e+00    10.2199      2.969      4.306    14.6441 0.0000e+00
      3.028      0.014     1.0533      9.640     39.418  31.210026     3.6147      9.244   231.1533 2.2313e+00    10.1345      2.969      4.306    14.6269 0.0000e+00
      3.031      0.019     1.0395      9.462     39.529  31.280901     3.6151      9.239   231.3748 2.2047e+00    10.0175      2.973      4.310    14.6244 0.0000e+00
