Data/DataNotYetUploadedToEDI/Raw_CTD/RawDownloads/052625_fcr20_S7809008.cnv
* Sea-Bird SBE19plus  Data File:
* FileName = C:\R\Reservoirs\Data\DataNotYetUploadedToEDI\Raw_CTD\RawDownloads\051925_fcr50_S7809_0008.hex
* Software version 2.8.0.119
* Temperature SN = 7809
* Conductivity SN = 7809
* System UpLoad Time = May 27 2025 14:05:44
* <ApplicationData>
* <Seaterm232>
# nquan = 15
# nvalues = 2532                        
# units = specified
# name 0 = depFM: Depth [fresh water, m]
# name 1 = dz/dtM: Descent Rate [m/s]
# name 2 = sbeox0Mg/L: Oxygen, SBE 43 [mg/l]
# name 3 = sbeox0PS: Oxygen, SBE 43 [% saturation]
# name 4 = specc: Specific Conductance [uS/cm]
# name 5 = c0uS/cm: Conductivity [uS/cm]
# name 6 = flECO-AFL: Fluorescence, WET Labs ECO-AFL/FL [mg/m^3]
# name 7 = ph: pH
# name 8 = orp: Oxidation Reduction Potential [mV]
# name 9 = par/sat/log: PAR/Logarithmic, Satlantic
# name 10 = turbWETntu0: Turbidity, WET Labs ECO [NTU]
# name 11 = prdM: Pressure, Strain Gauge [db]
# name 12 = prdE: Pressure, Strain Gauge [psi]
# name 13 = tv290C: Temperature [ITS-90, deg C]
# name 14 = flag:  0.000e+00
# span 0 =     -0.587,      3.541       
# span 1 =     -0.252,      0.107       
# span 2 =     0.0297,     9.9212       
# span 3 =      0.305,    104.719       
# span 4 =      1.331,     98.731       
# span 5 =   1.124299,  75.298734       
# span 6 =    -0.0843,    37.2655       
# span 7 =      7.833,     10.664       
# span 8 =  -108.0840,   233.4957       
# span 9 = 4.7534e-01, 3.5075e+02       
# span 10 =    -0.1919,   268.2193      
# span 11 =     -0.576,      3.473      
# span 12 =     -0.835,      5.037      
# span 13 =    13.1296,    19.3483      
# span 14 = 0.0000e+00, 0.0000e+00      
# interval = seconds: 0.25
# start_time = May 26 2025 12:33:03 [Instrument's time stamp, header]
# bad_flag = -9.990e-29
*END*
[from data line 290]
      0.219      0.007     5.8774     63.311     30.508  26.878636     5.8058     10.461   111.1441 1.2896e+02     5.2768      0.214      0.311    19.0453 0.0000e+00
      0.223      0.007     5.8767     63.236     30.534  26.901488     5.7930     10.462   111.1071 1.2821e+02     5.2893      0.218      0.317    19.0461 0.0000e+00
      0.225      0.006     5.8748     63.157     30.536  26.901940     5.7963     10.463   111.2287 1.2776e+02     5.3566      0.221      0.320    19.0460 0.0000e+00
      0.225      0.003     5.8699     63.098     30.516  26.884098     5.8041     10.464   111.4093 1.2755e+02     5.4419      0.221      0.320    19.0462 0.0000e+00
      0.224      0.000     5.8689     63.023     30.507  26.876026     5.7873     10.465   111.4847 1.2722e+02     5.4314      0.220      0.319    19.0469 0.0000e+00
      0.224     -0.002     5.8598     62.915     30.498  26.867764     5.7523     10.467   111.4518 1.2682e+02     5.3329      0.220      0.319    19.0466 0.0000e+00
      0.223     -0.003     5.8508     62.818     30.475  26.847628     5.7133     10.467   111.4417 1.2656e+02     5.2755      0.218      0.317    19.0456 0.0000e+00
      0.222     -0.003     5.8481     62.744     30.448  26.822826     5.7152     10.467   111.6211 1.2660e+02     5.3528      0.218      0.316    19.0450 0.0000e+00
      0.221     -0.002     5.8420     62.660     30.448  26.821567     5.7492     10.467   111.9000 1.2704e+02     5.3795      0.217      0.314    19.0446 0.0000e+00
      0.221     -0.002     5.8297     62.555     30.461  26.832407     5.7592     10.468   112.1466 1.2764e+02     5.2912      0.216      0.313    19.0440 0.0000e+00
      0.221     -0.001     5.8199     62.445     30.455  26.827052     5.7603     10.468   112.3657 1.2826e+02     5.2410      0.217      0.314    19.0432 0.0000e+00
      0.221      0.000     5.8156     62.349     30.448  26.820238     5.7881     10.468   112.4840 1.2870e+02     5.2171      0.216      0.314    19.0421 0.0000e+00
      0.221      0.000     5.8078     62.281     30.441  26.813442     5.8376     10.469   112.5450 1.2881e+02     5.2066      0.216      0.313    19.0408 0.0000e+00
      0.221     -0.001     5.7977     62.215     30.436  26.808305     5.8508     10.470   112.5007 1.2883e+02     5.1830      0.216      0.314    19.0394 0.0000e+00
      0.221     -0.003     5.7870     62.109     30.451  26.821545     5.8235     10.472   112.3787 1.2913e+02     5.1021      0.217      0.314    19.0387 0.0000e+00
      0.220     -0.004     5.7773     61.988     30.480  26.846685     5.7814     10.472   112.3599 1.3001e+02     5.1507      0.216      0.313    19.0384 0.0000e+00
      0.219     -0.005     5.7715     61.896     30.494  26.858584     5.7245     10.473   112.3590 1.3160e+02     5.3603      0.215      0.312    19.0376 0.0000e+00
      0.217     -0.008     5.7690     61.839     30.469  26.838571     5.6933     10.474   112.3681 1.3350e+02     5.4844      0.213      0.308    19.0364 0.0000e+00
      0.214     -0.010     5.7572     61.813     30.418  26.794971     5.6797     10.475   112.4709 1.3444e+02     5.4554      0.210      0.304    19.0352 0.0000e+00
      0.213     -0.012     5.7438     61.822     30.394  26.775367     5.6674     10.476   112.6547 1.3515e+02     5.3518      0.209      0.303    19.0340 0.0000e+00
      0.210     -0.013     5.7362     61.862     30.411  26.791811     5.7030     10.477   112.6981 1.3754e+02     5.3245      0.207      0.300    19.0341 0.0000e+00
      0.205     -0.014     5.7303     61.928     30.422  26.803538     5.7687     10.477   112.5655 1.4034e+02     5.3988      0.199      0.289    19.0372 0.0000e+00
      0.200     -0.015     5.7274     62.014     30.406  26.790314     5.7958     10.477   112.6856 1.4239e+02     5.3966      0.195      0.283    19.0404 0.0000e+00
      0.196     -0.015     5.7283     62.100     30.370  26.758764     5.7810     10.478   113.1181 1.4406e+02     5.2974      0.193      0.280    19.0426 0.0000e+00
      0.193     -0.014     5.7317     62.144     30.348  26.739181     5.7237     10.480   113.4924 1.4493e+02     5.2247      0.190      0.275    19.0457 0.0000e+00
      0.190     -0.011     5.7374     62.121     30.353  26.743802     5.6518     10.480   113.5984 1.4502e+02     5.2687      0.185      0.269    19.0488 0.0000e+00
      0.186     -0.009     5.7458     62.062     30.361  26.751216     5.6271     10.481   113.4527 1.4464e+02     5.3508      0.182      0.264    19.0501 0.0000e+00
      0.183     -0.006     5.7553     61.964     30.378  26.765401     5.6169     10.482   113.1942 1.4378e+02     5.3300      0.179      0.260    19.0500 0.0000e+00
      0.182     -0.003     5.7617     61.827     30.404  26.788470     5.6366     10.483   113.1395 1.4271e+02     5.3244      0.178      0.258    19.0497 0.0000e+00
      0.183     -0.001     5.7560     61.687     30.389  26.776458     5.7152     10.484   113.4793 1.4202e+02     5.4202      0.179      0.259    19.0504 0.0000e+00
      0.184      0.001     5.7519     61.546     30.356  26.747002     5.7685     10.484   113.9482 1.4200e+02     5.4969      0.180      0.261    19.0511 0.0000e+00
      0.185      0.001     5.7436     61.403     30.360  26.749431     5.7730     10.485   114.2485 1.4270e+02     5.5003      0.182      0.263    19.0500 0.0000e+00
      0.185      0.001     5.7279     61.255     30.353  26.742408     5.7447     10.486   114.2704 1.4357e+02     5.4270      0.182      0.263    19.0499 0.0000e+00
      0.185      0.000     5.7162     61.105     30.335  26.725504     5.7017     10.486   114.2989 1.4390e+02     5.3966      0.182      0.263    19.0511 0.0000e+00
      0.184      0.000     5.7026     60.982     30.347  26.735305     5.6942     10.487   114.5084 1.4429e+02     5.4741      0.181      0.262    19.0509 0.0000e+00
      0.183      0.001     5.6894     60.861     30.347  26.734066     5.6957     10.487   114.5664 1.4463e+02     5.4762      0.179      0.260    19.0493 0.0000e+00
      0.183      0.002     5.6769     60.690     30.321  26.710521     5.6696     10.487   114.5691 1.4418e+02     5.3532      0.180      0.260    19.0475 0.0000e+00
      0.184      0.002     5.6608     60.507     30.315  26.704315     5.6445     10.488   114.7136 1.4329e+02     5.2514      0.181      0.262    19.0461 0.0000e+00
      0.185      0.002     5.6500     60.355     30.336  26.722452     5.6514     10.489   114.8501 1.4244e+02     5.2703      0.182      0.264    19.0447 0.0000e+00
      0.187      0.002     5.6437     60.237     30.355  26.739549     5.6863     10.490   114.9296 1.4158e+02     5.3761      0.184      0.266    19.0431 0.0000e+00
      0.188      0.001     5.6242     60.147     30.334  26.720769     5.6988     10.490   114.9859 1.4064e+02     5.4036      0.185      0.269    19.0417 0.0000e+00
      0.187     -0.002     5.6064     60.064     30.294  26.685646     5.6947     10.491   115.1003 1.4057e+02     5.3301      0.185      0.267    19.0404 0.0000e+00
      0.186     -0.004     5.5925     59.997     30.305  26.695409     5.7372     10.491   115.1944 1.4137e+02     5.3415      0.183      0.264    19.0404 0.0000e+00
      0.185     -0.006     5.5812     59.948     30.325  26.711977     5.7969     10.491   115.1778 1.4231e+02     5.4384      0.182      0.263    19.0412 0.0000e+00
      0.184     -0.006     5.5745     59.898     30.307  26.695700     5.8171     10.491   115.1578 1.4321e+02     5.4769      0.181      0.262    19.0409 0.0000e+00
      0.181     -0.005     5.5658     59.841     30.299  26.688866     5.8067     10.491   115.2102 1.4378e+02     5.4312      0.177      0.257    19.0402 0.0000e+00
      0.179     -0.005     5.5595     59.794     30.304  26.692773     5.7880     10.492   115.3808 1.4416e+02     5.3647      0.175      0.254    19.0395 0.0000e+00
      0.178     -0.004     5.5563     59.762     30.289  26.679513     5.7821     10.493   115.5868 1.4435e+02     5.3901      0.175      0.253    19.0383 0.0000e+00
      0.178     -0.003     5.5519     59.726     30.263  26.655393     5.7930     10.495   115.7213 1.4399e+02     5.4647      0.175      0.254    19.0376 0.0000e+00
      0.177     -0.001     5.5457     59.662     30.263  26.654815     5.7698     10.495   115.8023 1.4369e+02     5.3785      0.175      0.253    19.0379 0.0000e+00
      0.176      0.001     5.5411     59.575     30.283  26.672522     5.7013     10.494   115.8778 1.4368e+02     5.1677      0.173      0.251    19.0378 0.0000e+00
      0.176      0.002     5.5389     59.489     30.291  26.679221     5.6555     10.494   116.0323 1.4298e+02     5.0336      0.172      0.250    19.0366 0.0000e+00
      0.178      0.003     5.5369     59.420     30.283  26.672396     5.6575     10.494   116.2078 1.4195e+02     5.0550      0.174      0.252    19.0353 0.0000e+00
      0.180      0.005     5.5309     59.360     30.262  26.653416     5.6838     10.495   116.2787 1.4155e+02     5.1876      0.177      0.257    19.0346 0.0000e+00
      0.182      0.006     5.5219     59.304     30.248  26.640005     5.7068     10.496   116.2874 1.4170e+02     5.2361      0.179      0.259    19.0343 0.0000e+00
      0.183      0.006     5.5129     59.249     30.245  26.637085     5.7188     10.497   116.3134 1.4196e+02     5.2325      0.179      0.259    19.0341 0.0000e+00
      0.184      0.005     5.5077     59.194     30.224  26.618106     5.7381     10.498   116.4204 1.4212e+02     5.3145      0.181      0.261    19.0336 0.0000e+00
      0.186      0.005     5.5019     59.136     30.204  26.600799     5.7567     10.498   116.5493 1.4202e+02     5.3732      0.183      0.264    19.0329 0.0000e+00
      0.187      0.005     5.4972     59.093     30.224  26.618095     5.7532     10.499   116.6669 1.4148e+02     5.3616      0.183      0.266    19.0319 0.0000e+00
      0.188      0.006     5.4918     59.071     30.246  26.636963     5.7292     10.500   116.8097 1.4082e+02     5.3103      0.184      0.268    19.0310 0.0000e+00
      0.189      0.006     5.4874     59.060     30.248  26.638663     5.7077     10.500   116.8997 1.4039e+02     5.3000      0.185      0.269    19.0308 0.0000e+00
      0.190      0.005     5.4808     59.056     30.248  26.638653     5.7174     10.501   116.8947 1.4008e+02     5.3740      0.186      0.271    19.0305 0.0000e+00
      0.193      0.004     5.4768     59.056     30.246  26.636847     5.7469     10.501   116.8352 1.3972e+02     5.3846      0.189      0.274    19.0299 0.0000e+00
      0.195      0.002     5.4757     59.064     30.223  26.616821     5.7649     10.501   116.8685 1.3937e+02     5.2918      0.191      0.277    19.0295 0.0000e+00
      0.195      0.001     5.4742     59.069     30.189  26.586789     5.7674     10.501   117.0394 1.3915e+02     5.2421      0.192      0.278    19.0290 0.0000e+00
      0.194      0.000     5.4748     59.050     30.194  26.590839     5.7689     10.500   117.1800 1.3922e+02     5.2971      0.191      0.276    19.0292 0.0000e+00
      0.193 2.0647e-08     5.4736     59.009     30.208  26.602355     5.7841     10.500   117.2788 1.3941e+02     5.4094      0.189      0.274    19.0296 0.0000e+00
      0.193 2.2712e-07     5.4750     58.968     30.204  26.599196     5.7927     10.501   117.4593 1.3974e+02     5.4393      0.188      0.272    19.0298 0.0000e+00
      0.193 2.2742e-07     5.4764     58.936     30.223  26.616061     5.7814     10.502   117.6413 1.4025e+02     5.3168      0.189      0.273    19.0297 0.0000e+00
      0.194 2.4339e-08     5.4750     58.910     30.223  26.616008     5.7813     10.503   117.7590 1.4045e+02     5.2951      0.190      0.276    19.0291 0.0000e+00
      0.195 4.2520e-08     5.4697     58.874     30.203  26.598549     5.7988     10.504   117.8505 1.4030e+02     5.4160      0.191      0.277    19.0287 0.0000e+00
      0.195 4.4725e-07     5.4662     58.837     30.199  26.595238     5.8103     10.504   117.8869 1.3996e+02     5.4452      0.191      0.277    19.0282 0.0000e+00
      0.194      0.000     5.4626     58.809     30.177  26.575964     5.8033     10.504   117.9409 1.3955e+02     5.3754      0.191      0.276    19.0282 0.0000e+00
      0.193      0.000     5.4615     58.784     30.153  26.555780     5.7894     10.504   118.0731 1.3919e+02     5.2557      0.189      0.274    19.0287 0.0000e+00
      0.193      0.001     5.4578     58.779     30.137  26.541464     5.7923     10.505   118.1942 1.3894e+02     5.2276      0.188      0.272    19.0293 0.0000e+00
      0.193      0.002     5.4531     58.784     30.123  26.529714     5.8056     10.505   118.2875 1.3908e+02     5.3088      0.189      0.273    19.0291 0.0000e+00
      0.194      0.002     5.4525     58.781     30.135  26.540554     5.8003     10.505   118.3405 1.3920e+02     5.3150      0.190      0.276    19.0288 0.0000e+00
      0.195      0.002     5.4478     58.797     30.140  26.545689     5.7776     10.506   118.3189 1.3899e+02     5.2689      0.192      0.278    19.0295 0.0000e+00
      0.196      0.003     5.4478     58.807     30.120  26.528374     5.7649     10.506   118.2843 1.3895e+02     5.3657      0.193      0.280    19.0305 0.0000e+00
      0.196      0.004     5.4506     58.784     30.112  26.521454     5.7791     10.507   118.2659 1.3923e+02     5.5978      0.193      0.280    19.0318 0.0000e+00
      0.196      0.006     5.4463     58.759     30.116  26.525448     5.7993     10.507   118.2687 1.3956e+02     5.6834      0.192      0.277    19.0326 0.0000e+00
      0.196      0.006     5.4503     58.740     30.101  26.513245     5.7928     10.507   118.3182 1.3926e+02     5.5804      0.191      0.278    19.0331 0.0000e+00
      0.200      0.005     5.4532     58.728     30.087  26.500760     5.7763     10.507   118.4340 1.3818e+02     5.5136      0.196      0.284    19.0338 0.0000e+00
      0.205      0.004     5.4475     58.738     30.087  26.501326     5.7577     10.508   118.5500 1.3731e+02     5.4914      0.202      0.292    19.0338 0.0000e+00
      0.207      0.001     5.4466     58.766     30.108  26.520091     5.7265     10.509   118.6025 1.3718e+02     5.4143      0.205      0.296    19.0342 0.0000e+00
      0.206     -0.001     5.4439     58.779     30.127  26.537378     5.7065     10.509   118.7243 1.3724e+02     5.3332      0.203      0.294    19.0356 0.0000e+00
      0.202     -0.001     5.4425     58.774     30.108  26.520080     5.6988     10.510   118.9041 1.3688e+02     5.2631      0.199      0.288    19.0365 0.0000e+00
      0.198      0.000     5.4427     58.774     30.087  26.501210     5.7161     10.510   118.9701 1.3613e+02     5.2834      0.194      0.282    19.0368 0.0000e+00
      0.197      0.003     5.4475     58.771     30.085  26.499489     5.7663     10.510   119.0065 1.3565e+02     5.4077      0.192      0.278    19.0372 0.0000e+00
      0.199      0.008     5.4490     58.754     30.085  26.499271     5.7888     10.510   119.0857 1.3576e+02     5.4335      0.195      0.282    19.0373 0.0000e+00
      0.204      0.012     5.4462     58.720     30.084  26.498571     5.7725     10.510   119.1529 1.3604e+02     5.3224      0.201      0.291    19.0371 0.0000e+00
      0.209      0.014     5.4480     58.677     30.075  26.491023     5.7449     10.510   119.2179 1.3554e+02     5.2948      0.206      0.298    19.0369 0.0000e+00
      0.214      0.014     5.4471     58.622     30.053  26.471430     5.7287     10.510   119.2685 1.3363e+02     5.4743      0.211      0.305    19.0370 0.0000e+00
      0.219      0.013     5.4464     58.551     30.030  26.451932     5.7437     10.510   119.3342 1.3093e+02     5.6490      0.216      0.312    19.0369 0.0000e+00
      0.222      0.010     5.4425     58.491     30.022  26.445542     5.7516     10.510   119.4964 1.2836e+02     5.6305      0.218      0.316    19.0367 0.0000e+00
