Data/DataNotYetUploadedToEDI/Raw_CTD/RawDownloads/052625_fcr40_S7809010.cnv
* Sea-Bird SBE19plus  Data File:
* FileName = C:\R\Reservoirs\Data\DataNotYetUploadedToEDI\Raw_CTD\RawDownloads\051925_fcr50_S7809_0010.hex
* Software version 2.8.0.119
* Temperature SN = 7809
* Conductivity SN = 7809
* System UpLoad Time = May 27 2025 14:07:24
* <ApplicationData>
* <Seaterm232>
# nquan = 15
# nvalues = 2144                        
# units = specified
# name 0 = depFM: Depth [fresh water, m]
# name 1 = dz/dtM: Descent Rate [m/s]
# name 2 = sbeox0Mg/L: Oxygen, SBE 43 [mg/l]
# name 3 = sbeox0PS: Oxygen, SBE 43 [% saturation]
# name 4 = specc: Specific Conductance [uS/cm]
# name 5 = c0uS/cm: Conductivity [uS/cm]
# name 6 = flECO-AFL: Fluorescence, WET Labs ECO-AFL/FL [mg/m^3]
# name 7 = ph: pH
# name 8 = orp: Oxidation Reduction Potential [mV]
# name 9 = par/sat/log: PAR/Logarithmic, Satlantic
# name 10 = turbWETntu0: Turbidity, WET Labs ECO [NTU]
# name 11 = prdM: Pressure, Strain Gauge [db]
# name 12 = prdE: Pressure, Strain Gauge [psi]
# name 13 = tv290C: Temperature [ITS-90, deg C]
# name 14 = flag:  0.000e+00
# span 0 =     -0.578,      5.981       
# span 1 =     -0.399,      0.146       
# span 2 =     2.0776,    11.6841       
# span 3 =     19.465,    126.793       
# span 4 =      1.115,     38.442       
# span 5 =   0.913664,  29.097722       
# span 6 =    -0.1291,    31.3819       
# span 7 =      7.698,     10.607       
# span 8 =   112.0514,   298.2183       
# span 9 = 1.2365e-01, 3.6354e+02       
# span 10 =     1.3051,   482.8385      
# span 11 =     -0.567,      5.866      
# span 12 =     -0.822,      8.508      
# span 13 =    10.1387,    19.6386      
# span 14 = 0.0000e+00, 0.0000e+00      
# interval = seconds: 0.25
# start_time = May 26 2025 13:02:13 [Instrument's time stamp, header]
# bad_flag = -9.990e-29
*END*
[from data line 2025]
      1.794     -0.052     8.4529     80.111     33.971  28.076765    15.1079      8.015   282.9795 1.6492e+01     4.5988      1.763      2.557    16.5422 0.0000e+00
      1.782     -0.073     8.3828     77.527     33.911  28.096091    14.0766      8.020   281.4729 1.6944e+01     4.6500      1.754      2.543    16.4801 0.0000e+00
      1.754     -0.087     8.2717     75.282     33.832  28.105320    13.5254      8.025   280.5438 1.7675e+01     4.7170      1.724      2.501    16.3454 0.0000e+00
      1.715     -0.092     8.1104     74.190     33.795  28.125022    13.4873      8.031   280.7802 1.8430e+01     4.7263      1.682      2.440    16.2489 0.0000e+00
      1.678     -0.091     7.8711     74.647     33.794  28.144090    13.4243      8.039   281.1469 1.8997e+01     4.7275      1.641      2.380    16.2896 0.0000e+00
      1.653     -0.085     7.5743     76.360     33.804  28.145611    13.3044      8.049   281.1069 1.9271e+01     4.8000      1.615      2.344    16.4258 0.0000e+00
      1.643     -0.079     7.3020     78.822     33.813  28.143411    13.2611      8.060   280.7256 1.9399e+01     4.9209      1.610      2.336    16.5476 0.0000e+00
      1.638     -0.077     7.1656     81.529     33.774  28.117471    13.2503      8.071   279.9787 1.9653e+01     4.9244      1.610      2.334    16.6217 0.0000e+00
      1.625     -0.082     7.2237     83.924     33.709  28.085687    13.0825      8.082   278.7870 2.0129e+01     4.7740      1.598      2.317    16.6552 0.0000e+00
      1.601     -0.091     7.4134     85.692     33.660  28.076276    12.8052      8.095   277.4164 2.0804e+01     4.6396      1.572      2.282    16.6272 0.0000e+00
      1.569     -0.098     7.6700     86.837     33.611  28.067152    12.6783      8.110   276.3989 2.1575e+01     4.6318      1.540      2.233    16.5989 0.0000e+00
      1.534     -0.101     7.9570     87.497     33.547  28.038832    12.7377      8.129   275.0879 2.2304e+01     4.6800      1.504      2.181    16.6145 0.0000e+00
      1.502     -0.101     8.1942     87.890     33.459  27.987598    13.2152      8.150   272.7500 2.2819e+01     4.7099      1.469      2.131    16.6485 0.0000e+00
      1.480     -0.099     8.3545     88.277     33.389  27.955127    14.0487      8.173   270.4166 2.3061e+01     4.7201      1.447      2.098    16.7006 0.0000e+00
      1.465     -0.097     8.4520     88.887     33.367  27.963390    14.4931      8.196   267.6971 2.3339e+01     4.7348      1.438      2.086    16.7557 0.0000e+00
      1.448     -0.097     8.5022     89.752     33.343  27.960690    14.5021      8.218   263.3563 2.3850e+01     4.8188      1.424      2.066    16.7879 0.0000e+00
      1.421     -0.097     8.5264     90.768     33.287  27.922502    14.0983      8.238   257.5105 2.4546e+01     4.9500      1.396      2.024    16.8174 0.0000e+00
      1.387     -0.100     8.5476     91.911     33.217  27.882231    13.3235      8.259   251.3066 2.5375e+01     4.9545      1.360      1.973    16.8559 0.0000e+00
      1.356     -0.105     8.5956     93.093     33.146  27.854349    12.8830      8.282   246.3361 2.6109e+01     4.8392      1.325      1.923    16.9057 0.0000e+00
      1.332     -0.110     8.6834     94.135     33.090  27.839134    12.8501      8.307   242.5836 2.6683e+01     4.8202      1.304      1.891    16.9339 0.0000e+00
      1.313     -0.112     8.7796     95.030     33.043  27.825159    12.8765      8.333   240.0929 2.7500e+01     4.8617      1.291      1.873    16.9273 0.0000e+00
      1.286     -0.114     8.8865     95.910     32.997  27.812258    13.0681      8.364   237.9033 2.8696e+01     4.8631      1.265      1.834    16.9560 0.0000e+00
      1.252     -0.116     9.0015     96.856     32.949  27.810030    13.4275      8.402   234.7797 2.9906e+01     4.8705      1.225      1.778    17.0159 0.0000e+00
      1.218     -0.115     9.0897     97.860     32.865  27.798270    13.6096      8.446   232.3536 3.1020e+01     4.8153      1.193      1.731    17.0669 0.0000e+00
      1.185     -0.109     9.1645     98.954     32.782  27.796994    13.5724      8.494   231.2840 3.2200e+01     4.7766      1.164      1.688    17.1020 0.0000e+00
      1.153     -0.099     9.2391    100.186     32.712  27.794690    13.0353      8.544   230.6230 3.3208e+01     4.8120      1.129      1.636    17.1320 0.0000e+00
      1.128     -0.092     9.3237    101.599     32.632  27.770477    12.0094      8.593   229.8680 3.3711e+01     4.7991      1.101      1.596    17.1832 0.0000e+00
      1.114     -0.090     9.3992    103.292     32.567  27.757995    11.4229      8.640   228.8669 3.3941e+01     4.7907      1.092      1.584    17.2812 0.0000e+00
      1.104     -0.092     9.4768    105.156     32.534  27.770682    11.3454      8.683   227.7240 3.4381e+01     4.8138      1.088      1.578    17.4043 0.0000e+00
      1.084     -0.096     9.5802    106.907     32.520  27.797076    11.1807      8.723   226.5460 3.5212e+01     4.8729      1.067      1.549    17.4905 0.0000e+00
      1.052     -0.102     9.6964    108.506     32.499  27.823469    10.8803      8.760   224.9495 3.6375e+01     4.8908      1.034      1.499    17.5433 0.0000e+00
      1.015     -0.111     9.8467    110.026     32.457  27.836159    10.7003      8.797   222.8756 3.7708e+01     4.7909      0.994      1.442    17.6127 0.0000e+00
      0.984     -0.121    10.0284    111.404     32.394  27.823715    10.6860      8.832   221.0873 3.8941e+01     4.7929      0.960      1.392    17.6799 0.0000e+00
      0.959     -0.126    10.1824    112.586     32.339  27.799925    10.9158      8.867   219.5019 4.0372e+01     4.9139      0.942      1.365    17.7276 0.0000e+00
      0.933     -0.125    10.3136    113.591     32.336  27.802242    11.3397      8.905   217.9901 4.2553e+01     4.9904      0.921      1.336    17.7985 0.0000e+00
      0.897     -0.118    10.4456    114.359     32.400  27.851737    11.5586      8.948   217.0051 4.5365e+01     4.9673      0.882      1.279    17.8823 0.0000e+00
      0.855     -0.106    10.5637    114.843     32.436  27.890946    11.5395      8.993   216.5398 4.8103e+01     4.8734      0.836      1.212    17.9517 0.0000e+00
      0.820     -0.093    10.6638    115.112     32.405  27.895775    11.2257      9.037   216.1500 5.0163e+01     4.9136      0.800      1.160    17.9894 0.0000e+00
      0.799     -0.081    10.7612    115.176     32.378  27.910166    10.6768      9.082   215.4752 5.1369e+01     5.0774      0.779      1.130    17.9926 0.0000e+00
      0.792     -0.074    10.8445    115.115     32.381  27.938144    10.3801      9.124   214.6617 5.1954e+01     5.1122      0.774      1.122    17.9700 0.0000e+00
      0.789     -0.076    10.8815    115.097     32.407  27.980384    10.3428      9.165   213.8855 5.2651e+01     5.0263      0.776      1.125    17.9707 0.0000e+00
      0.779     -0.087    10.8966    115.188     32.446  28.040359    10.3097      9.208   213.2308 5.4069e+01     4.9622      0.769      1.115    18.0365 0.0000e+00
      0.754     -0.104    10.8846    115.384     32.464  28.092495    10.0042      9.250   212.6833 5.6476e+01     4.9516      0.745      1.080    18.1063 0.0000e+00
      0.716     -0.121    10.8618    115.691     32.427  28.103402     9.4542      9.287   212.2558 5.9627e+01     4.9663      0.703      1.022    18.1393 0.0000e+00
      0.672     -0.132    10.8561    116.128     32.386  28.108863     9.1444      9.319   211.9336 6.2922e+01     4.9350      0.656      0.951    18.1602 0.0000e+00
      0.632     -0.135    10.8551    116.626     32.406  28.158576     9.0806      9.349   211.3689 6.6402e+01     4.8465      0.617      0.895    18.2004 0.0000e+00
      0.597     -0.129    10.8619    117.077     32.421  28.197111     8.9493      9.378   210.5902 7.0101e+01     4.8187      0.585      0.849    18.2590 0.0000e+00
      0.567     -0.117    10.8724    117.457     32.388  28.194258     8.7387      9.406   210.0039 7.3774e+01     4.9061      0.555      0.804    18.3279 0.0000e+00
      0.540     -0.103    10.9006    117.740     32.358  28.187545     8.6225      9.435   209.5286 7.7628e+01     4.9810      0.529      0.768    18.3990 0.0000e+00
      0.515     -0.092    10.9428    117.856     32.343  28.179400     8.6011      9.463   208.9734 8.1160e+01     4.9382      0.505      0.732    18.4462 0.0000e+00
      0.494     -0.081    10.9764    117.794     32.326  28.159200     8.5966      9.488   208.4524 8.3830e+01     4.8665      0.482      0.699    18.4775 0.0000e+00
      0.476     -0.069    11.0025    117.598     32.306  28.133595     8.6272      9.510   208.0476 8.6086e+01     4.8997      0.468      0.678    18.5238 0.0000e+00
      0.458     -0.054    11.0241    117.330     32.303  28.123500     8.6715      9.532   207.7793 8.8125e+01     4.9640      0.450      0.653    18.5628 0.0000e+00
      0.442     -0.039    11.0344    117.049     32.358  28.163983     8.7072      9.555   207.4458 8.9264e+01     4.9954      0.429      0.623    18.5640 0.0000e+00
      0.433     -0.025    11.0298    116.790     32.451  28.242496     8.8925      9.577   206.8543 8.9424e+01     5.0398      0.421      0.611    18.5504 0.0000e+00
      0.432     -0.013    11.0125    116.626     32.517  28.311677     9.2303      9.598   206.3060 8.9472e+01     5.0916      0.424      0.615    18.5387 0.0000e+00
      0.435     -0.003    10.9872    116.620     32.540  28.366197     9.4293      9.617   206.0654 8.9553e+01     5.1778      0.427      0.619    18.5257 0.0000e+00
      0.439      0.006    10.9640    116.725     32.513  28.394323     9.4846      9.637   205.9237 8.9793e+01     5.2273      0.431      0.625    18.5142 0.0000e+00
      0.441      0.013    10.9391    116.881     32.456  28.398109     9.6325      9.655   205.7110 8.9949e+01     5.1444      0.433      0.628    18.5050 0.0000e+00
      0.441      0.019    10.9172    117.065     32.428  28.412050     9.8930      9.671   205.4724 8.9694e+01     5.0977      0.432      0.627    18.5138 0.0000e+00
      0.444      0.025    10.9077    117.232     32.440  28.436066    10.0384      9.688   205.2760 8.8257e+01     5.1747      0.433      0.629    18.5725 0.0000e+00
      0.451      0.027    10.8996    117.317     32.438  28.434800    10.0419      9.705   205.0573 8.4846e+01     5.2216      0.440      0.639    18.6611 0.0000e+00
      0.463      0.023    10.8949    117.380     32.395  28.396737    10.0442      9.720   204.5493 8.1058e+01     5.1863      0.453      0.657    18.7514 0.0000e+00
      0.477      0.011    10.8967    117.475     32.351  28.356415    10.0657      9.736   203.6934 7.9174e+01     5.0550      0.470      0.681    18.8209 0.0000e+00
      0.486     -0.010    10.9151    117.540     32.326  28.327823    10.1187      9.753   202.7960 7.9991e+01     4.9325      0.482      0.699    18.8313 0.0000e+00
      0.483     -0.044    10.9218    117.617     32.314  28.304743    10.1692      9.770   202.0451 8.3277e+01     4.9692      0.477      0.691    18.8225 0.0000e+00
      0.469     -0.088    10.9210    117.721     32.360  28.331050    10.1348      9.789   201.3258 8.9728e+01     5.0209      0.462      0.671    18.8255 0.0000e+00
      0.445     -0.132    10.9392    117.763     32.435  28.392168     9.5873      9.809   200.5517 1.0070e+02     4.9079      0.441      0.640    18.8251 0.0000e+00
      0.405     -0.162    10.9415    117.752     32.436  28.409434     8.5927      9.829   199.9987 1.1650e+02     4.6969      0.405      0.586    18.8138 0.0000e+00
      0.347     -0.172    10.9523    117.748     32.405  28.412985     8.0630      9.848   199.8877 1.3581e+02     4.6213      0.347      0.502    18.7931 0.0000e+00
      0.277     -0.159    10.9748    117.728     32.393  28.435148     8.0273      9.866   199.9843 1.5458e+02     4.7112      0.267      0.387    18.7651 0.0000e+00
      0.217     -0.129    10.9803    117.597     32.349  28.423738     7.8855      9.881   200.0483 1.6574e+02     4.7251      0.199      0.289    18.7488 0.0000e+00
      0.187     -0.086    10.9698    117.323     32.309  28.401923     7.5976      9.896   199.9723 1.6845e+02     4.6181      0.174      0.251    18.7783 0.0000e+00
      0.185     -0.038    10.9569    116.897     32.332  28.425101     7.4343      9.910   199.6682 1.6416e+02     4.5442      0.178      0.258    18.8354 0.0000e+00
      0.196      0.003    10.9493    116.396     32.355  28.450271     7.4181      9.924   199.2970 1.5144e+02     4.5835      0.191      0.277    18.8894 0.0000e+00
      0.211      0.028    10.9255    115.994     32.345  28.452559     7.3271      9.937   199.0984 1.3585e+02     4.6843      0.207      0.300    18.9357 0.0000e+00
      0.226      0.036    10.8966    115.722     32.335  28.452775     7.1242      9.950   199.0731 1.2342e+02     4.6696      0.223      0.323    18.9569 0.0000e+00
      0.237      0.033    10.8585    115.509     32.334  28.452899     6.9875      9.963   199.0767 1.1543e+02     4.6100      0.233      0.338    18.9491 0.0000e+00
      0.244      0.025    10.7993    115.360     32.336  28.454060     6.9648      9.977   198.9699 1.1085e+02     4.6811      0.240      0.348    18.9556 0.0000e+00
      0.248      0.016    10.7575    115.302     32.351  28.466811     6.9239      9.988   198.7289 1.0946e+02     4.7088      0.244      0.354    18.9827 0.0000e+00
      0.249      0.007    10.7336    115.313     32.364  28.480215     6.8182      9.999   198.4854 1.1137e+02     4.6386      0.245      0.355    18.9965 0.0000e+00
      0.249     -0.002    10.7129    115.362     32.366  28.489271     6.7353     10.011   198.3490 1.1529e+02     4.5498      0.245      0.355    18.9938 0.0000e+00
      0.249     -0.016    10.6981    115.427     32.380  28.512886     6.7042     10.023   198.0265 1.2173e+02     4.4199      0.244      0.354    18.9911 0.0000e+00
      0.247     -0.038    10.6939    115.477     32.367  28.512055     6.6917     10.034   197.3386 1.2773e+02     4.3329      0.244      0.354    18.9922 0.0000e+00
      0.242     -0.075    10.6960    115.479     32.322  28.479238     6.7249     10.049   196.4846 1.3220e+02     4.2833      0.240      0.347    18.9930 0.0000e+00
      0.230     -0.127    10.6986    115.414     32.337  28.496670     6.7816     10.067   195.5302 1.4164e+02     4.2639      0.229      0.332    19.0028 0.0000e+00
      0.203     -0.190    10.7017    115.349     32.434  28.595975     6.7945     10.086   194.5749 1.6652e+02     4.3034      0.209      0.303    19.0235 0.0000e+00
      0.149     -0.257    10.7021    115.366     32.554  28.728539     6.7895     10.103   194.5711 2.1561e+02     4.3171      0.158      0.230    19.0446 0.0000e+00
      0.065     -0.323    10.7027    115.473     32.621  28.830982     6.7046     10.118   193.7628 2.8091e+02     4.3275      0.071      0.104    19.0527 0.0000e+00
     -0.039     -0.375    10.6943    115.643     32.612  28.883242     6.5005     10.131   190.6523 3.3423e+02     4.3255     -0.038     -0.054    19.0515 0.0000e+00
     -0.152     -0.399    10.6791    115.773     32.584  28.916496     6.3609     10.143   188.8835 3.5448e+02     4.2586     -0.148     -0.214    19.0717 0.0000e+00
     -0.271     -0.385    10.6739    115.697     32.614  28.979407     6.3059     10.153   189.7574 3.5119e+02     4.4075     -0.262     -0.380    19.1115 0.0000e+00
     -0.393     -0.339    10.6701    115.259     32.703  29.073083     5.8362     10.162   191.2370 3.4549e+02     6.0906     -0.392     -0.568    19.1733 0.0000e+00
     -0.495     -0.274    10.6658    114.316     32.726  29.097722     4.9513     10.168   192.0611 3.4812e+02     8.9984     -0.505     -0.730    19.2802 0.0000e+00
     -0.553     -0.200    10.6636    112.811     32.643  29.023598     4.4450     10.172   192.3223 3.5217e+02    10.4623     -0.557     -0.807    19.3825 0.0000e+00
