Data/DataNotYetUploadedToEDI/Raw_CTD/RawDownloads/052625_bvr50_S8188003.cnv
* Sea-Bird SBE19plus  Data File:
* FileName = C:\R\Reservoirs\Data\DataNotYetUploadedToEDI\Raw_CTD\RawDownloads\051925_bvr50_S8188_0003.hex
* Software version 2.8.0.119
* Temperature SN = 8188
* Conductivity SN = 8188
* System UpLoad Time = May 29 2025 15:48:49
* <ApplicationData>
* <Seaterm232>
# nquan = 16
# nvalues = 2069                        
# units = specified
# name 0 = depFM: Depth [fresh water, m]
# name 1 = dz/dtM: Descent Rate [m/s]
# name 2 = sbeox0Mg/L: Oxygen, SBE 43 [mg/l]
# name 3 = sbeox0PS: Oxygen, SBE 43 [% saturation]
# name 4 = specc: Specific Conductance [uS/cm]
# name 5 = c0uS/cm: Conductivity [uS/cm]
# name 6 = wetCDOM: Fluorescence, WET Labs CDOM [mg/m^3]
# name 7 = flECO-AFL: Fluorescence, WET Labs ECO-AFL/FL [mg/m^3]
# name 8 = flECO-AFL1: Fluorescence, WET Labs ECO-AFL/FL, 2 [mg/m^3]
# name 9 = flECO-AFL2: Fluorescence, WET Labs ECO-AFL/FL, 3 [mg/m^3]
# name 10 = par/sat/log: PAR/Logarithmic, Satlantic
# name 11 = turbWETntu0: Turbidity, WET Labs ECO [NTU]
# name 12 = prdM: Pressure, Strain Gauge [db]
# name 13 = prdE: Pressure, Strain Gauge [psi]
# name 14 = tv290C: Temperature [ITS-90, deg C]
# name 15 = flag:  0.000e+00
# span 0 =     -0.691,      6.429       
# span 1 =     -0.207,      0.141       
# span 2 =    -0.5603,    13.5762       
# span 3 =     -5.627,    144.833       
# span 4 =      1.287,    124.872       
# span 5 =   0.971128,  90.383968       
# span 6 =    -4.5000,    43.6500       
# span 7 =    -0.2808,    52.5536       
# span 8 =    -2.1300,     0.8094       
# span 9 =    -2.0304,    13.8321       
# span 10 = 1.1585e-01, 1.5673e+02      
# span 11 =    -1.0649,   226.8610      
# span 12 =     -0.678,      6.305      
# span 13 =     -0.984,      9.144      
# span 14 =    11.1853,    18.7682      
# span 15 = 0.0000e+00, 0.0000e+00      
# interval = seconds: 0.25
# start_time = May 26 2025 09:43:22 [Instrument's time stamp, header]
# bad_flag = -9.990e-29
*END*
[from data line 1356]
      1.931      0.052     6.4937     67.284     28.034  23.778110    24.9300    43.3028     0.2130     5.3298 1.5909e+00     9.1622      1.894      2.747    17.4590 0.0000e+00
      1.945      0.053     6.4444     67.377     28.075  23.801789    24.9300    43.2952     0.2130     5.3298 1.5127e+00     9.0565      1.907      2.766    17.4517 0.0000e+00
      1.958      0.053     6.4258     67.264     28.094  23.805811    24.9300    43.3181     0.2130     5.3298 1.4785e+00     9.1169      1.920      2.786    17.4392 0.0000e+00
      1.972      0.054     6.4311     66.870     28.099  23.797222    24.9300    43.3028     0.2130     5.3298 1.4610e+00     9.1622      1.934      2.805    17.4231 0.0000e+00
      1.986      0.054     6.4478     66.190     28.120  23.799613    24.9300    34.6510     0.2130     5.2452 1.3822e+00     8.3918      1.947      2.825    17.4047 0.0000e+00
      2.000      0.054     6.4593     65.252     28.162  23.819593    24.9300    34.6738     0.2130     5.2452 1.3160e+00     8.2860      1.961      2.845    17.3849 0.0000e+00
      2.014      0.053     6.4512     64.093     28.207  23.840590    24.9300    34.6738     0.2130     5.2452 1.2669e+00     8.4069      1.975      2.865    17.3638 0.0000e+00
      2.028      0.052     6.4164     62.742     28.254  23.866212    24.9300    34.6662     0.2130     5.2452 1.1905e+00     8.2407      1.989      2.885    17.3407 0.0000e+00
      2.042      0.049     6.3545     61.242     28.305  23.899307    24.9300    21.5549     0.2130     6.3873 1.1364e+00     7.5911      2.002      2.904    17.3148 0.0000e+00
      2.054      0.047     6.2681     59.652     28.326  23.912863    24.9300    21.5396     0.2130     6.3873 1.1156e+00     7.6818      2.015      2.922    17.2862 0.0000e+00
      2.066      0.044     6.1605     58.058     28.306  23.896558    24.9300    21.5244     0.2130     6.3873 1.1392e+00     7.6365      2.026      2.938    17.2570 0.0000e+00
      2.076      0.042     6.0339     56.589     28.284  23.879892    24.9300    21.5435     0.2130     6.3873 1.1062e+00     7.7573      2.036      2.953    17.2317 0.0000e+00
      2.085      0.041     5.8919     55.396     28.291  23.886294    24.9300    21.5625     0.2130     6.3873 1.1147e+00     7.1530      2.045      2.966    17.2143 0.0000e+00
      2.095      0.041     5.7399     54.604     28.320  23.905525    24.9300    21.5473     0.2130     6.2604 1.1115e+00     7.3041      2.054      2.980    17.2065 0.0000e+00
      2.105      0.043     5.5865     54.262     28.348  23.918823    24.9300    21.5549     0.2130     6.2604 1.0990e+00     7.1682      2.064      2.994    17.2072 0.0000e+00
      2.116      0.046     5.4447     54.296     28.369  23.923759    24.9300    21.5778     0.2130     6.2604 1.0883e+00     7.1833      2.075      3.009    17.2113 0.0000e+00
      2.128      0.050     5.3299     54.507     28.401  23.935587    24.9300    17.5532     0.2130     6.2604 1.0421e+00     7.2286      2.087      3.027    17.2112 0.0000e+00
      2.142      0.053     5.2547     54.664     28.471  23.977370    24.7500    17.5761     0.2130     6.0912 9.9493e-01     7.1077      2.100      3.046    17.2019 0.0000e+00
      2.156      0.057     5.2238     54.577     28.570  24.040339    24.7500    17.5456     0.2130     6.0912 9.0874e-01     7.0624      2.114      3.066    17.1841 0.0000e+00
      2.172      0.060     5.2296     54.123     28.651  24.085537    24.7500    17.5570     0.2130     6.0912 8.7998e-01     7.1379      2.129      3.088    17.1612 0.0000e+00
      2.187      0.062     5.2528     53.249     28.716  24.115062    24.7500    12.5521     0.2130     6.0912 8.6143e-01     6.8962      2.145      3.111    17.1350 0.0000e+00
      2.203      0.064     5.2711     51.947     28.811  24.168643    24.7500    12.5673     0.2556     6.0066 7.9195e-01     7.0020      2.161      3.134    17.1049 0.0000e+00
      2.220      0.066     5.2663     50.244     28.944  24.254592    24.7500    12.5521     0.2556     6.0066 7.8476e-01     6.8811      2.177      3.157    17.0697 0.0000e+00
      2.237      0.068     5.2267     48.208     29.077  24.342071    24.7500    12.5521     0.2556     6.0066 7.0703e-01     7.0171      2.194      3.182    17.0290 0.0000e+00
      2.255      0.070     5.1468     45.932     29.197  24.418571    24.7500    12.4338     0.2556     6.0066 6.4719e-01     7.4401      2.211      3.207    16.9852 0.0000e+00
      2.273      0.071     5.0254     43.505     29.311  24.490554    24.6600    12.4376     0.2130     6.0066 6.4606e-01     7.3192      2.229      3.233    16.9408 0.0000e+00
      2.291      0.072     4.8649     41.010     29.417  24.555311    24.6600    12.4529     0.2130     6.0066 5.8207e-01     7.4099      2.247      3.259    16.8970 0.0000e+00
      2.310      0.072     4.6717     38.521     29.518  24.614184    24.6600    12.4262     0.2130     6.0066 5.7490e-01     7.4099      2.265      3.285    16.8546 0.0000e+00
      2.328      0.072     4.4547     36.107     29.624  24.674907    24.6600    10.2747     0.2130     6.0066 5.4616e-01     7.7271      2.283      3.312    16.8141 0.0000e+00
      2.347      0.071     4.2227     33.819     29.729  24.733761    24.6600    10.2670     0.2130     6.0066 5.3292e-01     7.6365      2.301      3.338    16.7747 0.0000e+00
      2.365      0.071     3.9837     31.661     29.852  24.806438    24.3000    10.2594     0.1704     5.6259 5.0419e-01     7.5760      2.319      3.363    16.7344 0.0000e+00
      2.383      0.070     3.7451     29.588     30.016  24.914309    24.3000    10.2556     0.1704     5.6259 4.5852e-01     7.6818      2.337      3.389    16.6911 0.0000e+00
      2.400      0.069     3.5137     27.527     30.176  25.018442    24.3000     8.2490     0.1704     5.6259 4.4555e-01     7.9386      2.354      3.414    16.6446 0.0000e+00
      2.418      0.069     3.2943     25.406     30.290  25.084883    24.3000     8.2414     0.1704     5.6259 4.3098e-01     7.7573      2.371      3.439    16.5963 0.0000e+00
      2.435      0.069     3.0872     23.180     30.379  25.131347    23.3100     8.2796     0.1704     2.6226 3.9151e-01     7.8479      2.388      3.464    16.5474 0.0000e+00
      2.453      0.068     2.8880     20.844     30.445  25.160269    23.3100     8.2452     0.1704     2.6226 4.0589e-01     7.7422      2.405      3.488    16.4989 0.0000e+00
      2.470      0.067     2.6894     18.431     30.492  25.177369    23.3100     7.0894     0.1704     2.6226 3.7863e-01     9.1622      2.423      3.513    16.4515 0.0000e+00
      2.488      0.066     2.4846     15.994     30.554  25.213089    23.3100     7.0665     0.1704     2.6226 3.4254e-01     8.9809      2.440      3.539    16.4050 0.0000e+00
      2.505      0.064     2.2689     13.630     30.614  25.253061    23.2200     7.1161     0.1704     2.4957 3.1607e-01     9.0262      2.457      3.563    16.3599 0.0000e+00
      2.521      0.062     2.0421     11.473     30.643  25.274095    23.2200     7.0817     0.1704     2.4957 3.1849e-01     9.1773      2.473      3.586    16.3180 0.0000e+00
      2.536      0.059     1.8071      9.667     30.661  25.291757    23.2200     5.9106     0.1704     2.4957 2.9452e-01    10.2801      2.487      3.608    16.2824 0.0000e+00
      2.551      0.057     1.5692      8.327     30.677  25.310756    23.2200     5.9106     0.1704     2.4957 2.8041e-01    10.2650      2.501      3.628    16.2562 0.0000e+00
      2.565      0.056     1.3378      7.528     30.695  25.330186    23.2200     5.9030     0.1704     2.6226 2.4126e-01    10.2952      2.515      3.648    16.2409 0.0000e+00
      2.579      0.055     1.1264      7.305     30.751  25.377131    23.2200     5.9106     0.1704     2.6226 2.5993e-01    10.2650      2.529      3.668    16.2363 0.0000e+00
      2.593      0.054     0.9491      7.647     30.863  25.464111    23.2200     6.2806     0.1704     2.6226 2.5018e-01    10.8692      2.543      3.688    16.2406 0.0000e+00
      2.606      0.054     0.8175      8.474     31.032  25.592418    23.2200     6.2959     0.1704     2.6226 2.6860e-01    10.9901      2.556      3.707    16.2494 0.0000e+00
      2.620      0.053     0.7391      9.598     31.296  25.792283    23.2200     6.2577     0.1704     2.6226 2.2653e-01    10.9750      2.569      3.726    16.2570 0.0000e+00
      2.633      0.053     0.7172     10.753     31.666  26.073200    23.2200     6.2692     0.1704     3.0879 2.1670e-01    11.0203      2.583      3.745    16.2587 0.0000e+00
      2.647      0.054     0.7510     11.652     32.096  26.398573    23.2200     7.1542     0.1704     3.0879 1.9948e-01    10.9448      2.596      3.765    16.2515 0.0000e+00
      2.661      0.054     0.8325     12.041     32.591  26.771538    23.2200     7.1733     0.1704     3.0879 1.8492e-01    10.9448      2.609      3.784    16.2339 0.0000e+00
      2.675      0.055     0.9435     11.752     33.232  27.259693    23.2200     7.1428     0.1704     3.0879 1.9042e-01    10.9448      2.623      3.804    16.2065 0.0000e+00
      2.688      0.056     1.0577     10.716     34.053  27.891656    23.3100     7.1504     0.1704     3.3840 1.9918e-01    10.9750      2.636      3.823    16.1707 0.0000e+00
      2.702      0.058     1.1469      8.975     34.987  28.614914    23.3100     5.9831     0.1704     3.3840 1.8427e-01    10.9599      2.650      3.844    16.1267 0.0000e+00
      2.717      0.060     1.1862      6.684     35.885  29.309684    23.3100     5.9716     0.1704     3.3840 1.7283e-01    10.9750      2.665      3.865    16.0756 0.0000e+00
      2.733      0.061     1.1587      4.084     36.608  29.864505    23.3100     5.9449     0.1704     3.3840 1.5450e-01    10.8541      2.680      3.887    16.0192 0.0000e+00
      2.749      0.062     1.0575      1.448     37.142  30.269997    23.3100     5.9754     0.1704     3.7647 1.9104e-01    11.0052      2.696      3.910    15.9594 0.0000e+00
      2.766      0.063     0.8863     -0.967     37.591  30.612380    23.3100     5.4872     0.1704     3.7647 1.3204e-01     9.6003      2.712      3.934    15.8991 0.0000e+00
      2.782      0.063     0.6603     -2.964     38.123  31.024782    23.3100     5.4833     0.1704     3.7647 1.2392e-01     9.6154      2.728      3.957    15.8424 0.0000e+00
      2.798      0.063     0.4033     -4.422     38.803  31.555433    23.3100     5.4719     0.1704     3.7647 1.2330e-01     9.5399      2.744      3.980    15.7925 0.0000e+00
      2.813      0.063     0.1423     -5.300     39.573  32.154639    23.4900     5.5024     0.1704     4.4415 1.5524e-01     9.4492      2.759      4.002    15.7514 0.0000e+00
      2.829      0.063    -0.0971     -5.627     40.411  32.806917    23.4900     5.0523     0.1704     4.4415 1.3209e-01     9.1622      2.774      4.024    15.7190 0.0000e+00
      2.845      0.064    -0.2953     -5.488     41.280  33.483042    23.4900     5.0446     0.1704     4.4415 1.1600e-01     9.1320      2.790      4.046    15.6911 0.0000e+00
      2.861      0.066    -0.4401     -5.006     42.108  34.124285    23.4900     5.0523     0.1704     4.4415 1.1607e-01     9.0262      2.806      4.069    15.6620 0.0000e+00
      2.878      0.068    -0.5276     -4.315     42.872  34.714403    23.4900     5.0370     0.1704     4.4415 1.2858e-01     9.1320      2.822      4.093    15.6289 0.0000e+00
      2.896      0.070    -0.5603     -3.538     43.592  35.267332    23.7600     3.9002     0.2130     5.7951 1.1602e-01     8.4824      2.840      4.119    15.5933 0.0000e+00
      2.914      0.072    -0.5467     -2.769     44.281  35.795059    23.7600     3.9307     0.2130     5.7951 1.1595e-01     8.3162      2.858      4.145    15.5573 0.0000e+00
      2.933      0.074    -0.4989     -2.069     44.924  36.282923    23.7600     3.9384     0.2130     5.7951 1.1623e-01     8.4069      2.876      4.172    15.5217 0.0000e+00
      2.952      0.075    -0.4303     -1.466     45.529  36.739500    23.7600     3.9231     0.2130     5.7951 1.1623e-01     8.3162      2.895      4.199    15.4868 0.0000e+00
      2.971      0.076    -0.3529     -0.966     46.163  37.218805    25.4700     3.2784     0.2556    10.9134 1.1590e-01     8.4069      2.914      4.226    15.4526 0.0000e+00
      2.991      0.076    -0.2763     -0.553     46.845  37.737086    25.4700     3.3242     0.2556    10.9134 1.1623e-01     8.2860      2.933      4.254    15.4183 0.0000e+00
      3.011      0.077    -0.2065     -0.207     47.568  38.287114    25.4700     3.2937     0.2556    10.9134 1.1633e-01     8.3162      2.953      4.282    15.3833 0.0000e+00
      3.030      0.077    -0.1464      0.085     48.341  38.876095    25.4700     3.2937     0.2556    10.9134 1.1617e-01     8.4371      2.972      4.310    15.3478 0.0000e+00
      3.050      0.077    -0.0965      0.334     49.140  39.483768    29.2500     3.2479     0.2982    13.8321 1.1625e-01     8.5126      2.991      4.337    15.3128 0.0000e+00
      3.069      0.077    -0.0552      0.547     49.950  40.098831    29.2500     3.2326     0.2982    13.8321 1.1612e-01     8.6184      3.010      4.365    15.2789 0.0000e+00
      3.089      0.077    -0.0206      0.725     50.733  40.692023    29.2500     3.2517     0.2982    13.8321 1.1615e-01     8.6486      3.030      4.394    15.2455 0.0000e+00
      3.109      0.077     0.0087      0.874     51.412  41.202340    29.2500     3.2250     0.2982    13.8321 1.1615e-01     8.5731      3.049      4.422    15.2112 0.0000e+00
      3.129      0.076     0.0337      0.997     52.007  41.646308    29.2500     3.0610     0.2982    13.8321 1.1630e-01     8.7392      3.068      4.450    15.1755 0.0000e+00
      3.149      0.075     0.0551      1.095     52.603  42.090506    40.6800     3.0457     0.2556    10.9980 1.1610e-01     8.8299      3.087      4.478    15.1396 0.0000e+00
      3.167      0.073     0.0731      1.177     53.228  42.555742    40.6800     3.0495     0.2556    10.9980 1.1620e-01     8.7392      3.106      4.505    15.1045 0.0000e+00
      3.186      0.072     0.0881      1.244     53.868  43.030568    40.6800     3.0495     0.2556    10.9980 1.1612e-01     8.7996      3.124      4.531    15.0708 0.0000e+00
      3.203      0.070     0.1005      1.295     54.533  43.522035    40.6800     3.0152     0.2556    10.9980 1.1617e-01     8.8148      3.141      4.556    15.0388 0.0000e+00
      3.221      0.069     0.1105      1.331     55.211  44.021697    40.3200     2.9694     0.2556     8.4600 1.1623e-01     8.8752      3.159      4.581    15.0073 0.0000e+00
      3.238      0.067     0.1188      1.353     55.822  44.465494    40.3200     2.9923     0.2556     8.4600 1.1610e-01     8.7543      3.176      4.606    14.9747 0.0000e+00
      3.256      0.066     0.1257      1.363     56.283  44.794394    40.3200     3.0076     0.2556     8.4600 1.1605e-01     8.8450      3.193      4.631    14.9403 0.0000e+00
      3.272      0.064     0.1309      1.364     56.612  45.024354    40.3200     2.8588     0.2556     8.4600 1.1617e-01     8.6637      3.209      4.655    14.9041 0.0000e+00
      3.289      0.063     0.1346      1.361     56.836  45.178825    38.9700     2.8321     0.2556     9.3060 1.1625e-01     8.6486      3.225      4.678    14.8658 0.0000e+00
      3.304      0.061     0.1370      1.358     56.912  45.223261    38.9700     2.8473     0.2556     9.3060 1.1615e-01     8.6335      3.240      4.700    14.8273 0.0000e+00
      3.319      0.059     0.1380      1.354     56.844  45.161541    38.9700     2.8740     0.2556     9.3060 1.1597e-01     8.5428      3.255      4.721    14.7923 0.0000e+00
      3.334      0.057     0.1382      1.348     56.755  45.090808    38.9700     2.6948     0.2556     9.3060 1.1615e-01     8.5277      3.270      4.743    14.7639 0.0000e+00
      3.349      0.055     0.1380      1.338     56.754  45.091856    40.1400     2.6719     0.2130     7.6140 1.1628e-01     8.5882      3.284      4.763    14.7425 0.0000e+00
