Data/DataNotYetUploadedToEDI/Raw_CTD/RawDownloads/052621_fcr50.cnv
* Sea-Bird SBE19plus  Data File:
* FileName = C:\DATA\052621_fcr50_0001.hex
* Software version 2.8.0.119
* Temperature SN = 7809
* Conductivity SN = 7809
* System UpLoad Time = May 26 2021 16:39:19
* <ApplicationData>
* <Seaterm232>
# nquan = 16
# nvalues = 1540                        
# units = specified
# name 0 = depFM: Depth [fresh water, m]
# name 1 = dz/dtM: Descent Rate [m/s]
# name 2 = sbeox0ML/L: Oxygen, SBE 43 [ml/l]
# name 3 = sbeox0PS: Oxygen, SBE 43 [% saturation]
# name 4 = specc: Specific Conductance [uS/cm]
# name 5 = c0uS/cm: Conductivity [uS/cm]
# name 6 = flECO-AFL: Fluorescence, WET Labs ECO-AFL/FL [mg/m^3]
# name 7 = ph: pH
# name 8 = orp: Oxidation Reduction Potential [mV]
# name 9 = par/sat/log: PAR/Logarithmic, Satlantic
# name 10 = turbWETntu0: Turbidity, WET Labs ECO [NTU]
# name 11 = prdM: Pressure, Strain Gauge [db]
# name 12 = prdE: Pressure, Strain Gauge [psi]
# name 13 = tv290C: Temperature [ITS-90, deg C]
# name 14 = density00: Density [density, kg/m^3]
# name 15 = flag:  0.000e+00
# span 0 =     -0.611,      9.743       
# span 1 =     -0.288,      0.137       
# span 2 =     0.0908,    10.4337       
# span 3 =      1.144,    161.678       
# span 4 =      0.525,    146.289       
# span 5 =   0.553206,  96.933588       
# span 6 =    -1.0828,   259.9824       
# span 7 =     15.122,     16.026       
# span 8 = -1240.7455,   799.7223       
# span 9 = 1.2340e-01, 1.6765e+03       
# span 10 =    -0.9971,   323.2528      
# span 11 =     -0.600,      9.555      
# span 12 =     -0.870,     13.858      
# span 13 =     8.0761,    27.6704      
# span 14 =   996.3354,   999.9427      
# span 15 = 0.0000e+00, 0.0000e+00      
# interval = seconds: 0.25
# start_time = May 25 2021 22:40:31 [Instrument's time stamp, header]
# bad_flag = -9.990e-29
*END*
[from data line 1176]
      6.106     -0.051     0.1141      1.316     46.615  31.128167    -0.2430     15.995    14.7939 1.6240e+00     5.1304      5.988      8.684     8.3862   999.8734 0.0000e+00
      6.090     -0.053     0.1117      1.296     46.505  31.056044    -0.2542     15.994    15.4987 1.6577e+00     5.2072      5.970      8.659     8.3851   999.8734 0.0000e+00
      6.077     -0.054     0.1080      1.291     46.620  31.133357    -0.2501     15.994    16.3628 1.6767e+00     5.3442      5.960      8.643     8.3838   999.8734 0.0000e+00
      6.066     -0.054     0.1085      1.316     46.776  31.238159    -0.2406     15.994    16.8965 1.6900e+00     5.3794      5.949      8.628     8.3841   999.8731 0.0000e+00
      6.055     -0.054     0.1091      1.358     46.784  31.244617    -0.2356     15.994    17.2195 1.7115e+00     5.3240      5.938      8.612     8.3871   999.8728 0.0000e+00
      6.041     -0.054     0.1056      1.397     46.733  31.211444    -0.1601     15.994    17.6000 1.7390e+00     5.3270      5.925      8.593     8.3890   999.8726 0.0000e+00
      6.024     -0.055     0.1048      1.412     46.645  31.154300    -0.0142     15.994    18.1420 1.7645e+00     5.3811      5.907      8.567     8.3888   999.8726 0.0000e+00
      6.007     -0.055     0.1076      1.394     46.503  31.061262     0.0591     15.994    18.9542 1.8003e+00     5.3951      5.889      8.541     8.3893   999.8726 0.0000e+00
      5.994     -0.055     0.1117      1.366     46.370  30.974769     0.0493     15.994    19.7636 1.8493e+00     5.3586      5.878      8.525     8.3910   999.8724 0.0000e+00
      5.982     -0.055     0.1151      1.343     46.302  30.933310     0.0194     15.994    20.5284 1.8818e+00     5.3170      5.867      8.509     8.3913   999.8723 0.0000e+00
      5.969     -0.055     0.1175      1.314     46.305  30.940662    -0.0248     15.994    21.2321 1.8991e+00     5.3031      5.853      8.489     8.3926   999.8721 0.0000e+00
      5.956     -0.056     0.1143      1.289     46.292  30.936782    -0.0467     15.994    21.4750 1.9296e+00     5.3289      5.841      8.471     8.3953   999.8718 0.0000e+00
      5.942     -0.058     0.1117      1.292     46.212  30.886402    -0.0362     15.994    21.4870 1.9664e+00     5.3886      5.829      8.454     8.3966   999.8716 0.0000e+00
      5.925     -0.060     0.1105      1.332     46.137  30.839074    -0.0120     15.993    21.3772 1.9933e+00     5.4074      5.811      8.429     8.4009   999.8713 0.0000e+00
      5.907     -0.062     0.1078      1.368     46.186  30.872097     0.0271     15.993    20.9214 2.0202e+00     5.3502      5.792      8.401     8.4075   999.8707 0.0000e+00
      5.891     -0.064     0.1049      1.386     46.236  30.905021     0.0641     15.993    20.6224 2.0512e+00     5.3488      5.776      8.378     8.4125   999.8703 0.0000e+00
      5.877     -0.065     0.1042      1.399     46.165  30.856482     0.0827     15.992    21.2034 2.0850e+00     5.3901      5.765      8.361     8.4168   999.8699 0.0000e+00
      5.862     -0.062     0.1098      1.399     45.975  30.729336     0.0895     15.992    22.4398 2.1292e+00     5.3696      5.751      8.341     8.4196   999.8696 0.0000e+00
      5.842     -0.057     0.1130      1.389     45.647  30.509703     0.0983     15.992    23.1823 2.1718e+00     5.3408      5.729      8.309     8.4201   999.8695 0.0000e+00
      5.823     -0.052     0.1133      1.368     45.327  30.294563     0.1128     15.993    23.1255 2.1962e+00     5.3513      5.708      8.279     8.4183   999.8696 0.0000e+00
      5.811     -0.049     0.1155      1.339     45.217  30.221721     0.1218     15.994    22.8709 2.2002e+00     5.3933      5.697      8.263     8.4175   999.8695 0.0000e+00
      5.804     -0.049     0.1148      1.310     45.372  30.326852     0.1214     15.994    22.8572 2.1946e+00     5.4019      5.691      8.254     8.4178   999.8695 0.0000e+00
      5.799     -0.051     0.1144      1.297     45.611  30.487166     0.1079     15.993    23.3040 2.2046e+00     5.3525      5.687      8.248     8.4168   999.8694 0.0000e+00
      5.789     -0.056     0.1124      1.309     45.742  30.573986     0.0827     15.993    24.0574 2.2331e+00     5.3117      5.680      8.238     8.4153   999.8693 0.0000e+00
      5.771     -0.063     0.1097      1.313     45.803  30.615264     0.0737     15.993    24.5674 2.2663e+00     5.3202      5.662      8.213     8.4147   999.8692 0.0000e+00
      5.748     -0.072     0.1076      1.331     45.879  30.669044     0.0859     15.993    24.6523 2.2965e+00     5.3858      5.636      8.175     8.4183   999.8689 0.0000e+00
      5.726     -0.078     0.1042      1.385     45.943  30.716683     0.0963     15.992    24.5663 2.3176e+00     5.4183      5.613      8.141     8.4199   999.8688 0.0000e+00
      5.708     -0.080     0.1090      1.421     45.978  30.747154     0.1036     15.992    24.6470 2.3445e+00     5.3694      5.598      8.119     8.4179   999.8689 0.0000e+00
      5.688     -0.079     0.1074      1.419     46.018  30.783694     0.1180     15.992    24.7680 2.3837e+00     5.3108      5.580      8.093     8.4184   999.8687 0.0000e+00
      5.666     -0.074     0.1069      1.399     46.093  30.841279     0.1373     15.992    24.9106 2.4233e+00     5.2933      5.556      8.059     8.4202   999.8686 0.0000e+00
      5.645     -0.071     0.1149      1.384     46.140  30.872427     0.1739     15.992    25.5969 2.4583e+00     5.2957      5.535      8.028     8.4260   999.8681 0.0000e+00
      5.626     -0.069     0.1177      1.387     46.103  30.843067     0.2270     15.992    26.5276 2.4940e+00     5.2359      5.516      8.000     8.4331   999.8676 0.0000e+00
      5.612     -0.067     0.1169      1.400     46.047  30.803510     0.2545     15.992    27.3868 2.5274e+00     5.1542      5.502      7.981     8.4444   999.8667 0.0000e+00
      5.599     -0.065     0.1143      1.383     46.002  30.774813     0.2582     15.992    28.1553 2.5518e+00     5.1322      5.494      7.967     8.4587   999.8657 0.0000e+00
      5.583     -0.065     0.1131      1.333     45.962  30.749877     0.2344     15.992    28.2487 2.5918e+00     5.2102      5.476      7.942     8.4554   999.8660 0.0000e+00
      5.564     -0.066     0.1128      1.305     45.873  30.692337     0.1762     15.992    27.9145 2.6460e+00     5.3070      5.456      7.913     8.4449   999.8665 0.0000e+00
      5.545     -0.071     0.1159      1.319     45.710  30.586663     0.1364     15.992    28.2444 2.6882e+00     5.3070      5.438      7.887     8.4447   999.8664 0.0000e+00
      5.529     -0.076     0.1154      1.341     45.455  30.423839     0.1258     15.991    28.7946 2.7267e+00     5.3135      5.422      7.863     8.4472   999.8662 0.0000e+00
      5.513     -0.081     0.1079      1.352     45.268  30.309749     0.1430     15.991    28.8886 2.7771e+00     5.3506      5.407      7.842     8.4500   999.8659 0.0000e+00
      5.493     -0.083     0.1054      1.371     45.406  30.412637     0.1824     15.991    29.1230 2.8485e+00     5.3442      5.389      7.816     8.4517   999.8657 0.0000e+00
      5.466     -0.080     0.1081      1.391     45.665  30.589324     0.2007     15.991    29.4777 2.9330e+00     5.3387      5.363      7.778     8.4538   999.8654 0.0000e+00
      5.437     -0.074     0.1106      1.382     45.794  30.669644     0.2020     15.991    29.3917 2.9865e+00     5.3528      5.330      7.730     8.4622   999.8646 0.0000e+00
      5.415     -0.067     0.1105      1.367     45.834  30.685899     0.2085     15.991    29.0292 3.0087e+00     5.3434      5.305      7.695     8.4758   999.8634 0.0000e+00
      5.404     -0.058     0.1114      1.369     45.808  30.658960     0.2883     15.991    28.8806 3.0342e+00     5.3281      5.298      7.683     8.4905   999.8624 0.0000e+00
      5.397     -0.050     0.1157      1.383     45.723  30.597697     0.4428     15.991    28.8861 3.0499e+00     5.3391      5.293      7.677     8.4955   999.8622 0.0000e+00
      5.389     -0.044     0.1132      1.409     45.603  30.516162     0.5208     15.991    28.6660 3.0695e+00     5.3386      5.286      7.666     8.4859   999.8628 0.0000e+00
      5.378     -0.042     0.1109      1.425     45.388  30.371004     0.5172     15.991    28.3701 3.1076e+00     5.3225      5.275      7.651     8.4721   999.8637 0.0000e+00
      5.364     -0.044     0.1126      1.425     45.093  30.174905     0.5038     15.991    28.6636 3.1509e+00     5.2824      5.261      7.630     8.4608   999.8645 0.0000e+00
      5.351     -0.047     0.1121      1.414     44.899  30.048434     0.4826     15.991    29.4620 3.1916e+00     5.1966      5.246      7.609     8.4561   999.8647 0.0000e+00
      5.341     -0.049     0.1164      1.394     44.892  30.047265     0.4706     15.990    30.1068 3.2203e+00     5.1439      5.237      7.598     8.4565   999.8645 0.0000e+00
      5.331     -0.051     0.1172      1.371     45.058  30.160770     0.4550     15.990    30.5228 3.2634e+00     5.1259      5.228      7.583     8.4550   999.8645 0.0000e+00
      5.317     -0.053     0.1170      1.354     45.327  30.342298     0.3982     15.990    30.7933 3.3262e+00     5.1163      5.214      7.563     8.4547   999.8644 0.0000e+00
      5.302     -0.057     0.1161      1.350     45.511  30.465709     0.3179     15.990    30.9673 3.3822e+00     5.1298      5.199      7.540     8.4599   999.8638 0.0000e+00
      5.287     -0.061     0.1142      1.354     45.481  30.447506     0.2758     15.990    31.5089 3.4304e+00     5.1184      5.184      7.519     8.4657   999.8634 0.0000e+00
      5.272     -0.064     0.1124      1.390     45.369  30.375983     0.2708     15.990    32.4375 3.4790e+00     5.0813      5.170      7.500     8.4673   999.8633 0.0000e+00
      5.255     -0.064     0.1098      1.449     45.344  30.362252     0.3434     15.990    32.8169 3.5410e+00     5.0932      5.155      7.477     8.4677   999.8633 0.0000e+00
      5.236     -0.063     0.1115      1.484     45.218  30.281493     0.5054     15.990    32.8264 3.6055e+00     5.1600      5.134      7.446     8.4686   999.8632 0.0000e+00
      5.217     -0.060     0.1092      1.463     44.744  29.970517     0.5974     15.989    33.4988 3.6495e+00     5.1677      5.113      7.416     8.4704   999.8630 0.0000e+00
      5.203     -0.057     0.1129      1.409     44.152  29.584046     0.5982     15.989    34.5797 3.6835e+00     5.1169      5.102      7.400     8.4739   999.8627 0.0000e+00
      5.191     -0.053     0.1196      1.389     43.789  29.351757     0.6581     15.988    35.7430 3.7178e+00     5.0957      5.091      7.384     8.4773   999.8624 0.0000e+00
      5.179     -0.050     0.1231      1.393     43.641  29.255479     0.7877     15.988    37.0674 3.7493e+00     5.0826      5.078      7.365     8.4814   999.8620 0.0000e+00
      5.167     -0.050     0.1217      1.360     43.629  29.244680     0.8676     15.988    38.1167 3.7821e+00     5.0616      5.067      7.350     8.4873   999.8614 0.0000e+00
      5.156     -0.054     0.1133      1.326     43.690  29.284630     0.8715     15.989    38.6218 3.8282e+00     5.0476      5.057      7.335     8.4996   999.8602 0.0000e+00
      5.142     -0.059     0.1123      1.356     43.705  29.294420     0.8441     15.989    38.9593 3.8903e+00     5.0170      5.043      7.315     8.5181   999.8588 0.0000e+00
      5.127     -0.063     0.1163      1.408     43.710  29.299617     0.7367     15.989    39.2716 3.9571e+00     4.7945      5.028      7.293     8.5190   999.8586 0.0000e+00
      5.110     -0.064     0.1116      1.432     43.776  29.347471     0.5645     15.989    39.3865 4.0268e+00     4.3833      5.012      7.269     8.5104   999.8591 0.0000e+00
      5.090     -0.064     0.1052      1.445     43.796  29.365500     0.4790     15.988    39.7460 4.0954e+00     4.1643      4.990      7.238     8.5119   999.8589 0.0000e+00
      5.070     -0.062     0.1104      1.461     43.637  29.263852     0.4656     15.988    40.2627 4.1456e+00     4.1729      4.970      7.209     8.5118   999.8588 0.0000e+00
      5.054     -0.059     0.1170      1.485     43.337  29.070053     0.4502     15.988    40.3001 4.1757e+00     4.1776      4.956      7.187     8.5125   999.8587 0.0000e+00
      5.041     -0.055     0.1171      1.505     43.108  28.925471     0.4550     15.988    40.1121 4.2021e+00     4.1876      4.944      7.169     8.5180   999.8584 0.0000e+00
      5.031     -0.052     0.1181      1.487     42.979  28.847943     0.4664     15.987    40.0546 4.2266e+00     4.2245      4.936      7.158     8.5230   999.8580 0.0000e+00
      5.020     -0.049     0.1193      1.440     42.751  28.703623     0.4643     15.987    39.9483 4.2557e+00     4.2117      4.925      7.142     8.5287   999.8575 0.0000e+00
      5.006     -0.047     0.1210      1.411     42.550  28.576166     0.4683     15.987    39.6870 4.2919e+00     4.0331      4.908      7.119     8.5367   999.8568 0.0000e+00
      4.991     -0.045     0.1248      1.411     42.446  28.512188     0.4943     15.987    39.6488 4.3177e+00     3.7820      4.894      7.097     8.5478   999.8558 0.0000e+00
      4.979     -0.044     0.1227      1.409     42.333  28.437570     0.5216     15.987    40.2605 4.3474e+00     3.6815      4.883      7.080     8.5594   999.8550 0.0000e+00
      4.970     -0.043     0.1168      1.404     42.329  28.435222     0.5407     15.986    41.1463 4.3789e+00     3.6759      4.874      7.069     8.5684   999.8542 0.0000e+00
      4.962     -0.043     0.1140      1.432     42.400  28.483799     0.5637     15.986    41.6697 4.3956e+00     3.7139      4.866      7.058     8.5785   999.8534 0.0000e+00
      4.953     -0.044     0.1156      1.473     42.449  28.517421     0.5894     15.986    41.9419 4.4207e+00     3.8332      4.858      7.045     8.5860   999.8528 0.0000e+00
      4.942     -0.045     0.1158      1.507     42.556  28.587986     0.6125     15.985    42.2864 4.4631e+00     3.9502      4.847      7.030     8.5868   999.8526 0.0000e+00
      4.928     -0.047     0.1127      1.539     42.735  28.702631     0.6237     15.985    42.7388 4.5141e+00     3.9963      4.832      7.009     8.5861   999.8527 0.0000e+00
      4.913     -0.048     0.1166      1.561     42.831  28.761700     0.6007     15.985    43.1953 4.5646e+00     3.9787      4.817      6.987     8.5868   999.8526 0.0000e+00
      4.900     -0.047     0.1211      1.576     42.691  28.667796     0.5543     15.986    43.6757 4.6035e+00     3.9422      4.806      6.969     8.5888   999.8524 0.0000e+00
      4.888     -0.043     0.1222      1.581     42.371  28.455374     0.5303     15.986    44.1592 4.6445e+00     3.9334      4.794      6.953     8.5888   999.8524 0.0000e+00
      4.878     -0.038     0.1269      1.579     42.116  28.286753     0.5383     15.986    44.4822 4.6996e+00     3.9413      4.783      6.937     8.5816   999.8529 0.0000e+00
      4.868     -0.033     0.1272      1.590     42.098  28.278381     0.5463     15.986    44.8276 4.7508e+00     3.9345      4.772      6.922     8.5710   999.8537 0.0000e+00
      4.862     -0.029     0.1293      1.611     42.210  28.354156     0.5516     15.986    45.4098 4.7795e+00     3.9877      4.766      6.913     8.5719   999.8535 0.0000e+00
      4.857     -0.027     0.1298      1.613     42.254  28.378263     0.5745     15.986    46.0148 4.8040e+00     4.1038      4.765      6.910     8.5773   999.8530 0.0000e+00
      4.852     -0.026     0.1282      1.596     42.169  28.316101     0.6029     15.986    46.6353 4.8430e+00     4.1710      4.759      6.902     8.5785   999.8528 0.0000e+00
      4.844     -0.026     0.1294      1.582     42.050  28.236923     0.6181     15.986    47.7505 4.8910e+00     4.2171      4.750      6.889     8.5855   999.8522 0.0000e+00
