Data/DataNotYetUploadedToEDI/Raw_CTD/RawDownloads/052621_fcr50.cnv
* Sea-Bird SBE19plus  Data File:
* FileName = C:\DATA\052621_fcr50_0001.hex
* Software version 2.8.0.119
* Temperature SN = 7809
* Conductivity SN = 7809
* System UpLoad Time = May 26 2021 16:39:19
* <ApplicationData>
* <Seaterm232>
# nquan = 16
# nvalues = 1540                        
# units = specified
# name 0 = depFM: Depth [fresh water, m]
# name 1 = dz/dtM: Descent Rate [m/s]
# name 2 = sbeox0ML/L: Oxygen, SBE 43 [ml/l]
# name 3 = sbeox0PS: Oxygen, SBE 43 [% saturation]
# name 4 = specc: Specific Conductance [uS/cm]
# name 5 = c0uS/cm: Conductivity [uS/cm]
# name 6 = flECO-AFL: Fluorescence, WET Labs ECO-AFL/FL [mg/m^3]
# name 7 = ph: pH
# name 8 = orp: Oxidation Reduction Potential [mV]
# name 9 = par/sat/log: PAR/Logarithmic, Satlantic
# name 10 = turbWETntu0: Turbidity, WET Labs ECO [NTU]
# name 11 = prdM: Pressure, Strain Gauge [db]
# name 12 = prdE: Pressure, Strain Gauge [psi]
# name 13 = tv290C: Temperature [ITS-90, deg C]
# name 14 = density00: Density [density, kg/m^3]
# name 15 = flag:  0.000e+00
# span 0 =     -0.611,      9.743       
# span 1 =     -0.288,      0.137       
# span 2 =     0.0908,    10.4337       
# span 3 =      1.144,    161.678       
# span 4 =      0.525,    146.289       
# span 5 =   0.553206,  96.933588       
# span 6 =    -1.0828,   259.9824       
# span 7 =     15.122,     16.026       
# span 8 = -1240.7455,   799.7223       
# span 9 = 1.2340e-01, 1.6765e+03       
# span 10 =    -0.9971,   323.2528      
# span 11 =     -0.600,      9.555      
# span 12 =     -0.870,     13.858      
# span 13 =     8.0761,    27.6704      
# span 14 =   996.3354,   999.9427      
# span 15 = 0.0000e+00, 0.0000e+00      
# interval = seconds: 0.25
# start_time = May 25 2021 22:40:31 [Instrument's time stamp, header]
# bad_flag = -9.990e-29
*END*
[from data line 91]
     -0.249      0.002     5.5523     94.805     36.645  36.160544     0.9817     15.583   251.3596 4.4248e+02     3.7647     -0.244     -0.354    24.3267   997.2342 0.0000e+00
     -0.249      0.005     5.5504     94.733     36.653  36.127865     0.9637     15.589   247.5334 4.4344e+02     3.7102     -0.244     -0.354    24.3490   997.2286 0.0000e+00
     -0.248      0.011     5.5462     94.678     36.683  36.111869     0.9511     15.594   245.9150 4.4364e+02     3.6687     -0.243     -0.353    24.3708   997.2230 0.0000e+00
     -0.248      0.020     5.5462     94.710     36.771  36.157435     0.9529     15.588   245.2997 4.4303e+02     3.6746     -0.244     -0.352    24.3722   997.2227 0.0000e+00
     -0.246      0.029     5.5501     94.810     36.895  36.234539     0.9949     15.577   242.8478 4.4174e+02     3.7821     -0.243     -0.353    24.3441   997.2298 0.0000e+00
     -0.236      0.038     5.5495     94.896     36.929  36.219100     1.0596     15.567   238.4667 4.4095e+02     3.9037     -0.235     -0.341    24.2813   997.2455 0.0000e+00
     -0.218      0.051     5.5522     94.938     36.842  36.097604     1.0862     15.567   234.5735 4.4167e+02     3.9780     -0.213     -0.309    24.2084   997.2637 0.0000e+00
     -0.202      0.066     5.5595     95.008     36.796  36.034655     1.0879     15.573   232.5138 4.4400e+02     4.0277     -0.196     -0.285    24.1632   997.2750 0.0000e+00
     -0.191      0.080     5.5734     95.120     36.806  36.029095     1.1274     15.578   231.5458 4.4697e+02     4.0928     -0.188     -0.274    24.1040   997.2898 0.0000e+00
     -0.175      0.092     5.5884     95.242     36.762  35.966892     1.2009     15.583   230.7853 4.5372e+02     4.1812     -0.179     -0.260    24.0262   997.3092 0.0000e+00
     -0.144      0.103     5.5932     95.302     36.664  35.853647     1.2339     15.586   230.2021 4.6384e+02     4.2041     -0.143     -0.206    23.9695   997.3232 0.0000e+00
     -0.109      0.111     5.5981     95.076     36.507  35.675155     1.2305     15.588   229.7418 4.7111e+02     4.2328     -0.103     -0.149    23.9623   997.3251 0.0000e+00
     -0.079      0.112     5.6087     94.653     36.324  35.458605     1.2360     15.590   229.3494 4.7134e+02     4.2532     -0.080     -0.116    23.9469   997.3291 0.0000e+00
     -0.046      0.104     5.6180     94.621     36.174  35.265895     1.2623     15.593   229.6737 4.0914e+02     4.1407     -0.046     -0.065    23.9043   997.3396 0.0000e+00
     -0.015      0.087     5.6318     95.290     36.073  35.121810     1.3009     15.597   230.1358 3.1347e+02     4.0061     -0.012     -0.017    23.8940   997.3424 0.0000e+00
      0.008      0.068     5.6233     96.483     36.042  35.048970     1.3109     15.599   230.2052 3.0048e+02     3.9641      0.012      0.017    23.8629   997.3501 0.0000e+00
      0.021      0.049     5.5839     97.995     36.052  35.019686     1.2984     15.600   230.1685 3.3014e+02     4.0109      0.024      0.035    23.8047   997.3643 0.0000e+00
      0.025      0.031     5.5824     99.733     36.090  35.021500     1.3206     15.601   230.0357 3.4302e+02     4.0916      0.025      0.036    23.7394   997.3802 0.0000e+00
      0.026      0.016     5.6369    101.532     36.174  35.070860     1.3692     15.603   229.5458 3.4970e+02     4.1161      0.026      0.038    23.6726   997.3964 0.0000e+00
      0.027      0.007     5.7182    103.081     36.240  35.108808     1.3806     15.605   228.8048 3.4994e+02     4.0671      0.027      0.038    23.6140   997.4107 0.0000e+00
      0.027      0.003     5.8139    103.984     36.249  35.099560     1.3641     15.607   228.3899 3.4774e+02     4.0143      0.026      0.038    23.5594   997.4239 0.0000e+00
      0.027      0.001     5.9259    104.024     36.250  35.085930     1.3603     15.607   228.3157 3.4441e+02     4.0263      0.027      0.039    23.5135   997.4351 0.0000e+00
      0.028      0.001     6.0443    103.387     36.247  35.070889     1.3723     15.608   228.5099 3.3996e+02     4.0757      0.027      0.039    23.4671   997.4463 0.0000e+00
      0.028      0.001     6.1506    102.495     36.228  35.044596     1.3748     15.608   228.8447 3.3809e+02     4.0618      0.027      0.039    23.4286   997.4556 0.0000e+00
      0.028      0.000     6.2133    101.653     36.206  35.021828     1.3629     15.608   228.3204 3.3987e+02     3.9954      0.027      0.039    23.4086   997.4604 0.0000e+00
      0.028      0.000     6.2124    100.787     36.230  35.049420     1.3620     15.608   227.0748 3.3888e+02     3.9254      0.027      0.039    23.3896   997.4650 0.0000e+00
      0.028      0.001     6.1662     99.565     36.299  35.124391     1.3725     15.607   226.2592 3.3679e+02     3.8684      0.027      0.039    23.3686   997.4700 0.0000e+00
      0.028      0.002     6.1070     98.360     36.334  35.166858     1.3857     15.605   225.9445 3.3682e+02     3.8547      0.028      0.040    23.3563   997.4730 0.0000e+00
      0.028      0.003     6.0575     98.730     36.346  35.182169     1.3880     15.605   226.0235 3.3666e+02     3.8287      0.027      0.039    23.3579   997.4726 0.0000e+00
      0.029      0.005     6.0177    101.861     36.346  35.182604     1.3809     15.606   226.0097 3.3771e+02     3.8631      0.028      0.040    23.3621   997.4716 0.0000e+00
      0.030      0.006     5.9441    107.245     36.333  35.172127     1.3759     15.607   225.1759 3.4004e+02     3.9958      0.029      0.042    23.3726   997.4691 0.0000e+00
      0.033      0.007     5.8236    113.220     36.338  35.182398     1.3764     15.607   223.8576 3.4119e+02     4.0594      0.032      0.047    23.3949   997.4637 0.0000e+00
      0.036      0.008     5.8128    118.257     36.325  35.179888     1.3863     15.606   223.1478 3.4215e+02     4.0492      0.036      0.052    23.3942   997.4639 0.0000e+00
      0.038      0.009     6.0162    121.740     36.275  35.141795     1.3816     15.606   223.3913 3.4269e+02     4.0102      0.037      0.054    23.3922   997.4644 0.0000e+00
      0.039      0.010     6.3765    123.567     36.226  35.102568     1.3676     15.606   223.8754 3.4559e+02     3.9993      0.039      0.057    23.3966   997.4634 0.0000e+00
      0.041      0.010     6.7704    123.656     36.203  35.086329     1.3696     15.606   223.8387 3.4944e+02     4.0545      0.041      0.059    23.4000   997.4625 0.0000e+00
      0.044      0.010     7.0752    122.108     36.183  35.072371     1.3766     15.606   223.3787 3.4330e+02     4.0940      0.043      0.062    23.4198   997.4578 0.0000e+00
      0.048      0.009     7.2791    119.378     36.167  35.060718     1.3856     15.606   223.0451 3.3780e+02     4.0993      0.048      0.069    23.4347   997.4542 0.0000e+00
      0.051      0.008     7.3912    116.253     36.175  35.072356     1.3642     15.606   222.8166 3.4262e+02     4.0498      0.051      0.073    23.4429   997.4522 0.0000e+00
      0.053      0.006     7.3936    113.615     36.183  35.086179     1.3172     15.606   222.6811 3.4066e+02     3.9765      0.052      0.074    23.4530   997.4498 0.0000e+00
      0.053      0.004     7.2906    111.961     36.192  35.100958     1.3135     15.606   222.7833 3.3611e+02     3.9677      0.052      0.076    23.4610   997.4479 0.0000e+00
      0.053      0.002     7.1114    111.264     36.208  35.124133     1.3293     15.606   223.1914 3.3930e+02     4.0125      0.052      0.076    23.4644   997.4470 0.0000e+00
      0.054      0.001     6.9029    111.298     36.189  35.112585     1.3366     15.605   223.4854 3.3864e+02     4.0380      0.053      0.076    23.4689   997.4460 0.0000e+00
      0.054      0.000     6.7334    111.804     36.161  35.088253     1.3537     15.605   223.2419 3.3844e+02     4.0010      0.053      0.076    23.4795   997.4434 0.0000e+00
      0.054 2.0660e-08     6.6380    112.503     36.154  35.083763     1.3747     15.605   223.0003 3.4237e+02     3.9775      0.053      0.077    23.4867   997.4416 0.0000e+00
      0.054 2.2726e-07     6.5998    113.188     36.128  35.058297     1.3897     15.605   222.8870 3.3919e+02     4.0279      0.052      0.075    23.4992   997.4387 0.0000e+00
      0.054 2.2728e-07     6.6055    113.721     36.104  35.034165     1.3828     15.605   222.6460 3.3449e+02     4.0609      0.053      0.076    23.5098   997.4361 0.0000e+00
      0.054 2.0968e-08     6.6423    113.973     36.117  35.045806     1.3669     15.605   223.0117 3.3569e+02     3.9994      0.053      0.077    23.5089   997.4363 0.0000e+00
      0.054 5.2661e-09     6.6876    113.994     36.145  35.072133     1.3599     15.605   223.7811 3.3615e+02     3.9368      0.053      0.076    23.5158   997.4346 0.0000e+00
      0.054 3.7438e-08     6.7293    113.990     36.172  35.098659     1.3651     15.604   223.7761 3.3419e+02     3.9559      0.053      0.077    23.5157   997.4347 0.0000e+00
      0.053 4.0996e-07     6.7666    114.102     36.188  35.112712     1.3630     15.604   223.1230 3.3698e+02     3.9215      0.052      0.076    23.5101   997.4360 0.0000e+00
      0.053      0.000     6.7805    114.414     36.194  35.115134     1.3343     15.604   222.4227 3.3858e+02     3.7953      0.052      0.076    23.5128   997.4353 0.0000e+00
      0.054      0.000     6.7749    114.941     36.210  35.127940     1.3129     15.604   222.1058 3.3563e+02     3.7685      0.053      0.077    23.5092   997.4363 0.0000e+00
      0.054      0.001     6.7735    115.635     36.226  35.140632     1.3045     15.605   222.4755 3.3701e+02     3.8033      0.053      0.077    23.5114   997.4357 0.0000e+00
      0.054      0.001     6.7772    116.436     36.230  35.141683     1.2906     15.605   223.1073 3.3863e+02     3.7698      0.053      0.077    23.5122   997.4355 0.0000e+00
      0.054      0.001     6.7967    117.198     36.230  35.140644     1.2886     15.605   223.2053 3.3708e+02     3.7417      0.054      0.078    23.5028   997.4378 0.0000e+00
      0.054      0.001     6.8303    117.751     36.217  35.128066     1.2986     15.605   222.5421 3.3582e+02     3.7377      0.053      0.077    23.5025   997.4378 0.0000e+00
      0.055      0.004     6.8720    118.066     36.207  35.116519     1.2979     15.605   221.7999 3.3777e+02     3.7558      0.054      0.078    23.4963   997.4394 0.0000e+00
      0.055      0.009     6.9242    118.310     36.221  35.127931     1.2890     15.605   221.7167 3.4173e+02     3.7896      0.054      0.078    23.4900   997.4409 0.0000e+00
      0.055      0.016     6.9736    118.666     36.236  35.139134     1.3057     15.606   221.9659 3.4087e+02     3.8367      0.054      0.078    23.4925   997.4403 0.0000e+00
      0.057      0.023     7.0078    119.111     36.228  35.125063     1.3566     15.606   222.2324 3.3568e+02     3.9137      0.054      0.079    23.4916   997.4405 0.0000e+00
      0.065      0.028     7.0224    119.486     36.196  35.084694     1.3890     15.605   222.6161 3.3012e+02     3.9306      0.062      0.089    23.4892   997.4411 0.0000e+00
      0.079      0.031     7.0312    119.627     36.154  35.031747     1.3826     15.605   222.7334 3.2440e+02     3.9722      0.078      0.114    23.4868   997.4418 0.0000e+00
      0.091      0.031     7.0548    119.450     36.127  34.992513     1.3754     15.606   222.5309 3.2084e+02     4.1423      0.090      0.131    23.4832   997.4427 0.0000e+00
      0.099      0.028     7.0865    119.025     36.136  34.991028     1.3784     15.606   222.4056 3.1884e+02     4.3050      0.097      0.141    23.4722   997.4454 0.0000e+00
      0.105      0.023     7.1137    118.560     36.170  35.013780     1.3806     15.606   222.5093 3.1604e+02     4.3262      0.104      0.151    23.4615   997.4480 0.0000e+00
      0.109      0.018     7.1273    118.310     36.178  35.013771     1.3733     15.607   222.5796 3.1427e+02     4.2263      0.106      0.154    23.4413   997.4528 0.0000e+00
      0.112      0.013     7.1178    118.451     36.160  34.990905     1.3660     15.608   222.3947 3.1337e+02     4.1273      0.108      0.159    23.4215   997.4577 0.0000e+00
      0.115      0.009     7.0887    118.958     36.163  34.991123     1.3780     15.608   222.3396 3.1242e+02     4.0903      0.113      0.163    23.4131   997.4597 0.0000e+00
      0.117      0.006     7.0577    119.620     36.187  35.016399     1.3753     15.608   222.5154 3.1205e+02     4.0540      0.115      0.166    23.3957   997.4639 0.0000e+00
      0.117      0.004     7.0399    120.247     36.208  35.042706     1.3526     15.608   222.0257 3.1230e+02     3.9965      0.115      0.167    23.3837   997.4668 0.0000e+00
      0.117      0.002     7.0492    120.811     36.214  35.055387     1.3519     15.608   221.0645 3.1236e+02     4.0132      0.115      0.167    23.3781   997.4681 0.0000e+00
      0.117      0.001     7.0866    121.336     36.197  35.042817     1.3666     15.608   220.8739 3.1144e+02     4.0855      0.115      0.167    23.3709   997.4699 0.0000e+00
      0.117      0.000     7.1301    121.748     36.170  35.017646     1.3783     15.608   221.0978 3.1090e+02     4.1148      0.115      0.167    23.3750   997.4689 0.0000e+00
      0.117     -0.001     7.1663    121.972     36.158  35.004871     1.3790     15.608   221.1040 3.1195e+02     4.0580      0.115      0.167    23.3852   997.4664 0.0000e+00
      0.117     -0.005     7.1960    122.062     36.171  35.015255     1.3747     15.608   220.9490 3.1226e+02     3.9489      0.115      0.167    23.3957   997.4638 0.0000e+00
      0.117     -0.011     7.2292    122.069     36.175  35.016287     1.3831     15.608   220.1698 3.1060e+02     3.9284      0.116      0.168    23.4024   997.4623 0.0000e+00
      0.117     -0.021     7.2563    121.932     36.180  35.017338     1.4143     15.607   218.9962 3.1182e+02     4.0161      0.116      0.167    23.4026   997.4623 0.0000e+00
      0.112     -0.038     7.2679    121.657     36.194  35.027960     1.4467     15.607   218.4611 3.1791e+02     4.0482      0.111      0.161    23.3990   997.4631 0.0000e+00
      0.104     -0.058     7.2715    121.401     36.185  35.017815     1.4416     15.608   218.5180 3.2466e+02     4.0079      0.104      0.151    23.3960   997.4637 0.0000e+00
      0.089     -0.080     7.2749    121.233     36.188  35.021585     1.3993     15.608   218.5645 3.2951e+02     3.9742      0.091      0.132    23.3941   997.4641 0.0000e+00
      0.065     -0.097     7.2694    121.143     36.238  35.073532     1.3455     15.607   218.3359 3.4471e+02     3.9162      0.067      0.098    23.3871   997.4657 0.0000e+00
      0.030     -0.106     7.2466    121.117     36.298  35.138265     1.3158     15.606   217.9050 3.6581e+02     3.8554      0.031      0.045    23.3835   997.4664 0.0000e+00
     -0.008     -0.104     7.2315    121.093     36.316  35.169728     1.3167     15.605   217.6560 3.6821e+02     3.8229     -0.008     -0.012    23.3816   997.4667 0.0000e+00
     -0.044     -0.092     7.2225    121.079     36.328  35.200150     1.2994     15.605   217.5634 3.6013e+02     3.8669     -0.045     -0.066    23.3811   997.4666 0.0000e+00
     -0.070     -0.072     7.2152    121.072     36.362  35.252304     1.2687     15.605   217.3875 3.5736e+02     4.0091     -0.075     -0.109    23.3850   997.4656 0.0000e+00
     -0.082     -0.048     7.2161    120.932     36.384  35.292704     1.2602     15.605   217.2493 3.5786e+02     4.1007     -0.083     -0.121    23.3926   997.4637 0.0000e+00
     -0.083     -0.026     7.2104    120.540     36.385  35.307914     1.2642     15.604   217.5276 3.5785e+02     4.1161     -0.081     -0.118    23.4153   997.4582 0.0000e+00
     -0.081     -0.008     7.2048    119.973     36.378  35.309320     1.2784     15.604   217.9141 3.5783e+02     4.0925     -0.080     -0.116    23.4412   997.4521 0.0000e+00
