Data/DataNotYetUploadedToEDI/Raw_CTD/RawDownloads/052625_fcr50_S7809007.cnv
* Sea-Bird SBE19plus  Data File:
* FileName = C:\R\Reservoirs\Data\DataNotYetUploadedToEDI\Raw_CTD\RawDownloads\051925_fcr50_S7809_0007.hex
* Software version 2.8.0.119
* Temperature SN = 7809
* Conductivity SN = 7809
* System UpLoad Time = May 27 2025 14:04:39
* <ApplicationData>
* <Seaterm232>
# nquan = 15
# nvalues = 1293                        
# units = specified
# name 0 = depFM: Depth [fresh water, m]
# name 1 = dz/dtM: Descent Rate [m/s]
# name 2 = sbeox0Mg/L: Oxygen, SBE 43 [mg/l]
# name 3 = sbeox0PS: Oxygen, SBE 43 [% saturation]
# name 4 = specc: Specific Conductance [uS/cm]
# name 5 = c0uS/cm: Conductivity [uS/cm]
# name 6 = flECO-AFL: Fluorescence, WET Labs ECO-AFL/FL [mg/m^3]
# name 7 = ph: pH
# name 8 = orp: Oxidation Reduction Potential [mV]
# name 9 = par/sat/log: PAR/Logarithmic, Satlantic
# name 10 = turbWETntu0: Turbidity, WET Labs ECO [NTU]
# name 11 = prdM: Pressure, Strain Gauge [db]
# name 12 = prdE: Pressure, Strain Gauge [psi]
# name 13 = tv290C: Temperature [ITS-90, deg C]
# name 14 = flag:  0.000e+00
# span 0 =     -0.588,      2.195       
# span 1 =     -0.246,      0.206       
# span 2 =     3.7030,    11.1558       
# span 3 =     38.351,    120.523       
# span 4 =      1.526,     56.363       
# span 5 =   1.194094,  47.038920       
# span 6 =    -0.1290,    69.9347       
# span 7 =      6.537,     10.272       
# span 8 =  -339.0726,   188.6755       
# span 9 = 4.3713e-01, 4.4261e+02       
# span 10 =     1.2135,   142.4354      
# span 11 =     -0.577,      2.153      
# span 12 =     -0.837,      3.123      
# span 13 =    14.1205,    19.4204      
# span 14 = 0.0000e+00, 0.0000e+00      
# interval = seconds: 0.25
# start_time = May 26 2025 12:22:31 [Instrument's time stamp, header]
# bad_flag = -9.990e-29
*END*
[from data line 193]
      0.078     -0.002    10.8526    112.531     31.891  28.271459     5.8899      9.640    78.6956 2.0776e+02     8.6422      0.077      0.112    19.3126 0.0000e+00
      0.078     -0.001    10.6936    111.875     31.905  28.284048     5.9101      9.644    78.8533 2.0796e+02     8.6885      0.077      0.111    19.3157 0.0000e+00
      0.078      0.001    10.5576    111.386     31.905  28.285183     5.8879      9.647    79.0890 2.0778e+02     8.5730      0.076      0.111    19.3185 0.0000e+00
      0.079      0.002    10.4441    111.019     31.904  28.285182     5.8543      9.650    79.4815 2.0678e+02     8.5769      0.077      0.111    19.3197 0.0000e+00
      0.081      0.002    10.3617    110.769     31.900  28.284038     5.8277      9.654    79.8121 2.0554e+02     8.7017      0.079      0.115    19.3200 0.0000e+00
      0.083      0.002    10.3051    110.612     31.884  28.271354     5.8160      9.657    79.9891 2.0459e+02     8.7500      0.081      0.118    19.3201 0.0000e+00
      0.083      0.001    10.2614    110.505     31.869  28.258679     5.8040      9.660    80.1584 2.0421e+02     8.6829      0.081      0.118    19.3211 0.0000e+00
      0.083      0.000    10.2259    110.404     31.868  28.257630     5.7754      9.664    80.3972 2.0443e+02     8.6413      0.081      0.118    19.3235 0.0000e+00
      0.082     -0.001    10.2040    110.323     31.868  28.258678     5.7690      9.668    80.5527 2.0484e+02     8.6919      0.081      0.117    19.3266 0.0000e+00
      0.081     -0.001    10.1895    110.291     31.882  28.271354     5.7936      9.671    80.5770 2.0519e+02     8.7142      0.080      0.116    19.3291 0.0000e+00
      0.080     -0.001    10.1819    110.266     31.897  28.284038     5.8063      9.675    80.6908 2.0536e+02     8.7059      0.079      0.114    19.3301 0.0000e+00
      0.080      0.000    10.1724    110.242     31.899  28.285192     5.7895      9.677    80.9826 2.0490e+02     8.6940      0.079      0.114    19.3312 0.0000e+00
      0.080      0.000    10.1610    110.239     31.901  28.285307     5.7488      9.680    81.2647 2.0417e+02     8.6385      0.079      0.114    19.3323 0.0000e+00
      0.081      0.001    10.1624    110.238     31.901  28.285421     5.7218      9.682    81.4351 2.0344e+02     8.6487      0.080      0.115    19.3324 0.0000e+00
      0.082      0.001    10.1594    110.241     31.902  28.286566     5.7296      9.685    81.5801 2.0278e+02     8.6816      0.081      0.117    19.3323 0.0000e+00
      0.082      0.000    10.1553    110.254     31.917  28.299155     5.7270      9.688    81.8129 2.0262e+02     8.6599      0.081      0.117    19.3309 0.0000e+00
      0.082     -0.001    10.1584    110.277     31.932  28.310781     5.7151      9.692    82.0985 2.0270e+02     8.7279      0.081      0.117    19.3291 0.0000e+00
      0.081     -0.002    10.1568    110.319     31.921  28.300280     5.7195      9.695    82.2803 2.0302e+02     8.8898      0.080      0.115    19.3289 0.0000e+00
      0.080     -0.002    10.1571    110.361     31.920  28.299031     5.7220      9.698    82.3763 2.0389e+02     9.0115      0.079      0.115    19.3283 0.0000e+00
      0.079     -0.001    10.1592    110.371     31.915  28.295685     5.7360      9.701    82.5707 2.0454e+02     9.0038      0.078      0.114    19.3273 0.0000e+00
      0.079      0.000    10.1603    110.336     31.874  28.259823     5.7390      9.705    82.8247 2.0436e+02     8.8307      0.077      0.112    19.3259 0.0000e+00
      0.079      0.001    10.1658    110.266     31.858  28.245985     5.7165      9.709    83.0381 2.0352e+02     8.6954      0.078      0.113    19.3239 0.0000e+00
      0.080      0.001    10.1709    110.200     31.868  28.255229     5.7220      9.711    83.1716 2.0235e+02     8.7340      0.079      0.114    19.3235 0.0000e+00
      0.081      0.001    10.1720    110.186     31.858  28.244737     5.7557      9.714    83.2341 2.0156e+02     8.7853      0.080      0.115    19.3245 0.0000e+00
      0.082      0.001    10.1683    110.226     31.862  28.245974     5.7659      9.717    83.3641 2.0125e+02     8.7348      0.081      0.117    19.3254 0.0000e+00
      0.082      0.000    10.1606    110.290     31.890  28.270189     5.7376      9.720    83.4533 2.0140e+02     8.6360      0.080      0.116    19.3265 0.0000e+00
      0.081     -0.001    10.1518    110.349     31.906  28.283810     5.7291      9.723    83.5383 2.0190e+02     8.6159      0.080      0.115    19.3264 0.0000e+00
      0.080     -0.001    10.1517    110.406     31.908  28.283811     5.7555      9.725    83.7889 2.0210e+02     8.6619      0.079      0.114    19.3237 0.0000e+00
      0.080     -0.001    10.1571    110.484     31.895  28.270200     5.7564      9.727    84.0743 2.0192e+02     8.6451      0.078      0.114    19.3207 0.0000e+00
      0.080     -0.001    10.1641    110.551     31.870  28.246088     5.7233      9.729    84.3220 2.0151e+02     8.5833      0.078      0.114    19.3199 0.0000e+00
      0.080     -0.001    10.1705    110.578     31.871  28.245985     5.6973      9.733    84.5463 2.0127e+02     8.5642      0.079      0.114    19.3191 0.0000e+00
      0.080     -0.001    10.1732    110.573     31.899  28.268953     5.6999      9.737    84.7213 2.0147e+02     8.6194      0.079      0.114    19.3160 0.0000e+00
      0.079     -0.001    10.1841    110.551     31.901  28.270088     5.7045      9.739    84.8902 2.0172e+02     8.6701      0.078      0.113    19.3124 0.0000e+00
      0.078      0.000    10.1916    110.538     31.890  28.259698     5.6947      9.740    85.0394 2.0168e+02     8.5966      0.077      0.112    19.3098 0.0000e+00
      0.078      0.000    10.1937    110.539     31.900  28.270191     5.6976      9.742    85.1481 2.0155e+02     8.5157      0.076      0.111    19.3079 0.0000e+00
      0.078      0.001    10.1938    110.531     31.898  28.270097     5.7236      9.745    85.3449 2.0144e+02     8.5809      0.077      0.112    19.3059 0.0000e+00
      0.079      0.001    10.1906    110.493     31.883  28.258565     5.7501      9.747    85.6112 2.0093e+02     8.7006      0.077      0.112    19.3039 0.0000e+00
      0.080      0.002    10.1895    110.458     31.881  28.257610     5.7516      9.749    85.8725 2.0031e+02     8.7678      0.079      0.114    19.3036 0.0000e+00
      0.081      0.002    10.1899    110.470     31.883  28.258554     5.7346      9.751    86.0952 2.0003e+02     8.7449      0.079      0.115    19.3062 0.0000e+00
      0.081      0.001    10.1898    110.534     31.898  28.269973     5.7184      9.754    86.2396 1.9982e+02     8.6628      0.079      0.115    19.3096 0.0000e+00
      0.081      0.001    10.1842    110.611     31.898  28.268829     5.7225      9.756    86.3278 1.9956e+02     8.6626      0.080      0.115    19.3117 0.0000e+00
      0.081      0.000    10.1792    110.688     31.872  28.244716     5.7263      9.758    86.3876 1.9936e+02     8.6741      0.079      0.115    19.3126 0.0000e+00
      0.081     -0.001    10.1798    110.767     31.858  28.232136     5.6893      9.761    86.5325 1.9932e+02     8.6311      0.080      0.115    19.3119 0.0000e+00
      0.081     -0.001    10.1886    110.826     31.872  28.243572     5.6493      9.763    86.7882 1.9931e+02     8.6206      0.079      0.115    19.3085 0.0000e+00
      0.080     -0.001    10.1969    110.881     31.887  28.256134     5.6429      9.764    86.9842 1.9933e+02     8.6164      0.079      0.114    19.3053 0.0000e+00
      0.080     -0.001    10.2026    110.944     31.889  28.257172     5.6697      9.766    87.0955 1.9935e+02     8.6479      0.079      0.114    19.3047 0.0000e+00
      0.079     -0.001    10.2126    110.995     31.889  28.256125     5.7068      9.768    87.2735 1.9932e+02     8.6600      0.078      0.113    19.3047 0.0000e+00
      0.079     -0.001    10.2166    111.013     31.876  28.243460     5.7172      9.771    87.4165 1.9927e+02     8.5580      0.078      0.113    19.3035 0.0000e+00
      0.079     -0.001    10.2211    110.993     31.862  28.230900     5.7209      9.773    87.4471 1.9895e+02     8.5421      0.078      0.113    19.3031 0.0000e+00
      0.079     -0.002    10.2284    110.944     31.863  28.231109     5.7265      9.775    87.5576 1.9907e+02     8.6731      0.079      0.114    19.3022 0.0000e+00
      0.078     -0.003    10.2341    110.891     31.882  28.245986     5.7184      9.777    87.7205 1.9967e+02     8.7411      0.078      0.112    19.2988 0.0000e+00
      0.077     -0.004    10.2368    110.852     31.926  28.283928     5.6974      9.779    87.8670 1.9983e+02     8.7160      0.076      0.110    19.2972 0.0000e+00
      0.077     -0.004    10.2340    110.826     31.954  28.309298     5.6635      9.782    88.1246 1.9995e+02     8.6415      0.076      0.110    19.2976 0.0000e+00
      0.076     -0.004    10.2292    110.804     31.938  28.299033     5.6335      9.785    88.4259 2.0058e+02     8.5580      0.075      0.109    19.2968 0.0000e+00
      0.074     -0.003    10.2238    110.789     31.917  28.286669     5.6513      9.788    88.5854 2.0138e+02     8.5266      0.073      0.106    19.2937 0.0000e+00
      0.073     -0.000    10.2217    110.793     31.908  28.286669     5.6952      9.791    88.6758 2.0157e+02     8.4662      0.071      0.103    19.2894 0.0000e+00
      0.073      0.002    10.2193    110.803     31.915  28.299041     5.6979      9.793    88.8307 2.0098e+02     8.3406      0.070      0.102    19.2893 0.0000e+00
      0.074      0.005    10.2165    110.789     31.920  28.309421     5.6846      9.795    88.9965 1.9983e+02     8.2718      0.072      0.105    19.2963 0.0000e+00
      0.077      0.006    10.2113    110.749     31.888  28.285317     5.6924      9.798    89.1311 1.9818e+02     8.3179      0.075      0.109    19.3084 0.0000e+00
      0.080      0.006    10.2093    110.696     31.858  28.261308     5.7166      9.801    89.2542 1.9649e+02     8.4199      0.078      0.114    19.3214 0.0000e+00
      0.083      0.005    10.2101    110.655     31.870  28.272850     5.7279      9.803    89.3657 1.9499e+02     8.4459      0.082      0.119    19.3317 0.0000e+00
      0.084      0.002    10.2064    110.631     31.899  28.298011     5.7127      9.806    89.5330 1.9461e+02     8.3933      0.084      0.121    19.3393 0.0000e+00
      0.084     -0.000    10.2016    110.607     31.917  28.311822     5.6910      9.808    89.7283 1.9566e+02     8.4326      0.083      0.121    19.3457 0.0000e+00
      0.082     -0.002    10.1942    110.588     31.920  28.312984     5.6732      9.808    89.8341 1.9680e+02     8.6136      0.081      0.117    19.3517 0.0000e+00
      0.080     -0.002    10.1897    110.603     31.920  28.312059     5.6809      9.810    89.9519 1.9715e+02     8.7715      0.079      0.113    19.3537 0.0000e+00
      0.079     -0.001    10.1891    110.647     31.907  28.300642     5.6843      9.815    90.1204 1.9674e+02     8.7358      0.078      0.113    19.3512 0.0000e+00
      0.080      0.000    10.1875    110.686     31.910  28.301797     5.6642      9.819    90.2365 1.9590e+02     8.6607      0.078      0.113    19.3481 0.0000e+00
      0.081      0.002    10.1847    110.716     31.936  28.326013     5.6716      9.821    90.4094 1.9515e+02     8.7174      0.079      0.115    19.3450 0.0000e+00
      0.081      0.004    10.1862    110.731     31.944  28.339735     5.6978      9.824    90.6618 1.9500e+02     8.7379      0.080      0.116    19.3441 0.0000e+00
      0.081      0.004    10.1926    110.708     31.934  28.340868     5.7069      9.828    90.7937 1.9474e+02     8.7039      0.080      0.115    19.3451 0.0000e+00
      0.082      0.004    10.1962    110.642     31.925  28.339722     5.6902      9.830    90.7997 1.9354e+02     8.6820      0.081      0.117    19.3413 0.0000e+00
      0.085      0.003    10.1989    110.537     31.908  28.325894     5.6619      9.831    90.9062 1.9242e+02     8.6444      0.084      0.122    19.3401 0.0000e+00
      0.087      0.002    10.1998    110.402     31.880  28.300525     5.6570      9.834    91.1345 1.9194e+02     8.6930      0.086      0.125    19.3520 0.0000e+00
      0.088      0.002    10.1930    110.267     31.864  28.286686     5.6730      9.837    91.3236 1.9179e+02     8.7234      0.086      0.125    19.3717 0.0000e+00
      0.087      0.001    10.1844    110.145     31.862  28.285428     5.6799      9.839    91.5572 1.9208e+02     8.6358      0.085      0.124    19.3847 0.0000e+00
      0.085     -0.001    10.1751    110.038     31.862  28.285314     5.7156      9.842    91.8943 1.9227e+02     8.5214      0.084      0.122    19.3833 0.0000e+00
      0.085     -0.002    10.1617    109.987     31.864  28.285304     5.8049      9.844    92.0442 1.9193e+02     8.4678      0.083      0.121    19.3797 0.0000e+00
      0.085     -0.002    10.1486    110.031     31.868  28.285304     5.8768      9.846    91.9925 1.9160e+02     8.5343      0.084      0.121    19.3812 0.0000e+00
      0.085     -0.003    10.1377    110.126     31.871  28.285314     5.9025      9.848    92.0437 1.9158e+02     8.5396      0.085      0.122    19.3838 0.0000e+00
      0.085     -0.003    10.1261    110.215     31.876  28.285429     5.8830      9.850    92.1474 1.9198e+02     8.4294      0.084      0.122    19.3839 0.0000e+00
      0.083     -0.002    10.1199    110.310     31.881  28.286687     5.8487      9.853    92.2133 1.9270e+02     8.4311      0.082      0.119    19.3798 0.0000e+00
      0.081      0.000    10.1267    110.391     31.897  28.300515     5.8538      9.856    92.4099 1.9295e+02     8.5264      0.079      0.114    19.3750 0.0000e+00
      0.080      0.001    10.1404    110.413     31.923  28.325761     5.8699      9.858    92.7188 1.9199e+02     8.5571      0.077      0.112    19.3703 0.0000e+00
      0.082      0.003    10.1468    110.395     31.934  28.338237     5.8442      9.861    92.9366 1.9011e+02     8.4950      0.080      0.116    19.3633 0.0000e+00
      0.085      0.003    10.1581    110.358     31.916  28.324513     5.7932      9.863    93.0638 1.8860e+02     8.3565      0.084      0.121    19.3577 0.0000e+00
      0.087      0.003    10.1686    110.299     31.872  28.286687     5.7856      9.865    93.2246 1.8778e+02     8.2827      0.086      0.124    19.3577 0.0000e+00
      0.088      0.002    10.1677    110.261     31.844  28.261440     5.8106      9.868    93.4191 1.8756e+02     8.3544      0.087      0.126    19.3609 0.0000e+00
      0.088     -0.001    10.1642    110.266     31.859  28.272964     5.8453      9.871    93.5219 1.8815e+02     8.4037      0.087      0.126    19.3657 0.0000e+00
      0.087     -0.003    10.1614    110.259     31.891  28.299155     5.8972      9.873    93.6066 1.8930e+02     8.3316      0.086      0.124    19.3707 0.0000e+00
      0.085     -0.005    10.1537    110.225     31.923  28.324412     5.9226      9.875    93.7561 1.9079e+02     8.2686      0.083      0.121    19.3715 0.0000e+00
      0.082     -0.005    10.1480    110.192     31.926  28.324630     5.9361      9.877    93.8662 1.9202e+02     8.3591      0.080      0.116    19.3684 0.0000e+00
      0.080     -0.004    10.1539    110.180     31.901  28.301785     5.9526      9.879    93.9909 1.9233e+02     8.4698      0.079      0.114    19.3675 0.0000e+00
      0.080     -0.002    10.1525    110.189     31.899  28.301900     5.9298      9.880    94.1446 1.9214e+02     8.4118      0.079      0.114    19.3653 0.0000e+00
      0.080      0.000    10.1501    110.195     31.924  28.326021     5.8939      9.882    94.2622 1.9182e+02     8.3745      0.079      0.114    19.3582 0.0000e+00
      0.081      0.002    10.1471    110.183     31.936  28.339736     5.9012      9.884    94.4666 1.9112e+02     8.4633      0.079      0.114    19.3534 0.0000e+00
      0.082      0.002    10.1461    110.175     31.934  28.340869     5.9172      9.886    94.8089 1.9029e+02     8.4599      0.080      0.117    19.3536 0.0000e+00
