Data/DataNotYetUploadedToEDI/Raw_CTD/RawDownloads/052625_bvr50_S8188003.cnv
* Sea-Bird SBE19plus  Data File:
* FileName = C:\R\Reservoirs\Data\DataNotYetUploadedToEDI\Raw_CTD\RawDownloads\051925_bvr50_S8188_0003.hex
* Software version 2.8.0.119
* Temperature SN = 8188
* Conductivity SN = 8188
* System UpLoad Time = May 29 2025 15:48:49
* <ApplicationData>
* <Seaterm232>
# nquan = 16
# nvalues = 2069                        
# units = specified
# name 0 = depFM: Depth [fresh water, m]
# name 1 = dz/dtM: Descent Rate [m/s]
# name 2 = sbeox0Mg/L: Oxygen, SBE 43 [mg/l]
# name 3 = sbeox0PS: Oxygen, SBE 43 [% saturation]
# name 4 = specc: Specific Conductance [uS/cm]
# name 5 = c0uS/cm: Conductivity [uS/cm]
# name 6 = wetCDOM: Fluorescence, WET Labs CDOM [mg/m^3]
# name 7 = flECO-AFL: Fluorescence, WET Labs ECO-AFL/FL [mg/m^3]
# name 8 = flECO-AFL1: Fluorescence, WET Labs ECO-AFL/FL, 2 [mg/m^3]
# name 9 = flECO-AFL2: Fluorescence, WET Labs ECO-AFL/FL, 3 [mg/m^3]
# name 10 = par/sat/log: PAR/Logarithmic, Satlantic
# name 11 = turbWETntu0: Turbidity, WET Labs ECO [NTU]
# name 12 = prdM: Pressure, Strain Gauge [db]
# name 13 = prdE: Pressure, Strain Gauge [psi]
# name 14 = tv290C: Temperature [ITS-90, deg C]
# name 15 = flag:  0.000e+00
# span 0 =     -0.691,      6.429       
# span 1 =     -0.207,      0.141       
# span 2 =    -0.5603,    13.5762       
# span 3 =     -5.627,    144.833       
# span 4 =      1.287,    124.872       
# span 5 =   0.971128,  90.383968       
# span 6 =    -4.5000,    43.6500       
# span 7 =    -0.2808,    52.5536       
# span 8 =    -2.1300,     0.8094       
# span 9 =    -2.0304,    13.8321       
# span 10 = 1.1585e-01, 1.5673e+02      
# span 11 =    -1.0649,   226.8610      
# span 12 =     -0.678,      6.305      
# span 13 =     -0.984,      9.144      
# span 14 =    11.1853,    18.7682      
# span 15 = 0.0000e+00, 0.0000e+00      
# interval = seconds: 0.25
# start_time = May 26 2025 09:43:22 [Instrument's time stamp, header]
# bad_flag = -9.990e-29
*END*
[from data line 1718]
      6.413      0.008     0.0740      0.704    113.686  82.407644    41.0400     6.2310     0.2130     4.9914 1.1612e-01    44.5113      6.289      9.121    11.2334 0.0000e+00
      6.415      0.007     0.0752      0.703    113.230  82.085872    43.6500     6.2463     0.1704     9.6021 1.1607e-01    44.6019      6.291      9.124    11.2339 0.0000e+00
      6.417      0.007     0.0764      0.698    112.870  81.834512    43.6500     6.2348     0.1704     9.6021 1.1628e-01    44.4961      6.293      9.127    11.2354 0.0000e+00
      6.418      0.006     0.0771      0.692    112.490  81.568565    43.6500     6.2196     0.1704     9.6021 1.1612e-01    44.5113      6.294      9.129    11.2377 0.0000e+00
      6.420      0.006     0.0772      0.689    112.046  81.257047    43.6500     6.4180     0.1704     9.6021 1.1625e-01    39.1787      6.296      9.131    11.2408 0.0000e+00
      6.421      0.005     0.0770      0.688    111.620  80.958645    18.7200     6.4027     0.2982     0.0846 1.1630e-01    39.3297      6.297      9.133    11.2448 0.0000e+00
      6.423      0.004     0.0765      0.686    111.282  80.725563    18.7200     6.4332     0.2982     0.0846 1.1625e-01    39.2844      6.298      9.135    11.2492 0.0000e+00
      6.424      0.004     0.0759      0.684    111.025  80.551550    18.7200     6.4370     0.2982     0.0846 1.1623e-01    39.2542      6.299      9.137    11.2536 0.0000e+00
      6.425      0.003     0.0755      0.682    110.781  80.386208    18.7200     8.6267     0.2982     0.0846 1.1605e-01    46.8074      6.300      9.138    11.2580 0.0000e+00
      6.425      0.003     0.0754      0.677    110.567  80.241350     0.0000     8.6229     0.8094     0.0423 1.1612e-01    46.6564      6.301      9.139    11.2628 0.0000e+00
      6.426      0.003     0.0752      0.667    110.465  80.176177     0.0000     8.6267     0.8094     0.0423 1.1623e-01    46.6262      6.302      9.140    11.2683 0.0000e+00
      6.427      0.002     0.0749      0.656    110.473  80.189280     0.0000     8.6038     0.8094     0.0423 1.1628e-01    46.7017      6.302      9.141    11.2738 0.0000e+00
      6.427      0.002     0.0747      0.648    110.583  80.274173     0.0000     7.7150     0.8094     0.0423 1.1605e-01    52.8500      6.303      9.142    11.2789 0.0000e+00
      6.428      0.001     0.0741      0.644    110.840  80.461478     0.0000     7.7264     0.8094     0.0423 1.1617e-01    52.7896      6.303      9.142    11.2835 0.0000e+00
      6.428      0.001     0.0729      0.647    111.232  80.743247    -0.0900     7.7340     0.7668     0.0000 1.1612e-01    52.8953      6.304      9.143    11.2877 0.0000e+00
      6.428      0.001     0.0718      0.657    111.708  81.078818    -0.0900     7.6959     0.7668     0.0000 1.1607e-01    52.7443      6.304      9.143    11.2911 0.0000e+00
      6.428      0.001     0.0710      0.670    112.227  81.439881    -0.0900     5.7962     0.7668     0.0000 1.1617e-01    46.4751      6.304      9.143    11.2933 0.0000e+00
      6.429      0.000     0.0706      0.682    112.782  81.822888    -0.0900     5.8076     0.7668     0.0000 1.1630e-01    46.3542      6.304      9.144    11.2938 0.0000e+00
      6.429      0.000     0.0709      0.692    113.291  82.172235    -0.0900     5.8076     0.5964     0.0000 1.1620e-01    46.3693      6.304      9.144    11.2923 0.0000e+00
      6.429      0.000     0.0719      0.698    113.594  82.375419    -0.0900     5.8076     0.5964     0.0000 1.1628e-01    46.4449      6.304      9.144    11.2881 0.0000e+00
      6.429      0.000     0.0733      0.696    113.619  82.382792    -0.0900     5.4147     0.5964     0.0000 1.1605e-01    46.2787      6.304      9.144    11.2811 0.0000e+00
      6.429      0.000     0.0747      0.686    113.390  82.214289    -0.0900     5.4376     0.5964     0.0000 1.1633e-01    46.2485      6.304      9.144    11.2724 0.0000e+00
      6.429      0.000     0.0758      0.673    113.015  81.946778    -0.0900     5.4376     0.3834     0.0846 1.1635e-01    46.1125      6.305      9.144    11.2635 0.0000e+00
      6.429     -0.001     0.0765      0.661    112.624  81.672653    -0.0900     5.4376     0.3834     0.0846 1.1612e-01    46.2183      6.305      9.144    11.2560 0.0000e+00
      6.429     -0.001     0.0762      0.653    112.276  81.432627    -0.0900     4.5144     0.3834     0.0846 1.1607e-01    40.6742      6.304      9.144    11.2513 0.0000e+00
      6.429     -0.001     0.0752      0.652    111.975  81.228581    -0.0900     4.4877     0.3834     0.0846 1.1620e-01    40.5080      6.304      9.144    11.2501 0.0000e+00
      6.429     -0.001     0.0738      0.655    111.712  81.052027    -0.0900     4.5220     0.3834     0.0846 1.1605e-01    40.7044      6.304      9.144    11.2520 0.0000e+00
      6.429     -0.001     0.0724      0.658    111.514  80.921770     0.0000     4.4953     0.2556     0.0423 1.1620e-01    40.6591      6.304      9.143    11.2562 0.0000e+00
      6.428     -0.002     0.0716      0.659    111.473  80.902903     0.0000     4.1940     0.2556     0.0423 1.1612e-01    42.1395      6.304      9.143    11.2619 0.0000e+00
      6.428     -0.002     0.0714      0.658    111.705  81.078244     0.0000     4.2016     0.2556     0.0423 1.1595e-01    42.0942      6.303      9.142    11.2682 0.0000e+00
      6.427     -0.003     0.0717      0.657    112.243  81.470591     0.0000     4.2359     0.2556     0.0423 1.1612e-01    42.0942      6.303      9.141    11.2747 0.0000e+00
      6.427     -0.004     0.0721      0.658    112.951  81.980919     0.0000     4.2245     0.2556    -0.0846 1.1612e-01    42.0338      6.302      9.140    11.2807 0.0000e+00
      6.426     -0.005     0.0722      0.659    113.563  82.415867     0.0000     3.7972     0.2556    -0.0846 1.1610e-01    31.0061      6.301      9.139    11.2856 0.0000e+00
      6.424     -0.006     0.0721      0.659    113.790  82.565947     0.0000     3.8087     0.2556    -0.0846 1.1638e-01    31.1118      6.300      9.137    11.2887 0.0000e+00
      6.423     -0.007     0.0720      0.660    113.557  82.377331     0.0000     3.8087     0.2556    -0.0846 1.1643e-01    31.0514      6.298      9.135    11.2895 0.0000e+00
      6.421     -0.009     0.0720      0.663    113.198  82.095238    -0.0900     3.8010     0.4686    -0.0423 1.1623e-01    31.1118      6.296      9.133    11.2878 0.0000e+00
      6.419     -0.010     0.0722      0.666    113.009  81.937966    -0.0900     1.5236     0.4686    -0.0423 1.1612e-01    13.5280      6.294      9.129    11.2836 0.0000e+00
      6.416     -0.011     0.0722      0.665    112.845  81.805673    -0.0900     1.4893     0.4686    -0.0423 1.1600e-01    13.6488      6.291      9.125    11.2771 0.0000e+00
      6.413     -0.013     0.0723      0.659    112.530  81.573231    -0.0900     1.5046     0.4686    -0.0423 1.1620e-01    13.6035      6.288      9.121    11.2686 0.0000e+00
      6.409     -0.014     0.0727      0.656    112.139  81.292465    16.2000     1.5160     0.3834     1.5228 1.1617e-01    13.6186      6.285      9.116    11.2590 0.0000e+00
      6.405     -0.014     0.0730      0.662    111.817  81.066206    16.2000     1.3901     0.3834     1.5228 1.1615e-01    15.7335      6.281      9.110    11.2501 0.0000e+00
      6.401     -0.014     0.0729      0.676    111.650  80.955910    16.2000     1.3596     0.3834     1.5228 1.1597e-01    15.7788      6.278      9.105    11.2442 0.0000e+00
      6.398     -0.015     0.0723      0.689    111.746  81.037981    16.2000     1.3787     0.3834     1.5228 1.1612e-01    15.7486      6.274      9.099    11.2423 0.0000e+00
      6.394     -0.015     0.0719      0.695    112.228  81.398195    16.2000     1.4092     0.3834     1.5228 1.1638e-01    15.7184      6.270      9.094    11.2435 0.0000e+00
      6.390     -0.014     0.0726      0.695    113.134  82.060733    37.9800     1.4435     0.3408     3.5109 1.1600e-01     9.5096      6.267      9.089    11.2468 0.0000e+00
      6.387     -0.014     0.0742      0.692    114.320  82.918752    37.9800     1.4588     0.3408     3.5109 1.1625e-01     9.6154      6.263      9.084    11.2517 0.0000e+00
      6.383     -0.014     0.0755      0.685    115.469  83.739815    37.9800     1.4511     0.3408     3.5109 1.1615e-01     9.6607      6.260      9.079    11.2573 0.0000e+00
      6.379     -0.014     0.0761      0.671    116.386  84.383448    37.9800     1.4588     0.3408     3.5109 1.1628e-01     9.5550      6.256      9.074    11.2621 0.0000e+00
      6.376     -0.014     0.0761      0.655    117.067  84.849550    39.2400     1.1650     0.2556     3.2148 1.1638e-01     7.1228      6.253      9.068    11.2646 0.0000e+00
      6.372     -0.013     0.0758      0.642    117.551  85.170551    39.2400     1.1345     0.2556     3.2148 1.1617e-01     7.1077      6.249      9.063    11.2635 0.0000e+00
      6.369     -0.013     0.0750      0.632    117.896  85.394107    39.2400     1.1498     0.2556     3.2148 1.1617e-01     7.1379      6.246      9.059    11.2582 0.0000e+00
      6.366     -0.012     0.0735      0.628    118.196  85.589817    39.2400     1.1154     0.2556     3.2148 1.1633e-01     7.2135      6.243      9.054    11.2492 0.0000e+00
      6.363     -0.012     0.0718      0.633    118.276  85.628125    38.7000     1.4511     0.2130     3.0033 1.1623e-01     7.4250      6.240      9.050    11.2372 0.0000e+00
      6.360     -0.012     0.0704      0.642    117.789  85.259617    38.7000     1.4511     0.2130     3.0033 1.1615e-01     7.3796      6.237      9.046    11.2245 0.0000e+00
      6.357     -0.012     0.0693      0.650    116.931  84.633663    38.7000     1.4588     0.2130     3.0033 1.1602e-01     7.3645      6.234      9.042    11.2133 0.0000e+00
      6.354     -0.012     0.0689      0.652    116.227  84.132524    38.7000     1.4473     0.2130     3.0033 1.1605e-01     7.3343      6.231      9.037    11.2040 0.0000e+00
      6.351     -0.011     0.0695      0.651    115.918  83.928090    38.7000     1.8364     0.2130     3.0033 1.1623e-01     8.5731      6.228      9.033    11.1957 0.0000e+00
      6.348     -0.011     0.0705      0.653    115.997  84.007778    38.3400     1.8402     0.1704     2.9610 1.1612e-01     8.6033      6.225      9.029    11.1890 0.0000e+00
      6.345     -0.011     0.0713      0.657    116.432  84.340926    38.3400     1.8288     0.1704     2.9610 1.1617e-01     8.6033      6.222      9.025    11.1868 0.0000e+00
      6.342     -0.011     0.0716      0.657    116.908  84.698855    38.3400     1.8135     0.1704     2.9610 1.1623e-01     8.5731      6.220      9.021    11.1906 0.0000e+00
      6.340     -0.011     0.0715      0.650    116.806  84.631833    38.3400     1.6533     0.1704     2.9610 1.1600e-01    13.7395      6.217      9.017    11.1988 0.0000e+00
      6.337     -0.011     0.0716      0.641    116.111  84.131970    37.0800     1.6304     0.1704     1.8189 1.1620e-01    13.6035      6.214      9.013    11.2084 0.0000e+00
      6.334     -0.011     0.0721      0.636    115.431  83.639105    37.0800     1.6304     0.1704     1.8189 1.1617e-01    13.6035      6.212      9.010    11.2163 0.0000e+00
      6.332     -0.011     0.0721      0.631    115.027  83.343320    37.0800     1.6495     0.1704     1.8189 1.1628e-01    13.6035      6.209      9.006    11.2217 0.0000e+00
      6.329     -0.011     0.0713      0.625    114.768  83.151761    37.0800    25.2476     0.1704     1.8189 1.1585e-01    74.6637      6.206      9.002    11.2249 0.0000e+00
      6.326     -0.011     0.0704      0.617    114.529  82.975408    37.2600    25.2476     0.1704     2.1150 1.1612e-01    74.5428      6.204      8.998    11.2263 0.0000e+00
      6.323     -0.012     0.0698      0.612    114.306  82.813156    37.2600    25.2285     0.1704     2.1150 1.1635e-01    74.6184      6.201      8.994    11.2263 0.0000e+00
      6.320     -0.012     0.0692      0.613    114.167  82.713591    37.2600    25.2018     0.1704     2.1150 1.1615e-01    74.6335      6.198      8.989    11.2252 0.0000e+00
      6.317     -0.013     0.0685      0.620    114.065  82.642175    37.2600    49.1394     0.1704     2.1150 1.1600e-01   169.5925      6.195      8.985    11.2234 0.0000e+00
      6.314     -0.014     0.0677      0.628    113.891  82.517964    37.4400    49.1623     0.1704     2.0304 1.1597e-01   169.6983      6.192      8.980    11.2219 0.0000e+00
      6.310     -0.016     0.0671      0.639    113.661  82.351764    37.4400    49.1585     0.1704     2.0304 1.1617e-01   169.7889      6.188      8.975    11.2215 0.0000e+00
      6.306     -0.017     0.0673      0.653    113.487  82.225050    37.4400    49.1699     0.1704     2.0304 1.1597e-01   169.5925      6.184      8.970    11.2221 0.0000e+00
      6.302     -0.020     0.0680      0.664    113.456  82.199871    37.4400    19.9069     0.1704     2.0304 1.1620e-01   172.0851      6.180      8.963    11.2231 0.0000e+00
      6.296     -0.022     0.0688      0.670    113.628  82.321428    37.4400    19.9489     0.1704     2.0304 1.1623e-01   172.1757      6.175      8.956    11.2240 0.0000e+00
      6.290     -0.025     0.0701      0.671    114.018  82.600171    37.7100    19.9336     0.1704     2.2842 1.1617e-01   172.0397      6.169      8.947    11.2244 0.0000e+00
      6.284     -0.028     0.0716      0.666    114.540  82.972659    37.7100    19.9260     0.1704     2.2842 1.1610e-01   172.1757      6.162      8.937    11.2240 0.0000e+00
      6.276     -0.031     0.0728      0.657    115.108  83.376488    37.7100    26.5904     0.1704     2.2842 1.1607e-01   226.8610      6.155      8.927    11.2229 0.0000e+00
      6.268     -0.034     0.0735      0.645    115.633  83.747619    37.7100    26.5751     0.1704     2.2842 1.1605e-01   226.8006      6.147      8.915    11.2214 0.0000e+00
      6.259     -0.036     0.0736      0.633    115.939  83.959373    38.4300    26.6018     0.2130     2.1150 1.1620e-01   226.8308      6.138      8.902    11.2196 0.0000e+00
      6.249     -0.039     0.0730      0.626    115.966  83.970367    38.4300    26.6018     0.2130     2.1150 1.1605e-01   226.8459      6.128      8.888    11.2173 0.0000e+00
      6.239     -0.042     0.0721      0.627    115.877  83.901352    38.4300    20.7042     0.2130     2.1150 1.1615e-01   116.8862      6.118      8.874    11.2141 0.0000e+00
      6.228     -0.045     0.0708      0.632    115.764  83.819792    38.4300    20.7004     0.2130     2.1150 1.1612e-01   116.7804      6.108      8.858    11.2100 0.0000e+00
      6.216     -0.048     0.0695      0.640    115.562  83.677977    37.3500    20.6966     0.1704     2.2842 1.1635e-01   116.7653      6.096      8.842    11.2057 0.0000e+00
      6.204     -0.052     0.0687      0.654    115.246  83.458060    37.3500    20.7004     0.1704     2.2842 1.1625e-01   116.7502      6.084      8.824    11.2022 0.0000e+00
      6.190     -0.057     0.0688      0.671    114.837  83.177277    37.3500    20.7080     0.1704     2.2842 1.1600e-01    89.8457      6.071      8.805    11.2003 0.0000e+00
      6.176     -0.063     0.0694      0.679    114.392  82.874571    37.3500    16.7369     0.1704     2.2842 1.1600e-01    38.9823      6.057      8.785    11.2002 0.0000e+00
      6.160     -0.069     0.0702      0.678    114.012  82.620976    36.9900    16.7598     0.1704     2.1150 1.1592e-01    39.0125      6.041      8.762    11.2021 0.0000e+00
      6.142     -0.075     0.0718      0.671    113.722  82.432733    36.9900    16.7636     0.1704     2.1150 1.1623e-01    39.0578      6.023      8.736    11.2062 0.0000e+00
      6.121     -0.080     0.0735      0.663    113.516  82.301577    36.9900    16.7903     0.1704     2.1150 1.1612e-01    38.8917      6.003      8.706    11.2128 0.0000e+00
