Data/DataNotYetUploadedToEDI/Raw_CTD/RawDownloads/052625_fcr50_S7809007.cnv
* Sea-Bird SBE19plus  Data File:
* FileName = C:\R\Reservoirs\Data\DataNotYetUploadedToEDI\Raw_CTD\RawDownloads\051925_fcr50_S7809_0007.hex
* Software version 2.8.0.119
* Temperature SN = 7809
* Conductivity SN = 7809
* System UpLoad Time = May 27 2025 14:04:39
* <ApplicationData>
* <Seaterm232>
# nquan = 15
# nvalues = 1293                        
# units = specified
# name 0 = depFM: Depth [fresh water, m]
# name 1 = dz/dtM: Descent Rate [m/s]
# name 2 = sbeox0Mg/L: Oxygen, SBE 43 [mg/l]
# name 3 = sbeox0PS: Oxygen, SBE 43 [% saturation]
# name 4 = specc: Specific Conductance [uS/cm]
# name 5 = c0uS/cm: Conductivity [uS/cm]
# name 6 = flECO-AFL: Fluorescence, WET Labs ECO-AFL/FL [mg/m^3]
# name 7 = ph: pH
# name 8 = orp: Oxidation Reduction Potential [mV]
# name 9 = par/sat/log: PAR/Logarithmic, Satlantic
# name 10 = turbWETntu0: Turbidity, WET Labs ECO [NTU]
# name 11 = prdM: Pressure, Strain Gauge [db]
# name 12 = prdE: Pressure, Strain Gauge [psi]
# name 13 = tv290C: Temperature [ITS-90, deg C]
# name 14 = flag:  0.000e+00
# span 0 =     -0.588,      2.195       
# span 1 =     -0.246,      0.206       
# span 2 =     3.7030,    11.1558       
# span 3 =     38.351,    120.523       
# span 4 =      1.526,     56.363       
# span 5 =   1.194094,  47.038920       
# span 6 =    -0.1290,    69.9347       
# span 7 =      6.537,     10.272       
# span 8 =  -339.0726,   188.6755       
# span 9 = 4.3713e-01, 4.4261e+02       
# span 10 =     1.2135,   142.4354      
# span 11 =     -0.577,      2.153      
# span 12 =     -0.837,      3.123      
# span 13 =    14.1205,    19.4204      
# span 14 = 0.0000e+00, 0.0000e+00      
# interval = seconds: 0.25
# start_time = May 26 2025 12:22:31 [Instrument's time stamp, header]
# bad_flag = -9.990e-29
*END*
[from data line 868]
      0.872      0.044     9.9700    107.380     32.042  27.977020     6.6575     10.223   145.6249 5.9125e+01     9.4973      0.855      1.240    18.7045 0.0000e+00
      0.884      0.045     9.9822    107.612     32.086  28.009174     6.6439     10.221   145.7882 5.8190e+01     9.5028      0.868      1.258    18.6964 0.0000e+00
      0.895      0.045     9.9976    107.932     32.012  27.940627     6.5996     10.219   146.1456 5.7336e+01     9.4726      0.878      1.273    18.6813 0.0000e+00
      0.905      0.045    10.0125    108.312     32.053  27.972747     6.5711     10.217   146.7621 5.6436e+01     9.5082      0.886      1.287    18.6637 0.0000e+00
      0.916      0.045    10.0278    108.730     32.253  28.143825     6.5827     10.217   147.2194 5.5371e+01     9.5915      0.897      1.302    18.6501 0.0000e+00
      0.929      0.045    10.0498    109.122     32.359  28.233184     6.5901     10.218   147.4585 5.4417e+01     9.5924      0.911      1.322    18.6428 0.0000e+00
      0.941      0.046    10.0839    109.418     32.360  28.228640     6.5768     10.219   147.6747 5.3779e+01     9.5184      0.923      1.339    18.6371 0.0000e+00
      0.951      0.046    10.1194    109.625     32.357  28.215740     6.5723     10.219   147.8551 5.3271e+01     9.4824      0.933      1.353    18.6306 0.0000e+00
      0.962      0.045    10.1622    109.783     32.357  28.204048     6.5935     10.218   148.0056 5.2726e+01     9.5327      0.943      1.368    18.6258 0.0000e+00
      0.975      0.043    10.2037    109.977     32.381  28.214107     6.7007     10.216   148.2887 5.2208e+01     9.5122      0.957      1.387    18.6207 0.0000e+00
      0.987      0.041    10.2308    110.316     32.384  28.210500     6.8523     10.214   148.6114 5.1768e+01     9.3027      0.969      1.404    18.6143 0.0000e+00
      0.998      0.039    10.2530    110.845     32.332  28.160423     6.9123     10.211   148.5524 5.1383e+01     9.1852      0.979      1.419    18.5993 0.0000e+00
      1.007      0.036    10.2697    111.535     32.289  28.116031     6.9344     10.207   148.0904 5.1085e+01     9.1848      0.989      1.433    18.5758 0.0000e+00
      1.015      0.034    10.2866    112.271     32.300  28.117729     7.1859     10.203   147.8441 5.0774e+01     9.2294      0.996      1.444    18.5590 0.0000e+00
      1.023      0.034    10.3187    112.886     32.310  28.117522     7.6324     10.201   147.9826 5.0354e+01     9.3489      1.003      1.454    18.5522 0.0000e+00
      1.030      0.035    10.3707    113.313     32.242  28.050083     7.8551     10.200   148.1309 4.9797e+01     9.3310      1.010      1.464    18.5452 0.0000e+00
      1.039      0.038    10.4407    113.582     32.121  27.936582     7.8475     10.199   148.2604 4.9132e+01     9.2874      1.019      1.477    18.5334 0.0000e+00
      1.049      0.041    10.5199    113.694     32.077  27.886849     7.8399     10.199   148.4300 4.8437e+01     9.3338      1.029      1.492    18.5228 0.0000e+00
      1.059      0.042    10.5827    113.667     32.102  27.892729     7.9299     10.200   148.5468 4.7527e+01     9.3800      1.037      1.505    18.5076 0.0000e+00
      1.072      0.042    10.6228    113.588     32.104  27.880809     8.1109     10.201   148.5542 4.6464e+01     9.4705      1.051      1.525    18.4924 0.0000e+00
      1.087      0.041    10.6509    113.547     32.103  27.869548     8.2143     10.205   148.5190 4.5736e+01     9.5386      1.068      1.549    18.4849 0.0000e+00
      1.098      0.039    10.6656    113.569     32.128  27.883414     8.2142     10.209   148.5515 4.5382e+01     9.5888      1.078      1.563    18.4661 0.0000e+00
      1.105      0.036    10.6655    113.637     32.178  27.921600     8.1846     10.212   148.6893 4.5077e+01     9.7363      1.084      1.573    18.4365 0.0000e+00
      1.112      0.035    10.6590    113.708     32.217  27.950690     8.1306     10.215   148.9804 4.4746e+01     9.8536      1.091      1.583    18.4167 0.0000e+00
      1.119      0.036    10.6577    113.742     32.258  27.981437     8.0785     10.219   149.2324 4.4366e+01     9.8119      1.097      1.591    18.4028 0.0000e+00
      1.128      0.039    10.6637    113.722     32.406  28.103076     8.0616     10.222   149.1553 4.3904e+01     9.7778      1.104      1.603    18.3885 0.0000e+00
      1.138      0.042    10.6733    113.646     32.769  28.406587     8.0769     10.227   148.9081 4.3314e+01     9.9881      1.115      1.618    18.3799 0.0000e+00
      1.151      0.045    10.6829    113.510     33.308  28.860364     8.0969     10.231   148.8250 4.2600e+01    10.3392      1.128      1.636    18.3752 0.0000e+00
      1.165      0.047    10.6874    113.292     33.879  29.339969     8.0874     10.235   148.8381 4.1970e+01    10.4364      1.143      1.657    18.3700 0.0000e+00
      1.178      0.049    10.6878    112.911     34.389  29.765384     8.0445     10.239   148.8083 4.1386e+01    10.3086      1.155      1.675    18.3590 0.0000e+00
      1.189      0.051    10.6849    112.260     34.764  30.071306     7.9025     10.240   148.8094 4.0749e+01    10.3658      1.166      1.691    18.3409 0.0000e+00
      1.200      0.054    10.6765    111.226     35.062  30.311276     7.6777     10.238   148.8514 4.0106e+01    10.5468      1.177      1.707    18.3193 0.0000e+00
      1.214      0.058    10.6643    109.662     35.312  30.510099     7.5569     10.235   148.9721 3.9384e+01    10.5849      1.189      1.723    18.2973 0.0000e+00
      1.229      0.059    10.6371    107.490     35.409  30.572234     7.5328     10.230   149.1500 3.8611e+01    10.5534      1.205      1.747    18.2751 0.0000e+00
      1.246      0.058    10.5848    104.878     35.343  30.491617     7.5439     10.223   149.1957 3.7674e+01    10.5069      1.220      1.770    18.2452 0.0000e+00
      1.266      0.055    10.4986    102.108     35.208  30.359967     7.6167     10.216   149.0078 3.6644e+01    10.4671      1.242      1.800    18.2193 0.0000e+00
      1.283      0.050    10.3603     99.375     35.090  30.249122     7.6799     10.209   148.5130 3.6035e+01    10.4131      1.262      1.831    18.2013 0.0000e+00
      1.293      0.045    10.1562     96.883     34.934  30.102895     7.6843     10.204   147.8598 3.5825e+01    10.2988      1.270      1.842    18.1663 0.0000e+00
      1.298      0.041     9.9042     94.854     34.747  29.924019     7.6613     10.198   147.3913 3.5545e+01    10.2116      1.272      1.844    18.1267 0.0000e+00
      1.305      0.038     9.6447     93.511     34.624  29.798989     7.6597     10.191   147.1499 3.5041e+01    10.2127      1.277      1.853    18.1074 0.0000e+00
      1.316      0.037     9.3788     92.903     34.564  29.732905     7.6980     10.186   147.0920 3.4501e+01    10.2780      1.291      1.872    18.1004 0.0000e+00
      1.328      0.037     9.1398     92.832     34.533  29.695873     7.7503     10.181   147.2079 3.4057e+01    10.2833      1.302      1.889    18.0858 0.0000e+00
      1.338      0.036     8.9458     93.200     34.505  29.668382     7.8096     10.177   147.3469 3.3663e+01    10.2092      1.313      1.903    18.0562 0.0000e+00
      1.348      0.035     8.8177     93.950     34.483  29.654233     8.2896     10.172   147.4813 3.3354e+01    10.1681      1.324      1.920    18.0257 0.0000e+00
      1.356      0.034     8.7796     94.912     34.468  29.651660     9.1927     10.167   148.3166 3.3149e+01    10.1613      1.331      1.930    18.0043 0.0000e+00
      1.363      0.035     8.7745     95.905     34.444  29.637293     9.7075     10.161   149.7034 3.2937e+01    10.1612      1.336      1.938    17.9901 0.0000e+00
      1.369      0.037     8.8110     96.786     34.416  29.607396     9.8194     10.155   150.3968 3.2635e+01    10.1327      1.342      1.946    17.9829 0.0000e+00
      1.378      0.040     8.8889     97.477     34.358  29.543888    10.2291     10.150   150.5051 3.2269e+01     9.9887      1.350      1.958    17.9893 0.0000e+00
      1.389      0.044     8.9811     97.992     34.255  29.440284    10.9488     10.145   150.4108 3.1788e+01     9.8539      1.361      1.974    18.0120 0.0000e+00
      1.403      0.045     9.0776     98.392     34.189  29.369593    11.3548     10.141   150.0304 3.1184e+01     9.8694      1.375      1.995    18.0260 0.0000e+00
      1.418      0.044     9.1659     98.675     34.220  29.386885    11.3766     10.137   150.0355 3.0658e+01     9.8681      1.392      2.018    18.0139 0.0000e+00
      1.431      0.039     9.2357     98.827     34.310  29.459063    11.2290     10.134   150.8165 3.0275e+01     9.7705      1.404      2.036    17.9910 0.0000e+00
      1.441      0.033     9.2844     98.906     34.338  29.481110    10.9847     10.130   152.0744 3.0007e+01     9.7141      1.414      2.050    17.9673 0.0000e+00
      1.448      0.028     9.3278     98.976     34.245  29.399733    10.8622     10.126   153.2856 2.9864e+01     9.7672      1.421      2.061    17.9459 0.0000e+00
      1.451      0.026     9.3589     99.037     33.908  29.109445    10.8207     10.123   153.7589 2.9761e+01     9.8661      1.424      2.065    17.9305 0.0000e+00
      1.454      0.026     9.3723     99.057     33.438  28.698710    10.3417     10.119   154.1838 2.9581e+01     9.8166      1.424      2.066    17.9239 0.0000e+00
      1.459      0.029     9.3760     98.981     33.297  28.556421     9.4486     10.115   154.9816 2.9316e+01     9.6123      1.429      2.073    17.9244 0.0000e+00
      1.467      0.033     9.3847     98.775     33.450  28.657609     8.9532     10.112   155.2319 2.8951e+01     9.4797      1.437      2.085    17.9198 0.0000e+00
      1.478      0.037     9.3913     98.533     33.625  28.780422     8.9128     10.110   155.3172 2.8485e+01     9.5111      1.449      2.101    17.9205 0.0000e+00
      1.491      0.040     9.3949     98.358     33.861  28.963022     8.8933     10.107   155.7546 2.8076e+01     9.5821      1.464      2.123    17.9189 0.0000e+00
      1.502      0.041     9.3983     98.198     34.176  29.216239     8.5601     10.104   156.4761 2.7752e+01     9.7232      1.474      2.137    17.8842 0.0000e+00
      1.512      0.040     9.3841     97.959     34.523  29.495144     7.9556     10.100   157.5025 2.7419e+01    10.0222      1.481      2.148    17.8299 0.0000e+00
      1.522      0.039     9.3635     97.618     34.897  29.798010     7.6427     10.097   158.3562 2.7078e+01    10.2600      1.492      2.164    17.7860 0.0000e+00
      1.532      0.036     9.3555     97.139     35.176  30.023743     7.6146     10.095   158.7957 2.6786e+01    10.3770      1.503      2.180    17.7627 0.0000e+00
      1.541      0.034     9.3488     96.505     35.312  30.131210     7.3910     10.093   158.9454 2.6539e+01    10.5155      1.511      2.192    17.7416 0.0000e+00
      1.549      0.032     9.3302     95.760     35.335  30.145890     6.9622     10.091   158.7897 2.6272e+01    10.6705      1.519      2.204    17.7129 0.0000e+00
      1.557      0.029     9.3046     94.933     35.254  30.074355     6.7169     10.090   158.4616 2.6016e+01    10.7474      1.528      2.215    17.6872 0.0000e+00
      1.564      0.026     9.2642     94.048     35.197  30.027484     6.6802     10.087   157.9898 2.5793e+01    10.7962      1.535      2.224    17.6691 0.0000e+00
      1.571      0.023     9.2020     93.183     35.263  30.086630     6.5518     10.084   157.2998 2.5577e+01    10.8851      1.540      2.234    17.6593 0.0000e+00
      1.576      0.021     9.1326     92.431     35.492  30.282038     6.2886     10.082   156.8308 2.5401e+01    10.9683      1.546      2.243    17.6512 0.0000e+00
      1.580      0.019     9.0543     91.858     35.962  30.677453     6.1198     10.081   157.0514 2.5264e+01    11.0168      1.550      2.248    17.6473 0.0000e+00
      1.584      0.019     8.9660     91.478     36.574  31.188368     6.0914     10.080   157.8160 2.5122e+01    11.0272      1.553      2.252    17.6509 0.0000e+00
      1.589      0.020     8.8792     91.251     37.047  31.574954     6.0370     10.079   158.6764 2.4951e+01    11.0261      1.557      2.259    17.6570 0.0000e+00
      1.594      0.020     8.8044     91.088     37.257  31.735745     5.9285     10.078   159.2811 2.4750e+01    11.0025      1.563      2.267    17.6592 0.0000e+00
      1.600      0.020     8.7510     90.860     37.202  31.673404     5.8527     10.076   159.5350 2.4548e+01    10.9130      1.569      2.274    17.6515 0.0000e+00
      1.606      0.019     8.7190     90.438     37.029  31.518980     5.8281     10.074   159.5946 2.4356e+01    10.9015      1.575      2.284    17.6351 0.0000e+00
      1.612      0.018     8.7042     89.757     36.953  31.454538     5.7810     10.073   159.6576 2.4184e+01    11.0332      1.581      2.294    17.6124 0.0000e+00
      1.616      0.016     8.6985     88.883     36.963  31.465182     5.6909     10.071   159.8667 2.4080e+01    11.1048      1.585      2.300    17.5847 0.0000e+00
      1.619      0.015     8.6851     87.983     36.951  31.457366     5.6376     10.069   160.2293 2.4045e+01    11.0499      1.588      2.303    17.5614 0.0000e+00
      1.621      0.015     8.6500     87.233     36.908  31.423482     5.6278     10.067   160.8586 2.4001e+01    10.9506      1.590      2.305    17.5530 0.0000e+00
      1.624      0.015     8.5815     86.739     36.997  31.499555     5.6301     10.066   161.7111 2.3894e+01    10.8950      1.592      2.310    17.5545 0.0000e+00
      1.628      0.017     8.4913     86.482     37.287  31.742785     5.7985     10.064   162.3627 2.3739e+01    11.0601      1.597      2.316    17.5576 0.0000e+00
      1.633      0.022     8.3985     86.416     37.621  32.017164     6.1245     10.063   162.7149 2.3584e+01    11.4096      1.602      2.322    17.5626 0.0000e+00
      1.638      0.027     8.3211     86.523     37.873  32.216066     6.3005     10.062   162.9579 2.3409e+01    11.5681      1.605      2.328    17.5661 0.0000e+00
      1.645      0.031     8.2766     86.736     38.001  32.307954     6.3042     10.060   163.1500 2.3155e+01    11.5079      1.612      2.338    17.5676 0.0000e+00
      1.654      0.032     8.2540     86.910     38.011  32.303434     6.3110     10.058   163.3174 2.2801e+01    11.7072      1.622      2.352    17.5656 0.0000e+00
      1.665      0.032     8.2497     86.891     37.926  32.224845     6.3490     10.057   163.5185 2.2412e+01    12.2007      1.633      2.369    17.5511 0.0000e+00
      1.676      0.030     8.2660     86.649     37.801  32.119002     6.3635     10.056   163.6886 2.2106e+01    12.4537      1.645      2.387    17.5270 0.0000e+00
      1.684      0.026     8.2958     86.252     37.775  32.102166     6.3538     10.054   163.7401 2.1908e+01    12.4096      1.653      2.398    17.5025 0.0000e+00
      1.689      0.022     8.3224     85.798     37.898  32.211598     6.3723     10.053   163.8816 2.1803e+01    12.2471      1.658      2.404    17.4856 0.0000e+00
      1.692      0.020     8.3223     85.400     37.999  32.300247     6.4130     10.050   164.2815 2.1748e+01    12.0607      1.660      2.407    17.4763 0.0000e+00
      1.693      0.019     8.2959     85.109     37.983  32.285860     6.4475     10.048   164.6177 2.1631e+01    12.0350      1.660      2.407    17.4770 0.0000e+00
      1.697      0.020     8.2537     84.930     37.993  32.291403     6.4470     10.047   164.6772 2.1402e+01    12.0045      1.663      2.412    17.4874 0.0000e+00
      1.704      0.024     8.2032     84.837     38.084  32.367269     6.4405     10.045   164.7418 2.1168e+01    11.6925      1.672      2.426    17.4962 0.0000e+00
      1.712      0.029     8.1639     84.790     38.174  32.441868     6.4688     10.042   165.1414 2.0999e+01    11.3030      1.680      2.437    17.4990 0.0000e+00
