Data/DataNotYetUploadedToEDI/Raw_CTD/RawDownloads/052625_fcr40_S7809010.cnv
* Sea-Bird SBE19plus  Data File:
* FileName = C:\R\Reservoirs\Data\DataNotYetUploadedToEDI\Raw_CTD\RawDownloads\051925_fcr50_S7809_0010.hex
* Software version 2.8.0.119
* Temperature SN = 7809
* Conductivity SN = 7809
* System UpLoad Time = May 27 2025 14:07:24
* <ApplicationData>
* <Seaterm232>
# nquan = 15
# nvalues = 2144                        
# units = specified
# name 0 = depFM: Depth [fresh water, m]
# name 1 = dz/dtM: Descent Rate [m/s]
# name 2 = sbeox0Mg/L: Oxygen, SBE 43 [mg/l]
# name 3 = sbeox0PS: Oxygen, SBE 43 [% saturation]
# name 4 = specc: Specific Conductance [uS/cm]
# name 5 = c0uS/cm: Conductivity [uS/cm]
# name 6 = flECO-AFL: Fluorescence, WET Labs ECO-AFL/FL [mg/m^3]
# name 7 = ph: pH
# name 8 = orp: Oxidation Reduction Potential [mV]
# name 9 = par/sat/log: PAR/Logarithmic, Satlantic
# name 10 = turbWETntu0: Turbidity, WET Labs ECO [NTU]
# name 11 = prdM: Pressure, Strain Gauge [db]
# name 12 = prdE: Pressure, Strain Gauge [psi]
# name 13 = tv290C: Temperature [ITS-90, deg C]
# name 14 = flag:  0.000e+00
# span 0 =     -0.578,      5.981       
# span 1 =     -0.399,      0.146       
# span 2 =     2.0776,    11.6841       
# span 3 =     19.465,    126.793       
# span 4 =      1.115,     38.442       
# span 5 =   0.913664,  29.097722       
# span 6 =    -0.1291,    31.3819       
# span 7 =      7.698,     10.607       
# span 8 =   112.0514,   298.2183       
# span 9 = 1.2365e-01, 3.6354e+02       
# span 10 =     1.3051,   482.8385      
# span 11 =     -0.567,      5.866      
# span 12 =     -0.822,      8.508      
# span 13 =    10.1387,    19.6386      
# span 14 = 0.0000e+00, 0.0000e+00      
# interval = seconds: 0.25
# start_time = May 26 2025 13:02:13 [Instrument's time stamp, header]
# bad_flag = -9.990e-29
*END*
[from data line 482]
      0.206     -0.001    10.6279    116.085     32.496  28.988877     5.8267     10.580   138.4218 7.9319e+01     4.4609      0.202      0.293    19.6026 0.0000e+00
      0.206     -0.001    10.6309    116.064     32.496  28.988310     5.7815     10.581   138.4061 7.9320e+01     4.3562      0.202      0.293    19.6034 0.0000e+00
      0.206     -0.001    10.6358    116.022     32.479  28.972725     5.7727     10.583   138.4126 7.9577e+01     4.3291      0.202      0.293    19.6038 0.0000e+00
      0.206      0.000    10.6392    115.962     32.499  28.990733     5.8033     10.583   138.5002 7.9913e+01     4.4068      0.202      0.293    19.6023 0.0000e+00
      0.206 -5.617e-08    10.6383    115.916     32.526  29.015751     5.8272     10.583   138.5190 8.0163e+01     4.4757      0.202      0.293    19.5994 0.0000e+00
      0.206 -6.179e-07    10.6374    115.904     32.531  29.021503     5.8370     10.582   138.5535 8.0198e+01     4.4456      0.202      0.293    19.5967 0.0000e+00
      0.206      0.000    10.6341    115.910     32.503  28.996851     5.8305     10.582   138.6595 7.9935e+01     4.3500      0.202      0.293    19.5960 0.0000e+00
      0.206      0.000    10.6269    115.935     32.475  28.971405     5.8482     10.583   138.6822 7.9755e+01     4.3446      0.202      0.293    19.5973 0.0000e+00
      0.206     -0.001    10.6208    115.965     32.472  28.967546     5.9090     10.583   138.6558 7.9905e+01     4.4146      0.202      0.293    19.5993 0.0000e+00
      0.206     -0.001    10.6215    115.971     32.454  28.950194     5.9580     10.583   138.6850 8.0179e+01     4.4106      0.202      0.293    19.6011 0.0000e+00
      0.206     -0.002    10.6203    115.970     32.459  28.951891     5.9591     10.584   138.7773 8.0342e+01     4.3291      0.202      0.293    19.6021 0.0000e+00
      0.205     -0.002    10.6234    115.971     32.501  28.988060     5.9386     10.585   138.8248 8.0294e+01     4.2506      0.201      0.291    19.6016 0.0000e+00
      0.204     -0.001    10.6286    115.957     32.523  29.006930     5.9093     10.584   138.8292 8.0156e+01     4.2813      0.200      0.290    19.5997 0.0000e+00
      0.204     -0.001    10.6284    115.904     32.504  28.989761     5.8800     10.584   138.9166 8.0141e+01     4.3578      0.200      0.290    19.5963 0.0000e+00
      0.204      0.000    10.6289    115.804     32.483  28.970761     5.8588     10.585   139.0210 8.0150e+01     4.3216      0.199      0.289    19.5925 0.0000e+00
      0.204      0.001    10.6299    115.688     32.479  28.967487     5.8366     10.585   139.0590 8.0029e+01     4.2874      0.200      0.290    19.5907 0.0000e+00
      0.205      0.001    10.6297    115.595     32.461  28.950174     5.8441     10.586   139.0318 7.9978e+01     4.3894      0.201      0.291    19.5898 0.0000e+00
      0.206      0.000    10.6257    115.556     32.464  28.951710     5.8997     10.587   138.9504 8.0164e+01     4.5302      0.202      0.293    19.5894 0.0000e+00
      0.206     -0.000    10.6149    115.564     32.505  28.986060     5.9674     10.587   138.9351 8.0346e+01     4.5546      0.202      0.293    19.5896 0.0000e+00
      0.205     -0.001    10.6033    115.582     32.505  28.984915     5.9891     10.586   139.0189 8.0358e+01     4.4799      0.201      0.292    19.5888 0.0000e+00
      0.204     -0.001    10.5939    115.589     32.454  28.937870     5.9619     10.586   139.1033 8.0385e+01     4.4123      0.200      0.289    19.5878 0.0000e+00
      0.203     -0.001    10.5903    115.566     32.440  28.924674     5.9382     10.586   139.0957 8.0485e+01     4.4202      0.199      0.288    19.5859 0.0000e+00
      0.203      0.000    10.5947    115.521     32.471  28.952219     5.9275     10.586   139.0990 8.0566e+01     4.4388      0.199      0.289    19.5820 0.0000e+00
      0.203      0.000    10.5962    115.492     32.473  28.953769     5.9239     10.586   139.2284 8.0687e+01     4.3985      0.199      0.289    19.5792 0.0000e+00
      0.204      0.001    10.5984    115.494     32.461  28.943418     5.9199     10.586   139.2844 8.0717e+01     4.3768      0.200      0.291    19.5781 0.0000e+00
      0.204      0.001    10.5965    115.515     32.472  28.953923     5.9115     10.586   139.2595 8.0682e+01     4.3810      0.200      0.291    19.5772 0.0000e+00
      0.204      0.000    10.5899    115.534     32.472  28.953924     5.9223     10.586   139.3570 8.0827e+01     4.4150      0.201      0.291    19.5768 0.0000e+00
      0.204     -0.000    10.5878    115.551     32.461  28.943431     5.9261     10.585   139.5171 8.0878e+01     4.4120      0.200      0.290    19.5774 0.0000e+00
      0.204     -0.001    10.5873    115.586     32.474  28.953908     5.8996     10.585   139.5609 8.0824e+01     4.3451      0.200      0.290    19.5784 0.0000e+00
      0.204     -0.001    10.5908    115.644     32.475  28.953751     5.8761     10.586   139.5427 8.0891e+01     4.3241      0.200      0.290    19.5787 0.0000e+00
      0.203     -0.001    10.5923    115.694     32.463  28.941530     5.8749     10.586   139.6402 8.0854e+01     4.3627      0.199      0.289    19.5785 0.0000e+00
      0.203      0.000    10.5931    115.701     32.455  28.932994     5.8942     10.586   139.7944 8.0613e+01     4.4361      0.199      0.289    19.5777 0.0000e+00
      0.203      0.001    10.5964    115.679     32.435  28.913977     5.9007     10.586   139.7725 8.0448e+01     4.4261      0.200      0.290    19.5765 0.0000e+00
      0.203      0.001    10.6028    115.649     32.424  28.901874     5.8779     10.586   139.6330 8.0517e+01     4.3446      0.199      0.289    19.5745 0.0000e+00
      0.204      0.002    10.6106    115.599     32.439  28.913508     5.8690     10.585   139.7428 8.0653e+01     4.3717      0.199      0.289    19.5719 0.0000e+00
      0.205      0.002    10.6101    115.542     32.457  28.927790     5.8762     10.584   139.9805 8.0710e+01     4.4810      0.201      0.291    19.5695 0.0000e+00
      0.205      0.002    10.6073    115.502     32.481  28.947691     5.8735     10.582   140.0120 8.0720e+01     4.5387      0.201      0.292    19.5671 0.0000e+00
      0.206      0.003    10.6070    115.466     32.500  28.963846     5.8612     10.582   139.9529 8.0655e+01     4.4553      0.202      0.293    19.5647 0.0000e+00
      0.207      0.004    10.6019    115.415     32.466  28.932833     5.8529     10.583   139.9543 8.0489e+01     4.3266      0.203      0.294    19.5611 0.0000e+00
      0.207      0.004    10.5962    115.341     32.417  28.889854     5.8806     10.583   140.0278 8.0330e+01     4.3482      0.203      0.294    19.5579 0.0000e+00
      0.208      0.005    10.5938    115.244     32.414  28.888189     5.9212     10.583   140.1538 8.0010e+01     4.4436      0.203      0.294    19.5565 0.0000e+00
      0.210      0.005    10.5912    115.149     32.441  28.912709     5.9194     10.583   140.2736 7.9696e+01     4.4203      0.205      0.298    19.5554 0.0000e+00
      0.212      0.005    10.5869    115.096     32.463  28.932606     5.8754     10.582   140.3573 7.9765e+01     4.3396      0.208      0.303    19.5553 0.0000e+00
      0.214      0.004    10.5802    115.095     32.468  28.938475     5.8310     10.582   140.4774 7.9815e+01     4.3223      0.210      0.305    19.5560 0.0000e+00
      0.215      0.003    10.5704    115.110     32.448  28.920241     5.8319     10.582   140.5214 7.9601e+01     4.3826      0.211      0.306    19.5564 0.0000e+00
      0.215      0.001    10.5599    115.136     32.428  28.902427     5.8522     10.582   140.3728 7.9454e+01     4.4878      0.212      0.307    19.5563 0.0000e+00
      0.214     -0.001    10.5542    115.196     32.440  28.913384     5.8276     10.581   140.3158 7.9459e+01     4.5009      0.211      0.306    19.5573 0.0000e+00
      0.213     -0.002    10.5560    115.284     32.455  28.925861     5.7923     10.580   140.4337 7.9544e+01     4.4726      0.209      0.304    19.5588 0.0000e+00
      0.212     -0.002    10.5575    115.355     32.456  28.926429     5.8000     10.581   140.5087 7.9891e+01     4.5221      0.208      0.302    19.5585 0.0000e+00
      0.212     -0.002    10.5583    115.360     32.450  28.920242     5.8206     10.582   140.5340 8.0417e+01     4.5523      0.208      0.301    19.5587 0.0000e+00
      0.212     -0.001    10.5641    115.307     32.444  28.914484     5.8504     10.581   140.5680 8.0730e+01     4.4967      0.208      0.302    19.5597 0.0000e+00
      0.212     -0.001    10.5733    115.220     32.451  28.920243     5.8857     10.581   140.5755 8.0786e+01     4.3953      0.208      0.302    19.5588 0.0000e+00
      0.212     -0.001    10.5836    115.135     32.458  28.926434     5.8987     10.581   140.5390 8.0818e+01     4.3861      0.208      0.301    19.5571 0.0000e+00
      0.211     -0.001    10.5823    115.098     32.458  28.925914     5.9147     10.580   140.5561 8.1000e+01     4.4539      0.207      0.300    19.5564 0.0000e+00
      0.211     -0.001    10.5773    115.096     32.445  28.913957     5.9211     10.579   140.6959 8.1142e+01     4.4293      0.207      0.300    19.5558 0.0000e+00
      0.211     -0.000    10.5689    115.079     32.440  28.908720     5.8933     10.580   140.7666 8.0947e+01     4.3963      0.207      0.300    19.5550 0.0000e+00
      0.211     -0.000    10.5581    115.061     32.459  28.926019     5.8618     10.580   140.7234 8.0639e+01     4.4644      0.207      0.301    19.5542 0.0000e+00
      0.211     -0.000    10.5559    115.107     32.465  28.932833     5.8393     10.580   140.6900 8.0561e+01     4.5699      0.207      0.300    19.5535 0.0000e+00
      0.211     -0.001    10.5584    115.178     32.457  28.927688     5.8382     10.579   140.6205 8.0599e+01     4.6805      0.207      0.300    19.5529 0.0000e+00
      0.211     -0.001    10.5572    115.182     32.455  28.927234     5.8564     10.579   140.6573 8.0579e+01     4.6410      0.207      0.300    19.5526 0.0000e+00
      0.210     -0.001    10.5503    115.132     32.454  28.927347     5.8678     10.579   140.7904 8.0836e+01     4.4334      0.206      0.299    19.5531 0.0000e+00
      0.210     -0.001    10.5566    115.107     32.454  28.929059     5.8849     10.580   140.8527 8.1427e+01     4.3558      0.206      0.299    19.5544 0.0000e+00
      0.210     -0.000    10.5675    115.140     32.473  28.947929     5.9051     10.580   140.8943 8.1802e+01     4.4543      0.206      0.298    19.5574 0.0000e+00
      0.210 -8.639e-07    10.5660    115.185     32.491  28.965229     5.9126     10.580   140.9496 8.1968e+01     4.5322      0.206      0.298    19.5604 0.0000e+00
      0.210      0.000    10.5572    115.172     32.471  28.947946     5.9084     10.580   141.0053 8.2140e+01     4.4782      0.205      0.297    19.5621 0.0000e+00
      0.211      0.000    10.5535    115.119     32.449  28.929251     5.8878     10.579   141.0514 8.2068e+01     4.3471      0.206      0.299    19.5642 0.0000e+00
      0.212     -0.001    10.5575    115.111     32.448  28.929475     5.8876     10.579   141.1630 8.1780e+01     4.3132      0.208      0.301    19.5673 0.0000e+00
      0.212     -0.003    10.5647    115.165     32.470  28.950650     5.9398     10.579   141.2369 8.1520e+01     4.3761      0.208      0.301    19.5694 0.0000e+00
      0.211     -0.004    10.5631    115.251     32.518  28.994992     6.0024     10.579   141.2561 8.1546e+01     4.4241      0.207      0.300    19.5707 0.0000e+00
      0.209     -0.005    10.5526    115.353     32.543  29.021619     6.0201     10.579   141.3094 8.1888e+01     4.4159      0.205      0.298    19.5720 0.0000e+00
      0.206     -0.005    10.5524    115.468     32.534  29.018883     6.0045     10.580   141.2794 8.2431e+01     4.3454      0.202      0.293    19.5733 0.0000e+00
      0.203     -0.004    10.5582    115.608     32.535  29.025344     6.0051     10.581   141.1518 8.3279e+01     4.3571      0.199      0.288    19.5753 0.0000e+00
      0.202     -0.002    10.5654    115.764     32.543  29.036320     6.0271     10.582   141.0566 8.3870e+01     4.4208      0.197      0.286    19.5788 0.0000e+00
      0.203     -0.001    10.5743    115.900     32.527  29.024737     6.0299     10.583   141.0739 8.3929e+01     4.3640      0.198      0.287    19.5843 0.0000e+00
      0.204      0.001    10.5818    115.989     32.511  29.012152     6.0052     10.583   141.1030 8.3912e+01     4.2858      0.200      0.290    19.5932 0.0000e+00
      0.206      0.002    10.5930    116.034     32.511  29.011018     5.9951     10.584   141.1513 8.3908e+01     4.3285      0.202      0.293    19.6027 0.0000e+00
      0.206      0.002    10.6074    116.031     32.513  29.011028     6.0326     10.585   141.3131 8.3838e+01     4.4365      0.202      0.293    19.6089 0.0000e+00
      0.205      0.001    10.6203    115.984     32.516  29.012276     6.0833     10.585   141.3388 8.3653e+01     4.4302      0.201      0.291    19.6127 0.0000e+00
      0.205      0.001    10.6273    115.915     32.531  29.026110     6.0848     10.586   141.2030 8.3357e+01     4.3210      0.201      0.291    19.6148 0.0000e+00
      0.205      0.000    10.6321    115.853     32.560  29.051429     6.0589     10.586   141.1342 8.3099e+01     4.3120      0.200      0.290    19.6131 0.0000e+00
      0.206 4.2843e-07    10.6328    115.825     32.575  29.064686     6.0690     10.585   141.1102 8.3047e+01     4.4231      0.201      0.291    19.6094 0.0000e+00
      0.207      0.000    10.6277    115.813     32.568  29.059548     6.1157     10.585   141.1706 8.3221e+01     4.5036      0.203      0.294    19.6074 0.0000e+00
      0.207      0.000    10.6211    115.794     32.557  29.052728     6.1493     10.585   141.2617 8.3521e+01     4.4648      0.203      0.294    19.6075 0.0000e+00
      0.206      0.001    10.6134    115.793     32.546  29.045662     6.1505     10.586   141.2656 8.3826e+01     4.3634      0.202      0.292    19.6074 0.0000e+00
      0.205      0.001    10.6122    115.807     32.535  29.037551     6.1721     10.587   141.2173 8.4280e+01     4.3708      0.201      0.292    19.6065 0.0000e+00
      0.205      0.001    10.6128    115.827     32.513  29.018090     6.2357     10.587   141.1938 8.4685e+01     4.4868      0.201      0.292    19.6078 0.0000e+00
      0.206      0.001    10.6073    115.887     32.494  29.000644     6.2612     10.588   141.2398 8.4607e+01     4.4676      0.202      0.293    19.6129 0.0000e+00
      0.207      0.001    10.6067    115.987     32.514  29.016898     6.2481     10.590   141.3437 8.4252e+01     4.3095      0.203      0.295    19.6177 0.0000e+00
      0.208      0.001    10.6093    116.093     32.525  29.024331     6.2518     10.591   141.5039 8.3935e+01     4.1803      0.204      0.295    19.6205 0.0000e+00
      0.208      0.001    10.6076    116.175     32.530  29.027086     6.2555     10.590   141.6271 8.3724e+01     4.1348      0.204      0.296    19.6215 0.0000e+00
      0.208      0.000    10.6140    116.220     32.558  29.050204     6.2595     10.589   141.6290 8.3602e+01     4.2044      0.204      0.296    19.6207 0.0000e+00
      0.208 -1.136e-12    10.6251    116.232     32.559  29.050129     6.2589     10.589   141.5269 8.3572e+01     4.2359      0.204      0.295    19.6183 0.0000e+00
      0.208 -1.249e-11    10.6365    116.228     32.532  29.026173     6.2146     10.589   141.4249 8.3819e+01     4.1406      0.204      0.295    19.6148 0.0000e+00
      0.208 -1.374e-10    10.6451    116.216     32.519  29.014267     6.1575     10.589   141.5149 8.4353e+01     4.1102      0.203      0.295    19.6115 0.0000e+00
      0.208 -1.511e-09    10.6497    116.192     32.539  29.033035     6.1511     10.589   141.6683 8.4676e+01     4.2105      0.204      0.295    19.6083 0.0000e+00
      0.208 -1.663e-08    10.6507    116.179     32.571  29.062810     6.1623     10.589   141.7317 8.4732e+01     4.2945      0.204      0.296    19.6063 0.0000e+00
