Data/DataNotYetUploadedToEDI/Raw_CTD/RawDownloads/052724_bvr50_S7809001.cnv
* Sea-Bird SBE19plus  Data File:
* FileName = C:\R\Reservoirs\Data\DataNotYetUploadedToEDI\Raw_CTD\RawDownloads\052724_bvr50_S7809_0001.hex
* Software version 2.8.0.119
* Temperature SN = 7809
* Conductivity SN = 7809
* System UpLoad Time = Jun 04 2024 12:19:55
* <ApplicationData>
* <Seaterm232>
# nquan = 15
# nvalues = 1185                        
# units = specified
# name 0 = depFM: Depth [fresh water, m]
# name 1 = dz/dtM: Descent Rate [m/s]
# name 2 = sbeox0Mg/L: Oxygen, SBE 43 [mg/l]
# name 3 = sbeox0PS: Oxygen, SBE 43 [% saturation]
# name 4 = specc: Specific Conductance [uS/cm]
# name 5 = c0uS/cm: Conductivity [uS/cm]
# name 6 = flECO-AFL: Fluorescence, WET Labs ECO-AFL/FL [mg/m^3]
# name 7 = ph: pH
# name 8 = orp: Oxidation Reduction Potential [mV]
# name 9 = par/sat/log: PAR/Logarithmic, Satlantic
# name 10 = turbWETntu0: Turbidity, WET Labs ECO [NTU]
# name 11 = prdM: Pressure, Strain Gauge [db]
# name 12 = prdE: Pressure, Strain Gauge [psi]
# name 13 = tv290C: Temperature [ITS-90, deg C]
# name 14 = flag:  0.000e+00
# span 0 =     -0.810,      7.523       
# span 1 =     -0.290,      0.143       
# span 2 =     0.0953,    10.1324       
# span 3 =      0.899,    118.080       
# span 4 =     25.216,     57.369       
# span 5 =  24.250694,  40.950570       
# span 6 =     0.4070,    13.7684       
# span 7 =      7.608,      8.530       
# span 8 =   -42.7579,   183.0465       
# span 9 = 1.3122e-01, 2.3090e+03       
# span 10 =     1.8895,     8.3820      
# span 11 =     -0.795,      7.384      
# span 12 =     -1.153,     10.709      
# span 13 =    10.6697,    24.0913      
# span 14 = 0.0000e+00, 0.0000e+00      
# interval = seconds: 0.25
# start_time = May 27 2024 11:07:37 [Instrument's time stamp, header]
# bad_flag = -9.990e-29
*END*
[from data line 772]
      6.380     -0.060     0.1048      0.913     39.825  28.887346     0.8186      7.729   -41.4766 4.1873e-01     1.9547      6.246      9.059    11.2541 0.0000e+00
      6.360     -0.058     0.1028      0.899     39.645  28.750670     0.8436      7.729   -41.3611 4.3383e-01     1.8974      6.227      9.033    11.2643 0.0000e+00
      6.362     -0.059     0.1035      0.909     39.420  28.587939     0.8513      7.731   -41.3282 4.3608e-01     1.9402      6.238      9.048    11.2783 0.0000e+00
      6.369     -0.064     0.1038      0.922     39.035  28.315208     0.8459      7.733   -41.3364 4.3411e-01     1.9591      6.249      9.063    11.2773 0.0000e+00
      6.368     -0.074     0.0994      0.931     39.005  28.307395     0.8118      7.733   -41.2883 4.3927e-01     1.9214      6.253      9.069    11.2623 0.0000e+00
      6.344     -0.084     0.0967      0.927     39.331  28.556932     0.7633      7.732   -41.3490 4.4721e-01     1.9287      6.232      9.039    11.2551 0.0000e+00
      6.296     -0.092     0.1002      0.911     39.479  28.668343     0.7425      7.731   -41.4687 4.5533e-01     2.0122      6.174      8.955    11.2547 0.0000e+00
      6.247     -0.096     0.1009      0.912     39.271  28.512742     0.7425      7.732   -41.4442 4.6322e-01     2.1117      6.115      8.869    11.2613 0.0000e+00
      6.223     -0.097     0.1022      0.930     38.842  28.197867     0.7465      7.733   -41.3112 4.5612e-01     2.1411      6.094      8.840    11.2840 0.0000e+00
      6.221     -0.097     0.1028      0.933     38.433  27.905767     0.7500      7.735   -41.2367 4.3565e-01     2.0606      6.102      8.850    11.3065 0.0000e+00
      6.218     -0.092     0.0985      0.929     38.406  27.898652     0.7420      7.736   -41.1453 4.2049e-01     1.9573      6.105      8.855    11.3103 0.0000e+00
      6.194     -0.086     0.0986      0.938     38.684  28.111865     0.7416      7.736   -41.0675 4.2756e-01     1.9859      6.085      8.824    11.2989 0.0000e+00
      6.151     -0.083     0.1032      0.954     38.979  28.327197     0.7464      7.736   -41.0699 4.5170e-01     2.0990      6.032      8.747    11.2909 0.0000e+00
      6.110     -0.082     0.1026      0.977     39.016  28.345664     0.7410      7.737   -41.0887 4.6455e-01     2.1636      5.980      8.673    11.2972 0.0000e+00
      6.091     -0.081     0.1005      0.987     38.665  28.081417     0.7347      7.739   -41.1223 4.5271e-01     2.1858      5.967      8.654    11.3181 0.0000e+00
      6.091     -0.076     0.1029      0.976     38.359  27.859584     0.7284      7.741   -41.0463 4.3376e-01     2.1965      5.975      8.666    11.3378 0.0000e+00
      6.090     -0.067     0.1034      0.966     38.467  27.946898     0.7227      7.741   -40.9440 4.3037e-01     2.1908      5.978      8.669    11.3395 0.0000e+00
      6.072     -0.059     0.1075      0.959     38.786  28.185722     0.7158      7.741   -40.9179 4.2942e-01     2.1158      5.963      8.648    11.3239 0.0000e+00
      6.039     -0.054     0.1098      0.953     38.824  28.210098     0.7039      7.742   -40.8161 4.1640e-01     1.9735      5.921      8.588    11.3057 0.0000e+00
      6.009     -0.053     0.1056      0.942     38.530  27.987914     0.7034      7.744   -40.7462 3.9429e-01     1.9059      5.881      8.529    11.3060 0.0000e+00
      6.001     -0.053     0.1063      0.935     38.251  27.782692     0.7261      7.746   -40.6745 3.7805e-01     1.9812      5.881      8.528    11.3249 0.0000e+00
      6.006     -0.051     0.1042      0.935     38.122  27.695019     0.7541      7.747   -40.3797 3.7595e-01     2.0642      5.892      8.545    11.3387 0.0000e+00
      6.007     -0.046     0.1053      0.928     37.926  27.562135     0.7596      7.747   -40.1070 3.7129e-01     2.0214      5.895      8.551    11.3306 0.0000e+00
      5.992     -0.041     0.1027      0.922     37.492  27.254254     0.7426      7.746   -40.1312 3.7312e-01     1.9423      5.885      8.536    11.3139 0.0000e+00
      5.962     -0.039     0.1016      0.928     37.072  26.953441     0.7306      7.746   -40.2418 3.8262e-01     1.9266      5.843      8.474    11.3084 0.0000e+00
      5.938     -0.040     0.1032      0.938     36.997  26.905998     0.7392      7.747   -40.1538 3.8411e-01     1.9341      5.812      8.429    11.3191 0.0000e+00
      5.937     -0.043     0.1012      0.941     37.201  27.061176     0.7462      7.747   -39.9279 3.8092e-01     1.9303      5.821      8.441    11.3368 0.0000e+00
      5.945     -0.047     0.1006      0.941     37.361  27.180656     0.7329      7.747   -39.7470 3.7394e-01     1.9153      5.832      8.459    11.3454 0.0000e+00
      5.946     -0.052     0.1007      0.925     37.482  27.272422     0.7288      7.748   -39.6017 3.7004e-01     1.9236      5.837      8.465    11.3476 0.0000e+00
      5.930     -0.058     0.1037      0.914     37.492  27.282774     0.7623      7.749   -39.4618 3.7472e-01     2.0314      5.824      8.447    11.3590 0.0000e+00
      5.897     -0.064     0.1021      0.923     37.261  27.115538     0.8055      7.748   -39.4317 3.9087e-01     2.1933      5.783      8.388    11.3708 0.0000e+00
      5.862     -0.067     0.1042      0.913     37.140  27.026279     0.8100      7.746   -39.4097 4.0767e-01     2.2413      5.741      8.327    11.3731 0.0000e+00
      5.843     -0.069     0.1014      0.900     37.230  27.091500     0.7915      7.746   -39.2827 4.1375e-01     2.2359      5.723      8.300    11.3775 0.0000e+00
      5.841     -0.069     0.0974      0.924     37.298  27.143027     0.8074      7.746   -39.3580 4.1953e-01     2.2992      5.726      8.305    11.3839 0.0000e+00
      5.841     -0.067     0.1029      0.954     37.378  27.205312     0.8515      7.746   -39.6312 4.3201e-01     2.3570      5.734      8.317    11.3834 0.0000e+00
      5.827     -0.066     0.1005      0.967     37.553  27.337195     0.8675      7.744   -39.7475 4.5928e-01     2.3199      5.723      8.301    11.3807 0.0000e+00
      5.795     -0.066     0.0953      0.964     37.738  27.469121     0.8508      7.743   -39.7319 4.9420e-01     2.2273      5.684      8.244    11.3809 0.0000e+00
      5.761     -0.071     0.1014      0.948     37.749  27.468478     0.8746      7.743   -39.6145 5.1320e-01     2.2273      5.642      8.182    11.3827 0.0000e+00
      5.743     -0.078     0.1053      0.936     37.482  27.265990     0.9556      7.743   -39.4461 5.1626e-01     2.3195      5.626      8.160    11.3893 0.0000e+00
      5.738     -0.083     0.1059      0.939     37.184  27.050450     0.9979      7.743   -39.4173 5.1997e-01     2.3176      5.628      8.163    11.3978 0.0000e+00
      5.732     -0.083     0.1063      0.944     37.212  27.082275     0.9774      7.744   -39.5234 5.3468e-01     2.2042      5.627      8.161    11.3958 0.0000e+00
      5.709     -0.081     0.1033      0.934     37.455  27.270239     0.9325      7.744   -39.6105 5.6239e-01     2.1439      5.607      8.132    11.3803 0.0000e+00
      5.670     -0.078     0.1015      0.931     37.658  27.420388     0.8884      7.743   -39.6103 5.8889e-01     2.2039      5.559      8.063    11.3642 0.0000e+00
      5.633     -0.073     0.1023      0.933     37.778  27.502359     0.8761      7.742   -39.6065 6.0827e-01     2.2804      5.514      7.998    11.3646 0.0000e+00
      5.616     -0.067     0.1048      0.936     37.699  27.436804     0.8673      7.742   -39.5650 6.2136e-01     2.2490      5.502      7.980    11.3863 0.0000e+00
      5.615     -0.058     0.1009      0.952     37.554  27.325444     0.8489      7.742   -39.4527 6.1679e-01     2.1660      5.506      7.985    11.4068 0.0000e+00
      5.617     -0.048     0.1015      0.961     37.603  27.360995     0.8531      7.742   -39.3681 6.0769e-01     2.1308      5.512      7.994    11.4076 0.0000e+00
      5.607     -0.040     0.1026      0.953     37.773  27.486100     0.8756      7.742   -39.3157 6.0963e-01     2.1308      5.507      7.987    11.3997 0.0000e+00
      5.584     -0.034     0.1008      0.954     37.980  27.632990     0.8891      7.742   -39.3354 6.1181e-01     2.0988      5.475      7.941    11.3852 0.0000e+00
      5.562     -0.026     0.1045      0.963     38.140  27.741655     0.8833      7.741   -39.5207 6.1161e-01     2.0159      5.446      7.900    11.3741 0.0000e+00
      5.555     -0.015     0.1065      0.950     38.126  27.721703     0.8886      7.740   -39.6632 6.1889e-01     2.0512      5.444      7.897    11.3793 0.0000e+00
      5.559     -0.003     0.1031      0.937     38.032  27.645452     0.9199      7.739   -39.5947 6.2283e-01     2.2524      5.450      7.905    11.3842 0.0000e+00
      5.569      0.003     0.1033      0.940     37.949  27.580827     0.9373      7.739   -39.6396 6.1301e-01     2.3304      5.460      7.919    11.3778 0.0000e+00
      5.580     -0.006     0.1075      0.946     37.854  27.511143     0.9325      7.739   -39.7762 6.0264e-01     2.2086      5.473      7.939    11.3656 0.0000e+00
      5.586     -0.027     0.1034      0.950     37.746  27.437165     0.8947      7.740   -39.6113 6.0294e-01     2.0783      5.482      7.950    11.3517 0.0000e+00
      5.581     -0.051     0.1017      0.946     37.664  27.384057     0.8305      7.740   -39.3667 6.1635e-01     2.0532      5.479      7.946    11.3408 0.0000e+00
      5.559     -0.068     0.1029      0.931     37.644  27.376432     0.8045      7.739   -39.2276 6.2951e-01     2.1089      5.458      7.917    11.3344 0.0000e+00
      5.521     -0.075     0.1037      0.923     37.595  27.344981     0.8057      7.738   -38.9622 6.3826e-01     2.1026      5.415      7.854    11.3338 0.0000e+00
      5.483     -0.070     0.1040      0.923     37.473  27.257483     0.8278      7.738   -38.6523 6.4321e-01     2.1136      5.367      7.785    11.3399 0.0000e+00
      5.464     -0.057     0.1045      0.928     37.402  27.206462     0.8896      7.738   -38.5783 6.4113e-01     2.2428      5.351      7.762    11.3505 0.0000e+00
      5.461     -0.046     0.1010      0.948     37.441  27.235490     0.9369      7.738   -38.4980 6.4378e-01     2.3328      5.356      7.768    11.3611 0.0000e+00
      5.465     -0.041     0.1003      0.953     37.428  27.227903     0.9415      7.738   -38.1980 6.4832e-01     2.3478      5.357      7.771    11.3662 0.0000e+00
      5.469     -0.046     0.1016      0.946     37.356  27.178161     0.9123      7.738   -38.0477 6.3846e-01     2.3217      5.365      7.781    11.3665 0.0000e+00
      5.463     -0.055     0.0993      0.957     37.386  27.204881     0.8752      7.737   -38.0570 6.3175e-01     2.2897      5.368      7.785    11.3663 0.0000e+00
      5.436     -0.063     0.1055      0.971     37.422  27.233859     0.8677      7.737   -38.0531 6.4606e-01     2.3023      5.337      7.741    11.3687 0.0000e+00
      5.396     -0.064     0.1050      0.970     37.393  27.211412     0.8707      7.738   -38.0002 6.5460e-01     2.2694      5.284      7.663    11.3704 0.0000e+00
      5.370     -0.059     0.1017      0.965     37.363  27.187179     0.8615      7.738   -37.7607 6.5620e-01     2.2003      5.258      7.627    11.3736 0.0000e+00
      5.362     -0.052     0.1045      0.969     37.376  27.194550     0.8725      7.738   -37.4811 6.5656e-01     2.1834      5.258      7.626    11.3827 0.0000e+00
      5.363     -0.046     0.1072      0.975     37.348  27.173690     0.9123      7.738   -37.2870 6.4404e-01     2.2019      5.257      7.625    11.3871 0.0000e+00
      5.366     -0.044     0.1059      0.971     37.278  27.125224     0.9430      7.738   -37.1345 6.3137e-01     2.2532      5.264      7.634    11.3836 0.0000e+00
      5.361     -0.046     0.1049      0.949     37.347  27.179379     0.9449      7.738   -37.0135 6.3081e-01     2.2569      5.265      7.636    11.3798 0.0000e+00
      5.339     -0.048     0.1060      0.932     37.452  27.257662     0.9269      7.737   -36.8565 6.3984e-01     2.1095      5.241      7.602    11.3771 0.0000e+00
      5.307     -0.049     0.1063      0.938     37.440  27.247218     0.9164      7.736   -36.7855 6.4135e-01     1.9746      5.197      7.539    11.3747 0.0000e+00
      5.287     -0.049     0.1078      0.946     37.350  27.179955     0.9269      7.736   -36.6714 6.2427e-01     1.9926      5.176      7.508    11.3774 0.0000e+00
      5.286     -0.052     0.1033      0.947     37.211  27.078634     0.9369      7.737   -36.3372 6.1171e-01     2.0539      5.184      7.519    11.3861 0.0000e+00
      5.289     -0.057     0.1002      0.940     37.063  26.973524     0.9207      7.738   -36.0147 6.1493e-01     2.0666      5.187      7.524    11.3899 0.0000e+00
      5.285     -0.059     0.1030      0.930     36.986  26.923860     0.8894      7.736   -35.7831 6.1912e-01     2.0779      5.189      7.526    11.3856 0.0000e+00
      5.264     -0.059     0.1036      0.940     36.974  26.922132     0.8743      7.734   -35.6880 6.2367e-01     2.1224      5.173      7.503    11.3824 0.0000e+00
      5.225     -0.056     0.1038      0.969     37.009  26.952631     0.8795      7.734   -35.6395 6.3329e-01     2.0917      5.120      7.426    11.3813 0.0000e+00
      5.192     -0.047     0.1032      0.976     37.124  27.038937     0.8778      7.733   -35.5403 6.4335e-01     2.0480      5.078      7.365    11.3844 0.0000e+00
      5.187     -0.032     0.1006      0.965     37.269  27.141146     0.8620      7.733   -35.3489 6.4915e-01     2.1073      5.083      7.372    11.3942 0.0000e+00
      5.197     -0.014     0.1011      0.963     37.327  27.173631     0.8636      7.735   -35.1315 6.4992e-01     2.1935      5.099      7.395    11.4043 0.0000e+00
      5.207     -0.002     0.1075      0.955     37.258  27.114575     0.8801      7.736   -35.1498 6.4371e-01     2.2708      5.106      7.406    11.4129 0.0000e+00
      5.212     -0.004     0.1081      0.951     37.103  26.997916     0.8784      7.737   -35.2256 6.4363e-01     2.2559      5.114      7.417    11.4183 0.0000e+00
      5.211     -0.017     0.1037      0.966     36.973  26.904750     0.8593      7.737   -35.1872 6.5444e-01     2.1499      5.114      7.417    11.4127 0.0000e+00
      5.204     -0.032     0.1063      0.971     37.011  26.939469     0.8575      7.737   -35.1166 6.6939e-01     2.1502      5.105      7.405    11.3964 0.0000e+00
      5.191     -0.042     0.1045      0.962     37.050  26.973741     0.8745      7.737   -35.0603 6.9424e-01     2.2593      5.095      7.390    11.3825 0.0000e+00
      5.171     -0.046     0.1019      0.963     36.911  26.875168     0.8723      7.737   -35.0228 7.2506e-01     2.2742      5.072      7.356    11.3765 0.0000e+00
      5.151     -0.048     0.1067      0.972     36.753  26.762420     0.8648      7.737   -34.8347 7.4435e-01     2.1927      5.045      7.317    11.3780 0.0000e+00
      5.141     -0.055     0.1069      0.976     36.558  26.625296     0.8830      7.737   -34.5064 7.4605e-01     2.1624      5.039      7.308    11.3906 0.0000e+00
      5.138     -0.065     0.1040      0.969     36.357  26.485680     0.9099      7.737   -34.2376 7.4092e-01     2.2157      5.039      7.309    11.4026 0.0000e+00
      5.133     -0.072     0.1051      0.954     36.407  26.533063     0.9230      7.736   -34.0799 7.3379e-01     2.2900      5.040      7.309    11.4019 0.0000e+00
      5.113     -0.074     0.1066      0.944     36.613  26.690833     0.9006      7.734   -34.0618 7.2785e-01     2.2072      5.025      7.287    11.4049 0.0000e+00
      5.073     -0.072     0.1069      0.947     36.689  26.744274     0.8551      7.733   -34.0188 7.3113e-01     2.0012      4.974      7.214    11.4108 0.0000e+00
      5.036     -0.064     0.1066      0.959     36.600  26.671831     0.8396      7.732   -33.9043 7.4150e-01     1.9506      4.927      7.147    11.4180 0.0000e+00
