Data/DataNotYetUploadedToEDI/Raw_CTD/RawDownloads/052724_fcr20_S7809003.cnv
* Sea-Bird SBE19plus  Data File:
* FileName = C:\R\Reservoirs\Data\DataNotYetUploadedToEDI\Raw_CTD\RawDownloads\052724_bvr50_S7809_0003.hex
* Software version 2.8.0.119
* Temperature SN = 7809
* Conductivity SN = 7809
* System UpLoad Time = Jun 04 2024 12:21:17
* <ApplicationData>
* <Seaterm232>
# nquan = 15
# nvalues = 2003                        
# units = specified
# name 0 = depFM: Depth [fresh water, m]
# name 1 = dz/dtM: Descent Rate [m/s]
# name 2 = sbeox0Mg/L: Oxygen, SBE 43 [mg/l]
# name 3 = sbeox0PS: Oxygen, SBE 43 [% saturation]
# name 4 = specc: Specific Conductance [uS/cm]
# name 5 = c0uS/cm: Conductivity [uS/cm]
# name 6 = flECO-AFL: Fluorescence, WET Labs ECO-AFL/FL [mg/m^3]
# name 7 = ph: pH
# name 8 = orp: Oxidation Reduction Potential [mV]
# name 9 = par/sat/log: PAR/Logarithmic, Satlantic
# name 10 = turbWETntu0: Turbidity, WET Labs ECO [NTU]
# name 11 = prdM: Pressure, Strain Gauge [db]
# name 12 = prdE: Pressure, Strain Gauge [psi]
# name 13 = tv290C: Temperature [ITS-90, deg C]
# name 14 = flag:  0.000e+00
# span 0 =     -0.742,      2.830       
# span 1 =     -0.335,      0.299       
# span 2 =     1.0024,     9.5180       
# span 3 =     10.092,    106.425       
# span 4 =      2.039,     44.870       
# span 5 =   1.962374,  38.715676       
# span 6 =    -1.1970,    45.8489       
# span 7 =      7.687,      8.400       
# span 8 =   130.1783,   476.0030       
# span 9 = 4.3483e+01, 3.1592e+03       
# span 10 =    -5.1255,    70.6050      
# span 11 =     -0.728,      2.776      
# span 12 =     -1.057,      4.026      
# span 13 =    15.4715,    25.0108      
# span 14 = 0.0000e+00, 0.0000e+00      
# interval = seconds: 0.25
# start_time = May 27 2024 13:31:57 [Instrument's time stamp, header]
# bad_flag = -9.990e-29
*END*
[from data line 1832]
      2.639      0.081     2.5218     23.047     42.620  34.984805     6.2813      8.232   246.8852 5.9953e+01    40.9625      2.590      3.756    16.3303 0.0000e+00
      2.658      0.085     2.3942     22.703     42.801  35.048543     7.1310      8.231   246.7963 5.8210e+01    40.7968      2.609      3.783    16.2089 0.0000e+00
      2.677      0.086     2.3184     22.224     42.940  35.058707    17.0735      8.230   246.6881 5.6105e+01    38.7615      2.624      3.804    16.1059 0.0000e+00
      2.700      0.084     2.2882     21.644     43.091  35.107560    35.3151      8.230   246.6953 5.3719e+01    35.0394      2.646      3.838    16.0801 0.0000e+00
      2.727      0.080     2.2781     20.875     43.264  35.194998    45.2369      8.230   247.0562 5.1814e+01    33.0278      2.675      3.881    16.0719 0.0000e+00
      2.750      0.074     2.2478     19.785     43.373  35.227565    45.8489      8.230   247.6960 5.0428e+01    33.2612      2.699      3.914    15.9514 0.0000e+00
      2.768      0.065     2.2046     18.396     43.464  35.247462    42.8156      8.230   248.2361 4.9245e+01    38.0653      2.716      3.939    15.7961 0.0000e+00
      2.783      0.053     2.1548     16.944     43.663  35.372050    37.1099      8.229   248.5101 4.8181e+01    46.9125      2.729      3.958    15.7246 0.0000e+00
      2.794      0.041     2.0862     15.575     43.957  35.591815    33.9997      8.229   248.7711 4.7499e+01    51.7590      2.741      3.976    15.6771 0.0000e+00
      2.802      0.031     1.9831     14.297     44.235  35.810745    33.6672      8.228   249.1553 4.7205e+01    52.1543      2.750      3.988    15.6056 0.0000e+00
      2.807      0.023     1.8335     13.120     44.531  36.052151    32.8730      8.226   249.4567 4.6847e+01    51.1108      2.753      3.992    15.5348 0.0000e+00
      2.811      0.018     1.6859     12.049     44.820  36.289833    24.4803      8.225   249.5756 4.6529e+01    38.9027      2.755      3.997    15.4931 0.0000e+00
      2.814      0.015     1.5523     11.175     44.870  36.336820     9.1310      8.224   249.6460 4.6292e+01    16.5907      2.759      4.002    15.4779 0.0000e+00
      2.816      0.013     1.4224     10.608     44.582  36.112654     0.7726      8.222   249.7056 4.5932e+01     4.5013      2.762      4.005    15.4715 0.0000e+00
      2.819      0.012     1.3072     10.289     44.257  35.863741     0.0250      8.221   249.7805 4.5669e+01     3.4080      2.764      4.009    15.4751 0.0000e+00
      2.823      0.008     1.1969     10.129     44.148  35.801869    -0.0499      8.220   250.0353 4.5558e+01     2.9268      2.768      4.015    15.4801 0.0000e+00
      2.827     -0.001     1.1010     10.092     44.114  35.808761    -0.0581      8.218   250.4633 4.5349e+01     2.3046      2.773      4.022    15.4856 0.0000e+00
      2.830     -0.019     1.0503     10.160     43.938  35.693309    -0.0414      8.216   250.9109 4.4912e+01     2.1703      2.776      4.026    15.4967 0.0000e+00
      2.829     -0.055     1.0215     10.357     43.572  35.421193     0.0028      8.214   251.2318 4.4242e+01     3.7279      2.776      4.026    15.5089 0.0000e+00
      2.821     -0.114     1.0047     10.703     43.192  35.183557     0.4187      8.214   251.2452 4.3483e+01    20.7962      2.769      4.016    15.5388 0.0000e+00
      2.803     -0.187     1.0024     11.181     42.907  35.104335     1.1662      8.214   250.9877 4.3836e+01    52.0917      2.755      3.995    15.5873 0.0000e+00
      2.760     -0.258     1.0058     11.763     42.657  35.098015     1.5757      8.212   250.6988 4.7371e+01    69.1846      2.725      3.951    15.6219 0.0000e+00
      2.672     -0.311     1.0249     12.494     42.441  35.107393     1.6647      8.209   250.5063 5.4294e+01    70.6050      2.637      3.825    15.6254 0.0000e+00
      2.547     -0.335     1.0589     13.587     42.219  35.091058     2.1345      8.206   250.3806 6.2019e+01    68.6514      2.496      3.621    15.6827 0.0000e+00
      2.419     -0.324     1.1029     15.287     41.955  35.027604     2.9785      8.203   250.2970 6.9007e+01    64.7272      2.362      3.425    15.8826 0.0000e+00
      2.319     -0.283     1.1545     17.687     41.738  34.974854     3.4299      8.201   250.0985 7.4463e+01    62.4409      2.260      3.277    16.1488 0.0000e+00
      2.258     -0.225     1.2116     20.697     41.608  34.961016     3.4715      8.201   249.7866 7.6402e+01    61.1615      2.200      3.192    16.3666 0.0000e+00
      2.233     -0.170     1.3031     24.143     41.556  34.987301     3.4825      8.202   249.6242 7.5809e+01    49.1898      2.184      3.166    16.5523 0.0000e+00
      2.225     -0.134     1.4601     27.926     41.543  35.038966     3.4703      8.202   249.5114 7.6571e+01    27.2072      2.184      3.168    16.7558 0.0000e+00
      2.211     -0.118     1.6903     31.830     41.515  35.078177     3.4489      8.202   249.3693 7.8982e+01    15.1875      2.175      3.155    16.9103 0.0000e+00
      2.180     -0.117     1.9872     35.479     41.452  35.080791     3.4331      8.201   249.4545 8.1425e+01    14.0591      2.144      3.109    17.0180 0.0000e+00
      2.135     -0.119     2.3155     38.593     41.375  35.070638     3.4367      8.199   249.6810 8.4670e+01    14.1788      2.095      3.038    17.0972 0.0000e+00
      2.088     -0.118     2.6832     41.081     41.315  35.082386     3.5087      8.196   249.7851 8.7804e+01    17.0111      2.042      2.962    17.1618 0.0000e+00
      2.053     -0.112     3.0703     43.030     41.253  35.096013     3.6212      8.194   249.8523 9.0870e+01    22.2402      2.005      2.910    17.2510 0.0000e+00
      2.034     -0.107     3.4254     44.618     41.193  35.108590     3.6734      8.194   249.9778 9.3924e+01    25.0707      1.992      2.889    17.3106 0.0000e+00
      2.023     -0.107     3.7233     45.981     41.141  35.107641     3.6827      8.194   250.0120 9.5602e+01    25.1375      1.985      2.879    17.3722 0.0000e+00
      2.008     -0.115     3.9510     47.161     41.081  35.084595     3.8165      8.194   249.8359 9.7395e+01    23.5939      1.973      2.862    17.4526 0.0000e+00
      1.981     -0.129     4.1245     48.251     41.025  35.083765     4.0683      8.193   249.4831 1.0219e+02    20.7884      1.949      2.827    17.5322 0.0000e+00
      1.937     -0.144     4.2616     49.364     40.951  35.097665     4.1963      8.193   249.1021 1.1002e+02    19.2271      1.905      2.762    17.6216 0.0000e+00
      1.884     -0.157     4.3897     50.499     40.886  35.125865     4.2077      8.193   248.9286 1.1723e+02    18.9613      1.845      2.676    17.6738 0.0000e+00
      1.834     -0.165     4.4960     51.577     40.847  35.171044     4.2897      8.193   248.9346 1.2307e+02    18.2233      1.794      2.601    17.6863 0.0000e+00
      1.797     -0.166     4.5901     52.591     40.785  35.199883     4.4381      8.193   248.9156 1.2832e+02    16.9979      1.762      2.554    17.7351 0.0000e+00
      1.763     -0.159     4.6861     53.735     40.688  35.220859     4.5296      8.192   248.7846 1.3254e+02    16.3403      1.730      2.510    17.8490 0.0000e+00
      1.723     -0.145     4.7857     55.164     40.570  35.234462     4.5717      8.191   248.6421 1.3903e+02    16.1141      1.692      2.455    17.9577 0.0000e+00
      1.678     -0.128     4.8832     56.867     40.488  35.237621     4.8797      8.189   248.6554 1.5243e+02    14.5026      1.645      2.386    18.0472 0.0000e+00
      1.637     -0.112     4.9586     58.821     40.479  35.259143     5.4408      8.187   248.7733 1.6123e+02    11.6125      1.598      2.318    18.1371 0.0000e+00
      1.611     -0.099     5.0477     60.990     40.470  35.304365     5.7457      8.187   248.7768 1.5869e+02    10.0685      1.574      2.284    18.2615 0.0000e+00
      1.600     -0.093     5.1664     63.283     40.387  35.340321     5.7702      8.187   248.6973 1.5955e+02     9.9078      1.568      2.274    18.4469 0.0000e+00
      1.592     -0.096     5.3147     65.522     40.279  35.376788     5.6622      8.187   248.7584 1.6142e+02     8.8848      1.562      2.266    18.5453 0.0000e+00
      1.577     -0.106     5.5006     67.500     40.190  35.428218     5.4467      8.186   248.9134 1.6622e+02     6.9904      1.552      2.251    18.5292 0.0000e+00
      1.547     -0.118     5.7007     69.271     40.087  35.454734     5.3365      8.184   249.0226 1.8422e+02     6.0297      1.525      2.212    18.5804 0.0000e+00
      1.501     -0.124     5.9004     71.175     39.983  35.443749     5.3371      8.182   249.1320 1.9805e+02     6.0139      1.473      2.137    18.7436 0.0000e+00
      1.450     -0.120     6.0989     73.425     39.921  35.422413     5.3208      8.181   249.3761 2.0016e+02     6.0135      1.416      2.054    18.9134 0.0000e+00
      1.412     -0.105     6.2616     75.930     39.951  35.450602     5.2143      8.180   249.6515 2.0049e+02     6.1614      1.378      1.999    19.0723 0.0000e+00
      1.391     -0.084     6.3883     78.513     40.040  35.530781     5.0477      8.178   249.7084 2.0528e+02     6.5379      1.360      1.973    19.2376 0.0000e+00
      1.381     -0.066     6.5410     80.993     40.129  35.630458     4.9718      8.177   249.6333 2.1287e+02     6.8089      1.353      1.962    19.3436 0.0000e+00
      1.378     -0.061     6.7513     83.163     40.315  35.830972     4.9877      8.176   249.6041 2.0917e+02     6.9107      1.351      1.959    19.3768 0.0000e+00
      1.375     -0.072     6.9883     84.807     40.701  36.242074     5.0156      8.172   249.6139 2.0285e+02     7.2217      1.351      1.960    19.3640 0.0000e+00
      1.363     -0.094     7.2342     85.752     41.010  36.667159     5.0345      8.167   249.5793 2.1863e+02     7.7333      1.343      1.948    19.3472 0.0000e+00
      1.336     -0.116     7.4640     86.018     40.962  36.846463     5.0334      8.162   249.5296 2.4043e+02     7.9727      1.317      1.909    19.3873 0.0000e+00
      1.291     -0.132     7.6632     85.843     40.836  36.950932     4.9764      8.157   249.5288 2.4317e+02     7.9645      1.270      1.842    19.4302 0.0000e+00
      1.238     -0.139     7.8154     85.401     40.804  37.105690     4.3286      8.154   249.3981 2.3252e+02     7.7017      1.209      1.755    19.4724 0.0000e+00
      1.192     -0.138     7.8731     84.729     40.704  37.194971     3.1351      8.151   249.0678 2.2610e+02     7.1870      1.163      1.688    19.6575 0.0000e+00
      1.162     -0.131     7.8351     83.992     40.520  37.205761     2.4729      8.149   248.8047 2.4319e+02     6.8986      1.137      1.649    19.9858 0.0000e+00
      1.140     -0.122     7.7690     83.441     40.392  37.236397     2.3807      8.147   248.7977 2.6896e+02     6.8120      1.118      1.621    20.2632 0.0000e+00
      1.120     -0.117     7.7036     83.179     40.343  37.311777     2.2947      8.145   248.7262 2.7359e+02     6.7542      1.101      1.597    20.4569 0.0000e+00
      1.093     -0.114     7.6025     83.157     40.255  37.355890     2.1825      8.141   248.4559 2.7645e+02     6.7118      1.075      1.559    20.6810 0.0000e+00
      1.058     -0.110     7.4903     83.302     40.150  37.389206     2.1226      8.133   248.3685 2.8645e+02     6.6415      1.039      1.507    20.9255 0.0000e+00
      1.019     -0.102     7.4117     83.575     40.100  37.460958     2.1198      8.125   248.4443 2.8920e+02     6.5877      0.997      1.447    21.1081 0.0000e+00
      0.986     -0.090     7.3738     83.955     40.025  37.525586     2.2494      8.118   248.5117 2.9290e+02     6.6415      0.963      1.395    21.2292 0.0000e+00
      0.966     -0.075     7.3518     84.380     39.823  37.536261     2.5162      8.113   248.6674 2.9458e+02     6.8144      0.944      1.367    21.3872 0.0000e+00
      0.957     -0.059     7.3389     84.744     39.551  37.526854     2.6812      8.109   248.7775 2.8801e+02     6.9019      0.938      1.360    21.5727 0.0000e+00
      0.952     -0.043     7.3458     85.046     39.336  37.539113     2.6974      8.105   248.7251 2.8476e+02     6.8452      0.935      1.357    21.6998 0.0000e+00
      0.943     -0.032     7.3601     85.376     39.216  37.557884     2.6622      8.103   248.7226 2.9232e+02     6.7781      0.925      1.342    21.8330 0.0000e+00
      0.932     -0.024     7.3669     85.750     39.150  37.563634     2.5049      8.102   248.7464 3.0386e+02     6.8075      0.911      1.322    22.0970 0.0000e+00
      0.924     -0.016     7.3462     86.005     39.068  37.545265     2.2527      8.101   248.5833 3.0045e+02     6.8932      0.905      1.313    22.4560 0.0000e+00
      0.920     -0.009     7.3271     86.093     38.970  37.526236     2.1174      8.100   248.5569 2.7943e+02     6.8918      0.902      1.309    22.7575 0.0000e+00
      0.920     -0.003     7.3309     86.253     38.899  37.524033     2.1004      8.100   248.7719 2.7018e+02     6.7915      0.900      1.306    22.9134 0.0000e+00
      0.924      0.002     7.3627     86.534     38.854  37.518719     2.0728      8.100   248.7737 2.7304e+02     6.5689      0.904      1.312    22.9671 0.0000e+00
      0.930      0.004     7.3831     86.824     38.848  37.525494     2.0253      8.101   248.5783 3.1560e+02     6.2834      0.915      1.327    23.0301 0.0000e+00
      0.932     -0.000     7.3562     87.086     38.865  37.542524     2.0001      8.101   248.4740 3.6815e+02     6.1750      0.917      1.330    23.1495 0.0000e+00
      0.929     -0.015     7.3594     87.309     38.850  37.534257     2.0094      8.101   248.5456 3.6193e+02     6.1800      0.910      1.320    23.2436 0.0000e+00
      0.927     -0.040     7.3832     87.499     38.793  37.488992     2.1880      8.101   248.6698 3.3789e+02     6.0020      0.908      1.317    23.2846 0.0000e+00
      0.927     -0.070     7.4049     87.699     38.738  37.439438     2.5284      8.101   248.6843 3.0596e+02     5.7311      0.913      1.324    23.3007 0.0000e+00
      0.913     -0.099     7.4303     87.918     38.744  37.442746     2.7208      8.101   248.5491 3.0366e+02     5.6721      0.906      1.314    23.2864 0.0000e+00
      0.875     -0.122     7.4474     88.083     38.782  37.465539     2.7412      8.101   248.2400 3.4081e+02     5.7325      0.863      1.252    23.2968 0.0000e+00
      0.824     -0.138     7.4592     88.203     38.804  37.461186     2.6830      8.102   247.8721 3.7282e+02     5.6747      0.806      1.168    23.3217 0.0000e+00
      0.775     -0.148     7.4737     88.343     38.819  37.453529     2.5664      8.103   247.6289 3.8762e+02     5.5203      0.756      1.098    23.3188 0.0000e+00
      0.735     -0.151     7.4986     88.516     38.814  37.436381     2.5131      8.105   247.4496 3.6383e+02     5.4378      0.716      1.038    23.3217 0.0000e+00
      0.705     -0.150     7.5126     88.721     38.834  37.444199     2.5297      8.107   247.1669 3.4957e+02     5.4630      0.690      1.000    23.3056 0.0000e+00
      0.679     -0.148     7.5259     88.943     38.894  37.484591     2.5185      8.110   246.8789 3.7491e+02     5.6536      0.670      0.972    23.2625 0.0000e+00
      0.644     -0.150     7.5440     89.154     38.900  37.480556     2.4519      8.112   246.5487 3.9627e+02     5.9657      0.636      0.921    23.2281 0.0000e+00
      0.598     -0.158     7.5592     89.312     38.871  37.458845     2.3902      8.114   245.9281 3.9855e+02     6.1282      0.587      0.851    23.2171 0.0000e+00
      0.552     -0.170     7.5787     89.388     38.876  37.475913     2.3800      8.117   245.3117 4.3192e+02     6.1842      0.539      0.780    23.2129 0.0000e+00
      0.510     -0.179     7.6026     89.353     38.878  37.496583     2.3868      8.118   245.0323 4.7178e+02     6.1634      0.501      0.727    23.1790 0.0000e+00
