Data/DataNotYetUploadedToEDI/Raw_CTD/RawDownloads/052724_fcr50_S7809006.cnv
* Sea-Bird SBE19plus  Data File:
* FileName = C:\R\Reservoirs\Data\DataNotYetUploadedToEDI\Raw_CTD\RawDownloads\052724_bvr50_S7809_0006.hex
* Software version 2.8.0.119
* Temperature SN = 7809
* Conductivity SN = 7809
* System UpLoad Time = Jun 04 2024 12:23:04
* <ApplicationData>
* <Seaterm232>
# nquan = 15
# nvalues = 1623                        
# units = specified
# name 0 = depFM: Depth [fresh water, m]
# name 1 = dz/dtM: Descent Rate [m/s]
# name 2 = sbeox0Mg/L: Oxygen, SBE 43 [mg/l]
# name 3 = sbeox0PS: Oxygen, SBE 43 [% saturation]
# name 4 = specc: Specific Conductance [uS/cm]
# name 5 = c0uS/cm: Conductivity [uS/cm]
# name 6 = flECO-AFL: Fluorescence, WET Labs ECO-AFL/FL [mg/m^3]
# name 7 = ph: pH
# name 8 = orp: Oxidation Reduction Potential [mV]
# name 9 = par/sat/log: PAR/Logarithmic, Satlantic
# name 10 = turbWETntu0: Turbidity, WET Labs ECO [NTU]
# name 11 = prdM: Pressure, Strain Gauge [db]
# name 12 = prdE: Pressure, Strain Gauge [psi]
# name 13 = tv290C: Temperature [ITS-90, deg C]
# name 14 = flag:  0.000e+00
# span 0 =     -0.746,      9.347       
# span 1 =     -0.303,      0.710       
# span 2 =     0.0822,    10.0142       
# span 3 =      0.751,    113.206       
# span 4 =      0.043,    349.531       
# span 5 =   0.038998, 252.539258       
# span 6 =    -0.5748,    26.0367       
# span 7 =      7.677,      8.475       
# span 8 =    42.0412,   279.0530       
# span 9 = 1.2362e-01, 3.1513e+03       
# span 10 =    -0.3657,   141.4737      
# span 11 =     -0.733,      9.166      
# span 12 =     -1.062,     13.295      
# span 13 =    10.8137,    24.3219      
# span 14 = 0.0000e+00, 0.0000e+00      
# interval = seconds: 0.25
# start_time = May 27 2024 14:06:23 [Instrument's time stamp, header]
# bad_flag = -9.990e-29
*END*
[from data line 675]
      0.265     -0.001     7.8510     93.436     37.945  37.356732     1.8387      8.238   224.5761 4.1095e+01     3.7083      0.260      0.377    24.2197 0.0000e+00
      0.265     -0.001     7.8436     93.448     37.941  37.356732     1.8378      8.238   224.6232 4.0548e+01     3.7998      0.260      0.377    24.2173 0.0000e+00
      0.264     -0.001     7.8356     93.495     37.939  37.356731     1.8443      8.238   224.5808 4.0546e+01     3.7962      0.260      0.377    24.2145 0.0000e+00
      0.263     -0.001     7.8349     93.559     37.939  37.356721     1.8421      8.238   224.7519 4.0655e+01     3.7331      0.258      0.374    24.2142 0.0000e+00
      0.263     -0.001     7.8311     93.621     37.939  37.356618     1.8358      8.238   225.1434 4.0200e+01     3.7195      0.257      0.373    24.2185 0.0000e+00
      0.263     -0.000     7.8313     93.671     37.938  37.355483     1.8353      8.238   225.2707 3.9653e+01     3.7691      0.258      0.374    24.2239 0.0000e+00
      0.263      0.001     7.8357     93.682     37.924  37.343001     1.8440      8.237   225.2592 3.9257e+01     3.8199      0.257      0.373    24.2262 0.0000e+00
      0.264      0.001     7.8417     93.654     37.913  37.332608     1.8576      8.236   225.2619 3.8928e+01     3.7525      0.258      0.374    24.2269 0.0000e+00
      0.265      0.000     7.8464     93.614     37.938  37.356730     1.8751      8.236   225.3033 3.8775e+01     3.5696      0.260      0.377    24.2274 0.0000e+00
      0.265     -0.000     7.8523     93.572     37.963  37.380844     1.8901      8.236   225.5019 3.8172e+01     3.4529      0.261      0.378    24.2272 0.0000e+00
      0.264     -0.000     7.8531     93.547     37.953  37.370347     1.8963      8.237   225.5976 3.7586e+01     3.5031      0.259      0.376    24.2281 0.0000e+00
      0.263     -0.001     7.8489     93.565     37.941  37.356721     1.9086      8.237   225.5151 3.7555e+01     3.6641      0.258      0.375    24.2286 0.0000e+00
      0.263     -0.001     7.8462     93.628     37.928  37.343001     1.9222      8.237   225.3637 3.7422e+01     3.7610      0.257      0.373    24.2276 0.0000e+00
      0.263      0.000     7.8420     93.718     37.917  37.331360     1.9113      8.238   225.2300 3.7752e+01     3.7179      0.258      0.373    24.2272 0.0000e+00
      0.264 -1.847e-08     7.8389     93.813     37.928  37.342877     1.8932      8.239   225.2752 3.8791e+01     3.6544      0.259      0.375    24.2265 0.0000e+00
      0.264 -2.032e-07     7.8407     93.894     37.941  37.355349     1.8952      8.239   225.4800 3.9922e+01     3.6082      0.259      0.376    24.2246 0.0000e+00
      0.264 -2.029e-07     7.8472     93.935     37.941  37.355244     1.9100      8.240   225.6410 4.1031e+01     3.5694      0.259      0.376    24.2225 0.0000e+00
      0.264 -1.512e-08     7.8551     93.932     37.927  37.341619     1.9137      8.240   225.6731 4.1711e+01     3.5275      0.259      0.376    24.2224 0.0000e+00
      0.263 3.5268e-08     7.8636     93.907     37.904  37.317505     1.8989      8.240   225.6105 4.2404e+01     3.4769      0.258      0.375    24.2232 0.0000e+00
      0.263 4.0627e-07     7.8715     93.889     37.904  37.317496     1.8812      8.240   225.5724 4.3592e+01     3.4698      0.258      0.374    24.2228 0.0000e+00
      0.263      0.000     7.8751     93.899     37.929  37.341515     1.8829      8.240   225.6424 4.4450e+01     3.5103      0.258      0.375    24.2221 0.0000e+00
      0.264      0.000     7.8739     93.915     37.943  37.354101     1.9104      8.240   225.7688 4.4577e+01     3.5559      0.259      0.375    24.2215 0.0000e+00
      0.264      0.001     7.8714     93.900     37.932  37.342763     1.9228      8.240   225.8103 4.5390e+01     3.5430      0.259      0.376    24.2209 0.0000e+00
      0.264      0.001     7.8687     93.858     37.922  37.331329     1.9075      8.240   225.7134 4.6951e+01     3.4918      0.259      0.376    24.2203 0.0000e+00
      0.264      0.000     7.8706     93.818     37.934  37.342763     1.9093      8.240   225.6304 4.6808e+01     3.4828      0.259      0.376    24.2196 0.0000e+00
      0.264 1.8321e-08     7.8739     93.809     37.946  37.354101     1.9269      8.241   225.6664 4.5533e+01     3.5365      0.259      0.376    24.2183 0.0000e+00
      0.264 2.0153e-07     7.8721     93.811     37.934  37.341515     1.9284      8.241   225.8909 4.5679e+01     3.5607      0.259      0.376    24.2167 0.0000e+00
      0.264 1.8472e-07     7.8685     93.785     37.911  37.317486     1.9201      8.240   226.1083 4.6643e+01     3.4687      0.259      0.376    24.2151 0.0000e+00
      0.264 -1.399e-10     7.8635     93.760     37.913  37.317381     1.9182      8.240   226.0573 4.6722e+01     3.4479      0.259      0.375    24.2140 0.0000e+00
      0.264 -1.539e-09     7.8637     93.771     37.938  37.340246     1.9223      8.241   225.9625 4.6752e+01     3.5824      0.258      0.374    24.2140 0.0000e+00
      0.264 -1.693e-08     7.8664     93.786     37.938  37.340133     1.9278      8.241   226.0801 4.7503e+01     3.6608      0.259      0.375    24.2133 0.0000e+00
      0.264 -1.862e-07     7.8626     93.796     37.913  37.316010     1.9357      8.241   226.2752 4.7665e+01     3.6106      0.259      0.375    24.2114 0.0000e+00
      0.264 -1.856e-07     7.8589     93.811     37.900  37.302394     1.9172      8.241   226.3426 4.7252e+01     3.5895      0.258      0.374    24.2094 0.0000e+00
      0.264 -9.154e-09     7.8624     93.798     37.901  37.302404     1.8785      8.241   226.2924 4.8042e+01     3.7126      0.259      0.375    24.2075 0.0000e+00
      0.263 8.4049e-08     7.8643     93.763     37.916  37.316135     1.8671      8.241   226.2708 4.9649e+01     3.8352      0.258      0.375    24.2060 0.0000e+00
      0.263 9.4134e-07     7.8632     93.760     37.941  37.341506     1.8629      8.242   226.2537 4.9419e+01     3.8090      0.258      0.375    24.2062 0.0000e+00
      0.263      0.000     7.8669     93.811     37.953  37.355349     1.8608      8.243   226.1721 4.7919e+01     3.6688      0.259      0.375    24.2070 0.0000e+00
      0.263      0.000     7.8659     93.887     37.953  37.356609     1.8838      8.243   226.2300 4.7447e+01     3.5405      0.258      0.375    24.2043 0.0000e+00
      0.263      0.001     7.8608     93.957     37.950  37.356732     1.9083      8.243   226.4382 4.7059e+01     3.5214      0.258      0.375    24.2017 0.0000e+00
      0.263      0.004     7.8596     94.003     37.945  37.356846     1.9155      8.243   226.5384 4.5876e+01     3.5741      0.258      0.375    24.2033 0.0000e+00
      0.263      0.007     7.8651     94.042     37.942  37.357991     1.8952      8.242   226.5809 4.5026e+01     3.6324      0.258      0.375    24.2057 0.0000e+00
      0.264      0.008     7.8717     94.084     37.953  37.370576     1.8547      8.242   226.5217 4.4926e+01     3.6798      0.258      0.375    24.2084 0.0000e+00
      0.268      0.007     7.8778     94.100     37.965  37.382113     1.8335      8.241   226.2530 4.4965e+01     3.7024      0.262      0.380    24.2129 0.0000e+00
      0.273      0.004     7.8800     94.082     37.954  37.370575     1.8388      8.241   226.0846 4.4566e+01     3.7354      0.269      0.390    24.2195 0.0000e+00
      0.277      0.000     7.8812     94.043     37.942  37.357980     1.8439      8.242   226.1205 4.4268e+01     3.7714      0.274      0.397    24.2258 0.0000e+00
      0.275     -0.004     7.8866     94.003     37.942  37.356732     1.8377      8.242   226.2566 4.4264e+01     3.6933      0.272      0.394    24.2283 0.0000e+00
      0.270     -0.006     7.8876     93.974     37.942  37.355485     1.8293      8.241   226.4396 4.3300e+01     3.5420      0.264      0.384    24.2270 0.0000e+00
      0.264     -0.006     7.8864     93.959     37.929  37.342899     1.8263      8.241   226.5265 4.1581e+01     3.4459      0.258      0.374    24.2254 0.0000e+00
      0.262     -0.004     7.8819     93.927     37.917  37.331466     1.8341      8.241   226.4466 4.0325e+01     3.4537      0.256      0.371    24.2242 0.0000e+00
      0.262     -0.001     7.8794     93.871     37.931  37.344157     1.8573      8.241   226.3342 3.9828e+01     3.4992      0.256      0.372    24.2220 0.0000e+00
      0.264      0.001     7.8762     93.828     37.956  37.369433     1.8817      8.241   226.3724 3.9622e+01     3.4831      0.259      0.376    24.2208 0.0000e+00
      0.268      0.002     7.8763     93.803     37.968  37.383258     1.8960      8.240   226.4789 3.9085e+01     3.4983      0.263      0.381    24.2216 0.0000e+00
      0.269      0.002     7.8747     93.752     37.968  37.384411     1.8977      8.240   226.5025 3.8455e+01     3.5473      0.265      0.384    24.2218 0.0000e+00
      0.268      0.001     7.8673     93.651     37.966  37.383372     1.9026      8.240   226.4858 3.8297e+01     3.5624      0.264      0.383    24.2209 0.0000e+00
      0.267      0.000     7.8641     93.563     37.952  37.370700     1.9128      8.239   226.5358 3.8655e+01     3.5445      0.262      0.380    24.2217 0.0000e+00
      0.266      0.000     7.8627     93.524     37.939  37.358115     1.8965      8.237   226.6762 3.9176e+01     3.5012      0.260      0.378    24.2240 0.0000e+00
      0.266      0.001     7.8606     93.503     37.940  37.358105     1.8805      8.235   226.8069 3.9613e+01     3.5173      0.260      0.378    24.2257 0.0000e+00
      0.267      0.002     7.8484     93.508     37.954  37.370586     1.9100      8.233   226.9974 4.0064e+01     3.6030      0.262      0.379    24.2272 0.0000e+00
      0.269      0.003     7.8388     93.549     37.968  37.382104     1.9621      8.232   227.2593 4.0323e+01     3.7510      0.264      0.383    24.2289 0.0000e+00
      0.271      0.003     7.8387     93.586     37.958  37.370463     1.9866      8.231   227.3061 4.0294e+01     3.8380      0.265      0.385    24.2291 0.0000e+00
      0.271      0.003     7.8359     93.618     37.945  37.356743     1.9726      8.231   227.3050 4.0276e+01     3.7680      0.266      0.385    24.2281 0.0000e+00
      0.271      0.003     7.8353     93.661     37.932  37.343117     1.9430      8.230   227.4187 4.0343e+01     3.7574      0.266      0.386    24.2260 0.0000e+00
      0.270      0.004     7.8420     93.706     37.921  37.332620     1.9204      8.228   227.3899 4.0650e+01     3.8464      0.265      0.385    24.2228 0.0000e+00
      0.270      0.005     7.8450     93.740     37.946  37.356734     1.9154      8.228   227.3864 4.1048e+01     3.8540      0.264      0.383    24.2202 0.0000e+00
      0.272      0.005     7.8466     93.748     37.971  37.380856     1.9162      8.229   227.5485 4.1078e+01     3.8155      0.266      0.386    24.2186 0.0000e+00
      0.276      0.004     7.8517     93.727     37.961  37.370463     1.9123      8.229   227.6288 4.1167e+01     3.7901      0.271      0.393    24.2180 0.0000e+00
      0.280      0.002     7.8549     93.669     37.949  37.357981     1.9514      8.228   227.5829 4.1771e+01     3.7861      0.277      0.401    24.2182 0.0000e+00
      0.281      0.000     7.8593     93.591     37.948  37.356847     2.0395      8.227   227.5101 4.2441e+01     3.8361      0.276      0.401    24.2171 0.0000e+00
      0.278     -0.003     7.8594     93.537     37.948  37.356744     2.0960      8.227   227.5235 4.3015e+01     3.8815      0.272      0.394    24.2156 0.0000e+00
      0.274     -0.006     7.8585     93.503     37.949  37.356734     2.1019      8.228   227.6585 4.3537e+01     3.8566      0.268      0.388    24.2153 0.0000e+00
      0.272     -0.007     7.8536     93.491     37.951  37.356733     2.0444      8.229   227.6805 4.3881e+01     3.8088      0.266      0.386    24.2155 0.0000e+00
      0.271     -0.006     7.8439     93.526     37.951  37.356733     1.9585      8.230   227.6165 4.3904e+01     3.8154      0.266      0.386    24.2158 0.0000e+00
      0.269     -0.005     7.8409     93.589     37.950  37.356733     1.9286      8.231   227.6592 4.3792e+01     3.8342      0.264      0.383    24.2151 0.0000e+00
      0.268     -0.003     7.8387     93.661     37.950  37.356733     1.9152      8.232   227.6806 4.4126e+01     3.7976      0.263      0.381    24.2135 0.0000e+00
      0.268     -0.002     7.8359     93.732     37.952  37.356734     1.8889      8.233   227.7028 4.4736e+01     3.6802      0.263      0.381    24.2110 0.0000e+00
      0.268     -0.002     7.8404     93.749     37.954  37.356735     1.8847      8.234   227.7563 4.5038e+01     3.5418      0.263      0.381    24.2098 0.0000e+00
      0.267     -0.001     7.8466     93.703     37.954  37.356744     1.8977      8.234   227.8110 4.4885e+01     3.5248      0.262      0.379    24.2125 0.0000e+00
      0.267     -0.001     7.8505     93.618     37.952  37.356847     1.9051      8.233   227.9335 4.4510e+01     3.6112      0.261      0.379    24.2133 0.0000e+00
      0.267     -0.001     7.8611     93.495     37.952  37.357982     1.8993      8.233   228.0330 4.4533e+01     3.6642      0.262      0.380    24.2095 0.0000e+00
      0.267     -0.001     7.8626     93.388     37.966  37.370464     1.8859      8.233   228.0677 4.5351e+01     3.6876      0.262      0.380    24.2062 0.0000e+00
      0.266     -0.001     7.8565     93.328     37.978  37.380857     1.8764      8.233   228.0950 4.6156e+01     3.7230      0.261      0.379    24.2066 0.0000e+00
      0.265     -0.000     7.8511     93.306     37.955  37.356734     1.8842      8.232   228.1908 4.6143e+01     3.7843      0.260      0.377    24.2104 0.0000e+00
      0.265      0.000     7.8372     93.318     37.932  37.332611     1.9219      8.231   228.3661 4.5729e+01     3.8142      0.259      0.376    24.2123 0.0000e+00
      0.266      0.001     7.8274     93.349     37.944  37.342994     1.9738      8.231   228.4937 4.5382e+01     3.7770      0.261      0.378    24.2105 0.0000e+00
      0.266      0.001     7.8243     93.380     37.959  37.355361     2.0122      8.231   228.4425 4.5381e+01     3.7792      0.261      0.379    24.2083 0.0000e+00
      0.267      0.002     7.8216     93.393     37.960  37.355237     2.0277      8.232   228.1770 4.5811e+01     3.8060      0.262      0.380    24.2066 0.0000e+00
      0.267      0.003     7.8242     93.409     37.950  37.341497     2.0283      8.232   227.9517 4.6585e+01     3.7599      0.262      0.380    24.2047 0.0000e+00
      0.267      0.005     7.8273     93.475     37.928  37.316125     2.0286      8.232   228.0407 4.7415e+01     3.6314      0.263      0.381    24.2013 0.0000e+00
      0.267      0.009     7.8311     93.572     37.916  37.302282     2.0221      8.232   228.3066 4.7735e+01     3.5159      0.262      0.380    24.1998 0.0000e+00
      0.268      0.016     7.8322     93.626     37.914  37.301022     2.0255      8.231   228.5861 4.7948e+01     3.5251      0.262      0.380    24.1986 0.0000e+00
      0.272      0.023     7.8314     93.620     37.914  37.300897     2.0364      8.229   228.6664 4.8312e+01     3.5717      0.266      0.385    24.1929 0.0000e+00
      0.280      0.029     7.8389     93.593     37.916  37.300774     2.0199      8.227   228.5033 4.8587e+01     3.6014      0.273      0.396    24.1861 0.0000e+00
      0.291      0.032     7.8507     93.585     37.921  37.299527     1.9851      8.227   228.5923 4.8926e+01     3.6796      0.284      0.412    24.1839 0.0000e+00
      0.304      0.035     7.8555     93.591     37.916  37.285807     1.9648      8.225   228.8829 4.9207e+01     3.7306      0.298      0.433    24.1856 0.0000e+00
      0.315      0.037     7.8526     93.559     37.901  37.261790     1.9739      8.222   229.0054 4.9532e+01     3.7745      0.311      0.452    24.1867 0.0000e+00
      0.320      0.039     7.8499     93.479     37.909  37.262935     1.9871      8.221   229.1268 5.0312e+01     3.8003      0.314      0.457    24.1854 0.0000e+00
