Data/DataNotYetUploadedToEDI/Raw_CTD/RawDownloads/052724_fcr40_S7809005.cnv
* Sea-Bird SBE19plus  Data File:
* FileName = C:\R\Reservoirs\Data\DataNotYetUploadedToEDI\Raw_CTD\RawDownloads\052724_bvr50_S7809_0005.hex
* Software version 2.8.0.119
* Temperature SN = 7809
* Conductivity SN = 7809
* System UpLoad Time = Jun 04 2024 12:22:22
* <ApplicationData>
* <Seaterm232>
# nquan = 15
# nvalues = 1002                        
# units = specified
# name 0 = depFM: Depth [fresh water, m]
# name 1 = dz/dtM: Descent Rate [m/s]
# name 2 = sbeox0Mg/L: Oxygen, SBE 43 [mg/l]
# name 3 = sbeox0PS: Oxygen, SBE 43 [% saturation]
# name 4 = specc: Specific Conductance [uS/cm]
# name 5 = c0uS/cm: Conductivity [uS/cm]
# name 6 = flECO-AFL: Fluorescence, WET Labs ECO-AFL/FL [mg/m^3]
# name 7 = ph: pH
# name 8 = orp: Oxidation Reduction Potential [mV]
# name 9 = par/sat/log: PAR/Logarithmic, Satlantic
# name 10 = turbWETntu0: Turbidity, WET Labs ECO [NTU]
# name 11 = prdM: Pressure, Strain Gauge [db]
# name 12 = prdE: Pressure, Strain Gauge [psi]
# name 13 = tv290C: Temperature [ITS-90, deg C]
# name 14 = flag:  0.000e+00
# span 0 =     -0.739,      5.910       
# span 1 =     -0.375,      0.225       
# span 2 =     2.4667,     9.7661       
# span 3 =     23.102,    108.589       
# span 4 =      1.516,     43.499       
# span 5 =   1.413204,  38.296484       
# span 6 =    -2.1082,     7.9432       
# span 7 =      7.902,      8.319       
# span 8 =   195.4916,   440.2893       
# span 9 = 1.3823e+00, 3.5825e+03       
# span 10 =    -0.3014,   271.5405      
# span 11 =     -0.726,      5.797      
# span 12 =     -1.053,      8.408      
# span 13 =    10.9703,    24.5987      
# span 14 = 0.0000e+00, 0.0000e+00      
# interval = seconds: 0.25
# start_time = May 27 2024 13:55:24 [Instrument's time stamp, header]
# bad_flag = -9.990e-29
*END*
[from data line 193]
      0.141 -3.383e-10     8.3646     96.180     38.111  37.605605     1.9618      8.182   208.6348 1.7137e+03     5.5349      0.138      0.201    24.3289 0.0000e+00
      0.141 -3.723e-09     8.2409     95.848     38.099  37.594674     1.9783      8.182   208.5366 1.4306e+03     5.5774      0.138      0.200    24.3267 0.0000e+00
      0.142 -4.095e-08     8.1486     95.645     38.096  37.589528     1.9566      8.182   208.5466 1.2173e+03     5.6298      0.139      0.201    24.3260 0.0000e+00
      0.142 -4.504e-07     8.0809     95.498     38.116  37.606844     1.8897      8.183   208.6695 1.3001e+03     5.6224      0.139      0.201    24.3290 0.0000e+00
      0.141      0.000     8.0406     95.343     38.126  37.613667     1.8361      8.183   208.7316 1.3685e+03     5.5903      0.138      0.200    24.3319 0.0000e+00
      0.141      0.000     8.0132     95.189     38.126  37.608561     1.8321      8.183   208.6956 1.6510e+03     5.5822      0.138      0.200    24.3328 0.0000e+00
      0.141     -0.001     7.9989     95.066     38.131  37.608561     1.8584      8.183   208.7507 1.9978e+03     5.5936      0.139      0.201    24.3315 0.0000e+00
      0.141     -0.002     7.9903     95.001     38.140  37.613657     1.9049      8.183   208.8817 1.6303e+03     5.6255      0.138      0.200    24.3271 0.0000e+00
      0.141     -0.003     7.9765     95.015     38.132  37.606722     1.9524      8.183   208.9881 1.1704e+03     5.6263      0.138      0.201    24.3223 0.0000e+00
      0.140     -0.003     7.9636     95.081     38.110  37.588161     1.9591      8.184   209.0913 1.2629e+03     5.6038      0.138      0.201    24.3172 0.0000e+00
      0.139     -0.003     7.9541     95.149     38.100  37.579613     1.9518      8.185   209.1834 1.4456e+03     5.6256      0.137      0.198    24.3080 0.0000e+00
      0.137     -0.002     7.9484     95.184     38.090  37.566828     1.9482      8.186   209.2416 1.8248e+03     5.6162      0.134      0.195    24.3020 0.0000e+00
      0.136      0.000     7.9503     95.185     38.089  37.560474     1.9322      8.186   209.2782 2.1908e+03     5.5592      0.133      0.193    24.3045 0.0000e+00
      0.137      0.001     7.9568     95.186     38.097  37.566237     1.9163      8.186   209.2807 1.8288e+03     5.5857      0.133      0.193    24.3108 0.0000e+00
      0.138      0.001     7.9626     95.211     38.103  37.573052     1.8974      8.186   209.2726 1.3862e+03     5.6633      0.134      0.195    24.3137 0.0000e+00
      0.140      0.001     7.9670     95.251     38.109  37.579426     1.9027      8.185   209.2665 1.2970e+03     5.7123      0.137      0.200    24.3094 0.0000e+00
      0.141      0.000     7.9664     95.279     38.110  37.579851     1.9310      8.185   209.2933 1.2101e+03     5.6998      0.139      0.202    24.3000 0.0000e+00
      0.140     -0.001     7.9667     95.293     38.110  37.578178     1.9401      8.185   209.4244 1.2901e+03     5.6144      0.137      0.199    24.2948 0.0000e+00
      0.138     -0.001     7.9686     95.311     38.092  37.559199     1.9465      8.185   209.5614 1.4734e+03     5.5676      0.134      0.194    24.2987 0.0000e+00
      0.136     -0.001     7.9729     95.312     38.075  37.540740     1.9491      8.185   209.6582 1.4989e+03     5.6467      0.133      0.193    24.3002 0.0000e+00
      0.136      0.000     7.9759     95.277     38.085  37.545351     1.9307      8.185   209.8203 1.3846e+03     5.7511      0.133      0.194    24.2979 0.0000e+00
      0.137      0.001     7.9756     95.233     38.100  37.551488     1.9072      8.184   209.9737 1.5136e+03     5.7364      0.135      0.195    24.2962 0.0000e+00
      0.139      0.001     7.9788     95.215     38.108  37.551470     1.8893      8.184   209.9640 1.8999e+03     5.6394      0.137      0.198    24.2945 0.0000e+00
      0.140      0.000     7.9798     95.209     38.106  37.545124     1.8977      8.184   209.8750 1.8642e+03     5.5691      0.138      0.200    24.2941 0.0000e+00
      0.139      0.000     7.9768     95.199     38.100  37.538205     1.9342      8.183   209.9292 1.4416e+03     5.6040      0.137      0.199    24.2883 0.0000e+00
      0.138     -0.001     7.9735     95.227     38.094  37.531274     1.9633      8.183   210.1039 1.1566e+03     5.7195      0.134      0.196    24.2734 0.0000e+00
      0.137     -0.001     7.9744     95.317     38.090  37.524777     1.9675      8.184   210.1803 1.1206e+03     5.7364      0.133      0.194    24.2614 0.0000e+00
      0.137     -0.000     7.9763     95.425     38.095  37.523094     1.9596      8.184   210.1651 1.3553e+03     5.6379      0.134      0.194    24.2576 0.0000e+00
      0.138 4.0471e-11     7.9731     95.515     38.087  37.510924     1.9596      8.184   210.1780 1.5514e+03     5.6213      0.135      0.196    24.2566 0.0000e+00
      0.139 4.4518e-10     7.9738     95.591     38.082  37.504531     1.9584      8.184   210.2496 1.4745e+03     5.7066      0.136      0.198    24.2572 0.0000e+00
      0.139 4.8970e-09     7.9845     95.656     38.090  37.509251     1.9454      8.184   210.3428 1.4711e+03     5.7466      0.136      0.198    24.2541 0.0000e+00
      0.139 5.3867e-08     7.9963     95.694     38.090  37.504527     1.9273      8.185   210.4441 1.5621e+03     5.6948      0.136      0.197    24.2435 0.0000e+00
      0.138 5.9253e-07     8.0041     95.697     38.103  37.510863     1.9394      8.185   210.6145 1.4766e+03     5.6271      0.135      0.196    24.2364 0.0000e+00
      0.137      0.000     8.0105     95.680     38.120  37.522400     1.9997      8.185   210.7675 1.4140e+03     5.6444      0.135      0.195    24.2360 0.0000e+00
      0.137      0.000     8.0171     95.654     38.117  37.517105     2.0411      8.185   210.8325 1.5579e+03     5.6991      0.135      0.195    24.2332 0.0000e+00
      0.138      0.001     8.0218     95.614     38.108  37.510283     2.0401      8.186   210.8835 1.5462e+03     5.7081      0.136      0.197    24.2256 0.0000e+00
      0.139      0.001     8.0227     95.562     38.097  37.503369     2.0456      8.187   210.8679 1.2773e+03     5.6860      0.136      0.198    24.2167 0.0000e+00
      0.139      0.000     8.0219     95.507     38.087  37.496977     2.0582      8.187   210.8159 1.1387e+03     5.6702      0.137      0.198    24.2090 0.0000e+00
      0.139 4.2810e-07     8.0210     95.469     38.089  37.496457     2.0677      8.188   210.8570 1.2032e+03     5.6878      0.136      0.198    24.2048 0.0000e+00
      0.138      0.000     8.0166     95.483     38.095  37.497081     2.0862      8.188   210.9354 1.3206e+03     5.6948      0.136      0.197    24.2079 0.0000e+00
      0.138      0.000     8.0112     95.564     38.106  37.504515     2.0981      8.189   210.9889 2.0528e+03     5.6521      0.135      0.196    24.2170 0.0000e+00
      0.138      0.001     8.0049     95.673     38.127  37.522870     2.0950      8.189   211.0741 2.9724e+03     5.6147      0.136      0.197    24.2225 0.0000e+00
      0.138      0.001     8.0014     95.747     38.134  37.528653     2.0905      8.189   211.1911 2.5740e+03     5.6527      0.136      0.197    24.2173 0.0000e+00
      0.139      0.001     8.0031     95.765     38.119  37.510979     2.0936      8.189   211.2852 1.5495e+03     5.7013      0.137      0.198    24.2080 0.0000e+00
      0.140      0.001     8.0118     95.728     38.113  37.499537     2.1076      8.190   211.3514 1.1762e+03     5.6567      0.138      0.200    24.2026 0.0000e+00
      0.140      0.000     8.0243     95.664     38.134  37.517206     2.1265      8.192   211.3892 1.2570e+03     5.5915      0.138      0.200    24.2020 0.0000e+00
      0.140     -0.001     8.0297     95.605     38.154  37.534248     2.1385      8.192   211.3981 1.4809e+03     5.5958      0.138      0.200    24.2022 0.0000e+00
      0.140     -0.001     8.0328     95.539     38.138  37.515217     2.1362      8.192   211.3736 1.6113e+03     5.6738      0.137      0.199    24.1967 0.0000e+00
      0.139     -0.001     8.0296     95.447     38.102  37.477463     2.1239      8.192   211.3511 1.7344e+03     5.7163      0.136      0.198    24.1892 0.0000e+00
      0.138     -0.001     8.0235     95.363     38.084  37.458493     2.0904      8.192   211.3832 1.8587e+03     5.6311      0.136      0.197    24.1843 0.0000e+00
      0.138      0.000     8.0198     95.338     38.104  37.476215     2.0384      8.192   211.4179 1.7024e+03     5.5654      0.135      0.195    24.1812 0.0000e+00
      0.138 -3.384e-09     8.0159     95.356     38.131  37.501371     2.0117      8.192   211.4262 1.9188e+03     5.5714      0.135      0.196    24.1780 0.0000e+00
      0.139 -3.723e-08     8.0078     95.383     38.139  37.508841     2.0168      8.192   211.4839 2.1991e+03     5.6011      0.136      0.197    24.1741 0.0000e+00
      0.139 -4.095e-07     7.9978     95.423     38.134  37.503067     2.0422      8.193   211.5135 1.7031e+03     5.6514      0.137      0.198    24.1721 0.0000e+00
      0.140     -0.000     7.9978     95.485     38.125  37.495020     2.0689      8.193   211.4397 1.2739e+03     5.6327      0.137      0.199    24.1710 0.0000e+00
      0.140     -0.000     8.0010     95.579     38.104  37.474998     2.0725      8.193   211.4517 1.2952e+03     5.5800      0.137      0.199    24.1687 0.0000e+00
      0.139     -0.001     8.0025     95.679     38.081  37.451348     2.0704      8.194   211.4870 1.3126e+03     5.5945      0.136      0.197    24.1667 0.0000e+00
      0.138     -0.001     8.0064     95.750     38.094  37.462881     2.0930      8.195   211.4362 1.3841e+03     5.6372      0.135      0.196    24.1672 0.0000e+00
      0.138     -0.001     8.0100     95.790     38.119  37.487528     2.1370      8.196   211.4394 1.5067e+03     5.6870      0.135      0.196    24.1686 0.0000e+00
      0.138     -0.000     8.0191     95.813     38.126  37.495541     2.1531      8.196   211.5261 1.4033e+03     5.6835      0.135      0.196    24.1697 0.0000e+00
      0.138      0.000     8.0291     95.823     38.125  37.496306     2.1301      8.196   211.7093 1.3268e+03     5.5957      0.135      0.196    24.1685 0.0000e+00
      0.138      0.001     8.0350     95.808     38.125  37.496789     2.0838      8.196   211.8475 1.7136e+03     5.5812      0.136      0.197    24.1653 0.0000e+00
      0.138      0.001     8.0383     95.771     38.128  37.501381     2.0255      8.196   211.9069 1.9309e+03     5.6456      0.136      0.197    24.1650 0.0000e+00
      0.138      0.001     8.0393     95.740     38.114  37.488376     1.9915      8.196   211.9116 1.5561e+03     5.6561      0.136      0.197    24.1673 0.0000e+00
      0.139      0.000     8.0407     95.733     38.092  37.466452     1.9805      8.196   211.8177 1.2988e+03     5.6404      0.136      0.197    24.1691 0.0000e+00
      0.139     -0.000     8.0393     95.743     38.117  37.490112     1.9763      8.196   211.8044 1.2380e+03     5.6263      0.136      0.198    24.1709 0.0000e+00
      0.139     -0.001     8.0348     95.739     38.149  37.520632     1.9905      8.197   211.8370 1.2080e+03     5.6225      0.136      0.197    24.1728 0.0000e+00
      0.139     -0.002     8.0312     95.709     38.146  37.518207     2.0195      8.198   211.8678 1.2881e+03     5.6964      0.136      0.198    24.1739 0.0000e+00
      0.138     -0.002     8.0311     95.707     38.151  37.524242     2.0438      8.198   211.9183 1.3219e+03     5.7680      0.136      0.197    24.1735 0.0000e+00
      0.137     -0.002     8.0330     95.748     38.153  37.530137     2.0420      8.198   212.0174 1.3656e+03     5.7378      0.134      0.194    24.1718 0.0000e+00
      0.135     -0.002     8.0345     95.766     38.142  37.526042     2.0058      8.198   212.1193 1.4463e+03     5.7063      0.133      0.193    24.1702 0.0000e+00
      0.135     -0.001     8.0291     95.757     38.147  37.538194     1.9727      8.198   212.0321 1.5737e+03     5.7289      0.133      0.193    24.1701 0.0000e+00
      0.136      0.000     8.0269     95.749     38.157  37.550165     1.9672      8.198   211.9104 1.6221e+03     5.7039      0.133      0.193    24.1715 0.0000e+00
      0.136      0.001     8.0343     95.739     38.151  37.543878     1.9712      8.198   211.9376 1.4418e+03     5.6433      0.133      0.193    24.1765 0.0000e+00
      0.136      0.002     8.0333     95.752     38.135  37.525629     1.9807      8.197   212.1029 1.4746e+03     5.6445      0.133      0.193    24.1874 0.0000e+00
      0.136      0.002     8.0291     95.817     38.131  37.519875     1.9982      8.197   212.2740 1.6952e+03     5.6848      0.134      0.194    24.1973 0.0000e+00
      0.137      0.002     8.0299     95.935     38.150  37.537759     2.0248      8.197   212.3724 1.6871e+03     5.7204      0.134      0.195    24.2008 0.0000e+00
      0.138      0.002     8.0272     96.073     38.162  37.551498     2.0353      8.197   212.4319 2.5326e+03     5.6996      0.136      0.197    24.2001 0.0000e+00
      0.139      0.002     8.0281     96.195     38.165  37.559090     2.0170      8.196   212.4768 3.5825e+03     5.6723      0.137      0.199    24.1964 0.0000e+00
      0.139      0.001     8.0342     96.308     38.168  37.566112     2.0038      8.196   212.5708 2.7505e+03     5.7311      0.136      0.198    24.1918 0.0000e+00
      0.139      0.000     8.0451     96.408     38.173  37.572943     2.0082      8.195   212.7091 1.5691e+03     5.8297      0.137      0.197    24.1906 0.0000e+00
      0.139 2.0321e-08     8.0582     96.472     38.177  37.578240     2.0202      8.195   212.8581 1.3656e+03     5.9090      0.136      0.198    24.1945 0.0000e+00
      0.139 2.2353e-07     8.0661     96.503     38.163  37.566702     2.0077      8.195   212.9099 1.5881e+03     5.9041      0.135      0.196    24.2005 0.0000e+00
      0.139 2.2353e-07     8.0751     96.524     38.155  37.560347     1.9662      8.195   212.8191 1.8006e+03     5.8383      0.136      0.197    24.2056 0.0000e+00
      0.139 2.0321e-08     8.0845     96.530     38.159  37.564852     1.9419      8.195   212.7924 1.5987e+03     5.7968      0.136      0.198    24.2080 0.0000e+00
      0.139 1.8504e-09     8.0892     96.495     38.153  37.557732     1.9472      8.195   212.9318 1.3332e+03     5.8123      0.136      0.198    24.2099 0.0000e+00
      0.139 2.0176e-10     8.0903     96.443     38.138  37.537705     1.9646      8.195   213.0422 1.2998e+03     5.8214      0.136      0.197    24.2127 0.0000e+00
      0.139 3.8726e-10     8.0916     96.421     38.118  37.513062     1.9686      8.195   213.0947 1.2692e+03     5.7361      0.136      0.197    24.2153 0.0000e+00
      0.139 4.0933e-09     8.0941     96.423     38.121  37.513582     1.9540      8.194   213.2221 1.1142e+03     5.6341      0.136      0.197    24.2164 0.0000e+00
      0.139 4.5011e-08     8.0902     96.402     38.152  37.543992     1.9459      8.193   213.2915 1.1813e+03     5.5796      0.136      0.198    24.2144 0.0000e+00
      0.140 4.9512e-07     8.0843     96.331     38.170  37.563481     1.9958      8.194   213.2457 1.3811e+03     5.5895      0.137      0.199    24.2079 0.0000e+00
      0.140      0.000     8.0844     96.207     38.164  37.558851     2.0916      8.194   213.2700 1.3089e+03     5.6854      0.137      0.199    24.1991 0.0000e+00
      0.139      0.000     8.0875     96.081     38.156  37.551475     2.1378      8.193   213.3270 1.1479e+03     5.7143      0.136      0.197    24.1955 0.0000e+00
      0.139      0.001     8.0853     96.018     38.142  37.537755     2.1380      8.192   213.3330 1.1498e+03     5.6314      0.135      0.196    24.1974 0.0000e+00
      0.139      0.002     8.0800     96.026     38.124  37.519874     2.1275      8.192   213.3427 1.2882e+03     5.6055      0.135      0.196    24.1995 0.0000e+00
      0.140      0.005     8.0677     96.054     38.129  37.525638     2.0946      8.192   213.3584 1.3729e+03     5.7077      0.137      0.198    24.2012 0.0000e+00
