Data/DataNotYetUploadedToEDI/Raw_CTD/RawDownloads/052724_fcr10_S7809002.cnv
* Sea-Bird SBE19plus  Data File:
* FileName = C:\R\Reservoirs\Data\DataNotYetUploadedToEDI\Raw_CTD\RawDownloads\052724_bvr50_S7809_0002.hex
* Software version 2.8.0.119
* Temperature SN = 7809
* Conductivity SN = 7809
* System UpLoad Time = Jun 04 2024 12:20:25
* <ApplicationData>
* <Seaterm232>
# nquan = 15
# nvalues = 1091                        
# units = specified
# name 0 = depFM: Depth [fresh water, m]
# name 1 = dz/dtM: Descent Rate [m/s]
# name 2 = sbeox0Mg/L: Oxygen, SBE 43 [mg/l]
# name 3 = sbeox0PS: Oxygen, SBE 43 [% saturation]
# name 4 = specc: Specific Conductance [uS/cm]
# name 5 = c0uS/cm: Conductivity [uS/cm]
# name 6 = flECO-AFL: Fluorescence, WET Labs ECO-AFL/FL [mg/m^3]
# name 7 = ph: pH
# name 8 = orp: Oxidation Reduction Potential [mV]
# name 9 = par/sat/log: PAR/Logarithmic, Satlantic
# name 10 = turbWETntu0: Turbidity, WET Labs ECO [NTU]
# name 11 = prdM: Pressure, Strain Gauge [db]
# name 12 = prdE: Pressure, Strain Gauge [psi]
# name 13 = tv290C: Temperature [ITS-90, deg C]
# name 14 = flag:  0.000e+00
# span 0 =     -0.744,      1.934       
# span 1 =     -0.369,      0.189       
# span 2 =     0.9970,     8.9590       
# span 3 =     11.627,    107.907       
# span 4 =      0.698,     45.980       
# span 5 =   0.746743,  40.937800       
# span 6 =    -0.1120,   147.2162       
# span 7 =     -1.974,      7.961       
# span 8 = -1240.7455,   307.2134       
# span 9 = 6.7971e+01, 2.1069e+03       
# span 10 =     1.0004,   124.7447      
# span 11 =     -0.730,      1.899      
# span 12 =     -1.059,      2.754      
# span 13 =    19.4202,    28.4368      
# span 14 = 0.0000e+00, 0.0000e+00      
# interval = seconds: 0.25
# start_time = May 27 2024 13:20:31 [Instrument's time stamp, header]
# bad_flag = -9.990e-29
*END*
[from data line 675]
      0.200     -0.001     8.2397     99.610     38.396  38.264071     4.0171      7.688   195.0920 3.9476e+02     5.2890      0.195      0.283    24.8101 0.0000e+00
      0.200     -0.000     8.2433     99.630     38.402  38.271007     4.0569      7.690   195.1010 3.8711e+02     5.2802      0.196      0.284    24.8123 0.0000e+00
      0.200      0.000     8.2452     99.601     38.409  38.277561     4.7517      7.690   195.1651 3.8751e+02     5.6879      0.196      0.285    24.8141 0.0000e+00
      0.200      0.001     8.2524     99.533     38.413  38.279858    12.5923      7.691   195.2661 4.0394e+02     6.5975      0.196      0.285    24.8189 0.0000e+00
      0.201      0.001     8.2586     99.471     38.430  38.298782    26.9792      7.693   195.2892 4.0852e+02     7.1916      0.197      0.286    24.8228 0.0000e+00
      0.201      0.001     8.2592     99.441     38.440  38.315998    34.7875      7.695   195.1861 4.0282e+02     7.3029      0.197      0.286    24.8247 0.0000e+00
      0.201      0.001     8.2576     99.409     38.412  38.297652    35.0396      7.695   195.1384 4.1542e+02     7.3285      0.197      0.286    24.8245 0.0000e+00
      0.202      0.000     8.2506     99.358     38.375  38.267342    30.1032      7.696   195.1429 4.3072e+02     7.9111      0.198      0.287    24.8198 0.0000e+00
      0.202 1.8629e-08     8.2437     99.308     38.369  38.266821    20.9705      7.698   195.1546 4.2203e+02     9.0871      0.198      0.287    24.8196 0.0000e+00
      0.201 2.0492e-07     8.2420     99.268     38.391  38.291361    15.9786      7.698   195.1935 4.1692e+02     9.6931      0.197      0.286    24.8330 0.0000e+00
      0.201 2.0520e-07     8.2373     99.243     38.412  38.310236    15.2493      7.699   195.1829 4.3348e+02     9.6028      0.197      0.286    24.8470 0.0000e+00
      0.201 2.2011e-08     8.2309     99.198     38.411  38.304658    11.9868      7.700   195.1987 4.4614e+02     8.4398      0.197      0.286    24.8538 0.0000e+00
      0.201 3.8918e-08     8.2257     99.126     38.398  38.287367     6.0531      7.701   195.2121 4.6759e+02     6.2887      0.197      0.286    24.8621 0.0000e+00
      0.202 4.0962e-07     8.2208     99.076     38.405  38.291530     2.8246      7.701   195.1734 5.2086e+02     5.1477      0.198      0.287    24.8671 0.0000e+00
      0.202      0.000     8.2208     99.062     38.407  38.291530     2.5482      7.701   195.2463 5.7841e+02     5.0292      0.198      0.287    24.8623 0.0000e+00
      0.201      0.000     8.2198     99.067     38.404  38.287368     2.4867      7.701   195.4052 5.8653e+02     4.9241      0.197      0.286    24.8539 0.0000e+00
      0.201      0.001     8.2111     99.074     38.421  38.304670     2.3982      7.700   195.5454 5.3981e+02     4.8675      0.197      0.286    24.8488 0.0000e+00
      0.202      0.001     8.2080     99.063     38.425  38.310358     2.3511      7.700   195.6516 5.0054e+02     4.8910      0.198      0.287    24.8452 0.0000e+00
      0.202      0.001     8.2082     99.060     38.404  38.292675     2.3585      7.699   195.7425 4.8728e+02     4.9698      0.198      0.287    24.8429 0.0000e+00
      0.202      0.000     8.2081     99.092     38.389  38.281240     2.4124      7.698   195.7848 4.7317e+02     4.9318      0.198      0.288    24.8422 0.0000e+00
      0.203     -0.001     8.2108     99.132     38.402  38.299027     2.5041      7.698   195.7326 4.4035e+02     4.7738      0.199      0.289    24.8415 0.0000e+00
      0.203     -0.002     8.2081     99.157     38.416  38.317367     2.5591      7.698   195.7134 4.1036e+02     4.6987      0.199      0.288    24.8435 0.0000e+00
      0.202     -0.003     8.2055     99.161     38.410  38.312629     2.5706      7.698   195.8100 4.0163e+02     4.7406      0.198      0.287    24.8482 0.0000e+00
      0.201     -0.003     8.2094     99.146     38.403  38.305196     2.6593      7.699   195.8685 4.0410e+02     4.8703      0.197      0.286    24.8529 0.0000e+00
      0.199     -0.003     8.2122     99.125     38.389  38.290955     2.8237      7.699   195.8181 4.2221e+02     4.9696      0.196      0.284    24.8594 0.0000e+00
      0.197     -0.002     8.2131     99.092     38.366  38.267352     2.9027      7.699   195.8897 4.8885e+02     4.9508      0.194      0.280    24.8662 0.0000e+00
      0.197      0.000     8.2135     99.041     38.374  38.273640     2.9067      7.699   196.0456 7.1918e+02     4.9158      0.193      0.279    24.8684 0.0000e+00
      0.198      0.002     8.2113     98.990     38.405  38.303524     2.9798      7.700   196.0683 9.4710e+02     4.9221      0.194      0.281    24.8676 0.0000e+00
      0.199      0.003     8.2103     98.945     38.413  38.311386     3.7704      7.701   196.0790 9.9137e+02     5.2322      0.195      0.282    24.8665 0.0000e+00
      0.201      0.003     8.2084     98.912     38.403  38.305248     5.2074      7.701   196.1744 1.0902e+03     5.7958      0.197      0.285    24.8651 0.0000e+00
      0.203      0.002     8.2031     98.901     38.384  38.292775     5.9893      7.700   196.2751 1.2761e+03     6.0661      0.199      0.289    24.8641 0.0000e+00
      0.203      0.001     8.1991     98.876     38.372  38.287496     6.1086      7.700   196.3506 1.2823e+03     6.0748      0.200      0.290    24.8625 0.0000e+00
      0.203     -0.000     8.1957     98.791     38.384  38.304894     6.6573      7.700   196.4848 1.1173e+03     6.0033      0.199      0.289    24.8614 0.0000e+00
      0.202     -0.002     8.1914     98.701     38.389  38.312766     7.6549      7.700   196.6068 1.0907e+03     5.8510      0.198      0.288    24.8648 0.0000e+00
      0.201     -0.002     8.1901     98.666     38.394  38.319215     8.1826      7.701   196.6209 1.1013e+03     5.7363      0.197      0.286    24.8740 0.0000e+00
      0.200     -0.001     8.1898     98.666     38.394  38.319414     8.0866      7.701   196.5695 9.8216e+02     5.6413      0.196      0.285    24.8846 0.0000e+00
      0.200      0.000     8.1784     98.661     38.392  38.315177     6.6599      7.702   196.5018 9.6565e+02     5.3513      0.195      0.283    24.8928 0.0000e+00
      0.200      0.000     8.1676     98.641     38.414  38.331440     4.0585      7.703   196.5771 1.1018e+03     4.9624      0.195      0.283    24.8962 0.0000e+00
      0.201      0.001     8.1667     98.652     38.412  38.325672     2.6513      7.703   196.7919 1.1552e+03     4.8341      0.197      0.286    24.8964 0.0000e+00
      0.202      0.001     8.1672     98.713     38.396  38.308877     2.5210      7.703   196.8610 1.1587e+03     4.8237      0.198      0.288    24.8989 0.0000e+00
      0.202      0.001     8.1682     98.774     38.406  38.318750     2.4835      7.703   196.7246 1.1730e+03     4.7682      0.198      0.287    24.8963 0.0000e+00
      0.201     -0.000     8.1658     98.818     38.406  38.318125     2.4635      7.704   196.6053 1.0189e+03     4.7786      0.197      0.286    24.8851 0.0000e+00
      0.201     -0.002     8.1663     98.868     38.389  38.301330     2.4710      7.704   196.6229 9.1764e+02     4.8133      0.197      0.286    24.8793 0.0000e+00
      0.201     -0.003     8.1742     98.885     38.394  38.306050     2.5076      7.704   196.7653 1.0313e+03     4.8457      0.197      0.286    24.8797 0.0000e+00
      0.200     -0.004     8.1802     98.857     38.400  38.311727     2.8650      7.704   196.8645 1.1524e+03     5.0684      0.197      0.285    24.8793 0.0000e+00
      0.199     -0.004     8.1813     98.843     38.395  38.306517     3.5377      7.704   196.8754 1.1541e+03     5.4566      0.195      0.283    24.8791 0.0000e+00
      0.197     -0.003     8.1878     98.838     38.396  38.306507     3.9242      7.704   196.8978 1.0312e+03     5.6781      0.193      0.280    24.8798 0.0000e+00
      0.195     -0.002     8.1909     98.817     38.403  38.311613     3.9755      7.704   196.9627 8.9349e+02     5.7318      0.192      0.278    24.8793 0.0000e+00
      0.195     -0.001     8.1838     98.809     38.399  38.304790     3.9499      7.705   197.0574 8.5021e+02     5.7303      0.191      0.277    24.8794 0.0000e+00
      0.195      0.000     8.1843     98.841     38.384  38.287474     3.7310      7.706   197.0964 8.7010e+02     5.5575      0.192      0.278    24.8799 0.0000e+00
      0.196      0.001     8.1858     98.899     38.389  38.292619     3.3601      7.706   197.0913 9.3754e+02     5.3165      0.193      0.279    24.8779 0.0000e+00
      0.197      0.002     8.1824     98.952     38.398  38.303530     3.1690      7.705   197.0812 1.0381e+03     5.2410      0.193      0.280    24.8749 0.0000e+00
      0.197      0.003     8.1818     98.999     38.383  38.292493     3.1765      7.705   197.0611 1.0763e+03     5.2603      0.193      0.280    24.8712 0.0000e+00
      0.197      0.003     8.1849     99.011     38.374  38.286090     3.2016      7.706   197.0192 1.0687e+03     5.2072      0.192      0.279    24.8673 0.0000e+00
      0.198      0.003     8.1926     98.983     38.376  38.289570     3.2137      7.707   197.0055 9.9969e+02     5.0774      0.193      0.281    24.8667 0.0000e+00
      0.199      0.002     8.1944     98.955     38.358  38.271114     3.2064      7.707   196.9816 9.1702e+02     4.9885      0.195      0.283    24.8701 0.0000e+00
      0.201      0.002     8.1992     98.901     38.343  38.253317     3.1968      7.707   196.9018 9.6223e+02     4.9872      0.197      0.285    24.8765 0.0000e+00
      0.201      0.001     8.2006     98.820     38.361  38.264751     3.0898      7.707   196.8154 9.9268e+02     4.8569      0.197      0.286    24.8805 0.0000e+00
      0.200      0.000     8.1942     98.760     38.383  38.282435     2.8775      7.708   196.7979 9.8024e+02     4.5742      0.196      0.285    24.8815 0.0000e+00
      0.199 4.0612e-09     8.1950     98.764     38.379  38.276757     2.7605      7.710   196.9479 1.0080e+03     4.4389      0.195      0.283    24.8834 0.0000e+00
      0.199 4.4673e-08     8.1906     98.839     38.364  38.259550     2.7408      7.710   197.1660 9.7695e+02     4.4506      0.195      0.283    24.8784 0.0000e+00
      0.199 4.9140e-07     8.1838     98.943     38.369  38.264750     2.7146      7.711   197.3699 9.1745e+02     4.5445      0.196      0.284    24.8674 0.0000e+00
      0.199      0.000     8.1783     99.011     38.380  38.276185     2.6688      7.712   197.4346 9.1359e+02     4.6866      0.195      0.283    24.8626 0.0000e+00
      0.200      0.000     8.1784     99.024     38.379  38.270889     2.6355      7.713   197.3460 9.1212e+02     4.7345      0.196      0.284    24.8602 0.0000e+00
      0.200      0.001     8.1866     99.014     38.383  38.264171     2.6370      7.712   197.3314 8.7700e+02     4.7128      0.196      0.284    24.8577 0.0000e+00
      0.199      0.002     8.1974     99.015     38.389  38.258406     2.7372      7.712   197.3430 8.7812e+02     4.8003      0.195      0.283    24.8590 0.0000e+00
      0.199      0.004     8.2034     99.023     38.404  38.264611     2.9316      7.711   197.4014 9.3615e+02     5.0073      0.195      0.283    24.8609 0.0000e+00
      0.200      0.006     8.2037     99.020     38.418  38.275723     3.0396      7.711   197.6073 1.0832e+03     5.0627      0.196      0.285    24.8569 0.0000e+00
      0.203      0.006     8.2038     99.053     38.408  38.265849     3.0443      7.711   197.7669 1.2390e+03     4.9576      0.199      0.288    24.8420 0.0000e+00
      0.206      0.006     8.2068     99.163     38.416  38.272138     3.0296      7.711   197.6967 1.2100e+03     4.8978      0.202      0.291    24.8215 0.0000e+00
      0.209      0.005     8.2119     99.317     38.436  38.288300     2.8871      7.711   197.5325 1.1340e+03     4.8871      0.205      0.297    24.8082 0.0000e+00
      0.210      0.003     8.2089     99.460     38.420  38.270895     2.6277      7.711   197.5880 1.0937e+03     4.8621      0.207      0.301    24.8068 0.0000e+00
      0.209      0.001     8.2095     99.556     38.401  38.252058     2.4820      7.712   197.7665 1.1108e+03     4.8010      0.206      0.299    24.8111 0.0000e+00
      0.208     -0.001     8.2207     99.597     38.402  38.250913     2.4481      7.712   197.8837 1.1749e+03     4.7280      0.203      0.295    24.8086 0.0000e+00
      0.207     -0.001     8.2362     99.593     38.413  38.257052     2.4019      7.712   197.9723 1.1308e+03     4.6974      0.202      0.293    24.8010 0.0000e+00
      0.207     -0.001     8.2498     99.556     38.427  38.262807     2.3640      7.713   197.9778 1.0892e+03     4.7382      0.203      0.294    24.7987 0.0000e+00
      0.207      0.000     8.2572     99.508     38.428  38.257039     2.3642      7.714   197.9498 1.0587e+03     4.8111      0.203      0.295    24.8005 0.0000e+00
      0.208      0.001     8.2607     99.487     38.425  38.250750     2.3797      7.714   197.9779 1.1304e+03     4.7935      0.204      0.295    24.7994 0.0000e+00
      0.208      0.001     8.2608     99.506     38.426  38.250230     2.6007      7.714   198.0591 1.2452e+03     4.7650      0.204      0.296    24.7921 0.0000e+00
      0.209      0.000     8.2596     99.566     38.429  38.250750     3.0480      7.715   198.1580 1.1428e+03     4.8754      0.205      0.297    24.7801 0.0000e+00
      0.209     -0.001     8.2553     99.657     38.435  38.257039     3.3104      7.716   198.2273 1.0392e+03     5.0017      0.205      0.297    24.7690 0.0000e+00
      0.208     -0.001     8.2537     99.729     38.437  38.262808     3.3172      7.716   198.2082 1.0363e+03     5.0280      0.204      0.296    24.7669 0.0000e+00
      0.208     -0.002     8.2564     99.783     38.425  38.257043     3.0227      7.716   198.1854 9.9374e+02     4.9198      0.204      0.295    24.7654 0.0000e+00
      0.207     -0.002     8.2605     99.844     38.414  38.250801     2.4790      7.717   198.2961 9.5132e+02     4.7523      0.203      0.294    24.7610 0.0000e+00
      0.206     -0.002     8.2715     99.876     38.413  38.250801     2.1870      7.718   198.4276 1.0446e+03     4.7106      0.202      0.293    24.7605 0.0000e+00
      0.205     -0.002     8.2767     99.868     38.418  38.257051     2.1721      7.718   198.4849 1.2027e+03     4.7578      0.201      0.292    24.7649 0.0000e+00
      0.205     -0.002     8.2764     99.818     38.423  38.262910     2.1816      7.719   198.4725 1.2246e+03     4.8108      0.201      0.292    24.7753 0.0000e+00
      0.205     -0.002     8.2841     99.728     38.415  38.258185     2.1779      7.721   198.4504 1.1724e+03     4.8732      0.201      0.291    24.7843 0.0000e+00
      0.205     -0.003     8.2858     99.648     38.417  38.263385     2.1602      7.722   198.3902 1.1689e+03     4.8976      0.201      0.291    24.7838 0.0000e+00
      0.204     -0.003     8.2850     99.579     38.414  38.262336     2.1592      7.722   198.2603 1.1994e+03     4.9342      0.200      0.290    24.7824 0.0000e+00
      0.203     -0.003     8.2823     99.506     38.397  38.245502     2.1244      7.722   198.2562 1.1997e+03     5.0093      0.199      0.287    24.7857 0.0000e+00
      0.201     -0.002     8.2701     99.478     38.404  38.250217     2.0224      7.722   198.3410 1.1537e+03     5.0202      0.197      0.285    24.7894 0.0000e+00
      0.201     -0.002     8.2637     99.529     38.410  38.255891     1.9491      7.723   198.3388 1.1312e+03     4.9626      0.197      0.286    24.7941 0.0000e+00
      0.201     -0.001     8.2590     99.613     38.405  38.250643     1.9212      7.724   198.3158 1.0816e+03     4.9273      0.197      0.286    24.7982 0.0000e+00
      0.201     -0.000     8.2504     99.663     38.405  38.250217     1.9185      7.725   198.3202 1.0088e+03     4.9357      0.197      0.286    24.7975 0.0000e+00
      0.201 -2.003e-08     8.2471     99.675     38.406  38.250746     1.9491      7.726   198.3063 9.8894e+02     4.8935      0.197      0.286    24.7942 0.0000e+00
