Data/DataNotYetUploadedToEDI/Raw_CTD/RawDownloads/052724_fcr20_S7809003.cnv
* Sea-Bird SBE19plus  Data File:
* FileName = C:\R\Reservoirs\Data\DataNotYetUploadedToEDI\Raw_CTD\RawDownloads\052724_bvr50_S7809_0003.hex
* Software version 2.8.0.119
* Temperature SN = 7809
* Conductivity SN = 7809
* System UpLoad Time = Jun 04 2024 12:21:17
* <ApplicationData>
* <Seaterm232>
# nquan = 15
# nvalues = 2003                        
# units = specified
# name 0 = depFM: Depth [fresh water, m]
# name 1 = dz/dtM: Descent Rate [m/s]
# name 2 = sbeox0Mg/L: Oxygen, SBE 43 [mg/l]
# name 3 = sbeox0PS: Oxygen, SBE 43 [% saturation]
# name 4 = specc: Specific Conductance [uS/cm]
# name 5 = c0uS/cm: Conductivity [uS/cm]
# name 6 = flECO-AFL: Fluorescence, WET Labs ECO-AFL/FL [mg/m^3]
# name 7 = ph: pH
# name 8 = orp: Oxidation Reduction Potential [mV]
# name 9 = par/sat/log: PAR/Logarithmic, Satlantic
# name 10 = turbWETntu0: Turbidity, WET Labs ECO [NTU]
# name 11 = prdM: Pressure, Strain Gauge [db]
# name 12 = prdE: Pressure, Strain Gauge [psi]
# name 13 = tv290C: Temperature [ITS-90, deg C]
# name 14 = flag:  0.000e+00
# span 0 =     -0.742,      2.830       
# span 1 =     -0.335,      0.299       
# span 2 =     1.0024,     9.5180       
# span 3 =     10.092,    106.425       
# span 4 =      2.039,     44.870       
# span 5 =   1.962374,  38.715676       
# span 6 =    -1.1970,    45.8489       
# span 7 =      7.687,      8.400       
# span 8 =   130.1783,   476.0030       
# span 9 = 4.3483e+01, 3.1592e+03       
# span 10 =    -5.1255,    70.6050      
# span 11 =     -0.728,      2.776      
# span 12 =     -1.057,      4.026      
# span 13 =    15.4715,    25.0108      
# span 14 = 0.0000e+00, 0.0000e+00      
# interval = seconds: 0.25
# start_time = May 27 2024 13:31:57 [Instrument's time stamp, header]
# bad_flag = -9.990e-29
*END*
[from data line 1928]
      0.416     -0.170     7.6370     89.018     38.812  37.549722     2.1703      8.119   244.5932 4.4917e+02     5.0631      0.410      0.594    23.1781 0.0000e+00
      0.363     -0.157     7.6410     88.913     38.759  37.557809     2.0838      8.119   244.2268 4.7340e+02     4.7420      0.353      0.512    23.1935 0.0000e+00
      0.318     -0.139     7.6405     88.895     38.728  37.552834     2.0775      8.118   243.8852 4.6295e+02     4.7267      0.304      0.442    23.2009 0.0000e+00
      0.288     -0.114     7.6119     89.055     38.720  37.553063     2.0189      8.115   243.7322 4.8625e+02     4.5714      0.280      0.406    23.2610 0.0000e+00
      0.267     -0.084     7.5771     89.487     38.709  37.560580     1.8825      8.110   243.9256 5.4899e+02     4.2989      0.262      0.380    23.3766 0.0000e+00
      0.249     -0.054     7.5584     90.145     38.685  37.580297     1.8015      8.105   244.1589 5.8826e+02     4.1643      0.242      0.351    23.4651 0.0000e+00
      0.237     -0.029     7.5490     90.855     38.643  37.601160     1.7886      8.102   244.0576 5.8538e+02     4.1738      0.229      0.333    23.4864 0.0000e+00
      0.234     -0.012     7.5601     91.434     38.597  37.622551     1.7935      8.101   243.9054 5.2084e+02     4.2430      0.227      0.329    23.4794 0.0000e+00
      0.240     -0.000     7.5955     91.804     38.559  37.648671     1.8024      8.099   244.0394 4.4583e+02     4.2830      0.233      0.339    23.4967 0.0000e+00
      0.249      0.010     7.6491     92.069     38.524  37.663247     1.7968      8.098   244.3016 4.2428e+02     4.2480      0.248      0.359    23.5586 0.0000e+00
      0.253      0.017     7.7026     92.346     38.489  37.671942     1.7915      8.096   244.4936 4.7979e+02     4.2644      0.252      0.366    23.6446 0.0000e+00
      0.250      0.018     7.7426     92.599     38.452  37.690414     1.7972      8.094   244.6406 5.3652e+02     4.7539      0.240      0.349    23.7321 0.0000e+00
      0.253      0.016     7.7561     92.829     38.401  37.696302     1.8069      8.093   244.7016 5.1984e+02     5.6571      0.243      0.352    23.8228 0.0000e+00
      0.263      0.012     7.7634     93.157     38.350  37.679757     1.8094      8.093   244.6287 5.2607e+02     6.1326      0.260      0.378    23.8822 0.0000e+00
      0.272      0.011     7.7854     93.622     38.346  37.680787     1.7939      8.093   244.6205 6.0363e+02     6.1311      0.270      0.391    23.9228 0.0000e+00
      0.272      0.012     7.7958     94.109     38.383  37.708761     1.7614      8.093   244.7740 6.1914e+02     5.9129      0.269      0.389    24.0013 0.0000e+00
      0.269      0.014     7.7966     94.524     38.379  37.700691     1.7409      8.091   245.0226 5.8215e+02     5.5431      0.263      0.381    24.0891 0.0000e+00
      0.268      0.019     7.8151     94.873     38.330  37.646669     1.7450      8.089   245.3028 5.9680e+02     5.4172      0.261      0.379    24.1355 0.0000e+00
      0.271      0.030     7.8605     95.185     38.340  37.626674     1.7446      8.087   245.4087 5.9351e+02     5.5184      0.265      0.384    24.1324 0.0000e+00
      0.279      0.042     7.9078     95.436     38.410  37.649254     1.7361      8.085   245.2706 6.2498e+02     6.1515      0.272      0.394    24.1099 0.0000e+00
      0.294      0.047     7.9414     95.511     38.457  37.665789     1.7508      8.084   245.0095 7.1393e+02     7.6747      0.285      0.413    24.1087 0.0000e+00
      0.315      0.041     7.9685     95.309     38.491  37.699643     1.7893      8.085   244.6615 6.6413e+02     9.0422      0.307      0.446    24.1210 0.0000e+00
      0.339      0.023     8.0008     94.859     38.508  37.741306     1.8103      8.085   244.1597 5.3545e+02     9.4670      0.338      0.490    24.0739 0.0000e+00
      0.351     -0.005     8.0395     94.334     38.458  37.725382     1.8047      8.085   243.4170 5.1069e+02     9.3259      0.353      0.511    23.9918 0.0000e+00
      0.344     -0.043     8.0552     93.915     38.408  37.697522     1.8214      8.084   242.4787 5.2198e+02     8.0876      0.342      0.496    23.9509 0.0000e+00
      0.323     -0.090     8.0377     93.634     38.425  37.721767     1.8791      8.086   241.5044 5.1173e+02     5.9378      0.319      0.462    23.9520 0.0000e+00
      0.294     -0.141     7.9875     93.447     38.464  37.764727     1.9282      8.088   240.7565 5.2909e+02     4.8198      0.291      0.422    23.9946 0.0000e+00
      0.255     -0.189     7.9278     93.380     38.459  37.772758     1.9404      8.088   240.1474 5.6797e+02     4.7496      0.255      0.370    24.0474 0.0000e+00
      0.202     -0.223     7.8886     93.495     38.432  37.755443     1.8935      8.088   239.3882 6.3203e+02     4.7123      0.206      0.299    24.0801 0.0000e+00
      0.132     -0.238     7.8669     93.700     38.428  37.745760     1.7942      8.088   238.8046 8.6049e+02     4.6763      0.136      0.197    24.0788 0.0000e+00
      0.048     -0.233     7.8516     93.814     38.424  37.719135     1.7383      8.088   239.1137 1.0131e+03     4.7252      0.047      0.068    24.0783 0.0000e+00
     -0.032     -0.207     7.8367     93.660     38.433  37.687301     1.7416      8.088   246.0512 8.2998e+02     4.8590     -0.041     -0.058    24.1045 0.0000e+00
     -0.089     -0.170     7.8483     93.203     38.478  37.678075     1.7434      8.090   259.1881 6.5598e+02     5.6114     -0.100     -0.144    24.1222 0.0000e+00
     -0.119     -0.134     7.8727     92.678     38.518  37.670960     1.7355      8.093   261.0617 5.8461e+02     6.9564     -0.123     -0.179    24.1142 0.0000e+00
     -0.128     -0.114     7.8911     92.287     38.540  37.664656     1.7295      8.097   249.5178 5.2203e+02     7.6966     -0.130     -0.188    24.0865 0.0000e+00
     -0.129     -0.119     7.8912     91.995     38.554  37.665271     1.7292      8.099   240.9268 5.4972e+02     7.8312     -0.122     -0.177    24.0325 0.0000e+00
     -0.141     -0.152     7.8531     91.697     38.567  37.678387     1.6478      8.099   239.3571 6.1653e+02     8.2086     -0.124     -0.181    23.9496 0.0000e+00
     -0.182     -0.202     7.8111     91.352     38.566  37.696333     1.4773      8.096   242.3262 6.1877e+02     8.8088     -0.171     -0.249    23.8843 0.0000e+00
     -0.247     -0.254     7.7864     91.021     38.513  37.691921     1.3830      8.093   246.9706 6.8139e+02     9.1443     -0.233     -0.339    23.8518 0.0000e+00
     -0.334     -0.294     7.7672     90.791     38.458  37.688561     1.3815      8.093   248.8785 8.8122e+02     9.2258     -0.319     -0.463    23.8377 0.0000e+00
     -0.436     -0.309     7.7438     90.632     38.487  37.719252     1.3835      8.094   246.9819 1.0455e+03     9.4861     -0.433     -0.628    23.8356 0.0000e+00
     -0.532     -0.294     7.7112     90.542     38.561  37.745727     1.3656      8.095   243.8281 1.1189e+03     9.9002     -0.525     -0.761    23.8492 0.0000e+00
     -0.615     -0.254     7.6671     90.605     38.620  37.754776     1.3402      8.100   244.0439 1.1358e+03    10.0653     -0.609     -0.883    23.9206 0.0000e+00
     -0.678     -0.199     7.6373     90.767     38.656  37.765134     1.3267      8.105   247.0097 1.1317e+03    10.0142     -0.676     -0.979    24.0227 0.0000e+00
     -0.716     -0.141     7.6235     90.631     38.449  37.553653     1.3934      8.109   249.8307 1.1106e+03     9.6913     -0.707     -1.026    24.0273 0.0000e+00
     -0.735     -0.090     7.6251     89.788     35.718  34.880490     2.2797      8.112   252.3413 1.0389e+03     5.9228     -0.725     -1.053    23.9332 0.0000e+00
     -0.741     -0.049     7.6399     88.355     26.497  25.872252     3.9024      8.116   254.1347 9.5064e+02    -1.0500     -0.728     -1.057    23.8597 0.0000e+00
     -0.741     -0.022     7.6697     86.713     14.336  13.996432     4.7584      8.118   255.2522 8.7700e+02    -4.8963     -0.726     -1.054    23.8361 0.0000e+00
     -0.741     -0.007     7.6808     85.164      7.756   7.570557     4.6980      8.118   255.7009 7.7684e+02    -5.1255     -0.727     -1.056    23.8288 0.0000e+00
     -0.741     -0.001     7.6005     83.905      6.655   6.494419     3.2135      8.119   255.6020 6.3212e+02    -3.6499     -0.726     -1.054    23.8205 0.0000e+00
     -0.741 -9.777e-10     7.4680     83.002      6.854   6.687490     0.4430      8.121   255.5190 4.6234e+02    -0.9575     -0.726     -1.053    23.8124 0.0000e+00
     -0.741 -1.075e-08     7.3227     82.481      6.842   6.673741    -1.0845      8.121   255.9021 3.0659e+02     0.5099     -0.726     -1.054    23.8049 0.0000e+00
     -0.741 -1.183e-07     7.1860     82.376      6.294   6.138079    -1.1970      8.122   256.7063 2.2958e+02     0.6675     -0.727     -1.054    23.7952 0.0000e+00
     -0.741 -1.183e-07     7.0804     82.598      5.675   5.532775    -0.9005      8.123   257.2417 2.1005e+02     0.5044     -0.727     -1.055    23.7861 0.0000e+00
     -0.741 -1.075e-08     7.0052     82.942      5.253   5.120400    -0.3543      8.124   257.2987 1.9778e+02     0.0747     -0.727     -1.054    23.7769 0.0000e+00
     -0.741 -9.775e-10     6.9602     83.311      5.148   5.016629    -0.0785      8.125   257.5676 1.9477e+02    -0.2237     -0.727     -1.055    23.7663 0.0000e+00
     -0.741 -8.885e-11     6.9541     83.666      5.041   4.911623    -0.0624      8.125   258.2559 2.0612e+02    -0.2003     -0.727     -1.054    23.7544 0.0000e+00
     -0.741 -8.080e-12     6.9852     83.976      4.669   4.547612    -0.0097      8.124   258.9950 2.2734e+02     0.4258     -0.727     -1.054    23.7420 0.0000e+00
     -0.741 -7.345e-13     7.0161     84.264      4.536   4.416483     0.0674      8.122   259.9656 2.4776e+02     1.4708     -0.727     -1.055    23.7293 0.0000e+00
     -0.742 -6.675e-14     7.0499     84.523      4.654   4.529856     0.1038      8.117   261.2157 2.6363e+02     2.0500     -0.728     -1.056    23.7170 0.0000e+00
     -0.742 -6.070e-15     7.0840     84.747      4.584   4.461332     0.1140      8.113   262.5810 2.7416e+02     2.1694     -0.727     -1.055    23.7051 0.0000e+00
     -0.742 -5.520e-16     7.1093     84.997      4.273   4.158115     0.1162      8.109   263.4815 2.6720e+02     2.1971     -0.728     -1.056    23.6928 0.0000e+00
     -0.742 -5.015e-17     7.1357     85.223      3.948   3.841129     0.0642      8.106   263.9294 2.4540e+02     2.4190     -0.727     -1.055    23.6809 0.0000e+00
     -0.742 -4.560e-18     7.1617     85.348      3.838   3.732791    -0.0159      8.105   264.4679 2.3700e+02     2.9041     -0.727     -1.055    23.6693 0.0000e+00
     -0.741 -4.145e-19     7.1770     85.451      3.907   3.798436    -0.0446      8.103   264.7446 2.5199e+02     3.2116     -0.727     -1.055    23.6576 0.0000e+00
     -0.741 -3.769e-20     7.2018     85.546      3.921   3.811300    -0.0416      8.102   264.7799 2.7912e+02     3.3024     -0.727     -1.054    23.6456 0.0000e+00
     -0.741 -3.426e-21     7.2294     85.608      3.806   3.698283    -0.0460      8.102   265.2393 3.2449e+02     3.3869     -0.727     -1.055    23.6337 0.0000e+00
     -0.741 -3.115e-22     7.2337     85.682      3.612   3.508883    -0.0564      8.102   266.2549 4.2559e+02     3.4821     -0.727     -1.055    23.6217 0.0000e+00
     -0.741 -2.832e-23     7.2457     85.768      3.394   3.295005    -0.0589      8.102   267.2505 5.5166e+02     3.5311     -0.727     -1.054    23.6085 0.0000e+00
     -0.741 -2.595e-24     7.2585     85.829      3.234   3.139415    -0.0513      8.101   267.7278 6.1008e+02     3.5020     -0.727     -1.054    23.5925 0.0000e+00
     -0.741 -4.680e-25     7.2619     85.851      3.178   3.084633    -0.0479      8.101   267.8100 6.2441e+02     3.4713     -0.727     -1.054    23.5763 0.0000e+00
     -0.741 -9.990e-29     7.2717 -9.990e-29 -9.990e-29 -9.990e-29 -9.990e-29 -9.990e-29 -9.990e-29 6.4402e+02 -9.990e-29     -0.727     -1.055    23.5588 0.0000e+00
     -0.741 -9.990e-29     7.2827 -9.990e-29 -9.990e-29 -9.990e-29 -9.990e-29 -9.990e-29 -9.990e-29 6.6849e+02 -9.990e-29     -0.727     -1.054    23.5428 0.0000e+00
     -0.741 -9.990e-29     7.2905 -9.990e-29 -9.990e-29 -9.990e-29 -9.990e-29 -9.990e-29 -9.990e-29 6.8882e+02 -9.990e-29     -0.727     -1.055    23.5236 0.0000e+00
     -0.741 -9.990e-29     7.2945 -9.990e-29 -9.990e-29 -9.990e-29 -9.990e-29 -9.990e-29 -9.990e-29 6.9325e+02 -9.990e-29     -0.727     -1.055    23.5101 0.0000e+00
