Data/DataNotYetUploadedToEDI/Raw_CTD/RawDownloads/052724_bvr50_S7809001.cnv
* Sea-Bird SBE19plus  Data File:
* FileName = C:\R\Reservoirs\Data\DataNotYetUploadedToEDI\Raw_CTD\RawDownloads\052724_bvr50_S7809_0001.hex
* Software version 2.8.0.119
* Temperature SN = 7809
* Conductivity SN = 7809
* System UpLoad Time = Jun 04 2024 12:19:55
* <ApplicationData>
* <Seaterm232>
# nquan = 15
# nvalues = 1185                        
# units = specified
# name 0 = depFM: Depth [fresh water, m]
# name 1 = dz/dtM: Descent Rate [m/s]
# name 2 = sbeox0Mg/L: Oxygen, SBE 43 [mg/l]
# name 3 = sbeox0PS: Oxygen, SBE 43 [% saturation]
# name 4 = specc: Specific Conductance [uS/cm]
# name 5 = c0uS/cm: Conductivity [uS/cm]
# name 6 = flECO-AFL: Fluorescence, WET Labs ECO-AFL/FL [mg/m^3]
# name 7 = ph: pH
# name 8 = orp: Oxidation Reduction Potential [mV]
# name 9 = par/sat/log: PAR/Logarithmic, Satlantic
# name 10 = turbWETntu0: Turbidity, WET Labs ECO [NTU]
# name 11 = prdM: Pressure, Strain Gauge [db]
# name 12 = prdE: Pressure, Strain Gauge [psi]
# name 13 = tv290C: Temperature [ITS-90, deg C]
# name 14 = flag:  0.000e+00
# span 0 =     -0.810,      7.523       
# span 1 =     -0.290,      0.143       
# span 2 =     0.0953,    10.1324       
# span 3 =      0.899,    118.080       
# span 4 =     25.216,     57.369       
# span 5 =  24.250694,  40.950570       
# span 6 =     0.4070,    13.7684       
# span 7 =      7.608,      8.530       
# span 8 =   -42.7579,   183.0465       
# span 9 = 1.3122e-01, 2.3090e+03       
# span 10 =     1.8895,     8.3820      
# span 11 =     -0.795,      7.384      
# span 12 =     -1.153,     10.709      
# span 13 =    10.6697,    24.0913      
# span 14 = 0.0000e+00, 0.0000e+00      
# interval = seconds: 0.25
# start_time = May 27 2024 11:07:37 [Instrument's time stamp, header]
# bad_flag = -9.990e-29
*END*
[from data line 97]
     -0.341     -0.076     6.6407     77.151     30.349  29.785249     4.6065      8.471   177.3624 1.8357e+03     7.1180     -0.336     -0.486    24.0609 0.0000e+00
     -0.375     -0.056     6.5912     77.294     30.474  29.908396     4.6081      8.475   176.9672 1.8786e+03     7.1666     -0.376     -0.544    24.0617 0.0000e+00
     -0.390     -0.024     6.5351     77.459     30.579  30.012132     4.7151      8.476   177.5732 1.8997e+03     7.2574     -0.389     -0.564    24.0624 0.0000e+00
     -0.386      0.012     6.4792     77.624     30.654  30.088060     4.8940      8.476   177.8917 1.9141e+03     7.3610     -0.381     -0.552    24.0635 0.0000e+00
     -0.370      0.046     6.4777     77.729     30.631  30.065274     4.9818      8.478   177.7202 1.9175e+03     7.3941     -0.366     -0.530    24.0644 0.0000e+00
     -0.346      0.070     6.5014     77.696     30.556  29.990352     4.9936      8.482   176.8767 1.8629e+03     7.3851     -0.342     -0.495    24.0654 0.0000e+00
     -0.318      0.084     6.5088     77.523     30.509  29.943348     5.0954      8.483   159.9493 1.5815e+03     7.3201     -0.310     -0.449    24.0683 0.0000e+00
     -0.293      0.090     6.5269     77.169     30.507  29.940970     5.2795      8.479   135.6678 1.0988e+03     7.1889     -0.284     -0.414    24.0714 0.0000e+00
     -0.272      0.090     6.5391     76.687     30.592  30.025024     5.3814      8.475   127.2980 6.9304e+02     7.1318     -0.268     -0.389    24.0711 0.0000e+00
     -0.251      0.088     6.5340     76.250     30.704  30.135035     5.3864      8.472   127.5822 4.4629e+02     7.1415     -0.247     -0.358    24.0685 0.0000e+00
     -0.229      0.084     6.5227     75.864     30.762  30.192785     5.3986      8.472   139.6198 3.0996e+02     7.1353     -0.226     -0.328    24.0674 0.0000e+00
     -0.206      0.080     6.4934     75.499     30.786  30.215817     5.5870      8.474   145.9365 2.5349e+02     7.1592     -0.202     -0.292    24.0679 0.0000e+00
     -0.184      0.076     6.4422     75.201     30.729  30.159786     5.9250      8.476   136.5884 2.3469e+02     7.2260     -0.178     -0.259    24.0682 0.0000e+00
     -0.166      0.073     6.4077     74.898     30.590  30.022762     6.1063      8.476   137.8404 2.2820e+02     7.2600     -0.163     -0.236    24.0681 0.0000e+00
     -0.149      0.070     6.3799     74.630     30.520  29.954559     6.1729      8.474   143.9528 2.2265e+02     7.2967     -0.146     -0.211    24.0686 0.0000e+00
     -0.134      0.065     6.3401     74.446     30.535  29.969459     6.7045      8.472   150.4364 2.1339e+02     7.4299     -0.132     -0.192    24.0686 0.0000e+00
     -0.118      0.060     6.3250     74.260     30.515  29.949196     7.6564      8.474   160.5666 1.9582e+02     7.5726     -0.117     -0.170    24.0677 0.0000e+00
     -0.098      0.055     6.2955     74.128     30.465  29.899854     8.1686      8.478   150.4546 1.7547e+02     7.5879     -0.095     -0.138    24.0670 0.0000e+00
     -0.083      0.050     6.2676     74.126     30.445  29.880312     8.2284      8.480   120.4940 1.6438e+02     7.5805     -0.078     -0.112    24.0671 0.0000e+00
     -0.074      0.045     6.2623     74.159     30.468  29.903202     8.2964      8.481   102.1209 1.6408e+02     7.5854     -0.072     -0.104    24.0672 0.0000e+00
     -0.067      0.045     6.2400     74.084     30.553  29.986331     8.3833      8.480    98.8361 1.6100e+02     7.5107     -0.068     -0.098    24.0670 0.0000e+00
     -0.059      0.047     6.2268     74.020     30.693  30.124243     8.4218      8.477    97.9853 1.5298e+02     7.4288     -0.058     -0.083    24.0665 0.0000e+00
     -0.049      0.051     6.2289     74.137     30.809  30.238631     8.4288      8.476    96.5660 1.4627e+02     7.3806     -0.050     -0.072    24.0663 0.0000e+00
     -0.035      0.056     6.2402     74.307     30.798  30.227623     8.6093      8.476    95.8729 1.3795e+02     7.3728     -0.039     -0.057    24.0665 0.0000e+00
     -0.013      0.061     6.2300     74.549     30.687  30.118018     8.9654      8.477    95.7138 1.2746e+02     7.4030     -0.013     -0.019    24.0662 0.0000e+00
      0.007      0.065     6.2102     74.979     30.624  30.055161     9.1552      8.481    94.4699 1.2301e+02     7.3697      0.010      0.015    24.0665 0.0000e+00
      0.020      0.069     6.2351     75.553     30.671  30.101936     9.1731      8.483    93.8248 1.2431e+02     7.3118      0.020      0.029    24.0681 0.0000e+00
      0.033      0.071     6.2455     76.253     30.746  30.176125     9.3402      8.482    94.3676 1.2659e+02     7.3863      0.030      0.042    24.0680 0.0000e+00
      0.051      0.071     6.2573     76.913     30.761  30.190992     9.6689      8.482    94.9241 1.2883e+02     7.5524      0.048      0.069    24.0661 0.0000e+00
      0.073      0.071     6.3030     77.330     30.724  30.154833     9.8682      8.483    95.3903 1.3265e+02     7.6467      0.072      0.106    24.0652 0.0000e+00
      0.095      0.071     6.3442     77.506     30.689  30.119515     9.8848      8.482    95.9606 1.3956e+02     7.6381      0.095      0.137    24.0656 0.0000e+00
      0.113      0.069     6.4111     77.506     30.715  30.144558     9.8697      8.481    96.4850 1.4873e+02     7.5854      0.112      0.161    24.0661 0.0000e+00
      0.129      0.064     6.4758     77.365     30.775  30.203897     9.8946      8.481    96.9135 1.5818e+02     7.4877      0.126      0.183    24.0666 0.0000e+00
      0.145      0.055     6.5070     77.070     30.775  30.202659     9.9521      8.481    97.2685 1.6619e+02     7.4134      0.142      0.206    24.0673 0.0000e+00
      0.160      0.046     6.5207     76.620     30.700  30.129591     9.9912      8.483    97.4222 1.7331e+02     7.4386      0.159      0.230    24.0673 0.0000e+00
      0.172      0.040     6.5188     76.082     30.651  30.081619    10.0005      8.486    97.4807 1.8041e+02     7.4507      0.171      0.249    24.0667 0.0000e+00
      0.179      0.039     6.5083     75.543     30.701  30.130076    10.0483      8.485    98.2343 1.8674e+02     7.4222      0.176      0.256    24.0663 0.0000e+00
      0.182      0.044     6.4840     75.093     30.780  30.208035    10.1607      8.482    99.5643 1.9247e+02     7.4357      0.179      0.259    24.0659 0.0000e+00
      0.186      0.052     6.4442     74.826     30.835  30.263039    10.2359      8.480    99.7958 1.9792e+02     7.4436      0.180      0.260    24.0653 0.0000e+00
      0.199      0.063     6.3952     74.665     30.860  30.287673    10.2659      8.480    98.7108 1.9660e+02     7.4492      0.189      0.274    24.0641 0.0000e+00
      0.223      0.076     6.3499     74.466     30.825  30.252149    10.4658      8.481    97.8886 1.8971e+02     7.6059      0.219      0.318    24.0635 0.0000e+00
      0.250      0.087     6.3053     74.283     30.787  30.214114    10.8219      8.481    97.9422 1.8495e+02     7.9038      0.248      0.360    24.0644 0.0000e+00
      0.275      0.094     6.2856     74.217     30.782  30.208378    11.0178      8.481    98.2404 1.8200e+02     8.1141      0.270      0.391    24.0667 0.0000e+00
      0.299      0.094     6.2816     74.351     30.757  30.182798    11.0453      8.482    98.3969 1.7882e+02     8.1330      0.293      0.425    24.0677 0.0000e+00
      0.324      0.091     6.2581     74.726     30.732  30.158551    11.0458      8.485    98.6304 1.7378e+02     7.9951      0.317      0.460    24.0656 0.0000e+00
      0.349      0.089     6.2423     75.315     30.743  30.168937    11.0326      8.487    99.0844 1.6733e+02     7.8467      0.343      0.498    24.0632 0.0000e+00
      0.370      0.089     6.2333     76.089     30.756  30.181507    11.0268      8.487    99.5839 1.5893e+02     7.8766      0.365      0.529    24.0625 0.0000e+00
      0.389      0.089     6.2428     76.968     30.758  30.183671    11.0417      8.486    99.9377 1.5059e+02     7.9801      0.381      0.552    24.0622 0.0000e+00
      0.409      0.088     6.2772     77.815     30.770  30.195098    11.1043      8.485   100.0926 1.4252e+02     8.0738      0.399      0.579    24.0614 0.0000e+00
      0.433      0.087     6.3255     78.480     30.768  30.192810    11.1934      8.485   100.1659 1.3363e+02     8.2248      0.422      0.614    24.0612 0.0000e+00
      0.460      0.084     6.3938     78.854     30.730  30.156008    11.2450      8.486   100.3074 1.2617e+02     8.3359      0.453      0.656    24.0613 0.0000e+00
      0.485      0.080     6.4716     78.923     30.705  30.130721    11.2624      8.487   100.5995 1.1982e+02     8.3579      0.479      0.694    24.0611 0.0000e+00
      0.503      0.072     6.5476     78.755     30.716  30.140789    11.2621      8.485   100.9445 1.1501e+02     8.3212      0.495      0.718    24.0609 0.0000e+00
      0.518      0.062     6.6075     78.461     30.727  30.150864    11.2836      8.485   100.8640 1.1120e+02     8.2337      0.508      0.737    24.0608 0.0000e+00
      0.533      0.052     6.6390     78.118     30.702  30.125681    11.3388      8.489   100.4016 1.0750e+02     8.1537      0.522      0.757    24.0597 0.0000e+00
      0.546      0.045     6.6429     77.723     30.666  30.090024    11.3716      8.494   100.2581 1.0438e+02     8.1388      0.537      0.779    24.0585 0.0000e+00
      0.556      0.043     6.6251     77.290     30.676  30.100327    11.3889      8.497   100.3327 1.0259e+02     8.1560      0.547      0.794    24.0582 0.0000e+00
      0.562      0.044     6.5971     76.889     30.700  30.123392    11.3727      8.499   100.2719 1.0168e+02     8.0540      0.551      0.799    24.0576 0.0000e+00
      0.569      0.048     6.5701     76.549     30.691  30.115186    11.3012      8.502   100.3833 9.9739e+01     7.7941      0.555      0.805    24.0567 0.0000e+00
      0.580      0.055     6.5373     76.223     30.704  30.127956    11.2573      8.505   100.7329 9.6317e+01     7.5760      0.567      0.822    24.0560 0.0000e+00
      0.598      0.063     6.4969     75.830     30.727  30.150935    11.2738      8.507   101.2296 9.2241e+01     7.5345      0.586      0.851    24.0558 0.0000e+00
      0.618      0.069     6.4629     75.369     30.715  30.139300    11.4012      8.508   101.5701 8.7924e+01     7.5997      0.605      0.878    24.0561 0.0000e+00
      0.639      0.071     6.4354     74.891     30.690  30.114138    11.6072      8.508   101.4087 8.3727e+01     7.6131      0.626      0.908    24.0563 0.0000e+00
      0.659      0.069     6.4115     74.387     30.676  30.100431    11.7007      8.509   101.1710 7.9996e+01     7.5598      0.647      0.939    24.0566 0.0000e+00
      0.677      0.064     6.3788     73.857     30.676  30.100423    11.7161      8.511   101.1050 7.6829e+01     7.5354      0.664      0.963    24.0571 0.0000e+00
      0.692      0.061     6.3357     73.354     30.691  30.114047    11.8684      8.514   101.1271 7.4329e+01     7.6255      0.680      0.985    24.0571 0.0000e+00
      0.706      0.060     6.2984     72.966     30.716  30.138297    12.1354      8.515   101.2665 7.2782e+01     7.7958      0.695      1.007    24.0569 0.0000e+00
      0.716      0.063     6.2554     72.709     30.717  30.139893    12.2809      8.514   101.5856 7.1834e+01     7.8525      0.702      1.019    24.0562 0.0000e+00
      0.728      0.070     6.2099     72.519     30.710  30.133352    12.3041      8.512   102.3182 7.0173e+01     7.8327      0.709      1.030    24.0552 0.0000e+00
      0.747      0.079     6.1639     72.364     30.762  30.186070    12.4743      8.509   103.2413 6.7795e+01     7.9668      0.731      1.060    24.0545 0.0000e+00
      0.771      0.087     6.1301     72.207     30.847  30.269852    12.7990      8.507   103.7122 6.5406e+01     8.2439      0.757      1.097    24.0543 0.0000e+00
      0.798      0.092     6.1129     72.007     30.836  30.258311    12.9757      8.507   103.3655 6.2754e+01     8.3820      0.783      1.134    24.0548 0.0000e+00
      0.828      0.092     6.0959     71.760     30.750  30.173385    12.9717      8.508   102.8355 6.0240e+01     8.3388      0.813      1.178    24.0558 0.0000e+00
      0.854      0.086     6.0845     71.465     30.708  30.131064    12.9583      8.509   102.5527 5.8257e+01     8.2680      0.839      1.217    24.0571 0.0000e+00
      0.875      0.077     6.0730     71.155     30.704  30.127195    13.0637      8.510   101.9246 5.6582e+01     8.0383      0.859      1.246    24.0586 0.0000e+00
      0.891      0.068     6.0551     70.875     30.704  30.126613    13.2547      8.511   101.4362 5.5156e+01     7.6451      0.875      1.269    24.0587 0.0000e+00
      0.906      0.060     6.0350     70.613     30.701  30.124019    13.3541      8.512   101.3801 5.3729e+01     7.4084      0.889      1.289    24.0567 0.0000e+00
      0.919      0.054     6.0102     70.367     30.673  30.095836    13.3747      8.512   101.3324 5.2493e+01     7.3619      0.902      1.308    24.0547 0.0000e+00
      0.929      0.052     5.9808     70.182     30.616  30.039574    13.4699      8.514   101.3757 5.1393e+01     7.4248      0.911      1.321    24.0543 0.0000e+00
      0.942      0.052     5.9597     70.173     30.398  29.824345    13.6574      8.516   101.4729 4.9938e+01     7.5874      0.922      1.338    24.0540 0.0000e+00
      0.956      0.054     5.9372     70.468     29.973  29.396412    13.7684      8.517   101.6467 4.8576e+01     7.6548      0.939      1.362    24.0538 0.0000e+00
      0.969      0.059     5.9155     71.717     29.664  29.051812    13.7642      8.518   101.9286 4.7330e+01     7.6249      0.950      1.378    24.0531 0.0000e+00
      0.983      0.064     5.8970     75.722     29.583  28.892639    13.7223      8.519   102.5585 4.5703e+01     7.8063      0.962      1.395    24.0529 0.0000e+00
      1.000      0.068     5.8899     83.272     29.582  28.803729    13.6786      8.519   103.0681 4.3983e+01     8.1744      0.979      1.422    24.0507 0.0000e+00
      1.020      0.072     5.9167     92.526     29.587  28.737799    13.6677      8.519   102.6702 4.2307e+01     8.3515      1.001      1.452    24.0521 0.0000e+00
      1.040      0.074     5.9502    101.287     29.563  28.666234    13.6655      8.518   102.2209 4.0636e+01     8.3084      1.020      1.479    23.9939 0.0000e+00
      1.061      0.074     6.2569    108.492     29.571  28.636060    13.6443      8.518   102.1961 3.9169e+01     8.2006      1.041      1.509    23.8301 0.0000e+00
      1.081      0.069     7.0087    113.727     29.593  28.626621    13.6356      8.519   102.1977 3.7974e+01     8.1069      1.061      1.539    23.6645 0.0000e+00
      1.099      0.063     7.8807    116.903     29.542  28.552061    13.6437      8.521   102.2410 3.7060e+01     8.0969      1.077      1.563    23.5446 0.0000e+00
      1.115      0.058     8.6578    118.080     29.446  28.432223    13.6181      8.523   102.3750 3.6507e+01     8.0801      1.095      1.588    23.4728 0.0000e+00
      1.127      0.053     9.2942    117.440     29.367  28.319311    13.2426      8.524   102.6131 3.6211e+01     7.8015      1.107      1.605    23.4116 0.0000e+00
      1.137      0.050     9.7506    115.586     29.364  28.265041    12.5321      8.526   102.7970 3.6010e+01     7.3250      1.114      1.616    23.3546 0.0000e+00
      1.148      0.049    10.0243    113.423     29.435  28.283382    12.1444      8.527   102.8777 3.5749e+01     7.1003      1.125      1.631    23.3214 0.0000e+00
      1.160      0.050    10.1324    111.580     29.465  28.287284    12.1244      8.528   102.8997 3.5376e+01     7.1344      1.138      1.651    23.2774 0.0000e+00
      1.174      0.053    10.0694    110.265     29.360  28.185340    12.1073      8.530   102.9779 3.4994e+01     7.1221      1.152      1.670    23.2258 0.0000e+00
