Data/DataNotYetUploadedToEDI/Raw_CTD/RawDownloads/052724_fcr40_S7809005.cnv
* Sea-Bird SBE19plus  Data File:
* FileName = C:\R\Reservoirs\Data\DataNotYetUploadedToEDI\Raw_CTD\RawDownloads\052724_bvr50_S7809_0005.hex
* Software version 2.8.0.119
* Temperature SN = 7809
* Conductivity SN = 7809
* System UpLoad Time = Jun 04 2024 12:22:22
* <ApplicationData>
* <Seaterm232>
# nquan = 15
# nvalues = 1002                        
# units = specified
# name 0 = depFM: Depth [fresh water, m]
# name 1 = dz/dtM: Descent Rate [m/s]
# name 2 = sbeox0Mg/L: Oxygen, SBE 43 [mg/l]
# name 3 = sbeox0PS: Oxygen, SBE 43 [% saturation]
# name 4 = specc: Specific Conductance [uS/cm]
# name 5 = c0uS/cm: Conductivity [uS/cm]
# name 6 = flECO-AFL: Fluorescence, WET Labs ECO-AFL/FL [mg/m^3]
# name 7 = ph: pH
# name 8 = orp: Oxidation Reduction Potential [mV]
# name 9 = par/sat/log: PAR/Logarithmic, Satlantic
# name 10 = turbWETntu0: Turbidity, WET Labs ECO [NTU]
# name 11 = prdM: Pressure, Strain Gauge [db]
# name 12 = prdE: Pressure, Strain Gauge [psi]
# name 13 = tv290C: Temperature [ITS-90, deg C]
# name 14 = flag:  0.000e+00
# span 0 =     -0.739,      5.910       
# span 1 =     -0.375,      0.225       
# span 2 =     2.4667,     9.7661       
# span 3 =     23.102,    108.589       
# span 4 =      1.516,     43.499       
# span 5 =   1.413204,  38.296484       
# span 6 =    -2.1082,     7.9432       
# span 7 =      7.902,      8.319       
# span 8 =   195.4916,   440.2893       
# span 9 = 1.3823e+00, 3.5825e+03       
# span 10 =    -0.3014,   271.5405      
# span 11 =     -0.726,      5.797      
# span 12 =     -1.053,      8.408      
# span 13 =    10.9703,    24.5987      
# span 14 = 0.0000e+00, 0.0000e+00      
# interval = seconds: 0.25
# start_time = May 27 2024 13:55:24 [Instrument's time stamp, header]
# bad_flag = -9.990e-29
*END*
     -0.737      0.001     8.0750     91.760      1.806   1.686220    -0.0778      8.104   440.2893 6.4695e+02    -0.1453     -0.723     -1.049    21.6854 0.0000e+00
     -0.736      0.001     8.0767     91.745      1.784   1.665824    -0.0622      8.127   397.3790 4.1479e+02    -0.1671     -0.722     -1.047    21.6860 0.0000e+00
     -0.736      0.001     8.0749     91.754      1.770   1.652094    -0.0671      8.142   350.9725 3.1056e+02    -0.1385     -0.722     -1.047    21.6864 0.0000e+00
     -0.736      0.001     8.0722     91.795      1.765   1.646885    -0.1619      8.144   315.1521 4.1865e+02     0.2007     -0.721     -1.046    21.6867 0.0000e+00
     -0.736      0.000     8.0718     91.832      1.718   1.602848    -0.3256      8.135   315.6630 6.6515e+02     0.8947     -0.721     -1.046    21.6869 0.0000e+00
     -0.736 1.8629e-08     8.0696     91.847      1.608   1.499701    -0.4155      8.116   357.3215 9.6423e+02     1.2491     -0.721     -1.046    21.6840 0.0000e+00
     -0.736 2.0492e-07     8.0720     91.861      1.516   1.413204    -0.4167      8.099   410.1544 1.2106e+03     1.1723     -0.722     -1.047    21.6668 0.0000e+00
     -0.736 2.0510e-07     8.0821     91.881      1.549   1.443807    -0.2482      8.095   437.1075 1.3405e+03     0.8203     -0.722     -1.047    21.6396 0.0000e+00
     -0.736 2.0762e-08     8.0884     91.898      1.734   1.616348     0.0730      8.101   438.4270 1.4009e+03     0.2379     -0.722     -1.047    21.6242 0.0000e+00
     -0.736 2.5178e-08     8.0889     91.906      1.919   1.789157     0.2462      8.108   435.1428 1.4839e+03    -0.1306     -0.722     -1.047    21.6212 0.0000e+00
     -0.736 2.5848e-07     8.0901     91.899      1.955   1.822984     0.2565      8.113   432.2444 1.5869e+03    -0.1508     -0.722     -1.047    21.6201 0.0000e+00
     -0.736      0.000     8.0924     91.880      1.968   1.835329     0.2149      8.117   426.2688 1.6440e+03     0.4720     -0.722     -1.047    21.6216 0.0000e+00
     -0.736      0.000     8.0937     91.867      2.078   1.938414     0.1169      8.121   412.0206 1.6421e+03     1.5583     -0.722     -1.048    21.6214 0.0000e+00
     -0.736      0.000     8.0941     91.867      2.474   2.309268     0.0460      8.130   386.4485 1.6388e+03     2.0867     -0.722     -1.047    21.6249 0.0000e+00
     -0.736      0.004     8.0941     91.881      6.210   5.812538     0.0489      8.167   339.5770 1.6840e+03     2.2488     -0.722     -1.047    21.6233 0.0000e+00
     -0.736      0.017     8.0900     91.894     16.267  15.339281     0.2434      8.240   270.8513 1.7550e+03     4.0996     -0.722     -1.047    21.6306 0.0000e+00
     -0.736      0.043     8.0903     91.873     28.384  27.055389     0.5914      8.298   216.7893 1.8304e+03     7.4879     -0.722     -1.047    21.6230 0.0000e+00
     -0.735      0.079     8.0875     91.887     35.899  34.618376     0.7694      8.313   198.4541 1.9213e+03     9.2610     -0.724     -1.050    21.6390 0.0000e+00
     -0.723      0.120     8.0925     92.139     38.019  37.016484     0.7800      8.304   196.4603 2.0396e+03     9.2448     -0.721     -1.046    21.6163 0.0000e+00
     -0.683      0.160     8.0756     92.604     38.100  37.336121     0.7944      8.291   195.8666 2.1879e+03     8.2480     -0.681     -0.987    21.7417 0.0000e+00
     -0.620      0.190     7.9675     92.985     38.081  37.468168     0.8265      8.279   195.4916 2.2889e+03     6.4997     -0.608     -0.881    22.4313 0.0000e+00
     -0.551      0.210     7.8365     93.272     38.044  37.534536     0.8522      8.265   195.7121 1.9099e+03     5.5972     -0.538     -0.781    23.2389 0.0000e+00
     -0.486      0.221     7.7821     93.607     37.930  37.504176     0.8477      8.250   196.3820 1.1349e+03     5.4993     -0.476     -0.689    23.7375 0.0000e+00
     -0.431      0.225     7.7971     93.992     37.715  37.355016     0.8390      8.236   196.7076 7.5068e+02     5.4182     -0.416     -0.602    24.0348 0.0000e+00
     -0.388      0.224     7.8001     94.450     37.587  37.254055     0.8875      8.223   196.5506 1.0890e+03     5.5391     -0.381     -0.553    24.2066 0.0000e+00
     -0.343      0.223     7.7970     94.982     37.597  37.235315     0.9765      8.211   196.4629 1.8500e+03     5.7998     -0.348     -0.504    24.3333 0.0000e+00
     -0.278      0.218     7.8158     95.534     37.675  37.255283     1.0244      8.202   196.5944 2.0986e+03     5.9054     -0.274     -0.397    24.4373 0.0000e+00
     -0.208      0.207     7.8296     96.079     37.831  37.368489     1.0339      8.193   196.7633 1.6277e+03     5.8942     -0.199     -0.290    24.5338 0.0000e+00
     -0.145      0.188     7.8607     96.547     37.993  37.525304     1.0999      8.187   196.9570 1.1777e+03     5.8352     -0.139     -0.202    24.5863 0.0000e+00
     -0.094      0.159     7.9167     96.878     38.066  37.628407     1.2322      8.181   197.2160 9.9071e+02     5.7719     -0.086     -0.125    24.5275 0.0000e+00
     -0.060      0.124     7.9764     97.112     38.056  37.663329     1.3102      8.176   197.3989 1.0150e+03     5.7786     -0.054     -0.077    24.4266 0.0000e+00
     -0.043      0.091     8.0344     97.232     37.981  37.630335     1.3264      8.171   197.4475 1.2629e+03     5.7796     -0.038     -0.055    24.3620 0.0000e+00
     -0.034      0.066     8.0777     97.215     37.868  37.546811     1.3700      8.167   197.5457 1.6534e+03     5.7153     -0.034     -0.049    24.3605 0.0000e+00
     -0.024      0.047     8.0930     97.152     37.785  37.478414     1.4378      8.165   197.6399 1.6519e+03     5.6505     -0.024     -0.035    24.4133 0.0000e+00
     -0.013      0.034     8.1036     97.108     37.746  37.437920     1.4807      8.165   197.5541 1.1546e+03     5.6795     -0.012     -0.018    24.4795 0.0000e+00
     -0.002      0.025     8.1083     97.102     37.760  37.437918     1.4976      8.165   197.4547 9.0325e+02     5.7240     -0.001     -0.002    24.5394 0.0000e+00
      0.005      0.020     8.0950     97.112     37.814  37.478360     1.5165      8.166   197.4711 1.1424e+03     5.6764      0.007      0.011    24.5774 0.0000e+00
      0.007      0.018     8.0860     97.070     37.826  37.482710     1.5511      8.167   197.5794 1.4610e+03     5.6162      0.008      0.012    24.5987 0.0000e+00
      0.005      0.019     8.0825     96.983     37.774  37.427043     1.5834      8.166   197.7323 1.5506e+03     5.6451      0.005      0.006    24.5930 0.0000e+00
      0.004      0.022     8.0859     96.915     37.724  37.376368     1.5992      8.164   197.8564 1.4264e+03     5.7185      0.002      0.002    24.5655 0.0000e+00
      0.010      0.026     8.0937     96.901     37.727  37.377642     1.5834      8.164   197.9615 1.4806e+03     5.7181      0.007      0.010    24.5469 0.0000e+00
      0.023      0.028     8.0902     96.916     37.798  37.442438     1.5428      8.165   198.0570 1.7225e+03     5.6399      0.022      0.032    24.5394 0.0000e+00
      0.037      0.028     8.0811     96.912     37.894  37.525269     1.5242      8.165   198.1509 1.8975e+03     5.5925      0.038      0.055    24.5343 0.0000e+00
      0.047      0.025     8.0745     96.886     37.943  37.554216     1.5337      8.165   198.2369 1.9559e+03     5.6240      0.049      0.071    24.5336 0.0000e+00
      0.051      0.019     8.0742     96.878     37.947  37.538596     1.5402      8.166   198.3216 1.6649e+03     5.6445      0.053      0.076    24.5334 0.0000e+00
      0.051      0.012     8.0785     96.987     37.949  37.526732     1.5450      8.167   198.4869 1.5109e+03     5.6013      0.051      0.073    24.5277 0.0000e+00
      0.051      0.007     8.0806     97.268     37.970  37.537663     1.5674      8.167   198.6013 1.6046e+03     5.5804      0.050      0.072    24.5118 0.0000e+00
      0.051      0.004     8.0811     97.263     37.987  37.543841     1.5861      8.167   198.5853 1.4646e+03     5.5962      0.050      0.073    24.4821 0.0000e+00
      0.052      0.004     8.0839     96.213     37.993  37.537960     1.5957      8.168   198.6377 1.2088e+03     5.6216      0.051      0.074    24.4522 0.0000e+00
      0.055      0.005     8.0874     94.012     37.996  37.529995     1.6097      8.169   198.8050 1.1315e+03     5.7173      0.055      0.079    24.4355 0.0000e+00
      0.057      0.005     8.1248     91.149     37.986  37.510969     1.6134      8.170   198.9731 1.4331e+03     5.8305      0.057      0.082    24.4250 0.0000e+00
      0.057      0.005     8.1629     88.029     37.981  37.498271     1.5982      8.170   199.0361 1.7590e+03     5.8293      0.056      0.082    24.4107 0.0000e+00
      0.058      0.005     8.0770     84.852     37.991  37.503356     1.5847      8.171   199.0503 1.5674e+03     5.7712      0.057      0.084    24.3940 0.0000e+00
      0.060      0.005     7.8734     81.814     38.001  37.509000     1.6251      8.173   199.1453 1.2355e+03     5.8104      0.059      0.086    24.3801 0.0000e+00
      0.061      0.005     7.6254     79.250     37.998  37.503050     1.7035      8.173   199.3235 1.5888e+03     5.8931      0.060      0.087    24.3685 0.0000e+00
      0.063      0.005     7.3612     77.514     37.995  37.494868     1.7334      8.173   199.5708 1.9439e+03     5.8840      0.062      0.089    24.3587 0.0000e+00
      0.064      0.005     7.0934     76.823     37.983  37.473520     1.7204      8.173   199.7253 1.5391e+03     5.8709      0.063      0.091    24.3508 0.0000e+00
      0.065      0.004     6.8275     77.110     37.955  37.435283     1.7298      8.172   199.7298 1.4878e+03     5.8715      0.063      0.092    24.3463 0.0000e+00
      0.066      0.003     6.6032     78.003     37.942  37.413255     1.7716      8.172   199.7972 1.8941e+03     5.7884      0.065      0.094    24.3446 0.0000e+00
      0.067      0.002     6.4508     79.028     37.933  37.397525     1.8092      8.173   199.9379 1.9539e+03     5.6857      0.066      0.096    24.3376 0.0000e+00
      0.067      0.002     6.3962     79.846     37.911  37.371991     1.8098      8.173   200.0546 1.8674e+03     5.6202      0.066      0.096    24.3232 0.0000e+00
      0.067      0.001     6.4350     80.336     37.900  37.358340     1.7798      8.172   200.0887 1.6801e+03     5.6123      0.065      0.094    24.3089 0.0000e+00
      0.067      0.001     6.5260     80.457     37.904  37.359379     1.7536      8.172   200.0926 1.4893e+03     5.6584      0.065      0.095    24.2974 0.0000e+00
      0.068      0.000     6.6246     80.173     37.932  37.384542     1.7436      8.173   200.1879 1.3869e+03     5.6986      0.067      0.097    24.2880 0.0000e+00
      0.068      0.000     6.6946     79.501     37.961  37.408762     1.7422      8.175   200.2944 1.3667e+03     5.6886      0.067      0.097    24.2819 0.0000e+00
      0.068      0.000     6.7372     78.534     37.954  37.398402     1.7362      8.175   200.3474 1.4144e+03     5.6407      0.066      0.096    24.2784 0.0000e+00
      0.068      0.000     6.7494     77.427     37.943  37.386182     1.7302      8.175   200.3989 1.2655e+03     5.6308      0.067      0.097    24.2760 0.0000e+00
      0.067      0.001     6.7256     76.384     37.945  37.387917     1.7444      8.175   200.5732 1.0347e+03     5.6718      0.067      0.097    24.2731 0.0000e+00
      0.065      0.004     6.6670     75.557     37.977  37.419383     1.7497      8.174   200.8201 9.8886e+02     5.6924      0.064      0.093    24.2679 0.0000e+00
      0.065      0.006     6.5822     74.898     38.009  37.449371     1.7362      8.173   200.8889 1.1888e+03     5.6416      0.062      0.090    24.2618 0.0000e+00
      0.068      0.007     6.4838     74.303     37.994  37.433219     1.7387      8.173   200.8029 1.9480e+03     5.5691      0.065      0.095    24.2595 0.0000e+00
      0.074      0.007     6.3893     73.818     37.974  37.414444     1.7627      8.173   200.7268 2.8410e+03     5.5679      0.073      0.106    24.2612 0.0000e+00
      0.079      0.007     6.3230     73.591     37.969  37.412737     1.7932      8.172   200.7425 2.6054e+03     5.6264      0.079      0.114    24.2622 0.0000e+00
      0.079      0.006     6.2735     73.729     37.965  37.412581     1.7999      8.172   200.9075 1.8232e+03     5.6279      0.079      0.115    24.2594 0.0000e+00
      0.077      0.004     6.2217     74.150     37.964  37.412565     1.7686      8.172   201.1726 1.5996e+03     5.6536      0.075      0.109    24.2548 0.0000e+00
      0.076      0.002     6.1760     74.630     37.965  37.412555     1.7316      8.172   201.2805 1.6032e+03     5.8012      0.073      0.105    24.2555 0.0000e+00
      0.077      0.000     6.1515     75.060     37.965  37.412452     1.7262      8.173   201.2653 1.6306e+03     5.9093      0.074      0.108    24.2617 0.0000e+00
      0.080      0.000     6.1650     75.550     37.962  37.411317     1.7452      8.174   201.4198 1.5531e+03     5.9363      0.079      0.115    24.2674 0.0000e+00
      0.081      0.001     6.2091     76.237     37.946  37.398834     1.7447      8.174   201.5989 1.3478e+03     5.9223      0.081      0.117    24.2694 0.0000e+00
      0.079      0.002     6.2538     77.045     37.933  37.388432     1.7212      8.174   201.6239 1.2447e+03     5.8758      0.078      0.113    24.2675 0.0000e+00
      0.076      0.004     6.2852     77.776     37.958  37.412466     1.7092      8.174   201.5514 1.2971e+03     5.8523      0.074      0.107    24.2658 0.0000e+00
      0.076      0.005     6.3187     78.268     37.984  37.435602     1.7250      8.174   201.4967 1.5181e+03     5.8774      0.073      0.105    24.2683 0.0000e+00
      0.079      0.006     6.3798     78.470     37.966  37.414349     1.7548      8.174   201.5643 1.5875e+03     5.9066      0.077      0.111    24.2735 0.0000e+00
      0.084      0.006     6.4543     78.490     37.963  37.409312     1.7702      8.174   201.6800 1.5391e+03     5.8976      0.083      0.121    24.2772 0.0000e+00
      0.088      0.005     6.5197     78.460     37.990  37.438154     1.7695      8.174   201.7771 1.5942e+03     5.9056      0.088      0.127    24.2774 0.0000e+00
      0.090      0.004     6.5645     78.426     37.994  37.445802     1.7718      8.175   201.8776 1.4328e+03     5.9016      0.089      0.129    24.2734 0.0000e+00
      0.088      0.001     6.5768     78.360     37.984  37.438336     1.7806      8.175   201.9490 1.2430e+03     5.8139      0.087      0.126    24.2665 0.0000e+00
      0.085     -0.001     6.5745     78.154     37.957  37.411344     1.7844      8.175   201.9525 1.2298e+03     5.7002      0.084      0.121    24.2637 0.0000e+00
      0.084     -0.001     6.5708     77.739     37.921  37.373256     1.7760      8.175   202.0052 1.1388e+03     5.6197      0.082      0.120    24.2674 0.0000e+00
      0.085      0.000     6.5673     77.163     37.910  37.358538     1.7710      8.175   202.0705 1.6082e+03     5.6265      0.083      0.120    24.2732 0.0000e+00
      0.086      0.001     6.5657     76.531     37.915  37.360296     1.7735      8.175   202.0544 2.1937e+03     5.6801      0.085      0.123    24.2769 0.0000e+00
      0.088      0.002     6.5518     75.997     37.950  37.394497     1.7812      8.176   202.0679 1.9539e+03     5.6866      0.087      0.126    24.2768 0.0000e+00
      0.088      0.003     6.5144     75.707     38.009  37.454793     1.7887      8.177   202.0613 1.7501e+03     5.6703      0.086      0.125    24.2731 0.0000e+00
      0.087      0.006     6.4648     75.686     38.006  37.454792     1.7813      8.177   202.0605 1.9377e+03     5.6548      0.086      0.124    24.2656 0.0000e+00
      0.087      0.010     6.4078     75.843     37.944  37.394495     1.7753      8.178   202.1447 2.0823e+03     5.6691      0.084      0.122    24.2596 0.0000e+00
      0.089      0.014     6.3568     75.968     37.911  37.360285     1.7996      8.178   202.2195 1.9420e+03     5.7067      0.085      0.124    24.2603 0.0000e+00
