Data/DataNotYetUploadedToEDI/Raw_CTD/RawDownloads/052724_fcr30_S7809004.cnv
* Sea-Bird SBE19plus  Data File:
* FileName = C:\R\Reservoirs\Data\DataNotYetUploadedToEDI\Raw_CTD\RawDownloads\052724_bvr50_S7809_0004.hex
* Software version 2.8.0.119
* Temperature SN = 7809
* Conductivity SN = 7809
* System UpLoad Time = Jun 04 2024 12:21:54
* <ApplicationData>
* <Seaterm232>
# nquan = 15
# nvalues = 1408                        
# units = specified
# name 0 = depFM: Depth [fresh water, m]
# name 1 = dz/dtM: Descent Rate [m/s]
# name 2 = sbeox0Mg/L: Oxygen, SBE 43 [mg/l]
# name 3 = sbeox0PS: Oxygen, SBE 43 [% saturation]
# name 4 = specc: Specific Conductance [uS/cm]
# name 5 = c0uS/cm: Conductivity [uS/cm]
# name 6 = flECO-AFL: Fluorescence, WET Labs ECO-AFL/FL [mg/m^3]
# name 7 = ph: pH
# name 8 = orp: Oxidation Reduction Potential [mV]
# name 9 = par/sat/log: PAR/Logarithmic, Satlantic
# name 10 = turbWETntu0: Turbidity, WET Labs ECO [NTU]
# name 11 = prdM: Pressure, Strain Gauge [db]
# name 12 = prdE: Pressure, Strain Gauge [psi]
# name 13 = tv290C: Temperature [ITS-90, deg C]
# name 14 = flag:  0.000e+00
# span 0 =     -0.741,      5.221       
# span 1 =     -0.252,      0.241       
# span 2 =     1.8702,     9.9982       
# span 3 =     17.552,    110.423       
# span 4 =      1.974,     44.026       
# span 5 =   1.858079,  38.712142       
# span 6 =    -0.4015,    13.6049       
# span 7 =      7.992,      8.413       
# span 8 =   164.4831,   862.6696       
# span 9 = 2.7650e+00, 2.6219e+03       
# span 10 =    -0.2059,   120.9233      
# span 11 =     -0.727,      5.120      
# span 12 =     -1.054,      7.427      
# span 13 =    10.9903,    24.8495      
# span 14 = 0.0000e+00, 0.0000e+00      
# interval = seconds: 0.25
# start_time = May 27 2024 13:46:27 [Instrument's time stamp, header]
# bad_flag = -9.990e-29
*END*
[from data line 386]
      0.065      0.006     8.0423     96.517     38.176  37.718526     1.4486      8.199   201.9275 1.4492e+03     3.8509      0.063      0.091    24.4182 0.0000e+00
      0.068      0.007     8.0525     96.547     38.162  37.701320     1.4361      8.198   202.0358 1.5346e+03     3.7849      0.068      0.098    24.4156 0.0000e+00
      0.068      0.008     8.0583     96.542     38.172  37.707657     1.4328      8.195   202.0901 1.6265e+03     3.7608      0.067      0.096    24.4089 0.0000e+00
      0.068      0.010     8.0605     96.497     38.197  37.731686     1.4753      8.193   202.1537 1.5371e+03     3.7986      0.065      0.094    24.4014 0.0000e+00
      0.072      0.010     8.0635     96.457     38.203  37.738032     1.5091      8.191   202.2896 1.5368e+03     3.7984      0.069      0.100    24.3944 0.0000e+00
      0.077      0.010     8.0689     96.465     38.186  37.720931     1.5090      8.190   202.4417 1.8796e+03     3.7588      0.076      0.110    24.3893 0.0000e+00
      0.080      0.010     8.0692     96.517     38.184  37.715276     1.4985      8.190   202.4449 2.0830e+03     3.7297      0.080      0.116    24.3865 0.0000e+00
      0.082      0.007     8.0637     96.586     38.205  37.733111     1.4820      8.191   202.3286 1.8850e+03     3.7532      0.080      0.116    24.3846 0.0000e+00
      0.085      0.001     8.0588     96.680     38.219  37.746209     1.4678      8.192   202.4112 1.6146e+03     3.8045      0.083      0.121    24.3858 0.0000e+00
      0.086     -0.005     8.0591     96.805     38.218  37.746728     1.4515      8.192   202.7558 1.3998e+03     3.7687      0.086      0.124    24.3866 0.0000e+00
      0.083     -0.010     8.0665     96.919     38.212  37.739390     1.4267      8.191   202.9675 1.3280e+03     3.6961      0.084      0.121    24.3808 0.0000e+00
      0.077     -0.011     8.0723     96.989     38.195  37.720940     1.4175      8.190   202.9929 1.4157e+03     3.7123      0.077      0.111    24.3730 0.0000e+00
      0.070     -0.010     8.0791     97.017     38.190  37.714014     1.4317      8.188   203.0620 1.4329e+03     3.7595      0.067      0.098    24.3743 0.0000e+00
      0.065     -0.008     8.0914     97.022     38.197  37.719102     1.4491      8.188   203.1148 1.3459e+03     3.7883      0.062      0.090    24.3788 0.0000e+00
      0.065     -0.004     8.1019     96.993     38.199  37.718997     1.4445      8.189   203.1150 1.3366e+03     3.7873      0.063      0.092    24.3757 0.0000e+00
      0.068      0.001     8.1085     96.913     38.193  37.712747     1.4085      8.189   203.1504 1.4969e+03     3.7147      0.066      0.097    24.3726 0.0000e+00
      0.070      0.004     8.1094     96.803     38.188  37.706982     1.3720      8.189   203.1982 1.6457e+03     3.6608      0.068      0.099    24.3722 0.0000e+00
      0.070      0.005     8.1111     96.696     38.195  37.712752     1.3698      8.190   203.2630 1.6576e+03     3.7159      0.069      0.099    24.3683 0.0000e+00
      0.072      0.004     8.1104     96.623     38.202  37.719050     1.3903      8.191   203.3319 1.6091e+03     3.7999      0.070      0.101    24.3646 0.0000e+00
      0.075      0.002     8.1027     96.620     38.203  37.719674     1.3957      8.191   203.3428 1.4956e+03     3.8234      0.074      0.107    24.3652 0.0000e+00
      0.075      0.001     8.0921     96.685     38.203  37.720298     1.3843      8.190   203.3950 1.3874e+03     3.8286      0.074      0.108    24.3654 0.0000e+00
      0.074      0.001     8.0831     96.800     38.203  37.726595     1.3773      8.189   203.5324 1.4144e+03     3.8640      0.072      0.105    24.3634 0.0000e+00
      0.072      0.001     8.0751     96.929     38.203  37.732364     1.3783      8.187   203.6274 1.5109e+03     3.8750      0.071      0.103    24.3619 0.0000e+00
      0.072      0.000     8.0757     96.994     38.195  37.726601     1.3964      8.186   203.6834 1.4869e+03     3.8258      0.071      0.102    24.3604 0.0000e+00
      0.073 -4.132e-07     8.0822     96.944     38.189  37.720370     1.4204      8.187   203.7793 1.4803e+03     3.7466      0.072      0.103    24.3607 0.0000e+00
      0.075      0.000     8.0901     96.816     38.187  37.720484     1.4274      8.188   203.8405 1.6804e+03     3.7380      0.073      0.106    24.3692 0.0000e+00
      0.075      0.000     8.1032     96.687     38.189  37.727982     1.4226      8.189   203.8210 1.8000e+03     3.7899      0.075      0.108    24.3802 0.0000e+00
      0.075     -0.001     8.1098     96.564     38.204  37.747580     1.4121      8.189   203.8016 1.6186e+03     3.7927      0.074      0.107    24.3820 0.0000e+00
      0.074     -0.001     8.1050     96.415     38.221  37.767083     1.3926      8.189   203.8631 1.4152e+03     3.7718      0.073      0.106    24.3790 0.0000e+00
      0.072     -0.002     8.0903     96.270     38.229  37.773428     1.3700      8.189   203.9632 1.3767e+03     3.7421      0.072      0.103    24.3812 0.0000e+00
      0.072     -0.002     8.0781     96.161     38.219  37.760842     1.3630      8.189   203.9802 1.3995e+03     3.7414      0.071      0.102    24.3896 0.0000e+00
      0.072     -0.002     8.0695     96.081     38.203  37.741816     1.3666      8.190   203.9822 1.4435e+03     3.7638      0.071      0.103    24.3987 0.0000e+00
      0.072     -0.002     8.0538     96.041     38.194  37.733746     1.3551      8.191   204.0735 1.3947e+03     3.7390      0.071      0.103    24.4026 0.0000e+00
      0.071     -0.001     8.0412     96.063     38.181  37.726720     1.3316      8.191   204.2234 1.3151e+03     3.7145      0.071      0.102    24.3995 0.0000e+00
      0.070     -0.001     8.0340     96.148     38.166  37.720325     1.3157      8.191   204.3317 1.3808e+03     3.6727      0.069      0.100    24.3941 0.0000e+00
      0.070     -0.000     8.0271     96.249     38.159  37.719897     1.3219      8.192   204.2645 1.5208e+03     3.6787      0.069      0.099    24.3889 0.0000e+00
      0.071      0.001     8.0235     96.297     38.158  37.721560     1.3561      8.192   204.1855 1.6264e+03     3.7526      0.069      0.100    24.3887 0.0000e+00
      0.072      0.001     8.0234     96.302     38.176  37.740435     1.3876      8.193   204.2374 1.6055e+03     3.7469      0.070      0.102    24.3976 0.0000e+00
      0.072      0.001     8.0299     96.310     38.194  37.757741     1.3874      8.193   204.2903 1.6450e+03     3.6778      0.070      0.102    24.4109 0.0000e+00
      0.073      0.002     8.0403     96.299     38.177  37.740450     1.3701      8.193   204.3078 1.7346e+03     3.6335      0.071      0.102    24.4210 0.0000e+00
      0.073      0.004     8.0434     96.245     38.160  37.721727     1.3534      8.194   204.3634 1.5677e+03     3.6895      0.073      0.104    24.4235 0.0000e+00
      0.072      0.007     8.0406     96.187     38.164  37.721727     1.3438      8.195   204.5322 1.4960e+03     3.7749      0.071      0.102    24.4230 0.0000e+00
      0.072      0.008     8.0430     96.142     38.186  37.740451     1.3443      8.195   204.6275 1.7255e+03     3.7772      0.068      0.099    24.4233 0.0000e+00
      0.076      0.008     8.0440     96.092     38.206  37.757743     1.3352      8.195   204.6561 1.8776e+03     3.7525      0.074      0.107    24.4231 0.0000e+00
      0.082      0.007     8.0368     96.025     38.189  37.740436     1.3257      8.195   204.7916 1.7882e+03     3.7495      0.082      0.118    24.4204 0.0000e+00
      0.087      0.004     8.0330     95.980     38.169  37.721561     1.3460      8.195   204.8884 1.5685e+03     3.7744      0.086      0.124    24.4161 0.0000e+00
      0.087      0.000     8.0305     95.999     38.168  37.719897     1.3725      8.194   204.9669 1.5889e+03     3.7801      0.086      0.125    24.4110 0.0000e+00
      0.083     -0.003     8.0275     96.029     38.172  37.720313     1.3790      8.193   205.0527 1.7681e+03     3.7506      0.083      0.119    24.4066 0.0000e+00
      0.078     -0.005     8.0215     96.059     38.181  37.726582     1.3578      8.193   205.0653 1.6814e+03     3.7243      0.077      0.111    24.4061 0.0000e+00
      0.076     -0.005     8.0131     96.130     38.190  37.732237     1.3243      8.193   205.0330 1.6095e+03     3.7362      0.073      0.106    24.4088 0.0000e+00
      0.076     -0.004     8.0195     96.190     38.187  37.725225     1.3160      8.193   205.0059 1.6930e+03     3.7917      0.074      0.106    24.4081 0.0000e+00
      0.077     -0.002     8.0236     96.189     38.173  37.705254     1.3240      8.194   204.9954 1.6519e+03     3.8150      0.076      0.111    24.4013 0.0000e+00
      0.078     -0.001     8.0222     96.187     38.152  37.681121     1.3215      8.195   204.9924 1.5864e+03     3.7785      0.078      0.113    24.3976 0.0000e+00
      0.078      0.000     8.0319     96.217     38.159  37.687248     1.3437      8.196   205.0551 1.6102e+03     3.7260      0.078      0.112    24.3972 0.0000e+00
      0.075      0.000     8.0406     96.230     38.188  37.715887     1.4005      8.197   205.2378 1.5192e+03     3.7280      0.074      0.107    24.3904 0.0000e+00
      0.074      0.001     8.0387     96.240     38.183  37.710107     1.4349      8.199   205.3955 1.3652e+03     3.7677      0.072      0.104    24.3794 0.0000e+00
      0.075      0.002     8.0369     96.269     38.154  37.680830     1.4434      8.199   205.3268 1.4078e+03     3.7625      0.073      0.105    24.3751 0.0000e+00
      0.077      0.003     8.0441     96.309     38.154  37.679166     1.4442      8.199   205.1815 1.4968e+03     3.7326      0.075      0.109    24.3758 0.0000e+00
      0.080      0.003     8.0425     96.379     38.165  37.689986     1.4445      8.198   205.1874 1.4991e+03     3.7482      0.079      0.114    24.3766 0.0000e+00
      0.081      0.002     8.0427     96.452     38.160  37.684738     1.4476      8.198   205.3119 1.5066e+03     3.8149      0.081      0.117    24.3760 0.0000e+00
      0.081      0.001     8.0472     96.466     38.156  37.679178     1.4476      8.197   205.3954 1.4445e+03     3.8218      0.081      0.117    24.3730 0.0000e+00
      0.080     -0.001     8.0485     96.397     38.164  37.686208     1.4450      8.197   205.4235 1.4947e+03     3.7632      0.078      0.113    24.3719 0.0000e+00
      0.078     -0.001     8.0554     96.296     38.184  37.706284     1.4333      8.198   205.4800 1.7759e+03     3.7203      0.076      0.110    24.3729 0.0000e+00
      0.077     -0.001     8.0642     96.236     38.207  37.731551     1.4308      8.199   205.5616 1.8950e+03     3.7134      0.076      0.110    24.3724 0.0000e+00
      0.078      0.000     8.0668     96.215     38.211  37.737887     1.4396      8.199   205.6353 1.6930e+03     3.7821      0.077      0.111    24.3694 0.0000e+00
      0.080      0.000     8.0594     96.171     38.189  37.719442     1.4483      8.199   205.5970 1.5228e+03     3.8674      0.078      0.113    24.3669 0.0000e+00
      0.080     -0.001     8.0480     96.133     38.168  37.698905     1.4529      8.200   205.5291 1.5064e+03     3.8574      0.078      0.113    24.3684 0.0000e+00
      0.079     -0.003     8.0419     96.150     38.149  37.679935     1.4370      8.201   205.5881 1.4667e+03     3.7631      0.078      0.113    24.3706 0.0000e+00
      0.078     -0.004     8.0442     96.188     38.150  37.680445     1.4219      8.202   205.7088 1.4595e+03     3.7184      0.078      0.113    24.3743 0.0000e+00
      0.077     -0.004     8.0373     96.221     38.177  37.705079     1.4283      8.202   205.7832 1.5134e+03     3.7268      0.076      0.110    24.3801 0.0000e+00
      0.074     -0.003     8.0308     96.237     38.196  37.723952     1.4401      8.202   205.8001 1.6446e+03     3.7275      0.073      0.105    24.3810 0.0000e+00
      0.072     -0.002     8.0361     96.234     38.186  37.718268     1.4392      8.201   205.8271 1.6916e+03     3.7617      0.070      0.102    24.3798 0.0000e+00
      0.072      0.001     8.0389     96.234     38.158  37.699820     1.4267      8.200   205.8517 1.5813e+03     3.7640      0.070      0.102    24.3788 0.0000e+00
      0.073      0.004     8.0426     96.232     38.145  37.691281     1.4214      8.200   205.9255 1.5713e+03     3.7220      0.072      0.104    24.3753 0.0000e+00
      0.075      0.005     8.0454     96.211     38.135  37.678486     1.4574      8.201   206.0312 1.5602e+03     3.6975      0.073      0.106    24.3714 0.0000e+00
      0.078      0.004     8.0423     96.154     38.138  37.672029     1.5297      8.201   206.0977 1.4595e+03     3.7060      0.077      0.111    24.3787 0.0000e+00
      0.081      0.001     8.0401     96.037     38.153  37.676640     1.5642      8.201   206.2127 1.3034e+03     3.7222      0.081      0.117    24.3968 0.0000e+00
      0.082     -0.003     8.0396     95.906     38.158  37.670763     1.5496      8.200   206.3024 1.1745e+03     3.7227      0.082      0.119    24.4049 0.0000e+00
      0.080     -0.005     8.0385     95.863     38.160  37.664408     1.5438      8.200   206.3219 1.2365e+03     3.7815      0.079      0.114    24.3980 0.0000e+00
      0.075     -0.007     8.0377     95.910     38.165  37.663255     1.5523      8.199   206.3625 1.3255e+03     3.8179      0.073      0.106    24.3839 0.0000e+00
      0.071     -0.007     8.0294     95.987     38.164  37.656806     1.5533      8.198   206.4499 1.4333e+03     3.7528      0.069      0.100    24.3691 0.0000e+00
      0.070     -0.006     8.0149     96.077     38.162  37.649889     1.5557      8.198   206.6045 1.4289e+03     3.7116      0.068      0.098    24.3549 0.0000e+00
      0.070     -0.003     8.0140     96.161     38.160  37.643073     1.5895      8.197   206.7683 1.2453e+03     3.7305      0.069      0.100    24.3427 0.0000e+00
      0.071     -0.001     8.0222     96.211     38.159  37.637834     1.6460      8.196   206.8820 1.2318e+03     3.7753      0.070      0.101    24.3360 0.0000e+00
      0.071      0.000     8.0289     96.242     38.172  37.649994     1.6730      8.194   207.0321 1.2746e+03     3.7753      0.070      0.101    24.3303 0.0000e+00
      0.070 9.5596e-15     8.0380     96.283     38.178  37.663194     1.6653      8.193   207.2929 1.5158e+03     3.6958      0.068      0.099    24.3228 0.0000e+00
      0.070 1.0516e-13     8.0479     96.348     38.175  37.670529     1.6529      8.191   207.5408 1.9146e+03     3.6683      0.069      0.099    24.3156 0.0000e+00
      0.071 1.1567e-12     8.0514     96.391     38.175  37.675248     1.6567      8.190   207.6199 1.8786e+03     3.7509      0.070      0.101    24.3103 0.0000e+00
      0.071 1.2724e-11     8.0542     96.351     38.157  37.656793     1.6780      8.190   207.5610 1.8306e+03     3.8401      0.070      0.101    24.3066 0.0000e+00
      0.071 1.3996e-10     8.0552     96.264     38.144  37.637758     1.6862      8.190   207.5172 1.8162e+03     3.8238      0.070      0.101    24.3167 0.0000e+00
      0.071 1.5396e-09     8.0586     96.169     38.149  37.635463     1.6723      8.190   207.5208 1.7047e+03     3.7257      0.070      0.101    24.3363 0.0000e+00
      0.071 1.6935e-08     8.0657     96.073     38.148  37.629024     1.6590      8.191   207.5187 1.9092e+03     3.6785      0.070      0.102    24.3435 0.0000e+00
      0.071 1.8629e-07     8.0591     96.015     38.146  37.623345     1.6669      8.191   207.4907 1.8276e+03     3.7318      0.070      0.101    24.3404 0.0000e+00
      0.071 1.8629e-07     8.0521     95.993     38.155  37.630256     1.6932      8.191   207.4406 1.6248e+03     3.7883      0.070      0.101    24.3314 0.0000e+00
      0.071 1.6936e-08     8.0474     95.973     38.174  37.649131     1.6942      8.192   207.5151 1.7689e+03     3.7468      0.069      0.100    24.3191 0.0000e+00
