Data/DataNotYetUploadedToEDI/Raw_CTD/RawDownloads/052724_fcr40_S7809005.cnv
* Sea-Bird SBE19plus  Data File:
* FileName = C:\R\Reservoirs\Data\DataNotYetUploadedToEDI\Raw_CTD\RawDownloads\052724_bvr50_S7809_0005.hex
* Software version 2.8.0.119
* Temperature SN = 7809
* Conductivity SN = 7809
* System UpLoad Time = Jun 04 2024 12:22:22
* <ApplicationData>
* <Seaterm232>
# nquan = 15
# nvalues = 1002                        
# units = specified
# name 0 = depFM: Depth [fresh water, m]
# name 1 = dz/dtM: Descent Rate [m/s]
# name 2 = sbeox0Mg/L: Oxygen, SBE 43 [mg/l]
# name 3 = sbeox0PS: Oxygen, SBE 43 [% saturation]
# name 4 = specc: Specific Conductance [uS/cm]
# name 5 = c0uS/cm: Conductivity [uS/cm]
# name 6 = flECO-AFL: Fluorescence, WET Labs ECO-AFL/FL [mg/m^3]
# name 7 = ph: pH
# name 8 = orp: Oxidation Reduction Potential [mV]
# name 9 = par/sat/log: PAR/Logarithmic, Satlantic
# name 10 = turbWETntu0: Turbidity, WET Labs ECO [NTU]
# name 11 = prdM: Pressure, Strain Gauge [db]
# name 12 = prdE: Pressure, Strain Gauge [psi]
# name 13 = tv290C: Temperature [ITS-90, deg C]
# name 14 = flag:  0.000e+00
# span 0 =     -0.739,      5.910       
# span 1 =     -0.375,      0.225       
# span 2 =     2.4667,     9.7661       
# span 3 =     23.102,    108.589       
# span 4 =      1.516,     43.499       
# span 5 =   1.413204,  38.296484       
# span 6 =    -2.1082,     7.9432       
# span 7 =      7.902,      8.319       
# span 8 =   195.4916,   440.2893       
# span 9 = 1.3823e+00, 3.5825e+03       
# span 10 =    -0.3014,   271.5405      
# span 11 =     -0.726,      5.797      
# span 12 =     -1.053,      8.408      
# span 13 =    10.9703,    24.5987      
# span 14 = 0.0000e+00, 0.0000e+00      
# interval = seconds: 0.25
# start_time = May 27 2024 13:55:24 [Instrument's time stamp, header]
# bad_flag = -9.990e-29
*END*
[from data line 290]
      0.142      0.009     8.0491     96.019     38.156  37.551434     2.0266      8.189   213.5944 1.0642e+03     5.8673      0.139      0.202    24.2016 0.0000e+00
      0.146      0.009     8.0507     96.022     38.158  37.552152     2.0065      8.188   213.7236 1.0582e+03     5.8041      0.143      0.207    24.2030 0.0000e+00
      0.151      0.008     8.0562     96.084     38.158  37.552671     1.9956      8.187   213.7934 1.1746e+03     5.7612      0.149      0.216    24.2045 0.0000e+00
      0.153      0.006     8.0535     96.170     38.163  37.557711     1.9869      8.187   213.8367 1.3986e+03     5.7591      0.152      0.221    24.2044 0.0000e+00
      0.152      0.006     8.0507     96.235     38.156  37.549646     1.9756      8.187   213.9032 1.5342e+03     5.7450      0.150      0.216    24.2020 0.0000e+00
      0.152      0.008     8.0497     96.298     38.127  37.518606     1.9677      8.186   214.0806 1.6288e+03     5.6586      0.149      0.216    24.1994 0.0000e+00
      0.152      0.012     8.0558     96.342     38.111  37.499676     1.9829      8.183   214.3474 1.9548e+03     5.6030      0.149      0.217    24.1997 0.0000e+00
      0.154      0.018     8.0663     96.331     38.126  37.511118     2.0179      8.181   214.6337 2.3341e+03     5.6526      0.150      0.217    24.2011 0.0000e+00
      0.160      0.025     8.0686     96.318     38.146  37.530041     2.0410      8.179   214.9610 2.1686e+03     5.7127      0.154      0.224    24.2004 0.0000e+00
      0.170      0.032     8.0756     96.341     38.155  37.538101     2.0456      8.176   215.3791 1.5729e+03     5.7144      0.166      0.242    24.1972 0.0000e+00
      0.182      0.037     8.0830     96.355     38.160  37.545116     2.0496      8.173   215.8163 1.6129e+03     5.7071      0.180      0.262    24.1921 0.0000e+00
      0.191      0.039     8.0794     96.359     38.162  37.551414     2.0637      8.171   216.2035 2.1410e+03     5.7951      0.187      0.271    24.1876 0.0000e+00
      0.201      0.038     8.0764     96.374     38.156  37.550799     2.0835      8.170   216.4478 2.1873e+03     5.9256      0.196      0.284    24.1856 0.0000e+00
      0.213      0.035     8.0823     96.394     38.139  37.537683     2.0885      8.170   216.6191 1.9049e+03     5.9526      0.210      0.305    24.1850 0.0000e+00
      0.223      0.033     8.0822     96.438     38.120  37.519744     2.0663      8.170   216.8977 1.6231e+03     5.8132      0.220      0.319    24.1863 0.0000e+00
      0.229      0.029     8.0800     96.489     38.126  37.524265     2.0480      8.169   217.0635 1.2716e+03     5.6414      0.224      0.326    24.1933 0.0000e+00
      0.234      0.023     8.0818     96.527     38.134  37.528885     2.0589      8.168   217.0754 9.8518e+02     5.6166      0.229      0.332    24.2026 0.0000e+00
      0.241      0.017     8.0805     96.576     38.119  37.512147     2.0817      8.168   217.1278 1.0505e+03     5.6840      0.236      0.344    24.2067 0.0000e+00
      0.248      0.011     8.0855     96.624     38.121  37.512250     2.0827      8.169   217.1812 1.6108e+03     5.6708      0.246      0.356    24.2068 0.0000e+00
      0.249      0.007     8.0915     96.636     38.141  37.530133     2.0782      8.170   217.2047 2.0278e+03     5.5940      0.246      0.357    24.2050 0.0000e+00
      0.247      0.004     8.0929     96.628     38.151  37.537995     2.1029      8.171   217.2395 1.6801e+03     5.5750      0.241      0.350    24.2017 0.0000e+00
      0.245      0.001     8.0982     96.596     38.158  37.543858     2.1227      8.172   217.3436 1.1511e+03     5.6126      0.239      0.347    24.1982 0.0000e+00
      0.246      0.000     8.1051     96.530     38.152  37.537568     2.1259      8.173   217.5162 1.0590e+03     5.6731      0.240      0.349    24.1957 0.0000e+00
      0.247      0.001     8.1045     96.462     38.142  37.525393     2.1165      8.175   217.6925 1.2364e+03     5.6901      0.243      0.352    24.1928 0.0000e+00
      0.248      0.004     8.1044     96.377     38.144  37.523556     2.0843      8.176   217.8406 1.3756e+03     5.6826      0.244      0.354    24.1900 0.0000e+00
      0.248      0.006     8.1039     96.276     38.139  37.515352     2.0617      8.176   217.9298 1.4613e+03     5.6843      0.242      0.352    24.1898 0.0000e+00
      0.248      0.007     8.0947     96.202     38.117  37.489656     2.0674      8.176   217.9963 1.4052e+03     5.6772      0.242      0.351    24.1901 0.0000e+00
      0.251      0.008     8.0916     96.172     38.098  37.466672     2.0697      8.175   218.0428 1.2915e+03     5.6989      0.245      0.357    24.1869 0.0000e+00
      0.254      0.008     8.0857     96.150     38.128  37.491258     2.0397      8.173   218.0618 1.2871e+03     5.6732      0.249      0.362    24.1817 0.0000e+00
      0.256      0.006     8.0752     96.099     38.172  37.533106     2.0053      8.173   218.2261 1.1337e+03     5.6404      0.252      0.365    24.1776 0.0000e+00
      0.259      0.003     8.0696     96.050     38.166  37.528477     1.9948      8.173   218.4805 8.8005e+02     5.6443      0.253      0.367    24.1732 0.0000e+00
      0.261     -0.001     8.0691     96.059     38.134  37.498747     1.9955      8.172   218.4695 7.8236e+02     5.6512      0.258      0.375    24.1650 0.0000e+00
      0.260     -0.010     8.0711     96.131     38.125  37.490914     1.9885      8.170   218.0941 8.2701e+02     5.6902      0.258      0.373    24.1570 0.0000e+00
      0.255     -0.030     8.0648     96.210     38.131  37.497223     1.9692      8.169   217.5554 1.0180e+03     5.6718      0.247      0.358    24.1556 0.0000e+00
      0.254     -0.061     8.0585     96.263     38.142  37.511579     1.9531      8.168   217.1191 1.2747e+03     5.6680      0.249      0.361    24.1593 0.0000e+00
      0.250     -0.093     8.0580     96.331     38.158  37.537583     1.9441      8.168   216.8620 1.4875e+03     5.7795      0.252      0.366    24.1625 0.0000e+00
      0.226     -0.117     8.0664     96.452     38.162  37.557835     1.9345      8.169   216.7690 1.9770e+03     5.9271      0.235      0.340    24.1634 0.0000e+00
      0.174     -0.127     8.0753     96.594     38.153  37.566109     1.9290      8.170   216.7690 2.3598e+03     5.9840      0.178      0.258    24.1625 0.0000e+00
      0.109     -0.122     8.0767     96.665     38.148  37.574188     1.9283      8.170   216.7773 2.0448e+03     5.8873      0.097      0.140    24.1630 0.0000e+00
      0.064     -0.103     8.0797     96.629     38.159  37.592080     1.9168      8.170   216.7829 1.6673e+03     5.7815      0.052      0.076    24.1767 0.0000e+00
      0.049     -0.072     8.0857     96.532     38.158  37.592091     1.9148      8.171   216.6651 1.4490e+03     5.7641      0.042      0.062    24.2035 0.0000e+00
      0.049     -0.037     8.0986     96.408     38.142  37.574323     1.9463      8.173   216.4710 1.2357e+03     5.7799      0.046      0.066    24.2273 0.0000e+00
      0.056     -0.007     8.1032     96.288     38.135  37.567605     1.9724      8.175   216.3295 1.1674e+03     5.7332      0.056      0.081    24.2441 0.0000e+00
      0.063      0.009     8.0957     96.192     38.139  37.574322     1.9722      8.175   216.2448 1.3194e+03     5.6438      0.063      0.091    24.2540 0.0000e+00
      0.066      0.014     8.0874     96.085     38.154  37.592092     1.9521      8.176   216.2203 1.4617e+03     5.6549      0.065      0.094    24.2541 0.0000e+00
      0.067      0.009     8.0769     95.950     38.150  37.592093     1.9299      8.177   216.2054 1.5112e+03     5.7310      0.066      0.095    24.2492 0.0000e+00
      0.070     -0.001     8.0655     95.838     38.130  37.574334     1.9279      8.177   216.0654 1.8622e+03     5.7440      0.070      0.100    24.2486 0.0000e+00
      0.073     -0.020     8.0586     95.773     38.122  37.567739     1.9280      8.178   215.8169 2.2337e+03     5.6765      0.073      0.107    24.2528 0.0000e+00
      0.073     -0.046     8.0505     95.767     38.129  37.575815     1.9150      8.179   215.6108 2.0386e+03     5.5971      0.074      0.107    24.2580 0.0000e+00
      0.064     -0.077     8.0348     95.812     38.157  37.608534     1.9121      8.179   215.5520 1.8423e+03     5.6040      0.067      0.097    24.2627 0.0000e+00
      0.044     -0.104     8.0251     95.856     38.182  37.646074     1.9265      8.179   215.6215 2.0323e+03     5.6920      0.050      0.073    24.2667 0.0000e+00
      0.004     -0.120     8.0193     95.895     38.164  37.649003     1.9145      8.179   215.6774 2.1346e+03     5.7038      0.010      0.015    24.2688 0.0000e+00
     -0.049     -0.122     8.0177     95.960     38.140  37.643980     1.8333      8.178   215.7120 2.3825e+03     5.6108     -0.050     -0.073    24.2674 0.0000e+00
     -0.096     -0.112     8.0250     95.994     38.133  37.648823     1.7190      8.176   215.6950 2.4539e+03     5.5573     -0.101     -0.146    24.2694 0.0000e+00
     -0.125     -0.097     8.0255     95.920     38.121  37.644118     1.6647      8.173   215.5585 1.9143e+03     5.6040     -0.130     -0.189    24.2875 0.0000e+00
     -0.133     -0.079     8.0213     95.750     38.119  37.650558     1.6680      8.172   215.4378 1.2327e+03     5.6972     -0.136     -0.196    24.3207 0.0000e+00
     -0.132     -0.061     8.0250     95.581     38.125  37.663246     1.6510      8.173   215.3546 1.0157e+03     5.6937     -0.124     -0.179    24.3493 0.0000e+00
     -0.142     -0.048     8.0295     95.500     38.130  37.670630     1.6161      8.174   215.3263 1.5352e+03     5.5957     -0.133     -0.191    24.3610 0.0000e+00
     -0.166     -0.041     8.0219     95.484     38.137  37.676385     1.6044      8.176   215.3548 2.0649e+03     5.5717     -0.167     -0.242    24.3663 0.0000e+00
     -0.184     -0.034     8.0024     95.471     38.132  37.669367     1.6086      8.177   215.3550 2.1699e+03     5.6425     -0.186     -0.270    24.3795 0.0000e+00
     -0.192     -0.021     7.9823     95.445     38.113  37.649235     1.6087      8.176   215.6728 2.1645e+03     5.6660     -0.187     -0.271    24.3921 0.0000e+00
     -0.195     -0.000     7.9774     95.417     38.091  37.623335     1.6394      8.172   216.2714 2.1726e+03     5.6160     -0.193     -0.280    24.3934 0.0000e+00
     -0.193      0.024     7.9791     95.411     38.085  37.610022     1.7213      8.170   216.6564 2.1860e+03     5.6188     -0.193     -0.280    24.3896 0.0000e+00
     -0.182      0.046     7.9784     95.435     38.101  37.615169     1.7756      8.167   217.6600 2.0699e+03     5.6660     -0.180     -0.262    24.3867 0.0000e+00
     -0.165      0.064     7.9760     95.437     38.120  37.622084     1.7790      8.165   227.4604 1.8092e+03     5.6735     -0.164     -0.237    24.3868 0.0000e+00
     -0.144      0.078     7.9732     95.407     38.137  37.630154     1.7537      8.163   237.3246 1.8748e+03     5.6415     -0.142     -0.205    24.3834 0.0000e+00
     -0.120      0.084     7.9737     95.454     38.157  37.649284     1.6956      8.163   230.0664 2.1974e+03     5.6212     -0.119     -0.172    24.3711 0.0000e+00
     -0.094      0.081     7.9795     95.589     38.160  37.663013     1.6590      8.163   220.4924 2.1270e+03     5.6334     -0.094     -0.136    24.3573 0.0000e+00
     -0.067      0.070     7.9852     95.726     38.154  37.669261     1.6603      8.163   218.7050 1.6575e+03     5.6522     -0.064     -0.093    24.3419 0.0000e+00
     -0.046      0.052     7.9777     95.825     38.141  37.661399     1.7203      8.165   218.0060 1.4048e+03     5.6780     -0.041     -0.060    24.3236 0.0000e+00
     -0.035      0.032     7.9826     95.867     38.115  37.631414     1.8346      8.168   217.6331 1.5291e+03     5.6716     -0.032     -0.046    24.3217 0.0000e+00
     -0.032      0.011     7.9956     95.857     38.114  37.623983     1.8939      8.170   217.3793 1.6795e+03     5.6084     -0.030     -0.044    24.3425 0.0000e+00
     -0.035     -0.009     8.0031     95.822     38.129  37.634990     1.8964      8.172   217.1751 1.7455e+03     5.5976     -0.034     -0.049    24.3641 0.0000e+00
     -0.043     -0.024     8.0124     95.795     38.130  37.637590     1.8639      8.173   217.1429 1.6533e+03     5.6786     -0.041     -0.060    24.3694 0.0000e+00
     -0.053     -0.032     8.0161     95.766     38.143  37.655414     1.7926      8.174   217.0760 1.6538e+03     5.7326     -0.052     -0.074    24.3600 0.0000e+00
     -0.065     -0.032     8.0169     95.726     38.143  37.660140     1.7422      8.175   216.9688 1.6100e+03     5.7041     -0.063     -0.091    24.3492 0.0000e+00
     -0.077     -0.027     8.0125     95.699     38.108  37.631293     1.7209      8.176   216.9648 1.3110e+03     5.6417     -0.076     -0.110    24.3443 0.0000e+00
     -0.086     -0.020     8.0108     95.675     38.098  37.623908     1.7181      8.176   216.9417 1.3733e+03     5.6272     -0.087     -0.126    24.3476 0.0000e+00
     -0.090     -0.010     8.0083     95.644     38.107  37.634299     1.7330      8.176   216.8619 1.6247e+03     5.6656     -0.091     -0.132    24.3548 0.0000e+00
     -0.087      0.001     8.0017     95.604     38.104  37.630034     1.7423      8.176   216.9464 1.5822e+03     5.6957     -0.086     -0.124    24.3621 0.0000e+00
     -0.083      0.016     7.9998     95.553     38.112  37.635788     1.7311      8.174   217.3605 1.3924e+03     5.6846     -0.081     -0.117    24.3694 0.0000e+00
     -0.079      0.035     7.9974     95.509     38.118  37.640412     1.7231      8.170   217.6530 1.1825e+03     5.6674     -0.079     -0.114    24.3728 0.0000e+00
     -0.075      0.052     7.9941     95.492     38.102  37.622483     1.7702      8.168   217.5577 1.0217e+03     5.6926     -0.076     -0.109    24.3752 0.0000e+00
     -0.065      0.065     7.9914     95.493     38.096  37.609368     1.8422      8.168   217.4129 1.1553e+03     5.7161     -0.071     -0.104    24.3747 0.0000e+00
     -0.039      0.070     7.9872     95.492     38.106  37.608745     1.8619      8.169   217.2787 1.5548e+03     5.7125     -0.043     -0.063    24.3686 0.0000e+00
     -0.004      0.067     7.9831     95.512     38.118  37.614930     1.8422      8.170   217.1393 1.7410e+03     5.6834      0.003      0.004    24.3657 0.0000e+00
      0.022      0.058     7.9819     95.587     38.122  37.620689     1.8113      8.171   217.1903 1.7090e+03     5.6710      0.026      0.038    24.3671 0.0000e+00
      0.034      0.045     7.9844     95.696     38.110  37.614923     1.7805      8.171   217.4656 1.6013e+03     5.6993      0.035      0.052    24.3586 0.0000e+00
      0.035      0.035     7.9866     95.805     38.100  37.608682     1.7778      8.170   217.8008 1.3445e+03     5.7528      0.038      0.055    24.3392 0.0000e+00
      0.029      0.031     7.9874     95.891     38.103  37.608692     1.7860      8.167   218.0593 1.3491e+03     5.7705      0.028      0.041    24.3295 0.0000e+00
      0.027      0.036     7.9945     95.927     38.118  37.615039     1.8051      8.166   218.0965 1.6483e+03     5.7095      0.021      0.030    24.3349 0.0000e+00
      0.038      0.047     8.0033     95.914     38.137  37.621950     1.8510      8.167   217.9929 1.6830e+03     5.6637      0.032      0.047    24.3447 0.0000e+00
      0.060      0.062     8.0109     95.880     38.152  37.628773     1.8919      8.168   218.0973 1.5902e+03     5.6612      0.058      0.085    24.3527 0.0000e+00
      0.084      0.076     8.0204     95.876     38.163  37.634070     1.9164      8.168   218.4120 1.5462e+03     5.6783      0.084      0.121    24.3500 0.0000e+00
      0.106      0.084     8.0250     95.913     38.154  37.622532     1.9304      8.169   218.7004 1.2719e+03     5.7340      0.105      0.151    24.3357 0.0000e+00
