Data/DataNotYetUploadedToEDI/Raw_CTD/RawDownloads/052724_fcr10_S7809002.cnv
* Sea-Bird SBE19plus  Data File:
* FileName = C:\R\Reservoirs\Data\DataNotYetUploadedToEDI\Raw_CTD\RawDownloads\052724_bvr50_S7809_0002.hex
* Software version 2.8.0.119
* Temperature SN = 7809
* Conductivity SN = 7809
* System UpLoad Time = Jun 04 2024 12:20:25
* <ApplicationData>
* <Seaterm232>
# nquan = 15
# nvalues = 1091                        
# units = specified
# name 0 = depFM: Depth [fresh water, m]
# name 1 = dz/dtM: Descent Rate [m/s]
# name 2 = sbeox0Mg/L: Oxygen, SBE 43 [mg/l]
# name 3 = sbeox0PS: Oxygen, SBE 43 [% saturation]
# name 4 = specc: Specific Conductance [uS/cm]
# name 5 = c0uS/cm: Conductivity [uS/cm]
# name 6 = flECO-AFL: Fluorescence, WET Labs ECO-AFL/FL [mg/m^3]
# name 7 = ph: pH
# name 8 = orp: Oxidation Reduction Potential [mV]
# name 9 = par/sat/log: PAR/Logarithmic, Satlantic
# name 10 = turbWETntu0: Turbidity, WET Labs ECO [NTU]
# name 11 = prdM: Pressure, Strain Gauge [db]
# name 12 = prdE: Pressure, Strain Gauge [psi]
# name 13 = tv290C: Temperature [ITS-90, deg C]
# name 14 = flag:  0.000e+00
# span 0 =     -0.744,      1.934       
# span 1 =     -0.369,      0.189       
# span 2 =     0.9970,     8.9590       
# span 3 =     11.627,    107.907       
# span 4 =      0.698,     45.980       
# span 5 =   0.746743,  40.937800       
# span 6 =    -0.1120,   147.2162       
# span 7 =     -1.974,      7.961       
# span 8 = -1240.7455,   307.2134       
# span 9 = 6.7971e+01, 2.1069e+03       
# span 10 =     1.0004,   124.7447      
# span 11 =     -0.730,      1.899      
# span 12 =     -1.059,      2.754      
# span 13 =    19.4202,    28.4368      
# span 14 = 0.0000e+00, 0.0000e+00      
# interval = seconds: 0.25
# start_time = May 27 2024 13:20:31 [Instrument's time stamp, header]
# bad_flag = -9.990e-29
*END*
[from data line 97]
     -0.063      0.000     6.4167     77.880     38.740  38.976268     1.5086      7.404   174.1520 1.3551e+03     4.7241     -0.062     -0.090    25.2894 0.0000e+00
     -0.064      0.001     6.4227     77.610     38.778  39.018129     1.5318      7.403   174.0102 1.4617e+03     4.8073     -0.063     -0.092    25.2909 0.0000e+00
     -0.065      0.003     6.4194     77.194     38.816  39.062194     1.5187      7.403   173.8850 1.4821e+03     4.7995     -0.064     -0.093    25.2936 0.0000e+00
     -0.065      0.006     6.4138     76.616     38.875  39.128304     1.4752      7.403   173.8430 1.4019e+03     4.7327     -0.063     -0.092    25.2961 0.0000e+00
     -0.064      0.010     6.4031     75.891     38.921  39.182875     1.4390      7.402   173.9319 1.4247e+03     4.6822     -0.063     -0.091    25.2982 0.0000e+00
     -0.060      0.012     6.3804     75.036     38.944  39.214341     1.4300      7.399   174.0136 1.5774e+03     4.7019     -0.060     -0.087    25.3026 0.0000e+00
     -0.054      0.012     6.3467     74.065     38.976  39.254928     1.4338      7.396   174.0564 1.4720e+03     4.7652     -0.053     -0.077    25.3100 0.0000e+00
     -0.048      0.008     6.2973     73.027     39.006  39.292869     1.4425      7.391   174.1064 1.1264e+03     4.7648     -0.046     -0.067    25.3184 0.0000e+00
     -0.045      0.001     6.2355     71.983     39.000  39.292335     1.4600      7.385   173.2412 9.8917e+02     4.7310     -0.042     -0.062    25.3296 0.0000e+00
     -0.045     -0.008     6.1647     71.004     38.952  39.248489     1.4620      7.379   169.0154 1.1383e+03     4.7320     -0.043     -0.062    25.3424 0.0000e+00
     -0.048     -0.013     6.0812     70.148     38.845  39.143489     1.4425      7.371   163.0200 1.3686e+03     4.7769     -0.045     -0.066    25.3534 0.0000e+00
     -0.056     -0.009     5.9939     69.474     38.742  39.038147     1.4159      7.360   159.9469 1.3951e+03     4.7960     -0.054     -0.077    25.3626 0.0000e+00
     -0.067      0.006     5.9053     69.217     38.829  39.117065     1.3987      7.348   159.2184 1.1902e+03     4.7241     -0.067     -0.097    25.3697 0.0000e+00
     -0.075      0.025     5.8218     69.702     39.050  39.336145     1.3923      7.338   158.8586 1.1706e+03     4.6593     -0.078     -0.114    25.3741 0.0000e+00
     -0.069      0.040     5.7521     71.166     39.145  39.465933     1.3881      7.333   158.7801 1.2358e+03     4.6614     -0.078     -0.112    25.3808 0.0000e+00
     -0.043      0.049     5.6894     73.688     39.022  39.417174     1.4070      7.330   158.6143 1.1738e+03     4.7150     -0.046     -0.066    25.3805 0.0000e+00
     -0.008      0.050     5.6574     76.886     38.790  39.254401     1.4379      7.329   158.3167 1.1863e+03     4.7602     -0.002     -0.002    25.3653 0.0000e+00
      0.013      0.044     5.6955     79.962     38.654  39.147938     1.4445      7.328   158.0203 1.1864e+03     4.7301      0.020      0.029    25.3439 0.0000e+00
      0.016      0.033     5.8056     82.301     38.711  39.208794     1.4369      7.328   157.6982 1.1409e+03     4.6926      0.018      0.027    25.3737 0.0000e+00
      0.009      0.019     6.0075     83.634     38.865  39.355618     1.4294      7.329   157.4342 1.0956e+03     4.7175      0.007      0.010    25.5056 0.0000e+00
      0.005      0.010     6.2877     83.962     38.978  39.463576     1.4201      7.331   157.3225 1.0738e+03     4.7578      0.001      0.001    25.6198 0.0000e+00
      0.008      0.009     6.5518     83.486     39.005  39.498736     1.4073      7.334   157.2939 1.1036e+03     4.7355      0.006      0.009    25.6439 0.0000e+00
      0.014      0.014     6.7503     82.435     38.952  39.463437     1.3911      7.336   157.3467 1.0766e+03     4.6863      0.014      0.021    25.6408 0.0000e+00
      0.020      0.020     6.8614     81.022     38.894  39.417573     1.3829      7.337   157.5297 1.0356e+03     4.6754      0.020      0.029    25.6253 0.0000e+00
      0.025      0.025     6.8823     79.494     38.861  39.388442     1.3918      7.338   157.8728 1.0776e+03     4.7069      0.023      0.034    25.6084 0.0000e+00
      0.032      0.025     6.8355     78.059     38.838  39.365059     1.4072      7.337   158.2259 1.0870e+03     4.7597      0.030      0.044    25.6204 0.0000e+00
      0.040      0.023     6.7402     76.767     38.862  39.388694     1.4107      7.335   158.4436 1.0163e+03     4.7668      0.039      0.056    25.6545 0.0000e+00
      0.048      0.020     6.6155     75.559     38.892  39.420371     1.4006      7.333   158.6985 1.2256e+03     4.7588      0.047      0.067    25.6719 0.0000e+00
      0.054      0.015     6.4825     74.343     38.900  39.430758     1.3843      7.331   159.0702 1.5013e+03     4.7652      0.054      0.078    25.6734 0.0000e+00
      0.057      0.010     6.3660     73.105     38.916  39.450838     1.3813      7.329   159.3239 1.3168e+03     4.7759      0.056      0.082    25.6730 0.0000e+00
      0.057      0.006     6.2621     71.929     38.934  39.472774     1.4053      7.329   159.5285 1.0754e+03     4.8204      0.056      0.081    25.6717 0.0000e+00
      0.056      0.002     6.1667     70.827     38.962  39.505606     1.4591      7.330   159.7376 1.0357e+03     4.8247      0.055      0.080    25.6737 0.0000e+00
      0.055     -0.001     6.0689     69.790     38.981  39.530511     1.5236      7.330   159.7880 9.8870e+02     4.7938      0.054      0.078    25.6767 0.0000e+00
      0.055     -0.003     5.9616     68.865     38.964  39.520064     1.5601      7.329   159.7925 9.5706e+02     4.7885      0.054      0.078    25.6808 0.0000e+00
      0.055     -0.005     5.8665     68.038     38.945  39.506224     1.5760      7.329   159.7923 1.1722e+03     4.7949      0.055      0.080    25.6854 0.0000e+00
      0.055     -0.008     5.7775     67.267     38.926  39.490112     1.5750      7.330   159.7858 1.4486e+03     4.7678      0.054      0.079    25.6905 0.0000e+00
      0.053     -0.012     5.6886     66.577     38.887  39.452182     1.5229      7.331   159.8864 1.3012e+03     4.7007      0.052      0.075    25.6982 0.0000e+00
      0.048     -0.015     5.6131     65.980     38.866  39.428379     1.4453      7.331   160.0616 1.1433e+03     4.6669      0.048      0.071    25.7079 0.0000e+00
      0.043     -0.015     5.5477     65.434     38.899  39.456146     1.4104      7.331   160.2691 1.2789e+03     4.7009      0.043      0.063    25.7155 0.0000e+00
      0.036     -0.014     5.4823     64.943     38.983  39.534054     1.4084      7.331   160.5035 1.2432e+03     4.7693      0.034      0.049    25.7193 0.0000e+00
      0.030     -0.013     5.4248     64.551     39.060  39.608826     1.3800      7.332   160.6579 1.1554e+03     4.7765      0.027      0.040    25.7217 0.0000e+00
      0.029     -0.012     5.3794     64.309     39.046  39.598668     1.3173      7.332   160.6736 1.2469e+03     4.7202      0.029      0.041    25.7196 0.0000e+00
      0.030     -0.009     5.3347     64.206     38.977  39.538171     1.2743      7.333   160.6077 1.1929e+03     4.7027      0.031      0.046    25.7104 0.0000e+00
      0.029     -0.006     5.2948     64.139     38.942  39.511976     1.2768      7.334   160.6357 1.0347e+03     4.7361      0.030      0.044    25.6998 0.0000e+00
      0.025     -0.004     5.2613     64.009     38.961  39.535810     1.2887      7.335   160.8392 1.0403e+03     4.7487      0.025      0.036    25.6926 0.0000e+00
      0.022     -0.004     5.2408     63.805     38.994  39.572506     1.2933      7.336   161.0896 1.1064e+03     4.7190      0.020      0.030    25.6983 0.0000e+00
      0.021     -0.003     5.2347     63.565     38.994  39.574905     1.2909      7.337   161.2539 1.1631e+03     4.6836      0.019      0.028    25.7154 0.0000e+00
      0.022     -0.002     5.2314     63.316     38.979  39.564823     1.2756      7.338   161.2776 1.2617e+03     4.6966      0.021      0.032    25.7286 0.0000e+00
      0.023      0.001     5.2204     63.071     38.987  39.577524     1.2585      7.339   161.2904 1.3090e+03     4.7741      0.023      0.034    25.7329 0.0000e+00
      0.023      0.003     5.2015     62.811     39.007  39.601566     1.2505      7.340   161.4081 1.1933e+03     4.8345      0.023      0.033    25.7341 0.0000e+00
      0.023      0.003     5.1818     62.534     39.004  39.601671     1.2461      7.340   161.5820 1.0140e+03     4.7777      0.022      0.032    25.7388 0.0000e+00
      0.024      0.004     5.1591     62.255     38.979  39.578802     1.2301      7.341   161.7581 1.0030e+03     4.6681      0.023      0.034    25.7463 0.0000e+00
      0.026      0.007     5.1406     61.964     38.977  39.578916     1.2317      7.342   161.8175 1.1511e+03     4.6703      0.025      0.037    25.7524 0.0000e+00
      0.027      0.009     5.1188     61.670     38.999  39.603042     1.2742      7.342   161.7840 1.1701e+03     4.7703      0.026      0.038    25.7569 0.0000e+00
      0.030      0.010     5.0941     61.409     39.009  39.616671     1.3027      7.343   161.8680 1.0411e+03     4.8187      0.028      0.041    25.7607 0.0000e+00
      0.034      0.010     5.0733     61.219     39.005  39.616785     1.2934      7.344   162.1454 1.0481e+03     4.7770      0.032      0.047    25.7635 0.0000e+00
      0.038      0.010     5.0480     61.069     38.989  39.604425     1.2776      7.345   162.3845 1.0897e+03     4.7108      0.038      0.055    25.7657 0.0000e+00
      0.040      0.011     5.0236     60.886     38.976  39.594153     1.2791      7.346   162.5228 1.0968e+03     4.7004      0.040      0.058    25.7682 0.0000e+00
      0.040      0.013     4.9997     60.671     39.001  39.619517     1.2943      7.347   162.8706 1.1716e+03     4.7888      0.039      0.057    25.7722 0.0000e+00
      0.041      0.013     4.9844     60.491     39.037  39.657250     1.2948      7.347   163.1480 1.1213e+03     4.8233      0.040      0.058    25.7777 0.0000e+00
      0.046      0.011     4.9760     60.431     39.046  39.669619     1.2769      7.347   163.1237 1.2381e+03     4.7416      0.044      0.064    25.7836 0.0000e+00
      0.053      0.008     4.9593     60.511     39.011  39.642156     1.2780      7.347   163.1788 1.5281e+03     4.6895      0.053      0.077    25.7868 0.0000e+00
      0.058      0.005     4.9403     60.663     38.941  39.579047     1.3085      7.348   163.3840 1.3994e+03     4.7050      0.060      0.087    25.7874 0.0000e+00
      0.058      0.001     4.9223     60.739     38.900  39.541201     1.3373      7.349   163.6252 1.1564e+03     4.7590      0.059      0.086    25.7865 0.0000e+00
      0.054     -0.003     4.9168     60.660     38.925  39.565326     1.3424      7.349   163.7722 1.1314e+03     4.7614      0.053      0.077    25.7892 0.0000e+00
      0.049     -0.005     4.9233     60.484     38.976  39.616905     1.3283      7.349   163.7842 1.1289e+03     4.6993      0.047      0.068    25.8031 0.0000e+00
      0.047     -0.005     4.9403     60.297     39.015  39.657144     1.3175      7.350   163.8568 1.5474e+03     4.6916      0.045      0.065    25.8162 0.0000e+00
      0.048     -0.003     4.9496     60.177     39.027  39.671092     1.3281      7.351   164.0485 1.9967e+03     4.7366      0.046      0.067    25.8190 0.0000e+00
      0.049      0.000     4.9395     60.106     39.012  39.658628     1.3564      7.352   164.2954 1.5777e+03     4.7996      0.048      0.070    25.8161 0.0000e+00
      0.050      0.002     4.9241     60.011     38.984  39.633369     1.3606      7.354   164.6047 1.0578e+03     4.8037      0.049      0.072    25.8151 0.0000e+00
      0.050      0.002     4.9046     59.845     38.969  39.619544     1.3287      7.354   164.8629 1.0301e+03     4.7181      0.049      0.071    25.8173 0.0000e+00
      0.050      0.002     4.8962     59.615     38.967  39.618391     1.3118      7.355   164.9219 1.1262e+03     4.6528      0.049      0.071    25.8189 0.0000e+00
      0.051      0.001     4.8927     59.340     38.967  39.619422     1.3228      7.357   164.8889 1.1502e+03     4.6633      0.050      0.073    25.8228 0.0000e+00
      0.051      0.001     4.8859     59.025     38.977  39.632018     1.3450      7.359   164.9798 1.2124e+03     4.7080      0.050      0.073    25.8271 0.0000e+00
      0.051      0.000     4.8720     58.681     38.987  39.643771     1.3649      7.361   165.1608 1.6398e+03     4.7165      0.051      0.074    25.8290 0.0000e+00
      0.051 1.9089e-08     4.8517     58.340     38.976  39.634610     1.3799      7.361   165.1843 1.8754e+03     4.7316      0.050      0.073    25.8304 0.0000e+00
      0.051 2.0998e-07     4.8300     58.035     38.987  39.648180     1.3925      7.361   165.1782 1.3837e+03     4.7536      0.050      0.073    25.8312 0.0000e+00
      0.051 2.4385e-07     4.8038     57.770     39.017  39.680920     1.3845      7.362   165.3451 9.9989e+02     4.7431      0.050      0.073    25.8330 0.0000e+00
      0.051 4.2856e-07     4.7744     57.531     38.984  39.649700     1.3661      7.364   165.5671 1.0799e+03     4.7416      0.049      0.072    25.8359 0.0000e+00
      0.051      0.000     4.7458     57.357     38.738  39.397620     1.3452      7.365   165.7970 1.2282e+03     4.7358      0.050      0.073    25.8385 0.0000e+00
      0.051      0.000     4.7192     57.547     38.296  38.917604     1.3307      7.365   165.9736 1.2712e+03     4.7404      0.050      0.072    25.8412 0.0000e+00
      0.051      0.001     4.7015     59.680     38.031  38.541811     1.3327      7.365   166.0680 1.2186e+03     4.7291      0.050      0.073    25.8446 0.0000e+00
      0.051      0.001     4.6755     65.706     38.063  38.407459     1.3359      7.366   166.1644 1.3204e+03     4.7011      0.050      0.073    25.8476 0.0000e+00
      0.051      0.001     4.6665     74.945     38.173  38.371682     1.3369      7.367   166.2787 1.5096e+03     4.7097      0.050      0.073    25.8509 0.0000e+00
      0.052      0.001     4.6409     84.790     38.250  38.362827     1.3354      7.370   166.4177 1.3953e+03     4.6958      0.051      0.074    25.8488 0.0000e+00
      0.052      0.000     4.7251     93.404     38.297  38.363730     1.3351      7.371   166.5546 1.0738e+03     4.7040      0.051      0.074    25.7074 0.0000e+00
      0.053      0.000     5.2801    100.154     38.338  38.382538     1.3244      7.371   166.7290 1.1489e+03     4.7752      0.052      0.075    25.4235 0.0000e+00
      0.053      0.001     6.1630    104.880     38.362  38.399830     1.3064      7.372   166.9772 1.4671e+03     4.8052      0.053      0.076    25.2216 0.0000e+00
      0.052      0.002     7.0321    107.447     38.345  38.382420     1.2914      7.373   167.1467 1.6246e+03     4.7590      0.051      0.074    25.1264 0.0000e+00
      0.052      0.003     7.7637    107.907     38.324  38.362410     1.2694      7.373   167.2301 1.6132e+03     4.6945      0.050      0.073    25.0697 0.0000e+00
      0.053      0.004     8.3235    106.725     38.313  38.348263     1.2729      7.374   167.3829 1.3151e+03     4.7096      0.052      0.074    25.0454 0.0000e+00
      0.054      0.006     8.7227    104.772     38.307  38.338287     1.3170      7.375   167.5316 1.1050e+03     4.8047      0.054      0.077    25.0396 0.0000e+00
      0.057      0.006     8.9329    102.872     38.338  38.368692     1.3530      7.376   167.5655 1.1509e+03     4.8540      0.055      0.080    25.0429 0.0000e+00
      0.060      0.005     8.9590    101.373     38.365  38.398598     1.3581      7.376   167.6205 1.1836e+03     4.8270      0.058      0.085    25.0450 0.0000e+00
      0.061      0.004     8.8326    100.258     38.343  38.382607     1.3540      7.377   167.7665 1.4805e+03     4.7850      0.061      0.088    25.0404 0.0000e+00
