Data/DataNotYetUploadedToEDI/Raw_CTD/RawDownloads/052724_fcr30_S7809004.cnv
* Sea-Bird SBE19plus  Data File:
* FileName = C:\R\Reservoirs\Data\DataNotYetUploadedToEDI\Raw_CTD\RawDownloads\052724_bvr50_S7809_0004.hex
* Software version 2.8.0.119
* Temperature SN = 7809
* Conductivity SN = 7809
* System UpLoad Time = Jun 04 2024 12:21:54
* <ApplicationData>
* <Seaterm232>
# nquan = 15
# nvalues = 1408                        
# units = specified
# name 0 = depFM: Depth [fresh water, m]
# name 1 = dz/dtM: Descent Rate [m/s]
# name 2 = sbeox0Mg/L: Oxygen, SBE 43 [mg/l]
# name 3 = sbeox0PS: Oxygen, SBE 43 [% saturation]
# name 4 = specc: Specific Conductance [uS/cm]
# name 5 = c0uS/cm: Conductivity [uS/cm]
# name 6 = flECO-AFL: Fluorescence, WET Labs ECO-AFL/FL [mg/m^3]
# name 7 = ph: pH
# name 8 = orp: Oxidation Reduction Potential [mV]
# name 9 = par/sat/log: PAR/Logarithmic, Satlantic
# name 10 = turbWETntu0: Turbidity, WET Labs ECO [NTU]
# name 11 = prdM: Pressure, Strain Gauge [db]
# name 12 = prdE: Pressure, Strain Gauge [psi]
# name 13 = tv290C: Temperature [ITS-90, deg C]
# name 14 = flag:  0.000e+00
# span 0 =     -0.741,      5.221       
# span 1 =     -0.252,      0.241       
# span 2 =     1.8702,     9.9982       
# span 3 =     17.552,    110.423       
# span 4 =      1.974,     44.026       
# span 5 =   1.858079,  38.712142       
# span 6 =    -0.4015,    13.6049       
# span 7 =      7.992,      8.413       
# span 8 =   164.4831,   862.6696       
# span 9 = 2.7650e+00, 2.6219e+03       
# span 10 =    -0.2059,   120.9233      
# span 11 =     -0.727,      5.120      
# span 12 =     -1.054,      7.427      
# span 13 =    10.9903,    24.8495      
# span 14 = 0.0000e+00, 0.0000e+00      
# interval = seconds: 0.25
# start_time = May 27 2024 13:46:27 [Instrument's time stamp, header]
# bad_flag = -9.990e-29
*END*
[from data line 193]
      0.043      0.003     8.3924     96.893     38.145  37.847802     1.4494      8.192   186.7930 1.2912e+03     3.7714      0.042      0.061    24.6249 0.0000e+00
      0.044      0.003     8.2619     96.504     38.158  37.846546     1.4341      8.192   187.0175 1.9080e+03     3.7584      0.043      0.063    24.6208 0.0000e+00
      0.045      0.004     8.1677     96.232     38.183  37.856725     1.4266      8.192   187.2020 2.3602e+03     3.7515      0.045      0.065    24.6234 0.0000e+00
      0.047      0.004     8.1016     96.042     38.184  37.843941     1.4163      8.191   187.3038 1.9390e+03     3.7571      0.046      0.067    24.6203 0.0000e+00
      0.048      0.003     8.0587     95.919     38.171  37.818875     1.4015      8.190   187.3873 1.6907e+03     3.7916      0.047      0.067    24.6071 0.0000e+00
      0.049      0.002     8.0311     95.846     38.168  37.807451     1.3890      8.189   187.5236 1.7153e+03     3.7922      0.048      0.069    24.5862 0.0000e+00
      0.050      0.001     8.0129     95.822     38.194  37.832719     1.3733      8.190   187.6613 1.4755e+03     3.7310      0.049      0.071    24.5659 0.0000e+00
      0.050      0.000     7.9991     95.849     38.225  37.870563     1.3623      8.190   187.6753 1.3460e+03     3.7009      0.049      0.071    24.5480 0.0000e+00
      0.049     -0.001     7.9929     95.919     38.227  37.884302     1.3634      8.190   187.6074 1.4269e+03     3.7350      0.048      0.070    24.5316 0.0000e+00
      0.048     -0.001     7.9882     96.024     38.201  37.871932     1.3785      8.190   187.6149 1.5117e+03     3.7681      0.047      0.068    24.5183 0.0000e+00
      0.047     -0.001     7.9862     96.126     38.168  37.847931     1.3953      8.189   187.6802 1.4328e+03     3.7593      0.046      0.067    24.5167 0.0000e+00
      0.047      0.000     7.9876     96.183     38.165  37.847940     1.4257      8.189   187.7945 1.4588e+03     3.7318      0.046      0.067    24.5272 0.0000e+00
      0.048      0.000     7.9905     96.192     38.189  37.872045     1.4878      8.190   187.9639 1.6177e+03     3.7422      0.047      0.068    24.5446 0.0000e+00
      0.048      0.001     7.9975     96.161     38.204  37.885568     1.5295      8.191   188.0937 1.5749e+03     3.7828      0.047      0.068    24.5663 0.0000e+00
      0.048      0.001     8.0057     96.084     38.202  37.884528     1.5308      8.191   188.1598 1.4803e+03     3.8119      0.047      0.068    24.5784 0.0000e+00
      0.049      0.000     8.0104     95.998     38.174  37.859468     1.5364      8.190   188.2473 1.4821e+03     3.8206      0.048      0.069    24.5794 0.0000e+00
      0.049 -2.217e-08     8.0098     95.931     38.147  37.836402     1.5644      8.189   188.3767 1.4198e+03     3.8203      0.048      0.069    24.5787 0.0000e+00
      0.049 -2.439e-07     8.0095     95.890     38.164  37.859468     1.5939      8.189   188.5196 1.3460e+03     3.8086      0.048      0.069    24.5770 0.0000e+00
      0.048     -0.000     8.0006     95.891     38.182  37.884535     1.6106      8.189   188.6847 1.4918e+03     3.7813      0.047      0.068    24.5776 0.0000e+00
      0.048      0.000     7.9918     95.916     38.178  37.885678     1.5997      8.188   188.8240 1.6350e+03     3.7642      0.048      0.069    24.5829 0.0000e+00
      0.049     -0.001     7.9869     95.931     38.164  37.873299     1.5627      8.187   188.9139 1.5848e+03     3.7378      0.049      0.070    24.5860 0.0000e+00
      0.049     -0.002     7.9802     95.913     38.155  37.861781     1.5459      8.187   188.9971 1.6006e+03     3.7363      0.048      0.069    24.5929 0.0000e+00
      0.049     -0.002     7.9799     95.869     38.170  37.873321     1.5625      8.188   189.1416 1.6038e+03     3.8138      0.048      0.069    24.6056 0.0000e+00
      0.048     -0.002     7.9818     95.852     38.184  37.885907     1.5637      8.188   189.2837 1.3607e+03     3.8897      0.047      0.068    24.6139 0.0000e+00
      0.045     -0.001     7.9831     95.864     38.184  37.887041     1.5268      8.187   189.3392 1.2697e+03     3.8677      0.044      0.064    24.6159 0.0000e+00
      0.044     -0.000     7.9833     95.855     38.181  37.887041     1.4912      8.187   189.3827 1.5039e+03     3.7860      0.042      0.061    24.6102 0.0000e+00
      0.045      0.001     7.9775     95.836     38.177  37.885905     1.4919      8.187   189.4655 1.7109e+03     3.7569      0.044      0.064    24.6042 0.0000e+00
      0.048      0.002     7.9760     95.841     38.162  37.873310     1.5100      8.188   189.5661 1.7871e+03     3.7888      0.047      0.069    24.6025 0.0000e+00
      0.049      0.002     7.9803     95.848     38.148  37.861667     1.5183      8.189   189.6521 1.8355e+03     3.7958      0.049      0.071    24.6038 0.0000e+00
      0.049      0.002     7.9774     95.841     38.157  37.872050     1.5249      8.189   189.7313 1.7903e+03     3.7399      0.049      0.070    24.6088 0.0000e+00
      0.048      0.001     7.9733     95.832     38.156  37.871935     1.5323      8.189   189.7488 1.6697e+03     3.6937      0.047      0.068    24.6134 0.0000e+00
      0.048      0.001     7.9750     95.801     38.144  37.860284     1.5423      8.189   189.7774 1.6439e+03     3.7156      0.046      0.066    24.6156 0.0000e+00
      0.048      0.002     7.9760     95.753     38.142  37.858090     1.5455      8.189   189.9060 1.5819e+03     3.7656      0.046      0.068    24.6187 0.0000e+00
      0.049      0.002     7.9731     95.712     38.132  37.845408     1.5209      8.189   190.0134 1.6254e+03     3.7848      0.048      0.070    24.6215 0.0000e+00
      0.050      0.002     7.9741     95.634     38.130  37.833854     1.4939      8.189   190.1279 1.7599e+03     3.7774      0.050      0.073    24.6228 0.0000e+00
      0.052      0.001     7.9717     95.500     38.156  37.845288     1.4853      8.189   190.2586 1.7258e+03     3.7784      0.052      0.075    24.6233 0.0000e+00
      0.052      0.001     7.9649     95.386     38.183  37.856722     1.4757      8.189   190.3038 1.6311e+03     3.7971      0.052      0.075    24.6231 0.0000e+00
      0.051      0.000     7.9648     95.362     38.182  37.845176     1.4604      8.189   190.3299 1.4854e+03     3.8329      0.050      0.073    24.6203 0.0000e+00
      0.049 4.2813e-07     7.9614     95.444     38.173  37.832580     1.4424      8.189   190.4019 1.4465e+03     3.8010      0.049      0.070    24.6096 0.0000e+00
      0.049      0.000     7.9494     95.601     38.173  37.831321     1.4243      8.189   190.4863 1.6613e+03     3.7185      0.048      0.069    24.5883 0.0000e+00
      0.050      0.000     7.9415     95.768     38.178  37.829959     1.4245      8.190   190.5755 1.8309e+03     3.7243      0.050      0.072    24.5640 0.0000e+00
      0.052      0.001     7.9416     95.905     38.174  37.816107     1.4365      8.191   190.7061 1.7433e+03     3.8020      0.052      0.075    24.5491 0.0000e+00
      0.053      0.001     7.9491     96.024     38.158  37.790730     1.4451      8.192   190.8616 1.6472e+03     3.8382      0.052      0.075    24.5470 0.0000e+00
      0.052      0.001     7.9648     96.129     38.155  37.776929     1.4454      8.193   190.9060 1.6618e+03     3.7865      0.051      0.073    24.5493 0.0000e+00
      0.051      0.000     7.9812     96.201     38.165  37.776129     1.4566      8.193   190.8130 1.6386e+03     3.7575      0.050      0.073    24.5408 0.0000e+00
      0.051 1.8306e-08     7.9943     96.272     38.179  37.781050     1.4883      8.193   190.8563 1.5457e+03     3.7956      0.050      0.072    24.5251 0.0000e+00
      0.052 2.0136e-07     8.0045     96.346     38.183  37.772965     1.5048      8.193   191.0851 1.4336e+03     3.8029      0.051      0.073    24.5136 0.0000e+00
      0.052 1.6749e-07     8.0185     96.388     38.168  37.741806     1.5057      8.194   191.2564 1.4369e+03     3.7764      0.051      0.073    24.4985 0.0000e+00
      0.052 -3.912e-07     8.0242     96.448     38.164  37.721561     1.5002      8.195   191.3780 1.5528e+03     3.7493      0.051      0.073    24.4831 0.0000e+00
      0.052      0.000     8.0304     96.520     38.179  37.718526     1.5122      8.194   191.5235 1.6216e+03     3.7482      0.051      0.074    24.4741 0.0000e+00
      0.051      0.000     8.0434     96.568     38.181  37.705090     1.5516      8.194   191.6381 1.5323e+03     3.7971      0.050      0.071    24.4583 0.0000e+00
      0.051     -0.001     8.0451     96.622     38.174  37.685986     1.5681      8.194   191.7313 1.3689e+03     3.8285      0.049      0.072    24.4365 0.0000e+00
      0.051     -0.001     8.0546     96.699     38.177  37.677900     1.5624      8.194   191.7911 1.3687e+03     3.7869      0.050      0.073    24.4141 0.0000e+00
      0.051     -0.001     8.0672     96.775     38.182  37.670764     1.5574      8.195   191.8451 1.7465e+03     3.7383      0.050      0.072    24.3906 0.0000e+00
      0.050     -0.001     8.0713     96.810     38.184  37.663143     1.5579      8.195   191.9530 2.0816e+03     3.7524      0.050      0.073    24.3692 0.0000e+00
      0.049     -0.001     8.0783     96.796     38.178  37.649184     1.5680      8.195   192.0633 1.8583e+03     3.7867      0.049      0.071    24.3536 0.0000e+00
      0.049     -0.000     8.0872     96.774     38.165  37.628889     1.5790      8.194   192.1469 1.6168e+03     3.8119      0.048      0.069    24.3411 0.0000e+00
      0.049      0.000     8.0974     96.788     38.155  37.608111     1.6161      8.194   192.1894 1.5923e+03     3.8182      0.048      0.070    24.3253 0.0000e+00
      0.050      0.001     8.1035     96.841     38.148  37.588304     1.6842      8.194   192.2329 1.5088e+03     3.7603      0.049      0.071    24.3097 0.0000e+00
      0.050      0.002     8.1018     96.888     38.155  37.579759     1.7279      8.194   192.3288 1.4183e+03     3.7259      0.050      0.072    24.3005 0.0000e+00
      0.051      0.003     8.0996     96.912     38.158  37.568214     1.7377      8.194   192.4016 1.4880e+03     3.7787      0.050      0.072    24.2935 0.0000e+00
      0.052      0.003     8.1026     96.927     38.174  37.575611     1.7109      8.194   192.4255 1.6835e+03     3.8179      0.051      0.073    24.2779 0.0000e+00
      0.053      0.002     8.1118     96.932     38.203  37.605726     1.6442      8.194   192.5310 1.8131e+03     3.7896      0.052      0.075    24.2609 0.0000e+00
      0.054      0.001     8.1196     96.962     38.201  37.615059     1.6062      8.194   192.7315 1.8750e+03     3.7449      0.053      0.077    24.2413 0.0000e+00
      0.054      0.001     8.1231     97.028     38.192  37.625016     1.6425      8.194   192.8710 1.8425e+03     3.7551      0.054      0.078    24.2187 0.0000e+00
      0.054      0.001     8.1281     97.108     38.211  37.662688     1.9746      8.193   192.9263 1.7136e+03     3.8099      0.053      0.076    24.2060 0.0000e+00
      0.053      0.001     8.1263     97.203     38.217  37.689857     2.5589      8.191   192.9702 1.5061e+03     3.8610      0.053      0.076    24.2060 0.0000e+00
      0.053      0.001     8.1253     97.282     38.207  37.699719     2.8644      8.191   193.0579 1.3468e+03     3.8947      0.051      0.074    24.2244 0.0000e+00
      0.054      0.002     8.1290     97.310     38.211  37.718500     2.8800      8.191   193.2114 1.3759e+03     3.9101      0.052      0.075    24.2514 0.0000e+00
      0.055      0.002     8.1302     97.259     38.210  37.726590     2.8479      8.191   193.2775 1.4477e+03     3.9104      0.054      0.078    24.2753 0.0000e+00
      0.056      0.001     8.1359     97.134     38.211  37.734099     2.5093      8.191   193.3415 1.4906e+03     3.8648      0.055      0.080    24.3045 0.0000e+00
      0.057      0.000     8.1385     96.959     38.219  37.745846     1.8983      8.191   193.4693 1.5383e+03     3.7678      0.056      0.081    24.3337 0.0000e+00
      0.057     -0.001     8.1397     96.761     38.211  37.741712     1.5697      8.191   193.4463 1.4670e+03     3.6949      0.056      0.081    24.3507 0.0000e+00
      0.056     -0.002     8.1333     96.596     38.211  37.747581     1.5407      8.190   193.4932 1.3637e+03     3.7007      0.055      0.080    24.3629 0.0000e+00
      0.054     -0.003     8.1202     96.491     38.211  37.753359     1.5401      8.190   193.6920 1.3886e+03     3.7695      0.053      0.076    24.3713 0.0000e+00
      0.052     -0.003     8.1056     96.464     38.201  37.748129     1.5284      8.190   193.7852 1.3549e+03     3.7749      0.051      0.073    24.3745 0.0000e+00
      0.052     -0.003     8.0849     96.489     38.198  37.747809     1.4989      8.191   193.8453 1.2658e+03     3.6975      0.051      0.073    24.3798 0.0000e+00
      0.053     -0.003     8.0705     96.492     38.198  37.749492     1.4833      8.191   193.9027 1.2857e+03     3.7224      0.052      0.075    24.3863 0.0000e+00
      0.053     -0.002     8.0594     96.474     38.217  37.768471     1.4980      8.191   193.8772 1.3682e+03     3.8364      0.053      0.076    24.3948 0.0000e+00
      0.052     -0.001     8.0558     96.480     38.235  37.786921     1.5190      8.191   193.8807 1.4130e+03     3.8814      0.051      0.074    24.4037 0.0000e+00
      0.050     -0.001     8.0621     96.510     38.230  37.782206     1.5122      8.191   194.0309 1.4313e+03     3.8216      0.049      0.071    24.4060 0.0000e+00
      0.049     -0.001     8.0610     96.531     38.222  37.774915     1.4905      8.191   194.2311 1.5069e+03     3.7271      0.047      0.069    24.4063 0.0000e+00
      0.050     -0.000     8.0575     96.537     38.208  37.762225     1.4738      8.191   194.3223 1.5184e+03     3.7305      0.049      0.070    24.4079 0.0000e+00
      0.051     -0.000     8.0578     96.522     38.201  37.755681     1.4594      8.190   194.3596 1.5025e+03     3.8289      0.051      0.073    24.4087 0.0000e+00
      0.051     -0.000     8.0622     96.451     38.205  37.759252     1.4497      8.190   194.4241 1.6667e+03     3.8576      0.051      0.074    24.4084 0.0000e+00
      0.051     -0.001     8.0638     96.345     38.188  37.741946     1.4401      8.190   194.5000 1.7417e+03     3.8041      0.051      0.073    24.4094 0.0000e+00
      0.051     -0.002     8.0631     96.243     38.180  37.736801     1.4428      8.190   194.5882 1.6365e+03     3.7620      0.050      0.074    24.4118 0.0000e+00
      0.050     -0.002     8.0646     96.158     38.200  37.760497     1.4736      8.191   194.7170 1.7390e+03     3.7585      0.050      0.072    24.4124 0.0000e+00
      0.049     -0.002     8.0572     96.082     38.209  37.774643     1.5054      8.191   194.8525 2.1564e+03     3.7968      0.048      0.070    24.4102 0.0000e+00
      0.048     -0.002     8.0472     96.002     38.210  37.780930     1.5109      8.191   194.9364 2.2999e+03     3.8158      0.047      0.068    24.4088 0.0000e+00
      0.048     -0.001     8.0383     95.955     38.200  37.773072     1.4989      8.191   194.9567 1.8936e+03     3.7818      0.047      0.068    24.4122 0.0000e+00
      0.048      0.000     8.0297     95.966     38.170  37.743091     1.4839      8.192   194.9249 1.6902e+03     3.7275      0.047      0.068    24.4189 0.0000e+00
      0.048      0.001     8.0241     96.017     38.165  37.735706     1.4881      8.193   194.8962 1.7167e+03     3.7060      0.047      0.068    24.4273 0.0000e+00
      0.048      0.002     8.0142     96.114     38.180  37.747235     1.5091      8.193   194.9543 1.4791e+03     3.7620      0.047      0.068    24.4341 0.0000e+00
      0.049      0.003     8.0081     96.249     38.190  37.755575     1.5124      8.193   195.1109 1.3124e+03     3.8233      0.048      0.070    24.4373 0.0000e+00
      0.050      0.003     8.0119     96.389     38.209  37.773085     1.4859      8.192   195.2413 1.4433e+03     3.7978      0.048      0.070    24.4357 0.0000e+00
