Data/DataNotYetUploadedToEDI/Raw_CTD/RawDownloads/052724_fcr20_S7809003.cnv
* Sea-Bird SBE19plus  Data File:
* FileName = C:\R\Reservoirs\Data\DataNotYetUploadedToEDI\Raw_CTD\RawDownloads\052724_bvr50_S7809_0003.hex
* Software version 2.8.0.119
* Temperature SN = 7809
* Conductivity SN = 7809
* System UpLoad Time = Jun 04 2024 12:21:17
* <ApplicationData>
* <Seaterm232>
# nquan = 15
# nvalues = 2003                        
# units = specified
# name 0 = depFM: Depth [fresh water, m]
# name 1 = dz/dtM: Descent Rate [m/s]
# name 2 = sbeox0Mg/L: Oxygen, SBE 43 [mg/l]
# name 3 = sbeox0PS: Oxygen, SBE 43 [% saturation]
# name 4 = specc: Specific Conductance [uS/cm]
# name 5 = c0uS/cm: Conductivity [uS/cm]
# name 6 = flECO-AFL: Fluorescence, WET Labs ECO-AFL/FL [mg/m^3]
# name 7 = ph: pH
# name 8 = orp: Oxidation Reduction Potential [mV]
# name 9 = par/sat/log: PAR/Logarithmic, Satlantic
# name 10 = turbWETntu0: Turbidity, WET Labs ECO [NTU]
# name 11 = prdM: Pressure, Strain Gauge [db]
# name 12 = prdE: Pressure, Strain Gauge [psi]
# name 13 = tv290C: Temperature [ITS-90, deg C]
# name 14 = flag:  0.000e+00
# span 0 =     -0.742,      2.830       
# span 1 =     -0.335,      0.299       
# span 2 =     1.0024,     9.5180       
# span 3 =     10.092,    106.425       
# span 4 =      2.039,     44.870       
# span 5 =   1.962374,  38.715676       
# span 6 =    -1.1970,    45.8489       
# span 7 =      7.687,      8.400       
# span 8 =   130.1783,   476.0030       
# span 9 = 4.3483e+01, 3.1592e+03       
# span 10 =    -5.1255,    70.6050      
# span 11 =     -0.728,      2.776      
# span 12 =     -1.057,      4.026      
# span 13 =    15.4715,    25.0108      
# span 14 = 0.0000e+00, 0.0000e+00      
# interval = seconds: 0.25
# start_time = May 27 2024 13:31:57 [Instrument's time stamp, header]
# bad_flag = -9.990e-29
*END*
[from data line 1639]
     -0.064     -0.014     7.8286     94.055     38.365  38.069451     1.3684      8.160   225.5202 1.2397e+03     3.6898     -0.061     -0.089    24.6329 0.0000e+00
     -0.062     -0.019     7.8340     94.120     38.391  38.103381     1.3596      8.156   225.6130 1.2987e+03     3.7200     -0.057     -0.083    24.6184 0.0000e+00
     -0.070     -0.024     7.8440     94.387     38.410  38.135785     1.3223      8.152   227.3880 1.2171e+03     3.7155     -0.063     -0.091    24.6055 0.0000e+00
     -0.090     -0.029     7.8371     94.628     38.399  38.143987     1.2589      8.150   236.1410 1.2542e+03     3.7371     -0.088     -0.128    24.6019 0.0000e+00
     -0.108     -0.037     7.8233     94.705     38.373  38.139126     1.2170      8.150   242.3939 1.5522e+03     3.7424     -0.114     -0.166    24.6063 0.0000e+00
     -0.111     -0.047     7.8210     94.683     38.353  38.140486     1.1984      8.151   234.5037 1.3964e+03     3.7452     -0.112     -0.163    24.6162 0.0000e+00
     -0.106     -0.053     7.8543     94.659     38.356  38.160476     1.1671      8.151   227.0384 1.1114e+03     3.8049     -0.098     -0.142    24.6348 0.0000e+00
     -0.115     -0.055     7.8737     94.687     38.374  38.190477     1.1130      8.152   233.8691 1.2251e+03     3.8493     -0.104     -0.151    24.6609 0.0000e+00
     -0.144     -0.057     7.8717     94.737     38.360  38.185965     1.0606      8.155   245.8529 1.3869e+03     3.8046     -0.140     -0.203    24.6905 0.0000e+00
     -0.174     -0.060     7.8637     94.768     38.335  38.169387     1.0325      8.160   244.0782 1.6400e+03     3.7081     -0.177     -0.258    24.7192 0.0000e+00
     -0.191     -0.058     7.8549     94.725     38.338  38.180414     1.0229      8.163   232.4589 1.8733e+03     3.7075     -0.191     -0.277    24.7418 0.0000e+00
     -0.198     -0.047     7.8590     94.595     38.342  38.192395     1.0530      8.164   226.4220 1.9497e+03     3.7976     -0.193     -0.279    24.7566 0.0000e+00
     -0.204     -0.028     7.8598     94.384     38.332  38.187345     1.1215      8.164   225.2061 1.9783e+03     3.8406     -0.199     -0.289    24.7683 0.0000e+00
     -0.213     -0.006     7.8653     94.115     38.323  38.182822     1.1606      8.163   224.8984 1.9776e+03     3.7841     -0.211     -0.306    24.7791 0.0000e+00
     -0.218      0.016     7.8589     93.865     38.337  38.201170     1.1770      8.158   225.1110 1.9580e+03     3.6944     -0.217     -0.315    24.7891 0.0000e+00
     -0.215      0.040     7.8466     93.660     38.349  38.218824     1.3776      8.151   225.7971 1.8225e+03     3.6435     -0.215     -0.311    24.7988 0.0000e+00
     -0.200      0.063     7.8293     93.570     38.331  38.205914     1.7550      8.146   226.4832 1.6260e+03     3.6131     -0.200     -0.289    24.8068 0.0000e+00
     -0.176      0.081     7.8004     93.640     38.301  38.171994     1.9612      8.143   226.4375 1.4723e+03     3.6006     -0.175     -0.255    24.8116 0.0000e+00
     -0.145      0.089     7.7814     93.791     38.271  38.125976     1.9649      8.141   225.8462 1.2116e+03     3.5955     -0.145     -0.210    24.8165 0.0000e+00
     -0.111      0.086     7.7602     93.969     38.264  38.093687     1.8415      8.138   225.3576 9.6546e+02     3.5850     -0.106     -0.154    24.8251 0.0000e+00
     -0.085      0.072     7.7477     94.107     38.292  38.098835     1.6344      8.138   225.0031 1.1740e+03     3.6447     -0.078     -0.113    24.8338 0.0000e+00
     -0.070      0.049     7.7597     94.117     38.332  38.124728     1.5338      8.138   224.6581 1.5678e+03     3.7710     -0.065     -0.096    24.8320 0.0000e+00
     -0.062      0.023     7.7755     94.042     38.362  38.152918     1.5072      8.139   224.2835 1.6202e+03     3.8131     -0.059     -0.086    24.8089 0.0000e+00
     -0.060     -0.002     7.7969     93.995     38.386  38.185845     1.3958      8.141   223.8294 1.4893e+03     3.7439     -0.056     -0.081    24.7700 0.0000e+00
     -0.065     -0.018     7.8192     93.996     38.390  38.205570     1.2275      8.144   223.3839 1.5677e+03     3.6866     -0.061     -0.088    24.7348 0.0000e+00
     -0.079     -0.024     7.8194     93.975     38.370  38.201071     1.1534      8.146   223.2854 1.6538e+03     3.7010     -0.078     -0.112    24.7178 0.0000e+00
     -0.095     -0.019     7.8088     93.920     38.355  38.194934     1.1654      8.147   223.7567 1.2208e+03     3.7467     -0.095     -0.136    24.7175 0.0000e+00
     -0.105     -0.001     7.8026     93.924     38.350  38.194829     1.1649      8.145   225.2098 7.5856e+02     3.7615     -0.105     -0.153    24.7291 0.0000e+00
     -0.107      0.026     7.8024     94.053     38.350  38.199812     1.1884      8.143   226.1421 7.5953e+02     3.7433     -0.108     -0.156    24.7541 0.0000e+00
     -0.098      0.054     7.7987     94.292     38.337  38.191729     1.2574      8.143   224.7904 9.9858e+02     3.7314     -0.101     -0.146    24.7780 0.0000e+00
     -0.077      0.077     7.7876     94.589     38.309  38.160562     1.3089      8.143   223.4064 1.2910e+03     3.7538     -0.082     -0.119    24.7891 0.0000e+00
     -0.042      0.092     7.7858     94.886     38.299  38.140249     1.3363      8.144   223.1754 1.3322e+03     3.7753     -0.043     -0.062    24.7915 0.0000e+00
     -0.006      0.099     7.7964     95.091     38.307  38.136474     1.3813      8.144   223.1162 1.2257e+03     3.6845     -0.001     -0.002    24.7968 0.0000e+00
      0.022      0.098     7.8167     95.154     38.298  38.114914     1.4443      8.144   223.1205 1.1732e+03     3.5094      0.025      0.038    24.8091 0.0000e+00
      0.042      0.090     7.8425     95.122     38.273  38.069907     1.4828      8.144   223.1410 9.7142e+02     3.4341      0.041      0.060    24.8044 0.0000e+00
      0.059      0.077     7.8735     95.054     38.272  38.036464     1.4971      8.145   223.1063 9.7960e+02     3.4914      0.056      0.083    24.7851 0.0000e+00
      0.079      0.062     7.8950     94.976     38.303  38.027789     1.4925      8.145   223.0446 1.4211e+03     3.6557      0.078      0.114    24.7728 0.0000e+00
      0.097      0.047     7.8989     94.886     38.334  38.028419     1.4609      8.145   222.9975 1.5212e+03     3.8488      0.097      0.141    24.7589 0.0000e+00
      0.111      0.032     7.8987     94.816     38.359  38.044034     1.4479      8.145   222.9670 1.0945e+03     3.9817      0.111      0.162    24.7355 0.0000e+00
      0.117      0.016     7.8978     94.744     38.398  38.089661     1.4516      8.145   222.9343 1.0033e+03     4.0672      0.118      0.172    24.6914 0.0000e+00
      0.116      0.001     7.9022     94.595     38.426  38.135912     1.4231      8.144   222.8595 1.6346e+03     4.0972      0.114      0.166    24.6291 0.0000e+00
      0.110     -0.008     7.8990     94.430     38.419  38.159091     1.3691      8.144   222.9240 2.1157e+03     4.0713      0.109      0.157    24.5845 0.0000e+00
      0.103     -0.008     7.8938     94.380     38.405  38.179590     1.3228      8.143   223.1112 1.6269e+03     3.9931      0.103      0.150    24.5764 0.0000e+00
      0.095      0.000     7.8923     94.479     38.389  38.193440     1.3053      8.143   223.1440 9.6288e+02     3.9714      0.091      0.133    24.5865 0.0000e+00
      0.090      0.012     7.8727     94.629     38.375  38.199679     1.3068      8.142   223.0628 8.2123e+02     3.9804      0.084      0.122    24.6091 0.0000e+00
      0.097      0.024     7.8481     94.791     38.359  38.191597     1.2984      8.142   222.9898 9.1232e+02     3.8962      0.091      0.131    24.6538 0.0000e+00
      0.114      0.033     7.8346     94.991     38.330  38.159197     1.2792      8.143   222.9499 1.0054e+03     3.8069      0.112      0.162    24.7035 0.0000e+00
      0.131      0.037     7.8423     95.170     38.307  38.125212     1.2660      8.145   222.9245 1.0186e+03     3.7557      0.130      0.190    24.7434 0.0000e+00
      0.143      0.037     7.8528     95.294     38.296  38.097950     1.2887      8.146   222.8547 1.0102e+03     3.8236      0.140      0.203    24.7709 0.0000e+00
      0.150      0.033     7.8597     95.284     38.300  38.083370     1.3380      8.147   222.7946 9.7739e+02     3.9786      0.149      0.216    24.7809 0.0000e+00
      0.154      0.028     7.8833     95.076     38.310  38.075805     1.3615      8.148   222.7991 1.0414e+03     4.0240      0.151      0.219    24.7747 0.0000e+00
      0.156      0.025     7.8987     94.856     38.317  38.069911     1.3481      8.150   222.9951 1.1573e+03     3.9962      0.150      0.219    24.7590 0.0000e+00
      0.163      0.027     7.9145     94.796     38.332  38.075550     1.3264      8.150   223.3578 1.1041e+03     3.9506      0.158      0.230    24.7362 0.0000e+00
      0.172      0.032     7.9243     94.846     38.344  38.080523     1.3658      8.150   223.6571 1.0034e+03     3.8825      0.169      0.246    24.7095 0.0000e+00
      0.178      0.039     7.9009     94.949     38.336  38.066563     1.4587      8.149   223.8609 9.5109e+02     3.8217      0.175      0.254    24.6857 0.0000e+00
      0.186      0.045     7.8774     95.105     38.313  38.033667     1.5091      8.149   224.0152 9.2086e+02     3.7962      0.180      0.260    24.6683 0.0000e+00
      0.201      0.049     7.8797     95.272     38.292  38.000042     1.5089      8.149   224.2318 9.6466e+02     3.7793      0.195      0.283    24.6585 0.0000e+00
      0.220      0.053     7.8860     95.423     38.281  37.977273     1.5061      8.149   224.5011 9.8386e+02     3.8222      0.217      0.315    24.6510 0.0000e+00
      0.235      0.057     7.8939     95.546     38.263  37.948717     1.5326      8.149   224.6897 9.0740e+02     3.9740      0.232      0.337    24.6439 0.0000e+00
      0.246      0.058     7.9115     95.574     38.239  37.908576     1.5713      8.149   224.8776 9.8650e+02     4.0435      0.241      0.349    24.6316 0.0000e+00
      0.259      0.057     7.9289     95.499     38.229  37.872647     1.5829      8.149   225.1379 1.1161e+03     4.0120      0.252      0.366    24.6107 0.0000e+00
      0.276      0.056     7.9429     95.413     38.223  37.831542     1.5985      8.149   225.3424 1.0312e+03     3.9351      0.272      0.394    24.5954 0.0000e+00
      0.293      0.056     7.9578     95.364     38.225  37.792265     1.6431      8.149   225.5430 9.8202e+02     3.7976      0.288      0.418    24.5880 0.0000e+00
      0.306      0.057     7.9643     95.391     38.250  37.778411     1.6808      8.149   225.8431 9.5747e+02     3.7496      0.300      0.435    24.5671 0.0000e+00
      0.318      0.059     7.9580     95.514     38.295  37.790896     1.6973      8.149   226.0453 8.1865e+02     3.7647      0.312      0.453    24.5303 0.0000e+00
      0.331      0.060     7.9575     95.678     38.342  37.816259     1.6914      8.148   226.0944 1.1337e+03     3.7067      0.323      0.468    24.4864 0.0000e+00
      0.347      0.062     7.9609     95.820     38.365  37.831218     1.6688      8.149   226.1791 1.5726e+03     3.6290      0.340      0.492    24.4278 0.0000e+00
      0.366      0.062     7.9696     95.957     38.374  37.844843     1.6569      8.150   226.2955 1.2656e+03     3.6460      0.359      0.520    24.3717 0.0000e+00
      0.385      0.060     7.9880     96.131     38.373  37.854095     1.6730      8.150   226.3821 9.2783e+02     3.7407      0.377      0.548    24.3336 0.0000e+00
      0.401      0.057     8.0094     96.322     38.329  37.816189     1.7047      8.151   226.4524 1.0296e+03     3.7494      0.395      0.572    24.3018 0.0000e+00
      0.414      0.052     8.0217     96.468     38.291  37.767259     1.7245      8.151   226.5431 1.0304e+03     3.6820      0.407      0.591    24.2915 0.0000e+00
      0.425      0.049     8.0290     96.511     38.323  37.770114     1.7286      8.151   226.7050 8.8695e+02     3.6779      0.417      0.606    24.3027 0.0000e+00
      0.435      0.047     8.0426     96.471     38.377  37.787216     1.7301      8.150   226.7745 8.8850e+02     3.7341      0.426      0.617    24.3193 0.0000e+00
      0.445      0.047     8.0577     96.383     38.403  37.783618     1.7337      8.150   226.6950 9.3675e+02     3.7809      0.435      0.631    24.3333 0.0000e+00
      0.457      0.048     8.0756     96.233     38.425  37.790015     1.8306      8.151   226.6909 8.2854e+02     3.7657      0.448      0.649    24.3189 0.0000e+00
      0.471      0.048     8.0841     96.062     38.440  37.801083     2.0194      8.151   226.8959 7.8274e+02     3.7202      0.462      0.671    24.2752 0.0000e+00
      0.486      0.048     8.0862     95.934     38.426  37.790523     2.1272      8.151   227.1095 8.1734e+02     3.7438      0.477      0.691    24.2233 0.0000e+00
      0.499      0.047     8.0882     95.839     38.424  37.789260     2.1683      8.151   227.2083 7.4057e+02     3.8114      0.490      0.711    24.1795 0.0000e+00
      0.509      0.045     8.0764     95.790     38.428  37.785820     2.3996      8.152   227.3158 8.1587e+02     3.8214      0.500      0.725    24.1607 0.0000e+00
      0.519      0.044     8.0585     95.855     38.403  37.748907     2.7933      8.152   227.3771 9.3272e+02     3.7620      0.508      0.737    24.1616 0.0000e+00
      0.529      0.044     8.0489     96.020     38.389  37.723665     2.9914      8.152   227.4340 8.2193e+02     3.6738      0.519      0.754    24.1678 0.0000e+00
      0.539      0.046     8.0404     96.206     38.404  37.734420     3.0054      8.152   227.5738 7.9087e+02     3.6765      0.529      0.767    24.1730 0.0000e+00
      0.550      0.050     8.0333     96.383     38.424  37.752032     2.9549      8.152   227.6047 8.2034e+02     3.7275      0.539      0.780    24.1626 0.0000e+00
      0.564      0.050     8.0433     96.570     38.422  37.746245     2.8297      8.151   227.4628 7.6593e+02     3.6751      0.553      0.802    24.1409 0.0000e+00
      0.580      0.047     8.0627     96.711     38.411  37.727901     2.7485      8.151   227.4064 7.6874e+02     3.5886      0.568      0.823    24.1253 0.0000e+00
      0.595      0.042     8.0808     96.756     38.409  37.720582     2.7395      8.151   227.4389 7.7922e+02     3.5366      0.585      0.847    24.1198 0.0000e+00
      0.608      0.036     8.0923     96.725     38.408  37.721206     2.8284      8.153   227.4264 7.6687e+02     3.5921      0.599      0.869    24.1216 0.0000e+00
      0.615      0.030     8.1118     96.630     38.414  37.735446     2.9989      8.154   227.4268 7.3237e+02     3.7137      0.605      0.878    24.1172 0.0000e+00
      0.616      0.025     8.1284     96.515     38.437  37.765856     3.0866      8.154   227.3579 6.4646e+02     3.7772      0.603      0.875    24.1032 0.0000e+00
      0.619      0.021     8.1306     96.413     38.439  37.771625     3.0732      8.156   227.2823 6.5978e+02     3.7785      0.604      0.878    24.0938 0.0000e+00
      0.626      0.021     8.1290     96.290     38.411  37.741747     2.9780      8.156   227.3721 7.0268e+02     3.7299      0.614      0.892    24.0986 0.0000e+00
      0.633      0.024     8.1170     96.155     38.398  37.721880     2.8347      8.155   227.5844 6.6823e+02     3.7369      0.621      0.900    24.1107 0.0000e+00
      0.640      0.032     8.1035     96.074     38.405  37.721767     2.7726      8.155   227.7839 6.6930e+02     3.7947      0.628      0.911    24.1221 0.0000e+00
      0.646      0.043     8.0965     96.055     38.432  37.740378     2.7682      8.154   227.9773 7.0220e+02     3.8132      0.633      0.918    24.1296 0.0000e+00
      0.652      0.054     8.0870     96.085     38.462  37.756528     2.7475      8.153   228.2024 7.0076e+02     3.7556      0.635      0.921    24.1251 0.0000e+00
