Data/DataNotYetUploadedToEDI/Raw_CTD/RawDownloads/052724_fcr50_S7809006.cnv
* Sea-Bird SBE19plus  Data File:
* FileName = C:\R\Reservoirs\Data\DataNotYetUploadedToEDI\Raw_CTD\RawDownloads\052724_bvr50_S7809_0006.hex
* Software version 2.8.0.119
* Temperature SN = 7809
* Conductivity SN = 7809
* System UpLoad Time = Jun 04 2024 12:23:04
* <ApplicationData>
* <Seaterm232>
# nquan = 15
# nvalues = 1623                        
# units = specified
# name 0 = depFM: Depth [fresh water, m]
# name 1 = dz/dtM: Descent Rate [m/s]
# name 2 = sbeox0Mg/L: Oxygen, SBE 43 [mg/l]
# name 3 = sbeox0PS: Oxygen, SBE 43 [% saturation]
# name 4 = specc: Specific Conductance [uS/cm]
# name 5 = c0uS/cm: Conductivity [uS/cm]
# name 6 = flECO-AFL: Fluorescence, WET Labs ECO-AFL/FL [mg/m^3]
# name 7 = ph: pH
# name 8 = orp: Oxidation Reduction Potential [mV]
# name 9 = par/sat/log: PAR/Logarithmic, Satlantic
# name 10 = turbWETntu0: Turbidity, WET Labs ECO [NTU]
# name 11 = prdM: Pressure, Strain Gauge [db]
# name 12 = prdE: Pressure, Strain Gauge [psi]
# name 13 = tv290C: Temperature [ITS-90, deg C]
# name 14 = flag:  0.000e+00
# span 0 =     -0.746,      9.347       
# span 1 =     -0.303,      0.710       
# span 2 =     0.0822,    10.0142       
# span 3 =      0.751,    113.206       
# span 4 =      0.043,    349.531       
# span 5 =   0.038998, 252.539258       
# span 6 =    -0.5748,    26.0367       
# span 7 =      7.677,      8.475       
# span 8 =    42.0412,   279.0530       
# span 9 = 1.2362e-01, 3.1513e+03       
# span 10 =    -0.3657,   141.4737      
# span 11 =     -0.733,      9.166      
# span 12 =     -1.062,     13.295      
# span 13 =    10.8137,    24.3219      
# span 14 = 0.0000e+00, 0.0000e+00      
# interval = seconds: 0.25
# start_time = May 27 2024 14:06:23 [Instrument's time stamp, header]
# bad_flag = -9.990e-29
*END*
[from data line 193]
      0.003     -0.022     8.2101     92.694     38.058  37.373130     2.0150      8.203   191.1726 1.4833e+03     3.7671     -0.000     -0.001    24.0863 0.0000e+00
      0.006     -0.015     8.0347     92.415     38.058  37.372205     2.0330      8.203   190.3466 1.7390e+03     3.8364      0.007      0.010    24.0875 0.0000e+00
      0.007     -0.009     7.9136     92.406     38.072  37.384896     2.0272      8.203   189.4605 1.6665e+03     3.8355      0.010      0.015    24.0887 0.0000e+00
      0.003     -0.005     7.8301     92.537     38.087  37.399676     2.0116      8.202   190.9550 1.5885e+03     3.7569      0.004      0.005    24.0917 0.0000e+00
     -0.002      0.000     7.7778     92.698     38.111  37.423998     2.0099      8.200   194.3930 1.6812e+03     3.6710     -0.003     -0.006    24.0950 0.0000e+00
     -0.004      0.006     7.7560     92.825     38.108  37.425161     2.0231      8.198   196.0109 1.4439e+03     3.6848     -0.005     -0.008    24.0945 0.0000e+00
     -0.002      0.013     7.7609     92.896     38.090  37.413737     2.0296      8.198   195.9755 1.2969e+03     3.8215     -0.003     -0.004    24.0915 0.0000e+00
      0.003      0.019     7.7748     92.910     38.084  37.412791     2.0063      8.198   195.3421 1.4287e+03     3.8894      0.000     -0.001    24.0904 0.0000e+00
      0.013      0.023     7.7902     92.889     38.082  37.413736     1.9743      8.197   194.3747 1.6813e+03     3.8227      0.011      0.017    24.0918 0.0000e+00
      0.025      0.027     7.8004     92.876     38.092  37.425160     1.9588      8.196   195.0342 1.9723e+03     3.7671      0.026      0.039    24.0973 0.0000e+00
      0.031      0.034     7.8050     92.903     38.092  37.424005     1.9604      8.194   197.0351 1.9182e+03     3.7626      0.032      0.046    24.1059 0.0000e+00
      0.031      0.042     7.8051     92.969     38.070  37.399776     1.9854      8.191   198.4344 1.4920e+03     3.7343      0.031      0.044    24.1137 0.0000e+00
      0.036      0.051     7.8001     93.025     38.059  37.386018     2.0114      8.188   199.0472 1.0987e+03     3.6640      0.029      0.041    24.1190 0.0000e+00
      0.053      0.061     7.7987     93.051     38.062  37.384561     2.0162      8.187   199.2816 1.2530e+03     3.6646      0.049      0.070    24.1208 0.0000e+00
      0.078      0.071     7.8000     93.081     38.068  37.382152     2.0097      8.185   198.5159 1.7624e+03     3.7418      0.079      0.114    24.1187 0.0000e+00
      0.101      0.082     7.8092     93.142     38.053  37.356876     2.0419      8.182   197.2748 1.6650e+03     3.8120      0.098      0.143    24.1133 0.0000e+00
      0.122      0.089     7.8153     93.240     38.045  37.332755     2.1137      8.181   197.2669 1.0720e+03     3.8298      0.121      0.176    24.1091 0.0000e+00
      0.141      0.088     7.8158     93.328     38.079  37.344296     2.1375      8.182   198.3347 7.8971e+02     3.7522      0.139      0.200    24.1064 0.0000e+00
      0.165      0.080     7.8200     93.358     38.125  37.369480     2.1215      8.182   199.5160 6.8785e+02     3.7274      0.157      0.227    24.0948 0.0000e+00
      0.194      0.070     7.8260     93.367     38.146  37.383401     2.1289      8.182   199.9343 5.8664e+02     3.8035      0.194      0.282    24.0805 0.0000e+00
      0.216      0.056     7.8386     93.408     38.142  37.385706     2.1515      8.183   198.4887 6.7946e+02     3.8175      0.217      0.316    24.0627 0.0000e+00
      0.227      0.040     7.8542     93.479     38.144  37.397356     2.1616      8.186   196.3194 7.2468e+02     3.7600      0.222      0.323    24.0277 0.0000e+00
      0.232      0.023     7.8589     93.569     38.134  37.397365     2.1508      8.188   195.8179 5.2489e+02     3.7230      0.229      0.332    23.9959 0.0000e+00
      0.232      0.009     7.8585     93.666     38.117  37.385827     2.1298      8.189   196.2966 3.2832e+02     3.7125      0.230      0.332    23.9883 0.0000e+00
      0.228      0.002     7.8612     93.749     38.116  37.384769     2.1410      8.190   196.8594 2.8252e+02     3.7345      0.223      0.324    24.0003 0.0000e+00
      0.224     -0.001     7.8646     93.807     38.119  37.384570     2.1939      8.192   196.9440 3.2712e+02     3.8188      0.217      0.316    24.0176 0.0000e+00
      0.224     -0.001     7.8707     93.841     38.120  37.383418     2.2207      8.194   195.9427 3.7225e+02     3.8441      0.218      0.317    24.0298 0.0000e+00
      0.227      0.000     7.8788     93.860     38.107  37.370830     2.2069      8.195   195.5072 5.0493e+02     3.7663      0.222      0.323    24.0371 0.0000e+00
      0.229      0.002     7.8857     93.874     38.095  37.359284     2.1597      8.196   195.9812 7.0937e+02     3.7324      0.225      0.327    24.0381 0.0000e+00
      0.229      0.003     7.8917     93.873     38.106  37.370727     2.0829      8.198   196.5115 7.5968e+02     3.8112      0.225      0.327    24.0315 0.0000e+00
      0.228      0.003     7.8952     93.864     38.119  37.382273     2.0359      8.198   197.1007 9.1091e+02     3.8645      0.223      0.324    24.0259 0.0000e+00
      0.228      0.002     7.8956     93.884     38.109  37.371975     2.0241      8.199   197.6849 1.1193e+03     3.7957      0.223      0.324    24.0277 0.0000e+00
      0.229      0.002     7.8974     93.933     38.110  37.373129     2.0062      8.201   198.0687 9.9132e+02     3.7316      0.224      0.326    24.0298 0.0000e+00
      0.231      0.001     7.8975     93.973     38.133  37.396222     1.9864      8.202   198.3851 7.4942e+02     3.7382      0.227      0.330    24.0294 0.0000e+00
      0.232      0.001     7.8949     93.989     38.133  37.397376     1.9846      8.202   198.7575 6.1144e+02     3.7732      0.229      0.331    24.0286 0.0000e+00
      0.232      0.000     7.8966     94.001     38.121  37.387087     1.9771      8.203   198.9567 5.8600e+02     3.7787      0.228      0.330    24.0274 0.0000e+00
      0.231     -0.001     7.9028     94.020     38.130  37.398727     1.9534      8.204   198.9867 5.6107e+02     3.7359      0.226      0.327    24.0268 0.0000e+00
      0.229     -0.001     7.9066     94.050     38.140  37.411209     1.9404      8.205   199.0350 4.2394e+02     3.7000      0.224      0.325    24.0271 0.0000e+00
      0.229     -0.001     7.9063     94.070     38.135  37.411095     1.9527      8.206   199.1106 2.9178e+02     3.7209      0.224      0.326    24.0285 0.0000e+00
      0.230      0.000     7.9077     94.070     38.117  37.397363     1.9847      8.207   199.2981 2.1402e+02     3.7839      0.225      0.327    24.0306 0.0000e+00
      0.230      0.000     7.9073     94.065     38.089  37.372095     2.0122      8.209   199.7534 1.8520e+02     3.8122      0.226      0.328    24.0342 0.0000e+00
      0.231     -0.001     7.9108     94.048     38.075  37.359395     2.0264      8.209   200.1417 1.9425e+02     3.8245      0.227      0.329    24.0393 0.0000e+00
      0.231     -0.001     7.9123     94.018     38.086  37.370723     2.0309      8.210   199.6910 1.8449e+02     3.8291      0.227      0.329    24.0455 0.0000e+00
      0.231      0.000     7.9093     93.986     38.098  37.382146     2.0343      8.210   198.6056 1.6992e+02     3.7994      0.227      0.329    24.0516 0.0000e+00
      0.228      0.001     7.9103     94.006     38.087  37.370608     2.0332      8.210   198.2038 1.7698e+02     3.7734      0.223      0.324    24.0540 0.0000e+00
      0.227      0.003     7.9077     94.069     38.075  37.358126     2.0016      8.211   198.5325 1.9059e+02     3.7187      0.221      0.321    24.0543 0.0000e+00
      0.229      0.004     7.9064     94.102     38.074  37.358136     1.9685      8.212   198.7080 2.0090e+02     3.6848      0.223      0.324    24.0549 0.0000e+00
      0.232      0.004     7.9004     94.119     38.083  37.370721     1.9657      8.212   198.8640 1.8489e+02     3.7401      0.228      0.330    24.0547 0.0000e+00
      0.236      0.005     7.9020     94.160     38.092  37.383392     1.9752      8.213   198.8698 1.4128e+02     3.8066      0.233      0.338    24.0530 0.0000e+00
      0.237      0.005     7.9125     94.188     38.090  37.384441     1.9931      8.213   198.3476 1.1272e+02     3.8056      0.234      0.338    24.0518 0.0000e+00
      0.236      0.004     7.9128     94.148     38.089  37.383401     2.0072      8.213   197.9705 1.0576e+02     3.7616      0.232      0.335    24.0532 0.0000e+00
      0.235      0.002     7.9117     94.080     38.079  37.370824     2.0120      8.214   197.9233 1.0114e+02     3.7873      0.230      0.333    24.0578 0.0000e+00
      0.236      0.000     7.9158     94.050     38.069  37.359279     2.0264      8.215   197.8629 9.6967e+01     3.8428      0.233      0.336    24.0654 0.0000e+00
      0.238     -0.001     7.9202     94.060     38.083  37.370712     2.0569      8.215   198.7030 9.4499e+01     3.8523      0.235      0.340    24.0699 0.0000e+00
      0.238     -0.003     7.9153     94.076     38.095  37.382145     2.0806      8.215   200.3379 9.4873e+01     3.8337      0.234      0.339    24.0689 0.0000e+00
      0.237     -0.006     7.9068     94.086     38.082  37.370607     2.0801      8.215   201.0240 9.6144e+01     3.7891      0.233      0.338    24.0648 0.0000e+00
      0.235     -0.008     7.9058     94.094     38.067  37.358114     2.0757      8.216   200.4610 9.5624e+01     3.7915      0.230      0.334    24.0604 0.0000e+00
      0.232     -0.008     7.9083     94.120     38.062  37.358009     2.0694      8.217   199.5529 9.4786e+01     3.8276      0.228      0.330    24.0585 0.0000e+00
      0.228     -0.007     7.9099     94.195     38.069  37.369346     2.0533      8.216   200.4553 9.4856e+01     3.8160      0.223      0.324    24.0587 0.0000e+00
      0.225     -0.005     7.9102     94.297     38.067  37.368289     2.0313      8.216   203.1118 9.3247e+01     3.7885      0.219      0.319    24.0592 0.0000e+00
      0.224     -0.002     7.9103     94.367     38.047  37.345225     2.0117      8.217   204.5688 8.7561e+01     3.7678      0.220      0.318    24.0621 0.0000e+00
      0.225      0.001     7.9097     94.383     38.051  37.344290     2.0064      8.218   204.3068 8.1906e+01     3.7718      0.221      0.320    24.0691 0.0000e+00
      0.227      0.003     7.9157     94.366     38.067  37.356982     2.0015      8.218   203.3856 7.9383e+01     3.8018      0.223      0.323    24.0767 0.0000e+00
      0.229      0.004     7.9268     94.369     38.083  37.371762     1.9943      8.218   203.2387 7.7943e+01     3.8225      0.224      0.325    24.0785 0.0000e+00
      0.230      0.004     7.9333     94.376     38.107  37.396094     1.9856      8.219   204.2511 7.6193e+01     3.8171      0.225      0.326    24.0733 0.0000e+00
      0.230      0.003     7.9359     94.320     38.107  37.397362     1.9709      8.219   205.1298 7.5241e+01     3.8052      0.226      0.328    24.0655 0.0000e+00
      0.231      0.002     7.9324     94.238     38.092  37.387093     1.9668      8.218   205.5168 7.6045e+01     3.8152      0.227      0.329    24.0607 0.0000e+00
      0.232      0.001     7.9327     94.214     38.098  37.398847     1.9773      8.216   205.8328 7.7500e+01     3.8018      0.228      0.330    24.0601 0.0000e+00
      0.232      0.000     7.9380     94.239     38.106  37.412587     1.9815      8.216   206.0256 7.9649e+01     3.7456      0.228      0.330    24.0600 0.0000e+00
      0.232     -0.001     7.9310     94.259     38.116  37.426317     1.9684      8.217   205.0090 8.1727e+01     3.7161      0.227      0.330    24.0622 0.0000e+00
      0.232     -0.001     7.9185     94.254     38.125  37.437948     1.9687      8.217   203.2635 8.2723e+01     3.7874      0.228      0.330    24.0687 0.0000e+00
      0.231     -0.002     7.9169     94.246     38.110  37.426315     2.0013      8.217   202.9020 8.3301e+01     3.8901      0.227      0.329    24.0773 0.0000e+00
      0.230     -0.002     7.9200     94.268     38.095  37.412576     2.0288      8.216   203.9080 8.3059e+01     3.8991      0.226      0.328    24.0847 0.0000e+00
      0.229     -0.002     7.9214     94.314     38.081  37.398741     2.0272      8.216   205.1029 8.2007e+01     3.8278      0.225      0.326    24.0899 0.0000e+00
      0.229     -0.002     7.9197     94.352     38.067  37.385956     2.0322      8.216   204.1850 8.0436e+01     3.7456      0.224      0.326    24.0939 0.0000e+00
      0.229     -0.001     7.9168     94.353     38.065  37.384898     2.0547      8.216   201.4998 7.8072e+01     3.7241      0.223      0.325    24.0969 0.0000e+00
      0.229     -0.001     7.9190     94.323     38.065  37.385947     2.0756      8.216   200.5138 7.5849e+01     3.7734      0.224      0.324    24.0989 0.0000e+00
      0.229     -0.000     7.9238     94.292     38.075  37.398637     2.0936      8.216   200.8666 7.4805e+01     3.7602      0.224      0.325    24.0988 0.0000e+00
      0.229      0.000     7.9282     94.260     38.086  37.411431     2.0810      8.216   201.7222 7.4677e+01     3.6669      0.224      0.325    24.0983 0.0000e+00
      0.229      0.000     7.9280     94.222     38.084  37.413728     2.0483      8.217   203.1155 7.4818e+01     3.6701      0.224      0.325    24.1001 0.0000e+00
      0.228      0.001     7.9230     94.175     38.093  37.426419     2.0390      8.218   202.8270 7.5067e+01     3.7651      0.224      0.325    24.1031 0.0000e+00
      0.228      0.002     7.9210     94.115     38.101  37.437965     2.0440      8.218   200.9025 7.5842e+01     3.8251      0.223      0.324    24.1056 0.0000e+00
      0.229      0.003     7.9179     94.075     38.086  37.426438     2.0500      8.219   199.8933 7.7959e+01     3.8148      0.224      0.325    24.1084 0.0000e+00
      0.230      0.003     7.9137     94.071     38.070  37.413955     2.0618      8.219   200.0893 8.0793e+01     3.7431      0.225      0.326    24.1136 0.0000e+00
      0.231      0.002     7.9098     94.091     38.065  37.413955     2.0785      8.219   200.5185 8.2348e+01     3.7092      0.227      0.329    24.1192 0.0000e+00
      0.233      0.001     7.9025     94.132     38.072  37.426436     2.0847      8.220   201.3830 8.3473e+01     3.7816      0.229      0.332    24.1240 0.0000e+00
      0.233      0.000     7.8975     94.184     38.078  37.437963     2.0707      8.220   202.4537 8.6285e+01     3.8325      0.229      0.332    24.1288 0.0000e+00
      0.232     -0.001     7.8979     94.204     38.062  37.426426     2.0422      8.220   202.6234 9.0840e+01     3.7773      0.228      0.330    24.1329 0.0000e+00
      0.230     -0.001     7.8984     94.177     38.047  37.413860     2.0147      8.220   202.4034 9.5491e+01     3.7298      0.226      0.327    24.1386 0.0000e+00
      0.229      0.000     7.9002     94.107     38.045  37.412938     2.0127      8.220   202.0304 9.6589e+01     3.7713      0.224      0.325    24.1471 0.0000e+00
      0.230      0.001     7.9061     94.022     38.047  37.415280     2.0260      8.220   201.2966 9.5869e+01     3.8346      0.225      0.326    24.1539 0.0000e+00
      0.231      0.001     7.9069     93.983     38.075  37.442172     2.0266      8.219   202.6514 9.6786e+01     3.8456      0.226      0.330    24.1589 0.0000e+00
      0.233      0.001     7.9039     93.973     38.119  37.484281     2.0203      8.218   205.8490 9.6051e+01     3.8012      0.228      0.332    24.1625 0.0000e+00
      0.233      0.000     7.8978     93.924     38.115  37.480239     2.0159      8.218   207.2638 9.4455e+01     3.7422      0.229      0.332    24.1643 0.0000e+00
      0.233     -0.001     7.8873     93.870     38.090  37.456744     2.0234      8.218   206.4215 9.4305e+01     3.7475      0.228      0.331    24.1642 0.0000e+00
      0.232     -0.003     7.8846     93.898     38.087  37.454028     2.0686      8.219   205.0431 9.5390e+01     3.7628      0.227      0.329    24.1623 0.0000e+00
