Data/DataNotYetUploadedToEDI/Raw_CTD/RawDownloads/052724_fcr10_S7809002.cnv
* Sea-Bird SBE19plus  Data File:
* FileName = C:\R\Reservoirs\Data\DataNotYetUploadedToEDI\Raw_CTD\RawDownloads\052724_bvr50_S7809_0002.hex
* Software version 2.8.0.119
* Temperature SN = 7809
* Conductivity SN = 7809
* System UpLoad Time = Jun 04 2024 12:20:25
* <ApplicationData>
* <Seaterm232>
# nquan = 15
# nvalues = 1091                        
# units = specified
# name 0 = depFM: Depth [fresh water, m]
# name 1 = dz/dtM: Descent Rate [m/s]
# name 2 = sbeox0Mg/L: Oxygen, SBE 43 [mg/l]
# name 3 = sbeox0PS: Oxygen, SBE 43 [% saturation]
# name 4 = specc: Specific Conductance [uS/cm]
# name 5 = c0uS/cm: Conductivity [uS/cm]
# name 6 = flECO-AFL: Fluorescence, WET Labs ECO-AFL/FL [mg/m^3]
# name 7 = ph: pH
# name 8 = orp: Oxidation Reduction Potential [mV]
# name 9 = par/sat/log: PAR/Logarithmic, Satlantic
# name 10 = turbWETntu0: Turbidity, WET Labs ECO [NTU]
# name 11 = prdM: Pressure, Strain Gauge [db]
# name 12 = prdE: Pressure, Strain Gauge [psi]
# name 13 = tv290C: Temperature [ITS-90, deg C]
# name 14 = flag:  0.000e+00
# span 0 =     -0.744,      1.934       
# span 1 =     -0.369,      0.189       
# span 2 =     0.9970,     8.9590       
# span 3 =     11.627,    107.907       
# span 4 =      0.698,     45.980       
# span 5 =   0.746743,  40.937800       
# span 6 =    -0.1120,   147.2162       
# span 7 =     -1.974,      7.961       
# span 8 = -1240.7455,   307.2134       
# span 9 = 6.7971e+01, 2.1069e+03       
# span 10 =     1.0004,   124.7447      
# span 11 =     -0.730,      1.899      
# span 12 =     -1.059,      2.754      
# span 13 =    19.4202,    28.4368      
# span 14 = 0.0000e+00, 0.0000e+00      
# interval = seconds: 0.25
# start_time = May 27 2024 13:20:31 [Instrument's time stamp, header]
# bad_flag = -9.990e-29
*END*
[from data line 193]
      0.060     -0.003     8.4807     98.789     38.348  38.384766     1.4021      7.380   169.4961 1.5513e+03     4.8294      0.059      0.085    25.0315 0.0000e+00
      0.060     -0.011     8.3582     98.358     38.387  38.422538     1.4252      7.380   175.5312 1.1056e+03     4.8415      0.058      0.084    25.0371 0.0000e+00
      0.061     -0.017     8.2692     98.100     38.398  38.441678     1.4500      7.379   185.8600 1.2008e+03     4.8346      0.061      0.089    25.0478 0.0000e+00
      0.058     -0.021     8.2002     97.991     38.371  38.425827     1.4855      7.378   190.8754 1.4105e+03     4.8821      0.062      0.089    25.0507 0.0000e+00
      0.046     -0.024     8.1497     97.946     38.359  38.421276     1.5130      7.377   190.5712 1.3547e+03     4.9716      0.047      0.068    25.0417 0.0000e+00
      0.032     -0.027     8.1171     97.881     38.384  38.450120     1.5254      7.377   190.0108 1.1829e+03     4.9948      0.026      0.038    25.0345 0.0000e+00
      0.026     -0.029     8.0925     97.808     38.386  38.457291     1.5265      7.379   189.4353 1.1799e+03     4.9576      0.023      0.033    25.0486 0.0000e+00
      0.025     -0.026     8.0839     97.753     38.367  38.444531     1.5428      7.383   188.9469 1.2178e+03     4.8636      0.027      0.040    25.0690 0.0000e+00
      0.020     -0.019     8.0829     97.724     38.342  38.422766     1.5816      7.387   188.6655 1.1463e+03     4.7801      0.021      0.032    25.0759 0.0000e+00
      0.010     -0.011     8.0753     97.699     38.302  38.384512     1.6129      7.389   188.1840 1.0140e+03     4.7679      0.009      0.012    25.0782 0.0000e+00
      0.003     -0.004     8.0674     97.641     38.282  38.362748     1.6297      7.392   184.2438 7.8776e+02     4.7500     -0.001     -0.002    25.0858 0.0000e+00
      0.003      0.005     8.0614     97.566     38.276  38.349991     1.5594      7.396   177.0753 6.2085e+02     4.7012      0.000      0.000    25.0953 0.0000e+00
      0.009      0.015     8.0583     97.505     38.292  38.357163     1.4049      7.397   172.8368 5.9467e+02     4.6558      0.009      0.012    25.1013 0.0000e+00
      0.017      0.024     8.0583     97.440     38.327  38.385993     1.3258      7.397   171.9718 5.7947e+02     4.6788      0.017      0.024    25.1037 0.0000e+00
      0.026      0.030     8.0530     97.380     38.324  38.381287     1.3354      7.395   171.6064 5.3897e+02     4.7403      0.026      0.037    25.1014 0.0000e+00
      0.034      0.035     8.0461     97.384     38.309  38.363707     1.3633      7.393   171.4309 5.0351e+02     4.7504      0.033      0.048    25.0921 0.0000e+00
      0.041      0.036     8.0449     97.445     38.314  38.363811     1.3886      7.391   171.3129 4.7923e+02     4.6993      0.040      0.058    25.0773 0.0000e+00
      0.050      0.035     8.0409     97.500     38.342  38.382536     1.3916      7.390   171.2118 4.4909e+02     4.6338      0.047      0.068    25.0689 0.0000e+00
      0.062      0.033     8.0331     97.551     38.367  38.399716     1.3908      7.389   171.0685 4.3573e+02     4.6427      0.061      0.088    25.0681 0.0000e+00
      0.074      0.028     8.0333     97.625     38.353  38.381151     1.4208      7.389   170.8708 4.4128e+02     4.7381      0.075      0.110    25.0670 0.0000e+00
      0.082      0.022     8.0433     97.688     38.320  38.348441     1.4540      7.391   170.7146 4.4962e+02     4.7630      0.082      0.119    25.0612 0.0000e+00
      0.085      0.015     8.0488     97.719     38.295  38.321508     1.4512      7.392   170.5565 4.5632e+02     4.7039      0.084      0.122    25.0469 0.0000e+00
      0.085      0.009     8.0531     97.728     38.287  38.309328     1.4447      7.393   170.4215 4.5151e+02     4.7068      0.084      0.121    25.0333 0.0000e+00
      0.084      0.006     8.0622     97.710     38.312  38.328081     1.4501      7.395   170.2866 4.3931e+02     4.7635      0.082      0.119    25.0289 0.0000e+00
      0.084      0.007     8.0677     97.689     38.348  38.357870     1.4419      7.397   170.1310 4.3675e+02     4.8092      0.082      0.118    25.0308 0.0000e+00
      0.086      0.011     8.0695     97.710     38.348  38.352210     1.4210      7.399   170.1750 4.3580e+02     4.7815      0.084      0.121    25.0297 0.0000e+00
      0.089      0.017     8.0721     97.791     38.323  38.323093     1.4058      7.399   170.3021 4.3268e+02     4.7016      0.087      0.127    25.0225 0.0000e+00
      0.093      0.023     8.0712     97.911     38.324  38.323093     1.3991      7.398   170.3771 4.3112e+02     4.6636      0.090      0.130    25.0153 0.0000e+00
      0.101      0.025     8.0680     98.005     38.354  38.352210     1.4144      7.397   170.4797 4.1966e+02     4.6979      0.098      0.141    25.0083 0.0000e+00
      0.111      0.025     8.0712     98.019     38.359  38.357863     1.4576      7.396   170.5965 4.0607e+02     4.7737      0.109      0.159    24.9999 0.0000e+00
      0.121      0.023     8.0790     98.009     38.327  38.327983     1.4805      7.397   170.6700 4.0531e+02     4.7946      0.119      0.174    24.9926 0.0000e+00
      0.128      0.018     8.0912     98.014     38.305  38.308218     1.4662      7.399   170.6806 4.0461e+02     4.7455      0.127      0.184    24.9915 0.0000e+00
      0.130      0.012     8.1022     98.005     38.306  38.309269     1.4598      7.400   170.6381 3.9843e+02     4.7268      0.129      0.186    24.9932 0.0000e+00
      0.130      0.007     8.0998     97.984     38.342  38.340684     1.4702      7.402   170.5011 3.9523e+02     4.7732      0.127      0.185    24.9924 0.0000e+00
      0.129      0.004     8.0970     97.962     38.376  38.370762     1.4747      7.405   170.3998 3.9254e+02     4.7941      0.126      0.184    24.9935 0.0000e+00
      0.129      0.004     8.0995     97.948     38.360  38.355649     1.4729      7.406   170.5324 3.9056e+02     4.7403      0.126      0.183    24.9992 0.0000e+00
      0.130      0.004     8.0969     97.978     38.350  38.348331     1.4492      7.407   170.7276 3.9428e+02     4.7373      0.127      0.184    25.0027 0.0000e+00
      0.132      0.004     8.0966     98.043     38.347  38.345741     1.4205      7.409   170.7816 3.9493e+02     4.8270      0.129      0.187    24.9923 0.0000e+00
      0.134      0.004     8.0967     98.110     38.325  38.324332     1.4178      7.411   170.8411 3.9558e+02     4.8341      0.132      0.192    24.9831 0.0000e+00
      0.136      0.004     8.0920     98.169     38.342  38.343302     1.4158      7.413   170.9304 4.0059e+02     4.7890      0.134      0.194    24.9891 0.0000e+00
      0.136      0.004     8.0950     98.228     38.380  38.384742     1.4301      7.416   171.0006 3.9759e+02     4.7939      0.133      0.193    24.9927 0.0000e+00
      0.136      0.003     8.1016     98.263     38.370  38.381181     1.4822      7.418   171.0877 3.9375e+02     4.7913      0.132      0.192    24.9922 0.0000e+00
      0.136      0.003     8.1073     98.227     38.344  38.363718     1.5297      7.420   171.2102 3.9415e+02     4.7919      0.133      0.193    24.9934 0.0000e+00
      0.137      0.002     8.1114     98.119     38.334  38.363988     1.5377      7.420   171.3631 3.9384e+02     4.7672      0.135      0.195    24.9952 0.0000e+00
      0.139      0.002     8.1158     98.006     38.346  38.384451     1.5215      7.420   171.3874 3.9592e+02     4.6970      0.137      0.198    24.9994 0.0000e+00
      0.140      0.001     8.1201     97.946     38.375  38.420780     1.5084      7.421   171.3313 3.9635e+02     4.6600      0.137      0.199    25.0071 0.0000e+00
      0.140      0.000     8.1151     97.903     38.372  38.422508     1.5128      7.421   171.4590 3.9340e+02     4.6963      0.137      0.199    25.0200 0.0000e+00
      0.139 7.4494e-08     8.1021     97.844     38.352  38.405358     1.5247      7.422   171.6420 3.9178e+02     4.7594      0.137      0.198    25.0344 0.0000e+00
      0.138 8.1944e-07     8.0875     97.809     38.350  38.403786     1.5186      7.423   171.6501 3.9171e+02     4.7741      0.136      0.197    25.0454 0.0000e+00
      0.138      0.000     8.0840     97.815     38.352  38.403503     1.5136      7.424   171.6426 3.9145e+02     4.7374      0.135      0.196    25.0538 0.0000e+00
      0.138      0.000     8.0816     97.855     38.355  38.401931     1.5312      7.425   171.7236 3.9046e+02     4.7256      0.135      0.196    25.0597 0.0000e+00
      0.139      0.001     8.0730     97.906     38.343  38.384766     1.5569      7.426   171.7696 3.8867e+02     4.7682      0.136      0.198    25.0642 0.0000e+00
      0.140      0.001     8.0700     97.926     38.348  38.386340     1.5829      7.428   171.7677 3.8737e+02     4.8087      0.137      0.199    25.0657 0.0000e+00
      0.140      0.001     8.0715     97.889     38.380  38.420951     1.5880      7.429   171.7868 3.8569e+02     4.7709      0.137      0.199    25.0621 0.0000e+00
      0.139      0.000     8.0758     97.820     38.375  38.422509     1.5685      7.431   171.8283 3.8389e+02     4.6865      0.137      0.198    25.0563 0.0000e+00
      0.139 4.2827e-07     8.0832     97.758     38.351  38.405187     1.5555      7.432   171.9255 3.8531e+02     4.6762      0.136      0.198    25.0467 0.0000e+00
      0.139      0.000     8.0867     97.720     38.344  38.401897     1.5632      7.433   172.0159 3.8616e+02     4.7488      0.136      0.197    25.0415 0.0000e+00
      0.139      0.000     8.0815     97.665     38.324  38.382722     1.5869      7.434   172.0611 3.8741e+02     4.8475      0.137      0.198    25.0465 0.0000e+00
      0.139      0.001     8.0736     97.590     38.308  38.363725     1.5919      7.435   172.1290 3.9054e+02     4.9139      0.137      0.198    25.0557 0.0000e+00
      0.140      0.001     8.0656     97.559     38.313  38.362566     1.5741      7.437   172.1483 3.9020e+02     4.9360      0.137      0.199    25.0656 0.0000e+00
      0.140      0.001     8.0638     97.594     38.327  38.368703     1.5708      7.439   172.1220 3.8935e+02     4.9443      0.137      0.199    25.0717 0.0000e+00
      0.140      0.001     8.0602     97.644     38.342  38.374458     1.5940      7.440   172.2407 3.9081e+02     4.9115      0.138      0.200    25.0715 0.0000e+00
      0.140      0.001     8.0509     97.682     38.344  38.368679     1.6306      7.441   172.4647 3.9172e+02     4.8120      0.137      0.199    25.0672 0.0000e+00
      0.140      0.000     8.0489     97.710     38.342  38.362277     1.6472      7.442   172.5932 3.8851e+02     4.6980      0.137      0.199    25.0607 0.0000e+00
      0.141      0.000     8.0560     97.741     38.342  38.360509     1.6451      7.444   172.6763 3.8393e+02     4.6608      0.138      0.200    25.0490 0.0000e+00
      0.141     -0.001     8.0628     97.795     38.331  38.347298     1.7293      7.445   172.7808 3.8636e+02     4.7043      0.139      0.201    25.0352 0.0000e+00
      0.141     -0.001     8.0668     97.865     38.316  38.329452     1.8992      7.445   172.9100 3.8958e+02     4.7798      0.138      0.201    25.0255 0.0000e+00
      0.140     -0.001     8.0703     97.947     38.324  38.335107     1.9932      7.445   173.0348 3.8699e+02     4.8214      0.138      0.200    25.0195 0.0000e+00
      0.139     -0.001     8.0714     98.039     38.343  38.352209     2.0002      7.446   173.0850 3.8344e+02     4.7978      0.136      0.198    25.0176 0.0000e+00
      0.138      0.000     8.0773     98.125     38.339  38.345854     2.0753      7.447   173.0866 3.7954e+02     4.8017      0.135      0.196    25.0161 0.0000e+00
      0.138      0.001     8.0836     98.191     38.320  38.321720     2.2448      7.448   173.1404 3.7749e+02     4.8341      0.135      0.196    25.0120 0.0000e+00
      0.139      0.002     8.0906     98.220     38.319  38.314230     2.3517      7.449   173.2197 3.7840e+02     4.8141      0.135      0.196    25.0082 0.0000e+00
      0.140      0.003     8.0992     98.196     38.332  38.318738     2.3684      7.450   173.2710 3.7805e+02     4.7656      0.138      0.200    25.0073 0.0000e+00
      0.142      0.003     8.1069     98.142     38.335  38.312757     2.4059      7.450   173.4163 3.7493e+02     4.7258      0.140      0.203    25.0042 0.0000e+00
      0.143      0.002     8.1141     98.111     38.335  38.305362     2.9047      7.449   173.6854 3.7337e+02     4.8444      0.140      0.204    24.9977 0.0000e+00
      0.143      0.001     8.1183     98.119     38.331  38.292766     3.8379      7.449   173.9430 3.7451e+02     5.1404      0.140      0.203    24.9888 0.0000e+00
      0.143      0.000     8.1181     98.153     38.334  38.287356     4.3417      7.449   174.1225 3.7259e+02     5.3329      0.140      0.204    24.9756 0.0000e+00
      0.143      0.000     8.1122     98.206     38.356  38.303400     4.3273      7.450   174.3070 3.7025e+02     5.3618      0.140      0.203    24.9663 0.0000e+00
      0.143      0.001     8.1112     98.283     38.351  38.296373     3.6635      7.452   174.4525 3.6876e+02     5.1827      0.140      0.203    24.9569 0.0000e+00
      0.143      0.004     8.1144     98.380     38.324  38.265846     2.4345      7.452   174.4200 3.6614e+02     4.8759      0.139      0.202    24.9439 0.0000e+00
      0.143      0.006     8.1192     98.479     38.315  38.251576     1.7687      7.453   174.3441 3.6584e+02     4.7601      0.139      0.202    24.9323 0.0000e+00
      0.145      0.008     8.1242     98.547     38.324  38.250745     1.7050      7.455   174.3942 3.6763e+02     4.7390      0.142      0.206    24.9249 0.0000e+00
      0.148      0.008     8.1313     98.573     38.342  38.255787     1.6734      7.457   174.5103 3.6746e+02     4.7572      0.145      0.211    24.9218 0.0000e+00
      0.152      0.007     8.1401     98.582     38.348  38.249066     1.6355      7.457   174.5435 3.6433e+02     4.8781      0.150      0.217    24.9192 0.0000e+00
      0.155      0.005     8.1502     98.594     38.340  38.232909     1.6211      7.459   174.5372 3.6284e+02     4.9716      0.152      0.221    24.9130 0.0000e+00
      0.155      0.003     8.1591     98.635     38.363  38.250792     1.6413      7.462   174.6067 3.6374e+02     5.0328      0.152      0.221    24.9007 0.0000e+00
      0.154      0.003     8.1615     98.695     38.389  38.274917     1.6546      7.463   174.6954 3.6284e+02     4.9698      0.151      0.218    24.8820 0.0000e+00
      0.153      0.003     8.1665     98.776     38.383  38.270764     1.6486      7.464   174.8354 3.5921e+02     4.7907      0.149      0.216    24.8631 0.0000e+00
      0.154      0.004     8.1660     98.910     38.373  38.264045     1.6445      7.464   174.9217 3.5830e+02     4.7113      0.150      0.217    24.8529 0.0000e+00
      0.156      0.006     8.1721     99.052     38.360  38.257135     1.6465      7.464   174.8791 3.6128e+02     4.7272      0.152      0.221    24.8473 0.0000e+00
      0.159      0.006     8.1779     99.147     38.350  38.250686     1.6645      7.465   174.9218 3.6157e+02     4.7102      0.155      0.226    24.8448 0.0000e+00
      0.162      0.005     8.1808     99.140     38.347  38.249532     1.6875      7.466   175.0938 3.5988e+02     4.6422      0.158      0.231    24.8466 0.0000e+00
      0.163      0.004     8.1952     99.057     38.342  38.243186     1.6909      7.467   175.2389 3.5859e+02     4.6222      0.160      0.233    24.8515 0.0000e+00
      0.163      0.002     8.2053     98.975     38.339  38.237412     1.6806      7.468   175.2996 3.5745e+02     4.6384      0.161      0.232    24.8598 0.0000e+00
      0.162      0.000     8.2161     98.895     38.347  38.243172     1.6721      7.468   175.3116 3.5898e+02     4.6329      0.159      0.230    24.8660 0.0000e+00
      0.162 4.5039e-07     8.2136     98.760     38.356  38.249367     1.6788      7.469   175.2974 3.5947e+02     4.6586      0.158      0.229    24.8678 0.0000e+00
