Data/DataNotYetUploadedToEDI/Raw_CTD/RawDownloads/052724_fcr50_S7809006.cnv
* Sea-Bird SBE19plus  Data File:
* FileName = C:\R\Reservoirs\Data\DataNotYetUploadedToEDI\Raw_CTD\RawDownloads\052724_bvr50_S7809_0006.hex
* Software version 2.8.0.119
* Temperature SN = 7809
* Conductivity SN = 7809
* System UpLoad Time = Jun 04 2024 12:23:04
* <ApplicationData>
* <Seaterm232>
# nquan = 15
# nvalues = 1623                        
# units = specified
# name 0 = depFM: Depth [fresh water, m]
# name 1 = dz/dtM: Descent Rate [m/s]
# name 2 = sbeox0Mg/L: Oxygen, SBE 43 [mg/l]
# name 3 = sbeox0PS: Oxygen, SBE 43 [% saturation]
# name 4 = specc: Specific Conductance [uS/cm]
# name 5 = c0uS/cm: Conductivity [uS/cm]
# name 6 = flECO-AFL: Fluorescence, WET Labs ECO-AFL/FL [mg/m^3]
# name 7 = ph: pH
# name 8 = orp: Oxidation Reduction Potential [mV]
# name 9 = par/sat/log: PAR/Logarithmic, Satlantic
# name 10 = turbWETntu0: Turbidity, WET Labs ECO [NTU]
# name 11 = prdM: Pressure, Strain Gauge [db]
# name 12 = prdE: Pressure, Strain Gauge [psi]
# name 13 = tv290C: Temperature [ITS-90, deg C]
# name 14 = flag:  0.000e+00
# span 0 =     -0.746,      9.347       
# span 1 =     -0.303,      0.710       
# span 2 =     0.0822,    10.0142       
# span 3 =      0.751,    113.206       
# span 4 =      0.043,    349.531       
# span 5 =   0.038998, 252.539258       
# span 6 =    -0.5748,    26.0367       
# span 7 =      7.677,      8.475       
# span 8 =    42.0412,   279.0530       
# span 9 = 1.2362e-01, 3.1513e+03       
# span 10 =    -0.3657,   141.4737      
# span 11 =     -0.733,      9.166      
# span 12 =     -1.062,     13.295      
# span 13 =    10.8137,    24.3219      
# span 14 = 0.0000e+00, 0.0000e+00      
# interval = seconds: 0.25
# start_time = May 27 2024 14:06:23 [Instrument's time stamp, header]
# bad_flag = -9.990e-29
*END*
[from data line 579]
      0.275      0.000     7.8583     93.239     37.937  37.285799     2.0958      8.223   221.0035 5.5983e+01     3.5882      0.269      0.391    24.1302 0.0000e+00
      0.276      0.000     7.8413     93.313     37.939  37.285800     2.0901      8.223   220.7679 5.6753e+01     3.5397      0.270      0.392    24.1325 0.0000e+00
      0.276     -0.001     7.8262     93.360     37.930  37.275408     2.0631      8.224   220.4993 5.7798e+01     3.4566      0.270      0.392    24.1348 0.0000e+00
      0.275     -0.003     7.8192     93.423     37.944  37.287049     2.0357      8.225   220.3377 5.8516e+01     3.4725      0.269      0.390    24.1367 0.0000e+00
      0.273     -0.007     7.8275     93.513     37.958  37.299644     2.0335      8.225   220.4487 5.8758e+01     3.5945      0.268      0.388    24.1370 0.0000e+00
      0.273     -0.012     7.8363     93.581     37.958  37.300789     2.0288      8.225   220.7224 5.8920e+01     3.6331      0.268      0.388    24.1345 0.0000e+00
      0.271     -0.016     7.8377     93.619     37.956  37.300892     2.0122      8.224   221.0656 5.8947e+01     3.5982      0.267      0.387    24.1305 0.0000e+00
      0.266     -0.017     7.8428     93.635     37.954  37.300892     2.0068      8.224   221.4153 5.8748e+01     3.6505      0.263      0.382    24.1272 0.0000e+00
      0.258     -0.014     7.8539     93.600     37.953  37.300789     2.0133      8.224   221.5087 5.8746e+01     3.7534      0.253      0.367    24.1258 0.0000e+00
      0.248     -0.008     7.8589     93.519     37.952  37.299645     2.0250      8.222   221.4197 5.9206e+01     3.8179      0.241      0.349    24.1272 0.0000e+00
      0.243     -0.002     7.8603     93.444     37.942  37.287070     2.0315      8.221   221.2863 5.9584e+01     3.8145      0.235      0.340    24.1311 0.0000e+00
      0.247      0.004     7.8630     93.389     37.932  37.275637     2.0414      8.221   221.6163 5.9682e+01     3.7124      0.240      0.348    24.1352 0.0000e+00
      0.256      0.006     7.8602     93.327     37.945  37.288318     2.0618      8.222   222.3980 5.9828e+01     3.5744      0.252      0.366    24.1370 0.0000e+00
      0.264      0.005     7.8507     93.275     37.969  37.313490     2.0785      8.223   222.7368 5.9646e+01     3.5458      0.262      0.380    24.1350 0.0000e+00
      0.266      0.003     7.8447     93.278     37.979  37.326171     2.0935      8.223   222.5289 5.9283e+01     3.6057      0.264      0.383    24.1310 0.0000e+00
      0.261      0.001     7.8424     93.331     37.963  37.314737     2.1184      8.224   222.2074 5.9164e+01     3.6504      0.257      0.373    24.1282 0.0000e+00
      0.253      0.000     7.8363     93.367     37.947  37.302160     2.1626      8.224   222.1196 5.9060e+01     3.7107      0.246      0.357    24.1281 0.0000e+00
      0.250      0.000     7.8298     93.376     37.945  37.301017     2.1956      8.224   222.5851 5.9021e+01     3.7881      0.242      0.351    24.1304 0.0000e+00
      0.255      0.001     7.8286     93.401     37.948  37.300914     2.1927      8.224   223.4484 5.9306e+01     3.8343      0.249      0.361    24.1350 0.0000e+00
      0.264      0.002     7.8364     93.446     37.952  37.300914     2.1611      8.224   223.9540 5.9634e+01     3.8258      0.260      0.378    24.1398 0.0000e+00
      0.268      0.002     7.8390     93.489     37.953  37.301017     2.1129      8.224   223.9652 5.9524e+01     3.7873      0.266      0.385    24.1452 0.0000e+00
      0.264      0.001     7.8360     93.512     37.953  37.302162     2.0926      8.224   223.8423 5.8869e+01     3.8131      0.259      0.377    24.1484 0.0000e+00
      0.258     -0.001     7.8400     93.485     37.963  37.314747     2.0986      8.223   223.7584 5.7583e+01     3.8642      0.250      0.364    24.1433 0.0000e+00
      0.255     -0.001     7.8455     93.415     37.973  37.326283     2.1107      8.223   224.0694 5.6134e+01     3.7905      0.248      0.360    24.1355 0.0000e+00
      0.256      0.001     7.8494     93.354     37.961  37.314746     2.1306      8.223   224.5909 5.5112e+01     3.6055      0.250      0.363    24.1335 0.0000e+00
      0.259      0.005     7.8525     93.300     37.949  37.302161     2.1398      8.223   224.9010 5.4407e+01     3.4712      0.255      0.369    24.1367 0.0000e+00
      0.262      0.007     7.8496     93.251     37.949  37.301016     2.1468      8.223   225.1517 5.3782e+01     3.5001      0.257      0.373    24.1419 0.0000e+00
      0.265      0.006     7.8402     93.260     37.949  37.300904     2.1565      8.223   225.2133 5.3349e+01     3.6129      0.260      0.377    24.1444 0.0000e+00
      0.267      0.003     7.8362     93.319     37.948  37.300800     2.1577      8.223   224.5274 5.3093e+01     3.7076      0.263      0.381    24.1434 0.0000e+00
      0.267      0.001     7.8329     93.361     37.946  37.299758     2.1524      8.222   223.7421 5.2705e+01     3.7570      0.264      0.382    24.1426 0.0000e+00
      0.265      0.000     7.8256     93.403     37.933  37.288316     2.1340      8.220   223.8922 5.2513e+01     3.7320      0.260      0.377    24.1415 0.0000e+00
      0.264     -0.001     7.8266     93.483     37.933  37.289365     2.1188      8.219   224.4502 5.2601e+01     3.7127      0.257      0.373    24.1395 0.0000e+00
      0.264     -0.001     7.8358     93.558     37.955  37.312440     2.1191      8.217   224.8950 5.2294e+01     3.7287      0.259      0.375    24.1401 0.0000e+00
      0.265     -0.001     7.8372     93.587     37.954  37.313497     2.1117      8.216   224.4515 5.1535e+01     3.7554      0.260      0.377    24.1438 0.0000e+00
      0.265     -0.001     7.8376     93.577     37.940  37.302160     2.0887      8.216   223.2180 5.0890e+01     3.7623      0.260      0.377    24.1458 0.0000e+00
      0.265     -0.001     7.8477     93.564     37.938  37.302274     2.0653      8.215   222.8872 5.0389e+01     3.7090      0.260      0.377    24.1459 0.0000e+00
      0.264     -0.001     7.8545     93.587     37.949  37.314879     2.0535      8.213   223.2921 5.0164e+01     3.7260      0.259      0.376    24.1475 0.0000e+00
      0.263      0.000     7.8562     93.637     37.959  37.327656     2.0462      8.210   223.7246 5.0440e+01     3.7970      0.258      0.374    24.1506 0.0000e+00
      0.263      0.002     7.8538     93.669     37.958  37.329857     2.0353      8.208   224.1588 5.0685e+01     3.7825      0.257      0.372    24.1538 0.0000e+00
      0.263      0.003     7.8507     93.650     37.966  37.341499     2.0214      8.208   223.8099 5.1139e+01     3.7549      0.257      0.372    24.1562 0.0000e+00
      0.265      0.003     7.8527     93.628     37.963  37.341509     2.0190      8.209   222.8616 5.2296e+01     3.8039      0.260      0.377    24.1581 0.0000e+00
      0.267      0.002     7.8577     93.645     37.948  37.329981     2.0323      8.210   222.5018 5.3143e+01     3.8631      0.263      0.382    24.1620 0.0000e+00
      0.268      0.001     7.8618     93.673     37.942  37.329036     2.0404      8.211   222.7291 5.3393e+01     3.8219      0.264      0.383    24.1677 0.0000e+00
      0.267     -0.001     7.8574     93.719     37.938  37.330085     2.0335      8.213   223.0289 5.3819e+01     3.7491      0.262      0.380    24.1718 0.0000e+00
      0.266     -0.002     7.8520     93.764     37.946  37.342671     2.0322      8.214   223.1146 5.4001e+01     3.7689      0.260      0.377    24.1745 0.0000e+00
      0.266     -0.002     7.8568     93.744     37.954  37.354311     2.0573      8.215   222.9043 5.3774e+01     3.8223      0.261      0.378    24.1790 0.0000e+00
      0.265     -0.001     7.8558     93.698     37.940  37.343919     2.0874      8.216   222.6371 5.3679e+01     3.8473      0.259      0.376    24.1864 0.0000e+00
      0.264      0.001     7.8585     93.646     37.940  37.343938     2.0972      8.216   222.4658 5.3334e+01     3.8329      0.257      0.374    24.1935 0.0000e+00
      0.265      0.001     7.8669     93.566     37.952  37.354541     2.0749      8.216   222.4682 5.2752e+01     3.7854      0.260      0.377    24.1989 0.0000e+00
      0.267      0.001     7.8600     93.499     37.944  37.345209     2.0344      8.215   223.0962 5.2404e+01     3.7517      0.263      0.381    24.2046 0.0000e+00
      0.268      0.001     7.8551     93.474     37.956  37.358004     2.0240      8.215   224.1212 5.1810e+01     3.7666      0.263      0.381    24.2096 0.0000e+00
      0.267     -0.000     7.8532     93.461     37.978  37.382345     2.0401      8.215   224.2796 5.0592e+01     3.8295      0.262      0.379    24.2101 0.0000e+00
      0.266     -0.002     7.8443     93.461     37.977  37.385701     2.0378      8.215   223.6343 4.9343e+01     3.8285      0.261      0.378    24.2072 0.0000e+00
      0.265     -0.002     7.8371     93.511     37.983  37.398590     2.0046      8.216   223.1161 4.8127e+01     3.7544      0.260      0.377    24.2057 0.0000e+00
      0.265     -0.001     7.8377     93.616     37.988  37.411288     1.9717      8.218   222.8321 4.6677e+01     3.7533      0.260      0.377    24.2066 0.0000e+00
      0.264      0.001     7.8357     93.721     37.984  37.412328     1.9729      8.220   223.1271 4.5746e+01     3.8147      0.259      0.376    24.2091 0.0000e+00
      0.264      0.003     7.8332     93.760     37.980  37.411175     1.9778      8.221   223.9291 4.5437e+01     3.8474      0.258      0.374    24.2143 0.0000e+00
      0.264      0.003     7.8358     93.761     37.964  37.397350     1.9473      8.221   224.3542 4.5100e+01     3.8417      0.258      0.375    24.2254 0.0000e+00
      0.267      0.003     7.8440     93.797     37.936  37.372082     1.9047      8.221   224.3961 4.4789e+01     3.8132      0.262      0.379    24.2366 0.0000e+00
      0.271      0.002     7.8561     93.862     37.924  37.359486     1.8954      8.221   224.2632 4.5089e+01     3.8112      0.266      0.385    24.2422 0.0000e+00
      0.272     -0.000     7.8570     93.884     37.939  37.371958     1.9176      8.221   224.2106 4.5714e+01     3.8522      0.267      0.388    24.2447 0.0000e+00
      0.270     -0.002     7.8533     93.833     37.967  37.395967     1.9565      8.222   224.4486 4.5871e+01     3.7957      0.265      0.384    24.2482 0.0000e+00
      0.266     -0.004     7.8561     93.751     37.971  37.395947     2.0005      8.223   224.5588 4.6031e+01     3.6069      0.261      0.378    24.2517 0.0000e+00
      0.264     -0.004     7.8653     93.710     37.948  37.371719     2.0165      8.224   224.5108 4.6221e+01     3.5162      0.258      0.375    24.2500 0.0000e+00
      0.263     -0.004     7.8685     93.740     37.933  37.356844     2.0168      8.225   224.3842 4.5836e+01     3.5868      0.258      0.374    24.2472 0.0000e+00
      0.263     -0.003     7.8631     93.796     37.919  37.343001     1.9785      8.226   224.2327 4.5642e+01     3.6071      0.258      0.375    24.2430 0.0000e+00
      0.263     -0.001     7.8549     93.830     37.912  37.331247     1.8947      8.226   224.2282 4.5918e+01     3.5217      0.258      0.374    24.2359 0.0000e+00
      0.263      0.000     7.8499     93.838     37.929  37.341632     1.8447      8.227   224.3292 4.5833e+01     3.4776      0.258      0.374    24.2338 0.0000e+00
      0.263 -2.200e-08     7.8547     93.818     37.934  37.341651     1.8314      8.228   224.4222 4.5667e+01     3.5172      0.258      0.374    24.2356 0.0000e+00
      0.263 -2.420e-07     7.8610     93.765     37.924  37.331466     1.8334      8.228   224.4065 4.6262e+01     3.6257      0.258      0.374    24.2361 0.0000e+00
      0.263 -2.221e-07     7.8647     93.730     37.936  37.345396     1.8447      8.228   224.3968 4.6917e+01     3.7293      0.258      0.374    24.2297 0.0000e+00
      0.263 -3.245e-09     7.8663     93.721     37.972  37.383173     1.8510      8.228   224.3913 4.6561e+01     3.7118      0.257      0.373    24.2181 0.0000e+00
      0.263 -3.570e-08     7.8675     93.716     37.994  37.407505     1.8595      8.228   224.3397 4.6324e+01     3.6525      0.258      0.374    24.2122 0.0000e+00
      0.264 -3.927e-07     7.8593     93.689     37.969  37.385784     1.8642      8.229   224.3743 4.6899e+01     3.6278      0.259      0.375    24.2125 0.0000e+00
      0.264     -0.000     7.8564     93.639     37.956  37.374361     1.8662      8.229   224.3804 4.6806e+01     3.5833      0.259      0.376    24.2152 0.0000e+00
      0.264      0.000     7.8566     93.644     37.977  37.396302     1.8590      8.229   224.3269 4.6616e+01     3.5258      0.259      0.375    24.2191 0.0000e+00
      0.263     -0.001     7.8546     93.685     37.977  37.397248     1.8356      8.230   224.3294 4.7252e+01     3.4786      0.258      0.374    24.2231 0.0000e+00
      0.263     -0.001     7.8556     93.683     37.964  37.385806     1.8247      8.231   224.3255 4.7440e+01     3.4560      0.258      0.374    24.2261 0.0000e+00
      0.263     -0.001     7.8442     93.663     37.962  37.384870     1.8513      8.232   224.3652 4.7218e+01     3.4910      0.258      0.375    24.2285 0.0000e+00
      0.263     -0.000     7.8463     93.652     37.962  37.385928     1.8997      8.233   224.4651 4.7233e+01     3.5608      0.258      0.374    24.2302 0.0000e+00
      0.262      0.000     7.8546     93.636     37.973  37.398599     1.9192      8.234   224.5015 4.7029e+01     3.5819      0.257      0.373    24.2301 0.0000e+00
      0.262      0.001     7.8512     93.665     37.983  37.411174     1.9031      8.235   224.4617 4.6394e+01     3.5419      0.257      0.373    24.2325 0.0000e+00
      0.263      0.001     7.8477     93.737     37.980  37.411069     1.8636      8.236   224.3274 4.5786e+01     3.5217      0.258      0.375    24.2347 0.0000e+00
      0.264      0.002     7.8496     93.749     37.964  37.397329     1.8168      8.236   224.2544 4.5278e+01     3.5419      0.259      0.376    24.2353 0.0000e+00
      0.264      0.004     7.8445     93.715     37.935  37.371957     1.8035      8.237   224.4396 4.4898e+01     3.5819      0.259      0.375    24.2380 0.0000e+00
      0.264      0.005     7.8447     93.722     37.919  37.358122     1.8025      8.237   224.5878 4.4914e+01     3.5613      0.259      0.376    24.2420 0.0000e+00
      0.265      0.005     7.8574     93.750     37.918  37.356957     1.8035      8.236   224.4972 4.4834e+01     3.4968      0.260      0.377    24.2451 0.0000e+00
      0.268      0.004     7.8564     93.749     37.922  37.357874     1.8335      8.236   224.4622 4.4676e+01     3.5202      0.263      0.381    24.2472 0.0000e+00
      0.272      0.002     7.8480     93.717     37.937  37.369202     1.8648      8.237   224.5093 4.4588e+01     3.5705      0.267      0.386    24.2526 0.0000e+00
      0.273      0.000     7.8501     93.676     37.940  37.367009     1.8748      8.237   224.4642 4.4253e+01     3.5931      0.269      0.390    24.2559 0.0000e+00
      0.271     -0.002     7.8552     93.650     37.910  37.331349     1.8793      8.237   224.3468 4.4080e+01     3.5887      0.267      0.388    24.2539 0.0000e+00
      0.268     -0.004     7.8544     93.645     37.902  37.318764     1.8855      8.237   224.2944 4.4033e+01     3.5514      0.262      0.380    24.2515 0.0000e+00
      0.265     -0.004     7.8522     93.629     37.929  37.341744     1.9000      8.236   224.4338 4.3705e+01     3.5858      0.259      0.376    24.2468 0.0000e+00
      0.264     -0.003     7.8486     93.566     37.945  37.355370     1.9209      8.236   224.5692 4.3255e+01     3.6630      0.259      0.375    24.2391 0.0000e+00
      0.264     -0.002     7.8480     93.493     37.948  37.356609     1.9137      8.237   224.5557 4.2784e+01     3.6652      0.259      0.376    24.2303 0.0000e+00
