Data/DataNotYetUploadedToEDI/Raw_CTD/RawDownloads/052724_fcr30_S7809004.cnv
* Sea-Bird SBE19plus  Data File:
* FileName = C:\R\Reservoirs\Data\DataNotYetUploadedToEDI\Raw_CTD\RawDownloads\052724_bvr50_S7809_0004.hex
* Software version 2.8.0.119
* Temperature SN = 7809
* Conductivity SN = 7809
* System UpLoad Time = Jun 04 2024 12:21:54
* <ApplicationData>
* <Seaterm232>
# nquan = 15
# nvalues = 1408                        
# units = specified
# name 0 = depFM: Depth [fresh water, m]
# name 1 = dz/dtM: Descent Rate [m/s]
# name 2 = sbeox0Mg/L: Oxygen, SBE 43 [mg/l]
# name 3 = sbeox0PS: Oxygen, SBE 43 [% saturation]
# name 4 = specc: Specific Conductance [uS/cm]
# name 5 = c0uS/cm: Conductivity [uS/cm]
# name 6 = flECO-AFL: Fluorescence, WET Labs ECO-AFL/FL [mg/m^3]
# name 7 = ph: pH
# name 8 = orp: Oxidation Reduction Potential [mV]
# name 9 = par/sat/log: PAR/Logarithmic, Satlantic
# name 10 = turbWETntu0: Turbidity, WET Labs ECO [NTU]
# name 11 = prdM: Pressure, Strain Gauge [db]
# name 12 = prdE: Pressure, Strain Gauge [psi]
# name 13 = tv290C: Temperature [ITS-90, deg C]
# name 14 = flag:  0.000e+00
# span 0 =     -0.741,      5.221       
# span 1 =     -0.252,      0.241       
# span 2 =     1.8702,     9.9982       
# span 3 =     17.552,    110.423       
# span 4 =      1.974,     44.026       
# span 5 =   1.858079,  38.712142       
# span 6 =    -0.4015,    13.6049       
# span 7 =      7.992,      8.413       
# span 8 =   164.4831,   862.6696       
# span 9 = 2.7650e+00, 2.6219e+03       
# span 10 =    -0.2059,   120.9233      
# span 11 =     -0.727,      5.120      
# span 12 =     -1.054,      7.427      
# span 13 =    10.9903,    24.8495      
# span 14 = 0.0000e+00, 0.0000e+00      
# interval = seconds: 0.25
# start_time = May 27 2024 13:46:27 [Instrument's time stamp, header]
# bad_flag = -9.990e-29
*END*
[from data line 290]
      0.052      0.002     8.0243     96.564     38.201  37.764598     1.4308      8.193   195.4493 1.1788e+03     3.7156      0.051      0.074    24.4277 0.0000e+00
      0.052      0.001     8.0375     96.550     38.223  37.788350     1.4418      8.193   195.5248 1.2112e+03     3.7660      0.052      0.075    24.4254 0.0000e+00
      0.052      0.001     8.0493     96.485     38.235  37.801942     1.4562      8.193   195.5508 1.4562e+03     3.7889      0.052      0.074    24.4238 0.0000e+00
      0.052      0.000     8.0613     96.376     38.231  37.802034     1.4545      8.193   195.6783 1.6067e+03     3.7534      0.051      0.073    24.4221 0.0000e+00
      0.052      0.000     8.0661     96.248     38.213  37.789465     1.4380      8.193   195.8609 1.6931e+03     3.7129      0.051      0.074    24.4228 0.0000e+00
      0.052     -0.001     8.0634     96.143     38.197  37.776891     1.4316      8.194   195.9528 1.6907e+03     3.7442      0.051      0.074    24.4251 0.0000e+00
      0.052     -0.001     8.0578     96.071     38.196  37.776925     1.4440      8.194   196.0145 1.5281e+03     3.7902      0.052      0.075    24.4277 0.0000e+00
      0.052      0.000     8.0477     96.034     38.208  37.789874     1.4627      8.194   196.0914 1.5239e+03     3.7560      0.051      0.074    24.4334 0.0000e+00
      0.051 -1.881e-08     8.0332     95.990     38.223  37.806551     1.4741      8.194   196.1073 1.7058e+03     3.7067      0.050      0.073    24.4411 0.0000e+00
      0.051 -2.069e-07     8.0250     95.896     38.203  37.788196     1.4817      8.194   196.1209 1.7398e+03     3.7070      0.050      0.073    24.4447 0.0000e+00
      0.051 -2.438e-07     8.0175     95.792     38.172  37.758308     1.4964      8.194   196.1699 1.8218e+03     3.7245      0.050      0.073    24.4459 0.0000e+00
      0.052 -4.655e-07     8.0158     95.750     38.177  37.762459     1.5024      8.194   196.1838 1.9470e+03     3.7140      0.050      0.074    24.4481 0.0000e+00
      0.052      0.000     8.0146     95.771     38.190  37.774932     1.4880      8.194   196.2033 1.9322e+03     3.6825      0.051      0.075    24.4496 0.0000e+00
      0.052     -0.000     8.0040     95.798     38.197  37.782203     1.4805      8.195   196.3190 1.9874e+03     3.6853      0.051      0.074    24.4508 0.0000e+00
      0.052     -0.001     7.9929     95.818     38.201  37.786926     1.4784      8.195   196.4643 1.9471e+03     3.7474      0.052      0.075    24.4523 0.0000e+00
      0.052     -0.002     7.9885     95.823     38.180  37.768580     1.4630      8.196   196.5833 1.7387e+03     3.8180      0.051      0.074    24.4520 0.0000e+00
      0.051     -0.002     7.9944     95.803     38.160  37.750755     1.4442      8.196   196.7250 1.6489e+03     3.8221      0.050      0.073    24.4506 0.0000e+00
      0.050     -0.002     7.9958     95.781     38.170  37.761773     1.4255      8.195   196.8874 1.8837e+03     3.7626      0.049      0.072    24.4502 0.0000e+00
      0.049     -0.002     7.9971     95.774     38.182  37.774879     1.4190      8.195   196.9984 2.0791e+03     3.7476      0.048      0.070    24.4520 0.0000e+00
      0.049     -0.001     7.9989     95.792     38.189  37.782311     1.4326      8.195   197.0343 1.8724e+03     3.8124      0.048      0.069    24.4553 0.0000e+00
      0.049      0.000     7.9945     95.843     38.195  37.788184     1.4490      8.195   197.0640 1.7673e+03     3.8617      0.048      0.070    24.4579 0.0000e+00
      0.049      0.001     7.9927     95.908     38.189  37.782429     1.4509      8.195   197.0989 1.8182e+03     3.8318      0.048      0.070    24.4594 0.0000e+00
      0.050      0.002     7.9916     95.947     38.184  37.776189     1.4381      8.196   197.1114 1.6352e+03     3.7585      0.049      0.071    24.4603 0.0000e+00
      0.050      0.002     7.9922     95.934     38.185  37.776189     1.4530      8.196   197.1294 1.3512e+03     3.7609      0.049      0.072    24.4615 0.0000e+00
      0.051      0.002     7.9973     95.894     38.192  37.782430     1.4978      8.196   197.2303 1.2680e+03     3.8270      0.050      0.072    24.4621 0.0000e+00
      0.053      0.002     8.0039     95.873     38.197  37.788195     1.5214      8.196   197.3849 1.4944e+03     3.8399      0.052      0.074    24.4612 0.0000e+00
      0.053      0.002     8.0089     95.883     38.191  37.782426     1.5140      8.197   197.4502 1.7306e+03     3.7801      0.052      0.076    24.4605 0.0000e+00
      0.053      0.002     8.0065     95.914     38.184  37.776137     1.4830      8.197   197.5039 1.6689e+03     3.7196      0.052      0.075    24.4595 0.0000e+00
      0.053      0.002     8.0016     95.954     38.182  37.775616     1.4549      8.197   197.6039 1.6024e+03     3.7571      0.051      0.075    24.4584 0.0000e+00
      0.054      0.002     7.9999     96.012     38.181  37.776135     1.4569      8.197   197.7125 1.7196e+03     3.7887      0.052      0.077    24.4583 0.0000e+00
      0.056      0.001     8.0007     96.072     38.186  37.782414     1.4668      8.196   197.7850 1.8644e+03     3.7605      0.054      0.079    24.4590 0.0000e+00
      0.056      0.000     8.0043     96.097     38.190  37.788079     1.4570      8.196   197.7918 1.8855e+03     3.7575      0.055      0.080    24.4596 0.0000e+00
      0.055     -0.002     8.0061     96.082     38.182  37.781175     1.4460      8.196   197.7948 1.6680e+03     3.7530      0.055      0.080    24.4616 0.0000e+00
      0.054     -0.003     8.0112     96.022     38.162  37.762400     1.4510      8.196   197.8215 1.5128e+03     3.7740      0.053      0.078    24.4644 0.0000e+00
      0.052     -0.003     8.0180     95.893     38.151  37.751435     1.4511      8.197   197.9422 1.6481e+03     3.7735      0.051      0.075    24.4657 0.0000e+00
      0.051     -0.003     8.0190     95.729     38.176  37.775506     1.4558      8.198   198.0507 1.8896e+03     3.7116      0.050      0.073    24.4674 0.0000e+00
      0.050     -0.002     8.0178     95.625     38.200  37.799625     1.4748      8.198   198.1002 1.9607e+03     3.6750      0.049      0.071    24.4692 0.0000e+00
      0.050     -0.001     8.0138     95.618     38.189  37.789232     1.4887      8.198   198.1098 1.8400e+03     3.7064      0.048      0.070    24.4697 0.0000e+00
      0.050      0.000     8.0028     95.651     38.175  37.776754     1.4987      8.198   198.0813 1.7821e+03     3.7843      0.049      0.071    24.4698 0.0000e+00
      0.051 -4.298e-07     7.9847     95.701     38.173  37.775672     1.5044      8.198   198.1859 1.7338e+03     3.7964      0.050      0.073    24.4694 0.0000e+00
      0.052     -0.000     7.9745     95.778     38.173  37.776140     1.5004      8.197   198.3415 1.6264e+03     3.7499      0.051      0.074    24.4690 0.0000e+00
      0.052     -0.000     7.9774     95.868     38.179  37.782414     1.4917      8.197   198.4149 1.8086e+03     3.7347      0.051      0.074    24.4706 0.0000e+00
      0.051     -0.001     7.9799     95.966     38.186  37.788078     1.4906      8.198   198.4713 1.9906e+03     3.7499      0.050      0.072    24.4730 0.0000e+00
      0.051     -0.001     7.9826     96.029     38.181  37.781169     1.5036      8.199   198.5067 1.8386e+03     3.7969      0.050      0.072    24.4742 0.0000e+00
      0.050     -0.001     7.9908     96.017     38.164  37.762333     1.5070      8.199   198.5843 1.6405e+03     3.8247      0.049      0.071    24.4749 0.0000e+00
      0.050     -0.000     7.9972     95.992     38.154  37.750692     1.4909      8.199   198.7216 1.4546e+03     3.7784      0.049      0.071    24.4752 0.0000e+00
      0.050      0.001     8.0068     96.007     38.172  37.767326     1.4825      8.199   198.7901 1.4895e+03     3.7498      0.048      0.070    24.4734 0.0000e+00
      0.050      0.002     8.0160     96.026     38.177  37.773091     1.4895      8.199   198.8964 1.6601e+03     3.7865      0.049      0.071    24.4700 0.0000e+00
      0.051      0.004     8.0116     96.039     38.162  37.756933     1.5160      8.198   199.0605 1.6230e+03     3.8119      0.049      0.072    24.4666 0.0000e+00
      0.052      0.004     8.0074     96.090     38.169  37.762324     1.5451      8.198   199.1395 1.5735e+03     3.7833      0.051      0.074    24.4647 0.0000e+00
      0.054      0.004     8.0114     96.169     38.182  37.774815     1.5421      8.198   199.0765 1.7719e+03     3.7147      0.053      0.077    24.4641 0.0000e+00
      0.055      0.003     8.0140     96.246     38.189  37.781057     1.5298      8.199   198.9879 1.8604e+03     3.6652      0.054      0.078    24.4645 0.0000e+00
      0.056      0.002     8.0115     96.332     38.182  37.774339     1.5212      8.199   199.0999 1.7456e+03     3.6972      0.056      0.081    24.4637 0.0000e+00
      0.056      0.001     8.0175     96.395     38.165  37.757043     1.5051      8.199   199.2274 1.8298e+03     3.7605      0.055      0.080    24.4610 0.0000e+00
      0.055      0.000     8.0264     96.405     38.171  37.762298     1.4935      8.199   199.2381 1.8451e+03     3.7468      0.053      0.078    24.4605 0.0000e+00
      0.055     -0.001     8.0300     96.380     38.183  37.774416     1.4885      8.198   199.3153 1.6168e+03     3.7025      0.053      0.078    24.4609 0.0000e+00
      0.055     -0.001     8.0397     96.332     38.185  37.776653     1.4946      8.197   199.3865 1.5688e+03     3.7380      0.054      0.079    24.4608 0.0000e+00
      0.055     -0.001     8.0464     96.288     38.198  37.789338     1.5091      8.198   199.4106 1.8433e+03     3.8004      0.054      0.079    24.4594 0.0000e+00
      0.055     -0.001     8.0458     96.278     38.210  37.800885     1.5143      8.198   199.5212 1.8963e+03     3.8065      0.054      0.078    24.4578 0.0000e+00
      0.054     -0.001     8.0442     96.284     38.199  37.789353     1.5080      8.197   199.6909 1.5555e+03     3.7775      0.053      0.077    24.4585 0.0000e+00
      0.054     -0.001     8.0390     96.290     38.187  37.776819     1.4905      8.196   199.7417 1.4283e+03     3.7241      0.053      0.077    24.4601 0.0000e+00
      0.053      0.000     8.0334     96.310     38.187  37.776247     1.4690      8.196   199.6190 1.5406e+03     3.7075      0.052      0.076    24.4589 0.0000e+00
      0.053 -1.863e-08     8.0346     96.345     38.192  37.782436     1.4568      8.197   199.5844 1.6091e+03     3.7808      0.052      0.076    24.4575 0.0000e+00
      0.054 -2.049e-07     8.0355     96.375     38.197  37.788195     1.4586      8.198   199.7537 1.6126e+03     3.8245      0.053      0.077    24.4584 0.0000e+00
      0.054 -2.049e-07     8.0349     96.371     38.191  37.782426     1.4573      8.198   199.9448 1.6146e+03     3.7918      0.053      0.077    24.4575 0.0000e+00
      0.054 -1.863e-08     8.0374     96.337     38.184  37.776137     1.4580      8.199   200.0874 1.8800e+03     3.7614      0.053      0.077    24.4567 0.0000e+00
      0.053 -1.693e-09     8.0401     96.283     38.184  37.775616     1.4844      8.199   200.1884 2.1781e+03     3.7646      0.053      0.077    24.4571 0.0000e+00
      0.053 -1.539e-10     8.0443     96.211     38.185  37.776126     1.5018      8.199   200.2189 2.0135e+03     3.7619      0.051      0.075    24.4580 0.0000e+00
      0.054 -1.400e-11     8.0432     96.141     38.192  37.782300     1.5013      8.199   200.1984 1.8636e+03     3.7287      0.052      0.076    24.4593 0.0000e+00
      0.054 -1.272e-12     8.0397     96.074     38.197  37.786811     1.5456      8.199   200.1993 1.9252e+03     3.7051      0.053      0.077    24.4594 0.0000e+00
      0.054 -1.157e-13     8.0361     95.995     38.177  37.767213     1.6291      8.199   200.2293 1.7959e+03     3.7501      0.053      0.077    24.4592 0.0000e+00
      0.054 -1.052e-14     8.0286     95.956     38.146  37.735705     1.6788      8.200   200.2166 1.9327e+03     3.8286      0.053      0.077    24.4586 0.0000e+00
      0.054 -9.558e-16     8.0225     95.963     38.133  37.723129     1.6803      8.200   200.2186 2.3176e+03     3.8003      0.053      0.077    24.4581 0.0000e+00
      0.054 -8.518e-17     8.0192     95.938     38.152  37.742060     1.6222      8.200   200.3387 2.1526e+03     3.7152      0.053      0.077    24.4585 0.0000e+00
      0.054 1.1046e-17     8.0096     95.900     38.185  37.774236     1.5254      8.200   200.4644 1.8957e+03     3.6881      0.053      0.077    24.4580 0.0000e+00
      0.054 2.0768e-16     8.0047     95.893     38.205  37.794887     1.4839      8.200   200.5330 2.2251e+03     3.7118      0.052      0.076    24.4565 0.0000e+00
      0.054 2.2924e-15     8.0119     95.871     38.211  37.801394     1.4949      8.200   200.5670 2.2571e+03     3.7625      0.053      0.077    24.4560 0.0000e+00
      0.054 2.5217e-14     8.0069     95.836     38.201  37.789451     1.4842      8.200   200.6174 1.8854e+03     3.7884      0.053      0.077    24.4566 0.0000e+00
      0.054 2.7738e-13     8.0008     95.840     38.192  37.777396     1.4452      8.199   200.7983 1.7595e+03     3.7854      0.053      0.077    24.4566 0.0000e+00
      0.054 3.0512e-12     8.0044     95.897     38.201  37.782541     1.4234      8.198   200.9472 1.7709e+03     3.7612      0.052      0.076    24.4567 0.0000e+00
      0.053 3.3563e-11     8.0014     95.976     38.210  37.788205     1.4286      8.197   200.9554 1.7745e+03     3.7346      0.052      0.076    24.4580 0.0000e+00
      0.053 3.6920e-10     7.9966     96.060     38.207  37.782423     1.4337      8.198   200.9828 1.5942e+03     3.7373      0.052      0.076    24.4560 0.0000e+00
      0.053 4.0612e-09     7.9972     96.170     38.202  37.776077     1.4186      8.199   201.1068 1.4678e+03     3.7255      0.052      0.075    24.4505 0.0000e+00
      0.053 4.4673e-08     8.0042     96.295     38.201  37.774922     1.3956      8.199   201.2502 1.4976e+03     3.7283      0.052      0.076    24.4464 0.0000e+00
      0.053 4.9140e-07     8.0121     96.374     38.196  37.768464     1.3799      8.200   201.3392 1.6120e+03     3.7715      0.053      0.077    24.4419 0.0000e+00
      0.052      0.000     8.0184     96.374     38.191  37.761442     1.3787      8.200   201.4090 1.7439e+03     3.8039      0.052      0.075    24.4389 0.0000e+00
      0.052      0.000     8.0277     96.329     38.184  37.753474     1.4047      8.199   201.4918 1.5761e+03     3.8122      0.051      0.075    24.4373 0.0000e+00
      0.052      0.001     8.0411     96.282     38.168  37.735582     1.4283      8.199   201.5654 1.3599e+03     3.7701      0.051      0.075    24.4356 0.0000e+00
      0.053      0.002     8.0493     96.244     38.170  37.735468     1.4228      8.199   201.5251 1.3054e+03     3.7383      0.051      0.075    24.4348 0.0000e+00
      0.054      0.004     8.0477     96.189     38.189  37.752092     1.4133      8.199   201.4350 1.4056e+03     3.7358      0.053      0.077    24.4324 0.0000e+00
      0.055      0.006     8.0431     96.145     38.185  37.746214     1.4141      8.199   201.5089 1.5361e+03     3.7395      0.053      0.078    24.4300 0.0000e+00
      0.056      0.006     8.0384     96.182     38.167  37.727850     1.4081      8.199   201.6440 1.3670e+03     3.7483      0.053      0.078    24.4284 0.0000e+00
      0.058      0.006     8.0378     96.290     38.160  37.720416     1.3901      8.199   201.6914 1.1720e+03     3.7062      0.056      0.082    24.4255 0.0000e+00
      0.062      0.007     8.0332     96.396     38.162  37.719782     1.3702      8.199   201.7380 1.2296e+03     3.7088      0.062      0.090    24.4215 0.0000e+00
      0.063      0.007     8.0260     96.458     38.167  37.720189     1.3759      8.199   201.7765 1.3400e+03     3.7794      0.063      0.092    24.4186 0.0000e+00
