Data/DataNotYetUploadedToEDI/Raw_CTD/RawDownloads/052724_bvr50_S7809001.cnv
* Sea-Bird SBE19plus  Data File:
* FileName = C:\R\Reservoirs\Data\DataNotYetUploadedToEDI\Raw_CTD\RawDownloads\052724_bvr50_S7809_0001.hex
* Software version 2.8.0.119
* Temperature SN = 7809
* Conductivity SN = 7809
* System UpLoad Time = Jun 04 2024 12:19:55
* <ApplicationData>
* <Seaterm232>
# nquan = 15
# nvalues = 1185                        
# units = specified
# name 0 = depFM: Depth [fresh water, m]
# name 1 = dz/dtM: Descent Rate [m/s]
# name 2 = sbeox0Mg/L: Oxygen, SBE 43 [mg/l]
# name 3 = sbeox0PS: Oxygen, SBE 43 [% saturation]
# name 4 = specc: Specific Conductance [uS/cm]
# name 5 = c0uS/cm: Conductivity [uS/cm]
# name 6 = flECO-AFL: Fluorescence, WET Labs ECO-AFL/FL [mg/m^3]
# name 7 = ph: pH
# name 8 = orp: Oxidation Reduction Potential [mV]
# name 9 = par/sat/log: PAR/Logarithmic, Satlantic
# name 10 = turbWETntu0: Turbidity, WET Labs ECO [NTU]
# name 11 = prdM: Pressure, Strain Gauge [db]
# name 12 = prdE: Pressure, Strain Gauge [psi]
# name 13 = tv290C: Temperature [ITS-90, deg C]
# name 14 = flag:  0.000e+00
# span 0 =     -0.810,      7.523       
# span 1 =     -0.290,      0.143       
# span 2 =     0.0953,    10.1324       
# span 3 =      0.899,    118.080       
# span 4 =     25.216,     57.369       
# span 5 =  24.250694,  40.950570       
# span 6 =     0.4070,    13.7684       
# span 7 =      7.608,      8.530       
# span 8 =   -42.7579,   183.0465       
# span 9 = 1.3122e-01, 2.3090e+03       
# span 10 =     1.8895,     8.3820      
# span 11 =     -0.795,      7.384      
# span 12 =     -1.153,     10.709      
# span 13 =    10.6697,    24.0913      
# span 14 = 0.0000e+00, 0.0000e+00      
# interval = seconds: 0.25
# start_time = May 27 2024 11:07:37 [Instrument's time stamp, header]
# bad_flag = -9.990e-29
*END*
[from data line 579]
      6.095      0.015     0.1156      1.039     35.518  25.858427     0.8386      7.983    36.6606 2.4492e-01     2.1828      5.977      8.669    11.3688 0.0000e+00
      6.094      0.012     0.1146      1.020     35.553  25.891465     0.8591      7.982    36.5152 2.4196e-01     2.2039      5.976      8.667    11.3691 0.0000e+00
      6.093      0.013     0.1115      0.997     35.482  25.846652     0.8789      7.982    36.4953 2.4941e-01     2.2760      5.974      8.665    11.3766 0.0000e+00
      6.096      0.015     0.1146      0.987     35.445  25.823965     0.8778      7.981    36.5066 2.5688e-01     2.2693      5.976      8.667    11.3848 0.0000e+00
      6.103      0.016     0.1143      0.996     35.511  25.870847     0.8548      7.981    36.3071 2.5359e-01     2.1225      5.983      8.678    11.3992 0.0000e+00
      6.114      0.015     0.1112      1.009     35.567  25.906139     0.8584      7.980    35.9769 2.4687e-01     2.0043      5.997      8.699    11.4103 0.0000e+00
      6.121      0.013     0.1089      1.019     35.524  25.870140     0.8876      7.978    35.6972 2.4122e-01     2.0014      6.006      8.712    11.4203 0.0000e+00
      6.120      0.010     0.1062      1.017     35.451  25.816100     0.9006      7.978    35.5922 2.4200e-01     2.0188      6.002      8.704    11.4304 0.0000e+00
      6.117      0.009     0.1092      1.006     35.455  25.823536     0.9163      7.978    35.5677 2.4897e-01     2.0100      5.997      8.699    11.4258 0.0000e+00
      6.117      0.012     0.1103      1.021     35.549  25.896631     0.9516      7.977    35.4017 2.5312e-01     2.0309      6.000      8.702    11.4161 0.0000e+00
      6.117      0.018     0.1113      1.044     35.693  26.002262     0.9773      7.976    35.1335 2.4774e-01     2.1014      5.998      8.699    11.4079 0.0000e+00
      6.122      0.025     0.1128      1.046     35.812  26.085985     0.9947      7.974    34.9913 2.3208e-01     2.0768      5.999      8.702    11.4041 0.0000e+00
      6.134      0.029     0.1076      1.050     35.815  26.084444     0.9867      7.974    34.9731 2.2277e-01     1.9721      6.016      8.725    11.4146 0.0000e+00
      6.148      0.030     0.1109      1.048     35.770  26.047047     0.9555      7.974    34.8278 2.3166e-01     1.9628      6.031      8.748    11.4252 0.0000e+00
      6.159      0.029     0.1165      1.034     35.814  26.077769     0.9427      7.973    34.6115 2.3878e-01     2.0328      6.041      8.762    11.4222 0.0000e+00
      6.164      0.029     0.1127      1.047     35.986  26.202207     0.9402      7.972    34.5095 2.3699e-01     2.1013      6.047      8.771    11.4196 0.0000e+00
      6.166      0.033     0.1150      1.058     36.192  26.346606     0.9077      7.972    34.5403 2.4107e-01     2.1426      6.048      8.771    11.4141 0.0000e+00
      6.168      0.043     0.1164      1.037     36.320  26.428406     0.8422      7.971    34.6394 2.3796e-01     2.1904      6.046      8.769    11.4031 0.0000e+00
      6.175      0.056     0.1104      1.020     36.425  26.493589     0.8135      7.969    34.6744 2.2644e-01     2.2693      6.051      8.777    11.4036 0.0000e+00
      6.192      0.068     0.1143      1.018     36.531  26.563904     0.8273      7.967    34.6197 2.2221e-01     2.3105      6.069      8.802    11.4065 0.0000e+00
      6.220      0.073     0.1188      1.027     36.562  26.580922     0.8175      7.965    34.4948 2.2187e-01     2.2443      6.099      8.845    11.3987 0.0000e+00
      6.251      0.073     0.1117      1.033     36.553  26.572503     0.7783      7.965    34.3683 2.2259e-01     2.0836      6.133      8.896    11.3777 0.0000e+00
      6.276      0.067     0.1116      1.030     36.573  26.588960     0.7444      7.964    34.2950 2.2357e-01     1.9394      6.160      8.934    11.3617 0.0000e+00
      6.288      0.057     0.1106      1.029     36.654  26.653051     0.7407      7.963    34.1250 2.2608e-01     1.9353      6.171      8.949    11.3555 0.0000e+00
      6.293      0.047     0.1124      1.036     36.819  26.776631     0.7495      7.960    33.8615 2.2355e-01     2.0003      6.170      8.949    11.3462 0.0000e+00
      6.298      0.041     0.1139      1.051     37.137  27.004964     0.7432      7.958    33.6037 2.0929e-01     2.0417      6.173      8.953    11.3426 0.0000e+00
      6.308      0.042     0.1119      1.035     37.585  27.320812     0.7393      7.958    33.3309 1.9924e-01     2.1292      6.185      8.971    11.3466 0.0000e+00
      6.320      0.050     0.1130      1.000     38.010  27.614553     0.7438      7.957    33.0584 2.0180e-01     2.2037      6.199      8.991    11.3557 0.0000e+00
      6.332      0.061     0.1114      0.992     38.335  27.829245     0.7482      7.955    32.8903 1.9847e-01     2.2238      6.209      9.005    11.3642 0.0000e+00
      6.346      0.072     0.1175      0.989     38.533  27.950401     0.7421      7.953    32.8477 1.8882e-01     2.2368      6.220      9.022    11.3577 0.0000e+00
      6.367      0.079     0.1148      0.991     38.628  28.001160     0.7118      7.950    32.6290 1.9022e-01     2.1895      6.242      9.053    11.3445 0.0000e+00
      6.394      0.084     0.1064      1.000     38.639  27.998959     0.6988      7.947    32.2246 1.9053e-01     2.1652      6.270      9.095    11.3270 0.0000e+00
      6.419      0.084     0.1096      0.992     38.631  27.987200     0.7173      7.945    32.0884 1.7819e-01     2.2505      6.296      9.132    11.2957 0.0000e+00
      6.443      0.080     0.1083      0.996     38.725  28.049257     0.6938      7.943    32.0149 1.7199e-01     2.2985      6.318      9.164    11.2615 0.0000e+00
      6.464      0.072     0.1072      1.014     38.915  28.178437     0.6237      7.940    31.5076 1.8079e-01     2.2328      6.340      9.196    11.2383 0.0000e+00
      6.480      0.060     0.1119      1.011     38.897  28.153691     0.5851      7.938    30.9451 1.8395e-01     2.1736      6.356      9.219    11.2273 0.0000e+00
      6.491      0.043     0.1078      1.007     38.525  27.876877     0.5855      7.935    30.7202 1.7127e-01     2.1980      6.365      9.231    11.2207 0.0000e+00
      6.504      0.026     0.1078      1.017     38.250  27.685722     0.5862      7.933    30.5943 1.7093e-01     2.1852      6.377      9.249    11.2130 0.0000e+00
      6.515      0.015     0.1137      1.015     38.482  27.872126     0.5694      7.931    30.3699 1.8876e-01     2.0530      6.396      9.276    11.2043 0.0000e+00
      6.513      0.010     0.1106      1.006     38.963  28.227871     0.5401      7.929    30.1584 1.9524e-01     1.9662      6.393      9.273    11.1863 0.0000e+00
      6.499      0.010     0.1090      0.994     39.181  28.371657     0.5145      7.926    29.9292 1.9371e-01     1.9560      6.370      9.238    11.1678 0.0000e+00
      6.494      0.013     0.1135      0.982     39.081  28.278637     0.5268      7.924    29.4922 1.9737e-01     1.9639      6.362      9.228    11.1806 0.0000e+00
      6.504      0.018     0.1109      0.982     38.875  28.118010     0.5805      7.922    29.0909 1.9166e-01     1.9935      6.377      9.250    11.2183 0.0000e+00
      6.518      0.028     0.1104      0.989     38.731  28.015210     0.6052      7.921    28.9494 1.7966e-01     1.9722      6.394      9.273    11.2343 0.0000e+00
      6.530      0.040     0.1098      1.005     38.942  28.177387     0.5930      7.918    28.8125 1.7624e-01     1.9783      6.404      9.287    11.2066 0.0000e+00
      6.538      0.052     0.1063      1.022     39.544  28.620042     0.5907      7.915    28.4688 1.8295e-01     2.0334      6.413      9.301    11.1702 0.0000e+00
      6.545      0.062     0.1085      1.020     40.062  28.990732     0.5781      7.912    27.8047 1.8850e-01     2.0580      6.418      9.308    11.1564 0.0000e+00
      6.555      0.070     0.1075      0.990     40.243  29.107331     0.5484      7.910    26.8923 1.8056e-01     2.1049      6.422      9.314    11.1597 0.0000e+00
      6.579      0.073     0.1106      0.987     40.133  29.014927     0.5400      7.909    26.0411 1.7022e-01     2.1908      6.448      9.350    11.1762 0.0000e+00
      6.612      0.070     0.1123      1.025     39.789  28.761486     0.5429      7.907    25.3420 1.6851e-01     2.2769      6.488      9.409    11.1922 0.0000e+00
      6.642      0.064     0.1143      1.034     39.530  28.580196     0.5414      7.905    24.7200 1.7246e-01     2.3255      6.520      9.456    11.1848 0.0000e+00
      6.656      0.057     0.1077      1.022     39.628  28.662426     0.5394      7.903    24.1134 1.7324e-01     2.3015      6.532      9.474    11.1608 0.0000e+00
      6.657      0.050     0.1043      1.024     39.989  28.931158     0.5263      7.903    23.4280 1.7322e-01     2.2254      6.529      9.468    11.1421 0.0000e+00
      6.657      0.047     0.1163      1.020     40.492  29.292219     0.5158      7.902    22.7134 1.7416e-01     2.1569      6.525      9.463    11.1348 0.0000e+00
      6.665      0.050     0.1143      1.000     40.942  29.602714     0.5137      7.901    22.1848 1.6799e-01     2.1216      6.533      9.476    11.1433 0.0000e+00
      6.683      0.055     0.1108      0.994     41.196  29.767459     0.5006      7.900    21.6828 1.5449e-01     2.1066      6.551      9.502    11.1643 0.0000e+00
      6.706      0.061     0.1128      0.993     41.471  29.952032     0.4819      7.900    21.0323 1.4877e-01     2.0443      6.577      9.538    11.1767 0.0000e+00
      6.729      0.064     0.1134      0.976     41.895  30.248530     0.4708      7.898    20.4278 1.5678e-01     1.9486      6.603      9.577    11.1745 0.0000e+00
      6.744      0.065     0.1087      0.972     42.345  30.561277     0.4915      7.896    19.8805 1.6375e-01     2.0082      6.618      9.598    11.1523 0.0000e+00
      6.754      0.067     0.1087      0.989     42.719  30.815413     0.5403      7.893    19.2321 1.6704e-01     2.2189      6.623      9.606    11.1213 0.0000e+00
      6.765      0.072     0.1113      1.007     43.132  31.101008     0.5695      7.889    18.6114 1.6828e-01     2.3438      6.631      9.617    11.1068 0.0000e+00
      6.781      0.079     0.1061      1.018     43.486  31.350018     0.5697      7.883    18.3992 1.6617e-01     2.3232      6.649      9.642    11.1003 0.0000e+00
      6.805      0.086     0.1058      1.015     43.407  31.288676     0.5597      7.878    18.2142 1.6335e-01     2.2766      6.672      9.677    11.0858 0.0000e+00
      6.834      0.089     0.1092      0.999     43.091  31.057127     0.5573      7.874    17.3219 1.6103e-01     2.2929      6.700      9.718    11.0631 0.0000e+00
      6.865      0.086     0.1111      0.991     42.958  30.960995     0.5573      7.871    15.9560 1.5852e-01     2.2804      6.734      9.767    11.0477 0.0000e+00
      6.891      0.076     0.1123      0.993     42.936  30.951041     0.5424      7.869    14.8636 1.6185e-01     2.1945      6.763      9.808    11.0429 0.0000e+00
      6.908      0.064     0.1131      0.987     42.900  30.936785     0.5269      7.868    14.1799 1.6509e-01     2.1425      6.778      9.830    11.0388 0.0000e+00
      6.917      0.055     0.1092      0.971     43.463  31.359558     0.5283      7.866    13.3684 1.6254e-01     2.0956      6.784      9.840    11.0319 0.0000e+00
      6.923      0.054     0.1084      0.960     45.048  32.510153     0.5423      7.861    12.3653 1.6886e-01     2.0373      6.789      9.847    11.0308 0.0000e+00
      6.930      0.061     0.1100      0.973     46.701  33.683045     0.5468      7.855    11.5157 1.7058e-01     2.0193      6.795      9.855    11.0383 0.0000e+00
      6.943      0.075     0.1090      0.987     47.632  34.311568     0.5325      7.849    10.8397 1.6083e-01     2.0133      6.805      9.869    11.0506 0.0000e+00
      6.965      0.090     0.1073      0.987     48.085  34.589782     0.5114      7.843    10.0422 1.5610e-01     2.1014      6.827      9.901    11.0761 0.0000e+00
      6.996      0.100     0.1036      0.990     48.379  34.762747     0.4997      7.839     8.9289 1.5480e-01     2.3670      6.860      9.949    11.0945 0.0000e+00
      7.031      0.102     0.1074      0.990     48.577  34.880067     0.4993      7.835     7.7894 1.6042e-01     2.5950      6.897     10.003    11.0707 0.0000e+00
      7.064      0.096     0.1104      0.988     48.665  34.929635     0.4902      7.831     6.6754 1.6070e-01     2.6039      6.931     10.052    11.0156 0.0000e+00
      7.091      0.082     0.1077      0.993     48.572  34.854466     0.4723      7.829     5.4398 1.4737e-01     2.4741      6.957     10.090    10.9603 0.0000e+00
      7.108      0.065     0.1100      0.988     48.321  34.669133     0.4656      7.827     4.2069 1.4622e-01     2.3580      6.974     10.115    10.9198 0.0000e+00
      7.118      0.047     0.1098      0.972     48.034  34.465348     0.4769      7.824     2.9534 1.6365e-01     2.3270      6.981     10.126    10.8957 0.0000e+00
      7.123      0.031     0.1082      0.974     47.517  34.103613     0.4914      7.823     1.6413 1.8285e-01     2.3388      6.984     10.130    10.8834 0.0000e+00
      7.130      0.019     0.1105      0.985     46.965  33.721536     0.4912      7.822     0.3873 1.8105e-01     2.3302      6.991     10.140    10.8753 0.0000e+00
      7.136      0.014     0.1104      0.976     46.934  33.715913     0.4912      7.819    -0.6786 1.6555e-01     2.2915      7.000     10.153    10.8680 0.0000e+00
      7.136      0.018     0.1063      0.970     47.180  33.908785     0.4992      7.815    -1.6106 1.6059e-01     2.2797      7.000     10.154    10.8707 0.0000e+00
      7.131      0.025     0.1066      0.975     47.414  34.086743     0.4970      7.813    -2.6213 1.6261e-01     2.2565      6.990     10.138    10.8827 0.0000e+00
      7.132      0.035     0.1112      0.971     47.683  34.281447     0.4898      7.811    -3.6067 1.6612e-01     2.2156      6.987     10.134    10.8964 0.0000e+00
      7.147      0.047     0.1070      0.971     47.976  34.486419     0.4783      7.809    -4.4907 1.6691e-01     2.2299      7.008     10.163    10.9158 0.0000e+00
      7.168      0.062     0.1063      0.985     48.584  34.915404     0.4668      7.807    -5.3941 1.6546e-01     2.2578      7.032     10.199    10.9353 0.0000e+00
      7.186      0.073     0.1090      0.994     49.815  35.788205     0.4754      7.804    -6.1832 1.7523e-01     2.2801      7.047     10.221    10.9475 0.0000e+00
      7.204      0.078     0.1065      0.995     51.245  36.790716     0.4822      7.801    -6.8047 1.8605e-01     2.2596      7.064     10.245    10.9474 0.0000e+00
      7.227      0.078     0.1063      0.988     52.226  37.455226     0.4823      7.799    -7.4886 1.8128e-01     2.1820      7.088     10.280    10.9383 0.0000e+00
      7.251      0.075     0.1093      0.971     52.760  37.794459     0.5019      7.797    -8.3432 1.7719e-01     2.1610      7.113     10.317    10.9317 0.0000e+00
      7.271      0.072     0.1103      0.964     52.967  37.909803     0.5284      7.796    -9.2219 1.7547e-01     2.2446      7.133     10.345    10.9246 0.0000e+00
      7.286      0.069     0.1100      0.971     53.067  37.961386     0.5438      7.795   -10.0254 1.6950e-01     2.3387      7.146     10.364    10.9018 0.0000e+00
      7.301      0.065     0.1106      0.974     53.456  38.227749     0.5222      7.793   -10.7454 1.6992e-01     2.3092      7.159     10.383    10.8567 0.0000e+00
      7.317      0.063     0.1067      0.971     53.889  38.528518     0.4745      7.792   -11.4735 1.7512e-01     2.1943      7.176     10.408    10.8103 0.0000e+00
      7.333      0.063     0.1059      0.969     54.022  38.615342     0.4582      7.789   -12.2900 1.7484e-01     2.1462      7.193     10.432    10.7792 0.0000e+00
