Data/DataNotYetUploadedToEDI/Raw_CTD/RawDownloads/052826_ccr30_S8188006.cnv
* Sea-Bird SBE19plus  Data File:
* FileName = C:\R\Reservoirs\Data\DataNotYetUploadedToEDI\Raw_CTD\RawDownloads\062526_ccr50_S8188_0006.hex
* Software version 2.8.0.119
* Temperature SN = 8188
* Conductivity SN = 8188
* System UpLoad Time = Jun 29 2026 18:09:10
* <ApplicationData>
* <Seaterm232>
# nquan = 16
# nvalues = 2574                        
# units = specified
# name 0 = depFM: Depth [fresh water, m]
# name 1 = dz/dtM: Descent Rate [m/s]
# name 2 = sbeox0Mg/L: Oxygen, SBE 43 [mg/l]
# name 3 = sbeox0PS: Oxygen, SBE 43 [% saturation]
# name 4 = specc: Specific Conductance [uS/cm]
# name 5 = c0uS/cm: Conductivity [uS/cm]
# name 6 = wetCDOM: Fluorescence, WET Labs CDOM [mg/m^3]
# name 7 = flECO-AFL: Fluorescence, WET Labs ECO-AFL/FL [mg/m^3]
# name 8 = flECO-AFL1: Fluorescence, WET Labs ECO-AFL/FL, 2 [mg/m^3]
# name 9 = flECO-AFL2: Fluorescence, WET Labs ECO-AFL/FL, 3 [mg/m^3]
# name 10 = par/sat/log: PAR/Logarithmic, Satlantic
# name 11 = turbWETntu0: Turbidity, WET Labs ECO [NTU]
# name 12 = prdM: Pressure, Strain Gauge [db]
# name 13 = prdE: Pressure, Strain Gauge [psi]
# name 14 = tv290C: Temperature [ITS-90, deg C]
# name 15 = flag:  0.000e+00
# span 0 =     -0.469,     10.027       
# span 1 =     -0.147,      0.197       
# span 2 =     4.9505,     9.7870       
# span 3 =     58.398,    100.497       
# span 4 =   -483.045,    150.560       
# span 5 =-448.526723, 144.386798       
# span 6 =    -4.5000,    15.9300       
# span 7 =    -0.2922,     5.8534       
# span 8 =    -2.3856,     0.5538       
# span 9 =    -2.0304,     9.7290       
# span 10 = 1.5478e+01, 3.9447e+03      
# span 11 =    -1.0044,   971.0642      
# span 12 =     -0.460,      9.834      
# span 13 =     -0.667,     14.262      
# span 14 =    11.5812,    24.5236      
# span 15 = 0.0000e+00, 0.0000e+00      
# interval = seconds: 0.25
# start_time = May 28 2026 12:44:19 [Instrument's time stamp, header]
# bad_flag = -9.990e-29
*END*
[from data line 452]
      0.734     -0.001     5.1040     62.313    147.484 143.367471     9.0900     0.2915     0.0426     0.0846 3.1218e+02     0.3400      0.720      1.044    23.5997 0.0000e+00
      0.734     -0.001     5.1449     62.862    147.466 143.348454     9.0900     0.2876     0.0426     0.0846 3.3883e+02     0.3400      0.720      1.044    23.5996 0.0000e+00
      0.733     -0.001     5.1891     63.394    147.472 143.352838     9.1800     0.3105     0.0852     0.0846 2.7852e+02     0.3552      0.719      1.043    23.5994 0.0000e+00
      0.733     -0.001     5.2357     63.901    147.482 143.361765     9.1800     0.2915     0.0852     0.0846 2.8501e+02     0.4156      0.719      1.043    23.5991 0.0000e+00
      0.732     -0.001     5.2829     64.375    147.475 143.353586     9.1800     0.2800     0.0852     0.0846 2.8138e+02     0.5515      0.718      1.042    23.5987 0.0000e+00
      0.732     -0.001     5.3295     64.811    147.452 143.330123     9.1800     0.2800     0.0852     0.0846 3.0073e+02     0.4156      0.718      1.042    23.5983 0.0000e+00
      0.732     -0.001     5.3747     65.193    147.434 143.311155     9.1800     0.3067     0.0852     0.1269 2.8150e+02     0.3703      0.718      1.041    23.5979 0.0000e+00
      0.732     -0.001     5.4177     65.500    147.437 143.313650     9.1800     0.2724     0.0852     0.1269 2.8297e+02     0.3552      0.718      1.041    23.5974 0.0000e+00
      0.732     -0.002     5.4579     65.714    147.458 143.332267     9.1800     0.2686     0.0852     0.1269 3.2548e+02     0.4911      0.718      1.041    23.5969 0.0000e+00
      0.731     -0.002     5.4949     65.827    147.481 143.353947     9.1800     0.3029     0.0852     0.1269 2.7539e+02     0.4911      0.717      1.041    23.5965 0.0000e+00
      0.731     -0.003     5.5274     65.831    147.501 143.372456     9.1800     0.2800     0.1278     0.0846 2.7059e+02     0.3854      0.717      1.040    23.5962 0.0000e+00
      0.730     -0.005     5.5534     65.725    147.510 143.380714     9.1800     0.2876     0.1278     0.0846 2.8976e+02     0.4458      0.716      1.038    23.5958 0.0000e+00
      0.729     -0.006     5.5716     65.519    147.503 143.372912     9.1800     0.2800     0.1278     0.0846 2.7605e+02     0.4458      0.715      1.037    23.5955 0.0000e+00
      0.727     -0.008     5.5812     65.236    147.489 143.358985     9.1800     0.2876     0.1278     0.0846 2.7888e+02     0.4005      0.713      1.034    23.5952 0.0000e+00
      0.725     -0.009     5.5815     64.904    147.473 143.343231     9.1800     0.3449     0.0426     0.0846 3.1029e+02     0.3552      0.711      1.031    23.5949 0.0000e+00
      0.723     -0.012     5.5726     64.546    147.454 143.325453     9.1800     0.2991     0.0426     0.0846 3.0580e+02     0.3552      0.708      1.028    23.5946 0.0000e+00
      0.720     -0.015     5.5551     64.196    147.437 143.308921     9.1800     0.2648     0.0426     0.0846 2.7118e+02     0.4156      0.706      1.024    23.5944 0.0000e+00
      0.716     -0.019     5.5312     63.888    147.430 143.303244     9.1800     0.2915     0.0426     0.0846 3.0355e+02     0.4911      0.702      1.018    23.5943 0.0000e+00
      0.711     -0.024     5.5030     63.639    147.448 143.320928     9.1800     0.2762     0.0426     0.0846 2.6830e+02     0.5062      0.697      1.012    23.5943 0.0000e+00
      0.705     -0.032     5.4727     63.448    147.468 143.340652     9.1800     0.2609     0.0426     0.2115 2.3505e+02     0.3854      0.692      1.003    23.5943 0.0000e+00
      0.697     -0.042     5.4429     63.318    147.473 143.345650     9.1800     0.2876     0.0426     0.2115 2.2915e+02     0.4458      0.684      0.992    23.5945 0.0000e+00
      0.687     -0.054     5.4168     63.283    147.485 143.357280     9.1800     0.3067     0.0426     0.2115 2.1417e+02     0.4005      0.674      0.977    23.5947 0.0000e+00
      0.673     -0.068     5.3957     63.420    147.503 143.374639     9.1800     0.2762     0.0426     0.2115 2.1864e+02     0.4307      0.660      0.957    23.5948 0.0000e+00
      0.654     -0.082     5.3795     63.822    147.507 143.378323     9.0900     0.2304     0.0426     0.1269 2.1525e+02     0.4760      0.641      0.930    23.5950 0.0000e+00
      0.629     -0.095     5.3685     64.551    147.505 143.377327     9.0900     0.2266     0.0426     0.1269 2.1571e+02     0.4156      0.617      0.895    23.5950 0.0000e+00
      0.602     -0.107     5.3655     65.622    147.501 143.375389     9.0900     0.2381     0.0426     0.1269 2.2564e+02     0.4458      0.590      0.856    23.5950 0.0000e+00
      0.572     -0.118     5.3771     66.992    147.493 143.367990     9.0900     0.2304     0.0426     0.1269 2.3530e+02     0.5364      0.561      0.814    23.5949 0.0000e+00
      0.540     -0.125     5.4113     68.547    147.489 143.365170     9.1800     0.2533     0.0852     0.1269 2.4559e+02     0.3854      0.530      0.769    23.5950 0.0000e+00
      0.507     -0.128     5.4730     70.135    147.505 143.382200     9.1800     0.2190     0.0852     0.1269 2.1741e+02     0.3703      0.497      0.721    23.5953 0.0000e+00
      0.472     -0.128     5.5637     71.620    147.529 143.407599     9.1800     0.1846     0.0852     0.1269 2.5650e+02     0.4911      0.463      0.671    23.5957 0.0000e+00
      0.436     -0.123     5.6799     72.880    147.531 143.412094     9.1800     0.2152     0.0852     0.1269 2.4559e+02     0.3552      0.428      0.621    23.5961 0.0000e+00
      0.403     -0.114     5.8116     73.801    147.524 143.408899     9.1800     0.2228     0.0852     0.1269 2.2272e+02     0.3854      0.395      0.573    23.5964 0.0000e+00
      0.373     -0.100     5.9463     74.298    147.531 143.421195     9.0900     0.2495     0.0426     0.0846 2.7707e+02     0.4156      0.366      0.531    23.5969 0.0000e+00
      0.348     -0.082     6.0721     74.339    147.539 143.436240     9.0900     0.2152     0.0426     0.0846 2.4704e+02     0.3854      0.342      0.496    23.5975 0.0000e+00
      0.329     -0.060     6.1788     73.972    147.525 143.434014     9.0900     0.2648     0.0426     0.0846 2.8856e+02     0.4458      0.323      0.468    23.5984 0.0000e+00
      0.316     -0.036     6.2567     73.310    147.490 143.417928     9.0900     0.2304     0.0426     0.0846 2.8108e+02     0.6875      0.310      0.449    23.5997 0.0000e+00
      0.309     -0.009     6.2987     72.509    147.445 143.403721     9.0900     0.2342     0.0426     0.1269 2.8427e+02     0.6271      0.303      0.440    23.6015 0.0000e+00
      0.309      0.019     6.3019     71.757    147.401 143.407627     9.0900     0.2495     0.0426     0.1269 2.3751e+02     0.7328      0.303      0.440    23.6040 0.0000e+00
      0.318      0.046     6.2703     71.261    147.355 143.430692     9.0900     0.2152     0.0426     0.1269 3.8326e+02     0.5515      0.311      0.452    23.6078 0.0000e+00
      0.334      0.069     6.2136     71.185    147.296 143.443023     9.0900     0.2228     0.0426     0.1269 1.7619e+03     0.6875      0.327      0.475    23.6139 0.0000e+00
      0.358      0.083     6.1445     71.623    147.251 143.443910     9.0900     0.2495     0.0852     0.3384 7.5826e+02     0.6724      0.351      0.509    23.6237 0.0000e+00
      0.388      0.087     6.0790     72.602    147.238 143.449613     9.0900     0.2266     0.0852     0.3384 2.4779e+02     0.6573      0.380      0.552    23.6398 0.0000e+00
      0.419      0.079     6.0344     74.053    147.228 143.445630     9.0900     0.2228     0.0852     0.3384 3.5713e+02     0.5515      0.412      0.597    23.6628 0.0000e+00
      0.446      0.059     6.0253     75.776    147.221 143.438910     9.0900     0.2266     0.0852     0.3384 2.7301e+02     0.4911      0.437      0.634    23.6863 0.0000e+00
      0.461      0.032     6.0606     77.487    147.232 143.443681     9.2700     0.2228     0.0426     0.2961 2.6953e+02     0.3703      0.452      0.656    23.7014 0.0000e+00
      0.463      0.003     6.1427     78.932    147.249 143.449200     9.2700     0.2228     0.0426     0.2961 3.1157e+02     0.3703      0.454      0.659    23.7077 0.0000e+00
      0.454     -0.024     6.2652     79.957    147.268 143.452933     9.2700     0.2381     0.0426     0.2961 2.6918e+02     0.3854      0.445      0.646    23.7097 0.0000e+00
      0.438     -0.043     6.4110     80.522    147.291 143.455875     9.2700     0.2304     0.0426     0.2961 3.1883e+02     0.4156      0.429      0.623    23.7098 0.0000e+00
      0.420     -0.055     6.5560     80.672    147.323 143.462815     9.2700     0.2152     0.0426     0.2961 4.8505e+02     0.4307      0.412      0.597    23.7078 0.0000e+00
      0.403     -0.061     6.6787     80.515    147.358 143.471596     9.0000     0.2457     0.0852     0.1692 3.1634e+02     0.4911      0.395      0.574    23.7041 0.0000e+00
      0.388     -0.064     6.7660     80.228    147.372 143.464533     9.0000     0.2419     0.0852     0.1692 5.9472e+02     0.5213      0.381      0.553    23.6991 0.0000e+00
      0.375     -0.067     6.8147     80.017    147.380 143.455761     9.0000     0.2113     0.0852     0.1692 3.5120e+02     0.3098      0.367      0.533    23.6924 0.0000e+00
      0.359     -0.073     6.8284     80.006    147.398 143.458962     9.0000     0.1999     0.0852     0.1692 3.0907e+02     0.3703      0.352      0.511    23.6841 0.0000e+00
      0.341     -0.080     6.8162     80.147    147.406 143.454964     8.8200     0.2266     0.0852     0.0846 2.7864e+02     0.5817      0.335      0.485    23.6756 0.0000e+00
      0.319     -0.089     6.7928     80.280    147.403 143.442699     8.8200     0.2342     0.0852     0.0846 2.8089e+02     0.4307      0.313      0.454    23.6686 0.0000e+00
      0.294     -0.097     6.7757     80.254    147.394 143.426909     8.8200     0.2304     0.0852     0.0846 3.7895e+02     0.3854      0.288      0.418    23.6631 0.0000e+00
      0.266     -0.101     6.7753     80.001    147.368 143.399375     8.8200     0.2609     0.0852     0.0846 9.6678e+02     0.4156      0.261      0.379    23.6582 0.0000e+00
      0.237     -0.101     6.7878     79.550    147.335 143.368777     8.8200     0.2342     0.0000     0.0846 3.2078e+02     0.4911      0.233      0.337    23.6541 0.0000e+00
      0.209     -0.097     6.7995     79.005    147.307 143.346981     8.8200     0.2152     0.0000     0.0846 3.9959e+02     0.4609      0.205      0.297    23.6509 0.0000e+00
      0.183     -0.089     6.7975     78.515    147.289 143.336186     8.8200     0.1656     0.0000     0.0846 3.4530e+02     0.4458      0.179      0.260    23.6487 0.0000e+00
      0.161     -0.079     6.7762     78.199    147.283 143.341523     8.8200     0.1618     0.0000     0.0846 4.0343e+02     0.4307      0.158      0.229    23.6478 0.0000e+00
      0.143     -0.067     6.7379     78.096    147.281 143.360411     8.8200     0.1846     0.0000     0.0846 3.2861e+02     0.4609      0.140      0.203    23.6484 0.0000e+00
      0.128     -0.055     6.6916     78.189    147.275 143.377861     8.8200     0.1885     0.0852     0.1692 1.8623e+03     0.4307      0.126      0.182    23.6501 0.0000e+00
      0.116     -0.043     6.6498     78.418    147.267 143.386514     8.8200     0.1732     0.0852     0.1692 2.0354e+03     0.5213      0.114      0.164    23.6524 0.0000e+00
      0.106     -0.033     6.6226     78.652    147.267 143.392685     8.8200     0.2381     0.0852     0.1692 1.1675e+03     0.4156      0.104      0.151    23.6563 0.0000e+00
      0.099     -0.025     6.6129     78.716    147.271 143.398019     8.8200     0.2228     0.0852     0.1692 2.0068e+03     0.4156      0.098      0.141    23.6632 0.0000e+00
      0.095     -0.018     6.6198     78.472    147.269 143.395926     8.4600     0.2266     0.0426    -0.9729 1.1581e+03     0.4458      0.094      0.135    23.6714 0.0000e+00
      0.093     -0.012     6.6385     77.882    147.264 143.389853     8.4600     0.2342     0.0426    -0.9729 6.1109e+02     0.4156      0.091      0.132    23.6769 0.0000e+00
      0.091     -0.009     6.6580     77.002    147.270 143.394202     8.4600     0.1732     0.0426    -0.9729 9.9103e+02     0.4005      0.090      0.130    23.6790 0.0000e+00
      0.090     -0.007     6.6634     75.937    147.295 143.414139     8.4600     0.1351     0.0426    -0.9729 1.0012e+03     0.5969      0.088      0.128    23.6793 0.0000e+00
      0.088     -0.006     6.6427     74.795    147.309 143.422936     9.0900     0.1694     0.0426    -0.0846 3.6936e+02     0.4005      0.087      0.126    23.6793 0.0000e+00
      0.087     -0.006     6.5928     73.662    147.290 143.398910     9.0900     0.1656     0.0426    -0.0846 1.0036e+03     0.3854      0.085      0.123    23.6790 0.0000e+00
      0.085     -0.005     6.5184     72.609    147.266 143.371699     9.0900     0.2648     0.0426    -0.0846 1.8982e+03     0.4458      0.083      0.121    23.6783 0.0000e+00
      0.083     -0.005     6.4285     71.694    147.268 143.370093     9.0900     0.2228     0.0426    -0.0846 1.8599e+03     0.3854      0.082      0.119    23.6770 0.0000e+00
      0.082     -0.004     6.3320     70.941    147.291 143.389659     9.0900     0.2228     0.0426    -0.0846 1.8518e+03     0.5062      0.081      0.117    23.6752 0.0000e+00
      0.082     -0.002     6.2364     70.326    147.303 143.399567     8.8200     0.2228     0.0852     0.0846 1.8018e+03     0.3400      0.080      0.116    23.6735 0.0000e+00
      0.081     -0.001     6.1474     69.796    147.291 143.386440     8.8200     0.1427     0.0852     0.0846 1.7877e+03     0.2947      0.080      0.115    23.6720 0.0000e+00
      0.081     -0.000     6.0700     69.298    147.288 143.382823     8.8200     0.1351     0.0852     0.0846 1.6800e+03     0.4458      0.079      0.115    23.6709 0.0000e+00
      0.081      0.001     6.0063     68.807    147.313 143.407778     8.8200     0.1541     0.0852     0.0846 1.7263e+03     0.3552      0.080      0.115    23.6701 0.0000e+00
      0.082      0.001     5.9543     68.319    147.341 143.435917     8.9100     0.1846     0.0852     0.0423 1.7512e+03     0.4156      0.080      0.116    23.6695 0.0000e+00
      0.082      0.002     5.9095     67.821    147.335 143.430688     8.9100     0.1541     0.0852     0.0423 1.7696e+03     0.3400      0.081      0.117    23.6690 0.0000e+00
      0.083      0.002     5.8673     67.300    147.301 143.398705     8.9100     0.1465     0.0852     0.0423 1.7331e+03     0.4911      0.081      0.118    23.6689 0.0000e+00
      0.083      0.002     5.8258     66.755    147.283 143.381506     8.9100     0.1579     0.0852     0.0423 1.7158e+03     0.4156      0.082      0.118    23.6689 0.0000e+00
      0.084      0.002     5.7844     66.197    147.293 143.392528     8.7300     0.1770     0.0852     0.1269 1.7546e+03     0.4458      0.082      0.119    23.6691 0.0000e+00
      0.084      0.002     5.7423     65.631    147.301 143.400665     8.7300     0.1541     0.0852     0.1269 1.7971e+03     0.3854      0.083      0.120    23.6694 0.0000e+00
      0.085      0.002     5.6981     65.066    147.289 143.390065     8.7300     0.1503     0.0852     0.1269 1.8663e+03     0.4307      0.083      0.120    23.6696 0.0000e+00
      0.085      0.003     5.6519     64.533    147.276 143.377926     8.7300     0.1503     0.0852     0.1269 1.9349e+03     0.4005      0.084      0.121    23.6699 0.0000e+00
      0.086      0.003     5.6047     64.064    147.270 143.373028     8.5500     0.1579     0.0852    -0.0423 1.9899e+03     0.4005      0.084      0.123    23.6702 0.0000e+00
      0.087      0.003     5.5568     63.674    147.265 143.370059     8.5500     0.2419     0.0852    -0.0423 2.0363e+03     0.4005      0.085      0.124    23.6705 0.0000e+00
      0.088      0.003     5.5089     63.357    147.265 143.372231     8.5500     0.2304     0.0852    -0.0423 2.1485e+03     0.4458      0.086      0.125    23.6707 0.0000e+00
