Data/DataNotYetUploadedToEDI/Raw_CTD/RawDownloads/052825_ccr50_S8188004.cnv
* Sea-Bird SBE19plus  Data File:
* FileName = C:\R\Reservoirs\Data\DataNotYetUploadedToEDI\Raw_CTD\RawDownloads\051925_bvr50_S8188_0004.hex
* Software version 2.8.0.119
* Temperature SN = 8188
* Conductivity SN = 8188
* System UpLoad Time = May 29 2025 15:49:39
* <ApplicationData>
* <Seaterm232>
# nquan = 16
# nvalues = 3600                        
# units = specified
# name 0 = depFM: Depth [fresh water, m]
# name 1 = dz/dtM: Descent Rate [m/s]
# name 2 = sbeox0Mg/L: Oxygen, SBE 43 [mg/l]
# name 3 = sbeox0PS: Oxygen, SBE 43 [% saturation]
# name 4 = specc: Specific Conductance [uS/cm]
# name 5 = c0uS/cm: Conductivity [uS/cm]
# name 6 = wetCDOM: Fluorescence, WET Labs CDOM [mg/m^3]
# name 7 = flECO-AFL: Fluorescence, WET Labs ECO-AFL/FL [mg/m^3]
# name 8 = flECO-AFL1: Fluorescence, WET Labs ECO-AFL/FL, 2 [mg/m^3]
# name 9 = flECO-AFL2: Fluorescence, WET Labs ECO-AFL/FL, 3 [mg/m^3]
# name 10 = par/sat/log: PAR/Logarithmic, Satlantic
# name 11 = turbWETntu0: Turbidity, WET Labs ECO [NTU]
# name 12 = prdM: Pressure, Strain Gauge [db]
# name 13 = prdE: Pressure, Strain Gauge [psi]
# name 14 = tv290C: Temperature [ITS-90, deg C]
# name 15 = flag:  0.000e+00
# span 0 =     -0.455,     21.954       
# span 1 =     -0.242,      0.163       
# span 2 =    -0.0431,    11.2571       
# span 3 =     -0.374,    122.119       
# span 4 =   -707.803,    152.280       
# span 5 =-491.457842, 103.920274       
# span 6 =    -4.5000,    39.4200       
# span 7 =    -0.2731,     4.2016       
# span 8 =    -2.1300,     0.7668       
# span 9 =    -2.0304,     1.9035       
# span 10 = 1.1590e-01, 7.6422e+02      
# span 11 =    -1.6993,    96.0846      
# span 12 =     -0.446,     21.529      
# span 13 =     -0.647,     31.225      
# span 14 =     9.1141,    19.3530      
# span 15 = 0.0000e+00, 0.0000e+00      
# interval = seconds: 0.25
# start_time = May 28 2025 11:03:38 [Instrument's time stamp, header]
# bad_flag = -9.990e-29
*END*
[from data line 633]
      0.397      0.002     9.0537     98.042    109.151  96.795507    19.8900     1.5541     0.1278     0.3807 1.8074e+02     0.2645      0.389      0.564    19.3269 0.0000e+00
      0.397      0.002     9.0493     97.983    109.156  96.803256    19.8900     1.5694     0.1278     0.3807 1.9690e+02     0.2645      0.390      0.565    19.3290 0.0000e+00
      0.398      0.001     9.0436     97.941    109.150  96.799959    19.8900     1.5465     0.1278     0.3807 1.8284e+02     0.2947      0.390      0.566    19.3313 0.0000e+00
      0.398      0.000     9.0371     97.922    109.146  96.796725    19.8900     1.5580     0.1704     0.3384 1.8552e+02     0.3703      0.391      0.567    19.3335 0.0000e+00
      0.398     -0.002     9.0305     97.931    109.140  96.792692    19.8900     1.5808     0.1704     0.3384 1.9087e+02     0.1739      0.391      0.566    19.3355 0.0000e+00
      0.397     -0.003     9.0248     97.966    109.141  96.794777    19.8900     1.5656     0.1704     0.3384 1.8844e+02     0.2947      0.390      0.565    19.3370 0.0000e+00
      0.396     -0.003     9.0208     98.018    109.159  96.811527    19.8900     1.4969     0.1704     0.3384 1.8311e+02     0.3400      0.388      0.563    19.3379 0.0000e+00
      0.394     -0.004     9.0190     98.081    109.175  96.827429    19.8900     1.4893     0.1704     0.3384 1.9664e+02     0.1890      0.387      0.561    19.3383 0.0000e+00
      0.393     -0.003     9.0197     98.151    109.168  96.822746    19.8900     1.5160     0.1278     0.3807 1.8117e+02     0.2494      0.386      0.559    19.3386 0.0000e+00
      0.392     -0.003     9.0228     98.224    109.153  96.810216    19.8900     1.4855     0.1278     0.3807 1.9283e+02     0.1588      0.385      0.558    19.3391 0.0000e+00
      0.392     -0.002     9.0275     98.290    109.151  96.808477    19.8900     1.4969     0.1278     0.3807 1.9129e+02     0.2947      0.385      0.558    19.3398 0.0000e+00
      0.392     -0.001     9.0331     98.348    109.140  96.799083    19.8900     1.5122     0.1278     0.3807 1.9017e+02     0.2947      0.385      0.557    19.3406 0.0000e+00
      0.392     -0.001     9.0395     98.396    109.112  96.773534    19.8900     1.5084     0.1278     0.3807 2.0219e+02     0.2645      0.384      0.557    19.3412 0.0000e+00
      0.391     -0.001     9.0461     98.418    109.087  96.750992    19.8900     1.4817     0.1278     0.3807 1.8479e+02     0.1437      0.384      0.557    19.3415 0.0000e+00
      0.391     -0.000     9.0523     98.399    109.065  96.731439    19.8900     1.5580     0.1278     0.3807 2.0798e+02     0.2192      0.384      0.557    19.3416 0.0000e+00
      0.391     -0.000     9.0576     98.337    109.046  96.713659    19.8900     1.5732     0.1278     0.3807 1.7840e+02     0.3400      0.384      0.557    19.3416 0.0000e+00
      0.391      0.000     9.0620     98.255    109.045  96.712889    19.8900     1.5541     0.1278     0.2538 1.9046e+02     0.2494      0.384      0.557    19.3414 0.0000e+00
      0.391      0.000     9.0641     98.181    109.043  96.710943    19.8900     1.5503     0.1278     0.2538 1.8616e+02     0.2947      0.384      0.557    19.3412 0.0000e+00
      0.391      0.000     9.0624     98.133    109.029  96.699310    19.8900     1.5732     0.1278     0.2538 2.0324e+02     0.2041      0.384      0.557    19.3410 0.0000e+00
      0.391      0.000     9.0568     98.118    109.030  96.700861    19.8900     1.5732     0.1278     0.2538 1.8133e+02     0.2494      0.384      0.557    19.3409 0.0000e+00
      0.392      0.000     9.0492     98.139    109.044  96.714012    19.8900     1.5808     0.0852     0.3807 2.0672e+02     0.2645      0.385      0.557    19.3408 0.0000e+00
      0.392      0.000     9.0423     98.194    109.068  96.736277    19.8900     1.5847     0.0852     0.3807 1.8840e+02     0.2947      0.385      0.558    19.3408 0.0000e+00
      0.392      0.000     9.0379     98.271    109.101  96.765601    19.8900     1.4435     0.0852     0.3807 1.7965e+02     0.2192      0.385      0.558    19.3409 0.0000e+00
      0.392      0.000     9.0365     98.354    109.115  96.777834    19.8900     1.4473     0.0852     0.3807 1.9862e+02     0.2494      0.385      0.558    19.3413 0.0000e+00
      0.392      0.000     9.0384     98.421    109.105  96.768245    19.8900     1.4397     0.0852     0.3807 1.8588e+02     0.1890      0.384      0.557    19.3417 0.0000e+00
      0.391     -0.001     9.0433     98.459    109.081  96.746267    19.8900     1.4359     0.1278     0.3384 1.8742e+02     0.4156      0.384      0.557    19.3420 0.0000e+00
      0.391     -0.001     9.0504     98.459    109.056  96.724021    19.8900     1.4435     0.1278     0.3384 1.9087e+02     0.2796      0.384      0.557    19.3422 0.0000e+00
      0.391     -0.001     9.0581     98.414    109.050  96.717552    19.8900     1.4321     0.1278     0.3384 1.8564e+02     0.1739      0.384      0.557    19.3421 0.0000e+00
      0.391      0.000     9.0643     98.333    109.035  96.703158    19.8900     1.4473     0.1278     0.3384 1.9844e+02     0.3552      0.384      0.557    19.3419 0.0000e+00
      0.391      0.000     9.0678     98.237    109.010  96.680997    19.9800     1.4321     0.1278     0.2961 1.8367e+02     0.2192      0.384      0.556    19.3416 0.0000e+00
      0.391      0.000     9.0679     98.151    109.014  96.685119    19.9800     1.5084     0.1278     0.2961 1.9460e+02     0.2494      0.384      0.556    19.3412 0.0000e+00
      0.391      0.000     9.0638     98.090    109.035  96.704636    19.9800     1.4931     0.1278     0.2961 1.8836e+02     0.3400      0.383      0.556    19.3408 0.0000e+00
      0.391      0.000     9.0564     98.061    109.052  96.720776    19.9800     1.5007     0.1278     0.2961 1.9690e+02     0.2796      0.383      0.556    19.3406 0.0000e+00
      0.391     -0.001     9.0476     98.060    109.084  96.749831    19.8900     1.5351     0.1278     0.2115 1.9254e+02     0.2494      0.383      0.556    19.3405 0.0000e+00
      0.390     -0.001     9.0396     98.083    109.133  96.793554    19.8900     1.4435     0.1278     0.2115 1.7984e+02     0.4911      0.383      0.555    19.3408 0.0000e+00
      0.390     -0.001     9.0339     98.126    109.151  96.809657    19.8900     1.4550     0.1278     0.2115 1.9317e+02     0.5213      0.383      0.555    19.3411 0.0000e+00
      0.390     -0.001     9.0312     98.178    109.118  96.780457    19.8900     1.4359     0.1278     0.2115 1.7074e+02     0.4307      0.383      0.555    19.3415 0.0000e+00
      0.390     -0.001     9.0311     98.223    109.082  96.748117    19.8900     1.4550     0.1278     0.2115 1.9469e+02     0.4911      0.382      0.555    19.3417 0.0000e+00
      0.390     -0.001     9.0332     98.248    109.074  96.741976    19.8000     1.4473     0.1704     0.3384 2.0542e+02     0.2947      0.382      0.554    19.3418 0.0000e+00
      0.389      0.000     9.0372     98.241    109.070  96.738420    19.8000     1.4435     0.1704     0.3384 1.8043e+02     0.1739      0.382      0.554    19.3418 0.0000e+00
      0.389      0.000     9.0420     98.199    109.052  96.722512    19.8000     1.4664     0.1704     0.3384 1.9784e+02     0.3249      0.382      0.554    19.3418 0.0000e+00
      0.389     -0.000     9.0461     98.129    109.039  96.711991    19.8000     1.4511     0.1704     0.3384 1.8992e+02     0.2343      0.382      0.554    19.3419 0.0000e+00
      0.389     -0.000     9.0483     98.047    109.040  96.714040    19.8000     1.3939     0.1704     0.3384 1.9359e+02     0.2947      0.382      0.554    19.3420 0.0000e+00
      0.389     -0.000     9.0476     97.969    109.041  96.715219    19.8000     1.4016     0.1704     0.3384 1.6487e+02     0.2192      0.382      0.554    19.3422 0.0000e+00
      0.389     -0.001     9.0437     97.905    109.037  96.711848    19.8000     1.4054     0.1704     0.3384 2.0497e+02     0.2796      0.382      0.554    19.3425 0.0000e+00
      0.389     -0.001     9.0372     97.864    109.045  96.719011    19.8000     1.3748     0.1704     0.3384 1.7567e+02     0.2192      0.381      0.554    19.3428 0.0000e+00
      0.389     -0.001     9.0296     97.862    109.071  96.742614    19.8000     1.3214     0.1278     0.2961 1.9979e+02     0.2947      0.381      0.553    19.3431 0.0000e+00
      0.388     -0.001     9.0224     97.902    109.101  96.768972    19.8000     1.3405     0.1278     0.2961 1.9042e+02     0.1286      0.381      0.553    19.3433 0.0000e+00
      0.388      0.000     9.0164     97.971    109.112  96.779137    19.8000     1.3214     0.1278     0.2961 1.7609e+02     0.2947      0.381      0.552    19.3435 0.0000e+00
      0.388      0.001     9.0126     98.058    109.111  96.777819    19.8000     1.3291     0.1278     0.2961 2.0489e+02     0.1890      0.380      0.552    19.3437 0.0000e+00
      0.388      0.002     9.0124     98.154    109.116  96.782649    19.8900     1.2451     0.0852     0.2961 1.6171e+02     0.2947      0.381      0.552    19.3438 0.0000e+00
      0.389      0.003     9.0161     98.246    109.123  96.788921    19.8900     1.2604     0.0852     0.2961 1.9836e+02     0.2494      0.382      0.553    19.3438 0.0000e+00
      0.390      0.005     9.0225     98.322    109.118  96.784322    19.8900     1.2566     0.0852     0.2961 1.9931e+02     0.3098      0.383      0.555    19.3438 0.0000e+00
      0.391      0.006     9.0305     98.370    109.094  96.763627    19.8900     1.2566     0.0852     0.2961 1.9426e+02     0.2494      0.384      0.557    19.3438 0.0000e+00
      0.393      0.007     9.0394     98.372    109.071  96.743298    19.8900     1.3825     0.0852     0.2961 1.9401e+02     0.2192      0.385      0.559    19.3439 0.0000e+00
      0.395      0.008     9.0478     98.330    109.066  96.739892    19.8900     1.3901     0.1278     0.2538 2.0614e+02     0.2796      0.388      0.562    19.3439 0.0000e+00
      0.397      0.008     9.0549     98.258    109.069  96.742510    19.8900     1.3939     0.1278     0.2538 1.7693e+02     0.2796      0.390      0.566    19.3439 0.0000e+00
      0.400      0.008     9.0592     98.180    109.072  96.745857    19.8900     1.4016     0.1278     0.2538 1.9083e+02     0.1890      0.393      0.569    19.3440 0.0000e+00
      0.402      0.007     9.0594     98.127    109.082  96.754822    19.8900     1.4359     0.1278     0.2538 1.9737e+02     0.3098      0.395      0.572    19.3442 0.0000e+00
      0.404      0.006     9.0555     98.115    109.092  96.763801    19.8000     1.4550     0.0852     0.2961 1.6805e+02     0.1890      0.396      0.575    19.3444 0.0000e+00
      0.405      0.005     9.0488     98.138    109.096  96.767199    19.8000     1.4206     0.0852     0.2961 1.9888e+02     0.2947      0.398      0.576    19.3446 0.0000e+00
      0.406      0.004     9.0416     98.182    109.104  96.773913    19.8000     1.4359     0.0852     0.2961 1.8976e+02     0.1588      0.399      0.578    19.3448 0.0000e+00
      0.407      0.003     9.0367     98.232    109.109  96.777740    19.8000     1.3253     0.0852     0.2961 1.8004e+02     0.2494      0.399      0.579    19.3450 0.0000e+00
      0.408      0.002     9.0356     98.286    109.094  96.763718    19.8900     1.3367     0.1278     0.3384 1.9473e+02     0.1286      0.400      0.580    19.3450 0.0000e+00
      0.409      0.002     9.0377     98.335    109.077  96.748087    19.8900     1.3329     0.1278     0.3384 1.8184e+02     0.3854      0.401      0.581    19.3449 0.0000e+00
      0.409      0.001     9.0417     98.357    109.066  96.738668    19.8900     1.3329     0.1278     0.3384 1.9853e+02     0.3703      0.401      0.582    19.3447 0.0000e+00
      0.409     -0.001     9.0464     98.350    109.053  96.726955    19.8900     1.3367     0.1278     0.3384 1.8600e+02     0.2343      0.401      0.582    19.3445 0.0000e+00
      0.409     -0.003     9.0514     98.334    109.049  96.723810    19.8900     1.3939     0.1278     0.3384 1.8693e+02     0.2796      0.401      0.582    19.3443 0.0000e+00
      0.408     -0.004     9.0559     98.316    109.056  96.730394    19.8900     1.3787     0.0852     0.2961 1.9870e+02     0.1588      0.400      0.581    19.3442 0.0000e+00
      0.407     -0.006     9.0580     98.294    109.052  96.726482    19.8900     1.3901     0.0852     0.2961 1.8137e+02     0.3249      0.399      0.579    19.3442 0.0000e+00
      0.405     -0.007     9.0574     98.267    109.032  96.709035    19.8900     1.3710     0.0852     0.2961 2.0083e+02     0.3249      0.397      0.576    19.3442 0.0000e+00
      0.402     -0.007     9.0559     98.230    109.024  96.701371    19.8900     1.3939     0.0852     0.2961 1.8323e+02     0.2645      0.395      0.573    19.3441 0.0000e+00
      0.400     -0.007     9.0542     98.185    109.042  96.717434    19.8000     1.3939     0.1278     0.2538 1.9154e+02     0.2645      0.392      0.569    19.3441 0.0000e+00
      0.398     -0.007     9.0522     98.153    109.082  96.753512    19.8000     1.3939     0.1278     0.2538 1.8427e+02     0.2494      0.390      0.566    19.3440 0.0000e+00
      0.396     -0.006     9.0498     98.142    109.136  96.801245    19.8000     1.2451     0.1278     0.2538 2.0157e+02     0.2494      0.389      0.564    19.3440 0.0000e+00
      0.395     -0.005     9.0463     98.151    109.177  96.837397    19.8000     1.2795     0.1278     0.2538 1.8256e+02     0.2645      0.388      0.562    19.3441 0.0000e+00
      0.394     -0.004     9.0421     98.177    109.194  96.851625    19.8000     1.2528     0.1278     0.2961 2.0866e+02     0.2494      0.387      0.561    19.3442 0.0000e+00
      0.394     -0.003     9.0391     98.214    109.195  96.851722    19.8000     1.2375     0.1278     0.2961 1.8734e+02     0.2343      0.386      0.560    19.3443 0.0000e+00
      0.393     -0.002     9.0381     98.255    109.180  96.837713    19.8000     1.3558     0.1278     0.2961 1.9096e+02     0.3249      0.386      0.559    19.3443 0.0000e+00
      0.393     -0.001     9.0390     98.299    109.158  96.817850    19.8000     1.3939     0.1278     0.2961 2.0875e+02     0.2796      0.385      0.559    19.3442 0.0000e+00
      0.393     -0.000     9.0414     98.341    109.137  96.798825    19.8000     1.3825     0.1278     0.3384 1.8584e+02     0.3552      0.385      0.559    19.3440 0.0000e+00
      0.393      0.000     9.0449     98.367    109.119  96.783557    19.8000     1.3710     0.1278     0.3384 2.0497e+02     0.3552      0.385      0.559    19.3436 0.0000e+00
      0.393      0.001     9.0487     98.372    109.122  96.785958    19.8000     1.3787     0.1278     0.3384 1.9490e+02     0.2494      0.386      0.559    19.3432 0.0000e+00
      0.394      0.001     9.0528     98.362    109.139  96.800674    19.8000     1.3787     0.1278     0.3384 1.9656e+02     0.2192      0.386      0.560    19.3430 0.0000e+00
      0.394      0.001     9.0567     98.330    109.153  96.813645    19.8000     1.4054     0.1278     0.3384 1.9485e+02     0.3098      0.386      0.560    19.3429 0.0000e+00
      0.395      0.001     9.0591     98.272    109.181  96.838321    19.8000     1.4016     0.1278     0.2538 2.0092e+02     0.2494      0.387      0.561    19.3429 0.0000e+00
      0.395      0.001     9.0596     98.193    109.203  96.857306    19.8000     1.4130     0.1278     0.2538 2.0184e+02     0.2494      0.387      0.562    19.3429 0.0000e+00
      0.395      0.001     9.0586     98.110    109.192  96.847689    19.8000     1.3520     0.1278     0.2538 1.8117e+02     0.2192      0.388      0.562    19.3429 0.0000e+00
      0.396      0.001     9.0557     98.039    109.187  96.842871    19.8000     1.3977     0.1278     0.2538 2.0391e+02     0.2796      0.388      0.563    19.3429 0.0000e+00
      0.396      0.001     9.0503     97.995    109.182  96.837571    19.8000     1.3787     0.1278     0.3807 2.0889e+02     0.1286      0.388      0.563    19.3428 0.0000e+00
