Data/DataNotYetUploadedToEDI/Raw_CTD/RawDownloads/052826_ccr30_S8188006.cnv
* Sea-Bird SBE19plus  Data File:
* FileName = C:\R\Reservoirs\Data\DataNotYetUploadedToEDI\Raw_CTD\RawDownloads\062526_ccr50_S8188_0006.hex
* Software version 2.8.0.119
* Temperature SN = 8188
* Conductivity SN = 8188
* System UpLoad Time = Jun 29 2026 18:09:10
* <ApplicationData>
* <Seaterm232>
# nquan = 16
# nvalues = 2574                        
# units = specified
# name 0 = depFM: Depth [fresh water, m]
# name 1 = dz/dtM: Descent Rate [m/s]
# name 2 = sbeox0Mg/L: Oxygen, SBE 43 [mg/l]
# name 3 = sbeox0PS: Oxygen, SBE 43 [% saturation]
# name 4 = specc: Specific Conductance [uS/cm]
# name 5 = c0uS/cm: Conductivity [uS/cm]
# name 6 = wetCDOM: Fluorescence, WET Labs CDOM [mg/m^3]
# name 7 = flECO-AFL: Fluorescence, WET Labs ECO-AFL/FL [mg/m^3]
# name 8 = flECO-AFL1: Fluorescence, WET Labs ECO-AFL/FL, 2 [mg/m^3]
# name 9 = flECO-AFL2: Fluorescence, WET Labs ECO-AFL/FL, 3 [mg/m^3]
# name 10 = par/sat/log: PAR/Logarithmic, Satlantic
# name 11 = turbWETntu0: Turbidity, WET Labs ECO [NTU]
# name 12 = prdM: Pressure, Strain Gauge [db]
# name 13 = prdE: Pressure, Strain Gauge [psi]
# name 14 = tv290C: Temperature [ITS-90, deg C]
# name 15 = flag:  0.000e+00
# span 0 =     -0.469,     10.027       
# span 1 =     -0.147,      0.197       
# span 2 =     4.9505,     9.7870       
# span 3 =     58.398,    100.497       
# span 4 =   -483.045,    150.560       
# span 5 =-448.526723, 144.386798       
# span 6 =    -4.5000,    15.9300       
# span 7 =    -0.2922,     5.8534       
# span 8 =    -2.3856,     0.5538       
# span 9 =    -2.0304,     9.7290       
# span 10 = 1.5478e+01, 3.9447e+03      
# span 11 =    -1.0044,   971.0642      
# span 12 =     -0.460,      9.834      
# span 13 =     -0.667,     14.262      
# span 14 =    11.5812,    24.5236      
# span 15 = 0.0000e+00, 0.0000e+00      
# interval = seconds: 0.25
# start_time = May 28 2026 12:44:19 [Instrument's time stamp, header]
# bad_flag = -9.990e-29
*END*
[from data line 2260]
      6.851     -0.030     8.8062     81.708    144.514 106.476421    15.7500     0.9857     0.1278     0.3384 7.9355e+01     0.7177      6.719      9.745    11.8446 0.0000e+00
      6.844     -0.028     8.8107     81.763    144.561 106.501826    15.7500     1.1879     0.1278     0.2961 7.9373e+01     0.6422      6.712      9.735    11.8440 0.0000e+00
      6.838     -0.027     8.8177     81.777    144.558 106.491641    15.7500     1.1689     0.1278     0.2961 7.9029e+01     0.7026      6.706      9.726    11.8425 0.0000e+00
      6.832     -0.028     8.8262     81.742    144.541 106.471136    15.7500     1.1765     0.1278     0.2961 7.8891e+01     0.6422      6.700      9.717    11.8399 0.0000e+00
      6.825     -0.029     8.8348     81.672    144.533 106.458832    15.7500     1.1879     0.1278     0.2961 7.9304e+01     0.7026      6.693      9.707    11.8368 0.0000e+00
      6.817     -0.032     8.8414     81.581    144.531 106.451447    15.7500     1.1421     0.1278     0.2961 7.9235e+01     0.8537      6.686      9.697    11.8336 0.0000e+00
      6.809     -0.035     8.8435     81.487    144.525 106.443013    15.7500     1.1078     0.1278     0.3384 7.9287e+01     0.9141      6.678      9.685    11.8306 0.0000e+00
      6.800     -0.038     8.8404     81.406    144.524 106.441278    15.7500     1.1345     0.1278     0.3384 7.9252e+01     0.9443      6.669      9.672    11.8279 0.0000e+00
      6.790     -0.043     8.8332     81.347    144.536 106.451776    15.7500     1.1498     0.1278     0.3384 7.9563e+01     0.8386      6.659      9.658    11.8257 0.0000e+00
      6.779     -0.048     8.8237     81.308    144.535 106.455316    15.7500     1.2146     0.1278     0.3384 7.9961e+01     1.1407      6.648      9.642    11.8238 0.0000e+00
      6.766     -0.053     8.8138     81.285    144.509 106.442846    15.8400     1.1879     0.1704     0.4230 8.0222e+01     1.0500      6.635      9.624    11.8224 0.0000e+00
      6.752     -0.058     8.8053     81.274    144.474 106.427036    15.8400     1.1727     0.1704     0.4230 8.0747e+01     1.1256      6.622      9.604    11.8220 0.0000e+00
      6.737     -0.062     8.7987     81.271    144.453 106.423659    15.8400     1.1612     0.1704     0.4230 8.1064e+01     1.1860      6.606      9.582    11.8226 0.0000e+00
      6.720     -0.066     8.7941     81.279    144.447 106.431816    15.8400     1.0392     0.1704     0.4230 8.2306e+01     0.5515      6.590      9.558    11.8241 0.0000e+00
      6.701     -0.068     8.7912     81.294    144.454 106.445687    15.7500     1.0659     0.1278     0.3384 8.3840e+01     0.7781      6.572      9.532    11.8264 0.0000e+00
      6.683     -0.069     8.7893     81.312    144.479 106.468972    15.7500     1.0582     0.1278     0.3384 8.5051e+01     0.6271      6.554      9.505    11.8298 0.0000e+00
      6.665     -0.070     8.7882     81.341    144.521 106.503880    15.7500     1.0468     0.1278     0.3384 8.5459e+01     0.5817      6.536      9.480    11.8341 0.0000e+00
      6.648     -0.070     8.7882     81.381    144.557 106.535732    15.7500     1.1154     0.1278     0.3384 8.5162e+01     0.6724      6.519      9.455    11.8383 0.0000e+00
      6.631     -0.072     8.7892     81.426    144.573 106.557029    15.7500     1.1269     0.1278     0.3384 8.5255e+01     0.6120      6.502      9.431    11.8413 0.0000e+00
      6.613     -0.073     8.7908     81.471    144.571 106.567453    15.8400     1.1231     0.1278     0.2538 8.6243e+01     0.6422      6.485      9.406    11.8430 0.0000e+00
      6.594     -0.075     8.7937     81.512    144.520 106.543797    15.8400     1.1002     0.1278     0.2538 8.7641e+01     0.7479      6.467      9.379    11.8444 0.0000e+00
      6.574     -0.076     8.7976     81.555    144.435 106.493746    15.8400     1.1307     0.1278     0.2538 8.8907e+01     0.8386      6.447      9.351    11.8463 0.0000e+00
      6.553     -0.076     8.8019     81.605    144.371 106.457931    15.8400     1.1116     0.1278     0.2538 9.0328e+01     0.7630      6.427      9.321    11.8494 0.0000e+00
      6.533     -0.075     8.8058     81.668    144.355 106.454787    15.7500     1.1421     0.1278     0.3807 9.1653e+01     0.7026      6.406      9.292    11.8537 0.0000e+00
      6.513     -0.072     8.8094     81.758    144.381 106.479477    15.7500     1.1078     0.1278     0.3807 9.2856e+01     0.6875      6.387      9.264    11.8584 0.0000e+00
      6.495     -0.068     8.8131     81.875    144.422 106.514598    15.7500     1.1574     0.1278     0.3807 9.3382e+01     0.7026      6.369      9.238    11.8630 0.0000e+00
      6.478     -0.064     8.8177     82.007    144.459 106.545527    15.7500     1.1650     0.1278     0.3807 9.3707e+01     0.6422      6.353      9.215    11.8668 0.0000e+00
      6.464     -0.062     8.8240     82.142    144.492 106.572514    15.7500     1.1650     0.1278     0.3807 9.3017e+01     0.5515      6.339      9.194    11.8697 0.0000e+00
      6.449     -0.062     8.8332     82.263    144.505 106.586764    15.7500     1.1994     0.1278     0.3807 9.2957e+01     0.5969      6.325      9.173    11.8718 0.0000e+00
      6.435     -0.063     8.8456     82.358    144.476 106.572086    15.7500     1.1879     0.1278     0.3807 9.3219e+01     0.6120      6.310      9.153    11.8734 0.0000e+00
      6.419     -0.066     8.8596     82.422    144.438 106.552553    15.7500     1.2032     0.1278     0.3807 9.4136e+01     0.6724      6.295      9.130    11.8746 0.0000e+00
      6.402     -0.070     8.8739     82.453    144.437 106.562938    15.7500     1.1650     0.1278     0.3384 9.5454e+01     0.7479      6.278      9.106    11.8756 0.0000e+00
      6.383     -0.073     8.8867     82.454    144.445 106.582023    15.7500     1.1917     0.1278     0.3384 9.6329e+01     0.6875      6.260      9.079    11.8771 0.0000e+00
      6.363     -0.076     8.8965     82.438    144.425 106.582910    15.7500     1.0544     0.1278     0.3384 9.7022e+01     0.8839      6.240      9.051    11.8794 0.0000e+00
      6.343     -0.078     8.9028     82.418    144.406 106.585830    15.7500     1.0773     0.1278     0.3384 9.8210e+01     0.9745      6.220      9.022    11.8826 0.0000e+00
      6.322     -0.077     8.9054     82.403    144.419 106.611552    15.7500     1.0506     0.1278     0.3384 9.9564e+01     0.8688      6.200      8.992    11.8864 0.0000e+00
      6.301     -0.076     8.9046     82.404    144.443 106.642946    15.7500     1.0659     0.0852     0.3807 1.0153e+02     0.8990      6.179      8.962    11.8909 0.0000e+00
      6.281     -0.073     8.9018     82.422    144.459 106.668394    15.7500     1.2528     0.0852     0.3807 1.0248e+02     0.7177      6.160      8.934    11.8963 0.0000e+00
      6.263     -0.071     8.8984     82.451    144.467 106.688685    15.7500     1.2337     0.0852     0.3807 1.0199e+02     0.6271      6.142      8.908    11.9021 0.0000e+00
      6.247     -0.069     8.8957     82.491    144.456 106.695237    15.7500     1.2299     0.0852     0.3807 1.0168e+02     0.5666      6.126      8.885    11.9076 0.0000e+00
      6.231     -0.069     8.8948     82.544    144.440 106.699792    15.7500     1.2490     0.1278     0.3384 1.0228e+02     0.6724      6.110      8.862    11.9124 0.0000e+00
      6.214     -0.071     8.8957     82.617    144.431 106.713563    15.7500     1.2375     0.1278     0.3384 1.0369e+02     0.6724      6.094      8.839    11.9171 0.0000e+00
      6.197     -0.074     8.8980     82.712    144.443 106.744219    15.7500     1.2337     0.1278     0.3384 1.0439e+02     0.7328      6.077      8.814    11.9220 0.0000e+00
      6.177     -0.078     8.9012     82.832    144.478 106.789941    15.7500     1.2566     0.1278     0.3384 1.0583e+02     0.6422      6.058      8.786    11.9271 0.0000e+00
      6.156     -0.081     8.9058     82.976    144.512 106.830938    15.7500     1.2375     0.1704     0.2961 1.0792e+02     0.6724      6.037      8.757    11.9328 0.0000e+00
      6.134     -0.082     8.9122     83.135    144.543 106.866148    15.7500     1.2337     0.1704     0.2961 1.0982e+02     0.6573      6.015      8.725    11.9397 0.0000e+00
      6.112     -0.082     8.9209     83.301    144.546 106.878972    15.7500     1.3596     0.1704     0.2961 1.1201e+02     0.4911      5.993      8.693    11.9472 0.0000e+00
      6.090     -0.080     8.9325     83.463    144.500 106.856836    15.7500     1.3634     0.1704     0.2961 1.1284e+02     0.6422      5.972      8.662    11.9541 0.0000e+00
      6.070     -0.078     8.9469     83.610    144.455 106.839817    15.7500     1.3520     0.1704     0.2961 1.1313e+02     0.6271      5.952      8.633    11.9596 0.0000e+00
      6.051     -0.077     8.9632     83.733    144.447 106.857363    15.8400     1.3634     0.1278     0.4653 1.1267e+02     0.6573      5.934      8.607    11.9639 0.0000e+00
      6.033     -0.078     8.9803     83.831    144.478 106.910154    15.8400     1.5084     0.1278     0.4653 1.1223e+02     0.7479      5.917      8.581    11.9677 0.0000e+00
      6.015     -0.080     8.9969     83.911    144.516 106.978285    15.8400     1.5160     0.1278     0.4653 1.1358e+02     0.7328      5.898      8.555    11.9719 0.0000e+00
      5.995     -0.084     9.0116     83.983    144.524 107.031945    15.8400     1.4817     0.1278     0.4653 1.1457e+02     0.5817      5.879      8.526    11.9775 0.0000e+00
      5.973     -0.089     9.0233     84.062    144.487 107.055461    15.7500     1.4931     0.1278     0.5076 1.1643e+02     0.5213      5.857      8.495    11.9854 0.0000e+00
      5.949     -0.092     9.0317     84.162    144.423 107.055105    15.7500     1.5656     0.1278     0.5076 1.1911e+02     0.6573      5.834      8.461    11.9960 0.0000e+00
      5.923     -0.094     9.0375     84.290    144.385 107.066768    15.7500     1.5427     0.1278     0.5076 1.2152e+02     0.6875      5.808      8.424    12.0097 0.0000e+00
      5.897     -0.094     9.0418     84.448    144.394 107.109555    15.7500     1.5541     0.1278     0.5076 1.2424e+02     0.6724      5.783      8.387    12.0263 0.0000e+00
      5.872     -0.092     9.0467     84.635    144.420 107.166889    15.8400     1.5503     0.0852     0.4230 1.2705e+02     0.6120      5.758      8.351    12.0438 0.0000e+00
      5.848     -0.088     9.0541     84.837    144.444 107.230070    15.8400     1.8593     0.0852     0.4230 1.2766e+02     0.6724      5.735      8.318    12.0601 0.0000e+00
      5.827     -0.085     9.0650     85.043    144.462 107.293956    15.8400     1.8364     0.0852     0.4230 1.2730e+02     0.7026      5.714      8.288    12.0740 0.0000e+00
      5.807     -0.082     9.0794     85.249    144.439 107.331605    15.8400     1.8555     0.0852     0.4230 1.2808e+02     0.6422      5.694      8.259    12.0864 0.0000e+00
      5.788     -0.080     9.0968     85.444    144.369 107.333067    15.7500     1.8784     0.1278     0.4230 1.2923e+02     0.7177      5.676      8.232    12.0996 0.0000e+00
      5.768     -0.079     9.1153     85.621    144.298 107.326723    15.7500     1.9814     0.1278     0.4230 1.3126e+02     0.6724      5.656      8.204    12.1151 0.0000e+00
      5.748     -0.080     9.1337     85.783    144.253 107.326878    15.7500     1.9814     0.1278     0.4230 1.3273e+02     0.6120      5.637      8.175    12.1328 0.0000e+00
      5.727     -0.081     9.1519     85.929    144.221 107.323576    15.7500     2.0043     0.1278     0.4230 1.3520e+02     0.6875      5.616      8.146    12.1516 0.0000e+00
      5.706     -0.082     9.1690     86.056    144.207 107.325935    15.7500     1.9890     0.1278     0.4230 1.3674e+02     0.6875      5.595      8.115    12.1701 0.0000e+00
      5.684     -0.082     9.1847     86.156    144.210 107.340579    15.8400     2.1683     0.1278     0.5499 1.3913e+02     0.6120      5.574      8.085    12.1863 0.0000e+00
      5.663     -0.082     9.1996     86.220    144.203 107.355420    15.8400     2.1836     0.1278     0.5499 1.4111e+02     0.7328      5.553      8.055    12.1979 0.0000e+00
      5.642     -0.083     9.2138     86.247    144.189 107.374417    15.8400     2.1683     0.1278     0.5499 1.4096e+02     0.6120      5.533      8.025    12.2050 0.0000e+00
      5.622     -0.083     9.2265     86.243    144.193 107.414631    15.8400     2.1836     0.1278     0.5499 1.4148e+02     0.6422      5.513      7.996    12.2095 0.0000e+00
      5.601     -0.084     9.2363     86.221    144.220 107.472794    15.9300     2.1454     0.1278     0.5076 1.4309e+02     0.7328      5.493      7.967    12.2139 0.0000e+00
      5.580     -0.086     9.2418     86.204    144.254 107.528434    15.9300     2.1645     0.1278     0.5076 1.4475e+02     0.7328      5.472      7.936    12.2207 0.0000e+00
      5.557     -0.089     9.2425     86.209    144.271 107.566400    15.9300     2.1607     0.1278     0.5076 1.4519e+02     0.6875      5.450      7.905    12.2309 0.0000e+00
      5.534     -0.091     9.2393     86.243    144.266 107.588822    15.9300     2.1759     0.1278     0.5076 1.4687e+02     0.7479      5.427      7.872    12.2439 0.0000e+00
      5.510     -0.092     9.2342     86.313    144.245 107.605676    15.9300     2.3591     0.1278     0.5076 1.4860e+02     0.6422      5.404      7.838    12.2570 0.0000e+00
      5.485     -0.091     9.2301     86.418    144.215 107.617461    15.9300     2.3514     0.1278     0.5076 1.5170e+02     0.6422      5.380      7.802    12.2677 0.0000e+00
      5.461     -0.089     9.2289     86.541    144.208 107.645313    15.9300     2.3514     0.1278     0.5076 1.5430e+02     0.6724      5.355      7.767    12.2763 0.0000e+00
      5.437     -0.085     9.2306     86.660    144.253 107.722649    15.9300     2.3362     0.1278     0.5076 1.5755e+02     0.6724      5.332      7.734    12.2856 0.0000e+00
      5.416     -0.081     9.2357     86.754    144.328 107.840104    15.9300     2.6642     0.1278     0.5076 1.5588e+02     0.9292      5.311      7.704    12.2968 0.0000e+00
      5.397     -0.078     9.2445     86.836    144.407 107.983019    15.8400     2.6604     0.1278     0.4653 1.5598e+02     0.9594      5.293      7.677    12.3085 0.0000e+00
      5.379     -0.077     9.2554     86.930    144.499 108.163517    15.8400     2.6642     0.1278     0.4653 1.5524e+02     0.8990      5.275      7.652    12.3200 0.0000e+00
      5.362     -0.077     9.2649     87.032    144.573 108.365761    15.8400     2.6642     0.1278     0.4653 1.5639e+02     0.9745      5.258      7.626    12.3349 0.0000e+00
      5.342     -0.080     9.2705     87.130    144.584 108.547722    15.8400     2.7291     0.1278     0.4653 1.5793e+02     0.9443      5.239      7.599    12.3564 0.0000e+00
      5.321     -0.082     9.2732     87.218    144.538 108.693957    15.7500     2.7291     0.1278     0.5076 1.6052e+02     0.9443      5.218      7.569    12.3854 0.0000e+00
      5.299     -0.085     9.2751     87.279    144.499 108.837471    15.7500     2.7253     0.1278     0.5076 1.6334e+02     0.8990      5.196      7.537    12.4241 0.0000e+00
      5.276     -0.086     9.2754     87.285    144.531 109.032534    15.7500     2.7138     0.1278     0.5076 1.6591e+02     0.9292      5.174      7.504    12.4749 0.0000e+00
      5.253     -0.085     9.2733     87.201    144.591 109.277183    15.7500     2.6795     0.1278     0.5076 1.6791e+02     0.9443      5.151      7.471    12.5350 0.0000e+00
      5.231     -0.083     9.2697     86.997    144.584 109.506707    15.6600     2.6604     0.1704     0.5922 1.6911e+02     0.9292      5.130      7.440    12.5974 0.0000e+00
      5.210     -0.082     9.2638     86.665    144.520 109.694353    15.6600     2.6413     0.1704     0.5922 1.6919e+02     0.8839      5.110      7.411    12.6572 0.0000e+00
      5.191     -0.081     9.2522     86.230    144.436 109.836189    15.6600     2.6642     0.1704     0.5922 1.6886e+02     0.8688      5.090      7.383    12.7164 0.0000e+00
