Data/DataNotYetUploadedToEDI/Raw_CTD/RawDownloads/052826_ccr50_S8188003.cnv
* Sea-Bird SBE19plus  Data File:
* FileName = C:\R\Reservoirs\Data\DataNotYetUploadedToEDI\Raw_CTD\RawDownloads\062526_ccr50_S8188_0003.hex
* Software version 2.8.0.119
* Temperature SN = 8188
* Conductivity SN = 8188
* System UpLoad Time = Jun 29 2026 18:07:54
* <ApplicationData>
* <Seaterm232>
# nquan = 16
# nvalues = 2889                        
# units = specified
# name 0 = depFM: Depth [fresh water, m]
# name 1 = dz/dtM: Descent Rate [m/s]
# name 2 = sbeox0Mg/L: Oxygen, SBE 43 [mg/l]
# name 3 = sbeox0PS: Oxygen, SBE 43 [% saturation]
# name 4 = specc: Specific Conductance [uS/cm]
# name 5 = c0uS/cm: Conductivity [uS/cm]
# name 6 = wetCDOM: Fluorescence, WET Labs CDOM [mg/m^3]
# name 7 = flECO-AFL: Fluorescence, WET Labs ECO-AFL/FL [mg/m^3]
# name 8 = flECO-AFL1: Fluorescence, WET Labs ECO-AFL/FL, 2 [mg/m^3]
# name 9 = flECO-AFL2: Fluorescence, WET Labs ECO-AFL/FL, 3 [mg/m^3]
# name 10 = par/sat/log: PAR/Logarithmic, Satlantic
# name 11 = turbWETntu0: Turbidity, WET Labs ECO [NTU]
# name 12 = prdM: Pressure, Strain Gauge [db]
# name 13 = prdE: Pressure, Strain Gauge [psi]
# name 14 = tv290C: Temperature [ITS-90, deg C]
# name 15 = flag:  0.000e+00
# span 0 =     -0.481,     17.126       
# span 1 =     -0.472,      0.173       
# span 2 =     0.1352,     9.3849       
# span 3 =      1.209,    101.251       
# span 4 =   -655.316,    165.142       
# span 5 =-477.622404, 140.896813       
# span 6 =    -4.5000,    21.4200       
# span 7 =    -3.1380,   245.1606       
# span 8 =    -5.3250,     3.4080       
# span 9 =    -5.7528,     6.0489       
# span 10 = 1.1587e-01, 4.1369e+03      
# span 11 =    -7.1981,   971.1096      
# span 12 =     -0.472,     16.795      
# span 13 =     -0.684,     24.359      
# span 14 =    10.3373,    23.6132      
# span 15 = 0.0000e+00, 0.0000e+00      
# interval = seconds: 0.25
# start_time = May 28 2026 10:43:45 [Instrument's time stamp, header]
# bad_flag = -9.990e-29
*END*
     -0.472      0.007     7.8821     89.529      8.357   7.812891    -4.5000    -0.2426    -2.1300    -2.0304 1.9987e+02    -0.9742     -0.463     -0.672    21.6598 0.0000e+00
     -0.470      0.009     7.8816     89.515      8.805   8.241457    -4.5000    -0.2502    -2.1300    -2.0304 1.9888e+02    -0.9440     -0.461     -0.669    21.6571 0.0000e+00
     -0.468      0.012     7.8813     89.497      9.773   9.161793    -4.5000    -0.2731    -2.1300    -2.0304 1.8861e+02    -1.0346     -0.459     -0.666    21.6541 0.0000e+00
     -0.465      0.016     7.8810     89.483     11.401  10.709913     0.0000    -0.2769     0.2556    -0.3807 1.8220e+02    -1.1404     -0.456     -0.662    21.6515 0.0000e+00
     -0.461      0.020     7.8805     89.474     13.982  13.167355     0.0000    -0.2388     0.2556    -0.3807 1.8086e+02    -1.0044     -0.452     -0.656    21.6500 0.0000e+00
     -0.456      0.026     7.8792     89.471     18.212  17.197395     0.0000    -0.2502     0.2556    -0.3807 1.7945e+02    -1.0195     -0.447     -0.649    21.6502 0.0000e+00
     -0.449      0.033     7.8772     89.475     25.270  23.920466     0.0000    -0.2350     0.2556    -0.3807 1.8288e+02    -1.0346     -0.441     -0.639    21.6531 0.0000e+00
     -0.441      0.043     7.8748     89.491     37.063  35.155246     0.0000    -0.5707     0.2556    -0.3807 1.9745e+02     1.3220     -0.432     -0.627    21.6604 0.0000e+00
     -0.430      0.055     7.8718     89.525     56.559  53.730566     0.0000    -0.5707     0.2130    -1.2267 2.7360e+02     1.4579     -0.422     -0.611    21.6750 0.0000e+00
     -0.416      0.070     7.8675     89.573     82.334  78.381908     0.0000    -0.5592     0.2130    -1.2267 4.1139e+02     1.4277     -0.408     -0.591    21.7020 0.0000e+00
     -0.398      0.088     7.8605     89.636    105.869 101.106017     0.0000    -0.5554     0.2130    -1.2267 7.3076e+02     1.4126     -0.390     -0.565    21.7499 0.0000e+00
     -0.374      0.107     7.8493     89.720    121.656 116.598402     0.0000    -0.1854     0.2130    -1.2267 1.2324e+03     0.7026     -0.367     -0.532    21.8327 0.0000e+00
     -0.344      0.126     7.8307     89.846    131.049 126.009977     0.0000    -0.1854     3.4080     1.3959 1.3897e+03     0.6120     -0.338     -0.490    21.9738 0.0000e+00
     -0.308      0.143     7.8022     90.039    136.563 131.660320     0.0000    -0.2197     3.4080     1.3959 1.3732e+03     0.7328     -0.302     -0.438    22.1894 0.0000e+00
     -0.267      0.157     7.7678     90.321    139.797 135.044195     0.0000    -0.1778     3.4080     1.3959 1.3909e+03     0.6875     -0.262     -0.380    22.4538 0.0000e+00
     -0.222      0.164     7.7362     90.703    141.723 137.092014     0.0000     0.0702     3.4080     1.3959 1.5126e+03     0.4307     -0.218     -0.316    22.7135 0.0000e+00
     -0.176      0.165     7.7140     91.171    142.897 138.353872     3.7800     0.0359    -1.4484     3.0456 1.4320e+03     0.3703     -0.173     -0.250    22.9356 0.0000e+00
     -0.130      0.158     7.7047     91.681    143.620 139.134230     3.7800     0.0282    -1.4484     3.0456 1.5560e+03     0.5666     -0.127     -0.184    23.1105 0.0000e+00
     -0.087      0.145     7.7099     92.173    144.044 139.595133     3.7800     0.0397    -1.4484     3.0456 1.6984e+03     0.4760     -0.085     -0.123    23.2380 0.0000e+00
     -0.050      0.128     7.7297     92.595    144.271 139.843471     3.7800     0.0206    -1.4484     3.0456 1.0527e+03     0.1890     -0.049     -0.071    23.3254 0.0000e+00
     -0.020      0.108     7.7611     92.914    144.376 139.957482     8.4600     0.0549     0.0852    -0.3807 1.8366e+03     0.1134     -0.019     -0.028    23.3828 0.0000e+00
      0.004      0.088     7.7990     93.111    144.404 139.983586     8.4600     0.0397     0.0852    -0.3807 1.8022e+03     0.1437      0.004      0.005    23.4195 0.0000e+00
      0.021      0.070     7.8375     93.186    144.390 139.954775     8.4600     0.0435     0.0852    -0.3807 1.4979e+03     0.2041      0.021      0.030    23.4420 0.0000e+00
      0.035      0.055     7.8715     93.160    144.369 139.903411     8.4600     0.0588     0.0852    -0.3807 1.7688e+03     0.1588      0.034      0.050    23.4550 0.0000e+00
      0.046      0.043     7.8977     93.064    144.354 139.841825     8.4600     0.0473     0.0852    -0.3807 1.7143e+03     0.1890      0.045      0.065    23.4613 0.0000e+00
      0.054      0.034     7.9143     92.929    144.335 139.769609     8.3700     0.0549     0.0426     0.7614 1.6819e+03     0.1588      0.053      0.077    23.4620 0.0000e+00
      0.061      0.029     7.9214     92.780    144.316 139.699536     8.3700     0.0588     0.0426     0.7614 1.6261e+03     0.1739      0.060      0.087    23.4574 0.0000e+00
      0.067      0.025     7.9207     92.639    144.292 139.636945     8.3700     0.0435     0.0426     0.7614 1.7800e+03     0.1286      0.065      0.095    23.4470 0.0000e+00
      0.072      0.024     7.9149     92.524    144.251 139.573151     8.3700     0.0321     0.0426     0.7614 1.8061e+03     0.2343      0.070      0.102    23.4313 0.0000e+00
      0.077      0.024     7.9063     92.444    144.202 139.513166     8.6400     0.0588     0.0852    -0.0423 1.8077e+03     0.0983      0.076      0.110    23.4125 0.0000e+00
      0.083      0.025     7.8963     92.396    144.160 139.469025     8.6400     0.0511     0.0852    -0.0423 1.8506e+03     0.2192      0.081      0.118    23.3948 0.0000e+00
      0.090      0.027     7.8862     92.380    144.124 139.434965     8.6400     0.0397     0.0852    -0.0423 1.8651e+03     0.3249      0.088      0.127    23.3813 0.0000e+00
      0.097      0.030     7.8777     92.400    144.096 139.405909     8.6400     0.0435     0.0852    -0.0423 1.7110e+03     0.3400      0.094      0.137    23.3729 0.0000e+00
      0.104      0.033     7.8714     92.464    144.093 139.386122     8.5500     0.0702     0.0426     0.0423 1.6932e+03     0.3854      0.102      0.148    23.3686 0.0000e+00
      0.113      0.036     7.8676     92.567    144.107 139.366325     8.5500     0.0244     0.0426     0.0423 1.7032e+03     0.4156      0.110      0.160    23.3675 0.0000e+00
      0.122      0.038     7.8661     92.699    144.115 139.329221     8.5500     0.1007     0.0426     0.0423 3.1270e+03     0.2041      0.120      0.174    23.3678 0.0000e+00
      0.133      0.040     7.8680     92.850    144.113 139.276927     8.5500     0.1084     0.0426     0.0423 8.4291e+02     0.1286      0.130      0.189    23.3669 0.0000e+00
      0.144      0.040     7.8743     93.010    144.121 139.231534     8.5500     0.1084     0.0426     0.0423 2.4831e+03     0.2796      0.141      0.205    23.3613 0.0000e+00
      0.155      0.038     7.8849     93.168    144.134 139.196952     8.6400     0.1122     0.0852     0.1269 1.3531e+03     0.1588      0.152      0.221    23.3496 0.0000e+00
      0.165      0.035     7.8985     93.307    144.131 139.159952     8.6400     0.0588     0.0852     0.1269 1.4930e+03     0.1890      0.162      0.235    23.3338 0.0000e+00
      0.174      0.031     7.9139     93.415    144.112 139.122678     8.6400     0.0855     0.0852     0.1269 1.3849e+03     0.1437      0.171      0.247    23.3164 0.0000e+00
      0.181      0.026     7.9303     93.483    144.085 139.091207     8.6400     0.0473     0.0852     0.1269 1.0319e+03     0.1286      0.177      0.257    23.2982 0.0000e+00
      0.187      0.022     7.9463     93.506    144.049 139.061152     8.7300     0.0435     0.0852     0.1692 1.3723e+03     0.2343      0.183      0.265    23.2817 0.0000e+00
      0.191      0.018     7.9599     93.492    144.002 139.024500     8.7300     0.0282     0.0852     0.1692 8.7805e+02     0.1739      0.187      0.272    23.2698 0.0000e+00
      0.195      0.016     7.9700     93.448    143.948 138.983489     8.7300     0.0588     0.0852     0.1692 4.1369e+03     0.1437      0.191      0.277    23.2633 0.0000e+00
      0.198      0.015     7.9761     93.378    143.894 138.947206     8.7300     0.0511     0.0852     0.1692 1.7646e+03     0.1588      0.194      0.281    23.2616 0.0000e+00
      0.201      0.015     7.9779     93.292    143.843 138.919990     8.6400     0.0549     0.0852     0.2115 1.0373e+03     0.1588      0.197      0.286    23.2633 0.0000e+00
      0.204      0.016     7.9762     93.202    143.793 138.900592     8.6400     0.1274     0.0852     0.2115 1.9161e+03     0.1437      0.200      0.291    23.2663 0.0000e+00
      0.208      0.017     7.9719     93.125    143.739 138.877834     8.6400     0.0855     0.0852     0.2115 8.9676e+02     0.1890      0.204      0.296    23.2701 0.0000e+00
      0.213      0.019     7.9651     93.083    143.688 138.853658     8.6400     0.1007     0.0852     0.2115 1.5607e+03     0.1739      0.209      0.303    23.2754 0.0000e+00
      0.218      0.021     7.9565     93.087    143.651 138.839636     8.7300     0.1236     0.0000     0.0846 2.2883e+03     0.1890      0.214      0.310    23.2834 0.0000e+00
      0.224      0.021     7.9473     93.124    143.618 138.830029     8.7300     0.0282     0.0000     0.0846 9.8995e+02     0.2796      0.220      0.319    23.2934 0.0000e+00
      0.230      0.021     7.9392     93.172    143.583 138.816270     8.7300     0.0664     0.0000     0.0846 9.6238e+02     0.2041      0.226      0.328    23.3034 0.0000e+00
      0.236      0.020     7.9344     93.223    143.542 138.790686     8.7300     0.0626     0.0000     0.0846 1.6943e+03     0.1588      0.232      0.336    23.3121 0.0000e+00
      0.241      0.018     7.9336     93.277    143.495 138.752462     8.7300     0.0206     0.0000     0.0846 1.9586e+03     0.1890      0.237      0.344    23.3198 0.0000e+00
      0.245      0.015     7.9356     93.329    143.455 138.715431     8.9100     0.0511     0.0426    -0.0423 1.1589e+03     0.1588      0.240      0.349    23.3274 0.0000e+00
      0.248      0.013     7.9387     93.375    143.424 138.683733     8.9100     0.0588     0.0426    -0.0423 8.7672e+02     0.2041      0.243      0.354    23.3343 0.0000e+00
      0.251      0.011     7.9422     93.415    143.396 138.652918     8.9100     0.0435     0.0426    -0.0423 6.4367e+02     0.1890      0.246      0.357    23.3394 0.0000e+00
      0.253      0.009     7.9464     93.447    143.375 138.626783     8.9100     0.0511     0.0426    -0.0423 7.1195e+02     0.1588      0.248      0.361    23.3419 0.0000e+00
      0.256      0.008     7.9508     93.476    143.361 138.606365     8.7300     0.0359     0.0426     0.1269 9.6489e+02     0.5515      0.251      0.364    23.3424 0.0000e+00
      0.258      0.007     7.9549     93.502    143.348 138.586220     8.7300     0.0244     0.0426     0.1269 1.3315e+03     0.4307      0.253      0.367    23.3418 0.0000e+00
      0.259      0.006     7.9584     93.526    143.335 138.564980     8.7300     0.0435     0.0426     0.1269 1.8136e+03     0.4156      0.254      0.369    23.3404 0.0000e+00
      0.260      0.005     7.9615     93.547    143.326 138.544989     8.7300     0.0511     0.0426     0.1269 1.9053e+03     0.3552      0.255      0.370    23.3383 0.0000e+00
      0.261      0.004     7.9643     93.562    143.324 138.528923     8.9100     0.0397     0.0852     0.1269 1.0208e+03     0.4760      0.256      0.372    23.3359 0.0000e+00
      0.263      0.004     7.9670     93.571    143.329 138.520508     8.9100     0.1045     0.0852     0.1269 1.2995e+03     0.0983      0.257      0.373    23.3335 0.0000e+00
      0.264      0.003     7.9694     93.576    143.339 138.517497     8.9100     0.0778     0.0852     0.1269 3.4347e+03     0.0983      0.258      0.375    23.3304 0.0000e+00
      0.265      0.003     7.9718     93.578    143.341 138.507075     8.9100     0.1160     0.0852     0.1269 1.8991e+03     0.1739      0.259      0.376    23.3264 0.0000e+00
      0.265      0.002     7.9738     93.577    143.335 138.486461     8.9100     0.1084     0.0852     0.1269 1.3634e+03     0.2192      0.260      0.377    23.3217 0.0000e+00
      0.265      0.002     7.9753     93.579    143.327 138.462172     8.7300     0.0511     0.0426     0.0846 1.1986e+03     0.1890      0.260      0.377    23.3170 0.0000e+00
      0.265      0.002     7.9763     93.581    143.318 138.435738     8.7300     0.0511     0.0426     0.0846 1.0990e+03     0.1588      0.260      0.377    23.3126 0.0000e+00
      0.266      0.001     7.9771     93.582    143.312 138.412121     8.7300     0.0435     0.0426     0.0846 1.2570e+03     0.1890      0.260      0.378    23.3081 0.0000e+00
      0.266      0.001     7.9779     93.588    143.312 138.393031     8.7300     0.0511     0.0426     0.0846 9.5053e+02     0.0983      0.261      0.379    23.3030 0.0000e+00
      0.267      0.001     7.9789     93.599    143.309 138.369374     8.7300     0.0359     0.0852     0.0846 7.4325e+02     0.2041      0.261      0.379    23.2972 0.0000e+00
      0.267      0.000     7.9800     93.608    143.300 138.338843     8.7300     0.0282     0.0852     0.0846 7.4974e+02     0.1437      0.262      0.380    23.2910 0.0000e+00
      0.267      0.000     7.9811     93.615    143.297 138.313318     8.7300     0.0626     0.0852     0.0846 1.4016e+03     0.2192      0.262      0.380    23.2847 0.0000e+00
      0.267     -0.001     7.9826     93.619    143.304 138.298003     8.7300     0.0435     0.0852     0.0846 2.0147e+03     0.1588      0.261      0.379    23.2780 0.0000e+00
      0.266     -0.002     7.9846     93.614    143.323 138.294818     8.6400     0.1084     0.0852     0.1692 1.5432e+03     0.1286      0.261      0.378    23.2708 0.0000e+00
      0.265     -0.003     7.9865     93.601    143.360 138.308921     8.6400     0.1236     0.0852     0.1692 1.2453e+03     0.2192      0.260      0.377    23.2632 0.0000e+00
      0.264     -0.003     7.9883     93.584    143.404 138.330056     8.6400     0.1122     0.0852     0.1692 1.7199e+03     0.2494      0.259      0.376    23.2554 0.0000e+00
      0.263     -0.003     7.9899     93.563    143.442 138.345840     8.6400     0.1007     0.0852     0.1692 1.3543e+03     0.1890      0.258      0.375    23.2477 0.0000e+00
      0.263     -0.004     7.9906     93.537    143.480 138.360482     8.7300     0.1236     0.0852     0.0000 8.6668e+02     0.0681      0.258      0.374    23.2402 0.0000e+00
      0.262     -0.003     7.9905     93.508    143.526 138.381889     8.7300     0.1045     0.0852     0.0000 1.6226e+03     0.2947      0.257      0.372    23.2328 0.0000e+00
      0.261     -0.003     7.9902     93.480    143.581 138.407760     8.7300     0.0931     0.0852     0.0000 1.0172e+03     0.1739      0.256      0.370    23.2253 0.0000e+00
      0.259     -0.002     7.9895     93.458    143.639 138.428978     8.7300     0.1236     0.0852     0.0000 1.5502e+03     0.1437      0.254      0.369    23.2179 0.0000e+00
      0.259     -0.001     7.9884     93.447    143.704 138.447194     8.7300     0.1045     0.0852     0.0000 1.3988e+03     0.1739      0.254      0.368    23.2105 0.0000e+00
      0.259      0.001     7.9872     93.445    143.771 138.463261     8.9100     0.1198     0.0852    -0.0846 1.4775e+03     0.1588      0.254      0.369    23.2025 0.0000e+00
      0.260      0.002     7.9862     93.449    143.822 138.469445     8.9100     0.0969     0.0852    -0.0846 1.4420e+03     0.1588      0.255      0.370    23.1930 0.0000e+00
      0.261      0.003     7.9861     93.457    143.855 138.467394     8.9100     0.1007     0.0852    -0.0846 8.0881e+02     0.2192      0.255      0.371    23.1809 0.0000e+00
      0.261      0.004     7.9875     93.472    143.876 138.456561     8.9100     0.1045     0.0852    -0.0846 2.6109e+03     0.0681      0.256      0.372    23.1654 0.0000e+00
      0.262      0.004     7.9898     93.496    143.892 138.438059     8.8200     0.0855     0.1278     0.0846 1.5995e+03     0.1588      0.257      0.373    23.1485 0.0000e+00
