Data/DataNotYetUploadedToEDI/Raw_CTD/RawDownloads/052826_ccr10_S8188004.cnv
* Sea-Bird SBE19plus  Data File:
* FileName = C:\R\Reservoirs\Data\DataNotYetUploadedToEDI\Raw_CTD\RawDownloads\062526_ccr50_S8188_0004.hex
* Software version 2.8.0.119
* Temperature SN = 8188
* Conductivity SN = 8188
* System UpLoad Time = Jun 29 2026 18:08:03
* <ApplicationData>
* <Seaterm232>
# nquan = 16
# nvalues = 446                         
# units = specified
# name 0 = depFM: Depth [fresh water, m]
# name 1 = dz/dtM: Descent Rate [m/s]
# name 2 = sbeox0Mg/L: Oxygen, SBE 43 [mg/l]
# name 3 = sbeox0PS: Oxygen, SBE 43 [% saturation]
# name 4 = specc: Specific Conductance [uS/cm]
# name 5 = c0uS/cm: Conductivity [uS/cm]
# name 6 = wetCDOM: Fluorescence, WET Labs CDOM [mg/m^3]
# name 7 = flECO-AFL: Fluorescence, WET Labs ECO-AFL/FL [mg/m^3]
# name 8 = flECO-AFL1: Fluorescence, WET Labs ECO-AFL/FL, 2 [mg/m^3]
# name 9 = flECO-AFL2: Fluorescence, WET Labs ECO-AFL/FL, 3 [mg/m^3]
# name 10 = par/sat/log: PAR/Logarithmic, Satlantic
# name 11 = turbWETntu0: Turbidity, WET Labs ECO [NTU]
# name 12 = prdM: Pressure, Strain Gauge [db]
# name 13 = prdE: Pressure, Strain Gauge [psi]
# name 14 = tv290C: Temperature [ITS-90, deg C]
# name 15 = flag:  0.000e+00
# span 0 =     -0.473,      0.471       
# span 1 =     -0.131,      0.164       
# span 2 =     5.6187,     7.9965       
# span 3 =     67.046,     96.445       
# span 4 =   -400.965,    220.773       
# span 5 =-399.100678, 216.349465       
# span 6 =    -4.5000,    23.4000       
# span 7 =    -0.2998,    30.8057       
# span 8 =    -3.5358,     1.4910       
# span 9 =    -3.6801,     3.8493       
# span 10 = 1.1783e+02, 2.8002e+03      
# span 11 =    -1.3217,   866.7090      
# span 12 =     -0.464,      0.462      
# span 13 =     -0.673,      0.670      
# span 14 =    23.9428,    25.4089      
# span 15 = 0.0000e+00, 0.0000e+00      
# interval = seconds: 0.25
# start_time = May 28 2026 12:14:44 [Instrument's time stamp, header]
# bad_flag = -9.990e-29
*END*
[from data line 181]
      0.466      0.001     7.9781     96.358    192.071 191.499163    18.8100    -0.2769     0.2130     0.8460 1.3668e+02    -1.0044      0.457      0.662    24.8602 0.0000e+00
      0.466      0.001     7.9781     96.367    192.021 191.439459    18.8100    -0.2884     0.2130     0.8460 1.3733e+02    -1.0497      0.457      0.662    24.8572 0.0000e+00
      0.466      0.001     7.9787     96.372    191.985 191.398150    18.8100    -0.2655     0.2130     0.8460 1.4390e+02    -1.0346      0.457      0.663    24.8532 0.0000e+00
      0.466      0.000     7.9796     96.370    192.006 191.412395    19.7100    -0.2731     0.2556     0.8460 1.3757e+02    -1.1555      0.457      0.663    24.8489 0.0000e+00
      0.466      0.000     7.9809     96.363    192.087 191.481978    19.7100    -0.2846     0.2556     0.8460 1.3597e+02    -1.0649      0.457      0.663    24.8452 0.0000e+00
      0.466      0.000     7.9819     96.355    192.193 191.569253    19.7100    -0.2808     0.2556     0.8460 1.4078e+02    -1.0044      0.457      0.663    24.8427 0.0000e+00
      0.466      0.000     7.9825     96.351    192.287 191.635267    19.7100    -0.2769     0.2556     0.8460 1.4371e+02    -1.1706      0.457      0.662    24.8411 0.0000e+00
      0.466      0.000     7.9826     96.349    192.359 191.669519    19.9800    -0.2617     0.2130     0.8037 1.4693e+02    -1.0044      0.457      0.662    24.8394 0.0000e+00
      0.466      0.001     7.9824     96.350    192.405 191.673113    19.9800    -0.2769     0.2130     0.8037 1.4922e+02    -1.1102      0.457      0.663    24.8366 0.0000e+00
      0.466      0.001     7.9825     96.355    192.411 191.638976    19.9800    -0.2655     0.2130     0.8037 1.5032e+02    -1.0497      0.457      0.663    24.8318 0.0000e+00
      0.467      0.001     7.9833     96.363    192.374 191.570044    19.9800    -0.2731     0.2130     0.8037 1.5197e+02    -1.0800      0.458      0.664    24.8246 0.0000e+00
      0.467      0.001     7.9845     96.371    192.319 191.498115    20.8800    -0.2502     0.2982     0.8883 1.5493e+02    -1.0497      0.458      0.664    24.8149 0.0000e+00
      0.467      0.001     7.9862     96.373    192.276 191.450176    20.8800    -0.2769     0.2982     0.8883 1.5629e+02    -0.8987      0.458      0.664    24.8039 0.0000e+00
      0.467      0.000     7.9882     96.369    192.253 191.429500    20.8800    -0.2922     0.2982     0.8883 1.5399e+02    -0.7778      0.458      0.664    24.7933 0.0000e+00
      0.467      0.000     7.9900     96.364    192.258 191.436597    20.8800    -0.2769     0.2982     0.8883 1.5416e+02    -0.7929      0.458      0.664    24.7852 0.0000e+00
      0.467      0.000     7.9913     96.359    192.289 191.465333    20.8800    -0.2884     0.2982     0.8883 1.5493e+02    -0.8080      0.458      0.665    24.7806 0.0000e+00
      0.468      0.001     7.9917     96.357    192.341 191.511326    21.1500    -0.2960     0.2556     0.9729 1.6171e+02    -0.8836      0.459      0.665    24.7793 0.0000e+00
      0.468      0.001     7.9913     96.359    192.405 191.564760    21.1500    -0.2655     0.2556     0.9729 1.6021e+02    -1.0497      0.459      0.665    24.7798 0.0000e+00
      0.468      0.001     7.9908     96.364    192.448 191.595724    21.1500    -0.2617     0.2556     0.9729 1.5602e+02    -1.1404      0.459      0.665    24.7804 0.0000e+00
      0.468      0.001     7.9905     96.371    192.452 191.588387    21.1500    -0.2769     0.2556     0.9729 1.6031e+02    -1.1706      0.459      0.666    24.7800 0.0000e+00
      0.469      0.001     7.9905     96.383    192.420 191.548821    21.2400    -0.2922     0.2556     0.8883 1.6624e+02    -1.0044      0.460      0.666    24.7783 0.0000e+00
      0.469      0.001     7.9911     96.395    192.364 191.490561    21.2400    -0.2922     0.2556     0.8883 1.6660e+02    -0.8080      0.460      0.667    24.7756 0.0000e+00
      0.469      0.000     7.9920     96.401    192.301 191.430188    21.2400    -0.2846     0.2556     0.8883 1.6334e+02    -0.9440      0.460      0.667    24.7726 0.0000e+00
      0.469      0.000     7.9930     96.399    192.246 191.381711    21.2400    -0.2693     0.2556     0.8883 1.6458e+02    -0.8080      0.460      0.667    24.7698 0.0000e+00
      0.469      0.000     7.9943     96.395    192.212 191.356290    20.9700    -0.2541     0.2556     0.9306 1.6649e+02    -0.8534      0.460      0.667    24.7677 0.0000e+00
      0.469      0.000     7.9954     96.390    192.208 191.361197    20.9700    -0.1472     0.2556     0.9306 1.7066e+02    14.9480      0.460      0.667    24.7669 0.0000e+00
      0.469      0.000     7.9958     96.381    192.237 191.397743    20.9700    -0.1434     0.2556     0.9306 1.6856e+02    14.9782      0.460      0.667    24.7675 0.0000e+00
      0.469      0.000     7.9954     96.369    192.294 191.457609    20.9700    -0.1358     0.2556     0.9306 1.7328e+02    14.8875      0.460      0.667    24.7691 0.0000e+00
      0.469      0.000     7.9948     96.361    192.349 191.512598    20.9700    -0.1358     0.2556     0.9306 1.8110e+02    14.9782      0.460      0.667    24.7714 0.0000e+00
      0.469      0.000     7.9940     96.360    192.368 191.527194    21.7800     0.5509     0.2982     0.9729 1.7937e+02    68.2132      0.460      0.667    24.7738 0.0000e+00
      0.469      0.000     7.9929     96.366    192.330 191.485214    21.7800     0.5242     0.2982     0.9729 1.8363e+02    68.1981      0.460      0.667    24.7757 0.0000e+00
      0.469      0.000     7.9918     96.377    192.233 191.387508    21.7800     0.5814     0.2982     0.9729 1.8113e+02    68.2283      0.460      0.667    24.7766 0.0000e+00
      0.469      0.001     7.9912     96.390    192.097 191.254187    21.7800     0.5699     0.2982     0.9729 1.7609e+02    68.2132      0.460      0.667    24.7765 0.0000e+00
      0.470      0.001     7.9912     96.398    191.959 191.121959    21.7800     0.8141     0.2982     0.8883 1.7438e+02    94.3927      0.461      0.667    24.7755 0.0000e+00
      0.470      0.001     7.9918     96.403    191.850 191.021804    21.7800     0.8179     0.2982     0.8883 1.7848e+02    94.3021      0.461      0.668    24.7744 0.0000e+00
      0.470      0.000     7.9929     96.408    191.790 190.971172    21.7800     0.8065     0.2982     0.8883 1.8117e+02    94.2869      0.461      0.668    24.7739 0.0000e+00
      0.470      0.000     7.9938     96.412    191.783 190.972620    21.7800     0.8065     0.2982     0.8883 1.7794e+02    94.3323      0.461      0.668    24.7745 0.0000e+00
      0.470      0.001     7.9943     96.414    191.814 191.010477    21.9600     0.4097     0.2982     0.8883 1.7212e+02    69.9807      0.461      0.668    24.7761 0.0000e+00
      0.470      0.001     7.9944     96.417    191.854 191.054694    21.9600     0.3945     0.2982     0.8883 1.6978e+02    69.8750      0.461      0.668    24.7783 0.0000e+00
      0.470      0.001     7.9945     96.425    191.870 191.072904    21.9600     0.3906     0.2982     0.8883 1.6787e+02    69.8447      0.461      0.668    24.7806 0.0000e+00
      0.470      0.001     7.9945     96.437    191.842 191.045876    21.9600     0.4021     0.2982     0.8883 1.7041e+02    69.9203      0.461      0.668    24.7828 0.0000e+00
      0.470      0.001     7.9944     96.444    191.772 190.978445    21.9600     0.0244     0.2982     0.8883 1.7219e+02    32.7131      0.461      0.669    24.7845 0.0000e+00
      0.470      0.001     7.9944     96.445    191.681 190.892776    21.7800     0.0206     0.2982     0.8883 1.6791e+02    32.6829      0.461      0.669    24.7856 0.0000e+00
      0.471      0.000     7.9951     96.441    191.597 190.814194    21.7800     0.0321     0.2982     0.8883 1.7074e+02    32.6225      0.462      0.670    24.7862 0.0000e+00
      0.471      0.000     7.9960     96.432    191.530 190.753862    21.7800     0.0282     0.2982     0.8883 1.6970e+02    32.8038      0.462      0.670    24.7866 0.0000e+00
      0.471      0.000     7.9965     96.417    191.471 190.699706    21.7800    -0.1625     0.2982     0.8883 1.6430e+02    12.7726      0.462      0.669    24.7873 0.0000e+00
      0.470     -0.001     7.9964     96.399    191.384 190.617212    21.6900    -0.1434     0.2556     0.8460 1.6548e+02    12.7877      0.461      0.669    24.7884 0.0000e+00
      0.470     -0.001     7.9959     96.385    191.201 190.436210    21.6900    -0.1434     0.2556     0.8460 1.6462e+02    12.7575      0.461      0.668    24.7898 0.0000e+00
      0.469     -0.001     7.9949     96.374    190.824 190.060258    21.6900    -0.1472     0.2556     0.8460 1.6526e+02    12.7575      0.460      0.668    24.7913 0.0000e+00
      0.469     -0.001     7.9934     96.368    190.140 189.377059    21.6900    -0.2960     0.2556     0.8460 1.7044e+02     0.4307      0.460      0.668    24.7927 0.0000e+00
      0.469      0.000     7.9918     96.366    188.976 188.216471    21.7800    -0.2655     0.2556     0.8460 1.6860e+02     0.4156      0.460      0.667    24.7937 0.0000e+00
      0.469      0.000     7.9905     96.368    187.034 186.281045    21.7800    -0.2769     0.2556     0.8460 1.6369e+02     0.4156      0.460      0.667    24.7940 0.0000e+00
      0.469      0.000     7.9897     96.372    183.806 183.066713    21.7800    -0.2579     0.2556     0.8460 1.6462e+02     0.4307      0.460      0.667    24.7939 0.0000e+00
      0.469      0.000     7.9893     96.375    178.456 177.740405    21.7800    -0.2388     0.2556     0.8460 1.6685e+02    -0.6117      0.460      0.667    24.7935 0.0000e+00
      0.469     -0.000     7.9891     96.376    169.588 168.909873    21.5100    -0.2769     0.2982     1.0152 1.6875e+02    -0.5966      0.460      0.667    24.7931 0.0000e+00
      0.469     -0.000     7.9893     96.380    154.851 154.232353    21.5100    -0.2579     0.2982     1.0152 1.6220e+02    -0.6268      0.460      0.667    24.7930 0.0000e+00
      0.469     -0.000     7.9896     96.387    130.307 129.785810    21.5100    -0.2884     0.2982     1.0152 1.5349e+02    -0.6419      0.460      0.667    24.7933 0.0000e+00
      0.469     -0.000     7.9897     96.395     89.396  89.035109    21.5100    -0.2846     0.2982     1.0152 1.5813e+02    -1.0649      0.460      0.667    24.7939 0.0000e+00
      0.469      0.000     7.9898     96.403     21.197  21.101354    21.5100    -0.2731     0.2982     1.0152 1.5670e+02    -0.9893      0.460      0.667    24.7947 0.0000e+00
      0.469      0.000     7.9901     96.411    -92.472 -92.127110    22.1400    -0.2846     0.2982     0.9729 1.4825e+02    -1.1102      0.460      0.666    24.7954 0.0000e+00
      0.469      0.000     7.9906     96.417   -281.920-280.840526    22.1400    -0.2502     0.2982     0.9729 1.4201e+02    -1.1253      0.460      0.666    24.7959 0.0000e+00
      0.469      0.000     7.9912     96.424   -400.311-398.775405    22.1400    -0.2998     0.2982     0.9729 1.4136e+02    -1.0800      0.460      0.667    24.7962 0.0000e+00
      0.469     -0.001     7.9920     96.431   -281.868-280.797999    22.1400    -0.2846     0.2982     0.9729 1.4490e+02    -1.1102      0.460      0.667    24.7963 0.0000e+00
      0.468     -0.001     7.9929     96.432    -92.383 -92.054805    22.8600    -0.2922     0.3408     0.9306 1.5296e+02    -1.1706      0.459      0.666    24.7960 0.0000e+00
      0.468     -0.002     7.9938     96.424     21.326  21.206662    22.8600    -0.2617     0.3408     0.9306 1.4617e+02    -1.0800      0.459      0.666    24.7954 0.0000e+00
      0.468     -0.003     7.9947     96.409     89.600  89.209530    22.8600    -0.2617     0.3408     0.9306 1.3932e+02    -1.0497      0.459      0.665    24.7944 0.0000e+00
      0.467     -0.003     7.9953     96.390    130.617 130.059797    22.8600    -0.2579     0.3408     0.9306 1.4658e+02    -1.1706      0.458      0.664    24.7930 0.0000e+00
      0.466     -0.003     7.9953     96.368    155.263 154.598679    22.4100    -0.2808     0.2556     0.7614 1.5036e+02    -1.1404      0.457      0.663    24.7916 0.0000e+00
      0.465     -0.003     7.9946     96.345    170.059 169.323711    22.4100    -0.2617     0.2556     0.7614 1.5473e+02    -1.0800      0.456      0.661    24.7902 0.0000e+00
      0.464     -0.003     7.9935     96.325    178.915 178.129450    22.4100    -0.2846     0.2556     0.7614 1.4541e+02     4.3886      0.455      0.660    24.7888 0.0000e+00
      0.463     -0.003     7.9921     96.311    184.183 183.362087    22.4100    -0.2808     0.2556     0.7614 1.4646e+02     4.3735      0.454      0.659    24.7868 0.0000e+00
      0.463     -0.002     7.9907     96.305    187.283 186.439068    22.4100    -0.2884     0.2556     0.7614 1.5410e+02     4.4641      0.454      0.658    24.7840 0.0000e+00
      0.462     -0.002     7.9893     96.305    189.077 188.221068    22.0500    -0.2846     0.3408     0.9306 1.4793e+02     4.3433      0.453      0.657    24.7804 0.0000e+00
      0.462     -0.002     7.9882     96.305    190.102 189.241495    22.0500     0.3372     0.3408     0.9306 1.4761e+02   107.2936      0.453      0.656    24.7763 0.0000e+00
      0.461     -0.002     7.9876     96.301    190.692 189.832681    22.0500     0.3449     0.3408     0.9306 1.5286e+02   107.3691      0.452      0.656    24.7724 0.0000e+00
      0.461     -0.002     7.9875     96.296    191.045 190.188404    22.0500     0.3601     0.3408     0.9306 1.4328e+02   107.4446      0.452      0.655    24.7695 0.0000e+00
      0.460     -0.002     7.9877     96.291    191.267 190.413561    22.0500     0.3449     0.3408     0.8460 1.4164e+02   107.4900      0.451      0.655    24.7681 0.0000e+00
      0.460     -0.001     7.9878     96.285    191.422 190.570201    22.0500    -0.2197     0.3408     0.8460 1.4877e+02    25.4016      0.451      0.654    24.7681 0.0000e+00
      0.459     -0.001     7.9874     96.280    191.542 190.690058    22.0500    -0.2312     0.3408     0.8460 1.4136e+02    25.4318      0.450      0.654    24.7689 0.0000e+00
      0.459     -0.001     7.9868     96.279    191.629 190.774988    22.0500    -0.2197     0.3408     0.8460 1.3989e+02    25.4620      0.450      0.653    24.7700 0.0000e+00
      0.459     -0.001     7.9862     96.281    191.669 190.811507    22.4100    -0.2121     0.3408     0.9306 1.4362e+02    25.4167      0.450      0.653    24.7709 0.0000e+00
      0.459     -0.000     7.9856     96.287    191.650 190.789282    22.4100    -0.2846     0.3408     0.9306 1.3479e+02     2.9686      0.450      0.652    24.7715 0.0000e+00
      0.459     -0.000     7.9852     96.294    191.570 190.706401    22.4100    -0.2312     0.3408     0.9306 1.3662e+02     3.0894      0.450      0.652    24.7716 0.0000e+00
      0.459     -0.000     7.9852     96.298    191.426 190.560833    22.4100    -0.2846     0.3408     0.9306 1.4573e+02     3.0139      0.450      0.652    24.7713 0.0000e+00
      0.459     -0.000     7.9854     96.298    191.208 190.343869    22.4100    -0.2579     0.3408     0.9306 1.3561e+02     3.0743      0.450      0.652    24.7706 0.0000e+00
      0.458     -0.001     7.9860     96.294    190.904 190.041810    22.5900    -0.2884     0.3834     0.9306 1.3464e+02    -0.2793      0.450      0.652    24.7697 0.0000e+00
      0.458     -0.001     7.9868     96.291    190.471 189.612244    22.5900    -0.2884     0.3834     0.9306 1.4007e+02    -0.4304      0.449      0.652    24.7689 0.0000e+00
      0.458     -0.001     7.9872     96.289    189.803 188.948647    22.5900    -0.2884     0.3834     0.9306 1.3132e+02    -0.3700      0.449      0.651    24.7683 0.0000e+00
      0.458     -0.001     7.9872     96.289    188.711 187.862018    22.5900    -0.2655     0.3834     0.9306 1.3030e+02    -0.4304      0.449      0.651    24.7681 0.0000e+00
      0.457     -0.001     7.9868     96.293    186.875 186.032481    22.7700    -0.2731     0.3408     0.8883 1.3458e+02    -1.1404      0.449      0.651    24.7683 0.0000e+00
