Data/DataNotYetUploadedToEDI/Raw_CTD/RawDownloads/052821_fcr50_0001.cnv
* Sea-Bird SBE19plus  Data File:
* FileName = C:\DATA\052821_fcr50_0001_0001.hex
* Software version 2.8.0.119
* Temperature SN = 7809
* Conductivity SN = 7809
* System UpLoad Time = May 28 2021 13:49:52
* <ApplicationData>
* <Seaterm232>
# nquan = 16
# nvalues = 1579                        
# units = specified
# name 0 = depFM: Depth [fresh water, m]
# name 1 = dz/dtM: Descent Rate [m/s]
# name 2 = sbeox0ML/L: Oxygen, SBE 43 [ml/l]
# name 3 = sbeox0PS: Oxygen, SBE 43 [% saturation]
# name 4 = specc: Specific Conductance [uS/cm]
# name 5 = c0uS/cm: Conductivity [uS/cm]
# name 6 = flECO-AFL: Fluorescence, WET Labs ECO-AFL/FL [mg/m^3]
# name 7 = ph: pH
# name 8 = orp: Oxidation Reduction Potential [mV]
# name 9 = par/sat/log: PAR/Logarithmic, Satlantic
# name 10 = turbWETntu0: Turbidity, WET Labs ECO [NTU]
# name 11 = prdM: Pressure, Strain Gauge [db]
# name 12 = prdE: Pressure, Strain Gauge [psi]
# name 13 = tv290C: Temperature [ITS-90, deg C]
# name 14 = density00: Density [density, kg/m^3]
# name 15 = flag:  0.000e+00
# span 0 =     -0.694,      9.672       
# span 1 =     -0.229,      0.170       
# span 2 =     0.2526,    11.3949       
# span 3 =      3.104,    179.567       
# span 4 =      1.344,    142.028       
# span 5 =   1.224729,  94.113072       
# span 6 =    -2.4412,    12.1399       
# span 7 =     15.389,     16.004       
# span 8 = -1240.7455,  1068.6503       
# span 9 = 1.2352e-01, 1.6981e+03       
# span 10 =    -8.4874,   938.2844      
# span 11 =     -0.681,      9.485      
# span 12 =     -0.988,     13.757      
# span 13 =     8.1003,    24.0540      
# span 14 =   997.3028,   999.9411      
# span 15 = 0.0000e+00, 0.0000e+00      
# interval = seconds: 0.25
# start_time = May 27 2021 21:48:31 [Instrument's time stamp, header]
# bad_flag = -9.990e-29
*END*
[from data line 1356]
      2.878     -0.088     2.3648     36.551     34.336  24.920515     2.5368     15.895   132.4756 1.2247e+01     1.5746      2.822      4.093    11.2344   999.6111 0.0000e+00
      2.868     -0.082     2.4298     38.640     34.293  24.950310     2.5434     15.893   134.5438 1.2439e+01     1.6023      2.818      4.087    11.3428   999.5996 0.0000e+00
      2.846     -0.081     2.5205     40.802     34.242  25.004375     2.5729     15.889   136.4542 1.2795e+01     1.5697      2.796      4.055    11.3322   999.6007 0.0000e+00
      2.816     -0.078     2.6511     42.857     34.203  25.066908     2.6363     15.884   138.7967 1.3150e+01     1.5923      2.760      4.003    11.2531   999.6088 0.0000e+00
      2.788     -0.068     2.7982     44.650     34.168  25.135653     2.6809     15.879   141.0990 1.3448e+01     1.6696      2.732      3.962    11.2537   999.6087 0.0000e+00
      2.766     -0.052     2.9541     46.180     34.085  25.201407     2.6831     15.872   142.6955 1.3742e+01     1.7141      2.712      3.932    11.3568   999.5977 0.0000e+00
      2.752     -0.033     3.1139     47.592     33.934  25.227815     2.7006     15.866   144.0749 1.3854e+01     1.6841      2.693      3.905    11.5160   999.5806 0.0000e+00
      2.754     -0.021     3.2657     49.019     33.774  25.201408     2.7589     15.863   145.5604 1.3704e+01     1.6501      2.696      3.910    11.6453   999.5665 0.0000e+00
      2.766     -0.023     3.3943     50.569     33.646  25.135932     2.8059     15.863   147.2339 1.3573e+01     1.6814      2.716      3.939    11.7528   999.5548 0.0000e+00
      2.772     -0.038     3.4883     52.378     33.599  25.070445     2.8405     15.864   149.2527 1.3597e+01     1.7186      2.723      3.949    11.9513   999.5325 0.0000e+00
      2.767     -0.061     3.5714     54.481     33.667  25.043820     3.0719     15.867   151.2977 1.3825e+01     1.7567      2.719      3.942    12.2049   999.5033 0.0000e+00
      2.745     -0.087     3.6654     56.782     33.810  25.067629     3.4859     15.871   152.9453 1.4393e+01     1.7988      2.700      3.915    12.3390   999.4874 0.0000e+00
      2.706     -0.109     3.7732     59.145     33.932  25.104528     3.7073     15.873   153.9448 1.5112e+01     1.8148      2.653      3.849    12.3781   999.4825 0.0000e+00
      2.662     -0.119     3.9100     61.281     33.964  25.109344     3.7371     15.873   154.6930 1.5753e+01     1.8477      2.607      3.781    12.3392   999.4869 0.0000e+00
      2.626     -0.117     4.0863     62.837     33.977  25.125840     3.8368     15.873   155.7965 1.6391e+01     1.8880      2.573      3.732    12.1887   999.5043 0.0000e+00
      2.596     -0.108     4.2739     63.664     34.017  25.177141     3.9964     15.873   157.0489 1.7031e+01     1.8897      2.543      3.687    12.0489   999.5204 0.0000e+00
      2.573     -0.096     4.4670     63.740     34.018  25.222241     4.0741     15.872   158.3920 1.7595e+01     1.8688      2.521      3.657    11.9719   999.5292 0.0000e+00
      2.557     -0.088     4.6448     63.158     34.007  25.290628     4.1280     15.869   160.0770 1.8155e+01     1.8758      2.508      3.639    11.9467   999.5320 0.0000e+00
      2.541     -0.086     4.7602     62.185     33.992  25.369827     4.6965     15.864   161.8484 1.8829e+01     1.9736      2.494      3.618    11.9694   999.5293 0.0000e+00
      2.520     -0.090     4.8214     61.139     33.957  25.418813     5.7314     15.860   162.8599 1.9627e+01     2.1245      2.473      3.586    11.9940   999.5264 0.0000e+00
      2.496     -0.100     4.8201     60.261     33.897  25.439014     6.2933     15.856   163.1878 2.0436e+01     2.1893      2.447      3.550    12.0448   999.5205 0.0000e+00
      2.469     -0.110     4.7539     59.776     33.792  25.423865     6.3402     15.853   163.9199 2.1169e+01     2.1731      2.422      3.513    12.1737   999.5056 0.0000e+00
      2.440     -0.117     4.6553     59.893     33.738  25.425997     6.3363     15.852   165.3449 2.1929e+01     2.1348      2.394      3.472    12.3288   999.4872 0.0000e+00
      2.407     -0.118     4.5604     60.602     33.781  25.464855     6.2752     15.852   167.2526 2.2823e+01     2.0708      2.362      3.425    12.4316   999.4749 0.0000e+00
      2.371     -0.117     4.4824     61.746     33.853  25.513136     6.1541     15.852   169.0905 2.3739e+01     2.0503      2.324      3.371    12.5135   999.4649 0.0000e+00
      2.338     -0.113     4.4258     63.186     33.894  25.565761     6.0834     15.851   170.6168 2.4455e+01     2.0936      2.289      3.321    12.6273   999.4508 0.0000e+00
      2.311     -0.108     4.4288     64.786     33.854  25.593745     6.0965     15.848   171.9408 2.4954e+01     2.0795      2.265      3.284    12.7047   999.4412 0.0000e+00
      2.290     -0.104     4.4881     66.396     33.784  25.597850     6.3129     15.845   172.7948 2.5515e+01     2.0512      2.247      3.258    12.6946   999.4424 0.0000e+00
      2.267     -0.102     4.5787     67.845     33.771  25.615451     6.7066     15.844   173.6289 2.6268e+01     2.1292      2.223      3.226    12.6620   999.4463 0.0000e+00
      2.241     -0.103     4.6876     69.054     33.818  25.679736     6.9190     15.844   174.8852 2.7090e+01     2.1636      2.196      3.187    12.6843   999.4435 0.0000e+00
      2.215     -0.106     4.7968     70.070     33.823  25.740872     6.9537     15.840   176.2836 2.8135e+01     2.1241      2.174      3.153    12.7987   999.4292 0.0000e+00
      2.186     -0.109     4.9098     70.967     33.720  25.720442     7.1840     15.837   177.7169 2.9565e+01     2.1665      2.146      3.113    12.9102   999.4153 0.0000e+00
      2.154     -0.109     5.0180     71.814     33.645  25.686501     7.6054     15.837   179.2230 3.1107e+01     2.2646      2.112      3.063    12.9203   999.4138 0.0000e+00
      2.124     -0.106     5.1028     72.681     33.682  25.711082     7.8329     15.838   180.7270 3.2598e+01     2.3148      2.082      3.021    12.9378   999.4115 0.0000e+00
      2.098     -0.099     5.1630     73.615     33.756  25.763937     7.8656     15.838   182.1364 3.4143e+01     2.3267      2.058      2.985    13.0488   999.3974 0.0000e+00
      2.073     -0.089     5.2143     74.614     33.808  25.818137     8.0862     15.837   183.4433 3.5715e+01     2.4089      2.033      2.948    13.1625   999.3826 0.0000e+00
      2.050     -0.078     5.2721     75.639     33.812  25.859001     8.5077     15.834   184.6548 3.7078e+01     2.5537      2.008      2.912    13.1837   999.3797 0.0000e+00
      2.031     -0.069     5.3368     76.615     33.775  25.877498     8.7359     15.831   185.8578 3.8048e+01     2.6010      1.989      2.884    13.1613   999.3826 0.0000e+00
      2.019     -0.064     5.4071     77.465     33.770  25.914985     8.7577     15.829   187.1476 3.8745e+01     2.5685      1.979      2.870    13.1506   999.3839 0.0000e+00
      2.008     -0.062     5.4795     78.155     33.826  25.995157     8.9328     15.829   188.3758 3.9548e+01     2.5726      1.971      2.859    13.1634   999.3823 0.0000e+00
      1.995     -0.064     5.5490     78.740     33.880  26.085757     9.2515     15.828   189.6954 4.0699e+01     2.6162      1.957      2.838    13.2303   999.3736 0.0000e+00
      1.978     -0.069     5.6124     79.304     33.916  26.185899     9.4161     15.824   191.2296 4.2131e+01     2.6498      1.940      2.814    13.3134   999.3626 0.0000e+00
      1.959     -0.074     5.6689     79.867     33.976  26.318053     9.4252     15.819   192.4707 4.3831e+01     2.6011      1.922      2.788    13.3700   999.3552 0.0000e+00
      1.937     -0.079     5.7122     80.478     34.071  26.478571     9.4098     15.815   193.4308 4.5791e+01     2.5423      1.900      2.756    13.4135   999.3494 0.0000e+00
      1.913     -0.082     5.7427     81.230     34.118  26.604492     9.2961     15.811   194.4061 4.7849e+01     2.6252      1.875      2.720    13.4787   999.3407 0.0000e+00
      1.891     -0.082     5.7707     82.167     34.043  26.635495     9.0905     15.807   195.0562 4.9894e+01     2.7798      1.854      2.689    13.5928   999.3255 0.0000e+00
      1.872     -0.083     5.7923     83.282     33.913  26.599817     8.9737     15.805   195.3549 5.1920e+01     2.8320      1.837      2.664    13.7307   999.3068 0.0000e+00
      1.853     -0.084     5.8184     84.582     33.833  26.553770     8.9717     15.804   195.4356 5.3911e+01     2.8104      1.817      2.636    13.8517   999.2903 0.0000e+00
      1.833     -0.087     5.8542     86.016     33.827  26.522765     9.1902     15.805   194.5698 5.5982e+01     2.9301      1.797      2.607    13.9813   999.2724 0.0000e+00
      1.811     -0.090     5.9046     87.478     33.887  26.542065     9.6220     15.806   192.8888 5.8235e+01     3.1809      1.777      2.577    14.1277   999.2518 0.0000e+00
      1.786     -0.090     5.9680     88.912     33.943  26.596794     9.8722     15.806   191.9747 6.0600e+01     3.3027      1.752      2.542    14.2445   999.2352 0.0000e+00
      1.760     -0.085     6.0595     90.261     33.906  26.613634     9.9081     15.805   192.1207 6.3358e+01     3.3035      1.728      2.506    14.2649   999.2322 0.0000e+00
      1.733     -0.078     6.1755     91.462     33.860  26.618878    10.0560     15.802   191.8160 6.6098e+01     3.4650      1.699      2.464    14.2027   999.2408 0.0000e+00
      1.710     -0.070     6.2890     92.448     33.883  26.660245    10.3344     15.800   190.0107 6.7640e+01     3.7790      1.673      2.427    14.1352   999.2502 0.0000e+00
      1.697     -0.065     6.3932     93.174     33.946  26.733251    10.4897     15.799   187.6728 6.8246e+01     3.9413      1.662      2.411    14.1466   999.2486 0.0000e+00
      1.691     -0.066     6.4754     93.674     33.998  26.803877    10.4941     15.798   186.1760 6.9112e+01     3.9514      1.660      2.407    14.2549   999.2332 0.0000e+00
      1.682     -0.073     6.5551     94.035     33.975  26.816474    10.3110     15.796   185.3356 7.1023e+01     4.1066      1.653      2.397    14.3164   999.2245 0.0000e+00
      1.666     -0.084     6.6241     94.271     33.949  26.822173     9.9729     15.795   183.8783 7.4576e+01     4.4445      1.638      2.376    14.3348   999.2218 0.0000e+00
      1.640     -0.096     6.6709     94.374     33.986  26.872806     9.7924     15.794   181.6343 7.9688e+01     4.6723      1.611      2.337    14.3690   999.2167 0.0000e+00
      1.606     -0.106     6.6959     94.433     34.019  26.921258     9.7585     15.794   180.4016 8.5518e+01     4.7327      1.574      2.283    14.4150   999.2100 0.0000e+00
      1.571     -0.109     6.7148     94.553     34.034  26.964011     9.6403     15.793   181.1919 9.1348e+01     4.9343      1.539      2.232    14.4644   999.2028 0.0000e+00
      1.539     -0.105     6.7278     94.778     34.122  27.072609     9.4506     15.791   182.7579 9.6550e+01     5.3249      1.509      2.187    14.5033   999.1970 0.0000e+00
      1.514     -0.097     6.7267     95.118     34.322  27.282884     9.3522     15.790   183.4189 1.0090e+02     5.5753      1.483      2.150    14.5340   999.1924 0.0000e+00
      1.494     -0.088     6.7254     95.607     34.457  27.476662     9.3472     15.785   183.4192 1.0485e+02     5.6274      1.464      2.123    14.5560   999.1892 0.0000e+00
      1.477     -0.082     6.7250     96.290     34.442  27.576137     9.3337     15.780   183.3635 1.0909e+02     5.6109      1.449      2.101    14.6054   999.1820 0.0000e+00
      1.458     -0.077     6.7334     97.209     34.414  27.661147     9.1222     15.775   182.5736 1.1407e+02     5.6508      1.432      2.076    14.6677   999.1727 0.0000e+00
      1.437     -0.075     6.7478     98.306     34.390  27.743433     8.7360     15.770   181.0952 1.1894e+02     5.8356      1.409      2.043    14.7181   999.1653 0.0000e+00
      1.416     -0.075     6.7635     99.543     34.354  27.809981     8.5257     15.765   179.9425 1.2291e+02     5.9571      1.387      2.012    14.8484   999.1459 0.0000e+00
      1.398     -0.076     6.7806    101.004     34.354  27.894983     8.4967     15.761   178.5310 1.2624e+02     5.9525      1.371      1.988    15.0412   999.1169 0.0000e+00
      1.380     -0.077     6.8263    102.653     34.399  28.010082     8.4038     15.759   175.9885 1.2922e+02     6.0205      1.353      1.964    15.1859   999.0949 0.0000e+00
      1.362     -0.077     6.8857    104.426     34.592  28.250212     8.2226     15.756   173.1207 1.3232e+02     6.1614      1.336      1.937    15.3333   999.0721 0.0000e+00
      1.342     -0.079     6.9425    106.323     34.869  28.578259     8.1186     15.752   169.8397 1.3620e+02     6.2824      1.317      1.910    15.4825   999.0488 0.0000e+00
      1.320     -0.082     7.0315    108.348     34.911  28.741394     8.1185     15.746   166.4325 1.4079e+02     6.3509      1.295      1.878    15.5965   999.0309 0.0000e+00
      1.299     -0.085     7.1313    110.601     34.715  28.700364     8.1070     15.741   163.2430 1.4577e+02     6.4399      1.274      1.847    15.7092   999.0129 0.0000e+00
      1.279     -0.089     7.2346    113.098     34.424  28.526382     8.0663     15.737   158.4636 1.5185e+02     6.6027      1.255      1.821    15.8224   998.9948 0.0000e+00
      1.256     -0.090     7.3489    115.646     34.137  28.287198     8.0355     15.737   152.6120 1.5912e+02     6.7397      1.233      1.788    15.9525   998.9740 0.0000e+00
      1.230     -0.088     7.4507    118.129     34.133  28.218946     8.0120     15.741   148.5034 1.6659e+02     6.8273      1.206      1.750    16.1623   998.9396 0.0000e+00
      1.205     -0.083     7.5705    120.525     34.523  28.462290     7.8205     15.745   146.2998 1.7414e+02     6.8380      1.182      1.714    16.3680   998.9054 0.0000e+00
      1.180     -0.076     7.7349    122.724     34.890  28.755362     7.4650     15.745   144.7254 1.8132e+02     6.7652      1.157      1.678    16.4620   998.8895 0.0000e+00
      1.160     -0.071     7.9107    124.583     34.836  28.780963     7.2711     15.742   143.1474 1.8618e+02     6.7373      1.134      1.646    16.4655   998.8886 0.0000e+00
      1.148     -0.069     8.0979    126.004     34.581  28.645066     7.2402     15.738   141.4167 1.8928e+02     6.7751      1.124      1.631    16.3538   998.9072 0.0000e+00
      1.140     -0.072     8.2981    126.854     34.531  28.634811     7.0336     15.736   140.2333 1.9441e+02     6.7411      1.120      1.626    16.1695   998.9379 0.0000e+00
      1.126     -0.079     8.4577    127.138     34.699  28.783864     6.6517     15.735   139.9384 2.0288e+02     6.6353      1.108      1.605    16.1480   998.9415 0.0000e+00
      1.104     -0.089     8.5564    127.172     34.839  28.924794     6.4372     15.735   139.5718 2.1413e+02     6.5603      1.085      1.573    16.3133   998.9141 0.0000e+00
      1.075     -0.099     8.6341    127.213     34.882  29.006663     6.4143     15.733   138.9843 2.2735e+02     6.5560      1.056      1.531    16.4432   998.8923 0.0000e+00
      1.044     -0.106     8.6908    127.294     34.969  29.139422     6.4132     15.731   138.5128 2.4047e+02     6.6168      1.023      1.483    16.4717   998.8872 0.0000e+00
      1.014     -0.109     8.6998    127.481     35.244  29.451602     6.3852     15.727   137.5708 2.5311e+02     6.7122      0.994      1.441    16.4607   998.8891 0.0000e+00
      0.985     -0.106     8.6884    127.905     35.503  29.799702     6.3247     15.722   136.8018 2.6584e+02     6.8170      0.965      1.400    16.4951   998.8833 0.0000e+00
      0.958     -0.101     8.6806    128.732     35.520  29.986178     6.2819     15.715   136.8717 2.7798e+02     6.8537      0.938      1.361    16.5704   998.8704 0.0000e+00
      0.933     -0.096     8.6675    130.059     35.638  30.247391     6.2497     15.708   136.9536 2.8886e+02     6.8474      0.915      1.329    16.6563   998.8558 0.0000e+00
