Data/DataNotYetUploadedToEDI/Raw_CTD/RawDownloads/052826_ccr20_S8188005.cnv
* Sea-Bird SBE19plus  Data File:
* FileName = C:\R\Reservoirs\Data\DataNotYetUploadedToEDI\Raw_CTD\RawDownloads\062526_ccr50_S8188_0005.hex
* Software version 2.8.0.119
* Temperature SN = 8188
* Conductivity SN = 8188
* System UpLoad Time = Jun 29 2026 18:08:33
* <ApplicationData>
* <Seaterm232>
# nquan = 16
# nvalues = 2008                        
# units = specified
# name 0 = depFM: Depth [fresh water, m]
# name 1 = dz/dtM: Descent Rate [m/s]
# name 2 = sbeox0Mg/L: Oxygen, SBE 43 [mg/l]
# name 3 = sbeox0PS: Oxygen, SBE 43 [% saturation]
# name 4 = specc: Specific Conductance [uS/cm]
# name 5 = c0uS/cm: Conductivity [uS/cm]
# name 6 = wetCDOM: Fluorescence, WET Labs CDOM [mg/m^3]
# name 7 = flECO-AFL: Fluorescence, WET Labs ECO-AFL/FL [mg/m^3]
# name 8 = flECO-AFL1: Fluorescence, WET Labs ECO-AFL/FL, 2 [mg/m^3]
# name 9 = flECO-AFL2: Fluorescence, WET Labs ECO-AFL/FL, 3 [mg/m^3]
# name 10 = par/sat/log: PAR/Logarithmic, Satlantic
# name 11 = turbWETntu0: Turbidity, WET Labs ECO [NTU]
# name 12 = prdM: Pressure, Strain Gauge [db]
# name 13 = prdE: Pressure, Strain Gauge [psi]
# name 14 = tv290C: Temperature [ITS-90, deg C]
# name 15 = flag:  0.000e+00
# span 0 =     -0.420,      5.346       
# span 1 =     -0.173,      0.159       
# span 2 =     4.8602,     8.3054       
# span 3 =     46.171,     98.554       
# span 4 =   -442.709,    155.842       
# span 5 =-434.960304, 152.728845       
# span 6 =    -4.5000,    22.3200       
# span 7 =     0.0664,   245.1568       
# span 8 =    -2.1300,     3.7062       
# span 9 =    -2.0304,     2.0304       
# span 10 = 6.6983e+01, 4.0043e+03      
# span 11 =    -0.4606,    62.2462      
# span 12 =     -0.412,      5.242      
# span 13 =     -0.597,      7.604      
# span 14 =    12.7274,    24.1720      
# span 15 = 0.0000e+00, 0.0000e+00      
# interval = seconds: 0.25
# start_time = May 28 2026 12:27:55 [Instrument's time stamp, header]
# bad_flag = -9.990e-29
*END*
[from data line 904]
      1.884      0.004     5.5790     65.200    154.044 146.102581    10.5300     0.4860     0.0852     0.2115 5.8485e+02    -0.3549      1.847      2.679    22.4468 0.0000e+00
      1.884      0.004     5.5879     65.488    154.029 146.052874    10.5300     0.4822     0.0852     0.2115 4.7370e+02    -0.3397      1.848      2.680    22.4412 0.0000e+00
      1.884      0.004     5.6044     65.746    154.030 146.020606    10.5300     0.4708     0.0852     0.2115 4.5642e+02    -0.3851      1.848      2.680    22.4347 0.0000e+00
      1.886      0.004     5.6269     65.956    154.042 146.007185    10.5300     0.4784     0.0852     0.2115 4.7752e+02    -0.2944      1.849      2.682    22.4267 0.0000e+00
      1.887      0.004     5.6529     66.109    154.044 145.989001    10.5300     0.4555     0.0852     0.2115 4.9884e+02    -0.3549      1.851      2.684    22.4168 0.0000e+00
      1.888      0.004     5.6791     66.193    154.082 146.001264    10.4400     0.4517     0.0426     0.0846 4.5336e+02    -0.4304      1.852      2.686    22.4054 0.0000e+00
      1.889      0.004     5.7026     66.204    154.165 146.049246    10.4400     0.4860     0.0426     0.0846 6.3162e+02    -0.2944      1.853      2.687    22.3946 0.0000e+00
      1.890      0.004     5.7218     66.139    154.230 146.073639    10.4400     0.4936     0.0426     0.0846 4.2530e+02    -0.0527      1.854      2.688    22.3866 0.0000e+00
      1.891      0.004     5.7357     65.987    154.249 146.048898    10.4400     0.4593     0.0426     0.0846 4.6665e+02    -0.1434      1.854      2.689    22.3800 0.0000e+00
      1.892      0.003     5.7438     65.742    154.247 146.004477    10.3500     0.4555     0.0852     0.0846 4.6746e+02    -0.0980      1.855      2.691    22.3724 0.0000e+00
      1.893      0.003     5.7459     65.419    154.239 145.962575    10.3500     0.4784     0.0852     0.0846 4.7545e+02    -0.2038      1.856      2.692    22.3626 0.0000e+00
      1.894      0.003     5.7415     65.036    154.246 145.946064    10.3500     0.4593     0.0852     0.0846 3.8635e+02    -0.0829      1.857      2.694    22.3505 0.0000e+00
      1.894      0.003     5.7298     64.605    154.279 145.964562    10.3500     0.4975     0.0852     0.0846 4.3116e+02    -0.1131      1.857      2.694    22.3365 0.0000e+00
      1.894      0.003     5.7101     64.145    154.289 145.972927    10.3500     0.4784     0.0852     0.1269 3.5650e+02    -0.0678      1.858      2.694    22.3227 0.0000e+00
      1.895      0.004     5.6832     63.670    154.258 145.951362    10.3500     0.4440     0.0852     0.1269 3.5876e+02    -0.0829      1.858      2.695    22.3116 0.0000e+00
      1.895      0.005     5.6508     63.198    154.209 145.918149    10.3500     0.4593     0.0852     0.1269 2.9235e+02    -0.0980      1.858      2.696    22.3040 0.0000e+00
      1.897      0.006     5.6138     62.747    154.142 145.868439    10.3500     0.4593     0.0852     0.1269 2.7539e+02    -0.0980      1.860      2.698    22.2999 0.0000e+00
      1.899      0.008     5.5739     62.333    154.066 145.805001    10.3500     0.4631     0.0852     0.1269 2.9709e+02    -0.0829      1.862      2.700    22.2996 0.0000e+00
      1.901      0.010     5.5324     61.957    154.006 145.746969    10.3500     0.4593     0.0852     0.1269 3.1897e+02    -0.1736      1.864      2.704    22.3022 0.0000e+00
      1.904      0.012     5.4908     61.617    153.963 145.694891    10.3500     0.4631     0.0852     0.1269 3.4395e+02    -0.1283      1.867      2.708    22.3065 0.0000e+00
      1.907      0.014     5.4512     61.322    153.943 145.652904    10.3500     0.4593     0.0852     0.1269 3.4522e+02    -0.1283      1.870      2.712    22.3109 0.0000e+00
      1.910      0.016     5.4150     61.082    153.984 145.653874    10.3500     0.4593     0.0852     0.1269 3.4650e+02    -0.1887      1.873      2.717    22.3135 0.0000e+00
      1.915      0.018     5.3824     60.910    154.062 145.674024    10.3500     0.4708     0.0426     0.1692 4.0553e+02    -0.0376      1.877      2.723    22.3131 0.0000e+00
      1.919      0.019     5.3532     60.812    154.097 145.642615    10.3500     0.3792     0.0426     0.1692 3.5970e+02    -0.1283      1.882      2.730    22.3095 0.0000e+00
      1.925      0.020     5.3283     60.782    154.117 145.591327    10.3500     0.3945     0.0426     0.1692 4.5672e+02    -0.0980      1.887      2.738    22.3022 0.0000e+00
      1.930      0.021     5.3087     60.822    154.178 145.582584    10.3500     0.4250     0.0426     0.1692 4.1363e+02    -0.0829      1.893      2.746    22.2898 0.0000e+00
      1.936      0.021     5.2955     60.936    154.232 145.578002    10.5300     0.4212     0.0426     0.1692 3.9518e+02    -0.0376      1.898      2.754    22.2725 0.0000e+00
      1.941      0.021     5.2891     61.110    154.222 145.520278    10.5300     0.4059     0.0426     0.1692 3.7535e+02    -0.1283      1.904      2.761    22.2515 0.0000e+00
      1.947      0.022     5.2888     61.325    154.182 145.438079    10.5300     0.4021     0.0426     0.1692 4.0141e+02    -0.2944      1.909      2.769    22.2288 0.0000e+00
      1.952      0.022     5.2945     61.583    154.173 145.393600    10.5300     0.4250     0.0426     0.1692 3.3169e+02    -0.1887      1.914      2.776    22.2073 0.0000e+00
      1.957      0.023     5.3063     61.901    154.153 145.354950    10.6200     0.4250     0.0426     0.0846 3.5112e+02    -0.3397      1.919      2.784    22.1892 0.0000e+00
      1.963      0.023     5.3231     62.273    154.089 145.291793    10.6200     0.4021     0.0426     0.0846 3.1779e+02    -0.3246      1.925      2.792    22.1735 0.0000e+00
      1.969      0.024     5.3432     62.682    154.053 145.259389    10.6200     0.3983     0.0426     0.0846 2.7986e+02    -0.1283      1.931      2.801    22.1591 0.0000e+00
      1.976      0.025     5.3669     63.116    154.049 145.245094    10.6200     0.4059     0.0426     0.0846 2.6254e+02    -0.1887      1.938      2.810    22.1475 0.0000e+00
      1.982      0.025     5.3953     63.550    154.026 145.199033    10.6200     0.4059     0.0426     0.0846 2.4838e+02    -0.0829      1.944      2.819    22.1410 0.0000e+00
      1.989      0.025     5.4278     63.942    153.969 145.116930    10.7100     0.4135     0.0852     0.1269 2.3958e+02    -0.1131      1.950      2.829    22.1402 0.0000e+00
      1.995      0.024     5.4634     64.256    153.876 145.006932    10.7100     0.3868     0.0852     0.1269 2.6089e+02    -0.3549      1.957      2.838    22.1407 0.0000e+00
      2.001      0.024     5.5016     64.497    153.829 144.945850    10.7100     0.3868     0.0852     0.1269 2.7749e+02    -0.3700      1.963      2.847    22.1372 0.0000e+00
      2.008      0.023     5.5404     64.707    153.890 144.991496    10.7100     0.4059     0.0852     0.1269 2.9651e+02    -0.3095      1.969      2.856    22.1291 0.0000e+00
      2.013      0.022     5.5755     64.926    153.925 145.027863    10.5300     0.4021     0.0852     0.0846 2.9587e+02    -0.4606      1.975      2.864    22.1201 0.0000e+00
      2.018      0.022     5.6037     65.154    153.820 144.952495    10.5300     0.4059     0.0852     0.0846 2.9458e+02    -0.4002      1.980      2.871    22.1129 0.0000e+00
      2.024      0.021     5.6252     65.392    153.677 144.851441    10.5300     0.4135     0.0852     0.0846 2.9606e+02    -0.3246      1.985      2.878    22.1073 0.0000e+00
      2.029      0.021     5.6440     65.666    153.616 144.813921    10.5300     0.4135     0.0852     0.0846 2.6668e+02    -0.3246      1.990      2.886    22.1036 0.0000e+00
      2.035      0.020     5.6630     65.995    153.600 144.795884    10.4400     0.4288     0.0852     0.1269 2.9051e+02    -0.3246      1.995      2.894    22.1047 0.0000e+00
      2.040      0.020     5.6820     66.360    153.541 144.716416    10.4400     0.4059     0.0852     0.1269 2.6971e+02    -0.2642      2.001      2.901    22.1125 0.0000e+00
      2.045      0.021     5.7016     66.733    153.440 144.580360    10.4400     0.4021     0.0852     0.1269 3.0593e+02    -0.2944      2.005      2.908    22.1232 0.0000e+00
      2.050      0.023     5.7248     67.109    153.354 144.449565    10.4400     0.4135     0.0852     0.1269 2.9787e+02    -0.3095      2.010      2.915    22.1298 0.0000e+00
      2.055      0.025     5.7535     67.516    153.323 144.363250    10.3500     0.3945     0.0426     0.1692 3.1035e+02    -0.3246      2.015      2.922    22.1289 0.0000e+00
      2.061      0.027     5.7863     67.992    153.353 144.326433    10.3500     0.3334     0.0426     0.1692 3.0707e+02    -0.0678      2.021      2.931    22.1209 0.0000e+00
      2.068      0.031     5.8203     68.549    153.378 144.279226    10.3500     0.3143     0.0426     0.1692 3.2343e+02    -0.1283      2.028      2.942    22.1078 0.0000e+00
      2.077      0.034     5.8549     69.175    153.360 144.189009    10.3500     0.3411     0.0426     0.1692 3.0753e+02    -0.0980      2.037      2.954    22.0914 0.0000e+00
      2.086      0.037     5.8926     69.857    153.359 144.111831    10.3500     0.3487     0.0426     0.1692 3.1497e+02    -0.1585      2.046      2.967    22.0728 0.0000e+00
      2.097      0.039     5.9366     70.579    153.397 144.065157    10.4400     0.3296     0.0426     0.0846 3.1157e+02    -0.3397      2.056      2.982    22.0517 0.0000e+00
      2.107      0.042     5.9879     71.284    153.419 143.996486    10.4400     0.3525     0.0426     0.0846 3.1925e+02    -0.3700      2.067      2.997    22.0286 0.0000e+00
      2.118      0.044     6.0453     71.888    153.404 143.879491    10.4400     0.3411     0.0426     0.0846 3.1110e+02    -0.2642      2.077      3.013    22.0048 0.0000e+00
      2.129      0.047     6.1079     72.330    153.414 143.765080    10.4400     0.3258     0.0426     0.0846 3.1731e+02    -0.4304      2.088      3.028    21.9800 0.0000e+00
      2.141      0.050     6.1742     72.602    153.503 143.702843    10.4400     0.3792     0.0852     0.1269 3.0941e+02    -0.0376      2.099      3.045    21.9532 0.0000e+00
      2.153      0.054     6.2394     72.754    153.580 143.626110    10.4400     0.3411     0.0852     0.1269 3.3004e+02    -0.1736      2.112      3.063    21.9240 0.0000e+00
      2.167      0.058     6.2963     72.857    153.553 143.474354    10.4400     0.3372     0.0852     0.1269 3.0941e+02    -0.0829      2.126      3.083    21.8904 0.0000e+00
      2.184      0.061     6.3399     73.002    153.540 143.357298    10.4400     0.3372     0.0852     0.1269 3.2861e+02    -0.0376      2.141      3.106    21.8502 0.0000e+00
      2.201      0.063     6.3695     73.315    153.627 143.337848    10.4400     0.4708     0.0852     0.2115 3.2421e+02     0.1739      2.159      3.131    21.8029 0.0000e+00
      2.219      0.063     6.3889     73.881    153.724 143.324704    10.4400     0.4708     0.0852     0.2115 3.2527e+02     0.1739      2.176      3.156    21.7543 0.0000e+00
      2.236      0.060     6.4030     74.687    153.763 143.264291    10.4400     0.4708     0.0852     0.2115 3.1883e+02     0.0228      2.193      3.180    21.7129 0.0000e+00
      2.252      0.056     6.4200     75.636    153.753 143.174537    10.4400     0.4555     0.0852     0.2115 3.2287e+02     0.1286      2.208      3.203    21.6788 0.0000e+00
      2.265      0.050     6.4516     76.586    153.735 143.095587    10.4400     0.4593     0.0852     0.2115 3.1731e+02     0.2192      2.222      3.223    21.6460 0.0000e+00
      2.277      0.044     6.5057     77.385    153.743 143.060455    10.5300     0.4326     0.0852     0.2115 3.3321e+02     0.0983      2.233      3.239    21.6123 0.0000e+00
      2.287      0.038     6.5807     77.916    153.788 143.075792    10.5300     0.4708     0.0852     0.2115 3.2456e+02     0.2494      2.243      3.253    21.5810 0.0000e+00
      2.295      0.033     6.6677     78.107    153.814 143.085609    10.5300     0.4288     0.0852     0.2115 3.3765e+02     0.2494      2.251      3.265    21.5548 0.0000e+00
      2.303      0.029     6.7540     77.938    153.760 143.024436    10.5300     0.3983     0.0852     0.2115 3.2789e+02     0.3854      2.258      3.275    21.5346 0.0000e+00
      2.309      0.026     6.8263     77.448    153.691 142.948054    10.4400     0.4135     0.0426     0.0846 3.2896e+02     0.4307      2.265      3.285    21.5207 0.0000e+00
      2.316      0.023     6.8742     76.725    153.674 142.916199    10.4400     0.4135     0.0426     0.0846 3.3357e+02     0.4005      2.271      3.294    21.5122 0.0000e+00
      2.322      0.020     6.8917     75.864    153.701 142.920373    10.4400     0.4059     0.0426     0.0846 3.2825e+02     0.2947      2.277      3.302    21.5073 0.0000e+00
      2.327      0.018     6.8772     74.939    153.785 142.973706    10.4400     0.4059     0.0426     0.0846 3.3575e+02     0.1286      2.281      3.309    21.5038 0.0000e+00
      2.330      0.016     6.8344     74.005    153.892 143.048364    10.5300     0.3945     0.0426     0.0846 3.2832e+02     0.2494      2.285      3.314    21.4999 0.0000e+00
      2.334      0.014     6.7713     73.094    153.962 143.088157    10.5300     0.3983     0.0426     0.0846 3.4358e+02     0.1286      2.288      3.319    21.4947 0.0000e+00
      2.337      0.012     6.6962     72.216    153.968 143.069651    10.5300     0.3945     0.0426     0.0846 3.3736e+02     0.2192      2.291      3.323    21.4880 0.0000e+00
      2.339      0.011     6.6155     71.386    153.885 142.971889    10.5300     0.4631     0.0426     0.0846 3.3205e+02     0.2494      2.294      3.327    21.4800 0.0000e+00
      2.342      0.010     6.5341     70.630    153.796 142.872934    10.6200     0.4555     0.0426     0.2115 3.4515e+02     0.1588      2.296      3.331    21.4717 0.0000e+00
      2.344      0.010     6.4547     69.987    153.794 142.868549    10.6200     0.4631     0.0426     0.2115 3.3357e+02     0.1286      2.299      3.334    21.4635 0.0000e+00
      2.346      0.010     6.3781     69.478    153.748 142.855433    10.6200     0.4669     0.0426     0.2115 3.4016e+02     0.2192      2.301      3.337    21.4558 0.0000e+00
      2.348      0.010     6.3057     69.090    153.555 142.751987    10.6200     0.3792     0.0426     0.2115 3.4179e+02     0.1588      2.303      3.340    21.4491 0.0000e+00
      2.351      0.010     6.2396     68.800    153.339 142.660798    10.6200     0.3906     0.0426     0.2115 3.5089e+02     0.0379      2.305      3.343    21.4439 0.0000e+00
      2.354      0.010     6.1828     68.595    153.168 142.611627    10.7100     0.4021     0.0852     0.1692 3.4149e+02     0.1890      2.308      3.347    21.4432 0.0000e+00
      2.357      0.010     6.1368     68.452    153.024 142.565337    10.7100     0.3945     0.0852     0.1692 3.4380e+02     0.1134      2.311      3.352    21.4528 0.0000e+00
      2.360      0.011     6.0996     68.339    152.967 142.571667    10.7100     0.4097     0.0852     0.1692 3.5059e+02     0.2494      2.314      3.356    21.4775 0.0000e+00
      2.362      0.011     6.0698     68.234    152.988 142.624297    10.7100     0.3983     0.0852     0.1692 3.4597e+02     0.1890      2.317      3.360    21.5133 0.0000e+00
      2.365      0.010     6.0476     68.125    152.965 142.615106    10.8000     0.4021     0.1278     0.0423 3.4907e+02     0.1437      2.319      3.363    21.5493 0.0000e+00
      2.367      0.010     6.0316     68.016    152.871 142.527627    10.8000     0.3792     0.1278     0.0423 3.5181e+02     0.1588      2.322      3.367    21.5778 0.0000e+00
      2.370      0.009     6.0194     67.926    152.779 142.436654    10.8000     0.4593     0.1278     0.0423 3.5519e+02     0.1588      2.324      3.371    21.5970 0.0000e+00
      2.373      0.009     6.0089     67.858    152.713 142.369993    10.8000     0.4669     0.1278     0.0423 3.5120e+02     0.3249      2.327      3.375    21.6077 0.0000e+00
