Data/DataNotYetUploadedToEDI/Raw_CTD/RawDownloads/052825_ccr50_S8188004.cnv
* Sea-Bird SBE19plus  Data File:
* FileName = C:\R\Reservoirs\Data\DataNotYetUploadedToEDI\Raw_CTD\RawDownloads\051925_bvr50_S8188_0004.hex
* Software version 2.8.0.119
* Temperature SN = 8188
* Conductivity SN = 8188
* System UpLoad Time = May 29 2025 15:49:39
* <ApplicationData>
* <Seaterm232>
# nquan = 16
# nvalues = 3600                        
# units = specified
# name 0 = depFM: Depth [fresh water, m]
# name 1 = dz/dtM: Descent Rate [m/s]
# name 2 = sbeox0Mg/L: Oxygen, SBE 43 [mg/l]
# name 3 = sbeox0PS: Oxygen, SBE 43 [% saturation]
# name 4 = specc: Specific Conductance [uS/cm]
# name 5 = c0uS/cm: Conductivity [uS/cm]
# name 6 = wetCDOM: Fluorescence, WET Labs CDOM [mg/m^3]
# name 7 = flECO-AFL: Fluorescence, WET Labs ECO-AFL/FL [mg/m^3]
# name 8 = flECO-AFL1: Fluorescence, WET Labs ECO-AFL/FL, 2 [mg/m^3]
# name 9 = flECO-AFL2: Fluorescence, WET Labs ECO-AFL/FL, 3 [mg/m^3]
# name 10 = par/sat/log: PAR/Logarithmic, Satlantic
# name 11 = turbWETntu0: Turbidity, WET Labs ECO [NTU]
# name 12 = prdM: Pressure, Strain Gauge [db]
# name 13 = prdE: Pressure, Strain Gauge [psi]
# name 14 = tv290C: Temperature [ITS-90, deg C]
# name 15 = flag:  0.000e+00
# span 0 =     -0.455,     21.954       
# span 1 =     -0.242,      0.163       
# span 2 =    -0.0431,    11.2571       
# span 3 =     -0.374,    122.119       
# span 4 =   -707.803,    152.280       
# span 5 =-491.457842, 103.920274       
# span 6 =    -4.5000,    39.4200       
# span 7 =    -0.2731,     4.2016       
# span 8 =    -2.1300,     0.7668       
# span 9 =    -2.0304,     1.9035       
# span 10 = 1.1590e-01, 7.6422e+02      
# span 11 =    -1.6993,    96.0846      
# span 12 =     -0.446,     21.529      
# span 13 =     -0.647,     31.225      
# span 14 =     9.1141,    19.3530      
# span 15 = 0.0000e+00, 0.0000e+00      
# interval = seconds: 0.25
# start_time = May 28 2025 11:03:38 [Instrument's time stamp, header]
# bad_flag = -9.990e-29
*END*
[from data line 1176]
      3.627      0.044     8.9693     97.526    109.228  96.829773    20.4300     1.7716     0.1278     0.2961 9.3768e+01     0.3854      3.557      5.159    19.3204 0.0000e+00
      3.637      0.047     8.9702     97.561    109.200  96.804819    20.4300     1.7373     0.1278     0.2961 9.4033e+01     0.5515      3.567      5.174    19.3203 0.0000e+00
      3.649      0.051     8.9742     97.563    109.158  96.767228    20.4300     1.7334     0.1278     0.2961 9.2997e+01     0.3098      3.579      5.191    19.3202 0.0000e+00
      3.662      0.056     8.9803     97.528    109.142  96.752931    20.4300     1.7601     0.1278     0.2961 9.2132e+01     0.3249      3.592      5.210    19.3201 0.0000e+00
      3.677      0.060     8.9859     97.466    109.141  96.752122    20.3400     1.7449     0.1278     0.3384 9.1693e+01     0.2947      3.607      5.231    19.3200 0.0000e+00
      3.694      0.064     8.9891     97.408    109.145  96.754594    20.3400     1.7525     0.1278     0.3384 9.0741e+01     0.2192      3.623      5.254    19.3199 0.0000e+00
      3.712      0.066     8.9892     97.375    109.170  96.774994    20.3400     1.7373     0.1278     0.3384 8.8926e+01     0.4005      3.640      5.279    19.3199 0.0000e+00
      3.730      0.066     8.9860     97.377    109.209  96.808769    20.3400     1.7449     0.1278     0.3384 8.7242e+01     0.4760      3.658      5.305    19.3198 0.0000e+00
      3.748      0.064     8.9804     97.412    109.227  96.822969    20.3400     1.7525     0.0852     0.2961 8.6807e+01     0.3703      3.675      5.331    19.3195 0.0000e+00
      3.764      0.061     8.9751     97.471    109.219  96.815384    20.3400     1.7525     0.0852     0.2961 8.5738e+01     0.3552      3.692      5.354    19.3190 0.0000e+00
      3.780      0.056     8.9722     97.540    109.193  96.791984    20.3400     1.7220     0.0852     0.2961 8.5014e+01     0.5515      3.707      5.376    19.3185 0.0000e+00
      3.793      0.050     8.9725     97.601    109.138  96.742534    20.3400     1.6953     0.0852     0.2961 8.4297e+01     0.4005      3.720      5.396    19.3180 0.0000e+00
      3.805      0.045     8.9758     97.638    109.085  96.695806    20.3400     1.7067     0.1704     0.3384 8.4425e+01     0.5364      3.732      5.412    19.3175 0.0000e+00
      3.816      0.040     8.9813     97.638    109.067  96.679301    20.3400     1.7067     0.1704     0.3384 8.4078e+01     0.4911      3.742      5.427    19.3172 0.0000e+00
      3.824      0.037     8.9876     97.606    109.071  96.682622    20.3400     1.6877     0.1704     0.3384 8.4389e+01     0.4911      3.751      5.440    19.3169 0.0000e+00
      3.833      0.034     8.9934     97.562    109.083  96.692670    20.3400     1.6800     0.1704     0.3384 8.4078e+01     0.4458      3.758      5.451    19.3167 0.0000e+00
      3.840      0.032     8.9967     97.534    109.091  96.700136    20.3400     1.7258     0.1704     0.3384 8.3604e+01     0.4156      3.766      5.463    19.3165 0.0000e+00
      3.848      0.031     8.9968     97.535    109.104  96.711006    20.3400     1.6953     0.1278     0.2961 8.3695e+01     0.5213      3.774      5.474    19.3164 0.0000e+00
      3.856      0.031     8.9938     97.566    109.121  96.726181    20.3400     1.6533     0.1278     0.2961 8.2970e+01     0.2796      3.781      5.485    19.3163 0.0000e+00
      3.864      0.031     8.9897     97.627    109.135  96.737720    20.3400     1.6152     0.1278     0.2961 8.2736e+01     0.3098      3.789      5.495    19.3162 0.0000e+00
      3.871      0.031     8.9872     97.711    109.152  96.752695    20.3400     1.6190     0.1278     0.2961 8.2880e+01     0.3098      3.796      5.506    19.3161 0.0000e+00
      3.879      0.032     8.9873     97.804    109.162  96.761112    20.3400     1.6266     0.1278     0.3807 8.2467e+01     0.2947      3.804      5.518    19.3159 0.0000e+00
      3.888      0.032     8.9902     97.887    109.156  96.755227    20.3400     1.6877     0.1278     0.3807 8.2110e+01     0.3249      3.812      5.530    19.3158 0.0000e+00
      3.896      0.032     8.9958     97.930    109.141  96.741462    20.3400     1.6953     0.1278     0.3807 8.1682e+01     0.1890      3.821      5.542    19.3157 0.0000e+00
      3.905      0.031     9.0036     97.913    109.113  96.716146    20.3400     1.6800     0.1278     0.3807 8.1187e+01     0.2041      3.829      5.554    19.3155 0.0000e+00
      3.913      0.030     9.0123     97.835    109.085  96.690512    20.3400     1.6877     0.1278     0.3807 8.0607e+01     0.2645      3.837      5.565    19.3154 0.0000e+00
      3.920      0.029     9.0199     97.719    109.075  96.681699    20.3400     1.7144     0.1278     0.3807 8.0835e+01     0.2192      3.844      5.576    19.3152 0.0000e+00
      3.927      0.028     9.0239     97.599    109.085  96.689357    20.3400     1.6991     0.1278     0.3807 8.0905e+01     0.2494      3.851      5.585    19.3150 0.0000e+00
      3.934      0.028     9.0224     97.497    109.094  96.697545    20.3400     1.6953     0.1278     0.3807 8.0449e+01     0.2796      3.858      5.595    19.3147 0.0000e+00
      3.941      0.028     9.0152     97.427    109.096  96.698456    20.3400     1.6991     0.0852     0.3807 8.0694e+01     0.2041      3.864      5.605    19.3144 0.0000e+00
      3.948      0.028     9.0047     97.392    109.098  96.700324    20.3400     1.7105     0.0852     0.3807 7.9892e+01     0.3249      3.871      5.615    19.3141 0.0000e+00
      3.955      0.029     8.9937     97.390    109.099  96.701650    20.3400     1.7449     0.0852     0.3807 7.9805e+01     0.5969      3.878      5.625    19.3139 0.0000e+00
      3.962      0.030     8.9843     97.413    109.105  96.706784    20.3400     1.7640     0.0852     0.3807 7.9511e+01     0.4458      3.886      5.636    19.3138 0.0000e+00
      3.970      0.032     8.9778     97.453    109.119  96.719093    20.3400     1.7296     0.0852     0.3807 7.9252e+01     0.5364      3.893      5.647    19.3137 0.0000e+00
      3.978      0.034     8.9746     97.503    109.133  96.731869    20.3400     1.7525     0.1278     0.4230 7.9424e+01     0.4156      3.901      5.658    19.3136 0.0000e+00
      3.987      0.036     8.9744     97.559    109.140  96.738528    20.3400     1.7601     0.1278     0.4230 7.8806e+01     0.4911      3.909      5.670    19.3136 0.0000e+00
      3.996      0.039     8.9766     97.616    109.120  96.720866    20.3400     1.7373     0.1278     0.4230 7.8430e+01     0.5213      3.919      5.683    19.3136 0.0000e+00
      4.006      0.041     8.9803     97.668    109.074  96.680166    20.3400     1.7334     0.1278     0.4230 7.7903e+01     0.5515      3.929      5.698    19.3136 0.0000e+00
      4.017      0.044     8.9848     97.709    109.049  96.657525    20.3400     1.7373     0.1278     0.3384 7.7565e+01     0.5213      3.939      5.714    19.3137 0.0000e+00
      4.029      0.046     8.9899     97.734    109.075  96.680873    20.3400     1.7449     0.1278     0.3384 7.6694e+01     0.2947      3.951      5.730    19.3137 0.0000e+00
      4.041      0.048     8.9952     97.737    109.118  96.718471    20.3400     1.7525     0.1278     0.3384 7.6196e+01     0.2645      3.963      5.747    19.3138 0.0000e+00
      4.053      0.049     9.0000     97.716    109.130  96.728398    20.3400     1.7868     0.1278     0.3384 7.5717e+01     0.2796      3.975      5.765    19.3138 0.0000e+00
      4.066      0.051     9.0038     97.672    109.119  96.717295    20.3400     1.7411     0.0852     0.4653 7.4947e+01     0.1739      3.988      5.783    19.3138 0.0000e+00
      4.079      0.052     9.0061     97.611    109.116  96.714172    20.3400     1.6877     0.0852     0.4653 7.4671e+01     0.4156      4.000      5.802    19.3137 0.0000e+00
      4.092      0.052     9.0064     97.540    109.126  96.722191    20.3400     1.6877     0.0852     0.4653 7.4105e+01     0.5364      4.013      5.821    19.3134 0.0000e+00
      4.106      0.053     9.0045     97.464    109.132  96.727506    20.3400     1.6991     0.0852     0.4653 7.3592e+01     0.4911      4.027      5.840    19.3131 0.0000e+00
      4.120      0.054     9.0005     97.390    109.121  96.717549    20.3400     1.6800     0.0852     0.4653 7.2733e+01     0.4609      4.040      5.859    19.3128 0.0000e+00
      4.133      0.055     8.9949     97.336    109.101  96.699655    20.3400     1.6800     0.1278     0.2538 7.2355e+01     0.4307      4.054      5.879    19.3126 0.0000e+00
      4.147      0.055     8.9885     97.308    109.112  96.709011    20.3400     1.6838     0.1278     0.2538 7.2057e+01     0.5213      4.067      5.899    19.3123 0.0000e+00
      4.162      0.056     8.9815     97.303    109.165  96.756107    20.3400     1.6953     0.1278     0.2538 7.1651e+01     0.6422      4.081      5.919    19.3122 0.0000e+00
      4.176      0.056     8.9747     97.319    109.225  96.809542    20.3400     1.6953     0.1278     0.2538 7.1108e+01     0.5213      4.095      5.939    19.3120 0.0000e+00
      4.190      0.056     8.9697     97.357    109.243  96.825623    20.3400     1.7220     0.1278     0.3807 7.0386e+01     0.4609      4.110      5.960    19.3119 0.0000e+00
      4.205      0.056     8.9672     97.405    109.210  96.796648    20.3400     1.7067     0.1278     0.3807 6.9564e+01     0.5515      4.124      5.981    19.3118 0.0000e+00
      4.220      0.055     8.9667     97.444    109.150  96.742864    20.3400     1.6686     0.1278     0.3807 6.8947e+01     0.4911      4.138      6.002    19.3118 0.0000e+00
      4.234      0.054     8.9682     97.460    109.097  96.695885    20.3400     1.6877     0.1278     0.3807 6.8455e+01     0.4458      4.152      6.022    19.3119 0.0000e+00
      4.248      0.053     8.9717     97.441    109.096  96.695132    20.4300     1.7067     0.1704     0.3384 6.8217e+01     0.3249      4.165      6.041    19.3119 0.0000e+00
      4.261      0.052     8.9760     97.398    109.138  96.732413    20.4300     1.6877     0.1704     0.3384 6.7951e+01     0.2494      4.178      6.060    19.3120 0.0000e+00
      4.273      0.052     8.9797     97.352    109.176  96.765719    20.4300     1.6953     0.1704     0.3384 6.7759e+01     0.2796      4.191      6.078    19.3120 0.0000e+00
      4.286      0.052     8.9812     97.313    109.190  96.777958    20.4300     1.7220     0.1704     0.3384 6.7495e+01     0.2947      4.203      6.096    19.3120 0.0000e+00
      4.299      0.053     8.9795     97.280    109.197  96.784381    20.3400     1.6495     0.1278     0.3384 6.6954e+01     0.5515      4.216      6.115    19.3119 0.0000e+00
      4.313      0.054     8.9755     97.261    109.204  96.790697    20.3400     1.6190     0.1278     0.3384 6.6144e+01     0.4911      4.230      6.135    19.3118 0.0000e+00
      4.327      0.055     8.9713     97.269    109.200  96.786602    20.3400     1.6190     0.1278     0.3384 6.5686e+01     0.5364      4.244      6.155    19.3118 0.0000e+00
      4.341      0.056     8.9677     97.309    109.178  96.767008    20.3400     1.6381     0.1278     0.3384 6.5415e+01     0.4156      4.258      6.175    19.3118 0.0000e+00
      4.356      0.057     8.9646     97.378    109.151  96.742675    20.3400     1.6381     0.1278     0.3384 6.4948e+01     0.4760      4.272      6.196    19.3118 0.0000e+00
      4.370      0.058     8.9628     97.454    109.129  96.723098    20.4300     1.6381     0.1278     0.2538 6.4037e+01     0.4307      4.286      6.216    19.3117 0.0000e+00
      4.385      0.058     8.9635     97.512    109.107  96.703057    20.4300     1.6571     0.1278     0.2538 6.3829e+01     0.4760      4.301      6.237    19.3117 0.0000e+00
      4.400      0.058     8.9673     97.539    109.084  96.681203    20.4300     1.6495     0.1278     0.2538 6.3580e+01     0.4005      4.315      6.259    19.3117 0.0000e+00
      4.415      0.058     8.9736     97.537    109.068  96.665696    20.4300     1.6381     0.1278     0.2538 6.2674e+01     0.4156      4.330      6.280    19.3115 0.0000e+00
      4.431      0.056     8.9807     97.509    109.070  96.666385    20.3400     1.6419     0.0852     0.2538 6.1607e+01     0.5364      4.345      6.302    19.3113 0.0000e+00
      4.446      0.053     8.9861     97.459    109.083  96.677462    20.3400     1.6533     0.0852     0.2538 6.1021e+01     0.4156      4.360      6.323    19.3108 0.0000e+00
      4.460      0.049     8.9887     97.386    109.087  96.679899    20.3400     1.6190     0.0852     0.2538 6.0717e+01     0.5213      4.373      6.343    19.3103 0.0000e+00
      4.472      0.045     8.9886     97.302    109.067  96.662360    20.3400     1.6381     0.0852     0.2538 6.0414e+01     0.2494      4.385      6.360    19.3097 0.0000e+00
      4.482      0.041     8.9862     97.235    109.040  96.638150    20.3400     1.6457     0.0852     0.2961 6.0612e+01     0.2343      4.395      6.375    19.3092 0.0000e+00
      4.491      0.038     8.9817     97.207    109.034  96.632782    20.3400     1.6304     0.0852     0.2961 6.0664e+01     0.1890      4.404      6.388    19.3089 0.0000e+00
      4.500      0.036     8.9750     97.211    109.059  96.654814    20.3400     1.6381     0.0852     0.2961 6.0480e+01     0.2192      4.413      6.400    19.3087 0.0000e+00
      4.508      0.035     8.9672     97.231    109.092  96.684147    20.3400     1.5618     0.0852     0.2961 6.0441e+01     0.2796      4.421      6.412    19.3087 0.0000e+00
      4.516      0.035     8.9610     97.254    109.107  96.696633    20.3400     1.5732     0.0852     0.2961 6.0165e+01     0.1890      4.429      6.424    19.3087 0.0000e+00
      4.525      0.036     8.9584     97.273    109.111  96.699599    20.3400     1.5923     0.1278     0.2538 6.0009e+01     0.3703      4.438      6.436    19.3087 0.0000e+00
      4.534      0.037     8.9588     97.296    109.116  96.703826    20.3400     1.5656     0.1278     0.2538 5.9813e+01     0.3098      4.447      6.449    19.3086 0.0000e+00
      4.544      0.039     8.9607     97.332    109.119  96.706444    20.3400     1.6381     0.1278     0.2538 5.9515e+01     0.4458      4.456      6.463    19.3084 0.0000e+00
      4.554      0.040     8.9628     97.381    109.126  96.712149    20.3400     1.6266     0.1278     0.2538 5.9257e+01     0.5817      4.466      6.477    19.3082 0.0000e+00
      4.565      0.042     8.9646     97.439    109.139  96.722461    20.3400     1.6495     0.0852     0.4653 5.8604e+01     0.4911      4.477      6.493    19.3079 0.0000e+00
      4.576      0.043     8.9668     97.513    109.146  96.728141    20.3400     1.6381     0.0852     0.4653 5.8617e+01     0.4760      4.487      6.508    19.3076 0.0000e+00
      4.587      0.045     8.9702     97.601    109.134  96.716719    20.3400     1.6343     0.0852     0.4653 5.8312e+01     0.4307      4.498      6.524    19.3075 0.0000e+00
      4.598      0.046     8.9747     97.690    109.105  96.691142    20.3400     1.6686     0.0852     0.4653 5.7870e+01     0.4156      4.510      6.540    19.3073 0.0000e+00
      4.611      0.048     8.9802     97.762    109.071  96.660574    20.3400     1.6495     0.1278     0.3807 5.7369e+01     0.5817      4.521      6.557    19.3071 0.0000e+00
      4.623      0.049     8.9870     97.802    109.056  96.646834    20.3400     1.6304     0.1278     0.3807 5.7108e+01     0.5062      4.534      6.575    19.3068 0.0000e+00
      4.636      0.050     8.9952     97.798    109.076  96.664241    20.3400     1.6266     0.1278     0.3807 5.6935e+01     0.2494      4.546      6.593    19.3065 0.0000e+00
      4.649      0.051     9.0034     97.748    109.103  96.687465    20.3400     1.6190     0.1278     0.3807 5.6602e+01     0.2645      4.559      6.612    19.3062 0.0000e+00
