Data/DataNotYetUploadedToEDI/Raw_CTD/RawDownloads/052821_fcr50_0001.cnv
* Sea-Bird SBE19plus  Data File:
* FileName = C:\DATA\052821_fcr50_0001_0001.hex
* Software version 2.8.0.119
* Temperature SN = 7809
* Conductivity SN = 7809
* System UpLoad Time = May 28 2021 13:49:52
* <ApplicationData>
* <Seaterm232>
# nquan = 16
# nvalues = 1579                        
# units = specified
# name 0 = depFM: Depth [fresh water, m]
# name 1 = dz/dtM: Descent Rate [m/s]
# name 2 = sbeox0ML/L: Oxygen, SBE 43 [ml/l]
# name 3 = sbeox0PS: Oxygen, SBE 43 [% saturation]
# name 4 = specc: Specific Conductance [uS/cm]
# name 5 = c0uS/cm: Conductivity [uS/cm]
# name 6 = flECO-AFL: Fluorescence, WET Labs ECO-AFL/FL [mg/m^3]
# name 7 = ph: pH
# name 8 = orp: Oxidation Reduction Potential [mV]
# name 9 = par/sat/log: PAR/Logarithmic, Satlantic
# name 10 = turbWETntu0: Turbidity, WET Labs ECO [NTU]
# name 11 = prdM: Pressure, Strain Gauge [db]
# name 12 = prdE: Pressure, Strain Gauge [psi]
# name 13 = tv290C: Temperature [ITS-90, deg C]
# name 14 = density00: Density [density, kg/m^3]
# name 15 = flag:  0.000e+00
# span 0 =     -0.694,      9.672       
# span 1 =     -0.229,      0.170       
# span 2 =     0.2526,    11.3949       
# span 3 =      3.104,    179.567       
# span 4 =      1.344,    142.028       
# span 5 =   1.224729,  94.113072       
# span 6 =    -2.4412,    12.1399       
# span 7 =     15.389,     16.004       
# span 8 = -1240.7455,  1068.6503       
# span 9 = 1.2352e-01, 1.6981e+03       
# span 10 =    -8.4874,   938.2844      
# span 11 =     -0.681,      9.485      
# span 12 =     -0.988,     13.757      
# span 13 =     8.1003,    24.0540      
# span 14 =   997.3028,   999.9411      
# span 15 = 0.0000e+00, 0.0000e+00      
# interval = seconds: 0.25
# start_time = May 27 2021 21:48:31 [Instrument's time stamp, header]
# bad_flag = -9.990e-29
*END*
[from data line 724]
      5.803      0.007     0.3498      4.257     39.208  26.396955     1.2913     15.995   252.3271 1.1503e+00     4.6847      5.691      8.253     8.6363   999.8522 0.0000e+00
      5.804      0.008     0.3513      4.235     39.105  26.325591     1.2758     15.996   252.1297 1.1450e+00     4.6919      5.691      8.254     8.6517   999.8512 0.0000e+00
      5.806      0.009     0.3497      4.215     39.041  26.283665     1.2513     15.996   252.3018 1.1422e+00     4.7443      5.693      8.257     8.6618   999.8505 0.0000e+00
      5.810      0.009     0.3479      4.185     39.016  26.270608     1.2247     15.995   252.4299 1.1249e+00     4.7690      5.697      8.263     8.6617   999.8506 0.0000e+00
      5.814      0.009     0.3480      4.155     39.045  26.294592     1.2023     15.994   252.3026 1.1044e+00     4.7165      5.701      8.270     8.6617   999.8505 0.0000e+00
      5.816      0.008     0.3443      4.150     39.080  26.319933     1.2084     15.994   251.6221 1.1074e+00     4.6578      5.703      8.272     8.6574   999.8508 0.0000e+00
      5.817      0.007     0.3446      4.166     39.081  26.323278     1.2794     15.993   250.4836 1.1061e+00     4.5404      5.703      8.272     8.6563   999.8509 0.0000e+00
      5.818      0.005     0.3414      4.204     39.094  26.335048     1.3840     15.993   249.7218 1.0892e+00     4.3609      5.705      8.274     8.6645   999.8503 0.0000e+00
      5.818      0.005     0.3376      4.242     39.088  26.335373     1.4236     15.992   249.4664 1.0863e+00     4.2388      5.706      8.275     8.6718   999.8498 0.0000e+00
      5.819      0.006     0.3380      4.242     39.064  26.327215     1.4150     15.992   249.1163 1.0987e+00     4.1975      5.707      8.277     8.6729   999.8498 0.0000e+00
      5.821      0.008     0.3390      4.238     39.105  26.363285     1.4036     15.992   248.6718 1.0991e+00     4.1710      5.709      8.280     8.6746   999.8497 0.0000e+00
      5.822      0.010     0.3417      4.253     39.235  26.454349     1.3724     15.992   248.3085 1.0790e+00     4.0551      5.710      8.281     8.6806   999.8493 0.0000e+00
      5.825      0.012     0.3483      4.251     39.553  26.667085     1.3526     15.993   247.6490 1.0620e+00     3.9294      5.712      8.284     8.6826   999.8491 0.0000e+00
      5.830      0.015     0.3454      4.235     40.005  26.969095     1.3550     15.994   246.6344 1.0604e+00     3.8866      5.717      8.292     8.6942   999.8483 0.0000e+00
      5.834      0.017     0.3434      4.217     40.233  27.124630     1.3070     15.994   245.8490 1.0618e+00     3.9153      5.721      8.299     8.7110   999.8472 0.0000e+00
      5.838      0.017     0.3481      4.192     40.277  27.152135     1.2104     15.993   245.2947 1.0579e+00     4.0019      5.723      8.301     8.7121   999.8471 0.0000e+00
      5.843      0.017     0.3462      4.178     40.427  27.238230     1.1584     15.993   244.8366 1.0553e+00     4.0411      5.730      8.309     8.7094   999.8474 0.0000e+00
      5.849      0.016     0.3451      4.202     40.602  27.340952     1.1558     15.993   244.5262 1.0583e+00     4.0458      5.739      8.322     8.7009   999.8484 0.0000e+00
      5.853      0.014     0.3436      4.214     40.667  27.379191     1.1979     15.993   244.2092 1.0564e+00     4.0592      5.741      8.326     8.7073   999.8479 0.0000e+00
      5.855      0.012     0.3420      4.203     40.683  27.383396     1.2765     15.994   243.8432 1.0463e+00     4.0303      5.741      8.327     8.7164   999.8472 0.0000e+00
      5.857      0.010     0.3376      4.208     40.717  27.391787     1.3141     15.995   243.4552 1.0423e+00     4.0056      5.744      8.332     8.6844   999.8497 0.0000e+00
      5.859      0.009     0.3440      4.212     40.867  27.480632     1.2998     15.995   243.0462 1.0473e+00     4.0014      5.747      8.335     8.6584   999.8516 0.0000e+00
      5.861      0.012     0.3450      4.192     41.385  27.823256     1.2663     15.995   242.6842 1.0454e+00     4.0482      5.748      8.336     8.6639   999.8511 0.0000e+00
      5.862      0.017     0.3409      4.154     42.192  28.362671     1.2236     15.995   242.2611 1.0401e+00     4.1933      5.749      8.338     8.6574   999.8516 0.0000e+00
      5.866      0.022     0.3440      4.139     42.752  28.737468     1.1848     15.995   241.3724 1.0469e+00     4.2799      5.751      8.341     8.6329   999.8533 0.0000e+00
      5.872      0.028     0.3442      4.144     43.041  28.929310     1.1678     15.995   239.1664 1.0439e+00     4.2707      5.756      8.349     8.6163   999.8545 0.0000e+00
      5.882      0.034     0.3437      4.153     43.389  29.159699     1.1523     15.996   235.0330 1.0243e+00     4.2541      5.767      8.365     8.6120   999.8550 0.0000e+00
      5.894      0.041     0.3373      4.168     43.700  29.366145     1.0445     15.996   230.3723 1.0112e+00     4.2846      5.782      8.385     8.6101   999.8556 0.0000e+00
      5.904      0.046     0.3376      4.174     43.841  29.458814     0.8669     15.997   227.0378 1.0033e+00     4.4001      5.790      8.397     8.6079   999.8560 0.0000e+00
      5.915      0.047     0.3386      4.168     43.934  29.518874     0.7595     15.997   224.9157 9.8381e-01     4.4485      5.797      8.408     8.6045   999.8563 0.0000e+00
      5.930      0.046     0.3385      4.156     44.034  29.584803     0.7283     15.996   223.1277 9.5864e-01     4.4230      5.815      8.434     8.5999   999.8569 0.0000e+00
      5.946      0.044     0.3411      4.150     44.091  29.621541     0.7173     15.996   221.4220 9.4442e-01     4.5729      5.833      8.460     8.5970   999.8572 0.0000e+00
      5.957      0.042     0.3409      4.137     44.224  29.709315     0.7132     15.996   219.8649 9.4302e-01     4.8536      5.843      8.474     8.5949   999.8574 0.0000e+00
      5.964      0.039     0.3411      4.115     44.392  29.821338     0.7069     15.996   218.1524 9.4813e-01     5.0013      5.849      8.483     8.5925   999.8576 0.0000e+00
      5.971      0.036     0.3387      4.098     44.413  29.834057     0.6893     15.996   215.8602 9.4563e-01     5.0201      5.856      8.493     8.5908   999.8579 0.0000e+00
      5.979      0.034     0.3395      4.088     44.365  29.799654     0.6523     15.996   213.1436 9.3828e-01     4.9777      5.862      8.502     8.5895   999.8580 0.0000e+00
      5.989      0.034     0.3384      4.090     44.346  29.786021     0.6227     15.996   210.2586 9.3464e-01     4.9351      5.873      8.518     8.5880   999.8582 0.0000e+00
      6.000      0.034     0.3358      4.105     44.362  29.796105     0.6272     15.996   207.3915 9.3413e-01     4.9516      5.886      8.535     8.5869   999.8585 0.0000e+00
      6.009      0.033     0.3346      4.121     44.360  29.794685     0.6302     15.995   204.8054 9.3285e-01     4.9708      5.893      8.546     8.5850   999.8586 0.0000e+00
      6.016      0.032     0.3336      4.136     44.321  29.768858     0.4863     15.994   202.5654 9.1847e-01     4.9616      5.901      8.559     8.5827   999.8588 0.0000e+00
      6.023      0.031     0.3336      4.142     44.273  29.737598     0.2231     15.994   200.6992 9.0097e-01     4.9436      5.907      8.567     8.5812   999.8589 0.0000e+00
      6.030      0.031     0.3355      4.121     44.267  29.733938     0.0897     15.995   199.1050 8.9783e-01     4.9585      5.913      8.576     8.5807   999.8590 0.0000e+00
      6.036      0.034     0.3368      4.095     44.349  29.788043     0.0844     15.995   197.6584 8.8787e-01     4.9707      5.920      8.586     8.5809   999.8590 0.0000e+00
      6.045      0.038     0.3375      4.077     44.404  29.820807     0.0830     15.995   196.1140 8.6389e-01     4.9539      5.927      8.597     8.5813   999.8590 0.0000e+00
      6.055      0.041     0.3401      4.057     44.400  29.812862     0.1017     15.996   193.4240 8.4996e-01     4.9955      5.937      8.610     8.5820   999.8590 0.0000e+00
      6.067      0.046     0.3364      4.031     44.414  29.818859     0.1582     15.996   189.4828 8.4443e-01     5.0960      5.948      8.628     8.5830   999.8589 0.0000e+00
      6.082      0.053     0.3343      4.014     44.341  29.766429     0.2032     15.995   186.0601 8.3923e-01     5.1726      5.964      8.652     8.5829   999.8590 0.0000e+00
      6.094      0.060     0.3330      4.005     44.135  29.623033     0.2161     15.995   183.7886 8.2965e-01     5.2017      5.978      8.670     8.5778   999.8595 0.0000e+00
      6.106      0.065     0.3321      3.989     43.934  29.480761     0.2002     15.995   181.8080 8.1068e-01     5.1038      5.985      8.680     8.5703   999.8601 0.0000e+00
      6.124      0.066     0.3291      3.984     43.792  29.378471     0.1628     15.995   179.6652 7.9096e-01     4.9504      6.001      8.705     8.5667   999.8604 0.0000e+00
      6.148      0.066     0.3271      3.993     43.645  29.274405     0.1458     15.995   177.2390 7.7106e-01     4.9265      6.031      8.746     8.5642   999.8606 0.0000e+00
      6.169      0.065     0.3287      4.004     43.502  29.174093     0.1470     15.995   174.6710 7.4952e-01     4.9524      6.054      8.780     8.5580   999.8611 0.0000e+00
      6.184      0.062     0.3251      4.020     43.424  29.117197     0.1112     15.996   172.3623 7.3683e-01     4.9195      6.065      8.797     8.5489   999.8617 0.0000e+00
      6.195      0.055     0.3255      4.052     43.395  29.093993     0.0371     15.997   170.4905 7.3255e-01     4.8722      6.074      8.810     8.5399   999.8623 0.0000e+00
      6.208      0.049     0.3265      4.074     43.384  29.083853     0.0044     15.997   168.9888 7.2223e-01     4.8954      6.088      8.830     8.5337   999.8628 0.0000e+00
      6.222      0.044     0.3278      4.063     43.347  29.058024     0.0116     15.997   167.5420 6.9849e-01     4.9590      6.104      8.853     8.5294   999.8631 0.0000e+00
      6.232      0.042     0.3280      4.047     43.312  29.035451    -0.0190     15.997   165.8170 6.7914e-01     4.9206      6.112      8.865     8.5248   999.8634 0.0000e+00
      6.240      0.039     0.3317      4.037     43.355  29.064678    -0.0800     15.997   164.2204 6.7819e-01     4.7753      6.118      8.874     8.5200   999.8637 0.0000e+00
      6.250      0.035     0.3352      4.023     43.398  29.094216    -0.1058     15.997   162.8654 6.7625e-01     4.6778      6.129      8.889     8.5168   999.8641 0.0000e+00
      6.261      0.031     0.3321      4.005     43.364  29.075398    -0.1019     15.997   161.2213 6.6757e-01     4.7030      6.142      8.907     8.5152   999.8642 0.0000e+00
      6.269      0.030     0.3308      3.997     43.285  29.027477    -0.1089     15.996   159.4845 6.6180e-01     4.7366      6.149      8.918     8.5170   999.8640 0.0000e+00
      6.274      0.030     0.3305      3.995     43.177  28.958885    -0.1235     15.995   157.6969 6.5709e-01     4.7075      6.153      8.924     8.5181   999.8640 0.0000e+00
      6.279      0.031     0.3297      3.988     43.057  28.880444    -0.1263     15.996   155.7827 6.5060e-01     4.6935      6.158      8.931     8.5161   999.8642 0.0000e+00
      6.285      0.032     0.3269      3.978     43.002  28.840318    -0.1139     15.996   154.0639 6.3720e-01     4.7052      6.164      8.938     8.5225   999.8638 0.0000e+00
      6.295      0.034     0.3268      3.983     43.036  28.854359    -0.0974     15.996   152.6607 6.2235e-01     4.6766      6.172      8.951     8.5303   999.8633 0.0000e+00
      6.307      0.036     0.3270      3.991     43.058  28.859888    -0.0894     15.997   151.4645 6.1806e-01     4.6229      6.185      8.971     8.5334   999.8631 0.0000e+00
      6.318      0.037     0.3264      3.972     43.044  28.843708    -0.0928     15.998   150.0978 6.2341e-01     4.6051      6.197      8.989     8.5381   999.8627 0.0000e+00
      6.327      0.039     0.3248      3.946     43.058  28.849048    -0.1007     15.998   148.5255 6.2769e-01     4.6671      6.206      9.001     8.5342   999.8630 0.0000e+00
      6.334      0.041     0.3251      3.943     43.075  28.861004    -0.1078     15.998   146.9941 6.2000e-01     4.7544      6.212      9.010     8.5212   999.8640 0.0000e+00
      6.343      0.043     0.3283      3.951     43.069  28.861394    -0.1604     15.998   145.6925 6.1286e-01     4.7339      6.218      9.018     8.5095   999.8648 0.0000e+00
      6.354      0.046     0.3252      3.957     43.049  28.853760    -0.2595     15.997   144.5754 6.1177e-01     4.6599      6.230      9.035     8.5021   999.8654 0.0000e+00
      6.369      0.051     0.3220      3.979     43.019  28.832146    -0.3146     15.997   143.4670 6.0379e-01     4.6492      6.247      9.060     8.4973   999.8658 0.0000e+00
      6.384      0.054     0.3224      3.989     42.967  28.790374    -0.3113     15.996   142.6167 5.9538e-01     4.6737      6.262      9.082     8.4955   999.8660 0.0000e+00
      6.397      0.056     0.3242      3.957     42.888  28.729319    -0.2776     15.996   142.2099 5.8121e-01     4.6462      6.272      9.096     8.5038   999.8655 0.0000e+00
      6.412      0.056     0.3226      3.924     42.800  28.664871    -0.2403     15.997   141.9039 5.5858e-01     4.5232      6.286      9.118     8.5149   999.8647 0.0000e+00
      6.428      0.057     0.3256      3.904     42.683  28.582076    -0.2328     15.998   141.3264 5.4588e-01     4.4221      6.305      9.146     8.5121   999.8650 0.0000e+00
      6.442      0.057     0.3293      3.893     42.551  28.489486    -0.2342     15.998   140.6479 5.4537e-01     4.4194      6.318      9.164     8.5004   999.8659 0.0000e+00
      6.454      0.057     0.3229      3.898     42.473  28.433506    -0.2188     15.998   139.8088 5.4031e-01     4.4560      6.328      9.177     8.4905   999.8666 0.0000e+00
      6.469      0.055     0.3213      3.908     42.352  28.349283    -0.2096     15.997   138.7522 5.2290e-01     4.4877      6.343      9.199     8.4838   999.8671 0.0000e+00
      6.487      0.055     0.3196      3.913     41.992  28.105513    -0.2274     15.997   137.9384 5.0998e-01     4.4941      6.362      9.227     8.4792   999.8674 0.0000e+00
      6.502      0.057     0.3182      3.926     41.495  27.769790    -0.2528     15.997   137.4551 5.0941e-01     4.4983      6.379      9.253     8.4747   999.8677 0.0000e+00
      6.512      0.060     0.3192      3.948     41.231  27.588730    -0.2687     15.998   137.2970 5.0906e-01     4.5731      6.387      9.264     8.4701   999.8681 0.0000e+00
      6.522      0.059     0.3202      3.929     41.299  27.629075    -0.2863     15.998   137.1458 4.9584e-01     4.6773      6.392      9.270     8.4658   999.8684 0.0000e+00
      6.540      0.055     0.3211      3.894     41.484  27.750119    -0.3035     15.998   136.2288 4.8293e-01     4.6947      6.410      9.296     8.4626   999.8686 0.0000e+00
      6.565      0.049     0.3196      3.874     41.628  27.846995    -0.3052     15.998   134.8991 4.8222e-01     4.6799      6.442      9.342     8.4604   999.8686 0.0000e+00
      6.581      0.042     0.3264      3.855     41.722  27.912303    -0.2965     15.998   133.9743 4.7430e-01     4.7043      6.461      9.371     8.4553   999.8689 0.0000e+00
      6.586      0.033     0.3224      3.854     41.803  27.968847    -0.2844     15.997   133.2209 4.6581e-01     4.7498      6.460      9.369     8.4476   999.8695 0.0000e+00
      6.587      0.022     0.3176      3.851     41.882  28.023178    -0.2928     15.997   132.6733 4.6217e-01     4.7492      6.458      9.368     8.4431   999.8699 0.0000e+00
      6.590      0.013     0.3190      3.846     41.936  28.061727    -0.3214     15.997   132.3435 4.5528e-01     4.6619      6.462      9.373     8.4447   999.8699 0.0000e+00
