Data/DataNotYetUploadedToEDI/Raw_CTD/RawDownloads/052826_ccr88_S8188002.cnv
* Sea-Bird SBE19plus  Data File:
* FileName = C:\R\Reservoirs\Data\DataNotYetUploadedToEDI\Raw_CTD\RawDownloads\062526_ccr50_S8188_0002.hex
* Software version 2.8.0.119
* Temperature SN = 8188
* Conductivity SN = 8188
* System UpLoad Time = Jun 29 2026 18:07:13
* <ApplicationData>
* <Seaterm232>
# nquan = 16
# nvalues = 3913                        
# units = specified
# name 0 = depFM: Depth [fresh water, m]
# name 1 = dz/dtM: Descent Rate [m/s]
# name 2 = sbeox0Mg/L: Oxygen, SBE 43 [mg/l]
# name 3 = sbeox0PS: Oxygen, SBE 43 [% saturation]
# name 4 = specc: Specific Conductance [uS/cm]
# name 5 = c0uS/cm: Conductivity [uS/cm]
# name 6 = wetCDOM: Fluorescence, WET Labs CDOM [mg/m^3]
# name 7 = flECO-AFL: Fluorescence, WET Labs ECO-AFL/FL [mg/m^3]
# name 8 = flECO-AFL1: Fluorescence, WET Labs ECO-AFL/FL, 2 [mg/m^3]
# name 9 = flECO-AFL2: Fluorescence, WET Labs ECO-AFL/FL, 3 [mg/m^3]
# name 10 = par/sat/log: PAR/Logarithmic, Satlantic
# name 11 = turbWETntu0: Turbidity, WET Labs ECO [NTU]
# name 12 = prdM: Pressure, Strain Gauge [db]
# name 13 = prdE: Pressure, Strain Gauge [psi]
# name 14 = tv290C: Temperature [ITS-90, deg C]
# name 15 = flag:  0.000e+00
# span 0 =     -0.454,      8.270       
# span 1 =     -0.179,      0.119       
# span 2 =     4.2548,     9.3794       
# span 3 =     50.535,    101.782       
# span 4 =   -620.152,    146.023       
# span 5 =-473.371002, 141.469118       
# span 6 =   -28.9800,    17.1000       
# span 7 =    -2.8061,   245.1492       
# span 8 =    -2.1300,    10.2666       
# span 9 =   -12.6900,     4.8222       
# span 10 = 1.0042e+01, 2.4697e+03      
# span 11 =    -1.1555,   971.0642      
# span 12 =     -0.445,      8.111      
# span 13 =     -0.646,     11.763      
# span 14 =    11.8988,    25.4172      
# span 15 = 0.0000e+00, 0.0000e+00      
# interval = seconds: 0.25
# start_time = May 28 2026 10:21:00 [Instrument's time stamp, header]
# bad_flag = -9.990e-29
*END*
[from data line 543]
      0.392      0.001     5.8800     70.392    143.793 138.514622     8.6400     0.2075     0.0852     0.0846 6.2797e+01    -0.1131      0.384      0.557    23.1564 0.0000e+00
      0.392      0.001     5.9138     70.683    143.777 138.498537     8.6400     0.2419     0.0852     0.0846 6.8858e+01    -0.1585      0.385      0.558    23.1576 0.0000e+00
      0.393      0.001     5.9498     70.858    143.765 138.485982     8.6400     0.2304     0.0852     0.0846 5.8249e+01    -0.1283      0.385      0.559    23.1585 0.0000e+00
      0.393      0.001     5.9856     70.894    143.750 138.469606     8.6400     0.2152     0.0852     0.0846 7.5356e+01    -0.0980      0.386      0.559    23.1590 0.0000e+00
      0.393      0.001     6.0176     70.774    143.733 138.449045     8.6400     0.1999     0.0852     0.0846 6.4920e+01    -0.1283      0.386      0.559    23.1590 0.0000e+00
      0.393      0.001     6.0425     70.504    143.709 138.422821     8.6400     0.2152     0.0852     0.2115 6.9534e+01    -0.0678      0.386      0.560    23.1587 0.0000e+00
      0.393      0.001     6.0576     70.119    143.689 138.399958     8.6400     0.2075     0.0852     0.2115 7.1077e+01    -0.0527      0.386      0.560    23.1584 0.0000e+00
      0.394      0.001     6.0607     69.673    143.690 138.398383     8.6400     0.2190     0.0852     0.2115 6.3621e+01    -0.1434      0.386      0.560    23.1577 0.0000e+00
      0.394      0.001     6.0505     69.227    143.715 138.421681     8.6400     0.2266     0.0852     0.2115 6.7290e+01    -0.0074      0.386      0.560    23.1565 0.0000e+00
      0.394      0.001     6.0276     68.842    143.736 138.444030     8.7300     0.2304     0.0426     0.0846 7.1635e+01     0.2494      0.387      0.561    23.1551 0.0000e+00
      0.394      0.001     5.9948     68.558    143.734 138.447365     8.7300     0.2037     0.0426     0.0846 6.3180e+01     0.2494      0.387      0.561    23.1540 0.0000e+00
      0.395      0.001     5.9568     68.413    143.715 138.436579     8.7300     0.2304     0.0426     0.0846 7.6577e+01     0.1739      0.387      0.562    23.1531 0.0000e+00
      0.395      0.001     5.9187     68.447    143.690 138.420811     8.7300     0.2037     0.0426     0.0846 6.8217e+01     0.2947      0.388      0.562    23.1529 0.0000e+00
      0.396      0.001     5.8857     68.701    143.667 138.407867     8.6400     0.1503     0.0852     0.0846 7.1278e+01    -0.0376      0.388      0.563    23.1537 0.0000e+00
      0.396      0.001     5.8613     69.203    143.641 138.390294     8.6400     0.1923     0.0852     0.0846 7.1046e+01    -0.0829      0.388      0.563    23.1555 0.0000e+00
      0.396      0.000     5.8485     69.950    143.610 138.367408     8.6400     0.1694     0.0852     0.0846 6.1768e+01    -0.1131      0.388      0.563    23.1581 0.0000e+00
      0.396      0.000     5.8511     70.902    143.590 138.353129     8.6400     0.1579     0.0852     0.0846 7.2639e+01    -0.0829      0.388      0.563    23.1611 0.0000e+00
      0.395      0.000     5.8725     71.972    143.575 138.343649     8.6400     0.2304     0.0852     0.0846 6.3856e+01    -0.1283      0.388      0.562    23.1642 0.0000e+00
      0.395      0.000     5.9150     73.031    143.559 138.332437     8.7300     0.2152     0.0426     0.1692 7.7128e+01    -0.0980      0.388      0.562    23.1669 0.0000e+00
      0.395      0.000     5.9787     73.946    143.547 138.324510     8.7300     0.2075     0.0426     0.1692 6.9368e+01    -0.0980      0.388      0.562    23.1692 0.0000e+00
      0.395      0.001     6.0598     74.632    143.540 138.321758     8.7300     0.2113     0.0426     0.1692 7.4299e+01    -0.0376      0.388      0.562    23.1710 0.0000e+00
      0.396      0.001     6.1511     75.070    143.529 138.315441     8.7300     0.2266     0.0426     0.1692 7.2276e+01    -0.0678      0.388      0.563    23.1726 0.0000e+00
      0.396      0.001     6.2414     75.292    143.511 138.301872     8.7300     0.2190     0.0426     0.1269 6.4990e+01    -0.0678      0.388      0.563    23.1740 0.0000e+00
      0.397      0.002     6.3195     75.377    143.504 138.299454     8.7300     0.2304     0.0426     0.1269 7.4899e+01    -0.1585      0.389      0.564    23.1753 0.0000e+00
      0.397      0.002     6.3779     75.427    143.518 138.317556     8.7300     0.2342     0.0426     0.1269 7.3225e+01    -0.0678      0.389      0.565    23.1767 0.0000e+00
      0.398      0.002     6.4152     75.520    143.537 138.338979     8.7300     0.2190     0.0426     0.1269 7.4931e+01    -0.1585      0.390      0.566    23.1781 0.0000e+00
      0.398      0.003     6.4340     75.678    143.538 138.341409     8.5500     0.2381     0.0426     0.1692 7.1573e+01    -0.0980      0.390      0.566    23.1796 0.0000e+00
      0.399      0.004     6.4411     75.869    143.521 138.325494     8.5500     0.2304     0.0426     0.1692 7.1216e+01    -0.1585      0.391      0.567    23.1811 0.0000e+00
      0.400      0.006     6.4452     76.028    143.506 138.311014     8.5500     0.2228     0.0426     0.1692 7.3145e+01    -0.2038      0.392      0.569    23.1825 0.0000e+00
      0.402      0.007     6.4530     76.082    143.499 138.302116     8.5500     0.2152     0.0426     0.1692 7.1604e+01    -0.1585      0.394      0.571    23.1836 0.0000e+00
      0.404      0.009     6.4664     75.971    143.497 138.298430     8.7300     0.2304     0.0426     0.0000 7.6411e+01    -0.0678      0.396      0.574    23.1842 0.0000e+00
      0.406      0.011     6.4826     75.664    143.506 138.304979     8.7300     0.2304     0.0426     0.0000 6.3676e+01    -0.0376      0.399      0.578    23.1844 0.0000e+00
      0.410      0.012     6.4962     75.174    143.525 138.321506     8.7300     0.2228     0.0426     0.0000 7.9407e+01    -0.0376      0.402      0.583    23.1842 0.0000e+00
      0.413      0.013     6.5009     74.569    143.543 138.338405     8.7300     0.2304     0.0426     0.0000 7.4412e+01    -0.1585      0.405      0.588    23.1837 0.0000e+00
      0.417      0.013     6.4916     73.930    143.539 138.336156     8.7300     0.2228     0.0426     0.0000 7.6544e+01    -0.0527      0.409      0.593    23.1830 0.0000e+00
      0.420      0.013     6.4654     73.307    143.524 138.322169     8.8200     0.2419     0.0852     0.2538 8.1665e+01    -0.0527      0.412      0.598    23.1822 0.0000e+00
      0.424      0.012     6.4236     72.714    143.514 138.312734     8.8200     0.2304     0.0852     0.2538 6.6030e+01    -0.0980      0.416      0.602    23.1817 0.0000e+00
      0.427      0.012     6.3719     72.154    143.503 138.301331     8.8200     0.2304     0.0852     0.2538 7.8600e+01    -0.1283      0.419      0.607    23.1817 0.0000e+00
      0.430      0.011     6.3173     71.631    143.493 138.288924     8.8200     0.2152     0.0852     0.2538 7.3273e+01    -0.0678      0.421      0.611    23.1820 0.0000e+00
      0.432      0.011     6.2640     71.142    143.490 138.280214     8.7300     0.2152     0.0852     0.1269 6.9519e+01    -0.1283      0.424      0.615    23.1823 0.0000e+00
      0.435      0.012     6.2133     70.685    143.486 138.268872     8.7300     0.2266     0.0852     0.1269 7.7246e+01    -0.0829      0.426      0.618    23.1825 0.0000e+00
      0.438      0.012     6.1655     70.265    143.473 138.247869     8.7300     0.2152     0.0852     0.1269 7.3368e+01    -0.0678      0.429      0.622    23.1821 0.0000e+00
      0.441      0.013     6.1209     69.896    143.463 138.229623     8.7300     0.2495     0.0852     0.1269 7.7347e+01    -0.1585      0.432      0.627    23.1810 0.0000e+00
      0.444      0.014     6.0794     69.592    143.470 138.227287     8.5500     0.2228     0.0852     0.0423 8.3513e+01    -0.0678      0.435      0.632    23.1790 0.0000e+00
      0.448      0.016     6.0407     69.354    143.478 138.226222     8.5500     0.2075     0.0852     0.0423 7.2481e+01    -0.0829      0.439      0.637    23.1764 0.0000e+00
      0.452      0.017     6.0051     69.184    143.483 138.222141     8.5500     0.2304     0.0852     0.0423 8.5645e+01    -0.1434      0.443      0.643    23.1734 0.0000e+00
      0.457      0.018     5.9739     69.077    143.494 138.223965     8.5500     0.2266     0.0852     0.0423 7.4202e+01    -0.0980      0.448      0.650    23.1703 0.0000e+00
      0.462      0.019     5.9482     69.031    143.507 138.226173     8.5500     0.2152     0.0852     0.0423 8.2074e+01    -0.1283      0.453      0.657    23.1672 0.0000e+00
      0.467      0.019     5.9283     69.052    143.522 138.229354     8.6400     0.2304     0.0426     0.1269 8.0677e+01    -0.0980      0.458      0.664    23.1642 0.0000e+00
      0.473      0.019     5.9141     69.141    143.538 138.232355     8.6400     0.2228     0.0426     0.1269 7.8908e+01    -0.1131      0.464      0.672    23.1611 0.0000e+00
      0.478      0.018     5.9053     69.293    143.542 138.221960     8.6400     0.2075     0.0426     0.1269 8.2934e+01    -0.0678      0.469      0.680    23.1579 0.0000e+00
      0.483      0.016     5.9018     69.520    143.534 138.197399     8.6400     0.2152     0.0426     0.1269 8.0712e+01    -0.0678      0.473      0.687    23.1545 0.0000e+00
      0.486      0.014     5.9040     69.862    143.532 138.178148     8.8200     0.2419     0.0852     0.0846 8.1364e+01    -0.1283      0.477      0.692    23.1507 0.0000e+00
      0.489      0.012     5.9121     70.363    143.548 138.177092     8.8200     0.2342     0.0852     0.0846 8.0940e+01    -0.0678      0.480      0.695    23.1463 0.0000e+00
      0.491      0.012     5.9257     71.022    143.572 138.185939     8.8200     0.2152     0.0852     0.0846 8.3968e+01    -0.1283      0.482      0.698    23.1412 0.0000e+00
      0.493      0.012     5.9457     71.792    143.600 138.201042     8.8200     0.2228     0.0852     0.0846 7.8891e+01    -0.0829      0.484      0.701    23.1355 0.0000e+00
      0.496      0.013     5.9756     72.619    143.633 138.222425     8.5500     0.2419     0.0852     0.0846 9.0958e+01    -0.0980      0.487      0.706    23.1295 0.0000e+00
      0.500      0.013     6.0191     73.459    143.665 138.243776     8.5500     0.2228     0.0852     0.0846 8.4756e+01    -0.0980      0.491      0.711    23.1239 0.0000e+00
      0.504      0.014     6.0760     74.260    143.697 138.264782     8.5500     0.2152     0.0852     0.0846 9.2152e+01    -0.0980      0.495      0.717    23.1190 0.0000e+00
      0.508      0.015     6.1424     74.962    143.737 138.291044     8.5500     0.2419     0.0852     0.0846 9.2815e+01    -0.0980      0.498      0.723    23.1148 0.0000e+00
      0.511      0.015     6.2136     75.516    143.778 138.317554     8.6400     0.2228     0.0852    -0.0846 8.2682e+01    -0.1585      0.502      0.727    23.1110 0.0000e+00
      0.515      0.014     6.2859     75.901    143.800 138.327353     8.6400     0.2152     0.0852    -0.0846 9.6266e+01     0.1437      0.505      0.732    23.1077 0.0000e+00
      0.518      0.013     6.3548     76.139    143.798 138.315046     8.6400     0.2113     0.0852    -0.0846 8.3097e+01     0.0832      0.509      0.738    23.1042 0.0000e+00
      0.523      0.012     6.4154     76.290    143.787 138.293368     8.6400     0.2228     0.0852    -0.0846 9.2433e+01     0.0681      0.513      0.744    23.1001 0.0000e+00
      0.526      0.011     6.4634     76.411    143.785 138.276559     8.6400     0.2037     0.0852    -0.0846 8.5440e+01     0.1286      0.516      0.749    23.0955 0.0000e+00
      0.529      0.009     6.4969     76.507    143.799 138.272148     8.8200     0.2304     0.0426     0.5076 7.8277e+01    -0.0678      0.519      0.753    23.0913 0.0000e+00
      0.530      0.007     6.5177     76.558    143.822 138.274954     8.8200     0.2228     0.0426     0.5076 9.4607e+01    -0.0980      0.520      0.755    23.0877 0.0000e+00
      0.531      0.006     6.5311     76.555    143.843 138.277717     8.8200     0.2342     0.0426     0.5076 8.1931e+01    -0.0527      0.521      0.756    23.0839 0.0000e+00
      0.532      0.006     6.5421     76.485    143.865 138.281171     8.8200     0.2381     0.0426     0.5076 9.5578e+01    -0.0678      0.522      0.757    23.0789 0.0000e+00
      0.534      0.005     6.5510     76.342    143.890 138.288240     8.5500     0.2876     0.0426     0.4653 8.9371e+01    -0.0678      0.524      0.759    23.0726 0.0000e+00
      0.536      0.005     6.5562     76.119    143.923 138.302811     8.5500     0.2762     0.0426     0.4653 8.5701e+01    -0.2038      0.525      0.762    23.0661 0.0000e+00
      0.537      0.005     6.5567     75.814    143.956 138.318756     8.5500     0.2838     0.0426     0.4653 1.1027e+02    -0.0829      0.527      0.765    23.0599 0.0000e+00
      0.539      0.004     6.5515     75.446    143.983 138.330317     8.5500     0.2876     0.0426     0.4653 8.3477e+01    -0.0678      0.529      0.767    23.0540 0.0000e+00
      0.540      0.002     6.5400     75.061    144.011 138.344581     8.7300     0.2876     0.0426     0.1269 9.3952e+01    -0.1434      0.529      0.768    23.0480 0.0000e+00
      0.540      0.001     6.5216     74.691    144.046 138.365351     8.7300     0.2724     0.0426     0.1269 8.8271e+01    -0.0074      0.530      0.768    23.0421 0.0000e+00
      0.540     -0.001     6.4961     74.358    144.075 138.382148     8.7300     0.2953     0.0426     0.1269 8.4224e+01    -0.0225      0.529      0.768    23.0365 0.0000e+00
      0.539     -0.002     6.4652     74.088    144.096 138.391442     8.7300     0.2609     0.0426     0.1269 8.8367e+01    -0.0376      0.529      0.767    23.0315 0.0000e+00
      0.539     -0.004     6.4328     73.903    144.119 138.403719     8.7300     0.2113     0.0426     0.1269 8.8907e+01    -0.1283      0.528      0.767    23.0270 0.0000e+00
      0.538     -0.006     6.4016     73.825    144.146 138.422254     8.6400     0.2419     0.0852     0.0846 8.4701e+01    -0.0074      0.528      0.765    23.0227 0.0000e+00
      0.536     -0.009     6.3735     73.856    144.172 138.439975     8.6400     0.2113     0.0852     0.0846 9.1513e+01    -0.0829      0.526      0.763    23.0187 0.0000e+00
      0.534     -0.012     6.3508     73.966    144.196 138.457603     8.6400     0.2152     0.0852     0.0846 7.9736e+01    -0.0225      0.524      0.759    23.0151 0.0000e+00
      0.531     -0.017     6.3354     74.106    144.220 138.475836     8.6400     0.2152     0.0852     0.0846 8.7090e+01     0.0681      0.520      0.755    23.0118 0.0000e+00
      0.526     -0.022     6.3290     74.232    144.231 138.483519     8.7300     0.2037     0.0852     0.1692 8.7128e+01     0.1286      0.516      0.749    23.0091 0.0000e+00
      0.521     -0.029     6.3320     74.300    144.232 138.482699     8.7300     0.2075     0.0852     0.1692 8.4756e+01     0.0983      0.510      0.740    23.0067 0.0000e+00
      0.513     -0.037     6.3416     74.273    144.222 138.473158     8.7300     0.2228     0.0852     0.1692 8.6863e+01     0.1286      0.503      0.730    23.0046 0.0000e+00
      0.503     -0.046     6.3538     74.147    144.194 138.448348     8.7300     0.2495     0.0852     0.1692 8.4701e+01    -0.1434      0.494      0.716    23.0031 0.0000e+00
      0.491     -0.057     6.3648     73.941    144.151 138.413664     8.8200     0.2419     0.0852     0.2115 8.2234e+01    -0.0678      0.482      0.698    23.0020 0.0000e+00
      0.475     -0.070     6.3707     73.686    144.112 138.389891     8.8200     0.2304     0.0852     0.2115 8.2539e+01    -0.1887      0.466      0.676    23.0014 0.0000e+00
      0.457     -0.084     6.3683     73.437    144.092 138.392711     8.8200     0.1999     0.0852     0.2115 8.3531e+01    -0.0980      0.448      0.649    23.0013 0.0000e+00
