Data/DataNotYetUploadedToEDI/Raw_CTD/RawDownloads/052826_ccr88_S8188002.cnv
* Sea-Bird SBE19plus  Data File:
* FileName = C:\R\Reservoirs\Data\DataNotYetUploadedToEDI\Raw_CTD\RawDownloads\062526_ccr50_S8188_0002.hex
* Software version 2.8.0.119
* Temperature SN = 8188
* Conductivity SN = 8188
* System UpLoad Time = Jun 29 2026 18:07:13
* <ApplicationData>
* <Seaterm232>
# nquan = 16
# nvalues = 3913                        
# units = specified
# name 0 = depFM: Depth [fresh water, m]
# name 1 = dz/dtM: Descent Rate [m/s]
# name 2 = sbeox0Mg/L: Oxygen, SBE 43 [mg/l]
# name 3 = sbeox0PS: Oxygen, SBE 43 [% saturation]
# name 4 = specc: Specific Conductance [uS/cm]
# name 5 = c0uS/cm: Conductivity [uS/cm]
# name 6 = wetCDOM: Fluorescence, WET Labs CDOM [mg/m^3]
# name 7 = flECO-AFL: Fluorescence, WET Labs ECO-AFL/FL [mg/m^3]
# name 8 = flECO-AFL1: Fluorescence, WET Labs ECO-AFL/FL, 2 [mg/m^3]
# name 9 = flECO-AFL2: Fluorescence, WET Labs ECO-AFL/FL, 3 [mg/m^3]
# name 10 = par/sat/log: PAR/Logarithmic, Satlantic
# name 11 = turbWETntu0: Turbidity, WET Labs ECO [NTU]
# name 12 = prdM: Pressure, Strain Gauge [db]
# name 13 = prdE: Pressure, Strain Gauge [psi]
# name 14 = tv290C: Temperature [ITS-90, deg C]
# name 15 = flag:  0.000e+00
# span 0 =     -0.454,      8.270       
# span 1 =     -0.179,      0.119       
# span 2 =     4.2548,     9.3794       
# span 3 =     50.535,    101.782       
# span 4 =   -620.152,    146.023       
# span 5 =-473.371002, 141.469118       
# span 6 =   -28.9800,    17.1000       
# span 7 =    -2.8061,   245.1492       
# span 8 =    -2.1300,    10.2666       
# span 9 =   -12.6900,     4.8222       
# span 10 = 1.0042e+01, 2.4697e+03      
# span 11 =    -1.1555,   971.0642      
# span 12 =     -0.445,      8.111      
# span 13 =     -0.646,     11.763      
# span 14 =    11.8988,    25.4172      
# span 15 = 0.0000e+00, 0.0000e+00      
# interval = seconds: 0.25
# start_time = May 28 2026 10:21:00 [Instrument's time stamp, header]
# bad_flag = -9.990e-29
*END*
[from data line 1628]
      2.444      0.013     8.0512     92.960    144.704 137.120837     9.8100     0.4708     0.0852     0.0846 1.0551e+02     0.3552      2.397      3.477    22.3790 0.0000e+00
      2.447      0.013     8.0580     92.911    144.717 137.131273     9.8100     0.4936     0.0852     0.0846 1.0503e+02     0.5817      2.400      3.481    22.3775 0.0000e+00
      2.451      0.013     8.0639     92.847    144.724 137.136901     9.8100     0.4708     0.0852     0.0846 1.0437e+02     0.3552      2.403      3.486    22.3762 0.0000e+00
      2.454      0.012     8.0671     92.792    144.723 137.135217     9.8100     0.4860     0.0852     0.0846 1.0390e+02     0.4156      2.406      3.490    22.3752 0.0000e+00
      2.457      0.012     8.0664     92.760    144.718 137.129777     9.8100     0.4784     0.0852     0.1269 1.0410e+02     0.3249      2.410      3.495    22.3745 0.0000e+00
      2.460      0.012     8.0622     92.781    144.709 137.119130     9.8100     0.5394     0.0852     0.1269 1.0405e+02     0.4005      2.413      3.499    22.3739 0.0000e+00
      2.463      0.013     8.0568     92.878    144.692 137.096433     9.8100     0.5432     0.0852     0.1269 1.0306e+02     0.4458      2.416      3.504    22.3735 0.0000e+00
      2.466      0.013     8.0521     93.035    144.677 137.073651     9.8100     0.5356     0.0852     0.1269 1.0306e+02     0.3552      2.419      3.508    22.3733 0.0000e+00
      2.470      0.013     8.0493     93.214    144.682 137.066729     9.8100     0.5203     0.0426     0.0846 1.0273e+02     0.4609      2.422      3.513    22.3730 0.0000e+00
      2.473      0.013     8.0512     93.383    144.707 137.077827     9.8100     0.5203     0.0426     0.0846 1.0318e+02     0.3552      2.425      3.518    22.3720 0.0000e+00
      2.477      0.012     8.0599     93.509    144.735 137.093886     9.8100     0.5051     0.0426     0.0846 1.0244e+02     0.4307      2.429      3.523    22.3699 0.0000e+00
      2.480      0.012     8.0741     93.565    144.747 137.097166     9.8100     0.5203     0.0426     0.0846 1.0297e+02     0.4760      2.432      3.527    22.3667 0.0000e+00
      2.483      0.011     8.0902     93.542    144.742 137.086540     9.8100     0.5242     0.0426     0.0846 1.0239e+02     0.3703      2.435      3.531    22.3628 0.0000e+00
      2.485      0.011     8.1056     93.444    144.720 137.059173     9.8100     0.4860     0.0426     0.1269 1.0215e+02     0.3854      2.437      3.535    22.3586 0.0000e+00
      2.487      0.010     8.1171     93.295    144.689 137.021784     9.8100     0.4593     0.0426     0.1269 1.0202e+02     0.3400      2.439      3.538    22.3549 0.0000e+00
      2.490      0.011     8.1223     93.147    144.669 136.992427     9.8100     0.4555     0.0426     0.1269 1.0180e+02     0.3249      2.442      3.541    22.3521 0.0000e+00
      2.493      0.011     8.1207     93.041    144.659 136.973284     9.8100     0.4708     0.0426     0.1269 1.0224e+02     0.3400      2.445      3.546    22.3500 0.0000e+00
      2.496      0.011     8.1125     92.952    144.653 136.959250     9.8100     0.4746     0.0852     0.1269 1.0235e+02     0.4307      2.448      3.550    22.3479 0.0000e+00
      2.499      0.011     8.1000     92.829    144.656 136.954590     9.8100     0.4822     0.0852     0.1269 1.0235e+02     0.4005      2.451      3.554    22.3449 0.0000e+00
      2.502      0.010     8.0878     92.665    144.672 136.964067     9.8100     0.4822     0.0852     0.1269 1.0300e+02     0.4458      2.454      3.559    22.3414 0.0000e+00
      2.504      0.009     8.0791     92.496    144.689 136.974191     9.8100     0.4936     0.0852     0.1269 1.0309e+02     0.4458      2.456      3.562    22.3381 0.0000e+00
      2.506      0.008     8.0717     92.357    144.693 136.973648     9.8100     0.4555     0.0852     0.0846 1.0378e+02     0.3703      2.458      3.565    22.3352 0.0000e+00
      2.508      0.007     8.0614     92.272    144.692 136.968300     9.8100     0.4517     0.0852     0.0846 1.0333e+02     0.4005      2.460      3.567    22.3328 0.0000e+00
      2.509      0.007     8.0475     92.263    144.699 136.972735     9.8100     0.4784     0.0852     0.0846 1.0302e+02     0.3703      2.461      3.569    22.3306 0.0000e+00
      2.511      0.007     8.0332     92.337    144.715 136.984133     9.8100     0.4860     0.0852     0.0846 1.0313e+02     0.3249      2.462      3.571    22.3286 0.0000e+00
      2.513      0.007     8.0213     92.481    144.718 136.983511     9.8100     0.4517     0.0852     0.1692 1.0403e+02     0.3552      2.464      3.574    22.3269 0.0000e+00
      2.515      0.007     8.0141     92.653    144.715 136.976708     9.8100     0.4593     0.0852     0.1692 1.0464e+02     0.4005      2.466      3.577    22.3257 0.0000e+00
      2.517      0.007     8.0135     92.792    144.712 136.969920     9.8100     0.4784     0.0852     0.1692 1.0469e+02     0.3552      2.469      3.580    22.3247 0.0000e+00
      2.519      0.006     8.0201     92.850    144.703 136.959333     9.8100     0.4784     0.0852     0.1692 1.0521e+02     0.4005      2.470      3.583    22.3237 0.0000e+00
      2.520      0.006     8.0328     92.831    144.694 136.950132     9.8100     0.4898     0.0852     0.1692 1.0542e+02     0.4156      2.472      3.585    22.3224 0.0000e+00
      2.522      0.006     8.0481     92.782    144.686 136.943868     9.8100     0.4669     0.0852     0.1692 1.0583e+02     0.4156      2.473      3.586    22.3209 0.0000e+00
      2.523      0.006     8.0603     92.760    144.682 136.940871     9.8100     0.4784     0.0852     0.1692 1.0542e+02     0.4307      2.474      3.588    22.3198 0.0000e+00
      2.524      0.007     8.0654     92.805    144.674 136.934337     9.8100     0.4860     0.0852     0.1692 1.0590e+02     0.3552      2.475      3.590    22.3191 0.0000e+00
      2.526      0.007     8.0638     92.917    144.661 136.922523     9.8100     0.4860     0.0852     0.1692 1.0646e+02     0.5515      2.477      3.593    22.3188 0.0000e+00
      2.528      0.008     8.0595     93.076    144.653 136.914291     9.8100     0.4936     0.0852     0.1692 1.0718e+02     0.4156      2.479      3.596    22.3189 0.0000e+00
      2.531      0.008     8.0575     93.264    144.651 136.911451     9.8100     0.4593     0.0852     0.1692 1.0757e+02     0.4911      2.482      3.599    22.3193 0.0000e+00
      2.533      0.008     8.0613     93.438    144.655 136.913244     9.8100     0.4784     0.0852     0.1692 1.0863e+02     0.4156      2.484      3.603    22.3198 0.0000e+00
      2.536      0.008     8.0711     93.539    144.653 136.910139     9.8100     0.4479     0.0852     0.1692 1.0896e+02     0.6422      2.487      3.607    22.3200 0.0000e+00
      2.538      0.008     8.0849     93.533    144.638 136.895301     9.8100     0.4708     0.0852     0.0846 1.1029e+02     0.5817      2.489      3.610    22.3198 0.0000e+00
      2.540      0.007     8.1013     93.430    144.625 136.882792     9.8100     0.4860     0.0852     0.0846 1.1003e+02     0.7177      2.491      3.613    22.3194 0.0000e+00
      2.541      0.007     8.1166     93.275    144.615 136.873279     9.8100     0.4746     0.0852     0.0846 1.1005e+02     0.5969      2.492      3.615    22.3188 0.0000e+00
      2.543      0.006     8.1254     93.112    144.602 136.862224     9.8100     0.5203     0.0852     0.0846 1.1025e+02     0.3854      2.493      3.617    22.3183 0.0000e+00
      2.544      0.006     8.1249     92.963    144.596 136.856688     9.8100     0.5356     0.0852     0.0846 1.1118e+02     0.4307      2.495      3.619    22.3180 0.0000e+00
      2.546      0.006     8.1159     92.863    144.601 136.861201     9.8100     0.5394     0.0852     0.1692 1.1186e+02     0.3552      2.496      3.621    22.3179 0.0000e+00
      2.548      0.006     8.1025     92.848    144.627 136.884975     9.8100     0.5165     0.0852     0.1692 1.1284e+02     0.3854      2.498      3.623    22.3180 0.0000e+00
      2.550      0.007     8.0883     92.934    144.659 136.914330     9.8100     0.5394     0.0852     0.1692 1.1358e+02     0.4307      2.500      3.626    22.3183 0.0000e+00
      2.551      0.007     8.0753     93.115    144.679 136.933070     9.8100     0.5280     0.0852     0.1692 1.1306e+02     0.4458      2.502      3.628    22.3184 0.0000e+00
      2.553      0.007     8.0667     93.351    144.693 136.946192     9.7200     0.5165     0.0852     0.1692 1.1402e+02     0.4156      2.503      3.631    22.3183 0.0000e+00
      2.555      0.007     8.0654     93.602    144.700 136.953191     9.7200     0.5356     0.0852     0.1692 1.1522e+02     0.3249      2.505      3.633    22.3181 0.0000e+00
      2.557      0.008     8.0729     93.851    144.696 136.949929     9.7200     0.4784     0.0852     0.1692 1.1534e+02     0.4307      2.507      3.636    22.3178 0.0000e+00
      2.558      0.008     8.0887     94.073    144.683 136.937537     9.7200     0.4631     0.0852     0.1692 1.1557e+02     0.3703      2.509      3.639    22.3176 0.0000e+00
      2.560      0.009     8.1092     94.214    144.677 136.930728     9.8100     0.4822     0.0852     0.1269 1.1610e+02     0.4458      2.511      3.641    22.3175 0.0000e+00
      2.563      0.009     8.1309     94.226    144.686 136.937697     9.8100     0.4784     0.0852     0.1269 1.1640e+02     0.3854      2.513      3.645    22.3176 0.0000e+00
      2.565      0.010     8.1525     94.119    144.693 136.942283     9.8100     0.4479     0.0852     0.1269 1.1780e+02     0.6271      2.515      3.648    22.3178 0.0000e+00
      2.568      0.010     8.1719     93.944    144.687 136.935701     9.8100     0.4936     0.0852     0.1269 1.1770e+02     0.5515      2.518      3.652    22.3178 0.0000e+00
      2.571      0.010     8.1841     93.752    144.679 136.926204     9.7200     0.4593     0.0852     0.2538 1.1865e+02     0.7026      2.521      3.656    22.3175 0.0000e+00
      2.573      0.009     8.1853     93.558    144.679 136.925275     9.7200     0.4822     0.0852     0.2538 1.1929e+02     0.6422      2.524      3.660    22.3170 0.0000e+00
      2.575      0.009     8.1760     93.367    144.685 136.930662     9.7200     0.4517     0.0852     0.2538 1.1953e+02     0.3854      2.526      3.663    22.3164 0.0000e+00
      2.577      0.009     8.1609     93.206    144.675 136.921781     9.7200     0.4555     0.0852     0.2538 1.1914e+02     0.3854      2.528      3.666    22.3158 0.0000e+00
      2.579      0.009     8.1443     93.102    144.655 136.902270     9.7200     0.4822     0.0852     0.2538 1.1958e+02     0.2796      2.530      3.668    22.3154 0.0000e+00
      2.581      0.009     8.1275     93.046    144.642 136.888946     9.7200     0.4555     0.0852     0.0846 1.2089e+02     0.3400      2.532      3.671    22.3152 0.0000e+00
      2.584      0.009     8.1109     93.000    144.637 136.882262     9.7200     0.4517     0.0852     0.0846 1.2065e+02     0.3249      2.534      3.675    22.3151 0.0000e+00
      2.586      0.009     8.0970     92.957    144.645 136.888443     9.7200     0.4860     0.0852     0.0846 1.2178e+02     0.3400      2.536      3.679    22.3151 0.0000e+00
      2.589      0.009     8.0880     92.943    144.657 136.899127     9.7200     0.4708     0.0852     0.0846 1.2189e+02     0.4156      2.539      3.682    22.3149 0.0000e+00
      2.591      0.008     8.0832     92.969    144.661 136.903148     9.7200     0.4555     0.0852     0.0846 1.2255e+02     0.4005      2.541      3.686    22.3145 0.0000e+00
      2.593      0.008     8.0793     93.009    144.669 136.911589     9.7200     0.4669     0.0852     0.0846 1.2263e+02     0.3703      2.543      3.689    22.3140 0.0000e+00
      2.595      0.008     8.0756     93.030    144.672 136.914689     9.7200     0.4708     0.0852     0.0846 1.2269e+02     0.3854      2.545      3.691    22.3135 0.0000e+00
      2.597      0.008     8.0744     93.023    144.664 136.907270     9.7200     0.4708     0.0852     0.0846 1.2245e+02     0.4458      2.546      3.693    22.3134 0.0000e+00
      2.598      0.008     8.0766     93.014    144.652 136.895360     9.7200     0.4708     0.0852     0.1692 1.2184e+02     0.4458      2.548      3.696    22.3134 0.0000e+00
      2.601      0.009     8.0801     93.024    144.625 136.867776     9.7200     0.4479     0.0852     0.1692 1.2314e+02     0.3552      2.550      3.699    22.3136 0.0000e+00
      2.603      0.009     8.0819     93.049    144.589 136.831176     9.7200     0.5013     0.0852     0.1692 1.2314e+02     0.4156      2.553      3.702    22.3137 0.0000e+00
      2.606      0.009     8.0813     93.080    144.570 136.809833     9.7200     0.4669     0.0852     0.1692 1.2392e+02     0.3854      2.555      3.706    22.3136 0.0000e+00
      2.608      0.009     8.0805     93.118    144.579 136.814071     9.7200     0.4364     0.0852     0.1692 1.2298e+02     0.4156      2.558      3.709    22.3134 0.0000e+00
      2.610      0.009     8.0815     93.166    144.596 136.825000     9.7200     0.4288     0.0426     0.1692 1.2362e+02     0.3400      2.560      3.713    22.3128 0.0000e+00
      2.612      0.008     8.0838     93.241    144.598 136.821510     9.7200     0.4708     0.0426     0.1692 1.2486e+02     0.3854      2.562      3.716    22.3119 0.0000e+00
      2.615      0.008     8.0868     93.349    144.590 136.810680     9.7200     0.4631     0.0426     0.1692 1.2274e+02     0.3552      2.564      3.719    22.3107 0.0000e+00
      2.617      0.009     8.0903     93.468    144.589 136.805636     9.7200     0.4555     0.0426     0.1692 1.2389e+02     0.3854      2.566      3.722    22.3091 0.0000e+00
      2.619      0.009     8.0947     93.571    144.592 136.805033     9.6300     0.4898     0.0852     0.0846 1.2239e+02     0.4307      2.568      3.725    22.3074 0.0000e+00
      2.621      0.009     8.1015     93.641    144.600 136.808711     9.6300     0.4593     0.0852     0.0846 1.2357e+02     0.3854      2.571      3.728    22.3058 0.0000e+00
      2.623      0.009     8.1111     93.675    144.613 136.817650     9.6300     0.4708     0.0852     0.0846 1.2430e+02     0.4005      2.573      3.731    22.3044 0.0000e+00
      2.626      0.009     8.1216     93.690    144.625 136.826225     9.6300     0.4593     0.0852     0.0846 1.2274e+02     0.4458      2.575      3.735    22.3032 0.0000e+00
      2.628      0.009     8.1307     93.707    144.627 136.824712     9.6300     0.4364     0.0852     0.1269 1.2287e+02     0.4005      2.578      3.738    22.3020 0.0000e+00
      2.630      0.009     8.1370     93.722    144.608 136.804699     9.6300     0.4631     0.0852     0.1269 1.2263e+02     0.3854      2.580      3.741    22.3007 0.0000e+00
      2.633      0.008     8.1401     93.715    144.583 136.780868     9.6300     0.4784     0.0852     0.1269 1.2269e+02     0.3703      2.582      3.744    22.2995 0.0000e+00
      2.635      0.008     8.1416     93.675    144.573 136.770888     9.6300     0.4479     0.0852     0.1269 1.2141e+02     0.4005      2.584      3.747    22.2983 0.0000e+00
      2.637      0.009     8.1433     93.606    144.579 136.776103     9.6300     0.4593     0.0426     0.1269 1.2013e+02     0.3249      2.586      3.750    22.2974 0.0000e+00
      2.639      0.009     8.1447     93.521    144.600 136.793897     9.6300     0.4860     0.0426     0.1269 1.2065e+02     0.4307      2.588      3.753    22.2968 0.0000e+00
      2.641      0.009     8.1442     93.442    144.622 136.813002     9.6300     0.4479     0.0426     0.1269 1.1935e+02     0.4458      2.590      3.757    22.2965 0.0000e+00
      2.644      0.009     8.1408     93.381    144.633 136.822495     9.6300     0.4517     0.0426     0.1269 1.1924e+02     0.3703      2.593      3.760    22.2963 0.0000e+00
