Data/DataNotYetUploadedToEDI/Raw_CTD/RawDownloads/052826_ccr10_S8188004.cnv
* Sea-Bird SBE19plus  Data File:
* FileName = C:\R\Reservoirs\Data\DataNotYetUploadedToEDI\Raw_CTD\RawDownloads\062526_ccr50_S8188_0004.hex
* Software version 2.8.0.119
* Temperature SN = 8188
* Conductivity SN = 8188
* System UpLoad Time = Jun 29 2026 18:08:03
* <ApplicationData>
* <Seaterm232>
# nquan = 16
# nvalues = 446                         
# units = specified
# name 0 = depFM: Depth [fresh water, m]
# name 1 = dz/dtM: Descent Rate [m/s]
# name 2 = sbeox0Mg/L: Oxygen, SBE 43 [mg/l]
# name 3 = sbeox0PS: Oxygen, SBE 43 [% saturation]
# name 4 = specc: Specific Conductance [uS/cm]
# name 5 = c0uS/cm: Conductivity [uS/cm]
# name 6 = wetCDOM: Fluorescence, WET Labs CDOM [mg/m^3]
# name 7 = flECO-AFL: Fluorescence, WET Labs ECO-AFL/FL [mg/m^3]
# name 8 = flECO-AFL1: Fluorescence, WET Labs ECO-AFL/FL, 2 [mg/m^3]
# name 9 = flECO-AFL2: Fluorescence, WET Labs ECO-AFL/FL, 3 [mg/m^3]
# name 10 = par/sat/log: PAR/Logarithmic, Satlantic
# name 11 = turbWETntu0: Turbidity, WET Labs ECO [NTU]
# name 12 = prdM: Pressure, Strain Gauge [db]
# name 13 = prdE: Pressure, Strain Gauge [psi]
# name 14 = tv290C: Temperature [ITS-90, deg C]
# name 15 = flag:  0.000e+00
# span 0 =     -0.473,      0.471       
# span 1 =     -0.131,      0.164       
# span 2 =     5.6187,     7.9965       
# span 3 =     67.046,     96.445       
# span 4 =   -400.965,    220.773       
# span 5 =-399.100678, 216.349465       
# span 6 =    -4.5000,    23.4000       
# span 7 =    -0.2998,    30.8057       
# span 8 =    -3.5358,     1.4910       
# span 9 =    -3.6801,     3.8493       
# span 10 = 1.1783e+02, 2.8002e+03      
# span 11 =    -1.3217,   866.7090      
# span 12 =     -0.464,      0.462      
# span 13 =     -0.673,      0.670      
# span 14 =    23.9428,    25.4089      
# span 15 = 0.0000e+00, 0.0000e+00      
# interval = seconds: 0.25
# start_time = May 28 2026 12:14:44 [Instrument's time stamp, header]
# bad_flag = -9.990e-29
*END*
     -0.396      0.080     7.4441     90.566    133.147 133.860594    -4.5000     0.3525    -2.1300    -2.0304 2.6477e+02     3.5124     -0.389     -0.564    25.2535 0.0000e+00
     -0.375      0.096     7.4441     90.586    153.207 154.011719    -4.5000     0.3525    -2.1300    -2.0304 2.5678e+02     3.4369     -0.368     -0.533    25.2560 0.0000e+00
     -0.347      0.112     7.4441     90.619    165.633 166.460284    -4.5000     0.3296    -2.1300    -2.0304 2.5639e+02     3.4369     -0.341     -0.494    25.2590 0.0000e+00
     -0.315      0.126     7.4443     90.676    173.600 174.387460    -0.0900     1.9127    -3.5358     3.8493 2.2983e+03     5.1590     -0.309     -0.448    25.2611 0.0000e+00
     -0.279      0.138     7.4450     90.774    179.000 179.684433    -0.0900     1.9356    -3.5358     3.8493 2.4409e+03     5.1439     -0.274     -0.397    25.2613 0.0000e+00
     -0.241      0.148     7.4468     90.940    182.861 183.380449    -0.0900     1.9356    -3.5358     3.8493 5.0572e+02     5.0986     -0.237     -0.343    25.2574 0.0000e+00
     -0.202      0.156     7.4508     91.209    185.481 185.792811    -0.0900     1.9356    -3.5358     3.8493 2.5482e+03     5.2647     -0.199     -0.288    25.2461 0.0000e+00
     -0.162      0.162     7.4584     91.612    186.831 186.944636    -0.0900     3.0037    -3.5358     3.8493 2.7892e+03     8.1803     -0.159     -0.230    25.2244 0.0000e+00
     -0.119      0.164     7.4712     92.146    187.237 187.215314    13.7700     2.9923     0.0000     0.4230 2.8002e+03     8.2105     -0.117     -0.170    25.1894 0.0000e+00
     -0.075      0.163     7.4915     92.772    187.262 187.202861    13.7700     2.9732     0.0000     0.4230 1.1538e+03     8.2105     -0.074     -0.107    25.1403 0.0000e+00
     -0.031      0.158     7.5218     93.431    187.180 187.182931    13.7700     2.9694     0.0000     0.4230 2.6951e+03     8.2860     -0.030     -0.043    25.0819 0.0000e+00
      0.011      0.151     7.5626     94.057    187.084 187.212427    13.7700     4.0223     0.0000     0.4230 2.4849e+02     9.8873      0.011      0.016    25.0271 0.0000e+00
      0.049      0.141     7.6118     94.601    187.018 187.293206    14.8500     4.0566     0.1278     0.5922 2.2036e+02     9.9024      0.048      0.070    24.9900 0.0000e+00
      0.083      0.130     7.6649     95.016    186.952 187.362534    14.8500     4.0108     0.1278     0.5922 2.0391e+02     9.9024      0.081      0.118    24.9795 0.0000e+00
      0.113      0.119     7.7169     95.275    186.919 187.434895    14.8500     4.0108     0.1278     0.5922 1.7693e+02     9.9175      0.111      0.161    24.9958 0.0000e+00
      0.141      0.108     7.7639     95.401    186.990 187.571733    14.8500     4.0337     0.1278     0.5922 1.7751e+02    11.7907      0.138      0.200    25.0289 0.0000e+00
      0.168      0.098     7.8032     95.428    187.162 187.771413    16.5600     4.0147     0.1704     0.7191 1.4987e+02    11.7605      0.164      0.238    25.0678 0.0000e+00
      0.192      0.089     7.8321     95.387    187.384 187.978811    16.5600     4.0299     0.1704     0.7191 1.5410e+02    11.7756      0.188      0.273    25.1041 0.0000e+00
      0.214      0.079     7.8495     95.312    187.597 188.128820    16.5600     3.9956     0.1704     0.7191 1.5088e+02    11.8814      0.209      0.304    25.1321 0.0000e+00
      0.233      0.070     7.8574     95.229    187.762 188.187180    16.5600     3.8316     0.1704     0.7191 1.4915e+02    16.5190      0.228      0.331    25.1497 0.0000e+00
      0.249      0.062     7.8586     95.158    187.903 188.203565    16.5600     3.8239     0.1704     0.7191 1.5306e+02    16.5644      0.244      0.353    25.1570 0.0000e+00
      0.262      0.054     7.8558     95.109    188.099 188.278667    16.1100     3.8544     0.1704     0.6768 1.4925e+02    16.5644      0.257      0.373    25.1529 0.0000e+00
      0.274      0.048     7.8520     95.082    188.372 188.440535    16.1100     3.8125     0.1704     0.6768 1.5639e+02    16.5492      0.269      0.390    25.1359 0.0000e+00
      0.285      0.043     7.8494     95.071    188.695 188.652053    16.1100     3.9574     0.1704     0.6768 1.4748e+02    15.6278      0.280      0.406    25.1074 0.0000e+00
      0.295      0.040     7.8483     95.076    189.053 188.881319    16.1100     3.9651     0.1704     0.6768 1.4748e+02    15.6580      0.290      0.420    25.0742 0.0000e+00
      0.305      0.039     7.8489     95.101    189.425 189.087109    15.5700     3.9536     0.2130     0.6345 1.4812e+02    15.5824      0.299      0.433    25.0421 0.0000e+00
      0.314      0.038     7.8510     95.151    189.749 189.217919    15.5700     3.9956     0.2130     0.6345 1.5389e+02    15.5824      0.308      0.446    25.0125 0.0000e+00
      0.323      0.038     7.8543     95.228    190.051 189.334708    15.5700     5.1286     0.2130     0.6345 1.5246e+02    49.9042      0.317      0.460    24.9831 0.0000e+00
      0.333      0.038     7.8596     95.322    190.426 189.560931    15.5700     5.0942     0.2130     0.6345 1.5095e+02    49.7683      0.327      0.474    24.9490 0.0000e+00
      0.344      0.036     7.8680     95.426    190.809 189.830463    15.4800     5.1095     0.1704     0.5922 1.4222e+02    49.8287      0.337      0.489    24.9053 0.0000e+00
      0.354      0.034     7.8795     95.532    191.020 189.956259    15.4800     5.1133     0.1704     0.5922 1.6882e+02    49.9345      0.347      0.504    24.8545 0.0000e+00
      0.363      0.031     7.8929     95.625    190.990 189.871505    15.4800     8.4398     0.1704     0.5922 1.5745e+02   135.9203      0.356      0.517    24.8062 0.0000e+00
      0.370      0.027     7.9064     95.698    190.817 189.680046    15.4800     8.3864     0.1704     0.5922 1.5032e+02   135.9958      0.363      0.527    24.7674 0.0000e+00
      0.376      0.023     7.9194     95.746    190.646 189.529530    15.0300     8.4016     0.1278     0.5922 1.5226e+02   136.0562      0.369      0.535    24.7380 0.0000e+00
      0.381      0.019     7.9313     95.766    190.516 189.462109    15.0300     8.4169     0.1278     0.5922 1.4993e+02   135.9354      0.374      0.542    24.7160 0.0000e+00
      0.385      0.016     7.9412     95.765    190.376 189.431707    15.0300     7.2496     0.1278     0.5922 1.4127e+02   119.3938      0.378      0.548    24.7015 0.0000e+00
      0.388      0.014     7.9480     95.757    190.215 189.414170    15.0300     7.2953     0.1278     0.5922 1.4072e+02   119.4089      0.381      0.553    24.6964 0.0000e+00
      0.392      0.012     7.9513     95.751    190.099 189.444971    15.0300     7.2610     0.1278     0.5922 1.4145e+02   119.3938      0.384      0.557    24.7013 0.0000e+00
      0.394      0.010     7.9505     95.748    190.073 189.540364    14.9400     7.2801     0.1704     0.6345 1.3576e+02   119.3334      0.387      0.561    24.7175 0.0000e+00
      0.397      0.009     7.9463     95.749    190.097 189.649524    14.9400     7.2648     0.1704     0.6345 1.3671e+02   270.4884      0.389      0.564    24.7461 0.0000e+00
      0.399      0.008     7.9402     95.754    190.092 189.705224    14.9400    17.1450     0.1704     0.6345 1.3659e+02   361.2780      0.391      0.567    24.7837 0.0000e+00
      0.400      0.007     7.9340     95.762    190.019 189.684183    14.9400    17.1679     0.1704     0.6345 1.3826e+02   361.3687      0.393      0.570    24.8222 0.0000e+00
      0.402      0.006     7.9291     95.768    189.899 189.614910    14.7600    17.1527     0.1704     0.6345 1.3811e+02   361.2780      0.394      0.572    24.8540 0.0000e+00
      0.403      0.005     7.9258     95.774    189.766 189.533126    14.7600    17.1679     0.1704     0.6345 1.3420e+02   361.3989      0.395      0.573    24.8764 0.0000e+00
      0.404      0.005     7.9240     95.782    189.652 189.465197    14.7600    14.5815     0.1704     0.6345 1.3447e+02   347.6067      0.397      0.575    24.8924 0.0000e+00
      0.405      0.004     7.9226     95.794    189.577 189.429136    14.7600    14.5472     0.1704     0.6345 1.3198e+02   347.7427      0.398      0.576    24.9059 0.0000e+00
      0.406      0.004     7.9211     95.806    189.541 189.423357    14.6700    14.5586     0.1704     0.6345 1.3198e+02   347.7427      0.399      0.578    24.9193 0.0000e+00
      0.407      0.003     7.9197     95.818    189.533 189.438292    14.6700    14.5510     0.1704     0.6345 1.3235e+02   347.7729      0.400      0.579    24.9327 0.0000e+00
      0.408      0.003     7.9186     95.827    189.549 189.469896    14.6700    11.8082     0.1704     0.6345 1.2942e+02   405.2377      0.400      0.581    24.9448 0.0000e+00
      0.408      0.003     7.9180     95.831    189.581 189.510543    14.6700    11.8616     0.1704     0.6345 1.2894e+02   405.3284      0.401      0.582    24.9549 0.0000e+00
      0.409      0.003     7.9179     95.834    189.614 189.546985    14.6700    11.8349     0.1704     0.6345 1.3485e+02   405.2528      0.402      0.582    24.9631 0.0000e+00
      0.410      0.003     7.9180     95.839    189.639 189.572885    14.8500    11.8235     0.1278     0.6345 1.2808e+02   405.2226      0.402      0.583    24.9691 0.0000e+00
      0.410      0.003     7.9182     95.843    189.657 189.591134    14.8500    13.2502     0.1278     0.6345 1.2833e+02   509.6685      0.403      0.584    24.9732 0.0000e+00
      0.411      0.003     7.9181     95.846    189.677 189.610612    14.8500    13.2044     0.1278     0.6345 1.3138e+02   509.7289      0.404      0.585    24.9755 0.0000e+00
      0.412      0.004     7.9182     95.854    189.710 189.644542    14.8500    13.2120     0.1278     0.6345 1.3141e+02   509.7289      0.405      0.587    24.9765 0.0000e+00
      0.414      0.004     7.9186     95.866    189.763 189.697959    15.3000    13.2044     0.1278     0.6345 1.2758e+02   509.7138      0.406      0.588    24.9767 0.0000e+00
      0.415      0.004     7.9189     95.881    189.822 189.757007    15.3000    10.7210     0.1278     0.6345 1.2797e+02   446.0855      0.407      0.590    24.9767 0.0000e+00
      0.416      0.004     7.9192     95.896    189.862 189.795284    15.3000    10.7248     0.1278     0.6345 1.2973e+02   446.0402      0.408      0.591    24.9767 0.0000e+00
      0.417      0.004     7.9198     95.907    189.878 189.808947    15.3000    10.7324     0.1278     0.6345 1.3072e+02   445.9949      0.409      0.593    24.9769 0.0000e+00
      0.418      0.004     7.9208     95.915    189.899 189.827731    15.8400    10.7248     0.1704     0.6345 1.2951e+02   446.0402      0.409      0.594    24.9770 0.0000e+00
      0.419      0.004     7.9220     95.921    189.931 189.858652    15.8400    12.0028     0.1704     0.6345 1.2939e+02   626.0938      0.410      0.596    24.9768 0.0000e+00
      0.420      0.004     7.9233     95.927    189.950 189.875837    15.8400    11.9951     0.1704     0.6345 1.2984e+02   626.0636      0.412      0.597    24.9764 0.0000e+00
      0.421      0.004     7.9244     95.934    189.940 189.863795    15.8400    12.0180     0.1704     0.6345 1.3310e+02   626.1089      0.413      0.599    24.9758 0.0000e+00
      0.422      0.005     7.9251     95.943    189.908 189.831358    15.8400    12.0371     0.1704     0.6345 1.3252e+02   626.1542      0.414      0.600    24.9753 0.0000e+00
      0.423      0.005     7.9256     95.956    189.878 189.801989    15.8400    12.5330     0.1278     0.6768 1.3227e+02   629.7042      0.415      0.602    24.9748 0.0000e+00
      0.424      0.005     7.9262     95.971    189.868 189.793951    15.8400    12.5368     0.1278     0.6768 1.3470e+02   629.7948      0.416      0.604    24.9744 0.0000e+00
      0.426      0.005     7.9268     95.986    189.882 189.809113    15.8400    12.5330     0.1278     0.6768 1.3161e+02   629.7344      0.417      0.606    24.9740 0.0000e+00
      0.427      0.006     7.9276     95.999    189.911 189.839476    15.8400    12.5254     0.1278     0.6768 1.3418e+02   629.7042      0.419      0.608    24.9739 0.0000e+00
      0.428      0.006     7.9287     96.013    189.956 189.885109    16.5600    11.7167     0.1278     0.7191 1.3644e+02   666.6545      0.420      0.610    24.9740 0.0000e+00
      0.430      0.006     7.9299     96.029    190.007 189.936102    16.5600    11.6938     0.1278     0.7191 1.3316e+02   666.6545      0.421      0.612    24.9744 0.0000e+00
      0.431      0.006     7.9311     96.044    190.034 189.961898    16.5600    11.6976     0.1278     0.7191 1.3582e+02   666.6999      0.423      0.614    24.9748 0.0000e+00
      0.433      0.006     7.9321     96.057    190.028 189.955324    16.5600    11.6938     0.1278     0.7191 1.3470e+02   666.5639      0.424      0.616    24.9751 0.0000e+00
      0.435      0.007     7.9332     96.069    190.023 189.948750    17.4600    12.4224     0.1704     0.8460 1.3400e+02   745.9935      0.426      0.618    24.9753 0.0000e+00
      0.437      0.007     7.9346     96.084    190.043 189.968521    17.4600    12.4148     0.1704     0.8460 1.3264e+02   745.8122      0.428      0.621    24.9752 0.0000e+00
      0.439      0.007     7.9358     96.103    190.070 189.995823    17.4600    12.4529     0.1704     0.8460 1.2813e+02   745.9180      0.430      0.624    24.9750 0.0000e+00
      0.441      0.007     7.9369     96.128    190.081 190.005824    17.4600    12.4262     0.1704     0.8460 1.2489e+02   745.7518      0.432      0.627    24.9748 0.0000e+00
      0.442      0.007     7.9380     96.157    190.080 190.005206    18.0900    17.9080     0.2130     0.7614 1.2761e+02   747.5797      0.434      0.629    24.9746 0.0000e+00
      0.444      0.006     7.9392     96.184    190.085 190.009859    18.0900    17.9118     0.2130     0.7614 1.3307e+02   747.6401      0.436      0.632    24.9745 0.0000e+00
      0.446      0.005     7.9408     96.204    190.096 190.021026    18.0900    17.9156     0.2130     0.7614 1.3356e+02   747.6099      0.437      0.634    24.9744 0.0000e+00
      0.447      0.004     7.9428     96.219    190.104 190.029641    18.0900    17.9156     0.2130     0.7614 1.3351e+02   747.4891      0.438      0.636    24.9743 0.0000e+00
      0.448      0.004     7.9452     96.230    190.110 190.035995    18.0900    22.2797     0.2130     0.7614 1.3426e+02   743.4556      0.439      0.637    24.9743 0.0000e+00
      0.449      0.003     7.9475     96.235    190.126 190.051817    17.5500    22.2759     0.2130     0.7614 1.4047e+02   743.4556      0.440      0.638    24.9743 0.0000e+00
      0.450      0.003     7.9491     96.231    190.149 190.075304    17.5500    22.2568     0.2130     0.7614 1.4538e+02   743.3801      0.441      0.639    24.9743 0.0000e+00
      0.450      0.003     7.9503     96.223    190.164 190.090643    17.5500    22.2568     0.2130     0.7614 1.4269e+02   743.5161      0.441      0.640    24.9744 0.0000e+00
      0.451      0.003     7.9512     96.215    190.169 190.095902    17.5500    24.2558     0.2130     0.7614 1.4614e+02   720.7507      0.442      0.641    24.9745 0.0000e+00
      0.451      0.003     7.9516     96.211    190.166 190.092484    18.0000    24.2214     0.2130     0.9306 1.4786e+02   720.8866      0.442      0.642    24.9746 0.0000e+00
      0.452      0.003     7.9513     96.212    190.157 190.083491    18.0000    24.2634     0.2130     0.9306 1.5473e+02   720.8715      0.443      0.643    24.9746 0.0000e+00
      0.453      0.003     7.9506     96.215    190.156 190.082582    18.0000    24.2405     0.2130     0.9306 1.5520e+02   720.8866      0.444      0.644    24.9747 0.0000e+00
      0.454      0.003     7.9499     96.220    190.166 190.093529    18.0000    27.0405     0.2130     0.9306 1.5882e+02   664.4339      0.445      0.645    24.9747 0.0000e+00
      0.455      0.003     7.9496     96.224    190.192 190.119252    18.0000    27.0634     0.2130     0.7614 1.6634e+02   664.2979      0.446      0.646    24.9747 0.0000e+00
